{
"lowlevel": {
    "average_loudness": 0.45630338788,
    "barkbands_crest": {
        "dmean": 1.58141279221,
        "dmean2": 2.35361742973,
        "dvar": 3.12576270103,
        "dvar2": 7.09768104553,
        "max": 26.5668430328,
        "mean": 15.5610761642,
        "median": 15.6635990143,
        "min": 4.22306394577,
        "var": 26.2989940643
    },
    "barkbands_flatness_db": {
        "dmean": 0.0220979284495,
        "dmean2": 0.0358829051256,
        "dvar": 0.000444535224233,
        "dvar2": 0.00114250695333,
        "max": 0.71886074543,
        "mean": 0.472147375345,
        "median": 0.487244486809,
        "min": 0.212773501873,
        "var": 0.0110490098596
    },
    "barkbands_kurtosis": {
        "dmean": 4.64143800735,
        "dmean2": 7.06587171555,
        "dvar": 79.4528503418,
        "dvar2": 166.570236206,
        "max": 253.80859375,
        "mean": 11.7622823715,
        "median": 5.13939666748,
        "min": -1.74395692348,
        "var": 333.278381348
    },
    "barkbands_skewness": {
        "dmean": 0.524508357048,
        "dmean2": 0.773034155369,
        "dvar": 0.324386537075,
        "dvar2": 0.688315570354,
        "max": 11.0549077988,
        "mean": 1.86854851246,
        "median": 1.55783939362,
        "min": -2.48684239388,
        "var": 2.91847920418
    },
    "barkbands_spread": {
        "dmean": 0.779803276062,
        "dmean2": 1.16720533371,
        "dvar": 1.12882268429,
        "dvar2": 2.47833228111,
        "max": 17.839132309,
        "mean": 3.32677435875,
        "median": 2.50152349472,
        "min": 0.110883437097,
        "var": 7.28286218643
    },
    "dissonance": {
        "dmean": 0.0576349310577,
        "dmean2": 0.09798733145,
        "dvar": 0.00247610732913,
        "dvar2": 0.00684511149302,
        "max": 0.499561309814,
        "mean": 0.338639944792,
        "median": 0.345129072666,
        "min": 0.0620104111731,
        "var": 0.00670882174745
    },
    "dynamic_complexity": 2.85901427269,
    "erbbands_crest": {
        "dmean": 2.57163214684,
        "dmean2": 4.17666625977,
        "dvar": 5.84031248093,
        "dvar2": 14.5597934723,
        "max": 32.0343704224,
        "mean": 14.6253614426,
        "median": 14.187836647,
        "min": 4.84594392776,
        "var": 23.2902812958
    },
    "erbbands_flatness_db": {
        "dmean": 0.0155016612262,
        "dmean2": 0.0247120503336,
        "dvar": 0.000200875903829,
        "dvar2": 0.000516569183674,
        "max": 0.605575919151,
        "mean": 0.414237648249,
        "median": 0.426350146532,
        "min": 0.178230553865,
        "var": 0.00713164312765
    },
    "erbbands_kurtosis": {
        "dmean": 2.16714024544,
        "dmean2": 3.37457919121,
        "dvar": 11.5615034103,
        "dvar2": 25.5548324585,
        "max": 102.598205566,
        "mean": 3.60416698456,
        "median": 1.19082546234,
        "min": -1.89445674419,
        "var": 48.6733016968
    },
    "erbbands_skewness": {
        "dmean": 0.487409055233,
        "dmean2": 0.737586855888,
        "dvar": 0.205247536302,
        "dvar2": 0.45584410429,
        "max": 8.71268177032,
        "mean": 0.939652681351,
        "median": 0.785398960114,
        "min": -3.15056157112,
        "var": 1.62691235542
    },
    "erbbands_spread": {
        "dmean": 2.43034029007,
        "dmean2": 3.79497337341,
        "dvar": 7.27773237228,
        "dvar2": 17.3501205444,
        "max": 38.689250946,
        "mean": 11.1814622879,
        "median": 9.69005489349,
        "min": 0.638994455338,
        "var": 56.6942825317
    },
    "hfc": {
        "dmean": 2.03017139435,
        "dmean2": 3.00973081589,
        "dvar": 8.41415023804,
        "dvar2": 17.3171977997,
        "max": 77.4466323853,
        "mean": 10.1499185562,
        "median": 7.85189151764,
        "min": 8.47845003591e-05,
        "var": 60.9825668335
    },
    "melbands_crest": {
        "dmean": 1.84313166142,
        "dmean2": 2.70333695412,
        "dvar": 4.640188694,
        "dvar2": 9.14590167999,
        "max": 34.3097991943,
        "mean": 18.8647727966,
        "median": 18.3164672852,
        "min": 6.14745855331,
        "var": 35.7772140503
    },
    "melbands_flatness_db": {
        "dmean": 0.0222076829523,
        "dmean2": 0.0354736670852,
        "dvar": 0.000540894398,
        "dvar2": 0.00136398593895,
        "max": 0.863037109375,
        "mean": 0.592699706554,
        "median": 0.613302350044,
        "min": 0.32880461216,
        "var": 0.0152080617845
    },
    "melbands_kurtosis": {
        "dmean": 4.53627538681,
        "dmean2": 6.87581443787,
        "dvar": 46.0000648499,
        "dvar2": 93.212387085,
        "max": 119.29826355,
        "mean": 14.107503891,
        "median": 7.55445289612,
        "min": -1.69710123539,
        "var": 298.858001709
    },
    "melbands_skewness": {
        "dmean": 0.499421685934,
        "dmean2": 0.750650525093,
        "dvar": 0.24860624969,
        "dvar2": 0.543048858643,
        "max": 7.85426139832,
        "mean": 2.30103421211,
        "median": 1.99027371407,
        "min": -1.56871163845,
        "var": 2.77184009552
    },
    "melbands_spread": {
        "dmean": 1.02187073231,
        "dmean2": 1.54260289669,
        "dvar": 2.25453734398,
        "dvar2": 5.13599634171,
        "max": 28.7389297485,
        "mean": 4.08993959427,
        "median": 3.00246334076,
        "min": 0.38309904933,
        "var": 11.0969963074
    },
    "pitch_salience": {
        "dmean": 0.0516039319336,
        "dmean2": 0.0789243429899,
        "dvar": 0.00254937214777,
        "dvar2": 0.00566055858508,
        "max": 0.773883998394,
        "mean": 0.466945499182,
        "median": 0.479258924723,
        "min": 0.0814756602049,
        "var": 0.0181904193014
    },
    "silence_rate_20dB": {
        "dmean": 0,
        "dmean2": 0,
        "dvar": 0,
        "dvar2": 0,
        "max": 1,
        "mean": 1,
        "median": 1,
        "min": 1,
        "var": 0
    },
    "silence_rate_30dB": {
        "dmean": 0.0178018584847,
        "dmean2": 0.0356175005436,
        "dvar": 0.0174846928567,
        "dvar2": 0.0382200479507,
        "max": 1,
        "mean": 0.93578338623,
        "median": 1,
        "min": 0,
        "var": 0.0600911937654
    },
    "silence_rate_60dB": {
        "dmean": 0.00232198135927,
        "dmean2": 0.00464576063678,
        "dvar": 0.00231657107361,
        "dvar2": 0.00539852771908,
        "max": 1,
        "mean": 0.00967117957771,
        "median": 0,
        "min": 0,
        "var": 0.00957757700235
    },
    "spectral_centroid": {
        "dmean": 27.3935756683,
        "dmean2": 40.7739944458,
        "dvar": 1209.52587891,
        "dvar2": 2678.140625,
        "max": 823.134033203,
        "mean": 322.790679932,
        "median": 311.09588623,
        "min": 115.220214844,
        "var": 8321.53222656
    },
    "spectral_complexity": {
        "dmean": 1.06811141968,
        "dmean2": 1.82810688019,
        "dvar": 0.941954910755,
        "dvar2": 2.32507896423,
        "max": 17,
        "mean": 7.47272729874,
        "median": 7,
        "min": 0,
        "var": 10.5679988861
    },
    "spectral_decrease": {
        "dmean": 1.75582304252e-09,
        "dmean2": 2.44970577157e-09,
        "dvar": 5.73752118406e-18,
        "dvar2": 1.08902744787e-17,
        "max": -7.97025274013e-14,
        "mean": -1.09115907421e-08,
        "median": -8.40565128613e-09,
        "min": -6.39483133114e-08,
        "var": 8.63826632748e-17
    },
    "spectral_energy": {
        "dmean": 0.00679226312786,
        "dmean2": 0.00949201639742,
        "dvar": 8.5642466729e-05,
        "dvar2": 0.00016309019702,
        "max": 0.244096711278,
        "mean": 0.0421035289764,
        "median": 0.0325208380818,
        "min": 3.08505917701e-07,
        "var": 0.00127259339206
    },
    "spectral_energyband_high": {
        "dmean": 1.56752423663e-06,
        "dmean2": 2.37966060013e-06,
        "dvar": 2.51208331914e-10,
        "dvar2": 4.85082085611e-10,
        "max": 0.000842439592816,
        "mean": 4.73115051136e-06,
        "median": 1.52107695328e-08,
        "min": 2.77457112841e-10,
        "var": 1.02656694256e-09
    },
    "spectral_energyband_low": {
        "dmean": 0.002640244551,
        "dmean2": 0.00311523489654,
        "dvar": 3.62137361662e-05,
        "dvar2": 5.42404050066e-05,
        "max": 0.221527352929,
        "mean": 0.0180363208055,
        "median": 0.00371510325931,
        "min": 1.53181520801e-08,
        "var": 0.000901974737644
    },
    "spectral_energyband_middle_high": {
        "dmean": 0.000661538331769,
        "dmean2": 0.00102699291892,
        "dvar": 1.3721077039e-06,
        "dvar2": 3.13728401125e-06,
        "max": 0.0183454137295,
        "mean": 0.00139176822267,
        "median": 0.000521831796505,
        "min": 2.94645280396e-10,
        "var": 4.25785447078e-06
    },
    "spectral_energyband_middle_low": {
        "dmean": 0.00518421037123,
        "dmean2": 0.00762571068481,
        "dvar": 5.14165039931e-05,
        "dvar2": 0.000111765366455,
        "max": 0.169899985194,
        "mean": 0.0236208122224,
        "median": 0.0217124484479,
        "min": 3.03668258539e-07,
        "var": 0.000285093701677
    },
    "spectral_entropy": {
        "dmean": 0.112529106438,
        "dmean2": 0.177442237735,
        "dvar": 0.0162227470428,
        "dvar2": 0.0362989082932,
        "max": 6.59798002243,
        "mean": 4.9856505394,
        "median": 4.97341680527,
        "min": 3.54448866844,
        "var": 0.387242853642
    },
    "spectral_flux": {
        "dmean": 0.018799263984,
        "dmean2": 0.0313246399164,
        "dvar": 0.000697035517078,
        "dvar2": 0.00176087510772,
        "max": 0.316279530525,
        "mean": 0.0493024326861,
        "median": 0.038382511586,
        "min": 0.00109183997847,
        "var": 0.00108435365837
    },
    "spectral_kurtosis": {
        "dmean": 68.8075408936,
        "dmean2": 119.443855286,
        "dvar": 7752.68359375,
        "dvar2": 22362.8359375,
        "max": 891.390991211,
        "mean": 203.541030884,
        "median": 172.196166992,
        "min": 10.4528017044,
        "var": 23000.9863281
    },
    "spectral_rms": {
        "dmean": 0.000533104815986,
        "dmean2": 0.000744003977161,
        "dvar": 4.09449853578e-07,
        "dvar2": 7.70969677433e-07,
        "max": 0.0154318865389,
        "mean": 0.00589503813535,
        "median": 0.00563272973523,
        "min": 1.73488151631e-05,
        "var": 6.32506453258e-06
    },
    "spectral_rolloff": {
        "dmean": 60.1325263977,
        "dmean2": 105.006034851,
        "dvar": 16958.90625,
        "dvar2": 40840.7304688,
        "max": 1571.92382812,
        "mean": 373.060638428,
        "median": 344.53125,
        "min": 107.666015625,
        "var": 36747.9296875
    },
    "spectral_skewness": {
        "dmean": 1.91151809692,
        "dmean2": 3.27799296379,
        "dvar": 3.48063802719,
        "dvar2": 9.72333240509,
        "max": 25.5046310425,
        "mean": 10.5073413849,
        "median": 10.0156488419,
        "min": 2.19545269012,
        "var": 21.4467506409
    },
    "spectral_spread": {
        "dmean": 276038.03125,
        "dmean2": 469041.40625,
        "dvar": 73947676672,
        "dvar2": 171392155648,
        "max": 9143927,
        "mean": 818208.3125,
        "median": 740899.6875,
        "min": 94940.8984375,
        "var": 230582845440
    },
    "spectral_strongpeak": {
        "dmean": 0.265756100416,
        "dmean2": 0.433812141418,
        "dvar": 0.189901441336,
        "dvar2": 0.457835823298,
        "max": 7.59188175201,
        "mean": 1.0164026022,
        "median": 0.846718907356,
        "min": 0.00130796513986,
        "var": 0.463312476873
    },
    "zerocrossingrate": {
        "dmean": 0.00152890232857,
        "dmean2": 0.00194253900554,
        "dvar": 2.85312103188e-06,
        "dvar2": 3.94825156036e-06,
        "max": 0.0400390625,
        "mean": 0.0135683631524,
        "median": 0.01318359375,
        "min": 0.00390625,
        "var": 2.69604897767e-05
    },
    "barkbands": {
        "dmean": [1.9291515855e-05, 0.00172361219302, 0.000982955796644, 0.000821473251563, 0.00274830358103, 0.00211941357702, 0.00104013818782, 0.000722963945009, 0.000447349651949, 0.000476189015899, 0.000217187189264, 5.37379746675e-05, 6.51564259897e-05, 5.27221236553e-05, 1.53352618781e-06, 2.12467648453e-06, 8.90830415301e-06, 5.23514700035e-06, 1.42255714763e-06, 1.67296974496e-07, 4.52844659549e-07, 2.52500228726e-07, 8.08433355814e-08, 1.05921503746e-06, 1.91362076407e-07, 8.93242757538e-10, 9.0220336757e-10],
        "dmean2": [3.06933761749e-05, 0.00190946296789, 0.00135242310353, 0.00104412657674, 0.00389767577872, 0.0034785871394, 0.00136066263076, 0.00099876394961, 0.000715885544196, 0.000752695545088, 0.000324633903801, 8.41653163661e-05, 9.73392161541e-05, 8.29032796901e-05, 2.33483456213e-06, 3.31754586114e-06, 1.30195721795e-05, 7.03404020896e-06, 2.15712520912e-06, 2.62725194489e-07, 8.12257781035e-07, 3.93041347024e-07, 1.27762035618e-07, 1.63520815022e-06, 2.91843974765e-07, 1.56921597938e-09, 1.59037294445e-09],
        "dvar": [6.94931401313e-09, 2.12675386138e-05, 5.12820997756e-06, 3.22896971738e-06, 2.07450957532e-05, 1.54071003635e-05, 4.97054088555e-06, 6.46645003144e-06, 1.92296442947e-06, 1.08870983695e-06, 4.05595073971e-07, 2.3336516719e-08, 4.37422720267e-08, 4.45927135218e-08, 4.72755445902e-11, 5.79070055795e-11, 1.38982492182e-09, 6.78011258248e-10, 2.71210866265e-11, 2.98932075924e-13, 5.44556500587e-12, 1.14440889491e-12, 1.55893188441e-13, 1.70090996843e-10, 5.99042126667e-12, 2.15715468864e-18, 2.21478001922e-18],
        "dvar2": [1.32224613481e-08, 3.2608404581e-05, 9.83169138635e-06, 5.51963421458e-06, 4.24618774559e-05, 3.9550686779e-05, 7.78234243626e-06, 1.19381820696e-05, 4.70935492558e-06, 2.62321759692e-06, 7.6046023878e-07, 4.21878318946e-08, 8.03830175755e-08, 9.59885255725e-08, 9.68152572001e-11, 1.14865859879e-10, 2.59229926414e-09, 1.00733466013e-09, 6.13437217689e-11, 7.16142965242e-13, 1.68675646367e-11, 2.60064951345e-12, 3.09203617571e-13, 3.4681185701e-10, 1.03740271581e-11, 6.04642764792e-18, 6.36769136294e-18],
        "max": [0.00441847741604, 0.175385296345, 0.0512589029968, 0.0366543829441, 0.0656530559063, 0.0554231256247, 0.0428628586233, 0.099264010787, 0.0284286774695, 0.0237617548555, 0.0149423992261, 0.00532224122435, 0.00486202863976, 0.00465698679909, 0.000143172030221, 0.000226799005759, 0.00108729652129, 0.0010465105297, 0.000111334826215, 1.40351403388e-05, 4.46832309535e-05, 3.32577546942e-05, 1.93377927644e-05, 0.000662703707349, 0.000126648301375, 2.35953105943e-08, 1.92485760664e-08],
        "mean": [0.00014220191224, 0.0119531620294, 0.00508264452219, 0.00311833643354, 0.0108663691208, 0.00509575428441, 0.00215307925828, 0.00143476342782, 0.000773468986154, 0.000781431328505, 0.000383987819077, 8.25133611215e-05, 0.000112093970529, 8.14403392724e-05, 2.56658790931e-06, 3.98748716179e-06, 1.51867579916e-05, 1.30630442072e-05, 2.50232142207e-06, 3.77701582011e-07, 6.34131708921e-07, 4.76960735796e-07, 2.06576473261e-07, 2.86548470285e-06, 4.18971893623e-07, 9.43476408111e-10, 8.52474313362e-10],
        "median": [1.08203801119e-06, 0.000888873590156, 0.000729615683667, 0.000879779225215, 0.00701976381242, 0.00198675040156, 0.000258203712292, 6.61098019918e-05, 2.24432333198e-05, 0.000111325323815, 4.73420586786e-05, 1.71181363839e-05, 1.10621122076e-05, 3.78079153052e-06, 1.54265379138e-07, 2.60573358446e-07, 3.38363520314e-07, 3.49683716649e-07, 3.68677071094e-08, 7.56738849361e-09, 2.46315390307e-09, 1.84446458107e-09, 1.2754197698e-09, 1.16597154154e-09, 9.35669874913e-10, 3.60209501116e-10, 3.63263114034e-10],
        "min": [1.60404328708e-12, 5.93124049875e-10, 3.66546570874e-09, 2.25396128428e-08, 8.85100632786e-08, 8.14043161768e-08, 4.28610230641e-10, 8.85859996469e-11, 1.15520154206e-11, 1.31268260151e-10, 4.94017327046e-11, 1.5565748343e-11, 2.06350873888e-11, 6.1040400165e-12, 4.83474241544e-12, 4.24280836159e-12, 1.37554377611e-11, 1.57857841382e-11, 1.46613138297e-11, 2.41318284799e-11, 2.62907542958e-11, 5.17338637207e-11, 3.22014984122e-11, 5.40618071143e-11, 3.23323624818e-11, 2.14758766326e-11, 3.21853724228e-11],
        "var": [2.04620775435e-07, 0.000530249497388, 6.3931584009e-05, 2.53363414231e-05, 0.000109985820018, 5.92209908064e-05, 1.69170089066e-05, 1.74593515112e-05, 4.51671894552e-06, 2.20320544031e-06, 1.22750225273e-06, 5.64800259895e-08, 1.05505840509e-07, 9.90257547073e-08, 1.22733781471e-10, 2.6720720081e-10, 3.51753359773e-09, 4.27966373451e-09, 7.82428982715e-11, 1.19748297649e-12, 8.18225175114e-12, 2.85289630461e-12, 5.81751823363e-13, 6.5555483264e-10, 1.68597046046e-11, 2.87644944262e-18, 1.87608533394e-18]
    },
    "erbbands": {
        "dmean": [0.0181097462773, 0.48391070962, 1.35517501831, 1.42975974083, 5.01172733307, 10.8642349243, 12.8902788162, 20.2594470978, 17.4325256348, 12.8048706055, 10.6337938309, 13.3997659683, 6.49901294708, 15.6142549515, 10.474978447, 2.48779678345, 3.24375033379, 2.78281474113, 0.58179551363, 0.134170010686, 0.362461775541, 0.268334448338, 0.296572476625, 0.122862681746, 0.0316419824958, 0.010782122612, 0.0198244377971, 0.0080288676545, 0.00945039093494, 0.00355946901254, 0.0034165319521, 0.0237869750708, 0.0151686435565, 0.00326887960546, 0.000120010736282, 9.60552006291e-06, 2.84103180093e-06, 6.8078560389e-07, 3.1068041153e-06, 7.47700141801e-06],
        "dmean2": [0.0244308002293, 0.534692525864, 1.68759489059, 1.94754385948, 6.86494874954, 15.2863149643, 20.0512828827, 34.3754615784, 22.7436218262, 18.1895580292, 14.5700616837, 21.3135852814, 9.75393104553, 25.230134964, 15.6410255432, 3.70313477516, 4.87126588821, 4.27094507217, 0.940323233604, 0.203630059958, 0.5282330513, 0.384259045124, 0.402494043112, 0.190353155136, 0.0462644398212, 0.0163543485105, 0.0354728959501, 0.0142886303365, 0.0146450996399, 0.00569866551086, 0.00510351685807, 0.0350292921066, 0.0250828620046, 0.00480316812173, 0.000185335491551, 1.4599617316e-05, 4.21913273385e-06, 1.10883445359e-06, 4.32620436186e-06, 1.04633954834e-05],
        "dvar": [0.00246260478161, 1.64054358006, 9.15518093109, 7.55833768845, 77.6310195923, 382.217681885, 495.60244751, 1496.90332031, 1303.7253418, 778.903686523, 3664.58666992, 1646.20166016, 507.326049805, 1126.6237793, 968.260253906, 58.7368125916, 104.492828369, 116.407821655, 5.29465961456, 0.269085735083, 1.84218895435, 1.07951486111, 2.23395085335, 0.217601120472, 0.017064800486, 0.00140755437315, 0.0100892139599, 0.00146824179683, 0.00179311260581, 0.000171944047906, 0.0007392957923, 0.0884132534266, 0.0345916524529, 0.00189694296569, 1.44446437389e-06, 3.77905973181e-09, 4.5499399387e-11, 1.86908713333e-12, 1.77998622786e-11, 1.03454592115e-10],
        "dvar2": [0.00610967120156, 2.39130759239, 14.6796951294, 14.1955699921, 154.642120361, 791.170898438, 1066.24841309, 4162.76611328, 2019.6072998, 1667.26342773, 6416.08886719, 4056.58959961, 1145.3079834, 2845.36376953, 1806.36743164, 101.088394165, 195.008621216, 244.018783569, 12.0309610367, 0.553170382977, 3.33402705193, 1.9208561182, 3.35413217545, 0.489294916391, 0.03564510867, 0.00324723846279, 0.0312549173832, 0.00436504045501, 0.00400650920346, 0.00039817756624, 0.00100652500987, 0.175838649273, 0.071896545589, 0.00346341403201, 2.77958588413e-06, 7.33868787961e-09, 9.13015080206e-11, 4.35235918486e-12, 3.40343100924e-11, 1.97655489198e-10],
        "max": [1.51443076134, 48.7715187073, 95.2276153564, 47.635887146, 149.815460205, 299.669799805, 309.10333252, 503.472808838, 688.709899902, 512.338867188, 2717.79907227, 787.811767578, 867.099487305, 541.487976074, 740.744873047, 267.832763672, 254.425354004, 253.420227051, 55.0778121948, 11.5602273941, 35.3009872437, 36.3333511353, 59.6575126648, 9.81318950653, 3.08328461647, 0.841011226177, 1.92073738575, 0.849207043648, 1.39678871632, 0.353239297867, 1.52266788483, 15.0660572052, 9.33602428436, 2.30213618279, 0.0638398677111, 0.00334144290537, 0.000363590195775, 6.01579922659e-05, 0.000108235624793, 0.000264725385932],
        "mean": [0.139691263437, 3.23945379257, 8.02001190186, 6.18075752258, 19.2700958252, 42.8846511841, 39.3522644043, 45.1498641968, 39.6909179688, 28.8556785583, 21.4615402222, 22.7865886688, 13.1012859344, 23.785200119, 19.2468280792, 4.64553308487, 5.7534198761, 4.79608249664, 0.899297595024, 0.242658942938, 0.648493885994, 0.567178964615, 0.759831249714, 0.20982940495, 0.0610840842128, 0.0253743045032, 0.0290936939418, 0.0151649769396, 0.0173112284392, 0.00862176064402, 0.00947312545031, 0.0534371398389, 0.0450121425092, 0.00871836487204, 0.000350012356648, 3.78572331101e-05, 1.42491962833e-05, 2.12304348679e-06, 1.92994430108e-05, 4.62400203105e-05],
        "median": [0.00820769742131, 0.269095033407, 1.04749536514, 3.24420285225, 10.060300827, 24.6981716156, 17.7832164764, 16.931552887, 7.25180673599, 2.60818982124, 1.15097939968, 0.810589432716, 1.51804113388, 3.12131476402, 3.07562828064, 1.14272749424, 0.792893707752, 0.407008588314, 0.0798168629408, 0.0146253770217, 0.0238838717341, 0.0200807191432, 0.021829938516, 0.00597991235554, 0.0012247946579, 0.000442562362878, 0.000165596284205, 9.15177733987e-05, 7.61314513511e-05, 6.15225799265e-05, 4.90305137646e-05, 4.34464127466e-05, 3.66847016267e-05, 3.17696176353e-05, 2.26331449085e-05, 1.6988689822e-05, 1.0034994375e-05, 1.43447903156e-06, 1.48315521074e-05, 3.56971395377e-05],
        "min": [1.6799846847e-08, 1.84631716138e-07, 3.00126544062e-06, 4.40527292085e-05, 8.28184129205e-05, 0.000311358948238, 0.000171877152752, 0.00041047213017, 3.17180347338e-05, 8.05289164418e-06, 1.47895036662e-06, 3.45420318126e-07, 9.88139390756e-07, 6.51658638162e-06, 1.16437354336e-06, 4.99672466958e-07, 9.42990368458e-07, 4.76407052474e-07, 2.89849481305e-07, 2.78026135447e-07, 2.36739509774e-07, 9.02629039956e-07, 9.36067522161e-07, 5.18830006513e-07, 1.02044293726e-06, 1.30715773139e-06, 1.0984185792e-06, 1.07327207388e-06, 1.75212255726e-06, 1.5859367295e-06, 8.58482337662e-07, 8.03247132808e-07, 1.11523308988e-06, 5.00088674471e-07, 1.61187486469e-07, 8.31453021988e-08, 4.37619895877e-08, 1.6327710739e-08, 4.59477433878e-09, 8.28459911784e-10],
        "var": [0.0537546165287, 40.9631233215, 182.133239746, 56.4561653137, 461.65625, 2017.08740234, 2147.32836914, 4967.12353516, 5149.66015625, 3177.32641602, 8514.55371094, 3674.18334961, 918.977050781, 2182.0859375, 3001.87792969, 156.608108521, 258.474304199, 285.423583984, 9.80901050568, 0.754382014275, 5.63386535645, 4.20140552521, 14.1504821777, 0.515724480152, 0.0480339229107, 0.00584442773834, 0.0159063320607, 0.0034085677471, 0.00428483495489, 0.00060678407317, 0.00293435412459, 0.252845257521, 0.164866730571, 0.00632235221565, 5.31351724931e-06, 1.6044650053e-08, 3.19353460343e-10, 8.22098639164e-12, 2.63731897432e-10, 1.52039225654e-09]
    },
    "gfcc": {
        "mean": [-217.754669189, 252.495666504, -52.9256362915, -30.8739242554, -28.5336685181, -15.1689329147, -29.4014472961, -18.9356765747, -21.0209980011, -30.3280639648, 8.07116508484, -2.93556380272, -1.22066676617],
        "cov": [[9534.68066406, -1258.94396973, -2374.68066406, 1736.49633789, -1454.95361328, 1154.27856445, 847.047424316, 907.486755371, 1222.85302734, 340.454711914, 389.351287842, -445.948272705, 315.585266113], [-1258.94396973, 502.109527588, 353.104187012, -416.863677979, 362.393341064, -214.246353149, -43.4689598083, -67.2635345459, -90.8861236572, -71.274887085, -108.976501465, 103.862709045, -89.6896133423], [-2374.68066406, 353.104187012, 1535.21411133, -208.302749634, 206.791992188, -283.182098389, -110.012985229, 45.1592063904, -132.194473267, -126.702629089, -143.312347412, 105.337608337, -17.7492389679], [1736.49633789, -416.863677979, -208.302749634, 746.575683594, -313.060943604, 266.821777344, 215.088821411, 271.398376465, 323.493103027, 70.8548812866, 91.2092895508, -74.1504821777, 59.6960983276], [-1454.95361328, 362.393341064, 206.791992188, -313.060943604, 772.606628418, 22.4186420441, -116.974014282, -272.218139648, -296.480285645, 39.9646034241, 28.826839447, 72.9643630981, -115.788589478], [1154.27856445, -214.246353149, -283.182098389, 266.821777344, 22.4186420441, 597.912597656, 216.334869385, 60.6719856262, 13.3834524155, 101.17741394, 152.914962769, -133.403442383, 110.099914551], [847.047424316, -43.4689598083, -110.012985229, 215.088821411, -116.974014282, 216.334869385, 269.279907227, 213.983001709, 171.248168945, -23.3614559174, -8.01242446899, 7.9111571312, 47.7742538452], [907.486755371, -67.2635345459, 45.1592063904, 271.398376465, -272.218139648, 60.6719856262, 213.983001709, 403.806365967, 327.609008789, -20.5173091888, -41.6199378967, -35.3153038025, 27.1433734894], [1222.85302734, -90.8861236572, -132.194473267, 323.493103027, -296.480285645, 13.3834524155, 171.248168945, 327.609008789, 449.434539795, 87.87550354, -41.6319961548, -62.9952964783, 0.975617468357], [340.454711914, -71.274887085, -126.702629089, 70.8548812866, 39.9646034241, 101.17741394, -23.3614559174, -20.5173091888, 87.87550354, 240.919433594, 118.227684021, -122.866943359, -27.9751052856], [389.351287842, -108.976501465, -143.312347412, 91.2092895508, 28.826839447, 152.914962769, -8.01242446899, -41.6199378967, -41.6319961548, 118.227684021, 177.940505981, -38.3819236755, 14.7508983612], [-445.948272705, 103.862709045, 105.337608337, -74.1504821777, 72.9643630981, -133.403442383, 7.9111571312, -35.3153038025, -62.9952964783, -122.866943359, -38.3819236755, 220.324279785, 33.3553161621], [315.585266113, -89.6896133423, -17.7492389679, 59.6960983276, -115.788589478, 110.099914551, 47.7742538452, 27.1433734894, 0.975617468357, -27.9751052856, 14.7508983612, 33.3553161621, 153.91835022]],
        "icov": [[0.000683430989739, -4.15622816945e-05, 0.000634883064777, -0.000324446737068, 0.000276130856946, -0.000227668177104, -0.000498172361404, 0.000482861738419, -0.00169784703758, 0.0013012754498, -0.00162114854902, 0.000901638239156, -0.000579141255002], [-4.15622816945e-05, 0.0171883516014, -0.00264701363631, 0.0102238450199, -0.00903298519552, 0.00667278887704, -0.011502161622, 0.00598021131009, -0.0127328084782, 0.0106016620994, -0.00875335559249, 0.00592067092657, -0.00165893242229], [0.000634883064777, -0.00264701363631, 0.00199867947958, -0.00213757180609, 0.0012974338606, -0.000860386586282, 0.0018917049747, -0.00217266683467, 0.00193973258138, -0.00145554065239, 0.00118091364857, -0.000456069770735, -0.000688371015713], [-0.000324446737068, 0.0102238450199, -0.00213757180609, 0.0093725733459, -0.00495566986501, 0.00267753005028, -0.00651372363791, 0.00429908931255, -0.0102162659168, 0.00793824810535, -0.00732035795227, 0.0031323323492, -0.000108173939225], [0.000276130856946, -0.00903298519552, 0.0012974338606, -0.00495566986501, 0.00858870241791, -0.00681552477181, 0.00778064550832, -0.00360106257722, 0.0082135098055, -0.0086534069851, 0.00709643913433, -0.00730826938525, 0.00507701188326], [-0.000227668177104, 0.00667278887704, -0.000860386586282, 0.00267753005028, -0.00681552477181, 0.0135548086837, -0.0148259205744, 0.00491422973573, -0.00349365151487, 0.0063069020398, -0.00934958551079, 0.0116408076137, -0.00832869391888], [-0.000498172361404, -0.011502161622, 0.0018917049747, -0.00651372363791, 0.00778064550832, -0.0148259205744, 0.026768244803, -0.012162621133, 0.00982272066176, -0.0106505667791, 0.0143171343952, -0.0148756029084, 0.00721169216558], [0.000482861738419, 0.00598021131009, -0.00217266683467, 0.00429908931255, -0.00360106257722, 0.00491422973573, -0.012162621133, 0.0171947218478, -0.0169259477407, 0.0143846459687, -0.0127498069778, 0.00942049082369, -0.00300244381651], [-0.00169784703758, -0.0127328084782, 0.00193973258138, -0.0102162659168, 0.0082135098055, -0.00349365151487, 0.00982272066176, -0.0169259477407, 0.031828481704, -0.0259750671685, 0.0226749889553, -0.0117899263278, 0.00432062288746], [0.0013012754498, 0.0106016620994, -0.00145554065239, 0.00793824810535, -0.0086534069851, 0.0063069020398, -0.0106505667791, 0.0143846459687, -0.0259750671685, 0.0312321744859, -0.0255071464926, 0.0167297441512, -0.00532885780558], [-0.00162114854902, -0.00875335559249, 0.00118091364857, -0.00732035795227, 0.00709643913433, -0.00934958551079, 0.0143171343952, -0.0127498069778, 0.0226749889553, -0.0255071464926, 0.0312872305512, -0.0160619635135, 0.00673207687214], [0.000901638239156, 0.00592067092657, -0.000456069770735, 0.0031323323492, -0.00730826938525, 0.0116408076137, -0.0148756029084, 0.00942049082369, -0.0117899263278, 0.0167297441512, -0.0160619635135, 0.0211006216705, -0.0104527752846], [-0.000579141255002, -0.00165893242229, -0.000688371015713, -0.000108173939225, 0.00507701188326, -0.00832869391888, 0.00721169216558, -0.00300244381651, 0.00432062288746, -0.00532885780558, 0.00673207687214, -0.0104527752846, 0.0153723815456]]
    },
    "melbands": {
        "dmean": [0.000317463855026, 0.000708743231371, 0.000344429601682, 0.000566181726754, 0.000487321900437, 0.000430962769315, 0.000255587074207, 0.000148215665831, 8.60441723489e-05, 7.45141005609e-05, 3.30130715156e-05, 6.87508800183e-05, 3.05030080199e-05, 1.36639564516e-05, 5.62624927625e-06, 5.59808086109e-06, 6.09883454672e-06, 1.30123635245e-06, 9.79050795991e-08, 1.57978718107e-07, 6.21465460426e-07, 3.86609912084e-07, 4.01435897857e-07, 1.31957463623e-07, 1.09883913524e-07, 1.49955869944e-08, 2.14205027049e-08, 5.76532510621e-09, 6.90336676712e-09, 1.99419574187e-08, 2.29121210893e-09, 6.5649219394e-09, 4.65339278222e-09, 1.41174871793e-09, 1.58298885111e-09, 6.95010360374e-09, 1.75287020454e-08, 1.35292923531e-08, 6.98473279215e-09, 1.65804048269e-09],
        "dmean2": [0.000371807924239, 0.00082016811939, 0.000457656773506, 0.000788340403233, 0.00073970813537, 0.000721143558621, 0.000331898831064, 0.000210058700759, 0.000120425349451, 0.00011986312893, 4.95800522913e-05, 0.00011098619143, 4.59083603346e-05, 2.03548388527e-05, 8.63127934281e-06, 8.26754148875e-06, 9.4355436886e-06, 2.16176249523e-06, 1.48399962541e-07, 2.4658379516e-07, 9.00630766409e-07, 5.67439485621e-07, 5.50967456547e-07, 1.87648296901e-07, 1.70595484406e-07, 2.26529071057e-08, 3.09727745673e-08, 9.09891273437e-09, 1.22590462226e-08, 3.58704674852e-08, 3.59263863103e-09, 1.01259525209e-08, 7.41354355682e-09, 2.27499730165e-09, 2.54481258288e-09, 9.95226745459e-09, 2.59948507164e-08, 2.21055973526e-08, 1.07509121605e-08, 2.50732279383e-09],
        "dvar": [7.40192831472e-07, 2.73234832093e-06, 4.36889706634e-07, 1.03347986169e-06, 6.91207276304e-07, 6.61598960505e-07, 2.88711675012e-07, 1.15016106861e-07, 2.08040020766e-07, 5.28520480714e-08, 1.27962564989e-08, 2.228328988e-08, 7.58333396078e-09, 1.51218715327e-09, 2.68385480506e-10, 4.18975854011e-10, 6.0304583549e-10, 2.85187654742e-11, 1.99383099007e-13, 2.83158587723e-13, 5.93328294482e-12, 2.62071744514e-12, 3.45562749422e-12, 2.78580272999e-13, 1.85890297838e-13, 3.42971814211e-15, 9.38842424891e-15, 4.24321022578e-16, 9.9041688462e-16, 1.10412447211e-14, 1.23274819333e-16, 1.27903393816e-15, 4.88459495545e-16, 2.52114211687e-17, 4.78834243266e-17, 6.84222203364e-15, 4.03315788156e-14, 1.84828162568e-14, 9.58452169356e-15, 2.77117098969e-16],
        "dvar2": [1.38628263358e-06, 3.78238974008e-06, 7.87074100117e-07, 2.06284653359e-06, 1.44830232784e-06, 1.77833112502e-06, 4.49836591088e-07, 2.45804756105e-07, 3.62076519878e-07, 1.31900378619e-07, 2.88450401342e-08, 5.61158515211e-08, 1.45468659341e-08, 2.76723044479e-09, 5.09130848592e-10, 7.51784801079e-10, 1.26808319401e-09, 6.82639084149e-11, 4.0850859479e-13, 6.3027876104e-13, 1.07692630855e-11, 4.97024296719e-12, 5.06887370619e-12, 4.57213097677e-13, 4.19155731174e-13, 7.50561654386e-15, 1.88787601139e-14, 1.00382912194e-15, 3.02431673861e-15, 3.42173087553e-14, 2.78658751872e-16, 2.82993982963e-15, 1.16867613304e-15, 5.71033746487e-17, 8.54471749416e-17, 1.23477210444e-14, 7.99977353241e-14, 3.75083739567e-14, 1.87499585899e-14, 5.0060695386e-16],
        "max": [0.0314376763999, 0.0600889101624, 0.0133612565696, 0.0175209641457, 0.0116330375895, 0.0106299044564, 0.010182457976, 0.00632517598569, 0.0204056482762, 0.00439407117665, 0.00434738770127, 0.00243979645893, 0.00201723608188, 0.000829072669148, 0.000386620347854, 0.000444600358605, 0.000580494874157, 0.000141207157867, 9.69441316556e-06, 1.05950603029e-05, 6.44954125164e-05, 4.73762083857e-05, 7.5180818385e-05, 2.00217982638e-05, 9.04448006622e-06, 1.23715551581e-06, 2.29332363233e-06, 4.65434197849e-07, 5.63965329548e-07, 2.02078831535e-06, 3.86037243061e-07, 1.27018950025e-06, 5.73579086449e-07, 1.29461568577e-07, 2.9937018553e-07, 4.29472083852e-06, 1.00327479231e-05, 6.53758161206e-06, 5.13040822625e-06, 8.56477754496e-07],
        "mean": [0.00224918453023, 0.00454119918868, 0.00146183825564, 0.0023758856114, 0.00162294029724, 0.000991632812656, 0.00056194269564, 0.000318264850648, 0.000169286533492, 0.000126080965856, 6.2795523263e-05, 0.000100457400549, 5.41055160284e-05, 2.43377780862e-05, 1.00158813439e-05, 9.67824689724e-06, 9.8862201412e-06, 1.80215272394e-06, 1.66132196e-07, 2.54242451092e-07, 1.0724012327e-06, 6.53684082863e-07, 9.56575263444e-07, 3.07904599595e-07, 1.66428904436e-07, 2.49248550688e-08, 3.98837727289e-08, 1.17311422798e-08, 1.06803055289e-08, 2.66526427595e-08, 4.34237179547e-09, 1.11253228852e-08, 8.08692846022e-09, 3.23004489822e-09, 3.81457665455e-09, 1.3785695252e-08, 4.00508355369e-08, 3.73167416967e-08, 1.76490555504e-08, 3.85563803107e-09],
        "median": [0.000153358196258, 0.000460422335891, 0.000784443574958, 0.0014342314098, 0.000835951243062, 0.000372538896045, 6.99490919942e-05, 2.06563036045e-05, 7.83319410402e-06, 3.79329617317e-06, 6.59956322124e-06, 1.24116204461e-05, 7.77000423113e-06, 4.10164557252e-06, 1.34703680033e-06, 8.43804514261e-07, 4.30321961176e-07, 1.14584480571e-07, 1.0078223589e-08, 1.56382018446e-08, 2.53671537109e-08, 1.92674551869e-08, 1.72085208305e-08, 1.86698159155e-08, 2.86783929937e-09, 8.45753245216e-10, 4.2711323367e-10, 2.20499701831e-10, 1.02158365101e-10, 5.74860194169e-11, 4.2678614115e-11, 3.74182941576e-11, 3.38355315987e-11, 2.48928707508e-11, 2.04597797038e-11, 1.69012564361e-11, 1.4708135751e-11, 1.26612401119e-11, 1.31705662001e-11, 9.33305776413e-12],
        "min": [1.58757160196e-10, 9.51826173434e-10, 7.82539899546e-09, 2.40200730417e-08, 6.39254915669e-09, 9.99155247428e-09, 2.83070761276e-10, 6.30011112723e-11, 7.40924162301e-12, 1.42656058407e-12, 4.50139101341e-12, 2.69744834108e-11, 4.80847566625e-12, 1.9334813698e-12, 1.17764663039e-12, 2.11810495358e-12, 7.35311551231e-13, 4.75134851168e-13, 3.66898894079e-13, 3.57114999464e-13, 2.14098378783e-13, 9.43725241183e-13, 8.5865900978e-13, 7.34967642302e-13, 3.42992181965e-13, 6.57938655814e-13, 8.4403621245e-13, 8.45522653628e-13, 6.13970625642e-13, 6.4934765464e-13, 6.67027685256e-13, 7.94782913528e-13, 1.01990074372e-12, 7.3348456215e-13, 4.61544485356e-13, 5.50401575445e-13, 4.49413211723e-13, 6.91845994556e-13, 5.51803503064e-13, 4.23073116254e-13],
        "var": [1.64408411365e-05, 6.76815470797e-05, 3.21892821376e-06, 6.16627721683e-06, 3.1565214158e-06, 2.35505467572e-06, 1.1020091506e-06, 4.42861818328e-07, 4.95141989632e-07, 1.17253790677e-07, 2.27622294346e-08, 4.2102321629e-08, 2.24872760413e-08, 4.41194991652e-09, 7.59925233851e-10, 9.84058723397e-10, 1.44348566433e-09, 4.35859022485e-11, 5.29774141222e-13, 6.85664903761e-13, 1.73143582805e-11, 6.60575240341e-12, 2.1838615985e-11, 1.65462110159e-12, 4.17349287725e-13, 7.5439312322e-15, 2.54684274158e-14, 1.38602976362e-15, 1.61352396677e-15, 1.629384934e-14, 2.83363146392e-16, 2.81907430274e-15, 1.00202854166e-15, 8.85583666615e-17, 1.97880634294e-16, 1.85685715664e-14, 1.27933281373e-13, 1.0213702849e-13, 3.39724687997e-14, 8.5353805441e-16]
    },
    "mfcc": {
        "mean": [-848.775695801, 247.041854858, 64.1184082031, 5.44025230408, 4.77122306824, 1.94724035263, 4.49544286728, 4.46121263504, -16.4949703217, -22.5634365082, -6.88856315613, -0.467305511236, -9.55576992035],
        "cov": [[6203.13623047, 613.00604248, -1654.61938477, -346.366729736, -132.299179077, -451.346832275, 45.690322876, 643.349609375, 585.50012207, 623.199035645, 481.7137146, 579.20703125, 234.856811523], [613.00604248, 587.341308594, -271.25201416, -115.457191467, -24.8105068207, -77.293548584, -107.441116333, 149.03237915, 111.843955994, 32.075881958, 105.395339966, 63.4088630676, 67.6345062256], [-1654.61938477, -271.25201416, 1107.44238281, 401.973358154, -72.7236328125, -38.8548583984, 44.1163063049, -102.588378906, 15.8296775818, 45.9515380859, -165.507568359, -163.496063232, -16.6932601929], [-346.366729736, -115.457191467, 401.973358154, 466.234130859, 10.4438066483, -172.017532349, -93.7863006592, 95.2726287842, 127.199028015, 52.4205856323, 35.7083969116, -17.4451885223, 40.9732627869], [-132.299179077, -24.8105068207, -72.7236328125, 10.4438066483, 250.639312744, 210.105361938, 99.3195571899, -61.9153556824, -103.808776855, -27.2392997742, 63.161491394, 54.2987060547, -14.6566743851], [-451.346832275, -77.293548584, -38.8548583984, -172.017532349, 210.105361938, 499.752868652, 262.881408691, -130.336410522, -158.30355835, -71.2595443726, -37.7613067627, -23.3202934265, -21.665096283], [45.690322876, -107.441116333, 44.1163063049, -93.7863006592, 99.3195571899, 262.881408691, 332.27923584, 41.5420150757, -50.2514953613, -1.69846332073, -56.6043548584, 11.0797624588, 2.80313158035], [643.349609375, 149.03237915, -102.588378906, 95.2726287842, -61.9153556824, -130.336410522, 41.5420150757, 345.831726074, 223.961730957, 25.416223526, 23.2839756012, 43.4228897095, 85.8968353271], [585.50012207, 111.843955994, 15.8296775818, 127.199028015, -103.808776855, -158.30355835, -50.2514953613, 223.961730957, 326.337768555, 188.481750488, 49.4664154053, 47.4286613464, 74.7862167358], [623.199035645, 32.075881958, 45.9515380859, 52.4205856323, -27.2392997742, -71.2595443726, -1.69846332073, 25.416223526, 188.481750488, 331.515899658, 143.101043701, 82.2737579346, 33.6122550964], [481.7137146, 105.395339966, -165.507568359, 35.7083969116, 63.161491394, -37.7613067627, -56.6043548584, 23.2839756012, 49.4664154053, 143.101043701, 275.801879883, 148.187179565, 12.5288534164], [579.20703125, 63.4088630676, -163.496063232, -17.4451885223, 54.2987060547, -23.3202934265, 11.0797624588, 43.4228897095, 47.4286613464, 82.2737579346, 148.187179565, 204.79699707, 67.9385681152], [234.856811523, 67.6345062256, -16.6932601929, 40.9732627869, -14.6566743851, -21.665096283, 2.80313158035, 85.8968353271, 74.7862167358, 33.6122550964, 12.5288534164, 67.9385681152, 114.62272644]],
