{
"lowlevel": {
    "average_loudness": 0.957083284855,
    "barkbands_crest": {
        "dmean": 2.60008811951,
        "dmean2": 4.2747335434,
        "dvar": 6.6452960968,
        "dvar2": 16.6957950592,
        "max": 24.8058815002,
        "mean": 12.6260280609,
        "median": 11.9004955292,
        "min": 3.27346277237,
        "var": 17.6587123871
    },
    "barkbands_flatness_db": {
        "dmean": 0.0283816494048,
        "dmean2": 0.04171673581,
        "dvar": 0.000865801353939,
        "dvar2": 0.00170628994238,
        "max": 0.524544656277,
        "mean": 0.26435559988,
        "median": 0.263518124819,
        "min": 0.0837930515409,
        "var": 0.00430244486779
    },
    "barkbands_kurtosis": {
        "dmean": 8.53385925293,
        "dmean2": 13.755610466,
        "dvar": 198.073013306,
        "dvar2": 494.216400146,
        "max": 204.013473511,
        "mean": 18.9776344299,
        "median": 13.5902061462,
        "min": -1.82150435448,
        "var": 407.510894775
    },
    "barkbands_skewness": {
        "dmean": 0.827607572079,
        "dmean2": 1.29416465759,
        "dvar": 0.963868021965,
        "dvar2": 2.24192929268,
        "max": 12.2730569839,
        "mean": 2.89815282822,
        "median": 2.62051415443,
        "min": -2.15675735474,
        "var": 2.97608757019
    },
    "barkbands_spread": {
        "dmean": 3.2954390049,
        "dmean2": 4.8546705246,
        "dvar": 30.0574531555,
        "dvar2": 57.1145019531,
        "max": 85.5505981445,
        "mean": 9.8393535614,
        "median": 6.22092437744,
        "min": 0.727903664112,
        "var": 119.847587585
    },
    "dissonance": {
        "dmean": 0.0313254185021,
        "dmean2": 0.0518452338874,
        "dvar": 0.000782165501732,
        "dvar2": 0.00211685034446,
        "max": 0.499908953905,
        "mean": 0.416600316763,
        "median": 0.421760112047,
        "min": 0.201947584748,
        "var": 0.0021680125501
    },
    "dynamic_complexity": 2.6739923954,
    "erbbands_crest": {
        "dmean": 3.02205204964,
        "dmean2": 4.87038373947,
        "dvar": 8.62812042236,
        "dvar2": 21.8025550842,
        "max": 31.8598575592,
        "mean": 13.7133131027,
        "median": 13.2666730881,
        "min": 2.86718010902,
        "var": 25.2023468018
    },
    "erbbands_flatness_db": {
        "dmean": 0.0225180983543,
        "dmean2": 0.032504696399,
        "dvar": 0.000540825538337,
        "dvar2": 0.00109619484283,
        "max": 0.432653158903,
        "mean": 0.215016454458,
        "median": 0.212336957455,
        "min": 0.0981916934252,
        "var": 0.00249746767804
    },
    "erbbands_kurtosis": {
        "dmean": 3.63421297073,
        "dmean2": 5.5610294342,
        "dvar": 28.3757648468,
        "dvar2": 70.9840316772,
        "max": 101.604553223,
        "mean": 6.64858579636,
        "median": 4.37820911407,
        "min": -1.78339397907,
        "var": 69.6637954712
    },
    "erbbands_skewness": {
        "dmean": 0.591953158379,
        "dmean2": 0.883177816868,
        "dvar": 0.354377269745,
        "dvar2": 0.796140015125,
        "max": 7.49733829498,
        "mean": 1.98417782784,
        "median": 2.02387928963,
        "min": -1.90867936611,
        "var": 1.57931983471
    },
    "erbbands_spread": {
        "dmean": 11.9289798737,
        "dmean2": 18.1599407196,
        "dvar": 232.794204712,
        "dvar2": 546.092529297,
        "max": 152.881286621,
        "mean": 35.9650535583,
        "median": 30.1661262512,
        "min": 1.06602287292,
        "var": 566.131347656
    },
    "hfc": {
        "dmean": 7.15780591965,
        "dmean2": 11.4727420807,
        "dvar": 385.094818115,
        "dvar2": 1035.74182129,
        "max": 184.595062256,
        "mean": 14.4271993637,
        "median": 9.75814819336,
        "min": 0.000274675723631,
        "var": 382.642456055
    },
    "melbands_crest": {
        "dmean": 3.39726018906,
        "dmean2": 5.53373718262,
        "dvar": 10.9123487473,
        "dvar2": 25.9100055695,
        "max": 35.5792388916,
        "mean": 15.9365911484,
        "median": 14.6199274063,
        "min": 4.82733154297,
        "var": 31.6429653168
    },
    "melbands_flatness_db": {
        "dmean": 0.03341659531,
        "dmean2": 0.0471231266856,
        "dvar": 0.00143602944445,
        "dvar2": 0.00271734152921,
        "max": 0.664011001587,
        "mean": 0.325658351183,
        "median": 0.325212568045,
        "min": 0.0652007311583,
        "var": 0.00769154122099
    },
    "melbands_kurtosis": {
        "dmean": 19.2885684967,
        "dmean2": 31.2850093842,
        "dvar": 1405.27416992,
        "dvar2": 3654.42260742,
        "max": 638.179382324,
        "mean": 38.4572982788,
        "median": 23.8658332825,
        "min": -1.35984575748,
        "var": 2343.08276367
    },
    "melbands_skewness": {
        "dmean": 1.13761711121,
        "dmean2": 1.78647112846,
        "dvar": 2.05029702187,
        "dvar2": 4.92880058289,
        "max": 21.8783454895,
        "mean": 3.57425093651,
        "median": 3.07016253471,
        "min": -1.6721405983,
        "var": 5.18790626526
    },
    "melbands_spread": {
        "dmean": 3.03174781799,
        "dmean2": 4.51225709915,
        "dvar": 37.6943664551,
        "dvar2": 81.1052932739,
        "max": 106.789916992,
        "mean": 8.52386474609,
        "median": 5.25728225708,
        "min": 0.675857782364,
        "var": 114.621566772
    },
    "pitch_salience": {
        "dmean": 0.0757493674755,
        "dmean2": 0.127701550722,
        "dvar": 0.00579057633877,
        "dvar2": 0.0149024939165,
        "max": 0.840473771095,
        "mean": 0.517748832703,
        "median": 0.523041725159,
        "min": 0.112771853805,
        "var": 0.014799721539
    },
    "silence_rate_20dB": {
        "dmean": 0.00154918665066,
        "dmean2": 0.00309957377613,
        "dvar": 0.00154677336104,
        "dvar2": 0.00463969400153,
        "max": 1,
        "mean": 0.999225735664,
        "median": 1,
        "min": 0,
        "var": 0.000773690990172
    },
    "silence_rate_30dB": {
        "dmean": 0.0395042598248,
        "dmean2": 0.0790391340852,
        "dvar": 0.0379448421299,
        "dvar2": 0.0782142654061,
        "max": 1,
        "mean": 0.918699204922,
        "median": 1,
        "min": 0,
        "var": 0.0746894851327
    },
    "silence_rate_60dB": {
        "dmean": 0.0178156476468,
        "dmean2": 0.0356450974941,
        "dvar": 0.0174976717681,
        "dvar2": 0.0390248522162,
        "max": 1,
        "mean": 0.047231901437,
        "median": 0,
        "min": 0,
        "var": 0.0449993684888
    },
    "spectral_centroid": {
        "dmean": 152.108016968,
        "dmean2": 224.027648926,
        "dvar": 63704.53125,
        "dvar2": 124455.140625,
        "max": 3563.64086914,
        "mean": 645.406494141,
        "median": 461.451324463,
        "min": 175.837768555,
        "var": 267689.28125
    },
    "spectral_complexity": {
        "dmean": 2.54066610336,
        "dmean2": 3.89616417885,
        "dvar": 23.6209144592,
        "dvar2": 48.3078308105,
        "max": 54,
        "mean": 8.8501739502,
        "median": 8,
        "min": 0,
        "var": 36.1188049316
    },
    "spectral_decrease": {
        "dmean": 5.40908029478e-09,
        "dmean2": 9.13407838254e-09,
        "dvar": 1.55937587684e-16,
        "dvar2": 4.12938699712e-16,
        "max": -2.93821336619e-13,
        "mean": -1.24150778547e-08,
        "median": -8.81981954137e-09,
        "min": -1.32618907855e-07,
        "var": 2.04483785514e-16
    },
    "spectral_energy": {
        "dmean": 0.0209732204676,
        "dmean2": 0.0353991240263,
        "dvar": 0.00228151632473,
        "dvar2": 0.00604125624523,
        "max": 0.505152702332,
        "mean": 0.0481659509242,
        "median": 0.0342360846698,
        "min": 1.13386170142e-06,
        "var": 0.00298923207447
    },
    "spectral_energyband_high": {
        "dmean": 0.00048064175644,
        "dmean2": 0.00072529836325,
        "dvar": 2.09946415453e-06,
        "dvar2": 5.18567594554e-06,
        "max": 0.0190261509269,
        "mean": 0.000678598531522,
        "median": 0.000193787971511,
        "min": 2.00127434624e-08,
        "var": 2.73672139883e-06
    },
    "spectral_energyband_low": {
        "dmean": 0.0156035209075,
        "dmean2": 0.0265571866184,
        "dvar": 0.00201120157726,
        "dvar2": 0.00539310276508,
        "max": 0.464305430651,
        "mean": 0.0276957042515,
        "median": 0.0142399603501,
        "min": 7.5856831927e-07,
        "var": 0.00240692705847
    },
    "spectral_energyband_middle_high": {
        "dmean": 0.00153848959599,
        "dmean2": 0.00273925601505,
        "dvar": 4.73143336421e-05,
        "dvar2": 0.000135562237119,
        "max": 0.0631587207317,
        "mean": 0.0015239835484,
        "median": 0.000403060868848,
        "min": 8.10012590335e-09,
        "var": 2.86241938738e-05
    },
    "spectral_energyband_middle_low": {
        "dmean": 0.00673180539161,
        "dmean2": 0.0110659208149,
        "dvar": 8.31894358271e-05,
        "dvar2": 0.00022097270994,
        "max": 0.113691039383,
        "mean": 0.0192878488451,
        "median": 0.0156413279474,
        "min": 3.36382868227e-07,
        "var": 0.000209187870496
    },
    "spectral_entropy": {
        "dmean": 0.279458671808,
        "dmean2": 0.39361640811,
        "dvar": 0.093240968883,
        "dvar2": 0.178777515888,
        "max": 8.51473903656,
        "mean": 6.73716831207,
        "median": 6.73561048508,
        "min": 4.89420843124,
        "var": 0.370605528355
    },
    "spectral_flux": {
        "dmean": 0.0404790118337,
        "dmean2": 0.0653168037534,
        "dvar": 0.00427548401058,
        "dvar2": 0.00943810399622,
        "max": 0.659119069576,
        "mean": 0.0885941386223,
        "median": 0.0629476904869,
        "min": 0.00106482941192,
        "var": 0.00681883981451
    },
    "spectral_kurtosis": {
        "dmean": 3.74702787399,
        "dmean2": 6.04291915894,
        "dvar": 77.514213562,
        "dvar2": 192.119171143,
        "max": 151.130340576,
        "mean": 6.07470321655,
        "median": 2.64660024643,
        "min": -0.701601028442,
        "var": 176.841445923
    },
    "spectral_rms": {
        "dmean": 0.00121595838573,
        "dmean2": 0.00193859240972,
        "dvar": 4.03152034778e-06,
        "dvar2": 9.59428598435e-06,
        "max": 0.0221998188645,
        "mean": 0.00613291841,
        "median": 0.00577936507761,
        "min": 3.3259682823e-05,
        "var": 9.37848108151e-06
    },
    "spectral_rolloff": {
        "dmean": 180.912994385,
        "dmean2": 299.913757324,
        "dvar": 313376.375,
        "dvar2": 665558.8125,
        "max": 9754.54101562,
        "mean": 553.992126465,
        "median": 366.064453125,
        "min": 64.599609375,
        "var": 735545.75
    },
    "spectral_skewness": {
        "dmean": 0.41541826725,
        "dmean2": 0.64159065485,
        "dvar": 0.382488131523,
        "dvar2": 0.927589297295,
        "max": 10.0824584961,
        "mean": 1.79792153835,
        "median": 1.53560829163,
        "min": 0.234421670437,
        "var": 1.32437729836
    },
    "spectral_spread": {
        "dmean": 637733.8125,
        "dmean2": 946267.4375,
        "dvar": 558274117632,
        "dvar2": 1.09153124352e+12,
        "max": 19854408,
        "mean": 4764287,
        "median": 4874650.5,
        "min": 403315.28125,
        "var": 1.83184077619e+12
    },
    "spectral_strongpeak": {
        "dmean": 0.335203081369,
        "dmean2": 0.586277365685,
        "dvar": 0.218302279711,
        "dvar2": 0.527888655663,
        "max": 3.81708264351,
        "mean": 0.731989443302,
        "median": 0.43023750186,
        "min": 0,
        "var": 0.470654308796
    },
    "zerocrossingrate": {
        "dmean": 0.00742785073817,
        "dmean2": 0.00884865503758,
        "dvar": 8.0403064203e-05,
        "dvar2": 9.70478868112e-05,
        "max": 0.1953125,
        "mean": 0.0313885621727,
        "median": 0.025390625,
        "min": 0.0029296875,
        "var": 0.000554351194296
    },
    "barkbands": {
        "dmean": [0.00220322748646, 0.013417978771, 0.00174535729457, 0.00148327450734, 0.00363270170055, 0.00188359688036, 0.00150574522559, 0.000349175796146, 0.000229198747547, 0.000196639390197, 0.000568117422517, 0.00036517449189, 0.000133548586746, 2.04706739169e-05, 6.98939620634e-05, 4.52858621429e-05, 4.41171287093e-05, 8.69323921506e-05, 0.000120984754176, 4.98212357343e-05, 0.000169099541381, 0.000149437357322, 7.39222741686e-05, 9.26311549847e-05, 1.70762850757e-05, 1.78340631152e-08, 2.13302975283e-09],
        "dmean2": [0.00379623076878, 0.0231059901416, 0.00311579392292, 0.00259462953545, 0.00617658952251, 0.00281815556809, 0.00236862991005, 0.000568101124372, 0.000402440171456, 0.00032911420567, 0.00104719388764, 0.000695124617778, 0.000232495105593, 3.38775971613e-05, 0.000127203165903, 7.62176641729e-05, 6.52504677419e-05, 0.000129000880406, 0.000211045015021, 7.6118245488e-05, 0.000284627923975, 0.000213168197661, 0.000112779605843, 0.000138048417284, 2.60505094047e-05, 2.75478431178e-08, 3.94808585824e-09],
        "dvar": [4.69277183583e-05, 0.00161713536363, 2.52213903877e-05, 8.80932930158e-06, 2.69704087259e-05, 1.12324323709e-05, 7.73502961238e-06, 1.03737568224e-06, 5.59762895591e-07, 3.75123960339e-07, 7.96789845481e-06, 3.69237773157e-06, 1.9164261289e-07, 4.7501202971e-09, 1.20154368233e-07, 3.71868900118e-08, 8.33290592084e-09, 9.48505132214e-08, 2.7086434784e-07, 2.21968274872e-08, 4.23133343475e-07, 1.49127970417e-07, 5.37892113073e-08, 6.36015045075e-08, 2.57879184673e-09, 4.46487202475e-15, 1.82630858253e-17],
        "dvar2": [0.00013182190014, 0.00448313774541, 7.63169155107e-05, 2.5159381039e-05, 7.66290395404e-05, 2.54756068898e-05, 1.8624621589e-05, 2.68830081041e-06, 1.55805685154e-06, 1.05343463019e-06, 2.28210865316e-05, 1.08299245767e-05, 5.40206485766e-07, 1.24208012764e-08, 3.41722909525e-07, 9.56398196195e-08, 1.74880092629e-08, 2.08882426023e-07, 7.68257336858e-07, 5.28536823197e-08, 1.15818238555e-06, 2.89737982939e-07, 1.27853297727e-07, 1.45518129102e-07, 5.71509017888e-09, 8.549627003e-15, 5.43414384358e-17],
        "max": [0.0983154922724, 0.417430073023, 0.0550566092134, 0.0313332602382, 0.0851362124085, 0.0543628558517, 0.0353861711919, 0.0208612568676, 0.0097758769989, 0.00644906563684, 0.0265693515539, 0.0192780792713, 0.00505151133984, 0.000781842507422, 0.00391538627446, 0.00485339900479, 0.00166998570785, 0.0119054196402, 0.00546019384637, 0.00176283204928, 0.00699227442965, 0.00730222044513, 0.00619726302102, 0.00479967379943, 0.00150765734725, 2.62109028881e-06, 9.17453419902e-08],
        "mean": [0.00275303679518, 0.0211467910558, 0.00281740468927, 0.00237439968623, 0.0067681982182, 0.00509170908481, 0.00400809152052, 0.000658520089928, 0.000320700666634, 0.000274363730568, 0.000407569721574, 0.000230001154705, 0.00013185259013, 2.07042648981e-05, 4.79916307086e-05, 3.67649045074e-05, 7.77704626671e-05, 0.000155936199008, 0.000122746932902, 6.5892287239e-05, 0.000181790717761, 0.000249782315223, 8.28958436614e-05, 0.000121923898405, 1.91073831957e-05, 1.99637693044e-08, 1.64958646742e-09],
        "median": [0.000775129010435, 0.01020600833, 0.0016669370234, 0.00112639274448, 0.00463712867349, 0.00218028435484, 0.00151093734894, 0.0001488054113, 5.53731988475e-05, 4.94875275763e-05, 2.45515984716e-05, 1.09610782602e-05, 2.9354747312e-05, 5.36603874934e-06, 4.15381509811e-06, 3.86916372008e-06, 1.54214976646e-05, 2.2438562155e-05, 1.88520352822e-05, 1.34452775455e-05, 4.91183636768e-05, 5.91859279666e-05, 1.68492260855e-05, 3.85288949474e-05, 4.07547850045e-06, 5.01793362417e-09, 5.85237303063e-10],
        "min": [4.79478998727e-08, 5.75120623125e-07, 7.10806418169e-08, 1.13626974496e-07, 9.93684352579e-08, 1.15780423471e-07, 1.95745064602e-09, 2.1778856496e-09, 3.38391958898e-09, 4.07749140008e-10, 9.48075395968e-10, 1.80240170011e-10, 1.16349574419e-09, 2.2398673194e-10, 1.29643729085e-09, 5.17669518363e-10, 1.00320851626e-09, 6.03111949271e-10, 1.246707515e-09, 9.74476721538e-10, 6.98552460321e-09, 4.03307698349e-09, 4.75061989746e-09, 2.70650257761e-09, 2.98924635045e-11, 1.17858301243e-11, 1.39457308548e-11],
        "var": [4.27955747e-05, 0.00172110891435, 1.93117393792e-05, 1.09316297312e-05, 5.17451517226e-05, 4.53531647508e-05, 2.89340277959e-05, 2.34095000451e-06, 7.38043581805e-07, 3.32316915319e-07, 4.60048431705e-06, 1.9852841433e-06, 1.34973518584e-07, 3.73925024277e-09, 7.16958012958e-08, 2.8058007473e-08, 2.68826880756e-08, 2.07397519603e-07, 1.9253744199e-07, 2.73918985272e-08, 3.19439010354e-07, 4.15651243202e-07, 7.36012779612e-08, 9.13195350449e-08, 3.43557426952e-09, 6.7764041855e-15, 1.25975446573e-17]
    },
    "erbbands": {
        "dmean": [0.564256727695, 2.53437757492, 2.46267843246, 3.4971511364, 8.75371742249, 13.1395187378, 18.6998996735, 13.7369337082, 22.5744113922, 13.5549144745, 6.95255470276, 5.74694347382, 5.15680122375, 6.90582180023, 30.7293167114, 12.591925621, 7.07469367981, 1.47223711014, 2.11165881157, 3.08546876907, 2.58897829056, 2.29571509361, 4.26561355591, 6.41641330719, 4.26986980438, 2.52079916, 3.43426084518, 8.74303150177, 5.57164144516, 2.48343920708, 2.01056170464, 2.6791639328, 1.12928116322, 0.369310885668, 0.0233001913875, 0.00105546007399, 6.97797513567e-05, 1.16805613288e-05, 1.18491770991e-05, 2.3922399123e-05],
        "dmean2": [0.964891135693, 4.39325761795, 4.39850950241, 6.14930677414, 15.496465683, 22.2970542908, 29.5386295319, 20.4638442993, 36.0729827881, 20.2343425751, 11.5229330063, 9.91763210297, 8.91341209412, 11.639421463, 57.4620056152, 23.6739997864, 12.35359478, 2.45833516121, 3.77178812027, 5.4733042717, 4.34942054749, 3.39402651787, 6.3078212738, 10.8069095612, 7.11267948151, 3.82929635048, 5.68636655807, 14.1436157227, 7.93872737885, 3.83319807053, 3.07372045517, 3.98641109467, 1.72539925575, 0.556311666965, 0.0365704149008, 0.00163447600789, 0.000104562539491, 1.75681325345e-05, 1.9393484763e-05, 4.01759971282e-05],
        "dvar": [2.69711041451, 64.495300293, 58.3207473755, 56.3310585022, 261.786468506, 342.01751709, 1030.12133789, 701.826416016, 1821.30029297, 1001.02294922, 540.970092773, 324.717071533, 307.606658936, 577.322814941, 25565.6738281, 4057.55932617, 562.340209961, 25.44764328, 91.7169189453, 188.751846313, 130.558959961, 21.7478694916, 274.778564453, 596.891235352, 266.444488525, 54.6092414856, 191.644790649, 838.811462402, 239.497848511, 47.1744308472, 39.7745552063, 61.6810493469, 10.6883001328, 1.16766703129, 0.00754136918113, 1.36964117701e-05, 4.1997076039e-08, 1.07234587876e-09, 6.25123786069e-10, 2.80074385905e-09],
        "dvar2": [7.11209917068, 189.246963501, 175.548400879, 161.087310791, 785.933837891, 936.553649902, 2559.23657227, 1612.56384277, 4450.98193359, 2021.81640625, 1442.83496094, 882.363830566, 875.984008789, 1618.52026367, 73844.6640625, 11822.1894531, 1588.21252441, 66.6589508057, 255.652999878, 524.321289062, 350.385955811, 47.1760673523, 609.63269043, 1668.61523438, 727.368103027, 131.289138794, 516.261413574, 2228.29492188, 450.598327637, 114.838844299, 98.47215271, 130.569976807, 26.4621868134, 2.57329154015, 0.0181809943169, 3.22906817019e-05, 9.73856657538e-08, 2.52571474846e-09, 1.61866942072e-09, 7.40315098113e-09],
        "max": [18.9977455139, 84.4189071655, 92.4649734497, 75.4729614258, 245.746414185, 231.140716553, 440.079681396, 525.742919922, 566.922302246, 542.83404541, 573.201843262, 281.101531982, 164.129776001, 258.179351807, 1500.01916504, 616.374633789, 272.387634277, 53.9819297791, 100.153831482, 165.924377441, 291.744537354, 78.6903533936, 687.909973145, 244.910339355, 279.967926025, 84.6491470337, 165.978118896, 318.443115234, 399.949127197, 70.078125, 111.796417236, 233.781845093, 39.8220214844, 32.173828125, 2.5637049675, 0.111578397453, 0.00556069193408, 0.00073803414125, 0.000234345803619, 0.000550436147023],
        "mean": [0.837815880775, 3.73876404762, 4.16186141968, 6.19258213043, 12.8907766342, 23.1570529938, 41.6017074585, 38.802230835, 59.8298606873, 34.3950233459, 12.4723501205, 9.0458574295, 6.21454715729, 8.9961938858, 20.6352138519, 8.50030517578, 6.94828510284, 1.49692738056, 1.65759956837, 2.24117469788, 2.29506349564, 4.15766906738, 7.75094652176, 7.68867492676, 5.11938095093, 3.51080751419, 3.42690968513, 11.5280237198, 9.67159938812, 2.91852378845, 2.30921149254, 3.59116244316, 1.29653513432, 0.4176171422, 0.0247086826712, 0.00117557891645, 9.36291617109e-05, 1.60525523825e-05, 2.59862772509e-05, 5.46268202015e-05],
        "median": [0.245058685541, 2.20587706566, 2.73452472687, 3.41156005859, 7.8183836937, 15.116522789, 20.4258136749, 18.6669006348, 24.2887458801, 8.25294399261, 3.50598239899, 1.81559252739, 1.8521232605, 1.96541881561, 1.27818500996, 0.973569750786, 1.60871315002, 0.433305948973, 0.265931844711, 0.229745432734, 0.304612755775, 0.835972189903, 1.31042027473, 1.13257110119, 0.936458230019, 0.701965034008, 0.826835215092, 3.18213057518, 2.22084450722, 0.749349892139, 0.504730522633, 1.11181473732, 0.309095650911, 0.0911304652691, 0.00427458342165, 0.000242188631091, 3.40727929142e-05, 5.97740563535e-06, 1.80036786332e-05, 3.8841561036e-05],
        "min": [1.89356396731e-05, 0.000116753595648, 0.000140302581713, 0.000183583644684, 0.000547853414901, 0.000187271260074, 0.00056465115631, 0.000957496988121, 0.000102617632365, 2.41762954829e-05, 5.45017464901e-05, 8.73820972629e-05, 2.73540408671e-05, 2.03312738449e-05, 3.19433529512e-05, 1.31898714244e-05, 5.52249584871e-05, 1.82369567483e-05, 6.94266127539e-05, 3.63880753866e-05, 2.58014279098e-05, 4.80155285913e-05, 4.58627509943e-05, 5.46465525986e-05, 5.92906144448e-05, 4.72946994705e-05, 0.000105621256807, 0.000374667113647, 0.000171760155354, 0.000105429018731, 0.000142053992022, 5.33579623152e-05, 2.83897625195e-05, 3.83341739507e-06, 5.61897138596e-07, 6.82082870185e-08, 2.22156746332e-08, 8.87339091094e-09, 2.4236190832e-09, 1.49794410209e-09],
        "var": [3.42953133583, 51.0175361633, 42.7644500732, 62.5828361511, 292.850982666, 685.399597168, 3225.96582031, 2717.53881836, 6745.5859375, 3952.61547852, 896.619812012, 541.019592285, 227.137176514, 450.859069824, 14282.6435547, 2225.50610352, 388.656280518, 19.5147819519, 58.9156265259, 120.484092712, 92.1401138306, 66.8609008789, 543.671264648, 496.722564697, 250.924987793, 73.6353683472, 138.89704895, 857.667907715, 772.302429199, 48.0573348999, 45.3635139465, 115.331268311, 11.153219223, 1.57195186615, 0.0082781361416, 1.59876472026e-05, 5.45836300603e-08, 1.41875622361e-09, 8.25623569511e-10, 3.66159791376e-09]
    },
    "gfcc": {
        "mean": [-68.8874435425, 144.793258667, -85.9282302856, 71.0578384399, -90.2988891602, 8.86744308472, -29.0716075897, -8.46833515167, -6.17166137695, -18.4742240906, 17.2075424194, -7.4088716507, 8.08784580231],
        "cov": [[5969.96142578, -1363.3605957, -706.669433594, 797.835021973, -476.380615234, 351.148712158, -174.066680908, 418.167419434, 11.0818853378, 6.52435588837, 93.2650756836, 132.27583313, -47.5377197266], [-1363.3605957, 1039.61169434, 499.362182617, -262.375762939, 331.473724365, -151.910598755, 228.251251221, -226.802719116, 98.7096862793, -14.4945077896, 36.4294891357, -52.97290802, 28.5057754517], [-706.669433594, 499.362182617, 1075.43933105, 46.5792617798, 191.728927612, 117.336608887, 80.1222305298, -22.9956283569, 54.7810134888, 55.0081863403, 6.78873443604, -20.0005531311, 116.470321655], [797.835021973, -262.375762939, 46.5792617798, 404.684173584, 25.2319793701, 107.83972168, 8.62010765076, 88.8456420898, 34.3211593628, -0.766907453537, 24.5056972504, 21.2573719025, -0.14594399929], [-476.380615234, 331.473724365, 191.728927612, 25.2319793701, 408.170806885, 104.808097839, 127.359519958, -18.6827011108, 47.8327331543, 32.6040725708, -2.5018055439, -23.4385662079, 21.7846622467], [351.148712158, -151.910598755, 117.336608887, 107.83972168, 104.808097839, 284.163757324, 8.05934524536, 56.3479995728, -9.9676399231, 43.0457649231, -20.5020618439, -17.3816585541, 46.0603103638], [-174.066680908, 228.251251221, 80.1222305298, 8.62010765076, 127.359519958, 8.05934524536, 214.929199219, 21.1494293213, 60.2500915527, -2.55056190491, 14.6095762253, 0.628997385502, -28.7456645966], [418.167419434, -226.802719116, -22.9956283569, 88.8456420898, -18.6827011108, 56.3479995728, 21.1494293213, 259.80178833, 39.4707183838, 34.6102485657, 23.43085289, 50.8691482544, -18.731388092], [11.0818853378, 98.7096862793, 54.7810134888, 34.3211593628, 47.8327331543, -9.9676399231, 60.2500915527, 39.4707183838, 107.598594666, 33.075214386, 33.1014976501, 4.52280139923, -2.73009061813], [6.52435588837, -14.4945077896, 55.0081863403, -0.766907453537, 32.6040725708, 43.0457649231, -2.55056190491, 34.6102485657, 33.075214386, 100.355644226, 35.086566925, 11.9262981415, 0.711351394653], [93.2650756836, 36.4294891357, 6.78873443604, 24.5056972504, -2.5018055439, -20.5020618439, 14.6095762253, 23.43085289, 33.1014976501, 35.086566925, 107.495521545, 47.5892105103, -9.16642093658], [132.27583313, -52.97290802, -20.0005531311, 21.2573719025, -23.4385662079, -17.3816585541, 0.628997385502, 50.8691482544, 4.52280139923, 11.9262981415, 47.5892105103, 75.8674087524, 16.3274784088], [-47.5377197266, 28.5057754517, 116.470321655, -0.14594399929, 21.7846622467, 46.0603103638, -28.7456645966, -18.731388092, -2.73009061813, 0.711351394653, -9.16642093658, 16.3274784088, 99.1384811401]],
        "icov": [[0.000360985344741, -0.000314299744787, 0.000335265358444, -0.000723730947357, 0.000631063128822, -0.000693261215929, 0.000240250432398, -0.000319167796988, -4.29257343058e-05, -8.31406396173e-06, 4.14972528233e-05, -0.000358163699275, 0.000123007077491], [-0.000314299744787, 0.00944754388183, -0.00358554138802, 0.00551413977519, -0.00581072596833, 0.00557412486523, -0.00510628288612, 0.00497602298856, -0.00415954692289, 0.00382277695462, -0.00545616401359, 0.0043111462146, -0.00185651972424], [0.000335265358444, -0.00358554138802, 0.00276175932959, -0.00261003198102, 0.00225142901763, -0.00230645318516, 0.00137499975972, -0.0020603837911, 0.00160220754333, -0.00206576753408, 0.00156201713253, -0.000590286683291, -0.00116984953638], [-0.000723730947357, 0.00551413977519, -0.00261003198102, 0.00735198752955, -0.00408525159582, 0.0022412694525, -0.00230111251585, 0.00271303742193, -0.0039073289372, 0.00402396637946, -0.00349861802533, 0.0015832047211, 0.000125679915072], [0.000631063128822, -0.00581072596833, 0.00225142901763, -0.00408525159582, 0.00784432515502, -0.00514877447858, 0.0011224161135, -0.00257659796625, 0.0018014961388, -0.00305811269209, 0.00333263981156, -0.0023008515127, 0.000588029099163], [-0.000693261215929, 0.00557412486523, -0.00230645318516, 0.0022412694525, -0.00514877447858, 0.0106582734734, -0.00418065441772, 0.00108364515472, 0.00161413883325, -0.00152172893286, -0.00310533959419, 0.00729493191466, -0.00548334466293], [0.000240250432398, -0.00510628288612, 0.00137499975972, -0.00230111251585, 0.0011224161135, -0.00418065441772, 0.0107803307474, -0.00248574605212, -0.00239066896029, 0.00121665000916, 0.00346170063131, -0.00540423672646, 0.00545207923278], [-0.000319167796988, 0.00497602298856, -0.0020603837911, 0.00271303742193, -0.00257659796625, 0.00108364515472, -0.00248574605212, 0.00897167623043, -0.00511431833729, 0.00133424904197, -0.000210821439396, -0.00410063145682, 0.00238328496926], [-4.29257343058e-05, -0.00415954692289, 0.00160220754333, -0.0039073289372, 0.0018014961388, 0.00161413883325, -0.00239066896029, -0.00511431833729, 0.0185913760215, -0.0070882877335, -0.00202987249941, 0.00520304683596, -0.00399968400598], [-8.31406396173e-06, 0.00382277695462, -0.00206576753408, 0.00402396637946, -0.00305811269209, -0.00152172893286, 0.00121665000916, 0.00133424904197, -0.0070882877335, 0.0173644609749, -0.00607164017856, -0.000216208587517, 0.00246795662679], [4.14972528233e-05, -0.00545616401359, 0.00156201713253, -0.00349861802533, 0.00333263981156, -0.00310533959419, 0.00346170063131, -0.000210821439396, -0.00202987249941, -0.00607164017856, 0.0207277424634, -0.0152417663485, 0.00583723047748], [-0.000358163699275, 0.0043111462146, -0.000590286683291, 0.0015832047211, -0.0023008515127, 0.00729493191466, -0.00540423672646, -0.00410063145682, 0.00520304683596, -0.000216208587517, -0.0152417663485, 0.0319382548332, -0.0124654360116], [0.000123007077491, -0.00185651972424, -0.00116984953638, 0.000125679915072, 0.000588029099163, -0.00548334466293, 0.00545207923278, 0.00238328496926, -0.00399968400598, 0.00246795662679, 0.00583723047748, -0.0124654360116, 0.0189686287194]]
    },
    "melbands": {
        "dmean": [0.00429108086973, 0.00192170753144, 0.000698579358868, 0.000780795526225, 0.000640628684778, 0.000321136321872, 0.000330504786689, 0.000127805542434, 5.29143944732e-05, 3.31676419592e-05, 2.58294567175e-05, 2.32270213019e-05, 9.26950597204e-05, 5.19653476658e-05, 2.83682493318e-05, 7.40085761208e-06, 2.37606900555e-06, 2.23242136599e-06, 6.35159540252e-06, 2.92112531497e-06, 2.82040946331e-06, 2.02736055144e-06, 3.43885380971e-06, 4.91035052619e-06, 5.44844715478e-06, 4.91896435051e-06, 1.82224709988e-06, 1.48068818362e-06, 1.15172736059e-06, 4.94856521982e-06, 5.03997671331e-06, 3.87234058508e-06, 1.84165344308e-06, 1.15485579499e-06, 8.96179869869e-07, 1.90393984667e-06, 1.56234614224e-06, 8.5813513806e-07, 5.16325656008e-07, 2.31411362961e-07],
        "dmean2": [0.00736809661612, 0.00338679854758, 0.00123169703875, 0.00135416397825, 0.00102842599154, 0.000478015805129, 0.000526299641933, 0.000191791870748, 8.88251379365e-05, 5.76714301133e-05, 4.45285731985e-05, 3.81974350603e-05, 0.00017150088388, 9.87801831798e-05, 5.25423965883e-05, 1.23555319078e-05, 3.98190695705e-06, 3.90344393963e-06, 1.15947295853e-05, 4.98206827615e-06, 4.75708657177e-06, 3.01784120893e-06, 5.01769090988e-06, 7.47440890336e-06, 9.31617887545e-06, 8.49893604027e-06, 2.89075433102e-06, 2.20546667151e-06, 1.81341499683e-06, 8.53362780617e-06, 7.96200674813e-06, 5.45718285139e-06, 2.83193094219e-06, 1.81858376891e-06, 1.38421842166e-06, 2.9083962545e-06, 2.31632952818e-06, 1.3230338709e-06, 7.86316377344e-07, 3.5435442669e-07],
        "dvar": [0.000159164526849, 3.77084907086e-05, 2.17096453525e-06, 1.48347237428e-06, 1.00618012766e-06, 3.51907459617e-07, 3.80352560114e-07, 9.35224448995e-08, 3.31505631834e-08, 1.11297069338e-08, 7.66551089271e-09, 5.04737496243e-09, 2.16939270103e-07, 7.55094760052e-08, 1.7078850334e-08, 3.64851177048e-10, 7.48303918829e-11, 8.41514913308e-11, 1.06308617465e-09, 1.32240593476e-10, 1.54938242791e-10, 2.12082938017e-11, 6.49600720437e-11, 4.74445593923e-10, 4.71215455544e-10, 4.30487895331e-10, 3.52105809787e-11, 1.6560251434e-11, 1.707076841e-11, 4.32618219026e-10, 2.26177007678e-10, 1.35627203912e-10, 2.93906218807e-11, 9.51252184661e-12, 7.43442373635e-12, 3.95616803206e-11, 2.02554136658e-11, 5.70891294308e-12, 2.2498465764e-12, 5.38503920275e-13],
        "dvar2": [0.0004309185897, 0.000111556699267, 6.27215968052e-06, 4.3435097723e-06, 2.54660949395e-06, 8.05823788141e-07, 9.26243501453e-07, 1.96863155111e-07, 9.00738044152e-08, 3.05076071072e-08, 2.17754578813e-08, 1.39196298932e-08, 6.22681000095e-07, 2.20796138706e-07, 4.96949326134e-08, 9.74029412681e-10, 1.97504998467e-10, 2.26758764543e-10, 3.03279246161e-09, 3.28238547453e-10, 4.22317847359e-10, 4.53549038604e-11, 1.2418054085e-10, 1.04853292715e-09, 1.3314330749e-09, 1.20687870808e-09, 9.32363630746e-11, 3.66299213184e-11, 3.98941019109e-11, 1.21445198342e-09, 5.67628444248e-10, 2.29029267773e-10, 7.13942238662e-11, 2.32249549453e-11, 1.84762153493e-11, 9.23868759273e-11, 4.05495047262e-11, 1.40635125073e-11, 5.56121902001e-12, 1.12071419853e-12],
        "max": [0.126879990101, 0.0653903782368, 0.016240093857, 0.0190278254449, 0.012234014459, 0.0117455683649, 0.00853670015931, 0.00510445795953, 0.00443069543689, 0.00152026710566, 0.000805482908618, 0.000806670810562, 0.00430739112198, 0.00273550860584, 0.0012458107667, 0.00025294572697, 9.9950353615e-05, 0.000139915428008, 0.000373313057935, 0.000224292423809, 0.000303590495605, 9.76512892521e-05, 0.000163610151503, 0.000902351050172, 0.00021830467449, 0.000314284552587, 7.21366232028e-05, 4.44312427135e-05, 4.47358252131e-05, 0.000246423180215, 0.000284390960587, 0.00034764004522, 6.50412112009e-05, 3.47958921338e-05, 3.10934119625e-05, 0.000210434562177, 0.000148789447849, 2.46917043114e-05, 1.99922196771e-05, 2.64085374511e-05],
        "mean": [0.00664710346609, 0.00320006581023, 0.0012027323246, 0.00132514245342, 0.0013961357763, 0.000908623100258, 0.000874447810929, 0.000312064337777, 8.63640743773e-05, 4.87648721901e-05, 3.02253956761e-05, 3.43808278558e-05, 6.59346114844e-05, 3.255673073e-05, 2.13243311009e-05, 8.60101135913e-06, 2.20987749344e-06, 1.95161123884e-06, 4.20501555709e-06, 2.35056540987e-06, 2.46371337198e-06, 3.58380680154e-06, 6.43426074021e-06, 8.19494016469e-06, 5.9277181208e-06, 5.25358791492e-06, 2.45615683525e-06, 2.07726930057e-06, 1.13049441097e-06, 4.75768001706e-06, 7.30736610421e-06, 7.14599673302e-06, 2.16923217522e-06, 1.26512111365e-06, 9.99481699182e-07, 2.26073893828e-06, 2.13325142795e-06, 9.64562786976e-07, 5.63853234326e-07, 2.55315427466e-07],
        "median": [0.00269144400954, 0.00219641206786, 0.000723451492377, 0.000876020640135, 0.000742609787267, 0.000425569713116, 0.000357445562258, 6.19213533355e-05, 2.33389364439e-05, 8.61840271682e-06, 6.82726840751e-06, 7.40412588129e-06, 4.06493518312e-06, 1.36715061672e-06, 3.69298800251e-06, 2.57228680312e-06, 4.65766959223e-07, 4.10708651088e-07, 3.01153647797e-07, 2.79063158359e-07, 2.7390731816e-07, 6.09882135905e-07, 1.28637759644e-06, 1.02160868209e-06, 8.55131531807e-07, 6.82849474742e-07, 6.42723250621e-07, 3.79510083803e-07, 1.9764425474e-07, 1.09624477318e-06, 2.16466764869e-06, 1.50738230786e-06, 5.63775131468e-07, 3.00892878613e-07, 1.90189027194e-07, 5.72738770188e-07, 6.97778943959e-07, 2.21766214281e-07, 1.05333860745e-07, 5.28241272946e-08],
        "min": [1.71180914776e-07, 1.04024294956e-07, 4.83654361005e-08, 2.65780126796e-08, 1.68660605482e-08, 2.11221475865e-08, 1.04389530353e-09, 2.8750302139e-10, 4.45536357807e-10, 5.4586202225e-10, 1.17027054714e-10, 7.34535973712e-11, 1.35227593012e-10, 1.9058933251e-11, 9.06451927407e-11, 1.01221947491e-10, 2.0080449456e-11, 1.05593769839e-10, 6.21918280763e-11, 4.20119945777e-11, 2.54884256062e-11, 3.3831101115e-11, 8.40315872441e-11, 2.05994908631e-11, 4.74143710405e-11, 4.22395660116e-11, 3.57809441798e-11, 2.91752559611e-11, 3.97581585709e-11, 1.64878430353e-10, 2.04727693132e-10, 8.58987464492e-11, 8.81316131185e-11, 5.26826152147e-11, 8.44356598528e-11, 2.87357585643e-11, 7.31992938485e-12, 6.0580603034e-12, 1.81780859896e-12, 2.79307122136e-13],
        "var": [0.000186022429261, 2.86479807983e-05, 2.27524697038e-06, 2.37041376749e-06, 2.88655633085e-06, 1.38799464366e-06, 1.45272383634e-06, 3.5712869817e-07, 4.61164191279e-08, 1.6789138968e-08, 5.83671111443e-09, 5.073004683e-09, 1.24264246892e-07, 4.08958129583e-08, 9.5381009757e-09, 3.45313305727e-10, 5.56753983194e-11, 6.01618269092e-11, 6.23899154562e-10, 1.06027596425e-10, 1.07483771883e-10, 6.96840779524e-11, 2.25535007337e-10, 9.52079637351e-10, 3.44244965866e-10, 3.48460982291e-10, 3.81187928444e-11, 2.53117492244e-11, 1.6002164871e-11, 2.8185176415e-10, 3.22861903879e-10, 5.27346055712e-10, 3.03708169724e-11, 9.28616385176e-12, 7.34675167924e-12, 6.4042465775e-11, 3.93740977322e-11, 5.79626537739e-12, 2.357340885e-12, 7.6616821611e-13]
    },
    "mfcc": {
        "mean": [-705.258972168, 134.496490479, 64.0471801758, 44.516494751, -4.84580039978, 3.61041426659, -2.57887005806, 6.08951807022, -11.1522531509, -12.4086732864, 2.38821792603, 10.2206287384, -7.09132862091],
        "cov": [[6734.28369141, -1948.35473633, -450.021118164, 190.678283691, -193.446533203, -52.6357727051, -156.136535645, 323.192779541, -129.98147583, 5.58758354187, 142.647796631, 150.683166504, -74.3205108643], [-1948.35473633, 1326.43017578, 248.347885132, -26.686504364, 92.8283996582, 114.933944702, 84.3886184692, -96.728263855, 63.3182144165, 43.2575798035, -45.4600219727, -41.2762336731, 53.8127288818], [-450.021118164, 248.347885132, 715.599060059, 93.4401016235, 92.2559585571, 93.6945953369, 46.1941070557, 5.22025918961, 69.5910644531, 28.1852073669, -23.2676258087, -3.49201130867, 8.59581661224], [190.678283691, -26.686504364, 93.4401016235, 283.420471191, 38.2209320068, 10.8530063629, 12.3284358978, 76.2761459351, -7.62808799744, 7.39021587372, 65.9577713013, 41.4066810608, -18.3941802979], [-193.446533203, 92.8283996582, 92.2559585571, 38.2209320068, 264.467468262, 121.432975769, 80.1835327148, 0.994074463844, 88.094871521, 44.4676475525, -17.4382514954, -6.08965873718, 47.3765792847], [-52.6357727051, 114.933944702, 93.6945953369, 10.8530063629, 121.432975769, 279.572753906, 74.2148513794, -23.7246551514, 54.1670875549, 73.198677063, -49.3774490356, -32.9547271729, 6.28935241699], [-156.136535645, 84.3886184692, 46.1941070557, 12.3284358978, 80.1835327148, 74.2148513794, 161.199050903, 62.9066238403, 62.08852005, 33.2577362061, 22.5174999237, 11.4135942459, 36.1242446899], [323.192779541, -96.728263855, 5.22025918961, 76.2761459351, 0.994074463844, -23.7246551514, 62.9066238403, 151.161605835, 31.8274173737, 16.3481044769, 43.7689399719, 31.6837654114, 8.53046226501], [-129.98147583, 63.3182144165, 69.5910644531, -7.62808799744, 88.094871521, 54.1670875549, 62.08852005, 31.8274173737, 139.417480469, 62.3669700623, -10.7426424026, -15.4825992584, 44.072353363], [5.58758354187, 43.2575798035, 28.1852073669, 7.39021587372, 44.4676475525, 73.198677063, 33.2577362061, 16.3481044769, 62.3669700623, 102.442947388, 10.2629995346, 2.73350143433, 29.4393768311], [142.647796631, -45.4600219727, -23.2676258087, 65.9577713013, -17.4382514954, -49.3774490356, 22.5174999237, 43.7689399719, -10.7426424026, 10.2629995346, 130.037033081, 75.0482711792, 16.4692726135], [150.683166504, -41.2762336731, -3.49201130867, 41.4066810608, -6.08965873718, -32.9547271729, 11.4135942459, 31.6837654114, -15.4825992584, 2.73350143433, 75.0482711792, 99.1555786133, 22.988948822], [-74.3205108643, 53.8127288818, 8.59581661224, -18.3941802979, 47.3765792847, 6.28935241699, 36.1242446899, 8.53046226501, 44.072353363, 29.4393768311, 16.4692726135, 22.988948822, 119.897338867]],
