{
"lowlevel": {
    "average_loudness": 0.56502443552,
    "barkbands_crest": {
        "dmean": 3.26235818863,
        "dmean2": 5.53461027145,
        "dvar": 7.87148666382,
        "dvar2": 22.0049591064,
        "max": 25.0404205322,
        "mean": 12.2326126099,
        "median": 11.5220756531,
        "min": 3.85528326035,
        "var": 20.0544834137
    },
    "barkbands_flatness_db": {
        "dmean": 0.0247483532876,
        "dmean2": 0.0407432727516,
        "dvar": 0.000468056532554,
        "dvar2": 0.00139348220546,
        "max": 0.493775904179,
        "mean": 0.28444314003,
        "median": 0.268501549959,
        "min": 0.116192623973,
        "var": 0.00530980806798
    },
    "barkbands_kurtosis": {
        "dmean": 3.138194561,
        "dmean2": 5.29418230057,
        "dvar": 19.4367427826,
        "dvar2": 50.2076225281,
        "max": 51.016784668,
        "mean": 5.12795591354,
        "median": 3.00198554993,
        "min": -1.4623247385,
        "var": 46.2585830688
    },
    "barkbands_skewness": {
        "dmean": 0.549240410328,
        "dmean2": 0.936640620232,
        "dvar": 0.270625889301,
        "dvar2": 0.774277687073,
        "max": 5.77470159531,
        "mean": 1.01971244812,
        "median": 0.931393027306,
        "min": -2.63693189621,
        "var": 1.02658998966
    },
    "barkbands_spread": {
        "dmean": 2.01635026932,
        "dmean2": 3.40720915794,
        "dvar": 3.40559434891,
        "dvar2": 9.17178344727,
        "max": 21.3958187103,
        "mean": 6.93463611603,
        "median": 6.50309705734,
        "min": 0.533578395844,
        "var": 13.1461591721
    },
    "dissonance": {
        "dmean": 0.0405598469079,
        "dmean2": 0.068319901824,
        "dvar": 0.00124404521193,
        "dvar2": 0.00350728607737,
        "max": 0.499188870192,
        "mean": 0.388235211372,
        "median": 0.403270363808,
        "min": 0.144426956773,
        "var": 0.00501939607784
    },
    "dynamic_complexity": 6.87957048416,
    "erbbands_crest": {
        "dmean": 3.38344359398,
        "dmean2": 5.41667461395,
        "dvar": 10.6726675034,
        "dvar2": 26.8364543915,
        "max": 33.3682937622,
        "mean": 14.4681863785,
        "median": 12.6376819611,
        "min": 4.10054445267,
        "var": 41.7692489624
    },
    "erbbands_flatness_db": {
        "dmean": 0.0188857913017,
        "dmean2": 0.0294992364943,
        "dvar": 0.000308882212266,
        "dvar2": 0.000771775899921,
        "max": 0.484761208296,
        "mean": 0.313904762268,
        "median": 0.312640726566,
        "min": 0.153488114476,
        "var": 0.00298006786034
    },
    "erbbands_kurtosis": {
        "dmean": 3.00202012062,
        "dmean2": 4.77392292023,
        "dvar": 36.5204391479,
        "dvar2": 75.7935562134,
        "max": 157.208862305,
        "mean": 4.4240064621,
        "median": 1.54774188995,
        "min": -1.58443164825,
        "var": 98.4330062866
    },
    "erbbands_skewness": {
        "dmean": 0.473956882954,
        "dmean2": 0.754917442799,
        "dvar": 0.230105578899,
        "dvar2": 0.580033898354,
        "max": 8.61906814575,
        "mean": 1.21167957783,
        "median": 1.06721544266,
        "min": -1.19679713249,
        "var": 1.4028595686
    },
    "erbbands_spread": {
        "dmean": 3.19668698311,
        "dmean2": 5.24593830109,
        "dvar": 10.8749980927,
        "dvar2": 28.3547935486,
        "max": 41.521900177,
        "mean": 13.059589386,
        "median": 11.1313638687,
        "min": 0.60709631443,
        "var": 52.4012641907
    },
    "hfc": {
        "dmean": 3.59347724915,
        "dmean2": 5.8557806015,
        "dvar": 39.270690918,
        "dvar2": 102.48274231,
        "max": 80.7925262451,
        "mean": 9.72328186035,
        "median": 5.24128198624,
        "min": 1.19991118481e-05,
        "var": 138.751098633
    },
    "melbands_crest": {
        "dmean": 3.60347890854,
        "dmean2": 5.93908023834,
        "dvar": 11.0946044922,
        "dvar2": 28.6464710236,
        "max": 31.1744308472,
        "mean": 14.5791912079,
        "median": 13.4966230392,
        "min": 5.35483074188,
        "var": 31.2888412476
    },
    "melbands_flatness_db": {
        "dmean": 0.0213672146201,
        "dmean2": 0.0332625247538,
        "dvar": 0.000328430556692,
        "dvar2": 0.00080848147627,
        "max": 0.583048582077,
        "mean": 0.350970685482,
        "median": 0.32979041338,
        "min": 0.15242163837,
        "var": 0.00896783079952
    },
    "melbands_kurtosis": {
        "dmean": 3.06895494461,
        "dmean2": 4.93136167526,
        "dvar": 24.9122867584,
        "dvar2": 60.2398643494,
        "max": 94.0893554688,
        "mean": 6.45084571838,
        "median": 4.02736663818,
        "min": -1.53643977642,
        "var": 65.6431884766
    },
    "melbands_skewness": {
        "dmean": 0.47822290659,
        "dmean2": 0.752231955528,
        "dvar": 0.188590973616,
        "dvar2": 0.447809368372,
        "max": 6.85821962357,
        "mean": 1.20133244991,
        "median": 1.11999499798,
        "min": -2.43322324753,
        "var": 1.10896265507
    },
    "melbands_spread": {
        "dmean": 2.2404654026,
        "dmean2": 3.67075991631,
        "dvar": 4.96763515472,
        "dvar2": 12.4665403366,
        "max": 28.0241546631,
        "mean": 8.8547077179,
        "median": 8.2688627243,
        "min": 0.836066842079,
        "var": 21.6858997345
    },
    "pitch_salience": {
        "dmean": 0.0857681781054,
        "dmean2": 0.142319232225,
        "dvar": 0.00523934327066,
        "dvar2": 0.0151210613549,
        "max": 0.818079411983,
        "mean": 0.555648028851,
        "median": 0.568793773651,
        "min": 0.149891212583,
        "var": 0.0144780399278
    },
    "silence_rate_20dB": {
        "dmean": 0,
        "dmean2": 0,
        "dvar": 0,
        "dvar2": 0,
        "max": 1,
        "mean": 1,
        "median": 1,
        "min": 1,
        "var": 0
    },
    "silence_rate_30dB": {
        "dmean": 0.00464396271855,
        "dmean2": 0.00929511990398,
        "dvar": 0.00462230527773,
        "dvar2": 0.0138557991013,
        "max": 1,
        "mean": 0.997679829597,
        "median": 1,
        "min": 0,
        "var": 0.00231488491409
    },
    "silence_rate_60dB": {
        "dmean": 0.0232198145241,
        "dmean2": 0.0464756004512,
        "dvar": 0.0226809196174,
        "dvar2": 0.0520612224936,
        "max": 1,
        "mean": 0.334106743336,
        "median": 0,
        "min": 0,
        "var": 0.222482249141
    },
    "spectral_centroid": {
        "dmean": 64.3762130737,
        "dmean2": 102.322883606,
        "dvar": 5326.08251953,
        "dvar2": 13241.1474609,
        "max": 1538.44299316,
        "mean": 580.270385742,
        "median": 564.760559082,
        "min": 255.26423645,
        "var": 34657.2539062
    },
    "spectral_complexity": {
        "dmean": 1.48452007771,
        "dmean2": 2.53911685944,
        "dvar": 2.22500967979,
        "dvar2": 6.39250326157,
        "max": 26,
        "mean": 10.0348024368,
        "median": 9,
        "min": 0,
        "var": 32.1325721741
    },
    "spectral_decrease": {
        "dmean": 1.78789394401e-09,
        "dmean2": 2.88957768824e-09,
        "dvar": 8.25020926692e-18,
        "dvar2": 2.10639226881e-17,
        "max": -1.50850435387e-14,
        "mean": -4.65967131547e-09,
        "median": -2.55201126897e-09,
        "min": -3.37446159904e-08,
        "var": 2.7923397327e-17
    },
    "spectral_energy": {
        "dmean": 0.00705870473757,
        "dmean2": 0.0114184226841,
        "dvar": 0.000129668987938,
        "dvar2": 0.000331233342877,
        "max": 0.133836492896,
        "mean": 0.0184685960412,
        "median": 0.0101821962744,
        "min": 5.80228949332e-08,
        "var": 0.000439636700321
    },
    "spectral_energyband_high": {
        "dmean": 3.22524897456e-06,
        "dmean2": 5.35424169357e-06,
        "dvar": 7.21222803701e-11,
        "dvar2": 2.11337905509e-10,
        "max": 0.000219963330892,
        "mean": 1.16449800771e-05,
        "median": 4.93045217809e-06,
        "min": 1.75708086969e-10,
        "var": 3.2932184757e-10
    },
    "spectral_energyband_low": {
        "dmean": 0.000523029710166,
        "dmean2": 0.000837260391563,
        "dvar": 2.38209554482e-06,
        "dvar2": 5.61417118661e-06,
        "max": 0.0354478694499,
        "mean": 0.00153800763655,
        "median": 0.000562711793464,
        "min": 2.06150758686e-08,
        "var": 1.29561158246e-05
    },
    "spectral_energyband_middle_high": {
        "dmean": 0.000810878816992,
        "dmean2": 0.00134040613193,
        "dvar": 5.84077542953e-06,
        "dvar2": 1.54211993504e-05,
        "max": 0.0398207604885,
        "mean": 0.00209825253114,
        "median": 0.000716140319128,
        "min": 1.57661594891e-09,
        "var": 1.74338838406e-05
    },
    "spectral_energyband_middle_low": {
        "dmean": 0.00668490258977,
        "dmean2": 0.0106124756858,
        "dvar": 0.000125487378682,
        "dvar2": 0.000323398096953,
        "max": 0.129906222224,
        "mean": 0.0148701705039,
        "median": 0.00788748264313,
        "min": 2.39613946462e-08,
        "var": 0.000335308490321
    },
    "spectral_entropy": {
        "dmean": 0.161456733942,
        "dmean2": 0.252093881369,
        "dvar": 0.0220752302557,
        "dvar2": 0.0535453669727,
        "max": 7.68967914581,
        "mean": 6.26736545563,
        "median": 6.46704530716,
        "min": 4.61262655258,
        "var": 0.437974125147
    },
    "spectral_flux": {
        "dmean": 0.0166715402156,
        "dmean2": 0.0287446957082,
        "dvar": 0.000420987053076,
        "dvar2": 0.00125893612858,
        "max": 0.259411543608,
        "mean": 0.0567416548729,
        "median": 0.0500481985509,
        "min": 0.000824410235509,
        "var": 0.0018175895093
    },
    "spectral_kurtosis": {
        "dmean": 13.5671300888,
        "dmean2": 23.3348655701,
        "dvar": 294.486694336,
        "dvar2": 824.535217285,
        "max": 237.309570312,
        "mean": 43.087310791,
        "median": 18.2042789459,
        "min": 2.03815317154,
        "var": 2641.99047852
    },
    "spectral_rms": {
        "dmean": 0.000674270733725,
        "dmean2": 0.00108604074921,
        "dvar": 6.15235649093e-07,
        "dvar2": 1.55897191689e-06,
        "max": 0.0114268185571,
        "mean": 0.00355133484118,
        "median": 0.00315180118196,
        "min": 7.52380901758e-06,
        "var": 5.4061542869e-06
    },
    "spectral_rolloff": {
        "dmean": 104.999069214,
        "dmean2": 186.142532349,
        "dvar": 25235.4335938,
        "dvar2": 65945.7265625,
        "max": 2024.12109375,
        "mean": 639.99987793,
        "median": 581.396484375,
        "min": 21.533203125,
        "var": 71223.5234375
    },
    "spectral_skewness": {
        "dmean": 0.787854909897,
        "dmean2": 1.3658028841,
        "dvar": 0.621163249016,
        "dvar2": 1.77220106125,
        "max": 12.8752450943,
        "mean": 4.18150901794,
        "median": 2.88254499435,
        "min": 1.06744730473,
        "var": 8.19262981415
    },
    "spectral_spread": {
        "dmean": 234861.578125,
        "dmean2": 396287.8125,
        "dvar": 68514402304,
        "dvar2": 121151643648,
        "max": 9283485,
        "mean": 1756955.375,
        "median": 1847725,
        "min": 370540,
        "var": 539141701632
    },
    "spectral_strongpeak": {
        "dmean": 0.543721675873,
        "dmean2": 0.88947302103,
        "dvar": 0.638723015785,
        "dvar2": 1.65084028244,
        "max": 10.5945329666,
        "mean": 1.10850465298,
        "median": 0.683381438255,
        "min": 0,
        "var": 1.49905264378
    },
    "zerocrossingrate": {
        "dmean": 0.00258690793999,
        "dmean2": 0.0033737171907,
        "dvar": 6.02952923145e-06,
        "dvar2": 9.93388221104e-06,
        "max": 0.05419921875,
        "mean": 0.0254827681929,
        "median": 0.025390625,
        "min": 0.00439453125,
        "var": 8.01168134785e-05
    },
    "barkbands": {
        "dmean": [0.000322334264638, 0.000328399211867, 0.0001801278122, 0.000156803042046, 0.000543961883523, 0.0015638313489, 0.00302658625878, 0.00306214950979, 0.000984017271549, 0.000366186985048, 0.00041318955482, 0.000296220125165, 7.40141622373e-05, 5.39835564268e-05, 0.000101806741441, 3.50259251718e-05, 3.44545806001e-05, 2.12393533729e-05, 1.29598001877e-05, 5.7028610172e-06, 1.00291254057e-06, 8.35429887047e-07, 5.40845121577e-07, 4.15650106333e-07, 8.77779342545e-08, 6.37407349124e-10, 6.39782615774e-10],
        "dmean2": [0.000609803188127, 0.000514944724273, 0.000270644173725, 0.000253267440712, 0.000867651076987, 0.00239711790346, 0.00479764677584, 0.00505109224468, 0.00159795873333, 0.000617736834101, 0.000672053429298, 0.000507170625497, 0.000127827748656, 9.36181895668e-05, 0.000165384612046, 5.90075760556e-05, 5.96755016886e-05, 3.66015083273e-05, 2.20358760998e-05, 9.89693035081e-06, 1.74518231688e-06, 1.38009352213e-06, 9.14578436095e-07, 6.80443065448e-07, 1.30778005314e-07, 1.14638665227e-09, 1.16447751441e-09],
        "dvar": [7.07970116309e-07, 1.19245339647e-06, 4.08120683915e-07, 7.49187307747e-08, 6.56032796087e-07, 8.42999725137e-06, 4.11408145737e-05, 5.49524993403e-05, 1.03368065538e-05, 2.02317801268e-06, 3.45421926795e-06, 1.17480817607e-06, 5.06934725308e-08, 1.55955710568e-08, 1.95736916453e-07, 6.05968430989e-09, 4.73355532549e-09, 1.46909162613e-09, 5.94361393436e-10, 2.02484820577e-10, 7.24376331487e-12, 5.28170432737e-12, 1.54210205803e-12, 1.40731642919e-12, 1.65782006721e-13, 1.24866325585e-18, 1.20536272893e-18],
        "dvar2": [2.5734098017e-06, 2.63520792032e-06, 9.26104291921e-07, 2.05581841328e-07, 1.68045016835e-06, 1.85314438568e-05, 9.73549977061e-05, 0.000144458303112, 2.51673045568e-05, 5.85321322433e-06, 8.50007563713e-06, 3.44708428202e-06, 1.54536948571e-07, 4.6917040919e-08, 4.72898790349e-07, 1.67253215722e-08, 1.47444376708e-08, 4.13306899816e-09, 1.6342913689e-09, 5.41132194609e-10, 2.10888771723e-11, 1.39817428468e-11, 4.03836599577e-12, 3.22457750605e-12, 2.86750468205e-13, 3.51502377652e-18, 3.6647389179e-18],
        "max": [0.0134500898421, 0.030625147745, 0.0152103677392, 0.0041742073372, 0.0101231718436, 0.041800212115, 0.09434440732, 0.100463166833, 0.0871760547161, 0.020078772679, 0.0384790934622, 0.0175432320684, 0.0042863432318, 0.00237288558856, 0.0114053813741, 0.00150315905921, 0.00108020484913, 0.000606773712207, 0.000471956940601, 0.000349445908796, 4.63575779577e-05, 5.77573409828e-05, 2.44847797148e-05, 3.90604327549e-05, 1.32455415951e-05, 1.35456259542e-08, 1.20950582883e-08],
        "mean": [0.000317808066029, 0.00090892490698, 0.000422819168307, 0.000289522955427, 0.00126331776846, 0.00297245243564, 0.0045029646717, 0.00410711439326, 0.00142504216637, 0.000516324013006, 0.000641060818452, 0.000456031324575, 0.00012560817413, 9.33006376727e-05, 0.00017402539379, 6.81507517584e-05, 7.39597016945e-05, 5.35468461749e-05, 3.66719068552e-05, 1.23110849017e-05, 2.29321449297e-06, 2.18261334339e-06, 1.58536954586e-06, 1.38673442507e-06, 2.00888351287e-07, 6.93266666296e-10, 5.97872584773e-10],
        "median": [8.64249304868e-05, 0.000171494495589, 0.000103270067484, 7.96110107331e-05, 0.000807660457212, 0.000827356299851, 0.000895900302567, 0.000744881050196, 0.000290448777378, 7.50016479287e-05, 7.83432915341e-05, 2.51135552389e-05, 4.45802616014e-05, 2.94930068776e-05, 2.54023052548e-05, 2.16026255657e-05, 3.69498811779e-05, 2.32104448514e-05, 1.39177263918e-05, 4.95270069223e-06, 9.66626203081e-07, 7.88747115621e-07, 6.45839008939e-07, 5.62956188332e-07, 4.9023260118e-08, 2.29528007711e-10, 1.80742767975e-10],
        "min": [5.16335774137e-09, 3.74337938425e-09, 5.71475045064e-09, 2.47477571769e-09, 1.2554643547e-08, 3.10154035787e-09, 1.17357590312e-09, 3.44012196507e-09, 5.06076958118e-10, 1.17557874546e-09, 2.5024063377e-10, 1.55302951055e-10, 2.42108111337e-10, 1.69297475344e-11, 1.07290981655e-11, 4.29496022081e-12, 5.66602580826e-12, 9.09260167159e-12, 1.08885383349e-11, 9.69325401196e-12, 1.17196755772e-11, 1.45429007378e-11, 3.80458546612e-11, 2.9991578665e-11, 3.40212233385e-11, 1.7970305799e-11, 2.48601764175e-11],
        "var": [8.50767776228e-07, 6.30145541436e-06, 1.86367208244e-06, 2.33186597143e-07, 1.97840472538e-06, 2.46510662691e-05, 8.16251413198e-05, 8.6494415882e-05, 1.74516153493e-05, 3.00575720757e-06, 6.68367192702e-06, 2.32758020502e-06, 8.39804741304e-08, 2.38622170912e-08, 3.98829740789e-07, 1.53331782826e-08, 1.11397397973e-08, 5.74869307712e-09, 3.08112335645e-09, 5.67741409441e-10, 1.79133912565e-11, 1.49366387314e-11, 6.57319814898e-12, 8.33055152638e-12, 6.36536288089e-13, 1.60710563748e-18, 1.12640182541e-18]
    },
    "erbbands": {
        "dmean": [0.00639308709651, 0.0862653031945, 0.238389626145, 0.285077512264, 1.01413536072, 2.20025777817, 7.57121658325, 13.3356256485, 19.6757850647, 85.0648498535, 46.8831748962, 22.6090145111, 14.0330114365, 7.55189371109, 15.0097532272, 12.9317159653, 3.98660707474, 2.59106588364, 4.84787750244, 3.42278170586, 1.51244294643, 1.70019686222, 1.22785246372, 0.756618797779, 0.613560795784, 0.343551456928, 0.0540985129774, 0.0309656374156, 0.0246986448765, 0.0221980698407, 0.0144259138033, 0.0125480480492, 0.00496411789209, 0.0017127454048, 0.000127103237901, 8.34174898046e-06, 2.55336794908e-06, 6.29892895176e-07, 3.36699554282e-06, 7.94202424004e-06],
        "dmean2": [0.00984044093639, 0.13518320024, 0.361322462559, 0.45756727457, 1.59804260731, 3.56745576859, 11.7353315353, 20.5076694489, 31.0918769836, 140.075561523, 75.1739425659, 36.3618965149, 23.6560077667, 12.7598352432, 24.8134536743, 22.1833591461, 6.96323919296, 4.3834939003, 7.56962490082, 5.6896686554, 2.59352231026, 2.94909024239, 2.09644079208, 1.3067882061, 1.04443407059, 0.597374737263, 0.0925987660885, 0.0529683493078, 0.0412280224264, 0.0357126034796, 0.0243975687772, 0.0200418233871, 0.00765316328034, 0.00244194758125, 0.000200607188162, 1.33043358801e-05, 4.14485066358e-06, 1.04898447262e-06, 5.44177783013e-06, 1.28578449221e-05],
        "dvar": [0.000617208832409, 0.0813861340284, 0.768188297749, 0.198997452855, 3.26170563698, 12.4458284378, 165.544677734, 708.18572998, 1924.29003906, 39899.9296875, 17312.2226562, 5693.71289062, 3191.18994141, 843.74005127, 3792.95825195, 2593.28759766, 126.426170349, 23.1065921783, 629.546264648, 75.3394546509, 10.4430475235, 9.66715908051, 5.07055568695, 2.47640180588, 1.49285328388, 0.85721808672, 0.0165727771819, 0.00551491510123, 0.00402294099331, 0.00316228624433, 0.00110142095946, 0.00108188763261, 0.000306187546812, 6.64896288072e-05, 3.50821153461e-07, 6.49131803865e-10, 1.56391011252e-11, 9.44718912474e-13, 3.00103865369e-11, 1.65565977595e-10],
        "dvar2": [0.000900721817743, 0.193977385759, 1.81186199188, 0.54105335474, 8.40255641937, 34.9640655518, 355.299743652, 1579.90527344, 4604.78759766, 102853.5, 43387.1484375, 13857.4423828, 9272.57910156, 2212.70800781, 9819.64941406, 7689.02880859, 391.847839355, 67.5865097046, 1473.27661133, 197.798675537, 29.8800621033, 30.2861061096, 14.8012094498, 7.34177112579, 3.97357749939, 2.29252552986, 0.0439331457019, 0.015589652583, 0.0106807593256, 0.00745721906424, 0.00287073897198, 0.00279937288724, 0.000581910775509, 0.000105295439425, 8.41495648274e-07, 1.48910506148e-09, 3.8876537406e-11, 2.51227792909e-12, 7.66154917287e-11, 4.23188067922e-10],
        "max": [1.22169029713, 6.03928565979, 21.3945598602, 6.1937379837, 33.7460365295, 43.9361763, 169.358963013, 499.615234375, 787.448730469, 2588.86962891, 2353.49316406, 2137.24438477, 860.975402832, 556.635131836, 1265.5411377, 821.463439941, 191.000946045, 75.1977005005, 717.787841797, 211.683456421, 48.3925476074, 42.8520507812, 37.7415771484, 32.5487785339, 26.7295246124, 22.9078769684, 2.32900595665, 1.76575124264, 1.339220047, 1.34488201141, 0.786120593548, 0.823389410973, 0.593647778034, 0.293158262968, 0.0197569727898, 0.000882359803654, 5.54773687327e-05, 1.36236185426e-05, 6.57392447465e-05, 0.000151521031512],
        "mean": [0.018737161532, 0.227435469627, 0.592248558998, 0.604857623577, 2.31572842598, 4.66560459137, 14.4757499695, 25.4437294006, 32.9214744568, 118.891807556, 73.3954696655, 36.7504768372, 20.1120147705, 13.9427585602, 25.9271507263, 20.4274177551, 7.08004951477, 5.11683750153, 8.54209899902, 6.62077713013, 3.35106706619, 3.97883653641, 3.12836027145, 2.19762897491, 1.5680513382, 0.739555835724, 0.150524184108, 0.0777365192771, 0.0689836367965, 0.0621334277093, 0.0450012646616, 0.0362676680088, 0.0171685740352, 0.00467598019168, 0.000283281173324, 2.41233883571e-05, 7.75759690441e-06, 1.81248594799e-06, 9.08607489691e-06, 2.09403588087e-05],
        "median": [0.00390653219074, 0.0416637733579, 0.154199555516, 0.233274057508, 1.07243847847, 2.96432685852, 5.45945930481, 6.8893904686, 9.94602680206, 16.5866546631, 17.0288887024, 7.75886392593, 4.15685844421, 1.97911190987, 3.55951404572, 1.90695035458, 2.87248682976, 2.17364597321, 1.40007376671, 1.44885492325, 1.45135331154, 1.94955348969, 1.48111021519, 0.944804430008, 0.620040714741, 0.301819503307, 0.0709377080202, 0.033549811691, 0.0257264543325, 0.0227037575096, 0.0172930825502, 0.0127371149138, 0.00770054804161, 0.00145505380351, 6.90404049237e-05, 1.34187612275e-05, 5.37324331162e-06, 1.16789703952e-06, 5.14483417646e-06, 1.16738983706e-05],
        "min": [2.7581336326e-07, 5.11781308887e-07, 5.22787240698e-06, 9.17892521102e-06, 1.41959790199e-05, 3.71346759493e-05, 4.55222980236e-05, 1.97139452212e-05, 8.47374667501e-06, 7.16227441444e-05, 3.63291146641e-05, 1.42280259752e-05, 4.17090886913e-05, 1.2147103007e-05, 1.18115995065e-05, 5.38149151907e-06, 1.20012246043e-05, 1.38185737342e-06, 7.18387070719e-07, 4.50181119049e-07, 2.43681910206e-07, 3.03524643641e-07, 5.47429294784e-07, 2.99151167837e-07, 6.26646226465e-07, 3.81899468493e-07, 5.59892384899e-07, 4.60008664049e-07, 5.82787777148e-07, 8.37649736241e-07, 9.65918388829e-07, 7.21960816463e-07, 5.31785360636e-07, 4.97860412452e-07, 1.42680775639e-07, 7.57897211656e-08, 3.7847694756e-08, 1.14619007618e-08, 3.03361624709e-09, 4.60658150514e-10],
        "var": [0.00630435813218, 0.335528492928, 2.98206973076, 0.703957617283, 11.9892463684, 27.456571579, 462.066070557, 1953.40429688, 3946.41186523, 67190.3046875, 34581.2851562, 11262.4892578, 4316.28076172, 1913.8182373, 7880.06347656, 5066.41357422, 214.000213623, 53.7081336975, 1443.63354492, 168.475387573, 28.4434299469, 29.0686779022, 18.4100761414, 10.840212822, 6.30381679535, 2.32935333252, 0.062344994396, 0.0168699920177, 0.0132221095264, 0.0121310660616, 0.00567186018452, 0.00498225865886, 0.00180008460302, 0.000292541313684, 1.21758375826e-06, 2.64177235643e-09, 6.99834634688e-11, 3.96153075621e-12, 1.05296826813e-10, 5.65307578526e-10]
    },
    "gfcc": {
        "mean": [-175.202667236, 202.15071106, -126.419494629, -0.22366091609, -65.251373291, -13.8405132294, -29.8994369507, -6.97271966934, 3.093957901, -21.8668289185, 13.2820053101, -18.362165451, -0.0770906955004],
        "cov": [[16562.8613281, -2449.57080078, -5086.59423828, 2129.78369141, 1.50565910339, -659.295593262, -576.330749512, 614.616699219, 675.28704834, -11.7215270996, 749.658508301, -217.874679565, -105.247291565], [-2449.57080078, 928.208862305, 966.94543457, -668.864624023, 213.421875, 163.636688232, 204.960357666, -158.728530884, -54.1116600037, 18.4909515381, -148.479446411, 26.7769546509, -2.60523867607], [-5086.59423828, 966.94543457, 2091.34765625, -769.745910645, -162.278015137, 212.175811768, 250.150680542, -229.970535278, -231.30456543, -1.93435132504, -235.089569092, 67.7710113525, 41.0956192017], [2129.78369141, -668.864624023, -769.745910645, 749.866088867, -43.0101509094, -204.917404175, -252.183746338, 140.863601685, 134.17388916, -16.3797092438, 120.761779785, -40.1243515015, 2.34213685989], [1.50565910339, 213.421875, -162.278015137, -43.0101509094, 414.888824463, -15.1009531021, -76.1902236938, 25.5005741119, 158.530761719, 81.7203216553, -21.1907463074, -5.84950685501, -17.8249988556], [-659.295593262, 163.636688232, 212.175811768, -204.917404175, -15.1009531021, 252.339736938, 188.589233398, -42.2377738953, -119.788955688, -19.9285984039, -34.7902145386, 18.3492336273, 1.95539367199], [-576.330749512, 204.960357666, 250.150680542, -252.183746338, -76.1902236938, 188.589233398, 282.77243042, -12.9861555099, -129.89553833, -51.2042694092, -18.0265750885, 27.0757751465, -8.65371894836], [614.616699219, -158.728530884, -229.970535278, 140.863601685, 25.5005741119, -42.2377738953, -12.9861555099, 112.681800842, 75.3904647827, 9.68169593811, 36.8027954102, -9.3588218689, -10.418595314], [675.28704834, -54.1116600037, -231.30456543, 134.17388916, 158.530761719, -119.788955688, -129.89553833, 75.3904647827, 211.556671143, 82.8078384399, 20.1207046509, -30.6750106812, -11.4171361923], [-11.7215270996, 18.4909515381, -1.93435132504, -16.3797092438, 81.7203216553, -19.9285984039, -51.2042694092, 9.68169593811, 82.8078384399, 88.3951950073, 11.3445453644, -1.68931901455, 1.86936044693], [749.658508301, -148.479446411, -235.089569092, 120.761779785, -21.1907463074, -34.7902145386, -18.0265750885, 36.8027954102, 20.1207046509, 11.3445453644, 85.506942749, 18.5035972595, 1.22285652161], [-217.874679565, 26.7769546509, 67.7710113525, -40.1243515015, -5.84950685501, 18.3492336273, 27.0757751465, -9.3588218689, -30.6750106812, -1.68931901455, 18.5035972595, 52.8231315613, 22.3605651855], [-105.247291565, -2.60523867607, 41.0956192017, 2.34213685989, -17.8249988556, 1.95539367199, -8.65371894836, -10.418595314, -11.4171361923, 1.86936044693, 1.22285652161, 22.3605651855, 46.1990966797]],
        "icov": [[0.000408488616813, -0.000595547724515, 0.000989386113361, -0.000255042250501, 0.000842249020934, -0.000136229253258, -2.17771994357e-05, 8.33497688291e-05, -0.000848820840474, 0.00032035226468, -0.00143344001845, 0.000791060796473, -0.000192374835024], [-0.000595547724515, 0.0150019451976, -0.00649440987036, 0.00695642456412, -0.0110390549526, 0.0017843086971, -0.00616881577298, 0.0108990129083, -0.0075092818588, 0.0116931032389, -0.005471191369, 0.00611710641533, -0.00326354452409], [0.000989386113361, -0.00649440987036, 0.00548615353182, -0.00262406491674, 0.00639003375545, -0.000420494936407, 0.00150585453957, -0.00293180649169, 0.00117829360534, -0.00524515286088, 0.00290041905828, -0.00309002632275, 0.00116703636013], [-0.000255042250501, 0.00695642456412, -0.00262406491674, 0.00798314623535, -0.00420270161703, -0.000577302649617, 0.00188936933409, 0.00137168879155, -0.00441248249263, 0.00983692146838, -0.00703118974343, 0.00539164757356, -0.00310506881215], [0.000842249020934, -0.0110390549526, 0.00639003375545, -0.00420270161703, 0.0136778634042, -0.00339201861061, 0.00555904163048, -0.0067096054554, -0.000542093766853, -0.00819687452167, 0.005984663032, -0.00840600766242, 0.00488205999136], [-0.000136229253258, 0.0017843086971, -0.000420494936407, -0.000577302649617, -0.00339201861061, 0.0119067216292, -0.00880280137062, 0.00255117588677, 0.00587891601026, -0.00602354761213, 0.00407871184871, 0.00169399043079, -0.00192394759506], [-2.17771994357e-05, -0.00616881577298, 0.00150585453957, 0.00188936933409, 0.00555904163048, -0.00880280137062, 0.0176609270275, -0.0122457174584, 0.00399597547948, 0.00261020474136, -0.00291585433297, -0.00315683172084, 0.0037181971129], [8.33497688291e-05, 0.0108990129083, -0.00293180649169, 0.00137168879155, -0.0067096054554, 0.00255117588677, -0.0122457174584, 0.0290151052177, -0.0160756837577, 0.010275057517, -0.00564127182588, 0.00264370255172, -0.000623070867732], [-0.000848820840474, -0.0075092818588, 0.00117829360534, -0.00441248249263, -0.000542093766853, 0.00587891601026, 0.00399597547948, -0.0160756837577, 0.0295731667429, -0.0223694015294, 0.00964013114572, 0.00114991550799, 0.000885386369191], [0.00032035226468, 0.0116931032389, -0.00524515286088, 0.00983692146838, -0.00819687452167, -0.00602354761213, 0.00261020474136, 0.010275057517, -0.0223694015294, 0.0412241742015, -0.021354842931, 0.00951968040317, -0.00578381819651], [-0.00143344001845, -0.005471191369, 0.00290041905828, -0.00703118974343, 0.005984663032, 0.00407871184871, -0.00291585433297, -0.00564127182588, 0.00964013114572, -0.021354842931, 0.0438956022263, -0.0270199272782, 0.00968273263425], [0.000791060796473, 0.00611710641533, -0.00309002632275, 0.00539164757356, -0.00840600766242, 0.00169399043079, -0.00315683172084, 0.00264370255172, 0.00114991550799, 0.00951968040317, -0.0270199272782, 0.0469639450312, -0.0208042580634], [-0.000192374835024, -0.00326354452409, 0.00116703636013, -0.00310506881215, 0.00488205999136, -0.00192394759506, 0.0037181971129, -0.000623070867732, 0.000885386369191, -0.00578381819651, 0.00968273263425, -0.0208042580634, 0.032929379493]]
    },
    "melbands": {
        "dmean": [8.18463377072e-05, 0.000120235512441, 6.86882267473e-05, 0.00010492378351, 0.000233389015193, 0.000297458900604, 0.00037034865818, 0.000882637570612, 0.000336365075782, 0.000125358783407, 6.810103514e-05, 2.87871462206e-05, 5.98840815655e-05, 3.76829593733e-05, 1.86824854609e-05, 5.62840887142e-06, 5.12927499585e-06, 7.7436261563e-06, 5.57909561394e-06, 3.63160688721e-06, 1.78874972789e-06, 2.0665820557e-06, 1.61658999787e-06, 1.1029635516e-06, 6.68234577006e-07, 6.07777337791e-07, 2.57260722947e-07, 2.22668290917e-07, 3.46584201338e-08, 3.49413511458e-08, 1.87479454183e-08, 1.63455435853e-08, 1.53215449217e-08, 1.33617925613e-08, 1.02666186663e-08, 6.86582968257e-09, 8.36409430605e-09, 4.17545020781e-09, 3.08190273302e-09, 1.07524700255e-09],
        "dmean2": [0.000131885608425, 0.00018304065452, 0.000109148641059, 0.000168566868524, 0.000362365273759, 0.000455918750959, 0.000582522305194, 0.00145960634109, 0.00054956797976, 0.0002028982708, 0.000114781498269, 4.90896527481e-05, 9.93162611849e-05, 6.24417371e-05, 3.24982829625e-05, 9.6740814115e-06, 8.76372723724e-06, 1.22779665617e-05, 9.22954404814e-06, 6.08821665082e-06, 3.08298081109e-06, 3.588149184e-06, 2.78459560832e-06, 1.93548248717e-06, 1.15465934414e-06, 1.0493689615e-06, 4.32439463793e-07, 3.90747260326e-07, 5.80843142473e-08, 6.10582517879e-08, 3.12215675535e-08, 2.77485554534e-08, 2.51875427182e-08, 2.16637587869e-08, 1.7551469611e-08, 1.11271676317e-08, 1.37813049861e-08, 6.4638077113e-09, 4.46613235283e-09, 1.53253465474e-09],
        "dvar": [6.38612576154e-08, 1.8070325325e-07, 1.27812853634e-08, 2.90534281078e-08, 1.38043702691e-07, 3.34025827442e-07, 5.71115208459e-07, 4.24845984526e-06, 1.02462706764e-06, 1.70647780351e-07, 7.82910589692e-08, 1.27451365017e-08, 7.34080245479e-08, 1.69643730175e-08, 3.8848293471e-09, 1.89377638571e-10, 9.98957652709e-11, 1.50853463055e-09, 3.67714192429e-10, 7.7652877184e-11, 1.64917142442e-11, 1.63782546553e-11, 1.07130849331e-11, 4.93543400593e-12, 2.15669994884e-12, 1.58275129114e-12, 2.37035082317e-13, 3.79014636516e-13, 8.53800994613e-15, 1.24574143522e-14, 3.24734051362e-15, 2.12588943201e-15, 2.13282832591e-15, 1.20918421319e-15, 5.55122100224e-16, 2.83136829776e-16, 5.0418709743e-16, 2.24860777716e-16, 1.19310334563e-16, 3.61225703773e-17],
        "dvar2": [1.24212562014e-07, 4.39031765609e-07, 3.4976103791e-08, 7.17925061622e-08, 2.9679492286e-07, 7.40264908927e-07, 1.37134736633e-06, 1.12098705358e-05, 2.61459967987e-06, 4.12042027165e-07, 2.26722264074e-07, 3.40868133719e-08, 1.87995311762e-07, 4.87985722941e-08, 1.17921077347e-08, 5.78947612073e-10, 2.95848873177e-10, 3.44207506942e-09, 9.35004185187e-10, 2.04356032096e-10, 4.85214403378e-11, 5.08237965602e-11, 3.29346862282e-11, 1.43160839086e-11, 6.44142334957e-12, 4.2968011961e-12, 6.21315011159e-13, 1.03223332659e-12, 2.01011336889e-14, 3.83121607898e-14, 8.46713192317e-15, 5.71598246301e-15, 5.18413725169e-15, 2.89395116825e-15, 1.55247131424e-15, 6.58617191462e-16, 1.34565498528e-15, 4.45666649896e-16, 2.09179550885e-16, 6.40016440584e-17],
        "max": [0.00944837555289, 0.00986803043634, 0.00168995314743, 0.00248496816494, 0.00498484820127, 0.00981149449944, 0.0119616640732, 0.0248176157475, 0.0172055792063, 0.0114756682888, 0.00427383091301, 0.00198875856586, 0.00572385778651, 0.00225016940385, 0.000935212185141, 0.000213338076719, 0.000162088952493, 0.00115551531781, 0.000454778404674, 0.000175478024175, 7.39279275876e-05, 5.78446124564e-05, 5.19442182849e-05, 3.91590547224e-05, 3.0372524634e-05, 2.35569550568e-05, 9.02382089407e-06, 1.44811401697e-05, 1.9053828737e-06, 1.93868595488e-06, 1.67969926679e-06, 1.22776043554e-06, 1.22165931771e-06, 8.03273280781e-07, 4.79401819575e-07, 3.98911851107e-07, 5.44356737464e-07, 4.6229547479e-07, 4.22648724907e-07, 1.95570066808e-07],
        "mean": [0.000224162213271, 0.000319286860758, 0.000155806381372, 0.000249144679401, 0.000465662888018, 0.000570301664993, 0.000592325814068, 0.00122586882208, 0.000549253833015, 0.000189339756616, 9.40236277529e-05, 5.06081014464e-05, 9.49072054937e-05, 5.85573616263e-05, 2.95236113743e-05, 1.02501890069e-05, 9.23507559492e-06, 1.30949956656e-05, 1.03757593024e-05, 6.88095133228e-06, 3.41236705026e-06, 4.3221289161e-06, 3.36145444635e-06, 2.52600170825e-06, 1.66293727943e-06, 1.42033979955e-06, 6.59757972699e-07, 4.20894139097e-07, 8.101073945e-08, 6.65700454761e-08, 4.17444070422e-08, 3.97975732369e-08, 3.83492775313e-08, 3.23597859619e-08, 2.75446900844e-08, 2.07255759221e-08, 2.17840447903e-08, 1.25181740529e-08, 8.4416607038e-09, 2.27461605107e-09],
        "median": [6.03448170295e-05, 8.49902571645e-05, 6.11330397078e-05, 0.000148674036609, 0.000217461682041, 0.000161075440701, 0.000158606868354, 0.000185884375242, 9.62687045103e-05, 3.83795995731e-05, 1.52313241415e-05, 6.78262813381e-06, 1.11421404654e-05, 4.12788131143e-06, 6.48540708426e-06, 4.10885968449e-06, 3.25977657667e-06, 1.87214357084e-06, 1.73648800228e-06, 1.94871086023e-06, 1.29574914354e-06, 2.08499750443e-06, 1.26187751448e-06, 1.13965916171e-06, 5.94615414684e-07, 5.39395330179e-07, 2.89268598408e-07, 1.45792185435e-07, 3.6695151806e-08, 1.84819430871e-08, 1.74442700285e-08, 1.45799656792e-08, 1.2441462971e-08, 1.14505311899e-08, 9.83234382801e-09, 8.26273183208e-09, 7.37582039889e-09, 5.92712856573e-09, 2.93048119104e-09, 4.39788372386e-10],
        "min": [2.88758261746e-09, 2.04116412661e-09, 1.53993651164e-09, 2.58772026029e-09, 1.91679117023e-09, 4.55052856507e-10, 1.32697297595e-10, 8.63341897972e-10, 2.27862839708e-10, 8.05393182701e-11, 2.09492714842e-10, 5.10001763043e-11, 4.2349873608e-11, 1.9760158787e-11, 2.33240579628e-11, 1.58338758771e-11, 1.67030300181e-12, 1.23346482767e-12, 6.86199415432e-13, 4.23271227096e-13, 2.56648082777e-13, 2.285200024e-13, 6.92777974744e-13, 2.96975443369e-13, 2.11213330354e-13, 4.81372970998e-13, 2.92979534947e-13, 2.64239286918e-13, 4.45639103961e-13, 2.13097050314e-13, 2.74563493686e-13, 2.87593218554e-13, 3.40029464004e-13, 5.6243150328e-13, 4.7856445369e-13, 6.46135868334e-13, 3.82559489729e-13, 3.46144852148e-13, 4.55640896107e-13, 4.22488080761e-13],
        "var": [4.49940955605e-07, 6.97041798503e-07, 4.82663793377e-08, 9.31057115849e-08, 4.04589115988e-07, 9.47005844409e-07, 1.2043536799e-06, 6.87210103933e-06, 2.20790047933e-06, 3.06714497356e-07, 1.07162904328e-07, 2.78102767481e-08, 1.37541263712e-07, 3.37211361057e-08, 7.13820247356e-09, 3.58513163601e-10, 2.05651023988e-10, 3.59225826863e-09, 7.6404454985e-10, 1.81070478056e-10, 3.47637578446e-11, 3.95186557089e-11, 2.43828724572e-11, 1.45762325821e-11, 7.38163870306e-12, 5.42319271088e-12, 1.02379996841e-12, 8.89703621106e-13, 2.69135621856e-14, 2.38499744585e-14, 8.6681006543e-15, 5.6694519786e-15, 5.4106419086e-15, 3.92527265032e-15, 2.25116518139e-15, 1.51754444006e-15, 1.91044744891e-15, 1.0299249365e-15, 5.83865263317e-16, 1.22772409681e-16]
    },
    "mfcc": {
        "mean": [-790.757080078, 200.953536987, 8.27693843842, 8.81043338776, -5.03501176834, -17.1248493195, -12.8411941528, 1.29952132702, -11.4006204605, 3.47249269485, 1.17109620571, 2.85370779037, 0.710490643978],
        "cov": [[13338.2587891, -158.616165161, -4631.09277344, 826.07421875, 200.8021698, -623.562316895, -660.138793945, 293.208618164, -644.691589355, 520.062133789, -10.8309183121, 316.121429443, 342.945800781], [-158.616165161, 719.169921875, 88.2630996704, -228.400497437, 88.8427429199, 103.907325745, 17.5911960602, -15.3100919724, 64.7942657471, 35.5876922607, 56.2628631592, 0.630959928036, -14.4412689209], [-4631.09277344, 88.2630996704, 2067.49243164, -278.436859131, -351.056610107, 207.394134521, 355.909301758, -59.4402313232, 186.970001221, -234.927093506, -37.4386138916, -114.12399292, -157.19732666], [826.07421875, -228.400497437, -278.436859131, 419.440948486, 122.187828064, -194.681716919, -191.370193481, -33.7243347168, -69.6522674561, 54.0659408569, -26.3239612579, 11.2070875168, 65.5533599854], [200.8021698, 88.8427429199, -351.056610107, 122.187828064, 458.83215332, 5.53434181213, -253.051498413, -111.389015198, 41.9824752808, 90.7052688599, 61.2583389282, 12.9410438538, 48.5739250183], [-623.562316895, 103.907325745, 207.394134521, -194.681716919, 5.53434181213, 191.698120117, 110.541229248, 9.95877838135, 56.1495246887, -24.1895961761, 26.0293750763, -2.53168773651, -47.4901809692], [-660.138793945, 17.5911960602, 355.909301758, -191.370193481, -253.051498413, 110.541229248, 300.949005127, 127.056175232, 16.7181606293, -84.390663147, -19.7080688477, -10.9980201721, -50.905632019], [293.208618164, -15.3100919724, -59.4402313232, -33.7243347168, -111.389015198, 9.95877838135, 127.056175232, 136.513046265, 2.89035463333, -10.6620550156, -10.3307094574, 11.0348405838, 0.527466595173], [-644.691589355, 64.7942657471, 186.970001221, -69.6522674561, 41.9824752808, 56.1495246887, 16.7181606293, 2.89035463333, 102.821350098, 19.7073040009, 18.6776542664, -8.09230995178, -6.12608146667], [520.062133789, 35.5876922607, -234.927093506, 54.0659408569, 90.7052688599, -24.1895961761, -84.390663147, -10.6620550156, 19.7073040009, 108.152381897, 39.5143661499, 16.5695152283, 22.9518966675], [-10.8309183121, 56.2628631592, -37.4386138916, -26.3239612579, 61.2583389282, 26.0293750763, -19.7080688477, -10.3307094574, 18.6776542664, 39.5143661499, 60.496055603, 24.2395935059, 0.358026564121], [316.121429443, 0.630959928036, -114.12399292, 11.2070875168, 12.9410438538, -2.53168773651, -10.9980201721, 11.0348405838, -8.09230995178, 16.5695152283, 24.2395935059, 59.7893600464, 33.6636924744], [342.945800781, -14.4412689209, -157.19732666, 65.5533599854, 48.5739250183, -47.4901809692, -50.905632019, 0.527466595173, -6.12608146667, 22.9518966675, 0.358026564121, 33.6636924744, 80.6781921387]],
