{
"lowlevel": {
    "average_loudness": 0.849418282509,
    "barkbands_crest": {
        "dmean": 2.35144853592,
        "dmean2": 3.74167060852,
        "dvar": 5.64161014557,
        "dvar2": 12.1926546097,
        "max": 24.7760181427,
        "mean": 13.428445816,
        "median": 12.9735631943,
        "min": 3.46912622452,
        "var": 20.4001293182
    },
    "barkbands_flatness_db": {
        "dmean": 0.0439247377217,
        "dmean2": 0.0599220953882,
        "dvar": 0.00181423546746,
        "dvar2": 0.00356407370418,
        "max": 0.507850706577,
        "mean": 0.275837600231,
        "median": 0.282488137484,
        "min": 0.0367795191705,
        "var": 0.00752210570499
    },
    "barkbands_kurtosis": {
        "dmean": 10.5505952835,
        "dmean2": 16.4985542297,
        "dvar": 315.154907227,
        "dvar2": 763.268981934,
        "max": 217.533752441,
        "mean": 19.3060340881,
        "median": 8.59909439087,
        "min": -1.80600500107,
        "var": 750.980712891
    },
    "barkbands_skewness": {
        "dmean": 0.885467946529,
        "dmean2": 1.33665788174,
        "dvar": 1.01654803753,
        "dvar2": 2.27794837952,
        "max": 11.2441568375,
        "mean": 2.72856354713,
        "median": 2.22770404816,
        "min": -1.76439630985,
        "var": 3.86252498627
    },
    "barkbands_spread": {
        "dmean": 3.05250740051,
        "dmean2": 4.46767997742,
        "dvar": 34.5912590027,
        "dvar2": 77.6346054077,
        "max": 96.6681213379,
        "mean": 6.46746587753,
        "median": 4.33337974548,
        "min": 0.336859077215,
        "var": 54.9879341125
    },
    "dissonance": {
        "dmean": 0.0402884669602,
        "dmean2": 0.0652147233486,
        "dvar": 0.00132421706803,
        "dvar2": 0.00327331759036,
        "max": 0.499951869249,
        "mean": 0.406239151955,
        "median": 0.419108957052,
        "min": 0.175961062312,
        "var": 0.00361953303218
    },
    "dynamic_complexity": 5.33128547668,
    "erbbands_crest": {
        "dmean": 3.19051647186,
        "dmean2": 5.28189086914,
        "dvar": 11.1577825546,
        "dvar2": 31.8429679871,
        "max": 27.896692276,
        "mean": 11.8185882568,
        "median": 10.794716835,
        "min": 2.61958384514,
        "var": 24.6974887848
    },
    "erbbands_flatness_db": {
        "dmean": 0.0366830118001,
        "dmean2": 0.0478027351201,
        "dvar": 0.00134404236451,
        "dvar2": 0.00257682031952,
        "max": 0.411814421415,
        "mean": 0.212936997414,
        "median": 0.212497606874,
        "min": 0.0429011657834,
        "var": 0.00539697846398
    },
    "erbbands_kurtosis": {
        "dmean": 2.91592121124,
        "dmean2": 4.70965909958,
        "dvar": 26.5034255981,
        "dvar2": 75.3438644409,
        "max": 79.2392196655,
        "mean": 4.24484443665,
        "median": 2.35100984573,
        "min": -1.71575248241,
        "var": 43.3943443298
    },
    "erbbands_skewness": {
        "dmean": 0.538217484951,
        "dmean2": 0.846374094486,
        "dvar": 0.342729657888,
        "dvar2": 0.889383375645,
        "max": 6.69758033752,
        "mean": 1.30606818199,
        "median": 1.08489024639,
        "min": -0.945393681526,
        "var": 1.00144994259
    },
    "erbbands_spread": {
        "dmean": 9.2796087265,
        "dmean2": 13.8540716171,
        "dvar": 220.660766602,
        "dvar2": 483.419891357,
        "max": 149.331237793,
        "mean": 23.6166610718,
        "median": 17.2468166351,
        "min": 1.69402647018,
        "var": 406.05557251
    },
    "hfc": {
        "dmean": 3.31300902367,
        "dmean2": 4.79646110535,
        "dvar": 55.3742828369,
        "dvar2": 120.295562744,
        "max": 134.205856323,
        "mean": 7.32873010635,
        "median": 2.64585256577,
        "min": 1.13415051425e-16,
        "var": 147.448425293
    },
    "melbands_crest": {
        "dmean": 2.80607771873,
        "dmean2": 4.46053266525,
        "dvar": 8.34370422363,
        "dvar2": 18.7379016876,
        "max": 31.8616905212,
        "mean": 17.9524421692,
        "median": 17.7965450287,
        "min": 1.90315258503,
        "var": 28.9045200348
    },
    "melbands_flatness_db": {
        "dmean": 0.0514414049685,
        "dmean2": 0.0682575404644,
        "dvar": 0.00258797849528,
        "dvar2": 0.00489811506122,
        "max": 0.63959634304,
        "mean": 0.373001098633,
        "median": 0.381086200476,
        "min": 0.00549033284187,
        "var": 0.0114084035158
    },
    "melbands_kurtosis": {
        "dmean": 17.4448413849,
        "dmean2": 27.7691135406,
        "dvar": 1100.41320801,
        "dvar2": 2975.90551758,
        "max": 487.234832764,
        "mean": 30.2724838257,
        "median": 13.3822174072,
        "min": -1.18730390072,
        "var": 2092.10644531
    },
    "melbands_skewness": {
        "dmean": 1.00556910038,
        "dmean2": 1.55450332165,
        "dvar": 1.60050845146,
        "dvar2": 3.80842208862,
        "max": 17.349067688,
        "mean": 3.21593499184,
        "median": 2.70438337326,
        "min": -0.936594009399,
        "var": 5.03475141525
    },
    "melbands_spread": {
        "dmean": 2.38378787041,
        "dmean2": 3.47602844238,
        "dvar": 21.1115436554,
        "dvar2": 39.7615737915,
        "max": 138.738143921,
        "mean": 6.18909502029,
        "median": 4.24585914612,
        "min": 0.375006169081,
        "var": 51.260723114
    },
    "pitch_salience": {
        "dmean": 0.0820895507932,
        "dmean2": 0.135422050953,
        "dvar": 0.0072977966629,
        "dvar2": 0.0176742766052,
        "max": 0.986020922661,
        "mean": 0.458574265242,
        "median": 0.463456720114,
        "min": 0.091793820262,
        "var": 0.0201662126929
    },
    "silence_rate_20dB": {
        "dmean": 0,
        "dmean2": 0,
        "dvar": 0,
        "dvar2": 0,
        "max": 1,
        "mean": 1,
        "median": 1,
        "min": 1,
        "var": 0
    },
    "silence_rate_30dB": {
        "dmean": 0.0177743434906,
        "dmean2": 0.0355624258518,
        "dvar": 0.0174586959183,
        "dvar2": 0.041256364435,
        "max": 1,
        "mean": 0.97682505846,
        "median": 1,
        "min": 0,
        "var": 0.022638419643
    },
    "silence_rate_60dB": {
        "dmean": 0.0247295200825,
        "dmean2": 0.0494781583548,
        "dvar": 0.0241180416197,
        "dvar2": 0.0516691207886,
        "max": 1,
        "mean": 0.122441098094,
        "median": 0,
        "min": 0,
        "var": 0.107453987002
    },
    "spectral_centroid": {
        "dmean": 121.276817322,
        "dmean2": 163.337081909,
        "dvar": 76941.9375,
        "dvar2": 81014.4140625,
        "max": 10710.0068359,
        "mean": 438.078155518,
        "median": 338.408447266,
        "min": 129.769561768,
        "var": 165037.9375
    },
    "spectral_complexity": {
        "dmean": 1.81221020222,
        "dmean2": 2.66408967972,
        "dvar": 5.46478891373,
        "dvar2": 10.0863990784,
        "max": 29,
        "mean": 6.98763990402,
        "median": 6,
        "min": 0,
        "var": 20.0754528046
    },
    "spectral_decrease": {
        "dmean": 2.46314924013e-09,
        "dmean2": 3.91674381817e-09,
        "dvar": 2.19201737361e-17,
        "dvar2": 5.14147675494e-17,
        "max": 1.60635641648e-28,
        "mean": -6.03886762818e-09,
        "median": -3.02979796807e-09,
        "min": -5.98634244398e-08,
        "var": 5.4461386242e-17
    },
    "spectral_energy": {
        "dmean": 0.00956675037742,
        "dmean2": 0.0151828723028,
        "dvar": 0.000331824441673,
        "dvar2": 0.000775641354267,
        "max": 0.228891223669,
        "mean": 0.0234567988664,
        "median": 0.0117999101058,
        "min": 1.06845546474e-20,
        "var": 0.000828458694741
    },
    "spectral_energyband_high": {
        "dmean": 5.91310854361e-05,
        "dmean2": 8.21478824946e-05,
        "dvar": 1.71347220856e-08,
        "dvar2": 3.51187061653e-08,
        "max": 0.0016769428039,
        "mean": 6.24337699264e-05,
        "median": 5.57820658287e-06,
        "min": 7.31429125212e-21,
        "var": 2.33162769092e-08
    },
    "spectral_energyband_low": {
        "dmean": 0.00433756923303,
        "dmean2": 0.00688966037706,
        "dvar": 0.000104946077045,
        "dvar2": 0.000247037387453,
        "max": 0.172975614667,
        "mean": 0.010826821439,
        "median": 0.00622007995844,
        "min": 3.04423032601e-23,
        "var": 0.00023571276688
    },
    "spectral_energyband_middle_high": {
        "dmean": 0.000467341276817,
        "dmean2": 0.000671328627504,
        "dvar": 1.90040759662e-06,
        "dvar2": 4.5160272748e-06,
        "max": 0.0265997778624,
        "mean": 0.000773315201513,
        "median": 0.000159408562467,
        "min": 1.60254712429e-21,
        "var": 3.22341543324e-06
    },
    "spectral_energyband_middle_low": {
        "dmean": 0.0065503004007,
        "dmean2": 0.0106057794765,
        "dvar": 0.000177439083927,
        "dvar2": 0.000419723975938,
        "max": 0.186033755541,
        "mean": 0.0126498267055,
        "median": 0.00466445926577,
        "min": 2.11896849141e-22,
        "var": 0.000403775309678
    },
    "spectral_entropy": {
        "dmean": 0.430634021759,
        "dmean2": 0.579414010048,
        "dvar": 0.187707558274,
        "dvar2": 0.381823986769,
        "max": 9.80445480347,
        "mean": 6.46927070618,
        "median": 6.38741397858,
        "min": 3.98715019226,
        "var": 0.700340569019
    },
    "spectral_flux": {
        "dmean": 0.027634177357,
        "dmean2": 0.0436966232955,
        "dvar": 0.00183690350968,
        "dvar2": 0.00436546560377,
        "max": 0.407657235861,
        "mean": 0.0586091428995,
        "median": 0.0405889414251,
        "min": 1.03570499399e-10,
        "var": 0.00320687214844
    },
    "spectral_kurtosis": {
        "dmean": 10.9024066925,
        "dmean2": 16.3802490234,
        "dvar": 220.962158203,
        "dvar2": 493.701629639,
        "max": 169.494567871,
        "mean": 21.2039031982,
        "median": 12.8353013992,
        "min": -1.2598631382,
        "var": 506.618621826
    },
    "spectral_rms": {
        "dmean": 0.000881005311385,
        "dmean2": 0.00137849745806,
        "dvar": 1.68874032624e-06,
        "dvar2": 3.67990924133e-06,
        "max": 0.014943510294,
        "mean": 0.00404746737331,
        "median": 0.00339294970036,
        "min": 3.22861507494e-12,
        "var": 6.50270794722e-06
    },
    "spectral_rolloff": {
        "dmean": 152.570205688,
        "dmean2": 246.478591919,
        "dvar": 431719.40625,
        "dvar2": 832093.4375,
        "max": 19099.9511719,
        "mean": 448.686309814,
        "median": 322.998046875,
        "min": 86.1328125,
        "var": 740710.3125
    },
    "spectral_skewness": {
        "dmean": 0.853828549385,
        "dmean2": 1.22057187557,
        "dvar": 0.903684437275,
        "dvar2": 1.96643054485,
        "max": 10.8684520721,
        "mean": 3.31458091736,
        "median": 2.98436355591,
        "min": 0.0235787872225,
        "var": 2.61803555489
    },
    "spectral_spread": {
        "dmean": 1079422.375,
        "dmean2": 1429852,
        "dvar": 2.5383117783e+12,
        "dvar2": 4.23694984806e+12,
        "max": 42433912,
        "mean": 3684940.5,
        "median": 3155167.5,
        "min": 658372.9375,
        "var": 6.23698457395e+12
    },
    "spectral_strongpeak": {
        "dmean": 0.269876390696,
        "dmean2": 0.454844981432,
        "dvar": 0.333130955696,
        "dvar2": 0.746798753738,
        "max": 9.02560520172,
        "mean": 0.632731795311,
        "median": 0.352349340916,
        "min": 0,
        "var": 0.857273995876
    },
    "zerocrossingrate": {
        "dmean": 0.00695819640532,
        "dmean2": 0.00831059552729,
        "dvar": 0.000234822218772,
        "dvar2": 0.000367815810023,
        "max": 0.53759765625,
        "mean": 0.0218206457794,
        "median": 0.01513671875,
        "min": 0.00244140625,
        "var": 0.000641645514406
    },
    "barkbands": {
        "dmean": [3.11993499054e-05, 0.002112259157, 0.00271382927895, 0.00186532502994, 0.00169889512472, 0.00184002285823, 0.000948325032368, 0.000348180532455, 0.00127996900119, 0.000254090264207, 0.000121893870528, 0.000101844510937, 4.0116636228e-05, 5.06615142513e-05, 6.34171447018e-05, 3.68611799786e-05, 2.00237282115e-05, 1.4274143723e-05, 1.21476505228e-05, 9.87591920421e-06, 8.49980824569e-06, 9.06265540834e-06, 8.6758955149e-06, 9.81127959676e-06, 7.82914230513e-06, 1.18315374493e-05, 3.25341753538e-09],
        "dmean2": [5.25109098817e-05, 0.00328631489538, 0.00449575064704, 0.00334223266691, 0.0029616530519, 0.00280516291969, 0.00157265353482, 0.000565257272683, 0.00187616073526, 0.000397134484956, 0.000191133207409, 0.000168375569046, 6.51722657494e-05, 7.88643155829e-05, 9.7576797998e-05, 6.03015905654e-05, 3.00953943224e-05, 2.18158475036e-05, 1.77640504262e-05, 1.44820432979e-05, 1.18415500765e-05, 1.28500169012e-05, 1.26501818158e-05, 1.4268308405e-05, 1.16478468044e-05, 1.78143218363e-05, 5.75424241589e-09],
        "dvar": [9.70838609504e-09, 2.65635917458e-05, 4.90776292281e-05, 1.94533349713e-05, 1.14026788651e-05, 2.44374696194e-05, 5.95916981183e-06, 1.26803365674e-06, 2.93248467642e-05, 1.03848481103e-06, 2.69909378403e-07, 1.54317618239e-07, 1.45610892233e-08, 3.09449532665e-08, 8.15289737943e-08, 2.27237872963e-08, 4.62842963955e-09, 2.12387174514e-09, 9.24209431208e-10, 5.52835055512e-10, 4.06548406051e-10, 4.58012378024e-10, 4.28790392082e-10, 5.03460440004e-10, 3.7558067767e-10, 1.36219791003e-09, 1.66551598728e-16],
        "dvar2": [2.71062443602e-08, 6.20528517175e-05, 0.000138436647831, 5.65607006138e-05, 3.15012548526e-05, 4.47298152721e-05, 1.4852806089e-05, 3.1110364489e-06, 6.27000117674e-05, 2.84193902189e-06, 7.28716599951e-07, 3.86581490375e-07, 3.20882058702e-08, 7.37089038694e-08, 2.03812803079e-07, 5.83785535468e-08, 9.76062342062e-09, 5.484717569e-09, 2.11230832825e-09, 1.17259557619e-09, 8.09644351563e-10, 1.01672981145e-09, 9.8316732533e-10, 1.08267417254e-09, 8.27799440106e-10, 2.95423330243e-09, 4.73462777214e-16],
        "max": [0.00200892845169, 0.102963037789, 0.0969065725803, 0.0623228400946, 0.036334130913, 0.0836818963289, 0.0502146333456, 0.0310274623334, 0.106747440994, 0.0347391925752, 0.0144293727353, 0.00680183572695, 0.0026240053121, 0.00345575949177, 0.00733555248007, 0.00296761281788, 0.00178974668961, 0.000927814922761, 0.000429913314292, 0.000272715493338, 0.00024992050021, 0.000302191270748, 0.00031548604602, 0.000304072542349, 0.000292527547572, 0.000575437035877, 2.96946410572e-07],
        "mean": [4.3237090722e-05, 0.00461969990283, 0.00535768643022, 0.00215426040813, 0.00208706152625, 0.0042949160561, 0.00112942629494, 0.000401240919018, 0.00239237002097, 0.000322229374433, 0.000165536228451, 0.000120065502415, 5.1852024626e-05, 5.70321135456e-05, 8.48535419209e-05, 4.73837935715e-05, 2.86487338599e-05, 1.72657364601e-05, 1.41512182381e-05, 1.13156911539e-05, 9.55034465733e-06, 9.65868275671e-06, 8.88553313416e-06, 1.01106170405e-05, 7.59935983297e-06, 1.07815021693e-05, 2.64652832982e-09],
        "median": [8.82986569195e-06, 0.00216889521107, 0.00199672672898, 0.000671401503496, 0.000773877138272, 0.000639741774648, 0.000220270158025, 7.51096740714e-05, 8.38223350001e-05, 5.3853058489e-05, 1.99280984816e-05, 1.07274117909e-05, 9.50636331254e-06, 5.98206952418e-06, 6.34686193735e-06, 3.86459214496e-06, 3.01206682707e-06, 2.10565940506e-06, 1.87752220882e-06, 1.52816892296e-06, 1.00553950233e-06, 8.84197504547e-07, 7.12709720574e-07, 6.85115992383e-07, 3.54145782921e-07, 2.30375079013e-07, 4.06498029681e-10],
        "min": [3.22502657614e-25, 2.09815654213e-23, 1.00767129741e-24, 1.45404356663e-23, 3.19879026545e-23, 2.07375470775e-23, 1.11623273775e-23, 2.26063490956e-23, 4.88470056251e-23, 9.4270386476e-23, 7.10415503955e-23, 1.1185443053e-22, 8.40305049205e-23, 1.68120155476e-22, 1.31017237692e-22, 1.04922741311e-22, 9.82473877089e-23, 1.09162231277e-22, 3.40024672352e-22, 2.62490979723e-22, 2.60331469839e-22, 5.74888001369e-22, 5.85349685368e-22, 6.66522538504e-22, 1.21667312406e-21, 1.4869493405e-21, 2.24489911612e-21],
        "var": [9.21244591723e-09, 5.39445936738e-05, 8.42358276714e-05, 1.75894401764e-05, 1.33763587655e-05, 9.48433444137e-05, 7.59560953156e-06, 1.4584300061e-06, 6.88346262905e-05, 1.01655018625e-06, 3.11054265012e-07, 1.81392280751e-07, 1.8979616101e-08, 3.75164397326e-08, 1.61222700967e-07, 3.48693482977e-08, 8.52567083598e-09, 2.38710540224e-09, 1.23042842581e-09, 7.63937857418e-10, 6.0265381574e-10, 5.74287062349e-10, 4.98315666508e-10, 6.34333363614e-10, 4.34388969239e-10, 1.49561008023e-09, 1.08167966866e-16]
    },
    "erbbands": {
        "dmean": [0.0398887097836, 0.569937765598, 2.7848379612, 3.95764565468, 8.99869251251, 3.19954109192, 7.50538396835, 18.045671463, 13.6046009064, 12.648856163, 8.41910362244, 30.941286087, 17.2508201599, 4.74141979218, 5.10393857956, 3.28205823898, 1.8276668787, 1.96404099464, 3.5668118, 2.28753209114, 1.87847065926, 1.05247724056, 0.842944264412, 0.652902662754, 0.562002897263, 0.446388959885, 0.379499942064, 0.333560198545, 0.319383025169, 0.292691797018, 0.24937877059, 0.200502350926, 0.159986183047, 0.0919671952724, 0.0536743886769, 0.0403099283576, 0.0237606689334, 0.00348479487002, 6.2345447077e-05, 1.18015432236e-05],
        "dmean2": [0.0614413917065, 0.896227002144, 4.57802200317, 7.06871032715, 16.1961078644, 5.31562042236, 11.6297645569, 27.4776134491, 22.2210063934, 20.7316684723, 13.0043544769, 46.1874389648, 25.1996440887, 7.29441308975, 7.8830780983, 5.32255983353, 2.88159012794, 3.00527596474, 5.56015110016, 3.50120353699, 2.95569872856, 1.55337178707, 1.26792478561, 0.983259439468, 0.81266361475, 0.641754448414, 0.532931804657, 0.469458550215, 0.458079636097, 0.424531489611, 0.362105101347, 0.290995359421, 0.231770306826, 0.136446490884, 0.0796567499638, 0.060393627733, 0.036170579493, 0.00532106356695, 9.35704156291e-05, 1.82475396286e-05],
        "dvar": [0.00967784039676, 1.90955531597, 50.29920578, 104.410682678, 361.809417725, 36.0569648743, 236.326843262, 2909.9765625, 1147.69494629, 1618.76599121, 792.081115723, 20474.7519531, 6170.45800781, 136.435150146, 530.392089844, 144.194015503, 29.2072963715, 37.1121520996, 229.015991211, 86.7793273926, 69.2721405029, 11.2417221069, 7.77542924881, 3.90014195442, 1.70529508591, 1.15574479103, 0.846369802952, 0.608292520046, 0.566586792469, 0.481529265642, 0.359591275454, 0.207856267691, 0.133069992065, 0.0495253168046, 0.0194325745106, 0.0132327601314, 0.00584823358804, 0.000141503813211, 3.94556955996e-08, 4.50972897914e-10],
        "dvar2": [0.0236508864909, 4.34613704681, 133.664398193, 303.890289307, 1057.44787598, 91.7979354858, 494.147277832, 5454.82373047, 2846.22949219, 3341.29101562, 1872.3458252, 44413.0585938, 13511.0488281, 332.364074707, 1387.34301758, 364.79486084, 61.9599876404, 90.0607147217, 553.848266602, 205.528289795, 172.92364502, 22.938949585, 20.0962810516, 9.74997138977, 3.54696059227, 2.43095755577, 1.68478393555, 1.27478659153, 1.24047350883, 1.10600483418, 0.828256070614, 0.442976802588, 0.292446523905, 0.112667769194, 0.0415942333639, 0.0289611257613, 0.0130065055564, 0.000297770660836, 8.22468848583e-08, 1.00060160158e-09],
        "max": [1.63440418243, 26.6337547302, 112.110572815, 160.684036255, 206.266845703, 65.5901412964, 238.567092896, 1078.3729248, 456.57611084, 1415.21179199, 840.575866699, 3099.68945312, 2502.31738281, 214.395629883, 541.177612305, 234.829971313, 144.061828613, 126.128761292, 364.039550781, 228.292251587, 192.916137695, 87.0261993408, 66.3640365601, 38.1266517639, 14.6459388733, 13.842713356, 10.7001552582, 10.8645648956, 9.54719924927, 9.83034229279, 9.15032863617, 5.75250101089, 4.7922873497, 3.35772824287, 2.13009047508, 1.70903456211, 1.14395499229, 0.193178206682, 0.00318063935265, 0.000248762662522],
        "mean": [0.0817437767982, 1.26487541199, 5.82494211197, 6.26237106323, 9.755859375, 4.75000095367, 14.7692546844, 42.0288887024, 19.1031169891, 15.1218357086, 12.9958286285, 56.6036338806, 29.4011592865, 7.05182218552, 7.20479440689, 4.06108999252, 2.59743928909, 2.44129347801, 4.56682872772, 3.10255384445, 2.63454604149, 1.56447482109, 1.10659658909, 0.781965434551, 0.677067518234, 0.509962499142, 0.436290472746, 0.35942569375, 0.340850204229, 0.303269356489, 0.256196975708, 0.209333524108, 0.160505011678, 0.0888253971934, 0.052333664149, 0.0373167395592, 0.0212683808059, 0.00318401865661, 6.55534749967e-05, 2.79886971839e-05],
        "median": [0.0412556044757, 0.60347366333, 2.34572911263, 3.17525887489, 2.25584316254, 2.27281594276, 3.88162732124, 4.97198295593, 3.8116774559, 2.97088432312, 2.12696886063, 2.00527882576, 2.32685804367, 1.81923055649, 0.874819040298, 0.502596974373, 0.483646243811, 0.332447111607, 0.404996246099, 0.27969622612, 0.21675246954, 0.16721688211, 0.136569857597, 0.0932236611843, 0.0941431000829, 0.0669608637691, 0.0490719042718, 0.0373970232904, 0.0324908904731, 0.0252371672541, 0.0200665742159, 0.0148380203173, 0.0104644885287, 0.00496000098065, 0.00219882908277, 0.00105024396908, 0.000417074596044, 5.49514043087e-05, 1.05773551695e-05, 1.44297246152e-05],
        "min": [3.10652187542e-22, 5.7064811508e-21, 5.19258671342e-21, 2.74314287626e-20, 6.96349914086e-20, 1.05993818631e-19, 9.68487682725e-20, 1.98038257282e-19, 3.43239680853e-19, 2.35959344338e-19, 5.947482371e-19, 9.77544573725e-19, 3.00411463721e-18, 1.84271025058e-18, 4.15559699238e-18, 4.52043906362e-18, 4.09854965425e-18, 6.26393644435e-18, 7.45691079943e-18, 8.21887566531e-18, 5.5699496948e-18, 6.20545187991e-18, 6.2168016251e-18, 8.16688157355e-18, 2.07057865701e-17, 1.14216147724e-17, 1.1748807718e-17, 9.99056584287e-18, 1.89969439211e-17, 2.21475392167e-17, 1.85687108636e-17, 1.17916689086e-17, 1.3344894069e-17, 1.17772238536e-17, 7.77170265335e-18, 5.23160883603e-18, 2.86674578685e-18, 1.24050663462e-18, 2.71533823394e-19, 3.5333701643e-20],
        "var": [0.0141353067011, 4.1956076622, 98.5160980225, 101.998573303, 356.505340576, 51.2866516113, 800.356628418, 10794.3515625, 1667.51757812, 2803.9050293, 1267.9831543, 44587.8164062, 12773.5615234, 189.98576355, 613.861877441, 159.884689331, 43.5331726074, 49.752620697, 354.276916504, 157.383148193, 117.128646851, 25.0746574402, 10.8483581543, 4.5877790451, 2.57964324951, 1.60948038101, 1.25857174397, 0.837508618832, 0.719487190247, 0.567491710186, 0.416516810656, 0.266671925783, 0.163165092468, 0.0555668100715, 0.0229277014732, 0.0148473586887, 0.00617209915072, 0.00015622076171, 4.49332837604e-08, 1.13259579493e-09]
    },
    "gfcc": {
        "mean": [-133.71913147, 149.816757202, -65.7939224243, 16.309431076, -52.190700531, 5.90277862549, -30.8694591522, 5.02966070175, -19.0559158325, -3.68188285828, -16.4923648834, -3.54571890831, -9.60292434692],
        "cov": [[12616.9824219, -1202.79821777, -1322.3404541, -37.1695632935, -563.573730469, 107.431755066, -473.75579834, 349.418212891, -39.7109489441, 340.506896973, -152.862991333, 338.85836792, 33.3322639465], [-1202.79821777, 2617.79223633, -123.455833435, -574.103759766, 678.946655273, -467.563476562, 341.405517578, -101.319198608, 481.94229126, -209.003982544, 312.839508057, -135.507019043, 384.368377686], [-1322.3404541, -123.455833435, 1304.95263672, 344.113677979, 33.7011756897, 109.559181213, 0.130827769637, -36.7045135498, -41.1709518433, 43.5242233276, 11.4841337204, 50.2887382507, -105.182670593], [-37.1695632935, -574.103759766, 344.113677979, 432.817199707, -86.1639938354, 141.273574829, -42.8411254883, 17.6383972168, -106.9737854, 48.9850273132, -37.2142105103, 19.8699417114, -107.580802917], [-563.573730469, 678.946655273, 33.7011756897, -86.1639938354, 374.547332764, -89.7052993774, 120.085746765, -19.2209777832, 144.220657349, -49.3462715149, 93.1544418335, -23.4738140106, 102.557800293], [107.431755066, -467.563476562, 109.559181213, 141.273574829, -89.7052993774, 250.509109497, 8.54066467285, 35.5734863281, -80.3316116333, 66.2444229126, -34.6115951538, 40.1698722839, -69.6673965454], [-473.75579834, 341.405517578, 0.130827769637, -42.8411254883, 120.085746765, 8.54066467285, 156.783416748, 21.0530490875, 71.627532959, -19.6021137238, 62.764755249, -14.9656982422, 58.3612632751], [349.418212891, -101.319198608, -36.7045135498, 17.6383972168, -19.2209777832, 35.5734863281, 21.0530490875, 107.766563416, 50.0762214661, 41.9284591675, -3.6475148201, 35.7941970825, 14.5690879822], [-39.7109489441, 481.94229126, -41.1709518433, -106.9737854, 144.220657349, -80.3316116333, 71.627532959, 50.0762214661, 197.189376831, 17.8985805511, 74.4554519653, -5.2911157608, 117.053024292], [340.506896973, -209.003982544, 43.5242233276, 48.9850273132, -49.3462715149, 66.2444229126, -19.6021137238, 41.9284591675, 17.8985805511, 107.451591492, 17.0743789673, 43.6651535034, -1.90404331684], [-152.862991333, 312.839508057, 11.4841337204, -37.2142105103, 93.1544418335, -34.6115951538, 62.764755249, -3.6475148201, 74.4554519653, 17.0743789673, 112.369514465, 28.1911430359, 68.7472915649], [338.85836792, -135.507019043, 50.2887382507, 19.8699417114, -23.4738140106, 40.1698722839, -14.9656982422, 35.7941970825, -5.2911157608, 43.6651535034, 28.1911430359, 98.5386734009, 21.4551277161], [33.3322639465, 384.368377686, -105.182670593, -107.580802917, 102.557800293, -69.6673965454, 58.3612632751, 14.5690879822, 117.053024292, -1.90404331684, 68.7472915649, 21.4551277161, 139.451599121]],
        "icov": [[0.000149070547195, -0.000301523832604, 0.000229090728681, -0.000223439434194, 0.000122086246847, -8.527700993e-05, 0.000511430145707, -0.000389398919651, 0.000257201929344, -0.000567298789974, 0.000529336102773, -0.000624534266535, 0.000101627512777], [-0.000301523832604, 0.00441323546693, -0.00120485667139, 0.00263731624, -0.0016056165332, 0.0016021952033, -0.00271042436361, 0.00253135012463, -0.00439502019435, 0.00552262831479, -0.00604327674955, 0.00431083654985, -0.00203464413062], [0.000229090728681, -0.00120485667139, 0.00177429849282, -0.00184242648538, 0.000408570369473, -0.000251599092735, 0.00015239304048, 0.00124128663447, -0.000856290513184, -0.00175776670221, 0.00264533353038, -0.00378259085119, 0.00253608287312], [-0.000223439434194, 0.00263731624, -0.00184242648538, 0.00588222360238, -0.00147274602205, -0.000335971359164, -0.00010444317013, -0.00153486407362, 0.000524384144228, 0.00266475556418, -0.00559178506956, 0.00522895995528, -0.00139985978603], [0.000122086246847, -0.0016056165332, 0.000408570369473, -0.00147274602205, 0.00609517190605, -0.000405902595958, -0.00153160572518, 0.00205581914634, -0.00296198856086, 0.000467686099, 0.00160075211897, -0.00304814940318, 0.0014816239709], [-8.527700993e-05, 0.0016021952033, -0.000251599092735, -0.000335971359164, -0.000405902595958, 0.00932330731302, -0.00651893531904, 0.00162729097065, 0.000478263216792, -0.00366141367704, 0.00206939852796, -0.0020596573595, 0.00151505297981], [0.000511430145707, -0.00271042436361, 0.00015239304048, -0.00010444317013, -0.00153160572518, -0.00651893531904, 0.0192481428385, -0.0114317014813, 0.0063989488408, 0.0017649717629, -0.00704604573548, 0.00637484388426, -0.00446291454136], [-0.000389398919651, 0.00253135012463, 0.00124128663447, -0.00153486407362, 0.00205581914634, 0.00162729097065, -0.0114317014813, 0.0277304425836, -0.0186387486756, 0.000410328008002, 0.00891522690654, -0.0128055782989, 0.00728202005848], [0.000257201929344, -0.00439502019435, -0.000856290513184, 0.000524384144228, -0.00296198856086, 0.000478263216792, 0.0063989488408, -0.0186387486756, 0.0304332710803, -0.011703748256, -0.0018294241745, 0.0103983711451, -0.0129051785916], [-0.000567298789974, 0.00552262831479, -0.00175776670221, 0.00266475556418, 0.000467686099, -0.00366141367704, 0.0017649717629, 0.000410328008002, -0.011703748256, 0.0268503595144, -0.0144115751609, 0.00333993975073, -0.0005297412863], [0.000529336102773, -0.00604327674955, 0.00264533353038, -0.00559178506956, 0.00160075211897, 0.00206939852796, -0.00704604573548, 0.00891522690654, -0.0018294241745, -0.0144115751609, 0.0338317900896, -0.0193250682205, 0.00371943833306], [-0.000624534266535, 0.00431083654985, -0.00378259085119, 0.00522895995528, -0.00304814940318, -0.0020596573595, 0.00637484388426, -0.0128055782989, 0.0103983711451, 0.00333993975073, -0.0193250682205, 0.0326742380857, -0.0148517666385], [0.000101627512777, -0.00203464413062, 0.00253608287312, -0.00139985978603, 0.0014816239709, 0.00151505297981, -0.00446291454136, 0.00728202005848, -0.0129051785916, -0.0005297412863, 0.00371943833306, -0.0148517666385, 0.0256383772939]]
    },
    "melbands": {
        "dmean": [0.000466591969598, 0.00115555641241, 0.00089093594579, 0.000430254876846, 0.00022557315242, 0.000384788814699, 0.000205813616049, 0.000121885328554, 7.89778569015e-05, 0.000201414048206, 8.26467367006e-05, 1.81008290383e-05, 1.75546720129e-05, 1.33655039463e-05, 4.9162704272e-06, 4.09442282034e-06, 3.73339162252e-06, 5.95414348936e-06, 4.82686618852e-06, 2.42010560214e-06, 2.2825315682e-06, 1.04596085748e-06, 1.07394396309e-06, 7.12225812549e-07, 5.29385204118e-07, 4.40715353989e-07, 3.80168728498e-07, 2.90703013661e-07, 2.53512979498e-07, 2.09588989719e-07, 1.91028362906e-07, 1.9195636014e-07, 1.61484962291e-07, 1.65566760302e-07, 1.54975765554e-07, 1.15193287797e-07, 1.29539671434e-07, 1.21366994676e-07, 8.84800783751e-08, 7.56605018637e-08],
        "dmean2": [0.000725753663573, 0.00184581044596, 0.00158841884695, 0.000756796856876, 0.000346790300682, 0.000585004629102, 0.000335115211783, 0.000198656241992, 0.000118814590678, 0.000300156651065, 0.00012085227354, 2.82704659185e-05, 2.71146291198e-05, 2.20624297071e-05, 7.81332892075e-06, 6.61966032567e-06, 5.82671964366e-06, 9.30114583753e-06, 7.27761971575e-06, 3.91451976611e-06, 3.58232659892e-06, 1.58548812124e-06, 1.61356206263e-06, 1.09543543658e-06, 8.11833842818e-07, 6.59924239699e-07, 5.57223927444e-07, 4.21410987883e-07, 3.71015886458e-07, 2.99461163422e-07, 2.81116342649e-07, 2.80259030205e-07, 2.36179886315e-07, 2.46325924991e-07, 2.32306319958e-07, 1.66474023899e-07, 1.92874182403e-07, 1.78865022349e-07, 1.29264563498e-07, 1.1357965235e-07],
        "dvar": [1.29268994442e-06, 8.01947408036e-06, 4.35864967585e-06, 7.76653905632e-07, 2.07176228173e-07, 1.21623986615e-06, 2.56468041471e-07, 1.44886669773e-07, 9.27241714521e-08, 8.26366147066e-07, 1.49640356994e-07, 1.8576356009e-09, 6.73689370956e-09, 2.95057467348e-09, 1.87125329121e-10, 1.63482560822e-10, 1.38985614684e-10, 5.99374716526e-10, 5.22609677756e-10, 8.32689819874e-11, 1.30713481705e-10, 9.81287013452e-12, 1.72090449529e-11, 6.86749225196e-12, 2.59686131106e-12, 1.18383991846e-12, 7.65593263698e-13, 5.26107694736e-13, 3.95808494487e-13, 2.94067911298e-13, 2.0941688867e-13, 2.23359213612e-13, 1.48186652294e-13, 1.61875694056e-13, 1.49763827641e-13, 7.39419240897e-14, 9.34558216947e-14, 8.02507135723e-14, 4.49868380124e-14, 3.49338681355e-14],
        "dvar2": [3.11218491333e-06, 1.97177378141e-05, 1.27694429466e-05, 2.18285390474e-06, 4.24996642323e-07, 2.25539702114e-06, 6.35756407519e-07, 2.99645819268e-07, 2.00056987865e-07, 1.82018254691e-06, 3.26769537651e-07, 4.43664127658e-09, 1.81526331744e-08, 7.30275795391e-09, 4.27740343145e-10, 3.67638391952e-10, 3.40185241088e-10, 1.41329781211e-09, 1.21533438868e-09, 2.08743994312e-10, 3.3077060535e-10, 2.22424717533e-11, 3.66811615804e-11, 1.79385221954e-11, 6.53719179483e-12, 2.65318799916e-12, 1.60369298136e-12, 1.15621997653e-12, 8.17363809014e-13, 6.19953795331e-13, 4.58318550212e-13, 5.01731739922e-13, 3.37305433151e-13, 3.79424546252e-13, 3.59272805733e-13, 1.55979843299e-13, 2.09410031091e-13, 1.83721798625e-13, 9.98489959876e-14, 8.06172552217e-14],
        "max": [0.0217027291656, 0.0448753125966, 0.031339418143, 0.00953206419945, 0.00714215356857, 0.0207162182778, 0.00674530724064, 0.013090480119, 0.00757237477228, 0.0189190600067, 0.0123040061444, 0.000577812548727, 0.00232512154616, 0.000981248565949, 0.000198929919861, 0.000229663040955, 0.000235188417719, 0.000469818565762, 0.000583512417506, 0.000178422793397, 0.000282415334368, 6.53684401186e-05, 0.00010893902072, 5.6354161643e-05, 2.97826154565e-05, 1.43386714626e-05, 1.06614916149e-05, 9.30934038479e-06, 7.01826229488e-06, 6.66872210786e-06, 6.54145060253e-06, 5.96411109655e-06, 5.46364299225e-06, 5.10915788254e-06, 6.39289419269e-06, 3.9770143303e-06, 4.04872753279e-06, 3.70249790649e-06, 2.7814708119e-06, 2.8091292279e-06],
        "mean": [0.00100160716102, 0.00263061420992, 0.00131207075901, 0.000510892830789, 0.000450086197816, 0.000894563389011, 0.000280609587207, 0.000141442476888, 0.000132244444103, 0.000367032567738, 0.000135848618811, 2.47574589594e-05, 2.48618562182e-05, 1.55538182298e-05, 6.82593781676e-06, 5.2000859796e-06, 4.36856635133e-06, 6.94651407684e-06, 6.47013484922e-06, 2.87018951894e-06, 3.06205379275e-06, 1.47737694078e-06, 1.41653970331e-06, 8.29206953767e-07, 6.11885923263e-07, 5.18812726114e-07, 4.34430518226e-07, 3.18877425798e-07, 2.89252398034e-07, 2.29093032544e-07, 2.00750122303e-07, 1.99928521738e-07, 1.72592464764e-07, 1.66681928704e-07, 1.54564816057e-07, 1.23388559814e-07, 1.3144033062e-07, 1.19334018223e-07, 8.84006112756e-08, 7.15427432851e-08],
        "median": [0.000526158895809, 0.00118669494987, 0.000667048036121, 0.000176031404408, 0.000132999921334, 0.000114668466267, 5.44807699043e-05, 2.50389748544e-05, 1.27947168949e-05, 1.23818872453e-05, 9.71729514276e-06, 6.49803905617e-06, 3.02561193166e-06, 1.28033298097e-06, 1.13320641049e-06, 8.49137961723e-07, 5.32869989911e-07, 6.01706119596e-07, 4.46207138793e-07, 2.76562531099e-07, 2.23134705379e-07, 1.70437019165e-07, 1.43907030292e-07, 8.48542711651e-08, 6.9264473268e-08, 6.62776429294e-08, 6.24493310397e-08, 3.83478351296e-08, 3.29841718383e-08, 2.35573534013e-08, 1.96691658516e-08, 1.83007209387e-08, 1.53201700215e-08, 1.30376793805e-08, 1.15637277531e-08, 9.69093605363e-09, 8.76556605078e-09, 7.46935135965e-09, 5.42317746266e-09, 3.55005536079e-09],
        "min": [4.96877412346e-24, 4.64820313968e-24, 5.42321756386e-24, 7.60161435514e-24, 3.41470867384e-24, 4.21206876646e-24, 5.03311559104e-24, 2.92116652596e-24, 5.13603748448e-24, 6.76238231454e-24, 1.54514753485e-23, 6.16644602116e-24, 1.14274019966e-23, 1.62723640065e-23, 7.08653867113e-24, 1.15965992501e-23, 1.22201701299e-23, 1.17183039217e-23, 9.71008257148e-24, 1.07385284222e-23, 5.25577592027e-24, 6.1883747766e-24, 6.86705232375e-24, 4.45252816429e-24, 4.9432095081e-24, 1.90638729597e-23, 9.90477502061e-24, 6.61125589219e-24, 6.98994265329e-24, 5.23463208143e-24, 5.74016885938e-24, 1.05158605988e-23, 1.19636514961e-23, 1.1540991656e-23, 9.9301250658e-24, 6.46761615427e-24, 7.4496797448e-24, 8.30440895788e-24, 1.08375036446e-23, 9.87310856615e-24],
        "var": [2.18520722228e-06, 1.77195397555e-05, 4.28208795711e-06, 8.51680283631e-07, 7.19751710676e-07, 4.57800888398e-06, 3.68936241557e-07, 2.47641935402e-07, 2.14505504914e-07, 1.72580382696e-06, 3.09842846491e-07, 2.50042164751e-09, 7.75433939282e-09, 3.66917496386e-09, 2.64837429764e-10, 2.20337359469e-10, 1.69113278936e-10, 7.98870858354e-10, 1.06265396482e-09, 1.04213151997e-10, 1.87746679314e-10, 1.87219302561e-11, 2.77692487061e-11, 7.36838194626e-12, 2.88403502469e-12, 1.63100587723e-12, 1.09209071907e-12, 6.80925151333e-13, 5.58410631103e-13, 3.89807706513e-13, 2.66358847955e-13, 2.66577558639e-13, 1.80417502769e-13, 1.80185686792e-13, 1.59647577276e-13, 9.57033999033e-14, 1.10101523439e-13, 9.13331164713e-14, 5.40618270365e-14, 3.76849261161e-14]
    },
    "mfcc": {
        "mean": [-791.326721191, 181.560302734, 40.4526863098, 21.6370067596, 7.20687580109, 2.75211310387, -0.481287926435, 3.7499320507, 1.15683913231, 1.70818853378, -3.86124205589, -3.7042324543, -2.73014116287],
        "cov": [[10247.6933594, -610.452392578, -1374.26647949, -246.650894165, -307.395751953, -255.534393311, -362.980407715, -102.796005249, 22.7873802185, 87.6151733398, -48.3951034546, 55.7749595642, 26.857542038], [-610.452392578, 2556.81054688, -313.162780762, 4.13062524796, 252.409805298, -149.52456665, -58.7109870911, 48.3915977478, 169.691390991, 49.6864395142, -3.51029014587, 74.2927322388, 118.614601135], [-1374.26647949, -313.162780762, 1097.39880371, 228.862564087, 97.0295562744, 161.893157959, 77.8249664307, 25.9402446747, -46.1730690002, -8.08207607269, 46.9456787109, 2.75382208824, 41.2292861938], [-246.650894165, 4.13062524796, 228.862564087, 265.607391357, 100.065483093, 26.5222930908, 22.6486473083, 16.6250114441, 0.87828785181, 4.07479286194, 19.7870502472, 19.3115711212, 19.4214477539], [-307.395751953, 252.409805298, 97.0295562744, 100.065483093, 194.491653442, 41.9575462341, 6.36858892441, 21.8326568604, 34.105381012, 14.4388599396, 14.0465278625, 19.5930728912, 37.038974762], [-255.534393311, -149.52456665, 161.893157959, 26.5222930908, 41.9575462341, 144.901153564, 83.2428665161, 16.7925205231, -10.3503246307, 9.01952934265, 20.4691390991, 5.92971897125, 7.96962451935], [-362.980407715, -58.7109870911, 77.8249664307, 22.6486473083, 6.36858892441, 83.2428665161, 123.194709778, 44.9715461731, -9.68049430847, -2.68497347832, 21.5719013214, 14.9834470749, 4.02959299088], [-102.796005249, 48.3915977478, 25.9402446747, 16.6250114441, 21.8326568604, 16.7925205231, 44.9715461731, 84.9335861206, 38.3792572021, 4.19064569473, 14.1548919678, 20.3579978943, 16.2613830566], [22.7873802185, 169.691390991, -46.1730690002, 0.87828785181, 34.105381012, -10.3503246307, -9.68049430847, 38.3792572021, 97.6846389771, 57.7020454407, 10.6976423264, 12.8141212463, 23.3836040497], [87.6151733398, 49.6864395142, -8.08207607269, 4.07479286194, 14.4388599396, 9.01952934265, -2.68497347832, 4.19064569473, 57.7020454407, 91.1234588623, 34.1539802551, 6.09106874466, 14.1696338654], [-48.3951034546, -3.51029014587, 46.9456787109, 19.7870502472, 14.0465278625, 20.4691390991, 21.5719013214, 14.1548919678, 10.6976423264, 34.1539802551, 58.3478431702, 28.2455539703, 7.85891246796], [55.7749595642, 74.2927322388, 2.75382208824, 19.3115711212, 19.5930728912, 5.92971897125, 14.9834470749, 20.3579978943, 12.8141212463, 6.09106874466, 28.2455539703, 58.4354095459, 33.1525192261], [26.857542038, 118.614601135, 41.2292861938, 19.4214477539, 37.038974762, 7.96962451935, 4.02959299088, 16.2613830566, 23.3836040497, 14.1696338654, 7.85891246796, 33.1525192261, 71.1179885864]],
