{
"lowlevel": {
    "average_loudness": 0.634041666985,
    "barkbands_crest": {
        "dmean": 2.46461296082,
        "dmean2": 3.84944343567,
        "dvar": 4.94252681732,
        "dvar2": 12.0696334839,
        "max": 26.4855957031,
        "mean": 14.5654563904,
        "median": 14.061299324,
        "min": 3.37780976295,
        "var": 27.9643497467
    },
    "barkbands_flatness_db": {
        "dmean": 0.0199318304658,
        "dmean2": 0.0311288796365,
        "dvar": 0.000332693016389,
        "dvar2": 0.000778204062954,
        "max": 0.438059836626,
        "mean": 0.241817742586,
        "median": 0.244063526392,
        "min": 0.0957976952195,
        "var": 0.00318115507253
    },
    "barkbands_kurtosis": {
        "dmean": 4.86834478378,
        "dmean2": 7.6303768158,
        "dvar": 93.1407470703,
        "dvar2": 216.336044312,
        "max": 255.954925537,
        "mean": 11.8448991776,
        "median": 6.10988140106,
        "min": -1.83465588093,
        "var": 485.292449951
    },
    "barkbands_skewness": {
        "dmean": 0.573608994484,
        "dmean2": 0.863371908665,
        "dvar": 0.396114200354,
        "dvar2": 0.890249609947,
        "max": 14.520321846,
        "mean": 2.38944554329,
        "median": 2.07419157028,
        "min": -1.81410229206,
        "var": 3.69708132744
    },
    "barkbands_spread": {
        "dmean": 2.48877835274,
        "dmean2": 3.87159180641,
        "dvar": 12.8745412827,
        "dvar2": 25.345495224,
        "max": 65.3285598755,
        "mean": 10.5534257889,
        "median": 7.44495439529,
        "min": 0.604267954826,
        "var": 99.9617614746
    },
    "dissonance": {
        "dmean": 0.0282371528447,
        "dmean2": 0.047576546669,
        "dvar": 0.000689117470756,
        "dvar2": 0.0019849233795,
        "max": 0.499909043312,
        "mean": 0.418261915445,
        "median": 0.427452802658,
        "min": 0.196143463254,
        "var": 0.00234343158081
    },
    "dynamic_complexity": 3.96829080582,
    "erbbands_crest": {
        "dmean": 2.92183685303,
        "dmean2": 4.44229841232,
        "dvar": 6.7131357193,
        "dvar2": 16.415807724,
        "max": 32.0223197937,
        "mean": 14.7650566101,
        "median": 14.2545900345,
        "min": 3.73629164696,
        "var": 38.5584564209
    },
    "erbbands_flatness_db": {
        "dmean": 0.0141568500549,
        "dmean2": 0.0215293541551,
        "dvar": 0.000158290800755,
        "dvar2": 0.00033201626502,
        "max": 0.424239456654,
        "mean": 0.263751894236,
        "median": 0.256818503141,
        "min": 0.138482615352,
        "var": 0.00270449882373
    },
    "erbbands_kurtosis": {
        "dmean": 1.77407073975,
        "dmean2": 2.78894352913,
        "dvar": 7.09239339828,
        "dvar2": 16.8691654205,
        "max": 61.5481109619,
        "mean": 3.33258938789,
        "median": 1.57926368713,
        "min": -1.81057357788,
        "var": 35.7404136658
    },
    "erbbands_skewness": {
        "dmean": 0.397175729275,
        "dmean2": 0.615203857422,
        "dvar": 0.156001240015,
        "dvar2": 0.341453522444,
        "max": 7.33860397339,
        "mean": 1.21302676201,
        "median": 1.13519454002,
        "min": -2.8137254715,
        "var": 1.22505998611
    },
    "erbbands_spread": {
        "dmean": 5.39243364334,
        "dmean2": 8.38629055023,
        "dvar": 39.9603881836,
        "dvar2": 98.6923522949,
        "max": 103.836227417,
        "mean": 26.4802970886,
        "median": 24.6155605316,
        "min": 3.33092832565,
        "var": 255.421142578
    },
    "hfc": {
        "dmean": 2.83879327774,
        "dmean2": 4.22137451172,
        "dvar": 30.3556747437,
        "dvar2": 67.6930236816,
        "max": 116.99369812,
        "mean": 12.3975086212,
        "median": 6.59632158279,
        "min": 0.00122300744988,
        "var": 267.295471191
    },
    "melbands_crest": {
        "dmean": 2.79325151443,
        "dmean2": 4.27186870575,
        "dvar": 5.93772506714,
        "dvar2": 13.9757184982,
        "max": 33.0629081726,
        "mean": 17.4719085693,
        "median": 17.1084594727,
        "min": 3.5028731823,
        "var": 38.4927062988
    },
    "melbands_flatness_db": {
        "dmean": 0.0200565923005,
        "dmean2": 0.0296734850854,
        "dvar": 0.000390891684219,
        "dvar2": 0.000809173216112,
        "max": 0.435581475496,
        "mean": 0.256702840328,
        "median": 0.261507630348,
        "min": 0.0392021499574,
        "var": 0.0042505254969
    },
    "melbands_kurtosis": {
        "dmean": 8.39092063904,
        "dmean2": 13.1537361145,
        "dvar": 217.527664185,
        "dvar2": 507.972320557,
        "max": 338.744750977,
        "mean": 22.1431255341,
        "median": 11.2554731369,
        "min": -1.79256081581,
        "var": 1249.9473877
    },
    "melbands_skewness": {
        "dmean": 0.696433663368,
        "dmean2": 1.05209362507,
        "dvar": 0.514615416527,
        "dvar2": 1.21446847916,
        "max": 16.0360279083,
        "mean": 3.0087428093,
        "median": 2.6606426239,
        "min": -0.731737673283,
        "var": 5.10628509521
    },
    "melbands_spread": {
        "dmean": 3.54218816757,
        "dmean2": 5.28845357895,
        "dvar": 77.7194290161,
        "dvar2": 127.444580078,
        "max": 191.215805054,
        "mean": 14.2740058899,
        "median": 9.00738716125,
        "min": 0.68123036623,
        "var": 474.989837646
    },
    "pitch_salience": {
        "dmean": 0.0606251321733,
        "dmean2": 0.0936863273382,
        "dvar": 0.00310277543031,
        "dvar2": 0.00747858313844,
        "max": 0.788683414459,
        "mean": 0.486372560263,
        "median": 0.508482038975,
        "min": 0.0686747431755,
        "var": 0.0225837361068
    },
    "silence_rate_20dB": {
        "dmean": 0,
        "dmean2": 0,
        "dvar": 0,
        "dvar2": 0,
        "max": 1,
        "mean": 1,
        "median": 1,
        "min": 1,
        "var": 0
    },
    "silence_rate_30dB": {
        "dmean": 0.00155038759112,
        "dmean2": 0.00310318078846,
        "dvar": 0.00154797872528,
        "dvar2": 0.00464511662722,
        "max": 1,
        "mean": 0.999225378036,
        "median": 1,
        "min": 0,
        "var": 0.000773992331233
    },
    "silence_rate_60dB": {
        "dmean": 0.0418604649603,
        "dmean2": 0.0837858840823,
        "dvar": 0.0401073731482,
        "dvar2": 0.0860745385289,
        "max": 1,
        "mean": 0.140975981951,
        "median": 0,
        "min": 0,
        "var": 0.121101371944
    },
    "spectral_centroid": {
        "dmean": 142.255355835,
        "dmean2": 215.617950439,
        "dvar": 48161.3710938,
        "dvar2": 82215.1953125,
        "max": 4567.60791016,
        "mean": 937.141174316,
        "median": 786.758972168,
        "min": 311.769989014,
        "var": 356908.03125
    },
    "spectral_complexity": {
        "dmean": 1.51782941818,
        "dmean2": 2.4802172184,
        "dvar": 2.19539666176,
        "dvar2": 4.80814313889,
        "max": 34,
        "mean": 9.22308254242,
        "median": 9,
        "min": 0,
        "var": 16.3282184601
    },
    "spectral_decrease": {
        "dmean": 1.08085207451e-09,
        "dmean2": 1.65331304203e-09,
        "dvar": 2.35408095669e-18,
        "dvar2": 5.88721357798e-18,
        "max": -2.39957847429e-13,
        "mean": -4.34607372313e-09,
        "median": -2.79504397405e-09,
        "min": -2.69917315165e-08,
        "var": 1.98753898793e-17
    },
    "spectral_energy": {
        "dmean": 0.00431548338383,
        "dmean2": 0.00659082271159,
        "dvar": 3.77601936634e-05,
        "dvar2": 9.46285945247e-05,
        "max": 0.112392008305,
        "mean": 0.0175275783986,
        "median": 0.0112224724144,
        "min": 1.01658042695e-06,
        "var": 0.000326152920024
    },
    "spectral_energyband_high": {
        "dmean": 0.000101960016764,
        "dmean2": 0.000132213506731,
        "dvar": 2.74162573533e-07,
        "dvar2": 4.20304559157e-07,
        "max": 0.0118054216728,
        "mean": 0.00029408861883,
        "median": 7.90086050984e-05,
        "min": 2.97116571346e-08,
        "var": 1.31966373829e-06
    },
    "spectral_energyband_low": {
        "dmean": 5.59238214919e-05,
        "dmean2": 7.56659574108e-05,
        "dvar": 8.58242366064e-09,
        "dvar2": 1.20425127648e-08,
        "max": 0.0029409751296,
        "mean": 0.000190628241398,
        "median": 7.36808360671e-05,
        "min": 1.36310718268e-09,
        "var": 1.07016859374e-07
    },
    "spectral_energyband_middle_high": {
        "dmean": 0.00146449287422,
        "dmean2": 0.00226887362078,
        "dvar": 1.99022306333e-05,
        "dvar2": 5.01788927068e-05,
        "max": 0.107848696411,
        "mean": 0.00451448047534,
        "median": 0.000991123029962,
        "min": 7.51652692088e-07,
        "var": 0.00014746063971
    },
    "spectral_energyband_middle_low": {
        "dmean": 0.00376332201995,
        "dmean2": 0.00569336814806,
        "dvar": 2.92551430903e-05,
        "dvar2": 7.01452881913e-05,
        "max": 0.085519567132,
        "mean": 0.0129975229502,
        "median": 0.00902437604964,
        "min": 2.29176052358e-07,
        "var": 0.000170810817508
    },
    "spectral_entropy": {
        "dmean": 0.146618962288,
        "dmean2": 0.220342993736,
        "dvar": 0.0213121715933,
        "dvar2": 0.0431505069137,
        "max": 8.37719535828,
        "mean": 6.77164030075,
        "median": 6.76722192764,
        "min": 5.00254154205,
        "var": 0.307218104601
    },
    "spectral_flux": {
        "dmean": 0.0162792075425,
        "dmean2": 0.0267824362963,
        "dvar": 0.000401539582526,
        "dvar2": 0.00113319605589,
        "max": 0.231148004532,
        "mean": 0.0499154105783,
        "median": 0.0380693264306,
        "min": 0.00100825610571,
        "var": 0.00128044956364
    },
    "spectral_kurtosis": {
        "dmean": 2.79762983322,
        "dmean2": 4.80826663971,
        "dvar": 6.76831388474,
        "dvar2": 19.6275463104,
        "max": 29.4744110107,
        "mean": 5.69635009766,
        "median": 4.65740251541,
        "min": -0.781497478485,
        "var": 18.4436759949
    },
    "spectral_rms": {
        "dmean": 0.000469684135169,
        "dmean2": 0.000702714605723,
        "dvar": 2.46369438628e-07,
        "dvar2": 5.9782706785e-07,
        "max": 0.0104714250192,
        "mean": 0.00367719889618,
        "median": 0.00330889015459,
        "min": 3.14926292049e-05,
        "var": 3.5782741179e-06
    },
    "spectral_rolloff": {
        "dmean": 200.508728027,
        "dmean2": 331.467071533,
        "dvar": 263784.6875,
        "dvar2": 447976.65625,
        "max": 8979.34570312,
        "mean": 1013.17932129,
        "median": 710.595703125,
        "min": 215.33203125,
        "var": 1521942.875
    },
    "spectral_skewness": {
        "dmean": 0.296755582094,
        "dmean2": 0.491847753525,
        "dvar": 0.0633251965046,
        "dvar2": 0.169851124287,
        "max": 4.15178632736,
        "mean": 1.63498783112,
        "median": 1.60768437386,
        "min": -0.209494248033,
        "var": 0.407747507095
    },
    "spectral_spread": {
        "dmean": 273436.09375,
        "dmean2": 431895.5,
        "dvar": 199716552704,
        "dvar2": 292055908352,
        "max": 16653628,
        "mean": 3416919,
        "median": 3300907.25,
        "min": 1825803.375,
        "var": 633051283456
    },
    "spectral_strongpeak": {
        "dmean": 0.415891230106,
        "dmean2": 0.671158134937,
        "dvar": 0.275517910719,
        "dvar2": 0.629758119583,
        "max": 10.0293741226,
        "mean": 1.55531144142,
        "median": 1.1106300354,
        "min": 0.0118540404364,
        "var": 2.4250202179
    },
    "zerocrossingrate": {
        "dmean": 0.00581243960187,
        "dmean2": 0.00672608381137,
        "dvar": 9.33238407015e-05,
        "dvar2": 7.87891694927e-05,
        "max": 0.279296875,
        "mean": 0.0427217744291,
        "median": 0.03466796875,
        "min": 0.01123046875,
        "var": 0.00116681563668
    },
    "barkbands": {
        "dmean": [1.52365112172e-06, 1.81602335942e-05, 3.23768545059e-05, 5.66605231143e-05, 0.000718225142919, 0.00222727935761, 0.000899705511983, 0.000450578721939, 0.000700833217707, 0.00128530617803, 0.000277125742286, 9.96883172775e-05, 0.000346609565895, 8.06746174931e-05, 4.07540792366e-05, 3.51738162863e-05, 3.42850617017e-05, 2.98569884762e-05, 5.40716719115e-05, 4.31646221841e-05, 3.31834235112e-05, 3.98861338908e-05, 1.90998562175e-05, 1.61972129717e-05, 2.39655923906e-06, 2.63044563908e-09, 7.0346611869e-10],
        "dmean2": [2.58126829067e-06, 2.76486098301e-05, 4.18587878812e-05, 8.61177104525e-05, 0.00109317956958, 0.0033857410308, 0.00127682462335, 0.000664846273139, 0.000900688406546, 0.00198044255376, 0.000383476319257, 0.00015449860075, 0.000531318131834, 0.000128295258037, 6.52209855616e-05, 5.71596938244e-05, 5.63088069612e-05, 4.81305505673e-05, 8.33684462123e-05, 6.45850013825e-05, 5.11052021466e-05, 5.27353186044e-05, 3.04908771795e-05, 2.36680443777e-05, 3.57499220627e-06, 4.31297797476e-09, 1.28847821301e-09],
        "dvar": [8.15958325212e-12, 1.39098765839e-09, 5.25235455129e-09, 9.6624566126e-09, 1.87928583273e-06, 1.50897894855e-05, 7.63663683756e-06, 2.37098834077e-06, 6.66250753056e-06, 1.85432199942e-05, 8.00854365934e-07, 1.35273751312e-07, 2.44726697929e-06, 7.01067577324e-08, 9.00134367043e-09, 4.44360237495e-09, 4.63965266206e-09, 1.02065165208e-08, 1.20301022477e-08, 1.19104548446e-08, 2.01435028657e-08, 5.19632692431e-08, 1.88428810333e-08, 1.41948826027e-08, 1.24536783663e-10, 1.80772183416e-16, 1.62633562217e-18],
        "dvar2": [2.05061627401e-11, 2.43721354209e-09, 6.25636120688e-09, 2.54056597981e-08, 4.4177700147e-06, 3.51496855728e-05, 1.58913644555e-05, 4.42270084022e-06, 1.01668856587e-05, 4.75403030578e-05, 1.22105166156e-06, 2.4775778229e-07, 5.6904154917e-06, 1.64983191553e-07, 1.58154911389e-08, 1.10159161792e-08, 1.18386758174e-08, 2.6738884884e-08, 2.42705180398e-08, 2.69215174598e-08, 4.20417407554e-08, 7.39564356422e-08, 4.46522392394e-08, 2.51349199232e-08, 2.64423011265e-10, 4.57585621073e-16, 4.9472212463e-18],
        "max": [4.5252199925e-05, 0.00117450463586, 0.00260089430958, 0.00177156704012, 0.019957376644, 0.0542737059295, 0.0651616305113, 0.0362828150392, 0.0611253157258, 0.0726757347584, 0.0153945153579, 0.00997992418706, 0.0430516004562, 0.00668654823676, 0.00289063598029, 0.000907596957404, 0.00130540179089, 0.003315476235, 0.00257579563186, 0.00224817241542, 0.00323477224447, 0.00706628104672, 0.00331558007747, 0.00357663747855, 0.000267786206678, 3.82035779012e-07, 1.61705440149e-08],
        "mean": [1.52000643538e-06, 4.93170955451e-05, 0.000107684842078, 0.000123778008856, 0.00163281382993, 0.005825269036, 0.00230737868696, 0.000860192463733, 0.00131188496016, 0.00266015646048, 0.000585029425565, 0.000213241481106, 0.000968936714344, 0.000172201660462, 6.70415320201e-05, 5.52672354388e-05, 5.63367502764e-05, 5.63962785236e-05, 0.000123538382468, 9.94895817712e-05, 7.78564935899e-05, 9.19023150345e-05, 3.85925814044e-05, 3.70282468793e-05, 4.7322332648e-06, 3.9337404445e-09, 6.0247107303e-10],
        "median": [5.94548737354e-07, 1.35386735565e-05, 1.89857983059e-05, 5.63856301596e-05, 0.000639742822386, 0.00185970542952, 0.000170979939867, 0.000159202667419, 0.000192414809135, 0.000100599354482, 7.52022606321e-05, 2.26097799896e-05, 4.07324478147e-05, 3.61062229786e-05, 2.90747975669e-05, 2.47710122494e-05, 2.85003625322e-05, 2.3720172976e-05, 6.00398052484e-05, 3.44634972862e-05, 2.2101759896e-05, 9.28058761929e-06, 4.79321579405e-06, 5.74458954361e-06, 8.06218849903e-07, 8.77614869665e-10, 1.84272208603e-10],
        "min": [6.10111874216e-12, 3.27283089518e-10, 1.7281934217e-10, 2.19557971803e-09, 4.0645247168e-09, 3.37328174282e-08, 1.48769814245e-07, 9.38651023574e-09, 2.5541155857e-09, 5.35351283304e-08, 1.19061205339e-07, 1.47014711516e-09, 8.91968667815e-08, 1.14069287349e-09, 5.49608447642e-09, 1.08402953281e-09, 1.52049373092e-10, 1.12996501045e-09, 4.69198475628e-08, 1.6159821925e-08, 3.84120868446e-09, 7.36402952506e-11, 6.13791351078e-10, 1.22330687247e-10, 1.27932985386e-11, 6.98277243319e-12, 1.08513024955e-11],
        "var": [9.88324179441e-12, 1.30251924801e-08, 6.76200642147e-08, 4.33505888964e-08, 6.36366576146e-06, 6.77137577441e-05, 4.81281349494e-05, 5.21593528902e-06, 1.48983608597e-05, 7.59094036766e-05, 2.61225409304e-06, 6.6891715278e-07, 1.79629678314e-05, 3.11105736728e-07, 2.19313509575e-08, 7.53843654167e-09, 7.15422077135e-09, 2.38613147019e-08, 4.67747511834e-08, 3.94433143924e-08, 7.46931689832e-08, 2.46497421585e-07, 4.31491748998e-08, 3.85408363002e-08, 3.50621642831e-10, 2.80412083603e-16, 1.46464497347e-18]
    },
    "erbbands": {
        "dmean": [0.000278154533589, 0.00527217425406, 0.0320253372192, 0.104673802853, 0.961811840534, 2.59168124199, 10.4328889847, 20.7672214508, 11.5894432068, 13.3157520294, 8.81276798248, 12.2444133759, 26.0187721252, 27.6128387451, 9.77528190613, 6.73908996582, 16.7845096588, 5.25185775757, 2.17328357697, 2.36881279945, 1.31172549725, 1.51449048519, 1.44115972519, 1.83207547665, 3.02951669693, 2.10799789429, 1.56374573708, 1.36013090611, 1.46724569798, 0.853098511696, 0.558945000172, 0.412557333708, 0.24066708982, 0.0537200495601, 0.00237359688617, 0.000116415285447, 1.02075455288e-05, 2.07047014555e-06, 2.4825806122e-06, 5.05674051965e-06],
        "dmean2": [0.000460637675133, 0.00784883741289, 0.0424523949623, 0.150509983301, 1.38105356693, 3.99339842796, 15.8144245148, 30.8340682983, 17.6648826599, 18.4259243011, 12.3235692978, 16.4116764069, 41.5112953186, 43.5714836121, 12.984457016, 9.35058021545, 26.5862808228, 8.0739364624, 3.4582927227, 3.868247509, 2.07089710236, 2.5070400238, 2.27257966995, 2.93093943596, 4.60624408722, 3.24773740768, 2.3403699398, 1.97751200199, 1.89918756485, 1.25021469593, 0.866760671139, 0.590537130833, 0.340356171131, 0.0751222074032, 0.00350075634196, 0.000167788108229, 1.41603022712e-05, 2.91563742394e-06, 3.70501243196e-06, 7.68501286075e-06],
        "dvar": [2.38288606624e-07, 0.000110946522909, 0.00377774378285, 0.0220460351557, 3.30937170982, 19.2549915314, 511.715362549, 1507.38720703, 1007.10797119, 4703.24609375, 488.17364502, 756.306030273, 9672.125, 13430.7148438, 766.833068848, 436.227661133, 6906.91308594, 334.606384277, 35.6443901062, 19.9032363892, 6.24981164932, 8.15274238586, 17.7538452148, 15.4407958984, 54.6182098389, 22.6986198425, 38.9717941284, 40.6863746643, 71.8748474121, 31.1179256439, 14.6266107559, 12.7013759613, 1.95856082439, 0.0692020729184, 0.000134292480652, 3.40069505e-07, 2.58588861435e-09, 1.03689404285e-10, 1.9144828084e-11, 5.19257033205e-11],
        "dvar2": [5.96775635131e-07, 0.000191400496988, 0.00545649975538, 0.0485257357359, 5.49731779099, 46.4173126221, 1248.90966797, 3157.86352539, 2136.92871094, 7783.16503906, 1046.77209473, 1250.37463379, 26984.5957031, 37383.3789062, 1044.87194824, 689.911682129, 16590.1503906, 810.987243652, 66.8620376587, 52.6547393799, 13.5573320389, 21.8378219604, 43.4837837219, 39.3404884338, 111.543151855, 49.6920471191, 84.2238769531, 80.3136444092, 98.3458786011, 66.361076355, 34.4354629517, 25.7399177551, 3.42719912529, 0.138741865754, 0.000290089432383, 7.21374874502e-07, 5.06471176109e-09, 1.95132715541e-10, 4.09647905875e-11, 1.28272573119e-10],
        "max": [0.010411715135, 0.347461491823, 1.94801032543, 2.85147976875, 54.9284210205, 47.5400505066, 530.720153809, 651.061828613, 844.710632324, 1803.76281738, 454.527923584, 619.074890137, 2240.96826172, 2735.36181641, 626.570678711, 484.961212158, 2392.58398438, 565.848144531, 179.275970459, 54.1427268982, 55.6697311401, 49.9606704712, 117.504829407, 137.807876587, 168.915054321, 98.9033432007, 135.213684082, 148.669692993, 278.643737793, 142.68145752, 89.6527252197, 115.405776978, 40.9061203003, 6.69243240356, 0.268544197083, 0.0144847854972, 0.00140943739098, 0.00028421197203, 9.16931894608e-05, 0.000134901769343],
        "mean": [0.000522838847246, 0.0154648134485, 0.108184397221, 0.281926780939, 2.25990581512, 5.86107635498, 24.4356021881, 53.319355011, 35.3258895874, 28.1098041534, 18.8519306183, 30.1769046783, 66.7011489868, 67.4609603882, 22.4640483856, 15.6404695511, 44.7600517273, 14.5579957962, 4.28925704956, 4.05202484131, 2.68817043304, 2.79478764534, 2.91582417488, 4.16543388367, 6.88084745407, 5.1222410202, 3.33422350883, 3.15329575539, 3.42276716232, 1.88456785679, 1.09158968925, 0.843182086945, 0.531543195248, 0.119912721217, 0.00423004152253, 0.000232683465583, 2.83582940028e-05, 6.22029256192e-06, 1.01741661638e-05, 2.07562043215e-05],
        "median": [0.00026369857369, 0.00416120514274, 0.0273034553975, 0.146758779883, 0.808453500271, 2.31411075592, 6.40930223465, 15.4294652939, 5.91327524185, 4.40079975128, 5.18388938904, 6.23330307007, 5.1987323761, 4.04883050919, 3.57995724678, 2.00749921799, 2.32808494568, 2.23029375076, 1.46411395073, 1.77211868763, 1.50620138645, 1.53058922291, 1.43635702133, 2.36841058731, 2.57631111145, 1.81459677219, 1.16652810574, 0.671725392342, 0.352903217077, 0.177316829562, 0.125290557742, 0.097077973187, 0.0858535543084, 0.022005898878, 0.000638204335701, 4.61897107016e-05, 9.66960487858e-06, 2.10203302231e-06, 6.43371186015e-06, 1.3814948943e-05],
        "min": [1.8807043034e-08, 4.51127561973e-08, 1.99297389258e-07, 3.49512811226e-06, 1.65291203302e-05, 8.90428054845e-06, 4.91995488119e-05, 0.000404050166253, 0.00216117873788, 0.00122996757273, 0.000176434870809, 5.88042275922e-05, 0.00123103067745, 0.0114247249439, 0.00150725897402, 0.00104796048254, 0.00407344195992, 0.00131105817854, 0.000283919362118, 0.000191352271941, 5.05191783304e-05, 1.78935279109e-05, 8.06601819932e-05, 0.00083153124433, 0.00288744876161, 0.00102690747008, 0.00023248209618, 3.36262310157e-05, 2.28140675063e-06, 8.29732925922e-06, 1.33134872158e-05, 1.03322227005e-05, 1.4666854895e-06, 3.05992216454e-07, 6.02331624577e-08, 2.41691839875e-08, 1.51156793748e-08, 6.21218410046e-09, 2.12144346534e-09, 1.41458889047e-09],
        "var": [6.95336780154e-07, 0.00111069134437, 0.0461619347334, 0.139634341002, 21.4163608551, 63.8967781067, 2053.25268555, 6827.51904297, 7129.84423828, 16291.09375, 1434.41711426, 3841.51635742, 55624.6757812, 75265.046875, 2931.83789062, 2327.99389648, 42101.1328125, 2595.58642578, 97.6320114136, 40.9369354248, 14.7484140396, 14.5524511337, 49.4046630859, 50.1656150818, 199.201797485, 88.4987487793, 103.350540161, 168.491043091, 336.893310547, 113.633483887, 33.4801292419, 26.4647350311, 5.98915624619, 0.221472322941, 0.000293681718176, 8.10555775388e-07, 7.78516007216e-09, 3.35600408574e-10, 1.18826906648e-10, 4.48304088296e-10]
    },
    "gfcc": {
        "mean": [-102.873352051, 130.787628174, -164.471710205, 28.1696147919, -99.186378479, -14.1432123184, -37.8484039307, -17.7609157562, -18.2716674805, -23.1728782654, 12.0269384384, -23.8368453979, 11.0539188385],
        "cov": [[3347.4934082, -668.817687988, -216.004730225, 10.4729309082, -281.205566406, 141.412612915, -116.476516724, 72.9593429565, 35.4301223755, 107.644004822, 0.238121524453, 2.22946953773, 35.7890396118], [-668.817687988, 739.387817383, 3.70656561852, -157.449447632, 235.908447266, -99.9156646729, 142.479507446, -46.519367218, 55.0880393982, -84.4717941284, 27.8921146393, -33.1713066101, -17.570356369], [-216.004730225, 3.70656561852, 372.51449585, 130.170715332, -55.6542739868, -49.1322898865, -100.533233643, 48.3964424133, -37.4759101868, 6.43796491623, -38.9315834045, -8.57212162018, 21.7131347656], [10.4729309082, -157.449447632, 130.170715332, 646.963439941, 123.825714111, 54.9431991577, -151.205825806, -24.1828479767, 216.666976929, 0.970877528191, -198.902938843, 7.18484306335, -62.1876029968], [-281.205566406, 235.908447266, -55.6542739868, 123.825714111, 263.701904297, 43.6492347717, 12.5131540298, -57.3402061462, 77.1867599487, -10.4119682312, -30.6815433502, -19.1964302063, -38.7328567505], [141.412612915, -99.9156646729, -49.1322898865, 54.9431991577, 43.6492347717, 246.118148804, 91.2302246094, 14.4795951843, 12.8104572296, 13.1952381134, -31.3895835876, -9.60725498199, -48.6985931396], [-116.476516724, 142.479507446, -100.533233643, -151.205825806, 12.5131540298, 91.2302246094, 281.387207031, 31.0846195221, -22.238407135, -27.6881122589, 49.1565361023, -2.60113930702, -57.0997695923], [72.9593429565, -46.519367218, 48.3964424133, -24.1828479767, -57.3402061462, 14.4795951843, 31.0846195221, 143.096008301, -5.93452882767, -12.6991729736, -11.6128816605, -6.79116344452, 15.0100717545], [35.4301223755, 55.0880393982, -37.4759101868, 216.666976929, 77.1867599487, 12.8104572296, -22.238407135, -5.93452882767, 257.748321533, -0.265370070934, -85.9220657349, 33.8254394531, -47.6613197327], [107.644004822, -84.4717941284, 6.43796491623, 0.970877528191, -10.4119682312, 13.1952381134, -27.6881122589, -12.6991729736, -0.265370070934, 139.287033081, 60.3046875, -38.7308425903, -25.2712688446], [0.238121524453, 27.8921146393, -38.9315834045, -198.902938843, -30.6815433502, -31.3895835876, 49.1565361023, -11.6128816605, -85.9220657349, 60.3046875, 177.352203369, 29.7583808899, 2.25643110275], [2.22946953773, -33.1713066101, -8.57212162018, 7.18484306335, -19.1964302063, -9.60725498199, -2.60113930702, -6.79116344452, 33.8254394531, -38.7308425903, 29.7583808899, 149.949554443, 62.4307403564], [35.7890396118, -17.570356369, 21.7131347656, -62.1876029968, -38.7328567505, -48.6985931396, -57.0997695923, 15.0100717545, -47.6613197327, -25.2712688446, 2.25643110275, 62.4307403564, 133.579925537]],
        "icov": [[0.000421797158197, 0.000164927740116, 0.00033787911525, -6.02204454481e-05, 0.000452877371572, -0.000325314846123, 0.000247836898779, -0.000111084613309, -0.000280916428892, 1.80859169632e-05, -0.000269175157882, 0.000331068207743, -0.000290124648018], [0.000164927740116, 0.00666044186801, -0.00351766590029, 0.00313360104337, -0.00659740110859, 0.00307196658105, -0.00391302956268, 0.00219010235742, -0.00483712693676, 0.00431360816583, -0.00216732802801, 0.00427046837285, -0.0027183694765], [0.00033787911525, -0.00351766590029, 0.0061756153591, -0.00299662351608, 0.0045267874375, -0.00114029564429, 0.00311884889379, -0.00292372819968, 0.00416912697256, -0.00289247836918, 0.0014832430752, -0.00255468115211, 0.00171571446117], [-6.02204454481e-05, 0.00313360104337, -0.00299662351608, 0.00621112715453, -0.00483817560598, 0.00125915394165, -0.000204306677915, 0.000999701442197, -0.00297202402726, -0.000179245413165, 0.00414521386847, -0.00135887018405, 0.00213421043009], [0.000452877371572, -0.00659740110859, 0.0045267874375, -0.00483817560598, 0.0130757940933, -0.00473807938397, 0.00380737404339, -8.09147240943e-05, 0.00259862001985, -0.0020069074817, -0.000979740638286, -0.000710957800038, 0.000619708793238], [-0.000325314846123, 0.00307196658105, -0.00114029564429, 0.00125915394165, -0.00473807938397, 0.00810566917062, -0.00421356037259, -9.29477173486e-05, 0.000340567930834, -0.00131122360472, 0.00326293986291, -0.00128083210438, 0.00147024251055], [0.000247836898779, -0.00391302956268, 0.00311884889379, -0.000204306677915, 0.00380737404339, -0.00421356037259, 0.00934045016766, -0.00318835536018, 0.00267843762413, -0.000520813511685, 0.00015968864318, -0.00336628756486, 0.00516333756968], [-0.000111084613309, 0.00219010235742, -0.00292372819968, 0.000999701442197, -8.09147240943e-05, -9.29477173486e-05, -0.00318835536018, 0.0101845348254, -0.00364932813682, 0.00310443877243, -0.00184231786989, 0.00432058237493, -0.00400910107419], [-0.000280916428892, -0.00483712693676, 0.00416912697256, -0.00297202402726, 0.00259862001985, 0.000340567930834, 0.00267843762413, -0.00364932813682, 0.0128707345575, -0.00750683574006, 0.00825388450176, -0.0100736906752, 0.00755113782361], [1.80859169632e-05, 0.00431360816583, -0.00289247836918, -0.000179245413165, -0.0020069074817, -0.00131122360472, -0.000520813511685, 0.00310443877243, -0.00750683574006, 0.0182541981339, -0.0135117340833, 0.0118497442454, -0.00521710794419], [-0.000269175157882, -0.00216732802801, 0.0014832430752, 0.00414521386847, -0.000979740638286, 0.00326293986291, 0.00015968864318, -0.00184231786989, 0.00825388450176, -0.0135117340833, 0.0220528040081, -0.0141883222386, 0.00930387526751], [0.000331068207743, 0.00427046837285, -0.00255468115211, -0.00135887018405, -0.000710957800038, -0.00128083210438, -0.00336628756486, 0.00432058237493, -0.0100736906752, 0.0118497442454, -0.0141883222386, 0.0212054532021, -0.0133654279634], [-0.000290124648018, -0.0027183694765, 0.00171571446117, 0.00213421043009, 0.000619708793238, 0.00147024251055, 0.00516333756968, -0.00400910107419, 0.00755113782361, -0.00521710794419, 0.00930387526751, -0.0133654279634, 0.0190909430385]]
    },
    "melbands": {
        "dmean": [3.65070081898e-06, 1.32110708364e-05, 3.51356575266e-05, 0.000125135105918, 0.000305381923681, 0.000441197742475, 0.000172366257175, 0.000134858870297, 6.83389444021e-05, 9.09329901333e-05, 0.000137187496875, 0.00012205283565, 3.78987206204e-05, 1.4330277736e-05, 3.61763995897e-05, 2.95503232337e-05, 8.34914317238e-06, 3.91545654566e-06, 2.59317016571e-06, 3.00093529404e-06, 1.71093756762e-06, 1.70020837231e-06, 1.67040479937e-06, 1.50820619638e-06, 1.54819440468e-06, 2.72841748483e-06, 1.85889643944e-06, 1.48539993461e-06, 1.16435273867e-06, 8.72953364706e-07, 8.02513625331e-07, 9.8338978205e-07, 7.92586661191e-07, 4.20791337774e-07, 3.53249504315e-07, 2.79318925323e-07, 2.71634263527e-07, 2.01175382131e-07, 1.13305567595e-07, 2.84391781236e-08],
        "dmean2": [5.78505523663e-06, 1.75452551048e-05, 4.89847298013e-05, 0.000187789730262, 0.000460318755358, 0.000664098595735, 0.000259582826402, 0.000187413563253, 9.72584093688e-05, 0.000115917973744, 0.000214996965951, 0.000189662736375, 5.10578393005e-05, 2.07632783713e-05, 4.7664379963e-05, 4.51166342827e-05, 1.29547388497e-05, 6.18484727966e-06, 4.18361832999e-06, 4.88108707941e-06, 2.70526720669e-06, 2.84628390546e-06, 2.73554519481e-06, 2.49781237471e-06, 2.48946616921e-06, 4.23541359851e-06, 2.81809548142e-06, 2.31289686781e-06, 1.77644619725e-06, 1.34109063765e-06, 1.1999719618e-06, 1.27090720525e-06, 1.16739522582e-06, 6.43075111384e-07, 5.37722939953e-07, 4.4520334086e-07, 4.0719052663e-07, 2.88651136771e-07, 1.60736618682e-07, 4.29876507724e-08],
        "dvar": [5.18508812275e-11, 6.09683470376e-10, 3.57196539014e-09, 4.05644122736e-08, 3.94631655354e-07, 6.27547876775e-07, 2.30977548199e-07, 4.37161276068e-07, 2.69369238026e-08, 6.50484963671e-08, 2.48642066936e-07, 2.58388894281e-07, 1.31844508644e-08, 2.31538210826e-09, 2.70536624214e-08, 1.86753066345e-08, 9.44415989856e-10, 1.16814113937e-10, 2.48813122883e-11, 3.5928541392e-11, 1.6140942749e-11, 1.44818011749e-11, 1.13327177503e-11, 4.05348810073e-11, 1.05958202282e-11, 4.4237471325e-11, 2.09697953446e-11, 1.32339686085e-11, 2.31789917121e-11, 1.67505002924e-11, 1.40100578708e-11, 3.48444120779e-11, 2.30319409378e-11, 7.78359321441e-12, 4.85131552985e-12, 5.45329796944e-12, 5.64937506498e-12, 1.41946545663e-12, 2.74878156261e-13, 2.02258863954e-14],
        "dvar2": [1.0388302718e-10, 8.83254025474e-10, 6.67418031952e-09, 8.82607267272e-08, 9.75761963673e-07, 1.37049414661e-06, 5.00703208672e-07, 7.11611107818e-07, 5.56688952713e-08, 9.23850649315e-08, 6.84638280291e-07, 7.32172395601e-07, 1.77441759064e-08, 3.88419207908e-09, 4.48213484106e-08, 4.24940012067e-08, 2.26550667115e-09, 2.37643377199e-10, 5.17797020538e-11, 9.18179768328e-11, 3.55974590083e-11, 3.77360608039e-11, 2.89440624246e-11, 1.09630075851e-10, 2.75347661338e-11, 8.95150203961e-11, 4.95681343193e-11, 3.02330695201e-11, 5.23339600822e-11, 3.68059749345e-11, 2.62882840496e-11, 5.29109082936e-11, 4.73913928933e-11, 1.81137431443e-11, 1.12889862389e-11, 1.32000374173e-11, 1.09138115212e-11, 2.54769729618e-12, 5.6802094495e-13, 4.58622228465e-14],
        "max": [0.000180039758561, 0.000728350947611, 0.00131329370197, 0.00481215398759, 0.0142893288285, 0.0128270229325, 0.0122302221134, 0.0176929179579, 0.00319639104418, 0.00643800804392, 0.01146557834, 0.0121060553938, 0.00231817830354, 0.00147681112867, 0.00450893305242, 0.00388942938298, 0.000935831631068, 0.00027417219826, 0.000105442166387, 8.54108584463e-05, 9.5410112408e-05, 7.8685079643e-05, 5.40731853107e-05, 0.000202261202503, 0.000105143953988, 0.000167236794368, 9.22566323425e-05, 7.52120904508e-05, 0.000104423423181, 9.49465829763e-05, 8.58894054545e-05, 0.000194616615772, 0.000135313675855, 6.5618136432e-05, 4.29113242717e-05, 6.76718555042e-05, 7.55126748118e-05, 3.57193785021e-05, 1.25767546706e-05, 3.41531267622e-06],
        "mean": [8.84576547833e-06, 4.46960038971e-05, 8.90136434464e-05, 0.000287078000838, 0.000751069863327, 0.0011622934835, 0.000521387613844, 0.000268093805062, 0.000144176912727, 0.000203491275897, 0.000333346455591, 0.000285033718683, 8.24578601168e-05, 2.83542976831e-05, 8.69305222295e-05, 7.35236608307e-05, 2.18412915274e-05, 6.62006868879e-06, 4.51379946753e-06, 4.79867367176e-06, 3.10220275423e-06, 2.84941143036e-06, 2.96756729767e-06, 2.7326880172e-06, 3.1150493669e-06, 5.77625951337e-06, 3.92004494643e-06, 3.13896998705e-06, 2.13949647332e-06, 1.81776795216e-06, 1.78387756478e-06, 2.02878118216e-06, 1.63890808835e-06, 8.20362288323e-07, 6.6075824634e-07, 4.89956505589e-07, 5.34199500635e-07, 4.11407427237e-07, 2.42944452111e-07, 4.83031321608e-08],
        "median": [3.25887663166e-06, 1.08536214611e-05, 4.20997967012e-05, 0.000117071256682, 0.000231064972468, 0.000371753470972, 6.74940602039e-05, 4.49923791166e-05, 3.48506982846e-05, 2.81740994978e-05, 2.08804285649e-05, 1.30593934955e-05, 1.09376151158e-05, 3.78672916668e-06, 3.90130253436e-06, 4.64981303594e-06, 3.48637399838e-06, 1.88101762433e-06, 2.11470023714e-06, 1.98899260795e-06, 1.2590969618e-06, 1.38340146805e-06, 1.07475284494e-06, 9.1211347808e-07, 1.71848955688e-06, 2.49404433816e-06, 1.3365228142e-06, 1.03985769329e-06, 6.24948825134e-07, 3.73539279508e-07, 3.65491246157e-07, 1.96074324776e-07, 1.17076531581e-07, 8.39116438556e-08, 7.15893406777e-08, 4.67077576616e-08, 5.65651667728e-08, 6.18745232828e-08, 4.30794528938e-08, 6.84824952302e-09],
        "min": [1.54999971191e-10, 7.0359773563e-11, 1.04608011142e-09, 9.93970905583e-10, 1.23982979439e-09, 8.98669760829e-09, 3.50706947927e-08, 1.20168239803e-08, 7.67867103235e-10, 2.97104257863e-10, 4.74237094039e-09, 1.02534150059e-08, 8.69357297262e-09, 1.04992285699e-10, 5.77398173718e-09, 9.87907711192e-09, 1.50829848611e-10, 2.93047724975e-10, 4.06939038022e-10, 1.1921746923e-10, 4.90368717854e-11, 9.21467676468e-12, 3.44968012489e-11, 1.13499293297e-10, 5.96138804987e-10, 1.51225709732e-09, 1.31391020286e-09, 5.06865049932e-10, 1.39064426641e-10, 6.16249412611e-11, 4.7921506173e-12, 2.79736954087e-13, 1.62682855468e-12, 5.61754896072e-12, 4.62657950145e-12, 1.64587822538e-11, 1.96379306046e-12, 7.88832866215e-13, 5.63579022859e-13, 1.94684302316e-13],
        "var": [3.47840783954e-10, 7.61439267194e-09, 2.21308393833e-08, 2.01150385237e-07, 1.65196320268e-06, 2.93340258395e-06, 1.73770615675e-06, 1.45893375247e-06, 8.81125501451e-08, 2.4785089181e-07, 1.40005852245e-06, 1.4457633597e-06, 5.12504882977e-08, 8.97256580146e-09, 1.65085836556e-07, 8.79944366261e-08, 7.0861125856e-09, 3.03951197544e-10, 5.69473079803e-11, 6.78214359673e-11, 3.31072912141e-11, 2.10224997133e-11, 3.10912198764e-11, 7.92773763303e-11, 3.12521813983e-11, 1.40308611951e-10, 6.33802454963e-11, 3.70259239935e-11, 4.55446201586e-11, 5.20824564032e-11, 5.78871083012e-11, 1.25281465757e-10, 9.10732878001e-11, 2.17086557064e-11, 1.20294503525e-11, 8.59120066754e-12, 1.2325297033e-11, 3.9639884257e-12, 9.12764655525e-13, 4.15257529697e-14]
    },
    "mfcc": {
        "mean": [-721.967407227, 131.916107178, -9.36313724518, 15.6636571884, -26.5885124207, -17.3584709167, -8.31900405884, -15.0726213455, -18.9750595093, -5.18046998978, -14.213886261, -7.38064622879, -8.2004108429],
        "cov": [[3415.92089844, -720.357543945, -155.963378906, -58.9689331055, -115.905632019, 55.1818237305, -186.295455933, -10.2852077484, 81.8710479736, 85.1939697266, -35.7446670532, 110.389900208, -49.6550674438], [-720.357543945, 933.907165527, -164.060623169, -96.5292358398, -15.938000679, -93.4826431274, 152.953964233, -15.0851621628, -56.2605857849, -17.8181362152, -1.30629479885, -25.0847148895, 38.8928451538], [-155.963378906, -164.060623169, 357.551116943, 77.8118286133, 22.7708740234, -33.1761665344, -14.9661626816, -23.9561519623, 27.2767448425, -27.068069458, 12.3158817291, -12.263666153, -6.8932094574], [-58.9689331055, -96.5292358398, 77.8118286133, 356.310943604, 158.234451294, 92.7441864014, -167.218948364, 27.137594223, 67.5077590942, 16.278837204, 47.0854301453, 40.3015441895, -29.6236095428], [-115.905632019, -15.938000679, 22.7708740234, 158.234451294, 271.428070068, 83.5278320312, -106.368980408, -8.32353115082, 68.8103713989, -9.43483543396, 11.5833501816, 34.0597000122, -46.8140640259], [55.1818237305, -93.4826431274, -33.1761665344, 92.7441864014, 83.5278320312, 305.180084229, -52.9860534668, 95.7702331543, 59.2859802246, 49.7067184448, 58.7949142456, 18.8198242188, 20.4343242645], [-186.295455933, 152.953964233, -14.9661626816, -167.218948364, -106.368980408, -52.9860534668, 336.952606201, -49.3541412354, -80.9648742676, 4.94607686996, 0.184383779764, -40.0049133301, 46.3092460632], [-10.2852077484, -15.0851621628, -23.9561519623, 27.137594223, -8.32353115082, 95.7702331543, -49.3541412354, 261.90713501, 68.021736145, 17.2147960663, 5.11376667023, -19.6387481689, 32.870174408], [81.8710479736, -56.2605857849, 27.2767448425, 67.5077590942, 68.8103713989, 59.2859802246, -80.9648742676, 68.021736145, 158.051254272, 28.8949947357, 13.0505523682, -14.5936470032, -35.2505226135], [85.1939697266, -17.8181362152, -27.068069458, 16.278837204, -9.43483543396, 49.7067184448, 4.94607686996, 17.2147960663, 28.8949947357, 159.395309448, 55.4612350464, 20.7084178925, -6.32494878769], [-35.7446670532, -1.30629479885, 12.3158817291, 47.0854301453, 11.5833501816, 58.7949142456, 0.184383779764, 5.11376667023, 13.0505523682, 55.4612350464, 106.174911499, 37.9379043579, 10.8518629074], [110.389900208, -25.0847148895, -12.263666153, 40.3015441895, 34.0597000122, 18.8198242188, -40.0049133301, -19.6387481689, -14.5936470032, 20.7084178925, 37.9379043579, 121.718528748, 22.4573726654], [-49.6550674438, 38.8928451538, -6.8932094574, -29.6236095428, -46.8140640259, 20.4343242645, 46.3092460632, 32.870174408, -35.2505226135, -6.32494878769, 10.8518629074, 22.4573726654, 137.682373047]],
