{
"lowlevel": {
    "average_loudness": 0.661408782005,
    "barkbands_crest": {
        "dmean": 2.51973390579,
        "dmean2": 4.27682495117,
        "dvar": 5.12504529953,
        "dvar2": 15.0211381912,
        "max": 23.0777263641,
        "mean": 8.88550758362,
        "median": 7.77510643005,
        "min": 2.74216961861,
        "var": 16.6861228943
    },
    "barkbands_flatness_db": {
        "dmean": 0.0160167571157,
        "dmean2": 0.0268245525658,
        "dvar": 0.000192661696929,
        "dvar2": 0.000547678209841,
        "max": 0.295555919409,
        "mean": 0.167274460196,
        "median": 0.161569654942,
        "min": 0.039471924305,
        "var": 0.00130563857965
    },
    "barkbands_kurtosis": {
        "dmean": 0.90166169405,
        "dmean2": 1.53129029274,
        "dvar": 1.30723798275,
        "dvar2": 3.59854698181,
        "max": 11.2720460892,
        "mean": 0.348368823528,
        "median": -0.102425813675,
        "min": -1.750898242,
        "var": 2.55739116669
    },
    "barkbands_skewness": {
        "dmean": 0.392413765192,
        "dmean2": 0.656146764755,
        "dvar": 0.123233452439,
        "dvar2": 0.354047268629,
        "max": 3.40934085846,
        "mean": 0.508410930634,
        "median": 0.460044056177,
        "min": -1.93390488625,
        "var": 0.488285154104
    },
    "barkbands_spread": {
        "dmean": 3.60194420815,
        "dmean2": 5.84688138962,
        "dvar": 11.1358890533,
        "dvar2": 29.0936012268,
        "max": 61.9216156006,
        "mean": 19.7477664948,
        "median": 18.0004577637,
        "min": 3.56332278252,
        "var": 78.2918624878
    },
    "dissonance": {
        "dmean": 0.0216173194349,
        "dmean2": 0.0370832756162,
        "dvar": 0.00038056386984,
        "dvar2": 0.00114620279055,
        "max": 0.49988296628,
        "mean": 0.462990134954,
        "median": 0.467915207148,
        "min": 0.333312928677,
        "var": 0.000588843540754
    },
    "dynamic_complexity": 3.56592869759,
    "erbbands_crest": {
        "dmean": 4.05168008804,
        "dmean2": 7.01280784607,
        "dvar": 10.9097938538,
        "dvar2": 31.2835254669,
        "max": 30.3337173462,
        "mean": 12.4469671249,
        "median": 11.105255127,
        "min": 3.133872509,
        "var": 27.8880634308
    },
    "erbbands_flatness_db": {
        "dmean": 0.0171777326614,
        "dmean2": 0.0284485556185,
        "dvar": 0.000201659029699,
        "dvar2": 0.000528390752152,
        "max": 0.354020655155,
        "mean": 0.234804958105,
        "median": 0.233654692769,
        "min": 0.0904464498162,
        "var": 0.00103100214619
    },
    "erbbands_kurtosis": {
        "dmean": 1.19971585274,
        "dmean2": 2.0606200695,
        "dvar": 2.99270796776,
        "dvar2": 8.47845554352,
        "max": 18.6597309113,
        "mean": 0.915116965771,
        "median": 0.500625133514,
        "min": -1.58077204227,
        "var": 4.90525245667
    },
    "erbbands_skewness": {
        "dmean": 0.436071544886,
        "dmean2": 0.720625340939,
        "dvar": 0.13569816947,
        "dvar2": 0.353573948145,
        "max": 2.84669685364,
        "mean": 0.077848687768,
        "median": 0.0525260195136,
        "min": -1.80379116535,
        "var": 0.369894504547
    },
    "erbbands_spread": {
        "dmean": 4.60077238083,
        "dmean2": 7.60166835785,
        "dvar": 14.1624765396,
        "dvar2": 37.4643974304,
        "max": 65.2669830322,
        "mean": 22.3824863434,
        "median": 20.0904541016,
        "min": 3.50179719925,
        "var": 105.850868225
    },
    "hfc": {
        "dmean": 6.22012138367,
        "dmean2": 10.3039474487,
        "dvar": 116.122932434,
        "dvar2": 317.114654541,
        "max": 186.305496216,
        "mean": 20.5311641693,
        "median": 16.907699585,
        "min": 1.20229669713e-16,
        "var": 351.865661621
    },
    "melbands_crest": {
        "dmean": 2.74153017998,
        "dmean2": 4.49776887894,
        "dvar": 5.53768587112,
        "dvar2": 15.0574817657,
        "max": 31.8574771881,
        "mean": 11.5042352676,
        "median": 9.93531322479,
        "min": 2.27800726891,
        "var": 28.4026966095
    },
    "melbands_flatness_db": {
        "dmean": 0.0146453399211,
        "dmean2": 0.022660061717,
        "dvar": 0.000137853276101,
        "dvar2": 0.000341058708727,
        "max": 0.37490978837,
        "mean": 0.197107598186,
        "median": 0.190740257502,
        "min": 0.00633001374081,
        "var": 0.00236947159283
    },
    "melbands_kurtosis": {
        "dmean": 1.49550461769,
        "dmean2": 2.45780444145,
        "dvar": 2.7851433754,
        "dvar2": 6.72241210938,
        "max": 24.7336616516,
        "mean": 2.01614093781,
        "median": 1.03425264359,
        "min": -1.39080679417,
        "var": 10.7173585892
    },
    "melbands_skewness": {
        "dmean": 0.399076104164,
        "dmean2": 0.648972630501,
        "dvar": 0.110478855669,
        "dvar2": 0.288424551487,
        "max": 4.62528038025,
        "mean": 1.09179365635,
        "median": 1.01773571968,
        "min": -1.44646334648,
        "var": 0.752574026585
    },
    "melbands_spread": {
        "dmean": 5.85301971436,
        "dmean2": 9.34488105774,
        "dvar": 34.0604934692,
        "dvar2": 77.0571594238,
        "max": 144.390319824,
        "mean": 28.3051319122,
        "median": 25.7332363129,
        "min": 5.73924636841,
        "var": 180.401168823
    },
    "pitch_salience": {
        "dmean": 0.0644442886114,
        "dmean2": 0.107540696859,
        "dvar": 0.0028983601369,
        "dvar2": 0.00847398210317,
        "max": 0.894742131233,
        "mean": 0.542592227459,
        "median": 0.55609190464,
        "min": 0.18526853621,
        "var": 0.0113417152315
    },
    "silence_rate_20dB": {
        "dmean": 0,
        "dmean2": 0,
        "dvar": 0,
        "dvar2": 0,
        "max": 1,
        "mean": 1,
        "median": 1,
        "min": 1,
        "var": 0
    },
    "silence_rate_30dB": {
        "dmean": 0.0123839005828,
        "dmean2": 0.0247869864106,
        "dvar": 0.0122305639088,
        "dvar2": 0.0288199912757,
        "max": 1,
        "mean": 0.96674400568,
        "median": 1,
        "min": 0,
        "var": 0.0321502536535
    },
    "silence_rate_60dB": {
        "dmean": 0.0030959751457,
        "dmean2": 0.00619674660265,
        "dvar": 0.00308634457178,
        "dvar2": 0.00770773179829,
        "max": 1,
        "mean": 0.0858468711376,
        "median": 0,
        "min": 0,
        "var": 0.078477486968
    },
    "spectral_centroid": {
        "dmean": 166.655563354,
        "dmean2": 262.115722656,
        "dvar": 83457.6015625,
        "dvar2": 100648.96875,
        "max": 11322.1132812,
        "mean": 1364.93664551,
        "median": 1200.5078125,
        "min": 410.178131104,
        "var": 337242.84375
    },
    "spectral_complexity": {
        "dmean": 2.15325069427,
        "dmean2": 3.68861341476,
        "dvar": 3.21646022797,
        "dvar2": 9.05098438263,
        "max": 33,
        "mean": 18.4694499969,
        "median": 20,
        "min": 0,
        "var": 37.2158241272
    },
    "spectral_decrease": {
        "dmean": 1.7219544679e-09,
        "dmean2": 2.67061817105e-09,
        "dvar": 6.46420266091e-18,
        "dvar2": 1.68267743727e-17,
        "max": -1.66795779733e-29,
        "mean": -6.92068757857e-09,
        "median": -4.61554394704e-09,
        "min": -4.6179884805e-08,
        "var": 5.43582103499e-17
    },
    "spectral_energy": {
        "dmean": 0.00697822822258,
        "dmean2": 0.0108880456537,
        "dvar": 0.000107463711174,
        "dvar2": 0.00028058027965,
        "max": 0.178406134248,
        "mean": 0.027982538566,
        "median": 0.0189259853214,
        "min": 1.09681386571e-20,
        "var": 0.000836866558529
    },
    "spectral_energyband_high": {
        "dmean": 0.00011143770098,
        "dmean2": 0.000178678819793,
        "dvar": 5.95947824422e-08,
        "dvar2": 1.51661780023e-07,
        "max": 0.00612534070387,
        "mean": 0.000388659071177,
        "median": 0.000130691259983,
        "min": 8.09397441073e-21,
        "var": 5.28814553036e-07
    },
    "spectral_energyband_low": {
        "dmean": 0.00173534988426,
        "dmean2": 0.00224183616228,
        "dvar": 1.58777602337e-05,
        "dvar2": 2.51298424701e-05,
        "max": 0.144474685192,
        "mean": 0.00819362979382,
        "median": 0.00147247919813,
        "min": 9.31739139939e-23,
        "var": 0.000408261577832
    },
    "spectral_energyband_middle_high": {
        "dmean": 0.00373475020751,
        "dmean2": 0.00633272249252,
        "dvar": 6.14507880528e-05,
        "dvar2": 0.000168354716152,
        "max": 0.126875936985,
        "mean": 0.00892581604421,
        "median": 0.00600005732849,
        "min": 1.53542008472e-21,
        "var": 0.000137880604598
    },
    "spectral_energyband_middle_low": {
        "dmean": 0.00389887811616,
        "dmean2": 0.00611690338701,
        "dvar": 2.44037510129e-05,
        "dvar2": 5.40375331184e-05,
        "max": 0.0927336141467,
        "mean": 0.0109988711774,
        "median": 0.00886997021735,
        "min": 4.33673720425e-22,
        "var": 0.000101666715636
    },
    "spectral_entropy": {
        "dmean": 0.111041374505,
        "dmean2": 0.178401708603,
        "dvar": 0.00939871743321,
        "dvar2": 0.0212618596852,
        "max": 9.82453250885,
        "mean": 7.20234727859,
        "median": 7.18146133423,
        "min": 6.50218105316,
        "var": 0.0691669732332
    },
    "spectral_flux": {
        "dmean": 0.0150427082554,
        "dmean2": 0.0252968464047,
        "dvar": 0.000281575747067,
        "dvar2": 0.000816317042336,
        "max": 0.25393217802,
        "mean": 0.074829287827,
        "median": 0.0722894147038,
        "min": 1.04728878347e-10,
        "var": 0.00119038042612
    },
    "spectral_kurtosis": {
        "dmean": 3.05938529968,
        "dmean2": 5.42674350739,
        "dvar": 7.31500339508,
        "dvar2": 24.0131454468,
        "max": 22.7393703461,
        "mean": 6.3857460022,
        "median": 5.85281181335,
        "min": -1.2046328783,
        "var": 14.9630537033
    },
    "spectral_rms": {
        "dmean": 0.000589567527641,
        "dmean2": 0.000928670866415,
        "dvar": 4.0632960463e-07,
        "dvar2": 1.10590838176e-06,
        "max": 0.0131929814816,
        "mean": 0.00464662723243,
        "median": 0.00429701944813,
        "min": 3.27118063539e-12,
        "var": 5.70889778828e-06
    },
    "spectral_rolloff": {
        "dmean": 258.68057251,
        "dmean2": 446.058135986,
        "dvar": 284412.0625,
        "dvar2": 438712.21875,
        "max": 18389.3554688,
        "mean": 1613.32128906,
        "median": 1399.65820312,
        "min": 21.533203125,
        "var": 1042187.5625
    },
    "spectral_skewness": {
        "dmean": 0.293707668781,
        "dmean2": 0.514685928822,
        "dvar": 0.064338222146,
        "dvar2": 0.202321574092,
        "max": 3.361723423,
        "mean": 1.68871331215,
        "median": 1.75690293312,
        "min": -0.0313967391849,
        "var": 0.316054195166
    },
    "spectral_spread": {
        "dmean": 252241.53125,
        "dmean2": 382650.53125,
        "dvar": 941300908032,
        "dvar2": 807253639168,
        "max": 40237920,
        "mean": 2872699.25,
        "median": 2688884.25,
        "min": 1849353.5,
        "var": 1.69882864845e+12
    },
    "spectral_strongpeak": {
        "dmean": 1.09826374054,
        "dmean2": 1.87787616253,
        "dvar": 2.33667850494,
        "dvar2": 6.36185026169,
        "max": 17.9930362701,
        "mean": 1.74117410183,
        "median": 0.966698050499,
        "min": 0,
        "var": 5.51288223267
    },
    "zerocrossingrate": {
        "dmean": 0.00511599332094,
        "dmean2": 0.00642292201519,
        "dvar": 0.000172359170392,
        "dvar2": 0.000179997412488,
        "max": 0.50390625,
        "mean": 0.0558932870626,
        "median": 0.05224609375,
        "min": 0.01123046875,
        "var": 0.000730799511075
    },
    "barkbands": {
        "dmean": [0.000955559429713, 0.00106873502955, 0.000617522222456, 0.00023027433781, 0.000994313857518, 0.000617990386672, 0.000832491728943, 0.00217295391485, 0.000766223354731, 0.00142040161882, 0.000173418651684, 0.000541910412721, 0.00280249794014, 0.000472276849905, 0.000178878035513, 6.21280123596e-05, 0.000194352687686, 0.000427819497418, 3.15730248985e-05, 9.58601522143e-05, 1.10656692414e-05, 2.80288968497e-05, 9.85213682725e-06, 9.31485192268e-06, 4.78033007312e-06, 5.22461496288e-09, 1.36070754664e-09],
        "dmean2": [0.00172232883051, 0.00132407632191, 0.000759557296988, 0.000353177456418, 0.00153978110757, 0.00100021134131, 0.00140206341166, 0.00347476289608, 0.00120463594794, 0.00236250390299, 0.000286030466668, 0.000928516092245, 0.00480218883604, 0.000837442290504, 0.000310790841468, 0.000105481718492, 0.000343055260601, 0.00076218333561, 5.38519016118e-05, 0.000163520278875, 1.90794253285e-05, 4.52257154393e-05, 1.6851883629e-05, 1.32047834995e-05, 6.38079018245e-06, 8.63779092697e-09, 2.55346011002e-09],
        "dvar": [2.01994116651e-05, 8.25310871733e-06, 2.54740325545e-06, 3.26195532807e-07, 3.97370786231e-06, 8.04435387636e-07, 1.28558474444e-06, 1.60649578902e-05, 1.66346933383e-06, 5.40040628039e-06, 6.7891811284e-08, 9.63568140833e-07, 6.32080409559e-05, 6.23232153885e-07, 1.13199959628e-07, 6.86147094697e-09, 1.09897698053e-07, 8.20273271529e-07, 2.06376316036e-09, 5.8740496911e-08, 8.05447764041e-10, 5.45088418846e-09, 6.95432655906e-10, 2.18701723398e-09, 5.3126131272e-10, 7.57281918498e-16, 5.89414493792e-18],
        "dvar2": [6.69660876156e-05, 1.1303487554e-05, 2.49489517046e-06, 6.2088508912e-07, 7.59821159591e-06, 2.1782652766e-06, 3.67825964531e-06, 3.91997091356e-05, 3.49522701981e-06, 1.4499885765e-05, 1.66997651263e-07, 2.62428147835e-06, 0.000174701184733, 1.80308757081e-06, 3.42935976505e-07, 2.09078567792e-08, 3.37441093734e-07, 2.53990174315e-06, 5.8749511922e-09, 1.67209705637e-07, 2.47093701056e-09, 1.265102334e-08, 2.17578777217e-09, 4.9092743204e-09, 9.06271391266e-10, 1.98245223744e-15, 1.9397305955e-17],
        "max": [0.0726584047079, 0.130882143974, 0.0626660436392, 0.0146216666326, 0.0583523288369, 0.0125915836543, 0.0139204189181, 0.0508243069053, 0.0174876339734, 0.0316970907152, 0.00367371574976, 0.0102668041363, 0.12251124531, 0.0107422154397, 0.00368997594342, 0.00109518051613, 0.00450401380658, 0.0117623806, 0.000729651190341, 0.00503618782386, 0.000578437407967, 0.00229158694856, 0.000753971689846, 0.00221467553638, 0.00094017747324, 7.40746884276e-07, 2.87097439156e-08],
        "mean": [0.00113196508028, 0.00509889842942, 0.00224838661961, 0.00049664452672, 0.00203280732967, 0.00118055555504, 0.00141638633795, 0.00299917650409, 0.00121316139121, 0.00221078167669, 0.000249266682658, 0.000791151134763, 0.00425360584632, 0.000690942222718, 0.000273577898042, 0.000114298818517, 0.000354877091013, 0.000746570003685, 6.64537947159e-05, 0.000235399988014, 2.86176255031e-05, 8.21470021037e-05, 2.79015694105e-05, 2.6882840757e-05, 1.20830036394e-05, 9.52586809433e-09, 1.4860999098e-09],
        "median": [4.30152831541e-05, 0.000668992288411, 0.000534756400157, 0.000163277290994, 0.00103935797233, 0.000750310020521, 0.000890230119694, 0.00100120762363, 0.000705418176949, 0.00113536545541, 0.000132013679831, 0.000404394901125, 0.00101040839218, 0.000412651890656, 0.000135196984047, 8.00776688266e-05, 0.00023097153462, 0.000273293087957, 5.01602371514e-05, 4.20327050961e-05, 9.90914122667e-06, 2.63126203208e-05, 1.33092571559e-05, 6.55066742183e-06, 2.26156384997e-06, 2.45337528071e-09, 7.32000404735e-10],
        "min": [9.65156329181e-24, 1.20328369641e-23, 3.20132093123e-23, 6.1858635168e-23, 5.65473987762e-23, 1.13378004928e-22, 8.160100897e-23, 7.51955657046e-23, 3.7197934503e-23, 1.25112519153e-22, 6.08943947063e-23, 7.38221841122e-23, 1.60861991438e-22, 5.91253583491e-23, 7.68717562887e-23, 1.23962915311e-22, 2.2015224696e-22, 1.87205982435e-22, 3.10130857769e-22, 2.27439377971e-22, 3.45445951685e-22, 6.40214267128e-22, 6.52633032991e-22, 1.00778830994e-21, 1.11954049148e-21, 1.97085494658e-21, 2.42655492566e-21],
        "var": [2.48583673965e-05, 0.000213872161112, 4.80568123749e-05, 1.68799135736e-06, 1.79266153282e-05, 1.75509808287e-06, 2.60017759501e-06, 2.71210301435e-05, 3.06541187456e-06, 9.83653808362e-06, 1.16638290137e-07, 1.48253286625e-06, 0.000123951700516, 8.83926418282e-07, 1.5943574283e-07, 1.44746907793e-08, 1.79379327392e-07, 1.43168256272e-06, 4.31153290847e-09, 2.4280825528e-07, 3.73783182184e-09, 4.03640569857e-08, 2.28314922524e-09, 1.61036854962e-08, 3.85116161183e-09, 2.18319142265e-15, 4.96427812412e-18]
    },
    "erbbands": {
        "dmean": [0.0428199656308, 0.226603120565, 0.760702311993, 0.517681658268, 2.98679637909, 2.78244829178, 5.19885540009, 4.44266700745, 11.0318956375, 10.2698097229, 59.0635986328, 22.4185676575, 53.9268760681, 16.9911994934, 4.99864864349, 36.8382492065, 136.468383789, 33.7542762756, 12.653676033, 2.7836792469, 4.7483792305, 9.08481216431, 27.2630119324, 3.23749518394, 0.949371218681, 4.90757465363, 1.69140648842, 0.381657510996, 1.40404355526, 0.21596570313, 0.35248363018, 0.226281106472, 0.107202656567, 0.0874438732862, 0.00427754316479, 0.000190113671124, 1.22132069009e-05, 2.42888086177e-06, 3.82667076337e-06, 8.20116747491e-06],
        "dmean2": [0.0521514266729, 0.29300686717, 0.917617201805, 0.775929510593, 4.5011677742, 4.46446609497, 8.22886753082, 7.34265232086, 18.5919036865, 17.0095272064, 94.5020370483, 34.6989059448, 91.7031707764, 27.736366272, 8.30580329895, 63.4453048706, 232.719161987, 59.132686615, 22.2093448639, 4.72753190994, 8.21127223969, 16.1255531311, 48.6809692383, 5.64942026138, 1.62618589401, 8.43017959595, 2.86882996559, 0.606204271317, 2.27604103088, 0.328078746796, 0.597040593624, 0.316110938787, 0.145832449198, 0.118130162358, 0.00575888296589, 0.000256451341556, 1.6829564629e-05, 3.62372088603e-06, 5.91632169744e-06, 1.28382553157e-05],
        "dvar": [0.0200784057379, 0.328657835722, 4.02302026749, 1.27672731876, 51.7243499756, 24.1806106567, 59.2224159241, 51.8980140686, 250.626647949, 190.757247925, 12099.9550781, 1384.49926758, 7529.41894531, 1352.31323242, 46.3496513367, 3895.01904297, 161411.046875, 2435.71508789, 424.215026855, 10.1501188278, 33.6512565613, 188.215423584, 3455.2902832, 22.7583332062, 2.07427883148, 174.614639282, 17.0282745361, 0.909768879414, 13.161693573, 0.485736399889, 0.582609653473, 1.61920070648, 0.237743884325, 0.209747880697, 0.00102329649962, 1.93389632841e-06, 3.10201286879e-09, 4.11379263987e-11, 3.05585001747e-11, 1.48656947863e-10],
        "dvar2": [0.0291442517191, 0.463588774204, 3.85447788239, 2.32310509682, 83.3112869263, 58.3643608093, 149.957946777, 144.229660034, 695.814575195, 518.939086914, 29505.0996094, 2953.94482422, 20028.4980469, 3687.25488281, 125.348449707, 10716.9189453, 444417.53125, 6807.46923828, 1278.84155273, 29.1270809174, 96.416519165, 575.471069336, 10724.7167969, 71.4848861694, 5.85940027237, 498.391448975, 47.7720527649, 2.14467763901, 32.4768714905, 0.945661664009, 1.69466841221, 3.48893284798, 0.443177700043, 0.371016740799, 0.00197615334764, 3.72978001906e-06, 4.62116789279e-09, 5.61651766762e-11, 7.93330193205e-11, 3.90995763544e-10],
        "max": [6.91202735901, 19.5584278107, 78.8514328003, 34.1514015198, 222.897521973, 99.6058731079, 111.09980011, 93.0055541992, 186.842971802, 144.896347046, 1369.14440918, 460.916442871, 1218.42700195, 567.658630371, 91.1434783936, 720.603515625, 6398.61865234, 608.805725098, 227.472625732, 43.1051025391, 68.318107605, 191.313674927, 786.06427002, 65.2827606201, 26.807182312, 295.467834473, 76.0880279541, 31.5823955536, 96.2666244507, 32.0581665039, 17.0016231537, 61.3673820496, 22.680557251, 18.9474544525, 1.31096708775, 0.0571091510355, 0.00262674642727, 0.000311177020194, 8.94691620488e-05, 0.000196967230295],
        "mean": [0.198350906372, 0.940238058567, 2.95732045174, 1.6462944746, 5.77718496323, 5.26869440079, 8.70892906189, 8.24094581604, 19.6353626251, 19.9046535492, 79.9840316772, 38.1685028076, 79.5835571289, 28.3159980774, 10.3062477112, 57.9545707703, 207.15397644, 58.995300293, 20.3173542023, 6.65107488632, 9.58623695374, 19.6444969177, 48.4743995667, 8.22424793243, 2.51263952255, 11.4664411545, 4.75648927689, 1.39501297474, 3.87352609634, 0.784721970558, 0.963039517403, 0.711004316807, 0.332523316145, 0.225826486945, 0.00933803711087, 0.00045576505363, 4.25024954893e-05, 8.8174456323e-06, 1.59324008564e-05, 3.31003611791e-05],
        "median": [0.00938830059022, 0.171677082777, 0.718295156956, 0.498086094856, 2.37604570389, 2.7690012455, 4.75531864166, 5.01742076874, 12.6432542801, 11.4577207565, 25.2353076935, 22.059009552, 43.7646369934, 13.2299938202, 6.94465684891, 26.1020050049, 44.1036338806, 39.2491760254, 12.3678207397, 5.27629995346, 7.45605707169, 13.0300712585, 18.1370716095, 5.11470842361, 1.76727628708, 1.99988222122, 0.978063106537, 0.541456818581, 1.18022966385, 0.362318783998, 0.450048834085, 0.180176839232, 0.0885265991092, 0.0432492643595, 0.00125696905889, 8.44669193611e-05, 1.89842303371e-05, 5.38607127964e-06, 1.16781639008e-05, 2.34438994084e-05],
        "min": [8.65376222598e-22, 1.27392286779e-21, 2.44818319452e-20, 1.54971059916e-19, 9.33799669867e-20, 2.57126301678e-19, 2.77481665589e-19, 1.18058639483e-18, 1.31216994398e-18, 1.57311585553e-18, 1.35508738288e-18, 1.05512284485e-18, 1.56562356374e-18, 5.15500074437e-18, 2.29500185618e-18, 3.99981820352e-18, 7.11144377969e-18, 3.42571846246e-18, 4.96343605426e-18, 4.15472431683e-18, 6.85700550481e-18, 1.30134651314e-17, 1.02403710791e-17, 1.38871597642e-17, 1.39003549493e-17, 1.14839577208e-17, 1.43703887518e-17, 1.42109281821e-17, 2.08386499744e-17, 1.84744403979e-17, 2.00655421585e-17, 1.7164664418e-17, 1.80875068141e-17, 1.36712358458e-17, 7.46550024292e-18, 6.46024915118e-18, 3.95166471134e-18, 1.51349153961e-18, 3.32490830685e-19, 3.4041661682e-20],
        "var": [0.472640901804, 6.12696886063, 81.6412734985, 16.0427341461, 251.756454468, 78.3049926758, 139.988128662, 93.6048583984, 489.214477539, 462.365722656, 20234.5273438, 2699.56713867, 11509.8310547, 2218.08105469, 106.53968811, 7459.71777344, 312722.1875, 4131.72265625, 611.71875, 29.7742767334, 71.0120162964, 413.181976318, 5854.84667969, 79.435874939, 7.38869285583, 620.00402832, 88.4709091187, 8.3916683197, 83.9461669922, 4.5797958374, 2.58887577057, 13.0080280304, 1.9336732626, 1.41052031517, 0.0048873857595, 9.87265502772e-06, 2.63439350334e-08, 4.52580695143e-10, 2.17360768273e-10, 1.06145270351e-09]
    },
    "gfcc": {
        "mean": [-47.6853942871, 147.901306152, -168.922576904, 34.3274917603, -69.5749740601, 15.4971151352, -26.6310939789, -5.32666635513, -0.631011605263, -19.139213562, 11.1333456039, -19.7438564301, -3.45969176292],
        "cov": [[7191.47900391, 612.53894043, -239.746520996, 229.974334717, 80.1803665161, 125.158424377, -110.60295105, 210.625152588, 291.725799561, -105.455421448, 153.111984253, -215.335968018, 61.4848632812], [612.53894043, 524.838928223, 38.2768173218, -58.2995948792, 159.78755188, 16.9359531403, 82.8711624146, -44.070941925, 125.189155579, -76.7144775391, 47.5394592285, -54.6251449585, -31.8155574799], [-239.746520996, 38.2768173218, 254.471389771, 16.5706214905, 98.8187179565, 121.601997375, 13.8153553009, 27.771692276, 15.1092147827, 30.0145874023, 5.54000711441, -3.83490157127, 3.12209916115], [229.974334717, -58.2995948792, 16.5706214905, 255.132400513, 27.6639328003, -65.2352218628, 54.107006073, 43.7309188843, -39.2140541077, 26.5132064819, -29.0493240356, -0.0914045870304, 34.5531349182], [80.1803665161, 159.78755188, 98.8187179565, 27.6639328003, 199.875289917, 47.6636123657, 31.0676860809, 56.8602409363, 50.2041778564, -8.00658035278, 19.9204788208, -14.6748561859, 8.43502235413], [125.158424377, 16.9359531403, 121.601997375, -65.2352218628, 47.6636123657, 262.515563965, -33.4434394836, -37.6776123047, 39.8875541687, 3.25840735435, 42.0007247925, 10.236700058, -9.8932466507], [-110.60295105, 82.8711624146, 13.8153553009, 54.107006073, 31.0676860809, -33.4434394836, 192.80418396, 7.91519498825, 17.8078098297, 12.4462804794, -22.8323574066, 8.12660312653, 11.7324562073], [210.625152588, -44.070941925, 27.771692276, 43.7309188843, 56.8602409363, -37.6776123047, 7.91519498825, 199.682235718, 12.6862268448, 7.97023200989, -12.2450609207, -6.40369606018, 71.2800445557], [291.725799561, 125.189155579, 15.1092147827, -39.2140541077, 50.2041778564, 39.8875541687, 17.8078098297, 12.6862268448, 143.350463867, 7.10707473755, 22.7375469208, -10.3400306702, -40.2953796387], [-105.455421448, -76.7144775391, 30.0145874023, 26.5132064819, -8.00658035278, 3.25840735435, 12.4462804794, 7.97023200989, 7.10707473755, 105.894340515, 22.6862812042, -5.87513065338, -5.07672357559], [153.111984253, 47.5394592285, 5.54000711441, -29.0493240356, 19.9204788208, 42.0007247925, -22.8323574066, -12.2450609207, 22.7375469208, 22.6862812042, 77.8263320923, 17.3007411957, -5.12059497833], [-215.335968018, -54.6251449585, -3.83490157127, -0.0914045870304, -14.6748561859, 10.236700058, 8.12660312653, -6.40369606018, -10.3400306702, -5.87513065338, 17.3007411957, 73.3960342407, 27.4431800842], [61.4848632812, -31.8155574799, 3.12209916115, 34.5531349182, 8.43502235413, -9.8932466507, 11.7324562073, 71.2800445557, -40.2953796387, -5.07672357559, -5.12059497833, 27.4431800842, 102.629150391]],
        "icov": [[0.000305786612444, -0.000354822317604, 0.00047004056978, -0.000711130967829, 0.000550504366402, -0.000502622511704, 0.000249750097282, -0.000417229690356, -0.000541903311387, 0.000390812114347, -0.000765316130128, 0.0010639881948, -0.000416667113313], [-0.000354822317604, 0.00975707732141, -0.00288117676973, 0.00202933535911, -0.0049277455546, 0.00436379062012, -0.00461085140705, 0.00677048647776, -0.00641381787136, 0.0091724935919, -0.00902275647968, 0.00971367396414, -0.00582003034651], [0.00047004056978, -0.00288117676973, 0.00836530793458, -0.0015668583801, -0.00125439290423, -0.00512019125745, 0.00126660976093, -0.00320874736644, 0.00233226781711, -0.00442301249132, 0.0038145671133, -0.0020437319763, 0.00222534453496], [-0.000711130967829, 0.00202933535911, -0.0015668583801, 0.00700948620215, -0.00308639369905, 0.00267041823827, -0.00195702211931, 0.00155766413081, 0.00168381317053, -0.00142604857683, 0.00212415889837, -0.00147153402213, -0.000514138781], [0.000550504366402, -0.0049277455546, -0.00125439290423, -0.00308639369905, 0.0117185348645, -0.00266392691992, 0.00109004147816, -0.00534794293344, 4.54619112134e-05, -0.000402856734581, -0.000911745475605, -0.000424450874561, 0.00165559537709], [-0.000502622511704, 0.00436379062012, -0.00512019125745, 0.00267041823827, -0.00266392691992, 0.00895102228969, -0.00115894840565, 0.00533328065649, -0.00369852199219, 0.00396396964788, -0.00488807167858, 0.0026903024409, -0.00379862217233], [0.000249750097282, -0.00461085140705, 0.00126660976093, -0.00195702211931, 0.00109004147816, -0.00115894840565, 0.00870563369244, -0.00193575466983, 0.000998462317511, -0.00549630587921, 0.00676005939022, -0.00572104379535, 0.00117652141489], [-0.000417229690356, 0.00677048647776, -0.00320874736644, 0.00155766413081, -0.00534794293344, 0.00533328065649, -0.00193575466983, 0.0140382023528, -0.00715743284672, 0.00488912686706, -0.0042435452342, 0.00798383355141, -0.0115681085736], [-0.000541903311387, -0.00641381787136, 0.00233226781711, 0.00168381317053, 4.54619112134e-05, -0.00369852199219, 0.000998462317511, -0.00715743284672, 0.0172280501574, -0.00846551265568, 0.00721036503091, -0.0108082536608, 0.0117905959487], [0.000390812114347, 0.0091724935919, -0.00442301249132, -0.00142604857683, -0.000402856734581, 0.00396396964788, -0.00549630587921, 0.00488912686706, -0.00846551265568, 0.0230849161744, -0.0175324492157, 0.0152740878984, -0.00626904051751], [-0.000765316130128, -0.00902275647968, 0.0038145671133, 0.00212415889837, -0.000911745475605, -0.00488807167858, 0.00676005939022, -0.0042435452342, 0.00721036503091, -0.0175324492157, 0.0325930193067, -0.020299885422, 0.00762659776956], [0.0010639881948, 0.00971367396414, -0.0020437319763, -0.00147153402213, -0.000424450874561, 0.0026903024409, -0.00572104379535, 0.00798383355141, -0.0108082536608, 0.0152740878984, -0.020299885422, 0.0350301377475, -0.0155334295705], [-0.000416667113313, -0.00582003034651, 0.00222534453496, -0.000514138781, 0.00165559537709, -0.00379862217233, 0.00117652141489, -0.0115681085736, 0.0117905959487, -0.00626904051751, 0.00762659776956, -0.0155334295705, 0.0245457980782]]
    },
    "melbands": {
        "dmean": [0.000340604485245, 0.000347934052115, 0.000143493060023, 0.000235541956499, 0.000151076339534, 0.000105551029264, 0.00017350341659, 0.000134967151098, 0.000451632455224, 0.000140201285831, 0.000265846174443, 6.95581184118e-05, 1.62520518643e-05, 4.93417246616e-05, 0.000260083383182, 0.000208436656976, 6.18069170741e-05, 2.00364975171e-05, 7.82996903581e-06, 3.70960128748e-06, 7.64882588555e-06, 7.21991409591e-06, 2.97856277029e-05, 1.55405214173e-05, 2.19623802877e-06, 8.40182281081e-07, 7.44135434161e-07, 4.6138320613e-06, 1.80985819043e-06, 1.65541635511e-07, 2.79028057548e-07, 1.12484326564e-06, 2.37925775082e-07, 1.0496242453e-07, 2.8444480904e-07, 1.05176532372e-07, 1.94390224806e-07, 8.74270469353e-08, 1.13194630558e-07, 6.16095121586e-08],
        "dmean2": [0.000429320440162, 0.000433173467172, 0.000208704994293, 0.000372380192857, 0.000241604051553, 0.000172607600689, 0.000291296251817, 0.000220586080104, 0.000721463817172, 0.000219005843974, 0.000451514060842, 0.000113762260298, 2.67058276222e-05, 8.48643903737e-05, 0.000444647797849, 0.000356422329787, 0.000109263644845, 3.50472582795e-05, 1.34395750138e-05, 6.45456520942e-06, 1.32023260448e-05, 1.26118575281e-05, 5.27536139998e-05, 2.77932485915e-05, 3.76595835405e-06, 1.42329611208e-06, 1.27544115003e-06, 7.90398553363e-06, 3.03862179862e-06, 2.74606804851e-07, 4.46653132258e-07, 1.83985480362e-06, 3.59007970019e-07, 1.73701110384e-07, 4.85693249175e-07, 1.57170234161e-07, 2.89090536398e-07, 1.38971245178e-07, 1.55936092483e-07, 8.50167864996e-08],
        "dvar": [9.68091399045e-07, 7.95732887582e-07, 9.95949847038e-08, 2.59542304093e-07, 4.847724e-08, 2.72778297727e-08, 5.87065649427e-08, 3.59307286146e-08, 6.97722668974e-07, 6.06286789662e-08, 1.84461782737e-07, 2.55838585872e-08, 4.90447016332e-10, 6.49607700964e-09, 5.20242792845e-07, 2.79107666756e-07, 1.07563051799e-08, 9.76399516794e-10, 1.626061924e-10, 2.80528933416e-11, 7.9728473823e-11, 8.70661598373e-11, 3.11699288602e-09, 1.05004038797e-09, 8.46348251898e-12, 1.35702527774e-12, 2.60266808105e-12, 1.57684795776e-10, 1.91323849125e-11, 1.46800581131e-13, 4.45307880197e-13, 8.75330363748e-12, 1.2716252747e-12, 8.82178444878e-14, 3.09065164954e-13, 5.46051268438e-13, 1.2949103595e-12, 1.43174263677e-13, 3.03334668581e-13, 1.57394591609e-13],
        "dvar2": [1.4622088429e-06, 8.70464305081e-07, 1.61257261766e-07, 5.12051542501e-07, 1.22958596194e-07, 7.4886614243e-08, 1.64949142345e-07, 9.07361936697e-08, 1.70451528447e-06, 1.26466176198e-07, 4.9131921287e-07, 7.06465002054e-08, 1.26246868515e-09, 1.79965642388e-08, 1.44655723489e-06, 7.65016750393e-07, 3.0943606788e-08, 2.94192270545e-09, 4.81561790444e-10, 8.32351618185e-11, 2.22121890325e-10, 2.59777893641e-10, 9.70270175316e-09, 3.31112492979e-09, 2.35607904714e-11, 3.91180013729e-12, 8.0526653054e-12, 4.47903464318e-10, 5.40941527682e-11, 3.13821153309e-13, 1.13058531721e-12, 2.3202805996e-11, 1.89993160093e-12, 2.40389115948e-13, 9.23442420621e-13, 1.36956385902e-12, 3.14530389581e-12, 3.57404915125e-13, 5.98517817339e-13, 3.28665154987e-13],
        "max": [0.0462625212967, 0.0336644425988, 0.00931594800204, 0.0143652586266, 0.00290930527262, 0.00242964481004, 0.00299166701734, 0.00261637475342, 0.0100922947749, 0.00323990918696, 0.00603389414027, 0.00239284383133, 0.000253585807513, 0.00103344465606, 0.00987007748336, 0.00907556246966, 0.00137877638917, 0.000339067191817, 0.000139386815135, 7.64043434174e-05, 8.39868807816e-05, 0.00011347282998, 0.000677381118294, 0.000392499758163, 4.61620256829e-05, 1.475042518e-05, 2.8088759791e-05, 0.000271541794064, 8.27159165055e-05, 1.32928153107e-05, 1.85894896276e-05, 7.49666432966e-05, 5.76138736506e-05, 8.21161393105e-06, 8.55720463733e-06, 3.08408052661e-05, 5.17853695783e-05, 1.5230032659e-05, 1.99511468963e-05, 1.62888518389e-05],
        "mean": [0.00153320969548, 0.00142216170207, 0.000405703060096, 0.000442971591838, 0.000267067429377, 0.000198803245439, 0.000306428642944, 0.000255873368587, 0.000605321256444, 0.000223240072955, 0.000389291410102, 0.000107972649857, 2.6954252462e-05, 7.21434262232e-05, 0.000381399382604, 0.000327224115608, 9.32375696721e-05, 2.97452970699e-05, 1.39293879329e-05, 6.76658009979e-06, 1.33380963234e-05, 1.41273367262e-05, 5.25264476892e-05, 2.64666741714e-05, 4.67997460873e-06, 1.60189642884e-06, 1.5256965753e-06, 1.03045113065e-05, 4.52184576716e-06, 4.24415276257e-07, 7.54719678753e-07, 2.92692880066e-06, 6.74038062698e-07, 3.04145913788e-07, 7.14294458248e-07, 2.82010176988e-07, 5.1567974424e-07, 2.29891043091e-07, 2.8560350529e-07, 1.37519165833e-07],
        "median": [0.000139897834742, 0.000345966720488, 0.000148245293531, 0.000192750259885, 0.000158285110956, 0.000125972554088, 0.000197063287487, 0.0001377305598, 0.000187136451132, 0.000124334110296, 0.000210945741856, 4.56912603113e-05, 1.60198705998e-05, 4.46861959063e-05, 6.52583694318e-05, 9.878804849e-05, 5.51365264982e-05, 1.85585176951e-05, 8.06618118077e-06, 4.67117661174e-06, 1.00848092188e-05, 1.09265884021e-05, 2.02088522201e-05, 9.46661748458e-06, 3.41351346833e-06, 1.24701125515e-06, 7.30555882456e-07, 1.51041774643e-06, 8.20328239115e-07, 1.66312631222e-07, 2.9711830507e-07, 8.44062526539e-07, 2.28953908277e-07, 1.56575126198e-07, 3.39499194979e-07, 6.66853097187e-08, 1.26058282035e-07, 6.02473591016e-08, 5.95763296474e-08, 2.10686188495e-08],
        "min": [5.85105982568e-24, 8.6452520892e-24, 2.44387120508e-23, 1.02123645093e-23, 1.18634914047e-23, 2.56632829221e-23, 2.05724716222e-23, 1.80766719125e-23, 9.82850794829e-24, 5.81324183389e-24, 7.55006623929e-24, 2.14860877241e-23, 7.79987245556e-24, 7.22196636703e-24, 1.63833946012e-23, 1.27978774254e-23, 5.47908074887e-24, 8.11452619369e-24, 4.59079063186e-24, 9.11230823219e-24, 7.08398986155e-24, 1.33908223583e-23, 1.45941034514e-23, 5.9445327432e-24, 1.20561793583e-23, 1.0669015577e-23, 1.02518383202e-23, 6.42930472997e-24, 9.60592532186e-24, 7.0540241912e-24, 9.04692349606e-24, 1.14350042491e-23, 1.27824465173e-23, 8.87712670824e-24, 1.09161246778e-23, 1.17956383228e-23, 1.00926327789e-23, 1.05328108531e-23, 1.72333796048e-23, 9.33404283315e-24],
        "var": [2.24510677072e-05, 1.61347943504e-05, 8.24987921533e-07, 1.08541621557e-06, 1.13593152662e-07, 5.19156913015e-08, 1.1696479163e-07, 8.82233734956e-08, 1.1606263115e-06, 1.12420565301e-07, 2.81879067643e-07, 3.83226392842e-08, 9.56223211723e-10, 7.98649768541e-09, 9.68780000221e-07, 5.72891565298e-07, 1.55548125491e-08, 1.34409983144e-09, 2.84326617805e-10, 5.45896140791e-11, 1.46151452052e-10, 1.62394264702e-10, 5.86845194661e-09, 1.76592152012e-09, 2.13983639835e-11, 2.28366154112e-12, 5.88000004589e-12, 5.35098299004e-10, 8.62513185873e-11, 1.27782149011e-12, 2.51204742771e-12, 4.66110205988e-11, 1.06056656513e-11, 3.01825432052e-13, 1.30183244827e-12, 2.68420550543e-12, 6.77718341516e-12, 8.10089734009e-13, 1.67019707526e-12, 7.76345296643e-13]
    },
    "mfcc": {
        "mean": [-662.832458496, 149.516159058, -22.5631599426, 7.79241657257, -3.33988308907, 2.38788056374, -3.64361214638, 7.33413553238, -7.23724222183, -0.140541762114, 12.0331172943, 10.4207077026, -10.9221000671],
        "cov": [[5603.80712891, 610.898803711, -228.75718689, 115.782661438, 217.108703613, -103.061813354, -129.154464722, 109.554496765, 63.79296875, 147.000762939, 125.702095032, 133.631652832, -12.4711866379], [610.898803711, 631.607666016, -65.1362075806, -14.7023677826, 78.83984375, 56.6322822571, -22.9520339966, 99.0835418701, -14.1024494171, 83.3821868896, 48.1082763672, 18.193655014, 2.97054362297], [-228.75718689, -65.1362075806, 188.884384155, -56.7069396973, 43.3271636963, 78.5135498047, 31.4417057037, 5.42896175385, 0.089212089777, 9.29768943787, -5.1127538681, -7.80984544754, 13.7601737976], [115.782661438, -14.7023677826, -56.7069396973, 334.13269043, -48.028213501, -66.0438613892, 64.0383529663, -14.4230937958, 87.6292724609, -11.7454805374, 0.413500249386, 29.1518478394, -12.7444171906], [217.108703613, 78.83984375, 43.3271636963, -48.028213501, 247.827865601, -3.42331576347, -0.466871649027, 34.1061172485, 10.7017860413, 44.1867446899, 18.5957927704, 1.96462035179, -17.9847984314], [-103.061813354, 56.6322822571, 78.5135498047, -66.0438613892, -3.42331576347, 239.723342896, 1.61247074604, 25.7646579742, -51.5443115234, 7.22213697433, 19.9621639252, 2.26634812355, 43.129650116], [-129.154464722, -22.9520339966, 31.4417057037, 64.0383529663, -0.466871649027, 1.61247074604, 141.931289673, -2.31490135193, 51.4127159119, -15.2920045853, -19.9546012878, 1.41661071777, -5.76684045792], [109.554496765, 99.0835418701, 5.42896175385, -14.4230937958, 34.1061172485, 25.7646579742, -2.31490135193, 133.230041504, 27.1312160492, 14.795759201, 7.42485141754, -23.7036590576, -17.246175766], [63.79296875, -14.1024494171, 0.089212089777, 87.6292724609, 10.7017860413, -51.5443115234, 51.4127159119, 27.1312160492, 139.788986206, 24.476228714, 9.79464149475, -4.98607444763, -18.9279766083], [147.000762939, 83.3821868896, 9.29768943787, -11.7454805374, 44.1867446899, 7.22213697433, -15.2920045853, 14.795759201, 24.476228714, 93.2992782593, 41.3681030273, 16.1536445618, 10.7601537704], [125.702095032, 48.1082763672, -5.1127538681, 0.413500249386, 18.5957927704, 19.9621639252, -19.9546012878, 7.42485141754, 9.79464149475, 41.3681030273, 77.1848907471, 30.7184295654, 17.8065662384], [133.631652832, 18.193655014, -7.80984544754, 29.1518478394, 1.96462035179, 2.26634812355, 1.41661071777, -23.7036590576, -4.98607444763, 16.1536445618, 30.7184295654, 81.1538162231, 39.5475692749], [-12.4711866379, 2.97054362297, 13.7601737976, -12.7444171906, -17.9847984314, 43.129650116, -5.76684045792, -17.246175766, -18.9279766083, 10.7601537704, 17.8065662384, 39.5475692749, 76.5485229492]],
