{
"lowlevel": {
    "average_loudness": 0.979590535164,
    "barkbands_crest": {
        "dmean": 2.2436811924,
        "dmean2": 3.34853792191,
        "dvar": 4.43541431427,
        "dvar2": 8.90403842926,
        "max": 25.6686325073,
        "mean": 10.3106918335,
        "median": 8.97106552124,
        "min": 2.57364344597,
        "var": 24.0708312988
    },
    "barkbands_flatness_db": {
        "dmean": 0.0187629144639,
        "dmean2": 0.0275753363967,
        "dvar": 0.00031645904528,
        "dvar2": 0.0006216323236,
        "max": 0.394235253334,
        "mean": 0.174097597599,
        "median": 0.170745894313,
        "min": 0.0371136628091,
        "var": 0.00187009538058
    },
    "barkbands_kurtosis": {
        "dmean": 1.76825475693,
        "dmean2": 2.69360208511,
        "dvar": 11.6307134628,
        "dvar2": 23.6665344238,
        "max": 100.274635315,
        "mean": 2.75726938248,
        "median": 1.26000356674,
        "min": -1.91765868664,
        "var": 28.7465343475
    },
    "barkbands_skewness": {
        "dmean": 0.402154773474,
        "dmean2": 0.592588484287,
        "dvar": 0.184101372957,
        "dvar2": 0.370811283588,
        "max": 9.63918972015,
        "mean": 1.25609624386,
        "median": 1.09975361824,
        "min": -1.37474799156,
        "var": 1.16645944118
    },
    "barkbands_spread": {
        "dmean": 4.77832555771,
        "dmean2": 6.96632099152,
        "dvar": 46.2667922974,
        "dvar2": 91.1623764038,
        "max": 108.684707642,
        "mean": 20.1823921204,
        "median": 16.5749092102,
        "min": 2.1881570816,
        "var": 176.310073853
    },
    "dissonance": {
        "dmean": 0.0215518325567,
        "dmean2": 0.0361581854522,
        "dvar": 0.000430727086496,
        "dvar2": 0.00116224947851,
        "max": 0.500000059605,
        "mean": 0.463975399733,
        "median": 0.471751272678,
        "min": 0.311891317368,
        "var": 0.000857828825247
    },
    "dynamic_complexity": 1.71961128712,
    "erbbands_crest": {
        "dmean": 2.38046550751,
        "dmean2": 3.82901787758,
        "dvar": 5.06151533127,
        "dvar2": 11.9407491684,
        "max": 29.87241745,
        "mean": 8.80705833435,
        "median": 7.75062656403,
        "min": 2.49011707306,
        "var": 18.6663188934
    },
    "erbbands_flatness_db": {
        "dmean": 0.0154387755319,
        "dmean2": 0.0217654984444,
        "dvar": 0.000233476981521,
        "dvar2": 0.000409476575442,
        "max": 0.3417981565,
        "mean": 0.198536351323,
        "median": 0.196333378553,
        "min": 0.0982085615396,
        "var": 0.00215631071478
    },
    "erbbands_kurtosis": {
        "dmean": 0.884621441364,
        "dmean2": 1.36153125763,
        "dvar": 1.24262797832,
        "dvar2": 2.76105332375,
        "max": 24.8763427734,
        "mean": 0.781003534794,
        "median": 0.262010097504,
        "min": -1.85921680927,
        "var": 3.87046909332
    },
    "erbbands_skewness": {
        "dmean": 0.324726641178,
        "dmean2": 0.488749653101,
        "dvar": 0.0923085659742,
        "dvar2": 0.205676347017,
        "max": 3.06190633774,
        "mean": 0.35182222724,
        "median": 0.331089735031,
        "min": -2.50985789299,
        "var": 0.420977205038
    },
    "erbbands_spread": {
        "dmean": 7.56644105911,
        "dmean2": 11.1023635864,
        "dvar": 93.3948135376,
        "dvar2": 174.223205566,
        "max": 137.293075562,
        "mean": 33.6469573975,
        "median": 27.466791153,
        "min": 4.27318525314,
        "var": 473.544677734
    },
    "hfc": {
        "dmean": 7.28214406967,
        "dmean2": 11.0682735443,
        "dvar": 89.0712890625,
        "dvar2": 208.887283325,
        "max": 128.849731445,
        "mean": 27.0094242096,
        "median": 24.0064468384,
        "min": 0.000807365926448,
        "var": 270.179718018
    },
    "melbands_crest": {
        "dmean": 2.69505047798,
        "dmean2": 4.08501815796,
        "dvar": 5.97717809677,
        "dvar2": 13.5993938446,
        "max": 31.212846756,
        "mean": 14.1661100388,
        "median": 12.4357700348,
        "min": 3.03559160233,
        "var": 38.4276008606
    },
    "melbands_flatness_db": {
        "dmean": 0.0222649592906,
        "dmean2": 0.0302356667817,
        "dvar": 0.000528936798219,
        "dvar2": 0.0010160387028,
        "max": 0.49406850338,
        "mean": 0.209318712354,
        "median": 0.206832841039,
        "min": 0.0634656473994,
        "var": 0.00364062562585
    },
    "melbands_kurtosis": {
        "dmean": 4.91076660156,
        "dmean2": 7.24668550491,
        "dvar": 150.122390747,
        "dvar2": 282.116485596,
        "max": 455.846405029,
        "mean": 10.019618988,
        "median": 4.26888799667,
        "min": -1.4887188673,
        "var": 335.801055908
    },
    "melbands_skewness": {
        "dmean": 0.575734674931,
        "dmean2": 0.834595441818,
        "dvar": 0.471929967403,
        "dvar2": 0.878541767597,
        "max": 17.335565567,
        "mean": 2.16947221756,
        "median": 1.73126375675,
        "min": -1.01653921604,
        "var": 2.96620559692
    },
    "melbands_spread": {
        "dmean": 4.96618270874,
        "dmean2": 7.45675039291,
        "dvar": 42.4539527893,
        "dvar2": 94.1369781494,
        "max": 130.1381073,
        "mean": 21.7991313934,
        "median": 19.906993866,
        "min": 1.45481133461,
        "var": 152.445236206
    },
    "pitch_salience": {
        "dmean": 0.0650015100837,
        "dmean2": 0.0970518290997,
        "dvar": 0.0033448766917,
        "dvar2": 0.0068695130758,
        "max": 0.837318241596,
        "mean": 0.547887504101,
        "median": 0.57200551033,
        "min": 0.0863340869546,
        "var": 0.0173092596233
    },
    "silence_rate_20dB": {
        "dmean": 0,
        "dmean2": 0,
        "dvar": 0,
        "dvar2": 0,
        "max": 1,
        "mean": 1,
        "median": 1,
        "min": 1,
        "var": 0
    },
    "silence_rate_30dB": {
        "dmean": 0,
        "dmean2": 0,
        "dvar": 0,
        "dvar2": 0,
        "max": 1,
        "mean": 1,
        "median": 1,
        "min": 1,
        "var": 0
    },
    "silence_rate_60dB": {
        "dmean": 0.000774593325332,
        "dmean2": 0.00154978688806,
        "dvar": 0.00077398942085,
        "dvar2": 0.00154736766126,
        "max": 1,
        "mean": 0.00967866834253,
        "median": 0,
        "min": 0,
        "var": 0.00958477612585
    },
    "spectral_centroid": {
        "dmean": 197.947540283,
        "dmean2": 294.457580566,
        "dvar": 53898.3867188,
        "dvar2": 112998.40625,
        "max": 3897.52319336,
        "mean": 1215.04833984,
        "median": 1114.39587402,
        "min": 249.686035156,
        "var": 272672.0625
    },
    "spectral_complexity": {
        "dmean": 4.11154127121,
        "dmean2": 6.37737321854,
        "dvar": 17.0302066803,
        "dvar2": 38.8920097351,
        "max": 54,
        "mean": 24.6740226746,
        "median": 23,
        "min": 0,
        "var": 80.9940795898
    },
    "spectral_decrease": {
        "dmean": 2.11692241514e-09,
        "dmean2": 3.24097015891e-09,
        "dvar": 5.37413784584e-18,
        "dvar2": 1.33550427479e-17,
        "max": -1.8988760217e-13,
        "mean": -9.97639393319e-09,
        "median": -9.54003720466e-09,
        "min": -2.63434465353e-08,
        "var": 1.90722653333e-17
    },
    "spectral_energy": {
        "dmean": 0.00837855413556,
        "dmean2": 0.0128761446103,
        "dvar": 8.41098444653e-05,
        "dvar2": 0.000211380218389,
        "max": 0.102652564645,
        "mean": 0.0401030890644,
        "median": 0.0387415848672,
        "min": 7.89908369825e-07,
        "var": 0.00028735032538
    },
    "spectral_energyband_high": {
        "dmean": 0.00046554527944,
        "dmean2": 0.000686684157699,
        "dvar": 9.02050828699e-07,
        "dvar2": 1.8402635078e-06,
        "max": 0.0131897414103,
        "mean": 0.000984539743513,
        "median": 0.000387096166378,
        "min": 4.11531519973e-09,
        "var": 2.70022997029e-06
    },
    "spectral_energyband_low": {
        "dmean": 0.00440072920173,
        "dmean2": 0.00558014772832,
        "dvar": 3.65831256204e-05,
        "dvar2": 5.37021514901e-05,
        "max": 0.0872921347618,
        "mean": 0.0152365891263,
        "median": 0.00894473306835,
        "min": 8.85690543129e-09,
        "var": 0.000243264716119
    },
    "spectral_energyband_middle_high": {
        "dmean": 0.0026894484181,
        "dmean2": 0.004194538109,
        "dvar": 1.11635981739e-05,
        "dvar2": 2.51152923738e-05,
        "max": 0.0495765469968,
        "mean": 0.00832103658468,
        "median": 0.00587058858946,
        "min": 5.29771057245e-07,
        "var": 5.43551504961e-05
    },
    "spectral_energyband_middle_low": {
        "dmean": 0.00634429417551,
        "dmean2": 0.0100407460704,
        "dvar": 8.72751188581e-05,
        "dvar2": 0.000214492203668,
        "max": 0.0867847725749,
        "mean": 0.0165985394269,
        "median": 0.0135792223737,
        "min": 3.11560995669e-07,
        "var": 0.000143478580867
    },
    "spectral_entropy": {
        "dmean": 0.132716536522,
        "dmean2": 0.18847040832,
        "dvar": 0.0210363399237,
        "dvar2": 0.0394987016916,
        "max": 8.7994594574,
        "mean": 7.51593255997,
        "median": 7.55794763565,
        "min": 6.14500570297,
        "var": 0.155593782663
    },
    "spectral_flux": {
        "dmean": 0.0236476454884,
        "dmean2": 0.0354185663164,
        "dvar": 0.000609646609519,
        "dvar2": 0.00112335418817,
        "max": 0.283073335886,
        "mean": 0.0984604880214,
        "median": 0.0882336720824,
        "min": 0.000888767885044,
        "var": 0.00182651099749
    },
    "spectral_kurtosis": {
        "dmean": 2.42135453224,
        "dmean2": 4.1229634285,
        "dvar": 7.86045455933,
        "dvar2": 21.7460308075,
        "max": 35.6893539429,
        "mean": 4.41967439651,
        "median": 3.12246656418,
        "min": -1.53260099888,
        "var": 18.743560791
    },
    "spectral_rms": {
        "dmean": 0.00064674380701,
        "dmean2": 0.000983657548204,
        "dvar": 4.43255203209e-07,
        "dvar2": 1.05950857687e-06,
        "max": 0.0100074391812,
        "mean": 0.0060952026397,
        "median": 0.00614789966494,
        "min": 2.77604449366e-05,
        "var": 1.97341728381e-06
    },
    "spectral_rolloff": {
        "dmean": 367.684234619,
        "dmean2": 611.783081055,
        "dvar": 806026.9375,
        "dvar2": 1744002.75,
        "max": 10120.6054688,
        "mean": 1293.0703125,
        "median": 1012.06054688,
        "min": 86.1328125,
        "var": 1894779.25
    },
    "spectral_skewness": {
        "dmean": 0.284849315882,
        "dmean2": 0.460648328066,
        "dvar": 0.0737515166402,
        "dvar2": 0.182769060135,
        "max": 4.19441223145,
        "mean": 1.46486341953,
        "median": 1.35800182819,
        "min": 0.0446284711361,
        "var": 0.381981253624
    },
    "spectral_spread": {
        "dmean": 527396.25,
        "dmean2": 718069.6875,
        "dvar": 699454914560,
        "dvar2": 1.03022762394e+12,
        "max": 19300408,
        "mean": 3810627,
        "median": 3399968,
        "min": 1381978,
        "var": 3.28973313638e+12
    },
    "spectral_strongpeak": {
        "dmean": 0.631809711456,
        "dmean2": 1.06125915051,
        "dvar": 0.981144070625,
        "dvar2": 2.48133039474,
        "max": 12.2977561951,
        "mean": 1.27657198906,
        "median": 0.581061184406,
        "min": 0.00176268687937,
        "var": 2.1953163147
    },
    "zerocrossingrate": {
        "dmean": 0.00866273697466,
        "dmean2": 0.00964000727981,
        "dvar": 0.000131999680889,
        "dvar2": 0.000143430850585,
        "max": 0.27587890625,
        "mean": 0.0512041263282,
        "median": 0.044921875,
        "min": 0.0029296875,
        "var": 0.000951863534283
    },
    "barkbands": {
        "dmean": [0.000144331235788, 0.00384925748222, 0.00214475253597, 0.00119818758685, 0.00277221971191, 0.00172288704198, 0.0011286912486, 0.00109317444731, 0.00184069748502, 0.00122578348964, 0.000463036587462, 0.000902214494999, 0.000565415015444, 0.000407341925893, 0.000357681012247, 0.000236080013565, 0.000174706598045, 0.000182774907444, 0.000159662668011, 0.000125687147374, 8.45061367727e-05, 0.000104139275209, 7.47268350096e-05, 0.000171238832991, 7.15022615623e-05, 5.76815111231e-08, 2.11613859769e-09],
        "dmean2": [0.000210243830224, 0.0047300523147, 0.00337629485875, 0.0021630320698, 0.00479770125821, 0.00272498675622, 0.00173544103745, 0.00176942173857, 0.00287609244697, 0.00187872326933, 0.000781589769758, 0.00142828049138, 0.000915752374567, 0.000671144633088, 0.000577700266149, 0.000366909691365, 0.000277835701127, 0.000303824432194, 0.000258954736637, 0.000201491871849, 0.000132287241286, 0.00015908536443, 0.000113582529593, 0.000259706692304, 0.000107042236777, 8.87827553697e-08, 3.92276966465e-09],
        "dvar": [5.83675792143e-08, 4.77278954349e-05, 1.86034267244e-05, 1.273451835e-05, 4.73407308164e-05, 8.28517113405e-06, 5.8340956457e-06, 2.6598020213e-06, 6.60722025714e-06, 4.13226280216e-06, 9.39107962949e-07, 2.50014068115e-06, 1.221093612e-06, 3.89784105437e-07, 6.53365759717e-07, 4.28315956924e-07, 1.76858605982e-07, 1.44653142797e-07, 1.23719757994e-07, 5.49669181282e-08, 2.52594780648e-08, 5.77515741895e-08, 4.8575934386e-08, 2.51123623229e-07, 1.07635109714e-07, 7.28314096857e-14, 2.68311615764e-17],
        "dvar2": [1.27032279806e-07, 6.13506854279e-05, 4.72410756629e-05, 3.63577491953e-05, 0.000134582049213, 1.88243830053e-05, 1.2627072465e-05, 6.60005343889e-06, 1.4935812942e-05, 8.01932674221e-06, 2.44851048592e-06, 5.6154685808e-06, 2.89281229016e-06, 9.09523294013e-07, 1.45987985434e-06, 6.97730399679e-07, 4.01580223297e-07, 3.59126175908e-07, 3.01771507338e-07, 1.34999609713e-07, 5.7994867575e-08, 1.3619732897e-07, 1.12290955201e-07, 5.39655104603e-07, 2.56132352661e-07, 1.69708580413e-13, 7.91785421793e-17],
        "max": [0.002590080956, 0.0804497003555, 0.0460525900126, 0.047081373632, 0.0566768050194, 0.0465248636901, 0.0446260049939, 0.0188742429018, 0.0386021882296, 0.0432498119771, 0.033880610019, 0.0337225273252, 0.0237918514758, 0.0118189435452, 0.019881175831, 0.0288012418896, 0.0179329868406, 0.00924428086728, 0.00738240405917, 0.00313932774588, 0.00349670927972, 0.00497659668326, 0.00419687572867, 0.00849361158907, 0.00614710710943, 5.80275082029e-06, 1.27937383354e-07],
        "mean": [0.000263778376393, 0.0100443167612, 0.00425176508725, 0.00133380596526, 0.00370016670786, 0.00334164383821, 0.00202248687856, 0.00182137917727, 0.00349425454624, 0.00251604290679, 0.000681189238094, 0.0018438763218, 0.00103185977787, 0.00071227067383, 0.000618004356511, 0.000384377053706, 0.000313200347591, 0.000318196951412, 0.000308471906465, 0.000253643054748, 0.000181747076567, 0.000191667641047, 0.000121004974062, 0.000256409111898, 9.73912683548e-05, 7.23764514987e-08, 1.65153990483e-09],
        "median": [5.13435370522e-05, 0.00291237677447, 0.00307698920369, 0.00070677488111, 0.00181716505904, 0.00173178664409, 0.00088105967734, 0.00101739587262, 0.00169435702264, 0.000921650964301, 0.000383046921343, 0.000726766884327, 0.000483453972265, 0.000415441725636, 0.000286297901766, 0.000165861623827, 0.000149889543536, 0.000144028919749, 0.000164094264619, 0.000117592775496, 8.25876850286e-05, 6.93569381838e-05, 2.35420411627e-05, 3.33349162247e-05, 7.49531636757e-06, 7.40971994873e-09, 6.6711047797e-10],
        "min": [1.0238383058e-10, 2.61793831058e-09, 4.52864190592e-09, 1.8680954561e-09, 8.65126636995e-09, 5.20410665672e-08, 2.55599577059e-08, 1.24075301144e-08, 6.70794833013e-08, 2.17138179437e-07, 5.21029335232e-08, 2.10788002164e-07, 1.28132233712e-08, 7.4440293929e-08, 4.77378625519e-09, 9.90182247307e-09, 6.79211487054e-09, 7.62246710195e-09, 5.04325470274e-09, 1.52588619518e-09, 1.06843300873e-09, 1.43928857721e-09, 1.9906308546e-10, 2.27314153611e-10, 2.20996710515e-11, 4.23890089696e-12, 8.60329602698e-12],
        "var": [1.92437596525e-07, 0.000228268065257, 2.01460079552e-05, 7.95278901933e-06, 3.57127719326e-05, 2.0224833861e-05, 1.26158547573e-05, 5.20255525771e-06, 1.95348075067e-05, 2.02000464924e-05, 1.31214369503e-06, 1.0100057807e-05, 3.75645095119e-06, 9.28956239932e-07, 1.71038959706e-06, 1.31551553295e-06, 4.61179951117e-07, 3.56262688683e-07, 2.13116479131e-07, 1.27448572584e-07, 7.66668222241e-08, 1.31065505116e-07, 9.08751189854e-08, 5.37155358415e-07, 1.8640994881e-07, 1.15377623905e-13, 1.6319661372e-17]
    },
    "erbbands": {
        "dmean": [0.125458076596, 0.945380270481, 2.20533657074, 2.97398257256, 7.08475351334, 10.3568897247, 10.4008073807, 15.7569818497, 15.506857872, 17.5148639679, 27.7728347778, 30.7060909271, 47.707195282, 31.7047042847, 23.1185722351, 32.3273544312, 22.7344074249, 23.8032855988, 18.3243980408, 14.0950098038, 13.972867012, 9.27953243256, 9.26189994812, 8.97434806824, 7.19141530991, 5.86853742599, 4.26530265808, 2.97530341148, 3.95214653015, 2.54176712036, 2.23301076889, 3.40119123459, 2.83154702187, 1.47629165649, 0.119330242276, 0.00523418001831, 0.000243601461989, 2.97420920106e-05, 9.14329302759e-06, 1.0639330867e-05],
        "dmean2": [0.138474956155, 1.16103601456, 3.34655094147, 5.0627207756, 12.2528629303, 17.9956741333, 16.9966526031, 24.7845916748, 23.6660346985, 26.8637542725, 45.1511573792, 48.4741210938, 72.6101913452, 49.8124427795, 37.7098121643, 50.4754638672, 36.2663917542, 38.830280304, 29.0078964233, 23.4173049927, 21.9248123169, 14.6259765625, 15.3560438156, 14.3376760483, 11.764333725, 9.33386039734, 6.73356437683, 4.52234363556, 6.18401050568, 3.78673887253, 3.41822910309, 5.27505207062, 4.19826984406, 2.15072178841, 0.17856939137, 0.00780882267281, 0.000357479875674, 4.32311971963e-05, 1.35789787237e-05, 1.63528220583e-05],
        "dvar": [0.0475120618939, 3.02742505074, 18.0845756531, 58.0166854858, 376.549438477, 635.110900879, 391.100006104, 865.131225586, 1004.75292969, 1083.04089355, 1566.07275391, 1800.04846191, 4980.79052734, 3557.17041016, 1614.64550781, 2745.83178711, 2065.765625, 1410.17321777, 1417.06188965, 1374.38989258, 1722.32958984, 712.976501465, 425.360443115, 357.205932617, 201.161254883, 123.887657166, 50.7948036194, 41.356628418, 84.0063323975, 43.432723999, 40.4203414917, 95.9340057373, 81.5595092773, 42.5541763306, 0.413375794888, 0.000761481700465, 1.20841548323e-06, 1.24789840683e-08, 4.18508588895e-10, 1.38981742781e-10],
        "dvar2": [0.0490284636617, 4.35274171829, 41.7683906555, 154.873382568, 1039.30932617, 1828.28540039, 963.912719727, 1997.22119141, 1999.03588867, 2645.92626953, 3768.27124023, 4363.09228516, 10348.5605469, 7054.43066406, 4036.85668945, 6035.140625, 4483.61669922, 3294.1940918, 2836.69848633, 3327.85693359, 2870.90429688, 1656.6907959, 1084.95544434, 810.879821777, 525.376342773, 306.141693115, 121.252624512, 88.7875518799, 204.011520386, 92.8085174561, 92.8859329224, 226.656112671, 167.225692749, 98.8081436157, 0.956548810005, 0.0017662467435, 2.73411274065e-06, 2.74071840778e-08, 9.13955855442e-10, 3.4533900739e-10],
        "max": [2.60705327988, 21.4783477783, 42.7726860046, 102.908706665, 199.841659546, 229.235168457, 388.219573975, 552.453979492, 581.426574707, 522.380126953, 517.217529297, 676.643615723, 1182.83068848, 1345.32568359, 1047.52111816, 1565.82055664, 1177.26708984, 709.211242676, 1313.24743652, 1117.5135498, 1802.68676758, 1198.05627441, 503.792480469, 534.876831055, 243.795516968, 198.891235352, 144.232055664, 179.91394043, 159.45072937, 141.996200562, 121.506233215, 157.272186279, 187.434585571, 119.961845398, 15.8912086487, 0.683299064636, 0.0255148876458, 0.00236407248303, 0.000400194287067, 0.000150354753714],
        "mean": [0.325168758631, 2.11336135864, 4.69987106323, 5.01465845108, 8.50036907196, 13.247797966, 16.8372612, 30.2509613037, 30.0487766266, 29.3866195679, 49.2115478516, 60.9821434021, 100.76058197, 64.7687911987, 45.6511611938, 69.6239318848, 46.1700935364, 43.7296905518, 34.0881309509, 23.8237266541, 23.5582351685, 17.6671962738, 16.4765853882, 17.958158493, 14.007525444, 11.9242925644, 8.94145393372, 6.65570545197, 7.2454419136, 4.51800966263, 3.57889842987, 4.59875822067, 4.50757789612, 2.09721064568, 0.148172289133, 0.00663286074996, 0.000356894714059, 4.86903481942e-05, 2.99800049106e-05, 4.93348779855e-05],
        "median": [0.0515602007508, 0.785320281982, 3.61276364326, 3.10437583923, 3.70703434944, 5.75263023376, 9.32230377197, 13.5382261276, 15.0195236206, 15.4996728897, 28.8399162292, 36.1306648254, 46.8218765259, 28.5482978821, 25.8809394836, 31.9394645691, 24.360332489, 25.1452255249, 18.2682628632, 11.7115478516, 9.9420003891, 8.7539434433, 7.78992176056, 9.19175052643, 7.49951791763, 5.64087629318, 4.4557595253, 2.79178929329, 2.72923278809, 1.12440419197, 0.703994572163, 0.617842555046, 0.56401014328, 0.180112540722, 0.0053499690257, 0.000299822364468, 4.44533943664e-05, 1.05117751446e-05, 2.38445536525e-05, 4.75683227705e-05],
        "min": [5.92942654976e-08, 6.86675718953e-07, 4.60278033643e-06, 7.29844168745e-06, 1.40672564157e-05, 4.04201928177e-05, 4.30694417446e-05, 0.000530284305569, 0.000669742410537, 0.000226017495152, 0.000248762167757, 0.000984598766081, 0.00839093327522, 0.00298964441754, 0.00238068727776, 0.00979858357459, 0.00128258799668, 0.00381454732269, 0.00093304523034, 0.000390010391129, 0.000613250304013, 0.000341844774084, 0.000281983840978, 0.000469249673188, 0.000149047686136, 5.69691546843e-05, 4.04367165174e-05, 6.72767564538e-05, 6.3731597038e-05, 1.87377827388e-05, 6.74429293213e-06, 8.57992745296e-06, 2.03964964385e-06, 5.27252439042e-07, 6.10982624494e-08, 2.31938575013e-08, 7.72524799686e-09, 4.39807079644e-09, 1.72788150454e-09, 1.05851771792e-09],
        "var": [0.291238456964, 10.3886156082, 22.8234882355, 47.9710540771, 281.560577393, 501.995849609, 623.235839844, 2076.82885742, 2503.18774414, 2152.75244141, 3472.19018555, 4809.88525391, 17705.4414062, 15612.0947266, 4683.55224609, 12385.0449219, 7452.61230469, 3593.02368164, 4837.39355469, 2418.51196289, 4934.50292969, 1620.67102051, 942.706726074, 884.446350098, 356.418914795, 288.937591553, 139.471405029, 136.285842896, 181.470092773, 109.208831787, 75.9127197266, 143.748168945, 203.830718994, 80.1133880615, 0.646982133389, 0.0012107383227, 2.23944971367e-06, 2.68220752275e-08, 1.02976493999e-09, 4.42577002824e-10]
    },
    "gfcc": {
        "mean": [3.40701603889, 144.655273438, -148.176513672, 44.9878425598, -72.9497375488, 24.492565155, -22.2036247253, -0.539351463318, -6.11251115799, -15.3418340683, 8.31541824341, -23.5813236237, 8.18480396271],
        "cov": [[2041.23254395, -889.6171875, 16.4014663696, 368.061645508, -378.81942749, 94.6793136597, -364.669769287, 222.804855347, -34.4393730164, -3.74005365372, -64.8334655762, 15.4452733994, -15.0740537643], [-889.6171875, 1112.36755371, -272.789459229, -397.890258789, 336.60925293, -284.195953369, 313.593536377, -261.812194824, 30.0745449066, -51.4604187012, 73.2369155884, -48.2863349915, 63.1625175476], [16.4014663696, -272.789459229, 730.789245605, 106.276641846, -160.05821228, 238.970657349, -109.102973938, 114.658660889, -41.5260162354, 99.4862594604, 6.74770784378, 24.6948699951, -5.20479726791], [368.061645508, -397.890258789, 106.276641846, 486.199554443, -61.9253921509, 24.6675376892, -31.3739833832, 84.9850158691, 66.8129577637, 11.6461935043, -20.2438087463, 37.8292350769, -8.86861133575], [-378.81942749, 336.60925293, -160.05821228, -61.9253921509, 288.942657471, -71.6443862915, 128.134536743, -48.1188163757, 46.2112350464, -12.725353241, 33.882484436, -4.85781955719, 26.6746196747], [94.6793136597, -284.195953369, 238.970657349, 24.6675376892, -71.6443862915, 252.194061279, -44.6325187683, 73.23021698, -18.2904491425, 56.7085952759, 13.1380395889, 6.96770858765, -14.4809846878], [-364.669769287, 313.593536377, -109.102973938, -31.3739833832, 128.134536743, -44.6325187683, 280.442871094, -73.517791748, 41.4608955383, 10.7729005814, 33.8847045898, 5.44536113739, 23.9343032837], [222.804855347, -261.812194824, 114.658660889, 84.9850158691, -48.1188163757, 73.23021698, -73.517791748, 165.874572754, 27.8151741028, 18.8070144653, -4.33005237579, 12.2997217178, -4.28616142273], [-34.4393730164, 30.0745449066, -41.5260162354, 66.8129577637, 46.2112350464, -18.2904491425, 41.4608955383, 27.8151741028, 120.741035461, 7.99834489822, 14.6438961029, 28.3842830658, 2.67507719994], [-3.74005365372, -51.4604187012, 99.4862594604, 11.6461935043, -12.725353241, 56.7085952759, 10.7729005814, 18.8070144653, 7.99834489822, 108.190597534, 37.161781311, 1.70638883114, 16.5626583099], [-64.8334655762, 73.2369155884, 6.74770784378, -20.2438087463, 33.882484436, 13.1380395889, 33.8847045898, -4.33005237579, 14.6438961029, 37.161781311, 87.053894043, 18.2944335938, 15.824842453], [15.4452733994, -48.2863349915, 24.6948699951, 37.8292350769, -4.85781955719, 6.96770858765, 5.44536113739, 12.2997217178, 28.3842830658, 1.70638883114, 18.2944335938, 77.3475646973, 18.8044681549], [-15.0740537643, 63.1625175476, -5.20479726791, -8.86861133575, 26.6746196747, -14.4809846878, 23.9343032837, -4.28616142273, 2.67507719994, 16.5626583099, 15.824842453, 18.8044681549, 64.3236312866]],
        "icov": [[0.00104530004319, -0.000196155015146, 0.0007450155681, -0.000788368226495, 0.00112864456605, -0.000435711001046, 0.00092363730073, -0.000966912193689, 0.000474146800116, -0.000177649679244, 2.39590008277e-05, -2.47649786616e-05, -0.000557705643587], [-0.000196155015146, 0.013261240907, -0.00558122992516, 0.00828043185174, -0.00642366241664, 0.0111634740606, -0.00679845828563, 0.0104373106733, -0.00737418141216, 0.00669842446223, -0.00739232171327, 0.0092964572832, -0.006292774342], [0.0007450155681, -0.00558122992516, 0.00515526439995, -0.00420515239239, 0.00381466536783, -0.00641073659062, 0.00360063812695, -0.00542328925803, 0.00418365979567, -0.00424936739728, 0.00335474964231, -0.00456505687907, 0.00219553965144], [-0.000788368226495, 0.00828043185174, -0.00420515239239, 0.00818997155875, -0.00423182407394, 0.00747237633914, -0.00487839896232, 0.00618197629228, -0.00616115843877, 0.0040409383364, -0.00374306086451, 0.00491098407656, -0.00316158495843], [0.00112864456605, -0.00642366241664, 0.00381466536783, -0.00423182407394, 0.00942591205239, -0.00537961348891, 0.0025219223462, -0.00571514572948, 0.00220318790525, -0.00229498720728, 0.00194014678709, -0.00297493557446, 0.000749923929106], [-0.000435711001046, 0.0111634740606, -0.00641073659062, 0.00747237633914, -0.00537961348891, 0.0161242820323, -0.00627874163911, 0.00701691489667, -0.00525606237352, 0.00375215429813, -0.00669050356373, 0.00716215791181, -0.00308316154405], [0.00092363730073, -0.00679845828563, 0.00360063812695, -0.00487839896232, 0.0025219223462, -0.00627874163911, 0.0094298645854, -0.00377145293169, 0.00253834016621, -0.00412958860397, 0.00306014926173, -0.00453988881782, 0.00182360957842], [-0.000966912193689, 0.0104373106733, -0.00542328925803, 0.00618197629228, -0.00571514572948, 0.00701691489667, -0.00377145293169, 0.0180199425668, -0.00914352852851, 0.00542555376887, -0.00552190933377, 0.00768350111321, -0.00541265681386], [0.000474146800116, -0.00737418141216, 0.00418365979567, -0.00616115843877, 0.00220318790525, -0.00525606237352, 0.00253834016621, -0.00914352852851, 0.0166979264468, -0.00560065172613, 0.0038113554474, -0.00943942088634, 0.0057600880973], [-0.000177649679244, 0.00669842446223, -0.00424936739728, 0.0040409383364, -0.00229498720728, 0.00375215429813, -0.00412958860397, 0.00542555376887, -0.00560065172613, 0.0177069809288, -0.00932780187577, 0.0081462552771, -0.00712441001087], [2.39590008277e-05, -0.00739232171327, 0.00335474964231, -0.00374306086451, 0.00194014678709, -0.00669050356373, 0.00306014926173, -0.00552190933377, 0.0038113554474, -0.00932780187577, 0.0200738161802, -0.00919012818485, 0.00319390837103], [-2.47649786616e-05, 0.0092964572832, -0.00456505687907, 0.00491098407656, -0.00297493557446, 0.00716215791181, -0.00453988881782, 0.00768350111321, -0.00943942088634, 0.0081462552771, -0.00919012818485, 0.0240063834935, -0.0102415354922], [-0.000557705643587, -0.006292774342, 0.00219553965144, -0.00316158495843, 0.000749923929106, -0.00308316154405, 0.00182360957842, -0.00541265681386, 0.0057600880973, -0.00712441001087, 0.00319390837103, -0.0102415354922, 0.0230954866856]]
    },
    "melbands": {
        "dmean": [0.001068803831, 0.00100967974868, 0.000563239911571, 0.000647217850201, 0.000361992541002, 0.000339964783052, 0.000241460613324, 0.000182815099834, 0.000226496122195, 0.000235876097577, 0.000243922360823, 0.000139327254146, 7.33214546926e-05, 0.000112458219519, 6.35990072624e-05, 5.30859251739e-05, 4.34923094872e-05, 3.14674434776e-05, 2.36109626712e-05, 1.57374488481e-05, 1.7601350919e-05, 1.09781913125e-05, 7.99933332019e-06, 9.91731758404e-06, 7.78348021413e-06, 6.06925823377e-06, 4.64383447252e-06, 4.15710655943e-06, 3.24162306242e-06, 2.12514169107e-06, 1.77997435458e-06, 2.46898275691e-06, 2.11685460272e-06, 1.26652867039e-06, 1.2449136193e-06, 1.61173545621e-06, 2.38826373788e-06, 2.16748117055e-06, 1.69419877238e-06, 1.16579417409e-06],
        "dmean2": [0.0012507440988, 0.00141017674468, 0.000915539741982, 0.00113062444143, 0.000595872465055, 0.000536204839591, 0.000366865860997, 0.000280905718682, 0.000371186062694, 0.000368501030607, 0.000370637368178, 0.000219154389924, 0.000122108060168, 0.000175941051566, 0.000101105564681, 8.63141031004e-05, 7.09448067937e-05, 5.00854512211e-05, 3.90680834244e-05, 2.57721385424e-05, 2.83915451291e-05, 1.77596830326e-05, 1.28854590002e-05, 1.66054178408e-05, 1.24550588225e-05, 1.00299512269e-05, 7.52919004299e-06, 6.65885954731e-06, 5.21892661709e-06, 3.35169397658e-06, 2.70033706329e-06, 3.98713791583e-06, 3.2097618714e-06, 1.94205085791e-06, 1.92739707927e-06, 2.52471977547e-06, 3.79384300686e-06, 3.25732753481e-06, 2.4893565751e-06, 1.77481433639e-06],
        "dvar": [3.5717814626e-06, 2.95058907795e-06, 1.98666953111e-06, 2.99899693346e-06, 4.10959216879e-07, 3.69816433476e-07, 2.34044321701e-07, 1.04483063978e-07, 1.0585318222e-07, 1.08569359725e-07, 1.27226883251e-07, 7.03211000541e-08, 2.0001674983e-08, 4.31653823796e-08, 1.1132097022e-08, 1.30879032056e-08, 4.62444749161e-09, 4.18103107691e-09, 3.45089867793e-09, 1.79164483249e-09, 2.75347833423e-09, 1.249659487e-09, 2.90956814197e-10, 5.00078256582e-10, 3.05716174598e-10, 1.71391234538e-10, 7.92837809294e-11, 6.37229921607e-11, 3.06575563547e-11, 1.57136283152e-11, 1.64902657501e-11, 3.18686604883e-11, 2.75241305442e-11, 1.32120425711e-11, 1.51273975985e-11, 1.97134513574e-11, 5.08809869237e-11, 4.63373159287e-11, 3.91326485105e-11, 3.63912233681e-11],
        "dvar2": [3.98690917791e-06, 5.29835460839e-06, 5.11607731823e-06, 8.49426942295e-06, 1.05671142592e-06, 8.39221570459e-07, 4.72198195212e-07, 2.5666255965e-07, 2.61159783577e-07, 2.49036332889e-07, 2.62781327365e-07, 1.35053980443e-07, 5.21578940038e-08, 9.5569049563e-08, 2.62926871386e-08, 3.17369419633e-08, 1.04902433407e-08, 8.23709456199e-09, 8.37274427568e-09, 3.790320946e-09, 4.65057636845e-09, 3.11024139776e-09, 6.69384159213e-10, 1.25512422677e-09, 6.68924693414e-10, 4.59199372971e-10, 1.97406924141e-10, 1.60065696808e-10, 7.70114319537e-11, 3.74609787634e-11, 3.54078329157e-11, 8.04594238457e-11, 6.47961406752e-11, 2.95561700114e-11, 3.63176884399e-11, 4.56141305283e-11, 1.22522089696e-10, 9.29388926929e-11, 8.76632863522e-11, 8.70634675465e-11],
        "max": [0.0215848460793, 0.0199939794838, 0.0188261196017, 0.0143894497305, 0.0108074331656, 0.0111007196829, 0.00861970894039, 0.00463859038427, 0.00467336177826, 0.00529781309888, 0.00594628741965, 0.0062925000675, 0.00495661003515, 0.00452698394656, 0.00242708367296, 0.00311528914608, 0.00154972786549, 0.00241412315518, 0.00131625286303, 0.00148988387082, 0.00187633105088, 0.00145002035424, 0.000439883413492, 0.000578906328883, 0.000510180543642, 0.000276923441561, 0.000146023332491, 0.000134002286359, 0.000101173194707, 6.48002242087e-05, 0.000115878014185, 9.2195950856e-05, 9.57918455242e-05, 7.62927738833e-05, 8.04803785286e-05, 7.28382801753e-05, 0.000126657658257, 0.000134027315653, 0.000116138340672, 0.000127882784],
        "mean": [0.00282919825986, 0.00262627564371, 0.000985970720649, 0.00078444898827, 0.000583886809181, 0.000659612880554, 0.000467247096822, 0.000308502174448, 0.000388000771636, 0.000456074019894, 0.000513907289132, 0.000269528653007, 0.000125281861983, 0.00022397187422, 0.000125616730656, 9.23046900425e-05, 7.71493141656e-05, 5.42924535694e-05, 3.87600703107e-05, 2.55358390859e-05, 2.78002626146e-05, 1.85809694813e-05, 1.44499081216e-05, 1.57794274855e-05, 1.4551289496e-05, 1.09466800495e-05, 8.72683540365e-06, 7.76877095632e-06, 6.04176830166e-06, 4.201640877e-06, 3.72144677385e-06, 4.25788266512e-06, 3.44755608239e-06, 2.09922995964e-06, 1.9224303287e-06, 2.23953725254e-06, 3.08578682962e-06, 3.33875573233e-06, 2.62496291725e-06, 1.47920729887e-06],
        "median": [0.00063144415617, 0.00189167528879, 0.000640926416963, 0.000341907812981, 0.0003196161706, 0.000306039757561, 0.000238789172727, 0.000170371466083, 0.00022597386851, 0.000231347454246, 0.00023814450833, 0.000103740188933, 6.94135160302e-05, 8.16945685074e-05, 5.9161822719e-05, 4.97097826155e-05, 4.17870869569e-05, 2.73032565019e-05, 1.85101653187e-05, 1.19404303405e-05, 1.10533555926e-05, 8.6032487161e-06, 6.74795592204e-06, 6.58203816783e-06, 7.20058551451e-06, 5.63711682844e-06, 4.16304692408e-06, 3.45010425917e-06, 2.92367326438e-06, 1.80495726454e-06, 1.38376651648e-06, 1.62276205629e-06, 9.47979231114e-07, 4.5486461886e-07, 3.75228751182e-07, 3.66526052176e-07, 3.76347799147e-07, 3.94272205995e-07, 3.3277964917e-07, 7.27591142891e-08],
        "min": [5.85321568991e-10, 1.90919768883e-09, 1.16723641863e-09, 2.28707741634e-09, 1.21708931822e-09, 1.14153460018e-08, 9.17763109953e-09, 2.51360487979e-09, 1.90353222074e-09, 8.815332464e-09, 4.24146442413e-08, 1.21567129696e-08, 5.81960968304e-09, 2.63519730481e-08, 1.01327692903e-08, 1.08324882397e-09, 8.49510062295e-09, 1.75695036297e-09, 3.3247418707e-10, 6.32388752475e-10, 7.84320830505e-10, 3.90358467772e-10, 2.73583738997e-10, 2.8875768443e-10, 4.10848077781e-10, 1.15179754623e-10, 5.18401710448e-11, 4.11675450673e-11, 3.645237584e-11, 2.46529237996e-11, 3.32923306978e-11, 3.56613072405e-11, 2.81901741533e-11, 3.70570197791e-12, 2.59326718086e-12, 5.36065202644e-12, 5.66782775227e-12, 1.22118114232e-12, 7.41877208537e-13, 2.62157103751e-13],
        "var": [1.98763009394e-05, 7.11099210093e-06, 1.79211849627e-06, 2.14066585613e-06, 6.09238384186e-07, 9.16802946449e-07, 5.72968019696e-07, 2.02331477794e-07, 2.14031175005e-07, 3.19107499536e-07, 4.56854678532e-07, 3.21792867908e-07, 3.79799338646e-08, 1.70404391042e-07, 4.36805862591e-08, 2.25703171708e-08, 1.32552635534e-08, 1.38932172433e-08, 6.47455067337e-09, 3.56516949296e-09, 7.17256032345e-09, 2.04901029477e-09, 8.50541470587e-10, 1.01072095138e-09, 6.98738622518e-10, 2.58576132728e-10, 1.54805487873e-10, 1.38816111384e-10, 6.8539632303e-11, 4.27183045881e-11, 5.07953505646e-11, 6.23377460762e-11, 5.57683725588e-11, 2.88293642431e-11, 2.52766124004e-11, 3.20443151181e-11, 7.02761668303e-11, 1.10922777907e-10, 8.5884695189e-11, 5.68193860018e-11]
    },
    "mfcc": {
        "mean": [-614.251037598, 142.153869629, -2.13668560982, 13.2955665588, -5.52421522141, 6.85133123398, 8.0208864212, 3.39542913437, 2.02171015739, 7.08971738815, 0.891406178474, 2.49882698059, -5.98348522186],
        "cov": [[2317.65869141, -1108.85070801, 80.536529541, 117.284942627, 48.9675979614, -190.512863159, -237.301300049, 52.0359230042, -34.605255127, 17.1816215515, -53.4806938171, -12.2272558212, -11.9592981339], [-1108.85070801, 1456.06982422, -526.665710449, -107.504173279, -143.273178101, 43.7297744751, 143.052459717, -123.569274902, 1.47331690788, -85.798866272, -29.3825817108, 14.4009609222, -19.1358146667], [80.536529541, -526.665710449, 891.542724609, -86.6330490112, 96.1377410889, 21.3312702179, 22.5891723633, -1.68037414551, 3.39589619637, 42.337890625, 39.0320587158, 16.8548774719, 34.4388389587], [117.284942627, -107.504173279, -86.6330490112, 380.33807373, -15.8579740524, 31.0427875519, -41.0202827454, 53.9126701355, 29.9308834076, 14.286113739, 11.3451890945, 1.97797858715, 12.9782476425], [48.9675979614, -143.273178101, 96.1377410889, -15.8579740524, 207.022491455, -32.5311698914, -16.869594574, 18.9150924683, 8.50336647034, 23.0055122375, -4.44861125946, 27.0484008789, 2.62977910042], [-190.512863159, 43.7297744751, 21.3312702179, 31.0427875519, -32.5311698914, 168.614868164, 49.1323165894, 10.9884996414, 2.07379102707, 22.1785354614, 26.6206798553, -12.5664339066, 24.624628067], [-237.301300049, 143.052459717, 22.5891723633, -41.0202827454, -16.869594574, 49.1323165894, 162.838729858, -31.7515125275, 8.32880210876, 18.912607193, 11.7446689606, -0.93685656786, 9.10458374023], [52.0359230042, -123.569274902, -1.68037414551, 53.9126701355, 18.9150924683, 10.9884996414, -31.7515125275, 143.808776855, 14.1789522171, 18.9486656189, 5.30013275146, 8.22602844238, 2.49459028244], [-34.605255127, 1.47331690788, 3.39589619637, 29.9308834076, 8.50336647034, 2.07379102707, 8.32880210876, 14.1789522171, 86.8078079224, 14.8456611633, 19.2324142456, -1.03581035137, 2.71069717407], [17.1816215515, -85.798866272, 42.337890625, 14.286113739, 23.0055122375, 22.1785354614, 18.912607193, 18.9486656189, 14.8456611633, 97.5876693726, 19.8238048553, 10.7035799026, 10.2904310226], [-53.4806938171, -29.3825817108, 39.0320587158, 11.3451890945, -4.44861125946, 26.6206798553, 11.7446689606, 5.30013275146, 19.2324142456, 19.8238048553, 72.3670043945, 11.931883812, 15.819981575], [-12.2272558212, 14.4009609222, 16.8548774719, 1.97797858715, 27.0484008789, -12.5664339066, -0.93685656786, 8.22602844238, -1.03581035137, 10.7035799026, 11.931883812, 87.5176849365, 10.2907648087], [-11.9592981339, -19.1358146667, 34.4388389587, 12.9782476425, 2.62977910042, 24.624628067, 9.10458374023, 2.49459028244, 2.71069717407, 10.2904310226, 15.819981575, 10.2907648087, 72.1322097778]],
