{
"lowlevel": {
    "average_loudness": 0.965487599373,
    "barkbands_crest": {
        "dmean": 2.4200501442,
        "dmean2": 4.09139347076,
        "dvar": 5.12702798843,
        "dvar2": 15.1653985977,
        "max": 21.2428913116,
        "mean": 9.1137046814,
        "median": 8.4494342804,
        "min": 2.87986087799,
        "var": 12.3136234283
    },
    "barkbands_flatness_db": {
        "dmean": 0.0157347042114,
        "dmean2": 0.0260291099548,
        "dvar": 0.000180510032806,
        "dvar2": 0.000528818403836,
        "max": 0.278328508139,
        "mean": 0.135051771998,
        "median": 0.13080881536,
        "min": 0.0689343139529,
        "var": 0.000697262585163
    },
    "barkbands_kurtosis": {
        "dmean": 1.23324871063,
        "dmean2": 2.08203816414,
        "dvar": 2.93178129196,
        "dvar2": 8.29106616974,
        "max": 24.2086353302,
        "mean": 0.913229703903,
        "median": 0.0108325481415,
        "min": -1.67972016335,
        "var": 8.70019626617
    },
    "barkbands_skewness": {
        "dmean": 0.38230741024,
        "dmean2": 0.635264217854,
        "dvar": 0.125019267201,
        "dvar2": 0.341896295547,
        "max": 4.66878795624,
        "mean": 1.28438055515,
        "median": 1.16668641567,
        "min": -1.58552324772,
        "var": 0.476704865694
    },
    "barkbands_spread": {
        "dmean": 5.59459447861,
        "dmean2": 8.99417209625,
        "dvar": 27.012714386,
        "dvar2": 73.2323608398,
        "max": 69.1825180054,
        "mean": 36.5350761414,
        "median": 37.6740570068,
        "min": 4.42462968826,
        "var": 121.62853241
    },
    "dissonance": {
        "dmean": 0.00908382050693,
        "dmean2": 0.0152384601533,
        "dvar": 0.000108107902633,
        "dvar2": 0.00026209114003,
        "max": 0.499999940395,
        "mean": 0.48262193799,
        "median": 0.485753655434,
        "min": 0.325117528439,
        "var": 0.000186515244422
    },
    "dynamic_complexity": 2.68016862869,
    "erbbands_crest": {
        "dmean": 1.30254483223,
        "dmean2": 2.17924809456,
        "dvar": 2.05991268158,
        "dvar2": 5.15610027313,
        "max": 19.4950523376,
        "mean": 4.92350578308,
        "median": 4.37313222885,
        "min": 2.49373984337,
        "var": 3.44320201874
    },
    "erbbands_flatness_db": {
        "dmean": 0.00780121516436,
        "dmean2": 0.0128119299188,
        "dvar": 4.67199752165e-05,
        "dvar2": 0.000109071159386,
        "max": 0.203554645181,
        "mean": 0.160631343722,
        "median": 0.160134613514,
        "min": 0.0737016126513,
        "var": 0.000156434049131
    },
    "erbbands_kurtosis": {
        "dmean": 0.45423412323,
        "dmean2": 0.723961412907,
        "dvar": 0.176731452346,
        "dvar2": 0.465327262878,
        "max": 4.24974060059,
        "mean": -0.301285177469,
        "median": -0.403390884399,
        "min": -1.64393973351,
        "var": 0.430408746004
    },
    "erbbands_skewness": {
        "dmean": 0.225595504045,
        "dmean2": 0.35773602128,
        "dvar": 0.0328994691372,
        "dvar2": 0.0813642889261,
        "max": 1.06052362919,
        "mean": -0.512124359608,
        "median": -0.533617317677,
        "min": -1.88177490234,
        "var": 0.128449141979
    },
    "erbbands_spread": {
        "dmean": 6.56256484985,
        "dmean2": 10.3615016937,
        "dvar": 27.1000061035,
        "dvar2": 71.6907730103,
        "max": 88.7238616943,
        "mean": 46.211139679,
        "median": 45.5267448425,
        "min": 21.3311634064,
        "var": 77.9068222046
    },
    "hfc": {
        "dmean": 5.13643789291,
        "dmean2": 8.40250873566,
        "dvar": 191.310623169,
        "dvar2": 486.556060791,
        "max": 195.181915283,
        "mean": 26.8106269836,
        "median": 23.6035709381,
        "min": 1.16530795947e-16,
        "var": 426.831359863
    },
    "melbands_crest": {
        "dmean": 3.19116663933,
        "dmean2": 5.32895803452,
        "dvar": 7.84026765823,
        "dvar2": 22.7713928223,
        "max": 30.7282161713,
        "mean": 15.179643631,
        "median": 14.8647489548,
        "min": 2.52834033966,
        "var": 16.6918544769
    },
    "melbands_flatness_db": {
        "dmean": 0.0205119587481,
        "dmean2": 0.0338549464941,
        "dvar": 0.000345262611518,
        "dvar2": 0.000940053083468,
        "max": 0.348191171885,
        "mean": 0.158923044801,
        "median": 0.153445720673,
        "min": 0.00510514527559,
        "var": 0.00159926316701
    },
    "melbands_kurtosis": {
        "dmean": 4.76950931549,
        "dmean2": 8.10957336426,
        "dvar": 32.5563392639,
        "dvar2": 90.9666900635,
        "max": 80.6454315186,
        "mean": 10.6425886154,
        "median": 8.29157066345,
        "min": -1.10809779167,
        "var": 75.1750030518
    },
    "melbands_skewness": {
        "dmean": 0.611821055412,
        "dmean2": 1.02639293671,
        "dvar": 0.316108137369,
        "dvar2": 0.868472576141,
        "max": 8.06083774567,
        "mean": 2.97406244278,
        "median": 2.81020021439,
        "min": -0.017854295671,
        "var": 0.949583649635
    },
    "melbands_spread": {
        "dmean": 7.85561847687,
        "dmean2": 13.0077266693,
        "dvar": 65.9439697266,
        "dvar2": 171.710510254,
        "max": 117.828117371,
        "mean": 31.0978279114,
        "median": 30.2030849457,
        "min": 3.51235413551,
        "var": 184.969818115
    },
    "pitch_salience": {
        "dmean": 0.0628227367997,
        "dmean2": 0.105286106467,
        "dvar": 0.00343558075838,
        "dvar2": 0.00974128581583,
        "max": 0.836452126503,
        "mean": 0.555538773537,
        "median": 0.558974087238,
        "min": 0.264129787683,
        "var": 0.00692265527323
    },
    "silence_rate_20dB": {
        "dmean": 0,
        "dmean2": 0,
        "dvar": 0,
        "dvar2": 0,
        "max": 1,
        "mean": 1,
        "median": 1,
        "min": 1,
        "var": 0
    },
    "silence_rate_30dB": {
        "dmean": 0.0123839005828,
        "dmean2": 0.0247869864106,
        "dvar": 0.0122306169942,
        "dvar2": 0.0350167118013,
        "max": 1,
        "mean": 0.993039429188,
        "median": 1,
        "min": 0,
        "var": 0.00691216811538
    },
    "silence_rate_60dB": {
        "dmean": 0.00154798757285,
        "dmean2": 0.00309837330133,
        "dvar": 0.00154557975475,
        "dvar2": 0.00308882398531,
        "max": 1,
        "mean": 0.0680587813258,
        "median": 0,
        "min": 0,
        "var": 0.0634259209037
    },
    "spectral_centroid": {
        "dmean": 240.500610352,
        "dmean2": 371.565368652,
        "dvar": 91545.921875,
        "dvar2": 138164.125,
        "max": 10655.6503906,
        "mean": 2164.84741211,
        "median": 2213.83837891,
        "min": 449.602905273,
        "var": 286567.09375
    },
    "spectral_complexity": {
        "dmean": 3.85603713989,
        "dmean2": 6.26800918579,
        "dvar": 12.4700164795,
        "dvar2": 30.9816303253,
        "max": 65,
        "mean": 35.5158538818,
        "median": 39,
        "min": 0,
        "var": 217.887252808
    },
    "spectral_decrease": {
        "dmean": 2.25618523864e-09,
        "dmean2": 3.75097597427e-09,
        "dvar": 1.04532592447e-17,
        "dvar2": 2.86653518667e-17,
        "max": -1.49149299164e-28,
        "mean": -7.77684761033e-09,
        "median": -6.45257758336e-09,
        "min": -3.62813743493e-08,
        "var": 3.02891967447e-17
    },
    "spectral_energy": {
        "dmean": 0.0087679605931,
        "dmean2": 0.0145623618737,
        "dvar": 0.000166137964698,
        "dvar2": 0.000450183317298,
        "max": 0.139690309763,
        "mean": 0.0317834354937,
        "median": 0.0266224574298,
        "min": 1.11326118896e-20,
        "var": 0.000485983182443
    },
    "spectral_energyband_high": {
        "dmean": 0.000579264014959,
        "dmean2": 0.000951789028477,
        "dvar": 2.83495251097e-06,
        "dvar2": 7.47251397115e-06,
        "max": 0.023564176634,
        "mean": 0.00198261323385,
        "median": 0.00150233122986,
        "min": 7.60255804104e-21,
        "var": 4.66916071673e-06
    },
    "spectral_energyband_low": {
        "dmean": 0.00745065743104,
        "dmean2": 0.0126497000456,
        "dvar": 0.000120660894027,
        "dvar2": 0.00033521981095,
        "max": 0.130722403526,
        "mean": 0.0173510052264,
        "median": 0.0118765225634,
        "min": 4.13619083922e-23,
        "var": 0.00029895309126
    },
    "spectral_energyband_middle_high": {
        "dmean": 0.00123964424711,
        "dmean2": 0.00206523574889,
        "dvar": 2.61114860223e-06,
        "dvar2": 6.0332722569e-06,
        "max": 0.025358883664,
        "mean": 0.00570656685159,
        "median": 0.00558623764664,
        "min": 2.15621691301e-21,
        "var": 1.05523304228e-05
    },
    "spectral_energyband_middle_low": {
        "dmean": 0.00311474245973,
        "dmean2": 0.00481483107433,
        "dvar": 1.63932545547e-05,
        "dvar2": 4.5415963541e-05,
        "max": 0.0510581433773,
        "mean": 0.00881827063859,
        "median": 0.00744065176696,
        "min": 3.48174476406e-22,
        "var": 4.25623074989e-05
    },
    "spectral_entropy": {
        "dmean": 0.0617754720151,
        "dmean2": 0.0964201763272,
        "dvar": 0.00587162328884,
        "dvar2": 0.0103383418173,
        "max": 9.79994106293,
        "mean": 7.89887571335,
        "median": 7.90677595139,
        "min": 7.15835475922,
        "var": 0.020538309589
    },
    "spectral_flux": {
        "dmean": 0.0154307484627,
        "dmean2": 0.0248571410775,
        "dvar": 0.000397822121158,
        "dvar2": 0.000884672102984,
        "max": 0.280014514923,
        "mean": 0.0854405388236,
        "median": 0.078985735774,
        "min": 1.05511190063e-10,
        "var": 0.00180176226422
    },
    "spectral_kurtosis": {
        "dmean": 0.995702624321,
        "dmean2": 1.7513846159,
        "dvar": 0.807406663895,
        "dvar2": 2.43788909912,
        "max": 9.49764251709,
        "mean": 1.40278589725,
        "median": 1.19584465027,
        "min": -1.16992044449,
        "var": 1.09414803982
    },
    "spectral_rms": {
        "dmean": 0.000678018492181,
        "dmean2": 0.00110739422962,
        "dvar": 6.4730829763e-07,
        "dvar2": 1.69312227172e-06,
        "max": 0.0116740409285,
        "mean": 0.00519640045241,
        "median": 0.00509638385847,
        "min": 3.29561595028e-12,
        "var": 4.00562430514e-06
    },
    "spectral_rolloff": {
        "dmean": 596.279907227,
        "dmean2": 983.805664062,
        "dvar": 558792.875,
        "dvar2": 1136533.5,
        "max": 18712.3535156,
        "mean": 2052.22998047,
        "median": 2088.72070312,
        "min": 107.666015625,
        "var": 1359278.625
    },
    "spectral_skewness": {
        "dmean": 0.149029716849,
        "dmean2": 0.25198969245,
        "dvar": 0.0176674872637,
        "dvar2": 0.0467790290713,
        "max": 2.61148500443,
        "mean": 0.629841983318,
        "median": 0.595298111439,
        "min": 0.0505985952914,
        "var": 0.041079364717
    },
    "spectral_spread": {
        "dmean": 237016.890625,
        "dmean2": 359872.3125,
        "dvar": 916895039488,
        "dvar2": 859218378752,
        "max": 39136820,
        "mean": 3662005.75,
        "median": 3592189,
        "min": 2819991.75,
        "var": 1.11710188339e+12
    },
    "spectral_strongpeak": {
        "dmean": 0.182133123279,
        "dmean2": 0.303513348103,
        "dvar": 0.0545664280653,
        "dvar2": 0.121512934566,
        "max": 2.62456727028,
        "mean": 0.392466396093,
        "median": 0.280298948288,
        "min": 0,
        "var": 0.134958848357
    },
    "zerocrossingrate": {
        "dmean": 0.00774825224653,
        "dmean2": 0.00985753256828,
        "dvar": 0.000154931694851,
        "dvar2": 0.00015794247156,
        "max": 0.4833984375,
        "mean": 0.0709397494793,
        "median": 0.07177734375,
        "min": 0.009765625,
        "var": 0.000537933083251
    },
    "barkbands": {
        "dmean": [0.000408107502153, 0.00551161821932, 0.00299484445713, 0.00189656054135, 0.000934603391215, 0.00108386785723, 0.000266795454081, 0.00023558344401, 0.000491587212309, 0.000226036965614, 0.000307607639115, 0.000418099167291, 0.000284387380816, 0.000311338342726, 0.00021526904311, 0.000281725049717, 0.000283692555968, 0.000206355762202, 0.000297788792523, 0.000297841907013, 0.000282838504063, 0.00017786186072, 9.30728856474e-05, 6.22542283963e-05, 9.1622259788e-06, 9.50280298895e-09, 5.31202237752e-09],
        "dmean2": [0.000689030159265, 0.00947861373425, 0.00500406417996, 0.00309254927561, 0.00148783787154, 0.00152433884796, 0.000448004575446, 0.00038648879854, 0.000777736713644, 0.000361599348253, 0.000504697556607, 0.000699535710737, 0.000491613405757, 0.000539023021702, 0.000373310089344, 0.000490752514452, 0.000491742393933, 0.000344542146195, 0.000512803788297, 0.000525216106325, 0.000479523674585, 0.000299562234432, 0.00015422674187, 0.00010190851026, 1.5706047634e-05, 1.65092739479e-08, 1.01205959169e-08],
        "dvar": [8.78648222624e-07, 8.71732772794e-05, 2.26967658818e-05, 7.04155127096e-06, 3.4991778648e-06, 2.90185630547e-06, 3.47976737203e-07, 1.64131080282e-07, 3.36493371833e-07, 1.25722777966e-07, 1.36810598406e-07, 2.61387299361e-07, 1.99730394002e-07, 1.28689364942e-07, 8.13344840367e-08, 2.45513064101e-07, 1.31426347139e-07, 1.20715611729e-07, 1.44792622336e-07, 2.60336321389e-07, 3.68381023463e-07, 3.31043310098e-07, 6.60521877194e-08, 3.10506713674e-08, 5.26003463008e-10, 1.14667424048e-15, 1.23814734015e-15],
        "dvar2": [2.53018561125e-06, 0.000270180957159, 6.1905993789e-05, 1.92739298654e-05, 9.10368089535e-06, 6.24686754236e-06, 9.62475496635e-07, 4.58358783817e-07, 8.0439639305e-07, 3.16031361081e-07, 3.41386510172e-07, 6.61198612306e-07, 4.94346863888e-07, 3.72484521449e-07, 2.32398207345e-07, 7.08301854502e-07, 3.62737921478e-07, 3.10552650262e-07, 3.8672206415e-07, 7.33746105652e-07, 1.00479746834e-06, 8.96227447811e-07, 1.6004742065e-07, 8.03550150863e-08, 1.48367718111e-09, 3.28201147798e-15, 3.54754169562e-15],
        "max": [0.0100478399545, 0.0830016210675, 0.0704535990953, 0.0329053811729, 0.0283022802323, 0.027501270175, 0.00862408429384, 0.00549050979316, 0.00630086660385, 0.00451417407021, 0.00359046668746, 0.00481388205662, 0.00870506465435, 0.00387997878715, 0.00344120990485, 0.00967447459698, 0.00525701139122, 0.0050296173431, 0.00504778185859, 0.00669573526829, 0.00961630046368, 0.00926351547241, 0.00348362606019, 0.00232817279175, 0.000322269712342, 5.26589587935e-07, 6.55179235309e-07],
        "mean": [0.000599126506131, 0.00971906259656, 0.00501145329326, 0.00339526566677, 0.0017847022973, 0.00207191263326, 0.000384223181754, 0.000353242707206, 0.000753627042286, 0.000350172340404, 0.000442192715127, 0.000599278253503, 0.000449471845059, 0.000561903289054, 0.000408411258832, 0.000582649663556, 0.000635627831798, 0.000494373438414, 0.000817496620584, 0.000810374040157, 0.000771392777096, 0.000401694007451, 0.000222319431487, 0.000149162966409, 1.42647431858e-05, 1.16164402542e-08, 3.50156259543e-09],
        "median": [0.000118943782581, 0.00629850616679, 0.00280297431163, 0.00188004923984, 0.00118588341866, 0.00103353522718, 0.000224920164328, 0.000197129818844, 0.000534739170689, 0.000213449500734, 0.000285114627331, 0.000421550066676, 0.000322853535181, 0.000462231284473, 0.00032730208477, 0.000494433392305, 0.000561744673178, 0.000401568395318, 0.000731408596039, 0.00071254192153, 0.000652546528727, 0.000227751079365, 0.000117615127238, 8.86907509994e-05, 8.47339924803e-06, 5.89150817021e-09, 4.38173775041e-10],
        "min": [9.77041623123e-24, 1.90929645721e-23, 4.85415184507e-24, 3.91884325153e-23, 4.14903286367e-23, 6.68789585906e-23, 9.54655486127e-23, 4.00804070071e-23, 5.56694155214e-23, 6.00668417514e-23, 1.4304660919e-22, 3.7680184107e-23, 1.92824868269e-22, 1.22984513218e-22, 1.76101509327e-22, 1.89128329176e-22, 1.72887412321e-22, 2.7107441746e-22, 5.63194028285e-22, 3.35711483845e-22, 4.63673154017e-22, 7.22103734132e-22, 5.72511876592e-22, 9.81888832598e-22, 1.12727572073e-21, 1.62656010073e-21, 2.188683954e-21],
        "var": [1.30953458211e-06, 0.000125496662804, 4.66585734102e-05, 1.86282832146e-05, 5.33138381797e-06, 9.53372546064e-06, 3.2434124364e-07, 2.22944549932e-07, 5.66958931358e-07, 1.9126019879e-07, 2.28080423881e-07, 3.55605266122e-07, 2.64728413413e-07, 2.15795964209e-07, 1.33097145749e-07, 2.93951103458e-07, 2.32149190538e-07, 2.08976103977e-07, 3.86093859106e-07, 4.45753983058e-07, 5.21955428212e-07, 4.20191753392e-07, 1.26335450545e-07, 5.08901116802e-08, 6.32628061048e-10, 8.48972970341e-16, 7.14606281033e-16]
    },
    "erbbands": {
        "dmean": [0.198029339314, 1.16236829758, 2.95543837547, 5.61534404755, 3.89483332634, 3.18252754211, 5.31770992279, 10.6345367432, 4.06651592255, 5.68376779556, 5.92024898529, 9.97256183624, 8.11649990082, 9.14081668854, 12.2737569809, 13.8891267776, 13.2237358093, 13.6957101822, 11.5776853561, 11.8633651733, 14.3501310349, 16.0729236603, 11.256562233, 13.2287578583, 15.1328687668, 13.8493175507, 11.5297861099, 11.4496078491, 6.43298768997, 4.41833496094, 2.65730571747, 1.69142198563, 0.785315573215, 0.1881506145, 0.00599236926064, 0.00031497181044, 3.61277234333e-05, 8.84986002347e-06, 5.78405206397e-06, 1.01851910586e-05],
        "dmean2": [0.346412986517, 1.990858078, 4.97095823288, 9.34610366821, 6.26436090469, 5.19194126129, 7.89186620712, 14.9058885574, 6.11109972, 9.27367210388, 9.37744903564, 15.85115242, 13.0738544464, 14.6121435165, 20.3866672516, 23.3789691925, 22.7934989929, 23.3873882294, 20.1848392487, 20.413974762, 24.5714797974, 27.9951763153, 18.9897136688, 23.0774517059, 25.9247646332, 24.3188114166, 19.1750507355, 19.5523891449, 10.8716125488, 7.49777173996, 4.42354488373, 2.79757738113, 1.28770053387, 0.316487669945, 0.0102557083592, 0.000533020182047, 6.02950312896e-05, 1.48513809108e-05, 9.69025586528e-06, 1.69548548001e-05],
        "dvar": [0.182863637805, 2.98869395256, 21.7428627014, 64.7390136719, 38.3917922974, 41.468711853, 93.6947174072, 347.643493652, 63.4974250793, 128.128341675, 82.3653945923, 172.462173462, 104.320236206, 151.191390991, 183.570022583, 341.193206787, 457.906555176, 250.314361572, 195.776626587, 256.700164795, 683.97052002, 429.836730957, 349.216796875, 402.54119873, 495.684356689, 595.470825195, 512.506835938, 694.773071289, 492.517028809, 148.924407959, 43.2489051819, 23.9248142242, 4.82359647751, 0.230377972126, 0.000383963400964, 1.06296545255e-06, 1.66107358979e-08, 1.35380018307e-09, 2.06200376218e-10, 2.79743589404e-10],
        "dvar2": [0.569627404213, 9.00210094452, 59.2504043579, 182.949005127, 109.442123413, 106.963668823, 178.938720703, 750.699645996, 156.647155762, 367.010253906, 195.058074951, 409.399414062, 269.268096924, 391.108764648, 459.285186768, 849.620544434, 1114.47888184, 693.530334473, 576.989562988, 703.590454102, 1974.0065918, 1204.0423584, 873.392028809, 1119.02319336, 1353.04638672, 1678.42211914, 1419.2800293, 1888.11401367, 1347.44372559, 379.320617676, 106.561080933, 62.4440345764, 12.1095161438, 0.631959438324, 0.00107626500539, 2.9368397918e-06, 4.54973658748e-08, 3.76394604373e-09, 5.44072009667e-10, 7.354256093e-10],
        "max": [3.75092148781, 19.0874881744, 50.4907112122, 102.564987183, 74.9885940552, 107.489433289, 189.054367065, 321.482208252, 155.866760254, 132.764190674, 114.611091614, 173.651977539, 104.221443176, 116.662666321, 136.429122925, 233.46295166, 429.442901611, 189.586593628, 146.966003418, 221.163864136, 517.67010498, 249.063644409, 263.698913574, 306.47555542, 263.993164062, 399.265869141, 373.389007568, 436.471313477, 372.394836426, 165.995315552, 92.2706222534, 65.3725585938, 30.7962837219, 6.11240673065, 0.346066772938, 0.016698082909, 0.00190315116197, 0.000561114051379, 0.000199000962311, 0.000185404584045],
        "mean": [0.296043753624, 2.05884742737, 5.38226890564, 10.038433075, 7.2915096283, 5.38869714737, 10.0961818695, 20.1153182983, 7.5317492485, 8.2040348053, 9.65564537048, 15.4041748047, 13.1333627701, 15.0964708328, 19.9244937897, 21.8215847015, 21.9725799561, 25.9820327759, 23.5529270172, 26.0119628906, 31.7586364746, 37.4197807312, 28.5131778717, 36.2454452515, 40.3953208923, 38.1330833435, 32.7696495056, 27.9457321167, 14.4852237701, 9.90570545197, 6.295566082, 3.98179960251, 1.87887430191, 0.372664451599, 0.0111247794703, 0.000674498500302, 9.67650412349e-05, 2.42494697886e-05, 2.32729416894e-05, 4.01579854952e-05],
        "median": [0.0959248393774, 1.56845903397, 3.72777462006, 5.66243648529, 4.67657423019, 3.15763497353, 5.54472303391, 8.23981761932, 4.20815896988, 4.77859258652, 5.98269176483, 10.4624567032, 9.81133079529, 9.96930599213, 15.5373334885, 16.172334671, 16.0440502167, 21.4437122345, 19.4310417175, 21.7653636932, 27.8270187378, 33.4151725769, 23.8652992249, 32.2614593506, 35.4755401611, 33.1023521423, 28.2220611572, 22.6710548401, 8.37321090698, 4.9368314743, 3.52723479271, 2.30289912224, 1.09357976913, 0.227595642209, 0.00645395508036, 0.000404255726608, 6.32736991975e-05, 1.59352985065e-05, 1.85008011613e-05, 3.33401731041e-05],
        "min": [4.13660559073e-22, 4.6144936901e-21, 8.54615543909e-21, 6.75438271213e-20, 9.80347837122e-20, 1.18758152523e-19, 3.97819926952e-19, 7.07872527094e-19, 5.69558209303e-19, 1.64659679089e-18, 1.24619132999e-18, 1.27359447951e-18, 1.59968479341e-18, 4.54544638789e-18, 3.67675412989e-18, 2.01291258778e-18, 8.99544523209e-18, 7.31106065947e-18, 9.16432159877e-18, 8.08858148395e-18, 1.07778482258e-17, 1.03112273704e-17, 1.15213727542e-17, 1.68494920611e-17, 3.50905666102e-17, 1.64204119706e-17, 1.63106169792e-17, 2.10594410235e-17, 2.72005936729e-17, 1.64098852702e-17, 1.79536722997e-17, 1.28110573442e-17, 1.97052735689e-17, 1.16518340261e-17, 9.09493768898e-18, 5.39422179111e-18, 3.29571896419e-18, 1.04447599639e-18, 3.30555124654e-19, 3.40516653976e-20],
        "var": [0.246970951557, 4.40700054169, 36.0808258057, 151.311843872, 75.6266174316, 55.3207130432, 284.589141846, 1126.66687012, 137.351196289, 133.584655762, 139.636871338, 285.305664062, 160.476119995, 254.978820801, 290.646728516, 445.160186768, 609.788391113, 444.258544922, 355.542541504, 461.286651611, 838.018249512, 769.79309082, 639.258972168, 810.993591309, 1068.67382812, 1010.20855713, 814.153686523, 873.696228027, 570.377685547, 259.531768799, 87.5576095581, 37.5772628784, 8.37100601196, 0.328614592552, 0.000417003815528, 1.27691123453e-06, 2.02154453177e-08, 1.39660238929e-09, 3.68475916446e-10, 7.74837971562e-10]
    },
    "gfcc": {
        "mean": [1.43303072453, 118.442115784, -158.694839478, 87.5919952393, -65.1767349243, 24.1465549469, -22.1046485901, -5.63502597809, -5.60026884079, -18.1391429901, 7.41559505463, -20.2564945221, 7.28477239609],
        "cov": [[7991.57568359, -276.565185547, -206.369491577, 365.753936768, -295.431976318, 145.341567993, -130.141876221, 54.3006896973, 87.8455429077, -2.66058182716, -36.8370780945, -120.229476929, -126.464492798], [-276.565185547, 253.734909058, 20.4437160492, -58.9657745361, 55.5778884888, -21.7641487122, 54.4067802429, -18.1017551422, 3.41393280029, -31.0034008026, 23.2677364349, -9.02926635742, 28.9761791229], [-206.369491577, 20.4437160492, 136.800628662, 7.20953321457, 33.0091094971, 21.1916351318, 11.1301612854, 7.00223827362, 3.05970668793, -10.9004430771, -3.7798576355, 3.67511844635, 0.465238302946], [365.753936768, -58.9657745361, 7.20953321457, 89.4516983032, 9.99742698669, 17.4873924255, -8.8835773468, -1.78276383877, 11.1505203247, 4.4712562561, -3.08523106575, -3.06832528114, -11.4052667618], [-295.431976318, 55.5778884888, 33.0091094971, 9.99742698669, 90.9911575317, 27.9439792633, 43.4580955505, -0.54274648428, 6.12182188034, -4.52533483505, 11.6506919861, -1.16786909103, 8.5043592453], [145.341567993, -21.7641487122, 21.1916351318, 17.4873924255, 27.9439792633, 75.7558898926, 34.8623008728, 19.8063545227, 0.0660149231553, -11.797326088, -8.31820106506, -7.86573696136, -7.35827589035], [-130.141876221, 54.4067802429, 11.1301612854, -8.8835773468, 43.4580955505, 34.8623008728, 93.1551361084, 33.2320289612, 16.8896846771, -18.8748703003, -6.89645242691, -10.011920929, -1.50901675224], [54.3006896973, -18.1017551422, 7.00223827362, -1.78276383877, -0.54274648428, 19.8063545227, 33.2320289612, 56.3704948425, 23.4790363312, 3.12415075302, -13.6348848343, -12.9687595367, -5.62352323532], [87.8455429077, 3.41393280029, 3.05970668793, 11.1505203247, 6.12182188034, 0.0660149231553, 16.8896846771, 23.4790363312, 48.3519554138, 17.7391452789, 1.59125268459, -4.70127105713, -4.68138837814], [-2.66058182716, -31.0034008026, -10.9004430771, 4.4712562561, -4.52533483505, -11.797326088, -18.8748703003, 3.12415075302, 17.7391452789, 46.2850456238, 22.6741218567, 9.89454936981, 2.50974655151], [-36.8370780945, 23.2677364349, -3.7798576355, -3.08523106575, 11.6506919861, -8.31820106506, -6.89645242691, -13.6348848343, 1.59125268459, 22.6741218567, 46.0638923645, 28.0547275543, 16.4925632477], [-120.229476929, -9.02926635742, 3.67511844635, -3.06832528114, -1.16786909103, -7.86573696136, -10.011920929, -12.9687595367, -4.70127105713, 9.89454936981, 28.0547275543, 45.1632881165, 27.226568222], [-126.464492798, 28.9761791229, 0.465238302946, -11.4052667618, 8.5043592453, -7.35827589035, -1.50901675224, -5.62352323532, -4.68138837814, 2.50974655151, 16.4925632477, 27.226568222, 44.0024604797]],
        "icov": [[0.000273684476269, -0.000265860930085, 0.000306861446006, -0.00122281734366, 0.00143122242298, -0.00101268233266, 0.000402629666496, -0.000125416743685, -0.000581048894674, 0.000629596936051, -0.0011077770032, 0.00105754123069, -0.000143597309943], [-0.000265860930085, 0.0158529635519, -0.00300881965086, 0.00867632124573, -0.00363499857485, 0.00751372659579, -0.00739570753649, 0.00903700850904, -0.00823612324893, 0.0160183738917, -0.0200085621327, 0.02191609703, -0.013913538307], [0.000306861446006, -0.00300881965086, 0.00972280371934, -0.00216865143739, -0.00263895466924, -0.0034878696315, 0.00474994676188, -0.00414862856269, -0.000528143486008, 0.000995734939352, 0.00419834069908, -0.00711530027911, 0.00447388133034], [-0.00122281734366, 0.00867632124573, -0.00216865143739, 0.0230974052101, -0.0104504153132, 0.00318764685653, -0.000412896508351, 0.00653591938317, -0.00716407457367, 0.00567046552896, -0.00264970050193, 0.00305426120758, -0.00182655861136], [0.00143122242298, -0.00363499857485, -0.00263895466924, -0.0104504153132, 0.0294441618025, -0.0102727031335, -0.00844411086291, 0.0070596341975, -0.00238019484095, -0.00182104820851, -0.0106722041965, 0.0127037586644, -0.00697938771918], [-0.00101268233266, 0.00751372659579, -0.0034878696315, 0.00318764685653, -0.0102727031335, 0.0268747229129, -0.00895147956908, -0.00298241758719, 0.00488650100306, 0.0056391004473, -0.00402867794037, 0.00375216198154, -0.00181731663179], [0.000402629666496, -0.00739570753649, 0.00474994676188, -0.000412896508351, -0.00844411086291, -0.00895147956908, 0.0303646642715, -0.0173389818519, -0.00500128837302, 0.00863833352923, 0.00377019657753, -0.0112344156951, 0.00934399850667], [-0.000125416743685, 0.00903700850904, -0.00414862856269, 0.00653591938317, 0.0070596341975, -0.00298241758719, -0.0173389818519, 0.0418167412281, -0.0156362913549, -0.00176731229294, -0.00194908713456, 0.018454356119, -0.013937917538], [-0.000581048894674, -0.00823612324893, -0.000528143486008, -0.00716407457367, -0.00238019484095, 0.00488650100306, -0.00500128837302, -0.0156362913549, 0.0424427725375, -0.0265557710081, 0.015898488462, -0.0139361917973, 0.00970387179404], [0.000629596936051, 0.0160183738917, 0.000995734939352, 0.00567046552896, -0.00182104820851, 0.0056391004473, 0.00863833352923, -0.00176731229294, -0.0265557710081, 0.0659733712673, -0.0492736846209, 0.027622167021, -0.0111253699288], [-0.0011077770032, -0.0200085621327, 0.00419834069908, -0.00264970050193, -0.0106722041965, -0.00402867794037, 0.00377019657753, -0.00194908713456, 0.015898488462, -0.0492736846209, 0.0874221026897, -0.062738455832, 0.0210846830159], [0.00105754123069, 0.02191609703, -0.00711530027911, 0.00305426120758, 0.0127037586644, 0.00375216198154, -0.0112344156951, 0.018454356119, -0.0139361917973, 0.027622167021, -0.062738455832, 0.0945971757174, -0.0484555736184], [-0.000143597309943, -0.013913538307, 0.00447388133034, -0.00182655861136, -0.00697938771918, -0.00181731663179, 0.00934399850667, -0.013937917538, 0.00970387179404, -0.0111253699288, 0.0210846830159, -0.0484555736184, 0.0542851090431]]
    },
    "melbands": {
        "dmean": [0.00160807883367, 0.00140661373734, 0.000862456858158, 0.000211428865441, 0.000177527297637, 0.00022258941317, 6.44487590762e-05, 6.11116556684e-05, 5.62946479477e-05, 6.52088274364e-05, 4.1697127017e-05, 3.73813127226e-05, 4.14821079175e-05, 5.19848290423e-05, 3.03784017888e-05, 2.97805036098e-05, 2.67443429038e-05, 2.23095430556e-05, 1.74059405254e-05, 2.01914590434e-05, 1.75309851329e-05, 1.77880665433e-05, 1.55408033606e-05, 9.92171590042e-06, 1.22013088912e-05, 1.35339323606e-05, 1.17596400742e-05, 1.00293864307e-05, 7.81161270424e-06, 7.9335841292e-06, 6.89704484103e-06, 4.07812149206e-06, 3.31551154886e-06, 2.30112027566e-06, 1.63036327194e-06, 1.35137645429e-06, 1.12559212084e-06, 6.83071789354e-07, 4.04987957836e-07, 8.80457236008e-08],
        "dmean2": [0.00279470067471, 0.00234999367967, 0.00142678327393, 0.000344950938597, 0.000265531067271, 0.000312138756271, 9.76073133643e-05, 9.9603596027e-05, 8.87096757651e-05, 0.000103341386421, 6.68543361826e-05, 5.98011865804e-05, 6.84276237735e-05, 8.72101591085e-05, 5.23775051988e-05, 5.08166813233e-05, 4.55205808976e-05, 3.87980653613e-05, 3.01705094898e-05, 3.49391848431e-05, 2.98145751003e-05, 3.08174348902e-05, 2.69534339168e-05, 1.66540758073e-05, 2.14010360651e-05, 2.3130178306e-05, 2.05203450605e-05, 1.75893601408e-05, 1.31178867377e-05, 1.34515685204e-05, 1.16936726045e-05, 6.86444809617e-06, 5.60090029467e-06, 3.8939492697e-06, 2.69833640232e-06, 2.31790340877e-06, 1.86321051387e-06, 1.12594204893e-06, 6.73231454584e-07, 1.5069721826e-07],
        "dvar": [9.59893804975e-06, 4.1232615331e-06, 1.40363465562e-06, 1.87129899132e-07, 9.53854026875e-08, 1.41411675258e-07, 1.55978394645e-08, 1.31867450293e-08, 7.3942953982e-09, 6.48469589137e-09, 2.80914713713e-09, 2.69186029023e-09, 2.34088881612e-09, 4.39935465835e-09, 2.3666664184e-09, 1.82915604885e-09, 9.7831021062e-10, 7.43224704003e-10, 5.53585288721e-10, 8.77956374268e-10, 9.41429156853e-10, 4.91900076227e-10, 5.1955278968e-10, 3.58702761938e-10, 3.17000869998e-10, 2.68958189054e-10, 4.3303235997e-10, 2.72070366236e-10, 2.37596831099e-10, 2.02699523832e-10, 2.41376474364e-10, 1.72622513506e-10, 1.10655193342e-10, 3.75391454033e-11, 1.44660854476e-11, 1.64835367578e-11, 9.00270136217e-12, 3.49245263785e-12, 9.31549433945e-13, 6.10248884845e-14],
        "dvar2": [3.01399886666e-05, 1.10217242764e-05, 3.94521339331e-06, 5.28519365162e-07, 1.82583832498e-07, 3.0315700883e-07, 3.92063448373e-08, 3.83651546088e-08, 1.66128319989e-08, 1.56992250311e-08, 7.23171167394e-09, 6.88085277645e-09, 5.73614400423e-09, 1.09704965112e-08, 5.88689541559e-09, 4.99979124768e-09, 2.72484590447e-09, 2.26018137539e-09, 1.55897150744e-09, 2.52889820196e-09, 2.71049560574e-09, 1.38347744372e-09, 1.41041134327e-09, 9.73326419462e-10, 8.95292562308e-10, 7.07506664366e-10, 1.24362053988e-09, 7.78468178808e-10, 6.71010469411e-10, 5.49777112724e-10, 6.53330889389e-10, 4.70243899375e-10, 3.02671193664e-10, 9.39767152985e-11, 3.44955140841e-11, 4.62883099905e-11, 2.34091721701e-11, 8.866750216e-12, 2.52460704252e-12, 1.72290052234e-13],
        "max": [0.0270868074149, 0.0215596780181, 0.014127288945, 0.00721296761185, 0.00635674782097, 0.00650317408144, 0.00244839675725, 0.00129269098397, 0.00120931339916, 0.000941996986512, 0.000595511752181, 0.000472496991279, 0.000509976816829, 0.000618550751824, 0.000804695882834, 0.000551120669115, 0.000405862054322, 0.000246995739872, 0.000275768601568, 0.000482365838252, 0.000589305476751, 0.00025336179533, 0.000445338722784, 0.000304013025016, 0.00028191311867, 0.000184006712516, 0.000273553887382, 0.000257431820501, 0.000254859245615, 0.000230421224842, 0.000228555029025, 0.000205210599233, 0.000180727918632, 7.10223102942e-05, 4.79792361148e-05, 6.2515042373e-05, 4.01855977543e-05, 2.52371282841e-05, 1.37008219099e-05, 4.11564542446e-06],
        "mean": [0.00262016383931, 0.00292058684863, 0.00169568858109, 0.000390779896406, 0.000345238950104, 0.000423899764428, 0.000116140552564, 8.74937177286e-05, 8.66211848916e-05, 9.95674272417e-05, 6.47972119623e-05, 5.97726502747e-05, 6.45264881314e-05, 7.16495269444e-05, 4.75303277199e-05, 4.80199596495e-05, 4.81092647533e-05, 3.96320647269e-05, 3.18897291436e-05, 3.96203467972e-05, 3.51652452082e-05, 3.80283745471e-05, 3.28639325744e-05, 2.18823097384e-05, 2.98434497381e-05, 3.25844994222e-05, 2.67696304945e-05, 2.50035864156e-05, 1.98628149519e-05, 1.97741046577e-05, 1.49002662511e-05, 8.27353233035e-06, 6.71079487802e-06, 4.83418625663e-06, 3.63031062989e-06, 2.93845710075e-06, 2.29937450058e-06, 1.44136618019e-06, 8.34067975575e-07, 1.18541194638e-07],
        "median": [0.0013568168506, 0.00232564634643, 0.00104033469688, 0.000261093344307, 0.000200105976546, 0.000184724893188, 6.68386928737e-05, 5.09534438606e-05, 5.32932936039e-05, 6.97500581737e-05, 4.67003883386e-05, 3.74764022126e-05, 4.64264958282e-05, 4.80141170556e-05, 3.18080419675e-05, 3.58532379323e-05, 3.94161688746e-05, 3.17090380122e-05, 2.45711507887e-05, 3.26792796841e-05, 2.96018661174e-05, 3.34763280989e-05, 2.79716732621e-05, 1.7004831534e-05, 2.6256282581e-05, 2.83008757833e-05, 2.22472954192e-05, 2.17363685806e-05, 1.67697889992e-05, 1.67976231751e-05, 1.15118164103e-05, 4.69897895528e-06, 3.40702513313e-06, 2.30616751651e-06, 2.00461340683e-06, 1.5890591385e-06, 1.35191987738e-06, 7.87095984833e-07, 5.1441048754e-07, 6.20988700462e-08],
        "min": [4.63063678504e-24, 4.94999962834e-24, 1.37325332366e-23, 5.8399392535e-24, 1.27187404771e-23, 1.39176946682e-23, 1.32163302703e-23, 1.51496335004e-23, 9.77264555215e-24, 8.45482895529e-24, 8.16550790741e-24, 1.76797470817e-23, 1.62394006647e-23, 4.73583138676e-24, 1.23053749962e-23, 1.83231735904e-23, 1.24185962576e-23, 1.45345160541e-23, 1.12629710406e-23, 1.0831103616e-23, 1.28393028782e-23, 1.06053119034e-23, 1.11480024523e-23, 1.05066403926e-23, 1.1663306906e-23, 3.00402524111e-23, 1.88921426738e-23, 8.28431824835e-24, 9.17610656904e-24, 1.116914708e-23, 1.2681956682e-23, 1.73421067257e-23, 1.10521787293e-23, 8.67046645031e-24, 1.05375006312e-23, 7.96388768181e-24, 8.01822047666e-24, 1.28691715186e-23, 1.4644456443e-23, 8.27280245685e-24],
        "var": [1.29726331579e-05, 7.77454715717e-06, 3.63683875548e-06, 2.28597244245e-07, 2.90648472401e-07, 4.67153085992e-07, 3.15763486469e-08, 1.38758462498e-08, 1.28286234968e-08, 1.06349293816e-08, 4.31935331946e-09, 4.49011006154e-09, 3.92700805207e-09, 5.71377034575e-09, 3.32186189667e-09, 2.42278686002e-09, 1.678481798e-09, 1.16794907079e-09, 8.85738815626e-10, 1.23977039745e-09, 1.12389808571e-09, 8.37299674039e-10, 7.73950070698e-10, 5.03734443047e-10, 5.7780946694e-10, 6.58248122676e-10, 6.13696649054e-10, 4.44077719042e-10, 3.2733188382e-10, 3.17560894247e-10, 2.94201496498e-10, 1.98385710637e-10, 1.33380764766e-10, 6.79831607675e-11, 3.03384574407e-11, 2.2756014087e-11, 1.26406324644e-11, 5.60425317264e-12, 1.41555029417e-12, 6.19559742052e-14]
    },
    "mfcc": {
        "mean": [-603.66607666, 97.7832717896, -9.66910266876, 45.8514442444, 1.94313526154, 20.1406860352, 5.99950170517, 9.22904491425, -0.403091132641, 6.98829841614, -6.47295761108, 7.04482650757, -4.84138727188],
        "cov": [[6646.76464844, -273.337402344, -4.37469625473, 204.387313843, -122.278465271, 107.432044983, -187.823486328, 78.0034484863, -69.6152648926, 156.387908936, 40.8728027344, 21.5258541107, -47.2998161316], [-273.337402344, 325.65411377, -23.1802635193, -1.66360521317, -5.68373823166, 2.48087787628, 46.3415756226, 16.9589653015, 14.5964317322, -11.880739212, -20.0622406006, 17.9490432739, 1.44647622108], [-4.37469625473, -23.1802635193, 99.7828674316, -3.99677753448, 18.197429657, 0.787774085999, -3.87823057175, 11.5704689026, 1.75549089909, -2.90233826637, 4.68157720566, -13.7054738998, 3.35211205482], [204.387313843, -1.66360521317, -3.99677753448, 71.989440918, 13.8423051834, 15.7229270935, -12.5905866623, -1.83052122593, -7.97199249268, 7.71867895126, -0.572239995003, 7.05342674255, -2.46300578117], [-122.278465271, -5.68373823166, 18.197429657, 13.8423051834, 60.6523933411, 20.9748668671, 9.81791782379, -8.77338123322, -3.14453983307, -5.24256038666, 4.65641212463, -0.945368051529, 4.75877857208], [107.432044983, 2.48087787628, 0.787774085999, 15.7229270935, 20.9748668671, 61.2217979431, 21.4523544312, 22.6190128326, -4.57110929489, 6.32678174973, -1.77128827572, 3.16599178314, -2.06140995026], [-187.823486328, 46.3415756226, -3.87823057175, -12.5905866623, 9.81791782379, 21.4523544312, 70.177406311, 32.0888900757, 19.9603290558, -2.53283643723, -0.855614840984, 2.08126330376, 3.8247282505], [78.0034484863, 16.9589653015, 11.5704689026, -1.83052122593, -8.77338123322, 22.6190128326, 32.0888900757, 72.8022689819, 30.5233821869, 19.7273082733, -0.791417837143, 0.00702795945108, -5.76602172852], [-69.6152648926, 14.5964317322, 1.75549089909, -7.97199249268, -3.14453983307, -4.57110929489, 19.9603290558, 30.5233821869, 55.0528373718, 25.2228660583, 11.4353132248, -1.6861230135, -2.10400152206], [156.387908936, -11.880739212, -2.90233826637, 7.71867895126, -5.24256038666, 6.32678174973, -2.53283643723, 19.7273082733, 25.2228660583, 49.6257667542, 20.318819046, 5.96282434464, -9.2893705368], [40.8728027344, -20.0622406006, 4.68157720566, -0.572239995003, 4.65641212463, -1.77128827572, -0.855614840984, -0.791417837143, 11.4353132248, 20.318819046, 42.1201248169, 12.278632164, 2.47591471672], [21.5258541107, 17.9490432739, -13.7054738998, 7.05342674255, -0.945368051529, 3.16599178314, 2.08126330376, 0.00702795945108, -1.6861230135, 5.96282434464, 12.278632164, 38.437171936, 12.7341194153], [-47.2998161316, 1.44647622108, 3.35211205482, -2.46300578117, 4.75877857208, -2.06140995026, 3.8247282505, -5.76602172852, -2.10400152206, -9.2893705368, 2.47591471672, 12.7341194153, 36.5977897644]],
