{
"lowlevel": {
    "average_loudness": 0.978803813457,
    "barkbands_crest": {
        "dmean": 3.02780842781,
        "dmean2": 5.10914754868,
        "dvar": 7.82070159912,
        "dvar2": 19.6692962646,
        "max": 24.8401546478,
        "mean": 13.7356243134,
        "median": 13.1836738586,
        "min": 5.61123085022,
        "var": 16.315536499
    },
    "barkbands_flatness_db": {
        "dmean": 0.0350462459028,
        "dmean2": 0.0569452606142,
        "dvar": 0.00133149838075,
        "dvar2": 0.00319701782428,
        "max": 0.599109530449,
        "mean": 0.329204022884,
        "median": 0.313698649406,
        "min": 0.100867345929,
        "var": 0.00538226868957
    },
    "barkbands_kurtosis": {
        "dmean": 6.45507574081,
        "dmean2": 9.87827396393,
        "dvar": 157.033218384,
        "dvar2": 334.02432251,
        "max": 186.978393555,
        "mean": 10.9996328354,
        "median": 5.58339500427,
        "min": -1.5255355835,
        "var": 320.537750244
    },
    "barkbands_skewness": {
        "dmean": 0.702818572521,
        "dmean2": 1.08825433254,
        "dvar": 0.663118064404,
        "dvar2": 1.45613515377,
        "max": 10.860455513,
        "mean": 2.22034096718,
        "median": 1.96231901646,
        "min": -0.504347741604,
        "var": 2.16003394127
    },
    "barkbands_spread": {
        "dmean": 1.86840939522,
        "dmean2": 2.9607527256,
        "dvar": 7.61673498154,
        "dvar2": 17.5847949982,
        "max": 38.8946304321,
        "mean": 6.85002565384,
        "median": 6.24464988708,
        "min": 0.232049912214,
        "var": 21.5560531616
    },
    "dissonance": {
        "dmean": 0.0393208302557,
        "dmean2": 0.0653530806303,
        "dvar": 0.0011907586595,
        "dvar2": 0.00315970461816,
        "max": 0.494447588921,
        "mean": 0.394593834877,
        "median": 0.399712324142,
        "min": 0.182602792978,
        "var": 0.00258258846588
    },
    "dynamic_complexity": 1.71576833725,
    "erbbands_crest": {
        "dmean": 2.21715712547,
        "dmean2": 3.54353928566,
        "dvar": 4.54425954819,
        "dvar2": 10.6969738007,
        "max": 31.0857181549,
        "mean": 13.6304979324,
        "median": 12.5621299744,
        "min": 3.34722614288,
        "var": 28.9488830566
    },
    "erbbands_flatness_db": {
        "dmean": 0.0198113117367,
        "dmean2": 0.028691323474,
        "dvar": 0.000502355687786,
        "dvar2": 0.00102543097455,
        "max": 0.419459372759,
        "mean": 0.260829418898,
        "median": 0.260277092457,
        "min": 0.0871933624148,
        "var": 0.00260355044156
    },
    "erbbands_kurtosis": {
        "dmean": 1.31492555141,
        "dmean2": 2.10650157928,
        "dvar": 3.76173567772,
        "dvar2": 9.32775115967,
        "max": 30.5508613586,
        "mean": 1.92120456696,
        "median": 0.914600849152,
        "min": -1.88215982914,
        "var": 10.2355337143
    },
    "erbbands_skewness": {
        "dmean": 0.342693179846,
        "dmean2": 0.547361552715,
        "dvar": 0.146714419127,
        "dvar2": 0.337945044041,
        "max": 4.49427700043,
        "mean": 0.53914809227,
        "median": 0.413649410009,
        "min": -1.70871782303,
        "var": 1.0643992424
    },
    "erbbands_spread": {
        "dmean": 5.41767024994,
        "dmean2": 8.2598733902,
        "dvar": 108.711021423,
        "dvar2": 189.400085449,
        "max": 154.271911621,
        "mean": 23.0412826538,
        "median": 19.485376358,
        "min": 4.25870370865,
        "var": 348.784942627
    },
    "hfc": {
        "dmean": 3.54157590866,
        "dmean2": 5.3993396759,
        "dvar": 16.7375526428,
        "dvar2": 39.0189666748,
        "max": 46.8814659119,
        "mean": 15.2772941589,
        "median": 14.5316162109,
        "min": 0.0339627452195,
        "var": 62.5846443176
    },
    "melbands_crest": {
        "dmean": 4.01618766785,
        "dmean2": 6.79738807678,
        "dvar": 13.2008008957,
        "dvar2": 36.0632095337,
        "max": 33.0068664551,
        "mean": 20.3741855621,
        "median": 19.9512805939,
        "min": 6.83598136902,
        "var": 28.9930038452
    },
    "melbands_flatness_db": {
        "dmean": 0.0397307612002,
        "dmean2": 0.0618058778346,
        "dvar": 0.00188394926954,
        "dvar2": 0.00428638095036,
        "max": 0.745936632156,
        "mean": 0.418572574854,
        "median": 0.400720506907,
        "min": 0.20112811029,
        "var": 0.00879982020706
    },
    "melbands_kurtosis": {
        "dmean": 11.9982757568,
        "dmean2": 18.7386837006,
        "dvar": 843.366760254,
        "dvar2": 2074.39868164,
        "max": 563.372619629,
        "mean": 21.8747787476,
        "median": 11.622467041,
        "min": -1.60209143162,
        "var": 1483.62536621
    },
    "melbands_skewness": {
        "dmean": 0.830435991287,
        "dmean2": 1.29699754715,
        "dvar": 1.13813328743,
        "dvar2": 2.53802132607,
        "max": 18.9641475677,
        "mean": 3.06793546677,
        "median": 2.74865365028,
        "min": -0.136831223965,
        "var": 3.57285666466
    },
    "melbands_spread": {
        "dmean": 1.99842441082,
        "dmean2": 3.16520261765,
        "dvar": 6.29597091675,
        "dvar2": 14.6976280212,
        "max": 28.747253418,
        "mean": 7.0847287178,
        "median": 5.8581366539,
        "min": 0.296951025724,
        "var": 28.2933712006
    },
    "pitch_salience": {
        "dmean": 0.0779559984803,
        "dmean2": 0.132517412305,
        "dvar": 0.00687621813267,
        "dvar2": 0.017886037007,
        "max": 0.87999099493,
        "mean": 0.428250133991,
        "median": 0.417516231537,
        "min": 0.165426000953,
        "var": 0.0106649035588
    },
    "silence_rate_20dB": {
        "dmean": 0,
        "dmean2": 0,
        "dvar": 0,
        "dvar2": 0,
        "max": 1,
        "mean": 1,
        "median": 1,
        "min": 1,
        "var": 0
    },
    "silence_rate_30dB": {
        "dmean": 0.170542642474,
        "dmean2": 0.340574085712,
        "dvar": 0.141456857324,
        "dvar2": 0.261824786663,
        "max": 1,
        "mean": 0.750580966473,
        "median": 1,
        "min": 0,
        "var": 0.187209039927
    },
    "silence_rate_60dB": {
        "dmean": 0,
        "dmean2": 0,
        "dvar": 0,
        "dvar2": 0,
        "max": 0,
        "mean": 0,
        "median": 0,
        "min": 0,
        "var": 0
    },
    "spectral_centroid": {
        "dmean": 81.0325393677,
        "dmean2": 124.886054993,
        "dvar": 15346.5830078,
        "dvar2": 31566.6191406,
        "max": 2132.42797852,
        "mean": 468.085540771,
        "median": 451.360565186,
        "min": 116.175056458,
        "var": 49854.4570312
    },
    "spectral_complexity": {
        "dmean": 1.5294573307,
        "dmean2": 2.49340581894,
        "dvar": 2.22897863388,
        "dvar2": 4.99478340149,
        "max": 20,
        "mean": 9.69016265869,
        "median": 10,
        "min": 0,
        "var": 13.2083721161
    },
    "spectral_decrease": {
        "dmean": 8.00538391132e-09,
        "dmean2": 1.27223787061e-08,
        "dvar": 1.07978224869e-16,
        "dvar2": 2.37805426384e-16,
        "max": -2.08914916616e-11,
        "mean": -2.07435739696e-08,
        "median": -1.77392163181e-08,
        "min": -7.43394252822e-08,
        "var": 1.81466260742e-16
    },
    "spectral_energy": {
        "dmean": 0.0304697342217,
        "dmean2": 0.0484120585024,
        "dvar": 0.00155845913105,
        "dvar2": 0.00343098770827,
        "max": 0.282472759485,
        "mean": 0.0796766579151,
        "median": 0.0683543756604,
        "min": 8.19297201815e-05,
        "var": 0.00262634083629
    },
    "spectral_energyband_high": {
        "dmean": 3.88351800211e-05,
        "dmean2": 5.54259277123e-05,
        "dvar": 2.31296226616e-08,
        "dvar2": 4.3330356192e-08,
        "max": 0.00284271826968,
        "mean": 5.81915373914e-05,
        "median": 1.44143259604e-05,
        "min": 8.13931819721e-08,
        "var": 4.48638566297e-08
    },
    "spectral_energyband_low": {
        "dmean": 0.0280918274075,
        "dmean2": 0.0450611300766,
        "dvar": 0.00152421183884,
        "dvar2": 0.00339878397062,
        "max": 0.279530227184,
        "mean": 0.0572412312031,
        "median": 0.0427821874619,
        "min": 3.09421884594e-05,
        "var": 0.00251149758697
    },
    "spectral_energyband_middle_high": {
        "dmean": 0.000796317588538,
        "dmean2": 0.00108436250594,
        "dvar": 1.36036896947e-06,
        "dvar2": 2.65290418611e-06,
        "max": 0.031092826277,
        "mean": 0.003660205286,
        "median": 0.00248969113454,
        "min": 7.67068013374e-06,
        "var": 1.69542854564e-05
    },
    "spectral_energyband_middle_low": {
        "dmean": 0.00827866699547,
        "dmean2": 0.0139478528872,
        "dvar": 0.000152090782649,
        "dvar2": 0.000377843243768,
        "max": 0.122749246657,
        "mean": 0.0254531502724,
        "median": 0.0193409342319,
        "min": 4.60753763036e-05,
        "var": 0.000351810187567
    },
    "spectral_entropy": {
        "dmean": 0.284499466419,
        "dmean2": 0.441135346889,
        "dvar": 0.110540792346,
        "dvar2": 0.25890058279,
        "max": 8.01248550415,
        "mean": 6.08715629578,
        "median": 6.11917591095,
        "min": 4.40411424637,
        "var": 0.345940113068
    },
    "spectral_flux": {
        "dmean": 0.0592371337116,
        "dmean2": 0.0929388478398,
        "dvar": 0.0038164393045,
        "dvar2": 0.0083011733368,
        "max": 0.411647260189,
        "mean": 0.121709443629,
        "median": 0.0915292128921,
        "min": 0.0145442634821,
        "var": 0.00691413786262
    },
    "spectral_kurtosis": {
        "dmean": 14.1922101974,
        "dmean2": 23.0790958405,
        "dvar": 313.9793396,
        "dvar2": 753.353393555,
        "max": 213.012451172,
        "mean": 26.5836315155,
        "median": 17.9968624115,
        "min": -0.989738225937,
        "var": 747.286010742
    },
    "spectral_rms": {
        "dmean": 0.00158032483887,
        "dmean2": 0.00248170248233,
        "dvar": 3.17228750646e-06,
        "dvar2": 6.53146844343e-06,
        "max": 0.0166006982327,
        "mean": 0.0083935149014,
        "median": 0.0081662228331,
        "min": 0.000282721477561,
        "var": 7.28230634195e-06
    },
    "spectral_rolloff": {
        "dmean": 92.1751403809,
        "dmean2": 159.819671631,
        "dvar": 23044.4863281,
        "dvar2": 47012.1953125,
        "max": 1744.18945312,
        "mean": 384.111755371,
        "median": 258.3984375,
        "min": 64.599609375,
        "var": 72302.765625
    },
    "spectral_skewness": {
        "dmean": 0.996903955936,
        "dmean2": 1.6193113327,
        "dvar": 1.11124360561,
        "dvar2": 2.70800638199,
        "max": 11.1211061478,
        "mean": 3.49946928024,
        "median": 3.12634015083,
        "min": -0.0079251062125,
        "var": 3.15540218353
    },
    "spectral_spread": {
        "dmean": 520599.0625,
        "dmean2": 774323.5625,
        "dvar": 471088398336,
        "dvar2": 682171629568,
        "max": 16472315,
        "mean": 2332431.75,
        "median": 2102915.25,
        "min": 409325.625,
        "var": 1.72004042342e+12
    },
    "spectral_strongpeak": {
        "dmean": 0.351627528667,
        "dmean2": 0.620164275169,
        "dvar": 0.304236114025,
        "dvar2": 0.850085735321,
        "max": 5.49942541122,
        "mean": 0.785543501377,
        "median": 0.599929630756,
        "min": 0,
        "var": 0.418044805527
    },
    "zerocrossingrate": {
        "dmean": 0.00318783312105,
        "dmean2": 0.00386723293923,
        "dvar": 1.71408282768e-05,
        "dvar2": 2.16535245272e-05,
        "max": 0.1005859375,
        "mean": 0.0157456528395,
        "median": 0.0146484375,
        "min": 0.00146484375,
        "var": 8.36873441585e-05
    },
    "barkbands": {
        "dmean": [0.00311676622368, 0.0242154225707, 0.00629704352468, 0.00403063371778, 0.00403153104708, 0.000665070780087, 0.000602536019869, 0.000681814621203, 0.000591271091253, 0.000529626267962, 0.00022718841501, 9.68207823462e-05, 0.000106302293716, 0.000125181031763, 9.6882780781e-05, 3.79962475563e-05, 3.06230904243e-05, 3.12669289997e-05, 9.57711927185e-06, 1.60899453476e-05, 8.65555830387e-06, 1.10248529381e-05, 5.91661455474e-06, 5.67249435335e-06, 3.18898992191e-06, 8.00718602534e-09, 7.36189020856e-09],
        "dmean2": [0.00483234552667, 0.0390665382147, 0.0112190032378, 0.00678076921031, 0.0069646644406, 0.00114272919018, 0.000972494599409, 0.000992456218228, 0.000870278978255, 0.000747573620174, 0.000329135742504, 0.000152022970724, 0.000168753875187, 0.000182185744052, 0.000123820849694, 5.30054931005e-05, 4.75034539704e-05, 4.74722364743e-05, 1.57297563419e-05, 2.5604827897e-05, 1.30750786411e-05, 1.73315947904e-05, 8.5880392362e-06, 8.1408998085e-06, 4.46244348495e-06, 1.28892132523e-08, 1.19787468833e-08],
        "dvar": [2.08535147976e-05, 0.00119897455443, 0.000149443381815, 5.43903879588e-05, 5.58055471629e-05, 1.22972789995e-06, 1.41193777381e-06, 1.73703767814e-06, 1.06280936052e-06, 9.59244857768e-07, 2.93483196856e-07, 1.41051700098e-07, 5.03558439391e-08, 5.58125776706e-08, 1.29043513653e-07, 1.24830386028e-08, 3.26286797581e-09, 5.27101828851e-09, 3.02950137199e-10, 1.0099917569e-09, 9.98479632308e-10, 4.90305929191e-09, 1.00698160921e-09, 6.53046616783e-10, 3.96110505507e-10, 1.47465047985e-14, 1.00539651406e-14],
        "dvar2": [4.99192610732e-05, 0.00284993601963, 0.000408557098126, 0.000127138526295, 0.000137691182317, 3.21960101246e-06, 3.33585330736e-06, 3.30666739501e-06, 2.20180936594e-06, 1.80233769242e-06, 4.89036324325e-07, 3.454950388e-07, 1.12162425125e-07, 1.10592523583e-07, 2.01922873089e-07, 2.03512815489e-08, 7.65418217696e-09, 1.25342651813e-08, 7.30624227785e-10, 2.26928897895e-09, 1.84544179938e-09, 1.11341167397e-08, 1.77933290324e-09, 1.15573728365e-09, 7.91748999696e-10, 3.67766764037e-14, 2.49930911606e-14],
        "max": [0.0539690032601, 0.246338188648, 0.111052751541, 0.0829085037112, 0.0978917181492, 0.0181176699698, 0.0214673485607, 0.0206352807581, 0.016918156296, 0.0297436192632, 0.0112860761583, 0.00954165123403, 0.00447206245735, 0.00360867055133, 0.00843462441117, 0.0030361993704, 0.000785972340964, 0.00114670710173, 0.00032448687125, 0.000749974744394, 0.000641508668195, 0.00143360113725, 0.000962366000749, 0.000646546832286, 0.000424649129855, 3.09080360239e-06, 2.54454380411e-06],
        "mean": [0.00611651455984, 0.034739676863, 0.0104533210397, 0.00974488817155, 0.00785539764911, 0.00110071396921, 0.00118161295541, 0.00185994326603, 0.00202933652326, 0.00254866853356, 0.000707373023033, 0.000192849751329, 0.000227752898354, 0.000386511965189, 0.000206830212846, 9.15005075512e-05, 7.37776426831e-05, 6.82048266754e-05, 1.58914717758e-05, 3.17053963954e-05, 1.01658761196e-05, 1.30103180709e-05, 8.86879661266e-06, 8.24998369353e-06, 4.02624255003e-06, 5.09003994509e-09, 4.82874318308e-09],
        "median": [0.00316636660136, 0.0195172838867, 0.00430982885882, 0.00430983444676, 0.00243168650195, 0.000670569133945, 0.000543585163541, 0.000150028397911, 0.000328989408445, 0.000725173333194, 9.10102971829e-05, 6.19685306447e-05, 5.56303712074e-05, 8.75360201462e-05, 1.84173222806e-05, 1.68093647517e-05, 1.94709809875e-05, 1.77868405444e-05, 7.56106828703e-06, 1.24897051137e-05, 1.52668701503e-06, 2.22562766794e-06, 1.02865919871e-06, 1.48850267578e-06, 1.44969817484e-07, 1.02993957807e-09, 1.10182341029e-09],
        "min": [9.61550995271e-07, 1.14353970275e-05, 5.07875756739e-06, 1.06306797534e-05, 1.80612187251e-05, 3.70301631847e-06, 1.06027243874e-06, 3.15926126859e-06, 5.23321887158e-06, 1.57142824264e-06, 1.99873079509e-06, 1.28466456317e-06, 2.54623216733e-07, 3.80707064096e-07, 1.5822724464e-08, 2.22732499111e-08, 2.05913881501e-08, 2.25797176512e-08, 2.9205592611e-08, 1.6716519724e-08, 7.20293935608e-10, 2.72844280502e-09, 2.93713137145e-10, 1.0634568226e-10, 1.72214621036e-11, 1.95929609342e-11, 2.65493616675e-11],
        "var": [5.08025150339e-05, 0.00167698785663, 0.000207018514629, 0.000177954832907, 0.000166324520251, 2.39673477154e-06, 4.11462815464e-06, 1.10328992378e-05, 9.26830580283e-06, 2.10168145713e-05, 2.89287936539e-06, 2.75130503269e-07, 2.00872918299e-07, 3.42887688021e-07, 4.29083428344e-07, 6.32614955975e-08, 1.50077159589e-08, 1.57150417124e-08, 6.11275696727e-10, 2.84486167956e-09, 1.58443536069e-09, 5.80664938354e-09, 2.67734212578e-09, 1.42150768934e-09, 6.96970148262e-10, 7.54858567824e-15, 5.17674477165e-15]
    },
    "erbbands": {
        "dmean": [1.10296988487, 4.49440908432, 7.04539251328, 11.1025381088, 13.3282823563, 13.1357002258, 8.02175331116, 4.97066497803, 7.65154600143, 10.9039678574, 13.6373186111, 12.760515213, 17.6269130707, 10.765455246, 5.44173765182, 3.49921154976, 5.08355379105, 5.48689079285, 6.08947610855, 2.73779988289, 1.58062052727, 1.68912625313, 1.96804141998, 0.489949226379, 0.588812887669, 0.803050816059, 0.336485058069, 0.412199556828, 0.412507891655, 0.255711048841, 0.165562599897, 0.119145676494, 0.094399496913, 0.0563308671117, 0.0107726044953, 0.000297703052638, 2.86980830424e-05, 5.98731276114e-06, 1.39344847412e-05, 3.29769936798e-05],
        "dmean2": [1.86413371563, 7.13258600235, 12.4720134735, 19.1145973206, 23.1430168152, 22.9205303192, 13.649769783, 8.65510463715, 12.8248720169, 17.2054824829, 19.5531005859, 18.4887485504, 25.1643638611, 15.446969986, 7.97462892532, 5.43348121643, 7.9986281395, 8.1090965271, 8.32376384735, 3.73604440689, 2.17829227448, 2.61315655708, 2.88313221931, 0.790875971317, 0.941736400127, 1.29447233677, 0.551283836365, 0.594550967216, 0.646228849888, 0.389807462692, 0.241113945842, 0.165454134345, 0.135163530707, 0.077828720212, 0.0157236400992, 0.000435962894699, 4.19259013142e-05, 9.19690774026e-06, 2.20072197408e-05, 5.23558119312e-05],
        "dvar": [2.59578490257, 45.3788795471, 175.16734314, 397.536071777, 556.535827637, 547.674682617, 207.424346924, 66.4050369263, 268.883728027, 361.817321777, 567.564941406, 510.027893066, 1009.54815674, 525.199829102, 89.2743606567, 195.758071899, 141.605422974, 96.9482498169, 445.567779541, 48.6113624573, 20.7147407532, 10.0928726196, 16.8239707947, 1.14293992519, 1.32756459713, 2.66992139816, 0.696322619915, 3.94089078903, 6.65934085846, 1.65537321568, 0.682612419128, 0.257045596838, 0.220351397991, 0.139620140195, 0.00301244179718, 2.15268732973e-06, 4.99377108554e-08, 4.5865382603e-09, 5.00205987741e-10, 1.81354931073e-09],
        "dvar2": [6.92891836166, 104.604537964, 475.619384766, 999.305053711, 1365.35021973, 1438.39611816, 528.442993164, 180.705352783, 625.366149902, 810.657714844, 1048.47412109, 1048.58825684, 1772.203125, 981.61730957, 181.712081909, 481.865844727, 334.263397217, 186.392776489, 727.247497559, 84.3830108643, 34.5448493958, 23.0477466583, 34.874382019, 3.00832271576, 2.51590847969, 6.27736949921, 1.35991609097, 7.95148038864, 14.7413873672, 3.44005274773, 1.10685706139, 0.374401330948, 0.42359867692, 0.298297375441, 0.00596710434183, 4.45934210802e-06, 1.22265106484e-07, 1.13832170356e-08, 1.14436760068e-09, 3.99115362981e-09],
        "max": [11.2809858322, 56.9474182129, 115.192207336, 203.615219116, 318.616485596, 235.308654785, 180.598571777, 82.0364608765, 313.788757324, 355.682983398, 331.048034668, 441.704803467, 1077.57824707, 492.866363525, 133.943435669, 365.255645752, 233.72203064, 161.064498901, 531.093566895, 145.575836182, 126.319664001, 44.478302002, 72.6310653687, 17.157365799, 36.8719673157, 27.1641159058, 16.6568012238, 37.8791503906, 53.8166122437, 33.2026100159, 20.4035701752, 15.0253744125, 10.2431983948, 8.34041881561, 1.11046135426, 0.0262772347778, 0.0054559209384, 0.00171287963167, 0.000399610580644, 0.000305240915623],
        "mean": [1.54091870785, 5.75710535049, 10.8293733597, 27.4916400909, 28.5706367493, 23.4195308685, 13.3289680481, 8.27120113373, 15.9536542892, 26.7167129517, 39.3681030273, 49.8358764648, 94.8501205444, 39.7485847473, 14.496878624, 7.6684885025, 11.1098852158, 18.7958965302, 15.0967502594, 7.78759717941, 3.94214987755, 4.50520181656, 4.72810983658, 0.935224413872, 1.16761744022, 1.54555761814, 0.513712227345, 0.447221368551, 0.469454050064, 0.348011523485, 0.248605072498, 0.187388271093, 0.124939978123, 0.0707011967897, 0.0134809939191, 0.000392715388443, 4.72498286399e-05, 7.5287243817e-06, 3.70318193745e-05, 8.72899690876e-05],
        "median": [0.934739291668, 2.39648509026, 5.15032196045, 17.4192657471, 14.0183515549, 9.07515048981, 6.65843391418, 3.70395445824, 7.62329387665, 7.60754919052, 9.12164020538, 13.6310071945, 28.3101654053, 12.030632019, 4.1366891861, 3.06110477448, 3.44725012779, 5.762758255, 3.91441321373, 1.39640712738, 1.06538546085, 1.34734272957, 1.52802991867, 0.4660615623, 0.581246614456, 0.585074663162, 0.153001785278, 0.0608970969915, 0.0709303840995, 0.0601350516081, 0.029356719926, 0.0338404215872, 0.019050154835, 0.00324335438199, 0.000593498523813, 7.14688139851e-05, 2.66040187853e-05, 3.99825330533e-06, 3.17544472637e-05, 7.49849277781e-05],
        "min": [0.000356507458491, 0.00256837112829, 0.0108294226229, 0.0289138332009, 0.0521215125918, 0.0611091330647, 0.0435918495059, 0.0280188061297, 0.0441762022674, 0.0597418062389, 0.0812539607286, 0.120212420821, 0.0768454372883, 0.0764907076955, 0.0874209329486, 0.0539249777794, 0.0433936230838, 0.0222370345145, 0.0121567249298, 0.00173016521148, 0.0013266421156, 0.00134959211573, 0.00138536840677, 0.00153804570436, 0.00136448349804, 0.000903501408175, 0.000868428323884, 0.000638372381218, 0.00011446307326, 6.81265373714e-05, 5.90179915889e-05, 3.20023063978e-05, 2.57770770986e-05, 1.06709467218e-05, 8.1052285168e-06, 4.37013113697e-06, 1.10614939786e-06, 1.15464978023e-07, 1.53092662458e-06, 5.17003400091e-07],
        "var": [3.17834329605, 60.6885604858, 205.763793945, 911.573303223, 1471.06530762, 1188.46569824, 377.94354248, 119.910072327, 940.381408691, 1656.00036621, 3660.45361328, 5631.41650391, 27711.0449219, 5429.82421875, 561.510192871, 365.721862793, 406.55581665, 737.647399902, 1649.9597168, 253.532913208, 76.6820373535, 48.8463363647, 66.2337646484, 1.95277273655, 4.45332241058, 6.08332014084, 1.16853749752, 5.64944696426, 8.20117282867, 3.17468976974, 1.88352000713, 0.727448821068, 0.408218353987, 0.218845188618, 0.00591610372066, 3.77197147827e-06, 3.22992761426e-08, 2.44311415543e-09, 6.18765649829e-10, 3.06818948026e-09]
    },
    "gfcc": {
        "mean": [-78.7255783081, 196.408966064, -98.9495239258, 30.5248832703, -40.4728546143, 13.842382431, -9.05700588226, -2.01904416084, -1.73675954342, -21.3216362, 2.27727341652, -25.2240257263, 3.77035236359],
        "cov": [[3393.90380859, -668.802856445, -1517.94970703, 375.412658691, -192.134979248, 44.3735084534, -490.007171631, 353.718048096, 257.734313965, -134.063323975, -28.1575126648, -172.368453979, 176.826080322], [-668.802856445, 771.721679688, 95.4109344482, -475.122619629, 273.723358154, -187.463287354, 271.113952637, -140.082870483, -5.57259750366, -62.9066123962, 21.8992271423, 25.7405529022, -111.81703186], [-1517.94970703, 95.4109344482, 1402.4362793, 72.7000274658, -39.3292961121, 98.2590026855, 209.911575317, -137.794143677, -177.80645752, 165.441329956, 41.6535339355, 120.87487793, -79.0241012573], [375.412658691, -475.122619629, 72.7000274658, 568.282043457, -102.69342041, 25.1186294556, -132.420516968, 49.9705963135, 84.0398254395, 75.2978515625, -2.26632714272, 21.8276081085, 73.0233001709], [-192.134979248, 273.723358154, -39.3292961121, -102.69342041, 333.553161621, -71.7983169556, 109.074440002, 17.9135322571, 84.1756591797, 8.93388748169, -1.12776267529, 24.5366268158, 1.55274546146], [44.3735084534, -187.463287354, 98.2590026855, 25.1186294556, -71.7983169556, 244.730957031, 29.9028949738, 27.3472805023, -22.5896682739, 29.0776977539, 23.5140914917, -7.70144081116, 21.922334671], [-490.007171631, 271.113952637, 209.911575317, -132.420516968, 109.074440002, 29.9028949738, 346.970794678, -105.757736206, -11.3682308197, 32.9318351746, 7.34705734253, 71.3792037964, -73.1760635376], [353.718048096, -140.082870483, -137.794143677, 49.9705963135, 17.9135322571, 27.3472805023, -105.757736206, 185.366043091, 44.4497070312, -12.3224744797, 41.5815162659, -30.4107551575, 34.215877533], [257.734313965, -5.57259750366, -177.80645752, 84.0398254395, 84.1756591797, -22.5896682739, -11.3682308197, 44.4497070312, 165.633071899, 10.4837551117, 2.26901125908, 3.3156440258, 29.3211536407], [-134.063323975, -62.9066123962, 165.441329956, 75.2978515625, 8.93388748169, 29.0776977539, 32.9318351746, -12.3224744797, 10.4837551117, 122.81829834, 2.0057015419, 19.1510848999, 29.1354465485], [-28.1575126648, 21.8992271423, 41.6535339355, -2.26632714272, -1.12776267529, 23.5140914917, 7.34705734253, 41.5815162659, 2.26901125908, 2.0057015419, 110.338859558, 7.34543132782, -10.8568763733], [-172.368453979, 25.7405529022, 120.87487793, 21.8276081085, 24.5366268158, -7.70144081116, 71.3792037964, -30.4107551575, 3.3156440258, 19.1510848999, 7.34543132782, 107.573616028, 11.0157995224], [176.826080322, -111.81703186, -79.0241012573, 73.0233001709, 1.55274546146, 21.922334671, -73.1760635376, 34.215877533, 29.3211536407, 29.1354465485, -10.8568763733, 11.0157995224, 96.6437149048]],
        "icov": [[0.000974164286163, -0.00102604017593, 0.00112135079689, -0.00115653278772, 0.000875505269505, -0.00098949437961, 0.000550205761101, -0.00139260350261, 6.43316816422e-05, -0.000396018178435, 0.000750562991016, -0.000246647396125, 0.00015357931261], [-0.00102604017593, 0.0182700473815, -0.00405224552378, 0.0122972819954, -0.00699784234166, 0.0120801655576, -0.00687934318557, 0.00971767306328, -0.00621533626691, 0.00706563843414, -0.00859724450856, 0.00561408745125, -0.00271661905572], [0.00112135079689, -0.00405224552378, 0.00318875047378, -0.00357666471973, 0.00161918904632, -0.00349035300314, 0.00184562953655, -0.00258892960846, 0.00270455540158, -0.00342861679383, 0.00183144176845, -0.00250570080243, 0.00235394970514], [-0.00115653278772, 0.0122972819954, -0.00357666471973, 0.0113496016711, -0.00376608711667, 0.00836730748415, -0.00379883847199, 0.00664416467771, -0.00615807063878, 0.00360091566108, -0.00559720769525, 0.00295454310253, -0.00240520457737], [0.000875505269505, -0.00699784234166, 0.00161918904632, -0.00376608711667, 0.00817482732236, -0.00286407512613, 0.00047521997476, -0.00583558203653, -0.000571976881474, -0.00264736474492, 0.00386012461968, -0.00168615963776, -0.000987115665339], [-0.00098949437961, 0.0120801655576, -0.00349035300314, 0.00836730748415, -0.00286407512613, 0.0138536570594, -0.00701346155256, 0.00500046880916, -0.00393415894359, 0.00477197486907, -0.00645556626841, 0.00570411188528, -0.00518674356863], [0.000550205761101, -0.00687934318557, 0.00184562953655, -0.00379883847199, 0.00047521997476, -0.00701346155256, 0.00981198437512, -0.00100128573831, 0.0017583539011, -0.00503074657172, 0.00309716886841, -0.00624833581969, 0.00682385219261], [-0.00139260350261, 0.00971767306328, -0.00258892960846, 0.00664416467771, -0.00583558203653, 0.00500046880916, -0.00100128573831, 0.0149950971827, -0.00399847701192, 0.00422463566065, -0.00830667000264, 0.00372672942467, -0.00187184521928], [6.43316816422e-05, -0.00621533626691, 0.00270455540158, -0.00615807063878, -0.000571976881474, -0.00393415894359, 0.0017583539011, -0.00399847701192, 0.0127799268812, -0.00385210569948, 0.00241120206192, -0.00262859649956, 0.00105864577927], [-0.000396018178435, 0.00706563843414, -0.00342861679383, 0.00360091566108, -0.00264736474492, 0.00477197486907, -0.00503074657172, 0.00422463566065, -0.00385210569948, 0.0160496961325, -0.00369793432765, 0.00456417584792, -0.00757508119568], [0.000750562991016, -0.00859724450856, 0.00183144176845, -0.00559720769525, 0.00386012461968, -0.00645556626841, 0.00309716886841, -0.00830667000264, 0.00241120206192, -0.00369793432765, 0.0151537889615, -0.00423417333513, 0.00366304651834], [-0.000246647396125, 0.00561408745125, -0.00250570080243, 0.00295454310253, -0.00168615963776, 0.00570411188528, -0.00624833581969, 0.00372672942467, -0.00262859649956, 0.00456417584792, -0.00423417333513, 0.0160956960171, -0.0075405924581], [0.00015357931261, -0.00271661905572, 0.00235394970514, -0.00240520457737, -0.000987115665339, -0.00518674356863, 0.00682385219261, -0.00187184521928, 0.00105864577927, -0.00757508119568, 0.00366304651834, -0.0075405924581, 0.0209207497537]]
    },
    "melbands": {
        "dmean": [0.00786544010043, 0.0041347630322, 0.00185983383562, 0.00100837252103, 0.000321762548992, 0.000117339608551, 0.00011713404092, 0.000129304302391, 0.00011270318646, 8.45791146276e-05, 9.04999687918e-05, 4.66502315248e-05, 2.28583085118e-05, 9.52848404268e-06, 1.07797595774e-05, 1.21209377539e-05, 1.14638305604e-05, 1.15795592137e-05, 6.19776756139e-06, 3.39639723279e-06, 1.59909723152e-06, 1.79538722023e-06, 2.29400757235e-06, 1.20327854347e-06, 3.6768116729e-07, 3.87904918853e-07, 5.7103608242e-07, 5.55245549094e-07, 2.28177995609e-07, 1.94495100914e-07, 2.67565013701e-07, 2.50271256164e-07, 1.94071645865e-07, 1.32053401103e-07, 1.03835397169e-07, 8.3339536161e-08, 7.27866975581e-08, 7.24659798834e-08, 5.58509789528e-08, 4.80334705344e-08],
        "dmean2": [0.012795381248, 0.00686866557226, 0.00318764825352, 0.00176083587576, 0.000551950535737, 0.000201849790756, 0.00019369511574, 0.000201683535124, 0.000160155381309, 0.000120965640235, 0.00012887979392, 6.73100657878e-05, 3.32868403348e-05, 1.46542533912e-05, 1.67652051459e-05, 1.90413320524e-05, 1.68680362549e-05, 1.59102746693e-05, 8.70228268468e-06, 4.61751233161e-06, 2.37460699282e-06, 2.78043694379e-06, 3.57290628017e-06, 1.77671506663e-06, 6.16309421275e-07, 6.31567843357e-07, 9.08234596864e-07, 9.05543515728e-07, 3.8309252659e-07, 2.99126185155e-07, 3.94049607166e-07, 4.04408723398e-07, 3.03360479847e-07, 2.03035753543e-07, 1.50979829527e-07, 1.19363946283e-07, 1.12293967902e-07, 1.07883892042e-07, 7.71337624883e-08, 6.78486244965e-08],
        "dvar": [0.000127820108901, 4.5169806981e-05, 1.01076784631e-05, 3.65694609172e-06, 3.27818497681e-07, 3.48773667724e-08, 5.80405341566e-08, 5.67230671322e-08, 3.88085119596e-08, 2.06694341642e-08, 2.67502464624e-08, 9.90316628702e-09, 2.08084305342e-09, 5.68124769451e-10, 2.76588063564e-09, 7.61041618613e-10, 5.21399812214e-10, 1.22571996997e-09, 3.71449010439e-10, 1.02531469426e-10, 3.18504875252e-11, 1.20014458441e-11, 2.29391141499e-11, 6.65636382818e-12, 6.7837315626e-13, 4.85773910246e-13, 1.54767724244e-12, 1.45945809691e-12, 2.6538553256e-13, 5.21774626543e-13, 2.22016784297e-12, 2.7638492623e-12, 1.36763181075e-12, 5.65574768008e-13, 2.70976600533e-13, 1.63704675358e-13, 1.00732986676e-13, 1.17356496157e-13, 1.20831404778e-13, 1.03113040838e-13],
        "dvar2": [0.00032073649345, 0.000113550464448, 2.53903108387e-05, 8.92883235792e-06, 8.53895926411e-07, 9.34429920108e-08, 1.3699406054e-07, 1.20941209047e-07, 7.21884205745e-08, 4.14536955873e-08, 4.68087897332e-08, 1.86086843712e-08, 3.75278519371e-09, 1.34921829265e-09, 6.90120627311e-09, 1.6761028121e-09, 9.94718973857e-10, 1.97514271605e-09, 6.96822766155e-10, 1.63870431114e-10, 5.44315356676e-11, 2.78809666326e-11, 5.83874754101e-11, 1.28736951654e-11, 1.85852591997e-12, 1.11373269548e-12, 2.74683357657e-12, 3.69509110809e-12, 5.85689320393e-13, 1.00965102164e-12, 4.7998241666e-12, 6.25815545219e-12, 3.19835455863e-12, 1.257562522e-12, 4.6350754181e-13, 2.76398126392e-13, 1.67064116447e-13, 2.25491378499e-13, 2.45878106287e-13, 2.30609964718e-13],
        "max": [0.0746969282627, 0.0515149459243, 0.0314288623631, 0.0257367957383, 0.00824129022658, 0.00207986100577, 0.00436641648412, 0.00459076371044, 0.00315070152283, 0.00302878185175, 0.00530793750659, 0.00188071886078, 0.000885850226041, 0.000474047672469, 0.00149772304576, 0.000622170628048, 0.000349917041603, 0.000899599399418, 0.00032836018363, 0.000289746647468, 0.000174712040462, 5.52677011001e-05, 6.79570730426e-05, 5.12377919222e-05, 1.26213390104e-05, 1.54362223839e-05, 4.41921802121e-05, 1.87468649528e-05, 9.15244982025e-06, 1.62980650202e-05, 3.20445979014e-05, 3.39613616234e-05, 2.87679013127e-05, 2.44232705882e-05, 1.36345252031e-05, 9.78527805273e-06, 9.12505220185e-06, 7.52669393478e-06, 7.95310097601e-06, 6.95789640304e-06],
        "mean": [0.0117520838976, 0.00625055795535, 0.0046105501242, 0.00205992232077, 0.000526710937265, 0.000202866329346, 0.000236174673773, 0.000340591883287, 0.000319092447171, 0.000321492552757, 0.000467702047899, 0.00015725682897, 6.34646276012e-05, 2.17032920773e-05, 1.9051367417e-05, 2.69116681011e-05, 3.79787088605e-05, 2.66143979388e-05, 1.34587899083e-05, 8.85202280188e-06, 3.31034857481e-06, 4.27300756201e-06, 5.62116701985e-06, 2.48041965278e-06, 5.48967477698e-07, 6.5284240236e-07, 1.13150588277e-06, 1.00453758023e-06, 3.35051709044e-07, 2.14642781771e-07, 2.76444723113e-07, 2.71784045935e-07, 2.3647491787e-07, 1.77671338975e-07, 1.49244826275e-07, 1.14804869611e-07, 1.17128017507e-07, 9.55364214406e-08, 6.84378775873e-08, 5.72540308497e-08],
        "median": [0.00735589955002, 0.00340290879831, 0.00306188454852, 0.000742536853068, 0.000254968705121, 9.56288349698e-05, 0.000118301366456, 5.73768593313e-05, 5.15599240316e-05, 6.68537832098e-05, 0.000135281850817, 4.17242954427e-05, 1.15651673696e-05, 9.02192005015e-06, 5.09268693349e-06, 6.0449024204e-06, 7.83037557994e-06, 5.98699170951e-06, 1.66344500485e-06, 1.46748129737e-06, 1.06434856662e-06, 1.17414163014e-06, 1.66070162777e-06, 6.8963367994e-07, 2.64933589733e-07, 3.03750141484e-07, 4.82235861909e-07, 3.23069428987e-07, 9.3795144096e-08, 2.76933249665e-08, 2.77136074089e-08, 3.03176541649e-08, 4.72356909142e-08, 2.66901345469e-08, 1.56302508714e-08, 1.04395230238e-08, 2.30312977578e-08, 1.50977932378e-08, 3.12519188306e-09, 1.38272093775e-09],
        "min": [3.42049133906e-06, 4.97013843415e-06, 5.70224710827e-06, 4.2577989916e-06, 1.77683250513e-06, 6.45155864731e-07, 4.40567077931e-07, 6.53311815313e-07, 7.06011121565e-07, 7.55355074489e-07, 3.62386629149e-07, 1.99752960839e-07, 3.30494316358e-07, 1.4938341053e-07, 1.31117644742e-07, 5.27641930148e-08, 3.86834990707e-08, 1.77979000426e-08, 1.67615132884e-09, 9.37842581372e-10, 9.22162790573e-10, 9.404332868e-10, 1.17856768789e-09, 1.13916998057e-09, 1.04752728713e-09, 8.92755980253e-10, 8.14882883393e-10, 4.46382597552e-10, 9.41910577312e-11, 8.86904352043e-12, 4.45974550692e-12, 3.87417285752e-11, 6.20670658966e-12, 5.22121712185e-12, 3.12670917803e-12, 6.07144282766e-12, 3.93578805614e-13, 2.44134871824e-13, 1.50339552548e-13, 1.07709502396e-13],
        "var": [0.00017536424275, 5.70957381569e-05, 2.11549158848e-05, 1.11884482976e-05, 5.24604502061e-07, 6.88761261358e-08, 1.79503274467e-07, 3.25035614424e-07, 2.64451188059e-07, 2.46236311341e-07, 7.03248588252e-07, 9.23624909888e-08, 1.63894355865e-08, 1.73510272816e-09, 4.30407887109e-09, 3.31559468769e-09, 3.8116647616e-09, 5.09294473261e-09, 1.07393716142e-09, 6.27183138757e-10, 7.46191095025e-11, 5.13523425172e-11, 7.05216440799e-11, 2.44719366299e-11, 7.91521850233e-13, 1.14688011692e-12, 5.96318524074e-12, 2.68470684052e-12, 4.27242117552e-13, 7.75409250697e-13, 2.8216710652e-12, 3.18781741455e-12, 1.57960331013e-12, 1.0959188201e-12, 7.10090298194e-13, 4.12382937043e-13, 2.49368397025e-13, 2.19919256959e-13, 1.9413823034e-13, 1.51385794091e-13]
    },
    "mfcc": {
        "mean": [-726.929321289, 211.145843506, 18.5938415527, 27.3548069, 9.83349609375, 11.5766077042, 11.4785137177, 15.1530513763, 3.59457445145, 14.0797996521, 0.190168842673, -3.051207304, -7.38657426834],
        "cov": [[4195.84716797, -969.798522949, -1499.37768555, 103.139167786, 131.69291687, -325.39151001, -500.345153809, 84.9036178589, 115.719848633, 301.590209961, -271.397979736, -3.14082694054, 20.9094257355], [-969.798522949, 1207.31030273, -158.094070435, -228.873687744, -74.4002990723, -46.182056427, 153.643035889, 56.7136306763, -78.9144439697, -28.8631305695, 98.1894226074, -54.8698539734, -68.8503723145], [-1499.37768555, -158.094070435, 1324.78662109, 59.6698532104, -107.494026184, 233.044311523, 217.879898071, -92.0049591064, -56.3713645935, -188.608184814, 128.795669556, 74.6696472168, 40.2033081055], [103.139167786, -228.873687744, 59.6698532104, 369.686767578, 47.2362365723, 48.451084137, -88.6095352173, -23.8842945099, 46.4035644531, 21.0667514801, -13.3566255569, 11.6956043243, 80.0627975464], [131.69291687, -74.4002990723, -107.494026184, 47.2362365723, 278.116821289, -90.4450378418, -66.5530929565, 5.93882513046, 29.3809738159, 84.2227478027, -59.3717956543, 47.6363143921, 44.9984474182], [-325.39151001, -46.182056427, 233.044311523, 48.451084137, -90.4450378418, 238.492660522, 58.1818084717, -13.3556547165, 43.6164016724, -31.0331420898, 63.3324623108, -36.0280761719, -11.7224254608], [-500.345153809, 153.643035889, 217.879898071, -88.6095352173, -66.5530929565, 58.1818084717, 227.944168091, 26.8981189728, -35.8149108887, -42.6437110901, 75.1700363159, 24.8843078613, -19.8181648254], [84.9036178589, 56.7136306763, -92.0049591064, -23.8842945099, 5.93882513046, -13.3556547165, 26.8981189728, 140.303710938, -7.72083473206, 14.5091466904, 11.3549442291, 15.0264139175, 21.6551303864], [115.719848633, -78.9144439697, -56.3713645935, 46.4035644531, 29.3809738159, 43.6164016724, -35.8149108887, -7.72083473206, 127.110176086, 17.5291156769, 6.05177545547, -22.2340106964, -7.4346613884], [301.590209961, -28.8631305695, -188.608184814, 21.0667514801, 84.2227478027, -31.0331420898, -42.6437110901, 14.5091466904, 17.5291156769, 163.151763916, -19.4262084961, 20.8122158051, 18.5091571808], [-271.397979736, 98.1894226074, 128.795669556, -13.3566255569, -59.3717956543, 63.3324623108, 75.1700363159, 11.3549442291, 6.05177545547, -19.4262084961, 99.3601837158, -2.96550035477, -12.9422798157], [-3.14082694054, -54.8698539734, 74.6696472168, 11.6956043243, 47.6363143921, -36.0280761719, 24.8843078613, 15.0264139175, -22.2340106964, 20.8122158051, -2.96550035477, 137.232940674, 18.1739501953], [20.9094257355, -68.8503723145, 40.2033081055, 80.0627975464, 44.9984474182, -11.7224254608, -19.8181648254, 21.6551303864, -7.4346613884, 18.5091571808, -12.9422798157, 18.1739501953, 119.355957031]],
