{
"lowlevel": {
    "average_loudness": 0.913568198681,
    "barkbands_crest": {
        "dmean": 2.87703251839,
        "dmean2": 4.47659492493,
        "dvar": 7.14825963974,
        "dvar2": 16.1551780701,
        "max": 24.8790893555,
        "mean": 12.6512594223,
        "median": 12.029009819,
        "min": 3.1971616745,
        "var": 26.9749698639
    },
    "barkbands_flatness_db": {
        "dmean": 0.0363193415105,
        "dmean2": 0.0500188134611,
        "dvar": 0.0011958257528,
        "dvar2": 0.00224790233187,
        "max": 0.459106475115,
        "mean": 0.209733575583,
        "median": 0.194104447961,
        "min": 0.0805400982499,
        "var": 0.00503610167652
    },
    "barkbands_kurtosis": {
        "dmean": 9.04715061188,
        "dmean2": 12.8118944168,
        "dvar": 242.919219971,
        "dvar2": 461.911499023,
        "max": 174.778717041,
        "mean": 13.156627655,
        "median": 4.37188673019,
        "min": -1.94224572182,
        "var": 516.377319336
    },
    "barkbands_skewness": {
        "dmean": 1.05061471462,
        "dmean2": 1.51909768581,
        "dvar": 1.50069963932,
        "dvar2": 3.08563017845,
        "max": 11.515288353,
        "mean": 2.42762684822,
        "median": 1.97096133232,
        "min": -5.69498872757,
        "var": 4.82781505585
    },
    "barkbands_spread": {
        "dmean": 10.4195747375,
        "dmean2": 16.3051891327,
        "dvar": 204.346603394,
        "dvar2": 474.841217041,
        "max": 105.355438232,
        "mean": 19.8789825439,
        "median": 15.5124263763,
        "min": 0.554474592209,
        "var": 313.353912354
    },
    "dissonance": {
        "dmean": 0.0202927626669,
        "dmean2": 0.0316044464707,
        "dvar": 0.00045367871644,
        "dvar2": 0.00105272128712,
        "max": 0.499040007591,
        "mean": 0.45888325572,
        "median": 0.466941297054,
        "min": 0.28349044919,
        "var": 0.00117373059038
    },
    "dynamic_complexity": 5.05984306335,
    "erbbands_crest": {
        "dmean": 2.51599788666,
        "dmean2": 4.00573968887,
        "dvar": 5.97043704987,
        "dvar2": 13.4220380783,
        "max": 27.5379219055,
        "mean": 8.79972648621,
        "median": 7.8726234436,
        "min": 2.98921179771,
        "var": 16.5603408813
    },
    "erbbands_flatness_db": {
        "dmean": 0.0217214785516,
        "dmean2": 0.032608628273,
        "dvar": 0.000430547515862,
        "dvar2": 0.000933916307986,
        "max": 0.348800480366,
        "mean": 0.188475295901,
        "median": 0.18715134263,
        "min": 0.064431168139,
        "var": 0.00132396619301
    },
    "erbbands_kurtosis": {
        "dmean": 1.43146896362,
        "dmean2": 2.34571528435,
        "dvar": 4.38920259476,
        "dvar2": 10.8066501617,
        "max": 22.0057563782,
        "mean": 0.654099047184,
        "median": -0.0367712974548,
        "min": -1.64914011955,
        "var": 5.89824962616
    },
    "erbbands_skewness": {
        "dmean": 0.579670190811,
        "dmean2": 0.876830458641,
        "dvar": 0.375824838877,
        "dvar2": 0.840700626373,
        "max": 4.06904935837,
        "mean": 0.124446980655,
        "median": 0.204400151968,
        "min": -3.71592259407,
        "var": 0.855463862419
    },
    "erbbands_spread": {
        "dmean": 12.877371788,
        "dmean2": 20.5623416901,
        "dvar": 187.874725342,
        "dvar2": 477.253723145,
        "max": 121.605285645,
        "mean": 40.5864830017,
        "median": 37.4841690063,
        "min": 3.85423374176,
        "var": 375.820343018
    },
    "hfc": {
        "dmean": 8.78300094604,
        "dmean2": 14.4543275833,
        "dvar": 342.73651123,
        "dvar2": 920.357788086,
        "max": 174.227874756,
        "mean": 12.8052015305,
        "median": 4.58673381805,
        "min": 1.1839727275e-16,
        "var": 415.433624268
    },
    "melbands_crest": {
        "dmean": 3.1978354454,
        "dmean2": 4.98202562332,
        "dvar": 9.13142108917,
        "dvar2": 19.8577651978,
        "max": 34.9162559509,
        "mean": 16.7152481079,
        "median": 16.3750591278,
        "min": 1.80352032185,
        "var": 37.6218452454
    },
    "melbands_flatness_db": {
        "dmean": 0.0508416183293,
        "dmean2": 0.0683888569474,
        "dvar": 0.00246613193303,
        "dvar2": 0.00450149923563,
        "max": 0.589716076851,
        "mean": 0.258524119854,
        "median": 0.244406431913,
        "min": 0.00669729383662,
        "var": 0.0100414296612
    },
    "melbands_kurtosis": {
        "dmean": 18.8067798615,
        "dmean2": 28.0687122345,
        "dvar": 925.734924316,
        "dvar2": 1982.38171387,
        "max": 329.371948242,
        "mean": 32.2296447754,
        "median": 14.5425319672,
        "min": -1.74114227295,
        "var": 2109.00488281
    },
    "melbands_skewness": {
        "dmean": 1.27907121181,
        "dmean2": 1.93853342533,
        "dvar": 2.17803096771,
        "dvar2": 5.06349945068,
        "max": 14.8306980133,
        "mean": 3.86429977417,
        "median": 3.2795958519,
        "min": -2.59362030029,
        "var": 7.45200109482
    },
    "melbands_spread": {
        "dmean": 12.2573919296,
        "dmean2": 19.5550708771,
        "dvar": 466.299102783,
        "dvar2": 1088.02368164,
        "max": 218.847137451,
        "mean": 21.3892192841,
        "median": 12.9802284241,
        "min": 0.524353861809,
        "var": 683.262512207
    },
    "pitch_salience": {
        "dmean": 0.0776661485434,
        "dmean2": 0.122287124395,
        "dvar": 0.00547864567488,
        "dvar2": 0.0126590244472,
        "max": 0.815460145473,
        "mean": 0.469316869974,
        "median": 0.46479973197,
        "min": 0.0876125618815,
        "var": 0.0162925552577
    },
    "silence_rate_20dB": {
        "dmean": 0,
        "dmean2": 0,
        "dvar": 0,
        "dvar2": 0,
        "max": 1,
        "mean": 1,
        "median": 1,
        "min": 1,
        "var": 0
    },
    "silence_rate_30dB": {
        "dmean": 0.0325077399611,
        "dmean2": 0.0650658383965,
        "dvar": 0.031450919807,
        "dvar2": 0.074775211513,
        "max": 1,
        "mean": 0.97138440609,
        "median": 1,
        "min": 0,
        "var": 0.0277969017625
    },
    "silence_rate_60dB": {
        "dmean": 0.0386996902525,
        "dmean2": 0.0774593353271,
        "dvar": 0.0372025333345,
        "dvar2": 0.0776549577713,
        "max": 1,
        "mean": 0.190255224705,
        "median": 0,
        "min": 0,
        "var": 0.154056534171
    },
    "spectral_centroid": {
        "dmean": 555.721313477,
        "dmean2": 821.511535645,
        "dvar": 491142.78125,
        "dvar2": 902226.375,
        "max": 10793.65625,
        "mean": 1382.60839844,
        "median": 1145.63269043,
        "min": 170.590270996,
        "var": 950415.125
    },
    "spectral_complexity": {
        "dmean": 4.95820426941,
        "dmean2": 7.60495758057,
        "dvar": 51.2443084717,
        "dvar2": 113.127952576,
        "max": 53,
        "mean": 11.8081979752,
        "median": 9,
        "min": 0,
        "var": 106.297309875
    },
    "spectral_decrease": {
        "dmean": 2.43259234978e-09,
        "dmean2": 3.86648846273e-09,
        "dvar": 2.56139851574e-17,
        "dvar2": 5.77985703228e-17,
        "max": 6.09862568777e-29,
        "mean": -5.95402660508e-09,
        "median": -4.05425737426e-09,
        "min": -5.2813302176e-08,
        "var": 5.37953635739e-17
    },
    "spectral_energy": {
        "dmean": 0.0098074907437,
        "dmean2": 0.0156376045197,
        "dvar": 0.000386972213164,
        "dvar2": 0.000873923767358,
        "max": 0.202239751816,
        "mean": 0.0236333571374,
        "median": 0.0160872023553,
        "min": 1.05087949231e-20,
        "var": 0.000825003953651
    },
    "spectral_energyband_high": {
        "dmean": 0.000708368199412,
        "dmean2": 0.0011753977742,
        "dvar": 1.92945663002e-06,
        "dvar2": 4.89717922392e-06,
        "max": 0.0111483801156,
        "mean": 0.000701234908774,
        "median": 0.00010441642371,
        "min": 7.89894557869e-21,
        "var": 2.02612704925e-06
    },
    "spectral_energyband_low": {
        "dmean": 0.00722929136828,
        "dmean2": 0.0117803523317,
        "dvar": 0.000317282247124,
        "dvar2": 0.000732873799279,
        "max": 0.169985473156,
        "mean": 0.014715465717,
        "median": 0.0106619168073,
        "min": 7.25218889049e-23,
        "var": 0.000522755959537
    },
    "spectral_energyband_middle_high": {
        "dmean": 0.00209622946568,
        "dmean2": 0.00334253208712,
        "dvar": 2.88288083539e-05,
        "dvar2": 7.65221338952e-05,
        "max": 0.0503551587462,
        "mean": 0.0030767226126,
        "median": 0.00068711489439,
        "min": 1.51299290803e-21,
        "var": 4.41253469035e-05
    },
    "spectral_energyband_middle_low": {
        "dmean": 0.00208559539169,
        "dmean2": 0.00314616132528,
        "dvar": 1.56343685376e-05,
        "dvar2": 3.24743850797e-05,
        "max": 0.0690376907587,
        "mean": 0.00587653601542,
        "median": 0.00230257748626,
        "min": 2.19266223634e-22,
        "var": 7.17272996553e-05
    },
    "spectral_entropy": {
        "dmean": 0.296584874392,
        "dmean2": 0.389524012804,
        "dvar": 0.0734653621912,
        "dvar2": 0.131645232439,
        "max": 9.80720615387,
        "mean": 7.3770813942,
        "median": 7.40343523026,
        "min": 5.52978849411,
        "var": 0.251901596785
    },
    "spectral_flux": {
        "dmean": 0.0283339228481,
        "dmean2": 0.0438664332032,
        "dvar": 0.00151099206414,
        "dvar2": 0.00339516252279,
        "max": 0.355270534754,
        "mean": 0.064130268991,
        "median": 0.0468604899943,
        "min": 1.02512415223e-10,
        "var": 0.00314499484375
    },
    "spectral_kurtosis": {
        "dmean": 3.17870306969,
        "dmean2": 5.05183935165,
        "dvar": 23.4394187927,
        "dvar2": 54.934135437,
        "max": 94.8067703247,
        "mean": 4.13073587418,
        "median": 2.66716718674,
        "min": -1.21007692814,
        "var": 35.1868095398
    },
    "spectral_rms": {
        "dmean": 0.000834187318105,
        "dmean2": 0.00128458894324,
        "dvar": 1.53232406319e-06,
        "dvar2": 3.20829076372e-06,
        "max": 0.0140466038138,
        "mean": 0.00407024053857,
        "median": 0.00396167021245,
        "min": 3.20194977303e-12,
        "var": 6.49008143228e-06
    },
    "spectral_rolloff": {
        "dmean": 763.94732666,
        "dmean2": 1294.86328125,
        "dvar": 1984747.375,
        "dvar2": 4035527,
        "max": 18647.7539062,
        "mean": 1214.68615723,
        "median": 495.263671875,
        "min": 43.06640625,
        "var": 2907973.5
    },
    "spectral_skewness": {
        "dmean": 0.514958143234,
        "dmean2": 0.751959145069,
        "dvar": 0.283027768135,
        "dvar2": 0.624883651733,
        "max": 8.13497257233,
        "mean": 1.27521312237,
        "median": 1.21622574329,
        "min": -0.423707813025,
        "var": 0.621018826962
    },
    "spectral_spread": {
        "dmean": 656432.875,
        "dmean2": 972557.5,
        "dvar": 1.47205167514e+12,
        "dvar2": 1.87563402854e+12,
        "max": 41244120,
        "mean": 3796930.25,
        "median": 3655216.25,
        "min": 973941.9375,
        "var": 2.50195869696e+12
    },
    "spectral_strongpeak": {
        "dmean": 0.284882545471,
        "dmean2": 0.494694709778,
        "dvar": 0.425486505032,
        "dvar2": 1.06707692146,
        "max": 7.77376890182,
        "mean": 0.488900512457,
        "median": 0.18884755671,
        "min": 0,
        "var": 0.832268118858
    },
    "zerocrossingrate": {
        "dmean": 0.0147062605247,
        "dmean2": 0.0177294127643,
        "dvar": 0.000433849811088,
        "dvar2": 0.000466365570901,
        "max": 0.498046875,
        "mean": 0.0441956855357,
        "median": 0.03564453125,
        "min": 0.001953125,
        "var": 0.0016020614421
    },
    "barkbands": {
        "dmean": [0.000546991243027, 0.00559261348099, 0.00143092451617, 0.000793889747001, 0.000608418777119, 0.000381550198654, 0.000533777463716, 0.000301096879411, 0.000341378326993, 0.000348531058989, 0.000253651407547, 0.000208625438972, 0.000147118218592, 0.000152627631905, 0.000194669206394, 0.000180721210199, 0.000336026831064, 0.000367507484043, 0.00031435576966, 0.000309826544253, 0.000269164156634, 0.000124789570691, 0.000117237308586, 5.42896341358e-05, 1.01775431176e-05, 9.78151248887e-09, 1.00378905188e-09],
        "dmean2": [0.00094545725733, 0.00907016173005, 0.00243558199145, 0.0014181752922, 0.000970177003182, 0.000578413659241, 0.000792646547779, 0.000452513893833, 0.000514481042046, 0.000441277690697, 0.000376827432774, 0.000333473581122, 0.000214211962884, 0.000227765805903, 0.000312455929816, 0.00029677368002, 0.000600042461883, 0.000670733163133, 0.000563503301237, 0.000531318131834, 0.000450880412245, 0.00019751045329, 0.000201169736101, 8.17706168164e-05, 1.52860120579e-05, 1.59601167837e-08, 1.84730475361e-09],
        "dvar": [3.17646481562e-06, 0.000200387614314, 8.94156710274e-06, 5.14748398928e-06, 1.79295909675e-06, 6.74399018408e-07, 3.42498788086e-06, 1.3373364709e-06, 1.56118926498e-06, 3.28643591274e-06, 3.9805547658e-07, 3.62546302313e-07, 5.21072308857e-07, 1.82701271001e-07, 3.27696255908e-07, 3.3262435295e-07, 1.58467162237e-06, 2.75743036582e-06, 1.13794249046e-06, 6.92765070198e-07, 3.05689184188e-07, 6.75783127235e-08, 6.84862655476e-08, 1.57749635576e-08, 1.2625600565e-09, 1.50281231364e-15, 3.14471114631e-18],
        "dvar2": [8.63940658746e-06, 0.000461582880234, 2.22517301154e-05, 1.45636859088e-05, 4.12122744819e-06, 1.46326362938e-06, 6.23301593805e-06, 3.04188529299e-06, 3.23407903124e-06, 4.20155083702e-06, 7.81325013577e-07, 8.75423097568e-07, 8.47225237521e-07, 3.91354092244e-07, 7.49751848161e-07, 8.73087572018e-07, 4.51434607385e-06, 7.88680517871e-06, 3.2198822737e-06, 1.90210641904e-06, 7.73717033553e-07, 1.50290844658e-07, 1.67820999764e-07, 3.1626836261e-08, 2.38575514899e-09, 3.55852432482e-15, 9.66392214514e-18],
        "max": [0.0212537944317, 0.13761511445, 0.0317199975252, 0.0236798357219, 0.0270922444761, 0.0119797894731, 0.0434292852879, 0.0239097904414, 0.0189885310829, 0.0602997168899, 0.014421608299, 0.0117867430672, 0.0241327341646, 0.0100885834545, 0.0124973393977, 0.00887579843402, 0.0124655468389, 0.0186414457858, 0.0114379879087, 0.0100439060479, 0.00493241054937, 0.0044587017037, 0.00377511838451, 0.00279684457928, 0.000782871211413, 8.58839712237e-07, 1.75081389386e-08],
        "mean": [0.000778774847277, 0.0112139675766, 0.00223401561379, 0.00103395874612, 0.00121690251399, 0.000898441590834, 0.00114583736286, 0.000460210780147, 0.00057884468697, 0.000689030101057, 0.000452382664662, 0.000272928155027, 0.000224052884732, 0.000241985413595, 0.000318803329719, 0.000205391203053, 0.000296341982903, 0.00029128883034, 0.000233578481129, 0.000292625714792, 0.000246302050073, 0.000124003738165, 0.000105106795672, 6.36987242615e-05, 1.48806102516e-05, 1.25908350412e-08, 8.65662042049e-10],
        "median": [0.000131840162794, 0.00728354603052, 0.00120927882381, 0.000493625469971, 0.000373641931219, 0.000379437929951, 8.91680101631e-05, 7.45427096263e-05, 9.11090610316e-05, 5.53161007701e-05, 0.000101583689684, 5.27679658262e-05, 3.60487829312e-05, 2.6012357921e-05, 5.41563131264e-05, 2.3580614652e-05, 3.8065471017e-05, 2.12623108382e-05, 2.04821080843e-05, 2.84929446934e-05, 3.69429217244e-05, 1.38465047712e-05, 9.38266475714e-06, 6.74340253681e-06, 8.2812761093e-07, 1.10396980446e-09, 1.54598153723e-10],
        "min": [1.35018261317e-23, 4.64733673375e-23, 1.56303306261e-23, 1.49639561537e-23, 5.88005054284e-23, 1.78672908733e-23, 1.31329863268e-23, 2.28806234106e-23, 7.05068730957e-23, 5.16556123495e-23, 1.02973232511e-22, 1.03518840267e-22, 4.60079488697e-23, 1.04841160471e-22, 9.11095218029e-23, 1.07191214973e-22, 1.42582746356e-22, 2.92498112598e-22, 3.22116520062e-22, 2.96528396652e-22, 3.63239069123e-22, 5.27237823955e-22, 5.5183337102e-22, 7.90173973664e-22, 1.17267058899e-21, 2.0246216864e-21, 2.57673526081e-21],
        "var": [2.814089612e-06, 0.000354860181687, 1.00620036392e-05, 4.04965976486e-06, 5.87672138863e-06, 2.15999102693e-06, 1.70694293047e-05, 1.86870636298e-06, 3.31887281391e-06, 1.47649088831e-05, 1.37346296469e-06, 4.66800855747e-07, 1.49856293774e-06, 5.98302733579e-07, 7.31552916022e-07, 4.49567465921e-07, 1.01982300293e-06, 1.68611859408e-06, 7.52281437144e-07, 6.32574881365e-07, 2.96005481459e-07, 9.74347074134e-08, 8.24472721206e-08, 3.74042308238e-08, 3.54013507398e-09, 2.65182701203e-15, 3.250313366e-18]
    },
    "erbbands": {
        "dmean": [0.241030782461, 1.05204546452, 1.63863635063, 2.22412061691, 2.34323143959, 2.18165922165, 1.62295281887, 3.70278143883, 6.23025894165, 7.71186208725, 5.98928976059, 6.39237117767, 12.8073406219, 6.39345026016, 10.3057861328, 9.20950698853, 5.68180561066, 6.90409135818, 10.1536569595, 8.6385602951, 12.1910190582, 18.2693710327, 23.9487991333, 8.66070842743, 20.281129837, 15.213643074, 12.4266653061, 8.95857143402, 4.32803106308, 3.51587820053, 3.19620060921, 1.972260952, 0.729594171047, 0.212151110172, 0.0154528040439, 0.000707187631633, 4.79510745208e-05, 9.49391960603e-06, 7.08334891897e-06, 1.22098508655e-05],
        "dmean2": [0.377488553524, 1.77631437778, 2.79311466217, 3.90584540367, 3.8944299221, 3.39160656929, 2.5601541996, 5.49703264236, 9.36725234985, 11.5565986633, 8.88706016541, 9.19783592224, 16.371547699, 8.69128417969, 15.583978653, 14.5123434067, 8.75251197815, 10.3062705994, 16.3358840942, 13.3947172165, 20.9574642181, 32.2515258789, 43.7965393066, 15.1871852875, 36.1652259827, 26.1742935181, 20.9126338959, 14.9546375275, 6.76795339584, 5.87251186371, 5.47492408752, 3.21016597748, 1.13190960884, 0.306312263012, 0.021937277168, 0.00100866472349, 7.13831032044e-05, 1.47862238009e-05, 1.1360550161e-05, 1.94982767425e-05],
        "dvar": [0.49476608634, 5.68275117874, 10.1266927719, 40.447052002, 24.0759429932, 34.4182243347, 8.71238231659, 74.7983551025, 381.328918457, 899.804016113, 534.685546875, 524.729980469, 3932.9987793, 242.428665161, 583.852111816, 756.129272461, 529.122192383, 514.792297363, 916.102355957, 570.346740723, 2054.29418945, 4628.90283203, 11701.1904297, 825.243041992, 4629.71972656, 1964.31176758, 808.311706543, 342.057983398, 92.6349563599, 60.8066291809, 47.9194297791, 20.5965805054, 2.6163752079, 0.452984511852, 0.00414905743673, 7.28429904484e-06, 1.519987336e-08, 3.37754962887e-10, 1.36212388591e-10, 5.13335818297e-10],
        "dvar2": [1.15634715557, 14.5195083618, 26.1802253723, 112.68535614, 58.1715545654, 73.9877090454, 19.5451793671, 160.357269287, 726.867370605, 1809.22680664, 1163.58825684, 1056.62207031, 4966.21777344, 395.108337402, 1209.51000977, 1796.8939209, 849.736633301, 1243.45654297, 2158.82299805, 1201.78808594, 5823.05126953, 13090.0107422, 33444.6171875, 2289.17016602, 13055.5107422, 5479.70703125, 2091.4375, 863.069396973, 207.242446899, 141.394073486, 120.036590576, 47.5601119995, 5.47917699814, 0.775232076645, 0.00844908412546, 1.444236932e-05, 2.79462177843e-08, 6.73814559704e-10, 3.11820624876e-10, 1.17162812785e-09],
        "max": [6.38535690308, 21.2887306213, 27.5678081512, 67.3118362427, 71.0846405029, 152.630584717, 55.4753341675, 125.37789917, 314.403686523, 547.702453613, 586.049682617, 526.956115723, 2284.46679688, 352.034759521, 628.062988281, 533.345031738, 802.517272949, 648.33215332, 575.432434082, 604.741577148, 449.383575439, 660.26739502, 1188.87927246, 284.334381104, 754.955993652, 498.305328369, 288.876617432, 178.602035522, 185.541931152, 139.565490723, 89.906578064, 86.1258773804, 28.6174373627, 15.4758615494, 1.58552706242, 0.0671724900603, 0.00316814123653, 0.000407646817621, 0.000112039968371, 0.00022257285309],
        "mean": [0.438293397427, 2.05392003059, 2.64648032188, 3.27812314034, 4.17038631439, 4.29279279709, 3.11699342728, 8.88525485992, 14.3535671234, 14.7272071838, 10.5273094177, 11.9561424255, 29.8636226654, 12.5292224884, 16.5944042206, 12.9883852005, 9.73808002472, 12.1190376282, 17.3412227631, 12.6683187485, 12.7065086365, 16.4586372375, 18.3651866913, 7.8308634758, 15.9960269928, 14.0910568237, 11.9518079758, 7.65338850021, 4.37765073776, 3.40925788879, 2.8440694809, 1.97993755341, 0.864584863186, 0.317254930735, 0.0198157131672, 0.000928769877646, 6.8444533099e-05, 1.24700090964e-05, 1.45767944559e-05, 2.80618187389e-05],
        "median": [0.222821444273, 1.49009954929, 1.77503216267, 2.27458119392, 1.50602972507, 1.07027864456, 1.76322054863, 2.7539255619, 2.08593559265, 1.71996164322, 2.68400526047, 2.07046842575, 1.92080652714, 2.56059527397, 3.75770187378, 2.34488010406, 1.81375181675, 1.59654569626, 2.58523249626, 2.13390636444, 1.43572163582, 2.0892226696, 1.41166687012, 0.988222897053, 1.31697976589, 1.33655714989, 1.75578212738, 1.00535535812, 0.477403670549, 0.378712326288, 0.254380792379, 0.174752339721, 0.087024487555, 0.02241217345, 0.000846472219564, 6.22069928795e-05, 1.37299530252e-05, 2.67763948614e-06, 8.87068927113e-06, 1.87426667253e-05],
        "min": [2.03888267598e-21, 7.49055665519e-21, 1.52791261287e-20, 4.50126744686e-20, 9.63677498216e-20, 1.98279121937e-19, 1.87919137129e-19, 1.6955660641e-19, 2.21359089539e-19, 2.24286197383e-19, 5.83659260603e-19, 8.16952989568e-19, 2.91674554616e-18, 1.7073994256e-18, 6.61840277557e-18, 2.82968168476e-18, 2.38109832985e-18, 2.6875730895e-18, 7.14129176491e-18, 4.31229932839e-18, 6.32887301757e-18, 9.28065876166e-18, 1.54816860525e-17, 1.25392615114e-17, 1.79899110823e-17, 1.60132174248e-17, 1.59885558621e-17, 1.60558304613e-17, 1.67761624998e-17, 1.92889849995e-17, 1.35365121122e-17, 1.81181538558e-17, 1.15320963237e-17, 1.57789929626e-17, 7.22710430884e-18, 7.17048131436e-18, 2.98759604717e-18, 1.77468064226e-18, 3.37694804864e-19, 3.75317208633e-20],
        "var": [0.781952738762, 9.17905330658, 11.4698753357, 30.8638877869, 43.7489967346, 131.628433228, 20.2191524506, 267.674804688, 1817.28613281, 2673.58789062, 922.578796387, 1249.01599121, 24460.078125, 1054.42272949, 1752.85766602, 1242.28491211, 1721.20068359, 1411.76696777, 1903.60327148, 1267.1907959, 1638.93444824, 3090.37231445, 7023.33154297, 604.306091309, 3421.30712891, 1578.67370605, 783.249572754, 306.980407715, 137.208816528, 82.7892227173, 55.3223724365, 34.6979446411, 5.8963727951, 1.42239952087, 0.00888818502426, 1.66780537256e-05, 4.35353300077e-08, 8.96578866705e-10, 2.99112512536e-10, 1.1029878122e-09]
    },
    "gfcc": {
        "mean": [-99.1513900757, 140.134719849, -135.808563232, 68.4299926758, -58.7991485596, 24.6537761688, -14.6344003677, -4.62018156052, 1.38635575771, -16.278131485, 7.04420948029, -16.8831596375, 9.67525196075],
        "cov": [[13094.6171875, -969.237915039, -588.086608887, 801.696350098, -922.70123291, -53.9364471436, -619.657836914, 254.729614258, -125.879707336, 348.985961914, 116.253509521, -286.964752197, 81.7900085449], [-969.237915039, 1769.80200195, 301.2421875, -505.822357178, 489.378234863, -339.081512451, 294.264678955, -238.092132568, 198.220718384, -3.49940514565, 96.3921585083, -28.6371116638, 28.8797836304], [-588.086608887, 301.2421875, 850.203857422, 32.6152915955, 105.218605042, 68.1122741699, 61.8177833557, 4.54981470108, 86.027885437, 70.8388977051, 11.7442512512, 2.86734342575, 3.26973414421], [801.696350098, -505.822357178, 32.6152915955, 586.24395752, 11.1261100769, 71.0552597046, 55.1518859863, 48.0655860901, 3.22872614861, -17.371263504, 39.7914886475, 55.2128295898, 10.4248428345], [-922.70123291, 489.378234863, 105.218605042, 11.1261100769, 507.276123047, -30.9976196289, 271.144470215, -41.5303955078, 97.13722229, -43.0154762268, 30.4035987854, 60.9806442261, 36.5135192871], [-53.9364471436, -339.081512451, 68.1122741699, 71.0552597046, -30.9976196289, 339.78817749, 79.3592758179, 39.1309280396, -30.8538722992, -9.94445133209, -28.9954471588, 12.0079154968, 3.65502977371], [-619.657836914, 294.264678955, 61.8177833557, 55.1518859863, 271.144470215, 79.3592758179, 401.195343018, -50.3916702271, 76.3331756592, -43.3467903137, 21.3555374146, 50.795955658, 4.46124124527], [254.729614258, -238.092132568, 4.54981470108, 48.0655860901, -41.5303955078, 39.1309280396, -50.3916702271, 233.274307251, 4.50231933594, 22.0686416626, -2.43621873856, -40.2818717957, 5.69442415237], [-125.879707336, 198.220718384, 86.027885437, 3.22872614861, 97.13722229, -30.8538722992, 76.3331756592, 4.50231933594, 120.980407715, 12.8281812668, 6.69916439056, 7.04094934464, 10.2268781662], [348.985961914, -3.49940514565, 70.8388977051, -17.371263504, -43.0154762268, -9.94445133209, -43.3467903137, 22.0686416626, 12.8281812668, 110.505355835, 17.1914577484, -26.0400295258, 0.0974755883217], [116.253509521, 96.3921585083, 11.7442512512, 39.7914886475, 30.4035987854, -28.9954471588, 21.3555374146, -2.43621873856, 6.69916439056, 17.1914577484, 102.171524048, 16.7391281128, -2.61837410927], [-286.964752197, -28.6371116638, 2.86734342575, 55.2128295898, 60.9806442261, 12.0079154968, 50.795955658, -40.2818717957, 7.04094934464, -26.0400295258, 16.7391281128, 96.1830215454, 17.0170059204], [81.7900085449, 28.8797836304, 3.26973414421, 10.4248428345, 36.5135192871, 3.65502977371, 4.46124124527, 5.69442415237, 10.2268781662, 0.0974755883217, -2.61837410927, 17.0170059204, 62.7181625366]],
        "icov": [[0.00014123164874, -0.000247400428634, 0.000194026113604, -0.000440422067186, 0.000291737727821, -0.000167295409483, 0.000155997753609, -0.000126097205793, 0.000106078434328, -0.000441331620095, 8.13601654954e-05, 0.00019530665304, -0.000233117156313], [-0.000247400428634, 0.00447474932298, -0.00161429669242, 0.003926419653, -0.00225997995585, 0.00321750412695, -0.00212746113539, 0.00314738438465, -0.00275684753433, 0.0023662657477, -0.00406728498638, 0.00377614959143, -0.00206105713733], [0.000194026113604, -0.00161429669242, 0.00208179512993, -0.00167459633667, 0.000605840759818, -0.00162754522171, 0.00100597785786, -0.000947691034526, 4.91383616463e-05, -0.00205419328995, 0.00137271021958, -0.00104335648939, 0.00075232423842], [-0.000440422067186, 0.003926419653, -0.00167459633667, 0.0058149327524, -0.00202731508762, 0.00253657624125, -0.00216054264456, 0.0020776677411, -0.00235542398877, 0.00292680645362, -0.00405959691852, 0.00144775107037, -0.00129815924447], [0.000291737727821, -0.00225997995585, 0.000605840759818, -0.00202731508762, 0.00521713448688, -0.000734765490051, -0.00121190829668, -0.0017064823769, 0.000298591854516, -0.000630048569292, 0.00138324394356, -0.00217020791024, -0.00118891010061], [-0.000167295409483, 0.00321750412695, -0.00162754522171, 0.00253657624125, -0.000734765490051, 0.00630587199703, -0.00325183128007, 0.00133138417732, -0.000184351374628, 0.00156889075879, -0.00157030776609, 0.00207557831891, -0.00203055073507], [0.000155997753609, -0.00212746113539, 0.00100597785786, -0.00216054264456, -0.00121190829668, -0.00325183128007, 0.00609008548781, -0.000593864882831, -0.000799357891083, -0.000341390928952, 0.00118508771993, -0.00189424864948, 0.00229295971803], [-0.000126097205793, 0.00314738438465, -0.000947691034526, 0.0020776677411, -0.0017064823769, 0.00133138417732, -0.000593864882831, 0.00744746392593, -0.00292026647367, 0.00126912910491, -0.00329055613838, 0.00529945874587, -0.00239985482767], [0.000106078434328, -0.00275684753433, 4.91383616463e-05, -0.00235542398877, 0.000298591854516, -0.000184351374628, -0.000799357891083, -0.00292026647367, 0.0135186491534, -0.00317828962579, 0.00343579007313, -0.00262833992019, 0.000336117693223], [-0.000441331620095, 0.0023662657477, -0.00205419328995, 0.00292680645362, -0.000630048569292, 0.00156889075879, -0.000341390928952, 0.00126912910491, -0.00317828962579, 0.0137702198699, -0.00465130759403, 0.00370426033624, -0.00141141097993], [8.13601654954e-05, -0.00406728498638, 0.00137271021958, -0.00405959691852, 0.00138324394356, -0.00157030776609, 0.00118508771993, -0.00329055613838, 0.00343579007313, -0.00465130759403, 0.0154395829886, -0.00620658975095, 0.00364620960318], [0.00019530665304, 0.00377614959143, -0.00104335648939, 0.00144775107037, -0.00217020791024, 0.00207557831891, -0.00189424864948, 0.00529945874587, -0.00262833992019, 0.00370426033624, -0.00620658975095, 0.019046055153, -0.00638762349263], [-0.000233117156313, -0.00206105713733, 0.00075232423842, -0.00129815924447, -0.00118891010061, -0.00203055073507, 0.00229295971803, -0.00239985482767, 0.000336117693223, -0.00141141097993, 0.00364620960318, -0.00638762349263, 0.0200719777495]]
    },
    "melbands": {
        "dmean": [0.0017790903803, 0.000989965861663, 0.000380870042136, 0.000162087846547, 6.05106906733e-05, 8.4294246335e-05, 0.000100613375253, 7.9871257185e-05, 4.76208006148e-05, 4.54139844805e-05, 6.45547697786e-05, 2.41385587287e-05, 3.26989975292e-05, 2.59028638538e-05, 2.0571236746e-05, 1.29010104502e-05, 1.36262033266e-05, 1.70104831341e-05, 1.31421165861e-05, 1.19298092613e-05, 1.60549752763e-05, 1.97894478333e-05, 2.0598197807e-05, 1.76361791091e-05, 5.214736575e-06, 1.33469147841e-05, 1.31733240778e-05, 9.88893498288e-06, 7.57322550271e-06, 7.77084460424e-06, 4.42065811512e-06, 2.43182353188e-06, 2.3077602691e-06, 1.68464589478e-06, 1.42052806495e-06, 2.52005588663e-06, 8.66218272222e-07, 6.18944341113e-07, 2.96516816434e-07, 1.44877191133e-07],
        "dmean2": [0.00282070296817, 0.00172321638092, 0.000664408435114, 0.000261695706286, 9.16005737963e-05, 0.000124118305393, 0.000150529638631, 0.00011858662765, 7.11155298632e-05, 6.57840137137e-05, 8.22725924081e-05, 3.33627467626e-05, 4.85722557642e-05, 4.13895795646e-05, 3.10136892949e-05, 1.97865410883e-05, 2.06695258385e-05, 2.74978101515e-05, 2.07402845263e-05, 1.85163280548e-05, 2.83947192656e-05, 3.52906245098e-05, 3.71603709937e-05, 3.23435851897e-05, 9.03808358999e-06, 2.41249799728e-05, 2.26118045248e-05, 1.72292948264e-05, 1.27258344946e-05, 1.32487657538e-05, 7.24211304259e-06, 3.86621195503e-06, 3.80374717679e-06, 2.81367624666e-06, 2.39359633269e-06, 4.38958477389e-06, 1.35325683459e-06, 1.00343845588e-06, 4.38590177509e-07, 2.10104204257e-07],
        "dvar": [2.34592171182e-05, 3.93644768337e-06, 1.01706746136e-06, 1.23107128047e-07, 1.59537645317e-08, 3.84036340506e-08, 1.04498937503e-07, 9.26203895801e-08, 3.95995769509e-08, 2.80561689436e-08, 9.93659270421e-08, 3.66300079158e-09, 6.03772143393e-09, 4.33107771869e-09, 8.32798896511e-09, 2.56850718472e-09, 1.8740058394e-09, 2.60533616903e-09, 1.1087230023e-09, 1.25379429061e-09, 4.35368630036e-09, 5.92287108248e-09, 5.66585933726e-09, 7.73058239645e-09, 2.20293699948e-10, 2.12025774715e-09, 1.50600831805e-09, 8.70686467369e-10, 3.45468376128e-10, 2.85869883321e-10, 9.03724733936e-11, 3.65021103621e-11, 2.3287207232e-11, 1.70545886441e-11, 8.86686557511e-12, 3.58734812689e-11, 5.10948878693e-12, 1.91971026749e-12, 7.81612621847e-13, 3.05198710271e-13],
        "dvar2": [5.37160995009e-05, 1.01060031739e-05, 2.78458423963e-06, 2.8432160093e-07, 2.90331811925e-08, 8.200574797e-08, 1.95500931e-07, 1.90679642742e-07, 8.63109619331e-08, 5.68627207542e-08, 1.24835182191e-07, 6.23599216709e-09, 1.14260139128e-08, 1.05343520573e-08, 1.28175488001e-08, 5.57259216549e-09, 4.46702586032e-09, 6.22751672452e-09, 2.5868103215e-09, 2.74716738247e-09, 1.2570184893e-08, 1.68431526504e-08, 1.5986586277e-08, 2.22127720662e-08, 5.94744864468e-10, 6.00487171099e-09, 4.10778300264e-09, 2.44264009019e-09, 8.92180385126e-10, 7.52509221602e-10, 2.24981450136e-10, 8.43264000294e-11, 5.2428481695e-11, 4.07317755913e-11, 2.1211773657e-11, 9.49804956907e-11, 1.09780899649e-11, 4.51642499441e-12, 1.48263172572e-12, 5.93934135814e-13],
        "max": [0.0464665815234, 0.0171909220517, 0.0104180341586, 0.00652813445777, 0.0037798199337, 0.00285886414349, 0.00678529404104, 0.00505220005289, 0.00558894593269, 0.0034060459584, 0.0114418491721, 0.001305557671, 0.00212276075035, 0.00120761827566, 0.00344918342307, 0.00140255352017, 0.0010540940566, 0.000795515312348, 0.000603520078585, 0.000788542267401, 0.000681539357174, 0.000765231263358, 0.000743584649172, 0.00100866728462, 0.00014304034994, 0.000500874069985, 0.000544827489648, 0.000347746623447, 0.000226335352636, 0.000169671271578, 0.000103198603028, 0.000117311392387, 7.57174930186e-05, 8.93318210728e-05, 5.21129586559e-05, 6.68591892463e-05, 5.26376825292e-05, 1.97580320673e-05, 1.99637070182e-05, 1.24235830299e-05],
        "mean": [0.00349632231519, 0.00184868543874, 0.000610686489381, 0.000316744553857, 0.000119261872896, 0.000198364228709, 0.000233521132031, 0.000146186182974, 8.21684589027e-05, 8.41836372274e-05, 0.000146206788486, 4.33271270595e-05, 5.76459824515e-05, 3.48699286405e-05, 3.04785135086e-05, 1.89175934793e-05, 2.30976165767e-05, 2.74015528703e-05, 2.03261279239e-05, 1.53988366947e-05, 1.51824060595e-05, 1.77062174771e-05, 1.65526453202e-05, 1.36479466164e-05, 5.00277155879e-06, 9.78286880127e-06, 1.18671596283e-05, 8.80193601915e-06, 7.58679925639e-06, 6.2734416133e-06, 3.84375107387e-06, 2.47920615948e-06, 2.22961534746e-06, 1.66817665104e-06, 1.37215079121e-06, 2.00765680347e-06, 9.57128236223e-07, 6.57107875668e-07, 4.3722565124e-07, 1.96997802959e-07],
        "median": [0.00215574493632, 0.00147890823428, 0.0004138116783, 0.000105400395114, 5.55814694962e-05, 6.51745358482e-05, 2.93562752631e-05, 1.68125989148e-05, 2.17082324525e-05, 1.1874253687e-05, 8.77841557667e-06, 9.01074417925e-06, 1.22109368021e-05, 7.8597713582e-06, 4.74251010019e-06, 2.76138302979e-06, 2.42604528466e-06, 3.75972172151e-06, 4.01380520998e-06, 1.89848458376e-06, 1.51860888309e-06, 2.2877234187e-06, 1.39553230838e-06, 9.6309224773e-07, 6.99010286098e-07, 7.4589831911e-07, 9.4505890047e-07, 7.44548231069e-07, 9.29207317313e-07, 8.6454878101e-07, 4.16664079239e-07, 2.4521892783e-07, 2.35198356791e-07, 1.81168758218e-07, 1.45906525972e-07, 1.24766813769e-07, 8.82588437889e-08, 5.47159508812e-08, 3.51271332022e-08, 7.69700125858e-09],
        "min": [1.43012309518e-23, 8.65164817342e-24, 8.2617236943e-24, 1.10082904528e-23, 7.62167745455e-24, 3.61067040017e-24, 3.4900657951e-24, 2.66705963725e-24, 4.59473059765e-24, 7.47658621255e-24, 1.43745003526e-23, 5.9663818237e-24, 1.67231727703e-23, 1.54276012621e-23, 4.479783703e-24, 4.64462131674e-24, 4.64332245726e-24, 1.28609500103e-23, 6.91446759732e-24, 5.97720972848e-24, 7.61930929411e-24, 9.36177839372e-24, 9.6202005488e-24, 1.66438102078e-23, 9.10957640687e-24, 1.16773715071e-23, 1.3617872304e-23, 9.50533451239e-24, 1.14720925446e-23, 6.34667115572e-24, 1.10939512808e-23, 1.03896231325e-23, 8.23902501061e-24, 1.23074362898e-23, 7.75912305664e-24, 7.67570496022e-24, 1.26862607071e-23, 7.1848110184e-24, 9.66714408355e-24, 1.52278411705e-23],
        "var": [4.01230354328e-05, 5.3473349908e-06, 8.73732290074e-07, 3.64863836921e-07, 5.1470902207e-08, 1.29939380145e-07, 5.43472083336e-07, 2.38468658154e-07, 6.38767119199e-08, 7.25984179439e-08, 6.00766043135e-07, 1.3834086765e-08, 2.42988829058e-08, 5.74650238505e-09, 2.68151865157e-08, 4.55956472578e-09, 5.71678882011e-09, 5.36344657576e-09, 2.60599009039e-09, 2.70496403054e-09, 2.91733215363e-09, 3.85039067297e-09, 3.63875218845e-09, 4.61856197731e-09, 1.90634161235e-10, 1.39252775977e-09, 1.5823635735e-09, 6.42837283404e-10, 3.58186591498e-10, 2.27615537529e-10, 8.48284081867e-11, 5.00223196198e-11, 3.22462057056e-11, 2.40245184857e-11, 1.29408185556e-11, 3.31172381185e-11, 1.01758098475e-11, 3.13259639582e-12, 2.28458961818e-12, 7.35993785448e-13]
    },
    "mfcc": {
        "mean": [-717.696044922, 130.003753662, 5.5930557251, 34.7936439514, 3.86202383041, 20.4835834503, 6.37587785721, 11.1306056976, 6.21497154236, 7.04929924011, -5.07809686661, 6.43455886841, 1.23372995853],
        "cov": [[12144.2724609, -1274.25427246, -319.482086182, 562.800048828, -442.102081299, -216.82875061, -409.444213867, -315.81817627, -321.825042725, 273.606048584, -193.859130859, 326.845581055, -65.5250396729], [-1274.25427246, 2175.90209961, -23.6262626648, -78.0393600464, 78.1369628906, -13.0035085678, 35.7598457336, -160.236541748, 76.1605529785, 1.59244918823, 75.050819397, -13.7090520859, 71.6575469971], [-319.482086182, -23.6262626648, 719.760864258, -15.5257291794, 49.3608398438, 62.0634689331, -19.4452323914, -26.813709259, 32.9743080139, 14.0131416321, 58.2695236206, 32.9430274963, -7.62106132507], [562.800048828, -78.0393600464, -15.5257291794, 519.815490723, 50.0923576355, 55.7418479919, 22.7290267944, 64.3670120239, -8.51833438873, 19.7887153625, -2.51974415779, 56.7747001648, 29.6621341705], [-442.102081299, 78.1369628906, 49.3608398438, 50.0923576355, 243.19758606, -26.2288665771, 34.9840736389, 27.907289505, 52.7604560852, -1.28134047985, 19.8823165894, -17.9945297241, 16.4045066833], [-216.82875061, -13.0035085678, 62.0634689331, 55.7418479919, -26.2288665771, 338.01965332, 104.87902832, 102.13571167, 28.2496433258, 3.03895282745, -6.57912445068, -15.5960731506, 4.12065649033], [-409.444213867, 35.7598457336, -19.4452323914, 22.7290267944, 34.9840736389, 104.87902832, 209.464569092, 113.225654602, 47.1298484802, 34.8335266113, 23.103603363, -6.45690870285, 27.0611038208], [-315.81817627, -160.236541748, -26.813709259, 64.3670120239, 27.907289505, 102.13571167, 113.225654602, 216.136825562, 54.3420982361, 28.1682720184, -6.06456375122, -6.36174631119, 14.464600563], [-321.825042725, 76.1605529785, 32.9743080139, -8.51833438873, 52.7604560852, 28.2496433258, 47.1298484802, 54.3420982361, 154.084503174, 31.57122612, 24.4947280884, -23.2406520844, 5.0249786377], [273.606048584, 1.59244918823, 14.0131416321, 19.7887153625, -1.28134047985, 3.03895282745, 34.8335266113, 28.1682720184, 31.57122612, 139.623291016, 28.7571201324, 4.19687891006, -3.62599253654], [-193.859130859, 75.050819397, 58.2695236206, -2.51974415779, 19.8823165894, -6.57912445068, 23.103603363, -6.06456375122, 24.4947280884, 28.7571201324, 98.3898239136, 2.58831191063, 6.86764240265], [326.845581055, -13.7090520859, 32.9430274963, 56.7747001648, -17.9945297241, -15.5960731506, -6.45690870285, -6.36174631119, -23.2406520844, 4.19687891006, 2.58831191063, 92.9357757568, 21.787115097], [-65.5250396729, 71.6575469971, -7.62106132507, 29.6621341705, 16.4045066833, 4.12065649033, 27.0611038208, 14.464600563, 5.0249786377, -3.62599253654, 6.86764240265, 21.787115097, 82.6803741455]],
