{
"lowlevel": {
    "average_loudness": 0.206987023354,
    "barkbands_crest": {
        "dmean": 2.03065681458,
        "dmean2": 3.1937456131,
        "dvar": 4.69541406631,
        "dvar2": 9.37358474731,
        "max": 26.1990680695,
        "mean": 9.63716316223,
        "median": 8.42426967621,
        "min": 2.53039336205,
        "var": 25.6023101807
    },
    "barkbands_flatness_db": {
        "dmean": 0.0163327101618,
        "dmean2": 0.0242296736687,
        "dvar": 0.000339387595886,
        "dvar2": 0.000646000844426,
        "max": 0.445853114128,
        "mean": 0.169048264623,
        "median": 0.158137738705,
        "min": 0.0765779837966,
        "var": 0.00258076493628
    },
    "barkbands_kurtosis": {
        "dmean": 1.27108216286,
        "dmean2": 1.92223536968,
        "dvar": 8.34343338013,
        "dvar2": 15.1990585327,
        "max": 76.5123214722,
        "mean": 1.64319896698,
        "median": -0.0245332717896,
        "min": -1.70416891575,
        "var": 31.2786426544
    },
    "barkbands_skewness": {
        "dmean": 0.371584951878,
        "dmean2": 0.573633253574,
        "dvar": 0.178257778287,
        "dvar2": 0.369101643562,
        "max": 4.62937545776,
        "mean": 0.463082104921,
        "median": 0.464331835508,
        "min": -6.12631654739,
        "var": 0.840942502022
    },
    "barkbands_spread": {
        "dmean": 4.03943872452,
        "dmean2": 6.17475032806,
        "dvar": 17.5770988464,
        "dvar2": 37.2635955811,
        "max": 55.8886299133,
        "mean": 20.0805244446,
        "median": 18.6828956604,
        "min": 0.373990237713,
        "var": 114.03792572
    },
    "dissonance": {
        "dmean": 0.0186634026468,
        "dmean2": 0.0319183804095,
        "dvar": 0.000484924035845,
        "dvar2": 0.0013036201708,
        "max": 0.5,
        "mean": 0.466558933258,
        "median": 0.475828081369,
        "min": 0.275473743677,
        "var": 0.000949745241087
    },
    "dynamic_complexity": 5.30540037155,
    "erbbands_crest": {
        "dmean": 2.41740512848,
        "dmean2": 3.71468257904,
        "dvar": 7.52439069748,
        "dvar2": 14.0097532272,
        "max": 32.7481765747,
        "mean": 11.7059640884,
        "median": 9.53520393372,
        "min": 2.99100732803,
        "var": 48.6364097595
    },
    "erbbands_flatness_db": {
        "dmean": 0.0164153762162,
        "dmean2": 0.0235281754285,
        "dvar": 0.000345879147062,
        "dvar2": 0.000622985011432,
        "max": 0.520359635353,
        "mean": 0.247105538845,
        "median": 0.233359917998,
        "min": 0.145448058844,
        "var": 0.00288605736569
    },
    "erbbands_kurtosis": {
        "dmean": 1.22804820538,
        "dmean2": 1.79937124252,
        "dvar": 7.67622995377,
        "dvar2": 13.3540716171,
        "max": 75.0511398315,
        "mean": 1.77691543102,
        "median": -0.0502116680145,
        "min": -1.721103549,
        "var": 41.6602210999
    },
    "erbbands_skewness": {
        "dmean": 0.331425994635,
        "dmean2": 0.503498673439,
        "dvar": 0.132445514202,
        "dvar2": 0.264636695385,
        "max": 6.82700109482,
        "mean": 0.383432149887,
        "median": 0.234754025936,
        "min": -3.27591133118,
        "var": 1.05228459835
    },
    "erbbands_spread": {
        "dmean": 4.58222103119,
        "dmean2": 7.01218032837,
        "dvar": 22.3209533691,
        "dvar2": 48.8154525757,
        "max": 63.7164421082,
        "mean": 24.8971748352,
        "median": 24.9787654877,
        "min": 0.587470710278,
        "var": 145.21081543
    },
    "hfc": {
        "dmean": 8.74457359314,
        "dmean2": 14.3154039383,
        "dvar": 1284.91003418,
        "dvar2": 3434.00854492,
        "max": 422.738220215,
        "mean": 12.3485116959,
        "median": 3.21578741074,
        "min": 6.14111413597e-05,
        "var": 1210.71325684
    },
    "melbands_crest": {
        "dmean": 2.57035398483,
        "dmean2": 4.13521146774,
        "dvar": 6.06948280334,
        "dvar2": 13.9892606735,
        "max": 32.5695495605,
        "mean": 11.9990577698,
        "median": 10.6168861389,
        "min": 3.01405334473,
        "var": 32.7778129578
    },
    "melbands_flatness_db": {
        "dmean": 0.0203648321331,
        "dmean2": 0.028368556872,
        "dvar": 0.000410786451539,
        "dvar2": 0.00071845279308,
        "max": 0.418360978365,
        "mean": 0.160223945975,
        "median": 0.152553260326,
        "min": 0.04709533602,
        "var": 0.00275880517438
    },
    "melbands_kurtosis": {
        "dmean": 1.77623713017,
        "dmean2": 2.8100938797,
        "dvar": 7.78770399094,
        "dvar2": 17.9564857483,
        "max": 50.3857383728,
        "mean": 3.25766420364,
        "median": 1.70509767532,
        "min": -1.69226646423,
        "var": 23.3733081818
    },
    "melbands_skewness": {
        "dmean": 0.416187465191,
        "dmean2": 0.651405036449,
        "dvar": 0.19108967483,
        "dvar2": 0.389546632767,
        "max": 4.28735399246,
        "mean": 0.901951134205,
        "median": 0.967453718185,
        "min": -5.57519006729,
        "var": 1.05160975456
    },
    "melbands_spread": {
        "dmean": 7.47988271713,
        "dmean2": 11.3740205765,
        "dvar": 71.6496124268,
        "dvar2": 153.334014893,
        "max": 115.15802002,
        "mean": 32.2533531189,
        "median": 30.6245498657,
        "min": 1.42154097557,
        "var": 319.708740234
    },
    "pitch_salience": {
        "dmean": 0.0610979869962,
        "dmean2": 0.0952293127775,
        "dvar": 0.00426418986171,
        "dvar2": 0.0093501592055,
        "max": 0.915838599205,
        "mean": 0.579893410206,
        "median": 0.592813432217,
        "min": 0.116680592299,
        "var": 0.0163263082504
    },
    "silence_rate_20dB": {
        "dmean": 0,
        "dmean2": 0,
        "dvar": 0,
        "dvar2": 0,
        "max": 1,
        "mean": 1,
        "median": 1,
        "min": 1,
        "var": 0
    },
    "silence_rate_30dB": {
        "dmean": 0.00542215351015,
        "dmean2": 0.0108485082164,
        "dvar": 0.00539282988757,
        "dvar2": 0.0130556691438,
        "max": 1,
        "mean": 0.994579970837,
        "median": 1,
        "min": 0,
        "var": 0.00539073674008
    },
    "silence_rate_60dB": {
        "dmean": 0.0867544561625,
        "dmean2": 0.173576131463,
        "dvar": 0.0792255699635,
        "dvar2": 0.164369851351,
        "max": 1,
        "mean": 0.547425448895,
        "median": 1,
        "min": 0,
        "var": 0.247755140066
    },
    "spectral_centroid": {
        "dmean": 209.075378418,
        "dmean2": 310.023406982,
        "dvar": 41096.7265625,
        "dvar2": 86439.28125,
        "max": 3534.04980469,
        "mean": 1816.55419922,
        "median": 1820.18554688,
        "min": 656.885070801,
        "var": 258442.0625
    },
    "spectral_complexity": {
        "dmean": 3.0038728714,
        "dmean2": 4.5912437439,
        "dvar": 19.8636798859,
        "dvar2": 33.5240020752,
        "max": 46,
        "mean": 8.70576858521,
        "median": 7,
        "min": 0,
        "var": 47.1977424622
    },
    "spectral_decrease": {
        "dmean": 1.12246112405e-09,
        "dmean2": 1.85613402426e-09,
        "dvar": 2.09410466625e-17,
        "dvar2": 5.64220094346e-17,
        "max": -1.87879734285e-14,
        "mean": -1.92071714089e-09,
        "median": -6.64128529948e-10,
        "min": -5.70021327917e-08,
        "var": 2.11313809214e-17
    },
    "spectral_energy": {
        "dmean": 0.00501706730574,
        "dmean2": 0.00826732348651,
        "dvar": 0.000419757183408,
        "dvar2": 0.00112955190707,
        "max": 0.253482490778,
        "mean": 0.00836928002536,
        "median": 0.00284244166687,
        "min": 7.64804539699e-08,
        "var": 0.000418985669967
    },
    "spectral_energyband_high": {
        "dmean": 0.000164452707395,
        "dmean2": 0.000258232379565,
        "dvar": 2.15682135263e-07,
        "dvar2": 5.21984588886e-07,
        "max": 0.00527355074883,
        "mean": 0.000188636346138,
        "median": 5.93927688897e-05,
        "min": 2.51503662341e-09,
        "var": 1.97036470695e-07
    },
    "spectral_energyband_low": {
        "dmean": 9.61555488175e-05,
        "dmean2": 0.000167264370248,
        "dvar": 1.00923047697e-08,
        "dvar2": 2.87369825713e-08,
        "max": 0.00131853995845,
        "mean": 0.000146578997374,
        "median": 0.000121060031233,
        "min": 7.93462628934e-10,
        "var": 1.18823235695e-08
    },
    "spectral_energyband_middle_high": {
        "dmean": 0.00454351073131,
        "dmean2": 0.00754648959264,
        "dvar": 0.000387425621739,
        "dvar2": 0.00104311259929,
        "max": 0.252697169781,
        "mean": 0.00645700190216,
        "median": 0.00117843272164,
        "min": 1.17777281261e-08,
        "var": 0.000378874887247
    },
    "spectral_energyband_middle_low": {
        "dmean": 0.000509199453518,
        "dmean2": 0.000812550308183,
        "dvar": 1.08185804493e-06,
        "dvar2": 2.58584941548e-06,
        "max": 0.0207189526409,
        "mean": 0.00163006514776,
        "median": 0.000859695253894,
        "min": 6.19546938196e-08,
        "var": 4.92022672915e-06
    },
    "spectral_entropy": {
        "dmean": 0.119620479643,
        "dmean2": 0.158983305097,
        "dvar": 0.0179381817579,
        "dvar2": 0.0268199555576,
        "max": 8.40425491333,
        "mean": 7.57396793365,
        "median": 7.65534591675,
        "min": 5.32646226883,
        "var": 0.142845898867
    },
    "spectral_flux": {
        "dmean": 0.0150637235492,
        "dmean2": 0.023435022682,
        "dvar": 0.00160253536887,
        "dvar2": 0.00314835226163,
        "max": 0.452867031097,
        "mean": 0.0381482355297,
        "median": 0.0251020248979,
        "min": 0.000276550999843,
        "var": 0.00228931684978
    },
    "spectral_kurtosis": {
        "dmean": 2.34460830688,
        "dmean2": 4.06215333939,
        "dvar": 6.8527598381,
        "dvar2": 19.4579734802,
        "max": 38.782371521,
        "mean": 3.44383311272,
        "median": 2.51249933243,
        "min": -0.725104093552,
        "var": 12.4592695236
    },
    "spectral_rms": {
        "dmean": 0.000495485961437,
        "dmean2": 0.000740699528251,
        "dvar": 1.66326833551e-06,
        "dvar2": 4.07408106184e-06,
        "max": 0.0157257746905,
        "mean": 0.00220612273552,
        "median": 0.00166526692919,
        "min": 8.63800232764e-06,
        "var": 3.29816907652e-06
    },
    "spectral_rolloff": {
        "dmean": 480.770568848,
        "dmean2": 751.685241699,
        "dvar": 497753.96875,
        "dvar2": 1082674.25,
        "max": 7105.95703125,
        "mean": 2187.79736328,
        "median": 2153.3203125,
        "min": 409.130859375,
        "var": 1137678.875
    },
    "spectral_skewness": {
        "dmean": 0.26127794385,
        "dmean2": 0.440939068794,
        "dvar": 0.0655555874109,
        "dvar2": 0.178430005908,
        "max": 4.24951934814,
        "mean": 1.01194965839,
        "median": 0.931690514088,
        "min": -0.0162594169378,
        "var": 0.200233504176
    },
    "spectral_spread": {
        "dmean": 295386.0625,
        "dmean2": 425229.84375,
        "dvar": 146472534016,
        "dvar2": 261106008064,
        "max": 16356846,
        "mean": 2955055,
        "median": 2915275.75,
        "min": 1353107.625,
        "var": 358626197504
    },
    "spectral_strongpeak": {
        "dmean": 0.487453848124,
        "dmean2": 0.75927489996,
        "dvar": 1.2998803854,
        "dvar2": 2.48603129387,
        "max": 31.0788040161,
        "mean": 1.5382668972,
        "median": 0.793139755726,
        "min": 0.00101615488529,
        "var": 6.15667676926
    },
    "zerocrossingrate": {
        "dmean": 0.00893600098789,
        "dmean2": 0.0105834631249,
        "dvar": 0.000106831503217,
        "dvar2": 0.000144012476085,
        "max": 0.181640625,
        "mean": 0.0742930397391,
        "median": 0.072265625,
        "min": 0.0146484375,
        "var": 0.000528710952494
    },
    "barkbands": {
        "dmean": [7.57008820074e-07, 4.07242368965e-05, 5.38431231689e-05, 6.25081083854e-05, 8.69550494826e-05, 0.00011289093527, 5.64892616239e-05, 0.00014022126561, 0.000246119569056, 0.000525999930687, 0.00062607350992, 0.000584483903367, 0.000290426600259, 0.00106385163963, 0.000491319631692, 0.00060388003476, 0.000417258095695, 0.00032087857835, 0.000108672953502, 4.16009788751e-05, 1.44814921441e-05, 4.86198005092e-05, 7.39104434615e-05, 2.08524852496e-05, 3.36917366894e-07, 3.02053027035e-09, 2.32242358678e-09],
        "dmean2": [1.29918817038e-06, 7.09998348611e-05, 9.50376852416e-05, 0.000110168875835, 0.000151037223986, 0.000195637199795, 9.11378738238e-05, 0.000212342230952, 0.00038843069342, 0.000894953496754, 0.001113911625, 0.000933279981837, 0.000502907671034, 0.00162078149151, 0.000882801192347, 0.00108398078009, 0.000716216978617, 0.000519553432241, 0.000173323904164, 6.63220052957e-05, 2.28411427088e-05, 7.7471107943e-05, 0.000119049189379, 3.29289614456e-05, 6.17298212546e-07, 5.7116200658e-09, 4.48015313737e-09],
        "dvar": [1.15447592892e-12, 2.30159602488e-09, 3.65339802855e-09, 4.45858860942e-09, 9.20755915956e-09, 5.67912046279e-08, 2.07983728018e-08, 1.58218796287e-07, 5.02731836605e-07, 4.33476316175e-06, 1.00533843579e-05, 6.25902794127e-06, 1.41457348946e-06, 4.72472820547e-05, 7.26169719201e-06, 8.96049823496e-06, 4.02976320402e-06, 1.86445493e-06, 1.42424426031e-07, 9.0570466682e-09, 9.19388176701e-10, 2.05603587489e-08, 5.6801365389e-08, 3.97861565915e-09, 3.82620705952e-11, 2.39755259171e-15, 1.33489036119e-15],
        "dvar2": [3.12121075513e-12, 6.22397067218e-09, 1.04916164645e-08, 1.23234604743e-08, 2.61564085946e-08, 1.75953601911e-07, 5.54298580369e-08, 3.26658948779e-07, 1.19279195587e-06, 1.23702384371e-05, 2.84419893433e-05, 1.54542412929e-05, 3.82793996323e-06, 9.44626081036e-05, 2.05834548979e-05, 2.5491874112e-05, 1.12611805889e-05, 4.73265072287e-06, 3.50695074758e-07, 2.23581615444e-08, 2.22004081785e-09, 4.91548810544e-08, 1.40691170714e-07, 9.48947498358e-09, 1.13568258964e-10, 7.0234421916e-15, 3.94300824969e-15],
        "max": [1.33227058541e-05, 0.000595259596594, 0.000857560662553, 0.000561262713745, 0.00109678774606, 0.00389999011531, 0.00391336157918, 0.0104054072872, 0.0194698795676, 0.0299652405083, 0.0419101752341, 0.0441812723875, 0.0158093236387, 0.245509788394, 0.0314534753561, 0.0380730442703, 0.0313442721963, 0.0220118239522, 0.00369920418598, 0.00117682910059, 0.000739515235182, 0.00211084866896, 0.00238684145734, 0.000660945195705, 0.000224905947107, 1.54317456236e-06, 9.65260596786e-07],
        "mean": [8.00180941951e-07, 5.0197046221e-05, 6.0852846218e-05, 7.04178673914e-05, 0.000144520090544, 0.0002586953633, 0.00010570113227, 0.000401598052122, 0.000597621430643, 0.001185284229, 0.000586213544011, 0.000734132656362, 0.000332684256136, 0.00173573521897, 0.000358555698767, 0.000482465286041, 0.000485299999127, 0.000409061671235, 0.000142193719512, 6.77855932736e-05, 3.22503547068e-05, 4.92450599268e-05, 5.99230661464e-05, 1.77775236807e-05, 2.64011191575e-07, 1.8962138526e-09, 1.40715594732e-09],
        "median": [4.24059123816e-07, 3.47390669049e-05, 4.18467534473e-05, 4.96455540997e-05, 0.000103736834717, 8.23338486953e-05, 2.30822006415e-05, 6.06631256233e-05, 9.49141249293e-05, 9.89133404801e-05, 3.6792964238e-05, 5.65064474358e-05, 4.28278981417e-05, 6.06447756581e-05, 3.98940901505e-05, 5.14633284183e-05, 5.6783475884e-05, 5.84061417612e-05, 4.5398795919e-05, 3.49128604284e-05, 2.12811391975e-05, 1.05992839963e-05, 3.74797946279e-06, 1.22392691537e-06, 6.92209809472e-08, 1.99656999267e-10, 1.46520226507e-10],
        "min": [6.27456142599e-11, 2.05497049932e-10, 3.7120578833e-10, 2.99495261924e-10, 5.27305932252e-09, 3.67403742985e-08, 1.44469902708e-09, 8.67815064254e-09, 9.09645692104e-09, 1.53991652763e-09, 2.29240448846e-09, 1.99417771185e-09, 7.42906680617e-10, 1.06348152507e-09, 5.62398849713e-10, 5.60869239941e-10, 3.65782959477e-10, 8.63751903335e-10, 8.42152347857e-10, 1.47958978403e-09, 8.20065848561e-10, 7.80964237723e-10, 1.53733262231e-10, 7.42063979708e-11, 6.90072374243e-11, 3.93139618082e-11, 4.68518453201e-11],
        "var": [1.22928934827e-12, 2.55563992191e-09, 3.70908770364e-09, 4.75316985771e-09, 1.9625316483e-08, 2.01494444241e-07, 4.95649175036e-08, 1.03419415609e-06, 2.28662634072e-06, 8.6772161012e-06, 8.29141663417e-06, 7.91732327343e-06, 1.32754450988e-06, 0.000104870945506, 4.32184060628e-06, 5.45617422176e-06, 4.00312273996e-06, 2.6486054594e-06, 1.40030635976e-07, 1.1005570677e-08, 2.03944972021e-09, 1.87148962993e-08, 4.72882888403e-08, 3.56098728282e-09, 1.9834522913e-11, 1.28456792204e-15, 6.99260002793e-16]
    },
    "erbbands": {
        "dmean": [0.000712089706212, 0.0110556697473, 0.0503797866404, 0.136435210705, 0.239277049899, 0.307339638472, 0.572798907757, 1.19510519505, 0.818059444427, 1.1640971899, 3.45262885094, 5.00549459457, 8.4365234375, 26.9575786591, 25.4437294006, 20.5812931061, 13.7294940948, 36.1328353882, 47.4524726868, 32.796749115, 26.9735012054, 23.7772884369, 19.8356323242, 8.77830314636, 3.81484222412, 1.92270028591, 0.753317534924, 0.572169423103, 1.59479236603, 2.00375938416, 2.2535507679, 0.934108495712, 0.10396514833, 0.0092706726864, 0.000837788742501, 6.83864636812e-05, 1.60436211445e-05, 4.76373770653e-06, 4.27708891948e-06, 6.86823204887e-06],
        "dmean2": [0.00121632684022, 0.0193624626845, 0.0891415402293, 0.239438489079, 0.419025480747, 0.532822072506, 0.970916688442, 2.09318327904, 1.33466756344, 1.8093599081, 5.22730112076, 7.73308992386, 14.3562135696, 47.0870780945, 43.0334396362, 33.5026855469, 23.0701618195, 56.8357963562, 76.2397537231, 59.189781189, 46.9615516663, 41.3627090454, 32.2721138, 14.433177948, 6.039894104, 3.07043385506, 1.18308317661, 0.910773634911, 2.56840729713, 3.17893719673, 3.63935709, 1.48699593544, 0.166682481766, 0.0159200876951, 0.00153381202836, 0.000118056013889, 2.71797071036e-05, 7.93863637227e-06, 7.02739498593e-06, 1.12552088467e-05],
        "dvar": [6.67378344588e-07, 0.000171186387888, 0.0032426211983, 0.0215013828129, 0.0658479034901, 0.139530912042, 0.647117257118, 8.3632106781, 4.14547777176, 7.29345655441, 93.2908477783, 248.285140991, 1169.36169434, 14066.0878906, 13038.2880859, 8379.58398438, 2884.60327148, 29162.1679688, 113496.429688, 29249.8398438, 16745.6230469, 13773.859375, 7271.34765625, 1283.64404297, 129.48677063, 17.658864975, 1.8525261879, 1.86196959019, 21.4526157379, 38.0781517029, 55.8802452087, 8.15733242035, 0.106195040047, 0.00948561914265, 0.000329638627591, 5.41753593097e-07, 1.35124986755e-08, 6.87900014729e-10, 3.13986697753e-10, 7.66229579785e-10],
        "dvar2": [1.76100184035e-06, 0.000464604643639, 0.00928082689643, 0.0606318488717, 0.188765317202, 0.40050521493, 1.72997570038, 26.8858966827, 10.7937698364, 16.9226799011, 202.66343689, 538.718017578, 3289.86669922, 40634.3320312, 36053.7890625, 21546.5859375, 7560.98583984, 62920.375, 240732.90625, 82838.1640625, 47070.9414062, 38726.5195312, 18739.4492188, 3370.81201172, 310.455047607, 43.7197570801, 3.93701910973, 4.84610652924, 53.2398834229, 90.4304656982, 139.392852783, 19.4127216339, 0.269816964865, 0.0280210729688, 0.000982002704404, 1.59789442478e-06, 3.85919918244e-08, 1.92392590748e-09, 8.49775250167e-10, 2.05595962477e-09],
        "max": [0.00806665141135, 0.161404103041, 0.769262909889, 1.29977595806, 2.81386113167, 3.96539282799, 13.5539646149, 46.6889877319, 58.2816963196, 57.677444458, 280.099304199, 598.236938477, 496.992706299, 1596.10095215, 1600.37585449, 1637.41467285, 783.39453125, 3029.32739258, 11873.9833984, 2174.47119141, 1678.7401123, 1723.67211914, 1316.62878418, 441.696594238, 159.786315918, 45.5813026428, 30.599691391, 32.9497413635, 63.9466934204, 85.5724258423, 76.4973602295, 28.183429718, 5.82773733139, 3.50848150253, 0.659015536308, 0.0254705380648, 0.00354181695729, 0.000623009866104, 0.000258669519098, 0.000328482419718],
        "mean": [0.000920373247936, 0.013621693477, 0.0606646090746, 0.16924610734, 0.303900450468, 0.45672917366, 1.0715662241, 2.72060990334, 1.74096429348, 2.96790242195, 9.92600917816, 13.176735878, 15.2071828842, 51.9471435547, 29.4387340546, 25.5412273407, 19.1315231323, 65.5252838135, 51.5919189453, 25.0479660034, 25.1001758575, 24.6640663147, 25.9911708832, 10.9075345993, 5.77889585495, 3.23755383492, 1.71583771706, 1.10786104202, 1.63255751133, 1.82870006561, 1.79574418068, 0.77305495739, 0.0921581238508, 0.00838880147785, 0.000582014385145, 5.63380381209e-05, 1.49642646647e-05, 4.8473748393e-06, 6.0870015659e-06, 1.09679176603e-05],
        "median": [0.000637722143438, 0.00952953472733, 0.0438634380698, 0.126937404275, 0.227223753929, 0.316608816385, 0.466496556997, 0.715807914734, 0.605898320675, 0.842205107212, 1.57927775383, 2.00295734406, 4.10925769806, 3.82636022568, 3.39653992653, 2.6352789402, 2.5145008564, 3.15768146515, 2.63346886635, 2.5891084671, 3.13270020485, 3.35470080376, 3.23027610779, 2.81970882416, 2.19994854927, 1.67643237114, 1.09883475304, 0.688801944256, 0.406091988087, 0.208865270019, 0.0952602848411, 0.0405323840678, 0.0135849835351, 0.00220943172462, 7.79390320531e-05, 9.37565528147e-06, 2.94430219583e-06, 1.00965598904e-06, 1.86110185041e-06, 3.61848037755e-06],
        "min": [1.05676569717e-08, 3.47022677261e-08, 2.96219440088e-07, 9.63276420407e-07, 3.77658398065e-06, 2.17188680836e-05, 0.000146069083712, 0.000272314762697, 5.74406039959e-05, 6.29429414403e-05, 0.000188308156794, 0.000239539673203, 0.000116397743113, 3.09278620989e-05, 0.000149752391735, 5.4933145293e-05, 3.45074586221e-05, 5.27896663698e-05, 2.84280376945e-05, 2.97749502352e-05, 3.83651531592e-05, 2.4371795007e-05, 4.59390794276e-05, 3.54506264557e-05, 5.23540766153e-05, 7.75284788688e-05, 4.65763187094e-05, 2.65863673121e-05, 2.93384618999e-05, 1.26547392938e-05, 4.30582213085e-06, 2.05262085728e-06, 1.21258119634e-06, 9.72364205154e-07, 3.48018204477e-07, 1.32774957251e-07, 7.35109466632e-08, 3.1759963548e-08, 5.41562572565e-09, 8.64179894311e-10],
        "var": [8.52224957271e-07, 0.00018549952074, 0.0032455441542, 0.0230345614254, 0.0707768946886, 0.217288345098, 2.26246786118, 28.5192127228, 11.4307422638, 30.305437088, 584.989685059, 1702.53393555, 1203.59765625, 18124.4570312, 11743.9091797, 9368.61621094, 3969.95751953, 83647.3984375, 204647.03125, 17686.9785156, 11597.8671875, 10055.4824219, 9908.20214844, 1248.19567871, 161.18258667, 23.0315952301, 5.15230083466, 2.73458266258, 18.7075843811, 34.2473335266, 45.8808670044, 7.22135019302, 0.0869869217277, 0.00504668196663, 0.000168889630004, 2.8817311204e-07, 8.00925459288e-09, 4.4266987298e-10, 2.69743949399e-10, 7.47352957298e-10]
    },
    "gfcc": {
        "mean": [-122.40827179, 125.672912598, -198.514862061, 48.564289093, -71.4584503174, 4.22314214706, -17.4038944244, -14.8431386948, -1.97862124443, -29.8298397064, 2.52802491188, -17.1381511688, 1.39392220974],
        "cov": [[2668.47485352, -622.308410645, -492.67791748, -334.250244141, 67.8326187134, 302.932250977, -127.408355713, 58.721824646, 199.92829895, -154.720947266, 63.5243263245, 47.7422676086, -186.733230591], [-622.308410645, 571.842224121, 169.255523682, -18.00822258, -19.4460029602, -274.076019287, 109.239105225, -3.08461380005, -34.8824081421, 77.5829772949, 16.2535171509, -20.3427085876, 86.3220901489], [-492.67791748, 169.255523682, 296.651092529, 171.671859741, -123.096580505, -51.3478240967, -51.7927284241, -18.8357791901, -32.3348426819, 58.7400817871, 10.7012319565, -4.95558023453, 58.1979103088], [-334.250244141, -18.00822258, 171.671859741, 421.451019287, -37.6756973267, -2.20369505882, -107.774726868, -52.9496383667, -37.3082389832, 41.1338577271, 3.97413921356, 8.83251476288, 20.3021316528], [67.8326187134, -19.4460029602, -123.096580505, -37.6756973267, 218.783233643, 58.9633750916, 64.7515869141, -36.6689987183, -37.5563659668, -4.21660852432, -9.15838432312, -13.5242366791, -15.6112947464], [302.932250977, -274.076019287, -51.3478240967, -2.20369505882, 58.9633750916, 290.862335205, -5.31825399399, -30.6642131805, -11.8570137024, -38.5994644165, -6.46036481857, -10.780002594, -36.5866966248], [-127.408355713, 109.239105225, -51.7927284241, -107.774726868, 64.7515869141, -5.31825399399, 203.461761475, 34.4647636414, -27.0356273651, -19.7989025116, -44.3736686707, -13.0104541779, 26.0254611969], [58.721824646, -3.08461380005, -18.8357791901, -52.9496383667, -36.6689987183, -30.6642131805, 34.4647636414, 136.749801636, 52.8767433167, -41.9097824097, -24.6367835999, -5.13306236267, 2.61671257019], [199.92829895, -34.8824081421, -32.3348426819, -37.3082389832, -37.5563659668, -11.8570137024, -27.0356273651, 52.8767433167, 107.61579895, -1.05660617352, 0.27481931448, 3.83751320839, -35.4422149658], [-154.720947266, 77.5829772949, 58.7400817871, 41.1338577271, -4.21660852432, -38.5994644165, -19.7989025116, -41.9097824097, -1.05660617352, 108.987983704, 43.2427482605, -12.2959766388, 4.95212316513], [63.5243263245, 16.2535171509, 10.7012319565, 3.97413921356, -9.15838432312, -6.46036481857, -44.3736686707, -24.6367835999, 0.27481931448, 43.2427482605, 85.8404846191, 37.2022819519, -9.89727020264], [47.7422676086, -20.3427085876, -4.95558023453, 8.83251476288, -13.5242366791, -10.780002594, -13.0104541779, -5.13306236267, 3.83751320839, -12.2959766388, 37.2022819519, 79.47240448, 17.2010879517], [-186.733230591, 86.3220901489, 58.1979103088, 20.3021316528, -15.6112947464, -36.5866966248, 26.0254611969, 2.61671257019, -35.4422149658, 4.95212316513, -9.89727020264, 17.2010879517, 92.5231781006]],
        "icov": [[0.000864790403284, 0.000265798007604, 0.000975960167125, 0.000239413013333, 0.000172068859683, -0.00041695847176, 0.000354643940227, 0.000322680076351, -0.00127040594816, 0.00105914915912, -0.00134296470787, 0.000531472964212, -0.000199585207156], [0.000265798007604, 0.00966697372496, -0.00662041176111, 0.00114443362691, -0.00330444471911, 0.00865528639406, -0.00671758502722, 0.00435195863247, -0.00468345126137, 0.00492441561073, -0.00965891685337, 0.00805715750903, -0.00452670641243], [0.000975960167125, -0.00662041176111, 0.0139182610437, -0.00276594795287, 0.00679008523002, -0.00698569882661, 0.00530857872218, -0.00303654302843, 0.00371706020087, -0.0051715769805, 0.0051282113418, -0.00358110433444, -0.00011041398102], [0.000239413013333, 0.00114443362691, -0.00276594795287, 0.00421397993341, -0.00130834931042, 0.000669820816256, 0.00166853796691, 0.000284246110823, 0.000667547166813, -0.000822688860353, 0.00169189670123, -0.00140001426917, 0.000538347871043], [0.000172068859683, -0.00330444471911, 0.00679008523002, -0.00130834931042, 0.00951917748898, -0.00408510118723, 0.000343605788657, -9.65062645264e-05, 0.00373622123152, -0.00302105071023, 0.00297124497592, -0.00164070969913, 0.00155893038027], [-0.00041695847176, 0.00865528639406, -0.00698569882661, 0.000669820816256, -0.00408510118723, 0.0124859930947, -0.0065019284375, 0.00516555644572, -0.00370911951177, 0.00645093014464, -0.00904078502208, 0.0082849143073, -0.00301217008382], [0.000354643940227, -0.00671758502722, 0.00530857872218, 0.00166853796691, 0.000343605788657, -0.0065019284375, 0.0137953897938, -0.0063393949531, 0.00641845399514, -0.00626330915838, 0.0121879344806, -0.00833244994283, 0.00271033868194], [0.000322680076351, 0.00435195863247, -0.00303654302843, 0.000284246110823, -9.65062645264e-05, 0.00516555644572, -0.0063393949531, 0.0158902145922, -0.0108279315755, 0.0101340506226, -0.00844764057547, 0.00858405977488, -0.00539097888395], [-0.00127040594816, -0.00468345126137, 0.00371706020087, 0.000667547166813, 0.00373622123152, -0.00370911951177, 0.00641845399514, -0.0108279315755, 0.0228053275496, -0.0117136593908, 0.0134546291083, -0.0111396489665, 0.0098586184904], [0.00105914915912, 0.00492441561073, -0.0051715769805, -0.000822688860353, -0.00302105071023, 0.00645093014464, -0.00626330915838, 0.0101340506226, -0.0117136593908, 0.0263346582651, -0.0226724985987, 0.0171558167785, -0.00701826252043], [-0.00134296470787, -0.00965891685337, 0.0051282113418, 0.00169189670123, 0.00297124497592, -0.00904078502208, 0.0121879344806, -0.00844764057547, 0.0134546291083, -0.0226724985987, 0.0418740324676, -0.0272378288209, 0.0123517168686], [0.000531472964212, 0.00805715750903, -0.00358110433444, -0.00140001426917, -0.00164070969913, 0.0082849143073, -0.00833244994283, 0.00858405977488, -0.0111396489665, 0.0171558167785, -0.0272378288209, 0.033056050539, -0.0130290035158], [-0.000199585207156, -0.00452670641243, -0.00011041398102, 0.000538347871043, 0.00155893038027, -0.00301217008382, 0.00271033868194, -0.00539097888395, 0.0098586184904, -0.00701826252043, 0.0123517168686, -0.0130290035158, 0.0209375657141]]
    },
    "melbands": {
        "dmean": [8.88200611371e-06, 2.14235606109e-05, 2.50946377491e-05, 1.81200284715e-05, 1.84075761354e-05, 2.43371850956e-05, 1.25851311168e-05, 1.70454713952e-05, 2.72364195553e-05, 3.47848472302e-05, 4.26573278673e-05, 0.000109439068183, 8.47073097248e-05, 7.41091862437e-05, 3.49382789864e-05, 3.90551067539e-05, 6.84260376147e-05, 8.97917052498e-05, 3.80383025913e-05, 4.58379690826e-05, 2.81359007204e-05, 2.50621833402e-05, 2.14952469832e-05, 1.4259980162e-05, 6.59150964566e-06, 3.71744363292e-06, 1.97768667931e-06, 1.16884291401e-06, 5.69260748762e-07, 3.58817970891e-07, 3.44746268865e-07, 7.36128981771e-07, 1.31719559704e-06, 1.04202752027e-06, 1.40849977015e-06, 1.06155687263e-06, 3.72118222458e-07, 6.83180729766e-08, 1.39699087853e-08, 3.90478538392e-09],
        "dmean2": [1.53029504872e-05, 3.76142634195e-05, 4.37940725533e-05, 3.1619467336e-05, 3.12167358061e-05, 4.24295612902e-05, 2.05061096494e-05, 2.57667197729e-05, 4.16247603425e-05, 5.38095773663e-05, 7.3080729635e-05, 0.000190607519471, 0.000146040561958, 0.000117167983262, 6.01782048761e-05, 6.18116755504e-05, 0.000108724205347, 0.000141415395774, 6.85539635015e-05, 8.32142759464e-05, 4.80047274323e-05, 4.37124836026e-05, 3.53912728315e-05, 2.33014725382e-05, 1.09253860501e-05, 5.84849976804e-06, 3.16409364132e-06, 1.8794147536e-06, 8.98317352949e-07, 5.62643549529e-07, 5.68361372189e-07, 1.21473158288e-06, 2.09138011087e-06, 1.66001495927e-06, 2.29403258345e-06, 1.7212861394e-06, 5.85971122291e-07, 1.11095218358e-07, 2.41440663018e-08, 7.17305459474e-09],
        "dvar": [1.06111217035e-10, 5.71985736553e-10, 6.61541987856e-10, 3.78878428631e-10, 6.35323293974e-10, 3.21296367289e-09, 9.52986911607e-10, 1.82133796933e-09, 5.46882805708e-09, 1.09921112212e-08, 3.06347303081e-08, 2.24607447308e-07, 1.6010278614e-07, 1.01207859871e-07, 2.84390555549e-08, 3.31962652922e-08, 1.03468998702e-07, 5.12668520969e-07, 4.22459400795e-08, 5.54373116302e-08, 1.71730825116e-08, 1.62740434462e-08, 8.52517967331e-09, 3.77726872003e-09, 7.12013781268e-10, 1.4105175361e-10, 2.29620541331e-11, 5.6775452395e-12, 1.2595510572e-12, 7.81520735713e-13, 8.90579276991e-13, 4.55713548494e-12, 1.5925786731e-11, 1.02952811207e-11, 2.36517333496e-11, 1.10182245272e-11, 1.23184318648e-12, 4.8105325333e-14, 1.43782961882e-14, 5.38538423315e-15],
        "dvar2": [2.87014717548e-10, 1.62030711071e-09, 1.85505877326e-09, 1.09166120588e-09, 1.69835823183e-09, 1.02085797593e-08, 2.49909204442e-09, 3.75956776821e-09, 1.22100987099e-08, 2.50764760068e-08, 8.64082210228e-08, 6.48667196401e-07, 4.45384756631e-07, 2.41435145654e-07, 7.86755336435e-08, 7.19967232499e-08, 2.29979463029e-07, 1.04409889445e-06, 1.19586403002e-07, 1.57778870857e-07, 4.77110688735e-08, 4.57174067492e-08, 2.20001243889e-08, 9.64516466695e-09, 1.8665522461e-09, 3.35234839888e-10, 5.61000655652e-11, 1.42151932586e-11, 2.72212894586e-12, 1.70527155764e-12, 2.43469350583e-12, 1.17922451318e-11, 3.71089582674e-11, 2.49595413782e-11, 6.04830838191e-11, 2.64556831303e-11, 2.93248650189e-12, 1.2426626568e-13, 4.25062308756e-14, 1.59263098857e-14],
        "max": [0.000123925128719, 0.000303307315335, 0.000221817084821, 0.000196094362764, 0.00042700857739, 0.000912100251298, 0.000889268994797, 0.00112759938929, 0.0020588405896, 0.00343907088973, 0.00254922779277, 0.00642225844786, 0.00656616967171, 0.00637173838913, 0.00251579587348, 0.003630989464, 0.00575296767056, 0.0266049075872, 0.00237907352857, 0.00315995654091, 0.0019245777512, 0.00204370333813, 0.00158521335106, 0.00149278249592, 0.000337403238518, 0.000185614495422, 6.14626260358e-05, 3.54692201654e-05, 2.76578703051e-05, 2.85185815301e-05, 2.47676453e-05, 2.89945528493e-05, 6.52011076454e-05, 3.86272222386e-05, 5.21982947248e-05, 3.31298506353e-05, 1.1528104551e-05, 3.90549030271e-06, 4.25026337325e-06, 2.683757657e-06],
        "mean": [1.13204278023e-05, 2.76184255199e-05, 3.34881369781e-05, 2.59007556451e-05, 3.51716662408e-05, 5.55335427634e-05, 2.62444264081e-05, 4.71846578876e-05, 7.86729651736e-05, 8.52817247505e-05, 7.3765302659e-05, 0.000216689353692, 9.32500552153e-05, 9.58164673648e-05, 3.31651499437e-05, 7.42361080484e-05, 0.00011747283861, 0.000100009659945, 2.77040253422e-05, 3.41424565704e-05, 2.83214503725e-05, 2.3912600227e-05, 2.98387967632e-05, 1.85807311937e-05, 7.5399416346e-06, 5.13083477927e-06, 2.96138227895e-06, 1.91321191778e-06, 1.1532534927e-06, 7.49709840875e-07, 5.8719979279e-07, 7.78804690071e-07, 1.23113750305e-06, 9.22005028769e-07, 1.10047210455e-06, 8.4255435695e-07, 3.16808751677e-07, 6.07009766895e-08, 1.32621442717e-08, 2.88118262581e-09],
        "median": [7.97937627794e-06, 2.06725380849e-05, 2.58337258856e-05, 2.01795737667e-05, 1.61198204296e-05, 1.55404741236e-05, 8.53380061017e-06, 1.02473995867e-05, 1.16689361676e-05, 1.2423728549e-05, 1.81856084964e-05, 1.39088197102e-05, 8.79592153069e-06, 6.9395528044e-06, 3.86229157812e-06, 5.16486852575e-06, 5.32474768988e-06, 3.29221734319e-06, 3.04291552311e-06, 3.14243129651e-06, 3.3934345538e-06, 3.23392987411e-06, 2.89785293717e-06, 2.68978624263e-06, 2.15324325836e-06, 1.67073915236e-06, 1.31456772579e-06, 1.02720548512e-06, 7.09547464339e-07, 4.74578968124e-07, 3.53191694558e-07, 2.35292858974e-07, 1.5466694947e-07, 9.45194642554e-08, 5.70633673647e-08, 3.3669241617e-08, 1.97558414072e-08, 1.0312350085e-08, 4.34212443778e-09, 5.85052839508e-10],
        "min": [7.25698390269e-11, 1.1612660139e-10, 1.81751391715e-10, 7.67033103699e-10, 4.34615099465e-09, 6.14442541291e-09, 7.26105231497e-10, 1.05829700559e-09, 1.2995930998e-09, 1.58934121419e-09, 5.57827339875e-10, 1.14345602431e-10, 3.82392228993e-10, 3.28960247931e-10, 5.25471957613e-11, 8.29511181966e-11, 1.05966374564e-10, 4.96425053842e-11, 5.1341791929e-11, 2.96898582108e-11, 4.57898892414e-11, 2.46741255899e-11, 3.08884133549e-11, 3.97981925193e-11, 2.52148493057e-11, 4.16717216289e-11, 4.59237509132e-11, 4.88721840775e-11, 3.35060000578e-11, 1.4749991159e-11, 1.47827635549e-11, 1.77604788515e-11, 1.21451858986e-11, 4.81287058818e-12, 2.37950956682e-12, 1.92994470231e-12, 1.01907924373e-12, 1.00777925501e-12, 6.45318325686e-13, 8.60584661259e-13],
        "var": [1.24385474143e-10, 6.02077276923e-10, 7.6367662194e-10, 4.64000698974e-10, 2.40034747634e-09, 1.09413473837e-08, 2.62607824375e-09, 1.07228714796e-08, 3.55294176302e-08, 5.88351909414e-08, 3.06165972574e-08, 3.14761848585e-07, 1.5540133802e-07, 1.4073484067e-07, 2.07251549256e-08, 1.04534116474e-07, 2.66675669991e-07, 9.92171180769e-07, 2.52654874799e-08, 3.29855929238e-08, 1.4337584453e-08, 1.16551213125e-08, 1.60496345103e-08, 8.60176285755e-09, 5.70584690607e-10, 1.63899407934e-10, 2.85281485934e-11, 7.96137461512e-12, 2.98670962094e-12, 1.55875778864e-12, 1.01680306969e-12, 3.77645571065e-12, 1.47169741671e-11, 9.01722880392e-12, 1.86133677915e-11, 9.44772992478e-12, 1.11006885108e-12, 3.83384255874e-14, 7.72706314353e-15, 2.82262612365e-15]
    },
    "mfcc": {
        "mean": [-724.869384766, 117.896102905, -48.8021774292, 26.2849063873, -20.1480693817, 7.59864616394, -9.12553882599, 13.3803415298, -7.54218673706, 3.72284555435, -8.46274662018, -1.42384886742, -8.22375297546],
        "cov": [[2562.84619141, -394.098937988, -524.101928711, -430.308197021, 53.9591751099, 144.0496521, -269.12677002, 379.409942627, -248.474853516, 191.190994263, -18.0135574341, 75.1126937866, -6.76302957535], [-394.098937988, 566.995178223, 1.6570430994, 72.6796875, -136.51109314, -177.491928101, 87.0314025879, -136.692245483, 120.06022644, -89.0187530518, 63.4339103699, 21.6427497864, 1.77193689346], [-524.101928711, 1.6570430994, 430.06918335, 139.645767212, -4.60224723816, -29.6335773468, -45.0758514404, -111.287834167, -6.48727655411, -6.81244325638, -26.0449447632, -4.40766191483, 21.9245910645], [-430.308197021, 72.6796875, 139.645767212, 335.141082764, 23.2700328827, -30.8881855011, 17.0713882446, -136.728500366, 33.7958145142, -74.5411605835, 3.4867181778, 9.90139198303, 30.2930049896], [53.9591751099, -136.51109314, -4.60224723816, 23.2700328827, 150.550003052, 77.4018249512, -16.7964706421, 6.24157714844, -62.1320266724, 9.28932857513, -4.99866962433, 4.67799091339, -13.0769948959], [144.0496521, -177.491928101, -29.6335773468, -30.8881855011, 77.4018249512, 230.893661499, 47.5189323425, 22.2571811676, -66.0238342285, 30.0075855255, -19.0869064331, -35.5794639587, -16.0937900543], [-269.12677002, 87.0314025879, -45.0758514404, 17.0713882446, -16.7964706421, 47.5189323425, 193.980148315, -23.9696655273, 71.7875289917, -47.3504524231, -0.672700345516, -31.826051712, -14.7731180191], [379.409942627, -136.692245483, -111.287834167, -136.728500366, 6.24157714844, 22.2571811676, -23.9696655273, 212.049423218, 4.8256816864, 53.4379615784, -36.4306907654, -9.17097091675, -4.94050550461], [-248.474853516, 120.06022644, -6.48727655411, 33.7958145142, -62.1320266724, -66.0238342285, 71.7875289917, 4.8256816864, 161.90725708, -2.78599715233, 1.01365458965, -37.5466384888, -15.524263382], [191.190994263, -89.0187530518, -6.81244325638, -74.5411605835, 9.28932857513, 30.0075855255, -47.3504524231, 53.4379615784, -2.78599715233, 112.400039673, 15.67395401, -15.5530071259, -34.6050949097], [-18.0135574341, 63.4339103699, -26.0449447632, 3.4867181778, -4.99866962433, -19.0869064331, -0.672700345516, -36.4306907654, 1.01365458965, 15.67395401, 94.7403488159, 36.9783401489, -19.839799881], [75.1126937866, 21.6427497864, -4.40766191483, 9.90139198303, 4.67799091339, -35.5794639587, -31.826051712, -9.17097091675, -37.5466384888, -15.5530071259, 36.9783401489, 104.229049683, 40.4096603394], [-6.76302957535, 1.77193689346, 21.9245910645, 30.2930049896, -13.0769948959, -16.0937900543, -14.7731180191, -4.94050550461, -15.524263382, -34.6050949097, -19.839799881, 40.4096603394, 100.624816895]],
