{
"lowlevel": {
    "average_loudness": 0.98056447506,
    "barkbands_crest": {
        "dmean": 3.26061534882,
        "dmean2": 4.69546794891,
        "dvar": 10.1765880585,
        "dvar2": 19.3235340118,
        "max": 26.4533443451,
        "mean": 14.1881370544,
        "median": 13.0494308472,
        "min": 2.21758151054,
        "var": 41.8790092468
    },
    "barkbands_flatness_db": {
        "dmean": 0.0333652123809,
        "dmean2": 0.0449759587646,
        "dvar": 0.000893464602996,
        "dvar2": 0.00166071287822,
        "max": 0.380643993616,
        "mean": 0.146575942636,
        "median": 0.13577671349,
        "min": 0.0309990830719,
        "var": 0.00374359637499
    },
    "barkbands_kurtosis": {
        "dmean": 7.42389583588,
        "dmean2": 10.8615646362,
        "dvar": 302.900054932,
        "dvar2": 668.224243164,
        "max": 416.548217773,
        "mean": 9.67470264435,
        "median": 1.98254537582,
        "min": -1.88015604019,
        "var": 656.422485352
    },
    "barkbands_skewness": {
        "dmean": 0.92198818922,
        "dmean2": 1.2873595953,
        "dvar": 1.13815045357,
        "dvar2": 2.25488638878,
        "max": 19.437789917,
        "mean": 2.23411512375,
        "median": 1.71808695793,
        "min": -1.83116471767,
        "var": 4.73762607574
    },
    "barkbands_spread": {
        "dmean": 9.06373596191,
        "dmean2": 13.4963779449,
        "dvar": 96.2861938477,
        "dvar2": 206.670074463,
        "max": 98.6064224243,
        "mean": 30.2105846405,
        "median": 29.2045440674,
        "min": 0.716866672039,
        "var": 286.572814941
    },
    "dissonance": {
        "dmean": 0.0159509871155,
        "dmean2": 0.0272469352931,
        "dvar": 0.000262686167844,
        "dvar2": 0.000721308868378,
        "max": 0.499865531921,
        "mean": 0.475720077753,
        "median": 0.480774790049,
        "min": 0.340505331755,
        "var": 0.00039525757893
    },
    "dynamic_complexity": 2.66912174225,
    "erbbands_crest": {
        "dmean": 3.02001738548,
        "dmean2": 4.95992088318,
        "dvar": 8.75123500824,
        "dvar2": 21.1496086121,
        "max": 29.9432106018,
        "mean": 8.27453231812,
        "median": 6.99949836731,
        "min": 2.33094191551,
        "var": 18.9410457611
    },
    "erbbands_flatness_db": {
        "dmean": 0.0205065980554,
        "dmean2": 0.0304577201605,
        "dvar": 0.000342486688169,
        "dvar2": 0.000690709450282,
        "max": 0.262948185205,
        "mean": 0.122110269964,
        "median": 0.116098456085,
        "min": 0.0399707891047,
        "var": 0.00119262409862
    },
    "erbbands_kurtosis": {
        "dmean": 1.13761723042,
        "dmean2": 1.81233918667,
        "dvar": 2.46355295181,
        "dvar2": 5.82167100906,
        "max": 24.7521438599,
        "mean": 0.661058068275,
        "median": -0.0297448635101,
        "min": -1.7722953558,
        "var": 5.01997947693
    },
    "erbbands_skewness": {
        "dmean": 0.396621406078,
        "dmean2": 0.584560275078,
        "dvar": 0.125304326415,
        "dvar2": 0.285367041826,
        "max": 4.22182703018,
        "mean": -0.171769157052,
        "median": -0.151889950037,
        "min": -2.54762721062,
        "var": 0.444332063198
    },
    "erbbands_spread": {
        "dmean": 11.9981069565,
        "dmean2": 18.2929325104,
        "dvar": 125.78326416,
        "dvar2": 269.301422119,
        "max": 159.520965576,
        "mean": 47.9586982727,
        "median": 45.5928001404,
        "min": 5.78707790375,
        "var": 525.922058105
    },
    "hfc": {
        "dmean": 13.9221191406,
        "dmean2": 20.5287437439,
        "dvar": 264.672424316,
        "dvar2": 579.059814453,
        "max": 123.656066895,
        "mean": 29.525592804,
        "median": 24.9712505341,
        "min": 1.14243462882e-16,
        "var": 488.854522705
    },
    "melbands_crest": {
        "dmean": 4.25137662888,
        "dmean2": 6.32165431976,
        "dvar": 14.3818445206,
        "dvar2": 32.4958724976,
        "max": 36.7130737305,
        "mean": 20.4114990234,
        "median": 20.0158939362,
        "min": 1.23408234119,
        "var": 54.002696991
    },
    "melbands_flatness_db": {
        "dmean": 0.0388470999897,
        "dmean2": 0.052552241832,
        "dvar": 0.00134785100818,
        "dvar2": 0.00249520433135,
        "max": 0.481808483601,
        "mean": 0.209054768085,
        "median": 0.1956153512,
        "min": 0.000298029568512,
        "var": 0.00609692186117
    },
    "melbands_kurtosis": {
        "dmean": 21.8491706848,
        "dmean2": 31.1311855316,
        "dvar": 1641.56066895,
        "dvar2": 3266.12988281,
        "max": 967.516235352,
        "mean": 37.1296005249,
        "median": 14.1355056763,
        "min": -1.55753695965,
        "var": 4729.91894531
    },
    "melbands_skewness": {
        "dmean": 1.4163891077,
        "dmean2": 1.98482859135,
        "dvar": 2.31221318245,
        "dvar2": 4.5315694809,
        "max": 24.8092346191,
        "mean": 4.35838508606,
        "median": 3.45955514908,
        "min": -0.562299847603,
        "var": 10.4924163818
    },
    "melbands_spread": {
        "dmean": 9.4591178894,
        "dmean2": 14.1082830429,
        "dvar": 133.483642578,
        "dvar2": 293.021179199,
        "max": 141.88444519,
        "mean": 25.3944988251,
        "median": 20.1816425323,
        "min": 0.463278234005,
        "var": 375.365966797
    },
    "pitch_salience": {
        "dmean": 0.0981406196952,
        "dmean2": 0.143155395985,
        "dvar": 0.00904520042241,
        "dvar2": 0.0180975906551,
        "max": 0.980010330677,
        "mean": 0.403884083033,
        "median": 0.424606770277,
        "min": 0.04993153736,
        "var": 0.0294843185693
    },
    "silence_rate_20dB": {
        "dmean": 0,
        "dmean2": 0,
        "dvar": 0,
        "dvar2": 0,
        "max": 1,
        "mean": 1,
        "median": 1,
        "min": 1,
        "var": 0
    },
    "silence_rate_30dB": {
        "dmean": 0.0455950535834,
        "dmean2": 0.0912253558636,
        "dvar": 0.0435148105025,
        "dvar2": 0.103002525866,
        "max": 1,
        "mean": 0.955967545509,
        "median": 1,
        "min": 0,
        "var": 0.0420930795372
    },
    "silence_rate_60dB": {
        "dmean": 0.00386398774572,
        "dmean2": 0.00773096270859,
        "dvar": 0.00384896458127,
        "dvar2": 0.0076713967137,
        "max": 1,
        "mean": 0.0351487062871,
        "median": 0,
        "min": 0,
        "var": 0.0339138060808
    },
    "spectral_centroid": {
        "dmean": 336.619873047,
        "dmean2": 481.95703125,
        "dvar": 159572.34375,
        "dvar2": 244372.15625,
        "max": 11290.1552734,
        "mean": 1800.66149902,
        "median": 1735.93835449,
        "min": 374.114715576,
        "var": 468770.3125
    },
    "spectral_complexity": {
        "dmean": 6.92426586151,
        "dmean2": 9.46269798279,
        "dvar": 50.2717056274,
        "dvar2": 84.7521362305,
        "max": 58,
        "mean": 20.9602165222,
        "median": 20,
        "min": 0,
        "var": 147.291625977
    },
    "spectral_decrease": {
        "dmean": 3.83362941392e-09,
        "dmean2": 5.46020695325e-09,
        "dvar": 1.63689878063e-17,
        "dvar2": 3.30325180851e-17,
        "max": -5.66491950506e-29,
        "mean": -1.11852935802e-08,
        "median": -8.40836733573e-09,
        "min": -4.50869812596e-08,
        "var": 6.8044552168e-17
    },
    "spectral_energy": {
        "dmean": 0.0152494516224,
        "dmean2": 0.0219281185418,
        "dvar": 0.000248904165346,
        "dvar2": 0.000500274938531,
        "max": 0.171394512057,
        "mean": 0.0448939688504,
        "median": 0.0347760990262,
        "min": 1.07850748633e-20,
        "var": 0.00100491626654
    },
    "spectral_energyband_high": {
        "dmean": 0.00103605701588,
        "dmean2": 0.00158271961845,
        "dvar": 1.95770530809e-06,
        "dvar2": 4.46418516731e-06,
        "max": 0.0116164078936,
        "mean": 0.00168734474573,
        "median": 0.00123344035819,
        "min": 7.62237564062e-21,
        "var": 2.82649216388e-06
    },
    "spectral_energyband_low": {
        "dmean": 0.0121629741043,
        "dmean2": 0.0169764328748,
        "dvar": 0.000260649831034,
        "dvar2": 0.000513579056133,
        "max": 0.167506888509,
        "mean": 0.0292645096779,
        "median": 0.0148356184363,
        "min": 4.21076817148e-23,
        "var": 0.000956955424044
    },
    "spectral_energyband_middle_high": {
        "dmean": 0.00377442105673,
        "dmean2": 0.00559109961614,
        "dvar": 2.13337752939e-05,
        "dvar2": 4.50344123237e-05,
        "max": 0.0474849380553,
        "mean": 0.00748457899317,
        "median": 0.00509555963799,
        "min": 1.76434615627e-21,
        "var": 5.53968529857e-05
    },
    "spectral_energyband_middle_low": {
        "dmean": 0.00660464353859,
        "dmean2": 0.0108007024974,
        "dvar": 0.000140028583701,
        "dvar2": 0.000352138333255,
        "max": 0.0937197357416,
        "mean": 0.0076078013517,
        "median": 0.00342462211847,
        "min": 3.64500514508e-22,
        "var": 0.000128818501253
    },
    "spectral_entropy": {
        "dmean": 0.17930868268,
        "dmean2": 0.254710644484,
        "dvar": 0.0279634259641,
        "dvar2": 0.0536025203764,
        "max": 9.81175231934,
        "mean": 7.92898893356,
        "median": 7.95082092285,
        "min": 6.63619184494,
        "var": 0.0923711359501
    },
    "spectral_flux": {
        "dmean": 0.0390373542905,
        "dmean2": 0.0550514869392,
        "dvar": 0.00137600081507,
        "dvar2": 0.00221261568367,
        "max": 0.386826813221,
        "mean": 0.117963120341,
        "median": 0.103897325695,
        "min": 1.03851212352e-10,
        "var": 0.00442493706942
    },
    "spectral_kurtosis": {
        "dmean": 0.889082431793,
        "dmean2": 1.39370214939,
        "dvar": 0.744834065437,
        "dvar2": 1.71736466885,
        "max": 11.9090452194,
        "mean": 2.65638971329,
        "median": 2.53658008575,
        "min": -1.20230972767,
        "var": 2.11750555038
    },
    "spectral_rms": {
        "dmean": 0.00112970510963,
        "dmean2": 0.00160944263916,
        "dvar": 1.16943783723e-06,
        "dvar2": 2.26989823204e-06,
        "max": 0.0129311308265,
        "mean": 0.00616530654952,
        "median": 0.00582476658747,
        "min": 3.24376701714e-12,
        "var": 5.7879869928e-06
    },
    "spectral_rolloff": {
        "dmean": 703.000793457,
        "dmean2": 1155.94995117,
        "dvar": 1367378.5,
        "dvar2": 2978991.25,
        "max": 19121.484375,
        "mean": 1434.20263672,
        "median": 1119.7265625,
        "min": 64.599609375,
        "var": 2336556.25
    },
    "spectral_skewness": {
        "dmean": 0.176090180874,
        "dmean2": 0.265073239803,
        "dvar": 0.0255472138524,
        "dvar2": 0.0532270744443,
        "max": 2.77441978455,
        "mean": 1.31046688557,
        "median": 1.3111011982,
        "min": -0.0389050245285,
        "var": 0.0886262729764
    },
    "spectral_spread": {
        "dmean": 894856.1875,
        "dmean2": 1324540.875,
        "dvar": 1.5996509225e+12,
        "dvar2": 2.43920614195e+12,
        "max": 40511856,
        "mean": 5938199,
        "median": 5662805,
        "min": 2825535.25,
        "var": 3.37374294835e+12
    },
    "spectral_strongpeak": {
        "dmean": 0.43689841032,
        "dmean2": 0.727156400681,
        "dvar": 1.04395949841,
        "dvar2": 2.61853742599,
        "max": 11.7934617996,
        "mean": 0.714322328568,
        "median": 0.408667683601,
        "min": 0,
        "var": 1.27500343323
    },
    "zerocrossingrate": {
        "dmean": 0.0149157848209,
        "dmean2": 0.0177196823061,
        "dvar": 0.000329556467477,
        "dvar2": 0.000479112699395,
        "max": 0.51708984375,
        "mean": 0.0637996345758,
        "median": 0.06298828125,
        "min": 0.00439453125,
        "var": 0.00140128389467
    },
    "barkbands": {
        "dmean": [0.000511739286594, 0.0112870903686, 0.00462202960625, 0.00254993559793, 0.00244028051384, 0.0012579949107, 0.000900253246073, 0.00036833548802, 0.000596827012487, 0.000629246118478, 0.000699366326444, 0.000769422971644, 0.00065178447403, 0.000775379710831, 0.000605382432695, 0.000677017960697, 0.000355422118446, 0.000275799277006, 0.000214985135244, 0.000339444872225, 0.000244600174483, 0.000185158016393, 0.000205605159863, 0.000175022243639, 0.000157147005666, 9.4690338301e-05, 1.59526109655e-07],
        "dmean2": [0.000821311667096, 0.0148331858218, 0.00764027377591, 0.00454041594639, 0.00442344741896, 0.00209019635804, 0.0015432999935, 0.000589292612858, 0.000972886162344, 0.00106218480505, 0.00109741534106, 0.00121223856695, 0.00101888936479, 0.0012506012572, 0.00096338201547, 0.00107860122807, 0.000552826735657, 0.000437884882558, 0.000330379232764, 0.000535010593012, 0.000379362842068, 0.00028905182262, 0.000323549233144, 0.000274956139037, 0.000252239318797, 0.000154773995746, 2.83694475911e-07],
        "dvar": [6.87471072069e-07, 0.000269712560112, 0.00011975569214, 4.36283262388e-05, 4.29243882536e-05, 7.43263353797e-06, 5.67716460864e-06, 6.49503704153e-07, 3.06752463075e-06, 1.86546878922e-06, 4.0080767576e-06, 3.26722670252e-06, 1.94520248442e-06, 2.34115054809e-06, 1.22873723285e-06, 1.57932981892e-06, 4.45872245791e-07, 2.02166091867e-07, 1.38178151587e-07, 3.36450483474e-07, 1.82884775768e-07, 7.65130820923e-08, 9.98813334263e-08, 5.84963721906e-08, 4.30996500711e-08, 1.4975459095e-08, 1.87632542966e-13],
        "dvar2": [2.08793630918e-06, 0.000462087831693, 0.000300458545098, 0.000119279444334, 0.000122782963444, 1.71455449163e-05, 1.51806179929e-05, 1.38999143928e-06, 7.99013105279e-06, 4.87589659315e-06, 9.74340309767e-06, 7.32648459234e-06, 4.61317495137e-06, 5.60467424293e-06, 2.69401516562e-06, 3.63792673852e-06, 1.10670305276e-06, 4.69176796969e-07, 3.08410278649e-07, 7.92494290636e-07, 4.56855616449e-07, 1.83772456808e-07, 2.29402573382e-07, 1.35066855478e-07, 9.87240511563e-08, 3.57441756194e-08, 5.24798357982e-13],
        "max": [0.00894221011549, 0.164301976562, 0.0947155207396, 0.0495577529073, 0.0586829148233, 0.0514275357127, 0.0446530543268, 0.0204683598131, 0.0546319447458, 0.0205763671547, 0.0401773974299, 0.043537683785, 0.0198963601142, 0.0215013846755, 0.0156637076288, 0.0274429358542, 0.00863463617861, 0.00854636542499, 0.00525560323149, 0.00911662913859, 0.00468050548807, 0.00246776989661, 0.00342505704612, 0.00278632319532, 0.00236190599389, 0.00109554908704, 6.1884452407e-06],
        "mean": [0.000728227256332, 0.0229753144085, 0.00450244406238, 0.0020408409182, 0.00193464581389, 0.00148887105752, 0.00086715829093, 0.000440947944298, 0.000676363531966, 0.000683257298078, 0.000863653316628, 0.000937642529607, 0.000793720886577, 0.000996479066089, 0.000808929733466, 0.000934598268941, 0.000522585352883, 0.000363464147085, 0.000333265459631, 0.000535746163223, 0.000357805314707, 0.000274543388514, 0.000299827253912, 0.000236429725192, 0.000202036797418, 9.50520479819e-05, 1.15712055049e-07],
        "median": [0.00040447153151, 0.010141058825, 0.00113307824358, 0.000320644321619, 0.000423677469371, 0.000519963970874, 0.000283699599095, 0.000129133288283, 0.000215346575715, 0.00018626684323, 0.000194134219782, 0.000218892120756, 0.0002192237298, 0.000304767367197, 0.000306818896206, 0.000323264976032, 0.000205021889997, 0.00015753012849, 0.0001562788093, 0.000251300720265, 0.000207478718949, 0.00017338671023, 0.000175575129106, 0.000144428879139, 0.000116624738439, 4.02327896154e-05, 7.12667569402e-09],
        "min": [2.33270382191e-23, 1.61694476351e-23, 4.58102887259e-24, 4.10972668578e-24, 4.95624835335e-23, 3.96097946792e-23, 1.15086459923e-23, 3.5741697272e-23, 6.25189433001e-23, 7.2500450821e-23, 8.24495645576e-23, 4.2272411649e-23, 1.53558780286e-22, 1.0512040461e-22, 1.3731565462e-22, 8.34367892706e-23, 1.07319906586e-22, 2.07626928077e-22, 3.70459708626e-22, 2.87265049166e-22, 3.21185285541e-22, 4.73790162598e-22, 5.1828701685e-22, 7.23648588842e-22, 1.10725607178e-21, 1.55634648194e-21, 2.27253999444e-21],
        "var": [8.78211494637e-07, 0.000850746582728, 0.00010074985039, 2.89517192869e-05, 2.56903840636e-05, 1.04569180621e-05, 4.46645390184e-06, 9.98070959213e-07, 2.89264971798e-06, 2.05933702091e-06, 5.77034825255e-06, 6.63824266667e-06, 2.81196548713e-06, 3.65695041182e-06, 2.07877837965e-06, 3.00951433019e-06, 9.07355229174e-07, 3.38198987038e-07, 2.6301069056e-07, 5.65086281767e-07, 2.1656744309e-07, 1.00758406063e-07, 1.46725881223e-07, 7.61698188967e-08, 5.830241534e-08, 1.6933407565e-08, 1.20862290987e-13]
    },
    "erbbands": {
        "dmean": [0.405726671219, 2.47881174088, 4.93062543869, 6.63893079758, 9.74606132507, 6.6644449234, 8.36538791656, 10.6947278976, 12.9905347824, 9.75625038147, 8.34187316895, 13.3054132462, 18.1661605835, 19.183555603, 30.1272697449, 28.2122325897, 27.6812820435, 32.8541603088, 37.3356895447, 33.5400390625, 31.4872074127, 19.4937534332, 13.8118448257, 10.8512296677, 14.3706512451, 14.9962692261, 11.4254293442, 7.84101819992, 6.67502975464, 6.09036779404, 6.29656362534, 3.98434376717, 2.75551438332, 1.73508286476, 1.12297070026, 0.497779488564, 0.161585241556, 0.0192927811295, 0.000375165021978, 3.19099381159e-05],
        "dmean2": [0.52731102705, 3.22321557999, 7.46003627777, 11.161151886, 17.6704654694, 12.0625667572, 13.7930755615, 17.6949386597, 21.9140300751, 16.5065498352, 13.2668828964, 22.0715923309, 30.510723114, 31.2484722137, 46.9045600891, 44.4646644592, 42.2439422607, 52.6474990845, 57.3760375977, 52.505153656, 49.6877250671, 30.2493152618, 21.6231822968, 16.8312320709, 21.9540634155, 23.2301998138, 18.2601165771, 11.632062912, 10.578130722, 9.32830715179, 10.004491806, 6.14909076691, 4.44208431244, 2.7758462429, 1.82415664196, 0.799051046371, 0.269199192524, 0.0329266563058, 0.000634912168607, 4.97024702781e-05],
        "dvar": [0.347469717264, 14.1988773346, 110.019691467, 250.139709473, 740.541320801, 305.758728027, 358.417297363, 539.786682129, 984.139953613, 1011.74755859, 333.532409668, 2442.8762207, 1754.25769043, 1387.12841797, 5852.27636719, 3451.54956055, 3307.94360352, 4491.50097656, 5977.21582031, 3624.22143555, 2908.01489258, 1357.22387695, 427.937347412, 375.987823486, 580.765563965, 704.184814453, 495.028686523, 147.359725952, 104.767059326, 97.5692520142, 92.3337249756, 31.3625621796, 14.731344223, 5.61078977585, 2.22633337975, 0.418923556805, 0.047864113003, 0.000728281389456, 2.67747026328e-07, 1.10397502251e-09],
        "dvar2": [0.619589686394, 23.7365283966, 259.053710938, 644.630187988, 2076.66162109, 873.132080078, 849.583129883, 1325.16772461, 2566.24047852, 2624.38769531, 699.116638184, 6507.67529297, 4440.05029297, 3331.04052734, 14129.15625, 7971.47509766, 7474.0078125, 11345.5224609, 12780.5546875, 8904.11328125, 6692.93994141, 3542.92700195, 999.53326416, 895.258666992, 1275.54772949, 1619.79675293, 1296.9822998, 315.239196777, 259.448944092, 219.982055664, 216.815322876, 69.7324447632, 34.6544876099, 12.700674057, 5.15892314911, 0.981578946114, 0.11812056601, 0.00182277557906, 6.67398353471e-07, 2.58157117905e-09],
        "max": [6.21740293503, 39.2060241699, 84.739906311, 114.286582947, 253.915206909, 143.373428345, 290.681121826, 455.82019043, 580.303466797, 1123.01660156, 469.390106201, 1636.23327637, 799.897460938, 567.745239258, 1472.68847656, 1211.84265137, 755.522766113, 940.36517334, 1642.82409668, 967.639709473, 755.028930664, 588.399597168, 320.785491943, 340.174865723, 348.621795654, 526.725952148, 219.161895752, 174.243530273, 92.616607666, 157.305618286, 81.0562057495, 59.3519592285, 45.5284538269, 36.7602043152, 18.1860103607, 7.56887578964, 1.75058352947, 0.150842890143, 0.0034239331726, 0.000263430265477],
        "mean": [0.761784315109, 4.70918273926, 5.93849086761, 6.31869983673, 7.29772090912, 5.357629776, 9.16361236572, 12.5311498642, 13.2893218994, 10.1225652695, 10.7070827484, 14.7175292969, 20.1801929474, 24.5043869019, 38.7656288147, 35.4253463745, 35.4953460693, 43.0945167542, 49.6209182739, 49.0815162659, 45.8916854858, 30.6730480194, 20.4127349854, 16.2942142487, 23.3679656982, 24.5630283356, 16.1465606689, 12.5506324768, 9.85686016083, 9.2728061676, 8.79613685608, 5.51091766357, 3.57529902458, 2.30589199066, 1.39176392555, 0.567098259926, 0.145788788795, 0.0150898946449, 0.000333828123985, 6.98267540429e-05],
        "median": [0.321401834488, 1.97834932804, 2.28239297867, 1.4896068573, 1.19934999943, 1.31046748161, 2.62008357048, 4.68654346466, 4.73596429825, 3.68095040321, 3.78075790405, 4.81472539902, 5.93029594421, 8.14492607117, 9.65277862549, 10.3253536224, 10.68978405, 13.5250587463, 15.3298377991, 20.9822349548, 19.120306015, 13.0068502426, 9.70680618286, 8.23059844971, 10.527718544, 12.0896711349, 9.83708000183, 7.01807498932, 6.29641914368, 5.74957895279, 5.07049798965, 3.28873085976, 2.11878275871, 1.33547008038, 0.785322487354, 0.29010233283, 0.0530004240572, 0.00394942332059, 0.000125746824779, 5.9952144511e-05],
        "min": [4.48137819599e-22, 3.80319429907e-21, 6.86034196366e-21, 1.61369592759e-20, 9.39733075175e-20, 7.58174620914e-20, 3.1915412012e-19, 2.34684142027e-19, 1.80226615926e-19, 2.98501539875e-19, 7.89339942962e-19, 1.63616077009e-18, 1.63298708487e-18, 3.10701052873e-18, 3.2643932208e-18, 1.5924877017e-18, 7.26550782314e-18, 5.82873273585e-18, 5.4743656663e-18, 6.8050986806e-18, 5.23419212108e-18, 6.4088998467e-18, 9.87146920545e-18, 1.44368593315e-17, 1.54544420318e-17, 1.61747624898e-17, 1.36656118448e-17, 1.2371549815e-17, 1.71513633538e-17, 1.40421800284e-17, 1.73742306262e-17, 1.59915833431e-17, 1.19093965621e-17, 1.2428816356e-17, 7.19235610566e-18, 5.72602750945e-18, 2.88934105247e-18, 1.03276218834e-18, 3.04619057493e-19, 3.08896479526e-20],
        "var": [1.02911841869, 40.2017784119, 121.622283936, 199.325256348, 456.406341553, 184.122879028, 472.102539062, 664.52947998, 868.891967773, 816.077514648, 529.229675293, 1989.64672852, 1912.53552246, 1920.64892578, 9544.953125, 5851.12939453, 5023.41455078, 6777.04541016, 10697.3769531, 6514.79394531, 5354.49267578, 2902.78857422, 913.123474121, 609.021911621, 1179.85058594, 1176.375, 479.171386719, 272.444763184, 124.634140015, 165.292572021, 123.509864807, 42.4028587341, 18.4046268463, 7.64635896683, 2.92835283279, 0.543418109417, 0.0465027317405, 0.000623462721705, 2.35063808418e-07, 2.03309324931e-09]
    },
    "gfcc": {
        "mean": [26.2300453186, 61.5528450012, -105.036491394, 47.9167671204, -46.0094528198, 37.5746040344, -33.6995735168, 19.7998981476, -19.5182361603, 16.8331127167, -12.9766216278, 7.82421350479, -5.56064033508],
        "cov": [[7589.4296875, -274.08013916, -600.335632324, -52.7386932373, -369.602111816, -110.400741577, -287.473907471, -66.5599060059, -320.304840088, -109.605125427, -253.629562378, -88.7278137207, -209.072357178], [-274.08013916, 520.55078125, -46.1708221436, -5.59084224701, 87.7946243286, -72.2336425781, 60.3811569214, -18.6883201599, 30.6488513947, -49.6963348389, 17.1536006927, -37.2258796692, 73.5010070801], [-600.335632324, -46.1708221436, 479.688751221, 28.2433013916, -25.8736114502, -17.6743717194, -31.7050094604, 8.7542219162, 25.3546085358, -8.52242565155, -1.23355197906, 29.6207351685, -36.7152709961], [-52.7386932373, -5.59084224701, 28.2433013916, 259.916381836, 41.7845649719, -33.41381073, 15.5929412842, 28.9860420227, 29.6079559326, 3.09712791443, 31.5598335266, -12.1567363739, 32.1112136841], [-369.602111816, 87.7946243286, -25.8736114502, 41.7845649719, 304.229492188, 100.782447815, 99.5382537842, 35.549282074, 47.072719574, 38.0531311035, 36.7290420532, -20.7988815308, 49.7011795044], [-110.400741577, -72.2336425781, -17.6743717194, -33.41381073, 100.782447815, 271.871368408, 97.7479171753, -13.0584869385, 21.009979248, 29.7820835114, 9.60252761841, -21.1792678833, -0.244198709726], [-287.473907471, 60.3811569214, -31.7050094604, 15.5929412842, 99.5382537842, 97.7479171753, 224.105148315, 94.3351516724, 38.0369262695, 27.4848995209, 66.3905258179, 3.26037311554, 38.5989646912], [-66.5599060059, -18.6883201599, 8.7542219162, 28.9860420227, 35.549282074, -13.0584869385, 94.3351516724, 174.694793701, 64.0932388306, 15.645983696, 51.2932815552, 31.5145053864, 20.6682548523], [-320.304840088, 30.6488513947, 25.3546085358, 29.6079559326, 47.072719574, 21.009979248, 38.0369262695, 64.0932388306, 139.381912231, 61.9479255676, 59.9649162292, 35.995059967, 44.5215072632], [-109.605125427, -49.6963348389, -8.52242565155, 3.09712791443, 38.0531311035, 29.7820835114, 27.4848995209, 15.645983696, 61.9479255676, 144.15083313, 93.4382629395, 24.6873416901, 37.7223930359], [-253.629562378, 17.1536006927, -1.23355197906, 31.5598335266, 36.7290420532, 9.60252761841, 66.3905258179, 51.2932815552, 59.9649162292, 93.4382629395, 150.837188721, 66.5301818848, 54.9441604614], [-88.7278137207, -37.2258796692, 29.6207351685, -12.1567363739, -20.7988815308, -21.1792678833, 3.26037311554, 31.5145053864, 35.995059967, 24.6873416901, 66.5301818848, 108.793037415, 42.5285987854], [-209.072357178, 73.5010070801, -36.7152709961, 32.1112136841, 49.7011795044, -0.244198709726, 38.5989646912, 20.6682548523, 44.5215072632, 37.7223930359, 54.9441604614, 42.5285987854, 122.504684448]],
        "icov": [[0.00019882027118, -0.000144924226333, 0.00028865726199, -0.000196954162675, 0.000187513054698, -0.000191402024939, 0.000283726287307, -0.000399702228606, 0.00054120994173, -0.00047664102749, 0.000505429285113, -0.000388978107367, 0.000324416789226], [-0.000144924226333, 0.00433915434405, -0.000283578701783, 0.00182044657413, -0.0011704179924, 0.00276486598887, -0.0018984596245, 0.00304342084564, -0.0033135113772, 0.00513932434842, -0.00405610026792, 0.00474085565656, -0.00305282697082], [0.00028865726199, -0.000283578701783, 0.00274464976974, -0.000756155699492, 0.000257010920905, -0.0003218978527, 0.00058551604161, -0.000529055367224, 0.000173885884578, -0.000696406757925, 0.00110522098839, -0.0018417739775, 0.0017783670919], [-0.000196954162675, 0.00182044657413, -0.000756155699492, 0.00556937372312, -0.00100939080585, 0.00192568881903, -0.000475795124657, 0.0011221235618, -0.00247222790495, 0.00390933500603, -0.00430636573583, 0.00481516541913, -0.00278640654869], [0.000187513054698, -0.0011704179924, 0.000257010920905, -0.00100939080585, 0.00505668995902, -0.00206388253719, -0.000216592554352, -0.00131285178941, 0.000574595818762, -0.00176877505146, 0.00106044718996, 0.000342466839356, -0.000660730700474], [-0.000191402024939, 0.00276486598887, -0.0003218978527, 0.00192568881903, -0.00206388253719, 0.00742825400084, -0.00447192182764, 0.00442784419283, -0.00349421566352, 0.002413676586, -0.00164987600874, 0.00293556717224, -0.000825122580864], [0.000283726287307, -0.0018984596245, 0.00058551604161, -0.000475795124657, -0.000216592554352, -0.00447192182764, 0.0105326501653, -0.00651028007269, 0.0031282287091, -0.000546865048818, -0.00237111444585, 0.000711080152541, -0.000369727698853], [-0.000399702228606, 0.00304342084564, -0.000529055367224, 0.0011221235618, -0.00131285178941, 0.00442784419283, -0.00651028007269, 0.0128320259973, -0.00709917582572, 0.0052821370773, -0.00373895931989, 0.00170362286735, -0.000494020758197], [0.00054120994173, -0.0033135113772, 0.000173885884578, -0.00247222790495, 0.000574595818762, -0.00349421566352, 0.0031282287091, -0.00709917582572, 0.0156390927732, -0.00866330694407, 0.00439564744011, -0.00575210386887, 0.000593261036556], [-0.00047664102749, 0.00513932434842, -0.000696406757925, 0.00390933500603, -0.00176877505146, 0.002413676586, -0.000546865048818, 0.0052821370773, -0.00866330694407, 0.0213720221072, -0.0160582251847, 0.0103917121887, -0.0049647432752], [0.000505429285113, -0.00405610026792, 0.00110522098839, -0.00430636573583, 0.00106044718996, -0.00164987600874, -0.00237111444585, -0.00373895931989, 0.00439564744011, -0.0160582251847, 0.0245932489634, -0.0148064391688, 0.00315781729296], [-0.000388978107367, 0.00474085565656, -0.0018417739775, 0.00481516541913, 0.000342466839356, 0.00293556717224, 0.000711080152541, 0.00170362286735, -0.00575210386887, 0.0103917121887, -0.0148064391688, 0.0236358828843, -0.00864103995264], [0.000324416789226, -0.00305282697082, 0.0017783670919, -0.00278640654869, -0.000660730700474, -0.000825122580864, -0.000369727698853, -0.000494020758197, 0.000593261036556, -0.0049647432752, 0.00315781729296, -0.00864103995264, 0.0151745760813]]
    },
    "melbands": {
        "dmean": [0.00332996365614, 0.00232895696536, 0.0011660560267, 0.000601040606853, 0.000276457780274, 0.000237820742768, 0.000194468681002, 9.92029526969e-05, 7.08502702764e-05, 8.57339036884e-05, 9.32996044867e-05, 7.88552497397e-05, 0.00010553595348, 8.72261516633e-05, 7.49829850974e-05, 6.10136339674e-05, 6.25624597888e-05, 6.90823508194e-05, 4.33474451711e-05, 5.02710827277e-05, 3.6336350604e-05, 2.20024230657e-05, 1.49163042806e-05, 1.45733311001e-05, 8.61328771862e-06, 9.44720795815e-06, 1.40364463732e-05, 9.47452463151e-06, 7.29436806068e-06, 6.48531568004e-06, 4.01056468036e-06, 3.79252469429e-06, 3.84773602491e-06, 3.42415273735e-06, 4.24740119342e-06, 2.40501458393e-06, 2.57137162407e-06, 1.94731865122e-06, 1.80890856427e-06, 1.42225826494e-06],
        "dmean2": [0.00432802224532, 0.00332772755064, 0.00188359629828, 0.00109751126729, 0.000457602203824, 0.000391900510294, 0.000329798931489, 0.0001660969574, 0.000113388967293, 0.00014131788339, 0.000156820155098, 0.000129478285089, 0.000166367433849, 0.000137908835313, 0.000118593517982, 9.38360753935e-05, 0.000101257581264, 0.000106393265014, 6.82645841152e-05, 7.90717822383e-05, 5.83195906074e-05, 3.43682113453e-05, 2.33079354075e-05, 2.32168913499e-05, 1.34868450914e-05, 1.43305524034e-05, 2.25734165724e-05, 1.47155342347e-05, 1.17756917462e-05, 1.01428513517e-05, 5.94609082327e-06, 6.11821315033e-06, 6.09596008871e-06, 5.29621547685e-06, 6.85016675561e-06, 3.79411244467e-06, 4.00337466999e-06, 3.14526823786e-06, 2.9514947073e-06, 2.27810346587e-06],
        "dvar": [2.32375441556e-05, 1.61160714924e-05, 6.93220408721e-06, 2.94096480502e-06, 3.18949275879e-07, 2.54080788409e-07, 2.27400121844e-07, 8.93662104318e-08, 2.56780641195e-08, 8.74285035479e-08, 4.5558138595e-08, 2.32664412181e-08, 9.26479089003e-08, 5.54800578811e-08, 2.48671039316e-08, 1.64919846668e-08, 1.63633178119e-08, 2.35691661743e-08, 5.81247938669e-09, 1.17199840943e-08, 4.38465619368e-09, 1.81477666228e-09, 9.53079060118e-10, 5.92020266144e-10, 2.85346968276e-10, 3.03552488701e-10, 6.82917389305e-10, 2.89171797618e-10, 1.81781631414e-10, 1.28871691096e-10, 3.75528219632e-11, 3.42586167768e-11, 3.57485326064e-11, 3.37695253705e-11, 4.33837202274e-11, 1.2952769933e-11, 1.29730635956e-11, 8.49813015097e-12, 6.41468865872e-12, 3.90506160394e-12],
        "dvar2": [3.93136506318e-05, 3.15900324495e-05, 1.6633352061e-05, 8.38104278955e-06, 7.68166046328e-07, 6.10788390532e-07, 5.99320969741e-07, 2.25784390295e-07, 5.56371695382e-08, 2.31895185721e-07, 1.16005686834e-07, 5.6941875215e-08, 2.28145026426e-07, 1.26838614278e-07, 5.65945406095e-08, 3.9198432944e-08, 4.15767864581e-08, 5.15090725628e-08, 1.34251330053e-08, 2.699866819e-08, 1.04013482272e-08, 4.6985304536e-09, 2.34421282386e-09, 1.37762534713e-09, 7.02633728977e-10, 6.29355456638e-10, 1.64414071246e-09, 6.71258215679e-10, 4.72588745914e-10, 3.16244058718e-10, 8.12782272042e-11, 8.66909669051e-11, 8.40884376019e-11, 7.73266242704e-11, 1.03817815456e-10, 2.85443439718e-11, 2.96297292257e-11, 2.08867870916e-11, 1.51012327643e-11, 9.02710458467e-12],
        "max": [0.0497550852597, 0.0391997657716, 0.0183142200112, 0.0153599092737, 0.00808484479785, 0.0100832199678, 0.00808745715767, 0.0104686841369, 0.00390117475763, 0.00965611636639, 0.0040193060413, 0.00218954752199, 0.00645827129483, 0.00565796345472, 0.00282056210563, 0.00222659343854, 0.00167189817876, 0.00332732731476, 0.000977137358859, 0.00279733398929, 0.0011003180407, 0.000793479965068, 0.000448253384093, 0.00045885622967, 0.000298644212307, 0.000297209015116, 0.000309460563585, 0.000313789758366, 0.000136065486004, 0.000147672879393, 8.1699778093e-05, 5.80600717512e-05, 6.24775711913e-05, 0.000101310251921, 5.6707263866e-05, 4.7599136451e-05, 4.11055370932e-05, 4.5324468374e-05, 2.86069480353e-05, 3.25297514792e-05],
        "mean": [0.00665323575959, 0.00425758818164, 0.00116418488324, 0.000446209072834, 0.000300544052152, 0.000282990687992, 0.000195723827346, 0.000106146930193, 8.94495897228e-05, 9.35893622227e-05, 0.000102525184047, 9.76214723778e-05, 0.000133286608616, 0.0001069347054, 8.97643476492e-05, 7.59473768994e-05, 7.89527912275e-05, 8.59475840116e-05, 6.03093103564e-05, 6.86518251314e-05, 4.94419946335e-05, 3.24027969327e-05, 2.05149153771e-05, 1.85785884241e-05, 1.18828093036e-05, 1.4654377992e-05, 2.0499999664e-05, 1.50148871398e-05, 1.00199067674e-05, 8.88095564733e-06, 6.41446285954e-06, 5.28855161974e-06, 5.51554740014e-06, 5.0901198847e-06, 5.81981066716e-06, 3.24716847899e-06, 3.45493435816e-06, 2.43220210905e-06, 2.30372575061e-06, 1.83644817753e-06],
        "median": [0.00295761972666, 0.00180785707198, 0.000281383719994, 8.50585565786e-05, 9.1649715614e-05, 0.000106864070403, 6.91650711815e-05, 3.69864828826e-05, 3.02351618302e-05, 2.79110336123e-05, 2.89768431685e-05, 3.15861288982e-05, 3.1055566069e-05, 2.37808562815e-05, 2.26297597692e-05, 1.95509037439e-05, 2.43203758146e-05, 2.101327118e-05, 2.30262612604e-05, 2.24906289077e-05, 1.98233938136e-05, 1.24058833535e-05, 8.2268661572e-06, 7.88195393397e-06, 5.51777156943e-06, 6.31153170616e-06, 7.81609196565e-06, 7.60818920753e-06, 5.9122262428e-06, 4.70857503387e-06, 3.54121289092e-06, 3.27634347741e-06, 3.32180684381e-06, 3.04949708152e-06, 3.2093930713e-06, 1.77135075319e-06, 2.01791658583e-06, 1.39295013923e-06, 1.30810985866e-06, 1.02547244296e-06],
        "min": [5.23650602051e-24, 5.85642762971e-24, 4.3051003163e-24, 1.13632999483e-23, 9.0422352957e-24, 5.52402609894e-24, 2.39492175482e-24, 4.13713368578e-24, 7.49907427038e-24, 9.37277748132e-24, 7.63670288821e-24, 1.19706747248e-23, 1.2139181725e-23, 5.50512972482e-24, 5.54924124892e-24, 1.42821657614e-23, 1.07171282036e-23, 7.90881887974e-24, 1.16115142432e-23, 7.66246708537e-24, 6.03187542263e-24, 5.94412450769e-24, 7.34265971895e-24, 1.08295353606e-23, 1.09685878723e-23, 1.50788553222e-23, 6.48582069737e-24, 1.21003106039e-23, 8.36745472143e-24, 7.29225308483e-24, 6.2953383989e-24, 7.96172304749e-24, 1.22836300454e-23, 6.58955432869e-24, 1.02867785474e-23, 8.94357246228e-24, 1.06581324519e-23, 6.93435872504e-24, 1.05187620292e-23, 9.46428613519e-24],
        "var": [7.3472801887e-05, 3.29232716467e-05, 6.23604819339e-06, 1.72441980339e-06, 4.15500892359e-07, 3.31964344014e-07, 1.92281831346e-07, 7.88567930954e-08, 3.78207474228e-08, 7.35365333071e-08, 5.01904828809e-08, 3.10630419165e-08, 1.33696971716e-07, 1.10076520343e-07, 4.04375484209e-08, 2.47879707871e-08, 2.32475461104e-08, 4.08800922003e-08, 1.05306501297e-08, 2.21345430873e-08, 7.18473991412e-09, 3.789370151e-09, 1.55006230074e-09, 9.72938729582e-10, 3.93160559664e-10, 6.1529537021e-10, 1.09979880758e-09, 4.61416266306e-10, 1.88772733556e-10, 1.54158380505e-10, 7.16611284202e-11, 3.82283094069e-11, 4.82179088324e-11, 5.70558184032e-11, 5.65541745379e-11, 1.69414638568e-11, 1.69689557544e-11, 9.63481031069e-12, 8.10441123933e-12, 5.11971064501e-12]
    },
    "mfcc": {
        "mean": [-617.723999023, 89.7894058228, 8.84541320801, 22.7672958374, 16.8145389557, 20.2870941162, 9.2919626236, 7.33882474899, 8.19328594208, 9.56588077545, 1.0865085125, 5.34526443481, 8.45632839203],
        "cov": [[5800.77001953, -146.666168213, -412.638946533, -83.3752670288, -225.789489746, -161.895080566, -132.845489502, -123.568222046, -138.331970215, -122.648628235, -144.120773315, -163.897247314, -124.852531433], [-146.666168213, 516.381591797, -69.8418426514, 6.32626056671, 23.2002754211, -16.0457878113, 23.600358963, 5.92766571045, 53.4021377563, -18.1034622192, -18.9900531769, 15.3708782196, -22.7167072296], [-412.638946533, -69.8418426514, 424.686737061, 12.7561616898, -13.4520187378, -24.3930015564, -70.2663803101, 11.9182806015, -50.9450035095, -14.7229413986, 15.4858255386, -29.48828125, -24.9167385101], [-83.3752670288, 6.32626056671, 12.7561616898, 292.061645508, 41.78383255, -81.2124481201, 6.48392009735, -0.864917397499, 20.9075622559, -3.70294380188, -3.31807041168, 30.6387405396, 22.4499511719], [-225.789489746, 23.2002754211, -13.4520187378, 41.78383255, 184.688781738, 64.7817001343, 9.61439323425, 1.90732443333, 32.0847587585, 23.0987033844, -3.85944867134, 14.4828624725, 23.8053798676], [-161.895080566, -16.0457878113, -24.3930015564, -81.2124481201, 64.7817001343, 235.0756073, 73.1925048828, -14.7004909515, 23.4469890594, 36.9153938293, -1.63143336773, 4.85234308243, 16.7415542603], [-132.845489502, 23.600358963, -70.2663803101, 6.48392009735, 9.61439323425, 73.1925048828, 202.754302979, 49.685218811, 50.7038269043, 34.6918182373, 40.5332679749, 36.9296836853, 18.4937782288], [-123.568222046, 5.92766571045, 11.9182806015, -0.864917397499, 1.90732443333, -14.7004909515, 49.685218811, 158.073196411, 48.8993682861, 4.56153535843, 33.2193603516, 12.1670179367, 2.48798322678], [-138.331970215, 53.4021377563, -50.9450035095, 20.9075622559, 32.0847587585, 23.4469890594, 50.7038269043, 48.8993682861, 116.880805969, 43.2583656311, 4.54410505295, 22.4011306763, 15.2666406631], [-122.648628235, -18.1034622192, -14.7229413986, -3.70294380188, 23.0987033844, 36.9153938293, 34.6918182373, 4.56153535843, 43.2583656311, 96.8296737671, 48.5607719421, 18.3563919067, 16.3575687408], [-144.120773315, -18.9900531769, 15.4858255386, -3.31807041168, -3.85944867134, -1.63143336773, 40.5332679749, 33.2193603516, 4.54410505295, 48.5607719421, 115.952445984, 47.3626098633, 10.2474021912], [-163.897247314, 15.3708782196, -29.48828125, 30.6387405396, 14.4828624725, 4.85234308243, 36.9296836853, 12.1670179367, 22.4011306763, 18.3563919067, 47.3626098633, 96.7025909424, 53.6763839722], [-124.852531433, -22.7167072296, -24.9167385101, 22.4499511719, 23.8053798676, 16.7415542603, 18.4937782288, 2.48798322678, 15.2666406631, 16.3575687408, 10.2474021912, 53.6763839722, 100.877410889]],
