{
"lowlevel": {
    "average_loudness": 0.709217488766,
    "barkbands_crest": {
        "dmean": 1.70069658756,
        "dmean2": 2.53207826614,
        "dvar": 2.36233472824,
        "dvar2": 5.48021173477,
        "max": 20.1322746277,
        "mean": 9.78084087372,
        "median": 9.40579223633,
        "min": 4.27804946899,
        "var": 7.47419548035
    },
    "barkbands_flatness_db": {
        "dmean": 0.012411955744,
        "dmean2": 0.0190588310361,
        "dvar": 0.000102373385744,
        "dvar2": 0.00023481772223,
        "max": 0.367009788752,
        "mean": 0.279892623425,
        "median": 0.279578596354,
        "min": 0.152860090137,
        "var": 0.000736446585506
    },
    "barkbands_kurtosis": {
        "dmean": 1.04915034771,
        "dmean2": 1.6298776865,
        "dvar": 1.09732711315,
        "dvar2": 2.44212198257,
        "max": 18.906129837,
        "mean": 1.45831274986,
        "median": 1.09776163101,
        "min": -1.61931478977,
        "var": 3.25251674652
    },
    "barkbands_skewness": {
        "dmean": 0.301953852177,
        "dmean2": 0.453395783901,
        "dvar": 0.066103219986,
        "dvar2": 0.139655873179,
        "max": 4.21224069595,
        "mean": 0.945572972298,
        "median": 0.896571159363,
        "min": -0.567611455917,
        "var": 0.274886786938
    },
    "barkbands_spread": {
        "dmean": 1.39464092255,
        "dmean2": 2.10739612579,
        "dvar": 1.46454894543,
        "dvar2": 3.51880431175,
        "max": 24.1279220581,
        "mean": 7.73403930664,
        "median": 7.40451812744,
        "min": 2.54975676537,
        "var": 6.148250103
    },
    "dissonance": {
        "dmean": 0.041259907186,
        "dmean2": 0.0697952210903,
        "dvar": 0.00109118735418,
        "dvar2": 0.00305243744515,
        "max": 0.497478187084,
        "mean": 0.390665799379,
        "median": 0.395488500595,
        "min": 0.191867411137,
        "var": 0.00245701894164
    },
    "dynamic_complexity": 4.29978942871,
    "erbbands_crest": {
        "dmean": 3.07366251945,
        "dmean2": 4.98329639435,
        "dvar": 6.77950334549,
        "dvar2": 17.4071292877,
        "max": 27.4001274109,
        "mean": 11.1782560349,
        "median": 10.3485965729,
        "min": 4.32799100876,
        "var": 15.1681671143
    },
    "erbbands_flatness_db": {
        "dmean": 0.014586482197,
        "dmean2": 0.0223442334682,
        "dvar": 0.000144299876411,
        "dvar2": 0.000335222081048,
        "max": 0.366960018873,
        "mean": 0.287654429674,
        "median": 0.28913217783,
        "min": 0.135363951325,
        "var": 0.000625170243438
    },
    "erbbands_kurtosis": {
        "dmean": 0.936999440193,
        "dmean2": 1.53904402256,
        "dvar": 1.15905845165,
        "dvar2": 3.00358343124,
        "max": 10.9065647125,
        "mean": 0.492937386036,
        "median": 0.217803239822,
        "min": -1.46841406822,
        "var": 1.54029786587
    },
    "erbbands_skewness": {
        "dmean": 0.396297544241,
        "dmean2": 0.607126295567,
        "dvar": 0.108034774661,
        "dvar2": 0.265439808369,
        "max": 2.61884307861,
        "mean": 0.420697838068,
        "median": 0.414957106113,
        "min": -2.11636996269,
        "var": 0.261388242245
    },
    "erbbands_spread": {
        "dmean": 2.88006162643,
        "dmean2": 4.53303623199,
        "dvar": 6.33606243134,
        "dvar2": 14.5960550308,
        "max": 35.3629837036,
        "mean": 14.2157697678,
        "median": 13.816942215,
        "min": 4.86985731125,
        "var": 15.4835920334
    },
    "hfc": {
        "dmean": 2.14268064499,
        "dmean2": 3.1484670639,
        "dvar": 8.21097755432,
        "dvar2": 16.6533031464,
        "max": 65.5883255005,
        "mean": 9.6815738678,
        "median": 7.14207601547,
        "min": 3.03300953419e-06,
        "var": 71.3090896606
    },
    "melbands_crest": {
        "dmean": 1.82149517536,
        "dmean2": 2.6678981781,
        "dvar": 2.54202055931,
        "dvar2": 5.65147304535,
        "max": 24.0219230652,
        "mean": 12.3916654587,
        "median": 12.0761642456,
        "min": 4.93556070328,
        "var": 9.8919172287
    },
    "melbands_flatness_db": {
        "dmean": 0.0117125492543,
        "dmean2": 0.0171065852046,
        "dvar": 9.16364297154e-05,
        "dvar2": 0.000199551708647,
        "max": 0.495835721493,
        "mean": 0.383357346058,
        "median": 0.380539447069,
        "min": 0.26930591464,
        "var": 0.000992272165604
    },
    "melbands_kurtosis": {
        "dmean": 1.68840026855,
        "dmean2": 2.60670590401,
        "dvar": 3.49134588242,
        "dvar2": 7.48560762405,
        "max": 43.2701454163,
        "mean": 3.24117875099,
        "median": 2.51006031036,
        "min": -1.17128074169,
        "var": 10.4895057678
    },
    "melbands_skewness": {
        "dmean": 0.375150024891,
        "dmean2": 0.552638411522,
        "dvar": 0.106181770563,
        "dvar2": 0.227561205626,
        "max": 6.03699731827,
        "mean": 1.41707265377,
        "median": 1.34949862957,
        "min": -0.374675035477,
        "var": 0.435096949339
    },
    "melbands_spread": {
        "dmean": 1.75784862041,
        "dmean2": 2.69798970222,
        "dvar": 2.73618555069,
        "dvar2": 6.40231561661,
        "max": 29.2055206299,
        "mean": 9.49894046783,
        "median": 9.05851554871,
        "min": 2.4030892849,
        "var": 10.2664413452
    },
    "pitch_salience": {
        "dmean": 0.0437667705119,
        "dmean2": 0.0666545554996,
        "dvar": 0.0012981351465,
        "dvar2": 0.00312701170333,
        "max": 0.816198885441,
        "mean": 0.544789969921,
        "median": 0.546006381512,
        "min": 0.274972051382,
        "var": 0.00749827362597
    },
    "silence_rate_20dB": {
        "dmean": 0,
        "dmean2": 0,
        "dvar": 0,
        "dvar2": 0,
        "max": 1,
        "mean": 1,
        "median": 1,
        "min": 1,
        "var": 0
    },
    "silence_rate_30dB": {
        "dmean": 0.00464396271855,
        "dmean2": 0.00929152127355,
        "dvar": 0.00462259864435,
        "dvar2": 0.00997918657959,
        "max": 1,
        "mean": 0.993036746979,
        "median": 1,
        "min": 0,
        "var": 0.00691432179883
    },
    "silence_rate_60dB": {
        "dmean": 0.00386996893212,
        "dmean2": 0.00774293439463,
        "dvar": 0.00385524798185,
        "dvar2": 0.0076822345145,
        "max": 1,
        "mean": 0.109477758408,
        "median": 0,
        "min": 0,
        "var": 0.0974859371781
    },
    "spectral_centroid": {
        "dmean": 42.2525062561,
        "dmean2": 64.6292190552,
        "dvar": 1519.60058594,
        "dvar2": 3587.57104492,
        "max": 1081.25073242,
        "mean": 459.166351318,
        "median": 447.953979492,
        "min": 243.648452759,
        "var": 7488.63427734
    },
    "spectral_complexity": {
        "dmean": 1.36764705181,
        "dmean2": 2.3739836216,
        "dvar": 1.41592431068,
        "dvar2": 3.66110444069,
        "max": 21,
        "mean": 10.7945842743,
        "median": 11,
        "min": 0,
        "var": 13.7261571884
    },
    "spectral_decrease": {
        "dmean": 1.21747212312e-09,
        "dmean2": 1.61875124416e-09,
        "dvar": 2.38310362245e-18,
        "dvar2": 4.02469441967e-18,
        "max": -1.61285375195e-15,
        "mean": -7.28669702355e-09,
        "median": -5.96979088385e-09,
        "min": -4.59180213852e-08,
        "var": 3.03298212389e-17
    },
    "spectral_energy": {
        "dmean": 0.00477147754282,
        "dmean2": 0.00636732857674,
        "dvar": 3.66702479369e-05,
        "dvar2": 6.24377571512e-05,
        "max": 0.179093748331,
        "mean": 0.0283797569573,
        "median": 0.0231535490602,
        "min": 6.36239372298e-09,
        "var": 0.000463140400825
    },
    "spectral_energyband_high": {
        "dmean": 4.84661484279e-07,
        "dmean2": 8.27465498787e-07,
        "dvar": 5.18147373965e-13,
        "dvar2": 1.56512650062e-12,
        "max": 1.19182841445e-05,
        "mean": 2.24064547183e-06,
        "median": 1.7580025542e-06,
        "min": 7.87186149598e-11,
        "var": 4.02925305967e-12
    },
    "spectral_energyband_low": {
        "dmean": 0.00110904651228,
        "dmean2": 0.000960738980211,
        "dvar": 1.76331786861e-06,
        "dvar2": 2.08820051739e-06,
        "max": 0.0358633846045,
        "mean": 0.00918901991099,
        "median": 0.00848609674722,
        "min": 3.3827951551e-09,
        "var": 3.45395928889e-05
    },
    "spectral_energyband_middle_high": {
        "dmean": 0.000909621245228,
        "dmean2": 0.0014757894678,
        "dvar": 2.01278953682e-06,
        "dvar2": 4.9638042583e-06,
        "max": 0.0210255775601,
        "mean": 0.00214697467163,
        "median": 0.00144038547296,
        "min": 3.39535038973e-10,
        "var": 5.76517822992e-06
    },
    "spectral_energyband_middle_low": {
        "dmean": 0.00441300077364,
        "dmean2": 0.00599500071257,
        "dvar": 3.37975980074e-05,
        "dvar2": 5.62993736821e-05,
        "max": 0.166573882103,
        "mean": 0.01785264723,
        "median": 0.0120020583272,
        "min": 2.71675881791e-09,
        "var": 0.000319074024446
    },
    "spectral_entropy": {
        "dmean": 0.116774238646,
        "dmean2": 0.174395248294,
        "dvar": 0.00987639371306,
        "dvar2": 0.0227945335209,
        "max": 7.46303844452,
        "mean": 6.15963888168,
        "median": 6.16954183578,
        "min": 5.12478208542,
        "var": 0.0468877851963
    },
    "spectral_flux": {
        "dmean": 0.0124605726451,
        "dmean2": 0.0213652607054,
        "dvar": 0.000151573360199,
        "dvar2": 0.000441431708168,
        "max": 0.161187186837,
        "mean": 0.0512683019042,
        "median": 0.0484553687274,
        "min": 0.00039753789315,
        "var": 0.000649066234473
    },
    "spectral_kurtosis": {
        "dmean": 16.2637271881,
        "dmean2": 28.6590232849,
        "dvar": 148.340744019,
        "dvar2": 447.696075439,
        "max": 98.3004226685,
        "mean": 40.611328125,
        "median": 38.5583953857,
        "min": 7.80039596558,
        "var": 287.884246826
    },
    "spectral_rms": {
        "dmean": 0.000409052649047,
        "dmean2": 0.000550768803805,
        "dvar": 1.63737780667e-07,
        "dvar2": 3.07792163312e-07,
        "max": 0.0132183814421,
        "mean": 0.00483243539929,
        "median": 0.00475277053192,
        "min": 2.49142794928e-06,
        "var": 4.33508648712e-06
    },
    "spectral_rolloff": {
        "dmean": 106.323722839,
        "dmean2": 186.895248413,
        "dvar": 16984.9335938,
        "dvar2": 38698.3710938,
        "max": 1550.390625,
        "mean": 553.211914062,
        "median": 516.796875,
        "min": 107.666015625,
        "var": 32126.65625
    },
    "spectral_skewness": {
        "dmean": 0.96229404211,
        "dmean2": 1.69845449924,
        "dvar": 0.502946257591,
        "dvar2": 1.54104745388,
        "max": 7.86689662933,
        "mean": 4.49851083755,
        "median": 4.37650060654,
        "min": 2.11245250702,
        "var": 0.991706669331
    },
    "spectral_spread": {
        "dmean": 206586.140625,
        "dmean2": 362324.84375,
        "dvar": 30176092160,
        "dvar2": 85446500352,
        "max": 8324472.5,
        "mean": 1345947.5,
        "median": 1298161.5,
        "min": 781554.1875,
        "var": 106369409024
    },
    "spectral_strongpeak": {
        "dmean": 0.412923157215,
        "dmean2": 0.68282443285,
        "dvar": 0.351168245077,
        "dvar2": 0.762920379639,
        "max": 5.31783819199,
        "mean": 0.802406489849,
        "median": 0.475878983736,
        "min": 0.00037177890772,
        "var": 0.738550126553
    },
    "zerocrossingrate": {
        "dmean": 0.00205497629941,
        "dmean2": 0.00268091540784,
        "dvar": 2.63444962911e-06,
        "dvar2": 4.7531684686e-06,
        "max": 0.0390625,
        "mean": 0.0195125490427,
        "median": 0.01953125,
        "min": 0.00634765625,
        "var": 1.95574284589e-05
    },
    "barkbands": {
        "dmean": [1.53400924319e-05, 0.000698087154888, 0.000540014181752, 0.000299669045489, 0.00204138155095, 0.00201585306786, 0.00111424026545, 0.00139455625322, 0.000899453181773, 0.00033937842818, 0.000616093515418, 0.000195119166165, 0.000110897475679, 0.000147668761201, 3.86277351936e-05, 2.96939742839e-05, 7.90911235526e-06, 2.56086718764e-06, 1.6985017055e-06, 6.04407546234e-07, 2.72055160622e-07, 1.08288091383e-07, 5.04176220772e-08, 2.74837805847e-08, 1.50740149252e-08, 5.37163424852e-09, 1.30562383127e-09],
        "dmean2": [1.97445151571e-05, 0.000606499321293, 0.00045918795513, 0.000267496012384, 0.00233457284048, 0.00270372699015, 0.00155158492271, 0.00200304621831, 0.00138128502294, 0.00055136840092, 0.00101825629827, 0.000323389074765, 0.000188065489056, 0.000254224141827, 6.8892899435e-05, 5.2438237617e-05, 1.38773566505e-05, 4.50953712061e-06, 2.94725941785e-06, 1.05289893781e-06, 4.69913544521e-07, 1.879279381e-07, 8.7982613195e-08, 4.59617943704e-08, 2.58306922518e-08, 9.25090759551e-09, 2.4073643079e-09],
        "dvar": [4.94172480714e-10, 7.22376910289e-07, 4.83768758386e-07, 2.08096764709e-07, 1.11324125101e-05, 9.18322803045e-06, 4.33946024714e-06, 9.89824820863e-06, 2.91952551379e-06, 3.74526507585e-07, 1.34697131671e-06, 8.8589345637e-08, 2.56151473366e-08, 9.70285753965e-08, 3.78630193865e-09, 3.11107761775e-09, 1.25926213901e-10, 1.44078846076e-11, 6.37346642476e-12, 6.72181711334e-13, 1.42837361405e-13, 2.16613920946e-14, 4.10358494418e-15, 1.03677489194e-15, 2.60151770189e-16, 3.83300143385e-17, 2.9587055235e-18],
        "dvar2": [9.20166054463e-10, 1.11208896669e-06, 4.92542710617e-07, 2.25769014151e-07, 1.51679705596e-05, 1.72626459971e-05, 7.8784469224e-06, 1.93265441339e-05, 6.29640908301e-06, 9.42960753036e-07, 3.36858215633e-06, 2.31992842714e-07, 7.18067170169e-08, 2.75872992006e-07, 1.15485327967e-08, 9.06979558124e-09, 3.62267410514e-10, 4.4451893555e-11, 1.91975584735e-11, 2.08398836382e-12, 4.12280100467e-13, 6.58262710291e-14, 1.22255738112e-14, 2.93980317927e-15, 7.38848575742e-16, 1.09305459323e-16, 9.46861983943e-18],
        "max": [0.000652651942801, 0.0226527862251, 0.0196519829333, 0.0119369048625, 0.0896596908569, 0.0445054471493, 0.0321134515107, 0.056151073426, 0.0320159345865, 0.00803797505796, 0.0158074498177, 0.00335660134442, 0.00198861258104, 0.00374065013602, 0.00106805027463, 0.000879728817381, 0.000131171618705, 5.45667026017e-05, 2.83192748611e-05, 9.71996360022e-06, 6.39465724817e-06, 2.08140568247e-06, 9.63904653872e-07, 6.37165328499e-07, 1.89868927691e-07, 7.14298948878e-08, 1.97179517158e-08],
        "mean": [0.000358489080099, 0.00551751209423, 0.00261273630895, 0.00108299124986, 0.0061892089434, 0.00443076714873, 0.00211725430563, 0.00228787190281, 0.00152738299221, 0.000528759206645, 0.000896955956705, 0.000318722159136, 0.000166940095369, 0.000214108164073, 5.87535650993e-05, 4.57507339888e-05, 1.4061120055e-05, 4.86616136186e-06, 3.54486633114e-06, 1.63924607932e-06, 7.93185904513e-07, 3.75786413542e-07, 1.84381775625e-07, 1.09768095058e-07, 4.26549888743e-08, 9.19159059976e-09, 1.27544586004e-09],
        "median": [0.000414265174186, 0.00513038923964, 0.00189518358093, 0.000559795007575, 0.00278239999898, 0.00209362991154, 0.000822429079562, 0.00049533136189, 0.000592778320424, 0.000246437586611, 0.000345271080732, 0.000166117330082, 0.000104991078842, 6.13307638559e-05, 3.55724332621e-05, 1.96754044737e-05, 9.482767382e-06, 3.52119400304e-06, 2.38168217948e-06, 1.20810545923e-06, 6.16648378582e-07, 2.91029067512e-07, 1.53056646468e-07, 9.10719535341e-08, 3.67645576205e-08, 6.82148559861e-09, 5.51196366327e-10],
        "min": [3.32700977879e-10, 1.63289426425e-09, 1.25228583059e-09, 2.267753485e-10, 4.46933011433e-11, 4.55894870466e-12, 2.34237207408e-09, 3.06161346275e-11, 3.73400182302e-12, 6.03815955569e-11, 9.32907223694e-11, 4.36681550295e-12, 9.97887467102e-11, 1.70781346964e-12, 2.98762681261e-11, 7.13449785361e-12, 1.88585744243e-11, 5.8561181078e-12, 1.62681066534e-11, 3.77691801445e-12, 4.5550646588e-12, 6.32732451503e-12, 9.64499660694e-12, 1.13124943441e-11, 1.44606557631e-11, 1.36519155355e-11, 1.9321936412e-11],
        "var": [2.50356055886e-08, 1.26276863739e-05, 6.51580512567e-06, 2.19466824092e-06, 8.26500254334e-05, 3.73369111912e-05, 1.15232924145e-05, 2.50401772064e-05, 6.16201987214e-06, 6.51499590276e-07, 2.34699928114e-06, 1.77882213848e-07, 3.8250178136e-08, 1.52695236011e-07, 5.28975174774e-09, 4.97900431995e-09, 2.21015650226e-10, 2.40843473637e-11, 1.51646369073e-11, 2.50526465892e-12, 5.22075004755e-13, 1.09670431102e-13, 2.1703203335e-14, 7.62294585365e-15, 9.33218020242e-16, 8.47139421943e-17, 3.07220318215e-18]
    },
    "erbbands": {
        "dmean": [0.0149285728112, 0.182113677263, 0.592270553112, 0.867785453796, 1.6308350563, 9.21858310699, 11.069943428, 20.8933486938, 12.0137777328, 30.7560501099, 15.6275014877, 22.2719249725, 13.8334312439, 11.4928627014, 25.5090255737, 6.1847076416, 5.00113916397, 7.36379051208, 3.27204442024, 1.52889001369, 1.14028501511, 0.34287083149, 0.203169927001, 0.120822317898, 0.0445029772818, 0.0223993454129, 0.0136484615505, 0.00846572592854, 0.004723505117, 0.00256017805077, 0.00143225421198, 0.000741405820008, 0.000428530358477, 0.000223388502491, 0.000102295940451, 3.89739143429e-05, 6.51262917017e-06, 1.39314829539e-06, 2.25722669711e-06, 5.32751619176e-06],
        "dmean2": [0.0123207857832, 0.160660907626, 0.477070301771, 0.777159690857, 1.63374006748, 10.7017030716, 13.9328432083, 29.1243400574, 17.2010440826, 41.887298584, 23.885093689, 34.0266075134, 22.2534866333, 19.055475235, 41.5724143982, 10.0568828583, 8.40335845947, 12.6816387177, 5.69450092316, 2.70343065262, 2.01396346092, 0.599625051022, 0.360318511724, 0.210848152637, 0.0772472023964, 0.0394573695958, 0.0234325937927, 0.0145687907934, 0.00819622725248, 0.00444894377142, 0.00250083138235, 0.0012598837493, 0.000724746612832, 0.000382764264941, 0.000174712549779, 6.69810615364e-05, 1.12614316095e-05, 2.46250851887e-06, 3.03998717754e-06, 7.13718191037e-06],
        "dvar": [0.0003673088504, 0.0486844070256, 0.508953869343, 1.90783762932, 7.77803134918, 259.238220215, 362.485351562, 1269.68762207, 358.894287109, 3449.75146484, 941.665039062, 2140.57421875, 429.561096191, 314.163635254, 3323.96704102, 95.164680481, 48.9225578308, 230.275924683, 24.4743709564, 5.52632427216, 3.26603651047, 0.21463124454, 0.0780102834105, 0.0365047864616, 0.00389296398498, 0.00101105158683, 0.00032580117113, 0.000148192513734, 4.50297011412e-05, 1.21516877698e-05, 3.45151420333e-06, 8.42068629936e-07, 2.51409517205e-07, 5.81547467959e-08, 1.1658921828e-08, 1.64649704981e-09, 9.92040963266e-11, 4.39646366188e-12, 8.15238501706e-12, 4.58074203569e-11],
        "dvar2": [0.00058053934481, 0.0690900683403, 0.439792871475, 2.13403868675, 8.66157436371, 312.860168457, 624.96472168, 2576.77807617, 729.879516602, 6118.16943359, 2098.79785156, 4615.66259766, 1050.8392334, 851.593322754, 8218.3984375, 240.733108521, 133.933349609, 652.076416016, 71.6200942993, 16.7107448578, 9.57399654388, 0.610347807407, 0.237476810813, 0.109409190714, 0.0113665321842, 0.00319018354639, 0.000971781555563, 0.000426663609687, 0.000133503985126, 3.5367145756e-05, 1.01651548903e-05, 2.3350939955e-06, 7.28053294097e-07, 1.6801381264e-07, 3.41928654279e-08, 4.65431782004e-09, 2.8454044676e-10, 1.31321559529e-11, 1.40605886309e-11, 7.87068396568e-11],
        "max": [0.406530737877, 5.62030506134, 23.2018127441, 42.5516242981, 96.3006820679, 532.979919434, 485.792999268, 549.567565918, 250.298660278, 1078.27954102, 481.073028564, 910.795837402, 231.13243103, 224.27822876, 794.20501709, 121.734970093, 84.7666854858, 178.151046753, 61.6209259033, 37.4076538086, 26.4659862518, 7.12287425995, 3.58860945702, 2.32363510132, 0.888401150703, 0.439342707396, 0.279492020607, 0.158165976405, 0.107496961951, 0.0489129461348, 0.0289950780571, 0.0177092012018, 0.00752459652722, 0.00350193120539, 0.00103970337659, 0.000468771409942, 0.000153603570652, 3.23268395732e-05, 8.36090839584e-05, 0.000198875524802],
        "mean": [0.160076722503, 1.18538236618, 3.10615587234, 3.76696276665, 6.22825050354, 26.8129692078, 32.3356399536, 40.9581222534, 25.7076320648, 56.2486038208, 28.9139537811, 37.7957687378, 23.9257240295, 18.778678894, 37.9833831787, 11.2034158707, 8.26478290558, 11.0492115021, 5.40492868423, 2.67707014084, 1.94562494755, 0.713176250458, 0.395384520292, 0.246566310525, 0.116505511105, 0.0657504424453, 0.040795955807, 0.0249752309173, 0.0151904253289, 0.00900760944933, 0.00532721355557, 0.00289630168118, 0.00144312821794, 0.000657361466438, 0.000246369338129, 8.50000724313e-05, 1.69065533555e-05, 2.86748104372e-06, 1.33564899443e-05, 3.15059623972e-05],
        "median": [0.169546544552, 0.986861109734, 2.37260842323, 2.47738385201, 2.54093885422, 10.2186279297, 14.5732812881, 19.1080970764, 13.8844470978, 20.0653152466, 10.1868190765, 13.0556688309, 14.816283226, 10.509510994, 12.8269062042, 5.86647033691, 5.43453216553, 4.69423389435, 3.678160429, 1.71874117851, 1.17451238632, 0.546123981476, 0.301200717688, 0.161198869348, 0.0857725217938, 0.048779040575, 0.0307484474033, 0.0191089957952, 0.0118768587708, 0.00710407597944, 0.00431069405749, 0.00242678611539, 0.00121324544307, 0.000552114681341, 0.000211586229852, 7.32590051484e-05, 1.34784640977e-05, 2.0352640604e-06, 1.08278491098e-05, 2.55773265962e-05],
        "min": [5.53733734421e-08, 3.41122472491e-07, 1.33640833155e-06, 1.21436607969e-06, 3.07861910187e-07, 1.41432934697e-07, 3.6237342016e-08, 4.91895946197e-07, 1.85785211215e-05, 3.16574805765e-05, 1.83538099918e-06, 1.46516384802e-07, 3.50771813373e-07, 5.65457730772e-06, 1.11621125143e-06, 3.35649787075e-07, 4.03561580242e-06, 1.43488080084e-06, 8.91791785307e-07, 1.02253238765e-06, 7.66898210713e-07, 6.62867591927e-07, 3.98068920049e-07, 9.26232189613e-07, 4.67093570933e-07, 1.69321666021e-07, 9.47907210502e-08, 2.52597857298e-07, 2.14191302916e-07, 2.31161919828e-07, 3.04059341261e-07, 2.6338429393e-07, 1.67780214611e-07, 9.24237824051e-08, 1.37809607281e-07, 6.96117297139e-08, 2.40047537403e-08, 7.71260921795e-09, 2.87411294764e-09, 3.16897619257e-10],
        "var": [0.00849654339254, 0.861718535423, 8.36852836609, 19.5959205627, 88.0143508911, 1914.96325684, 2586.75439453, 3796.65795898, 1024.15466309, 9565.43457031, 2375.40673828, 4381.22998047, 794.291625977, 541.342407227, 5735.78515625, 217.880340576, 80.6959686279, 355.76864624, 37.0340194702, 8.72965526581, 5.5654425621, 0.482326716185, 0.138192072511, 0.0790489912033, 0.0130506167188, 0.00395642779768, 0.00144618854392, 0.000531810102984, 0.000185609445907, 6.0205176851e-05, 1.96623659576e-05, 5.57839939574e-06, 1.2182960063e-06, 2.37348160681e-07, 3.25172173632e-08, 3.8947192138e-09, 2.29203420132e-10, 8.21115397898e-12, 1.02722948203e-10, 5.74514880114e-10]
    },
    "gfcc": {
        "mean": [-127.75617981, 224.886947632, -111.754142761, -4.8653883934, -36.688205719, 2.79432415962, -20.4410877228, -8.84049606323, -2.5196378231, -7.86015558243, 2.70900678635, -8.54185581207, 6.082695961],
        "cov": [[5537.74951172, 686.615844727, -556.253845215, -25.5247707367, -212.890365601, -214.793457031, 67.8558883667, -301.96307373, 148.484466553, -206.414230347, 111.854202271, -119.713668823, 153.57081604], [686.615844727, 245.351730347, -13.2812366486, -44.6872367859, -50.7311477661, -67.7872924805, 19.4776592255, -71.9047393799, 29.5232048035, -65.5035705566, 21.5186424255, -22.5341815948, 52.6953735352], [-556.253845215, -13.2812366486, 181.675354004, 2.92886734009, 33.3198242188, 10.2507543564, -9.87530326843, 27.2749767303, -29.5068569183, 13.4434261322, -20.5702934265, 14.8462457657, -3.27435970306], [-25.5247707367, -44.6872367859, 2.92886734009, 75.6885910034, 43.7860450745, 26.8758335114, -1.06990730762, 10.9806957245, 4.73543691635, 11.0043430328, 1.32819807529, -3.96937203407, -14.1671037674], [-212.890365601, -50.7311477661, 33.3198242188, 43.7860450745, 82.4258880615, 55.1288223267, 4.69206476212, 17.8136539459, -3.87424373627, 21.3100643158, -5.09100675583, 4.0587849617, -18.8678340912], [-214.793457031, -67.7872924805, 10.2507543564, 26.8758335114, 55.1288223267, 84.4810638428, 18.1881637573, 28.999042511, -14.7829265594, 20.3191547394, -5.98405647278, 3.02957510948, -14.1967802048], [67.8558883667, 19.4776592255, -9.87530326843, -1.06990730762, 4.69206476212, 18.1881637573, 44.7789230347, 10.7379255295, 10.325299263, -8.43189239502, 2.5345454216, -5.43121480942, -5.39337682724], [-301.96307373, -71.9047393799, 27.2749767303, 10.9806957245, 17.8136539459, 28.999042511, 10.7379255295, 69.6265563965, 9.26558208466, 26.9096927643, -11.2944965363, 5.62136602402, -19.0098896027], [148.484466553, 29.5232048035, -29.5068569183, 4.73543691635, -3.87424373627, -14.7829265594, 10.325299263, 9.26558208466, 64.7528533936, 17.2832527161, 13.5179805756, -14.3030319214, -9.40953922272], [-206.414230347, -65.5035705566, 13.4434261322, 11.0043430328, 21.3100643158, 20.3191547394, -8.43189239502, 26.9096927643, 17.2832527161, 62.847782135, 13.9555635452, 5.13826084137, -23.0013885498], [111.854202271, 21.5186424255, -20.5702934265, 1.32819807529, -5.09100675583, -5.98405647278, 2.5345454216, -11.2944965363, 13.5179805756, 13.9555635452, 43.4712295532, 13.1306219101, 3.86895251274], [-119.713668823, -22.5341815948, 14.8462457657, -3.96937203407, 4.0587849617, 3.02957510948, -5.43121480942, 5.62136602402, -14.3030319214, 5.13826084137, 13.1306219101, 41.2924728394, 16.0165309906], [153.57081604, 52.6953735352, -3.27435970306, -14.1671037674, -18.8678340912, -14.1967802048, -5.39337682724, -19.0098896027, -9.40953922272, -23.0013885498, 3.86895251274, 16.0165309906, 55.5130386353]],
        "icov": [[0.000530715740751, -0.0016425868962, 0.00156885024626, -0.00112976529635, 0.000372453447198, 0.000175325141754, -0.00024077371927, 0.000312333082547, 0.00045593973482, -0.000725896039512, 0.000494861684274, -2.4107614081e-05, -0.000100766854302], [-0.0016425868962, 0.0278652049601, -0.0119892442599, 0.0124674485996, -0.00591883808374, 0.00604498153552, -0.00803709588945, 0.0103690838441, -0.0140830557793, 0.0193498171866, -0.0182550251484, 0.0181382186711, -0.0154586695135], [0.00156885024626, -0.0119892442599, 0.0149432690814, -0.00459668366238, -0.00351459253579, 0.00384542578831, 0.00113170477562, -0.0061663412489, 0.0103159630671, -0.0102184638381, 0.00918009970337, -0.00605684705079, 0.00315853883512], [-0.00112976529635, 0.0124674485996, -0.00459668366238, 0.0269674602896, -0.0155552942306, 0.00273239961825, 0.00170579028782, -7.91144702816e-05, -0.00643131975085, 0.011948434636, -0.0127318417653, 0.0116758942604, -0.00516850268468], [0.000372453447198, -0.00591883808374, -0.00351459253579, -0.0155552942306, 0.0372948795557, -0.0227593146265, 0.00390476174653, 0.00672776577994, -0.00527015142143, -0.00514008384198, 0.00985773839056, -0.0129727600142, 0.00998243223876], [0.000175325141754, 0.00604498153552, 0.00384542578831, 0.00273239961825, -0.0227593146265, 0.0375095792115, -0.0170278195292, -0.00597110530362, 0.012567570433, -0.00576032884419, -0.00428570434451, 0.0111833466217, -0.010325409472], [-0.00024077371927, -0.00803709588945, 0.00113170477562, 0.00170579028782, 0.00390476174653, -0.0170278195292, 0.0400367602706, -0.0110168652609, -0.00537585746497, 0.0112440735102, -0.00369406561367, -0.00407525058836, 0.0110678849742], [0.000312333082547, 0.0103690838441, -0.0061663412489, -7.91144702816e-05, 0.00672776577994, -0.00597110530362, -0.0110168652609, 0.0348726287484, -0.0147605380043, -0.00151518743951, 0.00731915328652, -0.00416121305898, -0.00189893366769], [0.00045593973482, -0.0140830557793, 0.0103159630671, -0.00643131975085, -0.00527015142143, 0.012567570433, -0.00537585746497, -0.0147605380043, 0.0381328128278, -0.0209111366421, 0.00177047529723, 0.00413534045219, 0.0034026899375], [-0.000725896039512, 0.0193498171866, -0.0102184638381, 0.011948434636, -0.00514008384198, -0.00576032884419, 0.0112440735102, -0.00151518743951, -0.0209111366421, 0.050476744771, -0.0285277552903, 0.011656800285, -0.000564406102058], [0.000494861684274, -0.0182550251484, 0.00918009970337, -0.0127318417653, 0.00985773839056, -0.00428570434451, -0.00369406561367, 0.00731915328652, 0.00177047529723, -0.0285277552903, 0.0558147095144, -0.0333799682558, 0.0118742669001], [-2.4107614081e-05, 0.0181382186711, -0.00605684705079, 0.0116758942604, -0.0129727600142, 0.0111833466217, -0.00407525058836, -0.00416121305898, 0.00413534045219, 0.011656800285, -0.0333799682558, 0.0589156635106, -0.0270395111293], [-0.000100766854302, -0.0154586695135, 0.00315853883512, -0.00516850268468, 0.00998243223876, -0.010325409472, 0.0110678849742, -0.00189893366769, 0.0034026899375, -0.000564406102058, 0.0118742669001, -0.0270395111293, 0.0403278693557]]
    },
    "melbands": {
        "dmean": [0.000162391661434, 0.000276020058664, 0.0001448289986, 0.000357790035196, 0.000413800531533, 0.000427433114965, 0.000207140285056, 0.000357510609319, 0.000111412569822, 0.000149547238834, 6.84187034494e-05, 4.57704263681e-05, 7.33777997084e-05, 4.17346273025e-05, 1.044707642e-05, 1.23656454889e-05, 1.56149380928e-05, 6.42418581265e-06, 3.35022309628e-06, 2.55297368312e-06, 1.02156616322e-06, 3.85418616133e-07, 3.19072086086e-07, 1.07149908501e-07, 1.14240016558e-07, 3.4499581858e-08, 3.57871527967e-08, 1.76463679225e-08, 1.11522826529e-08, 8.54529602634e-09, 5.6635158785e-09, 3.27391913579e-09, 2.02541938776e-09, 1.42458778107e-09, 1.07893283197e-09, 6.84669265727e-10, 4.84121187583e-10, 3.80681347556e-10, 2.80351936111e-10, 1.98745506164e-10],
        "dmean2": [0.00013627752196, 0.000231074533076, 0.000133738474688, 0.000395245151594, 0.000509649515152, 0.000588322582189, 0.000295123929391, 0.000493215047754, 0.000173935448402, 0.000227803204325, 0.000110521235911, 7.56840381655e-05, 0.000120763637824, 6.7978980951e-05, 1.66911067936e-05, 2.12194918277e-05, 2.69114789262e-05, 1.10809269245e-05, 5.99505847276e-06, 4.52013682661e-06, 1.8062946765e-06, 6.75681064877e-07, 5.67099903037e-07, 1.87921855854e-07, 2.00010902063e-07, 6.02997900501e-08, 6.20349922542e-08, 3.10313765794e-08, 1.92503506469e-08, 1.50717198721e-08, 9.788487354e-09, 5.6821969352e-09, 3.50407525218e-09, 2.47389464469e-09, 1.89828308628e-09, 1.1694539781e-09, 8.24417256684e-10, 6.44604425393e-10, 4.79580708479e-10, 3.42888079041e-10],
        "dvar": [3.86677996289e-08, 1.06540674949e-07, 4.5605425214e-08, 4.05039003226e-07, 4.75076973316e-07, 4.80987296214e-07, 1.21581464896e-07, 5.18590638876e-07, 4.85593538713e-08, 9.94189690573e-08, 1.07275797134e-08, 5.00438668283e-09, 2.33933210581e-08, 5.99360516773e-09, 4.43087178059e-10, 3.94477533971e-10, 1.23676058283e-09, 1.21442939038e-10, 3.85082313259e-11, 2.75462899019e-11, 2.17165413256e-12, 2.77940024511e-13, 2.90336927677e-13, 1.9533745281e-14, 3.3689295521e-14, 1.89944533795e-15, 2.67256449617e-15, 7.56499948269e-16, 2.43484411718e-16, 1.86262452457e-16, 7.05445963816e-17, 2.03247607102e-17, 6.46794275805e-18, 3.35821680216e-18, 2.07079062204e-18, 7.67534272943e-19, 3.15268749386e-19, 2.05866332708e-19, 9.64979596822e-20, 5.01396077599e-20],
        "dvar2": [6.39900790134e-08, 1.03531533568e-07, 5.11905042799e-08, 4.54571647879e-07, 7.83912923907e-07, 9.67921096162e-07, 2.37581048168e-07, 9.52258403686e-07, 1.13181911843e-07, 2.1403340611e-07, 2.65092072738e-08, 1.33897142263e-08, 5.83692489897e-08, 1.46497223241e-08, 1.08858255743e-09, 1.11050646456e-09, 3.50236972757e-09, 3.55738938307e-10, 1.18428877816e-10, 8.04683125688e-11, 6.57312138747e-12, 7.73094479059e-13, 8.60832726716e-13, 5.93405871858e-14, 1.01212021078e-13, 5.57114787584e-15, 7.80962513896e-15, 2.3466427352e-15, 7.5503219899e-16, 5.41299475437e-16, 2.03327360548e-16, 6.05215231678e-17, 1.8973430485e-17, 9.785516868e-18, 6.15705850535e-18, 2.18932477664e-18, 8.97562102153e-19, 5.94653369823e-19, 2.90072905476e-19, 1.4390294388e-19],
        "max": [0.00504152197391, 0.00963485613465, 0.00595783023164, 0.0215225219727, 0.0176763404161, 0.0107264919207, 0.00519759766757, 0.0132616572082, 0.00301283900626, 0.00618519028649, 0.00115867157001, 0.000843087094836, 0.00215299148113, 0.000946008542087, 0.000422216980951, 0.000257639127085, 0.000410781329265, 0.000139827869134, 0.000114833419502, 8.3440761955e-05, 1.66294830706e-05, 8.70688654686e-06, 6.4952869252e-06, 1.63406605225e-06, 2.17697106564e-06, 6.92718742812e-07, 6.71222778692e-07, 3.57931384087e-07, 2.29455991985e-07, 2.66573209728e-07, 1.12637039251e-07, 7.05441109972e-08, 3.59275169615e-08, 2.51406806484e-08, 2.21342997264e-08, 1.60998432364e-08, 8.78002825999e-09, 6.44195408128e-09, 4.25533164261e-09, 2.39632425014e-09],
        "mean": [0.00144048116636, 0.00168698106427, 0.000645824533422, 0.00116216484457, 0.00123551336583, 0.000862153770868, 0.00042292883154, 0.000640924845356, 0.000198694790015, 0.000248820986599, 0.000113061236334, 7.01014869264e-05, 0.000110406661406, 6.42065424472e-05, 1.70680377778e-05, 1.74811339093e-05, 2.23164279305e-05, 9.66549123405e-06, 4.83114081362e-06, 3.82180542147e-06, 1.70334544691e-06, 7.20408763755e-07, 5.46157934878e-07, 2.1107723569e-07, 2.09274290341e-07, 7.71558106294e-08, 7.72692771989e-08, 3.89276522128e-08, 2.83849441729e-08, 1.92776106189e-08, 1.33105961808e-08, 8.92596752067e-09, 6.08551165016e-09, 4.44105374697e-09, 3.28801652572e-09, 2.234955776e-09, 1.53441059858e-09, 1.07407227556e-09, 7.31898819328e-10, 4.60564808513e-10],
        "median": [0.00142669701017, 0.00135708635207, 0.000441238138592, 0.000406094419304, 0.000606244779192, 0.000410506443586, 0.000204109732294, 0.000219007997657, 6.30298818578e-05, 8.45142130856e-05, 6.77131829434e-05, 3.7858459109e-05, 4.29651554441e-05, 2.78121333395e-05, 5.98789029027e-06, 9.52652044361e-06, 6.24844096819e-06, 5.16190766575e-06, 2.56410271504e-06, 1.36224252856e-06, 1.12137672659e-06, 5.22023071881e-07, 3.17009664741e-07, 1.63732735814e-07, 1.22318155604e-07, 6.10924502098e-08, 5.14630187354e-08, 2.62385757566e-08, 1.98111038685e-08, 1.37561411151e-08, 9.61949009337e-09, 6.6993570691e-09, 4.79496264916e-09, 3.41240768975e-09, 2.60160559762e-09, 1.75581571504e-09, 1.25200938506e-09, 8.85635231818e-10, 5.90013926605e-10, 3.76858960704e-10],
        "min": [4.84349893526e-10, 6.28107343914e-10, 1.87581103428e-10, 1.41845753893e-11, 1.27298117793e-12, 3.91820473636e-12, 3.65008828718e-10, 2.79783002322e-10, 2.63075151941e-12, 4.26431025907e-13, 9.07771091369e-13, 2.19607994983e-11, 7.00549037183e-12, 5.42034028338e-13, 1.39933648436e-12, 1.26439986953e-11, 1.11012024226e-12, 8.34628102308e-13, 2.82939080151e-12, 5.22615154278e-13, 1.08334055702e-12, 8.15924368e-13, 5.16251863307e-13, 2.67771617596e-13, 8.82154267169e-13, 3.29479282399e-13, 2.53728353432e-13, 8.58896084138e-14, 5.70283566464e-14, 8.21867327341e-14, 1.65946005852e-13, 1.00655439116e-13, 1.51316323837e-13, 1.24738625462e-13, 1.63456908057e-13, 1.73348057371e-13, 1.72661391478e-13, 1.34078159816e-13, 7.62389622462e-14, 6.84716091335e-14],
        "var": [6.75064143252e-07, 1.96806422537e-06, 4.65524692572e-07, 3.68461360267e-06, 3.40433780366e-06, 1.50933180976e-06, 3.34083836151e-07, 1.38402731409e-06, 1.18130003557e-07, 1.9899465542e-07, 1.93979232677e-08, 8.65183480414e-09, 4.12018792417e-08, 1.09116609082e-08, 9.2256574602e-10, 5.55336165942e-10, 1.90982651915e-09, 1.74123493402e-10, 5.03751658443e-11, 4.24727857051e-11, 3.62984078559e-12, 5.60704260799e-13, 4.60613589371e-13, 3.67707675018e-14, 6.68436050326e-14, 4.60526942983e-15, 6.90013155866e-15, 1.81604096825e-15, 8.0746782653e-16, 4.24899757839e-16, 1.74516699517e-16, 6.7477377583e-17, 2.77674704728e-17, 1.537261898e-17, 8.01137823584e-18, 3.75229433138e-18, 1.59972315391e-18, 7.58521519784e-19, 3.17216397837e-19, 1.34311577882e-19]
    },
    "mfcc": {
        "mean": [-772.24432373, 248.617111206, 0.0225786808878, 6.6764330864, 5.45268058777, 7.31034946442, -0.870937168598, 0.653073251247, 1.18571007252, 0.893976092339, -0.671859562397, 0.064647577703, 2.40474367142],
        "cov": [[4184.65185547, 1301.65808105, -852.51739502, 219.835327148, -317.820556641, 3.14145755768, -158.447967529, -80.0201416016, -107.435699463, -14.397816658, -67.7800292969, -33.8282051086, -58.7044448853], [1301.65808105, 675.270507812, -192.175109863, 3.04318785667, -85.6541824341, -41.9268836975, -43.7989387512, -44.0400619507, -27.072637558, -18.3858547211, -31.2764186859, -55.7974815369, -60.9711341858], [-852.51739502, -192.175109863, 243.160049438, -45.2702980042, 56.2251701355, -12.1211452484, 25.4023590088, 9.74351596832, 18.1886482239, -3.57216024399, 5.13266181946, -5.07779455185, -1.61154198647], [219.835327148, 3.04318785667, -45.2702980042, 102.194152832, 16.9671573639, 18.5788116455, -5.20156145096, -4.82350921631, -1.36485350132, 6.36163806915, 11.613448143, 17.5056266785, 14.6449241638], [-317.820556641, -85.6541824341, 56.2251701355, 16.9671573639, 86.6473770142, 26.448266983, 23.9519348145, 5.19156074524, 14.6818933487, 4.67785739899, 11.8262624741, 7.61584043503, 9.07498168945], [3.14145755768, -41.9268836975, -12.1211452484, 18.5788116455, 26.448266983, 60.2687149048, 28.8755722046, 4.82688760757, 2.38493418694, 0.372699558735, -0.455503612757, 6.72578525543, 8.21755504608], [-158.447967529, -43.7989387512, 25.4023590088, -5.20156145096, 23.9519348145, 28.8755722046, 58.0398178101, 23.135766983, 8.22468471527, -1.79605031013, 0.378266453743, 0.920014023781, 3.32077503204], [-80.0201416016, -44.0400619507, 9.74351596832, -4.82350921631, 5.19156074524, 4.82688760757, 23.135766983, 45.9154510498, 18.530954361, -2.56011962891, -2.44914126396, 0.399489790201, 3.60142445564], [-107.435699463, -27.072637558, 18.1886482239, -1.36485350132, 14.6818933487, 2.38493418694, 8.22468471527, 18.530954361, 42.3053092957, 18.4889545441, 4.35739278793, 0.830668270588, -0.372766107321], [-14.397816658, -18.3858547211, -3.57216024399, 6.36163806915, 4.67785739899, 0.372699558735, -1.79605031013, -2.56011962891, 18.4889545441, 42.8852119446, 24.5514240265, 7.54009580612, 2.52812862396], [-67.7800292969, -31.2764186859, 5.13266181946, 11.613448143, 11.8262624741, -0.455503612757, 0.378266453743, -2.44914126396, 4.35739278793, 24.5514240265, 49.4667205811, 28.4469661713, 8.41531085968], [-33.8282051086, -55.7974815369, -5.07779455185, 17.5056266785, 7.61584043503, 6.72578525543, 0.920014023781, 0.399489790201, 0.830668270588, 7.54009580612, 28.4469661713, 57.6708641052, 35.5271835327], [-58.7044448853, -60.9711341858, -1.61154198647, 14.6449241638, 9.07498168945, 8.21755504608, 3.32077503204, 3.60142445564, -0.372766107321, 2.52812862396, 8.41531085968, 35.5271835327, 52.6196556091]],
