{
"lowlevel": {
    "average_loudness": 0.94013428688,
    "barkbands_crest": {
        "dmean": 2.51398158073,
        "dmean2": 4.05791091919,
        "dvar": 4.61582756042,
        "dvar2": 12.1622991562,
        "max": 22.8388538361,
        "mean": 9.8582906723,
        "median": 9.27607345581,
        "min": 2.97547054291,
        "var": 13.0126552582
    },
    "barkbands_flatness_db": {
        "dmean": 0.0205702334642,
        "dmean2": 0.0336820483208,
        "dvar": 0.000305767753161,
        "dvar2": 0.000790416670498,
        "max": 0.274294316769,
        "mean": 0.16896481812,
        "median": 0.168725624681,
        "min": 0.029119245708,
        "var": 0.00123275537044
    },
    "barkbands_kurtosis": {
        "dmean": 2.03143501282,
        "dmean2": 3.35477352142,
        "dvar": 6.50326633453,
        "dvar2": 16.5692749023,
        "max": 42.8948326111,
        "mean": 2.40330386162,
        "median": 1.27683162689,
        "min": -1.86267650127,
        "var": 16.8597717285
    },
    "barkbands_skewness": {
        "dmean": 0.480434477329,
        "dmean2": 0.783456861973,
        "dvar": 0.167756095529,
        "dvar2": 0.408372849226,
        "max": 5.53875112534,
        "mean": 1.55396842957,
        "median": 1.54082977772,
        "min": -1.75835514069,
        "var": 0.783313035965
    },
    "barkbands_spread": {
        "dmean": 5.86966848373,
        "dmean2": 9.34464836121,
        "dvar": 36.8323554993,
        "dvar2": 72.472946167,
        "max": 78.6667327881,
        "mean": 26.5071907043,
        "median": 24.092710495,
        "min": 3.17771816254,
        "var": 188.222564697
    },
    "dissonance": {
        "dmean": 0.00983703136444,
        "dmean2": 0.0162867344916,
        "dvar": 0.00011418422946,
        "dvar2": 0.000229882323765,
        "max": 0.499999880791,
        "mean": 0.480801135302,
        "median": 0.484339982271,
        "min": 0.217514514923,
        "var": 0.000238326378167
    },
    "dynamic_complexity": 2.54532217979,
    "erbbands_crest": {
        "dmean": 2.0443546772,
        "dmean2": 3.27135705948,
        "dvar": 3.46234607697,
        "dvar2": 8.15096855164,
        "max": 24.4468402863,
        "mean": 7.76708030701,
        "median": 7.0330657959,
        "min": 2.82392787933,
        "var": 9.37732124329
    },
    "erbbands_flatness_db": {
        "dmean": 0.0129950046539,
        "dmean2": 0.0185554102063,
        "dvar": 0.000121560347907,
        "dvar2": 0.000250308919931,
        "max": 0.289254099131,
        "mean": 0.185434550047,
        "median": 0.186684086919,
        "min": 0.0981813743711,
        "var": 0.000658408913296
    },
    "erbbands_kurtosis": {
        "dmean": 0.70498162508,
        "dmean2": 1.10859620571,
        "dvar": 0.573552191257,
        "dvar2": 1.35597372055,
        "max": 10.4027051926,
        "mean": -0.10539329797,
        "median": -0.548945903778,
        "min": -1.82399463654,
        "var": 1.97677695751
    },
    "erbbands_skewness": {
        "dmean": 0.311593383551,
        "dmean2": 0.477513462305,
        "dvar": 0.0665176361799,
        "dvar2": 0.144505515695,
        "max": 1.69479751587,
        "mean": -0.511237800121,
        "median": -0.549922943115,
        "min": -2.5614066124,
        "var": 0.539083182812
    },
    "erbbands_spread": {
        "dmean": 7.42065000534,
        "dmean2": 11.9782123566,
        "dvar": 36.9693412781,
        "dvar2": 89.0847396851,
        "max": 116.837120056,
        "mean": 43.7621955872,
        "median": 43.3425674438,
        "min": 8.3811712265,
        "var": 170.166549683
    },
    "hfc": {
        "dmean": 5.20390176773,
        "dmean2": 7.57029867172,
        "dvar": 55.3864555359,
        "dvar2": 120.691413879,
        "max": 95.3128356934,
        "mean": 18.7469100952,
        "median": 15.6748189926,
        "min": 1.13257543001e-16,
        "var": 182.437774658
    },
    "melbands_crest": {
        "dmean": 3.33881378174,
        "dmean2": 5.60185241699,
        "dvar": 7.53786659241,
        "dvar2": 19.9894351959,
        "max": 28.5483760834,
        "mean": 14.1644916534,
        "median": 13.758436203,
        "min": 1.70425963402,
        "var": 18.5837669373
    },
    "melbands_flatness_db": {
        "dmean": 0.0256903674453,
        "dmean2": 0.0406906194985,
        "dvar": 0.000507040764205,
        "dvar2": 0.00126547832042,
        "max": 0.33299484849,
        "mean": 0.203242078424,
        "median": 0.206972807646,
        "min": 0.00489696441218,
        "var": 0.00262778368779
    },
    "melbands_kurtosis": {
        "dmean": 5.71843862534,
        "dmean2": 9.51265144348,
        "dvar": 38.4336471558,
        "dvar2": 97.7787857056,
        "max": 110.650283813,
        "mean": 12.3555650711,
        "median": 10.3619508743,
        "min": -1.70571863651,
        "var": 97.6499328613
    },
    "melbands_skewness": {
        "dmean": 0.665489733219,
        "dmean2": 1.10768353939,
        "dvar": 0.327291101217,
        "dvar2": 0.824002981186,
        "max": 8.06951618195,
        "mean": 3.08290314674,
        "median": 3.07505083084,
        "min": -0.511444866657,
        "var": 1.23360431194
    },
    "melbands_spread": {
        "dmean": 7.59560871124,
        "dmean2": 12.3639554977,
        "dvar": 73.4844665527,
        "dvar2": 165.472427368,
        "max": 158.726593018,
        "mean": 25.3376750946,
        "median": 20.0141487122,
        "min": 2.211165905,
        "var": 379.395751953
    },
    "pitch_salience": {
        "dmean": 0.0721416249871,
        "dmean2": 0.120841436088,
        "dvar": 0.00367015646771,
        "dvar2": 0.00980465952307,
        "max": 0.92665797472,
        "mean": 0.560815989971,
        "median": 0.570644378662,
        "min": 0.199234038591,
        "var": 0.0103099923581
    },
    "silence_rate_20dB": {
        "dmean": 0,
        "dmean2": 0,
        "dvar": 0,
        "dvar2": 0,
        "max": 1,
        "mean": 1,
        "median": 1,
        "min": 1,
        "var": 0
    },
    "silence_rate_30dB": {
        "dmean": 0.0202808119357,
        "dmean2": 0.0405932851136,
        "dvar": 0.0198697280139,
        "dvar2": 0.0483132526278,
        "max": 1,
        "mean": 0.982073247433,
        "median": 1,
        "min": 0,
        "var": 0.0176049731672
    },
    "silence_rate_60dB": {
        "dmean": 0.00312012480572,
        "dmean2": 0.00624512089416,
        "dvar": 0.00311042764224,
        "dvar2": 0.00620621396229,
        "max": 1,
        "mean": 0.0592361651361,
        "median": 0,
        "min": 0,
        "var": 0.055727828294
    },
    "spectral_centroid": {
        "dmean": 261.559570312,
        "dmean2": 415.106109619,
        "dvar": 95963.2734375,
        "dvar2": 161061.4375,
        "max": 10733.2128906,
        "mean": 1517.56530762,
        "median": 1461.04553223,
        "min": 298.029052734,
        "var": 445307.3125
    },
    "spectral_complexity": {
        "dmean": 3.34321379662,
        "dmean2": 5.17330217361,
        "dvar": 12.1443099976,
        "dvar2": 26.980091095,
        "max": 48,
        "mean": 20.5689792633,
        "median": 21,
        "min": 0,
        "var": 56.5571594238
    },
    "spectral_decrease": {
        "dmean": 2.74031797254e-09,
        "dmean2": 4.42941017198e-09,
        "dvar": 1.44328739753e-17,
        "dvar2": 3.42131298124e-17,
        "max": -1.52801765118e-28,
        "mean": -7.77845077238e-09,
        "median": -6.39095887323e-09,
        "min": -6.70648034884e-08,
        "var": 3.71540877622e-17
    },
    "spectral_energy": {
        "dmean": 0.0106650451198,
        "dmean2": 0.0171578917652,
        "dvar": 0.000215530046262,
        "dvar2": 0.000510048877914,
        "max": 0.259398937225,
        "mean": 0.0310580544174,
        "median": 0.025791104883,
        "min": 1.08494955925e-20,
        "var": 0.00056519388454
    },
    "spectral_energyband_high": {
        "dmean": 0.000318770791637,
        "dmean2": 0.000473088148283,
        "dvar": 5.71205077904e-07,
        "dvar2": 1.12527845886e-06,
        "max": 0.0143112158403,
        "mean": 0.000601217732765,
        "median": 0.000187194804312,
        "min": 7.76475410356e-21,
        "var": 1.66326867657e-06
    },
    "spectral_energyband_low": {
        "dmean": 0.00584333995357,
        "dmean2": 0.00948645640165,
        "dvar": 8.15478197183e-05,
        "dvar2": 0.000186815057532,
        "max": 0.139228820801,
        "mean": 0.0124460002407,
        "median": 0.00809337291867,
        "min": 6.42987207874e-23,
        "var": 0.000207240169402
    },
    "spectral_energyband_middle_high": {
        "dmean": 0.00126837042626,
        "dmean2": 0.00187286059372,
        "dvar": 2.81218081e-06,
        "dvar2": 6.23100686425e-06,
        "max": 0.0287030451,
        "mean": 0.00465015880764,
        "median": 0.0040133446455,
        "min": 1.82083677599e-21,
        "var": 1.11859926619e-05
    },
    "spectral_energyband_middle_low": {
        "dmean": 0.0071508968249,
        "dmean2": 0.0120368776843,
        "dvar": 0.000130639600684,
        "dvar2": 0.000339103251463,
        "max": 0.189980462193,
        "mean": 0.015219011344,
        "median": 0.01028772071,
        "min": 3.57528145309e-22,
        "var": 0.000217823311687
    },
    "spectral_entropy": {
        "dmean": 0.159133464098,
        "dmean2": 0.229120478034,
        "dvar": 0.0235521066934,
        "dvar2": 0.0495400875807,
        "max": 9.7969827652,
        "mean": 7.42591905594,
        "median": 7.37497711182,
        "min": 6.52434682846,
        "var": 0.113512322307
    },
    "spectral_flux": {
        "dmean": 0.0234044510871,
        "dmean2": 0.0377784371376,
        "dvar": 0.000662765407469,
        "dvar2": 0.00148492131848,
        "max": 0.363206595182,
        "mean": 0.0828061625361,
        "median": 0.0753764286637,
        "min": 1.04160909065e-10,
        "var": 0.00177840061951
    },
    "spectral_kurtosis": {
        "dmean": 2.01738166809,
        "dmean2": 3.50164866447,
        "dvar": 3.82765388489,
        "dvar2": 11.4282836914,
        "max": 15.8697757721,
        "mean": 3.59683871269,
        "median": 3.16302156448,
        "min": -1.1724807024,
        "var": 6.32984113693
    },
    "spectral_rms": {
        "dmean": 0.00087197998073,
        "dmean2": 0.00139180582482,
        "dvar": 8.4879093265e-07,
        "dvar2": 1.95719803742e-06,
        "max": 0.015908241272,
        "mean": 0.00512336660177,
        "median": 0.00501617928967,
        "min": 3.25344026893e-12,
        "var": 4.05168702855e-06
    },
    "spectral_rolloff": {
        "dmean": 578.05480957,
        "dmean2": 974.458435059,
        "dvar": 634381.875,
        "dvar2": 1301521.125,
        "max": 17980.2246094,
        "mean": 1596.39111328,
        "median": 1119.7265625,
        "min": 86.1328125,
        "var": 2118283.25
    },
    "spectral_skewness": {
        "dmean": 0.250676035881,
        "dmean2": 0.41637262702,
        "dvar": 0.04662084952,
        "dvar2": 0.132582128048,
        "max": 2.68225312233,
        "mean": 1.20350706577,
        "median": 1.2057107687,
        "min": -0.0962777733803,
        "var": 0.142225071788
    },
    "spectral_spread": {
        "dmean": 376374.0625,
        "dmean2": 516865.09375,
        "dvar": 1.13896469299e+12,
        "dvar2": 1.22917512806e+12,
        "max": 40520236,
        "mean": 3565731.5,
        "median": 3341488.75,
        "min": 1854651.875,
        "var": 2.04955241677e+12
    },
    "spectral_strongpeak": {
        "dmean": 0.296109437943,
        "dmean2": 0.509733736515,
        "dvar": 0.30160433054,
        "dvar2": 0.889503240585,
        "max": 7.05948400497,
        "mean": 0.504071235657,
        "median": 0.335047841072,
        "min": 0,
        "var": 0.352390378714
    },
    "zerocrossingrate": {
        "dmean": 0.00835943594575,
        "dmean2": 0.00994020141661,
        "dvar": 0.000114718706755,
        "dvar2": 0.000106034414785,
        "max": 0.4892578125,
        "mean": 0.0566722117364,
        "median": 0.04736328125,
        "min": 0.0048828125,
        "var": 0.00138950161636
    },
    "barkbands": {
        "dmean": [9.11264505703e-05, 0.00431158114225, 0.00182314915583, 0.0036611657124, 0.00374336726964, 0.000894675496966, 0.00057621934684, 0.000451412721304, 0.000361438927939, 0.000200135516934, 0.000177341818926, 0.000124216923723, 0.00011036243086, 0.000147044062032, 0.000291200762149, 0.000364223407814, 0.000439484399976, 0.000248280790402, 0.00015723425895, 7.79980691732e-05, 0.00010971249867, 0.000104997605376, 4.79239715787e-05, 4.91153368785e-05, 1.52134434757e-05, 1.16227694136e-08, 1.41274014709e-09],
        "dmean2": [0.000153244400281, 0.00682374276221, 0.00321503262967, 0.00640591885895, 0.00620832853019, 0.00150682264939, 0.000866169109941, 0.000696556118783, 0.000547983450815, 0.000324843538692, 0.000291056727292, 0.000201152492082, 0.000178147674887, 0.000241118657868, 0.000436158035882, 0.000570862030145, 0.000650449306704, 0.000372274138499, 0.000243615650106, 0.000129292646307, 0.000173721186002, 0.000164344761288, 6.95988492225e-05, 7.22742988728e-05, 2.26154879783e-05, 1.91353617396e-08, 2.65138422328e-09],
        "dvar": [3.70040602604e-08, 6.1857921537e-05, 8.34791717352e-06, 2.74174708466e-05, 4.79291411466e-05, 3.35754930347e-06, 2.76304672298e-06, 2.02157889362e-06, 5.03667706653e-07, 3.06715151055e-07, 1.03576290655e-07, 6.62454340272e-08, 4.46799504061e-08, 5.30420045664e-08, 2.20951520191e-07, 2.95301617825e-07, 3.77108364091e-07, 1.20587856145e-07, 5.21032355039e-08, 3.56446783201e-08, 6.07782908446e-08, 9.98776243932e-08, 1.30756516725e-08, 2.534602217e-08, 2.2561228441e-09, 1.57478671488e-15, 4.23876214476e-18],
        "dvar2": [9.17852744919e-08, 0.000142241813592, 2.29710731219e-05, 7.9038363765e-05, 0.000127913925098, 9.6157009466e-06, 4.82019277115e-06, 3.78931963496e-06, 1.1804748965e-06, 8.45425688567e-07, 2.81266778757e-07, 1.6193003205e-07, 1.16810788597e-07, 1.35196131623e-07, 4.9729209195e-07, 6.45484988127e-07, 8.57342513427e-07, 2.42429734953e-07, 1.24702893345e-07, 9.20400040627e-08, 1.5197845471e-07, 1.79513008902e-07, 2.4981446245e-08, 4.68303724688e-08, 5.34104049876e-09, 3.77609532523e-15, 1.378929189e-17],
        "max": [0.00327286822721, 0.11048398912, 0.0284095816314, 0.047651514411, 0.130521431565, 0.0272739455104, 0.0558265931904, 0.0473907738924, 0.0100585147738, 0.00889950152487, 0.00433700950816, 0.00611084233969, 0.00434150639921, 0.0030391253531, 0.00698699662462, 0.0129846166819, 0.0080009624362, 0.00515171419829, 0.00320850149728, 0.00261719245464, 0.00424510193989, 0.00821540039033, 0.00185131165199, 0.00254690367728, 0.000785688112956, 6.51030063636e-07, 1.807965333e-08],
        "mean": [0.000119724150863, 0.00794734060764, 0.00255505274981, 0.00492479093373, 0.00606585387141, 0.00154522329103, 0.00114040158223, 0.000785628915764, 0.000695450231433, 0.000299106555758, 0.000300662213704, 0.000254542625044, 0.000183786003618, 0.000236921638134, 0.000516276515555, 0.000908967573196, 0.000889959686901, 0.000649531313684, 0.000378213939257, 0.000120601034723, 0.000159524133778, 0.000173314198037, 8.95119883353e-05, 9.41518592299e-05, 2.353340642e-05, 1.58400066397e-08, 1.11593700947e-09],
        "median": [4.42030941485e-05, 0.00378196826205, 0.00152058387175, 0.00261323573068, 0.00374951772392, 0.000816396786831, 0.000511151971295, 0.00033479949343, 0.000397390133003, 0.000107359599497, 0.000174891159986, 0.000152074266225, 0.000115092443593, 0.000141664408147, 0.000306323636323, 0.000626156106591, 0.0005916103255, 0.000438662449596, 0.000264610833256, 5.2900701121e-05, 5.2968149248e-05, 3.95362003474e-05, 2.93576158583e-05, 2.0324217985e-05, 3.14807084578e-06, 3.19294835016e-09, 4.024651723e-10],
        "min": [2.78597966929e-23, 3.78968400215e-23, 1.00181311772e-23, 1.26709717939e-23, 5.76165198729e-23, 4.63844658689e-23, 8.59741824604e-23, 4.31234221718e-23, 1.05350632087e-22, 8.53115645435e-23, 5.12963051398e-23, 1.31462937792e-22, 1.48213774337e-22, 1.20934774908e-22, 6.68121389165e-23, 1.67141046564e-22, 1.23827180748e-22, 4.2249400892e-22, 3.81281264658e-22, 2.80070057109e-22, 3.23673946059e-22, 5.35174143315e-22, 7.86178273272e-22, 1.25374347767e-21, 1.20987342074e-21, 1.50552869352e-21, 2.15072048363e-21],
        "var": [5.43151656984e-08, 0.000139593626955, 1.22365809148e-05, 4.02753175877e-05, 5.99636368861e-05, 4.7890443966e-06, 8.24927701615e-06, 6.28880616205e-06, 1.04241917143e-06, 5.70668248656e-07, 1.88969835335e-07, 1.90008634604e-07, 5.83667798537e-08, 9.00573624563e-08, 4.41871833345e-07, 1.06466268335e-06, 9.26008567603e-07, 4.8444735512e-07, 1.4144180227e-07, 5.2438625886e-08, 1.07666771498e-07, 2.30501001397e-07, 3.92788486181e-08, 8.11252149902e-08, 5.31112842594e-09, 2.57791936398e-15, 3.40608346947e-18]
    },
    "erbbands": {
        "dmean": [0.122218877077, 1.00703084469, 1.97096824646, 6.47703552246, 14.3047952652, 13.6788921356, 9.21000576019, 6.82293510437, 5.53535413742, 11.7608556747, 9.29391002655, 7.83749961853, 6.76466226578, 5.70151567459, 5.73508930206, 4.40242624283, 5.15388917923, 5.63888072968, 7.97336149216, 21.9889984131, 21.8317928314, 25.7386131287, 12.7997255325, 9.19896125793, 6.08379983902, 3.82766222954, 4.26348161697, 4.92031240463, 4.00645303726, 2.11867904663, 1.22579729557, 1.01822268963, 0.812310218811, 0.302006155252, 0.0253754314035, 0.00108924950473, 5.68945288251e-05, 8.24874314276e-06, 6.29559826848e-06, 1.2199464436e-05],
        "dmean2": [0.183552324772, 1.63780283928, 3.44689011574, 11.2965688705, 24.6132030487, 23.0067653656, 15.6740159988, 11.3317184448, 8.74825382233, 17.4715843201, 14.2238092422, 12.1652593613, 11.2296304703, 9.05852890015, 9.34182929993, 7.07624053955, 8.27969837189, 9.20225715637, 12.7930088043, 32.5207366943, 34.6952133179, 37.9370193481, 19.6823921204, 13.6414060593, 9.79123020172, 6.3891043663, 6.9279255867, 7.69504880905, 6.37689208984, 3.20586895943, 1.76173365116, 1.48657667637, 1.20171880722, 0.440942019224, 0.0370828695595, 0.00156664173119, 7.85920710769e-05, 1.14466593004e-05, 9.50423782342e-06, 1.93266787392e-05],
        "dvar": [0.0569762662053, 3.36019039154, 9.22092437744, 71.9280776978, 865.99621582, 453.740386963, 287.183319092, 224.449951172, 193.207458496, 1076.31054688, 1037.59716797, 292.162200928, 259.549499512, 195.155487061, 105.176399231, 93.8976898193, 90.9800567627, 102.201400757, 373.572357178, 1063.71105957, 787.59362793, 1298.74279785, 331.352172852, 196.835906982, 84.8102645874, 86.2078933716, 87.6473693848, 149.427276611, 150.194641113, 26.5852603912, 8.76380252838, 10.3531513214, 6.61757135391, 0.814694583416, 0.0083647640422, 1.42532908285e-05, 2.81992136308e-08, 4.60370602751e-10, 6.78548328636e-11, 2.66375366209e-10],
        "dvar2": [0.120645552874, 8.15722084045, 25.2770309448, 203.980941772, 2356.97094727, 1210.97106934, 791.384338379, 603.614807129, 405.366271973, 1826.32141113, 1893.53393555, 703.001159668, 704.027526855, 467.725372314, 280.435546875, 235.269439697, 237.650619507, 273.715362549, 984.60345459, 2063.45141602, 1846.93847656, 2840.64941406, 724.991394043, 426.153137207, 213.073959351, 218.277267456, 231.358673096, 356.644592285, 285.082305908, 51.1370048523, 16.1680374146, 19.2755298615, 12.5133457184, 1.78627097607, 0.0185761004686, 3.04129061988e-05, 5.42360112377e-08, 8.25393753345e-10, 1.46940917767e-10, 6.30040020155e-10],
        "max": [3.94788002968, 22.6049785614, 33.1535720825, 91.0948257446, 493.923278809, 323.273925781, 258.901550293, 266.973571777, 211.510803223, 1072.8182373, 1089.88879395, 257.197845459, 332.818023682, 287.194641113, 188.213912964, 238.742004395, 202.523834229, 158.307525635, 442.041534424, 512.463256836, 455.461486816, 500.985473633, 299.025085449, 200.054397583, 107.252098083, 135.051864624, 127.431610107, 237.531051636, 292.252319336, 127.581718445, 57.329334259, 54.1643066406, 41.5190696716, 13.6008348465, 1.44862818718, 0.0595768392086, 0.00281731574796, 0.000351237831637, 0.000122888435726, 0.000287172035314],
        "mean": [0.231203526258, 1.78612649441, 3.06905388832, 9.44128417969, 20.6032085419, 20.5934677124, 14.7166557312, 12.7553834915, 10.4073104858, 24.056350708, 17.4271869659, 13.628408432, 12.5288467407, 10.2621364594, 11.7546129227, 9.4452829361, 9.28251171112, 8.96875858307, 14.7293300629, 42.1754646301, 55.224445343, 53.0965309143, 36.6326026917, 27.2679138184, 13.2758140564, 6.50121259689, 6.06853818893, 7.01935911179, 6.33109092712, 3.84529447556, 2.33105444908, 1.91329014301, 1.51342630386, 0.506896793842, 0.0379337258637, 0.00169745075982, 0.00010784510232, 1.77657548193e-05, 1.93532614503e-05, 3.70348716388e-05],
        "median": [0.102804459631, 0.846201956272, 1.88295137882, 5.71015405655, 9.31982421875, 13.4682846069, 10.3007965088, 6.68267965317, 5.15280628204, 10.810133934, 7.74467420578, 7.28647613525, 7.07111120224, 5.1151227951, 7.25912809372, 5.76206064224, 6.24189949036, 5.31473255157, 9.68596839905, 23.5573978424, 38.7742118835, 34.9607200623, 27.092464447, 18.76471138, 9.94472789764, 3.22736501694, 2.25697112083, 1.85067212582, 1.35840213299, 1.33367967606, 0.744017064571, 0.444101125002, 0.296239584684, 0.0865126103163, 0.00252201664262, 0.000156437061378, 2.85921705654e-05, 6.93125093676e-06, 1.58160728461e-05, 3.18466190947e-05],
        "min": [1.55554424196e-21, 7.01303756603e-21, 1.20635786275e-20, 2.05382645307e-20, 9.67095175863e-20, 2.12929627959e-19, 3.45564911405e-19, 4.17614022969e-19, 1.26171078924e-18, 1.22030781464e-18, 5.95357352223e-19, 2.96959370191e-18, 2.15402070809e-18, 2.6110220733e-18, 3.13187123525e-18, 4.92803231045e-18, 6.91184178915e-18, 7.50389465823e-18, 2.74279773515e-18, 5.82063877355e-18, 9.72072960088e-18, 9.90692133932e-18, 2.14307111153e-17, 2.03213030952e-17, 1.48980191404e-17, 1.39530463543e-17, 1.24412637698e-17, 1.28358405026e-17, 1.61386246232e-17, 2.26517190349e-17, 2.33093623635e-17, 2.78288108783e-17, 1.8042582635e-17, 1.08177315662e-17, 1.05105332303e-17, 5.34367981491e-18, 2.82200110598e-18, 1.22651880367e-18, 3.38113668447e-19, 2.96589453728e-20],
        "var": [0.127680614591, 7.12628698349, 14.8640632629, 116.35459137, 1032.55407715, 587.374145508, 310.553100586, 351.445556641, 388.543945312, 3748.93798828, 3429.1328125, 484.336669922, 407.918518066, 443.632049561, 283.409820557, 275.655914307, 126.352516174, 150.013290405, 436.921875, 3079.06054688, 3056.578125, 3240.82763672, 1259.55969238, 808.819396973, 159.189025879, 139.007034302, 131.231109619, 277.797729492, 322.860137939, 70.7284317017, 28.4287166595, 31.9424266815, 20.7087783813, 2.24431395531, 0.0207694228739, 3.79290286219e-05, 9.0734353364e-08, 1.63996316527e-09, 2.33806474181e-10, 7.32172489304e-10]
    },
    "gfcc": {
        "mean": [-24.6193447113, 139.27923584, -148.839782715, 74.9884185791, -56.7171478271, 8.53598976135, -40.1501808167, -0.836463570595, 0.627478778362, -29.2106552124, 1.94828617573, -16.822019577, 5.91470575333],
        "cov": [[7353.27539062, 545.661437988, 14.186211586, 199.296722412, -159.759124756, 181.101165771, -217.426025391, 94.4425201416, -60.1868972778, -51.1935081482, -2.86497664452, -47.6463050842, 132.512634277], [545.661437988, 927.263549805, -186.064254761, -173.164031982, 262.834838867, -203.844070435, 138.38444519, -82.4878692627, 105.336326599, -182.370849609, 84.907371521, -64.4163131714, 7.60701370239], [14.186211586, -186.064254761, 286.595733643, 44.9721488953, -47.2927360535, 65.093460083, -64.3311004639, 76.2185821533, -55.3243904114, 36.8704452515, -4.46055221558, 20.3513278961, 5.33476686478], [199.296722412, -173.164031982, 44.9721488953, 231.554016113, 38.1490211487, 20.3208866119, -34.2722091675, 45.7952156067, 27.0581665039, 35.2547149658, 31.4687385559, 53.5450057983, 14.4517526627], [-159.759124756, 262.834838867, -47.2927360535, 38.1490211487, 326.44909668, -64.9457626343, 29.6279430389, 50.8398933411, 98.9304504395, -51.9071578979, 84.629776001, 34.3813819885, 13.4815378189], [181.101165771, -203.844070435, 65.093460083, 20.3208866119, -64.9457626343, 145.15802002, -13.2326717377, 29.752248764, -41.308555603, 45.195274353, -28.7673492432, 12.9302988052, 10.6980104446], [-217.426025391, 138.38444519, -64.3311004639, -34.2722091675, 29.6279430389, -13.2326717377, 142.487014771, -31.945690155, 19.2267169952, -26.4098548889, 12.1711015701, 6.64157247543, 0.126953601837], [94.4425201416, -82.4878692627, 76.2185821533, 45.7952156067, 50.8398933411, 29.752248764, -31.945690155, 151.835952759, 23.0517063141, 22.6226730347, 44.3983535767, 46.4482040405, 16.6702594757], [-60.1868972778, 105.336326599, -55.3243904114, 27.0581665039, 98.9304504395, -41.308555603, 19.2267169952, 23.0517063141, 101.511230469, 3.44145035744, 39.0533103943, 10.7964429855, 2.08512878418], [-51.1935081482, -182.370849609, 36.8704452515, 35.2547149658, -51.9071578979, 45.195274353, -26.4098548889, 22.6226730347, 3.44145035744, 87.8091506958, -6.14563989639, 7.97993469238, 1.33045303822], [-2.86497664452, 84.907371521, -4.46055221558, 31.4687385559, 84.629776001, -28.7673492432, 12.1711015701, 44.3983535767, 39.0533103943, -6.14563989639, 83.4453277588, 38.5023231506, 4.27591466904], [-47.6463050842, -64.4163131714, 20.3513278961, 53.5450057983, 34.3813819885, 12.9302988052, 6.64157247543, 46.4482040405, 10.7964429855, 7.97993469238, 38.5023231506, 83.5790481567, 30.8485641479], [132.512634277, 7.60701370239, 5.33476686478, 14.4517526627, 13.4815378189, 10.6980104446, 0.126953601837, 16.6702594757, 2.08512878418, 1.33045303822, 4.27591466904, 30.8485641479, 46.4471931458]],
        "icov": [[0.000328333757352, -0.00117353617679, 0.000300849642372, -0.00096190610202, 0.000716124253813, -0.00110188499093, 0.000973945599981, -0.000573734869249, 0.000486668024678, -0.000513344362844, 0.000501893868204, -0.000261276931269, -0.00011041862308], [-0.00117353617679, 0.0100512979552, -0.00148607080337, 0.00604481762275, -0.0040366970934, 0.00615646177903, -0.00584292737767, 0.00396973313764, -0.00474371341988, 0.00896535161883, -0.00843258015811, 0.0086350729689, -0.00666600931436], [0.000300849642372, -0.00148607080337, 0.00568347377703, -0.00165825255681, 0.000570223666728, -0.00168745941482, 0.00209373258986, -0.00323899951763, 0.0041294102557, -0.00200602225959, 0.000922272214666, -0.000735629815608, 0.000903931562789], [-0.00096190610202, 0.00604481762275, -0.00165825255681, 0.00986421760172, -0.00320780556649, 0.00367907434702, -0.00243132864125, 0.00319251883775, -0.00433899182826, 0.00321269966662, -0.00467870011926, 0.000504666182678, -0.00198162044398], [0.000716124253813, -0.0040366970934, 0.000570223666728, -0.00320780556649, 0.00805315095931, -0.00318951881491, 0.00275298394263, -0.00240504881367, -0.0029292376712, 0.00118442764506, -0.000628063629847, -0.00205242750235, 0.000322000851156], [-0.00110188499093, 0.00615646177903, -0.00168745941482, 0.00367907434702, -0.00318951881491, 0.0158744622022, -0.00587692018598, -9.20410529943e-05, 0.00156746443827, -0.000672674155794, 1.3331896298e-05, 0.00261295796372, -0.00328474049456], [0.000973945599981, -0.00584292737767, 0.00209373258986, -0.00243132864125, 0.00275298394263, -0.00587692018598, 0.0129878250882, -8.08667609817e-05, 0.000558325962629, -0.0021862257272, 0.0027227930259, -0.00645159650594, 0.00331419776194], [-0.000573734869249, 0.00396973313764, -0.00323899951763, 0.00319251883775, -0.00240504881367, -9.20410529943e-05, -8.08667609817e-05, 0.013416826725, -0.00497736083344, 0.00286739412695, -0.00739799719304, -0.000158646536875, -0.002802784089], [0.000486668024678, -0.00474371341988, 0.0041294102557, -0.00433899182826, -0.0029292376712, 0.00156746443827, 0.000558325962629, -0.00497736083344, 0.0227440577, -0.0112904123962, 0.00194835837465, -0.00171009998303, 0.00279710139148], [-0.000513344362844, 0.00896535161883, -0.00200602225959, 0.00321269966662, 0.00118442764506, -0.000672674155794, -0.0021862257272, 0.00286739412695, -0.0112904123962, 0.0279522240162, -0.00964186713099, 0.00925902370363, -0.00754068465903], [0.000501893868204, -0.00843258015811, 0.000922272214666, -0.00467870011926, -0.000628063629847, 1.3331896298e-05, 0.0027227930259, -0.00739799719304, 0.00194835837465, -0.00964186713099, 0.0329745523632, -0.0189207103103, 0.0138455322012], [-0.000261276931269, 0.0086350729689, -0.000735629815608, 0.000504666182678, -0.00205242750235, 0.00261295796372, -0.00645159650594, -0.000158646536875, -0.00171009998303, 0.00925902370363, -0.0189207103103, 0.0358951054513, -0.0229597389698], [-0.00011041862308, -0.00666600931436, 0.000903931562789, -0.00198162044398, 0.000322000851156, -0.00328474049456, 0.00331419776194, -0.002802784089, 0.00279710139148, -0.00754068465903, 0.0138455322012, -0.0229597389698, 0.039174169302]]
    },
    "melbands": {
        "dmean": [0.00116130255628, 0.00106705573853, 0.0014159323182, 0.000909106689505, 0.000384088954888, 0.000153737739311, 9.22674735193e-05, 0.000124214275274, 7.39612733014e-05, 4.75785018352e-05, 3.51362250512e-05, 2.39705132117e-05, 2.35697934841e-05, 1.45049607454e-05, 1.26383411043e-05, 1.0682501852e-05, 1.1107093087e-05, 1.4768951587e-05, 2.04735442821e-05, 2.59612570517e-05, 2.88238443318e-05, 3.03158103634e-05, 1.64326702361e-05, 1.60920171766e-05, 7.26950156604e-06, 5.24718188899e-06, 3.59820046469e-06, 2.55279496741e-06, 2.61516447608e-06, 2.74908961728e-06, 3.1231390949e-06, 2.74406534118e-06, 1.51256551817e-06, 1.1572863059e-06, 7.60668967814e-07, 6.04833246598e-07, 6.87568615376e-07, 6.7358769229e-07, 4.36692801031e-07, 2.05612408877e-07],
        "dmean2": [0.00176717131399, 0.00181789475027, 0.00244174199179, 0.00152470788453, 0.000646258529741, 0.00025735804229, 0.000143532495713, 0.000184373318916, 0.000113240239443, 7.36210204195e-05, 5.81093190704e-05, 3.80380552087e-05, 3.8558140659e-05, 2.28173303185e-05, 2.04857151402e-05, 1.73743446794e-05, 1.81809937203e-05, 2.40414246946e-05, 3.06717811327e-05, 3.91522844438e-05, 4.62187854282e-05, 4.49024082627e-05, 2.54464048339e-05, 2.34194831137e-05, 1.09459369924e-05, 8.18741591502e-06, 5.88703051108e-06, 4.27930945079e-06, 4.32587103205e-06, 4.46478316007e-06, 4.97767723573e-06, 4.33385275755e-06, 2.30282876146e-06, 1.81457721737e-06, 1.15276736778e-06, 8.97598056326e-07, 1.02465162399e-06, 1.0147955436e-06, 6.72746409691e-07, 2.96219781148e-07],
        "dvar": [4.68576081403e-06, 2.90255525215e-06, 4.45233490609e-06, 3.12621273224e-06, 3.73517821117e-07, 1.07143506511e-07, 5.67718565492e-08, 1.04471162388e-07, 5.2031452924e-08, 9.8785468694e-09, 6.99523994285e-09, 3.7133183195e-09, 1.68865288419e-09, 8.71430372307e-10, 3.77408604368e-10, 5.99136074086e-10, 3.80726894456e-10, 1.16396381422e-09, 1.06199438132e-09, 1.94912863627e-09, 1.31875932396e-09, 1.92252835873e-09, 7.77082176384e-10, 5.58645574245e-10, 1.21810242448e-10, 6.02650845893e-11, 3.50939589888e-11, 4.68924135633e-11, 3.39040254205e-11, 3.90014097407e-11, 7.7321746228e-11, 7.45509834421e-11, 2.41836221188e-11, 7.38928276206e-12, 3.21807099198e-12, 3.06569114712e-12, 5.59856674909e-12, 4.9041174767e-12, 1.69187168615e-12, 3.95914366829e-13],
        "dvar2": [1.02408648672e-05, 7.50743129174e-06, 1.25507804114e-05, 8.47914634505e-06, 9.90616399577e-07, 2.92640777388e-07, 1.0916059523e-07, 1.84812009252e-07, 9.97439713046e-08, 2.36384618546e-08, 1.91490041601e-08, 9.01353658378e-09, 4.63083660307e-09, 2.06100114752e-09, 9.63588209224e-10, 1.65647473516e-09, 1.00848440709e-09, 3.1040723325e-09, 2.19580087446e-09, 3.63593621877e-09, 3.19636050961e-09, 4.24146184841e-09, 1.85204362957e-09, 1.07766717772e-09, 2.80063222613e-10, 1.51542667304e-10, 8.96680993345e-11, 1.21660764796e-10, 9.1950662362e-11, 9.88645276756e-11, 1.85615578463e-10, 1.50094825457e-10, 5.02971692073e-11, 1.60772384988e-11, 6.41191657061e-12, 5.92636443392e-12, 1.11282519658e-11, 9.38398057176e-12, 3.85211090456e-12, 8.41003807393e-13],
        "max": [0.033256970346, 0.0219721440226, 0.0265494436026, 0.0337658151984, 0.00750586530194, 0.00563682056963, 0.00589795922861, 0.00939418841153, 0.00718451524153, 0.00142567208968, 0.00166994926985, 0.0011712788837, 0.000656232761685, 0.00069869379513, 0.000360390549758, 0.000563083216548, 0.000310899078613, 0.000770207960159, 0.000533016223926, 0.00102282431908, 0.000476714019896, 0.000598464801442, 0.000416210124968, 0.000351048423909, 0.000140195144922, 0.000104809267214, 7.40326722735e-05, 0.000101240737422, 7.92190112406e-05, 9.86127342912e-05, 0.000192167295609, 0.000223892129725, 0.000149133455125, 4.48001264886e-05, 3.25867949869e-05, 3.01814507111e-05, 4.41884840257e-05, 3.83141268685e-05, 1.92108927877e-05, 9.80769982561e-06],
        "mean": [0.00221116445027, 0.00186020554975, 0.0021071897354, 0.00148064212408, 0.000622115971055, 0.000283009227132, 0.000177943118615, 0.000250172946835, 0.000132638291689, 8.63843742991e-05, 6.30465146969e-05, 4.18192794314e-05, 4.32013584941e-05, 2.98206559819e-05, 2.27944583457e-05, 1.70741495822e-05, 1.68241767824e-05, 2.4120654416e-05, 3.6315057514e-05, 5.51051343791e-05, 6.63154351059e-05, 5.64921901969e-05, 3.26582448906e-05, 4.08092637372e-05, 1.98981924768e-05, 1.22086994452e-05, 6.4505265982e-06, 3.76927437173e-06, 3.50561458617e-06, 3.80725168725e-06, 4.31227363151e-06, 4.02801606469e-06, 2.4725932235e-06, 2.00782574211e-06, 1.38896302815e-06, 1.08546475985e-06, 1.22528626889e-06, 1.18795878734e-06, 7.60851321502e-07, 3.07350774165e-07],
        "median": [0.00101922429167, 0.00113325775601, 0.00119926920161, 0.000896418001503, 0.000441527721705, 0.000147314291098, 8.62922461238e-05, 0.000116828341561, 5.70050760871e-05, 4.84352276544e-05, 3.52760944224e-05, 1.93704672711e-05, 2.67788909696e-05, 1.65765559359e-05, 1.47655091496e-05, 1.03021957329e-05, 9.73524947767e-06, 1.46217307702e-05, 2.0920406314e-05, 3.15166253131e-05, 4.49210092484e-05, 3.44577347278e-05, 2.12600389204e-05, 2.42937549046e-05, 1.34080510179e-05, 8.68705956236e-06, 4.3738327804e-06, 1.41962641464e-06, 1.26068118789e-06, 1.20763638733e-06, 9.75717171059e-07, 7.47738283735e-07, 6.76963566093e-07, 7.41528253911e-07, 4.57389432995e-07, 2.71636992011e-07, 2.43118421395e-07, 1.99855378469e-07, 1.73044583107e-07, 2.96472393302e-08],
        "min": [1.39433089818e-23, 7.4048195917e-24, 6.94026729322e-24, 9.31833503481e-24, 1.32530493789e-23, 1.09016979896e-23, 1.74509537534e-23, 1.29617467124e-23, 4.34179852004e-24, 1.89640852106e-23, 1.0426041685e-23, 1.1359110308e-23, 9.35803682644e-24, 1.22651912106e-23, 1.41288679994e-23, 1.63680102358e-23, 1.37111850828e-23, 3.89492459445e-24, 5.26053551255e-24, 1.0829186684e-23, 1.08595704507e-23, 8.23692664061e-24, 1.8540900778e-23, 1.84866271477e-23, 1.63966064437e-23, 1.41524375855e-23, 8.38509838443e-24, 9.343237007e-24, 6.36453806636e-24, 8.98609048735e-24, 6.97348859253e-24, 9.05435456579e-24, 1.10189416528e-23, 1.20208060464e-23, 1.11035627621e-23, 1.95963903583e-23, 1.51074073538e-23, 1.34352273386e-23, 9.99669388215e-24, 8.79905629989e-24],
        "var": [1.10027549454e-05, 5.7129277593e-06, 6.46644139124e-06, 3.80367896469e-06, 4.72443332455e-07, 1.66117459344e-07, 1.29459593268e-07, 3.49431019231e-07, 1.64794911939e-07, 1.70843090785e-08, 1.12545208708e-08, 8.54660431315e-09, 3.48025452901e-09, 2.86867685162e-09, 8.8515172969e-10, 6.28844309958e-10, 5.52426326905e-10, 1.33226552013e-09, 2.37677322268e-09, 6.83886192121e-09, 4.75779593501e-09, 4.26268176312e-09, 1.42551725979e-09, 2.32695551716e-09, 4.35207925253e-10, 1.43762404758e-10, 5.21251375396e-11, 7.13532219421e-11, 4.44513384434e-11, 6.14134715304e-11, 1.32470215353e-10, 1.47529405359e-10, 4.61669279195e-11, 1.72195226827e-11, 9.69573119708e-12, 8.42684255709e-12, 1.57414862395e-11, 1.45295702553e-11, 4.27311614912e-12, 1.05114018618e-12]
    },
    "mfcc": {
        "mean": [-636.983154297, 127.359779358, -8.91382026672, 44.3507003784, 18.6259803772, 2.17027664185, -10.9694004059, 14.5346755981, -0.916068136692, -1.93759632111, -4.31302881241, -1.14947271347, -3.25241446495],
        "cov": [[4779.32666016, 260.418914795, 190.949050903, 36.8698692322, 77.2939453125, 48.3594703674, -4.82197952271, -4.72163820267, 75.3249435425, -74.7549819946, -22.2295265198, 71.1657562256, -36.1805496216], [260.418914795, 1045.64428711, -332.47064209, 49.4174346924, 40.3244743347, -66.1386108398, 1.16239178181, 105.630104065, -50.6152458191, 44.5578384399, -14.9192085266, -44.9548454285, -3.49673938751], [190.949050903, -332.47064209, 364.316894531, -62.8596496582, -39.9049072266, -9.64443302155, 30.4538040161, -55.3384361267, 24.2323513031, -52.4224739075, -2.43691945076, 28.8169517517, -20.5618896484], [36.8698692322, 49.4174346924, -62.8596496582, 218.794296265, 105.232543945, -14.0137071609, -16.7890434265, 57.5374794006, -22.248670578, 11.4227771759, 27.8661079407, 5.36941289902, 30.1423034668], [77.2939453125, 40.3244743347, -39.9049072266, 105.232543945, 280.07510376, -54.1360282898, -5.91144323349, 65.0066680908, -3.31054258347, 9.90693569183, 45.422958374, 20.5778713226, 38.0061836243], [48.3594703674, -66.1386108398, -9.64443302155, -14.0137071609, -54.1360282898, 123.677444458, 6.99498081207, -25.1380558014, 13.370798111, 6.11308336258, -20.3320579529, -2.49433493614, -7.67822265625], [-4.82197952271, 1.16239178181, 30.4538040161, -16.7890434265, -5.91144323349, 6.99498081207, 83.9733123779, 35.1502304077, 3.65862560272, -10.4813785553, 5.05967950821, 0.831341385841, 7.82727193832], [-4.72163820267, 105.630104065, -55.3384361267, 57.5374794006, 65.0066680908, -25.1380558014, 35.1502304077, 120.82611084, -2.84093427658, -0.733972609043, 19.7962188721, 3.51483726501, 32.4543228149], [75.3249435425, -50.6152458191, 24.2323513031, -22.248670578, -3.31054258347, 13.370798111, 3.65862560272, -2.84093427658, 65.8444671631, 4.446621418, -6.20820665359, 9.58512401581, 3.66672205925], [-74.7549819946, 44.5578384399, -52.4224739075, 11.4227771759, 9.90693569183, 6.11308336258, -10.4813785553, -0.733972609043, 4.446621418, 61.8594856262, 18.4831428528, 3.07960009575, 6.7652463913], [-22.2295265198, -14.9192085266, -2.43691945076, 27.8661079407, 45.422958374, -20.3320579529, 5.05967950821, 19.7962188721, -6.20820665359, 18.4831428528, 64.595161438, 17.2146129608, 8.51310634613], [71.1657562256, -44.9548454285, 28.8169517517, 5.36941289902, 20.5778713226, -2.49433493614, 0.831341385841, 3.51483726501, 9.58512401581, 3.07960009575, 17.2146129608, 56.3178329468, 18.3871765137], [-36.1805496216, -3.49673938751, -20.5618896484, 30.1423034668, 38.0061836243, -7.67822265625, 7.82727193832, 32.4543228149, 3.66672205925, 6.7652463913, 8.51310634613, 18.3871765137, 64.1090164185]],
