{
"lowlevel": {
    "average_loudness": 0.978438436985,
    "barkbands_crest": {
        "dmean": 2.90059804916,
        "dmean2": 4.61683130264,
        "dvar": 6.15588903427,
        "dvar2": 15.0043230057,
        "max": 25.0788345337,
        "mean": 12.1777153015,
        "median": 11.7106246948,
        "min": 2.76258444786,
        "var": 17.5540981293
    },
    "barkbands_flatness_db": {
        "dmean": 0.0306781493127,
        "dmean2": 0.0455270595849,
        "dvar": 0.00100308191031,
        "dvar2": 0.0021031468641,
        "max": 0.45560580492,
        "mean": 0.186720341444,
        "median": 0.181786313653,
        "min": 0.0291526503861,
        "var": 0.00365849072114
    },
    "barkbands_kurtosis": {
        "dmean": 7.13057088852,
        "dmean2": 11.1105318069,
        "dvar": 184.492248535,
        "dvar2": 393.038543701,
        "max": 260.481506348,
        "mean": 11.1192121506,
        "median": 5.19648456573,
        "min": -1.79501080513,
        "var": 352.072509766
    },
    "barkbands_skewness": {
        "dmean": 0.820072233677,
        "dmean2": 1.24458158016,
        "dvar": 0.777819931507,
        "dvar2": 1.72604930401,
        "max": 12.3801965714,
        "mean": 2.46161007881,
        "median": 2.17728829384,
        "min": -2.09212231636,
        "var": 2.34521222115
    },
    "barkbands_spread": {
        "dmean": 5.8435587883,
        "dmean2": 8.9109621048,
        "dvar": 50.5671386719,
        "dvar2": 112.99471283,
        "max": 75.3958587646,
        "mean": 16.3995170593,
        "median": 14.2044620514,
        "min": 0.686465263367,
        "var": 124.011116028
    },
    "dissonance": {
        "dmean": 0.0240709520876,
        "dmean2": 0.040619969368,
        "dvar": 0.000584364577662,
        "dvar2": 0.001535935211,
        "max": 0.5,
        "mean": 0.45781737566,
        "median": 0.466724693775,
        "min": 0.277217507362,
        "var": 0.00100755970925
    },
    "dynamic_complexity": 2.59546971321,
    "erbbands_crest": {
        "dmean": 3.31649875641,
        "dmean2": 5.45432519913,
        "dvar": 9.30927181244,
        "dvar2": 23.8622989655,
        "max": 29.6344356537,
        "mean": 9.38301277161,
        "median": 8.37051963806,
        "min": 2.29736232758,
        "var": 19.7583141327
    },
    "erbbands_flatness_db": {
        "dmean": 0.023593025282,
        "dmean2": 0.0340690240264,
        "dvar": 0.000505806820001,
        "dvar2": 0.00100055767689,
        "max": 0.287290215492,
        "mean": 0.152464598417,
        "median": 0.151158034801,
        "min": 0.0564878359437,
        "var": 0.00186772993766
    },
    "erbbands_kurtosis": {
        "dmean": 1.51942265034,
        "dmean2": 2.38533258438,
        "dvar": 5.35966968536,
        "dvar2": 12.3967437744,
        "max": 37.167049408,
        "mean": 0.911508500576,
        "median": 0.0192699432373,
        "min": -1.835465312,
        "var": 10.0446453094
    },
    "erbbands_skewness": {
        "dmean": 0.509375810623,
        "dmean2": 0.789510011673,
        "dvar": 0.247871086001,
        "dvar2": 0.579569816589,
        "max": 5.29892539978,
        "mean": 0.440052390099,
        "median": 0.3867444098,
        "min": -2.96624517441,
        "var": 0.765823364258
    },
    "erbbands_spread": {
        "dmean": 12.3904209137,
        "dmean2": 18.1229763031,
        "dvar": 148.0965271,
        "dvar2": 297.769134521,
        "max": 171.97769165,
        "mean": 42.6241722107,
        "median": 39.0904464722,
        "min": 4.16838169098,
        "var": 510.513458252
    },
    "hfc": {
        "dmean": 9.71243667603,
        "dmean2": 13.6342182159,
        "dvar": 195.26361084,
        "dvar2": 434.969848633,
        "max": 104.345878601,
        "mean": 19.5831718445,
        "median": 13.890291214,
        "min": 1.20903550597e-16,
        "var": 330.437469482
    },
    "melbands_crest": {
        "dmean": 3.38530373573,
        "dmean2": 5.48397016525,
        "dvar": 9.34929561615,
        "dvar2": 22.7180404663,
        "max": 34.224571228,
        "mean": 16.54164505,
        "median": 16.4026870728,
        "min": 1.43896710873,
        "var": 23.0734329224
    },
    "melbands_flatness_db": {
        "dmean": 0.0364669039845,
        "dmean2": 0.0544766485691,
        "dvar": 0.00146735203452,
        "dvar2": 0.00307649280876,
        "max": 0.586313605309,
        "mean": 0.267093747854,
        "median": 0.261242032051,
        "min": 0.00143011868931,
        "var": 0.00569577980787
    },
    "melbands_kurtosis": {
        "dmean": 17.2854633331,
        "dmean2": 26.8631191254,
        "dvar": 1014.47906494,
        "dvar2": 2249.5534668,
        "max": 566.528198242,
        "mean": 29.2526435852,
        "median": 15.6982707977,
        "min": -1.69390845299,
        "var": 1802.21606445
    },
    "melbands_skewness": {
        "dmean": 1.15288472176,
        "dmean2": 1.76588797569,
        "dvar": 1.61840164661,
        "dvar2": 3.54284644127,
        "max": 19.0183448792,
        "mean": 3.77150011063,
        "median": 3.3477461338,
        "min": -0.163354873657,
        "var": 4.81694698334
    },
    "melbands_spread": {
        "dmean": 5.2306432724,
        "dmean2": 8.1234703064,
        "dvar": 43.1079063416,
        "dvar2": 96.3039474487,
        "max": 142.41696167,
        "mean": 13.7578773499,
        "median": 11.3071575165,
        "min": 0.503753006458,
        "var": 123.499008179
    },
    "pitch_salience": {
        "dmean": 0.0860833376646,
        "dmean2": 0.139261886477,
        "dvar": 0.00548659544438,
        "dvar2": 0.0136445127428,
        "max": 0.986551821232,
        "mean": 0.515164673328,
        "median": 0.515884757042,
        "min": 0.143536448479,
        "var": 0.0128539986908
    },
    "silence_rate_20dB": {
        "dmean": 0,
        "dmean2": 0,
        "dvar": 0,
        "dvar2": 0,
        "max": 1,
        "mean": 1,
        "median": 1,
        "min": 1,
        "var": 0
    },
    "silence_rate_30dB": {
        "dmean": 0.020092735067,
        "dmean2": 0.0402010045946,
        "dvar": 0.0196894276887,
        "dvar2": 0.0571402013302,
        "max": 1,
        "mean": 0.989185035229,
        "median": 1,
        "min": 0,
        "var": 0.0106979114935
    },
    "silence_rate_60dB": {
        "dmean": 0.00463678501546,
        "dmean2": 0.00927715469152,
        "dvar": 0.00461560254917,
        "dvar2": 0.0115101477131,
        "max": 1,
        "mean": 0.0320587083697,
        "median": 0,
        "min": 0,
        "var": 0.0310293901712
    },
    "spectral_centroid": {
        "dmean": 286.708068848,
        "dmean2": 439.854888916,
        "dvar": 128294.28125,
        "dvar2": 209871.765625,
        "max": 10904.4052734,
        "mean": 1009.67132568,
        "median": 889.428527832,
        "min": 142.312728882,
        "var": 390893.5
    },
    "spectral_complexity": {
        "dmean": 4.97681617737,
        "dmean2": 7.12949371338,
        "dvar": 33.7385482788,
        "dvar2": 63.5770988464,
        "max": 58,
        "mean": 16.6558513641,
        "median": 14,
        "min": 0,
        "var": 105.694450378
    },
    "spectral_decrease": {
        "dmean": 4.0689775993e-09,
        "dmean2": 6.31946095453e-09,
        "dvar": 2.59507899418e-17,
        "dvar2": 6.55614949355e-17,
        "max": 8.53718762769e-29,
        "mean": -1.09957394301e-08,
        "median": -1.034192465e-08,
        "min": -6.07016303888e-08,
        "var": 4.6078456673e-17
    },
    "spectral_energy": {
        "dmean": 0.0160348750651,
        "dmean2": 0.0248072836548,
        "dvar": 0.000396286515752,
        "dvar2": 0.00099261268042,
        "max": 0.234558179975,
        "mean": 0.0432767383754,
        "median": 0.0404958762228,
        "min": 1.06441019612e-20,
        "var": 0.000709310173988
    },
    "spectral_energyband_high": {
        "dmean": 0.000630995840766,
        "dmean2": 0.000885326066054,
        "dvar": 1.39557130296e-06,
        "dvar2": 2.9610182537e-06,
        "max": 0.00819197949022,
        "mean": 0.000821891473606,
        "median": 0.000209257676033,
        "min": 7.73768494113e-21,
        "var": 1.93934783965e-06
    },
    "spectral_energyband_low": {
        "dmean": 0.0088621629402,
        "dmean2": 0.0137174446136,
        "dvar": 0.000122351993923,
        "dvar2": 0.000296629586956,
        "max": 0.12469959259,
        "mean": 0.0236716475338,
        "median": 0.0214870534837,
        "min": 4.89324929037e-23,
        "var": 0.000290546333417
    },
    "spectral_energyband_middle_high": {
        "dmean": 0.00170777237508,
        "dmean2": 0.00256705051288,
        "dvar": 5.81531321586e-06,
        "dvar2": 1.3458245121e-05,
        "max": 0.0323779284954,
        "mean": 0.00367784593254,
        "median": 0.00220908527263,
        "min": 1.36655548436e-21,
        "var": 1.63040422194e-05
    },
    "spectral_energyband_middle_low": {
        "dmean": 0.010687216185,
        "dmean2": 0.017622532323,
        "dvar": 0.000277281535091,
        "dvar2": 0.000730626343284,
        "max": 0.145818561316,
        "mean": 0.0168534200639,
        "median": 0.0125558935106,
        "min": 2.37556992397e-22,
        "var": 0.000288853450911
    },
    "spectral_entropy": {
        "dmean": 0.241121560335,
        "dmean2": 0.354990065098,
        "dvar": 0.058123730123,
        "dvar2": 0.128230810165,
        "max": 9.80228805542,
        "mean": 7.39701986313,
        "median": 7.44564628601,
        "min": 5.39523887634,
        "var": 0.217247337103
    },
    "spectral_flux": {
        "dmean": 0.0367670916021,
        "dmean2": 0.0566400811076,
        "dvar": 0.00151154526975,
        "dvar2": 0.00304826558568,
        "max": 0.385702371597,
        "mean": 0.105504512787,
        "median": 0.0955082923174,
        "min": 1.0317025706e-10,
        "var": 0.00303902477026
    },
    "spectral_kurtosis": {
        "dmean": 2.32278013229,
        "dmean2": 3.65608167648,
        "dvar": 7.10392904282,
        "dvar2": 17.2782363892,
        "max": 45.1135025024,
        "mean": 5.51903915405,
        "median": 4.4210062027,
        "min": -1.21269083023,
        "var": 17.9361629486
    },
    "spectral_rms": {
        "dmean": 0.00115164730232,
        "dmean2": 0.00173292355612,
        "dvar": 1.49450329445e-06,
        "dvar2": 3.42790144714e-06,
        "max": 0.01512736734,
        "mean": 0.00614418368787,
        "median": 0.00628555286676,
        "min": 3.22249757261e-12,
        "var": 4.47021284344e-06
    },
    "spectral_rolloff": {
        "dmean": 341.904174805,
        "dmean2": 584.968322754,
        "dvar": 478332.6875,
        "dvar2": 1072644.375,
        "max": 19013.8183594,
        "mean": 746.008972168,
        "median": 581.396484375,
        "min": 64.599609375,
        "var": 938478
    },
    "spectral_skewness": {
        "dmean": 0.318021595478,
        "dmean2": 0.477084666491,
        "dvar": 0.0997215434909,
        "dvar2": 0.224587857723,
        "max": 5.15540361404,
        "mean": 1.72566378117,
        "median": 1.64083349705,
        "min": 0.00590708199888,
        "var": 0.380190074444
    },
    "spectral_spread": {
        "dmean": 805941.75,
        "dmean2": 1097408.75,
        "dvar": 1.55997569024e+12,
        "dvar2": 2.2665911337e+12,
        "max": 41488424,
        "mean": 4623073,
        "median": 4152295.5,
        "min": 1328129.625,
        "var": 3.96470150758e+12
    },
    "spectral_strongpeak": {
        "dmean": 0.340480715036,
        "dmean2": 0.593024611473,
        "dvar": 0.353202551603,
        "dvar2": 0.860223591328,
        "max": 6.38380813599,
        "mean": 0.554360628128,
        "median": 0.388693571091,
        "min": 0,
        "var": 0.396632522345
    },
    "zerocrossingrate": {
        "dmean": 0.0104235215113,
        "dmean2": 0.0124289942905,
        "dvar": 0.000209061356145,
        "dvar2": 0.00028771237703,
        "max": 0.498046875,
        "mean": 0.0400450974703,
        "median": 0.03564453125,
        "min": 0.00390625,
        "var": 0.000849378178827
    },
    "barkbands": {
        "dmean": [0.000490852398798, 0.00646938290447, 0.0033464145381, 0.00367348501459, 0.00551098305732, 0.000983219826594, 0.000953257607762, 0.00163060950581, 0.00125879072584, 0.000475475681014, 0.000259074906353, 0.000536988081876, 0.000287746981485, 0.000224865943892, 0.000357882177923, 0.000172804619069, 0.000200841735932, 0.000122942801681, 0.00018301520322, 0.00012695742771, 0.000201449351152, 9.10585513338e-05, 5.35742001375e-05, 7.11784887244e-05, 0.00011928674212, 9.26272041397e-05, 5.311754947e-08],
        "dmean2": [0.000767189485487, 0.00989296194166, 0.0054177432321, 0.00632476434112, 0.00959396362305, 0.00159570609685, 0.00157085387036, 0.00256781117059, 0.00200815801509, 0.000792023201939, 0.000390542845707, 0.000779684516601, 0.000469950347906, 0.000375429342967, 0.000577610509936, 0.00028414191911, 0.000341411301633, 0.000202355193323, 0.000289258197881, 0.00019596767379, 0.000293927965686, 0.000138721326948, 8.15246457933e-05, 0.000111062036012, 0.000183605690836, 0.000137922645081, 9.90641311205e-08],
        "dvar": [3.36663788403e-07, 8.26676332508e-05, 2.40058961936e-05, 3.71166897821e-05, 0.000126436672872, 2.57210922427e-06, 3.69929534827e-06, 1.12959323815e-05, 4.71265821034e-06, 1.14195950118e-06, 4.14736007315e-07, 1.20034951578e-06, 4.28481399695e-07, 2.97598575116e-07, 1.22895107779e-06, 1.87869716228e-07, 2.17393534285e-07, 5.74150824662e-08, 1.25672571016e-07, 6.06738197462e-08, 1.56296920295e-07, 3.81721143583e-08, 1.2742449762e-08, 2.70348472498e-08, 8.57472031157e-08, 4.18030765559e-08, 1.1436205173e-13],
        "dvar2": [8.24834557989e-07, 0.000203917254112, 5.42965899513e-05, 0.000104722952528, 0.000349399400875, 6.4054233917e-06, 8.82126460056e-06, 2.58236632362e-05, 1.15360680866e-05, 3.0547487313e-06, 8.39598556013e-07, 2.17183605855e-06, 1.0195149116e-06, 7.16046031357e-07, 3.43089595845e-06, 4.77828962175e-07, 6.37446476048e-07, 1.507171703e-07, 2.85151912749e-07, 1.40508944924e-07, 2.98205861782e-07, 7.70289929619e-08, 2.6107944251e-08, 6.57898766576e-08, 2.08950623914e-07, 9.26204464236e-08, 3.34226298981e-13],
        "max": [0.00501312222332, 0.0883338600397, 0.0556456409395, 0.0553385540843, 0.127696156502, 0.0122724436224, 0.0250452775508, 0.0426673740149, 0.0264967381954, 0.019703373313, 0.0132126575336, 0.01994577609, 0.0117284217849, 0.00861521437764, 0.0281296502799, 0.00772599782795, 0.00818071980029, 0.00444857636467, 0.00615202123299, 0.00255649164319, 0.00411286298186, 0.0020613418892, 0.00112592033111, 0.00166707346216, 0.00353846186772, 0.00158136512619, 8.84791916178e-06],
        "mean": [0.000786341028288, 0.0155506217852, 0.00570947350934, 0.00448328116909, 0.00578939635307, 0.00117377715651, 0.00117598637007, 0.00219067092985, 0.00174574321136, 0.00053748069331, 0.000358296616469, 0.000819870096166, 0.000359841767931, 0.000274341029581, 0.000485283613671, 0.000246872135904, 0.000241637113504, 0.000164342927746, 0.000269114651019, 0.000168368904269, 0.000269387150183, 0.000119371332403, 6.81472374708e-05, 7.90553094703e-05, 0.000118907410069, 9.11259558052e-05, 3.22339523962e-08],
        "median": [0.000467263278551, 0.0118931997567, 0.0031299283728, 0.00239224452525, 0.00250798696652, 0.000565330730751, 0.00044633608195, 0.000615317607298, 0.000739547773264, 0.00015642575454, 7.62035342632e-05, 0.000234169478063, 0.000123091798741, 9.00780578377e-05, 0.000177492867806, 9.04291955521e-05, 9.16371791391e-05, 6.71043453622e-05, 9.16179778869e-05, 4.95008644066e-05, 6.74699622323e-05, 2.86570993921e-05, 1.18174493764e-05, 1.27418625198e-05, 8.04754745332e-06, 4.93310335514e-06, 1.07639874791e-09],
        "min": [7.60653842491e-24, 1.50917973743e-23, 2.34137198331e-23, 7.19759214279e-24, 5.7027057761e-23, 5.55553209909e-23, 1.7171271008e-23, 1.2405799356e-23, 3.60725171366e-23, 6.48680006819e-23, 3.17959159983e-23, 9.14147604862e-23, 3.97997902505e-23, 6.70372798188e-23, 1.39686667579e-22, 1.26441465788e-22, 1.07291229914e-22, 1.67203903001e-22, 2.03581813438e-22, 2.92583562011e-22, 3.65356094113e-22, 3.86505316143e-22, 5.38518661118e-22, 9.36510120207e-22, 1.06090689639e-21, 1.66044209313e-21, 2.40508458044e-21],
        "var": [7.3742199902e-07, 0.000195169894141, 5.17257503816e-05, 3.79636367143e-05, 0.000101480196463, 2.80433800981e-06, 5.08665789312e-06, 1.69962859218e-05, 7.41597978049e-06, 1.16943488138e-06, 8.55968210089e-07, 3.49921128873e-06, 6.12727092175e-07, 3.91416904222e-07, 1.23557356346e-06, 2.29586689215e-07, 2.18421945419e-07, 7.38921102084e-08, 2.27789641372e-07, 8.70109175821e-08, 2.46748015797e-07, 5.6329124476e-08, 1.84851014495e-08, 2.739568572e-08, 8.34176177023e-08, 4.49945822822e-08, 6.17578091531e-14]
    },
    "erbbands": {
        "dmean": [0.145517230034, 1.74144017696, 4.00740814209, 6.46882104874, 22.6598625183, 13.6009092331, 9.22474098206, 7.21726036072, 9.13796806335, 21.0639972687, 39.6194725037, 22.2245502472, 30.4442310333, 7.78991365433, 9.00076293945, 22.1466999054, 14.5981378555, 11.9898834229, 14.2454519272, 16.4051113129, 7.63736724854, 11.4093742371, 7.29772949219, 9.99342632294, 7.08600091934, 5.89572381973, 8.04799556732, 7.03013706207, 3.29815125465, 2.49548125267, 1.49204313755, 1.33175981045, 1.33872449398, 1.38984000683, 0.81395637989, 0.559046208858, 0.124998442829, 0.0130905052647, 0.000256089871982, 2.90852549369e-05],
        "dmean2": [0.212972819805, 2.61462521553, 6.37098646164, 10.6886663437, 40.3877449036, 23.321472168, 14.7507667542, 11.9577093124, 15.4011859894, 34.3459091187, 61.763343811, 35.611415863, 48.9063148499, 12.3223800659, 13.7192335129, 32.5603866577, 23.1853294373, 19.8337955475, 23.5686645508, 26.1780166626, 11.9875307083, 19.3043117523, 12.1310720444, 15.736656189, 10.894446373, 9.03593921661, 11.9683160782, 10.3613166809, 4.95946884155, 3.7608191967, 2.25477957726, 2.12853884697, 2.11058664322, 2.15014028549, 1.25074923038, 0.852500915527, 0.189868703485, 0.0206398330629, 0.000395340903196, 4.36663394794e-05],
        "dvar": [0.0353746265173, 6.07055234909, 32.683467865, 94.3557662964, 2151.29370117, 810.921081543, 287.682098389, 149.851699829, 357.208618164, 2162.43164062, 7007.84521484, 1389.65527344, 3692.23803711, 178.463470459, 416.947296143, 2027.3215332, 972.079956055, 678.169921875, 1897.39331055, 1708.40905762, 186.041778564, 626.242797852, 209.098968506, 294.223358154, 254.476364136, 145.872772217, 240.930984497, 198.792312622, 45.4187698364, 42.4641036987, 9.46596240997, 7.45026159286, 12.3842563629, 12.7844438553, 3.68359041214, 1.64308393002, 0.073577940464, 0.00120287318714, 4.06191816182e-07, 1.69662583982e-09],
        "dvar2": [0.0914136469364, 15.0259695053, 77.000793457, 247.126281738, 6074.515625, 2215.43701172, 724.090332031, 390.084625244, 917.141357422, 5263.43847656, 15563.2949219, 3411.34472656, 9654.93945312, 430.599212646, 901.652893066, 3818.22607422, 2296.35107422, 1666.17358398, 5150.49804688, 4411.62792969, 433.656982422, 1777.06091309, 564.305969238, 697.891235352, 568.106140137, 348.567901611, 513.798522949, 371.168182373, 97.0112380981, 81.0420532227, 19.897901535, 18.3494205475, 30.6521148682, 30.6840782166, 9.10753917694, 3.81084442139, 0.152798235416, 0.00270739523694, 9.03673878838e-07, 3.87443499505e-09],
        "max": [1.70144367218, 23.8862056732, 55.5360336304, 131.300476074, 421.369567871, 461.731933594, 244.886383057, 131.840545654, 345.889801025, 607.236755371, 1260.97595215, 514.560302734, 941.84588623, 185.291992188, 519.368164062, 797.559814453, 569.046447754, 416.924407959, 862.343994141, 757.359924316, 191.564971924, 432.180603027, 224.980102539, 229.557647705, 320.240539551, 145.055587769, 163.391708374, 154.672790527, 71.0530014038, 92.6326065063, 31.3526439667, 31.5708465576, 37.8699836731, 48.5755577087, 18.8994522095, 10.6548500061, 2.26503658295, 0.330153912306, 0.00625551072881, 0.000450602383353],
        "mean": [0.375911563635, 3.65468716621, 7.50142145157, 10.3399763107, 23.231803894, 15.07259655, 11.3757457733, 8.43257236481, 10.9775657654, 26.676153183, 54.4328842163, 32.5537376404, 40.7964897156, 11.7581663132, 13.5811843872, 34.9636535645, 21.4187374115, 15.5176782608, 19.6140499115, 23.314781189, 12.4892568588, 13.9584331512, 9.95532894135, 15.0662240982, 9.82975101471, 7.79837608337, 10.2469434738, 9.45438766479, 4.31069421768, 3.27375936508, 1.88833975792, 1.57931447029, 1.37408864498, 1.38152527809, 0.819035947323, 0.532179415226, 0.127568125725, 0.0121319415048, 0.000261595007032, 6.13432202954e-05],
        "median": [0.302775919437, 2.53832197189, 5.13773870468, 6.73636960983, 11.7287778854, 6.14900827408, 4.38531780243, 4.35415935516, 4.98208522797, 10.3065786362, 14.7433137894, 15.0534362793, 14.3512678146, 5.43134403229, 4.7650141716, 10.4371109009, 7.46011590958, 5.79028701782, 6.86360931396, 8.99618053436, 5.15091180801, 5.38104486465, 4.22905826569, 5.65671443939, 2.90712285042, 2.32424807549, 2.61473798752, 2.11947607994, 1.13825905323, 0.588843643665, 0.326070249081, 0.320542156696, 0.160567507148, 0.0971709862351, 0.0549564734101, 0.0276354830712, 0.00706983637065, 0.000417513016146, 3.16381301673e-05, 4.88910372951e-05],
        "min": [5.86079880265e-22, 3.373794261e-21, 1.98320639295e-20, 2.85514959355e-20, 4.05598675272e-20, 2.28528393155e-19, 5.7105292467e-19, 4.50551993069e-19, 1.93897055094e-19, 3.60289243296e-19, 3.75382626988e-19, 9.58720838115e-19, 1.74525865505e-18, 1.71976856749e-18, 2.61877978668e-18, 3.71996645868e-18, 1.8297137956e-18, 3.54004268133e-18, 5.23381368595e-18, 6.88821833804e-18, 6.1242893318e-18, 7.58014333991e-18, 7.90330460726e-18, 1.02624369492e-17, 1.16340744583e-17, 1.24259791265e-17, 1.36998893822e-17, 1.65484098986e-17, 1.35039790987e-17, 1.52052886139e-17, 1.61126577694e-17, 1.66022593565e-17, 1.48350558066e-17, 1.08631776962e-17, 8.22233989772e-18, 5.48152201937e-18, 2.77101989688e-18, 1.22455145798e-18, 3.18822420695e-19, 4.25108537812e-20],
        "var": [0.104944519699, 13.1320762634, 63.9100875854, 130.788894653, 1637.89746094, 702.980041504, 372.047271729, 146.386520386, 386.402679443, 2818.95019531, 11365.8789062, 2054.25952148, 4799.31542969, 318.75680542, 812.825134277, 5893.55566406, 1824.95849609, 885.078918457, 1968.27502441, 2256.57324219, 384.778930664, 643.735412598, 262.693115234, 586.898193359, 400.102722168, 191.84526062, 350.202331543, 316.11151123, 69.5834884644, 58.6401596069, 13.843996048, 8.2608795166, 11.5320167542, 12.3506193161, 3.61232161522, 1.62898147106, 0.0854994952679, 0.00120650255121, 4.20014686142e-07, 2.45009457167e-09]
    },
    "gfcc": {
        "mean": [-8.14528751373, 112.024276733, -97.3987503052, 40.3382530212, -47.5742378235, 16.9038143158, -28.9098072052, 14.4342670441, -22.9731826782, 5.91457843781, -22.1499652863, -5.86508703232, -12.3917045593],
        "cov": [[9388.43554688, -1078.89355469, -35.3763961792, 16.1786994934, -292.217407227, 361.862915039, -138.36920166, 501.670593262, -197.038848877, 413.152374268, -331.784698486, 85.7785720825, -212.440948486], [-1078.89355469, 1286.32983398, -344.754150391, -128.813766479, 256.519042969, -89.1867599487, 136.714508057, -218.135040283, 206.813339233, -238.119110107, 166.429153442, -136.596084595, 109.772613525], [-35.3763961792, -344.754150391, 1051.54187012, 126.65397644, -103.833717346, 104.319900513, -36.2871017456, 145.549911499, -50.2788276672, 67.9767608643, -75.3820953369, 4.59014129639, -72.1034698486], [16.1786994934, -128.813766479, 126.65397644, 490.326568604, 36.127872467, -13.4369411469, -11.1438064575, -50.6104469299, 74.9191894531, -23.2255458832, 48.7670898438, 1.60742640495, 43.6329345703], [-292.217407227, 256.519042969, -103.833717346, 36.127872467, 391.584228516, 63.7221870422, 60.9700584412, -8.93903541565, 42.6533164978, 12.040225029, 54.7636146545, 8.43221092224, 64.4075622559], [361.862915039, -89.1867599487, 104.319900513, -13.4369411469, 63.7221870422, 231.990463257, 49.2851638794, 56.0579910278, 3.88157510757, 36.4016113281, 17.9685630798, 19.7107067108, 10.3187513351], [-138.36920166, 136.714508057, -36.2871017456, -11.1438064575, 60.9700584412, 49.2851638794, 215.235748291, 34.9094047546, 53.1276321411, 2.5907766819, 7.42848062515, 8.36955833435, -2.00089359283], [501.670593262, -218.135040283, 145.549911499, -50.6104469299, -8.93903541565, 56.0579910278, 34.9094047546, 248.122070312, -16.9829463959, 104.525535583, -51.1639785767, -11.4696416855, -1.98651945591], [-197.038848877, 206.813339233, -50.2788276672, 74.9191894531, 42.6533164978, 3.88157510757, 53.1276321411, -16.9829463959, 187.652328491, -35.2434959412, 40.4059906006, -27.7123260498, 16.954744339], [413.152374268, -238.119110107, 67.9767608643, -23.2255458832, 12.040225029, 36.4016113281, 2.5907766819, 104.525535583, -35.2434959412, 167.8150177, -12.722946167, 46.3179130554, -7.66553258896], [-331.784698486, 166.429153442, -75.3820953369, 48.7670898438, 54.7636146545, 17.9685630798, 7.42848062515, -51.1639785767, 40.4059906006, -12.722946167, 138.929580688, 5.34104347229, 51.7403869629], [85.7785720825, -136.596084595, 4.59014129639, 1.60742640495, 8.43221092224, 19.7107067108, 8.36955833435, -11.4696416855, -27.7123260498, 46.3179130554, 5.34104347229, 125.139221191, 4.0661406517], [-212.440948486, 109.772613525, -72.1034698486, 43.6329345703, 64.4075622559, 10.3187513351, -2.00089359283, -1.98651945591, 16.954744339, -7.66553258896, 51.7403869629, 4.0661406517, 124.713645935]],
        "icov": [[0.000195451153559, -0.000308322109049, 0.000235900763073, -0.000385223102057, 0.00030158192385, -0.000577864295337, 0.000403439218644, -0.000466933910502, 0.000249331787927, -0.000484399206471, 0.000579953484703, -0.000278874766082, 0.00047139642993], [-0.000308322109049, 0.00394650781527, -0.000762366631534, 0.00280079129152, -0.00223897746764, 0.00264759152196, -0.00253873388283, 0.00270494027063, -0.00256431661546, 0.00322384852916, -0.00327049568295, 0.00312821171246, -0.00267835194245], [0.000235900763073, -0.000762366631534, 0.00162300013471, -0.00127643102314, 0.00080974935554, -0.00153426476754, 0.00102001137566, -0.00151323550381, 0.000804971437901, -0.000771882594563, 0.00123081181664, -0.000694582529832, 0.00151394447312], [-0.000385223102057, 0.00280079129152, -0.00127643102314, 0.00468666106462, -0.00185353914276, 0.00260798726231, -0.00185091106687, 0.0028077242896, -0.00288403150626, 0.00238305982202, -0.00297966273502, 0.00210825889371, -0.00303662405349], [0.00030158192385, -0.00223897746764, 0.00080974935554, -0.00185353914276, 0.00453028455377, -0.00255127577111, 0.000905640481506, -0.00134136271663, 0.00123635923956, -0.00259669683874, 0.00179189629853, -0.00159958808217, 0.000446785241365], [-0.000577864295337, 0.00264759152196, -0.00153426476754, 0.00260798726231, -0.00255127577111, 0.00798554997891, -0.00305975857191, 0.00150251144078, -0.00178243441042, 0.00252314750105, -0.00399543019012, 0.00148769363295, -0.00247602467425], [0.000403439218644, -0.00253873388283, 0.00102001137566, -0.00185091106687, 0.000905640481506, -0.00305975857191, 0.00764053594321, -0.00334815890528, 9.00416198419e-05, -0.00150694686454, 0.00244373478927, -0.00308224465698, 0.00299559743144], [-0.000466933910502, 0.00270494027063, -0.00151323550381, 0.0028077242896, -0.00134136271663, 0.00150251144078, -0.00334815890528, 0.00988395512104, -0.00218637078069, -0.002339433413, -0.00017301562184, 0.00480425171554, -0.0042927484028], [0.000249331787927, -0.00256431661546, 0.000804971437901, -0.00288403150626, 0.00123635923956, -0.00178243441042, 9.00416198419e-05, -0.00218637078069, 0.00865819863975, -0.00115354906302, 0.00065894779982, -0.00072457594797, 0.00213409215212], [-0.000484399206471, 0.00322384852916, -0.000771882594563, 0.00238305982202, -0.00259669683874, 0.00252314750105, -0.00150694686454, -0.002339433413, -0.00115354906302, 0.0132621182129, -0.00436452776194, -0.00143136037514, -0.00104255974293], [0.000579953484703, -0.00327049568295, 0.00123081181664, -0.00297966273502, 0.00179189629853, -0.00399543019012, 0.00244373478927, -0.00017301562184, 0.00065894779982, -0.00436452776194, 0.0136622162536, -0.00243806350045, -0.000884165230673], [-0.000278874766082, 0.00312821171246, -0.000694582529832, 0.00210825889371, -0.00159958808217, 0.00148769363295, -0.00308224465698, 0.00480425171554, -0.00072457594797, -0.00143136037514, -0.00243806350045, 0.0126870209351, -0.00302921794355], [0.00047139642993, -0.00267835194245, 0.00151394447312, -0.00303662405349, 0.000446785241365, -0.00247602467425, 0.00299559743144, -0.0042927484028, 0.00213409215212, -0.00104255974293, -0.000884165230673, -0.00302921794355, 0.0131817162037]]
    },
    "melbands": {
        "dmean": [0.0014950435143, 0.00214638095349, 0.00163912773132, 0.00139630481135, 0.000336422992405, 0.00016508999397, 0.000152805150719, 0.000239498447627, 0.000306967907818, 0.000158506052685, 0.000153002518346, 3.18279780913e-05, 3.70392444893e-05, 3.89461929444e-05, 6.37624689261e-05, 2.69030570053e-05, 2.22720391321e-05, 2.22716607823e-05, 2.76596492768e-05, 1.60110012075e-05, 8.53549681779e-06, 1.22182163977e-05, 9.98417635856e-06, 5.89342926105e-06, 8.97534027899e-06, 6.27274539511e-06, 4.98246436109e-06, 3.56568284587e-06, 5.05401976625e-06, 5.58020701646e-06, 3.51407152266e-06, 2.09075528801e-06, 1.49105494529e-06, 1.30083662953e-06, 8.7588051656e-07, 9.09402331217e-07, 7.94043387486e-07, 8.41967505494e-07, 1.20267679904e-06, 1.18399691473e-06],
        "dmean2": [0.0022790429648, 0.00331177841872, 0.00281302933581, 0.00245489506051, 0.000537254964001, 0.0002723862126, 0.000256070197793, 0.000389310531318, 0.000473950320156, 0.000254915794358, 0.000245546048973, 5.09815799887e-05, 5.59335603612e-05, 5.97165890213e-05, 9.31258036871e-05, 4.41919764853e-05, 3.72127724404e-05, 3.72153044736e-05, 4.47862403234e-05, 2.6335077564e-05, 1.36259513965e-05, 2.05886026379e-05, 1.74805445567e-05, 9.59150747804e-06, 1.42608778333e-05, 9.90599164652e-06, 7.94228344603e-06, 5.65683239984e-06, 7.80711434345e-06, 8.27863004815e-06, 5.23484868609e-06, 3.18537263411e-06, 2.3425436666e-06, 1.96623000193e-06, 1.35428842896e-06, 1.45201340729e-06, 1.27970577068e-06, 1.34427079956e-06, 1.90074763395e-06, 1.83088536687e-06],
        "dvar": [4.30290401709e-06, 8.38231699163e-06, 7.44069757275e-06, 8.19335673441e-06, 4.19112581085e-07, 7.48497797076e-08, 9.42687776728e-08, 2.56875978266e-07, 4.23668609528e-07, 7.54744391429e-08, 9.20382916547e-08, 3.23056870144e-09, 8.67979998986e-09, 4.99949059929e-09, 1.92753137895e-08, 3.23585114259e-09, 2.64959787444e-09, 3.95605592729e-09, 8.83127171392e-09, 1.63090252414e-09, 2.55500315349e-10, 6.52519538402e-10, 7.07876535166e-10, 1.27632196478e-10, 2.47100756523e-10, 2.06791195279e-10, 1.15601368755e-10, 5.70195002325e-11, 1.00252167679e-10, 1.37387545784e-10, 4.58839286011e-11, 1.84933388048e-11, 1.19881170962e-11, 1.17963833146e-11, 3.94803764334e-12, 3.32556313216e-12, 2.80500080628e-12, 4.98955824574e-12, 1.00660599647e-11, 9.63295155448e-12],
        "dvar2": [1.07124851638e-05, 2.02292376343e-05, 2.06045133382e-05, 2.27576929319e-05, 1.07190430754e-06, 1.91793972704e-07, 2.3713948849e-07, 6.39783991119e-07, 9.36076276048e-07, 1.85966442245e-07, 2.40289040221e-07, 7.94683163718e-09, 1.79023142977e-08, 1.0810899731e-08, 3.699158313e-08, 7.38452543558e-09, 6.53751275337e-09, 1.06169331104e-08, 2.48601637054e-08, 3.9882648295e-09, 6.03801508792e-10, 1.75725411999e-09, 2.14423234723e-09, 3.32525451618e-10, 5.9455979029e-10, 4.62105659293e-10, 2.70583999651e-10, 1.43694542376e-10, 2.28847982231e-10, 2.72057071316e-10, 8.74152764063e-11, 4.0600269674e-11, 2.58121440888e-11, 2.2644304834e-11, 8.73671794632e-12, 8.07449072882e-12, 7.02381382223e-12, 1.24526057868e-11, 2.43394280425e-11, 2.33347143691e-11],
        "max": [0.0189390610904, 0.029384220019, 0.0253065731376, 0.0328716188669, 0.0109228556976, 0.00270822108723, 0.00542790582404, 0.0069155995734, 0.0105201136321, 0.00364563660696, 0.00467106513679, 0.000745147757698, 0.00213126675226, 0.0013516524341, 0.00244711223058, 0.000873365963344, 0.000896762649063, 0.00127208966296, 0.00255408580415, 0.000739678624086, 0.000251916673733, 0.000367721455405, 0.000450787396403, 0.000200199894607, 0.000207312201383, 0.000296326848911, 0.000129028921947, 0.000100493904029, 8.92013558769e-05, 0.00012548151426, 6.93427282386e-05, 4.66561177745e-05, 4.37501475972e-05, 5.07709482918e-05, 2.23908100452e-05, 1.86298584595e-05, 2.02709870791e-05, 2.75096863334e-05, 3.09876268147e-05, 4.85023374495e-05],
        "mean": [0.00391691643745, 0.00444382056594, 0.00230961106718, 0.00146519357804, 0.000418967334554, 0.000194862688659, 0.000186878096429, 0.00030466975295, 0.000419693882577, 0.000222917980864, 0.000203680610866, 4.38733804913e-05, 5.11604848725e-05, 5.75515477976e-05, 9.62681733654e-05, 3.48042558471e-05, 2.64179579972e-05, 2.87197672151e-05, 3.66517779185e-05, 2.239204332e-05, 1.26676777654e-05, 1.44709129017e-05, 1.14240256153e-05, 8.00464204076e-06, 1.31910755954e-05, 8.214798072e-06, 6.18190051682e-06, 4.5825208872e-06, 6.25863458481e-06, 6.75207866152e-06, 4.76405330119e-06, 2.54021119872e-06, 1.89195088751e-06, 1.63955451171e-06, 1.03558738829e-06, 1.05637741399e-06, 9.15353837172e-07, 8.6252151732e-07, 1.16296121178e-06, 1.16637761494e-06],
        "median": [0.00317632686347, 0.00355619937181, 0.0015175875742, 0.000687107734848, 0.000171740874066, 0.000101426892797, 8.01666246844e-05, 0.000123268808238, 0.0001107462449, 9.60526886047e-05, 6.88402578817e-05, 1.71034062078e-05, 1.2464845895e-05, 2.22549806494e-05, 2.20772326429e-05, 1.23236286527e-05, 8.52309312904e-06, 8.92997559276e-06, 1.2807821804e-05, 8.66232676344e-06, 4.61461013401e-06, 5.5071072893e-06, 3.98466090701e-06, 3.06351421386e-06, 4.66324809167e-06, 2.17664296542e-06, 1.64130415214e-06, 1.34318884193e-06, 1.59918545251e-06, 1.43754516557e-06, 1.02370825061e-06, 6.02405577865e-07, 4.44109531372e-07, 2.62040686039e-07, 1.57398787337e-07, 1.7183438672e-07, 1.82614840583e-07, 1.01689671794e-07, 8.4849247628e-08, 7.24511508565e-08],
        "min": [5.49804812047e-24, 8.44420221004e-24, 5.33075517716e-24, 1.05308670998e-23, 2.01854753947e-23, 9.76180660331e-24, 3.23200907984e-24, 3.78074289488e-24, 2.85350987042e-24, 6.28668735578e-24, 8.73065890397e-24, 6.82806208465e-24, 7.71500758824e-24, 1.00593554704e-23, 7.281504855e-24, 3.21506789747e-24, 6.96221340361e-24, 6.88723769659e-24, 1.02383148777e-23, 9.46726250738e-24, 6.93041363166e-24, 7.4853386243e-24, 5.37741708857e-24, 9.07872247915e-24, 7.91854790129e-24, 6.59140302422e-24, 9.63673743995e-24, 7.60846640097e-24, 8.33392024435e-24, 7.75447745477e-24, 1.02940715664e-23, 7.59091897899e-24, 6.9526027112e-24, 6.8199312953e-24, 8.02905705891e-24, 1.22661165444e-23, 8.76881768367e-24, 9.34473505386e-24, 1.14376035458e-23, 8.17714045032e-24],
        "var": [1.11875979201e-05, 1.64199682331e-05, 7.70306542108e-06, 6.37284483673e-06, 5.15304634519e-07, 7.50499964397e-08, 1.09516363977e-07, 3.12436327476e-07, 6.97285372553e-07, 1.16759338198e-07, 1.21410181464e-07, 5.24682297609e-09, 1.69172427178e-08, 1.11651754509e-08, 5.4100311786e-08, 4.95236029963e-09, 3.26457794131e-09, 4.30406732477e-09, 8.413072905e-09, 2.06226880017e-09, 4.6481538063e-10, 6.83425593895e-10, 6.33712415876e-10, 1.81508225117e-10, 4.79814743493e-10, 3.21891041599e-10, 1.55620308306e-10, 6.73429645381e-11, 1.36621450264e-10, 1.90633592245e-10, 7.79522973948e-11, 2.63769197456e-11, 1.61604635923e-11, 1.58981664639e-11, 5.09261556536e-12, 4.04131936249e-12, 2.97143581442e-12, 4.59551797657e-12, 9.42679875132e-12, 9.21210937394e-12]
    },
    "mfcc": {
        "mean": [-656.892028809, 141.801940918, 10.8950443268, 34.3512573242, 7.55404376984, 9.93055725098, 6.87712574005, 4.22000980377, 9.64251899719, 5.5797162056, 4.43721675873, 2.20927357674, -5.38255405426],
        "cov": [[6587.78271484, -591.096557617, -269.646942139, -120.926750183, -179.031707764, -66.7553634644, 55.8893585205, -83.1424560547, 207.357223511, 123.673622131, 145.465652466, 89.8155441284, -70.0725402832], [-591.096557617, 1224.56506348, -339.332244873, -100.170509338, 56.6960678101, 49.2930908203, 23.1819820404, 64.4594802856, 15.6600933075, 14.6472663879, -14.391661644, 0.223713651299, 13.1436395645], [-269.646942139, -339.332244873, 981.486694336, 54.913192749, 22.1691589355, -51.3703613281, 0.0537921600044, 19.1123161316, 6.83751869202, 45.8622703552, 29.2388515472, 8.91519832611, -5.84535121918], [-120.926750183, -100.170509338, 54.913192749, 422.872833252, 46.3956680298, 72.0490722656, -54.9817352295, 23.1603794098, -21.5576229095, 31.9123020172, -11.8414487839, -18.8013362885, 9.14588928223], [-179.031707764, 56.6960678101, 22.1691589355, 46.3956680298, 314.011962891, 25.2128334045, 78.7340927124, -43.5450019836, 50.5496940613, -12.023733139, 15.4074048996, -3.02600193024, 8.05920696259], [-66.7553634644, 49.2930908203, -51.3703613281, 72.0490722656, 25.2128334045, 281.979919434, -36.4313354492, 108.884216309, -75.3563308716, 28.9679222107, -28.1993179321, -3.97915434837, 48.8194694519], [55.8893585205, 23.1819820404, 0.0537921600044, -54.9817352295, 78.7340927124, -36.4313354492, 262.177001953, -49.1082649231, 113.811943054, -31.8766212463, 35.5006446838, 49.4965209961, -9.58228588104], [-83.1424560547, 64.4594802856, 19.1123161316, 23.1603794098, -43.5450019836, 108.884216309, -49.1082649231, 186.260345459, -24.5600357056, 57.4745826721, -11.0105962753, -6.82559299469, 35.3185920715], [207.357223511, 15.6600933075, 6.83751869202, -21.5576229095, 50.5496940613, -75.3563308716, 113.811943054, -24.5600357056, 207.193099976, 24.7582759857, 62.231300354, 26.4252738953, -24.8044624329], [123.673622131, 14.6472663879, 45.8622703552, 31.9123020172, -12.023733139, 28.9679222107, -31.8766212463, 57.4745826721, 24.7582759857, 146.087173462, 26.6327228546, 8.92436122894, 12.9146976471], [145.465652466, -14.391661644, 29.2388515472, -11.8414487839, 15.4074048996, -28.1993179321, 35.5006446838, -11.0105962753, 62.231300354, 26.6327228546, 106.062477112, 30.9169807434, 0.732469379902], [89.8155441284, 0.223713651299, 8.91519832611, -18.8013362885, -3.02600193024, -3.97915434837, 49.4965209961, -6.82559299469, 26.4252738953, 8.92436122894, 30.9169807434, 89.5414886475, 18.9185714722], [-70.0725402832, 13.1436395645, -5.84535121918, 9.14588928223, 8.05920696259, 48.8194694519, -9.58228588104, 35.3185920715, -24.8044624329, 12.9146976471, 0.732469379902, 18.9185714722, 87.5692749023]],
