{
"lowlevel": {
    "average_loudness": 0.975764214993,
    "barkbands_crest": {
        "dmean": 2.97078514099,
        "dmean2": 4.88136816025,
        "dvar": 7.05272102356,
        "dvar2": 17.8781166077,
        "max": 26.0852909088,
        "mean": 10.284778595,
        "median": 9.56414222717,
        "min": 2.37948060036,
        "var": 16.1490268707
    },
    "barkbands_flatness_db": {
        "dmean": 0.0229162164032,
        "dmean2": 0.0338933430612,
        "dvar": 0.000569391879253,
        "dvar2": 0.00117179751396,
        "max": 0.353303968906,
        "mean": 0.131052345037,
        "median": 0.125453621149,
        "min": 0.0131087778136,
        "var": 0.00212907255627
    },
    "barkbands_kurtosis": {
        "dmean": 2.97508025169,
        "dmean2": 4.66919136047,
        "dvar": 50.7780532837,
        "dvar2": 113.636421204,
        "max": 180.807662964,
        "mean": 4.00677776337,
        "median": 1.93075442314,
        "min": -1.82176411152,
        "var": 83.5934829712
    },
    "barkbands_skewness": {
        "dmean": 0.524100482464,
        "dmean2": 0.79729360342,
        "dvar": 0.367218583822,
        "dvar2": 0.817847132683,
        "max": 11.0270271301,
        "mean": 1.60079050064,
        "median": 1.49564743042,
        "min": -2.01034402847,
        "var": 1.02018141747
    },
    "barkbands_spread": {
        "dmean": 5.83931398392,
        "dmean2": 8.98558044434,
        "dvar": 57.0782203674,
        "dvar2": 124.169166565,
        "max": 108.069145203,
        "mean": 22.0854568481,
        "median": 19.9735374451,
        "min": 0.649181365967,
        "var": 171.887908936
    },
    "dissonance": {
        "dmean": 0.017115669325,
        "dmean2": 0.0276173111051,
        "dvar": 0.000310871953843,
        "dvar2": 0.000719452276826,
        "max": 0.500000119209,
        "mean": 0.463690012693,
        "median": 0.47118127346,
        "min": 0.202315479517,
        "var": 0.000876758072991
    },
    "dynamic_complexity": 1.81237566471,
    "erbbands_crest": {
        "dmean": 2.72384285927,
        "dmean2": 4.31257629395,
        "dvar": 8.03761291504,
        "dvar2": 19.254108429,
        "max": 30.6851558685,
        "mean": 8.89719486237,
        "median": 7.41627597809,
        "min": 2.4741897583,
        "var": 23.9821643829
    },
    "erbbands_flatness_db": {
        "dmean": 0.0206276364625,
        "dmean2": 0.0289150811732,
        "dvar": 0.000504631141666,
        "dvar2": 0.000943115737755,
        "max": 0.338301688433,
        "mean": 0.159515336156,
        "median": 0.158863633871,
        "min": 0.0509104654193,
        "var": 0.00186293676961
    },
    "erbbands_kurtosis": {
        "dmean": 0.849473953247,
        "dmean2": 1.31025719643,
        "dvar": 3.72558093071,
        "dvar2": 7.9877743721,
        "max": 34.8290481567,
        "mean": -0.00614211149514,
        "median": -0.725133180618,
        "min": -1.83818161488,
        "var": 6.34425783157
    },
    "erbbands_skewness": {
        "dmean": 0.375309586525,
        "dmean2": 0.571133553982,
        "dvar": 0.168057844043,
        "dvar2": 0.357816725969,
        "max": 5.23382663727,
        "mean": 0.41143143177,
        "median": 0.311839640141,
        "min": -2.37658429146,
        "var": 0.56309479475
    },
    "erbbands_spread": {
        "dmean": 7.97924280167,
        "dmean2": 11.8958015442,
        "dvar": 95.3370056152,
        "dvar2": 204.071777344,
        "max": 145.783828735,
        "mean": 42.5675239563,
        "median": 41.141746521,
        "min": 4.64814424515,
        "var": 342.987030029
    },
    "hfc": {
        "dmean": 5.07743167877,
        "dmean2": 7.06499385834,
        "dvar": 30.353225708,
        "dvar2": 53.9999885559,
        "max": 79.8375854492,
        "mean": 22.1309394836,
        "median": 20.8319549561,
        "min": 1.14683893545e-16,
        "var": 155.16027832
    },
    "melbands_crest": {
        "dmean": 3.84509205818,
        "dmean2": 6.24126815796,
        "dvar": 13.2921562195,
        "dvar2": 33.2691764832,
        "max": 33.5372619629,
        "mean": 14.0138320923,
        "median": 12.9812030792,
        "min": 1.83658623695,
        "var": 26.8379077911
    },
    "melbands_flatness_db": {
        "dmean": 0.0268904455006,
        "dmean2": 0.0399227030575,
        "dvar": 0.000786189804785,
        "dvar2": 0.00162246474065,
        "max": 0.443625807762,
        "mean": 0.198773533106,
        "median": 0.192412525415,
        "min": 0.00828575715423,
        "var": 0.00298141175881
    },
    "melbands_kurtosis": {
        "dmean": 6.69567203522,
        "dmean2": 10.62591362,
        "dvar": 127.127128601,
        "dvar2": 287.974090576,
        "max": 150.393005371,
        "mean": 12.9072055817,
        "median": 8.6663646698,
        "min": -1.74080264568,
        "var": 245.477813721
    },
    "melbands_skewness": {
        "dmean": 0.729353010654,
        "dmean2": 1.1248588562,
        "dvar": 0.690496563911,
        "dvar2": 1.55018293858,
        "max": 9.99259471893,
        "mean": 2.69492745399,
        "median": 2.53488826752,
        "min": -0.622858941555,
        "var": 1.87315571308
    },
    "melbands_spread": {
        "dmean": 6.59568595886,
        "dmean2": 10.0183620453,
        "dvar": 118.370292664,
        "dvar2": 238.376037598,
        "max": 220.923797607,
        "mean": 21.295501709,
        "median": 18.466753006,
        "min": 0.77882450819,
        "var": 284.901123047
    },
    "pitch_salience": {
        "dmean": 0.0752798169851,
        "dmean2": 0.122423544526,
        "dvar": 0.00466625858098,
        "dvar2": 0.0120744435117,
        "max": 0.988870322704,
        "mean": 0.574124693871,
        "median": 0.580217301846,
        "min": 0.177258640528,
        "var": 0.0107760122046
    },
    "silence_rate_20dB": {
        "dmean": 0,
        "dmean2": 0,
        "dvar": 0,
        "dvar2": 0,
        "max": 1,
        "mean": 1,
        "median": 1,
        "min": 1,
        "var": 0
    },
    "silence_rate_30dB": {
        "dmean": 0,
        "dmean2": 0,
        "dvar": 0,
        "dvar2": 0,
        "max": 1,
        "mean": 1,
        "median": 1,
        "min": 1,
        "var": 0
    },
    "silence_rate_60dB": {
        "dmean": 0.00850405916572,
        "dmean2": 0.0170146953315,
        "dvar": 0.00843189656734,
        "dvar2": 0.0190457794815,
        "max": 1,
        "mean": 0.0189335402101,
        "median": 0,
        "min": 0,
        "var": 0.0185751561075
    },
    "spectral_centroid": {
        "dmean": 234.420562744,
        "dmean2": 352.673400879,
        "dvar": 107611.164062,
        "dvar2": 177205.265625,
        "max": 11067.0625,
        "mean": 1292.24804688,
        "median": 1225.67724609,
        "min": 231.944747925,
        "var": 329378.90625
    },
    "spectral_complexity": {
        "dmean": 4.33938932419,
        "dmean2": 6.3588552475,
        "dvar": 17.9335689545,
        "dvar2": 32.1681518555,
        "max": 52,
        "mean": 24.4358577728,
        "median": 27,
        "min": 0,
        "var": 110.741859436
    },
    "spectral_decrease": {
        "dmean": 2.87352874828e-09,
        "dmean2": 4.41175007637e-09,
        "dvar": 1.21298195159e-17,
        "dvar2": 2.7101092117e-17,
        "max": 1.25856211674e-28,
        "mean": -8.5226448121e-09,
        "median": -7.99636445947e-09,
        "min": -2.94657365174e-08,
        "var": 2.27876661686e-17
    },
    "spectral_energy": {
        "dmean": 0.0111078117043,
        "dmean2": 0.0170011539012,
        "dvar": 0.000177942914888,
        "dvar2": 0.000395716400817,
        "max": 0.113022193313,
        "mean": 0.0341737754643,
        "median": 0.0322181731462,
        "min": 1.0443744115e-20,
        "var": 0.000346997549059
    },
    "spectral_energyband_high": {
        "dmean": 0.000302724685753,
        "dmean2": 0.00040931685362,
        "dvar": 2.69056158686e-07,
        "dvar2": 4.15366002926e-07,
        "max": 0.00774363894016,
        "mean": 0.000796353793703,
        "median": 0.000490769511089,
        "min": 7.56097767498e-21,
        "var": 1.15975706194e-06
    },
    "spectral_energyband_low": {
        "dmean": 0.00677101267502,
        "dmean2": 0.0107704289258,
        "dvar": 0.000140262083733,
        "dvar2": 0.000321228377288,
        "max": 0.0938769951463,
        "mean": 0.0103098573163,
        "median": 0.0062851915136,
        "min": 5.92875544621e-23,
        "var": 0.000172798885615
    },
    "spectral_energyband_middle_high": {
        "dmean": 0.00137987139169,
        "dmean2": 0.00198369822465,
        "dvar": 3.02574903799e-06,
        "dvar2": 5.81316817261e-06,
        "max": 0.0229283049703,
        "mean": 0.0050208363682,
        "median": 0.00417447881773,
        "min": 1.72143676783e-21,
        "var": 1.3987645616e-05
    },
    "spectral_energyband_middle_low": {
        "dmean": 0.00673812022433,
        "dmean2": 0.0105109494179,
        "dvar": 6.01796746196e-05,
        "dvar2": 0.000142479286296,
        "max": 0.0766064301133,
        "mean": 0.0186171270907,
        "median": 0.0162561200559,
        "min": 1.33398739345e-22,
        "var": 0.000155085959705
    },
    "spectral_entropy": {
        "dmean": 0.170985355973,
        "dmean2": 0.24456435442,
        "dvar": 0.0522622317076,
        "dvar2": 0.0950540453196,
        "max": 9.80338096619,
        "mean": 7.5973815918,
        "median": 7.68923282623,
        "min": 5.44639492035,
        "var": 0.191714897752
    },
    "spectral_flux": {
        "dmean": 0.0307039394975,
        "dmean2": 0.0477402992547,
        "dvar": 0.00099636008963,
        "dvar2": 0.00217681075446,
        "max": 0.264947026968,
        "mean": 0.096973836422,
        "median": 0.0884522646666,
        "min": 1.02194641638e-10,
        "var": 0.00222875410691
    },
    "spectral_kurtosis": {
        "dmean": 1.66193854809,
        "dmean2": 2.81775927544,
        "dvar": 4.91258001328,
        "dvar2": 13.0233592987,
        "max": 33.9964485168,
        "mean": 3.86226963997,
        "median": 3.27724266052,
        "min": -1.30069339275,
        "var": 8.43650627136
    },
    "spectral_rms": {
        "dmean": 0.000910523056518,
        "dmean2": 0.00137007422745,
        "dvar": 9.94911488306e-07,
        "dvar2": 2.07553762266e-06,
        "max": 0.0105007402599,
        "mean": 0.00553130544722,
        "median": 0.0056064571254,
        "min": 3.19202433582e-12,
        "var": 2.74491912933e-06
    },
    "spectral_rolloff": {
        "dmean": 527.002685547,
        "dmean2": 863.368591309,
        "dvar": 1148984.75,
        "dvar2": 2270611,
        "max": 18820.0195312,
        "mean": 1281.01855469,
        "median": 904.39453125,
        "min": 64.599609375,
        "var": 2087850.5
    },
    "spectral_skewness": {
        "dmean": 0.227708980441,
        "dmean2": 0.360732704401,
        "dvar": 0.0661149919033,
        "dvar2": 0.156872093678,
        "max": 4.61925935745,
        "mean": 1.32886624336,
        "median": 1.25374042988,
        "min": -0.215761169791,
        "var": 0.219843864441
    },
    "spectral_spread": {
        "dmean": 608237.125,
        "dmean2": 856465,
        "dvar": 1.32703531827e+12,
        "dvar2": 2.05035234918e+12,
        "max": 41170920,
        "mean": 4213669.5,
        "median": 3724447.25,
        "min": 1804729.25,
        "var": 3.21079974298e+12
    },
    "spectral_strongpeak": {
        "dmean": 0.519651532173,
        "dmean2": 0.865787804127,
        "dvar": 0.438376247883,
        "dvar2": 1.05007958412,
        "max": 5.91868019104,
        "mean": 0.999156057835,
        "median": 0.712475717068,
        "min": 0,
        "var": 0.94067889452
    },
    "zerocrossingrate": {
        "dmean": 0.0107255782932,
        "dmean2": 0.0125108379871,
        "dvar": 0.00032443809323,
        "dvar2": 0.000375364790671,
        "max": 0.5078125,
        "mean": 0.0534494407475,
        "median": 0.04638671875,
        "min": 0.005859375,
        "var": 0.00128556415439
    },
    "barkbands": {
        "dmean": [0.001200000057, 0.00496223103255, 0.00159780588001, 0.000861006556079, 0.0039385817945, 0.00135298154783, 0.00118956970982, 0.00185621704441, 0.00130649458151, 0.00042920227861, 0.000386384839658, 0.000275417696685, 0.000278185179923, 0.000288539857138, 0.000250942015555, 0.000193132742424, 0.000229136087, 0.000188846315723, 0.000142046017572, 9.60254401434e-05, 8.10983401607e-05, 5.69459298276e-05, 7.0753529144e-05, 7.31382824597e-05, 4.00485696446e-05, 2.0065024728e-05, 2.39407063418e-06],
        "dmean2": [0.00211450271308, 0.00804396811873, 0.00269682565704, 0.00142918573692, 0.0062293978408, 0.00214500539005, 0.00190316140652, 0.0029811388813, 0.00198615971021, 0.000661632337142, 0.000579994462896, 0.000430212268839, 0.000436394329881, 0.000448835286079, 0.000391314970329, 0.00030233032885, 0.000361096055713, 0.000300572282868, 0.000222902512178, 0.000152834851178, 0.000124410304124, 8.54914906085e-05, 9.93109715637e-05, 9.82040146482e-05, 5.84100234846e-05, 3.00952087855e-05, 3.86281226383e-06],
        "dvar": [1.05466806417e-05, 8.20072018541e-05, 7.7141176007e-06, 1.63109029927e-06, 3.5353925341e-05, 6.15161616224e-06, 5.26194935446e-06, 1.42987946674e-05, 8.5268075054e-06, 1.05800086203e-06, 6.98015924172e-07, 3.58499306685e-07, 2.19175149141e-07, 2.56005279198e-07, 1.50667986532e-07, 9.61804076383e-08, 1.00968151173e-07, 5.03917227945e-08, 2.46791227454e-08, 1.10650466567e-08, 1.56011878971e-08, 1.0030145603e-08, 2.85046404258e-08, 4.73549341962e-08, 1.42480702792e-08, 2.57820942373e-09, 4.38592114016e-11],
        "dvar2": [2.87677921733e-05, 0.000192312872969, 2.08051897062e-05, 4.246014214e-06, 8.42833105708e-05, 1.55303296197e-05, 1.30229554998e-05, 3.35313889082e-05, 2.01503553399e-05, 2.41718248617e-06, 1.30585146962e-06, 6.75820729157e-07, 5.33253512458e-07, 5.93740764998e-07, 3.58248769317e-07, 2.35581197217e-07, 2.41835579118e-07, 1.22605584352e-07, 5.89733879508e-08, 2.70623523591e-08, 3.35858949541e-08, 1.94793496888e-08, 4.79368686968e-08, 6.92130655011e-08, 2.99437132867e-08, 5.28167376501e-09, 1.04015684954e-10],
        "max": [0.0294062104076, 0.0733933970332, 0.0391062274575, 0.0151340095326, 0.0601411834359, 0.0484424233437, 0.0368391163647, 0.0573720857501, 0.0550813376904, 0.0155444433913, 0.0144134834409, 0.0184358302504, 0.00726202782243, 0.00694088730961, 0.00668341014534, 0.00476654386148, 0.00571891618893, 0.00355387479067, 0.00193262111861, 0.00139249116182, 0.00223570223898, 0.00185172422789, 0.00444232160226, 0.00434915395454, 0.00290834857151, 0.00124005437829, 0.000121633056551],
        "mean": [0.00110560457688, 0.00652268715203, 0.00231653056107, 0.00138231739402, 0.00694364169613, 0.00286698481068, 0.00197206740268, 0.00274656713009, 0.00231655035168, 0.000741372408811, 0.000712255947292, 0.000432686851127, 0.00045832755859, 0.000514600542374, 0.000488935329486, 0.000409754487919, 0.000511403544806, 0.000426453945693, 0.000366567401215, 0.000264092726866, 0.00019479484763, 0.000116707451525, 0.000139687705087, 0.000133260953589, 6.10126880929e-05, 2.65494672931e-05, 2.36977939494e-06],
        "median": [0.000294544675853, 0.00360164605081, 0.0014347305987, 0.000937799108215, 0.00383850326762, 0.00139089301229, 0.000734433357138, 0.000972885405645, 0.00080345699098, 0.000262415909674, 0.000270252523478, 0.000204477459192, 0.000248890544754, 0.000271719240118, 0.000332722265739, 0.000320849881973, 0.000396152725443, 0.000383614387829, 0.000347968540154, 0.000241639470914, 0.000154212670168, 6.93776237313e-05, 4.28530984209e-05, 2.19529574679e-05, 1.06060779217e-05, 2.74904050457e-06, 1.22161736726e-07],
        "min": [2.51579891133e-23, 2.84271328342e-23, 2.24391468713e-23, 4.18569122994e-24, 4.00318983724e-23, 1.49918944515e-23, 1.31615628131e-23, 3.0302554973e-23, 2.82517658995e-23, 1.66590131352e-23, 1.06601803348e-22, 7.74809904104e-23, 1.27360734867e-22, 8.60310751088e-23, 2.08482394086e-22, 2.10001639215e-22, 2.17392268777e-22, 2.81323399315e-22, 2.68028177432e-22, 3.57594182434e-22, 5.12767413894e-22, 4.68009238424e-22, 6.97128625065e-22, 9.13737813709e-22, 1.00277352748e-21, 1.40753747734e-21, 2.52312725243e-21],
        "var": [7.71894701757e-06, 9.26700158743e-05, 8.15940893517e-06, 2.49805611929e-06, 6.69953005854e-05, 1.79737417056e-05, 1.04545952127e-05, 2.42952773988e-05, 2.5763445592e-05, 2.10245775634e-06, 2.1363146061e-06, 6.72989415307e-07, 4.18577542405e-07, 5.76002832986e-07, 3.5566341694e-07, 2.0687573965e-07, 2.52258672617e-07, 1.21858931834e-07, 6.95723656463e-08, 4.22120542964e-08, 4.08699065702e-08, 2.36348522975e-08, 1.09526936853e-07, 1.7202792435e-07, 2.92652249101e-08, 5.28931165533e-09, 5.2010496604e-11]
    },
    "erbbands": {
        "dmean": [0.222227960825, 0.906527340412, 1.76601564884, 2.2596077919, 5.66787290573, 19.504486084, 12.8701438904, 11.4217319489, 12.2042360306, 32.0149078369, 35.4736595154, 31.8665046692, 15.4550580978, 11.4058980942, 14.1789321899, 10.8781957626, 12.3365373611, 13.0612030029, 12.7427110672, 10.8211708069, 10.0817728043, 11.1602611542, 11.172826767, 7.36726236343, 7.07290410995, 4.3485250473, 3.53339600563, 2.93984675407, 2.11650729179, 2.02124810219, 2.05211019516, 1.90753614902, 1.02542197704, 0.519160628319, 0.252639532089, 0.108706749976, 0.033691085875, 0.00674623250961, 0.000258429266978, 1.58559178089e-05],
        "dmean2": [0.369992464781, 1.49544095993, 2.97851061821, 3.76076436043, 9.24140548706, 30.5534095764, 20.434923172, 17.9648036957, 19.275220871, 51.4376945496, 56.1603660583, 49.0118408203, 23.8880214691, 17.322101593, 20.6772327423, 16.5680656433, 19.0795478821, 20.3338489532, 19.8295345306, 16.8189697266, 15.8435945511, 17.4640426636, 17.5040016174, 11.6042575836, 11.1066246033, 6.92214536667, 5.39480495453, 4.47794723511, 3.15899300575, 2.97348546982, 2.87795567513, 2.59099507332, 1.44784486294, 0.74261277914, 0.374335646629, 0.163790285587, 0.0511674508452, 0.0103852041066, 0.000407453568187, 2.35672396229e-05],
        "dvar": [0.236277937889, 2.28727984428, 9.47979831696, 12.1752157211, 79.0894470215, 1032.93103027, 429.718841553, 496.678863525, 602.030578613, 4121.97265625, 5979.30517578, 5578.67236328, 1301.78076172, 684.834899902, 926.334533691, 575.159057617, 445.295654297, 546.413635254, 384.037597656, 369.055725098, 239.072067261, 227.573471069, 199.622268677, 61.3143043518, 62.864730835, 22.460062027, 20.8254489899, 26.5167064667, 13.819067955, 16.3473701477, 27.0660305023, 32.2584609985, 10.3686132431, 3.0431470871, 0.481013417244, 0.0874972492456, 0.0069425413385, 0.000286680879071, 4.52885700497e-07, 3.9483549763e-10],
        "dvar2": [0.590240061283, 5.60816764832, 25.45835495, 32.611995697, 205.178878784, 2431.92041016, 1087.7010498, 1214.72241211, 1412.78869629, 10425.1972656, 14073.6875, 13295.2314453, 3112.70532227, 1494.03173828, 1689.43481445, 1089.96508789, 1049.32055664, 1192.54638672, 918.613037109, 862.31439209, 575.475097656, 531.522338867, 458.742279053, 154.612457275, 155.171524048, 55.5803604126, 45.0334434509, 55.4340858459, 27.9135799408, 34.9495315552, 44.8141059875, 51.9297370911, 18.7980327606, 6.40884113312, 1.05332863331, 0.178382903337, 0.0151612013578, 0.000646806496661, 1.05223239188e-06, 8.27111379387e-10],
        "max": [4.17971324921, 12.9412965775, 37.4166297913, 47.8603477478, 112.867538452, 304.374053955, 243.54359436, 627.928344727, 632.008300781, 927.620239258, 1259.83276367, 1508.04162598, 544.849853516, 467.200195312, 565.313720703, 858.546203613, 363.011535645, 322.449707031, 329.145629883, 446.134735107, 269.312835693, 284.918701172, 218.068206787, 100.363647461, 123.006561279, 64.7484512329, 82.8896713257, 106.203674316, 67.5379104614, 61.9880065918, 162.568328857, 115.222831726, 74.2309875488, 51.7531433105, 12.9143342972, 9.03464508057, 1.37420856953, 0.254526078701, 0.010415090248, 0.000289648160106],
        "mean": [0.240492224693, 1.24409925938, 2.65445876122, 3.87661719322, 9.31951141357, 31.4094142914, 24.1624336243, 25.0261936188, 24.0604038239, 49.9251899719, 55.8197441101, 57.2163276672, 28.4597549438, 21.0341243744, 27.674041748, 19.7386474609, 21.8650436401, 25.0300140381, 26.3407554626, 24.492313385, 23.4613265991, 26.809179306, 26.2265148163, 19.1826210022, 17.8984336853, 12.3800630569, 9.0878276825, 6.52821397781, 4.33386516571, 3.88554644585, 4.02709913254, 3.36493396759, 1.8098180294, 0.803666949272, 0.363191902637, 0.147189646959, 0.043122716248, 0.00763980159536, 0.000284460111288, 4.72251376777e-05],
        "median": [0.0911598056555, 0.742655754089, 1.72830021381, 2.87423110008, 6.19131946564, 13.7390232086, 12.0613422394, 11.4657897949, 10.6299114227, 22.085849762, 21.842048645, 20.4226150513, 11.2084598541, 9.12012481689, 11.3452167511, 10.2763566971, 11.908115387, 14.1219291687, 18.1864624023, 17.5934257507, 19.6772232056, 22.2495384216, 23.0073127747, 18.7648735046, 16.5041561127, 11.3085918427, 7.87694263458, 4.67160129547, 2.62229990959, 1.75958681107, 1.14200115204, 0.609566688538, 0.290359258652, 0.14075371623, 0.0587934404612, 0.01787135005, 0.00410486850888, 0.000606013112701, 3.64792940672e-05, 4.27532904723e-05],
        "min": [7.30294861875e-22, 7.10005228127e-21, 1.87386878717e-20, 2.52580375525e-20, 4.96809942713e-20, 1.99998261744e-19, 1.98874420559e-19, 7.0768862158e-20, 1.24137411444e-19, 4.44760746504e-19, 5.60054834643e-19, 4.87895578811e-19, 6.33753473595e-19, 1.45776789726e-18, 5.10386816121e-18, 3.17707127905e-18, 6.18162866468e-18, 4.61027914995e-18, 9.64194561062e-18, 8.58986120696e-18, 1.40746104715e-17, 1.21697682036e-17, 1.26109764161e-17, 1.43962464178e-17, 1.48736801781e-17, 1.71406861065e-17, 2.36821131086e-17, 1.74516282618e-17, 1.78080587334e-17, 1.61178574267e-17, 2.27618068483e-17, 1.81055873279e-17, 1.55334807937e-17, 8.84108753952e-18, 8.12547373927e-18, 5.76485660818e-18, 2.58976291118e-18, 1.06663657859e-18, 3.92432241129e-19, 3.75353527032e-20],
        "var": [0.2230566293, 2.57661628723, 9.97685337067, 15.6535329819, 114.43397522, 1807.40478516, 910.116882324, 1469.46459961, 2011.90722656, 6571.55029297, 10791.7070312, 16968.2050781, 2620.23706055, 1584.60913086, 2990.52075195, 1141.84863281, 938.787780762, 1239.20031738, 818.196594238, 1137.58410645, 515.579040527, 629.401000977, 481.112915039, 173.803756714, 179.086654663, 93.1363372803, 63.2103805542, 62.3413238525, 31.7381267548, 39.4331817627, 106.802574158, 104.333534241, 33.4205284119, 6.52426481247, 0.8989610672, 0.178566932678, 0.0130580179393, 0.000429463427281, 5.86549958825e-07, 8.36812008576e-10]
    },
    "gfcc": {
        "mean": [16.1259250641, 106.906105042, -124.430023193, 41.8353614807, -57.7231445312, 4.23135471344, -36.1068763733, 9.19121265411, -17.5325508118, 1.73563396931, -12.366104126, -0.842473745346, -9.6025800705],
        "cov": [[4807.04052734, -597.53137207, -156.374969482, 119.122138977, -136.397827148, 244.414398193, -52.2480964661, 227.174499512, -102.191825867, 179.541046143, -154.546020508, 5.29707527161, -125.006217957], [-597.53137207, 1223.01367188, -529.604919434, 43.3416099548, 184.453979492, -314.87979126, 181.074401855, -217.037246704, 97.7392730713, -93.4425125122, 127.76839447, -136.953720093, 77.7857055664], [-156.374969482, -529.604919434, 778.371154785, -13.4333267212, -14.4603309631, 149.24710083, -195.130783081, 63.858039856, -90.1321105957, 32.8597946167, -42.9125328064, 114.319847107, -63.7535133362], [119.122138977, 43.3416099548, -13.4333267212, 315.197967529, 76.3233184814, 7.26993656158, 57.3329620361, -4.50263404846, 32.2678718567, -30.8612918854, -7.02400588989, -33.7559585571, 27.2803401947], [-136.397827148, 184.453979492, -14.4603309631, 76.3233184814, 237.313919067, -8.11011791229, 65.2605667114, -1.55079066753, 6.32467460632, 3.71619439125, -2.6464381218, -9.55414390564, -5.64374876022], [244.414398193, -314.87979126, 149.24710083, 7.26993656158, -8.11011791229, 258.016601562, 69.256362915, 124.478919983, -4.8601140976, 21.447593689, -46.7236175537, 20.9898529053, -25.4585514069], [-52.2480964661, 181.074401855, -195.130783081, 57.3329620361, 65.2605667114, 69.256362915, 284.680358887, 45.6049728394, 54.9343605042, -4.99744558334, -24.1719932556, -44.2245635986, 13.3366966248], [227.174499512, -217.037246704, 63.858039856, -4.50263404846, -1.55079066753, 124.478919983, 45.6049728394, 197.697631836, 56.5484924316, 31.3153018951, -39.9816894531, 6.88370656967, -12.3419589996], [-102.191825867, 97.7392730713, -90.1321105957, 32.2678718567, 6.32467460632, -4.8601140976, 54.9343605042, 56.5484924316, 118.816810608, 13.1373529434, 16.926197052, -34.5191650391, 14.5242147446], [179.541046143, -93.4425125122, 32.8597946167, -30.8612918854, 3.71619439125, 21.447593689, -4.99744558334, 31.3153018951, 13.1373529434, 87.3072891235, 1.67245066166, 7.78790903091, -26.4128055573], [-154.546020508, 127.76839447, -42.9125328064, -7.02400588989, -2.6464381218, -46.7236175537, -24.1719932556, -39.9816894531, 16.926197052, 1.67245066166, 94.9962768555, 15.073887825, 17.2689685822], [5.29707527161, -136.953720093, 114.319847107, -33.7559585571, -9.55414390564, 20.9898529053, -44.2245635986, 6.88370656967, -34.5191650391, 7.78790903091, 15.073887825, 96.4987945557, 10.2776241302], [-125.006217957, 77.7857055664, -63.7535133362, 27.2803401947, -5.64374876022, -25.4585514069, 13.3366966248, -12.3419589996, 14.5242147446, -26.4128055573, 17.2689685822, 10.2776241302, 67.2336120605]],
        "icov": [[0.000368564622477, -0.000313449039822, 0.00045916083036, -0.000585376634263, 0.000491521670483, -0.000470503524411, 0.000561088381801, -0.000650012807455, 0.000858879706357, -0.000997665105388, 0.000663048529532, -0.000548540905584, 0.000689374632202], [-0.000313449039822, 0.00413940288126, -0.000215215142816, 0.00185498723295, -0.00302559090778, 0.00319339218549, -0.0028225693386, 0.00269193365239, -0.00243274285458, 0.0035134064965, -0.00403872039169, 0.00400493154302, -0.00198840908706], [0.00045916083036, -0.000215215142816, 0.00317458016798, -0.0012080881279, 0.000206394848647, -0.00189728545956, 0.00249270326458, -0.00078315573046, 0.00117176631466, -0.00106476072688, 0.00154909980483, -0.00290056224912, 0.00263790879399], [-0.000585376634263, 0.00185498723295, -0.0012080881279, 0.00547747360542, -0.00292532378808, 0.00129617191851, -0.00203910050914, 0.00242452602834, -0.00305237621069, 0.00350827048533, -0.00198706309311, 0.00364293134771, -0.00351664563641], [0.000491521670483, -0.00302559090778, 0.000206394848647, -0.00292532378808, 0.00747303571552, -0.00146169925574, 0.000746710342355, -0.00258243083954, 0.00291917682625, -0.00364000815898, 0.00288700056262, -0.00343398028053, 0.00297145359218], [-0.000470503524411, 0.00319339218549, -0.00189728545956, 0.00129617191851, -0.00146169925574, 0.0104938494042, -0.00534183392301, -0.00208571203984, 0.000272641307674, 0.00298248371109, -0.00336154224351, 0.00300488946959, -0.00084990618052], [0.000561088381801, -0.0028225693386, 0.00249270326458, -0.00203910050914, 0.000746710342355, -0.00534183392301, 0.00868843495846, -0.00175697926898, 0.000442380725872, -0.00287329219282, 0.004702815786, -0.00286415475421, 0.00149935903028], [-0.000650012807455, 0.00269193365239, -0.00078315573046, 0.00242452602834, -0.00258243083954, -0.00208571203984, -0.00175697926898, 0.0132394898683, -0.00943454355001, 0.00193302531261, 0.00106456200592, 0.000579345272854, -0.00184153276496], [0.000858879706357, -0.00243274285458, 0.00117176631466, -0.00305237621069, 0.00291917682625, 0.000272641307674, 0.000442380725872, -0.00943454355001, 0.0189673174173, -0.00606226688251, -0.00220675906166, 0.00288189575076, -0.00106300890911], [-0.000997665105388, 0.0035134064965, -0.00106476072688, 0.00350827048533, -0.00364000815898, 0.00298248371109, -0.00287329219282, 0.00193302531261, -0.00606226688251, 0.0193490348756, -0.00528431683779, 0.00180029752664, 0.00338865676895], [0.000663048529532, -0.00403872039169, 0.00154909980483, -0.00198706309311, 0.00288700056262, -0.00336154224351, 0.004702815786, 0.00106456200592, -0.00220675906166, -0.00528431683779, 0.0193149428815, -0.00870831124485, 0.0011834843317], [-0.000548540905584, 0.00400493154302, -0.00290056224912, 0.00364293134771, -0.00343398028053, 0.00300488946959, -0.00286415475421, 0.000579345272854, 0.00288189575076, 0.00180029752664, -0.00870831124485, 0.0216816794127, -0.00935082230717], [0.000689374632202, -0.00198840908706, 0.00263790879399, -0.00351664563641, 0.00297145359218, -0.00084990618052, 0.00149935903028, -0.00184153276496, -0.00106300890911, 0.00338865676895, 0.0011834843317, -0.00935082230717, 0.0243624467403]]
    },
    "melbands": {
        "dmean": [0.00165473518427, 0.000971033703536, 0.000433534267358, 0.000885095563717, 0.000551858218387, 0.0002505791781, 0.000202625844395, 0.000368706416339, 0.000299236824503, 0.000187641911907, 7.49401369831e-05, 4.67320533062e-05, 5.0427752285e-05, 3.43096253346e-05, 2.88014416583e-05, 2.53838661592e-05, 2.72973484243e-05, 2.26339761866e-05, 1.78522914211e-05, 1.48312028614e-05, 1.26227196233e-05, 1.25305732581e-05, 1.36258722705e-05, 8.73939370649e-06, 6.50447145745e-06, 5.95286564931e-06, 4.78465244669e-06, 2.97971882901e-06, 2.39273276748e-06, 2.43057934313e-06, 1.66528468526e-06, 1.3375170056e-06, 1.08582491976e-06, 1.27514886117e-06, 1.28667818444e-06, 1.25117867356e-06, 1.21647656215e-06, 8.22081801743e-07, 5.58815315799e-07, 4.20868929041e-07],
        "dmean2": [0.00270853471011, 0.00161477993242, 0.00071416987339, 0.00140445714351, 0.000875922734849, 0.000394260248868, 0.000319075683365, 0.000589495932218, 0.000469441380119, 0.000288316310616, 0.000116388968308, 7.14748603059e-05, 7.34814602765e-05, 5.3924126405e-05, 4.44892393716e-05, 4.00366297981e-05, 4.29618485214e-05, 3.53200812242e-05, 2.78734150925e-05, 2.33039190789e-05, 2.00932427106e-05, 1.98349789571e-05, 2.14198207686e-05, 1.41122800414e-05, 1.0395137906e-05, 9.46322779782e-06, 7.705826647e-06, 4.81132110508e-06, 3.75028935196e-06, 3.88193848266e-06, 2.5421763894e-06, 2.0514719381e-06, 1.66572124272e-06, 1.90541322809e-06, 1.85699366284e-06, 1.77128026735e-06, 1.72326167558e-06, 1.17708498237e-06, 8.12546431916e-07, 6.14996565673e-07],
        "dvar": [1.12956513476e-05, 2.60032129518e-06, 3.7841667222e-07, 1.98033308152e-06, 6.94967184245e-07, 2.23514902586e-07, 1.53963114258e-07, 5.57053510875e-07, 4.25800891435e-07, 1.959307383e-07, 3.32493463873e-08, 1.15873532991e-08, 1.2008080752e-08, 6.09330363943e-09, 2.63697219616e-09, 1.69368430392e-09, 2.56628185369e-09, 1.42579004159e-09, 9.04096075782e-10, 6.33695373953e-10, 3.82134213162e-10, 3.13322173762e-10, 4.24350193873e-10, 9.98892774051e-11, 4.95245372489e-11, 4.3603037847e-11, 3.09368954066e-11, 1.0949583254e-11, 8.12946238105e-12, 1.63764123789e-11, 9.05973733534e-12, 5.76236974803e-12, 3.90579842774e-12, 7.36064594692e-12, 1.02948665218e-11, 1.28512625888e-11, 1.59046265741e-11, 7.33127794583e-12, 3.03406974024e-12, 2.47851088611e-12],
        "dvar2": [2.7399884857e-05, 6.7209007284e-06, 9.78248635874e-07, 4.6950176511e-06, 1.70898579199e-06, 5.48906143649e-07, 3.67320581063e-07, 1.38577297548e-06, 1.01071123026e-06, 4.75953925161e-07, 7.94541321625e-08, 2.51593128553e-08, 2.13911643954e-08, 1.1888459106e-08, 5.73497560552e-09, 3.9756913317e-09, 5.59418422696e-09, 3.44840644928e-09, 2.1222745783e-09, 1.48327283789e-09, 9.05104602378e-10, 7.3121803057e-10, 9.9113017793e-10, 2.52267789991e-10, 1.28639765506e-10, 1.0535863848e-10, 8.15596201686e-11, 2.83690120007e-11, 1.85708497191e-11, 3.9639680427e-11, 1.90324388194e-11, 1.21582474991e-11, 8.26449152169e-12, 1.65317065592e-11, 1.81900987328e-11, 2.33123659266e-11, 2.82185542294e-11, 1.40017745662e-11, 5.79929333722e-12, 5.76662936153e-12],
        "max": [0.0282158721238, 0.0152561888099, 0.00764051498845, 0.0148748410866, 0.0105535397306, 0.0120291560888, 0.00888671167195, 0.0119589511305, 0.0103735756129, 0.00814813002944, 0.00278726220131, 0.00183561630547, 0.00230833468959, 0.00238832668401, 0.000866574351676, 0.000750732957385, 0.000739253417123, 0.000692918489221, 0.000516414118465, 0.000501094269566, 0.000416674563894, 0.000336940342095, 0.000442202173872, 0.000132922898047, 9.61906189332e-05, 9.69528773567e-05, 7.87913086242e-05, 4.66324272566e-05, 3.92725705751e-05, 6.96649367455e-05, 6.9797206379e-05, 4.65497687401e-05, 2.89228664769e-05, 4.11172259192e-05, 9.90130283753e-05, 8.30542339827e-05, 7.55309665692e-05, 6.33639574517e-05, 4.25297730544e-05, 4.66698147648e-05],
        "mean": [0.00198812549934, 0.00151448731776, 0.000776073196903, 0.00147293542977, 0.00103507842869, 0.000547126692254, 0.000383729551686, 0.000571468495764, 0.000476840621559, 0.00032963976264, 0.000130898915813, 7.94436782598e-05, 9.4199909654e-05, 5.79440566071e-05, 4.75999586342e-05, 4.40500334662e-05, 4.82897703478e-05, 4.26489641541e-05, 3.50714944943e-05, 3.10152645397e-05, 2.66262613877e-05, 2.73651221505e-05, 2.8745525924e-05, 1.93679934455e-05, 1.49695051732e-05, 1.38153227454e-05, 1.11516383186e-05, 7.46475052438e-06, 5.65799882679e-06, 5.01467047798e-06, 3.33489310833e-06, 2.53701909969e-06, 2.00766203307e-06, 2.23845108849e-06, 2.35931406678e-06, 2.20298124987e-06, 2.01295938496e-06, 1.37210258799e-06, 8.9641315526e-07, 5.95185326802e-07],
        "median": [0.000945557258092, 0.00101424031891, 0.000605042790994, 0.000776786182541, 0.000545987859368, 0.000252312252996, 0.000151040352648, 0.000244533177465, 0.000167173537193, 0.000116864743177, 4.52456224593e-05, 3.19713180943e-05, 3.55794254574e-05, 2.83091194433e-05, 2.34717717831e-05, 2.41831658059e-05, 2.50717312156e-05, 2.69657757599e-05, 2.38983375311e-05, 2.19211233343e-05, 2.17188571696e-05, 2.14762239921e-05, 2.21710743062e-05, 1.6847419829e-05, 1.41315649671e-05, 1.25309552459e-05, 9.64112950896e-06, 6.48850254947e-06, 4.957202691e-06, 3.7499598875e-06, 2.24320137931e-06, 1.51514916524e-06, 1.06857964965e-06, 9.0268281383e-07, 6.88473164701e-07, 4.50425659437e-07, 3.30556815697e-07, 2.00577176201e-07, 1.51730816356e-07, 9.70644933318e-08],
        "min": [8.76887053735e-24, 1.04556870778e-23, 5.0914404165e-24, 8.49958261216e-24, 7.06143080624e-24, 1.83914715899e-24, 2.11055416178e-24, 5.75447721848e-24, 3.95656736888e-24, 3.62152157635e-24, 3.00732453352e-24, 4.54995406381e-24, 1.74446523324e-23, 7.93467458477e-24, 1.30228479338e-23, 1.17833052714e-23, 7.34198997604e-24, 1.57889106008e-23, 1.14242710076e-23, 1.11596712828e-23, 1.83650699931e-23, 1.17407138823e-23, 1.07932651139e-23, 1.43706712218e-23, 1.09848881052e-23, 1.14276938751e-23, 9.00614885359e-24, 1.20845444299e-23, 1.63952338257e-23, 1.06554771461e-23, 1.00782368562e-23, 1.0877495737e-23, 8.38416989515e-24, 8.51508372895e-24, 1.17826820713e-23, 1.3290905236e-23, 1.05422235414e-23, 1.05559039672e-23, 9.9769747261e-24, 6.52518880085e-24],
        "var": [1.15088569146e-05, 2.95085351354e-06, 5.61540218769e-07, 3.55257134288e-06, 1.45284377595e-06, 7.24973006072e-07, 4.65661429416e-07, 9.22776223433e-07, 8.77068544014e-07, 5.40070629995e-07, 6.48632934031e-08, 2.55489283063e-08, 3.95905317419e-08, 1.10806661624e-08, 5.12801978658e-09, 3.75856323842e-09, 5.68562041892e-09, 2.74648326304e-09, 2.04760430833e-09, 1.70950997802e-09, 7.521831491e-10, 8.40570280047e-10, 9.13487174792e-10, 2.33700725438e-10, 1.2091164181e-10, 1.08824976808e-10, 8.32420452013e-11, 3.81991105414e-11, 2.33238723474e-11, 3.22517845763e-11, 1.92977769181e-11, 1.19142092025e-11, 7.94890195333e-12, 1.63388365337e-11, 3.56271574742e-11, 4.30385137251e-11, 4.37367954353e-11, 2.09916875549e-11, 8.59124316827e-12, 3.9009867385e-12]
    },
    "mfcc": {
        "mean": [-620.489440918, 128.28678894, -6.71119356155, 35.3199005127, 1.60496044159, 1.45304358006, -5.78329324722, 3.85974740982, -2.85369515419, 4.37162542343, 0.22640311718, 1.69250333309, -2.2487552166],
        "cov": [[3712.72949219, -468.709228516, -225.778366089, -11.177649498, -96.0106048584, 34.9928855896, 88.2230529785, -2.94458007812, 124.80355835, 157.383666992, 38.3521080017, 51.8022384644, -23.0063438416], [-468.709228516, 971.062988281, -428.284606934, 186.338516235, -76.7588348389, 1.77097868919, -27.4133205414, -79.9715957642, -71.7851333618, -51.2814025879, 35.4687080383, -5.80929517746, 5.66482305527], [-225.778366089, -428.284606934, 651.483581543, -138.387908936, 152.151489258, -18.7287902832, -15.7832145691, 26.674861908, -40.0178947449, -29.03647995, -37.363697052, -0.882611274719, 1.25139582157], [-11.177649498, 186.338516235, -138.387908936, 335.183135986, 28.025062561, 50.3186569214, -0.00683007482439, -21.0922546387, 7.51043319702, -5.50010204315, -12.5702695847, -3.19502258301, -10.2371530533], [-96.0106048584, -76.7588348389, 152.151489258, 28.025062561, 231.629898071, -13.9855003357, -9.90689468384, 0.517078578472, -24.6412448883, -14.0934181213, -10.7449035645, 10.3626232147, 3.04050993919], [34.9928855896, 1.77097868919, -18.7287902832, 50.3186569214, -13.9855003357, 138.242355347, 75.971206665, 26.2782535553, 29.9248313904, 9.82441997528, 7.11896467209, -1.46768701077, -15.5772895813], [88.2230529785, -27.4133205414, -15.7832145691, -0.00683007482439, -9.90689468384, 75.971206665, 133.207611084, 65.0830535889, 55.6113243103, 21.4102954865, 13.4076070786, 1.39100575447, -2.55799746513], [-2.94458007812, -79.9715957642, 26.674861908, -21.0922546387, 0.517078578472, 26.2782535553, 65.0830535889, 143.432998657, 86.0636062622, 40.394203186, 3.61744880676, 4.15205669403, 19.6655960083], [124.80355835, -71.7851333618, -40.0178947449, 7.51043319702, -24.6412448883, 29.9248313904, 55.6113243103, 86.0636062622, 156.561477661, 82.8174133301, 24.855512619, -4.74899721146, 5.95143222809], [157.383666992, -51.2814025879, -29.03647995, -5.50010204315, -14.0934181213, 9.82441997528, 21.4102954865, 40.394203186, 82.8174133301, 127.193687439, 39.5984840393, 10.3638877869, -3.28997755051], [38.3521080017, 35.4687080383, -37.363697052, -12.5702695847, -10.7449035645, 7.11896467209, 13.4076070786, 3.61744880676, 24.855512619, 39.5984840393, 68.1057128906, 25.3626403809, 6.11996936798], [51.8022384644, -5.80929517746, -0.882611274719, -3.19502258301, 10.3626232147, -1.46768701077, 1.39100575447, 4.15205669403, -4.74899721146, 10.3638877869, 25.3626403809, 63.1266441345, 22.308177948], [-23.0063438416, 5.66482305527, 1.25139582157, -10.2371530533, 3.04050993919, -15.5772895813, -2.55799746513, 19.6655960083, 5.95143222809, -3.28997755051, 6.11996936798, 22.308177948, 56.8780326843]],
