{
"lowlevel": {
    "average_loudness": 0.681392550468,
    "barkbands_crest": {
        "dmean": 1.76634907722,
        "dmean2": 2.70460224152,
        "dvar": 3.66814756393,
        "dvar2": 8.36038589478,
        "max": 26.27693367,
        "mean": 14.9822444916,
        "median": 14.4887952805,
        "min": 3.22046685219,
        "var": 28.105884552
    },
    "barkbands_flatness_db": {
        "dmean": 0.0165109522641,
        "dmean2": 0.023944851011,
        "dvar": 0.000373159709852,
        "dvar2": 0.000708415231202,
        "max": 0.412397563457,
        "mean": 0.240842014551,
        "median": 0.242116943002,
        "min": 0.0348067432642,
        "var": 0.00352463847958
    },
    "barkbands_kurtosis": {
        "dmean": 4.32017183304,
        "dmean2": 6.46887969971,
        "dvar": 69.9589538574,
        "dvar2": 147.922409058,
        "max": 168.452438354,
        "mean": 13.0231428146,
        "median": 6.5884437561,
        "min": -1.97073590755,
        "var": 330.145477295
    },
    "barkbands_skewness": {
        "dmean": 0.474939465523,
        "dmean2": 0.690772294998,
        "dvar": 0.39951774478,
        "dvar2": 0.776802420616,
        "max": 11.0409936905,
        "mean": 1.92031645775,
        "median": 1.70501494408,
        "min": -3.90129446983,
        "var": 3.97836136818
    },
    "barkbands_spread": {
        "dmean": 2.40767550468,
        "dmean2": 3.41339731216,
        "dvar": 40.9849586487,
        "dvar2": 72.829208374,
        "max": 121.036178589,
        "mean": 9.75601482391,
        "median": 6.7464966774,
        "min": 0.572285175323,
        "var": 163.015548706
    },
    "dissonance": {
        "dmean": 0.0363481491804,
        "dmean2": 0.0614080913365,
        "dvar": 0.00108026503585,
        "dvar2": 0.00286272540689,
        "max": 0.499989897013,
        "mean": 0.391615211964,
        "median": 0.40112927556,
        "min": 0.12437786907,
        "var": 0.00414921762422
    },
    "dynamic_complexity": 5.36279821396,
    "erbbands_crest": {
        "dmean": 2.28241562843,
        "dmean2": 3.44021558762,
        "dvar": 6.17392683029,
        "dvar2": 13.9398460388,
        "max": 32.6359214783,
        "mean": 15.6925563812,
        "median": 14.7930107117,
        "min": 2.61916780472,
        "var": 43.6725921631
    },
    "erbbands_flatness_db": {
        "dmean": 0.014819746837,
        "dmean2": 0.0209391973913,
        "dvar": 0.000404906139011,
        "dvar2": 0.000713531975634,
        "max": 0.376774400473,
        "mean": 0.228668510914,
        "median": 0.232044532895,
        "min": 0.0429698601365,
        "var": 0.00374793238007
    },
    "erbbands_kurtosis": {
        "dmean": 2.64290523529,
        "dmean2": 4.02374744415,
        "dvar": 26.1093635559,
        "dvar2": 59.23072052,
        "max": 114.348854065,
        "mean": 7.20653772354,
        "median": 4.05110931396,
        "min": -1.7857414484,
        "var": 87.2214736938
    },
    "erbbands_skewness": {
        "dmean": 0.393487334251,
        "dmean2": 0.568258583546,
        "dvar": 0.254258155823,
        "dvar2": 0.494515657425,
        "max": 8.56237125397,
        "mean": 1.53632366657,
        "median": 1.41367435455,
        "min": -4.25344657898,
        "var": 2.37723779678
    },
    "erbbands_spread": {
        "dmean": 4.83614110947,
        "dmean2": 7.03351259232,
        "dvar": 101.244094849,
        "dvar2": 203.389282227,
        "max": 168.270706177,
        "mean": 19.663892746,
        "median": 14.291560173,
        "min": 1.9385663271,
        "var": 303.839996338
    },
    "hfc": {
        "dmean": 2.20472478867,
        "dmean2": 3.01893639565,
        "dvar": 17.7069015503,
        "dvar2": 29.4462490082,
        "max": 116.577316284,
        "mean": 13.6073665619,
        "median": 7.06504917145,
        "min": 1.1218035532e-16,
        "var": 281.123687744
    },
    "melbands_crest": {
        "dmean": 2.16615390778,
        "dmean2": 3.32565331459,
        "dvar": 5.34737491608,
        "dvar2": 12.5313110352,
        "max": 34.8293228149,
        "mean": 17.5395851135,
        "median": 16.3316192627,
        "min": 2.60730481148,
        "var": 44.9847755432
    },
    "melbands_flatness_db": {
        "dmean": 0.0173888783902,
        "dmean2": 0.0242175608873,
        "dvar": 0.000458676950075,
        "dvar2": 0.000780267058872,
        "max": 0.500768125057,
        "mean": 0.29698818922,
        "median": 0.297931998968,
        "min": 0.00770948315039,
        "var": 0.00429974449798
    },
    "melbands_kurtosis": {
        "dmean": 7.05883169174,
        "dmean2": 10.4695119858,
        "dvar": 230.772705078,
        "dvar2": 498.896606445,
        "max": 303.658233643,
        "mean": 20.603219986,
        "median": 8.51829814911,
        "min": -1.89947831631,
        "var": 1359.15844727
    },
    "melbands_skewness": {
        "dmean": 0.566008865833,
        "dmean2": 0.818097412586,
        "dvar": 0.721875905991,
        "dvar2": 1.40821659565,
        "max": 15.7525157928,
        "mean": 2.19191598892,
        "median": 1.71713149548,
        "min": -1.66517460346,
        "var": 5.90875387192
    },
    "melbands_spread": {
        "dmean": 2.5946187973,
        "dmean2": 3.43906879425,
        "dvar": 51.645866394,
        "dvar2": 64.3765792847,
        "max": 259.109313965,
        "mean": 11.8977718353,
        "median": 8.56960868835,
        "min": 0.829242706299,
        "var": 338.874206543
    },
    "pitch_salience": {
        "dmean": 0.0462488532066,
        "dmean2": 0.0714812353253,
        "dvar": 0.00246383342892,
        "dvar2": 0.00540339946747,
        "max": 0.961506724358,
        "mean": 0.476661413908,
        "median": 0.493076235056,
        "min": 0.0775097683072,
        "var": 0.0202937945724
    },
    "silence_rate_20dB": {
        "dmean": 0,
        "dmean2": 0,
        "dvar": 0,
        "dvar2": 0,
        "max": 1,
        "mean": 1,
        "median": 1,
        "min": 1,
        "var": 0
    },
    "silence_rate_30dB": {
        "dmean": 0,
        "dmean2": 0,
        "dvar": 0,
        "dvar2": 0,
        "max": 1,
        "mean": 1,
        "median": 1,
        "min": 1,
        "var": 0
    },
    "silence_rate_60dB": {
        "dmean": 0.0355486869812,
        "dmean2": 0.0711248517036,
        "dvar": 0.0342860370874,
        "dvar2": 0.0768921002746,
        "max": 1,
        "mean": 0.165701046586,
        "median": 0,
        "min": 0,
        "var": 0.138244658709
    },
    "spectral_centroid": {
        "dmean": 96.5960235596,
        "dmean2": 130.635681152,
        "dvar": 94047.296875,
        "dvar2": 91187.9375,
        "max": 11189.2324219,
        "mean": 732.867553711,
        "median": 580.145812988,
        "min": 223.055557251,
        "var": 397128.5
    },
    "spectral_complexity": {
        "dmean": 1.11669242382,
        "dmean2": 1.87243914604,
        "dvar": 1.34575521946,
        "dvar2": 3.12404203415,
        "max": 24,
        "mean": 7.45886421204,
        "median": 7,
        "min": 0,
        "var": 12.3279266357
    },
    "spectral_decrease": {
        "dmean": 8.75236771947e-10,
        "dmean2": 1.25784394012e-09,
        "dvar": 1.94371706839e-18,
        "dvar2": 3.85781776212e-18,
        "max": -4.14873867951e-29,
        "mean": -5.36744027002e-09,
        "median": -3.55024898369e-09,
        "min": -2.59221977217e-08,
        "var": 2.54211495043e-17
    },
    "spectral_energy": {
        "dmean": 0.00348291662522,
        "dmean2": 0.00499414326623,
        "dvar": 3.03406923194e-05,
        "dvar2": 6.01586216362e-05,
        "max": 0.102209351957,
        "mean": 0.021492190659,
        "median": 0.014185577631,
        "min": 1.0331665181e-20,
        "var": 0.000410327455029
    },
    "spectral_energyband_high": {
        "dmean": 6.10446950304e-05,
        "dmean2": 7.37456357456e-05,
        "dvar": 1.03463023038e-07,
        "dvar2": 1.40850090702e-07,
        "max": 0.0146704316139,
        "mean": 0.000160878247698,
        "median": 3.31057381118e-05,
        "min": 7.54771289682e-21,
        "var": 5.1760741826e-07
    },
    "spectral_energyband_low": {
        "dmean": 0.000728305894881,
        "dmean2": 0.000994476722553,
        "dvar": 4.39446057499e-06,
        "dvar2": 8.35471382743e-06,
        "max": 0.0469766966999,
        "mean": 0.00277337990701,
        "median": 0.00103418494109,
        "min": 7.25155275306e-23,
        "var": 2.19388693949e-05
    },
    "spectral_energyband_middle_high": {
        "dmean": 0.000912697345484,
        "dmean2": 0.00123929837719,
        "dvar": 6.14850523561e-06,
        "dvar2": 1.10443943413e-05,
        "max": 0.0784888938069,
        "mean": 0.00530684413388,
        "median": 0.000644668878522,
        "min": 1.48227564887e-21,
        "var": 0.00013059914636
    },
    "spectral_energyband_middle_low": {
        "dmean": 0.0026297334116,
        "dmean2": 0.00380725623108,
        "dvar": 2.16116131924e-05,
        "dvar2": 4.40097755927e-05,
        "max": 0.090585231781,
        "mean": 0.0134585686028,
        "median": 0.00905389897525,
        "min": 2.4848595973e-22,
        "var": 0.000202724142582
    },
    "spectral_entropy": {
        "dmean": 0.168991446495,
        "dmean2": 0.236112505198,
        "dvar": 0.0501290410757,
        "dvar2": 0.0773688405752,
        "max": 9.80090618134,
        "mean": 6.61896085739,
        "median": 6.5730714798,
        "min": 4.71951389313,
        "var": 0.452204793692
    },
    "spectral_flux": {
        "dmean": 0.0135667920113,
        "dmean2": 0.0213462430984,
        "dvar": 0.000366430962458,
        "dvar2": 0.000892441021279,
        "max": 0.238518029451,
        "mean": 0.0383224077523,
        "median": 0.029466887936,
        "min": 1.01644796746e-10,
        "var": 0.000954269838985
    },
    "spectral_kurtosis": {
        "dmean": 2.36551141739,
        "dmean2": 3.89139056206,
        "dvar": 5.80987453461,
        "dvar2": 15.2050065994,
        "max": 34.9147148132,
        "mean": 9.23696804047,
        "median": 8.6333990097,
        "min": -1.55863499641,
        "var": 30.5399742126
    },
    "spectral_rms": {
        "dmean": 0.000371039350284,
        "dmean2": 0.000523690483533,
        "dvar": 2.64064738076e-07,
        "dvar2": 5.00271198689e-07,
        "max": 0.00998581200838,
        "mean": 0.00403294852003,
        "median": 0.0037201596424,
        "min": 3.17485013973e-12,
        "var": 4.70331451652e-06
    },
    "spectral_rolloff": {
        "dmean": 157.354812622,
        "dmean2": 263.169158936,
        "dvar": 534010.3125,
        "dvar2": 945172.0625,
        "max": 18949.21875,
        "mean": 875.45300293,
        "median": 581.396484375,
        "min": 86.1328125,
        "var": 2006737.875
    },
    "spectral_skewness": {
        "dmean": 0.256265997887,
        "dmean2": 0.392520010471,
        "dvar": 0.0671335011721,
        "dvar2": 0.13459263742,
        "max": 5.11778736115,
        "mean": 2.48720145226,
        "median": 2.47725701332,
        "min": -0.452761948109,
        "var": 0.603269398212
    },
    "spectral_spread": {
        "dmean": 491707.40625,
        "dmean2": 707118.625,
        "dvar": 1.1814436864e+12,
        "dvar2": 1.39113568666e+12,
        "max": 42446436,
        "mean": 4626939.5,
        "median": 4006585,
        "min": 1963079,
        "var": 5.17352770765e+12
    },
    "spectral_strongpeak": {
        "dmean": 0.362618178129,
        "dmean2": 0.580452382565,
        "dvar": 0.413384377956,
        "dvar2": 0.955241560936,
        "max": 14.2340927124,
        "mean": 1.82454955578,
        "median": 1.07890200615,
        "min": 3.37162658903e-11,
        "var": 4.71024131775
    },
    "zerocrossingrate": {
        "dmean": 0.00568108074367,
        "dmean2": 0.0065135625191,
        "dvar": 0.000219787631067,
        "dvar2": 0.000236252599279,
        "max": 0.51708984375,
        "mean": 0.037391141057,
        "median": 0.029296875,
        "min": 0.00390625,
        "var": 0.00166734110098
    },
    "barkbands": {
        "dmean": [7.27290171199e-06, 0.000655782991089, 0.000105419545434, 7.48808961362e-05, 0.000509373378009, 0.00111099472269, 0.00115672242828, 0.000217466717004, 0.000471227511298, 0.000368263717974, 0.000160606781719, 0.000471321196528, 0.000130683372845, 7.72787025198e-05, 9.47075313888e-05, 5.56930790481e-05, 2.10901616811e-05, 1.08143467514e-05, 1.88952144526e-05, 9.93981939246e-06, 7.40531277188e-06, 6.72987789585e-06, 1.59385526786e-05, 1.8329536033e-05, 1.49283887367e-05, 3.74795877178e-06, 1.17819454193e-09],
        "dmean2": [1.25668557303e-05, 0.000886696681846, 0.000171486841282, 0.000122323210235, 0.00073654029984, 0.00165786140133, 0.0017076585209, 0.000323674525134, 0.000586164009292, 0.000497279688716, 0.000197979505174, 0.00065200321842, 0.000179575552465, 0.000103860358649, 0.00013761963055, 7.63419811847e-05, 3.03214728774e-05, 1.63616296049e-05, 2.79865580524e-05, 1.44635123434e-05, 1.04035725599e-05, 9.28213466977e-06, 2.34045819525e-05, 2.60159868049e-05, 2.11730675801e-05, 5.36406514584e-06, 2.08202344254e-09],
        "dvar": [2.79782669255e-10, 3.99390910388e-06, 6.04519030389e-08, 3.46877300217e-08, 2.8654972084e-06, 7.44675116948e-06, 9.60966099228e-06, 6.74016234825e-07, 2.47231378125e-06, 2.10129132938e-06, 7.33912145279e-07, 3.75669969799e-06, 1.31377476009e-06, 9.03552503928e-08, 1.39485663908e-07, 1.63571584721e-07, 5.80960124452e-09, 1.13699150095e-09, 3.04378811045e-09, 3.41067463161e-09, 2.70232280997e-09, 1.64855928908e-09, 1.4223348721e-08, 1.82787456282e-08, 7.59695950592e-09, 2.57324828112e-10, 4.10235633943e-18],
        "dvar2": [7.20847437297e-10, 7.68880727264e-06, 1.42827673244e-07, 8.42216252295e-08, 4.48305581813e-06, 1.58649909281e-05, 2.06927979889e-05, 1.35818766012e-06, 3.56347732122e-06, 4.22241419074e-06, 8.67886285505e-07, 6.76762647345e-06, 1.97736767404e-06, 1.33568036631e-07, 2.6640697115e-07, 2.65361222773e-07, 1.09417932492e-08, 2.4354085415e-09, 6.57954402072e-09, 6.6440049018e-09, 5.44779465983e-09, 2.73693490094e-09, 3.37663976779e-08, 2.38862902791e-08, 1.07512967418e-08, 4.51797377288e-10, 1.20147396675e-17],
        "max": [0.000478571339045, 0.0451673157513, 0.00453320052475, 0.00524781737477, 0.0589180365205, 0.0597369410098, 0.0896722301841, 0.0204292759299, 0.0521244443953, 0.0391965024173, 0.0404063500464, 0.0601043924689, 0.0708997547626, 0.00920174084604, 0.0114127313718, 0.0191470813006, 0.00288782548159, 0.00138027069625, 0.00153538770974, 0.00199683266692, 0.00224725436419, 0.00221131113358, 0.00524194631726, 0.00721074687317, 0.00365867069922, 0.00072049087612, 3.51845166335e-08],
        "mean": [1.92502939171e-05, 0.00238551665097, 0.000281657150481, 0.000155518573592, 0.0015372026246, 0.00384895061143, 0.00518256705254, 0.00055344903376, 0.00198195339181, 0.00117120170034, 0.000521994952578, 0.00257522356696, 0.000365263258573, 0.000224327639444, 0.000310580886435, 9.55241921474e-05, 4.54681612609e-05, 2.27893197007e-05, 4.35828333138e-05, 1.97271383513e-05, 1.37520073622e-05, 1.24428552226e-05, 3.07266309392e-05, 4.59204529761e-05, 3.86530118703e-05, 8.96074652701e-06, 1.25122068262e-09],
        "median": [2.45827095569e-06, 0.000732792483177, 0.000181435738341, 6.77727512084e-05, 0.000272093282547, 0.000858047045767, 0.000346151151462, 6.07130314165e-05, 0.000170365150552, 6.13011361565e-05, 1.62048036145e-05, 1.7558773834e-05, 1.84089331015e-05, 1.53076780407e-05, 1.67713387782e-05, 1.94163221749e-05, 1.07305095298e-05, 7.68381141825e-06, 1.05073859231e-05, 4.04529873776e-06, 2.61296554527e-06, 1.8033372271e-06, 3.00294891531e-06, 7.04032981957e-06, 5.82158827456e-06, 1.57585941452e-06, 4.61531229901e-10],
        "min": [3.20576474248e-23, 2.96981802345e-23, 2.01865924218e-23, 1.79919324741e-23, 1.53785278029e-23, 6.38893966409e-23, 3.43497458938e-23, 1.15248310515e-23, 5.89487923459e-23, 8.31570465718e-23, 6.31260064765e-23, 4.36249483809e-23, 1.17441572601e-22, 1.38131021252e-22, 6.46215352915e-23, 4.89212121927e-23, 1.70313819882e-22, 1.19072861223e-22, 2.87240790116e-22, 2.66930007321e-22, 4.29332637796e-22, 5.24796520335e-22, 6.06351914212e-22, 6.84219023636e-22, 7.87827282865e-22, 1.76609523129e-21, 2.235382904e-21],
        "var": [1.64972802086e-09, 1.95947213797e-05, 1.41563319289e-07, 9.218660324e-08, 2.03767267521e-05, 4.47280908702e-05, 0.00013345714251, 3.10762925437e-06, 2.25823969231e-05, 9.70491328189e-06, 7.37624623071e-06, 6.9294066634e-05, 1.06543384391e-05, 9.05795843664e-07, 1.00481838672e-06, 3.12944621328e-07, 2.01059009441e-08, 3.26381854876e-09, 1.34241204819e-08, 9.66138191671e-09, 6.73962841091e-09, 7.32612992493e-09, 3.41238468593e-08, 7.63858523101e-08, 4.35421405598e-08, 1.20009990834e-09, 4.88047438831e-18]
    },
    "erbbands": {
        "dmean": [0.0138004664332, 0.16308324039, 0.163436934352, 0.188299357891, 0.495659202337, 1.95689558983, 5.95698690414, 10.8866376877, 20.2200889587, 6.17477035522, 5.31119966507, 11.5006532669, 10.9368896484, 8.8205242157, 10.9932374954, 15.7128229141, 6.38953828812, 2.70625185966, 5.45432043076, 3.54009008408, 2.2230682373, 1.18804252148, 0.591528356075, 0.718191444874, 0.825922846794, 0.457783520222, 0.378475546837, 0.247872158885, 0.226412773132, 0.332164824009, 0.516224086285, 0.460688978434, 0.296609044075, 0.204622909427, 0.0899337083101, 0.0246143899858, 0.00567086739466, 0.000634733296465, 1.27007224364e-05, 4.40919529865e-06],
        "dmean2": [0.0195238534361, 0.217801988125, 0.246787071228, 0.313049465418, 0.795598804951, 2.89564585686, 8.37829494476, 16.2511558533, 29.7481250763, 8.68466472626, 7.5322842598, 14.4105415344, 14.5494480133, 11.7416400909, 14.8589611053, 18.6200428009, 8.29959964752, 3.62472820282, 7.55339813232, 4.89717435837, 3.34735512733, 1.64554595947, 0.880510032177, 1.07702481747, 1.21582221985, 0.671532213688, 0.51129668951, 0.364572763443, 0.311370164156, 0.454329282045, 0.76277244091, 0.639144420624, 0.437265992165, 0.301942050457, 0.122531533241, 0.0363157428801, 0.0076286313124, 0.000948089873418, 1.84530854312e-05, 6.21515209787e-06],
        "dvar": [0.00180305435788, 0.249547407031, 0.185055300593, 0.164442300797, 1.6261818409, 48.2400665283, 344.573181152, 835.092346191, 2741.05322266, 256.144042969, 274.467102051, 2019.76293945, 1953.99511719, 1257.57434082, 1352.5246582, 4756.47949219, 2009.52856445, 89.2146682739, 432.308502197, 420.471160889, 217.794387817, 20.9524345398, 2.38626885414, 5.2665605545, 5.91473436356, 9.05172538757, 8.09238433838, 2.25092554092, 2.51661491394, 3.61811733246, 20.7759132385, 19.5214214325, 2.31007409096, 1.25208961964, 0.355845034122, 0.0158989243209, 0.000449868879514, 4.3373634071e-06, 1.79529913158e-09, 4.96716279219e-11],
        "dvar2": [0.00380583666265, 0.471014142036, 0.386374562979, 0.413529217243, 3.44617581367, 93.1304092407, 626.049621582, 1776.84924316, 5955.33203125, 480.035614014, 490.740081787, 3424.9675293, 3301.8503418, 2617.265625, 2204.0246582, 6288.77441406, 2988.48413086, 137.761901855, 778.985534668, 718.833740234, 397.596557617, 35.5154685974, 4.1267619133, 11.2296848297, 12.3068695068, 18.1997203827, 14.666759491, 4.31961631775, 4.05958604813, 6.92194986343, 50.0054550171, 27.7455062866, 3.87030744553, 2.00872778893, 0.460138261318, 0.0307213030756, 0.000593703356571, 8.08997901913e-06, 2.86641022029e-09, 9.10062025739e-11],
        "max": [0.887678861618, 11.399723053, 7.89168119431, 7.69554615021, 47.2443809509, 182.114364624, 531.19354248, 719.234008789, 1416.52404785, 497.920898438, 545.159545898, 1623.43408203, 1801.16467285, 1182.98242188, 1556.18798828, 3112.26660156, 2864.15380859, 314.959197998, 733.532470703, 1103.57019043, 553.90625, 170.484481812, 66.7109680176, 77.4495162964, 75.9067306519, 113.681915283, 117.583930969, 69.5508880615, 90.1834564209, 70.7185516357, 206.654785156, 236.816741943, 53.1294212341, 39.1403808594, 27.7312202454, 5.14768409729, 1.03782880306, 0.0714939981699, 0.00167832197621, 0.000152727821842],
        "mean": [0.056430414319, 0.568512678146, 0.509921848774, 0.46640342474, 0.987969577312, 5.47847509384, 17.9569072723, 39.1209640503, 88.269493103, 25.0470943451, 16.300863266, 43.1559829712, 41.3231506348, 30.8912582397, 63.5085220337, 69.4421081543, 22.3094291687, 8.46506595612, 16.8283843994, 10.3428049088, 4.46832084656, 2.70036768913, 1.51566946507, 1.72461867332, 2.04920125008, 0.975747466087, 0.686426520348, 0.473800569773, 0.422512471676, 0.557734668255, 0.971691012383, 1.00507903099, 0.729603648186, 0.528801858425, 0.218753919005, 0.0566681176424, 0.0135890273377, 0.00136353564449, 3.88170774386e-05, 2.65189046331e-05],
        "median": [0.01830798015, 0.171468421817, 0.246132105589, 0.302007287741, 0.469161570072, 0.888665437698, 3.60507512093, 13.0278739929, 11.1809186935, 4.09742927551, 3.41445922852, 5.06746959686, 5.90339231491, 4.61130332947, 1.84549915791, 1.09529912472, 1.07557332516, 0.903066337109, 1.17676877975, 1.00400674343, 1.15516161919, 0.697258651257, 0.457313835621, 0.499712079763, 0.470342993736, 0.21504791081, 0.131666168571, 0.0799390301108, 0.0647036582232, 0.0704642832279, 0.0931921377778, 0.114711150527, 0.123440273106, 0.0850332155824, 0.0241653956473, 0.00726221641526, 0.0023965050932, 0.000346172688296, 1.946644079e-05, 1.77435103978e-05],
        "min": [9.2500633202e-22, 6.44542970321e-21, 2.68881326588e-20, 3.51804405851e-20, 4.41119911038e-20, 3.02554750726e-20, 1.92610608295e-19, 6.12875848525e-19, 3.72102907558e-19, 6.60371111732e-19, 2.71496626116e-19, 1.63909798505e-18, 2.32968119657e-18, 2.06333234805e-18, 2.46188264963e-18, 2.06982468188e-18, 4.85547119994e-18, 8.44350400528e-18, 3.92188414134e-18, 4.41108578664e-18, 2.5466653537e-18, 9.55997201192e-18, 4.44585094701e-18, 1.50731862157e-17, 1.39683343064e-17, 1.29618184555e-17, 1.04640167285e-17, 2.27450084644e-17, 1.7493672198e-17, 1.45625428081e-17, 1.8023860229e-17, 1.48778739838e-17, 1.20751676928e-17, 9.06040620713e-18, 6.23377206254e-18, 5.30648894739e-18, 3.33198111468e-18, 1.4484649071e-18, 3.09478717742e-19, 3.04974900253e-20],
        "var": [0.00903042685241, 1.23513770103, 0.628527998924, 0.388940185308, 4.22251844406, 221.921783447, 1839.70800781, 4389.93261719, 34219.296875, 2394.51708984, 1447.33508301, 13273.5078125, 10705.3027344, 6036.33056641, 34174.84375, 56655.2226562, 23271.8046875, 817.243225098, 2401.61499023, 1497.55578613, 352.548461914, 77.3313064575, 12.9809169769, 19.6432285309, 29.8410816193, 24.2028980255, 19.5283699036, 8.32637786865, 10.1905956268, 10.7240066528, 40.1394271851, 63.8072624207, 10.412068367, 6.6129026413, 1.95660126209, 0.0695800110698, 0.00253975857049, 1.5143858036e-05, 8.16719047947e-09, 6.10316019944e-10]
    },
    "gfcc": {
        "mean": [-88.6268768311, 111.468688965, -96.0856552124, 2.20087742805, -69.6275558472, 9.18147945404, -46.3438606262, 19.1871948242, -17.7538299561, 6.07084941864, -3.63203930855, 3.48707795143, 0.0343259908259],
        "cov": [[7578.72558594, -142.006622314, -763.141540527, -668.108642578, -201.762832642, 461.489471436, 49.7134857178, 237.727615356, -99.7989578247, 117.565383911, 303.139312744, 93.1564483643, 244.056915283], [-142.006622314, 1324.18029785, -50.6395263672, -58.9980239868, 371.584899902, 73.8237380981, 237.593994141, -279.580169678, 4.7348074913, 2.45593094826, -2.57691931725, -184.616088867, 121.952072144], [-763.141540527, -50.6395263672, 1297.89233398, 444.242431641, -39.2653999329, 79.6804351807, -39.1081848145, 212.916778564, 131.032455444, 50.4937286377, -99.2324523926, 82.1412582397, -121.860366821], [-668.108642578, -58.9980239868, 444.242431641, 675.005187988, 61.208316803, -23.1248016357, 22.2081336975, 36.9129714966, 58.1016654968, 14.8406076431, -110.986778259, 9.35862922668, -112.231681824], [-201.762832642, 371.584899902, -39.2653999329, 61.208316803, 335.670196533, 120.136276245, 129.194946289, -62.4531173706, 6.2809472084, 29.6487731934, -5.05509185791, -59.6796150208, 68.0638427734], [461.489471436, 73.8237380981, 79.6804351807, -23.1248016357, 120.136276245, 428.203338623, 172.383590698, -72.7879638672, -20.1614208221, 64.1435623169, 28.0677318573, -48.7724609375, 65.9196395874], [49.7134857178, 237.593994141, -39.1081848145, 22.2081336975, 129.194946289, 172.383590698, 242.05255127, -44.1985588074, 14.2542924881, 51.4916267395, 43.5944824219, -29.272977829, 39.4002761841], [237.727615356, -279.580169678, 212.916778564, 36.9129714966, -62.4531173706, -72.7879638672, -44.1985588074, 372.391967773, 115.895675659, 10.3658638, 71.0697784424, 128.2006073, -18.3883628845], [-99.7989578247, 4.7348074913, 131.032455444, 58.1016654968, 6.2809472084, -20.1614208221, 14.2542924881, 115.895675659, 135.110824585, 49.1130218506, 41.1278381348, 50.8671340942, 6.33570146561], [117.565383911, 2.45593094826, 50.4937286377, 14.8406076431, 29.6487731934, 64.1435623169, 51.4916267395, 10.3658638, 49.1130218506, 120.167877197, 36.0077972412, 4.76570653915, 13.3252725601], [303.139312744, -2.57691931725, -99.2324523926, -110.986778259, -5.05509185791, 28.0677318573, 43.5944824219, 71.0697784424, 41.1278381348, 36.0077972412, 159.727340698, 49.152973175, 36.9981117249], [93.1564483643, -184.616088867, 82.1412582397, 9.35862922668, -59.6796150208, -48.7724609375, -29.272977829, 128.2006073, 50.8671340942, 4.76570653915, 49.152973175, 123.919700623, -3.38815903664], [244.056915283, 121.952072144, -121.860366821, -112.231681824, 68.0638427734, 65.9196395874, 39.4002761841, -18.3883628845, 6.33570146561, 13.3252725601, 36.9981117249, -3.38815903664, 142.301437378]],
        "icov": [[0.000228637713008, -0.000280519481748, 0.000266167189693, -5.89808078075e-05, 0.000428542960435, -0.000542131252587, 0.000368962791981, -0.000550195050891, 0.000573936209548, -0.000467111181933, 2.31890935538e-05, -0.000341779523296, -9.33822666411e-05], [-0.000280519481748, 0.00262366910465, -0.00117161322851, 0.000730409519747, -0.00225008442067, 0.00220452505164, -0.00231972173788, 0.00232197134756, -0.00225844420493, 0.00202407222241, -0.00105908117257, 0.00291850534268, -0.000941414153203], [0.000266167189693, -0.00117161322851, 0.00201700325124, -0.000892494921573, 0.00125853798818, -0.0020318578463, 0.00158607575577, -0.00178450823296, 0.000360511534382, -0.00132904748898, 0.00141705875285, -0.00182124378625, 0.000937069416977], [-5.89808078075e-05, 0.000730409519747, -0.000892494921573, 0.00273320265114, -0.00134211196564, 0.000893601041753, -0.00128027424216, 0.00082351960009, -0.00142647325993, 0.000501955510117, 0.00114296248648, 0.00021650888084, 0.00127993652131], [0.000428542960435, -0.00225008442067, 0.00125853798818, -0.00134211196564, 0.00671756640077, -0.00236359238625, 0.000379845005227, -0.00240498059429, 0.00180957326666, -0.00197106041014, 0.00113736698404, -0.000684473314323, -0.00152952352073], [-0.000542131252587, 0.00220452505164, -0.0020318578463, 0.000893601041753, -0.00236359238625, 0.00651568546891, -0.00454993546009, 0.0025826592464, -0.000592310039792, 0.00077496987069, -0.00130717293359, 0.00333009869792, -0.00191602506675], [0.000368962791981, -0.00231972173788, 0.00158607575577, -0.00128027424216, 0.000379845005227, -0.00454993546009, 0.00966123864055, -0.00173747201916, 0.00119222665671, -0.00270918966271, -0.000982001889497, -0.00218074209988, 0.00113422365393], [-0.000550195050891, 0.00232197134756, -0.00178450823296, 0.00082351960009, -0.00240498059429, 0.0025826592464, -0.00173747201916, 0.00789301842451, -0.00547501910478, 0.00332286348566, -0.00212700595148, -0.000761068076827, -2.52084623753e-06], [0.000573936209548, -0.00225844420493, 0.000360511534382, -0.00142647325993, 0.00180957326666, -0.000592310039792, 0.00119222665671, -0.00547501910478, 0.0168169140816, -0.0069504827261, -0.000927900196984, -0.00365020683967, -0.00143746763933], [-0.000467111181933, 0.00202407222241, -0.00132904748898, 0.000501955510117, -0.00197106041014, 0.00077496987069, -0.00270918966271, 0.00332286348566, -0.0069504827261, 0.013715759851, -0.0026474383194, 0.00285991840065, -0.000130946646095], [2.31890935538e-05, -0.00105908117257, 0.00141705875285, 0.00114296248648, 0.00113736698404, -0.00130717293359, -0.000982001889497, -0.00212700595148, -0.000927900196984, -0.0026474383194, 0.0115992566571, -0.00473173195496, 0.000202145907679], [-0.000341779523296, 0.00291850534268, -0.00182124378625, 0.00021650888084, -0.000684473314323, 0.00333009869792, -0.00218074209988, -0.000761068076827, -0.00365020683967, 0.00285991840065, -0.00473173195496, 0.0183169469237, -0.00245256186463], [-9.33822666411e-05, -0.000941414153203, 0.000937069416977, 0.00127993652131, -0.00152952352073, -0.00191602506675, 0.00113422365393, -2.52084623753e-06, -0.00143746763933, -0.000130946646095, 0.000202145907679, -0.00245256186463, 0.0110763218254]]
    },
    "melbands": {
        "dmean": [0.000162030235515, 0.000133791269036, 3.53676405211e-05, 8.04146548035e-05, 0.000182285788469, 0.00023997722019, 0.0002841243695, 5.976864486e-05, 4.71975545224e-05, 7.3859548138e-05, 5.70598385821e-05, 3.92381043639e-05, 3.20348663081e-05, 5.68135401409e-05, 2.79146424873e-05, 8.33580088511e-06, 5.55737688046e-06, 9.57722659223e-06, 6.81554365656e-06, 4.00392536903e-06, 2.3666927973e-06, 1.3756827002e-06, 8.51113384215e-07, 5.06438425418e-07, 6.32951127955e-07, 7.96025744876e-07, 3.97313840494e-07, 3.4556236983e-07, 2.74589581295e-07, 1.72304197577e-07, 1.50033315549e-07, 1.30874255433e-07, 1.42499260392e-07, 2.07600635349e-07, 2.74996267535e-07, 4.03447188546e-07, 2.56753907024e-07, 2.18689962139e-07, 2.23728676474e-07, 1.77359950726e-07],
        "dmean2": [0.000220647387323, 0.000184603239177, 5.84284825891e-05, 0.000123506993987, 0.000254060054431, 0.000356298027327, 0.000418525421992, 8.23064183351e-05, 6.61445010337e-05, 9.12883187993e-05, 7.6431359048e-05, 5.25126488355e-05, 3.97088915634e-05, 7.04567792127e-05, 3.60969570465e-05, 1.09623742901e-05, 7.46793557482e-06, 1.30958869704e-05, 1.00332408692e-05, 5.22872460351e-06, 3.67302959603e-06, 1.84238524525e-06, 1.32999093694e-06, 7.61565843277e-07, 9.58011810326e-07, 1.20567347039e-06, 5.69712369725e-07, 5.22798245584e-07, 3.86049492818e-07, 2.5942870252e-07, 2.24870774446e-07, 1.86260223245e-07, 1.97647437972e-07, 2.89113017971e-07, 4.05618379773e-07, 6.07483116255e-07, 3.4577419683e-07, 3.32732270181e-07, 3.33948889875e-07, 2.64915883008e-07],
        "dvar": [2.46788999902e-07, 1.51152434569e-07, 6.54306031578e-09, 6.38989448021e-08, 3.12430103122e-07, 3.49013333789e-07, 5.24981260241e-07, 2.59501042876e-08, 2.04276933147e-08, 7.95352050886e-08, 5.2225242797e-08, 2.4504904772e-08, 1.3754587691e-08, 4.68353178462e-08, 3.62430903067e-08, 3.30744498456e-09, 4.64000893263e-10, 1.34844735378e-09, 6.32130792155e-10, 9.24277931968e-10, 2.84001211437e-10, 3.87894438791e-11, 6.89679823668e-12, 1.90002896229e-12, 4.82224460016e-12, 5.67312906721e-12, 1.39184583997e-12, 7.59197999606e-12, 4.23710892761e-12, 2.45424622465e-12, 7.18504249153e-13, 9.94401501246e-13, 5.93926654819e-13, 1.30045431888e-12, 4.36635319914e-12, 2.08091287257e-11, 3.85001796069e-12, 1.49305264333e-12, 1.51572472021e-12, 8.71710472902e-13],
        "dvar2": [4.82992447814e-07, 2.91763967653e-07, 1.64712457007e-08, 1.37926221555e-07, 5.10614029281e-07, 7.35220794468e-07, 1.1392506849e-06, 4.81111577244e-08, 3.48820243801e-08, 1.32101831696e-07, 9.09249422421e-08, 5.06682376056e-08, 1.66652487366e-08, 7.35962828458e-08, 5.38376134784e-08, 4.90621721028e-09, 7.05609126683e-10, 2.27311480749e-09, 1.27225208146e-09, 1.46523670974e-09, 5.35368527288e-10, 6.62072757729e-11, 1.50679382166e-11, 3.9167258846e-12, 1.03670405593e-11, 1.29323184106e-11, 2.44897288212e-12, 1.65677558478e-11, 7.7703433965e-12, 5.74483256105e-12, 1.43446712841e-12, 1.64245754584e-12, 1.12760961592e-12, 2.40063221038e-12, 1.05242134452e-11, 4.59993293456e-11, 4.4380584277e-12, 3.01587661095e-12, 2.9090566761e-12, 1.42413316383e-12],
        "max": [0.0113089010119, 0.00786195229739, 0.00219740346074, 0.0082247313112, 0.0160550549626, 0.0143478745595, 0.0212041400373, 0.00559127982706, 0.00449458369985, 0.0101413615048, 0.00876350793988, 0.00517396675423, 0.00535844964907, 0.00702797947451, 0.0085826292634, 0.00393704883754, 0.000729055260308, 0.00123056559823, 0.000667338550556, 0.00167028873693, 0.000667715736199, 0.000250927841989, 0.000110930843221, 3.46065135091e-05, 7.3672774306e-05, 7.07453073119e-05, 4.48321807198e-05, 0.000102725352917, 8.33639423945e-05, 7.03598707332e-05, 4.60043083876e-05, 5.74312034587e-05, 3.35610457114e-05, 3.76078496629e-05, 8.72942182468e-05, 0.000224571063882, 0.000116722898383, 4.13210909755e-05, 3.64576808352e-05, 3.58128163498e-05],
        "mean": [0.000619857746642, 0.000460324983578, 8.59042047523e-05, 0.000188674210222, 0.000585346133448, 0.00084909790894, 0.00127892394084, 0.000209782374441, 0.000150147767272, 0.000281131651718, 0.000209896505112, 0.000131901630084, 0.000149696323206, 0.00031278442475, 9.04457774595e-05, 2.3570837584e-05, 1.57689191838e-05, 2.70155578619e-05, 2.53383332165e-05, 7.32126227376e-06, 4.27871555075e-06, 2.76392847809e-06, 1.90874743566e-06, 1.07665664473e-06, 1.39013252465e-06, 1.72392901732e-06, 9.96617018245e-07, 5.95801907366e-07, 4.62168742388e-07, 3.01138811665e-07, 2.71800217888e-07, 2.3741066002e-07, 2.36371533902e-07, 3.26557426433e-07, 4.98196754961e-07, 7.39110646464e-07, 5.3864499705e-07, 4.8495695637e-07, 5.15047702265e-07, 4.2963918645e-07],
        "median": [0.000194901513169, 0.000175706591108, 5.56889863219e-05, 4.1469840653e-05, 0.00010226903396, 0.000240137786022, 0.000158250666573, 3.02699663735e-05, 1.76367902895e-05, 2.45780720434e-05, 1.82235144166e-05, 9.34604213398e-06, 4.12214149037e-06, 2.35590596276e-06, 2.09900281334e-06, 1.63033212175e-06, 1.2521966255e-06, 1.77621382136e-06, 1.20204640552e-06, 1.2908926692e-06, 1.06271500044e-06, 6.02966224506e-07, 4.67553689987e-07, 3.63539413684e-07, 3.48869008349e-07, 3.91625889051e-07, 1.92654582065e-07, 1.11529388391e-07, 8.20244494548e-08, 5.62308102303e-08, 3.68645629578e-08, 3.4008404981e-08, 3.28823190898e-08, 3.55530112017e-08, 4.88824198897e-08, 5.90677551315e-08, 6.57381491465e-08, 8.29726758411e-08, 7.77004416364e-08, 6.53407781215e-08],
        "min": [9.66229180012e-24, 1.25034303594e-23, 9.19533742019e-24, 3.53010088047e-24, 5.66868622845e-24, 1.31503941204e-23, 6.08567810295e-24, 6.33291263267e-24, 3.29555281183e-24, 9.54212777387e-24, 1.13794810632e-23, 8.06461969738e-24, 9.72507960615e-24, 3.94909646167e-24, 5.78343590788e-24, 1.1675148497e-23, 1.39023734117e-23, 6.73211766591e-24, 5.66302181272e-24, 5.25362903532e-24, 2.14599748504e-24, 8.64422578116e-24, 4.46959950871e-24, 4.90885027695e-24, 1.31782661539e-23, 1.01290891967e-23, 8.15686830278e-24, 8.9912370159e-24, 5.51523621631e-24, 8.11224638567e-24, 1.26101585067e-23, 1.01665514123e-23, 7.71620981226e-24, 8.25035699752e-24, 1.08921914268e-23, 8.03771322963e-24, 9.98885497133e-24, 8.32289275775e-24, 7.93452785664e-24, 6.69228571222e-24],
        "var": [1.24040161609e-06, 6.74948353208e-07, 1.60221240719e-08, 2.1110567161e-07, 1.99158785108e-06, 2.03889271688e-06, 7.34258173907e-06, 1.71776321167e-07, 1.38584610454e-07, 5.17136868439e-07, 2.86956947093e-07, 1.17539464384e-07, 2.11407567008e-07, 1.11750091492e-06, 3.20491068351e-07, 3.10374019818e-08, 4.05323197228e-09, 7.99288102371e-09, 7.06803016115e-09, 2.25107132934e-09, 4.26312873891e-10, 1.32968622224e-10, 2.11208724121e-11, 6.31002845461e-12, 1.59577021736e-11, 1.88634264459e-11, 8.79524578168e-12, 1.64005788117e-11, 9.92319681287e-12, 4.08560945492e-12, 3.11059750006e-12, 3.87440470331e-12, 2.08252165512e-12, 3.69939235495e-12, 8.72871826901e-12, 4.05876859899e-11, 1.58320336008e-11, 5.00044059978e-12, 5.55562193472e-12, 4.59344801779e-12]
    },
    "mfcc": {
        "mean": [-744.659057617, 147.980056763, 22.1937236786, 1.76971685886, 6.12461328506, -15.7773151398, -5.13446331024, -3.16843914986, -2.6424934864, 5.47674798965, -3.94706559181, -0.638021111488, 5.04699993134],
        "cov": [[5215.68603516, 101.600708008, -617.925170898, -690.992004395, -173.524108887, -56.4057655334, 295.116607666, -44.3101158142, -128.759613037, 149.176651001, -113.836395264, -34.6619224548, 104.334877014], [101.600708008, 1368.96459961, -186.66267395, -39.1043930054, 41.2615089417, 264.950866699, 160.868667603, -145.035873413, 62.0020828247, 27.0955848694, -17.2055454254, -37.9111747742, -67.7395095825], [-617.925170898, -186.66267395, 1051.63879395, 241.240310669, 161.924758911, 42.173160553, -64.8676528931, 159.274902344, 76.2339324951, 49.2905158997, 115.112030029, 87.5245513916, -11.1457920074], [-690.992004395, -39.1043930054, 241.240310669, 539.49029541, 79.2481842041, 9.25060653687, -86.4259490967, 93.4006729126, 68.9771270752, -37.2119255066, 80.3847045898, 83.9676971436, -15.687951088], [-173.524108887, 41.2615089417, 161.924758911, 79.2481842041, 234.192260742, -2.33407521248, 23.3999729156, 54.9596138, 64.3083953857, 24.8915939331, 10.0916137695, 11.9322977066, 17.3878211975], [-56.4057655334, 264.950866699, 42.173160553, 9.25060653687, -2.33407521248, 541.160705566, 193.849609375, -80.2720870972, 46.358543396, 67.8137893677, 1.15059113503, -43.0131187439, -53.2688369751], [295.116607666, 160.868667603, -64.8676528931, -86.4259490967, 23.3999729156, 193.849609375, 242.772674561, -0.222149223089, 24.2980976105, 59.6872406006, -9.51743793488, -14.8969707489, 14.1715841293], [-44.3101158142, -145.035873413, 159.274902344, 93.4006729126, 54.9596138, -80.2720870972, -0.222149223089, 187.605010986, 22.5797290802, 14.5648784637, 31.8568763733, 56.6514625549, 47.6637611389], [-128.759613037, 62.0020828247, 76.2339324951, 68.9771270752, 64.3083953857, 46.358543396, 24.2980976105, 22.5797290802, 144.389404297, 35.3242988586, 10.2913942337, 8.23751354218, 36.1880836487], [149.176651001, 27.0955848694, 49.2905158997, -37.2119255066, 24.8915939331, 67.8137893677, 59.6872406006, 14.5648784637, 35.3242988586, 130.418228149, 23.8417892456, 6.41978359222, 41.0947990417], [-113.836395264, -17.2055454254, 115.112030029, 80.3847045898, 10.0916137695, 1.15059113503, -9.51743793488, 31.8568763733, 10.2913942337, 23.8417892456, 116.288711548, 57.834312439, -0.299627244473], [-34.6619224548, -37.9111747742, 87.5245513916, 83.9676971436, 11.9322977066, -43.0131187439, -14.8969707489, 56.6514625549, 8.23751354218, 6.41978359222, 57.834312439, 121.584968567, 45.8878097534], [104.334877014, -67.7395095825, -11.1457920074, -15.687951088, 17.3878211975, -53.2688369751, 14.1715841293, 47.6637611389, 36.1880836487, 41.0947990417, -0.299627244473, 45.8878097534, 132.93572998]],
