{
"lowlevel": {
    "average_loudness": 0.877504348755,
    "barkbands_crest": {
        "dmean": 2.0722990036,
        "dmean2": 3.03783917427,
        "dvar": 4.20226955414,
        "dvar2": 9.76577091217,
        "max": 25.1226577759,
        "mean": 14.2080249786,
        "median": 13.7776966095,
        "min": 4.48064613342,
        "var": 19.3148498535
    },
    "barkbands_flatness_db": {
        "dmean": 0.0206832382828,
        "dmean2": 0.031440731138,
        "dvar": 0.000631327100564,
        "dvar2": 0.00125780084636,
        "max": 0.634807527065,
        "mean": 0.337263286114,
        "median": 0.328842669725,
        "min": 0.167105615139,
        "var": 0.00334305455908
    },
    "barkbands_kurtosis": {
        "dmean": 4.29793834686,
        "dmean2": 6.33523178101,
        "dvar": 93.0486450195,
        "dvar2": 184.404876709,
        "max": 192.951034546,
        "mean": 9.53649425507,
        "median": 5.08820533752,
        "min": -1.77974152565,
        "var": 263.21875
    },
    "barkbands_skewness": {
        "dmean": 0.505124986172,
        "dmean2": 0.725884318352,
        "dvar": 0.376761734486,
        "dvar2": 0.772848129272,
        "max": 10.7840709686,
        "mean": 1.77895641327,
        "median": 1.62298548222,
        "min": -2.12702488899,
        "var": 2.36669111252
    },
    "barkbands_spread": {
        "dmean": 0.962837457657,
        "dmean2": 1.37055468559,
        "dvar": 1.21788346767,
        "dvar2": 2.49000382423,
        "max": 19.9761199951,
        "mean": 5.15196180344,
        "median": 4.48365783691,
        "min": 0.156591683626,
        "var": 10.9786806107
    },
    "dissonance": {
        "dmean": 0.0347283296287,
        "dmean2": 0.0588240846992,
        "dvar": 0.000998885603622,
        "dvar2": 0.00275173550472,
        "max": 0.499999940395,
        "mean": 0.395959198475,
        "median": 0.402390122414,
        "min": 0.167577341199,
        "var": 0.00293864984997
    },
    "dynamic_complexity": 3.62754392624,
    "erbbands_crest": {
        "dmean": 2.03212738037,
        "dmean2": 2.94138240814,
        "dvar": 3.74795222282,
        "dvar2": 9.01986598969,
        "max": 32.5831031799,
        "mean": 13.7968568802,
        "median": 12.7722263336,
        "min": 3.86774778366,
        "var": 29.8779850006
    },
    "erbbands_flatness_db": {
        "dmean": 0.011575200595,
        "dmean2": 0.0163921844214,
        "dvar": 0.000133381661726,
        "dvar2": 0.00027776954812,
        "max": 0.453048050404,
        "mean": 0.286342889071,
        "median": 0.279113918543,
        "min": 0.151878416538,
        "var": 0.00224079750478
    },
    "erbbands_kurtosis": {
        "dmean": 1.42000579834,
        "dmean2": 2.08238887787,
        "dvar": 7.39269018173,
        "dvar2": 14.7421741486,
        "max": 85.2686843872,
        "mean": 3.14063405991,
        "median": 1.49435091019,
        "min": -1.65876710415,
        "var": 26.3848114014
    },
    "erbbands_skewness": {
        "dmean": 0.304126471281,
        "dmean2": 0.434943467379,
        "dvar": 0.0982589572668,
        "dvar2": 0.197514340281,
        "max": 7.24921560287,
        "mean": 0.892817437649,
        "median": 0.779116392136,
        "min": -2.78762292862,
        "var": 1.04110753536
    },
    "erbbands_spread": {
        "dmean": 2.33754205704,
        "dmean2": 3.3811416626,
        "dvar": 5.9404797554,
        "dvar2": 13.4171047211,
        "max": 51.2943496704,
        "mean": 14.5156974792,
        "median": 12.9561376572,
        "min": 1.51800489426,
        "var": 54.1602783203
    },
    "hfc": {
        "dmean": 2.01970267296,
        "dmean2": 2.80164647102,
        "dvar": 17.7262363434,
        "dvar2": 37.9874000549,
        "max": 128.779708862,
        "mean": 9.70880413055,
        "median": 5.42758512497,
        "min": 0.000297919294098,
        "var": 148.945266724
    },
    "melbands_crest": {
        "dmean": 2.75969934464,
        "dmean2": 4.13171052933,
        "dvar": 7.86698722839,
        "dvar2": 17.3979053497,
        "max": 36.7861938477,
        "mean": 19.0973148346,
        "median": 18.1268138885,
        "min": 6.04892110825,
        "var": 39.9700126648
    },
    "melbands_flatness_db": {
        "dmean": 0.0220601260662,
        "dmean2": 0.0304696001112,
        "dvar": 0.000814507657196,
        "dvar2": 0.00145118345972,
        "max": 0.760312914848,
        "mean": 0.428733676672,
        "median": 0.418591350317,
        "min": 0.206027731299,
        "var": 0.00513501325622
    },
    "melbands_kurtosis": {
        "dmean": 6.59634923935,
        "dmean2": 9.77754211426,
        "dvar": 279.975982666,
        "dvar2": 611.061645508,
        "max": 379.970184326,
        "mean": 14.7483091354,
        "median": 8.393491745,
        "min": -1.73792612553,
        "var": 629.489196777
    },
    "melbands_skewness": {
        "dmean": 0.571806311607,
        "dmean2": 0.81270980835,
        "dvar": 0.544284939766,
        "dvar2": 1.04584097862,
        "max": 13.6016368866,
        "mean": 2.31363224983,
        "median": 2.10656738281,
        "min": -1.70874869823,
        "var": 3.07185578346
    },
    "melbands_spread": {
        "dmean": 1.23391711712,
        "dmean2": 1.75304961205,
        "dvar": 2.33159422874,
        "dvar2": 4.9814953804,
        "max": 31.7170238495,
        "mean": 6.33320903778,
        "median": 4.86843490601,
        "min": 0.154326424003,
        "var": 23.9367771149
    },
    "pitch_salience": {
        "dmean": 0.0545621551573,
        "dmean2": 0.0827564150095,
        "dvar": 0.00343618448824,
        "dvar2": 0.00783623382449,
        "max": 0.785599708557,
        "mean": 0.428708910942,
        "median": 0.432717859745,
        "min": 0.0505366660655,
        "var": 0.0143094817176
    },
    "silence_rate_20dB": {
        "dmean": 0.0154918665066,
        "dmean2": 0.0309957377613,
        "dvar": 0.0152521114796,
        "dvar2": 0.0401091054082,
        "max": 1,
        "mean": 0.989547014236,
        "median": 1,
        "min": 0,
        "var": 0.0103435544297
    },
    "silence_rate_30dB": {
        "dmean": 0.0317583270371,
        "dmean2": 0.0635412633419,
        "dvar": 0.0307488441467,
        "dvar2": 0.0633785277605,
        "max": 1,
        "mean": 0.933797895908,
        "median": 1,
        "min": 0,
        "var": 0.0618173256516
    },
    "silence_rate_60dB": {
        "dmean": 0.00774593325332,
        "dmean2": 0.0154978688806,
        "dvar": 0.00768588157371,
        "dvar2": 0.018357379362,
        "max": 1,
        "mean": 0.0259388312697,
        "median": 0,
        "min": 0,
        "var": 0.0252659637481
    },
    "spectral_centroid": {
        "dmean": 34.3403968811,
        "dmean2": 50.0834350586,
        "dvar": 1751.69921875,
        "dvar2": 3569.90014648,
        "max": 1045.49108887,
        "mean": 407.362701416,
        "median": 393.864990234,
        "min": 89.9592819214,
        "var": 21425.5214844
    },
    "spectral_complexity": {
        "dmean": 1.09217655659,
        "dmean2": 1.87059283257,
        "dvar": 1.03025257587,
        "dvar2": 2.58992481232,
        "max": 19,
        "mean": 8.02826213837,
        "median": 8,
        "min": 0,
        "var": 9.13768672943
    },
    "spectral_decrease": {
        "dmean": 4.29468416385e-09,
        "dmean2": 6.35721031372e-09,
        "dvar": 1.86507125865e-16,
        "dvar2": 4.32917851127e-16,
        "max": -1.80862716839e-13,
        "mean": -1.10328581826e-08,
        "median": -7.28036519959e-09,
        "min": -1.72696900336e-07,
        "var": 2.48483494294e-16
    },
    "spectral_energy": {
        "dmean": 0.0163635201752,
        "dmean2": 0.0242111142725,
        "dvar": 0.00268112076446,
        "dvar2": 0.00622138939798,
        "max": 0.655348360538,
        "mean": 0.0425211302936,
        "median": 0.0281387902796,
        "min": 7.09640858076e-07,
        "var": 0.00360454595648
    },
    "spectral_energyband_high": {
        "dmean": 6.74942157275e-07,
        "dmean2": 1.05691447061e-06,
        "dvar": 1.25821445277e-12,
        "dvar2": 2.95077655886e-12,
        "max": 2.96812777378e-05,
        "mean": 3.10654877467e-06,
        "median": 2.32530464928e-06,
        "min": 4.83324102962e-10,
        "var": 7.83924227615e-12
    },
    "spectral_energyband_low": {
        "dmean": 0.0144619578496,
        "dmean2": 0.0216239970177,
        "dvar": 0.00258882204071,
        "dvar2": 0.00604349048808,
        "max": 0.631444036961,
        "mean": 0.0259349886328,
        "median": 0.0143083948642,
        "min": 8.10062203982e-08,
        "var": 0.00313951051794
    },
    "spectral_energyband_middle_high": {
        "dmean": 0.000693098758347,
        "dmean2": 0.000957354903221,
        "dvar": 7.28232271285e-06,
        "dvar2": 1.58609764185e-05,
        "max": 0.0876933038235,
        "mean": 0.00274804746732,
        "median": 0.000432741711847,
        "min": 3.30868061837e-08,
        "var": 4.30476102338e-05
    },
    "spectral_energyband_middle_low": {
        "dmean": 0.00388017646037,
        "dmean2": 0.00540933990851,
        "dvar": 8.50608121254e-05,
        "dvar2": 0.000180809991434,
        "max": 0.189895361662,
        "mean": 0.0160478856415,
        "median": 0.00998164992779,
        "min": 6.49811397579e-07,
        "var": 0.000355887808837
    },
    "spectral_entropy": {
        "dmean": 0.122604690492,
        "dmean2": 0.17988461256,
        "dvar": 0.0188761409372,
        "dvar2": 0.0377079844475,
        "max": 7.19102716446,
        "mean": 6.01061058044,
        "median": 6.026907444,
        "min": 4.22972249985,
        "var": 0.166835054755
    },
    "spectral_flux": {
        "dmean": 0.0285237710923,
        "dmean2": 0.0482460074127,
        "dvar": 0.00364727969281,
        "dvar2": 0.00946308299899,
        "max": 0.685450971127,
        "mean": 0.0612946040928,
        "median": 0.0437912642956,
        "min": 0.000842401816044,
        "var": 0.0045514004305
    },
    "spectral_kurtosis": {
        "dmean": 11.7034387589,
        "dmean2": 20.8929386139,
        "dvar": 106.590431213,
        "dvar2": 333.576934814,
        "max": 101.258705139,
        "mean": 29.9144458771,
        "median": 25.8224487305,
        "min": 3.36679983139,
        "var": 306.100402832
    },
    "spectral_rms": {
        "dmean": 0.000933111587074,
        "dmean2": 0.00128331186716,
        "dvar": 3.19843547913e-06,
        "dvar2": 6.40004236629e-06,
        "max": 0.02528565377,
        "mean": 0.00573042640463,
        "median": 0.00523951137438,
        "min": 2.63122128672e-05,
        "var": 8.64623507368e-06
    },
    "spectral_rolloff": {
        "dmean": 58.3777236938,
        "dmean2": 99.4476242065,
        "dvar": 11870.1035156,
        "dvar2": 24452.390625,
        "max": 1981.0546875,
        "mean": 399.885131836,
        "median": 322.998046875,
        "min": 64.599609375,
        "var": 68283.40625
    },
    "spectral_skewness": {
        "dmean": 0.787994682789,
        "dmean2": 1.40815603733,
        "dvar": 0.418572723866,
        "dvar2": 1.32139706612,
        "max": 7.89322519302,
        "mean": 3.94446134567,
        "median": 3.76914262772,
        "min": 1.44084012508,
        "var": 1.38387048244
    },
    "spectral_spread": {
        "dmean": 274019.28125,
        "dmean2": 483216.65625,
        "dvar": 60279439360,
        "dvar2": 173467025408,
        "max": 6792658.5,
        "mean": 1843611.875,
        "median": 1804896,
        "min": 717406.375,
        "var": 202011770880
    },
    "spectral_strongpeak": {
        "dmean": 0.299868971109,
        "dmean2": 0.487789988518,
        "dvar": 0.357605159283,
        "dvar2": 0.827681064606,
        "max": 13.2481298447,
        "mean": 0.938769936562,
        "median": 0.421194404364,
        "min": 0,
        "var": 1.45702111721
    },
    "zerocrossingrate": {
        "dmean": 0.00207320973277,
        "dmean2": 0.00259521207772,
        "dvar": 3.91981393477e-06,
        "dvar2": 5.53316021978e-06,
        "max": 0.046875,
        "mean": 0.014828777872,
        "median": 0.013671875,
        "min": 0.001953125,
        "var": 6.10357528785e-05
    },
    "barkbands": {
        "dmean": [0.00226616789587, 0.0111500164494, 0.00115446210839, 0.00208668480627, 0.000913391821086, 0.000531537458301, 0.00117057492025, 0.000279638043139, 0.000243123955443, 0.000446679594461, 0.000173090098542, 0.000177669891855, 0.00010935813043, 2.06075255846e-05, 2.39784676523e-05, 8.64177218318e-06, 7.63446951169e-06, 3.0630785659e-06, 1.75662853508e-06, 6.07680362918e-07, 3.72445924768e-07, 1.64802855807e-07, 1.03470384261e-07, 6.55308127762e-08, 3.74944093551e-08, 1.88878090945e-09, 2.01371586073e-09],
        "dmean2": [0.00381778879091, 0.0164847373962, 0.00173672789242, 0.00311553361826, 0.00152005604468, 0.000704482255969, 0.00141565897502, 0.000358309858711, 0.000344096770277, 0.00059002393391, 0.000238156120759, 0.000275431317277, 0.00015853602963, 3.4380627767e-05, 3.83859478461e-05, 1.36140852192e-05, 1.2694608813e-05, 5.04538684254e-06, 2.92296499538e-06, 9.78803200269e-07, 5.99961651915e-07, 2.72000022505e-07, 1.69807933048e-07, 1.06113141385e-07, 6.13738961874e-08, 3.53364315586e-09, 3.76826436721e-09],
        "dvar": [9.61936384556e-05, 0.00182449421845, 4.47689535577e-06, 6.68587890686e-05, 2.95910285786e-06, 1.3479957488e-06, 6.72945543556e-06, 2.02626370083e-06, 5.28656357801e-07, 1.53067298925e-06, 1.36858477617e-06, 5.24496272192e-06, 9.09152007011e-08, 3.35745760083e-08, 3.99557542607e-09, 3.64188706969e-10, 3.8955913495e-10, 4.9807526159e-11, 1.02375807484e-11, 1.04456580104e-12, 3.70966007478e-13, 5.09222621481e-14, 3.36687939356e-14, 1.22640917875e-14, 7.24206139529e-15, 8.02538323079e-18, 9.14696238643e-18],
        "dvar2": [0.000261071138084, 0.00424285652116, 1.07320847746e-05, 0.000144282807014, 8.83162283571e-06, 1.93404821403e-06, 9.51163383434e-06, 2.29103306992e-06, 1.04746061425e-06, 2.82805376628e-06, 2.89100489681e-06, 1.10303781184e-05, 1.93630384615e-07, 9.38256619065e-08, 1.096108182e-08, 8.50854831036e-10, 9.06528074829e-10, 1.29975252783e-10, 2.73133321516e-11, 2.70429078436e-12, 8.08271960646e-13, 1.3844046081e-13, 9.1359665872e-14, 3.23117488983e-14, 1.98256192821e-14, 2.4409795474e-17, 2.78278182616e-17],
        "max": [0.117624334991, 0.539894998074, 0.034827016294, 0.16057240963, 0.0305723957717, 0.0541486144066, 0.10037510097, 0.0776475965977, 0.0193659011275, 0.037830196321, 0.033305555582, 0.0818341001868, 0.00656443694606, 0.00747492630035, 0.00185188476462, 0.000433518056525, 0.00066554400837, 0.000154143650434, 6.58600329189e-05, 2.56233470282e-05, 2.13106068259e-05, 4.4995308599e-06, 3.87209138353e-06, 2.23808206101e-06, 2.3828531539e-06, 2.92213737652e-08, 3.11959098553e-08],
        "mean": [0.00257872603834, 0.0187839008868, 0.00252313469537, 0.00440375180915, 0.00247610360384, 0.0016803946346, 0.00552326906472, 0.000992851448245, 0.000650849600788, 0.00157431233674, 0.000489860016387, 0.000414178764913, 0.000289223622531, 3.36078337568e-05, 5.67095376027e-05, 1.84197815543e-05, 1.6497227989e-05, 7.22280447008e-06, 4.22012726631e-06, 1.63478387094e-06, 1.12453119527e-06, 5.46433739146e-07, 3.45421483416e-07, 2.45657560072e-07, 1.04563028458e-07, 1.72222858197e-09, 1.78960657404e-09],
        "median": [0.000823593349196, 0.0086566330865, 0.00185977783985, 0.000491255952511, 0.00135848659556, 0.000985535094514, 0.000618552265223, 0.000137536728289, 0.00013559134095, 0.000133822992211, 1.37318493216e-05, 9.55449013418e-06, 4.38541137555e-05, 8.04328010418e-06, 1.93030955415e-05, 8.17094223748e-06, 7.15030228093e-06, 3.07274854094e-06, 2.79844084616e-06, 1.06799916466e-06, 8.05509273505e-07, 4.45117478876e-07, 2.48736057529e-07, 1.43513659623e-07, 3.26350892976e-08, 7.2684891439e-10, 7.08176794983e-10],
        "min": [9.65871757574e-11, 2.36598562964e-09, 2.4229903417e-08, 2.17155040616e-08, 3.71924144815e-08, 4.16274801296e-08, 3.0089415759e-07, 1.35789708366e-08, 9.61964730095e-10, 5.83478509952e-09, 1.78427850273e-09, 7.07549713264e-11, 2.03414196598e-09, 1.10396511377e-10, 2.70872480002e-09, 1.79837394976e-10, 2.89872542636e-10, 6.89712564839e-10, 1.08450283476e-10, 1.07472350463e-10, 5.63529743702e-11, 4.93336031748e-11, 9.51353024137e-11, 9.19333914551e-11, 6.29398685947e-11, 3.27934936151e-11, 4.8886339421e-11],
        "var": [7.97534376034e-05, 0.00227063382044, 7.89150180935e-06, 0.000154058157932, 1.14834483611e-05, 7.25100062482e-06, 0.000115677270514, 2.41808411374e-05, 3.22101618622e-06, 1.29808768179e-05, 6.35559172224e-06, 1.95713673747e-05, 5.38887434232e-07, 3.79455400434e-08, 9.94161553081e-09, 1.05148401097e-09, 1.30937227727e-09, 1.54713991618e-10, 2.51400861934e-11, 3.41034752521e-12, 1.69379581975e-12, 1.7339717173e-13, 1.04151875926e-13, 6.31124316762e-14, 2.67274944581e-14, 8.24325185078e-18, 9.30624842109e-18]
    },
    "erbbands": {
        "dmean": [0.581742405891, 1.62294876575, 1.6266554594, 4.42089939117, 4.3060836792, 2.96466636658, 4.98630475998, 3.27663087845, 16.6204204559, 8.74116134644, 6.25036287308, 7.0190320015, 6.95643424988, 15.5688285828, 6.10337209702, 8.4442949295, 5.53361225128, 1.45609772205, 1.4628008604, 0.580867111683, 0.433926254511, 0.295026868582, 0.205095216632, 0.101057089865, 0.0757573619485, 0.0314846001565, 0.0192249882966, 0.0108169363812, 0.00653460249305, 0.00447899894789, 0.00281179952435, 0.00173574779183, 0.00104305334389, 0.000689420790877, 9.77775052888e-05, 1.30416137836e-05, 6.08659183854e-06, 1.31558965677e-06, 7.26069629309e-06, 1.77184101631e-05],
        "dmean2": [0.901667296886, 2.28081083298, 2.34957504272, 6.76927375793, 6.73096609116, 4.91718006134, 6.20061445236, 4.57275867462, 19.3773822784, 11.6058063507, 8.21265411377, 10.0039730072, 9.38873958588, 20.4516181946, 8.96038532257, 12.3003978729, 8.01644229889, 2.23264765739, 2.36607956886, 0.914224982262, 0.676968872547, 0.487127423286, 0.337882906199, 0.16606156528, 0.127419859171, 0.0507294423878, 0.0314631015062, 0.0175222568214, 0.0107458215207, 0.00747011508793, 0.00461487099528, 0.00288680288941, 0.00171000417322, 0.00112443766557, 0.000159113187692, 2.06442455237e-05, 9.44228668232e-06, 2.33598552768e-06, 1.06559273263e-05, 2.61904388026e-05],
        "dvar": [6.15928602219, 27.9180088043, 9.48246383667, 272.278045654, 169.141708374, 25.2010345459, 91.6195755005, 79.8009719849, 1306.8013916, 582.230895996, 1218.29772949, 447.645080566, 697.092590332, 2418.62646484, 2425.44213867, 10404.1894531, 236.151824951, 86.7336044312, 43.5894966125, 1.30884480476, 0.788343966007, 0.406955093145, 0.207232132554, 0.0361086763442, 0.0186457876116, 0.00275339698419, 0.000972122594249, 0.000386471976526, 9.22253457247e-05, 5.65886730328e-05, 2.14087867789e-05, 8.61873741087e-06, 3.60363196705e-06, 2.35098355006e-06, 4.57701325729e-08, 4.99813856969e-10, 1.66645905408e-10, 3.76311395239e-12, 5.08773689845e-10, 3.10699976858e-09],
        "dvar2": [15.064573288, 66.2601852417, 22.436460495, 618.13470459, 368.358825684, 73.6960220337, 157.729156494, 87.6047210693, 1604.1505127, 1126.61914062, 1389.53125, 872.226257324, 1253.94445801, 4980.13964844, 4548.52148438, 18795.7050781, 490.837768555, 219.335189819, 124.942489624, 3.22341990471, 1.65488350391, 1.02304697037, 0.544765532017, 0.0910518318415, 0.0470771230757, 0.00657272199169, 0.00223234505393, 0.00078140583355, 0.000236581603531, 0.000156081354362, 5.63432186027e-05, 2.30875812122e-05, 9.53467315412e-06, 6.28841416983e-06, 1.22749298725e-07, 1.05626218883e-09, 3.41217443189e-10, 9.79306739868e-12, 1.17120635412e-09, 7.20524884201e-09],
        "max": [31.6476955414, 69.077293396, 48.8740463257, 316.228942871, 229.836654663, 109.629989624, 321.796173096, 526.644775391, 1455.38183594, 776.118713379, 2120.27636719, 527.580505371, 1490.56921387, 1065.3770752, 1754.50463867, 3888.9621582, 317.053131104, 429.243103027, 206.717941284, 27.8074302673, 28.2000331879, 19.3158798218, 9.74645042419, 4.0204668045, 2.401491642, 1.1489661932, 0.625986099243, 0.953547000885, 0.245096936822, 0.169871076941, 0.0805715397, 0.0562996864319, 0.0344284810126, 0.0438223555684, 0.00521672843024, 0.000300983141642, 0.000181094510481, 2.54354872595e-05, 0.000287707080133, 0.000706331280526],
        "mean": [0.858841657639, 2.90380835533, 3.77062129974, 8.92518520355, 10.1580648422, 7.78209400177, 16.9340724945, 11.0109224319, 80.0622024536, 38.7358627319, 21.9335575104, 20.026391983, 23.3666648865, 57.6951408386, 16.4985942841, 20.8432922363, 14.8101196289, 3.56856989861, 3.14901852608, 1.48434698582, 1.08232915401, 0.724007606506, 0.513932645321, 0.266992628574, 0.181999817491, 0.0866139233112, 0.0543910264969, 0.0346691012383, 0.0210129190236, 0.0145346829668, 0.00945689994842, 0.00606327457353, 0.00368824112229, 0.00207581999712, 0.000241949601332, 3.38287609338e-05, 1.50114765347e-05, 2.58180511992e-06, 1.95639659069e-05, 4.66658930236e-05],
        "median": [0.286217242479, 1.69080770016, 2.91470599174, 1.8688429594, 2.7134513855, 4.20627307892, 7.76385688782, 7.34969854355, 12.4933319092, 5.85149097443, 4.70077180862, 4.66167211533, 4.16595363617, 2.80832076073, 1.98570036888, 1.08596801758, 2.06842565536, 1.14916741848, 0.971883296967, 0.77464312315, 0.464051634073, 0.369755506516, 0.255423367023, 0.156668230891, 0.122874453664, 0.0566830560565, 0.0387516580522, 0.0239075683057, 0.0161195732653, 0.0110735306516, 0.00678179459646, 0.00402224762365, 0.00199290295132, 0.000740130024496, 8.57571649249e-05, 2.29244833463e-05, 9.96582002699e-06, 1.61536399901e-06, 1.29864911287e-05, 3.08391317958e-05],
        "min": [3.22290709676e-08, 9.59001567935e-07, 1.93410996872e-05, 0.000226975855185, 8.28383417684e-05, 4.65107950731e-05, 2.72739907814e-05, 0.000524694100022, 0.00404082424939, 0.000653505558148, 0.000307454436552, 3.40593396686e-05, 7.8763536294e-05, 0.000233031751122, 0.000214009836782, 1.43215638673e-05, 0.000126058599562, 5.30577344762e-05, 6.19253260083e-05, 9.68657623162e-05, 1.99667229026e-05, 1.3810834389e-05, 4.52960521216e-05, 8.75850673765e-06, 5.21365609529e-06, 3.99854798161e-06, 2.49894787885e-06, 2.34333697335e-06, 2.03500985663e-06, 2.07623725146e-06, 2.92452318718e-06, 1.68176040916e-06, 1.61868888426e-06, 1.01078285297e-06, 2.99427739492e-07, 1.22084358622e-07, 5.96894196292e-08, 2.46062352716e-08, 6.88236623247e-09, 1.53667634173e-09],
        "var": [7.02917051315, 34.4296073914, 15.5976228714, 547.688354492, 449.856414795, 136.095565796, 909.420654297, 371.563568115, 24907.6308594, 5889.89160156, 13980.4179688, 2737.50463867, 6321.99169922, 17842.15625, 10027.1621094, 45581.1484375, 1381.20324707, 133.437286377, 53.80991745, 5.44150781631, 3.25732135773, 1.67106306553, 0.690850675106, 0.117851287127, 0.0481847189367, 0.0100441249087, 0.00321425567381, 0.00210309843533, 0.00034473426058, 0.000152377586346, 7.64806754887e-05, 3.28880887537e-05, 1.79538892553e-05, 9.48923570832e-06, 1.34669321028e-07, 1.35556033065e-09, 3.38977346193e-10, 9.01377236739e-12, 7.14607040209e-10, 4.22716883719e-09]
    },
    "gfcc": {
        "mean": [-137.777954102, 208.977157593, -99.4922409058, 20.0819549561, -41.8678627014, -1.74477159977, -18.0498275757, -8.91308403015, 5.81561517715, -13.9663534164, 8.90330123901, -14.4108896255, 7.51399755478],
        "cov": [[2916.72119141, 282.657196045, -616.447692871, -673.822021484, -77.7891540527, 224.0834198, 108.776382446, 185.397766113, -160.970718384, 40.9572563171, 181.179550171, 11.8058824539, -51.3228607178], [282.657196045, 242.645935059, 73.6992492676, -112.991371155, 89.7409133911, 49.0250816345, 98.1800384521, 53.6692428589, 34.5041999817, 8.75650691986, -6.05063581467, -5.92184257507, -29.0422878265], [-616.447692871, 73.6992492676, 802.264099121, 430.74597168, 316.601715088, 38.9237480164, 130.052124023, 15.2246770859, 103.001708984, 31.3457145691, -66.0515136719, 6.52286863327, 7.34743595123], [-673.822021484, -112.991371155, 430.74597168, 628.632324219, 227.750198364, 24.3803367615, 0.888898909092, -52.6322364807, 84.5991592407, -4.26737880707, -22.3093013763, 4.27534770966, 41.6225509644], [-77.7891540527, 89.7409133911, 316.601715088, 227.750198364, 346.846252441, 107.01701355, 112.711608887, 59.0726547241, 80.5715408325, 49.6514854431, 18.9979724884, 43.5184249878, 10.5503988266], [224.0834198, 49.0250816345, 38.9237480164, 24.3803367615, 107.01701355, 169.057128906, 84.1909103394, 53.7612991333, 23.1647815704, 47.4833450317, 51.0035896301, 9.21518611908, 9.8452167511], [108.776382446, 98.1800384521, 130.052124023, 0.888898909092, 112.711608887, 84.1909103394, 194.107406616, 86.4665985107, 51.1229553223, 47.1988830566, 29.0552387238, 41.4201431274, 8.93134593964], [185.397766113, 53.6692428589, 15.2246770859, -52.6322364807, 59.0726547241, 53.7612991333, 86.4665985107, 160.014678955, 65.5375747681, 66.6770706177, 73.2663879395, 61.892124176, 39.4575958252], [-160.970718384, 34.5041999817, 103.001708984, 84.5991592407, 80.5715408325, 23.1647815704, 51.1229553223, 65.5375747681, 133.80291748, 66.8821716309, 26.2480964661, 39.1565895081, 34.4905776978], [40.9572563171, 8.75650691986, 31.3457145691, -4.26737880707, 49.6514854431, 47.4833450317, 47.1988830566, 66.6770706177, 66.8821716309, 110.623802185, 90.1696014404, 56.4610290527, 35.7162361145], [181.179550171, -6.05063581467, -66.0515136719, -22.3093013763, 18.9979724884, 51.0035896301, 29.0552387238, 73.2663879395, 26.2480964661, 90.1696014404, 153.242874146, 97.3446960449, 49.4765853882], [11.8058824539, -5.92184257507, 6.52286863327, 4.27534770966, 43.5184249878, 9.21518611908, 41.4201431274, 61.892124176, 39.1565895081, 56.4610290527, 97.3446960449, 125.120483398, 64.7266159058], [-51.3228607178, -29.0422878265, 7.34743595123, 41.6225509644, 10.5503988266, 9.8452167511, 8.93134593964, 39.4575958252, 34.4905776978, 35.7162361145, 49.4765853882, 64.7266159058, 93.664680481]],
        "icov": [[0.000731478969101, -0.000727078237105, 0.000416906812461, 0.000211714068428, -0.000161407122505, -0.00058077002177, 4.05397622671e-05, -0.000685885257553, 0.00113206880633, -1.99378810066e-05, -0.000588639173657, 0.000377160962671, 5.39181710337e-05], [-0.000727078237105, 0.0103396931663, -0.00228472054005, 0.00478560477495, -0.00337785482407, 0.000963364727795, -0.00292851822451, 0.00209647393785, -0.00709135225043, 0.00806410238147, -0.00589749682695, 0.00477779144421, -0.000114658469101], [0.000416906812461, -0.00228472054005, 0.0039234245196, -0.00279969023541, -0.00078182388097, 0.000529980054125, -0.000870509422384, -0.00123708939645, 0.0030699216295, -0.00490886205807, 0.00472521036863, -0.0018721264787, 0.000632004637737], [0.000211714068428, 0.00478560477495, -0.00279969023541, 0.00698878942057, -0.00369442417286, 0.000200938811759, -0.000547178497072, 0.00346588925458, -0.00627297349274, 0.00886509846896, -0.00827019009739, 0.00580648751929, -0.00301353959367], [-0.000161407122505, -0.00337785482407, -0.00078182388097, -0.00369442417286, 0.00882128160447, -0.00410356558859, 0.000904865795746, -0.00190118292812, 0.00180627964437, -0.00440058670938, 0.00578453438357, -0.00700083887205, 0.00351479882374], [-0.00058077002177, 0.000963364727795, 0.000529980054125, 0.000200938811759, -0.00410356558859, 0.0126256654039, -0.00457612983882, 0.000642617349513, -0.000234484803514, 0.000202329378226, -0.00663370778784, 0.00859981030226, -0.00327916210517], [4.05397622671e-05, -0.00292851822451, -0.000870509422384, -0.000547178497072, 0.000904865795746, -0.00457612983882, 0.0112702194601, -0.00393730448559, 0.00152112182695, -0.00343644572422, 0.00553725892678, -0.00645708618686, 0.00267612677999], [-0.000685885257553, 0.00209647393785, -0.00123708939645, 0.00346588925458, -0.00190118292812, 0.000642617349513, -0.00393730448559, 0.0147870788351, -0.00792913045734, 0.00437593692914, -0.00719237839803, 0.00273885787465, -0.00371842319146], [0.00113206880633, -0.00709135225043, 0.0030699216295, -0.00627297349274, 0.00180627964437, -0.000234484803514, 0.00152112182695, -0.00792913045734, 0.0237890146673, -0.0200578924268, 0.014473374933, -0.00741743994877, 0.000353724666638], [-1.99378810066e-05, 0.00806410238147, -0.00490886205807, 0.00886509846896, -0.00440058670938, 0.000202329378226, -0.00343644572422, 0.00437593692914, -0.0200578924268, 0.0417511127889, -0.0299448557198, 0.0138226365671, -0.00437504565343], [-0.000588639173657, -0.00589749682695, 0.00472521036863, -0.00827019009739, 0.00578453438357, -0.00663370778784, 0.00553725892678, -0.00719237839803, 0.014473374933, -0.0299448557198, 0.0418397150934, -0.0267474837601, 0.0061725624837], [0.000377160962671, 0.00477779144421, -0.0018721264787, 0.00580648751929, -0.00700083887205, 0.00859981030226, -0.00645708618686, 0.00273885787465, -0.00741743994877, 0.0138226365671, -0.0267474837601, 0.0346891283989, -0.0137811889872], [5.39181710337e-05, -0.000114658469101, 0.000632004637737, -0.00301353959367, 0.00351479882374, -0.00327916210517, 0.00267612677999, -0.00371842319146, 0.000353724666638, -0.00437504565343, 0.0061725624837, -0.0137811889872, 0.0210209172219]]
    },
    "melbands": {
        "dmean": [0.00396846979856, 0.00121314299759, 0.000750951468945, 0.000251783174463, 0.000144652512972, 7.90926860645e-05, 0.000259341206402, 8.29244745546e-05, 5.05732641614e-05, 4.15150243498e-05, 3.54242110916e-05, 6.60247242195e-05, 1.86277502507e-05, 2.48556698352e-05, 1.46542961375e-05, 9.83397967502e-06, 2.11954261431e-06, 2.35974857787e-06, 1.226983386e-06, 6.86965279328e-07, 5.28199223027e-07, 3.65987801842e-07, 2.91051406975e-07, 1.36634028536e-07, 8.72756302783e-08, 8.12066502931e-08, 2.53882870282e-08, 2.15054196673e-08, 1.45555461017e-08, 9.25552257058e-09, 7.34954230808e-09, 4.35862634873e-09, 3.16493586894e-09, 2.59395416258e-09, 1.93625648848e-09, 1.45159884113e-09, 1.0956348051e-09, 8.80609418719e-10, 7.02795821539e-10, 6.30389740408e-10],
        "dmean2": [0.00604750588536, 0.00171204237267, 0.00113389408216, 0.000416781957028, 0.000185946890269, 0.000108831300167, 0.000306043599267, 0.000112535934022, 6.62928287056e-05, 5.94197299506e-05, 4.75321612612e-05, 8.69763025548e-05, 2.68362782663e-05, 3.48959656549e-05, 2.14618448808e-05, 1.41683849506e-05, 3.36198718287e-06, 3.81867630495e-06, 1.87940224805e-06, 1.0993169326e-06, 8.32286900732e-07, 6.043318308e-07, 4.81489109916e-07, 2.26613806831e-07, 1.44410350345e-07, 1.37121134003e-07, 4.16496774847e-08, 3.50162991936e-08, 2.39344899455e-08, 1.52932226882e-08, 1.18812542027e-08, 7.19828374685e-09, 5.29401278371e-09, 4.36463176712e-09, 3.19967874418e-09, 2.4026372003e-09, 1.83341308801e-09, 1.45210532487e-09, 1.16531073679e-09, 1.03491193393e-09],
        "dvar": [0.000263861293206, 8.50343167258e-06, 7.70010683482e-06, 3.00888245874e-07, 6.88246615255e-08, 3.84853038327e-08, 3.21263712522e-07, 6.01662506483e-08, 7.68775905158e-08, 1.53285277804e-08, 1.74197491987e-08, 4.26359392236e-08, 1.7216946091e-08, 8.76131096561e-08, 1.07551079154e-08, 1.03525898965e-09, 2.778320074e-10, 1.7847649747e-10, 7.29298912927e-12, 2.43712341974e-12, 1.57237319953e-12, 9.53087977464e-13, 2.54095410077e-13, 1.54534412068e-13, 2.77125039903e-14, 2.21472230881e-14, 1.85735648256e-15, 1.33924495757e-15, 6.92762307175e-16, 1.7155892664e-16, 2.67975548825e-16, 3.77988585061e-17, 2.19483508165e-17, 2.11224556426e-17, 9.4619610355e-18, 6.45752069593e-18, 3.23393105397e-18, 2.50048158535e-18, 1.8930681791e-18, 2.16465576923e-18],
        "dvar2": [0.000629696471151, 2.0540517653e-05, 1.68326660059e-05, 7.91905733877e-07, 1.18349525735e-07, 4.47498926803e-08, 4.13879519101e-07, 1.11431290861e-07, 8.35856610593e-08, 3.01394749158e-08, 3.10755225996e-08, 8.62102993437e-08, 3.21215729571e-08, 1.8746372632e-07, 1.8135601465e-08, 2.26492691269e-09, 7.01445512785e-10, 4.95529894895e-10, 1.5435909495e-11, 5.97189008314e-12, 3.19616793969e-12, 2.32491890323e-12, 6.55058201692e-13, 3.92107976947e-13, 7.03407330212e-14, 5.80859619843e-14, 4.47731324468e-15, 3.20695228863e-15, 1.66586732066e-15, 4.20682830781e-16, 4.95285734067e-16, 9.67314140393e-17, 6.09529739579e-17, 5.83171066877e-17, 2.42184636352e-17, 1.77612039148e-17, 8.66050573999e-18, 6.6527220856e-18, 5.2871949596e-18, 5.72724760086e-18],
        "max": [0.203621655703, 0.0439018756151, 0.0536638461053, 0.010877430439, 0.0088043063879, 0.0110370833427, 0.0228170193732, 0.00994715746492, 0.016755040735, 0.00348381861113, 0.00742957461625, 0.00403971970081, 0.0044523132965, 0.0111388489604, 0.00463752122596, 0.000865874812007, 0.00078982982086, 0.000406793638831, 5.7910940086e-05, 3.95108254452e-05, 4.46310659754e-05, 3.2010331779e-05, 9.86840495898e-06, 1.10392466013e-05, 3.76265893465e-06, 2.51722553912e-06, 8.21362846182e-07, 6.99092709056e-07, 6.71435998356e-07, 3.34915057465e-07, 8.72688360687e-07, 1.66389213518e-07, 1.06816266054e-07, 9.39678272971e-08, 5.9683813447e-08, 5.52052341618e-08, 2.98710816082e-08, 2.69023363586e-08, 2.90905823874e-08, 4.20227941333e-08],
        "mean": [0.0062493593432, 0.00252718920819, 0.00162547035143, 0.000633976480458, 0.000501502421685, 0.00024760721135, 0.0012477390701, 0.000353213748895, 0.000165332166944, 0.000115074159112, 0.000116440671263, 0.000243594011408, 5.03437186126e-05, 5.53130739718e-05, 3.64932711818e-05, 2.69890551863e-05, 3.9435585677e-06, 4.55429290014e-06, 3.1880433653e-06, 1.41908560636e-06, 1.22139147152e-06, 7.92434263985e-07, 6.58573185319e-07, 3.11563752575e-07, 1.99425173264e-07, 1.70608203121e-07, 6.78287719325e-08, 5.25603809365e-08, 3.54719311702e-08, 2.44366713531e-08, 1.99944807378e-08, 1.24243619837e-08, 9.17426135061e-09, 7.43136885362e-09, 5.67836400123e-09, 4.29804325464e-09, 3.40997585724e-09, 2.69558797505e-09, 2.13810102956e-09, 1.60776425506e-09],
        "median": [0.00246115657501, 0.0020155585371, 0.000353146489942, 0.000269398704404, 0.000256249390077, 0.000166545811226, 0.00017634347023, 6.23885352979e-05, 2.71249700745e-05, 2.36982177739e-05, 1.59519222507e-05, 1.02968078863e-05, 4.61164199805e-06, 1.38395103022e-06, 2.82013866126e-06, 4.18589479523e-06, 1.01624709714e-06, 1.31503111334e-06, 1.09208258436e-06, 7.03882164999e-07, 4.12286652818e-07, 3.12301011718e-07, 3.12970229288e-07, 1.27565769503e-07, 1.08138230814e-07, 1.1447906445e-07, 4.51561135151e-08, 3.12095700394e-08, 2.26329994746e-08, 1.75386158929e-08, 1.1876606365e-08, 9.14691966614e-09, 7.32059657338e-09, 5.38717470633e-09, 3.99164612475e-09, 2.99489122391e-09, 2.05754657756e-09, 1.38379374626e-09, 9.57010581892e-10, 4.21204238155e-10],
        "min": [4.55310678049e-10, 6.47521503083e-09, 4.50491555171e-08, 4.50087966897e-09, 5.91935778171e-10, 1.09365583256e-08, 7.44489767612e-08, 2.64815347428e-09, 4.69078165199e-10, 1.31214150656e-10, 2.73928407735e-10, 9.65661106633e-10, 4.2631206898e-10, 1.60523296044e-11, 5.09117817349e-11, 2.23904408903e-10, 3.49271583877e-11, 3.82483558714e-11, 2.56125565201e-10, 1.62643440382e-11, 2.61061641055e-11, 1.32918892906e-11, 3.73849527724e-11, 2.46638195978e-11, 5.71190143794e-12, 4.02090687135e-12, 3.6092682662e-12, 2.60474215981e-12, 1.71408243502e-12, 1.46498741957e-12, 1.27766449764e-12, 1.03311315666e-12, 1.04202573219e-12, 1.30954828145e-12, 2.01615286965e-12, 1.04347791258e-12, 1.04140546013e-12, 1.23434205565e-12, 8.68179931158e-13, 8.81566575382e-13],
        "var": [0.000311418727506, 1.08354433905e-05, 1.71130068338e-05, 1.1557980315e-06, 6.99059171438e-07, 1.76378947003e-07, 5.97003645453e-06, 6.01152237323e-07, 8.35284311052e-07, 1.01694396903e-07, 1.60541858918e-07, 3.2328230759e-07, 7.81019124929e-08, 2.7790414947e-07, 5.5309211433e-08, 6.08702510618e-09, 3.74244274459e-10, 1.77943881852e-10, 3.17388823556e-11, 7.29689138973e-12, 6.40174935632e-12, 3.39800626872e-12, 8.75170975186e-13, 3.71249607662e-13, 7.69340578115e-14, 4.62345039912e-14, 5.89595705903e-15, 4.20232061023e-15, 1.81679038065e-15, 5.64558259015e-16, 1.47663063112e-15, 1.36276788308e-16, 5.35902922651e-17, 4.77763209809e-17, 3.18846660189e-17, 1.57607238516e-17, 1.22747853998e-17, 1.01412417545e-17, 7.90394070915e-18, 6.95931947477e-18]
    },
    "mfcc": {
        "mean": [-785.278442383, 223.788131714, 16.1438770294, 27.0605220795, 10.6173124313, 4.04722881317, -3.43029046059, 1.19650673866, 1.76652157307, 4.39320993423, 3.36724042892, 0.775557994843, 0.17709890008],
        "cov": [[2695.7800293, 545.382080078, -762.86517334, -580.839660645, -346.861236572, -149.386154175, 124.345664978, 91.3522338867, -119.577728271, -88.938117981, 33.8662643433, 172.161773682, 187.664352417], [545.382080078, 492.788696289, -83.7869415283, -161.661575317, -43.7400970459, -36.2422294617, 73.0596542358, 78.4036254883, 68.3712387085, 43.7528610229, 51.7642745972, 26.7139606476, 49.9077339172], [-762.86517334, -83.7869415283, 476.787872314, 312.306518555, 196.73588562, 148.696807861, 34.5707130432, 24.4693088531, 77.3644485474, 80.1885910034, 25.0891017914, -39.6128959656, -54.7686576843], [-580.839660645, -161.661575317, 312.306518555, 431.21697998, 254.60345459, 153.80380249, 42.2754592896, 38.5603408813, 59.8104972839, 45.7712364197, 16.7283058167, -14.255405426, -32.7854881287], [-346.861236572, -43.7400970459, 196.73588562, 254.60345459, 293.747375488, 144.021789551, 59.92004776, 50.5095748901, 58.9032440186, 48.2918739319, 36.3331718445, 22.3256702423, -2.52660632133], [-149.386154175, -36.2422294617, 148.696807861, 153.80380249, 144.021789551, 184.909347534, 78.1428833008, 33.6316947937, 33.9861831665, 41.3494949341, 33.5487518311, 19.354341507, -16.5521087646], [124.345664978, 73.0596542358, 34.5707130432, 42.2754592896, 59.92004776, 78.1428833008, 152.773910522, 78.5286636353, 27.7315006256, 24.1795387268, 37.7355537415, 51.0296287537, 55.3444824219], [91.3522338867, 78.4036254883, 24.4693088531, 38.5603408813, 50.5095748901, 33.6316947937, 78.5286636353, 107.464660645, 62.8037796021, 27.2683334351, 37.4549446106, 38.5042419434, 47.0403404236], [-119.577728271, 68.3712387085, 77.3644485474, 59.8104972839, 58.9032440186, 33.9861831665, 27.7315006256, 62.8037796021, 116.316612244, 74.1528778076, 33.2924346924, 3.58844590187, 2.71685218811], [-88.938117981, 43.7528610229, 80.1885910034, 45.7712364197, 48.2918739319, 41.3494949341, 24.1795387268, 27.2683334351, 74.1528778076, 111.228492737, 52.9336929321, 4.68919563293, -3.38380503654], [33.8662643433, 51.7642745972, 25.0891017914, 16.7283058167, 36.3331718445, 33.5487518311, 37.7355537415, 37.4549446106, 33.2924346924, 52.9336929321, 89.0832901001, 56.0839157104, 24.3079738617], [172.161773682, 26.7139606476, -39.6128959656, -14.255405426, 22.3256702423, 19.354341507, 51.0296287537, 38.5042419434, 3.58844590187, 4.68919563293, 56.0839157104, 113.977462769, 89.0513076782], [187.664352417, 49.9077339172, -54.7686576843, -32.7854881287, -2.52660632133, -16.5521087646, 55.3444824219, 47.0403404236, 2.71685218811, -3.38380503654, 24.3079738617, 89.0513076782, 165.947601318]],
