{
"lowlevel": {
    "average_loudness": 0.977021574974,
    "barkbands_crest": {
        "dmean": 3.3138422966,
        "dmean2": 5.54204130173,
        "dvar": 8.94675922394,
        "dvar2": 20.8951339722,
        "max": 23.4025783539,
        "mean": 10.5416107178,
        "median": 9.51867866516,
        "min": 2.16261219978,
        "var": 19.4719486237
    },
    "barkbands_flatness_db": {
        "dmean": 0.0286628864706,
        "dmean2": 0.041423317045,
        "dvar": 0.000625443411991,
        "dvar2": 0.00124576385133,
        "max": 0.338048905134,
        "mean": 0.174539551139,
        "median": 0.175265908241,
        "min": 0.0219272077084,
        "var": 0.00252941786312
    },
    "barkbands_kurtosis": {
        "dmean": 3.68255782127,
        "dmean2": 5.78121805191,
        "dvar": 39.0860061646,
        "dvar2": 88.4812393188,
        "max": 118.693832397,
        "mean": 4.87533283234,
        "median": 1.7662422657,
        "min": -1.82768166065,
        "var": 76.7458496094
    },
    "barkbands_skewness": {
        "dmean": 0.671396970749,
        "dmean2": 1.02699673176,
        "dvar": 0.455321550369,
        "dvar2": 0.889119505882,
        "max": 9.76097869873,
        "mean": 1.65313088894,
        "median": 1.42740094662,
        "min": -1.68948948383,
        "var": 1.79176652431
    },
    "barkbands_spread": {
        "dmean": 6.76962423325,
        "dmean2": 9.85818004608,
        "dvar": 55.3012046814,
        "dvar2": 99.5795974731,
        "max": 88.4236373901,
        "mean": 22.3439483643,
        "median": 18.1417865753,
        "min": 2.12327623367,
        "var": 244.850784302
    },
    "dissonance": {
        "dmean": 0.0191915687174,
        "dmean2": 0.0323550105095,
        "dvar": 0.000411001674365,
        "dvar2": 0.00108707591426,
        "max": 0.49947309494,
        "mean": 0.468465059996,
        "median": 0.475544571877,
        "min": 0.320137679577,
        "var": 0.000650484405924
    },
    "dynamic_complexity": 1.99648880959,
    "erbbands_crest": {
        "dmean": 3.39340996742,
        "dmean2": 5.37315702438,
        "dvar": 10.393907547,
        "dvar2": 23.4410076141,
        "max": 30.6452159882,
        "mean": 9.52716159821,
        "median": 7.71927213669,
        "min": 2.35656619072,
        "var": 31.4710559845
    },
    "erbbands_flatness_db": {
        "dmean": 0.0213886871934,
        "dmean2": 0.0286261700094,
        "dvar": 0.000363457103958,
        "dvar2": 0.000608641246799,
        "max": 0.325077801943,
        "mean": 0.176396071911,
        "median": 0.16758017242,
        "min": 0.0928946435452,
        "var": 0.00184472126421
    },
    "erbbands_kurtosis": {
        "dmean": 1.05507087708,
        "dmean2": 1.68505132198,
        "dvar": 2.19232535362,
        "dvar2": 5.19417905807,
        "max": 15.2446231842,
        "mean": 0.643257439137,
        "median": -0.0506572723389,
        "min": -1.5382604599,
        "var": 4.48708724976
    },
    "erbbands_skewness": {
        "dmean": 0.39506727457,
        "dmean2": 0.60830283165,
        "dvar": 0.110504485667,
        "dvar2": 0.256517708302,
        "max": 2.81016206741,
        "mean": 0.127901747823,
        "median": 0.151177078485,
        "min": -2.58630871773,
        "var": 0.41361746192
    },
    "erbbands_spread": {
        "dmean": 9.72961139679,
        "dmean2": 14.0631580353,
        "dvar": 73.8638153076,
        "dvar2": 153.049987793,
        "max": 114.333007812,
        "mean": 38.8406562805,
        "median": 37.532371521,
        "min": 3.6107070446,
        "var": 352.480834961
    },
    "hfc": {
        "dmean": 11.9828453064,
        "dmean2": 17.5381965637,
        "dvar": 299.342468262,
        "dvar2": 690.259094238,
        "max": 151.350311279,
        "mean": 25.0124912262,
        "median": 15.4829788208,
        "min": 1.1587758796e-16,
        "var": 586.076721191
    },
    "melbands_crest": {
        "dmean": 3.72777843475,
        "dmean2": 5.67585802078,
        "dvar": 12.8587017059,
        "dvar2": 24.6542396545,
        "max": 34.1831054688,
        "mean": 15.0652322769,
        "median": 13.9982852936,
        "min": 1.2497600317,
        "var": 35.2761383057
    },
    "melbands_flatness_db": {
        "dmean": 0.0378420576453,
        "dmean2": 0.0518461763859,
        "dvar": 0.00103722966742,
        "dvar2": 0.00188737316057,
        "max": 0.412159889936,
        "mean": 0.211238414049,
        "median": 0.212316974998,
        "min": 0.00523716770113,
        "var": 0.00541668059304
    },
    "melbands_kurtosis": {
        "dmean": 9.39962673187,
        "dmean2": 14.7545461655,
        "dvar": 281.546875,
        "dvar2": 671.785339355,
        "max": 370.693939209,
        "mean": 15.7448301315,
        "median": 9.23204135895,
        "min": -1.49952578545,
        "var": 468.233215332
    },
    "melbands_skewness": {
        "dmean": 0.929129004478,
        "dmean2": 1.42698121071,
        "dvar": 0.911467909813,
        "dvar2": 1.81968593597,
        "max": 15.1018686295,
        "mean": 2.91550850868,
        "median": 2.71037769318,
        "min": -0.678019821644,
        "var": 3.20348501205
    },
    "melbands_spread": {
        "dmean": 8.44128227234,
        "dmean2": 13.2549819946,
        "dvar": 123.647689819,
        "dvar2": 261.598815918,
        "max": 183.00819397,
        "mean": 22.9733104706,
        "median": 18.326587677,
        "min": 1.15912806988,
        "var": 364.662353516
    },
    "pitch_salience": {
        "dmean": 0.0905758589506,
        "dmean2": 0.145411670208,
        "dvar": 0.00661440705881,
        "dvar2": 0.0152914924547,
        "max": 0.993105649948,
        "mean": 0.553938508034,
        "median": 0.569649219513,
        "min": 0.141010418534,
        "var": 0.0148333581164
    },
    "silence_rate_20dB": {
        "dmean": 0,
        "dmean2": 0,
        "dvar": 0,
        "dvar2": 0,
        "max": 1,
        "mean": 1,
        "median": 1,
        "min": 1,
        "var": 0
    },
    "silence_rate_30dB": {
        "dmean": 0.0717069357634,
        "dmean2": 0.143525734544,
        "dvar": 0.0665652826428,
        "dvar2": 0.147887095809,
        "max": 1,
        "mean": 0.926791250706,
        "median": 1,
        "min": 0,
        "var": 0.0678483843803
    },
    "silence_rate_60dB": {
        "dmean": 0.00701480917633,
        "dmean2": 0.0140405613929,
        "dvar": 0.00696555851027,
        "dvar2": 0.0138433352113,
        "max": 1,
        "mean": 0.0140186911449,
        "median": 0,
        "min": 0,
        "var": 0.0138221029192
    },
    "spectral_centroid": {
        "dmean": 318.698913574,
        "dmean2": 451.870178223,
        "dvar": 147150.65625,
        "dvar2": 287660.6875,
        "max": 11267.8125,
        "mean": 1241.28344727,
        "median": 1065.59790039,
        "min": 278.013061523,
        "var": 534744.875
    },
    "spectral_complexity": {
        "dmean": 6.1013250351,
        "dmean2": 7.87051486969,
        "dvar": 45.6732330322,
        "dvar2": 65.6790008545,
        "max": 61,
        "mean": 22.1090335846,
        "median": 18,
        "min": 0,
        "var": 147.395874023
    },
    "spectral_decrease": {
        "dmean": 4.70237271344e-09,
        "dmean2": 7.37770244896e-09,
        "dvar": 5.18292512108e-17,
        "dvar2": 1.13464510208e-16,
        "max": -4.4128971242e-29,
        "mean": -1.02525046231e-08,
        "median": -7.12934067337e-09,
        "min": -6.41053219397e-08,
        "var": 8.84664900565e-17
    },
    "spectral_energy": {
        "dmean": 0.0185467749834,
        "dmean2": 0.0290306136012,
        "dvar": 0.000775911845267,
        "dvar2": 0.00170097278897,
        "max": 0.246638044715,
        "mean": 0.0409640073776,
        "median": 0.029296323657,
        "min": 1.06769977386e-20,
        "var": 0.00131978199352
    },
    "spectral_energyband_high": {
        "dmean": 0.00099123979453,
        "dmean2": 0.0013875940349,
        "dvar": 3.21692323269e-06,
        "dvar2": 7.38204789741e-06,
        "max": 0.0184967368841,
        "mean": 0.00143111147918,
        "median": 0.000321861094562,
        "min": 7.58931264993e-21,
        "var": 5.74014075028e-06
    },
    "spectral_energyband_low": {
        "dmean": 0.0136960651726,
        "dmean2": 0.0215359162539,
        "dvar": 0.000555117148906,
        "dvar2": 0.00113785779104,
        "max": 0.186814904213,
        "mean": 0.0220351275057,
        "median": 0.00975629780442,
        "min": 2.81546097904e-23,
        "var": 0.000978142372333
    },
    "spectral_energyband_middle_high": {
        "dmean": 0.00355018978007,
        "dmean2": 0.00555476360023,
        "dvar": 2.74618869298e-05,
        "dvar2": 6.51814916637e-05,
        "max": 0.0649194419384,
        "mean": 0.00724185723811,
        "median": 0.00476012472063,
        "min": 1.8535647343e-21,
        "var": 7.11224638508e-05
    },
    "spectral_energyband_middle_low": {
        "dmean": 0.00604000594467,
        "dmean2": 0.0103326011449,
        "dvar": 0.000114586029667,
        "dvar2": 0.000322102278005,
        "max": 0.100089661777,
        "mean": 0.0116724548861,
        "median": 0.00854619406164,
        "min": 2.38409668994e-22,
        "var": 0.000116391056508
    },
    "spectral_entropy": {
        "dmean": 0.216369479895,
        "dmean2": 0.260386347771,
        "dvar": 0.0344503708184,
        "dvar2": 0.0500544384122,
        "max": 9.78497123718,
        "mean": 7.52058029175,
        "median": 7.5289773941,
        "min": 6.14675474167,
        "var": 0.215600773692
    },
    "spectral_flux": {
        "dmean": 0.0420901738107,
        "dmean2": 0.0659723430872,
        "dvar": 0.00286423973739,
        "dvar2": 0.00557007547468,
        "max": 0.417009860277,
        "mean": 0.112477503717,
        "median": 0.092913210392,
        "min": 6.84293871567e-11,
        "var": 0.00496765924618
    },
    "spectral_kurtosis": {
        "dmean": 2.0486574173,
        "dmean2": 3.09958291054,
        "dvar": 5.35568571091,
        "dvar2": 11.662771225,
        "max": 27.9706535339,
        "mean": 3.61666536331,
        "median": 2.48940658569,
        "min": -1.58569383621,
        "var": 14.1538009644
    },
    "spectral_rms": {
        "dmean": 0.00131862517446,
        "dmean2": 0.0020410544239,
        "dvar": 2.65513403974e-06,
        "dvar2": 5.22769505551e-06,
        "max": 0.0155120110139,
        "mean": 0.00582705950364,
        "median": 0.00534619297832,
        "min": 3.22747319322e-12,
        "var": 6.01026613367e-06
    },
    "spectral_rolloff": {
        "dmean": 652.778259277,
        "dmean2": 1084.01831055,
        "dvar": 1276064.25,
        "dvar2": 2706858.25,
        "max": 18647.7539062,
        "mean": 1437.1060791,
        "median": 1012.06054688,
        "min": 64.599609375,
        "var": 3275152.25
    },
    "spectral_skewness": {
        "dmean": 0.296639412642,
        "dmean2": 0.398371219635,
        "dvar": 0.063233576715,
        "dvar2": 0.11434892565,
        "max": 3.77317357063,
        "mean": 1.3863325119,
        "median": 1.34225571156,
        "min": -0.00734748505056,
        "var": 0.333779841661
    },
    "spectral_spread": {
        "dmean": 606544.4375,
        "dmean2": 762586,
        "dvar": 1.49226074931e+12,
        "dvar2": 2.77772160205e+12,
        "max": 43038456,
        "mean": 4193301.5,
        "median": 4015259.75,
        "min": 1515455.625,
        "var": 4.65298259968e+12
    },
    "spectral_strongpeak": {
        "dmean": 0.486263036728,
        "dmean2": 0.82841616869,
        "dvar": 0.718137264252,
        "dvar2": 1.71034657955,
        "max": 8.31766796112,
        "mean": 0.784811854362,
        "median": 0.364431083202,
        "min": 0,
        "var": 1.4093734026
    },
    "zerocrossingrate": {
        "dmean": 0.012797688134,
        "dmean2": 0.0140736978501,
        "dvar": 0.000263122143224,
        "dvar2": 0.000316639227094,
        "max": 0.501953125,
        "mean": 0.0566044971347,
        "median": 0.04345703125,
        "min": 0.00341796875,
        "var": 0.00222994177602
    },
    "barkbands": {
        "dmean": [0.00111936114263, 0.0111550381407, 0.00408910959959, 0.00287333200686, 0.00223746499978, 0.000644936866593, 0.000909430556931, 0.000816876301542, 0.00057823077077, 0.000830593169667, 0.000899612845387, 0.00108806299977, 0.00082399637904, 0.000506970332935, 0.00024748762371, 0.000159993767738, 0.000216635817196, 0.000183925178135, 0.000196502558538, 0.000193527797819, 0.000239540968323, 0.000273039855529, 0.000211092759855, 0.000223867726163, 3.09798306262e-05, 1.63387205987e-08, 2.28277574621e-09],
        "dmean2": [0.00156537478324, 0.0172585062683, 0.00767250685021, 0.00518356170505, 0.00382561050355, 0.0010856364388, 0.00153925828636, 0.00127530319151, 0.000902123807464, 0.00140550581273, 0.00147901684977, 0.00174055283424, 0.00134765228722, 0.000820588553324, 0.000403688085498, 0.000237786123762, 0.000346387823811, 0.000275661906926, 0.000289281160804, 0.0002750401909, 0.00035728115472, 0.000402458012104, 0.000303346925648, 0.000303420209093, 4.50585612271e-05, 2.41708963955e-08, 3.46582540445e-09],
        "dvar": [6.27289682598e-06, 0.000341701495927, 0.000110636952741, 4.59164293716e-05, 1.26789518617e-05, 1.21164737266e-06, 1.71336171206e-06, 5.18700744578e-06, 1.00386364466e-06, 5.07487266077e-06, 3.44337536262e-06, 6.38495248495e-06, 2.1282344278e-06, 7.84592884884e-07, 2.00427649588e-07, 6.46060769327e-08, 1.85453643553e-07, 9.05475516788e-08, 1.12287757759e-07, 1.34598536761e-07, 2.62469114887e-07, 2.64387580273e-07, 1.65721388612e-07, 2.34181669612e-07, 8.97499052854e-09, 2.18331339539e-15, 1.07058495319e-15],
        "dvar2": [1.12213274406e-05, 0.000681325385813, 0.000324448017636, 0.000134011090267, 3.41372433468e-05, 3.26175018017e-06, 4.2457481868e-06, 1.04107793959e-05, 2.11801830119e-06, 1.37912684295e-05, 7.79270976636e-06, 1.54948247655e-05, 5.39104121344e-06, 2.00411227524e-06, 5.14884334279e-07, 1.44149169046e-07, 4.86118779008e-07, 2.13073363398e-07, 2.62803638407e-07, 3.19213228295e-07, 6.65398715682e-07, 6.28988459539e-07, 3.83807247317e-07, 4.51139896995e-07, 2.10110666643e-08, 4.1268957144e-15, 1.07945317639e-15],
        "max": [0.0236446075141, 0.163224115968, 0.0775907486677, 0.0625234469771, 0.0327946133912, 0.0139837730676, 0.0141100920737, 0.041960876435, 0.0149073889479, 0.0299399793148, 0.0225491579622, 0.0466862954199, 0.0223373472691, 0.00870732683688, 0.00374300917611, 0.00356866163202, 0.00432048086077, 0.00272864033468, 0.00339576858096, 0.00364232202992, 0.00717877689749, 0.00402071885765, 0.00449845008552, 0.00787787791342, 0.00191430957057, 1.09565633011e-06, 1.17135141409e-06],
        "mean": [0.00128519546706, 0.0155627634376, 0.00392199074849, 0.00335458503105, 0.00356788025238, 0.00106344860978, 0.00126872234978, 0.0014143922599, 0.000755753135309, 0.00115190935321, 0.00112709356472, 0.00170180771966, 0.00128745287657, 0.000644993735477, 0.000304808927467, 0.000229982018936, 0.000259370135609, 0.000245220406214, 0.00026824962697, 0.000261652749032, 0.000280723004835, 0.000325569912093, 0.000273781683063, 0.000364412990166, 4.22308330599e-05, 2.35625243761e-08, 1.99158578518e-09],
        "median": [5.66055532545e-05, 0.00630474090576, 0.0020196037367, 0.00208151317202, 0.00249401247129, 0.000657709024381, 0.0007023854414, 0.000307316076942, 0.000360242440365, 0.000323047977872, 0.000453187763924, 0.000579467508942, 0.000643091159873, 0.000261611596216, 0.000142364471685, 0.000106429040898, 8.27744806884e-05, 9.64189966908e-05, 9.07310532057e-05, 8.8149055955e-05, 7.08360748831e-05, 7.27688311599e-05, 5.74423174839e-05, 4.03201484005e-05, 7.43963119021e-06, 6.43513065057e-09, 3.3498012697e-10],
        "min": [3.05412035407e-24, 1.14582527689e-23, 6.48631334101e-24, 6.63224314215e-24, 5.07773009285e-23, 2.84077457886e-23, 5.7590828251e-23, 1.68686718534e-23, 4.37632356976e-23, 5.94403157987e-23, 2.29908619889e-23, 4.15722723521e-23, 8.91252210819e-23, 1.18951338778e-22, 1.37211032731e-22, 2.16246767012e-22, 1.39494879715e-22, 2.38529449633e-22, 2.95374867438e-22, 3.77131326182e-22, 3.55201422158e-22, 3.95594786063e-22, 6.89751551289e-22, 6.75396807169e-22, 1.19555326028e-21, 1.66219359153e-21, 2.29742245969e-21],
        "var": [1.00255274447e-05, 0.000574333709665, 6.61473022774e-05, 2.91000214929e-05, 1.36342068799e-05, 1.45767569393e-06, 3.51828066414e-06, 1.67981197592e-05, 1.5234932107e-06, 6.47559954814e-06, 4.2675496843e-06, 1.61506923178e-05, 3.40726614922e-06, 1.0531590533e-06, 1.97737449525e-07, 9.62101225355e-08, 1.87302148902e-07, 1.23627486914e-07, 1.75505775246e-07, 1.89604321577e-07, 2.90719867735e-07, 3.56324022732e-07, 2.52152631219e-07, 8.67670337357e-07, 1.33815616365e-08, 3.13756525542e-15, 1.06975126101e-15]
    },
    "erbbands": {
        "dmean": [0.450880199671, 2.1498529911, 4.34627819061, 7.65774011612, 10.5055456161, 5.71137428284, 5.43640184402, 5.79609727859, 13.1850852966, 14.7766141891, 16.4192447662, 11.601682663, 19.6075839996, 27.3867492676, 39.8024635315, 44.4429626465, 39.9039039612, 26.2141551971, 19.4310779572, 10.2648391724, 8.31134414673, 12.2513952255, 10.312795639, 9.5274553299, 9.95332336426, 9.26852607727, 9.44481372833, 10.0489435196, 9.95159435272, 8.05830192566, 5.83335113525, 4.82483291626, 4.0508928299, 0.814227223396, 0.0312203448266, 0.00151925545651, 0.000136511109304, 2.53238431469e-05, 1.42020126077e-05, 2.24815776164e-05],
        "dmean2": [0.662671685219, 3.60887718201, 8.05057811737, 14.2597370148, 18.5843582153, 9.81572723389, 9.35004138947, 9.82062721252, 23.3791065216, 21.6365070343, 24.3588981628, 18.1070079803, 32.0284729004, 43.0926895142, 63.3268165588, 70.7141265869, 66.0455856323, 42.8263778687, 32.0735931396, 15.7491846085, 12.1802892685, 19.5265216827, 15.5347452164, 14.0915222168, 14.6891212463, 13.2038621902, 13.7233037949, 15.2665090561, 14.8381814957, 11.8418502808, 8.34059810638, 6.45597934723, 5.58144187927, 1.10373353958, 0.042743679136, 0.00204775505699, 0.00017658744764, 3.32058516506e-05, 2.05621854548e-05, 3.46596898453e-05],
        "dvar": [0.843745052814, 11.1967277527, 100.147659302, 428.869598389, 302.175750732, 92.1835861206, 152.102172852, 63.3412666321, 320.732788086, 2111.40478516, 1095.83276367, 313.416564941, 3300.07861328, 5352.69726562, 7050.17626953, 13768.5078125, 6002.33837891, 1874.1036377, 1273.87426758, 325.845855713, 161.538986206, 568.581420898, 272.08795166, 309.891723633, 274.08505249, 310.001159668, 418.282592773, 431.413787842, 373.146820068, 248.41267395, 139.215316772, 147.566513062, 76.6059112549, 4.22818279266, 0.00442402763292, 9.90535409073e-06, 7.50213473566e-08, 2.54913667952e-09, 3.60522306453e-10, 1.0093391678e-09],
        "dvar2": [1.52220737934, 27.5520000458, 291.063476562, 1259.26757812, 841.757995605, 243.689819336, 424.768920898, 168.662979126, 882.010070801, 3552.60327148, 1956.95239258, 728.135498047, 9140.2109375, 9638.66699219, 18167.3378906, 31274.5332031, 15507.0449219, 4740.78369141, 3396.34716797, 829.231689453, 349.730316162, 1494.87390137, 636.824829102, 728.250366211, 634.026000977, 742.271728516, 1052.02978516, 1090.72094727, 914.073547363, 594.037231445, 325.000946045, 289.568145752, 148.166687012, 8.16469573975, 0.00745973363519, 1.65862256836e-05, 1.34723293854e-07, 4.55143833733e-09, 7.35456140433e-10, 2.20519491556e-09],
        "max": [7.63819932938, 24.6110115051, 79.9703445435, 175.51373291, 155.26663208, 97.2696151733, 206.803161621, 72.7965545654, 237.207473755, 897.00592041, 709.833007812, 234.289047241, 870.677307129, 1572.78527832, 1186.35717773, 2243.9230957, 1236.78430176, 447.955108643, 262.795410156, 223.363021851, 126.828712463, 224.058410645, 159.890731812, 194.75982666, 166.353775024, 185.07649231, 304.148864746, 229.895690918, 181.394332886, 150.209350586, 142.764556885, 190.649536133, 147.743789673, 40.3222084045, 1.12025773525, 0.053641051054, 0.00454606395215, 0.000724361801986, 0.000170651532244, 0.00027148751542],
        "mean": [0.560243427753, 2.94897198677, 5.09019041061, 7.6869263649, 13.6981964111, 9.69260883331, 9.64594554901, 10.0934457779, 18.9881401062, 20.9476890564, 29.7269096375, 16.9124069214, 25.0458297729, 43.2487602234, 55.6412773132, 70.7122421265, 62.6980018616, 38.6188926697, 24.8812847137, 14.2495880127, 12.3291425705, 14.6537160873, 13.7895536423, 13.2780361176, 13.687661171, 12.3895111084, 11.65122509, 11.1842041016, 11.6273059845, 9.76184749603, 7.63208293915, 6.88943147659, 6.10494852066, 1.18171513081, 0.0530162751675, 0.00263903010637, 0.000231055062613, 4.21661243308e-05, 3.04162440443e-05, 5.04935305798e-05],
        "median": [0.0789168179035, 1.65201210976, 3.26604032516, 4.09311723709, 9.49243450165, 6.69420433044, 6.76717185974, 6.30779647827, 11.0189628601, 8.01054859161, 6.73837471008, 9.52837562561, 10.1925449371, 12.3328342438, 23.5630207062, 24.8488616943, 33.0230026245, 18.5459785461, 11.6110134125, 7.04608440399, 5.56314754486, 4.62308645248, 5.48135948181, 4.57555675507, 4.79798412323, 3.94412541389, 2.90109038353, 2.7852628231, 2.57421684265, 2.41587877274, 1.42521071434, 0.93890786171, 0.542352318764, 0.183716863394, 0.0117995627224, 0.000573670375161, 5.40690743946e-05, 9.69263601291e-06, 1.82162148121e-05, 3.64346706192e-05],
        "min": [2.204226811e-22, 2.92455440902e-21, 7.68975289425e-21, 2.46793487814e-20, 7.37799611464e-20, 1.60983628993e-19, 1.59423113993e-19, 2.58128637785e-19, 4.9181956854e-19, 4.9712334723e-19, 4.91135128282e-19, 1.08230007067e-18, 1.29272913163e-18, 1.64349517378e-18, 2.00664669464e-18, 1.92183173054e-18, 3.40319205963e-18, 7.73820597444e-18, 6.29949983402e-18, 5.46709640308e-18, 1.25083853406e-17, 9.51158939071e-18, 1.18439434146e-17, 1.79857900685e-17, 1.09381227412e-17, 1.76280824301e-17, 1.50955300184e-17, 1.32661530921e-17, 1.29692986498e-17, 2.04808381112e-17, 1.80108188995e-17, 1.43018005898e-17, 1.34225051171e-17, 1.2639815241e-17, 8.70965433045e-18, 5.3047990174e-18, 3.01440414364e-18, 1.35169511519e-18, 3.50645920016e-19, 3.14163293583e-20],
        "var": [1.34563243389, 15.2468099594, 66.7933731079, 251.152236938, 251.153305054, 105.340232849, 144.769989014, 116.92477417, 745.13861084, 4275.74658203, 5712.05664062, 503.768554688, 2846.05786133, 13199.8613281, 9389.76367188, 32023.8261719, 8271.59375, 2776.57275391, 1309.53955078, 371.57220459, 267.907470703, 575.22442627, 374.841827393, 451.901824951, 435.430450439, 423.983734131, 482.115020752, 466.604614258, 473.403961182, 322.498718262, 214.453826904, 333.755706787, 259.338409424, 9.72556495667, 0.0144517952576, 3.47167442669e-05, 2.49274819453e-07, 7.64818786081e-09, 8.43609571088e-10, 1.74482073234e-09]
    },
    "gfcc": {
        "mean": [-8.53452777863, 133.17237854, -137.950195312, 57.8952903748, -69.7775878906, 34.4954490662, -27.7745609283, -7.86446762085, -10.7279462814, -16.6600856781, 10.7388877869, -18.9837322235, 2.66040706635],
        "cov": [[7615.47070312, -551.39831543, -704.35949707, 534.067932129, -636.723205566, 402.281860352, -148.24621582, 219.726913452, -10.4761896133, -49.9678077698, -88.688117981, 5.07305622101, -15.803155899], [-551.39831543, 1208.88220215, 14.6739730835, -213.882263184, 364.453430176, -205.028915405, 199.015228271, -136.1902771, 101.325294495, 0.20870308578, 112.820632935, -95.5434036255, 18.3147964478], [-704.35949707, 14.6739730835, 487.975646973, 98.4599990845, 94.0064086914, 48.7336425781, -4.51813793182, 55.5337333679, 52.7200965881, 40.1942176819, 23.0208110809, 32.5599403381, 25.3104896545], [534.067932129, -213.882263184, 98.4599990845, 338.706756592, -42.0640907288, 48.7234764099, -5.50146150589, 39.4318351746, 56.3479881287, 32.2278709412, -40.293712616, 19.7104206085, 11.2949504852], [-636.723205566, 364.453430176, 94.0064086914, -42.0640907288, 272.286132812, -32.6406784058, 96.2574157715, -18.0058670044, 62.4333839417, 35.1770439148, 53.0600357056, -36.2939872742, 11.082575798], [402.281860352, -205.028915405, 48.7336425781, 48.7234764099, -32.6406784058, 169.8959198, -3.14882731438, 51.3854598999, -7.90072154999, 20.8250961304, 6.22269678116, 21.9293174744, -2.68046855927], [-148.24621582, 199.015228271, -4.51813793182, -5.50146150589, 96.2574157715, -3.14882731438, 156.068405151, 14.247127533, 51.3253898621, 17.7880859375, 33.079662323, -15.5393695831, 1.73116374016], [219.726913452, -136.1902771, 55.5337333679, 39.4318351746, -18.0058670044, 51.3854598999, 14.247127533, 162.051223755, 59.760925293, 10.564740181, -11.4590339661, -6.48931741714, 5.74639320374], [-10.4761896133, 101.325294495, 52.7200965881, 56.3479881287, 62.4333839417, -7.90072154999, 51.3253898621, 59.760925293, 136.058639526, 35.4379806519, 6.05213689804, -8.68322849274, 7.86535310745], [-49.9678077698, 0.20870308578, 40.1942176819, 32.2278709412, 35.1770439148, 20.8250961304, 17.7880859375, 10.564740181, 35.4379806519, 81.7642059326, 28.8049945831, 8.6310043335, 6.62805366516], [-88.688117981, 112.820632935, 23.0208110809, -40.293712616, 53.0600357056, 6.22269678116, 33.079662323, -11.4590339661, 6.05213689804, 28.8049945831, 74.0731964111, 18.8954200745, 10.2910270691], [5.07305622101, -95.5434036255, 32.5599403381, 19.7104206085, -36.2939872742, 21.9293174744, -15.5393695831, -6.48931741714, -8.68322849274, 8.6310043335, 18.8954200745, 85.1192245483, 29.8704872131], [-15.803155899, 18.3147964478, 25.3104896545, 11.2949504852, 11.082575798, -2.68046855927, 1.73116374016, 5.74639320374, 7.86535310745, 6.62805366516, 10.2910270691, 29.8704872131, 49.9753189087]],
        "icov": [[0.00044324900955, -0.000809305056464, 0.000910575559828, -0.00109810812864, 0.00111825671047, -0.00144887622446, 0.000788831384853, -0.000932924915105, 0.000236954016145, 0.000118536299851, -0.000354974210495, -1.80659717444e-05, 8.89990951691e-06], [-0.000809305056464, 0.00457719992846, -0.00202696095221, 0.00303410878405, -0.00352737051435, 0.00439737783745, -0.00310651771724, 0.00435062870383, -0.00281270383857, 0.00170491053723, -0.0023946990259, 0.00322491372935, -0.00218494050205], [0.000910575559828, -0.00202696095221, 0.00472706882283, -0.00316578079946, 0.000770931364968, -0.00357670430094, 0.00297345849685, -0.00321972439997, 0.000707582978066, -5.95526507823e-05, -0.000730581174139, -0.00173647818156, 0.000341500010109], [-0.00109810812864, 0.00303410878405, -0.00316578079946, 0.00733002182096, -0.00227637449279, 0.00321029359475, -0.0030532348901, 0.00388872600161, -0.00313413096592, -0.00140514178202, 0.00322940968908, 0.000556613027584, -0.00149494968355], [0.00111825671047, -0.00352737051435, 0.000770931364968, -0.00227637449279, 0.0111690862104, -0.00415325164795, -0.000112519534014, -0.00129041273613, -0.000613972020801, -0.00136969739106, -0.00254382705316, 0.00322914752178, -0.00190496118739], [-0.00144887622446, 0.00439737783745, -0.00357670430094, 0.00321029359475, -0.00415325164795, 0.01372110378, -0.00405346695334, 0.00135574385058, 0.000616451143287, -0.00124851195142, -0.00140537985135, -0.000190372316865, 0.00112944433931], [0.000788831384853, -0.00310651771724, 0.00297345849685, -0.0030532348901, -0.000112519534014, -0.00405346695334, 0.012001500465, -0.00377521570772, -0.000727343838662, 0.000353347655619, -0.0024316450581, -0.00123276433442, 0.00170310155954], [-0.000932924915105, 0.00435062870383, -0.00321972439997, 0.00388872600161, -0.00129041273613, 0.00135574385058, -0.00377521570772, 0.0139929633588, -0.0076229958795, 0.00210957368836, -0.000956715375651, 0.00552880438045, -0.00444459263235], [0.000236954016145, -0.00281270383857, 0.000707582978066, -0.00313413096592, -0.000613972020801, 0.000616451143287, -0.000727343838662, -0.0076229958795, 0.015364038758, -0.00545547250658, 0.00358688714914, -0.00323860812932, 0.00202923337929], [0.000118536299851, 0.00170491053723, -5.95526507823e-05, -0.00140514178202, -0.00136969739106, -0.00124851195142, 0.000353347655619, 0.00210957368836, -0.00545547250658, 0.0189344640821, -0.00925408490002, 0.00227422663011, -0.00136391608976], [-0.000354974210495, -0.0023946990259, -0.000730581174139, 0.00322940968908, -0.00254382705316, -0.00140537985135, -0.0024316450581, -0.000956715375651, 0.00358688714914, -0.00925408490002, 0.0271081980318, -0.00979901663959, 0.00202602008358], [-1.80659717444e-05, 0.00322491372935, -0.00173647818156, 0.000556613027584, 0.00322914752178, -0.000190372316865, -0.00123276433442, 0.00552880438045, -0.00323860812932, 0.00227422663011, -0.00979901663959, 0.0240117441863, -0.0138792609796], [8.89990951691e-06, -0.00218494050205, 0.000341500010109, -0.00149494968355, -0.00190496118739, 0.00112944433931, 0.00170310155954, -0.00444459263235, 0.00202923337929, -0.00136391608976, 0.00202602008358, -0.0138792609796, 0.0296534486115]]
    },
    "melbands": {
        "dmean": [0.00345596158877, 0.00227469508536, 0.00141122378409, 0.000563793582842, 0.000202835028176, 0.000129581749206, 0.00019244957366, 0.000170702245669, 0.00013283448061, 7.32312182663e-05, 0.000103218437289, 0.000114384376502, 0.000119673895824, 0.00012566697842, 0.000105488295958, 8.46485490911e-05, 4.95944550494e-05, 3.6638986785e-05, 1.68900569406e-05, 1.19849182738e-05, 1.02877938843e-05, 1.39851117638e-05, 9.19494323171e-06, 9.43118448049e-06, 7.93103208707e-06, 7.99501412985e-06, 6.28979478279e-06, 6.47821298116e-06, 5.96508425588e-06, 6.07809852227e-06, 5.7650695453e-06, 5.7098641264e-06, 5.37989171789e-06, 4.29435067417e-06, 3.41157533512e-06, 3.1977326671e-06, 3.09346410177e-06, 3.01805198433e-06, 2.33712762565e-06, 2.38885633053e-07],
        "dmean2": [0.0052449288778, 0.00402469933033, 0.00258488743566, 0.000975178496446, 0.000346827961039, 0.000218303146539, 0.000338982557878, 0.000242741778493, 0.000201843882678, 0.000114502116048, 0.000168614307768, 0.000181324794539, 0.000191833925783, 0.000203985880944, 0.000169764971361, 0.000140658288728, 8.11235513538e-05, 6.10190691077e-05, 2.68998701358e-05, 1.8402481146e-05, 1.52604425239e-05, 2.27144628298e-05, 1.41282216646e-05, 1.4090294826e-05, 1.19379828902e-05, 1.2269583749e-05, 9.33662431635e-06, 9.44391558733e-06, 8.84618020791e-06, 9.13093299459e-06, 8.97216250451e-06, 8.61041553435e-06, 8.27586245578e-06, 6.38764504401e-06, 5.00155329064e-06, 4.58218391941e-06, 4.19016714659e-06, 4.32094975622e-06, 3.29694466927e-06, 3.36024527314e-07],
        "dvar": [4.00230019295e-05, 1.87498317246e-05, 1.16285782497e-05, 9.19926208098e-07, 1.4231966361e-07, 3.33718901402e-08, 6.5823336115e-08, 2.78408975873e-07, 6.85167265146e-08, 1.25146426555e-08, 9.49948386619e-08, 8.77346906236e-08, 5.42234914747e-08, 8.93948879366e-08, 5.05025177233e-08, 2.12092547969e-08, 7.66443886135e-09, 4.8398258734e-09, 1.05913444681e-09, 4.31507996002e-10, 2.96824065327e-10, 8.43863534605e-10, 2.55866078325e-10, 2.44560260931e-10, 2.34962077572e-10, 1.88609655671e-10, 1.43989833945e-10, 1.64943350645e-10, 1.71942737826e-10, 1.83751111549e-10, 1.48897949526e-10, 1.29440805297e-10, 1.10548833976e-10, 7.49759837548e-11, 4.64904677255e-11, 7.34027699734e-11, 6.83349696273e-11, 4.26496893358e-11, 4.55812124156e-11, 2.9967871175e-13],
        "dvar2": [7.54464927013e-05, 5.19886525581e-05, 3.39167381753e-05, 2.49043250733e-06, 4.0140602664e-07, 8.89678304361e-08, 1.79955193857e-07, 4.84740894535e-07, 1.39036302471e-07, 2.87086869832e-08, 2.64075396217e-07, 1.66224694453e-07, 1.33485443143e-07, 2.27513012874e-07, 1.21520997709e-07, 5.55330217367e-08, 1.95065137376e-08, 1.30313067004e-08, 2.73190581268e-09, 1.0745100365e-09, 6.65576593839e-10, 2.26344587517e-09, 6.20277051944e-10, 5.79425896152e-10, 5.5492238582e-10, 4.58471122178e-10, 3.39806793814e-10, 4.0242106869e-10, 4.34490388113e-10, 4.72684169583e-10, 3.76200653962e-10, 3.14249515299e-10, 2.76088207851e-10, 1.79163711644e-10, 1.08794688536e-10, 1.72010544697e-10, 1.29074681499e-10, 9.04803176827e-11, 9.19966255952e-11, 6.87503710645e-13],
        "max": [0.0551382675767, 0.0377339348197, 0.0296491421759, 0.00927863363177, 0.00595250306651, 0.00187704898417, 0.00312695465982, 0.0107057709247, 0.00480262748897, 0.00128461292479, 0.00463804928586, 0.00608043698594, 0.0029859195929, 0.00464042602107, 0.00421399530023, 0.00202215532772, 0.00101172248833, 0.000550510943867, 0.000366619380657, 0.000321071536746, 0.000194563806872, 0.000280942767859, 0.000154911162099, 0.000152326552779, 0.000165956560522, 0.000122025274322, 0.000161752745043, 0.000138328730827, 0.000187817015103, 0.000207213743124, 0.00011418806389, 0.000111711109639, 9.86322484096e-05, 8.64823814481e-05, 9.32632392505e-05, 0.000135926296934, 0.000142939607031, 0.000106702980702, 0.000105056344182, 1.09887214421e-05],
        "mean": [0.00456179212779, 0.00318751228042, 0.0016281666467, 0.000826582428999, 0.000378133874619, 0.000221984664677, 0.000277425424429, 0.000246305338806, 0.000233786122408, 9.84146172414e-05, 0.000126098297187, 0.000173736334546, 0.000159568269737, 0.000190173901501, 0.000155157584231, 0.000131491702632, 6.39578938717e-05, 4.42299351562e-05, 2.10556991078e-05, 1.70767452801e-05, 1.38641798912e-05, 1.60113231686e-05, 1.17989766295e-05, 1.2261514712e-05, 1.0509547792e-05, 1.04724022094e-05, 8.8058422989e-06, 8.17234467831e-06, 7.17591638022e-06, 6.96140068612e-06, 6.25193069936e-06, 6.60293653709e-06, 6.19582078798e-06, 5.11246844326e-06, 4.34082039646e-06, 4.13152929468e-06, 4.25526104664e-06, 4.61112222183e-06, 2.91366632155e-06, 3.85604977282e-07],
        "median": [0.00125300115906, 0.00210114289075, 0.00102308648638, 0.000540863838978, 0.000279619096546, 0.000141070078826, 0.000161731994012, 8.16065148683e-05, 5.6695243984e-05, 5.39520988241e-05, 4.73244690511e-05, 4.29096035077e-05, 6.74242182868e-05, 6.63098617224e-05, 6.49038338452e-05, 5.72632779949e-05, 2.70566215477e-05, 1.90696409845e-05, 9.24516461964e-06, 8.07246033219e-06, 5.69892745261e-06, 4.96886377732e-06, 4.35483889305e-06, 4.52080121249e-06, 3.57304043064e-06, 3.394495252e-06, 3.2623295283e-06, 2.43383010456e-06, 1.72574823409e-06, 1.74844626599e-06, 1.47210812429e-06, 1.40283964356e-06, 1.47543846651e-06, 1.28946589939e-06, 8.01116982529e-07, 6.71533257446e-07, 5.11429220751e-07, 3.9288548237e-07, 3.00683524301e-07, 9.87698598465e-08],
        "min": [3.34335107737e-24, 4.06954013911e-24, 6.23342031201e-24, 1.16550372771e-23, 6.05565563462e-24, 6.2194381469e-24, 8.71176962959e-24, 4.6966384104e-24, 5.06691433652e-24, 6.2325912192e-24, 6.50060513403e-24, 7.50510116769e-24, 4.97167673716e-24, 5.8900851691e-24, 6.36273630806e-24, 8.59875978289e-24, 1.48823895138e-23, 8.96816204556e-24, 8.26138685069e-24, 1.01688264871e-23, 1.33272243921e-23, 8.55344445705e-24, 1.15722195038e-23, 1.04719431345e-23, 1.55567456809e-23, 9.88816555425e-24, 9.17799510205e-24, 1.1532740171e-23, 9.29073436945e-24, 7.14584602285e-24, 7.175381764e-24, 6.60967383165e-24, 8.4387306708e-24, 1.2338400658e-23, 9.32908484236e-24, 8.49550577901e-24, 8.91020364599e-24, 8.91625815344e-24, 1.06085351891e-23, 1.05368592872e-23],
        "var": [6.57873388263e-05, 1.74545966729e-05, 7.1456211117e-06, 8.7278101546e-07, 1.61366500606e-07, 5.77149457115e-08, 1.4878966681e-07, 6.38858978164e-07, 3.14996128736e-07, 1.71238010438e-08, 7.96290819949e-08, 2.14890988559e-07, 6.85548471324e-08, 2.01870335559e-07, 8.31435968962e-08, 3.7296103983e-08, 9.98586813239e-09, 4.93754104269e-09, 1.04924358091e-09, 5.33741495445e-10, 4.33106023268e-10, 7.8698758621e-10, 3.12925102497e-10, 3.325923148e-10, 3.25664523126e-10, 2.58755072924e-10, 2.08703582194e-10, 2.05874775561e-10, 1.91772181468e-10, 1.9015679309e-10, 1.56544388563e-10, 1.62665436676e-10, 1.31743699283e-10, 9.4266545958e-11, 6.79679437732e-11, 1.02331192131e-10, 1.50587917136e-10, 1.39785044651e-10, 8.3338468071e-11, 6.69176302912e-13]
    },
    "mfcc": {
        "mean": [-625.520202637, 127.100074768, 8.18779754639, 18.0681972504, 2.79491233826, 20.6972541809, 8.42947483063, 7.67109537125, -7.90216064453, 2.27334022522, -0.31517547369, 4.80906057358, -1.66517591476],
        "cov": [[4903.54150391, -1301.21020508, -3.97344470024, -63.9301795959, -199.11126709, 30.5220680237, -99.7345123291, 198.501739502, 92.3699264526, 80.4726333618, -4.93410730362, 5.01889753342, -64.5330123901], [-1301.21020508, 1492.26293945, -252.864776611, 81.6021728516, 70.9163665771, 34.2195167542, 117.455307007, -67.3803634644, -31.3988399506, 45.8314094543, 74.5788955688, 15.8506479263, 61.3394317627], [-3.97344470024, -252.864776611, 407.224517822, 55.0470085144, 87.6121292114, 17.6919784546, -21.2799396515, 35.4587783813, 51.4986495972, -17.4281597137, -6.24614715576, 40.3925247192, 19.7177257538], [-63.9301795959, 81.6021728516, 55.0470085144, 265.806427002, 33.2892036438, 51.683139801, -20.1151180267, 2.464168787, 54.9755210876, 28.2548141479, 29.9518165588, 15.866435051, -2.40740585327], [-199.11126709, 70.9163665771, 87.6121292114, 33.2892036438, 164.496154785, 10.442949295, 14.431520462, 5.87575006485, 29.1408081055, 34.1582183838, 12.9074296951, 26.3511333466, 8.78480243683], [30.5220680237, 34.2195167542, 17.6919784546, 51.683139801, 10.442949295, 145.765335083, 24.9534893036, -9.19112491608, -0.307959884405, -16.4499263763, 36.6681518555, 11.7653331757, 3.08407258987], [-99.7345123291, 117.455307007, -21.2799396515, -20.1151180267, 14.431520462, 24.9534893036, 124.453384399, 8.23614692688, -11.0137901306, 27.1892375946, 11.0815591812, 7.12688922882, 17.9986763], [198.501739502, -67.3803634644, 35.4587783813, 2.464168787, 5.87575006485, -9.19112491608, 8.23614692688, 93.7940216064, 40.9006080627, 28.7930030823, -1.69695901871, 14.5406608582, 18.8081855774], [92.3699264526, -31.3988399506, 51.4986495972, 54.9755210876, 29.1408081055, -0.307959884405, -11.0137901306, 40.9006080627, 101.290405273, 46.3795394897, 27.1044540405, 16.0865917206, 11.9560241699], [80.4726333618, 45.8314094543, -17.4281597137, 28.2548141479, 34.1582183838, -16.4499263763, 27.1892375946, 28.7930030823, 46.3795394897, 136.308547974, 31.611289978, 15.7248296738, -13.3080034256], [-4.93410730362, 74.5788955688, -6.24614715576, 29.9518165588, 12.9074296951, 36.6681518555, 11.0815591812, -1.69695901871, 27.1044540405, 31.611289978, 88.4195404053, 20.7604026794, 10.4779729843], [5.01889753342, 15.8506479263, 40.3925247192, 15.866435051, 26.3511333466, 11.7653331757, 7.12688922882, 14.5406608582, 16.0865917206, 15.7248296738, 20.7604026794, 64.822479248, 24.33111763], [-64.5330123901, 61.3394317627, 19.7177257538, -2.40740585327, 8.78480243683, 3.08407258987, 17.9986763, 18.8081855774, 11.9560241699, -13.3080034256, 10.4779729843, 24.33111763, 83.9079208374]],
