{
"lowlevel": {
    "average_loudness": 0.978831112385,
    "barkbands_crest": {
        "dmean": 1.91998696327,
        "dmean2": 3.16563391685,
        "dvar": 3.35368967056,
        "dvar2": 9.37744045258,
        "max": 21.771484375,
        "mean": 9.18632888794,
        "median": 8.70311641693,
        "min": 3.73444366455,
        "var": 7.17495727539
    },
    "barkbands_flatness_db": {
        "dmean": 0.0174327846617,
        "dmean2": 0.0260256268084,
        "dvar": 0.000247174932156,
        "dvar2": 0.000486912525957,
        "max": 0.331908524036,
        "mean": 0.211335450411,
        "median": 0.209239676595,
        "min": 0.105582796037,
        "var": 0.00149422162212
    },
    "barkbands_kurtosis": {
        "dmean": 1.18235111237,
        "dmean2": 1.89700174332,
        "dvar": 1.84539222717,
        "dvar2": 4.60722303391,
        "max": 22.2644481659,
        "mean": 2.59200143814,
        "median": 1.98434305191,
        "min": -1.08033061028,
        "var": 6.42225074768
    },
    "barkbands_skewness": {
        "dmean": 0.31789919734,
        "dmean2": 0.496560513973,
        "dvar": 0.0922521948814,
        "dvar2": 0.227728202939,
        "max": 3.27199029922,
        "mean": 1.0311344862,
        "median": 1.00817906857,
        "min": -0.727767288685,
        "var": 0.323877632618
    },
    "barkbands_spread": {
        "dmean": 1.64860522747,
        "dmean2": 2.53922152519,
        "dvar": 2.95449280739,
        "dvar2": 6.68726825714,
        "max": 46.9752082825,
        "mean": 10.4252157211,
        "median": 10.1515026093,
        "min": 2.64789938927,
        "var": 15.607170105
    },
    "dissonance": {
        "dmean": 0.02821845375,
        "dmean2": 0.0470218397677,
        "dvar": 0.000598546175752,
        "dvar2": 0.00149736460298,
        "max": 0.499511212111,
        "mean": 0.436315208673,
        "median": 0.442236572504,
        "min": 0.301546990871,
        "var": 0.00126179249492
    },
    "dynamic_complexity": 1.288828969,
    "erbbands_crest": {
        "dmean": 2.31397271156,
        "dmean2": 3.63956403732,
        "dvar": 4.05399417877,
        "dvar2": 9.87164592743,
        "max": 27.6537265778,
        "mean": 11.4647922516,
        "median": 10.967707634,
        "min": 2.93867588043,
        "var": 16.949552536
    },
    "erbbands_flatness_db": {
        "dmean": 0.0153275057673,
        "dmean2": 0.0212165173143,
        "dvar": 0.000223118287977,
        "dvar2": 0.000411505810916,
        "max": 0.333081394434,
        "mean": 0.232466846704,
        "median": 0.23333452642,
        "min": 0.142053797841,
        "var": 0.00108064408414
    },
    "erbbands_kurtosis": {
        "dmean": 1.16007971764,
        "dmean2": 1.80502915382,
        "dvar": 1.45562291145,
        "dvar2": 3.44802641869,
        "max": 16.8651790619,
        "mean": 2.61864995956,
        "median": 2.12160015106,
        "min": -1.6377325058,
        "var": 5.53208255768
    },
    "erbbands_skewness": {
        "dmean": 0.268436402082,
        "dmean2": 0.418265581131,
        "dvar": 0.050880048424,
        "dvar2": 0.130731955171,
        "max": 3.45644569397,
        "mean": 0.97218555212,
        "median": 0.880057692528,
        "min": -0.756417632103,
        "var": 0.302636533976
    },
    "erbbands_spread": {
        "dmean": 3.68167495728,
        "dmean2": 5.51391029358,
        "dvar": 15.2628879547,
        "dvar2": 33.2183609009,
        "max": 78.8936767578,
        "mean": 18.3946113586,
        "median": 16.5995578766,
        "min": 4.45763540268,
        "var": 63.8154754639
    },
    "hfc": {
        "dmean": 4.57313489914,
        "dmean2": 6.88320064545,
        "dvar": 32.6536636353,
        "dvar2": 71.3567581177,
        "max": 80.4888305664,
        "mean": 19.7770824432,
        "median": 17.6903324127,
        "min": 0.000233702434343,
        "var": 99.1805267334
    },
    "melbands_crest": {
        "dmean": 2.31455874443,
        "dmean2": 3.78552174568,
        "dvar": 4.33849048615,
        "dvar2": 11.3572750092,
        "max": 26.8244171143,
        "mean": 11.9228916168,
        "median": 11.2841434479,
        "min": 4.86990356445,
        "var": 13.0496482849
    },
    "melbands_flatness_db": {
        "dmean": 0.0184461865574,
        "dmean2": 0.026435399428,
        "dvar": 0.000389971770346,
        "dvar2": 0.000706859049387,
        "max": 0.428375869989,
        "mean": 0.258403658867,
        "median": 0.255749076605,
        "min": 0.119261212647,
        "var": 0.00298461248167
    },
    "melbands_kurtosis": {
        "dmean": 1.93545389175,
        "dmean2": 3.08452892303,
        "dvar": 5.73686122894,
        "dvar2": 14.6221456528,
        "max": 26.248456955,
        "mean": 4.21897745132,
        "median": 3.27167749405,
        "min": -1.20767009258,
        "var": 14.2520675659
    },
    "melbands_skewness": {
        "dmean": 0.385766655207,
        "dmean2": 0.605617344379,
        "dvar": 0.150129973888,
        "dvar2": 0.371094375849,
        "max": 4.3265838623,
        "mean": 1.35163843632,
        "median": 1.25620472431,
        "min": -0.342041105032,
        "var": 0.454519897699
    },
    "melbands_spread": {
        "dmean": 2.03869891167,
        "dmean2": 3.26798295975,
        "dvar": 4.27938747406,
        "dvar2": 10.3998937607,
        "max": 44.3793029785,
        "mean": 13.1335487366,
        "median": 12.7147502899,
        "min": 3.75390529633,
        "var": 23.869764328
    },
    "pitch_salience": {
        "dmean": 0.0581754855812,
        "dmean2": 0.0953666195273,
        "dvar": 0.002824526513,
        "dvar2": 0.00778346462175,
        "max": 0.899080812931,
        "mean": 0.575231492519,
        "median": 0.575817346573,
        "min": 0.267595410347,
        "var": 0.00700291525573
    },
    "silence_rate_20dB": {
        "dmean": 0,
        "dmean2": 0,
        "dvar": 0,
        "dvar2": 0,
        "max": 1,
        "mean": 1,
        "median": 1,
        "min": 1,
        "var": 0
    },
    "silence_rate_30dB": {
        "dmean": 0,
        "dmean2": 0,
        "dvar": 0,
        "dvar2": 0,
        "max": 1,
        "mean": 1,
        "median": 1,
        "min": 1,
        "var": 0
    },
    "silence_rate_60dB": {
        "dmean": 0.000774593325332,
        "dmean2": 0.00154978688806,
        "dvar": 0.000773989362642,
        "dvar2": 0.00154736766126,
        "max": 1,
        "mean": 0.0100658144802,
        "median": 0,
        "min": 0,
        "var": 0.00996426492929
    },
    "spectral_centroid": {
        "dmean": 71.9353179932,
        "dmean2": 112.810546875,
        "dvar": 6707.1171875,
        "dvar2": 15486.0087891,
        "max": 2083.0065918,
        "mean": 671.261047363,
        "median": 640.06463623,
        "min": 301.513671875,
        "var": 41559.9335938
    },
    "spectral_complexity": {
        "dmean": 2.79550743103,
        "dmean2": 4.31034469604,
        "dvar": 8.03406906128,
        "dvar2": 17.4468517303,
        "max": 43,
        "mean": 18.2651958466,
        "median": 17,
        "min": 0,
        "var": 23.1487922668
    },
    "spectral_decrease": {
        "dmean": 2.8505582339e-09,
        "dmean2": 4.66897454032e-09,
        "dvar": 1.33626056602e-17,
        "dvar2": 3.46448089043e-17,
        "max": -1.13436630965e-13,
        "mean": -1.0728075317e-08,
        "median": -9.9323349545e-09,
        "min": -3.29911102881e-08,
        "var": 1.86667830514e-17
    },
    "spectral_energy": {
        "dmean": 0.0111267669126,
        "dmean2": 0.0181626677513,
        "dvar": 0.000199975896976,
        "dvar2": 0.000516630359925,
        "max": 0.126864984632,
        "mean": 0.0422840639949,
        "median": 0.0392434298992,
        "min": 4.49333896313e-07,
        "var": 0.000286595954094
    },
    "spectral_energyband_high": {
        "dmean": 8.09039993328e-05,
        "dmean2": 0.000110990178655,
        "dvar": 4.46693029232e-08,
        "dvar2": 6.75710793985e-08,
        "max": 0.00966881308705,
        "mean": 0.000192581253941,
        "median": 7.87110693636e-05,
        "min": 5.66927882417e-09,
        "var": 1.4795620018e-07
    },
    "spectral_energyband_low": {
        "dmean": 0.00651343539357,
        "dmean2": 0.0111275482923,
        "dvar": 0.000138689269079,
        "dvar2": 0.000371401052689,
        "max": 0.0986485481262,
        "mean": 0.0127655407414,
        "median": 0.00972149055451,
        "min": 1.07180490261e-07,
        "var": 0.000132880013552
    },
    "spectral_energyband_middle_high": {
        "dmean": 0.00220116809942,
        "dmean2": 0.00340267783031,
        "dvar": 1.21423036035e-05,
        "dvar2": 2.80775002466e-05,
        "max": 0.039083186537,
        "mean": 0.00714773638174,
        "median": 0.00472234841436,
        "min": 4.54111557247e-08,
        "var": 3.92317015212e-05
    },
    "spectral_energyband_middle_low": {
        "dmean": 0.00607453286648,
        "dmean2": 0.00968940462917,
        "dvar": 4.66113378934e-05,
        "dvar2": 0.000121664277685,
        "max": 0.0838742107153,
        "mean": 0.0236498937011,
        "median": 0.0212316662073,
        "min": 2.95591462418e-07,
        "var": 0.000135839844006
    },
    "spectral_entropy": {
        "dmean": 0.158736810088,
        "dmean2": 0.20996709168,
        "dvar": 0.0264467410743,
        "dvar2": 0.043971914798,
        "max": 8.08335590363,
        "mean": 6.95389556885,
        "median": 6.95857954025,
        "min": 5.81419849396,
        "var": 0.15768738091
    },
    "spectral_flux": {
        "dmean": 0.0268776472658,
        "dmean2": 0.0394363366067,
        "dvar": 0.000924868683796,
        "dvar2": 0.00161300820764,
        "max": 0.262411892414,
        "mean": 0.0861725509167,
        "median": 0.071792550385,
        "min": 0.000670323730446,
        "var": 0.00188661937136
    },
    "spectral_kurtosis": {
        "dmean": 5.02910423279,
        "dmean2": 8.58279895782,
        "dvar": 40.9008598328,
        "dvar2": 107.853034973,
        "max": 91.4364547729,
        "mean": 10.4652557373,
        "median": 7.75758934021,
        "min": -0.802618265152,
        "var": 93.9208297729
    },
    "spectral_rms": {
        "dmean": 0.000792506500147,
        "dmean2": 0.00127056345809,
        "dvar": 8.25680785965e-07,
        "dvar2": 2.08764458876e-06,
        "max": 0.0111252292991,
        "mean": 0.00628831144422,
        "median": 0.00618759030476,
        "min": 2.0937395675e-05,
        "var": 1.70991847881e-06
    },
    "spectral_rolloff": {
        "dmean": 72.3218307495,
        "dmean2": 125.169021606,
        "dvar": 25312.2148438,
        "dvar2": 53083.3828125,
        "max": 5340.234375,
        "mean": 715.90435791,
        "median": 732.12890625,
        "min": 193.798828125,
        "var": 59746.4414062
    },
    "spectral_skewness": {
        "dmean": 0.422539770603,
        "dmean2": 0.700157880783,
        "dvar": 0.196590915322,
        "dvar2": 0.493924677372,
        "max": 7.30370330811,
        "mean": 2.33389759064,
        "median": 2.21222519875,
        "min": 0.277057766914,
        "var": 0.668765068054
    },
    "spectral_spread": {
        "dmean": 310867,
        "dmean2": 446726.65625,
        "dvar": 113114275840,
        "dvar2": 171023073280,
        "max": 13468981,
        "mean": 2863248,
        "median": 2818306.5,
        "min": 809386.5,
        "var": 694374694912
    },
    "spectral_strongpeak": {
        "dmean": 0.606791496277,
        "dmean2": 1.03268814087,
        "dvar": 0.720558047295,
        "dvar2": 1.72536706924,
        "max": 8.69680404663,
        "mean": 1.34394979477,
        "median": 0.67800951004,
        "min": 0.00183117459528,
        "var": 1.58633184433
    },
    "zerocrossingrate": {
        "dmean": 0.00342818070203,
        "dmean2": 0.00440607126802,
        "dvar": 1.05787557914e-05,
        "dvar2": 1.50938603838e-05,
        "max": 0.11572265625,
        "mean": 0.0303770303726,
        "median": 0.02880859375,
        "min": 0.0087890625,
        "var": 0.000107216386823
    },
    "barkbands": {
        "dmean": [0.000207774908631, 0.00452615786344, 0.00235826009884, 0.000992180779576, 0.00256576132961, 0.00221876031719, 0.00159756443463, 0.0018183690263, 0.00133452995215, 0.00170202739537, 0.000432257860666, 0.000308967952151, 0.000244302558713, 0.000189301936189, 0.000157117596245, 0.000129911306431, 9.3788090453e-05, 5.89322808082e-05, 3.52398492396e-05, 3.36718039762e-05, 2.96951748169e-05, 2.3002130547e-05, 1.72110812855e-05, 1.33854646265e-05, 2.33493574342e-06, 3.76594222473e-09, 2.75033018582e-09],
        "dmean2": [0.000331724178977, 0.00804824382067, 0.0039542792365, 0.00170037290081, 0.00428025005385, 0.0035227148328, 0.00264136423357, 0.00282618100755, 0.00192989245988, 0.00264249346219, 0.0006697254139, 0.000485566968564, 0.000389474997064, 0.000307491689455, 0.000249446049565, 0.000206034557777, 0.000150921812747, 9.70358159975e-05, 5.60211046832e-05, 5.3047973779e-05, 4.66984638479e-05, 3.36546436301e-05, 2.69156080321e-05, 1.79606686288e-05, 3.38628569807e-06, 6.30826013648e-09, 5.0266906193e-09],
        "dvar": [1.93638541646e-07, 9.69843604253e-05, 1.20516488096e-05, 1.41622558658e-06, 1.70486964635e-05, 7.46301384424e-06, 4.88404839416e-06, 6.79972845319e-06, 7.24906021787e-06, 8.73407680047e-06, 5.57567091164e-07, 2.17300922145e-07, 2.77455825426e-07, 6.73766535897e-08, 1.78711943022e-07, 4.77840380597e-08, 1.9141920049e-08, 9.40042799158e-09, 4.02855704351e-09, 4.88343054883e-09, 6.21746076845e-09, 6.31431662512e-09, 2.11148876161e-09, 1.25806343121e-09, 5.79356944364e-11, 1.86965516273e-16, 3.9189203532e-17],
        "dvar2": [4.49497093769e-07, 0.00027081897133, 3.22368578054e-05, 3.77253991246e-06, 4.446272942e-05, 1.8826824089e-05, 1.27507810248e-05, 1.64392622537e-05, 1.53328946908e-05, 2.13203820749e-05, 1.36629410008e-06, 5.18681702033e-07, 6.45747832095e-07, 1.60607967814e-07, 3.6501262457e-07, 1.1594193694e-07, 4.58669191516e-08, 2.24060077159e-08, 9.71283320439e-09, 1.18008438577e-08, 1.37488171958e-08, 1.19869358883e-08, 4.66979921399e-09, 1.73085756838e-09, 1.13446106675e-10, 4.79506569051e-16, 1.11350024804e-16],
        "max": [0.00444476818666, 0.0881198942661, 0.0409553945065, 0.0116316853091, 0.0440066196024, 0.0388097688556, 0.0452853217721, 0.0370240807533, 0.0765477046371, 0.0297033730894, 0.0144356358796, 0.011007075198, 0.0200721453875, 0.00416966108605, 0.0162180271, 0.00618588970974, 0.00299766007811, 0.00334040424787, 0.000923365529161, 0.00132889545057, 0.00249310093932, 0.0037098985631, 0.00175299099647, 0.00175173080061, 0.000368237233488, 5.91807577166e-07, 1.45229407167e-07],
        "mean": [0.000187432349776, 0.00609824573621, 0.00561990914866, 0.00158305838704, 0.00455961562693, 0.00565765844658, 0.00406483095139, 0.00367463869043, 0.00294371391647, 0.00479341950268, 0.000835224054754, 0.000549697317183, 0.000360004603863, 0.000315852201311, 0.000246199982939, 0.000231022160733, 0.00016612172476, 0.000105531871668, 6.40302678221e-05, 5.9138132201e-05, 5.54859434487e-05, 4.63769465568e-05, 3.40078986483e-05, 2.88982955681e-05, 3.94603557652e-06, 4.74677808171e-09, 2.17946904968e-09],
        "median": [2.51191777352e-05, 0.00331627158448, 0.00458199204877, 0.00113979075104, 0.00344852684066, 0.00382801424712, 0.00206251000054, 0.00220236228779, 0.00141285185236, 0.0017722514458, 0.000495187356137, 0.000391707668314, 0.000201782560907, 0.000201086280867, 0.000118160220154, 0.000129780091811, 9.99703988782e-05, 6.40379730612e-05, 3.3571755921e-05, 2.84447905869e-05, 2.28376920859e-05, 1.50896667037e-05, 1.38542463901e-05, 1.18566058518e-05, 1.49520462855e-06, 2.37470976217e-09, 7.96512023005e-10],
        "min": [1.97152560943e-09, 5.55866037644e-08, 4.48642083484e-08, 6.0195395335e-09, 8.73391741152e-08, 9.83180541425e-08, 2.05541414999e-08, 6.39348272102e-08, 1.8760966114e-08, 2.21729434813e-09, 1.19136407406e-08, 1.29670549853e-08, 1.01474639802e-09, 4.0167371651e-09, 1.35584055094e-09, 7.23611748299e-09, 5.94801596865e-10, 1.9807193663e-09, 7.50421891293e-10, 2.18570317401e-09, 1.14834419751e-09, 1.50608425731e-09, 1.48977563619e-09, 9.94439086632e-10, 1.90712778902e-10, 7.94682635669e-12, 8.26194928444e-12],
        "var": [1.9161518594e-07, 7.91911879787e-05, 2.32953752857e-05, 2.22255516746e-06, 1.8876955437e-05, 3.03960841848e-05, 3.32706222252e-05, 1.70646253537e-05, 2.77914296021e-05, 3.26455810864e-05, 1.61696311807e-06, 3.30181137542e-07, 4.28578715628e-07, 1.29895923351e-07, 4.23650305947e-07, 1.5426509492e-07, 4.48891235294e-08, 2.0161559533e-08, 7.5371797692e-09, 1.01900976546e-08, 1.36106566018e-08, 1.38299434127e-08, 4.97946794908e-09, 4.09255518363e-09, 1.13167877847e-10, 1.96877932573e-16, 2.76438814175e-17]
    },
    "erbbands": {
        "dmean": [0.116312243044, 1.08134818077, 2.662150383, 2.87780809402, 5.50572967529, 9.97964286804, 10.8293361664, 22.9378700256, 25.6693763733, 26.192565918, 31.4448490143, 32.5718269348, 50.5030479431, 29.5760955811, 10.4769487381, 12.1395988464, 11.182557106, 7.49027967453, 9.34356880188, 6.51614141464, 6.47354745865, 5.42028951645, 3.77548670769, 1.98181498051, 1.73366904259, 1.56792664528, 1.06935381889, 1.30197322369, 0.854592859745, 0.634245872498, 0.444778889418, 0.345068484545, 0.195223256946, 0.0483864881098, 0.00162350258324, 8.69862706168e-05, 1.17677236631e-05, 2.81258985524e-06, 5.57029989068e-06, 1.24949319797e-05],
        "dmean2": [0.20667783916, 1.91962015629, 4.50632667542, 4.93442487717, 9.47364234924, 16.4793300629, 17.5090332031, 36.4327812195, 43.094039917, 40.9642791748, 49.2584648132, 46.6235313416, 78.1991271973, 45.4637031555, 16.6189861298, 18.8997974396, 17.620973587, 11.9052848816, 14.8434944153, 10.1893043518, 10.2426700592, 8.72590637207, 6.19759082794, 3.14650678635, 2.74149847031, 2.47161459923, 1.65438330173, 2.04849028587, 1.23741388321, 0.974500000477, 0.694374680519, 0.494408994913, 0.262440770864, 0.0659475252032, 0.00228801975027, 0.000122021010611, 1.70159146364e-05, 4.24392601417e-06, 8.89777220436e-06, 2.02691753657e-05],
        "dvar": [0.0743657052517, 5.23338127136, 16.6776981354, 13.8278017044, 94.0915985107, 233.169967651, 209.8722229, 883.431762695, 1384.7166748, 1416.39038086, 1981.80480957, 5279.54492188, 6602.56396484, 2352.09033203, 216.699020386, 366.032592773, 695.47088623, 110.572814941, 702.039550781, 135.473831177, 75.6876296997, 67.8609695435, 36.3567466736, 11.1994571686, 10.9886455536, 10.844212532, 4.76315736771, 17.0908336639, 7.08451223373, 4.22380304337, 1.26610255241, 0.77542424202, 0.25648522377, 0.0234234500676, 5.76191487198e-05, 1.39572136959e-07, 7.75281616683e-10, 3.52230605793e-11, 4.92703551569e-11, 2.46987486019e-10],
        "dvar2": [0.202835142612, 14.8475608826, 44.9586601257, 36.6079826355, 256.472137451, 599.884643555, 543.477478027, 2137.04858398, 3879.06469727, 3483.54125977, 4981.78417969, 10882.5527344, 16031.2841797, 5744.53564453, 538.725524902, 845.450195312, 1632.29333496, 254.699661255, 1297.41723633, 315.20401001, 183.941452026, 162.317184448, 88.3102111816, 27.4155483246, 26.8546657562, 26.2508029938, 9.7797203064, 36.6228141785, 12.2641277313, 9.12027835846, 2.69866967201, 1.18865740299, 0.389109104872, 0.0374589078128, 0.000121776771266, 2.83074939489e-07, 1.31419830574e-09, 6.40110117689e-11, 1.22113499867e-10, 6.33721020105e-10],
        "max": [2.23916053772, 20.0284118652, 45.471534729, 52.4398765564, 103.010620117, 161.742858887, 188.529388428, 476.459747314, 812.44543457, 565.472900391, 831.291259766, 2085.03369141, 1090.35534668, 897.949768066, 258.135192871, 404.322143555, 1092.08532715, 218.687469482, 1110.24951172, 311.424743652, 166.873764038, 177.62928772, 202.179412842, 49.2791252136, 54.3472213745, 61.3787879944, 54.6819038391, 149.642745972, 121.833854675, 96.2421035767, 38.7519569397, 38.9032592773, 23.8366298676, 7.8223695755, 0.36190199852, 0.0184351913631, 0.0013800325105, 0.000267682771664, 9.45765932556e-05, 0.000139139272505],
        "mean": [0.111806184053, 1.62795686722, 6.39382266998, 5.84255599976, 8.43419837952, 17.7125988007, 25.5436477661, 56.512752533, 65.5425720215, 62.6812210083, 67.9757995605, 74.6121673584, 138.759872437, 83.2875900269, 21.9110546112, 22.3744182587, 18.0350189209, 13.7331047058, 16.2007694244, 11.8092556, 12.3828010559, 9.87451839447, 6.78765773773, 3.74790501595, 3.24440789223, 2.71739816666, 2.12507629395, 2.34050035477, 1.72905981541, 1.25091946125, 0.876402854919, 0.716566383839, 0.413173854351, 0.0950605273247, 0.00292616570368, 0.00018365168944, 3.25265827996e-05, 7.0952992246e-06, 2.14763149415e-05, 4.79951449961e-05],
        "median": [0.0410067029297, 0.953899919987, 5.06967973709, 4.84524583817, 5.79305839539, 12.5341930389, 18.9276657104, 37.8903121948, 32.8917198181, 40.4769554138, 46.3398361206, 37.1948509216, 73.1060028076, 47.089050293, 16.1816730499, 16.104013443, 11.0628347397, 8.76547431946, 9.4230298996, 6.60070896149, 7.8875246048, 5.80017089844, 4.29593229294, 2.08588337898, 1.58290636539, 1.2917355299, 0.981541275978, 0.797598421574, 0.577552735806, 0.513295710087, 0.341747432947, 0.276318490505, 0.171342685819, 0.0389603972435, 0.00113193457946, 8.7328175141e-05, 2.22998514801e-05, 4.768162853e-06, 1.9898508981e-05, 4.47914026154e-05],
        "min": [1.09622669697e-06, 1.3988675164e-05, 5.01145332237e-05, 3.85436396755e-05, 4.0122486098e-05, 0.000376233016141, 0.000435912399553, 0.00115179328714, 0.00050377525622, 0.00075237697456, 0.00110328674782, 0.000464783894131, 0.000152008404257, 0.000146617196151, 0.000796896405518, 0.000309472554363, 6.77218849887e-05, 0.000112338944746, 0.00015807953605, 0.000144729245221, 0.000443494151114, 5.12310361955e-05, 9.52687478275e-05, 7.71860650275e-05, 5.45674847672e-05, 0.000118922216643, 3.36099656124e-05, 6.35191681795e-05, 5.01147915202e-05, 5.14112616656e-05, 3.49159709003e-05, 2.38478660322e-05, 1.65771471075e-05, 4.78357469547e-06, 2.55603907817e-07, 6.79588367802e-08, 2.52093386166e-08, 6.94268686985e-09, 2.32365149344e-09, 7.73429431611e-10],
        "var": [0.0522671639919, 4.4506778717, 27.2700767517, 19.1566638947, 87.6814804077, 307.995605469, 546.997375488, 3506.07348633, 8437.74023438, 4734.77148438, 5119.55322266, 19745.9550781, 24340.2402344, 9332.81347656, 416.581207275, 557.507568359, 1018.59368896, 254.496170044, 1802.45410156, 422.614593506, 227.652511597, 167.758682251, 77.9447555542, 21.5203590393, 21.9376144409, 21.5006542206, 12.8272314072, 36.5224647522, 18.0675468445, 8.55942821503, 3.25337290764, 2.38735175133, 0.819410026073, 0.0564872473478, 8.71222218848e-05, 2.3216203715e-07, 1.89164195419e-09, 8.52756129599e-11, 8.00124064226e-11, 3.66946362185e-10]
    },
    "gfcc": {
        "mean": [-22.6602096558, 178.378204346, -139.719421387, 31.7040786743, -75.6598815918, 9.59152412415, -25.7742958069, -6.29072904587, 4.68785619736, -25.8617553711, 5.52840089798, -20.4201412201, 8.00813579559],
        "cov": [[2141.85253906, -811.232666016, -250.276779175, 368.379852295, -398.526031494, 316.493225098, -94.7259902954, 108.897102356, -48.4479827881, -29.2480716705, -33.3762168884, -100.026725769, 55.5250396729], [-811.232666016, 675.472717285, 195.090209961, -268.99230957, 337.796386719, -196.297607422, 93.6490936279, -82.6653060913, 54.81615448, 37.7868537903, 55.7690010071, 75.4464645386, -35.3427124023], [-250.276779175, 195.090209961, 206.422714233, -32.908908844, 71.6996765137, -28.7438011169, 9.24298667908, -22.9814414978, 10.1905603409, 33.5441551208, 46.7251167297, 29.0477733612, 2.16668844223], [368.379852295, -268.99230957, -32.908908844, 211.369064331, -101.135238647, 98.6890640259, -24.6795063019, 39.9023513794, -10.212436676, -5.28841781616, -4.42420578003, -21.2763156891, 21.7287101746], [-398.526031494, 337.796386719, 71.6996765137, -101.135238647, 257.114776611, -69.6915512085, 64.3597335815, -17.2724113464, 34.0108795166, 19.406129837, 17.8253231049, 43.9859046936, -16.5630016327], [316.493225098, -196.297607422, -28.7438011169, 98.6890640259, -69.6915512085, 151.111038208, 7.81404781342, 41.3204460144, -11.1076545715, -18.1299705505, -8.79862213135, -23.9287548065, 24.5746650696], [-94.7259902954, 93.6490936279, 9.24298667908, -24.6795063019, 64.3597335815, 7.81404781342, 93.0370330811, 15.2153158188, 11.3520212173, 1.97922933102, -5.06444835663, 16.6878204346, -0.894905090332], [108.897102356, -82.6653060913, -22.9814414978, 39.9023513794, -17.2724113464, 41.3204460144, 15.2153158188, 69.4314193726, 17.3302288055, -5.13710594177, -6.64154720306, -8.71619987488, 8.36366653442], [-48.4479827881, 54.81615448, 10.1905603409, -10.212436676, 34.0108795166, -11.1076545715, 11.3520212173, 17.3302288055, 88.9305114746, 45.997756958, 25.4109783173, 18.0567970276, -12.3426027298], [-29.2480716705, 37.7868537903, 33.5441551208, -5.28841781616, 19.406129837, -18.1299705505, 1.97922933102, -5.13710594177, 45.997756958, 83.1103057861, 43.2169952393, 17.8627300262, -10.919465065], [-33.3762168884, 55.7690010071, 46.7251167297, -4.42420578003, 17.8253231049, -8.79862213135, -5.06444835663, -6.64154720306, 25.4109783173, 43.2169952393, 62.4357147217, 25.8689632416, -2.4097635746], [-100.026725769, 75.4464645386, 29.0477733612, -21.2763156891, 43.9859046936, -23.9287548065, 16.6878204346, -8.71619987488, 18.0567970276, 17.8627300262, 25.8689632416, 55.40259552, 8.85270404816], [55.5250396729, -35.3427124023, 2.16668844223, 21.7287101746, -16.5630016327, 24.5746650696, -0.894905090332, 8.36366653442, -12.3426027298, -10.919465065, -2.4097635746, 8.85270404816, 42.0308876038]],
        "icov": [[0.00101382366847, -0.000907180656213, 0.00120728742331, -0.00109754514415, 0.0012497336138, -0.00170110573526, 0.000909477297682, -0.000747430196498, 0.000650309666526, -0.000963466998655, 0.000221030102693, -0.000117448005767, 3.62716491509e-05], [-0.000907180656213, 0.0545996278524, -0.0250302869827, 0.027331199497, -0.0386464782059, 0.0306193325669, -0.0300854966044, 0.0297030247748, -0.0225818250328, 0.0281150545925, -0.0314837694168, 0.0199851207435, -0.0107537107542], [0.00120728742331, -0.0250302869827, 0.0187190566212, -0.0129731409252, 0.0166350752115, -0.0147438393906, 0.013900661841, -0.0126433270052, 0.0115858120844, -0.0139518762007, 0.00965292006731, -0.00858257245272, 0.00322588137351], [-0.00109754514415, 0.027331199497, -0.0129731409252, 0.0221552588046, -0.0183079186827, 0.0119849769399, -0.0133430827409, 0.0124915204942, -0.010634851642, 0.0128151280805, -0.0151195731014, 0.00914714299142, -0.00593163911253], [0.0012497336138, -0.0386464782059, 0.0166350752115, -0.0183079186827, 0.0345865264535, -0.0209546070546, 0.017782991752, -0.0208108071238, 0.0145459119231, -0.0192094352096, 0.0223640631884, -0.0164171978831, 0.00888122431934], [-0.00170110573526, 0.0306193325669, -0.0147438393906, 0.0119849769399, -0.0209546070546, 0.0312222801149, -0.0212615448982, 0.0142898140475, -0.0133597450331, 0.0185402352363, -0.0206987336278, 0.016128083691, -0.0109405228868], [0.000909477297682, -0.0300854966044, 0.013900661841, -0.0133430827409, 0.017782991752, -0.0212615448982, 0.0329494215548, -0.0207984857261, 0.0136824799702, -0.0179146304727, 0.0225009284914, -0.0167907997966, 0.00815129559487], [-0.000747430196498, 0.0297030247748, -0.0126433270052, 0.0124915204942, -0.0208108071238, 0.0142898140475, -0.0207984857261, 0.0380807183683, -0.0197781790048, 0.0186293777078, -0.0175871960819, 0.014747207053, -0.00950093846768], [0.000650309666526, -0.0225818250328, 0.0115858120844, -0.010634851642, 0.0145459119231, -0.0133597450331, 0.0136824799702, -0.0197781790048, 0.0292334202677, -0.0215625036508, 0.0127459382638, -0.012786292471, 0.00922984536737], [-0.000963466998655, 0.0281150545925, -0.0139518762007, 0.0128151280805, -0.0192094352096, 0.0185402352363, -0.0179146304727, 0.0186293777078, -0.0215625036508, 0.0396073870361, -0.0296221356839, 0.0125021524727, -0.0038638706319], [0.000221030102693, -0.0314837694168, 0.00965292006731, -0.0151195731014, 0.0223640631884, -0.0206987336278, 0.0225009284914, -0.0175871960819, 0.0127459382638, -0.0296221356839, 0.0524396337569, -0.0244655851275, 0.00965345837176], [-0.000117448005767, 0.0199851207435, -0.00858257245272, 0.00914714299142, -0.0164171978831, 0.016128083691, -0.0167907997966, 0.014747207053, -0.012786292471, 0.0125021524727, -0.0244655851275, 0.0402745082974, -0.0169097390026], [3.62716491509e-05, -0.0107537107542, 0.00322588137351, -0.00593163911253, 0.00888122431934, -0.0109405228868, 0.00815129559487, -0.00950093846768, 0.00922984536737, -0.0038638706319, 0.00965345837176, -0.0169097390026, 0.035384055227]]
    },
    "melbands": {
        "dmean": [0.00114600057714, 0.0013815308921, 0.000500331225339, 0.00060117704561, 0.000369482993847, 0.000497024331708, 0.000358286924893, 0.000336352852173, 0.000237738000578, 0.000216977015953, 0.000265236798441, 0.000141804834129, 3.94393064198e-05, 3.36918055837e-05, 3.2352803828e-05, 2.40558019868e-05, 1.49855904965e-05, 1.70287967194e-05, 1.24840262288e-05, 9.18792193261e-06, 7.34726563678e-06, 6.30908562016e-06, 4.19464413426e-06, 2.40426743403e-06, 1.69108716364e-06, 1.41339126003e-06, 1.41233704198e-06, 9.898077451e-07, 6.70591020935e-07, 7.6956337125e-07, 8.10234610071e-07, 5.24065910668e-07, 4.09975939419e-07, 3.70762251123e-07, 2.82249601469e-07, 2.61102286458e-07, 2.1209194756e-07, 1.56747091751e-07, 9.59571906378e-08, 2.29557635123e-08],
        "dmean2": [0.00202689110301, 0.00236360356212, 0.00086346414173, 0.00100750487763, 0.000600674829911, 0.000800333509687, 0.000597364560235, 0.000522389775142, 0.000368964741938, 0.000310269417241, 0.000411728600739, 0.00021784529963, 6.21716753813e-05, 5.36878396815e-05, 4.99237503391e-05, 3.93833761336e-05, 2.40039171331e-05, 2.71827721008e-05, 2.00369304366e-05, 1.47146629388e-05, 1.15486518553e-05, 1.03150778159e-05, 6.81464189256e-06, 3.90791274185e-06, 2.71396334028e-06, 2.25795133701e-06, 2.28491921916e-06, 1.56321357281e-06, 1.04134301182e-06, 1.19727917536e-06, 1.31687158955e-06, 7.7617636407e-07, 6.21854553629e-07, 5.84206986787e-07, 4.51371306553e-07, 4.1390643446e-07, 3.01397790281e-07, 2.15607713017e-07, 1.35092449227e-07, 3.41967094641e-08],
        "dvar": [6.64641493131e-06, 5.43216583537e-06, 3.62993773706e-07, 1.13377177513e-06, 2.13186723386e-07, 3.74464974584e-07, 2.56818623257e-07, 2.30716295846e-07, 1.13120307788e-07, 2.46909308999e-07, 1.88611963381e-07, 5.57596422368e-08, 3.49119400056e-09, 2.38834685362e-09, 3.87305343352e-09, 2.45571585289e-09, 4.56438997709e-10, 2.1549553253e-09, 4.84347839613e-10, 3.63403057646e-10, 9.11703629258e-11, 9.47508599358e-11, 4.93894994347e-11, 1.23617687267e-11, 8.33354132229e-12, 7.33649512669e-12, 9.37151571623e-12, 4.19747396563e-12, 1.80969898355e-12, 3.03638884869e-12, 7.62421376033e-12, 2.74927563354e-12, 1.84575900571e-12, 1.40390823966e-12, 6.66490083609e-13, 3.46978766249e-13, 3.47511488986e-13, 1.7799633024e-13, 5.90604293444e-14, 1.22659391663e-14],
        "dvar2": [1.82705043699e-05, 1.50321211549e-05, 9.7132249266e-07, 2.97103110825e-06, 5.55105714284e-07, 9.3730466233e-07, 7.03999489815e-07, 5.60073829092e-07, 2.86906640667e-07, 5.06096910158e-07, 4.58149315818e-07, 1.35163560344e-07, 8.68454907987e-09, 5.74790837149e-09, 8.5024494112e-09, 5.74244918283e-09, 1.03075892266e-09, 3.72998654186e-09, 1.1404743816e-09, 8.60655324786e-10, 2.19501583576e-10, 2.37519087731e-10, 1.11514762702e-10, 3.03478457642e-11, 2.0961624797e-11, 1.81736466154e-11, 2.45394503329e-11, 1.03272702889e-11, 4.03969479396e-12, 6.09868882825e-12, 1.68774855203e-11, 5.2397296571e-12, 3.4767282369e-12, 3.42622002818e-12, 1.6549445191e-12, 7.97481926416e-13, 5.10879804173e-13, 2.8813022389e-13, 9.04321376897e-14, 2.84661413907e-14],
        "max": [0.022839281708, 0.0237465146929, 0.00786063820124, 0.0108068659902, 0.00543001666665, 0.00925308931619, 0.0104940719903, 0.00714539550245, 0.00687378691509, 0.0144210252911, 0.00539686344564, 0.00375498062931, 0.000985193415545, 0.000723449746147, 0.00152467016596, 0.00197969609872, 0.000469345279271, 0.00212582456879, 0.000548138341401, 0.000643873412628, 0.000181085182703, 0.000152647568029, 0.000244652474066, 7.84568110248e-05, 4.21028598794e-05, 3.6541994632e-05, 7.65962249716e-05, 3.57197423e-05, 2.7872298233e-05, 5.14445309818e-05, 9.97067327262e-05, 7.29895837139e-05, 6.03695152677e-05, 5.02037873957e-05, 2.98109644064e-05, 1.80539627763e-05, 2.83567696897e-05, 1.95846841962e-05, 9.97937786451e-06, 5.26522035216e-06],
        "mean": [0.00136016262695, 0.00301327044144, 0.00107980996836, 0.000965668994468, 0.000890026800334, 0.00125768384896, 0.000928252062295, 0.000750227947719, 0.000504281488247, 0.000474650965771, 0.000725541613065, 0.000399605371058, 7.87198150647e-05, 6.03483713348e-05, 5.14826751896e-05, 3.49717556674e-05, 2.52870540862e-05, 2.77913022728e-05, 1.94598542294e-05, 1.56529295054e-05, 1.3278172446e-05, 1.0687827853e-05, 7.29217072148e-06, 4.41045085608e-06, 2.89066451842e-06, 2.44448278863e-06, 2.28059207075e-06, 1.63679817433e-06, 1.25824021779e-06, 1.38297900776e-06, 1.35013135605e-06, 1.00482077414e-06, 7.80437972026e-07, 6.67741403504e-07, 5.01219687976e-07, 4.83713506583e-07, 4.16485846699e-07, 3.14021662007e-07, 1.94387723695e-07, 3.58313876347e-08],
        "median": [0.000641685444862, 0.00237435335293, 0.000930910580792, 0.000669462839141, 0.000704336329363, 0.000860314001329, 0.000485194701469, 0.000471000676043, 0.000328018330038, 0.000218700399273, 0.00035777525045, 0.000193762447452, 5.36419465789e-05, 4.42052223661e-05, 2.95166701108e-05, 1.97012286662e-05, 1.55689631356e-05, 1.5305400666e-05, 9.27237761061e-06, 7.72061230236e-06, 8.64525554789e-06, 5.96662130192e-06, 4.48283435617e-06, 2.72164879789e-06, 1.55436589466e-06, 1.21447408219e-06, 1.02678143321e-06, 7.88811689745e-07, 5.59288821478e-07, 6.0549717773e-07, 3.81407375016e-07, 3.15005962648e-07, 2.91386527351e-07, 2.7784196277e-07, 1.83107559337e-07, 1.94028487499e-07, 1.54516939688e-07, 1.27470741518e-07, 8.25562338491e-08, 1.2400906968e-08],
        "min": [1.28428734314e-08, 2.47021478827e-08, 6.35401598004e-09, 1.26128201217e-08, 1.88288744596e-08, 2.30013945668e-08, 7.12275305403e-09, 1.03095780801e-08, 8.00396993128e-09, 2.72367417509e-09, 6.49500619954e-10, 4.42925029986e-10, 2.11744088929e-09, 1.85695836485e-09, 2.74795713961e-10, 9.35484884002e-11, 2.47370263162e-10, 3.35765720783e-10, 1.16952933449e-10, 2.87443208125e-10, 5.40136713134e-10, 2.86138803623e-11, 4.26912220852e-11, 9.96987839508e-11, 6.00917093863e-11, 2.23695489215e-11, 8.13317121984e-11, 6.85807383105e-11, 2.04944602955e-11, 1.77300240461e-11, 4.28174579126e-11, 2.78873920484e-11, 2.83094138409e-11, 2.86303168673e-11, 1.91861717486e-11, 2.11247703358e-11, 1.10713122697e-11, 1.29216533307e-11, 8.74041464205e-12, 3.66794105939e-13],
        "var": [5.0827125051e-06, 6.23859114057e-06, 5.13360646437e-07, 1.13394025902e-06, 5.06752940055e-07, 1.53017322191e-06, 1.59572834946e-06, 6.70656390866e-07, 3.11185402779e-07, 9.23029290334e-07, 6.87664737598e-07, 2.16942424913e-07, 8.75276917611e-09, 3.57498319836e-09, 5.80390269178e-09, 4.53253390376e-09, 9.59930912536e-10, 5.89055559885e-09, 1.03643782445e-09, 1.17302212388e-09, 2.1829218988e-10, 2.0902887754e-10, 1.08270691024e-10, 2.72446735311e-11, 1.44384773235e-11, 1.34129781934e-11, 1.73780816126e-11, 7.74235710266e-12, 4.74172610898e-12, 7.08867556667e-12, 1.55130613216e-11, 6.63758718128e-12, 3.49972112922e-12, 2.56781401697e-12, 1.27658571648e-12, 8.1823480283e-13, 1.01019789322e-12, 5.43168212231e-13, 1.62900902077e-13, 1.63756947455e-14]
    },
    "mfcc": {
        "mean": [-644.273925781, 178.606918335, 4.493019104, 12.2714643478, -7.833091259, 0.592539072037, -9.85308647156, 8.54752826691, 0.733158171177, 3.71651864052, -5.72976779938, 2.41256523132, -5.06171226501],
        "cov": [[2554.19970703, -1222.87194824, 54.4643554688, -47.1113777161, -149.638717651, 76.6382446289, -11.8500776291, 75.3923950195, 27.305109024, 117.330833435, -61.0337982178, -44.5598640442, -117.246948242], [-1222.87194824, 1097.2791748, -117.853866577, 28.4987316132, 118.054733276, -22.3451900482, 17.7397098541, -46.0562553406, -20.3430843353, -81.1567993164, 66.0781326294, 59.6207466125, 100.926620483], [54.4643554688, -117.853866577, 192.816101074, 3.4959359169, -9.37118721008, 13.5673141479, 4.92258691788, -18.3420944214, -22.5185775757, 6.64296770096, -12.8006362915, 19.5975570679, -1.42737936974], [-47.1113777161, 28.4987316132, 3.4959359169, 92.2551574707, 20.7556648254, 4.93193101883, 1.80806028843, 0.519745886326, 2.77772116661, -3.55244135857, 12.9555301666, 18.816488266, 10.4657011032], [-149.638717651, 118.054733276, -9.37118721008, 20.7556648254, 101.616760254, 9.69579315186, 9.7430305481, 3.94412970543, 2.85435414314, -2.9289765358, 6.56221342087, 21.3077201843, 13.5453453064], [76.6382446289, -22.3451900482, 13.5673141479, 4.93193101883, 9.69579315186, 71.0970916748, 20.1774082184, 12.6530885696, 5.24121427536, 9.2614364624, 11.4821443558, 1.38206291199, 0.816982269287], [-11.8500776291, 17.7397098541, 4.92258691788, 1.80806028843, 9.7430305481, 20.1774082184, 87.5273742676, 26.4079837799, 12.7516517639, -0.653006494045, -14.949962616, -15.3764057159, -17.3611221313], [75.3923950195, -46.0562553406, -18.3420944214, 0.519745886326, 3.94412970543, 12.6530885696, 26.4079837799, 84.2831115723, 35.8129844666, 10.1743831635, -5.45303869247, -15.2039012909, -16.2654304504], [27.305109024, -20.3430843353, -22.5185775757, 2.77772116661, 2.85435414314, 5.24121427536, 12.7516517639, 35.8129844666, 62.3365592957, 20.1830234528, 6.4479265213, -10.8316469193, -4.4238524437], [117.330833435, -81.1567993164, 6.64296770096, -3.55244135857, -2.9289765358, 9.2614364624, -0.653006494045, 10.1743831635, 20.1830234528, 57.2984352112, 11.0357780457, 0.660378038883, -6.80635786057], [-61.0337982178, 66.0781326294, -12.8006362915, 12.9555301666, 6.56221342087, 11.4821443558, -14.949962616, -5.45303869247, 6.4479265213, 11.0357780457, 80.7668991089, 32.7930297852, 27.3712444305], [-44.5598640442, 59.6207466125, 19.5975570679, 18.816488266, 21.3077201843, 1.38206291199, -15.3764057159, -15.2039012909, -10.8316469193, 0.660378038883, 32.7930297852, 76.4949569702, 40.2193565369], [-117.246948242, 100.926620483, -1.42737936974, 10.4657011032, 13.5453453064, 0.816982269287, -17.3611221313, -16.2654304504, -4.4238524437, -6.80635786057, 27.3712444305, 40.2193565369, 71.372756958]],
