{
"lowlevel": {
    "average_loudness": 0.916087031364,
    "barkbands_crest": {
        "dmean": 2.90838813782,
        "dmean2": 4.97130584717,
        "dvar": 6.36803770065,
        "dvar2": 19.1308784485,
        "max": 23.9780826569,
        "mean": 13.0152845383,
        "median": 12.6701164246,
        "min": 3.98164868355,
        "var": 16.0677623749
    },
    "barkbands_flatness_db": {
        "dmean": 0.025338254869,
        "dmean2": 0.0414868965745,
        "dvar": 0.000468369195005,
        "dvar2": 0.00128585170023,
        "max": 0.365916788578,
        "mean": 0.236297249794,
        "median": 0.243299782276,
        "min": 0.101559184492,
        "var": 0.00262953317724
    },
    "barkbands_kurtosis": {
        "dmean": 5.8584651947,
        "dmean2": 9.79360389709,
        "dvar": 53.0492897034,
        "dvar2": 146.392364502,
        "max": 88.8761138916,
        "mean": 12.7299003601,
        "median": 9.79319190979,
        "min": -1.2324193716,
        "var": 125.893539429
    },
    "barkbands_skewness": {
        "dmean": 0.661113142967,
        "dmean2": 1.10460114479,
        "dvar": 0.387269198895,
        "dvar2": 1.06605064869,
        "max": 8.67093658447,
        "mean": 2.87744212151,
        "median": 2.67570614815,
        "min": 0.541581511497,
        "var": 1.32001233101
    },
    "barkbands_spread": {
        "dmean": 2.98900485039,
        "dmean2": 4.82098388672,
        "dvar": 12.958940506,
        "dvar2": 30.3729152679,
        "max": 42.4306945801,
        "mean": 10.3245944977,
        "median": 7.05329751968,
        "min": 1.15764462948,
        "var": 62.9976043701
    },
    "dissonance": {
        "dmean": 0.0131285553798,
        "dmean2": 0.0218958761543,
        "dvar": 0.000182712363312,
        "dvar2": 0.000500326452311,
        "max": 0.497777044773,
        "mean": 0.466306984425,
        "median": 0.469999492168,
        "min": 0.347725659609,
        "var": 0.000436014437582
    },
    "dynamic_complexity": 2.45829153061,
    "erbbands_crest": {
        "dmean": 1.77759456635,
        "dmean2": 2.96876430511,
        "dvar": 2.38093495369,
        "dvar2": 6.86324548721,
        "max": 17.6489715576,
        "mean": 7.19928598404,
        "median": 6.6906709671,
        "min": 2.92270708084,
        "var": 6.9938249588
    },
    "erbbands_flatness_db": {
        "dmean": 0.0109622823074,
        "dmean2": 0.0163192637265,
        "dvar": 9.62095145951e-05,
        "dvar2": 0.000183566182386,
        "max": 0.267364084721,
        "mean": 0.185080930591,
        "median": 0.183954715729,
        "min": 0.119379416108,
        "var": 0.000662741716951
    },
    "erbbands_kurtosis": {
        "dmean": 0.612788438797,
        "dmean2": 0.970698297024,
        "dvar": 0.441576808691,
        "dvar2": 1.04123473167,
        "max": 5.62925720215,
        "mean": 0.0578014291823,
        "median": -0.298647403717,
        "min": -1.58282899857,
        "var": 1.52709066868
    },
    "erbbands_skewness": {
        "dmean": 0.265684127808,
        "dmean2": 0.412374675274,
        "dvar": 0.0520008057356,
        "dvar2": 0.109759345651,
        "max": 2.16324830055,
        "mean": 0.48315769434,
        "median": 0.582667529583,
        "min": -1.19613063335,
        "var": 0.461377173662
    },
    "erbbands_spread": {
        "dmean": 6.2646522522,
        "dmean2": 9.79149150848,
        "dvar": 31.9993209839,
        "dvar2": 79.4007873535,
        "max": 82.0118789673,
        "mean": 41.3199806213,
        "median": 39.4742622375,
        "min": 13.5385684967,
        "var": 204.165710449
    },
    "hfc": {
        "dmean": 3.07500767708,
        "dmean2": 4.626912117,
        "dvar": 19.2630844116,
        "dvar2": 38.2294158936,
        "max": 76.9092025757,
        "mean": 13.8865709305,
        "median": 9.6468372345,
        "min": 4.58011345472e-05,
        "var": 146.699020386
    },
    "melbands_crest": {
        "dmean": 3.21803092957,
        "dmean2": 5.54754781723,
        "dvar": 7.58283662796,
        "dvar2": 22.0135707855,
        "max": 29.7139415741,
        "mean": 17.3995094299,
        "median": 17.0601348877,
        "min": 6.57209920883,
        "var": 19.1446247101
    },
    "melbands_flatness_db": {
        "dmean": 0.0292124878615,
        "dmean2": 0.0464334413409,
        "dvar": 0.000607113586739,
        "dvar2": 0.00157373421825,
        "max": 0.458240181208,
        "mean": 0.301373749971,
        "median": 0.312019765377,
        "min": 0.12876406312,
        "var": 0.00422009686008
    },
    "melbands_kurtosis": {
        "dmean": 12.828204155,
        "dmean2": 21.6220855713,
        "dvar": 232.695999146,
        "dvar2": 626.641967773,
        "max": 207.233886719,
        "mean": 30.7476196289,
        "median": 23.3211193085,
        "min": 2.46849393845,
        "var": 596.786499023
    },
    "melbands_skewness": {
        "dmean": 0.880695879459,
        "dmean2": 1.4728833437,
        "dvar": 0.631754994392,
        "dvar2": 1.73661446571,
        "max": 11.460524559,
        "mean": 4.19843292236,
        "median": 3.9350938797,
        "min": 1.19870448112,
        "var": 2.47522950172
    },
    "melbands_spread": {
        "dmean": 2.64693880081,
        "dmean2": 4.35810041428,
        "dvar": 11.0207443237,
        "dvar2": 27.6153964996,
        "max": 42.9094276428,
        "mean": 8.0221118927,
        "median": 5.75679969788,
        "min": 0.960017621517,
        "var": 38.59034729
    },
    "pitch_salience": {
        "dmean": 0.0805971100926,
        "dmean2": 0.137431100011,
        "dvar": 0.00529906433076,
        "dvar2": 0.014939904213,
        "max": 0.768576562405,
        "mean": 0.498555451632,
        "median": 0.511252462864,
        "min": 0.124488055706,
        "var": 0.0127167617902
    },
    "silence_rate_20dB": {
        "dmean": 0,
        "dmean2": 0,
        "dvar": 0,
        "dvar2": 0,
        "max": 1,
        "mean": 1,
        "median": 1,
        "min": 1,
        "var": 0
    },
    "silence_rate_30dB": {
        "dmean": 0.0573643408716,
        "dmean2": 0.114817686379,
        "dvar": 0.0540737584233,
        "dvar2": 0.134218305349,
        "max": 1,
        "mean": 0.906274199486,
        "median": 1,
        "min": 0,
        "var": 0.0849409624934
    },
    "silence_rate_60dB": {
        "dmean": 0.00155038759112,
        "dmean2": 0.00310318078846,
        "dvar": 0.00154796463903,
        "dvar2": 0.00309357652441,
        "max": 1,
        "mean": 0.0154918665066,
        "median": 0,
        "min": 0,
        "var": 0.0152521906421
    },
    "spectral_centroid": {
        "dmean": 142.073684692,
        "dmean2": 214.710510254,
        "dvar": 29187.9667969,
        "dvar2": 59965.953125,
        "max": 2451.26831055,
        "mean": 756.515258789,
        "median": 529.964477539,
        "min": 206.834915161,
        "var": 237829.328125
    },
    "spectral_complexity": {
        "dmean": 2.82015514374,
        "dmean2": 4.18696641922,
        "dvar": 11.6451482773,
        "dvar2": 20.7322998047,
        "max": 56,
        "mean": 18.6607284546,
        "median": 13,
        "min": 0,
        "var": 137.282318115
    },
    "spectral_decrease": {
        "dmean": 4.89299400996e-09,
        "dmean2": 8.25206658561e-09,
        "dvar": 3.09355093532e-17,
        "dvar2": 8.87100782033e-17,
        "max": -7.30232863652e-14,
        "mean": -1.36963729247e-08,
        "median": -1.12002815911e-08,
        "min": -5.92664122223e-08,
        "var": 1.01275600218e-16
    },
    "spectral_energy": {
        "dmean": 0.0186585690826,
        "dmean2": 0.0314429178834,
        "dvar": 0.000448272679932,
        "dvar2": 0.00128416810185,
        "max": 0.22644649446,
        "mean": 0.052952863276,
        "median": 0.0434530563653,
        "min": 2.79760911326e-07,
        "var": 0.00149761955254
    },
    "spectral_energyband_high": {
        "dmean": 0.000141970376717,
        "dmean2": 0.000201606890187,
        "dvar": 1.30128157139e-07,
        "dvar2": 3.01884739429e-07,
        "max": 0.00514431111515,
        "mean": 0.000342483574059,
        "median": 8.80770603544e-05,
        "min": 2.31020882979e-10,
        "var": 3.34630357202e-07
    },
    "spectral_energyband_low": {
        "dmean": 0.017170522362,
        "dmean2": 0.0292847715318,
        "dvar": 0.000436636124505,
        "dvar2": 0.00128430710174,
        "max": 0.201868802309,
        "mean": 0.037305995822,
        "median": 0.0277217682451,
        "min": 2.25230522233e-07,
        "var": 0.00110839121044
    },
    "spectral_energyband_middle_high": {
        "dmean": 0.000663939339574,
        "dmean2": 0.000942243379541,
        "dvar": 1.29950058181e-06,
        "dvar2": 2.48562218985e-06,
        "max": 0.0225085541606,
        "mean": 0.00261378963478,
        "median": 0.00109641533345,
        "min": 6.44364206437e-09,
        "var": 1.04070086309e-05
    },
    "spectral_energyband_middle_low": {
        "dmean": 0.00551233207807,
        "dmean2": 0.00867825839669,
        "dvar": 4.23005949415e-05,
        "dvar2": 0.000100648016087,
        "max": 0.0851981639862,
        "mean": 0.0162094328552,
        "median": 0.0122787794098,
        "min": 6.29026786214e-08,
        "var": 0.000164753990248
    },
    "spectral_entropy": {
        "dmean": 0.141886815429,
        "dmean2": 0.213078722358,
        "dvar": 0.0158084332943,
        "dvar2": 0.0350286178291,
        "max": 8.40256881714,
        "mean": 7.10840511322,
        "median": 7.00267124176,
        "min": 5.96925735474,
        "var": 0.245928421617
    },
    "spectral_flux": {
        "dmean": 0.027760758996,
        "dmean2": 0.0452551990747,
        "dvar": 0.000843575107865,
        "dvar2": 0.00215835520066,
        "max": 0.308154731989,
        "mean": 0.0916638746858,
        "median": 0.0873965248466,
        "min": 0.000528924283572,
        "var": 0.00239256140776
    },
    "spectral_kurtosis": {
        "dmean": 2.90441775322,
        "dmean2": 5.00802850723,
        "dvar": 9.7436504364,
        "dvar2": 28.0524597168,
        "max": 30.5249786377,
        "mean": 6.57687854767,
        "median": 4.96758985519,
        "min": -0.674260854721,
        "var": 30.4224948883
    },
    "spectral_rms": {
        "dmean": 0.00120162486564,
        "dmean2": 0.00200464064255,
        "dvar": 1.30186458591e-06,
        "dvar2": 3.81469294553e-06,
        "max": 0.014863492921,
        "mean": 0.0067171882838,
        "median": 0.00651100790128,
        "min": 1.65208202816e-05,
        "var": 6.5407339207e-06
    },
    "spectral_rolloff": {
        "dmean": 164.787353516,
        "dmean2": 288.183776855,
        "dvar": 81190.609375,
        "dvar2": 211626.5,
        "max": 2196.38671875,
        "mean": 402.809570312,
        "median": 322.998046875,
        "min": 86.1328125,
        "var": 139087.09375
    },
    "spectral_skewness": {
        "dmean": 0.28443801403,
        "dmean2": 0.47814014554,
        "dvar": 0.0694452226162,
        "dvar2": 0.186292752624,
        "max": 4.20424365997,
        "mean": 1.79720079899,
        "median": 1.88086926937,
        "min": 0.217400118709,
        "var": 0.69803249836
    },
    "spectral_spread": {
        "dmean": 361984.9375,
        "dmean2": 543373.0625,
        "dvar": 293942296576,
        "dvar2": 447995936768,
        "max": 16685368,
        "mean": 3284416.25,
        "median": 3221221,
        "min": 1668268.125,
        "var": 671237603328
    },
    "spectral_strongpeak": {
        "dmean": 0.23200686276,
        "dmean2": 0.40209710598,
        "dvar": 0.0751261711121,
        "dvar2": 0.211125791073,
        "max": 3.010004282,
        "mean": 0.513713955879,
        "median": 0.411473125219,
        "min": 0,
        "var": 0.138288989663
    },
    "zerocrossingrate": {
        "dmean": 0.0049040094018,
        "dmean2": 0.00642796326429,
        "dvar": 2.14372503251e-05,
        "dvar2": 3.32326817443e-05,
        "max": 0.07666015625,
        "mean": 0.0242370553315,
        "median": 0.02001953125,
        "min": 0.00390625,
        "var": 0.000181815601536
    },
    "barkbands": {
        "dmean": [0.00031247001607, 0.0138748483732, 0.00476339552552, 0.00424796668813, 0.0014133740915, 0.0012344608549, 0.000424466707045, 0.000132832326926, 0.000435516965808, 9.01588864508e-05, 0.000156024485477, 4.90945312777e-05, 0.000142869161209, 0.000211640945054, 0.000189180471352, 0.000208671728615, 8.65083638928e-05, 7.7547156252e-05, 0.000104780912807, 6.35410688119e-05, 5.09139972564e-05, 3.03551041725e-05, 1.57817958097e-05, 3.35619333782e-05, 2.69567385658e-06, 4.06428313227e-09, 1.82779003044e-09],
        "dmean2": [0.000472727493616, 0.0238079149276, 0.00792684126645, 0.0065470659174, 0.0024309840519, 0.00191476347391, 0.000668570399284, 0.000210299986065, 0.00063724379288, 0.000143814351759, 0.00026129707112, 7.47124431655e-05, 0.000223755094339, 0.000330042559654, 0.000309323804686, 0.000347771390807, 0.000137347597047, 0.000123905410874, 0.000162900003488, 9.70696783043e-05, 7.88370234659e-05, 4.56957459392e-05, 2.60107572103e-05, 4.89991798531e-05, 4.10511984228e-06, 6.90091983557e-09, 3.28194094124e-09],
        "dvar": [2.4908339924e-07, 0.000304415530991, 4.89182421006e-05, 3.03177184833e-05, 2.46129457082e-06, 2.80898143501e-06, 2.93384886163e-07, 3.09926022624e-08, 9.9932287867e-07, 3.40831505241e-08, 1.29308389774e-07, 1.41333700299e-08, 1.03544827823e-07, 1.34592227141e-07, 9.41632123386e-08, 1.90977033299e-07, 3.20100639328e-08, 1.89017832497e-08, 4.2243353704e-08, 2.21410783041e-08, 1.52297587874e-08, 6.42454844879e-09, 4.29377333688e-09, 9.16100617587e-09, 9.20583331787e-11, 8.57483679462e-17, 8.30153830547e-18],
        "dvar2": [5.79977324833e-07, 0.000908840156626, 0.000129295644001, 6.96673596394e-05, 7.11253233021e-06, 7.54184020479e-06, 7.33312390366e-07, 8.42817087232e-08, 2.85953910861e-06, 8.61489155568e-08, 3.72480940314e-07, 2.59716088635e-08, 2.54252711329e-07, 3.47844263615e-07, 2.4142360644e-07, 5.05943944518e-07, 8.21476646706e-08, 4.47104646639e-08, 9.90981945392e-08, 5.12466193925e-08, 3.50871260935e-08, 1.6222161392e-08, 1.19394467646e-08, 2.05470964687e-08, 2.346314254e-10, 2.22244266473e-16, 2.4032304984e-17],
        "max": [0.00603796262294, 0.166503787041, 0.0674736648798, 0.0678170621395, 0.0164594966918, 0.0223045889288, 0.00652496842667, 0.00333703355864, 0.0157249830663, 0.00406533014029, 0.0047987238504, 0.00339328125119, 0.00677706301212, 0.00708276219666, 0.00338313635439, 0.00465717958286, 0.00263632112183, 0.00183765776455, 0.00284103467129, 0.00250349799171, 0.001726845745, 0.00112994923256, 0.000994787551463, 0.00131211942062, 0.000173772481503, 1.34312500677e-07, 3.12633510191e-08],
        "mean": [0.00113665359095, 0.0247874427587, 0.00788037013263, 0.00825112406164, 0.00282516423613, 0.00292135565542, 0.000972720212303, 0.000271610246273, 0.00094037578674, 0.000188403195352, 0.000245141913183, 9.21755345189e-05, 0.000250468787272, 0.000407591025578, 0.000348523026332, 0.000403626589105, 0.000179865761311, 0.000177302354132, 0.00024662251235, 0.000166815661942, 0.000121838580526, 6.72375972499e-05, 2.64188911387e-05, 3.99328346248e-05, 4.05417904403e-06, 5.1538697754e-09, 1.57300050763e-09],
        "median": [0.000361257989425, 0.0160609986633, 0.0038440877106, 0.00416051968932, 0.002171830507, 0.00201579136774, 0.00074446934741, 0.000208348938031, 0.000515563704539, 0.000116641000204, 0.000127023609821, 3.99124801334e-05, 8.85042682057e-05, 0.000189943108126, 0.000163956312463, 7.01732933521e-05, 4.48390383099e-05, 5.30596335011e-05, 3.89310189348e-05, 1.74471751961e-05, 8.05916715763e-06, 1.20995300676e-05, 8.16217288957e-06, 6.68634402246e-06, 7.9173270251e-07, 1.97517691092e-09, 5.82225712087e-10],
        "min": [3.47461259764e-09, 1.70931471644e-07, 3.2018188989e-08, 2.50943266167e-08, 1.47619232393e-08, 4.08422717868e-09, 1.00539718773e-08, 4.74109640436e-09, 4.04765865269e-09, 1.11931963698e-09, 1.99271404933e-10, 6.8766670136e-10, 4.0010628144e-10, 2.92387336565e-09, 5.29845722852e-10, 1.39138089938e-10, 3.962077888e-11, 3.52820439531e-10, 4.03091796053e-11, 4.9452393569e-11, 2.72269654739e-11, 4.14985927566e-11, 3.00567383482e-11, 4.49484303944e-11, 2.38330726682e-11, 1.29029339296e-11, 1.76780638739e-11],
        "var": [1.8154432837e-06, 0.000657715718262, 0.000106364503154, 0.00010507288971, 5.63191952097e-06, 8.84885866981e-06, 6.62442459998e-07, 6.04945356031e-08, 2.41685847868e-06, 8.88538735921e-08, 1.54160787247e-07, 4.39210268155e-08, 2.45117490749e-07, 3.19598484566e-07, 2.09027405162e-07, 4.65462534294e-07, 8.56959587736e-08, 6.70090543053e-08, 1.53715475903e-07, 8.37725693259e-08, 4.77105963625e-08, 1.36857440936e-08, 4.65559990559e-09, 1.04512638543e-08, 1.12901882288e-10, 1.06343404958e-16, 7.13129032412e-18]
    },
    "erbbands": {
        "dmean": [0.301270902157, 3.52051496506, 6.54183006287, 8.31616210938, 10.4349527359, 4.20955038071, 5.34663391113, 11.2087907791, 7.13926935196, 5.05439043045, 3.15771436691, 11.9369935989, 2.75016140938, 3.8274974823, 5.05101537704, 2.44609427452, 6.17055130005, 8.87824726105, 8.31614017487, 11.3486680984, 10.468047142, 3.70420384407, 3.93248581886, 4.4882144928, 5.37214517593, 2.97011852264, 2.50435900688, 1.63631165028, 1.18776583672, 0.649258136749, 0.482214838266, 0.833984673023, 0.381719559431, 0.0687357932329, 0.00387636222877, 0.000189118291019, 1.72651216417e-05, 3.40757219419e-06, 8.56406222738e-06, 2.03180807148e-05],
        "dmean2": [0.527716994286, 6.00977087021, 11.1182584763, 12.9891490936, 17.0247898102, 7.05763816833, 8.36460018158, 17.7615814209, 11.3799705505, 7.37938785553, 4.92605924606, 17.4249153137, 4.16077804565, 6.28641653061, 8.23783016205, 3.70495915413, 9.89167308807, 13.4736757278, 13.1779794693, 18.2274627686, 17.2886753082, 5.72798776627, 6.27177906036, 7.04472541809, 8.42307853699, 4.49011993408, 3.81769299507, 2.51192164421, 1.79123187065, 1.02229952812, 0.781001150608, 1.25152778625, 0.550489604473, 0.104024775326, 0.00570152839646, 0.000275618309388, 2.57471929217e-05, 5.03950104758e-06, 1.42141889228e-05, 3.41433333233e-05],
        "dvar": [0.151513293386, 20.9042663574, 89.6431655884, 123.1039505, 168.115631104, 31.8682918549, 55.9406356812, 251.299545288, 100.999977112, 39.8443336487, 29.5711727142, 805.346130371, 12.0288648605, 63.3764228821, 119.946899414, 35.6840057373, 207.237503052, 372.257171631, 163.009384155, 440.920593262, 507.474578857, 49.3901824951, 50.8987045288, 78.8272857666, 116.885383606, 46.0981483459, 38.724155426, 14.4194459915, 10.2884950638, 4.13247489929, 4.54685258865, 5.83064746857, 1.24522542953, 0.0610041059554, 0.000136169561301, 3.11229371164e-07, 1.91912663539e-09, 6.55889439982e-11, 9.44463535157e-11, 5.27552668217e-10],
        "dvar2": [0.482308477163, 62.1760215759, 251.732620239, 294.214080811, 442.478271484, 82.8764419556, 141.792373657, 701.5859375, 241.497848511, 86.0506286621, 86.710144043, 2257.03979492, 29.6777458191, 168.287765503, 337.186676025, 65.6336746216, 588.324645996, 780.735046387, 397.275299072, 1104.68408203, 1289.19030762, 117.009284973, 123.090560913, 183.400985718, 283.258789062, 105.497329712, 89.341468811, 32.4708328247, 26.1330661774, 11.0009050369, 12.6235494614, 13.6765432358, 2.76381969452, 0.152371302247, 0.000313521828502, 7.01583132923e-07, 4.30872004742e-09, 1.47820158891e-10, 2.66360461465e-10, 1.50944912125e-09],
        "max": [3.13570523262, 45.9214248657, 97.7137145996, 138.634933472, 130.422744751, 85.4021987915, 104.903236389, 187.565795898, 148.28704834, 132.937835693, 72.2730484009, 466.068817139, 42.401512146, 154.794952393, 130.043838501, 172.465789795, 247.72366333, 584.70300293, 186.506988525, 291.059661865, 250.633224487, 90.0950164795, 100.299308777, 118.960998535, 145.84513855, 101.468635559, 82.5448226929, 48.7393569946, 45.7357521057, 31.9615516663, 32.038066864, 37.4117622375, 14.5160493851, 4.1990275383, 0.189275071025, 0.00859844498336, 0.000706753518898, 0.000131878739921, 0.00011841369269, 0.000246152514592],
        "mean": [0.541406035423, 5.92827653885, 11.6180963516, 17.3314533234, 19.9051933289, 8.38313961029, 14.0028047562, 25.0949020386, 14.8082590103, 11.8570518494, 7.92027521133, 24.9681587219, 7.32894897461, 7.78886890411, 8.04291248322, 5.13481140137, 11.5619382858, 17.6204853058, 18.2833404541, 22.5466899872, 21.3072414398, 9.35022640228, 9.3746137619, 11.4491014481, 11.866818428, 7.89268684387, 5.95717716217, 4.05586051941, 2.57920718193, 1.33438766003, 0.74953263998, 0.98981320858, 0.479967743158, 0.100951522589, 0.00579832633957, 0.000313021737384, 3.96231371269e-05, 7.35272124075e-06, 2.58413347183e-05, 5.89472401771e-05],
        "median": [0.413166552782, 3.4368391037, 6.21285581589, 10.1677875519, 12.5429039001, 5.77639007568, 9.9778470993, 16.6616897583, 9.80704975128, 8.16292953491, 5.45297241211, 12.1305561066, 5.80388259888, 4.38151454926, 3.74458193779, 2.17110514641, 4.19183778763, 7.31765174866, 10.3484897614, 7.55257844925, 4.01964473724, 2.33204770088, 2.68485879898, 2.22614598274, 1.9706568718, 0.816694378853, 0.474378198385, 0.352679759264, 0.386048406363, 0.372453540564, 0.217592224479, 0.196469038725, 0.0819805338979, 0.0205036737025, 0.00107514613774, 9.47283551795e-05, 2.59344778897e-05, 4.32403476225e-06, 2.14144074562e-05, 4.85595264763e-05],
        "min": [4.7714415814e-06, 3.76445423171e-05, 4.98851586599e-05, 6.43796302029e-05, 4.7726847697e-05, 5.51177254238e-05, 5.74850855628e-05, 3.73615475837e-05, 0.000181760566193, 4.35234724137e-05, 0.000137229755637, 0.000108343723696, 3.02987573377e-05, 2.21889858949e-05, 1.41460513987e-05, 2.96884209092e-05, 1.42723001773e-05, 8.60322761582e-05, 9.95464652078e-05, 2.05474007089e-05, 8.70045823831e-06, 4.3582726903e-06, 2.073037831e-05, 5.19127570442e-06, 1.9769552182e-06, 2.63507718046e-06, 1.30259320485e-06, 1.25499525438e-06, 1.66787401668e-06, 9.43941472542e-07, 7.77606089741e-07, 7.28303120923e-07, 8.35578475744e-07, 3.93344521399e-07, 9.87541284303e-08, 4.80252815294e-08, 2.28956285042e-08, 9.53931866832e-09, 2.85526646771e-09, 5.4761428725e-10],
        "var": [0.262645155191, 45.4970436096, 191.299102783, 374.554656982, 442.425628662, 81.1125488281, 171.945251465, 654.375061035, 265.104217529, 139.317657471, 69.9164505005, 2020.68286133, 33.6611213684, 159.783920288, 161.158874512, 116.762115479, 453.23348999, 985.313049316, 461.154663086, 1155.74365234, 1269.17443848, 195.692459106, 183.059799194, 313.973968506, 362.738677979, 182.59135437, 115.34148407, 50.6689529419, 21.4404964447, 6.48294973373, 4.39925956726, 6.24490213394, 1.4985127449, 0.0716523230076, 0.000216311877011, 5.02155955928e-07, 3.21162874073e-09, 1.15279785717e-10, 3.51069895377e-10, 1.83123038955e-09]
    },
    "gfcc": {
        "mean": [-41.7255706787, 169.642074585, -123.60307312, 64.5253829956, -49.570980072, 14.0456705093, -27.9318027496, -7.28924846649, 7.01662254333, -17.9127254486, 8.08319377899, -24.3505706787, 5.81746482849],
        "cov": [[4226.23974609, -1032.27563477, -659.442687988, 846.227233887, -61.7067222595, 137.903625488, 70.4296798706, 37.1597366333, -244.040039062, 101.813804626, -171.94052124, -72.0291748047, 104.928619385], [-1032.27563477, 545.619873047, 222.976593018, -284.689117432, 83.2895355225, -160.344024658, 65.5199584961, -72.2147064209, 115.614822388, -45.6167411804, 50.1122283936, 38.383731842, -31.3007030487], [-659.442687988, 222.976593018, 458.432861328, -225.241592407, -9.52763557434, 87.6138687134, -119.626571655, 34.8239173889, 56.7851448059, -64.6570281982, 105.569259644, -12.1384220123, -20.7318954468], [846.227233887, -284.689117432, -225.241592407, 348.508850098, 66.1686019897, -35.5737991333, 111.71837616, -21.7824516296, -53.8681373596, 64.5341110229, -68.986869812, 3.98177695274, 17.5238819122], [-61.7067222595, 83.2895355225, -9.52763557434, 66.1686019897, 140.41809082, -65.4426803589, 109.064949036, -40.0163993835, 27.4388904572, 23.2705116272, -21.9719543457, 17.9098434448, -4.81316995621], [137.903625488, -160.344024658, 87.6138687134, -35.5737991333, -65.4426803589, 195.610839844, -121.541511536, 60.5130882263, -29.3956871033, -22.0162963867, 40.1745872498, -33.8793983459, 10.8260231018], [70.4296798706, 65.5199584961, -119.626571655, 111.71837616, 109.064949036, -121.541511536, 201.89012146, -35.4543228149, 26.964597702, 35.2084922791, -52.5416793823, 30.1660861969, -5.67485761642], [37.1597366333, -72.2147064209, 34.8239173889, -21.7824516296, -40.0163993835, 60.5130882263, -35.4543228149, 83.6022872925, 5.88024091721, -3.39115142822, 16.586605072, -12.2833919525, 13.2188167572], [-244.040039062, 115.614822388, 56.7851448059, -53.8681373596, 27.4388904572, -29.3956871033, 26.964597702, 5.88024091721, 73.9898529053, 14.8249807358, 23.4667453766, 16.8824100494, -4.31245708466], [101.813804626, -45.6167411804, -64.6570281982, 64.5341110229, 23.2705116272, -22.0162963867, 35.2084922791, -3.39115142822, 14.8249807358, 67.8297576904, 2.20404958725, 15.966750145, 13.4898509979], [-171.94052124, 50.1122283936, 105.569259644, -68.986869812, -21.9719543457, 40.1745872498, -52.5416793823, 16.586605072, 23.4667453766, 2.20404958725, 80.5570220947, 20.2863445282, 9.35459709167], [-72.0291748047, 38.383731842, -12.1384220123, 3.98177695274, 17.9098434448, -33.8793983459, 30.1660861969, -12.2833919525, 16.8824100494, 15.966750145, 20.2863445282, 55.5814743042, 15.5819692612], [104.928619385, -31.3007030487, -20.7318954468, 17.5238819122, -4.81316995621, 10.8260231018, -5.67485761642, 13.2188167572, -4.31245708466, 13.4898509979, 9.35459709167, 15.5819692612, 46.1447105408]],
        "icov": [[0.000656236719806, -0.000305684457999, 0.000346087908838, -0.00186728697736, 0.000786773802247, -0.000653549039271, 7.57953021093e-05, -7.05954880686e-05, 0.000160193798365, 0.000380312034395, 2.67163486569e-05, 0.000643840059638, -0.000889054965228], [-0.000305684457999, 0.0484122894704, -0.00858743581921, 0.0375949218869, -0.0153733603656, 0.0327376499772, -0.0172115471214, 0.0273252464831, -0.0209070313722, 0.019663689658, -0.02120119147, 0.0136513803154, -0.0118438377976], [0.000346087908838, -0.00858743581921, 0.00741904089227, -0.00615070201457, -0.000649785273708, -0.00634687021375, 0.00516372267157, -0.00595512287691, 0.00137857277878, 0.000995295122266, -0.00207884283736, -0.000162559648743, 0.00313346763141], [-0.00186728697736, 0.0375949218869, -0.00615070201457, 0.0399455055594, -0.0159069988877, 0.0254135653377, -0.0154377240688, 0.0202422365546, -0.0106308571994, 0.00907141529024, -0.014930030331, 0.00895746797323, -0.00714796129614], [0.000786773802247, -0.0153733603656, -0.000649785273708, -0.0159069988877, 0.022695556283, -0.0124691855162, -0.00301565905102, -0.00187517702579, 0.00273864204064, -0.00762107502669, 0.00947457458824, -0.0033502264414, 0.000685283856001], [-0.000653549039271, 0.0327376499772, -0.00634687021375, 0.0254135653377, -0.0124691855162, 0.0341363474727, -0.00676463963464, 0.0124819977209, -0.0105193052441, 0.0137331690639, -0.0187171641737, 0.0129465777427, -0.00810204260051], [7.57953021093e-05, -0.0172115471214, 0.00516372267157, -0.0154377240688, -0.00301565905102, -0.00676463963464, 0.0226470716298, -0.0134061565623, 0.00327660725452, -0.00588301522657, 0.0118081457913, -0.00981580093503, 0.00718019437045], [-7.05954880686e-05, 0.0273252464831, -0.00595512287691, 0.0202422365546, -0.00187517702579, 0.0124819977209, -0.0134061565623, 0.0354982949793, -0.018004540354, 0.0111502399668, -0.0112724937499, 0.0117068188265, -0.0132188629359], [0.000160193798365, -0.0209070313722, 0.00137857277878, -0.0106308571994, 0.00273864204064, -0.0105193052441, 0.00327660725452, -0.018004540354, 0.0373290739954, -0.0180812701583, 0.00481347274035, -0.00772005785257, 0.0088304085657], [0.000380312034395, 0.019663689658, 0.000995295122266, 0.00907141529024, -0.00762107502669, 0.0137331690639, -0.00588301522657, 0.0111502399668, -0.0180812701583, 0.0351152643561, -0.0163740441203, 0.00699688633904, -0.00945748202503], [2.67163486569e-05, -0.02120119147, -0.00207884283736, -0.014930030331, 0.00947457458824, -0.0187171641737, 0.0118081457913, -0.0112724937499, 0.00481347274035, -0.0163740441203, 0.0414092801511, -0.0211596749723, 0.00434189708903], [0.000643840059638, 0.0136513803154, -0.000162559648743, 0.00895746797323, -0.0033502264414, 0.0129465777427, -0.00981580093503, 0.0117068188265, -0.00772005785257, 0.00699688633904, -0.0211596749723, 0.0378364138305, -0.0148802073672], [-0.000889054965228, -0.0118438377976, 0.00313346763141, -0.00714796129614, 0.000685283856001, -0.00810204260051, 0.00718019437045, -0.0132188629359, 0.0088304085657, -0.00945748202503, 0.00434189708903, -0.0148802073672, 0.0341575928032]]
    },
    "melbands": {
        "dmean": [0.003272352973, 0.00387358805165, 0.00157699547708, 0.000434975983808, 0.000181628100108, 0.000247533229413, 9.47998851188e-05, 4.89956983074e-05, 3.70810448658e-05, 6.68454958941e-05, 1.31196547954e-05, 1.54115714395e-05, 2.22670641961e-05, 5.44042222828e-06, 1.05769868242e-05, 1.41770215123e-05, 1.81521954801e-05, 1.57221202244e-05, 1.40305237437e-05, 1.59249411809e-05, 1.20706863527e-05, 4.65354287371e-06, 3.61101706403e-06, 4.13671523347e-06, 3.96900168198e-06, 4.90697993882e-06, 2.83272447632e-06, 2.05222113436e-06, 1.79265771294e-06, 1.33255502988e-06, 9.39230517361e-07, 7.71573297698e-07, 5.2431369113e-07, 3.07926455889e-07, 2.72056951189e-07, 3.69462298977e-07, 5.83851203828e-07, 3.32925225166e-07, 1.21132188724e-07, 3.58191840633e-08],
        "dmean2": [0.0056344633922, 0.00662952568382, 0.00245074369013, 0.000731955631636, 0.000285585818347, 0.000388343323721, 0.000150089981616, 7.23283083062e-05, 5.58430438105e-05, 9.79408359854e-05, 1.98574543901e-05, 2.51767378359e-05, 3.67549582734e-05, 8.44965961733e-06, 1.6755751858e-05, 2.17675278691e-05, 2.78921379504e-05, 2.47583247983e-05, 2.28008484555e-05, 2.60974647972e-05, 1.98810084839e-05, 7.37464552003e-06, 5.86513442613e-06, 6.672775271e-06, 6.26555174676e-06, 7.74829004513e-06, 4.5140873226e-06, 3.18889442497e-06, 2.81816141978e-06, 2.15878162635e-06, 1.43847717027e-06, 1.18044397368e-06, 8.3129526729e-07, 4.9467342933e-07, 4.45096475232e-07, 6.08945299518e-07, 8.62334104568e-07, 4.81892357129e-07, 1.94138223719e-07, 5.3067594763e-08],
        "dvar": [1.60976960615e-05, 2.75866041193e-05, 3.96376481149e-06, 2.30356434372e-07, 5.33602246833e-08, 1.12889033232e-07, 1.73068830378e-08, 3.7650464968e-09, 6.40767705562e-09, 2.39784210265e-08, 2.84988060928e-10, 1.06460995575e-09, 2.53831622388e-09, 1.45852496747e-10, 5.20400111892e-10, 1.13811859936e-09, 1.3056697945e-09, 5.4335269617e-10, 6.53915477322e-10, 9.24045728823e-10, 6.76760092411e-10, 8.8870688586e-11, 4.65596415589e-11, 5.20302516349e-11, 6.13534084648e-11, 1.00884391119e-10, 3.80476830597e-11, 2.20475564888e-11, 2.04519404884e-11, 1.05370443274e-11, 4.01877966669e-12, 4.56245154504e-12, 1.87885427702e-12, 1.0443440817e-12, 1.63233369963e-12, 1.81747314681e-12, 2.27858031922e-12, 8.12616304541e-13, 2.90951616098e-13, 1.12219608944e-14],
        "dvar2": [4.94668420288e-05, 7.98314431449e-05, 9.38702396525e-06, 6.42828069886e-07, 1.33890679876e-07, 3.09351918304e-07, 4.14866327958e-08, 8.38589730989e-09, 1.89913098581e-08, 6.6982778435e-08, 6.77963962747e-10, 2.78045941826e-09, 7.24144921804e-09, 2.90837937067e-10, 1.39126965504e-09, 2.40323072553e-09, 2.95957547358e-09, 1.42227885025e-09, 1.62364044431e-09, 2.43083531082e-09, 1.71802772009e-09, 2.25800753095e-10, 1.14671300233e-10, 1.31309865758e-10, 1.48529633037e-10, 2.58723986679e-10, 8.74266908868e-11, 5.43431202815e-11, 4.99973916435e-11, 2.58443075968e-11, 9.0881130746e-12, 1.18127148688e-11, 4.68344503804e-12, 2.83668986738e-12, 4.58843249854e-12, 4.92126131513e-12, 4.78811695154e-12, 1.71774237629e-12, 7.79638940213e-13, 2.65346640195e-14],
        "max": [0.0357175096869, 0.0480908080935, 0.0228789076209, 0.00552164530382, 0.00302218040451, 0.00385564914905, 0.00197595055215, 0.00123043626081, 0.00111608020961, 0.00256145605817, 0.000210233702092, 0.000678932177834, 0.000631675182376, 0.000315219571348, 0.000327462010318, 0.00100100866985, 0.00097280042246, 0.000267768366029, 0.000281687942334, 0.000330139475409, 0.000312674412271, 0.000128961983137, 9.46425134316e-05, 9.32186158025e-05, 9.66358566075e-05, 0.0001341750758, 8.25601964607e-05, 6.41543374513e-05, 6.5805761551e-05, 4.02587102144e-05, 2.44487600867e-05, 3.36683697242e-05, 2.32270358538e-05, 1.6294850866e-05, 2.07954781217e-05, 2.1593647034e-05, 2.11039132409e-05, 1.08549766082e-05, 9.2051586762e-06, 1.60955414685e-06],
        "mean": [0.00592614151537, 0.00709130661562, 0.00338256498799, 0.000895411998499, 0.000491307640914, 0.000577845494263, 0.000202133363928, 0.000110212989966, 8.55046164361e-05, 0.00014206423657, 3.16135447065e-05, 3.08623493765e-05, 3.38298777933e-05, 1.02201011032e-05, 1.9494415028e-05, 2.63361780526e-05, 3.41026207025e-05, 3.15588949888e-05, 2.60076230916e-05, 3.03811739286e-05, 2.36027208302e-05, 9.74621798377e-06, 7.81594917498e-06, 8.95770608622e-06, 9.12315044843e-06, 9.75444072537e-06, 6.59559464111e-06, 4.91385253554e-06, 3.9429151002e-06, 2.95460745292e-06, 2.13015482586e-06, 1.5561120108e-06, 1.05504136627e-06, 5.89610692714e-07, 4.09270370483e-07, 4.61406671093e-07, 6.84608039592e-07, 4.06588583246e-07, 1.56004077212e-07, 5.48989653737e-08],
        "median": [0.00429351441562, 0.00424644490704, 0.00212192046456, 0.000665653322358, 0.000368872162653, 0.000398976088036, 0.00013749563368, 7.64712531236e-05, 5.05449497723e-05, 7.25170393707e-05, 2.45492065005e-05, 1.73792832356e-05, 1.57254871738e-05, 4.60623823528e-06, 7.18879346095e-06, 9.96307971945e-06, 1.43640791066e-05, 1.98127254407e-05, 8.87274745764e-06, 8.51764070831e-06, 3.99246573579e-06, 2.33384002968e-06, 1.97532676793e-06, 3.2175898923e-06, 1.51705091866e-06, 1.51114647906e-06, 9.02947363102e-07, 4.89084698074e-07, 3.49871157823e-07, 1.81570953828e-07, 2.13411482264e-07, 2.21451855964e-07, 2.27779779038e-07, 1.72042817326e-07, 1.11844009609e-07, 1.0365592118e-07, 1.22395874769e-07, 5.90018274238e-08, 2.93477278035e-08, 9.69438662679e-09],
        "min": [4.59674431852e-08, 3.5892568917e-08, 1.08551470035e-08, 3.11408676623e-09, 2.34980501723e-09, 9.93340520949e-10, 2.48585640961e-09, 4.939065823e-10, 1.15104115128e-09, 5.77976222438e-10, 1.37472006001e-10, 1.07212870526e-10, 3.16134098066e-11, 9.51724254961e-11, 2.66181746783e-11, 5.58961765762e-11, 1.94594521052e-10, 2.20942722451e-10, 3.69546337975e-11, 1.27920434662e-11, 9.82908025804e-12, 2.90718230739e-12, 1.37353158361e-11, 1.66404147406e-11, 2.86889500871e-12, 1.52413487647e-12, 1.15523844831e-12, 2.04463833017e-12, 7.87846404868e-13, 6.75934948204e-13, 7.3934353648e-13, 1.06472881727e-12, 6.09374367373e-13, 5.31545402312e-13, 4.58309985015e-13, 4.95418701722e-13, 4.0542710248e-13, 6.52371060818e-13, 5.33977213574e-13, 2.50355454683e-13],
        "var": [3.21035804518e-05, 6.17591358605e-05, 1.29229165395e-05, 6.07241418038e-07, 1.80761247748e-07, 3.29989319425e-07, 4.68987160218e-08, 1.22357501908e-08, 1.38622917589e-08, 6.13031687635e-08, 7.06246117144e-10, 2.75540323891e-09, 3.11300274447e-09, 4.39364850058e-10, 1.27318822152e-09, 2.90028268068e-09, 3.22057536195e-09, 1.32986710533e-09, 1.52517087848e-09, 2.30483920838e-09, 1.63625391014e-09, 2.47496079187e-10, 1.36210542845e-10, 1.6063379793e-10, 2.13839224106e-10, 2.59323507112e-10, 1.23059090695e-10, 7.44592928981e-11, 5.22741398779e-11, 2.90236532724e-11, 1.39122654369e-11, 8.39573376099e-12, 3.5246551771e-12, 1.53620258875e-12, 1.52304232594e-12, 1.64367770696e-12, 2.76975642942e-12, 1.03060940858e-12, 2.52624120624e-13, 1.8078166595e-14]
    },
    "mfcc": {
        "mean": [-666.776794434, 164.02734375, 8.29117679596, 41.7363548279, 17.4605941772, 15.38925457, -4.53985834122, 5.80342674255, -1.14043486118, 13.8445034027, 1.39297509193, -2.60344576836, -4.83627891541],
        "cov": [[4625.93115234, -1442.70617676, -646.324645996, 632.460205078, -140.831085205, 244.548080444, 192.296356201, -111.766181946, 228.357772827, -76.8044052124, -128.835968018, 51.6188240051, -0.0663927197456], [-1442.70617676, 903.120666504, 172.862167358, -141.543716431, -0.772714495659, -76.6890869141, -111.802253723, 59.6051521301, -94.6448822021, 31.2714691162, 55.6689376831, -49.000743866, 9.86217403412], [-646.324645996, 172.862167358, 456.82321167, -334.411468506, 176.145843506, -103.548477173, -23.040348053, 38.2393035889, -114.122650146, 47.7262458801, -15.8657903671, 25.2225131989, -48.7536430359], [632.460205078, -141.543716431, -334.411468506, 479.52456665, -148.781814575, 126.250511169, 40.1156234741, -26.2002544403, 116.205604553, -47.0022926331, 29.1261501312, -8.3492975235, 49.8174858093], [-140.831085205, -0.772714495659, 176.145843506, -148.781814575, 142.647247314, -20.4030895233, 5.54347372055, 9.9693813324, -44.527217865, 24.1758670807, -13.7957420349, 12.4235754013, -22.0108261108], [244.548080444, -76.6890869141, -103.548477173, 126.250511169, -20.4030895233, 105.700714111, 25.747220993, -10.1664705276, 25.5048294067, -10.9151096344, 7.24440193176, -4.28049993515, 18.2919254303], [192.296356201, -111.802253723, -23.040348053, 40.1156234741, 5.54347372055, 25.747220993, 65.2799377441, 5.00683546066, 24.4530143738, 0.443438589573, -11.8437166214, 7.70174646378, -5.90146636963], [-111.766181946, 59.6051521301, 38.2393035889, -26.2002544403, 9.9693813324, -10.1664705276, 5.00683546066, 58.9001998901, -0.392641663551, 5.80209302902, 2.12562155724, 2.94086813927, -0.419072121382], [228.357772827, -94.6448822021, -114.122650146, 116.205604553, -44.527217865, 25.5048294067, 24.4530143738, -0.392641663551, 88.5113296509, 3.76553916931, 2.832228899, 1.21739161015, 10.0461587906], [-76.8044052124, 31.2714691162, 47.7262458801, -47.0022926331, 24.1758670807, -10.9151096344, 0.443438589573, 5.80209302902, 3.76553916931, 56.5062561035, 8.7390794754, 5.1034040451, -11.3563585281], [-128.835968018, 55.6689376831, -15.8657903671, 29.1261501312, -13.7957420349, 7.24440193176, -11.8437166214, 2.12562155724, 2.832228899, 8.7390794754, 58.6991157532, 5.10608148575, 10.5371294022], [51.6188240051, -49.000743866, 25.2225131989, -8.3492975235, 12.4235754013, -4.28049993515, 7.70174646378, 2.94086813927, 1.21739161015, 5.1034040451, 5.10608148575, 44.4207801819, 9.22332763672], [-0.0663927197456, 9.86217403412, -48.7536430359, 49.8174858093, -22.0108261108, 18.2919254303, -5.90146636963, -0.419072121382, 10.0461587906, -11.3563585281, 10.5371294022, 9.22332763672, 69.8463516235]],
