{
"lowlevel": {
    "average_loudness": 0.966025173664,
    "barkbands_crest": {
        "dmean": 2.75200366974,
        "dmean2": 4.6835398674,
        "dvar": 9.64524841309,
        "dvar2": 27.4785633087,
        "max": 24.7141723633,
        "mean": 8.66273021698,
        "median": 7.70054769516,
        "min": 2.59237766266,
        "var": 15.2533607483
    },
    "barkbands_flatness_db": {
        "dmean": 0.0197573956102,
        "dmean2": 0.032462541014,
        "dvar": 0.00049365736777,
        "dvar2": 0.00143436063081,
        "max": 0.230743229389,
        "mean": 0.0873667448759,
        "median": 0.0823055058718,
        "min": 0.0244009271264,
        "var": 0.00108897301834
    },
    "barkbands_kurtosis": {
        "dmean": 2.19813704491,
        "dmean2": 3.8968102932,
        "dvar": 29.3786697388,
        "dvar2": 86.9517364502,
        "max": 72.5673217773,
        "mean": 1.57360196114,
        "median": 0.356093406677,
        "min": -1.64112722874,
        "var": 22.1945381165
    },
    "barkbands_skewness": {
        "dmean": 0.5257345438,
        "dmean2": 0.885705292225,
        "dvar": 0.522336006165,
        "dvar2": 1.47363913059,
        "max": 7.98534917831,
        "mean": 1.17848443985,
        "median": 1.02705097198,
        "min": -1.85738837719,
        "var": 0.880310297012
    },
    "barkbands_spread": {
        "dmean": 6.17033624649,
        "dmean2": 9.85953617096,
        "dvar": 49.1290931702,
        "dvar2": 121.837295532,
        "max": 89.1061019897,
        "mean": 31.0333557129,
        "median": 29.5454730988,
        "min": 3.91941094398,
        "var": 150.674636841
    },
    "dissonance": {
        "dmean": 0.0125153604895,
        "dmean2": 0.0214523356408,
        "dvar": 0.000165024204762,
        "dvar2": 0.000454429216916,
        "max": 0.499999910593,
        "mean": 0.476348668337,
        "median": 0.481001257896,
        "min": 0.329526990652,
        "var": 0.000335953140166
    },
    "dynamic_complexity": 2.79912114143,
    "erbbands_crest": {
        "dmean": 1.80656695366,
        "dmean2": 2.98676013947,
        "dvar": 3.22229146957,
        "dvar2": 7.89521408081,
        "max": 22.7253093719,
        "mean": 7.06090354919,
        "median": 6.298432827,
        "min": 2.59910440445,
        "var": 9.41612625122
    },
    "erbbands_flatness_db": {
        "dmean": 0.0137276770547,
        "dmean2": 0.0198896136135,
        "dvar": 0.000179763694177,
        "dvar2": 0.000356813106919,
        "max": 0.205274358392,
        "mean": 0.118965417147,
        "median": 0.11793821305,
        "min": 0.0440506599844,
        "var": 0.000812802696601
    },
    "erbbands_kurtosis": {
        "dmean": 0.571493446827,
        "dmean2": 0.917491614819,
        "dvar": 0.348945349455,
        "dvar2": 0.898490250111,
        "max": 8.00555038452,
        "mean": 0.297104209661,
        "median": 0.073424577713,
        "min": -1.40538203716,
        "var": 1.14835488796
    },
    "erbbands_skewness": {
        "dmean": 0.213582143188,
        "dmean2": 0.334101825953,
        "dvar": 0.0301158148795,
        "dvar2": 0.069021590054,
        "max": 1.59490609169,
        "mean": -0.110963091254,
        "median": -0.156673133373,
        "min": -1.47559511662,
        "var": 0.264784425497
    },
    "erbbands_spread": {
        "dmean": 7.01523733139,
        "dmean2": 11.1605510712,
        "dvar": 53.2993164062,
        "dvar2": 133.024627686,
        "max": 90.538444519,
        "mean": 37.1925621033,
        "median": 35.4389343262,
        "min": 9.99371147156,
        "var": 156.976165771
    },
    "hfc": {
        "dmean": 6.3905749321,
        "dmean2": 9.92435264587,
        "dvar": 68.5094070435,
        "dvar2": 163.595977783,
        "max": 105.157066345,
        "mean": 31.1161460876,
        "median": 25.235918045,
        "min": 1.20910737142e-16,
        "var": 470.696777344
    },
    "melbands_crest": {
        "dmean": 3.2853679657,
        "dmean2": 5.65646791458,
        "dvar": 8.48741817474,
        "dvar2": 22.1169986725,
        "max": 27.5503463745,
        "mean": 13.4056606293,
        "median": 12.7045001984,
        "min": 1.94991827011,
        "var": 22.5888462067
    },
    "melbands_flatness_db": {
        "dmean": 0.0268778428435,
        "dmean2": 0.0439158901572,
        "dvar": 0.000899442005903,
        "dvar2": 0.0025741555728,
        "max": 0.354950755835,
        "mean": 0.162106513977,
        "median": 0.155833438039,
        "min": 0.00476069469005,
        "var": 0.00265112612396
    },
    "melbands_kurtosis": {
        "dmean": 7.00137042999,
        "dmean2": 12.3133850098,
        "dvar": 261.565002441,
        "dvar2": 756.032897949,
        "max": 181.743560791,
        "mean": 9.02218723297,
        "median": 4.87150192261,
        "min": -1.3655090332,
        "var": 220.183898926
    },
    "melbands_skewness": {
        "dmean": 0.789456784725,
        "dmean2": 1.33529496193,
        "dvar": 1.21766316891,
        "dvar2": 3.36119151115,
        "max": 11.0738382339,
        "mean": 2.4025888443,
        "median": 2.14095544815,
        "min": -0.179480701685,
        "var": 2.14135456085
    },
    "melbands_spread": {
        "dmean": 7.76059246063,
        "dmean2": 12.6562414169,
        "dvar": 70.0676727295,
        "dvar2": 175.394607544,
        "max": 134.983474731,
        "mean": 30.5317516327,
        "median": 28.0660934448,
        "min": 1.71010422707,
        "var": 239.427719116
    },
    "pitch_salience": {
        "dmean": 0.0794687643647,
        "dmean2": 0.135219782591,
        "dvar": 0.00645751785487,
        "dvar2": 0.0178377572447,
        "max": 0.810919821262,
        "mean": 0.542815446854,
        "median": 0.550170958042,
        "min": 0.143080428243,
        "var": 0.0115454988554
    },
    "silence_rate_20dB": {
        "dmean": 0,
        "dmean2": 0,
        "dvar": 0,
        "dvar2": 0,
        "max": 1,
        "mean": 1,
        "median": 1,
        "min": 1,
        "var": 0
    },
    "silence_rate_30dB": {
        "dmean": 0,
        "dmean2": 0,
        "dvar": 0,
        "dvar2": 0,
        "max": 1,
        "mean": 1,
        "median": 1,
        "min": 1,
        "var": 0
    },
    "silence_rate_60dB": {
        "dmean": 0.00154798757285,
        "dmean2": 0.00309837330133,
        "dvar": 0.0015455794055,
        "dvar2": 0.00308882631361,
        "max": 1,
        "mean": 0.0355761796236,
        "median": 0,
        "min": 0,
        "var": 0.0343113094568
    },
    "spectral_centroid": {
        "dmean": 219.979202271,
        "dmean2": 345.288208008,
        "dvar": 111653.101562,
        "dvar2": 174010.390625,
        "max": 11270.2724609,
        "mean": 1610.21691895,
        "median": 1561.19470215,
        "min": 534.026428223,
        "var": 268054.28125
    },
    "spectral_complexity": {
        "dmean": 3.87616109848,
        "dmean2": 6.10069704056,
        "dvar": 14.9954690933,
        "dvar2": 32.6684150696,
        "max": 54,
        "mean": 27.9048728943,
        "median": 28,
        "min": 0,
        "var": 104.22845459
    },
    "spectral_decrease": {
        "dmean": 2.80931322649e-09,
        "dmean2": 4.8364019456e-09,
        "dvar": 1.87715653283e-17,
        "dvar2": 5.05232488288e-17,
        "max": -8.6015920792e-30,
        "mean": -7.7660162745e-09,
        "median": -6.99791558034e-09,
        "min": -3.02033313915e-08,
        "var": 2.1349591167e-17
    },
    "spectral_energy": {
        "dmean": 0.0108954627067,
        "dmean2": 0.01864448376,
        "dvar": 0.000272272416623,
        "dvar2": 0.000730282743461,
        "max": 0.116117037833,
        "mean": 0.0321330502629,
        "median": 0.0289839562029,
        "min": 1.09994236941e-20,
        "var": 0.000339875055943
    },
    "spectral_energyband_high": {
        "dmean": 0.000485451746499,
        "dmean2": 0.000720167008694,
        "dvar": 5.22700986494e-07,
        "dvar2": 1.12531540708e-06,
        "max": 0.0101897148415,
        "mean": 0.0014114563819,
        "median": 0.000807190372143,
        "min": 7.84143471569e-21,
        "var": 2.27460532187e-06
    },
    "spectral_energyband_low": {
        "dmean": 0.00891349185258,
        "dmean2": 0.0155402608216,
        "dvar": 0.000286111026071,
        "dvar2": 0.000786900229286,
        "max": 0.110870428383,
        "mean": 0.0129381148145,
        "median": 0.00920926034451,
        "min": 1.01132946237e-22,
        "var": 0.000229523706366
    },
    "spectral_energyband_middle_high": {
        "dmean": 0.00196114997379,
        "dmean2": 0.00320171634667,
        "dvar": 6.69906148687e-06,
        "dvar2": 1.65844885487e-05,
        "max": 0.0358489714563,
        "mean": 0.00839450303465,
        "median": 0.00628780247644,
        "min": 1.59836012828e-21,
        "var": 4.53600332548e-05
    },
    "spectral_energyband_middle_low": {
        "dmean": 0.00385546172038,
        "dmean2": 0.00659998413175,
        "dvar": 4.22507473559e-05,
        "dvar2": 0.000116155439173,
        "max": 0.0637319609523,
        "mean": 0.0104155438021,
        "median": 0.00880927592516,
        "min": 3.86313768093e-22,
        "var": 6.48509085295e-05
    },
    "spectral_entropy": {
        "dmean": 0.108506217599,
        "dmean2": 0.156297087669,
        "dvar": 0.0146368248388,
        "dvar2": 0.0237614549696,
        "max": 9.80711364746,
        "mean": 7.86767911911,
        "median": 7.8892788887,
        "min": 7.03797340393,
        "var": 0.0691368505359
    },
    "spectral_flux": {
        "dmean": 0.026223950088,
        "dmean2": 0.0402031131089,
        "dvar": 0.00112874154001,
        "dvar2": 0.00217390363105,
        "max": 0.3061863482,
        "mean": 0.0951278805733,
        "median": 0.0845387354493,
        "min": 1.04878133955e-10,
        "var": 0.00244075222872
    },
    "spectral_kurtosis": {
        "dmean": 0.906883895397,
        "dmean2": 1.40349209309,
        "dvar": 0.964181125164,
        "dvar2": 2.16825532913,
        "max": 14.2461490631,
        "mean": 4.58780479431,
        "median": 4.28828573227,
        "min": -1.18527603149,
        "var": 3.81669712067
    },
    "spectral_rms": {
        "dmean": 0.000862663029693,
        "dmean2": 0.00144313229248,
        "dvar": 1.26212216855e-06,
        "dvar2": 3.31593037117e-06,
        "max": 0.0106435390189,
        "mean": 0.00534649472684,
        "median": 0.00531761534512,
        "min": 3.2758424879e-12,
        "var": 2.76430114354e-06
    },
    "spectral_rolloff": {
        "dmean": 568.997192383,
        "dmean2": 947.528869629,
        "dvar": 998604.0625,
        "dvar2": 2020990.375,
        "max": 18820.0195312,
        "mean": 1816.58117676,
        "median": 1658.05664062,
        "min": 86.1328125,
        "var": 1785332.5
    },
    "spectral_skewness": {
        "dmean": 0.137625440955,
        "dmean2": 0.214941546321,
        "dvar": 0.0205861646682,
        "dvar2": 0.042966093868,
        "max": 2.94273161888,
        "mean": 1.69225370884,
        "median": 1.69539034367,
        "min": 0.00603423453867,
        "var": 0.106523707509
    },
    "spectral_spread": {
        "dmean": 533961.5625,
        "dmean2": 747967.0625,
        "dvar": 1.28779091968e+12,
        "dvar2": 1.5052397609e+12,
        "max": 39666088,
        "mean": 5176700,
        "median": 5059094.5,
        "min": 2299616.75,
        "var": 2.1379032023e+12
    },
    "spectral_strongpeak": {
        "dmean": 0.589500784874,
        "dmean2": 1.05395066738,
        "dvar": 1.48609673977,
        "dvar2": 4.06086206436,
        "max": 8.88960838318,
        "mean": 0.908828794956,
        "median": 0.359543889761,
        "min": 0,
        "var": 1.97728335857
    },
    "zerocrossingrate": {
        "dmean": 0.0114572243765,
        "dmean2": 0.0137361725792,
        "dvar": 0.000312489515636,
        "dvar2": 0.000314867473207,
        "max": 0.5068359375,
        "mean": 0.0754339769483,
        "median": 0.0703125,
        "min": 0.01171875,
        "var": 0.00117549579591
    },
    "barkbands": {
        "dmean": [0.000168552680407, 0.00677935685962, 0.00282462849282, 0.00118727853987, 0.00174716382753, 0.000840700638946, 0.000579030893277, 0.000841176370159, 0.00070662033977, 0.000290992145892, 0.000387904961826, 0.000295466015814, 0.000755663611926, 0.000575132668018, 0.000525277690031, 0.000406738719903, 0.000419886346208, 0.000237487722188, 0.000172699321411, 0.000153183122166, 0.000109195942059, 0.000116772076581, 6.97483483236e-05, 6.33720992482e-05, 8.02931390353e-05, 8.31029028632e-05, 9.50857247517e-06],
        "dmean2": [0.000302991451463, 0.012041808106, 0.00504511175677, 0.00207163603045, 0.00306800403632, 0.00141203857493, 0.000966514286119, 0.00128554494586, 0.00109377759509, 0.000462281401269, 0.000608002708759, 0.000464665907202, 0.00121546571609, 0.000940858095419, 0.000891173374839, 0.000674896931741, 0.000684847997036, 0.000396073475713, 0.000293828750728, 0.000256582017755, 0.00017874869809, 0.000190025210031, 0.000106922110717, 9.63982602116e-05, 0.000122137149447, 0.000125497768749, 1.493761647e-05],
        "dvar": [8.42453999894e-08, 0.00020097149536, 2.36323594436e-05, 2.74284093393e-06, 1.76562534762e-05, 1.51761514644e-06, 1.32194929847e-06, 2.11723204302e-06, 1.11965618999e-06, 1.35540503265e-07, 6.42393558792e-07, 3.71922482145e-07, 2.49059235102e-06, 1.59812861966e-06, 9.22277934023e-07, 4.71933446988e-07, 4.54649182302e-07, 1.09054170139e-07, 6.12414510215e-08, 5.29812318462e-08, 3.58322118643e-08, 2.99628517553e-08, 1.6502733402e-08, 1.13656435374e-08, 1.97259133472e-08, 3.47490569652e-08, 8.84460615858e-10],
        "dvar2": [2.58755790128e-07, 0.00055378198158, 6.86845160089e-05, 7.96616950538e-06, 4.95308231621e-05, 4.5395199777e-06, 3.30389707415e-06, 4.94062169309e-06, 2.5663453016e-06, 3.26874555867e-07, 1.4871429812e-06, 8.16684860183e-07, 6.12440544501e-06, 4.07509924116e-06, 2.62517687588e-06, 1.26803138301e-06, 1.15903935693e-06, 2.93487858016e-07, 1.67686835084e-07, 1.36416744567e-07, 9.19591656157e-08, 7.13464771707e-08, 3.65379975165e-08, 2.41952129443e-08, 4.47272192616e-08, 8.02492721164e-08, 1.93094784606e-09],
        "max": [0.00196666177362, 0.0967066735029, 0.0466421805322, 0.0150415748358, 0.0419763326645, 0.0125374840572, 0.013424445875, 0.0219521783292, 0.0155588164926, 0.00517539447173, 0.0173055715859, 0.0121878478676, 0.0251503512263, 0.0243478883058, 0.0148168085143, 0.0101244468242, 0.0136006940156, 0.0043152407743, 0.0033168119844, 0.00251246313564, 0.00244350358844, 0.0023593462538, 0.0016388639342, 0.00250220834278, 0.0023599260021, 0.00316677824594, 0.000736285874154],
        "mean": [0.000160660638358, 0.0076732924208, 0.00425278302282, 0.00163703714497, 0.00244512222707, 0.00147905095946, 0.000932493945584, 0.00195331848226, 0.00161837704945, 0.000616159813944, 0.000784497999121, 0.000521830283105, 0.00151351455133, 0.00126239960082, 0.000977781484835, 0.000873499957379, 0.000955536146648, 0.000532906211447, 0.000400180753786, 0.000307754351525, 0.000229085315368, 0.000308891932946, 0.000153834364028, 0.000165543737239, 0.000207811681321, 0.000155415211339, 1.42566841532e-05],
        "median": [4.37396192865e-05, 0.00388087588362, 0.00308646145277, 0.00106736610178, 0.00146887113806, 0.000810763973277, 0.000474124622997, 0.000528246164322, 0.000673478469253, 0.000454782508314, 0.000399920623749, 0.000266807415755, 0.000484231568407, 0.000569936702959, 0.000600910978392, 0.000530292221811, 0.000607924768701, 0.000358285265975, 0.000273266196018, 0.000158676761203, 0.000100982259028, 0.000128485960886, 6.47601045785e-05, 9.33099217946e-05, 0.00012259009236, 7.89647456259e-05, 4.69582755613e-06],
        "min": [1.98877577114e-23, 3.77006629361e-23, 3.50208866639e-23, 2.79714236664e-23, 2.03524630489e-23, 8.33286837722e-23, 5.5349857435e-23, 1.02568792991e-22, 8.54549226581e-23, 3.41017154035e-23, 3.22294991953e-23, 9.44223715734e-23, 7.56952491347e-23, 1.64533564661e-22, 1.37064291981e-22, 1.32510115934e-22, 1.760668878e-22, 1.97982996225e-22, 3.77805379427e-22, 2.75277947991e-22, 5.83966692294e-22, 5.86491350113e-22, 6.44291403209e-22, 6.50839125427e-22, 1.21094344429e-21, 2.00654710339e-21, 2.2749314673e-21],
        "var": [7.94088563794e-08, 0.00015086295025, 2.05329397431e-05, 3.1568954455e-06, 1.417742169e-05, 3.07343543682e-06, 1.94785502572e-06, 1.06678762677e-05, 5.11418056703e-06, 3.46917431671e-07, 2.60564888777e-06, 8.12190364741e-07, 7.73338524596e-06, 6.0331271925e-06, 1.77500930931e-06, 1.35146342473e-06, 1.37462404837e-06, 3.16976354497e-07, 1.52845004209e-07, 1.3808657684e-07, 9.42831164252e-08, 1.42970890238e-07, 4.12284570928e-08, 4.47456258712e-08, 6.09767525361e-08, 6.9771644462e-08, 1.69315650389e-09]
    },
    "erbbands": {
        "dmean": [0.15011548996, 1.70252072811, 3.53534555435, 3.3243970871, 5.41342926025, 5.65960693359, 6.22408437729, 7.19879245758, 6.10716247559, 14.9517869949, 16.3314266205, 16.8066883087, 11.9525365829, 8.11011219025, 14.2629308701, 14.0369052887, 33.5623512268, 28.1459350586, 25.0446414948, 25.7364997864, 20.2865104675, 18.142326355, 14.1617355347, 9.18930912018, 7.37689590454, 6.86116886139, 5.19670915604, 4.50999307632, 4.36109447479, 3.05179810524, 1.96348440647, 1.32259833813, 1.20713376999, 0.858322560787, 0.67154443264, 0.401054114103, 0.137849703431, 0.0300769507885, 0.000798433378804, 2.687082997e-05],
        "dmean2": [0.267648369074, 2.99522471428, 6.36380720139, 5.79575300217, 9.51293373108, 10.099779129, 10.4536275864, 12.2645044327, 10.0820598602, 23.6440219879, 25.3908214569, 25.8809547424, 18.6275634766, 12.8363714218, 22.3593025208, 21.8120079041, 53.689491272, 45.82995224, 40.6241722107, 44.1118125916, 33.4812202454, 29.6386127472, 23.229177475, 15.4634504318, 12.586227417, 11.5099573135, 8.39169788361, 7.34335422516, 7.12356901169, 4.82007455826, 2.98211503029, 1.97483217716, 1.89132106304, 1.3507515192, 1.03353977203, 0.627445459366, 0.20492823422, 0.0432393029332, 0.00119206227828, 4.06018261856e-05],
        "dvar": [0.0963765978813, 12.4133234024, 41.4969711304, 22.2192192078, 166.943374634, 176.088241577, 75.5535202026, 139.077926636, 162.870422363, 756.150085449, 897.277954102, 710.530456543, 225.113632202, 157.7762146, 679.103149414, 670.76159668, 5437.88671875, 2676.81152344, 2584.43041992, 2676.30786133, 999.887451172, 663.806762695, 435.280181885, 142.403823853, 125.431510925, 105.477264404, 68.1105575562, 65.8232116699, 44.3222198486, 19.9947719574, 14.0749750137, 4.43352031708, 5.16423654556, 2.73350286484, 1.51631104946, 0.872463345528, 0.114430136979, 0.00567192770541, 6.05582908975e-06, 2.51785170491e-09],
        "dvar2": [0.270532548428, 34.320186615, 119.733482361, 64.4191436768, 471.51574707, 497.433135986, 208.570556641, 420.631256104, 416.254119873, 1975.9744873, 2051.83544922, 1583.13623047, 529.244628906, 350.245330811, 1654.72119141, 1531.14355469, 13134.1777344, 6379.32324219, 7021.08740234, 7897.07275391, 2628.45556641, 1709.66943359, 1200.29980469, 392.392272949, 333.672973633, 273.809234619, 172.129730225, 166.791290283, 107.747322083, 48.5414199829, 30.9153518677, 9.28832530975, 11.4129199982, 6.39601612091, 3.71834897995, 2.22293591499, 0.240768969059, 0.0102242296562, 1.10602559289e-05, 4.76176698072e-09],
        "max": [2.4524204731, 23.9547405243, 51.5735206604, 49.6514816284, 131.620346069, 137.093719482, 114.709724426, 129.109451294, 189.156814575, 382.953155518, 610.875732422, 424.382110596, 203.721862793, 227.364624023, 598.528137207, 513.830749512, 1366.95031738, 822.775695801, 844.495788574, 904.1171875, 661.044921875, 468.799468994, 317.749816895, 162.578720093, 139.417007446, 108.619018555, 98.3604431152, 103.400978088, 86.7602462769, 59.0727882385, 49.6566238403, 30.3390197754, 56.8932151794, 32.9869995117, 19.842294693, 10.5101661682, 6.6524939537, 1.91075456142, 0.0700121670961, 0.00113244657405],
        "mean": [0.154582738876, 1.93726742268, 5.07797336578, 5.37430953979, 6.8076004982, 8.10434532166, 10.7054109573, 11.5317640305, 10.5896129608, 32.0392532349, 37.8522758484, 40.8257865906, 26.4281044006, 18.0039329529, 29.9371681213, 29.2718734741, 70.9313201904, 64.8681640625, 54.6186599731, 51.1482124329, 51.919960022, 47.3394317627, 35.2401275635, 22.1233901978, 17.7054328918, 14.1180877686, 10.6258878708, 9.43353843689, 11.000287056, 7.96907949448, 4.21367740631, 3.01152849197, 3.12666678429, 2.17725300789, 1.56047487259, 0.746607303619, 0.261835962534, 0.0556936487556, 0.00140802923124, 7.70947954152e-05],
        "median": [0.0659884288907, 1.01814007759, 3.84168171883, 3.83732104301, 3.94570422173, 4.49786806107, 6.73043775558, 5.5621304512, 6.33137130737, 9.8209695816, 14.8598690033, 15.5266876221, 18.1104316711, 12.5162658691, 16.9191112518, 14.7446594238, 21.71434021, 34.7543640137, 30.0298137665, 32.1141281128, 32.812789917, 31.0862731934, 23.1530361176, 16.8049221039, 11.1164064407, 7.49663972855, 4.93638324738, 3.83648729324, 4.53671884537, 2.97849941254, 1.93937957287, 1.61238145828, 1.76097595692, 1.28140771389, 0.920928239822, 0.379828065634, 0.1266669631, 0.0229076109827, 0.000547456613276, 6.04026536166e-05],
        "min": [1.64242910438e-21, 7.18185268903e-21, 3.19821144349e-20, 8.21995159465e-20, 4.26464855523e-20, 9.35973086927e-20, 2.2909689888e-19, 7.23306579951e-19, 1.12160479824e-18, 8.9673450795e-19, 2.53453702476e-18, 1.7478890894e-18, 1.50579390022e-18, 1.20338194155e-18, 1.99143711793e-18, 4.31277164852e-18, 3.13180754234e-18, 8.68255175768e-18, 6.87992543881e-18, 6.40882498685e-18, 6.99396593473e-18, 1.14032720423e-17, 1.13892281698e-17, 1.70342130724e-17, 1.61620288714e-17, 1.39264409171e-17, 1.59350041892e-17, 2.62188163126e-17, 2.26410947272e-17, 2.0391634954e-17, 1.91791916624e-17, 1.3206348761e-17, 1.14813504475e-17, 1.33801145923e-17, 8.98555215196e-18, 7.31396737214e-18, 3.72718071439e-18, 1.26641113967e-18, 3.06657566564e-19, 3.41619776871e-20],
        "var": [0.0757457613945, 9.20276451111, 31.142742157, 27.1085662842, 126.119598389, 153.80947876, 148.398681641, 235.754379272, 214.158935547, 2915.92700195, 3848.59667969, 3799.00244141, 718.829223633, 506.686035156, 2607.65332031, 2016.38964844, 17463.8085938, 10002.1015625, 6421.29492188, 5158.02636719, 4330.68310547, 2817.61206055, 1445.52966309, 385.935180664, 367.945922852, 271.67175293, 185.631057739, 175.047271729, 187.600906372, 102.835571289, 31.5891666412, 14.1939125061, 18.1502742767, 7.72815990448, 3.73445510864, 1.40004599094, 0.24995149672, 0.0145450159907, 1.37518227348e-05, 6.60826460219e-09]
    },
    "gfcc": {
        "mean": [46.8213043213, 68.5949554443, -109.247848511, 27.2297687531, -40.2139701843, 21.4763317108, -41.7993431091, 18.3143424988, -24.7912216187, 9.8558549881, -24.6030292511, 2.6506998539, -18.0941810608],
        "cov": [[7502.69482422, -462.802581787, -346.148101807, 22.1589794159, -525.548217773, 137.660003662, -83.1232376099, 10.9702911377, 6.27895116806, 74.6342849731, -125.810142517, 14.0100708008, -120.415794373], [-462.802581787, 596.519775391, -91.8672561646, -62.9672546387, 106.196113586, -56.400680542, 15.4110908508, 12.8316850662, 35.9332733154, -12.9453430176, 58.5296974182, -32.0075874329, 13.4419336319], [-346.148101807, -91.8672561646, 316.729125977, 18.495382309, 145.237365723, 13.7453527451, 32.1231651306, 19.9707832336, -14.8596820831, 2.75035572052, -6.10146522522, 35.8833351135, 19.4369487762], [22.1589794159, -62.9672546387, 18.495382309, 192.365341187, 20.5939407349, 9.5460062027, -9.97307777405, -19.1602191925, 10.3333740234, -20.3347949982, 1.07030570507, 4.41072225571, 42.8890342712], [-525.548217773, 106.196113586, 145.237365723, 20.5939407349, 246.079650879, 15.8192043304, 25.3450031281, 31.3667736053, 0.161820843816, -13.8649082184, 12.7925138474, 29.4511966705, 42.1458969116], [137.660003662, -56.400680542, 13.7453527451, 9.5460062027, 15.8192043304, 126.527297974, 58.3042945862, 26.7151584625, 12.2212495804, 25.2349586487, 15.2903614044, 10.8182239532, -6.02345609665], [-83.1232376099, 15.4110908508, 32.1231651306, -9.97307777405, 25.3450031281, 58.3042945862, 113.612579346, 21.0377998352, 5.86544370651, 16.5190639496, 4.79936647415, -6.78775501251, -12.6564207077], [10.9702911377, 12.8316850662, 19.9707832336, -19.1602191925, 31.3667736053, 26.7151584625, 21.0377998352, 73.675163269, 35.1272239685, 15.8374519348, 10.092877388, 8.63129806519, -5.40214061737], [6.27895116806, 35.9332733154, -14.8596820831, 10.3333740234, 0.161820843816, 12.2212495804, 5.86544370651, 35.1272239685, 79.4716491699, 27.7877388, 15.9680109024, -4.0806312561, -2.01902699471], [74.6342849731, -12.9453430176, 2.75035572052, -20.3347949982, -13.8649082184, 25.2349586487, 16.5190639496, 15.8374519348, 27.7877388, 60.1619720459, 26.052646637, -1.82055985928, -13.8127298355], [-125.810142517, 58.5296974182, -6.10146522522, 1.07030570507, 12.7925138474, 15.2903614044, 4.79936647415, 10.092877388, 15.9680109024, 26.052646637, 63.2303123474, 20.8196754456, 10.9105472565], [14.0100708008, -32.0075874329, 35.8833351135, 4.41072225571, 29.4511966705, 10.8182239532, -6.78775501251, 8.63129806519, -4.0806312561, -1.82055985928, 20.8196754456, 60.340461731, 31.5490493774], [-120.415794373, 13.4419336319, 19.4369487762, 42.8890342712, 42.1458969116, -6.02345609665, -12.6564207077, -5.40214061737, -2.01902699471, -13.8127298355, 10.9105472565, 31.5490493774, 63.4819755554]],
        "icov": [[0.000195445405552, -0.000117576782941, 0.000105571940367, -0.000245565344812, 0.000395223731175, -0.000312436837703, 0.000249789329246, -0.000212342696614, 0.00020274106646, -0.000558379804716, 0.000878171995282, -0.000727767474018, 0.000364610401448], [-0.000117576782941, 0.00379007705487, 0.00149444898125, 0.00207085791044, -0.00277811987326, 0.00212880223989, -0.00152070983313, 0.000730150612071, -0.00211469130591, 0.00348095060326, -0.00567762600258, 0.00447127129883, -0.00163303827867], [0.000105571940367, 0.00149444898125, 0.00584786757827, -0.000324238120811, -0.00387165811844, 0.00159562949557, -0.00153373449575, -0.000189144120668, 0.000768285884988, -0.00185423332732, 0.00103286164813, -0.00225541670807, 0.00127665325999], [-0.000245565344812, 0.00207085791044, -0.000324238120811, 0.00861975457519, -0.00127579411492, -0.000765637902077, -0.000308873219183, 0.00317423813976, -0.00422770576552, 0.00555422483012, -0.00465671345592, 0.00601177476346, -0.00675902422518], [0.000395223731175, -0.00277811987326, -0.00387165811844, -0.00127579411492, 0.00957866664976, -0.00238210102543, 0.000740473216865, -0.00339409173466, 0.00174708524719, -0.000257136271102, 0.00304291606881, -0.00238867336884, -0.00267748744227], [-0.000312436837703, 0.00212880223989, 0.00159562949557, -0.000765637902077, -0.00238210102543, 0.013796383515, -0.00675243139267, -0.00200400245376, 2.98951672448e-05, -0.00164031400345, -0.00369813642465, -0.000784108939115, 0.00102841272019], [0.000249789329246, -0.00152070983313, -0.00153373449575, -0.000308873219183, 0.000740473216865, -0.00675243139267, 0.0136310942471, -0.00186905206647, 0.00172817881685, -0.00240537780337, 0.0024284736719, 0.00117947871331, 0.00142841099296], [-0.000212342696614, 0.000730150612071, -0.000189144120668, 0.00317423813976, -0.00339409173466, -0.00200400245376, -0.00186905206647, 0.0224232170731, -0.0108285732567, 0.00220281817019, -0.00116657163016, -0.00273272977211, 0.00264819944277], [0.00020274106646, -0.00211469130591, 0.000768285884988, -0.00422770576552, 0.00174708524719, 2.98951672448e-05, 0.00172817881685, -0.0108285732567, 0.0221216492355, -0.0108924619853, 0.002710390836, 2.2547388653e-05, -0.000424106168794], [-0.000558379804716, 0.00348095060326, -0.00185423332732, 0.00555422483012, -0.000257136271102, -0.00164031400345, -0.00240537780337, 0.00220281817019, -0.0108924619853, 0.0343118943274, -0.01876953803, 0.00894630979747, 0.000641084392555], [0.000878171995282, -0.00567762600258, 0.00103286164813, -0.00465671345592, 0.00304291606881, -0.00369813642465, 0.0024284736719, -0.00116657163016, 0.002710390836, -0.01876953803, 0.0357924476266, -0.0178858302534, 0.0024511157535], [-0.000727767474018, 0.00447127129883, -0.00225541670807, 0.00601177476346, -0.00238867336884, -0.000784108939115, 0.00117947871331, -0.00273272977211, 2.2547388653e-05, 0.00894630979747, -0.0178858302534, 0.0376276001334, -0.0178629476577], [0.000364610401448, -0.00163303827867, 0.00127665325999, -0.00675902422518, -0.00267748744227, 0.00102841272019, 0.00142841099296, 0.00264819944277, -0.000424106168794, 0.000641084392555, 0.0024511157535, -0.0178629476577, 0.0319329835474]]
    },
    "melbands": {
        "dmean": [0.00163240020629, 0.00199722731486, 0.000600420462433, 0.000413775502238, 0.000216276646825, 0.000158931987244, 9.63847851381e-05, 0.000167696925928, 0.000135895475978, 0.000101405159512, 5.90469753661e-05, 3.20818035107e-05, 5.71358687012e-05, 3.03414435621e-05, 6.17574769421e-05, 6.67628337396e-05, 5.84020490351e-05, 4.40462608822e-05, 3.33520838467e-05, 3.50266200257e-05, 2.62049343291e-05, 2.10347971006e-05, 2.28512963076e-05, 9.54861934588e-06, 8.13781480247e-06, 6.83681901137e-06, 4.6885638767e-06, 5.09224128109e-06, 3.9490078052e-06, 2.7801052056e-06, 2.84784505311e-06, 2.76212290373e-06, 2.48491255661e-06, 1.56346698077e-06, 1.07667949578e-06, 1.24506425436e-06, 7.81420283147e-07, 8.84012990809e-07, 8.83935342699e-07, 7.58562123337e-07],
        "dmean2": [0.00290783308446, 0.0035263816826, 0.00104632158764, 0.000734528061002, 0.000368961511413, 0.000269772979664, 0.000158992843353, 0.000261012464762, 0.00020927398873, 0.000157600909006, 9.16252975003e-05, 5.09392739332e-05, 8.90995506779e-05, 4.87409924972e-05, 9.69356333371e-05, 0.000108570267912, 9.50050161919e-05, 7.20007810742e-05, 5.77688369958e-05, 5.79517254664e-05, 4.2784420657e-05, 3.50790542143e-05, 3.82990692742e-05, 1.60962154041e-05, 1.37152201205e-05, 1.15137409011e-05, 8.0935387814e-06, 8.49490970722e-06, 6.52793369227e-06, 4.46580588687e-06, 4.68416283184e-06, 4.53638040199e-06, 4.05204445997e-06, 2.50429616244e-06, 1.6829260403e-06, 1.91830599761e-06, 1.21444350043e-06, 1.40329893838e-06, 1.36698201914e-06, 1.21070161185e-06],
        "dvar": [1.19423020806e-05, 1.41691016324e-05, 6.97014058915e-07, 1.1967744058e-06, 9.16377231874e-08, 6.27366674166e-08, 3.72071049526e-08, 9.00487435729e-08, 5.56674493168e-08, 2.49860185875e-08, 5.50630430141e-09, 2.27913399264e-09, 1.39881386474e-08, 2.9566071813e-09, 2.006732025e-08, 1.78996515388e-08, 1.31743895793e-08, 9.5809742362e-09, 3.94110255542e-09, 4.1810190865e-09, 1.88422810687e-09, 8.53997317307e-10, 1.58518798088e-09, 1.34259353635e-10, 1.21433155198e-10, 1.08347837646e-10, 6.27391819052e-11, 6.27031759848e-11, 4.57606348647e-11, 2.43503134323e-11, 2.62893960074e-11, 1.85157496974e-11, 1.36302115428e-11, 6.12725191765e-12, 3.44937728554e-12, 7.50550923495e-12, 1.4469569206e-12, 2.48620525209e-12, 3.04586390831e-12, 1.98595306866e-12],
        "dvar2": [3.29680151481e-05, 4.00479912059e-05, 2.00345402845e-06, 3.38568111147e-06, 2.58728022118e-07, 1.89692144659e-07, 9.34801320795e-08, 2.31273403983e-07, 1.26185071281e-07, 5.68807720924e-08, 1.28884192208e-08, 5.01581354229e-09, 3.35134089369e-08, 6.55419141182e-09, 4.92700351629e-08, 4.44748913253e-08, 3.15195372025e-08, 2.63978083836e-08, 1.13810010305e-08, 1.1771435382e-08, 5.1807451662e-09, 2.33294850105e-09, 4.2610692752e-09, 3.75195402524e-10, 3.3524530374e-10, 2.87611684469e-10, 1.69917357962e-10, 1.63377048001e-10, 1.18740101085e-10, 6.42892752922e-11, 6.8428512856e-11, 4.61139113006e-11, 3.48180338727e-11, 1.4982499616e-11, 7.68733687817e-12, 1.69880689377e-11, 3.22224929031e-12, 5.47722544403e-12, 7.21783093363e-12, 4.83673994953e-12],
        "max": [0.025349220261, 0.0261020455509, 0.00764434132725, 0.0111746303737, 0.00375226605684, 0.00273514073342, 0.0024786493741, 0.00489189522341, 0.00468935910612, 0.00228808098473, 0.000985096325167, 0.000821928610094, 0.00272751343437, 0.000800531008281, 0.00256570219062, 0.00241922144778, 0.00192508404143, 0.00168706255499, 0.000824984395877, 0.00104781950358, 0.00108333211392, 0.000469160848297, 0.000768098805565, 0.000137222072226, 0.000147086189827, 0.000135090813274, 0.000149102575961, 9.34688723646e-05, 9.74738504738e-05, 6.66628038744e-05, 6.0245689383e-05, 4.94839841849e-05, 5.39516149729e-05, 3.34000324074e-05, 2.06324602914e-05, 3.90913555748e-05, 2.39133132709e-05, 3.95550523535e-05, 3.63673934771e-05, 2.55074592133e-05],
        "mean": [0.00179207150359, 0.00275431387126, 0.00099966453854, 0.000542604655493, 0.000377553486032, 0.000266127113719, 0.000164696888532, 0.000375720090233, 0.000311653013341, 0.000239595246967, 0.000123912919662, 6.55632684357e-05, 0.000114408016088, 5.66719209019e-05, 0.00012690020958, 0.000137339040521, 0.000124460377265, 9.21734972508e-05, 6.35695832898e-05, 6.71215311741e-05, 6.1613478465e-05, 4.9217902415e-05, 4.75351807836e-05, 2.19101730181e-05, 1.73273692781e-05, 1.42693352245e-05, 1.00893839772e-05, 9.48254637478e-06, 7.29656358089e-06, 5.34253422302e-06, 5.40926612302e-06, 6.11844916421e-06, 6.19724505668e-06, 3.62310333912e-06, 2.28526778301e-06, 2.17498268285e-06, 1.71075419075e-06, 2.08702567761e-06, 2.23855795412e-06, 1.70463260929e-06],
        "median": [0.000876997946762, 0.00205806735903, 0.000737586640753, 0.00031171872979, 0.000259358203039, 0.000132596425829, 9.6327981737e-05, 0.000108554173494, 0.000122321391245, 9.62561607594e-05, 8.3029292e-05, 4.42846794613e-05, 5.73203906242e-05, 3.52739807568e-05, 3.94382041122e-05, 5.05264179083e-05, 6.03545013291e-05, 4.60224327981e-05, 3.99153395847e-05, 4.15842005168e-05, 3.68330183846e-05, 3.18773927575e-05, 2.76772389043e-05, 1.61288080562e-05, 1.26606446429e-05, 9.05444267119e-06, 6.27807548881e-06, 4.52239601145e-06, 3.34946685143e-06, 2.25813187171e-06, 2.08571145777e-06, 2.43789850174e-06, 2.35946617977e-06, 1.30909893414e-06, 1.08532140075e-06, 9.45684178077e-07, 9.3172201332e-07, 1.12342991088e-06, 1.2824583564e-06, 9.19595095183e-07],
        "min": [1.34053326658e-23, 1.37985908711e-23, 1.29303334823e-23, 3.86017329942e-24, 7.63878705872e-24, 1.81584909879e-23, 1.53203209122e-23, 1.16161219798e-23, 2.12712682778e-23, 1.0873117559e-23, 7.40359291299e-24, 4.5853044987e-24, 5.31764036461e-24, 8.56747592597e-24, 1.29965394226e-23, 5.99229866545e-24, 1.78787230455e-23, 9.96401137484e-24, 9.82944590391e-24, 1.02470554565e-23, 6.3106505835e-24, 1.33935502393e-23, 7.4298264824e-24, 1.19808683854e-23, 1.4336085982e-23, 1.22480713512e-23, 1.20563481745e-23, 8.02426078461e-24, 7.36139516545e-24, 1.51931802001e-23, 1.48651891906e-23, 1.34785500018e-23, 9.94206605332e-24, 1.177006503e-23, 1.16474366023e-23, 8.26170712822e-24, 7.77919877782e-24, 7.16047623719e-24, 9.7329137838e-24, 1.17255251544e-23],
        "var": [9.04317766981e-06, 1.05033004729e-05, 8.37910647533e-07, 8.7510090907e-07, 1.67338257029e-07, 1.14543091456e-07, 5.15128952827e-08, 4.14906594415e-07, 2.42973982267e-07, 1.25635480686e-07, 1.67201470447e-08, 6.35329167054e-09, 5.6262070558e-08, 5.81942760647e-09, 6.96986575122e-08, 6.05028702694e-08, 4.84002882217e-08, 2.40883348823e-08, 7.22604154291e-09, 8.61365467841e-09, 7.44791828211e-09, 3.08508552038e-09, 4.22733581473e-09, 3.85454224094e-10, 2.84908596715e-10, 2.65435423641e-10, 1.48533990663e-10, 1.55912061039e-10, 1.01968627986e-10, 5.8387870927e-11, 6.0195848306e-11, 6.00647032112e-11, 6.63945218249e-11, 2.27153903326e-11, 8.47223853573e-12, 1.20464645204e-11, 4.82363021054e-12, 8.80140751947e-12, 9.15586703676e-12, 4.92318165402e-12]
    },
    "mfcc": {
        "mean": [-600.925292969, 109.60004425, -6.54573917389, 17.4741344452, 18.694360733, 7.15215396881, 1.55524587631, 4.62025880814, 6.70663022995, 2.94007325172, 5.93515110016, -0.673084914684, -1.09079086781],
        "cov": [[5464.93164062, -328.112884521, -58.0060157776, -131.674407959, -326.225341797, 11.8748855591, -167.865066528, -33.8184623718, -8.93548488617, -16.6683368683, 132.104858398, 45.7777900696, -63.4442863464], [-328.112884521, 662.629272461, -122.202606201, -9.18430614471, 79.060218811, -50.4719200134, 38.3300704956, 2.07551383972, 2.00627326965, 10.675028801, 20.3596630096, 15.2874889374, 34.5953483582], [-58.0060157776, -122.202606201, 158.979446411, 23.4500751495, 16.6386928558, 25.8605117798, 21.252779007, 4.91478443146, 11.825553894, -0.365703999996, -13.8414449692, 7.22276067734, 14.078962326], [-131.674407959, -9.18430614471, 23.4500751495, 146.300170898, 66.2864074707, 7.9838142395, 3.6587998867, -4.50196838379, 11.90974617, -6.48325634003, -56.3128318787, -16.0727672577, -3.37896418571], [-326.225341797, 79.060218811, 16.6386928558, 66.2864074707, 197.096633911, 2.35279011726, 24.1375045776, 18.1738872528, 29.3245449066, -13.9417963028, -34.8961410522, -19.298002243, 30.5885009766], [11.8748855591, -50.4719200134, 25.8605117798, 7.9838142395, 2.35279011726, 92.2181777954, 47.8301925659, 14.494594574, 12.0935268402, 10.1658430099, 2.84298706055, 14.9385251999, -6.10222768784], [-167.865066528, 38.3300704956, 21.252779007, 3.6587998867, 24.1375045776, 47.8301925659, 108.14680481, 27.8139877319, 15.4517326355, 5.54893875122, -8.29837703705, 14.2999315262, 8.78880214691], [-33.8184623718, 2.07551383972, 4.91478443146, -4.50196838379, 18.1738872528, 14.494594574, 27.8139877319, 68.4729003906, 28.1191158295, 2.82627892494, 6.09153938293, 9.71747970581, 11.4776630402], [-8.93548488617, 2.00627326965, 11.825553894, 11.90974617, 29.3245449066, 12.0935268402, 15.4517326355, 28.1191158295, 62.591217041, 20.3148765564, -0.544035375118, 3.62836289406, 5.40014314651], [-16.6683368683, 10.675028801, -0.365703999996, -6.48325634003, -13.9417963028, 10.1658430099, 5.54893875122, 2.82627892494, 20.3148765564, 64.0352401733, 34.8924789429, 11.1672849655, -0.604280889034], [132.104858398, 20.3596630096, -13.8414449692, -56.3128318787, -34.8961410522, 2.84298706055, -8.29837703705, 6.09153938293, -0.544035375118, 34.8924789429, 98.3828277588, 30.536857605, 9.04605102539], [45.7777900696, 15.2874889374, 7.22276067734, -16.0727672577, -19.298002243, 14.9385251999, 14.2999315262, 9.71747970581, 3.62836289406, 11.1672849655, 30.536857605, 55.8424606323, 24.0501747131], [-63.4442863464, 34.5953483582, 14.078962326, -3.37896418571, 30.5885009766, -6.10222768784, 8.78880214691, 11.4776630402, 5.40014314651, -0.604280889034, 9.04605102539, 24.0501747131, 67.8854141235]],
