{
"lowlevel": {
    "average_loudness": 0.954703330994,
    "barkbands_crest": {
        "dmean": 2.20204424858,
        "dmean2": 3.58193612099,
        "dvar": 3.60893678665,
        "dvar2": 9.15283679962,
        "max": 21.1817626953,
        "mean": 9.15881729126,
        "median": 8.60616874695,
        "min": 3.30895066261,
        "var": 9.37101840973
    },
    "barkbands_flatness_db": {
        "dmean": 0.0169030781835,
        "dmean2": 0.0271356608719,
        "dvar": 0.000183333642781,
        "dvar2": 0.000488284567837,
        "max": 0.317435652018,
        "mean": 0.203278273344,
        "median": 0.200374096632,
        "min": 0.120499327779,
        "var": 0.00083420536248
    },
    "barkbands_kurtosis": {
        "dmean": 1.47534036636,
        "dmean2": 2.34507846832,
        "dvar": 2.90344834328,
        "dvar2": 6.96279191971,
        "max": 27.5367679596,
        "mean": 2.07097578049,
        "median": 1.36759805679,
        "min": -1.59627425671,
        "var": 9.70182132721
    },
    "barkbands_skewness": {
        "dmean": 0.383569657803,
        "dmean2": 0.602959275246,
        "dvar": 0.11263217032,
        "dvar2": 0.265741437674,
        "max": 4.62390756607,
        "mean": 1.23410463333,
        "median": 1.16177403927,
        "min": -0.81521910429,
        "var": 0.485723823309
    },
    "barkbands_spread": {
        "dmean": 2.97774171829,
        "dmean2": 4.51976490021,
        "dvar": 7.30952501297,
        "dvar2": 15.2744932175,
        "max": 34.8823814392,
        "mean": 14.8605852127,
        "median": 14.124622345,
        "min": 2.86551856995,
        "var": 36.3835144043
    },
    "dissonance": {
        "dmean": 0.0246311835945,
        "dmean2": 0.0411254093051,
        "dvar": 0.00042063172441,
        "dvar2": 0.00117368530482,
        "max": 0.497588723898,
        "mean": 0.435932993889,
        "median": 0.438304871321,
        "min": 0.303526878357,
        "var": 0.0010171624599
    },
    "dynamic_complexity": 2.55904245377,
    "erbbands_crest": {
        "dmean": 2.74467945099,
        "dmean2": 4.46237277985,
        "dvar": 5.67418146133,
        "dvar2": 13.9054441452,
        "max": 27.3981647491,
        "mean": 10.6719245911,
        "median": 9.89603233337,
        "min": 3.26643228531,
        "var": 15.6854019165
    },
    "erbbands_flatness_db": {
        "dmean": 0.0113292858005,
        "dmean2": 0.0175925660878,
        "dvar": 8.9552544523e-05,
        "dvar2": 0.00021166355873,
        "max": 0.343428224325,
        "mean": 0.230874225497,
        "median": 0.228164881468,
        "min": 0.17861199379,
        "var": 0.000480526825413
    },
    "erbbands_kurtosis": {
        "dmean": 0.602023780346,
        "dmean2": 0.945945382118,
        "dvar": 0.470202982426,
        "dvar2": 1.01589798927,
        "max": 11.4523162842,
        "mean": 0.0570378042758,
        "median": -0.178389787674,
        "min": -1.33021783829,
        "var": 1.17550873756
    },
    "erbbands_skewness": {
        "dmean": 0.303766220808,
        "dmean2": 0.464651942253,
        "dvar": 0.0647165328264,
        "dvar2": 0.147701263428,
        "max": 2.52868556976,
        "mean": 0.338298410177,
        "median": 0.361565858126,
        "min": -1.33196496964,
        "var": 0.231941536069
    },
    "erbbands_spread": {
        "dmean": 4.64947938919,
        "dmean2": 7.39764976501,
        "dvar": 15.2922964096,
        "dvar2": 36.574180603,
        "max": 49.5812454224,
        "mean": 27.6181316376,
        "median": 27.611246109,
        "min": 4.1799826622,
        "var": 54.2492179871
    },
    "hfc": {
        "dmean": 3.42483997345,
        "dmean2": 4.67665147781,
        "dvar": 24.2227802277,
        "dvar2": 43.3182373047,
        "max": 99.1842498779,
        "mean": 14.4515228271,
        "median": 10.9540643692,
        "min": 0.000214993910049,
        "var": 153.675186157
    },
    "melbands_crest": {
        "dmean": 2.96092700958,
        "dmean2": 4.95641756058,
        "dvar": 5.92080926895,
        "dvar2": 17.1172657013,
        "max": 27.3655376434,
        "mean": 12.6524057388,
        "median": 12.0014953613,
        "min": 4.71770811081,
        "var": 14.7465429306
    },
    "melbands_flatness_db": {
        "dmean": 0.0193097945303,
        "dmean2": 0.0298414509743,
        "dvar": 0.000247407180723,
        "dvar2": 0.000638940837234,
        "max": 0.375051379204,
        "mean": 0.22969403863,
        "median": 0.226291671395,
        "min": 0.115380749106,
        "var": 0.0015838094987
    },
    "melbands_kurtosis": {
        "dmean": 2.70131826401,
        "dmean2": 4.32671976089,
        "dvar": 9.33358955383,
        "dvar2": 22.8045349121,
        "max": 44.8026390076,
        "mean": 5.49475431442,
        "median": 4.03235673904,
        "min": -1.24344873428,
        "var": 29.1293907166
    },
    "melbands_skewness": {
        "dmean": 0.462812751532,
        "dmean2": 0.744460880756,
        "dvar": 0.174268260598,
        "dvar2": 0.417537987232,
        "max": 5.73588705063,
        "mean": 1.86060059071,
        "median": 1.73028755188,
        "min": -0.494758337736,
        "var": 0.678164243698
    },
    "melbands_spread": {
        "dmean": 4.47084569931,
        "dmean2": 6.87829113007,
        "dvar": 18.8527030945,
        "dvar2": 40.4138908386,
        "max": 59.8034973145,
        "mean": 18.9569396973,
        "median": 16.8832054138,
        "min": 2.55490326881,
        "var": 84.508934021
    },
    "pitch_salience": {
        "dmean": 0.0532401502132,
        "dmean2": 0.0864028483629,
        "dvar": 0.00205375486985,
        "dvar2": 0.00538105610758,
        "max": 0.817670226097,
        "mean": 0.491632699966,
        "median": 0.492008596659,
        "min": 0.205729231238,
        "var": 0.006218588911
    },
    "silence_rate_20dB": {
        "dmean": 0,
        "dmean2": 0,
        "dvar": 0,
        "dvar2": 0,
        "max": 1,
        "mean": 1,
        "median": 1,
        "min": 1,
        "var": 0
    },
    "silence_rate_30dB": {
        "dmean": 0,
        "dmean2": 0,
        "dvar": 0,
        "dvar2": 0,
        "max": 1,
        "mean": 1,
        "median": 1,
        "min": 1,
        "var": 0
    },
    "silence_rate_60dB": {
        "dmean": 0.00465116277337,
        "dmean2": 0.00930954236537,
        "dvar": 0.00462941918522,
        "dvar2": 0.0123261306435,
        "max": 1,
        "mean": 0.0224632062018,
        "median": 0,
        "min": 0,
        "var": 0.0219591017812
    },
    "spectral_centroid": {
        "dmean": 179.29548645,
        "dmean2": 277.365142822,
        "dvar": 28476.8398438,
        "dvar2": 60973.1835938,
        "max": 2489.57519531,
        "mean": 1036.60705566,
        "median": 973.000305176,
        "min": 284.704101562,
        "var": 165294.0625
    },
    "spectral_complexity": {
        "dmean": 1.7596899271,
        "dmean2": 2.9294025898,
        "dvar": 2.14380788803,
        "dvar2": 5.67150735855,
        "max": 27,
        "mean": 14.7327651978,
        "median": 15,
        "min": 0,
        "var": 18.66522789
    },
    "spectral_decrease": {
        "dmean": 1.38641376157e-09,
        "dmean2": 2.09721506828e-09,
        "dvar": 2.28778739367e-18,
        "dvar2": 5.3076019189e-18,
        "max": -7.29025197957e-14,
        "mean": -5.34927835361e-09,
        "median": -4.66375471575e-09,
        "min": -2.27438583522e-08,
        "var": 1.25275097564e-17
    },
    "spectral_energy": {
        "dmean": 0.0054839705117,
        "dmean2": 0.00823257490993,
        "dvar": 3.59376208507e-05,
        "dvar2": 8.21983339847e-05,
        "max": 0.0901022776961,
        "mean": 0.0215002149343,
        "median": 0.0186268743128,
        "min": 2.94650874366e-07,
        "var": 0.000204087336897
    },
    "spectral_energyband_high": {
        "dmean": 4.32362721767e-05,
        "dmean2": 5.91872048972e-05,
        "dvar": 5.87625059723e-09,
        "dvar2": 1.00102912626e-08,
        "max": 0.00128781760577,
        "mean": 0.000121023549582,
        "median": 6.73439644743e-05,
        "min": 2.68800182113e-09,
        "var": 2.4042311253e-08
    },
    "spectral_energyband_low": {
        "dmean": 0.00123505713418,
        "dmean2": 0.00194810691755,
        "dvar": 3.76635739485e-06,
        "dvar2": 9.96242215479e-06,
        "max": 0.0529285743833,
        "mean": 0.00334163452499,
        "median": 0.00238562980667,
        "min": 4.9979146155e-08,
        "var": 1.35962418426e-05
    },
    "spectral_energyband_middle_high": {
        "dmean": 0.00164564955048,
        "dmean2": 0.0024591255933,
        "dvar": 7.76306478656e-06,
        "dvar2": 1.68136466527e-05,
        "max": 0.0600431002676,
        "mean": 0.00512884324417,
        "median": 0.00339742586948,
        "min": 5.35492610254e-08,
        "var": 3.47516070178e-05
    },
    "spectral_energyband_middle_low": {
        "dmean": 0.00468118255958,
        "dmean2": 0.00715150171891,
        "dvar": 2.65490525635e-05,
        "dvar2": 5.99702507316e-05,
        "max": 0.0721128731966,
        "mean": 0.0139359980822,
        "median": 0.0115351602435,
        "min": 1.93860330455e-07,
        "var": 0.000112639339932
    },
    "spectral_entropy": {
        "dmean": 0.117880381644,
        "dmean2": 0.179605558515,
        "dvar": 0.0104282982647,
        "dvar2": 0.0253504123539,
        "max": 7.73754549026,
        "mean": 6.89991044998,
        "median": 6.91333580017,
        "min": 6.10577249527,
        "var": 0.053370192647
    },
    "spectral_flux": {
        "dmean": 0.0153589406982,
        "dmean2": 0.0262792743742,
        "dvar": 0.000199771937332,
        "dvar2": 0.000574814563151,
        "max": 0.159077018499,
        "mean": 0.0612671226263,
        "median": 0.0578302666545,
        "min": 0.000542817520909,
        "var": 0.000737075693905
    },
    "spectral_kurtosis": {
        "dmean": 3.35458421707,
        "dmean2": 5.9337387085,
        "dvar": 7.96186923981,
        "dvar2": 24.9252529144,
        "max": 24.8238277435,
        "mean": 6.45323991776,
        "median": 5.69963932037,
        "min": 0.937410593033,
        "var": 12.6908302307
    },
    "spectral_rms": {
        "dmean": 0.000561131106224,
        "dmean2": 0.000841781380586,
        "dvar": 2.48642180622e-07,
        "dvar2": 5.72059832393e-07,
        "max": 0.00937574915588,
        "mean": 0.00433613639325,
        "median": 0.00426292885095,
        "min": 1.69547711266e-05,
        "var": 2.17373053601e-06
    },
    "spectral_rolloff": {
        "dmean": 265.776000977,
        "dmean2": 442.490356445,
        "dvar": 96962.5703125,
        "dvar2": 200709.21875,
        "max": 3552.97851562,
        "mean": 1103.36132812,
        "median": 968.994140625,
        "min": 172.265625,
        "var": 281485
    },
    "spectral_skewness": {
        "dmean": 0.326779216528,
        "dmean2": 0.565684199333,
        "dvar": 0.0676006227732,
        "dvar2": 0.203427165747,
        "max": 3.53123641014,
        "mean": 1.7074753046,
        "median": 1.66365695,
        "min": 0.747196376324,
        "var": 0.169060721993
    },
    "spectral_spread": {
        "dmean": 186561.25,
        "dmean2": 313946.5,
        "dvar": 25267871744,
        "dvar2": 65862344704,
        "max": 5143593.5,
        "mean": 2826643.75,
        "median": 2821031.75,
        "min": 1925503.75,
        "var": 79611437056
    },
    "spectral_strongpeak": {
        "dmean": 0.614326894283,
        "dmean2": 1.04113781452,
        "dvar": 0.705874979496,
        "dvar2": 1.86338126659,
        "max": 9.31938838959,
        "mean": 1.20029985905,
        "median": 0.735809803009,
        "min": 0.00387665396556,
        "var": 1.59531152248
    },
    "zerocrossingrate": {
        "dmean": 0.00501869851723,
        "dmean2": 0.00634841388091,
        "dvar": 1.8565395294e-05,
        "dvar2": 2.72928791674e-05,
        "max": 0.09033203125,
        "mean": 0.0411740988493,
        "median": 0.03955078125,
        "min": 0.00927734375,
        "var": 0.000183776806807
    },
    "barkbands": {
        "dmean": [7.35825494758e-07, 0.000255955470493, 0.000931938295253, 0.00108427775558, 0.00211097998545, 0.00131621269975, 0.00076592923142, 0.000632141483948, 0.00101739168167, 0.000571278389543, 0.000573640514631, 0.000104479782749, 0.000329851987772, 0.000660083023831, 0.000160731287906, 0.000176277942955, 0.000202721916139, 7.47972881072e-05, 0.000177933266968, 4.05930222769e-05, 1.37736242323e-05, 1.03679121821e-05, 4.62786920252e-06, 3.06074366563e-06, 5.24022368609e-07, 1.57184554261e-09, 9.25225951409e-10],
        "dmean2": [1.33798153001e-06, 0.000397950294428, 0.0015035700053, 0.00175024557393, 0.00353583996184, 0.00191395846196, 0.00114146689884, 0.000938390672673, 0.00142508174758, 0.000916326825973, 0.000952071684878, 0.000157876769663, 0.000513302918989, 0.00103946728632, 0.000240810506511, 0.000258210522588, 0.000297767168377, 0.000122171622934, 0.000256655097473, 5.91997813899e-05, 1.96483597392e-05, 1.56694550242e-05, 6.6926713771e-06, 4.52085851066e-06, 7.99497456683e-07, 2.76508860253e-09, 1.73250014335e-09],
        "dvar": [9.11390646112e-13, 5.31721809693e-07, 2.22469361688e-06, 2.44515103986e-06, 1.04320588434e-05, 4.1810071707e-06, 2.31031549447e-06, 2.47497791861e-06, 4.7020052989e-06, 1.10509790829e-06, 4.11333257944e-06, 3.16510408993e-08, 4.45677244443e-07, 1.4628307099e-06, 1.48426636315e-07, 2.05321029512e-07, 2.55349164036e-07, 3.00941884745e-08, 1.62630044542e-07, 4.88267781762e-09, 1.12653109063e-09, 4.51013393299e-10, 6.42468994672e-11, 2.7448670073e-11, 1.72281839402e-12, 1.68635408966e-17, 2.11441467998e-18],
        "dvar2": [2.53354477155e-12, 1.51464087139e-06, 6.46241505819e-06, 6.74801458445e-06, 2.96356301988e-05, 8.85344888957e-06, 4.7720841394e-06, 4.79479467685e-06, 8.49400657899e-06, 2.59265539171e-06, 1.110726771e-05, 6.40905994942e-08, 1.04201512841e-06, 3.20925778396e-06, 2.97636489677e-07, 3.62701939594e-07, 4.86528051624e-07, 7.93220351625e-08, 2.96334519589e-07, 8.34519653381e-09, 1.89699300712e-09, 1.01939878761e-09, 1.3658484066e-10, 5.60835128338e-11, 3.90598230843e-12, 4.3617948384e-17, 6.83672344978e-18],
        "max": [1.17262243293e-05, 0.0230215266347, 0.0298644267023, 0.0331815779209, 0.046925060451, 0.0293414145708, 0.0312884114683, 0.0349047146738, 0.0379829667509, 0.0175303462893, 0.0392591096461, 0.00254450831562, 0.00962017849088, 0.0179448388517, 0.00851585250348, 0.00817382242531, 0.0111824432388, 0.00376826454885, 0.00870589632541, 0.00119521317538, 0.000701489159837, 0.000457935006125, 0.000136872156872, 0.000106607236376, 3.1861680327e-05, 1.00604871989e-07, 1.62445914498e-08],
        "mean": [8.93115156941e-07, 0.000539707252756, 0.00220216577873, 0.00194632681087, 0.00357321929187, 0.00269083189778, 0.00142281188164, 0.00134852563497, 0.00221058120951, 0.00108576798812, 0.000881086394656, 0.000215413398109, 0.000571763142943, 0.00118350202683, 0.000282076216536, 0.000305933033815, 0.000331240153173, 0.000138342191349, 0.000403675861889, 9.2579779448e-05, 2.80124550045e-05, 2.57854026131e-05, 1.11052877401e-05, 7.75139960751e-06, 1.12262443963e-06, 1.99503702447e-09, 7.50202011623e-10],
        "median": [5.62683908356e-07, 0.000271323515335, 0.0013291137293, 0.00122383190319, 0.00205427152105, 0.00122462632135, 0.000525313196704, 0.000495808082633, 0.000399344426114, 0.000444292789325, 0.000127791368868, 7.08604347892e-05, 0.000166605008417, 0.000551739998627, 7.60125985835e-05, 8.67993730935e-05, 0.000124993399368, 7.0170230174e-05, 0.00018222835206, 4.28065468441e-05, 1.23142735902e-05, 1.46018064697e-05, 5.93063805354e-06, 4.06834851674e-06, 4.88334535476e-07, 8.75704841974e-10, 2.95235003112e-10],
        "min": [3.61669000304e-10, 2.18016253939e-08, 2.36822490507e-08, 1.12945715003e-08, 3.50801485638e-08, 2.13320365816e-08, 1.59749813378e-09, 2.22905027769e-09, 1.20117064739e-07, 4.00036714865e-09, 1.03182236089e-08, 1.32220109861e-10, 5.72609648586e-09, 1.90733082661e-08, 2.61480281871e-09, 2.41773245868e-09, 2.71400235619e-09, 1.65802072072e-09, 2.95221824764e-09, 3.83420806216e-09, 5.08116215769e-10, 4.58017068716e-10, 1.85790591245e-10, 2.60657745388e-10, 1.05157063612e-10, 1.62665332593e-11, 2.58788945134e-11],
        "var": [1.06986804398e-12, 1.26353108953e-06, 7.48191587263e-06, 5.55656879442e-06, 1.98339093913e-05, 1.51008089233e-05, 7.42324755265e-06, 1.10750070235e-05, 1.97376375581e-05, 3.3795008676e-06, 7.37982190913e-06, 1.12837390986e-07, 1.19788546726e-06, 3.71505871044e-06, 4.04677336974e-07, 5.4725830978e-07, 5.04374213506e-07, 5.09023010409e-08, 5.8970806549e-07, 1.98169463062e-08, 2.65025112967e-09, 1.28972033053e-09, 2.13614681499e-10, 1.11555882587e-10, 3.92804061847e-12, 2.17869943487e-17, 1.5786170202e-18]
    },
    "erbbands": {
        "dmean": [0.00152075767983, 0.0859623551369, 0.87177914381, 1.87600815296, 9.36713790894, 4.05162096024, 2.76328587532, 12.9426822662, 12.8285751343, 14.8228788376, 9.06716823578, 26.723739624, 21.6436080933, 11.0659618378, 21.107919693, 5.31158876419, 15.6117267609, 32.1543312073, 13.6671934128, 7.9091629982, 9.30060100555, 8.42263317108, 3.77904868126, 3.49031019211, 11.7777194977, 2.31198263168, 0.914892375469, 0.351249754429, 0.424001991749, 0.202995851636, 0.125843062997, 0.104309156537, 0.0283273421228, 0.0107257273048, 0.00068530527642, 3.21726474795e-05, 3.61394268111e-06, 1.07037044472e-06, 2.7206976938e-06, 6.23773348707e-06],
        "dmean2": [0.00245033064857, 0.135139480233, 1.38364005089, 2.99188017845, 15.4145441055, 6.90927219391, 3.86624765396, 18.4002552032, 19.7941818237, 22.0233459473, 13.3008680344, 36.3363304138, 33.6365203857, 18.2781982422, 34.6278533936, 8.35103034973, 24.7153186798, 51.220375061, 20.8836936951, 11.7935733795, 13.9278116226, 12.4497718811, 6.06654262543, 5.33849430084, 16.8624706268, 3.32050561905, 1.30414831638, 0.510421454906, 0.635787427425, 0.304771095514, 0.189787581563, 0.155284002423, 0.0425753444433, 0.0160107705742, 0.00101534056012, 4.69276164949e-05, 5.2184350352e-06, 1.55461179929e-06, 3.94856533603e-06, 9.2486225185e-06],
        "dvar": [1.2438419617e-05, 0.0483014620841, 2.10977602005, 5.65957736969, 171.781570435, 48.6691818237, 34.9465103149, 456.889770508, 456.912994385, 1217.67993164, 246.176116943, 3997.76733398, 1412.9621582, 559.945861816, 5373.88525391, 54.3314361572, 884.047668457, 4193.75341797, 503.072143555, 234.453735352, 498.893707275, 481.612030029, 51.5136642456, 41.3697662354, 810.894897461, 15.3972759247, 3.93689060211, 0.378304213285, 0.709104657173, 0.137961670756, 0.0433916375041, 0.0325822234154, 0.00220046518371, 0.000787135330029, 2.87697434942e-06, 5.68012703539e-09, 2.66427609141e-11, 2.1650157795e-12, 9.30004857846e-12, 4.71522890177e-11],
        "dvar2": [3.50707414327e-05, 0.129300057888, 5.29360532761, 14.9497489929, 447.70223999, 158.00944519, 68.7155227661, 865.487976074, 1064.02636719, 2472.57714844, 467.868896484, 6921.20654297, 3317.31494141, 1479.9140625, 14197.3388672, 122.241950989, 2199.73754883, 9626.54492188, 1084.2689209, 431.796875, 937.513977051, 899.191040039, 125.663780212, 93.693321228, 1463.57214355, 27.086648941, 6.33662509918, 0.742375671864, 1.5796071291, 0.303304135799, 0.0935247913003, 0.0667636469007, 0.00410227989778, 0.00186355621554, 5.89966566622e-06, 1.14745928315e-08, 4.98525665193e-11, 4.31495420991e-12, 1.95869657299e-11, 1.05348993418e-10],
        "max": [0.107137553394, 7.27844810486, 39.3123817444, 51.6827507019, 161.42678833, 96.5147476196, 106.212501526, 340.828216553, 402.194458008, 600.42364502, 296.131591797, 1127.62658691, 651.626708984, 369.00680542, 1397.25146484, 110.610992432, 530.423339844, 886.460571289, 393.783294678, 269.710266113, 427.280303955, 468.960296631, 139.218505859, 157.346664429, 613.429138184, 67.3516464233, 40.4890594482, 12.0599632263, 16.9231262207, 6.33113384247, 3.19059610367, 3.08156561852, 1.00298666954, 0.692245066166, 0.0452103614807, 0.00195085606538, 0.000103273509012, 2.49217082455e-05, 4.98645786138e-05, 0.000102939600765],
        "mean": [0.00355711998418, 0.200877934694, 2.16891145706, 4.35522890091, 15.2579565048, 7.32327842712, 7.20128440857, 26.2546596527, 24.457485199, 30.1688423157, 22.4102993011, 60.2203407288, 44.409324646, 19.7529811859, 34.6580238342, 11.7729101181, 30.1672611237, 56.7232322693, 27.7887897491, 15.6580810547, 17.3381462097, 14.4910707474, 7.74081516266, 8.56782627106, 25.6016464233, 5.63413190842, 2.00842666626, 0.939789652824, 1.01273524761, 0.489850968122, 0.325194776058, 0.250515758991, 0.0775173828006, 0.0250765793025, 0.00151303643361, 8.83638131199e-05, 1.47313876369e-05, 3.8605685404e-06, 1.14633330668e-05, 2.50648154179e-05],
        "median": [0.00241138343699, 0.115350283682, 1.39356338978, 3.27509975433, 9.29200744629, 4.58559560776, 2.99462747574, 11.3256530762, 11.2072000504, 9.02802181244, 11.6827116013, 11.629737854, 20.3456439972, 11.6331224442, 7.88847827911, 7.55342054367, 11.6443023682, 21.8312015533, 14.7654705048, 7.17902517319, 6.8044834137, 6.18185710907, 4.6068944931, 5.33936262131, 10.967625618, 2.94074082375, 0.902957201004, 0.521967828274, 0.562030076981, 0.27662807703, 0.172384664416, 0.126285895705, 0.0445917993784, 0.0114709632471, 0.000668878492434, 4.76610148326e-05, 1.09417460408e-05, 2.84166026177e-06, 9.77853960649e-06, 2.18653094635e-05],
        "min": [2.74803028333e-07, 6.28701536698e-06, 2.66572042165e-05, 3.13046548399e-05, 9.07156208996e-05, 0.000111200817628, 0.000124626632896, 0.000210455764318, 4.86341123178e-05, 2.1701114747e-05, 0.000441216310719, 0.00346903409809, 0.000469121325295, 0.000146381862578, 0.000394452741602, 4.2874875362e-05, 0.000309933326207, 0.000273587007541, 0.000969305692706, 0.000247291405685, 0.00010969878349, 9.01283492567e-05, 6.50709844194e-05, 7.29045495973e-05, 0.00031185822445, 0.000137906026794, 3.68221190001e-05, 1.46828342622e-05, 1.49543875523e-05, 8.05491617939e-06, 5.75801504965e-06, 7.9391302279e-06, 2.75654610959e-06, 1.96271685127e-06, 2.22647713599e-07, 5.67478153357e-08, 3.77364948179e-08, 1.00987644913e-08, 4.1356313929e-09, 7.58981988369e-10],
        "var": [3.02080243273e-05, 0.134642273188, 8.19125080109, 16.3836956024, 325.191314697, 78.8231964111, 125.734535217, 1663.24511719, 1376.21569824, 4378.64794922, 1032.99938965, 17171.4296875, 4735.93554688, 847.993103027, 9960.13378906, 177.494232178, 2929.48095703, 10341.0927734, 1384.63696289, 749.421020508, 1248.36132812, 871.613464355, 117.804016113, 132.598251343, 2577.79882812, 63.2341995239, 11.908208847, 1.62359476089, 2.05058145523, 0.371263325214, 0.178208991885, 0.119099974632, 0.00978663377464, 0.00172799010761, 7.62053150538e-06, 1.70560454649e-08, 1.62195284981e-10, 1.29358364298e-11, 6.12443359915e-11, 2.8232577387e-10]
    },
    "gfcc": {
        "mean": [-54.3113746643, 162.161560059, -167.111419678, 40.3767089844, -66.7815475464, -0.621877908707, -31.0568351746, -14.7716693878, -9.22588157654, -28.1207180023, 2.59688091278, -33.0084877014, -4.38425207138],
        "cov": [[2746.36889648, -457.131195068, -370.553771973, 119.811195374, -114.699234009, 48.4869766235, -121.24571228, -3.05420899391, -58.4096221924, 85.9875717163, 48.6915740967, -96.5180130005, -14.4280462265], [-457.131195068, 301.405609131, 191.772171021, -40.9863548279, 53.2414131165, -38.8878440857, 53.5230941772, -17.7511062622, 46.8070106506, -60.070148468, -19.7141551971, 38.4491615295, 19.3526096344], [-370.553771973, 191.772171021, 205.772232056, 5.83090877533, 35.9880256653, -18.8658256531, 31.4031333923, 0.869735062122, 13.2119894028, -46.3080291748, -24.7416706085, 26.2517414093, 13.2450380325], [119.811195374, -40.9863548279, 5.83090877533, 126.385910034, 42.2467956543, 19.8361873627, 1.05491054058, 3.85618114471, 0.616904675961, 0.492428719997, -9.29763507843, -9.81146240234, 9.58433055878], [-114.699234009, 53.2414131165, 35.9880256653, 42.2467956543, 96.3402252197, 30.5435962677, 14.8118963242, 0.0422948077321, 18.1546039581, -3.37006449699, -3.37888836861, 3.65022826195, -8.99104404449], [48.4869766235, -38.8878440857, -18.8658256531, 19.8361873627, 30.5435962677, 69.3984909058, 21.0091533661, 13.5065965652, -0.801416039467, 14.0021924973, 11.0696029663, 0.29794088006, -8.54525756836], [-121.24571228, 53.5230941772, 31.4031333923, 1.05491054058, 14.8118963242, 21.0091533661, 77.8504562378, 14.1657857895, 7.0546913147, -8.08741188049, 1.74783325195, 2.51205825806, -3.30009913445], [-3.05420899391, -17.7511062622, 0.869735062122, 3.85618114471, 0.0422948077321, 13.5065965652, 14.1657857895, 47.8427124023, 7.97193574905, 3.62767791748, 1.14272797108, 4.73920822144, 4.09370994568], [-58.4096221924, 46.8070106506, 13.2119894028, 0.616904675961, 18.1546039581, -0.801416039467, 7.0546913147, 7.97193574905, 61.8866539001, 10.1110229492, -1.92656934261, 6.29582977295, -4.03764820099], [85.9875717163, -60.070148468, -46.3080291748, 0.492428719997, -3.37006449699, 14.0021924973, -8.08741188049, 3.62767791748, 10.1110229492, 79.0274429321, 37.2090644836, -20.4916343689, -15.9725885391], [48.6915740967, -19.7141551971, -24.7416706085, -9.29763507843, -3.37888836861, 11.0696029663, 1.74783325195, 1.14272797108, -1.92656934261, 37.2090644836, 52.0088310242, 4.33460044861, -16.2650337219], [-96.5180130005, 38.4491615295, 26.2517414093, -9.81146240234, 3.65022826195, 0.29794088006, 2.51205825806, 4.73920822144, 6.29582977295, -20.4916343689, 4.33460044861, 54.4608268738, 24.023563385], [-14.4280462265, 19.3526096344, 13.2450380325, 9.58433055878, -8.99104404449, -8.54525756836, -3.30009913445, 4.09370994568, -4.03764820099, -15.9725885391, -16.2650337219, 24.023563385, 64.4373550415]],
        "icov": [[0.000594594341237, -0.00028960214695, 0.000930252368562, -0.000885235029273, 0.00095232919557, -0.000709208252374, 0.000817325140815, -0.000154342487804, 6.48601489956e-05, 0.000378209922928, -0.00055221398361, 0.000780892267358, -8.16454412416e-05], [-0.00028960214695, 0.0312266852707, -0.0208794046193, 0.0145577415824, -0.0163153223693, 0.0142510952428, -0.0141281746328, 0.0139343887568, -0.0188642367721, 0.0143201090395, -0.0143408551812, 0.00473119271919, -0.0123283565044], [0.000930252368562, -0.0208794046193, 0.0219781789929, -0.0106110032648, 0.00878822151572, -0.00658313510939, 0.00732766650617, -0.00953791756183, 0.0123334070668, -0.00720505788922, 0.0102932918817, -0.0047665531747, 0.00823626760393], [-0.000885235029273, 0.0145577415824, -0.0106110032648, 0.0180875957012, -0.0134395426139, 0.00589368538931, -0.00645761843771, 0.00562217831612, -0.00799646042287, 0.00619462691247, -0.00545677728951, 0.00487274536863, -0.00902075693011], [0.00095232919557, -0.0163153223693, 0.00878822151572, -0.0134395426139, 0.0269462242723, -0.0159041285515, 0.00848840177059, -0.00419792346656, 0.00509225158021, -0.00614825868979, 0.00739842886105, -0.00282162381336, 0.00937249418348], [-0.000709208252374, 0.0142510952428, -0.00658313510939, 0.00589368538931, -0.0159041285515, 0.030103944242, -0.0130152925849, 0.00145165016875, -0.00419128593057, 0.00208749994636, -0.00543846469373, -0.00264661596157, -0.00307927746326], [0.000817325140815, -0.0141281746328, 0.00732766650617, -0.00645761843771, 0.00848840177059, -0.0130152925849, 0.0239857789129, -0.00982197467238, 0.00622568232939, -0.00173783395439, 0.00167804886587, 0.0024080502335, 0.00467637879774], [-0.000154342487804, 0.0139343887568, -0.00953791756183, 0.00562217831612, -0.00419792346656, 0.00145165016875, -0.00982197467238, 0.0305524133146, -0.0116704842076, 0.0048200590536, -0.00504321744666, 0.000125896942336, -0.00678889872506], [6.48601489956e-05, -0.0188642367721, 0.0123334070668, -0.00799646042287, 0.00509225158021, -0.00419128593057, 0.00622568232939, -0.0116704842076, 0.0321986116469, -0.0170557070524, 0.0161867924035, -0.00986892264336, 0.0111042819917], [0.000378209922928, 0.0143201090395, -0.00720505788922, 0.00619462691247, -0.00614825868979, 0.00208749994636, -0.00173783395439, 0.0048200590536, -0.0170557070524, 0.036577410996, -0.029872469604, 0.018149247393, -0.0109414495528], [-0.00055221398361, -0.0143408551812, 0.0102932918817, -0.00545677728951, 0.00739842886105, -0.00543846469373, 0.00167804886587, -0.00504321744666, 0.0161867924035, -0.029872469604, 0.0492609962821, -0.0217678360641, 0.0177559815347], [0.000780892267358, 0.00473119271919, -0.0047665531747, 0.00487274536863, -0.00282162381336, -0.00264661596157, 0.0024080502335, 0.000125896942336, -0.00986892264336, 0.018149247393, -0.0217678360641, 0.0368523672223, -0.0169739052653], [-8.16454412416e-05, -0.0123283565044, 0.00823626760393, -0.00902075693011, 0.00937249418348, -0.00307927746326, 0.00467637879774, -0.00678889872506, 0.0111042819917, -0.0109414495528, 0.0177559815347, -0.0169739052653, 0.0292160175741]]
    },
    "melbands": {
        "dmean": [3.83708502341e-05, 0.000331824063323, 0.000562735833228, 0.000550634635147, 8.94312761375e-05, 0.000287566712359, 0.000191672210349, 0.000169826991623, 9.15963610169e-05, 0.000156596055604, 0.000106708925159, 4.05721839343e-05, 8.90799929039e-05, 1.48625422298e-05, 2.24286395678e-05, 3.40511396644e-05, 6.80265075061e-05, 2.68525127467e-05, 1.25406977531e-05, 1.0386726899e-05, 1.31548285935e-05, 1.12073303171e-05, 5.32656940777e-06, 4.57438045487e-06, 2.74365811492e-06, 8.91638592293e-06, 4.34640605818e-06, 1.35352058805e-06, 8.42978352011e-07, 2.32610219086e-07, 2.23248193265e-07, 2.86591642862e-07, 2.184365826e-07, 9.45462019786e-08, 8.0523037127e-08, 8.49378309908e-08, 5.92354112428e-08, 2.57967922579e-08, 1.13934248702e-08, 8.40951575043e-09],
        "dmean2": [5.99728373345e-05, 0.000528254837263, 0.000911479117349, 0.000931774091441, 0.000124427766423, 0.000414849055232, 0.000293707678793, 0.000252111494774, 0.000132793065859, 0.000212776401895, 0.000166729849298, 6.64524995955e-05, 0.000147318525705, 2.26393131015e-05, 3.5735196434e-05, 5.38398780918e-05, 0.000107380219561, 4.11156324844e-05, 1.8585476937e-05, 1.52303346113e-05, 1.97291847144e-05, 1.64204357134e-05, 8.2757032942e-06, 7.54724305807e-06, 4.26702808909e-06, 1.31307642732e-05, 6.15271710558e-06, 1.99811688617e-06, 1.21874347769e-06, 3.57836142939e-07, 3.32808724579e-07, 4.40589559503e-07, 3.34198290375e-07, 1.42055554875e-07, 1.23269742858e-07, 1.25988137256e-07, 9.12596078706e-08, 3.99646609139e-08, 1.75871388564e-08, 1.25591821387e-08],
        "dvar": [1.15958682656e-08, 3.32229120659e-07, 5.09510130087e-07, 7.01773103629e-07, 3.06102414527e-08, 2.0567796355e-07, 1.10312520007e-07, 1.60131989446e-07, 2.85600734173e-08, 1.19250103126e-07, 3.5592503167e-08, 7.57564144749e-09, 1.04574318982e-07, 6.96197821615e-10, 1.79334469497e-09, 5.5959978873e-09, 1.80960277874e-08, 1.89619875357e-09, 7.37184036037e-10, 8.75346184426e-10, 9.95303839346e-10, 1.11865428032e-09, 1.33970612382e-10, 1.44581527306e-10, 1.84428947808e-11, 5.0235310356e-10, 7.73987818281e-11, 5.91510781328e-12, 3.62477691092e-12, 1.98805015961e-13, 1.36472660972e-13, 3.40480763158e-13, 2.7549390178e-13, 2.98591074012e-14, 1.99081287615e-14, 2.87855134694e-14, 1.11188778318e-14, 1.91345822752e-15, 4.62401744532e-16, 5.62360579094e-16],
        "dvar2": [3.3653371645e-08, 8.27872327136e-07, 1.3940076542e-06, 2.07765742744e-06, 6.01651564125e-08, 4.19058096668e-07, 2.51188566835e-07, 3.21547759086e-07, 5.6490900846e-08, 2.02861414778e-07, 8.32467179634e-08, 1.94763671857e-08, 2.79765458799e-07, 1.50853174397e-09, 4.76920014592e-09, 1.26128432143e-08, 4.040997581e-08, 4.20303480908e-09, 1.45464595924e-09, 1.58360036195e-09, 1.85317972079e-09, 2.09233808057e-09, 2.5935834036e-10, 3.9495337556e-10, 4.26262497522e-11, 9.33251032009e-10, 1.42069647713e-10, 1.06548242451e-11, 6.00017648414e-12, 4.20459213236e-13, 2.79317882842e-13, 7.86515221441e-13, 6.43966379787e-13, 6.3231483851e-14, 4.48492561448e-14, 6.15349852779e-14, 2.40896237962e-14, 3.75791630412e-15, 1.0541226561e-15, 1.32823374102e-15],
        "max": [0.00332733266987, 0.017032623291, 0.010764984414, 0.0119374971837, 0.00291864131577, 0.00691219000146, 0.00663586473092, 0.00770219182596, 0.00276047084481, 0.00625195074826, 0.00329274358228, 0.00165727327112, 0.00626752991229, 0.000373674585717, 0.000675408868119, 0.00125159544405, 0.00204300670885, 0.000495758198667, 0.000576360907871, 0.000588459719438, 0.000682088895701, 0.000734959088732, 0.000386724568671, 0.000263542868197, 6.33992749499e-05, 0.000481321243569, 0.000173695196281, 4.71346611448e-05, 4.0229591832e-05, 6.5610938691e-06, 7.52079722588e-06, 1.21582506836e-05, 1.17633762784e-05, 2.47784782914e-06, 1.92652510123e-06, 3.78575282411e-06, 2.01568172997e-06, 8.77504362506e-07, 3.38948979106e-07, 6.10683912328e-07],
        "mean": [8.18666158011e-05, 0.000829486234579, 0.00114722142462, 0.000902599364053, 0.00024114579719, 0.000583163171541, 0.0003590148699, 0.00034757098183, 0.000215576263145, 0.00034736469388, 0.000208215918974, 6.83019825374e-05, 0.000139374780701, 3.10515715682e-05, 4.36261288996e-05, 6.05878740316e-05, 0.000116821189295, 5.14399289386e-05, 2.19583362195e-05, 1.92187180801e-05, 2.30325367738e-05, 1.71713509189e-05, 9.03711315914e-06, 7.66915673012e-06, 5.15960755365e-06, 2.00963695534e-05, 9.17958459468e-06, 2.84585348709e-06, 1.61394723364e-06, 4.95695985592e-07, 5.23288520071e-07, 6.1381336991e-07, 4.43413114226e-07, 1.98177048105e-07, 1.80556895657e-07, 1.91253832327e-07, 1.32264247554e-07, 6.2000438561e-08, 2.8147661979e-08, 1.68617155794e-08],
        "median": [4.44561301265e-05, 0.000541782996152, 0.000871048658155, 0.000544132140931, 0.000111283836304, 0.000273742596619, 0.00015682229423, 0.000109172113298, 8.12284997664e-05, 7.06986247678e-05, 7.31148320483e-05, 3.94019079977e-05, 2.3122627681e-05, 1.16982537293e-05, 1.72744657903e-05, 2.12481409108e-05, 4.21276818088e-05, 2.30617060879e-05, 7.5011212175e-06, 5.8640066527e-06, 6.9164989327e-06, 5.61661454412e-06, 4.37787866758e-06, 3.11090138894e-06, 3.28286637341e-06, 7.3347137004e-06, 5.07913091496e-06, 1.28109491015e-06, 5.86045700857e-07, 2.4140049959e-07, 2.88955305905e-07, 3.20586508451e-07, 2.51622878977e-07, 1.06070352501e-07, 8.8391573172e-08, 1.01944195308e-07, 6.40681108166e-08, 3.25929043754e-08, 1.58655115712e-08, 6.78967104761e-09],
        "min": [4.33355529239e-09, 1.24034862381e-08, 7.33007254894e-09, 7.70065256006e-09, 4.61049287637e-09, 4.35952962619e-09, 6.12404349454e-10, 2.02845337749e-10, 6.33676933148e-09, 2.05094750072e-08, 1.31296529204e-09, 4.26982726953e-10, 1.59459989657e-09, 1.15796768008e-10, 3.39793443382e-10, 5.36766242565e-10, 5.19350340511e-10, 2.13875517296e-09, 1.67766162074e-10, 2.59832516614e-10, 1.38114117365e-10, 1.14114641347e-10, 6.50615256115e-11, 8.07222413912e-11, 5.18651337156e-11, 1.14972600884e-10, 2.81074413744e-10, 5.59417963342e-11, 1.85358187133e-11, 1.8887665737e-11, 6.14561613405e-12, 7.8459443803e-12, 9.89201429102e-12, 2.49621569075e-12, 3.22791793295e-12, 3.60112395632e-12, 5.16526231509e-12, 1.65863720328e-12, 2.09885646189e-12, 1.38690892538e-12],
        "var": [2.65048996084e-08, 1.26319832816e-06, 1.03945114915e-06, 1.19205242299e-06, 1.23038830679e-07, 7.31703039492e-07, 3.46172242871e-07, 6.37069035747e-07, 1.10597213165e-07, 5.20751598287e-07, 1.21829202726e-07, 1.05191189093e-08, 1.89798768702e-07, 2.36054287228e-09, 5.11985120966e-09, 1.33341071518e-08, 4.59836861921e-08, 4.84848827753e-09, 1.79346704154e-09, 2.80777601169e-09, 2.51564369336e-09, 1.8640682331e-09, 4.00000671474e-10, 2.18140075448e-10, 3.55289096754e-11, 2.00286875973e-09, 1.96359359328e-10, 2.08616804387e-11, 1.00083309695e-11, 5.65631580202e-13, 5.29537080417e-13, 8.8921659749e-13, 5.17851874663e-13, 7.15124845192e-14, 6.6759213446e-14, 7.55387709306e-14, 3.59685730907e-14, 7.20968356088e-15, 1.2423261772e-15, 1.13933162949e-15]
    },
    "mfcc": {
        "mean": [-671.746887207, 160.570068359, -23.099729538, 26.6391544342, -5.40185832977, -0.672799170017, -6.39420509338, 1.15476131439, -12.9648571014, 8.01904964447, -3.49306297302, -9.43237400055, -9.87060832977],
        "cov": [[2815.15893555, -517.904907227, -243.529815674, 11.9916362762, -65.6362228394, -0.400772154331, -18.8309783936, -133.030227661, -95.8874282837, 129.119781494, -93.5452041626, 50.9864807129, 70.6148834229], [-517.904907227, 387.373046875, 95.8601226807, 12.8800754547, 20.6516075134, 1.32808375359, -23.2988414764, 65.2066497803, 34.4460754395, -56.7532157898, 31.4775867462, 5.90902137756, -53.4346122742], [-243.529815674, 95.8601226807, 113.967002869, 25.7519207001, 8.34614467621, -5.2767868042, 7.1334939003, 31.2963943481, 19.7828235626, -27.7049236298, 6.09936714172, -5.53539657593, -15.7109994888], [11.9916362762, 12.8800754547, 25.7519207001, 91.2440872192, 28.8114280701, 14.0290288925, 6.61908912659, 8.63691234589, 16.0404701233, 10.3484420776, -17.3433513641, -8.96374797821, -0.7963783741], [-65.6362228394, 20.6516075134, 8.34614467621, 28.8114280701, 82.702003479, 22.3056964874, -2.68194675446, 14.7609605789, 10.4145536423, -3.01958489418, 4.01398468018, -3.55329656601, 6.78428268433], [-0.400772154331, 1.32808375359, -5.2767868042, 14.0290288925, 22.3056964874, 66.1586761475, 16.5986366272, 4.04236125946, 8.81601142883, 15.3328094482, 1.02788090706, -0.315188378096, 16.9272346497], [-18.8309783936, -23.2988414764, 7.1334939003, 6.61908912659, -2.68194675446, 16.5986366272, 66.1091842651, 8.12967300415, 0.291392743587, 11.7331676483, 2.10084581375, -10.5007104874, 8.43821811676], [-133.030227661, 65.2066497803, 31.2963943481, 8.63691234589, 14.7609605789, 4.04236125946, 8.12967300415, 88.4781112671, 31.4489917755, -30.6798839569, 0.053904492408, 0.660348415375, -19.9429302216], [-95.8874282837, 34.4460754395, 19.7828235626, 16.0404701233, 10.4145536423, 8.81601142883, 0.291392743587, 31.4489917755, 63.516078949, -1.0109167099, -13.7434959412, 3.22937822342, -8.19437503815], [129.119781494, -56.7532157898, -27.7049236298, 10.3484420776, -3.01958489418, 15.3328094482, 11.7331676483, -30.6798839569, -1.0109167099, 83.6840362549, 5.0708322525, -1.84811198711, 20.3069419861], [-93.5452041626, 31.4775867462, 6.09936714172, -17.3433513641, 4.01398468018, 1.02788090706, 2.10084581375, 0.053904492408, -13.7434959412, 5.0708322525, 76.2364196777, 6.01580810547, 7.52502727509], [50.9864807129, 5.90902137756, -5.53539657593, -8.96374797821, -3.55329656601, -0.315188378096, -10.5007104874, 0.660348415375, 3.22937822342, -1.84811198711, 6.01580810547, 76.8480682373, 9.71186637878], [70.6148834229, -53.4346122742, -15.7109994888, -0.7963783741, 6.78428268433, 16.9272346497, 8.43821811676, -19.9429302216, -8.19437503815, 20.3069419861, 7.52502727509, 9.71186637878, 92.9826507568]],
