{
"lowlevel": {
    "average_loudness": 0.902906119823,
    "barkbands_crest": {
        "dmean": 3.02987647057,
        "dmean2": 4.7758731842,
        "dvar": 8.59219837189,
        "dvar2": 16.4586009979,
        "max": 26.5583190918,
        "mean": 10.1234378815,
        "median": 8.79464435577,
        "min": 2.11969137192,
        "var": 28.7057189941
    },
    "barkbands_flatness_db": {
        "dmean": 0.029223671183,
        "dmean2": 0.0414310581982,
        "dvar": 0.00112069619354,
        "dvar2": 0.00182041258086,
        "max": 0.550606071949,
        "mean": 0.1699436903,
        "median": 0.150007769465,
        "min": 0.071426384151,
        "var": 0.00439325906336
    },
    "barkbands_kurtosis": {
        "dmean": 10.9197683334,
        "dmean2": 15.2874822617,
        "dvar": 3277.13598633,
        "dvar2": 6777.34130859,
        "max": 1385.18286133,
        "mean": 12.8423156738,
        "median": 0.363053321838,
        "min": -1.89114797115,
        "var": 4645.75292969
    },
    "barkbands_skewness": {
        "dmean": 0.888126790524,
        "dmean2": 1.22736632824,
        "dvar": 2.02123022079,
        "dvar2": 3.54264760017,
        "max": 26.5850563049,
        "mean": 1.95393586159,
        "median": 1.12967002392,
        "min": -1.35542094707,
        "var": 5.99764728546
    },
    "barkbands_spread": {
        "dmean": 7.24871397018,
        "dmean2": 11.1466407776,
        "dvar": 93.2370910645,
        "dvar2": 176.070922852,
        "max": 98.3766021729,
        "mean": 25.0184707642,
        "median": 23.2529602051,
        "min": 0.0776675194502,
        "var": 245.157043457
    },
    "dissonance": {
        "dmean": 0.0170908942819,
        "dmean2": 0.0288390405476,
        "dvar": 0.000234128689044,
        "dvar2": 0.000595648656599,
        "max": 0.500000119209,
        "mean": 0.470198094845,
        "median": 0.474060326815,
        "min": 0.342790931463,
        "var": 0.00040105660446
    },
    "dynamic_complexity": 2.99001860619,
    "erbbands_crest": {
        "dmean": 2.22516059875,
        "dmean2": 3.79948377609,
        "dvar": 4.31742763519,
        "dvar2": 10.4074020386,
        "max": 25.2879638672,
        "mean": 6.69581985474,
        "median": 6.0331287384,
        "min": 2.40805649757,
        "var": 8.46636676788
    },
    "erbbands_flatness_db": {
        "dmean": 0.0143136708066,
        "dmean2": 0.02119294554,
        "dvar": 0.000166590485605,
        "dvar2": 0.00034697225783,
        "max": 0.313176333904,
        "mean": 0.182009473443,
        "median": 0.179096117616,
        "min": 0.0900163799524,
        "var": 0.00146947335452
    },
    "erbbands_kurtosis": {
        "dmean": 0.822027802467,
        "dmean2": 1.3027163744,
        "dvar": 7.41554117203,
        "dvar2": 12.3972873688,
        "max": 58.7340965271,
        "mean": -0.0779391899705,
        "median": -0.649871349335,
        "min": -1.90902352333,
        "var": 15.3659486771
    },
    "erbbands_skewness": {
        "dmean": 0.373066544533,
        "dmean2": 0.568395555019,
        "dvar": 0.214443400502,
        "dvar2": 0.360239207745,
        "max": 6.76561117172,
        "mean": 0.101772941649,
        "median": 0.0515312813222,
        "min": -3.00660634041,
        "var": 0.667541623116
    },
    "erbbands_spread": {
        "dmean": 11.2217750549,
        "dmean2": 16.2083492279,
        "dvar": 178.593780518,
        "dvar2": 349.086242676,
        "max": 169.124084473,
        "mean": 50.5846138,
        "median": 43.0527687073,
        "min": 6.16071939468,
        "var": 702.37902832
    },
    "hfc": {
        "dmean": 6.83290958405,
        "dmean2": 10.2571516037,
        "dvar": 97.5498275757,
        "dvar2": 224.457962036,
        "max": 107.611778259,
        "mean": 17.3852424622,
        "median": 13.9652729034,
        "min": 0.000110892942757,
        "var": 211.995635986
    },
    "melbands_crest": {
        "dmean": 3.71129631996,
        "dmean2": 6.02720069885,
        "dvar": 10.1861934662,
        "dvar2": 22.3207950592,
        "max": 30.6357936859,
        "mean": 13.9635534286,
        "median": 13.0096702576,
        "min": 3.2587583065,
        "var": 34.7844581604
    },
    "melbands_flatness_db": {
        "dmean": 0.037486076355,
        "dmean2": 0.050805080682,
        "dvar": 0.00192894320935,
        "dvar2": 0.00299662537873,
        "max": 0.671748757362,
        "mean": 0.184534966946,
        "median": 0.157126948237,
        "min": 0.0314922556281,
        "var": 0.00849195756018
    },
    "melbands_kurtosis": {
        "dmean": 21.7722187042,
        "dmean2": 30.4993095398,
        "dvar": 2801.43969727,
        "dvar2": 5469.65527344,
        "max": 740.864807129,
        "mean": 32.4945487976,
        "median": 6.13756847382,
        "min": -1.45563340187,
        "var": 5409.62988281
    },
    "melbands_skewness": {
        "dmean": 1.23743534088,
        "dmean2": 1.73518335819,
        "dvar": 3.11516785622,
        "dvar2": 5.60799884796,
        "max": 23.092376709,
        "mean": 3.54476308823,
        "median": 2.36271977425,
        "min": 0.175978139043,
        "var": 10.4134969711
    },
    "melbands_spread": {
        "dmean": 10.6322154999,
        "dmean2": 15.8155698776,
        "dvar": 299.996276855,
        "dvar2": 602.08996582,
        "max": 179.438034058,
        "mean": 27.9641151428,
        "median": 25.9240589142,
        "min": 0.265371024609,
        "var": 561.984130859
    },
    "pitch_salience": {
        "dmean": 0.0918576419353,
        "dmean2": 0.141066506505,
        "dvar": 0.00745357852429,
        "dvar2": 0.0148660531268,
        "max": 0.821129918098,
        "mean": 0.539135992527,
        "median": 0.568151772022,
        "min": 0.0354149155319,
        "var": 0.0235890485346
    },
    "silence_rate_20dB": {
        "dmean": 0,
        "dmean2": 0,
        "dvar": 0,
        "dvar2": 0,
        "max": 1,
        "mean": 1,
        "median": 1,
        "min": 1,
        "var": 0
    },
    "silence_rate_30dB": {
        "dmean": 0.0387596897781,
        "dmean2": 0.0775795206428,
        "dvar": 0.0372579395771,
        "dvar2": 0.0715617164969,
        "max": 1,
        "mean": 0.924864470959,
        "median": 1,
        "min": 0,
        "var": 0.0694905892015
    },
    "silence_rate_60dB": {
        "dmean": 0.049612402916,
        "dmean2": 0.0993017852306,
        "dvar": 0.0471502095461,
        "dvar2": 0.0925424322486,
        "max": 1,
        "mean": 0.089078232646,
        "median": 0,
        "min": 0,
        "var": 0.0811430066824
    },
    "spectral_centroid": {
        "dmean": 331.504272461,
        "dmean2": 490.275787354,
        "dvar": 141910.421875,
        "dvar2": 257233.578125,
        "max": 4058.80834961,
        "mean": 1545.3092041,
        "median": 1589.44482422,
        "min": 88.2022628784,
        "var": 467821.46875
    },
    "spectral_complexity": {
        "dmean": 4.75193786621,
        "dmean2": 7.21024036407,
        "dvar": 29.0112819672,
        "dvar2": 52.7479896545,
        "max": 53,
        "mean": 19.0565452576,
        "median": 18,
        "min": 0,
        "var": 120.81401062
    },
    "spectral_decrease": {
        "dmean": 3.00026181677e-09,
        "dmean2": 4.2286498747e-09,
        "dvar": 2.57720692986e-17,
        "dvar2": 3.73173136582e-17,
        "max": -1.67773476047e-14,
        "mean": -7.41024708262e-09,
        "median": -4.10485956337e-09,
        "min": -5.28959844814e-08,
        "var": 9.69602188142e-17
    },
    "spectral_energy": {
        "dmean": 0.0116766942665,
        "dmean2": 0.016529392451,
        "dvar": 0.000380736717489,
        "dvar2": 0.000560435524676,
        "max": 0.201088532805,
        "mean": 0.0295449160039,
        "median": 0.0172775350511,
        "min": 7.33799083719e-08,
        "var": 0.00143016607035
    },
    "spectral_energyband_high": {
        "dmean": 0.000419529416831,
        "dmean2": 0.000617605110165,
        "dvar": 4.52516502492e-07,
        "dvar2": 8.98929329196e-07,
        "max": 0.00632806215435,
        "mean": 0.000886252266355,
        "median": 0.000622404215392,
        "min": 1.53277106563e-08,
        "var": 9.75170109996e-07
    },
    "spectral_energyband_low": {
        "dmean": 0.00864690635353,
        "dmean2": 0.0116632450372,
        "dvar": 0.000394186849007,
        "dvar2": 0.000542798603419,
        "max": 0.199810057878,
        "mean": 0.0147693008184,
        "median": 0.00123328762129,
        "min": 1.83501853712e-08,
        "var": 0.00112315849401
    },
    "spectral_energyband_middle_high": {
        "dmean": 0.00212413002737,
        "dmean2": 0.00333652063273,
        "dvar": 1.07455634861e-05,
        "dvar2": 2.50084485742e-05,
        "max": 0.0323914922774,
        "mean": 0.00441247550771,
        "median": 0.00287461956032,
        "min": 1.36905231596e-09,
        "var": 2.12422201002e-05
    },
    "spectral_energyband_middle_low": {
        "dmean": 0.00716185476631,
        "dmean2": 0.012029341422,
        "dvar": 0.000294348283205,
        "dvar2": 0.000720675161574,
        "max": 0.133199110627,
        "mean": 0.0108701381832,
        "median": 0.00587400328368,
        "min": 4.86121223275e-08,
        "var": 0.000301109830616
    },
    "spectral_entropy": {
        "dmean": 0.172642320395,
        "dmean2": 0.24363681674,
        "dvar": 0.0466513969004,
        "dvar2": 0.0879614055157,
        "max": 8.58378696442,
        "mean": 7.60532712936,
        "median": 7.65784597397,
        "min": 5.011967659,
        "var": 0.149092227221
    },
    "spectral_flux": {
        "dmean": 0.0344971306622,
        "dmean2": 0.0503928363323,
        "dvar": 0.0015951897949,
        "dvar2": 0.00261242804118,
        "max": 0.428924798965,
        "mean": 0.0993097648025,
        "median": 0.0801276564598,
        "min": 0.000270887248917,
        "var": 0.005749120377
    },
    "spectral_kurtosis": {
        "dmean": 1.50560796261,
        "dmean2": 2.58326292038,
        "dvar": 3.43658638,
        "dvar2": 10.0071144104,
        "max": 24.4762763977,
        "mean": 1.94336652756,
        "median": 1.35612630844,
        "min": -1.27141845226,
        "var": 5.78803396225
    },
    "spectral_rms": {
        "dmean": 0.00101063773036,
        "dmean2": 0.00142454658635,
        "dvar": 1.61383309205e-06,
        "dvar2": 2.31829426411e-06,
        "max": 0.0140065671876,
        "mean": 0.00459658354521,
        "median": 0.00410562194884,
        "min": 8.4610965132e-06,
        "var": 7.69569123804e-06
    },
    "spectral_rolloff": {
        "dmean": 761.041809082,
        "dmean2": 1205.94433594,
        "dvar": 1534413.375,
        "dvar2": 2862035.5,
        "max": 8161.08398438,
        "mean": 1898.62780762,
        "median": 1679.58984375,
        "min": 64.599609375,
        "var": 3095164.25
    },
    "spectral_skewness": {
        "dmean": 0.218778833747,
        "dmean2": 0.351163327694,
        "dvar": 0.0555387921631,
        "dvar2": 0.128797486424,
        "max": 4.07844257355,
        "mean": 0.966345012188,
        "median": 0.904678881168,
        "min": -0.150950148702,
        "var": 0.174372702837
    },
    "spectral_spread": {
        "dmean": 416360.1875,
        "dmean2": 596636.3125,
        "dvar": 291895312384,
        "dvar2": 456168833024,
        "max": 14125175,
        "mean": 4240495,
        "median": 3825862.75,
        "min": 1574275.625,
        "var": 1.64058247987e+12
    },
    "spectral_strongpeak": {
        "dmean": 0.383642017841,
        "dmean2": 0.646835803986,
        "dvar": 0.25248298049,
        "dvar2": 0.637276351452,
        "max": 4.50373029709,
        "mean": 0.606746554375,
        "median": 0.390740633011,
        "min": 0,
        "var": 0.36179843545
    },
    "zerocrossingrate": {
        "dmean": 0.0146862883121,
        "dmean2": 0.015835236758,
        "dvar": 0.000322975945892,
        "dvar2": 0.000330142240273,
        "max": 0.27587890625,
        "mean": 0.0691362395883,
        "median": 0.06494140625,
        "min": 0.0029296875,
        "var": 0.00159187684767
    },
    "barkbands": {
        "dmean": [0.000201554517844, 0.00701399240643, 0.00472865765914, 0.00308582233265, 0.00451817456633, 0.00097147579072, 0.000491242913995, 0.000209735095268, 0.000558044819627, 0.000627217756119, 0.000496280845255, 0.000459089584183, 0.000349707406713, 0.000335824093781, 0.000281010230538, 0.000298268045299, 0.000295259174891, 0.000226437841775, 0.00018913281383, 0.000155143861775, 0.000104204060335, 0.000112057241495, 0.000118716525321, 9.89895925159e-05, 1.377487024e-05, 1.1207125894e-08, 2.14630624384e-09],
        "dmean2": [0.000307522306684, 0.00972193013877, 0.00782543979585, 0.00553710525855, 0.0081598283723, 0.00152025558054, 0.000717970891856, 0.000344055617461, 0.000862279557623, 0.000987439765595, 0.000820708635729, 0.000791560974903, 0.000584629480727, 0.000564730842598, 0.000491981918458, 0.000500811962411, 0.000492062943522, 0.000382042722777, 0.000313645548886, 0.000251083722105, 0.000164316123119, 0.000175422756001, 0.000183319396456, 0.000152155669639, 2.05551532417e-05, 1.74134804354e-08, 3.98247701483e-09],
        "dvar": [1.62899397083e-07, 0.000335367163643, 0.000277789804386, 0.000117946423416, 0.000158521463163, 2.4381449748e-06, 8.46974728574e-07, 1.47685810248e-07, 9.31678926008e-07, 1.24605776364e-06, 5.86337819186e-07, 6.98794451637e-07, 3.29143148292e-07, 2.6920386631e-07, 1.82923614034e-07, 2.67848975e-07, 2.4350939043e-07, 1.63547667853e-07, 9.56780326078e-08, 4.2210334783e-08, 2.03667767096e-08, 3.06368832526e-08, 4.57445388236e-08, 3.97807475849e-08, 1.11672604497e-09, 7.01865052622e-16, 1.80530501094e-16],
        "dvar2": [3.18856024251e-07, 0.000492598337587, 0.000707973144017, 0.000332300842274, 0.000455634697573, 5.87347449255e-06, 1.63346317095e-06, 3.5321667724e-07, 1.9654028165e-06, 2.77463709608e-06, 1.49086372403e-06, 1.88990600236e-06, 8.55455937199e-07, 6.63937498757e-07, 4.84941097056e-07, 6.8688649435e-07, 6.5997147658e-07, 4.40427783133e-07, 2.63300449888e-07, 1.05437024445e-07, 4.73823398295e-08, 6.96621498264e-08, 1.0280107432e-07, 9.00485588318e-08, 2.14660089704e-09, 1.58874380614e-15, 5.29644566781e-16],
        "max": [0.00404079584405, 0.186097964644, 0.14775198698, 0.102060720325, 0.108997061849, 0.0194022916257, 0.0129170492291, 0.00556453270838, 0.0127217508852, 0.0137252630666, 0.00807843450457, 0.00993169657886, 0.00708482414484, 0.00668463297188, 0.00378103065304, 0.00464471802115, 0.00504382839426, 0.00493332743645, 0.00446456344798, 0.00297311064787, 0.0015115867136, 0.00151213887148, 0.00187941023614, 0.00191651529167, 0.000414754322264, 3.22468963532e-07, 2.98208703953e-07],
        "mean": [0.00025809960789, 0.0092190625146, 0.00403502071276, 0.00256528588943, 0.0047057508491, 0.00163097528275, 0.000704937789124, 0.00029549410101, 0.00071527226828, 0.000769345380832, 0.000581471656915, 0.000480561284348, 0.000420463358751, 0.000425808742875, 0.000327197922161, 0.000372623762814, 0.000384363433113, 0.000338926416589, 0.000292047654511, 0.000274656020338, 0.000184587261174, 0.000204720607144, 0.00019174242334, 0.000147792728967, 1.86751185538e-05, 1.34794584383e-08, 1.5128444053e-09],
        "median": [6.59764509692e-06, 0.00037758826511, 0.000267223309493, 0.000461048912257, 0.00135808752384, 0.000870501506142, 0.000269973446848, 0.000116845680168, 0.00029171013739, 0.000329080008669, 0.000261273409706, 0.000199990434339, 0.00019094113668, 0.000207938050153, 0.000155788773554, 0.000171658743056, 0.000175149471033, 0.000181755662197, 0.000154237015522, 0.000180150585948, 0.000118901698443, 0.00012873520609, 8.21205976536e-05, 4.68171565444e-05, 3.78228446607e-06, 3.04104208482e-09, 2.85348217277e-10],
        "min": [2.44640724345e-10, 1.34546906949e-09, 5.61001245458e-09, 2.35203856391e-08, 1.47330680988e-08, 7.64258789587e-09, 1.25727794842e-09, 3.05459879613e-10, 1.03605390933e-09, 2.85143131329e-10, 3.6855857255e-10, 6.3511529369e-11, 8.28703980438e-11, 1.76742634417e-10, 9.22337640291e-12, 4.66794866649e-11, 4.13887119022e-11, 1.06790888632e-10, 1.33105831912e-10, 2.45464848447e-09, 8.04937339005e-10, 5.69167379894e-09, 1.94837035394e-09, 3.58434437686e-09, 2.0434452741e-11, 5.40715779443e-12, 7.08293580037e-12],
        "var": [3.06992518517e-07, 0.000617971236352, 0.000221316207899, 7.424235082e-05, 0.000116799201351, 4.43083445134e-06, 1.65046628808e-06, 2.46005470217e-07, 1.41768134654e-06, 1.66198196894e-06, 7.24092672044e-07, 6.82618576775e-07, 3.98751609509e-07, 3.61206616617e-07, 2.05333876124e-07, 3.07388717147e-07, 3.05928836042e-07, 1.94273610532e-07, 1.56319686084e-07, 8.36090876533e-08, 3.78132938295e-08, 5.66690054882e-08, 7.75904922534e-08, 6.0802804569e-08, 1.69613223466e-09, 9.08166914948e-16, 9.88283433619e-17]
    },
    "erbbands": {
        "dmean": [0.169988512993, 1.74999284744, 4.87452316284, 7.80053520203, 14.3437185287, 14.7363147736, 9.41064453125, 7.65945768356, 8.31727981567, 4.40158176422, 5.99917030334, 13.0389623642, 18.2996368408, 15.5573806763, 18.1137733459, 18.0723133087, 17.6543731689, 14.6782541275, 15.1634101868, 15.0379419327, 13.178273201, 16.6207714081, 13.1469221115, 11.2664213181, 8.03323936462, 6.29553937912, 5.17614269257, 3.79305052757, 4.37144994736, 3.45327115059, 3.06306576729, 3.19330787659, 1.02938473225, 0.296696394682, 0.0109570287168, 0.000534177466761, 4.80488779431e-05, 9.99343319563e-06, 7.29727571525e-06, 1.34277270263e-05],
        "dmean2": [0.241287216544, 2.37822341919, 7.40915250778, 13.2377920151, 25.7555675507, 26.6718139648, 15.8364877701, 11.8662939072, 12.5486974716, 6.79143667221, 9.23828983307, 20.2629852295, 29.0533752441, 24.7411575317, 30.5271492004, 31.2028522491, 29.3482570648, 24.6781806946, 25.0080223083, 25.4961547852, 22.1484050751, 27.2461032867, 22.2366542816, 18.9089317322, 13.0494403839, 10.2283420563, 8.25981712341, 5.95976400375, 6.93815517426, 5.22873449326, 4.72115039825, 4.97571372986, 1.49298739433, 0.428086608648, 0.0164188947529, 0.000787994649727, 6.97982686688e-05, 1.45170097312e-05, 1.06000497908e-05, 1.91666567844e-05],
        "dvar": [0.179598629475, 21.6706142426, 240.248916626, 719.602233887, 1707.68395996, 1668.40600586, 374.104766846, 139.23085022, 252.603607178, 65.1652832031, 130.001068115, 610.565307617, 926.569396973, 578.097839355, 952.676086426, 1033.59985352, 757.104187012, 608.485900879, 519.423034668, 701.879577637, 580.872741699, 806.683959961, 540.09173584, 342.361541748, 151.485046387, 68.8418273926, 50.3314094543, 26.9719409943, 50.7177276611, 34.7330780029, 29.2065315247, 43.0361175537, 5.08642339706, 0.51167434454, 0.000815074134152, 1.69868565081e-06, 1.06785025267e-08, 4.27134105863e-10, 1.177466874e-10, 4.69211725029e-10],
        "dvar2": [0.323972731829, 31.3375492096, 558.843139648, 1875.94799805, 4714.75488281, 4843.67724609, 1019.66882324, 323.582214355, 526.00012207, 116.932769775, 298.98538208, 1270.16503906, 2131.05151367, 1357.62634277, 2441.70605469, 2757.60449219, 1941.82775879, 1540.40368652, 1283.22387695, 1871.90808105, 1556.00048828, 2137.55957031, 1442.92297363, 945.529968262, 387.283935547, 169.0831604, 121.440109253, 62.1086158752, 120.544113159, 82.0587005615, 66.5686569214, 100.18637085, 10.8634080887, 0.919535279274, 0.0018356697401, 3.58683655577e-06, 1.95297218397e-08, 8.7152646211e-10, 2.06278577553e-10, 7.15920656091e-10],
        "max": [4.32408905029, 49.621307373, 146.852233887, 226.797134399, 353.292205811, 391.277679443, 264.430847168, 135.824584961, 221.820007324, 149.819244385, 139.267822266, 358.001220703, 339.162322998, 227.399795532, 411.550476074, 367.212158203, 309.213012695, 395.871398926, 194.425354004, 246.117416382, 248.318984985, 298.392791748, 279.566101074, 295.690063477, 203.208831787, 108.089553833, 76.5725784302, 58.3915290833, 68.5787200928, 50.7704811096, 45.1201057434, 62.682220459, 26.1035232544, 8.6576128006, 0.322826206684, 0.0138315530494, 0.0011012556497, 0.000298976578051, 0.000117564210086, 0.000217577791773],
        "mean": [0.199824422598, 2.27962017059, 4.96416807175, 7.01820898056, 13.8804674149, 14.7927627563, 13.7803573608, 12.6998500824, 11.9356193542, 6.7139248848, 8.29999351501, 16.8373260498, 23.8676567078, 19.0314483643, 21.7537784576, 20.4377880096, 21.9077568054, 19.3515205383, 21.0345859528, 19.2316532135, 18.0218830109, 22.8290729523, 19.8578109741, 17.1443042755, 13.1828403473, 11.5556850433, 9.04586791992, 7.04913902283, 7.58005142212, 5.65501642227, 5.19280052185, 4.60831689835, 1.61492085457, 0.441372066736, 0.0147386146709, 0.000792828097474, 8.89804286999e-05, 1.86809720617e-05, 1.93340165424e-05, 3.55910560756e-05],
        "median": [0.00755962030962, 0.0978055298328, 0.355921387672, 1.23228394985, 2.84873318672, 4.46924543381, 4.98105716705, 6.92857503891, 4.84719324112, 3.00053191185, 3.52161622047, 6.96254253387, 10.6765356064, 8.64255046844, 10.1167039871, 9.39266777039, 10.3752689362, 9.48016166687, 10.4677095413, 10.0753993988, 9.94430541992, 10.5376024246, 10.9941291809, 8.61967086792, 7.66430616379, 7.55847549438, 5.8275141716, 4.91130924225, 4.71021509171, 3.18327951431, 2.30975556374, 1.3418058157, 0.542528510094, 0.102892927825, 0.00300271762535, 0.000212382903555, 3.75550625904e-05, 9.32702369028e-06, 1.31124770633e-05, 2.26063275477e-05],
        "min": [4.67738523469e-08, 3.52987598262e-07, 4.51129017165e-06, 4.62633361167e-05, 6.92289395374e-05, 4.24294630648e-05, 4.10282773373e-05, 7.87994868006e-05, 3.56920209015e-05, 4.69968244943e-06, 1.45225521919e-05, 2.37394269789e-05, 1.14173044494e-05, 4.68200960313e-06, 1.90715563804e-05, 2.38339225689e-06, 3.86392048313e-06, 7.5097050285e-06, 4.25826328865e-06, 1.38859059007e-06, 2.53735606748e-06, 2.70033183369e-06, 6.15715589447e-06, 9.36662036111e-06, 6.77378466207e-06, 0.000100187731732, 5.74111836613e-05, 0.000108828025986, 0.000261613255134, 4.02627993026e-05, 7.34748027753e-05, 5.09012497787e-05, 1.39632311402e-05, 4.61737545265e-06, 1.78803574613e-07, 2.60488821624e-08, 1.19272680621e-08, 4.11614253792e-09, 1.2083597456e-09, 2.21810972367e-10],
        "var": [0.270841807127, 40.1901855469, 250.593780518, 543.803466797, 1300.98718262, 1207.25085449, 513.401306152, 263.059753418, 438.825897217, 139.871688843, 204.512924194, 925.893615723, 1300.40734863, 779.120300293, 1145.63818359, 1049.30725098, 978.590515137, 805.393249512, 773.116821289, 726.868835449, 599.517028809, 1127.61791992, 650.951660156, 543.035522461, 272.987060547, 142.67477417, 89.1797180176, 52.7454719543, 83.6869354248, 56.0637817383, 52.3367500305, 62.011932373, 8.08822917938, 0.848231256008, 0.00109869777225, 2.55407576333e-06, 1.95392200197e-08, 7.25253024303e-10, 3.99471677959e-10, 1.76240066985e-09]
    },
    "gfcc": {
        "mean": [-36.1278877258, 116.85798645, -159.041244507, 66.4714889526, -78.8731918335, 16.4012718201, -32.4213409424, -15.9088373184, -6.79341220856, -26.2329750061, 5.37124156952, -16.4270572662, 6.6520190239],
        "cov": [[5022.64941406, -273.963500977, -420.676391602, 25.3912944794, -22.4930076599, 318.0496521, -180.756011963, 242.076187134, -127.166389465, -3.90510606766, 42.2099533081, -4.20170068741, 57.4763641357], [-273.963500977, 929.547973633, -95.5848464966, -154.689102173, 301.773071289, -225.717025757, 232.471664429, -130.580627441, 81.5501708984, -104.125427246, 29.0400981903, -9.15658378601, 27.2713928223], [-420.676391602, -95.5848464966, 1865.58898926, 831.144165039, 316.362945557, 677.008789062, 44.7004127502, 215.489852905, 107.162811279, 63.7008857727, 6.6719121933, -90.208946228, -63.865776062], [25.3912944794, -154.689102173, 831.144165039, 519.575317383, 175.412887573, 380.033111572, 20.7702846527, 153.502502441, 65.5092163086, 47.4827270508, 11.4162216187, -37.6598930359, -27.016960144], [-22.4930076599, 301.773071289, 316.362945557, 175.412887573, 343.984039307, 135.865203857, 160.087356567, 58.6454391479, 88.4008483887, -11.2678146362, 32.3100547791, -7.48246717453, 3.19587731361], [318.0496521, -225.717025757, 677.008789062, 380.033111572, 135.865203857, 472.496520996, 18.9159507751, 190.421020508, 31.9338684082, 58.4852218628, 29.1069431305, -16.3726558685, -9.67533588409], [-180.756011963, 232.471664429, 44.7004127502, 20.7702846527, 160.087356567, 18.9159507751, 206.82774353, 36.0479011536, 96.9217147827, 12.240603447, 42.9728240967, 22.87657547, 18.4658756256], [242.076187134, -130.580627441, 215.489852905, 153.502502441, 58.6454391479, 190.421020508, 36.0479011536, 173.849731445, 59.7565956116, 51.8490715027, 27.2338905334, 10.7892665863, 12.7944793701], [-127.166389465, 81.5501708984, 107.162811279, 65.5092163086, 88.4008483887, 31.9338684082, 96.9217147827, 59.7565956116, 128.571578979, 49.9332695007, 34.7612991333, 16.8456039429, 8.04261302948], [-3.90510606766, -104.125427246, 63.7008857727, 47.4827270508, -11.2678146362, 58.4852218628, 12.240603447, 51.8490715027, 49.9332695007, 91.6237182617, 42.7303733826, 20.7138633728, 9.39527511597], [42.2099533081, 29.0400981903, 6.6719121933, 11.4162216187, 32.3100547791, 29.1069431305, 42.9728240967, 27.2338905334, 34.7612991333, 42.7303733826, 70.666847229, 40.4102745056, 20.132566452], [-4.20170068741, -9.15658378601, -90.208946228, -37.6598930359, -7.48246717453, -16.3726558685, 22.87657547, 10.7892665863, 16.8456039429, 20.7138633728, 40.4102745056, 65.7079238892, 38.127166748], [57.4763641357, 27.2713928223, -63.865776062, -27.016960144, 3.19587731361, -9.67533588409, 18.4658756256, 12.7944793701, 8.04261302948, 9.39527511597, 20.132566452, 38.127166748, 67.3407821655]],
        "icov": [[0.000302363449009, -0.000178607951966, 0.000348103290889, -0.000146674137795, -2.0061232135e-05, -0.00048760973732, 0.000519168330356, -0.00048100281856, 0.000160975192557, 0.000186031888006, -0.000422326120315, 0.000440125819296, -0.000202637747861], [-0.000178607951966, 0.00481217354536, -0.00128003314603, 0.00238013314083, -0.00335730146617, 0.00242598634213, -0.00204541208223, 0.00222917064093, -0.00215632561594, 0.00488875666633, -0.0048744129017, 0.0045612086542, -0.00295993778855], [0.000348103290889, -0.00128003314603, 0.00288012973033, -0.00334472651593, 0.000696253264323, -0.002670037793, 0.00108913716394, 0.000575008860324, -0.000488295394462, -0.000598657003138, 0.000708631705493, 0.000422649492975, 0.000476994930068], [-0.000146674137795, 0.00238013314083, -0.00334472651593, 0.0102445399389, -0.003190909978, -0.00111318018753, 0.000756528403144, -0.000245545554208, -0.00259046140127, 0.00177092233207, -0.00153645058163, 0.00227392814122, -0.000835859158542], [-2.0061232135e-05, -0.00335730146617, 0.000696253264323, -0.003190909978, 0.00941709801555, -0.00253013521433, -0.00278882379644, -0.00050399301108, -0.000862331711687, 0.00116568419617, 0.000364711071597, -0.000874972261954, 0.00113365368452], [-0.00048760973732, 0.00242598634213, -0.002670037793, -0.00111318018753, -0.00253013521433, 0.0111823631451, -0.00228993222117, -0.00519007723778, 0.00471458630636, -0.000471877574455, -0.00287994509563, 0.00114627263974, -0.000489618862048], [0.000519168330356, -0.00204541208223, 0.00108913716394, 0.000756528403144, -0.00278882379644, -0.00228993222117, 0.0132255004719, -0.00146559393033, -0.00606257328764, 0.00126314221416, -0.00208677002229, -0.00112825213, -1.26607983475e-05], [-0.00048100281856, 0.00222917064093, 0.000575008860324, -0.000245545554208, -0.00050399301108, -0.00519007723778, -0.00146559393033, 0.0162511914968, -0.00717148650438, 0.000555374193937, -0.000126203492982, 0.00102835020516, -0.00321843009442], [0.000160975192557, -0.00215632561594, -0.000488295394462, -0.00259046140127, -0.000862331711687, 0.00471458630636, -0.00606257328764, -0.00717148650438, 0.0224551614374, -0.012600931339, 0.00432943506166, -0.00441977242008, 0.00326104136184], [0.000186031888006, 0.00488875666633, -0.000598657003138, 0.00177092233207, 0.00116568419617, -0.000471877574455, 0.00126314221416, 0.000555374193937, -0.012600931339, 0.0304193962365, -0.01950054802, 0.00849270541221, -0.00428844150156], [-0.000422326120315, -0.0048744129017, 0.000708631705493, -0.00153645058163, 0.000364711071597, -0.00287994509563, -0.00208677002229, -0.000126203492982, 0.00432943506166, -0.01950054802, 0.0405828393996, -0.0241037700325, 0.00627311458811], [0.000440125819296, 0.0045612086542, 0.000422649492975, 0.00227392814122, -0.000874972261954, 0.00114627263974, -0.00112825213, 0.00102835020516, -0.00441977242008, 0.00849270541221, -0.0241037700325, 0.0416958890855, -0.0176477935165], [-0.000202637747861, -0.00295993778855, 0.000476994930068, -0.000835859158542, 0.00113365368452, -0.000489618862048, -1.26607983475e-05, -0.00321843009442, 0.00326104136184, -0.00428844150156, 0.00627311458811, -0.0176477935165, 0.0251546185464]]
    },
    "melbands": {
        "dmean": [0.00176636083052, 0.00220441422425, 0.00140496122185, 0.00112247397192, 0.000361254467862, 0.000174469096237, 0.000114018163003, 4.65738376079e-05, 5.91563039052e-05, 8.57219783938e-05, 9.58159944275e-05, 6.77706921124e-05, 5.66133858229e-05, 3.75064810214e-05, 6.70764566166e-05, 3.38701829605e-05, 3.02864827972e-05, 2.62710818788e-05, 2.17048964259e-05, 2.66241768259e-05, 1.40136353366e-05, 2.08879864658e-05, 1.06165380203e-05, 1.15860948426e-05, 9.62290505413e-06, 7.19352101441e-06, 6.20539458396e-06, 4.44602574134e-06, 3.64199331671e-06, 2.73402110906e-06, 2.27347481996e-06, 2.56668772636e-06, 2.40799363382e-06, 2.0710838271e-06, 1.83013116839e-06, 2.75931597571e-06, 1.59256182997e-06, 8.10469828139e-07, 5.27989641341e-07, 1.5287861288e-07],
        "dmean2": [0.00241300463676, 0.00293742562644, 0.00230697356164, 0.0020328478422, 0.000617670651991, 0.000268890784355, 0.000170088344021, 7.31291802367e-05, 9.01302773855e-05, 0.000133633555379, 0.00015208957484, 0.000107639731141, 9.42629485507e-05, 6.38316851109e-05, 0.000116884082672, 5.7492256019e-05, 5.12891601829e-05, 4.36855661974e-05, 3.82298348995e-05, 4.43778517365e-05, 2.40905919782e-05, 3.47912064171e-05, 1.76578068931e-05, 1.95756820176e-05, 1.62636151799e-05, 1.20844624689e-05, 1.03053234852e-05, 7.37079881219e-06, 5.8472874116e-06, 4.39554150944e-06, 3.61456181963e-06, 4.1113471525e-06, 3.79954963137e-06, 3.33463299285e-06, 3.00767146655e-06, 4.37226071881e-06, 2.43491172114e-06, 1.22999392715e-06, 7.57506768423e-07, 2.326716384e-07],
        "dvar": [2.02724568226e-05, 3.56720811396e-05, 1.84835516848e-05, 1.02882249848e-05, 6.3241401449e-07, 7.08587393206e-08, 4.51038815186e-08, 7.04240976646e-09, 1.36949367402e-08, 2.75187090892e-08, 2.63488786345e-08, 1.12466622681e-08, 7.88567255938e-09, 4.03441857699e-09, 1.49123309257e-08, 4.49580195294e-09, 2.71778399785e-09, 1.92737203975e-09, 1.44201173224e-09, 2.12014894529e-09, 8.53389803268e-10, 1.28497379404e-09, 3.0119817751e-10, 4.77673900434e-10, 2.56972915169e-10, 1.51102103052e-10, 9.05792107986e-11, 3.53875817538e-11, 2.62648427313e-11, 1.38395891969e-11, 9.2400089316e-12, 1.48001472189e-11, 1.70718699594e-11, 1.36369344636e-11, 1.03784784586e-11, 3.38402465772e-11, 1.05409309753e-11, 3.21606890424e-12, 1.51241942147e-12, 1.42388542363e-13],
        "dvar2": [3.11244657496e-05, 6.61579615553e-05, 4.52167296316e-05, 2.93639513984e-05, 1.77830213488e-06, 1.64656754009e-07, 9.13236561928e-08, 1.35515598743e-08, 3.08158547568e-08, 5.71827776241e-08, 6.02882437306e-08, 2.5877332277e-08, 2.02257268711e-08, 1.09791660208e-08, 3.98932407109e-08, 1.20024248318e-08, 6.9539041192e-09, 4.65465177513e-09, 3.86584453338e-09, 5.42302913686e-09, 2.33965247176e-09, 3.46306516796e-09, 7.9639367323e-10, 1.29859123454e-09, 7.20233983564e-10, 4.00761673847e-10, 2.4037044577e-10, 8.8131252296e-11, 6.46739606314e-11, 3.49977165304e-11, 2.16830269018e-11, 3.60105452402e-11, 4.01302255315e-11, 3.35971736543e-11, 2.6582387333e-11, 7.85547252247e-11, 2.45208853222e-11, 7.44615133441e-12, 2.75226022528e-12, 2.96898302384e-13],
        "max": [0.0449042581022, 0.0626774057746, 0.0388390608132, 0.0268635544926, 0.00962478201836, 0.00299252057448, 0.00287801818922, 0.00130996108055, 0.00141760823317, 0.00246481760405, 0.00185539922677, 0.00111414969433, 0.00109465850983, 0.000706275226548, 0.0015656077303, 0.00095778494142, 0.00069924100535, 0.000382172875106, 0.000393150723539, 0.000373290211428, 0.000303163484205, 0.000376406766009, 0.000195404485567, 0.000250612327363, 0.000276706792647, 0.000194303327589, 0.000105505008833, 6.41155493213e-05, 7.06725331838e-05, 3.82421385439e-05, 2.9319731766e-05, 3.42348321283e-05, 3.70507295884e-05, 3.31112678396e-05, 2.86458871415e-05, 4.70956365461e-05, 3.54673393304e-05, 1.84114906006e-05, 1.75061286427e-05, 4.59437569589e-06],
        "mean": [0.00225699669681, 0.00286687049083, 0.00141996704042, 0.00110795442015, 0.000511351914611, 0.000296100624837, 0.000164049430168, 6.57595592202e-05, 7.64019059716e-05, 0.000108100124635, 0.000120990793221, 7.93585568317e-05, 6.87089559506e-05, 4.43713579443e-05, 7.10653330316e-05, 3.77056385332e-05, 3.7225720007e-05, 3.52943861799e-05, 2.45043011091e-05, 3.20557082887e-05, 1.73911830643e-05, 2.65325397777e-05, 1.60817398864e-05, 1.63332242664e-05, 1.37472834467e-05, 1.02901994978e-05, 9.15138571145e-06, 7.51114248487e-06, 6.12375833953e-06, 4.29847614214e-06, 3.9970391299e-06, 4.29907186117e-06, 3.8036978367e-06, 2.99246130453e-06, 2.75525258076e-06, 3.93555910705e-06, 2.23779466069e-06, 1.16941191663e-06, 8.12472478628e-07, 1.90741275219e-07],
        "median": [8.81523665157e-05, 0.000170367478859, 0.000299429550068, 0.000297546910588, 0.000180904942681, 0.000162921263836, 6.6291730036e-05, 2.5752970032e-05, 2.78165171039e-05, 4.40059011453e-05, 5.14009443577e-05, 3.50694463123e-05, 3.22368723573e-05, 2.02261198865e-05, 2.9000442737e-05, 1.47935825225e-05, 1.6948186385e-05, 1.58167567861e-05, 1.04352266135e-05, 1.37269298648e-05, 9.0250350695e-06, 1.17278505058e-05, 8.12911639514e-06, 8.023826922e-06, 6.60255773255e-06, 5.47859008293e-06, 4.91873288411e-06, 4.75645265396e-06, 3.95482811655e-06, 2.68404573944e-06, 2.70365649158e-06, 2.62157050201e-06, 2.06270556191e-06, 1.49081267864e-06, 1.26205554807e-06, 1.04144214674e-06, 6.8203956971e-07, 3.65786632983e-07, 2.11129304262e-07, 3.06152365681e-08],
        "min": [4.52800796857e-10, 1.59611102113e-09, 9.21833098744e-09, 3.70668384875e-09, 1.63468794057e-09, 1.65478963865e-09, 4.76134687233e-10, 2.74540615935e-11, 1.4689334471e-10, 1.44249723277e-10, 5.50179138359e-11, 1.7472053318e-11, 5.49125189764e-11, 2.1327516142e-11, 2.19655066705e-12, 1.02715162764e-11, 1.57779535964e-11, 9.22025303329e-12, 6.0908353014e-13, 3.22526142078e-12, 2.78071272605e-12, 2.22379796869e-12, 5.61206636718e-12, 4.49411471579e-12, 8.79694147388e-12, 1.80599795101e-12, 5.24054107401e-12, 9.65274526976e-11, 5.9193823454e-11, 3.93054512549e-12, 8.89567516871e-11, 1.79486411844e-10, 3.46677443697e-11, 1.6387039295e-11, 3.08353342859e-11, 4.13288674117e-11, 2.36486281946e-11, 4.93429472628e-12, 5.25039126759e-12, 2.05250760507e-13],
        "var": [3.58249053534e-05, 6.07257425145e-05, 1.63706863532e-05, 7.50579283704e-06, 7.43685745874e-07, 1.34448043809e-07, 8.28002271192e-08, 1.39513911535e-08, 2.08214352426e-08, 4.12175147346e-08, 3.62730503412e-08, 1.49497108026e-08, 9.8780201796e-09, 4.4876218297e-09, 1.47590606403e-08, 4.64221727725e-09, 3.36780558996e-09, 2.77843259511e-09, 1.45768552784e-09, 2.50484921693e-09, 7.55011830833e-10, 1.62087065991e-09, 4.53121179467e-10, 5.19651599529e-10, 3.97651384043e-10, 2.07695041721e-10, 1.34303221322e-10, 6.45160036505e-11, 4.39447922496e-11, 2.23068855054e-11, 1.76595994772e-11, 2.49959913878e-11, 2.68312871921e-11, 1.84170196454e-11, 1.49652547299e-11, 4.82087668396e-11, 1.48307859049e-11, 4.51812719182e-12, 2.59204962182e-12, 1.97842068249e-13]
    },
    "mfcc": {
        "mean": [-645.541320801, 103.996505737, -6.07667636871, 29.189661026, -5.68286132812, 14.4454183578, -7.33984518051, 8.01500225067, -10.5885095596, 0.490787416697, -12.2541208267, -1.93436944485, -8.56934833527],
        "cov": [[5283.45947266, -327.219238281, -683.721801758, -331.736083984, -74.5217895508, -157.388717651, 34.3210411072, 17.3259906769, -52.9790458679, -98.9435348511, -31.8300514221, -2.12542295456, -54.3028450012], [-327.219238281, 1025.82897949, -414.237457275, 119.009086609, -108.783309937, 2.39241528511, -5.53399896622, 25.8933963776, -3.65736651421, -33.4819602966, -18.7949962616, -31.1531639099, -16.5569248199], [-683.721801758, -414.237457275, 1598.13891602, 296.154754639, 629.73840332, 376.723327637, 247.959060669, 195.519058228, 173.491134644, 195.785507202, 110.648025513, 120.060379028, 88.3618545532], [-331.736083984, 119.009086609, 296.154754639, 247.902633667, 165.851470947, 125.473114014, 63.946849823, 84.6431350708, 67.2848968506, 72.8573608398, 35.7117462158, 38.9245262146, 29.1038665771], [-74.5217895508, -108.783309937, 629.73840332, 165.851470947, 423.849456787, 206.842193604, 173.847747803, 139.255447388, 112.953971863, 95.1708679199, 73.0620422363, 65.3123397827, 46.6335105896], [-157.388717651, 2.39241528511, 376.723327637, 125.473114014, 206.842193604, 208.047775269, 125.369255066, 106.006538391, 65.8031768799, 76.6139144897, 48.0747909546, 53.1099128723, 34.3065605164], [34.3210411072, -5.53399896622, 247.959060669, 63.946849823, 173.847747803, 125.369255066, 174.008392334, 106.0704422, 70.0212631226, 46.8528289795, 46.0237426758, 41.4864082336, 32.527923584], [17.3259906769, 25.8933963776, 195.519058228, 84.6431350708, 139.255447388, 106.006538391, 106.0704422, 153.027526855, 79.9016799927, 63.2928009033, 39.35729599, 46.2352638245, 32.1803512573], [-52.9790458679, -3.65736651421, 173.491134644, 67.2848968506, 112.953971863, 65.8031768799, 70.0212631226, 79.9016799927, 112.798858643, 67.3069992065, 43.1613883972, 33.6574325562, 30.9665184021], [-98.9435348511, -33.4819602966, 195.785507202, 72.8573608398, 95.1708679199, 76.6139144897, 46.8528289795, 63.2928009033, 67.3069992065, 106.73462677, 56.2324485779, 42.662979126, 22.7726268768], [-31.8300514221, -18.7949962616, 110.648025513, 35.7117462158, 73.0620422363, 48.0747909546, 46.0237426758, 39.35729599, 43.1613883972, 56.2324485779, 80.685256958, 46.0137825012, 26.0015258789], [-2.12542295456, -31.1531639099, 120.060379028, 38.9245262146, 65.3123397827, 53.1099128723, 41.4864082336, 46.2352638245, 33.6574325562, 42.662979126, 46.0137825012, 81.3001708984, 42.5534629822], [-54.3028450012, -16.5569248199, 88.3618545532, 29.1038665771, 46.6335105896, 34.3065605164, 32.527923584, 32.1803512573, 30.9665184021, 22.7726268768, 26.0015258789, 42.5534629822, 74.1792602539]],
