{
"lowlevel": {
    "average_loudness": 0.944790363312,
    "barkbands_crest": {
        "dmean": 2.08748269081,
        "dmean2": 3.34971451759,
        "dvar": 3.79872703552,
        "dvar2": 9.37837982178,
        "max": 25.5701255798,
        "mean": 11.7818288803,
        "median": 10.8284549713,
        "min": 3.25611567497,
        "var": 15.7579727173
    },
    "barkbands_flatness_db": {
        "dmean": 0.0236292481422,
        "dmean2": 0.0368089452386,
        "dvar": 0.000524567672983,
        "dvar2": 0.00108310196083,
        "max": 0.560280919075,
        "mean": 0.279261052608,
        "median": 0.267989367247,
        "min": 0.128691971302,
        "var": 0.00457957480103
    },
    "barkbands_kurtosis": {
        "dmean": 6.52217054367,
        "dmean2": 10.2936515808,
        "dvar": 113.472053528,
        "dvar2": 262.284057617,
        "max": 196.762252808,
        "mean": 17.569562912,
        "median": 14.4149971008,
        "min": -1.89194595814,
        "var": 264.227172852
    },
    "barkbands_skewness": {
        "dmean": 0.623520851135,
        "dmean2": 0.95015078783,
        "dvar": 0.518531739712,
        "dvar2": 1.16032063961,
        "max": 11.5704212189,
        "mean": 2.73656010628,
        "median": 2.73142147064,
        "min": -1.40744197369,
        "var": 1.87275516987
    },
    "barkbands_spread": {
        "dmean": 2.34443950653,
        "dmean2": 3.45980620384,
        "dvar": 34.9475250244,
        "dvar2": 59.6038780212,
        "max": 93.1034317017,
        "mean": 7.20700025558,
        "median": 4.54804420471,
        "min": 0.330834597349,
        "var": 108.020843506
    },
    "dissonance": {
        "dmean": 0.0260995551944,
        "dmean2": 0.0427455082536,
        "dvar": 0.000616787001491,
        "dvar2": 0.00158401834778,
        "max": 0.498323231936,
        "mean": 0.417010813951,
        "median": 0.425509989262,
        "min": 0.209611773491,
        "var": 0.00244105211459
    },
    "dynamic_complexity": 2.5434448719,
    "erbbands_crest": {
        "dmean": 2.31349134445,
        "dmean2": 3.6275331974,
        "dvar": 5.46003770828,
        "dvar2": 13.317574501,
        "max": 30.7455368042,
        "mean": 12.4785823822,
        "median": 11.2761144638,
        "min": 4.09777450562,
        "var": 26.8655052185
    },
    "erbbands_flatness_db": {
        "dmean": 0.015495701693,
        "dmean2": 0.0225211642683,
        "dvar": 0.000280909589492,
        "dvar2": 0.000540319189895,
        "max": 0.46174544096,
        "mean": 0.229948610067,
        "median": 0.219504490495,
        "min": 0.118924513459,
        "var": 0.00259922700934
    },
    "erbbands_kurtosis": {
        "dmean": 2.32440090179,
        "dmean2": 3.5027987957,
        "dvar": 22.3017024994,
        "dvar2": 48.3743553162,
        "max": 91.5001678467,
        "mean": 5.27075147629,
        "median": 1.94146347046,
        "min": -1.86803281307,
        "var": 93.0356674194
    },
    "erbbands_skewness": {
        "dmean": 0.41773429513,
        "dmean2": 0.603533506393,
        "dvar": 0.273736566305,
        "dvar2": 0.524707973003,
        "max": 8.18493461609,
        "mean": 1.58364605904,
        "median": 1.40701520443,
        "min": -4.69996881485,
        "var": 1.77063524723
    },
    "erbbands_spread": {
        "dmean": 6.71281719208,
        "dmean2": 10.4023962021,
        "dvar": 111.569450378,
        "dvar2": 259.610412598,
        "max": 135.026794434,
        "mean": 29.3467845917,
        "median": 27.0434322357,
        "min": 1.35400283337,
        "var": 317.862335205
    },
    "hfc": {
        "dmean": 3.08370494843,
        "dmean2": 4.29466342926,
        "dvar": 55.9811477661,
        "dvar2": 100.215187073,
        "max": 185.749984741,
        "mean": 9.6896905899,
        "median": 6.17225694656,
        "min": 4.92384278914e-05,
        "var": 184.887207031
    },
    "melbands_crest": {
        "dmean": 2.75457024574,
        "dmean2": 4.39646196365,
        "dvar": 6.27170848846,
        "dvar2": 15.6878843307,
        "max": 32.0027198792,
        "mean": 16.7396278381,
        "median": 16.0186500549,
        "min": 6.6811132431,
        "var": 23.2640209198
    },
    "melbands_flatness_db": {
        "dmean": 0.0257477238774,
        "dmean2": 0.0371797345579,
        "dvar": 0.000738767033909,
        "dvar2": 0.00133635988459,
        "max": 0.709456682205,
        "mean": 0.345973908901,
        "median": 0.333528190851,
        "min": 0.114779807627,
        "var": 0.00744271883741
    },
    "melbands_kurtosis": {
        "dmean": 11.8868265152,
        "dmean2": 18.3429393768,
        "dvar": 286.944000244,
        "dvar2": 656.025512695,
        "max": 215.499237061,
        "mean": 32.1081695557,
        "median": 25.9008846283,
        "min": -1.31533288956,
        "var": 705.717956543
    },
    "melbands_skewness": {
        "dmean": 0.769068419933,
        "dmean2": 1.18108761311,
        "dvar": 0.764341771603,
        "dvar2": 1.70129203796,
        "max": 10.3291282654,
        "mean": 3.56417512894,
        "median": 3.43524646759,
        "min": -0.617240905762,
        "var": 2.74931955338
    },
    "melbands_spread": {
        "dmean": 2.28628897667,
        "dmean2": 3.38723826408,
        "dvar": 42.5458755493,
        "dvar2": 84.8381347656,
        "max": 203.303756714,
        "mean": 6.57492208481,
        "median": 3.97754788399,
        "min": 0.361009210348,
        "var": 128.969909668
    },
    "pitch_salience": {
        "dmean": 0.0628468468785,
        "dmean2": 0.100590161979,
        "dvar": 0.00345233059488,
        "dvar2": 0.00850128382444,
        "max": 0.796692550182,
        "mean": 0.534149348736,
        "median": 0.541013777256,
        "min": 0.138670876622,
        "var": 0.01104527805
    },
    "silence_rate_20dB": {
        "dmean": 0,
        "dmean2": 0,
        "dvar": 0,
        "dvar2": 0,
        "max": 1,
        "mean": 1,
        "median": 1,
        "min": 1,
        "var": 0
    },
    "silence_rate_30dB": {
        "dmean": 0.0178156476468,
        "dmean2": 0.0356450974941,
        "dvar": 0.0174976550043,
        "dvar2": 0.0444494336843,
        "max": 1,
        "mean": 0.982191264629,
        "median": 1,
        "min": 0,
        "var": 0.0174911543727
    },
    "silence_rate_60dB": {
        "dmean": 0.00464755995199,
        "dmean2": 0.00929872132838,
        "dvar": 0.00462614092976,
        "dvar2": 0.0107617154717,
        "max": 1,
        "mean": 0.0112272547558,
        "median": 0,
        "min": 0,
        "var": 0.0111010354012
    },
    "spectral_centroid": {
        "dmean": 105.342346191,
        "dmean2": 152.430679321,
        "dvar": 64472.1679688,
        "dvar2": 102248.210938,
        "max": 4775.37988281,
        "mean": 485.76461792,
        "median": 367.787322998,
        "min": 176.363143921,
        "var": 229059.34375
    },
    "spectral_complexity": {
        "dmean": 1.42835009098,
        "dmean2": 2.20263457298,
        "dvar": 3.48887848854,
        "dvar2": 6.6233792305,
        "max": 43,
        "mean": 8.75377464294,
        "median": 8,
        "min": 0,
        "var": 19.6552639008
    },
    "spectral_decrease": {
        "dmean": 2.55421461759e-09,
        "dmean2": 3.75795261576e-09,
        "dvar": 1.30678969244e-17,
        "dvar2": 2.71451345215e-17,
        "max": -9.04634779087e-14,
        "mean": -8.15218914596e-09,
        "median": -6.41322950301e-09,
        "min": -5.91763473778e-08,
        "var": 4.15925470233e-17
    },
    "spectral_energy": {
        "dmean": 0.0098526570946,
        "dmean2": 0.0144817559049,
        "dvar": 0.000193019906874,
        "dvar2": 0.000401860044803,
        "max": 0.227347493172,
        "mean": 0.0316471643746,
        "median": 0.0249896608293,
        "min": 3.45896239651e-07,
        "var": 0.00061894103419
    },
    "spectral_energyband_high": {
        "dmean": 0.000190055870917,
        "dmean2": 0.000258235493675,
        "dvar": 1.22914593703e-06,
        "dvar2": 2.18942773245e-06,
        "max": 0.0327532701194,
        "mean": 0.000327124173054,
        "median": 3.88071093766e-05,
        "min": 2.69405525666e-10,
        "var": 3.50272011929e-06
    },
    "spectral_energyband_low": {
        "dmean": 0.00473819952458,
        "dmean2": 0.00697292294353,
        "dvar": 4.54256114608e-05,
        "dvar2": 8.93475444173e-05,
        "max": 0.112559705973,
        "mean": 0.0123727405444,
        "median": 0.0088474471122,
        "min": 2.40830587472e-07,
        "var": 0.000143515571835
    },
    "spectral_energyband_middle_high": {
        "dmean": 0.000339338061167,
        "dmean2": 0.000441381067503,
        "dvar": 8.27948667848e-07,
        "dvar2": 1.5816940504e-06,
        "max": 0.0243958681822,
        "mean": 0.00107794010546,
        "median": 0.000449786457466,
        "min": 3.61485708034e-09,
        "var": 3.3417652503e-06
    },
    "spectral_energyband_middle_low": {
        "dmean": 0.00758275901899,
        "dmean2": 0.0114557538182,
        "dvar": 0.000148674618686,
        "dvar2": 0.000334594602464,
        "max": 0.210436493158,
        "mean": 0.0205532945693,
        "median": 0.0139224026352,
        "min": 1.27544566908e-07,
        "var": 0.000424958678195
    },
    "spectral_entropy": {
        "dmean": 0.214761659503,
        "dmean2": 0.307123333216,
        "dvar": 0.059335578233,
        "dvar2": 0.110626243055,
        "max": 8.26296520233,
        "mean": 6.28003120422,
        "median": 6.35313892365,
        "min": 3.91413331032,
        "var": 0.508045554161
    },
    "spectral_flux": {
        "dmean": 0.024865694344,
        "dmean2": 0.0396753065288,
        "dvar": 0.00086033315165,
        "dvar2": 0.00209137657657,
        "max": 0.298780024052,
        "mean": 0.0632051676512,
        "median": 0.0525852441788,
        "min": 0.00058812944917,
        "var": 0.00186283991206
    },
    "spectral_kurtosis": {
        "dmean": 6.49845027924,
        "dmean2": 10.7546033859,
        "dvar": 102.608795166,
        "dvar2": 254.837982178,
        "max": 300.367401123,
        "mean": 13.8503465652,
        "median": 8.02101421356,
        "min": -0.88552069664,
        "var": 362.407867432
    },
    "spectral_rms": {
        "dmean": 0.000803053262644,
        "dmean2": 0.00117269111797,
        "dvar": 8.59559975197e-07,
        "dvar2": 1.77090271336e-06,
        "max": 0.0148930326104,
        "mean": 0.00520812673494,
        "median": 0.00493762642145,
        "min": 1.83700776688e-05,
        "var": 3.75074023395e-06
    },
    "spectral_rolloff": {
        "dmean": 142.449996948,
        "dmean2": 252.341720581,
        "dvar": 341761,
        "dvar2": 721806.625,
        "max": 9087.01171875,
        "mean": 471.961517334,
        "median": 301.46484375,
        "min": 86.1328125,
        "var": 648199.3125
    },
    "spectral_skewness": {
        "dmean": 0.542601585388,
        "dmean2": 0.865248382092,
        "dvar": 0.396997183561,
        "dvar2": 0.937570095062,
        "max": 15.3531551361,
        "mean": 2.60899043083,
        "median": 2.29259371758,
        "min": -0.196036592126,
        "var": 1.98780715466
    },
    "spectral_spread": {
        "dmean": 439541.15625,
        "dmean2": 665251.875,
        "dvar": 290016821248,
        "dvar2": 522672013312,
        "max": 18039860,
        "mean": 3164688.25,
        "median": 3114303.5,
        "min": 266541.875,
        "var": 1.28484389683e+12
    },
    "spectral_strongpeak": {
        "dmean": 0.270967125893,
        "dmean2": 0.455334603786,
        "dvar": 0.158461689949,
        "dvar2": 0.394160717726,
        "max": 5.79027175903,
        "mean": 0.722591519356,
        "median": 0.52300786972,
        "min": 0.000392901303712,
        "var": 0.356236219406
    },
    "zerocrossingrate": {
        "dmean": 0.00483534578234,
        "dmean2": 0.0057973228395,
        "dvar": 6.94999689586e-05,
        "dvar2": 7.06654973328e-05,
        "max": 0.26318359375,
        "mean": 0.0223713349551,
        "median": 0.017578125,
        "min": 0.0029296875,
        "var": 0.000438756513176
    },
    "barkbands": {
        "dmean": [8.36047911434e-05, 0.00261134165339, 0.0019185161218, 0.00304644205607, 0.00465511949733, 0.0010778431315, 0.000293727731332, 0.000272494362434, 0.000102786500065, 0.00014333447325, 7.83458162914e-05, 7.23190896679e-05, 4.80678863823e-05, 2.95766349154e-05, 5.81713902648e-05, 2.27534746955e-05, 2.04176412808e-05, 3.36353477906e-05, 4.0068745875e-05, 4.12641202274e-05, 9.59140525083e-05, 5.17669504916e-05, 2.01468446903e-05, 2.81702814391e-05, 1.55514626385e-05, 1.27070443057e-08, 1.38248978931e-09],
        "dmean2": [0.000146409220179, 0.00398445921019, 0.00288167688996, 0.00467065535486, 0.00732294749469, 0.00154373724945, 0.000435167195974, 0.000399958167691, 0.000137136885314, 0.000195970264031, 0.000115097020171, 0.000100310171547, 6.91642198944e-05, 4.30384970969e-05, 8.28994379845e-05, 3.49311485479e-05, 3.07220725517e-05, 5.29784156242e-05, 5.99270497332e-05, 6.48967834422e-05, 0.000149203697219, 7.44994467823e-05, 3.04566019622e-05, 3.7651258026e-05, 2.1887884941e-05, 1.9792981476e-08, 2.56891774519e-09],
        "dvar": [1.77400210077e-08, 1.74172855623e-05, 7.33970637157e-06, 4.59151306131e-05, 6.90862434567e-05, 5.84670851822e-06, 1.5690628743e-06, 6.46648913971e-07, 1.05469432299e-07, 3.97422780907e-07, 6.29154897069e-08, 6.08507519928e-08, 5.30882608984e-08, 8.01019783836e-09, 2.41681981095e-08, 1.39605100813e-08, 4.16704137862e-09, 1.01451412604e-07, 7.59803526762e-08, 1.553772222e-07, 6.04010551797e-07, 8.28618667015e-08, 1.13202078822e-08, 2.77898575263e-08, 1.50765941953e-08, 1.0168532276e-14, 4.01735443251e-18],
        "dvar2": [4.96764087643e-08, 3.9092868974e-05, 1.59600695042e-05, 8.81846499396e-05, 0.000178600254003, 1.25191445477e-05, 3.68481005353e-06, 1.45703165799e-06, 1.54066029268e-07, 1.06301467895e-06, 1.41169934409e-07, 1.19585550351e-07, 9.6914178016e-08, 1.61193085546e-08, 5.35270707758e-08, 3.32208962561e-08, 9.97699611816e-09, 2.3135598326e-07, 1.43963390542e-07, 4.12011246453e-07, 1.47626224134e-06, 1.66254906731e-07, 2.54478571549e-08, 4.47165753314e-08, 3.12371817301e-08, 2.26978741249e-14, 1.3131573288e-17],
        "max": [0.00223873578943, 0.0781088024378, 0.0347390882671, 0.166029393673, 0.140983492136, 0.0588531717658, 0.0374677367508, 0.0160217862576, 0.00980750005692, 0.0175268743187, 0.00584656698629, 0.00619250908494, 0.0114296898246, 0.00256519950926, 0.00353707373142, 0.00389944761992, 0.00170163752045, 0.012590396218, 0.0110091920942, 0.0156319513917, 0.0229844022542, 0.00768881384283, 0.00255024456419, 0.00599643774331, 0.00314959930256, 2.62022740571e-06, 2.0362955766e-08],
        "mean": [9.31100948947e-05, 0.00505233928561, 0.00466351816431, 0.00566423870623, 0.0103579666466, 0.0026678701397, 0.000710323802195, 0.000597888312768, 0.000283691391815, 0.000360762118362, 0.000185415090527, 0.000171309235157, 9.15737691685e-05, 5.87121794524e-05, 0.000141237454955, 3.89587185055e-05, 3.86329120374e-05, 5.07900695084e-05, 6.57508135191e-05, 5.35550861969e-05, 0.000119827360322, 7.81137787271e-05, 3.34203796228e-05, 4.75906126667e-05, 2.05629639822e-05, 1.5611352211e-08, 1.09799391801e-09],
        "median": [4.34982357547e-05, 0.00297697563656, 0.00340821710415, 0.00215294281952, 0.00621018977836, 0.00121188617777, 0.000203996518394, 0.000106999301352, 4.73801992484e-05, 7.93081417214e-05, 3.5080647649e-05, 2.04271891562e-05, 1.16854844237e-05, 1.53955752467e-05, 6.1024864408e-05, 1.1508958778e-05, 1.09550710476e-05, 1.0064698472e-05, 1.53781693371e-05, 1.20736895042e-05, 6.60079740555e-06, 7.95434971224e-06, 5.46035153093e-06, 3.90092873204e-06, 5.10949291765e-07, 1.04392960942e-09, 4.24320689696e-10],
        "min": [6.42405639795e-09, 1.67403314322e-07, 1.53625681065e-08, 6.65222472662e-08, 2.62731170153e-08, 2.56519605557e-08, 1.69198355326e-09, 5.90696780378e-09, 8.50719938938e-10, 1.66662972312e-09, 6.9567585026e-10, 2.89838708589e-10, 4.16263468139e-10, 5.60082813461e-11, 9.27830867692e-11, 8.38903668754e-11, 1.07982303654e-10, 1.49476028777e-10, 1.979657549e-10, 1.0163523495e-10, 4.23407905958e-11, 4.14480290367e-11, 6.57160090234e-11, 2.73925725852e-11, 1.25040889101e-11, 5.90001398432e-12, 7.17892065238e-12],
        "var": [2.12623749718e-08, 4.26245715062e-05, 1.96463806788e-05, 0.000150818828843, 0.000153860499267, 1.80017959792e-05, 3.24832399201e-06, 2.14783972297e-06, 7.4921678106e-07, 1.13793805667e-06, 2.12468691529e-07, 2.44821933393e-07, 1.82556149753e-07, 2.51260061646e-08, 6.85742236328e-08, 1.63119722174e-08, 8.11537415046e-09, 1.54639735683e-07, 1.81749769013e-07, 1.19883182492e-07, 7.98262533408e-07, 2.04451382046e-07, 2.51238390092e-08, 8.91887168564e-08, 2.96009101675e-08, 1.57851382925e-14, 3.35717352062e-18]
    },
    "erbbands": {
        "dmean": [0.0349550135434, 0.717354178429, 2.24293851852, 5.63577222824, 17.7502384186, 12.3729391098, 11.943523407, 7.16317605972, 5.76246595383, 4.17879962921, 5.10126161575, 2.11844682693, 5.62038516998, 2.38889122009, 2.63521265984, 3.3222823143, 2.35630488396, 1.62581133842, 2.87233924866, 2.15502548218, 1.19543075562, 1.00742971897, 1.60719299316, 2.24465274811, 1.93705463409, 1.91644847393, 2.89790248871, 4.04831933975, 2.02306056023, 0.907423317432, 0.560147166252, 0.645362496376, 0.441205173731, 0.296211212873, 0.0166876185685, 0.000737576337997, 4.24307327194e-05, 6.13615566181e-06, 5.44871272723e-06, 1.10488053906e-05],
        "dmean2": [0.051455296576, 1.0995503664, 3.29946804047, 8.58958625793, 28.3141822815, 19.386516571, 16.9200439453, 10.4340848923, 8.41175556183, 6.43342876434, 7.01540088654, 2.76232647896, 7.52238798141, 3.2551343441, 3.88956284523, 4.48109960556, 3.29342055321, 2.30565285683, 3.9855389595, 3.16688203812, 1.76869094372, 1.49794495106, 2.51497864723, 3.32771706581, 2.90017390251, 2.92566180229, 4.12463998795, 6.48107624054, 2.97028493881, 1.37684500217, 0.820216178894, 0.87397313118, 0.599903106689, 0.408755302429, 0.024370200932, 0.00107098009903, 5.93318800384e-05, 8.48264699016e-06, 7.77523109718e-06, 1.61514344654e-05],
        "dvar": [0.00475014792755, 1.29024887085, 11.2076864243, 122.750724792, 1079.78210449, 613.132995605, 577.447570801, 490.975311279, 605.860961914, 147.225265503, 269.979278564, 32.3506164551, 639.035949707, 69.9450073242, 76.5491485596, 149.816574097, 141.621566772, 20.8368320465, 48.7231140137, 121.495956421, 22.5288181305, 9.94932842255, 150.471343994, 410.654785156, 194.422866821, 293.282440186, 842.795898438, 1233.81433105, 146.238739014, 21.6134586334, 8.68584537506, 12.240899086, 8.80519104004, 5.11015701294, 0.0166913568974, 3.1757994293e-05, 8.37061904235e-08, 1.34709110533e-09, 1.01104923045e-10, 2.39899516918e-10],
        "dvar2": [0.00833354983479, 2.91986632347, 22.2710800171, 235.806732178, 2705.6628418, 1493.73754883, 1270.12182617, 979.487121582, 1462.8614502, 412.83102417, 459.679046631, 49.409526825, 1789.94421387, 107.985458374, 182.386627197, 294.023742676, 248.973587036, 44.3119506836, 84.4864654541, 312.205169678, 53.9519805908, 23.7368774414, 367.882019043, 865.114196777, 435.032775879, 765.532409668, 1974.27160645, 3190.8059082, 292.917053223, 44.6905784607, 19.4727497101, 20.1290149689, 16.5067157745, 10.0056810379, 0.0338272452354, 6.29811183899e-05, 1.56861176492e-07, 2.36507169404e-09, 1.77610523511e-10, 4.95277152623e-10],
        "max": [1.13290429115, 22.0478649139, 49.7926559448, 296.091247559, 347.909759521, 555.877075195, 497.212280273, 637.602600098, 656.363647461, 260.029510498, 440.880584717, 192.214294434, 729.284484863, 346.60269165, 252.361846924, 327.051757812, 619.176696777, 87.2830352783, 205.663208008, 419.047637939, 119.057548523, 80.5223999023, 419.411621094, 892.49810791, 477.365020752, 678.365539551, 1293.56811523, 1200.53112793, 363.156311035, 132.044967651, 78.1482162476, 113.442512512, 106.485534668, 59.692111969, 3.261531353, 0.139964088798, 0.00801365450025, 0.00111764192116, 0.000272321514785, 0.000248628290137],
        "mean": [0.0739775449038, 1.39423656464, 5.43916749954, 12.6740131378, 31.3639698029, 30.4618244171, 31.4114303589, 16.4159622192, 13.4294338226, 9.24500274658, 12.475153923, 6.45942974091, 14.797244072, 6.69513320923, 6.671002388, 8.09781265259, 4.82174777985, 3.40581774712, 7.12874221802, 4.31722068787, 2.21132111549, 2.00413656235, 2.63071203232, 3.47616863251, 3.01532149315, 2.51136231422, 3.81065535545, 5.17304134369, 3.08205628395, 1.49328935146, 0.930639863014, 1.05831062794, 0.710201919079, 0.413368582726, 0.0239426959306, 0.00109490542673, 7.15307105565e-05, 1.04687405837e-05, 1.67616635736e-05, 3.5710989323e-05],
        "median": [0.0310565587133, 0.839048206806, 3.50681710243, 6.49435472488, 14.7477779388, 15.3776798248, 16.7964267731, 6.23317146301, 3.53157043457, 3.61261487007, 2.02779245377, 1.34054636955, 2.81493377686, 1.87973594666, 1.68551599979, 1.09956884384, 0.66031908989, 1.02088153362, 2.95174264908, 1.61125433445, 0.770739138126, 0.612602412701, 0.663264155388, 0.748270094395, 0.745217502117, 0.525937855244, 0.375249683857, 0.220349237323, 0.254333913326, 0.23316283524, 0.168485790491, 0.11359539628, 0.0463580042124, 0.0123280147091, 0.000502993585542, 4.67146455776e-05, 1.31382867039e-05, 2.1991131689e-06, 1.22272203953e-05, 2.81710235868e-05],
        "min": [6.52877542962e-06, 3.04041568597e-05, 2.0398560082e-05, 0.000140518241096, 0.000161508272868, 6.08864065725e-05, 0.00011074651411, 0.000251380784903, 6.12037838437e-05, 4.78337460663e-05, 0.000118391326396, 2.39212731685e-05, 5.01087197335e-05, 2.83608060272e-05, 2.54490114457e-05, 1.66144982359e-05, 1.94897002075e-05, 4.11648534282e-06, 5.9895855884e-06, 3.91649791709e-06, 4.65797074867e-06, 5.98387214268e-06, 7.60016700951e-06, 6.76561057844e-06, 1.13271016744e-05, 4.6673626457e-06, 2.77207823274e-06, 1.35199445594e-06, 1.61379773544e-06, 2.1784621822e-06, 1.39507244512e-06, 6.14440750724e-07, 5.29660496795e-07, 1.8866116136e-07, 6.52677698554e-08, 2.72348437136e-08, 9.80363790148e-09, 4.61778260075e-09, 1.23876031655e-09, 4.79130179976e-10],
        "var": [0.0161628108472, 3.08042287827, 34.4965515137, 452.087890625, 1947.58532715, 2022.2355957, 2280.2355957, 1145.18127441, 1204.65258789, 254.339019775, 1169.48901367, 287.78302002, 2035.15588379, 294.587799072, 228.526062012, 598.317382812, 502.945129395, 52.6701202393, 209.618896484, 120.654830933, 33.1255836487, 22.2227172852, 245.530517578, 836.25958252, 280.89440918, 241.122528076, 1019.56317139, 1561.31604004, 358.184265137, 53.3281059265, 18.9265651703, 37.4924278259, 23.4788990021, 11.0308141708, 0.0367396771908, 7.24990168237e-05, 2.08516240718e-07, 3.69968966574e-09, 3.48077761059e-10, 7.93106857966e-10]
    },
    "gfcc": {
        "mean": [-93.1008605957, 170.083557129, -102.808837891, 60.8167457581, -62.0821304321, 6.87609863281, -32.3797531128, -21.340965271, -7.36010217667, -27.6747398376, 2.51199388504, -24.601732254, 7.1437253952],
        "cov": [[4062.72192383, -1099.87023926, -720.079772949, 265.975830078, -639.953735352, 527.76385498, -307.432891846, 259.511474609, -122.208580017, -1.33948481083, 92.2720489502, -100.234260559, 17.0481376648], [-1099.87023926, 954.852844238, 157.914886475, -425.118560791, 384.589630127, -235.979354858, 211.882873535, -116.932174683, 130.872390747, -107.110740662, 27.1377296448, 15.786570549, -68.5127105713], [-720.079772949, 157.914886475, 594.047546387, 54.4571075439, 154.099411011, -115.20677948, 48.7208023071, -54.8109550476, -15.0446224213, 37.4195289612, -56.5699081421, 40.4536170959, 16.5824794769], [265.975830078, -425.118560791, 54.4571075439, 424.345336914, -67.1165008545, 53.1221313477, -58.9450454712, 26.8782520294, -23.7117996216, 70.7095489502, 1.76931750774, 17.6563129425, 51.9024505615], [-639.953735352, 384.589630127, 154.099411011, -67.1165008545, 326.839996338, -119.770523071, 89.2405319214, -67.4098358154, 52.7645645142, -14.5884809494, 1.6751127243, 19.3627433777, -30.868013382], [527.76385498, -235.979354858, -115.20677948, 53.1221313477, -119.770523071, 248.67640686, -2.64766287804, 73.7284545898, -23.1615753174, 5.07308387756, 27.7552623749, -18.7809181213, 10.226146698], [-307.432891846, 211.882873535, 48.7208023071, -58.9450454712, 89.2405319214, -2.64766287804, 209.54145813, -11.7170209885, 14.3678226471, -9.6613407135, 5.54026699066, 33.9410629272, -17.2893123627], [259.511474609, -116.932174683, -54.8109550476, 26.8782520294, -67.4098358154, 73.7284545898, -11.7170209885, 141.642044067, 20.1831073761, 4.68720388412, 22.4386501312, -5.4965133667, -0.457046955824], [-122.208580017, 130.872390747, -15.0446224213, -23.7117996216, 52.7645645142, -23.1615753174, 14.3678226471, 20.1831073761, 132.037246704, 13.673377037, 10.1910676956, 1.48698782921, -24.3250331879], [-1.33948481083, -107.110740662, 37.4195289612, 70.7095489502, -14.5884809494, 5.07308387756, -9.6613407135, 4.68720388412, 13.673377037, 123.296485901, 5.09442424774, 8.92000102997, 11.4079303741], [92.2720489502, 27.1377296448, -56.5699081421, 1.76931750774, 1.6751127243, 27.7552623749, 5.54026699066, 22.4386501312, 10.1910676956, 5.09442424774, 97.2377853394, 22.4749565125, -14.7262201309], [-100.234260559, 15.786570549, 40.4536170959, 17.6563129425, 19.3627433777, -18.7809181213, 33.9410629272, -5.4965133667, 1.48698782921, 8.92000102997, 22.4749565125, 93.0966415405, 28.330198288], [17.0481376648, -68.5127105713, 16.5824794769, 51.9024505615, -30.868013382, 10.226146698, -17.2893123627, -0.457046955824, -24.3250331879, 11.4079303741, -14.7262201309, 28.330198288, 91.6758804321]],
        "icov": [[0.000524953415152, 0.000160593699547, 0.00032926449785, -7.06224382157e-05, 0.000325636065099, -0.000544168287888, 0.000366182677681, -0.000218016808503, 0.000158031689352, 0.0001495139295, -0.000170695653651, 4.0431990783e-05, 0.000224550967687], [0.000160593699547, 0.0190465543419, -0.00314878928475, 0.0134838987142, -0.00961036235094, 0.00788630358875, -0.0103362323716, 0.00593876326457, -0.0127932373434, 0.00936258677393, -0.0126972580329, 0.00828677602112, -0.00805536843836], [0.00032926449785, -0.00314878928475, 0.00313284201548, -0.00272674043663, 0.000781903334428, -0.00116207264364, 0.00185160746332, -0.00135256710928, 0.00307728792541, -0.00225820625201, 0.00354667473584, -0.00230742129497, 0.0016782861203], [-7.06224382157e-05, 0.0134838987142, -0.00272674043663, 0.0126237049699, -0.00680740457028, 0.00522191263735, -0.00673268502578, 0.00401964690536, -0.00888105109334, 0.00519580999389, -0.00908261351287, 0.00551153533161, -0.00685306638479], [0.000325636065099, -0.00961036235094, 0.000781903334428, -0.00680740457028, 0.0104833422229, -0.00296065630391, 0.00386711652391, -0.00155911431648, 0.00472851842642, -0.0038567953743, 0.00503903115168, -0.00371391023509, 0.00474318861961], [-0.000544168287888, 0.00788630358875, -0.00116207264364, 0.00522191263735, -0.00296065630391, 0.0101141789928, -0.00614049425349, 0.00068160117371, -0.00474487384781, 0.00376573600806, -0.00667393254116, 0.00520339747891, -0.00443864287809], [0.000366182677681, -0.0103362323716, 0.00185160746332, -0.00673268502578, 0.00386711652391, -0.00614049425349, 0.0122875822708, -0.00351416692138, 0.00729166297242, -0.00501754367724, 0.00767113920301, -0.00744356587529, 0.00606253696606], [-0.000218016808503, 0.00593876326457, -0.00135256710928, 0.00401964690536, -0.00155911431648, 0.00068160117371, -0.00351416692138, 0.0114980041981, -0.00660831062123, 0.00333606568165, -0.00550778722391, 0.00294980569743, -0.00272356066853], [0.000158031689352, -0.0127932373434, 0.00307728792541, -0.00888105109334, 0.00472851842642, -0.00474487384781, 0.00729166297242, -0.00660831062123, 0.0182570945472, -0.00801086332649, 0.00884946528822, -0.00625787535682, 0.0075412732549], [0.0001495139295, 0.00936258677393, -0.00225820625201, 0.00519580999389, -0.0038567953743, 0.00376573600806, -0.00501754367724, 0.00333606568165, -0.00801086332649, 0.0141287213191, -0.00716777425259, 0.00402901228517, -0.00449243560433], [-0.000170695653651, -0.0126972580329, 0.00354667473584, -0.00908261351287, 0.00503903115168, -0.00667393254116, 0.00767113920301, -0.00550778722391, 0.00884946528822, -0.00716777425259, 0.0222288239747, -0.0109557555988, 0.00909996125847], [4.0431990783e-05, 0.00828677602112, -0.00230742129497, 0.00551153533161, -0.00371391023509, 0.00520339747891, -0.00744356587529, 0.00294980569743, -0.00625787535682, 0.00402901228517, -0.0109557555988, 0.0193381700665, -0.00963518116623], [0.000224550967687, -0.00805536843836, 0.0016782861203, -0.00685306638479, 0.00474318861961, -0.00443864287809, 0.00606253696606, -0.00272356066853, 0.0075412732549, -0.00449243560433, 0.00909996125847, -0.00963518116623, 0.0186437107623]]
    },
    "melbands": {
        "dmean": [0.000515251653269, 0.00109616992995, 0.00131187879015, 0.00114361173473, 0.000413141911849, 0.000168839949765, 8.09549237601e-05, 4.93789739267e-05, 3.72095637431e-05, 1.41712680488e-05, 2.76957271126e-05, 8.99046517588e-06, 1.02907606561e-05, 8.85173994902e-06, 6.23526830168e-06, 4.39027053289e-06, 3.00343117488e-06, 4.45401656179e-06, 3.23028189086e-06, 2.38381039708e-06, 1.37489996632e-06, 1.11605731945e-06, 1.22266658309e-06, 1.79793948973e-06, 1.95361781152e-06, 1.36586447752e-06, 1.5306708292e-06, 1.23412667108e-06, 1.58048908361e-06, 2.38017082665e-06, 2.35065886045e-06, 1.38055986554e-06, 6.35433934804e-07, 4.90794889174e-07, 3.50268891225e-07, 3.57363433068e-07, 4.06334464742e-07, 2.83798812006e-07, 4.14673621663e-07, 1.85904227124e-07],
        "dmean2": [0.000784514646512, 0.001642286079, 0.00202494347468, 0.00182694732212, 0.000594641838688, 0.000243109563598, 0.000117499206681, 7.65782024246e-05, 5.09764322487e-05, 1.87965870282e-05, 3.71655223717e-05, 1.23080963021e-05, 1.52102693391e-05, 1.22895135064e-05, 8.57876420923e-06, 6.35783590042e-06, 4.33870854977e-06, 6.24511994829e-06, 4.70858594781e-06, 3.59049749932e-06, 2.03777585739e-06, 1.67387349848e-06, 1.95075358533e-06, 2.80400354313e-06, 2.96331677418e-06, 1.96188352675e-06, 2.45440264734e-06, 1.90371270037e-06, 2.31841499954e-06, 3.76778621103e-06, 3.75729450752e-06, 2.05187052416e-06, 9.31227248202e-07, 7.69906819187e-07, 5.42440716345e-07, 5.03833803123e-07, 5.60520788895e-07, 4.01155233476e-07, 5.90071579154e-07, 2.64969258978e-07],
        "dvar": [7.51694585688e-07, 2.74110789178e-06, 6.33836634734e-06, 4.8516667448e-06, 5.93191657572e-07, 2.22845258691e-07, 1.12723611778e-07, 2.07352250925e-08, 1.44045415595e-08, 1.68263869504e-09, 1.53976973394e-08, 1.17146414791e-09, 1.04046260496e-09, 8.45555847562e-10, 5.48051770632e-10, 3.75764364069e-10, 7.87368920063e-11, 1.16980036768e-10, 1.19561693879e-10, 1.66464800277e-10, 2.88101365681e-11, 1.24019275752e-11, 6.45764136609e-11, 2.70305916539e-10, 3.26177390653e-10, 5.77845930827e-11, 3.56003893032e-10, 8.52963186193e-11, 2.5604038334e-10, 4.03456018594e-10, 4.00958405367e-10, 6.90839607742e-11, 1.2392791654e-11, 7.11020521973e-12, 4.37939831968e-12, 3.64937377192e-12, 5.32229729039e-12, 3.29012771888e-12, 1.25115352106e-11, 2.09356360373e-12],
        "dvar2": [1.62988112606e-06, 5.51531502424e-06, 1.30567195811e-05, 1.27798084577e-05, 1.25848930566e-06, 4.58443082607e-07, 2.60953356701e-07, 5.96207527792e-08, 2.41597000183e-08, 2.76513745234e-09, 4.30916138328e-08, 1.72309599922e-09, 2.44245068615e-09, 1.67969782527e-09, 1.05851039045e-09, 7.36604888196e-10, 1.6545195769e-10, 2.0419566038e-10, 2.90729634811e-10, 4.24869334159e-10, 6.60380430895e-11, 2.89062714737e-11, 1.82003745408e-10, 5.81644732378e-10, 7.06373071147e-10, 9.07245112369e-11, 9.68101709908e-10, 2.16924880836e-10, 6.29043983569e-10, 9.78851111277e-10, 1.00477826059e-09, 1.41027051148e-10, 2.68324563957e-11, 1.65849920603e-11, 1.12428044305e-11, 7.04287279538e-12, 9.12033382844e-12, 5.95812331763e-12, 2.7676548553e-11, 4.08110914854e-12],
        "max": [0.0134992022067, 0.0281055886298, 0.0553631410003, 0.039660718292, 0.0160483475775, 0.0137048950419, 0.00933051574975, 0.00277820811607, 0.00330989225768, 0.00103271682747, 0.00355340074748, 0.00152838218492, 0.00077386124758, 0.000682082842104, 0.000867639377248, 0.00089809804922, 0.000188610138139, 0.000298490951536, 0.000333954143571, 0.000483232259285, 0.000130677115521, 7.98975015641e-05, 0.000334381562425, 0.00067652418511, 0.00076982693281, 0.00032949927845, 0.000733842782211, 0.000361998158041, 0.000722483673599, 0.000658339180518, 0.000613870564848, 0.00022235493816, 0.00010530428699, 5.89183146076e-05, 5.0503451348e-05, 5.5038377468e-05, 7.91174752521e-05, 6.46481275908e-05, 0.000114236507216, 3.40427832271e-05],
        "mean": [0.00103039271198, 0.00255800364539, 0.00278625451028, 0.00231775315478, 0.0011471810285, 0.000396799499867, 0.000190808015759, 0.000104615719465, 9.25372441998e-05, 4.01997895096e-05, 7.24668934708e-05, 2.43958802457e-05, 2.46649615292e-05, 2.11622500501e-05, 1.3895455595e-05, 8.33500416775e-06, 5.72391991227e-06, 1.09082029667e-05, 7.31387399355e-06, 4.34935554949e-06, 2.29706461141e-06, 2.09757445191e-06, 2.00198110178e-06, 2.74893977803e-06, 2.84214479507e-06, 2.24769269153e-06, 1.8987589101e-06, 1.56647649874e-06, 2.05706601264e-06, 2.91598780677e-06, 3.04467266687e-06, 1.95233724298e-06, 1.01150408227e-06, 7.40195048365e-07, 5.46472961105e-07, 5.49754815893e-07, 6.60117564166e-07, 4.6569689971e-07, 5.60392152238e-07, 2.64618705614e-07],
        "median": [0.000568574818317, 0.00168834824581, 0.00157277716789, 0.00124337524176, 0.000636108045001, 0.000157941627549, 5.00544920214e-05, 3.49188230757e-05, 1.34589618028e-05, 8.22817855806e-06, 1.32610784931e-05, 6.52284052194e-06, 5.6390545069e-06, 2.58901354755e-06, 1.83870031378e-06, 1.34454751333e-06, 1.39639473673e-06, 4.36561776951e-06, 2.85513351628e-06, 1.60077343025e-06, 5.9786498241e-07, 5.82106167712e-07, 5.64949800719e-07, 4.93557990922e-07, 5.26873407125e-07, 5.08525715759e-07, 3.99498901515e-07, 2.91081562409e-07, 2.61570733073e-07, 1.17378689879e-07, 1.04412116286e-07, 1.19826083278e-07, 1.57953735425e-07, 9.84620882605e-08, 8.8010096988e-08, 7.39633634339e-08, 6.05185448421e-08, 3.17016137785e-08, 1.8655725853e-08, 4.81821116338e-09],
        "min": [5.41453317737e-08, 2.11587245502e-08, 2.56668393206e-08, 7.36869321116e-09, 3.72694852757e-09, 5.31708232998e-09, 7.64310781332e-10, 7.33024585475e-10, 8.45137904104e-10, 1.12189757484e-10, 2.60672289309e-10, 1.22649376766e-10, 1.07285298701e-10, 2.3008314004e-11, 5.74840036682e-11, 3.12678771763e-11, 4.59594341751e-12, 1.01016998585e-11, 6.21177241589e-12, 6.02140256059e-12, 4.71834767438e-12, 5.11033142886e-12, 9.25774908123e-12, 5.96966703501e-12, 4.80412281137e-12, 9.96556656641e-12, 4.41428013934e-12, 3.15467443834e-12, 2.02774841189e-12, 1.11300855685e-12, 6.82023556554e-13, 7.1925646862e-13, 1.12140364269e-12, 1.35115443139e-12, 8.1554505987e-13, 6.58295575169e-13, 2.57428898077e-13, 3.63050870833e-13, 3.33206091841e-13, 1.05380520933e-13],
        "var": [2.01533384825e-06, 7.83626364864e-06, 1.87341847777e-05, 9.45733245317e-06, 2.73555156127e-06, 5.62909860946e-07, 2.40649114858e-07, 3.62285099698e-08, 6.36784491803e-08, 1.20588250496e-08, 4.90033862377e-08, 4.64533789213e-09, 3.29855320835e-09, 3.34498384547e-09, 2.21105023179e-09, 1.13650855393e-09, 1.89943463735e-10, 4.97690055834e-10, 2.10396755573e-10, 1.63709559797e-10, 4.49575723871e-11, 2.56309869162e-11, 7.08436226349e-11, 4.51437415228e-10, 6.36016683764e-10, 1.54506657468e-10, 2.52545845347e-10, 7.64173585521e-11, 2.81343809361e-10, 5.20852583286e-10, 5.53500079103e-10, 1.5360253347e-10, 2.74159878827e-11, 1.39708314362e-11, 7.10877580759e-12, 8.93935012819e-12, 1.59998299332e-11, 9.48658686328e-12, 2.14970784229e-11, 4.62358233297e-12]
    },
    "mfcc": {
        "mean": [-727.719482422, 165.798477173, 33.1828155518, 41.8424110413, 10.9174289703, 14.5333900452, -4.10547876358, 1.44423818588, -7.71722173691, 3.56064248085, -12.2429227829, -10.7132349014, -6.04222154617],
        "cov": [[4771.55712891, -1424.09448242, -348.742980957, -442.115844727, -241.063858032, -58.8886413574, -39.3815536499, 97.3311767578, -131.45954895, 75.3311843872, -6.05047464371, 163.854034424, -82.8138427734], [-1424.09448242, 1349.82189941, -123.274909973, -82.5054473877, 82.4056472778, -32.5978546143, 11.0656137466, 73.6988449097, -29.6662654877, 26.7505016327, 30.0140151978, -39.1187896729, 11.6095294952], [-348.742980957, -123.274909973, 390.923706055, 109.953102112, 17.1896800995, 28.7019748688, 26.0507202148, -45.9546508789, 61.0290298462, -40.9081192017, -8.70103740692, -5.47920513153, 1.89096534252], [-442.115844727, -82.5054473877, 109.953102112, 360.676940918, 69.7257003784, 42.5207252502, -2.31707763672, -51.4625282288, 36.5050354004, -40.2220649719, 4.82297229767, -23.0484580994, 13.1684427261], [-241.063858032, 82.4056472778, 17.1896800995, 69.7257003784, 187.973754883, -10.6821050644, -25.415266037, -18.8056926727, -5.28587865829, -2.81115555763, 10.1956949234, 19.9875469208, -15.8352975845], [-58.8886413574, -32.5978546143, 28.7019748688, 42.5207252502, -10.6821050644, 152.303787231, 36.6119728088, -13.622836113, 11.2209758759, -2.80880236626, 0.430867105722, 2.06902289391, 10.3266820908], [-39.3815536499, 11.0656137466, 26.0507202148, -2.31707763672, -25.415266037, 36.6119728088, 144.575271606, 23.4590969086, -3.92001342773, -5.71352481842, 3.43736195564, -2.83270430565, 5.2494468689], [97.3311767578, 73.6988449097, -45.9546508789, -51.4625282288, -18.8056926727, -13.622836113, 23.4590969086, 157.568634033, -0.63790333271, 10.1651735306, 10.7226104736, 14.9297037125, 18.0794372559], [-131.45954895, -29.6662654877, 61.0290298462, 36.5050354004, -5.28587865829, 11.2209758759, -3.92001342773, -0.63790333271, 117.836128235, 6.16647005081, -7.8076543808, -9.84120750427, 18.1332702637], [75.3311843872, 26.7505016327, -40.9081192017, -40.2220649719, -2.81115555763, -2.80880236626, -5.71352481842, 10.1651735306, 6.16647005081, 102.93347168, 14.6100387573, -4.63935852051, -0.733763217926], [-6.05047464371, 30.0140151978, -8.70103740692, 4.82297229767, 10.1956949234, 0.430867105722, 3.43736195564, 10.7226104736, -7.8076543808, 14.6100387573, 120.163124084, 32.3799858093, -5.00846624374], [163.854034424, -39.1187896729, -5.47920513153, -23.0484580994, 19.9875469208, 2.06902289391, -2.83270430565, 14.9297037125, -9.84120750427, -4.63935852051, 32.3799858093, 135.202194214, 14.5231389999], [-82.8138427734, 11.6095294952, 1.89096534252, 13.1684427261, -15.8352975845, 10.3266820908, 5.2494468689, 18.0794372559, 18.1332702637, -0.733763217926, -5.00846624374, 14.5231389999, 107.831298828]],
