{
"lowlevel": {
    "average_loudness": 0.950366616249,
    "barkbands_crest": {
        "dmean": 2.19611740112,
        "dmean2": 3.63004016876,
        "dvar": 3.99930000305,
        "dvar2": 11.294418335,
        "max": 22.0897312164,
        "mean": 10.634847641,
        "median": 10.0934171677,
        "min": 3.68853592873,
        "var": 12.0988225937
    },
    "barkbands_flatness_db": {
        "dmean": 0.0216880887747,
        "dmean2": 0.0332929454744,
        "dvar": 0.000362556456821,
        "dvar2": 0.000817913911305,
        "max": 0.432218760252,
        "mean": 0.275500267744,
        "median": 0.273635178804,
        "min": 0.101859524846,
        "var": 0.00244831852615
    },
    "barkbands_kurtosis": {
        "dmean": 2.65805530548,
        "dmean2": 4.17741441727,
        "dvar": 15.9677619934,
        "dvar2": 36.288898468,
        "max": 84.1615371704,
        "mean": 6.05823945999,
        "median": 3.86473321915,
        "min": -1.72802174091,
        "var": 64.9729309082
    },
    "barkbands_skewness": {
        "dmean": 0.450687527657,
        "dmean2": 0.694916427135,
        "dvar": 0.211949542165,
        "dvar2": 0.498471438885,
        "max": 8.27110767365,
        "mean": 1.46702349186,
        "median": 1.32698953152,
        "min": -1.62941050529,
        "var": 1.1733686924
    },
    "barkbands_spread": {
        "dmean": 1.70555603504,
        "dmean2": 2.52657270432,
        "dvar": 8.71605014801,
        "dvar2": 16.8112277985,
        "max": 80.1446914673,
        "mean": 6.97071075439,
        "median": 5.73262500763,
        "min": 0.520211040974,
        "var": 37.6750526428
    },
    "dissonance": {
        "dmean": 0.0344261974096,
        "dmean2": 0.0575732849538,
        "dvar": 0.000904467015062,
        "dvar2": 0.00237732753158,
        "max": 0.499958872795,
        "mean": 0.408654123545,
        "median": 0.415348142385,
        "min": 0.203193664551,
        "var": 0.00252076657489
    },
    "dynamic_complexity": 2.51830649376,
    "erbbands_crest": {
        "dmean": 2.83140659332,
        "dmean2": 4.40241909027,
        "dvar": 6.7673406601,
        "dvar2": 16.8408374786,
        "max": 31.4306545258,
        "mean": 12.6880140305,
        "median": 11.7380104065,
        "min": 3.94547915459,
        "var": 25.9833641052
    },
    "erbbands_flatness_db": {
        "dmean": 0.0184232126921,
        "dmean2": 0.0259283445776,
        "dvar": 0.000309058377752,
        "dvar2": 0.000583327317145,
        "max": 0.436080127954,
        "mean": 0.289564043283,
        "median": 0.291917204857,
        "min": 0.0999685898423,
        "var": 0.0025388225913
    },
    "erbbands_kurtosis": {
        "dmean": 1.70311689377,
        "dmean2": 2.63252544403,
        "dvar": 5.55041456223,
        "dvar2": 13.1529779434,
        "max": 43.4186820984,
        "mean": 2.8815767765,
        "median": 1.81899642944,
        "min": -1.83808076382,
        "var": 15.7320337296
    },
    "erbbands_skewness": {
        "dmean": 0.379090428352,
        "dmean2": 0.573346674442,
        "dvar": 0.124134406447,
        "dvar2": 0.2806686759,
        "max": 5.55753946304,
        "mean": 1.0061147213,
        "median": 0.982296228409,
        "min": -1.86805093288,
        "var": 0.770641922951
    },
    "erbbands_spread": {
        "dmean": 4.17173528671,
        "dmean2": 5.93120288849,
        "dvar": 44.2712059021,
        "dvar2": 79.0368499756,
        "max": 147.214752197,
        "mean": 17.0185871124,
        "median": 12.972281456,
        "min": 1.72976851463,
        "var": 243.349761963
    },
    "hfc": {
        "dmean": 3.12402272224,
        "dmean2": 4.37370157242,
        "dvar": 15.1130495071,
        "dvar2": 27.3507957458,
        "max": 76.8508834839,
        "mean": 12.9035100937,
        "median": 10.5117998123,
        "min": 0.000174110755324,
        "var": 95.7207489014
    },
    "melbands_crest": {
        "dmean": 2.63238191605,
        "dmean2": 4.37365293503,
        "dvar": 5.73481464386,
        "dvar2": 16.0999641418,
        "max": 30.2766914368,
        "mean": 12.7255859375,
        "median": 11.9274692535,
        "min": 3.55340194702,
        "var": 17.5315532684
    },
    "melbands_flatness_db": {
        "dmean": 0.0231088716537,
        "dmean2": 0.0321427360177,
        "dvar": 0.000499523885082,
        "dvar2": 0.000958090007771,
        "max": 0.520897567272,
        "mean": 0.330930203199,
        "median": 0.328919827938,
        "min": 0.0446082688868,
        "var": 0.00398463942111
    },
    "melbands_kurtosis": {
        "dmean": 3.71714901924,
        "dmean2": 5.69469213486,
        "dvar": 44.1023902893,
        "dvar2": 96.1137695312,
        "max": 170.781036377,
        "mean": 8.48670005798,
        "median": 4.53559732437,
        "min": -1.56399285793,
        "var": 161.965164185
    },
    "melbands_skewness": {
        "dmean": 0.494383901358,
        "dmean2": 0.768986880779,
        "dvar": 0.287290841341,
        "dvar2": 0.62948602438,
        "max": 8.49771404266,
        "mean": 1.66171824932,
        "median": 1.40722191334,
        "min": -1.17497849464,
        "var": 1.60874223709
    },
    "melbands_spread": {
        "dmean": 1.99867963791,
        "dmean2": 3.0799741745,
        "dvar": 18.1300888062,
        "dvar2": 40.3075256348,
        "max": 152.455749512,
        "mean": 9.04985523224,
        "median": 7.75280046463,
        "min": 0.574814677238,
        "var": 54.0545578003
    },
    "pitch_salience": {
        "dmean": 0.059982560575,
        "dmean2": 0.0982024073601,
        "dvar": 0.00274877855554,
        "dvar2": 0.00711186463013,
        "max": 0.864770889282,
        "mean": 0.606013476849,
        "median": 0.614841938019,
        "min": 0.237255513668,
        "var": 0.00964942015707
    },
    "silence_rate_20dB": {
        "dmean": 0,
        "dmean2": 0,
        "dvar": 0,
        "dvar2": 0,
        "max": 1,
        "mean": 1,
        "median": 1,
        "min": 1,
        "var": 0
    },
    "silence_rate_30dB": {
        "dmean": 0,
        "dmean2": 0,
        "dvar": 0,
        "dvar2": 0,
        "max": 1,
        "mean": 1,
        "median": 1,
        "min": 1,
        "var": 0
    },
    "silence_rate_60dB": {
        "dmean": 0.00929511990398,
        "dmean2": 0.0185974426568,
        "dvar": 0.00920847989619,
        "dvar2": 0.0213517379016,
        "max": 1,
        "mean": 0.0356175005436,
        "median": 0,
        "min": 0,
        "var": 0.0343484841287
    },
    "spectral_centroid": {
        "dmean": 61.805316925,
        "dmean2": 93.1371459961,
        "dvar": 10174.3945312,
        "dvar2": 22860.5078125,
        "max": 3496.49951172,
        "mean": 524.912658691,
        "median": 489.682495117,
        "min": 269.882720947,
        "var": 36873.1445312
    },
    "spectral_complexity": {
        "dmean": 1.72656857967,
        "dmean2": 2.68616819382,
        "dvar": 2.54564118385,
        "dvar2": 5.26763963699,
        "max": 25,
        "mean": 12.6372432709,
        "median": 12,
        "min": 0,
        "var": 17.9554843903
    },
    "spectral_decrease": {
        "dmean": 1.79599257688e-09,
        "dmean2": 2.66128052928e-09,
        "dvar": 4.19570036284e-18,
        "dvar2": 9.61616569965e-18,
        "max": -9.1796097904e-14,
        "mean": -7.20373316554e-09,
        "median": -6.29186835965e-09,
        "min": -2.82767587123e-08,
        "var": 2.1965069791e-17
    },
    "spectral_energy": {
        "dmean": 0.00703031430021,
        "dmean2": 0.0103924311697,
        "dvar": 6.4325875428e-05,
        "dvar2": 0.000145964106196,
        "max": 0.111591689289,
        "mean": 0.0283589698374,
        "median": 0.0248163230717,
        "min": 3.6225196709e-07,
        "var": 0.00034129069536
    },
    "spectral_energyband_high": {
        "dmean": 3.48022877006e-05,
        "dmean2": 4.36739392171e-05,
        "dvar": 2.0550164237e-08,
        "dvar2": 2.84636190173e-08,
        "max": 0.00619939994067,
        "mean": 7.08340448909e-05,
        "median": 9.14834163268e-06,
        "min": 2.09669531737e-10,
        "var": 8.75263950206e-08
    },
    "spectral_energyband_low": {
        "dmean": 0.00204392359592,
        "dmean2": 0.00358158885501,
        "dvar": 1.06880979729e-05,
        "dvar2": 3.42602652381e-05,
        "max": 0.0405649058521,
        "mean": 0.00393015472218,
        "median": 0.00220983847976,
        "min": 1.91397599991e-08,
        "var": 2.18279201363e-05
    },
    "spectral_energyband_middle_high": {
        "dmean": 0.00090801238548,
        "dmean2": 0.00126380228903,
        "dvar": 3.64140350939e-06,
        "dvar2": 7.03258683643e-06,
        "max": 0.0478242486715,
        "mean": 0.0028599514626,
        "median": 0.00147878192365,
        "min": 2.00651513182e-08,
        "var": 1.87364166777e-05
    },
    "spectral_energyband_middle_low": {
        "dmean": 0.00619882531464,
        "dmean2": 0.00919001176953,
        "dvar": 5.30255529156e-05,
        "dvar2": 0.000122990721138,
        "max": 0.10283062607,
        "mean": 0.0225690938532,
        "median": 0.019589394331,
        "min": 3.2985272469e-07,
        "var": 0.00023781559139
    },
    "spectral_entropy": {
        "dmean": 0.173127710819,
        "dmean2": 0.245271369815,
        "dvar": 0.0312263295054,
        "dvar2": 0.0620737634599,
        "max": 8.47852420807,
        "mean": 6.36328363419,
        "median": 6.36119270325,
        "min": 4.80793428421,
        "var": 0.25048071146
    },
    "spectral_flux": {
        "dmean": 0.0179595779628,
        "dmean2": 0.0287636723369,
        "dvar": 0.000326531328028,
        "dvar2": 0.000778004643507,
        "max": 0.195209383965,
        "mean": 0.0641281679273,
        "median": 0.0580808706582,
        "min": 0.000601873733103,
        "var": 0.00105602678377
    },
    "spectral_kurtosis": {
        "dmean": 12.6207847595,
        "dmean2": 21.069776535,
        "dvar": 168.011901855,
        "dvar2": 449.715606689,
        "max": 163.3724823,
        "mean": 26.7584323883,
        "median": 20.7436447144,
        "min": -1.31112682819,
        "var": 508.527404785
    },
    "spectral_rms": {
        "dmean": 0.000630813592579,
        "dmean2": 0.000920795020647,
        "dvar": 3.7683068399e-07,
        "dvar2": 8.25836593776e-07,
        "max": 0.01043407619,
        "mean": 0.00496410578489,
        "median": 0.00492047239095,
        "min": 1.87993755389e-05,
        "var": 3.02493504023e-06
    },
    "spectral_rolloff": {
        "dmean": 111.143310547,
        "dmean2": 189.326004028,
        "dvar": 199687.421875,
        "dvar2": 442647.5625,
        "max": 9043.9453125,
        "mean": 669.664001465,
        "median": 559.86328125,
        "min": 172.265625,
        "var": 370854.8125
    },
    "spectral_skewness": {
        "dmean": 0.840370595455,
        "dmean2": 1.38080048561,
        "dvar": 0.54681044817,
        "dvar2": 1.47749876976,
        "max": 11.0236692429,
        "mean": 3.49518871307,
        "median": 3.28719878197,
        "min": 0.00309679913335,
        "var": 2.23990106583
    },
    "spectral_spread": {
        "dmean": 408302.65625,
        "dmean2": 571059.125,
        "dvar": 264776794112,
        "dvar2": 341019820032,
        "max": 10709290,
        "mean": 2168813.25,
        "median": 1725797.875,
        "min": 554705.1875,
        "var": 2.5933119488e+12
    },
    "spectral_strongpeak": {
        "dmean": 0.52627658844,
        "dmean2": 0.8564889431,
        "dvar": 0.487153291702,
        "dvar2": 1.17955946922,
        "max": 8.65852546692,
        "mean": 1.25096094608,
        "median": 0.95607894659,
        "min": 0,
        "var": 1.20529782772
    },
    "zerocrossingrate": {
        "dmean": 0.00363809242845,
        "dmean2": 0.00414443155751,
        "dvar": 4.68325924885e-05,
        "dvar2": 4.12625340687e-05,
        "max": 0.2890625,
        "mean": 0.0273927096277,
        "median": 0.0234375,
        "min": 0.00439453125,
        "var": 0.000368268316379
    },
    "barkbands": {
        "dmean": [6.30368913335e-06, 0.000512475438882, 0.00139100046363, 0.000762563198805, 0.0028259716928, 0.00183985952754, 0.00197436334565, 0.00122196238954, 0.000912853691261, 0.000651556299999, 0.00021701825608, 0.000292817392619, 0.00015113131667, 8.18826229079e-05, 4.9102720368e-05, 3.79202610929e-05, 3.35236363753e-05, 8.06696607469e-06, 1.3687415958e-05, 6.05475088378e-06, 7.0573632911e-06, 4.60842829852e-06, 1.00376373666e-05, 1.06392808448e-05, 3.47016271007e-06, 4.10244549442e-09, 1.23069532343e-09],
        "dmean2": [1.08679769255e-05, 0.000880803971086, 0.0024438330438, 0.00126806355547, 0.00455860514194, 0.00282755005173, 0.002840944333, 0.00189727672841, 0.00126960244961, 0.000950100831687, 0.000331565533997, 0.000397524971049, 0.000209064324736, 0.000122928453493, 7.28044105927e-05, 5.50280128664e-05, 5.07406693941e-05, 1.22429564726e-05, 1.97642348212e-05, 8.95299672266e-06, 1.02584563137e-05, 6.50796528134e-06, 1.37718125188e-05, 1.44555770021e-05, 4.87348324896e-06, 6.63902532949e-09, 2.28686491965e-09],
        "dvar": [2.85364565311e-10, 1.52695236011e-06, 5.74137266085e-06, 1.2278730992e-06, 1.79539074452e-05, 8.76662488736e-06, 1.0774515431e-05, 8.86775069375e-06, 3.53042605639e-06, 3.79306220566e-06, 2.67697288336e-07, 1.15807756629e-06, 1.10285277799e-07, 3.2469770872e-08, 1.08796092135e-08, 5.37720623583e-09, 4.37217417826e-09, 2.64360172642e-10, 1.03802433316e-09, 1.93217941646e-10, 6.18168627398e-10, 1.6286101634e-10, 2.65565613944e-09, 3.86349441328e-09, 6.01056038274e-10, 6.10423928439e-16, 3.6156693232e-18],
        "dvar2": [7.70473296274e-10, 4.77864568893e-06, 1.85422304639e-05, 3.23765857502e-06, 5.30423603777e-05, 2.28139397223e-05, 2.36495307036e-05, 1.89541806321e-05, 6.96257257005e-06, 8.35877290228e-06, 6.02009265549e-07, 1.88330636774e-06, 2.03918219199e-07, 7.01728453123e-08, 1.96978486855e-08, 1.02955795001e-08, 9.20322129616e-09, 5.89158888342e-10, 2.27550622789e-09, 3.95965787936e-10, 1.3660572673e-09, 3.03139374713e-10, 4.49954606907e-09, 5.73652769731e-09, 1.22543175607e-09, 1.46980312205e-15, 1.14733706361e-17],
        "max": [0.00030773182516, 0.0227722916752, 0.0288586504757, 0.0151529861614, 0.0545916073024, 0.0569117814302, 0.0700058564544, 0.0680881738663, 0.0383786223829, 0.060546040535, 0.0137511566281, 0.0382625497878, 0.00661584595218, 0.00412114290521, 0.0025079944171, 0.00189109670464, 0.00109454686753, 0.000284384237602, 0.000700576347299, 0.000226918578846, 0.000937628210522, 0.000329268310452, 0.0018984565977, 0.00218664109707, 0.000848359952215, 7.61582839459e-07, 2.41787763144e-08],
        "mean": [1.10806167868e-05, 0.00109946727753, 0.00211338303052, 0.00138790428173, 0.00657120067626, 0.00477411970496, 0.00468139816076, 0.00238646147773, 0.00201452034526, 0.00125868548639, 0.000436338392319, 0.000745803990867, 0.000346980406903, 0.000162815122167, 0.000102223893919, 8.08239201433e-05, 6.65883781039e-05, 1.58694856509e-05, 2.80201074929e-05, 1.05144008558e-05, 1.15585944513e-05, 7.82672123023e-06, 1.85786557267e-05, 2.12405157072e-05, 5.54093685423e-06, 5.19143616984e-09, 9.37364963427e-10],
        "median": [1.12206703307e-06, 0.000340491911629, 0.00103111215867, 0.000765306642279, 0.00491609377787, 0.00324241211638, 0.0021979729645, 0.00081158609828, 0.000763638177887, 0.000460115872556, 0.000162530413945, 0.000101070458186, 7.90163321653e-05, 4.99552515976e-05, 3.548593304e-05, 2.74063077086e-05, 2.48028482019e-05, 7.53822814659e-06, 1.03024094642e-05, 4.30387763117e-06, 2.32409843193e-06, 1.4832562556e-06, 8.91215051979e-07, 6.58430224121e-07, 6.20592004452e-08, 6.25643592489e-10, 3.51606688209e-10],
        "min": [4.30515866012e-12, 3.49054962712e-09, 9.6676959771e-09, 1.14510889659e-08, 6.44468229893e-08, 6.82001015662e-08, 4.51138930657e-08, 6.53444587329e-08, 7.34182208362e-08, 4.03173361363e-09, 2.42511388748e-09, 5.92143045708e-09, 5.70480551687e-09, 1.16072329526e-09, 3.93490517947e-10, 7.06394498451e-10, 4.15695561307e-10, 3.65444896566e-11, 5.9746929626e-11, 6.23944576561e-11, 6.18598089419e-11, 4.4899368945e-11, 2.52952537388e-11, 2.45975323443e-11, 1.38035485819e-11, 1.03927803863e-11, 1.02313123251e-11],
        "var": [7.80366882225e-10, 3.87194631912e-06, 9.5159148259e-06, 2.98995678349e-06, 3.68052751583e-05, 2.58259769907e-05, 5.16884938406e-05, 2.5009008823e-05, 1.11472254503e-05, 7.65741060604e-06, 6.92912806244e-07, 8.0553954831e-06, 5.41078861716e-07, 1.25151302655e-07, 4.17126422292e-08, 1.92278992728e-08, 1.2429665297e-08, 6.04215677491e-10, 2.82726086986e-09, 3.65927788071e-10, 1.21654353258e-09, 4.93188934136e-10, 9.21954601552e-09, 1.48329961647e-08, 1.47940792949e-09, 1.05533592492e-15, 2.69805905133e-18]
    },
    "erbbands": {
        "dmean": [0.0059323636815, 0.16425652802, 1.32502663136, 2.10791110992, 5.32067346573, 10.4321937561, 14.0435314178, 15.6811580658, 20.6566829681, 39.6280937195, 21.9299068451, 17.635602951, 28.0502796173, 10.4186086655, 7.76194190979, 13.1245794296, 7.15170001984, 5.07294559479, 2.40035271645, 2.33196878433, 2.21105933189, 1.55865526199, 0.585649251938, 0.647745728493, 0.499428570271, 0.255583167076, 0.330798149109, 0.255170345306, 0.161499500275, 0.225906178355, 0.302124112844, 0.216376125813, 0.191403537989, 0.0713466852903, 0.00409934576601, 0.000186192337424, 1.27937046273e-05, 2.24488258027e-06, 3.49543824996e-06, 7.86861892266e-06],
        "dmean2": [0.0100138178095, 0.284957647324, 2.32713580132, 3.6442835331, 8.41082668304, 17.0891685486, 21.5849151611, 24.6735572815, 31.3604469299, 57.1819801331, 32.4275054932, 24.9660148621, 39.4209671021, 15.6106767654, 11.5023603439, 17.3659095764, 9.70795059204, 7.72569608688, 3.44997358322, 3.32311439514, 3.20548534393, 2.31113648415, 0.872811079025, 0.96110022068, 0.724384069443, 0.377691566944, 0.475956171751, 0.37275582552, 0.225926876068, 0.316444426775, 0.405983924866, 0.29295411706, 0.260257720947, 0.0976336747408, 0.00570281408727, 0.000258377578575, 1.78003956535e-05, 3.25796372636e-06, 5.10020799993e-06, 1.15968832688e-05],
        "dvar": [0.000266378105152, 0.125823199749, 5.31924915314, 9.3836517334, 107.362754822, 297.977233887, 443.693878174, 932.452819824, 1070.28027344, 5644.04785156, 3666.19873047, 1496.11999512, 5573.30810547, 651.198425293, 278.499267578, 2826.20361328, 259.758911133, 110.395675659, 30.45936203, 22.7779979706, 17.5939846039, 10.1292982101, 1.05896270275, 2.52282190323, 1.33463823795, 0.310960382223, 0.989568412304, 0.817975759506, 0.189065635204, 1.01427483559, 2.33810567856, 1.78106033802, 1.11331069469, 0.234897509217, 0.00129502068739, 2.4000241865e-06, 5.26299226422e-09, 8.31569813009e-11, 1.66179604799e-11, 7.99029523102e-11],
        "dvar2": [0.000827173353173, 0.394423753023, 17.2603530884, 27.9039287567, 256.503662109, 949.515136719, 1142.61889648, 2487.95727539, 2401.32202148, 12225.9853516, 6789.72265625, 3246.15136719, 11522.6474609, 1509.0802002, 585.239562988, 4491.62011719, 474.457275391, 253.666259766, 55.487739563, 40.7184562683, 35.3274765015, 20.2317619324, 2.22131824493, 5.4803647995, 2.92137932777, 0.655699074268, 2.07932925224, 1.89689695835, 0.353748708963, 1.97615969181, 3.7145550251, 2.80094456673, 1.66666889191, 0.428524792194, 0.0027553839609, 5.07028562424e-06, 9.29827859153e-09, 1.27363175562e-10, 3.57328923395e-11, 1.80409673312e-10],
        "max": [0.359814316034, 6.18888902664, 24.2983665466, 42.9727897644, 155.211898804, 265.686645508, 351.399688721, 652.169311523, 660.778808594, 1421.23156738, 1883.87927246, 1116.6953125, 2161.84545898, 687.333862305, 413.225189209, 1947.32421875, 344.545898438, 243.151779175, 93.0444488525, 165.474975586, 82.1979675293, 61.2740402222, 23.6098022461, 40.105556488, 25.6785697937, 8.84391975403, 32.3270721436, 31.0619239807, 8.94579792023, 29.6757335663, 59.1680755615, 49.2238807678, 33.6610908508, 17.656463623, 1.67188084126, 0.0715577304363, 0.00332235125825, 0.000402718957048, 9.21753671719e-05, 0.000125637889141],
        "mean": [0.0154334278777, 0.328343629837, 2.09328222275, 3.95794510841, 10.1880054474, 24.0858249664, 37.3556251526, 36.6563224792, 48.4805755615, 87.6035232544, 49.298286438, 41.7276496887, 56.0434265137, 23.6017341614, 18.6949272156, 34.5967941284, 18.3713169098, 10.6440296173, 5.00082921982, 5.21100378036, 4.8651804924, 3.33418774605, 1.26746249199, 1.30576491356, 1.03538930416, 0.470763295889, 0.543744623661, 0.400245398283, 0.278913021088, 0.395221918821, 0.552352964878, 0.41654753685, 0.364285439253, 0.12343506515, 0.00686755310744, 0.000328618712956, 2.95337813441e-05, 5.09004485139e-06, 1.43103388837e-05, 3.20874241879e-05],
        "median": [0.00270989327691, 0.122130952775, 1.00994169712, 2.50952291489, 4.68339920044, 17.1286697388, 25.376411438, 20.0805130005, 26.3443756104, 31.5075416565, 17.1387748718, 17.5579185486, 18.2319107056, 11.8686447144, 7.36330270767, 4.90204238892, 4.02155923843, 3.40440392494, 1.66504311562, 1.96546220779, 1.63792133331, 1.278906703, 0.669999301434, 0.515393316746, 0.39901381731, 0.20503602922, 0.135271966457, 0.0655803233385, 0.0598642118275, 0.0328587479889, 0.0245545897633, 0.0158299487084, 0.00965111982077, 0.00187471229583, 8.72236705618e-05, 2.354285607e-05, 1.07238420242e-05, 2.1838613975e-06, 1.25606566144e-05, 2.81554894173e-05],
        "min": [3.35774075211e-08, 1.13567250537e-06, 9.0879648269e-06, 2.8380243748e-05, 6.50947113172e-05, 0.000237662941799, 0.000579690677114, 0.000517347187269, 0.000314549775794, 0.00181133451406, 0.000955948256887, 0.00201504444703, 0.000254567537922, 0.000113258232886, 0.000162607160746, 0.000196436361875, 0.000275370199233, 8.9928653324e-05, 1.76735666173e-05, 3.0420418625e-05, 3.85897474189e-05, 2.16875087062e-05, 6.27548888588e-06, 2.87324201054e-06, 3.38481049766e-06, 3.14032513415e-06, 2.99486328004e-06, 1.75299862804e-06, 1.55530347001e-06, 1.50872119775e-06, 5.36089316938e-07, 5.56949885322e-07, 3.62648449936e-07, 1.74269871422e-07, 7.61401395266e-08, 3.97656769735e-08, 1.95138376569e-08, 7.27421056723e-09, 1.53388945989e-09, 5.62551893957e-10],
        "var": [0.000881838030182, 0.296474963427, 8.60795497894, 20.2058868408, 227.181976318, 598.148620605, 1448.25097656, 2184.72851562, 4484.49462891, 22312.796875, 12522.4511719, 4564.57226562, 12608.7910156, 1409.6138916, 992.79876709, 19412.0625, 1436.68811035, 440.191680908, 92.9317321777, 103.944915771, 61.1262321472, 33.7805099487, 3.26922059059, 6.28278875351, 3.5302529335, 0.601359903812, 1.85079956055, 1.67502760887, 0.575084507465, 3.11809706688, 8.27730560303, 6.36921644211, 4.10420942307, 0.675621569157, 0.00319916964509, 6.06255753155e-06, 1.6759017285e-08, 3.04250374894e-10, 8.78638758972e-11, 4.29109053846e-10]
    },
    "gfcc": {
        "mean": [-98.1767120361, 197.862564087, -132.579467773, 8.32806873322, -70.5623321533, -12.0624837875, -30.9623012543, -19.9020042419, -5.09242200851, -28.3074131012, 3.39402151108, -21.0399284363, 1.91898882389],
        "cov": [[3517.71655273, -699.011352539, -339.707733154, 454.759887695, -342.727142334, 407.325805664, -103.20375061, 144.44140625, 78.3640899658, 15.0431289673, 56.3075370789, -129.047317505, -16.8552513123], [-699.011352539, 1113.24719238, -110.849525452, -445.473754883, 617.036560059, -391.739593506, 243.741333008, -76.236656189, 98.1571121216, -3.67264342308, 61.0463790894, 53.3602027893, -43.6463508606], [-339.707733154, -110.849525452, 501.931640625, 139.676467896, -103.45766449, 121.125015259, -57.5084533691, 83.8140869141, -23.5642185211, 45.8602180481, 12.4388914108, 49.5152702332, 50.5202903748], [454.759887695, -445.473754883, 139.676467896, 569.952148438, -154.507904053, 178.483764648, -84.0798339844, 88.2542037964, 7.91143989563, -22.3423500061, 16.8774185181, 12.2538814545, 69.9597320557], [-342.727142334, 617.036560059, -103.45766449, -154.507904053, 524.538330078, -226.758255005, 72.2259292603, -15.251241684, 53.1088294983, -7.74303150177, 53.6643104553, 51.9112167358, -12.6165943146], [407.325805664, -391.739593506, 121.125015259, 178.483764648, -226.758255005, 412.460693359, -1.9111521244, 85.9821472168, -8.99084854126, 7.72547483444, 10.0803480148, -37.0542907715, 20.7785511017], [-103.20375061, 243.741333008, -57.5084533691, -84.0798339844, 72.2259292603, -1.9111521244, 258.595977783, 4.9300866127, 18.7299098969, 9.83845901489, -9.39254188538, 15.5624723434, -25.2728404999], [144.44140625, -76.236656189, 83.8140869141, 88.2542037964, -15.251241684, 85.9821472168, 4.9300866127, 173.247909546, 51.0327377319, 5.28429031372, 3.34471511841, -25.6351966858, 16.3957862854], [78.3640899658, 98.1571121216, -23.5642185211, 7.91143989563, 53.1088294983, -8.99084854126, 18.7299098969, 51.0327377319, 133.419677734, 20.1455726624, -0.0789906978607, -14.515209198, -14.2464733124], [15.0431289673, -3.67264342308, 45.8602180481, -22.3423500061, -7.74303150177, 7.72547483444, 9.83845901489, 5.28429031372, 20.1455726624, 104.230705261, 31.4515914917, -6.05980396271, -17.7514953613], [56.3075370789, 61.0463790894, 12.4388914108, 16.8774185181, 53.6643104553, 10.0803480148, -9.39254188538, 3.34471511841, -0.0789906978607, 31.4515914917, 105.023216248, 23.1079368591, -8.26110363007], [-129.047317505, 53.3602027893, 49.5152702332, 12.2538814545, 51.9112167358, -37.0542907715, 15.5624723434, -25.6351966858, -14.515209198, -6.05980396271, 23.1079368591, 102.595664978, 30.245470047], [-16.8552513123, -43.6463508606, 50.5202903748, 69.9597320557, -12.6165943146, 20.7785511017, -25.2728404999, 16.3957862854, -14.2464733124, -17.7514953613, -8.26110363007, 30.245470047, 93.2214584351]],
        "icov": [[0.000486254110001, -0.000656458374579, 0.000906898465473, -0.000607849506196, 0.000685101025738, -0.000634049472865, 0.000701435725205, -0.000638907658868, 0.000316340621794, -0.000647318433039, 0.000215253865463, -0.000400632066885, 0.000355974712875], [-0.000656458374579, 0.0201341565698, -0.00915983505547, 0.00939726922661, -0.0153060872108, 0.00916043668985, -0.0155390361324, 0.00973783712834, -0.0127453608438, 0.0119018480182, -0.0133397942409, 0.0119798770174, -0.00756929721683], [0.000906898465473, -0.00915983505547, 0.00799436401576, -0.00486712204292, 0.00738815683872, -0.00511513650417, 0.00805957242846, -0.00654165633023, 0.00666392315179, -0.00767973531038, 0.00660183653235, -0.00779796950519, 0.00334217376076], [-0.000607849506196, 0.00939726922661, -0.00486712204292, 0.00710948836058, -0.00675287516788, 0.00389084033668, -0.00684210518375, 0.00408581597731, -0.00642871018499, 0.00652357982472, -0.00683576706797, 0.00515331607312, -0.00478056166321], [0.000685101025738, -0.0153060872108, 0.00738815683872, -0.00675287516788, 0.0149990078062, -0.00549105042592, 0.0111733255908, -0.0080842114985, 0.00848088506609, -0.00814076140523, 0.0078975725919, -0.0098678227514, 0.00537368701771], [-0.000634049472865, 0.00916043668985, -0.00511513650417, 0.00389084033668, -0.00549105042592, 0.00854114163667, -0.00814352929592, 0.00356369302608, -0.00556819466874, 0.00610496941954, -0.00752714416012, 0.00689207902178, -0.0040466375649], [0.000701435725205, -0.0155390361324, 0.00805957242846, -0.00684210518375, 0.0111733255908, -0.00814352929592, 0.0168501529843, -0.00847895350307, 0.00982724688947, -0.0102744279429, 0.011819049716, -0.0114079630002, 0.0072992388159], [-0.000638907658868, 0.00973783712834, -0.00654165633023, 0.00408581597731, -0.0080842114985, 0.00356369302608, -0.00847895350307, 0.0140737006441, -0.0095659904182, 0.00703711854294, -0.00721057550982, 0.00929350312799, -0.00551590044051], [0.000316340621794, -0.0127453608438, 0.00666392315179, -0.00642871018499, 0.00848088506609, -0.00556819466874, 0.00982724688947, -0.0095659904182, 0.0181370247155, -0.0101447906345, 0.0101250074804, -0.0077750836499, 0.00629836227745], [-0.000647318433039, 0.0119018480182, -0.00767973531038, 0.00652357982472, -0.00814076140523, 0.00610496941954, -0.0102744279429, 0.00703711854294, -0.0101447906345, 0.0201358553022, -0.0126280579716, 0.00922055449337, -0.00359075888991], [0.000215253865463, -0.0133397942409, 0.00660183653235, -0.00683576706797, 0.0078975725919, -0.00752714416012, 0.011819049716, -0.00721057550982, 0.0101250074804, -0.0126280579716, 0.0225021913648, -0.0121001238003, 0.00762710394338], [-0.000400632066885, 0.0119798770174, -0.00779796950519, 0.00515331607312, -0.0098678227514, 0.00689207902178, -0.0114079630002, 0.00929350312799, -0.0077750836499, 0.00922055449337, -0.0121001238003, 0.0226858854294, -0.00956893339753], [0.000355974712875, -0.00756929721683, 0.00334217376076, -0.00478056166321, 0.00537368701771, -0.0040466375649, 0.0072992388159, -0.00551590044051, 0.00629836227745, -0.00359075888991, 0.00762710394338, -0.00956893339753, 0.0176615063101]]
    },
    "melbands": {
        "dmean": [9.23549305298e-05, 0.000526563031599, 0.000405729515478, 0.000559139647521, 0.000495591375511, 0.000353481562342, 0.000340755155776, 0.000400597171392, 0.000169499064214, 0.000117946132377, 0.000140590578667, 4.36089612776e-05, 3.01537165797e-05, 3.33944553859e-05, 2.3677785066e-05, 1.3728704289e-05, 9.25830045162e-06, 4.01256056648e-06, 3.32944819093e-06, 2.81235770672e-06, 2.73140653917e-06, 1.90237790321e-06, 1.01951798115e-06, 4.15876741044e-07, 5.75677802317e-07, 5.2934882433e-07, 2.10986655702e-07, 1.79765237363e-07, 2.34055647752e-07, 1.68933340206e-07, 1.48532834032e-07, 9.6107612535e-08, 9.32378654284e-08, 1.55341851382e-07, 2.00199437472e-07, 1.48131562128e-07, 1.33541760761e-07, 1.55002098268e-07, 1.07970194563e-07, 4.62155682612e-08],
        "dmean2": [0.000156764755957, 0.000922347244341, 0.000670051085763, 0.000913927855436, 0.000774937856477, 0.000554500438739, 0.000511124089826, 0.000586429785471, 0.000250268698437, 0.000166141806403, 0.000198050052859, 6.57034324831e-05, 4.56415982626e-05, 4.49585204478e-05, 3.26184235746e-05, 1.94355943677e-05, 1.41785931191e-05, 5.89691808273e-06, 4.86359613205e-06, 4.09650192523e-06, 4.03630747314e-06, 2.83700342152e-06, 1.59995431659e-06, 6.40562689114e-07, 8.62168519689e-07, 7.70337976519e-07, 3.24629468196e-07, 2.72198519724e-07, 3.47447269178e-07, 2.47883178872e-07, 2.22904148472e-07, 1.35960362968e-07, 1.36925322636e-07, 2.22763588908e-07, 2.77928137393e-07, 2.11098324598e-07, 1.8397683732e-07, 2.21589772309e-07, 1.45892201431e-07, 6.79599523323e-08],
        "dvar": [5.61035662372e-08, 8.15612963834e-07, 3.1865832284e-07, 9.24727146412e-07, 5.37609480489e-07, 4.20244248289e-07, 2.74610528095e-07, 5.63744663395e-07, 2.20845862486e-07, 6.07754415682e-08, 1.41252741059e-07, 1.12803872909e-08, 5.15569409387e-09, 1.5149446142e-08, 4.56616788824e-09, 8.42502234644e-10, 3.8743461217e-10, 9.90966822489e-11, 5.81486386819e-11, 2.83626212794e-11, 2.70502856226e-11, 1.69100324021e-11, 3.889062683e-12, 7.9065215746e-13, 2.16810380413e-12, 1.64803229657e-12, 2.24205460512e-13, 1.8107176457e-13, 4.01304206879e-13, 4.86664636541e-13, 2.6611159565e-13, 7.19675038422e-14, 7.41872112787e-14, 6.44783488754e-13, 1.03528915042e-12, 8.32370847595e-13, 6.80651498705e-13, 6.60922109142e-13, 4.56464998178e-13, 1.27645385039e-13],
        "dvar2": [1.74139543674e-07, 2.63891729446e-06, 8.27790131552e-07, 2.67894779427e-06, 1.51196593379e-06, 1.10855773983e-06, 6.222983302e-07, 1.25935798678e-06, 3.99715588628e-07, 1.2535008409e-07, 2.92984054795e-07, 2.6381561824e-08, 1.13773159782e-08, 2.4463920667e-08, 7.93486787387e-09, 1.72312153435e-09, 8.78058015186e-10, 1.82723960962e-10, 1.03144937036e-10, 4.85342703527e-11, 5.71221681067e-11, 3.51007244104e-11, 8.64030114817e-12, 1.86601515489e-12, 4.79738080858e-12, 3.50469978559e-12, 4.97295455683e-13, 3.86519185798e-13, 8.3230861439e-13, 1.07634127305e-12, 6.24861328045e-13, 1.47092760064e-13, 1.51295290315e-13, 1.37729270263e-12, 1.69978744621e-12, 1.54162132279e-12, 1.13314847956e-12, 1.08096604584e-12, 7.14556126942e-13, 2.94777277674e-13],
        "max": [0.0047364924103, 0.0106891747564, 0.00693942653015, 0.0138106886297, 0.0104422569275, 0.0130438124761, 0.0101852463558, 0.0124940341339, 0.0148845445365, 0.00608473364264, 0.0109384357929, 0.00284991925582, 0.00188797654118, 0.00437617627904, 0.00228248978965, 0.000544241105672, 0.000404042570153, 0.000188459729543, 0.000180331640877, 0.000144988443935, 8.51190707181e-05, 7.75899898144e-05, 4.17100527557e-05, 1.70600851561e-05, 3.60988851753e-05, 3.04317763948e-05, 9.38949597185e-06, 7.89787827671e-06, 1.35633326863e-05, 2.81720585917e-05, 1.57407775987e-05, 6.13791962678e-06, 5.73015768168e-06, 2.41973048105e-05, 3.75955496565e-05, 3.42323764926e-05, 3.16040241159e-05, 2.54576716543e-05, 2.38919092226e-05, 1.33775129143e-05],
        "mean": [0.000218598230276, 0.00088404113194, 0.000827785232104, 0.00120359589346, 0.00130531692412, 0.000838937296066, 0.000822126807179, 0.000860618893057, 0.000375950621674, 0.000265730632236, 0.0002766015823, 9.18442965485e-05, 6.19924685452e-05, 8.4198465629e-05, 6.2747472839e-05, 3.13557757181e-05, 1.80665847438e-05, 7.67331039242e-06, 7.07621347829e-06, 6.26212340649e-06, 5.59719046578e-06, 3.77021410713e-06, 1.89592992683e-06, 7.73384101649e-07, 1.08028564227e-06, 1.06437221348e-06, 3.71284727407e-07, 2.98430336443e-07, 3.78591863637e-07, 2.53714091514e-07, 2.25560299327e-07, 1.56364123427e-07, 1.4648691149e-07, 2.57478490084e-07, 3.46366363146e-07, 2.66130058435e-07, 2.47911941642e-07, 2.79376223489e-07, 1.93378227209e-07, 6.97352362522e-08],
        "median": [5.39161119377e-05, 0.000436342204921, 0.000515301362611, 0.00078034523176, 0.000991247943603, 0.000488809775561, 0.000456328736618, 0.000319614598993, 0.000112034744234, 0.000106438434159, 8.66769623826e-05, 4.34799258073e-05, 2.43248305196e-05, 1.40623787956e-05, 1.03935399238e-05, 7.53670883569e-06, 5.61507158636e-06, 2.17842875827e-06, 2.26933502745e-06, 2.42975852416e-06, 1.73738851572e-06, 1.13840781069e-06, 8.33721287563e-07, 3.63034359907e-07, 3.69153525526e-07, 3.46258303807e-07, 1.60518197845e-07, 1.07129558558e-07, 9.82506378477e-08, 4.09420088943e-08, 3.18896233864e-08, 3.38276038292e-08, 2.28093757215e-08, 1.47915590887e-08, 1.44810732294e-08, 1.01623518489e-08, 8.25888957223e-09, 7.211595765e-09, 3.25715587834e-09, 5.71972635921e-10],
        "min": [6.1550320396e-10, 3.67394092926e-09, 5.60433655039e-09, 9.59137658185e-09, 1.93252844838e-08, 1.14457661127e-08, 5.73587399799e-09, 2.01400229827e-08, 8.61745697023e-09, 1.13530012058e-08, 7.26320559252e-10, 4.31916030719e-10, 4.28807739317e-10, 7.32461702402e-10, 5.9274529729e-10, 4.39746017378e-10, 1.31117602886e-10, 2.53865470312e-11, 2.64632465247e-11, 4.28098702321e-11, 4.93131334378e-11, 2.02374297875e-11, 1.5896521946e-11, 2.18860411565e-12, 2.05851069697e-12, 2.75906662968e-12, 2.26887497505e-12, 1.84050951563e-12, 1.48570576414e-12, 1.91928981388e-12, 7.6974640854e-13, 9.62112551087e-13, 6.48221764894e-13, 8.77212256827e-13, 2.70507574673e-13, 2.66198087878e-13, 3.91159842147e-13, 3.40248066267e-13, 1.36076683233e-13, 1.37345362405e-13],
        "var": [1.64178544537e-07, 1.43454565205e-06, 8.08723598311e-07, 1.78861114364e-06, 1.44745524722e-06, 1.05137689843e-06, 1.24385337585e-06, 2.04051070796e-06, 7.55152484544e-07, 1.86217050668e-07, 3.17079951628e-07, 2.30709034099e-08, 1.34144668706e-08, 1.07845231412e-07, 2.89128294639e-08, 4.18326351337e-09, 1.38699607355e-09, 2.87354057216e-10, 2.36146019406e-10, 1.28438287783e-10, 8.15675929577e-11, 4.92804061447e-11, 1.04561203446e-11, 1.51763508444e-12, 5.08862700241e-12, 4.54906078085e-12, 4.41069896535e-13, 3.11422518632e-13, 7.61517747732e-13, 8.78679073946e-13, 5.35550770397e-13, 1.9164819742e-13, 1.92823540338e-13, 1.68868846857e-12, 3.30580766754e-12, 2.61531898568e-12, 2.22314527898e-12, 2.29997596489e-12, 1.40559536666e-12, 2.81204042257e-13]
    },
    "mfcc": {
        "mean": [-728.395324707, 210.159606934, 1.72902297974, 8.1262216568, -9.21915912628, -8.59996032715, -13.1168413162, -3.1144733429, -10.4326286316, -4.14406251907, -9.87044429779, -3.05824637413, -5.17827177048],
        "cov": [[3562.76025391, -795.702392578, -235.980361938, 114.348045349, -181.960922241, 226.817657471, -90.353225708, 152.575378418, -5.66474914551, 163.376083374, -1.44148516655, 185.776275635, -24.6885356903], [-795.702392578, 1609.5534668, -650.306762695, -13.9362955093, 134.903121948, -134.976745605, 70.2258987427, -33.0486679077, -8.38298606873, -19.5075569153, 100.703430176, -30.1662750244, 80.7833099365], [-235.980361938, -650.306762695, 782.265075684, -36.2232971191, -29.5273685455, 61.2767486572, 21.7185230255, 26.4400959015, 45.6796379089, 6.54040575027, -7.6640329361, 3.97314047813, -8.66103553772], [114.348045349, -13.9362955093, -36.2232971191, 373.602813721, 116.277160645, -17.7599964142, -13.1404657364, 42.3849639893, 4.84071540833, -0.716429173946, -6.68765449524, -31.1954250336, 49.250289917], [-181.960922241, 134.903121948, -29.5273685455, 116.277160645, 328.891235352, -45.8103141785, -22.4593353271, 17.5663280487, -13.9322776794, 10.6287240982, 7.93600606918, -31.2194671631, 44.4408874512], [226.817657471, -134.976745605, 61.2767486572, -17.7599964142, -45.8103141785, 180.419570923, 43.8835792542, 33.657409668, 2.51277947426, 5.3681268692, 7.26215219498, 36.4176101685, -8.01077365875], [-90.353225708, 70.2258987427, 21.7185230255, -13.1404657364, -22.4593353271, 43.8835792542, 172.917739868, 41.2644615173, 10.7366285324, -0.402558922768, 23.4952468872, 22.7440032959, 4.60538721085], [152.575378418, -33.0486679077, 26.4400959015, 42.3849639893, 17.5663280487, 33.657409668, 41.2644615173, 161.781158447, 51.2490196228, 22.7866001129, 8.5768995285, 0.859905183315, 18.0688686371], [-5.66474914551, -8.38298606873, 45.6796379089, 4.84071540833, -13.9322776794, 2.51277947426, 10.7366285324, 51.2490196228, 143.876373291, 45.2520866394, -3.05254745483, 0.664251863956, -7.26064300537], [163.376083374, -19.5075569153, 6.54040575027, -0.716429173946, 10.6287240982, 5.3681268692, -0.402558922768, 22.7866001129, 45.2520866394, 139.551116943, 44.6718635559, 14.3183002472, -0.341789513826], [-1.44148516655, 100.703430176, -7.6640329361, -6.68765449524, 7.93600606918, 7.26215219498, 23.4952468872, 8.5768995285, -3.05254745483, 44.6718635559, 126.233795166, 38.4361915588, 7.33654499054], [185.776275635, -30.1662750244, 3.97314047813, -31.1954250336, -31.2194671631, 36.4176101685, 22.7440032959, 0.859905183315, 0.664251863956, 14.3183002472, 38.4361915588, 113.428909302, 11.5411205292], [-24.6885356903, 80.7833099365, -8.66103553772, 49.250289917, 44.4408874512, -8.01077365875, 4.60538721085, 18.0688686371, -7.26064300537, -0.341789513826, 7.33654499054, 11.5411205292, 102.168464661]],
