{
"lowlevel": {
    "average_loudness": 0.896343886852,
    "barkbands_crest": {
        "dmean": 2.74920988083,
        "dmean2": 4.47963190079,
        "dvar": 6.01416254044,
        "dvar2": 15.6751432419,
        "max": 25.6339817047,
        "mean": 10.7236309052,
        "median": 9.92928409576,
        "min": 3.25344991684,
        "var": 17.911403656
    },
    "barkbands_flatness_db": {
        "dmean": 0.0221457015723,
        "dmean2": 0.0335474275053,
        "dvar": 0.000514968240168,
        "dvar2": 0.00103284383658,
        "max": 0.398516774178,
        "mean": 0.19217005372,
        "median": 0.174673706293,
        "min": 0.0661208927631,
        "var": 0.00454041594639
    },
    "barkbands_kurtosis": {
        "dmean": 3.18977999687,
        "dmean2": 4.84406042099,
        "dvar": 66.4478988647,
        "dvar2": 151.816452026,
        "max": 125.870315552,
        "mean": 5.17673635483,
        "median": 2.26917934418,
        "min": -1.93681693077,
        "var": 105.527870178
    },
    "barkbands_skewness": {
        "dmean": 0.550053954124,
        "dmean2": 0.822736442089,
        "dvar": 0.536424458027,
        "dvar2": 1.0884667635,
        "max": 10.6921825409,
        "mean": 1.43252325058,
        "median": 1.35371315479,
        "min": -4.81073713303,
        "var": 1.97334897518
    },
    "barkbands_spread": {
        "dmean": 5.53019285202,
        "dmean2": 8.37784290314,
        "dvar": 70.6330718994,
        "dvar2": 137.490951538,
        "max": 103.874008179,
        "mean": 19.5478057861,
        "median": 16.0684261322,
        "min": 1.09524738789,
        "var": 233.206665039
    },
    "dissonance": {
        "dmean": 0.0259641278535,
        "dmean2": 0.0429282672703,
        "dvar": 0.000845276284963,
        "dvar2": 0.00206027273089,
        "max": 0.500000059605,
        "mean": 0.443736582994,
        "median": 0.461711198092,
        "min": 0.20364138484,
        "var": 0.00276659079827
    },
    "dynamic_complexity": 5.31656885147,
    "erbbands_crest": {
        "dmean": 3.192466259,
        "dmean2": 5.06849527359,
        "dvar": 9.81708526611,
        "dvar2": 24.0078792572,
        "max": 30.7793254852,
        "mean": 11.1742286682,
        "median": 9.88580989838,
        "min": 2.80263400078,
        "var": 30.6981544495
    },
    "erbbands_flatness_db": {
        "dmean": 0.0182845685631,
        "dmean2": 0.0267032384872,
        "dvar": 0.000402456178563,
        "dvar2": 0.000825302267913,
        "max": 0.450856029987,
        "mean": 0.212088063359,
        "median": 0.196109727025,
        "min": 0.0677599906921,
        "var": 0.00465103099123
    },
    "erbbands_kurtosis": {
        "dmean": 1.42127716541,
        "dmean2": 2.25228643417,
        "dvar": 8.96810245514,
        "dvar2": 22.2112674713,
        "max": 38.9854774475,
        "mean": 1.40431213379,
        "median": 0.227691650391,
        "min": -1.78882479668,
        "var": 13.7670326233
    },
    "erbbands_skewness": {
        "dmean": 0.433376014233,
        "dmean2": 0.644686758518,
        "dvar": 0.310425192118,
        "dvar2": 0.633680582047,
        "max": 5.45689725876,
        "mean": 0.489256680012,
        "median": 0.414971888065,
        "min": -5.20698308945,
        "var": 0.847432136536
    },
    "erbbands_spread": {
        "dmean": 7.73242330551,
        "dmean2": 12.1697492599,
        "dvar": 104.598381042,
        "dvar2": 247.620986938,
        "max": 137.960662842,
        "mean": 33.2113075256,
        "median": 29.8600444794,
        "min": 3.01876497269,
        "var": 373.874816895
    },
    "hfc": {
        "dmean": 5.70554161072,
        "dmean2": 7.82486534119,
        "dvar": 70.9639968872,
        "dvar2": 128.45791626,
        "max": 151.838226318,
        "mean": 18.6059513092,
        "median": 13.175494194,
        "min": 1.23398459674e-16,
        "var": 380.742156982
    },
    "melbands_crest": {
        "dmean": 3.30612778664,
        "dmean2": 5.3206577301,
        "dvar": 9.14274501801,
        "dvar2": 22.9859657288,
        "max": 35.0986022949,
        "mean": 14.6986293793,
        "median": 13.8084144592,
        "min": 2.66658163071,
        "var": 34.0874023438
    },
    "melbands_flatness_db": {
        "dmean": 0.0259075313807,
        "dmean2": 0.0369297862053,
        "dvar": 0.000794278108515,
        "dvar2": 0.00147278013173,
        "max": 0.451442241669,
        "mean": 0.216138452291,
        "median": 0.208463430405,
        "min": 0.00671260012314,
        "var": 0.00595282716677
    },
    "melbands_kurtosis": {
        "dmean": 7.45311832428,
        "dmean2": 11.6086339951,
        "dvar": 532.629882812,
        "dvar2": 1222.99291992,
        "max": 517.755737305,
        "mean": 13.8581428528,
        "median": 6.66989612579,
        "min": -1.80346238613,
        "var": 787.259521484
    },
    "melbands_skewness": {
        "dmean": 0.715367615223,
        "dmean2": 1.09862029552,
        "dvar": 0.949191510677,
        "dvar2": 1.92658269405,
        "max": 18.1262664795,
        "mean": 2.35184454918,
        "median": 2.0909473896,
        "min": -2.34884333611,
        "var": 3.52160024643
    },
    "melbands_spread": {
        "dmean": 8.45018291473,
        "dmean2": 13.0284147263,
        "dvar": 338.540527344,
        "dvar2": 743.739379883,
        "max": 274.502044678,
        "mean": 24.0369796753,
        "median": 16.862953186,
        "min": 0.963240802288,
        "var": 658.638671875
    },
    "pitch_salience": {
        "dmean": 0.0677100867033,
        "dmean2": 0.107486583292,
        "dvar": 0.00419333158061,
        "dvar2": 0.00996208377182,
        "max": 0.890927612782,
        "mean": 0.545613050461,
        "median": 0.547036468983,
        "min": 0.125876754522,
        "var": 0.0132306553423
    },
    "silence_rate_20dB": {
        "dmean": 0,
        "dmean2": 0,
        "dvar": 0,
        "dvar2": 0,
        "max": 1,
        "mean": 1,
        "median": 1,
        "min": 1,
        "var": 0
    },
    "silence_rate_30dB": {
        "dmean": 0,
        "dmean2": 0,
        "dvar": 0,
        "dvar2": 0,
        "max": 1,
        "mean": 1,
        "median": 1,
        "min": 1,
        "var": 0
    },
    "silence_rate_60dB": {
        "dmean": 0.0294117648154,
        "dmean2": 0.0588690936565,
        "dvar": 0.028547367081,
        "dvar2": 0.0600497424603,
        "max": 1,
        "mean": 0.189481824636,
        "median": 0,
        "min": 0,
        "var": 0.153578549623
    },
    "spectral_centroid": {
        "dmean": 262.311981201,
        "dmean2": 382.673492432,
        "dvar": 218961.265625,
        "dvar2": 328412.25,
        "max": 10510.9082031,
        "mean": 1328.37780762,
        "median": 1092.42980957,
        "min": 223.637283325,
        "var": 759946.8125
    },
    "spectral_complexity": {
        "dmean": 2.81578946114,
        "dmean2": 4.26336193085,
        "dvar": 11.9489965439,
        "dvar2": 22.7006130219,
        "max": 55,
        "mean": 15.4377412796,
        "median": 15,
        "min": 0,
        "var": 130.724761963
    },
    "spectral_decrease": {
        "dmean": 1.75572201222e-09,
        "dmean2": 2.59672794378e-09,
        "dvar": 5.13495815813e-18,
        "dvar2": 1.17659096772e-17,
        "max": 1.1402700551e-28,
        "mean": -5.70004932143e-09,
        "median": -5.2435753517e-09,
        "min": -2.63883812579e-08,
        "var": 2.21804345353e-17
    },
    "spectral_energy": {
        "dmean": 0.00696468213573,
        "dmean2": 0.0102724172175,
        "dvar": 7.86951277405e-05,
        "dvar2": 0.000179257593118,
        "max": 0.101318731904,
        "mean": 0.0232009273022,
        "median": 0.0212563481182,
        "min": 1.07622345002e-20,
        "var": 0.000360666861525
    },
    "spectral_energyband_high": {
        "dmean": 0.000363044498954,
        "dmean2": 0.000478305126308,
        "dvar": 8.81215783011e-07,
        "dvar2": 1.31021556626e-06,
        "max": 0.0186273846775,
        "mean": 0.000786750169937,
        "median": 0.000245071161771,
        "min": 7.84028360986e-21,
        "var": 3.16218734042e-06
    },
    "spectral_energyband_low": {
        "dmean": 0.0030633029528,
        "dmean2": 0.00501407450065,
        "dvar": 3.96311734221e-05,
        "dvar2": 9.80939512374e-05,
        "max": 0.0882544368505,
        "mean": 0.00671549513936,
        "median": 0.00416383938864,
        "min": 3.39895520045e-23,
        "var": 8.37410843815e-05
    },
    "spectral_energyband_middle_high": {
        "dmean": 0.00197708653286,
        "dmean2": 0.00291019794531,
        "dvar": 1.20703343782e-05,
        "dvar2": 2.86575414066e-05,
        "max": 0.0564529970288,
        "mean": 0.00540098221973,
        "median": 0.00263422960415,
        "min": 1.52917907162e-21,
        "var": 4.86721073685e-05
    },
    "spectral_energyband_middle_low": {
        "dmean": 0.00443855999038,
        "dmean2": 0.00673202611506,
        "dvar": 4.53825668956e-05,
        "dvar2": 0.000109181375592,
        "max": 0.0960948392749,
        "mean": 0.0110050747171,
        "median": 0.00831596646458,
        "min": 2.28724855215e-22,
        "var": 0.000128453961224
    },
    "spectral_entropy": {
        "dmean": 0.184722408652,
        "dmean2": 0.254410356283,
        "dvar": 0.0542414300144,
        "dvar2": 0.0871860012412,
        "max": 9.79241466522,
        "mean": 7.31027936935,
        "median": 7.43078136444,
        "min": 5.14031553268,
        "var": 0.397610515356
    },
    "spectral_flux": {
        "dmean": 0.0210929941386,
        "dmean2": 0.0331884287298,
        "dvar": 0.000509289558977,
        "dvar2": 0.00118067674339,
        "max": 0.233328133821,
        "mean": 0.073091134429,
        "median": 0.06719006598,
        "min": 1.0374118925e-10,
        "var": 0.00230855052359
    },
    "spectral_kurtosis": {
        "dmean": 2.13051748276,
        "dmean2": 3.57842373848,
        "dvar": 10.7849617004,
        "dvar2": 30.5095157623,
        "max": 58.9106750488,
        "mean": 4.41617488861,
        "median": 3.15550374985,
        "min": -1.38624095917,
        "var": 24.3479290009
    },
    "spectral_rms": {
        "dmean": 0.000669595145155,
        "dmean2": 0.000947308843024,
        "dvar": 5.02621332998e-07,
        "dvar2": 1.00742568065e-06,
        "max": 0.00994221027941,
        "mean": 0.00418655388057,
        "median": 0.00455388845876,
        "min": 3.2403303131e-12,
        "var": 5.10787049279e-06
    },
    "spectral_rolloff": {
        "dmean": 476.613677979,
        "dmean2": 791.643066406,
        "dvar": 1323459.125,
        "dvar2": 2264617.25,
        "max": 19143.0175781,
        "mean": 1558.6015625,
        "median": 1098.19335938,
        "min": 64.599609375,
        "var": 3286444.75
    },
    "spectral_skewness": {
        "dmean": 0.280573785305,
        "dmean2": 0.434285312891,
        "dvar": 0.0987138524652,
        "dvar2": 0.226930677891,
        "max": 5.83613109589,
        "mean": 1.49360346794,
        "median": 1.39896023273,
        "min": -0.431080967188,
        "var": 0.496997952461
    },
    "spectral_spread": {
        "dmean": 496981.40625,
        "dmean2": 675205.3125,
        "dvar": 1.37556983808e+12,
        "dvar2": 1.34182928384e+12,
        "max": 40929268,
        "mean": 4145589.25,
        "median": 3913256.75,
        "min": 1158179.375,
        "var": 3.40479783731e+12
    },
    "spectral_strongpeak": {
        "dmean": 0.593924999237,
        "dmean2": 0.991707086563,
        "dvar": 0.99812579155,
        "dvar2": 2.59125423431,
        "max": 11.2480669022,
        "mean": 1.05573821068,
        "median": 0.509871602058,
        "min": 9.44794242841e-10,
        "var": 1.72502577305
    },
    "zerocrossingrate": {
        "dmean": 0.011222532019,
        "dmean2": 0.0117864515632,
        "dvar": 0.000402923527872,
        "dvar2": 0.000337645498803,
        "max": 0.50341796875,
        "mean": 0.0603535249829,
        "median": 0.04833984375,
        "min": 0.00634765625,
        "var": 0.00231091142632
    },
    "barkbands": {
        "dmean": [9.56596777542e-05, 0.001994906459, 0.00137321825605, 0.000672296388075, 0.00150072388351, 0.000873382086866, 0.00112403009553, 0.00156292028259, 0.00067730457522, 0.000371882342733, 0.000525010225829, 0.00082794635091, 0.000316241435939, 0.00042413760093, 0.000182906587725, 0.000218321947614, 0.000199489222723, 0.000126605576952, 0.000161560368724, 0.00013315952674, 6.89979424351e-05, 5.50985096197e-05, 8.14998275018e-05, 0.000128263665829, 2.28019180213e-05, 1.99458760619e-08, 9.3365226661e-10],
        "dmean2": [0.000159118266311, 0.00334413698874, 0.0022326153703, 0.00112943386193, 0.00233188713901, 0.00130217277911, 0.0017576670507, 0.00245922175236, 0.00106834736653, 0.000580356980208, 0.000800814479589, 0.00127504765987, 0.000483583280584, 0.000648755463772, 0.000281534157693, 0.000336001045071, 0.000325588451233, 0.000204346739338, 0.00024577107979, 0.000200085196411, 0.000105589686427, 7.43435957702e-05, 0.00010615093197, 0.000174955552211, 3.37370292982e-05, 2.93040915977e-08, 1.73472836096e-09],
        "dvar": [7.40218624173e-08, 1.34232413984e-05, 1.6948008124e-05, 1.72328975623e-06, 1.13320020318e-05, 4.50014613307e-06, 1.21007660709e-05, 1.41016262205e-05, 4.05550144933e-06, 8.31596821627e-07, 3.17128774441e-06, 5.90548370383e-06, 8.32024738884e-07, 1.41891121075e-06, 1.45210705682e-07, 2.94189106853e-07, 2.79437870176e-07, 1.21815020293e-07, 1.0660146188e-07, 9.95993545416e-08, 2.69161795075e-08, 3.19081827627e-08, 1.0527443095e-07, 2.1035582165e-07, 8.76541861317e-09, 8.12584032586e-15, 2.23123470955e-18],
        "dvar2": [1.95351248067e-07, 3.58595789294e-05, 4.2276300519e-05, 4.84921520183e-06, 2.93937027891e-05, 9.52452955971e-06, 2.66899569397e-05, 3.52503702743e-05, 9.51242418523e-06, 1.84150246696e-06, 7.65699951444e-06, 1.47388063851e-05, 2.00574140763e-06, 3.25937867274e-06, 3.23412365333e-07, 6.30560066384e-07, 6.58255714825e-07, 3.12060279839e-07, 2.47766223538e-07, 1.87156189213e-07, 6.22186817623e-08, 5.71612979172e-08, 2.02568244845e-07, 3.16074391549e-07, 1.69759850621e-08, 1.63425300175e-14, 7.1063830887e-18],
        "max": [0.0042929360643, 0.0431235171854, 0.0637774169445, 0.012660978362, 0.0521044917405, 0.0557585656643, 0.0550893656909, 0.0508261211216, 0.0535631142557, 0.0133831445128, 0.0385951288044, 0.052405834198, 0.0200249832124, 0.018507514149, 0.00500592077151, 0.00807400792837, 0.00859344284981, 0.00832617096603, 0.00541225029156, 0.00747253652662, 0.00335671869107, 0.00341237778775, 0.00720561156049, 0.0124573679641, 0.00243633333594, 2.95517065751e-06, 1.59435717961e-08],
        "mean": [0.000126002501929, 0.00388199766167, 0.00212066015229, 0.00118550786283, 0.00286308862269, 0.00175478192978, 0.00153659610078, 0.00240870937705, 0.00105547718704, 0.000703348836396, 0.000749342376366, 0.00127226335462, 0.000463725737063, 0.000637342454866, 0.000309287599521, 0.000365617161151, 0.000373276358005, 0.000206595592317, 0.000292367243674, 0.000253904552665, 0.000130411310238, 9.9767872598e-05, 0.000138759627589, 0.000239716697251, 3.23602180288e-05, 2.56487719952e-08, 7.53829887401e-10],
        "median": [1.19993474073e-05, 0.00234712148085, 0.0005853070179, 0.000414012931287, 0.00135197199415, 0.000900169136003, 0.00027101271553, 0.000299203820759, 0.000290287862299, 0.00024687347468, 0.000124637881527, 0.000234340681345, 0.000169895676663, 0.0001207623136, 0.000115135742817, 9.03493055375e-05, 0.000101665558759, 6.37337579974e-05, 0.00010146258137, 8.11347636045e-05, 4.08095438615e-05, 1.74571996467e-05, 1.54091358127e-05, 4.9203474191e-05, 7.79018591857e-06, 6.51300302579e-09, 1.90095342245e-10],
        "min": [3.58224971391e-24, 1.85685030211e-23, 9.07421098363e-24, 3.99330895997e-24, 1.99263472091e-23, 5.05078828413e-23, 2.99228699085e-23, 5.72331713383e-23, 5.84619389496e-23, 4.85816833037e-23, 9.47974023586e-23, 5.46447420035e-23, 1.0406334993e-22, 2.08793861615e-22, 2.57633792735e-22, 9.48175908869e-23, 1.58878832987e-22, 1.63317608151e-22, 2.26480956147e-22, 2.85285248108e-22, 3.7640060117e-22, 5.78395491524e-22, 6.83253659837e-22, 8.12253748639e-22, 1.08909697337e-21, 1.77073176441e-21, 2.52073476984e-21],
        "var": [9.01087560123e-08, 2.72558263532e-05, 2.10980215343e-05, 3.30723241859e-06, 1.99895366677e-05, 9.06759032659e-06, 2.14635983866e-05, 2.87587572529e-05, 7.3899027484e-06, 2.19300432036e-06, 5.42516909263e-06, 1.11139897854e-05, 1.31878812226e-06, 2.84406678475e-06, 2.97403374816e-07, 7.05167110482e-07, 7.26115160887e-07, 2.020219938e-07, 2.3416734507e-07, 2.68201404197e-07, 6.36656878328e-08, 7.35254488404e-08, 2.48910083656e-07, 7.19021386431e-07, 1.55768358212e-08, 1.41375042031e-14, 1.89923398338e-18]
    },
    "erbbands": {
        "dmean": [0.059588637203, 0.468440890312, 1.46071004868, 1.79338920116, 3.52415132523, 5.33733987808, 7.09188318253, 6.44076395035, 14.0006408691, 24.2676029205, 29.7247123718, 16.7362365723, 10.0036401749, 12.624127388, 25.2005901337, 34.9513778687, 15.1686763763, 18.5422058105, 14.0338363647, 8.60118484497, 11.4266109467, 10.1138458252, 5.99599933624, 8.44452953339, 6.62393522263, 6.27735376358, 4.18553876877, 2.06946396828, 1.90485262871, 2.14061522484, 2.46701645851, 3.19431066513, 1.84103310108, 0.489218592644, 0.0235006529838, 0.00110816350207, 7.57446396165e-05, 1.23758582049e-05, 5.6914968809e-06, 8.50495507621e-06],
        "dmean2": [0.102951616049, 0.781282901764, 2.43553900719, 2.9647860527, 5.88574695587, 8.28233623505, 10.3549489975, 10.3358850479, 21.4441452026, 39.1375160217, 46.5608329773, 25.8506526947, 14.7483253479, 20.0224971771, 39.4063453674, 53.490814209, 22.6808261871, 29.3713245392, 20.4723396301, 13.4492807388, 17.2353572845, 15.6523971558, 9.00128936768, 13.0561962128, 10.3545923233, 9.47521305084, 6.3269739151, 3.17922878265, 2.67985796928, 2.81235933304, 3.25124359131, 4.29237890244, 2.61321902275, 0.703193843365, 0.0335271880031, 0.00155265955254, 0.000103403588582, 1.64838256751e-05, 7.78165485826e-06, 1.22758519865e-05],
        "dvar": [0.0169995874166, 0.682675123215, 17.0490932465, 17.4660797119, 63.1091041565, 193.823410034, 840.450195312, 189.4637146, 2049.37207031, 4134.09033203, 6448.07275391, 3170.890625, 662.538085938, 1001.45904541, 6288.16748047, 12860.7460938, 1237.71691895, 3176.74755859, 1065.61804199, 325.192687988, 785.529663086, 711.39074707, 242.272445679, 365.225982666, 171.573364258, 261.450164795, 115.191329956, 23.4189147949, 32.2385749817, 58.5023384094, 110.312210083, 151.918716431, 40.7988052368, 3.48082661629, 0.00565247610211, 1.21366456369e-05, 6.09066503898e-08, 1.62424806938e-09, 1.16784665272e-10, 1.11087361532e-10],
        "dvar2": [0.0477541536093, 1.79197311401, 43.7821350098, 44.9974861145, 190.553344727, 489.314544678, 1984.29785156, 500.149108887, 4541.8046875, 10047, 15657.5224609, 7502.06591797, 1265.52380371, 2748.5546875, 15851.2177734, 32572.9453125, 2874.41748047, 7474.72558594, 2266.61474609, 736.427612305, 1557.14868164, 1707.03308105, 525.726257324, 841.347717285, 410.905792236, 478.768737793, 258.203887939, 52.3885002136, 62.1627120972, 96.8958129883, 216.392303467, 240.412231445, 82.8863372803, 6.74114131927, 0.0112259555608, 2.35229799728e-05, 1.07215377909e-07, 2.67440802837e-09, 1.92347193728e-10, 2.41314301874e-10],
        "max": [1.47483682632, 8.73552703857, 55.3047065735, 66.784286499, 139.463790894, 213.626647949, 866.057556152, 288.554382324, 850.333251953, 1036.12646484, 1246.60900879, 1614.23852539, 484.055725098, 435.274963379, 1645.2298584, 2558.10253906, 734.653991699, 1043.95361328, 544.652770996, 427.329071045, 494.215362549, 407.261230469, 386.888824463, 381.411956787, 168.781311035, 492.332885742, 211.597183228, 91.7988891602, 103.776641846, 162.491744995, 243.351593018, 367.948516846, 141.753341675, 50.0419998169, 1.57850682735, 0.074330970645, 0.00534135103226, 0.000832516874652, 0.000234183127759, 0.000130931570311],
        "mean": [0.0963833704591, 0.924487769604, 2.47595191002, 3.33745479584, 6.35214424133, 9.08837127686, 15.0255775452, 13.6026849747, 20.9144077301, 34.4943580627, 48.3372459412, 27.673614502, 18.9951324463, 21.7634277344, 40.0904502869, 56.0840034485, 25.9916915894, 29.7779941559, 22.814540863, 17.2040710449, 20.0256786346, 19.8170909882, 11.4362106323, 15.3441772461, 13.0376815796, 12.3252477646, 7.71496295929, 3.95191836357, 3.42645645142, 3.74262285233, 4.20946455002, 5.57346916199, 3.3001537323, 0.767178714275, 0.0322591587901, 0.00162132270634, 0.000139046911499, 2.54002297879e-05, 1.79413545993e-05, 2.92403074127e-05],
        "median": [0.0385004840791, 0.533958852291, 0.830814182758, 1.43102371693, 2.35891246796, 3.74390864372, 5.58461809158, 7.04988002777, 5.04782581329, 6.25555324554, 8.28380393982, 9.32117366791, 6.97929000854, 8.43450927734, 9.53534603119, 11.4612998962, 10.5124502182, 7.02077960968, 7.1657948494, 7.00637817383, 5.38704204559, 5.45861434937, 4.03948926926, 5.29235839844, 4.29251289368, 4.05359840393, 2.74656796455, 1.18073475361, 0.641401529312, 0.49950119853, 0.471921294928, 0.885723471642, 0.810034990311, 0.199055984616, 0.00643904739991, 0.00036854238715, 4.44259021606e-05, 9.13943586056e-06, 1.39313033287e-05, 2.56889379671e-05],
        "min": [3.0659360547e-22, 4.65147246011e-21, 1.48884125362e-20, 1.13592351437e-20, 1.23404668362e-20, 1.19266726428e-19, 2.4086455122e-19, 4.42971399743e-19, 3.69105463512e-19, 5.96600501286e-19, 1.56267931775e-18, 1.11986689178e-18, 1.10594544207e-18, 2.47259980844e-18, 4.01752938121e-18, 2.51991185114e-18, 4.39973149196e-18, 7.65868000317e-18, 1.26519739688e-17, 1.17693383408e-17, 5.82505633162e-18, 9.5013373142e-18, 8.4883620099e-18, 9.42666854748e-18, 1.28091457298e-17, 1.13955486569e-17, 1.36909723752e-17, 1.7290940156e-17, 1.9503714469e-17, 2.43607568985e-17, 1.7874387038e-17, 1.609185914e-17, 1.4118474205e-17, 1.19902964804e-17, 8.33335580773e-18, 5.82556297974e-18, 3.52651000651e-18, 1.41138240024e-18, 3.41668839021e-19, 3.8322301965e-20],
        "var": [0.0225427653641, 1.56819999218, 22.8221092224, 27.8514118195, 99.6725540161, 290.001373291, 1579.06921387, 385.817749023, 3836.11376953, 7689.82763672, 12987.5898438, 5421.68603516, 1986.46984863, 1662.99902344, 11499.8740234, 23102.6054688, 2751.42797852, 6139.84130859, 2197.69067383, 962.735229492, 1857.89575195, 1808.76550293, 482.773834229, 772.547729492, 460.689880371, 727.730163574, 238.182067871, 60.3072433472, 75.2039108276, 143.383682251, 246.495956421, 473.40057373, 112.551826477, 7.13032007217, 0.0105787822977, 2.46128201979e-05, 1.57670868361e-07, 4.81455764145e-09, 4.92646257122e-10, 5.9423238552e-10]
    },
    "gfcc": {
        "mean": [-77.8455047607, 118.06968689, -149.295303345, 41.237121582, -76.6903915405, 22.2144908905, -35.8146209717, 4.23804950714, -13.3354024887, -12.2970438004, 14.7628602982, -24.0368309021, 11.0337572098],
        "cov": [[20968.4804688, 1607.07019043, 177.587814331, 2216.2487793, 300.203491211, 169.993438721, -500.795715332, -320.760223389, 421.153930664, -544.653259277, -184.045211792, -177.000518799, -446.72088623], [1607.07019043, 1698.12658691, 213.909973145, -30.5330219269, 380.79800415, -186.929367065, 23.5639610291, -182.171264648, 52.0968208313, -163.025405884, 86.9683303833, -77.960144043, -4.62792348862], [177.587814331, 213.909973145, 1078.32788086, 671.005004883, 71.6750717163, 309.392608643, -73.0429763794, -109.531806946, 123.619064331, -101.734046936, -138.085388184, 95.7487869263, -76.3161849976], [2216.2487793, -30.5330219269, 671.005004883, 1347.97668457, 222.748687744, 357.949707031, -49.4518737793, -138.311889648, 226.207824707, -194.445281982, -214.975860596, 77.3945465088, -235.03074646], [300.203491211, 380.79800415, 71.6750717163, 222.748687744, 364.290344238, 94.4516601562, 53.6497917175, -6.42859697342, 48.6848640442, -51.0842437744, -30.1763687134, -48.5265693665, -55.7055435181], [169.993438721, -186.929367065, 309.392608643, 357.949707031, 94.4516601562, 414.085876465, 76.9393386841, -21.4581508636, 77.0180587769, -12.9178600311, -90.0189819336, 32.3202857971, -87.0278015137], [-500.795715332, 23.5639610291, -73.0429763794, -49.4518737793, 53.6497917175, 76.9393386841, 204.066879272, 49.9517860413, 7.52674531937, 18.8609237671, 32.862663269, -14.9036502838, -17.1598968506], [-320.760223389, -182.171264648, -109.531806946, -138.311889648, -6.42859697342, -21.4581508636, 49.9517860413, 212.964996338, 16.6898365021, 56.6537055969, 25.1459445953, -33.367603302, 16.7451629639], [421.153930664, 52.0968208313, 123.619064331, 226.207824707, 48.6848640442, 77.0180587769, 7.52674531937, 16.6898365021, 211.025466919, -29.9136066437, -44.3169670105, 11.768494606, -91.7261886597], [-544.653259277, -163.025405884, -101.734046936, -194.445281982, -51.0842437744, -12.9178600311, 18.8609237671, 56.6537055969, -29.9136066437, 130.259185791, 57.5338973999, -18.6339893341, 41.522769928], [-184.045211792, 86.9683303833, -138.085388184, -214.975860596, -30.1763687134, -90.0189819336, 32.862663269, 25.1459445953, -44.3169670105, 57.5338973999, 157.870452881, 19.7083930969, 39.7427787781], [-177.000518799, -77.960144043, 95.7487869263, 77.3945465088, -48.5265693665, 32.3202857971, -14.9036502838, -33.367603302, 11.768494606, -18.6339893341, 19.7083930969, 134.313980103, 24.2918510437], [-446.72088623, -4.62792348862, -76.3161849976, -235.03074646, -55.7055435181, -87.0278015137, -17.1598968506, 16.7451629639, -91.7261886597, 41.522769928, 39.7427787781, 24.2918510437, 151.26890564]],
        "icov": [[0.000109163462184, -0.000278691150015, 0.000294098630548, -0.000363500585081, 0.000401672674343, -0.000330068345647, 0.000422276818426, -0.00024738436332, 3.8166759623e-05, 9.95389491436e-05, -0.000154236535309, 0.000237796339206, -7.10884196451e-05], [-0.000278691150015, 0.00279405829497, -0.00181586877443, 0.00169244722929, -0.00319390790537, 0.00214884197339, -0.0016908259131, 0.00260377721861, -0.00151417031884, 0.00239712256007, -0.00186496728566, 0.00123255664948, -0.000728109327611], [0.000294098630548, -0.00181586877443, 0.00297295930795, -0.00191293377429, 0.00230878638104, -0.00250452337787, 0.00208149850368, -0.00147431320511, 0.000471669831313, -0.000724705518223, 0.000736917019822, -0.000546686758753, -0.00047156366054], [-0.000363500585081, 0.00169244722929, -0.00191293377429, 0.00350624136627, -0.002825290896, 0.00112328852993, -0.0011969023617, 0.00177145865746, -0.000999659532681, 0.00146031810436, 0.000719468283933, -0.00126766553149, 0.00174243119545], [0.000401672674343, -0.00319390790537, 0.00230878638104, -0.002825290896, 0.00754315592349, -0.00329763954505, 0.00148934649769, -0.00295674637891, 0.00115287827794, -0.000772537314333, 0.000616210629232, 0.00134957476985, -0.000227060023462], [-0.000330068345647, 0.00214884197339, -0.00250452337787, 0.00112328852993, -0.00329763954505, 0.00693002948537, -0.00408529490232, 0.00222178292461, -0.000493972213008, -0.00158150296193, 0.00183054362424, -0.00153239071369, 0.00153568165842], [0.000422276818426, -0.0016908259131, 0.00208149850368, -0.0011969023617, 0.00148934649769, -0.00408529490232, 0.00878519471735, -0.00280064530671, 0.000472152081784, 0.000654745846987, -0.00213256268762, 0.00086788792396, 0.000418011710281], [-0.00024738436332, 0.00260377721861, -0.00147431320511, 0.00177145865746, -0.00295674637891, 0.00222178292461, -0.00280064530671, 0.00854286830872, -0.00296129495837, 0.000255521998042, -0.00148780818563, 0.00221728696488, -0.00154730957001], [3.8166759623e-05, -0.00151417031884, 0.000471669831313, -0.000999659532681, 0.00115287827794, -0.000493972213008, 0.000472152081784, -0.00296129495837, 0.00846995785832, -0.00247419835068, 0.00267922203057, -0.00309809250757, 0.00488164275885], [9.95389491436e-05, 0.00239712256007, -0.000724705518223, 0.00146031810436, -0.000772537314333, -0.00158150296193, 0.000654745846987, 0.000255521998042, -0.00247419835068, 0.0169667135924, -0.00768881104887, 0.00584936933592, -0.0039546196349], [-0.000154236535309, -0.00186496728566, 0.000736917019822, 0.000719468283933, 0.000616210629232, 0.00183054362424, -0.00213256268762, -0.00148780818563, 0.00267922203057, -0.00768881104887, 0.0142504787073, -0.00703933741897, 0.00330152641982], [0.000237796339206, 0.00123255664948, -0.000546686758753, -0.00126766553149, 0.00134957476985, -0.00153239071369, 0.00086788792396, 0.00221728696488, -0.00309809250757, 0.00584936933592, -0.00703933741897, 0.0142927523702, -0.00596711691469], [-7.10884196451e-05, -0.000728109327611, -0.00047156366054, 0.00174243119545, -0.000227060023462, 0.00153568165842, 0.000418011710281, -0.00154730957001, 0.00488164275885, -0.0039546196349, 0.00330152641982, -0.00596711691469, 0.0140029694885]]
    },
    "melbands": {
        "dmean": [0.000530421268195, 0.000686138577294, 0.000339003192494, 0.000316281395499, 0.000238737688051, 0.00015203881776, 0.000217361492105, 0.000285770162009, 0.000240364475758, 9.08783622435e-05, 4.97515684401e-05, 5.06824144395e-05, 7.91124184616e-05, 9.43149861996e-05, 6.71687594149e-05, 2.3321919798e-05, 4.02437544835e-05, 2.8101974749e-05, 1.27167704704e-05, 1.43540291901e-05, 1.41639848152e-05, 1.23456275105e-05, 9.2036816568e-06, 5.26004350831e-06, 7.90887224866e-06, 5.94022094447e-06, 4.58797921965e-06, 4.6169975576e-06, 3.17615172207e-06, 1.87352020475e-06, 1.08443214231e-06, 1.08271819954e-06, 1.23285485643e-06, 1.20311108276e-06, 1.40830695727e-06, 1.61159221079e-06, 2.25309713642e-06, 1.54799693064e-06, 7.97148572929e-07, 2.83197607587e-07],
        "dmean2": [0.000894704018719, 0.00111888570245, 0.000561863824259, 0.000504635681864, 0.000357165292371, 0.000240527107962, 0.000332787865773, 0.000458754511783, 0.000370539230062, 0.000142254270031, 7.36712245271e-05, 8.13453661976e-05, 0.000119900563732, 0.000146056481753, 0.000106510291516, 3.58013458026e-05, 6.41981241642e-05, 4.1193979996e-05, 1.93201922229e-05, 2.20996498683e-05, 2.14962037717e-05, 1.97151312022e-05, 1.36260323416e-05, 8.15714429336e-06, 1.22171259136e-05, 9.32115017349e-06, 7.24830624677e-06, 7.10521135261e-06, 4.69176666229e-06, 2.91947526421e-06, 1.70771215835e-06, 1.63692675414e-06, 1.69488555457e-06, 1.62349419952e-06, 1.9465448986e-06, 2.17798151425e-06, 3.0789358334e-06, 2.25006328947e-06, 1.15940258638e-06, 4.14947891159e-07],
        "dvar": [1.11244355594e-06, 2.55868394561e-06, 5.08032030666e-07, 5.74632395001e-07, 6.85435566083e-07, 1.02490780307e-07, 4.81398501506e-07, 5.24058123119e-07, 4.52515820371e-07, 9.8557116246e-08, 1.75525016743e-08, 1.63530344821e-08, 7.209457209e-08, 6.30477359209e-08, 5.83739492299e-08, 2.30491714603e-09, 1.57647122023e-08, 5.29077315292e-09, 6.78409106669e-10, 1.25469235002e-09, 1.24326282602e-09, 1.41082445726e-09, 8.80999884156e-10, 1.53769261213e-10, 3.54026974403e-10, 1.7091890403e-10, 9.07777325532e-11, 1.8898606291e-10, 7.20764073425e-11, 2.34111098563e-11, 7.15189192591e-12, 1.06738411512e-11, 1.69715422271e-11, 1.87102538324e-11, 4.33347351059e-11, 3.65353268472e-11, 8.17159187538e-11, 2.82151732534e-11, 8.71633407812e-12, 1.15423111607e-12],
        "dvar2": [3.03609567709e-06, 6.56211250316e-06, 1.33063588237e-06, 1.47724210819e-06, 1.62885328336e-06, 2.5038508511e-07, 1.04537275547e-06, 1.2902552271e-06, 1.09877294108e-06, 2.34650613606e-07, 3.30489484668e-08, 4.51484680752e-08, 1.75873168473e-07, 1.60120293913e-07, 1.3950248956e-07, 5.25858867562e-09, 3.78243321109e-08, 1.13514344591e-08, 1.48491896557e-09, 2.82458478829e-09, 2.58316679158e-09, 3.41960926242e-09, 1.66631863863e-09, 3.57897433911e-10, 8.15022882517e-10, 4.37518216101e-10, 2.10642683851e-10, 3.44799022667e-10, 1.4858350661e-10, 5.74241001972e-11, 1.65628986221e-11, 2.33019454426e-11, 2.95446896115e-11, 3.17689312357e-11, 9.64777008283e-11, 5.78529620043e-11, 1.34635927407e-10, 6.15572245954e-11, 1.7095849042e-11, 2.42212326584e-12],
        "max": [0.0128307351843, 0.0209508873522, 0.0105712711811, 0.0128497965634, 0.0239874757826, 0.00612237164751, 0.0124851390719, 0.0125883426517, 0.0111898481846, 0.00909635517746, 0.0024651309941, 0.00168800994288, 0.00630392832682, 0.00420516170561, 0.00447472278029, 0.00051950616762, 0.00231888704002, 0.00121707341168, 0.000343498948496, 0.000664795108605, 0.000515204155818, 0.000618837599177, 0.000729989435058, 0.000303678243654, 0.000395388400648, 0.000208670971915, 0.000127207691548, 0.000433764362242, 0.000223829993047, 0.000111435547296, 5.40661530977e-05, 6.27802728559e-05, 8.09014454717e-05, 9.81452321867e-05, 0.000162756230566, 0.000152005828568, 0.000259663298493, 0.000125047401525, 6.94905611454e-05, 2.88546762022e-05],
        "mean": [0.00098375568632, 0.00130722089671, 0.000665008847136, 0.000566385162529, 0.000509189732838, 0.000309849157929, 0.000319108687108, 0.000409678963479, 0.000384575687349, 0.000146759455674, 9.20236416277e-05, 8.56275946717e-05, 0.000117707175377, 0.000144915815326, 0.000108527026896, 3.69767003576e-05, 6.0181144363e-05, 3.98970078095e-05, 2.14370011236e-05, 2.61281602434e-05, 2.27959226322e-05, 2.21723912546e-05, 1.41851287481e-05, 8.79652452568e-06, 1.31378155857e-05, 9.73762598733e-06, 8.39062704472e-06, 8.34422280604e-06, 5.31419482286e-06, 3.2416137401e-06, 1.89607999346e-06, 1.8208580741e-06, 2.11082033275e-06, 2.02278283723e-06, 2.21420509661e-06, 2.90219691124e-06, 3.67504503629e-06, 2.66986057795e-06, 1.3151990288e-06, 3.71079693195e-07],
        "median": [0.000537895946763, 0.000599476275966, 0.000308169634081, 0.000231808735407, 0.000207359204069, 0.000160853625857, 6.96197603247e-05, 6.7631030106e-05, 6.87123683747e-05, 4.5043470891e-05, 2.92126569548e-05, 2.88846003969e-05, 2.391673479e-05, 3.30530419888e-05, 2.67775649263e-05, 1.5957180949e-05, 1.11553272291e-05, 1.08327903945e-05, 8.24055859994e-06, 7.22730464986e-06, 5.32435751666e-06, 5.73376109969e-06, 3.41353666045e-06, 3.0331666494e-06, 4.03258218284e-06, 3.1777399272e-06, 2.52140057455e-06, 2.63072502094e-06, 1.82580686214e-06, 9.14037570965e-07, 4.97972905578e-07, 3.21909908507e-07, 3.15626522251e-07, 2.45291005285e-07, 1.93229553247e-07, 3.60453924486e-07, 5.85519217111e-07, 6.41929602807e-07, 3.43488267163e-07, 8.126470874e-08],
        "min": [3.87728842562e-24, 7.66318810424e-24, 1.66782826405e-24, 4.28159383905e-24, 8.20660992716e-24, 1.00033779006e-23, 5.56236749995e-24, 6.78599134371e-24, 1.32603431868e-23, 7.28080040221e-24, 5.53878016445e-24, 9.30668750354e-24, 1.42162769432e-23, 7.76340736022e-24, 6.15726013035e-24, 1.09938700755e-23, 1.44894752519e-23, 1.90785678606e-23, 2.51402649865e-23, 7.52742277587e-24, 6.29563540503e-24, 1.13555675337e-23, 4.82784175616e-24, 9.27342439461e-24, 6.79447159844e-24, 9.98794225926e-24, 9.03099954983e-24, 7.46009823077e-24, 8.73845363857e-24, 8.4456718579e-24, 1.06974784673e-23, 1.01330358678e-23, 1.22247967991e-23, 1.37517546214e-23, 1.07155623147e-23, 9.66113454117e-24, 9.42358406792e-24, 9.32991393517e-24, 9.46809081133e-24, 1.06990625e-23],
        "var": [1.89090462754e-06, 4.28971452493e-06, 9.20727870835e-07, 1.01729369817e-06, 1.36785820359e-06, 2.02857748377e-07, 9.24946675696e-07, 1.04123148503e-06, 8.62033402882e-07, 1.64215464338e-07, 5.34297583954e-08, 2.81115486445e-08, 1.27846959685e-07, 1.15466171735e-07, 1.11899176147e-07, 4.13681400246e-09, 2.94528632594e-08, 9.32906729645e-09, 1.43305700639e-09, 3.69675134948e-09, 2.79646239498e-09, 3.22716964263e-09, 1.45637679694e-09, 2.82842416155e-10, 6.77388312109e-10, 2.99927416236e-10, 2.15190185116e-10, 4.5431497453e-10, 1.35569860893e-10, 4.67208736976e-11, 1.61469674437e-11, 2.10949209489e-11, 3.88429670373e-11, 4.4937567556e-11, 7.43712175177e-11, 1.21807397502e-10, 2.27050531154e-10, 7.21054466135e-11, 2.01811414802e-11, 1.88217670616e-12]
    },
    "mfcc": {
        "mean": [-695.276184082, 115.639068604, -1.29346954823, 7.89393663406, 2.22698569298, -3.71718406677, 10.1107749939, -4.36909723282, -4.28899335861, 5.72798299789, -5.43306779861, 7.31827878952, -1.70903289318],
        "cov": [[18389.0351562, 1310.02416992, 196.743408203, 1572.83837891, 858.245239258, 515.11730957, -420.023986816, 396.34487915, -189.060668945, 94.8888244629, -181.016586304, 355.406463623, -126.07484436], [1310.02416992, 1845.22851562, -238.027603149, 6.89586830139, 129.793579102, -177.137557983, 114.278030396, -164.183532715, -80.28881073, -87.7144165039, 5.9440779686, -3.05354380608, -21.1098556519], [196.743408203, -238.027603149, 1076.3034668, 350.425689697, 261.139099121, 461.629150391, -194.500213623, 254.087005615, 20.7607536316, -7.47530794144, 17.2145557404, -47.0336036682, 3.92837166786], [1572.83837891, 6.89586830139, 350.425689697, 648.059509277, 302.084838867, 259.143371582, -128.633117676, 195.489257812, -6.37537240982, -3.52749943733, -10.78835392, 24.4227905273, -23.3802204132], [858.245239258, 129.793579102, 261.139099121, 302.084838867, 366.487335205, 213.856445312, -65.4901885986, 124.997375488, 49.7590255737, 21.0263271332, 1.31743764877, 8.66968154907, -14.7475967407], [515.11730957, -177.137557983, 461.629150391, 259.143371582, 213.856445312, 539.445739746, -85.372543335, 239.769210815, 12.1689376831, 33.0768852234, 11.8791160583, -38.7857704163, 28.1270465851], [-420.023986816, 114.278030396, -194.500213623, -128.633117676, -65.4901885986, -85.372543335, 284.659393311, -72.8084335327, 16.1076126099, 25.6835823059, 1.26953291893, 0.452858179808, -6.91885137558], [396.34487915, -164.183532715, 254.087005615, 195.489257812, 124.997375488, 239.769210815, -72.8084335327, 293.801361084, 52.9305419922, 45.0151367188, 21.0755405426, 48.0218276978, 31.5825843811], [-189.060668945, -80.28881073, 20.7607536316, -6.37537240982, 49.7590255737, 12.1689376831, 16.1076126099, 52.9305419922, 158.385803223, 41.5865211487, 22.4461765289, 7.14705753326, -9.90076446533], [94.8888244629, -87.7144165039, -7.47530794144, -3.52749943733, 21.0263271332, 33.0768852234, 25.6835823059, 45.0151367188, 41.5865211487, 187.125671387, 27.7487392426, 26.5799331665, -4.57702732086], [-181.016586304, 5.9440779686, 17.2145557404, -10.78835392, 1.31743764877, 11.8791160583, 1.26953291893, 21.0755405426, 22.4461765289, 27.7487392426, 101.023765564, 23.7124328613, 21.5608997345], [355.406463623, -3.05354380608, -47.0336036682, 24.4227905273, 8.66968154907, -38.7857704163, 0.452858179808, 48.0218276978, 7.14705753326, 26.5799331665, 23.7124328613, 172.74937439, 35.8158874512], [-126.07484436, -21.1098556519, 3.92837166786, -23.3802204132, -14.7475967407, 28.1270465851, -6.91885137558, 31.5825843811, -9.90076446533, -4.57702732086, 21.5608997345, 35.8158874512, 91.1789398193]],
