{
"lowlevel": {
    "average_loudness": 0.983987510204,
    "barkbands_crest": {
        "dmean": 3.26336622238,
        "dmean2": 4.74513530731,
        "dvar": 11.4872817993,
        "dvar2": 21.7876644135,
        "max": 26.455165863,
        "mean": 14.0851631165,
        "median": 12.6524486542,
        "min": 2.75423550606,
        "var": 28.371049881
    },
    "barkbands_flatness_db": {
        "dmean": 0.0402429513633,
        "dmean2": 0.0586046278477,
        "dvar": 0.00197011581622,
        "dvar2": 0.00421519670635,
        "max": 0.517985999584,
        "mean": 0.193189159036,
        "median": 0.171472802758,
        "min": 0.0759524479508,
        "var": 0.00557495141402
    },
    "barkbands_kurtosis": {
        "dmean": 17.894701004,
        "dmean2": 25.5678939819,
        "dvar": 4049.91870117,
        "dvar2": 9195.015625,
        "max": 1808.8848877,
        "mean": 21.4938030243,
        "median": 5.22466468811,
        "min": -1.918628335,
        "var": 4490.06201172
    },
    "barkbands_skewness": {
        "dmean": 1.25154697895,
        "dmean2": 1.68201649189,
        "dvar": 3.34832596779,
        "dvar2": 6.0800242424,
        "max": 35.2348365784,
        "mean": 3.20283985138,
        "median": 2.42835879326,
        "min": -0.908826887608,
        "var": 7.69764232635
    },
    "barkbands_spread": {
        "dmean": 10.259180069,
        "dmean2": 15.788602829,
        "dvar": 132.557373047,
        "dvar2": 293.169311523,
        "max": 104.237091064,
        "mean": 28.3395824432,
        "median": 24.8392372131,
        "min": 0.141827404499,
        "var": 466.528411865
    },
    "dissonance": {
        "dmean": 0.0145683055744,
        "dmean2": 0.0240055564791,
        "dvar": 0.000282202701783,
        "dvar2": 0.000738920934964,
        "max": 0.499505907297,
        "mean": 0.47386148572,
        "median": 0.480249375105,
        "min": 0.301935881376,
        "var": 0.000493179832119
    },
    "dynamic_complexity": 1.70149385929,
    "erbbands_crest": {
        "dmean": 2.2701420784,
        "dmean2": 3.65501737595,
        "dvar": 6.41845369339,
        "dvar2": 14.4731407166,
        "max": 27.7639636993,
        "mean": 6.81499052048,
        "median": 5.57160568237,
        "min": 2.3781580925,
        "var": 13.7000341415
    },
    "erbbands_flatness_db": {
        "dmean": 0.0146622443572,
        "dmean2": 0.0225457008928,
        "dvar": 0.000265613663942,
        "dvar2": 0.000543332134839,
        "max": 0.310666114092,
        "mean": 0.137693062425,
        "median": 0.129322871566,
        "min": 0.0755477398634,
        "var": 0.000760476046707
    },
    "erbbands_kurtosis": {
        "dmean": 1.03870201111,
        "dmean2": 1.66380691528,
        "dvar": 4.33443260193,
        "dvar2": 10.9631023407,
        "max": 25.9684791565,
        "mean": 0.122052177787,
        "median": -0.566840410233,
        "min": -1.89113426208,
        "var": 5.95241212845
    },
    "erbbands_skewness": {
        "dmean": 0.409282803535,
        "dmean2": 0.622365832329,
        "dvar": 0.232674270868,
        "dvar2": 0.536879003048,
        "max": 4.74094581604,
        "mean": -0.127501487732,
        "median": -0.263500630856,
        "min": -3.5825176239,
        "var": 0.813595175743
    },
    "erbbands_spread": {
        "dmean": 14.5887699127,
        "dmean2": 21.8506946564,
        "dvar": 254.62953186,
        "dvar2": 511.765258789,
        "max": 151.889205933,
        "mean": 65.6321716309,
        "median": 63.8835754395,
        "min": 4.34926605225,
        "var": 592.553466797
    },
    "hfc": {
        "dmean": 18.6836967468,
        "dmean2": 27.1555290222,
        "dvar": 661.658447266,
        "dvar2": 1465.40087891,
        "max": 229.657592773,
        "mean": 41.5307769775,
        "median": 28.4324207306,
        "min": 0.000123632562463,
        "var": 1545.56262207
    },
    "melbands_crest": {
        "dmean": 3.50887465477,
        "dmean2": 5.47835540771,
        "dvar": 12.2260665894,
        "dvar2": 28.1047973633,
        "max": 32.2042045593,
        "mean": 18.404630661,
        "median": 17.9675579071,
        "min": 5.51585769653,
        "var": 29.0067939758
    },
    "melbands_flatness_db": {
        "dmean": 0.0485148504376,
        "dmean2": 0.0703597515821,
        "dvar": 0.00293153524399,
        "dvar2": 0.00627159234136,
        "max": 0.608319342136,
        "mean": 0.238640129566,
        "median": 0.214011415839,
        "min": 0.0456099845469,
        "var": 0.00878433696926
    },
    "melbands_kurtosis": {
        "dmean": 38.7212524414,
        "dmean2": 52.9726486206,
        "dvar": 4597.02734375,
        "dvar2": 8479.45019531,
        "max": 775.637390137,
        "mean": 65.0043411255,
        "median": 29.7923965454,
        "min": -0.733118772507,
        "var": 8789.11230469
    },
    "melbands_skewness": {
        "dmean": 1.72629129887,
        "dmean2": 2.44029021263,
        "dvar": 4.91489601135,
        "dvar2": 9.092420578,
        "max": 20.2124710083,
        "mean": 5.9176440239,
        "median": 4.82941198349,
        "min": 0.588327348232,
        "var": 10.7019920349
    },
    "melbands_spread": {
        "dmean": 8.32461071014,
        "dmean2": 13.3354349136,
        "dvar": 119.996505737,
        "dvar2": 295.036529541,
        "max": 163.888504028,
        "mean": 17.5814857483,
        "median": 13.3882961273,
        "min": 0.275449186563,
        "var": 270.396850586
    },
    "pitch_salience": {
        "dmean": 0.101595945656,
        "dmean2": 0.159552574158,
        "dvar": 0.0125893875957,
        "dvar2": 0.025382347405,
        "max": 0.804863095284,
        "mean": 0.44582515955,
        "median": 0.483538508415,
        "min": 0.0615925118327,
        "var": 0.0234377477318
    },
    "silence_rate_20dB": {
        "dmean": 0,
        "dmean2": 0,
        "dvar": 0,
        "dvar2": 0,
        "max": 1,
        "mean": 1,
        "median": 1,
        "min": 1,
        "var": 0
    },
    "silence_rate_30dB": {
        "dmean": 0.114639811218,
        "dmean2": 0.229368463159,
        "dvar": 0.101496562362,
        "dvar2": 0.224803388119,
        "max": 1,
        "mean": 0.897793292999,
        "median": 1,
        "min": 0,
        "var": 0.0917628780007
    },
    "silence_rate_60dB": {
        "dmean": 0.00154918665066,
        "dmean2": 0.00309957377613,
        "dvar": 0.00154677091632,
        "dvar2": 0.00386484875344,
        "max": 1,
        "mean": 0.00813008099794,
        "median": 0,
        "min": 0,
        "var": 0.00806369073689
    },
    "spectral_centroid": {
        "dmean": 373.63104248,
        "dmean2": 603.602661133,
        "dvar": 172557.234375,
        "dvar2": 402726,
        "max": 4445.07226562,
        "mean": 1675.34399414,
        "median": 1743.18811035,
        "min": 108.530647278,
        "var": 741030.625
    },
    "spectral_complexity": {
        "dmean": 7.21068954468,
        "dmean2": 11.040681839,
        "dvar": 61.7174797058,
        "dvar2": 131.06539917,
        "max": 60,
        "mean": 23.9775447845,
        "median": 23,
        "min": 0,
        "var": 173.694976807
    },
    "spectral_decrease": {
        "dmean": 4.69491290289e-09,
        "dmean2": 6.31186836131e-09,
        "dvar": 2.473574434e-17,
        "dvar2": 4.95125763954e-17,
        "max": -2.43477601362e-13,
        "mean": -1.62244706559e-08,
        "median": -1.48200376415e-08,
        "min": -4.19298267218e-08,
        "var": 5.98261091181e-17
    },
    "spectral_energy": {
        "dmean": 0.0185582209378,
        "dmean2": 0.0245765987784,
        "dvar": 0.000365290587069,
        "dvar2": 0.000746736302972,
        "max": 0.1772852391,
        "mean": 0.0650018751621,
        "median": 0.0600404292345,
        "min": 9.30154556045e-07,
        "var": 0.000922457722481
    },
    "spectral_energyband_high": {
        "dmean": 0.0021199407056,
        "dmean2": 0.00312464637682,
        "dvar": 9.40608424571e-06,
        "dvar2": 2.10461330425e-05,
        "max": 0.0287059303373,
        "mean": 0.0039515751414,
        "median": 0.00223063956946,
        "min": 8.63553939467e-09,
        "var": 2.21959599003e-05
    },
    "spectral_energyband_low": {
        "dmean": 0.0175036098808,
        "dmean2": 0.0245937071741,
        "dvar": 0.000442878314061,
        "dvar2": 0.000861089734826,
        "max": 0.153356313705,
        "mean": 0.0487948134542,
        "median": 0.04186309129,
        "min": 8.65936101491e-07,
        "var": 0.000890072376933
    },
    "spectral_energyband_middle_high": {
        "dmean": 0.00182678108104,
        "dmean2": 0.00290448311716,
        "dvar": 4.60609044239e-06,
        "dvar2": 1.12299276225e-05,
        "max": 0.0195501744747,
        "mean": 0.00408064574003,
        "median": 0.00336928921752,
        "min": 3.63551588833e-09,
        "var": 1.11764920803e-05
    },
    "spectral_energyband_middle_low": {
        "dmean": 0.00593464728445,
        "dmean2": 0.00970632396638,
        "dvar": 7.10363892722e-05,
        "dvar2": 0.000180391245522,
        "max": 0.0963512137532,
        "mean": 0.0132067790255,
        "median": 0.0105960723013,
        "min": 3.54260514257e-08,
        "var": 0.0001138910593
    },
    "spectral_entropy": {
        "dmean": 0.22886197269,
        "dmean2": 0.355933666229,
        "dvar": 0.103658311069,
        "dvar2": 0.220692887902,
        "max": 8.48574829102,
        "mean": 7.80894231796,
        "median": 7.98732089996,
        "min": 5.76428937912,
        "var": 0.274436026812
    },
    "spectral_flux": {
        "dmean": 0.0541725605726,
        "dmean2": 0.0778109654784,
        "dvar": 0.00219206348993,
        "dvar2": 0.00474734604359,
        "max": 0.36880916357,
        "mean": 0.117951527238,
        "median": 0.0981741845608,
        "min": 0.000964445178397,
        "var": 0.00463540898636
    },
    "spectral_kurtosis": {
        "dmean": 1.09790074825,
        "dmean2": 1.80376541615,
        "dvar": 3.73382353783,
        "dvar2": 8.52782344818,
        "max": 24.498878479,
        "mean": 1.40138959885,
        "median": 0.673657417297,
        "min": -0.92085647583,
        "var": 6.11353063583
    },
    "spectral_rms": {
        "dmean": 0.00112989870831,
        "dmean2": 0.0014687863877,
        "dvar": 1.24210941976e-06,
        "dvar2": 2.54448582382e-06,
        "max": 0.0131514715031,
        "mean": 0.00771656399593,
        "median": 0.00765349762514,
        "min": 3.01242071146e-05,
        "var": 3.87127420254e-06
    },
    "spectral_rolloff": {
        "dmean": 839.445007324,
        "dmean2": 1431.67053223,
        "dvar": 1676033.25,
        "dvar2": 3952568.25,
        "max": 7988.81835938,
        "mean": 1309.48156738,
        "median": 452.197265625,
        "min": 64.599609375,
        "var": 3141318.75
    },
    "spectral_skewness": {
        "dmean": 0.220372036099,
        "dmean2": 0.347116619349,
        "dvar": 0.102981954813,
        "dvar2": 0.213125869632,
        "max": 3.84669566154,
        "mean": 0.92788541317,
        "median": 0.797876358032,
        "min": 0.0146657796577,
        "var": 0.260197401047
    },
    "spectral_spread": {
        "dmean": 632233.375,
        "dmean2": 959157.625,
        "dvar": 511437799424,
        "dvar2": 1.06849861632e+12,
        "max": 15829025,
        "mean": 5555449,
        "median": 5637162.5,
        "min": 2166478.5,
        "var": 1.35495575142e+12
    },
    "spectral_strongpeak": {
        "dmean": 0.226316154003,
        "dmean2": 0.360733509064,
        "dvar": 0.150485292077,
        "dvar2": 0.414375066757,
        "max": 10.4907131195,
        "mean": 0.499446690083,
        "median": 0.452514797449,
        "min": 0,
        "var": 0.149044945836
    },
    "zerocrossingrate": {
        "dmean": 0.0134112816304,
        "dmean2": 0.0161562263966,
        "dvar": 0.000133017980261,
        "dvar2": 0.000170414743479,
        "max": 0.232421875,
        "mean": 0.0562088638544,
        "median": 0.05029296875,
        "min": 0.00244140625,
        "var": 0.00136734184343
    },
    "barkbands": {
        "dmean": [0.00138147699181, 0.0158371981233, 0.00644441088662, 0.00405856687576, 0.00177384645212, 0.000506914453581, 0.000233782324358, 0.000828259682748, 0.000290030642645, 0.000366392487194, 0.000249593897024, 0.000169356630067, 0.000237196640228, 0.000162345808349, 0.000264030764811, 0.000216013067984, 0.000211476915865, 0.000248315365752, 0.000332139781676, 0.000492055842187, 0.000376136187697, 0.000495664367918, 0.000579155923333, 0.000487639306812, 0.000234009727137, 2.06751423093e-07, 2.79611511722e-09],
        "dmean2": [0.00209341081791, 0.0230027642101, 0.0110759995878, 0.00674320105463, 0.003168865107, 0.000836302060634, 0.000360166915925, 0.00125922064763, 0.00047199591063, 0.000561476277653, 0.000402201054385, 0.000287662056508, 0.000419039046392, 0.000254233425949, 0.000453894055681, 0.000357968121534, 0.000345535372617, 0.000410144159105, 0.000556286773644, 0.000802524620667, 0.000595620716922, 0.000760581577197, 0.000919787213206, 0.000749526370782, 0.000364971754607, 3.26813733409e-07, 5.1446300553e-09],
        "dvar": [4.51548521596e-06, 0.000446015648777, 0.00016935862368, 3.52275274054e-05, 1.1481065485e-05, 4.64990563387e-07, 9.05793342554e-08, 1.41733812598e-06, 2.68406324722e-07, 3.64093978078e-07, 1.33179739237e-07, 4.91480669496e-08, 1.61098412832e-07, 6.19392608314e-08, 1.72662154796e-07, 9.08654698151e-08, 7.51237934082e-08, 1.35509196753e-07, 1.87017818121e-07, 5.84907070333e-07, 2.93252924166e-07, 5.71837631469e-07, 9.3717613936e-07, 6.1129048845e-07, 2.60247418282e-07, 2.28067646149e-13, 1.02997370045e-17],
        "dvar2": [1.04804839793e-05, 0.000786330550909, 0.000449444021797, 9.10792005016e-05, 3.20065300912e-05, 1.20098832213e-06, 2.05314975688e-07, 3.25092923958e-06, 5.64586628116e-07, 6.98730787008e-07, 2.9525679679e-07, 1.2637093505e-07, 4.58328486275e-07, 1.45651213757e-07, 4.91059381602e-07, 2.35076882404e-07, 1.93728695308e-07, 3.38597743621e-07, 5.14060900514e-07, 1.43494924032e-06, 7.3037688253e-07, 1.35197728923e-06, 2.22639437197e-06, 1.30376668039e-06, 5.22108791756e-07, 4.43757552405e-13, 3.18336951495e-17],
        "max": [0.0250491052866, 0.139572113752, 0.0781965851784, 0.0449181869626, 0.04174663499, 0.00634917570278, 0.00424805190414, 0.0110632553697, 0.008101711981, 0.00926180463284, 0.00638450216502, 0.00239819148555, 0.00358272111043, 0.00561556825414, 0.00554363289848, 0.00381837971509, 0.00349863478914, 0.0041353921406, 0.0055779684335, 0.0122211854905, 0.00592845352367, 0.0161714553833, 0.0176136642694, 0.00925317965448, 0.00428092945367, 4.30138970842e-06, 2.92768636001e-08],
        "mean": [0.00255101849325, 0.0341158360243, 0.00719216559082, 0.00800669565797, 0.00208216835745, 0.000844979367685, 0.00042821286479, 0.00130409328267, 0.000438185059465, 0.000636270910036, 0.000387943204259, 0.000257299921941, 0.000283724191831, 0.000233349972405, 0.00034800262074, 0.000337325356668, 0.000324043881847, 0.000362163002137, 0.000570430303924, 0.000727877486497, 0.000644246407319, 0.00084044696996, 0.000939181481954, 0.000784990610555, 0.000360940088285, 2.68680338422e-07, 2.31672991902e-09],
        "median": [0.000805501127616, 0.0245589781553, 0.00371323851869, 0.0040737981908, 0.00111915054731, 0.000524040136952, 0.000265323120402, 0.000776427274104, 0.000168701211805, 0.00024751163437, 0.000191799816093, 0.00016173516633, 0.000144787656609, 0.000136104645208, 0.000197527289856, 0.000219030029257, 0.0002124740422, 0.000227378011914, 0.000390568660805, 0.000360389094567, 0.000387995125493, 0.000464933284093, 0.000375501665985, 0.000298372993711, 8.11342033558e-05, 4.98848855557e-08, 1.12161480104e-09],
        "min": [1.80691053231e-08, 6.7657362024e-07, 3.82444191871e-08, 1.92113027708e-08, 1.02004014124e-08, 2.74478262341e-09, 9.75552971738e-10, 1.81475323657e-09, 3.90572379994e-10, 2.69568894984e-10, 1.87791920903e-10, 3.14533288304e-10, 2.05589767432e-10, 1.42959616367e-10, 2.09097905657e-10, 1.88698986991e-10, 1.44990575102e-10, 6.1487392955e-10, 8.22678203338e-10, 1.46483780661e-09, 1.43947387343e-09, 1.62313829044e-09, 1.24261090306e-09, 2.99115243685e-09, 3.78380216048e-10, 1.02548178282e-11, 1.7690841847e-11],
        "var": [1.19218229884e-05, 0.000749093829654, 0.000124968253658, 6.35476317257e-05, 9.04106218513e-06, 7.76116905854e-07, 2.31577203635e-07, 2.26230213229e-06, 6.10822269209e-07, 1.1770864603e-06, 3.62875226756e-07, 8.19827263854e-08, 1.55715923711e-07, 9.48263050304e-08, 2.1099626224e-07, 1.52103339701e-07, 1.31596493702e-07, 1.81007948186e-07, 3.76220754106e-07, 9.71995177679e-07, 5.71642601699e-07, 1.15226032449e-06, 2.15104705603e-06, 1.29145689698e-06, 4.3480235945e-07, 3.35679915938e-13, 9.15466757384e-18]
    },
    "erbbands": {
        "dmean": [0.496706664562, 3.61929869652, 7.08449649811, 10.6321849823, 8.81473922729, 4.82557249069, 5.54754066467, 3.62359142303, 3.77103424072, 7.80482387543, 17.3974571228, 8.23780822754, 5.92221021652, 13.2817144394, 11.155040741, 7.99401140213, 10.3207826614, 9.10705471039, 12.7279319763, 11.7540369034, 10.0892724991, 10.0762500763, 12.7786073685, 16.2815589905, 19.2180976868, 24.1410007477, 17.754743576, 13.0465917587, 17.6623058319, 16.4107666016, 19.5323505402, 12.241689682, 7.299888134, 4.7578663826, 0.372646898031, 0.0160938687623, 0.000771970953792, 9.69076863839e-05, 2.66465140157e-05, 2.55067880062e-05],
        "dmean2": [0.698578357697, 5.20591545105, 11.3120088577, 17.5172328949, 15.1447868347, 8.61683368683, 9.12475204468, 6.13664913177, 5.68938589096, 11.3613996506, 27.11054039, 13.0041246414, 9.49903774261, 20.631477356, 17.7036743164, 13.4130516052, 18.1658229828, 14.7282361984, 21.9086933136, 20.0822353363, 16.7795410156, 16.3809337616, 21.0700302124, 27.4725761414, 31.7163772583, 39.3828964233, 28.2967815399, 20.5186634064, 27.6601676941, 25.8553638458, 31.5344161987, 19.1936702728, 11.150177002, 7.40126466751, 0.575370848179, 0.0247742310166, 0.00116353027988, 0.000144023782923, 3.78018485208e-05, 3.34798533004e-05],
        "dvar": [0.368893176317, 26.1374835968, 177.854019165, 257.731323242, 247.094207764, 84.6369018555, 63.4329566956, 26.1668796539, 22.7520656586, 107.633895874, 831.408813477, 209.235336304, 67.1275558472, 514.879943848, 284.426208496, 115.230499268, 288.921875, 184.020126343, 477.704406738, 278.866851807, 169.135681152, 176.488739014, 369.93649292, 551.368774414, 646.381652832, 1478.78015137, 642.288085938, 384.457427979, 799.51348877, 581.583984375, 1196.74230957, 366.066101074, 176.360336304, 113.264694214, 0.641056716442, 0.00120118423365, 2.60970500676e-06, 3.59412695161e-08, 1.81022241641e-09, 7.38238359332e-10],
        "dvar2": [0.840750992298, 43.9979248047, 454.620544434, 667.798034668, 667.118103027, 238.841171265, 164.847183228, 66.8657531738, 50.3349761963, 223.783096313, 1907.82446289, 433.32598877, 137.258666992, 1020.21618652, 611.02532959, 293.709960938, 810.552429199, 438.284423828, 1363.33325195, 724.543029785, 435.022949219, 440.495391846, 927.387817383, 1466.7232666, 1746.85107422, 3770.69189453, 1555.3013916, 934.917480469, 1926.38952637, 1417.86938477, 2909.41259766, 840.127685547, 340.559997559, 230.930770874, 1.23453855515, 0.00232881796546, 5.10475456394e-06, 7.09207839122e-08, 3.57522056404e-09, 1.51592571829e-09],
        "max": [4.25988721848, 36.3867683411, 91.6591873169, 116.361717224, 212.867874146, 84.9091339111, 73.9199447632, 62.5431632996, 66.6009674072, 136.53288269, 288.224060059, 226.033111572, 160.043869019, 343.206298828, 314.430145264, 119.784606934, 153.931900024, 287.087493896, 306.361419678, 251.312515259, 172.484588623, 178.141372681, 222.159973145, 254.977020264, 307.242980957, 722.832336426, 531.379577637, 224.754974365, 500.279296875, 445.344940186, 619.978027344, 361.13583374, 129.870773315, 93.8938827515, 7.40542936325, 0.320741683245, 0.0142025249079, 0.001593781868, 0.000382959784474, 0.000298181868857],
        "mean": [0.823671281338, 7.976375103, 10.7442998886, 20.7676696777, 13.8721103668, 5.45675802231, 8.0337638855, 5.50981235504, 7.31815433502, 14.0009040833, 24.6897010803, 13.6628055573, 10.0809583664, 22.1475582123, 19.0221061707, 13.1147909164, 13.3622150421, 13.9219608307, 17.1343708038, 18.0524101257, 16.9563388824, 16.1428813934, 20.1460571289, 24.6811580658, 32.1698150635, 36.0041389465, 30.0506324768, 22.9141616821, 29.1013813019, 27.5274124146, 30.2904529572, 19.2833061218, 11.7731294632, 7.40378284454, 0.569008588791, 0.0249486751854, 0.00126135919709, 0.000164845521795, 6.74689363223e-05, 8.60701038619e-05],
        "median": [0.481330096722, 6.11939144135, 7.58393573761, 11.7746543884, 7.65695858002, 2.95301580429, 4.03262233734, 3.24630856514, 4.48216676712, 8.31808376312, 12.9202213287, 5.88487863541, 5.32509279251, 8.96788215637, 9.75057506561, 8.45254230499, 7.32323980331, 8.94481182098, 9.40575218201, 11.2319574356, 12.2428665161, 10.7949438095, 13.205321312, 15.1336278915, 20.9012336731, 18.0685596466, 15.634431839, 14.7612876892, 15.8498668671, 14.2806835175, 11.57081604, 7.63441371918, 4.32095479965, 1.74662435055, 0.145426288247, 0.00653937878087, 0.000397885218263, 6.27483823337e-05, 5.00272471982e-05, 7.9773577454e-05],
        "min": [2.90549633064e-05, 0.00011274083954, 7.87826065789e-05, 5.77971186431e-05, 2.64724658336e-05, 3.64408588212e-05, 5.48355055798e-05, 2.08430610655e-05, 1.72860291059e-05, 2.05808300962e-05, 4.11377368437e-05, 1.11950148494e-05, 6.7030646278e-06, 7.79433867137e-06, 8.13640963315e-06, 1.46346910697e-05, 9.66995594354e-06, 8.01382884674e-06, 9.14134579943e-06, 1.17991403386e-05, 1.07451342046e-05, 1.15183102025e-05, 3.68721739505e-05, 2.37997883232e-05, 5.56996237719e-05, 6.59071665723e-05, 6.76742711221e-05, 5.34981118108e-05, 5.20089306519e-05, 6.44236934022e-05, 3.30011171172e-05, 5.96310128458e-05, 4.47715901828e-05, 9.53839844442e-06, 4.84073439111e-07, 5.29015409256e-08, 2.50208689323e-08, 7.65635732591e-09, 2.65402944066e-09, 1.33640343236e-09],
        "var": [0.636424779892, 42.932888031, 161.772384644, 403.520843506, 289.475311279, 57.9160995483, 94.9582214355, 37.6218452454, 64.8266067505, 265.935058594, 1223.44458008, 513.465759277, 171.553253174, 1545.67956543, 876.549377441, 209.058578491, 296.420806885, 288.85534668, 565.272888184, 428.762664795, 292.4112854, 306.262359619, 530.371337891, 804.766723633, 1234.14099121, 2431.28393555, 1588.32470703, 705.802246094, 1437.93823242, 1249.67102051, 2456.01953125, 781.734375, 334.996734619, 184.340164185, 1.05732083321, 0.00199429993518, 4.4919092943e-06, 6.53527791883e-08, 3.76956554859e-09, 1.97104887967e-09]
    },
    "gfcc": {
        "mean": [22.0521316528, 98.5730285645, -111.141113281, 86.2928161621, -67.9004516602, 40.8708877563, -25.5565166473, 10.8218317032, -6.16691255569, -11.2528905869, 2.1224257946, -20.0903968811, 1.50480031967],
        "cov": [[4535.44238281, -1530.70727539, -780.360839844, 231.707641602, -511.659667969, 285.166931152, -409.098419189, 214.882751465, -399.633392334, 100.750343323, -225.578308105, 17.8836040497, -184.313293457], [-1530.70727539, 1189.72497559, 175.594009399, -296.654571533, 206.996154785, -331.655151367, 193.132034302, -154.903579712, 202.492111206, -112.145637512, 91.9574890137, -27.6029720306, 98.2076187134], [-780.360839844, 175.594009399, 605.259765625, 6.36175012589, -17.0464248657, -43.2051811218, 15.8254203796, 8.65804481506, 50.0116729736, -1.8178845644, 32.5442810059, 2.50660514832, 29.7361717224], [231.707641602, -296.654571533, 6.36175012589, 200.631866455, 12.8943223953, 60.6701927185, -30.1511459351, -10.7088403702, -13.5224752426, 37.7641067505, -0.335878223181, 5.81269407272, -19.3991012573], [-511.659667969, 206.996154785, -17.0464248657, 12.8943223953, 243.162033081, -10.0812616348, 69.3094482422, -54.5404434204, 69.1503372192, 4.38573312759, 62.7440834045, 6.00863075256, 40.0036888123], [285.166931152, -331.655151367, -43.2051811218, 60.6701927185, -10.0812616348, 181.646255493, -10.4891786575, 44.5857124329, -47.957359314, 31.3384933472, -5.79838705063, 19.7522792816, -9.27822208405], [-409.098419189, 193.132034302, 15.8254203796, -30.1511459351, 69.3094482422, -10.4891786575, 145.087005615, 1.59971129894, 77.2696380615, -15.9987335205, 37.1614112854, 5.59693479538, 27.078037262], [214.882751465, -154.903579712, 8.65804481506, -10.7088403702, -54.5404434204, 44.5857124329, 1.59971129894, 129.73399353, -9.46817874908, 22.5989437103, -16.6748371124, 6.79376220703, -3.81061053276], [-399.633392334, 202.492111206, 50.0116729736, -13.5224752426, 69.1503372192, -47.957359314, 77.2696380615, -9.46817874908, 149.664230347, 18.2905788422, 37.1007957458, -8.63343524933, 9.99698829651], [100.750343323, -112.145637512, -1.8178845644, 37.7641067505, 4.38573312759, 31.3384933472, -15.9987335205, 22.5989437103, 18.2905788422, 63.9754562378, 15.6625118256, -0.47334626317, -12.7901144028], [-225.578308105, 91.9574890137, 32.5442810059, -0.335878223181, 62.7440834045, -5.79838705063, 37.1614112854, -16.6748371124, 37.1007957458, 15.6625118256, 65.8844680786, 25.2692604065, 21.9622764587], [17.8836040497, -27.6029720306, 2.50660514832, 5.81269407272, 6.00863075256, 19.7522792816, 5.59693479538, 6.79376220703, -8.63343524933, -0.47334626317, 25.2692604065, 59.095287323, 33.6557693481], [-184.313293457, 98.2076187134, 29.7361717224, -19.3991012573, 40.0036888123, -9.27822208405, 27.078037262, -3.81061053276, 9.99698829651, -12.7901144028, 21.9622764587, 33.6557693481, 62.8380088806]],
        "icov": [[0.000710393826012, 0.000196240885998, 0.000801666290499, -0.000379061093554, 0.000795666535851, 5.14641615155e-05, 0.000791746133473, -0.000545778428204, 0.000430911575677, -0.000330623995978, 0.000323190557538, -0.000573541561607, 0.00046577557805], [0.000196240885998, 0.0173085574061, -0.00246669212356, 0.0168939847499, -0.0053682345897, 0.0171415638179, -0.00756937544793, 0.010334760882, -0.00604233890772, 0.00803142692894, -0.00724740372971, 0.00865313969553, -0.00976123847067], [0.000801666290499, -0.00246669212356, 0.00326461298391, -0.00362631794997, 0.0026443193201, -0.00246295356192, 0.002690971829, -0.00273701874539, 0.000654764007777, -0.000673601229209, -0.000547058822121, -0.000440646777861, 0.000355435768142], [-0.000379061093554, 0.0168939847499, -0.00362631794997, 0.0237775500864, -0.00707098655403, 0.0152042647824, -0.00787356309593, 0.0125898523256, -0.00597806181759, 0.00414119381458, -0.00478651048616, 0.00617477064952, -0.00739589612931], [0.000795666535851, -0.0053682345897, 0.0026443193201, -0.00707098655403, 0.0104191666469, -0.00664764922112, 0.0027804041747, -0.0020454057958, 0.000739076291211, -0.00211550318636, -0.00366629776545, 0.00165303517133, -0.00179946573917], [5.14641615155e-05, 0.0171415638179, -0.00246295356192, 0.0152042647824, -0.00664764922112, 0.025810264051, -0.0103147523478, 0.00840376038104, -0.00209670094773, 0.00349055696279, -0.00485881930217, 0.00479096733034, -0.00760615756735], [0.000791746133473, -0.00756937544793, 0.002690971829, -0.00787356309593, 0.0027804041747, -0.0103147523478, 0.0183627884835, -0.00813773367554, -0.00378617388196, 0.00485415710136, -0.00339462002739, -0.000985775259323, 0.00205352739431], [-0.000545778428204, 0.010334760882, -0.00273701874539, 0.0125898523256, -0.0020454057958, 0.00840376038104, -0.00813773367554, 0.0182079449296, -0.00371592538431, -0.00142937898636, 0.000571348238736, 0.00313096260652, -0.00699338130653], [0.000430911575677, -0.00604233890772, 0.000654764007777, -0.00597806181759, 0.000739076291211, -0.00209670094773, -0.00378617388196, -0.00371592538431, 0.0161019917578, -0.0106853516772, 0.00272143003531, -0.00268459692597, 0.00492814928293], [-0.000330623995978, 0.00803142692894, -0.000673601229209, 0.00414119381458, -0.00211550318636, 0.00349055696279, 0.00485415710136, -0.00142937898636, -0.0106853516772, 0.0349818356335, -0.0181084349751, 0.0101180225611, -0.00251086987555], [0.000323190557538, -0.00724740372971, -0.000547058822121, -0.00478651048616, -0.00366629776545, -0.00485881930217, -0.00339462002739, 0.000571348238736, 0.00272143003531, -0.0181084349751, 0.0404647365212, -0.0222405139357, 0.00782045628875], [-0.000573541561607, 0.00865313969553, -0.000440646777861, 0.00617477064952, 0.00165303517133, 0.00479096733034, -0.000985775259323, 0.00313096260652, -0.00268459692597, 0.0101180225611, -0.0222405139357, 0.0419737324119, -0.0250427555293], [0.00046577557805, -0.00976123847067, 0.000355435768142, -0.00739589612931, -0.00179946573917, -0.00760615756735, 0.00205352739431, -0.00699338130653, 0.00492814928293, -0.00251086987555, 0.00782045628875, -0.0250427555293, 0.038182143122]]
    },
    "melbands": {
        "dmean": [0.0044631245546, 0.00364864314906, 0.00169946800452, 0.000466360506834, 0.0001872695575, 8.26327959658e-05, 5.48534299014e-05, 0.000106203071482, 0.00012930604862, 4.82457289763e-05, 2.97708920698e-05, 5.66205526411e-05, 3.52271927113e-05, 2.28908738791e-05, 1.91960261873e-05, 2.43480935751e-05, 1.78432692337e-05, 1.88570065802e-05, 1.67926100403e-05, 1.86044271686e-05, 1.14788017527e-05, 1.04100208773e-05, 1.36548942464e-05, 1.13974092528e-05, 1.40221654874e-05, 1.38306477311e-05, 1.65064557223e-05, 1.61900279636e-05, 1.18752514027e-05, 9.91789875116e-06, 7.0583755587e-06, 1.04139089672e-05, 1.05075187093e-05, 8.76799731486e-06, 1.27978246383e-05, 8.6145100795e-06, 7.21291098671e-06, 4.83208896185e-06, 5.83384371566e-06, 3.54978578798e-06],
        "dmean2": [0.00624173087999, 0.00513414200395, 0.00276989280246, 0.000830305390991, 0.000313580705551, 0.000138709539897, 8.3020880993e-05, 0.000156178648467, 0.000201883682166, 7.70303959143e-05, 4.79243644804e-05, 8.75751138665e-05, 5.69408766751e-05, 3.76300522476e-05, 3.34956785082e-05, 4.25318467023e-05, 2.85709247692e-05, 3.24651991832e-05, 2.8770251447e-05, 3.09716633637e-05, 1.91517592611e-05, 1.71051597135e-05, 2.26228239626e-05, 1.90856517293e-05, 2.38695793087e-05, 2.32808233704e-05, 2.72466368187e-05, 2.65449398285e-05, 1.89721322386e-05, 1.63646727742e-05, 1.11393146653e-05, 1.67451253219e-05, 1.61760726769e-05, 1.41593291119e-05, 2.10876587516e-05, 1.3538838175e-05, 1.15715474749e-05, 7.50697881813e-06, 8.880239875e-06, 5.65809705222e-06],
        "dvar": [3.08136004605e-05, 3.07725968014e-05, 6.26773362455e-06, 8.02381180165e-07, 7.56899538601e-08, 1.31383153246e-08, 4.84649032018e-09, 1.92707307889e-08, 4.58910065504e-08, 9.00985330787e-09, 1.71119451942e-09, 9.92251170118e-09, 2.63184052329e-09, 9.14519626694e-10, 1.00546748705e-09, 1.55133339508e-09, 8.33900004604e-10, 9.67869895341e-10, 5.94685189981e-10, 7.46703532339e-10, 2.18339735181e-10, 1.88215235064e-10, 3.3482341899e-10, 3.23363641419e-10, 4.27535479242e-10, 3.83994169795e-10, 6.40363484461e-10, 6.56970422508e-10, 3.12207815156e-10, 2.46854203745e-10, 1.09565335971e-10, 3.14512249577e-10, 4.08385852912e-10, 1.7541700037e-10, 6.19671147728e-10, 1.72032638135e-10, 1.32847455259e-10, 6.67137178834e-11, 1.55285714842e-10, 6.60138541053e-11],
        "dvar2": [5.97251055297e-05, 6.96151109878e-05, 1.61268635566e-05, 2.22134804062e-06, 2.05734039582e-07, 3.33746612569e-08, 1.06551745205e-08, 4.15223375683e-08, 1.04414418445e-07, 1.83772570495e-08, 3.52192541797e-09, 1.94409164322e-08, 5.94747451288e-09, 2.15846074347e-09, 2.81499579202e-09, 4.36982938723e-09, 1.96125138352e-09, 2.72615086061e-09, 1.63819779964e-09, 1.96994576207e-09, 5.65668289987e-10, 4.72830719023e-10, 8.57208803939e-10, 8.08717759426e-10, 1.15192522188e-09, 1.06429076663e-09, 1.60127355819e-09, 1.68773761633e-09, 7.26321669475e-10, 6.47132958331e-10, 2.55539756022e-10, 7.60639717878e-10, 9.4994734301e-10, 4.48759335248e-10, 1.56161406029e-09, 3.92205462552e-10, 3.11689229981e-10, 1.32805280662e-10, 3.35700772736e-10, 1.33198743701e-10],
        "max": [0.0362290218472, 0.0396538898349, 0.0189057588577, 0.0112823983654, 0.00247751059942, 0.00132651347667, 0.000989161198959, 0.00169076898601, 0.00212185131386, 0.00151712575462, 0.000800093519501, 0.00152526143938, 0.000856427301187, 0.000398448115448, 0.000295485777315, 0.000422438199166, 0.000657068972941, 0.000431425520219, 0.000277810904663, 0.000314020813676, 0.000160380834132, 0.000190515129361, 0.000197981091333, 0.000204677868169, 0.000229620054597, 0.000266177929007, 0.000263324967818, 0.000485025462694, 0.000554345315322, 0.00018948536308, 0.000130894040922, 0.000354925170541, 0.000710282358341, 0.000211734921322, 0.000486913981149, 0.000127618463011, 0.000219204026507, 0.000112498768431, 0.000112455221824, 7.58675305406e-05],
        "mean": [0.00888208951801, 0.00780775398016, 0.00336153036915, 0.000607436522841, 0.000257883570157, 0.000131960230647, 0.000104567036033, 0.000181344585144, 0.000179183116416, 7.8956145444e-05, 4.92825420224e-05, 9.25874046516e-05, 5.48745665583e-05, 4.04722231906e-05, 2.56582770817e-05, 2.99625626212e-05, 2.53974430962e-05, 2.53849048022e-05, 2.20333895413e-05, 2.83177123492e-05, 1.82048843271e-05, 1.54544923134e-05, 2.09098016057e-05, 1.61975858646e-05, 1.95925531443e-05, 2.31576250371e-05, 2.31170342886e-05, 2.33354348893e-05, 1.95632437681e-05, 1.53768669406e-05, 1.21594748634e-05, 1.632144631e-05, 1.68291680893e-05, 1.39180292535e-05, 1.91450635612e-05, 1.32251498144e-05, 1.0853996173e-05, 7.62089348427e-06, 8.55911366671e-06, 5.47639683646e-06],
        "median": [0.0059932670556, 0.00607616826892, 0.0020450388547, 0.000305805267999, 0.000135836613481, 7.83271534601e-05, 6.30802242085e-05, 0.000105743994936, 8.93789256224e-05, 3.01994004985e-05, 2.48223241215e-05, 3.36676457664e-05, 2.79107771348e-05, 2.42801961576e-05, 1.65441670106e-05, 1.4795397874e-05, 1.44026789712e-05, 1.41315467772e-05, 1.25649057736e-05, 1.71653900907e-05, 1.27825505842e-05, 9.61633941188e-06, 1.41580803756e-05, 9.53938615567e-06, 1.10730725282e-05, 1.45407175296e-05, 1.18129855764e-05, 1.14637341539e-05, 9.28736972128e-06, 9.00253144209e-06, 7.64806463849e-06, 8.84592191142e-06, 7.89218302089e-06, 6.85699615133e-06, 6.94502205079e-06, 5.13328723173e-06, 4.07616926168e-06, 2.85206419903e-06, 2.3188420073e-06, 1.14621252578e-06],
        "min": [2.3056689713e-07, 7.92412961914e-08, 8.97048035853e-09, 1.68131664147e-09, 2.14762629902e-09, 4.59995458391e-10, 2.51521747874e-10, 2.52347642782e-10, 3.15020204367e-10, 4.90773290063e-11, 3.24461499335e-11, 3.22513925288e-11, 2.62642008836e-11, 3.4293363288e-11, 2.29593340867e-11, 2.66354629325e-11, 1.15526364516e-11, 1.43491199825e-11, 1.37585949578e-11, 1.52277600252e-11, 1.11638719102e-11, 7.67107211086e-12, 3.09445177815e-11, 2.55983914621e-11, 1.7236082353e-11, 3.46112062621e-11, 4.3799831817e-11, 4.57520410446e-11, 4.18721758655e-11, 3.93277875543e-11, 2.63946278029e-11, 2.50945150077e-11, 4.00871801032e-11, 3.42923814345e-11, 1.93430532008e-11, 1.67357811637e-11, 4.22572671299e-11, 3.44175590805e-11, 2.01205215683e-11, 3.68549375046e-12],
        "var": [5.50753429707e-05, 4.36766495113e-05, 9.76842966338e-06, 6.84088490743e-07, 9.42401925386e-08, 2.09146584496e-08, 1.38895766e-08, 4.35202238691e-08, 6.8272690612e-08, 2.22511129522e-08, 4.38071223741e-09, 3.01077136555e-08, 6.69608679615e-09, 2.39015252035e-09, 9.67288249498e-10, 1.67891811564e-09, 1.23703447485e-09, 1.19591980763e-09, 7.50161377461e-10, 1.21145504739e-09, 3.53766987926e-10, 3.07992298332e-10, 5.32606514447e-10, 4.17133771968e-10, 5.72991099013e-10, 7.73377029084e-10, 8.74878780532e-10, 1.09861841846e-09, 8.97959984147e-10, 3.34470839913e-10, 2.20582177524e-10, 4.97385965748e-10, 7.44963757349e-10, 3.55815682473e-10, 1.21178289625e-09, 3.70296737717e-10, 2.56794363551e-10, 1.3247707098e-10, 2.39185171669e-10, 1.06481205797e-10]
    },
    "mfcc": {
        "mean": [-602.637512207, 87.1103057861, 33.509967804, 38.551902771, 13.1228408813, 19.2971935272, 10.6843118668, 15.0673456192, 7.56614542007, 11.4424905777, 3.12039637566, 4.47191810608, 3.70095252991],
        "cov": [[5315.22900391, -1841.57885742, -529.882568359, -326.952728271, -136.493041992, -109.878341675, 24.4817371368, -91.5205001831, -138.82194519, -16.4243068695, -45.2676506042, -140.218063354, -64.7769546509], [-1841.57885742, 1372.10131836, 22.1659660339, 110.028900146, -50.2314414978, -88.4159851074, -97.1929092407, 11.773182869, 43.0825958252, -33.5257415771, -20.3458995819, 15.0762138367, 11.062505722], [-529.882568359, 22.1659660339, 525.290893555, 34.2736320496, -1.40382659435, -51.8445167542, -16.0446777344, -5.74145364761, 18.7801685333, -18.337928772, 12.1826715469, 16.0054416656, 10.4860630035], [-326.952728271, 110.028900146, 34.2736320496, 169.779037476, 33.7921218872, 25.3625926971, -29.0189781189, -14.9713373184, -0.396600097418, -0.309130758047, 12.1038541794, 24.2800521851, 3.14811420441], [-136.493041992, -50.2314414978, -1.40382659435, 33.7921218872, 134.519073486, 53.9157867432, 20.313791275, -18.074010849, -7.43485021591, -0.148998320103, 10.9256753922, 10.5123920441, 6.57882022858], [-109.878341675, -88.4159851074, -51.8445167542, 25.3625926971, 53.9157867432, 151.984542847, 26.5008983612, 4.02183961868, -17.477180481, 14.1623859406, 6.69020223618, 17.7427940369, 6.87421798706], [24.4817371368, -97.1929092407, -16.0446777344, -29.0189781189, 20.313791275, 26.5008983612, 101.710250854, 25.7175331116, 7.60382795334, -13.2884273529, -2.98866891861, 5.42835235596, 3.18341183662], [-91.5205001831, 11.773182869, -5.74145364761, -14.9713373184, -18.074010849, 4.02183961868, 25.7175331116, 72.0598754883, 31.7930831909, 6.05312013626, 2.22182416916, 5.86868047714, 8.15109348297], [-138.82194519, 43.0825958252, 18.7801685333, -0.396600097418, -7.43485021591, -17.477180481, 7.60382795334, 31.7930831909, 70.8846359253, 20.4566020966, 16.7876548767, 11.8706150055, 6.58270978928], [-16.4243068695, -33.5257415771, -18.337928772, -0.309130758047, -0.148998320103, 14.1623859406, -13.2884273529, 6.05312013626, 20.4566020966, 74.1417922974, 28.1801834106, 15.9404468536, -0.426631003618], [-45.2676506042, -20.3458995819, 12.1826715469, 12.1038541794, 10.9256753922, 6.69020223618, -2.98866891861, 2.22182416916, 16.7876548767, 28.1801834106, 67.4761199951, 29.9448623657, 9.23992538452], [-140.218063354, 15.0762138367, 16.0054416656, 24.2800521851, 10.5123920441, 17.7427940369, 5.42835235596, 5.86868047714, 11.8706150055, 15.9404468536, 29.9448623657, 66.9154891968, 22.5406627655], [-64.7769546509, 11.062505722, 10.4860630035, 3.14811420441, 6.57882022858, 6.87421798706, 3.18341183662, 8.15109348297, 6.58270978928, -0.426631003618, 9.23992538452, 22.5406627655, 48.1724510193]],
