{
"lowlevel": {
    "average_loudness": 0.966685175896,
    "barkbands_crest": {
        "dmean": 1.9922055006,
        "dmean2": 3.10208511353,
        "dvar": 3.16386151314,
        "dvar2": 7.37415742874,
        "max": 24.5710220337,
        "mean": 11.4140968323,
        "median": 10.6021327972,
        "min": 3.48798632622,
        "var": 13.3147535324
    },
    "barkbands_flatness_db": {
        "dmean": 0.022422650829,
        "dmean2": 0.0298306941986,
        "dvar": 0.000568374525756,
        "dvar2": 0.000981090008281,
        "max": 0.372944295406,
        "mean": 0.24003611505,
        "median": 0.243910118937,
        "min": 0.0209516827017,
        "var": 0.00262998370454
    },
    "barkbands_kurtosis": {
        "dmean": 2.12203168869,
        "dmean2": 3.29306054115,
        "dvar": 13.1739139557,
        "dvar2": 27.0382461548,
        "max": 85.3798446655,
        "mean": 3.66704440117,
        "median": 1.68205118179,
        "min": -1.75859296322,
        "var": 52.9213676453
    },
    "barkbands_skewness": {
        "dmean": 0.44647359848,
        "dmean2": 0.670996010303,
        "dvar": 0.205742239952,
        "dvar2": 0.436836451292,
        "max": 7.09396600723,
        "mean": 0.937158823013,
        "median": 0.804328858852,
        "min": -1.54853284359,
        "var": 1.02292823792
    },
    "barkbands_spread": {
        "dmean": 1.86030769348,
        "dmean2": 2.82378196716,
        "dvar": 7.99086236954,
        "dvar2": 14.9234046936,
        "max": 71.2957458496,
        "mean": 9.06475639343,
        "median": 8.06744098663,
        "min": 0.63555586338,
        "var": 27.0085735321
    },
    "dissonance": {
        "dmean": 0.0402653776109,
        "dmean2": 0.0678799673915,
        "dvar": 0.00124070688616,
        "dvar2": 0.00325145060197,
        "max": 0.500000059605,
        "mean": 0.406414449215,
        "median": 0.411212563515,
        "min": 0.238271608949,
        "var": 0.00308907893486
    },
    "dynamic_complexity": 2.86088776588,
    "erbbands_crest": {
        "dmean": 2.99638748169,
        "dmean2": 4.70655202866,
        "dvar": 8.67675971985,
        "dvar2": 21.2752304077,
        "max": 32.3064041138,
        "mean": 17.329668045,
        "median": 16.6966304779,
        "min": 4.79055833817,
        "var": 37.4667015076
    },
    "erbbands_flatness_db": {
        "dmean": 0.0227858293802,
        "dmean2": 0.0313360020518,
        "dvar": 0.000539247761481,
        "dvar2": 0.000962221180089,
        "max": 0.401728063822,
        "mean": 0.252225905657,
        "median": 0.257746189833,
        "min": 0.066184155643,
        "var": 0.00266511249356
    },
    "erbbands_kurtosis": {
        "dmean": 2.65646481514,
        "dmean2": 4.1064696312,
        "dvar": 12.8863105774,
        "dvar2": 28.4348220825,
        "max": 62.6897888184,
        "mean": 5.17156362534,
        "median": 3.28237342834,
        "min": -1.67476558685,
        "var": 42.6029205322
    },
    "erbbands_skewness": {
        "dmean": 0.427335858345,
        "dmean2": 0.659089326859,
        "dvar": 0.180123180151,
        "dvar2": 0.382373183966,
        "max": 6.75254917145,
        "mean": 1.20324444771,
        "median": 1.16040384769,
        "min": -2.86329221725,
        "var": 1.22580313683
    },
    "erbbands_spread": {
        "dmean": 4.25984287262,
        "dmean2": 6.31342983246,
        "dvar": 39.7173347473,
        "dvar2": 80.0487518311,
        "max": 89.3841552734,
        "mean": 14.6644821167,
        "median": 12.1938314438,
        "min": 1.68648147583,
        "var": 104.961402893
    },
    "hfc": {
        "dmean": 3.95922732353,
        "dmean2": 5.74535417557,
        "dvar": 38.6047019958,
        "dvar2": 75.7705383301,
        "max": 107.153312683,
        "mean": 14.3351898193,
        "median": 11.8153400421,
        "min": 1.28958802748e-07,
        "var": 130.246658325
    },
    "melbands_crest": {
        "dmean": 2.56864118576,
        "dmean2": 4.14104795456,
        "dvar": 5.4643945694,
        "dvar2": 14.0788059235,
        "max": 31.4601173401,
        "mean": 14.6379871368,
        "median": 13.8653669357,
        "min": 5.92285776138,
        "var": 19.8714427948
    },
    "melbands_flatness_db": {
        "dmean": 0.0261428207159,
        "dmean2": 0.0347391925752,
        "dvar": 0.00082846469013,
        "dvar2": 0.00142904382665,
        "max": 0.471312463284,
        "mean": 0.333274930716,
        "median": 0.339059740305,
        "min": 0.0711046755314,
        "var": 0.00377522385679
    },
    "melbands_kurtosis": {
        "dmean": 3.02697968483,
        "dmean2": 4.64939498901,
        "dvar": 25.5046901703,
        "dvar2": 54.7159118652,
        "max": 116.946708679,
        "mean": 5.20506811142,
        "median": 2.39603805542,
        "min": -1.75617969036,
        "var": 82.8226394653
    },
    "melbands_skewness": {
        "dmean": 0.51029843092,
        "dmean2": 0.777939379215,
        "dvar": 0.301516056061,
        "dvar2": 0.66346436739,
        "max": 8.09408378601,
        "mean": 1.24072468281,
        "median": 1.11384344101,
        "min": -1.54782867432,
        "var": 1.15358901024
    },
    "melbands_spread": {
        "dmean": 2.17978239059,
        "dmean2": 3.33128190041,
        "dvar": 7.8681344986,
        "dvar2": 17.1107120514,
        "max": 55.2399711609,
        "mean": 11.4493484497,
        "median": 10.028588295,
        "min": 0.921333730221,
        "var": 46.6355934143
    },
    "pitch_salience": {
        "dmean": 0.0472357235849,
        "dmean2": 0.0745822042227,
        "dvar": 0.00207328121178,
        "dvar2": 0.00474309641868,
        "max": 0.786912858486,
        "mean": 0.470272570848,
        "median": 0.461619257927,
        "min": 0.110874578357,
        "var": 0.00856339279562
    },
    "silence_rate_20dB": {
        "dmean": 0,
        "dmean2": 0,
        "dvar": 0,
        "dvar2": 0,
        "max": 1,
        "mean": 1,
        "median": 1,
        "min": 1,
        "var": 0
    },
    "silence_rate_30dB": {
        "dmean": 0.00773993786424,
        "dmean2": 0.0154918665066,
        "dvar": 0.00768013764173,
        "dvar2": 0.0168012455106,
        "max": 1,
        "mean": 0.991492629051,
        "median": 1,
        "min": 0,
        "var": 0.00843503884971
    },
    "silence_rate_60dB": {
        "dmean": 0.00464396271855,
        "dmean2": 0.00929511990398,
        "dvar": 0.00462239095941,
        "dvar2": 0.0107579091564,
        "max": 1,
        "mean": 0.0340293906629,
        "median": 0,
        "min": 0,
        "var": 0.0328711569309
    },
    "spectral_centroid": {
        "dmean": 82.2732009888,
        "dmean2": 116.676498413,
        "dvar": 98485.5859375,
        "dvar2": 116997.46875,
        "max": 11552.0136719,
        "mean": 622.303039551,
        "median": 542.45526123,
        "min": 232.899978638,
        "var": 153819.75
    },
    "spectral_complexity": {
        "dmean": 1.51393187046,
        "dmean2": 2.41673111916,
        "dvar": 2.32257246971,
        "dvar2": 5.19897603989,
        "max": 23,
        "mean": 10.723897934,
        "median": 11,
        "min": 0,
        "var": 13.1913728714
    },
    "spectral_decrease": {
        "dmean": 2.19616103081e-09,
        "dmean2": 3.18304294034e-09,
        "dvar": 6.486069594e-18,
        "dvar2": 1.34473900187e-17,
        "max": -3.67302644046e-18,
        "mean": -9.51872092259e-09,
        "median": -8.74834427123e-09,
        "min": -3.67921515476e-08,
        "var": 3.57788602892e-17
    },
    "spectral_energy": {
        "dmean": 0.00860137864947,
        "dmean2": 0.0124501129612,
        "dvar": 0.000100398188806,
        "dvar2": 0.000207810138818,
        "max": 0.145982578397,
        "mean": 0.0372260510921,
        "median": 0.0342993699014,
        "min": 2.55598129467e-11,
        "var": 0.000545677205082
    },
    "spectral_energyband_high": {
        "dmean": 5.05628740939e-05,
        "dmean2": 7.10102976882e-05,
        "dvar": 1.78326367006e-08,
        "dvar2": 3.73477000437e-08,
        "max": 0.00177190697286,
        "mean": 6.43898965791e-05,
        "median": 1.47611299326e-05,
        "min": 7.91860414046e-12,
        "var": 2.42778277482e-08
    },
    "spectral_energyband_low": {
        "dmean": 0.00472301756963,
        "dmean2": 0.00709076644853,
        "dvar": 4.25452053605e-05,
        "dvar2": 9.17824509088e-05,
        "max": 0.0970914363861,
        "mean": 0.0148312421516,
        "median": 0.0116297239438,
        "min": 2.93496173545e-12,
        "var": 0.000192522085854
    },
    "spectral_energyband_middle_high": {
        "dmean": 0.00127042515669,
        "dmean2": 0.00183626532089,
        "dvar": 1.02120820884e-05,
        "dvar2": 2.28562930715e-05,
        "max": 0.051300086081,
        "mean": 0.0029227072373,
        "median": 0.00117357086856,
        "min": 7.34312177036e-12,
        "var": 2.52646932495e-05
    },
    "spectral_energyband_middle_low": {
        "dmean": 0.00557962665334,
        "dmean2": 0.00829610507935,
        "dvar": 5.68985051359e-05,
        "dvar2": 0.000121765042422,
        "max": 0.118370622396,
        "mean": 0.0205565709621,
        "median": 0.0178686715662,
        "min": 7.17198219216e-12,
        "var": 0.000229882789426
    },
    "spectral_entropy": {
        "dmean": 0.229373335838,
        "dmean2": 0.309811085463,
        "dvar": 0.0746287330985,
        "dvar2": 0.127930298448,
        "max": 9.79162216187,
        "mean": 6.37468862534,
        "median": 6.28157615662,
        "min": 5.16163730621,
        "var": 0.262743353844
    },
    "spectral_flux": {
        "dmean": 0.0200615990907,
        "dmean2": 0.0326424501836,
        "dvar": 0.000563318666536,
        "dvar2": 0.0013404879719,
        "max": 0.263883888721,
        "mean": 0.0623193792999,
        "median": 0.0545786060393,
        "min": 2.79711348412e-05,
        "var": 0.00122596614528
    },
    "spectral_kurtosis": {
        "dmean": 7.11465454102,
        "dmean2": 11.3895044327,
        "dvar": 49.1415786743,
        "dvar2": 121.80897522,
        "max": 75.5682601929,
        "mean": 18.3852119446,
        "median": 15.9705238342,
        "min": -1.20227444172,
        "var": 140.70022583
    },
    "spectral_rms": {
        "dmean": 0.000677969364915,
        "dmean2": 0.000968914362602,
        "dvar": 4.66658690357e-07,
        "dvar2": 9.0378813411e-07,
        "max": 0.0119340699166,
        "mean": 0.00567303830758,
        "median": 0.00578470388427,
        "min": 1.57912637633e-07,
        "var": 4.13467205362e-06
    },
    "spectral_rolloff": {
        "dmean": 82.7992782593,
        "dmean2": 139.890441895,
        "dvar": 150899.21875,
        "dvar2": 190616.953125,
        "max": 13759.7167969,
        "mean": 644.215698242,
        "median": 538.330078125,
        "min": 86.1328125,
        "var": 241457.84375
    },
    "spectral_skewness": {
        "dmean": 0.568531692028,
        "dmean2": 0.875129640102,
        "dvar": 0.264867126942,
        "dvar2": 0.570853054523,
        "max": 6.97334384918,
        "mean": 3.14965319633,
        "median": 3.08525514603,
        "min": -0.0397734083235,
        "var": 1.02233767509
    },
    "spectral_spread": {
        "dmean": 521007.0625,
        "dmean2": 719999.6875,
        "dvar": 1.3892124672e+12,
        "dvar2": 1.71034253722e+12,
        "max": 40526364,
        "mean": 2628807,
        "median": 2322443.5,
        "min": 953553,
        "var": 2.1375188992e+12
    },
    "spectral_strongpeak": {
        "dmean": 0.620956420898,
        "dmean2": 1.01946771145,
        "dvar": 0.788695931435,
        "dvar2": 1.71830391884,
        "max": 8.85513687134,
        "mean": 1.54555952549,
        "median": 1.25184476376,
        "min": 0,
        "var": 2.00736808777
    },
    "zerocrossingrate": {
        "dmean": 0.003753189696,
        "dmean2": 0.00453598517925,
        "dvar": 0.000119269490824,
        "dvar2": 0.000123159858049,
        "max": 0.4228515625,
        "mean": 0.026103598997,
        "median": 0.02294921875,
        "min": 0.00634765625,
        "var": 0.000236435400438
    },
    "barkbands": {
        "dmean": [0.000433583598351, 0.0035309761297, 0.00156283564866, 0.000760622788221, 0.000581015716307, 0.00100610614754, 0.00277650658973, 0.00228773895651, 0.000519284338225, 0.000282473367406, 0.000639264180791, 0.000229736848269, 0.000117370123917, 0.000114422371553, 0.000139735886478, 9.51715628617e-05, 7.18314113328e-05, 1.64894772752e-05, 3.36880184477e-05, 2.09995250771e-05, 1.40430656757e-05, 1.53389646584e-05, 7.83090945333e-06, 3.6464882669e-06, 3.11792518914e-06, 1.53281587245e-06, 1.32436881017e-07],
        "dmean2": [0.000729425926693, 0.00504462607205, 0.00267845252529, 0.00126516155433, 0.000982027500868, 0.00161915889475, 0.00398890627548, 0.00346915912814, 0.00076815643115, 0.000447027297923, 0.00101310189348, 0.000303330481984, 0.000164623503224, 0.000169761886355, 0.000187543759239, 0.000125431004562, 0.000103932878119, 2.55853392446e-05, 5.14511084475e-05, 3.1629257137e-05, 2.20624860958e-05, 2.41545003519e-05, 1.18402022053e-05, 5.20272760696e-06, 4.81377901451e-06, 2.29832949117e-06, 2.20158526076e-07],
        "dvar": [1.18660727821e-06, 2.73893729172e-05, 3.9469391595e-06, 1.28869544369e-06, 7.47410126678e-07, 4.85268128614e-06, 1.75917994056e-05, 2.62469566223e-05, 5.10894051331e-06, 2.29197189583e-06, 5.44570229977e-06, 4.956751809e-07, 1.8961569026e-07, 1.27165336039e-07, 1.54874214786e-07, 7.5441271008e-08, 1.5713696655e-07, 1.48960288548e-09, 1.55856128004e-08, 4.13309031444e-09, 2.91952617637e-09, 1.92612548133e-09, 5.26556520608e-10, 9.98452570622e-11, 8.14269415783e-11, 2.7430502314e-11, 3.77847601297e-13],
        "dvar2": [3.25489804709e-06, 5.98496553721e-05, 1.07888863567e-05, 2.99679982163e-06, 2.1415851279e-06, 1.0573918189e-05, 3.52075694536e-05, 6.02996151429e-05, 1.04835526145e-05, 5.51634730073e-06, 1.32588393171e-05, 8.6721416892e-07, 3.75150193577e-07, 2.59794632029e-07, 2.72960136272e-07, 1.16024096997e-07, 3.37156620844e-07, 3.37992811517e-09, 3.16536663547e-08, 8.58386961511e-09, 7.39461336607e-09, 4.65400873395e-09, 1.2362332269e-09, 2.09346401325e-10, 1.86707205252e-10, 6.86625409307e-11, 1.03183108759e-12],
        "max": [0.0165266245604, 0.076533228159, 0.0273590236902, 0.0210897643119, 0.0124928085133, 0.0405860096216, 0.0655736774206, 0.10331556201, 0.0807436108589, 0.0301911048591, 0.0367231369019, 0.0153228966519, 0.0131565472111, 0.00662797037512, 0.00902724545449, 0.00628573913127, 0.0109724225476, 0.000734768225811, 0.00239667808637, 0.00116804870777, 0.00100661953911, 0.000495351676363, 0.000307397509459, 0.000169039631146, 8.53094243212e-05, 7.51378393034e-05, 8.19931301521e-06],
        "mean": [0.000954544171691, 0.00904143601656, 0.00376628478989, 0.00192015524954, 0.00142820877954, 0.00265469029546, 0.0075473128818, 0.00536218285561, 0.00148742494639, 0.000329402071657, 0.00113110709935, 0.000430950894952, 0.000263390014879, 0.000187464829651, 0.000263661524514, 0.000199864400201, 0.00010103402019, 2.70772798103e-05, 5.3635743825e-05, 2.5778383133e-05, 1.68435908563e-05, 1.50800069605e-05, 8.50729793456e-06, 5.09536721438e-06, 3.34946389557e-06, 1.52498637362e-06, 1.11412049364e-07],
        "median": [0.000247350864811, 0.00615486921743, 0.00199763197452, 0.000920185644645, 0.000915792712476, 0.00135021179449, 0.00395944435149, 0.00206368276849, 9.12519390113e-05, 9.52899063122e-05, 0.000130398519104, 7.67488600104e-05, 8.05665913504e-05, 4.29132269346e-05, 7.24597921362e-05, 3.28611931764e-05, 1.96552900888e-05, 9.85134738585e-06, 1.06476691144e-05, 5.39452821613e-06, 3.6227934288e-06, 2.30773639487e-06, 1.30069668103e-06, 1.2715131561e-06, 6.59121553781e-07, 1.80017735829e-07, 7.43156114424e-09],
        "min": [2.16136014793e-13, 4.27611315497e-13, 1.58002495636e-12, 1.38948845919e-12, 1.13244873548e-12, 7.92510642614e-13, 1.08613237761e-12, 2.39579601817e-12, 3.66320851691e-13, 1.17281781075e-13, 3.89976001795e-13, 3.2036404779e-12, 6.52794062295e-13, 5.4981995519e-13, 4.08756551827e-13, 6.36968125814e-13, 2.88539754156e-13, 3.25123635696e-13, 4.56588976697e-13, 4.8025098438e-13, 6.29210008748e-13, 5.01076448129e-13, 6.3595282469e-13, 9.40097175453e-13, 1.07291237526e-12, 1.6833419424e-12, 2.44011841982e-12],
        "var": [2.78604966297e-06, 9.67280502664e-05, 2.03220643016e-05, 7.87270710134e-06, 2.39876430896e-06, 1.63204003911e-05, 8.54851750773e-05, 7.20977841411e-05, 2.64122554654e-05, 2.15764839595e-06, 1.10857026812e-05, 1.36134531203e-06, 5.18681531503e-07, 1.99161334535e-07, 4.03340322919e-07, 2.93373773275e-07, 2.23563972668e-07, 3.06594571953e-09, 3.1881860707e-08, 5.2288697816e-09, 2.78989431557e-09, 1.87949322772e-09, 5.67573155141e-10, 1.49435588903e-10, 8.54114140525e-11, 2.56533492365e-11, 2.67726596101e-13]
    },
    "erbbands": {
        "dmean": [0.115116178989, 0.788583278656, 1.6414129734, 2.32817411423, 2.30671572685, 1.65164554119, 4.22188091278, 8.81376171112, 30.8570384979, 65.4708786011, 25.3408222198, 14.4664554596, 8.67983913422, 7.87183237076, 30.6860675812, 8.26996326447, 5.74933862686, 6.57020759583, 3.72318840027, 9.60618972778, 3.87807822227, 2.65908074379, 1.21747720242, 1.64293372631, 1.42412853241, 1.03952682018, 0.660764396191, 0.561012506485, 0.524728775024, 0.378666251898, 0.187216043472, 0.0815673545003, 0.0645501688123, 0.040388699621, 0.0192212164402, 0.00747587345541, 0.00280319596641, 0.000524164235685, 1.70566363522e-05, 9.74792874331e-06],
        "dmean2": [0.164933949709, 1.14602005482, 2.70221734047, 3.92416405678, 3.82684159279, 2.76432132721, 6.81257486343, 14.1858615875, 42.5097312927, 103.28868103, 36.8253860474, 20.9100189209, 13.0854272842, 12.6810598373, 47.8754081726, 11.134226799, 7.95856809616, 9.69359493256, 5.17256116867, 13.1070795059, 5.02110624313, 3.87430357933, 1.85179758072, 2.56569862366, 2.1760532856, 1.56192266941, 1.01004874706, 0.854076802731, 0.823666572571, 0.584224104881, 0.28564286232, 0.125660225749, 0.0973650440574, 0.0639113932848, 0.0291066505015, 0.0110068386421, 0.00435187388211, 0.000842192326672, 2.68833173322e-05, 1.40544498208e-05],
        "dvar": [0.0334241837263, 1.36113977432, 4.31766223907, 10.2861871719, 13.2330360413, 6.59856319427, 51.5103569031, 407.923858643, 3813.42871094, 14281.4267578, 3104.00317383, 3866.90136719, 2979.95214844, 1467.89086914, 12375.3535156, 487.782226562, 484.456787109, 446.485778809, 163.135574341, 864.575439453, 190.14642334, 131.015319824, 18.1761131287, 43.7284202576, 38.6768341064, 10.0753612518, 5.60766124725, 4.13506698608, 2.23240876198, 1.16914415359, 0.33754825592, 0.0604905746877, 0.0311572551727, 0.0143865356222, 0.00303566199727, 0.000503043818753, 0.000107978223241, 4.77433559354e-06, 4.10410061491e-09, 1.29857471998e-10],
        "dvar2": [0.0729535371065, 3.01852464676, 10.8698406219, 26.8633136749, 38.4950904846, 15.7482757568, 131.136779785, 884.106872559, 7455.34912109, 34861.4101562, 6322.89550781, 7796.39208984, 6959.03466797, 3696.36572266, 30276.8144531, 875.677856445, 955.165283203, 894.918395996, 347.307525635, 1359.83984375, 359.350341797, 283.788543701, 44.7918510437, 87.1993637085, 79.9905929565, 21.170841217, 13.6845350266, 10.2559652328, 5.51195955276, 2.8481297493, 0.793890118599, 0.132500439882, 0.0666256025434, 0.033772084862, 0.00690205954015, 0.00116589025129, 0.000279321451671, 1.28983901959e-05, 1.1224041252e-08, 2.68417343907e-10],
        "max": [2.22177791595, 20.3129367828, 28.2383174896, 62.2376708984, 50.2096824646, 44.2684783936, 130.447952271, 356.986602783, 1128.78796387, 1603.77844238, 1132.07116699, 2293.08105469, 1117.6204834, 788.597167969, 1935.20666504, 514.394592285, 682.217651367, 414.081115723, 326.510040283, 808.301757812, 353.385498047, 291.633972168, 120.786354065, 150.602203369, 165.844711304, 46.0066795349, 44.5255813599, 38.3144454956, 12.8154888153, 10.4660959244, 9.55644607544, 5.2279343605, 2.40520238876, 1.23058462143, 0.640617549419, 0.269615262747, 0.163508072495, 0.0286541748792, 0.000971938774455, 0.000165834077052],
        "mean": [0.287427008152, 1.91045832634, 4.53523731232, 5.71475315094, 5.31526231766, 4.47842073441, 10.0495691299, 24.7172145844, 93.8927993774, 147.078765869, 72.7207489014, 44.8613548279, 11.3366470337, 11.9703722, 57.0412559509, 18.1099452972, 13.6371479034, 11.4084453583, 7.13243246078, 19.6940364838, 7.61238336563, 4.04823064804, 2.1333990097, 2.77856993675, 2.13506650925, 1.32903003693, 0.832451343536, 0.64812630415, 0.518591761589, 0.370773553848, 0.211322516203, 0.117068462074, 0.0805584415793, 0.0427893251181, 0.0214510653168, 0.00786762684584, 0.00267362548038, 0.000481997791212, 3.02383032249e-05, 4.19852403866e-05],
        "median": [0.153380468488, 1.39848077297, 2.88643908501, 3.18944692612, 3.33413696289, 2.50676894188, 6.31050109863, 13.8795557022, 32.3560295105, 69.1635894775, 32.9204902649, 4.59746074677, 2.85191130638, 5.41801977158, 6.77314519882, 5.07242298126, 4.88758468628, 3.24547123909, 2.94199705124, 3.77999830246, 1.80382549763, 1.03376913071, 0.683205842972, 0.66917181015, 0.431095957756, 0.295455813408, 0.170456379652, 0.134976625443, 0.0919121056795, 0.0499673597515, 0.0366791896522, 0.0253511182964, 0.0209217127413, 0.0086225848645, 0.00399587070569, 0.0011743378127, 0.000271897442872, 3.85000894312e-05, 1.92527004401e-05, 3.83468832297e-05],
        "min": [6.53989536137e-12, 1.40287947925e-10, 1.33849464845e-09, 4.00194366534e-09, 3.65381036538e-09, 4.15617851246e-09, 3.85247744816e-09, 7.76338104913e-09, 8.31119795208e-09, 4.56639028812e-08, 3.46798323392e-08, 1.02041122219e-08, 3.99473654156e-09, 5.57044899097e-09, 3.0214604152e-08, 1.50897022877e-07, 4.76325965337e-08, 3.25676410284e-08, 1.92803675247e-08, 2.89695503142e-08, 2.56425423117e-08, 1.8204417529e-08, 1.85656574558e-08, 2.13393871462e-08, 2.77902998391e-08, 2.14320401426e-08, 2.50007765601e-08, 2.2009025713e-08, 1.9592645728e-08, 1.41396903075e-08, 1.72725300729e-08, 1.8564080051e-08, 1.5794459074e-08, 1.00699280026e-08, 9.88515846956e-09, 7.6542052696e-09, 2.54109910891e-09, 1.38045885834e-09, 3.02451536038e-10, 3.52682848204e-11],
        "var": [0.120541095734, 4.30058240891, 23.917432785, 56.1709632874, 33.3755607605, 32.4871025085, 136.824356079, 1261.80871582, 18050.0761719, 42206.5390625, 11164.8945312, 20814.34375, 3065.90942383, 1275.75085449, 30149.2070312, 1592.37353516, 1329.38757324, 700.634216309, 298.407318115, 2574.50634766, 433.966644287, 197.498687744, 29.4252338409, 82.1637039185, 83.3420562744, 12.7112426758, 6.02358961105, 3.90741848946, 2.11133503914, 1.12299668789, 0.365945875645, 0.0854514688253, 0.0405783839524, 0.0142779797316, 0.00336677837186, 0.00054434966296, 9.1287351097e-05, 3.60642093256e-06, 3.19094461965e-09, 6.90272228265e-10]
    },
    "gfcc": {
        "mean": [-69.0226364136, 164.301269531, -102.646980286, 14.4157924652, -49.7671546936, 4.26847505569, -30.2401733398, 5.51655960083, -4.94019842148, 9.56953620911, 1.11342668533, -5.62175703049, -9.57324790955],
        "cov": [[7344.10205078, -350.834350586, -161.479919434, 307.569793701, -349.531188965, 144.276473999, -90.5503845215, 284.310546875, 173.148971558, 114.930107117, -373.738616943, -94.5448760986, -5.91171169281], [-350.834350586, 924.887573242, 154.153182983, -135.988723755, 210.910049438, -94.6171417236, 92.4342269897, -44.770275116, 146.387252808, -99.1127243042, 118.78994751, -174.237762451, 36.1587638855], [-161.479919434, 154.153182983, 602.775024414, 96.7040100098, -27.8278465271, 57.9438781738, 2.8432495594, -17.178445816, 2.61177802086, 12.0809345245, 25.0647106171, -2.24502372742, -18.8218097687], [307.569793701, -135.988723755, 96.7040100098, 254.289810181, 31.496837616, 63.433265686, 16.1144447327, 2.54059696198, -35.951210022, 6.09493494034, -12.1664819717, 50.6644935608, 7.37657594681], [-349.531188965, 210.910049438, -27.8278465271, 31.496837616, 239.067871094, 18.9268569946, 56.8571548462, -6.89989423752, 7.92997074127, -12.342915535, 73.7033462524, 14.6842832565, 23.023311615], [144.276473999, -94.6171417236, 57.9438781738, 63.433265686, 18.9268569946, 148.556518555, 47.0119895935, 21.3336238861, -11.9359931946, 9.9033536911, -12.3892765045, 42.9641647339, 1.40393805504], [-90.5503845215, 92.4342269897, 2.8432495594, 16.1144447327, 56.8571548462, 47.0119895935, 123.136619568, 27.47914505, 0.792708098888, -16.5048961639, 21.3291244507, 11.5921964645, 9.05358695984], [284.310546875, -44.770275116, -17.178445816, 2.54059696198, -6.89989423752, 21.3336238861, 27.47914505, 128.669113159, 75.9124832153, 19.3230609894, -60.9216156006, -45.6688156128, -4.76955413818], [173.148971558, 146.387252808, 2.61177802086, -35.951210022, 7.92997074127, -11.9359931946, 0.792708098888, 75.9124832153, 181.627304077, 28.5600299835, -41.1240730286, -121.107841492, -4.06682062149], [114.930107117, -99.1127243042, 12.0809345245, 6.09493494034, -12.342915535, 9.9033536911, -16.5048961639, 19.3230609894, 28.5600299835, 103.311401367, 17.5979366302, 5.54988145828, -19.5193023682], [-373.738616943, 118.78994751, 25.0647106171, -12.1664819717, 73.7033462524, -12.3892765045, 21.3291244507, -60.9216156006, -41.1240730286, 17.5979366302, 172.021179199, 85.8124084473, 10.1598072052], [-94.5448760986, -174.237762451, -2.24502372742, 50.6644935608, 14.6842832565, 42.9641647339, 11.5921964645, -45.6688156128, -121.107841492, 5.54988145828, 85.8124084473, 199.966323853, 29.7684993744], [-5.91171169281, 36.1587638855, -18.8218097687, 7.37657594681, 23.023311615, 1.40393805504, 9.05358695984, -4.76955413818, -4.06682062149, -19.5193023682, 10.1598072052, 29.7684993744, 62.3723449707]],
        "icov": [[0.000249991135206, -0.000732337997761, 0.000402123871027, -0.000640337006189, 0.000764228287153, -0.000464159704279, 0.000604099652264, -0.00069675775012, 0.000308950111503, -0.000763454008847, 0.00071863719495, -0.000633445335552, 0.000199198140763], [-0.000732337997761, 0.0085438741371, -0.00347334332764, 0.00428318884224, -0.00587819470093, 0.00387746398337, -0.00559466565028, 0.00529890367761, -0.00483812531456, 0.00760193262249, -0.00672094384208, 0.00739323394373, -0.00364763499238], [0.000402123871027, -0.00347334332764, 0.00344595266506, -0.00274874595925, 0.00318384356797, -0.00256567774341, 0.00252205436118, -0.00202066800557, 0.00172377459239, -0.00292794173583, 0.00174154085107, -0.00227827532217, 0.00177832925692], [-0.000640337006189, 0.00428318884224, -0.00274874595925, 0.00769037753344, -0.004548298195, 0.00105218822137, -0.0029335769359, 0.00300855515525, -0.00163037714083, 0.00327549059875, -0.0017449184088, 0.0023682678584, -0.00189897790551], [0.000764228287153, -0.00587819470093, 0.00318384356797, -0.004548298195, 0.010496259667, -0.0036762538366, 0.00242989510298, -0.00416382448748, 0.00276511954144, -0.00445804046467, 0.00120235490613, -0.00347653892823, 0.000764593714848], [-0.000464159704279, 0.00387746398337, -0.00256567774341, 0.00105218822137, -0.0036762538366, 0.0121504971758, -0.00654713949189, 0.00272244424559, -0.00326925166883, 0.00215300987475, 0.000305242574541, -0.000609658309259, -0.000246622075792], [0.000604099652264, -0.00559466565028, 0.00252205436118, -0.0029335769359, 0.00242989510298, -0.00654713949189, 0.0159170664847, -0.00795388035476, 0.00444698007777, -0.00212208623998, 0.00113267218694, -0.0033258786425, 0.00176910916343], [-0.00069675775012, 0.00529890367761, -0.00202066800557, 0.00300855515525, -0.00416382448748, 0.00272244424559, -0.00795388035476, 0.0181003324687, -0.00902576278895, 0.00246204249561, 0.00145894871093, 0.00180767045822, -0.00100757565815], [0.000308950111503, -0.00483812531456, 0.00172377459239, -0.00163037714083, 0.00276511954144, -0.00326925166883, 0.00444698007777, -0.00902576278895, 0.0167905595154, -0.00759248435497, 0.000985575956292, 0.00487258145586, -0.00250307517126], [-0.000763454008847, 0.00760193262249, -0.00292794173583, 0.00327549059875, -0.00445804046467, 0.00215300987475, -0.00212208623998, 0.00246204249561, -0.00759248435497, 0.0201505180448, -0.00928710121661, 0.0045558353886, 0.00149252335541], [0.00071863719495, -0.00672094384208, 0.00174154085107, -0.0017449184088, 0.00120235490613, 0.000305242574541, 0.00113267218694, 0.00145894871093, 0.000985575956292, -0.00928710121661, 0.0188475642353, -0.0128302080557, 0.00440406333655], [-0.000633445335552, 0.00739323394373, -0.00227827532217, 0.0023682678584, -0.00347653892823, -0.000609658309259, -0.0033258786425, 0.00180767045822, 0.00487258145586, 0.0045558353886, -0.0128302080557, 0.0212874431163, -0.00972218997777], [0.000199198140763, -0.00364763499238, 0.00177832925692, -0.00189897790551, 0.000764593714848, -0.000246622075792, 0.00176910916343, -0.00100757565815, -0.00250307517126, 0.00149252335541, 0.00440406333655, -0.00972218997777, 0.0225435681641]]
    },
    "melbands": {
        "dmean": [0.000987606821582, 0.000898886471987, 0.000374231254682, 0.000143572877278, 0.000123447112856, 0.000206987271667, 0.000479157693917, 0.000691227382049, 0.000173671811353, 7.75712833274e-05, 4.13925081375e-05, 2.80267686321e-05, 9.00442028069e-05, 4.68085854664e-05, 1.32208660943e-05, 1.03427264548e-05, 1.31088263515e-05, 5.30638862983e-06, 8.60615637066e-06, 1.27966850414e-05, 3.67359439224e-06, 3.2055909287e-06, 2.03794343179e-06, 1.08814504074e-06, 1.42807391512e-06, 1.04393052425e-06, 8.07353671917e-07, 7.17641398751e-07, 3.90548080986e-07, 4.28054619306e-07, 3.31961047095e-07, 3.43506144418e-07, 2.20260915285e-07, 2.04931765779e-07, 1.17029067326e-07, 7.45287351833e-08, 4.25876116594e-08, 4.64628335806e-08, 4.35312728087e-08, 3.24639444216e-08],
        "dmean2": [0.00141909590457, 0.00139203411527, 0.000629025918897, 0.000241775327595, 0.000200110822334, 0.000333032076014, 0.000663863320369, 0.00108747871127, 0.000249336269917, 0.00011427962454, 6.24244712526e-05, 4.52327803941e-05, 0.000143232056871, 6.69586515869e-05, 1.83336705959e-05, 1.44895702761e-05, 1.94101921807e-05, 7.61976389185e-06, 1.17881818369e-05, 1.6855485228e-05, 4.91346918352e-06, 4.60584442408e-06, 3.1774436593e-06, 1.66647191691e-06, 2.25095936912e-06, 1.58731688771e-06, 1.28444162328e-06, 1.06812944978e-06, 5.80906316827e-07, 6.90864681019e-07, 5.11186442509e-07, 5.58546446427e-07, 3.39266875926e-07, 3.20962868727e-07, 1.80766178914e-07, 1.16727655097e-07, 6.41049027195e-08, 7.09982046487e-08, 6.86783963033e-08, 5.1224589015e-08],
        "dvar": [2.25871553994e-06, 1.31349702315e-06, 2.53622573609e-07, 5.4479677658e-08, 4.21520027771e-08, 2.53389430327e-07, 7.78679918767e-07, 1.8056641693e-06, 1.58804056127e-07, 1.17979560343e-07, 7.38269321232e-08, 2.33731913823e-08, 1.04024174163e-07, 2.41554705127e-08, 1.65476066183e-09, 1.45810108432e-09, 1.58608992606e-09, 3.59058838217e-10, 6.17605355746e-10, 1.26411325851e-09, 4.7160775285e-10, 2.92981000571e-10, 1.26230775832e-10, 7.68761356656e-12, 3.99256912254e-11, 2.50832098148e-11, 5.76476453379e-12, 5.57603139009e-12, 1.82338584336e-12, 4.01610992726e-12, 1.48420696306e-12, 1.07012348202e-12, 4.37394884851e-13, 3.52594770872e-13, 1.59818759247e-13, 6.33540461303e-14, 1.56733722951e-14, 1.71481345833e-14, 1.54445480385e-14, 9.64828463976e-15],
        "dvar2": [4.9014479373e-06, 3.07346590489e-06, 6.42582392629e-07, 1.51469919274e-07, 1.06725210003e-07, 5.44631745925e-07, 1.50207620209e-06, 4.40012445324e-06, 3.09199919002e-07, 2.43630836394e-07, 1.72019412048e-07, 5.95496878475e-08, 2.53995750654e-07, 5.44251363976e-08, 3.10324810293e-09, 2.84506485038e-09, 3.23332449703e-09, 7.73138331134e-10, 1.00258856772e-09, 1.88924320632e-09, 9.75414304882e-10, 6.17824069682e-10, 3.15813181162e-10, 1.61391074116e-11, 7.92598764399e-11, 5.17802987987e-11, 1.2288592019e-11, 1.180927231e-11, 3.95623854857e-12, 1.02702395199e-11, 3.55863233846e-12, 2.72887203286e-12, 1.04476009007e-12, 8.73474198786e-13, 3.89685950609e-13, 1.55604858425e-13, 3.32075540026e-14, 3.74417632857e-14, 3.60330492386e-14, 2.28709144857e-14],
        "max": [0.0186275374144, 0.0166212972254, 0.00886883120984, 0.00344142620452, 0.00375432148576, 0.00963981729001, 0.0159058570862, 0.0215537920594, 0.00836409814656, 0.0124615039676, 0.00565440859646, 0.00339165795594, 0.00510847382247, 0.00319233210757, 0.00112901371904, 0.000915903074201, 0.000698622316122, 0.000478777103126, 0.000650781323202, 0.00078657316044, 0.00064077868592, 0.000488920137286, 0.000336003198754, 5.9541540395e-05, 0.000144494842971, 0.000133176261443, 4.31808912253e-05, 4.32602464571e-05, 2.91934484267e-05, 4.80712769786e-05, 2.1128449589e-05, 8.9705163191e-06, 1.1430513041e-05, 5.79366223974e-06, 8.16558258521e-06, 4.306525625e-06, 2.82182099909e-06, 2.21958134716e-06, 1.26026793623e-06, 1.03830132048e-06],
        "mean": [0.00257483893074, 0.00247456389479, 0.000987866776995, 0.000360547215678, 0.000308101676637, 0.000552472018171, 0.00146236573346, 0.0015482918825, 0.000522931630258, 0.000226522795856, 4.63715878141e-05, 3.93208465539e-05, 0.00016317574773, 9.27017026697e-05, 3.15390498145e-05, 2.15710206248e-05, 2.17201213673e-05, 9.39518486121e-06, 1.64939283422e-05, 2.78150109807e-05, 5.74546538701e-06, 4.5154529289e-06, 3.06442620968e-06, 1.82348867384e-06, 2.29624470194e-06, 1.55268867275e-06, 1.05034860098e-06, 8.60357999954e-07, 4.87424301809e-07, 4.83354654079e-07, 3.6809382209e-07, 3.24724624079e-07, 2.18865977786e-07, 1.97511710098e-07, 1.25204707047e-07, 9.14569326937e-08, 6.34119601273e-08, 5.78261882822e-08, 4.69866243691e-08, 3.29393365917e-08],
        "median": [0.00164415978361, 0.00187481881585, 0.000587256799918, 0.000213526567677, 0.000193679283257, 0.000274845369859, 0.000593910459429, 0.000615997822024, 0.000172492844285, 1.52351940415e-05, 9.37023105507e-06, 1.53619184857e-05, 1.95191150851e-05, 1.49242077896e-05, 1.21765306176e-05, 7.20132720744e-06, 4.80935977976e-06, 2.96971916214e-06, 4.21305867349e-06, 4.79543678011e-06, 9.65324034041e-07, 8.94144591257e-07, 6.19942568392e-07, 5.5920355635e-07, 4.58989006802e-07, 2.98777791841e-07, 2.22473019562e-07, 1.76223281301e-07, 1.05350352442e-07, 7.35186560519e-08, 6.82834340182e-08, 5.06366326647e-08, 3.57122260652e-08, 2.42721611698e-08, 2.11095940728e-08, 1.73022307592e-08, 1.45329348555e-08, 1.51026515738e-08, 1.07976898533e-08, 5.7308646717e-09],
        "min": [9.74262581417e-14, 5.35230388655e-13, 6.77505848732e-13, 2.75261259099e-13, 1.5032830395e-13, 1.66903180187e-13, 1.46901276408e-13, 5.51898316544e-13, 2.29504566393e-13, 5.49066610863e-14, 1.89054585924e-14, 1.90902625468e-14, 6.13430069544e-14, 3.07543270364e-13, 2.68816815596e-13, 6.52499362592e-14, 5.92629312052e-14, 2.70651319553e-14, 3.20167476515e-14, 5.35070678899e-14, 2.2139377869e-14, 1.78882956896e-14, 1.75532755242e-14, 1.65853472584e-14, 1.70558910013e-14, 1.61857018673e-14, 2.27414319472e-14, 1.11217086159e-14, 1.63051521476e-14, 1.30848768778e-14, 1.33720905036e-14, 1.16457136903e-14, 8.93288145954e-15, 8.01211175313e-15, 9.61809215036e-15, 1.12642108979e-14, 1.2183277221e-14, 1.11722925765e-14, 9.20502213407e-15, 8.35476283832e-15],
        "var": [8.38422784e-06, 5.51238326807e-06, 1.38072232403e-06, 1.87693444786e-07, 1.2126047011e-07, 7.84107612617e-07, 3.9336455302e-06, 5.14134671903e-06, 6.71896486892e-07, 6.09986216205e-07, 7.52132436332e-08, 1.93886968702e-08, 2.24302070251e-07, 6.82456118284e-08, 5.08599695692e-09, 3.25160920411e-09, 2.56975440927e-09, 6.39320152374e-10, 1.74113334861e-09, 4.58168525341e-09, 7.09945491284e-10, 4.22577001169e-10, 1.87001220064e-10, 1.75598181829e-11, 7.44021649846e-11, 5.47510092819e-11, 9.16312772187e-12, 6.79876944673e-12, 2.28665784224e-12, 3.74634568159e-12, 1.43067903444e-12, 9.37585079019e-13, 4.22260994616e-13, 3.34342308613e-13, 1.6139237028e-13, 6.48733860685e-14, 2.5480155434e-14, 2.2607715938e-14, 1.58685083574e-14, 9.3159563451e-15]
    },
    "mfcc": {
        "mean": [-720.51184082, 192.359619141, 10.3744039536, 20.9731826782, 4.41375827789, 3.13698863983, -5.07494783401, -4.01906681061, -2.77242565155, 5.51227378845, 7.07954645157, 11.749628067, 13.5937805176],
        "cov": [[5076.55664062, -128.136779785, -259.184753418, 135.709503174, -160.111068726, 33.1048774719, -185.923995972, -2.910592556, 236.212020874, 215.33416748, 49.6577529907, 17.1836414337, -75.4416122437], [-128.136779785, 1204.44970703, 19.1121139526, -3.17090606689, 93.0686721802, -58.3453445435, 14.9206266403, -22.4190616608, -7.78462171555, 97.9896621704, 66.7768325806, 24.2521705627, -54.4022827148], [-259.184753418, 19.1121139526, 451.601257324, 41.1654548645, 31.4234714508, 57.3257141113, 16.3921051025, 29.4605293274, -18.0512466431, 13.3567705154, 17.4798622131, -22.0513916016, -47.6764068604], [135.709503174, -3.17090606689, 41.1654548645, 179.286727905, 47.7423286438, 33.1969833374, 35.4216842651, 17.7279186249, -1.51799142361, -19.3506374359, -14.4019823074, 3.35923886299, 11.8789978027], [-160.111068726, 93.0686721802, 31.4234714508, 47.7423286438, 136.649398804, 36.3864402771, 25.4960098267, 12.7907190323, -5.79662036896, 0.873222112656, 3.87268853188, 21.6412525177, 12.7562150955], [33.1048774719, -58.3453445435, 57.3257141113, 33.1969833374, 36.3864402771, 126.145568848, 62.3101119995, 30.7648296356, -17.5457935333, -36.2999687195, -3.65671420097, 0.785704016685, 25.0877494812], [-185.923995972, 14.9206266403, 16.3921051025, 35.4216842651, 25.4960098267, 62.3101119995, 135.34463501, 58.1583366394, -38.4877929688, -58.6460266113, -9.43353557587, 0.596897780895, 37.6054534912], [-2.910592556, -22.4190616608, 29.4605293274, 17.7279186249, 12.7907190323, 30.7648296356, 58.1583366394, 116.139503479, 28.5017662048, -31.1809673309, -10.9148387909, -8.41820240021, 25.9290504456], [236.212020874, -7.78462171555, -18.0512466431, -1.51799142361, -5.79662036896, -17.5457935333, -38.4877929688, 28.5017662048, 156.904968262, 102.419906616, 24.3838996887, -3.34782552719, -33.7615776062], [215.33416748, 97.9896621704, 13.3567705154, -19.3506374359, 0.873222112656, -36.2999687195, -58.6460266113, -31.1809673309, 102.419906616, 189.146362305, 69.8280563354, 3.26120185852, -68.0928192139], [49.6577529907, 66.7768325806, 17.4798622131, -14.4019823074, 3.87268853188, -3.65671420097, -9.43353557587, -10.9148387909, 24.3838996887, 69.8280563354, 88.3830413818, 28.5123901367, -26.935710907], [17.1836414337, 24.2521705627, -22.0513916016, 3.35923886299, 21.6412525177, 0.785704016685, 0.596897780895, -8.41820240021, -3.34782552719, 3.26120185852, 28.5123901367, 101.966293335, 36.354637146], [-75.4416122437, -54.4022827148, -47.6764068604, 11.8789978027, 12.7562150955, 25.0877494812, 37.6054534912, 25.9290504456, -33.7615776062, -68.0928192139, -26.935710907, 36.354637146, 120.445823669]],
