{
"lowlevel": {
    "average_loudness": 0.982371747494,
    "barkbands_crest": {
        "dmean": 3.24432063103,
        "dmean2": 5.41525268555,
        "dvar": 7.03569126129,
        "dvar2": 18.8419151306,
        "max": 24.8878974915,
        "mean": 12.4631252289,
        "median": 11.9936294556,
        "min": 2.66786432266,
        "var": 21.1831493378
    },
    "barkbands_flatness_db": {
        "dmean": 0.0254194587469,
        "dmean2": 0.0399495139718,
        "dvar": 0.000532443460543,
        "dvar2": 0.00128218322061,
        "max": 0.360888898373,
        "mean": 0.207656025887,
        "median": 0.207217305899,
        "min": 0.0651561543345,
        "var": 0.00198395643383
    },
    "barkbands_kurtosis": {
        "dmean": 5.41738319397,
        "dmean2": 8.75898361206,
        "dvar": 73.595741272,
        "dvar2": 192.355926514,
        "max": 103.432785034,
        "mean": 9.66006374359,
        "median": 6.65598392487,
        "min": -1.91527926922,
        "var": 136.917404175
    },
    "barkbands_skewness": {
        "dmean": 0.690425336361,
        "dmean2": 1.07838928699,
        "dvar": 0.518171072006,
        "dvar2": 1.22233986855,
        "max": 8.88928604126,
        "mean": 2.30403375626,
        "median": 2.25040054321,
        "min": -1.6789753437,
        "var": 1.83856964111
    },
    "barkbands_spread": {
        "dmean": 5.3207116127,
        "dmean2": 8.01480388641,
        "dvar": 48.8520431519,
        "dvar2": 94.9078063965,
        "max": 93.9184875488,
        "mean": 15.9090023041,
        "median": 11.6060600281,
        "min": 1.07718777657,
        "var": 180.799331665
    },
    "dissonance": {
        "dmean": 0.0217082668096,
        "dmean2": 0.0364269986749,
        "dvar": 0.000422630808316,
        "dvar2": 0.0011882573599,
        "max": 0.499787181616,
        "mean": 0.4553142488,
        "median": 0.462836652994,
        "min": 0.269721657038,
        "var": 0.000880431733094
    },
    "dynamic_complexity": 1.78861236572,
    "erbbands_crest": {
        "dmean": 2.85017561913,
        "dmean2": 4.57624673843,
        "dvar": 6.98537302017,
        "dvar2": 17.6655025482,
        "max": 26.8210659027,
        "mean": 9.75984859467,
        "median": 8.76608467102,
        "min": 2.83468556404,
        "var": 21.7249736786
    },
    "erbbands_flatness_db": {
        "dmean": 0.0166131556034,
        "dmean2": 0.0236117169261,
        "dvar": 0.000233743732679,
        "dvar2": 0.000451086903922,
        "max": 0.322919547558,
        "mean": 0.187896713614,
        "median": 0.184999585152,
        "min": 0.0937464460731,
        "var": 0.00166871014517
    },
    "erbbands_kurtosis": {
        "dmean": 1.26775276661,
        "dmean2": 1.98725962639,
        "dvar": 4.32562017441,
        "dvar2": 10.2963933945,
        "max": 35.2353744507,
        "mean": 0.924124479294,
        "median": -0.118218898773,
        "min": -1.85792374611,
        "var": 11.1978540421
    },
    "erbbands_skewness": {
        "dmean": 0.436470299959,
        "dmean2": 0.660350799561,
        "dvar": 0.176186934114,
        "dvar2": 0.384465545416,
        "max": 5.10961723328,
        "mean": 0.680927574635,
        "median": 0.642857074738,
        "min": -2.62541675568,
        "var": 0.836640894413
    },
    "erbbands_spread": {
        "dmean": 8.94604110718,
        "dmean2": 12.9012784958,
        "dvar": 94.8505554199,
        "dvar2": 180.948410034,
        "max": 139.122009277,
        "mean": 44.3727226257,
        "median": 41.6144332886,
        "min": 4.5446267128,
        "var": 509.152954102
    },
    "hfc": {
        "dmean": 6.70701408386,
        "dmean2": 10.1974163055,
        "dvar": 173.854400635,
        "dvar2": 390.841064453,
        "max": 268.898590088,
        "mean": 17.995513916,
        "median": 13.0018463135,
        "min": 1.13359319304e-16,
        "var": 361.851470947
    },
    "melbands_crest": {
        "dmean": 3.24926376343,
        "dmean2": 5.33783435822,
        "dvar": 8.78625774384,
        "dvar2": 22.7996330261,
        "max": 29.8526229858,
        "mean": 15.0440130234,
        "median": 14.667342186,
        "min": 2.55544900894,
        "var": 20.3893985748
    },
    "melbands_flatness_db": {
        "dmean": 0.0310559850186,
        "dmean2": 0.047298759222,
        "dvar": 0.000851008691825,
        "dvar2": 0.00197765952908,
        "max": 0.441838800907,
        "mean": 0.259257107973,
        "median": 0.260888576508,
        "min": 0.00799292232841,
        "var": 0.00341541366652
    },
    "melbands_kurtosis": {
        "dmean": 11.6826696396,
        "dmean2": 18.9572353363,
        "dvar": 310.953613281,
        "dvar2": 771.682250977,
        "max": 206.990402222,
        "mean": 24.6645545959,
        "median": 18.1316833496,
        "min": -1.18132066727,
        "var": 623.692443848
    },
    "melbands_skewness": {
        "dmean": 0.911876738071,
        "dmean2": 1.41323459148,
        "dvar": 0.875116705894,
        "dvar2": 2.02995252609,
        "max": 11.3961334229,
        "mean": 3.45655012131,
        "median": 3.2774310112,
        "min": -0.378706902266,
        "var": 3.32976460457
    },
    "melbands_spread": {
        "dmean": 5.6151227951,
        "dmean2": 8.46549415588,
        "dvar": 94.490524292,
        "dvar2": 162.605392456,
        "max": 192.332427979,
        "mean": 14.7775669098,
        "median": 9.77124786377,
        "min": 0.90802103281,
        "var": 265.341796875
    },
    "pitch_salience": {
        "dmean": 0.0854988992214,
        "dmean2": 0.142563864589,
        "dvar": 0.00517681241035,
        "dvar2": 0.0147757865489,
        "max": 0.813996493816,
        "mean": 0.514240205288,
        "median": 0.513627588749,
        "min": 0.177470371127,
        "var": 0.012261015363
    },
    "silence_rate_20dB": {
        "dmean": 0,
        "dmean2": 0,
        "dvar": 0,
        "dvar2": 0,
        "max": 1,
        "mean": 1,
        "median": 1,
        "min": 1,
        "var": 0
    },
    "silence_rate_30dB": {
        "dmean": 0.00668002665043,
        "dmean2": 0.013368983753,
        "dvar": 0.00663547031581,
        "dvar2": 0.0185379274189,
        "max": 1,
        "mean": 0.99599468708,
        "median": 1,
        "min": 0,
        "var": 0.00398933887482
    },
    "silence_rate_60dB": {
        "dmean": 0.00133600539993,
        "dmean2": 0.00267379684374,
        "dvar": 0.00133422377985,
        "dvar2": 0.00266665103845,
        "max": 1,
        "mean": 0.0220293719321,
        "median": 0,
        "min": 0,
        "var": 0.0215432718396
    },
    "spectral_centroid": {
        "dmean": 260.004730225,
        "dmean2": 385.523193359,
        "dvar": 146282.203125,
        "dvar2": 232441.734375,
        "max": 10944.7470703,
        "mean": 1044.0970459,
        "median": 836.711914062,
        "min": 274.178192139,
        "var": 451703.125
    },
    "spectral_complexity": {
        "dmean": 3.4428858757,
        "dmean2": 5.33288764954,
        "dvar": 20.5873222351,
        "dvar2": 43.6805953979,
        "max": 58,
        "mean": 15.2590122223,
        "median": 14,
        "min": 0,
        "var": 55.9930229187
    },
    "spectral_decrease": {
        "dmean": 4.03651956304e-09,
        "dmean2": 6.82233869398e-09,
        "dvar": 3.28381868895e-17,
        "dvar2": 8.64384086307e-17,
        "max": -6.34074878556e-29,
        "mean": -9.98232074778e-09,
        "median": -8.32081248348e-09,
        "min": -4.72176786559e-08,
        "var": 4.42292514003e-17
    },
    "spectral_energy": {
        "dmean": 0.0156131787226,
        "dmean2": 0.0263138022274,
        "dvar": 0.000486409349833,
        "dvar2": 0.00128002359997,
        "max": 0.180452346802,
        "mean": 0.0393078662455,
        "median": 0.0334458462894,
        "min": 1.05213520741e-20,
        "var": 0.000656533171423
    },
    "spectral_energyband_high": {
        "dmean": 0.00043721133261,
        "dmean2": 0.000634220195934,
        "dvar": 1.71684405359e-06,
        "dvar2": 3.44302884514e-06,
        "max": 0.0312635749578,
        "mean": 0.000750497623812,
        "median": 0.000227069394896,
        "min": 7.31825428736e-21,
        "var": 3.73520038011e-06
    },
    "spectral_energyband_low": {
        "dmean": 0.0118385776877,
        "dmean2": 0.020442256704,
        "dvar": 0.00039142195601,
        "dvar2": 0.00103978672996,
        "max": 0.163075208664,
        "mean": 0.0204171910882,
        "median": 0.0105062015355,
        "min": 6.32702733589e-23,
        "var": 0.000522094487678
    },
    "spectral_energyband_middle_high": {
        "dmean": 0.00156921008602,
        "dmean2": 0.00244495947845,
        "dvar": 7.76616343501e-06,
        "dvar2": 1.77639576577e-05,
        "max": 0.0422281213105,
        "mean": 0.00378817482851,
        "median": 0.00186313537415,
        "min": 1.70801325824e-21,
        "var": 2.66976512648e-05
    },
    "spectral_energyband_middle_low": {
        "dmean": 0.00683990400285,
        "dmean2": 0.0111765824258,
        "dvar": 7.84926378401e-05,
        "dvar2": 0.000195971864741,
        "max": 0.0866838693619,
        "mean": 0.0158652421087,
        "median": 0.0126988962293,
        "min": 4.97951419647e-22,
        "var": 0.000131918888655
    },
    "spectral_entropy": {
        "dmean": 0.183768108487,
        "dmean2": 0.269093155861,
        "dvar": 0.0361143350601,
        "dvar2": 0.0717566311359,
        "max": 9.80830478668,
        "mean": 7.20416784286,
        "median": 7.2164888382,
        "min": 5.67971563339,
        "var": 0.166953697801
    },
    "spectral_flux": {
        "dmean": 0.0320217050612,
        "dmean2": 0.0517117083073,
        "dvar": 0.00139873742592,
        "dvar2": 0.00249272305518,
        "max": 0.343966782093,
        "mean": 0.102395817637,
        "median": 0.0917286127806,
        "min": 1.02573644023e-10,
        "var": 0.00293193897232
    },
    "spectral_kurtosis": {
        "dmean": 1.97226047516,
        "dmean2": 3.2733745575,
        "dvar": 4.4039888382,
        "dvar2": 11.7655181885,
        "max": 23.8966159821,
        "mean": 4.01970052719,
        "median": 3.27610421181,
        "min": -1.40263152122,
        "var": 10.5528621674
    },
    "spectral_rms": {
        "dmean": 0.00113146065269,
        "dmean2": 0.00185792916454,
        "dvar": 1.69584870946e-06,
        "dvar2": 4.25082816946e-06,
        "max": 0.0132684232667,
        "mean": 0.00588274234906,
        "median": 0.00571227539331,
        "min": 3.20386230566e-12,
        "var": 3.74241471945e-06
    },
    "spectral_rolloff": {
        "dmean": 376.377746582,
        "dmean2": 643.219055176,
        "dvar": 976313.4375,
        "dvar2": 1817935.875,
        "max": 18733.8867188,
        "mean": 853.092041016,
        "median": 430.6640625,
        "min": 86.1328125,
        "var": 1790440.625
    },
    "spectral_skewness": {
        "dmean": 0.279822945595,
        "dmean2": 0.433367729187,
        "dvar": 0.0709835067391,
        "dvar2": 0.165874138474,
        "max": 3.64761209488,
        "mean": 1.42307496071,
        "median": 1.35604381561,
        "min": -0.174280419946,
        "var": 0.330707639456
    },
    "spectral_spread": {
        "dmean": 456712.90625,
        "dmean2": 596764.8125,
        "dvar": 1.06502966477e+12,
        "dvar2": 1.06091282432e+12,
        "max": 40435076,
        "mean": 4043221.25,
        "median": 3665631.5,
        "min": 1937884.625,
        "var": 3.00075293082e+12
    },
    "spectral_strongpeak": {
        "dmean": 0.446731954813,
        "dmean2": 0.760981917381,
        "dvar": 0.442545890808,
        "dvar2": 1.21429359913,
        "max": 7.6076259613,
        "mean": 0.809167504311,
        "median": 0.48436999321,
        "min": 0,
        "var": 0.777429640293
    },
    "zerocrossingrate": {
        "dmean": 0.00881646107882,
        "dmean2": 0.00999116152525,
        "dvar": 0.000242222900852,
        "dvar2": 0.000195042273845,
        "max": 0.49267578125,
        "mean": 0.0396775789559,
        "median": 0.03125,
        "min": 0.00537109375,
        "var": 0.00111137575004
    },
    "barkbands": {
        "dmean": [0.000245736096986, 0.00901048351079, 0.00382554391399, 0.00192503281869, 0.00356912682764, 0.00193908566143, 0.000803886272479, 0.00103906844743, 0.000777673383709, 0.000698607123923, 0.000194068677956, 0.000181758368853, 0.000199520203751, 0.000267123279627, 0.000129713458591, 0.000107417865365, 0.00012299347145, 0.000204119831324, 0.000183085678145, 0.000224011848331, 0.000103009027953, 5.86238202231e-05, 5.25841314811e-05, 0.000116752918984, 4.06496219512e-05, 4.05470039766e-08, 1.3812258004e-09],
        "dmean2": [0.00042025843868, 0.0154178030789, 0.00693131191656, 0.00339950271882, 0.00598129164428, 0.00312057323754, 0.00134319078643, 0.00159207475372, 0.00119952287059, 0.00108416250441, 0.000313880707836, 0.0002943155705, 0.000320142076816, 0.000442916963948, 0.000194887412363, 0.000174485525349, 0.00019432490808, 0.000330329610733, 0.00029284262564, 0.000343478546711, 0.000174378481461, 9.36923388508e-05, 7.574265328e-05, 0.000158931507031, 5.54657017346e-05, 6.216984616e-08, 2.53640752845e-09],
        "dvar": [1.61395462328e-07, 0.000163754099049, 9.83247809927e-05, 1.4270032807e-05, 2.5630761229e-05, 1.12301186164e-05, 3.7202889871e-06, 7.57622501624e-06, 5.22192613062e-06, 3.91039884562e-06, 2.95587796018e-07, 2.39848191086e-07, 3.83694782613e-07, 4.8959554988e-07, 1.17297943802e-07, 9.30087296069e-08, 9.39902591313e-08, 2.15887567379e-07, 1.78196415845e-07, 2.359669935e-07, 1.23697233789e-07, 5.04736306084e-08, 2.46816913574e-08, 3.94354827904e-07, 4.88516498365e-08, 6.14294585252e-14, 3.09208529535e-18],
        "dvar2": [4.21839814635e-07, 0.00045875806245, 0.000280771404505, 3.88687985833e-05, 6.98492731317e-05, 2.42750356847e-05, 9.59802491707e-06, 1.80820752576e-05, 1.19661171993e-05, 8.36983599584e-06, 6.74175055337e-07, 6.05347054261e-07, 9.09484981548e-07, 1.28265207877e-06, 2.47874396564e-07, 2.44233831381e-07, 2.06791213486e-07, 5.14723126344e-07, 4.50817282172e-07, 5.40768269275e-07, 3.25419648561e-07, 1.21882649751e-07, 5.13995921381e-08, 7.18960166068e-07, 8.33699331793e-08, 1.41173788696e-13, 9.26220188065e-18],
        "max": [0.00477458816022, 0.115603044629, 0.0787565261126, 0.0371376089752, 0.0599188767374, 0.0452305488288, 0.03043179214, 0.042074162513, 0.0344968214631, 0.0390535593033, 0.0112217701972, 0.00832292158157, 0.011117791757, 0.00951937306672, 0.00706848874688, 0.00555980904028, 0.00623471848667, 0.0101417861879, 0.00564516941085, 0.00808077119291, 0.00430757272989, 0.00433565303683, 0.0029315026477, 0.0192840155214, 0.00587071245536, 5.33817637915e-06, 1.19939151944e-08],
        "mean": [0.000315310171572, 0.0148551696911, 0.00392765179276, 0.00218418519944, 0.00604034261778, 0.00346580496989, 0.00125899061095, 0.00147201528307, 0.00113940984011, 0.00125007785391, 0.000304042187054, 0.000268249743385, 0.000292914366582, 0.000361356709618, 0.000203236821108, 0.000150410603965, 0.00020762947679, 0.00038768624654, 0.000283768808004, 0.000420991593273, 0.000120150260045, 6.83944599587e-05, 7.74512445787e-05, 0.000189412035979, 6.31590955891e-05, 5.33214219445e-08, 1.16168408226e-09],
        "median": [0.000145477300975, 0.00679869111627, 0.00162178580649, 0.000903096224647, 0.00385737023316, 0.00164074404165, 0.000476969842566, 0.000452307343949, 0.000280815118458, 0.000187673256733, 0.000107168780232, 8.71776137501e-05, 8.67760536494e-05, 0.00013370065426, 5.38148560736e-05, 6.04296074016e-05, 6.45639083814e-05, 9.01292005437e-05, 9.69234097283e-05, 0.00011540997366, 3.81581594411e-05, 1.11098315756e-05, 1.55891320901e-05, 3.01732416119e-05, 7.25636709831e-06, 5.49195622312e-09, 4.94323804112e-10],
        "min": [1.70523565374e-23, 7.85057964569e-24, 1.49564572419e-23, 6.38333117859e-23, 1.0556787807e-22, 7.1320018295e-23, 4.05315660252e-23, 4.70376584757e-23, 1.35285795604e-22, 6.10566981044e-23, 3.26719554998e-23, 1.43103634367e-22, 1.18345380007e-22, 7.92066899049e-23, 1.8134254972e-22, 1.87482449783e-22, 2.94331829238e-22, 1.80831733885e-22, 2.98308647455e-22, 2.32207707666e-22, 4.33390891702e-22, 4.94671222407e-22, 6.32659428281e-22, 7.17061486688e-22, 1.38665964871e-21, 1.40119114816e-21, 2.44173397263e-21],
        "var": [2.37211040144e-07, 0.000296657846775, 6.20232676738e-05, 1.39628209581e-05, 4.16163238697e-05, 2.66649039986e-05, 7.99103145255e-06, 1.06238294393e-05, 9.61923251452e-06, 1.22191204355e-05, 6.6246627739e-07, 3.83829018347e-07, 6.06065043485e-07, 6.14665339072e-07, 2.99179561125e-07, 1.1450283921e-07, 2.40418785324e-07, 7.79395861628e-07, 2.82156548792e-07, 5.81684219014e-07, 1.06534841393e-07, 6.02043357389e-08, 5.038150519e-08, 9.22966250982e-07, 1.34016389097e-07, 9.68952430227e-14, 2.80883673333e-18]
    },
    "erbbands": {
        "dmean": [0.206918329, 2.26282763481, 4.39597654343, 5.96388721466, 7.01093149185, 13.2793292999, 21.8479042053, 11.8648414612, 9.6489610672, 15.0336894989, 26.2626247406, 15.294046402, 19.6847572327, 16.8797893524, 5.83441877365, 7.11409330368, 8.66992092133, 12.7838382721, 7.21033811569, 6.62513637543, 5.77598810196, 7.28684234619, 9.54501056671, 10.8882036209, 8.91250133514, 10.588060379, 5.65018033981, 3.18285918236, 2.3250772953, 1.53259575367, 1.5467877388, 1.72292888165, 2.3686299324, 0.873283445835, 0.0523586273193, 0.00237053702585, 0.00013284094166, 1.84297132364e-05, 1.0214647773e-05, 1.79764410859e-05],
        "dmean2": [0.345801830292, 3.94472980499, 7.93981361389, 10.8547563553, 12.0471515656, 22.5496139526, 35.1232147217, 19.2883682251, 15.8825502396, 24.1350975037, 40.2442436218, 23.6954421997, 30.0993690491, 25.2263641357, 9.1704082489, 11.5869731903, 14.0348272324, 21.6071681976, 11.5317344666, 10.0358133316, 9.19408512115, 11.3994913101, 14.9096508026, 17.2577037811, 14.7823181152, 16.1096229553, 8.93516159058, 5.31028699875, 3.72267770767, 2.28817892075, 2.2236366272, 2.42317152023, 3.22271895409, 1.15575730801, 0.0760983303189, 0.00339985010214, 0.000179883572855, 2.4855367883e-05, 1.59775463544e-05, 2.98967916024e-05],
        "dvar": [0.0775443837047, 11.2594890594, 116.280059814, 156.239379883, 139.405395508, 442.731506348, 931.12890625, 531.11920166, 496.607208252, 1238.69909668, 5105.78759766, 2278.59545898, 3213.78662109, 1892.40466309, 298.17578125, 424.977111816, 785.874023438, 1111.91223145, 302.337432861, 489.922851562, 218.71534729, 336.561157227, 491.289825439, 530.077026367, 537.088439941, 549.502258301, 231.293334961, 158.722137451, 89.874130249, 27.7375526428, 21.2780685425, 45.2906646729, 206.382324219, 24.1548748016, 0.101914145052, 0.000203795949346, 5.64383128676e-07, 9.57139878466e-09, 5.30810895238e-10, 6.37305652695e-10],
        "dvar2": [0.209329903126, 31.8918914795, 328.128387451, 440.497711182, 370.612915039, 1201.83190918, 2269.46533203, 1151.0592041, 1308.5480957, 2802.07104492, 12486.4316406, 5386.73876953, 6864.22119141, 3751.57861328, 708.57623291, 1060.55090332, 1762.88354492, 3005.35766602, 731.890441895, 1169.65039062, 536.030761719, 801.711669922, 1149.30456543, 1270.40795898, 1432.71044922, 1222.4029541, 576.887634277, 417.185882568, 215.633377075, 61.1954994202, 44.6411590576, 79.5829544067, 381.705871582, 41.3791770935, 0.19656804204, 0.000389170687413, 1.01175317013e-06, 1.69128373528e-08, 1.0226554048e-09, 1.637622149e-09],
        "max": [2.5621445179, 28.1890201569, 93.4205245972, 104.532348633, 144.116485596, 245.241912842, 348.420562744, 372.318389893, 369.591033936, 626.39263916, 1133.95874023, 902.994750977, 1038.08740234, 762.812194824, 458.522583008, 405.391296387, 490.557830811, 303.587005615, 274.817596436, 461.240386963, 326.362670898, 333.082366943, 697.250549316, 271.894042969, 269.898803711, 440.017456055, 259.317352295, 191.723403931, 215.343582153, 92.8142700195, 97.4807128906, 205.16758728, 416.49899292, 136.264801025, 9.22944259644, 0.418970048428, 0.0223530065268, 0.00289808656089, 0.000637098914012, 0.000252420257311],
        "mean": [0.367404490709, 3.51898765564, 5.11754417419, 6.81273603439, 9.63981533051, 21.1333007812, 37.9034004211, 22.6486129761, 16.736946106, 22.8495235443, 38.641166687, 23.2058525085, 33.6347770691, 26.0333156586, 11.0169506073, 11.4159765244, 13.6965379715, 17.2998504639, 11.4534492493, 10.3189086914, 9.30024909973, 13.1429576874, 19.4336128235, 19.1571235657, 14.2184057236, 20.3966560364, 8.77898597717, 3.37857604027, 2.60608506203, 1.9694558382, 2.33576846123, 2.88415384293, 3.71330285072, 1.39728975296, 0.0752911046147, 0.00346984970383, 0.000219471839955, 3.21089646604e-05, 2.55759350694e-05, 4.64453587483e-05],
        "median": [0.186099410057, 1.47820496559, 2.48978877068, 2.91357088089, 6.61749601364, 11.4780845642, 20.5395050049, 11.6863288879, 8.47779750824, 7.95677375793, 13.8505916595, 7.5697054863, 6.78679466248, 7.1312994957, 4.23077869415, 4.2236289978, 4.40638113022, 7.09160423279, 4.00733852386, 3.40149307251, 3.58800792694, 3.88256430626, 5.07527542114, 5.77950811386, 5.2379989624, 5.27015113831, 2.95174407959, 0.856220245361, 0.433419466019, 0.301437854767, 0.480304956436, 0.537147164345, 0.536755561829, 0.174653828144, 0.00510969478637, 0.000283431698335, 4.06994004152e-05, 7.96436506789e-06, 1.93981722987e-05, 3.9911850763e-05],
        "min": [1.78474743718e-22, 2.17776056549e-21, 1.49561395645e-20, 1.35949460119e-19, 3.37937091235e-19, 2.6322740493e-19, 5.05193838274e-19, 5.9485230676e-19, 5.46519471485e-19, 4.90449395554e-19, 1.43082807227e-18, 3.00289351183e-18, 2.91307183027e-18, 1.89820848622e-18, 2.35167096597e-18, 6.12460655556e-18, 4.95808212774e-18, 2.71096389607e-18, 7.06440449979e-18, 9.77829558125e-18, 1.13558836922e-17, 1.62905429601e-17, 1.26904841894e-17, 1.04864490396e-17, 1.64894699712e-17, 1.12345611117e-17, 1.20759468969e-17, 1.97171187953e-17, 1.76664454125e-17, 1.9837966574e-17, 1.86572721287e-17, 1.65785871017e-17, 1.1116782173e-17, 1.18586159443e-17, 1.12338728975e-17, 5.98638550239e-18, 2.54129963986e-18, 1.30620049169e-18, 3.16978945302e-19, 3.49902472054e-20],
        "var": [0.171000435948, 18.2944412231, 78.5080947876, 130.736221313, 137.858078003, 742.119689941, 2176.68701172, 1211.16027832, 935.47277832, 2848.10253906, 6957.78369141, 4130.01708984, 8153.96386719, 3905.67114258, 781.739074707, 606.585205078, 1275.09997559, 1271.13171387, 596.955810547, 733.62322998, 385.695556641, 908.682800293, 2063.83984375, 1148.09533691, 641.042480469, 1429.96850586, 304.374023438, 134.020599365, 101.989524841, 43.4833526611, 45.956161499, 120.095542908, 450.981384277, 64.7386703491, 0.241597250104, 0.000489768804982, 1.44523812651e-06, 2.45815598987e-08, 1.26368182585e-09, 9.31984267538e-10]
    },
    "gfcc": {
        "mean": [-28.3832397461, 146.531173706, -122.447158813, 63.4668579102, -66.4981613159, 12.1881418228, -32.5700721741, 5.68679189682, -11.2641372681, -17.3202018738, 16.5039958954, -26.2164440155, 12.6250705719],
        "cov": [[4546.7890625, -520.541320801, -375.078948975, 206.5181427, -313.224731445, 232.760101318, -150.996917725, 196.580093384, -87.7032470703, 92.4542617798, -19.0336227417, -99.1022033691, 47.1951942444], [-520.541320801, 777.231811523, -144.690429688, -211.579071045, 224.621353149, -141.678283691, 228.118606567, -78.8224411011, 32.7976646423, -82.0519332886, 112.547821045, -60.4077148438, 23.6581554413], [-375.078948975, -144.690429688, 560.813171387, 97.6371459961, -97.3197097778, 117.000480652, -152.910171509, -38.6598129272, 57.9620475769, 0.0823982357979, -61.6966552734, 81.6133346558, 13.3021564484], [206.5181427, -211.579071045, 97.6371459961, 455.923675537, 74.7384338379, -53.5144920349, -30.5457191467, -3.61706495285, 108.818397522, -21.6534423828, -29.5975723267, 94.6461181641, -6.74172496796], [-313.224731445, 224.621353149, -97.3197097778, 74.7384338379, 251.8359375, -40.9755973816, 115.845306396, -11.7601699829, 38.9861717224, -22.9816150665, 44.0506896973, -8.67608451843, 17.4848937988], [232.760101318, -141.678283691, 117.000480652, -53.5144920349, -40.9755973816, 321.683624268, 12.3116779327, -27.1923084259, -9.63504981995, 46.8348464966, -49.9167175293, -20.4602909088, -12.4398918152], [-150.996917725, 228.118606567, -152.910171509, -30.5457191467, 115.845306396, 12.3116779327, 284.224700928, -3.59195756912, -3.25335335732, -26.6679916382, 34.0960769653, -27.1361656189, -7.79491329193], [196.580093384, -78.8224411011, -38.6598129272, -3.61706495285, -11.7601699829, -27.1923084259, -3.59195756912, 154.937835693, -5.37200498581, 6.53433084488, 5.96029949188, -28.0452880859, 24.0419807434], [-87.7032470703, 32.7976646423, 57.9620475769, 108.818397522, 38.9861717224, -9.63504981995, -3.25335335732, -5.37200498581, 136.904815674, 4.64392185211, -7.4049949646, 34.4989471436, -5.69783401489], [92.4542617798, -82.0519332886, 0.0823982357979, -21.6534423828, -22.9816150665, 46.8348464966, -26.6679916382, 6.53433084488, 4.64392185211, 79.8951644897, 7.98802566528, -5.63882446289, 7.01164102554], [-19.0336227417, 112.547821045, -61.6966552734, -29.5975723267, 44.0506896973, -49.9167175293, 34.0960769653, 5.96029949188, -7.4049949646, 7.98802566528, 97.075630188, 12.4362297058, 10.7171964645], [-99.1022033691, -60.4077148438, 81.6133346558, 94.6461181641, -8.67608451843, -20.4602909088, -27.1361656189, -28.0452880859, 34.4989471436, -5.63882446289, 12.4362297058, 100.244522095, 6.24092912674], [47.1951942444, 23.6581554413, 13.3021564484, -6.74172496796, 17.4848937988, -12.4398918152, -7.79491329193, 24.0419807434, -5.69783401489, 7.01164102554, 10.7171964645, 6.24092912674, 69.5448150635]],
        "icov": [[0.000510459416546, -0.000713475688826, 0.000878827122506, -0.00133286381606, 0.00149182416499, -0.00110198522452, 0.000635730684735, -0.000690696004312, 0.000549511576537, -0.000270444405032, -0.000263301888481, 0.000365329440683, -0.000583083834499], [-0.000713475688826, 0.00858092308044, -0.00261903950013, 0.00661669811234, -0.00578212551773, 0.00454370491207, -0.00420187646523, 0.00593186169863, -0.00632294779643, 0.00662362389266, -0.00502077350393, 0.00461900373921, -0.00237431237474], [0.000878827122506, -0.00261903950013, 0.00476566003636, -0.00330344517715, 0.00385730457492, -0.00377760222182, 0.00296066398732, -0.00175598345231, 0.000944268715102, -0.000324614840792, 0.0011274459539, -0.00198528077453, -0.00152934517246], [-0.00133286381606, 0.00661669811234, -0.00330344517715, 0.0102808773518, -0.00792825594544, 0.00526346080005, -0.00333301909268, 0.00398267991841, -0.00633081560954, 0.00458429101855, -0.000434943911387, -0.00129867717624, 0.000669211207423], [0.00149182416499, -0.00578212551773, 0.00385730457492, -0.00792825594544, 0.0131456069648, -0.00482033938169, 0.00151244248264, -0.00289912358858, 0.00234204041772, -0.00210019573569, -0.00126846053172, 0.00151302479208, -0.00308398343623], [-0.00110198522452, 0.00454370491207, -0.00377760222182, 0.00526346080005, -0.00482033938169, 0.00828792806715, -0.00401713652536, 0.00397533597425, -0.00272536277771, -0.000409289146774, 0.000837658531964, 0.00181301042903, 0.000831011799164], [0.000635730684735, -0.00420187646523, 0.00296066398732, -0.00333301909268, 0.00151244248264, -0.00401713652536, 0.00767251756042, -0.00313663226552, 0.00275860517286, -0.00085207039956, 0.000984374550171, -0.00185585999861, 0.0012808511965], [-0.000690696004312, 0.00593186169863, -0.00175598345231, 0.00398267991841, -0.00289912358858, 0.00397533597425, -0.00313663226552, 0.012108495459, -0.00497355498374, 0.00435008527711, -0.00423987954855, 0.00643467949703, -0.00469492562115], [0.000549511576537, -0.00632294779643, 0.000944268715102, -0.00633081560954, 0.00234204041772, -0.00272536277771, 0.00275860517286, -0.00497355498374, 0.0148512581363, -0.00731102377176, 0.00501224398613, -0.00542523013428, 0.00360430544242], [-0.000270444405032, 0.00662362389266, -0.000324614840792, 0.00458429101855, -0.00210019573569, -0.000409289146774, -0.00085207039956, 0.00435008527711, -0.00731102377176, 0.0219253525138, -0.00830502714962, 0.005455118604, -0.00472701434046], [-0.000263301888481, -0.00502077350393, 0.0011274459539, -0.000434943911387, -0.00126846053172, 0.000837658531964, 0.000984374550171, -0.00423987954855, 0.00501224398613, -0.00830502714962, 0.0195462331176, -0.00944024231285, 0.00275667500682], [0.000365329440683, 0.00461900373921, -0.00198528077453, -0.00129867717624, 0.00151302479208, 0.00181301042903, -0.00185585999861, 0.00643467949703, -0.00542523013428, 0.005455118604, -0.00944024231285, 0.0214501451701, -0.00551864504814], [-0.000583083834499, -0.00237431237474, -0.00152934517246, 0.000669211207423, -0.00308398343623, 0.000831011799164, 0.0012808511965, -0.00469492562115, 0.00360430544242, -0.00472701434046, 0.00275667500682, -0.00551864504814, 0.0194729771465]]
    },
    "melbands": {
        "dmean": [0.00221314979717, 0.0025251628831, 0.00096641149139, 0.000700136239175, 0.000725106860045, 0.000284245499643, 0.000152436827193, 0.000177586451173, 0.000218099012272, 8.87898277142e-05, 0.000103069956822, 7.98880282673e-05, 2.30181558436e-05, 2.06128788705e-05, 2.25935600611e-05, 1.60817908181e-05, 2.79484120256e-05, 1.40251459015e-05, 1.0606622709e-05, 7.35163212084e-06, 6.82905874783e-06, 7.72018847783e-06, 8.18664375402e-06, 1.03985021269e-05, 9.56317580858e-06, 6.42041277388e-06, 8.05566651252e-06, 7.41690200812e-06, 4.07573816119e-06, 2.70843906947e-06, 1.65861229107e-06, 1.44309058214e-06, 9.5075944273e-07, 8.65629942837e-07, 8.99272606603e-07, 9.1840723826e-07, 1.18267939797e-06, 1.75816364845e-06, 1.38694213092e-06, 5.45565626453e-07],
        "dmean2": [0.00374294770882, 0.00453403918073, 0.00175477762241, 0.00119492248632, 0.00118071306497, 0.000463026459329, 0.000252467027167, 0.000279533065623, 0.000335596501827, 0.000137371156598, 0.000157707225299, 0.00011738017929, 3.58222459909e-05, 3.24197681039e-05, 3.65730411431e-05, 2.6734538551e-05, 4.74460030091e-05, 2.27792643273e-05, 1.61079460668e-05, 1.20481145132e-05, 1.08134909169e-05, 1.20215700008e-05, 1.29103173094e-05, 1.63900440384e-05, 1.52681604959e-05, 1.0604993804e-05, 1.34453621286e-05, 1.12137149699e-05, 6.36714730717e-06, 4.66388337372e-06, 2.75728075394e-06, 2.39066889662e-06, 1.49429183693e-06, 1.29861109599e-06, 1.34691981657e-06, 1.31856199914e-06, 1.69420832208e-06, 2.38441316469e-06, 1.93899745682e-06, 7.33501451577e-07],
        "dvar": [9.08814581635e-06, 2.50410357694e-05, 4.08548930864e-06, 1.29179511532e-06, 9.14885163183e-07, 2.78369924445e-07, 1.19931485187e-07, 1.41419604915e-07, 3.2630282476e-07, 7.18001302857e-08, 8.80540369508e-08, 4.47452244146e-08, 4.6948755994e-09, 3.61512531022e-09, 4.80155604166e-09, 2.26846230689e-09, 5.68710989413e-09, 1.25215704472e-09, 9.808966972e-10, 6.46057707332e-10, 3.29763910623e-10, 4.76806538696e-10, 3.47939205225e-10, 6.56770582363e-10, 4.19163481702e-10, 2.99824304273e-10, 3.89924564859e-10, 2.78871259418e-10, 1.07992982612e-10, 1.05407280127e-10, 4.4000188909e-11, 3.46653469818e-11, 1.35014178657e-11, 8.38501924144e-12, 7.50334950422e-12, 9.05198398876e-12, 2.51747338254e-11, 1.13518645872e-10, 6.53677736939e-11, 9.1572556829e-12],
        "dvar2": [2.48691740126e-05, 6.96273127687e-05, 1.14342901725e-05, 3.41055147146e-06, 2.31937428907e-06, 6.02403645189e-07, 3.22401888297e-07, 3.18588519121e-07, 7.99887004632e-07, 1.68905614828e-07, 1.90928616917e-07, 8.63015898744e-08, 1.11014957227e-08, 8.92964902022e-09, 1.08821787137e-08, 5.78490988445e-09, 1.53172887707e-08, 3.07868597282e-09, 1.9614598834e-09, 1.8036399041e-09, 7.81933406913e-10, 1.12628195659e-09, 8.68302152401e-10, 1.60164337348e-09, 1.0154954655e-09, 8.01599286948e-10, 1.02096120447e-09, 5.98180394107e-10, 2.5973856399e-10, 2.91004720321e-10, 1.13982490113e-10, 8.6445323122e-11, 3.05497294129e-11, 1.86016028969e-11, 1.64534288971e-11, 1.94276400522e-11, 4.54246258663e-11, 2.02489691681e-10, 1.27472671307e-10, 1.50165175433e-11],
        "max": [0.0287514645606, 0.0429665371776, 0.0187215525657, 0.0157938450575, 0.0104438178241, 0.00761496275663, 0.00510608917102, 0.00587566476315, 0.00839705672115, 0.00484842900187, 0.00562609313056, 0.00405402248725, 0.00180502829608, 0.00112224777695, 0.00120799557772, 0.000913264055271, 0.000755074899644, 0.000542103778571, 0.000750427891035, 0.000603422173299, 0.000382954633096, 0.000413547590142, 0.000436443486251, 0.000461951247416, 0.000260684988461, 0.000229088473134, 0.00022132731101, 0.00033111841185, 0.000205272619496, 0.000117249212053, 0.000110062494059, 0.000123310950585, 7.14187262929e-05, 4.81197093904e-05, 5.50937402295e-05, 6.29092610325e-05, 0.000151467975229, 0.000312217103783, 0.000211491002119, 8.77799611771e-05],
        "mean": [0.00389660894871, 0.00350256147794, 0.0012104739435, 0.00105520826764, 0.00130116939545, 0.000540259294212, 0.000253238657024, 0.000266351184109, 0.000324649474351, 0.000128141982714, 0.000176532528712, 0.000119617383461, 3.83453771065e-05, 3.15318029607e-05, 3.29259491991e-05, 2.45472929237e-05, 3.52798015228e-05, 1.95028951566e-05, 1.68387578015e-05, 1.01168261608e-05, 1.04829832708e-05, 1.27302810142e-05, 1.47502569234e-05, 1.94601889234e-05, 1.54116878548e-05, 9.53034850681e-06, 1.22374704006e-05, 1.43225861393e-05, 6.45822365186e-06, 2.76142122857e-06, 1.67785947269e-06, 1.54106874106e-06, 1.15572925097e-06, 1.08663937226e-06, 1.28288615997e-06, 1.45464673551e-06, 1.89320223853e-06, 2.76086120721e-06, 2.15341492549e-06, 8.29108387279e-07],
        "median": [0.00181020586751, 0.00172579579521, 0.000583158573136, 0.000677750678733, 0.000747890153434, 0.000276111793937, 0.000122749275761, 8.52234297781e-05, 0.00010751109221, 3.54992589564e-05, 3.01664167637e-05, 2.87492257485e-05, 1.45007006722e-05, 9.1844558483e-06, 1.09230331873e-05, 7.89825026004e-06, 1.27826897369e-05, 6.25538996246e-06, 4.28874727731e-06, 3.99531882067e-06, 3.73205330106e-06, 3.65900086763e-06, 4.20250489697e-06, 4.42210239271e-06, 4.40962594439e-06, 3.23469657815e-06, 3.98379643229e-06, 3.32244235324e-06, 1.99979604076e-06, 7.67423898651e-07, 2.90266797265e-07, 2.42758119384e-07, 1.68199846939e-07, 1.46042040683e-07, 2.34687860257e-07, 2.91490380278e-07, 3.2894377e-07, 3.71714747871e-07, 3.41533535675e-07, 6.42152144792e-08],
        "min": [2.68395546011e-24, 5.75529881711e-24, 2.89290440074e-23, 2.23709056698e-23, 1.60446514176e-23, 1.31676031211e-23, 8.59117488529e-24, 5.32465452135e-24, 1.21862980203e-23, 2.10720603889e-23, 1.39666876636e-23, 7.0476983156e-24, 5.51106866414e-24, 1.53470790741e-23, 1.99280022393e-23, 5.4971275198e-24, 5.19881069659e-24, 9.77095029006e-24, 1.70243093768e-23, 1.21259304395e-23, 1.19887349063e-23, 1.38366849642e-23, 2.05365689846e-23, 6.18861892905e-24, 8.38861039318e-24, 1.20015262859e-23, 1.11334203585e-23, 6.18259203174e-24, 7.15111403597e-24, 8.2510717055e-24, 1.21007602546e-23, 1.03636017666e-23, 9.27150509603e-24, 1.15860032704e-23, 1.12703011362e-23, 9.41621452934e-24, 9.7529082523e-24, 7.95887604848e-24, 6.910686587e-24, 1.09881492562e-23],
        "var": [1.96810378839e-05, 2.22704675252e-05, 3.4078373119e-06, 1.60311014952e-06, 2.1887483399e-06, 6.55532517158e-07, 2.17568981498e-07, 3.065469798e-07, 5.05192360833e-07, 1.27334018885e-07, 2.34559109913e-07, 9.50937319999e-08, 1.15058949035e-08, 6.53829967945e-09, 6.81396050695e-09, 4.36869385112e-09, 6.23048235227e-09, 2.00812566575e-09, 2.49911713546e-09, 5.72538516597e-10, 6.04238881152e-10, 1.06171571534e-09, 1.23240073702e-09, 1.92643900832e-09, 8.22983736715e-10, 3.48684386919e-10, 5.13954045989e-10, 7.91455678772e-10, 1.74772016304e-10, 7.61511895209e-11, 3.93721374947e-11, 3.59451114706e-11, 1.8836670071e-11, 1.30356368061e-11, 1.42383006427e-11, 1.92529967663e-11, 6.23284548973e-11, 2.57108584423e-10, 1.4409111404e-10, 2.59774597666e-11]
    },
    "mfcc": {
        "mean": [-653.830627441, 140.672195435, 17.9435710907, 35.8212966919, 12.1522607803, -6.62852334976, 13.1445322037, -0.144402205944, -5.63742589951, 10.7106809616, -6.63946437836, 4.7190861702, -5.71982240677],
        "cov": [[3807.30664062, -638.564880371, -183.844436646, 4.21131563187, -94.4408950806, -17.8768482208, 32.153301239, -27.1135520935, 32.0582885742, 142.971466064, 37.1656990051, -34.9719238281, -47.9487686157], [-638.564880371, 956.568786621, -295.908050537, -79.7801589966, -77.1581878662, -66.2475128174, 174.053146362, -14.6846885681, -47.4338607788, 36.9273643494, -4.58401298523, -6.06873750687, -2.40445113182], [-183.844436646, -295.908050537, 642.038146973, -71.2038269043, 86.5357513428, 106.953216553, -175.366531372, 6.27154111862, 42.5059318542, -98.980430603, -1.87188327312, 10.4958782196, -1.18213057518], [4.21131563187, -79.7801589966, -71.2038269043, 456.179260254, 74.2822341919, -32.3954696655, -80.705909729, 101.15309906, 4.97240686417, -34.4695091248, -26.3408508301, 77.2181625366, 44.7435493469], [-94.4408950806, -77.1581878662, 86.5357513428, 74.2822341919, 215.446670532, -8.9721660614, -62.9426574707, -9.85871124268, 26.2720413208, -5.86154031754, -35.0929870605, 56.0521888733, -12.1195545197], [-17.8768482208, -66.2475128174, 106.953216553, -32.3954696655, -8.9721660614, 339.834075928, -20.9642066956, 49.3328514099, 35.5091133118, -23.8136959076, 68.4114303589, -52.16065979, 20.8962001801], [32.153301239, 174.053146362, -175.366531372, -80.705909729, -62.9426574707, -20.9642066956, 245.15625, -1.12083768845, -5.5699300766, 68.1472702026, 1.36456894875, -39.0596427917, -13.2736139297], [-27.1135520935, -14.6846885681, 6.27154111862, 101.15309906, -9.85871124268, 49.3328514099, -1.12083768845, 136.927536011, 17.593832016, -6.10491991043, 20.1607513428, 7.20218372345, 27.0433387756], [32.0582885742, -47.4338607788, 42.5059318542, 4.97240686417, 26.2720413208, 35.5091133118, -5.5699300766, 17.593832016, 115.363769531, 17.8004302979, 4.81825780869, -3.66295909882, -6.78260946274], [142.971466064, 36.9273643494, -98.980430603, -34.4695091248, -5.86154031754, -23.8136959076, 68.1472702026, -6.10491991043, 17.8004302979, 137.232177734, -3.08810305595, -17.4120845795, -12.2750282288], [37.1656990051, -4.58401298523, -1.87188327312, -26.3408508301, -35.0929870605, 68.4114303589, 1.36456894875, 20.1607513428, 4.81825780869, -3.08810305595, 100.615325928, -14.6521177292, 5.27446985245], [-34.9719238281, -6.06873750687, 10.4958782196, 77.2181625366, 56.0521888733, -52.16065979, -39.0596427917, 7.20218372345, -3.66295909882, -17.4120845795, -14.6521177292, 118.463615417, 5.46166181564], [-47.9487686157, -2.40445113182, -1.18213057518, 44.7435493469, -12.1195545197, 20.8962001801, -13.2736139297, 27.0433387756, -6.78260946274, -12.2750282288, 5.27446985245, 5.46166181564, 72.139175415]],
