{
"lowlevel": {
    "average_loudness": 0.741772711277,
    "barkbands_crest": {
        "dmean": 2.33521270752,
        "dmean2": 3.56228375435,
        "dvar": 5.71401643753,
        "dvar2": 11.6015367508,
        "max": 25.186460495,
        "mean": 12.9673843384,
        "median": 11.8145465851,
        "min": 2.91468143463,
        "var": 26.9030590057
    },
    "barkbands_flatness_db": {
        "dmean": 0.018940506503,
        "dmean2": 0.0285279098898,
        "dvar": 0.000345179025317,
        "dvar2": 0.000760753231589,
        "max": 0.352296024561,
        "mean": 0.204973429441,
        "median": 0.207024559379,
        "min": 0.0221384409815,
        "var": 0.00296977325343
    },
    "barkbands_kurtosis": {
        "dmean": 2.55875110626,
        "dmean2": 4.02681589127,
        "dvar": 12.289522171,
        "dvar2": 30.9827079773,
        "max": 42.9314537048,
        "mean": 4.56058740616,
        "median": 3.33872270584,
        "min": -1.4461877346,
        "var": 23.8713951111
    },
    "barkbands_skewness": {
        "dmean": 0.406437605619,
        "dmean2": 0.636919677258,
        "dvar": 0.162560477853,
        "dvar2": 0.402450591326,
        "max": 5.07543754578,
        "mean": 1.37572562695,
        "median": 1.34550273418,
        "min": -1.41611111164,
        "var": 0.715034246445
    },
    "barkbands_spread": {
        "dmean": 2.19743108749,
        "dmean2": 3.30261874199,
        "dvar": 10.3105669022,
        "dvar2": 16.2000083923,
        "max": 80.2593917847,
        "mean": 9.02454280853,
        "median": 8.15491676331,
        "min": 1.36368906498,
        "var": 24.6261730194
    },
    "dissonance": {
        "dmean": 0.0349988155067,
        "dmean2": 0.0600719489157,
        "dvar": 0.00102862296626,
        "dvar2": 0.00282701523975,
        "max": 0.49936234951,
        "mean": 0.419811785221,
        "median": 0.430617600679,
        "min": 0.21262550354,
        "var": 0.00276958639733
    },
    "dynamic_complexity": 3.66783761978,
    "erbbands_crest": {
        "dmean": 2.89876055717,
        "dmean2": 4.47720336914,
        "dvar": 8.36541080475,
        "dvar2": 20.7887878418,
        "max": 33.6408538818,
        "mean": 16.2907333374,
        "median": 13.9138469696,
        "min": 3.1637942791,
        "var": 77.5035247803
    },
    "erbbands_flatness_db": {
        "dmean": 0.0169228613377,
        "dmean2": 0.0245695952326,
        "dvar": 0.000315591401886,
        "dvar2": 0.000621939369012,
        "max": 0.421115398407,
        "mean": 0.250429362059,
        "median": 0.252889275551,
        "min": 0.067712046206,
        "var": 0.00361155509017
    },
    "erbbands_kurtosis": {
        "dmean": 2.34412193298,
        "dmean2": 3.6028983593,
        "dvar": 15.7102603912,
        "dvar2": 37.9724273682,
        "max": 46.0823707581,
        "mean": 3.70660376549,
        "median": 1.47491264343,
        "min": -1.43950879574,
        "var": 32.5309638977
    },
    "erbbands_skewness": {
        "dmean": 0.432936877012,
        "dmean2": 0.660876333714,
        "dvar": 0.200965434313,
        "dvar2": 0.471928596497,
        "max": 5.35780858994,
        "mean": 1.0919328928,
        "median": 0.869114458561,
        "min": -1.1602241993,
        "var": 0.90827101469
    },
    "erbbands_spread": {
        "dmean": 3.21605658531,
        "dmean2": 4.76917028427,
        "dvar": 13.2101364136,
        "dvar2": 26.578496933,
        "max": 64.1660461426,
        "mean": 17.0584259033,
        "median": 14.6039590836,
        "min": 1.87113070488,
        "var": 97.8506469727
    },
    "hfc": {
        "dmean": 3.42017889023,
        "dmean2": 4.97164154053,
        "dvar": 18.7551345825,
        "dvar2": 37.9717597961,
        "max": 85.2821807861,
        "mean": 13.9897928238,
        "median": 10.7013368607,
        "min": 4.23840447183e-07,
        "var": 156.990402222
    },
    "melbands_crest": {
        "dmean": 2.81774950027,
        "dmean2": 4.29960155487,
        "dvar": 6.98033952713,
        "dvar2": 14.5438203812,
        "max": 32.1099967957,
        "mean": 16.4470558167,
        "median": 15.2881174088,
        "min": 4.55915403366,
        "var": 37.9071273804
    },
    "melbands_flatness_db": {
        "dmean": 0.0196562595665,
        "dmean2": 0.0293036084622,
        "dvar": 0.000369857123587,
        "dvar2": 0.000817334454041,
        "max": 0.427042126656,
        "mean": 0.261243760586,
        "median": 0.25153580308,
        "min": 0.0622587017715,
        "var": 0.00388862728141
    },
    "melbands_kurtosis": {
        "dmean": 3.01493239403,
        "dmean2": 4.79099273682,
        "dvar": 14.3070640564,
        "dvar2": 36.6075019836,
        "max": 51.1801261902,
        "mean": 6.43787479401,
        "median": 4.96039247513,
        "min": -1.19415986538,
        "var": 35.5972595215
    },
    "melbands_skewness": {
        "dmean": 0.414626181126,
        "dmean2": 0.633397817612,
        "dvar": 0.155807510018,
        "dvar2": 0.389885902405,
        "max": 4.83294487,
        "mean": 1.39098954201,
        "median": 1.2775810957,
        "min": -1.63701331615,
        "var": 1.14309608936
    },
    "melbands_spread": {
        "dmean": 3.31125545502,
        "dmean2": 5.04593467712,
        "dvar": 15.2463293076,
        "dvar2": 32.9584197998,
        "max": 61.6239776611,
        "mean": 12.8340806961,
        "median": 11.8074932098,
        "min": 2.28610658646,
        "var": 37.3298149109
    },
    "pitch_salience": {
        "dmean": 0.0571020841599,
        "dmean2": 0.0890750735998,
        "dvar": 0.00250280275941,
        "dvar2": 0.00635016476735,
        "max": 0.816510498524,
        "mean": 0.476182311773,
        "median": 0.495428055525,
        "min": 0.105749107897,
        "var": 0.0240922980011
    },
    "silence_rate_20dB": {
        "dmean": 0,
        "dmean2": 0,
        "dvar": 0,
        "dvar2": 0,
        "max": 1,
        "mean": 1,
        "median": 1,
        "min": 1,
        "var": 0
    },
    "silence_rate_30dB": {
        "dmean": 0.0030959751457,
        "dmean2": 0.00619674660265,
        "dvar": 0.003086369019,
        "dvar2": 0.00615844503045,
        "max": 1,
        "mean": 0.99535959959,
        "median": 1,
        "min": 0,
        "var": 0.0046188053675
    },
    "silence_rate_60dB": {
        "dmean": 0.0263157896698,
        "dmean2": 0.0526723451912,
        "dvar": 0.0256234742701,
        "dvar2": 0.0622925981879,
        "max": 1,
        "mean": 0.0688321739435,
        "median": 0,
        "min": 0,
        "var": 0.0640942677855
    },
    "spectral_centroid": {
        "dmean": 122.696372986,
        "dmean2": 181.223190308,
        "dvar": 97499.3359375,
        "dvar2": 114724.625,
        "max": 11320.5253906,
        "mean": 963.885314941,
        "median": 872.168395996,
        "min": 298.55166626,
        "var": 230248.484375
    },
    "spectral_complexity": {
        "dmean": 1.50773990154,
        "dmean2": 2.52672338486,
        "dvar": 2.09978652,
        "dvar2": 5.56918668747,
        "max": 32,
        "mean": 12.3387470245,
        "median": 11,
        "min": 0,
        "var": 36.8303413391
    },
    "spectral_decrease": {
        "dmean": 1.21479482029e-09,
        "dmean2": 1.78555925601e-09,
        "dvar": 2.20925486632e-18,
        "dvar2": 5.17232645589e-18,
        "max": -1.11994481219e-17,
        "mean": -4.98974239704e-09,
        "median": -3.56725227135e-09,
        "min": -3.16835091496e-08,
        "var": 2.12885766707e-17
    },
    "spectral_energy": {
        "dmean": 0.00487868674099,
        "dmean2": 0.00716351252049,
        "dvar": 3.5296776332e-05,
        "dvar2": 8.18132393761e-05,
        "max": 0.125875413418,
        "mean": 0.0201013516635,
        "median": 0.0144348442554,
        "min": 8.07129571512e-11,
        "var": 0.000340190483257
    },
    "spectral_energyband_high": {
        "dmean": 2.35561856243e-05,
        "dmean2": 3.53029681719e-05,
        "dvar": 1.53523993518e-09,
        "dvar2": 3.44635697758e-09,
        "max": 0.00066396931652,
        "mean": 9.69245957094e-05,
        "median": 6.904379552e-05,
        "min": 2.77991293179e-11,
        "var": 1.06298072566e-08
    },
    "spectral_energyband_low": {
        "dmean": 0.000357402954251,
        "dmean2": 0.000601252075285,
        "dvar": 7.20108459973e-07,
        "dvar2": 2.02567343877e-06,
        "max": 0.0173845998943,
        "mean": 0.00168265087996,
        "median": 0.000243012531428,
        "min": 7.58199752982e-12,
        "var": 9.76889714366e-06
    },
    "spectral_energyband_middle_high": {
        "dmean": 0.00213461066596,
        "dmean2": 0.00321079324931,
        "dvar": 1.05129738586e-05,
        "dvar2": 2.1649446353e-05,
        "max": 0.0451825410128,
        "mean": 0.00614197878167,
        "median": 0.00374653120525,
        "min": 1.64977077138e-11,
        "var": 4.08650084864e-05
    },
    "spectral_energyband_middle_low": {
        "dmean": 0.00352707854472,
        "dmean2": 0.00510794250295,
        "dvar": 3.09536444547e-05,
        "dvar2": 7.45464349166e-05,
        "max": 0.101455368102,
        "mean": 0.0131440376863,
        "median": 0.00770828174427,
        "min": 2.63666068145e-11,
        "var": 0.000245934177656
    },
    "spectral_entropy": {
        "dmean": 0.140147462487,
        "dmean2": 0.205891087651,
        "dvar": 0.0248596798629,
        "dvar2": 0.041849065572,
        "max": 9.79828262329,
        "mean": 6.7075548172,
        "median": 6.61119747162,
        "min": 5.53505754471,
        "var": 0.289345622063
    },
    "spectral_flux": {
        "dmean": 0.012977716513,
        "dmean2": 0.0221179034561,
        "dvar": 0.000175173263415,
        "dvar2": 0.00048162357416,
        "max": 0.164498955011,
        "mean": 0.0474579371512,
        "median": 0.0461471937597,
        "min": 1.7080710677e-05,
        "var": 0.000642360886559
    },
    "spectral_kurtosis": {
        "dmean": 3.55287384987,
        "dmean2": 6.19234418869,
        "dvar": 16.3444671631,
        "dvar2": 47.9471130371,
        "max": 58.811214447,
        "mean": 11.6662063599,
        "median": 9.50074291229,
        "min": -1.20097410679,
        "var": 49.2838134766
    },
    "spectral_rms": {
        "dmean": 0.000534254824743,
        "dmean2": 0.000779322290327,
        "dvar": 2.7727116958e-07,
        "dvar2": 6.38407357201e-07,
        "max": 0.01108175423,
        "mean": 0.00402754638344,
        "median": 0.00375270238146,
        "min": 2.8061424473e-07,
        "var": 3.38990730597e-06
    },
    "spectral_rolloff": {
        "dmean": 204.464935303,
        "dmean2": 349.601013184,
        "dvar": 293553.375,
        "dvar2": 437091.84375,
        "max": 14577.9785156,
        "mean": 1035.59545898,
        "median": 1055.12695312,
        "min": 150.732421875,
        "var": 400208.59375
    },
    "spectral_skewness": {
        "dmean": 0.311276823282,
        "dmean2": 0.523286223412,
        "dvar": 0.0871877968311,
        "dvar2": 0.245432108641,
        "max": 5.57743167877,
        "mean": 2.47231173515,
        "median": 2.3374209404,
        "min": -0.012551382184,
        "var": 0.41664069891
    },
    "spectral_spread": {
        "dmean": 258788.625,
        "dmean2": 395921.0625,
        "dvar": 1.07476123648e+12,
        "dvar2": 1.01262098432e+12,
        "max": 41199656,
        "mean": 3074176.5,
        "median": 3177825.75,
        "min": 982511.4375,
        "var": 1.71160947917e+12
    },
    "spectral_strongpeak": {
        "dmean": 0.649084746838,
        "dmean2": 0.969156086445,
        "dvar": 0.632797837257,
        "dvar2": 1.43919992447,
        "max": 10.5525579453,
        "mean": 2.01275610924,
        "median": 1.62460529804,
        "min": 3.55435404344e-05,
        "var": 2.7426264286
    },
    "zerocrossingrate": {
        "dmean": 0.00439453125,
        "dmean2": 0.00534726586193,
        "dvar": 0.000117577634228,
        "dvar2": 0.000109378459456,
        "max": 0.4423828125,
        "mean": 0.0421107634902,
        "median": 0.04150390625,
        "min": 0.0078125,
        "var": 0.000346762302797
    },
    "barkbands": {
        "dmean": [3.43276769854e-05, 0.000161233823746, 0.000129369189381, 0.000291374599328, 0.000636256998405, 0.000996591174044, 0.000912280345801, 0.00109489576425, 0.000765300297644, 0.000516952306498, 0.00140757730696, 0.000489515718073, 0.000241215981077, 0.000156083580805, 9.14653137443e-05, 0.000130863700178, 4.78018810099e-05, 4.42526506959e-05, 3.78531003662e-05, 1.91867475223e-05, 9.1844894996e-06, 7.60809825806e-06, 4.83226995129e-06, 2.50763605436e-06, 1.24885718833e-06, 1.85105943729e-06, 1.10341630943e-07],
        "dmean2": [6.06591638643e-05, 0.000268954026978, 0.000207589444472, 0.000471862091217, 0.000931622169446, 0.00160880188923, 0.00151940004434, 0.00141599134076, 0.00101391470525, 0.000634268159047, 0.00207192753442, 0.000768672092818, 0.000364380073734, 0.000235172919929, 0.000149923958816, 0.000213060120586, 8.15880630398e-05, 7.26054131519e-05, 5.89227929595e-05, 2.99999537674e-05, 1.4899324924e-05, 1.17117451737e-05, 7.28267423256e-06, 3.64318339052e-06, 1.88242813692e-06, 2.66957022177e-06, 1.67327215195e-07],
        "dvar": [1.2358160717e-08, 3.00089340044e-07, 7.82508280395e-08, 1.09467498532e-06, 1.96682117348e-06, 3.9565447878e-06, 5.05627394887e-06, 8.37325933389e-06, 5.09964002049e-06, 2.49078675552e-06, 7.94243351265e-06, 1.42374983625e-06, 8.77230377228e-07, 1.12906349159e-07, 3.24824753761e-08, 5.21657668173e-08, 7.88561393961e-09, 4.44883507811e-09, 4.11015310675e-09, 1.27698973618e-09, 2.4795143716e-10, 1.7442199074e-10, 1.23847640476e-10, 2.31058679134e-11, 4.68391167865e-12, 1.29232562152e-11, 7.02981442047e-14],
        "dvar2": [3.93156582845e-08, 8.66477876116e-07, 1.91122424553e-07, 2.55986105913e-06, 3.31574756274e-06, 1.0549716535e-05, 1.69727736647e-05, 1.55950910994e-05, 8.19347587822e-06, 3.95326560465e-06, 1.55565630848e-05, 3.93777918362e-06, 1.89607555967e-06, 2.57955719007e-07, 7.67931140899e-08, 1.29261209736e-07, 2.18941842434e-08, 1.15065610373e-08, 8.50497450244e-09, 2.64775468217e-09, 5.94976456991e-10, 4.12877981804e-10, 2.55901355661e-10, 4.02953156953e-11, 9.30311383485e-12, 2.38831281141e-11, 1.23542221917e-13],
        "max": [0.00181413511746, 0.0135112488642, 0.00602872623131, 0.0420304760337, 0.0641315579414, 0.0364041812718, 0.0356096252799, 0.0821862146258, 0.0513419955969, 0.0367057099938, 0.0408910922706, 0.0222910325974, 0.0349763408303, 0.00667372066528, 0.00249052420259, 0.00453941803426, 0.00183831492905, 0.000664783641696, 0.00144593336154, 0.000499995599966, 0.000335980264936, 0.000233353959629, 0.000212037411984, 0.00010798733274, 5.44501817785e-05, 8.62179149408e-05, 7.58671285439e-06],
        "mean": [9.85374863376e-05, 0.000639832927845, 0.00053301412845, 0.000886837195139, 0.00202770694159, 0.0021028353367, 0.00193091854453, 0.00318786245771, 0.00175751035567, 0.00151052488945, 0.00268914690241, 0.00097506120801, 0.000623127736617, 0.000333772157319, 0.000179498412763, 0.000255549326539, 9.41429243539e-05, 8.28722040751e-05, 7.62719428167e-05, 4.41475895059e-05, 2.38399570662e-05, 1.81504183274e-05, 1.21004877656e-05, 7.50790331949e-06, 4.40983149019e-06, 5.95769233769e-06, 2.20859604383e-07],
        "median": [5.34289142706e-07, 2.20946894842e-05, 0.000110915556434, 0.000160033887369, 0.000444014789537, 0.000650335452519, 0.000357963115675, 0.000574922014493, 0.000300365994917, 0.000275659520412, 0.00056313641835, 0.000281909131445, 2.1200727133e-05, 0.000101039513538, 6.02282452746e-05, 0.000138526869705, 5.05517200509e-05, 5.27981173946e-05, 4.79854788864e-05, 2.54667138506e-05, 1.24404687085e-05, 1.13784981295e-05, 6.74755847285e-06, 4.46771991847e-06, 2.62550474872e-06, 3.008280828e-06, 8.08324926993e-08],
        "min": [7.01662512814e-12, 1.70675973354e-12, 3.82146788172e-13, 1.66157192172e-12, 1.13283698828e-12, 3.46003867918e-12, 1.77682651578e-12, 3.79746060986e-12, 7.15085889808e-12, 2.29761153679e-12, 1.04200079554e-12, 1.21994569394e-12, 5.45484122282e-13, 1.85678100499e-12, 6.93068324085e-13, 8.23669040959e-13, 1.79167531505e-12, 8.50235084161e-13, 2.25456610846e-12, 1.04380946161e-12, 1.49712479827e-12, 1.8416425069e-12, 3.0925804452e-12, 3.53508238307e-12, 4.68303607698e-12, 4.33180184431e-12, 9.18387067783e-12],
        "var": [7.57560840725e-08, 2.59490434473e-06, 1.01572504718e-06, 7.80285336077e-06, 2.56566418102e-05, 1.22023511722e-05, 1.16033743325e-05, 5.61316592211e-05, 2.34504768741e-05, 1.74945380422e-05, 2.19311714318e-05, 5.88619150221e-06, 6.41717770122e-06, 4.91215814691e-07, 8.72814354125e-08, 1.39837496249e-07, 1.73177365781e-08, 8.70020588906e-09, 1.02299946292e-08, 3.87123844092e-09, 1.27678145834e-09, 5.40064826193e-10, 3.85655590796e-10, 1.11321230012e-10, 2.81679887748e-11, 8.24342955008e-11, 3.20093127351e-13]
    },
    "erbbands": {
        "dmean": [0.00632414082065, 0.0328601412475, 0.121911108494, 0.568674564362, 1.93092596531, 1.90439665318, 5.82356548309, 7.41541862488, 15.5636129379, 14.5121545792, 26.8194408417, 16.7922878265, 19.6003723145, 8.83313369751, 65.8982467651, 19.7630500793, 11.7348251343, 8.93180847168, 4.5464348793, 6.01931810379, 4.90191173553, 2.09040880203, 1.57960188389, 3.40095758438, 0.69810885191, 0.864853322506, 0.454807430506, 0.369541108608, 0.16027623415, 0.25118330121, 0.164124637842, 0.0616143718362, 0.0357611067593, 0.0166414808482, 0.0108374161646, 0.013705290854, 0.00216148653999, 0.000231951082242, 7.4153690548e-06, 5.6477142607e-06],
        "dmean2": [0.0104841021821, 0.0538596734405, 0.190116524696, 0.91935312748, 2.70802760124, 2.99979996681, 9.58193778992, 11.8027687073, 26.5810508728, 18.8986644745, 36.1582756042, 22.1205654144, 23.654296875, 13.0062828064, 98.6108627319, 31.72747612, 19.2067642212, 13.6502752304, 7.1372461319, 9.67425060272, 7.98130178452, 3.54423117638, 2.6655421257, 5.33184432983, 1.14510917664, 1.37326109409, 0.697113513947, 0.623736560345, 0.258717238903, 0.362577676773, 0.237242251635, 0.091804549098, 0.0519701465964, 0.0246830526739, 0.0165401976556, 0.0196508318186, 0.00324626406655, 0.000339901744155, 1.0743524399e-05, 8.2417673184e-06],
        "dvar": [0.000504323281348, 0.0120422011241, 0.0712401196361, 2.83465576172, 25.8600769043, 15.2858819962, 239.694107056, 247.652694702, 1901.18457031, 1055.15539551, 6183.16748047, 2564.77197266, 3864.33129883, 178.454040527, 18909.1914062, 2236.00415039, 1952.73022461, 425.233703613, 56.3375320435, 70.2090835571, 55.4491462708, 24.1650714874, 7.49103689194, 34.3494338989, 1.56366348267, 3.14333462715, 0.675998151302, 0.315318673849, 0.0531818419695, 0.365361273289, 0.12745025754, 0.0119017260149, 0.00444622011855, 0.00137179973535, 0.000367261294741, 0.000748709426261, 2.1517771529e-05, 2.37836658812e-07, 1.8155732473e-10, 4.64458471683e-11],
        "dvar2": [0.00153069384396, 0.0329165011644, 0.165130093694, 7.47930765152, 39.6294517517, 33.9039421082, 701.409790039, 629.27923584, 6561.078125, 1550.75183105, 12642.2939453, 4164.91943359, 5791.27294922, 382.207244873, 37545.328125, 5846.58837891, 4490.70898438, 989.42980957, 144.889541626, 169.390197754, 142.295455933, 67.4902114868, 21.8495616913, 74.2915039062, 4.53063201904, 6.52253580093, 1.48150610924, 0.866241753101, 0.140139430761, 0.725984632969, 0.247385010123, 0.0244814883918, 0.00834572967142, 0.00230362103321, 0.000783490366302, 0.00131117599085, 4.14757196268e-05, 3.96931056912e-07, 3.05368230702e-10, 1.06444054959e-10],
        "max": [0.537474453449, 2.32051587105, 5.12767839432, 55.1956710815, 202.903701782, 142.021774292, 299.803985596, 346.715240479, 691.731750488, 838.702514648, 2278.97509766, 1473.95117188, 1441.73522949, 217.383346558, 2002.0670166, 1138.72607422, 1554.74682617, 490.830871582, 90.7902603149, 116.464195251, 148.662765503, 124.128997803, 32.3904151917, 135.267944336, 29.9842891693, 34.4209785461, 15.3948335648, 6.83660030365, 3.15514230728, 11.5803346634, 8.79164791107, 2.45685338974, 1.3130184412, 1.2328286171, 0.316715657711, 0.639753520489, 0.157957941294, 0.0157581530511, 0.000449875835329, 0.000143468641909],
        "mean": [0.0300762038678, 0.0986579358578, 0.468430519104, 2.07822275162, 6.46659374237, 5.18632459641, 11.3925495148, 15.7990045547, 29.8244476318, 42.5871315002, 70.4971694946, 41.0931472778, 59.3441123962, 23.4981384277, 127.753936768, 46.6249275208, 32.5708236694, 22.4111251831, 10.1819286346, 12.4438762665, 10.4079809189, 4.62451791763, 3.64212679863, 6.80435657501, 1.91570007801, 2.02698969841, 1.21107578278, 0.878941357136, 0.450135976076, 0.605263948441, 0.418501675129, 0.185175344348, 0.102955684066, 0.0514180585742, 0.0361598618329, 0.0402140021324, 0.00706294598058, 0.00073129410157, 2.97062251775e-05, 2.40653189394e-05],
        "median": [0.000308744900394, 0.00943121314049, 0.122238375247, 0.474395811558, 0.759170353413, 1.48938131332, 3.38451004028, 5.60245895386, 6.04660797119, 11.2082042694, 10.942358017, 8.5851984024, 10.1150121689, 14.2815732956, 22.8474845886, 15.6275224686, 3.60087203979, 6.38850784302, 6.45786094666, 8.86416244507, 7.41084098816, 2.78428959846, 2.04272794724, 4.20913743973, 1.21470713615, 1.19749879837, 0.612273156643, 0.58317565918, 0.327520549297, 0.285433888435, 0.212088942528, 0.116386458278, 0.0640913918614, 0.0292209181935, 0.0210857577622, 0.0204455461353, 0.00363082275726, 0.000400773104047, 2.26020038099e-05, 1.78841637535e-05],
        "min": [1.18657278447e-10, 7.77497927151e-11, 3.72315678288e-10, 4.67940663995e-09, 3.76307340844e-09, 4.06539379938e-09, 5.93139048988e-09, 3.85801541825e-08, 2.48324436569e-08, 6.15818365191e-08, 7.19229191759e-08, 1.10721046553e-07, 6.47596962722e-08, 6.20714928345e-08, 4.138528098e-08, 6.1505254223e-08, 2.62178510013e-08, 1.01244111761e-07, 4.46966588186e-08, 3.81050107023e-08, 6.74501094977e-08, 8.38826181848e-08, 6.28570049344e-08, 1.52244155061e-07, 4.40319034567e-08, 5.80251153792e-08, 6.49082707582e-08, 5.03324422141e-08, 6.47769482498e-08, 9.21148526345e-08, 9.13025175464e-08, 6.14162729562e-08, 6.64475336976e-08, 5.7043237689e-08, 3.12407166803e-08, 1.15540021994e-08, 9.80687442365e-09, 3.63601859732e-09, 1.362536306e-09, 1.38268022032e-10],
        "var": [0.00678322929889, 0.0515244714916, 0.682542622089, 19.7104892731, 318.538848877, 136.357543945, 572.191040039, 716.713195801, 3342.43994141, 7368.49121094, 33191.4765625, 12888.1464844, 26983.9140625, 786.195495605, 53538.5234375, 12844.5078125, 13530.4023438, 2410.73242188, 158.371383667, 190.673522949, 136.918731689, 38.8075447083, 19.5678043365, 84.827835083, 4.98422431946, 8.27689552307, 3.27714061737, 0.870601594448, 0.217231631279, 1.21169531345, 0.529988646507, 0.0588897280395, 0.0177387688309, 0.00619758293033, 0.00194941170048, 0.00395300472155, 0.000129386782646, 1.46109687194e-06, 1.21930499031e-09, 4.49970921634e-10]
    },
    "gfcc": {
        "mean": [-73.1628723145, 97.2507858276, -149.703430176, -13.1415739059, -75.4506759644, -6.93361091614, -41.4748268127, -0.16821745038, -29.2395915985, -4.34561109543, -18.1284809113, 4.6401720047, -10.4987916946],
        "cov": [[7267.80175781, 333.101043701, 178.505340576, 3.08610677719, 6.35117387772, 116.318725586, -506.650115967, 32.8166160583, -206.660888672, 265.936584473, -211.522994995, -353.238983154, -558.386047363], [333.101043701, 3579.63964844, 1698.53869629, 777.698547363, 1075.64526367, 80.2775344849, 616.047241211, 175.034515381, 705.191223145, 25.4697589874, -65.762298584, -652.835876465, -257.310119629], [178.505340576, 1698.53869629, 1185.22436523, 556.208862305, 576.061828613, 88.8244094849, 288.446746826, 166.690811157, 301.777801514, 64.7395782471, -112.355018616, -375.113037109, -161.227859497], [3.08610677719, 777.698547363, 556.208862305, 447.133026123, 314.65057373, 58.4587898254, 160.900787354, 64.4950942993, 128.809356689, -2.60599923134, -77.4953613281, -164.443527222, -46.4522972107], [6.35117387772, 1075.64526367, 576.061828613, 314.65057373, 435.635650635, 59.1591415405, 192.135757446, 68.7548599243, 200.248825073, 7.18231630325, -38.5352706909, -192.995849609, -72.7892379761], [116.318725586, 80.2775344849, 88.8244094849, 58.4587898254, 59.1591415405, 134.549179077, 71.032119751, 21.2944965363, 11.3674707413, -26.6861057281, -53.5667991638, -73.7653198242, -14.1182756424], [-506.650115967, 616.047241211, 288.446746826, 160.900787354, 192.135757446, 71.032119751, 441.122589111, 110.390975952, 206.409484863, -67.5614624023, -5.42969226837, -93.4619750977, 30.1549129486], [32.8166160583, 175.034515381, 166.690811157, 64.4950942993, 68.7548599243, 21.2944965363, 110.390975952, 118.42993927, 69.1812744141, 24.6753349304, -12.1477394104, -56.2245254517, -19.2602100372], [-206.660888672, 705.191223145, 301.777801514, 128.809356689, 200.248825073, 11.3674707413, 206.409484863, 69.1812744141, 266.326446533, 20.5009040833, -4.30924224854, -129.086196899, -39.1845207214], [265.936584473, 25.4697589874, 64.7395782471, -2.60599923134, 7.18231630325, -26.6861057281, -67.5614624023, 24.6753349304, 20.5009040833, 141.021835327, 0.605629205704, -51.1856307983, -72.4737701416], [-211.522994995, -65.762298584, -112.355018616, -77.4953613281, -38.5352706909, -53.5667991638, -5.42969226837, -12.1477394104, -4.30924224854, 0.605629205704, 110.858894348, 92.553565979, 36.7152786255], [-353.238983154, -652.835876465, -375.113037109, -164.443527222, -192.995849609, -73.7653198242, -93.4619750977, -56.2245254517, -129.086196899, -51.1856307983, 92.553565979, 287.757629395, 129.856079102], [-558.386047363, -257.310119629, -161.227859497, -46.4522972107, -72.7892379761, -14.1182756424, 30.1549129486, -19.2602100372, -39.1845207214, -72.4737701416, 36.7152786255, 129.856079102, 145.258255005]],
        "icov": [[0.000277230807114, -0.000450246501714, 0.00040865605115, -0.000142774006235, 0.000443485652795, -0.000480221176986, 0.000313134019962, -0.000679467339069, 0.000555047823582, -0.00019332949887, 0.000553873600438, -0.000545573304407, 0.00109751836862], [-0.000450246501714, 0.00416543707252, -0.00316914287396, 0.0011137528345, -0.00446917396039, 0.00290123419836, -0.00120796554256, 0.00397988781333, -0.00363607774489, 0.00253657833673, -0.00378161319532, 0.00405785255134, -0.00107962312177], [0.00040865605115, -0.00316914287396, 0.00656293146312, -0.00321556767449, 0.000753303524107, -0.00154063221999, 0.00102385482751, -0.00522119784728, 0.00260568247177, -0.00228198291734, 0.00315907527693, -0.00157099054195, 0.00170642801095], [-0.000142774006235, 0.0011137528345, -0.00321556767449, 0.00698300357908, -0.00350274308585, 0.00118222390302, -0.000983396545053, 0.00183170044329, 4.56696907349e-05, 0.000600804574788, 0.00166165165137, 0.000474349595606, -0.00163719849661], [0.000443485652795, -0.00446917396039, 0.000753303524107, -0.00350274308585, 0.0134985772893, -0.00466990144923, 0.0013255685335, -0.00271904305555, 0.00131650513504, -0.00153915863484, 0.00133636547253, -0.0037927730009, 0.00181870290544], [-0.000480221176986, 0.00290123419836, -0.00154063221999, 0.00118222390302, -0.00466990144923, 0.0138432532549, -0.00290328054689, 0.0021048982162, -8.3302234998e-05, 0.00332168722525, 0.00118568493053, 0.00549829984084, -0.00173170072958], [0.000313134019962, -0.00120796554256, 0.00102385482751, -0.000983396545053, 0.0013255685335, -0.00290328054689, 0.00661819148809, -0.00508230831474, -0.00247722747736, 0.00240415101871, -0.000379113771487, -0.000542385445442, -0.00066790333949], [-0.000679467339069, 0.00397988781333, -0.00522119784728, 0.00183170044329, -0.00271904305555, 0.0021048982162, -0.00508230831474, 0.0183054506779, -0.00358621799387, -0.00157285190653, -0.00320764863864, 0.00325987092219, -0.00230273115449], [0.000555047823582, -0.00363607774489, 0.00260568247177, 4.56696907349e-05, 0.00131650513504, -8.3302234998e-05, -0.00247722747736, -0.00358621799387, 0.0126599743962, -0.00391755951568, 0.00257114809938, -0.00113763799891, 0.00111749616917], [-0.00019332949887, 0.00253657833673, -0.00228198291734, 0.000600804574788, -0.00153915863484, 0.00332168722525, 0.00240415101871, -0.00157285190653, -0.00391755951568, 0.0142416954041, -0.00420126505196, 0.00332355056889, 0.00439290143549], [0.000553873600438, -0.00378161319532, 0.00315907527693, 0.00166165165137, 0.00133636547253, 0.00118568493053, -0.000379113771487, -0.00320764863864, 0.00257114809938, -0.00420126505196, 0.0201111473143, -0.00917689595371, 0.00162447534967], [-0.000545573304407, 0.00405785255134, -0.00157099054195, 0.000474349595606, -0.0037927730009, 0.00549829984084, -0.000542385445442, 0.00325987092219, -0.00113763799891, 0.00332355056889, -0.00917689595371, 0.0163075719029, -0.00823006220162], [0.00109751836862, -0.00107962312177, 0.00170642801095, -0.00163719849661, 0.00181870290544, -0.00173170072958, -0.00066790333949, -0.00230273115449, 0.00111749616917, 0.00439290143549, 0.00162447534967, -0.00823006220162, 0.0205776616931]]
    },
    "melbands": {
        "dmean": [4.95152889926e-05, 5.33054844709e-05, 0.00013386333012, 0.000145420592162, 0.000158176248078, 0.000197395042051, 0.000208912024391, 0.000170311846887, 0.000236326653976, 9.82964411378e-05, 9.69743705355e-05, 2.50042958214e-05, 0.00018600007752, 8.97149584489e-05, 4.29863030149e-05, 2.74120357062e-05, 1.74907381734e-05, 7.38687231205e-06, 8.00047291705e-06, 1.23624786283e-05, 4.62697335024e-06, 2.76583159575e-06, 1.57144631885e-06, 1.70423129475e-06, 3.14700423587e-06, 5.93859851961e-07, 5.2318142707e-07, 6.8621977789e-07, 3.63169732509e-07, 2.23321322323e-07, 2.85963523083e-07, 1.20358293998e-07, 1.33200501296e-07, 1.32025803623e-07, 1.01035524835e-07, 6.95153019592e-08, 4.40585203876e-08, 3.41345014476e-08, 2.27117293861e-08, 1.62669024917e-08],
        "dmean2": [8.28212214401e-05, 8.36773397168e-05, 0.000207811230212, 0.000208384459256, 0.000259210180957, 0.000318115839036, 0.000352848204784, 0.000217213644646, 0.000318728620186, 0.000130184242153, 0.000117632916954, 3.79423108825e-05, 0.000274601479759, 0.00013961190416, 7.19022355042e-05, 4.20461437898e-05, 2.64490499831e-05, 1.16758246804e-05, 1.29127229229e-05, 2.00416361622e-05, 7.55218479753e-06, 4.70783061246e-06, 2.71315707323e-06, 2.73219302471e-06, 4.92759363624e-06, 1.0348177284e-06, 8.41334895085e-07, 1.08778567665e-06, 5.53031100026e-07, 3.50906674385e-07, 4.91982063977e-07, 1.97301702087e-07, 1.975892161e-07, 1.9005162244e-07, 1.44751965081e-07, 1.06515969378e-07, 6.58567245182e-08, 4.99032175583e-08, 3.51075648553e-08, 2.44012170469e-08],
        "dvar": [2.96642994613e-08, 1.54370436434e-08, 1.39408896871e-07, 1.33778726763e-07, 1.64016057624e-07, 1.73449464569e-07, 3.13973941957e-07, 1.50336219917e-07, 4.72792663686e-07, 1.04140937651e-07, 9.39595068417e-08, 2.6900999206e-09, 1.45285554254e-07, 2.62489781022e-08, 3.1177240345e-08, 1.5027524114e-08, 1.6524736024e-09, 1.84918372281e-10, 3.17975284991e-10, 4.57534954368e-10, 3.98507234156e-11, 3.37228127367e-11, 1.21929818672e-11, 5.76804793165e-12, 2.97950136785e-11, 9.84930019488e-13, 1.67179312928e-12, 1.90514314394e-12, 4.42062971515e-13, 3.59226537405e-13, 2.37124420576e-13, 3.62326847399e-14, 5.8849606232e-14, 1.17591334348e-13, 6.19271344274e-14, 1.97084458264e-14, 7.61314060025e-15, 5.97170636847e-15, 1.47199683151e-15, 1.88989991191e-15],
        "dvar2": [8.90330653647e-08, 3.62266447951e-08, 2.95388332461e-07, 2.09631693338e-07, 4.76454090403e-07, 5.06965193381e-07, 1.07121388737e-06, 2.12316891179e-07, 9.46003808622e-07, 1.65528291518e-07, 1.42834807093e-07, 5.87977533328e-09, 2.80978781575e-07, 5.64090463229e-08, 9.04590535811e-08, 3.23203046548e-08, 3.81861520182e-09, 4.69544514381e-10, 7.21185722252e-10, 1.11759912436e-09, 1.06154356139e-10, 9.28888702068e-11, 3.49993055371e-11, 1.46361880948e-11, 6.40664118978e-11, 2.7908357049e-12, 4.07229545224e-12, 4.21847322699e-12, 9.04684693045e-13, 8.53077808047e-13, 6.67737566629e-13, 9.43906953467e-14, 1.25573081664e-13, 2.14238755859e-13, 1.20980428366e-13, 3.65033896936e-14, 1.44733332849e-14, 1.07368939247e-14, 2.91593040268e-15, 3.06746417343e-15],
        "max": [0.00420059496537, 0.00230149668641, 0.0150190601125, 0.0170219168067, 0.00786130595952, 0.0068669593893, 0.0091092986986, 0.00985078327358, 0.0180158913136, 0.00997543334961, 0.0071196234785, 0.000867752358317, 0.00544192502275, 0.00241244165227, 0.00391397625208, 0.00482497503981, 0.000826833711471, 0.000192380874068, 0.000259758351604, 0.00040774862282, 9.95158916339e-05, 0.000142330303788, 3.67961329175e-05, 3.79594057449e-05, 0.000125618258608, 1.30621656353e-05, 2.82457076537e-05, 2.718977521e-05, 1.17684821817e-05, 1.43955039675e-05, 6.05159266343e-06, 2.79469827547e-06, 4.52638369097e-06, 6.26515702606e-06, 6.79361346556e-06, 4.04279990107e-06, 1.80413167072e-06, 1.53989822138e-06, 1.17921945275e-06, 1.43592205859e-06],
        "mean": [0.000209304242162, 0.000207297445741, 0.000472942105262, 0.000477016059449, 0.000329240516294, 0.000403315207222, 0.000425043399446, 0.00049354461953, 0.00057881657267, 0.000238495194935, 0.00028676528018, 6.46085463814e-05, 0.000359598256182, 0.000191162063857, 8.84599940036e-05, 7.08727238816e-05, 3.86420688301e-05, 1.50518135342e-05, 1.51265776367e-05, 2.3311111363e-05, 9.19807916944e-06, 5.33080628884e-06, 3.11145504384e-06, 3.66368658433e-06, 6.02240743319e-06, 1.32194145408e-06, 1.18606703836e-06, 1.44381249356e-06, 7.86990540291e-07, 6.12719475157e-07, 5.57375699373e-07, 2.61100552734e-07, 3.02619355352e-07, 2.8069439395e-07, 2.28568808325e-07, 1.78316071242e-07, 1.04208687901e-07, 7.69570576153e-08, 5.94514624197e-08, 3.95363848327e-08],
        "median": [4.2814281187e-06, 4.48747559858e-05, 0.000136888455017, 6.27181289019e-05, 0.000105964863906, 0.000137008726597, 8.42788285809e-05, 0.000119217722386, 8.38137493702e-05, 4.67136997031e-05, 4.43635508418e-05, 2.42948608502e-05, 6.79069780745e-05, 5.11094876856e-05, 7.6236174209e-06, 1.41723501201e-06, 1.02949124994e-05, 8.46031889523e-06, 4.78587253383e-06, 1.2228902051e-05, 6.82244353811e-06, 2.91553374154e-06, 7.32019373118e-07, 2.54472706729e-06, 3.48580215359e-06, 6.97269570082e-07, 5.26606527274e-07, 8.02043189196e-07, 4.19389465378e-07, 1.42409206205e-07, 3.21485657651e-07, 1.64647346423e-07, 1.51901701884e-07, 1.29492121914e-07, 1.13738380492e-07, 9.4784830651e-08, 5.83132795384e-08, 4.42847358784e-08, 3.46773703086e-08, 1.87544841879e-08],
        "min": [1.14069159934e-12, 1.17088061252e-13, 7.78259889259e-13, 2.59176659084e-13, 2.10265425947e-13, 7.93800030048e-13, 4.0136475957e-13, 7.36767688959e-13, 5.29985181175e-13, 9.38517709728e-13, 2.61364145387e-13, 2.05161137645e-13, 1.39655282239e-13, 1.29457913573e-13, 1.06286690332e-13, 5.57324572235e-14, 2.21784206668e-13, 8.10290419831e-14, 6.46180361281e-14, 3.6335907563e-14, 8.74236596201e-14, 7.59444861598e-14, 9.99037075397e-14, 3.37454029835e-14, 1.46291033215e-13, 3.58455500254e-14, 2.9618980337e-14, 3.74965764818e-14, 4.33146865543e-14, 2.70917609771e-14, 2.90491236751e-14, 3.70524228974e-14, 3.77404406554e-14, 5.2722515481e-14, 6.37199914686e-14, 3.27741543486e-14, 3.61232040374e-14, 4.19102280007e-14, 5.7197742907e-14, 4.31526931972e-14],
        "var": [3.08261178361e-07, 1.50418031808e-07, 1.1329532299e-06, 1.83590623237e-06, 4.12488788015e-07, 4.23550574169e-07, 6.14668238086e-07, 1.08743836336e-06, 2.25592521019e-06, 5.32440992629e-07, 6.57681368921e-07, 1.11768061473e-08, 4.11992687077e-07, 9.96369635686e-08, 8.68030980428e-08, 1.12023116117e-07, 7.46830863818e-09, 4.33890839924e-10, 8.19313006328e-10, 1.23809229535e-09, 9.29370122527e-11, 5.83914305796e-11, 2.30875978058e-11, 1.53537686037e-11, 7.34741434361e-11, 2.85797926124e-12, 4.56712749217e-12, 4.94831953191e-12, 1.38337507682e-12, 2.16096628439e-12, 4.87575312156e-13, 1.01416332201e-13, 2.27316958117e-13, 3.10694097403e-13, 2.00934307712e-13, 9.03889728907e-14, 2.30993118378e-14, 1.38474631813e-14, 1.04363962811e-14, 5.73489797927e-15]
    },
    "mfcc": {
        "mean": [-718.980957031, 140.239532471, -23.9179477692, -5.52702093124, -22.8101005554, -14.8355836868, -16.0786056519, -1.51134431362, -9.0037317276, -8.77928256989, -13.4656019211, -5.81080150604, 3.00739216805],
        "cov": [[5568.18310547, 748.533752441, -295.730255127, -5.81392621994, 288.762084961, 99.9004058838, -156.950958252, -438.77230835, -306.490631104, 80.5147018433, 324.43057251, 155.307144165, -410.709472656], [748.533752441, 2955.35888672, 878.128356934, 870.802124023, 700.979980469, 437.66293335, 352.753631592, 138.451400757, 507.376556396, 434.297302246, 678.510070801, 171.556640625, -366.079986572], [-295.730255127, 878.128356934, 690.938842773, 430.691741943, 245.082305908, 218.676757812, 210.673233032, 94.8679580688, 342.936187744, 243.151290894, 212.689559937, -8.5230255127, -250.254959106], [-5.81392621994, 870.802124023, 430.691741943, 499.856323242, 300.599578857, 181.144744873, 163.415130615, 67.1969299316, 218.906158447, 153.09362793, 211.20123291, 19.4032859802, -149.210891724], [288.762084961, 700.979980469, 245.082305908, 300.599578857, 385.823364258, 147.120635986, 86.0369415283, -41.9247589111, 86.1775131226, 88.8889770508, 176.009674072, 45.7619895935, -141.607070923], [99.9004058838, 437.66293335, 218.676757812, 181.144744873, 147.120635986, 191.233520508, 94.0483169556, 29.9048614502, 121.780593872, 90.2476959229, 120.245323181, 3.21916913986, -138.367904663], [-156.950958252, 352.753631592, 210.673233032, 163.415130615, 86.0369415283, 94.0483169556, 172.491607666, 75.4379501343, 138.497879028, 88.9543380737, 63.6208686829, 2.19242072105, -73.6833190918], [-438.77230835, 138.451400757, 94.8679580688, 67.1969299316, -41.9247589111, 29.9048614502, 75.4379501343, 220.063079834, 114.527076721, 17.4267196655, -34.055847168, -35.6241035461, 48.4072875977], [-306.490631104, 507.376556396, 342.936187744, 218.906158447, 86.1775131226, 121.780593872, 138.497879028, 114.527076721, 303.565246582, 160.585876465, 128.559646606, -3.47247481346, -124.061233521], [80.5147018433, 434.297302246, 243.151290894, 153.09362793, 88.8889770508, 90.2476959229, 88.9543380737, 17.4267196655, 160.585876465, 191.81413269, 158.208312988, 29.9599723816, -125.129127502], [324.43057251, 678.510070801, 212.689559937, 211.20123291, 176.009674072, 120.245323181, 63.6208686829, -34.055847168, 128.559646606, 158.208312988, 309.321258545, 76.6502075195, -149.839050293], [155.307144165, 171.556640625, -8.5230255127, 19.4032859802, 45.7619895935, 3.21916913986, 2.19242072105, -35.6241035461, -3.47247481346, 29.9599723816, 76.6502075195, 99.1212539673, 15.1284780502], [-410.709472656, -366.079986572, -250.254959106, -149.210891724, -141.607070923, -138.367904663, -73.6833190918, 48.4072875977, -124.061233521, -125.129127502, -149.839050293, 15.1284780502, 306.821807861]],
