{
"lowlevel": {
    "average_loudness": 0.957252681255,
    "barkbands_crest": {
        "dmean": 2.80363202095,
        "dmean2": 4.56814479828,
        "dvar": 5.20767879486,
        "dvar2": 12.9721794128,
        "max": 26.6758842468,
        "mean": 14.680100441,
        "median": 14.1109285355,
        "min": 6.2218503952,
        "var": 17.92212677
    },
    "barkbands_flatness_db": {
        "dmean": 0.0311435014009,
        "dmean2": 0.0481563918293,
        "dvar": 0.000849467294756,
        "dvar2": 0.00190251448657,
        "max": 0.589038431644,
        "mean": 0.386754065752,
        "median": 0.393472760916,
        "min": 0.172568380833,
        "var": 0.00386365898885
    },
    "barkbands_kurtosis": {
        "dmean": 11.8040990829,
        "dmean2": 19.0530929565,
        "dvar": 265.474121094,
        "dvar2": 649.186218262,
        "max": 366.333892822,
        "mean": 27.1372280121,
        "median": 19.7821598053,
        "min": -1.80354011059,
        "var": 705.543762207
    },
    "barkbands_skewness": {
        "dmean": 0.826949834824,
        "dmean2": 1.32515406609,
        "dvar": 0.767315387726,
        "dvar2": 1.845053792,
        "max": 14.7063779831,
        "mean": 2.89354944229,
        "median": 2.69136810303,
        "min": -0.286957651377,
        "var": 2.69411587715
    },
    "barkbands_spread": {
        "dmean": 0.653262734413,
        "dmean2": 1.05798757076,
        "dvar": 3.21437358856,
        "dvar2": 8.7843914032,
        "max": 49.8347129822,
        "mean": 1.81504845619,
        "median": 1.47482335567,
        "min": 0.0841167718172,
        "var": 3.4406940937
    },
    "dissonance": {
        "dmean": 0.0391649194062,
        "dmean2": 0.0664241090417,
        "dvar": 0.0010647039162,
        "dvar2": 0.00295360106975,
        "max": 0.49781319499,
        "mean": 0.376594483852,
        "median": 0.381532669067,
        "min": 0.205172777176,
        "var": 0.00276679033414
    },
    "dynamic_complexity": 2.36296868324,
    "erbbands_crest": {
        "dmean": 2.47591876984,
        "dmean2": 4.0857591629,
        "dvar": 4.72638320923,
        "dvar2": 12.1485595703,
        "max": 27.2951660156,
        "mean": 12.6777648926,
        "median": 12.0862169266,
        "min": 4.79443359375,
        "var": 14.2317199707
    },
    "erbbands_flatness_db": {
        "dmean": 0.0234518833458,
        "dmean2": 0.0357109345496,
        "dvar": 0.000611012859736,
        "dvar2": 0.00130691728555,
        "max": 0.478451102972,
        "mean": 0.319229006767,
        "median": 0.32673484087,
        "min": 0.156116381288,
        "var": 0.00272174435668
    },
    "erbbands_kurtosis": {
        "dmean": 3.60973548889,
        "dmean2": 5.80961322784,
        "dvar": 16.568479538,
        "dvar2": 38.6903686523,
        "max": 49.7462463379,
        "mean": 8.84103488922,
        "median": 7.0276222229,
        "min": -1.86751687527,
        "var": 49.6235542297
    },
    "erbbands_skewness": {
        "dmean": 0.508465409279,
        "dmean2": 0.808341562748,
        "dvar": 0.228331148624,
        "dvar2": 0.534696221352,
        "max": 5.87115907669,
        "mean": 2.25505185127,
        "median": 2.13177061081,
        "min": -2.00924611092,
        "var": 0.847434103489
    },
    "erbbands_spread": {
        "dmean": 3.71918869019,
        "dmean2": 6.0314707756,
        "dvar": 53.4733390808,
        "dvar2": 120.806259155,
        "max": 109.291015625,
        "mean": 11.7799472809,
        "median": 8.53367137909,
        "min": 1.33548080921,
        "var": 105.800956726
    },
    "hfc": {
        "dmean": 2.1548602581,
        "dmean2": 3.39132595062,
        "dvar": 8.06536197662,
        "dvar2": 19.0657310486,
        "max": 45.830406189,
        "mean": 6.75970745087,
        "median": 5.66984176636,
        "min": 5.76236780034e-05,
        "var": 22.1650791168
    },
    "melbands_crest": {
        "dmean": 3.44381856918,
        "dmean2": 5.64356946945,
        "dvar": 7.89070510864,
        "dvar2": 20.6921405792,
        "max": 33.4886245728,
        "mean": 20.2712879181,
        "median": 19.8916854858,
        "min": 8.37553119659,
        "var": 23.8580589294
    },
    "melbands_flatness_db": {
        "dmean": 0.0347442701459,
        "dmean2": 0.0517769530416,
        "dvar": 0.00126784259919,
        "dvar2": 0.00270670908503,
        "max": 0.679144978523,
        "mean": 0.474693864584,
        "median": 0.484470665455,
        "min": 0.181136399508,
        "var": 0.00614089518785
    },
    "melbands_kurtosis": {
        "dmean": 13.2095193863,
        "dmean2": 21.9269638062,
        "dvar": 313.404205322,
        "dvar2": 773.043579102,
        "max": 270.983123779,
        "mean": 30.8309631348,
        "median": 22.828584671,
        "min": 1.00991296768,
        "var": 713.685791016
    },
    "melbands_skewness": {
        "dmean": 0.794454395771,
        "dmean2": 1.32017183304,
        "dvar": 0.731027722359,
        "dvar2": 1.77592051029,
        "max": 13.4835338593,
        "mean": 3.27266383171,
        "median": 3.00663018227,
        "min": 0.51903629303,
        "var": 2.12174391747
    },
    "melbands_spread": {
        "dmean": 0.669228494167,
        "dmean2": 1.09322440624,
        "dvar": 3.45092773438,
        "dvar2": 9.91943454742,
        "max": 62.6890106201,
        "mean": 2.01872897148,
        "median": 1.70925664902,
        "min": 0.269485652447,
        "var": 3.10118293762
    },
    "pitch_salience": {
        "dmean": 0.0773215219378,
        "dmean2": 0.128475472331,
        "dvar": 0.00432854378596,
        "dvar2": 0.0118105811998,
        "max": 0.784042060375,
        "mean": 0.463924616575,
        "median": 0.471814781427,
        "min": 0.0871275141835,
        "var": 0.0142217744142
    },
    "silence_rate_20dB": {
        "dmean": 0,
        "dmean2": 0,
        "dvar": 0,
        "dvar2": 0,
        "max": 1,
        "mean": 1,
        "median": 1,
        "min": 1,
        "var": 0
    },
    "silence_rate_30dB": {
        "dmean": 0.0100619196892,
        "dmean2": 0.0201316289604,
        "dvar": 0.00996055919677,
        "dvar2": 0.022822836414,
        "max": 1,
        "mean": 0.98413926363,
        "median": 1,
        "min": 0,
        "var": 0.0156093677506
    },
    "silence_rate_60dB": {
        "dmean": 0.00464396271855,
        "dmean2": 0.00929152127355,
        "dvar": 0.00462246220559,
        "dvar2": 0.0123022450134,
        "max": 1,
        "mean": 0.0150870410725,
        "median": 0,
        "min": 0,
        "var": 0.0148595459759
    },
    "spectral_centroid": {
        "dmean": 34.0892372131,
        "dmean2": 56.3878288269,
        "dvar": 10097.6552734,
        "dvar2": 27811.578125,
        "max": 2867.7175293,
        "mean": 259.416137695,
        "median": 237.479812622,
        "min": 163.630187988,
        "var": 9369.6796875
    },
    "spectral_complexity": {
        "dmean": 0.964396297932,
        "dmean2": 1.66395664215,
        "dvar": 1.06607329845,
        "dvar2": 2.59323406219,
        "max": 19,
        "mean": 6.67736959457,
        "median": 7,
        "min": 0,
        "var": 3.62124419212
    },
    "spectral_decrease": {
        "dmean": 2.80259526697e-09,
        "dmean2": 4.34868940857e-09,
        "dvar": 1.15837223201e-17,
        "dvar2": 2.6067156056e-17,
        "max": -4.10888364348e-14,
        "mean": -8.44654390875e-09,
        "median": -6.86533496719e-09,
        "min": -5.89209427915e-08,
        "var": 4.07289506115e-17
    },
    "spectral_energy": {
        "dmean": 0.0107663450763,
        "dmean2": 0.0167081095278,
        "dvar": 0.000170998086105,
        "dvar2": 0.000384866900276,
        "max": 0.226538226008,
        "mean": 0.0324922353029,
        "median": 0.0264350045472,
        "min": 1.60305475561e-07,
        "var": 0.000600044615567
    },
    "spectral_energyband_high": {
        "dmean": 1.32213799588e-05,
        "dmean2": 2.14913907257e-05,
        "dvar": 7.73995889602e-09,
        "dvar2": 1.96279472675e-08,
        "max": 0.0019062430365,
        "mean": 1.53327837324e-05,
        "median": 1.37587551308e-06,
        "min": 3.10079795174e-10,
        "var": 6.42650554994e-09
    },
    "spectral_energyband_low": {
        "dmean": 0.00394356669858,
        "dmean2": 0.00584103586152,
        "dvar": 2.38225748035e-05,
        "dvar2": 5.21186848346e-05,
        "max": 0.0873853191733,
        "mean": 0.00909803248942,
        "median": 0.00527673121542,
        "min": 1.37943247935e-08,
        "var": 0.000128062732983
    },
    "spectral_energyband_middle_high": {
        "dmean": 4.65677148895e-05,
        "dmean2": 6.89962907927e-05,
        "dvar": 9.41373627938e-08,
        "dvar2": 2.70959020554e-07,
        "max": 0.0112915728241,
        "mean": 0.000139240757562,
        "median": 9.75596849457e-05,
        "min": 1.86065685082e-09,
        "var": 6.64100028303e-08
    },
    "spectral_energyband_middle_low": {
        "dmean": 0.0099503332749,
        "dmean2": 0.0156548507512,
        "dvar": 0.000158388516866,
        "dvar2": 0.000365911750123,
        "max": 0.214571505785,
        "mean": 0.0268283691257,
        "median": 0.0214566066861,
        "min": 1.5412159371e-07,
        "var": 0.000412764638895
    },
    "spectral_entropy": {
        "dmean": 0.265108644962,
        "dmean2": 0.410152196884,
        "dvar": 0.0846121311188,
        "dvar2": 0.195498585701,
        "max": 7.49895381927,
        "mean": 5.35583353043,
        "median": 5.29196977615,
        "min": 3.74953722954,
        "var": 0.268686562777
    },
    "spectral_flux": {
        "dmean": 0.0247610062361,
        "dmean2": 0.0417477674782,
        "dvar": 0.000648249231745,
        "dvar2": 0.0017974646762,
        "max": 0.376532524824,
        "mean": 0.0628385171294,
        "median": 0.056159324944,
        "min": 0.000529373646714,
        "var": 0.00113519851584
    },
    "spectral_kurtosis": {
        "dmean": 23.8032264709,
        "dmean2": 38.5091629028,
        "dvar": 542.703735352,
        "dvar2": 1277.99938965,
        "max": 228.770019531,
        "mean": 56.0550765991,
        "median": 46.2923965454,
        "min": 0.0906245708466,
        "var": 1784.1171875
    },
    "spectral_rms": {
        "dmean": 0.000916426128242,
        "dmean2": 0.00140873983037,
        "dvar": 8.02053818916e-07,
        "dvar2": 1.7744428078e-06,
        "max": 0.0148665029556,
        "mean": 0.00526922708377,
        "median": 0.00507840979844,
        "min": 1.25058222693e-05,
        "var": 3.93497884943e-06
    },
    "spectral_rolloff": {
        "dmean": 42.7161178589,
        "dmean2": 77.4541168213,
        "dvar": 11435.609375,
        "dvar2": 33387.0703125,
        "max": 3682.17773438,
        "mean": 270.545593262,
        "median": 236.865234375,
        "min": 129.19921875,
        "var": 9288.89550781
    },
    "spectral_skewness": {
        "dmean": 1.35262262821,
        "dmean2": 2.19969677925,
        "dvar": 1.47138893604,
        "dvar2": 3.42713785172,
        "max": 12.5934305191,
        "mean": 5.40341567993,
        "median": 5.14048147202,
        "min": 0.543576717377,
        "var": 5.26800060272
    },
    "spectral_spread": {
        "dmean": 504992.78125,
        "dmean2": 824236.625,
        "dvar": 326444613632,
        "dvar2": 733090611200,
        "max": 12769888,
        "mean": 1695543,
        "median": 1458017.625,
        "min": 357397.84375,
        "var": 795690336256
    },
    "spectral_strongpeak": {
        "dmean": 0.308976650238,
        "dmean2": 0.505310595036,
        "dvar": 0.104141458869,
        "dvar2": 0.230189546943,
        "max": 4.37369298935,
        "mean": 0.737637579441,
        "median": 0.594074547291,
        "min": 0.00179534277413,
        "var": 0.284419059753
    },
    "zerocrossingrate": {
        "dmean": 0.00168423017021,
        "dmean2": 0.00239339098334,
        "dvar": 4.74845046483e-06,
        "dvar2": 7.84939766163e-06,
        "max": 0.05078125,
        "mean": 0.0118600400165,
        "median": 0.0107421875,
        "min": 0.0048828125,
        "var": 1.87624045793e-05
    },
    "barkbands": {
        "dmean": [1.01548539533e-06, 0.000372883281671, 0.00200810586102, 0.00459442101419, 0.00719838635996, 0.0012136308942, 0.000338593818014, 8.71877855388e-05, 9.06671630219e-05, 2.16188254853e-05, 9.2327600214e-06, 3.13282362185e-06, 3.55633596882e-06, 1.6217245502e-06, 2.68381495516e-06, 7.8405973909e-06, 6.68313350616e-06, 3.01048976326e-06, 8.77231286722e-06, 7.56462077334e-06, 4.93000561619e-06, 2.27850409829e-06, 9.40901145441e-07, 1.25048256905e-06, 3.34917757527e-07, 1.23657728501e-09, 1.08714459657e-09],
        "dmean2": [1.7013823026e-06, 0.000357078155503, 0.00281688105315, 0.00727442000061, 0.0111394478008, 0.00232034618966, 0.000599266961217, 0.000157427915838, 0.000148699851707, 2.96613670798e-05, 1.30024418468e-05, 4.51274991065e-06, 4.87922989123e-06, 2.58831619249e-06, 3.9298347474e-06, 1.16888331831e-05, 1.08723443191e-05, 5.06943797518e-06, 1.59132960107e-05, 1.33372132041e-05, 7.87824046711e-06, 3.72243152924e-06, 1.55600912422e-06, 2.07461107493e-06, 5.8295773897e-07, 2.2058372906e-09, 1.93811833249e-09],
        "dvar": [2.31069920142e-11, 5.43447015389e-07, 1.21482571558e-05, 2.86851245619e-05, 0.000108672764327, 2.40396639128e-06, 2.69730435321e-07, 1.46013077185e-08, 2.86262533677e-08, 1.27210253442e-09, 3.96384036705e-10, 3.70969019392e-11, 3.61401984728e-11, 1.65173343752e-11, 2.14001191767e-10, 1.16220910673e-09, 1.81582882064e-09, 1.27745300449e-10, 2.90147568194e-08, 1.00016430693e-08, 2.09408046459e-09, 1.38609207445e-10, 2.1288327004e-11, 7.34547353498e-11, 9.60731407623e-12, 9.33476299116e-18, 1.9386778841e-18],
        "dvar2": [5.74513318863e-11, 3.96552735538e-07, 2.58527361439e-05, 6.60109653836e-05, 0.00024318722717, 8.76498052094e-06, 9.75816533355e-07, 4.62034535076e-08, 8.2291954584e-08, 2.30449326288e-09, 8.34836311192e-10, 8.4988557858e-11, 6.03485456052e-11, 4.07974834471e-11, 5.37836386538e-10, 2.65630339946e-09, 5.16336573497e-09, 3.58604285156e-10, 8.69666934022e-08, 2.93155633102e-08, 4.44778436304e-09, 3.48015199991e-10, 5.67215892311e-11, 2.03918909536e-10, 2.76157378215e-11, 2.56385193344e-17, 5.64320191472e-18],
        "max": [0.0001833900169, 0.021302010864, 0.0660243108869, 0.06578309834, 0.166329413652, 0.0148364268243, 0.00605063186958, 0.00208252598532, 0.00223434763029, 0.0011424375698, 0.000421418459155, 0.000140749601997, 0.000207555247471, 9.19289377634e-05, 0.000563319947105, 0.00124550168402, 0.00148823671043, 0.000260321132373, 0.00613642018288, 0.00309202400967, 0.00169036968146, 0.000331698392984, 0.000117602714454, 0.000215986379771, 8.22658112156e-05, 8.60905515765e-08, 1.19710010793e-08],
        "mean": [9.89818317976e-07, 0.00116857490502, 0.00435603968799, 0.00874491687864, 0.0149712320417, 0.00181702163536, 0.000858268816955, 0.000191373328562, 0.000207626930205, 6.41728256596e-05, 2.61521054199e-05, 8.60795807966e-06, 1.04967330117e-05, 3.41233453582e-06, 5.69864732824e-06, 1.58490220201e-05, 1.0597695109e-05, 4.94817004437e-06, 8.18467924546e-06, 6.44755664325e-06, 5.84637291468e-06, 2.86472095468e-06, 1.14347631097e-06, 1.52552138388e-06, 3.0281302088e-07, 1.11026809968e-09, 1.00548680493e-09],
        "median": [2.22221501645e-07, 0.000263717753114, 0.00152003997937, 0.00643869675696, 0.00910514872521, 0.00119999004528, 0.000649972353131, 0.000111505876703, 0.000140145886689, 3.95844581362e-05, 1.35139134727e-05, 5.02359580423e-06, 6.09300059295e-06, 1.90248283616e-06, 2.25824123845e-06, 6.09199605606e-06, 2.94086453323e-06, 1.35491723086e-06, 1.2665043414e-06, 5.39684378964e-07, 5.46543788005e-07, 1.97352534315e-07, 6.73011228969e-08, 3.68224455372e-08, 7.53508011542e-09, 5.26141075152e-10, 4.92943408315e-10],
        "min": [4.05919672875e-11, 6.32846330895e-10, 3.0278746177e-09, 2.74842779646e-08, 3.65373757916e-08, 2.07600372448e-08, 7.01598601438e-09, 1.62936519832e-09, 4.79535439135e-11, 1.00428565464e-09, 6.18190013069e-11, 6.75436789832e-11, 5.33506225309e-11, 2.54189586046e-11, 1.43308967124e-11, 4.42515260546e-11, 5.51487779055e-11, 1.00632150182e-11, 3.40581070291e-11, 5.31120841751e-11, 3.71712348401e-11, 2.8580351627e-11, 4.43708299269e-11, 6.31021832009e-11, 3.81890387369e-11, 2.50285972503e-11, 4.27593446761e-11],
        "var": [2.16192706098e-11, 5.6436288105e-06, 5.91304415138e-05, 6.56244010315e-05, 0.00028325690073, 3.30718444275e-06, 6.3765133973e-07, 5.05400628015e-08, 5.38841078424e-08, 5.82654280379e-09, 1.36636613135e-09, 1.34721983569e-10, 2.32040636705e-10, 2.78852982372e-11, 2.20704260423e-10, 1.38153033458e-09, 1.4017372818e-09, 1.46489417818e-10, 1.48909844455e-08, 5.48680345602e-09, 2.06707717609e-09, 1.44455683526e-10, 1.96297093163e-11, 7.26498444736e-11, 6.13457114967e-12, 6.6627698485e-18, 1.73067577105e-18]
    },
    "erbbands": {
        "dmean": [0.00180774729233, 0.1475841254, 1.95419561863, 8.71357345581, 25.3274211884, 19.0387763977, 6.79137182236, 8.46195983887, 4.67669677734, 4.11428022385, 0.770587980747, 1.23016369343, 2.18892240524, 0.298413008451, 0.34028583765, 0.12565562129, 0.173676416278, 0.0787769928575, 0.11222102493, 0.362822890282, 0.266294538975, 0.415540277958, 0.191771522164, 0.208609238267, 0.579642117023, 0.289632290602, 0.232115849853, 0.221364825964, 0.0841172337532, 0.0423566326499, 0.0284598208964, 0.0336559079587, 0.0148146776482, 0.0067077903077, 0.000622634659521, 3.19699829561e-05, 4.64116874355e-06, 9.05295848952e-07, 4.86261615151e-06, 1.17629397209e-05],
        "dmean2": [0.00198081065901, 0.153512850404, 2.51439809799, 13.8739795685, 40.0598640442, 28.9504394531, 12.5014181137, 16.1420536041, 8.50982952118, 6.98209238052, 1.28500282764, 1.98040354252, 3.53192400932, 0.410803288221, 0.482399195433, 0.177118003368, 0.23820912838, 0.123160094023, 0.157555401325, 0.546333670616, 0.400943785906, 0.674763202667, 0.318563401699, 0.357210874557, 1.06447434425, 0.506153047085, 0.378663808107, 0.353830307722, 0.138134971261, 0.0714079067111, 0.0473285280168, 0.0575377382338, 0.0236015301198, 0.0115565974265, 0.00112451100722, 5.62534696655e-05, 7.46162822907e-06, 1.54207202741e-06, 7.52227606426e-06, 1.82520798262e-05],
        "dvar": [1.1057156371e-05, 0.0816333144903, 11.817612648, 96.2399291992, 1404.97485352, 665.012451172, 75.7232971191, 109.439613342, 87.6553955078, 31.7634449005, 1.12141191959, 4.01023578644, 17.5112476349, 0.182282790542, 0.567433595657, 0.0583841465414, 0.0908217951655, 0.0433563403785, 0.113620877266, 3.6376054287, 1.3516150713, 8.44424533844, 0.525657355785, 5.6050362587, 165.145202637, 11.6367235184, 3.30957341194, 7.6548705101, 0.260018825531, 0.0388706475496, 0.0204698741436, 0.0648791268468, 0.0068736099638, 0.00322970701382, 6.36042823317e-05, 1.10415385279e-07, 2.03290828615e-10, 3.82952784067e-12, 3.48703253772e-11, 2.03928818276e-10],
        "dvar2": [1.05248418549e-05, 0.074335873127, 21.1167201996, 233.730865479, 3387.36010742, 1395.91748047, 244.993057251, 406.080718994, 326.306182861, 83.9202575684, 2.88428902626, 11.333527565, 48.3971939087, 0.340441346169, 1.1931027174, 0.121406972408, 0.152862519026, 0.105929598212, 0.265888690948, 8.14482879639, 3.41777658463, 24.2335414886, 1.48680913448, 16.8362693787, 493.646484375, 33.732749939, 9.10763835907, 16.0439281464, 0.620850741863, 0.100314833224, 0.0550851337612, 0.183772936463, 0.0177125539631, 0.00919305719435, 0.000188108198927, 3.25878460217e-07, 5.82085102341e-10, 1.0785024783e-11, 7.8317949348e-11, 4.59106891393e-10],
        "max": [0.0964105427265, 7.92791223526, 76.0474624634, 132.237686157, 630.263000488, 337.786712646, 105.959541321, 89.2455291748, 111.086868286, 107.095909119, 19.5953025818, 23.7357330322, 55.666721344, 9.0447845459, 17.4104270935, 5.59521484375, 10.5378379822, 5.90500068665, 10.1411104202, 74.0752105713, 38.0477409363, 102.836250305, 13.8282566071, 83.9383468628, 463.629821777, 100.820922852, 50.5779647827, 107.038002014, 14.3647041321, 4.09114646912, 2.95163226128, 6.89656877518, 1.61788868904, 1.35117256641, 0.248893097043, 0.0101661942899, 0.000415509217419, 5.27920456079e-05, 0.000101997000456, 0.000247517338721],
        "mean": [0.00558803463355, 0.445112735033, 4.85516929626, 16.9869842529, 53.4733390808, 42.6092071533, 12.834651947, 14.7071866989, 11.3298664093, 11.4216594696, 2.47137451172, 3.24800157547, 4.70267534256, 1.04826283455, 0.962669610977, 0.382858633995, 0.53656232357, 0.179123416543, 0.282525151968, 0.754176080227, 0.528132736683, 0.682002425194, 0.340165108442, 0.267098277807, 0.464248180389, 0.25743830204, 0.247744292021, 0.267544984818, 0.100947618484, 0.0495586693287, 0.0347479172051, 0.0368019714952, 0.021400148049, 0.00658866390586, 0.000497768982314, 3.90287023038e-05, 1.16329792945e-05, 1.71555780071e-06, 1.48383642227e-05, 3.55637603207e-05],
        "median": [0.00175837695133, 0.110829465091, 1.71563339233, 12.7079916, 37.3167915344, 26.3651790619, 9.17182922363, 10.3335952759, 7.18027019501, 7.34306621552, 1.89188420773, 2.37010335922, 2.84751081467, 0.734396278858, 0.531093716621, 0.229264736176, 0.310535311699, 0.103929586709, 0.142879188061, 0.317224174738, 0.218509852886, 0.190478369594, 0.0883521810174, 0.0539594739676, 0.0605449266732, 0.027899697423, 0.0259941630065, 0.0179004482925, 0.00762208644301, 0.00377019378357, 0.00180028786417, 0.00104461016599, 0.000473535619676, 0.000180232658749, 3.67889224435e-05, 1.83803240361e-05, 9.27280325413e-06, 1.31995443553e-06, 1.20712193166e-05, 2.89764793706e-05],
        "min": [8.53567883041e-09, 2.30723955497e-07, 3.09746428684e-06, 4.72222163808e-05, 0.000140440053656, 8.88292997843e-05, 7.70791375544e-05, 0.000255032093264, 0.000103314669104, 0.000106505278382, 3.36531084031e-05, 3.85341263609e-06, 1.47475193444e-05, 2.42972218985e-05, 2.23991833082e-06, 3.42747921422e-06, 2.39548421632e-06, 1.83221902716e-06, 1.24561984194e-06, 1.43252725593e-06, 3.06725200971e-06, 2.01100601771e-06, 6.7705661877e-07, 1.36832466069e-06, 1.55621387421e-06, 2.20779043048e-06, 1.70168732438e-06, 1.46919239796e-06, 1.27660121052e-06, 1.06975005565e-06, 1.26534587253e-06, 1.57396527811e-06, 7.18236265129e-07, 4.34557136941e-07, 2.56472134197e-07, 8.80025297079e-08, 5.68664475509e-08, 2.08262047607e-08, 5.18617904177e-09, 1.02481578779e-09],
        "var": [0.000107756088255, 0.782604455948, 75.1300201416, 230.824569702, 2946.03808594, 2084.11132812, 137.543899536, 187.43031311, 191.484558105, 143.870391846, 4.6957244873, 9.53636264801, 38.2756118774, 1.0422488451, 1.8256431818, 0.270835697651, 0.616044580936, 0.0734099075198, 0.235300660133, 4.02819490433, 1.38864552975, 6.35087060928, 0.69740653038, 3.14535188675, 84.0848388672, 6.59594726562, 2.26112055779, 7.53642177582, 0.254935830832, 0.038770865649, 0.0193286631256, 0.0536893680692, 0.0107616921887, 0.00218426971696, 3.44565778505e-05, 6.07653376505e-08, 1.65707197963e-10, 3.38058986186e-12, 1.21939222608e-10, 7.13913095307e-10]
    },
    "gfcc": {
        "mean": [-170.722732544, 208.889312744, -80.750793457, 25.7287406921, -54.2542572021, -30.6832504272, -33.6956596375, -27.4259910583, -13.3300790787, -34.4187393188, -13.8098526001, -24.8311882019, -1.02002847195],
        "cov": [[2761.5859375, -558.989379883, -446.472717285, 677.561523438, -272.041809082, 225.951385498, 65.9761657715, 165.693481445, 80.6470565796, -91.2996368408, 5.93520927429, -12.1417093277, 162.563735962], [-558.989379883, 842.889038086, 337.43850708, -493.876312256, 539.937988281, -229.856140137, 155.377532959, 42.4082794189, 44.3080749512, 46.9590835571, -42.0539054871, 46.816783905, -65.9697341919], [-446.472717285, 337.43850708, 484.106414795, -249.898193359, 176.707885742, 0.0723345726728, 31.8111763, 13.5592699051, -3.58109354973, 17.2690105438, -13.8113937378, 9.2368516922, -27.671043396], [677.561523438, -493.876312256, -249.898193359, 478.538421631, -280.437255859, 143.241744995, -11.8038253784, 19.4781990051, 27.4865398407, -15.0255174637, 37.0558738708, -28.7529354095, 66.3979568481], [-272.041809082, 539.937988281, 176.707885742, -280.437255859, 496.688323975, -172.128540039, 96.0938644409, 38.2926483154, 8.85670280457, 31.221824646, -48.4233207703, 33.3703079224, -36.4522285461], [225.951385498, -229.856140137, 0.0723345726728, 143.241744995, -172.128540039, 236.414093018, -16.3288879395, 25.8458576202, 24.7287693024, -15.5998620987, 29.6874790192, -6.62582397461, 40.333820343], [65.9761657715, 155.377532959, 31.8111763, -11.8038253784, 96.0938644409, -16.3288879395, 129.946212769, 39.5073127747, 16.6232471466, 3.39551758766, -15.860165596, 8.7739648819, 0.534815788269], [165.693481445, 42.4082794189, 13.5592699051, 19.4781990051, 38.2926483154, 25.8458576202, 39.5073127747, 116.973129272, 32.5756111145, -7.59707975388, 5.5214304924, 8.77280521393, 14.588262558], [80.6470565796, 44.3080749512, -3.58109354973, 27.4865398407, 8.85670280457, 24.7287693024, 16.6232471466, 32.5756111145, 77.5253219604, 17.0934734344, -3.78087806702, 9.17049407959, 8.72163295746], [-91.2996368408, 46.9590835571, 17.2690105438, -15.0255174637, 31.221824646, -15.5998620987, 3.39551758766, -7.59707975388, 17.0934734344, 71.8077011108, 14.8205690384, -13.357131958, -13.5230321884], [5.93520927429, -42.0539054871, -13.8113937378, 37.0558738708, -48.4233207703, 29.6874790192, -15.860165596, 5.5214304924, -3.78087806702, 14.8205690384, 62.2382698059, -5.80400276184, -17.2829532623], [-12.1417093277, 46.816783905, 9.2368516922, -28.7529354095, 33.3703079224, -6.62582397461, 8.7739648819, 8.77280521393, 9.17049407959, -13.357131958, -5.80400276184, 50.4867744446, 6.7010269165], [162.563735962, -65.9697341919, -27.671043396, 66.3979568481, -36.4522285461, 40.333820343, 0.534815788269, 14.588262558, 8.72163295746, -13.5230321884, -17.2829532623, 6.7010269165, 59.0906600952]],
        "icov": [[0.000716115580872, -0.0012197564356, 0.000523253518622, -0.0016407740768, 0.000341620063409, -0.000642903614789, 0.000723114295397, -0.00082190555986, 0.000883446482476, 0.000403440470109, 0.000947383232415, 5.71429009142e-05, -0.000164663957548], [-0.0012197564356, 0.0525319240987, -0.0103865917772, 0.0376131758094, -0.0241740550846, 0.0220570210367, -0.0384732596576, 0.010865971446, -0.0455292798579, 0.0090234419331, -0.0392619110644, 0.00690503418446, -0.0209092404693], [0.000523253518622, -0.0103865917772, 0.0054429252632, -0.00592751987278, 0.00407346570864, -0.00603618798777, 0.00714044552296, -0.00252383155748, 0.00919406861067, -0.00197416217998, 0.0078121968545, -0.000716110575013, 0.00392287643626], [-0.0016407740768, 0.0376131758094, -0.00592751987278, 0.0329630672932, -0.0154859367758, 0.0150941731408, -0.028880359605, 0.00837617460638, -0.0337314158678, 0.00611099367961, -0.0306692197919, 0.00701910769567, -0.0183607358485], [0.000341620063409, -0.0241740550846, 0.00407346570864, -0.0154859367758, 0.0159739311785, -0.00788508169353, 0.0156051050872, -0.006377636455, 0.0209110174328, -0.0060811592266, 0.0194901060313, -0.00473117316142, 0.00980883650482], [-0.000642903614789, 0.0220570210367, -0.00603618798777, 0.0150941731408, -0.00788508169353, 0.017183797434, -0.0164399296045, 0.0040075625293, -0.0213922709227, 0.00518079474568, -0.0199871398509, 0.00336606707424, -0.0127124413848], [0.000723114295397, -0.0384732596576, 0.00714044552296, -0.028880359605, 0.0156051050872, -0.0164399296045, 0.0386678688228, -0.0105753913522, 0.0333115011454, -0.00725961942226, 0.0314852483571, -0.00590126402676, 0.0172629598528], [-0.00082190555986, 0.010865971446, -0.00252383155748, 0.00837617460638, -0.006377636455, 0.0040075625293, -0.0105753913522, 0.0150914955884, -0.0142710516229, 0.00507485214621, -0.0129121923819, 0.00233124895021, -0.00727477297187], [0.000883446482476, -0.0455292798579, 0.00919406861067, -0.0337314158678, 0.0209110174328, -0.0213922709227, 0.0333115011454, -0.0142710516229, 0.0580109842122, -0.0153630776331, 0.0392955243587, -0.0111848879606, 0.0203548613936], [0.000403440470109, 0.0090234419331, -0.00197416217998, 0.00611099367961, -0.0060811592266, 0.00518079474568, -0.00725961942226, 0.00507485214621, -0.0153630776331, 0.0221508163959, -0.0143718719482, 0.00832758285105, -0.00511305034161], [0.000947383232415, -0.0392619110644, 0.0078121968545, -0.0306692197919, 0.0194901060313, -0.0199871398509, 0.0314852483571, -0.0129121923819, 0.0392955243587, -0.0143718719482, 0.056209448725, -0.00927487388253, 0.0286529939622], [5.71429009142e-05, 0.00690503418446, -0.000716110575013, 0.00701910769567, -0.00473117316142, 0.00336606707424, -0.00590126402676, 0.00233124895021, -0.0111848879606, 0.00832758285105, -0.00927487388253, 0.026034841314, -0.00851758476347], [-0.000164663957548, -0.0209092404693, 0.00392287643626, -0.0183607358485, 0.00980883650482, -0.0127124413848, 0.0172629598528, -0.00727477297187, 0.0203548613936, -0.00511305034161, 0.0286529939622, -0.00851758476347, 0.0380408577621]]
    },
    "melbands": {
        "dmean": [5.13078048243e-05, 0.000711408443749, 0.00180057878606, 0.00195774855092, 0.000230046221986, 0.000206532073207, 6.49207504466e-05, 3.93909649574e-05, 4.84808879264e-06, 1.0580021808e-05, 1.09940810944e-05, 1.20418133065e-06, 1.25142537399e-06, 4.00493803454e-07, 5.70775284814e-07, 2.71459356327e-07, 1.37631317898e-07, 1.62339077292e-07, 2.75083692713e-07, 6.72226462939e-07, 2.43274200784e-07, 4.5842168106e-07, 2.62886629798e-07, 1.13432506055e-07, 1.51624888645e-07, 4.25649972158e-07, 3.33414305942e-07, 1.75683027237e-07, 1.74803659547e-07, 1.08867993731e-07, 1.24063163298e-07, 5.29973362973e-08, 3.01383913381e-08, 1.95638367728e-08, 1.58479949164e-08, 1.62440763063e-08, 2.29354242265e-08, 1.07044284547e-08, 7.77704300958e-09, 5.0478536906e-09],
        "dmean2": [4.965545304e-05, 0.000902774103452, 0.00285912491381, 0.00301753357053, 0.000408909691032, 0.000395556649892, 0.000116757146316, 6.75559713272e-05, 7.5129578363e-06, 1.7385751562e-05, 1.7712585759e-05, 1.59948012879e-06, 1.79612629836e-06, 5.544741839e-07, 7.95897506123e-07, 4.00669591727e-07, 2.18111296135e-07, 2.32840733361e-07, 4.09896131259e-07, 1.01431533039e-06, 3.755233422e-07, 7.43965188121e-07, 4.50552306575e-07, 1.86482154163e-07, 2.54990794701e-07, 7.82547317613e-07, 6.16565159817e-07, 2.99722074715e-07, 2.89839192646e-07, 1.73519765667e-07, 1.98810369056e-07, 8.51350776543e-08, 5.18975085129e-08, 3.26618838642e-08, 2.67895519102e-08, 2.67997037895e-08, 3.99715638366e-08, 1.70487890472e-08, 1.22798926583e-08, 9.08658748244e-09],
        "dvar": [1.01405657205e-08, 1.65439200828e-06, 4.56321049569e-06, 7.6999558587e-06, 7.13063101898e-08, 6.51133476026e-08, 1.40857876474e-08, 2.99047209218e-09, 6.2690866387e-11, 3.54617640808e-10, 4.37694408495e-10, 3.07507686849e-12, 8.61845230599e-12, 4.57674696752e-13, 1.326710985e-12, 2.83224019324e-13, 1.40045147787e-13, 1.36033586197e-13, 2.86725916447e-12, 9.33296669114e-12, 1.11413677763e-12, 1.13160704765e-11, 1.24706928811e-12, 2.49412063268e-13, 1.50219929811e-12, 8.68122379538e-11, 5.25857551947e-11, 3.50253376649e-12, 2.7815957003e-12, 7.82992865423e-13, 2.55043729191e-12, 1.16501263931e-13, 2.28688273966e-14, 9.02867749775e-15, 7.1542740536e-15, 6.84384791338e-15, 3.80738158828e-14, 3.14365457528e-15, 2.3654536429e-15, 2.69166890077e-15],
        "dvar2": [7.48786366245e-09, 2.8211670724e-06, 1.1105221347e-05, 1.7148517145e-05, 2.19842675619e-07, 2.41399305878e-07, 5.21228606942e-08, 8.05400190984e-09, 1.40999489862e-10, 1.01793939944e-09, 1.21207432979e-09, 5.47966012843e-12, 1.85406516529e-11, 8.51413991393e-13, 2.44932676571e-12, 5.87837666998e-13, 3.41423178792e-13, 2.94376393921e-13, 7.0629660974e-12, 2.07772167526e-11, 2.95826405906e-12, 3.2213481882e-11, 3.69408757056e-12, 6.89293728432e-13, 4.47735121548e-12, 2.59929994195e-10, 1.56890778147e-10, 9.84080959082e-12, 7.80030640773e-12, 1.66228966356e-12, 5.33342770989e-12, 2.95451814056e-13, 5.750303391e-14, 2.38908353279e-14, 1.93282313711e-14, 1.82175238436e-14, 1.08960177036e-13, 7.86034885997e-15, 6.04889902205e-15, 7.77582767733e-15],
        "max": [0.00294096837752, 0.0289668552577, 0.0268872380257, 0.0436977669597, 0.0033469486516, 0.00222945632413, 0.00143713224679, 0.00104470073711, 0.000176947825821, 0.000239927641815, 0.000277768995147, 3.96298673877e-05, 6.62613092572e-05, 1.37023334901e-05, 3.47487984982e-05, 1.17795125334e-05, 1.02031717688e-05, 8.1470789155e-06, 6.79567820043e-05, 0.000112902380351, 2.9733258998e-05, 0.000119952172099, 2.62433168245e-05, 1.2852018699e-05, 4.16060393036e-05, 0.00033593311673, 0.000261446781224, 5.28030905116e-05, 4.85446762468e-05, 3.18882048305e-05, 6.09417402302e-05, 1.16580777103e-05, 2.68211078946e-06, 2.45970136348e-06, 1.84400482794e-06, 1.51020924477e-06, 5.47032504983e-06, 1.07770290469e-06, 1.04840239601e-06, 1.2213691889e-06],
        "mean": [0.000160653129569, 0.00175363675226, 0.00390273262747, 0.00427889032289, 0.000506107986439, 0.000338090583682, 0.00015943562903, 0.000104413891677, 1.61210136866e-05, 2.41763027589e-05, 2.34796207224e-05, 3.94277094529e-06, 3.40957558365e-06, 1.15744649065e-06, 1.50372773078e-06, 7.62198112625e-07, 2.68854279284e-07, 3.89509125398e-07, 6.14795510501e-07, 1.31807507842e-06, 4.4168751856e-07, 7.31141028609e-07, 4.10907659898e-07, 2.03744562555e-07, 2.02005537631e-07, 3.48201211864e-07, 2.58249855278e-07, 1.61438592272e-07, 1.73110365154e-07, 1.34425491183e-07, 1.52042858304e-07, 6.47243112439e-08, 3.06246938919e-08, 2.35925892156e-08, 1.84492883193e-08, 1.98490059944e-08, 2.37235546763e-08, 1.49484495893e-08, 1.12407132491e-08, 3.86466725288e-09],
        "median": [3.67733009625e-05, 0.000525627692696, 0.0030651637353, 0.00272378791124, 0.000411467714002, 0.000233686587308, 0.000107536587166, 6.22121515335e-05, 1.0266735444e-05, 1.64976663655e-05, 1.42737435453e-05, 2.55757186096e-06, 1.84957377769e-06, 6.91748027748e-07, 7.23729783658e-07, 4.43687497409e-07, 1.43381029716e-07, 1.99362105491e-07, 2.70898993904e-07, 4.82825214476e-07, 1.66743788554e-07, 1.93374873447e-07, 1.08887107331e-07, 4.9654598655e-08, 3.71843213998e-08, 4.25882689115e-08, 2.73659015448e-08, 1.31957236249e-08, 1.52839252365e-08, 1.3009914035e-08, 8.66503224728e-09, 4.28797664043e-09, 2.40328312806e-09, 1.69017655427e-09, 9.6031538277e-10, 7.69669383782e-10, 5.40181288589e-10, 3.13866904689e-10, 2.28793525792e-10, 8.70341576586e-11],
        "min": [1.39950190325e-10, 9.41468680793e-10, 1.14556995001e-08, 8.93417606562e-09, 2.69392463892e-09, 5.94612714622e-09, 1.37222855301e-09, 1.05477004908e-09, 2.22503349079e-10, 6.1671913236e-12, 8.38078703658e-11, 5.93500595891e-11, 6.43838671613e-12, 5.39744204192e-12, 7.39728590882e-12, 4.52399923079e-12, 3.19272516411e-12, 1.77651545818e-12, 1.58201034738e-12, 3.28264932598e-12, 3.93187652575e-12, 2.79704601494e-12, 8.20578576876e-13, 4.51409905549e-13, 1.14647863685e-12, 1.26295751201e-12, 9.47864725077e-13, 1.36071460089e-12, 1.19731373253e-12, 7.1234451714e-13, 8.52005803149e-13, 7.57458874269e-13, 4.81820475445e-13, 7.06613370247e-13, 7.87069031911e-13, 6.05961136303e-13, 1.02254912437e-12, 5.18069257199e-13, 2.9634243193e-13, 3.90187339903e-13],
        "var": [1.05642726567e-07, 1.08054455268e-05, 1.03724387372e-05, 2.08781384572e-05, 1.53793308755e-07, 9.93909665681e-08, 3.28935065852e-08, 1.37648310528e-08, 3.1217278762e-10, 6.76660505405e-10, 9.51065670662e-10, 1.76968179694e-11, 2.57433501599e-11, 1.78177557344e-12, 7.88464172424e-12, 1.08949221173e-12, 2.22309597489e-13, 3.79672909865e-13, 2.69446205799e-12, 1.11989939891e-11, 1.03216610606e-12, 8.30188522094e-12, 1.15965451217e-12, 3.10423236595e-13, 9.84328937803e-13, 4.42819808599e-11, 2.68372980089e-11, 2.20844024491e-12, 1.78878840993e-12, 7.90438949103e-13, 2.52619843447e-12, 1.10957277437e-13, 1.92036345186e-14, 9.22086165018e-15, 5.94845954923e-15, 7.87838134439e-15, 3.06484946742e-14, 5.3526968082e-15, 3.71450586557e-15, 1.59171096256e-15]
    },
    "mfcc": {
        "mean": [-815.896911621, 217.895721436, 39.6009254456, 38.2240791321, 6.41380119324, -8.45847892761, -13.5279817581, -7.46635866165, -4.23979330063, -12.908654213, -17.7817230225, -10.3052921295, -10.1811666489],
        "cov": [[2635.1394043, -709.627929688, -367.252471924, 449.54598999, -224.542373657, 120.803344727, 3.64855051041, 205.848907471, 189.552261353, 34.095161438, -13.7612323761, 93.413230896, -96.2079925537], [-709.627929688, 1302.28320312, 24.9108009338, -140.791427612, 323.261444092, -103.851974487, 115.425941467, 56.2201271057, 85.2988586426, 99.2190704346, 113.578346252, -84.9572753906, 57.4450263977], [-367.252471924, 24.9108009338, 353.459838867, -121.492996216, -4.58997774124, 45.0934143066, -2.77554821968, 16.9858646393, -22.2709636688, 0.314685732126, 27.5011997223, 14.8317136765, -14.8381881714], [449.54598999, -140.791427612, -121.492996216, 260.90826416, -38.1809425354, 15.7604856491, 25.7314033508, 16.1967601776, 47.6017150879, 38.3989028931, 0.100944176316, -0.851546704769, 6.31889724731], [-224.542373657, 323.261444092, -4.58997774124, -38.1809425354, 208.819244385, -25.0341587067, 30.665813446, 26.547334671, 19.2071056366, 48.1942138672, 29.170375824, -26.9014225006, 32.1776885986], [120.803344727, -103.851974487, 45.0934143066, 15.7604856491, -25.0341587067, 122.787559509, 7.80638122559, 10.8259000778, 19.2211170197, 11.5045928955, 0.199467092752, 13.9689998627, 1.8822619915], [3.64855051041, 115.425941467, -2.77554821968, 25.7314033508, 30.665813446, 7.80638122559, 103.829696655, 38.2178421021, 18.2355079651, 41.7104682922, 22.2259788513, -6.09379577637, 11.8896341324], [205.848907471, 56.2201271057, 16.9858646393, 16.1967601776, 26.547334671, 10.8259000778, 38.2178421021, 150.011764526, 71.4371643066, 11.9219255447, 33.1859550476, 8.59074306488, -14.615477562], [189.552261353, 85.2988586426, -22.2709636688, 47.6017150879, 19.2071056366, 19.2211170197, 18.2355079651, 71.4371643066, 128.744750977, 35.5133552551, 9.72758674622, -0.182923078537, -0.383798390627], [34.095161438, 99.2190704346, 0.314685732126, 38.3989028931, 48.1942138672, 11.5045928955, 41.7104682922, 11.9219255447, 35.5133552551, 124.731994629, 20.2648334503, -25.6603946686, 38.580947876], [-13.7612323761, 113.578346252, 27.5011997223, 0.100944176316, 29.170375824, 0.199467092752, 22.2259788513, 33.1859550476, 9.72758674622, 20.2648334503, 94.8453903198, 26.9651184082, -11.0651655197], [93.413230896, -84.9572753906, 14.8317136765, -0.851546704769, -26.9014225006, 13.9689998627, -6.09379577637, 8.59074306488, -0.182923078537, -25.6603946686, 26.9651184082, 93.5793304443, -11.7391376495], [-96.2079925537, 57.4450263977, -14.8381881714, 6.31889724731, 32.1776885986, 1.8822619915, 11.8896341324, -14.615477562, -0.383798390627, 38.580947876, -11.0651655197, -11.7391376495, 77.2528686523]],
