{
"lowlevel": {
    "average_loudness": 0.919005155563,
    "barkbands_crest": {
        "dmean": 2.24903416634,
        "dmean2": 3.46740031242,
        "dvar": 4.05881786346,
        "dvar2": 10.1169700623,
        "max": 22.3403377533,
        "mean": 11.4010162354,
        "median": 10.8456277847,
        "min": 2.81424498558,
        "var": 11.2728233337
    },
    "barkbands_flatness_db": {
        "dmean": 0.0174599848688,
        "dmean2": 0.0246501099318,
        "dvar": 0.000271107506705,
        "dvar2": 0.000576937338337,
        "max": 0.351713180542,
        "mean": 0.232144504786,
        "median": 0.23367780447,
        "min": 0.0255324933678,
        "var": 0.00169783597812
    },
    "barkbands_kurtosis": {
        "dmean": 3.01382732391,
        "dmean2": 4.51902198792,
        "dvar": 12.3038959503,
        "dvar2": 28.7179775238,
        "max": 43.8683509827,
        "mean": 7.42408132553,
        "median": 5.96370124817,
        "min": -1.30749022961,
        "var": 32.7008705139
    },
    "barkbands_skewness": {
        "dmean": 0.481010317802,
        "dmean2": 0.691538214684,
        "dvar": 0.219644397497,
        "dvar2": 0.449721813202,
        "max": 5.81442928314,
        "mean": 2.18452358246,
        "median": 2.08416724205,
        "min": -1.76718735695,
        "var": 0.713840067387
    },
    "barkbands_spread": {
        "dmean": 1.91207933426,
        "dmean2": 2.79181933403,
        "dvar": 5.46031808853,
        "dvar2": 9.56042289734,
        "max": 49.2691764832,
        "mean": 8.44621276855,
        "median": 7.33044099808,
        "min": 1.63513433933,
        "var": 21.5102272034
    },
    "dissonance": {
        "dmean": 0.0261991173029,
        "dmean2": 0.0424060970545,
        "dvar": 0.000454089458799,
        "dvar2": 0.00116046378389,
        "max": 0.497796326876,
        "mean": 0.427152693272,
        "median": 0.429882138968,
        "min": 0.288906186819,
        "var": 0.00107542157639
    },
    "dynamic_complexity": 2.83243012428,
    "erbbands_crest": {
        "dmean": 2.71528768539,
        "dmean2": 3.99396014214,
        "dvar": 5.9986038208,
        "dvar2": 11.8289546967,
        "max": 26.78083992,
        "mean": 10.6581144333,
        "median": 9.41748332977,
        "min": 2.99035692215,
        "var": 22.5020523071
    },
    "erbbands_flatness_db": {
        "dmean": 0.0132512813434,
        "dmean2": 0.0179686080664,
        "dvar": 0.000131368389702,
        "dvar2": 0.000226400035899,
        "max": 0.304601699114,
        "mean": 0.205007642508,
        "median": 0.202223300934,
        "min": 0.094173155725,
        "var": 0.000631528499071
    },
    "erbbands_kurtosis": {
        "dmean": 0.924090445042,
        "dmean2": 1.33424437046,
        "dvar": 1.41518080235,
        "dvar2": 2.66542124748,
        "max": 12.8565998077,
        "mean": 0.272343873978,
        "median": -0.311429262161,
        "min": -1.68075323105,
        "var": 3.26688742638
    },
    "erbbands_skewness": {
        "dmean": 0.368714690208,
        "dmean2": 0.510213196278,
        "dvar": 0.100696004927,
        "dvar2": 0.188258603215,
        "max": 3.1781566143,
        "mean": 0.694247722626,
        "median": 0.677213609219,
        "min": -1.07968711853,
        "var": 0.386915504932
    },
    "erbbands_spread": {
        "dmean": 5.07802391052,
        "dmean2": 7.24502372742,
        "dvar": 17.8808689117,
        "dvar2": 36.4163894653,
        "max": 58.8391914368,
        "mean": 29.2269554138,
        "median": 29.3377895355,
        "min": 7.65788602829,
        "var": 85.4349746704
    },
    "hfc": {
        "dmean": 2.74347233772,
        "dmean2": 3.85442829132,
        "dvar": 8.89816856384,
        "dvar2": 18.876209259,
        "max": 50.0983428955,
        "mean": 13.9562082291,
        "median": 13.3701953888,
        "min": 1.15255270207e-16,
        "var": 68.6020126343
    },
    "melbands_crest": {
        "dmean": 2.90772747993,
        "dmean2": 4.38431787491,
        "dvar": 6.75474262238,
        "dvar2": 15.5569515228,
        "max": 30.6540393829,
        "mean": 17.2121963501,
        "median": 16.753484726,
        "min": 2.17088651657,
        "var": 23.312374115
    },
    "melbands_flatness_db": {
        "dmean": 0.0209635961801,
        "dmean2": 0.0293411519378,
        "dvar": 0.000467440549983,
        "dvar2": 0.000883409637026,
        "max": 0.495547920465,
        "mean": 0.345997184515,
        "median": 0.348531574011,
        "min": 0.00632609659806,
        "var": 0.00283346720971
    },
    "melbands_kurtosis": {
        "dmean": 6.10218667984,
        "dmean2": 9.1364402771,
        "dvar": 50.6283988953,
        "dvar2": 115.724647522,
        "max": 83.6449127197,
        "mean": 15.5505714417,
        "median": 12.4514570236,
        "min": -1.22636210918,
        "var": 131.043426514
    },
    "melbands_skewness": {
        "dmean": 0.668589293957,
        "dmean2": 0.948099255562,
        "dvar": 0.379853695631,
        "dvar2": 0.79613417387,
        "max": 7.28272247314,
        "mean": 2.97643494606,
        "median": 2.8348762989,
        "min": 0.116362035275,
        "var": 1.31424534321
    },
    "melbands_spread": {
        "dmean": 2.1360886097,
        "dmean2": 3.03397774696,
        "dvar": 26.4108448029,
        "dvar2": 31.9501285553,
        "max": 133.747695923,
        "mean": 8.05395317078,
        "median": 6.80828857422,
        "min": 1.27338922024,
        "var": 43.0513916016
    },
    "pitch_salience": {
        "dmean": 0.0578502006829,
        "dmean2": 0.0889652892947,
        "dvar": 0.00279649556614,
        "dvar2": 0.00690007256344,
        "max": 0.889035642147,
        "mean": 0.475277274847,
        "median": 0.469128102064,
        "min": 0.2178735286,
        "var": 0.0087404511869
    },
    "silence_rate_20dB": {
        "dmean": 0,
        "dmean2": 0,
        "dvar": 0,
        "dvar2": 0,
        "max": 1,
        "mean": 1,
        "median": 1,
        "min": 1,
        "var": 0
    },
    "silence_rate_30dB": {
        "dmean": 0.0633694007993,
        "dmean2": 0.126836806536,
        "dvar": 0.0593531988561,
        "dvar2": 0.126216247678,
        "max": 1,
        "mean": 0.868725895882,
        "median": 1,
        "min": 0,
        "var": 0.114039830863
    },
    "silence_rate_60dB": {
        "dmean": 0.00463678501546,
        "dmean2": 0.00928074214607,
        "dvar": 0.00461524585262,
        "dvar2": 0.0107415560633,
        "max": 1,
        "mean": 0.0501930490136,
        "median": 0,
        "min": 0,
        "var": 0.0476721711457
    },
    "spectral_centroid": {
        "dmean": 95.0496368408,
        "dmean2": 130.305267334,
        "dvar": 93435.359375,
        "dvar2": 102432.226562,
        "max": 10890.9521484,
        "mean": 575.145324707,
        "median": 516.20690918,
        "min": 215.31741333,
        "var": 128930.59375
    },
    "spectral_complexity": {
        "dmean": 1.61978363991,
        "dmean2": 2.73627233505,
        "dvar": 1.98371708393,
        "dvar2": 5.30321502686,
        "max": 25,
        "mean": 13.1945943832,
        "median": 14,
        "min": 0,
        "var": 18.1088733673
    },
    "spectral_decrease": {
        "dmean": 3.92858012788e-09,
        "dmean2": 5.53812640192e-09,
        "dvar": 2.12648051542e-17,
        "dvar2": 5.0840446124e-17,
        "max": -6.14324647532e-29,
        "mean": -1.59647921549e-08,
        "median": -1.48798680044e-08,
        "min": -7.70489734236e-08,
        "var": 1.03200337006e-16
    },
    "spectral_energy": {
        "dmean": 0.0150121031329,
        "dmean2": 0.0211743079126,
        "dvar": 0.000309306342388,
        "dvar2": 0.000738232105505,
        "max": 0.294657409191,
        "mean": 0.0615206025541,
        "median": 0.0573778636754,
        "min": 1.06858568107e-20,
        "var": 0.00151266425382
    },
    "spectral_energyband_high": {
        "dmean": 1.35581740324e-05,
        "dmean2": 2.0007519197e-05,
        "dvar": 6.07837224997e-10,
        "dvar2": 1.30272670429e-09,
        "max": 0.000658591510728,
        "mean": 4.09624444728e-05,
        "median": 2.41988618654e-05,
        "min": 7.82042319722e-21,
        "var": 3.00926594754e-09
    },
    "spectral_energyband_low": {
        "dmean": 0.0126936156303,
        "dmean2": 0.0179194565862,
        "dvar": 0.000255814986303,
        "dvar2": 0.000623508589342,
        "max": 0.230765148997,
        "mean": 0.0392924509943,
        "median": 0.032703217119,
        "min": 7.29310047921e-23,
        "var": 0.00102370546665
    },
    "spectral_energyband_middle_high": {
        "dmean": 0.000791143975221,
        "dmean2": 0.00120926240925,
        "dvar": 9.24954747461e-07,
        "dvar2": 2.14520900954e-06,
        "max": 0.0251694284379,
        "mean": 0.00283485627733,
        "median": 0.00239420309663,
        "min": 1.70471362346e-21,
        "var": 5.79174320592e-06
    },
    "spectral_energyband_middle_low": {
        "dmean": 0.00609355652705,
        "dmean2": 0.00820618495345,
        "dvar": 4.38771785412e-05,
        "dvar2": 8.59840074554e-05,
        "max": 0.0838431790471,
        "mean": 0.0199802499264,
        "median": 0.0174073837698,
        "min": 3.10115282499e-22,
        "var": 0.00019551780133
    },
    "spectral_entropy": {
        "dmean": 0.133620113134,
        "dmean2": 0.187841802835,
        "dvar": 0.0174642167985,
        "dvar2": 0.0278046969324,
        "max": 9.77763843536,
        "mean": 6.55731773376,
        "median": 6.55927228928,
        "min": 5.64189529419,
        "var": 0.080189190805
    },
    "spectral_flux": {
        "dmean": 0.0232889167964,
        "dmean2": 0.0393096618354,
        "dvar": 0.00071735389065,
        "dvar2": 0.00183396309149,
        "max": 0.444294691086,
        "mean": 0.0839740559459,
        "median": 0.0789003744721,
        "min": 1.03372414795e-10,
        "var": 0.00175053754356
    },
    "spectral_kurtosis": {
        "dmean": 5.99552488327,
        "dmean2": 10.7942991257,
        "dvar": 24.0159702301,
        "dvar2": 74.2224349976,
        "max": 47.4238433838,
        "mean": 14.6291055679,
        "median": 13.124578476,
        "min": -1.25376117229,
        "var": 44.1017799377
    },
    "spectral_rms": {
        "dmean": 0.000926623120904,
        "dmean2": 0.0012922497699,
        "dvar": 8.92322020718e-07,
        "dvar2": 2.045889687e-06,
        "max": 0.0169549584389,
        "mean": 0.00726251117885,
        "median": 0.00748187163845,
        "min": 3.22881174922e-12,
        "var": 7.27595306671e-06
    },
    "spectral_rolloff": {
        "dmean": 120.09627533,
        "dmean2": 183.772659302,
        "dvar": 444696.625,
        "dvar2": 473235.65625,
        "max": 18798.4863281,
        "mean": 418.941375732,
        "median": 387.59765625,
        "min": 86.1328125,
        "var": 483257.8125
    },
    "spectral_skewness": {
        "dmean": 0.469038188457,
        "dmean2": 0.834189593792,
        "dvar": 0.141764461994,
        "dvar2": 0.415654420853,
        "max": 5.21275806427,
        "mean": 2.66685223579,
        "median": 2.57921147346,
        "min": 0.018212236464,
        "var": 0.345874130726
    },
    "spectral_spread": {
        "dmean": 250136.015625,
        "dmean2": 395388.96875,
        "dvar": 1.05577073869e+12,
        "dvar2": 953769525248,
        "max": 41602892,
        "mean": 2342722.25,
        "median": 2315895.5,
        "min": 1432116.75,
        "var": 1.33298336563e+12
    },
    "spectral_strongpeak": {
        "dmean": 0.350045144558,
        "dmean2": 0.601453244686,
        "dvar": 0.324376523495,
        "dvar2": 0.679843962193,
        "max": 4.29209041595,
        "mean": 0.676385998726,
        "median": 0.363282710314,
        "min": 0,
        "var": 0.553935527802
    },
    "zerocrossingrate": {
        "dmean": 0.00378021760844,
        "dmean2": 0.0045055556111,
        "dvar": 0.000303847395116,
        "dvar2": 0.000279767875327,
        "max": 0.494140625,
        "mean": 0.0199248921126,
        "median": 0.017578125,
        "min": 0.00439453125,
        "var": 0.000397468451411
    },
    "barkbands": {
        "dmean": [0.0015199247282, 0.00961718708277, 0.00450462382287, 0.000626040506177, 0.00200496031903, 0.00319194165058, 0.00215818523429, 0.000322144507663, 0.000234070292208, 0.000514793675393, 0.000196304667043, 0.000125261489302, 9.9585922726e-05, 0.000252760073636, 0.000140308315167, 0.000139934243634, 0.000149551124196, 6.11762079643e-05, 1.56900641741e-05, 1.49700535985e-05, 2.82854603029e-06, 1.78564391717e-06, 1.13958162729e-06, 5.75221235977e-07, 1.7871772684e-07, 1.13475373098e-07, 1.24463511497e-07],
        "dmean2": [0.00232354225591, 0.0137472059578, 0.00649029063061, 0.000989709282294, 0.00268222903833, 0.0047908751294, 0.00265421252698, 0.000495250103995, 0.000356618402293, 0.000814108294435, 0.000307521317154, 0.000193476153072, 0.000146793303429, 0.000424795114668, 0.00021473315428, 0.000223332812311, 0.000228668723139, 9.3755821581e-05, 2.51682795351e-05, 2.35515399254e-05, 4.63771539216e-06, 2.70396185442e-06, 1.79081860097e-06, 8.49026150718e-07, 2.68635886869e-07, 1.72686384303e-07, 2.1315669585e-07],
        "dvar": [6.80762968841e-06, 0.00014566288155, 4.14359346905e-05, 7.43419434457e-07, 8.31719989947e-06, 1.33384492074e-05, 1.28235233205e-05, 2.65269932243e-07, 1.18816657846e-07, 7.5981330383e-07, 2.23783914066e-07, 3.3552083778e-08, 2.80564869115e-08, 1.80485642431e-07, 4.43935057604e-08, 5.80191716892e-08, 6.25832541346e-08, 1.44319489692e-08, 5.39373157249e-10, 8.13652145659e-10, 1.9499320561e-11, 1.09448171012e-11, 3.95647100151e-12, 1.17915291246e-12, 2.09750145312e-13, 9.92169196736e-14, 1.24156742626e-14],
        "dvar2": [1.58451512107e-05, 0.00035475360346, 0.000102173966297, 1.8411056999e-06, 1.57309004862e-05, 3.21710322169e-05, 2.02208011615e-05, 7.7763598938e-07, 2.7965606364e-07, 1.91079789147e-06, 5.03283672515e-07, 7.63466729836e-08, 6.38976729306e-08, 4.54029020602e-07, 9.54331156322e-08, 1.33840913463e-07, 1.28464051841e-07, 2.7841901229e-08, 1.29051247466e-09, 1.81780435149e-09, 4.78861637843e-11, 2.18937958041e-11, 8.45640571456e-12, 2.37539632061e-12, 3.57535507277e-13, 1.70082684373e-13, 3.75369731771e-14],
        "max": [0.047985047102, 0.117837995291, 0.118361279368, 0.0117837833241, 0.0459048002958, 0.0345184542239, 0.0433391332626, 0.00749907037243, 0.00503841787577, 0.0112798986956, 0.0063859266229, 0.00239428295754, 0.00209003686905, 0.00806448981166, 0.00304699037224, 0.00524229090661, 0.00682531110942, 0.00282491045073, 0.00029426914989, 0.000682559970301, 7.67555684433e-05, 9.49839159148e-05, 5.35626968485e-05, 3.00945503113e-05, 1.6213480194e-05, 9.63608272286e-06, 1.20960464756e-06],
        "mean": [0.00429112883285, 0.0239881947637, 0.0107204159722, 0.00118604872841, 0.00628629839048, 0.00656664185226, 0.00424455478787, 0.000685575418174, 0.000464704586193, 0.000895637902431, 0.000313269381877, 0.000223977753194, 0.000179353752173, 0.000398881151341, 0.000247874238994, 0.000272793666227, 0.000363146420568, 0.000104217440821, 3.4278309613e-05, 3.48710818798e-05, 6.62183219902e-06, 5.45698503629e-06, 3.39821872331e-06, 1.87863406609e-06, 5.98870428803e-07, 3.30208649757e-07, 5.70076053918e-07],
        "median": [0.00134806102142, 0.0186103954911, 0.0065616206266, 0.000730368075892, 0.00355889089406, 0.00479548098519, 0.00160930946004, 0.000410091102822, 0.000263677997282, 0.000304982095258, 9.90218541119e-05, 0.000137322378578, 5.63456269447e-05, 0.000202569266548, 0.000144651974551, 0.000104455255496, 0.000167648569914, 4.56764100818e-05, 1.94713029487e-05, 1.90779883269e-05, 4.09721042161e-06, 3.41036479767e-06, 1.94855329028e-06, 1.13502164822e-06, 3.61474491228e-07, 1.66455862427e-07, 6.1164013232e-07],
        "min": [3.19727612583e-24, 2.06804430143e-23, 3.62585210718e-23, 1.91042847261e-23, 5.02687791009e-23, 2.60186789594e-23, 8.97439215345e-23, 3.82394265354e-23, 8.16831262348e-23, 8.8884946672e-23, 1.25184147723e-22, 2.02557013702e-22, 1.37976177322e-22, 4.32282207654e-23, 1.86661782006e-22, 7.30218689466e-23, 1.00160482689e-22, 1.9074448429e-22, 2.62500875194e-22, 4.38030403567e-22, 3.78578160191e-22, 5.1127587356e-22, 6.26272053086e-22, 9.87439788041e-22, 1.26747283811e-21, 1.78197726061e-21, 2.32705656864e-21],
        "var": [4.32781744166e-05, 0.000454170629382, 0.000150890540681, 1.7838998474e-06, 6.2067527324e-05, 3.69192821381e-05, 3.85220264434e-05, 6.57274256355e-07, 3.39510194181e-07, 1.9023589175e-06, 3.96308450945e-07, 7.43147694493e-08, 6.97196114174e-08, 3.61140024552e-07, 1.08164059043e-07, 2.04094646961e-07, 2.89140899667e-07, 4.44359891105e-08, 1.56732138379e-09, 2.66236943602e-09, 7.11935024822e-11, 5.9375247774e-11, 2.12715799836e-11, 6.787723595e-12, 9.33444836183e-13, 3.93320602867e-13, 5.51816147572e-14]
    },
    "erbbands": {
        "dmean": [0.385141938925, 1.92311000824, 5.02160692215, 2.95835328102, 5.09367847443, 6.34985971451, 14.6063394547, 26.0679912567, 45.7473602295, 7.54151439667, 6.0772562027, 4.46433448792, 16.8342380524, 7.91378307343, 5.39552021027, 4.7344751358, 3.67372441292, 11.655125618, 6.94175100327, 8.12442684174, 5.73933887482, 7.2127404213, 3.60937356949, 1.13847994804, 0.51163816452, 0.846526384354, 0.202060684562, 0.0564975813031, 0.0677788034081, 0.0518232993782, 0.0332715436816, 0.0132549908012, 0.0108291497454, 0.00326218386181, 0.000826781208161, 0.00055518024601, 0.000257714302279, 0.00019896995218, 8.70764779393e-06, 1.63040367624e-05],
        "dmean2": [0.560811579227, 2.78328371048, 7.09840154648, 4.57743120193, 6.82013130188, 8.90410995483, 23.5205287933, 37.136756897, 56.5243797302, 10.7711410522, 9.82497215271, 6.77473211288, 26.2169589996, 12.730550766, 8.31499862671, 7.65658521652, 5.62517261505, 19.4359493256, 10.9845371246, 13.061797142, 8.69065952301, 11.2067174911, 5.63755750656, 1.79214942455, 0.811549186707, 1.31984567642, 0.32149040699, 0.089337348938, 0.103764742613, 0.08103171736, 0.0500820018351, 0.0202206578106, 0.0160585492849, 0.00483075063676, 0.00124954560306, 0.000837070401758, 0.000408917694585, 0.00033910619095, 1.35054087878e-05, 2.30166951951e-05],
        "dvar": [0.269154548645, 6.62864208221, 55.5124015808, 19.7844772339, 58.5228157043, 94.6456298828, 684.30456543, 1154.85510254, 5785.70849609, 222.001190186, 88.953666687, 33.9092254639, 963.56237793, 170.931259155, 121.922958374, 33.2067298889, 33.038444519, 389.336242676, 148.510879517, 128.99899292, 82.5170898438, 144.361373901, 47.050983429, 4.88092756271, 0.727939724922, 2.50628066063, 0.0898775607347, 0.00819197203964, 0.0112314773723, 0.0175711177289, 0.00317630404606, 0.00049727113219, 0.000501220056321, 6.80546727381e-05, 3.20906951856e-06, 1.24138125557e-06, 8.07622200227e-07, 3.50186795117e-08, 7.87100731814e-11, 3.62897573103e-10],
        "dvar2": [0.552744269371, 17.073802948, 136.537231445, 48.82188797, 111.517677307, 183.97819519, 1799.85009766, 2458.95117188, 9205.05371094, 604.163024902, 236.111022949, 77.9424819946, 2233.23608398, 433.204223633, 311.27722168, 85.2777557373, 81.8528594971, 979.946716309, 331.85333252, 289.571105957, 203.718795776, 317.476348877, 95.075553894, 9.6559009552, 1.71647310257, 5.35011959076, 0.215623229742, 0.0183636229485, 0.0240882858634, 0.0353752113879, 0.00666936393827, 0.00101593811996, 0.00102659314871, 0.00010974896577, 7.16669956091e-06, 2.44301168095e-06, 1.38791301652e-06, 1.00138642267e-07, 1.99067609619e-10, 8.63992544176e-10],
        "max": [6.55022239685, 32.5020904541, 147.867294312, 59.4479560852, 169.234802246, 186.724029541, 328.458282471, 405.735229492, 954.084411621, 293.282104492, 109.897674561, 85.7824478149, 437.917907715, 136.894790649, 135.920089722, 58.2164916992, 69.7098693848, 374.628753662, 186.614456177, 213.993606567, 231.831512451, 305.963653564, 188.335128784, 45.3471031189, 15.5530900955, 38.1974563599, 6.19220209122, 1.62690138817, 3.36395120621, 3.35473918915, 1.43639183044, 0.588181495667, 0.678038835526, 0.301075845957, 0.0479821003973, 0.0300772022456, 0.0283257216215, 0.00384419737384, 0.000156409660121, 0.000320787337841],
        "mean": [0.908803105354, 4.57744312286, 13.1277227402, 6.96408224106, 13.6191949844, 18.4308509827, 33.2898750305, 55.2300872803, 88.8432769775, 18.9563179016, 12.3276453018, 10.0075769424, 30.3787155151, 14.3306016922, 10.3440580368, 9.2393655777, 7.91839122772, 18.657371521, 13.6022996902, 17.3324165344, 14.4335203171, 18.8916244507, 7.05494403839, 2.36653494835, 1.34148204327, 1.90197515488, 0.551037967205, 0.158477857709, 0.195563644171, 0.155639052391, 0.094814106822, 0.0420118384063, 0.0330548323691, 0.0105067258701, 0.00300359399989, 0.00182316883001, 0.000695676368196, 0.00094426627038, 5.25223076693e-05, 6.80487573845e-05],
        "median": [0.600803554058, 3.50944018364, 7.89214944839, 4.72110366821, 8.4464597702, 9.37939071655, 15.0207300186, 31.967212677, 35.4107131958, 12.4885139465, 7.06740999222, 7.1443734169, 9.39203643799, 9.14890480042, 2.96948170662, 6.83622360229, 3.81647109985, 10.6069641113, 7.50139904022, 11.9371213913, 7.77108573914, 9.17943668365, 3.29250311852, 1.301197052, 0.700800478458, 0.990955412388, 0.343764066696, 0.105655923486, 0.133177176118, 0.085351832211, 0.0550857000053, 0.02475634031, 0.0190730709583, 0.0059042298235, 0.00204995251261, 0.0010185285937, 0.000397953175707, 0.00100648519583, 5.42387642781e-05, 6.41352526145e-05],
        "min": [6.51334908729e-22, 4.83481978938e-21, 3.16208529959e-20, 7.10186577782e-20, 1.35721584785e-19, 1.43051400213e-19, 2.47824888334e-19, 2.22132012273e-19, 1.34291035369e-18, 9.6414176626e-19, 8.69504445968e-19, 1.75472656434e-18, 1.31580064648e-18, 5.93452086439e-18, 6.11944081264e-18, 7.78997672744e-18, 5.93877629505e-18, 2.97109048523e-18, 6.10786979664e-18, 7.94458340137e-18, 4.48636377187e-18, 5.64215139534e-18, 1.02178229628e-17, 1.02179205701e-17, 2.05195170767e-17, 1.81892996603e-17, 1.73552352507e-17, 1.29040233461e-17, 1.79272372617e-17, 1.7402904015e-17, 2.01356374436e-17, 1.83896428046e-17, 1.64378323943e-17, 1.51131770896e-17, 8.69187242882e-18, 6.22235903804e-18, 3.12280368137e-18, 1.27157843356e-18, 2.78445201755e-19, 3.98170108695e-20],
        "var": [0.880988895893, 17.6174812317, 236.136367798, 51.6460952759, 285.211212158, 680.827026367, 2100.08325195, 3893.48950195, 16805.5214844, 648.748718262, 202.316848755, 101.995254517, 2444.37890625, 342.524749756, 304.603881836, 74.0973815918, 89.1608428955, 763.33190918, 353.726043701, 426.692626953, 424.818786621, 786.290100098, 172.841247559, 11.7684936523, 2.8887348175, 8.25951194763, 0.448971271515, 0.0362316183746, 0.0612020008266, 0.0662934556603, 0.0160940028727, 0.00284004677087, 0.0026478394866, 0.000314624485327, 1.60464405781e-05, 7.61423325457e-06, 2.12586564885e-06, 1.67789806937e-07, 5.67158098264e-10, 1.80297865526e-09]
    },
    "gfcc": {
        "mean": [-46.6886978149, 171.035888672, -101.86416626, 24.9197559357, -21.8820743561, -4.25687503815, -29.92918396, -0.342837005854, -1.35872018337, -0.888142585754, -3.30859565735, 2.05780816078, -2.17610931396],
        "cov": [[6767.72119141, 142.932846069, -400.074249268, 102.825653076, -127.461532593, 32.1520462036, -157.003738403, 59.4241828918, 4.99307489395, -43.1722221375, -35.244178772, 74.9641647339, 46.7788887024], [142.932846069, 265.432434082, 130.029800415, -51.7309341431, 33.6967811584, -30.1708335876, 61.6411743164, -33.7277259827, 12.9141950607, 2.82255411148, 37.2746734619, -24.3741130829, -1.02761399746], [-400.074249268, 130.029800415, 228.544418335, -13.2097120285, 47.5071525574, -20.9235897064, 64.960144043, -2.69537997246, 33.5423240662, 8.15275096893, 29.2201328278, -11.1836490631, 1.28752946854], [102.825653076, -51.7309341431, -13.2097120285, 99.8704833984, 21.5995903015, 13.0086727142, -19.302280426, 3.27132964134, 1.80856502056, 1.8063570261, 6.42766952515, -7.46011543274, -6.96610784531], [-127.461532593, 33.6967811584, 47.5071525574, 21.5995903015, 85.6355133057, 23.8668804169, 24.0289325714, -4.10064458847, 7.90825986862, 2.78010582924, 10.5916128159, -13.1882543564, -6.31014251709], [32.1520462036, -30.1708335876, -20.9235897064, 13.0086727142, 23.8668804169, 65.0248184204, 27.5534973145, 3.07161307335, -8.97305583954, -7.09822320938, -5.9649181366, 0.927048444748, 1.91449451447], [-157.003738403, 61.6411743164, 64.960144043, -19.302280426, 24.0289325714, 27.5534973145, 106.335418701, 16.09516716, 17.7524452209, 8.90139389038, 13.3565692902, -13.3042011261, 6.25417852402], [59.4241828918, -33.7277259827, -2.69537997246, 3.27132964134, -4.10064458847, 3.07161307335, 16.09516716, 67.2876205444, 45.9207687378, -1.57354485989, -16.5698757172, 14.0682630539, 8.56453323364], [4.99307489395, 12.9141950607, 33.5423240662, 1.80856502056, 7.90825986862, -8.97305583954, 17.7524452209, 45.9207687378, 101.053283691, 24.3132762909, -8.44366931915, 7.64030790329, 18.3907585144], [-43.1722221375, 2.82255411148, 8.15275096893, 1.8063570261, 2.78010582924, -7.09822320938, 8.90139389038, -1.57354485989, 24.3132762909, 58.9619102478, 33.9245529175, -6.88094472885, -2.71164870262], [-35.244178772, 37.2746734619, 29.2201328278, 6.42766952515, 10.5916128159, -5.9649181366, 13.3565692902, -16.5698757172, -8.44366931915, 33.9245529175, 73.9618606567, 9.16109371185, -13.6477413177], [74.9641647339, -24.3741130829, -11.1836490631, -7.46011543274, -13.1882543564, 0.927048444748, -13.3042011261, 14.0682630539, 7.64030790329, -6.88094472885, 9.16109371185, 56.5759773254, 18.2695140839], [46.7788887024, -1.02761399746, 1.28752946854, -6.96610784531, -6.31014251709, 1.91449451447, 6.25417852402, 8.56453323364, 18.3907585144, -2.71164870262, -13.6477413177, 18.2695140839, 53.2038002014]],
        "icov": [[0.000241448928136, -0.00091726903338, 0.000536246516276, -0.000594592187554, 0.000454378954601, -0.000586242298596, 0.00053316866979, -0.000706302176695, 0.000211774648051, -0.000290147349006, 0.000229311874136, -0.000337028410286, -0.000108264954179], [-0.00091726903338, 0.0124609582126, -0.00363443605602, 0.00625756336376, -0.00395320588723, 0.00671889213845, -0.00559422420338, 0.00834102742374, -0.00497496593744, 0.0075690895319, -0.00667860917747, 0.00521425809711, -0.000839524669573], [0.000536246516276, -0.00363443605602, 0.00938914064318, -0.0018518861616, -0.00258914707229, 0.00371114397421, -0.00347680295818, 0.000106480845716, -0.00185245997272, 0.00147498445585, -0.000829475582577, -0.00160720059648, -5.81209314987e-06], [-0.000594592187554, 0.00625756336376, -0.0018518861616, 0.0161746311933, -0.00478802528232, -0.000745212601032, 0.00276016932912, 0.0010185764404, -0.00335809448734, 0.00542764132842, -0.00777688110247, 0.00733483769, -0.0012994252611], [0.000454378954601, -0.00395320588723, -0.00258914707229, -0.00478802528232, 0.0192679204047, -0.010463709943, 0.00274955644272, -0.00112963316496, -0.0013121542288, -0.000300916290144, -0.000791111320723, 0.00208835164085, 0.000998463947326], [-0.000586242298596, 0.00671889213845, 0.00371114397421, -0.000745212601032, -0.010463709943, 0.0307210553437, -0.0149806952104, 0.00650464557111, 0.000736604968552, 0.00334022426978, 0.0022597736679, -0.0040667373687, 0.000717008137144], [0.00053316866979, -0.00559422420338, -0.00347680295818, 0.00276016932912, 0.00274955644272, -0.0149806952104, 0.0227171909064, -0.0115999979898, 0.00189884798601, -0.00203809561208, -0.00470778858289, 0.00741066085175, -0.00458184536546], [-0.000706302176695, 0.00834102742374, 0.000106480845716, 0.0010185764404, -0.00112963316496, 0.00650464557111, -0.0115999979898, 0.0342412777245, -0.0159984510392, 0.00745099037886, 0.00214499374852, -0.00577039737254, 0.00483802333474], [0.000211774648051, -0.00497496593744, -0.00185245997272, -0.00335809448734, -0.0013121542288, 0.000736604968552, 0.00189884798601, -0.0159984510392, 0.0240579582751, -0.0163121968508, 0.0101712252945, -0.00492252828553, -0.00335509562865], [-0.000290147349006, 0.0075690895319, 0.00147498445585, 0.00542764132842, -0.000300916290144, 0.00334022426978, -0.00203809561208, 0.00745099037886, -0.0163121968508, 0.0397151149809, -0.0252511128783, 0.0145624019206, -0.00385464122519], [0.000229311874136, -0.00667860917747, -0.000829475582577, -0.00777688110247, -0.000791111320723, 0.0022597736679, -0.00470778858289, 0.00214499374852, 0.0101712252945, -0.0252511128783, 0.0367062464356, -0.0198984649032, 0.010150055401], [-0.000337028410286, 0.00521425809711, -0.00160720059648, 0.00733483769, 0.00208835164085, -0.0040667373687, 0.00741066085175, -0.00577039737254, -0.00492252828553, 0.0145624019206, -0.0198984649032, 0.0344940274954, -0.0126572865993], [-0.000108264954179, -0.000839524669573, -5.81209314987e-06, -0.0012994252611, 0.000998463947326, 0.000717008137144, -0.00458184536546, 0.00483802333474, -0.00335509562865, -0.00385464122519, 0.010150055401, -0.0126572865993, 0.0264703556895]]
    },
    "melbands": {
        "dmean": [0.00286616641097, 0.00244403281249, 0.00051977293333, 0.000448004138889, 0.000441948504886, 0.000681065081153, 0.000592933443841, 7.23335906514e-05, 5.42551097169e-05, 2.71988028544e-05, 8.66456102813e-05, 3.32652634825e-05, 2.15402742469e-05, 1.18151501738e-05, 1.69247377926e-05, 6.80192442815e-06, 2.53992602666e-05, 1.25813658087e-05, 1.20991426229e-05, 1.27455477923e-05, 7.12867404218e-06, 1.02633302959e-05, 4.20955257141e-06, 1.95718166651e-06, 1.0241652717e-06, 6.33965044017e-07, 4.26619749305e-07, 6.79013794525e-07, 1.46514466337e-07, 8.35199500671e-08, 2.83836687487e-08, 4.43826380092e-08, 4.87094489188e-08, 2.89744370718e-08, 2.27135643627e-08, 1.29577717445e-08, 8.59099102968e-09, 8.44066239125e-09, 5.26851495763e-09, 2.58527066421e-09],
        "dmean2": [0.0041151503101, 0.00351457274519, 0.000785123091191, 0.000593685545027, 0.000698053627275, 0.000955731316935, 0.000735275447369, 0.000106075538497, 8.70542207849e-05, 4.08981395594e-05, 0.000135668145958, 5.3603129345e-05, 3.33837779181e-05, 1.79942453542e-05, 2.70145555987e-05, 1.01683508547e-05, 4.27591512562e-05, 2.02470164368e-05, 1.88386366062e-05, 2.03106155823e-05, 1.07563673737e-05, 1.57296890393e-05, 6.75793717164e-06, 3.12911356559e-06, 1.61969671808e-06, 1.00729641872e-06, 7.04574404153e-07, 1.05327296751e-06, 2.33299189745e-07, 1.37599187156e-07, 4.45726442422e-08, 7.06756253521e-08, 7.48422692709e-08, 4.61106886007e-08, 3.4831462159e-08, 1.99941290191e-08, 1.35429853998e-08, 1.25728139011e-08, 7.95230548079e-09, 4.02510735853e-09],
        "dvar": [1.32862014652e-05, 1.29736399685e-05, 5.68383995869e-07, 3.95945477294e-07, 5.84405142945e-07, 7.0746335723e-07, 9.55535711e-07, 2.32395223065e-08, 7.57609530666e-09, 1.23436860733e-09, 2.46329676656e-08, 3.09736924997e-09, 2.403442112e-09, 4.35609048832e-10, 7.78165754056e-10, 1.38106609482e-10, 2.00662708671e-09, 6.0781418787e-10, 3.98870630969e-10, 5.07193287369e-10, 1.62905827716e-10, 2.82490419945e-10, 5.47657197369e-11, 1.30309409097e-11, 3.58406555302e-12, 1.28835592368e-12, 8.18107734335e-13, 1.93447449899e-12, 4.39122920155e-14, 2.58754165826e-14, 1.85203457456e-15, 4.25011063263e-15, 1.28780941125e-14, 4.78135953275e-15, 1.52592053712e-15, 3.97058340728e-16, 2.59309925319e-16, 3.01362755339e-16, 1.09063062316e-16, 5.00119453312e-17],
        "dvar2": [2.97849728668e-05, 3.25106775563e-05, 1.39240171393e-06, 7.4148732665e-07, 1.46579816374e-06, 1.41604027704e-06, 1.53358450916e-06, 6.64904717951e-08, 2.00444869591e-08, 2.71473465929e-09, 5.80578927156e-08, 8.34372837488e-09, 5.48503331643e-09, 1.06771913533e-09, 2.00872007916e-09, 2.8087845938e-10, 5.10142683652e-09, 1.40941014415e-09, 9.0806390185e-10, 1.16618792401e-09, 3.53924556329e-10, 5.87915327532e-10, 1.14964981979e-10, 2.82821526615e-11, 7.19594132545e-12, 3.19387723734e-12, 2.10080325531e-12, 4.1845056066e-12, 1.03393171574e-13, 6.30377979091e-14, 4.448321848e-15, 1.04917320966e-14, 2.51737599001e-14, 9.96714002836e-15, 3.23944659007e-15, 8.71215632019e-16, 5.53752395009e-16, 6.30506179645e-16, 2.17836743766e-16, 8.10449064867e-17],
        "max": [0.0428072363138, 0.06751935184, 0.0140492208302, 0.0111904554069, 0.0100169992074, 0.00963869690895, 0.0122620267794, 0.00280076474883, 0.000989932566881, 0.00047940100194, 0.00217374484055, 0.000688304600772, 0.000696767529007, 0.000283633940853, 0.000348684581695, 0.000146425387356, 0.000869713316206, 0.000408846593928, 0.00030275201425, 0.000498739653267, 0.000365876301657, 0.000407535146223, 0.000172101848875, 8.4358798631e-05, 3.53002542397e-05, 1.63262811839e-05, 1.87821133295e-05, 3.27643101627e-05, 3.35678441843e-06, 2.9186660413e-06, 6.98275414379e-07, 1.38462655741e-06, 3.18023080581e-06, 1.51779352109e-06, 8.99176427538e-07, 4.65495304525e-07, 4.25947774829e-07, 5.34431421784e-07, 3.29907066998e-07, 2.43152129542e-07],
        "mean": [0.00741524621844, 0.00658133206889, 0.0013865691144, 0.00127124309074, 0.00107205286622, 0.00141598295886, 0.00115424278192, 0.000168005411979, 0.000102161371615, 5.93975637457e-05, 0.00015487219207, 5.89348455833e-05, 3.7060228351e-05, 2.2039617761e-05, 2.96929720207e-05, 1.34845067805e-05, 3.88991174987e-05, 2.18253044295e-05, 2.14592091652e-05, 2.63005294983e-05, 1.53349974426e-05, 2.41950874624e-05, 8.20689547254e-06, 3.41781674251e-06, 1.79280868906e-06, 1.23607185287e-06, 8.39440701839e-07, 1.39730639148e-06, 3.58940383194e-07, 1.59218203066e-07, 6.27220941851e-08, 1.03339466762e-07, 1.21412199405e-07, 7.40587609016e-08, 5.70953737622e-08, 3.60954679479e-08, 2.15353335165e-08, 2.34624479845e-08, 1.55908441712e-08, 7.00647939667e-09],
        "median": [0.00558809004724, 0.0043544662185, 0.00106239353772, 0.000704838777892, 0.000503555464093, 0.000920878781471, 0.000467979145469, 9.00379091036e-05, 5.08158482262e-05, 4.15519207309e-05, 4.74481239507e-05, 3.42341518262e-05, 9.54874485615e-06, 1.11712506623e-05, 1.59491119121e-05, 5.20406319993e-06, 2.02551455004e-05, 1.13460837383e-05, 1.19418555187e-05, 1.16732308015e-05, 7.35840194466e-06, 1.10632163342e-05, 3.67681695934e-06, 1.58045941134e-06, 9.28255417421e-07, 5.41030772183e-07, 4.83500627979e-07, 6.55699295748e-07, 2.3262174409e-07, 8.29635240507e-08, 4.21608028489e-08, 6.85239172071e-08, 6.43105835252e-08, 3.6453577934e-08, 3.1822438018e-08, 2.06095354116e-08, 1.22413750248e-08, 1.32737092429e-08, 8.27551449589e-09, 3.8471257291e-09],
        "min": [5.71498408055e-24, 1.33823405258e-23, 1.28999725926e-23, 1.17649934432e-23, 7.01662271796e-24, 6.6250021879e-24, 1.83579686672e-23, 9.96903484109e-24, 8.37894448051e-24, 1.07875293062e-23, 5.70650855898e-24, 2.27351527265e-23, 1.75091827322e-23, 2.40158557843e-23, 2.21100009695e-23, 6.94513140957e-24, 5.35442494862e-24, 7.61474021174e-24, 1.37600329277e-23, 7.19066752176e-24, 4.82649162072e-24, 5.74742914072e-24, 7.23392786494e-24, 9.87782043234e-24, 7.46912674383e-24, 1.21299331198e-23, 1.98893038787e-23, 9.82772934258e-24, 1.01924867922e-23, 1.05562826205e-23, 6.47827721497e-24, 9.72794159351e-24, 1.04711132528e-23, 9.4475985716e-24, 1.35204779589e-23, 8.11177070255e-24, 1.27087132662e-23, 1.30167405727e-23, 9.80029907118e-24, 1.36352856196e-23],
        "var": [4.73575346405e-05, 4.67912468594e-05, 1.5412325638e-06, 2.72350462183e-06, 2.28677617997e-06, 2.13795283344e-06, 2.78036759482e-06, 6.32581844684e-08, 1.70405165534e-08, 3.66090535664e-09, 6.26018987759e-08, 6.71323041601e-09, 4.63710492227e-09, 1.07751263467e-09, 1.51833889905e-09, 3.97562205379e-10, 3.85916454348e-09, 1.32412514287e-09, 8.73029926129e-10, 1.83995452208e-09, 6.17155937466e-10, 1.29116417558e-09, 2.17729653751e-10, 3.85359244515e-11, 7.54398366692e-12, 3.15869097371e-12, 1.4702929629e-12, 5.55773612895e-12, 1.68106834334e-13, 7.18150108066e-14, 5.17519046619e-15, 1.44671296156e-14, 4.711602812e-14, 1.73780599828e-14, 6.12059739642e-15, 2.03348067856e-15, 9.3804621392e-16, 1.38039095942e-15, 6.09350420057e-16, 1.82952393283e-16]
    },
    "mfcc": {
        "mean": [-698.523681641, 202.558151245, -5.4821062088, 37.289730072, 23.6641521454, 7.4856133461, -7.927734375, 3.85916471481, 0.942472100258, 5.76966381073, -3.9644882679, 3.53161907196, 7.09728145599],
        "cov": [[4621.01025391, 283.545196533, -458.014984131, 114.761787415, -37.5522499084, -16.2778682709, -121.171516418, 111.85761261, -43.0799407959, -5.45491075516, -125.602455139, -11.6020975113, 29.617181778], [283.545196533, 478.390441895, 43.8487510681, 30.8948936462, -18.1280994415, 23.5070457458, 30.7310657501, -6.68687057495, -17.7618751526, 25.1968288422, 21.9846591949, -1.9568682909, 9.43137550354], [-458.014984131, 43.8487510681, 156.528015137, 15.7235450745, 3.20231747627, 4.17138767242, 17.1004371643, 0.374368131161, 14.6384925842, 5.52777004242, 12.8273534775, 16.4028892517, 16.3335876465], [114.761787415, 30.8948936462, 15.7235450745, 78.6154632568, 24.2524032593, 1.12022769451, 0.0140305394307, -3.09458899498, -3.99292898178, 15.0201425552, 11.4740037918, 6.71355772018, 6.6551733017], [-37.5522499084, -18.1280994415, 3.20231747627, 24.2524032593, 84.1806640625, 8.86601066589, -21.0802268982, 0.800894260406, 10.9140062332, -10.5364952087, 6.43077325821, 5.45798444748, -8.41330814362], [-16.2778682709, 23.5070457458, 4.17138767242, 1.12022769451, 8.86601066589, 67.8168869019, 37.3476219177, -5.93162631989, -9.56514263153, 8.8733921051, -4.46051168442, 2.96258234978, 6.42675161362], [-121.171516418, 30.7310657501, 17.1004371643, 0.0140305394307, -21.0802268982, 37.3476219177, 110.174636841, 3.1360244751, -49.5395507812, 14.288974762, 8.79995441437, -3.72319459915, 6.2178144455], [111.85761261, -6.68687057495, 0.374368131161, -3.09458899498, 0.800894260406, -5.93162631989, 3.1360244751, 76.1744384766, 39.2953109741, -11.6553878784, 0.967184305191, 2.0686686039, -3.41082525253], [-43.0799407959, -17.7618751526, 14.6384925842, -3.99292898178, 10.9140062332, -9.56514263153, -49.5395507812, 39.2953109741, 134.213729858, 11.6751251221, -16.3499393463, 5.5030040741, -11.3589925766], [-5.45491075516, 25.1968288422, 5.52777004242, 15.0201425552, -10.5364952087, 8.8733921051, 14.288974762, -11.6553878784, 11.6751251221, 78.1236801147, 13.2090358734, -5.68314361572, 2.32703232765], [-125.602455139, 21.9846591949, 12.8273534775, 11.4740037918, 6.43077325821, -4.46051168442, 8.79995441437, 0.967184305191, -16.3499393463, 13.2090358734, 81.3028411865, 8.41217136383, -15.1533432007], [-11.6020975113, -1.9568682909, 16.4028892517, 6.71355772018, 5.45798444748, 2.96258234978, -3.72319459915, 2.0686686039, 5.5030040741, -5.68314361572, 8.41217136383, 59.6507873535, 27.6439609528], [29.617181778, 9.43137550354, 16.3335876465, 6.6551733017, -8.41330814362, 6.42675161362, 6.2178144455, -3.41082525253, -11.3589925766, 2.32703232765, -15.1533432007, 27.6439609528, 83.2500305176]],
