{
"lowlevel": {
    "average_loudness": 0.930387318134,
    "barkbands_crest": {
        "dmean": 3.05730056763,
        "dmean2": 4.83209085464,
        "dvar": 8.29677772522,
        "dvar2": 19.2923641205,
        "max": 26.3717079163,
        "mean": 12.4073066711,
        "median": 11.5647592545,
        "min": 2.83552360535,
        "var": 24.5972805023
    },
    "barkbands_flatness_db": {
        "dmean": 0.0331965237856,
        "dmean2": 0.0481586679816,
        "dvar": 0.00123839545995,
        "dvar2": 0.00233018305153,
        "max": 0.533802568913,
        "mean": 0.242264032364,
        "median": 0.243036165833,
        "min": 0.0605410858989,
        "var": 0.00620858091861
    },
    "barkbands_kurtosis": {
        "dmean": 13.5676965714,
        "dmean2": 20.9651641846,
        "dvar": 2161.38598633,
        "dvar2": 5354.12841797,
        "max": 1438.45727539,
        "mean": 19.8725128174,
        "median": 5.13360118866,
        "min": -1.87240588665,
        "var": 3029.65649414
    },
    "barkbands_skewness": {
        "dmean": 1.11965835094,
        "dmean2": 1.62438321114,
        "dvar": 2.50545120239,
        "dvar2": 5.14990472794,
        "max": 31.9042263031,
        "mean": 2.39570260048,
        "median": 1.85970556736,
        "min": -6.64723682404,
        "var": 7.71010971069
    },
    "barkbands_spread": {
        "dmean": 6.80674409866,
        "dmean2": 10.5151033401,
        "dvar": 107.352401733,
        "dvar2": 251.732299805,
        "max": 99.0648269653,
        "mean": 15.7554140091,
        "median": 9.16528892517,
        "min": 0.17501309514,
        "var": 259.389556885
    },
    "dissonance": {
        "dmean": 0.0316562578082,
        "dmean2": 0.0513328053057,
        "dvar": 0.00126307085156,
        "dvar2": 0.00322488904931,
        "max": 0.499999970198,
        "mean": 0.431907922029,
        "median": 0.448440700769,
        "min": 0.123006366193,
        "var": 0.0032085662242
    },
    "dynamic_complexity": 5.73024988174,
    "erbbands_crest": {
        "dmean": 2.98612785339,
        "dmean2": 4.75734996796,
        "dvar": 8.72688865662,
        "dvar2": 19.7316150665,
        "max": 32.6541099548,
        "mean": 10.7462539673,
        "median": 9.42939090729,
        "min": 2.66674017906,
        "var": 27.0895824432
    },
    "erbbands_flatness_db": {
        "dmean": 0.0244263373315,
        "dmean2": 0.0346800871193,
        "dvar": 0.000706161663402,
        "dvar2": 0.00132239446975,
        "max": 0.45659828186,
        "mean": 0.221876516938,
        "median": 0.207759276032,
        "min": 0.0998784229159,
        "var": 0.00433663045987
    },
    "erbbands_kurtosis": {
        "dmean": 2.3658914566,
        "dmean2": 3.80384707451,
        "dvar": 17.0172290802,
        "dvar2": 37.9999198914,
        "max": 98.8316574097,
        "mean": 2.33281826973,
        "median": 1.08234214783,
        "min": -1.92113780975,
        "var": 26.6496315002
    },
    "erbbands_skewness": {
        "dmean": 0.60430264473,
        "dmean2": 0.905350923538,
        "dvar": 0.414064377546,
        "dvar2": 0.870680868626,
        "max": 7.67450714111,
        "mean": 0.666469335556,
        "median": 0.663181602955,
        "min": -4.01225328445,
        "var": 1.4456127882
    },
    "erbbands_spread": {
        "dmean": 13.469575882,
        "dmean2": 20.5658302307,
        "dvar": 298.536224365,
        "dvar2": 686.00390625,
        "max": 161.314086914,
        "mean": 39.9662094116,
        "median": 34.7519264221,
        "min": 0.588937878609,
        "var": 866.274597168
    },
    "hfc": {
        "dmean": 9.03524494171,
        "dmean2": 14.4654579163,
        "dvar": 457.584442139,
        "dvar2": 1192.88183594,
        "max": 198.786605835,
        "mean": 14.836564064,
        "median": 7.47339630127,
        "min": 7.99370827735e-05,
        "var": 506.656219482
    },
    "melbands_crest": {
        "dmean": 3.84885001183,
        "dmean2": 6.2243309021,
        "dvar": 15.4606647491,
        "dvar2": 36.1902542114,
        "max": 39.6366958618,
        "mean": 17.2120761871,
        "median": 15.4395551682,
        "min": 3.02218079567,
        "var": 56.4385223389
    },
    "melbands_flatness_db": {
        "dmean": 0.0392282903194,
        "dmean2": 0.0540740080178,
        "dvar": 0.00193614966702,
        "dvar2": 0.00335131096654,
        "max": 0.610377907753,
        "mean": 0.286332517862,
        "median": 0.293824493885,
        "min": 0.0394250974059,
        "var": 0.011304685846
    },
    "melbands_kurtosis": {
        "dmean": 36.6923904419,
        "dmean2": 56.6505126953,
        "dvar": 22720.7441406,
        "dvar2": 50826.125,
        "max": 4992.44384766,
        "mean": 52.3684196472,
        "median": 13.9932594299,
        "min": -1.9035050869,
        "var": 31752.078125
    },
    "melbands_skewness": {
        "dmean": 1.50243222713,
        "dmean2": 2.2721889019,
        "dvar": 6.06737804413,
        "dvar2": 12.4843254089,
        "max": 62.6229782104,
        "mean": 3.68774795532,
        "median": 2.84703111649,
        "min": -3.61849379539,
        "var": 16.2347240448
    },
    "melbands_spread": {
        "dmean": 8.8036813736,
        "dmean2": 13.7684297562,
        "dvar": 404.671966553,
        "dvar2": 941.574768066,
        "max": 261.352142334,
        "mean": 17.9618854523,
        "median": 9.85324573517,
        "min": 0.10153362155,
        "var": 688.344726562
    },
    "pitch_salience": {
        "dmean": 0.0857610031962,
        "dmean2": 0.135600119829,
        "dvar": 0.00680207880214,
        "dvar2": 0.015873638913,
        "max": 0.827483713627,
        "mean": 0.499280184507,
        "median": 0.524729967117,
        "min": 0.0205188803375,
        "var": 0.0232586227357
    },
    "silence_rate_20dB": {
        "dmean": 0,
        "dmean2": 0,
        "dvar": 0,
        "dvar2": 0,
        "max": 1,
        "mean": 1,
        "median": 1,
        "min": 1,
        "var": 0
    },
    "silence_rate_30dB": {
        "dmean": 0.0340821072459,
        "dmean2": 0.0681906268001,
        "dvar": 0.0329204834998,
        "dvar2": 0.0689653754234,
        "max": 1,
        "mean": 0.943863749504,
        "median": 1,
        "min": 0,
        "var": 0.0529852099717
    },
    "silence_rate_60dB": {
        "dmean": 0.0487993806601,
        "dmean2": 0.0976365730166,
        "dvar": 0.0464173257351,
        "dvar2": 0.100502416492,
        "max": 1,
        "mean": 0.204026326537,
        "median": 0,
        "min": 0,
        "var": 0.162399217486
    },
    "spectral_centroid": {
        "dmean": 300.84475708,
        "dmean2": 445.04309082,
        "dvar": 217402.578125,
        "dvar2": 410678.46875,
        "max": 5574.85351562,
        "mean": 1067.35632324,
        "median": 707.776184082,
        "min": 118.521896362,
        "var": 773285.625
    },
    "spectral_complexity": {
        "dmean": 2.64213776588,
        "dmean2": 3.88996505737,
        "dvar": 26.393989563,
        "dvar2": 47.0633010864,
        "max": 57,
        "mean": 9.05768489838,
        "median": 8,
        "min": 0,
        "var": 59.1360702515
    },
    "spectral_decrease": {
        "dmean": 4.25859747466e-09,
        "dmean2": 6.83155398917e-09,
        "dvar": 8.90332146552e-17,
        "dvar2": 1.9497353781e-16,
        "max": -2.94464939357e-14,
        "mean": -8.90053453162e-09,
        "median": -5.69015989882e-09,
        "min": -1.03876118374e-07,
        "var": 1.58078834035e-16
    },
    "spectral_energy": {
        "dmean": 0.0167477168143,
        "dmean2": 0.0268867630512,
        "dvar": 0.00132372113876,
        "dvar2": 0.00291985366493,
        "max": 0.397246599197,
        "mean": 0.0349384061992,
        "median": 0.0225753393024,
        "min": 1.18388477688e-07,
        "var": 0.00233525969088
    },
    "spectral_energyband_high": {
        "dmean": 0.000584401132073,
        "dmean2": 0.000925525848288,
        "dvar": 2.30408318203e-06,
        "dvar2": 5.60322632737e-06,
        "max": 0.0236478429288,
        "mean": 0.000650824338663,
        "median": 3.86815409001e-05,
        "min": 5.4292463858e-09,
        "var": 2.97214319289e-06
    },
    "spectral_energyband_low": {
        "dmean": 0.0115435859188,
        "dmean2": 0.0182230547071,
        "dvar": 0.00117783714086,
        "dvar2": 0.00251594511792,
        "max": 0.376970767975,
        "mean": 0.0189309120178,
        "median": 0.00263469619676,
        "min": 4.76114170311e-09,
        "var": 0.00191923498642
    },
    "spectral_energyband_middle_high": {
        "dmean": 0.00264193676412,
        "dmean2": 0.00431757839397,
        "dvar": 7.59464674047e-05,
        "dvar2": 0.000204795505852,
        "max": 0.0819346904755,
        "mean": 0.00371704995632,
        "median": 0.000454293418443,
        "min": 4.6570769463e-09,
        "var": 7.81401176937e-05
    },
    "spectral_energyband_middle_low": {
        "dmean": 0.00560915796086,
        "dmean2": 0.00926053803414,
        "dvar": 0.000107669780846,
        "dvar2": 0.000286238704575,
        "max": 0.139391407371,
        "mean": 0.0120233586058,
        "median": 0.00659754080698,
        "min": 1.04073585305e-07,
        "var": 0.000211890801438
    },
    "spectral_entropy": {
        "dmean": 0.269700467587,
        "dmean2": 0.374527722597,
        "dvar": 0.0903210863471,
        "dvar2": 0.16064684093,
        "max": 8.53428459167,
        "mean": 7.00210142136,
        "median": 7.01918840408,
        "min": 4.96167755127,
        "var": 0.459980726242
    },
    "spectral_flux": {
        "dmean": 0.0368942804635,
        "dmean2": 0.0589706860483,
        "dvar": 0.00344710354693,
        "dvar2": 0.00687421066687,
        "max": 0.598251104355,
        "mean": 0.085322111845,
        "median": 0.0598132014275,
        "min": 0.000344076281181,
        "var": 0.00746338861063
    },
    "spectral_kurtosis": {
        "dmean": 4.60521888733,
        "dmean2": 7.24929189682,
        "dvar": 52.760723114,
        "dvar2": 120.334777832,
        "max": 86.9175567627,
        "mean": 8.33840847015,
        "median": 2.50411558151,
        "min": -1.17634117603,
        "var": 167.566619873
    },
    "spectral_rms": {
        "dmean": 0.00116588408127,
        "dmean2": 0.00177965383045,
        "dvar": 3.2929056033e-06,
        "dvar2": 6.72911573929e-06,
        "max": 0.0196864847094,
        "mean": 0.00479733757675,
        "median": 0.00469305040315,
        "min": 1.0747136912e-05,
        "var": 1.10718538053e-05
    },
    "spectral_rolloff": {
        "dmean": 545.438171387,
        "dmean2": 919.078369141,
        "dvar": 1534700.875,
        "dvar2": 3371529.75,
        "max": 9130.078125,
        "mean": 1160.80957031,
        "median": 559.86328125,
        "min": 21.533203125,
        "var": 2861582.75
    },
    "spectral_skewness": {
        "dmean": 0.500369608402,
        "dmean2": 0.729165017605,
        "dvar": 0.326713591814,
        "dvar2": 0.636534154415,
        "max": 7.38653469086,
        "mean": 1.85863685608,
        "median": 1.35715222359,
        "min": -0.325533717871,
        "var": 2.00241994858
    },
    "spectral_spread": {
        "dmean": 753948.75,
        "dmean2": 1074002.375,
        "dvar": 1.00049190912e+12,
        "dvar2": 1.61783047782e+12,
        "max": 20623558,
        "mean": 4191009.25,
        "median": 4205917,
        "min": 812150.0625,
        "var": 3.47307743642e+12
    },
    "spectral_strongpeak": {
        "dmean": 0.493825763464,
        "dmean2": 0.792131960392,
        "dvar": 1.53092765808,
        "dvar2": 3.95085287094,
        "max": 31.461566925,
        "mean": 0.903604984283,
        "median": 0.345780879259,
        "min": 0,
        "var": 2.34701824188
    },
    "zerocrossingrate": {
        "dmean": 0.0128025375307,
        "dmean2": 0.0147169213742,
        "dvar": 0.00033173096017,
        "dvar2": 0.000412957888329,
        "max": 0.3154296875,
        "mean": 0.0468859635293,
        "median": 0.033203125,
        "min": 0.00146484375,
        "var": 0.00178664538544
    },
    "barkbands": {
        "dmean": [0.00199150363915, 0.00877741258591, 0.00422850670293, 0.00142804416828, 0.00191582273692, 0.00113052700181, 0.000864038651343, 0.00109341728967, 0.00103686703369, 0.00127275311388, 0.000474366592243, 0.000355561962351, 0.000166183934198, 0.000189494341612, 0.00016731096548, 0.000217506720219, 0.00011989063205, 0.000134632457048, 5.70118645555e-05, 8.32504592836e-05, 0.000161437215866, 0.000148178107338, 0.000111674286018, 0.000131288470584, 1.81694085768e-05, 1.03580140021e-08, 4.61511584504e-09],
        "dmean2": [0.00307634589262, 0.0133159821853, 0.00781534053385, 0.00267198495567, 0.0033265016973, 0.00179111282341, 0.00128480757121, 0.00162404729053, 0.00167234567925, 0.00210070703179, 0.000699632801116, 0.000549348362256, 0.000276003120234, 0.000323625688907, 0.000284499546979, 0.000392832938815, 0.000200776936254, 0.000221073511057, 8.73736789799e-05, 0.000135014415719, 0.000253871956374, 0.000239307613811, 0.000183471216587, 0.000212073515286, 2.96549987979e-05, 1.67193761058e-08, 8.88466900051e-09],
        "dvar": [4.28533421655e-05, 0.000659724872094, 0.000491846760269, 3.58186407539e-05, 9.20459660847e-06, 3.61476440958e-06, 3.48639014192e-06, 9.65697472566e-06, 1.41078462548e-05, 1.64739249158e-05, 3.10846917273e-06, 1.48342962802e-06, 3.75288152554e-07, 6.39673430669e-07, 5.11798077696e-07, 1.29809700411e-06, 3.11118810714e-07, 3.3839987168e-07, 4.1155097108e-08, 1.21297418332e-07, 2.84310686993e-07, 2.04633366252e-07, 6.92889869924e-08, 1.58816632734e-07, 1.79791448396e-09, 1.65765088931e-15, 2.78959649739e-15],
        "dvar2": [9.00414597709e-05, 0.00146925228182, 0.00141154520679, 0.000105357466964, 2.6163243092e-05, 8.47773299029e-06, 6.70389226798e-06, 2.06833501579e-05, 3.44289255736e-05, 4.18942145188e-05, 5.79686548008e-06, 3.13622854264e-06, 1.00900945199e-06, 1.72523289166e-06, 1.40132397064e-06, 3.7215293105e-06, 8.40222810439e-07, 8.78026753526e-07, 9.91981252696e-08, 3.13137718422e-07, 7.00286193478e-07, 5.01242766404e-07, 1.75582044903e-07, 3.65026551208e-07, 4.20471391038e-09, 4.39435610838e-15, 8.30268979382e-15],
        "max": [0.096010684967, 0.280113577843, 0.235161706805, 0.066665135324, 0.0360719822347, 0.0302131455392, 0.0410610586405, 0.0519380643964, 0.12192504853, 0.0574749447405, 0.0612136796117, 0.0309922769666, 0.00793147552758, 0.0133408820257, 0.00716144824401, 0.011105674319, 0.0066995266825, 0.0106390798464, 0.00412357412279, 0.00386366434395, 0.0114815114066, 0.0101933339611, 0.00239444337785, 0.010561004281, 0.000473389169201, 1.05219214674e-06, 1.54456108703e-06],
        "mean": [0.00240405555815, 0.013333670795, 0.00297718006186, 0.00116660934873, 0.00293260603212, 0.00221736123785, 0.00172689813189, 0.00196615955792, 0.00161455571651, 0.0017258398002, 0.000646577507723, 0.000554575526621, 0.000187346406165, 0.000183740005014, 0.000147169659613, 0.000156840309501, 0.000105827020889, 0.000127820050693, 7.05191632733e-05, 7.45762008592e-05, 0.000210541067645, 0.000165640900377, 0.000101982783235, 0.000123925507069, 1.63863714988e-05, 1.02466604091e-08, 2.79627898614e-09],
        "median": [0.000172421598108, 0.00156321935356, 0.000171221588971, 0.000176836401806, 0.00163895601872, 0.000974535534624, 0.000438085669884, 0.000168103564647, 0.000164500117535, 7.04595295247e-05, 2.91201868095e-05, 3.2248601201e-05, 1.66162571986e-05, 1.44927398651e-05, 8.11800600786e-06, 7.58142869017e-06, 5.05580737808e-06, 7.42448355595e-06, 9.82932124316e-06, 4.40036046712e-06, 8.07705600891e-06, 9.3625021691e-06, 4.66437904834e-06, 5.72995622861e-06, 1.0575744227e-06, 1.42761857891e-09, 2.18904269711e-10],
        "min": [1.92171806246e-10, 3.73227759809e-09, 3.36637273612e-10, 9.45109102091e-10, 6.87449031034e-09, 5.21205700821e-09, 3.79189257771e-09, 2.96395019639e-09, 5.13433917604e-09, 3.52710860518e-10, 3.10587083829e-10, 3.57833818132e-10, 3.06364655867e-10, 2.02316344233e-10, 3.58000101786e-10, 8.53754358876e-11, 5.9206251013e-10, 4.04019984135e-10, 9.20250542435e-10, 8.80079231713e-10, 2.44624431822e-09, 1.87718440792e-09, 6.87862156123e-10, 3.15352431668e-11, 4.56159277018e-11, 7.28020681934e-12, 9.94114426195e-12],
        "var": [5.71850905544e-05, 0.000946574553382, 0.000284228910459, 2.0357523681e-05, 1.42769922604e-05, 1.0152748473e-05, 1.04922746686e-05, 2.4608518288e-05, 2.5685179935e-05, 2.55445938819e-05, 6.78977994539e-06, 3.68443897969e-06, 3.93350347849e-07, 5.46820729141e-07, 3.67866249462e-07, 7.63854586694e-07, 2.24312941555e-07, 3.1010486623e-07, 5.67482842939e-08, 1.02878502162e-07, 3.90258406924e-07, 2.70413494263e-07, 6.50457963047e-08, 2.14521080011e-07, 1.86913973188e-09, 1.48374486085e-15, 1.43131076856e-15]
    },
    "erbbands": {
        "dmean": [0.330377995968, 1.84464144707, 4.58530092239, 5.01576805115, 4.68954849243, 7.29250955582, 10.3656129837, 8.75899219513, 10.0768690109, 18.1429252625, 24.8755435944, 18.7014026642, 35.1186790466, 39.1369094849, 14.9377908707, 14.4108095169, 8.58556747437, 10.3735771179, 9.50775623322, 5.93764686584, 13.8819179535, 7.25923919678, 7.34656333923, 4.18315601349, 3.06321358681, 3.85991311073, 4.08688354492, 7.67719125748, 5.9183473587, 3.7182431221, 3.19942569733, 3.15125870705, 1.77183103561, 0.386286884546, 0.0234141480178, 0.00108663376886, 8.39736967464e-05, 1.60047293321e-05, 1.13970190796e-05, 1.98406178242e-05],
        "dmean2": [0.528332352638, 2.65875601768, 7.86038303375, 9.35845565796, 8.40653610229, 12.597533226, 17.1806564331, 13.6444673538, 15.5202665329, 26.2477760315, 37.5066261292, 30.5521965027, 57.031085968, 63.5743484497, 21.5773181915, 22.6455535889, 14.2535114288, 17.7552585602, 16.3362064362, 10.0376682281, 25.2305774689, 12.1720743179, 12.0688447952, 6.62038326263, 4.58891534805, 6.36540031433, 6.67243099213, 11.9767045975, 9.48946285248, 6.09450769424, 5.17736530304, 5.02051401138, 2.90152478218, 0.622852921486, 0.0378546006978, 0.0017468376318, 0.000134131783852, 2.59582102444e-05, 1.8267739506e-05, 3.18467282341e-05],
        "dvar": [0.833016693592, 36.9721717834, 484.696105957, 598.527526855, 144.825164795, 145.312408447, 292.976104736, 288.50894165, 381.237304688, 2556.70166016, 5915.48388672, 3697.27148438, 14626.1142578, 18665.1738281, 1738.72924805, 2851.79248047, 996.216430664, 2119.18481445, 1739.40625, 568.32019043, 5766.18652344, 1147.62426758, 1105.98376465, 250.541244507, 131.852890015, 272.817993164, 219.831665039, 700.486755371, 404.216217041, 85.5320281982, 58.4567680359, 130.152099609, 17.2301216125, 0.767363488674, 0.00709169870242, 1.1459952475e-05, 4.36332534548e-08, 2.18943529973e-09, 5.36279132213e-10, 1.69242087011e-09],
        "dvar2": [2.03341078758, 76.782585144, 1316.97705078, 1746.90454102, 423.401428223, 403.101135254, 813.115722656, 652.984619141, 927.745056152, 4784.9296875, 13071.5224609, 9377.33007812, 35455.9765625, 46207.8828125, 3591.82568359, 6075.41943359, 2696.49951172, 5722.82666016, 4799.25976562, 1561.80932617, 16516.8007812, 3101.90625, 2808.63549805, 635.889160156, 300.641815186, 720.919128418, 577.04296875, 1742.52233887, 921.143188477, 213.580993652, 141.272506714, 300.647766113, 41.7562522888, 1.75181102753, 0.0193962585181, 2.98166523862e-05, 1.05636495107e-07, 5.69945068918e-09, 1.29509936109e-09, 3.79517750559e-09],
        "max": [11.4833116531, 66.6089096069, 244.320968628, 250.906982422, 138.61680603, 171.177642822, 225.159484863, 303.117462158, 264.497802734, 1223.43591309, 1351.06396484, 1339.53955078, 3345.07397461, 1841.78466797, 850.057556152, 1596.32055664, 347.728149414, 815.67010498, 428.310913086, 262.47177124, 737.824829102, 379.942901611, 761.425842285, 245.215682983, 282.662689209, 187.064590454, 281.902191162, 674.744384766, 602.727539062, 184.144775391, 102.447845459, 318.269256592, 29.0704536438, 7.86160945892, 2.61896967888, 0.095038510859, 0.00373671250418, 0.000978739582933, 0.000331774674123, 0.00043690786697],
        "mean": [0.531566798687, 2.38162350655, 3.76338863373, 3.84592199326, 5.516289711, 10.6556606293, 17.0813426971, 17.4610214233, 19.9571075439, 35.4644203186, 45.3064308167, 29.5823841095, 52.3749465942, 50.9467926025, 23.7027187347, 21.8516616821, 10.537396431, 10.0913057327, 8.37340354919, 5.79555511475, 9.53512859344, 6.418612957, 7.03379583359, 4.730697155, 3.75079011917, 3.341817379, 4.52921438217, 10.149228096, 6.95662975311, 3.82494354248, 3.01302695274, 3.12549781799, 1.50860023499, 0.3539942801, 0.0222256425768, 0.00105300708674, 8.72454838827e-05, 1.62177457241e-05, 2.04167790798e-05, 4.05255123042e-05],
        "median": [0.0472335219383, 0.248125940561, 0.289240419865, 0.662469089031, 1.9666788578, 5.17774820328, 8.13893604279, 7.34381389618, 7.6598610878, 4.88373088837, 5.20285177231, 4.20538377762, 3.1893453598, 2.19294047356, 1.7457369566, 1.43876135349, 1.04740548134, 0.762554943562, 0.710514008999, 0.455835729837, 0.415621429682, 0.343834429979, 0.35894754529, 0.465530246496, 0.445924907923, 0.205964311957, 0.285282373428, 0.340892106295, 0.33658349514, 0.200145080686, 0.132220953703, 0.134968087077, 0.0793687999249, 0.0228253304958, 0.000777162844315, 6.32594965282e-05, 1.68032402144e-05, 3.4409674754e-06, 1.32325685627e-05, 2.68187432084e-05],
        "min": [1.08492649531e-07, 8.04573687674e-07, 6.50667061564e-07, 2.17929436985e-06, 3.81710060537e-06, 2.38194879785e-05, 6.71667803545e-05, 3.97426192649e-05, 0.000117977069749, 9.44887578953e-05, 8.37345578475e-05, 0.000100787008705, 1.36215394377e-05, 9.06740478968e-06, 1.73392509168e-05, 1.4058708075e-05, 1.19033429655e-05, 1.34142837851e-05, 1.08389349407e-05, 1.82106468856e-05, 4.66380197395e-06, 3.59872356057e-05, 2.30820896832e-05, 5.44139656995e-05, 5.36223305971e-05, 2.49315417022e-05, 3.84143131669e-05, 0.000124569036416, 7.51059342292e-05, 4.32437154814e-05, 1.6148584109e-05, 7.75770968175e-06, 3.8348966882e-06, 1.06354480067e-06, 1.39771799468e-07, 3.28414984097e-08, 1.4979466556e-08, 5.25387555683e-09, 1.11387299384e-09, 3.06342146095e-10],
        "var": [1.21553051472, 46.323387146, 332.463378906, 334.50793457, 114.865463257, 242.143218994, 603.43182373, 748.544494629, 954.776123047, 7205.73974609, 14174.421875, 6025.80859375, 26616.3476562, 26769.4433594, 4046.34375, 6265.0625, 1098.69274902, 1786.43054199, 1218.44274902, 424.674987793, 3350.16796875, 818.836120605, 1113.95495605, 295.451171875, 196.329742432, 205.161148071, 210.806106567, 1000.66552734, 674.996398926, 95.7693710327, 62.8193588257, 186.254043579, 15.8201751709, 0.799545586109, 0.00936836376786, 1.53099645104e-05, 5.21800416209e-08, 1.99713912075e-09, 7.42930494901e-10, 2.90630097766e-09]
    },
    "gfcc": {
        "mean": [-106.790519714, 139.182327271, -116.809257507, 49.9689712524, -87.7200775146, 12.3151226044, -25.6744117737, -6.64584445953, 0.222951740026, -15.7575054169, 11.1300678253, -11.9974899292, 11.9565515518],
        "cov": [[9563.53808594, 53.2237129211, 330.100524902, -618.493652344, -683.593017578, 840.58605957, 47.1051445007, 10.0973091125, 107.889572144, -59.1547241211, 18.7330493927, -141.070144653, 78.7258529663], [53.2237129211, 2491.60839844, 336.343414307, -994.325927734, 623.381286621, -275.334747314, 450.46975708, -231.126434326, 136.847229004, -186.227264404, 145.226104736, -165.682815552, 84.1759719849], [330.100524902, 336.343414307, 1452.58959961, 514.033691406, 31.701007843, 167.998947144, 211.243530273, 30.3551692963, 42.1864700317, 2.29260540009, 25.8085975647, -79.2079162598, -0.0110189691186], [-618.493652344, -994.325927734, 514.033691406, 1753.44921875, 164.783447266, -14.5642461777, 80.4849090576, 98.9172744751, 108.046585083, 99.9367218018, -107.412384033, 120.68637085, -118.015846252], [-683.593017578, 623.381286621, 31.701007843, 164.783447266, 821.759033203, 46.1716346741, 236.645095825, 38.5669059753, 151.478027344, 0.99940687418, 63.3553390503, 10.8607034683, 3.1750702858], [840.58605957, -275.334747314, 167.998947144, -14.5642461777, 46.1716346741, 511.651092529, -12.305727005, 132.985397339, 17.650352478, 52.138004303, 47.8543357849, -21.7622966766, 34.2038879395], [47.1051445007, 450.46975708, 211.243530273, 80.4849090576, 236.645095825, -12.305727005, 351.219146729, 40.8816795349, 114.908454895, 6.28923177719, 55.5170516968, 12.6899747849, -12.3107471466], [10.0973091125, -231.126434326, 30.3551692963, 98.9172744751, 38.5669059753, 132.985397339, 40.8816795349, 205.652236938, 51.6974906921, 48.2681121826, 31.3076400757, 26.7272491455, 13.0809421539], [107.889572144, 136.847229004, 42.1864700317, 108.046585083, 151.478027344, 17.650352478, 114.908454895, 51.6974906921, 157.821777344, 45.0033302307, 37.6624755859, 9.62381649017, -3.38284921646], [-59.1547241211, -186.227264404, 2.29260540009, 99.9367218018, 0.99940687418, 52.138004303, 6.28923177719, 48.2681121826, 45.0033302307, 116.836891174, 34.8530769348, 27.7916564941, -8.73539924622], [18.7330493927, 145.226104736, 25.8085975647, -107.412384033, 63.3553390503, 47.8543357849, 55.5170516968, 31.3076400757, 37.6624755859, 34.8530769348, 128.246841431, 24.5519676208, 24.7787876129], [-141.070144653, -165.682815552, -79.2079162598, 120.68637085, 10.8607034683, -21.7622966766, 12.6899747849, 26.7272491455, 9.62381649017, 27.7916564941, 24.5519676208, 94.3280792236, 15.1622467041], [78.7258529663, 84.1759719849, -0.0110189691186, -118.015846252, 3.1750702858, 34.2038879395, -12.3107471466, 13.0809421539, -3.38284921646, -8.73539924622, 24.7787876129, 15.1622467041, 90.3771972656]],
        "icov": [[0.000165919263964, -9.38893208513e-05, 4.44536308351e-05, -2.11766528082e-05, 0.000305151508655, -0.00043330254266, -6.31099173916e-05, 0.000159319577506, -0.000360794743756, 0.000205835807719, 0.000115600072604, -8.2104896137e-05, 2.53513171629e-05], [-9.38893208513e-05, 0.00318750040606, -0.00109784002416, 0.00186878594104, -0.00208095554262, 0.00205964897759, -0.00207702768967, 0.00221610860899, -0.00155626237392, 0.00201856787317, -0.00148341711611, 0.00273053534329, -0.00167143857107], [4.44536308351e-05, -0.00109784002416, 0.00158079771791, -0.00129754829686, 0.00105539674405, -0.00106010516174, -0.000264690665063, -0.000499031099025, 0.00101006077603, -0.000557991152164, -0.000341359060258, 0.00115536770318, -0.000426441809395], [-2.11766528082e-05, 0.00186878594104, -0.00129754829686, 0.00235224538483, -0.00149849650916, 0.00120642012917, -0.000754708948079, 0.00101712695323, -0.00169286783785, 0.000752247229684, 0.00083927938249, -0.000953504058998, 0.000634575728327], [0.000305151508655, -0.00208095554262, 0.00105539674405, -0.00149849650916, 0.00351244607009, -0.00220108265057, 0.000198729903786, -0.000810608209576, -0.000620698381681, -0.000168408892932, 0.000377354357624, -0.00119054596871, 0.000626506633125], [-0.00043330254266, 0.00205964897759, -0.00106010516174, 0.00120642012917, -0.00220108265057, 0.00498574459925, -0.000508553232066, -0.000863827415742, 0.000434884859715, -0.000288743322017, -0.00166984274983, 0.00301408604719, -0.00177893170621], [-6.31099173916e-05, -0.00207702768967, -0.000264690665063, -0.000754708948079, 0.000198729903786, -0.000508553232066, 0.00665831472725, -0.00225623929873, -0.00149094720837, -0.000287017144728, 0.000201920163818, -0.00367811159231, 0.00290110777132], [0.000159319577506, 0.00221610860899, -0.000499031099025, 0.00101712695323, -0.000810608209576, -0.000863827415742, -0.00225623929873, 0.00886214803904, -0.00301784975454, 0.000772625382524, -0.00113915500697, 0.000789979298133, -0.00196781987324], [-0.000360794743756, -0.00155626237392, 0.00101006077603, -0.00169286783785, -0.000620698381681, 0.000434884859715, -0.00149094720837, -0.00301784975454, 0.013051954098, -0.00523401005194, -0.00090005522361, 0.00147321191616, -0.000373501010472], [0.000205835807719, 0.00201856787317, -0.000557991152164, 0.000752247229684, -0.000168408892932, -0.000288743322017, -0.000287017144728, 0.000772625382524, -0.00523401005194, 0.0145494462922, -0.00397679582238, -0.0007334635593, 0.00131086946931], [0.000115600072604, -0.00148341711611, -0.000341359060258, 0.00083927938249, 0.000377354357624, -0.00166984274983, 0.000201920163818, -0.00113915500697, -0.00090005522361, -0.00397679582238, 0.0133567620069, -0.00616199150681, 0.000141600583447], [-8.2104896137e-05, 0.00273053534329, 0.00115536770318, -0.000953504058998, -0.00119054596871, 0.00301408604719, -0.00367811159231, 0.000789979298133, 0.00147321191616, -0.0007334635593, -0.00616199150681, 0.0214192960411, -0.00735059659928], [2.53513171629e-05, -0.00167143857107, -0.000426441809395, 0.000634575728327, 0.000626506633125, -0.00177893170621, 0.00290110777132, -0.00196781987324, -0.000373501010472, 0.00131086946931, 0.000141600583447, -0.00735059659928, 0.0160663053393]]
    },
    "melbands": {
        "dmean": [0.00262701814063, 0.00219160690904, 0.000868428149261, 0.000395591720007, 0.00034781609429, 0.000197312867385, 0.000155828427523, 0.000206452896236, 0.000194102321984, 0.000127890452859, 0.000178154514288, 0.000167529942701, 5.92198593949e-05, 3.82664693461e-05, 3.38279278367e-05, 1.48795224959e-05, 1.93507294171e-05, 1.50532650878e-05, 9.92797140498e-06, 9.49779951043e-06, 1.64325392689e-05, 6.06516368862e-06, 1.00108818515e-05, 4.67202789878e-06, 3.28451756104e-06, 2.04742059395e-06, 2.78536094811e-06, 2.53003213402e-06, 1.75863158347e-06, 4.42180271421e-06, 4.51594405604e-06, 3.62464652426e-06, 2.50552102443e-06, 2.00250838134e-06, 1.83351153282e-06, 2.00480963031e-06, 1.9066474124e-06, 1.33390847168e-06, 8.05263368875e-07, 1.76562551246e-07],
        "dmean2": [0.00413277093321, 0.00332307396457, 0.00160860468168, 0.000697078357916, 0.00057968555484, 0.000307713140501, 0.000237926782575, 0.000301132095046, 0.000297382823192, 0.00020976428641, 0.00028882487095, 0.00027151935501, 8.46898110467e-05, 5.82210304856e-05, 5.57918174309e-05, 2.37564363488e-05, 3.35572258336e-05, 2.57717365457e-05, 1.6761077859e-05, 1.65098845173e-05, 2.98904906231e-05, 1.00172164821e-05, 1.74285705725e-05, 7.40770792618e-06, 5.22588879903e-06, 3.16391492561e-06, 4.33126751886e-06, 4.25984217145e-06, 2.87364491669e-06, 7.2178299888e-06, 7.00751434124e-06, 5.79191328143e-06, 4.09675203628e-06, 3.38057748195e-06, 3.0079067983e-06, 3.22465120917e-06, 3.05082699015e-06, 2.17294632421e-06, 1.3541904309e-06, 2.76761198847e-07],
        "dvar": [5.22358895978e-05, 7.75106091169e-05, 1.52745978994e-05, 5.10247048169e-07, 3.20638946505e-07, 1.34849173605e-07, 9.02142573977e-08, 2.93024754683e-07, 3.71192982129e-07, 1.98655939698e-07, 3.67971324522e-07, 3.43148002457e-07, 3.6183489982e-08, 1.91730578081e-08, 1.62429607542e-08, 2.99324276476e-09, 7.74443442708e-09, 4.35396296794e-09, 1.60435709162e-09, 1.77997150352e-09, 8.2264426382e-09, 7.27498616904e-10, 2.39769026855e-09, 3.83387932512e-10, 1.63888125293e-10, 6.52891074537e-11, 1.21461785074e-10, 1.27922242243e-10, 4.51282518299e-11, 2.6555255217e-10, 2.69761130101e-10, 1.98745478408e-10, 4.98929196568e-11, 2.33449197473e-11, 1.84617234694e-11, 6.07928221652e-11, 4.07445084616e-11, 9.7967892479e-12, 3.86988878442e-12, 1.83273372607e-13],
        "dvar2": [0.00012066889758, 0.000178991904249, 4.44640099886e-05, 1.47069476952e-06, 8.94097070159e-07, 3.06647962134e-07, 2.12659699628e-07, 5.74710725232e-07, 8.35574610392e-07, 4.99697307532e-07, 8.90496210104e-07, 8.4996509031e-07, 6.93453543477e-08, 3.91173280434e-08, 4.15499776807e-08, 7.34625471566e-09, 2.12315285353e-08, 1.1954139012e-08, 4.37118563568e-09, 5.00458741115e-09, 2.3499193702e-08, 1.88469906348e-09, 6.63392496492e-09, 9.36745681024e-10, 4.13304335201e-10, 1.55666257662e-10, 2.89229362682e-10, 3.40945272015e-10, 1.1690211299e-10, 6.9101646627e-10, 6.84320267119e-10, 4.51816778435e-10, 1.23183088729e-10, 6.0581588357e-11, 4.49775876266e-11, 1.34939323604e-10, 9.84440445828e-11, 2.37410022197e-11, 9.40141107325e-12, 4.11008439739e-13],
        "max": [0.0754627883434, 0.102136939764, 0.0393362678587, 0.00787748303264, 0.0064705228433, 0.00649684714153, 0.00397641491145, 0.0115748150274, 0.0108128916472, 0.0127052478492, 0.0165575426072, 0.00766103342175, 0.00495745614171, 0.00293088518083, 0.00238681724295, 0.00119552749675, 0.0014694086276, 0.0007000315818, 0.000440535979578, 0.000434415938798, 0.000898799451534, 0.000304736779071, 0.000522852758877, 0.000516142230481, 0.000229734767345, 0.000238495369558, 0.000209997873753, 0.00014064120478, 7.69148173276e-05, 0.00034052648698, 0.000338518701028, 0.000435707072029, 0.000166771103977, 6.62124803057e-05, 3.65744053852e-05, 0.000263241672656, 0.000148421429913, 2.33647060668e-05, 1.34307083499e-05, 6.43035218673e-06],
        "mean": [0.00425729621202, 0.00241903983988, 0.000715628790203, 0.000566095637623, 0.000586354581174, 0.000401304947445, 0.000312617979944, 0.000396627263399, 0.000345432345057, 0.000195249172975, 0.000265068607405, 0.00021629796538, 8.7074462499e-05, 6.30754511803e-05, 4.17876253778e-05, 1.75260774995e-05, 1.79100079549e-05, 1.28829105961e-05, 9.30337137106e-06, 8.26582618174e-06, 1.09594348032e-05, 5.69598751099e-06, 8.38321921037e-06, 4.82489940623e-06, 3.72130875803e-06, 2.43902491093e-06, 2.99992575492e-06, 1.99727992367e-06, 1.72804004706e-06, 5.43420946997e-06, 5.77770060772e-06, 4.22788070864e-06, 2.64742379841e-06, 1.90024036328e-06, 1.65659196227e-06, 2.02612977773e-06, 1.825477284e-06, 1.12286102194e-06, 6.65622678753e-07, 1.70621817119e-07],
        "median": [0.000499569810927, 0.000231215817621, 0.000162358075613, 0.000257075356785, 0.000287657458102, 0.000175522945938, 0.000109432177851, 4.09634631069e-05, 3.86495594284e-05, 2.05423912121e-05, 1.44714222188e-05, 8.89032526175e-06, 5.05319667354e-06, 3.70984662368e-06, 2.45796536547e-06, 1.43508043493e-06, 1.10896485239e-06, 9.87117118711e-07, 5.45795160178e-07, 5.30493821316e-07, 3.79974693487e-07, 3.11044857426e-07, 2.82642076854e-07, 3.33672545594e-07, 3.48599144218e-07, 4.3408010697e-07, 1.56945787921e-07, 1.12529633611e-07, 1.78855074751e-07, 1.64823845239e-07, 1.93520605762e-07, 1.86581601724e-07, 1.54569448796e-07, 8.35015399048e-08, 6.73560265341e-08, 7.8126305425e-08, 7.65293748373e-08, 5.33689039628e-08, 4.31956372893e-08, 8.91697471417e-09],
        "min": [1.02841801741e-09, 6.17839557293e-10, 3.80222325846e-10, 3.29589383563e-10, 1.98947724961e-09, 8.03613509071e-10, 1.51772772128e-09, 9.25022614062e-10, 6.44898356938e-10, 5.51069856414e-10, 5.25395352224e-11, 3.70794714377e-11, 4.85508022674e-11, 3.73887136529e-11, 4.26465286696e-11, 2.64266993705e-11, 2.42751738849e-11, 1.28243735076e-11, 3.61544301442e-11, 1.04667143008e-11, 2.85191900477e-12, 3.52069311205e-11, 3.15333800738e-11, 1.74693592925e-11, 4.97018676215e-11, 2.67947903448e-11, 5.45315320677e-11, 6.18565138347e-12, 1.09459429368e-11, 6.00917440807e-11, 7.38354447027e-11, 4.4987239628e-11, 3.30303978613e-11, 1.82929452835e-11, 9.90349469099e-12, 7.01831604985e-12, 3.94394369593e-13, 3.40920352929e-13, 1.84789922079e-12, 4.47631623608e-13],
        "var": [8.22096335469e-05, 7.78327375883e-05, 8.68226470629e-06, 6.62934667162e-07, 6.40672681129e-07, 3.56903825605e-07, 2.30805568435e-07, 8.03446198461e-07, 8.34782611037e-07, 3.38440287351e-07, 6.7798953296e-07, 4.94372841331e-07, 7.92766883251e-08, 5.32113730856e-08, 2.26274199377e-08, 4.06110256534e-09, 6.12988015902e-09, 3.08186165476e-09, 1.216137413e-09, 1.20022425332e-09, 4.79899631145e-09, 5.80916426074e-10, 1.67434222043e-09, 4.48892811811e-10, 2.06377387402e-10, 8.67393934456e-11, 1.56887905445e-10, 9.13041517392e-11, 3.80616822782e-11, 3.02629532545e-10, 3.90582455267e-10, 3.3525088261e-10, 5.72331800008e-11, 2.26315442081e-11, 1.77284749381e-11, 9.25420087783e-11, 5.22382484491e-11, 8.93464555812e-12, 3.3345539871e-12, 2.30917932345e-13]
    },
    "mfcc": {
        "mean": [-733.974609375, 135.843673706, 34.5597229004, 22.4440555573, -10.8126039505, 3.50717401505, -6.38404893875, 4.69237995148, -2.76400160789, -0.0249614231288, -1.15699148178, 3.15313434601, -2.83935952187],
        "cov": [[9028.99511719, -8.83757305145, 150.727462769, -708.263793945, -624.577148438, 381.751037598, -210.529220581, 177.845291138, -2.89157438278, 81.3391342163, 38.1246871948, 143.732330322, -311.319915771], [-8.83757305145, 3388.02856445, -268.128753662, -773.175231934, -65.3116455078, -134.18371582, 235.883041382, -59.756401062, 6.52013349533, 163.993209839, -151.581512451, -102.924949646, 47.1677436829], [150.727462769, -268.128753662, 1311.12902832, 440.74118042, -53.5110931396, 190.283798218, 73.639503479, 63.2211418152, 42.1310653687, 23.2312526703, 57.2444915771, 14.8556241989, -38.3140182495], [-708.263793945, -773.175231934, 440.74118042, 1245.75256348, 263.948303223, 201.904891968, 4.50352954865, 145.142272949, 91.3800201416, -34.5545959473, 136.48739624, 54.9215164185, 23.9694881439], [-624.577148438, -65.3116455078, -53.5110931396, 263.948303223, 479.210784912, 171.38458252, 126.021133423, 92.8842849731, 104.253349304, 62.8655281067, 33.4584007263, 36.6651687622, 76.7432250977], [381.751037598, -134.18371582, 190.283798218, 201.904891968, 171.38458252, 298.05758667, 87.1100311279, 88.8451843262, 63.0143051147, 48.1761665344, 62.2748527527, 45.9215431213, 18.4726696014], [-210.529220581, 235.883041382, 73.639503479, 4.50352954865, 126.021133423, 87.1100311279, 216.911727905, 94.6691894531, 61.9979362488, 66.7681274414, 24.7703666687, 39.8491630554, 50.4743003845], [177.845291138, -59.756401062, 63.2211418152, 145.142272949, 92.8842849731, 88.8451843262, 94.6691894531, 179.793792725, 82.0361480713, 52.8590545654, 42.6547851562, 52.1954879761, 28.6270656586], [-2.89157438278, 6.52013349533, 42.1310653687, 91.3800201416, 104.253349304, 63.0143051147, 61.9979362488, 82.0361480713, 131.832901001, 72.3289031982, 27.0371990204, 15.3433475494, 37.7436828613], [81.3391342163, 163.993209839, 23.2312526703, -34.5545959473, 62.8655281067, 48.1761665344, 66.7681274414, 52.8590545654, 72.3289031982, 123.522865295, 40.4373283386, 30.5120449066, 25.3181190491], [38.1246871948, -151.581512451, 57.2444915771, 136.48739624, 33.4584007263, 62.2748527527, 24.7703666687, 42.6547851562, 27.0371990204, 40.4373283386, 130.511917114, 75.2249298096, 11.9365282059], [143.732330322, -102.924949646, 14.8556241989, 54.9215164185, 36.6651687622, 45.9215431213, 39.8491630554, 52.1954879761, 15.3433475494, 30.5120449066, 75.2249298096, 117.506690979, 37.4083862305], [-311.319915771, 47.1677436829, -38.3140182495, 23.9694881439, 76.7432250977, 18.4726696014, 50.4743003845, 28.6270656586, 37.7436828613, 25.3181190491, 11.9365282059, 37.4083862305, 106.577339172]],
