{
"lowlevel": {
    "average_loudness": 0.978127121925,
    "barkbands_crest": {
        "dmean": 2.71281337738,
        "dmean2": 4.34018564224,
        "dvar": 6.41759824753,
        "dvar2": 15.5332679749,
        "max": 24.8215427399,
        "mean": 11.4666509628,
        "median": 10.5479660034,
        "min": 3.60322260857,
        "var": 15.6848115921
    },
    "barkbands_flatness_db": {
        "dmean": 0.0259725786746,
        "dmean2": 0.0373892970383,
        "dvar": 0.000562981120311,
        "dvar2": 0.00126380799338,
        "max": 0.414862811565,
        "mean": 0.194082543254,
        "median": 0.191349193454,
        "min": 0.0470301732421,
        "var": 0.00260640028864
    },
    "barkbands_kurtosis": {
        "dmean": 6.77422189713,
        "dmean2": 10.5150814056,
        "dvar": 117.108070374,
        "dvar2": 308.773773193,
        "max": 168.482849121,
        "mean": 13.6655292511,
        "median": 9.57353782654,
        "min": -1.69298756123,
        "var": 237.030349731
    },
    "barkbands_skewness": {
        "dmean": 0.741048634052,
        "dmean2": 1.12106513977,
        "dvar": 0.63679677248,
        "dvar2": 1.50090181828,
        "max": 12.1635513306,
        "mean": 2.63504648209,
        "median": 2.41848683357,
        "min": -2.08636784554,
        "var": 2.07233142853
    },
    "barkbands_spread": {
        "dmean": 3.34380245209,
        "dmean2": 4.95046663284,
        "dvar": 28.6981906891,
        "dvar2": 58.5399589539,
        "max": 75.8380889893,
        "mean": 10.6248645782,
        "median": 8.67510414124,
        "min": 0.960755825043,
        "var": 78.3320083618
    },
    "dissonance": {
        "dmean": 0.0262786634266,
        "dmean2": 0.0423377975821,
        "dvar": 0.000484563614009,
        "dvar2": 0.00126044335775,
        "max": 0.499153196812,
        "mean": 0.428341597319,
        "median": 0.43472006917,
        "min": 0.252644062042,
        "var": 0.00166065839585
    },
    "dynamic_complexity": 2.51550507545,
    "erbbands_crest": {
        "dmean": 2.51781129837,
        "dmean2": 3.89687466621,
        "dvar": 5.54923915863,
        "dvar2": 12.3426580429,
        "max": 29.5996837616,
        "mean": 11.3646841049,
        "median": 10.5561342239,
        "min": 3.22506403923,
        "var": 23.4149227142
    },
    "erbbands_flatness_db": {
        "dmean": 0.0215979348868,
        "dmean2": 0.0294313430786,
        "dvar": 0.000407207029639,
        "dvar2": 0.000832346384414,
        "max": 0.294846594334,
        "mean": 0.160283789039,
        "median": 0.158665940166,
        "min": 0.0646194890141,
        "var": 0.00155958719552
    },
    "erbbands_kurtosis": {
        "dmean": 1.83765232563,
        "dmean2": 2.79792165756,
        "dvar": 7.6381354332,
        "dvar2": 16.3062114716,
        "max": 33.044834137,
        "mean": 2.56577038765,
        "median": 1.31599235535,
        "min": -1.85652720928,
        "var": 18.560710907
    },
    "erbbands_skewness": {
        "dmean": 0.446628451347,
        "dmean2": 0.640990197659,
        "dvar": 0.213364973664,
        "dvar2": 0.424892514944,
        "max": 4.96401786804,
        "mean": 1.14701581001,
        "median": 1.07126200199,
        "min": -2.54337668419,
        "var": 0.995175421238
    },
    "erbbands_spread": {
        "dmean": 10.9934654236,
        "dmean2": 15.9583806992,
        "dvar": 189.895339966,
        "dvar2": 398.843475342,
        "max": 148.638595581,
        "mean": 37.7993507385,
        "median": 30.8711109161,
        "min": 6.2181429863,
        "var": 614.766967773
    },
    "hfc": {
        "dmean": 4.43662071228,
        "dmean2": 6.62788295746,
        "dvar": 33.8281669617,
        "dvar2": 84.5281600952,
        "max": 68.0670089722,
        "mean": 17.461101532,
        "median": 16.6227741241,
        "min": 1.17266086719e-16,
        "var": 98.1653594971
    },
    "melbands_crest": {
        "dmean": 3.20956635475,
        "dmean2": 5.11278057098,
        "dvar": 7.90971803665,
        "dvar2": 18.4669685364,
        "max": 32.5376739502,
        "mean": 15.2764148712,
        "median": 14.4559049606,
        "min": 2.34202170372,
        "var": 20.0437240601
    },
    "melbands_flatness_db": {
        "dmean": 0.0309186764061,
        "dmean2": 0.0441176369786,
        "dvar": 0.000791419879533,
        "dvar2": 0.00169819733128,
        "max": 0.551367640495,
        "mean": 0.287680745125,
        "median": 0.288941025734,
        "min": 0.00507831713185,
        "var": 0.00398345431313
    },
    "melbands_kurtosis": {
        "dmean": 15.4881448746,
        "dmean2": 23.8493309021,
        "dvar": 718.830810547,
        "dvar2": 1777.78625488,
        "max": 463.166931152,
        "mean": 30.748456955,
        "median": 17.9055919647,
        "min": -1.24915122986,
        "var": 1599.96899414
    },
    "melbands_skewness": {
        "dmean": 1.01309084892,
        "dmean2": 1.49544763565,
        "dvar": 1.36018621922,
        "dvar2": 2.954226017,
        "max": 16.2852706909,
        "mean": 3.52093458176,
        "median": 2.97596430779,
        "min": -0.105748064816,
        "var": 4.74917268753
    },
    "melbands_spread": {
        "dmean": 2.8504242897,
        "dmean2": 4.19498872757,
        "dvar": 29.5605201721,
        "dvar2": 48.2452545166,
        "max": 144.478408813,
        "mean": 9.13847064972,
        "median": 7.21773529053,
        "min": 0.894887626171,
        "var": 60.2055854797
    },
    "pitch_salience": {
        "dmean": 0.0700111836195,
        "dmean2": 0.111139275134,
        "dvar": 0.00410193391144,
        "dvar2": 0.00999770034105,
        "max": 0.80963331461,
        "mean": 0.517422199249,
        "median": 0.515315711498,
        "min": 0.173550903797,
        "var": 0.0100139826536
    },
    "silence_rate_20dB": {
        "dmean": 0,
        "dmean2": 0,
        "dvar": 0,
        "dvar2": 0,
        "max": 1,
        "mean": 1,
        "median": 1,
        "min": 1,
        "var": 0
    },
    "silence_rate_30dB": {
        "dmean": 0.061919502914,
        "dmean2": 0.123934932053,
        "dvar": 0.0580861009657,
        "dvar2": 0.131813675165,
        "max": 1,
        "mean": 0.941995382309,
        "median": 1,
        "min": 0,
        "var": 0.0546401292086
    },
    "silence_rate_60dB": {
        "dmean": 0.0030959751457,
        "dmean2": 0.00619674660265,
        "dvar": 0.00308637158014,
        "dvar2": 0.0077075175941,
        "max": 1,
        "mean": 0.0278422273695,
        "median": 0,
        "min": 0,
        "var": 0.0270671918988
    },
    "spectral_centroid": {
        "dmean": 144.926025391,
        "dmean2": 212.762557983,
        "dvar": 120182.195312,
        "dvar2": 168665.078125,
        "max": 10722.4013672,
        "mean": 618.167663574,
        "median": 533.874694824,
        "min": 184.241592407,
        "var": 213190.09375
    },
    "spectral_complexity": {
        "dmean": 1.99380803108,
        "dmean2": 3.15104579926,
        "dvar": 4.59592819214,
        "dvar2": 9.85864639282,
        "max": 30,
        "mean": 11.5073471069,
        "median": 11,
        "min": 0,
        "var": 23.0202255249
    },
    "spectral_decrease": {
        "dmean": 4.7595496433e-09,
        "dmean2": 7.59388729676e-09,
        "dvar": 4.11870730132e-17,
        "dvar2": 9.7147598384e-17,
        "max": 4.13239596023e-29,
        "mean": -1.41006273324e-08,
        "median": -1.35122499856e-08,
        "min": -6.11956423313e-08,
        "var": 7.22425003941e-17
    },
    "spectral_energy": {
        "dmean": 0.0182559862733,
        "dmean2": 0.0291191451252,
        "dvar": 0.000602184911259,
        "dvar2": 0.00142078776844,
        "max": 0.236754819751,
        "mean": 0.0548027679324,
        "median": 0.0525856800377,
        "min": 1.04804114806e-20,
        "var": 0.00106237619184
    },
    "spectral_energyband_high": {
        "dmean": 0.000260094209807,
        "dmean2": 0.000373216258595,
        "dvar": 2.42156090735e-07,
        "dvar2": 5.4642066516e-07,
        "max": 0.00802863761783,
        "mean": 0.000470336759463,
        "median": 0.000228252029046,
        "min": 7.88251021078e-21,
        "var": 6.01041733717e-07
    },
    "spectral_energyband_low": {
        "dmean": 0.0139459902421,
        "dmean2": 0.022602820769,
        "dvar": 0.000534190738108,
        "dvar2": 0.00126305827871,
        "max": 0.208143740892,
        "mean": 0.0278465934098,
        "median": 0.0230268556625,
        "min": 6.37481211191e-23,
        "var": 0.000756360648666
    },
    "spectral_energyband_middle_high": {
        "dmean": 0.000896440120414,
        "dmean2": 0.00121540739201,
        "dvar": 1.9731314751e-06,
        "dvar2": 4.63983451482e-06,
        "max": 0.0227736234665,
        "mean": 0.00284670596011,
        "median": 0.00162961729802,
        "min": 1.35156364356e-21,
        "var": 1.02425774458e-05
    },
    "spectral_energyband_middle_low": {
        "dmean": 0.00872297305614,
        "dmean2": 0.0140028940514,
        "dvar": 0.000119011667266,
        "dvar2": 0.000289452495053,
        "max": 0.139353990555,
        "mean": 0.0261232592165,
        "median": 0.0240123420954,
        "min": 2.921838809e-22,
        "var": 0.000293751974823
    },
    "spectral_entropy": {
        "dmean": 0.274886667728,
        "dmean2": 0.36858561635,
        "dvar": 0.0668604075909,
        "dvar2": 0.129036605358,
        "max": 9.80690956116,
        "mean": 7.0683426857,
        "median": 7.09630012512,
        "min": 5.47569561005,
        "var": 0.278302907944
    },
    "spectral_flux": {
        "dmean": 0.0403245985508,
        "dmean2": 0.0635668709874,
        "dvar": 0.00197305111215,
        "dvar2": 0.00408202270046,
        "max": 0.438963055611,
        "mean": 0.101551145315,
        "median": 0.0839955955744,
        "min": 1.02373880206e-10,
        "var": 0.00402837758884
    },
    "spectral_kurtosis": {
        "dmean": 2.5202319622,
        "dmean2": 3.69489836693,
        "dvar": 8.2895154953,
        "dvar2": 18.0119628906,
        "max": 27.9084396362,
        "mean": 5.77616214752,
        "median": 4.59876060486,
        "min": -1.19365775585,
        "var": 19.9008369446
    },
    "spectral_rms": {
        "dmean": 0.00115477130748,
        "dmean2": 0.00181177072227,
        "dvar": 1.73244825419e-06,
        "dvar2": 3.94765584133e-06,
        "max": 0.015198036097,
        "mean": 0.00695486646146,
        "median": 0.00716261845082,
        "min": 3.19762272216e-12,
        "var": 5.0959051805e-06
    },
    "spectral_rolloff": {
        "dmean": 178.748413086,
        "dmean2": 292.040374756,
        "dvar": 551688.5,
        "dvar2": 884579.125,
        "max": 18906.1523438,
        "mean": 554.717346191,
        "median": 387.59765625,
        "min": 64.599609375,
        "var": 717047.5625
    },
    "spectral_skewness": {
        "dmean": 0.374890834093,
        "dmean2": 0.52021664381,
        "dvar": 0.126108020544,
        "dvar2": 0.256247878075,
        "max": 4.20784473419,
        "mean": 1.97451424599,
        "median": 1.92605721951,
        "min": 0.00370746501721,
        "var": 0.474435716867
    },
    "spectral_spread": {
        "dmean": 832306.5,
        "dmean2": 1127132.25,
        "dvar": 1.5647318999e+12,
        "dvar2": 2.16122602291e+12,
        "max": 40927192,
        "mean": 5137599.5,
        "median": 5052798,
        "min": 1735248.5,
        "var": 3.27310298317e+12
    },
    "spectral_strongpeak": {
        "dmean": 0.399117827415,
        "dmean2": 0.676308214664,
        "dvar": 0.278813660145,
        "dvar2": 0.648863136768,
        "max": 4.58778762817,
        "mean": 0.880284547806,
        "median": 0.544547975063,
        "min": 2.34930808141e-09,
        "var": 0.679114937782
    },
    "zerocrossingrate": {
        "dmean": 0.00810388103127,
        "dmean2": 0.00955949537456,
        "dvar": 0.000302834814647,
        "dvar2": 0.000280624284642,
        "max": 0.51123046875,
        "mean": 0.0324316173792,
        "median": 0.02685546875,
        "min": 0.00390625,
        "var": 0.000688464671839
    },
    "barkbands": {
        "dmean": [0.000663891725708, 0.00995694939047, 0.00558695429936, 0.00442732963711, 0.00335698924027, 0.00264995312318, 0.00117180286907, 0.000564028567169, 0.000710398657247, 0.000198344700038, 0.000309687369736, 0.000190289239981, 0.000166473429999, 0.000215117062908, 0.000176796354936, 5.30037541466e-05, 4.42675227532e-05, 4.22869161412e-05, 3.51929920726e-05, 3.63564577128e-05, 6.83075777488e-05, 7.74724976509e-05, 4.79633854411e-05, 4.27918930654e-05, 3.45374028257e-05, 1.14634185593e-05, 7.30181227482e-07],
        "dmean2": [0.00103563512675, 0.0157388709486, 0.00992148648947, 0.00728716561571, 0.00540981115773, 0.00409956648946, 0.0019819715526, 0.000771743827499, 0.000971672823653, 0.000280409993138, 0.000417666975409, 0.000270085438387, 0.000247153511737, 0.000325313041685, 0.000264724338194, 8.12828657217e-05, 6.89258085913e-05, 6.22574079898e-05, 5.42459129065e-05, 5.55125443498e-05, 0.000107083498733, 0.000120857890579, 7.21641044947e-05, 6.34658354102e-05, 5.28063392267e-05, 1.75310251507e-05, 1.20122194858e-06],
        "dvar": [7.97615427928e-07, 0.000352623465005, 0.000125087550259, 4.00432072638e-05, 2.12756094697e-05, 2.80018794001e-05, 5.86574287809e-06, 1.30168859869e-06, 2.17721776608e-06, 2.84217179569e-07, 6.08340030794e-07, 2.14030791312e-07, 2.35917880786e-07, 2.30108554433e-07, 1.29200515175e-07, 1.15610561124e-08, 6.00730265532e-09, 3.75783182349e-09, 9.87127002361e-09, 3.8257033097e-09, 2.66371174007e-08, 3.06581817711e-08, 1.27885346757e-08, 6.54982734716e-09, 5.94472293614e-09, 3.91357307672e-10, 2.57798600176e-12],
        "dvar2": [1.93661412595e-06, 0.000866778776981, 0.000359248253517, 0.000103977865365, 5.23563139723e-05, 5.56995473744e-05, 1.55865545821e-05, 2.58840145761e-06, 3.99033979193e-06, 4.54262732319e-07, 1.34239564886e-06, 3.48860396571e-07, 5.49629987745e-07, 5.37331914074e-07, 2.63713587856e-07, 2.7963071858e-08, 1.29017676542e-08, 8.09205680241e-09, 2.37874182574e-08, 8.80281980642e-09, 5.88820938674e-08, 6.61660379819e-08, 3.10603702758e-08, 1.50184966685e-08, 1.55676129765e-08, 9.03245700457e-10, 6.57276880492e-12],
        "max": [0.00950025767088, 0.196116343141, 0.111182913184, 0.0593209117651, 0.0546854734421, 0.0755233243108, 0.043938677758, 0.0172870792449, 0.0297434367239, 0.0171942170709, 0.0150344222784, 0.0163161195815, 0.00891327671707, 0.00683887815103, 0.00647006137297, 0.00180533202365, 0.00122883717995, 0.000674586917739, 0.00271922186948, 0.0010168509325, 0.00348390219733, 0.00326290726662, 0.00188754394185, 0.00126077886671, 0.00131888256874, 0.000295499019558, 1.86063371075e-05],
        "mean": [0.00123363558669, 0.0168962124735, 0.00736890267581, 0.0061882273294, 0.00662183668464, 0.00777840148658, 0.00220877979882, 0.00115112727508, 0.00191707513295, 0.000474693137221, 0.000732015352696, 0.000429081701441, 0.000301594351185, 0.000359223340638, 0.000350644026184, 8.94215263543e-05, 7.65092190704e-05, 7.52306586946e-05, 5.53122990823e-05, 6.16051038378e-05, 9.71504778136e-05, 0.000115207425551, 7.67723613535e-05, 7.15083515388e-05, 5.32947160536e-05, 1.86699598999e-05, 6.9007012371e-07],
        "median": [0.000757018278819, 0.0129711115733, 0.0044409930706, 0.00360089098103, 0.00385872763582, 0.00213785981759, 0.00117664248683, 0.00028123773518, 0.000313436234137, 0.000155498142703, 0.000173533509951, 8.99979277165e-05, 5.84640474699e-05, 0.000101636615, 9.63744823821e-05, 4.28383864346e-05, 3.75991330657e-05, 3.70383168047e-05, 2.91936485155e-05, 3.86533429264e-05, 3.36062767019e-05, 4.1460403736e-05, 3.70788839064e-05, 3.85213461414e-05, 2.36936157307e-05, 1.02394624264e-05, 1.09468999199e-07],
        "min": [2.89322530936e-23, 2.39159907269e-23, 1.82436737661e-23, 5.4432481622e-23, 3.97123813068e-23, 3.78809523629e-23, 5.46847530286e-23, 5.08559976924e-23, 5.0179249699e-23, 1.56399168639e-23, 6.35701540988e-23, 4.95655506247e-23, 8.25345785196e-23, 6.18978447104e-23, 1.52671153996e-22, 1.95597960475e-22, 1.52839313897e-22, 1.2543179956e-22, 2.49842219885e-22, 3.65003315517e-22, 4.40159242539e-22, 4.6866168319e-22, 6.88586561504e-22, 7.87997474872e-22, 1.35206033563e-21, 1.8612308972e-21, 2.24524586151e-21],
        "var": [2.05622700378e-06, 0.000426241342211, 0.000101871883089, 5.17166190548e-05, 5.6318956922e-05, 0.000123000208987, 1.28980082081e-05, 4.13234556618e-06, 1.4695486243e-05, 1.88035380688e-06, 1.78614129709e-06, 1.308769356e-06, 5.18190518051e-07, 4.65429707219e-07, 5.25596476564e-07, 1.96247817996e-08, 1.27078134682e-08, 9.48824041558e-09, 1.25852448463e-08, 6.73278677255e-09, 4.81076476433e-08, 6.71034214861e-08, 2.19699511916e-08, 1.23552164055e-08, 7.91315279969e-09, 6.41328212758e-10, 2.37287967053e-12]
    },
    "erbbands": {
        "dmean": [0.338476002216, 2.22463154793, 5.79736804962, 10.4474191666, 13.84141922, 11.6278553009, 16.1291732788, 24.0607757568, 20.0787296295, 12.2629013062, 9.75360679626, 18.1130046844, 8.02259349823, 7.07898139954, 10.7929115295, 8.32165145874, 7.47822093964, 9.07762622833, 10.3768148422, 5.11454296112, 2.37487745285, 2.40150403976, 2.08642220497, 2.08571195602, 1.57688677311, 1.81157374382, 2.53280329704, 2.77868080139, 2.93663311005, 1.80592763424, 1.36367428303, 1.06822240353, 0.684513807297, 0.467208355665, 0.202375665307, 0.0701353773475, 0.0181043334305, 0.00288168224506, 7.41572803236e-05, 2.12286813621e-05],
        "dmean2": [0.523655712605, 3.63324713707, 10.2216043472, 17.9457149506, 22.1722583771, 19.031206131, 25.410993576, 36.76222229, 34.731010437, 17.9713935852, 13.7364549637, 24.783039093, 11.0254182816, 9.74442005157, 14.3648109436, 11.033413887, 10.8109493256, 13.3679122925, 14.8432912827, 8.27961921692, 3.619607687, 3.76518511772, 3.08818411827, 3.11125135422, 2.46817207336, 2.78242111206, 3.99358654022, 4.2522354126, 4.58507204056, 2.78405213356, 2.04686975479, 1.55506587029, 1.02845907211, 0.713357508183, 0.310726374388, 0.108483314514, 0.028033323586, 0.00445679249242, 0.000115203336463, 3.36349366989e-05],
        "dvar": [0.410510182381, 17.7726154327, 127.98249054, 271.960296631, 385.353790283, 360.099884033, 1172.54272461, 2478.04931641, 2035.27209473, 814.122802734, 398.257110596, 1756.30517578, 375.713562012, 188.900756836, 1211.72680664, 393.296203613, 350.699462891, 523.514160156, 481.554748535, 147.736328125, 21.1431446075, 20.3965530396, 9.77414989471, 15.367934227, 27.5992794037, 9.97124862671, 32.5363349915, 52.4873008728, 49.1945343018, 13.7665090561, 10.9968862534, 5.04653549194, 2.27974820137, 1.06115496159, 0.225972369313, 0.0211642254144, 0.000938290788326, 2.83154422505e-05, 2.26945395809e-08, 7.94758259204e-10],
        "dvar2": [1.01171052456, 44.7505493164, 365.440124512, 765.272216797, 891.764648438, 913.160461426, 2675.89331055, 5099.77734375, 5739.31591797, 1796.29296875, 836.323486328, 3233.63720703, 579.934997559, 356.680114746, 2791.73266602, 579.04309082, 758.894775391, 1303.53820801, 958.213195801, 400.494232178, 46.1340484619, 47.0684700012, 19.9161911011, 33.3568878174, 70.4601898193, 23.1480197906, 78.7194671631, 115.26890564, 110.862281799, 33.0883331299, 27.1719264984, 11.3867387772, 5.86773633957, 2.74283266068, 0.584432721138, 0.0530029982328, 0.00215017353185, 6.83284160914e-05, 5.67764892878e-08, 1.87735582635e-09],
        "max": [6.41839027405, 40.1700286865, 114.247489929, 143.467224121, 189.797958374, 202.157211304, 441.47088623, 745.839355469, 922.90045166, 483.173309326, 352.525085449, 935.991455078, 679.193603516, 205.545272827, 752.672912598, 718.883789062, 325.402404785, 429.733306885, 422.839416504, 169.494216919, 84.8993682861, 81.9870376587, 39.5934791565, 83.0713424683, 151.117767334, 60.8120727539, 112.335884094, 187.052154541, 128.744537354, 62.9680023193, 59.8051185608, 51.2121276855, 29.4984722137, 19.8545417786, 9.86629772186, 3.10144805908, 0.347927093506, 0.0501174926758, 0.00221821200103, 0.000270186137641],
        "mean": [0.550899147987, 3.44285941124, 8.22618961334, 14.7128753662, 20.6882724762, 24.470489502, 45.4005050659, 67.1743545532, 41.2651519775, 25.7125816345, 22.0880584717, 51.3578834534, 22.2386741638, 17.8246059418, 26.499124527, 20.7746238708, 15.9109067917, 17.5107326508, 23.7224311829, 8.49407672882, 4.57733201981, 4.41942310333, 4.04006528854, 3.52542281151, 2.60351610184, 3.03691506386, 3.6127846241, 4.09416866302, 4.36547851562, 2.69456338882, 2.2144882679, 1.80219531059, 1.06659722328, 0.74235355854, 0.28726926446, 0.11144259572, 0.0284480322152, 0.00365887023509, 0.000112830763101, 6.48002314847e-05],
        "median": [0.307940304279, 2.42415428162, 5.76173591614, 10.3183431625, 12.4996891022, 11.187084198, 14.2216501236, 23.3618583679, 23.7050075531, 8.24890136719, 7.89530467987, 8.53603076935, 5.99886608124, 6.25337409973, 7.1688747406, 5.68482780457, 4.99049329758, 7.08052301407, 6.87159585953, 4.243268013, 2.33794116974, 2.41805052757, 2.10701036453, 1.81274402142, 1.64579474926, 1.88521504402, 1.45751142502, 1.32194006443, 1.56975758076, 1.09439063072, 1.07515859604, 0.957050085068, 0.521051108837, 0.330140352249, 0.120910555124, 0.0573747679591, 0.0151956891641, 0.00157714413945, 6.31772927591e-05, 6.1670129071e-05],
        "min": [1.39655047509e-21, 3.03912235699e-21, 1.84358654505e-20, 7.53438624167e-20, 2.31548869011e-19, 7.85416780413e-20, 2.2092683597e-19, 3.21704990033e-19, 7.59360332624e-19, 8.10275574073e-19, 1.18734528762e-18, 1.1336769823e-18, 5.7873789785e-19, 8.58833143981e-19, 3.02155346567e-18, 2.66431318427e-18, 3.80083907999e-18, 3.13692758354e-18, 7.40119191337e-18, 8.77506942765e-18, 9.10026307777e-18, 8.73598183499e-18, 7.9295254055e-18, 9.03230274582e-18, 1.61547000512e-17, 1.70493653668e-17, 2.08791239218e-17, 1.30785898882e-17, 1.6549203992e-17, 1.78285099468e-17, 1.92427009355e-17, 1.81277872012e-17, 1.26027972542e-17, 1.52714415562e-17, 9.8962986859e-18, 7.89303102406e-18, 2.90630321811e-18, 1.27705984929e-18, 2.88298292869e-19, 3.8372178371e-20],
        "var": [0.527021467686, 19.6118545532, 105.832740784, 249.382858276, 590.69543457, 1027.23815918, 5048.3125, 10669.6298828, 5165.41748047, 2073.57299805, 1637.16748047, 12236.9199219, 2964.32177734, 828.395690918, 3336.15283203, 2503.45483398, 969.455993652, 1016.38378906, 2428.42163086, 169.574645996, 42.3532371521, 36.8023033142, 26.3715705872, 32.043056488, 27.7739276886, 16.3501567841, 47.0919876099, 106.647613525, 102.709869385, 25.7755031586, 18.5328769684, 10.0099983215, 3.02461147308, 1.47921097279, 0.284222632647, 0.0305163692683, 0.00143609812949, 3.341433694e-05, 2.37346835519e-08, 1.37299671632e-09]
    },
    "gfcc": {
        "mean": [-3.72255516052, 114.55657959, -76.6661834717, 36.0196838379, -59.3750114441, 20.2048568726, -42.1144638062, 3.64627075195, -22.1601352692, 6.07910871506, -13.1012010574, 0.00886972621083, -8.46790504456],
        "cov": [[7396.84765625, -409.814575195, -345.167816162, -100.685432434, -258.869812012, 208.124298096, -112.58480072, 71.8637466431, -268.78326416, 81.9571380615, -138.194198608, 35.3209571838, -164.734634399], [-409.814575195, 924.832885742, -91.4200820923, -289.138000488, 286.563079834, -19.6400089264, 102.964096069, 20.6176300049, 96.6575698853, -89.7113876343, 171.671524048, -40.8359947205, 33.4009208679], [-345.167816162, -91.4200820923, 516.573364258, 364.099761963, 7.43531799316, 8.06851673126, 52.5397949219, -13.9164075851, 29.9812526703, 30.115694046, -6.26908922195, 44.3796577454, 64.4406661987], [-100.685432434, -289.138000488, 364.099761963, 564.240722656, -13.0880784988, -19.8225746155, 1.41291582584, -47.353843689, 75.6075057983, 61.7484397888, -59.7035903931, 25.8631820679, 48.420753479], [-258.869812012, 286.563079834, 7.43531799316, -13.0880784988, 265.220428467, 41.0051689148, 58.3193321228, 37.4034423828, 62.0396537781, -10.9215192795, 44.5378684998, -23.1171417236, 21.6021347046], [208.124298096, -19.6400089264, 8.06851673126, -19.8225746155, 41.0051689148, 151.373672485, 92.6020812988, 39.8248138428, -25.4242763519, 11.5035095215, 9.01059436798, 1.56712675095, -15.1334171295], [-112.58480072, 102.964096069, 52.5397949219, 1.41291582584, 58.3193321228, 92.6020812988, 175.041015625, 37.5836639404, 1.31195223331, -3.06435513496, 31.4258136749, 14.5871801376, -9.39038658142], [71.8637466431, 20.6176300049, -13.9164075851, -47.353843689, 37.4034423828, 39.8248138428, 37.5836639404, 107.91734314, 14.7987346649, 6.45819234848, 17.3065299988, -1.35289692879, 0.283300250769], [-268.78326416, 96.6575698853, 29.9812526703, 75.6075057983, 62.0396537781, -25.4242763519, 1.31195223331, 14.7987346649, 130.314666748, 24.6821098328, 7.17506313324, -6.10569572449, 19.8321628571], [81.9571380615, -89.7113876343, 30.115694046, 61.7484397888, -10.9215192795, 11.5035095215, -3.06435513496, 6.45819234848, 24.6821098328, 84.3878936768, 6.21942520142, 6.02766370773, 5.30754899979], [-138.194198608, 171.671524048, -6.26908922195, -59.7035903931, 44.5378684998, 9.01059436798, 31.4258136749, 17.3065299988, 7.17506313324, 6.21942520142, 126.95715332, 24.3508014679, 23.8581447601], [35.3209571838, -40.8359947205, 44.3796577454, 25.8631820679, -23.1171417236, 1.56712675095, 14.5871801376, -1.35289692879, -6.10569572449, 6.02766370773, 24.3508014679, 82.1164474487, 25.7745628357], [-164.734634399, 33.4009208679, 64.4406661987, 48.420753479, 21.6021347046, -15.1334171295, -9.39038658142, 0.283300250769, 19.8321628571, 5.30754899979, 23.8581447601, 25.7745628357, 87.119682312]],
        "icov": [[0.000205512958928, -0.000382052152418, 0.000269392272457, -0.000375226431061, 0.000298896746244, -0.000516470812727, 0.000504728639498, -0.000423571444117, 0.000657394179143, -0.000480935443193, 0.000455174740637, -0.000462205003714, 0.000328057765728], [-0.000382052152418, 0.00546722160652, -0.00155819952488, 0.00362418568693, -0.00366143835708, 0.00302935554646, -0.00343733560294, 0.00318804313429, -0.0047642942518, 0.0044423667714, -0.0050283218734, 0.00342396320775, -0.00144904211629], [0.000269392272457, -0.00155819952488, 0.00473235268146, -0.00388833251782, 0.00107059371658, -0.000832211168017, -4.06426697737e-05, -0.00151671434287, 0.00258693820797, -0.0010528031271, 0.00111650768667, -0.00167940941174, -0.000975648872554], [-0.000375226431061, 0.00362418568693, -0.00388833251782, 0.00687374314293, -0.00236919475719, 0.00210401113145, -0.00234663928859, 0.00384068535641, -0.00525817787275, 0.00118843489327, -0.00141408387572, 0.00207158667035, -0.00145679875277], [0.000298896746244, -0.00366143835708, 0.00107059371658, -0.00236919475719, 0.00807934999466, -0.00364353624173, 0.00147830904461, -0.0026322696358, 0.000399508164264, -0.00125083047897, 0.00175883155316, 4.43245471615e-06, -0.000472237967188], [-0.000516470812727, 0.00302935554646, -0.000832211168017, 0.00210401113145, -0.00364353624173, 0.0141727775335, -0.00801196228713, -0.000343035178958, 0.000643485109322, -0.00038374538417, -0.00178720627446, 0.00241136504337, -0.000536025792826], [0.000504728639498, -0.00343733560294, -4.06426697737e-05, -0.00234663928859, 0.00147830904461, -0.00801196228713, 0.0127850389108, -0.00327314180322, 0.00231846258976, -0.00112675747368, 0.00147969310638, -0.00424389448017, 0.003628161503], [-0.000423571444117, 0.00318804313429, -0.00151671434287, 0.00384068535641, -0.0026322696358, -0.000343035178958, -0.00327314180322, 0.0137553401291, -0.00527240242809, 0.00176894268952, -0.00309726549312, 0.00234828190878, -0.00159446639009], [0.000657394179143, -0.0047642942518, 0.00258693820797, -0.00525817787275, 0.000399508164264, 0.000643485109322, 0.00231846258976, -0.00527240242809, 0.0164601616561, -0.00733169494197, 0.00458770757541, -0.00256705842912, 0.000561118882615], [-0.000480935443193, 0.0044423667714, -0.0010528031271, 0.00118843489327, -0.00125083047897, -0.00038374538417, -0.00112675747368, 0.00176894268952, -0.00733169494197, 0.0187355224043, -0.00637899106368, 0.00275473739021, -0.000918548321351], [0.000455174740637, -0.0050283218734, 0.00111650768667, -0.00141408387572, 0.00175883155316, -0.00178720627446, 0.00147969310638, -0.00309726549312, 0.00458770757541, -0.00637899106368, 0.0155323231593, -0.00614711549133, -0.000919116369914], [-0.000462205003714, 0.00342396320775, -0.00167940941174, 0.00207158667035, 4.43245471615e-06, 0.00241136504337, -0.00424389448017, 0.00234828190878, -0.00256705842912, 0.00275473739021, -0.00614711549133, 0.0182173643261, -0.00543283950537], [0.000328057765728, -0.00144904211629, -0.000975648872554, -0.00145679875277, -0.000472237967188, -0.000536025792826, 0.003628161503, -0.00159446639009, 0.000561118882615, -0.000918548321351, -0.000919116369914, -0.00543283950537, 0.016393173486]]
    },
    "melbands": {
        "dmean": [0.00283290771767, 0.00283068255521, 0.00197227206081, 0.000810077413917, 0.000559467356652, 0.000526861345861, 0.000276096485322, 0.000131192136905, 8.47713090479e-05, 0.000114717222459, 3.87830004911e-05, 2.74305093626e-05, 3.71002024622e-05, 2.14543197217e-05, 2.49895001616e-05, 1.45681515278e-05, 1.89874062926e-05, 1.86952311196e-05, 1.06019742816e-05, 5.30371426066e-06, 2.54605924965e-06, 2.78968900602e-06, 2.12105123865e-06, 1.90623768503e-06, 1.81845837233e-06, 1.24538928503e-06, 1.14569968446e-06, 1.28398187371e-06, 1.54952215325e-06, 1.72338900484e-06, 1.74839374267e-06, 1.78049810984e-06, 1.45046578837e-06, 8.83050063294e-07, 7.70080703205e-07, 8.99596500403e-07, 5.85094483085e-07, 5.05044511101e-07, 4.56823130435e-07, 3.917327831e-07],
        "dmean2": [0.00442166533321, 0.00487184058875, 0.00328871142119, 0.00131463969592, 0.000884473207407, 0.000815171690192, 0.000475233508041, 0.000185812648851, 0.000118872267194, 0.000156449881615, 5.37813320989e-05, 3.81121462851e-05, 5.0080834626e-05, 2.87831735477e-05, 3.40792830684e-05, 2.18338136619e-05, 2.82605578832e-05, 2.66989100055e-05, 1.64244793268e-05, 8.60089494381e-06, 3.89075967178e-06, 4.43789076598e-06, 3.20092726724e-06, 2.81188818008e-06, 2.76204514194e-06, 1.9769811388e-06, 1.81007374067e-06, 1.98438578991e-06, 2.50276752922e-06, 2.74109379461e-06, 2.72465035778e-06, 2.79449136542e-06, 2.30926798395e-06, 1.34555682507e-06, 1.14686508823e-06, 1.36615346946e-06, 8.62275044256e-07, 7.67121150602e-07, 7.26089240288e-07, 6.00264058903e-07],
        "dvar": [2.93018438242e-05, 2.67022933258e-05, 8.30661429063e-06, 1.203959755e-06, 1.06382412923e-06, 1.11468170871e-06, 3.55181839495e-07, 9.32269514919e-08, 3.47247635091e-08, 6.98266333643e-08, 9.43231093231e-09, 2.85810708434e-09, 1.29398616266e-08, 2.84341195034e-09, 4.02672117872e-09, 1.77972259152e-09, 2.17747531117e-09, 1.61621604988e-09, 4.25905172241e-10, 1.45406520158e-10, 2.91809562625e-11, 2.56330043996e-11, 1.347612473e-11, 8.64045033439e-12, 1.35745035004e-11, 1.11518199189e-11, 1.24493271594e-11, 4.58401719361e-12, 1.30366689666e-11, 3.16811507584e-11, 2.77598864035e-11, 1.86507424088e-11, 1.0038687763e-11, 2.90467888457e-12, 3.1503523748e-12, 6.72141812694e-12, 9.43162757096e-13, 1.06624518242e-12, 1.56503033189e-12, 6.28276022787e-13],
        "dvar2": [7.14903435437e-05, 7.22137847333e-05, 2.22370490519e-05, 2.97797669191e-06, 2.47789625973e-06, 2.3397417408e-06, 9.95720256469e-07, 1.98865080847e-07, 7.00247255736e-08, 1.27471039946e-07, 1.47195260425e-08, 5.49963186103e-09, 3.07794145726e-08, 5.488899113e-09, 6.41545216951e-09, 4.5515875513e-09, 5.13827203008e-09, 3.28016369622e-09, 1.01873054437e-09, 3.89394766431e-10, 6.27053270419e-11, 6.03722211112e-11, 2.97275398742e-11, 1.87687591163e-11, 3.0112145416e-11, 2.83211787355e-11, 3.21438743678e-11, 1.03761721437e-11, 3.26281883456e-11, 8.4287118951e-11, 6.94378027299e-11, 4.02111087483e-11, 2.48297146732e-11, 7.11675553558e-12, 7.96575826134e-12, 1.63537343389e-11, 2.04090390421e-12, 2.74595363808e-12, 4.28670770755e-12, 1.53638701154e-12],
        "max": [0.0572354085743, 0.0493205934763, 0.0253054797649, 0.0121324108914, 0.014257453382, 0.0151779009029, 0.0117730218917, 0.00537270866334, 0.00333665590733, 0.00556683493778, 0.00331763667054, 0.000759489135817, 0.00235757348128, 0.00170084554702, 0.00182795478031, 0.000879857805558, 0.000793709652498, 0.000729073770344, 0.000227281037951, 0.000172605039552, 0.000129981024656, 8.87866845005e-05, 5.10172612849e-05, 4.2980114813e-05, 8.09782286524e-05, 8.90889205039e-05, 0.00010153601761, 3.70371380995e-05, 7.75358566898e-05, 0.000138709903695, 0.00014464330161, 8.51824734127e-05, 5.70245356357e-05, 2.81775555777e-05, 3.25819273712e-05, 6.24198655714e-05, 1.74321648956e-05, 1.8750273739e-05, 2.70594664471e-05, 1.26258710225e-05],
        "mean": [0.00471276696771, 0.0045764548704, 0.00296181160957, 0.00148938479833, 0.00153746723663, 0.00149937404785, 0.000551937788259, 0.000267708324827, 0.000181026203791, 0.000327272660797, 9.67776941252e-05, 6.40823345748e-05, 8.64271423779e-05, 5.26856529177e-05, 5.34762330062e-05, 2.6921805329e-05, 3.35056283802e-05, 4.04446145694e-05, 1.73313019332e-05, 8.07816559245e-06, 4.56620955447e-06, 4.71979228678e-06, 3.90693367081e-06, 3.30424177264e-06, 2.84981342702e-06, 1.91795197679e-06, 1.74288163635e-06, 2.07132279684e-06, 2.1745572667e-06, 2.25066150961e-06, 2.39297901317e-06, 2.55547047345e-06, 2.04918956115e-06, 1.26067357087e-06, 1.19835237911e-06, 1.38904965752e-06, 9.75637249212e-07, 7.40585619496e-07, 6.87735166593e-07, 6.08508059941e-07],
        "median": [0.00310671888292, 0.00347110140137, 0.00201682443731, 0.00091639359016, 0.000705137732439, 0.000530802470166, 0.000304255197989, 6.44922401989e-05, 4.40517360403e-05, 5.15549581905e-05, 2.23151728278e-05, 1.75404748006e-05, 2.14669089473e-05, 1.33378562168e-05, 1.16729243018e-05, 5.79984452997e-06, 9.18256591831e-06, 9.53516428126e-06, 6.25980601399e-06, 3.40560472978e-06, 2.27256873586e-06, 2.46481840804e-06, 1.81096288543e-06, 1.74915749085e-06, 1.28467650029e-06, 1.14189469969e-06, 1.06301024516e-06, 1.21647917695e-06, 9.35866580676e-07, 7.61901560509e-07, 7.57265581797e-07, 8.96343408385e-07, 7.1466575946e-07, 5.46718695205e-07, 5.46147191471e-07, 6.66067421662e-07, 5.10244660745e-07, 3.62778706631e-07, 3.09397876208e-07, 2.58864218949e-07],
        "min": [1.02958749025e-23, 7.37654760572e-24, 2.22716275249e-23, 9.97450874691e-24, 6.4893725436e-24, 8.0172470223e-24, 1.13618839429e-23, 1.02726997468e-23, 9.48098710941e-24, 6.82048665338e-24, 2.75028682933e-24, 2.63608619709e-24, 1.01361731677e-23, 6.89892861521e-24, 9.11532483629e-24, 6.70629667076e-24, 5.24301767285e-24, 1.1355610921e-23, 9.47047317127e-24, 1.62428101216e-23, 8.55033713395e-24, 1.01000827812e-23, 5.38186153091e-24, 7.76334898451e-24, 6.85390201246e-24, 9.79726747872e-24, 1.35144273958e-23, 1.04573665627e-23, 1.32975285122e-23, 1.06634706737e-23, 6.78656957876e-24, 9.41033120471e-24, 8.4312869793e-24, 1.04011665341e-23, 9.99964185535e-24, 1.36208068666e-23, 1.05390357545e-23, 8.64387631578e-24, 8.84743003946e-24, 1.44069288467e-23],
        "var": [3.61027523468e-05, 2.67670729954e-05, 9.38865105127e-06, 2.46052445618e-06, 4.17939918407e-06, 4.65160246677e-06, 9.12747509574e-07, 2.56812427324e-07, 1.5219775662e-07, 5.07304946495e-07, 7.18316428561e-08, 1.21343219917e-08, 3.24627045245e-08, 1.1544646128e-08, 1.85242896578e-08, 3.11962899957e-09, 4.89326712483e-09, 7.77214026471e-09, 7.72020947171e-10, 1.86064774699e-10, 5.14002174157e-11, 4.42153605396e-11, 3.04818809083e-11, 1.92939171584e-11, 2.65721906284e-11, 1.27716743431e-11, 1.2436387857e-11, 8.07070035802e-12, 1.72176110175e-11, 3.41221044475e-11, 4.28340175829e-11, 3.790207731e-11, 2.02516666631e-11, 4.82240202632e-12, 5.14710713287e-12, 9.91226371816e-12, 2.2225587256e-12, 1.3811403193e-12, 1.70951642599e-12, 9.87443742224e-13]
    },
    "mfcc": {
        "mean": [-657.966125488, 140.949890137, 38.7860641479, 24.770280838, 12.2458620071, 13.0217847824, -1.02599239349, -1.42031502724, -3.04962897301, 0.937286615372, -2.991512537, -1.62134218216, -1.8740568161],
        "cov": [[5201.47070312, -169.613372803, -234.704483032, -298.481170654, -168.07510376, -14.5478153229, 65.5888061523, -18.3091201782, -59.2915000916, -56.6769371033, 56.7272338867, -21.2775650024, -118.460334778], [-169.613372803, 1214.37890625, -331.42578125, -222.197036743, 122.765769958, -85.3496704102, 110.624916077, 102.191070557, -62.6340866089, 58.7082176208, -3.13561487198, 81.0492782593, 63.1270179749], [-234.704483032, -331.42578125, 512.563903809, 283.444854736, -6.05863285065, 103.924621582, -3.99145102501, -8.0554523468, 42.2199554443, -16.9401950836, -20.5041294098, -2.74248600006, 11.4013938904], [-298.481170654, -222.197036743, 283.444854736, 399.778167725, 84.7208862305, 107.655029297, -67.1905517578, -15.0243835449, 65.6734313965, 3.98887300491, 7.49413442612, 1.4276175499, 18.5123882294], [-168.07510376, 122.765769958, -6.05863285065, 84.7208862305, 192.247283936, 10.2873487473, 0.519354999065, 1.09686005116, 33.9903526306, 41.9061164856, -2.32281184196, -0.356056630611, 8.11344718933], [-14.5478153229, -85.3496704102, 103.924621582, 107.655029297, 10.2873487473, 161.766036987, 28.3019542694, 19.0781288147, 42.663356781, -4.86247205734, 29.5734443665, 14.6576194763, 6.94501161575], [65.5888061523, 110.624916077, -3.99145102501, -67.1905517578, 0.519354999065, 28.3019542694, 197.873580933, 62.5284309387, -7.41358470917, 5.02982091904, 19.7591876984, 13.8461084366, 11.0080089569], [-18.3091201782, 102.191070557, -8.0554523468, -15.0243835449, 1.09686005116, 19.0781288147, 62.5284309387, 118.214622498, 18.5412826538, -2.31400346756, 7.72959661484, 42.0368881226, 17.8651695251], [-59.2915000916, -62.6340866089, 42.2199554443, 65.6734313965, 33.9903526306, 42.663356781, -7.41358470917, 18.5412826538, 119.151679993, 10.9219388962, 23.4789104462, 7.37027978897, 9.56782531738], [-56.6769371033, 58.7082176208, -16.9401950836, 3.98887300491, 41.9061164856, -4.86247205734, 5.02982091904, -2.31400346756, 10.9219388962, 102.038490295, 22.1214675903, -4.10182762146, -7.29227113724], [56.7272338867, -3.13561487198, -20.5041294098, 7.49413442612, -2.32281184196, 29.5734443665, 19.7591876984, 7.72959661484, 23.4789104462, 22.1214675903, 97.9157104492, 18.8830566406, -0.255214005709], [-21.2775650024, 81.0492782593, -2.74248600006, 1.4276175499, -0.356056630611, 14.6576194763, 13.8461084366, 42.0368881226, 7.37027978897, -4.10182762146, 18.8830566406, 98.3474349976, 43.932384491], [-118.460334778, 63.1270179749, 11.4013938904, 18.5123882294, 8.11344718933, 6.94501161575, 11.0080089569, 17.8651695251, 9.56782531738, -7.29227113724, -0.255214005709, 43.932384491, 85.0607528687]],
