{
"lowlevel": {
    "average_loudness": 0.910484194756,
    "barkbands_crest": {
        "dmean": 2.83012104034,
        "dmean2": 4.5653424263,
        "dvar": 7.14185285568,
        "dvar2": 17.5394001007,
        "max": 25.7340087891,
        "mean": 12.2718935013,
        "median": 11.4725599289,
        "min": 3.40930151939,
        "var": 20.9633331299
    },
    "barkbands_flatness_db": {
        "dmean": 0.0292317029089,
        "dmean2": 0.044630240649,
        "dvar": 0.000991201377474,
        "dvar2": 0.00230003101751,
        "max": 0.496717423201,
        "mean": 0.254415124655,
        "median": 0.252027541399,
        "min": 0.0744637176394,
        "var": 0.00364350923337
    },
    "barkbands_kurtosis": {
        "dmean": 10.2333021164,
        "dmean2": 16.1434497833,
        "dvar": 920.52142334,
        "dvar2": 2291.84716797,
        "max": 716.116027832,
        "mean": 14.8043622971,
        "median": 5.09204864502,
        "min": -1.75729322433,
        "var": 1169.86242676
    },
    "barkbands_skewness": {
        "dmean": 0.831765174866,
        "dmean2": 1.24001860619,
        "dvar": 1.2843862772,
        "dvar2": 2.73449754715,
        "max": 17.8400115967,
        "mean": 2.08945536613,
        "median": 1.58350920677,
        "min": -1.55117857456,
        "var": 4.52568387985
    },
    "barkbands_spread": {
        "dmean": 3.46127414703,
        "dmean2": 5.25301504135,
        "dvar": 41.2114715576,
        "dvar2": 85.6432495117,
        "max": 88.301940918,
        "mean": 9.76019859314,
        "median": 7.26362037659,
        "min": 0.197787776589,
        "var": 100.19934082
    },
    "dissonance": {
        "dmean": 0.0381402261555,
        "dmean2": 0.0627441257238,
        "dvar": 0.00131744577084,
        "dvar2": 0.00343539565802,
        "max": 0.49978685379,
        "mean": 0.411205917597,
        "median": 0.425277113914,
        "min": 0.161046922207,
        "var": 0.00372456014156
    },
    "dynamic_complexity": 3.59863495827,
    "erbbands_crest": {
        "dmean": 2.95144844055,
        "dmean2": 4.72869110107,
        "dvar": 8.53689098358,
        "dvar2": 20.5527706146,
        "max": 30.0787754059,
        "mean": 12.4111213684,
        "median": 11.3341302872,
        "min": 2.73794531822,
        "var": 28.1386470795
    },
    "erbbands_flatness_db": {
        "dmean": 0.0202542375773,
        "dmean2": 0.0292629338801,
        "dvar": 0.000428639585152,
        "dvar2": 0.000868468079716,
        "max": 0.392629027367,
        "mean": 0.233394235373,
        "median": 0.231939837337,
        "min": 0.109679296613,
        "var": 0.00265107047744
    },
    "erbbands_kurtosis": {
        "dmean": 2.49012422562,
        "dmean2": 3.8860502243,
        "dvar": 14.1911735535,
        "dvar2": 33.3616523743,
        "max": 58.0180587769,
        "mean": 3.98463559151,
        "median": 2.20991563797,
        "min": -1.8627307415,
        "var": 35.6118354797
    },
    "erbbands_skewness": {
        "dmean": 0.53327870369,
        "dmean2": 0.796146810055,
        "dvar": 0.284605503082,
        "dvar2": 0.625775337219,
        "max": 5.75435972214,
        "mean": 1.18040072918,
        "median": 1.05948400497,
        "min": -3.63026094437,
        "var": 1.28147947788
    },
    "erbbands_spread": {
        "dmean": 8.36544322968,
        "dmean2": 12.6199293137,
        "dvar": 160.646881104,
        "dvar2": 345.909484863,
        "max": 157.968704224,
        "mean": 26.5545597076,
        "median": 19.6986179352,
        "min": 2.44636821747,
        "var": 483.586395264
    },
    "hfc": {
        "dmean": 6.15351247787,
        "dmean2": 9.61890029907,
        "dvar": 220.908691406,
        "dvar2": 569.352539062,
        "max": 170.069335938,
        "mean": 14.4207086563,
        "median": 8.36464881897,
        "min": 0.00070261588553,
        "var": 322.431549072
    },
    "melbands_crest": {
        "dmean": 3.3296046257,
        "dmean2": 5.43527507782,
        "dvar": 10.3603019714,
        "dvar2": 26.4421367645,
        "max": 35.9682044983,
        "mean": 15.5741825104,
        "median": 14.5437583923,
        "min": 4.26912593842,
        "var": 35.2036437988
    },
    "melbands_flatness_db": {
        "dmean": 0.033393073827,
        "dmean2": 0.0487448349595,
        "dvar": 0.00145548675209,
        "dvar2": 0.00314301229082,
        "max": 0.597825944424,
        "mean": 0.311831563711,
        "median": 0.309728950262,
        "min": 0.0627193823457,
        "var": 0.00610209116712
    },
    "melbands_kurtosis": {
        "dmean": 16.3454437256,
        "dmean2": 25.4608917236,
        "dvar": 1609.41784668,
        "dvar2": 3655.61181641,
        "max": 703.575317383,
        "mean": 26.7916221619,
        "median": 8.08914661407,
        "min": -1.54468035698,
        "var": 3152.77001953
    },
    "melbands_skewness": {
        "dmean": 0.953867256641,
        "dmean2": 1.43217301369,
        "dvar": 1.62082517147,
        "dvar2": 3.39621114731,
        "max": 21.3946437836,
        "mean": 2.65250754356,
        "median": 1.94846725464,
        "min": -1.44899618626,
        "var": 6.72018289566
    },
    "melbands_spread": {
        "dmean": 3.63589429855,
        "dmean2": 5.54152202606,
        "dvar": 40.6175994873,
        "dvar2": 85.2612762451,
        "max": 104.855491638,
        "mean": 10.7884931564,
        "median": 8.27383327484,
        "min": 0.293414056301,
        "var": 97.0655288696
    },
    "pitch_salience": {
        "dmean": 0.0779992043972,
        "dmean2": 0.126174032688,
        "dvar": 0.00590092362836,
        "dvar2": 0.0152258686721,
        "max": 0.814498364925,
        "mean": 0.514395415783,
        "median": 0.522430419922,
        "min": 0.0908279716969,
        "var": 0.018015794456
    },
    "silence_rate_20dB": {
        "dmean": 0,
        "dmean2": 0,
        "dvar": 0,
        "dvar2": 0,
        "max": 1,
        "mean": 1,
        "median": 1,
        "min": 1,
        "var": 0
    },
    "silence_rate_30dB": {
        "dmean": 0.0426026321948,
        "dmean2": 0.0852382779121,
        "dvar": 0.0407883003354,
        "dvar2": 0.0826208740473,
        "max": 1,
        "mean": 0.931862175465,
        "median": 1,
        "min": 0,
        "var": 0.0634953901172
    },
    "silence_rate_60dB": {
        "dmean": 0.0154918665066,
        "dmean2": 0.0309957377613,
        "dvar": 0.0152520397678,
        "dvar2": 0.0362344495952,
        "max": 1,
        "mean": 0.0336817651987,
        "median": 0,
        "min": 0,
        "var": 0.0325474180281
    },
    "spectral_centroid": {
        "dmean": 152.568023682,
        "dmean2": 228.257293701,
        "dvar": 84939.9296875,
        "dvar2": 166528.3125,
        "max": 4095.95092773,
        "mean": 669.409912109,
        "median": 544.791320801,
        "min": 100.329421997,
        "var": 241539.046875
    },
    "spectral_complexity": {
        "dmean": 2.64058876038,
        "dmean2": 4.01317310333,
        "dvar": 20.7513790131,
        "dvar2": 39.3987007141,
        "max": 56,
        "mean": 11.0201320648,
        "median": 10,
        "min": 0,
        "var": 46.5362930298
    },
    "spectral_decrease": {
        "dmean": 4.86746332129e-09,
        "dmean2": 7.92956456053e-09,
        "dvar": 1.48233214224e-16,
        "dvar2": 3.79196321695e-16,
        "max": -2.89512608765e-13,
        "mean": -9.80087389024e-09,
        "median": -6.11463857325e-09,
        "min": -1.303415047e-07,
        "var": 1.80218197399e-16
    },
    "spectral_energy": {
        "dmean": 0.0188022013754,
        "dmean2": 0.0305864475667,
        "dvar": 0.00215533585288,
        "dvar2": 0.00550498673692,
        "max": 0.497177958488,
        "mean": 0.0382987819612,
        "median": 0.0240198262036,
        "min": 1.15641182674e-06,
        "var": 0.00264773098752
    },
    "spectral_energyband_high": {
        "dmean": 0.000239744753344,
        "dmean2": 0.000377577875042,
        "dvar": 7.45810723402e-07,
        "dvar2": 1.75084835519e-06,
        "max": 0.0162972137332,
        "mean": 0.000291161501082,
        "median": 3.48455796484e-05,
        "min": 2.33904007274e-09,
        "var": 1.07736639166e-06
    },
    "spectral_energyband_low": {
        "dmean": 0.0151306893677,
        "dmean2": 0.0252162832767,
        "dvar": 0.00213895458728,
        "dvar2": 0.00555157009512,
        "max": 0.481244683266,
        "mean": 0.0200936608016,
        "median": 0.00640682363883,
        "min": 1.07373537617e-07,
        "var": 0.00229909433983
    },
    "spectral_energyband_middle_high": {
        "dmean": 0.00226640864275,
        "dmean2": 0.0037002551835,
        "dvar": 5.23696398886e-05,
        "dvar2": 0.000142300370499,
        "max": 0.101230144501,
        "mean": 0.0044516553171,
        "median": 0.000903406587895,
        "min": 1.99282411018e-07,
        "var": 9.79399701464e-05
    },
    "spectral_energyband_middle_low": {
        "dmean": 0.00489857932553,
        "dmean2": 0.00778582971543,
        "dvar": 6.39169011265e-05,
        "dvar2": 0.000159632807481,
        "max": 0.0987045913935,
        "mean": 0.0143553847447,
        "median": 0.0103083709255,
        "min": 8.68217910011e-07,
        "var": 0.000179652764928
    },
    "spectral_entropy": {
        "dmean": 0.235512778163,
        "dmean2": 0.33501791954,
        "dvar": 0.0658715963364,
        "dvar2": 0.142146587372,
        "max": 8.4122467041,
        "mean": 6.73456764221,
        "median": 6.67619514465,
        "min": 5.09537935257,
        "var": 0.301514744759
    },
    "spectral_flux": {
        "dmean": 0.0369497090578,
        "dmean2": 0.0584304630756,
        "dvar": 0.00333432829939,
        "dvar2": 0.00694761844352,
        "max": 0.608674407005,
        "mean": 0.0907245799899,
        "median": 0.0655233934522,
        "min": 0.00107536592986,
        "var": 0.00722401682287
    },
    "spectral_kurtosis": {
        "dmean": 4.48166751862,
        "dmean2": 7.5015873909,
        "dvar": 26.0348300934,
        "dvar2": 70.0833969116,
        "max": 54.7057266235,
        "mean": 9.19894599915,
        "median": 6.95476913452,
        "min": -1.20028460026,
        "var": 64.1145629883
    },
    "spectral_rms": {
        "dmean": 0.00113490968943,
        "dmean2": 0.00175543525256,
        "dvar": 3.65694836546e-06,
        "dvar2": 8.62207070895e-06,
        "max": 0.0220238883048,
        "mean": 0.00537379924208,
        "median": 0.00484086526558,
        "min": 3.35887889378e-05,
        "var": 8.48700710776e-06
    },
    "spectral_rolloff": {
        "dmean": 211.862091064,
        "dmean2": 358.482055664,
        "dvar": 342836.0625,
        "dvar2": 783286.9375,
        "max": 8591.74804688,
        "mean": 665.319519043,
        "median": 473.73046875,
        "min": 64.599609375,
        "var": 598149.25
    },
    "spectral_skewness": {
        "dmean": 0.444158494473,
        "dmean2": 0.69734108448,
        "dvar": 0.178117111325,
        "dvar2": 0.424366623163,
        "max": 5.63817405701,
        "mean": 2.22882080078,
        "median": 2.15842700005,
        "min": -0.184212386608,
        "var": 0.799486517906
    },
    "spectral_spread": {
        "dmean": 558566.5,
        "dmean2": 815880.75,
        "dvar": 514288386048,
        "dvar2": 1.01857414349e+12,
        "max": 15904275,
        "mean": 3360632.75,
        "median": 3022656,
        "min": 1041703.6875,
        "var": 1.86335074714e+12
    },
    "spectral_strongpeak": {
        "dmean": 0.458047062159,
        "dmean2": 0.774938821793,
        "dvar": 0.51666778326,
        "dvar2": 1.23247146606,
        "max": 9.5808839798,
        "mean": 1.10970878601,
        "median": 0.509926259518,
        "min": 0,
        "var": 1.91807329655
    },
    "zerocrossingrate": {
        "dmean": 0.00577881420031,
        "dmean2": 0.00694415019825,
        "dvar": 7.49590908526e-05,
        "dvar2": 9.16892822715e-05,
        "max": 0.20556640625,
        "mean": 0.0273868497461,
        "median": 0.0234375,
        "min": 0.00244140625,
        "var": 0.000390759232687
    },
    "barkbands": {
        "dmean": [0.00128987024073, 0.0107382908463, 0.00504019251093, 0.00159964407794, 0.00131428800523, 0.00141955411527, 0.00145600934047, 0.00103127129842, 0.000649679393973, 0.000643136037979, 0.000575891055632, 0.000620965554845, 0.000379627512302, 0.000198469890165, 0.000130971500766, 0.000101520563476, 0.000106191604573, 3.57237840944e-05, 9.42077240325e-05, 5.56606610189e-05, 7.95287123765e-05, 6.02830186835e-05, 4.32176275353e-05, 4.15070535382e-05, 8.39434869704e-06, 8.81507844497e-09, 1.6779805323e-09],
        "dmean2": [0.00216456339695, 0.0180316437036, 0.00884249527007, 0.00288385036401, 0.00219601695426, 0.00225145346485, 0.00217271293513, 0.00150690320879, 0.000954376999289, 0.00103937869426, 0.00101099710446, 0.00100496434607, 0.00057626265334, 0.000322699168464, 0.000212356564589, 0.000161505362485, 0.000176392306457, 5.67114875594e-05, 0.000163340693689, 8.93531541806e-05, 0.000129758394905, 9.59814788075e-05, 6.97315190337e-05, 6.64463732392e-05, 1.32079194373e-05, 1.35732189932e-08, 3.12398773517e-09],
        "dvar": [1.56605965458e-05, 0.00113102479372, 0.000411339598941, 2.6513782359e-05, 3.92418269257e-06, 8.17273667053e-06, 1.22440478663e-05, 9.27821110963e-06, 3.31363207806e-06, 4.90807178721e-06, 5.75084277443e-06, 3.58607485396e-06, 1.11685517368e-06, 4.33226546193e-07, 2.25260421871e-07, 1.56169789989e-07, 1.66043136574e-07, 1.47475969214e-08, 2.01022956503e-07, 5.11883406773e-08, 1.14186285316e-07, 4.53153390367e-08, 2.33195223132e-08, 4.44157635116e-08, 2.13395234816e-09, 1.86464625987e-15, 1.45267589748e-17],
        "dvar2": [4.19821517426e-05, 0.00298928795382, 0.00115338747855, 7.66628945712e-05, 1.02762287497e-05, 1.82056955964e-05, 2.4582768674e-05, 1.7656628188e-05, 6.22496281721e-06, 1.1616334632e-05, 1.63102049555e-05, 9.21881928662e-06, 2.29710553867e-06, 1.05208005152e-06, 5.3346104778e-07, 3.15034327514e-07, 4.47656617553e-07, 3.56379459276e-08, 5.47379784166e-07, 1.26778758158e-07, 2.82716200672e-07, 1.04753873131e-07, 5.65086502036e-08, 1.19086863037e-07, 4.05396072267e-09, 3.68188450919e-15, 4.3454305589e-17],
        "max": [0.0578601658344, 0.352850556374, 0.280010402203, 0.0623710900545, 0.0317468717694, 0.0600657239556, 0.0944064334035, 0.0774754807353, 0.0465027056634, 0.060698799789, 0.0294375047088, 0.0251497328281, 0.0292525794357, 0.0109793646261, 0.00998005922884, 0.0138276414946, 0.00641263183206, 0.00196697423235, 0.00562614761293, 0.00323749543168, 0.00630487455055, 0.00454211095348, 0.00263867015019, 0.00702732428908, 0.00196247780696, 1.85730300473e-06, 8.34415772033e-08],
        "mean": [0.0014792556176, 0.013639068231, 0.00438038213179, 0.00159243214875, 0.00269031594507, 0.00298623926938, 0.00328022614121, 0.00200257473625, 0.00131172931287, 0.00141531357076, 0.000618175661657, 0.000946646905504, 0.00083040544996, 0.00025385254412, 0.000167720805621, 0.000135142559884, 0.000127184743178, 4.53006941825e-05, 7.7937329479e-05, 5.68986288272e-05, 9.29629532038e-05, 6.53807510389e-05, 4.7350924433e-05, 4.55482804682e-05, 1.07546738946e-05, 9.70525526611e-09, 1.31543409498e-09],
        "median": [8.51564618642e-05, 0.00381092680618, 0.000823602313176, 0.000655361800455, 0.00165414973162, 0.00147673976608, 0.00086642743554, 0.000372443726519, 0.000214838350075, 0.000122327852296, 7.9288292909e-05, 9.01450039237e-05, 6.44745305181e-05, 2.92553704639e-05, 2.33108730754e-05, 1.90935334103e-05, 1.93297473743e-05, 1.08573722173e-05, 9.93771573121e-06, 5.8804780565e-06, 1.04188602563e-05, 5.56633222004e-06, 5.06533888256e-06, 3.83042879548e-06, 6.27368251571e-07, 1.30736688142e-09, 3.76175174344e-10],
        "min": [1.33602695573e-09, 4.89547389293e-08, 3.92837691265e-08, 1.52898866901e-08, 5.56517107952e-08, 1.18491620071e-07, 1.00065257413e-07, 1.32083002313e-07, 9.87177841694e-08, 5.85666182218e-09, 1.62390243474e-08, 1.604936406e-09, 1.04127169109e-08, 1.07369735325e-09, 2.13511264224e-10, 1.15499521058e-09, 2.60104965344e-10, 6.555148091e-11, 2.49768372651e-10, 6.97577828834e-11, 1.17015841461e-09, 6.46961872963e-10, 1.99862348893e-10, 2.26520163737e-10, 5.02603375585e-11, 9.57085972975e-12, 1.1178694255e-11],
        "var": [2.02379087568e-05, 0.00118412321899, 0.000263842666754, 1.60708750627e-05, 1.3139382645e-05, 2.60546166828e-05, 5.42091365787e-05, 2.65903945547e-05, 1.11720655696e-05, 3.02136504615e-05, 4.12418285123e-06, 6.00415705776e-06, 5.96912059336e-06, 5.77902653731e-07, 4.32240000237e-07, 3.40672301036e-07, 1.38780606562e-07, 1.60336366406e-08, 1.35707381332e-07, 5.2406786466e-08, 1.58157618557e-07, 6.26486169608e-08, 3.02966185473e-08, 4.34529141558e-08, 4.80740292019e-09, 3.30273562134e-15, 1.10024434785e-17]
    },
    "erbbands": {
        "dmean": [0.328511178493, 2.5215344429, 6.08820152283, 5.30525302887, 4.32760572433, 4.84366893768, 7.51896476746, 13.4673728943, 18.6186389923, 23.6354751587, 18.5725097656, 14.6339187622, 18.5549659729, 17.210313797, 29.60779953, 19.9152507782, 16.7751960754, 10.9637594223, 6.57901144028, 7.26507377625, 4.69400072098, 5.6814994812, 2.44176363945, 4.25409030914, 3.76694869995, 2.56120657921, 3.2629172802, 2.74857497215, 2.31712126732, 1.66910970211, 1.19583034515, 0.903593182564, 0.633624792099, 0.188977628946, 0.00907012540847, 0.000431757129263, 3.42501043633e-05, 6.13967586105e-06, 9.51064339461e-06, 2.09722002182e-05],
        "dmean2": [0.551667809486, 4.27223730087, 10.6666622162, 9.49065876007, 7.54196548462, 7.99813461304, 11.9335737228, 21.2176322937, 27.8305702209, 35.5660095215, 27.0161037445, 20.9840488434, 28.2445602417, 28.6140727997, 51.4491348267, 31.7470912933, 25.1159210205, 17.3187274933, 10.5691013336, 11.741689682, 7.27634859085, 9.35763931274, 3.92787218094, 7.54874181747, 6.21093130112, 4.08853244781, 5.36501932144, 4.41159152985, 3.74753117561, 2.75832223892, 1.92826616764, 1.46798110008, 1.00252580643, 0.282501667738, 0.0142929814756, 0.000671466055792, 5.11232101417e-05, 9.39020537771e-06, 1.51548565555e-05, 3.39634316333e-05],
        "dvar": [0.938853621483, 70.4336929321, 582.493347168, 353.738769531, 100.145874023, 62.0514373779, 183.465194702, 878.608520508, 1719.55688477, 4041.18359375, 3117.92919922, 2064.40917969, 4662.77685547, 4058.64404297, 16748.8339844, 3188.19189453, 2057.20751953, 1377.29138184, 484.65927124, 769.169677734, 272.445922852, 471.578704834, 83.7743453979, 442.927093506, 283.835906982, 99.2080841064, 213.194229126, 117.354858398, 69.6616744995, 43.2200431824, 16.3317737579, 11.1830387115, 14.3389167786, 0.939137756824, 0.00220098905265, 4.58516342405e-06, 1.92372109353e-08, 5.12963949095e-10, 4.63327043398e-10, 2.54874010785e-09],
        "dvar2": [2.56224417686, 186.67137146, 1616.34899902, 1007.98217773, 283.312530518, 159.450515747, 422.673736572, 1959.79174805, 3454.0546875, 9027.37109375, 6357.33837891, 3912.72070312, 8832.55957031, 11051.1982422, 47942.6835938, 7729.16552734, 4046.33789062, 3361.12939453, 1179.43725586, 1894.70825195, 542.559753418, 1268.47607422, 212.93371582, 1245.81787109, 719.659606934, 242.797805786, 538.37310791, 280.299468994, 168.94758606, 102.04875946, 39.0268135071, 29.4499168396, 37.4715805054, 1.74554586411, 0.00455139484257, 9.38458470046e-06, 4.05177260632e-08, 1.14523746042e-09, 1.14912201976e-09, 6.48249853796e-09],
        "max": [10.564663887, 87.278427124, 320.679901123, 197.433624268, 137.299835205, 187.289337158, 291.398590088, 674.733459473, 1083.31433105, 1213.22827148, 1297.04174805, 1233.3314209, 2300.63305664, 1148.73327637, 1727.09020996, 967.62298584, 1645.3770752, 727.428894043, 360.617004395, 474.352325439, 540.087463379, 340.93572998, 133.235443115, 259.333251953, 242.104904175, 145.78263855, 320.600708008, 256.094299316, 163.084274292, 165.756256104, 67.1143112183, 87.9948348999, 130.210494995, 42.1271705627, 1.38258743286, 0.0640160292387, 0.00429240055382, 0.000628728768788, 0.000223122522584, 0.000539883272722],
        "mean": [0.429665803909, 2.88713121414, 5.57998991013, 5.17377328873, 5.72128295898, 9.23126316071, 16.5952968597, 28.4434623718, 42.9505615234, 51.0124664307, 38.4105796814, 29.7610816956, 45.2438049316, 29.1644229889, 32.7389297485, 35.8964157104, 38.614566803, 17.3334293365, 8.87568092346, 9.22338294983, 7.11316919327, 7.04520225525, 3.067029953, 3.64839172363, 3.40242362022, 2.72676753998, 3.60967636108, 3.28042721748, 2.4305460453, 1.82429778576, 1.31533253193, 0.980264663696, 0.736914277077, 0.242128118873, 0.0105368494987, 0.000526140036527, 5.04144591105e-05, 8.98080998013e-06, 1.98038906092e-05, 4.33324748883e-05],
        "median": [0.106764346361, 0.797105550766, 1.2955019474, 1.97718024254, 3.31809878349, 4.92795801163, 8.77719211578, 13.7445650101, 13.59304142, 12.4679231644, 10.8487205505, 5.62823534012, 4.49019145966, 4.00926923752, 4.11080265045, 4.30991888046, 3.61894321442, 2.16702747345, 1.38851058483, 1.25782179832, 1.2240973711, 1.16840720177, 0.75437015295, 0.660971820354, 0.422536015511, 0.281866401434, 0.374040573835, 0.37528321147, 0.213775709271, 0.150126665831, 0.14821818471, 0.0995620936155, 0.0550759918988, 0.0148259531707, 0.000464654498501, 4.64964759885e-05, 1.40485735756e-05, 2.77912090496e-06, 1.24963671624e-05, 2.75588263321e-05],
        "min": [1.0385205087e-06, 1.23965028251e-05, 4.18433446612e-05, 3.59637633665e-05, 0.000108414991701, 0.000157480986672, 0.000897857593372, 0.000832834281027, 0.00125079706777, 0.0012979649473, 0.00453672884032, 0.00244685378857, 0.000807116506621, 0.000409208587371, 0.000833066005725, 0.000300333427731, 0.000353561947122, 0.000103865924757, 3.50885857188e-05, 8.01217902335e-06, 7.28437298676e-05, 1.97321805899e-05, 2.85181954496e-06, 1.15728662422e-05, 9.30330679694e-06, 5.18286014994e-06, 3.96039613406e-05, 5.32399753865e-05, 1.80422903213e-05, 5.90827949054e-06, 5.42383395441e-06, 5.77164701099e-06, 2.4124567517e-06, 7.42705481116e-07, 1.02196558771e-07, 3.24145403852e-08, 1.79941341827e-08, 7.06729030853e-09, 1.99732119732e-09, 1.48419887491e-09],
        "var": [1.13399004936, 62.3922653198, 385.784790039, 218.229721069, 81.3774032593, 180.438049316, 789.387939453, 2595.44189453, 8541.88964844, 12932.0283203, 8339.35351562, 5676.62451172, 31775.0800781, 8234.05761719, 11199.5566406, 7700.09619141, 13001.6367188, 2399.80517578, 702.595703125, 1116.58618164, 638.124450684, 387.355072021, 77.2080230713, 275.347808838, 230.464050293, 113.59046936, 261.452636719, 168.90411377, 82.3835449219, 62.806728363, 21.0679798126, 11.6289300919, 15.7375736237, 2.25213670731, 0.00404226221144, 8.69614905241e-06, 3.78306559412e-08, 9.03148389408e-10, 6.32335850348e-10, 3.19591220155e-09]
    },
    "gfcc": {
        "mean": [-80.6620559692, 167.746047974, -115.326179504, 45.0705223083, -71.8815841675, 15.3124980927, -25.5410232544, -11.850110054, 3.96883916855, -15.2062692642, 13.9037733078, -17.0878601074, 6.89555215836],
        "cov": [[4803.58251953, -676.026123047, -1036.76757812, -392.121154785, -261.550842285, 425.267089844, -56.7505073547, 254.4921875, -98.5586547852, -29.0078010559, 20.7997169495, 109.350746155, -89.8319625854], [-676.026123047, 1008.96929932, -87.7910308838, -524.994262695, 259.890350342, -277.850891113, 183.180374146, -67.9009628296, 112.163841248, -66.4572601318, 70.7927322388, 8.96376991272, -26.5377578735], [-1036.76757812, -87.7910308838, 1138.3223877, 574.71887207, -37.6526031494, 100.971740723, -41.0809440613, -68.1742324829, 52.6694908142, 100.47718811, 66.774559021, 2.72463202477, 63.3988189697], [-392.121154785, -524.994262695, 574.71887207, 876.775085449, 66.4807815552, 103.19960022, -116.224876404, -32.5199928284, 36.752494812, 85.9172058105, -13.5790405273, -11.2972707748, 74.0974273682], [-261.550842285, 259.890350342, -37.6526031494, 66.4807815552, 464.941650391, -19.3004932404, 70.9624481201, 18.1344795227, 103.355201721, 4.16056156158, 15.5144281387, 7.93069791794, 16.3728485107], [425.267089844, -277.850891113, 100.971740723, 103.19960022, -19.3004932404, 336.866943359, 45.1577415466, 44.0458030701, -19.3740978241, 31.2367782593, 5.62828826904, 1.61137771606, 4.23457622528], [-56.7505073547, 183.180374146, -41.0809440613, -116.224876404, 70.9624481201, 45.1577415466, 312.831970215, 45.372592926, -6.39737462997, -8.17725658417, 18.7536411285, -1.38436985016, -7.76581954956], [254.4921875, -67.9009628296, -68.1742324829, -32.5199928284, 18.1344795227, 44.0458030701, 45.372592926, 149.409561157, 15.4847335815, -9.77082157135, -1.02445244789, 16.4326725006, 15.4969148636], [-98.5586547852, 112.163841248, 52.6694908142, 36.752494812, 103.355201721, -19.3740978241, -6.39737462997, 15.4847335815, 184.999237061, 52.5476875305, 4.55529212952, -4.19131040573, -3.7314426899], [-29.0078010559, -66.4572601318, 100.47718811, 85.9172058105, 4.16056156158, 31.2367782593, -8.17725658417, -9.77082157135, 52.5476875305, 128.268692017, 37.8116569519, -8.8067445755, -1.0359017849], [20.7997169495, 70.7927322388, 66.774559021, -13.5790405273, 15.5144281387, 5.62828826904, 18.7536411285, -1.02445244789, 4.55529212952, 37.8116569519, 111.009536743, 30.6534671783, -14.857872963], [109.350746155, 8.96376991272, 2.72463202477, -11.2972707748, 7.93069791794, 1.61137771606, -1.38436985016, 16.4326725006, -4.19131040573, -8.8067445755, 30.6534671783, 87.7573852539, 33.4978103638], [-89.8319625854, -26.5377578735, 63.3988189697, 74.0974273682, 16.3728485107, 4.23457622528, -7.76581954956, 15.4969148636, -3.7314426899, -1.0359017849, -14.857872963, 33.4978103638, 107.377883911]],
        "icov": [[0.000406831270084, 5.02134025737e-05, 0.000444669392891, -5.25120121893e-05, 0.000230174933677, -0.000552067998797, 0.000181260969839, -0.000369401619537, -7.31373074814e-05, -2.05330215977e-05, -0.000227507975069, -0.000514034414664, 0.000305690860841], [5.02134025737e-05, 0.00761591922492, -0.0023829806596, 0.00560436211526, -0.00373463402502, 0.00428645778447, -0.0028488591779, 0.00425726780668, -0.00405254540965, 0.00423631304875, -0.00399628980085, 0.00183141836897, -0.00218044663779], [0.000444669392891, -0.0023829806596, 0.00285187596455, -0.00286015099846, 0.00194129161537, -0.0022132541053, 0.000825210707262, -0.00108003534842, 0.000579229032155, -0.00120928196702, -0.000291317584924, -0.0007914241869, 0.000294804514851], [-5.25120121893e-05, 0.00560436211526, -0.00286015099846, 0.00628060754389, -0.00342831388116, 0.0029067734722, -0.00135822675657, 0.00311420159414, -0.00252453470603, 0.00216706958599, -0.0018896847032, 0.00167500542011, -0.00229454762302], [0.000230174933677, -0.00373463402502, 0.00194129161537, -0.00342831388116, 0.00486586662009, -0.0023535459768, 0.000680519500747, -0.00207507936284, 3.6114393879e-05, -0.00112419540528, 0.000804202514701, -0.0010296232067, 0.000611590105109], [-0.000552067998797, 0.00428645778447, -0.0022132541053, 0.0029067734722, -0.0023535459768, 0.00676323985681, -0.00243770028464, 0.0017264354974, -0.00139405054506, 0.00139039440546, -0.00149605551269, 0.00144584605005, -0.0011279778555], [0.000181260969839, -0.0028488591779, 0.000825210707262, -0.00135822675657, 0.000680519500747, -0.00243770028464, 0.00507131684572, -0.00280828564428, 0.00208801333793, -0.00163896929007, 0.0009487659554, -0.000302927481243, 0.000944563595112], [-0.000369401619537, 0.00425726780668, -0.00108003534842, 0.00311420159414, -0.00207507936284, 0.0017264354974, -0.00280828564428, 0.0108611900359, -0.00371657242067, 0.00344133446924, -0.00243746559136, 0.000677181291394, -0.0029349559918], [-7.31373074814e-05, -0.00405254540965, 0.000579229032155, -0.00252453470603, 3.6114393879e-05, -0.00139405054506, 0.00208801333793, -0.00371657242067, 0.0100143449381, -0.00606424920261, 0.00401960685849, -0.00153687212151, 0.00239934562705], [-2.05330215977e-05, 0.00423631304875, -0.00120928196702, 0.00216706958599, -0.00112419540528, 0.00139039440546, -0.00163896929007, 0.00344133446924, -0.00606424920261, 0.01425099466, -0.0073741520755, 0.00402357056737, -0.00259904307313], [-0.000227507975069, -0.00399628980085, -0.000291317584924, -0.0018896847032, 0.000804202514701, -0.00149605551269, 0.0009487659554, -0.00243746559136, 0.00401960685849, -0.0073741520755, 0.0164355784655, -0.00743482727557, 0.0053168986924], [-0.000514034414664, 0.00183141836897, -0.0007914241869, 0.00167500542011, -0.0010296232067, 0.00144584605005, -0.000302927481243, 0.000677181291394, -0.00153687212151, 0.00402357056737, -0.00743482727557, 0.0177211593837, -0.00725733302534], [0.000305690860841, -0.00218044663779, 0.000294804514851, -0.00229454762302, 0.000611590105109, -0.0011279778555, 0.000944563595112, -0.0029349559918, 0.00239934562705, -0.00259904307313, 0.0053168986924, -0.00725733302534, 0.0139402151108]]
    },
    "melbands": {
        "dmean": [0.0029135318473, 0.00321757374331, 0.000905446708202, 0.000289875402814, 0.000257026054896, 0.000296081561828, 0.000281148357317, 0.000260883098235, 0.000142564953421, 9.1948240879e-05, 9.57742813625e-05, 7.14801790309e-05, 9.19613739825e-05, 7.30895626475e-05, 4.93739717058e-05, 3.09408496832e-05, 2.03023064387e-05, 1.15098755487e-05, 9.25561653276e-06, 8.81179221324e-06, 5.17939997735e-06, 6.15004864812e-06, 4.17437922806e-06, 1.57818760727e-06, 3.81812697015e-06, 3.43903730027e-06, 2.15606314669e-06, 1.60877800681e-06, 1.90432149338e-06, 2.22542894335e-06, 1.37387610266e-06, 1.40091935918e-06, 1.12161296784e-06, 8.65130857619e-07, 7.31300531243e-07, 5.64516028589e-07, 5.70237887132e-07, 4.89791943892e-07, 3.18967948942e-07, 1.04923863375e-07],
        "dmean2": [0.00482042552903, 0.00557527272031, 0.00161507667508, 0.000487849116325, 0.00040933029959, 0.000466871046228, 0.000421448348789, 0.000391649082303, 0.000207354562008, 0.000133334382554, 0.00014649691002, 0.00011725207878, 0.000161168703926, 0.000120115750178, 7.61700284784e-05, 4.69362603326e-05, 3.28132082359e-05, 1.8719892978e-05, 1.46794709508e-05, 1.42662293001e-05, 8.07612013887e-06, 1.00273718999e-05, 7.01811404724e-06, 2.49103186434e-06, 6.89858097758e-06, 5.86983969697e-06, 3.46226011061e-06, 2.60130650531e-06, 3.17084345625e-06, 3.71269607058e-06, 2.17252454604e-06, 2.28695148508e-06, 1.7956949705e-06, 1.45526553297e-06, 1.17581407721e-06, 9.03845943867e-07, 9.33774856549e-07, 7.96128631464e-07, 4.78102720081e-07, 1.60377851444e-07],
        "dvar": [7.42954944144e-05, 0.000137849056046, 9.38155153563e-06, 2.32419424151e-07, 1.73044327312e-07, 3.79938455808e-07, 3.9996967871e-07, 4.69017891191e-07, 1.77582009542e-07, 9.01817287513e-08, 1.18013979034e-07, 6.57161294271e-08, 1.56632935955e-07, 6.36925250319e-08, 1.73503806877e-08, 1.02098809407e-08, 5.31783328483e-09, 1.50095602613e-09, 1.38268541061e-09, 1.31146760118e-09, 2.74791606136e-10, 4.61176430377e-10, 3.54732881958e-10, 3.16829860958e-11, 3.82881587546e-10, 2.51446780064e-10, 8.96003271578e-11, 3.89135459966e-11, 7.85411319315e-11, 9.58190471412e-11, 2.87760613948e-11, 2.55294969193e-11, 1.67971869053e-11, 1.31892916727e-11, 6.38164651331e-12, 3.53304473351e-12, 6.6362085098e-12, 1.19438270038e-11, 2.53468773748e-12, 3.2452667398e-13],
        "dvar2": [0.00019897990569, 0.000372316804715, 2.66080296569e-05, 6.26292944617e-07, 4.08045593758e-07, 8.44218675411e-07, 7.91120612575e-07, 1.00396800917e-06, 3.78439096949e-07, 1.70857148873e-07, 2.27156064625e-07, 1.75442565364e-07, 4.46588899194e-07, 1.7187812773e-07, 3.68995678457e-08, 2.12861657189e-08, 1.31461037611e-08, 3.64371088857e-09, 2.99647662239e-09, 2.82011147767e-09, 5.81117820531e-10, 1.2200984667e-09, 9.68476632224e-10, 7.9348423665e-11, 1.09275710702e-09, 6.67745858607e-10, 2.20968188192e-10, 9.60197962807e-11, 2.00259295258e-10, 2.41287240188e-10, 6.61728727369e-11, 6.29851309997e-11, 3.87388870982e-11, 3.20297226242e-11, 1.5311798704e-11, 8.49519239676e-12, 1.82403432636e-11, 3.31335861525e-11, 4.92633234553e-12, 5.93192053637e-13],
        "max": [0.0863852202892, 0.138788565993, 0.0330190956593, 0.00697530247271, 0.00795621611178, 0.0134112229571, 0.0166745502502, 0.0138781080022, 0.00997678004205, 0.00862979050726, 0.0111084617674, 0.00558816455305, 0.00518767535686, 0.00327228265814, 0.0035551013425, 0.00283432123251, 0.0012532400433, 0.00073456793325, 0.00112441275269, 0.00114056759048, 0.000429911102401, 0.000311572395731, 0.000321498489939, 0.000102891419374, 0.000243329297518, 0.000183022435522, 0.000145196143421, 8.59005813254e-05, 0.000199311398319, 0.000224338058615, 0.000157207585289, 9.32211187319e-05, 9.36206633924e-05, 9.11428287509e-05, 4.69265469292e-05, 4.37382004748e-05, 8.00624038675e-05, 0.000121021883388, 5.55476217414e-05, 2.51506116911e-05],
        "mean": [0.0038975123316, 0.00330810272135, 0.000937377393711, 0.000501492875628, 0.000573611701839, 0.000642332306597, 0.000655503128655, 0.000547872681636, 0.000288745330181, 0.000181450770469, 0.00023008613789, 0.000124625512399, 9.83834906947e-05, 0.000103076861706, 0.00010846186342, 6.49688226986e-05, 2.78519783024e-05, 1.41017353599e-05, 1.26486756926e-05, 1.12276866275e-05, 7.67487745179e-06, 7.73008650867e-06, 4.43594990429e-06, 1.95909956346e-06, 3.08894414047e-06, 2.84767679659e-06, 2.05955325328e-06, 1.69438851572e-06, 2.04576804208e-06, 2.47672232945e-06, 1.66774179888e-06, 1.4046082697e-06, 1.19565913792e-06, 9.20060642784e-07, 7.62318961733e-07, 6.6070901994e-07, 5.79882225793e-07, 5.37549055935e-07, 4.1831194153e-07, 1.24726312833e-07],
        "median": [0.0010295053944, 0.000896501238458, 0.000416926894104, 0.00031781027792, 0.000320241466397, 0.000313502183417, 0.00021270372963, 0.000124404861708, 7.18585579307e-05, 2.82006549241e-05, 2.04502375709e-05, 1.48920435095e-05, 1.2377213352e-05, 9.85594397207e-06, 8.74361285241e-06, 5.82907796343e-06, 3.05310231852e-06, 1.93582536667e-06, 1.75404647962e-06, 1.3398265537e-06, 1.19724052183e-06, 1.15214095331e-06, 7.82972733759e-07, 4.80753215015e-07, 4.63819731067e-07, 3.21971157291e-07, 2.16199424585e-07, 1.54747525016e-07, 2.15620374888e-07, 2.3853394282e-07, 1.90535345723e-07, 1.0507839221e-07, 9.83597132631e-08, 7.25799509382e-08, 7.85773579537e-08, 7.41626351441e-08, 4.66296228296e-08, 3.94405930138e-08, 2.64604320677e-08, 5.87423309995e-09],
        "min": [1.16355041158e-08, 2.07018029386e-08, 8.62822702175e-09, 8.07950506498e-09, 2.60864609913e-08, 1.89035276321e-08, 2.05160137767e-08, 1.35294317971e-08, 2.38008102116e-08, 1.32941080366e-08, 2.56418508648e-09, 1.20651522106e-09, 1.70998837312e-09, 1.37468481043e-10, 4.40746827923e-10, 5.93579074781e-10, 1.02010830338e-10, 6.06082128929e-11, 9.8226409645e-12, 1.02200626434e-11, 1.13445301764e-10, 2.38253097806e-11, 2.11436705817e-12, 2.9376128266e-12, 1.02299479651e-11, 1.06340439926e-11, 3.22894011875e-12, 1.52738607352e-12, 2.40181607242e-11, 2.65615602429e-11, 3.31322400071e-11, 1.46677305718e-11, 1.75930483289e-12, 3.91924643781e-12, 4.59605823452e-13, 1.54798222851e-12, 4.82939513033e-12, 2.23074250044e-12, 1.0036889939e-12, 3.72409053465e-13],
        "var": [8.85354966158e-05, 0.000102668644104, 5.86854230278e-06, 3.80310638093e-07, 8.58698342654e-07, 1.21250286611e-06, 1.89880427115e-06, 1.44924251799e-06, 4.49012276249e-07, 2.56966131928e-07, 8.43050713684e-07, 1.73405652504e-07, 1.05007124773e-07, 8.53917256904e-08, 8.69989875696e-08, 4.82571422822e-08, 7.45192618723e-09, 1.97808813773e-09, 3.56053875272e-09, 2.46297404694e-09, 6.07951078369e-10, 4.26010338117e-10, 2.52824455815e-10, 3.16919129828e-11, 2.27945787246e-10, 1.80035264474e-10, 8.15654765951e-11, 4.60882582098e-11, 8.37009350718e-11, 1.38877687128e-10, 4.26050930646e-11, 2.76659094939e-11, 2.42551256857e-11, 1.81507898989e-11, 7.72964071222e-12, 5.75476255191e-12, 5.66135636634e-12, 9.8004842089e-12, 6.17592695734e-12, 7.26280201344e-13]
    },
    "mfcc": {
        "mean": [-711.296020508, 166.824890137, 26.8436355591, 21.7843284607, -1.25644862652, 11.7454099655, -4.42966079712, 2.10137915611, -4.25300216675, 1.38303637505, -0.182325825095, 10.1815509796, -0.253953963518],
        "cov": [[5431.00830078, -666.130004883, -1032.08850098, -763.841796875, -285.2081604, -68.8146820068, 10.7275505066, 238.019226074, -15.2917127609, -129.421722412, 65.1324539185, 140.870986938, -47.4382286072], [-666.130004883, 1531.32519531, -489.389953613, -278.571929932, -141.562591553, -200.933120728, 6.68641281128, 41.9337921143, -23.3932380676, -50.9138679504, 55.7518157959, 82.5301818848, 6.49724340439], [-1032.08850098, -489.389953613, 1209.36071777, 340.009124756, 105.754257202, 203.483856201, 3.46889948845, -73.0876159668, -31.0122356415, 59.0994567871, -15.4243278503, -35.9011802673, 53.7575569153], [-763.841796875, -278.571929932, 340.009124756, 604.680786133, 237.695587158, 103.400878906, -28.2602481842, -55.3334121704, 22.015581131, 86.1963043213, -30.1925926208, -68.9447021484, 42.8190307617], [-285.2081604, -141.562591553, 105.754257202, 237.695587158, 421.862548828, 113.117027283, -59.5416755676, -9.51519489288, 28.039773941, 44.2333564758, 19.8998126984, -22.2526111603, 30.8332538605], [-68.8146820068, -200.933120728, 203.483856201, 103.400878906, 113.117027283, 260.343322754, 53.9168891907, 2.42551493645, 29.7542819977, 56.163433075, 23.159204483, 20.7479381561, 14.991736412], [10.7275505066, 6.68641281128, 3.46889948845, -28.2602481842, -59.5416755676, 53.9168891907, 253.812744141, 78.7908782959, 19.6364803314, 12.1831483841, -5.32286548615, 21.6413040161, -3.24298906326], [238.019226074, 41.9337921143, -73.0876159668, -55.3334121704, -9.51519489288, 2.42551493645, 78.7908782959, 168.838226318, 46.3531265259, -3.25193071365, 1.12961137295, 21.8240470886, -4.8346657753], [-15.2917127609, -23.3932380676, -31.0122356415, 22.015581131, 28.039773941, 29.7542819977, 19.6364803314, 46.3531265259, 149.412033081, 39.9580917358, -11.373380661, 0.16730158031, 8.96150779724], [-129.421722412, -50.9138679504, 59.0994567871, 86.1963043213, 44.2333564758, 56.163433075, 12.1831483841, -3.25193071365, 39.9580917358, 160.078445435, 25.6125030518, -21.9460639954, 13.5443134308], [65.1324539185, 55.7518157959, -15.4243278503, -30.1925926208, 19.8998126984, 23.159204483, -5.32286548615, 1.12961137295, -11.373380661, 25.6125030518, 120.916137695, 53.8903884888, 9.80401420593], [140.870986938, 82.5301818848, -35.9011802673, -68.9447021484, -22.2526111603, 20.7479381561, 21.6413040161, 21.8240470886, 0.16730158031, -21.9460639954, 53.8903884888, 134.485412598, 16.8236446381], [-47.4382286072, 6.49724340439, 53.7575569153, 42.8190307617, 30.8332538605, 14.991736412, -3.24298906326, -4.8346657753, 8.96150779724, 13.5443134308, 9.80401420593, 16.8236446381, 104.219329834]],
