{
"lowlevel": {
    "average_loudness": 0.953270733356,
    "barkbands_crest": {
        "dmean": 2.25928640366,
        "dmean2": 3.55536055565,
        "dvar": 5.5121011734,
        "dvar2": 13.9792909622,
        "max": 24.1995544434,
        "mean": 9.9944229126,
        "median": 9.10211849213,
        "min": 2.74133038521,
        "var": 16.5661849976
    },
    "barkbands_flatness_db": {
        "dmean": 0.0211074296385,
        "dmean2": 0.0308969989419,
        "dvar": 0.000387494190363,
        "dvar2": 0.000829567783512,
        "max": 0.425813943148,
        "mean": 0.199278324842,
        "median": 0.191852018237,
        "min": 0.0715319365263,
        "var": 0.00333986454643
    },
    "barkbands_kurtosis": {
        "dmean": 1.77600491047,
        "dmean2": 2.81906580925,
        "dvar": 10.9473152161,
        "dvar2": 26.3824501038,
        "max": 71.0525817871,
        "mean": 2.53499603271,
        "median": 1.0335521698,
        "min": -1.70765650272,
        "var": 25.2102222443
    },
    "barkbands_skewness": {
        "dmean": 0.391257762909,
        "dmean2": 0.606546401978,
        "dvar": 0.199216783047,
        "dvar2": 0.462730199099,
        "max": 5.78476953506,
        "mean": 1.37713456154,
        "median": 1.30038177967,
        "min": -1.17351424694,
        "var": 0.815081775188
    },
    "barkbands_spread": {
        "dmean": 3.9766907692,
        "dmean2": 5.83604478836,
        "dvar": 19.5113773346,
        "dvar2": 37.8057746887,
        "max": 78.8300170898,
        "mean": 17.8220844269,
        "median": 16.619436264,
        "min": 1.10941970348,
        "var": 87.73878479
    },
    "dissonance": {
        "dmean": 0.0221058074385,
        "dmean2": 0.0370780341327,
        "dvar": 0.000442145508714,
        "dvar2": 0.00123388704378,
        "max": 0.499979019165,
        "mean": 0.448501974344,
        "median": 0.457245141268,
        "min": 0.250627964735,
        "var": 0.00132824399043
    },
    "dynamic_complexity": 3.06832313538,
    "erbbands_crest": {
        "dmean": 2.2996327877,
        "dmean2": 3.66124296188,
        "dvar": 4.7310552597,
        "dvar2": 11.585562706,
        "max": 28.3615646362,
        "mean": 8.71466636658,
        "median": 7.73770999908,
        "min": 2.49718999863,
        "var": 14.6698637009
    },
    "erbbands_flatness_db": {
        "dmean": 0.0170800052583,
        "dmean2": 0.0223171189427,
        "dvar": 0.000293591001537,
        "dvar2": 0.000485082418891,
        "max": 0.387096583843,
        "mean": 0.217815190554,
        "median": 0.217425122857,
        "min": 0.112115934491,
        "var": 0.00247966661118
    },
    "erbbands_kurtosis": {
        "dmean": 0.559815466404,
        "dmean2": 0.886609971523,
        "dvar": 0.942325890064,
        "dvar2": 2.42329001427,
        "max": 22.8361530304,
        "mean": -0.153495013714,
        "median": -0.482711315155,
        "min": -1.64287447929,
        "var": 1.70826566219
    },
    "erbbands_skewness": {
        "dmean": 0.297353327274,
        "dmean2": 0.46007412672,
        "dvar": 0.099198192358,
        "dvar2": 0.237789392471,
        "max": 3.94055342674,
        "mean": 0.0742234438658,
        "median": 0.0501063093543,
        "min": -1.78196835518,
        "var": 0.27800604701
    },
    "erbbands_spread": {
        "dmean": 5.57885026932,
        "dmean2": 8.35104656219,
        "dvar": 34.2522468567,
        "dvar2": 73.3519363403,
        "max": 91.6327896118,
        "mean": 31.8973636627,
        "median": 30.1229190826,
        "min": 3.60546088219,
        "var": 150.079315186
    },
    "hfc": {
        "dmean": 5.31421852112,
        "dmean2": 7.7443780899,
        "dvar": 59.5745124817,
        "dvar2": 130.4740448,
        "max": 122.831008911,
        "mean": 21.5785675049,
        "median": 19.675786972,
        "min": 0.000184951568372,
        "var": 211.546524048
    },
    "melbands_crest": {
        "dmean": 2.67689490318,
        "dmean2": 4.22747039795,
        "dvar": 7.03522348404,
        "dvar2": 17.3926544189,
        "max": 29.0285053253,
        "mean": 13.8910865784,
        "median": 13.1907234192,
        "min": 3.33466792107,
        "var": 22.7294559479
    },
    "melbands_flatness_db": {
        "dmean": 0.0247682761401,
        "dmean2": 0.0336006321013,
        "dvar": 0.000626209774055,
        "dvar2": 0.00115528679453,
        "max": 0.523720264435,
        "mean": 0.238021329045,
        "median": 0.227684274316,
        "min": 0.0379866436124,
        "var": 0.00637039216235
    },
    "melbands_kurtosis": {
        "dmean": 3.89404606819,
        "dmean2": 6.17052030563,
        "dvar": 42.1940040588,
        "dvar2": 101.382972717,
        "max": 103.057487488,
        "mean": 8.38843345642,
        "median": 5.74527835846,
        "min": -1.40480113029,
        "var": 91.9739379883
    },
    "melbands_skewness": {
        "dmean": 0.506990134716,
        "dmean2": 0.785848021507,
        "dvar": 0.351095110178,
        "dvar2": 0.826005876064,
        "max": 7.74621772766,
        "mean": 2.30112671852,
        "median": 2.20064544678,
        "min": -0.979697585106,
        "var": 1.29311323166
    },
    "melbands_spread": {
        "dmean": 4.82358360291,
        "dmean2": 7.3088054657,
        "dvar": 33.954498291,
        "dvar2": 72.6420822144,
        "max": 110.636680603,
        "mean": 19.6194801331,
        "median": 17.9606952667,
        "min": 1.00050032139,
        "var": 128.875823975
    },
    "pitch_salience": {
        "dmean": 0.0590251386166,
        "dmean2": 0.0951287150383,
        "dvar": 0.00311704422347,
        "dvar2": 0.00773415248841,
        "max": 0.83880418539,
        "mean": 0.519637405872,
        "median": 0.523343622684,
        "min": 0.192383676767,
        "var": 0.00944184698164
    },
    "silence_rate_20dB": {
        "dmean": 0,
        "dmean2": 0,
        "dvar": 0,
        "dvar2": 0,
        "max": 1,
        "mean": 1,
        "median": 1,
        "min": 1,
        "var": 0
    },
    "silence_rate_30dB": {
        "dmean": 0.0309837330133,
        "dmean2": 0.0619914755225,
        "dvar": 0.0300240311772,
        "dvar2": 0.0759717226028,
        "max": 1,
        "mean": 0.976771175861,
        "median": 1,
        "min": 0,
        "var": 0.0226889103651
    },
    "silence_rate_60dB": {
        "dmean": 0.0139426803216,
        "dmean2": 0.0278961639851,
        "dvar": 0.0137483524159,
        "dvar2": 0.0309924222529,
        "max": 1,
        "mean": 0.0832365453243,
        "median": 0,
        "min": 0,
        "var": 0.0763076543808
    },
    "spectral_centroid": {
        "dmean": 179.931274414,
        "dmean2": 261.421051025,
        "dvar": 44370.890625,
        "dvar2": 84548.25,
        "max": 3504.81689453,
        "mean": 1025.81359863,
        "median": 963.786315918,
        "min": 217.981033325,
        "var": 207846.78125
    },
    "spectral_complexity": {
        "dmean": 3.02401232719,
        "dmean2": 4.62417650223,
        "dvar": 10.5005455017,
        "dvar2": 19.720746994,
        "max": 51,
        "mean": 20.5234222412,
        "median": 21,
        "min": 0,
        "var": 72.3218612671
    },
    "spectral_decrease": {
        "dmean": 2.82750467484e-09,
        "dmean2": 4.51365034237e-09,
        "dvar": 2.58535002668e-17,
        "dvar2": 6.35359281387e-17,
        "max": -8.37901322219e-14,
        "mean": -9.43177269619e-09,
        "median": -8.64392113442e-09,
        "min": -4.84329163442e-08,
        "var": 4.60488601507e-17
    },
    "spectral_energy": {
        "dmean": 0.0110161770135,
        "dmean2": 0.017543181777,
        "dvar": 0.000384280196158,
        "dvar2": 0.000943234132137,
        "max": 0.18882162869,
        "mean": 0.0375549681485,
        "median": 0.0344903767109,
        "min": 3.33018675747e-07,
        "var": 0.000697800249327
    },
    "spectral_energyband_high": {
        "dmean": 0.000252897181781,
        "dmean2": 0.000342767918482,
        "dvar": 2.87380316877e-07,
        "dvar2": 5.3845013781e-07,
        "max": 0.011471144855,
        "mean": 0.000480150891235,
        "median": 0.000150328341988,
        "min": 4.25225143985e-09,
        "var": 8.12594294075e-07
    },
    "spectral_energyband_low": {
        "dmean": 0.00652673188597,
        "dmean2": 0.0103525072336,
        "dvar": 0.00023233066895,
        "dvar2": 0.000575617945287,
        "max": 0.171989917755,
        "mean": 0.0149251939729,
        "median": 0.0106850666925,
        "min": 1.54053054757e-07,
        "var": 0.000338063488016
    },
    "spectral_energyband_middle_high": {
        "dmean": 0.00199101865292,
        "dmean2": 0.00297273998149,
        "dvar": 9.88776355371e-06,
        "dvar2": 2.13814455492e-05,
        "max": 0.0766150206327,
        "mean": 0.00745220901445,
        "median": 0.00620842212811,
        "min": 6.26866807352e-08,
        "var": 4.31491789641e-05
    },
    "spectral_energyband_middle_low": {
        "dmean": 0.0061858179979,
        "dmean2": 0.0100299706683,
        "dvar": 0.000169676917722,
        "dvar2": 0.00043444923358,
        "max": 0.158383220434,
        "mean": 0.0169682260603,
        "median": 0.0143392216414,
        "min": 8.92986662393e-08,
        "var": 0.000229892917559
    },
    "spectral_entropy": {
        "dmean": 0.171197637916,
        "dmean2": 0.22414188087,
        "dvar": 0.0305994357914,
        "dvar2": 0.0563668608665,
        "max": 8.35047626495,
        "mean": 7.1655831337,
        "median": 7.21937704086,
        "min": 5.47896957397,
        "var": 0.261680543423
    },
    "spectral_flux": {
        "dmean": 0.0253885295242,
        "dmean2": 0.0396200604737,
        "dvar": 0.00138840312138,
        "dvar2": 0.00312788179144,
        "max": 0.367427796125,
        "mean": 0.0827043652534,
        "median": 0.0730480924249,
        "min": 0.000577077677008,
        "var": 0.00296051194891
    },
    "spectral_kurtosis": {
        "dmean": 4.56223392487,
        "dmean2": 7.68827629089,
        "dvar": 36.6664352417,
        "dvar2": 108.062164307,
        "max": 84.2844924927,
        "mean": 8.32887554169,
        "median": 5.10590171814,
        "min": -0.949916601181,
        "var": 95.4542160034
    },
    "spectral_rms": {
        "dmean": 0.000769610167481,
        "dmean2": 0.00119007797912,
        "dvar": 1.22473318243e-06,
        "dvar2": 2.83245617538e-06,
        "max": 0.0135726276785,
        "mean": 0.00562172010541,
        "median": 0.0058007882908,
        "min": 1.80248789547e-05,
        "var": 5.03517139805e-06
    },
    "spectral_rolloff": {
        "dmean": 317.153045654,
        "dmean2": 507.896270752,
        "dvar": 221768.421875,
        "dvar2": 444220.59375,
        "max": 7988.81835938,
        "mean": 1158.66809082,
        "median": 1012.06054688,
        "min": 86.1328125,
        "var": 735573.625
    },
    "spectral_skewness": {
        "dmean": 0.416001588106,
        "dmean2": 0.675781190395,
        "dvar": 0.216808483005,
        "dvar2": 0.594862937927,
        "max": 7.36843919754,
        "mean": 1.79231524467,
        "median": 1.54675853252,
        "min": 0.335253953934,
        "var": 0.747916042805
    },
    "spectral_spread": {
        "dmean": 451490.5,
        "dmean2": 585867.3125,
        "dvar": 406221127680,
        "dvar2": 547205480448,
        "max": 25263506,
        "mean": 3037586.5,
        "median": 2697797.75,
        "min": 920691.8125,
        "var": 1.59679591219e+12
    },
    "spectral_strongpeak": {
        "dmean": 0.450019448996,
        "dmean2": 0.771483540535,
        "dvar": 0.694750785828,
        "dvar2": 1.79100942612,
        "max": 10.44784832,
        "mean": 0.936419963837,
        "median": 0.520872950554,
        "min": 0.000316071906127,
        "var": 1.31242132187
    },
    "zerocrossingrate": {
        "dmean": 0.00710522988811,
        "dmean2": 0.00780587876216,
        "dvar": 6.09342423559e-05,
        "dvar2": 6.34774769424e-05,
        "max": 0.22119140625,
        "mean": 0.0432264059782,
        "median": 0.03955078125,
        "min": 0.00390625,
        "var": 0.000541829853319
    },
    "barkbands": {
        "dmean": [4.99313500768e-05, 0.00402629934251, 0.00275777862407, 0.00128655775916, 0.00313986116089, 0.0024589241948, 0.000704858568497, 0.000579532701522, 0.000784685311373, 0.000920010963455, 0.000474165950436, 0.000532870471943, 0.000342173472745, 0.000490139878821, 0.000544875394553, 0.000261115259491, 0.000245124014327, 0.000190668477444, 0.0001000682023, 9.64591963566e-05, 6.66275373078e-05, 6.37291595922e-05, 4.44183169748e-05, 6.64508261252e-05, 1.70621242432e-05, 1.2235800817e-08, 1.54994228563e-09],
        "dmean2": [8.30990466056e-05, 0.00613383809105, 0.00480419863015, 0.00223474041559, 0.00501971505582, 0.00390869146213, 0.00108375540003, 0.000914623902645, 0.00122984708287, 0.00143161299638, 0.000732405635063, 0.000802461407147, 0.000539876346011, 0.000788833596744, 0.000861836131662, 0.000422022189014, 0.000381260877475, 0.00028539536288, 0.000157971415319, 0.000146395454067, 9.63012644206e-05, 9.11065217224e-05, 6.24589156359e-05, 9.34011331992e-05, 2.49076947512e-05, 1.87369675331e-08, 2.83822876312e-09],
        "dvar": [1.66673910229e-08, 0.000123683625134, 3.98700467485e-05, 5.78315348321e-06, 0.000125195481814, 1.98514953809e-05, 1.85407134268e-06, 1.08069536964e-06, 2.91525407192e-06, 3.51253174813e-06, 2.69848987955e-06, 1.62209073551e-06, 3.57005944807e-07, 9.91856836663e-07, 8.33135288758e-07, 1.57021716518e-07, 2.23949214728e-07, 2.04548598504e-07, 5.36175512877e-08, 8.46976391244e-08, 1.70755161122e-08, 1.84979160878e-08, 1.61466129356e-08, 3.68460923994e-08, 1.87389370687e-09, 1.02977744689e-15, 8.27561198353e-18],
        "dvar2": [4.49499850674e-08, 0.000293687888188, 0.000115476381325, 1.66256431839e-05, 0.000323771208059, 5.15020437888e-05, 4.20169635618e-06, 2.49485924542e-06, 6.86256726112e-06, 8.48159652378e-06, 5.93546974414e-06, 2.88847672891e-06, 7.38921016818e-07, 2.25203802984e-06, 1.9087367491e-06, 4.14378689584e-07, 4.82555208237e-07, 4.21600276468e-07, 1.33680146064e-07, 1.73054687025e-07, 3.55240317162e-08, 3.84268190601e-08, 3.09422993894e-08, 7.81184894549e-08, 3.88794152428e-09, 2.17979757339e-15, 2.31071216668e-17],
        "max": [0.00183042185381, 0.11597211659, 0.0685829520226, 0.0324516259134, 0.136319935322, 0.0524908341467, 0.0283974800259, 0.0231031700969, 0.0329232029617, 0.0381089448929, 0.0460708364844, 0.0378036573529, 0.0142517639324, 0.0242107063532, 0.0166829209775, 0.00626116944477, 0.011274443008, 0.0090406993404, 0.00426651723683, 0.00839473400265, 0.00202961731702, 0.00249739852734, 0.00391537416726, 0.00405901065096, 0.000796825974248, 5.54987366286e-07, 5.10157498468e-08],
        "mean": [5.50490949536e-05, 0.00759358843789, 0.00558610353619, 0.0023956024088, 0.00491755269468, 0.0047715860419, 0.00134025060106, 0.00111254572403, 0.00150635687169, 0.00162813125644, 0.000896542915143, 0.00108070520218, 0.000710704654921, 0.00082137202844, 0.00097292260034, 0.00046854102402, 0.000542690570001, 0.000383198988857, 0.000193540821783, 0.000169543069205, 0.000116096358397, 0.000103198392026, 6.99748925399e-05, 9.7089803603e-05, 2.20780566451e-05, 1.55101371746e-08, 1.23682220021e-09],
        "median": [8.00678662927e-06, 0.00428291223943, 0.00250164698809, 0.00102073675953, 0.00244053313509, 0.00276069482788, 0.00060368044069, 0.000616671401076, 0.000691976805683, 0.000688122701831, 0.000360013975296, 0.000496506690979, 0.000472808402264, 0.000447790662292, 0.000603292777669, 0.000308690301608, 0.000259899243247, 0.00014501537953, 0.000119311800518, 8.61120570335e-05, 4.76884233649e-05, 2.36035230046e-05, 9.13313215278e-06, 9.4263414212e-06, 1.68083624885e-06, 2.54354248774e-09, 4.23762830382e-10],
        "min": [5.07065778255e-11, 2.42903599457e-08, 1.95087341837e-08, 3.81317377673e-09, 3.3620725759e-08, 2.29181651434e-08, 1.0481613355e-09, 2.11259942873e-09, 9.45511668959e-09, 1.26950698842e-08, 2.52035703419e-09, 1.98596739054e-09, 8.02386379561e-10, 1.50339773963e-09, 3.10729952879e-09, 1.62781166324e-09, 9.50774126096e-10, 1.65026126098e-09, 1.92688620615e-09, 1.21948096066e-09, 1.30889032945e-09, 3.8047442974e-10, 3.06503988856e-10, 1.16060688837e-10, 2.32008370848e-11, 5.07903224686e-12, 8.1114845743e-12],
        "var": [2.02327772314e-08, 0.000156969748787, 6.13446391071e-05, 1.18659800137e-05, 0.000114699447295, 3.75712224923e-05, 5.99919258093e-06, 2.24308905672e-06, 6.21093522568e-06, 7.85342581366e-06, 6.48220930088e-06, 6.61880039843e-06, 1.00413978998e-06, 1.91089861801e-06, 1.5195441847e-06, 3.06038316467e-07, 1.13866838092e-06, 6.64368883463e-07, 7.97788999307e-08, 1.49135445326e-07, 3.62769476681e-08, 4.47673755843e-08, 3.98873432061e-08, 8.62737223883e-08, 3.58242036036e-09, 1.80758228548e-15, 6.10623983724e-18]
    },
    "erbbands": {
        "dmean": [0.100540883839, 0.978242099285, 2.71107411385, 4.4926109314, 5.88041257858, 12.6648292542, 13.0308141708, 22.6267757416, 15.1098136902, 8.22505378723, 13.4467878342, 17.0619544983, 30.2809562683, 15.882273674, 20.0068416595, 21.296962738, 14.5722475052, 22.7375545502, 27.381155014, 15.9227056503, 13.9204320908, 12.7892913818, 11.0981769562, 6.02474308014, 4.67445087433, 4.47458124161, 2.69214916229, 2.84092950821, 2.20262908936, 1.79581809044, 1.37550055981, 1.3130685091, 1.11916553974, 0.360039234161, 0.0165458209813, 0.000774140295107, 5.4100091802e-05, 8.76593185239e-06, 6.46992157272e-06, 1.25451852e-05],
        "dmean2": [0.147877156734, 1.51878488064, 4.67245197296, 7.83211755753, 9.41606044769, 20.5161514282, 20.6074409485, 35.9906349182, 23.9171886444, 12.9342794418, 20.9541339874, 26.7511959076, 46.8738746643, 24.7680625916, 30.8932304382, 31.5448474884, 22.3442001343, 36.5708465576, 42.6779594421, 24.8855743408, 22.3898715973, 19.2129135132, 16.4046630859, 9.56146621704, 7.13369417191, 6.8563709259, 4.03524971008, 4.11293315887, 3.16863465309, 2.60080456734, 1.92693626881, 1.83319115639, 1.59266281128, 0.51429361105, 0.0249317325652, 0.00114988069981, 7.68818936194e-05, 1.22657947941e-05, 9.76757200988e-06, 1.97574427148e-05],
        "dvar": [0.0787218362093, 7.29587268829, 42.206161499, 80.6203460693, 348.242889404, 2478.36376953, 603.227905273, 1992.89587402, 926.258300781, 213.526412964, 868.349365234, 1891.75195312, 3482.18017578, 2027.30151367, 4699.73388672, 2269.34008789, 507.188568115, 2044.2722168, 2828.09082031, 873.912780762, 476.085968018, 567.260803223, 669.706787109, 220.284179688, 177.641036987, 218.557800293, 41.2974777222, 30.5959224701, 28.0906448364, 14.2748003006, 16.3371391296, 13.4365110397, 12.1482648849, 0.802909851074, 0.00325033487752, 5.9346875787e-06, 1.76898709014e-08, 3.79347470103e-10, 1.00602810804e-10, 4.69314420659e-10],
        "dvar2": [0.173839494586, 17.9266052246, 121.359611511, 235.343780518, 894.213867188, 6470.60986328, 1488.70996094, 5192.40820312, 2315.12866211, 530.968505859, 1992.73852539, 4402.55517578, 8106.30664062, 4291.28564453, 10169.0595703, 4010.25219727, 1003.03533936, 4770.56787109, 6084.86035156, 1927.34265137, 1241.92919922, 1122.0546875, 1308.94165039, 608.607421875, 361.260070801, 476.033996582, 94.8199920654, 61.2623214722, 60.1291542053, 30.1928024292, 33.1914710999, 26.881280899, 26.761341095, 1.58547139168, 0.00718913972378, 1.28429246615e-05, 3.53344944415e-08, 7.297845106e-10, 2.3250702752e-10, 1.14777642946e-09],
        "max": [3.89314007759, 29.1496696472, 81.0022735596, 111.694953918, 293.103271484, 619.505859375, 326.250030518, 622.031677246, 498.808898926, 269.515228271, 617.761169434, 921.068786621, 1615.25012207, 1265.00500488, 1969.84802246, 1369.31152344, 519.225158691, 839.184326172, 1254.34912109, 629.068786621, 423.297576904, 712.684936523, 601.860900879, 368.196166992, 375.052520752, 374.926483154, 122.320388794, 78.3414077759, 89.0223999023, 102.694572449, 130.430847168, 88.2559432983, 76.3164749146, 15.8890161514, 1.65864706039, 0.0644624754786, 0.00289841508493, 0.000367688102415, 0.000105024351797, 0.00021259264031],
        "mean": [0.168330937624, 1.9280205965, 5.82935571671, 8.7123041153, 10.025177002, 17.5644931793, 25.6877937317, 42.7780456543, 29.344329834, 16.2088165283, 26.5626659393, 34.3342056274, 57.2089500427, 31.3428153992, 41.4195289612, 45.1118888855, 34.6683769226, 41.4226799011, 52.5267028809, 33.0964431763, 27.827299118, 30.8342552185, 24.5726165771, 12.3207674026, 8.81324005127, 7.85627841949, 4.94284915924, 4.65181350708, 3.59960889816, 2.76843380928, 2.10614156723, 1.96188735962, 1.59429788589, 0.490677148104, 0.0195000134408, 0.000964131322689, 8.6961685156e-05, 1.60023464559e-05, 2.18966688408e-05, 4.4061223889e-05],
        "median": [0.0396862886846, 1.15684902668, 2.9588162899, 5.06988573074, 5.11496543884, 7.99487781525, 13.3839063644, 22.9301261902, 13.4960041046, 9.3458814621, 14.9660902023, 16.0764045715, 25.8461856842, 16.5798416138, 17.5316524506, 23.0040302277, 24.7487506866, 25.1512565613, 31.6334838867, 24.0618686676, 18.3206748962, 15.1275997162, 9.55921649933, 7.00524711609, 5.44377088547, 4.05720949173, 2.46758532524, 1.36917424202, 0.872770011425, 0.480424195528, 0.258321553469, 0.164913117886, 0.152474373579, 0.0424068979919, 0.00125648721587, 9.69649408944e-05, 2.62968460447e-05, 6.17901059741e-06, 2.02187093237e-05, 4.1205821617e-05],
        "min": [1.1612041817e-06, 8.61474563862e-06, 2.48892392847e-05, 1.79191756615e-05, 7.9222896602e-05, 0.00011037439981, 7.19391100574e-05, 0.000268309697276, 5.36122461199e-05, 3.50465998054e-05, 0.000137509035994, 0.00018148359959, 0.00026443292154, 0.000260594591964, 9.12990653887e-05, 7.00172167853e-05, 3.81104291591e-05, 0.00013651579502, 0.000164850032888, 0.00018428475596, 0.000177624518983, 6.37455814285e-05, 6.2585932028e-05, 0.000117264971777, 9.14939664654e-05, 5.93238473812e-05, 4.65644479846e-05, 3.69609188056e-05, 1.410549703e-05, 1.32603745442e-05, 1.02210760815e-05, 1.43592535551e-06, 4.66424853585e-06, 1.37374092901e-06, 7.13923000717e-08, 1.71805289995e-08, 9.33118293744e-09, 6.11075234858e-09, 1.3619170236e-09, 4.79668138542e-10],
        "var": [0.109178781509, 8.90450668335, 65.6867828369, 121.769515991, 366.28036499, 2072.08666992, 1410.97827148, 3633.63598633, 2509.59716797, 465.11517334, 1627.07531738, 3823.27148438, 8062.00097656, 4073.67822266, 11337.6533203, 8571.54199219, 1861.97924805, 3877.51806641, 5719.04541016, 1584.96142578, 1214.1315918, 3508.02441406, 2577.84692383, 286.895263672, 307.837860107, 342.654022217, 72.4905319214, 66.6813278198, 60.7135238647, 39.7171630859, 35.4637413025, 33.8377914429, 25.0060920715, 1.73502504826, 0.00439910963178, 8.87029182195e-06, 3.80504161512e-08, 9.78942038543e-10, 2.29698052245e-10, 8.86331119609e-10]
    },
    "gfcc": {
        "mean": [-37.8257522583, 162.148361206, -156.434692383, 39.6592597961, -56.7479476929, 9.83547210693, -33.2051963806, -11.2121114731, -4.94105100632, -22.0119361877, 5.26716566086, -20.1211357117, 8.39947986603],
        "cov": [[11736.9414062, -2113.17358398, -491.717163086, 1753.24499512, -845.321716309, 1048.54138184, -268.070892334, 368.561920166, 103.217285156, 279.736602783, 81.3551025391, -294.630096436, -98.3002548218], [-2113.17358398, 1380.97692871, 99.2568206787, -444.769805908, 687.00793457, -398.8515625, 348.440612793, -144.956542969, 131.772766113, -74.9874801636, 85.1826477051, 32.40858078, 5.95134925842], [-491.717163086, 99.2568206787, 702.557312012, 221.578567505, 31.4071998596, 307.100128174, 60.5841712952, 74.3105239868, 41.207824707, 20.3106708527, 70.0587692261, -3.35688734055, -15.814447403], [1753.24499512, -444.769805908, 221.578567505, 644.237976074, -130.390472412, 342.166900635, 20.6128692627, 106.871154785, 56.7335624695, 68.2183456421, 30.6726398468, -57.0099983215, -32.8087768555], [-845.321716309, 687.00793457, 31.4071998596, -130.390472412, 509.912567139, -185.341491699, 206.047546387, -31.0725364685, 77.9939117432, -8.13091850281, 48.4921989441, 27.4807052612, 11.3891887665], [1048.54138184, -398.8515625, 307.100128174, 342.166900635, -185.341491699, 484.534240723, -3.91011929512, 92.0951843262, 5.47093200684, 40.2026977539, 44.3345031738, -52.0693397522, -39.0417022705], [-268.070892334, 348.440612793, 60.5841712952, 20.6128692627, 206.047546387, -3.91011929512, 260.497009277, -12.0787858963, 40.3709983826, -12.0751028061, 37.9300918579, 7.15325975418, -19.7181892395], [368.561920166, -144.956542969, 74.3105239868, 106.871154785, -31.0725364685, 92.0951843262, -12.0787858963, 138.516693115, 18.2192935944, 17.1347751617, 8.43993186951, -0.38482427597, 16.5839805603], [103.217285156, 131.772766113, 41.207824707, 56.7335624695, 77.9939117432, 5.47093200684, 40.3709983826, 18.2192935944, 112.357765198, 22.1789913177, 16.3274402618, -4.62278270721, 3.7333817482], [279.736602783, -74.9874801636, 20.3106708527, 68.2183456421, -8.13091850281, 40.2026977539, -12.0751028061, 17.1347751617, 22.1789913177, 85.054473877, 29.7818851471, -5.69024276733, 2.67327880859], [81.3551025391, 85.1826477051, 70.0587692261, 30.6726398468, 48.4921989441, 44.3345031738, 37.9300918579, 8.43993186951, 16.3274402618, 29.7818851471, 88.908782959, 13.4266529083, 0.505646646023], [-294.630096436, 32.40858078, -3.35688734055, -57.0099983215, 27.4807052612, -52.0693397522, 7.15325975418, -0.38482427597, -4.62278270721, -5.69024276733, 13.4266529083, 77.5145263672, 38.1527709961], [-98.3002548218, 5.95134925842, -15.814447403, -32.8087768555, 11.3891887665, -39.0417022705, -19.7181892395, 16.5839805603, 3.7333817482, 2.67327880859, 0.505646646023, 38.1527709961, 71.1539230347]],
        "icov": [[0.000275315804174, -0.000337512261467, 0.000748071121052, -0.000802504480816, 0.000275274505839, -0.000546292867512, 0.000369530927856, -0.000376931973733, 0.000128969855723, -0.000277757149888, -0.000196420864086, 0.000166862955666, -3.3144664485e-05], [-0.000337512261467, 0.0141149815172, -0.00614501535892, 0.00726524740458, -0.0088259363547, 0.0074325427413, -0.00810637604445, 0.00692435959354, -0.00996158551425, 0.00905974954367, -0.00968664418906, 0.0101262917742, -0.00321065774187], [0.000748071121052, -0.00614501535892, 0.00631146039814, -0.00464446330443, 0.00327736814506, -0.00575282424688, 0.00412995228544, -0.00369772897102, 0.00376150477678, -0.0035335838329, 0.00263981660828, -0.00432112906128, 0.0013674973743], [-0.000802504480816, 0.00726524740458, -0.00464446330443, 0.00814468599856, -0.00423686206341, 0.00318486872129, -0.00517708342522, 0.00315074599348, -0.00599248101935, 0.00351696135476, -0.00355980498716, 0.0049306852743, -0.0011727148667], [0.000275274505839, -0.0088259363547, 0.00327736814506, -0.00423686206341, 0.00994443520904, -0.00271059502847, 0.00219771079719, -0.00455151917413, 0.00443464517593, -0.0057115345262, 0.00440885545686, -0.00537653360516, 0.00131761969533], [-0.000546292867512, 0.0074325427413, -0.00575282424688, 0.00318486872129, -0.00271059502847, 0.0100988224149, -0.00539020216092, 0.00258405902423, -0.00449894927442, 0.00477380445227, -0.00648246519268, 0.00678373407573, -0.000842098845169], [0.000369530927856, -0.00810637604445, 0.00412995228544, -0.00517708342522, 0.00219771079719, -0.00539020216092, 0.0114554278553, -0.00360667612404, 0.00513711944222, -0.0034653916955, 0.00414627138525, -0.00693169375882, 0.00397308263928], [-0.000376931973733, 0.00692435959354, -0.00369772897102, 0.00315074599348, -0.00455151917413, 0.00258405902423, -0.00360667612404, 0.0129995672032, -0.00570765370503, 0.00424452126026, -0.00399117497727, 0.00450146477669, -0.00459718704224], [0.000128969855723, -0.00996158551425, 0.00376150477678, -0.00599248101935, 0.00443464517593, -0.00449894927442, 0.00513711944222, -0.00570765370503, 0.0187287051231, -0.00866660568863, 0.00706853670999, -0.00600729975849, 0.00117361417506], [-0.000277757149888, 0.00905974954367, -0.0035335838329, 0.00351696135476, -0.0057115345262, 0.00477380445227, -0.0034653916955, 0.00424452126026, -0.00866660568863, 0.0215658489615, -0.0118455905467, 0.00785881280899, -0.00320646422915], [-0.000196420864086, -0.00968664418906, 0.00263981660828, -0.00355980498716, 0.00440885545686, -0.00648246519268, 0.00414627138525, -0.00399117497727, 0.00706853670999, -0.0118455905467, 0.0237290300429, -0.01182429865, 0.00354653433897], [0.000166862955666, 0.0101262917742, -0.00432112906128, 0.0049306852743, -0.00537653360516, 0.00678373407573, -0.00693169375882, 0.00450146477669, -0.00600729975849, 0.00785881280899, -0.01182429865, 0.0284540411085, -0.0128437271342], [-3.3144664485e-05, -0.00321065774187, 0.0013674973743, -0.0011727148667, 0.00131761969533, -0.000842098845169, 0.00397308263928, -0.00459718704224, 0.00117361417506, -0.00320646422915, 0.00354653433897, -0.0128437271342, 0.0224600303918]]
    },
    "melbands": {
        "dmean": [0.00104242283851, 0.00133574265055, 0.000707378785592, 0.000720054784324, 0.000458700029412, 0.000494564243127, 0.000206064680242, 9.5781928394e-05, 0.000122264551464, 0.000111091481813, 0.00015395853552, 6.7020082497e-05, 6.64052786306e-05, 6.17511323071e-05, 4.73995314678e-05, 3.42399034707e-05, 4.6936711442e-05, 4.35346810264e-05, 3.81687459594e-05, 1.89491165656e-05, 1.62373053172e-05, 1.48684603118e-05, 1.3350620975e-05, 8.13790848042e-06, 5.40958990314e-06, 3.32453168994e-06, 4.04105276175e-06, 2.91225842375e-06, 1.83423367162e-06, 1.71590625087e-06, 1.71443195995e-06, 1.43933357322e-06, 1.09898905976e-06, 9.22560957406e-07, 7.75278238052e-07, 8.80555944605e-07, 8.03074840405e-07, 8.54697304931e-07, 6.41767258003e-07, 1.97076559516e-07],
        "dmean2": [0.00155485700816, 0.00220562727191, 0.00122006307356, 0.00115082587581, 0.000734005123377, 0.00078659952851, 0.000327291985741, 0.000151104235556, 0.000188723090105, 0.000173922642716, 0.000238437394728, 0.000105878389149, 0.000101014251413, 9.04908083612e-05, 7.16782233212e-05, 5.40045257367e-05, 7.54055654397e-05, 6.74526891089e-05, 6.10474598943e-05, 3.03634806187e-05, 2.61099085037e-05, 2.26308347919e-05, 2.02413248189e-05, 1.24242324091e-05, 8.81072719494e-06, 5.28928148924e-06, 6.05207196713e-06, 4.56176940133e-06, 2.86257591142e-06, 2.5599563287e-06, 2.51917799687e-06, 2.14739270632e-06, 1.64031109762e-06, 1.34739639179e-06, 1.09632685508e-06, 1.27841872199e-06, 1.14002193641e-06, 1.23102347516e-06, 9.08062588678e-07, 2.97234265645e-07],
        "dvar": [8.34217735246e-06, 1.05132039607e-05, 1.7092266944e-06, 8.87006535777e-06, 7.87221438259e-07, 8.74918157479e-07, 1.73531731207e-07, 2.73053988309e-08, 7.34728473617e-08, 7.73931887466e-08, 8.88692355261e-08, 3.80732849692e-08, 6.11400139405e-08, 3.26189315558e-08, 6.30927265988e-09, 3.77427955556e-09, 8.94127794027e-09, 9.30093602136e-09, 4.16543111115e-09, 8.50058856638e-10, 7.09536540633e-10, 8.54269655015e-10, 8.77385275544e-10, 3.55164953003e-10, 1.70611705319e-10, 8.85279211049e-11, 1.4456387476e-10, 9.65146226828e-11, 2.13175224001e-11, 1.19141198643e-11, 1.22899954103e-11, 1.24556823189e-11, 6.35974346103e-12, 4.80616371354e-12, 4.82850781927e-12, 9.00424179662e-12, 5.33720897339e-12, 8.51681745961e-12, 2.62901007388e-12, 3.21065331439e-13],
        "dvar2": [1.89603142644e-05, 2.87655402644e-05, 4.89194508191e-06, 2.28607277677e-05, 2.01976399694e-06, 2.29954594033e-06, 4.36263462689e-07, 6.68876296572e-08, 1.67919296246e-07, 1.84929319857e-07, 2.07610867164e-07, 8.24631172236e-08, 1.40862965736e-07, 5.8287078275e-08, 1.21811902787e-08, 8.24910717512e-09, 2.05844621348e-08, 1.94680787047e-08, 9.70738867068e-09, 2.1309771725e-09, 1.80379389203e-09, 1.72312142332e-09, 1.7116180695e-09, 7.59267204664e-10, 4.77627715156e-10, 2.13105838531e-10, 2.5476187826e-10, 2.29470234481e-10, 5.07788186499e-11, 2.646863978e-11, 2.56808480731e-11, 2.86834878765e-11, 1.37687031915e-11, 1.11836711766e-11, 9.27056435091e-12, 2.12240676423e-11, 1.07467923449e-11, 1.93643608093e-11, 5.26569413073e-12, 6.99113672769e-13],
        "max": [0.0342977643013, 0.0417783372104, 0.0158689785749, 0.0378949604928, 0.0108331823722, 0.012308399193, 0.00664191413671, 0.00261216680519, 0.00570500595495, 0.00509489281103, 0.00790989212692, 0.00550538906828, 0.00698485178873, 0.00573428161442, 0.00272599491291, 0.00119064142928, 0.00184803991579, 0.00256344699301, 0.00102351023816, 0.000397489231545, 0.000566286151297, 0.00103331345599, 0.000679078162648, 0.000419335934566, 0.000306802918203, 0.000216071188333, 0.000402755511459, 0.000232057762332, 8.7105196144e-05, 5.93272379774e-05, 5.03021256009e-05, 6.3481995312e-05, 6.85637714923e-05, 5.59688669455e-05, 6.55343028484e-05, 9.11783208721e-05, 5.56792365387e-05, 6.07551992289e-05, 3.6150613596e-05, 9.49699460762e-06],
        "mean": [0.00187947647646, 0.00296644424088, 0.00147159805056, 0.0010388501687, 0.000885764253326, 0.000956849718932, 0.000395492243115, 0.000178563175723, 0.000231369791436, 0.00021745362028, 0.000286145339487, 0.000122562938486, 0.000132909641252, 0.000124389596749, 0.000100751349237, 6.69223954901e-05, 7.80553018558e-05, 7.98347537057e-05, 6.81990059093e-05, 3.47155582858e-05, 3.03851720673e-05, 3.35588447342e-05, 2.69308311545e-05, 1.59327773872e-05, 9.62285139394e-06, 5.80803953198e-06, 6.6844486355e-06, 4.75323986393e-06, 3.18005481859e-06, 2.71048247669e-06, 2.64028926722e-06, 2.16144053411e-06, 1.70031682956e-06, 1.35852610583e-06, 1.16343335321e-06, 1.23555923892e-06, 1.17640877306e-06, 1.18126013149e-06, 8.96253595783e-07, 2.3375051228e-07],
        "median": [0.000779404537752, 0.0020063451957, 0.000958865915891, 0.000468470243504, 0.00047715450637, 0.000557545456104, 0.00018692210142, 9.47192456806e-05, 0.000117656119983, 9.45000283537e-05, 0.000124066064018, 5.93737131567e-05, 5.2109000535e-05, 5.21990768902e-05, 6.33555609966e-05, 4.47819838882e-05, 4.36381778854e-05, 4.39885407104e-05, 4.47020902357e-05, 2.26118190767e-05, 1.8526425265e-05, 1.46139036588e-05, 1.10953333206e-05, 6.11811447015e-06, 5.48142634216e-06, 3.3145784073e-06, 3.47632612829e-06, 2.27047962653e-06, 1.54866336288e-06, 9.63570528256e-07, 6.87283773004e-07, 5.21765741723e-07, 3.28152225393e-07, 2.16344389514e-07, 1.56137517138e-07, 9.89776083316e-08, 9.98027260835e-08, 1.07939293059e-07, 8.93982985417e-08, 1.37387576871e-08],
        "min": [9.43532718622e-09, 1.82397137394e-08, 4.66452076964e-09, 7.74410757742e-09, 3.1122049382e-09, 5.36268096596e-09, 6.8976180323e-10, 3.88186038869e-10, 1.61921720476e-09, 1.36822431163e-09, 1.28664146004e-09, 9.36873467694e-10, 3.25932336676e-10, 2.32885155604e-10, 9.522547334e-11, 7.93369675511e-11, 1.51589782393e-10, 2.44335135458e-10, 1.97366817334e-10, 2.7204211106e-10, 2.18666862395e-10, 5.00245990465e-11, 6.83281486946e-11, 6.49063094937e-11, 8.67066349275e-11, 5.54764775784e-11, 3.5651957081e-11, 3.03356922915e-11, 1.87797347118e-11, 2.36198473974e-11, 1.81142097849e-11, 6.55479403394e-12, 7.85792091118e-12, 5.55436209179e-12, 6.35760584802e-12, 2.23089537295e-12, 2.66516409636e-13, 8.96285704075e-13, 7.9131590603e-13, 2.36768531213e-13],
        "var": [1.10446853796e-05, 1.45987005453e-05, 2.72621241493e-06, 7.74013915361e-06, 1.50467110416e-06, 1.59619116857e-06, 4.51187304407e-07, 6.16334503434e-08, 1.39334119353e-07, 1.64223010302e-07, 2.08219802289e-07, 7.47477102436e-08, 1.49439699726e-07, 1.33406601321e-07, 2.35258461601e-08, 8.57905302354e-09, 1.6669387648e-08, 1.80213941547e-08, 6.89711043833e-09, 1.79439330061e-09, 2.13720907638e-09, 5.80398973327e-09, 3.20098991757e-09, 1.00551789117e-09, 1.95178179174e-10, 1.16050648258e-10, 2.8663604823e-10, 1.31615218724e-10, 3.26997422195e-11, 2.26519948632e-11, 2.42351885088e-11, 2.24862090753e-11, 1.59056483262e-11, 1.14474445548e-11, 1.12959060508e-11, 1.46526003136e-11, 1.34641204436e-11, 1.62100697448e-11, 5.92540036135e-12, 4.95496981119e-13]
    },
    "mfcc": {
        "mean": [-652.617004395, 158.18989563, -17.2312831879, 18.1340503693, 7.81805896759, 6.40179157257, -3.89781785011, 0.62969237566, -3.02300882339, -0.461603522301, -6.50358772278, -2.62567925453, -5.95540952682],
        "cov": [[10561.2548828, -1701.07421875, -405.175201416, 523.346252441, -98.4628219604, 424.123504639, -35.307926178, 56.6151313782, 58.4956626892, 298.977050781, 249.818786621, 300.057891846, -129.668716431], [-1701.07421875, 1732.48059082, -504.165435791, 156.464569092, 156.70362854, -12.5323343277, 100.19519043, 62.1066093445, 7.17559576035, 38.1529655457, 43.1940345764, -9.51986885071, 61.9778633118], [-405.175201416, -504.165435791, 848.702575684, -60.728553772, 56.4846611023, 169.72895813, 82.0154953003, 74.2372055054, 9.25034236908, 38.2953147888, 46.6164627075, 45.6918296814, 9.49779033661], [523.346252441, 156.464569092, -60.728553772, 378.06652832, 58.7916412354, 113.87979126, 87.5735778809, 63.064655304, 56.8925666809, 72.6718063354, 75.9663619995, 71.6433410645, 12.0750904083], [-98.4628219604, 156.70362854, 56.4846611023, 58.7916412354, 207.55255127, 35.8286170959, 33.0088577271, 33.4487571716, 31.8136882782, 44.5308837891, 36.6472015381, 18.2914066315, 17.1110782623], [424.123504639, -12.5323343277, 169.72895813, 113.87979126, 35.8286170959, 274.573760986, 108.254638672, 68.3554763794, 7.76312351227, 85.5509567261, 74.912727356, 60.3330764771, 11.669708252], [-35.307926178, 100.19519043, 82.0154953003, 87.5735778809, 33.0088577271, 108.254638672, 197.633300781, 68.4207458496, 18.9036197662, 24.3974590302, 63.8731040955, 53.1956825256, 14.9189548492], [56.6151313782, 62.1066093445, 74.2372055054, 63.064655304, 33.4487571716, 68.3554763794, 68.4207458496, 131.079696655, 38.3450737, 24.5469207764, 29.2865600586, 30.8498077393, 8.56196308136], [58.4956626892, 7.17559576035, 9.25034236908, 56.8925666809, 31.8136882782, 7.76312351227, 18.9036197662, 38.3450737, 93.4258804321, 24.184551239, 18.2051105499, 10.0514230728, 3.06738042831], [298.977050781, 38.1529655457, 38.2953147888, 72.6718063354, 44.5308837891, 85.5509567261, 24.3974590302, 24.5469207764, 24.184551239, 119.537727356, 49.1972198486, 27.4889507294, 0.201882481575], [249.818786621, 43.1940345764, 46.6164627075, 75.9663619995, 36.6472015381, 74.912727356, 63.8731040955, 29.2865600586, 18.2051105499, 49.1972198486, 106.0991745, 50.7796325684, 2.55898928642], [300.057891846, -9.51986885071, 45.6918296814, 71.6433410645, 18.2914066315, 60.3330764771, 53.1956825256, 30.8498077393, 10.0514230728, 27.4889507294, 50.7796325684, 90.003036499, 19.1267623901], [-129.668716431, 61.9778633118, 9.49779033661, 12.0750904083, 17.1110782623, 11.669708252, 14.9189548492, 8.56196308136, 3.06738042831, 0.201882481575, 2.55898928642, 19.1267623901, 58.7360649109]],
