{
"lowlevel": {
    "average_loudness": 0.75031131506,
    "barkbands_crest": {
        "dmean": 2.69099640846,
        "dmean2": 4.39163637161,
        "dvar": 5.14618253708,
        "dvar2": 13.2826480865,
        "max": 24.5548362732,
        "mean": 10.9826965332,
        "median": 10.3028144836,
        "min": 2.78407382965,
        "var": 14.7378988266
    },
    "barkbands_flatness_db": {
        "dmean": 0.0238886307925,
        "dmean2": 0.0357152819633,
        "dvar": 0.000457021786133,
        "dvar2": 0.000892643409315,
        "max": 0.396923393011,
        "mean": 0.237765267491,
        "median": 0.242933809757,
        "min": 0.076810464263,
        "var": 0.00331012485549
    },
    "barkbands_kurtosis": {
        "dmean": 3.02327156067,
        "dmean2": 4.86828899384,
        "dvar": 15.4446773529,
        "dvar2": 39.1780929565,
        "max": 89.7124710083,
        "mean": 6.16192626953,
        "median": 4.79669618607,
        "min": -1.87398195267,
        "var": 36.2351722717
    },
    "barkbands_skewness": {
        "dmean": 0.500267267227,
        "dmean2": 0.787638425827,
        "dvar": 0.214288860559,
        "dvar2": 0.51322466135,
        "max": 9.06653499603,
        "mean": 1.79226255417,
        "median": 1.72370159626,
        "min": -2.24845027924,
        "var": 0.839928269386
    },
    "barkbands_spread": {
        "dmean": 3.30694460869,
        "dmean2": 4.96058607101,
        "dvar": 22.7742767334,
        "dvar2": 46.0521240234,
        "max": 84.5097961426,
        "mean": 11.2054891586,
        "median": 8.15304851532,
        "min": 0.969430863857,
        "var": 94.2855911255
    },
    "dissonance": {
        "dmean": 0.0271035134792,
        "dmean2": 0.0437282733619,
        "dvar": 0.000579555635341,
        "dvar2": 0.00158784002997,
        "max": 0.499238044024,
        "mean": 0.433749943972,
        "median": 0.441410809755,
        "min": 0.236793935299,
        "var": 0.00172918708995
    },
    "dynamic_complexity": 4.03195810318,
    "erbbands_crest": {
        "dmean": 2.9620757103,
        "dmean2": 4.86834859848,
        "dvar": 6.56071567535,
        "dvar2": 16.8404560089,
        "max": 30.8330097198,
        "mean": 10.6146154404,
        "median": 9.96613693237,
        "min": 2.99166703224,
        "var": 17.0286254883
    },
    "erbbands_flatness_db": {
        "dmean": 0.019385766238,
        "dmean2": 0.0268004406244,
        "dvar": 0.000343516410794,
        "dvar2": 0.000540342996828,
        "max": 0.40028578043,
        "mean": 0.240837261081,
        "median": 0.246956259012,
        "min": 0.119495555758,
        "var": 0.00213969522156
    },
    "erbbands_kurtosis": {
        "dmean": 1.22584247589,
        "dmean2": 1.95286846161,
        "dvar": 2.24124073982,
        "dvar2": 5.4211101532,
        "max": 30.262336731,
        "mean": 0.991568505764,
        "median": 0.350515604019,
        "min": -1.8613858223,
        "var": 5.58884239197
    },
    "erbbands_skewness": {
        "dmean": 0.407265812159,
        "dmean2": 0.630058646202,
        "dvar": 0.120879970491,
        "dvar2": 0.284649610519,
        "max": 4.47911548615,
        "mean": 0.906411528587,
        "median": 0.927442252636,
        "min": -4.20716047287,
        "var": 0.579995572567
    },
    "erbbands_spread": {
        "dmean": 7.31821632385,
        "dmean2": 11.0793046951,
        "dvar": 82.1288986206,
        "dvar2": 169.897079468,
        "max": 124.364250183,
        "mean": 29.2816772461,
        "median": 25.6714305878,
        "min": 2.52041053772,
        "var": 252.516601562
    },
    "hfc": {
        "dmean": 2.72312092781,
        "dmean2": 3.42844939232,
        "dvar": 33.3673019409,
        "dvar2": 51.789264679,
        "max": 148.277008057,
        "mean": 8.5535030365,
        "median": 3.57575106621,
        "min": 0.00020110924379,
        "var": 233.509078979
    },
    "melbands_crest": {
        "dmean": 3.28303360939,
        "dmean2": 5.38837766647,
        "dvar": 8.15515136719,
        "dvar2": 21.3815784454,
        "max": 33.5219802856,
        "mean": 13.9251766205,
        "median": 12.9843530655,
        "min": 4.44023895264,
        "var": 22.1770114899
    },
    "melbands_flatness_db": {
        "dmean": 0.0284476727247,
        "dmean2": 0.0399947464466,
        "dvar": 0.000752659339923,
        "dvar2": 0.00131391920149,
        "max": 0.499214529991,
        "mean": 0.300412148237,
        "median": 0.308302760124,
        "min": 0.0493359938264,
        "var": 0.00651083467528
    },
    "melbands_kurtosis": {
        "dmean": 5.85485649109,
        "dmean2": 9.44317817688,
        "dvar": 99.9474716187,
        "dvar2": 253.97845459,
        "max": 312.268463135,
        "mean": 12.9299154282,
        "median": 9.18321228027,
        "min": -1.79326069355,
        "var": 175.352462769
    },
    "melbands_skewness": {
        "dmean": 0.65200150013,
        "dmean2": 1.01789152622,
        "dvar": 0.433503955603,
        "dvar2": 1.03855919838,
        "max": 14.644238472,
        "mean": 2.45672154427,
        "median": 2.26322388649,
        "min": -0.785548865795,
        "var": 1.54066848755
    },
    "melbands_spread": {
        "dmean": 3.5096745491,
        "dmean2": 5.2783370018,
        "dvar": 37.5114479065,
        "dvar2": 66.3938522339,
        "max": 196.957229614,
        "mean": 12.0189905167,
        "median": 8.70422363281,
        "min": 1.37645637989,
        "var": 189.955459595
    },
    "pitch_salience": {
        "dmean": 0.0731708481908,
        "dmean2": 0.119456857443,
        "dvar": 0.00391331315041,
        "dvar2": 0.0102433692664,
        "max": 0.837631940842,
        "mean": 0.59047806263,
        "median": 0.601714789867,
        "min": 0.150133952498,
        "var": 0.010880430229
    },
    "silence_rate_20dB": {
        "dmean": 0,
        "dmean2": 0,
        "dvar": 0,
        "dvar2": 0,
        "max": 1,
        "mean": 1,
        "median": 1,
        "min": 1,
        "var": 0
    },
    "silence_rate_30dB": {
        "dmean": 0.00697134016082,
        "dmean2": 0.0139480819926,
        "dvar": 0.0069227158092,
        "dvar2": 0.0145284244791,
        "max": 1,
        "mean": 0.992644190788,
        "median": 1,
        "min": 0,
        "var": 0.00730168865994
    },
    "silence_rate_60dB": {
        "dmean": 0.0387296676636,
        "dmean2": 0.0774893462658,
        "dvar": 0.0372303687036,
        "dvar2": 0.0792363733053,
        "max": 1,
        "mean": 0.088269457221,
        "median": 0,
        "min": 0,
        "var": 0.0804798603058
    },
    "spectral_centroid": {
        "dmean": 134.371627808,
        "dmean2": 196.001464844,
        "dvar": 39946.1914062,
        "dvar2": 71344.3515625,
        "max": 5001.0546875,
        "mean": 695.526733398,
        "median": 546.821655273,
        "min": 216.499526978,
        "var": 246970.921875
    },
    "spectral_complexity": {
        "dmean": 2.10224628448,
        "dmean2": 3.02634644508,
        "dvar": 5.30170202255,
        "dvar2": 8.59986782074,
        "max": 56,
        "mean": 10.4823846817,
        "median": 8,
        "min": 0,
        "var": 56.7305717468
    },
    "spectral_decrease": {
        "dmean": 1.34048783185e-09,
        "dmean2": 1.90513715914e-09,
        "dvar": 4.18496149053e-18,
        "dvar2": 7.42169275767e-18,
        "max": -1.31766966045e-13,
        "mean": -4.17900558602e-09,
        "median": -2.61497112852e-09,
        "min": -4.77455408543e-08,
        "var": 2.16683022027e-17
    },
    "spectral_energy": {
        "dmean": 0.00525801442564,
        "dmean2": 0.00743045890704,
        "dvar": 6.5792548412e-05,
        "dvar2": 0.000115026297863,
        "max": 0.192657053471,
        "mean": 0.0165483877063,
        "median": 0.010211488232,
        "min": 5.15559349878e-07,
        "var": 0.000350066606188
    },
    "spectral_energyband_high": {
        "dmean": 9.37379081734e-05,
        "dmean2": 0.000125892242067,
        "dvar": 1.30251976316e-07,
        "dvar2": 2.32687526136e-07,
        "max": 0.0125157143921,
        "mean": 0.00018516505952,
        "median": 7.92129958427e-06,
        "min": 9.70648339482e-10,
        "var": 6.62327352074e-07
    },
    "spectral_energyband_low": {
        "dmean": 0.0020355945453,
        "dmean2": 0.00326440879144,
        "dvar": 9.65251365415e-06,
        "dvar2": 2.45336050284e-05,
        "max": 0.0634460002184,
        "mean": 0.00412341346964,
        "median": 0.00245219306089,
        "min": 2.04069138476e-07,
        "var": 2.34328890656e-05
    },
    "spectral_energyband_middle_high": {
        "dmean": 0.00079599180026,
        "dmean2": 0.00103321683127,
        "dvar": 3.94368407797e-06,
        "dvar2": 6.49116600471e-06,
        "max": 0.0495038814843,
        "mean": 0.00198056106456,
        "median": 0.000566740927752,
        "min": 8.30533366525e-08,
        "var": 1.96855507966e-05
    },
    "spectral_energyband_middle_low": {
        "dmean": 0.00394471595064,
        "dmean2": 0.00574536435306,
        "dvar": 4.63860924356e-05,
        "dvar2": 9.0768255177e-05,
        "max": 0.149895146489,
        "mean": 0.0105874892324,
        "median": 0.00626653619111,
        "min": 2.521672684e-07,
        "var": 0.000187997604371
    },
    "spectral_entropy": {
        "dmean": 0.201314583421,
        "dmean2": 0.272872447968,
        "dvar": 0.0415736958385,
        "dvar2": 0.0660153403878,
        "max": 8.29514694214,
        "mean": 6.83027410507,
        "median": 6.75961685181,
        "min": 5.28993606567,
        "var": 0.297690719366
    },
    "spectral_flux": {
        "dmean": 0.0177202373743,
        "dmean2": 0.0273404829204,
        "dvar": 0.000397974130465,
        "dvar2": 0.0008666011272,
        "max": 0.403803914785,
        "mean": 0.0609295368195,
        "median": 0.0499870181084,
        "min": 0.000718024617527,
        "var": 0.00167152343784
    },
    "spectral_kurtosis": {
        "dmean": 7.0024394989,
        "dmean2": 11.9131689072,
        "dvar": 59.5314865112,
        "dvar2": 165.339767456,
        "max": 81.296913147,
        "mean": 12.8858585358,
        "median": 9.37633705139,
        "min": -1.09387981892,
        "var": 154.176605225
    },
    "spectral_rms": {
        "dmean": 0.000592346885242,
        "dmean2": 0.000835616374388,
        "dvar": 3.80773087727e-07,
        "dvar2": 6.43903717901e-07,
        "max": 0.0137097807601,
        "mean": 0.00358081189916,
        "median": 0.00315633136779,
        "min": 2.24273208005e-05,
        "var": 3.32255444846e-06
    },
    "spectral_rolloff": {
        "dmean": 197.250717163,
        "dmean2": 324.241455078,
        "dvar": 240840.90625,
        "dvar2": 500276.875,
        "max": 6998.29101562,
        "mean": 689.895751953,
        "median": 452.197265625,
        "min": 64.599609375,
        "var": 646352.3125
    },
    "spectral_skewness": {
        "dmean": 0.577750504017,
        "dmean2": 0.937754750252,
        "dvar": 0.288620561361,
        "dvar2": 0.766829550266,
        "max": 7.24677038193,
        "mean": 2.30599427223,
        "median": 2.18776392937,
        "min": -0.604390561581,
        "var": 1.19571757317
    },
    "spectral_spread": {
        "dmean": 475315.5,
        "dmean2": 639121.1875,
        "dvar": 374836985856,
        "dvar2": 508442607616,
        "max": 20266040,
        "mean": 2690289,
        "median": 2290809,
        "min": 825505.3125,
        "var": 1.54641825792e+12
    },
    "spectral_strongpeak": {
        "dmean": 0.31699809432,
        "dmean2": 0.517026185989,
        "dvar": 0.216517135501,
        "dvar2": 0.519824564457,
        "max": 6.39113330841,
        "mean": 0.645042598248,
        "median": 0.372377753258,
        "min": 0.000612309784628,
        "var": 0.576955139637
    },
    "zerocrossingrate": {
        "dmean": 0.00584519188851,
        "dmean2": 0.00679507385939,
        "dvar": 6.48522400297e-05,
        "dvar2": 6.73184476909e-05,
        "max": 0.236328125,
        "mean": 0.0298961214721,
        "median": 0.02392578125,
        "min": 0.0048828125,
        "var": 0.000503407733049
    },
    "barkbands": {
        "dmean": [0.000126447499497, 0.00158031133469, 0.000548720825464, 0.000405021361075, 0.00145509582944, 0.00137249322142, 0.00167161179706, 0.000816357613076, 0.000211931910599, 0.000195520115085, 0.000210431098822, 0.000175439738086, 0.000167956430232, 0.000111643530545, 7.82292700023e-05, 8.46330149216e-05, 0.000108183965494, 5.95328347117e-05, 4.65626180812e-05, 3.07869413518e-05, 2.44268903771e-05, 2.72834495263e-05, 2.81827869912e-05, 1.05503722807e-05, 1.17951196899e-06, 1.47808598694e-09, 6.53035903131e-10],
        "dmean2": [0.000202629234991, 0.00257221306674, 0.000902860774659, 0.000659159442876, 0.00237652473152, 0.00204749777913, 0.00249058450572, 0.00124537199736, 0.000330772076268, 0.000298345345072, 0.000306377012748, 0.000274771038676, 0.000257711391896, 0.000172834479599, 0.000127245293697, 0.000124220023281, 0.000155875517521, 9.3418857432e-05, 6.92432804499e-05, 4.43080825789e-05, 3.63896579074e-05, 3.73047660105e-05, 3.83375008823e-05, 1.59232604346e-05, 1.82044709618e-06, 2.41877518015e-09, 1.2090696222e-09],
        "dvar": [6.35060715126e-08, 8.03515831649e-06, 5.82634925195e-07, 4.07229236998e-07, 6.4237560764e-06, 6.70775079925e-06, 1.84142518265e-05, 1.87918521988e-05, 3.78846891635e-07, 3.91897515328e-07, 4.92129686336e-07, 3.6524156144e-07, 3.15732307854e-07, 2.29953442954e-07, 9.03409898001e-08, 9.01712837731e-08, 1.45041710198e-07, 5.92514126652e-08, 3.77116080585e-08, 3.53306255363e-08, 1.2698190055e-08, 1.21521566143e-08, 1.42560381278e-08, 2.46258036185e-09, 2.23063616189e-11, 1.85505575579e-17, 1.53126610001e-18],
        "dvar2": [1.5372472717e-07, 2.07647226489e-05, 1.57603881235e-06, 1.11199005914e-06, 1.65222463693e-05, 1.32137738547e-05, 3.32788295054e-05, 5.41336448805e-05, 9.58516466198e-07, 8.75284285939e-07, 9.94975948743e-07, 8.3379654825e-07, 7.52522737457e-07, 4.89950252813e-07, 2.41319412453e-07, 1.92028920765e-07, 3.06824659901e-07, 1.50718548753e-07, 8.94658711559e-08, 8.24520327569e-08, 2.80934866481e-08, 2.03277146227e-08, 2.88798549519e-08, 5.33457811258e-09, 4.98162310014e-11, 4.45203660363e-17, 4.84802616083e-18],
        "max": [0.00517707271501, 0.0550403855741, 0.0101575665176, 0.00952807720751, 0.0380466170609, 0.0711416900158, 0.0967770442367, 0.124402694404, 0.0156829524785, 0.0174147989601, 0.0198415629566, 0.0125181181356, 0.0137726021931, 0.0140114249662, 0.00716291926801, 0.00904922094196, 0.0105298701674, 0.00811637286097, 0.00503436196595, 0.00900126900524, 0.00358617282473, 0.00385360489599, 0.00469623319805, 0.00164902221877, 0.0001184929788, 1.15056536742e-07, 2.02706615937e-08],
        "mean": [0.000216344720684, 0.00279550766572, 0.000832675839774, 0.000653646478895, 0.00266294623725, 0.00259233638644, 0.0030362221878, 0.00114850047976, 0.000390626053559, 0.000306205940433, 0.000315386540024, 0.00025189423468, 0.000278474268271, 0.000170490035089, 0.00012996706937, 0.000142716176924, 0.000196718610823, 0.000110924622277, 9.04046246433e-05, 6.97193099768e-05, 4.28647217632e-05, 4.84485717607e-05, 4.72715582873e-05, 1.6597132344e-05, 1.49458549004e-06, 1.69013081308e-09, 5.60312796161e-10],
        "median": [7.37214650144e-05, 0.00127780716866, 0.000481879978906, 0.000316164107062, 0.0016574668698, 0.000930563779548, 0.000807843694929, 0.000142367149238, 9.86729501165e-05, 4.63514916191e-05, 4.22861558036e-05, 5.18654233019e-05, 4.11836954299e-05, 3.37698802468e-05, 3.06331203319e-05, 2.56026560237e-05, 3.28939822793e-05, 1.38080695251e-05, 8.43581437948e-06, 1.44235434618e-06, 1.52778477513e-06, 2.03273543775e-06, 2.18823743126e-06, 3.35234830118e-07, 3.49936009059e-08, 3.37665007066e-10, 1.97242555622e-10],
        "min": [1.20352146027e-08, 1.39733572269e-07, 2.78714278323e-08, 3.33728422675e-08, 3.76281192871e-08, 6.57679990468e-08, 6.59050769514e-08, 2.9215742714e-08, 1.33139259617e-08, 7.03693245896e-08, 3.99174027166e-09, 1.45317213818e-09, 4.37289093824e-10, 3.41241757074e-10, 1.08016304234e-10, 5.21491294592e-10, 1.80705839181e-10, 1.38727229704e-09, 4.37404068521e-09, 4.541280893e-11, 4.30164272258e-11, 1.68456068539e-10, 5.82479064981e-10, 8.46990325098e-11, 2.80288431354e-11, 2.40728565554e-11, 2.73789393934e-11],
        "var": [1.89666991446e-07, 1.6711293938e-05, 9.94293259282e-07, 8.36984781927e-07, 1.01017494671e-05, 2.57561750914e-05, 5.04919989908e-05, 2.63938563876e-05, 7.69119822053e-07, 9.23944583064e-07, 1.11992824259e-06, 5.11682060278e-07, 7.8838331774e-07, 3.48796248772e-07, 1.72653656705e-07, 2.15322188524e-07, 3.82133322319e-07, 1.90952249568e-07, 1.28857962522e-07, 1.88109680721e-07, 4.49362076438e-08, 4.34837872376e-08, 4.50674022545e-08, 8.31284197034e-09, 4.56175236474e-11, 3.04436578348e-17, 1.20938975434e-18]
    },
    "erbbands": {
        "dmean": [0.055312845856, 0.335911870003, 0.651998698711, 0.911580979824, 3.15926742554, 5.60825490952, 8.89885997772, 12.647778511, 23.4106369019, 23.3045520782, 11.1659345627, 4.78810691833, 5.03042650223, 7.47315645218, 7.38069915771, 6.89346981049, 7.51745319366, 5.58601474762, 4.25058317184, 2.9694674015, 5.47834634781, 5.54390764236, 3.52245640755, 2.63813400269, 2.10234212875, 1.39693069458, 1.1467269659, 0.916206538677, 0.959788024426, 1.04830944538, 0.742730736732, 0.328673660755, 0.120763100684, 0.027088785544, 0.000858349201735, 4.96949505759e-05, 6.87178271619e-06, 1.68204644524e-06, 2.71644421446e-06, 5.94745461058e-06],
        "dmean2": [0.0871353447437, 0.557239949703, 1.06897389889, 1.48714721203, 5.32660531998, 9.02813911438, 13.7646837234, 18.0981616974, 34.602722168, 34.0481681824, 16.4232006073, 7.17977523804, 7.48480319977, 10.9806833267, 10.7441940308, 10.7058572769, 11.4339046478, 8.66325092316, 6.72124290466, 4.53071022034, 7.84956455231, 7.78835582733, 5.26510953903, 4.04275512695, 3.14531135559, 1.94989550114, 1.67739284039, 1.27116179466, 1.30821013451, 1.48658466339, 0.984045445919, 0.491854161024, 0.184286892414, 0.0399692542851, 0.00126050820109, 7.16217691661e-05, 9.81913854048e-06, 2.3795701054e-06, 3.76727189177e-06, 8.34639195091e-06],
        "dvar": [0.0126908682287, 0.327815979719, 0.775831282139, 1.72118461132, 35.8227882385, 117.61932373, 240.041107178, 986.447509766, 3783.30126953, 6564.96142578, 3550.68701172, 140.241622925, 293.332000732, 460.182373047, 876.155578613, 489.463745117, 564.565917969, 662.551452637, 184.353775024, 94.8997802734, 345.07409668, 403.928009033, 162.481796265, 161.61277771, 96.5825576782, 79.5217666626, 32.3907966614, 17.3130531311, 15.0020170212, 24.5778713226, 8.87659072876, 2.78790831566, 0.202574461699, 0.00955291651189, 9.58033251663e-06, 2.60213006698e-08, 3.54329260377e-10, 2.21559819102e-11, 1.90741849398e-11, 8.64973023762e-11],
        "dvar2": [0.0306773632765, 0.870515704155, 2.121352911, 4.71273040771, 97.5615539551, 302.095489502, 570.321228027, 1590.25402832, 7433.04003906, 16357.1162109, 7892.01025391, 305.873474121, 638.142272949, 971.550537109, 1961.68444824, 1128.16674805, 1280.36132812, 1408.28125, 452.146392822, 235.11567688, 707.151184082, 831.03314209, 395.240509033, 409.372131348, 257.381774902, 160.959915161, 78.2615661621, 36.3566856384, 25.2689800262, 52.5526580811, 16.1479473114, 5.52051019669, 0.485812455416, 0.0196432061493, 2.02862029255e-05, 5.34912238948e-08, 6.88987145114e-10, 4.17455132962e-11, 3.26614672808e-11, 1.48777198894e-10],
        "max": [2.224152565, 9.6207447052, 10.5625591278, 18.4851322174, 118.769210815, 165.416870117, 285.346618652, 911.564819336, 1303.8638916, 2167.47607422, 1850.69897461, 292.292785645, 562.578796387, 517.26550293, 846.977355957, 565.746154785, 528.04296875, 764.208862305, 309.482208252, 217.450881958, 581.423339844, 568.018920898, 315.153717041, 389.481201172, 304.764312744, 442.622375488, 165.990844727, 142.822753906, 108.398338318, 212.866043091, 102.008811951, 58.4181365967, 15.0023508072, 2.78518438339, 0.0786069259048, 0.00460007973015, 0.000591443385929, 0.000161317337188, 0.000105400693428, 0.00022396168788],
        "mean": [0.0982825309038, 0.541526854038, 1.0504527092, 1.63555216789, 5.21808862686, 9.7032661438, 15.4644203186, 22.0955734253, 40.1511993408, 38.822101593, 18.4425926208, 9.60663032532, 9.17630195618, 12.1143417358, 11.4727783203, 10.8439884186, 13.4585733414, 9.33557415009, 7.28484249115, 5.7577495575, 9.89971351624, 10.5753011703, 6.67210960388, 5.17360973358, 4.42231893539, 3.33455872536, 2.05025887489, 1.64683961868, 1.68942832947, 1.70764243603, 1.24608290195, 0.548387169838, 0.181144356728, 0.0380747802556, 0.00119863555301, 8.15766252344e-05, 1.52729171532e-05, 3.6868789266e-06, 8.845478078e-06, 1.90758255485e-05],
        "median": [0.0354219228029, 0.250409603119, 0.652452409267, 1.04579138756, 3.13520789146, 5.06965970993, 6.97112512589, 7.44835519791, 12.493885994, 8.18547821045, 3.36316275597, 2.33880019188, 1.60114181042, 1.91057550907, 2.09806203842, 2.2891933918, 2.24026703835, 1.84940946102, 2.13679242134, 1.35136806965, 1.75424110889, 1.81745231152, 0.948112249374, 0.498199880123, 0.320096552372, 0.0875766053796, 0.0603185519576, 0.064949862659, 0.0667432248592, 0.0836041793227, 0.0539136044681, 0.0135896811262, 0.00473476899788, 0.00100574409589, 4.49731815024e-05, 1.08411632027e-05, 4.9705577112e-06, 1.00271040537e-06, 5.09212168254e-06, 1.15408811325e-05],
        "min": [4.36103118773e-06, 2.91682918032e-05, 3.74376395484e-05, 0.000100502351415, 5.60653534194e-05, 9.90356274997e-05, 0.00073925696779, 0.000329433998559, 0.000996280228719, 0.000395776005462, 0.000776972447056, 0.000336401804816, 0.0007311530062, 0.00240241270512, 0.000151899308548, 6.52137532597e-05, 2.21030222747e-05, 2.24216910283e-05, 7.72661678639e-06, 1.40527872645e-05, 2.60450251517e-05, 1.34837491714e-05, 7.31618638383e-05, 0.000209880570765, 0.000122680910863, 7.20822845324e-06, 1.60948604844e-06, 2.55068289334e-06, 5.03934870721e-06, 7.21156811778e-06, 2.31034191529e-05, 4.9436412155e-06, 6.56639031149e-07, 3.33327591306e-07, 1.96804435859e-07, 1.11958840421e-07, 4.28565094523e-08, 1.70604188554e-08, 3.70411168404e-09, 9.73093272627e-10],
        "var": [0.0341692976654, 0.561433911324, 1.32336139679, 3.40903449059, 46.671836853, 173.460494995, 622.825317383, 2729.58251953, 8492.99609375, 11312.7978516, 6944.01171875, 442.288757324, 982.896057129, 998.452270508, 1503.89099121, 807.373779297, 1781.22033691, 1036.49597168, 362.305908203, 280.55871582, 941.179260254, 1124.32568359, 514.247253418, 490.837310791, 421.29776001, 456.113250732, 112.534912109, 65.4186477661, 54.1679496765, 61.9007377625, 30.2373027802, 9.46993160248, 0.652310431004, 0.0270789787173, 2.54657006735e-05, 9.17568030445e-08, 1.79868786532e-09, 1.22139631742e-10, 1.24452920192e-10, 4.90670726272e-10]
    },
    "gfcc": {
        "mean": [-118.64717865, 186.14630127, -133.745178223, 41.4609870911, -56.168964386, -0.284162193537, -32.7216491699, -19.0659637451, 10.4720563889, -23.2326984406, 13.2073822021, -7.57325029373, -0.183170169592],
        "cov": [[5460.40917969, -1321.17675781, -861.564025879, 371.007263184, -919.89831543, 318.571563721, -59.1007804871, 297.422393799, 30.9955615997, 31.9323101044, 146.970306396, 11.023443222, -0.206487163901], [-1321.17675781, 1208.70471191, 277.108764648, -622.431518555, 597.016967773, -342.839904785, 79.4851531982, -54.4128646851, 105.024620056, -62.2325897217, 10.2172698975, 85.8792572021, -53.7616958618], [-861.564025879, 277.108764648, 459.698242188, -35.5719604492, 132.79850769, -20.8509483337, -17.4608745575, -44.9319190979, 11.018404007, -21.9134540558, -31.2319660187, 35.051738739, 12.188996315], [371.007263184, -622.431518555, -35.5719604492, 549.757873535, -187.070541382, 193.987945557, -34.2191352844, -22.3507404327, -52.410030365, 44.5975341797, -12.92719841, -73.342376709, 42.6100692749], [-919.89831543, 597.016967773, 132.79850769, -187.070541382, 559.300354004, -145.485687256, -9.43348789215, -75.4376602173, 49.8308982849, 18.4179935455, -11.306933403, 18.0482578278, -9.61762046814], [318.571563721, -342.839904785, -20.8509483337, 193.987945557, -145.485687256, 246.208267212, 30.6494731903, 17.6249160767, -30.1453056335, 49.9972991943, 18.8964557648, -41.5691337585, 12.7108163834], [-59.1007804871, 79.4851531982, -17.4608745575, -34.2191352844, -9.43348789215, 30.6494731903, 221.373764038, 82.6672058105, 7.80403757095, -0.565959215164, 27.6052093506, 22.7375450134, -27.2099723816], [297.422393799, -54.4128646851, -44.9319190979, -22.3507404327, -75.4376602173, 17.6249160767, 82.6672058105, 167.477432251, 18.0289211273, -28.5582370758, 26.4171791077, 19.0485706329, 0.664310693741], [30.9955615997, 105.024620056, 11.018404007, -52.410030365, 49.8308982849, -30.1453056335, 7.80403757095, 18.0289211273, 120.315551758, 12.0750312805, 6.1793088913, 37.3272857666, -27.3495140076], [31.9323101044, -62.2325897217, -21.9134540558, 44.5975341797, 18.4179935455, 49.9972991943, -0.565959215164, -28.5582370758, 12.0750312805, 125.993492126, 19.6513519287, -46.3593025208, 16.8651065826], [146.970306396, 10.2172698975, -31.2319660187, -12.92719841, -11.306933403, 18.8964557648, 27.6052093506, 26.4171791077, 6.1793088913, 19.6513519287, 78.9080505371, 18.5927581787, -22.964389801], [11.023443222, 85.8792572021, 35.051738739, -73.342376709, 18.0482578278, -41.5691337585, 22.7375450134, 19.0485706329, 37.3272857666, -46.3593025208, 18.5927581787, 115.037338257, -2.84351372719], [-0.206487163901, -53.7616958618, 12.188996315, 42.6100692749, -9.61762046814, 12.7108163834, -27.2099723816, 0.664310693741, -27.3495140076, 16.8651065826, -22.964389801, -2.84351372719, 99.4125671387]],
        "icov": [[0.000416236376623, -0.00030101815355, 0.00073224818334, -0.000292436336167, 0.000589923409279, -0.000395267619751, 0.000647526758257, -0.000665793544613, -7.53616550355e-05, -0.000317337020533, -5.09458368469e-05, -0.000568893796299, 0.000167992824572], [-0.00030101815355, 0.0197635516524, -0.00792759656906, 0.014519511722, -0.0115372454748, 0.00958535261452, -0.0113298688084, 0.0100632086396, -0.0100782411173, 0.0123980464414, -0.013750532642, 0.0130913341418, -0.0077518732287], [0.00073224818334, -0.00792759656906, 0.00662923883647, -0.00589370029047, 0.00461356947199, -0.00473230145872, 0.00528655201197, -0.00434257602319, 0.0037128070835, -0.00480761006474, 0.00608944287524, -0.00674117309973, 0.0030059395358], [-0.000292436336167, 0.014519511722, -0.00589370029047, 0.0135630238801, -0.00805071089417, 0.00516432896256, -0.00812101457268, 0.00808272138238, -0.0074499710463, 0.00940711144358, -0.00989027041942, 0.0106718773022, -0.00658012228087], [0.000589923409279, -0.0115372454748, 0.00461356947199, -0.00805071089417, 0.00979101844132, -0.00461544143036, 0.00656961975619, -0.00516575342044, 0.00478217890486, -0.00783539097756, 0.00737755000591, -0.00742819206789, 0.0041536334902], [-0.000395267619751, 0.00958535261452, -0.00473230145872, 0.00516432896256, -0.00461544143036, 0.0119495391846, -0.0068460018374, 0.0047866855748, -0.00403941003606, 0.00392650440335, -0.00770736532286, 0.0072669791989, -0.00368054653518], [0.000647526758257, -0.0113298688084, 0.00528655201197, -0.00812101457268, 0.00656961975619, -0.0068460018374, 0.0134545946494, -0.00996433198452, 0.00707975495607, -0.00902133993804, 0.00834675319493, -0.0100128715858, 0.00708684045821], [-0.000665793544613, 0.0100632086396, -0.00434257602319, 0.00808272138238, -0.00516575342044, 0.0047866855748, -0.00996433198452, 0.0158431287855, -0.00839870143682, 0.0110020730644, -0.0107909003273, 0.0096233189106, -0.00783068779856], [-7.53616550355e-05, -0.0100782411173, 0.0037128070835, -0.0074499710463, 0.00478217890486, -0.00403941003606, 0.00707975495607, -0.00839870143682, 0.0181667190045, -0.0121401818469, 0.0110935075209, -0.012913653627, 0.0095112528652], [-0.000317337020533, 0.0123980464414, -0.00480761006474, 0.00940711144358, -0.00783539097756, 0.00392650440335, -0.00902133993804, 0.0110020730644, -0.0121401818469, 0.0231631491333, -0.0158533658832, 0.0164108518511, -0.0110034858808], [-5.09458368469e-05, -0.013750532642, 0.00608944287524, -0.00989027041942, 0.00737755000591, -0.00770736532286, 0.00834675319493, -0.0107909003273, 0.0110935075209, -0.0158533658832, 0.0293562542647, -0.016128571704, 0.0121735176072], [-0.000568893796299, 0.0130913341418, -0.00674117309973, 0.0106718773022, -0.00742819206789, 0.0072669791989, -0.0100128715858, 0.0096233189106, -0.012913653627, 0.0164108518511, -0.016128571704, 0.0251608658582, -0.0104645770043], [0.000167992824572, -0.0077518732287, 0.0030059395358, -0.00658012228087, 0.0041536334902, -0.00368054653518, 0.00708684045821, -0.00783068779856, 0.0095112528652, -0.0110034858808, 0.0121735176072, -0.0104645770043, 0.0181797016412]]
    },
    "melbands": {
        "dmean": [0.000456648587715, 0.000362441147445, 0.00019521304057, 0.000338041456416, 0.000271005032118, 0.000280703417957, 0.000346844724845, 0.000244710070547, 7.55352593842e-05, 2.97506558127e-05, 2.57181582128e-05, 3.05123357975e-05, 2.69088013738e-05, 2.123626291e-05, 1.87760851986e-05, 1.41230484587e-05, 1.14780132208e-05, 7.16748445484e-06, 6.07173842582e-06, 4.11385008192e-06, 7.42730026104e-06, 6.35189053355e-06, 4.81365714222e-06, 2.08957476389e-06, 2.31092053582e-06, 1.82858366315e-06, 1.26296549752e-06, 9.15344742225e-07, 7.67012863889e-07, 5.83467624438e-07, 5.29711201125e-07, 5.47013314645e-07, 5.846434874e-07, 6.41914255084e-07, 4.77899618545e-07, 3.17419534213e-07, 1.73529912217e-07, 9.69517017779e-08, 5.10960305178e-08, 1.22550121162e-08],
        "dmean2": [0.000735461886507, 0.00059410155518, 0.000322469015373, 0.000557073391974, 0.000423327001045, 0.000405348575441, 0.000514332554303, 0.000363707484212, 0.000110833345389, 4.57252681372e-05, 3.85729581467e-05, 4.56639209006e-05, 3.95515926357e-05, 3.25895307469e-05, 2.95457120956e-05, 2.1259425921e-05, 1.76428147824e-05, 1.13234818855e-05, 9.81651737675e-06, 6.28509451417e-06, 1.05594108391e-05, 8.99062888493e-06, 7.15032956577e-06, 3.28803639604e-06, 3.61378056368e-06, 2.82827363662e-06, 1.82195196885e-06, 1.30941396037e-06, 1.16459591482e-06, 8.84094959019e-07, 7.46095622617e-07, 7.61871092436e-07, 8.47158844408e-07, 9.44312489537e-07, 6.53524352856e-07, 4.57102856899e-07, 2.66685191264e-07, 1.50353358208e-07, 7.58643565746e-08, 1.8668066204e-08],
        "dvar": [7.58219130148e-07, 2.53443090514e-07, 7.9964422639e-08, 4.17738874603e-07, 1.99494920139e-07, 3.96708429662e-07, 8.04608077942e-07, 8.93345145414e-07, 1.46462753037e-07, 6.05916428142e-09, 7.7679507271e-09, 7.77802089402e-09, 1.04033173187e-08, 5.73706193663e-09, 4.49506609712e-09, 2.34917085784e-09, 3.09491610118e-09, 5.11478859266e-10, 6.56881771199e-10, 2.16105799922e-10, 6.66459776255e-10, 4.95741225848e-10, 3.02996933099e-10, 7.51714385183e-11, 1.275540229e-10, 6.24753720979e-11, 5.47246241378e-11, 3.18432259727e-11, 1.60691425444e-11, 8.91425648575e-12, 6.17469530367e-12, 5.80834685904e-12, 5.44006810085e-12, 1.1690678807e-11, 3.77811323893e-12, 2.24889312901e-12, 8.61800268735e-13, 1.45684611835e-13, 3.38029063562e-14, 2.37997517575e-15],
        "dvar2": [1.92224911189e-06, 6.77689854456e-07, 2.19247425548e-07, 1.08356778128e-06, 4.71804099789e-07, 6.74366617659e-07, 1.49448806042e-06, 2.43144177148e-06, 2.94455588801e-07, 1.41453160296e-08, 1.70108229725e-08, 1.67829536935e-08, 2.29054553103e-08, 1.24942340918e-08, 1.10199449566e-08, 5.89987658728e-09, 6.93056234624e-09, 1.24858823281e-09, 1.74851166879e-09, 5.06518105237e-10, 1.4062204734e-09, 1.03643471583e-09, 6.53833931441e-10, 1.91346702372e-10, 3.22667587094e-10, 1.57556689917e-10, 1.3615461536e-10, 6.64796204197e-11, 4.08524707118e-11, 2.00216579427e-11, 1.38683092787e-11, 9.852774846e-12, 1.05283620364e-11, 2.88146902172e-11, 7.50826224111e-12, 4.37702565165e-12, 1.9345501763e-12, 3.81171602528e-13, 6.90392702859e-14, 5.44259368544e-15],
        "max": [0.0173642579466, 0.00627813115716, 0.00468579214066, 0.0102373640984, 0.00766147300601, 0.0176555309445, 0.0196118894964, 0.0237998850644, 0.0122503619641, 0.00193137291353, 0.00294277234934, 0.00190361135174, 0.00277920858935, 0.00172014848795, 0.00206217216328, 0.00102724751923, 0.00169987382833, 0.000516078958753, 0.000691405322868, 0.000349653477315, 0.000846181297675, 0.000636413693428, 0.000476476328913, 0.000274725345662, 0.000322853826219, 0.000250950455666, 0.000269756856142, 0.000265957525698, 0.000118864241813, 8.54088793858e-05, 7.19499003026e-05, 7.01847893652e-05, 8.39365675347e-05, 0.000140216419823, 6.39963327558e-05, 4.45520927315e-05, 3.27425259457e-05, 1.24901589516e-05, 5.55442193217e-06, 1.11433098482e-06],
        "mean": [0.000809332705103, 0.000622915918939, 0.000358389836038, 0.000584075052757, 0.00050918594934, 0.000505303556565, 0.000618993479293, 0.000396138697397, 0.000125077363919, 5.61557317269e-05, 4.45023179054e-05, 4.75916422147e-05, 4.07789812016e-05, 3.0553455872e-05, 2.99573857774e-05, 2.42060905293e-05, 1.70541879925e-05, 1.14448048407e-05, 9.86429222394e-06, 7.11192842573e-06, 1.25983215185e-05, 1.13913283712e-05, 8.8647393568e-06, 3.89398519474e-06, 4.18724857809e-06, 3.68866540157e-06, 2.52575341619e-06, 2.07390644391e-06, 1.32167122047e-06, 1.02696651538e-06, 9.25785002437e-07, 9.42738381582e-07, 9.47820637975e-07, 9.71235181169e-07, 7.61535773108e-07, 5.18876788647e-07, 2.62879609636e-07, 1.36394305628e-07, 7.27493087993e-08, 1.50905616891e-08],
        "median": [0.000347159977537, 0.000383985316148, 0.00024637838942, 0.0003305063874, 0.000264268135652, 0.000177660374902, 0.000184416843695, 7.44826538721e-05, 2.23422048293e-05, 1.36971329994e-05, 7.09046435077e-06, 7.38896551411e-06, 6.59765464661e-06, 6.19325328444e-06, 5.07354207002e-06, 3.96204131903e-06, 2.87791408482e-06, 3.31085630023e-06, 2.01130796995e-06, 1.5266432456e-06, 1.98322004508e-06, 1.82528219739e-06, 1.29763429868e-06, 4.93402922075e-07, 3.65265862001e-07, 3.05781640009e-07, 8.43324627908e-08, 4.11134344347e-08, 3.62203884663e-08, 3.24540962993e-08, 3.74902562328e-08, 3.55022038434e-08, 3.99655064598e-08, 4.63870293288e-08, 3.25290052672e-08, 1.55727502005e-08, 4.29984359229e-09, 3.17736859046e-09, 1.99662153477e-09, 3.08904096746e-10],
        "min": [3.98346315933e-08, 2.72785243283e-08, 1.5983943058e-08, 2.93302604426e-09, 2.14533226739e-08, 8.77197159355e-09, 1.47464058742e-08, 4.10241929316e-09, 5.73884406663e-09, 1.99819361058e-09, 4.22863077887e-09, 1.08508295682e-08, 4.29900309795e-10, 1.75636824529e-10, 8.26721260894e-11, 4.24207925731e-11, 4.17193640745e-11, 1.23058932835e-11, 1.27227759578e-11, 2.4748564309e-11, 3.17737260114e-11, 8.13834763469e-12, 3.48366543945e-11, 7.6584662223e-11, 1.85869056257e-10, 1.52039866808e-10, 1.84155902333e-11, 7.31901464348e-13, 7.75644630989e-13, 1.0161456095e-12, 1.56275914518e-12, 3.1646623256e-12, 3.21461975962e-12, 3.02736741925e-12, 1.31828931452e-11, 9.43226226291e-12, 9.77783609288e-13, 3.87744523989e-13, 3.27676335501e-13, 2.55350346987e-13],
        "var": [1.71745830357e-06, 4.79932168673e-07, 1.49225428459e-07, 5.82735367516e-07, 5.4219589174e-07, 1.18512855352e-06, 2.01893021767e-06, 1.38257337312e-06, 3.09696986278e-07, 1.58448685283e-08, 2.50834322202e-08, 1.57509276733e-08, 2.0025789027e-08, 8.31508906174e-09, 9.31447186048e-09, 5.30417176847e-09, 4.16639878154e-09, 8.73146277502e-10, 1.23908738825e-09, 4.735982162e-10, 1.58335400346e-09, 1.27783983395e-09, 9.0149843146e-10, 2.46020148698e-10, 3.32236654854e-10, 2.54600451832e-10, 2.28484856035e-10, 1.70716357717e-10, 4.78022066375e-11, 2.90706226452e-11, 2.04316962654e-11, 1.86877648772e-11, 1.62525444491e-11, 2.32204602768e-11, 1.12936804006e-11, 6.83255275274e-12, 2.52117229003e-12, 3.70165432594e-13, 1.00771909534e-13, 4.49376135397e-15]
    },
    "mfcc": {
        "mean": [-743.355041504, 184.774612427, 1.64985370636, 26.2851543427, 10.1073026657, 8.27357006073, -19.2919082642, 8.0931892395, -12.4328451157, -4.51411104202, 1.50728964806, 3.20587253571, 3.54556083679],
        "cov": [[6062.18457031, -1719.00524902, -454.47366333, 13.6652441025, -801.300048828, 11.1175518036, -200.296783447, 252.715026855, -192.750686646, 202.045272827, -32.6619491577, 265.98638916, 45.9219512939], [-1719.00524902, 1902.79467773, -205.54069519, -228.461898804, 363.053619385, -257.054260254, -40.4108009338, 22.4381275177, 62.7296257019, -193.990310669, 137.345443726, -55.1964302063, 72.6846313477], [-454.47366333, -205.54069519, 449.783935547, 17.4797115326, -17.1732234955, 55.8771247864, 23.9852218628, 11.6371011734, 9.77947807312, 6.19710540771, -42.9888076782, -29.9989204407, -16.7299175262], [13.6652441025, -228.461898804, 17.4797115326, 228.492645264, 36.5064201355, 66.8846817017, -3.86400508881, -13.0745925903, 4.35871744156, 25.1060256958, -20.4827747345, -20.4008541107, -14.5301065445], [-801.300048828, 363.053619385, -17.1732234955, 36.5064201355, 406.841888428, 38.0593452454, -8.68371105194, -112.483451843, 36.3702201843, -46.8484916687, -2.72753787041, -33.9488220215, -14.7966766357], [11.1175518036, -257.054260254, 55.8771247864, 66.8846817017, 38.0593452454, 226.401000977, 18.8523921967, -63.2722702026, -15.6614971161, 50.1363449097, -5.45504617691, 7.0313205719, -10.029964447], [-200.296783447, -40.4108009338, 23.9852218628, -3.86400508881, -8.68371105194, 18.8523921967, 224.068313599, -13.5668678284, 26.2903518677, 53.1886978149, -6.97617578506, 2.48541617393, -6.3771481514], [252.715026855, 22.4381275177, 11.6371011734, -13.0745925903, -112.483451843, -63.2722702026, -13.5668678284, 256.928771973, -19.9459056854, -7.3615322113, 39.0230293274, 5.1393122673, 46.8937683105], [-192.750686646, 62.7296257019, 9.77947807312, 4.35871744156, 36.3702201843, -15.6614971161, 26.2903518677, -19.9459056854, 122.466567993, 2.45705485344, -22.8954601288, 3.01194286346, -9.71438503265], [202.045272827, -193.990310669, 6.19710540771, 25.1060256958, -46.8484916687, 50.1363449097, 53.1886978149, -7.3615322113, 2.45705485344, 153.743301392, 28.1534957886, 1.39762401581, -3.32244610786], [-32.6619491577, 137.345443726, -42.9888076782, -20.4827747345, -2.72753787041, -5.45504617691, -6.97617578506, 39.0230293274, -22.8954601288, 28.1534957886, 113.706222534, 12.9110822678, 11.4825277328], [265.98638916, -55.1964302063, -29.9989204407, -20.4008541107, -33.9488220215, 7.0313205719, 2.48541617393, 5.1393122673, 3.01194286346, 1.39762401581, 12.9110822678, 108.69972229, 30.8238563538], [45.9219512939, 72.6846313477, -16.7299175262, -14.5301065445, -14.7966766357, -10.029964447, -6.3771481514, 46.8937683105, -9.71438503265, -3.32244610786, 11.4825277328, 30.8238563538, 84.3035049438]],
