{
"lowlevel": {
    "average_loudness": 0.966883003712,
    "barkbands_crest": {
        "dmean": 2.42465186119,
        "dmean2": 3.6626598835,
        "dvar": 6.83587265015,
        "dvar2": 15.7394313812,
        "max": 26.7225513458,
        "mean": 15.8463916779,
        "median": 15.5079650879,
        "min": 3.84680128098,
        "var": 24.4659824371
    },
    "barkbands_flatness_db": {
        "dmean": 0.0317911989987,
        "dmean2": 0.0460280552506,
        "dvar": 0.00124591402709,
        "dvar2": 0.00236078724265,
        "max": 0.609530687332,
        "mean": 0.344108730555,
        "median": 0.341083198786,
        "min": 0.0943732708693,
        "var": 0.00557373184711
    },
    "barkbands_kurtosis": {
        "dmean": 20.0192489624,
        "dmean2": 30.0582294464,
        "dvar": 2278.60058594,
        "dvar2": 5086.5625,
        "max": 1124.40136719,
        "mean": 36.601272583,
        "median": 16.0996742249,
        "min": -1.94755673409,
        "var": 4162.08349609
    },
    "barkbands_skewness": {
        "dmean": 1.17820620537,
        "dmean2": 1.71956920624,
        "dvar": 2.97374844551,
        "dvar2": 6.60511398315,
        "max": 23.9218025208,
        "mean": 3.25138068199,
        "median": 2.68040108681,
        "min": -5.72236919403,
        "var": 9.44018554688
    },
    "barkbands_spread": {
        "dmean": 2.89298677444,
        "dmean2": 4.46020078659,
        "dvar": 52.710018158,
        "dvar2": 123.291748047,
        "max": 91.5026397705,
        "mean": 6.57339906693,
        "median": 3.32690119743,
        "min": 0.0707697942853,
        "var": 109.891685486
    },
    "dissonance": {
        "dmean": 0.035594932735,
        "dmean2": 0.0562597177923,
        "dvar": 0.001069215592,
        "dvar2": 0.00264299381524,
        "max": 0.499432742596,
        "mean": 0.379527270794,
        "median": 0.381235003471,
        "min": 0.151072978973,
        "var": 0.00441474001855
    },
    "dynamic_complexity": 3.88796806335,
    "erbbands_crest": {
        "dmean": 2.95858621597,
        "dmean2": 4.36391067505,
        "dvar": 9.38383865356,
        "dvar2": 22.7881584167,
        "max": 32.1351127625,
        "mean": 16.6561660767,
        "median": 16.2246742249,
        "min": 3.52776956558,
        "var": 31.4413776398
    },
    "erbbands_flatness_db": {
        "dmean": 0.0226172804832,
        "dmean2": 0.0319950915873,
        "dvar": 0.000732297718059,
        "dvar2": 0.00147869507782,
        "max": 0.481487214565,
        "mean": 0.298626095057,
        "median": 0.302453547716,
        "min": 0.123116753995,
        "var": 0.00324872415513
    },
    "erbbands_kurtosis": {
        "dmean": 6.52696228027,
        "dmean2": 10.0884809494,
        "dvar": 250.503219604,
        "dvar2": 593.83026123,
        "max": 263.105041504,
        "mean": 11.42299366,
        "median": 3.90559673309,
        "min": -1.88007092476,
        "var": 469.250427246
    },
    "erbbands_skewness": {
        "dmean": 0.749673128128,
        "dmean2": 1.07642352581,
        "dvar": 1.17657661438,
        "dvar2": 2.49536275864,
        "max": 11.3618135452,
        "mean": 1.88513553143,
        "median": 1.51896119118,
        "min": -7.70051813126,
        "var": 4.56896924973
    },
    "erbbands_spread": {
        "dmean": 7.68817234039,
        "dmean2": 11.8768377304,
        "dvar": 218.338424683,
        "dvar2": 514.373352051,
        "max": 145.281799316,
        "mean": 20.2639789581,
        "median": 14.2807226181,
        "min": 0.534246146679,
        "var": 388.383789062
    },
    "hfc": {
        "dmean": 2.59162330627,
        "dmean2": 3.25659489632,
        "dvar": 17.6762161255,
        "dvar2": 32.754234314,
        "max": 85.9654846191,
        "mean": 12.1559429169,
        "median": 7.49419021606,
        "min": 0.000117312330985,
        "var": 165.566299438
    },
    "melbands_crest": {
        "dmean": 3.00236225128,
        "dmean2": 4.46138191223,
        "dvar": 9.78752994537,
        "dvar2": 22.1395931244,
        "max": 34.639919281,
        "mean": 20.1591720581,
        "median": 19.5505981445,
        "min": 4.20207262039,
        "var": 40.2906532288
    },
    "melbands_flatness_db": {
        "dmean": 0.0345669537783,
        "dmean2": 0.0472622141242,
        "dvar": 0.0019031688571,
        "dvar2": 0.00342047167942,
        "max": 0.719757854939,
        "mean": 0.390190154314,
        "median": 0.386753857136,
        "min": 0.0171856787056,
        "var": 0.00939402822405
    },
    "melbands_kurtosis": {
        "dmean": 27.1518573761,
        "dmean2": 42.5102958679,
        "dvar": 3278.33081055,
        "dvar2": 8021.44677734,
        "max": 757.228393555,
        "mean": 52.2122535706,
        "median": 23.9790592194,
        "min": -1.87673425674,
        "var": 6529.04785156
    },
    "melbands_skewness": {
        "dmean": 1.26435148716,
        "dmean2": 1.88980948925,
        "dvar": 3.62016940117,
        "dvar2": 8.70206356049,
        "max": 20.5545654297,
        "mean": 3.80349421501,
        "median": 3.06994724274,
        "min": -2.66170859337,
        "var": 10.9446802139
    },
    "melbands_spread": {
        "dmean": 4.37874603271,
        "dmean2": 6.80729436874,
        "dvar": 239.014816284,
        "dvar2": 592.014892578,
        "max": 268.290496826,
        "mean": 9.16380882263,
        "median": 3.44816088676,
        "min": 0.182102486491,
        "var": 369.871459961
    },
    "pitch_salience": {
        "dmean": 0.0673688799143,
        "dmean2": 0.100736752152,
        "dvar": 0.00602583028376,
        "dvar2": 0.0128057040274,
        "max": 0.86012250185,
        "mean": 0.420661717653,
        "median": 0.430277943611,
        "min": 0.0275627672672,
        "var": 0.0255912188441
    },
    "silence_rate_20dB": {
        "dmean": 0,
        "dmean2": 0,
        "dvar": 0,
        "dvar2": 0,
        "max": 1,
        "mean": 1,
        "median": 1,
        "min": 1,
        "var": 0
    },
    "silence_rate_30dB": {
        "dmean": 0.002323779976,
        "dmean2": 0.00464936066419,
        "dvar": 0.00231837900355,
        "dvar2": 0.00695240637287,
        "max": 1,
        "mean": 0.998838543892,
        "median": 1,
        "min": 0,
        "var": 0.00116009509657
    },
    "silence_rate_60dB": {
        "dmean": 0.0418280400336,
        "dmean2": 0.0836884900928,
        "dvar": 0.0400784313679,
        "dvar2": 0.0828840732574,
        "max": 1,
        "mean": 0.108788229525,
        "median": 0,
        "min": 0,
        "var": 0.0969540178776
    },
    "spectral_centroid": {
        "dmean": 147.459121704,
        "dmean2": 214.997146606,
        "dvar": 152894.328125,
        "dvar2": 295748.375,
        "max": 5626.13037109,
        "mean": 592.210510254,
        "median": 359.978668213,
        "min": 113.571289062,
        "var": 430852.8125
    },
    "spectral_complexity": {
        "dmean": 1.1301317215,
        "dmean2": 1.73382413387,
        "dvar": 2.14499521255,
        "dvar2": 4.06590366364,
        "max": 22,
        "mean": 6.33565616608,
        "median": 6,
        "min": 0,
        "var": 15.7793264389
    },
    "spectral_decrease": {
        "dmean": 1.92726745674e-09,
        "dmean2": 2.71440803168e-09,
        "dvar": 9.54494214019e-18,
        "dvar2": 2.01811025988e-17,
        "max": -1.53487533555e-13,
        "mean": -7.26924698213e-09,
        "median": -6.77170808316e-09,
        "min": -3.76381628087e-08,
        "var": 2.91266539507e-17
    },
    "spectral_energy": {
        "dmean": 0.00746183888987,
        "dmean2": 0.0104813985527,
        "dvar": 0.000141014330438,
        "dvar2": 0.000297988852253,
        "max": 0.145056322217,
        "mean": 0.0285384040326,
        "median": 0.0264096558094,
        "min": 5.89935325479e-07,
        "var": 0.000445632060291
    },
    "spectral_energyband_high": {
        "dmean": 6.51907248539e-05,
        "dmean2": 9.65726794675e-05,
        "dvar": 1.38748660561e-07,
        "dvar2": 3.00476244774e-07,
        "max": 0.00740682007745,
        "mean": 8.79479412106e-05,
        "median": 8.82294261828e-06,
        "min": 1.85523069129e-10,
        "var": 2.30371483667e-07
    },
    "spectral_energyband_low": {
        "dmean": 0.00235516112298,
        "dmean2": 0.00328285549767,
        "dvar": 2.26830907195e-05,
        "dvar2": 4.37378366769e-05,
        "max": 0.0736082941294,
        "mean": 0.00562107982114,
        "median": 0.00200422015041,
        "min": 1.2381713077e-07,
        "var": 7.52095802454e-05
    },
    "spectral_energyband_middle_high": {
        "dmean": 0.000897151592653,
        "dmean2": 0.000974617840257,
        "dvar": 6.66463574817e-06,
        "dvar2": 8.0990830611e-06,
        "max": 0.0617701299489,
        "mean": 0.00417040195316,
        "median": 0.000317907979479,
        "min": 7.83891840328e-10,
        "var": 9.16308999876e-05
    },
    "spectral_energyband_middle_low": {
        "dmean": 0.00635051820427,
        "dmean2": 0.00927579961717,
        "dvar": 0.00011507201998,
        "dvar2": 0.000256784464,
        "max": 0.144036486745,
        "mean": 0.0203757826239,
        "median": 0.0174987222999,
        "min": 5.10816221322e-07,
        "var": 0.000312168849632
    },
    "spectral_entropy": {
        "dmean": 0.320131599903,
        "dmean2": 0.455230742693,
        "dvar": 0.161560460925,
        "dvar2": 0.293320715427,
        "max": 8.44430732727,
        "mean": 5.85498428345,
        "median": 5.82128190994,
        "min": 3.21949744225,
        "var": 0.695721685886
    },
    "spectral_flux": {
        "dmean": 0.0282508917153,
        "dmean2": 0.0441699251533,
        "dvar": 0.00109386909753,
        "dvar2": 0.00259602605365,
        "max": 0.302119582891,
        "mean": 0.0583603195846,
        "median": 0.0443967394531,
        "min": 0.000768072495703,
        "var": 0.0022384787444
    },
    "spectral_kurtosis": {
        "dmean": 8.9387254715,
        "dmean2": 14.6635389328,
        "dvar": 96.6169967651,
        "dvar2": 226.510986328,
        "max": 151.936126709,
        "mean": 17.8601131439,
        "median": 13.5149803162,
        "min": -1.04905331135,
        "var": 266.702850342
    },
    "spectral_rms": {
        "dmean": 0.000702786317561,
        "dmean2": 0.000950464222115,
        "dvar": 9.66092443377e-07,
        "dvar2": 1.79047185611e-06,
        "max": 0.0118961492553,
        "mean": 0.00480993185192,
        "median": 0.00507597438991,
        "min": 2.39905530179e-05,
        "var": 4.70691520604e-06
    },
    "spectral_rolloff": {
        "dmean": 200.036193848,
        "dmean2": 338.319366455,
        "dvar": 559938.25,
        "dvar2": 1184718.625,
        "max": 9043.9453125,
        "mean": 669.064147949,
        "median": 301.46484375,
        "min": 107.666015625,
        "var": 1152729.125
    },
    "spectral_skewness": {
        "dmean": 0.745456159115,
        "dmean2": 1.16803205013,
        "dvar": 0.496137857437,
        "dvar2": 1.12360787392,
        "max": 10.2638034821,
        "mean": 2.87847018242,
        "median": 2.69995999336,
        "min": -0.836280286312,
        "var": 2.07781767845
    },
    "spectral_spread": {
        "dmean": 562334.4375,
        "dmean2": 870072,
        "dvar": 609454391296,
        "dvar2": 1.04801789542e+12,
        "max": 27649694,
        "mean": 2713843.5,
        "median": 2365194,
        "min": 572431.3125,
        "var": 1.62662960333e+12
    },
    "spectral_strongpeak": {
        "dmean": 0.427393734455,
        "dmean2": 0.68692868948,
        "dvar": 0.479394704103,
        "dvar2": 1.16866660118,
        "max": 9.60923480988,
        "mean": 1.45886182785,
        "median": 0.972180664539,
        "min": 0.00127880997024,
        "var": 2.26204514503
    },
    "zerocrossingrate": {
        "dmean": 0.00601293193176,
        "dmean2": 0.00661062076688,
        "dvar": 0.000191030776477,
        "dvar2": 0.00016766707995,
        "max": 0.33740234375,
        "mean": 0.0268358085304,
        "median": 0.01708984375,
        "min": 0.00244140625,
        "var": 0.00102956022602
    },
    "barkbands": {
        "dmean": [3.51551739186e-06, 0.000272351433523, 0.00170806620736, 0.00178305699956, 0.00454348744825, 0.000572578806896, 0.000406006758567, 0.000261936802417, 0.000615670520347, 0.000504525902215, 0.000270482880296, 0.000177410853212, 0.00013770237274, 8.73614189913e-05, 0.000100406759884, 9.60031538852e-05, 4.30310392403e-05, 3.52885872417e-05, 2.43059839704e-05, 2.39420005528e-05, 2.00080776267e-05, 1.59808332683e-05, 1.12561210699e-05, 1.13026562758e-05, 1.32546153964e-06, 2.24536966797e-09, 9.99846094807e-10],
        "dmean2": [6.28129055258e-06, 0.00035753659904, 0.0024094809778, 0.00272977352142, 0.00669888034463, 0.000764811877161, 0.000544023059774, 0.000348077184753, 0.000681517878547, 0.000571279029828, 0.000311087904265, 0.000214967745706, 0.00017856307386, 0.000109508393507, 0.000140503936564, 0.000140341173392, 6.11633222434e-05, 4.85335767735e-05, 3.27321140503e-05, 4.00659773732e-05, 3.21255829476e-05, 2.32094043895e-05, 1.67967991729e-05, 1.65206274687e-05, 1.96712721845e-06, 3.59641871839e-09, 1.83622483885e-09],
        "dvar": [4.10560557773e-10, 3.51594195536e-07, 1.5093562979e-05, 1.6321107978e-05, 8.37303305161e-05, 3.58561828762e-06, 1.93094729184e-06, 1.42311205309e-06, 4.49792105428e-06, 4.10346092394e-06, 1.91560388885e-06, 6.19610318608e-07, 7.65934544233e-07, 1.73039737206e-07, 1.70169286662e-07, 2.41303354187e-07, 2.2414635481e-08, 1.41826124178e-08, 8.09461031537e-09, 6.15574649032e-08, 2.74594409433e-08, 1.60662381177e-08, 5.4362185864e-09, 5.55671153535e-09, 2.04191025199e-10, 3.41617334413e-16, 2.02476050249e-18],
        "dvar2": [1.15171006065e-09, 5.93063589349e-07, 2.99277380691e-05, 4.28886523878e-05, 0.000181918047019, 6.31099601378e-06, 3.52813572135e-06, 2.83950816993e-06, 7.40266932553e-06, 5.68296081838e-06, 2.39931478063e-06, 7.59967861086e-07, 1.71690260231e-06, 2.17202142494e-07, 3.54226415311e-07, 6.21372237219e-07, 4.79078074989e-08, 2.32721131255e-08, 1.12335172275e-08, 1.79348290885e-07, 7.62085790029e-08, 2.93782598249e-08, 9.88453585649e-09, 1.06128750232e-08, 4.69613958831e-10, 7.45023816504e-16, 6.52447517625e-18],
        "max": [0.000458398048067, 0.0125864055008, 0.0656925737858, 0.0521909482777, 0.141544803977, 0.0424284785986, 0.0233088769019, 0.0286018233746, 0.0451801940799, 0.0491781309247, 0.0535299777985, 0.0291580390185, 0.03120296821, 0.0201036445796, 0.0106655629352, 0.0140497768298, 0.0036685061641, 0.0046654464677, 0.0041730767116, 0.00859878305346, 0.00497976597399, 0.00403659744188, 0.00232662563212, 0.0025163393002, 0.000656105403323, 8.41111329919e-07, 1.23089707316e-08],
        "mean": [2.55909594671e-06, 0.000586521753576, 0.00358819030225, 0.00342951039784, 0.010652307421, 0.00220228149556, 0.00102742982563, 0.000517896667589, 0.00188971345779, 0.00197157706134, 0.000895536388271, 0.00050113350153, 0.000410875160014, 0.000189242768101, 0.000183304189704, 0.000159556206199, 9.39590900089e-05, 7.80632981332e-05, 5.39251341252e-05, 2.92618187814e-05, 2.11157966987e-05, 2.04554962693e-05, 1.62949163496e-05, 1.60285599122e-05, 1.66990105299e-06, 2.3610895461e-09, 8.25642165747e-10],
        "median": [2.03719949354e-07, 6.20354694547e-05, 0.000806534604635, 0.000725941092242, 0.00580885400996, 0.000145830708789, 6.89387234161e-05, 3.20332146657e-05, 1.85338194569e-05, 7.83911673352e-06, 1.12855523184e-05, 1.82083877007e-05, 5.46135424884e-06, 7.19171021046e-06, 1.09001457531e-05, 1.05409244497e-05, 7.64315154811e-06, 8.17683485366e-06, 6.51107211525e-06, 4.61870922663e-06, 1.54218730586e-06, 9.89523414319e-07, 1.19647927477e-06, 9.08218453333e-07, 1.41969394463e-07, 5.31331867393e-10, 2.83706252935e-10],
        "min": [1.44890800746e-11, 4.2610652784e-09, 7.19107049463e-08, 7.09228942242e-08, 2.88870467102e-07, 8.01634258973e-10, 3.58024210279e-09, 1.45509534977e-10, 2.78958439681e-10, 2.06245714951e-11, 5.61326957138e-11, 3.89078019802e-10, 4.10932433914e-11, 6.12882531184e-12, 8.51270304247e-11, 5.66189629903e-12, 2.45135231558e-11, 1.31336885811e-10, 2.13001855737e-11, 2.6314679602e-11, 4.95479039742e-11, 8.44260009125e-11, 1.36417075552e-11, 8.08636751309e-12, 3.57007891132e-12, 2.64106184839e-12, 3.43714444927e-12],
        "var": [2.62335431156e-10, 1.46466993556e-06, 4.81269380543e-05, 3.92971560359e-05, 0.000201793634915, 2.09020217881e-05, 6.467726962e-06, 3.92938773075e-06, 2.50650919043e-05, 4.12396875618e-05, 1.76546836883e-05, 4.03673948313e-06, 2.63394440481e-06, 7.62410195421e-07, 4.02524108267e-07, 3.25147055946e-07, 6.46208704325e-08, 6.0217139719e-08, 4.89478360066e-08, 3.74479327547e-08, 2.13327115972e-08, 2.77747211896e-08, 1.11569233852e-08, 1.21652643514e-08, 2.54154586266e-10, 4.1349506801e-16, 1.76757288605e-18]
    },
    "erbbands": {
        "dmean": [0.00166488450486, 0.112109184265, 1.59740686417, 3.44568538666, 13.9252347946, 16.1284408569, 6.81056499481, 4.63758277893, 4.55175924301, 7.07341766357, 5.54472398758, 14.2444496155, 16.7337646484, 13.7385139465, 10.6442890167, 6.74580383301, 4.88479757309, 4.77100038528, 4.57986164093, 4.61932134628, 4.5535902977, 2.1867351532, 1.87089788914, 1.29250442982, 1.10662329197, 1.24864196777, 1.00882554054, 0.548715949059, 0.659403324127, 0.430332124233, 0.311830252409, 0.317360699177, 0.126052618027, 0.0321148261428, 0.00155252881814, 7.73811843828e-05, 7.78570210969e-06, 1.64664788826e-06, 3.59274235961e-06, 8.25525421533e-06],
        "dmean2": [0.00226206169464, 0.147393748164, 2.19330596924, 5.08795118332, 20.8184375763, 23.4645080566, 9.04539012909, 5.95822286606, 5.98203325272, 9.37834072113, 7.0604968071, 15.499830246, 17.2735157013, 13.9222249985, 11.4227085114, 7.48259067535, 5.91956853867, 5.87727022171, 6.27969503403, 6.25315904617, 6.64429235458, 2.9539732933, 2.56124544144, 1.68391144276, 1.55675017834, 2.13922548294, 1.70196175575, 0.825681507587, 0.98681384325, 0.542735517025, 0.472867429256, 0.460364699364, 0.181257292628, 0.045993745327, 0.00225326814689, 0.000110432891233, 1.11200733954e-05, 2.45908313445e-06, 4.99057841807e-06, 1.15806378744e-05],
        "dvar": [1.17697773021e-05, 0.0575911439955, 12.9832448959, 45.4010314941, 803.622253418, 1212.85900879, 249.692977905, 373.116912842, 199.53742981, 841.95324707, 569.053771973, 2859.75415039, 3822.62158203, 2882.92480469, 2820.47241211, 905.994262695, 552.383850098, 750.16784668, 428.802093506, 351.550109863, 846.56817627, 78.0517196655, 33.4392471313, 30.9297542572, 15.2262239456, 243.44430542, 83.9000015259, 10.3690347672, 27.1335983276, 13.3045434952, 3.3315243721, 5.24197244644, 0.504309058189, 0.0870000272989, 0.000230360761634, 4.74401900874e-07, 1.50651191522e-09, 3.62008339971e-11, 2.96327927474e-11, 1.68089847596e-10],
        "dvar2": [2.21388345381e-05, 0.0941976234317, 24.2126045227, 102.760948181, 1922.84655762, 2585.73461914, 419.271972656, 646.821960449, 356.932159424, 1548.68041992, 1155.08654785, 5044.54638672, 5062.89746094, 3677.15649414, 3197.26293945, 1020.23602295, 994.978393555, 1321.33935547, 859.754333496, 737.184997559, 2237.89355469, 188.370697021, 63.4831161499, 41.2051124573, 31.133605957, 714.79107666, 236.580001831, 23.3536376953, 56.3288879395, 20.7298927307, 6.1695394516, 10.391992569, 0.910273730755, 0.192599341273, 0.000515841238666, 1.04467426354e-06, 2.99595526165e-09, 6.4809102529e-11, 6.22763784985e-11, 3.55245943773e-10],
        "max": [0.0606977753341, 5.14352083206, 62.0942230225, 79.6645965576, 379.066101074, 577.320495605, 336.367279053, 455.413299561, 319.293518066, 733.261901855, 805.131774902, 1419.19543457, 1695.30334473, 1658.9263916, 2459.76098633, 1278.75036621, 747.911499023, 1191.66992188, 689.324707031, 516.916748047, 926.006103516, 275.353515625, 170.613265991, 241.377792358, 89.2384414673, 547.317565918, 275.925872803, 72.2567901611, 176.836898804, 165.36038208, 46.4719352722, 78.9342956543, 18.1197414398, 13.4122428894, 0.684947729111, 0.0311858393252, 0.00166449742392, 0.000213461287785, 6.62096936139e-05, 0.000158981492859],
        "mean": [0.00358583824709, 0.244630113244, 3.39578938484, 8.26725006104, 26.0257205963, 37.2635612488, 24.8347930908, 16.8170566559, 12.2831115723, 16.3221569061, 15.8074789047, 42.7777404785, 58.7518882751, 48.6591949463, 36.3114891052, 22.3424301147, 17.5914134979, 11.8126707077, 11.0316982269, 9.13634109497, 8.02858543396, 5.23001337051, 4.55632305145, 3.01737356186, 2.49761748314, 1.4322937727, 1.00330328941, 0.661554634571, 0.810514569283, 0.561884701252, 0.455479979515, 0.445659905672, 0.18017411232, 0.0425120033324, 0.00191264261957, 0.000113407491881, 1.82367693924e-05, 3.71385044673e-06, 1.41228656503e-05, 3.21786465065e-05],
        "median": [0.000891158299055, 0.0433966964483, 0.93968629837, 3.43358445168, 8.70063972473, 13.8159284592, 6.93122577667, 1.82759988308, 1.96052229404, 1.79926836491, 1.96025204659, 1.15609884262, 0.766842126846, 0.888981044292, 1.18052411079, 1.09157288074, 0.401365071535, 0.514115989208, 0.624433279037, 0.724320530891, 0.622318506241, 0.489629477262, 0.529419183731, 0.399897575378, 0.345152139664, 0.246931090951, 0.0921446681023, 0.0517960898578, 0.0391284637153, 0.0360947735608, 0.0335654430091, 0.0210093390197, 0.0128153534606, 0.00386300054379, 0.00015764615091, 2.83637946268e-05, 1.10525779746e-05, 1.86559975646e-06, 1.28094570755e-05, 2.93122666335e-05],
        "min": [4.8534751329e-08, 3.011048193e-06, 5.90215531702e-05, 0.000259948690655, 0.00113187043462, 0.00130860926583, 0.000164331897395, 1.20520880955e-05, 4.87329270982e-05, 2.48325504799e-05, 4.43186218035e-06, 6.94907384968e-06, 1.02770547983e-06, 1.16329761113e-06, 1.17534636956e-05, 7.98694600235e-06, 2.12986742554e-06, 5.14073462909e-07, 7.34168111194e-07, 5.58249939786e-06, 8.53852782257e-07, 2.05816809284e-06, 7.42551537769e-06, 2.16987518797e-06, 7.9216931681e-07, 1.33373612243e-06, 1.91504727809e-06, 2.62209573521e-06, 4.06679191656e-06, 5.57142357138e-07, 3.14430707249e-07, 1.9681775143e-07, 1.02451110706e-07, 5.91815236817e-08, 2.19066809137e-08, 9.06973340875e-09, 5.05415087559e-09, 1.5959167321e-09, 7.76922637336e-10, 6.99372448842e-10],
        "var": [3.96329778596e-05, 0.235519245267, 44.2992172241, 150.187576294, 1711.51281738, 3345.17700195, 1881.82592773, 1904.86181641, 729.576599121, 2484.91625977, 2727.70141602, 13849.9042969, 33361.2734375, 26013.0507812, 26970.84375, 6907.33251953, 4709.38671875, 2279.74633789, 1706.16845703, 806.320129395, 939.588195801, 187.160568237, 142.16293335, 177.631103516, 52.6024169922, 138.969482422, 57.7894897461, 14.9088697433, 40.393611908, 25.615650177, 7.38756847382, 10.6236963272, 1.19827008247, 0.122042924166, 0.000303944951156, 6.74229113429e-07, 2.97498981006e-09, 9.15544098867e-11, 1.04092415243e-10, 5.55247181566e-10]
    },
    "gfcc": {
        "mean": [-146.841293335, 162.134689331, -117.741371155, 38.7004165649, -58.6563339233, -7.83811283112, -38.7065315247, -21.7983169556, -14.9417285919, -38.236618042, 0.0673402920365, -27.5303554535, 0.468311756849],
        "cov": [[7340.58544922, 277.648742676, -2337.44311523, -1442.31323242, -211.90145874, -204.343673706, 4.45727491379, 426.984985352, -73.4129714966, -281.542663574, 30.5847511292, -30.0706691742, 102.498519897], [277.648742676, 1612.23486328, 229.521011353, -811.608642578, 398.148468018, -219.008010864, 282.756744385, -108.217651367, -53.9722557068, -114.381111145, 63.1661071777, -35.7686691284, -95.4863586426], [-2337.44311523, 229.521011353, 2182.76635742, 1114.69213867, 38.3660430908, 40.6472816467, -38.6614303589, -377.171661377, -33.7539329529, 48.1545257568, -69.544883728, -81.2553329468, -147.206756592], [-1442.31323242, -811.608642578, 1114.69213867, 1703.54333496, 18.6496601105, 206.635498047, -116.299087524, -165.548324585, 120.62171936, 81.7773361206, -185.442382812, -78.4627685547, -46.3811988831], [-211.90145874, 398.148468018, 38.3660430908, 18.6496601105, 502.968353271, 58.0607032776, 156.061355591, 0.0271188281476, 23.4478187561, 11.3090229034, -35.1057090759, -11.0807161331, -37.3356285095], [-204.343673706, -219.008010864, 40.6472816467, 206.635498047, 58.0607032776, 444.250244141, 196.516555786, 9.7869758606, -23.7068939209, 68.1683578491, -26.2197055817, -5.71122169495, -24.6813564301], [4.45727491379, 282.756744385, -38.6614303589, -116.299087524, 156.061355591, 196.516555786, 463.676544189, -1.10049772263, -87.4183197021, 6.65456771851, -31.0144786835, 19.9389190674, -53.5685997009], [426.984985352, -108.217651367, -377.171661377, -165.548324585, 0.0271188281476, 9.7869758606, -1.10049772263, 321.543395996, 77.8699035645, -6.19972276688, 40.4083366394, 4.66949081421, 40.9311637878], [-73.4129714966, -53.9722557068, -33.7539329529, 120.62171936, 23.4478187561, -23.7068939209, -87.4183197021, 77.8699035645, 202.858093262, 26.7456436157, -27.0021781921, -4.89039468765, 15.2234373093], [-281.542663574, -114.381111145, 48.1545257568, 81.7773361206, 11.3090229034, 68.1683578491, 6.65456771851, -6.19972276688, 26.7456436157, 152.810211182, 21.7984390259, -11.7271127701, 11.6893100739], [30.5847511292, 63.1661071777, -69.544883728, -185.442382812, -35.1057090759, -26.2197055817, -31.0144786835, 40.4083366394, -27.0021781921, 21.7984390259, 188.092666626, 68.5171890259, -1.59939944744], [-30.0706691742, -35.7686691284, -81.2553329468, -78.4627685547, -11.0807161331, -5.71122169495, 19.9389190674, 4.66949081421, -4.89039468765, -11.7271127701, 68.5171890259, 144.748016357, 37.5465240479], [102.498519897, -95.4863586426, -147.206756592, -46.3811988831, -37.3356285095, -24.6813564301, -53.5685997009, 40.9311637878, 15.2234373093, 11.6893100739, -1.59939944744, 37.5465240479, 116.335632324]],
        "icov": [[0.00025239403476, -0.000254060723819, 0.000355893891538, -0.000147731363541, 0.000247407035204, -7.01468234183e-05, 0.000151334810653, -0.000160448122188, 0.000248508818913, 0.000178120171768, 0.000122705227113, 5.24123315699e-05, 8.55427788338e-05], [-0.000254060723819, 0.0037079914473, -0.0018096374115, 0.00254450179636, -0.00249915570021, 0.0014232089743, -0.00242324639112, 0.00174285215326, -0.00260642939247, 0.00227342871949, -0.00203381059691, 0.00269323098473, -0.00102177110966], [0.000355893891538, -0.0018096374115, 0.00202829670161, -0.00181711930782, 0.00126619264483, -0.000411427376093, 0.00103763840161, -0.000176219255081, 0.00145850039553, -0.000796913343947, 0.000499011192005, -0.0008018509252, 0.00105692935176], [-0.000147731363541, 0.00254450179636, -0.00181711930782, 0.00300333090127, -0.00169624807313, 0.000290839438094, -0.00109054264612, 0.00111008959357, -0.00225383602083, 0.00127740507014, -0.000259709573584, 0.00150298711378, -0.000580760650337], [0.000247407035204, -0.00249915570021, 0.00126619264483, -0.00169624807313, 0.0040424359031, -0.000846590206493, 0.00072842114605, -0.0011363645317, 0.00111488427501, -0.001530754962, 0.00154674181249, -0.00165970739909, 0.00107447977643], [-7.01468234183e-05, 0.0014232089743, -0.000411427376093, 0.000290839438094, -0.000846590206493, 0.00399965466931, -0.00243735080585, 0.000323594664223, -0.000522122194525, -0.000400770280976, -0.000809289107565, 0.00103325548116, -7.00247765053e-05], [0.000151334810653, -0.00242324639112, 0.00103763840161, -0.00109054264612, 0.00072842114605, -0.00243735080585, 0.0055857100524, -0.00183239765465, 0.00340005126782, -0.00210988754407, 0.00328705669381, -0.0036323487293, 0.00267390091904], [-0.000160448122188, 0.00174285215326, -0.000176219255081, 0.00111008959357, -0.0011363645317, 0.000323594664223, -0.00183239765465, 0.00579338660464, -0.00359968631528, 0.00219198781997, -0.00311751337722, 0.00297819939442, -0.00213991757482], [0.000248508818913, -0.00260642939247, 0.00145850039553, -0.00225383602083, 0.00111488427501, -0.000522122194525, 0.00340005126782, -0.00359968631528, 0.00927297864109, -0.00345075270161, 0.00363833759911, -0.00348386005498, 0.00197553494945], [0.000178120171768, 0.00227342871949, -0.000796913343947, 0.00127740507014, -0.001530754962, -0.000400770280976, -0.00210988754407, 0.00219198781997, -0.00345075270161, 0.0104443049058, -0.00438990723342, 0.00458024488762, -0.00324556231499], [0.000122705227113, -0.00203381059691, 0.000499011192005, -0.000259709573584, 0.00154674181249, -0.000809289107565, 0.00328705669381, -0.00311751337722, 0.00363833759911, -0.00438990723342, 0.0109379636124, -0.00707304989919, 0.00408373773098], [5.24123315699e-05, 0.00269323098473, -0.0008018509252, 0.00150298711378, -0.00165970739909, 0.00103325548116, -0.0036323487293, 0.00297819939442, -0.00348386005498, 0.00458024488762, -0.00707304989919, 0.0133459093049, -0.00569375557825], [8.55427788338e-05, -0.00102177110966, 0.00105692935176, -0.000580760650337, 0.00107447977643, -7.00247765053e-05, 0.00267390091904, -0.00213991757482, 0.00197553494945, -0.00324556231499, 0.00408373773098, -0.00569375557825, 0.0130631364882]]
    },
    "melbands": {
        "dmean": [3.9192938857e-05, 0.000592485885136, 0.000887052039616, 0.00116672262084, 0.000304695393424, 0.000100912686321, 7.5256852142e-05, 7.22227559891e-05, 4.86443022965e-05, 9.44775383687e-05, 8.53345409269e-05, 5.9394948039e-05, 3.88689004467e-05, 2.57820393017e-05, 1.11183053377e-05, 1.30871740112e-05, 9.14975043997e-06, 8.27360508993e-06, 6.68508482704e-06, 5.91752450418e-06, 5.93295590079e-06, 2.44545935857e-06, 2.21346022045e-06, 1.55436407567e-06, 1.11404676773e-06, 9.42735539411e-07, 7.97770212557e-07, 8.80909965417e-07, 6.37047946839e-07, 5.11960820404e-07, 2.78008286614e-07, 4.27058324703e-07, 2.92372419608e-07, 2.40115667793e-07, 2.11830951002e-07, 1.67069529766e-07, 1.98552953634e-07, 9.675562751e-08, 5.64052129448e-08, 1.82553119288e-08],
        "dmean2": [5.18091546837e-05, 0.00081448367564, 0.0013331528753, 0.00172307039611, 0.000420378521085, 0.000130501357489, 9.89036561805e-05, 9.55130599323e-05, 6.29345886409e-05, 0.00010323341121, 8.92331372597e-05, 6.08031878073e-05, 4.34495377704e-05, 2.93818993669e-05, 1.28322481032e-05, 1.70272214746e-05, 1.15085094876e-05, 1.13705464173e-05, 9.23611878534e-06, 7.80790469435e-06, 8.89270359039e-06, 3.38892732543e-06, 3.0595520002e-06, 2.16482362703e-06, 1.49902132307e-06, 1.28081910589e-06, 1.21382845464e-06, 1.55928330514e-06, 1.06617676465e-06, 8.44713838433e-07, 4.06696642585e-07, 6.61511705857e-07, 3.90583323906e-07, 3.28608621203e-07, 3.25335236084e-07, 2.3933816351e-07, 2.96001928746e-07, 1.3687417777e-07, 8.35754434547e-08, 2.6719943591e-08],
        "dvar": [7.09780723085e-09, 1.74797958152e-06, 2.90301250061e-06, 6.04845672569e-06, 3.64483355497e-07, 1.5460892655e-07, 5.65391857776e-08, 8.65539604433e-08, 4.37895835148e-08, 1.19932607845e-07, 9.75798783998e-08, 5.76655807549e-08, 4.15721039815e-08, 1.3325601067e-08, 2.02382199888e-09, 7.84143505683e-09, 2.78372103146e-09, 1.47863654654e-09, 7.30381144454e-10, 5.30518129427e-10, 1.93516402902e-09, 1.10836645417e-10, 5.0167960064e-11, 2.87133181814e-11, 2.61508540517e-11, 1.11790229851e-11, 2.10946260459e-11, 1.53434209782e-10, 2.73197627715e-11, 2.32339911199e-11, 3.12019247245e-12, 1.31108179868e-11, 6.16302538517e-12, 4.56216705039e-12, 1.44283586814e-12, 1.15805000138e-12, 2.50447774498e-12, 3.05258964807e-13, 1.08963531286e-13, 5.20173741049e-14],
        "dvar2": [1.23513288486e-08, 3.24380653183e-06, 7.282254046e-06, 1.30396738314e-05, 7.18522926491e-07, 2.68842512696e-07, 1.03420184416e-07, 1.63587301927e-07, 9.09496264967e-08, 2.07506360539e-07, 1.30798866849e-07, 7.07585030568e-08, 4.83756252834e-08, 1.66838418636e-08, 2.66010657946e-09, 1.69554965623e-08, 4.31806856938e-09, 2.66015875994e-09, 1.58830815167e-09, 1.03096475801e-09, 5.21610221682e-09, 2.67930483355e-10, 9.83894909989e-11, 5.37299475745e-11, 3.64840761768e-11, 1.74369962913e-11, 5.60607740785e-11, 4.52928888839e-10, 7.65332935915e-11, 6.62556259856e-11, 6.64750025858e-12, 3.09469568027e-11, 9.39892694923e-12, 7.80257108923e-12, 2.98654590641e-12, 2.10967658273e-12, 4.98476607214e-12, 5.76487154454e-13, 2.27783178604e-13, 1.20553577971e-13],
        "max": [0.00172211474273, 0.0230967141688, 0.020006518811, 0.0405511409044, 0.0100373141468, 0.00968768820167, 0.00448095891625, 0.00796505343169, 0.00643918244168, 0.00809997227043, 0.00877290312201, 0.00754750007764, 0.00868620630354, 0.00406439462677, 0.00262687075883, 0.00344471191056, 0.00248528271914, 0.0013670839835, 0.000510164129082, 0.000543474394362, 0.00149373174645, 0.000334831071086, 0.000173915570485, 0.000165663281223, 0.000230955847655, 0.000141498399898, 0.000138356001116, 0.000429275736678, 0.00014676709543, 0.000142440971103, 4.55636727565e-05, 0.000123955469462, 9.69863394857e-05, 0.0001000647826, 2.85211517621e-05, 2.72403249255e-05, 5.92674768995e-05, 1.53731816681e-05, 1.14589611258e-05, 1.03751599454e-05],
        "mean": [8.40305729071e-05, 0.0012560361065, 0.00191417848691, 0.00245180726051, 0.00103131704964, 0.000374686496798, 0.000200571521418, 0.000161197007401, 0.000141263968544, 0.000286197609967, 0.000299802457448, 0.000206026539672, 0.000123271718621, 7.70527476561e-05, 3.63310500688e-05, 3.82400139642e-05, 1.94929361896e-05, 1.87053283298e-05, 1.1815707694e-05, 1.17916588351e-05, 9.05651631911e-06, 5.30730721948e-06, 4.97793234899e-06, 3.37707001563e-06, 2.3221120955e-06, 2.0820152713e-06, 1.38557095397e-06, 8.32347211599e-07, 5.98348435688e-07, 5.033978141e-07, 3.45460023254e-07, 4.82241091504e-07, 3.68694003328e-07, 2.97500548641e-07, 2.70804207503e-07, 2.61271424051e-07, 2.642955792e-07, 1.32899771188e-07, 7.40053991422e-08, 2.13069331068e-08],
        "median": [9.41418147704e-06, 0.000285501591861, 0.000834381324239, 0.00114236574154, 0.000456689420389, 2.56798066403e-05, 2.24361956498e-05, 1.25548240248e-05, 7.35474668545e-06, 3.40051269632e-06, 2.23310826186e-06, 2.05311357604e-06, 2.75897241409e-06, 2.66112169811e-06, 1.18596494758e-06, 5.67308006794e-07, 7.05590537109e-07, 8.916566685e-07, 8.41505482185e-07, 7.50725519083e-07, 6.22917411874e-07, 4.36062066456e-07, 4.86070007355e-07, 3.54032493988e-07, 2.83290688685e-07, 2.26405020953e-07, 2.20263970618e-07, 1.09831923112e-07, 4.84442921334e-08, 2.78370944073e-08, 2.65520228027e-08, 2.03371062213e-08, 1.66346119101e-08, 1.8974050775e-08, 1.92350597672e-08, 1.33020767734e-08, 1.04570370141e-08, 7.83851916708e-09, 7.15208336999e-09, 1.30257926667e-09],
        "min": [9.00321317499e-10, 2.1612505563e-08, 6.55800533877e-08, 3.63936614178e-08, 1.18791856352e-08, 1.38485556356e-10, 7.53922480001e-10, 2.06564099159e-10, 3.86401570462e-11, 3.81015080597e-11, 3.2781908698e-12, 3.55234678479e-12, 2.44795277798e-11, 5.00709161633e-11, 4.51645621943e-12, 3.44485833088e-12, 6.39530908699e-13, 5.95964467012e-13, 6.10587318553e-12, 4.19373260077e-12, 7.91637480395e-13, 1.65324199643e-12, 6.64472990519e-12, 4.28296504165e-12, 1.58904139846e-12, 9.38245249722e-13, 3.54219176777e-13, 9.41693988413e-13, 1.11831843699e-12, 1.12075301296e-12, 1.60009440593e-12, 3.44948787416e-12, 1.56563455776e-13, 3.0854436844e-13, 1.75335020483e-13, 1.56872887076e-13, 9.70530893065e-14, 6.06667155205e-14, 7.61792904691e-14, 4.11524215041e-14],
        "var": [2.87565598001e-08, 6.02321915721e-06, 7.20498701412e-06, 1.36605603984e-05, 2.32364072872e-06, 8.28817860565e-07, 1.92814042066e-07, 2.37742412423e-07, 2.3780087588e-07, 6.09779192473e-07, 8.73875137586e-07, 5.38551091722e-07, 3.43790247825e-07, 8.21223622438e-08, 2.07240944405e-08, 2.67112998387e-08, 8.57957704881e-09, 6.08603833996e-09, 1.42753209253e-09, 1.51806656135e-09, 1.74543068887e-09, 2.35385044789e-10, 1.6974993633e-10, 1.12537930363e-10, 1.41142930676e-10, 5.46655776201e-11, 2.23010880596e-11, 8.47614201049e-11, 1.90164099745e-11, 1.65458757806e-11, 4.73867342934e-12, 1.52901007827e-11, 1.17797178262e-11, 7.78297391812e-12, 2.61452621705e-12, 2.9166803521e-12, 4.50915173256e-12, 6.90877802016e-13, 1.92274053124e-13, 6.02531330493e-14]
    },
    "mfcc": {
        "mean": [-785.893798828, 164.668518066, 10.1897220612, 31.3349914551, 12.9778795242, -0.859923183918, -4.93496704102, 1.63838458061, -14.1531496048, -6.36749696732, -16.5687332153, -11.1834964752, -8.55343818665],
        "cov": [[7343.08984375, 607.043029785, -2523.30566406, -893.500793457, -555.223754883, -602.176208496, -176.446975708, 335.833282471, -163.643447876, 202.711044312, 25.6785564423, -420.027435303, -156.887313843], [607.043029785, 2396.19555664, -496.312408447, -536.349609375, -94.6100921631, -224.523086548, 247.06288147, 37.5140228271, -163.234573364, -35.5914611816, 106.939941406, -192.434082031, -36.5465621948], [-2523.30566406, -496.312408447, 2206.40771484, 879.59777832, 211.408889771, 466.165222168, -2.50145530701, -175.634094238, 49.5747375488, -95.5759429932, -85.1916122437, 274.997039795, 19.9100418091], [-893.500793457, -536.349609375, 879.59777832, 894.863769531, 275.942596436, 261.516967773, -62.3383026123, -38.774394989, 135.177230835, -25.5144882202, -74.3713684082, 151.401062012, 46.5682830811], [-555.223754883, -94.6100921631, 211.408889771, 275.942596436, 439.073394775, 51.4602851868, -79.2694320679, -7.21580886841, 55.5091743469, 50.2836990356, -12.2461137772, 68.9779052734, 70.0663909912], [-602.176208496, -224.523086548, 466.165222168, 261.516967773, 51.4602851868, 569.796203613, 181.195175171, -20.6745929718, 124.171890259, -29.4105262756, 24.7816371918, 120.448997498, -46.67445755], [-176.446975708, 247.06288147, -2.50145530701, -62.3383026123, -79.2694320679, 181.195175171, 397.796173096, 78.1029586792, 28.1221065521, -11.7415647507, 91.1770095825, 14.1507234573, -16.4933586121], [335.833282471, 37.5140228271, -175.634094238, -38.774394989, -7.21580886841, -20.6745929718, 78.1029586792, 255.685180664, 29.0523719788, 16.0771331787, 42.3768119812, -16.9664535522, 24.3677406311], [-163.643447876, -163.234573364, 49.5747375488, 135.177230835, 55.5091743469, 124.171890259, 28.1221065521, 29.0523719788, 287.016662598, 49.6831321716, 25.1120491028, 33.0869216919, -2.96045422554], [202.711044312, -35.5914611816, -95.5759429932, -25.5144882202, 50.2836990356, -29.4105262756, -11.7415647507, 16.0771331787, 49.6831321716, 183.210876465, 37.8939323425, -28.0509243011, 7.51108932495], [25.6785564423, 106.939941406, -85.1916122437, -74.3713684082, -12.2461137772, 24.7816371918, 91.1770095825, 42.3768119812, 25.1120491028, 37.8939323425, 161.112686157, 8.130235672, -5.95303249359], [-420.027435303, -192.434082031, 274.997039795, 151.401062012, 68.9779052734, 120.448997498, 14.1507234573, -16.9664535522, 33.0869216919, -28.0509243011, 8.130235672, 197.874130249, 27.6038322449], [-156.887313843, -36.5465621948, 19.9100418091, 46.5682830811, 70.0663909912, -46.67445755, -16.4933586121, 24.3677406311, -2.96045422554, 7.51108932495, -5.95303249359, 27.6038322449, 139.976333618]],
