{
"lowlevel": {
    "average_loudness": 0.961264312267,
    "barkbands_crest": {
        "dmean": 2.80296564102,
        "dmean2": 4.62210798264,
        "dvar": 7.31628513336,
        "dvar2": 19.4228515625,
        "max": 24.2696743011,
        "mean": 11.6026258469,
        "median": 10.7628011703,
        "min": 3.21270561218,
        "var": 18.3201789856
    },
    "barkbands_flatness_db": {
        "dmean": 0.0263365190476,
        "dmean2": 0.0401707440615,
        "dvar": 0.00064070452936,
        "dvar2": 0.00147346023005,
        "max": 0.3852853477,
        "mean": 0.212095841765,
        "median": 0.208979785442,
        "min": 0.0730593875051,
        "var": 0.00258999783546
    },
    "barkbands_kurtosis": {
        "dmean": 4.67307853699,
        "dmean2": 7.57976961136,
        "dvar": 108.642753601,
        "dvar2": 273.034423828,
        "max": 152.999282837,
        "mean": 7.47423219681,
        "median": 3.37320995331,
        "min": -1.9080299139,
        "var": 168.324310303
    },
    "barkbands_skewness": {
        "dmean": 0.622577548027,
        "dmean2": 0.967025339603,
        "dvar": 0.632971942425,
        "dvar2": 1.50135874748,
        "max": 10.1430892944,
        "mean": 1.85921621323,
        "median": 1.61081635952,
        "min": -2.35343742371,
        "var": 2.15311551094
    },
    "barkbands_spread": {
        "dmean": 3.66362571716,
        "dmean2": 5.46485710144,
        "dvar": 26.3813781738,
        "dvar2": 51.9563941956,
        "max": 89.2274093628,
        "mean": 13.9447164536,
        "median": 11.6739387512,
        "min": 0.988292813301,
        "var": 102.128677368
    },
    "dissonance": {
        "dmean": 0.0228094048798,
        "dmean2": 0.0377054549754,
        "dvar": 0.000488643476274,
        "dvar2": 0.00134052720387,
        "max": 0.499999910593,
        "mean": 0.445496231318,
        "median": 0.452246397734,
        "min": 0.254264831543,
        "var": 0.00127344683278
    },
    "dynamic_complexity": 2.18431472778,
    "erbbands_crest": {
        "dmean": 2.5645596981,
        "dmean2": 4.15238714218,
        "dvar": 5.85397481918,
        "dvar2": 14.5050153732,
        "max": 30.3226737976,
        "mean": 11.1153659821,
        "median": 10.0167350769,
        "min": 2.61107325554,
        "var": 26.3047485352
    },
    "erbbands_flatness_db": {
        "dmean": 0.0197282154113,
        "dmean2": 0.0271968431771,
        "dvar": 0.000369892426534,
        "dvar2": 0.000675796240102,
        "max": 0.347946286201,
        "mean": 0.203386679292,
        "median": 0.200459271669,
        "min": 0.0902647078037,
        "var": 0.00192790909205
    },
    "erbbands_kurtosis": {
        "dmean": 1.1169025898,
        "dmean2": 1.73924660683,
        "dvar": 2.37796115875,
        "dvar2": 5.42109441757,
        "max": 32.7186775208,
        "mean": 1.4518032074,
        "median": 0.663002490997,
        "min": -1.77729177475,
        "var": 7.48685979843
    },
    "erbbands_skewness": {
        "dmean": 0.345785260201,
        "dmean2": 0.536775708199,
        "dvar": 0.116533346474,
        "dvar2": 0.261971980333,
        "max": 3.4529235363,
        "mean": 0.68026894331,
        "median": 0.753448903561,
        "min": -4.30745363235,
        "var": 0.659689307213
    },
    "erbbands_spread": {
        "dmean": 7.27790117264,
        "dmean2": 10.9973630905,
        "dvar": 77.9650802612,
        "dvar2": 165.313873291,
        "max": 118.114120483,
        "mean": 31.6968345642,
        "median": 27.460193634,
        "min": 3.24028921127,
        "var": 300.45880127
    },
    "hfc": {
        "dmean": 5.28986978531,
        "dmean2": 7.81766223907,
        "dvar": 107.6743927,
        "dvar2": 192.808502197,
        "max": 275.278076172,
        "mean": 20.2542114258,
        "median": 14.8997468948,
        "min": 0.000170501763932,
        "var": 442.958770752
    },
    "melbands_crest": {
        "dmean": 3.36020827293,
        "dmean2": 5.43734788895,
        "dvar": 9.54970932007,
        "dvar2": 24.516500473,
        "max": 34.3475837708,
        "mean": 14.8163261414,
        "median": 14.0749511719,
        "min": 3.63237071037,
        "var": 25.9433231354
    },
    "melbands_flatness_db": {
        "dmean": 0.0317298844457,
        "dmean2": 0.0465662032366,
        "dvar": 0.000995767302811,
        "dvar2": 0.0021517847199,
        "max": 0.463657677174,
        "mean": 0.259539335966,
        "median": 0.259378999472,
        "min": 0.0664988979697,
        "var": 0.00493471696973
    },
    "melbands_kurtosis": {
        "dmean": 9.70768356323,
        "dmean2": 15.7894592285,
        "dvar": 399.507049561,
        "dvar2": 961.369628906,
        "max": 262.305664062,
        "mean": 17.8179569244,
        "median": 8.11882686615,
        "min": -1.86481702328,
        "var": 799.110534668
    },
    "melbands_skewness": {
        "dmean": 0.794351160526,
        "dmean2": 1.24687540531,
        "dvar": 0.96638661623,
        "dvar2": 2.29974007607,
        "max": 12.2560796738,
        "mean": 2.69971585274,
        "median": 2.22387361526,
        "min": -0.904479205608,
        "var": 3.72503733635
    },
    "melbands_spread": {
        "dmean": 4.22115707397,
        "dmean2": 6.21216821671,
        "dvar": 67.3594741821,
        "dvar2": 107.873390198,
        "max": 215.933334351,
        "mean": 15.4402990341,
        "median": 12.1629419327,
        "min": 0.7820982337,
        "var": 292.504852295
    },
    "pitch_salience": {
        "dmean": 0.074733287096,
        "dmean2": 0.123048424721,
        "dvar": 0.00524103455245,
        "dvar2": 0.0128190023825,
        "max": 0.810085952282,
        "mean": 0.502607524395,
        "median": 0.502880394459,
        "min": 0.137769967318,
        "var": 0.0131974453107
    },
    "silence_rate_20dB": {
        "dmean": 0,
        "dmean2": 0,
        "dvar": 0,
        "dvar2": 0,
        "max": 1,
        "mean": 1,
        "median": 1,
        "min": 1,
        "var": 0
    },
    "silence_rate_30dB": {
        "dmean": 0.00697134016082,
        "dmean2": 0.0139480819926,
        "dvar": 0.0069226087071,
        "dvar2": 0.0207275711,
        "max": 1,
        "mean": 0.99651569128,
        "median": 1,
        "min": 0,
        "var": 0.00347219128162
    },
    "silence_rate_60dB": {
        "dmean": 0.00309837330133,
        "dmean2": 0.00619914755225,
        "dvar": 0.00308872037567,
        "dvar2": 0.00616053957492,
        "max": 1,
        "mean": 0.0143244285136,
        "median": 0,
        "min": 0,
        "var": 0.0141198812053
    },
    "spectral_centroid": {
        "dmean": 160.546798706,
        "dmean2": 238.923431396,
        "dvar": 55600.7109375,
        "dvar2": 96556.8515625,
        "max": 4982.73681641,
        "mean": 880.883483887,
        "median": 760.074829102,
        "min": 209.749282837,
        "var": 315306.15625
    },
    "spectral_complexity": {
        "dmean": 3.0379550457,
        "dmean2": 4.67299509048,
        "dvar": 13.5469141006,
        "dvar2": 27.1601734161,
        "max": 48,
        "mean": 16.6922187805,
        "median": 16,
        "min": 0,
        "var": 51.6812820435
    },
    "spectral_decrease": {
        "dmean": 3.23100635136e-09,
        "dmean2": 5.30352295414e-09,
        "dvar": 1.98603947492e-17,
        "dvar2": 5.1384194954e-17,
        "max": -7.76663482875e-14,
        "mean": -1.10657145669e-08,
        "median": -1.04568567139e-08,
        "min": -4.6395662423e-08,
        "var": 3.26112647777e-17
    },
    "spectral_energy": {
        "dmean": 0.0124505441636,
        "dmean2": 0.020409565419,
        "dvar": 0.000285195332253,
        "dvar2": 0.000737929716706,
        "max": 0.176423549652,
        "mean": 0.0436017140746,
        "median": 0.0414423756301,
        "min": 3.08595559773e-07,
        "var": 0.00048436562065
    },
    "spectral_energyband_high": {
        "dmean": 0.000384071085136,
        "dmean2": 0.000535371946171,
        "dvar": 2.55570557783e-06,
        "dvar2": 4.34849835074e-06,
        "max": 0.0431198254228,
        "mean": 0.000673877715599,
        "median": 0.000158465001732,
        "min": 3.02813052411e-10,
        "var": 8.26472569315e-06
    },
    "spectral_energyband_low": {
        "dmean": 0.0108336713165,
        "dmean2": 0.0177816450596,
        "dvar": 0.000326298322761,
        "dvar2": 0.00083539710613,
        "max": 0.166687503457,
        "mean": 0.0210119411349,
        "median": 0.0168613810092,
        "min": 1.90953333146e-08,
        "var": 0.000404189631809
    },
    "spectral_energyband_middle_high": {
        "dmean": 0.00146923190914,
        "dmean2": 0.0021885316819,
        "dvar": 5.82220036449e-06,
        "dvar2": 1.26129998534e-05,
        "max": 0.0482669882476,
        "mean": 0.00519726285711,
        "median": 0.00273318891414,
        "min": 2.02302530283e-08,
        "var": 3.55627198587e-05
    },
    "spectral_energyband_middle_low": {
        "dmean": 0.0052833724767,
        "dmean2": 0.00867051910609,
        "dvar": 3.43465617334e-05,
        "dvar2": 9.13358308026e-05,
        "max": 0.0861920192838,
        "mean": 0.0178666058928,
        "median": 0.0151682076976,
        "min": 2.67494129957e-07,
        "var": 0.000141031603562
    },
    "spectral_entropy": {
        "dmean": 0.201437592506,
        "dmean2": 0.275691747665,
        "dvar": 0.0417797267437,
        "dvar2": 0.0772273764014,
        "max": 8.30163288116,
        "mean": 7.18128681183,
        "median": 7.19269323349,
        "min": 5.4639134407,
        "var": 0.196804895997
    },
    "spectral_flux": {
        "dmean": 0.0287594813854,
        "dmean2": 0.0442997179925,
        "dvar": 0.00115973374341,
        "dvar2": 0.00230762478895,
        "max": 0.327123880386,
        "mean": 0.090719923377,
        "median": 0.0783767923713,
        "min": 0.000555513775907,
        "var": 0.00235799583606
    },
    "spectral_kurtosis": {
        "dmean": 3.12870168686,
        "dmean2": 5.10918188095,
        "dvar": 16.1848640442,
        "dvar2": 41.4584693909,
        "max": 59.3128356934,
        "mean": 5.53788948059,
        "median": 3.83099365234,
        "min": -1.03025519848,
        "var": 31.8065605164
    },
    "spectral_rms": {
        "dmean": 0.000888436916284,
        "dmean2": 0.00143257540185,
        "dvar": 1.04131822809e-06,
        "dvar2": 2.58709110312e-06,
        "max": 0.0131194712594,
        "mean": 0.00629566609859,
        "median": 0.00635858392343,
        "min": 1.73513344635e-05,
        "var": 2.9029072266e-06
    },
    "spectral_rolloff": {
        "dmean": 201.887405396,
        "dmean2": 337.53302002,
        "dvar": 235292.921875,
        "dvar2": 476400.8125,
        "max": 7450.48828125,
        "mean": 780.453796387,
        "median": 645.99609375,
        "min": 64.599609375,
        "var": 719161.75
    },
    "spectral_skewness": {
        "dmean": 0.343799442053,
        "dmean2": 0.532353103161,
        "dvar": 0.128427281976,
        "dvar2": 0.305189460516,
        "max": 5.97103118896,
        "mean": 1.69833230972,
        "median": 1.60798895359,
        "min": -0.51351827383,
        "var": 0.435062646866
    },
    "spectral_spread": {
        "dmean": 523323.5,
        "dmean2": 723627.875,
        "dvar": 338936791040,
        "dvar2": 616689565696,
        "max": 18023186,
        "mean": 3564560.75,
        "median": 3507173.25,
        "min": 1121267.25,
        "var": 1.08550186598e+12
    },
    "spectral_strongpeak": {
        "dmean": 0.536869704723,
        "dmean2": 0.929811954498,
        "dvar": 1.06148386002,
        "dvar2": 2.44538998604,
        "max": 15.7755384445,
        "mean": 1.05764269829,
        "median": 0.436701267958,
        "min": 0.00212094699964,
        "var": 2.17835450172
    },
    "zerocrossingrate": {
        "dmean": 0.0066810566932,
        "dmean2": 0.00778771704063,
        "dvar": 7.46707955841e-05,
        "dvar2": 6.97397699696e-05,
        "max": 0.2548828125,
        "mean": 0.034809935838,
        "median": 0.02978515625,
        "min": 0.0029296875,
        "var": 0.000619369267952
    },
    "barkbands": {
        "dmean": [0.000658978940919, 0.00967952702194, 0.00190069375094, 0.00125587766524, 0.00149251695257, 0.00242229900323, 0.00124494661577, 0.000919657351915, 0.000873001466971, 0.000695816997904, 0.000298937608022, 0.000271893892204, 0.000238148262724, 0.00027570896782, 0.000209628793527, 0.000228377131862, 0.000196822089492, 6.60784498905e-05, 9.10201852093e-05, 0.000107634376036, 0.000131079475977, 0.000107243737148, 8.15940293251e-05, 5.04619092681e-05, 1.07102105176e-05, 8.76648353909e-09, 2.06303396588e-09],
        "dmean2": [0.00106145814061, 0.0159687846899, 0.00343778636307, 0.00209807720967, 0.002498769667, 0.00413077231497, 0.00195596669801, 0.00144385080785, 0.00132441369351, 0.00107292155735, 0.000466783618322, 0.000425110803917, 0.000363053579349, 0.000436734757386, 0.000339517457178, 0.000341707025655, 0.000293717952445, 0.000102425648947, 0.000139493320603, 0.000158417809871, 0.000188721067389, 0.000156203343067, 0.000120890734252, 7.19658346497e-05, 1.59408173204e-05, 1.41922980035e-08, 3.8642880007e-09],
        "dvar": [2.19566140913e-06, 0.000272664648946, 1.12685847853e-05, 2.68512621915e-06, 4.00519229515e-06, 1.57421836775e-05, 5.15551982971e-06, 4.55986810266e-06, 2.33375385505e-06, 2.57739316112e-06, 5.76077582082e-07, 8.24597861993e-07, 2.38275177367e-07, 6.84350879965e-07, 3.75972490474e-07, 1.18919490433e-06, 3.36407993018e-07, 1.9035638843e-08, 5.42996367869e-08, 4.14562208562e-07, 4.44623481144e-07, 2.79640232748e-07, 1.10643306073e-07, 2.41293740544e-08, 1.14283194019e-09, 7.90645646318e-16, 6.19786448302e-17],
        "dvar2": [5.22157779415e-06, 0.000715087575372, 3.48790599674e-05, 6.94449227012e-06, 1.05618255475e-05, 4.8399931984e-05, 1.20627119031e-05, 1.13021797006e-05, 5.01359045302e-06, 5.56058557777e-06, 1.20721631447e-06, 1.71264559867e-06, 5.23844050804e-07, 1.65015728726e-06, 1.01396267382e-06, 1.93919527192e-06, 6.01340786943e-07, 3.89097110087e-08, 1.28182492176e-07, 1.10671373932e-06, 7.93563856405e-07, 4.67814913918e-07, 2.64748933887e-07, 4.51046631156e-08, 2.31841412734e-09, 2.01471741647e-15, 1.8433804654e-16],
        "max": [0.0119966669008, 0.14824552834, 0.033062659204, 0.0177342407405, 0.0295485667884, 0.0610756538808, 0.0339709818363, 0.0488031581044, 0.031286932528, 0.0343612022698, 0.0230677556247, 0.0281736440957, 0.00908659864217, 0.0199207495898, 0.0171326715499, 0.035733692348, 0.0199911296368, 0.00375788821839, 0.00648677814752, 0.0253005102277, 0.0194484908134, 0.0204087235034, 0.010287229903, 0.00488708820194, 0.000819760956801, 7.28280724616e-07, 2.28373053801e-07],
        "mean": [0.000706692866515, 0.0167563520372, 0.00264432979748, 0.00231967307627, 0.00278112455271, 0.00497553544119, 0.0029148880858, 0.00198123161681, 0.00226889038458, 0.0018360868562, 0.000607945781667, 0.000498945417348, 0.000476542569231, 0.000559843610972, 0.00034730284824, 0.000435500667663, 0.000434019515524, 0.000131379332743, 0.000164526281878, 0.000167638878338, 0.000205357253435, 0.00017666858912, 0.000123339064885, 7.37897062209e-05, 1.41067384902e-05, 1.10042872592e-08, 1.55305213134e-09],
        "median": [0.000179416849278, 0.0128012923524, 0.00163160962984, 0.0014127525501, 0.00209303526208, 0.00199396512471, 0.00097678846214, 0.000511192891281, 0.000778811168857, 0.00042243587086, 0.000185004595551, 0.000136682006996, 0.000160298965056, 0.000112041270768, 0.000101778539829, 0.000108365835331, 0.000111330409709, 6.90616070642e-05, 7.68074969528e-05, 3.92460024159e-05, 3.3038573747e-05, 3.3362328395e-05, 3.30708317051e-05, 1.75147051777e-05, 2.54598671745e-06, 3.00905456108e-09, 5.02934749402e-10],
        "min": [1.26608712403e-09, 8.73331540419e-09, 7.45199990604e-09, 1.18774889923e-09, 2.24257057369e-09, 1.28801616484e-07, 2.31207408774e-08, 4.85260756022e-08, 6.31176106936e-08, 3.00647573503e-09, 1.34413347119e-09, 7.89566190207e-10, 1.72211755967e-09, 1.40505396207e-09, 9.37339872387e-10, 1.06042830073e-09, 9.3797787315e-09, 4.03707706154e-10, 5.19025489254e-10, 6.7661876102e-11, 8.8137795673e-11, 7.12231523758e-11, 4.7037228279e-11, 2.83975325893e-11, 1.36678862672e-11, 7.40345545286e-12, 1.07210464464e-11],
        "var": [2.42868372879e-06, 0.000315507291816, 1.0741211554e-05, 6.53212146062e-06, 7.10876884114e-06, 5.86567221035e-05, 1.99014448299e-05, 2.05721862585e-05, 1.27971406982e-05, 1.23859526866e-05, 2.09973200072e-06, 1.69947873019e-06, 7.11360144123e-07, 1.8237032009e-06, 5.19568231994e-07, 3.6957408156e-06, 1.63926188179e-06, 5.93328017828e-08, 1.11791273127e-07, 7.28162603991e-07, 1.23957215692e-06, 8.26731138659e-07, 2.23896236662e-07, 6.63013466351e-08, 2.92626434195e-09, 1.54021750035e-15, 3.40385417636e-17]
    },
    "erbbands": {
        "dmean": [0.313175112009, 2.1794257164, 2.83776473999, 2.59663319588, 5.43047094345, 4.63847732544, 10.0667657852, 22.9661140442, 17.0747489929, 21.0619697571, 17.1695594788, 22.893611908, 16.3293762207, 19.0275783539, 10.5901088715, 12.2425098419, 11.1497049332, 14.4119291306, 11.8846664429, 8.43052005768, 12.931268692, 8.81014537811, 4.41186141968, 3.34011149406, 5.33568143845, 4.5873670578, 5.13223171234, 5.28376293182, 3.89805960655, 3.29376912117, 2.12732291222, 1.18928897381, 0.790271759033, 0.23189073801, 0.00952234957367, 0.000461682066089, 3.89619963244e-05, 7.54212305765e-06, 7.02202578395e-06, 1.40785368785e-05],
        "dmean2": [0.506504058838, 3.76256942749, 5.09238481522, 4.38888216019, 9.30638027191, 7.72869968414, 16.7444458008, 39.8384513855, 26.1657123566, 34.1190490723, 25.9815139771, 34.0126686096, 25.7897548676, 28.9501895905, 16.3704090118, 19.0446662903, 16.7015304565, 22.5392494202, 19.1685409546, 12.9955387115, 19.5081806183, 12.7755832672, 6.78372907639, 5.18676567078, 8.1184091568, 6.65304994583, 7.34978580475, 7.84022045135, 5.71826791763, 4.56517696381, 3.1277077198, 1.70745062828, 1.12671530247, 0.342465013266, 0.014648579061, 0.000699267839082, 5.60802400287e-05, 1.077424713e-05, 1.09372676889e-05, 2.28537355724e-05],
        "dvar": [0.318074375391, 15.3748083115, 26.178030014, 9.9803352356, 67.3559112549, 36.1315994263, 235.570587158, 1518.72497559, 1042.28259277, 2537.69897461, 1652.59155273, 1640.63696289, 2668.42358398, 1801.43994141, 600.292663574, 1817.47387695, 543.299133301, 1999.70715332, 1463.24609375, 705.514770508, 3809.30981445, 420.405944824, 63.9098625183, 105.693748474, 272.546142578, 797.701782227, 643.403686523, 830.256469727, 336.592437744, 265.588195801, 65.3895492554, 15.1610689163, 6.02375030518, 0.604861855507, 0.00184723781422, 3.80395681532e-06, 1.60607278588e-08, 5.39052802395e-10, 9.95689503069e-11, 3.39026362539e-10],
        "dvar2": [0.749779582024, 42.9100875854, 77.747756958, 27.8231239319, 186.750762939, 90.3194046021, 667.27166748, 4917.92041016, 2241.10083008, 7096.70751953, 3189.75537109, 3440.79467773, 5638.51318359, 4203.21191406, 1261.85754395, 3773.54736328, 1172.69067383, 4794.39501953, 3967.84619141, 1686.49108887, 5984.03466797, 790.483337402, 133.568817139, 257.585174561, 635.762695312, 2074.86230469, 1291.22399902, 1633.65881348, 649.404296875, 448.773986816, 142.60446167, 29.657957077, 10.625793457, 1.21682548523, 0.004434812814, 8.86864017957e-06, 3.23877884512e-08, 1.01169295164e-09, 2.14974302248e-10, 8.64546934043e-10],
        "max": [4.66717576981, 34.321269989, 48.6329269409, 31.1204891205, 122.721931458, 88.9742431641, 258.233734131, 537.922424316, 763.49420166, 975.813537598, 1322.64306641, 870.001831055, 1386.99230957, 672.317199707, 673.335754395, 1420.57751465, 460.274230957, 1187.79541016, 1175.78295898, 526.664367676, 2366.77856445, 573.289123535, 194.097122192, 421.197753906, 516.651489258, 1165.07409668, 734.644165039, 826.643615723, 725.765686035, 757.952392578, 272.695556641, 149.955215454, 60.8350028992, 19.4750862122, 1.36383628845, 0.0612048618495, 0.00364892394282, 0.000578473322093, 0.000227753669606, 0.000190908525838],
        "mean": [0.497887283564, 3.57849931717, 4.35017490387, 5.03430843353, 9.33075904846, 8.8414478302, 19.311170578, 44.1319656372, 45.0075874329, 43.3898429871, 46.1577033997, 61.5405158997, 41.2498168945, 52.5862960815, 24.7627296448, 24.3765735626, 23.9810276031, 31.077917099, 21.9289531708, 15.2925252914, 29.0127944946, 20.0759658813, 9.81003665924, 6.51954936981, 9.49530887604, 7.61455440521, 7.8253493309, 8.21948623657, 6.17032194138, 5.29786968231, 3.18583011627, 1.72019803524, 1.15637850761, 0.326791673899, 0.0118048395962, 0.000621500657871, 6.94185073371e-05, 1.39869489431e-05, 2.41297875618e-05, 5.03432129335e-05],
        "median": [0.291103959084, 2.74830842018, 2.9564576149, 3.78484535217, 5.53926801682, 6.37401628494, 10.6207475662, 18.2939929962, 16.3101520538, 16.3711853027, 15.633392334, 23.9995269775, 12.6402959824, 15.2722730637, 10.3524589539, 6.95979452133, 8.11544418335, 6.38255500793, 6.37187004089, 5.02219772339, 7.21373558044, 5.70645809174, 5.03266906738, 3.78157687187, 3.29198741913, 1.92547893524, 1.41813385487, 1.12062478065, 1.12223446369, 1.2044506073, 0.859243869781, 0.464868158102, 0.252577424049, 0.0619506575167, 0.00187551719137, 0.00013302025036, 3.00832489302e-05, 6.23239111519e-06, 2.17782289837e-05, 4.78626061522e-05],
        "min": [1.61092941653e-07, 2.33426180785e-06, 8.70105304784e-06, 6.25795019005e-06, 2.33278228734e-06, 1.41048803926e-05, 0.000296048994642, 0.0013704621233, 0.000331694172928, 0.00106324104127, 0.000682235695422, 0.0018099801382, 0.000358494260581, 0.000109300788608, 6.34280804661e-05, 3.8780777686e-05, 7.99022382125e-05, 8.42169029056e-05, 4.89332996949e-05, 2.90055522782e-05, 8.37339903228e-05, 0.00042626427603, 0.000191662300494, 3.90159220842e-05, 9.39208439377e-06, 3.56983514394e-06, 4.07442166761e-06, 3.09910592478e-06, 2.95538984574e-06, 1.70891246398e-06, 1.11621932319e-06, 7.0566238719e-07, 3.87630620935e-07, 2.15637470546e-07, 5.42945137738e-08, 2.31648051852e-08, 1.62074638155e-08, 5.796431779e-09, 2.1999477795e-09, 4.88885154581e-10],
        "var": [0.431187659502, 14.3280420303, 23.4502811432, 19.3441944122, 112.406433105, 78.0160446167, 599.002319336, 4490.58154297, 6324.20458984, 7437.43310547, 12230.4394531, 9179.5390625, 12324.1269531, 8880.296875, 2130.37939453, 3863.66040039, 1730.53063965, 5459.16992188, 2100.44311523, 1180.23571777, 15027.8359375, 2542.64941406, 258.052764893, 133.200042725, 658.25769043, 1551.95080566, 1652.76843262, 2066.796875, 862.652893066, 752.346618652, 146.201568604, 37.9679336548, 17.3748931885, 1.60726153851, 0.00307311071083, 7.01367525835e-06, 4.21618651103e-08, 1.58203905531e-09, 2.71459882351e-10, 6.38775754513e-10]
    },
    "gfcc": {
        "mean": [-23.2568836212, 159.303497314, -133.480667114, 54.1118545532, -68.7916641235, 17.880115509, -24.0167942047, -2.44046425819, 7.46876049042, -20.370174408, 12.5468769073, -16.0170612335, 7.90829610825],
        "cov": [[2996.42919922, -864.443725586, -481.853118896, 243.412322998, -379.494049072, 226.715682983, -210.897872925, 73.6825637817, -2.20988702774, 183.077026367, -10.9580993652, 27.5703315735, 2.62257003784], [-864.443725586, 900.558776855, 92.7678070068, -343.955383301, 348.831939697, -192.872634888, 163.560394287, -40.4092407227, 104.810211182, -117.779724121, 58.3453216553, -8.53870868683, -9.36855697632], [-481.853118896, 92.7678070068, 564.984130859, 221.668212891, 46.277759552, 51.6112632751, 44.1502876282, 5.66498994827, -56.3095703125, -55.8289794922, 0.227117210627, -10.6158714294, 39.6145744324], [243.412322998, -343.955383301, 221.668212891, 427.114746094, -33.1057014465, 90.0366516113, -57.1704101562, -21.3203659058, -64.7053604126, 9.99287700653, -27.7845230103, -8.14226913452, 21.5700798035], [-379.494049072, 348.831939697, 46.277759552, -33.1057014465, 354.208190918, -46.672908783, 43.1206130981, -29.5010166168, 45.6174163818, -30.2442932129, 30.4413452148, -11.2146587372, 2.70721650124], [226.715682983, -192.872634888, 51.6112632751, 90.0366516113, -46.672908783, 209.113845825, 10.5900144577, 11.3524370193, -38.6779212952, 14.822763443, -1.4119540453, -13.6270427704, -8.58094882965], [-210.897872925, 163.560394287, 44.1502876282, -57.1704101562, 43.1206130981, 10.5900144577, 183.300750732, 33.8272819519, 11.587105751, -39.0363922119, 2.28304243088, -4.77380228043, -12.9728879929], [73.6825637817, -40.4092407227, 5.66498994827, -21.3203659058, -29.5010166168, 11.3524370193, 33.8272819519, 119.222091675, 34.845123291, 1.657589674, -6.77989912033, 2.01705312729, 14.5714139938], [-2.20988702774, 104.810211182, -56.3095703125, -64.7053604126, 45.6174163818, -38.6779212952, 11.587105751, 34.845123291, 141.001159668, 40.0061721802, 13.1706800461, 7.92182350159, -3.66133475304], [183.077026367, -117.779724121, -55.8289794922, 9.99287700653, -30.2442932129, 14.822763443, -39.0363922119, 1.657589674, 40.0061721802, 118.56918335, 30.7055358887, 4.80070590973, -5.58943891525], [-10.9580993652, 58.3453216553, 0.227117210627, -27.7845230103, 30.4413452148, -1.4119540453, 2.28304243088, -6.77989912033, 13.1706800461, 30.7055358887, 80.7483596802, 31.1924648285, -1.69629848003], [27.5703315735, -8.53870868683, -10.6158714294, -8.14226913452, -11.2146587372, -13.6270427704, -4.77380228043, 2.01705312729, 7.92182350159, 4.80070590973, 31.1924648285, 69.0077133179, 34.4630432129], [2.62257003784, -9.36855697632, 39.6145744324, 21.5700798035, 2.70721650124, -8.58094882965, -12.9728879929, 14.5714139938, -3.66133475304, -5.58943891525, -1.69629848003, 34.4630432129, 82.8399810791]],
        "icov": [[0.000672387715895, -0.000576887628995, 0.0010254450608, -0.00105814356357, 0.000709109648596, -0.000812394835521, 0.000567414273974, -0.000800432637334, 0.000253671547398, -0.000660534191411, 8.42594745336e-05, -0.000259635417024, -0.000102670172055], [-0.000576887628995, 0.01271586027, -0.00557113485411, 0.00975161325186, -0.00682632997632, 0.00607776548713, -0.00511538004503, 0.00757776759565, -0.00727904727682, 0.00981029588729, -0.00739251403138, 0.00613885605708, -0.00206506554969], [0.0010254450608, -0.00557113485411, 0.00612794654444, -0.00657708058134, 0.0033536949195, -0.00331953400746, 0.00177875091322, -0.00405500922352, 0.00326996995136, -0.00319001590833, 0.00122932682279, -0.00103185139596, -0.000958277727477], [-0.00105814356357, 0.00975161325186, -0.00657708058134, 0.0119204893708, -0.00578486220911, 0.00400883518159, -0.00301442923956, 0.00658918218687, -0.0045596533455, 0.00634123617783, -0.00327936070971, 0.00364063493907, -0.00120453571435], [0.000709109648596, -0.00682632997632, 0.0033536949195, -0.00578486220911, 0.00779149541631, -0.00309236627072, 0.00220124726184, -0.00269449758343, 0.00181521452032, -0.0035485480912, 0.000999086885713, -0.000540385604836, -0.000562138506211], [-0.000812394835521, 0.00607776548713, -0.00331953400746, 0.00400883518159, -0.00309236627072, 0.00931431725621, -0.00365229998715, 0.00304404995404, -0.0018116371939, 0.00368312583305, -0.00409212429076, 0.0040220245719, -0.00037345738383], [0.000567414273974, -0.00511538004503, 0.00177875091322, -0.00301442923956, 0.00220124726184, -0.00365229998715, 0.00947646889836, -0.00532826641575, 0.00251177814789, -0.00195889221504, 0.00276549416594, -0.00324062840082, 0.00269246404059], [-0.000800432637334, 0.00757776759565, -0.00405500922352, 0.00658918218687, -0.00269449758343, 0.00304404995404, -0.00532826641575, 0.0157884135842, -0.00787785276771, 0.00655225245282, -0.00403563538566, 0.00512632634491, -0.00422382215038], [0.000253671547398, -0.00727904727682, 0.00326996995136, -0.0045596533455, 0.00181521452032, -0.0018116371939, 0.00251177814789, -0.00787785276771, 0.0151617145166, -0.010388597846, 0.0060831294395, -0.00589719088748, 0.00287144584581], [-0.000660534191411, 0.00981029588729, -0.00319001590833, 0.00634123617783, -0.0035485480912, 0.00368312583305, -0.00195889221504, 0.00655225245282, -0.010388597846, 0.0213892646134, -0.0127050708979, 0.00836032163352, -0.00271127233282], [8.42594745336e-05, -0.00739251403138, 0.00122932682279, -0.00327936070971, 0.000999086885713, -0.00409212429076, 0.00276549416594, -0.00403563538566, 0.0060831294395, -0.0127050708979, 0.0261319763958, -0.016585085541, 0.00696015683934], [-0.000259635417024, 0.00613885605708, -0.00103185139596, 0.00364063493907, -0.000540385604836, 0.0040220245719, -0.00324062840082, 0.00512632634491, -0.00589719088748, 0.00836032163352, -0.016585085541, 0.0302067082375, -0.0133297005668], [-0.000102670172055, -0.00206506554969, -0.000958277727477, -0.00120453571435, -0.000562138506211, -0.00037345738383, 0.00269246404059, -0.00422382215038, 0.00287144584581, -0.00271127233282, 0.00696015683934, -0.0133297005668, 0.0193892717361]]
    },
    "melbands": {
        "dmean": [0.00268361042254, 0.00194153445773, 0.000528065487742, 0.00034827820491, 0.000319496699376, 0.000493957893923, 0.000260293250903, 0.000224377276027, 0.000148714374518, 0.000131805732963, 8.1021033111e-05, 8.10767014627e-05, 4.28158127761e-05, 3.17474332405e-05, 2.75950278592e-05, 2.16344378714e-05, 2.92393542622e-05, 1.99318783416e-05, 1.08772792373e-05, 1.43475526784e-05, 1.77687597898e-05, 1.04571081465e-05, 6.97259201843e-06, 2.88163255391e-06, 2.86577846964e-06, 3.82046209779e-06, 4.39076302428e-06, 2.89173794954e-06, 3.27494035446e-06, 3.40343717653e-06, 3.13032023769e-06, 2.43529302679e-06, 1.93277514882e-06, 1.88580452232e-06, 1.32607033265e-06, 9.35706850669e-07, 6.93688093634e-07, 5.91079924561e-07, 4.55988811154e-07, 1.09808517834e-07],
        "dmean2": [0.00437494879588, 0.00342202326283, 0.000893902033567, 0.000590675976127, 0.000530682562385, 0.000847637827974, 0.000400945049478, 0.000362773775123, 0.000221544731176, 0.000198294976144, 0.000128291925648, 0.000123043297208, 6.63230603095e-05, 4.95210115332e-05, 4.25436301157e-05, 3.31260489475e-05, 4.6083900088e-05, 3.22910454997e-05, 1.75245659193e-05, 2.17430497287e-05, 2.62204903265e-05, 1.55751295097e-05, 1.06652914837e-05, 4.55545477962e-06, 4.52661834061e-06, 6.02530826654e-06, 6.6827824412e-06, 4.29168085248e-06, 4.89098511025e-06, 4.95442873216e-06, 4.70115492135e-06, 3.67129860024e-06, 2.72307011073e-06, 2.79699020211e-06, 1.987610176e-06, 1.38223629165e-06, 1.03564264009e-06, 8.63524292072e-07, 6.78416199662e-07, 1.68166081949e-07],
        "dvar": [2.12853228732e-05, 1.24943990158e-05, 4.32102382319e-07, 2.36602772929e-07, 2.14808110854e-07, 6.8479522497e-07, 2.29547225672e-07, 2.79396942915e-07, 9.72426406065e-08, 5.3595883287e-08, 6.52109548582e-08, 3.47605180195e-08, 1.19834160373e-08, 1.07551469952e-08, 5.10209563487e-09, 1.95929805713e-09, 9.35306232464e-09, 4.38167946371e-09, 6.75376976567e-10, 3.75847086787e-09, 7.03199054541e-09, 7.9410905629e-10, 1.84706389073e-10, 2.1476294701e-11, 1.0612480339e-10, 8.40055872087e-11, 5.23848908696e-10, 3.73674535759e-10, 3.01958291704e-10, 3.00725194746e-10, 3.04804681495e-10, 1.36517103178e-10, 8.99909174956e-11, 8.85350404101e-11, 2.96618805906e-11, 9.58516686161e-12, 6.10798868081e-12, 3.24027740403e-12, 2.8112082974e-12, 1.44284784858e-13],
        "dvar2": [5.26806798007e-05, 3.57997196261e-05, 1.18029834084e-06, 6.3901353542e-07, 6.10231495557e-07, 2.15542513615e-06, 4.96284769724e-07, 8.00216298558e-07, 1.8597948781e-07, 1.15938128431e-07, 1.38312273634e-07, 8.06887925364e-08, 2.51486760305e-08, 2.24821832262e-08, 1.08792903575e-08, 4.44129000243e-09, 2.23565095325e-08, 1.17247145326e-08, 1.6504381195e-09, 8.03082667034e-09, 1.08997433301e-08, 1.49143741801e-09, 4.10565137443e-10, 4.85541190587e-11, 2.58781607254e-10, 1.89608176382e-10, 1.53521484414e-09, 9.02976027284e-10, 6.85540124667e-10, 5.80379688753e-10, 6.12185191429e-10, 2.9318344974e-10, 1.13266895863e-10, 1.93463453591e-10, 6.99095295542e-11, 2.03124080056e-11, 1.27648317264e-11, 5.64753192128e-12, 5.87963185084e-12, 3.04623703649e-13],
        "max": [0.0424036644399, 0.0293484013528, 0.00737267034128, 0.00659648282453, 0.00746861239895, 0.0131836524233, 0.0103226136416, 0.00983336009085, 0.00952895358205, 0.00469221081585, 0.0068074259907, 0.00301667721942, 0.00330384355038, 0.00316101359203, 0.0017314060824, 0.000764191383496, 0.00255165272392, 0.00206494773738, 0.00042962632142, 0.00200465344824, 0.00290295947343, 0.000766273471527, 0.000343859399436, 8.67876660777e-05, 0.000431029911852, 0.000233814542298, 0.00067636690801, 0.000856375496369, 0.000462964730104, 0.000497952802107, 0.000457544170786, 0.000424309662776, 0.000459865521407, 0.000379315169994, 0.000176704576006, 0.000103836711787, 9.04422340682e-05, 4.3754815124e-05, 4.40174226242e-05, 1.09809088826e-05],
        "mean": [0.00460360059515, 0.00325239496306, 0.00105941109359, 0.000648061046377, 0.00064287224086, 0.000998863950372, 0.000670858018566, 0.000455406378023, 0.000399265467422, 0.000346577668097, 0.000195832762984, 0.000219774461584, 9.10211965675e-05, 5.81118001719e-05, 5.74930600123e-05, 4.56426751043e-05, 6.01739993726e-05, 3.5561646655e-05, 1.83396496141e-05, 2.42149471887e-05, 3.80625351681e-05, 2.31431240536e-05, 1.33608291435e-05, 5.70218844587e-06, 4.94843106935e-06, 6.62405363983e-06, 6.63179343974e-06, 4.6617155931e-06, 4.74191210742e-06, 5.04536001245e-06, 4.65400080429e-06, 3.56793907486e-06, 3.16476462103e-06, 2.81697953142e-06, 1.93475943888e-06, 1.29347188249e-06, 9.65106778494e-07, 8.5337200062e-07, 6.32328749361e-07, 1.41206740523e-07],
        "median": [0.00321781355888, 0.0025837069843, 0.000752879772335, 0.000472510058898, 0.000372454087483, 0.000387653533835, 0.000232428836171, 0.000164439115906, 0.000138889619848, 0.000126456317957, 4.79203481518e-05, 5.8150922996e-05, 3.0504872484e-05, 1.76315224962e-05, 1.70432704181e-05, 1.37053511935e-05, 1.0566461242e-05, 1.01811820059e-05, 6.45670297672e-06, 6.80127777741e-06, 8.32770274428e-06, 5.67344704905e-06, 4.89318972541e-06, 3.29843510372e-06, 2.77189383269e-06, 2.60584056377e-06, 1.82640656021e-06, 1.00107592971e-06, 8.36036861074e-07, 7.68602376411e-07, 5.75649494294e-07, 5.9027735233e-07, 6.69333587666e-07, 6.23252674359e-07, 4.99878694882e-07, 3.50086935441e-07, 2.37262540281e-07, 1.75857891804e-07, 1.24383873867e-07, 2.15729567543e-08],
        "min": [2.19292184411e-09, 4.21912149662e-09, 1.00296904115e-09, 3.08285508233e-10, 8.79042705293e-09, 2.81983094652e-08, 5.00366192924e-09, 1.24913359656e-08, 4.91050045071e-09, 1.14340901192e-08, 1.32865918268e-09, 4.24433876933e-10, 1.93518687186e-10, 1.01253276596e-10, 1.95426105853e-10, 1.132335406e-10, 1.71967648455e-10, 6.52926254729e-11, 6.89282450561e-11, 3.46751100055e-11, 8.95724050487e-11, 3.40212774619e-10, 4.56243348657e-10, 1.37393880995e-11, 3.15120395056e-11, 8.32937104706e-12, 3.075570831e-12, 2.16082880755e-12, 2.28344838697e-12, 2.72866798601e-12, 1.51931342941e-12, 1.72978157405e-12, 1.16221572297e-12, 1.05671092536e-12, 7.16365714578e-13, 5.17649074647e-13, 3.6591113169e-13, 2.66168407844e-13, 2.56811851515e-13, 1.42763879603e-13],
        "var": [2.75455313385e-05, 1.08518079287e-05, 9.85994574876e-07, 3.86116283835e-07, 5.68270195345e-07, 2.52956283475e-06, 1.28989495352e-06, 7.80280231538e-07, 6.96506333497e-07, 2.89702654754e-07, 2.97820719197e-07, 1.72703579437e-07, 4.37516938234e-08, 2.08442259009e-08, 1.30377317831e-08, 5.86714188344e-09, 2.44259954485e-08, 6.1290865716e-09, 1.10804421194e-09, 6.29596508261e-09, 2.94594997285e-08, 4.33104574427e-09, 6.49104603401e-10, 5.76306433131e-11, 1.15472131856e-10, 2.0266265055e-10, 7.28863802646e-10, 7.50029538477e-10, 6.29242102868e-10, 7.84044273949e-10, 6.97845614628e-10, 2.91296792243e-10, 2.94676866242e-10, 1.94605803694e-10, 5.81747393313e-11, 2.02630048157e-11, 1.31412901394e-11, 9.42118171671e-12, 6.31770850912e-12, 3.57490756832e-13]
    },
    "mfcc": {
        "mean": [-644.72277832, 152.781890869, 10.4879436493, 26.266916275, 2.00938558578, 8.79681491852, -6.04086875916, 13.0074052811, -1.61633574963, 8.00030040741, 0.124225780368, 4.93479013443, 0.525274276733],
        "cov": [[3467.68359375, -1182.06762695, -222.291000366, -187.149551392, -160.376678467, 28.6372127533, -157.849105835, -124.265464783, -0.725076436996, -25.3231163025, 44.5253295898, 110.105041504, 124.283432007], [-1182.06762695, 1300.69189453, -272.783752441, -47.9069099426, 81.8755111694, -88.7125701904, 20.7119369507, 99.6326828003, -16.2318191528, 46.3201599121, 29.3987827301, -20.0974521637, -33.1833839417], [-222.291000366, -272.783752441, 563.668518066, 136.198898315, 10.2601547241, 61.6376037598, 88.9376296997, 34.5380973816, 9.05630970001, -12.3096084595, -44.2502365112, -20.6990699768, -46.1271591187], [-187.149551392, -47.9069099426, 136.198898315, 288.083618164, 94.5644226074, 36.0847892761, 22.0216197968, 5.73365783691, 11.09790802, -6.62355422974, -45.9142608643, -17.221244812, -7.16853284836], [-160.376678467, 81.8755111694, 10.2601547241, 94.5644226074, 239.498672485, 53.9133682251, 8.29684829712, -11.2189311981, -0.0916241258383, 3.98554944992, -18.0173740387, -1.16084349155, 5.8023223877], [28.6372127533, -88.7125701904, 61.6376037598, 36.0847892761, 53.9133682251, 164.67137146, 51.8711433411, -4.91478919983, -18.6299552917, 3.07723021507, 3.1654818058, 4.49591827393, -3.59272909164], [-157.849105835, 20.7119369507, 88.9376296997, 22.0216197968, 8.29684829712, 51.8711433411, 167.432617188, 50.1841316223, -4.97313451767, -5.28038215637, -10.8013000488, -8.38680839539, -20.84815979], [-124.265464783, 99.6326828003, 34.5380973816, 5.73365783691, -11.2189311981, -4.91478919983, 50.1841316223, 133.715316772, 28.952205658, 9.22902107239, -5.79454851151, -8.4128112793, -12.5726289749], [-0.725076436996, -16.2318191528, 9.05630970001, 11.09790802, -0.0916241258383, -18.6299552917, -4.97313451767, 28.952205658, 102.477310181, 28.5567169189, -5.41877985001, -6.53794813156, -0.696783542633], [-25.3231163025, 46.3201599121, -12.3096084595, -6.62355422974, 3.98554944992, 3.07723021507, -5.28038215637, 9.22902107239, 28.5567169189, 90.7660217285, 33.2937736511, 3.50168466568, -9.05510902405], [44.5253295898, 29.3987827301, -44.2502365112, -45.9142608643, -18.0173740387, 3.1654818058, -10.8013000488, -5.79454851151, -5.41877985001, 33.2937736511, 114.491409302, 36.5357055664, 8.44892597198], [110.105041504, -20.0974521637, -20.6990699768, -17.221244812, -1.16084349155, 4.49591827393, -8.38680839539, -8.4128112793, -6.53794813156, 3.50168466568, 36.5357055664, 79.8959655762, 30.2979125977], [124.283432007, -33.1833839417, -46.1271591187, -7.16853284836, 5.8023223877, -3.59272909164, -20.84815979, -12.5726289749, -0.696783542633, -9.05510902405, 8.44892597198, 30.2979125977, 88.8147964478]],
