{
"lowlevel": {
    "average_loudness": 0.977448940277,
    "barkbands_crest": {
        "dmean": 2.95740509033,
        "dmean2": 4.54969358444,
        "dvar": 8.87927627563,
        "dvar2": 18.7304058075,
        "max": 26.3157844543,
        "mean": 14.6817140579,
        "median": 15.3772058487,
        "min": 2.44898247719,
        "var": 31.3466110229
    },
    "barkbands_flatness_db": {
        "dmean": 0.0285450611264,
        "dmean2": 0.0405508764088,
        "dvar": 0.000810831785202,
        "dvar2": 0.00153141422197,
        "max": 0.434315860271,
        "mean": 0.18338406086,
        "median": 0.173339366913,
        "min": 0.0648633614182,
        "var": 0.0035688704811
    },
    "barkbands_kurtosis": {
        "dmean": 7.75415420532,
        "dmean2": 11.4103775024,
        "dvar": 420.144592285,
        "dvar2": 939.455078125,
        "max": 436.855804443,
        "mean": 12.0689821243,
        "median": 3.08450269699,
        "min": -1.82772266865,
        "var": 767.042602539
    },
    "barkbands_skewness": {
        "dmean": 0.828701019287,
        "dmean2": 1.18751835823,
        "dvar": 1.12817287445,
        "dvar2": 2.20342803001,
        "max": 18.67029953,
        "mean": 2.50202417374,
        "median": 1.91649734974,
        "min": -1.6759314537,
        "var": 4.52944040298
    },
    "barkbands_spread": {
        "dmean": 6.73392772675,
        "dmean2": 9.91774749756,
        "dvar": 62.5684623718,
        "dvar2": 131.434921265,
        "max": 95.5746841431,
        "mean": 22.6328239441,
        "median": 20.5134944916,
        "min": 0.48792886734,
        "var": 214.345016479
    },
    "dissonance": {
        "dmean": 0.015895113349,
        "dmean2": 0.026458600536,
        "dvar": 0.000252328260103,
        "dvar2": 0.000675937742926,
        "max": 0.499920606613,
        "mean": 0.470563799143,
        "median": 0.475368946791,
        "min": 0.306217312813,
        "var": 0.000459899049019
    },
    "dynamic_complexity": 2.03101611137,
    "erbbands_crest": {
        "dmean": 2.27112174034,
        "dmean2": 3.62796592712,
        "dvar": 5.20453310013,
        "dvar2": 12.5583534241,
        "max": 25.3900222778,
        "mean": 7.6823515892,
        "median": 6.9511256218,
        "min": 2.24924325943,
        "var": 11.9551172256
    },
    "erbbands_flatness_db": {
        "dmean": 0.0155522534624,
        "dmean2": 0.0216623283923,
        "dvar": 0.000211028032936,
        "dvar2": 0.000373391696485,
        "max": 0.26514852047,
        "mean": 0.158819526434,
        "median": 0.155250251293,
        "min": 0.092452712357,
        "var": 0.000883355212864
    },
    "erbbands_kurtosis": {
        "dmean": 0.706247270107,
        "dmean2": 1.06934118271,
        "dvar": 0.694293439388,
        "dvar2": 1.51445317268,
        "max": 14.8454856873,
        "mean": 0.127029821277,
        "median": -0.193471670151,
        "min": -1.81917774677,
        "var": 1.6805100441
    },
    "erbbands_skewness": {
        "dmean": 0.313337057829,
        "dmean2": 0.464905530214,
        "dvar": 0.0944455116987,
        "dvar2": 0.193367600441,
        "max": 2.73848772049,
        "mean": 0.121170945466,
        "median": 0.167896330357,
        "min": -2.41254878044,
        "var": 0.40840280056
    },
    "erbbands_spread": {
        "dmean": 9.64622306824,
        "dmean2": 14.2782878876,
        "dvar": 100.006149292,
        "dvar2": 228.434890747,
        "max": 143.14390564,
        "mean": 46.2874984741,
        "median": 42.4470672607,
        "min": 7.21602249146,
        "var": 422.063140869
    },
    "hfc": {
        "dmean": 9.88538169861,
        "dmean2": 13.7459621429,
        "dvar": 243.070678711,
        "dvar2": 509.614624023,
        "max": 221.61668396,
        "mean": 29.2402305603,
        "median": 23.1772727966,
        "min": 0.000401761877583,
        "var": 694.742431641
    },
    "melbands_crest": {
        "dmean": 3.43883514404,
        "dmean2": 5.34622049332,
        "dvar": 12.1086235046,
        "dvar2": 24.6537475586,
        "max": 34.7014198303,
        "mean": 20.3820648193,
        "median": 21.5195121765,
        "min": 3.30061841011,
        "var": 49.3678092957
    },
    "melbands_flatness_db": {
        "dmean": 0.0360258184373,
        "dmean2": 0.0493678674102,
        "dvar": 0.00133203028236,
        "dvar2": 0.00236693862826,
        "max": 0.525569975376,
        "mean": 0.221932247281,
        "median": 0.214347615838,
        "min": 0.0237897206098,
        "var": 0.00679522380233
    },
    "melbands_kurtosis": {
        "dmean": 18.1238212585,
        "dmean2": 26.7587413788,
        "dvar": 1389.00524902,
        "dvar2": 2816.19165039,
        "max": 705.629699707,
        "mean": 36.7180252075,
        "median": 15.2957878113,
        "min": -1.53707361221,
        "var": 4111.94580078
    },
    "melbands_skewness": {
        "dmean": 1.10401237011,
        "dmean2": 1.60608375072,
        "dvar": 1.52354717255,
        "dvar2": 2.9945473671,
        "max": 18.6874904633,
        "mean": 4.22889995575,
        "median": 3.55637216568,
        "min": -0.608381152153,
        "var": 8.44171142578
    },
    "melbands_spread": {
        "dmean": 6.97017669678,
        "dmean2": 10.5097522736,
        "dvar": 82.1595993042,
        "dvar2": 167.886642456,
        "max": 153.200942993,
        "mean": 19.9556484222,
        "median": 16.9728183746,
        "min": 0.429385155439,
        "var": 257.01864624
    },
    "pitch_salience": {
        "dmean": 0.0824376419187,
        "dmean2": 0.121862366796,
        "dvar": 0.00669318903238,
        "dvar2": 0.013270881027,
        "max": 0.822956085205,
        "mean": 0.411521673203,
        "median": 0.391183823347,
        "min": 0.045668117702,
        "var": 0.0234273206443
    },
    "silence_rate_20dB": {
        "dmean": 0,
        "dmean2": 0,
        "dvar": 0,
        "dvar2": 0,
        "max": 1,
        "mean": 1,
        "median": 1,
        "min": 1,
        "var": 0
    },
    "silence_rate_30dB": {
        "dmean": 0.062742061913,
        "dmean2": 0.125532746315,
        "dvar": 0.0588057301939,
        "dvar2": 0.147740900517,
        "max": 1,
        "mean": 0.951993823051,
        "median": 1,
        "min": 0,
        "var": 0.045701276511
    },
    "silence_rate_60dB": {
        "dmean": 0.00697134016082,
        "dmean2": 0.0139480819926,
        "dvar": 0.00692277215421,
        "dvar2": 0.0153033165261,
        "max": 1,
        "mean": 0.0150987226516,
        "median": 0,
        "min": 0,
        "var": 0.014871631749
    },
    "spectral_centroid": {
        "dmean": 293.592071533,
        "dmean2": 427.979522705,
        "dvar": 94952.9140625,
        "dvar2": 181830.328125,
        "max": 3890.04199219,
        "mean": 1573.71032715,
        "median": 1539.3067627,
        "min": 253.944702148,
        "var": 406776.6875
    },
    "spectral_complexity": {
        "dmean": 4.27188205719,
        "dmean2": 6.18364953995,
        "dvar": 27.0493984222,
        "dvar2": 47.3142089844,
        "max": 61,
        "mean": 22.1858310699,
        "median": 21,
        "min": 0,
        "var": 116.003982544
    },
    "spectral_decrease": {
        "dmean": 4.34997859955e-09,
        "dmean2": 6.56889165285e-09,
        "dvar": 2.55669020369e-17,
        "dvar2": 5.97135331455e-17,
        "max": -1.94070684544e-13,
        "mean": -1.3985214764e-08,
        "median": -1.40773224189e-08,
        "min": -4.77857433623e-08,
        "var": 6.11216857156e-17
    },
    "spectral_energy": {
        "dmean": 0.0168880242854,
        "dmean2": 0.0254178345203,
        "dvar": 0.000370506837498,
        "dvar2": 0.000866496528033,
        "max": 0.182733729482,
        "mean": 0.0554355755448,
        "median": 0.0558688975871,
        "min": 7.68906886606e-07,
        "var": 0.000908532878384
    },
    "spectral_energyband_high": {
        "dmean": 0.000933364615776,
        "dmean2": 0.00126744818408,
        "dvar": 3.09964821099e-06,
        "dvar2": 6.24254016657e-06,
        "max": 0.0284442212433,
        "mean": 0.00176050269511,
        "median": 0.000775641005021,
        "min": 3.05609688667e-08,
        "var": 8.42761164677e-06
    },
    "spectral_energyband_low": {
        "dmean": 0.0154121862724,
        "dmean2": 0.0238110236824,
        "dvar": 0.000422630546382,
        "dvar2": 0.000962818274274,
        "max": 0.172686725855,
        "mean": 0.0378975905478,
        "median": 0.0378943234682,
        "min": 3.85499390632e-07,
        "var": 0.000848841795232
    },
    "spectral_energyband_middle_high": {
        "dmean": 0.00212847464718,
        "dmean2": 0.00318352971226,
        "dvar": 8.15918792796e-06,
        "dvar2": 1.84978289326e-05,
        "max": 0.0472496747971,
        "mean": 0.00690044183284,
        "median": 0.00533427949995,
        "min": 7.40607433158e-08,
        "var": 3.50420559698e-05
    },
    "spectral_energyband_middle_low": {
        "dmean": 0.00443040998653,
        "dmean2": 0.00721374247223,
        "dvar": 4.61894924229e-05,
        "dvar2": 0.000114929222036,
        "max": 0.06677120924,
        "mean": 0.00951514579356,
        "median": 0.00744015676901,
        "min": 5.222042887e-08,
        "var": 6.14460368524e-05
    },
    "spectral_entropy": {
        "dmean": 0.175695374608,
        "dmean2": 0.238155707717,
        "dvar": 0.0330266691744,
        "dvar2": 0.058568764478,
        "max": 8.42893600464,
        "mean": 7.68376255035,
        "median": 7.68697166443,
        "min": 6.45056343079,
        "var": 0.115298934281
    },
    "spectral_flux": {
        "dmean": 0.0349121503532,
        "dmean2": 0.0548914112151,
        "dvar": 0.00127714173868,
        "dvar2": 0.00300913024694,
        "max": 0.320172816515,
        "mean": 0.103448785841,
        "median": 0.0914925262332,
        "min": 0.000876873382367,
        "var": 0.00284619512968
    },
    "spectral_kurtosis": {
        "dmean": 1.13746130466,
        "dmean2": 1.87446796894,
        "dvar": 1.60453021526,
        "dvar2": 3.94247579575,
        "max": 20.5689258575,
        "mean": 1.89790332317,
        "median": 1.53252649307,
        "min": -1.17234766483,
        "var": 2.93955397606
    },
    "spectral_rms": {
        "dmean": 0.00112693163101,
        "dmean2": 0.00165086321067,
        "dvar": 1.41513010021e-06,
        "dvar2": 3.03858632833e-06,
        "max": 0.0133520336822,
        "mean": 0.00701872259378,
        "median": 0.0073828343302,
        "min": 2.73889218079e-05,
        "var": 4.82106361233e-06
    },
    "spectral_rolloff": {
        "dmean": 485.240112305,
        "dmean2": 783.947875977,
        "dvar": 723391.8125,
        "dvar2": 1649981.25,
        "max": 8527.1484375,
        "mean": 1122.0032959,
        "median": 775.1953125,
        "min": 64.599609375,
        "var": 1609880.875
    },
    "spectral_skewness": {
        "dmean": 0.206596791744,
        "dmean2": 0.320964455605,
        "dvar": 0.0454261265695,
        "dvar2": 0.099283836782,
        "max": 3.53764748573,
        "mean": 1.08560502529,
        "median": 1.04074943066,
        "min": 0.0125501574948,
        "var": 0.128459051251
    },
    "spectral_spread": {
        "dmean": 587172.3125,
        "dmean2": 857565.875,
        "dvar": 405162885120,
        "dvar2": 904498446336,
        "max": 11267157,
        "mean": 4761585,
        "median": 4541792,
        "min": 1919070.875,
        "var": 1.22648435098e+12
    },
    "spectral_strongpeak": {
        "dmean": 0.280022829771,
        "dmean2": 0.477993905544,
        "dvar": 0.414490252733,
        "dvar2": 1.08081924915,
        "max": 8.02679252625,
        "mean": 0.63550978899,
        "median": 0.476049870253,
        "min": 0,
        "var": 0.516419827938
    },
    "zerocrossingrate": {
        "dmean": 0.0119787761942,
        "dmean2": 0.0133952898905,
        "dvar": 0.000143125129398,
        "dvar2": 0.000175938228494,
        "max": 0.23974609375,
        "mean": 0.0486543998122,
        "median": 0.04345703125,
        "min": 0.001953125,
        "var": 0.00093674013624
    },
    "barkbands": {
        "dmean": [0.000679917866364, 0.0132508771494, 0.00314667238854, 0.00127148942556, 0.00238733575679, 0.000748832768295, 0.000531804049388, 0.000634293013718, 0.000873099255841, 0.000421750271926, 0.000545843387954, 0.0006955396384, 0.000369582237909, 0.000264057889581, 0.000299314589938, 0.000225255789701, 0.000286650989437, 0.000239917906583, 0.000288516894216, 0.000226166273933, 0.000223529306822, 0.000226896780077, 0.000263112975517, 0.000209075107705, 5.63116082049e-05, 5.20374499047e-08, 4.00449584603e-09],
        "dmean2": [0.00101950799581, 0.0202861651778, 0.00515272654593, 0.00224444083869, 0.00425235647708, 0.00118918379303, 0.0007791024982, 0.00101619539782, 0.00139240140561, 0.000645674357656, 0.000848021358252, 0.00106628914364, 0.000571458076593, 0.000421397824539, 0.00046805900638, 0.000349007896148, 0.000464396522148, 0.000384582352126, 0.00044903383241, 0.000362119229976, 0.000337046803907, 0.000343423656886, 0.000374233466573, 0.000304772547679, 8.37421030155e-05, 8.0600166541e-08, 7.42877581672e-09],
        "dvar": [9.13658539048e-07, 0.000318421429256, 5.18515844306e-05, 9.98528594209e-06, 2.100124766e-05, 2.01501484298e-06, 1.02008448266e-06, 1.48768424424e-06, 3.43204442288e-06, 7.2392600714e-07, 1.23997085666e-06, 1.33096455102e-06, 4.41829996589e-07, 2.37740337639e-07, 2.96637523434e-07, 1.70439207636e-07, 2.78946430399e-07, 1.57332749495e-07, 2.76913027619e-07, 2.41459900963e-07, 2.19835769144e-07, 2.11786641557e-07, 2.94892060992e-07, 1.74975824052e-07, 1.31838646666e-08, 1.78373229409e-14, 1.5515801297e-16],
        "dvar2": [1.92471293303e-06, 0.000749445112888, 0.000125115169794, 2.77059643849e-05, 5.87322501815e-05, 4.75227898278e-06, 2.22140647566e-06, 3.66957692677e-06, 7.98119890533e-06, 1.59369847097e-06, 2.93441985377e-06, 2.90415482596e-06, 1.06885147488e-06, 5.71396242321e-07, 6.83118344114e-07, 3.71013840095e-07, 6.63594221351e-07, 3.82221600148e-07, 6.45877662464e-07, 5.94686412114e-07, 4.85650616611e-07, 4.70170220979e-07, 5.94334835569e-07, 4.0771658405e-07, 2.61216719366e-08, 4.50995001706e-14, 4.43964457779e-16],
        "max": [0.0119815543294, 0.145252645016, 0.0817339867353, 0.0384597033262, 0.0396250039339, 0.0275940969586, 0.0161801408976, 0.0175486393273, 0.0334750413895, 0.0188191868365, 0.0233733262867, 0.0215047355741, 0.0100358948112, 0.00868495739996, 0.00913972314447, 0.00645767012611, 0.0117084877566, 0.00420716172084, 0.00896795187145, 0.00773723749444, 0.0103142224252, 0.0108350319788, 0.0125124203041, 0.00952504388988, 0.00285751163028, 3.35031518262e-06, 2.1754823365e-07],
        "mean": [0.00140935799573, 0.0314676165581, 0.00445561064407, 0.00124449492432, 0.00282864435576, 0.00131904450245, 0.00135173881426, 0.00105306121986, 0.00155892618932, 0.00072086090222, 0.000958389602602, 0.00161559553817, 0.000742135860492, 0.000451242551208, 0.000467453210149, 0.000360408361303, 0.000477436115034, 0.000426145328674, 0.000529442564584, 0.000374712020857, 0.000433935842011, 0.000398255768232, 0.000382249651011, 0.000330705981469, 7.80404297984e-05, 6.38895940597e-08, 3.07453684734e-09],
        "median": [0.000924695224967, 0.0311039239168, 0.00239769136533, 0.000467236881377, 0.00165295449551, 0.00059845141368, 0.000450507330243, 0.00044982082909, 0.000766538782045, 0.000339079968398, 0.000329297705321, 0.000580824096687, 0.000298778701108, 0.000190079997992, 0.000241202142206, 0.000150449515786, 0.000192995808902, 0.000231613274082, 0.000309129914967, 0.00019822178001, 0.000229839599342, 0.000173286607605, 0.000114303809823, 0.000100698918686, 1.6997275452e-05, 1.28052155546e-08, 9.45019507093e-10],
        "min": [6.58858425595e-08, 1.28463426563e-07, 1.13859899287e-08, 2.61079584618e-08, 5.95442362084e-09, 8.66442695369e-10, 8.14401257543e-09, 2.52340903728e-09, 6.72312028271e-09, 3.64250496432e-09, 2.6310540413e-09, 1.25916277405e-09, 2.32978747405e-09, 1.09219469024e-08, 1.72581273716e-08, 1.38533948757e-08, 8.20597723106e-09, 3.31292016043e-09, 5.82940362648e-09, 6.89164236789e-09, 7.71898722718e-09, 1.00704840023e-08, 6.21602369577e-09, 4.69583705254e-09, 2.77666001303e-10, 5.80954945609e-12, 9.36502004417e-12],
        "var": [2.68892540589e-06, 0.000658108969219, 5.21197835042e-05, 7.22472395864e-06, 1.56062742462e-05, 4.35900847151e-06, 5.02684588355e-06, 2.57356896327e-06, 6.27352574156e-06, 2.12014242607e-06, 2.90166713057e-06, 4.93076277053e-06, 1.4437422351e-06, 6.62073603053e-07, 4.95579683957e-07, 3.43921811918e-07, 5.98037615873e-07, 2.99730231745e-07, 5.1198685469e-07, 3.26477817225e-07, 4.36273154492e-07, 4.43415899554e-07, 6.59145428017e-07, 5.22532388914e-07, 4.34832045926e-08, 3.7556688716e-14, 1.01113962508e-16]
    },
    "erbbands": {
        "dmean": [0.503283679485, 2.57644104958, 3.739123106, 3.55958271027, 6.56956338882, 8.60591983795, 6.61671257019, 6.17867326736, 4.80431365967, 11.8355808258, 16.1513767242, 18.0848999023, 15.3334169388, 15.9888830185, 20.4214286804, 29.7160930634, 13.4378843307, 16.4399833679, 14.4541625977, 13.9222517014, 13.3439207077, 13.4365758896, 13.0550050735, 14.0288448334, 13.1108970642, 10.2008008957, 8.63318157196, 9.48117637634, 8.51369953156, 6.35913276672, 8.50107955933, 5.22601032257, 2.93455767632, 1.14911925793, 0.13039073348, 0.00536884274334, 0.000248799507972, 3.29763388436e-05, 1.34563952088e-05, 2.01373459277e-05],
        "dmean2": [0.763898491859, 4.00578355789, 5.93722343445, 6.00466680527, 11.6026306152, 15.3652505875, 10.7999429703, 9.8279132843, 7.44173002243, 17.2781105042, 26.1125621796, 28.8715248108, 23.5807876587, 24.2127437592, 30.5963401794, 45.397228241, 20.2308826447, 26.4535751343, 23.0352706909, 21.9321575165, 20.5891819, 21.5631923676, 20.5448894501, 22.0648670197, 20.2230167389, 16.4161682129, 13.114367485, 14.4991550446, 12.7598438263, 9.26875782013, 12.5998973846, 7.64664411545, 4.3079533577, 1.70329976082, 0.198297053576, 0.00808590929955, 0.000361770187737, 4.67108657176e-05, 1.91687286133e-05, 2.99290495605e-05],
        "dvar": [0.422377467155, 15.0058317184, 59.1013450623, 71.4338302612, 236.151382446, 230.370178223, 109.573959351, 197.316390991, 91.2379684448, 546.963745117, 943.128967285, 2130.08959961, 1198.90673828, 944.014709473, 1465.2956543, 2389.09912109, 498.210296631, 962.491088867, 820.561889648, 665.731262207, 540.566955566, 570.215026855, 438.38269043, 674.383605957, 545.051025391, 581.198425293, 282.202880859, 472.903900146, 297.857269287, 231.468795776, 314.167205811, 106.334709167, 39.5720062256, 5.23058748245, 0.0752654075623, 0.000121453187603, 2.25614812166e-07, 3.65355479204e-09, 2.87998902504e-10, 4.75481043427e-10],
        "dvar2": [0.912604868412, 37.4831390381, 138.378433228, 186.257949829, 650.840637207, 645.439331055, 270.856872559, 463.212280273, 219.094589233, 1098.06750488, 2378.23657227, 5265.87548828, 2673.59423828, 2210.99243164, 3518.32324219, 5601.50683594, 1036.90881348, 2466.03735352, 1976.65600586, 1525.32385254, 1223.01464844, 1380.9107666, 1059.62023926, 1568.51782227, 1280.33044434, 1534.10900879, 562.687438965, 1146.81945801, 668.029968262, 445.521697998, 705.376831055, 244.092330933, 92.8333740234, 10.3607463837, 0.168875828385, 0.000264886504738, 4.68629934858e-07, 7.40892414086e-09, 5.95913984824e-10, 1.09265552162e-09],
        "max": [6.11838245392, 33.6562919617, 69.7902755737, 96.8549728394, 159.574707031, 151.500549316, 155.908584595, 315.844909668, 221.802856445, 427.442687988, 466.065368652, 902.880371094, 755.674926758, 687.708068848, 862.278747559, 783.71887207, 529.243896484, 458.326751709, 570.528381348, 432.345550537, 372.549316406, 506.31439209, 226.112091064, 330.722839355, 397.637023926, 432.552947998, 342.842041016, 450.718383789, 410.427093506, 458.260009766, 352.651000977, 175.427978516, 141.846633911, 58.2621421814, 7.03055524826, 0.293560564518, 0.0122246276587, 0.00139492528979, 0.000322508771205, 0.000200616908842],
        "mean": [1.28123998642, 5.56480455399, 5.95840978622, 4.33506155014, 6.74447917938, 10.2577810287, 10.6750841141, 10.5573997498, 10.001578331, 30.4054355621, 26.3728275299, 31.4824028015, 29.5160121918, 30.2175521851, 40.7913017273, 70.4111175537, 32.0701446533, 32.9897193909, 24.4011287689, 21.5759887695, 23.6193904877, 23.734041214, 24.7531909943, 26.4473686218, 25.1696243286, 17.2493667603, 16.289812088, 17.0472164154, 14.9148855209, 10.8993663788, 11.3796272278, 8.22408294678, 4.53885173798, 1.63738417625, 0.163855656981, 0.00701043149456, 0.000375084491679, 5.46937735635e-05, 3.92783222196e-05, 6.72105306876e-05],
        "median": [1.21420478821, 5.1034655571, 3.7449054718, 1.97477447987, 2.87996888161, 6.05589485168, 5.36006879807, 4.43842983246, 5.32548999786, 8.59072875977, 12.9007358551, 17.034488678, 14.7784528732, 17.9206218719, 17.5089244843, 25.9220046997, 19.0497226715, 12.2624778748, 12.5197153091, 8.65844917297, 10.7459106445, 11.2269105911, 14.7091817856, 15.0597906113, 12.8732175827, 9.47483634949, 8.54416275024, 8.47870922089, 6.76861572266, 3.886759758, 3.03604865074, 2.76191020012, 1.15483784676, 0.366301625967, 0.0355902761221, 0.00159022235312, 0.000109533430077, 1.93292435142e-05, 3.30459079123e-05, 6.62596503389e-05],
        "min": [6.46523812975e-06, 2.22348953685e-05, 0.000115586888569, 0.000135110967676, 4.43361968792e-05, 1.50450268848e-05, 1.94479325728e-05, 9.57847805694e-06, 9.57368756644e-05, 8.62007655087e-05, 0.000100001721876, 0.000159807765158, 0.000132045664941, 5.59104373679e-05, 0.00010016750457, 7.3822302511e-05, 0.000125941762235, 0.000506486685481, 0.00111219508108, 0.000363283819752, 0.000906013941858, 0.000422320037615, 0.000214237603359, 0.000371538480977, 0.000248223775998, 0.000325859262375, 0.000214083323954, 0.000395611248678, 0.000316773686791, 0.000236466061324, 0.000172501109773, 0.000134637404699, 5.97056132392e-05, 7.63356729294e-06, 6.92077151143e-07, 5.60318049736e-08, 1.3650750752e-08, 5.86752513243e-09, 1.67188263234e-09, 1.06924991083e-09],
        "var": [1.12670409679, 24.5279750824, 66.5110244751, 61.0488777161, 167.799835205, 188.24786377, 256.707733154, 371.480895996, 255.086624146, 3123.38867188, 1463.50671387, 3059.78173828, 2732.88598633, 1941.75915527, 3838.92285156, 9546.515625, 1941.57800293, 2998.16040039, 1374.0526123, 1234.48083496, 1148.69519043, 1115.45202637, 877.90222168, 1204.90576172, 1125.28076172, 663.708618164, 657.394714355, 749.461975098, 586.220581055, 567.563903809, 569.212463379, 263.237792969, 126.051597595, 18.4133281708, 0.160582795739, 0.000285891175736, 6.78366347984e-07, 1.20869554365e-08, 1.00078811904e-09, 1.30761723671e-09]
    },
    "gfcc": {
        "mean": [12.6652002335, 115.678573608, -134.614807129, 67.9001235962, -70.9441452026, 36.119468689, -21.1546821594, 8.36896133423, -5.10583162308, -11.8688249588, 9.87237358093, -14.1480808258, 8.00000667572],
        "cov": [[3505.99658203, -584.182556152, -421.205505371, 117.610466003, -251.165176392, 170.618728638, -158.995819092, 86.5491104126, -110.625396729, 85.2141113281, -32.0591583252, 117.583099365, -134.002548218], [-584.182556152, 648.979370117, 90.0401077271, -82.3179702759, 264.275695801, -47.5146255493, 200.941192627, -42.6941070557, 99.6648788452, -46.7232513428, 98.9517211914, -39.1529502869, 27.5372772217], [-421.205505371, 90.0401077271, 785.40435791, 234.928161621, 107.05670166, 149.889678955, 83.6430358887, 114.622131348, 85.7618331909, 8.9695520401, 3.70965123177, 20.252325058, 71.3620529175], [117.610466003, -82.3179702759, 234.928161621, 331.2550354, 133.124328613, 10.4651594162, 13.4968748093, 61.5950317383, 73.7803039551, 2.49558138847, -23.4006595612, 29.9039936066, 36.2373504639], [-251.165176392, 264.275695801, 107.05670166, 133.124328613, 348.749298096, 47.9568786621, 103.571563721, 27.9578819275, 115.522666931, 5.36806964874, 35.2090568542, -13.5601758957, 47.7180099487], [170.618728638, -47.5146255493, 149.889678955, 10.4651594162, 47.9568786621, 232.563903809, 73.599822998, 25.8721218109, 16.6164093018, 47.5820007324, 18.5169487, -6.66393709183, -27.1021137238], [-158.995819092, 200.941192627, 83.6430358887, 13.4968748093, 103.571563721, 73.599822998, 258.242889404, 37.5102043152, 55.8936386108, 18.6329994202, 98.9544906616, -1.86258459091, -11.8122711182], [86.5491104126, -42.6941070557, 114.622131348, 61.5950317383, 27.9578819275, 25.8721218109, 37.5102043152, 127.073425293, 51.3508529663, 19.0938491821, 19.1665687561, 43.3138694763, 24.2859725952], [-110.625396729, 99.6648788452, 85.7618331909, 73.7803039551, 115.522666931, 16.6164093018, 55.8936386108, 51.3508529663, 135.190200806, 20.0975036621, 23.5502586365, 23.4040470123, 27.9290904999], [85.2141113281, -46.7232513428, 8.9695520401, 2.49558138847, 5.36806964874, 47.5820007324, 18.6329994202, 19.0938491821, 20.0975036621, 74.0043640137, 31.1058864594, 7.49857282639, 1.33435821533], [-32.0591583252, 98.9517211914, 3.70965123177, -23.4006595612, 35.2090568542, 18.5169487, 98.9544906616, 19.1665687561, 23.5502586365, 31.1058864594, 112.783287048, 32.625202179, -17.656627655], [117.583099365, -39.1529502869, 20.252325058, 29.9039936066, -13.5601758957, -6.66393709183, -1.86258459091, 43.3138694763, 23.4040470123, 7.49857282639, 32.625202179, 82.1627197266, 24.8580608368], [-134.002548218, 27.5372772217, 71.3620529175, 36.2373504639, 47.7180099487, -27.1021137238, -11.8122711182, 24.2859725952, 27.9290904999, 1.33435821533, -17.656627655, 24.8580608368, 90.6421356201]],
        "icov": [[0.000597798149101, -0.000962499645539, 0.000986550701782, -0.00147855142131, 0.00108253571671, -0.00143899885006, 0.000720047974028, -0.00117212929763, 0.000854426762089, -0.000758269859944, 0.000485702301376, -0.000831949117128, 0.00046896393178], [-0.000962499645539, 0.0109837250784, -0.00489830505103, 0.00948292389512, -0.00904978066683, 0.00797962956131, -0.00559710105881, 0.0072689242661, -0.00526056205854, 0.00618737796322, -0.00376784708351, 0.00198287586682, 3.06852343783e-05], [0.000986550701782, -0.00489830505103, 0.00536526925862, -0.00688831042498, 0.0056421677582, -0.00674367509782, 0.00318325147964, -0.00511494232342, 0.00196922128089, -0.000535497441888, -0.000641938298941, 0.00117241451517, -0.00277041969821], [-0.00147855142131, 0.00948292389512, -0.00688831042498, 0.0150440754369, -0.0112684275955, 0.0102175883949, -0.00609362870455, 0.00676220515743, -0.00470970245078, 0.00262472801842, 0.00218067201786, -0.00263384985738, 0.0032829423435], [0.00108253571671, -0.00904978066683, 0.0056421677582, -0.0112684275955, 0.0146505637094, -0.0098875714466, 0.00519680837169, -0.00609749462456, -1.95263910427e-05, -0.000913177500479, -0.00276245758869, 0.00472557358444, -0.0057601290755], [-0.00143899885006, 0.00797962956131, -0.00674367509782, 0.0102175883949, -0.0098875714466, 0.0155631788075, -0.0073090037331, 0.00644021900371, -0.00228881533258, -0.00271953409538, 0.00367122353055, -0.00249755545519, 0.00599879864603], [0.000720047974028, -0.00559710105881, 0.00318325147964, -0.00609362870455, 0.00519680837169, -0.0073090037331, 0.0116087440401, -0.00587713159621, 0.000787815311924, 0.00111989828292, -0.00814466550946, 0.00498044956475, -0.00235046842135], [-0.00117212929763, 0.0072689242661, -0.00511494232342, 0.00676220515743, -0.00609749462456, 0.00644021900371, -0.00587713159621, 0.0180306024849, -0.0062239523977, 0.00161866704002, -1.5429339328e-05, -0.00457002781332, 6.53512179269e-05], [0.000854426762089, -0.00526056205854, 0.00196922128089, -0.00470970245078, -1.95263910427e-05, -0.00228881533258, 0.000787815311924, -0.0062239523977, 0.0164778344333, -0.00763128325343, 0.00531690800563, -0.00611583469436, 0.00203807442449], [-0.000758269859944, 0.00618737796322, -0.000535497441888, 0.00262472801842, -0.000913177500479, -0.00271953409538, 0.00111989828292, 0.00161866704002, -0.00763128325343, 0.0272025391459, -0.0158462580293, 0.0104942638427, -0.00826245732605], [0.000485702301376, -0.00376784708351, -0.000641938298941, 0.00218067201786, -0.00276245758869, 0.00367122353055, -0.00814466550946, -1.5429339328e-05, 0.00531690800563, -0.0158462580293, 0.0312729515135, -0.019922811538, 0.0131415696815], [-0.000831949117128, 0.00198287586682, 0.00117241451517, -0.00263384985738, 0.00472557358444, -0.00249755545519, 0.00498044956475, -0.00457002781332, -0.00611583469436, 0.0104942638427, -0.019922811538, 0.0309133380651, -0.0136921219528], [0.00046896393178, 3.06852343783e-05, -0.00277041969821, 0.0032829423435, -0.0057601290755, 0.00599879864603, -0.00235046842135, 6.53512179269e-05, 0.00203807442449, -0.00826245732605, 0.0131415696815, -0.0136921219528, 0.0228958036751]]
    },
    "melbands": {
        "dmean": [0.0040057618171, 0.00225509586744, 0.000643151870463, 0.000568010029383, 0.000250310200499, 0.000134971473017, 8.1741673057e-05, 0.000124425219838, 0.00013407797087, 0.000118615607789, 7.78564208304e-05, 6.59671495669e-05, 8.10235433164e-05, 7.93434519437e-05, 4.8889000027e-05, 3.72996873921e-05, 2.86872400466e-05, 2.47125863098e-05, 1.81071663974e-05, 1.69590712176e-05, 1.67853449966e-05, 1.40224265124e-05, 1.55879188242e-05, 1.40615629789e-05, 1.21077373478e-05, 1.12048655865e-05, 9.66720654105e-06, 6.47862680125e-06, 5.31738396603e-06, 6.16983879809e-06, 5.74365640205e-06, 5.23186372448e-06, 4.19211710323e-06, 3.57536691808e-06, 6.39292511551e-06, 2.96895154861e-06, 3.50373466063e-06, 2.38940515374e-06, 1.378732577e-06, 8.71421775628e-07],
        "dmean2": [0.00612111343071, 0.00349856819957, 0.00104152667336, 0.00101993302815, 0.00041607991443, 0.000214875457459, 0.000124249665532, 0.000186076606042, 0.000217606124352, 0.000189348880667, 0.000119931391964, 9.96875241981e-05, 0.000123035613797, 0.000120829987281, 7.3772345786e-05, 5.88678776694e-05, 4.6399414714e-05, 3.98235752073e-05, 2.83080444206e-05, 2.66489132628e-05, 2.6542607884e-05, 2.29819615924e-05, 2.46997569775e-05, 2.25203712034e-05, 1.92179686564e-05, 1.75671757461e-05, 1.5212350263e-05, 1.06174702523e-05, 8.14468694443e-06, 9.49533023231e-06, 9.01436033018e-06, 8.06635489425e-06, 6.38561732558e-06, 5.35064464202e-06, 9.91665820038e-06, 4.55251984022e-06, 5.30042325408e-06, 3.51706694346e-06, 2.13499515667e-06, 1.30602143145e-06],
        "dvar": [2.78136085399e-05, 1.4174412172e-05, 1.97239455701e-06, 1.33594335239e-06, 1.40981583741e-07, 8.39000051656e-08, 2.17878408648e-08, 5.41734550552e-08, 6.25910701046e-08, 7.9516091489e-08, 3.01901117439e-08, 1.57356474517e-08, 2.48949110215e-08, 2.07529957663e-08, 5.16814901985e-09, 4.55679938227e-09, 2.9493183451e-09, 2.39306507943e-09, 1.06435171787e-09, 9.96642879336e-10, 8.90851115098e-10, 6.24466811594e-10, 9.01123897723e-10, 5.12378250939e-10, 5.38795952298e-10, 5.09857323028e-10, 3.73132913456e-10, 2.65422211987e-10, 1.14610508584e-10, 1.53067586384e-10, 1.62050553532e-10, 1.07055773968e-10, 8.45217090761e-11, 8.48055237146e-11, 1.95729349395e-10, 5.23557482091e-11, 4.95270074952e-11, 3.2368840247e-11, 7.41543892263e-12, 3.01964421349e-12],
        "dvar2": [6.33461604593e-05, 3.32223644364e-05, 4.8497431635e-06, 3.72756471734e-06, 3.67197941387e-07, 1.96241728645e-07, 5.14479339131e-08, 1.10085380811e-07, 1.56675312724e-07, 1.92873329752e-07, 6.71643647365e-08, 3.63262167014e-08, 5.80810350925e-08, 4.47070220844e-08, 1.09877555943e-08, 1.179975051e-08, 7.26166282661e-09, 5.94191806869e-09, 2.34335106875e-09, 2.19459184159e-09, 2.06806238801e-09, 1.56183677102e-09, 2.12633133323e-09, 1.22337651121e-09, 1.26321941796e-09, 1.23093846227e-09, 8.60032489669e-10, 7.27897020436e-10, 2.26625107569e-10, 3.48259587835e-10, 4.04060812587e-10, 2.45381187591e-10, 1.93464008702e-10, 1.60889607193e-10, 4.71219008258e-10, 1.291528412e-10, 1.15686057955e-10, 7.85564183148e-11, 1.6506507966e-11, 6.09256135126e-12],
        "max": [0.0440904386342, 0.0369232855737, 0.0163613017648, 0.0103094642982, 0.00438473466784, 0.00623984914273, 0.0029711141251, 0.00428723217919, 0.00339491595514, 0.00541308103129, 0.00376410689205, 0.00276938220486, 0.00375857157633, 0.00322936032899, 0.00120207946748, 0.00106130389031, 0.000872739125043, 0.000903573876712, 0.000625801854767, 0.000567880633753, 0.000447730883025, 0.000371871166863, 0.000732074258849, 0.000255514954915, 0.000296072161291, 0.000372590089682, 0.000350559188519, 0.000299849227304, 0.000255172373727, 0.000261917943135, 0.000230042889598, 0.000236414562096, 0.00021191687847, 0.000334346783347, 0.000273931887932, 0.00016546457482, 0.000158120470587, 0.000127308478113, 5.29406243004e-05, 4.42935233878e-05],
        "mean": [0.0099060498178, 0.00448110280558, 0.000847981893457, 0.000624920416158, 0.000395645882236, 0.00023424650135, 0.000184105301742, 0.000305055698846, 0.000210196347325, 0.000208666810067, 0.00014800275676, 0.000119054704555, 0.000147318001837, 0.000171671694261, 0.000117033705465, 7.74032450863e-05, 5.42505404155e-05, 3.92625152017e-05, 2.73116875178e-05, 2.63622459897e-05, 2.82648179564e-05, 2.3407927074e-05, 2.38539469137e-05, 2.44449693128e-05, 2.08822075365e-05, 1.9170665837e-05, 1.69727045432e-05, 9.73123951553e-06, 9.19692320167e-06, 1.09257471195e-05, 9.6086287158e-06, 8.66694972501e-06, 7.10797485226e-06, 5.71125383431e-06, 7.76328215579e-06, 4.40624125986e-06, 5.35376739208e-06, 3.6138037558e-06, 1.91926960724e-06, 1.16907813208e-06],
        "median": [0.0097992727533, 0.0037029767409, 0.000398829986807, 0.00034265476279, 0.000228750795941, 9.98687610263e-05, 8.89568764251e-05, 9.54293936957e-05, 0.000101599092886, 0.000103241160105, 7.10237291059e-05, 6.79266086081e-05, 5.66927446926e-05, 5.45776820218e-05, 5.64110887353e-05, 2.9959683161e-05, 1.93381911231e-05, 1.75693803612e-05, 1.25876267703e-05, 9.54567804001e-06, 1.22316041598e-05, 1.01594278021e-05, 1.08249032564e-05, 1.35849568323e-05, 1.10739629235e-05, 9.41478174354e-06, 8.47890714795e-06, 4.9241753004e-06, 4.62960178993e-06, 5.69506028114e-06, 4.46155218015e-06, 3.88660600947e-06, 2.63973174697e-06, 1.87484954495e-06, 1.82751853117e-06, 1.48328570049e-06, 1.69271424966e-06, 8.71910174283e-07, 4.4251817144e-07, 2.47386623187e-07],
        "min": [5.79991485949e-08, 2.34319124104e-08, 2.22108127446e-08, 1.53605572706e-09, 7.68756669434e-10, 1.96590604906e-10, 1.56194179812e-09, 8.08247413442e-10, 1.03061237322e-09, 8.82447503958e-10, 6.45102693486e-10, 2.18631279747e-10, 3.86511822548e-10, 1.70525274457e-10, 2.17628651211e-10, 2.91160151544e-10, 1.00006447568e-09, 1.82873249877e-09, 7.02776337125e-10, 6.28930463265e-10, 1.0633164349e-09, 3.81262632576e-10, 3.33046534795e-10, 1.90944496326e-10, 3.27566640479e-10, 1.76862968715e-10, 2.69431144062e-10, 1.8220661091e-10, 9.66855553952e-11, 2.07057454515e-10, 2.39346958919e-10, 1.57340668272e-10, 2.13912804137e-10, 1.03715626365e-10, 1.02161765159e-10, 9.15355014008e-11, 8.43632455561e-11, 5.69768954239e-11, 7.17727309876e-12, 5.43074656426e-12],
        "var": [6.4694089815e-05, 1.95657321456e-05, 1.92723496184e-06, 9.50394962729e-07, 2.55298999718e-07, 1.65449165479e-07, 6.92373731681e-08, 2.83598808437e-07, 9.60850883303e-08, 1.29365517409e-07, 7.00641251683e-08, 3.412959515e-08, 6.14925994569e-08, 6.8748605031e-08, 2.0228240416e-08, 1.63726880942e-08, 8.953084496e-09, 3.96444654882e-09, 1.81159987012e-09, 2.18424300868e-09, 1.81568482471e-09, 1.21568832778e-09, 1.52712031909e-09, 1.01088115656e-09, 8.99139762645e-10, 8.78476902333e-10, 6.62794152895e-10, 2.59266830227e-10, 2.48998349717e-10, 2.9080893249e-10, 2.47004472431e-10, 1.9106755067e-10, 1.8205963126e-10, 2.0593826644e-10, 2.8761970583e-10, 8.24383478149e-11, 1.29094263057e-10, 8.99839994184e-11, 2.33864507621e-11, 9.67977000638e-12]
    },
    "mfcc": {
        "mean": [-606.822998047, 108.554382324, 12.5123119354, 25.4757633209, 0.624461650848, 15.1577739716, 10.178481102, 15.4890842438, 2.37282514572, 7.49662160873, 3.30876946449, 7.29699516296, -0.597707092762],
        "cov": [[4005.78320312, -780.054321289, -399.454284668, -170.566864014, -159.726974487, -18.0132236481, -91.4668426514, -6.95850849152, -157.01512146, -111.737121582, 55.7239112854, 54.382938385, 7.47009944916], [-780.054321289, 758.503417969, -77.9501571655, 6.87317037582, 35.392665863, 57.0782928467, 107.126792908, 50.6117401123, 12.2739295959, 46.7421607971, 40.3159980774, 35.7669181824, 16.1587181091], [-399.454284668, -77.9501571655, 660.598449707, 86.4282836914, 90.1956558228, 49.6526451111, 57.700630188, 83.1979293823, 89.5101394653, 38.9655723572, -11.4364900589, 27.1392307281, 41.0313568115], [-170.566864014, 6.87317037582, 86.4282836914, 350.818359375, 141.933609009, -2.60799026489, -13.6931009293, 63.3678703308, 91.6220321655, 12.6770620346, -16.9747085571, 25.9592590332, 43.1633758545], [-159.726974487, 35.392665863, 90.1956558228, 141.933609009, 286.538696289, 61.2079658508, -26.638885498, 33.79637146, 109.126159668, 32.5216293335, -26.5262870789, 7.36886739731, 36.8469390869], [-18.0132236481, 57.0782928467, 49.6526451111, -2.60799026489, 61.2079658508, 189.471084595, 81.2076034546, 24.5465984344, 20.1739940643, 58.8875274658, 47.0993041992, 12.9066553116, -10.2219266891], [-91.4668426514, 107.126792908, 57.700630188, -13.6931009293, -26.638885498, 81.2076034546, 181.192932129, 44.8490829468, -7.50717163086, 42.4203033447, 68.1038894653, 27.5805912018, -9.20348072052], [-6.95850849152, 50.6117401123, 83.1979293823, 63.3678703308, 33.79637146, 24.5465984344, 44.8490829468, 136.891448975, 40.4381828308, 14.9362325668, 33.8017692566, 55.194103241, 51.9807815552], [-157.01512146, 12.2739295959, 89.5101394653, 91.6220321655, 109.126159668, 20.1739940643, -7.50717163086, 40.4381828308, 143.896331787, 37.6507797241, -26.0242271423, 9.36152839661, 29.6979179382], [-111.737121582, 46.7421607971, 38.9655723572, 12.6770620346, 32.5216293335, 58.8875274658, 42.4203033447, 14.9362325668, 37.6507797241, 90.7066421509, 34.0394058228, -0.061580106616, -4.1915230751], [55.7239112854, 40.3159980774, -11.4364900589, -16.9747085571, -26.5262870789, 47.0993041992, 68.1038894653, 33.8017692566, -26.0242271423, 34.0394058228, 112.575241089, 43.5973472595, 4.80164813995], [54.382938385, 35.7669181824, 27.1392307281, 25.9592590332, 7.36886739731, 12.9066553116, 27.5805912018, 55.194103241, 9.36152839661, -0.061580106616, 43.5973472595, 93.7674713135, 51.476776123], [7.47009944916, 16.1587181091, 41.0313568115, 43.1633758545, 36.8469390869, -10.2219266891, -9.20348072052, 51.9807815552, 29.6979179382, -4.1915230751, 4.80164813995, 51.476776123, 105.077255249]],
