{
"lowlevel": {
    "average_loudness": 0.975906014442,
    "barkbands_crest": {
        "dmean": 1.91616547108,
        "dmean2": 3.18319034576,
        "dvar": 3.36552476883,
        "dvar2": 8.88026714325,
        "max": 20.597070694,
        "mean": 6.55866384506,
        "median": 5.68231248856,
        "min": 2.37447333336,
        "var": 9.44409370422
    },
    "barkbands_flatness_db": {
        "dmean": 0.013694209978,
        "dmean2": 0.0223669540137,
        "dvar": 0.000133378329338,
        "dvar2": 0.00034879083978,
        "max": 0.194268733263,
        "mean": 0.114423394203,
        "median": 0.112759917974,
        "min": 0.0597640052438,
        "var": 0.000479869078845
    },
    "barkbands_kurtosis": {
        "dmean": 0.547238051891,
        "dmean2": 0.922185778618,
        "dvar": 0.620199143887,
        "dvar2": 1.62404322624,
        "max": 7.92936992645,
        "mean": -0.497134566307,
        "median": -0.824741363525,
        "min": -1.73223745823,
        "var": 1.12016832829
    },
    "barkbands_skewness": {
        "dmean": 0.33792167902,
        "dmean2": 0.551605403423,
        "dvar": 0.135165944695,
        "dvar2": 0.339753746986,
        "max": 2.90208411217,
        "mean": 0.246434614062,
        "median": 0.184670180082,
        "min": -1.9516736269,
        "var": 0.370414942503
    },
    "barkbands_spread": {
        "dmean": 4.92650842667,
        "dmean2": 7.71819353104,
        "dvar": 21.5283985138,
        "dvar2": 45.7741165161,
        "max": 70.7844314575,
        "mean": 32.0237121582,
        "median": 31.9839782715,
        "min": 10.5012149811,
        "var": 83.198059082
    },
    "dissonance": {
        "dmean": 0.00930585246533,
        "dmean2": 0.0158359799534,
        "dvar": 7.82569113653e-05,
        "dvar2": 0.000212425919017,
        "max": 0.499992758036,
        "mean": 0.482725203037,
        "median": 0.486006528139,
        "min": 0.401643097401,
        "var": 0.000174688291736
    },
    "dynamic_complexity": 2.29797911644,
    "erbbands_crest": {
        "dmean": 2.24582004547,
        "dmean2": 3.65758514404,
        "dvar": 3.94911694527,
        "dvar2": 9.92433547974,
        "max": 24.6799869537,
        "mean": 8.12630558014,
        "median": 7.23085737228,
        "min": 2.96210479736,
        "var": 12.8285722733
    },
    "erbbands_flatness_db": {
        "dmean": 0.0125982267782,
        "dmean2": 0.0197450201958,
        "dvar": 0.000126284488942,
        "dvar2": 0.000284448615275,
        "max": 0.271822839975,
        "mean": 0.194009229541,
        "median": 0.194337069988,
        "min": 0.107092656195,
        "var": 0.00054456340149
    },
    "erbbands_kurtosis": {
        "dmean": 0.624665081501,
        "dmean2": 1.01398205757,
        "dvar": 0.386863827705,
        "dvar2": 0.954113125801,
        "max": 6.73773097992,
        "mean": 0.460476726294,
        "median": 0.223154306412,
        "min": -1.40002095699,
        "var": 1.4033741951
    },
    "erbbands_skewness": {
        "dmean": 0.251538544893,
        "dmean2": 0.400974690914,
        "dvar": 0.0454713329673,
        "dvar2": 0.110392235219,
        "max": 2.0467941761,
        "mean": -0.194583892822,
        "median": -0.285338550806,
        "min": -2.12056493759,
        "var": 0.339325934649
    },
    "erbbands_spread": {
        "dmean": 5.26510810852,
        "dmean2": 8.5578660965,
        "dvar": 29.3630542755,
        "dvar2": 76.1444015503,
        "max": 85.8794174194,
        "mean": 28.7226028442,
        "median": 27.4581356049,
        "min": 7.78042030334,
        "var": 94.1610031128
    },
    "hfc": {
        "dmean": 5.73667860031,
        "dmean2": 8.90176677704,
        "dvar": 37.7938842773,
        "dvar2": 91.2219314575,
        "max": 83.16431427,
        "mean": 35.0557518005,
        "median": 35.4514389038,
        "min": 1.21064963313e-16,
        "var": 256.155975342
    },
    "melbands_crest": {
        "dmean": 2.97042322159,
        "dmean2": 4.88179302216,
        "dvar": 7.47626447678,
        "dvar2": 19.6641941071,
        "max": 28.7679634094,
        "mean": 10.1960048676,
        "median": 9.40007781982,
        "min": 2.02729940414,
        "var": 18.7454814911
    },
    "melbands_flatness_db": {
        "dmean": 0.0171353127807,
        "dmean2": 0.0273780543357,
        "dvar": 0.000376714771846,
        "dvar2": 0.000892296317033,
        "max": 0.240270480514,
        "mean": 0.11641202867,
        "median": 0.110942311585,
        "min": 0.00559772271663,
        "var": 0.00112422078382
    },
    "melbands_kurtosis": {
        "dmean": 1.7575327158,
        "dmean2": 3.00263404846,
        "dvar": 11.5520677567,
        "dvar2": 31.301940918,
        "max": 39.8883705139,
        "mean": 1.66047203541,
        "median": 0.613635540009,
        "min": -1.65560925007,
        "var": 13.3074121475
    },
    "melbands_skewness": {
        "dmean": 0.47298592329,
        "dmean2": 0.780992269516,
        "dvar": 0.321504950523,
        "dvar2": 0.831688702106,
        "max": 5.93501186371,
        "mean": 1.17136991024,
        "median": 1.0806068182,
        "min": -0.832556426525,
        "var": 0.631084740162
    },
    "melbands_spread": {
        "dmean": 8.61566066742,
        "dmean2": 13.7895107269,
        "dvar": 80.0589370728,
        "dvar2": 188.811737061,
        "max": 122.12361145,
        "mean": 48.6145324707,
        "median": 48.8446083069,
        "min": 9.39235210419,
        "var": 281.798736572
    },
    "pitch_salience": {
        "dmean": 0.0578361265361,
        "dmean2": 0.0936129838228,
        "dvar": 0.00239966460504,
        "dvar2": 0.00641783652827,
        "max": 0.863165259361,
        "mean": 0.615039408207,
        "median": 0.62822842598,
        "min": 0.301958590746,
        "var": 0.00731215253472
    },
    "silence_rate_20dB": {
        "dmean": 0,
        "dmean2": 0,
        "dvar": 0,
        "dvar2": 0,
        "max": 1,
        "mean": 1,
        "median": 1,
        "min": 1,
        "var": 0
    },
    "silence_rate_30dB": {
        "dmean": 0,
        "dmean2": 0,
        "dvar": 0,
        "dvar2": 0,
        "max": 1,
        "mean": 1,
        "median": 1,
        "min": 1,
        "var": 0
    },
    "silence_rate_60dB": {
        "dmean": 0.00289435591549,
        "dmean2": 0.00579290371388,
        "dvar": 0.00288594723679,
        "dvar2": 0.00720739969984,
        "max": 1,
        "mean": 0.0629067271948,
        "median": 0,
        "min": 0,
        "var": 0.0589481182396
    },
    "spectral_centroid": {
        "dmean": 183.383361816,
        "dmean2": 287.008178711,
        "dvar": 90226.515625,
        "dvar2": 124446.484375,
        "max": 11189.8027344,
        "mean": 2139.03833008,
        "median": 2191.20263672,
        "min": 853.004943848,
        "var": 208501.65625
    },
    "spectral_complexity": {
        "dmean": 4.08827781677,
        "dmean2": 6.60970306396,
        "dvar": 11.9357748032,
        "dvar2": 29.5269107819,
        "max": 59,
        "mean": 36.3940696716,
        "median": 39,
        "min": 0,
        "var": 134.438354492
    },
    "spectral_decrease": {
        "dmean": 1.37278322043e-09,
        "dmean2": 2.32605601447e-09,
        "dvar": 3.36589841492e-18,
        "dvar2": 9.10208122075e-18,
        "max": 1.08578020067e-28,
        "mean": -6.07586914114e-09,
        "median": -6.17490503174e-09,
        "min": -1.86942479274e-08,
        "var": 7.94484809917e-18
    },
    "spectral_energy": {
        "dmean": 0.00550591945648,
        "dmean2": 0.00929010659456,
        "dvar": 5.05493044329e-05,
        "dvar2": 0.000136103844852,
        "max": 0.0726825892925,
        "mean": 0.0261113680899,
        "median": 0.0268385205418,
        "min": 1.05711444696e-20,
        "var": 0.000135423440952
    },
    "spectral_energyband_high": {
        "dmean": 0.000397360883653,
        "dmean2": 0.000629159563687,
        "dvar": 3.02068258407e-07,
        "dvar2": 6.84979170273e-07,
        "max": 0.00622237613425,
        "mean": 0.00150313309859,
        "median": 0.00131356285419,
        "min": 7.97595253943e-21,
        "var": 1.04536457002e-06
    },
    "spectral_energyband_low": {
        "dmean": 0.00339116202667,
        "dmean2": 0.00584770040587,
        "dvar": 4.21150252805e-05,
        "dvar2": 0.000117776136904,
        "max": 0.0595085024834,
        "mean": 0.00505000632256,
        "median": 0.00363074894994,
        "min": 3.50172389711e-23,
        "var": 3.71029200323e-05
    },
    "spectral_energyband_middle_high": {
        "dmean": 0.00241735600866,
        "dmean2": 0.0038370070979,
        "dvar": 5.91509569858e-06,
        "dvar2": 1.40819520311e-05,
        "max": 0.0414572991431,
        "mean": 0.0119324531406,
        "median": 0.0113356029615,
        "min": 1.37756803309e-21,
        "var": 4.28115163231e-05
    },
    "spectral_energyband_middle_low": {
        "dmean": 0.00284536322579,
        "dmean2": 0.00464941840619,
        "dvar": 1.72975614987e-05,
        "dvar2": 4.56998022855e-05,
        "max": 0.0470707304776,
        "mean": 0.00830075610429,
        "median": 0.00611488614231,
        "min": 2.45064600564e-22,
        "var": 4.47114362032e-05
    },
    "spectral_entropy": {
        "dmean": 0.072336293757,
        "dmean2": 0.110109463334,
        "dvar": 0.00740003306419,
        "dvar2": 0.0113575244322,
        "max": 9.80814266205,
        "mean": 7.83730077744,
        "median": 7.84016466141,
        "min": 6.97269773483,
        "var": 0.0321313180029
    },
    "spectral_flux": {
        "dmean": 0.018439732492,
        "dmean2": 0.0294258482754,
        "dvar": 0.000422260607593,
        "dvar2": 0.000898378668353,
        "max": 0.215791404247,
        "mean": 0.091034591198,
        "median": 0.0868046954274,
        "min": 1.02816068159e-10,
        "var": 0.00125409918837
    },
    "spectral_kurtosis": {
        "dmean": 1.32690787315,
        "dmean2": 2.33397388458,
        "dvar": 1.54423570633,
        "dvar2": 4.73254203796,
        "max": 15.0440540314,
        "mean": 2.31720757484,
        "median": 1.98249387741,
        "min": -1.20647311211,
        "var": 2.54207611084
    },
    "spectral_rms": {
        "dmean": 0.000502114475239,
        "dmean2": 0.00083468714729,
        "dvar": 3.38197395422e-07,
        "dvar2": 8.94249239991e-07,
        "max": 0.00842079799622,
        "mean": 0.00484462128952,
        "median": 0.00511702289805,
        "min": 3.21143459048e-12,
        "var": 2.00418708118e-06
    },
    "spectral_rolloff": {
        "dmean": 417.513305664,
        "dmean2": 669.993286133,
        "dvar": 530785.5,
        "dvar2": 871776.125,
        "max": 18669.2871094,
        "mean": 2558.02075195,
        "median": 2454.78515625,
        "min": 193.798828125,
        "var": 1139583.125
    },
    "spectral_skewness": {
        "dmean": 0.174670308828,
        "dmean2": 0.300549417734,
        "dvar": 0.0217006299645,
        "dvar2": 0.0629001259804,
        "max": 2.35690760612,
        "mean": 0.906039774418,
        "median": 0.895999252796,
        "min": 0.00652992120013,
        "var": 0.0453685373068
    },
    "spectral_spread": {
        "dmean": 274291,
        "dmean2": 408770.6875,
        "dvar": 978635325440,
        "dvar2": 986786889728,
        "max": 40044980,
        "mean": 3422748.25,
        "median": 3351144.25,
        "min": 2088036.75,
        "var": 1.42275366093e+12
    },
    "spectral_strongpeak": {
        "dmean": 0.949353337288,
        "dmean2": 1.62887430191,
        "dvar": 1.69166219234,
        "dvar2": 3.95982861519,
        "max": 10.9192867279,
        "mean": 1.54097783566,
        "median": 0.669073402882,
        "min": 0,
        "var": 3.05194568634
    },
    "zerocrossingrate": {
        "dmean": 0.00790683552623,
        "dmean2": 0.00968642532825,
        "dvar": 0.000198100504349,
        "dvar2": 0.00020595335809,
        "max": 0.50341796875,
        "mean": 0.0859512686729,
        "median": 0.0849609375,
        "min": 0.0244140625,
        "var": 0.00062154995976
    },
    "barkbands": {
        "dmean": [0.000159895163961, 0.00177547265776, 0.0015858480474, 0.000753023836296, 0.00115544896107, 0.000687491032295, 0.000529488781467, 0.000879678234924, 0.000729145365767, 0.000533986603841, 0.000528893782757, 0.00061685097171, 0.000534715247341, 0.000746367732063, 0.000945699284784, 0.000556933693588, 0.000753283733502, 0.000286665133899, 0.000319786544424, 0.000218847490032, 0.000163539414643, 0.000109328349936, 9.9025623058e-05, 7.14863999747e-05, 1.32597924676e-05, 2.30874874774e-08, 1.91966087471e-08],
        "dmean2": [0.000274411810096, 0.00302671757527, 0.00280945724808, 0.00129273126367, 0.0019399151206, 0.00109337817412, 0.000850613694638, 0.0014218945289, 0.00111872958951, 0.000892724609002, 0.000845557078719, 0.00097324984381, 0.000864975620061, 0.00122029555496, 0.00154406030197, 0.000922758132219, 0.00125659094192, 0.00046818118426, 0.000529914046638, 0.000365047773812, 0.000274610007182, 0.000174463435542, 0.000151943939272, 0.00010769713117, 1.9656128643e-05, 3.87669487623e-08, 3.55074014635e-08],
        "dvar": [4.95040772819e-08, 1.17495519589e-05, 8.96513574844e-06, 2.01885586648e-06, 5.0010189625e-06, 9.28701354042e-07, 1.00085810573e-06, 3.22450864587e-06, 2.27752866522e-06, 7.02190163793e-07, 1.03769605175e-06, 1.13300382054e-06, 6.63762250497e-07, 1.15776617804e-06, 1.55443149197e-06, 5.40181019915e-07, 1.16162016184e-06, 1.65789984408e-07, 1.74316070911e-07, 5.4193744603e-08, 4.30124487139e-08, 3.04725880085e-08, 2.87316925807e-08, 3.05991676441e-08, 1.02977748551e-09, 2.23396236575e-15, 1.90124337714e-15],
        "dvar2": [1.32149438059e-07, 3.18998208968e-05, 2.60364231508e-05, 5.63515186514e-06, 1.35819373099e-05, 2.13989369513e-06, 2.28176077144e-06, 7.42060547054e-06, 5.04042554894e-06, 1.7028074808e-06, 2.04865591513e-06, 2.71156227427e-06, 1.58732314048e-06, 2.71594012702e-06, 3.69521649191e-06, 1.37533902489e-06, 3.1001827665e-06, 4.42912380549e-07, 4.58586043806e-07, 1.48261406707e-07, 1.19432783663e-07, 6.90555310712e-08, 5.79189993744e-08, 5.42276588078e-08, 2.12593875837e-09, 5.45850858749e-15, 5.58258620876e-15],
        "max": [0.00228178780526, 0.0354107096791, 0.0228715948761, 0.0178101565689, 0.0206108484417, 0.0144782140851, 0.0245556905866, 0.0298603437841, 0.0233891382813, 0.0150407738984, 0.0214950498194, 0.0256214104593, 0.0110131213441, 0.0273587685078, 0.0200597923249, 0.0106965461746, 0.0170505493879, 0.00564716849476, 0.00652401335537, 0.0024497162085, 0.00257014809176, 0.00292031117715, 0.002671220107, 0.00334321591072, 0.00061117525911, 6.49048160994e-07, 3.72799746629e-07],
        "mean": [0.000185203898582, 0.0023616340477, 0.00197999365628, 0.000878123100847, 0.00165273470338, 0.00126078736503, 0.000979212112725, 0.00196367548779, 0.00128083047457, 0.000966582272667, 0.00104167091195, 0.00122054386884, 0.00102050136775, 0.00141392461956, 0.00179273926187, 0.00125403143466, 0.00158899556845, 0.000641649123281, 0.000824817165267, 0.000627343310043, 0.000467022036901, 0.000262051267782, 0.000249421718763, 0.000175010791281, 2.2871665351e-05, 2.74689337942e-08, 1.36760016645e-08],
        "median": [0.000100233584817, 0.00133329897653, 0.00114871177357, 0.000482141243992, 0.000907291891053, 0.00081364181824, 0.000408806779888, 0.00040906999493, 0.000614020857029, 0.000541753601283, 0.000455913163023, 0.000617107725702, 0.000699769123457, 0.00100302777719, 0.00122944859322, 0.000942622951698, 0.00112293020356, 0.000490488600917, 0.000665446801577, 0.000592102471273, 0.000434082496213, 0.000169730337802, 0.000149616083945, 8.18175758468e-05, 9.42819133343e-06, 1.07280708761e-08, 1.26212040819e-09],
        "min": [1.29870912356e-23, 1.49623342557e-23, 6.03329616112e-24, 5.27634428509e-24, 2.44429860992e-23, 4.57503258308e-23, 6.4554797659e-23, 3.26858362963e-23, 5.55849190521e-23, 6.90445647912e-23, 4.31703373076e-23, 4.47389777513e-23, 5.53773097945e-23, 8.03776245455e-23, 1.02120303478e-22, 1.58125111102e-22, 2.07157486418e-22, 2.49054444453e-22, 2.24173620041e-22, 3.46392938181e-22, 4.45706663885e-22, 3.76691129176e-22, 9.23517770424e-22, 8.356835991e-22, 9.87856104651e-22, 1.64270042204e-21, 2.73033539003e-21],
        "var": [5.86488475562e-08, 1.12172456284e-05, 7.59494287195e-06, 1.92553238776e-06, 5.18436763741e-06, 2.14609190152e-06, 3.87914451494e-06, 2.00915364985e-05, 5.68180394112e-06, 1.88073806839e-06, 4.29327701568e-06, 3.59504747394e-06, 1.36727646805e-06, 2.96751295537e-06, 3.91650246456e-06, 1.4541743667e-06, 2.54464248428e-06, 3.36150833391e-07, 4.59581002588e-07, 1.37834916814e-07, 8.65713190024e-08, 8.16519403202e-08, 9.89675541518e-08, 9.58990256095e-08, 2.66268385118e-09, 3.00210986407e-15, 1.34555291781e-15]
    },
    "erbbands": {
        "dmean": [0.0434219911695, 0.448635041714, 1.59432399273, 2.42353630066, 2.61797165871, 4.59092140198, 5.17258167267, 5.42259454727, 6.49805879593, 10.32558918, 21.7019824982, 17.6676216125, 13.7315006256, 19.1000385284, 20.00522995, 25.645772934, 23.1012325287, 36.66639328, 41.0839691162, 45.0682411194, 33.8336830139, 28.7329692841, 17.1807422638, 15.758187294, 13.5761566162, 10.8202533722, 7.13525342941, 6.28320121765, 4.04790306091, 3.2348048687, 2.78621149063, 1.71422708035, 1.11833751202, 0.277362883091, 0.0133890975267, 0.00063078396488, 6.16097458987e-05, 1.59204337251e-05, 5.93079948885e-06, 6.78507694829e-06],
        "dmean2": [0.0728879645467, 0.767870604992, 2.80482411385, 4.23493909836, 4.40149974823, 7.90930557251, 8.45158863068, 8.9016752243, 10.7450962067, 17.0421695709, 34.5756568909, 26.5047149658, 22.7833309174, 30.4059505463, 31.8045539856, 40.8706550598, 36.2417984009, 59.2687606812, 65.3109130859, 74.4395217896, 56.7594413757, 46.8209457397, 28.2078819275, 26.0035648346, 22.9442863464, 18.1189403534, 12.0132007599, 10.533041954, 6.50046253204, 4.91850423813, 4.29272508621, 2.57315897942, 1.70492076874, 0.407676964998, 0.0209769383073, 0.000986654311419, 9.64341888903e-05, 2.64104601229e-05, 9.76579667622e-06, 1.12770576379e-05],
        "dvar": [0.00597352767363, 0.789674818516, 9.52299499512, 22.027223587, 20.2010974884, 98.4149780273, 76.5305099487, 76.2008361816, 155.921173096, 634.374389648, 2023.80102539, 1385.51538086, 753.602722168, 1259.47131348, 1397.47009277, 1471.08728027, 1173.70019531, 3166.85083008, 3427.44799805, 4547.96972656, 1765.21289062, 1775.63562012, 794.746276855, 368.83883667, 266.795013428, 132.097808838, 68.0096130371, 81.8703536987, 42.7458610535, 26.4858131409, 26.137638092, 20.5148220062, 6.4351849556, 0.440158307552, 0.00413875421509, 6.96153938406e-06, 1.67987774802e-08, 8.36178848385e-10, 6.48635520295e-11, 6.67388713738e-11],
        "dvar2": [0.0154092926532, 2.15417575836, 27.3763103485, 62.3039360046, 52.6763458252, 272.584259033, 181.777923584, 187.066635132, 341.841400146, 1613.29223633, 4650.21630859, 2920.85229492, 1952.40710449, 2863.50805664, 3145.40234375, 3502.4465332, 2865.35961914, 7475.29492188, 8047.49658203, 11317.3076172, 4543.61572266, 4644.84082031, 2219.15991211, 991.982177734, 693.205505371, 355.824859619, 185.761749268, 226.095291138, 98.193069458, 55.572845459, 53.4286003113, 39.4447975159, 11.4906272888, 0.875870287418, 0.0109368320554, 1.79754879355e-05, 3.85013585458e-08, 2.14162332313e-09, 1.6769605149e-10, 1.77851719463e-10],
        "max": [0.690215289593, 9.7851190567, 29.7575817108, 45.6440162659, 46.7039985657, 88.6796340942, 142.151046753, 164.752197266, 304.952331543, 385.018280029, 820.453186035, 704.757263184, 462.467315674, 625.214416504, 694.206481934, 598.492797852, 592.665161133, 1432.3293457, 1238.05236816, 1076.29077148, 694.937744141, 634.669616699, 478.429412842, 307.995056152, 272.173095703, 130.613067627, 119.330787659, 131.643539429, 105.831245422, 82.1650390625, 89.5598602295, 81.2909011841, 48.6490592957, 12.7892379761, 1.54772889614, 0.0638738647103, 0.00255648698658, 0.000340954138665, 9.30014357436e-05, 8.30356002552e-05],
        "mean": [0.061963327229, 0.556993484497, 2.07729101181, 3.02248430252, 3.87743926048, 5.81067562103, 8.30807685852, 9.60734176636, 12.7858867645, 16.9145851135, 53.6058158875, 34.3825378418, 24.6860141754, 39.9407577515, 41.9473266602, 54.4335021973, 48.766456604, 74.3813171387, 82.0609588623, 89.0722198486, 82.3576049805, 71.3077850342, 42.4183082581, 39.8693161011, 37.3925476074, 30.9606723785, 21.4925746918, 16.5823192596, 10.0181684494, 7.93448925018, 6.71065139771, 4.21055555344, 2.57609224319, 0.575841128826, 0.0221667252481, 0.00118971779011, 0.000137533454108, 3.38964382536e-05, 2.35871648329e-05, 3.53186333086e-05],
        "median": [0.0274272281677, 0.313348978758, 1.27947354317, 1.73668694496, 2.14779305458, 2.68112683296, 4.83441352844, 5.91310071945, 6.17266893387, 7.47020339966, 11.8811864853, 16.7811412811, 15.4080429077, 20.4427814484, 22.3618659973, 31.8627223969, 35.7444839478, 51.0602340698, 57.8346977234, 57.9569168091, 67.7404556274, 53.233215332, 30.9064750671, 32.4020004272, 31.5185604095, 28.9046115875, 20.4214324951, 14.517373085, 6.58864116669, 4.93009996414, 3.90537524223, 2.12031579018, 1.19202446938, 0.279867649078, 0.00840644538403, 0.00053784775082, 8.16333049443e-05, 2.16258777073e-05, 2.19413577724e-05, 3.70344241674e-05],
        "min": [6.04137651071e-22, 2.95311475838e-21, 8.79973638003e-21, 1.55618942668e-20, 3.55295463465e-20, 6.36164188093e-20, 3.6511330893e-19, 2.72407274422e-19, 9.44187998536e-19, 7.08993150029e-19, 1.08147547499e-18, 1.13340225493e-18, 1.81089316191e-18, 2.22311076196e-18, 1.80896831263e-18, 1.30384292355e-18, 2.24855049491e-18, 4.56143206682e-18, 4.78281413647e-18, 5.93691431149e-18, 1.00708892162e-17, 1.2163656166e-17, 1.17851283915e-17, 1.38386042622e-17, 1.05797624573e-17, 1.67712507013e-17, 2.23317192519e-17, 1.24097018664e-17, 1.32012508469e-17, 2.72109019977e-17, 2.07897999962e-17, 1.81277111006e-17, 1.41521603083e-17, 9.36821913822e-18, 7.72954208471e-18, 5.10646674911e-18, 3.14171985442e-18, 1.67524991372e-18, 3.96755707396e-19, 3.71105696093e-20],
        "var": [0.00786034483463, 0.683531939983, 7.91460704803, 19.8673725128, 28.3965206146, 89.5719604492, 136.560211182, 144.374816895, 487.239105225, 1143.67614746, 14775.703125, 4063.54370117, 1088.66711426, 4227.09228516, 4639.68017578, 5000.57714844, 2525.11499023, 8509.60058594, 7924.64208984, 11094.9970703, 5013.41015625, 4602.87402344, 1731.94775391, 939.33026123, 820.660400391, 334.721191406, 163.217910767, 143.866882324, 112.006484985, 81.6353607178, 83.1474838257, 61.4829559326, 19.4746932983, 1.2171857357, 0.00627177674323, 1.19715923574e-05, 4.38948504211e-08, 1.61057656101e-09, 1.81514719921e-10, 2.27966354127e-10]
    },
    "gfcc": {
        "mean": [10.1872854233, 111.35610199, -181.620361328, 65.2432098389, -67.7977218628, 21.3955821991, -30.5720920563, -5.13238859177, -2.27114200592, -16.8548660278, 4.64015674591, -21.7127056122, 5.00768375397],
        "cov": [[6410.9296875, -377.417022705, -119.283226013, -33.8667640686, -346.724578857, 354.924133301, -225.467147827, 17.7125873566, -55.4491691589, -30.9440345764, -39.6779670715, -28.9743804932, 19.5909576416], [-377.417022705, 403.663726807, -35.5954322815, 35.7303009033, 91.8973464966, -143.557998657, 134.158843994, -26.8884620667, 43.7478713989, -6.15294885635, 20.2507991791, -38.4808006287, 2.5896718502], [-119.283226013, -35.5954322815, 247.102050781, 44.8347625732, -22.0769805908, 88.0784759521, -29.8619041443, 38.2388343811, 0.580457150936, 12.9076251984, -11.742647171, -5.56821966171, -30.8473567963], [-33.8667640686, 35.7303009033, 44.8347625732, 143.727630615, 84.0238265991, 10.1631660461, 9.25879383087, -13.3605155945, 18.9550495148, 1.0430123806, 0.583851456642, 4.23411130905, -0.983907043934], [-346.724578857, 91.8973464966, -22.0769805908, 84.0238265991, 186.790725708, -3.14232301712, 64.1989593506, 0.864357948303, 22.6080474854, 10.0824995041, 12.0355701447, 6.29074144363, 19.7325878143], [354.924133301, -143.557998657, 88.0784759521, 10.1631660461, -3.14232301712, 211.715499878, 7.56568908691, 33.8040504456, -21.4543247223, 8.55557441711, 1.21197414398, 6.7258515358, 0.39457988739], [-225.467147827, 134.158843994, -29.8619041443, 9.25879383087, 64.1989593506, 7.56568908691, 152.722549438, 18.6132507324, 18.7914962769, -2.9330136776, 11.0804834366, -13.441491127, 1.93770337105], [17.7125873566, -26.8884620667, 38.2388343811, -13.3605155945, 0.864357948303, 33.8040504456, 18.6132507324, 88.6613464355, 29.4574699402, 5.31686973572, -5.28885555267, -9.60771751404, -5.84630155563], [-55.4491691589, 43.7478713989, 0.580457150936, 18.9550495148, 22.6080474854, -21.4543247223, 18.7914962769, 29.4574699402, 81.56300354, 24.7484149933, -1.99073171616, -12.0320777893, -9.80305671692], [-30.9440345764, -6.15294885635, 12.9076251984, 1.0430123806, 10.0824995041, 8.55557441711, -2.9330136776, 5.31686973572, 24.7484149933, 56.9445533752, 17.9619731903, 0.223783507943, 0.407651782036], [-39.6779670715, 20.2507991791, -11.742647171, 0.583851456642, 12.0355701447, 1.21197414398, 11.0804834366, -5.28885555267, -1.99073171616, 17.9619731903, 52.8993377686, 25.7756824493, 7.7997841835], [-28.9743804932, -38.4808006287, -5.56821966171, 4.23411130905, 6.29074144363, 6.7258515358, -13.441491127, -9.60771751404, -12.0320777893, 0.223783507943, 25.7756824493, 54.935295105, 25.2026138306], [19.5909576416, 2.5896718502, -30.8473567963, -0.983907043934, 19.7325878143, 0.39457988739, 1.93770337105, -5.84630155563, -9.80305671692, 0.407651782036, 7.7997841835, 25.2026138306, 51.1805229187]],
        "icov": [[0.000259713822743, -0.000410075881518, 0.000698393909261, -0.000502863200381, 0.000735398905817, -0.00093113532057, 0.000669713190291, -0.000347721565049, 5.44704889762e-05, -6.51116788504e-05, 0.000209295176319, 2.55412069237e-05, -4.23480305471e-05], [-0.000410075881518, 0.010241300799, -0.00522168213502, 0.00138647912536, -0.00299947429448, 0.00822264049202, -0.00830297265202, 0.00555535824969, -0.00402480689809, 0.00487862154841, -0.00867320317775, 0.0105825569481, -0.00613889889792], [0.000698393909261, -0.00522168213502, 0.0102989142761, -0.00487198540941, 0.00417358940467, -0.00720010185614, 0.00567787978798, -0.00620071636513, 0.00367448292673, -0.00474728783593, 0.00606288434938, -0.00615617772564, 0.00648277718574], [-0.000502863200381, 0.00138647912536, -0.00487198540941, 0.0135350013152, -0.00769488885999, 0.00155943154823, -0.00049193558516, 0.00552163179964, -0.00465247686952, 0.00376659398898, -0.00135322730057, 0.000195413813344, 0.000239064305788], [0.000735398905817, -0.00299947429448, 0.00417358940467, -0.00769488885999, 0.0123135140166, -0.00363742816262, -0.000137935392559, -0.00313646509312, 0.00115977507085, -0.00324483541772, 0.00217170198448, -0.00214095157571, -0.00186334887985], [-0.00093113532057, 0.00822264049202, -0.00720010185614, 0.00155943154823, -0.00363742816262, 0.0145287821069, -0.00854023639113, 0.00209251604974, 0.000474471598864, 0.00145239720587, -0.0058275363408, 0.00629863748327, -0.00465071946383], [0.000669713190291, -0.00830297265202, 0.00567787978798, -0.00049193558516, -0.000137935392559, -0.00854023639113, 0.0164559856057, -0.0057136635296, 0.0012056423584, -0.000435977999587, 0.00245531881228, -0.00347894825973, 0.003993131686], [-0.000347721565049, 0.00555535824969, -0.00620071636513, 0.00552163179964, -0.00313646509312, 0.00209251604974, -0.0057136635296, 0.0202535260469, -0.0104893734679, 0.0059672202915, -0.00516958115622, 0.00725075695664, -0.00489541050047], [5.44704889762e-05, -0.00402480689809, 0.00367448292673, -0.00465247686952, 0.00115977507085, 0.000474471598864, 0.0012056423584, -0.0104893734679, 0.0228964071721, -0.0128012755886, 0.00772386882454, -0.0053573930636, 0.00656192051247], [-6.51116788504e-05, 0.00487862154841, -0.00474728783593, 0.00376659398898, -0.00324483541772, 0.00145239720587, -0.000435977999587, 0.0059672202915, -0.0128012755886, 0.0297816488892, -0.0170504897833, 0.0120799979195, -0.00711200991645], [0.000209295176319, -0.00867320317775, 0.00606288434938, -0.00135322730057, 0.00217170198448, -0.0058275363408, 0.00245531881228, -0.00516958115622, 0.00772386882454, -0.0170504897833, 0.0400921106339, -0.0274189803749, 0.0115181868896], [2.55412069237e-05, 0.0105825569481, -0.00615617772564, 0.000195413813344, -0.00214095157571, 0.00629863748327, -0.00347894825973, 0.00725075695664, -0.0053573930636, 0.0120799979195, -0.0274189803749, 0.046862103045, -0.0225349683315], [-4.23480305471e-05, -0.00613889889792, 0.00648277718574, 0.000239064305788, -0.00186334887985, -0.00465071946383, 0.003993131686, -0.00489541050047, 0.00656192051247, -0.00711200991645, 0.0115181868896, -0.0225349683315, 0.0344762429595]]
    },
    "melbands": {
        "dmean": [0.0004422920465, 0.000732862157747, 0.000387480133213, 0.000272371631581, 0.000176519242814, 0.000124080499518, 0.000100257093436, 0.000121183373267, 0.000178761969437, 0.000105610015453, 6.99808369973e-05, 7.84829244367e-05, 7.49678438297e-05, 7.18783194316e-05, 5.73960314796e-05, 4.93708685099e-05, 7.75674998295e-05, 6.66098057991e-05, 5.82569591643e-05, 4.96541833854e-05, 5.11498437845e-05, 3.60381491191e-05, 2.98281593132e-05, 1.48687950059e-05, 1.42003136716e-05, 1.25235637825e-05, 9.40257905313e-06, 8.06832213129e-06, 5.19188870385e-06, 4.70427312393e-06, 3.77476385438e-06, 2.66391384685e-06, 1.95501070266e-06, 2.05617038773e-06, 1.8813996121e-06, 1.31821184368e-06, 1.12501311378e-06, 9.59151179813e-07, 5.23444441569e-07, 1.53159945171e-07],
        "dmean2": [0.000745483033825, 0.00128116062842, 0.000674184237141, 0.000461184012238, 0.000291780394036, 0.000200642942218, 0.00016522918304, 0.000199539848836, 0.000284162320895, 0.000157917078468, 0.000115531031042, 0.000125809383462, 0.000118868803838, 0.00011369708227, 9.01161329239e-05, 7.91062047938e-05, 0.0001258632401, 0.000105978280772, 9.44369967328e-05, 8.09552220744e-05, 8.68333081598e-05, 6.01075407758e-05, 4.87820761919e-05, 2.48273954639e-05, 2.34746130445e-05, 2.10169637285e-05, 1.60322870215e-05, 1.37186880238e-05, 8.74423858477e-06, 8.0146601249e-06, 6.25653001407e-06, 4.3730260586e-06, 3.11062854053e-06, 3.17708395414e-06, 2.98454619951e-06, 2.04412026505e-06, 1.70151054135e-06, 1.48333185734e-06, 7.6798818327e-07, 2.42140970386e-07],
        "dvar": [6.76903539443e-07, 2.13923544834e-06, 4.92773949645e-07, 3.29395362542e-07, 8.28133508435e-08, 3.34411964786e-08, 3.62140006871e-08, 8.1255763007e-08, 1.33167276317e-07, 5.26098311582e-08, 1.87641280291e-08, 2.11856239218e-08, 2.01213428142e-08, 1.99286933622e-08, 8.93493279364e-09, 5.22666354641e-09, 1.390692006e-08, 8.60413873482e-09, 7.1341137442e-09, 5.14229148152e-09, 4.24699253543e-09, 2.56487209249e-09, 3.63749141918e-09, 5.35436528448e-10, 3.13329445722e-10, 2.2476079331e-10, 1.06860617577e-10, 7.29295790425e-11, 3.4163047391e-11, 2.93615270985e-11, 3.19321305509e-11, 1.848747197e-11, 9.79457834283e-12, 1.04824022726e-11, 1.06188616927e-11, 8.6263635124e-12, 8.78670400328e-12, 4.97282076628e-12, 1.18236974031e-12, 2.06833085815e-13],
        "dvar2": [1.79227299668e-06, 6.05433388046e-06, 1.39511155339e-06, 9.00715861007e-07, 2.0580233695e-07, 7.99218327074e-08, 7.94277283944e-08, 2.09151039599e-07, 3.06727230281e-07, 1.13114047906e-07, 4.86488502816e-08, 4.9166587246e-08, 4.1310720178e-08, 4.70902072891e-08, 1.86561965876e-08, 1.26775185905e-08, 3.20706483592e-08, 1.928373905e-08, 1.66493574483e-08, 1.29262778259e-08, 1.10420881327e-08, 6.69827260324e-09, 1.0137382489e-08, 1.50565249157e-09, 8.53988990634e-10, 5.80333670008e-10, 2.88347956623e-10, 1.99854299776e-10, 9.50973813585e-11, 8.15860157211e-11, 8.78944625415e-11, 4.38204819653e-11, 2.14053705316e-11, 2.324914046e-11, 2.35216342931e-11, 1.7105998909e-11, 1.71513324376e-11, 9.06645678672e-12, 2.27556623718e-12, 4.75102975624e-13],
        "max": [0.00774868577719, 0.0154251931235, 0.00700232293457, 0.00534798903391, 0.00369885284454, 0.00319594261236, 0.00505718681961, 0.00348722375929, 0.00619740691036, 0.00420535635203, 0.00226621050388, 0.00262155197561, 0.00326170329936, 0.00355413416401, 0.00232490082271, 0.00104330061004, 0.00327895767987, 0.00182262493763, 0.00136759865563, 0.00112528842874, 0.0010458745528, 0.000707857077941, 0.0011699142633, 0.000320196588291, 0.0002757885959, 0.000211501625017, 0.000159187606187, 8.59091305756e-05, 8.60662039486e-05, 6.33682284388e-05, 7.90767735452e-05, 7.16747963452e-05, 6.00706916885e-05, 4.49976905657e-05, 5.1380466175e-05, 5.43001297046e-05, 5.609890286e-05, 4.38940951426e-05, 1.76169596671e-05, 9.84878170129e-06],
        "mean": [0.000603836146183, 0.000996292801574, 0.000533118785825, 0.000364519160939, 0.000280167092569, 0.000225151088671, 0.00020022787794, 0.000202796276426, 0.000434926128946, 0.000190018472495, 0.0001170385367, 0.000156578898896, 0.000149872998009, 0.000138307106681, 0.000117541727377, 0.000103448743175, 0.000142823395436, 0.000127469698782, 0.00011504322174, 9.59796307143e-05, 0.000107297048089, 7.91328056948e-05, 5.83230248594e-05, 2.99003895634e-05, 3.22167325066e-05, 3.01221080008e-05, 2.32176789723e-05, 2.01116472454e-05, 1.36436265166e-05, 1.17189965749e-05, 8.77645925357e-06, 5.92887772655e-06, 4.24207837568e-06, 4.58165186501e-06, 4.10423763242e-06, 3.02479156744e-06, 2.43980935011e-06, 2.03824038181e-06, 1.128118015e-06, 2.36543201027e-07],
        "median": [0.000319278507959, 0.000655049225315, 0.00033663288923, 0.000169298742549, 0.000171398438397, 0.000140232994454, 9.35270581977e-05, 8.33529338706e-05, 0.000105623999843, 9.10120797926e-05, 6.86981002218e-05, 7.71035047364e-05, 6.87273932272e-05, 6.64363178657e-05, 8.44184760354e-05, 6.82648387738e-05, 9.61016557994e-05, 8.85362678673e-05, 7.77005407144e-05, 6.25774337095e-05, 8.22851943667e-05, 6.08872869634e-05, 3.28270070895e-05, 2.242741175e-05, 2.51436322287e-05, 2.45603423537e-05, 1.98998586711e-05, 1.81528557732e-05, 1.26408313008e-05, 1.07577589006e-05, 7.22955292076e-06, 3.84316945201e-06, 2.55895747614e-06, 2.66332040155e-06, 2.2217886908e-06, 1.74452873125e-06, 1.04034552351e-06, 8.53280539559e-07, 5.21689230482e-07, 8.43636698278e-08],
        "min": [5.81096202587e-24, 4.13534060494e-24, 2.67434812037e-24, 3.31448429026e-24, 1.00637446925e-23, 7.42510278329e-24, 1.42187728991e-23, 6.95046805359e-24, 1.0656374081e-23, 6.53886804338e-24, 9.10908021337e-24, 9.24774460556e-24, 5.49668417997e-24, 4.64176209039e-24, 4.22670213625e-24, 5.71390728541e-24, 8.74186546199e-24, 7.32591772396e-24, 7.32684700211e-24, 9.44085144427e-24, 1.15824604961e-23, 1.37559134961e-23, 7.50538279104e-24, 1.39614433163e-23, 1.07558060538e-23, 9.61458385915e-24, 7.47501795707e-24, 1.16582747623e-23, 1.42026454267e-23, 1.08232307842e-23, 6.34938878154e-24, 6.83514526672e-24, 9.0242342787e-24, 1.80293118592e-23, 1.27292023505e-23, 1.07716637357e-23, 1.13006399377e-23, 9.8508429671e-24, 9.40812239418e-24, 7.03747862257e-24],
        "var": [7.3018003377e-07, 1.7461884454e-06, 4.81145605136e-07, 3.19246879599e-07, 1.31112827262e-07, 7.2743816304e-08, 1.30712891178e-07, 1.40049067454e-07, 8.92150524123e-07, 1.39733074889e-07, 2.68388671287e-08, 6.92895341103e-08, 8.12430727137e-08, 5.61067707849e-08, 2.00839487263e-08, 1.46469432138e-08, 3.7503852468e-08, 2.00680130291e-08, 1.85555073529e-08, 1.16320180155e-08, 9.70427027625e-09, 5.3855706561e-09, 6.56474208327e-09, 8.41797742623e-10, 6.92160495586e-10, 5.79719328098e-10, 3.00984764889e-10, 1.53634355238e-10, 7.53303669443e-11, 5.67821969999e-11, 5.38991663801e-11, 4.47777266654e-11, 2.6277008347e-11, 3.02340756597e-11, 3.0391935496e-11, 2.72553455499e-11, 2.35057511649e-11, 1.36808273044e-11, 3.44598590114e-12, 4.42370803617e-13]
    },
    "mfcc": {
        "mean": [-591.702453613, 98.5310821533, -31.3400650024, 26.0515098572, 0.442596584558, 12.4851036072, -3.83995389938, 4.7893204689, -1.58439052105, 8.37168884277, -5.79768323898, 5.09548377991, -3.48420619965],
        "cov": [[5121.12255859, -160.900558472, -36.882522583, -229.373458862, -66.7563934326, 116.821578979, -80.6995391846, 28.4118499756, -45.2985877991, 43.7423400879, -108.323287964, 10.218205452, -70.0741653442], [-160.900558472, 359.396514893, -98.9989624023, 132.366592407, -66.6191711426, -23.8191165924, 21.4921646118, -9.79869270325, 22.1481781006, 16.1102142334, 13.7637901306, 26.4190483093, 6.64293718338], [-36.882522583, -98.9989624023, 297.148712158, -77.4573974609, 31.1556282043, 13.6264896393, -1.70276987553, 17.2236328125, -7.38658857346, 8.36445617676, 28.6158447266, -18.1085681915, 16.7454738617], [-229.373458862, 132.366592407, -77.4573974609, 212.254211426, 26.880859375, 9.45234870911, -13.3546857834, -3.65081810951, 13.613409996, 0.673680186272, 3.25135946274, 10.5862770081, 8.26875114441], [-66.7563934326, -66.6191711426, 31.1556282043, 26.880859375, 137.187103271, 32.3644943237, 5.32428741455, 6.727435112, 13.3828763962, 4.86637210846, 3.69166445732, -0.718681335449, 8.87474250793], [116.821578979, -23.8191165924, 13.6264896393, 9.45234870911, 32.3644943237, 123.686607361, 45.4158592224, 14.5945701599, 3.78149104118, 11.2990779877, -4.37866687775, 0.200324907899, 8.24654865265], [-80.6995391846, 21.4921646118, -1.70276987553, -13.3546857834, 5.32428741455, 45.4158592224, 117.391075134, 33.9924201965, 15.4992570877, 1.45269536972, -0.437365531921, 3.57616376877, 3.47357273102], [28.4118499756, -9.79869270325, 17.2236328125, -3.65081810951, 6.727435112, 14.5945701599, 33.9924201965, 81.3668746948, 21.2619895935, 20.2273349762, -6.71610784531, 8.63122940063, -2.04924607277], [-45.2985877991, 22.1481781006, -7.38658857346, 13.613409996, 13.3828763962, 3.78149104118, 15.4992570877, 21.2619895935, 73.6620788574, 29.6698226929, 15.7156391144, 0.868101775646, 5.28806638718], [43.7423400879, 16.1102142334, 8.36445617676, 0.673680186272, 4.86637210846, 11.2990779877, 1.45269536972, 20.2273349762, 29.6698226929, 75.3352203369, 21.6565437317, 11.34308815, -3.62371563911], [-108.323287964, 13.7637901306, 28.6158447266, 3.25135946274, 3.69166445732, -4.37866687775, -0.437365531921, -6.71610784531, 15.7156391144, 21.6565437317, 68.9756164551, 14.5421419144, 13.1888980865], [10.218205452, 26.4190483093, -18.1085681915, 10.5862770081, -0.718681335449, 0.200324907899, 3.57616376877, 8.63122940063, 0.868101775646, 11.34308815, 14.5421419144, 53.1946563721, 9.4867143631], [-70.0741653442, 6.64293718338, 16.7454738617, 8.26875114441, 8.87474250793, 8.24654865265, 3.47357273102, -2.04924607277, 5.28806638718, -3.62371563911, 13.1888980865, 9.4867143631, 49.1941604614]],
