{
"lowlevel": {
    "average_loudness": 0.896725833416,
    "barkbands_crest": {
        "dmean": 1.60821735859,
        "dmean2": 2.62741231918,
        "dvar": 3.21514749527,
        "dvar2": 8.20988178253,
        "max": 25.4578971863,
        "mean": 12.4983825684,
        "median": 11.9572973251,
        "min": 3.43492507935,
        "var": 12.6190280914
    },
    "barkbands_flatness_db": {
        "dmean": 0.0213880296797,
        "dmean2": 0.0324495658278,
        "dvar": 0.000456863752333,
        "dvar2": 0.000959938275628,
        "max": 0.422177582979,
        "mean": 0.253266394138,
        "median": 0.25593149662,
        "min": 0.06700643152,
        "var": 0.00320213590749
    },
    "barkbands_kurtosis": {
        "dmean": 8.36923503876,
        "dmean2": 13.1116914749,
        "dvar": 211.073074341,
        "dvar2": 525.905761719,
        "max": 260.018981934,
        "mean": 23.4689559937,
        "median": 16.139673233,
        "min": -1.92492330074,
        "var": 639.297302246
    },
    "barkbands_skewness": {
        "dmean": 0.673216283321,
        "dmean2": 1.04756844044,
        "dvar": 0.661475419998,
        "dvar2": 1.44019258022,
        "max": 14.3805341721,
        "mean": 3.73292970657,
        "median": 3.54498028755,
        "min": -1.77310204506,
        "var": 3.21717786789
    },
    "barkbands_spread": {
        "dmean": 2.63431406021,
        "dmean2": 3.82646274567,
        "dvar": 19.8976249695,
        "dvar2": 36.8799095154,
        "max": 82.784576416,
        "mean": 9.38301753998,
        "median": 6.48919010162,
        "min": 0.651200294495,
        "var": 82.5344848633
    },
    "dissonance": {
        "dmean": 0.0204505585134,
        "dmean2": 0.0339161716402,
        "dvar": 0.000410880602431,
        "dvar2": 0.0011049292516,
        "max": 0.498925447464,
        "mean": 0.447704017162,
        "median": 0.455885350704,
        "min": 0.267307817936,
        "var": 0.00126032542903
    },
    "dynamic_complexity": 3.40871310234,
    "erbbands_crest": {
        "dmean": 2.12635493279,
        "dmean2": 3.44907474518,
        "dvar": 4.47473812103,
        "dvar2": 11.4267187119,
        "max": 27.0881729126,
        "mean": 9.1085357666,
        "median": 8.4305562973,
        "min": 2.82978510857,
        "var": 13.7973222733
    },
    "erbbands_flatness_db": {
        "dmean": 0.0121642928571,
        "dmean2": 0.0181849636137,
        "dvar": 0.000135425085318,
        "dvar2": 0.000250005366979,
        "max": 0.280308902264,
        "mean": 0.184581309557,
        "median": 0.182424962521,
        "min": 0.0971643254161,
        "var": 0.000812192913145
    },
    "erbbands_kurtosis": {
        "dmean": 0.885825335979,
        "dmean2": 1.33770680428,
        "dvar": 1.67214083672,
        "dvar2": 3.49917173386,
        "max": 24.5758342743,
        "mean": 0.593109428883,
        "median": -0.0990624427795,
        "min": -1.74110305309,
        "var": 5.77641439438
    },
    "erbbands_skewness": {
        "dmean": 0.340722620487,
        "dmean2": 0.517760455608,
        "dvar": 0.114076569676,
        "dvar2": 0.235294282436,
        "max": 3.74113416672,
        "mean": 0.579609155655,
        "median": 0.535118997097,
        "min": -3.17774057388,
        "var": 0.716053128242
    },
    "erbbands_spread": {
        "dmean": 8.62204933167,
        "dmean2": 12.7208709717,
        "dvar": 84.8346481323,
        "dvar2": 161.772155762,
        "max": 133.600570679,
        "mean": 46.6428108215,
        "median": 43.7198982239,
        "min": 7.55131626129,
        "var": 353.636108398
    },
    "hfc": {
        "dmean": 5.40957212448,
        "dmean2": 8.3139257431,
        "dvar": 531.156433105,
        "dvar2": 1365.29589844,
        "max": 443.750366211,
        "mean": 19.591293335,
        "median": 15.1300210953,
        "min": 1.10612497335e-16,
        "var": 653.68182373
    },
    "melbands_crest": {
        "dmean": 2.06844353676,
        "dmean2": 3.47508716583,
        "dvar": 6.06145620346,
        "dvar2": 15.9498128891,
        "max": 34.9833755493,
        "mean": 21.3308830261,
        "median": 21.6875934601,
        "min": 1.98783147335,
        "var": 35.0334815979
    },
    "melbands_flatness_db": {
        "dmean": 0.0240566432476,
        "dmean2": 0.0333086438477,
        "dvar": 0.000718387076631,
        "dvar2": 0.00138073484413,
        "max": 0.510733067989,
        "mean": 0.320285946131,
        "median": 0.325032681227,
        "min": 0.0042762379162,
        "var": 0.0052224653773
    },
    "melbands_kurtosis": {
        "dmean": 18.7941551208,
        "dmean2": 28.9805679321,
        "dvar": 977.516174316,
        "dvar2": 2174.14599609,
        "max": 563.618103027,
        "mean": 55.3466453552,
        "median": 39.2303276062,
        "min": -1.2254203558,
        "var": 3225.80200195
    },
    "melbands_skewness": {
        "dmean": 0.936683297157,
        "dmean2": 1.44282197952,
        "dvar": 1.08964133263,
        "dvar2": 2.17494368553,
        "max": 19.1345062256,
        "mean": 5.35838747025,
        "median": 4.99367618561,
        "min": 0.00482896668836,
        "var": 5.7926158905
    },
    "melbands_spread": {
        "dmean": 2.33943295479,
        "dmean2": 3.56492972374,
        "dvar": 33.1551017761,
        "dvar2": 58.8506240845,
        "max": 131.958267212,
        "mean": 7.37603473663,
        "median": 4.55032300949,
        "min": 0.52954608202,
        "var": 76.9314804077
    },
    "pitch_salience": {
        "dmean": 0.0573322325945,
        "dmean2": 0.0959367528558,
        "dvar": 0.00313443085179,
        "dvar2": 0.00764028308913,
        "max": 0.856800913811,
        "mean": 0.421131968498,
        "median": 0.418329656124,
        "min": 0.0803903639317,
        "var": 0.018468298018
    },
    "silence_rate_20dB": {
        "dmean": 0.0123839005828,
        "dmean2": 0.0247869864106,
        "dvar": 0.0122306346893,
        "dvar2": 0.0241724234074,
        "max": 1,
        "mean": 0.980665147305,
        "median": 1,
        "min": 0,
        "var": 0.0189610477537
    },
    "silence_rate_30dB": {
        "dmean": 0.0572755411267,
        "dmean2": 0.114639811218,
        "dvar": 0.0539951808751,
        "dvar2": 0.12938259542,
        "max": 1,
        "mean": 0.611755609512,
        "median": 1,
        "min": 0,
        "var": 0.237509533763
    },
    "silence_rate_60dB": {
        "dmean": 0.00154798757285,
        "dmean2": 0.00309837330133,
        "dvar": 0.00154557963833,
        "dvar2": 0.0030888246838,
        "max": 1,
        "mean": 0.0564578510821,
        "median": 0,
        "min": 0,
        "var": 0.0532718487084
    },
    "spectral_centroid": {
        "dmean": 173.241439819,
        "dmean2": 245.220077515,
        "dvar": 134958.921875,
        "dvar2": 190965.6875,
        "max": 10654.7939453,
        "mean": 702.460571289,
        "median": 559.086364746,
        "min": 150.888824463,
        "var": 313100.5625
    },
    "spectral_complexity": {
        "dmean": 2.62693500519,
        "dmean2": 4.00154924393,
        "dvar": 12.2740564346,
        "dvar2": 21.921005249,
        "max": 60,
        "mean": 13.7803554535,
        "median": 13,
        "min": 0,
        "var": 70.5689315796
    },
    "spectral_decrease": {
        "dmean": 4.79881023807e-09,
        "dmean2": 7.52018092243e-09,
        "dvar": 1.13372699777e-16,
        "dvar2": 2.43257512768e-16,
        "max": -1.29653772375e-28,
        "mean": -2.33016432816e-08,
        "median": -1.93747577981e-08,
        "min": -2.05827547006e-07,
        "var": 4.3516105907e-16
    },
    "spectral_energy": {
        "dmean": 0.0184763688594,
        "dmean2": 0.0289639085531,
        "dvar": 0.00167277129367,
        "dvar2": 0.00360468169674,
        "max": 0.784931600094,
        "mean": 0.0897227376699,
        "median": 0.0744889676571,
        "min": 1.05222277224e-20,
        "var": 0.00636817188933
    },
    "spectral_energyband_high": {
        "dmean": 0.00041085932753,
        "dmean2": 0.000605743261985,
        "dvar": 5.56587292522e-06,
        "dvar2": 1.42196768138e-05,
        "max": 0.0428905598819,
        "mean": 0.000643351871986,
        "median": 0.000193153333385,
        "min": 7.81796104243e-21,
        "var": 5.88227612752e-06
    },
    "spectral_energyband_low": {
        "dmean": 0.0165936108679,
        "dmean2": 0.0255616158247,
        "dvar": 0.00156654242892,
        "dvar2": 0.00334518891759,
        "max": 0.761484563351,
        "mean": 0.0736105591059,
        "median": 0.0569150559604,
        "min": 7.70415254664e-23,
        "var": 0.00563612440601
    },
    "spectral_energyband_middle_high": {
        "dmean": 0.00117494037841,
        "dmean2": 0.00184969860129,
        "dvar": 1.56554287969e-05,
        "dvar2": 4.05138853239e-05,
        "max": 0.071417927742,
        "mean": 0.0029307838995,
        "median": 0.00168414949439,
        "min": 1.53655038987e-21,
        "var": 2.11411988857e-05
    },
    "spectral_energyband_middle_low": {
        "dmean": 0.00436778739095,
        "dmean2": 0.00754725281149,
        "dvar": 7.09785017534e-05,
        "dvar2": 0.000190415317775,
        "max": 0.14881952107,
        "mean": 0.0137673504651,
        "median": 0.0119727766141,
        "min": 3.59075751566e-22,
        "var": 0.000129297812236
    },
    "spectral_entropy": {
        "dmean": 0.158763214946,
        "dmean2": 0.222824558616,
        "dvar": 0.0308523885906,
        "dvar2": 0.0502454712987,
        "max": 9.78097438812,
        "mean": 7.0988202095,
        "median": 7.1415605545,
        "min": 5.51694011688,
        "var": 0.208858698606
    },
    "spectral_flux": {
        "dmean": 0.0269909519702,
        "dmean2": 0.0447529554367,
        "dvar": 0.00225953408517,
        "dvar2": 0.00582500733435,
        "max": 0.688264429569,
        "mean": 0.0792491734028,
        "median": 0.0637444257736,
        "min": 1.02577911443e-10,
        "var": 0.00399696687236
    },
    "spectral_kurtosis": {
        "dmean": 2.43070316315,
        "dmean2": 4.13759183884,
        "dvar": 7.09919118881,
        "dvar2": 19.4708824158,
        "max": 28.5777683258,
        "mean": 4.29681539536,
        "median": 3.2930932045,
        "min": -1.27872443199,
        "var": 15.7685251236
    },
    "spectral_rms": {
        "dmean": 0.000854613317642,
        "dmean2": 0.00135384139139,
        "dvar": 1.9116639578e-06,
        "dvar2": 4.09113818023e-06,
        "max": 0.0276728551835,
        "mean": 0.008444593288,
        "median": 0.00852479692549,
        "min": 3.20399566253e-12,
        "var": 1.62233063747e-05
    },
    "spectral_rolloff": {
        "dmean": 163.081634521,
        "dmean2": 278.712860107,
        "dvar": 473097.8125,
        "dvar2": 775012.8125,
        "max": 18087.890625,
        "mean": 404.135253906,
        "median": 193.798828125,
        "min": 64.599609375,
        "var": 602771.9375
    },
    "spectral_skewness": {
        "dmean": 0.325344592333,
        "dmean2": 0.499087542295,
        "dvar": 0.0925649702549,
        "dvar2": 0.206694871187,
        "max": 4.044880867,
        "mean": 1.53769814968,
        "median": 1.48514580727,
        "min": -0.736376285553,
        "var": 0.402965724468
    },
    "spectral_spread": {
        "dmean": 389540.78125,
        "dmean2": 581369.625,
        "dvar": 935349518336,
        "dvar2": 1.02480805888e+12,
        "max": 38173524,
        "mean": 3910723,
        "median": 3830199,
        "min": 1987119.125,
        "var": 1.55920105472e+12
    },
    "spectral_strongpeak": {
        "dmean": 0.171813666821,
        "dmean2": 0.299657195807,
        "dvar": 0.110512621701,
        "dvar2": 0.30008649826,
        "max": 5.13668823242,
        "mean": 0.81800788641,
        "median": 0.76820653677,
        "min": 8.08799160978e-09,
        "var": 0.31225335598
    },
    "zerocrossingrate": {
        "dmean": 0.00518439803272,
        "dmean2": 0.00641308818012,
        "dvar": 0.00021524024487,
        "dvar2": 0.000221453854465,
        "max": 0.50146484375,
        "mean": 0.0228517893702,
        "median": 0.01806640625,
        "min": 0.00146484375,
        "var": 0.000463529460831
    },
    "barkbands": {
        "dmean": [0.00124976912048, 0.0130719440058, 0.00490037258714, 0.00126088433899, 0.00283693219535, 0.000553817953914, 0.000833865778986, 0.000441156764282, 0.000670296663884, 0.000160204086569, 0.000123743768199, 0.000167952064658, 0.000205678123166, 0.000415175105445, 0.000178839283762, 0.000129286243464, 0.000118632146041, 9.54571587499e-05, 0.000144534642459, 0.000127186387544, 0.000175956651219, 0.000128591622342, 5.84839799558e-05, 2.27456057473e-05, 7.13070221536e-06, 9.78938796692e-09, 6.54104770348e-09],
        "dmean2": [0.0022115779575, 0.0193843990564, 0.00822538603097, 0.00217833649367, 0.00510166818276, 0.000900124781765, 0.00134392653126, 0.000666642969009, 0.00107632437721, 0.000255712220678, 0.000183565207408, 0.000263237510808, 0.000336355529726, 0.0006845863536, 0.000301221909467, 0.000217015200178, 0.000204481955734, 0.000160574301844, 0.000233838538406, 0.000210665617487, 0.000289392017294, 0.000176359870238, 8.55011385283e-05, 3.34242686222e-05, 1.16123337648e-05, 1.71302296792e-08, 1.23539241059e-08],
        "dvar": [1.43162196764e-05, 0.0014415619662, 7.21235555829e-05, 5.4431384342e-06, 3.27195957652e-05, 1.2902587514e-06, 6.15543103777e-06, 1.03535512608e-06, 1.69758141055e-06, 1.2674021832e-07, 2.34793915865e-07, 1.87329987966e-07, 1.84362576761e-07, 9.79298079073e-07, 2.36802748077e-07, 3.49434401414e-07, 4.24706712465e-07, 1.05057551991e-07, 4.77626315387e-07, 6.13035012975e-07, 1.33457967877e-06, 2.37496493583e-07, 8.45611367595e-08, 1.11605400477e-08, 2.05441041956e-09, 2.35946448469e-15, 4.61723747598e-16],
        "dvar2": [4.23029669037e-05, 0.00302490894683, 0.000198756693862, 1.45939329741e-05, 9.2282287369e-05, 3.63348499377e-06, 1.54582357936e-05, 2.11188284993e-06, 4.37754988525e-06, 2.95811986462e-07, 4.0900678755e-07, 4.52725032574e-07, 5.04406841628e-07, 2.50764742304e-06, 6.17721525487e-07, 9.76270825959e-07, 1.19392871056e-06, 2.76845526059e-07, 1.24858547679e-06, 1.71595627307e-06, 3.77416563424e-06, 4.17541002662e-07, 1.86583847039e-07, 2.61461234885e-08, 5.79209213925e-09, 6.58525553085e-15, 1.35715631628e-15],
        "max": [0.0381121486425, 0.667011857033, 0.127067357302, 0.0325407907367, 0.0967508479953, 0.0160573385656, 0.0600179284811, 0.0228277742863, 0.0216709040105, 0.00673838332295, 0.0178756453097, 0.00893597863615, 0.00533866230398, 0.0213542506099, 0.00708807446063, 0.0127170877531, 0.0117727238685, 0.00533700175583, 0.0127079542726, 0.0136569533497, 0.0219840351492, 0.00795760191977, 0.00524019170552, 0.00253317132592, 0.00110310723539, 1.16909336612e-06, 4.46132105481e-07],
        "mean": [0.00164952757768, 0.039422120899, 0.0313353575766, 0.00249449000694, 0.00532654114068, 0.00134900573175, 0.00185181072447, 0.000964510953054, 0.00170910463203, 0.000368956680177, 0.000260066182818, 0.000308464223053, 0.000360568257747, 0.000712162756827, 0.000247840100201, 0.000181618364877, 0.00015649778652, 0.000133483103127, 0.000174367945874, 0.000142983437399, 0.000207888093428, 0.000219296853174, 9.77329036687e-05, 3.96659233957e-05, 8.66846676217e-06, 1.04342010587e-08, 4.98316943265e-09],
        "median": [0.00025804984034, 0.0245431140065, 0.0273138079792, 0.00147244741675, 0.00417712144554, 0.000943595194258, 0.000309397582896, 0.000145023441291, 0.000478103524074, 9.63594502537e-05, 4.18082527176e-05, 9.54897259362e-05, 9.55566283665e-05, 0.000192883322597, 9.88735846477e-05, 6.05104651186e-05, 5.00119422213e-05, 4.18038762291e-05, 4.75705091958e-05, 2.91689702863e-05, 4.57976966572e-05, 5.25401956111e-05, 2.99559651467e-05, 1.18182524602e-05, 2.07473613045e-06, 3.94706090034e-09, 1.40651623681e-09],
        "min": [1.34604787762e-23, 3.73331357958e-23, 2.66155800296e-23, 1.7785579083e-23, 3.52992188794e-23, 6.55473866261e-23, 6.15412164724e-23, 2.47146981939e-23, 1.23314976518e-22, 9.30693804576e-23, 8.92325945175e-23, 6.04283924815e-23, 1.68840707338e-22, 6.53556303173e-23, 1.04218238035e-22, 1.0373409201e-22, 3.40405547019e-22, 1.87924060429e-22, 1.91515876659e-22, 3.95982325027e-22, 5.35426528318e-22, 5.60233767784e-22, 6.55151581872e-22, 9.21430936718e-22, 1.08529499197e-21, 1.90972961127e-21, 2.00339852602e-21],
        "var": [1.99064506887e-05, 0.00357124768198, 0.000623430649284, 9.80548156804e-06, 3.48491412296e-05, 2.30018372349e-06, 2.38915345108e-05, 4.54093287772e-06, 9.73479654931e-06, 5.69163489672e-07, 1.35124196277e-06, 3.4495766954e-07, 4.37520554897e-07, 1.97521353584e-06, 2.72245756605e-07, 2.81844052097e-07, 3.13032785471e-07, 1.2367031843e-07, 4.06767725281e-07, 4.47257633596e-07, 1.02975081973e-06, 4.48187364555e-07, 1.11348860798e-07, 1.68600617911e-08, 1.4568226625e-09, 1.71052141533e-15, 2.83753972687e-16]
    },
    "erbbands": {
        "dmean": [0.523519933224, 2.49336028099, 5.42136240005, 4.4150800705, 8.72891139984, 8.08129310608, 5.68906879425, 5.18538761139, 9.09659290314, 13.2273788452, 9.08765888214, 13.9869585037, 8.39974689484, 5.8196015358, 5.09828186035, 6.40202045441, 8.61331939697, 20.1603889465, 12.6064567566, 6.50870513916, 7.26114797592, 6.71268224716, 6.0849313736, 5.08993196487, 8.04517745972, 5.58336019516, 6.19262838364, 7.45770645142, 5.47100877762, 2.65890240669, 1.526897192, 0.633994162083, 0.328915894032, 0.132334142923, 0.00486142374575, 0.000246932904702, 2.89194340439e-05, 7.12061364538e-06, 9.49339937506e-06, 2.06153017643e-05],
        "dmean2": [0.78820848465, 3.81040835381, 8.90274810791, 7.61333942413, 15.4367923737, 14.5387735367, 8.90104293823, 8.51415634155, 14.4783372879, 20.1484870911, 13.8786144257, 22.1887016296, 13.7549171448, 8.47079658508, 7.96136045456, 10.206700325, 13.8509149551, 32.6657714844, 21.4886112213, 10.8776388168, 12.0265512466, 11.6286849976, 10.3105077744, 7.77573108673, 12.9477787018, 9.1773557663, 10.3239507675, 12.0575151443, 7.63838195801, 3.89602065086, 2.27165770531, 0.97336935997, 0.47197508812, 0.205732166767, 0.00783561635762, 0.000385960564017, 4.44238794444e-05, 1.15073598863e-05, 1.46502552525e-05, 3.23134190694e-05],
        "dvar": [2.49254655838, 61.4072036743, 106.771209717, 66.0238037109, 244.557998657, 384.381103516, 69.7432632446, 161.366531372, 489.623352051, 2150.12231445, 337.720581055, 795.913696289, 462.163208008, 181.725280762, 250.367797852, 365.338134766, 327.138702393, 2530.18701172, 1225.08166504, 648.264831543, 1145.02722168, 1578.91760254, 446.775543213, 610.149597168, 1373.11340332, 1184.52172852, 2080.49291992, 1843.90771484, 387.587677002, 196.920211792, 75.6269302368, 12.6576499939, 2.22323274612, 0.679722368717, 0.00133383343928, 2.88469573206e-06, 1.71796532555e-08, 8.27118817881e-10, 5.31094612732e-10, 2.11537742878e-09],
        "dvar2": [4.79925775528, 149.77444458, 292.564910889, 182.729827881, 670.283569336, 1104.83605957, 187.12411499, 462.74520874, 1243.28771973, 4772.84375, 745.106384277, 1923.26953125, 1206.74963379, 298.392089844, 606.911804199, 914.202087402, 877.855224609, 6168.84716797, 3325.50415039, 1727.8659668, 3213.68896484, 4477.70898438, 1196.49414062, 1462.79406738, 3756.84741211, 3244.92480469, 5871.7734375, 5112.33984375, 750.89251709, 434.044830322, 190.027435303, 33.0349388123, 5.21162033081, 1.82862591743, 0.00377317634411, 8.04117371445e-06, 4.38364828881e-08, 2.04442063279e-09, 1.19777465724e-09, 4.60767424215e-09],
        "max": [21.476644516, 162.74710083, 192.659851074, 148.922103882, 249.120864868, 346.948638916, 107.430198669, 179.355957031, 332.121185303, 1689.25476074, 334.57989502, 551.273132324, 459.701690674, 503.112976074, 331.408874512, 421.786987305, 246.50894165, 1263.53942871, 594.440429688, 388.436035156, 738.435241699, 765.988037109, 359.253601074, 492.724853516, 670.69342041, 596.043884277, 925.66998291, 695.23638916, 341.053649902, 279.166900635, 202.608016968, 86.1422958374, 32.779094696, 20.4102783203, 0.931725144386, 0.0429406873882, 0.00298239663243, 0.000551611941773, 0.000392218615161, 0.000859171093907],
        "mean": [1.05113971233, 9.16065597534, 38.0609359741, 16.5471515656, 17.2038249969, 14.1531248093, 14.3642673492, 10.142583847, 20.6746253967, 29.790397644, 22.0947418213, 36.495639801, 21.4373989105, 14.7034921646, 11.3767299652, 12.1835737228, 16.3718986511, 36.9450950623, 20.493686676, 9.10678482056, 10.5791034698, 8.92361831665, 8.4371471405, 6.79144287109, 9.58095836639, 6.48113250732, 7.00364398956, 9.20771121979, 9.21242237091, 4.23964500427, 2.50916934013, 1.11402058601, 0.528898060322, 0.177132442594, 0.0059540825896, 0.000362337363185, 6.35953401797e-05, 1.26564191305e-05, 4.35559450125e-05, 9.9376498838e-05],
        "median": [0.309073835611, 5.13279438019, 27.7764949799, 13.5065631866, 10.9248790741, 9.04950809479, 10.2489995956, 6.04997444153, 7.0814576149, 6.03078603745, 6.67948913574, 11.1492071152, 5.33959197998, 3.86188364029, 3.30378651619, 4.29030036926, 5.34642696381, 9.34710788727, 7.99090909958, 3.53805804253, 3.57781100273, 2.89701771736, 2.87085223198, 2.04563975334, 2.65539336205, 1.3687132597, 1.47795689106, 2.19221878052, 2.15774559975, 1.08399033546, 0.802394151688, 0.358969599009, 0.142829924822, 0.0423037782311, 0.00129385641776, 0.000136525151902, 4.04593265557e-05, 7.24939673091e-06, 3.54401709046e-05, 8.24837843538e-05],
        "min": [1.72916916981e-21, 6.03814341793e-21, 2.92608033107e-20, 3.1899234815e-20, 1.27133033108e-19, 7.57126492605e-20, 1.45402777427e-19, 7.27515223209e-19, 7.39531417474e-19, 9.47268419137e-19, 7.58333698086e-19, 2.78414415127e-18, 2.82338063645e-18, 5.17055256707e-18, 2.09823668156e-18, 3.4589109457e-18, 6.04916106625e-18, 4.44189247419e-18, 5.61688474994e-18, 4.30990629488e-18, 7.40444521472e-18, 1.99105913775e-17, 1.25414146625e-17, 7.66682855939e-18, 1.27323006509e-17, 1.74380790434e-17, 2.25608846775e-17, 2.08497920973e-17, 2.15741161094e-17, 1.88679169804e-17, 1.91671214429e-17, 2.12219406549e-17, 1.31062516351e-17, 1.07230599179e-17, 8.61039679285e-18, 6.76833422468e-18, 3.63839156103e-18, 1.14044683522e-18, 3.10652047592e-19, 2.9613114397e-20],
        "var": [6.51068162918, 130.7109375, 1062.90222168, 276.942047119, 380.338439941, 378.703338623, 201.038726807, 218.243164062, 1573.79736328, 12046.5205078, 1436.95556641, 4703.86669922, 2517.74829102, 1216.0411377, 855.703796387, 586.782653809, 784.313476562, 5853.58544922, 1525.47607422, 581.15826416, 937.30279541, 1094.59631348, 477.684448242, 676.79498291, 1050.28735352, 912.219665527, 1525.68334961, 1566.44165039, 706.033447266, 259.528564453, 80.834197998, 15.4561882019, 3.07226252556, 0.56939458847, 0.000918216246646, 2.15471845877e-06, 1.83845152435e-08, 9.30134025356e-10, 1.5647527718e-09, 7.71847297187e-09]
    },
    "gfcc": {
        "mean": [-39.6972351074, 158.437347412, -114.005691528, 72.1803283691, -55.8982925415, 24.3351650238, -18.8338108063, -13.8220901489, 7.69648551941, -18.6140670776, 4.29625177383, -25.2235813141, 0.919658362865],
        "cov": [[8772.00195312, -193.684112549, -733.004089355, 138.373748779, -478.158325195, 278.724578857, 235.762115479, 82.7714157104, 114.005813599, -23.6889686584, -17.1562824249, -48.6010055542, -79.6362380981], [-193.684112549, 409.623260498, 87.0748977661, -190.659301758, 72.922996521, -52.5799865723, 56.0915794373, -80.9998168945, 47.9784507751, -40.649684906, 6.92974710464, -9.00058746338, -24.9268703461], [-733.004089355, 87.0748977661, 573.660217285, 18.2952747345, 76.7066345215, -5.88062143326, -12.6151065826, -23.0440921783, 6.81965255737, 6.5934009552, -7.62504243851, -6.3638086319, 27.9140167236], [138.373748779, -190.659301758, 18.2952747345, 291.742645264, 52.0059432983, -83.1965408325, -57.3147544861, 18.8300552368, -42.7088432312, 1.35677552223, 2.51289987564, -6.70207977295, 48.0978927612], [-478.158325195, 72.922996521, 76.7066345215, 52.0059432983, 279.048950195, -52.1796875, -98.5030593872, -11.2315340042, 6.67923402786, -10.297413826, 30.5467720032, -24.2741260529, 24.8341464996], [278.724578857, -52.5799865723, -5.88062143326, -83.1965408325, -52.1796875, 190.578521729, 45.9037055969, -9.0294303894, 15.0341825485, 13.393078804, -10.2962255478, -9.05430603027, -20.9913539886], [235.762115479, 56.0915794373, -12.6151065826, -57.3147544861, -98.5030593872, 45.9037055969, 249.5650177, -17.8931865692, 30.198638916, 15.6375436783, -31.3899879456, 15.0387220383, -47.4212608337], [82.7714157104, -80.9998168945, -23.0440921783, 18.8300552368, -11.2315340042, -9.0294303894, -17.8931865692, 122.718009949, 6.98258686066, -4.74908351898, 21.4117240906, 17.8552093506, 29.4911422729], [114.005813599, 47.9784507751, 6.81965255737, -42.7088432312, 6.67923402786, 15.0341825485, 30.198638916, 6.98258686066, 120.999023438, 38.8636436462, -2.87068343163, -13.4141731262, -47.3940582275], [-23.6889686584, -40.649684906, 6.5934009552, 1.35677552223, -10.297413826, 13.393078804, 15.6375436783, -4.74908351898, 38.8636436462, 104.200271606, 17.1530838013, -36.8763160706, -35.2498321533], [-17.1562824249, 6.92974710464, -7.62504243851, 2.51289987564, 30.5467720032, -10.2962255478, -31.3899879456, 21.4117240906, -2.87068343163, 17.1530838013, 58.3439064026, 7.60261631012, 1.55358934402], [-48.6010055542, -9.00058746338, -6.3638086319, -6.70207977295, -24.2741260529, -9.05430603027, 15.0387220383, 17.8552093506, -13.4141731262, -36.8763160706, 7.60261631012, 88.8626861572, 37.5177459717], [-79.6362380981, -24.9268703461, 27.9140167236, 48.0978927612, 24.8341464996, -20.9913539886, -47.4212608337, 29.4911422729, -47.3940582275, -35.2498321533, 1.55358934402, 37.5177459717, 101.924957275]],
        "icov": [[0.000174927874468, -0.000332886993419, 0.000229460580158, -0.000530241755769, 0.00036787398858, -0.000474918429973, 9.39658730204e-06, -0.000198796740733, -0.000214873623918, 0.000153990738909, -0.000132503322675, 0.000167021309608, 1.09731799967e-05], [-0.000332886993419, 0.0135084288195, -0.0018674172461, 0.0108224693686, -0.00253244093619, 0.00880200695246, -0.00498702703044, 0.00972174201161, -0.00637862412259, 0.00937400572002, -0.00965590402484, 0.00750137679279, -0.00659355055541], [0.000229460580158, -0.0018674172461, 0.00234156893566, -0.00177442934364, 0.000156921494636, -0.00155472033657, 0.000429402745795, -0.000891346076969, 0.000212762373849, -0.00123434979469, 0.00132584199309, -0.000583732908126, -0.000115391310828], [-0.000530241755769, 0.0108224693686, -0.00177442934364, 0.0136204631999, -0.00301336473785, 0.00913260877132, -0.00357582652941, 0.00707156071439, -0.00316406972706, 0.00554115604609, -0.00599328195676, 0.00607896503061, -0.00650488352403], [0.00036787398858, -0.00253244093619, 0.000156921494636, -0.00301336473785, 0.00637638103217, -0.00134333164897, 0.00180688267574, -0.000145226178574, -0.00158683850896, 0.0010058718035, -0.00258075469173, 0.00184904132038, -0.000931750924792], [-0.000474918429973, 0.00880200695246, -0.00155472033657, 0.00913260877132, -0.00134333164897, 0.0125120664015, -0.00363164581358, 0.00635744910687, -0.00359405274503, 0.00497754663229, -0.00537515012547, 0.00536697311327, -0.00457061734051], [9.39658730204e-06, -0.00498702703044, 0.000429402745795, -0.00357582652941, 0.00180688267574, -0.00363164581358, 0.00762134278193, -0.00360202253796, 0.00246733101085, -0.00484700175002, 0.00677722366527, -0.00558805884793, 0.0051820455119], [-0.000198796740733, 0.00972174201161, -0.000891346076969, 0.00707156071439, -0.000145226178574, 0.00635744910687, -0.00360202253796, 0.0175794325769, -0.00786951277405, 0.00824727676809, -0.0121992947534, 0.00618792604655, -0.00918709486723], [-0.000214873623918, -0.00637862412259, 0.000212762373849, -0.00316406972706, -0.00158683850896, -0.00359405274503, 0.00246733101085, -0.00786951277405, 0.0166318472475, -0.0100391525775, 0.00971573963761, -0.00712700141594, 0.00951534230262], [0.000153990738909, 0.00937400572002, -0.00123434979469, 0.00554115604609, 0.0010058718035, 0.00497754663229, -0.00484700175002, 0.00824727676809, -0.0100391525775, 0.023014774546, -0.0155404992402, 0.0127355037257, -0.00488491263241], [-0.000132503322675, -0.00965590402484, 0.00132584199309, -0.00599328195676, -0.00258075469173, -0.00537515012547, 0.00677722366527, -0.0121992947534, 0.00971573963761, -0.0155404992402, 0.0337304770947, -0.013337764889, 0.00974338222295], [0.000167021309608, 0.00750137679279, -0.000583732908126, 0.00607896503061, 0.00184904132038, 0.00536697311327, -0.00558805884793, 0.00618792604655, -0.00712700141594, 0.0127355037257, -0.013337764889, 0.0236452259123, -0.0118890684098], [1.09731799967e-05, -0.00659355055541, -0.000115391310828, -0.00650488352403, -0.000931750924792, -0.00457061734051, 0.0051820455119, -0.00918709486723, 0.00951534230262, -0.00488491263241, 0.00974338222295, -0.0118890684098, 0.0226262006909]]
    },
    "melbands": {
        "dmean": [0.00401840638369, 0.00271505326964, 0.000783469295129, 0.000697177427355, 0.000207849268918, 0.000107727930299, 0.000151691769133, 0.000138160743518, 7.6048221672e-05, 9.17552533792e-05, 4.18779673055e-05, 2.4220231353e-05, 1.70740968315e-05, 1.91331600945e-05, 2.23229162657e-05, 1.94707408809e-05, 4.17958835897e-05, 2.3033542675e-05, 1.06959505501e-05, 8.61569787958e-06, 8.24583366921e-06, 6.87603233018e-06, 6.69779319651e-06, 4.60131286673e-06, 4.10263692174e-06, 6.35813648842e-06, 5.00053829455e-06, 3.64132529285e-06, 4.10403254136e-06, 3.93505524698e-06, 4.63124251837e-06, 3.62203468285e-06, 1.83326687875e-06, 1.47351011037e-06, 1.02137266822e-06, 5.60082980883e-07, 3.89834639236e-07, 2.49241480788e-07, 2.20716032118e-07, 6.80976839362e-08],
        "dmean2": [0.00597507692873, 0.00444980943576, 0.00135015160777, 0.0012628971599, 0.000334919954184, 0.0001765373745, 0.000243301328737, 0.000208107332583, 0.00011789585551, 0.000148192048073, 6.93081019563e-05, 3.56639648089e-05, 2.63795482169e-05, 2.92566637654e-05, 3.74245937564e-05, 3.18104830512e-05, 6.79852164467e-05, 3.92350993934e-05, 1.82050243893e-05, 1.42968128785e-05, 1.34880610858e-05, 1.19423166325e-05, 1.13908581625e-05, 7.77599416324e-06, 6.33424360785e-06, 1.05120452645e-05, 7.75428088673e-06, 6.07132005825e-06, 7.29806288291e-06, 6.14804548604e-06, 7.62708987168e-06, 5.15828969583e-06, 2.62930916506e-06, 2.30323894357e-06, 1.53670646341e-06, 9.0967688493e-07, 5.83577048019e-07, 3.71291150714e-07, 3.31367004947e-07, 1.12561799881e-07],
        "dvar": [0.000138148345286, 3.9612474211e-05, 1.81786504072e-06, 2.26173983719e-06, 1.23426502796e-07, 6.68089441547e-08, 1.43585182855e-07, 1.82330211373e-07, 2.09253325778e-08, 3.30505827151e-08, 1.16496643443e-08, 2.95749913448e-09, 3.88717191768e-09, 2.33198038657e-09, 2.7028566052e-09, 1.52245649421e-09, 1.15455600636e-08, 4.35438174406e-09, 1.23999688295e-09, 1.32509225814e-09, 1.3433544277e-09, 1.70650527043e-09, 6.65140553746e-10, 2.99389263381e-10, 3.87950338521e-10, 1.00399699665e-09, 4.29734886565e-10, 6.06867889275e-10, 1.28801913579e-09, 3.95524696328e-10, 7.65556618099e-10, 1.71042471853e-10, 7.60931734289e-11, 5.58018561914e-11, 2.81656503676e-11, 1.34170417831e-11, 3.98895283124e-12, 1.19975719897e-12, 1.05079985512e-12, 2.75409849006e-13],
        "dvar2": [0.00027235437301, 0.000105683524453, 4.92274602948e-06, 6.4222972469e-06, 3.3906243857e-07, 1.91209053924e-07, 3.64426568922e-07, 3.91471957073e-07, 4.80247699386e-08, 8.47872101417e-08, 3.05348244467e-08, 5.11426945238e-09, 8.48808223708e-09, 5.39008704337e-09, 7.83334108689e-09, 3.87574816685e-09, 2.8201593949e-08, 1.20155165817e-08, 3.34829564075e-09, 3.58359097952e-09, 3.75695252686e-09, 4.86965356927e-09, 1.79301018477e-09, 8.10382316807e-10, 8.90890139438e-10, 2.77569900398e-09, 1.13184916994e-09, 1.67639069293e-09, 3.70226205249e-09, 1.02926978052e-09, 2.17106554956e-09, 3.40968003831e-10, 1.50761014783e-10, 1.32912889028e-10, 7.00417362998e-11, 3.78419760805e-11, 1.05350355176e-11, 2.84559767243e-12, 2.49054336182e-12, 7.88120220127e-13],
        "max": [0.16770555079, 0.150909632444, 0.0229585114866, 0.0255613923073, 0.00554786622524, 0.00370363099501, 0.00515833869576, 0.0156222451478, 0.00310242245905, 0.00299809407443, 0.0023493389599, 0.00185322680045, 0.00178011972457, 0.000963877711911, 0.00073178083403, 0.000505890930071, 0.00277473661117, 0.00109796633478, 0.000477126595797, 0.000663514947519, 0.000811932142824, 0.000809362623841, 0.000466205208795, 0.000293969933409, 0.000381794467103, 0.000584441178944, 0.000385011866456, 0.000433095585322, 0.000728196813725, 0.000305141787976, 0.000478133093566, 0.000256606843323, 0.000185882061487, 0.000135441558086, 0.000115546732559, 8.14279992483e-05, 5.02266339026e-05, 2.52274567174e-05, 2.37297153944e-05, 1.30690459628e-05],
        "mean": [0.00962517317384, 0.0174250081182, 0.00320045067929, 0.00117732712533, 0.000504478812218, 0.000221075810259, 0.000342428713338, 0.000311039882945, 0.000188585559954, 0.000230432589888, 0.000102971658634, 5.88407201576e-05, 3.88413463952e-05, 3.56298951374e-05, 3.63674553228e-05, 3.59020959877e-05, 7.34705245122e-05, 3.49777583324e-05, 1.42581520777e-05, 1.1802670997e-05, 1.18553562061e-05, 8.84399378265e-06, 8.81522737473e-06, 6.10989172856e-06, 5.190146112e-06, 7.23112907508e-06, 6.00495468461e-06, 3.90922195947e-06, 4.08018604503e-06, 5.03515411765e-06, 5.37274490853e-06, 5.80155756325e-06, 3.16867340189e-06, 2.1291577923e-06, 1.61221191775e-06, 8.66774257702e-07, 6.24971221441e-07, 3.86420850873e-07, 3.12089525778e-07, 7.90432466147e-08],
        "median": [0.00549410330132, 0.011941771023, 0.00291394093074, 0.000849241099786, 0.000337786303135, 0.000133387409733, 0.000106063787825, 5.59798681934e-05, 5.73251782043e-05, 6.60627702018e-05, 2.29452743952e-05, 1.45055473695e-05, 9.03563432075e-06, 1.0860425391e-05, 9.50359390117e-06, 1.13599726319e-05, 1.77935071406e-05, 1.27300681925e-05, 5.59048294235e-06, 3.85093380828e-06, 4.02709110858e-06, 2.61267359747e-06, 2.90082516585e-06, 1.78060020062e-06, 1.33995342821e-06, 1.9767953745e-06, 1.44947364333e-06, 6.6003366328e-07, 6.63734738282e-07, 1.1310166883e-06, 1.10566372769e-06, 1.26260033539e-06, 7.43506859635e-07, 5.04490117237e-07, 5.10336860771e-07, 2.47989731861e-07, 1.91580397768e-07, 1.017475455e-07, 7.83293856443e-08, 1.58286876939e-08],
        "min": [1.29953119551e-23, 1.28214848769e-23, 1.04384260124e-23, 6.41023046771e-24, 4.88881281552e-24, 1.52828863068e-23, 1.29314292101e-23, 9.67863699807e-24, 6.51364816024e-24, 1.91526529437e-23, 1.32554696041e-23, 1.99446598262e-23, 8.35383424904e-24, 7.48698892131e-24, 1.45485404233e-23, 1.23023583921e-23, 7.28544915952e-24, 8.44047720884e-24, 7.71301729218e-24, 5.28280387261e-24, 8.77624559796e-24, 2.19570865939e-23, 1.43003663602e-23, 9.14790873598e-24, 5.40927247521e-24, 8.62409957289e-24, 9.67397798557e-24, 1.24684183458e-23, 1.55286622327e-23, 9.33815595391e-24, 1.36475602953e-23, 1.19289274168e-23, 1.13139156779e-23, 1.06610614925e-23, 1.15085158303e-23, 1.27024063232e-23, 1.20196227551e-23, 8.61774214285e-24, 9.53194357958e-24, 8.94696535304e-24],
        "var": [0.000349663954694, 0.000231519792578, 7.17136254025e-06, 2.22689527618e-06, 2.61571216242e-07, 9.2331021051e-08, 4.63856451915e-07, 1.04834577996e-06, 9.4251305427e-08, 1.77750933972e-07, 6.41146442604e-08, 1.97650766864e-08, 1.98230640791e-08, 4.65200589161e-09, 5.04452124517e-09, 3.66693697629e-09, 2.53768686065e-08, 5.10713427104e-09, 1.12204845415e-09, 1.17470455585e-09, 1.14109399707e-09, 1.17143561518e-09, 5.88806892132e-10, 3.23931548252e-10, 4.52509085758e-10, 7.23138826597e-10, 3.76146280789e-10, 4.56574694718e-10, 8.43285441476e-10, 4.21751161772e-10, 5.93232629686e-10, 2.87809609478e-10, 1.25560492559e-10, 6.37357180922e-11, 3.0536968787e-11, 1.26825225669e-11, 4.62048845365e-12, 1.61546275489e-12, 1.2274217016e-12, 1.83648655636e-13]
    },
    "mfcc": {
        "mean": [-664.839782715, 148.282897949, 23.5661907196, 40.5551872253, 10.1085233688, 28.9590797424, -2.21452522278, 10.1930646896, 1.57498848438, 10.9340162277, 6.97982692719, 1.34727442265, -7.35025501251],
        "cov": [[7308.83691406, -206.38230896, -443.229064941, -97.9950180054, -526.956481934, 140.22354126, -108.249580383, 258.666564941, 54.5826835632, 77.3101577759, 205.236282349, 128.980667114, -104.88469696], [-206.38230896, 693.589538574, 24.8314266205, -102.222137451, -1.6445274353, 55.9585609436, -40.2481994629, 22.926317215, -20.7405033112, 8.13164710999, 32.3081665039, -3.50839781761, -33.8848724365], [-443.229064941, 24.8314266205, 455.405273438, 3.69581222534, 0.305638462305, 32.9332695007, 25.3718013763, -15.3608140945, 43.5104103088, -35.6924476624, 13.6775684357, 3.28161239624, 10.473279953], [-97.9950180054, -102.222137451, 3.69581222534, 359.603546143, 92.9694671631, -56.746799469, -1.86073577404, -42.80909729, -10.9853820801, 14.6927576065, -78.5316162109, -55.478679657, 42.5904884338], [-526.956481934, -1.6445274353, 0.305638462305, 92.9694671631, 410.996276855, -84.7160186768, -14.404706955, -69.2612686157, -47.2505760193, 28.9911327362, -81.9811019897, -60.6362457275, 45.3708381653], [140.22354126, 55.9585609436, 32.9332695007, -56.746799469, -84.7160186768, 195.149124146, 3.2591946125, 4.5562748909, 1.59273314476, 25.2882900238, 70.0407180786, 12.186961174, -61.9527626038], [-108.249580383, -40.2481994629, 25.3718013763, -1.86073577404, -14.404706955, 3.2591946125, 121.626792908, 1.33345937729, 14.5323095322, -30.3463764191, -14.1333971024, 4.04219007492, 5.40055704117], [258.666564941, 22.926317215, -15.3608140945, -42.80909729, -69.2612686157, 4.5562748909, 1.33345937729, 135.60848999, 25.2697696686, -31.4432926178, -11.6813669205, 4.09753656387, 10.8382635117], [54.5826835632, -20.7405033112, 43.5104103088, -10.9853820801, -47.2505760193, 1.59273314476, 14.5323095322, 25.2697696686, 81.86302948, -6.37396621704, 5.48666238785, 1.28094983101, 3.2293806076], [77.3101577759, 8.13164710999, -35.6924476624, 14.6927576065, 28.9911327362, 25.2882900238, -30.3463764191, -31.4432926178, -6.37396621704, 128.862182617, 68.6273269653, 4.8611702919, -34.7953681946], [205.236282349, 32.3081665039, 13.6775684357, -78.5316162109, -81.9811019897, 70.0407180786, -14.1333971024, -11.6813669205, 5.48666238785, 68.6273269653, 172.210632324, 56.4918899536, -45.3229255676], [128.980667114, -3.50839781761, 3.28161239624, -55.478679657, -60.6362457275, 12.186961174, 4.04219007492, 4.09753656387, 1.28094983101, 4.8611702919, 56.4918899536, 86.7710647583, 1.859369874], [-104.88469696, -33.8848724365, 10.473279953, 42.5904884338, 45.3708381653, -61.9527626038, 5.40055704117, 10.8382635117, 3.2293806076, -34.7953681946, -45.3229255676, 1.859369874, 101.574836731]],
