{
"lowlevel": {
    "average_loudness": 0.920876502991,
    "barkbands_crest": {
        "dmean": 2.75142240524,
        "dmean2": 4.3542637825,
        "dvar": 6.67850780487,
        "dvar2": 14.9007873535,
        "max": 24.6171035767,
        "mean": 12.0986642838,
        "median": 11.3961820602,
        "min": 3.66443228722,
        "var": 20.335899353
    },
    "barkbands_flatness_db": {
        "dmean": 0.0229977071285,
        "dmean2": 0.0343461707234,
        "dvar": 0.000577196769882,
        "dvar2": 0.0011131351348,
        "max": 0.378020703793,
        "mean": 0.191144630313,
        "median": 0.186286956072,
        "min": 0.0299130119383,
        "var": 0.00260651763529
    },
    "barkbands_kurtosis": {
        "dmean": 3.48722314835,
        "dmean2": 5.35508441925,
        "dvar": 36.9226417542,
        "dvar2": 77.1449813843,
        "max": 113.033172607,
        "mean": 6.57408666611,
        "median": 3.11030483246,
        "min": -1.80922198296,
        "var": 119.782249451
    },
    "barkbands_skewness": {
        "dmean": 0.527618408203,
        "dmean2": 0.778736233711,
        "dvar": 0.362645983696,
        "dvar2": 0.743902623653,
        "max": 7.67150020599,
        "mean": 1.65649664402,
        "median": 1.47507178783,
        "min": -1.87160658836,
        "var": 1.4752175808
    },
    "barkbands_spread": {
        "dmean": 3.56826114655,
        "dmean2": 5.61288785934,
        "dvar": 42.3107948303,
        "dvar2": 87.3528594971,
        "max": 88.5554122925,
        "mean": 12.0941877365,
        "median": 10.5352954865,
        "min": 0.92997276783,
        "var": 97.1097640991
    },
    "dissonance": {
        "dmean": 0.0293622948229,
        "dmean2": 0.0486223958433,
        "dvar": 0.000846424605697,
        "dvar2": 0.00219333940186,
        "max": 0.499568939209,
        "mean": 0.432488262653,
        "median": 0.440808624029,
        "min": 0.191446319222,
        "var": 0.00215721665882
    },
    "dynamic_complexity": 4.7145781517,
    "erbbands_crest": {
        "dmean": 2.71462488174,
        "dmean2": 4.2555475235,
        "dvar": 7.78327560425,
        "dvar2": 18.0999832153,
        "max": 29.625629425,
        "mean": 11.3043031693,
        "median": 9.96862220764,
        "min": 3.60532069206,
        "var": 25.2147712708
    },
    "erbbands_flatness_db": {
        "dmean": 0.0206282343715,
        "dmean2": 0.0288287959993,
        "dvar": 0.000533211336005,
        "dvar2": 0.000913147407118,
        "max": 0.388283759356,
        "mean": 0.195683896542,
        "median": 0.194772437215,
        "min": 0.0598065331578,
        "var": 0.00241999537684
    },
    "erbbands_kurtosis": {
        "dmean": 1.28741967678,
        "dmean2": 2.01697254181,
        "dvar": 4.57195615768,
        "dvar2": 11.2094640732,
        "max": 35.2733154297,
        "mean": 1.74681580067,
        "median": 1.00188779831,
        "min": -1.76167833805,
        "var": 12.2252311707
    },
    "erbbands_skewness": {
        "dmean": 0.375190138817,
        "dmean2": 0.570557117462,
        "dvar": 0.183817863464,
        "dvar2": 0.395988553762,
        "max": 3.99754953384,
        "mean": 0.748085558414,
        "median": 0.741308569908,
        "min": -5.24635267258,
        "var": 0.717764914036
    },
    "erbbands_spread": {
        "dmean": 6.52817296982,
        "dmean2": 9.76090145111,
        "dvar": 96.3337249756,
        "dvar2": 207.535919189,
        "max": 136.06678772,
        "mean": 26.1813335419,
        "median": 22.7515830994,
        "min": 1.99907588959,
        "var": 225.474624634
    },
    "hfc": {
        "dmean": 3.57067537308,
        "dmean2": 4.81184005737,
        "dvar": 45.8374023438,
        "dvar2": 78.1632461548,
        "max": 94.1137771606,
        "mean": 11.8505687714,
        "median": 5.92047548294,
        "min": 3.76008699732e-07,
        "var": 210.329315186
    },
    "melbands_crest": {
        "dmean": 3.04005122185,
        "dmean2": 4.85027885437,
        "dvar": 8.10821914673,
        "dvar2": 18.5023002625,
        "max": 30.8461723328,
        "mean": 14.9924325943,
        "median": 14.4864969254,
        "min": 5.28035974503,
        "var": 23.655954361
    },
    "melbands_flatness_db": {
        "dmean": 0.0254008192569,
        "dmean2": 0.0380334556103,
        "dvar": 0.000808451091871,
        "dvar2": 0.00154474691954,
        "max": 0.497190892696,
        "mean": 0.269923657179,
        "median": 0.264897078276,
        "min": 0.0718206465244,
        "var": 0.00378787051886
    },
    "melbands_kurtosis": {
        "dmean": 5.97082281113,
        "dmean2": 9.04216194153,
        "dvar": 126.311775208,
        "dvar2": 288.512939453,
        "max": 172.997528076,
        "mean": 12.0021982193,
        "median": 6.66433143616,
        "min": -1.93914055824,
        "var": 299.33682251
    },
    "melbands_skewness": {
        "dmean": 0.637246012688,
        "dmean2": 0.934348285198,
        "dvar": 0.582531273365,
        "dvar2": 1.24269962311,
        "max": 10.0079421997,
        "mean": 2.20864272118,
        "median": 2.03244876862,
        "min": -2.15540361404,
        "var": 2.05865287781
    },
    "melbands_spread": {
        "dmean": 3.72433161736,
        "dmean2": 5.74839925766,
        "dvar": 31.9749717712,
        "dvar2": 74.5386505127,
        "max": 74.7125778198,
        "mean": 12.9819669724,
        "median": 11.7618751526,
        "min": 0.896078646183,
        "var": 75.4913330078
    },
    "pitch_salience": {
        "dmean": 0.0688520595431,
        "dmean2": 0.109492368996,
        "dvar": 0.00394475646317,
        "dvar2": 0.00921104475856,
        "max": 0.820367395878,
        "mean": 0.528583228588,
        "median": 0.535508036613,
        "min": 0.17566908896,
        "var": 0.0116469142959
    },
    "silence_rate_20dB": {
        "dmean": 0,
        "dmean2": 0,
        "dvar": 0,
        "dvar2": 0,
        "max": 1,
        "mean": 1,
        "median": 1,
        "min": 1,
        "var": 0
    },
    "silence_rate_30dB": {
        "dmean": 0.00154798757285,
        "dmean2": 0.00309837330133,
        "dvar": 0.00154558802024,
        "dvar2": 0.00463794311509,
        "max": 1,
        "mean": 0.999226629734,
        "median": 1,
        "min": 0,
        "var": 0.000772796513047
    },
    "silence_rate_60dB": {
        "dmean": 0.0247678011656,
        "dmean2": 0.0495739728212,
        "dvar": 0.0241547673941,
        "dvar2": 0.0564108677208,
        "max": 1,
        "mean": 0.0881670564413,
        "median": 0,
        "min": 0,
        "var": 0.0803942158818
    },
    "spectral_centroid": {
        "dmean": 156.393539429,
        "dmean2": 236.398727417,
        "dvar": 139703.078125,
        "dvar2": 212421.53125,
        "max": 11056.5390625,
        "mean": 751.355163574,
        "median": 691.431335449,
        "min": 183.013397217,
        "var": 230617.09375
    },
    "spectral_complexity": {
        "dmean": 1.88390088081,
        "dmean2": 2.89233160019,
        "dvar": 4.25897073746,
        "dvar2": 9.02715110779,
        "max": 38,
        "mean": 11.7300853729,
        "median": 12,
        "min": 0,
        "var": 29.295331955
    },
    "spectral_decrease": {
        "dmean": 1.54380386252e-09,
        "dmean2": 2.28728413987e-09,
        "dvar": 5.25340711312e-18,
        "dvar2": 1.07705533199e-17,
        "max": -3.19632514858e-17,
        "mean": -5.46896261611e-09,
        "median": -3.81730913546e-09,
        "min": -2.86534120875e-08,
        "var": 2.12294630354e-17
    },
    "spectral_energy": {
        "dmean": 0.00608755229041,
        "dmean2": 0.00897265039384,
        "dvar": 8.29797500046e-05,
        "dvar2": 0.000168246333487,
        "max": 0.115268759429,
        "mean": 0.0217160154134,
        "median": 0.0150588778779,
        "min": 1.54742066383e-10,
        "var": 0.000343462685123
    },
    "spectral_energyband_high": {
        "dmean": 8.59184438013e-05,
        "dmean2": 0.000133164561703,
        "dvar": 1.003295651e-07,
        "dvar2": 1.86941619518e-07,
        "max": 0.00588709814474,
        "mean": 0.000121097436931,
        "median": 2.74272279057e-05,
        "min": 1.84719912977e-11,
        "var": 1.96213179038e-07
    },
    "spectral_energyband_low": {
        "dmean": 0.00205504219048,
        "dmean2": 0.00338145764545,
        "dvar": 1.38066016007e-05,
        "dvar2": 3.37899437e-05,
        "max": 0.0433754958212,
        "mean": 0.00472098588943,
        "median": 0.00381363090128,
        "min": 3.29090747708e-11,
        "var": 2.35497427639e-05
    },
    "spectral_energyband_middle_high": {
        "dmean": 0.00134292326402,
        "dmean2": 0.00177826022264,
        "dvar": 9.43138638831e-06,
        "dvar2": 1.65837809618e-05,
        "max": 0.0741687566042,
        "mean": 0.00358041212894,
        "median": 0.00122614961583,
        "min": 3.42280752352e-11,
        "var": 4.70811537525e-05
    },
    "spectral_energyband_middle_low": {
        "dmean": 0.00460559502244,
        "dmean2": 0.00675080250949,
        "dvar": 6.78318974678e-05,
        "dvar2": 0.000144890524098,
        "max": 0.102986380458,
        "mean": 0.0139319254085,
        "median": 0.00734624639153,
        "min": 6.0974912619e-11,
        "var": 0.000214479427086
    },
    "spectral_entropy": {
        "dmean": 0.205019950867,
        "dmean2": 0.292945593596,
        "dvar": 0.0635617300868,
        "dvar2": 0.109349437058,
        "max": 9.81279850006,
        "mean": 6.93470907211,
        "median": 6.93629217148,
        "min": 5.22994041443,
        "var": 0.233164519072
    },
    "spectral_flux": {
        "dmean": 0.0233830735087,
        "dmean2": 0.0367054231465,
        "dvar": 0.000826158502605,
        "dvar2": 0.00184838392306,
        "max": 0.290306419134,
        "mean": 0.0623768568039,
        "median": 0.0499279946089,
        "min": 1.87318692042e-05,
        "var": 0.00211891415529
    },
    "spectral_kurtosis": {
        "dmean": 3.19702935219,
        "dmean2": 5.19374513626,
        "dvar": 10.4761991501,
        "dvar2": 26.2620811462,
        "max": 33.8483161926,
        "mean": 9.56381130219,
        "median": 8.92319774628,
        "min": -1.16005110741,
        "var": 28.4882144928
    },
    "spectral_rms": {
        "dmean": 0.000617320649326,
        "dmean2": 0.000896030513104,
        "dvar": 5.85822192534e-07,
        "dvar2": 1.08310700853e-06,
        "max": 0.0106045901775,
        "mean": 0.00417293887585,
        "median": 0.00383296073414,
        "min": 3.88545856822e-07,
        "var": 3.77289075004e-06
    },
    "spectral_rolloff": {
        "dmean": 269.514221191,
        "dmean2": 448.477630615,
        "dvar": 465809.375,
        "dvar2": 1113489.5,
        "max": 10077.5390625,
        "mean": 828.820739746,
        "median": 667.529296875,
        "min": 86.1328125,
        "var": 788615.5625
    },
    "spectral_skewness": {
        "dmean": 0.342129051685,
        "dmean2": 0.542276442051,
        "dvar": 0.124004222453,
        "dvar2": 0.269370704889,
        "max": 4.42807292938,
        "mean": 2.36305117607,
        "median": 2.38130140305,
        "min": -0.00619749212638,
        "var": 0.387575417757
    },
    "spectral_spread": {
        "dmean": 562594.5,
        "dmean2": 796141.0625,
        "dvar": 1.57116950118e+12,
        "dvar2": 2.04802988442e+12,
        "max": 39198052,
        "mean": 3618863.5,
        "median": 3239216.75,
        "min": 1657359.875,
        "var": 2.73374956749e+12
    },
    "spectral_strongpeak": {
        "dmean": 0.401569128036,
        "dmean2": 0.627912402153,
        "dvar": 0.436620414257,
        "dvar2": 0.855897545815,
        "max": 10.4804458618,
        "mean": 1.05233192444,
        "median": 0.400805383921,
        "min": 5.442246038e-05,
        "var": 1.93910360336
    },
    "zerocrossingrate": {
        "dmean": 0.0065475795418,
        "dmean2": 0.00808103568852,
        "dvar": 0.000165958801517,
        "dvar2": 0.000184446020285,
        "max": 0.38232421875,
        "mean": 0.0330475382507,
        "median": 0.02978515625,
        "min": 0.00439453125,
        "var": 0.000515194435138
    },
    "barkbands": {
        "dmean": [0.000148476276081, 0.00166178029031, 0.000439018651377, 0.000386414729292, 0.0023292703554, 0.00049268634757, 0.00122161710169, 0.00153504044283, 0.00109084695578, 0.000457741203718, 0.00038030729047, 0.000445799756562, 0.000277946237475, 0.000221823269385, 0.000141467928188, 9.19295853237e-05, 0.000111767622002, 5.44379799976e-05, 8.07190444903e-05, 1.51541898958e-05, 1.54443769134e-05, 2.81474149233e-05, 1.3600377315e-05, 2.00714584935e-05, 1.10336759462e-05, 2.63424476543e-06, 1.7594842916e-07],
        "dmean2": [0.000212500206544, 0.00278668198735, 0.000738982867915, 0.000624995911494, 0.00357777159661, 0.000776129367296, 0.00179303716868, 0.00231042923406, 0.00154665962327, 0.000586654932704, 0.000557788880542, 0.000680542550981, 0.000420584139647, 0.000320413993904, 0.000207942153793, 0.000133091947646, 0.000172632600879, 8.3925529907e-05, 0.000121188764751, 2.39230375882e-05, 2.49117783824e-05, 4.72690699098e-05, 2.1256510081e-05, 2.88344363071e-05, 1.64130888152e-05, 4.04610545957e-06, 3.01197331964e-07],
        "dvar": [1.09914644497e-07, 1.06175202745e-05, 6.41287499548e-07, 9.30871067339e-07, 1.83967513294e-05, 2.50970742854e-06, 1.26103977891e-05, 2.59946027654e-05, 2.05228843697e-05, 1.88283831903e-06, 1.39243070407e-06, 5.87705198996e-06, 1.01396790342e-06, 4.35820538769e-07, 2.47497951023e-07, 8.74716974408e-08, 1.62045381558e-07, 1.94684979249e-08, 1.40241070312e-07, 2.53210918899e-09, 3.39004446737e-09, 1.18110810021e-08, 4.49814185899e-09, 1.48421577251e-08, 2.78117262553e-09, 8.37995922653e-11, 5.19898902575e-13],
        "dvar2": [2.05736370162e-07, 2.67065024673e-05, 1.72672253029e-06, 2.22019821194e-06, 3.92724068661e-05, 6.38391884422e-06, 2.48746928264e-05, 5.96796598984e-05, 4.52442945971e-05, 2.8960621421e-06, 2.8735109936e-06, 1.1453766092e-05, 1.87045770872e-06, 8.31067268336e-07, 5.00523867686e-07, 1.55834484872e-07, 4.05625115718e-07, 4.45026486773e-08, 3.20287284694e-07, 5.72586689174e-09, 8.28340684933e-09, 3.22410897979e-08, 8.5684197515e-09, 2.68381423751e-08, 5.76771119754e-09, 1.91208784917e-10, 1.14324175127e-12],
        "max": [0.00375855341554, 0.0350450053811, 0.0137095563114, 0.0157847199589, 0.0502810589969, 0.0238552652299, 0.0502368248999, 0.0808084011078, 0.095062918961, 0.0304573755711, 0.0171035975218, 0.0621429607272, 0.0246685370803, 0.0112089943141, 0.0109092043713, 0.00884777400643, 0.00816806498915, 0.00199826294556, 0.00999717414379, 0.000995599199086, 0.00129303184804, 0.00141495547723, 0.00173384556547, 0.00327837909572, 0.00132034532726, 0.000177580324817, 1.90191331058e-05],
        "mean": [0.000219831286813, 0.00327703473158, 0.000827393960208, 0.000724664423615, 0.00517920497805, 0.000965546641964, 0.00210243137553, 0.00245933700353, 0.00192980712745, 0.00087200012058, 0.000607414869592, 0.000828626158182, 0.000475976703456, 0.000340264348779, 0.000225949654123, 0.000161679810844, 0.000170988307218, 9.82470883173e-05, 0.000115998016554, 2.12329559872e-05, 1.87542409549e-05, 3.03343222186e-05, 1.90227128769e-05, 2.59739463218e-05, 1.44500181705e-05, 3.70826137441e-06, 1.42001141512e-07],
        "median": [2.75063284789e-05, 0.00239762756974, 0.000541259534657, 0.000347991939634, 0.00152188458014, 0.000363258935977, 0.000459722534288, 0.000522390124388, 0.000449282000773, 0.000154590787133, 0.000134461573907, 8.99671722436e-05, 0.000116502887977, 5.84166846238e-05, 4.44080869784e-05, 2.29666402447e-05, 3.66185740859e-05, 3.02611479128e-05, 1.65335368365e-05, 4.96435950481e-06, 4.37015478383e-06, 5.68223458686e-06, 3.68993232769e-06, 2.77119988823e-06, 2.70513055511e-06, 8.64967034886e-07, 5.04061858919e-09],
        "min": [4.97907184233e-12, 1.47035925102e-11, 8.47148219629e-12, 2.56820411292e-12, 1.12986714169e-12, 2.18225459404e-12, 1.20359147995e-12, 2.7539463765e-11, 1.41163461129e-11, 3.08333545328e-12, 3.85485567078e-12, 1.28445188513e-11, 5.28027578259e-12, 4.12760103874e-13, 9.03923312069e-13, 6.86560508965e-13, 2.20273126995e-13, 9.29877919456e-13, 1.88722366727e-12, 3.47938258066e-13, 1.20230756774e-12, 1.27345421534e-12, 1.89904255515e-12, 1.32542544648e-12, 3.26263105074e-12, 3.10820466587e-12, 6.63871388418e-12],
        "var": [2.23575270297e-07, 1.55944198923e-05, 1.0442194025e-06, 1.76085723069e-06, 6.03275402682e-05, 5.64041101825e-06, 2.57481915469e-05, 4.40055664512e-05, 3.88425578421e-05, 5.83203791393e-06, 2.33039531849e-06, 1.82763724297e-05, 2.70733630714e-06, 9.47705700582e-07, 4.59438780354e-07, 2.40257293171e-07, 1.913526404e-07, 4.21966248609e-08, 1.82646331837e-07, 3.8370542299e-09, 4.02786337617e-09, 9.35113053657e-09, 7.55606333058e-09, 3.05533731648e-08, 4.33355218377e-09, 1.21414045484e-10, 5.65841698583e-13]
    },
    "erbbands": {
        "dmean": [0.0567478723824, 0.359608918428, 0.523760795593, 0.907586157322, 2.65278768539, 11.3925085068, 8.20010662079, 3.46631813049, 10.240073204, 33.3774681091, 24.0124778748, 22.9834442139, 18.2209091187, 11.4522314072, 13.5518102646, 15.4642753601, 12.2914066315, 10.922545433, 7.8098115921, 4.59237480164, 5.02808523178, 5.34250211716, 3.11117053032, 4.46352338791, 2.53492617607, 0.581705510616, 0.583016574383, 0.732560813427, 1.10453629494, 0.606481850147, 0.365379303694, 0.533249020576, 0.236229479313, 0.162164628506, 0.0562497079372, 0.0166056286544, 0.00415604142472, 0.000720556708984, 1.90564605873e-05, 7.14654925105e-06],
        "dmean2": [0.09147554636, 0.605767786503, 0.877336382866, 1.48758077621, 4.40498209, 17.0268115997, 11.9538183212, 5.65042638779, 14.9093093872, 49.8257904053, 35.7225189209, 32.548625946, 23.9347515106, 14.8457775116, 19.5360469818, 22.3556003571, 17.7748889923, 15.0501155853, 11.1585416794, 6.83556890488, 6.947057724, 8.20447254181, 4.74712324142, 6.83877277374, 3.84959125519, 0.90486317873, 0.953258514404, 1.1827031374, 1.88275384903, 0.987687170506, 0.554226517677, 0.767424941063, 0.334939241409, 0.240926921368, 0.0840529501438, 0.0258802324533, 0.00629471661523, 0.00113732507452, 3.00863503071e-05, 1.03679485619e-05],
        "dvar": [0.0143203763291, 0.492951750755, 0.787793517113, 4.12568616867, 45.1534233093, 460.972137451, 292.353912354, 169.090744019, 1311.82336426, 10296.4863281, 6285.05126953, 10881.8300781, 3182.93603516, 1238.60144043, 3073.47436523, 5326.88330078, 1647.25622559, 1018.89581299, 724.635131836, 254.620620728, 185.892410278, 519.140258789, 64.9714508057, 535.572143555, 82.542350769, 3.44764733315, 5.92639923096, 7.02705192566, 20.4078235626, 4.00602293015, 4.29403543472, 11.8396558762, 1.54816138744, 0.795983016491, 0.0367649905384, 0.00391045724973, 0.00018188735703, 6.22380912318e-06, 3.79024411856e-09, 1.11361676824e-10],
        "dvar2": [0.0315106697381, 1.34559082985, 2.17785048485, 10.3440027237, 113.904518127, 944.718017578, 593.41998291, 470.418487549, 2432.16845703, 23830.2265625, 13163.2792969, 23097.6132812, 5413.33447266, 2079.12890625, 6260.06640625, 9842.28515625, 3040.13330078, 1843.23059082, 1290.52954102, 607.726257324, 305.51071167, 1383.67150879, 151.410324097, 1423.39123535, 151.83442688, 7.44418096542, 14.1547384262, 18.2329597473, 56.5816955566, 8.97091388702, 7.95696783066, 22.3228988647, 2.52511882782, 1.67965722084, 0.0689872279763, 0.00925009604543, 0.00041348094237, 1.30502185129e-05, 7.99798005602e-09, 2.2141341538e-10],
        "max": [1.35128927231, 8.41709327698, 11.762430191, 37.2476654053, 136.923797607, 264.205749512, 306.425476074, 213.24281311, 664.920043945, 1330.9909668, 1230.13269043, 2295.12915039, 1109.23278809, 737.306396484, 1477.50036621, 1433.04675293, 847.306884766, 494.615722656, 557.348388672, 371.940887451, 313.565307617, 520.772705078, 140.906616211, 599.075805664, 178.84147644, 42.398475647, 64.1051559448, 33.4249649048, 58.592830658, 34.3733863831, 57.0834465027, 91.5028076172, 30.5046749115, 22.5504322052, 4.01883745193, 1.24459040165, 0.25103956461, 0.0712473168969, 0.00169837393332, 0.000133046021801],
        "mean": [0.0904219001532, 0.72195494175, 1.14822924137, 1.9191660881, 4.67058849335, 23.644985199, 18.5640869141, 6.48569536209, 18.4687366486, 57.8987808228, 42.2128067017, 41.6130332947, 40.3663291931, 23.0410575867, 27.3802242279, 29.1750106812, 23.2586956024, 18.7066040039, 13.6050701141, 8.59371948242, 9.75849151611, 8.97254180908, 5.79013729095, 6.54260921478, 3.93478369713, 0.907282173634, 0.766982316971, 0.829692304134, 1.1276499033, 0.791052699089, 0.51985681057, 0.664067029953, 0.328300118446, 0.201921522617, 0.0787534043193, 0.0233090147376, 0.00569812161848, 0.000753444212023, 2.92096465273e-05, 2.56482126133e-05],
        "median": [0.0447358563542, 0.526488363743, 1.00206983089, 1.23627078533, 2.40875315666, 5.28151035309, 5.3924908638, 3.20967721939, 5.86903715134, 12.1113166809, 11.8379297256, 11.5587997437, 8.01292228699, 5.5786948204, 4.75537061691, 4.30316352844, 5.99230718613, 4.33763360977, 2.76474428177, 2.31519770622, 1.91302216053, 1.99048733711, 1.80903065205, 1.26391720772, 0.603667914867, 0.27374085784, 0.175429493189, 0.186290502548, 0.192531302571, 0.178702890873, 0.0935328379273, 0.0722189694643, 0.0368171557784, 0.0308024138212, 0.0165858492255, 0.00558751355857, 0.00130936445203, 0.000103095466329, 1.3433868844e-05, 1.81315299415e-05],
        "min": [5.6944010618e-10, 2.8361861748e-09, 9.63464330539e-09, 1.01437667155e-08, 3.12599968133e-09, 3.26841664844e-09, 2.28349499309e-08, 9.84576864482e-09, 1.48170640202e-08, 7.88278455843e-08, 9.11490076305e-07, 3.64754640714e-07, 6.86631764779e-08, 9.49802725358e-08, 1.0753437607e-07, 5.0804374041e-07, 3.31892181293e-07, 3.61722491959e-08, 3.79460267652e-08, 3.07805834154e-08, 3.79740257017e-08, 1.5783880869e-08, 4.4112130837e-08, 7.78638096222e-08, 7.05054006289e-08, 2.14347846139e-08, 5.07514847925e-08, 3.55347111736e-08, 3.87029288618e-08, 7.40078505146e-08, 3.87963687842e-08, 2.88652444169e-08, 2.17979341244e-08, 2.70516089529e-08, 2.82290155695e-08, 1.10992743885e-08, 5.8320615004e-09, 3.77717546129e-09, 1.02108377309e-09, 8.29276577963e-11],
        "var": [0.0234088320285, 0.634876668453, 1.12825381756, 8.36318016052, 62.911693573, 1491.77978516, 1315.95788574, 154.998809814, 2629.79589844, 18595.1582031, 13092.5673828, 20507.7519531, 12001.34375, 3511.7331543, 12149.2148438, 16924.1171875, 4870.75732422, 2432.25366211, 1613.23840332, 418.206634521, 564.076538086, 557.837402344, 136.274429321, 560.913818359, 135.72845459, 5.91893720627, 7.63118696213, 6.79347419739, 14.7832984924, 5.91037940979, 7.08939218521, 20.9861869812, 4.01966953278, 1.18796265125, 0.0725774094462, 0.00514588039368, 0.000283647037577, 8.81898813532e-06, 5.34920285844e-09, 4.80063322428e-10]
    },
    "gfcc": {
        "mean": [-65.95728302, 133.167739868, -110.116371155, 17.5176620483, -57.0429115295, 12.7244148254, -39.3419342041, 9.89894294739, -18.1005191803, -1.8883856535, -11.5193815231, -0.287992954254, -11.8140048981],
        "cov": [[7686.29638672, -243.687255859, -534.911254883, -196.170303345, -180.877960205, -88.3858566284, -195.319122314, 245.888504028, 56.2570762634, 16.7236499786, -155.890930176, 68.7843780518, -107.155799866], [-243.687255859, 917.144165039, -68.9690322876, -101.587181091, 222.473800659, -0.157736316323, 163.023971558, -39.078502655, 108.878761292, -92.5753173828, 99.2196121216, -104.299026489, 56.5223503113], [-534.911254883, -68.9690322876, 754.492675781, 316.901489258, 71.6125640869, 159.849624634, 50.0819244385, -1.20248472691, -50.6483612061, 67.7906494141, 0.235695660114, 50.1172180176, 44.1327362061], [-196.170303345, -101.587181091, 316.901489258, 445.682525635, 97.8725891113, 68.0945510864, 11.1169481277, -29.7834835052, -1.168633461, 62.0832328796, -2.7178812027, -7.42774963379, 31.3948192596], [-180.877960205, 222.473800659, 71.6125640869, 97.8725891113, 284.888031006, 60.7626609802, 45.0929107666, 8.37233448029, 61.5382156372, 23.5228939056, 24.6133289337, -18.0627288818, -0.619659662247], [-88.3858566284, -0.157736316323, 159.849624634, 68.0945510864, 60.7626609802, 181.482803345, 94.5547103882, 21.0519447327, 3.17304420471, 46.7033958435, 21.0236721039, 2.94423341751, 3.54603981972], [-195.319122314, 163.023971558, 50.0819244385, 11.1169481277, 45.0929107666, 94.5547103882, 257.723144531, 46.627456665, 19.700170517, -23.4454917908, 30.4893035889, -16.0964984894, 9.08849239349], [245.888504028, -39.078502655, -1.20248472691, -29.7834835052, 8.37233448029, 21.0519447327, 46.627456665, 155.959457397, 38.0154075623, 2.99893903732, -12.1840400696, -9.5841588974, -12.3564214706], [56.2570762634, 108.878761292, -50.6483612061, -1.168633461, 61.5382156372, 3.17304420471, 19.700170517, 38.0154075623, 121.239295959, 36.9933891296, -2.69545507431, -34.888004303, -17.0936374664], [16.7236499786, -92.5753173828, 67.7906494141, 62.0832328796, 23.5228939056, 46.7033958435, -23.4454917908, 2.99893903732, 36.9933891296, 136.501144409, 0.683587968349, 7.68557691574, -20.7823257446], [-155.890930176, 99.2196121216, 0.235695660114, -2.7178812027, 24.6133289337, 21.0236721039, 30.4893035889, -12.1840400696, -2.69545507431, 0.683587968349, 96.3706741333, 12.3238983154, -12.4823589325], [68.7843780518, -104.299026489, 50.1172180176, -7.42774963379, -18.0627288818, 2.94423341751, -16.0964984894, -9.5841588974, -34.888004303, 7.68557691574, 12.3238983154, 110.426177979, 10.8143730164], [-107.155799866, 56.5223503113, 44.1327362061, 31.3948192596, -0.619659662247, 3.54603981972, 9.08849239349, -12.3564214706, -17.0936374664, -20.7823257446, -12.4823589325, 10.8143730164, 103.826118469]],
        "icov": [[0.000171201638295, -0.000204420401133, 0.000214687664993, -0.000185543147381, 0.000212742335862, -0.00022145191906, 0.000238888678723, -0.000405849190429, 0.000133953944896, -6.35445394437e-05, 0.00044265462202, -0.000401056895498, 0.000296772544971], [-0.000204420401133, 0.0038101922255, -0.00105053826701, 0.00203574425541, -0.00261914101429, 0.00163099681959, -0.00185055285692, 0.00250555714592, -0.00304841669276, 0.00191816838924, -0.00390844373032, 0.00345024955459, -0.00301259499975], [0.000214687664993, -0.00105053826701, 0.00287266774103, -0.00209103128873, 0.000741824042052, -0.00210566283204, 0.00069105043076, -0.00130503054243, 0.00176540669054, -0.000752609921619, 0.00164432160091, -0.00203907419927, 0.000615314056631], [-0.000185543147381, 0.00203574425541, -0.00209103128873, 0.00481931213289, -0.00234227161855, 0.00137277878821, -0.00111282279249, 0.00215142802335, -0.00138103344943, -0.000201776390895, -0.00205850414932, 0.00295872939751, -0.00239900266752], [0.000212742335862, -0.00261914101429, 0.000741824042052, -0.00234227161855, 0.00654573272914, -0.00248584686778, 0.00138712057378, -0.0015299274819, -0.000696703791618, -0.000467567064334, 0.00178845063783, -0.00248942920007, 0.00212482362986], [-0.00022145191906, 0.00163099681959, -0.00210566283204, 0.00137277878821, -0.00248584686778, 0.0107917031273, -0.00428088987246, 0.000691712193657, 0.000502726645209, -0.00296185072511, -0.00274289189838, 0.00230003707111, -0.00164229690563], [0.000238888678723, -0.00185055285692, 0.00069105043076, -0.00111282279249, 0.00138712057378, -0.00428088987246, 0.0068665924482, -0.00263606198132, 0.000260189961409, 0.00151326262858, 0.00064788752934, -0.00137547322083, 0.0011033260962], [-0.000405849190429, 0.00250555714592, -0.00130503054243, 0.00215142802335, -0.0015299274819, 0.000691712193657, -0.00263606198132, 0.00985927693546, -0.00456736329943, 0.00168898084667, -0.00145770888776, 0.0022919876501, -0.00133521144744], [0.000133953944896, -0.00304841669276, 0.00176540669054, -0.00138103344943, -0.000696703791618, 0.000502726645209, 0.000260189961409, -0.00456736329943, 0.0158374160528, -0.00617481768131, 0.00349000678398, 0.000444458855782, 0.00262203998864], [-6.35445394437e-05, 0.00191816838924, -0.000752609921619, -0.000201776390895, -0.000467567064334, -0.00296185072511, 0.00151326262858, 0.00168898084667, -0.00617481768131, 0.0122078619897, -0.00173811172135, -0.000123067409731, 0.00066884275293], [0.00044265462202, -0.00390844373032, 0.00164432160091, -0.00205850414932, 0.00178845063783, -0.00274289189838, 0.00064788752934, -0.00145770888776, 0.00349000678398, -0.00173811172135, 0.0163029916584, -0.00561908259988, 0.00515420595184], [-0.000401056895498, 0.00345024955459, -0.00203907419927, 0.00295872939751, -0.00248942920007, 0.00230003707111, -0.00137547322083, 0.0022919876501, 0.000444458855782, -0.000123067409731, -0.00561908259988, 0.014401066117, -0.0041473726742], [0.000296772544971, -0.00301259499975, 0.000615314056631, -0.00239900266752, 0.00212482362986, -0.00164229690563, 0.0011033260962, -0.00133521144744, 0.00262203998864, 0.00066884275293, 0.00515420595184, -0.0041473726742, 0.0134721696377]]
    },
    "melbands": {
        "dmean": [0.000473801163025, 0.000336542201694, 0.000171085208422, 0.000495203305036, 0.000349529029336, 8.15877356217e-05, 0.00018203802756, 0.000371889065718, 0.000194118299987, 0.000146440506796, 8.85805493454e-05, 4.42089112767e-05, 4.56856760138e-05, 5.07342629135e-05, 4.49602885055e-05, 2.13676576095e-05, 2.22483322432e-05, 1.38019731821e-05, 1.09504826469e-05, 6.27358122074e-06, 6.65602601657e-06, 6.48390096103e-06, 3.34212381858e-06, 2.58772365669e-06, 4.08450750911e-06, 2.71175804301e-06, 9.10627136363e-07, 3.16980845128e-07, 3.65898301879e-07, 3.98258492851e-07, 4.21090248892e-07, 7.35131038709e-07, 4.4062659299e-07, 3.10027729711e-07, 2.04345951715e-07, 2.62657124495e-07, 3.61128570603e-07, 1.72562991452e-07, 1.60705681651e-07, 1.2789341497e-07],
        "dmean2": [0.000789424986579, 0.000559333653655, 0.000281243002973, 0.000759939488489, 0.000516713247634, 0.000131568740471, 0.000263360794634, 0.00056368362857, 0.000292071694275, 0.000207865261473, 0.000116239425552, 5.8574587456e-05, 6.52612798149e-05, 7.580548845e-05, 6.1059181462e-05, 3.35214426741e-05, 3.10526920657e-05, 1.97648078029e-05, 1.6375523046e-05, 8.83628854353e-06, 9.19375725061e-06, 9.9853705251e-06, 5.28260807187e-06, 3.89531442124e-06, 6.39315067019e-06, 4.16928378399e-06, 1.35090476761e-06, 5.1435495152e-07, 5.99997008521e-07, 6.47375713925e-07, 6.84670908413e-07, 1.29083298361e-06, 7.12883093001e-07, 5.09132576099e-07, 3.14816901437e-07, 3.8697928062e-07, 5.1787958455e-07, 2.45504935492e-07, 2.41813978619e-07, 1.93872907062e-07],
        "dvar": [9.24463279262e-07, 3.47793019273e-07, 1.43353261706e-07, 9.10142375687e-07, 4.61523086415e-07, 8.68914185048e-08, 3.49538794353e-07, 1.3908247638e-06, 5.37104597242e-07, 3.71465745275e-07, 7.78450086614e-08, 1.8943719482e-08, 2.15902744571e-08, 9.10859867531e-08, 3.56452147798e-08, 3.68353303415e-09, 4.61516469485e-09, 2.53568765984e-09, 1.58351998181e-09, 5.76151848453e-10, 3.14481718444e-10, 6.51604492585e-10, 1.29682348193e-10, 5.49410794637e-11, 5.16608311685e-10, 1.18745110966e-10, 8.82485924614e-12, 1.31847928842e-12, 2.94341092298e-12, 1.84683778687e-12, 2.39236039833e-12, 1.05537670617e-11, 1.94840259378e-12, 1.13418833787e-12, 1.39651040298e-12, 2.41496211049e-12, 6.25523851466e-12, 9.13982539825e-13, 6.79172863782e-13, 4.85440518078e-13],
        "dvar2": [2.1990017558e-06, 9.54278107201e-07, 3.45246576217e-07, 2.14859210246e-06, 8.89550733518e-07, 2.37085998833e-07, 6.43866144401e-07, 3.24218785863e-06, 1.17116053389e-06, 7.80113111887e-07, 1.29897514967e-07, 3.0938917206e-08, 4.40424692272e-08, 1.69645488768e-07, 5.69264173578e-08, 9.16858322597e-09, 8.20312973104e-09, 4.78733763742e-09, 3.65076457953e-09, 1.01569408439e-09, 5.30173738245e-10, 1.67227243164e-09, 3.27612603712e-10, 1.28754312767e-10, 1.39925648845e-09, 2.16449788648e-10, 1.81385219344e-11, 3.09740362699e-12, 7.01377454379e-12, 4.6226815778e-12, 6.25881508079e-12, 2.98196849158e-11, 4.71690438444e-12, 2.63489403907e-12, 2.96147676694e-12, 4.07862979501e-12, 1.22402114486e-11, 1.54928446374e-12, 1.40929650762e-12, 9.97293935802e-13],
        "max": [0.0109243765473, 0.00833566952497, 0.00551559217274, 0.013266287744, 0.00833300128579, 0.00487619033083, 0.010456379503, 0.0162739101797, 0.0129097420722, 0.0137089649215, 0.00564151676372, 0.00283478177153, 0.00331780640408, 0.00876749493182, 0.0058907433413, 0.0010843105847, 0.00115095311776, 0.00116224342491, 0.000912905088626, 0.000799874833319, 0.000313646334689, 0.000551507284399, 0.00022234590142, 0.000115439805086, 0.000585964298807, 0.000254994491115, 7.55151631893e-05, 2.5017405278e-05, 4.81744900753e-05, 2.39188866544e-05, 1.85861845239e-05, 4.52004860563e-05, 2.25215881073e-05, 1.77536694537e-05, 3.55494121322e-05, 3.30872608174e-05, 6.89895969117e-05, 2.7514382964e-05, 2.04876050702e-05, 1.68707356352e-05],
        "mean": [0.000873612065334, 0.000763863965403, 0.000355087337084, 0.000977094750851, 0.00083217426436, 0.000147049577208, 0.000327508052578, 0.000646518485155, 0.000333458854584, 0.000264855509158, 0.000192158055142, 8.4146457084e-05, 8.28303091112e-05, 8.9211294835e-05, 7.67493402236e-05, 3.82822545362e-05, 3.48081630364e-05, 2.08003420994e-05, 1.7121210476e-05, 1.02246203824e-05, 1.20207405416e-05, 1.02523372334e-05, 5.83493738304e-06, 4.37648805018e-06, 5.57673502044e-06, 3.89245178667e-06, 1.3650734445e-06, 4.30794358408e-07, 4.8641209105e-07, 4.70270862252e-07, 4.53590956795e-07, 6.91811123943e-07, 5.33962690952e-07, 3.90200170841e-07, 2.6049195867e-07, 3.66818198927e-07, 4.27118493462e-07, 2.30192014783e-07, 2.01493207896e-07, 1.55641814104e-07],
        "median": [0.000611252733506, 0.000687307736371, 0.000244072871283, 0.000267790048383, 0.000223380950047, 6.54017057968e-05, 8.85686167749e-05, 0.000134521265863, 7.55436703912e-05, 6.73839458614e-05, 3.38403333444e-05, 1.81865689228e-05, 1.59464834724e-05, 9.54464485403e-06, 1.0701462088e-05, 1.14116355689e-05, 5.83067321713e-06, 3.99855252908e-06, 3.49679407918e-06, 1.64864411545e-06, 2.08593519346e-06, 2.12446411751e-06, 1.67443238297e-06, 1.29533020754e-06, 9.9343014881e-07, 4.8882941428e-07, 2.86259876248e-07, 1.07659445803e-07, 9.70823350599e-08, 1.05001092265e-07, 9.40861326626e-08, 9.94070958882e-08, 1.05950064722e-07, 8.81773019046e-08, 4.56002595683e-08, 5.14273175156e-08, 3.44645307848e-08, 1.90497804198e-08, 2.85874435235e-08, 2.26435830086e-08],
        "min": [5.47248271004e-12, 4.9877523986e-12, 1.58131700009e-12, 1.34329681168e-13, 6.57035244354e-13, 2.75351139459e-13, 2.11344071584e-13, 1.22377325287e-12, 7.47253734584e-12, 1.91323758052e-12, 2.20424617144e-13, 3.60178521123e-13, 5.69466240656e-13, 6.14242435127e-13, 1.34428601063e-12, 1.69984198158e-13, 4.49326109631e-14, 4.79897188882e-14, 7.33688554789e-14, 3.67470133098e-14, 4.13646676319e-14, 1.42905554333e-14, 1.96960520403e-14, 5.26057333545e-14, 6.19453422476e-14, 8.93187637025e-14, 1.73291810995e-14, 9.60493349352e-15, 3.31573080082e-14, 2.6277409949e-14, 1.71860494721e-14, 1.81077127983e-14, 3.34278604959e-14, 3.49306121408e-14, 2.23337160262e-14, 1.83443738037e-14, 1.60464005229e-14, 1.44564485301e-14, 1.66628423028e-14, 2.27674307765e-14],
        "var": [1.41134717069e-06, 4.8709893008e-07, 2.63085098595e-07, 2.22280255002e-06, 2.07454445444e-06, 9.56229513349e-08, 7.49674484268e-07, 2.44092939283e-06, 1.0837204627e-06, 7.35054868528e-07, 2.97631686408e-07, 5.43953966314e-08, 6.64760833047e-08, 2.44828186169e-07, 1.29045105268e-07, 7.64134977516e-09, 1.05342889967e-08, 4.74102268555e-09, 2.32308017267e-09, 1.38802880301e-09, 8.67046878739e-10, 7.50435047436e-10, 1.93656632397e-10, 9.52310383329e-11, 5.0174459032e-10, 1.8603057983e-10, 1.3798266349e-11, 2.03407321368e-12, 3.72032049265e-12, 2.11361744079e-12, 2.22483988697e-12, 6.91047739865e-12, 2.35427541177e-12, 1.60958778857e-12, 1.93091354538e-12, 4.66270121471e-12, 1.05109237286e-11, 2.36794676749e-12, 1.10777576348e-12, 7.14641995754e-13]
    },
    "mfcc": {
        "mean": [-712.495239258, 163.904785156, 5.34619617462, 12.7008180618, 5.54187679291, 0.849085211754, -5.56457996368, 8.33287143707, -3.99894309044, -1.65131616592, 8.18862819672, -1.76068139076, -2.90934967995],
        "cov": [[5935.60302734, 190.842910767, -722.624206543, -234.704284668, -122.052536011, -295.908752441, -284.348358154, 109.007110596, -28.5271720886, 107.096534729, 113.544494629, -136.679489136, 22.4792575836], [190.842910767, 1051.8951416, -210.149139404, -55.6955108643, 32.5979652405, 9.68652248383, 46.711894989, 110.679519653, 10.7626104355, 43.9697799683, 55.146030426, 23.0765552521, -29.5645256042], [-722.624206543, -210.149139404, 660.033569336, 177.719299316, 63.9778251648, 146.075195312, 148.192077637, -21.549041748, 50.7699050903, -22.9868965149, -47.4788665771, 53.7075462341, 14.414484024], [-234.704284668, -55.6955108643, 177.719299316, 317.017547607, 120.794151306, 107.858177185, 49.1240196228, -21.6413135529, 36.6366386414, 25.1440963745, -20.6585731506, 14.3383321762, 24.4525966644], [-122.052536011, 32.5979652405, 63.9778251648, 120.794151306, 257.368896484, 58.919883728, -5.16546821594, -14.53673172, 11.8125486374, 29.8068580627, 14.6341276169, 19.0427970886, 28.688993454], [-295.908752441, 9.68652248383, 146.075195312, 107.858177185, 58.919883728, 215.911331177, 85.6030654907, -17.8529682159, 31.7417011261, 11.2988824844, 7.0054693222, 53.1075134277, 25.0080509186], [-284.348358154, 46.711894989, 148.192077637, 49.1240196228, -5.16546821594, 85.6030654907, 205.95854187, 61.7767829895, 36.3194961548, 18.3145866394, -9.60932445526, 48.3562927246, 0.557078659534], [109.007110596, 110.679519653, -21.549041748, -21.6413135529, -14.53673172, -17.8529682159, 61.7767829895, 161.878463745, 17.4362182617, 11.7044277191, 20.4236030579, -0.851638197899, 1.01228654385], [-28.5271720886, 10.7626104355, 50.7699050903, 36.6366386414, 11.8125486374, 31.7417011261, 36.3194961548, 17.4362182617, 131.825271606, 60.8278541565, -3.7044005394, 0.262877225876, 0.96371525526], [107.096534729, 43.9697799683, -22.9868965149, 25.1440963745, 29.8068580627, 11.2988824844, 18.3145866394, 11.7044277191, 60.8278541565, 156.192657471, 46.618686676, 5.19723320007, -15.8243741989], [113.544494629, 55.146030426, -47.4788665771, -20.6585731506, 14.6341276169, 7.0054693222, -9.60932445526, 20.4236030579, -3.7044005394, 46.618686676, 110.192359924, 31.1068077087, 2.43601083755], [-136.679489136, 23.0765552521, 53.7075462341, 14.3383321762, 19.0427970886, 53.1075134277, 48.3562927246, -0.851638197899, 0.262877225876, 5.19723320007, 31.1068077087, 127.065971375, 28.4398365021], [22.4792575836, -29.5645256042, 14.414484024, 24.4525966644, 28.688993454, 25.0080509186, 0.557078659534, 1.01228654385, 0.96371525526, -15.8243741989, 2.43601083755, 28.4398365021, 96.41847229]],
