{
"lowlevel": {
    "average_loudness": 0.862541377544,
    "barkbands_crest": {
        "dmean": 2.8746368885,
        "dmean2": 4.59260034561,
        "dvar": 8.50339221954,
        "dvar2": 18.7129840851,
        "max": 25.2427902222,
        "mean": 10.6781949997,
        "median": 8.79915714264,
        "min": 2.23266673088,
        "var": 39.0715904236
    },
    "barkbands_flatness_db": {
        "dmean": 0.0268358495086,
        "dmean2": 0.0403885282576,
        "dvar": 0.000904267071746,
        "dvar2": 0.00179986760486,
        "max": 0.438057541847,
        "mean": 0.151264429092,
        "median": 0.135395184159,
        "min": 0.0493063554168,
        "var": 0.00362288975157
    },
    "barkbands_kurtosis": {
        "dmean": 6.09988546371,
        "dmean2": 9.57894706726,
        "dvar": 244.012542725,
        "dvar2": 591.57800293,
        "max": 404.385070801,
        "mean": 8.39494228363,
        "median": 0.641496658325,
        "min": -1.9194560051,
        "var": 395.303527832
    },
    "barkbands_skewness": {
        "dmean": 0.798674583435,
        "dmean2": 1.19598412514,
        "dvar": 1.09683716297,
        "dvar2": 2.27897071838,
        "max": 16.3257637024,
        "mean": 1.66189324856,
        "median": 1.04421961308,
        "min": -3.66184949875,
        "var": 4.849650383
    },
    "barkbands_spread": {
        "dmean": 8.85197067261,
        "dmean2": 13.1338186264,
        "dvar": 103.906684875,
        "dvar2": 196.674163818,
        "max": 103.866523743,
        "mean": 30.360458374,
        "median": 29.2120952606,
        "min": 0.644612967968,
        "var": 349.197021484
    },
    "dissonance": {
        "dmean": 0.0123577034101,
        "dmean2": 0.0211609881371,
        "dvar": 0.00015355690266,
        "dvar2": 0.000423229503212,
        "max": 0.499996125698,
        "mean": 0.480462223291,
        "median": 0.484613656998,
        "min": 0.379048138857,
        "var": 0.000242632770096
    },
    "dynamic_complexity": 4.00866413116,
    "erbbands_crest": {
        "dmean": 1.84295630455,
        "dmean2": 2.95660400391,
        "dvar": 3.11520433426,
        "dvar2": 7.30698347092,
        "max": 23.2125511169,
        "mean": 5.86520910263,
        "median": 5.12755346298,
        "min": 2.0034866333,
        "var": 8.03914451599
    },
    "erbbands_flatness_db": {
        "dmean": 0.0156668387353,
        "dmean2": 0.0230473093688,
        "dvar": 0.000207591205253,
        "dvar2": 0.000410731416196,
        "max": 0.304476588964,
        "mean": 0.154670238495,
        "median": 0.149933487177,
        "min": 0.0904925838113,
        "var": 0.0011455914937
    },
    "erbbands_kurtosis": {
        "dmean": 0.721999466419,
        "dmean2": 1.11935269833,
        "dvar": 1.3401787281,
        "dvar2": 2.790132761,
        "max": 14.1663398743,
        "mean": -0.000685834733304,
        "median": -0.548462867737,
        "min": -1.72429513931,
        "var": 3.31414961815
    },
    "erbbands_skewness": {
        "dmean": 0.343427807093,
        "dmean2": 0.518995940685,
        "dvar": 0.126125499606,
        "dvar2": 0.2629160285,
        "max": 3.46167206764,
        "mean": -0.0925153046846,
        "median": -0.0174226853997,
        "min": -3.51779294014,
        "var": 0.587488114834
    },
    "erbbands_spread": {
        "dmean": 11.2606067657,
        "dmean2": 16.9476032257,
        "dvar": 139.237136841,
        "dvar2": 301.257202148,
        "max": 148.512237549,
        "mean": 51.8135223389,
        "median": 49.0366134644,
        "min": 11.6273117065,
        "var": 460.907531738
    },
    "hfc": {
        "dmean": 15.3054428101,
        "dmean2": 22.5812511444,
        "dvar": 545.797180176,
        "dvar2": 1209.01989746,
        "max": 358.700927734,
        "mean": 25.5365791321,
        "median": 12.2893724442,
        "min": 0.000422270066338,
        "var": 1397.57019043
    },
    "melbands_crest": {
        "dmean": 3.92431974411,
        "dmean2": 6.31026792526,
        "dvar": 14.540345192,
        "dvar2": 32.0862579346,
        "max": 33.3988494873,
        "mean": 15.8642854691,
        "median": 14.8738918304,
        "min": 2.41092205048,
        "var": 64.5006256104
    },
    "melbands_flatness_db": {
        "dmean": 0.0349427089095,
        "dmean2": 0.0503761395812,
        "dvar": 0.00168093852699,
        "dvar2": 0.00309395045042,
        "max": 0.531127810478,
        "mean": 0.158526092768,
        "median": 0.140431210399,
        "min": 0.0133063737303,
        "var": 0.00966970063746
    },
    "melbands_kurtosis": {
        "dmean": 16.786775589,
        "dmean2": 26.2079219818,
        "dvar": 1070.77685547,
        "dvar2": 2452.93017578,
        "max": 639.809143066,
        "mean": 29.4051609039,
        "median": 6.53999423981,
        "min": -1.79198920727,
        "var": 2400.30834961
    },
    "melbands_skewness": {
        "dmean": 1.14141333103,
        "dmean2": 1.74954044819,
        "dvar": 2.10661888123,
        "dvar2": 4.38266324997,
        "max": 15.9061555862,
        "mean": 3.50275015831,
        "median": 2.41730213165,
        "min": -1.29447698593,
        "var": 8.65602779388
    },
    "melbands_spread": {
        "dmean": 13.6357107162,
        "dmean2": 20.5644016266,
        "dvar": 378.158233643,
        "dvar2": 774.962219238,
        "max": 236.31048584,
        "mean": 42.2323646545,
        "median": 30.7516937256,
        "min": 0.429383546114,
        "var": 1721.74414062
    },
    "pitch_salience": {
        "dmean": 0.0826796367764,
        "dmean2": 0.130404964089,
        "dvar": 0.00585693586618,
        "dvar2": 0.0131961805746,
        "max": 0.892248988152,
        "mean": 0.558342337608,
        "median": 0.587537884712,
        "min": 0.100386433303,
        "var": 0.0249111521989
    },
    "silence_rate_20dB": {
        "dmean": 0,
        "dmean2": 0,
        "dvar": 0,
        "dvar2": 0,
        "max": 1,
        "mean": 1,
        "median": 1,
        "min": 1,
        "var": 0
    },
    "silence_rate_30dB": {
        "dmean": 0.0271107666194,
        "dmean2": 0.0542425401509,
        "dvar": 0.0263758413494,
        "dvar2": 0.0621502436697,
        "max": 1,
        "mean": 0.97444832325,
        "median": 1,
        "min": 0,
        "var": 0.0248985979706
    },
    "silence_rate_60dB": {
        "dmean": 0.0666150301695,
        "dmean2": 0.133281677961,
        "dvar": 0.0621787495911,
        "dvar2": 0.124039627612,
        "max": 1,
        "mean": 0.182346105576,
        "median": 0,
        "min": 0,
        "var": 0.149100661278
    },
    "spectral_centroid": {
        "dmean": 363.603942871,
        "dmean2": 530.864318848,
        "dvar": 156313.859375,
        "dvar2": 275681.6875,
        "max": 5088.84472656,
        "mean": 2006.11791992,
        "median": 1977.56445312,
        "min": 161.473739624,
        "var": 955441.1875
    },
    "spectral_complexity": {
        "dmean": 6.80867528915,
        "dmean2": 9.59163093567,
        "dvar": 72.0314559937,
        "dvar2": 115.874427795,
        "max": 63,
        "mean": 18.1122722626,
        "median": 15,
        "min": 0,
        "var": 222.014129639
    },
    "spectral_decrease": {
        "dmean": 3.32565974759e-09,
        "dmean2": 5.10893549688e-09,
        "dvar": 2.77240269471e-17,
        "dvar2": 6.59580784083e-17,
        "max": -1.2024360457e-13,
        "mean": -7.53859907832e-09,
        "median": -4.71909533672e-09,
        "min": -7.06349752022e-08,
        "var": 6.81013033755e-17
    },
    "spectral_energy": {
        "dmean": 0.0136841908097,
        "dmean2": 0.0209650248289,
        "dvar": 0.000437462585978,
        "dvar2": 0.0010394656565,
        "max": 0.275611937046,
        "mean": 0.0307685956359,
        "median": 0.0198108013719,
        "min": 5.80455377985e-07,
        "var": 0.00106936402153
    },
    "spectral_energyband_high": {
        "dmean": 0.00139785464853,
        "dmean2": 0.00202842778526,
        "dvar": 5.01990962221e-06,
        "dvar2": 9.86245413515e-06,
        "max": 0.0496099591255,
        "mean": 0.00214748992585,
        "median": 0.000679058721289,
        "min": 1.59634723218e-08,
        "var": 1.84441323654e-05
    },
    "spectral_energyband_low": {
        "dmean": 0.00869780872017,
        "dmean2": 0.0135106276721,
        "dvar": 0.000308996270178,
        "dvar2": 0.000740832358133,
        "max": 0.23150190711,
        "mean": 0.0187135282904,
        "median": 0.00597229227424,
        "min": 2.20675460127e-07,
        "var": 0.000720955315046
    },
    "spectral_energyband_middle_high": {
        "dmean": 0.00320500391535,
        "dmean2": 0.0050860196352,
        "dvar": 3.34606193064e-05,
        "dvar2": 8.22370566311e-05,
        "max": 0.0609355717897,
        "mean": 0.00471533695236,
        "median": 0.00202038488351,
        "min": 1.99829788272e-08,
        "var": 4.90104393975e-05
    },
    "spectral_energyband_middle_low": {
        "dmean": 0.0035704029724,
        "dmean2": 0.00568754738197,
        "dvar": 2.46040417551e-05,
        "dvar2": 5.93301665504e-05,
        "max": 0.061242133379,
        "mean": 0.00613600481302,
        "median": 0.00468740332872,
        "min": 5.72665257437e-08,
        "var": 4.20888027293e-05
    },
    "spectral_entropy": {
        "dmean": 0.156923934817,
        "dmean2": 0.22166877985,
        "dvar": 0.0292763486505,
        "dvar2": 0.0555251911283,
        "max": 8.6387796402,
        "mean": 7.9831199646,
        "median": 8.05595111847,
        "min": 6.08072090149,
        "var": 0.10824225843
    },
    "spectral_flux": {
        "dmean": 0.034199796617,
        "dmean2": 0.0538801215589,
        "dvar": 0.00161089317407,
        "dvar2": 0.00380295049399,
        "max": 0.370917856693,
        "mean": 0.0854360163212,
        "median": 0.0743161588907,
        "min": 0.000569944502786,
        "var": 0.00322518520989
    },
    "spectral_kurtosis": {
        "dmean": 0.89705824852,
        "dmean2": 1.50315761566,
        "dvar": 1.55758845806,
        "dvar2": 3.95072889328,
        "max": 22.458240509,
        "mean": 1.10335361958,
        "median": 0.737857818604,
        "min": -0.899246931076,
        "var": 2.15902376175
    },
    "spectral_rms": {
        "dmean": 0.00115430599544,
        "dmean2": 0.00168756349012,
        "dvar": 1.79790583843e-06,
        "dvar2": 3.80039045922e-06,
        "max": 0.0163978561759,
        "mean": 0.00465893559158,
        "median": 0.00439631799236,
        "min": 2.37970161834e-05,
        "var": 8.31244051369e-06
    },
    "spectral_rolloff": {
        "dmean": 850.496826172,
        "dmean2": 1313.51660156,
        "dvar": 1526134,
        "dvar2": 2880734.75,
        "max": 9560.7421875,
        "mean": 2806.40332031,
        "median": 1873.38867188,
        "min": 64.599609375,
        "var": 7446489
    },
    "spectral_skewness": {
        "dmean": 0.183858454227,
        "dmean2": 0.283614814281,
        "dvar": 0.0428043827415,
        "dvar2": 0.101357996464,
        "max": 3.7193672657,
        "mean": 0.879822134972,
        "median": 0.849082231522,
        "min": -0.2258400172,
        "var": 0.121948026121
    },
    "spectral_spread": {
        "dmean": 574326,
        "dmean2": 829019.5,
        "dvar": 308291305472,
        "dvar2": 597193392128,
        "max": 11182620,
        "mean": 5094868.5,
        "median": 5008803,
        "min": 1873044.75,
        "var": 977497358336
    },
    "spectral_strongpeak": {
        "dmean": 0.350658923388,
        "dmean2": 0.596246004105,
        "dvar": 0.570468962193,
        "dvar2": 1.56419765949,
        "max": 14.7378044128,
        "mean": 0.566120028496,
        "median": 0.357407957315,
        "min": 0.000455222296296,
        "var": 0.619428932667
    },
    "zerocrossingrate": {
        "dmean": 0.0180539246649,
        "dmean2": 0.0199529379606,
        "dvar": 0.000352944945917,
        "dvar2": 0.000366361433407,
        "max": 0.33935546875,
        "mean": 0.0968371555209,
        "median": 0.08056640625,
        "min": 0.00244140625,
        "var": 0.00495731644332
    },
    "barkbands": {
        "dmean": [0.000441004609456, 0.00737592764199, 0.00176553591155, 0.00140455982182, 0.00141331867781, 0.000403469515732, 0.000373854389181, 0.000415797258029, 0.000694050453603, 0.000614463118836, 0.000372501264792, 0.00037378599518, 0.000456039007986, 0.000459670060081, 0.00046659130021, 0.000238446125877, 0.000305098161334, 0.000273985933745, 0.000234982246184, 0.000260727130808, 0.000294917059364, 0.00031693893834, 0.000318131875247, 0.000363330211258, 6.61659432808e-05, 5.34736912527e-08, 1.3282959177e-09],
        "dmean2": [0.000711861648597, 0.0117286546156, 0.00280895945616, 0.0023620177526, 0.00234424718656, 0.000669572968036, 0.000613552343566, 0.000677055155393, 0.00113702449016, 0.00102272233926, 0.000596988480538, 0.000603542954195, 0.000733244640287, 0.000775289081503, 0.000781422189903, 0.000381539284717, 0.000490161590278, 0.00044297875138, 0.000378899247153, 0.000409635540564, 0.000451365165645, 0.000471387902508, 0.000470433908049, 0.000537632207852, 0.000100954377558, 8.40024014792e-08, 2.43718933923e-09],
        "dvar": [9.44412875015e-07, 0.000210634199902, 2.61573732132e-05, 7.5106750046e-06, 6.09029484622e-06, 5.99700797466e-07, 4.70372725658e-07, 6.40281598407e-07, 1.61886077876e-06, 1.82954818229e-06, 5.74144110033e-07, 6.86248256443e-07, 8.98417511053e-07, 9.07561741315e-07, 1.05485821678e-06, 2.02761498258e-07, 3.27265126998e-07, 2.59876486552e-07, 1.78864553391e-07, 2.97338090149e-07, 2.55875363564e-07, 3.40508563568e-07, 3.15896869552e-07, 5.54466623726e-07, 1.48436694047e-08, 1.32162881103e-14, 7.98735112058e-18],
        "dvar2": [2.27058535529e-06, 0.000515642343089, 6.04986380495e-05, 1.9809755031e-05, 1.52242901095e-05, 1.59905039254e-06, 1.14372630833e-06, 1.53749613219e-06, 3.98423571824e-06, 4.79258778796e-06, 1.21148707422e-06, 1.64659616075e-06, 2.1724497401e-06, 2.28683165915e-06, 2.78067977888e-06, 4.92348931402e-07, 8.31541854041e-07, 6.61783303713e-07, 4.52167540743e-07, 6.81888991494e-07, 5.87048930356e-07, 6.69437326906e-07, 6.11209941326e-07, 1.25423321151e-06, 3.49816424716e-08, 3.37894385323e-14, 2.43126067151e-17],
        "max": [0.0192833002657, 0.158770382404, 0.131551414728, 0.0385533645749, 0.0333023108542, 0.0108018871397, 0.0119860954583, 0.0228468552232, 0.0155639760196, 0.0181080289185, 0.0194165743887, 0.0127480095252, 0.0106496307999, 0.0109230456874, 0.0161157045513, 0.00578765338287, 0.00713862851262, 0.00624237861484, 0.00515979295596, 0.0150897465646, 0.00784008298069, 0.013275809586, 0.0149160875008, 0.0218110829592, 0.00145891378634, 1.46738057083e-06, 7.03213842712e-08],
        "mean": [0.000663648359478, 0.0146868489683, 0.00250148004852, 0.00171550305095, 0.00175814621616, 0.00059524551034, 0.000571986311115, 0.000542076129932, 0.000819264852908, 0.000703871715814, 0.000556863495149, 0.0005124983727, 0.000551809498575, 0.00050552241737, 0.000477227382362, 0.000313427677611, 0.000379982375307, 0.000314651348162, 0.00031119689811, 0.000342713290593, 0.000408369087381, 0.000465876597445, 0.000468740152428, 0.000520563335158, 8.10524652479e-05, 5.9150970344e-08, 1.09759745737e-09],
        "median": [0.00012867130863, 0.00340075837448, 0.000264160189545, 0.000336173921824, 0.000785082986113, 0.000256802653894, 0.000209207675653, 0.000165815959917, 0.00027931688237, 0.000216692089452, 0.000143319193739, 0.000112502842967, 0.000178645466804, 0.0001212457355, 0.000126770479255, 0.000100316690805, 0.000108319320134, 9.86815430224e-05, 0.000109261185571, 0.000133525725687, 0.000128090905491, 0.000123578720377, 0.000141035940032, 0.000148996143253, 2.83844929072e-05, 2.00586267596e-08, 2.67870864379e-10],
        "min": [3.29452853887e-11, 1.3426545209e-08, 1.22440813044e-09, 6.11213613055e-09, 1.98483292024e-08, 1.44696699067e-09, 1.39149680667e-09, 1.69427794017e-09, 1.16049392318e-09, 1.07779740688e-09, 1.2348090328e-09, 1.18071552535e-09, 7.02528035745e-10, 8.27602597564e-10, 1.48035839143e-09, 6.97405355687e-10, 1.21843901635e-09, 2.02944105965e-09, 2.77509260016e-09, 4.09761824471e-09, 4.55479254313e-09, 1.8008791125e-09, 4.18239087807e-09, 2.44798581406e-09, 1.51199885945e-10, 9.96755109006e-12, 1.79067524697e-11],
        "var": [2.33633977587e-06, 0.000527115014847, 4.62112802779e-05, 8.98798498383e-06, 7.31923773856e-06, 9.09551147288e-07, 1.04743355678e-06, 1.39846679303e-06, 2.02341720978e-06, 1.83904683126e-06, 1.8034668301e-06, 1.47056016431e-06, 1.14560805287e-06, 1.03911338556e-06, 1.01447540146e-06, 2.92589476203e-07, 4.59641540829e-07, 3.11210101245e-07, 2.68039372031e-07, 3.85528210245e-07, 4.36961329342e-07, 1.12587599688e-06, 1.24646010136e-06, 2.10363305087e-06, 2.06594190644e-08, 1.28491408323e-14, 6.1279074198e-18]
    },
    "erbbands": {
        "dmean": [0.276073932648, 1.45024895668, 2.18109512329, 3.36572599411, 3.34397315979, 5.58985042572, 5.68537521362, 3.23554301262, 5.43733549118, 5.81483840942, 10.9058532715, 16.6317768097, 14.0980558395, 20.2572650909, 14.6922063828, 16.0175304413, 18.4615478516, 20.5884342194, 29.9520511627, 16.0201931, 13.3685703278, 15.7071723938, 16.3104000092, 12.9915761948, 11.345287323, 12.928147316, 11.8447141647, 12.3026781082, 10.7238483429, 10.1816806793, 9.753282547, 8.90836238861, 4.77807664871, 1.43036437035, 0.104423314333, 0.00475045340136, 0.000271472759778, 4.20895812567e-05, 1.63244130817e-05, 1.91371236724e-05],
        "dmean2": [0.432914108038, 2.35995197296, 3.4259223938, 5.59330797195, 5.41699457169, 9.28178501129, 9.71373653412, 5.31925821304, 8.9332075119, 9.35356140137, 17.9090614319, 27.1512889862, 23.476852417, 32.892375946, 23.7590122223, 25.8478126526, 28.9773864746, 34.209941864, 51.9716186523, 25.6042537689, 21.2500667572, 24.7472324371, 26.4910697937, 21.158246994, 18.0862483978, 20.4462585449, 18.3388004303, 18.9186916351, 16.171163559, 14.9024410248, 14.5677261353, 13.0550489426, 7.14739179611, 2.14907813072, 0.161897882819, 0.00735095283017, 0.000408522901125, 6.18252233835e-05, 2.40941590164e-05, 2.89553081529e-05],
        "dvar": [0.299935162067, 9.40975952148, 46.120880127, 43.3660888672, 44.1635513306, 96.7127075195, 106.863502502, 45.9728317261, 98.70703125, 116.616905212, 438.635986328, 959.32434082, 854.327392578, 1991.32861328, 770.304016113, 1227.20666504, 1436.6159668, 1764.93286133, 4259.66064453, 1553.32751465, 613.405334473, 851.502685547, 978.416809082, 564.865966797, 419.133331299, 653.902099609, 610.63684082, 411.91973877, 340.125152588, 561.92578125, 285.322540283, 321.3722229, 96.4139328003, 6.6338133812, 0.046827789396, 9.31387621677e-05, 2.3750560274e-07, 4.98758279122e-09, 5.45199829727e-10, 7.23607063158e-10],
        "dvar2": [0.71771967411, 23.4532680511, 107.898353577, 110.35018158, 106.97354126, 242.328674316, 290.424926758, 115.480628967, 236.571456909, 279.128112793, 1100.25, 2379.81103516, 2272.26611328, 4986.22705078, 1738.50732422, 2879.76391602, 3305.3815918, 4419.734375, 11258.59375, 4111.37988281, 1569.34741211, 2086.92456055, 2561.64868164, 1374.01037598, 1065.0559082, 1467.0369873, 1267.80932617, 951.779846191, 702.356140137, 1284.16210938, 600.542297363, 671.118469238, 225.719100952, 15.2073736191, 0.111650280654, 0.000221748879994, 5.33605316377e-07, 1.06609450157e-08, 1.18474563493e-09, 1.68984604088e-09],
        "max": [6.44786119461, 37.9769020081, 169.086395264, 77.449798584, 121.71257782, 95.0182647705, 154.345977783, 91.0768356323, 182.282653809, 266.089752197, 633.291015625, 375.485656738, 410.471954346, 627.914245605, 611.000732422, 657.874572754, 450.940887451, 469.271759033, 573.425048828, 850.021972656, 271.236907959, 490.556030273, 282.842407227, 429.331207275, 270.744171143, 622.564575195, 602.87298584, 233.394958496, 347.347839355, 684.612854004, 415.351501465, 518.540161133, 270.033874512, 33.0079498291, 2.14692664146, 0.0964394062757, 0.00766358477995, 0.00148554495536, 0.000455729634268, 0.000334218202624],
        "mean": [0.556544005871, 2.76818323135, 3.32037067413, 4.37307357788, 5.01696014404, 6.12256526947, 6.98524904251, 4.73848104477, 8.35040664673, 8.31007289886, 13.7764091492, 19.6478881836, 17.4171066284, 25.7035121918, 21.175775528, 22.5181274414, 24.8584289551, 24.5859508514, 29.590965271, 20.2980327606, 17.7469863892, 20.0596179962, 18.0938282013, 16.2435188293, 16.0217552185, 16.9211807251, 16.8370552063, 15.9451780319, 15.2927646637, 15.4601106644, 13.6862688065, 12.6395788193, 6.88221263885, 1.86038029194, 0.109740264714, 0.00520139932632, 0.00035929135629, 6.05152599746e-05, 3.06844813167e-05, 4.13668931287e-05],
        "median": [0.110703937709, 0.488614022732, 1.20178055763, 1.23788404465, 1.43769848347, 2.3204190731, 3.05843067169, 1.93839991093, 3.24523639679, 3.12295460701, 4.67390012741, 6.53116226196, 6.60207748413, 8.17193698883, 6.3946685791, 5.69525527954, 8.38587856293, 7.44256305695, 7.54102611542, 7.2965259552, 5.79555749893, 6.1341919899, 5.62102556229, 5.94631576538, 5.85505628586, 6.25104856491, 5.31852149963, 4.89985227585, 4.19525527954, 4.30585193634, 3.96122217178, 3.3982527256, 2.27324795723, 0.694521844387, 0.0263185407966, 0.00134784576949, 0.00012239649368, 2.17226479435e-05, 1.97467124963e-05, 2.7053816666e-05],
        "min": [1.68841813775e-06, 1.81286432053e-05, 1.08024696601e-05, 2.70786258625e-05, 8.6405496404e-05, 2.20078436541e-05, 7.79340098234e-06, 1.54405424837e-05, 3.08939306706e-05, 1.96486507775e-05, 5.51666780666e-05, 4.36091904703e-05, 1.99081405299e-05, 4.72677565995e-05, 5.38473468623e-05, 4.40176336269e-05, 3.03619617625e-05, 6.2815270212e-05, 8.92683674465e-05, 5.19221357536e-05, 5.24352581124e-05, 7.82822826295e-05, 0.00010305170872, 0.000158657101565, 0.00018311511667, 0.000185062497621, 0.000194246778847, 0.000164601660799, 6.93715774105e-05, 9.72286434262e-05, 0.000125359889353, 6.89215303282e-05, 2.8039661629e-05, 3.79831340069e-06, 1.9232081172e-07, 4.10641440851e-08, 2.03147827449e-08, 8.75200356631e-09, 2.3229533852e-09, 1.14079090618e-09],
        "var": [0.867177665234, 19.3735103607, 74.9973068237, 54.3449363708, 71.1185455322, 104.484947205, 117.374938965, 70.0977935791, 223.142974854, 242.878219604, 855.630187988, 1225.04748535, 917.823364258, 2651.9543457, 2059.32958984, 2701.23852539, 2152.95458984, 2267.90405273, 3695.92016602, 1586.53710938, 865.439208984, 1243.25634766, 1026.14160156, 812.672851562, 701.912597656, 929.969055176, 1038.39208984, 647.775512695, 951.678588867, 1683.34106445, 1072.62207031, 1187.14562988, 347.336273193, 11.115275383, 0.0520438440144, 0.000111520115752, 4.85238786041e-07, 1.52484371796e-08, 1.78189996092e-09, 1.89721927057e-09]
    },
    "gfcc": {
        "mean": [-28.8190155029, 85.5263977051, -144.068191528, 67.0112075806, -84.0759811401, 34.4199562073, -34.9946784973, 1.8140052557, -7.40166091919, -15.2776823044, 4.40440607071, -17.9141941071, 6.988904953],
        "cov": [[7993.76367188, 945.696655273, -185.429107666, 41.0451278687, 332.107177734, 423.864349365, 257.757904053, 114.906044006, 170.105010986, -25.367685318, 17.1665897369, 10.8880176544, 32.0922966003], [945.696655273, 1783.43566895, 585.445678711, 246.779602051, 693.534545898, 158.598815918, 459.569458008, -61.2342529297, 253.528366089, -120.46509552, 169.639022827, -22.7356815338, 93.6578521729], [-185.429107666, 585.445678711, 1287.94946289, 597.541687012, 412.179656982, 319.453979492, 286.563140869, 121.528465271, 98.0753631592, 2.72546458244, 22.9834823608, -31.3958892822, 35.9399032593], [41.0451278687, 246.779602051, 597.541687012, 460.295654297, 251.452438354, 177.893676758, 200.371398926, 74.8442764282, 76.1121292114, -2.39759588242, -0.32833147049, -25.2023448944, -1.19015014172], [332.107177734, 693.534545898, 412.179656982, 251.452438354, 459.853271484, 167.172271729, 250.074508667, 36.4250793457, 133.058563232, -24.4327869415, 77.2733917236, -18.8091506958, 26.8229808807], [423.864349365, 158.598815918, 319.453979492, 177.893676758, 167.172271729, 209.65675354, 128.480438232, 85.8205490112, 50.6347579956, 23.9949188232, 14.4760723114, 5.99490451813, 9.822722435], [257.757904053, 459.569458008, 286.563140869, 200.371398926, 250.074508667, 128.480438232, 252.180358887, 43.9359054565, 114.392715454, -9.87548065186, 56.4721336365, -2.21345496178, 23.2356243134], [114.906044006, -61.2342529297, 121.528465271, 74.8442764282, 36.4250793457, 85.8205490112, 43.9359054565, 107.695739746, 30.8719387054, 42.9597473145, -3.34624242783, 5.01301717758, -5.07593107224], [170.105010986, 253.528366089, 98.0753631592, 76.1121292114, 133.058563232, 50.6347579956, 114.392715454, 30.8719387054, 112.337501526, 13.4524612427, 44.6767845154, 5.32005929947, 12.6940345764], [-25.367685318, -120.46509552, 2.72546458244, -2.39759588242, -24.4327869415, 23.9949188232, -9.87548065186, 42.9597473145, 13.4524612427, 68.954284668, 19.4209117889, 17.4852333069, 1.47129774094], [17.1665897369, 169.639022827, 22.9834823608, -0.32833147049, 77.2733917236, 14.4760723114, 56.4721336365, -3.34624242783, 44.6767845154, 19.4209117889, 80.3633728027, 27.7610340118, 23.4142589569], [10.8880176544, -22.7356815338, -31.3958892822, -25.2023448944, -18.8091506958, 5.99490451813, -2.21345496178, 5.01301717758, 5.32005929947, 17.4852333069, 27.7610340118, 51.3605079651, 28.8658466339], [32.0922966003, 93.6578521729, 35.9399032593, -1.19015014172, 26.8229808807, 9.822722435, 23.2356243134, -5.07593107224, 12.6940345764, 1.47129774094, 23.4142589569, 28.8658466339, 50.5503349304]],
        "icov": [[0.000198783003725, -0.000329769885866, 0.000349933281541, -0.000231142097618, 0.000289942807285, -0.000866010843311, 0.000338463083608, -0.000150895240949, -3.33388015861e-05, -5.20274406881e-05, 0.000202116221772, 9.74783179117e-05, -6.5140069637e-05], [-0.000329769885866, 0.00373560353182, -0.0016804386396, 0.00264070066623, -0.00326586072333, 0.00203176075593, -0.00310364412144, 0.00243043038063, -0.00241811270826, 0.00339972227812, -0.00161467900034, 0.00121131667402, -0.00188166811131], [0.000349933281541, -0.0016804386396, 0.00350527861156, -0.00390116963536, 0.00123192335013, -0.00335130817257, 0.00214262632653, -0.00148694473319, 0.00154960551299, -0.000915800628718, -0.000421001721406, 0.00210470729508, -0.00219868100248], [-0.000231142097618, 0.00264070066623, -0.00390116963536, 0.00928043201566, -0.00338330445811, 0.00183740945067, -0.00557783572003, 0.00211714045145, -0.00179578189272, 0.000865225621965, 0.00325012486428, -0.00170090736356, 0.00235256156884], [0.000289942807285, -0.00326586072333, 0.00123192335013, -0.00338330445811, 0.0103222532198, -0.00509237404913, 0.00129855598789, -0.00178869592492, -0.00104153982829, 0.00129752396606, -0.00472088111565, 0.0047893980518, -0.000677340023685], [-0.000866010843311, 0.00203176075593, -0.00335130817257, 0.00183740945067, -0.00509237404913, 0.017549822107, -0.00587068451568, -0.00476474780589, 0.002982174512, -0.00225064461119, 0.00287803565152, -0.00609198911116, 0.00218559219502], [0.000338463083608, -0.00310364412144, 0.00214262632653, -0.00557783572003, 0.00129855598789, -0.00587068451568, 0.017829567194, -0.00390426721424, -0.00595878390595, 0.00386327877641, -0.00495043769479, 0.00256239390001, -0.00204128166661], [-0.000150895240949, 0.00243043038063, -0.00148694473319, 0.00211714045145, -0.00178869592492, -0.00476474780589, -0.00390426721424, 0.022924112156, -0.00524325668812, -0.00986433215439, 0.0070834280923, -0.00258138985373, 0.00246816454455], [-3.33388015861e-05, -0.00241811270826, 0.00154960551299, -0.00179578189272, -0.00104153982829, 0.002982174512, -0.00595878390595, -0.00524325668812, 0.0232565272599, -0.00699756620452, -0.00219326931983, -0.00122449279297, 0.00162169360556], [-5.20274406881e-05, 0.00339972227812, -0.000915800628718, 0.000865225621965, 0.00129752396606, -0.00225064461119, 0.00386327877641, -0.00986433215439, -0.00699756620452, 0.0336765162647, -0.0151910977438, 0.00171941332519, -0.00178029842209], [0.000202116221772, -0.00161467900034, -0.000421001721406, 0.00325012486428, -0.00472088111565, 0.00287803565152, -0.00495043769479, 0.0070834280923, -0.00219326931983, -0.0151910977438, 0.0335229337215, -0.0169855765998, 0.00333647336811], [9.74783179117e-05, 0.00121131667402, 0.00210470729508, -0.00170090736356, 0.0047893980518, -0.00609198911116, 0.00256239390001, -0.00258138985373, -0.00122449279297, 0.00171941332519, -0.0169855765998, 0.0458738468587, -0.0247076787055], [-6.5140069637e-05, -0.00188166811131, -0.00219868100248, 0.00235256156884, -0.000677340023685, 0.00218559219502, -0.00204128166661, 0.00246816454455, 0.00162169360556, -0.00178029842209, 0.00333647336811, -0.0247076787055, 0.038257367909]]
    },
    "melbands": {
        "dmean": [0.00221847184002, 0.00130090699531, 0.000559964508284, 0.000276610633591, 0.000230712917983, 7.25135760149e-05, 7.95362939243e-05, 6.76415802445e-05, 0.000100661403849, 0.000100516284874, 7.18687879271e-05, 8.66945119924e-05, 4.6652941819e-05, 4.3003277824e-05, 4.69779806735e-05, 4.36204791185e-05, 3.83808328479e-05, 5.11089529027e-05, 2.93282228085e-05, 1.7494754502e-05, 1.64157099789e-05, 1.67350608535e-05, 1.65891888173e-05, 1.39664816743e-05, 1.04856198959e-05, 8.87828900886e-06, 7.60687817092e-06, 9.63156526268e-06, 7.66043103795e-06, 7.00042801327e-06, 7.55293967813e-06, 6.53435199638e-06, 6.07860374657e-06, 5.39875145478e-06, 5.96294103161e-06, 5.24172310179e-06, 6.00096745984e-06, 3.87317095374e-06, 2.07697871701e-06, 9.78230787041e-07],
        "dmean2": [0.00349975260906, 0.00207238830626, 0.000918611534871, 0.000450237421319, 0.000390584813431, 0.000119770338642, 0.000131149150548, 0.00010876669694, 0.000167201287695, 0.000162228709087, 0.000119729644211, 0.000141125769005, 7.49805330997e-05, 7.1112473961e-05, 7.43411801523e-05, 6.9728368544e-05, 6.42206141492e-05, 8.8920663984e-05, 4.83319236082e-05, 2.72060569841e-05, 2.65104681603e-05, 2.65440176008e-05, 2.70971868304e-05, 2.30905861827e-05, 1.72159507201e-05, 1.43671632031e-05, 1.17655590657e-05, 1.54740046128e-05, 1.19490468933e-05, 1.04994151116e-05, 1.18702719192e-05, 9.99656640488e-06, 9.10143808142e-06, 8.02467548056e-06, 9.13123312785e-06, 7.85442807683e-06, 9.00096256373e-06, 5.89439196119e-06, 3.04138029605e-06, 1.52754944338e-06],
        "dvar": [1.84920190804e-05, 1.20509175758e-05, 1.14532804218e-06, 2.51065301882e-07, 1.73914386892e-07, 2.11283133211e-08, 2.11276223183e-08, 1.61415787403e-08, 3.80678457645e-08, 3.40691386214e-08, 2.39417978776e-08, 3.68872647982e-08, 7.99217847458e-09, 8.29914181821e-09, 1.31553319349e-08, 7.94912846658e-09, 6.34975050318e-09, 1.24568169113e-08, 3.89353793651e-09, 1.69603153743e-09, 9.46921652201e-10, 1.02272679214e-09, 1.08180964187e-09, 8.11367917297e-10, 4.03236111168e-10, 2.93566865261e-10, 1.74997905056e-10, 4.39739689106e-10, 3.36729866213e-10, 1.74699810174e-10, 1.76767656068e-10, 1.29590602138e-10, 1.54221968529e-10, 1.62093574674e-10, 1.28492647078e-10, 8.28122084795e-11, 1.99131142131e-10, 8.2596936235e-11, 1.20652576471e-11, 4.01258149971e-12],
        "dvar2": [4.49081853731e-05, 2.87856801151e-05, 2.90651450996e-06, 6.15613942045e-07, 4.61612046365e-07, 5.43902096695e-08, 5.14616900205e-08, 3.85511533807e-08, 9.93516167114e-08, 8.27087518473e-08, 6.44263806748e-08, 9.3536719703e-08, 1.74155108112e-08, 2.0245041199e-08, 3.03195903939e-08, 1.93187439379e-08, 1.56877906221e-08, 3.31393721353e-08, 9.97646587564e-09, 4.27787227864e-09, 2.45369946583e-09, 2.47043407953e-09, 2.78945266885e-09, 2.02656225134e-09, 9.54428314159e-10, 7.46739448054e-10, 4.07421152371e-10, 1.01240138495e-09, 7.22454540636e-10, 4.17769735472e-10, 4.17554435472e-10, 2.79780643098e-10, 3.38168770764e-10, 3.67434305204e-10, 2.89306828494e-10, 1.79557105295e-10, 4.73364736298e-10, 2.08034034443e-10, 2.57645762364e-11, 9.83134320481e-12],
        "max": [0.0490360669792, 0.0722906589508, 0.0155614344403, 0.00792871229351, 0.00619182921946, 0.00196899962611, 0.00260584801435, 0.00330490269698, 0.00484539987519, 0.0023641360458, 0.00225587771274, 0.00267642992549, 0.00226081348956, 0.00171172618866, 0.00237829959951, 0.00106448191218, 0.00108040112536, 0.000982376979664, 0.00100159959402, 0.000735702575184, 0.000359868747182, 0.000543897855096, 0.000315153389238, 0.000485162599944, 0.000394761009375, 0.000305111985654, 0.000279456784483, 0.000551844306756, 0.000543318747077, 0.000304596003843, 0.00017401362129, 0.000205034128157, 0.000296480051475, 0.000374985509552, 0.000282900611637, 0.000210088386666, 0.000465564517071, 0.000258027808741, 8.11378486105e-05, 2.14750143641e-05],
        "mean": [0.00450924597681, 0.00236299424432, 0.000807260279544, 0.00036768449354, 0.000271908415016, 0.000109114786028, 0.000123027464724, 9.41835387493e-05, 0.000120770062495, 0.000119624215586, 8.67300841492e-05, 0.000105895327579, 7.0220186899e-05, 5.69859184907e-05, 6.31223228993e-05, 5.15234387422e-05, 4.47584716312e-05, 4.87215766043e-05, 3.2368934626e-05, 2.38985921897e-05, 2.04542629945e-05, 2.16201333387e-05, 1.75012428372e-05, 1.56526512001e-05, 1.27415960378e-05, 1.15296870717e-05, 1.08052136056e-05, 1.15709472084e-05, 1.02122276076e-05, 1.00230690805e-05, 9.03778072825e-06, 8.56006136019e-06, 9.13453823159e-06, 8.16889314592e-06, 8.07663491287e-06, 7.17340117262e-06, 8.28969950817e-06, 5.42894395039e-06, 2.96893495033e-06, 1.05469166556e-06],
        "median": [0.0010076869512, 0.000680936675053, 0.000237589207245, 0.000164681041497, 0.000114595000923, 4.72533611173e-05, 4.62660973426e-05, 3.33735515596e-05, 4.07961197197e-05, 3.93568261643e-05, 3.05241555907e-05, 3.08137896354e-05, 2.07548018807e-05, 1.38026052809e-05, 1.47073897097e-05, 1.65297951753e-05, 1.17457248052e-05, 1.09555376184e-05, 1.00700044641e-05, 7.62126455811e-06, 6.2687636273e-06, 6.17012074144e-06, 4.82053337691e-06, 4.75782644571e-06, 4.5780752771e-06, 4.11185510529e-06, 4.21491313318e-06, 3.90779723602e-06, 3.19775745083e-06, 2.9712880405e-06, 2.63848528448e-06, 2.23226220442e-06, 2.29209035751e-06, 2.29689385378e-06, 2.10073790186e-06, 2.37061908592e-06, 1.96280370801e-06, 1.58628267855e-06, 1.20586696539e-06, 2.93443918054e-07],
        "min": [5.41604627813e-09, 2.18663593898e-08, 5.16025622233e-09, 4.93498220067e-09, 2.79025774708e-10, 4.23497847901e-10, 3.97678556752e-10, 1.37505340447e-10, 5.18574183594e-10, 1.99044086768e-10, 9.89139603558e-11, 1.94960006472e-10, 1.77603237672e-10, 1.38524830495e-10, 6.61751486941e-11, 7.88174803201e-11, 8.38119990076e-11, 1.41654410424e-10, 1.00927391444e-10, 5.01863862967e-11, 6.39239702838e-11, 7.30105489954e-11, 1.13212869635e-10, 6.49096054683e-11, 1.31758326471e-10, 1.25622318103e-10, 1.31919239421e-10, 1.14831720521e-10, 1.09048950425e-10, 1.22795176805e-10, 9.37367752862e-11, 4.231266032e-11, 2.50730235185e-11, 6.9099996558e-11, 6.22647489124e-11, 6.44001657557e-11, 3.61657440107e-11, 2.38135709069e-11, 8.14712273339e-12, 1.15372186631e-12],
        "var": [5.18836204719e-05, 1.9183706172e-05, 1.60263573434e-06, 3.2830681107e-07, 1.84540311921e-07, 3.29061577986e-08, 4.73228496389e-08, 3.32502523293e-08, 6.28024778848e-08, 4.5740847554e-08, 2.50469280871e-08, 4.526006947e-08, 2.62437911402e-08, 1.63172231282e-08, 2.40830022591e-08, 9.81940129208e-09, 8.70605365577e-09, 1.05900292979e-08, 4.29244018108e-09, 2.19975615501e-09, 1.30936361753e-09, 1.56128776574e-09, 1.0906980874e-09, 9.39805344657e-10, 5.55643309141e-10, 4.21229967573e-10, 2.94480051455e-10, 5.58959822872e-10, 4.97446417391e-10, 3.09384962094e-10, 2.4502141982e-10, 2.91529272944e-10, 5.04341512997e-10, 4.81104045491e-10, 4.47481107724e-10, 2.11487952151e-10, 6.88853529773e-10, 2.75683392781e-10, 3.05802640155e-11, 4.22226012833e-12]
    },
    "mfcc": {
        "mean": [-641.623413086, 76.0952377319, 11.4675397873, 16.9954147339, 0.383835881948, 11.6071443558, 0.201928302646, 7.65381526947, -1.15591859818, 6.94719552994, -3.71045613289, 1.94324672222, -5.43669939041],
        "cov": [[8059.37353516, 654.653930664, -428.719970703, -188.370819092, 43.8820037842, 230.336395264, 60.9563751221, 246.855422974, 125.259780884, 115.604316711, 76.4304656982, 76.4033432007, -10.4102544785], [654.653930664, 1542.3170166, 183.032333374, 322.592163086, 310.735748291, 329.332611084, 229.847503662, 244.199401855, 114.836936951, 93.5993118286, 56.4145698547, 77.7286224365, 83.1019821167], [-428.719970703, 183.032333374, 880.755737305, 369.311035156, 270.630340576, 249.204544067, 223.920898438, 163.537261963, 150.388397217, 113.643615723, 54.6896858215, 29.8773384094, 13.389667511], [-188.370819092, 322.592163086, 369.311035156, 384.570526123, 201.293746948, 207.850646973, 156.944091797, 146.428512573, 104.711875916, 89.6851348877, 47.7274475098, 40.5408630371, 26.9103507996], [43.8820037842, 310.735748291, 270.630340576, 201.293746948, 258.488464355, 173.049819946, 146.261535645, 116.295249939, 87.1694717407, 68.3941802979, 54.3188552856, 35.884311676, 21.0655822754], [230.336395264, 329.332611084, 249.204544067, 207.850646973, 173.049819946, 224.053787231, 148.050598145, 138.382354736, 89.7855453491, 74.0514373779, 44.9366264343, 40.9811973572, 24.9468288422], [60.9563751221, 229.847503662, 223.920898438, 156.944091797, 146.261535645, 148.050598145, 166.938705444, 110.959724426, 78.3709030151, 61.433795929, 39.211479187, 38.2827796936, 32.9120254517], [246.855422974, 244.199401855, 163.537261963, 146.428512573, 116.295249939, 138.382354736, 110.959724426, 147.500946045, 86.7225570679, 65.2538528442, 41.2193260193, 37.300453186, 25.8375225067], [125.259780884, 114.836936951, 150.388397217, 104.711875916, 87.1694717407, 89.7855453491, 78.3709030151, 86.7225570679, 101.778427124, 59.8634109497, 42.1250953674, 25.6111125946, 15.4960632324], [115.604316711, 93.5993118286, 113.643615723, 89.6851348877, 68.3941802979, 74.0514373779, 61.433795929, 65.2538528442, 59.8634109497, 82.4223861694, 43.8709144592, 28.4771213531, 17.5046291351], [76.4304656982, 56.4145698547, 54.6896858215, 47.7274475098, 54.3188552856, 44.9366264343, 39.211479187, 41.2193260193, 42.1250953674, 43.8709144592, 64.1603622437, 32.1490478516, 20.5068645477], [76.4033432007, 77.7286224365, 29.8773384094, 40.5408630371, 35.884311676, 40.9811973572, 38.2827796936, 37.300453186, 25.6111125946, 28.4771213531, 32.1490478516, 56.9474601746, 36.7611885071], [-10.4102544785, 83.1019821167, 13.389667511, 26.9103507996, 21.0655822754, 24.9468288422, 32.9120254517, 25.8375225067, 15.4960632324, 17.5046291351, 20.5068645477, 36.7611885071, 61.163028717]],
