{
"lowlevel": {
    "average_loudness": 0.966261327267,
    "barkbands_crest": {
        "dmean": 2.6344127655,
        "dmean2": 4.12912893295,
        "dvar": 7.78575181961,
        "dvar2": 21.5376396179,
        "max": 25.257522583,
        "mean": 12.414068222,
        "median": 11.9441518784,
        "min": 2.45084023476,
        "var": 25.8166866302
    },
    "barkbands_flatness_db": {
        "dmean": 0.0323407538235,
        "dmean2": 0.0442758575082,
        "dvar": 0.0012654812308,
        "dvar2": 0.00231469166465,
        "max": 0.469305992126,
        "mean": 0.167248502374,
        "median": 0.147988855839,
        "min": 0.0317338071764,
        "var": 0.00688117556274
    },
    "barkbands_kurtosis": {
        "dmean": 5.0289888382,
        "dmean2": 7.8317990303,
        "dvar": 195.272598267,
        "dvar2": 435.321350098,
        "max": 281.74407959,
        "mean": 6.84306097031,
        "median": 1.87192106247,
        "min": -1.88125884533,
        "var": 354.105194092
    },
    "barkbands_skewness": {
        "dmean": 0.673111081123,
        "dmean2": 0.999299526215,
        "dvar": 0.759374141693,
        "dvar2": 1.6249486208,
        "max": 14.5552778244,
        "mean": 1.94696724415,
        "median": 1.58314025402,
        "min": -0.552665829659,
        "var": 2.45320248604
    },
    "barkbands_spread": {
        "dmean": 7.96207523346,
        "dmean2": 11.3331661224,
        "dvar": 92.8169631958,
        "dvar2": 178.188705444,
        "max": 108.064598083,
        "mean": 25.5893630981,
        "median": 22.7148532867,
        "min": 0.551576316357,
        "var": 291.216491699
    },
    "dissonance": {
        "dmean": 0.0180466063321,
        "dmean2": 0.0296530686319,
        "dvar": 0.000410586129874,
        "dvar2": 0.00101562775671,
        "max": 0.49962285161,
        "mean": 0.461338460445,
        "median": 0.470662623644,
        "min": 0.280676454306,
        "var": 0.00109315651935
    },
    "dynamic_complexity": 4.09944009781,
    "erbbands_crest": {
        "dmean": 2.48408341408,
        "dmean2": 3.94483065605,
        "dvar": 6.12187671661,
        "dvar2": 14.4612979889,
        "max": 24.4316921234,
        "mean": 8.73624324799,
        "median": 7.92586183548,
        "min": 2.5963511467,
        "var": 15.92182827
    },
    "erbbands_flatness_db": {
        "dmean": 0.0219373758882,
        "dmean2": 0.0295387990773,
        "dvar": 0.00057380401995,
        "dvar2": 0.000977480784059,
        "max": 0.355234831572,
        "mean": 0.15185251832,
        "median": 0.146282479167,
        "min": 0.043971400708,
        "var": 0.00264006573707
    },
    "erbbands_kurtosis": {
        "dmean": 0.87127250433,
        "dmean2": 1.33305680752,
        "dvar": 1.75306344032,
        "dvar2": 4.05262374878,
        "max": 14.1256961823,
        "mean": 0.321516245604,
        "median": -0.420247077942,
        "min": -1.76909935474,
        "var": 4.25568342209
    },
    "erbbands_skewness": {
        "dmean": 0.37054425478,
        "dmean2": 0.556463837624,
        "dvar": 0.182637661695,
        "dvar2": 0.375021785498,
        "max": 3.1714515686,
        "mean": -0.0179916825145,
        "median": -0.025826536119,
        "min": -3.40638661385,
        "var": 0.632146775723
    },
    "erbbands_spread": {
        "dmean": 10.8077230453,
        "dmean2": 15.9735689163,
        "dvar": 172.434265137,
        "dvar2": 378.744628906,
        "max": 151.896560669,
        "mean": 45.673500061,
        "median": 43.5215644836,
        "min": 7.60961294174,
        "var": 457.608428955
    },
    "hfc": {
        "dmean": 9.75716876984,
        "dmean2": 13.1501197815,
        "dvar": 268.116668701,
        "dvar2": 494.40524292,
        "max": 168.609664917,
        "mean": 22.1670417786,
        "median": 14.6238889694,
        "min": 2.18166928789e-06,
        "var": 608.478942871
    },
    "melbands_crest": {
        "dmean": 2.69313716888,
        "dmean2": 4.37309169769,
        "dvar": 8.11946773529,
        "dvar2": 21.4061126709,
        "max": 32.9383926392,
        "mean": 16.4309177399,
        "median": 16.2543125153,
        "min": 4.45232200623,
        "var": 28.4484729767
    },
    "melbands_flatness_db": {
        "dmean": 0.0377975106239,
        "dmean2": 0.0512761510909,
        "dvar": 0.00174362631515,
        "dvar2": 0.00324761192314,
        "max": 0.584378480911,
        "mean": 0.232600361109,
        "median": 0.213623061776,
        "min": 0.0531944856048,
        "var": 0.0100117092952
    },
    "melbands_kurtosis": {
        "dmean": 12.3942527771,
        "dmean2": 19.3938007355,
        "dvar": 594.269470215,
        "dvar2": 1321.70837402,
        "max": 376.573974609,
        "mean": 22.7547492981,
        "median": 11.387547493,
        "min": -1.17401444912,
        "var": 1304.54101562
    },
    "melbands_skewness": {
        "dmean": 0.929312586784,
        "dmean2": 1.42427778244,
        "dvar": 1.29386031628,
        "dvar2": 2.92539858818,
        "max": 14.1102952957,
        "mean": 3.52702999115,
        "median": 3.02008271217,
        "min": -0.137750208378,
        "var": 4.36186647415
    },
    "melbands_spread": {
        "dmean": 7.77377080917,
        "dmean2": 11.4986886978,
        "dvar": 103.634529114,
        "dvar2": 209.018295288,
        "max": 127.432174683,
        "mean": 22.0969295502,
        "median": 18.5436878204,
        "min": 0.576502025127,
        "var": 294.744934082
    },
    "pitch_salience": {
        "dmean": 0.0704488456249,
        "dmean2": 0.112926848233,
        "dvar": 0.00517323892564,
        "dvar2": 0.0138667905703,
        "max": 0.783458590508,
        "mean": 0.465799868107,
        "median": 0.465154528618,
        "min": 0.0690706521273,
        "var": 0.0160754639655
    },
    "silence_rate_20dB": {
        "dmean": 0,
        "dmean2": 0,
        "dvar": 0,
        "dvar2": 0,
        "max": 1,
        "mean": 1,
        "median": 1,
        "min": 1,
        "var": 0
    },
    "silence_rate_30dB": {
        "dmean": 0,
        "dmean2": 0,
        "dvar": 0,
        "dvar2": 0,
        "max": 1,
        "mean": 1,
        "median": 1,
        "min": 1,
        "var": 0
    },
    "silence_rate_60dB": {
        "dmean": 0.0139318881556,
        "dmean2": 0.0278853606433,
        "dvar": 0.0137378973886,
        "dvar2": 0.0317552648485,
        "max": 1,
        "mean": 0.102861560881,
        "median": 0,
        "min": 0,
        "var": 0.0922822654247
    },
    "spectral_centroid": {
        "dmean": 333.031768799,
        "dmean2": 466.082458496,
        "dvar": 228690.84375,
        "dvar2": 362193.65625,
        "max": 10569.2568359,
        "mean": 1430.56530762,
        "median": 1346.91906738,
        "min": 146.331512451,
        "var": 612855.1875
    },
    "spectral_complexity": {
        "dmean": 4.30495357513,
        "dmean2": 6.10689401627,
        "dvar": 41.6452064514,
        "dvar2": 69.2559661865,
        "max": 61,
        "mean": 17.0301628113,
        "median": 15,
        "min": 0,
        "var": 144.296981812
    },
    "spectral_decrease": {
        "dmean": 2.13255857417e-09,
        "dmean2": 3.32140781545e-09,
        "dvar": 1.28140459478e-17,
        "dvar2": 3.11621833108e-17,
        "max": -3.29618911545e-15,
        "mean": -7.23531501379e-09,
        "median": -7.11109038321e-09,
        "min": -3.62843870505e-08,
        "var": 2.63371296099e-17
    },
    "spectral_energy": {
        "dmean": 0.008644268848,
        "dmean2": 0.0132621778175,
        "dvar": 0.000198271256522,
        "dvar2": 0.00046588195255,
        "max": 0.141095906496,
        "mean": 0.0293183345348,
        "median": 0.0282131340355,
        "min": 1.26384609445e-08,
        "var": 0.000427539751399
    },
    "spectral_energyband_high": {
        "dmean": 0.000904354907107,
        "dmean2": 0.00125222001225,
        "dvar": 2.92473987429e-06,
        "dvar2": 5.86510213907e-06,
        "max": 0.0168330650777,
        "mean": 0.00132619822398,
        "median": 0.000382502155844,
        "min": 2.51833068288e-11,
        "var": 5.16331192557e-06
    },
    "spectral_energyband_low": {
        "dmean": 0.00597033882514,
        "dmean2": 0.00996199902147,
        "dvar": 0.00017163270968,
        "dvar2": 0.00048371675075,
        "max": 0.126925289631,
        "mean": 0.0155329741538,
        "median": 0.015535172075,
        "min": 1.07203419475e-08,
        "var": 0.000227139287745
    },
    "spectral_energyband_middle_high": {
        "dmean": 0.00186737638433,
        "dmean2": 0.00267158891074,
        "dvar": 8.29278178571e-06,
        "dvar2": 1.70532148331e-05,
        "max": 0.0310384631157,
        "mean": 0.00461051845923,
        "median": 0.00278111640364,
        "min": 9.17276254953e-11,
        "var": 2.43193499045e-05
    },
    "spectral_energyband_middle_low": {
        "dmean": 0.0032502040267,
        "dmean2": 0.00517184473574,
        "dvar": 3.04636414512e-05,
        "dvar2": 6.97068826412e-05,
        "max": 0.0551069006324,
        "mean": 0.0088826296851,
        "median": 0.00711035775021,
        "min": 2.31771690729e-09,
        "var": 6.10928836977e-05
    },
    "spectral_entropy": {
        "dmean": 0.25687494874,
        "dmean2": 0.32941827178,
        "dvar": 0.098754785955,
        "dvar2": 0.16877360642,
        "max": 9.81283950806,
        "mean": 7.42822980881,
        "median": 7.46453332901,
        "min": 5.06664037704,
        "var": 0.438088268042
    },
    "spectral_flux": {
        "dmean": 0.025402655825,
        "dmean2": 0.0362918004394,
        "dvar": 0.00100705400109,
        "dvar2": 0.00180706544779,
        "max": 0.290288150311,
        "mean": 0.0720520615578,
        "median": 0.0591598749161,
        "min": 0.000112420908408,
        "var": 0.00290308939293
    },
    "spectral_kurtosis": {
        "dmean": 2.55501484871,
        "dmean2": 4.01105117798,
        "dvar": 29.1537590027,
        "dvar2": 65.3925018311,
        "max": 112.08731842,
        "mean": 5.30301618576,
        "median": 2.97866773605,
        "min": -1.18817067146,
        "var": 72.4518966675
    },
    "spectral_rms": {
        "dmean": 0.000702184159309,
        "dmean2": 0.0010391860269,
        "dvar": 8.77478044004e-07,
        "dvar2": 1.89723607491e-06,
        "max": 0.0117326276377,
        "mean": 0.00492049427703,
        "median": 0.00524642830715,
        "min": 3.51143921762e-06,
        "var": 4.39194900537e-06
    },
    "spectral_rolloff": {
        "dmean": 663.980041504,
        "dmean2": 1102.73022461,
        "dvar": 1312142.75,
        "dvar2": 2919313.25,
        "max": 9366.94335938,
        "mean": 1418.12780762,
        "median": 925.927734375,
        "min": 64.599609375,
        "var": 2259461
    },
    "spectral_skewness": {
        "dmean": 0.329898178577,
        "dmean2": 0.488053619862,
        "dvar": 0.214231014252,
        "dvar2": 0.438932418823,
        "max": 8.65448379517,
        "mean": 1.5693038702,
        "median": 1.36309409142,
        "min": 0.0200715251267,
        "var": 0.72602057457
    },
    "spectral_spread": {
        "dmean": 794176.125,
        "dmean2": 1087120.25,
        "dvar": 1.77483952947e+12,
        "dvar2": 2.36366751334e+12,
        "max": 40835236,
        "mean": 4926711.5,
        "median": 4755198.5,
        "min": 1013483.5625,
        "var": 4.21870383923e+12
    },
    "spectral_strongpeak": {
        "dmean": 0.291978567839,
        "dmean2": 0.515651583672,
        "dvar": 0.932855546474,
        "dvar2": 2.55135202408,
        "max": 18.5686740875,
        "mean": 0.565608978271,
        "median": 0.384283572435,
        "min": 0,
        "var": 0.81063580513
    },
    "zerocrossingrate": {
        "dmean": 0.0137440590188,
        "dmean2": 0.014648059383,
        "dvar": 0.000214407569729,
        "dvar2": 0.000269573676633,
        "max": 0.23095703125,
        "mean": 0.0560896582901,
        "median": 0.05029296875,
        "min": 0.00341796875,
        "var": 0.00122126925271
    },
    "barkbands": {
        "dmean": [0.000150503998157, 0.0050718667917, 0.00148835545406, 0.000852419703733, 0.00190011062659, 0.000678894168232, 0.000465329037979, 0.000557085557375, 0.000375425996026, 0.000202830735361, 0.000194840293261, 0.000240307606873, 0.00027489423519, 0.000451044295914, 0.000371997477487, 0.000248702708632, 0.000287920527626, 0.000206482742215, 0.000228108590818, 0.000271859054919, 0.000218797285925, 0.000228136384976, 0.000185338940355, 0.000126204569824, 8.99165679584e-05, 3.79571829399e-05, 1.09618645183e-06],
        "dmean2": [0.000239146829699, 0.00861379038543, 0.00255873985589, 0.00143525446765, 0.00318338442594, 0.00112267408986, 0.000732532003894, 0.000854519952554, 0.000556748942472, 0.000301970518194, 0.000293403310934, 0.000363941973774, 0.000436870526755, 0.000707594503183, 0.000553420628421, 0.000378343160264, 0.00042519645649, 0.00031750483322, 0.000329061906086, 0.000387676176615, 0.000328034220729, 0.000341457751347, 0.000270049757091, 0.000175569643034, 0.000124481943203, 5.31225232407e-05, 1.76125683993e-06],
        "dvar": [1.89337328038e-07, 0.000141920303577, 1.17754270832e-05, 3.0683740988e-06, 1.49935203808e-05, 1.49605205024e-06, 1.22288338389e-06, 2.19787875722e-06, 1.6760455992e-06, 2.18457387291e-07, 4.79944901599e-07, 2.7959305271e-07, 3.54716917172e-07, 1.22677590753e-06, 7.36839353976e-07, 5.51493258172e-07, 3.27108978126e-07, 3.09618769734e-07, 1.87642569927e-07, 3.81237100555e-07, 2.36793695763e-07, 2.6410754117e-07, 1.35096911436e-07, 5.26092058806e-08, 4.02329440874e-08, 7.53890105898e-09, 8.57650842706e-12],
        "dvar2": [4.24781660513e-07, 0.000417737377575, 3.27991692757e-05, 7.88816942077e-06, 4.00485332648e-05, 3.50082245859e-06, 2.95801964967e-06, 4.88849036628e-06, 3.88699208997e-06, 4.7752877208e-07, 1.07879350253e-06, 6.02851287113e-07, 8.32209423152e-07, 3.24546226693e-06, 1.62126741543e-06, 1.34808078656e-06, 6.89639932716e-07, 7.85734812325e-07, 4.04671339993e-07, 6.58412147914e-07, 5.12551139309e-07, 6.32624391983e-07, 3.09365077555e-07, 1.02828238369e-07, 8.3156329822e-08, 1.2992710019e-08, 2.17014028275e-11],
        "max": [0.00634987233207, 0.115100987256, 0.0439778417349, 0.0238318927586, 0.0469065383077, 0.0142986383289, 0.0136445183307, 0.0212227888405, 0.0209657512605, 0.00898327492177, 0.014845806174, 0.0137713868171, 0.0109283635393, 0.0118696223944, 0.0105128400028, 0.0157382339239, 0.0086217019707, 0.00957864057273, 0.00553647242486, 0.0144918542355, 0.00593607826158, 0.00724431779236, 0.00472515728325, 0.00293187680654, 0.00289222621359, 0.00101215450559, 4.13940215367e-05],
        "mean": [0.000205482981983, 0.0114427162334, 0.00291475909762, 0.00169267470483, 0.00298124249093, 0.00155309622642, 0.000638152239844, 0.00110600166954, 0.000707371684257, 0.000424181635026, 0.000307622918626, 0.000442082993686, 0.00044510429143, 0.000700489326846, 0.000544876384083, 0.000405364815379, 0.000509201956447, 0.000318575737765, 0.000352181086782, 0.00044677281403, 0.000282195367618, 0.00030547863571, 0.000243316855631, 0.000179469730938, 0.000122310797451, 4.6714743803e-05, 9.15114128475e-07],
        "median": [1.59337341756e-05, 0.00908379070461, 0.00124815781601, 0.000754606386181, 0.00170260062441, 0.00100727297831, 0.000151378961164, 0.000304938410409, 0.00011172099039, 7.28118684492e-05, 8.84751643753e-05, 0.000191019280464, 0.000180351911695, 0.000144747740705, 0.000167832913576, 0.000128937579575, 0.00015111322864, 8.95200792002e-05, 8.01017449703e-05, 7.54077700549e-05, 5.23043781868e-05, 8.76446065377e-05, 4.80804628751e-05, 4.26938422606e-05, 2.23855313379e-05, 4.58303293271e-06, 1.64049467344e-08],
        "min": [5.47216189462e-13, 4.02442301706e-09, 1.2988862208e-09, 5.28237564801e-10, 4.44991432591e-10, 5.6763319739e-11, 2.29444276079e-11, 9.04934946422e-11, 1.09209863375e-11, 3.87380232059e-11, 9.46260973224e-13, 1.86896956245e-11, 5.33802559446e-12, 3.71054098905e-13, 1.10469890614e-12, 2.1567395439e-11, 3.51272353219e-12, 8.61300180482e-13, 1.03089466217e-12, 1.10174684046e-12, 1.62602375141e-12, 3.17334548396e-12, 2.24205940272e-12, 2.52115125651e-12, 3.46064735028e-12, 4.83086747688e-12, 6.01570919814e-12],
        "var": [3.24026473209e-07, 0.000168425336597, 2.01933980861e-05, 6.09793232798e-06, 1.61565531016e-05, 3.19665628012e-06, 1.85938893082e-06, 5.18659226145e-06, 2.98068493976e-06, 1.0278939726e-06, 7.59350484714e-07, 6.90402032433e-07, 6.03906300967e-07, 2.34867979998e-06, 1.27067471567e-06, 7.83594316545e-07, 8.54628808611e-07, 4.03398303206e-07, 3.9513454908e-07, 1.18720413411e-06, 3.38864026617e-07, 3.44231807503e-07, 2.08040276561e-07, 1.0582608212e-07, 6.58970336076e-08, 1.22986349993e-08, 7.26465936018e-12]
    },
    "erbbands": {
        "dmean": [0.125714927912, 1.21241497993, 1.96778321266, 2.03158164024, 4.50138282776, 7.25335836411, 6.42257881165, 5.22474336624, 5.06826019287, 10.3254375458, 11.0759801865, 7.26139879227, 6.94147109985, 7.19192934036, 5.78537130356, 9.64630031586, 11.7886543274, 23.0156364441, 15.802775383, 16.3429374695, 13.1836538315, 16.9142112732, 12.2787437439, 8.32179927826, 14.3981819153, 11.4737100601, 8.30151939392, 8.87521362305, 7.73269462585, 7.59410810471, 4.64563512802, 3.12496972084, 1.92155730724, 1.19465720654, 0.518554329872, 0.205041661859, 0.0697731971741, 0.0078050927259, 0.000164364842931, 1.66659938259e-05],
        "dmean2": [0.211928084493, 2.07749462128, 3.39842987061, 3.44466304779, 7.55013465881, 12.4631814957, 10.207570076, 8.60819911957, 7.74630689621, 16.2722396851, 16.6210174561, 10.8151683807, 10.0670614243, 10.5334205627, 9.08510303497, 14.8627605438, 18.7482719421, 35.9018974304, 23.3715553284, 24.8926467896, 19.7015991211, 24.8754310608, 18.6769542694, 11.7555751801, 20.3010635376, 16.1729621887, 12.494140625, 13.1583805084, 11.580537796, 11.2048425674, 6.53887319565, 4.46652698517, 2.66286110878, 1.64680147171, 0.708842098713, 0.28263348341, 0.0995272099972, 0.0116015076637, 0.000238957451074, 2.33087703236e-05],
        "dvar": [0.124747984111, 7.5845746994, 17.6540222168, 20.2108440399, 103.524475098, 254.197967529, 131.522506714, 114.913482666, 129.643386841, 607.456359863, 911.208618164, 759.367614746, 338.092651367, 480.599761963, 268.792724609, 416.307800293, 632.145446777, 3646.13378906, 1393.78100586, 1603.59228516, 974.238464355, 1184.68444824, 1048.51367188, 261.07421875, 922.547668457, 606.71282959, 320.719177246, 389.837554932, 310.192871094, 266.569030762, 83.2306289673, 33.5243263245, 15.192234993, 7.32676076889, 1.24432528019, 0.170478761196, 0.0349965654314, 0.000399677781388, 1.55112360289e-07, 7.83071330002e-10],
        "dvar2": [0.340687662363, 22.8881549835, 49.9680328369, 56.0865287781, 270.888977051, 698.946289062, 314.0597229, 278.373504639, 266.257324219, 1417.8079834, 1888.26855469, 1793.29296875, 775.912597656, 939.5078125, 662.625427246, 1008.02099609, 1504.8939209, 9545.49609375, 2853.98657227, 3184.59155273, 2356.34838867, 2398.49707031, 2581.23852539, 498.401489258, 1908.41247559, 1104.54797363, 690.179870605, 814.84197998, 727.330749512, 649.110534668, 184.829956055, 70.7295303345, 29.3105964661, 15.1136817932, 2.50786781311, 0.277492016554, 0.0688645318151, 0.000840058550239, 3.12148983994e-07, 1.48623169327e-09],
        "max": [3.40993332863, 26.3785209656, 57.5552215576, 61.8903617859, 119.893722534, 152.583679199, 159.565856934, 183.411056519, 174.156417847, 310.6746521, 529.597229004, 543.074523926, 411.792602539, 467.797424316, 250.340179443, 411.018707275, 426.62020874, 714.313842773, 798.258422852, 713.183105469, 594.33203125, 513.398010254, 546.998840332, 156.868255615, 688.736328125, 415.139648438, 163.427017212, 237.808578491, 246.759033203, 233.727645874, 134.863510132, 70.4797821045, 55.9489936829, 33.5061912537, 20.1949043274, 5.18644809723, 2.19815063477, 0.239556446671, 0.00461615948007, 0.000278227234958],
        "mean": [0.268758505583, 2.748483181, 4.29768228531, 4.57806253433, 6.84670305252, 10.406952858, 13.750992775, 11.6681127548, 8.48244857788, 17.1554088593, 22.730298996, 13.0916900635, 15.7853507996, 14.4195232391, 9.53909301758, 17.7405071259, 22.1600437164, 37.8905067444, 25.0089683533, 26.9649848938, 24.8830966949, 29.9431228638, 20.2525730133, 13.5248966217, 24.9289798737, 18.7538299561, 11.0982685089, 11.3422193527, 9.98192214966, 10.5990095139, 6.10802984238, 4.27189970016, 2.69501113892, 1.612185359, 0.713303089142, 0.266464114189, 0.0791271328926, 0.00828807707876, 0.000194716820261, 4.43459175585e-05],
        "median": [0.145132228732, 2.16096496582, 2.36223530769, 2.37977361679, 3.43574714661, 5.7572684288, 10.1663284302, 6.08603954315, 3.0422809124, 4.4199719429, 5.68882846832, 2.77160549164, 2.36777758598, 2.68325686455, 3.89331793785, 8.49299812317, 11.2585086823, 8.16533660889, 9.31303310394, 9.67401218414, 9.62015533447, 9.26965045929, 5.68070363998, 4.61350059509, 5.52347993851, 3.34617972374, 2.38527321815, 2.14146995544, 2.66491341591, 2.54261302948, 1.18122971058, 0.949615299702, 0.600726425648, 0.2944624722, 0.120331287384, 0.0328963063657, 0.00636280467734, 0.000540554639883, 3.31426490447e-05, 3.68520595657e-05],
        "min": [4.04729902925e-08, 1.22675226066e-06, 2.7503876936e-06, 1.14077727176e-06, 6.8215013016e-07, 1.44495493259e-06, 1.63047695878e-06, 4.96860934618e-07, 4.57287057998e-07, 8.03016916961e-07, 1.66458482909e-06, 3.74907301648e-07, 9.55228756538e-07, 5.89631213188e-07, 1.00228838562e-07, 7.43663633784e-07, 3.78047957383e-07, 2.74830611602e-08, 4.71515697598e-08, 4.90616173465e-07, 9.62512331171e-07, 2.93263241247e-07, 5.78026728704e-08, 5.45546043895e-08, 5.72269414079e-08, 4.28894431082e-08, 5.78364662829e-08, 7.52702362661e-08, 1.17470960959e-07, 7.95775889628e-08, 6.57583711927e-08, 5.10969471179e-08, 4.67510083979e-08, 3.2065315736e-08, 2.85664523147e-08, 1.40706966079e-08, 1.07735385058e-08, 4.42105063669e-09, 8.43286385166e-10, 9.97186985763e-11],
        "var": [0.143437117338, 9.18794345856, 29.7901763916, 33.0512542725, 105.191513062, 244.038131714, 241.137832642, 241.139938354, 278.235107422, 1153.38891602, 2183.9987793, 1068.98303223, 1893.78808594, 1273.17077637, 361.477783203, 824.651000977, 1112.21166992, 7403.94970703, 2619.76928711, 3230.23461914, 1709.18737793, 3233.60717773, 1483.81347656, 515.930053711, 2646.11303711, 1448.41650391, 475.937164307, 565.272033691, 397.254333496, 364.934967041, 140.059066772, 64.2319412231, 29.475315094, 11.9722290039, 2.13731741905, 0.317804455757, 0.0472026616335, 0.000491773651447, 2.05644127504e-07, 1.57747881424e-09]
    },
    "gfcc": {
        "mean": [-29.5469055176, 95.6532363892, -106.341018677, 50.4656181335, -51.0710029602, 19.8831672668, -41.774597168, 6.41011857986, -18.5111064911, 4.40965652466, -11.0667495728, 0.298400044441, -8.62172317505],
        "cov": [[18114.5234375, -2406.78564453, -1085.19348145, 593.072387695, -665.562561035, 607.495666504, -565.453369141, 195.148223877, -424.80355835, 284.22958374, -339.315704346, -4.82744789124, -535.047302246], [-2406.78564453, 2265.90307617, -118.243553162, -312.638916016, 402.863555908, -329.038757324, 327.695373535, -270.720947266, 353.380432129, -290.91027832, 358.279693604, -175.999572754, 266.758209229], [-1085.19348145, -118.243553162, 949.122009277, 199.247207642, 99.6835098267, 108.030776978, 44.2921676636, 130.682754517, 57.3145637512, 21.4609699249, -25.5375385284, 116.629570007, 55.7126617432], [593.072387695, -312.638916016, 199.247207642, 584.236816406, 119.570678711, 77.6238479614, -20.9774532318, 37.4904403687, 35.6709289551, 19.9409370422, 10.3648405075, -16.9348545074, 14.294377327], [-665.562561035, 402.863555908, 99.6835098267, 119.570678711, 350.440460205, -31.8531284332, 79.4386749268, -10.3485784531, 101.059631348, -29.3976249695, 71.6259002686, 1.33113598824, 64.6577224731], [607.495666504, -329.038757324, 108.030776978, 77.6238479614, -31.8531284332, 362.96383667, 26.0993251801, 33.8981170654, -50.9296455383, 50.5686378479, -24.7163562775, -34.4395332336, -79.2937850952], [-565.453369141, 327.695373535, 44.2921676636, -20.9774532318, 79.4386749268, 26.0993251801, 257.761932373, 15.0199546814, 70.4722213745, -5.86891412735, 49.1388168335, -30.11577034, 33.0542907715], [195.148223877, -270.720947266, 130.682754517, 37.4904403687, -10.3485784531, 33.8981170654, 15.0199546814, 231.274520874, 38.5197486877, 62.6096763611, -47.0221710205, 61.4069099426, -3.76076364517], [-424.80355835, 353.380432129, 57.3145637512, 35.6709289551, 101.059631348, -50.9296455383, 70.4722213745, 38.5197486877, 201.563583374, -5.35741615295, 64.3299026489, -9.4756860733, 75.9810256958], [284.22958374, -290.91027832, 21.4609699249, 19.9409370422, -29.3976249695, 50.5686378479, -5.86891412735, 62.6096763611, -5.35741615295, 147.775878906, -27.9179592133, 27.7384605408, -35.9402351379], [-339.315704346, 358.279693604, -25.5375385284, 10.3648405075, 71.6259002686, -24.7163562775, 49.1388168335, -47.0221710205, 64.3299026489, -27.9179592133, 152.192382812, -21.2242126465, 54.449256897], [-4.82744789124, -175.999572754, 116.629570007, -16.9348545074, 1.33113598824, -34.4395332336, -30.11577034, 61.4069099426, -9.4756860733, 27.7384605408, -21.2242126465, 161.450561523, 37.0243530273], [-535.047302246, 266.758209229, 55.7126617432, 14.294377327, 64.6577224731, -79.2937850952, 33.0542907715, -3.76076364517, 75.9810256958, -35.9402351379, 54.449256897, 37.0243530273, 149.83631897]],
        "icov": [[8.79811341292e-05, -0.000117791183584, 0.000162632437423, -0.000220937348786, 0.000173567823367, -0.000177872963832, 0.000162110110978, -0.000133391557029, 8.04353912827e-05, -0.000110807559395, 0.00014964278671, -0.000229882251006, 0.000211402613786], [-0.000117791183584, 0.0045326766558, -0.000745694327634, 0.00316404923797, -0.00276607298292, 0.0020318729803, -0.00246459641494, 0.00263098231517, -0.00383594864979, 0.0042135049589, -0.00440088193864, 0.00373604916967, -0.00200431770645], [0.000162632437423, -0.000745694327634, 0.00180853332859, -0.00114197772928, 0.000429211300798, -0.00108798511792, 0.000358187680831, -0.000900477753021, 0.000324077525875, -0.000385703664506, 0.00115969893523, -0.00188468024135, 0.000269638665486], [-0.000220937348786, 0.00316404923797, -0.00114197772928, 0.0045757223852, -0.00287624751218, 0.0012369111646, -0.00120980991051, 0.00165667035617, -0.0026223284658, 0.00258947070688, -0.003175141057, 0.00362654821947, -0.00202110502869], [0.000173567823367, -0.00276607298292, 0.000429211300798, -0.00287624751218, 0.00580226443708, -0.00116538302973, 0.000773501058575, -0.00119541748427, 0.001045684563, -0.00208202353679, 0.00190988765098, -0.00295768002979, 0.00134508707561], [-0.000177872963832, 0.0020318729803, -0.00108798511792, 0.0012369111646, -0.00116538302973, 0.00483249034733, -0.00188665441237, 0.000894428114407, -0.000740135146771, 0.00105426635128, -0.00244880071841, 0.00284753320739, 0.000347323977621], [0.000162110110978, -0.00246459641494, 0.000358187680831, -0.00120980991051, 0.000773501058575, -0.00188665441237, 0.00640179216862, -0.00209356634878, 0.00122961355373, -0.00244929920882, 0.00161842594389, -0.000912784016691, 0.000578299921472], [-0.000133391557029, 0.00263098231517, -0.000900477753021, 0.00165667035617, -0.00119541748427, 0.000894428114407, -0.00209356634878, 0.00805939547718, -0.00443782843649, 0.000840731081553, -0.000588434340898, 0.000109423643153, -0.000691409397405], [8.04353912827e-05, -0.00383594864979, 0.000324077525875, -0.0026223284658, 0.001045684563, -0.000740135146771, 0.00122961355373, -0.00443782843649, 0.01176497899, -0.00442547211424, 0.00163092219736, -0.00095998251345, -0.00136231281795], [-0.000110807559395, 0.0042135049589, -0.000385703664506, 0.00258947070688, -0.00208202353679, 0.00105426635128, -0.00244929920882, 0.000840731081553, -0.00442547211424, 0.0126335863024, -0.00391068356112, 0.00158771115821, 0.000320299819577], [0.00014964278671, -0.00440088193864, 0.00115969893523, -0.003175141057, 0.00190988765098, -0.00244880071841, 0.00161842594389, -0.000588434340898, 0.00163092219736, -0.00391068356112, 0.0138899469748, -0.00332732312381, -0.000241155255935], [-0.000229882251006, 0.00373604916967, -0.00188468024135, 0.00362654821947, -0.00295768002979, 0.00284753320739, -0.000912784016691, 0.000109423643153, -0.00095998251345, 0.00158771115821, -0.00332732312381, 0.0128542250022, -0.00522965891287], [0.000211402613786, -0.00200431770645, 0.000269638665486, -0.00202110502869, 0.00134508707561, 0.000347323977621, 0.000578299921472, -0.000691409397405, -0.00136231281795, 0.000320299819577, -0.000241155255935, -0.00522965891287, 0.0126957111061]]
    },
    "melbands": {
        "dmean": [0.00128610024694, 0.00120634306222, 0.000397215277189, 0.000433128734585, 0.000234868784901, 0.000118831929285, 8.03889997769e-05, 0.00011862617248, 9.19271478779e-05, 4.41777665401e-05, 3.45450280292e-05, 2.89937179332e-05, 2.11779843085e-05, 2.17882006837e-05, 3.40071419487e-05, 2.80395943264e-05, 4.73616855743e-05, 2.51381807175e-05, 3.05837711494e-05, 1.85677872651e-05, 1.53167347889e-05, 1.87607092812e-05, 1.46154206959e-05, 8.72473538038e-06, 6.61994909024e-06, 1.01264749901e-05, 1.19365895443e-05, 6.98382518749e-06, 4.70983923151e-06, 6.37903076495e-06, 5.03848332301e-06, 4.71820158054e-06, 4.27431223216e-06, 4.38015331383e-06, 2.75196498478e-06, 2.38035568145e-06, 1.77957565484e-06, 1.3872610225e-06, 1.2602803281e-06, 9.41834116475e-07],
        "dmean2": [0.00218047667295, 0.00207313057035, 0.000661419238895, 0.000731842534151, 0.000378248281777, 0.000195496075321, 0.000124173631775, 0.000183874668437, 0.000136610949994, 6.63752289256e-05, 4.99826019222e-05, 4.3036248826e-05, 3.29440590576e-05, 3.2609765185e-05, 5.4445299611e-05, 4.25135913247e-05, 7.44566859794e-05, 3.73902294086e-05, 4.68538128189e-05, 2.85349178739e-05, 2.33753289649e-05, 2.72467150353e-05, 2.29405941354e-05, 1.30839353005e-05, 9.55219729804e-06, 1.48043745867e-05, 1.71685114765e-05, 1.0035860214e-05, 6.99475276633e-06, 9.91700744635e-06, 7.44970111555e-06, 7.30614692657e-06, 6.12520807408e-06, 6.68906477586e-06, 3.88859416489e-06, 3.52816368832e-06, 2.53197890743e-06, 1.92807010535e-06, 1.8147229639e-06, 1.28970566493e-06],
        "dvar": [1.05623075797e-05, 6.29122314422e-06, 6.83298765125e-07, 8.98857990705e-07, 1.64239096989e-07, 5.12367641647e-08, 3.2341148426e-08, 7.97428825194e-08, 6.50007550007e-08, 2.70163766913e-08, 8.24483059603e-09, 7.13482739556e-09, 5.23129850549e-09, 4.0012952951e-09, 4.91144369619e-09, 3.56478313535e-09, 1.73684107097e-08, 4.1149994523e-09, 5.45516121164e-09, 3.7031790967e-09, 1.09958986361e-09, 1.44229883592e-09, 1.82157500195e-09, 3.45191680795e-10, 1.74318573465e-10, 4.0553432834e-10, 8.94519902594e-10, 2.62401239626e-10, 1.01578301326e-10, 2.47296350064e-10, 1.21265178454e-10, 1.32681129972e-10, 8.58208365484e-11, 8.71752531273e-11, 2.89358086103e-11, 2.78582556329e-11, 9.80763213698e-12, 7.19777319344e-12, 9.706772712e-12, 4.27028854985e-12],
        "dvar2": [3.01810578094e-05, 1.8493989046e-05, 1.82555891115e-06, 2.36858613789e-06, 4.15234097773e-07, 1.22394993696e-07, 7.01619953247e-08, 1.80752039114e-07, 1.375049834e-07, 6.19631279619e-08, 1.8849256378e-08, 1.38947573447e-08, 1.27627126645e-08, 6.97087232382e-09, 1.30329054215e-08, 6.82144118969e-09, 4.5992969433e-08, 7.9217992166e-09, 1.25064287815e-08, 8.48373460371e-09, 2.6429032296e-09, 2.73510902815e-09, 4.83974726961e-09, 7.77418851516e-10, 3.44327399926e-10, 8.70080618665e-10, 1.51714318886e-09, 4.93609153551e-10, 2.14034540091e-10, 5.99635840981e-10, 2.52423942859e-10, 3.2743840972e-10, 2.00106362036e-10, 2.16538773024e-10, 6.54367462993e-11, 6.21818707636e-11, 2.07316438322e-11, 1.34924623557e-11, 2.13690697082e-11, 8.60610627901e-12],
        "max": [0.0324933826923, 0.0296032670885, 0.0116897504777, 0.0114809675142, 0.00431237090379, 0.00353058823384, 0.00242852652445, 0.00399736966938, 0.00417134910822, 0.00303060933948, 0.00198515830562, 0.00175225641578, 0.00145777128637, 0.00208777165972, 0.000863193185069, 0.00150412472431, 0.00146928802133, 0.00156229268759, 0.00100451509934, 0.00131221569609, 0.000451394414995, 0.000675492396113, 0.000730999279767, 0.000204816329642, 0.000127515624627, 0.000342527899193, 0.000864389410708, 0.000313557509799, 0.00010405555804, 0.000219863431994, 0.00011686453945, 0.00017162997392, 0.000119798220112, 0.000127558509121, 7.17581642675e-05, 8.87829592102e-05, 3.14781573252e-05, 4.07129045925e-05, 3.70829984604e-05, 2.46833187703e-05],
        "mean": [0.00291329761967, 0.00282605108805, 0.000838254811242, 0.000643434061203, 0.000486227538204, 0.000268161122221, 0.000125231497805, 0.000210369966226, 0.000184193442692, 8.05855743238e-05, 7.65180229791e-05, 5.61420965823e-05, 3.27578418364e-05, 3.78124896088e-05, 6.03757762292e-05, 4.48271821369e-05, 7.46782898204e-05, 3.57326462108e-05, 4.47950988018e-05, 2.99481216643e-05, 2.70335331152e-05, 3.2614072552e-05, 2.25932762987e-05, 1.32201703309e-05, 9.94525998976e-06, 1.57458853209e-05, 2.15129475691e-05, 1.00778124761e-05, 6.20797572992e-06, 7.34293416826e-06, 6.28178577244e-06, 5.52496476303e-06, 6.08360051046e-06, 5.74899650019e-06, 3.52874735654e-06, 2.96805910693e-06, 2.47787056651e-06, 1.98425254894e-06, 1.59318415172e-06, 1.26258271393e-06],
        "median": [0.00218892213888, 0.00233221193776, 0.000481724273413, 0.000319211918395, 0.000366976222722, 0.000159548435477, 3.96181749238e-05, 5.20145404153e-05, 4.35839901911e-05, 1.37498700497e-05, 1.03243928606e-05, 1.04590117189e-05, 1.20081595014e-05, 1.35300160764e-05, 2.44487710006e-05, 1.74692668224e-05, 1.22675646708e-05, 1.05164499473e-05, 1.41876835187e-05, 8.8968390628e-06, 1.03802212834e-05, 8.9806944743e-06, 5.45349212189e-06, 3.64098559658e-06, 3.02409193864e-06, 3.39144230566e-06, 3.38058976013e-06, 1.56803218943e-06, 1.20854770103e-06, 1.13070984753e-06, 1.1420388546e-06, 1.33435128191e-06, 1.65162225585e-06, 1.20283505112e-06, 6.1723443423e-07, 4.76600689581e-07, 6.01435090175e-07, 4.2181312665e-07, 2.45499506946e-07, 2.26674544024e-07],
        "min": [7.34923399914e-10, 2.28249730228e-09, 3.63445995522e-10, 4.54309784237e-11, 9.42105282675e-11, 9.77136340591e-12, 7.66989423362e-12, 1.23641418284e-11, 1.10442462467e-11, 1.89564878551e-12, 5.24232220134e-12, 3.08846329587e-12, 1.73027011555e-13, 8.99658928084e-13, 2.87867537967e-12, 1.06758372487e-13, 2.97668824539e-14, 5.26300703051e-14, 1.21017792684e-13, 1.39464449104e-12, 9.67954882913e-13, 3.01494885915e-13, 5.11403968489e-14, 4.97461840059e-14, 4.27097593403e-14, 3.91247737062e-14, 4.2402608253e-14, 2.62339961224e-14, 3.08610694508e-14, 4.73742511962e-14, 4.09241901706e-14, 6.07184590692e-14, 7.1349691563e-14, 3.71634655287e-14, 3.6956518439e-14, 3.24787634667e-14, 2.98321243197e-14, 3.36918976062e-14, 2.1504450442e-14, 2.54448036669e-14],
        "var": [1.24219022837e-05, 8.37053812575e-06, 1.05139201878e-06, 9.16895203318e-07, 2.79372471823e-07, 1.07663048254e-07, 6.1842321486e-08, 1.822012905e-07, 1.40198579857e-07, 4.42366996367e-08, 4.54577389064e-08, 1.93554487993e-08, 6.32826191449e-09, 1.07101625346e-08, 8.02809818623e-09, 8.24299561941e-09, 3.32726166619e-08, 7.99310395649e-09, 8.97017571333e-09, 5.81560399837e-09, 1.97491623055e-09, 4.57144855304e-09, 2.08571715454e-09, 5.66883651132e-10, 3.21936560743e-10, 9.02525054691e-10, 3.68305852483e-09, 4.92506091465e-10, 1.5732995462e-10, 2.74819472734e-10, 1.75675973768e-10, 1.41877759541e-10, 1.41409967069e-10, 1.1041982606e-10, 4.61513119387e-11, 4.85284971929e-11, 1.86148822051e-11, 1.50068811544e-11, 1.41882894322e-11, 7.24378803468e-12]
    },
    "mfcc": {
        "mean": [-669.059265137, 114.061775208, 12.3257198334, 31.7825031281, 16.3226833344, 13.6060562134, -1.33984768391, 3.51646709442, -1.93228709698, 1.7322562933, 1.56777870655, 2.21547985077, 3.90721702576],
        "cov": [[14766.8222656, -1411.51611328, -694.50402832, -66.5803146362, -176.082992554, 209.66708374, -241.236618042, -50.3793067932, -250.751693726, 100.162185669, 117.478591919, -131.355163574, -229.504638672], [-1411.51611328, 2148.19995117, -199.093551636, -24.5348415375, 9.32844638824, -101.362472534, 13.3922042847, 51.517578125, -12.3251647949, -53.9675178528, 0.0148963220417, 61.1629676819, 113.478157043], [-694.50402832, -199.093551636, 726.975769043, 108.148513794, 102.560188293, 61.8655471802, 56.376033783, 93.8362197876, 91.5531539917, 27.7456245422, -29.0324192047, 22.3165130615, 28.0380439758], [-66.5803146362, -24.5348415375, 108.148513794, 493.433959961, 181.239883423, 14.6292419434, -8.22964763641, 38.0265731812, 73.8968276978, 16.8214969635, -36.440158844, 32.0389671326, 107.675415039], [-176.082992554, 9.32844638824, 102.560188293, 181.239883423, 300.524993896, 65.3085021973, -4.26800298691, 43.4033851624, 18.3264942169, 15.1423301697, -3.0889852047, 11.2405643463, 52.1718940735], [209.66708374, -101.362472534, 61.8655471802, 14.6292419434, 65.3085021973, 259.743347168, 93.9314193726, -2.38443088531, -24.8967247009, 41.1950302124, 48.1117668152, -4.99021100998, -33.0480117798], [-241.236618042, 13.3922042847, 56.376033783, -8.22964763641, -4.26800298691, 93.9314193726, 185.739868164, 35.0560073853, 16.2721138, 24.579366684, 37.8233261108, 14.0209569931, -21.1093444824], [-50.3793067932, 51.517578125, 93.8362197876, 38.0265731812, 43.4033851624, -2.38443088531, 35.0560073853, 167.05696106, 55.3921470642, 29.5678215027, 10.1060371399, -3.17511415482, 16.4970149994], [-250.751693726, -12.3251647949, 91.5531539917, 73.8968276978, 18.3264942169, -24.8967247009, 16.2721138, 55.3921470642, 165.323501587, 36.7585029602, -4.28620004654, 19.6564655304, 41.147605896], [100.162185669, -53.9675178528, 27.7456245422, 16.8214969635, 15.1423301697, 41.1950302124, 24.579366684, 29.5678215027, 36.7585029602, 166.470611572, 59.3033103943, -1.88449621201, -24.015707016], [117.478591919, 0.0148963220417, -29.0324192047, -36.440158844, -3.0889852047, 48.1117668152, 37.8233261108, 10.1060371399, -4.28620004654, 59.3033103943, 132.655914307, 11.2534580231, -26.730676651], [-131.355163574, 61.1629676819, 22.3165130615, 32.0389671326, 11.2405643463, -4.99021100998, 14.0209569931, -3.17511415482, 19.6564655304, -1.88449621201, 11.2534580231, 90.412147522, 28.9329319], [-229.504638672, 113.478157043, 28.0380439758, 107.675415039, 52.1718940735, -33.0480117798, -21.1093444824, 16.4970149994, 41.147605896, -24.015707016, -26.730676651, 28.9329319, 130.721115112]],
