{
"lowlevel": {
    "average_loudness": 0.964365541935,
    "barkbands_crest": {
        "dmean": 2.14644598961,
        "dmean2": 3.40718317032,
        "dvar": 5.04184484482,
        "dvar2": 12.6519517899,
        "max": 24.3022575378,
        "mean": 11.692943573,
        "median": 11.2265720367,
        "min": 2.91555118561,
        "var": 14.2649250031
    },
    "barkbands_flatness_db": {
        "dmean": 0.030015707016,
        "dmean2": 0.0445474758744,
        "dvar": 0.00110683694948,
        "dvar2": 0.00259072589688,
        "max": 0.451443880796,
        "mean": 0.150981560349,
        "median": 0.141816243529,
        "min": 0.035585179925,
        "var": 0.0032843973022
    },
    "barkbands_kurtosis": {
        "dmean": 5.15468358994,
        "dmean2": 8.18978214264,
        "dvar": 113.100479126,
        "dvar2": 276.188690186,
        "max": 159.568786621,
        "mean": 8.13484382629,
        "median": 2.7408156395,
        "min": -1.93597316742,
        "var": 212.855239868
    },
    "barkbands_skewness": {
        "dmean": 0.659747779369,
        "dmean2": 1.00346028805,
        "dvar": 0.752287089825,
        "dvar2": 1.67476427555,
        "max": 10.2837352753,
        "mean": 2.16638851166,
        "median": 1.81058299541,
        "min": -1.85815608501,
        "var": 2.27952718735
    },
    "barkbands_spread": {
        "dmean": 10.0758113861,
        "dmean2": 15.0560684204,
        "dvar": 213.376251221,
        "dvar2": 446.47946167,
        "max": 111.709693909,
        "mean": 30.9461688995,
        "median": 24.3978462219,
        "min": 0.566591978073,
        "var": 537.985107422
    },
    "dissonance": {
        "dmean": 0.0191003531218,
        "dmean2": 0.0316226407886,
        "dvar": 0.000347435299773,
        "dvar2": 0.000883161497768,
        "max": 0.498420059681,
        "mean": 0.454319298267,
        "median": 0.460229992867,
        "min": 0.302524834871,
        "var": 0.000872418109793
    },
    "dynamic_complexity": 3.28441929817,
    "erbbands_crest": {
        "dmean": 2.54327750206,
        "dmean2": 3.89214849472,
        "dvar": 6.22740411758,
        "dvar2": 15.0199756622,
        "max": 26.8104858398,
        "mean": 9.8638420105,
        "median": 9.17327690125,
        "min": 2.22045469284,
        "var": 19.1149177551
    },
    "erbbands_flatness_db": {
        "dmean": 0.0234408657998,
        "dmean2": 0.0328804887831,
        "dvar": 0.000655933690723,
        "dvar2": 0.00131012604106,
        "max": 0.276497423649,
        "mean": 0.124377064407,
        "median": 0.119507789612,
        "min": 0.0382075980306,
        "var": 0.00193054869305
    },
    "erbbands_kurtosis": {
        "dmean": 1.2124017477,
        "dmean2": 1.79716742039,
        "dvar": 6.37233686447,
        "dvar2": 14.2469186783,
        "max": 33.5929718018,
        "mean": 0.608352839947,
        "median": -0.273669242859,
        "min": -1.79618871212,
        "var": 9.98652839661
    },
    "erbbands_skewness": {
        "dmean": 0.441250443459,
        "dmean2": 0.626644194126,
        "dvar": 0.306605011225,
        "dvar2": 0.62632894516,
        "max": 4.82179927826,
        "mean": 0.149954795837,
        "median": 0.158231839538,
        "min": -4.1357126236,
        "var": 1.06428563595
    },
    "erbbands_spread": {
        "dmean": 14.5897769928,
        "dmean2": 20.404800415,
        "dvar": 279.499694824,
        "dvar2": 582.983398438,
        "max": 178.094512939,
        "mean": 56.0982398987,
        "median": 50.3354682922,
        "min": 7.21085309982,
        "var": 910.55065918
    },
    "hfc": {
        "dmean": 16.7162151337,
        "dmean2": 22.5178585052,
        "dvar": 1013.38439941,
        "dvar2": 1959.02380371,
        "max": 415.3309021,
        "mean": 33.9786872864,
        "median": 18.1354179382,
        "min": 1.19907810428e-16,
        "var": 2155.77172852
    },
    "melbands_crest": {
        "dmean": 2.63464188576,
        "dmean2": 4.36779069901,
        "dvar": 7.04958343506,
        "dvar2": 18.4274044037,
        "max": 29.7202854156,
        "mean": 17.102388382,
        "median": 16.8830032349,
        "min": 3.19267034531,
        "var": 19.9853019714
    },
    "melbands_flatness_db": {
        "dmean": 0.0334104672074,
        "dmean2": 0.0498846769333,
        "dvar": 0.00150948681403,
        "dvar2": 0.00347090954892,
        "max": 0.603555440903,
        "mean": 0.241616785526,
        "median": 0.232839584351,
        "min": 0.0109677901492,
        "var": 0.00499460659921
    },
    "melbands_kurtosis": {
        "dmean": 14.9544382095,
        "dmean2": 23.5521125793,
        "dvar": 799.380004883,
        "dvar2": 1995.49597168,
        "max": 364.705474854,
        "mean": 31.9853363037,
        "median": 18.2967739105,
        "min": -1.30918443203,
        "var": 1808.13769531
    },
    "melbands_skewness": {
        "dmean": 0.990918397903,
        "dmean2": 1.46508133411,
        "dvar": 1.49840378761,
        "dvar2": 3.47413992882,
        "max": 16.4844493866,
        "mean": 4.12313604355,
        "median": 3.61174702644,
        "min": 0.162726193666,
        "var": 5.28956794739
    },
    "melbands_spread": {
        "dmean": 6.61654472351,
        "dmean2": 9.84264278412,
        "dvar": 141.185638428,
        "dvar2": 253.440322876,
        "max": 208.276809692,
        "mean": 20.0981864929,
        "median": 16.0660266876,
        "min": 0.472865253687,
        "var": 339.312316895
    },
    "pitch_salience": {
        "dmean": 0.0633830353618,
        "dmean2": 0.104395136237,
        "dvar": 0.00485535524786,
        "dvar2": 0.0135547304526,
        "max": 0.796144068241,
        "mean": 0.439546257257,
        "median": 0.433621704578,
        "min": 0.157346710563,
        "var": 0.00936923827976
    },
    "silence_rate_20dB": {
        "dmean": 0,
        "dmean2": 0,
        "dvar": 0,
        "dvar2": 0,
        "max": 1,
        "mean": 1,
        "median": 1,
        "min": 1,
        "var": 0
    },
    "silence_rate_30dB": {
        "dmean": 0.0510046370327,
        "dmean2": 0.102088168263,
        "dvar": 0.0484033077955,
        "dvar2": 0.125695243478,
        "max": 1,
        "mean": 0.966023147106,
        "median": 1,
        "min": 0,
        "var": 0.0328227691352
    },
    "silence_rate_60dB": {
        "dmean": 0.00927357003093,
        "dmean2": 0.0185614842921,
        "dvar": 0.00918741058558,
        "dvar2": 0.0244047921151,
        "max": 1,
        "mean": 0.0625482648611,
        "median": 0,
        "min": 0,
        "var": 0.0586374476552
    },
    "spectral_centroid": {
        "dmean": 310.679534912,
        "dmean2": 465.74621582,
        "dvar": 244869.25,
        "dvar2": 394288.71875,
        "max": 10857.8603516,
        "mean": 1398.79663086,
        "median": 1272.99621582,
        "min": 128.587402344,
        "var": 689325.4375
    },
    "spectral_complexity": {
        "dmean": 3.10973715782,
        "dmean2": 4.77184820175,
        "dvar": 16.6139717102,
        "dvar2": 38.8784217834,
        "max": 45,
        "mean": 14.0324325562,
        "median": 13,
        "min": 0,
        "var": 62.9842910767
    },
    "spectral_decrease": {
        "dmean": 2.80209833114e-09,
        "dmean2": 4.55694726398e-09,
        "dvar": 2.77982051957e-17,
        "dvar2": 6.76065765773e-17,
        "max": -1.90536447324e-29,
        "mean": -8.62453752859e-09,
        "median": -7.9808346598e-09,
        "min": -4.92262799412e-08,
        "var": 3.99534621697e-17
    },
    "spectral_energy": {
        "dmean": 0.0114758154377,
        "dmean2": 0.0182388238609,
        "dvar": 0.000461985502625,
        "dvar2": 0.00109996576793,
        "max": 0.191331848502,
        "mean": 0.0356330089271,
        "median": 0.0324942097068,
        "min": 1.09479106983e-20,
        "var": 0.000695203081705
    },
    "spectral_energyband_high": {
        "dmean": 0.00161596923135,
        "dmean2": 0.00211815466173,
        "dvar": 1.19511778394e-05,
        "dvar2": 2.26036208915e-05,
        "max": 0.0561026073992,
        "mean": 0.00254494021647,
        "median": 0.000599142978899,
        "min": 8.08701042239e-21,
        "var": 2.54510086961e-05
    },
    "spectral_energyband_low": {
        "dmean": 0.0071246563457,
        "dmean2": 0.0121261300519,
        "dvar": 0.000255457940511,
        "dvar2": 0.000637638557237,
        "max": 0.158095657825,
        "mean": 0.0180809628218,
        "median": 0.0160568729043,
        "min": 3.37966502696e-23,
        "var": 0.000284387439024
    },
    "spectral_energyband_middle_high": {
        "dmean": 0.00101451273076,
        "dmean2": 0.00153048709035,
        "dvar": 2.98973009194e-06,
        "dvar2": 6.76264562571e-06,
        "max": 0.0247010551393,
        "mean": 0.00362514541484,
        "median": 0.00196435744874,
        "min": 1.3569099243e-21,
        "var": 1.61520911206e-05
    },
    "spectral_energyband_middle_low": {
        "dmean": 0.00539973238483,
        "dmean2": 0.00834137853235,
        "dvar": 0.000193365500309,
        "dvar2": 0.000464007083792,
        "max": 0.14612570405,
        "mean": 0.0123553909361,
        "median": 0.00931914150715,
        "min": 5.1769394491e-22,
        "var": 0.000250102631981
    },
    "spectral_entropy": {
        "dmean": 0.279888451099,
        "dmean2": 0.384789317846,
        "dvar": 0.115686535835,
        "dvar2": 0.225312441587,
        "max": 9.79658603668,
        "mean": 7.55214309692,
        "median": 7.53511333466,
        "min": 5.05606889725,
        "var": 0.354648500681
    },
    "spectral_flux": {
        "dmean": 0.0303050167859,
        "dmean2": 0.0445403270423,
        "dvar": 0.00169141881634,
        "dvar2": 0.00318620703183,
        "max": 0.36182191968,
        "mean": 0.0782524049282,
        "median": 0.0607896186411,
        "min": 1.04632261189e-10,
        "var": 0.00376760447398
    },
    "spectral_kurtosis": {
        "dmean": 1.29087853432,
        "dmean2": 1.91002857685,
        "dvar": 3.2266998291,
        "dvar2": 7.29524803162,
        "max": 22.1996936798,
        "mean": 3.42514467239,
        "median": 2.92110395432,
        "min": -1.21335685253,
        "var": 8.37928962708
    },
    "spectral_rms": {
        "dmean": 0.00079636357259,
        "dmean2": 0.00123915681615,
        "dvar": 1.42647593293e-06,
        "dvar2": 3.3187407098e-06,
        "max": 0.0136625478044,
        "mean": 0.00551477679983,
        "median": 0.00563042331487,
        "min": 3.26816286707e-12,
        "var": 4.35105903307e-06
    },
    "spectral_rolloff": {
        "dmean": 988.232116699,
        "dmean2": 1664.05126953,
        "dvar": 4499634,
        "dvar2": 10560462,
        "max": 18712.3535156,
        "mean": 1786.10766602,
        "median": 710.595703125,
        "min": 86.1328125,
        "var": 5831451.5
    },
    "spectral_skewness": {
        "dmean": 0.225118875504,
        "dmean2": 0.318995267153,
        "dvar": 0.0674702003598,
        "dvar2": 0.133391186595,
        "max": 3.79186344147,
        "mean": 1.43453752995,
        "median": 1.39821088314,
        "min": -0.0795475244522,
        "var": 0.261785030365
    },
    "spectral_spread": {
        "dmean": 1173248.875,
        "dmean2": 1556517.375,
        "dvar": 2.46622348902e+12,
        "dvar2": 3.72829192192e+12,
        "max": 40044180,
        "mean": 6540325,
        "median": 6252752.5,
        "min": 1742833.375,
        "var": 5.96152470733e+12
    },
    "spectral_strongpeak": {
        "dmean": 0.282463878393,
        "dmean2": 0.497342079878,
        "dvar": 0.425764799118,
        "dvar2": 1.1751139164,
        "max": 8.09433746338,
        "mean": 0.54523307085,
        "median": 0.374663501978,
        "min": 0,
        "var": 0.383983284235
    },
    "zerocrossingrate": {
        "dmean": 0.0198595374823,
        "dmean2": 0.0226051937789,
        "dvar": 0.000822697940748,
        "dvar2": 0.000993162044324,
        "max": 0.50927734375,
        "mean": 0.0706311091781,
        "median": 0.05615234375,
        "min": 0.00390625,
        "var": 0.00257889041677
    },
    "barkbands": {
        "dmean": [0.000171239866177, 0.00488669006154, 0.00322556169704, 0.00204731221311, 0.00287116668187, 0.000719094299711, 0.000430492334999, 0.000500185822602, 0.000391046167351, 0.000104687038402, 0.000195164888282, 5.9165082348e-05, 0.000220733229071, 0.000186379882507, 0.000193395084352, 0.000219438021304, 0.000200326699996, 0.000193743937416, 0.000110278771899, 0.000182611256605, 0.000197120622033, 0.00023353783763, 0.000375404109946, 0.000191994666238, 0.000396276183892, 0.000225032272283, 0.000128648156533],
        "dmean2": [0.000272404082352, 0.00828605610877, 0.00574810244143, 0.00317169330083, 0.00455403700471, 0.00116836873349, 0.000701144163031, 0.000785439857282, 0.000550408381969, 0.000142366436194, 0.000263103429461, 9.48388915276e-05, 0.000324318069033, 0.000259265420027, 0.000295198406093, 0.000326833047438, 0.000325335131492, 0.000303793349303, 0.000171296691406, 0.000277674262179, 0.000284618901787, 0.000330712966388, 0.000551970384549, 0.000275978964055, 0.000544592563529, 0.000344814296113, 0.000207541990676],
        "dvar": [9.70949471935e-08, 0.00010985496192, 9.67636806308e-05, 3.18563797919e-05, 8.18764747237e-05, 3.75109448214e-06, 1.37475808515e-06, 1.02918625089e-06, 1.10024780042e-06, 8.87636488756e-08, 2.05911618423e-07, 3.40068098126e-08, 3.67053559103e-07, 1.88438875171e-07, 3.38396205279e-07, 2.47452163649e-07, 1.51760005451e-07, 1.90951496393e-07, 4.54925661586e-08, 1.159752685e-07, 1.45060653267e-07, 4.46993709602e-07, 1.86270051472e-06, 2.42253662464e-07, 8.15157363832e-07, 1.72869476955e-07, 1.29606760879e-07],
        "dvar2": [2.33461179278e-07, 0.000304487824906, 0.000278159801383, 7.49957544031e-05, 0.000207983495784, 8.70229359862e-06, 3.25241853716e-06, 2.46430886364e-06, 2.05039077628e-06, 1.74022147803e-07, 3.99694954467e-07, 8.98336054433e-08, 6.85839495418e-07, 3.21131096825e-07, 6.63206890295e-07, 5.09984545261e-07, 3.83143856197e-07, 4.09262383982e-07, 1.06167981073e-07, 2.71136002539e-07, 2.9172701943e-07, 8.85760243818e-07, 4.0737022573e-06, 5.26111932686e-07, 1.58058185207e-06, 3.82442522096e-07, 3.2926149629e-07],
        "max": [0.00259183300659, 0.103299409151, 0.100657306612, 0.0498976521194, 0.0970608517528, 0.0386461429298, 0.0328397601843, 0.0137332379818, 0.0198106244206, 0.00924666691571, 0.010867333971, 0.003414520761, 0.0133537724614, 0.00701776891947, 0.0114946868271, 0.00825202837586, 0.00769493542612, 0.00726015819237, 0.00409703375772, 0.00460002943873, 0.00401542149484, 0.0148192737252, 0.0326992571354, 0.00881475489587, 0.00913515128195, 0.00303541636094, 0.00543898623437],
        "mean": [0.000168780505192, 0.0122426580638, 0.00478429347277, 0.00244646403007, 0.00501051358879, 0.00175199506339, 0.000852729426697, 0.00105223455466, 0.00107627140824, 0.000234689883655, 0.000550638360437, 7.89099503891e-05, 0.000490153499413, 0.000427351827966, 0.000354903226253, 0.000385396328056, 0.000415357935708, 0.00032040340011, 0.000219634341192, 0.000361157523002, 0.000322157517076, 0.000376594427507, 0.000515590480063, 0.000290520343697, 0.000537059677299, 0.00025188253494, 0.000114625967399],
        "median": [5.16457912454e-05, 0.0112600438297, 0.00265943771228, 0.000874723249581, 0.00135472114198, 0.000319002341712, 0.000219561959966, 0.000294478406431, 0.00013153871987, 5.26208677911e-05, 9.68365638983e-05, 2.33115442825e-05, 0.000104448459751, 9.63005586527e-05, 8.74790130183e-05, 8.50313444971e-05, 0.000124889600556, 7.85051743151e-05, 0.000110321198008, 0.000132331464556, 9.82014025794e-05, 5.69777366763e-05, 6.60707300995e-05, 6.62386300974e-05, 6.64259132463e-05, 5.33474703843e-05, 4.92884691994e-06],
        "min": [4.53738553744e-24, 2.24109640266e-23, 6.66676448422e-24, 2.67720024697e-24, 5.99060845207e-23, 1.54430869172e-22, 4.86746079629e-23, 1.63356710408e-22, 7.54297690411e-23, 3.2613459886e-23, 1.46902087978e-23, 7.92364078729e-23, 1.1795959547e-22, 1.23451922771e-22, 1.11403075875e-22, 1.2058818098e-22, 2.40677397972e-22, 2.35975054914e-22, 1.81631197081e-22, 3.27619613737e-22, 4.04682387961e-22, 5.48049110595e-22, 7.10120621438e-22, 6.23133017771e-22, 1.73185447757e-21, 1.65157777042e-21, 2.55208523817e-21],
        "var": [9.92708422132e-08, 0.000108827174699, 7.09273153916e-05, 3.40384540323e-05, 9.35317293624e-05, 1.06146608232e-05, 3.18193019666e-06, 3.351536634e-06, 5.49546666662e-06, 5.17913406384e-07, 1.39643123021e-06, 4.01741289124e-08, 1.53964663241e-06, 8.96490121249e-07, 8.31116835798e-07, 7.08669574578e-07, 7.76919364398e-07, 4.97639121022e-07, 9.9759638772e-08, 2.99690469774e-07, 3.10626518285e-07, 1.22398171243e-06, 2.37931908487e-06, 4.22332050221e-07, 1.57108945587e-06, 2.28774666766e-07, 1.18110051517e-07]
    },
    "erbbands": {
        "dmean": [0.10849379003, 1.2392308712, 3.57053589821, 4.60424518585, 12.7810897827, 7.06281709671, 7.26889944077, 6.04631185532, 3.59904336929, 13.4019117355, 7.38841581345, 10.0557508469, 4.68311738968, 2.78032183647, 7.68692111969, 2.99043989182, 9.11050510406, 10.9970464706, 7.04196596146, 12.4211645126, 8.94853115082, 9.2885684967, 11.6714391708, 5.29079627991, 6.62338590622, 8.63372325897, 7.58409070969, 8.13401222229, 8.54111289978, 15.555893898, 7.02825546265, 3.92255735397, 3.54941439629, 3.02897882462, 3.82084870338, 0.93013548851, 0.385830372572, 0.251871585846, 0.0122184054926, 0.000200328926439],
        "dmean2": [0.183535695076, 2.10977196693, 6.31813669205, 7.55149555206, 20.7211475372, 11.3847818375, 11.3021888733, 10.0532369614, 5.70987558365, 22.3820323944, 11.1755390167, 13.765294075, 6.39426708221, 3.87501740456, 10.5872421265, 4.53933763504, 13.3254032135, 15.0372524261, 10.20125103, 18.6030254364, 13.5033006668, 15.6758871078, 17.6438827515, 8.22175216675, 9.89335536957, 13.2882623672, 11.5624771118, 11.447271347, 11.4051265717, 22.3560180664, 9.8362865448, 5.66173887253, 5.18367767334, 4.21178150177, 5.42851781845, 1.38754928112, 0.607164978981, 0.401313126087, 0.020099317655, 0.000316699646646],
        "dvar": [0.0532824248075, 7.05834531784, 95.8607559204, 139.535324097, 2308.16992188, 394.24017334, 244.145553589, 334.564605713, 114.623794556, 912.992492676, 387.210205078, 744.924499512, 146.019699097, 35.6843070984, 348.10168457, 56.0667190552, 570.764221191, 609.497131348, 1184.82385254, 793.617980957, 562.018432617, 346.52520752, 616.158691406, 101.710418701, 146.768371582, 284.733734131, 214.435256958, 304.162597656, 541.270080566, 2328.48095703, 1187.78417969, 151.721786499, 70.5606918335, 42.3561401367, 90.3477554321, 3.05071663857, 0.526618361473, 0.345113962889, 0.00125120428856, 2.5766414069e-07],
        "dvar2": [0.141997456551, 19.6594333649, 275.074859619, 358.579956055, 5904.75537109, 1063.32873535, 583.223449707, 751.712036133, 233.858566284, 2472.49243164, 877.761291504, 1401.51489258, 292.649536133, 62.2985839844, 753.576293945, 136.825790405, 1056.30749512, 1041.54345703, 2173.83325195, 1720.24145508, 1173.63232422, 924.239746094, 1276.2121582, 244.535873413, 319.602020264, 663.789001465, 522.666259766, 566.180358887, 1123.9543457, 4772.27636719, 2676.13720703, 325.931762695, 151.452056885, 83.8641433716, 183.519058228, 6.86537122726, 1.17575013638, 0.822632193565, 0.00325241335668, 6.36748211491e-07],
        "max": [2.83259749413, 23.4334983826, 103.232086182, 101.082389832, 424.389068604, 228.961196899, 211.374084473, 339.896942139, 332.340026855, 663.540893555, 414.185760498, 468.326416016, 350.853881836, 149.692459106, 346.917022705, 130.477462769, 465.899597168, 413.992889404, 950.017272949, 473.329711914, 566.577819824, 260.253295898, 488.492156982, 199.203598022, 229.081542969, 233.131988525, 179.035079956, 294.221801758, 643.798522949, 628.690734863, 1036.08178711, 321.879730225, 150.330276489, 91.7543869019, 100.042877197, 18.3731842041, 5.15147972107, 7.87934446335, 0.541527211666, 0.00756636820734],
        "mean": [0.22812063992, 3.14141702652, 6.37230873108, 6.39905357361, 13.2469730377, 15.1319828033, 21.2031517029, 12.9603538513, 6.8523144722, 28.3492126465, 18.1396312714, 28.1330604553, 12.0754461288, 7.91311597824, 20.0856170654, 6.06834602356, 21.9864654541, 26.2441482544, 14.7586107254, 23.7035903931, 17.5581245422, 20.3943328857, 22.8891296387, 10.5157241821, 14.126159668, 17.2908611298, 12.542304039, 12.962928772, 13.1645526886, 21.6247749329, 10.1198625565, 5.85763168335, 5.17508506775, 4.27463388443, 4.92317295074, 1.10482430458, 0.429602622986, 0.238688677549, 0.0108974855393, 0.000226089076023],
        "median": [0.16998487711, 2.92072701454, 3.22942686081, 3.47341990471, 3.27724099159, 3.38148760796, 5.67966842651, 3.00638842583, 3.16914629936, 7.37067747116, 7.21311855316, 4.14821815491, 3.18335700035, 2.33943367004, 4.36627101898, 2.58076381683, 5.05601549149, 7.1310710907, 4.27644968033, 6.07665252686, 4.39771127701, 7.16822338104, 6.47527599335, 5.32908582687, 6.07449674606, 6.48874902725, 4.43777322769, 3.34061455727, 2.05282497406, 2.16000461578, 1.65785896778, 1.28706264496, 1.05118155479, 0.658336341381, 0.520074248314, 0.256764739752, 0.0833462849259, 0.0183240566403, 0.000564960646443, 5.69329640712e-05],
        "min": [9.54328733629e-22, 4.01141722734e-21, 8.3493987366e-21, 7.30858822954e-21, 8.00778170623e-20, 2.07624737744e-19, 9.5394376668e-19, 1.10945144709e-18, 8.662007383e-19, 1.01165822597e-18, 4.41097080853e-18, 1.49308437351e-18, 1.12743859291e-18, 6.48482716872e-19, 1.18142298463e-18, 4.17924029583e-18, 4.34420616616e-18, 4.8623889114e-18, 6.40964058694e-18, 8.8792189114e-18, 4.90061458187e-18, 1.63787750073e-17, 1.15938486651e-17, 1.08868300986e-17, 9.5772609139e-18, 1.47090249141e-17, 1.62061573027e-17, 1.86548799224e-17, 2.36053093887e-17, 1.90460188925e-17, 1.88529218503e-17, 1.48884734762e-17, 1.07212368118e-17, 1.68321096877e-17, 1.27438257584e-17, 6.74007897573e-18, 3.13055312294e-18, 1.31517333339e-18, 3.11730897906e-19, 3.77198592162e-20],
        "var": [0.060064855963, 7.05576944351, 79.5626907349, 123.127822876, 2037.68103027, 649.201721191, 1302.16174316, 877.717346191, 312.565948486, 2124.75244141, 1493.6763916, 3922.6015625, 833.753601074, 251.489944458, 1602.00646973, 114.892807007, 2802.88623047, 2892.95117188, 2539.85522461, 2183.27685547, 1576.58959961, 1425.859375, 2265.31713867, 229.197006226, 404.103942871, 668.53112793, 386.718353271, 728.392272949, 1591.04223633, 3610.21459961, 1322.25366211, 215.738174438, 136.820877075, 81.6544189453, 159.582885742, 4.50095415115, 0.675739228725, 0.361573338509, 0.00108939618804, 2.6250890528e-07]
    },
    "gfcc": {
        "mean": [7.54969549179, 66.5331497192, -74.7311477661, 43.8904190063, -42.2657623291, 17.9507026672, -33.2367324829, 15.3145103455, -22.3244438171, 11.3939027786, -17.4355964661, 1.12668669224, -16.4526348114],
        "cov": [[10937.6318359, -1641.45751953, -335.79107666, -79.7182693481, -442.212554932, -129.550140381, -354.03793335, 173.501296997, -205.820755005, 76.0122833252, -268.599517822, 136.065246582, -77.417175293], [-1641.45751953, 1931.31225586, -746.867431641, -262.99206543, 257.591491699, -91.8497848511, 184.884628296, 49.5622634888, 103.657310486, -64.5781097412, 219.727813721, -172.735321045, 56.2527542114], [-335.79107666, -746.867431641, 1024.39562988, 175.4556427, -193.256515503, 29.9622573853, -108.823234558, -159.648757935, -176.340759277, -59.2621231079, -101.182922363, 81.2492523193, -15.9540710449], [-79.7182693481, -262.99206543, 175.4556427, 367.566314697, -72.7322921753, -15.746178627, -92.7818527222, -50.2466583252, -7.79401874542, -9.18178367615, -25.7013015747, 37.5398635864, 51.6703300476], [-442.212554932, 257.591491699, -193.256515503, -72.7322921753, 273.590698242, 8.19870758057, 39.5711135864, 31.9160938263, 67.4411773682, 10.6353750229, 15.1361455917, -10.9277076721, -3.82878112793], [-129.550140381, -91.8497848511, 29.9622573853, -15.746178627, 8.19870758057, 195.809844971, 50.0234870911, -12.9302387238, 4.16534328461, 24.8129386902, 3.40297245979, -0.372006386518, -17.4656524658], [-354.03793335, 184.884628296, -108.823234558, -92.7818527222, 39.5711135864, 50.0234870911, 197.522949219, 44.8117103577, 3.78549957275, -3.5670235157, 29.2769355774, -46.522769928, -45.9687728882], [173.501296997, 49.5622634888, -159.648757935, -50.2466583252, 31.9160938263, -12.9302387238, 44.8117103577, 179.572647095, 31.7780418396, 11.109167099, 20.4576816559, -21.4219703674, -15.895113945], [-205.820755005, 103.657310486, -176.340759277, -7.79401874542, 67.4411773682, 4.16534328461, 3.78549957275, 31.7780418396, 165.93711853, 45.7449417114, 4.89842176437, 13.4857606888, 3.71556830406], [76.0122833252, -64.5781097412, -59.2621231079, -9.18178367615, 10.6353750229, 24.8129386902, -3.5670235157, 11.109167099, 45.7449417114, 96.769569397, 10.2276544571, -1.7797460556, -7.51638746262], [-268.599517822, 219.727813721, -101.182922363, -25.7013015747, 15.1361455917, 3.40297245979, 29.2769355774, 20.4576816559, 4.89842176437, 10.2276544571, 101.710487366, -3.21453285217, 8.58477020264], [136.065246582, -172.735321045, 81.2492523193, 37.5398635864, -10.9277076721, -0.372006386518, -46.522769928, -21.4219703674, 13.4857606888, -1.7797460556, -3.21453285217, 104.613845825, 31.5490055084], [-77.417175293, 56.2527542114, -15.9540710449, 51.6703300476, -3.82878112793, -17.4656524658, -45.9687728882, -15.895113945, 3.71556830406, -7.51638746262, 8.58477020264, 31.5490055084, 89.4404983521]],
        "icov": [[0.000163780452567, 0.000117690855404, 0.000305425783154, 0.000108307918708, 0.00024357593793, 4.84639349452e-05, 0.000297631893773, -0.000122796031064, 0.000404931866797, -8.31155266496e-05, 0.000369546643924, -0.000279604137177, 0.000250042328844], [0.000117690855404, 0.00178094452713, 0.00067563977791, 0.000761226459872, -0.000538154214155, 0.000724638754036, -0.000371561036445, 0.000922369246837, -0.000795107742306, 0.00190420378931, -0.00262552546337, 0.00252393749543, -0.00169128924608], [0.000305425783154, 0.00067563977791, 0.00256993155926, -0.000126314975205, 0.000815721228719, -8.53803867358e-05, 0.000743231270462, 0.00087347876979, 0.0020353954751, 0.000630641006865, 0.00105982972309, -0.00122673006263, 0.00122571864631], [0.000108307918708, 0.000761226459872, -0.000126314975205, 0.00388745917007, 0.000445797719294, 0.00027626339579, 0.000845247297548, 0.000506795709953, -0.000864616187755, 0.000899163656868, -0.000743597047403, 0.00113597419113, -0.00227368413471], [0.00024357593793, -0.000538154214155, 0.000815721228719, 0.000445797719294, 0.00521321408451, -0.00040865293704, 0.000355022930307, -0.000514750136063, -0.000329556147335, -0.000396877672756, 0.00188549561426, -0.00162449316122, 0.00104400131386], [4.84639349452e-05, 0.000724638754036, -8.53803867358e-05, 0.00027626339579, -0.00040865293704, 0.00626691896468, -0.00210188492201, 0.00106403173413, -0.000310303410515, -0.00111047213431, -0.00103283138014, 0.000480763090309, -0.000424410740379], [0.000297631893773, -0.000371561036445, 0.000743231270462, 0.000845247297548, 0.000355022930307, -0.00210188492201, 0.00850634090602, -0.00149002496619, 0.00109060644172, 0.000823280250188, -2.92898312182e-05, 0.000369671237422, 0.00374373514205], [-0.000122796031064, 0.000922369246837, 0.00087347876979, 0.000506795709953, -0.000514750136063, 0.00106403173413, -0.00149002496619, 0.00752415321767, -0.0013692798093, 0.00105833134148, -0.00231371005066, 0.0018833768554, -0.000362708349712], [0.000404931866797, -0.000795107742306, 0.0020353954751, -0.000864616187755, -0.000329556147335, -0.000310303410515, 0.00109060644172, -0.0013692798093, 0.0111328894272, -0.00498110568151, 0.0042110667564, -0.00507331825793, 0.00245988392271], [-8.31155266496e-05, 0.00190420378931, 0.000630641006865, 0.000899163656868, -0.000396877672756, -0.00111047213431, 0.000823280250188, 0.00105833134148, -0.00498110568151, 0.0152717353776, -0.00494197849184, 0.00394642353058, -0.000726531608962], [0.000369546643924, -0.00262552546337, 0.00105982972309, -0.000743597047403, 0.00188549561426, -0.00103283138014, -2.92898312182e-05, -0.00231371005066, 0.0042110667564, -0.00494197849184, 0.017496664077, -0.00636339792982, 0.00201755901799], [-0.000279604137177, 0.00252393749543, -0.00122673006263, 0.00113597419113, -0.00162449316122, 0.000480763090309, 0.000369671237422, 0.0018833768554, -0.00507331825793, 0.00394642353058, -0.00636339792982, 0.0177313517779, -0.00725678401068], [0.000250042328844, -0.00169128924608, 0.00122571864631, -0.00227368413471, 0.00104400131386, -0.000424410740379, 0.00374373514205, -0.000362708349712, 0.00245988392271, -0.000726531608962, 0.00201755901799, -0.00725678401068, 0.0180172510445]]
    },
    "melbands": {
        "dmean": [0.001165258931, 0.0017274763668, 0.00113950716332, 0.000663646147586, 0.000276604579994, 0.000130562009872, 5.95883902861e-05, 0.00014085813018, 5.92777869315e-05, 6.06592002441e-05, 2.25175899686e-05, 1.03544762169e-05, 2.82437285932e-05, 8.92885782378e-06, 1.62506985362e-05, 2.17809720198e-05, 2.11371097976e-05, 1.18805855891e-05, 1.19188516692e-05, 2.03341605811e-05, 9.3908774943e-06, 8.72015789355e-06, 1.57124777616e-05, 7.65034110373e-06, 4.36736991105e-06, 4.41599422629e-06, 6.62793036099e-06, 5.72521321374e-06, 4.67899826617e-06, 5.17140597367e-06, 4.93592324347e-06, 4.82639916299e-06, 5.55957740289e-06, 9.84889811662e-06, 4.12418876294e-06, 2.99810290016e-06, 2.27842906497e-06, 2.48717537943e-06, 2.47584898716e-06, 2.47925140684e-06],
        "dmean2": [0.00198500463739, 0.00298243807629, 0.00184198655188, 0.00106248131488, 0.0004340641608, 0.00021715387993, 9.77628660621e-05, 0.00023334909929, 8.74708857737e-05, 8.32151054055e-05, 3.06017209368e-05, 1.4588796148e-05, 3.80988822144e-05, 1.3527860574e-05, 2.50055582001e-05, 3.17085250572e-05, 2.88569572149e-05, 1.6721254724e-05, 1.7760816263e-05, 3.08068010781e-05, 1.39861331263e-05, 1.48429280671e-05, 2.48037922574e-05, 1.20190588859e-05, 6.88197087584e-06, 6.86229532221e-06, 9.62649119174e-06, 9.01008479559e-06, 7.5799557635e-06, 7.52509777158e-06, 7.05284173819e-06, 6.90244587531e-06, 7.57228053772e-06, 1.47228311107e-05, 5.90808758716e-06, 4.51389678346e-06, 3.32960598826e-06, 3.68213386537e-06, 3.74429805561e-06, 3.48924572791e-06],
        "dvar": [6.49899266136e-06, 1.69590311998e-05, 9.71809822659e-06, 5.33048023499e-06, 3.34888966336e-07, 1.46647977317e-07, 2.94725399641e-08, 9.18335558708e-08, 2.81074861164e-08, 2.97209705735e-08, 3.71873021265e-09, 5.37111910504e-10, 4.62363836107e-09, 7.12374714773e-10, 2.22607665634e-09, 5.17826181934e-09, 2.1769104297e-09, 3.83875109478e-09, 7.65420782312e-10, 1.70680547473e-09, 8.7381013536e-10, 2.87375317987e-10, 1.05821107432e-09, 2.55350823819e-10, 7.08410136108e-11, 7.71428268487e-11, 1.62365718093e-10, 1.31116312252e-10, 1.05502911962e-10, 1.09290930472e-10, 1.33973665495e-10, 2.10705772274e-10, 2.60611171532e-10, 9.80157066621e-10, 4.54476262179e-10, 1.88405013812e-10, 3.71311800751e-11, 3.53254925312e-11, 3.81388948201e-11, 2.90015095272e-11],
        "dvar2": [1.7754642613e-05, 4.6251599997e-05, 2.44527655013e-05, 1.33988578455e-05, 8.53963115333e-07, 3.34619699061e-07, 6.13417938666e-08, 2.4918648478e-07, 6.24473628363e-08, 5.57003012602e-08, 7.56297868776e-09, 8.72147576381e-10, 9.23258269836e-09, 1.78472225887e-09, 5.24392040901e-09, 9.94370630281e-09, 3.58951779411e-09, 7.26731430589e-09, 1.5222787475e-09, 3.79259645911e-09, 1.66742730734e-09, 7.70304542375e-10, 2.55338661326e-09, 5.34910338246e-10, 1.73435737993e-10, 1.7696061283e-10, 3.4799249593e-10, 3.13104930871e-10, 2.86347057177e-10, 2.31102609272e-10, 2.6098695427e-10, 4.86642948161e-10, 5.02084263054e-10, 2.01890415497e-09, 1.02761477105e-09, 4.27282403903e-10, 8.30292293252e-11, 8.12771169811e-11, 7.40770569885e-11, 5.88510906674e-11],
        "max": [0.0281494408846, 0.0424698144197, 0.0254505164921, 0.0250366795808, 0.0080236857757, 0.00728697841987, 0.0049553969875, 0.0061693014577, 0.00373182981275, 0.00345160532743, 0.00176301295869, 0.000686411687639, 0.00159534532577, 0.000626946042757, 0.000764445576351, 0.00174081220757, 0.000836921390146, 0.00182934757322, 0.000677570409607, 0.000661315280013, 0.000793247076217, 0.000238261447521, 0.000533685379196, 0.000260462664301, 0.000170543353306, 0.000167898542713, 0.000244093054789, 0.000155913759954, 0.000148354112753, 0.000111541703518, 0.000240390610998, 0.000400558608817, 0.000304892775603, 0.000372136360966, 0.000647975306492, 0.000411307933973, 0.000117999974464, 9.96665185085e-05, 0.000109112392238, 7.72904750193e-05],
        "mean": [0.00284146587364, 0.00381833105348, 0.00141871743836, 0.000947342137806, 0.000792317208834, 0.000286317983409, 0.000116769733722, 0.000301546184346, 0.000151927190018, 0.000166622936376, 5.37105042895e-05, 2.6451289159e-05, 7.88247125456e-05, 1.54431218107e-05, 3.15978468279e-05, 5.09559249622e-05, 4.81917668367e-05, 2.21630725719e-05, 2.20164947677e-05, 3.7068126403e-05, 1.76315152203e-05, 1.80822462426e-05, 2.98933682643e-05, 1.37893493957e-05, 7.60089324103e-06, 8.72618966241e-06, 1.36937669595e-05, 1.03826723716e-05, 7.03737032381e-06, 8.31358011055e-06, 7.28529903427e-06, 7.13992358214e-06, 8.16155807115e-06, 1.37342794915e-05, 5.80996038479e-06, 3.99016153096e-06, 3.37334063261e-06, 3.53106361217e-06, 3.44657632922e-06, 3.47904619957e-06],
        "median": [0.00250489730388, 0.0029044568073, 0.000655832409393, 0.00022634533525, 0.000234859617194, 6.14267482888e-05, 4.53454886156e-05, 8.89989314601e-05, 3.7927293306e-05, 2.18288387259e-05, 9.99820258585e-06, 6.01207875661e-06, 1.39154089993e-05, 5.29878707312e-06, 8.02089562058e-06, 9.51499077928e-06, 1.14865279102e-05, 4.87697889184e-06, 6.25456459602e-06, 8.09263747215e-06, 3.49785227627e-06, 6.57465261611e-06, 7.2704096965e-06, 3.62970990864e-06, 3.64471543435e-06, 4.32905653724e-06, 4.10194297729e-06, 3.90447712562e-06, 2.24745531341e-06, 2.45259639087e-06, 1.46963532188e-06, 1.15452223781e-06, 9.87363819149e-07, 1.23936729324e-06, 8.89145553629e-07, 7.81791186455e-07, 7.46330499624e-07, 7.19161448615e-07, 6.30911301869e-07, 4.51004694924e-07],
        "min": [7.65338335205e-24, 4.46421711076e-24, 2.75456738582e-24, 9.98475999437e-24, 2.81135101372e-23, 2.67497842023e-23, 1.14586361553e-23, 1.61168211464e-23, 3.49598414516e-23, 7.98952566123e-24, 5.70138806285e-24, 2.70498274476e-24, 2.88592751768e-24, 7.13189344002e-24, 1.76066291421e-23, 6.37038589225e-24, 9.12813278195e-24, 1.05656369331e-23, 1.06113435339e-23, 9.67754915889e-24, 4.46394968691e-24, 1.75183066974e-23, 1.07530552958e-23, 1.18943855644e-23, 8.41363542768e-24, 7.12548867833e-24, 7.17173722662e-24, 1.0490655704e-23, 1.20872328678e-23, 8.13376493345e-24, 1.03435244677e-23, 1.45727095437e-23, 9.42906586235e-24, 1.18314344641e-23, 1.07639439429e-23, 9.49502015605e-24, 8.90799956862e-24, 6.50517855513e-24, 1.00330785137e-23, 1.5438156221e-23],
        "var": [6.68330221743e-06, 1.65210003615e-05, 9.0794856078e-06, 5.31359637534e-06, 1.39815335842e-06, 3.68738511725e-07, 7.43879482457e-08, 2.28216535447e-07, 1.24644003563e-07, 1.4341202359e-07, 2.04727967912e-08, 3.52121509728e-09, 2.96098807695e-08, 1.27133492622e-09, 6.78302392032e-09, 1.93197440268e-08, 1.14222400427e-08, 7.19312698294e-09, 2.71549294162e-09, 5.57074120167e-09, 2.71718891831e-09, 1.0486655988e-09, 3.90618692947e-09, 7.84138920462e-10, 1.369175745e-10, 1.76299891352e-10, 5.50611778394e-10, 2.54226917296e-10, 1.48225598462e-10, 2.09608247426e-10, 3.03711389371e-10, 5.49239875802e-10, 5.46553857728e-10, 1.50251666664e-09, 4.94464191814e-10, 2.0664614464e-10, 5.79172335091e-11, 6.61848145733e-11, 6.67752519945e-11, 5.44179666606e-11]
    },
    "mfcc": {
        "mean": [-652.537231445, 103.680503845, 27.6246166229, 37.5018234253, 18.3849201202, 11.5750427246, 6.76760387421, 4.26704216003, 3.19207406044, 7.67385959625, 5.10309553146, 4.7731423378, 1.26447749138],
        "cov": [[8542.15234375, -1092.1932373, -339.075744629, -72.2685394287, -212.742538452, -305.407440186, -219.568847656, -80.9849395752, -10.2771949768, -20.0345230103, -123.327316284, -7.88964557648, -74.2209091187], [-1092.1932373, 1634.94372559, -607.131774902, -113.388244629, -0.0294235683978, -120.809989929, 143.302032471, 27.4657726288, -44.0926704407, 150.111022949, 19.6302700043, 101.017372131, 16.8322792053], [-339.075744629, -607.131774902, 883.085693359, 76.4519271851, -24.7823181152, 127.036994934, -8.10600280762, -24.3086204529, -67.4003829956, -134.016403198, -35.3333816528, -145.294036865, -74.6610412598], [-72.2685394287, -113.388244629, 76.4519271851, 268.698730469, 43.4847640991, -17.3061485291, -57.704410553, -6.88885450363, -6.40488004684, -27.3990650177, -58.388923645, -23.9895877838, 14.2583427429], [-212.742538452, -0.0294235683978, -24.7823181152, 43.4847640991, 188.122299194, 16.3898525238, -35.6297187805, -4.30147027969, 17.0610656738, -2.06164622307, -40.3103523254, 8.29188632965, -0.368684649467], [-305.407440186, -120.809989929, 127.036994934, -17.3061485291, 16.3898525238, 219.454071045, -10.086148262, -21.665178299, 21.6526508331, -60.5467720032, 38.4692001343, -34.1209564209, 26.0395278931], [-219.568847656, 143.302032471, -8.10600280762, -57.704410553, -35.6297187805, -10.086148262, 220.09135437, 20.5837421417, -24.4268226624, 32.5074691772, 22.017578125, 20.3663368225, -60.055267334], [-80.9849395752, 27.4657726288, -24.3086204529, -6.88885450363, -4.30147027969, -21.665178299, 20.5837421417, 104.868789673, 15.0240049362, -7.99392175674, 15.3410663605, 16.095041275, 3.87721681595], [-10.2771949768, -44.0926704407, -67.4003829956, -6.40488004684, 17.0610656738, 21.6526508331, -24.4268226624, 15.0240049362, 108.676948547, 10.5386686325, 24.0645160675, 18.8882884979, 16.7627716064], [-20.0345230103, 150.111022949, -134.016403198, -27.3990650177, -2.06164622307, -60.5467720032, 32.5074691772, -7.99392175674, 10.5386686325, 123.109558105, 18.7175579071, 26.847776413, -12.9601860046], [-123.327316284, 19.6302700043, -35.3333816528, -58.388923645, -40.3103523254, 38.4692001343, 22.017578125, 15.3410663605, 24.0645160675, 18.7175579071, 150.148269653, 27.7621421814, 4.47876691818], [-7.88964557648, 101.017372131, -145.294036865, -23.9895877838, 8.29188632965, -34.1209564209, 20.3663368225, 16.095041275, 18.8882884979, 26.847776413, 27.7621421814, 109.19519043, 26.3336181641], [-74.2209091187, 16.8322792053, -74.6610412598, 14.2583427429, -0.368684649467, 26.0395278931, -60.055267334, 3.87721681595, 16.7627716064, -12.9601860046, 4.47876691818, 26.3336181641, 116.955986023]],
