{
"lowlevel": {
    "average_loudness": 0.843915879726,
    "barkbands_crest": {
        "dmean": 2.54904937744,
        "dmean2": 4.11212682724,
        "dvar": 6.58820199966,
        "dvar2": 16.0509643555,
        "max": 26.2406044006,
        "mean": 15.8199424744,
        "median": 15.0942144394,
        "min": 3.6253528595,
        "var": 29.6636009216
    },
    "barkbands_flatness_db": {
        "dmean": 0.0326498933136,
        "dmean2": 0.047129444778,
        "dvar": 0.00124054122716,
        "dvar2": 0.00233397539705,
        "max": 0.633346438408,
        "mean": 0.325414001942,
        "median": 0.310358405113,
        "min": 0.0859760865569,
        "var": 0.012752792798
    },
    "barkbands_kurtosis": {
        "dmean": 21.4987869263,
        "dmean2": 32.6137809753,
        "dvar": 2420.84741211,
        "dvar2": 4603.99316406,
        "max": 1354.38500977,
        "mean": 49.4476127625,
        "median": 21.5980358124,
        "min": -1.9460016489,
        "var": 7534.06494141
    },
    "barkbands_skewness": {
        "dmean": 1.16254460812,
        "dmean2": 1.75257313251,
        "dvar": 1.96014213562,
        "dvar2": 4.02584075928,
        "max": 27.6217670441,
        "mean": 4.28505945206,
        "median": 3.57589912415,
        "min": -4.40439033508,
        "var": 9.99952125549
    },
    "barkbands_spread": {
        "dmean": 3.82756686211,
        "dmean2": 5.94787836075,
        "dvar": 75.5496292114,
        "dvar2": 169.372146606,
        "max": 103.616905212,
        "mean": 7.78953027725,
        "median": 3.04504752159,
        "min": 0.0667266249657,
        "var": 180.137664795
    },
    "dissonance": {
        "dmean": 0.0216939430684,
        "dmean2": 0.0344352610409,
        "dvar": 0.000582229054999,
        "dvar2": 0.00131524971221,
        "max": 0.499716490507,
        "mean": 0.438798993826,
        "median": 0.447396963835,
        "min": 0.190069377422,
        "var": 0.002155455295
    },
    "dynamic_complexity": 4.76022195816,
    "erbbands_crest": {
        "dmean": 2.72687363625,
        "dmean2": 4.3013715744,
        "dvar": 6.23021411896,
        "dvar2": 15.4621839523,
        "max": 26.3781871796,
        "mean": 11.9589490891,
        "median": 11.6074056625,
        "min": 2.44016480446,
        "var": 20.2124462128
    },
    "erbbands_flatness_db": {
        "dmean": 0.0192714184523,
        "dmean2": 0.0280143208802,
        "dvar": 0.000410799402744,
        "dvar2": 0.000770445214584,
        "max": 0.404819965363,
        "mean": 0.22295448184,
        "median": 0.220012918115,
        "min": 0.0921797379851,
        "var": 0.00304751191288
    },
    "erbbands_kurtosis": {
        "dmean": 3.39184522629,
        "dmean2": 5.07518815994,
        "dvar": 31.3495330811,
        "dvar2": 58.8779449463,
        "max": 114.674629211,
        "mean": 7.86135816574,
        "median": 2.3034453392,
        "min": -1.81295764446,
        "var": 212.508728027
    },
    "erbbands_skewness": {
        "dmean": 0.585332632065,
        "dmean2": 0.857335269451,
        "dvar": 0.422034353018,
        "dvar2": 0.771257281303,
        "max": 9.37445354462,
        "mean": 1.5820633173,
        "median": 1.48689937592,
        "min": -4.29273223877,
        "var": 3.31382489204
    },
    "erbbands_spread": {
        "dmean": 9.9033536911,
        "dmean2": 15.1932420731,
        "dvar": 186.469848633,
        "dvar2": 424.227294922,
        "max": 179.378158569,
        "mean": 33.816368103,
        "median": 28.6802845001,
        "min": 1.3090480566,
        "var": 652.752624512
    },
    "hfc": {
        "dmean": 4.51167058945,
        "dmean2": 6.47965717316,
        "dvar": 140.028915405,
        "dvar2": 293.751861572,
        "max": 283.302032471,
        "mean": 11.3487453461,
        "median": 6.7298579216,
        "min": 0.0001876581955,
        "var": 379.115142822
    },
    "melbands_crest": {
        "dmean": 2.67692065239,
        "dmean2": 4.32717657089,
        "dvar": 7.17097568512,
        "dvar2": 18.2942810059,
        "max": 33.1236877441,
        "mean": 18.8446521759,
        "median": 19.0775165558,
        "min": 4.18386554718,
        "var": 19.4871788025
    },
    "melbands_flatness_db": {
        "dmean": 0.0375565439463,
        "dmean2": 0.052667658776,
        "dvar": 0.00190353393555,
        "dvar2": 0.00345795624889,
        "max": 0.765858054161,
        "mean": 0.401873320341,
        "median": 0.386691659689,
        "min": 0.0529185943305,
        "var": 0.0197723340243
    },
    "melbands_kurtosis": {
        "dmean": 25.4337081909,
        "dmean2": 39.9300727844,
        "dvar": 1743.53759766,
        "dvar2": 4042.84130859,
        "max": 687.582458496,
        "mean": 61.1760635376,
        "median": 36.7124137878,
        "min": -1.86242723465,
        "var": 5198.57128906
    },
    "melbands_skewness": {
        "dmean": 1.22657096386,
        "dmean2": 1.88482022285,
        "dvar": 2.1152203083,
        "dvar2": 4.72984886169,
        "max": 21.1906585693,
        "mean": 4.59020471573,
        "median": 3.96658492088,
        "min": -2.22399568558,
        "var": 8.21339416504
    },
    "melbands_spread": {
        "dmean": 4.48477363586,
        "dmean2": 7.03110027313,
        "dvar": 204.701965332,
        "dvar2": 441.20602417,
        "max": 213.669235229,
        "mean": 8.23764896393,
        "median": 2.42258691788,
        "min": 0.272818088531,
        "var": 474.666503906
    },
    "pitch_salience": {
        "dmean": 0.0736203491688,
        "dmean2": 0.117554917932,
        "dvar": 0.00573680363595,
        "dvar2": 0.0138095319271,
        "max": 0.842354476452,
        "mean": 0.413965463638,
        "median": 0.434323400259,
        "min": 0.0457070171833,
        "var": 0.026043092832
    },
    "silence_rate_20dB": {
        "dmean": 0.00928792543709,
        "dmean2": 0.0185830425471,
        "dvar": 0.00920136924833,
        "dvar2": 0.0244327317923,
        "max": 1,
        "mean": 0.992649912834,
        "median": 1,
        "min": 0,
        "var": 0.00729614589363
    },
    "silence_rate_30dB": {
        "dmean": 0.0750773996115,
        "dmean2": 0.150212928653,
        "dvar": 0.0694399550557,
        "dvar2": 0.143132507801,
        "max": 1,
        "mean": 0.855705976486,
        "median": 1,
        "min": 0,
        "var": 0.123475298285
    },
    "silence_rate_60dB": {
        "dmean": 0.039473682642,
        "dmean2": 0.0789779350162,
        "dvar": 0.0379141829908,
        "dvar2": 0.083582945168,
        "max": 1,
        "mean": 0.11102514714,
        "median": 0,
        "min": 0,
        "var": 0.0987005904317
    },
    "spectral_centroid": {
        "dmean": 182.743331909,
        "dmean2": 273.548400879,
        "dvar": 144541.484375,
        "dvar2": 265491.09375,
        "max": 4686.07714844,
        "mean": 589.61932373,
        "median": 310.165039062,
        "min": 84.0490341187,
        "var": 578578.9375
    },
    "spectral_complexity": {
        "dmean": 1.90789473057,
        "dmean2": 3.04955482483,
        "dvar": 9.23608589172,
        "dvar2": 20.8523616791,
        "max": 41,
        "mean": 6.74352025986,
        "median": 5,
        "min": 0,
        "var": 33.349647522
    },
    "spectral_decrease": {
        "dmean": 5.08982012093e-09,
        "dmean2": 6.74510225451e-09,
        "dvar": 8.37981738468e-17,
        "dvar2": 1.27017606464e-16,
        "max": -2.71773516235e-13,
        "mean": -1.4336867693e-08,
        "median": -9.26266530143e-09,
        "min": -1.10810134402e-07,
        "var": 2.97779197168e-16
    },
    "spectral_energy": {
        "dmean": 0.0194492898881,
        "dmean2": 0.0258318576962,
        "dvar": 0.00121012888849,
        "dvar2": 0.00183629384264,
        "max": 0.421197384596,
        "mean": 0.0551400333643,
        "median": 0.0363237857819,
        "min": 1.0427528423e-06,
        "var": 0.00431136833504
    },
    "spectral_energyband_high": {
        "dmean": 0.000291622127406,
        "dmean2": 0.000438688701252,
        "dvar": 2.50764651355e-06,
        "dvar2": 4.88138175569e-06,
        "max": 0.0469853654504,
        "mean": 0.000448721024441,
        "median": 1.91736835404e-05,
        "min": 6.41504405152e-10,
        "var": 6.84760016156e-06
    },
    "spectral_energyband_low": {
        "dmean": 0.0174692086875,
        "dmean2": 0.0228212010115,
        "dvar": 0.00119975267444,
        "dvar2": 0.0018267754931,
        "max": 0.419554263353,
        "mean": 0.0436778254807,
        "median": 0.0200970154256,
        "min": 6.84363158143e-07,
        "var": 0.00402738153934
    },
    "spectral_energyband_middle_high": {
        "dmean": 0.000501362257637,
        "dmean2": 0.000767079123762,
        "dvar": 1.58409034157e-06,
        "dvar2": 3.60661601917e-06,
        "max": 0.0209937039763,
        "mean": 0.000888116424903,
        "median": 0.000219826295506,
        "min": 7.73132580179e-09,
        "var": 3.52197275788e-06
    },
    "spectral_energyband_middle_low": {
        "dmean": 0.00566242402419,
        "dmean2": 0.00874938815832,
        "dvar": 9.07502544578e-05,
        "dvar2": 0.000205420932616,
        "max": 0.153149172664,
        "mean": 0.0149377454072,
        "median": 0.00600704271346,
        "min": 4.61714961375e-07,
        "var": 0.000354599265847
    },
    "spectral_entropy": {
        "dmean": 0.266756474972,
        "dmean2": 0.377548575401,
        "dvar": 0.0996505096555,
        "dvar2": 0.178512006998,
        "max": 8.56970596313,
        "mean": 6.53570318222,
        "median": 6.5468506813,
        "min": 4.0253777504,
        "var": 0.865215837955
    },
    "spectral_flux": {
        "dmean": 0.0339429453015,
        "dmean2": 0.0544700473547,
        "dvar": 0.00209489278495,
        "dvar2": 0.00476593943313,
        "max": 0.421154350042,
        "mean": 0.0751968249679,
        "median": 0.0576239489019,
        "min": 0.0022803384345,
        "var": 0.00409233942628
    },
    "spectral_kurtosis": {
        "dmean": 4.74238443375,
        "dmean2": 7.75573015213,
        "dvar": 35.3765716553,
        "dvar2": 89.663444519,
        "max": 92.2275161743,
        "mean": 11.476729393,
        "median": 7.17629623413,
        "min": -1.13373267651,
        "var": 171.624755859
    },
    "spectral_rms": {
        "dmean": 0.00118295138236,
        "dmean2": 0.00155493384227,
        "dvar": 2.56198359239e-06,
        "dvar2": 3.69482859242e-06,
        "max": 0.0202712677419,
        "mean": 0.00623381976038,
        "median": 0.0059529687278,
        "min": 3.18954516842e-05,
        "var": 1.49345387399e-05
    },
    "spectral_rolloff": {
        "dmean": 239.364990234,
        "dmean2": 408.482666016,
        "dvar": 675071.5625,
        "dvar2": 1453513.5,
        "max": 8936.27929688,
        "mean": 508.132781982,
        "median": 193.798828125,
        "min": 64.599609375,
        "var": 1371877.5
    },
    "spectral_skewness": {
        "dmean": 0.455568730831,
        "dmean2": 0.719189584255,
        "dvar": 0.212208896875,
        "dvar2": 0.477611273527,
        "max": 8.39094543457,
        "mean": 2.37939691544,
        "median": 2.09196305275,
        "min": -0.318896889687,
        "var": 1.84104812145
    },
    "spectral_spread": {
        "dmean": 509199.5,
        "dmean2": 777886,
        "dvar": 354130001920,
        "dvar2": 710959955968,
        "max": 12104764,
        "mean": 3514751,
        "median": 3295600.5,
        "min": 821846.25,
        "var": 1.92039105331e+12
    },
    "spectral_strongpeak": {
        "dmean": 0.273235827684,
        "dmean2": 0.436240911484,
        "dvar": 0.283355563879,
        "dvar2": 0.650931477547,
        "max": 15.9665718079,
        "mean": 0.713727295399,
        "median": 0.575720727444,
        "min": 0,
        "var": 0.498073875904
    },
    "zerocrossingrate": {
        "dmean": 0.0062938015908,
        "dmean2": 0.00725881196558,
        "dvar": 0.000165441684658,
        "dvar2": 0.000154491979629,
        "max": 0.296875,
        "mean": 0.0222442802042,
        "median": 0.01220703125,
        "min": 0.00244140625,
        "var": 0.0011066715233
    },
    "barkbands": {
        "dmean": [0.0001078382993, 0.0126311546192, 0.00495395995677, 0.00395052181557, 0.00142735755071, 0.00119569012895, 0.000791826692875, 0.00032000959618, 0.000102200159745, 6.86591956764e-05, 3.82528669434e-05, 6.29716232652e-05, 6.34204479866e-05, 0.000112742302008, 9.6020019555e-05, 4.55591216451e-05, 5.37465384696e-05, 5.27012562088e-05, 6.56485353829e-05, 0.000101874917164, 7.41626427043e-05, 3.80060591851e-05, 5.15283609275e-05, 8.17882246338e-05, 1.83464399015e-05, 1.43031373412e-08, 2.23261564791e-09],
        "dmean2": [0.000179727285285, 0.0167240705341, 0.00672339741141, 0.00628246320412, 0.00226236972958, 0.00167604570743, 0.00123196234927, 0.000452611886431, 0.00014622247545, 9.91298365989e-05, 5.85096204304e-05, 0.000101360048575, 0.000102190671896, 0.000188525562407, 0.0001619765535, 7.45321958675e-05, 8.51262520882e-05, 8.13004517113e-05, 0.000103227132058, 0.000146983686136, 0.000116241688374, 5.6621091062e-05, 8.17705367808e-05, 0.000134901318233, 2.9783732316e-05, 2.3063780219e-08, 4.13412681866e-09],
        "dvar": [8.62157136794e-08, 0.000913010677323, 0.000100568664493, 4.3117612222e-05, 6.83683902025e-06, 8.22976198833e-06, 1.789419548e-05, 1.68898554875e-06, 2.23389520215e-07, 8.30676754049e-08, 2.48882443543e-08, 1.0167280351e-07, 5.69635858483e-08, 1.31738843834e-07, 9.4333756806e-08, 2.49078127013e-08, 6.41940971491e-08, 5.58984680765e-08, 1.70655326315e-07, 2.92673149715e-07, 1.629803279e-07, 5.80906984737e-08, 1.30244444563e-07, 3.75663603336e-07, 8.28786372864e-09, 3.28441429869e-15, 1.92206780788e-17],
        "dvar2": [1.93082314581e-07, 0.00139566056896, 0.000192685096408, 0.000105448794784, 1.69380218722e-05, 1.36717417263e-05, 4.795087807e-05, 2.88022670247e-06, 3.97396689777e-07, 1.43133618735e-07, 5.6757961886e-08, 2.60981153133e-07, 1.26098512965e-07, 3.28443917397e-07, 2.55839154306e-07, 6.26540597182e-08, 1.50155045731e-07, 1.06918456311e-07, 3.87128324064e-07, 5.1202044915e-07, 3.37902974934e-07, 1.0571278608e-07, 3.02280199094e-07, 9.6945700534e-07, 2.09669490658e-08, 7.71386637021e-15, 6.15763306501e-17],
        "max": [0.0049505145289, 0.39759349823, 0.177044659853, 0.0860906392336, 0.0386131070554, 0.0520637556911, 0.132734522223, 0.0427787005901, 0.011779319495, 0.00796470046043, 0.00376759795472, 0.0074059208855, 0.00507544213906, 0.00638729287311, 0.00547208217904, 0.00303216231987, 0.00635905843228, 0.00658435653895, 0.0133719481528, 0.0143383378163, 0.0118389204144, 0.00731980055571, 0.0121765173972, 0.0174979604781, 0.00236309715547, 1.25453470901e-06, 5.54926522511e-08],
        "mean": [0.000137114519021, 0.0286245346069, 0.0101232212037, 0.00801048986614, 0.00293744099326, 0.00238845101558, 0.000878354825545, 0.000527101801708, 0.000160683368449, 9.9544551631e-05, 5.53035824851e-05, 8.29298296594e-05, 7.73288629716e-05, 0.000149541869177, 0.000112086629088, 5.28841301275e-05, 6.79932854837e-05, 7.10330714355e-05, 8.19100314402e-05, 0.000146004473208, 0.000105795319541, 6.42333179712e-05, 6.93027250236e-05, 9.55316645559e-05, 2.12235827348e-05, 1.61603264104e-08, 1.81250969788e-09],
        "median": [2.58494765148e-05, 0.00549044599757, 0.00306071154773, 0.00200925953686, 0.00124976225197, 0.000302814936731, 6.99188822182e-05, 2.76462087641e-05, 1.20987315313e-05, 1.19118994917e-05, 6.6046604843e-06, 8.72979489941e-06, 9.74781960394e-06, 2.16912085307e-05, 1.6034262444e-05, 8.53458641359e-06, 7.4850108831e-06, 9.0481062216e-06, 6.19431557425e-06, 5.11658436153e-06, 4.46729609394e-06, 2.64741311184e-06, 1.84585439911e-06, 1.9590197553e-06, 6.40142673092e-07, 1.67496339021e-09, 4.08591604995e-10],
        "min": [7.3193611172e-09, 4.4742196792e-07, 1.10346334736e-07, 2.29331647006e-07, 3.96562249705e-08, 3.60062601956e-09, 9.47069178636e-09, 1.40206857235e-09, 8.08899336402e-10, 3.62529395392e-10, 2.57571491913e-10, 3.01844549355e-10, 3.12226827726e-10, 7.18489379103e-10, 3.01766145405e-09, 1.75748096631e-10, 1.79008280421e-10, 6.00982374976e-10, 3.41342981658e-10, 3.94294874528e-10, 1.46235953902e-10, 6.14831588419e-11, 6.99469093757e-11, 8.5606674527e-11, 1.02538075253e-10, 1.37401479083e-11, 2.00014605573e-11],
        "var": [1.91246755321e-07, 0.00286777550355, 0.000294014374958, 0.0001403856877, 1.98800807993e-05, 3.00369847537e-05, 1.50036776176e-05, 5.31613568455e-06, 5.21431047673e-07, 1.85566406685e-07, 3.97983654921e-08, 1.22758038401e-07, 7.96737182895e-08, 2.08376135902e-07, 1.1526432786e-07, 2.68377515766e-08, 8.16006533455e-08, 9.143866464e-08, 2.57443360852e-07, 6.74574550885e-07, 3.78149934477e-07, 1.82802978088e-07, 2.63680419721e-07, 4.59107212691e-07, 1.21034471334e-08, 5.43876340245e-15, 1.53253174838e-17]
    },
    "erbbands": {
        "dmean": [0.243990913033, 3.24035692215, 5.37062644958, 11.3343677521, 7.86115646362, 3.98257231712, 6.30898141861, 11.5288391113, 10.5837182999, 10.2237873077, 4.0112285614, 2.18236804008, 2.34775400162, 1.99606144428, 1.568816185, 2.32599925995, 2.60410785675, 5.13735532761, 5.39790821075, 3.82552552223, 2.1486685276, 2.95368289948, 2.82080936432, 3.22682476044, 3.4518802166, 5.30094432831, 3.72908449173, 2.44452595711, 1.39203679562, 1.38947963715, 1.52012896538, 1.80194711685, 1.25646960735, 0.389965385199, 0.0302592422813, 0.00133923371322, 7.45440993342e-05, 1.09698348751e-05, 1.04128785097e-05, 2.15230429603e-05],
        "dmean2": [0.34871929884, 4.24606704712, 7.09717082977, 17.2645530701, 12.3464384079, 6.21553325653, 9.31670284271, 16.2690448761, 16.8802261353, 15.0220222473, 5.77221536636, 3.14720678329, 3.34532928467, 2.97455358505, 2.35296392441, 3.68581724167, 4.0424656868, 8.33977985382, 9.02114295959, 6.38779401779, 3.53086972237, 4.64392137527, 4.22249317169, 4.97844552994, 5.2265996933, 7.60365867615, 5.80927848816, 3.86677455902, 2.00003051758, 2.22173857689, 2.37185811996, 2.92710614204, 2.1208217144, 0.62689435482, 0.0479398667812, 0.00212645484135, 0.000117788425996, 1.76185803866e-05, 1.4399630345e-05, 2.88752580673e-05],
        "dvar": [0.300796031952, 63.0018310547, 102.437454224, 400.721801758, 246.598739624, 68.7132644653, 261.101165771, 826.969238281, 3337.72436523, 1613.76818848, 275.421325684, 87.6513214111, 176.109420776, 77.1495742798, 31.6793041229, 156.765304565, 94.9902801514, 282.926300049, 287.304138184, 166.763641357, 56.1699943542, 186.147628784, 128.174591064, 412.980834961, 454.942718506, 844.977233887, 420.730072021, 206.018432617, 75.0988922119, 102.476417542, 101.113937378, 243.363800049, 57.6736183167, 3.43530511856, 0.0259238686413, 4.97728433402e-05, 1.25363683878e-07, 2.63392596622e-09, 3.744692334e-10, 1.41840728052e-09],
        "dvar2": [0.565870583057, 95.5025558472, 182.428146362, 908.946594238, 632.455749512, 151.176422119, 465.570648193, 1459.20581055, 9011.77734375, 3540.62841797, 521.73260498, 162.990722656, 319.679199219, 162.043395996, 73.3042755127, 412.558929443, 213.867263794, 697.680053711, 753.503112793, 454.687286377, 143.730331421, 431.2890625, 233.837249756, 871.923828125, 1079.74414062, 1521.98132324, 792.760620117, 480.144348145, 117.833587646, 259.988830566, 209.443939209, 637.023254395, 141.54699707, 8.21675777435, 0.0634998306632, 0.000120827658975, 2.87200350613e-07, 5.91518389825e-09, 6.94956536762e-10, 2.17987317086e-09],
        "max": [6.18964004517, 106.160331726, 124.278167725, 341.736328125, 273.851501465, 216.408447266, 338.690429688, 583.890991211, 1810.63647461, 847.100891113, 479.065948486, 255.035736084, 519.993103027, 203.14881897, 137.890548706, 304.702270508, 203.29258728, 360.939086914, 445.742919922, 269.091766357, 175.123016357, 333.111480713, 299.206207275, 570.606811523, 773.777893066, 926.968994141, 526.036071777, 466.127746582, 289.937255859, 274.180236816, 313.161773682, 506.361816406, 202.894287109, 48.4310646057, 5.00490999222, 0.219886258245, 0.010099446401, 0.00123929674737, 0.000365057436284, 0.000454690685729],
        "mean": [0.524901628494, 7.34939241409, 11.8800506592, 23.4102668762, 17.7650241852, 8.02035236359, 11.6310930252, 21.7458496094, 12.6859045029, 15.5143213272, 6.93769645691, 3.54453682899, 3.52044129372, 3.03219246864, 2.50661087036, 3.14580011368, 3.58812904358, 7.01539373398, 6.88370466232, 4.62868261337, 2.70831894875, 3.93065452576, 4.03925132751, 4.02746772766, 4.46506023407, 7.31302070618, 5.59570074081, 3.33884334564, 2.40108656883, 1.88924634457, 2.07690191269, 2.09258913994, 1.4589548111, 0.470866799355, 0.0361236892641, 0.00164120621048, 0.00010658075189, 1.54312765517e-05, 2.81869379251e-05, 6.14263190073e-05],
        "median": [0.109977275133, 1.52257788181, 4.62361049652, 8.33171272278, 6.02831077576, 3.5003015995, 3.00074291229, 2.02188897133, 1.36462211609, 1.09389054775, 0.589448034763, 0.337649554014, 0.324382334948, 0.387285113335, 0.326912730932, 0.363256961107, 0.497703760862, 1.05586159229, 0.986577689648, 0.78364533186, 0.43956014514, 0.487826824188, 0.547996878624, 0.360017091036, 0.310618519783, 0.253417819738, 0.215795144439, 0.142531096935, 0.0956377536058, 0.0537816472352, 0.0537807121873, 0.0427475757897, 0.032876778394, 0.0145045155659, 0.000978913507424, 8.52882076288e-05, 2.13364201045e-05, 2.80555241261e-06, 1.91459002963e-05, 4.15763170167e-05],
        "min": [9.77697072813e-06, 0.00010816478607, 0.000172104671947, 0.000502747076098, 0.000607034889981, 8.49712305353e-05, 2.70114651357e-05, 4.12726913055e-05, 0.000123744190205, 8.34738166304e-05, 3.89697270293e-05, 1.69112263393e-05, 1.29010741148e-05, 1.42413100548e-05, 8.82699896465e-06, 1.3411902728e-05, 1.72508644027e-05, 4.34635330748e-05, 0.000135269001476, 4.67115205538e-05, 1.1031831491e-05, 1.33651892611e-05, 3.3831314795e-05, 1.03120091808e-05, 2.63598140009e-05, 1.69350987562e-05, 5.45930652152e-06, 3.61364573109e-06, 2.55221084444e-06, 1.45974524912e-06, 2.53311327469e-06, 2.06479558074e-06, 1.65839912825e-06, 2.13922476178e-06, 2.26457615327e-07, 6.82892533632e-08, 2.59085961574e-08, 1.06800737143e-08, 3.32545679882e-09, 1.38845945852e-09],
        "var": [0.841370284557, 197.00894165, 287.591400146, 1112.14611816, 822.821655273, 244.127105713, 678.824645996, 2892.72167969, 2582.59570312, 3135.7434082, 743.572021484, 207.02722168, 355.481231689, 150.370025635, 64.3157119751, 183.111297607, 152.693313599, 436.63180542, 427.430084229, 180.156341553, 64.1093139648, 249.594390869, 237.9480896, 571.135437012, 664.906799316, 1854.25390625, 1020.08483887, 393.265838623, 263.837097168, 189.654067993, 222.022781372, 287.24420166, 79.6093673706, 5.68026781082, 0.036904823035, 7.27177612134e-05, 2.15910674228e-07, 4.89314855301e-09, 1.16849196985e-09, 5.08427389079e-09]
    },
    "gfcc": {
        "mean": [-126.244316101, 153.270431519, -83.08253479, 71.6554412842, -39.6915359497, 17.5637760162, -33.295791626, -9.6779756546, -6.13930416107, -13.5688390732, 7.45406246185, -26.2092456818, 6.19359397888],
        "cov": [[8457.13574219, -1017.18249512, -1658.46801758, 97.551940918, -1285.00024414, -271.34588623, -649.018066406, 62.1866912842, -56.1180953979, 63.3056716919, -19.2523803711, 9.81794929504, -214.303314209], [-1017.18249512, 1639.91833496, 498.753814697, -706.554931641, 339.164794922, -303.784454346, 240.161880493, -209.959213257, 182.855361938, -191.552810669, 42.3796653748, 30.6023368835, 10.8561143875], [-1658.46801758, 498.753814697, 1667.1574707, 74.8355789185, 542.326660156, 74.8504943848, 390.895812988, -56.6934623718, 24.3133220673, -87.1305236816, 6.3746547699, 93.8416519165, 92.639289856], [97.551940918, -706.554931641, 74.8355789185, 616.280639648, 67.9410400391, 97.3896408081, -36.7113990784, 49.1090354919, -58.6593894958, 64.0203552246, 3.96675562859, 2.0691177845, 52.4332542419], [-1285.00024414, 339.164794922, 542.326660156, 67.9410400391, 640.117736816, 69.969291687, 150.481140137, -19.2928562164, 87.2060241699, -8.41725444794, 24.1431236267, 10.5114793777, 75.8268890381], [-271.34588623, -303.784454346, 74.8504943848, 97.3896408081, 69.969291687, 305.668426514, 85.5399475098, 97.662940979, -28.5099506378, 60.3179740906, -1.54700958729, -14.2061920166, 15.7567844391], [-649.018066406, 240.161880493, 390.895812988, -36.7113990784, 150.481140137, 85.5399475098, 413.069366455, 30.5432720184, 6.2116818428, -21.872592926, 31.8628520966, 43.2020721436, 15.2896928787], [62.1866912842, -209.959213257, -56.6934623718, 49.1090354919, -19.2928562164, 97.662940979, 30.5432720184, 179.455673218, 16.3367137909, 53.0258789062, 6.99683141708, 3.54548954964, 0.231838881969], [-56.1180953979, 182.855361938, 24.3133220673, -58.6593894958, 87.2060241699, -28.5099506378, 6.2116818428, 16.3367137909, 122.2084198, 14.9307422638, 10.2422590256, 5.22340679169, 3.97952079773], [63.3056716919, -191.552810669, -87.1305236816, 64.0203552246, -8.41725444794, 60.3179740906, -21.872592926, 53.0258789062, 14.9307422638, 113.275238037, 21.2765979767, -10.9319658279, -2.88557124138], [-19.2523803711, 42.3796653748, 6.3746547699, 3.96675562859, 24.1431236267, -1.54700958729, 31.8628520966, 6.99683141708, 10.2422590256, 21.2765979767, 84.8822631836, 39.8805160522, -7.69900417328], [9.81794929504, 30.6023368835, 93.8416519165, 2.0691177845, 10.5114793777, -14.2061920166, 43.2020721436, 3.54548954964, 5.22340679169, -10.9319658279, 39.8805160522, 98.6060638428, 16.3256874084], [-214.303314209, 10.8561143875, 92.639289856, 52.4332542419, 75.8268890381, 15.7567844391, 15.2896928787, 0.231838881969, 3.97952079773, -2.88557124138, -7.69900417328, 16.3256874084, 73.3981781006]],
        "icov": [[0.000198001216631, 1.6131250959e-05, 6.84543483658e-05, -0.000105606581201, 0.000308082817355, 5.13332088303e-05, 0.000120572687592, -1.02711446743e-05, -0.000221005175263, 6.10872957623e-05, 4.00076314691e-05, -0.00020885617414, 0.000275422207778], [1.6131250959e-05, 0.00646858662367, -0.000766230630688, 0.00612088711932, -0.00191628944594, 0.00377034326084, -0.00231802230701, 0.0029574050568, -0.00481927860528, 0.00468630343676, -0.0047911060974, 0.00354312313721, -0.00351639930159], [6.84543483658e-05, -0.000766230630688, 0.00122201268096, -0.000895046978258, -0.000420529715484, -0.000469756487291, -0.000418420851929, -3.73780276277e-05, 0.000683127087541, -0.000186816163477, 0.00127971160691, -0.0013976310147, 0.000433523440734], [-0.000105606581201, 0.00612088711932, -0.000895046978258, 0.00798142421991, -0.00227986206301, 0.00339620979503, -0.00182202388532, 0.00238029821776, -0.00300106429495, 0.00325431628153, -0.00469083432108, 0.00344442809001, -0.00475492235273], [0.000308082817355, -0.00191628944594, -0.000420529715484, -0.00227986206301, 0.00403457554057, -0.00175637926441, 0.00069098174572, -0.00023879003129, -0.00117896951269, -0.00081402430078, -1.25239275803e-05, 0.000109016662464, -0.000585471687373], [5.13332088303e-05, 0.00377034326084, -0.000469756487291, 0.00339620979503, -0.00175637926441, 0.00737342983484, -0.00221616472118, -0.000575225334615, -0.00066716724541, 0.000525161100086, -0.00202819984406, 0.00273818941787, -0.00231091980822], [0.000120572687592, -0.00231802230701, -0.000418420851929, -0.00182202388532, 0.00069098174572, -0.00221616472118, 0.00455500138924, -0.00179739762098, 0.00181038468145, -0.00079535425175, 0.000502583454363, -0.00184516061563, 0.0016770287184], [-1.02711446743e-05, 0.0029574050568, -3.73780276277e-05, 0.00238029821776, -0.00023879003129, -0.000575225334615, -0.00179739762098, 0.0093928668648, -0.00426177214831, 3.84378326999e-05, -0.00151172175538, 0.000543065369129, -0.00145249767229], [-0.000221005175263, -0.00481927860528, 0.000683127087541, -0.00300106429495, -0.00117896951269, -0.00066716724541, 0.00181038468145, -0.00426177214831, 0.0153701752424, -0.0061733587645, 0.00380782759748, -0.00310954079032, 0.00236174464226], [6.10872957623e-05, 0.00468630343676, -0.000186816163477, 0.00325431628153, -0.00081402430078, 0.000525161100086, -0.00079535425175, 3.84378326999e-05, -0.0061733587645, 0.0169735439122, -0.00806376244873, 0.00507273618132, -0.002682127757], [4.00076314691e-05, -0.0047911060974, 0.00127971160691, -0.00469083432108, -1.25239275803e-05, -0.00202819984406, 0.000502583454363, -0.00151172175538, 0.00380782759748, -0.00806376244873, 0.021642036736, -0.0111224027351, 0.00713022472337], [-0.00020885617414, 0.00354312313721, -0.0013976310147, 0.00344442809001, 0.000109016662464, 0.00273818941787, -0.00184516061563, 0.000543065369129, -0.00310954079032, 0.00507273618132, -0.0111224027351, 0.017863355577, -0.00692014908418], [0.000275422207778, -0.00351639930159, 0.000433523440734, -0.00475492235273, -0.000585471687373, -0.00231091980822, 0.0016770287184, -0.00145249767229, 0.00236174464226, -0.002682127757, 0.00713022472337, -0.00692014908418, 0.020607996732]]
    },
    "melbands": {
        "dmean": [0.00297609344125, 0.00343509507366, 0.00177927140612, 0.000374809082132, 0.000207464618143, 0.000248225318501, 0.00016168296861, 0.000103111269709, 2.80672375084e-05, 1.39149688039e-05, 1.16372175398e-05, 8.38258074509e-06, 5.05977823195e-06, 6.14919554209e-06, 7.16316162652e-06, 6.21803337708e-06, 1.06288080133e-05, 9.421312825e-06, 6.65408879286e-06, 3.92731408283e-06, 2.30025943893e-06, 3.01072782349e-06, 3.29143063027e-06, 2.32152365243e-06, 2.73868658951e-06, 2.42135138251e-06, 2.81053598883e-06, 3.94804192183e-06, 2.54636006503e-06, 1.9451595108e-06, 1.25267263229e-06, 8.60907277911e-07, 7.03530076862e-07, 8.42403437673e-07, 8.86606301265e-07, 1.00249212664e-06, 1.19648439068e-06, 1.0020261243e-06, 5.70328268168e-07, 2.63271118683e-07],
        "dmean2": [0.00402035331354, 0.0044169742614, 0.0027543976903, 0.000593065982684, 0.000309433729853, 0.000348117522663, 0.00025654543424, 0.000150552034029, 4.02066107199e-05, 2.04929365282e-05, 1.66771696968e-05, 1.25587112052e-05, 7.64399101172e-06, 1.00010674942e-05, 1.09273642011e-05, 9.81140692602e-06, 1.73224198079e-05, 1.60239942488e-05, 1.12020570668e-05, 6.54054838378e-06, 3.83153474104e-06, 4.91505579703e-06, 5.18277556694e-06, 3.63708500117e-06, 4.27405302617e-06, 3.80885376217e-06, 4.11876180806e-06, 5.66500648347e-06, 3.91040202885e-06, 3.18661545862e-06, 1.98652946892e-06, 1.26582528992e-06, 1.02557203263e-06, 1.39903067975e-06, 1.38871610034e-06, 1.58434045261e-06, 2.00404633688e-06, 1.68795099853e-06, 9.35792570544e-07, 4.23075420031e-07],
        "dvar": [4.74385706184e-05, 5.27372612851e-05, 8.84191922523e-06, 4.5374150659e-07, 2.10370004083e-07, 3.54783026069e-07, 7.7465438153e-07, 1.47773903336e-07, 1.34215554226e-08, 4.19131440665e-09, 4.26141655296e-09, 1.40660594283e-09, 4.22400892042e-10, 8.53264070511e-10, 1.40539990756e-09, 5.21430565392e-10, 1.31594779518e-09, 9.74880287608e-10, 4.91115315082e-10, 1.8232511334e-10, 7.86388593133e-11, 2.05391204045e-10, 2.28103050337e-10, 1.30154970135e-10, 3.33242489159e-10, 3.09428982437e-10, 2.11295453356e-10, 5.03950270403e-10, 1.923079751e-10, 1.33039551597e-10, 5.14297909815e-11, 3.01477558196e-11, 1.96216081577e-11, 4.36564950856e-11, 3.64062183178e-11, 4.23808245442e-11, 1.57066609718e-10, 4.14619900913e-11, 6.88617912692e-12, 1.90140806745e-12],
        "dvar2": [7.49612081563e-05, 8.25659299153e-05, 2.04905281862e-05, 1.13488101761e-06, 3.78454615202e-07, 6.1658749928e-07, 2.09674772123e-06, 2.9470231766e-07, 2.53972665121e-08, 7.67636709753e-09, 7.7352391159e-09, 2.87299672941e-09, 9.8633001766e-10, 2.3315225306e-09, 3.35913652449e-09, 1.24794841128e-09, 3.30692162542e-09, 2.60275268005e-09, 1.345466627e-09, 4.75962103064e-10, 2.02989625109e-10, 4.92792584517e-10, 4.55175785952e-10, 2.36114378049e-10, 7.21845028195e-10, 7.56347484643e-10, 4.48009546128e-10, 9.00618135624e-10, 3.84834081268e-10, 3.03770786303e-10, 1.18766149693e-10, 5.19383425157e-11, 3.98698123127e-11, 1.21515658646e-10, 7.99041666166e-11, 9.12128497732e-11, 4.30974866905e-10, 1.02365393939e-10, 1.63261886649e-11, 4.83388069156e-12],
        "max": [0.0860117375851, 0.0886843800545, 0.0481773540378, 0.0106491995975, 0.00884185079485, 0.0117197940126, 0.0281666591763, 0.00840600673109, 0.00313977058977, 0.00173154124059, 0.0025120775681, 0.000834107049741, 0.000579978281166, 0.000723422155716, 0.00098970066756, 0.000550262746401, 0.00078443082748, 0.000867918715812, 0.000480400689412, 0.000212940969504, 0.000260308035649, 0.00034817980486, 0.000414779846324, 0.000369864952518, 0.000507346296217, 0.000706575461663, 0.000294604018563, 0.000772525847424, 0.000313798896968, 0.000411482382333, 0.00019872005214, 0.000171181090991, 0.000132644738187, 0.000173926586285, 0.00017716747243, 0.000225527124712, 0.00041690535727, 0.000191314000404, 5.47345807718e-05, 4.05018290621e-05],
        "mean": [0.00675042252988, 0.00804798305035, 0.00396832125261, 0.00082080118591, 0.000396745017497, 0.000474408618174, 0.000190925769857, 0.000166451893165, 4.65301345685e-05, 2.21215777856e-05, 1.71996052813e-05, 1.22394149003e-05, 7.83715950092e-06, 8.19329943624e-06, 9.06518016563e-06, 7.76868273533e-06, 1.40713755172e-05, 1.16369828902e-05, 7.70076439949e-06, 4.64588401883e-06, 2.76047580883e-06, 3.84443774237e-06, 4.41963948106e-06, 3.13437635668e-06, 3.26663007399e-06, 3.03704291582e-06, 3.54401777258e-06, 5.3201706578e-06, 3.66563767784e-06, 2.60237220573e-06, 1.69716690834e-06, 1.4541242308e-06, 1.02224896636e-06, 1.04932723843e-06, 1.19162780265e-06, 1.2176628843e-06, 1.30780870222e-06, 1.13253440759e-06, 6.5992276177e-07, 3.09883688487e-07],
        "median": [0.00133525941055, 0.00297580473125, 0.00163231207989, 0.000373321730876, 9.79571414064e-05, 4.76899731439e-05, 1.93364503502e-05, 9.79122978606e-06, 3.90824015994e-06, 1.82370763468e-06, 1.51769415879e-06, 1.5348408624e-06, 1.01816431197e-06, 9.37022491598e-07, 8.49453044793e-07, 1.14080569347e-06, 1.96007022168e-06, 1.5427276594e-06, 1.14373744964e-06, 7.54259133373e-07, 3.96693707216e-07, 4.34718572251e-07, 5.49481399048e-07, 3.75387315898e-07, 2.41724507077e-07, 2.14026727008e-07, 1.84062031394e-07, 1.5541779419e-07, 1.31325094799e-07, 1.0497041103e-07, 7.00167746004e-08, 5.78722954003e-08, 3.38806032119e-08, 2.32794103994e-08, 2.61234482934e-08, 2.99589331121e-08, 2.12926547505e-08, 2.25142926524e-08, 1.81561397028e-08, 8.89326212672e-09],
        "min": [1.09006101923e-07, 1.12845782496e-07, 9.89799815443e-08, 1.86405717528e-08, 1.89445925614e-09, 9.07870889577e-10, 1.94514870877e-09, 7.3229283748e-10, 2.90893503729e-10, 9.84778994462e-11, 6.49612724724e-11, 5.7486144317e-11, 3.10592801478e-11, 2.82083748721e-11, 4.31008215229e-11, 3.82547500621e-11, 7.81377809678e-11, 1.72995492931e-10, 1.40997102882e-10, 1.93201774024e-11, 8.75704890546e-12, 1.17896621285e-11, 2.75303096292e-11, 1.89116014515e-11, 5.94252294941e-12, 1.37692088634e-11, 2.35620516154e-11, 8.53300763382e-12, 3.59834839876e-12, 2.20125111715e-12, 1.67564367329e-12, 1.38114053614e-12, 1.26046471437e-12, 5.99706699231e-13, 1.26213275942e-12, 1.85019079051e-12, 9.20481030807e-13, 9.9730781359e-13, 1.85958908862e-12, 1.63359712042e-12],
        "var": [0.000149615400005, 0.00016108599084, 2.68217063422e-05, 1.46377999499e-06, 5.92233902807e-07, 1.24914981825e-06, 6.03327123372e-07, 3.67638875787e-07, 3.52565088235e-08, 9.59599688599e-09, 8.57462367776e-09, 2.70963784743e-09, 7.20633663853e-10, 8.73951466751e-10, 2.1428652186e-09, 6.49873876934e-10, 1.95273974768e-09, 1.36602196221e-09, 5.41648004226e-10, 1.9195961487e-10, 8.26279461519e-11, 2.50974435678e-10, 3.59147434015e-10, 2.12859077586e-10, 4.34242475311e-10, 4.31741392637e-10, 3.56090629205e-10, 1.10270825804e-09, 4.31810309731e-10, 2.53935372729e-10, 9.90114726318e-11, 9.70693386781e-11, 5.07369736502e-11, 6.65913296727e-11, 7.5683362355e-11, 8.15243150765e-11, 1.44389458723e-10, 5.35575507554e-11, 1.12975757222e-11, 2.67662714909e-12]
    },
    "mfcc": {
        "mean": [-767.46295166, 154.936264038, 37.234588623, 49.5448570251, 32.1364440918, 20.1229953766, 8.11764335632, -2.78882884979, -0.485729396343, 5.02354955673, -0.739939451218, 2.28639149666, -6.65329265594],
        "cov": [[9973.57617188, -1852.98669434, -1114.51330566, -418.11340332, -823.16619873, -675.127929688, -785.651489258, -378.715667725, -387.040405273, -200.586898804, -67.7183914185, 135.782592773, -40.9126968384], [-1852.98669434, 2419.07055664, 230.3724823, -176.973434448, 23.516242981, 4.6584610939, -37.2110710144, 138.402801514, 33.0437164307, -110.283790588, 46.9909362793, -49.2295532227, 38.6750984192], [-1114.51330566, 230.3724823, 884.062316895, 217.891174316, 77.4685211182, 177.260574341, 204.069580078, 147.793548584, 80.179725647, -12.5437507629, -46.7611122131, 9.67329788208, 58.5476417542], [-418.11340332, -176.973434448, 217.891174316, 461.505523682, 164.882659912, 100.977828979, 82.952583313, 30.3888835907, 28.4595050812, 14.8449726105, -59.4235496521, -7.14384508133, 37.6227302551], [-823.16619873, 23.516242981, 77.4685211182, 164.882659912, 486.220153809, 119.425697327, 38.565864563, -5.25852203369, 70.6650924683, 57.023021698, -0.0107879564166, -28.666009903, -14.694943428], [-675.127929688, 4.6584610939, 177.260574341, 100.977828979, 119.425697327, 241.5884552, 158.487213135, 55.3402366638, 61.9298820496, 42.4343338013, -5.17819595337, 5.84545850754, 12.6676521301], [-785.651489258, -37.2110710144, 204.069580078, 82.952583313, 38.565864563, 158.487213135, 307.860137939, 122.919906616, 78.0184020996, 74.0750198364, 26.6920566559, 21.4159469604, 29.3160552979], [-378.715667725, 138.402801514, 147.793548584, 30.3888835907, -5.25852203369, 55.3402366638, 122.919906616, 174.105728149, 60.8493499756, 8.36056995392, 25.4147453308, 25.1876544952, 39.2012290955], [-387.040405273, 33.0437164307, 80.179725647, 28.4595050812, 70.6650924683, 61.9298820496, 78.0184020996, 60.8493499756, 144.996017456, 65.6743240356, 18.8613014221, 4.61365556717, -1.3681447506], [-200.586898804, -110.283790588, -12.5437507629, 14.8449726105, 57.023021698, 42.4343338013, 74.0750198364, 8.36056995392, 65.6743240356, 143.389602661, 50.1820411682, 3.51910638809, -19.7361030579], [-67.7183914185, 46.9909362793, -46.7611122131, -59.4235496521, -0.0107879564166, -5.17819595337, 26.6920566559, 25.4147453308, 18.8613014221, 50.1820411682, 133.66708374, 35.4291954041, 0.686691999435], [135.782592773, -49.2295532227, 9.67329788208, -7.14384508133, -28.666009903, 5.84545850754, 21.4159469604, 25.1876544952, 4.61365556717, 3.51910638809, 35.4291954041, 78.1489028931, 27.5962200165], [-40.9126968384, 38.6750984192, 58.5476417542, 37.6227302551, -14.694943428, 12.6676521301, 29.3160552979, 39.2012290955, -1.3681447506, -19.7361030579, 0.686691999435, 27.5962200165, 88.8258361816]],
