{
"lowlevel": {
    "average_loudness": 0.957221984863,
    "barkbands_crest": {
        "dmean": 3.23595809937,
        "dmean2": 5.21506404877,
        "dvar": 9.12201404572,
        "dvar2": 20.3697452545,
        "max": 25.9343299866,
        "mean": 12.0119361877,
        "median": 11.6444187164,
        "min": 2.71022057533,
        "var": 22.6014537811
    },
    "barkbands_flatness_db": {
        "dmean": 0.0450990982354,
        "dmean2": 0.0642526298761,
        "dvar": 0.00199633091688,
        "dvar2": 0.00389979081228,
        "max": 0.412271916866,
        "mean": 0.176396518946,
        "median": 0.173883393407,
        "min": 0.030600907281,
        "var": 0.0058652414009
    },
    "barkbands_kurtosis": {
        "dmean": 10.5472888947,
        "dmean2": 16.3272762299,
        "dvar": 361.497528076,
        "dvar2": 911.554626465,
        "max": 240.291549683,
        "mean": 15.3403787613,
        "median": 7.96078777313,
        "min": -1.90487921238,
        "var": 539.568969727
    },
    "barkbands_skewness": {
        "dmean": 1.14877891541,
        "dmean2": 1.72064638138,
        "dvar": 1.53987491131,
        "dvar2": 3.5671415329,
        "max": 14.845164299,
        "mean": 2.73961639404,
        "median": 2.48419451714,
        "min": -1.71154308319,
        "var": 3.87640523911
    },
    "barkbands_spread": {
        "dmean": 11.4363985062,
        "dmean2": 17.196685791,
        "dvar": 213.586593628,
        "dvar2": 452.66595459,
        "max": 95.2811126709,
        "mean": 22.7020721436,
        "median": 14.4354362488,
        "min": 0.395937561989,
        "var": 432.035827637
    },
    "dissonance": {
        "dmean": 0.023038296029,
        "dmean2": 0.0364991948009,
        "dvar": 0.000568694609683,
        "dvar2": 0.00130941823591,
        "max": 0.499999970198,
        "mean": 0.454342216253,
        "median": 0.466672450304,
        "min": 0.273987412453,
        "var": 0.00151071802247
    },
    "dynamic_complexity": 4.46450376511,
    "erbbands_crest": {
        "dmean": 2.99328899384,
        "dmean2": 4.50112771988,
        "dvar": 8.82355690002,
        "dvar2": 18.6029338837,
        "max": 28.09740448,
        "mean": 9.90810012817,
        "median": 8.91143608093,
        "min": 2.22857284546,
        "var": 26.6101398468
    },
    "erbbands_flatness_db": {
        "dmean": 0.0281247645617,
        "dmean2": 0.037814501673,
        "dvar": 0.000875376048498,
        "dvar2": 0.001579137519,
        "max": 0.320770949125,
        "mean": 0.146243408322,
        "median": 0.134768158197,
        "min": 0.067324899137,
        "var": 0.00271969521418
    },
    "erbbands_kurtosis": {
        "dmean": 2.40881299973,
        "dmean2": 3.62126708031,
        "dvar": 11.9444150925,
        "dvar2": 25.4173240662,
        "max": 30.601436615,
        "mean": 2.17427587509,
        "median": -0.00457096099854,
        "min": -1.81119084358,
        "var": 25.2627468109
    },
    "erbbands_skewness": {
        "dmean": 0.678853869438,
        "dmean2": 0.969976067543,
        "dvar": 0.455433517694,
        "dvar2": 0.953976750374,
        "max": 4.8105340004,
        "mean": 0.898280203342,
        "median": 0.802555859089,
        "min": -2.08827900887,
        "var": 1.78921580315
    },
    "erbbands_spread": {
        "dmean": 19.5189723969,
        "dmean2": 29.010093689,
        "dvar": 370.124938965,
        "dvar2": 849.403564453,
        "max": 160.037322998,
        "mean": 57.2129364014,
        "median": 53.949256897,
        "min": 5.30433225632,
        "var": 978.616882324
    },
    "hfc": {
        "dmean": 15.3977355957,
        "dmean2": 23.4085502625,
        "dvar": 1003.18548584,
        "dvar2": 2459.60229492,
        "max": 303.616088867,
        "mean": 18.8590393066,
        "median": 7.5696310997,
        "min": 6.98817120792e-06,
        "var": 1046.20324707
    },
    "melbands_crest": {
        "dmean": 3.75251698494,
        "dmean2": 5.99435377121,
        "dvar": 11.8681945801,
        "dvar2": 27.6189670563,
        "max": 31.4894924164,
        "mean": 16.5462646484,
        "median": 16.1078453064,
        "min": 3.2305226326,
        "var": 30.298948288
    },
    "melbands_flatness_db": {
        "dmean": 0.0552461631596,
        "dmean2": 0.076915062964,
        "dvar": 0.00299527146854,
        "dvar2": 0.00612175278366,
        "max": 0.520865917206,
        "mean": 0.23996065557,
        "median": 0.243154719472,
        "min": 0.0246766619384,
        "var": 0.0092841014266
    },
    "melbands_kurtosis": {
        "dmean": 28.7208423615,
        "dmean2": 44.3956222534,
        "dvar": 2588.4855957,
        "dvar2": 5610.54980469,
        "max": 877.279724121,
        "mean": 45.0769958496,
        "median": 23.7361774445,
        "min": -1.58576095104,
        "var": 4457.81933594
    },
    "melbands_skewness": {
        "dmean": 1.60809743404,
        "dmean2": 2.40480899811,
        "dvar": 2.99094200134,
        "dvar2": 6.86344480515,
        "max": 22.7224693298,
        "mean": 4.40335845947,
        "median": 3.75592136383,
        "min": 0.113176770508,
        "var": 7.53359603882
    },
    "melbands_spread": {
        "dmean": 12.1432390213,
        "dmean2": 18.9413909912,
        "dvar": 382.909454346,
        "dvar2": 922.723693848,
        "max": 196.952651978,
        "mean": 19.0189838409,
        "median": 9.55455875397,
        "min": 0.581124901772,
        "var": 588.842834473
    },
    "pitch_salience": {
        "dmean": 0.090624153614,
        "dmean2": 0.14167290926,
        "dvar": 0.00802364293486,
        "dvar2": 0.0166717991233,
        "max": 0.858387589455,
        "mean": 0.534326136112,
        "median": 0.535978496075,
        "min": 0.123936295509,
        "var": 0.0188008584082
    },
    "silence_rate_20dB": {
        "dmean": 0,
        "dmean2": 0,
        "dvar": 0,
        "dvar2": 0,
        "max": 1,
        "mean": 1,
        "median": 1,
        "min": 1,
        "var": 0
    },
    "silence_rate_30dB": {
        "dmean": 0.0139318881556,
        "dmean2": 0.0278853606433,
        "dvar": 0.0137379933149,
        "dvar2": 0.0379523858428,
        "max": 1,
        "mean": 0.991492629051,
        "median": 1,
        "min": 0,
        "var": 0.00843503884971
    },
    "silence_rate_60dB": {
        "dmean": 0.0557275526226,
        "dmean2": 0.111541442573,
        "dvar": 0.0526216626167,
        "dvar2": 0.109944559634,
        "max": 1,
        "mean": 0.144624903798,
        "median": 0,
        "min": 0,
        "var": 0.123710051179
    },
    "spectral_centroid": {
        "dmean": 433.408660889,
        "dmean2": 659.889648438,
        "dvar": 310187.75,
        "dvar2": 660392.625,
        "max": 4251.82275391,
        "mean": 1154.55786133,
        "median": 824.280700684,
        "min": 198.441467285,
        "var": 766603
    },
    "spectral_complexity": {
        "dmean": 5.31888532639,
        "dmean2": 7.97521305084,
        "dvar": 66.5439147949,
        "dvar2": 130.129714966,
        "max": 59,
        "mean": 11.355761528,
        "median": 8,
        "min": 0,
        "var": 121.64781189
    },
    "spectral_decrease": {
        "dmean": 3.1094395947e-09,
        "dmean2": 4.79277417753e-09,
        "dvar": 2.67339182236e-17,
        "dvar2": 6.21834018103e-17,
        "max": -1.31968601391e-15,
        "mean": -6.10883876817e-09,
        "median": -4.10284206609e-09,
        "min": -4.92450027423e-08,
        "var": 4.46633657119e-17
    },
    "spectral_energy": {
        "dmean": 0.0126706222072,
        "dmean2": 0.0193113163114,
        "dvar": 0.000420233700424,
        "dvar2": 0.000956460193265,
        "max": 0.187939584255,
        "mean": 0.0247667171061,
        "median": 0.0165473297238,
        "min": 5.61464474913e-09,
        "var": 0.000716606795322
    },
    "spectral_energyband_high": {
        "dmean": 0.00161439029034,
        "dmean2": 0.00253500021063,
        "dvar": 1.27645225803e-05,
        "dvar2": 3.20991748595e-05,
        "max": 0.0325769297779,
        "mean": 0.00153755804058,
        "median": 0.000240846682573,
        "min": 6.08032513227e-10,
        "var": 1.17739546113e-05
    },
    "spectral_energyband_low": {
        "dmean": 0.00777947576717,
        "dmean2": 0.012656099163,
        "dvar": 0.000335538847139,
        "dvar2": 0.000832764722873,
        "max": 0.184486016631,
        "mean": 0.0107737639919,
        "median": 0.00371731072664,
        "min": 1.72254710495e-10,
        "var": 0.000397964089643
    },
    "spectral_energyband_middle_high": {
        "dmean": 0.00146062881686,
        "dmean2": 0.00229342468083,
        "dvar": 1.49586567204e-05,
        "dvar2": 3.66924032278e-05,
        "max": 0.051791395992,
        "mean": 0.00184684304986,
        "median": 0.000415992020862,
        "min": 4.2439682324e-10,
        "var": 1.93859905266e-05
    },
    "spectral_energyband_middle_low": {
        "dmean": 0.00525970198214,
        "dmean2": 0.00842679757625,
        "dvar": 7.44633653085e-05,
        "dvar2": 0.0001856044546,
        "max": 0.0875300243497,
        "mean": 0.0115593206137,
        "median": 0.00678846193478,
        "min": 2.50709586425e-09,
        "var": 0.000160694486112
    },
    "spectral_entropy": {
        "dmean": 0.377691924572,
        "dmean2": 0.527719914913,
        "dvar": 0.185641735792,
        "dvar2": 0.341377407312,
        "max": 8.73272323608,
        "mean": 7.46832799911,
        "median": 7.57959079742,
        "min": 5.18999290466,
        "var": 0.519504368305
    },
    "spectral_flux": {
        "dmean": 0.0357609987259,
        "dmean2": 0.0521070435643,
        "dvar": 0.00181418948341,
        "dvar2": 0.00334410439245,
        "max": 0.3690084517,
        "mean": 0.0784823223948,
        "median": 0.0580560192466,
        "min": 8.73821336427e-05,
        "var": 0.00419987086207
    },
    "spectral_kurtosis": {
        "dmean": 1.90726733208,
        "dmean2": 2.96156406403,
        "dvar": 7.96649980545,
        "dvar2": 18.6643562317,
        "max": 33.059715271,
        "mean": 2.90342259407,
        "median": 1.60882854462,
        "min": -0.668797016144,
        "var": 11.7135133743
    },
    "spectral_rms": {
        "dmean": 0.00111931527499,
        "dmean2": 0.0016068945406,
        "dvar": 2.00207091439e-06,
        "dvar2": 3.91808225686e-06,
        "max": 0.0135408891365,
        "mean": 0.00425589317456,
        "median": 0.00401792675257,
        "min": 2.3404491003e-06,
        "var": 6.05008699495e-06
    },
    "spectral_rolloff": {
        "dmean": 1107.8449707,
        "dmean2": 1880.86071777,
        "dvar": 3425000.25,
        "dvar2": 7698184.5,
        "max": 11498.7304688,
        "mean": 1556.02038574,
        "median": 452.197265625,
        "min": 86.1328125,
        "var": 4783360
    },
    "spectral_skewness": {
        "dmean": 0.354119002819,
        "dmean2": 0.524495244026,
        "dvar": 0.147251427174,
        "dvar2": 0.317203193903,
        "max": 4.66249275208,
        "mean": 1.37627220154,
        "median": 1.23355746269,
        "min": 0.198574647307,
        "var": 0.372889131308
    },
    "spectral_spread": {
        "dmean": 1103494,
        "dmean2": 1485217.75,
        "dvar": 1.15350293709e+12,
        "dvar2": 2.34210800435e+12,
        "max": 13003176,
        "mean": 6330934,
        "median": 6448220,
        "min": 1851071.625,
        "var": 4.01197078938e+12
    },
    "spectral_strongpeak": {
        "dmean": 0.275796502829,
        "dmean2": 0.45339679718,
        "dvar": 0.159474238753,
        "dvar2": 0.38445392251,
        "max": 6.34628105164,
        "mean": 0.582260906696,
        "median": 0.329820156097,
        "min": 0,
        "var": 0.367299228907
    },
    "zerocrossingrate": {
        "dmean": 0.0215992648154,
        "dmean2": 0.024442428723,
        "dvar": 0.00049193931045,
        "dvar2": 0.000609676004387,
        "max": 0.35693359375,
        "mean": 0.0639051795006,
        "median": 0.04931640625,
        "min": 0.00439453125,
        "var": 0.00231011607684
    },
    "barkbands": {
        "dmean": [8.03930088296e-05, 0.00494476826862, 0.00333559443243, 0.00148221210111, 0.0026202944573, 0.0014503961429, 0.000513769686222, 0.000303680513753, 0.000338471145369, 0.000185946933925, 0.000180642819032, 0.000150184714585, 0.000173630265635, 0.000115242626634, 0.00015665430692, 0.000152106687892, 0.000118236559501, 0.000180111077498, 0.000173437423655, 0.000199467918719, 0.000309820577968, 0.000272997858701, 0.000323155923979, 0.000331967778038, 0.000207380959182, 6.78486394463e-05, 1.42247290569e-06],
        "dmean2": [0.000129927066155, 0.00825685448945, 0.00545555911958, 0.00259631546214, 0.00426107505336, 0.00238755904138, 0.000839806627482, 0.000501755974256, 0.000566418748349, 0.000306592264678, 0.000305949972244, 0.000248541356996, 0.000290547846816, 0.000183952244697, 0.000270479009487, 0.00024527462665, 0.000179969385499, 0.000280690786894, 0.000287614559056, 0.000329266273184, 0.000490160600748, 0.000443487544544, 0.000512664497364, 0.000540728331544, 0.000320987921441, 9.8251599411e-05, 2.46362787948e-06],
        "dvar": [2.04312566865e-08, 0.000127783801872, 9.62425183388e-05, 1.38460054586e-05, 2.23438855755e-05, 9.4995730251e-06, 1.49455661358e-06, 6.75168053021e-07, 9.5084357099e-07, 2.4092116746e-07, 2.45417510314e-07, 1.34476422886e-07, 2.34012532019e-07, 1.93414706473e-07, 8.01392957328e-07, 2.7855656981e-07, 1.61137734267e-07, 2.90135801606e-07, 2.37614102616e-07, 2.14798163256e-07, 4.95314850468e-07, 4.35747381289e-07, 5.29330293375e-07, 5.56452334877e-07, 2.00248834403e-07, 1.54548143172e-08, 2.36677708682e-11],
        "dvar2": [5.03542096908e-08, 0.000339109741617, 0.000247794261668, 3.77320793632e-05, 5.67984643567e-05, 2.41421566898e-05, 3.69760778085e-06, 1.6836429495e-06, 2.46078002419e-06, 5.67936410789e-07, 5.56976260668e-07, 3.05415568391e-07, 5.48444859305e-07, 5.30512693331e-07, 2.3279440029e-06, 7.09515632025e-07, 3.99313648813e-07, 6.58927490349e-07, 6.18004776243e-07, 5.63248534036e-07, 1.15372972687e-06, 1.10825112642e-06, 1.36247456339e-06, 1.45962746956e-06, 5.09568280904e-07, 3.4321896436e-08, 6.42444014654e-11],
        "max": [0.00173918530345, 0.105586588383, 0.0892168134451, 0.0412883907557, 0.0550542324781, 0.0290675647557, 0.014899709262, 0.0138577213511, 0.0162913948298, 0.00857845228165, 0.00948596093804, 0.0035588433966, 0.00468301028013, 0.00818629562855, 0.020171854645, 0.00858333241194, 0.00738314725459, 0.0126718487591, 0.00598932709545, 0.00538692763075, 0.00527225295082, 0.00642048241571, 0.00746635673568, 0.00666259927675, 0.00316891586408, 0.000843365618493, 6.98175936122e-05],
        "mean": [0.000145932703163, 0.00620172545314, 0.00355723756365, 0.00164121610578, 0.00540884258226, 0.00241744634695, 0.000970802444499, 0.000434940448031, 0.000574452045839, 0.000281594140688, 0.000190958147869, 0.000152401524247, 0.000162465265021, 0.000129432621179, 0.000179245020263, 0.000167560036061, 0.000151589571033, 0.000225341238547, 0.000163097734912, 0.000195836779312, 0.00031039834721, 0.000256658327999, 0.00029077520594, 0.000291836273391, 0.000194420994376, 6.94705595379e-05, 1.06754407625e-06],
        "median": [3.51412345481e-05, 0.0015503957402, 0.000697343202773, 0.000510063255206, 0.00197947770357, 0.000760767201427, 0.00020959804533, 6.97336290614e-05, 7.74866275606e-05, 3.48044013663e-05, 3.47573441104e-05, 3.21601182804e-05, 2.28424469242e-05, 1.45592966874e-05, 1.75608292921e-05, 1.66691716004e-05, 1.22369947348e-05, 2.6352763598e-05, 2.00117719942e-05, 4.40914736828e-05, 4.18997660745e-05, 3.6363813706e-05, 4.34757639596e-05, 3.9874776121e-05, 2.29757351917e-05, 6.61088597553e-06, 1.36497062542e-08],
        "min": [4.33764864305e-11, 9.16140288632e-11, 2.21005488216e-11, 1.15178880322e-10, 5.85966497546e-10, 1.50788256881e-10, 5.14339161539e-11, 4.67529938375e-11, 7.11503564399e-11, 8.57053872316e-11, 2.50110314404e-11, 4.16876845544e-11, 1.67207445806e-11, 8.05992945996e-12, 1.45868508244e-11, 9.76359184474e-12, 2.97313076936e-11, 2.44911434882e-11, 4.13759061735e-11, 8.31657728795e-11, 9.09813682726e-11, 8.02108171549e-11, 6.05283184685e-11, 9.13053244123e-11, 6.5329963661e-11, 1.24226687964e-11, 8.44916324405e-12],
        "var": [6.98582098835e-08, 0.000143438795931, 8.40322609292e-05, 1.35835834953e-05, 6.64289764245e-05, 1.71274987224e-05, 4.4779453674e-06, 1.16427861485e-06, 2.28862745644e-06, 7.58754481467e-07, 2.96192069982e-07, 1.40602764986e-07, 2.26324573305e-07, 2.29463609003e-07, 6.86292878527e-07, 2.81607754005e-07, 2.74396484201e-07, 5.59360330499e-07, 1.98516957539e-07, 1.89673059481e-07, 5.14286853104e-07, 3.84123069352e-07, 4.58538210069e-07, 4.53602496009e-07, 1.8527036616e-07, 1.931794813e-08, 1.68428049285e-11]
    },
    "erbbands": {
        "dmean": [0.0938957110047, 1.28485846519, 3.99566817284, 4.25653505325, 5.88716459274, 9.62671852112, 13.4375257492, 11.7241888046, 8.24282646179, 5.86527919769, 6.90374946594, 8.17449760437, 6.50122308731, 6.57296848297, 6.55433225632, 6.11056613922, 7.9732670784, 6.07870674133, 7.37095451355, 8.29201221466, 8.16516971588, 6.89351701736, 10.0571928024, 7.87451171875, 9.13992786407, 10.0209598541, 15.3487110138, 8.76477050781, 9.08604812622, 9.75508880615, 9.23728656769, 6.91029691696, 5.51880502701, 2.675167799, 1.31761074066, 0.436621874571, 0.102322392166, 0.00830985046923, 0.000202252791496, 2.55850809481e-05],
        "dmean2": [0.145357847214, 2.17800450325, 6.3451294899, 7.31349372864, 9.6256275177, 16.2139778137, 22.1994495392, 19.421585083, 13.4600143433, 9.4767665863, 11.5725927353, 13.4067401886, 10.4644460678, 11.235865593, 11.2828149796, 10.1368017197, 13.3255653381, 9.98543739319, 12.3056554794, 13.9762639999, 12.7086362839, 10.5436086655, 15.3567867279, 12.8450174332, 15.1104354858, 16.4002761841, 24.6840820312, 13.6526432037, 14.5239372253, 16.1014938354, 14.5342502594, 11.2988405228, 8.82385730743, 4.13189697266, 2.06666898727, 0.64509254694, 0.144500955939, 0.0122288642451, 0.000295810081298, 3.71267342416e-05],
        "dvar": [0.0351901985705, 10.0291624069, 133.400939941, 141.544769287, 121.69682312, 403.527832031, 965.75201416, 740.52154541, 443.505645752, 208.708953857, 322.490570068, 623.265258789, 243.869094849, 435.747924805, 245.467025757, 235.899108887, 501.991821289, 345.947357178, 1878.47741699, 1160.15576172, 624.07409668, 546.500549316, 1050.66259766, 438.165435791, 601.675170898, 497.630767822, 1302.53161621, 375.391265869, 479.62411499, 528.262695312, 416.284057617, 249.233642578, 146.937820435, 34.7469596863, 8.08601951599, 0.71788007021, 0.0340803191066, 0.000345134729287, 1.9616317104e-07, 1.81085890727e-09],
        "dvar2": [0.0836964696646, 26.8603134155, 342.156066895, 384.346496582, 293.658569336, 980.38079834, 2381.58642578, 1917.85668945, 1083.54370117, 506.567779541, 842.315185547, 1586.41125488, 553.461791992, 1054.59375, 616.451965332, 501.294250488, 1185.87524414, 889.66973877, 5364.13378906, 3341.46386719, 1525.20568848, 1410.73303223, 2344.95361328, 1125.71447754, 1553.64001465, 1279.88745117, 3095.84106445, 885.859008789, 1196.26306152, 1361.13415527, 1057.4206543, 651.535461426, 386.401184082, 89.461555481, 20.7824134827, 1.69508576393, 0.0749766454101, 0.000807215401437, 4.65513096515e-07, 3.949812033e-09],
        "max": [2.48645591736, 30.1165409088, 109.565109253, 147.447219849, 108.830528259, 316.881103516, 431.277252197, 290.404022217, 376.061309814, 206.85824585, 282.377655029, 395.460998535, 304.459625244, 328.128997803, 172.09463501, 143.391418457, 208.882736206, 268.696105957, 792.981506348, 557.213867188, 255.888046265, 431.471099854, 785.432617188, 282.184265137, 261.122375488, 228.694610596, 256.085021973, 189.234008789, 230.084960938, 167.554779053, 197.531997681, 157.293823242, 107.372093201, 49.2716560364, 19.1880970001, 6.49113798141, 1.50861406326, 0.198086351156, 0.00503707770258, 0.000360397389159],
        "mean": [0.149306505919, 1.48771488667, 4.25295495987, 4.89634847641, 8.96618175507, 20.1137046814, 25.4453887939, 18.8392887115, 15.0025177002, 10.5995197296, 10.2492046356, 13.9542121887, 11.189866066, 7.88501358032, 6.56586170197, 6.42958498001, 7.49684906006, 6.67555999756, 8.90378379822, 9.61438465118, 8.94536876678, 8.92994213104, 13.3861675262, 7.41598558426, 9.04267692566, 9.84648132324, 15.0453557968, 9.11571216583, 8.8409576416, 8.66770458221, 8.40963840485, 5.95736789703, 5.00535106659, 2.52026677132, 1.20265841484, 0.434029817581, 0.104966133833, 0.008620233275, 0.000214448198676, 4.1779694584e-05],
        "median": [0.0455703064799, 0.31253939867, 0.948238730431, 1.66436576843, 3.62482857704, 6.53218889236, 7.90759372711, 5.91879224777, 3.63235974312, 2.95508599281, 2.1597442627, 2.36363005638, 1.49384272099, 1.60096430779, 1.36476886272, 1.368293643, 1.16173541546, 0.874922454357, 1.01633214951, 0.898784458637, 0.983286321163, 0.804586410522, 1.43677723408, 0.948424458504, 1.18595445156, 2.14816594124, 1.91518568993, 1.37051999569, 1.20836007595, 1.22753381729, 1.28423130512, 0.815829336643, 0.683427989483, 0.314082086086, 0.141596883535, 0.0458266362548, 0.00881358888, 0.0004598358355, 2.5299452318e-05, 2.36482956097e-05],
        "min": [5.67732039158e-09, 9.61515222997e-09, 2.64523833948e-08, 1.86740734875e-07, 1.28445753944e-06, 1.9764274839e-06, 8.4935987843e-07, 1.78202583356e-06, 1.19472406368e-06, 3.89166928016e-07, 1.60952833994e-06, 1.38657401294e-06, 1.46038064486e-06, 2.68278040494e-06, 1.16558703667e-06, 1.44802868363e-06, 8.28136364817e-07, 3.36013329161e-07, 6.16189311131e-07, 5.83247299346e-07, 8.19256513296e-07, 1.99834585146e-06, 1.50208745708e-06, 1.44667683344e-06, 2.6378113489e-06, 3.72616659661e-06, 2.95552376883e-06, 4.42286727775e-06, 2.95229301628e-06, 3.11668122777e-06, 1.73661953795e-06, 1.63289053035e-06, 1.54963549903e-06, 9.04634362087e-07, 3.3244612041e-07, 6.69337509862e-08, 2.10830766179e-08, 7.58051044158e-09, 1.29356603207e-09, 1.38162647989e-10],
        "var": [0.0544275157154, 10.2939777374, 121.043952942, 118.887748718, 202.791519165, 1371.92456055, 2145.59326172, 1186.71118164, 1385.50488281, 480.928314209, 486.376922607, 1493.27612305, 902.504150391, 508.462677002, 230.590927124, 259.475311279, 473.153900146, 451.883087158, 1711.30566406, 1225.31665039, 723.970581055, 870.004821777, 2261.89282227, 394.797912598, 527.312866211, 450.941314697, 1281.07775879, 404.368774414, 443.673370361, 438.290374756, 372.312561035, 201.683441162, 123.116348267, 31.4485836029, 7.2764954567, 0.800366520882, 0.0441819392145, 0.000395663606469, 2.18351502212e-07, 2.65236343999e-09]
    },
    "gfcc": {
        "mean": [-49.5635299683, 82.0199661255, -81.5866699219, 51.0666618347, -77.6334838867, 15.2906742096, -45.459186554, 5.7822971344, -28.6264896393, 2.17002892494, -12.725985527, -0.281679272652, -4.08205938339],
        "cov": [[11602.2470703, -2030.63293457, -200.06401062, 73.2830734253, 47.952671051, 393.535064697, -283.383575439, 196.745391846, -363.983703613, 242.327590942, -397.130493164, 302.100982666, -375.229919434], [-2030.63293457, 2060.09814453, 43.7806777954, -37.2752304077, 232.367401123, -229.051956177, 208.283889771, -119.665420532, 369.434356689, -221.816802979, 306.604187012, -191.927902222, 277.815673828], [-200.06401062, 43.7806777954, 1311.36120605, 400.313659668, 100.646621704, 227.169769287, 182.618942261, 58.562171936, -46.7295150757, 107.075576782, -40.2187232971, 28.4807796478, -77.7680282593], [73.2830734253, -37.2752304077, 400.313659668, 587.883911133, 153.070404053, 121.47644043, 150.688552856, 43.4361381531, 20.1069030762, 49.1857147217, 33.9448699951, -42.2976379395, -12.4482936859], [47.952671051, 232.367401123, 100.646621704, 153.070404053, 269.233612061, 85.9865722656, 85.1805877686, 45.2977867126, 80.5916900635, -5.43830776215, 17.103143692, -7.18075799942, 0.275422662497], [393.535064697, -229.051956177, 227.169769287, 121.47644043, 85.9865722656, 268.88079834, 107.452941895, 93.6461029053, -16.3672924042, 80.8689804077, -55.8097801208, 34.7759513855, -64.3463439941], [-283.383575439, 208.283889771, 182.618942261, 150.688552856, 85.1805877686, 107.452941895, 202.198791504, 59.8425216675, 66.8970718384, 18.9339103699, 47.7641601562, -31.6397762299, 20.0656585693], [196.745391846, -119.665420532, 58.562171936, 43.4361381531, 45.2977867126, 93.6461029053, 59.8425216675, 160.926025391, 60.3363723755, 62.436000824, -16.6054496765, 43.5894432068, -13.8748731613], [-363.983703613, 369.434356689, -46.7295150757, 20.1069030762, 80.5916900635, -16.3672924042, 66.8970718384, 60.3363723755, 182.637435913, 7.74380874634, 76.139213562, -16.4639129639, 66.1831588745], [242.327590942, -221.816802979, 107.075576782, 49.1857147217, -5.43830776215, 80.8689804077, 18.9339103699, 62.436000824, 7.74380874634, 118.104492188, -10.0107135773, 40.7199935913, -43.0037307739], [-397.130493164, 306.604187012, -40.2187232971, 33.9448699951, 17.103143692, -55.8097801208, 47.7641601562, -16.6054496765, 76.139213562, -10.0107135773, 117.720573425, -11.2358932495, 59.7484397888], [302.100982666, -191.927902222, 28.4807796478, -42.2976379395, -7.18075799942, 34.7759513855, -31.6397762299, 43.5894432068, -16.4639129639, 40.7199935913, -11.2358932495, 102.970733643, -11.5319700241], [-375.229919434, 277.815673828, -77.7680282593, -12.4482936859, 0.275422662497, -64.3463439941, 20.0656585693, -13.8748731613, 66.1831588745, -43.0037307739, 59.7484397888, -11.5319700241, 110.657821655]],
        "icov": [[0.000116758157674, -9.40941481531e-06, 8.21851645014e-05, -9.21740356716e-05, -4.77268258692e-05, -6.77747812006e-05, 9.88751053228e-05, -3.5908058635e-05, 0.000100982491858, -8.24203307275e-05, 0.000220891452045, -0.000264109228738, 0.000165986799402], [-9.40941481531e-06, 0.00331317004748, -0.0013539789943, 0.00197288580239, -0.0020117899403, 0.000183883617865, -0.000556307437364, 0.00146722793579, -0.00374036584981, 0.00355891417712, -0.0047307270579, 0.00363338342868, -0.0021296502091], [8.21851645014e-05, -0.0013539789943, 0.00179915700573, -0.00152529240586, 0.000879809085745, -0.00011305170483, -0.000887318165042, 0.00010069480777, 0.00156952289399, -0.0019833506085, 0.00296047702432, -0.00260112457909, 0.00129735120572], [-9.21740356716e-05, 0.00197288580239, -0.00152529240586, 0.00427880976349, -0.00276013207622, 1.98686539079e-05, -0.000708293984644, -1.57639206009e-05, -0.000454869790701, 0.00072954967618, -0.00460017332807, 0.00460840249434, -0.00219173496589], [-4.77268258692e-05, -0.0020117899403, 0.000879809085745, -0.00276013207622, 0.00780465640128, -0.0021269407589, -0.000110628934635, 7.52576670493e-05, -0.00234494800679, 0.00165555544663, 0.0034730846528, -0.00402405951172, 0.00372127629817], [-6.77747812006e-05, 0.000183883617865, -0.00011305170483, 1.98686539079e-05, -0.0021269407589, 0.0102655487135, -0.00634140660986, -0.000552052224521, 0.00126097165048, -0.00362765416503, 0.00495720235631, -0.00243850285187, 0.0011919287499], [9.88751053228e-05, -0.000556307437364, -0.000887318165042, -0.000708293984644, -0.000110628934635, -0.00634140660986, 0.0140913082287, -0.00484495749697, 0.00103578926064, 0.00120957428589, -0.0068784612231, 0.00589501718059, -0.00164233963005], [-3.5908058635e-05, 0.00146722793579, 0.00010069480777, -1.57639206009e-05, 7.52576670493e-05, -0.000552052224521, -0.00484495749697, 0.0152254812419, -0.00900164153427, -0.00112926505972, 0.00491876946762, -0.00534061947837, 0.000462555268314], [0.000100982491858, -0.00374036584981, 0.00156952289399, -0.000454869790701, -0.00234494800679, 0.00126097165048, 0.00103578926064, -0.00900164153427, 0.0199785754085, -0.00825616065413, -0.00144517992157, 0.00150264624972, -0.00401318818331], [-8.24203307275e-05, 0.00355891417712, -0.0019833506085, 0.00072954967618, 0.00165555544663, -0.00362765416503, 0.00120957428589, -0.00112926505972, -0.00825616065413, 0.0214215051383, -0.00830342900008, -0.000254966755165, 0.00471878331155], [0.000220891452045, -0.0047307270579, 0.00296047702432, -0.00460017332807, 0.0034730846528, 0.00495720235631, -0.0068784612231, 0.00491876946762, -0.00144517992157, -0.00830342900008, 0.0283141173422, -0.0116528412327, 6.21229992248e-05], [-0.000264109228738, 0.00363338342868, -0.00260112457909, 0.00460840249434, -0.00402405951172, -0.00243850285187, 0.00589501718059, -0.00534061947837, 0.00150264624972, -0.000254966755165, -0.0116528412327, 0.0227937083691, -0.00680419430137], [0.000165986799402, -0.0021296502091, 0.00129735120572, -0.00219173496589, 0.00372127629817, 0.0011919287499, -0.00164233963005, 0.000462555268314, -0.00401318818331, 0.00471878331155, 6.21229992248e-05, -0.00680419430137, 0.0201426297426]]
    },
    "melbands": {
        "dmean": [0.00109263975173, 0.00191940739751, 0.000749004131649, 0.000550878990907, 0.000460280949483, 0.000261979381321, 0.000118034957268, 6.45851978334e-05, 5.52695964871e-05, 5.21330512129e-05, 3.24843022099e-05, 2.66265087703e-05, 2.31520534726e-05, 1.71833162312e-05, 1.73360604094e-05, 1.78611389856e-05, 1.04287992144e-05, 1.1448360965e-05, 1.22471301438e-05, 1.05464978333e-05, 9.96890139504e-06, 7.40616997064e-06, 8.53644178278e-06, 7.64873766457e-06, 6.32963792668e-06, 6.85473878548e-06, 5.27795327798e-06, 7.1920649134e-06, 1.01231207736e-05, 7.2710790846e-06, 4.68599546366e-06, 5.06488458996e-06, 5.74940122533e-06, 5.3356020544e-06, 6.02211139267e-06, 3.87201771446e-06, 4.4898492888e-06, 4.19321440859e-06, 2.93039920507e-06, 2.10749658436e-06],
        "dmean2": [0.00179154868238, 0.00309536932036, 0.00126211135648, 0.000918367295526, 0.000763463496696, 0.000432429398643, 0.000192134553799, 0.000103613594547, 9.35481948545e-05, 8.55327452882e-05, 5.21571855643e-05, 4.55620356661e-05, 3.97541371058e-05, 2.84625402855e-05, 2.79459909507e-05, 3.07603222609e-05, 1.69147351698e-05, 1.8977036234e-05, 2.12951472349e-05, 1.72568688868e-05, 1.53489436343e-05, 1.13243795568e-05, 1.27165249069e-05, 1.2008916201e-05, 1.05148637886e-05, 1.14344384201e-05, 8.52662924444e-06, 1.20860640891e-05, 1.61307962117e-05, 1.16951923701e-05, 7.21199830878e-06, 8.18024000182e-06, 9.40249992709e-06, 8.80059906194e-06, 9.65308390732e-06, 5.99710983806e-06, 7.52775895307e-06, 6.82946119923e-06, 4.52355743619e-06, 3.32205149789e-06],
        "dvar": [5.32446301804e-06, 2.81667726085e-05, 3.34856736117e-06, 1.12069676561e-06, 1.07265316274e-06, 3.51277122945e-07, 8.3406391127e-08, 2.5231413403e-08, 2.01567562641e-08, 2.75471894184e-08, 6.19154283399e-09, 7.32443661278e-09, 3.47209527796e-09, 1.53211265896e-09, 2.64070698641e-09, 2.46559861417e-09, 1.05260633543e-09, 4.64706850778e-09, 6.19119511214e-09, 1.55683510528e-09, 9.83378933839e-10, 6.18228801486e-10, 9.02003693959e-10, 4.24368540308e-10, 3.0884617086e-10, 3.31806304654e-10, 1.85746168446e-10, 2.78383510688e-10, 5.69085667479e-10, 2.86253076798e-10, 1.06627838503e-10, 1.6280957138e-10, 1.94076851812e-10, 1.54599291702e-10, 1.94151694721e-10, 8.26633622664e-11, 1.10395574626e-10, 8.5379009418e-11, 4.54880300094e-11, 2.26645074236e-11],
        "dvar2": [1.37539827847e-05, 7.22275945009e-05, 8.92516982276e-06, 2.70550617643e-06, 2.69255974672e-06, 9.01966245692e-07, 2.01721960025e-07, 6.11327024558e-08, 5.2989051369e-08, 7.02044928858e-08, 1.40547404825e-08, 1.82484320987e-08, 8.63961346909e-09, 3.71672048693e-09, 5.61560975498e-09, 6.25967722101e-09, 2.65605604177e-09, 1.32844260037e-08, 1.80111072723e-08, 4.36286251571e-09, 2.31819852203e-09, 1.51536438953e-09, 2.0086237118e-09, 1.02768449306e-09, 8.06208044768e-10, 8.48158654421e-10, 4.75999850647e-10, 7.43181516327e-10, 1.3651253461e-09, 7.05580205373e-10, 2.4910723484e-10, 4.12033102082e-10, 5.06952646528e-10, 3.96226995658e-10, 4.98129926196e-10, 2.14230869156e-10, 2.90850649121e-10, 2.26779414692e-10, 1.18854384668e-10, 5.88608120577e-11],
        "max": [0.0223475191742, 0.0535412840545, 0.0215015579015, 0.0146280014887, 0.0155932968482, 0.00633586151525, 0.00493232579902, 0.00191567989532, 0.00194781087339, 0.00277849799022, 0.00155743223149, 0.00137307762634, 0.000871840980835, 0.000364280334907, 0.000487328623421, 0.000454450113466, 0.000512451864779, 0.00138890731614, 0.00185824197251, 0.000804311479442, 0.000372615613742, 0.000440471572801, 0.000836782564875, 0.000340642291121, 0.000246843672357, 0.000169233317138, 0.000170225757756, 0.000168385449797, 0.000164857119671, 0.000136395799927, 0.000108991080197, 0.000149081126438, 0.000114527247206, 9.23299376154e-05, 0.000114267895697, 0.000124617610709, 8.78061837284e-05, 7.69625767134e-05, 7.03798650648e-05, 4.25672442361e-05],
        "mean": [0.0015274041798, 0.00219781207852, 0.000940087775234, 0.00104637583718, 0.000923953019083, 0.000429158244515, 0.000220281872316, 0.000113287744171, 7.84682051744e-05, 9.00300947251e-05, 5.46043193026e-05, 3.16625992127e-05, 2.28453882301e-05, 1.74684246304e-05, 1.68315709743e-05, 1.61295138241e-05, 1.17484896691e-05, 1.39158491947e-05, 1.27755729409e-05, 1.24991929624e-05, 1.0486901374e-05, 9.69216216617e-06, 1.12318311949e-05, 9.48484012042e-06, 5.5384357438e-06, 6.5083154368e-06, 5.69409849049e-06, 6.53259894534e-06, 9.7671900221e-06, 7.11118809704e-06, 4.85912096337e-06, 4.93859624839e-06, 5.0947373893e-06, 4.70971099276e-06, 5.34403670827e-06, 3.61794400305e-06, 3.6949556943e-06, 3.71214264305e-06, 2.79205369225e-06, 1.93752271116e-06],
        "median": [0.000438865186879, 0.000501531932969, 0.000364184408681, 0.000380285258871, 0.000324187247315, 0.000129940017359, 5.03116461914e-05, 2.56966086454e-05, 1.32687227961e-05, 1.17819317893e-05, 6.28889711152e-06, 5.92430524193e-06, 4.34917728853e-06, 3.48927619598e-06, 2.49756021731e-06, 1.89888191926e-06, 1.31696640437e-06, 1.58080467827e-06, 1.31823287575e-06, 1.00708700757e-06, 1.11251654289e-06, 7.49999458094e-07, 9.62477542998e-07, 1.2521500139e-06, 5.82462973853e-07, 8.47968237849e-07, 1.00191437014e-06, 1.45122317008e-06, 1.23640654692e-06, 8.76061051258e-07, 7.53247491048e-07, 7.03606758634e-07, 6.70780991641e-07, 6.65150992063e-07, 7.24534231722e-07, 6.02620730206e-07, 4.73743881457e-07, 5.20257515291e-07, 3.78068421014e-07, 2.22268738526e-07],
        "min": [3.8003943742e-11, 1.08888297684e-11, 6.20411985675e-11, 1.24650081923e-10, 5.23750175174e-11, 3.70255909266e-11, 1.55451242156e-11, 4.27987029497e-12, 1.56597148443e-11, 7.8784609045e-12, 7.81379561748e-12, 1.1745908933e-11, 3.45258543977e-12, 3.2772116184e-12, 2.43700068805e-12, 1.04689000524e-12, 6.31883000785e-13, 9.20559960725e-13, 1.23273309963e-12, 3.76613020284e-13, 1.0427567013e-12, 2.22716441643e-12, 1.76387051666e-12, 8.30699929417e-13, 1.21506277262e-12, 1.45836825689e-12, 1.70942817193e-12, 2.95946427087e-12, 2.02051700024e-12, 1.44948408744e-12, 3.24009287282e-12, 1.76796955981e-12, 1.35597490267e-12, 2.05896649556e-12, 8.88770339876e-13, 1.01984599151e-12, 1.00245072659e-12, 1.00776169094e-12, 1.13512801589e-12, 6.62676239837e-13],
        "var": [6.76504851072e-06, 2.7467864129e-05, 3.13978307531e-06, 3.34071273755e-06, 2.42682881435e-06, 6.06046569374e-07, 2.66312298436e-07, 5.33699768823e-08, 2.80063670033e-08, 7.02064326674e-08, 2.3239509872e-08, 8.251062944e-09, 3.31965188671e-09, 1.56211199531e-09, 2.76193623527e-09, 2.21693086111e-09, 1.73055192398e-09, 4.10195788447e-09, 4.12905620806e-09, 1.78929504546e-09, 1.15206177931e-09, 1.12544684683e-09, 1.89885951407e-09, 7.37643390814e-10, 2.59964300087e-10, 2.86386331316e-10, 1.84285073312e-10, 2.22272256156e-10, 5.54987666934e-10, 2.73710665244e-10, 1.19053100711e-10, 1.4664561232e-10, 1.59386559506e-10, 1.29619662226e-10, 1.66714420047e-10, 7.13837530752e-11, 8.51477985342e-11, 6.92507787226e-11, 3.9505444055e-11, 1.98091109488e-11]
    },
    "mfcc": {
        "mean": [-696.50189209, 101.155654907, 44.9194869995, 31.1540985107, 2.03516459465, 4.99953365326, -1.92454850674, -2.15683746338, -5.50495290756, -2.10561037064, -8.18396377563, -0.593754351139, -2.51090502739],
        "cov": [[10556.3710938, -1514.2980957, -590.267150879, -246.660186768, 57.8471298218, 129.571487427, 16.2071056366, 24.5875034332, -3.40811610222, -126.061050415, 67.2028427124, -86.37940979, -123.030769348], [-1514.2980957, 1686.84484863, 20.9159202576, 74.8372116089, 65.5310668945, -55.9000091553, -88.0965576172, 53.3194351196, 17.5373458862, 26.3512325287, -4.62127494812, 30.7463321686, 7.75591659546], [-590.267150879, 20.9159202576, 1027.05737305, 300.611572266, 75.4938278198, 199.617675781, 211.869262695, 53.607749939, 62.6640090942, 64.7116317749, 57.2017326355, 47.9082145691, 54.1308364868], [-246.660186768, 74.8372116089, 300.611572266, 455.578796387, 133.805130005, 114.610527039, 103.224082947, 47.3893890381, 31.0754337311, 76.9786529541, 44.3228759766, 28.8283824921, 37.8785018921], [57.8471298218, 65.5310668945, 75.4938278198, 133.805130005, 201.274368286, 80.2136230469, 29.8831539154, 64.5560073853, 56.7826881409, 23.8351020813, 35.3206443787, 13.526471138, 5.98930025101], [129.571487427, -55.9000091553, 199.617675781, 114.610527039, 80.2136230469, 196.819290161, 137.813110352, 49.3353881836, 47.841217041, 44.7029190063, 52.1265296936, 17.7972202301, 14.4427986145], [16.2071056366, -88.0965576172, 211.869262695, 103.224082947, 29.8831539154, 137.813110352, 175.035705566, 71.9139099121, 44.0507202148, 53.2846374512, 42.6976356506, 19.1976947784, 20.9484157562], [24.5875034332, 53.3194351196, 53.607749939, 47.3893890381, 64.5560073853, 49.3353881836, 71.9139099121, 119.073554993, 77.8435287476, 42.409740448, 38.5109519958, 21.1733856201, 7.58103895187], [-3.40811610222, 17.5373458862, 62.6640090942, 31.0754337311, 56.7826881409, 47.841217041, 44.0507202148, 77.8435287476, 116.164138794, 66.174369812, 49.412525177, 13.3268280029, 8.11334037781], [-126.061050415, 26.3512325287, 64.7116317749, 76.9786529541, 23.8351020813, 44.7029190063, 53.2846374512, 42.409740448, 66.174369812, 119.794273376, 58.5030670166, 23.8385105133, 15.4994449615], [67.2028427124, -4.62127494812, 57.2017326355, 44.3228759766, 35.3206443787, 52.1265296936, 42.6976356506, 38.5109519958, 49.412525177, 58.5030670166, 125.302970886, 41.2610435486, -1.52381122112], [-86.37940979, 30.7463321686, 47.9082145691, 28.8283824921, 13.526471138, 17.7972202301, 19.1976947784, 21.1733856201, 13.3268280029, 23.8385105133, 41.2610435486, 62.9610900879, 35.5482254028], [-123.030769348, 7.75591659546, 54.1308364868, 37.8785018921, 5.98930025101, 14.4427986145, 20.9484157562, 7.58103895187, 8.11334037781, 15.4994449615, -1.52381122112, 35.5482254028, 68.0741500854]],
