{
"lowlevel": {
    "average_loudness": 0.770369172096,
    "barkbands_crest": {
        "dmean": 2.47820591927,
        "dmean2": 4.03531742096,
        "dvar": 5.24938821793,
        "dvar2": 13.3271751404,
        "max": 25.1416549683,
        "mean": 12.8362531662,
        "median": 12.2445487976,
        "min": 2.58428263664,
        "var": 16.1183376312
    },
    "barkbands_flatness_db": {
        "dmean": 0.0264011416584,
        "dmean2": 0.0390857458115,
        "dvar": 0.000698334304616,
        "dvar2": 0.00142409349792,
        "max": 0.43920597434,
        "mean": 0.271638065577,
        "median": 0.273424446583,
        "min": 0.0423555336893,
        "var": 0.00294631370343
    },
    "barkbands_kurtosis": {
        "dmean": 4.71031808853,
        "dmean2": 7.35825681686,
        "dvar": 59.0376243591,
        "dvar2": 129.360549927,
        "max": 126.030441284,
        "mean": 8.92885684967,
        "median": 4.65453672409,
        "min": -1.78068554401,
        "var": 181.866577148
    },
    "barkbands_skewness": {
        "dmean": 0.6312084198,
        "dmean2": 0.948218584061,
        "dvar": 0.510128378868,
        "dvar2": 1.07794308662,
        "max": 9.3912191391,
        "mean": 1.59971153736,
        "median": 1.37689864635,
        "min": -3.42125988007,
        "var": 2.29972815514
    },
    "barkbands_spread": {
        "dmean": 1.96977555752,
        "dmean2": 3.11652493477,
        "dvar": 19.0554065704,
        "dvar2": 47.6059761047,
        "max": 108.727531433,
        "mean": 6.90300750732,
        "median": 5.26196861267,
        "min": 0.861145973206,
        "var": 30.8831043243
    },
    "dissonance": {
        "dmean": 0.0453694462776,
        "dmean2": 0.0769272223115,
        "dvar": 0.00155933527276,
        "dvar2": 0.00425740610808,
        "max": 0.499298632145,
        "mean": 0.397191345692,
        "median": 0.407495081425,
        "min": 0.149416863918,
        "var": 0.00396163435653
    },
    "dynamic_complexity": 3.70717525482,
    "erbbands_crest": {
        "dmean": 2.81200766563,
        "dmean2": 4.41550445557,
        "dvar": 9.32461547852,
        "dvar2": 18.3399543762,
        "max": 33.6810569763,
        "mean": 14.8225879669,
        "median": 13.75477314,
        "min": 2.76505947113,
        "var": 40.8291435242
    },
    "erbbands_flatness_db": {
        "dmean": 0.0247090701014,
        "dmean2": 0.0355201736093,
        "dvar": 0.000742648320738,
        "dvar2": 0.00133707397617,
        "max": 0.422256588936,
        "mean": 0.238974794745,
        "median": 0.23850685358,
        "min": 0.0429320186377,
        "var": 0.00409309705719
    },
    "erbbands_kurtosis": {
        "dmean": 2.47847366333,
        "dmean2": 3.8976855278,
        "dvar": 12.0476474762,
        "dvar2": 27.0897884369,
        "max": 85.1506729126,
        "mean": 5.27385520935,
        "median": 3.56074523926,
        "min": -1.71922457218,
        "var": 42.9526672363
    },
    "erbbands_skewness": {
        "dmean": 0.453852564096,
        "dmean2": 0.691494584084,
        "dvar": 0.248917877674,
        "dvar2": 0.524531245232,
        "max": 6.03391885757,
        "mean": 0.994762599468,
        "median": 1.06938767433,
        "min": -5.77594852448,
        "var": 1.29373109341
    },
    "erbbands_spread": {
        "dmean": 4.80237436295,
        "dmean2": 7.22852325439,
        "dvar": 57.955116272,
        "dvar2": 124.080825806,
        "max": 89.0670928955,
        "mean": 15.8787527084,
        "median": 12.8061857224,
        "min": 0.996236741543,
        "var": 151.334030151
    },
    "hfc": {
        "dmean": 2.80374073982,
        "dmean2": 3.95158600807,
        "dvar": 34.1366348267,
        "dvar2": 63.916305542,
        "max": 137.021392822,
        "mean": 9.25248336792,
        "median": 5.92636060715,
        "min": 1.15562981395e-16,
        "var": 125.296859741
    },
    "melbands_crest": {
        "dmean": 2.65982365608,
        "dmean2": 4.2761387825,
        "dvar": 6.49235057831,
        "dvar2": 15.3755102158,
        "max": 30.3973503113,
        "mean": 15.6361560822,
        "median": 15.179561615,
        "min": 1.00008916855,
        "var": 21.8450450897
    },
    "melbands_flatness_db": {
        "dmean": 0.0304434895515,
        "dmean2": 0.0441853739321,
        "dvar": 0.00100908020977,
        "dvar2": 0.0019956312608,
        "max": 0.555232942104,
        "mean": 0.365401029587,
        "median": 0.367888391018,
        "min": -3.71031262603e-07,
        "var": 0.00420953566208
    },
    "melbands_kurtosis": {
        "dmean": 6.09172677994,
        "dmean2": 9.38889980316,
        "dvar": 132.351699829,
        "dvar2": 262.666137695,
        "max": 251.63470459,
        "mean": 11.6191596985,
        "median": 5.1721200943,
        "min": -1.78993451595,
        "var": 466.015441895
    },
    "melbands_skewness": {
        "dmean": 0.661243438721,
        "dmean2": 0.98937690258,
        "dvar": 0.561887264252,
        "dvar2": 1.17053174973,
        "max": 11.309969902,
        "mean": 1.87631571293,
        "median": 1.59861075878,
        "min": -1.97432076931,
        "var": 2.61535739899
    },
    "melbands_spread": {
        "dmean": 2.33881378174,
        "dmean2": 3.56831455231,
        "dvar": 20.0704956055,
        "dvar2": 36.0577545166,
        "max": 153.163085938,
        "mean": 8.60207557678,
        "median": 6.25680160522,
        "min": 0.733129620552,
        "var": 64.9030380249
    },
    "pitch_salience": {
        "dmean": 0.0675816312432,
        "dmean2": 0.109261870384,
        "dvar": 0.00410383241251,
        "dvar2": 0.0100655592978,
        "max": 0.996097326279,
        "mean": 0.491718828678,
        "median": 0.482785761356,
        "min": 0.151821017265,
        "var": 0.0133920228109
    },
    "silence_rate_20dB": {
        "dmean": 0,
        "dmean2": 0,
        "dvar": 0,
        "dvar2": 0,
        "max": 1,
        "mean": 1,
        "median": 1,
        "min": 1,
        "var": 0
    },
    "silence_rate_30dB": {
        "dmean": 0.00850077252835,
        "dmean2": 0.0170081183314,
        "dvar": 0.00842869561166,
        "dvar2": 0.0190386716276,
        "max": 1,
        "mean": 0.987253785133,
        "median": 1,
        "min": 0,
        "var": 0.0125840613618
    },
    "silence_rate_60dB": {
        "dmean": 0.014683152549,
        "dmean2": 0.0293776579201,
        "dvar": 0.0144675411284,
        "dvar2": 0.0339257121086,
        "max": 1,
        "mean": 0.0490536876023,
        "median": 0,
        "min": 0,
        "var": 0.046648144722
    },
    "spectral_centroid": {
        "dmean": 84.3274765015,
        "dmean2": 121.050819397,
        "dvar": 65974.1015625,
        "dvar2": 61180.3398438,
        "max": 11103.9648438,
        "mean": 499.533752441,
        "median": 418.836456299,
        "min": 156.699966431,
        "var": 139439.046875
    },
    "spectral_complexity": {
        "dmean": 1.46136009693,
        "dmean2": 2.4592192173,
        "dvar": 3.43707728386,
        "dvar2": 7.74810218811,
        "max": 40,
        "mean": 8.32560825348,
        "median": 8,
        "min": 0,
        "var": 8.99131965637
    },
    "spectral_decrease": {
        "dmean": 2.04667149895e-09,
        "dmean2": 2.95975599585e-09,
        "dvar": 8.09188607049e-18,
        "dvar2": 1.68399248901e-17,
        "max": 1.09107832513e-25,
        "mean": -6.79725564723e-09,
        "median": -5.14515408057e-09,
        "min": -4.90088929439e-08,
        "var": 3.53678309341e-17
    },
    "spectral_energy": {
        "dmean": 0.00794883817434,
        "dmean2": 0.0114716561511,
        "dvar": 0.000123250181787,
        "dvar2": 0.000255807564827,
        "max": 0.191584125161,
        "mean": 0.0264936182648,
        "median": 0.0200387183577,
        "min": 1.05365167828e-20,
        "var": 0.000540617329534
    },
    "spectral_energyband_high": {
        "dmean": 2.50443154073e-05,
        "dmean2": 3.86549727409e-05,
        "dvar": 1.51314285546e-08,
        "dvar2": 3.53068401182e-08,
        "max": 0.0030096040573,
        "mean": 2.96614380204e-05,
        "median": 7.59884596846e-06,
        "min": 7.79235156298e-21,
        "var": 1.45646090743e-08
    },
    "spectral_energyband_low": {
        "dmean": 0.00465800939128,
        "dmean2": 0.00681073591113,
        "dvar": 5.27207812411e-05,
        "dvar2": 0.0001069497157,
        "max": 0.112930729985,
        "mean": 0.0104299448431,
        "median": 0.00680991448462,
        "min": 3.54667192931e-23,
        "var": 0.000138768795296
    },
    "spectral_energyband_middle_high": {
        "dmean": 0.000999683979899,
        "dmean2": 0.00132437550928,
        "dvar": 1.43458737512e-05,
        "dvar2": 2.54392998613e-05,
        "max": 0.0985704287887,
        "mean": 0.0021809427999,
        "median": 0.000499072717503,
        "min": 1.63619687604e-21,
        "var": 3.9611277316e-05
    },
    "spectral_energyband_middle_low": {
        "dmean": 0.00430934550241,
        "dmean2": 0.00661058584228,
        "dvar": 6.11384239164e-05,
        "dvar2": 0.000139646479511,
        "max": 0.137203007936,
        "mean": 0.0148218758404,
        "median": 0.0087771397084,
        "min": 2.04891915764e-22,
        "var": 0.000323158630636
    },
    "spectral_entropy": {
        "dmean": 0.252480059862,
        "dmean2": 0.36669498682,
        "dvar": 0.0789132118225,
        "dvar2": 0.151777416468,
        "max": 9.81442928314,
        "mean": 6.27040624619,
        "median": 6.23412275314,
        "min": 4.83522462845,
        "var": 0.354341387749
    },
    "spectral_flux": {
        "dmean": 0.0228000953794,
        "dmean2": 0.0369949042797,
        "dvar": 0.000759540707804,
        "dvar2": 0.00191764591727,
        "max": 0.365120500326,
        "mean": 0.0579257234931,
        "median": 0.0498144961894,
        "min": 1.02647536304e-10,
        "var": 0.00135656644125
    },
    "spectral_kurtosis": {
        "dmean": 7.63342523575,
        "dmean2": 12.3007364273,
        "dvar": 87.7057723999,
        "dvar2": 216.973770142,
        "max": 170.019897461,
        "mean": 23.0171947479,
        "median": 17.8814373016,
        "min": -1.22716462612,
        "var": 329.759246826
    },
    "spectral_rms": {
        "dmean": 0.00073593336856,
        "dmean2": 0.00105268589687,
        "dvar": 6.58698809275e-07,
        "dvar2": 1.33869207275e-06,
        "max": 0.0136715527624,
        "mean": 0.00465063471347,
        "median": 0.00442153448239,
        "min": 3.20617035525e-12,
        "var": 4.2190986278e-06
    },
    "spectral_rolloff": {
        "dmean": 100.377029419,
        "dmean2": 169.67628479,
        "dvar": 195067.453125,
        "dvar2": 302941.96875,
        "max": 18949.21875,
        "mean": 547.403564453,
        "median": 452.197265625,
        "min": 86.1328125,
        "var": 596944.5625
    },
    "spectral_skewness": {
        "dmean": 0.585981965065,
        "dmean2": 0.903925359249,
        "dvar": 0.358722180128,
        "dvar2": 0.811825990677,
        "max": 10.8896827698,
        "mean": 3.70824313164,
        "median": 3.51589226723,
        "min": 0.00385711272247,
        "var": 1.79667448997
    },
    "spectral_spread": {
        "dmean": 613797.3125,
        "dmean2": 919159.0625,
        "dvar": 1.17342601216e+12,
        "dvar2": 1.66757623398e+12,
        "max": 40638868,
        "mean": 2957388.25,
        "median": 2703516.25,
        "min": 569529.4375,
        "var": 2.72588970394e+12
    },
    "spectral_strongpeak": {
        "dmean": 0.442775815725,
        "dmean2": 0.729517519474,
        "dvar": 0.745583534241,
        "dvar2": 1.56526875496,
        "max": 15.1929330826,
        "mean": 1.06051933765,
        "median": 0.474987536669,
        "min": 0,
        "var": 2.04985427856
    },
    "zerocrossingrate": {
        "dmean": 0.00448565930128,
        "dmean2": 0.00572612136602,
        "dvar": 0.000200900496566,
        "dvar2": 0.000315937708365,
        "max": 0.517578125,
        "mean": 0.0222778078169,
        "median": 0.01953125,
        "min": 0.0029296875,
        "var": 0.000385059247492
    },
    "barkbands": {
        "dmean": [5.85443231103e-05, 0.00282153207809, 0.00216476176865, 0.000691487919539, 0.00148336531129, 0.0019605087582, 0.000836499151774, 0.000438469549408, 0.000570215808693, 0.000444046047051, 0.000261606328422, 8.41567743919e-05, 0.00028674537316, 2.83612171188e-05, 5.27954762219e-05, 2.30195928452e-05, 1.92274401343e-05, 8.21509274829e-06, 1.01784562503e-05, 7.64102151152e-06, 5.22818436366e-06, 4.71529301649e-06, 3.51012522515e-06, 3.31691899191e-06, 3.05990283778e-06, 3.3723974866e-06, 2.104247665e-09],
        "dmean2": [0.000101886354969, 0.00435136212036, 0.0030811089091, 0.00115268328227, 0.00246990914457, 0.00302547286265, 0.00128457788378, 0.000693201669492, 0.000825550290756, 0.000595300982241, 0.000358364370186, 0.000125756036141, 0.000356267380994, 3.92968322558e-05, 6.63400423946e-05, 3.459022264e-05, 2.99052044284e-05, 1.32158484121e-05, 1.54005883815e-05, 1.1462528164e-05, 8.25225015433e-06, 7.53854692448e-06, 5.64697620575e-06, 5.50739787286e-06, 4.9134891924e-06, 5.21448737345e-06, 3.65800811863e-09],
        "dvar": [2.03883754324e-08, 2.2942389478e-05, 1.93928844965e-05, 1.60949457495e-06, 1.29828622448e-05, 2.10272792174e-05, 7.81951894169e-06, 5.0250687309e-06, 5.20945377502e-06, 3.50713844455e-06, 1.92214451999e-06, 2.15651937197e-07, 8.42612735141e-06, 9.23101950434e-09, 3.83837068796e-08, 8.60015436643e-09, 7.1841936844e-09, 1.5081710325e-09, 2.28470575792e-09, 1.43012757192e-09, 8.27418855653e-10, 9.50589496007e-10, 2.80538953179e-10, 2.2398277677e-10, 1.88429341574e-10, 2.41657360789e-10, 3.63195915643e-17],
        "dvar2": [5.5276082378e-08, 5.48177667952e-05, 3.25172732119e-05, 3.98554857384e-06, 3.39654798154e-05, 5.1935625379e-05, 1.58175280376e-05, 1.13357900773e-05, 9.19278772926e-06, 6.54075302009e-06, 3.38462496074e-06, 4.90495949634e-07, 1.40476968227e-05, 1.58097090974e-08, 5.82193457888e-08, 1.90949815959e-08, 1.71291105744e-08, 4.04774258556e-09, 5.64878899212e-09, 3.34473826413e-09, 2.04148986604e-09, 2.39149389181e-09, 6.44955366891e-10, 5.16860609867e-10, 4.43672654171e-10, 5.7262355968e-10, 9.516703683e-17],
        "max": [0.00223667686805, 0.0981393456459, 0.0649930089712, 0.0155454520136, 0.108177244663, 0.0907908082008, 0.0891953259706, 0.0918256491423, 0.0654810145497, 0.0505450330675, 0.037371519953, 0.0140331732109, 0.0942404791713, 0.00296296761371, 0.00555855594575, 0.00175375933759, 0.00208478048444, 0.000964828359429, 0.00136111455504, 0.000956293079071, 0.000830776058137, 0.000912903225981, 0.000419153657276, 0.00028599309735, 0.000257714622421, 0.000442595512141, 1.34004153551e-07],
        "mean": [7.96126987552e-05, 0.00557219050825, 0.00394063070416, 0.00132723804563, 0.00284224539064, 0.00535819632933, 0.00254763709381, 0.000995732727461, 0.00142646778841, 0.000891314004548, 0.000475968437968, 0.00013942969963, 0.000597204721998, 6.63992323098e-05, 0.000113646477985, 3.49548936356e-05, 2.86141294055e-05, 9.90064017969e-06, 1.23673535199e-05, 8.16827559902e-06, 5.6950848375e-06, 5.15003193868e-06, 3.85209159504e-06, 3.57248313776e-06, 3.72935619453e-06, 3.73104376195e-06, 1.90942772704e-09],
        "median": [1.20335807878e-05, 0.00290544470772, 0.00160344666801, 0.000606152112596, 0.00152892363258, 0.00129944970831, 0.000463892007247, 0.000226250107517, 0.00013617365039, 7.92989958427e-05, 3.7343641452e-05, 2.25150324695e-05, 2.21037535084e-05, 1.15716538858e-05, 1.33394105433e-05, 5.97464031671e-06, 5.2335340115e-06, 2.77906337942e-06, 2.3330426302e-06, 1.48037975123e-06, 1.14920703709e-06, 1.01725743207e-06, 7.81417270446e-07, 8.76942863215e-07, 1.18178502362e-06, 7.89797979905e-07, 6.46423636841e-10],
        "min": [1.73497531544e-24, 1.79791466165e-23, 7.66771222153e-24, 9.6537145155e-24, 1.25221113745e-23, 3.18041611724e-23, 2.34591045787e-23, 1.25975809084e-23, 3.1495940595e-23, 9.63756416618e-23, 7.97219359828e-23, 4.06224554232e-23, 4.05141542873e-23, 1.03970453669e-22, 1.05203676767e-22, 1.61397268272e-22, 2.69621222077e-22, 1.48457614398e-22, 2.38467148555e-22, 2.50390686474e-22, 3.79294698329e-22, 4.70832527427e-22, 4.79483542145e-22, 1.06539156433e-21, 1.1298118896e-21, 1.67658322224e-21, 2.26088676445e-21],
        "var": [3.37868470979e-08, 6.04929809924e-05, 4.96334214404e-05, 3.3535015973e-06, 1.92364277609e-05, 0.000115539318358, 4.06985491281e-05, 1.55463021656e-05, 2.07664088521e-05, 8.78308310348e-06, 4.84371548737e-06, 3.8123585e-07, 2.51976071013e-05, 3.39540626726e-08, 1.44611149722e-07, 1.41322127334e-08, 9.18481912748e-09, 1.18864584842e-09, 2.15905249235e-09, 1.39578137937e-09, 7.30874472055e-10, 7.88691389975e-10, 2.760025819e-10, 2.14416123745e-10, 1.80683523698e-10, 2.26259108671e-10, 2.89351120081e-17]
    },
    "erbbands": {
        "dmean": [0.0568499900401, 0.729087412357, 2.26904535294, 2.37207484245, 3.00965309143, 5.38605880737, 10.1567440033, 18.2689876556, 13.9119491577, 11.176361084, 9.54009437561, 12.762263298, 12.4309968948, 13.2614059448, 9.37794589996, 5.22217130661, 14.6619672775, 2.23875403404, 2.64497566223, 1.30996823311, 1.5243717432, 0.834922254086, 0.535039126873, 0.58481413126, 0.43156388402, 0.362760007381, 0.253825813532, 0.179295688868, 0.161916211247, 0.146627724171, 0.0926758572459, 0.0733328610659, 0.0550940968096, 0.0363007187843, 0.0212607439607, 0.0124548748136, 0.00610583182424, 0.00115648610517, 2.17441720451e-05, 9.04182525119e-06],
        "dmean2": [0.0910089090466, 1.11067688465, 3.27986073494, 3.68812322617, 5.08529090881, 9.09158992767, 16.1432418823, 28.6238231659, 21.8299713135, 17.0793972015, 14.7742862701, 18.5751361847, 16.793800354, 18.5069313049, 12.7681827545, 7.32515478134, 18.0371284485, 2.87757182121, 3.29007077217, 1.76276838779, 2.26733398438, 1.28444266319, 0.835237443447, 0.877244353294, 0.660839438438, 0.542416334152, 0.397086411715, 0.284167438745, 0.252782136202, 0.243619576097, 0.147077471018, 0.121085315943, 0.0920191705227, 0.0591251403093, 0.0337020605803, 0.0195842012763, 0.00936372857541, 0.00182610994671, 3.36950506608e-05, 1.29564459712e-05],
        "dvar": [0.0106465993449, 1.53039073944, 19.3558921814, 18.2541599274, 77.5850830078, 173.056777954, 403.913421631, 2515.76293945, 1529.0534668, 2747.17675781, 2016.77783203, 3449.60229492, 1429.25256348, 4001.04589844, 2416.73852539, 857.372314453, 22301.0546875, 74.7530975342, 125.554145813, 11.606347084, 39.9442100525, 10.2348089218, 6.09501838684, 8.03814411163, 4.46554613113, 2.97951340675, 1.55335760117, 1.34119570255, 0.841917812824, 1.10179281235, 0.170350059867, 0.114447213709, 0.0669597387314, 0.0274804718792, 0.00872492790222, 0.00380732025951, 0.00071449339157, 2.38126885961e-05, 6.98602420357e-09, 1.6518710011e-10],
        "dvar2": [0.0278023164719, 3.55402231216, 32.7758674622, 41.1172523499, 199.295043945, 473.654907227, 986.502990723, 6689.34912109, 3064.61743164, 5479.74560547, 4407.29296875, 5935.69970703, 2292.55029297, 7335.36914062, 4409.95214844, 1807.11071777, 37400.6835938, 119.519638062, 188.911849976, 19.2613124847, 88.6393966675, 24.4564476013, 14.3938140869, 19.987039566, 11.0885219574, 6.80925750732, 3.68062710762, 3.42826199532, 1.97005605698, 2.90340280533, 0.385834902525, 0.262982606888, 0.159835383296, 0.0658941864967, 0.0204030033201, 0.00906330160797, 0.00167168362532, 5.86180503888e-05, 1.70787988196e-08, 3.43891526366e-10],
        "max": [1.57318258286, 25.6293392181, 61.3647575378, 50.5018997192, 262.295623779, 367.280273438, 381.652130127, 1068.5423584, 1110.34436035, 2262.08178711, 1732.12463379, 1758.68554688, 993.785888672, 1811.55029297, 1245.52563477, 711.705871582, 4836.08447266, 233.524093628, 334.899230957, 81.6348266602, 120.582588196, 70.0303344727, 60.7898483276, 78.6313934326, 56.5131187439, 40.5463943481, 29.615114212, 36.8723831177, 23.8991680145, 31.7900047302, 9.4389257431, 7.46672105789, 5.38364553452, 3.55393004417, 1.71726679802, 1.66330051422, 0.706836044788, 0.140580862761, 0.00239557307214, 0.000243167422013],
        "mean": [0.117443040013, 1.4307230711, 4.32741832733, 4.9471449852, 5.01559972763, 10.0228767395, 23.583190918, 49.4930763245, 43.9518280029, 30.0582904816, 22.8832035065, 31.7109947205, 30.361656189, 24.9848155975, 17.7259902954, 9.95581245422, 30.593667984, 5.41640710831, 5.83699989319, 2.62654209137, 2.42830276489, 1.33120620251, 0.717459261417, 0.719416320324, 0.507757484913, 0.391060948372, 0.274845778942, 0.196672394872, 0.183916524053, 0.154398709536, 0.100267514586, 0.0775929316878, 0.0599133558571, 0.0423852279782, 0.0257334783673, 0.0147492093965, 0.00679424684495, 0.00106943631545, 3.10882569465e-05, 3.01472500723e-05],
        "median": [0.0392534136772, 0.754407763481, 2.07774925232, 2.4854516983, 2.91306471825, 4.75381088257, 7.56484174728, 9.94129276276, 7.55612754822, 7.75951480865, 5.45933151245, 3.46276044846, 3.71405792236, 3.07274746895, 1.91349649429, 1.3866366148, 1.3625767231, 1.03207743168, 0.889122009277, 0.581915855408, 0.463946014643, 0.325447738171, 0.203143835068, 0.157343193889, 0.128563061357, 0.0712142661214, 0.0547207891941, 0.039468921721, 0.0383071452379, 0.0261424463242, 0.0220173355192, 0.0183172784746, 0.0158138070256, 0.0131947714835, 0.00772124622017, 0.00411989539862, 0.00130200933199, 8.75253826962e-05, 1.52531983986e-05, 2.29935012612e-05],
        "min": [3.73575848041e-22, 4.60836778758e-21, 8.0284066147e-21, 3.45627111509e-20, 4.30731459585e-20, 2.32724874273e-20, 8.37357971391e-20, 4.26036169171e-19, 4.24751790324e-19, 3.44014283798e-19, 2.86627258785e-19, 6.8402894254e-19, 2.24078947281e-18, 4.53689375395e-18, 2.22640562914e-18, 1.92666205172e-18, 2.19728452888e-18, 3.50664650487e-18, 5.08143378223e-18, 7.77689982914e-18, 1.21605683008e-17, 1.52158384754e-17, 9.06625933715e-18, 8.84235395304e-18, 1.54199287479e-17, 1.13786237144e-17, 1.37243135441e-17, 1.58455760388e-17, 1.62085131131e-17, 1.36104281446e-17, 1.62150627292e-17, 1.78431212652e-17, 1.63856439151e-17, 1.08837066646e-17, 8.77237364604e-18, 5.3806800173e-18, 3.2509792464e-18, 1.08545193899e-18, 3.09143838841e-19, 3.69059942729e-20],
        "var": [0.0275106560439, 4.04658126831, 48.6518669128, 38.3918609619, 79.2397918701, 275.034240723, 1571.84765625, 12031.9707031, 11116.3720703, 7819.66259766, 6959.97900391, 12869.9833984, 6211.15625, 8437.53222656, 6046.15820312, 1906.50390625, 66006.28125, 262.31427002, 468.89251709, 41.0444831848, 66.9850540161, 13.0171108246, 6.6018075943, 7.6743812561, 4.0010099411, 3.01407456398, 1.49937260151, 1.08490252495, 0.803932547569, 0.818863093853, 0.173980087042, 0.110295109451, 0.0607618838549, 0.0252002496272, 0.00854046829045, 0.0035077703651, 0.000687370426022, 2.09715017263e-05, 6.42072350843e-09, 6.91121326835e-10]
    },
    "gfcc": {
        "mean": [-100.551200867, 156.044967651, -73.2892913818, 6.22863435745, -52.7173728943, 7.91562271118, -36.8066864014, 6.24128675461, -19.5867786407, 3.84500956535, -12.4320583344, -1.29403090477, -6.96099853516],
        "cov": [[6063.98046875, -301.509368896, -388.848388672, 36.707775116, -46.0558395386, 99.5593948364, -88.3024597168, 62.2456359863, -194.022415161, 16.7956447601, -146.575622559, 109.892616272, -72.1604156494], [-301.509368896, 1000.14807129, -33.1266937256, -330.700622559, 40.8479385376, -149.546905518, 6.4233083725, -157.099746704, 188.996490479, -0.140988856554, 170.924804688, -103.385383606, 108.921173096], [-388.848388672, -33.1266937256, 821.515136719, 164.686660767, -90.6826248169, 24.559343338, 3.99644851685, 13.347114563, 25.0381317139, 125.105812073, 23.1828422546, 36.1770019531, -50.665687561], [36.707775116, -330.700622559, 164.686660767, 491.036987305, 57.3841819763, 81.9563293457, 69.645652771, 125.951255798, -15.6712760925, -7.36370229721, -50.6951179504, 2.39709734917, -28.1788692474], [-46.0558395386, 40.8479385376, -90.6826248169, 57.3841819763, 255.291564941, 111.568405151, 78.0132675171, 61.5251350403, 35.3628578186, -30.3036403656, -21.1071166992, -11.9082355499, 5.00951242447], [99.5593948364, -149.546905518, 24.559343338, 81.9563293457, 111.568405151, 210.55368042, 89.1207580566, 95.7677078247, -23.6324291229, -20.7597179413, -66.0864028931, -0.201160132885, -7.99246883392], [-88.3024597168, 6.4233083725, 3.99644851685, 69.645652771, 78.0132675171, 89.1207580566, 181.786605835, 110.098800659, 32.2584266663, -33.4307746887, -42.2324447632, -27.795791626, 17.5588436127], [62.2456359863, -157.099746704, 13.347114563, 125.951255798, 61.5251350403, 95.7677078247, 110.098800659, 214.264175415, 45.9443778992, -16.6616401672, -91.0836105347, -27.2309856415, 0.391427397728], [-194.022415161, 188.996490479, 25.0381317139, -15.6712760925, 35.3628578186, -23.6324291229, 32.2584266663, 45.9443778992, 174.614364624, 64.9636688232, 36.0529518127, -52.0613899231, 15.600194931], [16.7956447601, -0.140988856554, 125.105812073, -7.36370229721, -30.3036403656, -20.7597179413, -33.4307746887, -16.6616401672, 64.9636688232, 133.247314453, 67.9491195679, 16.2083911896, -42.5962677002], [-146.575622559, 170.924804688, 23.1828422546, -50.6951179504, -21.1071166992, -66.0864028931, -42.2324447632, -91.0836105347, 36.0529518127, 67.9491195679, 159.204116821, 33.3067512512, -6.60050582886], [109.892616272, -103.385383606, 36.1770019531, 2.39709734917, -11.9082355499, -0.201160132885, -27.795791626, -27.2309856415, -52.0613899231, 16.2083911896, 33.3067512512, 120.737770081, 19.8977603912], [-72.1604156494, 108.921173096, -50.665687561, -28.1788692474, 5.00951242447, -7.99246883392, 17.5588436127, 0.391427397728, 15.600194931, -42.5962677002, -6.60050582886, 19.8977603912, 128.105636597]],
        "icov": [[0.00021846369782, -0.000328434747644, 0.000264429487288, -0.00020348916587, 0.000191347338841, -0.000175631852471, 0.000167302350746, -0.000214697909541, 0.000459277129266, -0.000651682319585, 0.000607493566349, -0.000470372731797, 0.000253154605161], [-0.000328434747644, 0.00467847613618, -0.00151570467278, 0.002491498366, -0.00183099799324, 0.00151041056961, -0.00132186280098, 0.00225599273108, -0.00373918004334, 0.00427806284279, -0.00501201068982, 0.00441674236208, -0.00294057116844], [0.000264429487288, -0.00151570467278, 0.00233065616339, -0.00147206545807, 0.00146831793245, -0.00101228954736, 4.58403474113e-06, -0.000200456837774, 0.00113083852921, -0.00329716037959, 0.00234096148051, -0.0020077265799, 0.00111346645281], [-0.00020348916587, 0.002491498366, -0.00147206545807, 0.00411042617634, -0.00161814026069, 0.000995800830424, -0.000698782037944, -0.000653210445307, -0.00102725741453, 0.00255974149331, -0.00313400500454, 0.00249776942655, -0.00126108061522], [0.000191347338841, -0.00183099799324, 0.00146831793245, -0.00161814026069, 0.00743265636265, -0.00444957148284, -0.000202633047593, 0.000146536054672, -0.0021534434054, 0.000997838447802, 0.00144165835809, -0.00331520079635, 0.0025316667743], [-0.000175631852471, 0.00151041056961, -0.00101228954736, 0.000995800830424, -0.00444957148284, 0.0100842798129, -0.00293504795991, -0.0014830644941, 0.0028419981245, -0.00153256801423, 0.000194991793251, 0.00192905880976, -0.00149975006934], [0.000167302350746, -0.00132186280098, 4.58403474113e-06, -0.000698782037944, -0.000202633047593, -0.00293504795991, 0.0104754706845, -0.0046921512112, -0.000120114542369, 0.00184508378152, -0.000534554943442, -0.000109561944555, 8.71805168572e-05], [-0.000214697909541, 0.00225599273108, -0.000200456837774, -0.000653210445307, 0.000146536054672, -0.0014830644941, -0.0046921512112, 0.0129653243348, -0.00708860345185, 0.00212622154504, 0.00353333936073, -0.000266626302619, 3.68840810552e-05], [0.000459277129266, -0.00373918004334, 0.00113083852921, -0.00102725741453, -0.0021534434054, 0.0028419981245, -0.000120114542369, -0.00708860345185, 0.0194892492145, -0.0140285864472, 0.00116292841267, 0.0048145968467, -0.00376700027846], [-0.000651682319585, 0.00427806284279, -0.00329716037959, 0.00255974149331, 0.000997838447802, -0.00153256801423, 0.00184508378152, 0.00212622154504, -0.0140285864472, 0.0249521713704, -0.00971201993525, -0.00127803406212, 0.00456378655508], [0.000607493566349, -0.00501201068982, 0.00234096148051, -0.00313400500454, 0.00144165835809, 0.000194991793251, -0.000534554943442, 0.00353333936073, 0.00116292841267, -0.00971201993525, 0.0188950579613, -0.00870297197253, 0.00381273822859], [-0.000470372731797, 0.00441674236208, -0.0020077265799, 0.00249776942655, -0.00331520079635, 0.00192905880976, -0.000109561944555, -0.000266626302619, 0.0048145968467, -0.00127803406212, -0.00870297197253, 0.0186610594392, -0.0083572389558], [0.000253154605161, -0.00294057116844, 0.00111346645281, -0.00126108061522, 0.0025316667743, -0.00149975006934, 8.71805168572e-05, 3.68840810552e-05, -0.00376700027846, 0.00456378655508, 0.00381273822859, -0.0083572389558, 0.0138779617846]]
    },
    "melbands": {
        "dmean": [0.000665312632918, 0.00108559208456, 0.000415163842263, 0.000285841524601, 0.000326950190356, 0.000394717470044, 0.000208241835935, 0.000116235678433, 8.20046334411e-05, 7.88255492807e-05, 6.31520524621e-05, 5.57913626835e-05, 3.66738750017e-05, 1.19797450679e-05, 2.84283978544e-05, 2.05071464734e-05, 3.015190714e-06, 3.74934165848e-06, 3.15300167131e-06, 1.18718048725e-06, 1.97539770852e-06, 8.6638567609e-07, 7.88888542047e-07, 3.91478693018e-07, 5.00938824644e-07, 3.29720990067e-07, 2.91121494911e-07, 2.30076011576e-07, 1.68315068549e-07, 1.32678863451e-07, 9.55964125637e-08, 9.0332292757e-08, 9.83448913416e-08, 7.62284670941e-08, 5.29420169926e-08, 5.20163787598e-08, 4.33413731571e-08, 3.93269168342e-08, 3.65674956981e-08, 2.92044681771e-08],
        "dmean2": [0.00102854461875, 0.0015781763941, 0.000644597283099, 0.000482784496853, 0.000521006120834, 0.000613437674474, 0.000325022439938, 0.000178918548045, 0.000124676793348, 0.000114651964395, 8.55901380419e-05, 7.79625188443e-05, 4.97230394103e-05, 1.72719501279e-05, 3.6438308598e-05, 2.50239681918e-05, 4.18909485234e-06, 4.75536262456e-06, 4.04310003432e-06, 1.78274365226e-06, 2.93949960906e-06, 1.35295795189e-06, 1.23364952742e-06, 6.3282817564e-07, 7.53576330226e-07, 5.12461838298e-07, 4.47198999609e-07, 3.46473115087e-07, 2.64109758064e-07, 2.12413382883e-07, 1.52150349209e-07, 1.41168939649e-07, 1.59646319275e-07, 1.26576225057e-07, 8.48375378837e-08, 8.39858813606e-08, 7.10747940502e-08, 6.67872441795e-08, 5.9902234284e-08, 4.76975330344e-08],
        "dvar": [1.31054810026e-06, 3.52197116626e-06, 5.06511696585e-07, 7.68028428411e-07, 3.7863165403e-07, 1.05708159026e-06, 3.39521363912e-07, 2.85203270778e-07, 1.21105912854e-07, 1.06285547474e-07, 3.72018824635e-08, 7.86149598753e-08, 4.25601598408e-08, 3.3898310825e-09, 6.70823752102e-08, 3.80660516441e-08, 1.12078353542e-10, 2.64728766686e-10, 1.13979860272e-10, 1.04057326991e-11, 6.95827492847e-11, 1.15682246768e-11, 2.82488858694e-11, 3.94882564148e-12, 5.90751059182e-12, 2.87152419898e-12, 1.9892481759e-12, 1.25967400573e-12, 6.43961717717e-13, 6.12158219081e-13, 3.86656391583e-13, 2.21378105192e-13, 5.06357596911e-13, 2.49024108626e-13, 5.41118392499e-14, 5.61449622688e-14, 3.78818172306e-14, 3.26951160102e-14, 3.4586916664e-14, 1.62135184293e-14],
        "dvar2": [3.21177549267e-06, 6.68634675094e-06, 1.17704564673e-06, 2.01111015485e-06, 9.42578026297e-07, 2.71156363851e-06, 6.83869700424e-07, 5.88724333284e-07, 2.5225190825e-07, 1.86007852676e-07, 6.12663342281e-08, 1.44937473578e-07, 7.53126272457e-08, 6.97455604382e-09, 1.14320855005e-07, 6.31450376432e-08, 1.96317087586e-10, 3.98064858853e-10, 1.75983269624e-10, 2.34550052991e-11, 1.53937987357e-10, 2.8853077913e-11, 6.24395812832e-11, 1.07555466269e-11, 1.44997356136e-11, 7.18434079588e-12, 4.81532348717e-12, 2.90650012738e-12, 1.5125321785e-12, 1.54648050008e-12, 9.91819690613e-13, 5.02411209424e-13, 1.3204526448e-12, 6.48517697877e-13, 1.23255748598e-13, 1.24697900118e-13, 9.1205722716e-14, 8.01127488458e-14, 8.3926057293e-14, 3.92162295476e-14],
        "max": [0.0224333424121, 0.024754088372, 0.00922154076397, 0.0285202227533, 0.0114649906754, 0.0215800069273, 0.0149784209207, 0.0207386482507, 0.0114896865562, 0.00960753578693, 0.00490562524647, 0.00810572504997, 0.00568551849574, 0.00205078907311, 0.0084426663816, 0.00639397883788, 0.000353490264388, 0.000485883414513, 0.000247874238994, 6.3008039433e-05, 0.000158106719027, 8.90108058229e-05, 0.000168367216247, 5.61683300475e-05, 6.35456017335e-05, 4.89235353598e-05, 3.95307179133e-05, 2.35155694099e-05, 1.91410854313e-05, 2.22345697694e-05, 2.00658250833e-05, 1.13157648229e-05, 2.1615969672e-05, 1.40284819281e-05, 5.00676469528e-06, 5.65914979234e-06, 3.99251348426e-06, 3.21741049447e-06, 5.15493411513e-06, 2.28016278925e-06],
        "mean": [0.00134941888973, 0.00220254296437, 0.000859964231495, 0.00049930246314, 0.000766586803365, 0.00107809947804, 0.000663059821818, 0.000299992389046, 0.000189342463273, 0.000198554902454, 0.000149480154505, 0.000101871024526, 6.69361616019e-05, 2.07086632145e-05, 5.80830237595e-05, 4.32622618973e-05, 6.89966873324e-06, 7.97343363956e-06, 6.59480838294e-06, 1.89735396816e-06, 3.04837453768e-06, 1.38280881856e-06, 1.00513398138e-06, 4.96046141052e-07, 6.02225838975e-07, 3.86549686482e-07, 3.19545478078e-07, 2.39932944623e-07, 1.77777252475e-07, 1.4101814827e-07, 1.02538336932e-07, 1.02955112879e-07, 1.01150540388e-07, 7.97589549961e-08, 5.65746773873e-08, 5.37296500625e-08, 4.48558559185e-08, 4.23611012934e-08, 3.87293646043e-08, 3.45441932836e-08],
        "median": [0.000579705927521, 0.00122557138093, 0.000529811135493, 0.000270507327514, 0.000275235623121, 0.000224310846534, 0.000112997549877, 7.56728550186e-05, 3.32888994308e-05, 1.92313254956e-05, 1.58799193741e-05, 9.62107424129e-06, 5.61780507269e-06, 2.8344616112e-06, 2.60537967733e-06, 1.97571171157e-06, 1.11744930109e-06, 1.00173508599e-06, 8.81329697222e-07, 4.52663016404e-07, 3.84238148854e-07, 2.73509726867e-07, 1.63261020703e-07, 1.36217408908e-07, 1.08745460636e-07, 8.30236359661e-08, 6.50155271842e-08, 3.80312847881e-08, 3.07502858732e-08, 2.7921982948e-08, 2.08311288219e-08, 2.24311591523e-08, 1.66002891433e-08, 1.31109789692e-08, 1.2672498606e-08, 1.09656275171e-08, 1.13253335599e-08, 1.09479483257e-08, 1.0172826137e-08, 1.10389537511e-08],
        "min": [4.68800117235e-24, 5.0408929707e-24, 5.76551062153e-24, 2.26600630291e-24, 2.41935159377e-24, 8.61812552925e-24, 6.01484983214e-24, 3.66014736171e-24, 1.96795433975e-24, 5.19530460429e-24, 1.04810481671e-23, 1.78373204698e-23, 8.8493422383e-24, 3.76337020559e-24, 7.60578900705e-24, 4.0586380814e-24, 6.45307113689e-24, 8.4897328949e-24, 8.30726463436e-24, 7.96109905851e-24, 1.48845225937e-23, 1.49860095491e-23, 1.39395887138e-23, 4.9500702314e-24, 7.0761051968e-24, 9.65182046046e-24, 9.34380972002e-24, 7.08699305501e-24, 9.1227582726e-24, 6.83092486087e-24, 8.88351095954e-24, 1.02176482997e-23, 7.24573474611e-24, 5.97844784567e-24, 8.53650366911e-24, 1.08331096893e-23, 1.05131548059e-23, 1.27988540352e-23, 8.17390296517e-24, 9.02656930698e-24],
        "var": [3.55616543857e-06, 8.65330002853e-06, 9.77698505267e-07, 8.34491117985e-07, 1.54175324951e-06, 5.47455374544e-06, 2.42411033469e-06, 7.9442469314e-07, 4.19766308823e-07, 4.16763583644e-07, 1.58155771146e-07, 1.63553181665e-07, 1.05542234508e-07, 7.97085597526e-09, 1.9849419175e-07, 1.13694184734e-07, 3.77095077386e-10, 9.87405046615e-10, 4.30360885817e-10, 1.83326721859e-11, 1.18885457034e-10, 1.57688896663e-11, 3.3998887039e-11, 3.06545045424e-12, 5.90274096962e-12, 2.52622011851e-12, 1.87764799368e-12, 1.24687055385e-12, 6.42812842885e-13, 5.11820837448e-13, 3.09944913702e-13, 2.24035945503e-13, 3.85457074245e-13, 1.91209976455e-13, 5.49433037316e-14, 5.72954837329e-14, 3.43140873517e-14, 2.8434682587e-14, 3.0329624039e-14, 1.48967786078e-14]
    },
    "mfcc": {
        "mean": [-764.22088623, 195.214126587, 34.5974960327, 15.1726026535, 6.07995557785, 0.979515790939, -1.95958566666, -1.81100571156, -0.20575478673, 0.835440158844, 0.399292260408, -1.25655007362, 1.086779356],
        "cov": [[3817.72827148, -126.16204834, -500.960449219, 49.1768188477, -44.3622932434, 18.2706871033, 20.6316356659, 59.3126525879, -32.2852668762, -11.6547994614, -37.1262664795, -90.3055877686, -77.2845611572], [-126.16204834, 1226.42260742, -29.2312393188, -238.383010864, -34.9506454468, -39.5905609131, -124.38445282, -162.070495605, -71.0449523926, -19.8061161041, 31.0332298279, 29.5265712738, 36.1813392639], [-500.960449219, -29.2312393188, 633.673950195, 123.816619873, 12.6656446457, 44.2847137451, 6.92031812668, -40.4607620239, -11.8332519531, 9.71126365662, 54.7318572998, 59.3937149048, 18.7686252594], [49.1768188477, -238.383010864, 123.816619873, 294.950073242, 69.0537185669, 22.4415626526, 38.6270713806, 59.758102417, 47.6764945984, 40.8074913025, 30.5746555328, 15.0280408859, 5.66741609573], [-44.3622932434, -34.9506454468, 12.6656446457, 69.0537185669, 149.238677979, 56.2322692871, 30.0187034607, 41.3088188171, 41.1590576172, 31.31640625, 22.4851741791, 20.2892856598, 10.8011083603], [18.2706871033, -39.5905609131, 44.2847137451, 22.4415626526, 56.2322692871, 120.508605957, 61.2481842041, 28.6465816498, 15.2436323166, -5.45310401917, 5.11729001999, 20.6552143097, 15.965174675], [20.6316356659, -124.38445282, 6.92031812668, 38.6270713806, 30.0187034607, 61.2481842041, 146.04498291, 111.76423645, 60.2046699524, 8.62183856964, -18.8510456085, -10.4898929596, -5.50535440445], [59.3126525879, -162.070495605, -40.4607620239, 59.758102417, 41.3088188171, 28.6465816498, 111.76423645, 179.728210449, 134.691650391, 49.0849571228, -19.1357536316, -35.7886276245, -20.1041412354], [-32.2852668762, -71.0449523926, -11.8332519531, 47.6764945984, 41.1590576172, 15.2436323166, 60.2046699524, 134.691650391, 204.626708984, 124.448440552, 1.91964399815, -60.1768608093, -43.5372085571], [-11.6547994614, -19.8061161041, 9.71126365662, 40.8074913025, 31.31640625, -5.45310401917, 8.62183856964, 49.0849571228, 124.448440552, 173.318511963, 77.1500396729, -15.8573951721, -43.2083892822], [-37.1262664795, 31.0332298279, 54.7318572998, 30.5746555328, 22.4851741791, 5.11729001999, -18.8510456085, -19.1357536316, 1.91964399815, 77.1500396729, 149.889160156, 93.5090408325, -7.71743822098], [-90.3055877686, 29.5265712738, 59.3937149048, 15.0280408859, 20.2892856598, 20.6552143097, -10.4898929596, -35.7886276245, -60.1768608093, -15.8573951721, 93.5090408325, 163.934692383, 68.791229248], [-77.2845611572, 36.1813392639, 18.7686252594, 5.66741609573, 10.8011083603, 15.965174675, -5.50535440445, -20.1041412354, -43.5372085571, -43.2083892822, -7.71743822098, 68.791229248, 134.927398682]],
