{
"lowlevel": {
    "average_loudness": 0.938698887825,
    "barkbands_crest": {
        "dmean": 2.46335101128,
        "dmean2": 4.04081392288,
        "dvar": 4.91889047623,
        "dvar2": 12.2651376724,
        "max": 21.8796424866,
        "mean": 10.3106527328,
        "median": 9.22697353363,
        "min": 2.60282802582,
        "var": 17.7826519012
    },
    "barkbands_flatness_db": {
        "dmean": 0.0232706684619,
        "dmean2": 0.035646636039,
        "dvar": 0.00043033331167,
        "dvar2": 0.000938742770813,
        "max": 0.366372406483,
        "mean": 0.164990901947,
        "median": 0.145792677999,
        "min": 0.0417411997914,
        "var": 0.0048788394779
    },
    "barkbands_kurtosis": {
        "dmean": 3.42720365524,
        "dmean2": 5.44027900696,
        "dvar": 24.8368358612,
        "dvar2": 56.676158905,
        "max": 58.9054450989,
        "mean": 6.24183988571,
        "median": 2.48515319824,
        "min": -1.77661466599,
        "var": 92.6472320557
    },
    "barkbands_skewness": {
        "dmean": 0.53605479002,
        "dmean2": 0.834328949451,
        "dvar": 0.297522962093,
        "dvar2": 0.630249559879,
        "max": 6.72185325623,
        "mean": 1.90973353386,
        "median": 1.56741940975,
        "min": -2.44047427177,
        "var": 1.692907691
    },
    "barkbands_spread": {
        "dmean": 5.56198644638,
        "dmean2": 8.85702991486,
        "dvar": 52.3561592102,
        "dvar2": 115.220726013,
        "max": 94.7523040771,
        "mean": 20.2041549683,
        "median": 18.3654098511,
        "min": 2.27806425095,
        "var": 179.045608521
    },
    "dissonance": {
        "dmean": 0.0194734111428,
        "dmean2": 0.0326483882964,
        "dvar": 0.00028073071735,
        "dvar2": 0.000770287704654,
        "max": 0.500000119209,
        "mean": 0.460318744183,
        "median": 0.467808246613,
        "min": 0.283773541451,
        "var": 0.000903370557353
    },
    "dynamic_complexity": 3.52014493942,
    "erbbands_crest": {
        "dmean": 3.43824601173,
        "dmean2": 5.72893047333,
        "dvar": 10.2847013474,
        "dvar2": 26.3697414398,
        "max": 28.8137989044,
        "mean": 9.48490333557,
        "median": 8.22978591919,
        "min": 2.64927768707,
        "var": 20.9025878906
    },
    "erbbands_flatness_db": {
        "dmean": 0.018818911165,
        "dmean2": 0.0285156685859,
        "dvar": 0.000321142870234,
        "dvar2": 0.000652388087474,
        "max": 0.364961415529,
        "mean": 0.167972117662,
        "median": 0.151320293546,
        "min": 0.0635306015611,
        "var": 0.00376475299709
    },
    "erbbands_kurtosis": {
        "dmean": 0.929814457893,
        "dmean2": 1.57751214504,
        "dvar": 2.02840876579,
        "dvar2": 5.58769178391,
        "max": 21.8262996674,
        "mean": 0.133691444993,
        "median": -0.205054759979,
        "min": -1.58534598351,
        "var": 2.31268811226
    },
    "erbbands_skewness": {
        "dmean": 0.442896306515,
        "dmean2": 0.72579729557,
        "dvar": 0.170115709305,
        "dvar2": 0.446101427078,
        "max": 2.73722815514,
        "mean": 0.318784028292,
        "median": 0.333712905645,
        "min": -4.47797060013,
        "var": 0.534236073494
    },
    "erbbands_spread": {
        "dmean": 8.79803276062,
        "dmean2": 13.8698558807,
        "dvar": 72.5724716187,
        "dvar2": 167.457839966,
        "max": 105.982757568,
        "mean": 41.9636039734,
        "median": 41.1265258789,
        "min": 5.78708648682,
        "var": 254.972091675
    },
    "hfc": {
        "dmean": 6.9152879715,
        "dmean2": 11.3307418823,
        "dvar": 186.765548706,
        "dvar2": 485.675048828,
        "max": 139.34538269,
        "mean": 16.1694450378,
        "median": 12.8567152023,
        "min": 3.57658700523e-06,
        "var": 233.227233887
    },
    "melbands_crest": {
        "dmean": 3.16826581955,
        "dmean2": 5.27010297775,
        "dvar": 8.05813503265,
        "dvar2": 19.8708152771,
        "max": 31.3842697144,
        "mean": 14.7810325623,
        "median": 13.7681026459,
        "min": 5.06545066833,
        "var": 27.6280536652
    },
    "melbands_flatness_db": {
        "dmean": 0.0244502462447,
        "dmean2": 0.03805263713,
        "dvar": 0.000626996101346,
        "dvar2": 0.0013213151833,
        "max": 0.464971631765,
        "mean": 0.224225252867,
        "median": 0.195387735963,
        "min": 0.0835421606898,
        "var": 0.00754982745275
    },
    "melbands_kurtosis": {
        "dmean": 8.18097877502,
        "dmean2": 12.7133216858,
        "dvar": 162.149841309,
        "dvar2": 364.029510498,
        "max": 166.690567017,
        "mean": 17.9283542633,
        "median": 9.57298374176,
        "min": -1.78227365017,
        "var": 483.539215088
    },
    "melbands_skewness": {
        "dmean": 0.732077658176,
        "dmean2": 1.12363147736,
        "dvar": 0.595496177673,
        "dvar2": 1.25407195091,
        "max": 10.2604341507,
        "mean": 3.05731081963,
        "median": 2.56234002113,
        "min": -1.28356873989,
        "var": 2.87049603462
    },
    "melbands_spread": {
        "dmean": 5.87111759186,
        "dmean2": 9.50604057312,
        "dvar": 50.305015564,
        "dvar2": 126.625747681,
        "max": 88.5336990356,
        "mean": 19.2199878693,
        "median": 16.9886131287,
        "min": 1.65747439861,
        "var": 181.149551392
    },
    "pitch_salience": {
        "dmean": 0.0722533985972,
        "dmean2": 0.119573839009,
        "dvar": 0.00440865708515,
        "dvar2": 0.0119827091694,
        "max": 0.848093032837,
        "mean": 0.526477336884,
        "median": 0.526813328266,
        "min": 0.210955068469,
        "var": 0.00992418825626
    },
    "silence_rate_20dB": {
        "dmean": 0,
        "dmean2": 0,
        "dvar": 0,
        "dvar2": 0,
        "max": 1,
        "mean": 1,
        "median": 1,
        "min": 1,
        "var": 0
    },
    "silence_rate_30dB": {
        "dmean": 0.0665634647012,
        "dmean2": 0.133230060339,
        "dvar": 0.062132678926,
        "dvar2": 0.141815692186,
        "max": 1,
        "mean": 0.88553750515,
        "median": 1,
        "min": 0,
        "var": 0.101360976696
    },
    "silence_rate_60dB": {
        "dmean": 0.00464396271855,
        "dmean2": 0.00929511990398,
        "dvar": 0.00462240260094,
        "dvar2": 0.0107578681782,
        "max": 1,
        "mean": 0.0742459371686,
        "median": 0,
        "min": 0,
        "var": 0.0687332302332
    },
    "spectral_centroid": {
        "dmean": 217.063369751,
        "dmean2": 348.380493164,
        "dvar": 130656.585938,
        "dvar2": 196465.296875,
        "max": 11428.6328125,
        "mean": 1021.54656982,
        "median": 953.130615234,
        "min": 272.49621582,
        "var": 273008.125
    },
    "spectral_complexity": {
        "dmean": 2.95510840416,
        "dmean2": 4.61967468262,
        "dvar": 11.761092186,
        "dvar2": 24.2016105652,
        "max": 46,
        "mean": 15.7703018188,
        "median": 15,
        "min": 0,
        "var": 56.7106666565
    },
    "spectral_decrease": {
        "dmean": 4.47559278527e-09,
        "dmean2": 7.43070360798e-09,
        "dvar": 8.9682862456e-17,
        "dvar2": 2.24078648669e-16,
        "max": -1.05611487759e-15,
        "mean": -9.50375333986e-09,
        "median": -4.73370764809e-09,
        "min": -9.37089481567e-08,
        "var": 1.54660698751e-16
    },
    "spectral_energy": {
        "dmean": 0.0173914972693,
        "dmean2": 0.0288768187165,
        "dvar": 0.00133138988167,
        "dvar2": 0.00333026098087,
        "max": 0.358915477991,
        "mean": 0.0373360104859,
        "median": 0.0192552153021,
        "min": 5.26563415093e-09,
        "var": 0.0022661651019
    },
    "spectral_energyband_high": {
        "dmean": 0.000341569189914,
        "dmean2": 0.000529758224729,
        "dvar": 7.8446862517e-07,
        "dvar2": 2.030074711e-06,
        "max": 0.0107696419582,
        "mean": 0.000607871741522,
        "median": 0.000309084483888,
        "min": 6.84536038964e-11,
        "var": 9.53245660185e-07
    },
    "spectral_energyband_low": {
        "dmean": 0.0109450807795,
        "dmean2": 0.0175650492311,
        "dvar": 0.00072911818279,
        "dvar2": 0.00173695560079,
        "max": 0.319197297096,
        "mean": 0.0211970340461,
        "median": 0.00420097541064,
        "min": 5.8481375298e-10,
        "var": 0.00164477596991
    },
    "spectral_energyband_middle_high": {
        "dmean": 0.00147605675738,
        "dmean2": 0.00245688878931,
        "dvar": 1.25370843307e-05,
        "dvar2": 3.40327169397e-05,
        "max": 0.0601404495537,
        "mean": 0.00374867254868,
        "median": 0.00257275882177,
        "min": 8.80005623927e-10,
        "var": 1.78334576049e-05
    },
    "spectral_energyband_middle_low": {
        "dmean": 0.00806551240385,
        "dmean2": 0.0138526419178,
        "dvar": 0.000295509991702,
        "dvar2": 0.000794628169388,
        "max": 0.162834227085,
        "mean": 0.0132115576416,
        "median": 0.00917167868465,
        "min": 2.1015436058e-09,
        "var": 0.000273420417216
    },
    "spectral_entropy": {
        "dmean": 0.174426555634,
        "dmean2": 0.273401558399,
        "dvar": 0.0339152812958,
        "dvar2": 0.0690960437059,
        "max": 9.81406879425,
        "mean": 7.43248128891,
        "median": 7.50818490982,
        "min": 5.64161491394,
        "var": 0.278763741255
    },
    "spectral_flux": {
        "dmean": 0.0319511555135,
        "dmean2": 0.0517479255795,
        "dvar": 0.00306083611213,
        "dvar2": 0.00688884221017,
        "max": 0.510735273361,
        "mean": 0.0864512771368,
        "median": 0.0695305913687,
        "min": 7.81243652455e-05,
        "var": 0.00480723939836
    },
    "spectral_kurtosis": {
        "dmean": 2.748306036,
        "dmean2": 4.55577039719,
        "dvar": 43.0663337708,
        "dvar2": 113.313453674,
        "max": 90.6068649292,
        "mean": 7.1296787262,
        "median": 2.93677473068,
        "min": -1.20755255222,
        "var": 199.660018921
    },
    "spectral_rms": {
        "dmean": 0.00113267311826,
        "dmean2": 0.00182122190017,
        "dvar": 3.31935575559e-06,
        "dvar2": 7.77017885412e-06,
        "max": 0.0187126006931,
        "mean": 0.00517322216183,
        "median": 0.00433423323557,
        "min": 2.26654015023e-06,
        "var": 9.66314837569e-06
    },
    "spectral_rolloff": {
        "dmean": 470.796966553,
        "dmean2": 793.56048584,
        "dvar": 1073549.625,
        "dvar2": 2478574,
        "max": 11111.1328125,
        "mean": 1192.2878418,
        "median": 882.861328125,
        "min": 86.1328125,
        "var": 1741190.375
    },
    "spectral_skewness": {
        "dmean": 0.268090188503,
        "dmean2": 0.439786940813,
        "dvar": 0.178619682789,
        "dvar2": 0.440198123455,
        "max": 7.2260427475,
        "mean": 1.73661589622,
        "median": 1.51493740082,
        "min": -0.068385258317,
        "var": 0.946273982525
    },
    "spectral_spread": {
        "dmean": 619011.6875,
        "dmean2": 894371.5,
        "dvar": 1.97540052992e+12,
        "dvar2": 2.75574790554e+12,
        "max": 41077724,
        "mean": 4788601,
        "median": 4780922,
        "min": 756922.875,
        "var": 5.02534242304e+12
    },
    "spectral_strongpeak": {
        "dmean": 0.434814274311,
        "dmean2": 0.742603600025,
        "dvar": 0.537486553192,
        "dvar2": 1.42727053165,
        "max": 8.0278711319,
        "mean": 0.665721774101,
        "median": 0.431953519583,
        "min": 0,
        "var": 0.595587253571
    },
    "zerocrossingrate": {
        "dmean": 0.0102055314928,
        "dmean2": 0.0119555154815,
        "dvar": 0.000162195501616,
        "dvar2": 0.000227197742788,
        "max": 0.23876953125,
        "mean": 0.0539159923792,
        "median": 0.04931640625,
        "min": 0.00390625,
        "var": 0.0010721758008
    },
    "barkbands": {
        "dmean": [0.00119967805222, 0.00728607922792, 0.00307713542134, 0.002425464103, 0.00376404984854, 0.00129130634014, 0.00166228273883, 0.000920189952012, 0.000183646392543, 0.000316453602863, 0.000159902279847, 0.000203610878089, 0.000299751001876, 0.000419450399932, 0.000172472238773, 0.000361460086424, 0.000300797400996, 0.00010368405492, 5.99491468165e-05, 5.04725467181e-05, 5.97673533775e-05, 6.03105690971e-05, 6.28427151241e-05, 3.30194088747e-05, 0.000102536840132, 3.07007867377e-05, 8.2677604496e-07],
        "dmean2": [0.00196471787058, 0.011495613493, 0.00547837885097, 0.00439667003229, 0.00633481377736, 0.0023373325821, 0.00281985197216, 0.00151870341506, 0.000296721642371, 0.000518046843354, 0.000289832736598, 0.000334943499183, 0.000511477643158, 0.000725223915651, 0.000291535485303, 0.000624372856691, 0.000522865098901, 0.000173763997736, 9.41063190112e-05, 8.26853720355e-05, 0.000100653618574, 9.94382280624e-05, 0.000105246079329, 5.05940770381e-05, 0.000152188964421, 5.3182902775e-05, 1.40336157983e-06],
        "dvar": [1.08200283648e-05, 0.00031047387165, 8.14996092231e-05, 4.7007251851e-05, 7.32561093173e-05, 2.35039296967e-05, 9.36678134167e-06, 2.5624015052e-06, 2.54416278267e-07, 3.14672263357e-07, 1.28307689806e-07, 3.39601996302e-07, 4.43153794549e-07, 4.62340403828e-06, 1.73527070046e-07, 4.22769261377e-07, 5.93909476265e-07, 4.04021456291e-08, 1.79932975186e-08, 1.07459596776e-08, 3.33404237551e-08, 2.22462919197e-08, 2.12972679492e-08, 5.24614085506e-09, 1.72182637925e-07, 1.60623780943e-08, 1.26566482989e-11],
        "dvar2": [2.84968573396e-05, 0.000734534522053, 0.000233097744058, 0.000132529865368, 0.000185872864677, 6.69048095006e-05, 2.51757883234e-05, 6.7372156991e-06, 6.84839733367e-07, 7.299517506e-07, 3.93305384705e-07, 9.00140150861e-07, 1.19207231819e-06, 1.33800094773e-05, 4.76842444641e-07, 1.26851966797e-06, 1.68499138908e-06, 1.02415057768e-07, 4.44204069083e-08, 2.61912553867e-08, 9.52606242777e-08, 5.62951889549e-08, 5.61715722824e-08, 1.26046950655e-08, 4.36483190924e-07, 4.30336726254e-08, 3.19491481882e-11],
        "max": [0.0435872636735, 0.246447682381, 0.123366579413, 0.067856952548, 0.0947224646807, 0.0551101006567, 0.0364195741713, 0.0193867236376, 0.00964090786874, 0.00916766375303, 0.00561824440956, 0.0120210237801, 0.00731802359223, 0.0472747832537, 0.00519102159888, 0.00831424538046, 0.0160157103091, 0.00455049192533, 0.00188707362395, 0.00117439171299, 0.00211120094173, 0.00192902272101, 0.00148938549682, 0.000909257971216, 0.00622926931828, 0.00180346413981, 4.97400214954e-05],
        "mean": [0.00171827885788, 0.0138931749389, 0.00422754976898, 0.00253130123019, 0.00556887174025, 0.00114576809574, 0.00235133315437, 0.00120936473832, 0.000309561204631, 0.000666264968459, 0.000234055667534, 0.000342777726473, 0.000518191431183, 0.000514912011568, 0.000284735753667, 0.000518952903803, 0.000391066918382, 0.000153851578943, 0.000108311127406, 8.76546546351e-05, 9.34812851483e-05, 0.000112072084448, 0.000126325656311, 6.96641436662e-05, 0.00013638890232, 2.15033760469e-05, 6.0643441202e-07],
        "median": [6.8021217885e-05, 0.00138589739799, 0.00168009032495, 0.000811928417534, 0.00339034060016, 0.000318345526466, 0.00134607870132, 0.000414026668295, 0.000175198700163, 0.000308577204123, 0.000123923033243, 0.000137865441502, 0.00018712336896, 0.000192799547222, 0.000113719186629, 0.000221981317736, 0.000170680315932, 7.35341891414e-05, 4.888573676e-05, 4.80466369481e-05, 4.1262650484e-05, 5.71825330553e-05, 7.34726927476e-05, 4.02887635573e-05, 3.23207932524e-05, 3.61064792287e-07, 1.44386691492e-09],
        "min": [1.62241678425e-11, 1.13875117669e-10, 2.57850352181e-10, 1.24283000558e-10, 5.34941202446e-10, 1.76700293286e-10, 4.27034296813e-10, 3.68389797833e-11, 7.22742421466e-11, 1.08862030501e-10, 1.59374180519e-11, 2.9739849472e-11, 1.56633844783e-10, 5.47171474796e-11, 1.28660632495e-11, 2.97209860889e-11, 4.16193988995e-12, 2.67694135088e-12, 3.43388013337e-12, 3.25867327913e-12, 2.91469257584e-12, 6.00051865834e-12, 7.52591999137e-12, 6.15665287848e-12, 1.01931839705e-11, 1.53530781838e-11, 2.20531735234e-11],
        "var": [1.70404127857e-05, 0.000811592035461, 7.60123075452e-05, 3.57294047717e-05, 7.80981135904e-05, 1.47416894833e-05, 1.17431845865e-05, 3.61513684766e-06, 2.57985391272e-07, 1.08889207695e-06, 1.34402114327e-07, 4.49562804761e-07, 7.60653563248e-07, 3.14911017085e-06, 2.32087288055e-07, 6.5940201921e-07, 6.28870907349e-07, 6.70637874123e-08, 2.92966131354e-08, 1.64853926066e-08, 3.32425855731e-08, 3.31345475502e-08, 2.93360837844e-08, 9.30128241095e-09, 1.75172075956e-07, 1.12503197869e-08, 1.0432254019e-11]
    },
    "erbbands": {
        "dmean": [0.237509861588, 1.63835918903, 3.80260777473, 6.19756412506, 11.1838731766, 12.8005619049, 7.36871147156, 12.3416824341, 21.7929592133, 29.8497238159, 8.64302062988, 4.65545940399, 5.1121840477, 10.3458652496, 7.52975702286, 7.72782611847, 11.7157850266, 22.4425754547, 10.7065782547, 17.6660766602, 12.4370746613, 17.0216789246, 5.64176177979, 4.33506011963, 2.66283798218, 2.15504312515, 2.29224634171, 2.47036457062, 2.28607773781, 2.12041139603, 1.62974429131, 0.800786435604, 0.597111105919, 1.19074440002, 0.705167651176, 0.203504100442, 0.0443624705076, 0.00559585774317, 0.000129324398586, 2.44432903855e-05],
        "dmean2": [0.351473122835, 2.68171262741, 6.65864276886, 10.9467010498, 19.5295333862, 21.4223461151, 12.5322904587, 22.4673080444, 36.7213478088, 50.6112594604, 13.8885583878, 7.54164791107, 8.60041999817, 16.9149780273, 13.1320514679, 12.8242321014, 19.7391967773, 39.0977973938, 18.2100028992, 30.7989330292, 21.2083148956, 29.4729804993, 9.32600402832, 7.2758975029, 4.25207996368, 3.47688746452, 3.7987241745, 4.21828556061, 3.75293827057, 3.54131031036, 2.67837023735, 1.29265344143, 0.927034318447, 1.764523983, 1.08320462704, 0.351919591427, 0.0753472074866, 0.00944458134472, 0.000216100175749, 4.03331541747e-05],
        "dvar": [0.356996387243, 16.6735534668, 112.959197998, 299.447387695, 647.24810791, 933.348754883, 291.663421631, 2394.9128418, 2623.22241211, 2100.88769531, 191.642929077, 162.382324219, 88.962852478, 371.606872559, 215.257553101, 572.799072266, 698.475280762, 12558.5556641, 1151.03674316, 1100.71569824, 390.71194458, 2074.734375, 124.424087524, 88.6332015991, 33.1712837219, 23.2412223816, 31.8324146271, 58.5847892761, 32.1551818848, 24.6174163818, 14.5775718689, 3.50680232048, 1.98548710346, 23.5330905914, 8.19675636292, 0.772306323051, 0.0309958886355, 0.000438530842075, 2.20320586664e-07, 2.18490625592e-09],
        "dvar2": [0.81350171566, 41.1288566589, 306.189422607, 835.616455078, 1780.08496094, 2314.23486328, 790.65435791, 6892.70019531, 7032.92578125, 5753.02832031, 483.068756104, 436.340637207, 223.455841064, 880.379821777, 619.176574707, 1535.10449219, 1848.34777832, 36449.2070312, 3144.22875977, 3234.6730957, 1090.95715332, 5874.66210938, 298.166931152, 235.039703369, 73.6152801514, 57.4057731628, 85.0856933594, 170.57611084, 81.4363861084, 65.4657211304, 37.5103874207, 9.22117996216, 4.30772829056, 59.3917312622, 20.682882309, 2.0867626667, 0.081655845046, 0.00109567423351, 5.5447168279e-07, 5.49093881475e-09],
        "max": [6.65920448303, 54.2885780334, 153.009750366, 158.204559326, 221.191040039, 340.3878479, 145.630355835, 566.745483398, 593.050231934, 479.296173096, 138.923614502, 241.622680664, 143.833862305, 291.246520996, 236.219589233, 560.838134766, 324.091796875, 2392.33129883, 550.884399414, 387.022033691, 201.236846924, 971.723388672, 234.261871338, 118.605430603, 118.156166077, 61.8093299866, 61.2487220764, 101.946418762, 74.3781585693, 50.1319122314, 38.4472389221, 20.2551250458, 21.2999706268, 80.1507492065, 39.3501739502, 12.5263366699, 2.2331404686, 0.260312348604, 0.00591604365036, 0.000394423113903],
        "mean": [0.478314489126, 2.66047978401, 5.49467515945, 7.57600593567, 13.4105606079, 19.6958274841, 10.1245470047, 10.9324445724, 29.0412044525, 41.3127250671, 13.6603403091, 8.1402721405, 10.6621704102, 20.6540317535, 13.8423967361, 13.8412742615, 21.9333896637, 28.740272522, 16.1530723572, 26.9520549774, 21.0862827301, 22.4532146454, 9.32831192017, 7.0090842247, 5.17442798615, 3.93636822701, 3.74745059013, 3.91254520416, 4.11681270599, 4.14501667023, 3.27524447441, 1.47167444229, 1.29671692848, 1.95083856583, 0.712212026119, 0.150209859014, 0.0313374809921, 0.00407977867872, 0.00011171886581, 4.75350607303e-05],
        "median": [0.0110464440659, 0.395153582096, 1.75353693962, 2.66897654533, 7.21836185455, 10.8486967087, 5.10436439514, 3.30246758461, 12.1184682846, 24.3710460663, 7.3772559166, 4.79526662827, 5.45918941498, 9.69323253632, 8.3226480484, 6.0829615593, 8.43786239624, 11.4886493683, 6.52679729462, 11.1079111099, 10.5002536774, 10.1559448242, 5.50081014633, 3.08018374443, 2.63686561584, 2.22706151009, 1.94419765472, 1.91078209877, 2.10692572594, 2.28845238686, 1.95342123508, 0.813832640648, 0.723573029041, 0.596234738827, 0.0835773050785, 0.00590777210891, 0.000433622248238, 4.31812331954e-05, 1.78754053195e-05, 2.63487527263e-05],
        "min": [3.94833366002e-09, 2.82802297136e-08, 3.05358327068e-07, 3.96922416712e-07, 1.46558102188e-06, 1.66500126397e-06, 3.07872892336e-06, 1.88797923784e-06, 4.53159873359e-06, 4.37248354501e-06, 1.01351827198e-06, 1.65810479302e-06, 2.50333664553e-06, 2.23738697969e-06, 1.13008934477e-06, 1.63015613452e-06, 5.88478815189e-06, 4.37697917732e-06, 1.63210506798e-06, 1.54680901687e-06, 6.36959794065e-06, 7.95075550286e-07, 1.60519022074e-07, 1.41409984167e-07, 2.44487011969e-07, 1.43893444715e-07, 9.71591660459e-08, 1.43939374198e-07, 2.17976435124e-07, 1.36453664368e-07, 2.33388604443e-07, 1.39003873301e-07, 1.08115500552e-07, 9.75643459356e-08, 9.32082855343e-08, 4.6322480074e-08, 3.19535224946e-08, 8.4974773884e-09, 2.86745827083e-09, 3.00549196641e-10],
        "var": [1.3225209713, 30.6587944031, 129.239212036, 248.553649902, 541.387084961, 1047.28833008, 260.247009277, 1451.73571777, 3105.03076172, 2622.55249023, 309.961639404, 171.543655396, 236.65447998, 1083.67126465, 328.226196289, 721.109558105, 1320.80004883, 8987.88183594, 1080.90808105, 1739.92907715, 772.336303711, 2001.87939453, 209.403182983, 118.629592896, 64.847869873, 33.9232368469, 40.0927352905, 55.0252761841, 46.4087982178, 35.6595535278, 20.0663089752, 4.40927839279, 3.88512134552, 27.0880184174, 7.46378660202, 0.536582052708, 0.0227066874504, 0.000360506295692, 1.81150440426e-07, 3.16400572409e-09]
    },
    "gfcc": {
        "mean": [-28.4836235046, 121.758773804, -120.777809143, 40.536529541, -60.3669509888, 21.3465023041, -46.7078666687, 2.24800610542, -14.7829856873, -6.88699817657, -10.4125995636, -8.97356891632, -5.23167657852],
        "cov": [[12682.2890625, -3263.01855469, 444.641693115, 1659.12854004, -1319.63745117, 1025.8659668, -442.807220459, 563.621032715, -175.67137146, 454.239929199, -135.223510742, -45.6893997192, -100.466751099], [-3263.01855469, 2365.21679688, -391.610687256, -511.196655273, 892.12322998, -648.850219727, 447.10836792, -351.430847168, 179.509887695, -304.173034668, 222.109298706, -47.3918571472, 161.35484314], [444.641693115, -391.610687256, 662.112670898, 111.439094543, -63.9099998474, 227.313293457, -24.0379447937, 152.005874634, -7.46740818024, 133.897003174, -2.85464739799, 47.6821250916, -9.77416324615], [1659.12854004, -511.196655273, 111.439094543, 690.837585449, -202.772445679, 219.390991211, -16.5638008118, 163.659484863, 104.189933777, 7.6817984581, 104.184188843, -36.8948478699, 67.2534408569], [-1319.63745117, 892.12322998, -63.9099998474, -202.772445679, 623.450927734, -305.556121826, 218.977996826, -97.7461547852, 52.946395874, -87.3161468506, 39.5370483398, 67.230430603, 48.7683181763], [1025.8659668, -648.850219727, 227.313293457, 219.390991211, -305.556121826, 402.259460449, -116.059608459, 117.436546326, -20.5669269562, 70.0957717896, -12.8409109116, -38.6731987, 21.2071361542], [-442.807220459, 447.10836792, -24.0379447937, -16.5638008118, 218.977996826, -116.059608459, 174.607131958, -42.0298271179, 43.6148681641, -42.8555908203, 66.6945648193, 8.87585926056, 30.568813324], [563.621032715, -351.430847168, 152.005874634, 163.659484863, -97.7461547852, 117.436546326, -42.0298271179, 152.502334595, 16.2351226807, 33.9696769714, -12.5257101059, 4.39209699631, -0.842659950256], [-175.67137146, 179.509887695, -7.46740818024, 104.189933777, 52.946395874, -20.5669269562, 43.6148681641, 16.2351226807, 112.922767639, -31.3825759888, 60.7686538696, -23.3742523193, 45.0104866028], [454.239929199, -304.173034668, 133.897003174, 7.6817984581, -87.3161468506, 70.0957717896, -42.8555908203, 33.9696769714, -31.3825759888, 136.654525757, -19.4056186676, 27.6715145111, -45.034828186], [-135.223510742, 222.109298706, -2.85464739799, 104.184188843, 39.5370483398, -12.8409109116, 66.6945648193, -12.5257101059, 60.7686538696, -19.4056186676, 132.006332397, -14.5094242096, 44.4551048279], [-45.6893997192, -47.3918571472, 47.6821250916, -36.8948478699, 67.230430603, -38.6731987, 8.87585926056, 4.39209699631, -23.3742523193, 27.6715145111, -14.5094242096, 114.990447998, 1.90062129498], [-100.466751099, 161.35484314, -9.77416324615, 67.2534408569, 48.7683181763, 21.2071361542, 30.568813324, -0.842659950256, 45.0104866028, -45.034828186, 44.4551048279, 1.90062129498, 97.4332504272]],
        "icov": [[0.000184087868547, -0.000134459260153, 0.000125681559439, -0.000578620820306, 0.000166516838362, -0.000135838665301, -2.27038017329e-05, -0.000181641531526, 0.000540946028195, -0.000569653639104, 0.000446545018349, -5.19999448443e-05, 6.0340102209e-05], [-0.000134459260153, 0.00758166937158, -0.00129739544354, 0.00478591956198, -0.00341337150894, 0.00447327271104, -0.00510579440743, 0.00554028479382, -0.00437820423394, 0.00570666324347, -0.00654968060553, 0.00584036530927, -0.00620858278126], [0.000125681559439, -0.00129739544354, 0.00316456193104, -0.000656967749819, -6.428091001e-05, -0.00250434502959, 0.000229287776165, -0.00322068645619, 0.000840838765725, -0.00315729621798, 0.00075356150046, -0.00170396699104, 0.00136819924228], [-0.000578620820306, 0.00478591956198, -0.000656967749819, 0.00738428393379, -0.00174949970096, 0.00205871649086, -0.00350593356416, 0.00102803413756, -0.00555377919227, 0.00498864427209, -0.00682900333777, 0.00320956297219, -0.00422421656549], [0.000166516838362, -0.00341337150894, -6.428091001e-05, -0.00174949970096, 0.00630715442821, 7.97015163698e-05, -0.00190318201203, -0.00227560685016, 0.00120087049436, -0.00197798479348, 0.00454709958285, -0.00402429979295, 0.000963560247328], [-0.000135838665301, 0.00447327271104, -0.00250434502959, 0.00205871649086, 7.97015163698e-05, 0.00962463393807, -0.00210205395706, 0.00220529478975, -0.000333601754392, 0.00225516268983, -0.00330893229693, 0.00586258480325, -0.00808465853333], [-2.27038017329e-05, -0.00510579440743, 0.000229287776165, -0.00350593356416, -0.00190318201203, -0.00210205395706, 0.0170519649982, -0.0026901117526, 0.00275526475161, -0.00270244549029, -0.000793806451838, -0.00311028840952, 0.00481293071061], [-0.000181641531526, 0.00554028479382, -0.00322068645619, 0.00102803413756, -0.00227560685016, 0.00220529478975, -0.0026901117526, 0.017518626526, -0.00629671989009, 0.00507594598457, -0.00156263262033, 0.00283531774767, -0.00282781128772], [0.000540946028195, -0.00437820423394, 0.000840838765725, -0.00555377919227, 0.00120087049436, -0.000333601754392, 0.00275526475161, -0.00629671989009, 0.0202379859984, -0.00460810819641, 0.000525511451997, 0.00080652179895, -0.00145578186493], [-0.000569653639104, 0.00570666324347, -0.00315729621798, 0.00498864427209, -0.00197798479348, 0.00225516268983, -0.00270244549029, 0.00507594598457, -0.00460810819641, 0.018490632996, -0.0071283900179, 0.000654333212879, 0.00150788540486], [0.000446545018349, -0.00654968060553, 0.00075356150046, -0.00682900333777, 0.00454709958285, -0.00330893229693, -0.000793806451838, -0.00156263262033, 0.000525511451997, -0.0071283900179, 0.0206234529614, -0.00428305799142, 0.001912446809], [-5.19999448443e-05, 0.00584036530927, -0.00170396699104, 0.00320956297219, -0.00402429979295, 0.00586258480325, -0.00311028840952, 0.00283531774767, 0.00080652179895, 0.000654333212879, -0.00428305799142, 0.0168872345239, -0.00881869718432], [6.0340102209e-05, -0.00620858278126, 0.00136819924228, -0.00422421656549, 0.000963560247328, -0.00808465853333, 0.00481293071061, -0.00282781128772, -0.00145578186493, 0.00150788540486, 0.001912446809, -0.00881869718432, 0.0240722931921]]
    },
    "melbands": {
        "dmean": [0.00203175819479, 0.00205066800117, 0.00110806920566, 0.000976440438535, 0.000300056301057, 0.000272230128758, 0.000330413982738, 0.000309013819788, 5.3953484894e-05, 2.70539803751e-05, 2.78432962659e-05, 4.61787603854e-05, 2.35446095758e-05, 2.61729292106e-05, 2.36016257986e-05, 3.09378810925e-05, 4.39429823018e-05, 1.93987361854e-05, 1.38546583912e-05, 3.18142556353e-05, 1.19988499137e-05, 2.01057373488e-05, 8.7344305939e-06, 5.14927205586e-06, 3.62220043826e-06, 2.22743801714e-06, 1.88239107501e-06, 1.47654179727e-06, 1.54192036916e-06, 1.48617300511e-06, 1.54131737418e-06, 1.39609551297e-06, 1.28614499317e-06, 1.26849749904e-06, 1.10684425181e-06, 7.07737513039e-07, 4.56129953363e-07, 4.09464945506e-07, 5.61594163173e-07, 1.22360802379e-06],
        "dmean2": [0.00307999644428, 0.00343083264306, 0.00199440214783, 0.0016452812124, 0.000505297619384, 0.000494107080158, 0.00055940245511, 0.00052194215823, 8.6076252046e-05, 4.35809597548e-05, 4.66350320494e-05, 7.52806809032e-05, 4.19554271502e-05, 4.28136409028e-05, 3.92790934711e-05, 5.41148874618e-05, 7.62906638556e-05, 3.28807946062e-05, 2.38570737565e-05, 5.55165424885e-05, 2.03480394703e-05, 3.47029199474e-05, 1.50406258399e-05, 8.73078079167e-06, 6.09549852015e-06, 3.5914658838e-06, 3.014245749e-06, 2.44835496233e-06, 2.58001068687e-06, 2.55130044025e-06, 2.65492099061e-06, 2.31841772802e-06, 2.15376417145e-06, 2.152145953e-06, 1.82331893939e-06, 1.2076297935e-06, 7.32315811547e-07, 6.50280924219e-07, 8.65632500791e-07, 1.8174022216e-06],
        "dvar": [2.39174478338e-05, 2.91187461698e-05, 9.59833050729e-06, 5.25757832293e-06, 4.56860306031e-07, 1.10600399239e-06, 5.51654579795e-07, 2.3819359285e-07, 7.88741871816e-09, 5.51463985587e-09, 2.50482012909e-09, 7.09416347888e-09, 2.22401030925e-09, 4.96011676177e-09, 2.67746003146e-09, 1.05835624709e-08, 4.75262496025e-08, 4.22199653016e-09, 8.55554849188e-10, 3.86551413101e-09, 4.56536780602e-10, 2.79325740316e-09, 6.10105244103e-10, 1.24862176154e-10, 6.67130586884e-11, 2.33674763567e-11, 1.8183447803e-11, 1.21761767335e-11, 1.27577878817e-11, 2.5687786967e-11, 1.88970471215e-11, 1.01157693333e-11, 1.18243175667e-11, 7.82509994302e-12, 6.28760758736e-12, 2.88433990234e-12, 1.08149134179e-12, 7.13470244256e-13, 2.81412154864e-12, 2.75425342255e-11],
        "dvar2": [5.65062873648e-05, 7.39293755032e-05, 2.70376167464e-05, 1.31338283609e-05, 1.23122254081e-06, 3.16751061291e-06, 1.48950107359e-06, 6.44564067898e-07, 1.92400939625e-08, 1.48936791788e-08, 6.27044949297e-09, 1.67339830881e-08, 6.8028787048e-09, 1.29633317414e-08, 6.66570487695e-09, 3.10294723249e-08, 1.37405038458e-07, 1.14096092574e-08, 2.3957580364e-09, 1.15277218882e-08, 1.25853072408e-09, 7.91652254861e-09, 1.69116343152e-09, 3.30346722199e-10, 1.77412806668e-10, 5.5825458839e-11, 4.02146892176e-11, 3.13101038152e-11, 3.413545141e-11, 7.43512612589e-11, 5.5485237932e-11, 2.56751842009e-11, 3.10845620077e-11, 2.08950912128e-11, 1.59428598795e-11, 7.79817356522e-12, 2.90300704482e-12, 1.55084690749e-12, 7.01021055441e-12, 6.97296664853e-11],
        "max": [0.0652759075165, 0.0736607015133, 0.0286978017539, 0.0256259404123, 0.00595373939723, 0.012032228522, 0.00864312704653, 0.00548918172717, 0.000983210047707, 0.00140623748302, 0.000790509046055, 0.00130517466459, 0.000632755050901, 0.00129377888516, 0.000787002849393, 0.00180691678543, 0.00472646439448, 0.00111606379505, 0.000348520581611, 0.000807830831036, 0.000208856319659, 0.000953662209213, 0.000603515887633, 0.000214630796108, 9.35514472076e-05, 7.99865010777e-05, 8.9038250735e-05, 4.91652754135e-05, 4.19458119723e-05, 6.23192172498e-05, 6.11240320723e-05, 3.99747113988e-05, 4.87719080411e-05, 3.18571765092e-05, 2.78128172795e-05, 1.7957207092e-05, 1.18543293866e-05, 1.2805588085e-05, 2.86197646346e-05, 8.39707790874e-05],
        "mean": [0.00394488777965, 0.00326855201274, 0.00136716943234, 0.00139363156632, 0.000432406843174, 0.000240170717007, 0.000450576539151, 0.000427455845056, 8.72250384418e-05, 4.55799381598e-05, 5.66268208786e-05, 9.02758984012e-05, 3.89188753616e-05, 4.44983234047e-05, 4.36464652012e-05, 4.61277049908e-05, 5.4914951761e-05, 2.70619202638e-05, 2.1878948246e-05, 4.54411274404e-05, 1.93100459001e-05, 2.52909267147e-05, 1.20070681078e-05, 7.33029810362e-06, 5.46846058569e-06, 4.02541309086e-06, 3.18511138175e-06, 2.48406604442e-06, 2.46739637078e-06, 1.97798567569e-06, 2.40142026087e-06, 2.41034877035e-06, 2.08991423278e-06, 2.51516075878e-06, 2.23540337174e-06, 1.12685893328e-06, 7.73671217758e-07, 8.34324055177e-07, 1.10705104817e-06, 1.86637078059e-06],
        "median": [0.000244919152465, 0.000856176717207, 0.000593214121182, 0.000744142918848, 0.000234670078498, 6.78117430652e-05, 0.00020500109531, 0.000229674013099, 4.71082166769e-05, 2.60675260506e-05, 2.8360504075e-05, 4.09197346016e-05, 2.33048285736e-05, 1.92007864825e-05, 1.49853367475e-05, 1.9176850401e-05, 2.04123571166e-05, 8.95442735782e-06, 8.84112432686e-06, 1.77184338099e-05, 7.10779522706e-06, 9.40047084441e-06, 6.0565757849e-06, 3.41768418366e-06, 2.24836344387e-06, 1.86624447451e-06, 1.40800284498e-06, 1.45420426634e-06, 1.30596390591e-06, 8.57989732594e-07, 1.167236519e-06, 1.28547344502e-06, 9.47538012497e-07, 1.43674765241e-06, 1.31552269522e-06, 6.04183128416e-07, 4.26904392725e-07, 4.86462397475e-07, 5.05939510731e-07, 4.94933772188e-07],
        "min": [4.20832813042e-11, 1.50841561464e-10, 1.74132930297e-10, 8.83172840416e-11, 1.21954765731e-10, 4.34651446779e-11, 7.54764584165e-11, 3.61057156395e-11, 8.23529699295e-12, 1.0452297014e-11, 1.37417230373e-11, 8.78271760874e-12, 2.68756002696e-12, 2.57539714381e-12, 9.67824431708e-12, 1.48872372763e-11, 6.35811325464e-12, 1.89934114443e-12, 4.74510675978e-13, 1.71104048898e-12, 8.37478610766e-12, 2.30484820682e-13, 1.48352101545e-13, 1.32002644492e-13, 9.49037059334e-14, 1.90227499551e-13, 1.54885422521e-13, 7.72319626871e-14, 4.81649361237e-14, 7.25766357277e-14, 9.04273197663e-14, 1.30659995627e-13, 1.16078791002e-13, 5.71890896185e-14, 1.34413042762e-13, 1.38397092723e-13, 6.20183835927e-14, 6.04551673479e-14, 1.00041658714e-13, 7.18333880334e-14],
        "var": [7.32974949642e-05, 4.31706830568e-05, 7.43817827242e-06, 5.83917517361e-06, 4.26765609518e-07, 6.82751647219e-07, 6.46560749828e-07, 3.09688857669e-07, 1.31534951819e-08, 5.90694071434e-09, 6.97286717255e-09, 2.14644604313e-08, 2.83854695304e-09, 6.82638301441e-09, 6.10068706663e-09, 9.65855306845e-09, 3.39315704423e-08, 3.89354504193e-09, 1.18628595835e-09, 5.68962876812e-09, 8.7117640879e-10, 3.17355541846e-09, 5.28119048493e-10, 1.80247969328e-10, 8.30421217901e-11, 4.50649274841e-11, 3.42224512617e-11, 1.46383044575e-11, 1.64581022422e-11, 2.09328162443e-11, 1.88988061312e-11, 1.47867915828e-11, 1.46164174514e-11, 1.17885952736e-11, 9.30269923594e-12, 3.0639030809e-12, 1.27729207419e-12, 1.42183519732e-12, 4.0378100169e-12, 3.03587502359e-11]
    },
    "mfcc": {
        "mean": [-657.662475586, 129.533859253, 12.3420610428, 15.391825676, 14.2058897018, 9.25861930847, -5.37675666809, 3.12483119965, 0.0701712965965, -3.08674836159, 0.616520285606, -0.210437774658, 4.48394584656],
        "cov": [[9323.00292969, -1602.09399414, 260.9715271, 365.329681396, -103.67224884, 177.096603394, -107.36341095, 3.52579379082, 70.6979522705, 174.281921387, 269.717163086, -82.9576644897, -126.526435852], [-1602.09399414, 1728.4083252, -518.479858398, 105.246192932, 159.30255127, -56.9438743591, 98.0641784668, 48.3996582031, -62.5564117432, -73.2648849487, -107.687316895, 26.3841400146, 50.7417869568], [260.9715271, -518.479858398, 690.773010254, -96.5801696777, -8.67320919037, 76.4344024658, 26.0041751862, -5.01652956009, 66.7028808594, 63.688369751, 74.1051635742, 44.3740615845, -21.3887424469], [365.329681396, 105.246192932, -96.5801696777, 432.176818848, 89.5279693604, -10.831363678, 39.5503425598, 96.3983688354, 11.679775238, 35.6671257019, 32.6220092773, 20.1658363342, 48.149597168], [-103.67224884, 159.30255127, -8.67320919037, 89.5279693604, 159.449676514, 8.63694953918, 38.5948600769, 49.440322876, 43.0083274841, 9.59035396576, -2.31356072426, 1.76723098755, 22.1024780273], [177.096603394, -56.9438743591, 76.4344024658, -10.831363678, 8.63694953918, 119.511039734, 30.0262126923, -4.88236570358, 9.70583438873, 16.4476165771, 5.77843046188, -2.89398765564, -7.98930835724], [-107.36341095, 98.0641784668, 26.0041751862, 39.5503425598, 38.5948600769, 30.0262126923, 102.716842651, 30.7213630676, 2.63992857933, 8.63154411316, 15.1573991776, 7.25927972794, 0.681705892086], [3.52579379082, 48.3996582031, -5.01652956009, 96.3983688354, 49.440322876, -4.88236570358, 30.7213630676, 101.575538635, 35.9053077698, -4.72634840012, -8.91596794128, 7.51929521561, 12.4007463455], [70.6979522705, -62.5564117432, 66.7028808594, 11.679775238, 43.0083274841, 9.70583438873, 2.63992857933, 35.9053077698, 83.0947647095, 19.2557601929, -9.44596576691, -3.34870147705, 11.7674016953], [174.281921387, -73.2648849487, 63.688369751, 35.6671257019, 9.59035396576, 16.4476165771, 8.63154411316, -4.72634840012, 19.2557601929, 90.5979995728, 30.7593727112, -12.8270187378, -7.32536935806], [269.717163086, -107.687316895, 74.1051635742, 32.6220092773, -2.31356072426, 5.77843046188, 15.1573991776, -8.91596794128, -9.44596576691, 30.7593727112, 84.0254058838, 26.5114345551, -11.545167923], [-82.9576644897, 26.3841400146, 44.3740615845, 20.1658363342, 1.76723098755, -2.89398765564, 7.25927972794, 7.51929521561, -3.34870147705, -12.8270187378, 26.5114345551, 71.6344299316, 15.7338685989], [-126.526435852, 50.7417869568, -21.3887424469, 48.149597168, 22.1024780273, -7.98930835724, 0.681705892086, 12.4007463455, 11.7674016953, -7.32536935806, -11.545167923, 15.7338685989, 61.5899238586]],
