{
"lowlevel": {
    "average_loudness": 0.261290550232,
    "barkbands_crest": {
        "dmean": 2.01587057114,
        "dmean2": 3.37481188774,
        "dvar": 3.55572009087,
        "dvar2": 9.97504806519,
        "max": 24.8848152161,
        "mean": 9.0366191864,
        "median": 8.11648273468,
        "min": 2.85437083244,
        "var": 16.2183055878
    },
    "barkbands_flatness_db": {
        "dmean": 0.0148951122537,
        "dmean2": 0.0247534886003,
        "dvar": 0.000157731614308,
        "dvar2": 0.000412438705098,
        "max": 0.334165602922,
        "mean": 0.195580691099,
        "median": 0.190682038665,
        "min": 0.0975730270147,
        "var": 0.00111295713577
    },
    "barkbands_kurtosis": {
        "dmean": 1.01600682735,
        "dmean2": 1.69274926186,
        "dvar": 2.14490652084,
        "dvar2": 5.37590408325,
        "max": 39.9743423462,
        "mean": 0.941484808922,
        "median": 0.182682514191,
        "min": -1.8448420763,
        "var": 8.19033908844
    },
    "barkbands_skewness": {
        "dmean": 0.350735604763,
        "dmean2": 0.580469667912,
        "dvar": 0.0953558161855,
        "dvar2": 0.249230220914,
        "max": 5.81474161148,
        "mean": 0.701414763927,
        "median": 0.677016079426,
        "min": -2.18189406395,
        "var": 0.961839854717
    },
    "barkbands_spread": {
        "dmean": 2.93742609024,
        "dmean2": 4.80024194717,
        "dvar": 8.26532745361,
        "dvar2": 20.7417888641,
        "max": 49.1532249451,
        "mean": 18.4505825043,
        "median": 15.4769926071,
        "min": 2.57404208183,
        "var": 87.3299484253
    },
    "dissonance": {
        "dmean": 0.0118519924581,
        "dmean2": 0.0207370985299,
        "dvar": 0.000179909271537,
        "dvar2": 0.000487970362883,
        "max": 0.499999970198,
        "mean": 0.484065175056,
        "median": 0.489535927773,
        "min": 0.361393630505,
        "var": 0.00030348909786
    },
    "dynamic_complexity": 3.649279356,
    "erbbands_crest": {
        "dmean": 2.47321200371,
        "dmean2": 4.17977142334,
        "dvar": 4.84496355057,
        "dvar2": 12.8702707291,
        "max": 31.4672164917,
        "mean": 8.99188423157,
        "median": 8.11985015869,
        "min": 3.26800346375,
        "var": 12.6015577316
    },
    "erbbands_flatness_db": {
        "dmean": 0.0121871624142,
        "dmean2": 0.0198015272617,
        "dvar": 0.00010270470375,
        "dvar2": 0.000268432078883,
        "max": 0.3800740242,
        "mean": 0.255802154541,
        "median": 0.25232052803,
        "min": 0.151227369905,
        "var": 0.00122576404829
    },
    "erbbands_kurtosis": {
        "dmean": 0.721627831459,
        "dmean2": 1.199249506,
        "dvar": 0.677522361279,
        "dvar2": 1.63026857376,
        "max": 20.0394706726,
        "mean": 0.439517349005,
        "median": 0.196592330933,
        "min": -1.7784358263,
        "var": 1.81077885628
    },
    "erbbands_skewness": {
        "dmean": 0.298182606697,
        "dmean2": 0.489926099777,
        "dvar": 0.0610409416258,
        "dvar2": 0.161112517118,
        "max": 4.11687517166,
        "mean": -0.000946535670664,
        "median": -0.0091872215271,
        "min": -2.78610110283,
        "var": 0.556037425995
    },
    "erbbands_spread": {
        "dmean": 3.86138296127,
        "dmean2": 6.30990505219,
        "dvar": 13.6370315552,
        "dvar2": 35.5892486572,
        "max": 70.3925857544,
        "mean": 23.7710933685,
        "median": 20.0271720886,
        "min": 5.287586689,
        "var": 122.391891479
    },
    "hfc": {
        "dmean": 3.80059218407,
        "dmean2": 6.26695871353,
        "dvar": 39.7453346252,
        "dvar2": 111.117492676,
        "max": 217.815414429,
        "mean": 18.7029037476,
        "median": 12.3435649872,
        "min": 0.000176223824383,
        "var": 505.332275391
    },
    "melbands_crest": {
        "dmean": 2.72985625267,
        "dmean2": 4.57195949554,
        "dvar": 6.68553256989,
        "dvar2": 18.4420337677,
        "max": 33.1527252197,
        "mean": 13.807934761,
        "median": 12.7168226242,
        "min": 2.76652026176,
        "var": 42.8663406372
    },
    "melbands_flatness_db": {
        "dmean": 0.0156089253724,
        "dmean2": 0.0251065548509,
        "dvar": 0.000203210540349,
        "dvar2": 0.000520470319316,
        "max": 0.384012848139,
        "mean": 0.182921290398,
        "median": 0.180590853095,
        "min": 0.077502772212,
        "var": 0.00396418571472
    },
    "melbands_kurtosis": {
        "dmean": 2.27511119843,
        "dmean2": 3.79721522331,
        "dvar": 12.187587738,
        "dvar2": 32.7808151245,
        "max": 86.4736022949,
        "mean": 4.35033845901,
        "median": 1.95313739777,
        "min": -1.47301161289,
        "var": 54.0032043457
    },
    "melbands_skewness": {
        "dmean": 0.449504345655,
        "dmean2": 0.741215765476,
        "dvar": 0.172802478075,
        "dvar2": 0.456562787294,
        "max": 8.14165687561,
        "mean": 1.50622022152,
        "median": 1.32006669044,
        "min": -1.350061059,
        "var": 1.74293518066
    },
    "melbands_spread": {
        "dmean": 5.15235567093,
        "dmean2": 8.49701881409,
        "dvar": 24.7349071503,
        "dvar2": 65.9869689941,
        "max": 86.3160247803,
        "mean": 28.4068641663,
        "median": 25.2983264923,
        "min": 2.1298327446,
        "var": 270.451782227
    },
    "pitch_salience": {
        "dmean": 0.0548375360668,
        "dmean2": 0.0924435630441,
        "dvar": 0.00228035985492,
        "dvar2": 0.00627041282132,
        "max": 0.818386495113,
        "mean": 0.568550407887,
        "median": 0.599353015423,
        "min": 0.160725235939,
        "var": 0.0230527799577
    },
    "silence_rate_20dB": {
        "dmean": 0,
        "dmean2": 0,
        "dvar": 0,
        "dvar2": 0,
        "max": 1,
        "mean": 1,
        "median": 1,
        "min": 1,
        "var": 0
    },
    "silence_rate_30dB": {
        "dmean": 0.00309837330133,
        "dmean2": 0.00619914755225,
        "dvar": 0.00308875064366,
        "dvar2": 0.00848529674113,
        "max": 1,
        "mean": 0.985675573349,
        "median": 1,
        "min": 0,
        "var": 0.01411952544
    },
    "silence_rate_60dB": {
        "dmean": 0.0131680862978,
        "dmean2": 0.0263463780284,
        "dvar": 0.0129946861416,
        "dvar2": 0.0295267403126,
        "max": 1,
        "mean": 0.119241192937,
        "median": 0,
        "min": 0,
        "var": 0.105023957789
    },
    "spectral_centroid": {
        "dmean": 170.474822998,
        "dmean2": 277.086975098,
        "dvar": 24066.7890625,
        "dvar2": 60064.3046875,
        "max": 3074.01196289,
        "mean": 1775.86254883,
        "median": 1729.44274902,
        "min": 273.053985596,
        "var": 345570.28125
    },
    "spectral_complexity": {
        "dmean": 2.72889232635,
        "dmean2": 4.56257247925,
        "dvar": 5.61901807785,
        "dvar2": 14.6969909668,
        "max": 50,
        "mean": 20.9608974457,
        "median": 20,
        "min": 0,
        "var": 116.050247192
    },
    "spectral_decrease": {
        "dmean": 9.22182552543e-10,
        "dmean2": 1.5118453156e-09,
        "dvar": 2.81150046169e-18,
        "dvar2": 7.4170539288e-18,
        "max": -4.95129619542e-14,
        "mean": -4.21999546418e-09,
        "median": -2.74679834433e-09,
        "min": -4.94418657127e-08,
        "var": 2.31029923812e-17
    },
    "spectral_energy": {
        "dmean": 0.00377945671789,
        "dmean2": 0.00620509497821,
        "dvar": 4.64295153506e-05,
        "dvar2": 0.000122929806821,
        "max": 0.206361591816,
        "mean": 0.0176236480474,
        "median": 0.0116977803409,
        "min": 2.02857350473e-07,
        "var": 0.000396054558223
    },
    "spectral_energyband_high": {
        "dmean": 8.82694221218e-05,
        "dmean2": 0.000148988998262,
        "dvar": 2.96433810831e-08,
        "dvar2": 9.01810679466e-08,
        "max": 0.0039351657033,
        "mean": 0.00033569498919,
        "median": 0.000129899824969,
        "min": 2.1329569222e-09,
        "var": 2.04516524605e-07
    },
    "spectral_energyband_low": {
        "dmean": 0.00100646424107,
        "dmean2": 0.00157699745614,
        "dvar": 3.61079924005e-06,
        "dvar2": 8.88961767487e-06,
        "max": 0.0368391871452,
        "mean": 0.00422575138509,
        "median": 0.0012185878586,
        "min": 4.13768859175e-08,
        "var": 3.66533640772e-05
    },
    "spectral_energyband_middle_high": {
        "dmean": 0.00193817762192,
        "dmean2": 0.00316962576471,
        "dvar": 1.81682662515e-05,
        "dvar2": 4.77791618323e-05,
        "max": 0.182089373469,
        "mean": 0.00783444195986,
        "median": 0.00470783933997,
        "min": 5.27674117734e-08,
        "var": 0.000156465030159
    },
    "spectral_energyband_middle_low": {
        "dmean": 0.0025038367603,
        "dmean2": 0.00416199956089,
        "dvar": 3.1344628951e-05,
        "dvar2": 8.22695801617e-05,
        "max": 0.135672256351,
        "mean": 0.00671436358243,
        "median": 0.00258263223805,
        "min": 1.11385162427e-07,
        "var": 0.000123958743643
    },
    "spectral_entropy": {
        "dmean": 0.0895926356316,
        "dmean2": 0.14511731267,
        "dvar": 0.00588877638802,
        "dvar2": 0.0145183419809,
        "max": 8.36967182159,
        "mean": 7.44888401031,
        "median": 7.52022695541,
        "min": 6.21780586243,
        "var": 0.101284973323
    },
    "spectral_flux": {
        "dmean": 0.0098168104887,
        "dmean2": 0.0158982817084,
        "dvar": 0.000137197275762,
        "dvar2": 0.00034277929808,
        "max": 0.30145201087,
        "mean": 0.0615560300648,
        "median": 0.055852137506,
        "min": 0.000450396881206,
        "var": 0.00131343479734
    },
    "spectral_kurtosis": {
        "dmean": 2.62321615219,
        "dmean2": 4.60998916626,
        "dvar": 4.87719631195,
        "dvar2": 15.0244665146,
        "max": 20.1098670959,
        "mean": 4.78117227554,
        "median": 4.17665672302,
        "min": -0.187711715698,
        "var": 7.78544187546
    },
    "spectral_rms": {
        "dmean": 0.000397563126171,
        "dmean2": 0.000648566812743,
        "dvar": 1.94273638954e-07,
        "dvar2": 4.99440318436e-07,
        "max": 0.0141890235245,
        "mean": 0.0036979734432,
        "median": 0.00337823457085,
        "min": 1.40680349432e-05,
        "var": 3.51876633431e-06
    },
    "spectral_rolloff": {
        "dmean": 264.695159912,
        "dmean2": 458.772796631,
        "dvar": 110946.984375,
        "dvar2": 280256.21875,
        "max": 4521.97265625,
        "mean": 1944.60961914,
        "median": 1894.921875,
        "min": 129.19921875,
        "var": 752825.0625
    },
    "spectral_skewness": {
        "dmean": 0.271315425634,
        "dmean2": 0.469183653593,
        "dvar": 0.0509130060673,
        "dvar2": 0.152785494924,
        "max": 3.07256793976,
        "mean": 1.29684829712,
        "median": 1.2727035284,
        "min": 0.0299797356129,
        "var": 0.118666082621
    },
    "spectral_spread": {
        "dmean": 180542.96875,
        "dmean2": 300613.75,
        "dvar": 92880371712,
        "dvar2": 119005560832,
        "max": 17511052,
        "mean": 2607984.75,
        "median": 2590855.25,
        "min": 1631726.75,
        "var": 162473279488
    },
    "spectral_strongpeak": {
        "dmean": 0.562516093254,
        "dmean2": 0.974380910397,
        "dvar": 0.837433338165,
        "dvar2": 2.16043758392,
        "max": 10.3914194107,
        "mean": 1.02004897594,
        "median": 0.587276995182,
        "min": 0.00115678517614,
        "var": 1.42253899574
    },
    "zerocrossingrate": {
        "dmean": 0.00503561319783,
        "dmean2": 0.00651602912694,
        "dvar": 1.67991238413e-05,
        "dvar2": 2.79461255559e-05,
        "max": 0.1396484375,
        "mean": 0.0672495439649,
        "median": 0.06396484375,
        "min": 0.0087890625,
        "var": 0.000780198897701
    },
    "barkbands": {
        "dmean": [5.88539080582e-07, 0.000149478175445, 0.000706010672729, 0.000429955776781, 0.000321011350024, 8.88499562279e-05, 0.000312979886075, 0.000343089806847, 0.00146693841089, 0.00110713473987, 0.000376074487576, 0.000363682949683, 0.000438977556769, 0.000503606919665, 0.000300889805658, 0.000318907666951, 0.000364009203622, 0.000298140425002, 0.000165848832694, 6.62995735183e-05, 4.26455590059e-05, 3.19065111398e-05, 1.68616861629e-05, 7.82410188549e-06, 1.1458400877e-06, 1.27911470305e-09, 6.67967625656e-10],
        "dmean2": [1.03552451947e-06, 0.000249148899456, 0.0010995514458, 0.00068685185397, 0.000540191947948, 0.000136031303555, 0.000523676688317, 0.000597394071519, 0.00245278840885, 0.00179040525109, 0.000631865113974, 0.000627978006378, 0.000748118094634, 0.000857266655657, 0.000507145305164, 0.000531001540367, 0.000608096539509, 0.000506959622726, 0.000269659794867, 0.00011012028699, 7.09998057573e-05, 5.46778392163e-05, 2.91276355711e-05, 1.34868787427e-05, 1.99402552425e-06, 2.21426499358e-09, 1.23204091373e-09],
        "dvar": [3.32322645964e-12, 1.279250057e-07, 1.96550649889e-06, 1.29084298806e-06, 9.57649604061e-07, 1.93168659735e-07, 4.41297288489e-06, 6.19329398432e-07, 1.84591717698e-05, 1.77219953912e-05, 6.45079637707e-07, 8.84085352482e-07, 1.71297403995e-06, 2.52573909165e-06, 3.05232731534e-07, 3.03979248883e-07, 3.03415987446e-07, 4.80460073504e-07, 7.40094066032e-08, 1.57809285639e-08, 5.82238346425e-09, 6.00830096786e-09, 1.67725489053e-09, 3.12530418212e-10, 1.03199532253e-11, 6.58447844429e-18, 1.76417172617e-18],
        "dvar2": [9.73655704672e-12, 3.42342872273e-07, 4.80598237118e-06, 3.20153412758e-06, 2.67161340162e-06, 4.40254297018e-07, 1.25358556033e-05, 1.80354584245e-06, 4.50103943876e-05, 4.16093243985e-05, 1.59355897722e-06, 2.5472058951e-06, 5.06835795022e-06, 7.89266414358e-06, 8.94706829513e-07, 8.40513393996e-07, 8.29391979096e-07, 1.37991321481e-06, 1.83645738616e-07, 4.13658192144e-08, 1.59811861522e-08, 1.8031615312e-08, 5.33133226455e-09, 9.660153788e-10, 3.09407985344e-11, 1.98723078043e-17, 5.77112705081e-18],
        "max": [4.145422281e-05, 0.00556848943233, 0.028910625726, 0.0307107158005, 0.0197873264551, 0.017178049311, 0.0549057759345, 0.0157514251769, 0.131147161126, 0.141949146986, 0.020869359374, 0.0202793478966, 0.0377578362823, 0.0374734029174, 0.00864867679775, 0.00779521744698, 0.00882261153311, 0.0112948818132, 0.00519674830139, 0.00244565610774, 0.0012581810588, 0.00157290382776, 0.00080030731624, 0.000305382855004, 5.85170928389e-05, 5.23721546131e-08, 2.45271269961e-08],
        "mean": [5.79436800763e-07, 0.000363049271982, 0.00275854044594, 0.00160857313313, 0.000665884290356, 0.000176342349732, 0.0005157214473, 0.000490978534799, 0.00244576693512, 0.00194871693384, 0.000666545296554, 0.000624427688308, 0.000829434604384, 0.000991449807771, 0.00060296675656, 0.000663971353788, 0.000807447882835, 0.000624978507403, 0.000402258214308, 0.000162983022165, 0.000108590458694, 9.48862943915e-05, 4.55046283605e-05, 2.21507780225e-05, 1.90504158581e-06, 1.78082615321e-09, 5.91853788201e-10],
        "median": [5.37736610795e-08, 4.81273964397e-05, 0.000583719578572, 6.7463151936e-05, 4.05358696298e-05, 2.97239530482e-05, 3.92820656998e-05, 0.000164494515047, 0.000685926293954, 0.000428338360507, 0.000274752732366, 0.000286834139843, 0.000305443623802, 0.000342909712344, 0.000235146580962, 0.000288827402983, 0.000464018317871, 0.000184680466191, 0.000229516765103, 7.55664805183e-05, 4.64718723379e-05, 1.74742617673e-05, 1.0298586858e-05, 6.53214874546e-06, 2.51437171528e-07, 6.44507502923e-10, 2.11766673641e-10],
        "min": [2.13349789224e-11, 2.09677111229e-08, 1.54020938226e-08, 2.14259863185e-08, 3.13075467773e-08, 9.72504210495e-09, 1.06447464177e-08, 3.38084826801e-09, 1.04556274749e-08, 8.86686890578e-10, 1.0345941881e-09, 3.7030700728e-09, 1.91193527677e-09, 2.91110469064e-09, 4.64971661174e-09, 4.01936084415e-09, 7.27633331365e-09, 1.39352573925e-08, 9.39993594073e-09, 1.34558664211e-09, 7.09126812826e-10, 5.28548593781e-10, 1.20845972118e-10, 1.24512553046e-10, 3.37416795892e-11, 3.46282759411e-11, 3.09877921933e-11],
        "var": [3.03713456294e-12, 3.8472424535e-07, 1.80881415872e-05, 1.57744234457e-05, 3.01716590911e-06, 5.86545183978e-07, 9.64210448728e-06, 1.09013501515e-06, 4.57621245005e-05, 4.55038971268e-05, 1.71924307324e-06, 1.54025610755e-06, 4.10698658015e-06, 6.91087006999e-06, 7.87283681802e-07, 8.39943538722e-07, 8.69850168783e-07, 1.12377540518e-06, 2.5148159466e-07, 5.56542865127e-08, 2.15850874952e-08, 2.56499141926e-08, 5.73765124301e-09, 1.19007270705e-09, 1.8389839998e-11, 1.08523300496e-17, 1.36374961826e-18]
    },
    "erbbands": {
        "dmean": [0.000998538569547, 0.053327832371, 0.619831204414, 1.24459338188, 1.25902950764, 1.10035586357, 0.615416109562, 0.94513708353, 4.007376194, 4.33656072617, 10.1089420319, 31.3261966705, 42.4453010559, 21.205701828, 14.9548797607, 12.9448680878, 16.9875335693, 26.6896152496, 15.4930591583, 16.070766449, 15.8230524063, 20.4110221863, 16.5689411163, 10.6580877304, 6.05724000931, 3.03880906105, 1.86263263226, 1.57353687286, 1.2350025177, 0.853209733963, 0.447789460421, 0.228089094162, 0.0994527339935, 0.0229647029191, 0.000638542347588, 3.40564438375e-05, 4.84617203256e-06, 1.34431286369e-06, 2.18698073695e-06, 4.53947404822e-06],
        "dmean2": [0.00165829178877, 0.0869706422091, 0.96796476841, 1.96740305424, 2.07711696625, 1.83698523045, 0.967951357365, 1.50050425529, 6.66147136688, 7.27164316177, 17.3512458801, 51.9788246155, 72.1756057739, 34.9662590027, 25.2753105164, 22.4225387573, 29.4185752869, 45.8406562805, 26.0893154144, 27.1278247833, 26.3074474335, 33.8530273438, 28.5869579315, 17.4071540833, 9.98240661621, 5.08991861343, 3.11279463768, 2.64565682411, 2.13462209702, 1.48980915546, 0.767061114311, 0.393128424883, 0.167305737734, 0.039801903069, 0.0011021043174, 5.8555004216e-05, 8.26741597848e-06, 2.31099556913e-06, 3.61132538274e-06, 7.4672707342e-06],
        "dvar": [5.88329567108e-06, 0.0141788842157, 1.56145763397, 7.63865280151, 13.5968389511, 11.5766525269, 12.023563385, 22.8257408142, 938.807006836, 253.014160156, 582.158081055, 9372.05175781, 21279.3964844, 6443.46533203, 1297.72521973, 986.598266602, 2453.78125, 8271.6640625, 989.58026123, 778.308532715, 663.986572266, 969.776245117, 1521.61242676, 342.055511475, 120.031356812, 34.6780548096, 11.7382068634, 9.24350070953, 8.82170963287, 4.16056013107, 1.31338238716, 0.285426348448, 0.0461461730301, 0.00396416522563, 3.04653690364e-06, 7.60938423383e-09, 9.24701773486e-11, 5.56918530389e-12, 1.32859287807e-11, 6.36747599092e-11],
        "dvar2": [1.64049124578e-05, 0.0368507280946, 3.72408652306, 18.8901348114, 37.8566513062, 32.1762619019, 17.9465389252, 55.9470062256, 2756.58666992, 657.946594238, 1433.73828125, 20214.3964844, 56571.0664062, 16090.0585938, 3522.61572266, 2883.20092773, 7167.56689453, 25274.2695312, 2690.17016602, 2295.15991211, 1884.09924316, 2708.20507812, 4356.18017578, 902.556091309, 321.720031738, 91.0707702637, 31.0042591095, 26.6765575409, 26.8649654388, 12.8503665924, 4.16188144684, 0.882325470448, 0.138700261712, 0.0119979651645, 9.20472666621e-06, 2.31767369741e-08, 2.87038226521e-10, 1.73058824215e-11, 3.59602174427e-11, 1.69684558071e-10],
        "max": [0.0375859066844, 1.91330587864, 28.8136234283, 72.5855789185, 72.056854248, 68.0482177734, 179.210586548, 176.318023682, 971.736083984, 496.332397461, 964.494018555, 3965.54833984, 2979.28710938, 2965.44750977, 992.866210938, 677.87890625, 1416.2644043, 1949.39941406, 694.770629883, 440.078155518, 331.203918457, 461.312286377, 568.758850098, 400.174041748, 288.006011963, 118.582443237, 58.4981155396, 45.8839683533, 58.8399658203, 32.8081932068, 23.8445339203, 9.62235355377, 3.75449514389, 1.26006484032, 0.0369326174259, 0.001863350044, 0.000217256892938, 5.60211810807e-05, 0.000120377568237, 0.000250219309237],
        "mean": [0.00262258946896, 0.157012090087, 2.42254590988, 5.24060535431, 3.00212621689, 2.31854152679, 1.28497195244, 1.96157968044, 6.66768121719, 7.12800264359, 16.9469814301, 52.5938110352, 73.9282531738, 39.7516288757, 28.5008735657, 25.0256900787, 35.1979980469, 53.2794761658, 36.4710273743, 33.8861846924, 36.9036979675, 47.2486190796, 36.7434768677, 26.5291023254, 15.1819953918, 7.91881132126, 4.70194149017, 4.10068798065, 3.51162075996, 2.31040215492, 1.17049026489, 0.627655148506, 0.270520806313, 0.0490017607808, 0.0014473926276, 0.000103700367617, 2.12008671951e-05, 6.45965201329e-06, 1.10785822471e-05, 2.18737459363e-05],
        "median": [0.000724327808712, 0.0436015166342, 0.675013065338, 0.8000639081, 0.190272733569, 0.14507034421, 0.223052173853, 0.280404657125, 0.450442939997, 1.64776206017, 5.87302589417, 15.076174736, 16.9080657959, 11.9482545853, 12.6753883362, 12.0319728851, 14.0528964996, 18.1302680969, 13.8844861984, 15.3747940063, 17.8057079315, 27.2436599731, 12.6515445709, 12.8902387619, 8.77156066895, 3.87855315208, 2.12490463257, 1.4522241354, 0.681446552277, 0.44358843565, 0.275387018919, 0.184450164437, 0.0739547535777, 0.00890854466707, 0.000307107140543, 3.61551428796e-05, 1.16428909678e-05, 3.57219005309e-06, 8.17400723463e-06, 1.53705022967e-05],
        "min": [3.07178083858e-07, 5.80430605623e-06, 2.07730372495e-05, 4.16300754296e-05, 0.000204660682357, 8.7677501142e-05, 3.8686721382e-05, 0.000112183835881, 0.000176733199623, 8.1280421e-05, 0.000103233891423, 0.000247040909017, 0.000112145331514, 3.24655375152e-05, 5.99961240368e-05, 0.00017280659813, 8.54174722917e-05, 0.00010719288548, 0.000242083304329, 0.000308726186631, 0.000258942483924, 0.000415940099629, 0.00068954488961, 0.000823253474664, 0.000175345849129, 6.72290407238e-05, 4.37404560216e-05, 1.89924521692e-05, 1.77915280801e-05, 7.02686020304e-06, 3.87850650441e-06, 3.26904842041e-06, 1.33901676236e-06, 5.38057349786e-07, 1.78506041948e-07, 1.15660625966e-07, 7.06820699747e-08, 2.0162868708e-08, 4.36354241629e-09, 7.43182904106e-10],
        "var": [1.83408192242e-05, 0.0541811436415, 13.5210256577, 103.540107727, 49.5390396118, 36.9074745178, 34.4784889221, 72.3208999634, 1797.35925293, 694.322631836, 2323.17895508, 25372.078125, 51759.1953125, 16015.671875, 2460.87304688, 2364.61352539, 6342.50097656, 20949.9335938, 4249.49853516, 2052.87182617, 2141.49267578, 2994.37597656, 3682.37988281, 1180.06787109, 357.269836426, 128.229110718, 42.746383667, 33.5162315369, 34.2250938416, 15.322883606, 4.01616716385, 0.991958558559, 0.189538151026, 0.00947291124612, 7.78742742114e-06, 2.67419526523e-08, 6.13917361392e-10, 5.46578581007e-11, 1.37136690892e-10, 5.8237487055e-10]
    },
    "gfcc": {
        "mean": [-75.5237579346, 113.234924316, -209.325546265, 41.0496788025, -61.9496421814, 13.6766719818, -14.6253385544, -2.33412909508, 0.101688727736, -35.6139678955, -4.21550559998, -30.3142490387, -7.20760440826],
        "cov": [[3719.55541992, -273.461547852, 159.943740845, 349.629241943, 63.814201355, 271.768188477, 29.3645572662, 111.255447388, 45.4273262024, -91.4802398682, -116.562072754, -2.41953325272, 29.6054992676], [-273.461547852, 2156.453125, 1456.34802246, 493.586517334, 505.720672607, -527.488464355, 85.8834686279, -183.890960693, -193.188537598, -204.111297607, 97.4668197632, -43.2400131226, -88.3511886597], [159.943740845, 1456.34802246, 1241.52661133, 559.747802734, 420.194335938, -263.8487854, 14.9513368607, -73.3593902588, -145.064834595, -187.945602417, 31.6015224457, -21.7768115997, -89.3511505127], [349.629241943, 493.586517334, 559.747802734, 532.885192871, 343.658233643, -35.0152549744, -31.8287944794, -32.5526771545, -66.1149673462, -49.3538818359, -35.2557067871, -8.57137775421, -47.129322052], [63.814201355, 505.720672607, 420.194335938, 343.658233643, 345.41394043, -57.1724128723, 4.2993144989, -51.0000534058, -50.8713340759, -25.9456329346, -23.2443084717, -22.4045276642, -32.0539627075], [271.768188477, -527.488464355, -263.8487854, -35.0152549744, -57.1724128723, 346.66394043, 32.4674453735, 72.5468597412, 58.9040641785, 43.4198226929, -42.9931678772, 1.17086279392, -0.306653350592], [29.3645572662, 85.8834686279, 14.9513368607, -31.8287944794, 4.2993144989, 32.4674453735, 127.485160828, 21.1139411926, -6.09441423416, -2.22095513344, 13.2267456055, -3.02937793732, -21.634563446], [111.255447388, -183.890960693, -73.3593902588, -32.5526771545, -51.0000534058, 72.5468597412, 21.1139411926, 94.8886489868, 34.6696929932, -4.7577085495, -5.30859327316, -0.0193063039333, -12.0249671936], [45.4273262024, -193.188537598, -145.064834595, -66.1149673462, -50.8713340759, 58.9040641785, -6.09441423416, 34.6696929932, 86.8639678955, 37.3145751953, -16.4248790741, -2.8611536026, 0.444838255644], [-91.4802398682, -204.111297607, -187.945602417, -49.3538818359, -25.9456329346, 43.4198226929, -2.22095513344, -4.7577085495, 37.3145751953, 100.336135864, 4.86801195145, -8.7446975708, 24.6174030304], [-116.562072754, 97.4668197632, 31.6015224457, -35.2557067871, -23.2443084717, -42.9931678772, 13.2267456055, -5.30859327316, -16.4248790741, 4.86801195145, 65.87840271, 22.5698337555, -5.08586454391], [-2.41953325272, -43.2400131226, -21.7768115997, -8.57137775421, -22.4045276642, 1.17086279392, -3.02937793732, -0.0193063039333, -2.8611536026, -8.7446975708, 22.5698337555, 63.9934158325, 14.1535921097], [29.6054992676, -88.3511886597, -89.3511505127, -47.129322052, -32.0539627075, -0.306653350592, -21.634563446, -12.0249671936, 0.444838255644, 24.6174030304, -5.08586454391, 14.1535921097, 71.8501968384]],
        "icov": [[0.000383433129173, 0.000360098609235, -0.000251293182373, -0.000595549645368, 0.000245411007199, -7.05936417944e-06, -0.000632161973044, 0.000312958436552, -0.000740882125683, 0.000947952794377, -0.000335636286763, 0.000562971457839, -0.000901715131477], [0.000360098609235, 0.0127090318128, -0.0128114297986, 0.00466453330591, -0.00608170870692, 0.00659329211339, -0.00918987672776, 0.0111834332347, -0.00659325812012, 0.00503858923912, -0.00936887506396, 0.00691881682724, -0.00468504056334], [-0.000251293182373, -0.0128114297986, 0.0167013593018, -0.00816697347909, 0.00531598785892, -0.00554687902331, 0.00787164084613, -0.010164453648, 0.00504539720714, 0.00116819189861, 0.0047148540616, -0.00377976917662, 0.00342602073215], [-0.000595549645368, 0.00466453330591, -0.00816697347909, 0.0126894973218, -0.00867766607553, 0.00142929959111, 0.00113326322753, 0.000984134618193, 0.00309421587735, -0.00535684265196, 0.00308371847495, -0.00341516616754, 0.00349643360823], [0.000245411007199, -0.00608170870692, 0.00531598785892, -0.00867766607553, 0.0135787092149, -0.00293145840988, 0.00149186723866, -0.00211345404387, 0.00192925927695, -0.00315826898441, 0.00588854774833, -0.00126698461827, 0.00121656537522], [-7.05936417944e-06, 0.00659329211339, -0.00554687902331, 0.00142929959111, -0.00293145840988, 0.0083358027041, -0.00613676151261, 0.00350483111106, -0.00371405296028, 0.00148171046749, -0.00244175409898, 0.00252834381536, -0.0015390428016], [-0.000632161973044, -0.00918987672776, 0.00787164084613, 0.00113326322753, 0.00149186723866, -0.00613676151261, 0.0176425389946, -0.0112237883732, 0.00880211871117, -0.00718012452126, 0.00701229134575, -0.00672060716897, 0.00779142091051], [0.000312958436552, 0.0111834332347, -0.010164453648, 0.000984134618193, -0.00211345404387, 0.00350483111106, -0.0112237883732, 0.0272362213582, -0.0134865073487, 0.0109549127519, -0.0122358258814, 0.00910807400942, -0.00445121247321], [-0.000740882125683, -0.00659325812012, 0.00504539720714, 0.00309421587735, 0.00192925927695, -0.00371405296028, 0.00880211871117, -0.0134865073487, 0.0266998708248, -0.0153252864257, 0.0148790851235, -0.00950021669269, 0.00974994990975], [0.000947952794377, 0.00503858923912, 0.00116819189861, -0.00535684265196, -0.00315826898441, 0.00148171046749, -0.00718012452126, 0.0109549127519, -0.0153252864257, 0.0305294301361, -0.0190983470529, 0.0146583449095, -0.0125916041434], [-0.000335636286763, -0.00936887506396, 0.0047148540616, 0.00308371847495, 0.00588854774833, -0.00244175409898, 0.00701229134575, -0.0122358258814, 0.0148790851235, -0.0190983470529, 0.0389652848244, -0.0203200727701, 0.0123963290825], [0.000562971457839, 0.00691881682724, -0.00377976917662, -0.00341516616754, -0.00126698461827, 0.00252834381536, -0.00672060716897, 0.00910807400942, -0.00950021669269, 0.0146583449095, -0.0203200727701, 0.0291422866285, -0.0118609238416], [-0.000901715131477, -0.00468504056334, 0.00342602073215, 0.00349643360823, 0.00121656537522, -0.0015390428016, 0.00779142091051, -0.00445121247321, 0.00974994990975, -0.0125916041434, 0.0123963290825, -0.0118609238416, 0.0246873162687]]
    },
    "melbands": {
        "dmean": [2.31402827922e-05, 0.000238120235736, 0.000204543495784, 8.35770842968e-05, 2.59646039922e-05, 2.15180516534e-05, 6.26539986115e-05, 5.15464016644e-05, 9.51422844082e-05, 0.00022186813294, 0.000213170220377, 9.41309917835e-05, 4.86696262669e-05, 4.71409075544e-05, 3.12575502903e-05, 5.09321798745e-05, 5.3248480981e-05, 2.90686039079e-05, 2.39041364694e-05, 2.39253877226e-05, 1.97156387003e-05, 2.27594227908e-05, 2.13305684156e-05, 1.29755208036e-05, 9.48049273575e-06, 5.6053827393e-06, 3.79643984161e-06, 1.997524123e-06, 1.30184116642e-06, 1.19389540032e-06, 9.76763089966e-07, 8.01672058515e-07, 6.99417114447e-07, 4.46667598908e-07, 3.1044137927e-07, 1.84699132433e-07, 1.45164705145e-07, 8.38479436993e-08, 5.0179686184e-08, 1.03079909053e-08],
        "dmean2": [3.86419269489e-05, 0.000372653099475, 0.000324511405779, 0.000138114090078, 4.11006112699e-05, 3.48127105099e-05, 0.000104716789792, 8.81537198438e-05, 0.000161875752383, 0.0003668749996, 0.000360900856322, 0.000154874258442, 8.19990600576e-05, 8.13600054244e-05, 5.2925588534e-05, 8.75226396602e-05, 9.10545059014e-05, 4.9199879868e-05, 4.0389404603e-05, 3.99377604481e-05, 3.31585797539e-05, 3.79101002181e-05, 3.66107451555e-05, 2.1658024707e-05, 1.55089182954e-05, 9.27581731958e-06, 6.23875075689e-06, 3.34340575137e-06, 2.2044250727e-06, 2.02424985218e-06, 1.6485442984e-06, 1.39232270158e-06, 1.19585354241e-06, 7.84524729625e-07, 5.36997276868e-07, 3.14119517952e-07, 2.4969509127e-07, 1.41443223356e-07, 8.61527453822e-08, 1.74881105153e-08],
        "dvar": [3.20755533245e-09, 2.25395439202e-07, 2.07779123684e-07, 6.1053064826e-08, 1.46955914104e-08, 1.41945717402e-08, 2.06526848956e-07, 2.51641161242e-08, 5.81627936924e-08, 4.71064964813e-07, 5.42467603282e-07, 1.40674259796e-07, 1.06864677107e-08, 1.7461013968e-08, 6.91306212275e-09, 2.27719763046e-08, 3.24058611056e-08, 4.22997770144e-09, 2.0511987664e-09, 1.97900784649e-09, 1.07169539909e-09, 1.23789767326e-09, 2.35059838261e-09, 9.11793363034e-10, 2.97043167841e-10, 8.56250140235e-11, 5.19594749171e-11, 1.51340381199e-11, 6.18844472194e-12, 4.87951042419e-12, 3.67088781247e-12, 3.72991134506e-12, 3.10740734359e-12, 1.04944330136e-12, 6.56706839516e-13, 1.89586017783e-13, 1.07149227371e-13, 2.99937585348e-14, 1.75275392751e-14, 8.23906830212e-16],
        "dvar2": [8.72790106854e-09, 5.45653620065e-07, 5.17596049576e-07, 1.6619338794e-07, 2.69394320185e-08, 3.50708582175e-08, 5.96709810452e-07, 6.69238318096e-08, 1.33393044166e-07, 1.05353797153e-06, 1.43662487062e-06, 3.4621263012e-07, 2.77462461895e-08, 5.07197270849e-08, 1.93571931817e-08, 6.80672940234e-08, 9.81581749215e-08, 1.14233644766e-08, 6.14685902178e-09, 5.31530464087e-09, 3.08820391481e-09, 3.49604190042e-09, 6.79458311836e-09, 2.56314036662e-09, 7.67022223513e-10, 2.3496102286e-10, 1.33707128702e-10, 4.04204482385e-11, 1.61646841745e-11, 1.3413790044e-11, 1.05621292962e-11, 1.13689752057e-11, 9.3361663886e-12, 3.29502419273e-12, 2.10584197649e-12, 5.4018307839e-13, 3.30626259877e-13, 8.77311867901e-14, 5.3617334639e-14, 2.49928230746e-15],
        "max": [0.000878251041286, 0.0105075566098, 0.0124582592398, 0.0042122467421, 0.00591796403751, 0.0040892646648, 0.0129759246483, 0.00442727888003, 0.0112131005153, 0.0262493006885, 0.0149832349271, 0.0144304642454, 0.00232213572599, 0.00292510376312, 0.00200415961444, 0.00389754376374, 0.00389932957478, 0.00141108792741, 0.000781629001722, 0.000750967592467, 0.000450359890237, 0.000555001432076, 0.00116831774358, 0.000672983296681, 0.000407120620366, 0.000215431748074, 0.000166477737366, 7.58801179472e-05, 4.54560831713e-05, 4.75669367006e-05, 2.8103346267e-05, 3.55870033673e-05, 3.35492331942e-05, 1.57862923515e-05, 1.78738009708e-05, 8.39142103359e-06, 5.83315295444e-06, 2.6737582175e-06, 2.7942583074e-06, 5.97192013174e-07],
        "mean": [5.48025818716e-05, 0.00090744177578, 0.000840209249873, 0.000179003414814, 5.74691766815e-05, 4.42698401457e-05, 0.000104475700937, 8.03581351647e-05, 0.000156469643116, 0.000363478291547, 0.000369900692021, 0.000167081263498, 9.01768435142e-05, 7.77118766564e-05, 5.79015286348e-05, 9.43542909226e-05, 9.9688055343e-05, 6.04049746471e-05, 4.56465750176e-05, 4.70536251669e-05, 4.10985558119e-05, 4.89062695124e-05, 4.14614150941e-05, 2.77486888081e-05, 2.12659324461e-05, 1.26430004457e-05, 8.22642596177e-06, 4.46308013125e-06, 2.89844683721e-06, 2.63202900896e-06, 2.28214844356e-06, 2.04402726922e-06, 1.6944327399e-06, 1.11216479581e-06, 7.2094837833e-07, 4.56512935898e-07, 3.54733401764e-07, 2.11569414432e-07, 1.03866071299e-07, 1.63644813256e-08],
        "median": [7.50935305405e-06, 0.000268947565928, 0.000148042367073, 9.69018128671e-06, 7.77535296947e-06, 5.92772312302e-06, 6.93378842698e-06, 2.049433715e-05, 5.20801731909e-05, 9.89111867966e-05, 8.22512374725e-05, 4.42336131528e-05, 3.86402170989e-05, 3.54942822014e-05, 2.79240812233e-05, 3.05987960019e-05, 3.30946641043e-05, 2.12294471567e-05, 1.84473283298e-05, 2.05896958505e-05, 1.88211397472e-05, 2.78378993244e-05, 1.62002015713e-05, 8.4219755081e-06, 9.7525480669e-06, 7.21926198821e-06, 4.10929214922e-06, 1.98747488867e-06, 1.22376616218e-06, 1.08334802462e-06, 6.41237306809e-07, 3.8660385826e-07, 2.76890546047e-07, 2.33072867672e-07, 1.6875617348e-07, 1.13704231808e-07, 1.08858635883e-07, 5.94192073322e-08, 1.89491071723e-08, 2.13236117652e-09],
        "min": [4.31406466106e-09, 9.81369030484e-09, 1.34004967123e-08, 2.59163424055e-09, 1.92318538872e-09, 2.39706521299e-09, 2.6095166028e-09, 7.8999934372e-10, 9.4236929371e-10, 1.57074209195e-09, 5.00545660476e-10, 1.11180661899e-10, 1.27002339201e-10, 5.00969432604e-10, 3.02868563562e-10, 1.36118269434e-10, 2.05845993029e-10, 3.36451672078e-10, 3.8771258426e-10, 3.24038462729e-10, 2.90503954226e-10, 3.94984933649e-10, 4.03042349495e-10, 9.14710807098e-10, 6.91152246546e-10, 1.43442840939e-10, 6.39147693104e-11, 3.77818124009e-11, 2.44956520346e-11, 2.26362765338e-11, 8.79226032258e-12, 1.18425312959e-11, 6.76840311228e-12, 2.63793977981e-12, 2.3560962209e-12, 1.82091581397e-12, 2.13391717491e-12, 9.73587313199e-13, 5.5633275764e-13, 4.33576785586e-13],
        "var": [9.53133927339e-09, 1.81697441803e-06, 2.45767387241e-06, 1.81192220339e-07, 5.31243848911e-08, 4.77849013691e-08, 4.19257531803e-07, 6.21138553925e-08, 2.73604428003e-07, 1.19759272366e-06, 1.35142806812e-06, 3.29103443164e-07, 2.50587781636e-08, 2.40922872763e-08, 1.58756829904e-08, 5.58122899008e-08, 7.76729720542e-08, 1.46656038424e-08, 4.59279769771e-09, 4.89681273308e-09, 2.90386581447e-09, 3.28297788954e-09, 4.72071493007e-09, 2.38594766166e-09, 8.79603445636e-10, 2.57359134004e-10, 1.39488615103e-10, 5.15052653305e-11, 1.94520354685e-11, 1.47955623447e-11, 1.18379733099e-11, 1.21021933794e-11, 9.44731792796e-12, 3.48453470939e-12, 1.61948557863e-12, 6.31446067309e-13, 3.08604189295e-13, 1.14402682206e-13, 4.06969786646e-14, 1.44623834782e-15]
    },
    "mfcc": {
        "mean": [-675.538269043, 111.548721313, -64.168800354, 12.7409658432, -12.3400611877, 4.52893543243, -2.2470407486, 22.3251171112, 1.11753058434, 10.7606801987, -2.41528582573, -0.108252368867, -13.2981891632],
        "cov": [[3666.61352539, -782.018005371, -175.066650391, -97.9883117676, -12.1104774475, 229.874328613, -48.0371246338, 228.623092651, 186.234191895, 88.8358078003, -48.2414474487, 52.9044151306, -91.906867981], [-782.018005371, 1955.93334961, 889.549987793, 919.706787109, 286.794891357, -113.986854553, 195.4921875, -24.9009113312, -201.181793213, -128.755218506, -224.817901611, 94.9707565308, 94.9256591797], [-175.066650391, 889.549987793, 731.043151855, 561.08795166, 284.310943604, 4.31598472595, 129.481018066, 90.8350753784, -71.9561538696, -99.3603286743, -110.325378418, 78.9381408691, 60.8624916077], [-97.9883117676, 919.706787109, 561.08795166, 836.532836914, 386.042205811, 24.0438785553, 132.300292969, -17.2319355011, -61.7819747925, -108.303642273, -154.096878052, 84.9550247192, 70.5827331543], [-12.1104774475, 286.794891357, 284.310943604, 386.042205811, 352.9793396, 95.6504135132, 62.0016822815, 6.610663414, 22.9143562317, -51.0529251099, -46.4287567139, 33.1376113892, 30.9121055603], [229.874328613, -113.986854553, 4.31598472595, 24.0438785553, 95.6504135132, 183.61579895, 50.3173103333, 18.0063285828, 68.926651001, 1.29841601849, 30.4403743744, 7.63219690323, 9.89701938629], [-48.0371246338, 195.4921875, 129.481018066, 132.300292969, 62.0016822815, 50.3173103333, 150.38269043, 36.6858978271, 4.11930704117, -22.5001392365, 1.06029546261, 24.4454536438, 27.7266235352], [228.623092651, -24.9009113312, 90.8350753784, -17.2319355011, 6.610663414, 18.0063285828, 36.6858978271, 158.494644165, 19.0274429321, -10.3805103302, 27.6949005127, 27.6030235291, -0.161000654101], [186.234191895, -201.181793213, -71.9561538696, -61.7819747925, 22.9143562317, 68.926651001, 4.11930704117, 19.0274429321, 113.604568481, 27.8211631775, 31.2923145294, -1.01793086529, -2.84986495972], [88.8358078003, -128.755218506, -99.3603286743, -108.303642273, -51.0529251099, 1.29841601849, -22.5001392365, -10.3805103302, 27.8211631775, 118.81716156, 29.8366718292, -15.9178371429, -14.7139091492], [-48.2414474487, -224.817901611, -110.325378418, -154.096878052, -46.4287567139, 30.4403743744, 1.06029546261, 27.6949005127, 31.2923145294, 29.8366718292, 121.337478638, -0.521647453308, -6.42628717422], [52.9044151306, 94.9707565308, 78.9381408691, 84.9550247192, 33.1376113892, 7.63219690323, 24.4454536438, 27.6030235291, -1.01793086529, -15.9178371429, -0.521647453308, 70.6607055664, 25.174533844], [-91.906867981, 94.9256591797, 60.8624916077, 70.5827331543, 30.9121055603, 9.89701938629, 27.7266235352, -0.161000654101, -2.84986495972, -14.7139091492, -6.42628717422, 25.174533844, 79.5605773926]],
