{
"lowlevel": {
    "average_loudness": 0.765806019306,
    "barkbands_crest": {
        "dmean": 1.90747177601,
        "dmean2": 3.15951704979,
        "dvar": 4.36541128159,
        "dvar2": 10.7632436752,
        "max": 26.591217041,
        "mean": 16.1253356934,
        "median": 15.6348161697,
        "min": 3.85509133339,
        "var": 25.7977676392
    },
    "barkbands_flatness_db": {
        "dmean": 0.025177532807,
        "dmean2": 0.0390311516821,
        "dvar": 0.000868537696078,
        "dvar2": 0.00198667752557,
        "max": 0.519107818604,
        "mean": 0.349801689386,
        "median": 0.350199431181,
        "min": 0.0281574167311,
        "var": 0.00398385804147
    },
    "barkbands_kurtosis": {
        "dmean": 6.43745088577,
        "dmean2": 10.4751768112,
        "dvar": 310.662414551,
        "dvar2": 737.26739502,
        "max": 588.514343262,
        "mean": 14.788061142,
        "median": 5.37303543091,
        "min": -1.91547584534,
        "var": 1244.89123535
    },
    "barkbands_skewness": {
        "dmean": 0.610285818577,
        "dmean2": 0.938882470131,
        "dvar": 1.01222550869,
        "dvar2": 1.96953499317,
        "max": 14.7171602249,
        "mean": 0.433219462633,
        "median": 0.408011496067,
        "min": -8.3620300293,
        "var": 4.46614933014
    },
    "barkbands_spread": {
        "dmean": 0.920327425003,
        "dmean2": 1.48981010914,
        "dvar": 6.24334144592,
        "dvar2": 15.9159345627,
        "max": 87.3117980957,
        "mean": 3.77540636063,
        "median": 3.05499625206,
        "min": 0.115588895977,
        "var": 11.1601858139
    },
    "dissonance": {
        "dmean": 0.0567387677729,
        "dmean2": 0.0971366018057,
        "dvar": 0.00300541869365,
        "dvar2": 0.00846132542938,
        "max": 0.499615907669,
        "mean": 0.326850652695,
        "median": 0.331439703703,
        "min": 0.0769773051143,
        "var": 0.00702210702002
    },
    "dynamic_complexity": 4.46477174759,
    "erbbands_crest": {
        "dmean": 1.99892175198,
        "dmean2": 3.24965071678,
        "dvar": 6.19202423096,
        "dvar2": 14.5397043228,
        "max": 34.2476005554,
        "mean": 20.2161827087,
        "median": 20.2283630371,
        "min": 2.72311234474,
        "var": 53.7883834839
    },
    "erbbands_flatness_db": {
        "dmean": 0.0233600437641,
        "dmean2": 0.0354889631271,
        "dvar": 0.000788906647358,
        "dvar2": 0.00163886370137,
        "max": 0.540773630142,
        "mean": 0.335270017385,
        "median": 0.337475985289,
        "min": 0.0585084185004,
        "var": 0.0057625840418
    },
    "erbbands_kurtosis": {
        "dmean": 7.12664842606,
        "dmean2": 11.4013633728,
        "dvar": 232.346908569,
        "dvar2": 541.237121582,
        "max": 352.236450195,
        "mean": 22.5756950378,
        "median": 9.96592998505,
        "min": -1.83216798306,
        "var": 1170.80859375
    },
    "erbbands_skewness": {
        "dmean": 0.652140676975,
        "dmean2": 1.00785791874,
        "dvar": 0.887313365936,
        "dvar2": 1.86857736111,
        "max": 14.6379737854,
        "mean": 1.66899645329,
        "median": 1.50638055801,
        "min": -8.34192848206,
        "var": 4.89531803131
    },
    "erbbands_spread": {
        "dmean": 1.82115089893,
        "dmean2": 2.87375259399,
        "dvar": 14.0707159042,
        "dvar2": 32.1811180115,
        "max": 73.1253890991,
        "mean": 6.79454565048,
        "median": 5.03188228607,
        "min": 0.214097321033,
        "var": 46.3675003052
    },
    "hfc": {
        "dmean": 2.11915254593,
        "dmean2": 3.22016859055,
        "dvar": 20.3279190063,
        "dvar2": 44.8134651184,
        "max": 127.761390686,
        "mean": 9.74008750916,
        "median": 5.7207775116,
        "min": 1.12283335998e-16,
        "var": 148.033706665
    },
    "melbands_crest": {
        "dmean": 2.1602537632,
        "dmean2": 3.54790997505,
        "dvar": 6.21822404861,
        "dvar2": 14.9612941742,
        "max": 34.0014648438,
        "mean": 18.5707645416,
        "median": 17.7667503357,
        "min": 1.88266217709,
        "var": 37.9501266479
    },
    "melbands_flatness_db": {
        "dmean": 0.0281898491085,
        "dmean2": 0.042981993407,
        "dvar": 0.00125104887411,
        "dvar2": 0.00276907952502,
        "max": 0.6264783144,
        "mean": 0.451520204544,
        "median": 0.455524235964,
        "min": 0.00556691316888,
        "var": 0.00504348939285
    },
    "melbands_kurtosis": {
        "dmean": 4.31242656708,
        "dmean2": 6.88768434525,
        "dvar": 110.558258057,
        "dvar2": 244.309020996,
        "max": 251.104263306,
        "mean": 9.42654132843,
        "median": 3.67389249802,
        "min": -1.89645898342,
        "var": 316.047576904
    },
    "melbands_skewness": {
        "dmean": 0.497563958168,
        "dmean2": 0.766734182835,
        "dvar": 0.511736094952,
        "dvar2": 1.14002180099,
        "max": 9.4689207077,
        "mean": 0.448686659336,
        "median": 0.447118580341,
        "min": -5.86109209061,
        "var": 3.27358269691
    },
    "melbands_spread": {
        "dmean": 1.20873510838,
        "dmean2": 1.92406618595,
        "dvar": 10.9064311981,
        "dvar2": 19.712020874,
        "max": 134.835601807,
        "mean": 5.63256406784,
        "median": 4.4213719368,
        "min": 0.302365243435,
        "var": 35.3336868286
    },
    "pitch_salience": {
        "dmean": 0.0507981106639,
        "dmean2": 0.0845727622509,
        "dvar": 0.00309416651726,
        "dvar2": 0.00729802250862,
        "max": 0.971759438515,
        "mean": 0.413658767939,
        "median": 0.415246874094,
        "min": 0.0645925924182,
        "var": 0.018178453669
    },
    "silence_rate_20dB": {
        "dmean": 0,
        "dmean2": 0,
        "dvar": 0,
        "dvar2": 0,
        "max": 1,
        "mean": 1,
        "median": 1,
        "min": 1,
        "var": 0
    },
    "silence_rate_30dB": {
        "dmean": 0.00309119001031,
        "dmean2": 0.00618476979434,
        "dvar": 0.00308162067086,
        "dvar2": 0.00769263552502,
        "max": 1,
        "mean": 0.995365023613,
        "median": 1,
        "min": 0,
        "var": 0.00461369846016
    },
    "silence_rate_60dB": {
        "dmean": 0.0185471400619,
        "dmean2": 0.0371086187661,
        "dvar": 0.0182028915733,
        "dvar2": 0.0419152155519,
        "max": 1,
        "mean": 0.0718424096704,
        "median": 0,
        "min": 0,
        "var": 0.0666842535138
    },
    "spectral_centroid": {
        "dmean": 33.579410553,
        "dmean2": 46.350440979,
        "dvar": 48911.7109375,
        "dvar2": 27361.3574219,
        "max": 10584.5507812,
        "mean": 443.257720947,
        "median": 397.846557617,
        "min": 150.173233032,
        "var": 108113.726562
    },
    "spectral_complexity": {
        "dmean": 0.940494596958,
        "dmean2": 1.6204097271,
        "dvar": 1.06834435463,
        "dvar2": 2.62278175354,
        "max": 19,
        "mean": 6.09733486176,
        "median": 6,
        "min": 0,
        "var": 5.48296642303
    },
    "spectral_decrease": {
        "dmean": 1.38758260437e-09,
        "dmean2": 2.12014095169e-09,
        "dvar": 4.87140476649e-18,
        "dvar2": 1.11916436728e-17,
        "max": 3.75702524942e-25,
        "mean": -6.01325300664e-09,
        "median": -4.49207115949e-09,
        "min": -3.64008414522e-08,
        "var": 2.74822222017e-17
    },
    "spectral_energy": {
        "dmean": 0.00542197329924,
        "dmean2": 0.00828242488205,
        "dvar": 7.52404739615e-05,
        "dvar2": 0.000172924032086,
        "max": 0.145274728537,
        "mean": 0.0235788188875,
        "median": 0.0174976345152,
        "min": 1.03781011942e-20,
        "var": 0.0004302416055
    },
    "spectral_energyband_high": {
        "dmean": 5.81086897e-06,
        "dmean2": 9.64952414506e-06,
        "dvar": 6.85066670059e-10,
        "dvar2": 1.89743087908e-09,
        "max": 0.000536079343874,
        "mean": 6.00144403506e-06,
        "median": 1.32302034217e-06,
        "min": 7.32975322879e-21,
        "var": 5.47047518396e-10
    },
    "spectral_energyband_low": {
        "dmean": 0.00194333633408,
        "dmean2": 0.00276044430211,
        "dvar": 1.77450619958e-05,
        "dvar2": 3.26730369125e-05,
        "max": 0.057046122849,
        "mean": 0.00506086321548,
        "median": 0.00236961850896,
        "min": 3.57129985122e-23,
        "var": 5.04156196257e-05
    },
    "spectral_energyband_middle_high": {
        "dmean": 0.000368787965272,
        "dmean2": 0.000509894278366,
        "dvar": 6.08731124885e-06,
        "dvar2": 1.06450670501e-05,
        "max": 0.120553262532,
        "mean": 0.00162611249834,
        "median": 0.000143391123856,
        "min": 1.42347877852e-21,
        "var": 7.07798390067e-05
    },
    "spectral_energyband_middle_low": {
        "dmean": 0.00405094632879,
        "dmean2": 0.00646444037557,
        "dvar": 5.84384106332e-05,
        "dvar2": 0.000145296100527,
        "max": 0.13113553822,
        "mean": 0.0172213725746,
        "median": 0.0109952352941,
        "min": 2.72842627091e-22,
        "var": 0.000314225151669
    },
    "spectral_entropy": {
        "dmean": 0.254388302565,
        "dmean2": 0.396946191788,
        "dvar": 0.109200812876,
        "dvar2": 0.248622328043,
        "max": 9.80433750153,
        "mean": 5.39457845688,
        "median": 5.3551735878,
        "min": 3.49832630157,
        "var": 0.415598362684
    },
    "spectral_flux": {
        "dmean": 0.0167445316911,
        "dmean2": 0.0271620545536,
        "dvar": 0.000660456018522,
        "dvar2": 0.00175727030728,
        "max": 0.27706694603,
        "mean": 0.0385613031685,
        "median": 0.0290718562901,
        "min": 1.01872968394e-10,
        "var": 0.00103878846858
    },
    "spectral_kurtosis": {
        "dmean": 15.3216028214,
        "dmean2": 24.5522480011,
        "dvar": 249.804214478,
        "dvar2": 586.305053711,
        "max": 207.38508606,
        "mean": 51.2819671631,
        "median": 46.3224105835,
        "min": -1.25797855854,
        "var": 890.750793457
    },
    "spectral_rms": {
        "dmean": 0.000519087945577,
        "dmean2": 0.000788266130257,
        "dvar": 4.80714277273e-07,
        "dvar2": 1.0551482319e-06,
        "max": 0.0119051020592,
        "mean": 0.00433380715549,
        "median": 0.00413169013336,
        "min": 3.18197681745e-12,
        "var": 4.22182210968e-06
    },
    "spectral_rolloff": {
        "dmean": 48.2747039795,
        "dmean2": 88.2714309692,
        "dvar": 243536.03125,
        "dvar2": 467026.625,
        "max": 18906.1523438,
        "mean": 505.951873779,
        "median": 430.6640625,
        "min": 107.666015625,
        "var": 527228.6875
    },
    "spectral_skewness": {
        "dmean": 0.934709727764,
        "dmean2": 1.4802685976,
        "dvar": 0.836517095566,
        "dvar2": 1.94040453434,
        "max": 12.1534929276,
        "mean": 5.68815231323,
        "median": 5.62413549423,
        "min": 0.0350672565401,
        "var": 3.1782078743
    },
    "spectral_spread": {
        "dmean": 537515.5,
        "dmean2": 850392.25,
        "dvar": 1.07327120998e+12,
        "dvar2": 1.40375005594e+12,
        "max": 41930292,
        "mean": 1990008.375,
        "median": 1736430.75,
        "min": 587096.75,
        "var": 2.05023281152e+12
    },
    "spectral_strongpeak": {
        "dmean": 0.356017261744,
        "dmean2": 0.578834593296,
        "dvar": 0.420504391193,
        "dvar2": 0.98794066906,
        "max": 14.3608112335,
        "mean": 1.74178481102,
        "median": 1.16826105118,
        "min": 0,
        "var": 3.19508171082
    },
    "zerocrossingrate": {
        "dmean": 0.00196350202896,
        "dmean2": 0.00267375027761,
        "dvar": 0.000174473592779,
        "dvar2": 0.000264902017079,
        "max": 0.50537109375,
        "mean": 0.0201685242355,
        "median": 0.01806640625,
        "min": 0.0029296875,
        "var": 0.000324724416714
    },
    "barkbands": {
        "dmean": [3.2079340599e-05, 0.00102744158357, 0.00101012433879, 0.00022224955319, 0.000719534000382, 0.00153257360216, 0.00107161363121, 0.00109146279283, 0.000391297478927, 0.000147774320794, 0.000208774989005, 4.8389636504e-05, 1.47571663547e-05, 1.46358324855e-05, 9.33868341235e-06, 4.6641712288e-06, 7.6360802268e-06, 1.38807456551e-06, 1.79245500931e-06, 1.43470344938e-06, 1.75117770596e-06, 9.48018623603e-07, 1.08080780592e-06, 8.71342876962e-07, 5.23532037278e-07, 4.05334589004e-07, 9.78535363849e-10],
        "dmean2": [5.59479631193e-05, 0.00149021972902, 0.00143855647184, 0.000380029319786, 0.00113934744149, 0.00253743771464, 0.00177138275467, 0.00168426590972, 0.000593551492784, 0.000191439816263, 0.000301546038827, 7.57786256145e-05, 2.3388356567e-05, 2.18402456085e-05, 1.20239492389e-05, 7.19735498933e-06, 1.19127234939e-05, 2.25996564041e-06, 2.81074676423e-06, 2.33425544138e-06, 3.00522538055e-06, 1.61607249538e-06, 1.81594884907e-06, 1.4630854821e-06, 9.00168345197e-07, 6.24703488938e-07, 1.74887460069e-09],
        "dvar": [7.5999277982e-09, 5.19071772942e-06, 8.97836525837e-06, 2.52807751622e-07, 3.38635663866e-06, 1.3563216271e-05, 1.33915646074e-05, 2.47977804975e-05, 3.03678643832e-06, 2.02342835109e-06, 4.67743029731e-06, 9.83925829701e-08, 6.29290708432e-09, 5.27154497831e-09, 2.16783324625e-09, 6.15207940147e-10, 7.56812745806e-09, 3.19017555428e-11, 6.85958650992e-11, 4.69073252463e-11, 1.28246496756e-10, 2.08928482154e-11, 3.20569577827e-11, 3.57600928036e-11, 6.72394518536e-12, 1.73361585504e-12, 4.01422065876e-18],
        "dvar2": [2.07398773711e-08, 1.02939557109e-05, 1.54670051415e-05, 6.74245711707e-07, 9.30873375182e-06, 3.4648412111e-05, 3.58112447429e-05, 5.76189268031e-05, 6.82081008563e-06, 2.84106840809e-06, 8.54959762364e-06, 2.28119517942e-07, 1.3418814504e-08, 9.56973522648e-09, 3.40999473103e-09, 1.50032397617e-09, 1.76886008063e-08, 8.11516964738e-11, 1.6461534913e-10, 1.19433518631e-10, 3.57551377395e-10, 5.88200321783e-11, 8.70240962625e-11, 9.75690361837e-11, 1.92700664453e-11, 4.4567444353e-12, 1.1877139827e-17],
        "max": [0.00170341553167, 0.0487222671509, 0.0460213348269, 0.0111828465015, 0.0379363447428, 0.0844620987773, 0.0716546401381, 0.128682360053, 0.0476112253964, 0.0840290039778, 0.110741391778, 0.0166522786021, 0.00251549249515, 0.00216291146353, 0.00175162381493, 0.00058369175531, 0.00413043377921, 0.000118655269034, 0.000177957947017, 0.000206524709938, 0.000261155684711, 0.000101349593024, 0.000127629275084, 0.000168911908986, 6.07644979027e-05, 2.98267059406e-05, 4.41220606717e-08],
        "mean": [4.97403925692e-05, 0.00253244652413, 0.00218127924018, 0.000449762592325, 0.00196096859872, 0.00535839609802, 0.00324130849913, 0.00460850587115, 0.00152409693692, 0.000410797132645, 0.00100625434425, 0.000135041947942, 2.88123646897e-05, 4.13158086303e-05, 2.16171556531e-05, 6.88432373863e-06, 1.08870472104e-05, 1.79958658464e-06, 2.13988892028e-06, 1.45168348809e-06, 1.53593362029e-06, 8.91121658242e-07, 9.96810058496e-07, 8.18943533432e-07, 5.90881029439e-07, 5.39184611625e-07, 9.61173918235e-10],
        "median": [1.14945632959e-05, 0.000887200527359, 0.000547578092664, 0.000194090520381, 0.000486514589284, 0.00120072206482, 0.000541327521205, 0.000125248872791, 5.34423961653e-05, 2.19180310523e-05, 1.70380299096e-05, 1.15459060908e-05, 4.35655965703e-06, 2.77398658e-06, 1.97433541871e-06, 7.51945378852e-07, 5.3328363947e-07, 2.47770572059e-07, 2.32975480685e-07, 1.8795653034e-07, 2.24600086085e-07, 1.64571360983e-07, 1.41129902431e-07, 1.47708519194e-07, 1.65276887287e-07, 1.42079784382e-07, 4.54689008667e-10],
        "min": [1.48583828987e-23, 6.33802681792e-24, 9.76995553646e-24, 2.65884684581e-23, 2.28699012131e-23, 2.40778776064e-23, 5.44119586167e-23, 1.90741565504e-23, 5.66078381433e-23, 5.07349927404e-23, 2.36726492257e-23, 7.03137031481e-23, 4.31399724736e-23, 8.05353525503e-23, 1.81298651189e-22, 1.24757026874e-22, 1.11389368628e-22, 2.20052181532e-22, 1.74289893414e-22, 2.46298303289e-22, 3.76108280873e-22, 5.43560706614e-22, 5.98178456953e-22, 6.01098479236e-22, 1.02246278885e-21, 1.61947302485e-21, 2.13776650404e-21],
        "var": [1.59581734493e-08, 1.81969135156e-05, 2.21404297918e-05, 5.3662887467e-07, 1.59134706337e-05, 0.000100612262031, 5.47451636521e-05, 0.000167172271176, 2.88659139187e-05, 1.11342797027e-05, 4.7001412895e-05, 5.90902288877e-07, 1.16197789168e-08, 2.27158096777e-08, 1.18506573443e-08, 8.73110361788e-10, 1.01914006123e-08, 4.71645188183e-11, 8.58998427944e-11, 5.3147673762e-11, 8.59491020022e-11, 1.6818329715e-11, 2.67027528561e-11, 2.67402159443e-11, 5.02058117302e-12, 1.98090589071e-12, 2.89616736047e-18]
    },
    "erbbands": {
        "dmean": [0.0217025894672, 0.266512423754, 1.00417816639, 1.01102900505, 0.704985499382, 3.01076936722, 6.93407821655, 14.0606088638, 17.6130218506, 13.3661336899, 27.1754436493, 8.23118972778, 2.72406053543, 5.88426303864, 8.04222202301, 1.81592512131, 0.840450882912, 0.73590862751, 0.471579164267, 0.441415339708, 0.37181198597, 0.28449639678, 0.0764832943678, 0.0906782224774, 0.0908806249499, 0.0660671517253, 0.0533886179328, 0.0767601057887, 0.0393386781216, 0.0327472090721, 0.030095603317, 0.0166709646583, 0.015399813652, 0.00694925244898, 0.00358873023652, 0.00163643236738, 0.000735617941245, 0.000141637676279, 4.36216078015e-06, 6.05729519521e-06],
        "dmean2": [0.0324990041554, 0.382626384497, 1.4248393774, 1.54915177822, 1.18287742138, 4.79482221603, 11.5838594437, 23.1361808777, 28.3750362396, 21.2746391296, 40.9177207947, 12.3269262314, 3.8431456089, 8.13723182678, 11.3192672729, 2.66389608383, 1.1993407011, 1.08690726757, 0.672125995159, 0.578037559986, 0.539592564106, 0.439550459385, 0.124386094511, 0.138495177031, 0.143509715796, 0.106491178274, 0.0890697091818, 0.132917672396, 0.0677937716246, 0.0554899871349, 0.0503297969699, 0.0283988676965, 0.0259137973189, 0.0118912989274, 0.00601210352033, 0.00267512211576, 0.00111936160829, 0.000225793657592, 6.76329409544e-06, 9.23894822336e-06],
        "dvar": [0.00205228989944, 0.365054398775, 7.82195854187, 6.39758110046, 1.64132082462, 61.7520217896, 350.594116211, 1385.85913086, 3336.81054688, 2225.82446289, 16844.3320312, 917.124511719, 206.024215698, 2799.85864258, 10199.3994141, 174.465011597, 18.6707611084, 10.4520587921, 5.1733956337, 5.55407810211, 7.57373285294, 6.19603919983, 0.109905943274, 0.170150056481, 0.203144028783, 0.0919113531709, 0.0560413114727, 0.347248405218, 0.0479353107512, 0.0223064869642, 0.0321398042142, 0.00595667818561, 0.0167228132486, 0.00132638460491, 0.000282568042167, 4.23784840677e-05, 5.36733205081e-06, 2.34340447491e-07, 8.33552046831e-11, 9.48817344137e-11],
        "dvar2": [0.00435630697757, 0.718515872955, 13.4751024246, 13.4385404587, 4.3285279274, 173.362075806, 993.264099121, 3407.73803711, 8682.28515625, 5378.20507812, 38987.25, 2115.34350586, 356.342010498, 4432.20507812, 18052.90625, 327.378845215, 34.5847358704, 18.9443092346, 9.74800205231, 8.48601913452, 15.4388923645, 13.8048038483, 0.284436941147, 0.39368468523, 0.503828942776, 0.228010386229, 0.14808088541, 0.968059659004, 0.1373475492, 0.0611634030938, 0.0848611742258, 0.0170559063554, 0.0453723669052, 0.0037702973932, 0.00076010345947, 0.000120444397908, 1.29721593112e-05, 5.52882340799e-07, 1.93738719512e-10, 2.17811740866e-10],
        "max": [0.780359864235, 13.0836610794, 46.7797279358, 35.7351837158, 28.0659790039, 140.364883423, 372.352874756, 978.518066406, 1464.03955078, 1179.64697266, 3514.63745117, 718.693664551, 531.184753418, 3164.38720703, 5524.62939453, 801.880432129, 190.19744873, 114.723121643, 64.5569229126, 93.8664855957, 125.85774231, 114.861572266, 7.38549137115, 9.90326309204, 10.9666099548, 8.89886569977, 4.36038970947, 14.329498291, 5.30145788193, 2.57688164711, 6.00531101227, 1.53752827644, 3.84388113022, 0.878848254681, 0.376535028219, 0.155294150114, 0.0589485354722, 0.0129643483087, 0.000230864156038, 0.000165977704455],
        "mean": [0.0590676516294, 0.635577499866, 2.16989445686, 2.34401035309, 1.73641598225, 7.64759016037, 20.6092357635, 50.1980133057, 54.77891922, 45.7001571655, 127.189659119, 34.5401268005, 8.47321224213, 23.6231880188, 37.3179931641, 6.48780202866, 2.01947402954, 2.17313432693, 1.11126101017, 0.965656876564, 0.587427675724, 0.431682407856, 0.106300055981, 0.116373829544, 0.101008787751, 0.0687150135636, 0.052141983062, 0.0644495338202, 0.0359267406166, 0.030524848029, 0.0273839626461, 0.0159432440996, 0.0143599538133, 0.00738445809111, 0.00420459639281, 0.00219325860962, 0.00100424943957, 0.000151072541485, 1.38453515319e-05, 2.64569262072e-05],
        "median": [0.0182021073997, 0.21834205091, 0.62108951807, 0.838719189167, 0.815661668777, 1.97841155529, 4.82104873657, 10.0221290588, 8.98789024353, 10.4331150055, 3.02991104126, 1.54699826241, 1.21716439724, 1.0075571537, 0.700571238995, 0.545967459679, 0.335469186306, 0.190688282251, 0.163857966661, 0.09329675138, 0.0617679692805, 0.0317052081227, 0.0166188348085, 0.0137712396681, 0.0127631770447, 0.00924660917372, 0.0101717058569, 0.00712589547038, 0.00645516673103, 0.00492596533149, 0.00394015526399, 0.00318156718276, 0.00246539269574, 0.00195542047732, 0.00113793206401, 0.000689680338837, 0.000250732584391, 2.13516232179e-05, 1.00913366623e-05, 1.95593511307e-05],
        "min": [1.82393640612e-22, 1.17371971088e-21, 1.11569644423e-20, 4.41614926936e-20, 1.08712586821e-19, 4.17582454396e-20, 9.02483128864e-20, 1.64857238253e-19, 8.26243468618e-19, 5.08004908188e-19, 8.47721161524e-19, 1.28718588416e-18, 1.76508265882e-18, 1.24076264702e-18, 1.69433431462e-18, 2.45844633457e-18, 1.97630508939e-18, 4.54318239456e-18, 4.91959672256e-18, 1.05496737625e-17, 7.81272750301e-18, 6.58964253286e-18, 1.12272380818e-17, 7.53452350195e-18, 1.09137035424e-17, 1.21827896808e-17, 1.38484965151e-17, 1.28545761434e-17, 1.88319610936e-17, 1.91205462113e-17, 1.65406707968e-17, 1.20126088503e-17, 1.14298146138e-17, 1.15784043759e-17, 7.07209893385e-18, 5.98406277923e-18, 3.09700226371e-18, 1.2045276901e-18, 2.82957549545e-19, 3.28662800369e-20],
        "var": [0.0076315398328, 1.24141514301, 19.3217029572, 14.6389989853, 7.43074083328, 246.213668823, 1531.95056152, 11459.4091797, 13797.8681641, 9661.61816406, 127484.09375, 7817.17333984, 984.265563965, 20129.1269531, 107280.328125, 1805.74682617, 54.6867866516, 54.6966552734, 17.681142807, 24.5736885071, 12.377327919, 9.06291866302, 0.141684621572, 0.256819158792, 0.230206340551, 0.107206977904, 0.0496757999063, 0.229750573635, 0.0347909964621, 0.0181415192783, 0.0278421360999, 0.00439350912347, 0.0124206310138, 0.00101928063668, 0.000237254731474, 3.56593591277e-05, 7.03762088961e-06, 2.5345465815e-07, 1.88196153106e-10, 5.50974321722e-10]
    },
    "gfcc": {
        "mean": [-171.330062866, 176.077804565, -56.7105789185, -12.7362470627, -61.8723068237, -1.84298169613, -33.0629653931, -0.0725121349096, -11.0787830353, 7.94434833527, -4.72847414017, -0.721457242966, -4.84200811386],
        "cov": [[6796.63378906, -67.8802490234, -585.624328613, 149.749801636, -58.2499160767, 247.156829834, 156.938751221, 175.724685669, -104.36870575, -101.167121887, -202.818969727, -41.1786117554, -105.96698761], [-67.8802490234, 748.39666748, 115.182739258, -200.428848267, 152.085754395, -45.1202888489, 64.7543716431, -100.424926758, 68.4469299316, -60.6681251526, 55.920463562, -60.3075561523, 65.1153488159], [-585.624328613, 115.182739258, 916.09942627, 224.335388184, -20.5591411591, 30.8325500488, 40.2796478271, -22.6743526459, -85.9143371582, 83.5182876587, 8.30780696869, 17.0349121094, -8.23194408417], [149.749801636, -200.428848267, 224.335388184, 504.152770996, 77.7175598145, 67.191734314, 21.6647338867, -11.0650367737, -121.254188538, 33.4175720215, 29.209733963, 39.0598907471, -37.7886962891], [-58.2499160767, 152.085754395, -20.5591411591, 77.7175598145, 287.967651367, 93.1703033447, 14.9044504166, -82.5063858032, -53.1944389343, -0.361496150494, 57.2735290527, 29.3779163361, -4.82673549652], [247.156829834, -45.1202888489, 30.8325500488, 67.191734314, 93.1703033447, 237.799407959, 87.5546417236, 3.00235557556, -106.646842957, -25.792974472, -3.202085495, 36.0704917908, -9.38404273987], [156.938751221, 64.7543716431, 40.2796478271, 21.6647338867, 14.9044504166, 87.5546417236, 259.86920166, 140.157089233, 11.7711038589, -96.2159042358, -52.933719635, -21.2882022858, -4.27937936783], [175.724685669, -100.424926758, -22.6743526459, -11.0650367737, -82.5063858032, 3.00235557556, 140.157089233, 363.948638916, 199.291442871, -80.7195053101, -172.772125244, -78.5507659912, -39.4195861816], [-104.36870575, 68.4469299316, -85.9143371582, -121.254188538, -53.1944389343, -106.646842957, 11.7711038589, 199.291442871, 410.912231445, 73.1156463623, -94.0238418579, -153.133956909, -47.4481773376], [-101.167121887, -60.6681251526, 83.5182876587, 33.4175720215, -0.361496150494, -25.792974472, -96.2159042358, -80.7195053101, 73.1156463623, 232.891830444, 97.7456130981, -10.6982727051, -38.5772628784], [-202.818969727, 55.920463562, 8.30780696869, 29.209733963, 57.2735290527, -3.202085495, -52.933719635, -172.772125244, -94.0238418579, 97.7456130981, 221.038665771, 91.514251709, 36.2244720459], [-41.1786117554, -60.3075561523, 17.0349121094, 39.0598907471, 29.3779163361, 36.0704917908, -21.2882022858, -78.5507659912, -153.133956909, -10.6982727051, 91.514251709, 187.777679443, 76.6323928833], [-105.96698761, 65.1153488159, -8.23194408417, -37.7886962891, -4.82673549652, -9.38404273987, -4.27937936783, -39.4195861816, -47.4481773376, -38.5772628784, 36.2244720459, 76.6323928833, 121.494651794]],
        "icov": [[0.000202754148631, -0.00030381346005, 0.000296341400826, -0.000241197136347, 0.000318185600918, -0.000243863716605, -9.90651915345e-06, -0.000134913047077, 0.000242301233811, -0.000353489507688, 0.000393716152757, -0.000195678076125, 0.000222833492444], [-0.00030381346005, 0.00399440387264, -0.00163735239767, 0.00195524375886, -0.00281731272116, 0.00129577005282, -0.00115223077592, 0.00177111662924, -0.0016703348374, 0.00272475252859, -0.00223494344391, 0.00249052396975, -0.00207805610262], [0.000296341400826, -0.00163735239767, 0.00222046440467, -0.00141292531043, 0.00143086211756, -0.000463686184958, -0.000223575829295, -0.000642858212814, 0.00132345885504, -0.00238063884899, 0.00177066947799, -0.000901771418285, 0.000453377957456], [-0.000241197136347, 0.00195524375886, -0.00141292531043, 0.00373961986043, -0.00226539536379, 0.000871963624377, -0.000475983630167, -0.000139716517879, 0.00039426665171, 0.000673899368849, -0.00132905389182, 0.00108824518975, -0.000197816174477], [0.000318185600918, -0.00281731272116, 0.00143086211756, -0.00226539536379, 0.00698468461633, -0.003168749623, 0.000609660812188, 0.00065056461608, -0.00040792467189, -0.000506725278683, 0.000657540920656, -0.00228589074686, 0.00237065809779], [-0.000243863716605, 0.00129577005282, -0.000463686184958, 0.000871963624377, -0.003168749623, 0.00752989156172, -0.00273636705242, -0.000246627954766, 0.00204034871422, -0.00111070799176, 0.000751402520109, 0.000218530549319, -0.000305786554236], [-9.90651915345e-06, -0.00115223077592, -0.000223575829295, -0.000475983630167, 0.000609660812188, -0.00273636705242, 0.00746102584526, -0.00348046445288, 0.000317823549267, 0.00226351479068, -0.00203353352845, 0.00081215670798, 0.000329001952196], [-0.000134913047077, 0.00177111662924, -0.000642858212814, -0.000139716517879, 0.00065056461608, -0.000246627954766, -0.00348046445288, 0.00945829693228, -0.00549509655684, 0.00310656824149, 0.00278438394889, -0.00195158727001, 0.00104022107553], [0.000242301233811, -0.0016703348374, 0.00132345885504, 0.00039426665171, -0.00040792467189, 0.00204034871422, 0.000317823549267, -0.00549509655684, 0.00882604252547, -0.00596896791831, 0.0017081652768, 0.00330022419803, -0.00135076756123], [-0.000353489507688, 0.00272475252859, -0.00238063884899, 0.000673899368849, -0.000506725278683, -0.00111070799176, 0.00226351479068, 0.00310656824149, -0.00596896791831, 0.0126930363476, -0.0068635083735, 0.000936400552746, 0.00241639185697], [0.000393716152757, -0.00223494344391, 0.00177066947799, -0.00132905389182, 0.000657540920656, 0.000751402520109, -0.00203353352845, 0.00278438394889, 0.0017081652768, -0.0068635083735, 0.0129861691967, -0.00517276860774, 4.23336496169e-05], [-0.000195678076125, 0.00249052396975, -0.000901771418285, 0.00108824518975, -0.00228589074686, 0.000218530549319, 0.00081215670798, -0.00195158727001, 0.00330022419803, 0.000936400552746, -0.00517276860774, 0.0138652576134, -0.00752360932529], [0.000222833492444, -0.00207805610262, 0.000453377957456, -0.000197816174477, 0.00237065809779, -0.000305786554236, 0.000329001952196, 0.00104022107553, -0.00135076756123, 0.00241639185697, 4.23336496169e-05, -0.00752360932529, 0.0149003621191]]
    },
    "melbands": {
        "dmean": [0.000245605537202, 0.000460477283923, 0.0001638950489, 0.000111365035991, 0.000223278198973, 0.000321007479215, 0.00025358700077, 0.000154028748511, 0.00022309824999, 4.00447934226e-05, 1.37134820761e-05, 2.47558728006e-05, 2.64824411715e-05, 9.0033881861e-06, 3.84464692615e-06, 1.38627774504e-06, 1.45643321048e-06, 7.91423019564e-07, 8.0847217987e-07, 3.93266304854e-07, 5.19528498444e-07, 3.99588941491e-07, 8.63417781716e-08, 6.59148540194e-08, 7.61940555094e-08, 6.6429883816e-08, 6.34352517181e-08, 3.89434795522e-08, 3.28358389368e-08, 3.66255719086e-08, 4.61914382299e-08, 2.21133458211e-08, 1.65671565355e-08, 1.96172642575e-08, 1.87168325283e-08, 1.32494877292e-08, 9.29044663422e-09, 1.18522534009e-08, 8.3116580285e-09, 5.28502219765e-09],
        "dmean2": [0.000355220749043, 0.000655452604406, 0.000251019198913, 0.000181070761755, 0.000369571644114, 0.000529215205461, 0.000410074018873, 0.000245340022957, 0.000334926065989, 6.03524204053e-05, 1.94794065465e-05, 3.38079262292e-05, 3.66703134205e-05, 1.35399441206e-05, 5.45329385204e-06, 2.19011553781e-06, 2.13374255509e-06, 1.17516310638e-06, 1.03475792912e-06, 5.66654591694e-07, 7.62371882956e-07, 6.18750902959e-07, 1.44830835325e-07, 1.07430302876e-07, 1.16361185576e-07, 1.05482044432e-07, 1.03758999614e-07, 6.28658298751e-08, 5.40416387196e-08, 6.31847001387e-08, 7.96939403358e-08, 3.8292551352e-08, 2.83941421486e-08, 3.33006404674e-08, 3.15558459363e-08, 2.25510703444e-08, 1.62337858711e-08, 2.0333908779e-08, 1.36320075228e-08, 9.30907173569e-09],
        "dvar": [2.7166191785e-07, 1.28653118736e-06, 1.51257822267e-07, 6.4525544019e-08, 3.35047928957e-07, 6.47844274226e-07, 6.72021997161e-07, 3.18315073855e-07, 1.05369213088e-06, 2.35424728601e-08, 6.43520436938e-09, 5.51196635001e-08, 8.10161608911e-08, 1.33654740608e-08, 8.20923329314e-10, 7.09547628985e-11, 5.04453839811e-11, 2.15410397852e-11, 1.89417977831e-11, 5.32841652745e-12, 2.38516376788e-11, 1.67676358909e-11, 1.84531169099e-13, 7.26974429548e-14, 1.35692672376e-13, 1.34244883005e-13, 1.01798676097e-13, 3.14838317906e-14, 2.08449980231e-14, 4.32707119918e-14, 1.47926348905e-13, 1.79960111754e-14, 5.60932449781e-15, 1.1313240553e-14, 1.55449349953e-14, 3.62994360183e-15, 2.3242465488e-15, 1.40798830928e-14, 4.714664582e-15, 8.22979170316e-16],
        "dvar2": [5.37342373264e-07, 2.31770741266e-06, 3.13768936167e-07, 1.79999275929e-07, 9.30431667712e-07, 1.61501725415e-06, 1.75890272658e-06, 7.60677608014e-07, 2.46890408562e-06, 5.46685150482e-08, 1.11372369105e-08, 8.40939406999e-08, 1.3960423928e-07, 2.22630500701e-08, 1.64890523457e-09, 1.48525719501e-10, 8.88203469107e-11, 4.1872373624e-11, 2.89385598817e-11, 1.01423921345e-11, 5.05289941832e-11, 3.84529491582e-11, 5.01045765208e-13, 1.86852920289e-13, 3.12414536515e-13, 3.35999321898e-13, 2.60880970689e-13, 7.6306494489e-14, 5.37615199754e-14, 1.22021614818e-13, 4.07240674559e-13, 5.16891318972e-14, 1.5705274944e-14, 3.07309956833e-14, 4.10161677842e-14, 9.83406607015e-15, 6.84920073809e-15, 4.00939860739e-14, 1.11519739501e-14, 2.46881601466e-15],
        "max": [0.0107964249328, 0.0180551633239, 0.00546680251136, 0.00442842114717, 0.00998894032091, 0.0198667384684, 0.018887007609, 0.0142291495577, 0.0260242633522, 0.00379511225037, 0.00322219496593, 0.0140932211652, 0.0147477500141, 0.00662444951013, 0.00141913082916, 0.000348379428033, 0.000263724301476, 0.000132487373776, 0.000197575282073, 8.76884660101e-05, 0.000233149170526, 0.000192158098798, 1.0441152881e-05, 5.62096010981e-06, 9.21013997868e-06, 1.12828975034e-05, 9.61655223364e-06, 4.84079828311e-06, 2.99023258776e-06, 3.90875993617e-06, 1.01791902125e-05, 3.57188150701e-06, 1.57971055614e-06, 2.39666246671e-06, 4.22842049375e-06, 1.06648451492e-06, 1.13637167942e-06, 4.23787560067e-06, 3.01480486087e-06, 7.75442515533e-07],
        "mean": [0.000634424679447, 0.00107454089448, 0.000389780354453, 0.000280535226921, 0.000666839536279, 0.00113583123311, 0.000809289922472, 0.00052324461285, 0.00102412421256, 0.000152165754116, 3.71108981199e-05, 8.97916252143e-05, 0.000119393269415, 4.1516872443e-05, 9.05531396711e-06, 2.86699810204e-06, 4.24975723945e-06, 1.6713390778e-06, 1.90399907751e-06, 6.5445334485e-07, 7.73255464992e-07, 5.86827241023e-07, 1.0479865864e-07, 8.86121966914e-08, 9.51107139713e-08, 7.46467421209e-08, 6.5345275857e-08, 3.99503576887e-08, 3.20986366376e-08, 3.14991304151e-08, 3.85987419804e-08, 2.01273113731e-08, 1.51803902781e-08, 1.79727894789e-08, 1.65853499823e-08, 1.24611077013e-08, 8.63620641667e-09, 1.06813971001e-08, 8.14078138234e-09, 5.56908075211e-09],
        "median": [0.000215977619519, 0.000388537562685, 0.000158449736773, 8.37439365569e-05, 0.00016306823818, 0.000243596718065, 0.000132032568217, 6.17334371782e-05, 1.6314419554e-05, 7.31228146833e-06, 4.27671375292e-06, 3.22439905176e-06, 2.24178393182e-06, 1.26221527808e-06, 8.7685981498e-07, 3.63764513622e-07, 2.76502106544e-07, 1.90628995256e-07, 1.28446771441e-07, 6.17851796392e-08, 5.66571998206e-08, 2.97045978925e-08, 1.2318157161e-08, 1.17949046086e-08, 9.37809296886e-09, 8.13099632069e-09, 8.38468494635e-09, 4.69112970691e-09, 5.67438140919e-09, 5.16005771445e-09, 3.55032003796e-09, 3.61861096643e-09, 2.62333332834e-09, 2.53648768656e-09, 2.19830131876e-09, 1.8775412336e-09, 1.90968663105e-09, 1.73005176851e-09, 1.55894785969e-09, 1.53248991275e-09],
        "min": [3.08020482876e-24, 3.87494077557e-24, 1.31972611357e-23, 5.82252830446e-24, 3.04109547166e-24, 3.74171242387e-24, 1.3010579569e-23, 5.30237708939e-24, 8.27150714725e-24, 7.67630370565e-24, 8.76433379829e-24, 5.1758698326e-24, 4.66529893879e-24, 6.88145061299e-24, 5.69172806663e-24, 3.77872419982e-24, 8.37939728667e-24, 5.65653855937e-24, 1.51186501995e-23, 8.73223268147e-24, 1.00146357346e-23, 6.43432425191e-24, 7.53842975208e-24, 1.10001486194e-23, 4.9257291393e-24, 7.05343727869e-24, 8.85791952292e-24, 7.86359269518e-24, 7.68848056258e-24, 8.96991410563e-24, 6.756458758e-24, 1.05548153392e-23, 1.06578453066e-23, 1.03412635924e-23, 9.31719828624e-24, 8.7174454838e-24, 6.74036915098e-24, 7.09223898003e-24, 1.04019569727e-23, 8.74716502955e-24],
        "var": [9.90247713162e-07, 3.33886009685e-06, 3.56969366067e-07, 2.47478737947e-07, 1.57623560426e-06, 5.15772353538e-06, 2.81804477709e-06, 1.2747020719e-06, 7.9043002188e-06, 1.98723427047e-07, 2.98376612307e-08, 3.64838484757e-07, 8.03551188255e-07, 1.58920400395e-07, 2.17052820162e-09, 1.34399116836e-10, 2.6967794664e-10, 5.47908211856e-11, 1.1178571957e-10, 1.42950096205e-11, 3.68080531332e-11, 2.32567715086e-11, 1.88857854052e-13, 1.15495232735e-13, 2.01125113742e-13, 1.41597549116e-13, 1.12474299893e-13, 3.75564989806e-14, 2.0327064481e-14, 2.85619340408e-14, 1.01267152758e-13, 1.29720893586e-14, 4.54208077196e-15, 9.22130464841e-15, 1.33208018116e-14, 3.09756687734e-15, 1.53168004352e-15, 9.05651862369e-15, 4.7239815209e-15, 5.60087089724e-16]
    },
    "mfcc": {
        "mean": [-840.300598145, 218.145019531, 50.8193626404, 6.86822414398, -3.70202207565, -2.44491529465, -7.37906217575, -8.32797718048, -3.89941334724, -0.46791011095, 0.141469880939, 4.24611711502, 6.87779664993],
        "cov": [[3876.20166016, 291.863098145, -723.186706543, -70.3334579468, -78.1830749512, 15.2158412933, 35.1792068481, 246.816772461, 138.704421997, 90.3951416016, -1.85977041721, -4.42915010452, -36.2427902222], [291.863098145, 1102.59765625, 74.2720947266, -163.992675781, 36.9161071777, 25.3962001801, 6.65051364899, -9.40664196014, 46.2400360107, -11.7949819565, -11.1755456924, -28.7242164612, -28.4125537872], [-723.186706543, 74.2720947266, 703.488769531, 188.850128174, 31.3971004486, 64.5772018433, 63.1087646484, -45.5856590271, -5.66022825241, 13.3117713928, 7.52790594101, -4.36216020584, -15.6534547806], [-70.3334579468, -163.992675781, 188.850128174, 347.269683838, 78.7554321289, 57.5785369873, 88.5637588501, 13.0198860168, -38.6867027283, -5.96300697327, 16.6066131592, 8.05545520782, 1.46445608139], [-78.1830749512, 36.9161071777, 31.3971004486, 78.7554321289, 181.318984985, 107.001968384, 41.9328651428, -25.5924873352, -49.6443023682, -28.3564586639, -3.58641457558, -0.923320889473, 12.5663824081], [15.2158412933, 25.3962001801, 64.5772018433, 57.5785369873, 107.001968384, 274.438812256, 169.572814941, -57.3135871887, -140.206512451, -78.6286697388, -20.9090900421, -30.2894916534, 1.46618175507], [35.1792068481, 6.65051364899, 63.1087646484, 88.5637588501, 41.9328651428, 169.572814941, 300.733734131, 88.219329834, -98.6714248657, -114.296440125, -77.2059402466, -60.4843254089, 1.04975056648], [246.816772461, -9.40664196014, -45.5856590271, 13.0198860168, -25.5924873352, -57.3135871887, 88.219329834, 283.291381836, 184.631790161, 24.6983184814, -39.7028694153, -2.16054654121, 1.27188801765], [138.704421997, 46.2400360107, -5.66022825241, -38.6867027283, -49.6443023682, -140.206512451, -98.6714248657, 184.631790161, 327.372344971, 172.655548096, 36.7453918457, 41.0606994629, -0.636100590229], [90.3951416016, -11.7949819565, 13.3117713928, -5.96300697327, -28.3564586639, -78.6286697388, -114.296440125, 24.6983184814, 172.655548096, 241.381210327, 138.824432373, 47.0129547119, -17.5089988708], [-1.85977041721, -11.1755456924, 7.52790594101, 16.6066131592, -3.58641457558, -20.9090900421, -77.2059402466, -39.7028694153, 36.7453918457, 138.824432373, 180.000320435, 85.2258529663, -15.6046161652], [-4.42915010452, -28.7242164612, -4.36216020584, 8.05545520782, -0.923320889473, -30.2894916534, -60.4843254089, -2.16054654121, 41.0606994629, 47.0129547119, 85.2258529663, 139.990539551, 53.8750610352], [-36.2427902222, -28.4125537872, -15.6534547806, 1.46445608139, 12.5663824081, 1.46618175507, 1.04975056648, 1.27188801765, -0.636100590229, -17.5089988708, -15.6046161652, 53.8750610352, 128.9581604]],
