{
"lowlevel": {
    "average_loudness": 0.983620643616,
    "barkbands_crest": {
        "dmean": 2.78676557541,
        "dmean2": 4.69990062714,
        "dvar": 8.34906387329,
        "dvar2": 22.709072113,
        "max": 25.4310741425,
        "mean": 16.9321784973,
        "median": 17.3178310394,
        "min": 5.64516496658,
        "var": 14.3327884674
    },
    "barkbands_flatness_db": {
        "dmean": 0.0395241491497,
        "dmean2": 0.0602049604058,
        "dvar": 0.00142445135862,
        "dvar2": 0.00324745010585,
        "max": 0.649544894695,
        "mean": 0.294695794582,
        "median": 0.28397628665,
        "min": 0.127885177732,
        "var": 0.00575044192374
    },
    "barkbands_kurtosis": {
        "dmean": 25.4300384521,
        "dmean2": 40.1403656006,
        "dvar": 1764.7265625,
        "dvar2": 3968.16845703,
        "max": 527.70489502,
        "mean": 41.0158958435,
        "median": 20.0696430206,
        "min": -1.8475382328,
        "var": 3420.1550293
    },
    "barkbands_skewness": {
        "dmean": 1.49733924866,
        "dmean2": 2.35412526131,
        "dvar": 2.81310343742,
        "dvar2": 6.45620155334,
        "max": 16.524356842,
        "mean": 4.5519323349,
        "median": 3.87153935432,
        "min": -0.474697232246,
        "var": 7.30566501617
    },
    "barkbands_spread": {
        "dmean": 3.44378256798,
        "dmean2": 5.20046710968,
        "dvar": 19.1694927216,
        "dvar2": 38.0439872742,
        "max": 105.424407959,
        "mean": 8.63171958923,
        "median": 5.9122633934,
        "min": 0.206821858883,
        "var": 82.2604904175
    },
    "dissonance": {
        "dmean": 0.029879424721,
        "dmean2": 0.0488506779075,
        "dvar": 0.00097721000202,
        "dvar2": 0.00249238219112,
        "max": 0.499999850988,
        "mean": 0.44589844346,
        "median": 0.459193974733,
        "min": 0.175225287676,
        "var": 0.00199329876341
    },
    "dynamic_complexity": 2.77413964272,
    "erbbands_crest": {
        "dmean": 3.32648825645,
        "dmean2": 5.34778881073,
        "dvar": 10.0013570786,
        "dvar2": 23.6916751862,
        "max": 29.4908943176,
        "mean": 10.2823953629,
        "median": 9.01253223419,
        "min": 2.80855512619,
        "var": 25.9149932861
    },
    "erbbands_flatness_db": {
        "dmean": 0.0248686224222,
        "dmean2": 0.0367184206843,
        "dvar": 0.000579821295105,
        "dvar2": 0.00114019936882,
        "max": 0.347737014294,
        "mean": 0.178684085608,
        "median": 0.173123463988,
        "min": 0.0898039713502,
        "var": 0.00199315487407
    },
    "erbbands_kurtosis": {
        "dmean": 1.94825160503,
        "dmean2": 3.09121608734,
        "dvar": 6.91305208206,
        "dvar2": 15.6264839172,
        "max": 46.8203163147,
        "mean": 1.44940781593,
        "median": 0.377751588821,
        "min": -1.91449463367,
        "var": 11.8871622086
    },
    "erbbands_skewness": {
        "dmean": 0.627540051937,
        "dmean2": 0.927324712276,
        "dvar": 0.361774593592,
        "dvar2": 0.761838793755,
        "max": 5.68884277344,
        "mean": 0.423719465733,
        "median": 0.415926784277,
        "min": -3.94464206696,
        "var": 1.25169336796
    },
    "erbbands_spread": {
        "dmean": 17.0036773682,
        "dmean2": 26.6089363098,
        "dvar": 389.57019043,
        "dvar2": 848.692382812,
        "max": 193.266021729,
        "mean": 49.8256835938,
        "median": 41.6783103943,
        "min": 3.94448900223,
        "var": 975.727661133
    },
    "hfc": {
        "dmean": 5.3711180687,
        "dmean2": 8.03439426422,
        "dvar": 53.6903915405,
        "dvar2": 125.207763672,
        "max": 75.8261642456,
        "mean": 13.4624729156,
        "median": 11.5252714157,
        "min": 9.80947661446e-05,
        "var": 94.2185668945
    },
    "melbands_crest": {
        "dmean": 3.356569767,
        "dmean2": 5.48643112183,
        "dvar": 14.678278923,
        "dvar2": 34.9283676147,
        "max": 37.8290481567,
        "mean": 25.0365276337,
        "median": 25.5207977295,
        "min": 8.63402175903,
        "var": 46.3260803223
    },
    "melbands_flatness_db": {
        "dmean": 0.0455150604248,
        "dmean2": 0.0678112134337,
        "dvar": 0.00195079878904,
        "dvar2": 0.0043134954758,
        "max": 0.751817822456,
        "mean": 0.363366961479,
        "median": 0.353759437799,
        "min": 0.108517222106,
        "var": 0.00776787335053
    },
    "melbands_kurtosis": {
        "dmean": 64.9133682251,
        "dmean2": 103.795753479,
        "dvar": 16078.3994141,
        "dvar2": 34453.8828125,
        "max": 2730.70654297,
        "mean": 110.021606445,
        "median": 50.3000259399,
        "min": -1.27427315712,
        "var": 33350.234375
    },
    "melbands_skewness": {
        "dmean": 2.2102804184,
        "dmean2": 3.47293329239,
        "dvar": 7.63375520706,
        "dvar2": 16.8305530548,
        "max": 38.0835075378,
        "mean": 6.91354799271,
        "median": 5.56161165237,
        "min": 0.30994489789,
        "var": 20.5055675507
    },
    "melbands_spread": {
        "dmean": 2.55251812935,
        "dmean2": 3.99740338326,
        "dvar": 14.7239484787,
        "dvar2": 36.0405883789,
        "max": 128.95980835,
        "mean": 6.05027627945,
        "median": 4.03024196625,
        "min": 0.121761009097,
        "var": 43.6864242554
    },
    "pitch_salience": {
        "dmean": 0.0877840816975,
        "dmean2": 0.143484950066,
        "dvar": 0.00898229144514,
        "dvar2": 0.0216744430363,
        "max": 0.788222432137,
        "mean": 0.348978579044,
        "median": 0.336142301559,
        "min": 0.0812958553433,
        "var": 0.0204770751297
    },
    "silence_rate_20dB": {
        "dmean": 0,
        "dmean2": 0,
        "dvar": 0,
        "dvar2": 0,
        "max": 1,
        "mean": 1,
        "median": 1,
        "min": 1,
        "var": 0
    },
    "silence_rate_30dB": {
        "dmean": 0.126160994172,
        "dmean2": 0.252419680357,
        "dvar": 0.110244452953,
        "dvar2": 0.211935520172,
        "max": 1,
        "mean": 0.723404228687,
        "median": 1,
        "min": 0,
        "var": 0.200091898441
    },
    "silence_rate_60dB": {
        "dmean": 0.000773993786424,
        "dmean2": 0.00154858687893,
        "dvar": 0.000773391802795,
        "dvar2": 0.00154617498629,
        "max": 1,
        "mean": 0.0100580267608,
        "median": 0,
        "min": 0,
        "var": 0.00995678734034
    },
    "spectral_centroid": {
        "dmean": 303.89666748,
        "dmean2": 446.084991455,
        "dvar": 141738.890625,
        "dvar2": 254158.375,
        "max": 4473.35791016,
        "mean": 918.639648438,
        "median": 713.37097168,
        "min": 102.030960083,
        "var": 484092.875
    },
    "spectral_complexity": {
        "dmean": 3.15479874611,
        "dmean2": 4.92295789719,
        "dvar": 19.8917255402,
        "dvar2": 41.891494751,
        "max": 47,
        "mean": 10.2232112885,
        "median": 9,
        "min": 0,
        "var": 46.5201034546
    },
    "spectral_decrease": {
        "dmean": 7.96503840661e-09,
        "dmean2": 1.27409789386e-08,
        "dvar": 1.35777885902e-16,
        "dvar2": 2.97992596531e-16,
        "max": -3.59502060282e-13,
        "mean": -2.15663291669e-08,
        "median": -1.48175693937e-08,
        "min": -8.63379696625e-08,
        "var": 2.67033648188e-16
    },
    "spectral_energy": {
        "dmean": 0.0303506739438,
        "dmean2": 0.0485644862056,
        "dvar": 0.00196771556512,
        "dvar2": 0.00430839369074,
        "max": 0.328483015299,
        "mean": 0.0826175138354,
        "median": 0.0568236112595,
        "min": 1.36573578402e-06,
        "var": 0.00386590347625
    },
    "spectral_energyband_high": {
        "dmean": 0.000243023285293,
        "dmean2": 0.000345623353496,
        "dvar": 1.94951113031e-07,
        "dvar2": 3.81175141229e-07,
        "max": 0.00879523809999,
        "mean": 0.000387747189961,
        "median": 0.000121986005979,
        "min": 1.25698085274e-09,
        "var": 4.0529511125e-07
    },
    "spectral_energyband_low": {
        "dmean": 0.0272944327444,
        "dmean2": 0.0435807183385,
        "dvar": 0.00168950471561,
        "dvar2": 0.00390557502396,
        "max": 0.308551549911,
        "mean": 0.0677365660667,
        "median": 0.046555608511,
        "min": 1.23456459278e-06,
        "var": 0.00304113910533
    },
    "spectral_energyband_middle_high": {
        "dmean": 0.00122042850126,
        "dmean2": 0.00190675270278,
        "dvar": 3.63900244338e-06,
        "dvar2": 9.09276695893e-06,
        "max": 0.0212267488241,
        "mean": 0.0025931163691,
        "median": 0.00118697714061,
        "min": 1.53456163332e-08,
        "var": 1.07817177195e-05
    },
    "spectral_energyband_middle_low": {
        "dmean": 0.00937559362501,
        "dmean2": 0.0159832406789,
        "dvar": 0.000367904722225,
        "dvar2": 0.000956591917202,
        "max": 0.152672797441,
        "mean": 0.0120061859488,
        "median": 0.00600846670568,
        "min": 1.09981224128e-08,
        "var": 0.000329940929078
    },
    "spectral_entropy": {
        "dmean": 0.325656235218,
        "dmean2": 0.48796248436,
        "dvar": 0.116738632321,
        "dvar2": 0.219607114792,
        "max": 8.54662036896,
        "mean": 7.20695257187,
        "median": 7.22346830368,
        "min": 5.0050444603,
        "var": 0.390848904848
    },
    "spectral_flux": {
        "dmean": 0.0492556281388,
        "dmean2": 0.076344422996,
        "dvar": 0.00381372915581,
        "dvar2": 0.00743780145422,
        "max": 0.463525027037,
        "mean": 0.125276252627,
        "median": 0.0860995724797,
        "min": 0.00116864696611,
        "var": 0.00968652777374
    },
    "spectral_kurtosis": {
        "dmean": 2.8887720108,
        "dmean2": 4.75307321548,
        "dvar": 17.4099216461,
        "dvar2": 42.9200172424,
        "max": 69.2346878052,
        "mean": 4.63156270981,
        "median": 2.91222476959,
        "min": -1.41654324532,
        "var": 34.5984573364
    },
    "spectral_rms": {
        "dmean": 0.00146808219142,
        "dmean2": 0.00233873864636,
        "dvar": 3.66269955521e-06,
        "dvar2": 7.81595190347e-06,
        "max": 0.0179017111659,
        "mean": 0.00843540672213,
        "median": 0.00744564784691,
        "min": 3.65023988707e-05,
        "var": 9.44642852119e-06
    },
    "spectral_rolloff": {
        "dmean": 125.556816101,
        "dmean2": 215.197860718,
        "dvar": 106943.765625,
        "dvar2": 242263.3125,
        "max": 9108.54492188,
        "mean": 287.052062988,
        "median": 129.19921875,
        "min": 43.06640625,
        "var": 322442.875
    },
    "spectral_skewness": {
        "dmean": 0.419372260571,
        "dmean2": 0.648449778557,
        "dvar": 0.215834036469,
        "dvar2": 0.453048735857,
        "max": 6.44908285141,
        "mean": 1.52333498001,
        "median": 1.41527748108,
        "min": -0.564509570599,
        "var": 0.673111021519
    },
    "spectral_spread": {
        "dmean": 848997.9375,
        "dmean2": 1257118.625,
        "dvar": 1.04021419622e+12,
        "dvar2": 1.93175630643e+12,
        "max": 15912531,
        "mean": 4601140.5,
        "median": 4355236.5,
        "min": 1170155.75,
        "var": 3.08466968166e+12
    },
    "spectral_strongpeak": {
        "dmean": 0.164046272635,
        "dmean2": 0.279982417822,
        "dvar": 0.0793565660715,
        "dvar2": 0.208961069584,
        "max": 4.52244186401,
        "mean": 0.437600344419,
        "median": 0.387268275023,
        "min": 0,
        "var": 0.0835041478276
    },
    "zerocrossingrate": {
        "dmean": 0.00539735984057,
        "dmean2": 0.00642610620707,
        "dvar": 3.4104075894e-05,
        "dvar2": 4.24364770879e-05,
        "max": 0.21728515625,
        "mean": 0.018824800849,
        "median": 0.015625,
        "min": 0.00146484375,
        "var": 0.000250468641752
    },
    "barkbands": {
        "dmean": [0.00732510816306, 0.0224439557642, 0.00577728589997, 0.00342177203856, 0.00532991997898, 0.00154000543989, 0.000591884832829, 0.000296086218441, 0.000250130600762, 0.000370762834791, 0.0004260695423, 0.000185589145985, 0.000182167772437, 0.000134799440275, 0.000174006374436, 0.000109595610411, 6.08217014815e-05, 7.69880862208e-05, 8.07794858702e-05, 6.62505772198e-05, 5.66303060623e-05, 6.0914302594e-05, 5.4529922636e-05, 5.20309222338e-05, 1.50189907799e-05, 1.48552983248e-08, 2.61675370261e-09],
        "dmean2": [0.0118062328547, 0.0362044982612, 0.00934666581452, 0.00577609054744, 0.00957258138806, 0.00265849055722, 0.00097475288203, 0.000511248013936, 0.000415356829762, 0.00060356897302, 0.000673194241244, 0.000290132331429, 0.000304176355712, 0.000226018280955, 0.000271727854852, 0.000182008778211, 9.7857649962e-05, 0.000120278680697, 0.00012292136671, 0.000106005427369, 7.91648999439e-05, 8.81242740434e-05, 7.86351738498e-05, 7.88296820247e-05, 2.12029353861e-05, 2.390101983e-08, 4.79732031877e-09],
        "dvar": [0.000143861077959, 0.00128861574922, 0.000176472225576, 5.06633077748e-05, 0.000191742903553, 1.00509041658e-05, 1.43378963458e-06, 5.0127079021e-07, 3.99765696102e-07, 8.32523539884e-07, 1.09096686174e-06, 2.68087433142e-07, 3.22316424217e-07, 1.03529778528e-07, 2.36918779706e-07, 8.159424425e-08, 2.56856704794e-08, 2.95664008831e-08, 2.65763215879e-08, 1.75729883978e-08, 1.02593906703e-08, 2.08346353503e-08, 1.87511499661e-08, 1.19652616704e-08, 1.1257070831e-09, 8.57407883248e-16, 2.09957067573e-17],
        "dvar2": [0.000380000186851, 0.00325150392018, 0.000431642285548, 0.000137767812703, 0.000536509556696, 2.78731968137e-05, 3.48567982655e-06, 1.29650788949e-06, 1.04545597424e-06, 2.0579050215e-06, 2.5302033464e-06, 5.7854674651e-07, 8.68428799095e-07, 2.52689062563e-07, 5.51615698896e-07, 2.02837128427e-07, 6.31186622968e-08, 6.39280202108e-08, 6.04900591838e-08, 4.10778255855e-08, 2.0447721738e-08, 4.65342111511e-08, 3.88627583447e-08, 2.58798795727e-08, 2.1735890865e-09, 1.90790656182e-15, 6.47694132506e-17],
        "max": [0.106020048261, 0.276132255793, 0.118983849883, 0.0708823800087, 0.115209840238, 0.0410029478371, 0.0201856866479, 0.0091558592394, 0.0156167829409, 0.013158980757, 0.0157512836158, 0.0121532408521, 0.00845546647906, 0.00555561902002, 0.00750953704119, 0.00379523914307, 0.00301816570573, 0.00387579156086, 0.00357903330587, 0.00174936233088, 0.00134053523652, 0.00253045884892, 0.00340298982337, 0.00222899974324, 0.000701657263562, 5.1357983466e-07, 1.00325486585e-07],
        "mean": [0.0105841774493, 0.050055988133, 0.00708928517997, 0.00417028926313, 0.00434515532106, 0.00190410262439, 0.000803204777185, 0.000279894302366, 0.000313939497573, 0.000503775314428, 0.000839711516164, 0.000280158070382, 0.00020881195087, 0.000158172639203, 0.000219118708628, 0.00012360830442, 7.79192123446e-05, 0.000112668298243, 0.000118287483929, 8.99318329175e-05, 7.77031382313e-05, 8.21770881885e-05, 7.98683249741e-05, 7.74023355916e-05, 2.21913032874e-05, 1.94105957974e-08, 2.16865547742e-09],
        "median": [0.00686570256948, 0.0356506183743, 0.00246432935819, 0.00118905864656, 0.000860370870214, 0.000734438362997, 0.000212398677832, 5.31230980414e-05, 8.30152566778e-05, 7.68037207308e-05, 7.89796104073e-05, 4.56560192106e-05, 5.0321847084e-05, 4.87237266498e-05, 4.56397065136e-05, 2.84940597339e-05, 2.09350782825e-05, 3.14479621011e-05, 4.97511755384e-05, 3.54347248503e-05, 2.34980707319e-05, 2.09505687963e-05, 1.8571057808e-05, 2.01471648325e-05, 5.39111624676e-06, 6.62908039573e-09, 7.38438032943e-10],
        "min": [3.75507937633e-07, 9.42956262406e-07, 1.97643075239e-08, 3.01206948272e-09, 4.16595957731e-09, 3.70974057029e-10, 2.71632438764e-10, 1.42907496947e-09, 1.59769808494e-09, 7.25802751234e-10, 2.03685845968e-09, 2.50303666682e-09, 5.60743951272e-10, 9.41045796843e-10, 5.16356957192e-10, 2.76662776022e-10, 3.83986342722e-10, 6.63462007555e-10, 5.5272308952e-10, 2.8341406999e-10, 3.54571288996e-10, 2.8072055791e-10, 2.32319274929e-10, 2.09022396613e-10, 2.61240733906e-11, 4.4144804999e-12, 5.33336135672e-12],
        "var": [0.000200227339519, 0.00180320150685, 0.000178027388756, 5.06660398969e-05, 0.000124924335978, 9.58425880526e-06, 2.9578293379e-06, 4.84072984364e-07, 4.4284172418e-07, 1.46676268287e-06, 4.58607746623e-06, 8.11187646832e-07, 3.12177320438e-07, 1.23013265352e-07, 3.63947663118e-07, 1.03353023917e-07, 3.54733877828e-08, 6.20244193783e-08, 4.18067997998e-08, 2.52102196896e-08, 1.73685563709e-08, 3.12278061187e-08, 3.372095847e-08, 2.43243682974e-08, 2.73914979587e-09, 1.54845246055e-15, 1.64815406179e-17]
    },
    "erbbands": {
        "dmean": [0.946132719517, 4.6510181427, 7.27214574814, 8.12526416779, 15.4997520447, 18.6160907745, 14.9142379761, 11.2333488464, 8.08141803741, 9.48587226868, 5.28404092789, 5.37946081161, 10.9084472656, 12.3254337311, 14.4191026688, 8.21656894684, 8.34938716888, 7.08149003983, 7.45039272308, 8.35880184174, 4.99734163284, 3.34854364395, 3.27383208275, 4.60115814209, 3.50995230675, 2.943120718, 2.86870479584, 1.96020317078, 2.11090660095, 2.05866074562, 1.4796282053, 1.15373337269, 0.847277462482, 0.329188168049, 0.0242081079632, 0.00106849137228, 6.04489650868e-05, 8.70806525199e-06, 1.43629158629e-05, 3.30156144628e-05],
        "dmean2": [1.57221412659, 7.45759296417, 11.5016288757, 13.2011547089, 27.0090465546, 33.5947647095, 26.6779003143, 19.1354999542, 13.3683052063, 15.7440185547, 8.98978233337, 8.98608493805, 17.5677108765, 19.3595733643, 21.9471244812, 13.0238685608, 13.8644170761, 11.8395862579, 11.877573967, 13.3097343445, 8.08001041412, 5.24239969254, 4.9587187767, 7.0171957016, 5.21581506729, 4.63153362274, 4.27561950684, 2.69151473045, 3.04391479492, 3.03156971931, 2.14707899094, 1.77449023724, 1.28883099556, 0.465401500463, 0.0352753922343, 0.00154491723515, 8.61417356646e-05, 1.27391404021e-05, 2.26679567277e-05, 5.28328091605e-05],
        "dvar": [2.227414608, 67.5077896118, 263.309051514, 267.403106689, 1325.13977051, 2459.77661133, 1383.08569336, 509.053588867, 302.937408447, 392.033843994, 153.686431885, 171.310256958, 856.438476562, 647.066833496, 1220.77978516, 559.099975586, 677.239440918, 320.835693359, 500.641204834, 499.4949646, 201.804824829, 72.0057449341, 42.4974136353, 101.685974121, 59.9410552979, 38.1574401855, 26.0405960083, 12.1251964569, 21.1071376801, 41.0046272278, 10.9397296906, 5.40259790421, 4.71030473709, 0.495970070362, 0.00299474853091, 5.48797424926e-06, 1.34483206793e-08, 2.48968012873e-10, 3.80206699457e-10, 2.29954610909e-09],
        "dvar2": [5.82398509979, 168.083358765, 639.617126465, 685.436584473, 3639.0546875, 6974.24462891, 3904.34179688, 1354.64208984, 711.798217773, 996.624450684, 396.733123779, 430.260681152, 2123.74902344, 1514.05847168, 2749.82324219, 1233.05126953, 1817.86328125, 831.166931152, 1190.95654297, 1139.0838623, 492.658203125, 174.227828979, 85.3593902588, 226.895904541, 136.540679932, 89.9117126465, 59.0665512085, 23.2783412933, 46.1509895325, 94.5627059937, 22.0835857391, 11.2795886993, 10.606965065, 0.938424289227, 0.00614836672321, 1.10238206616e-05, 2.57275125648e-08, 4.83441897625e-10, 8.1420575837e-10, 5.0101292004e-09],
        "max": [11.5319013596, 64.33203125, 140.586837769, 159.852401733, 327.529327393, 431.788665771, 323.25894165, 369.017730713, 326.229858398, 299.188720703, 170.483474731, 279.093475342, 467.334228516, 473.24041748, 502.99621582, 607.529418945, 377.368682861, 211.213195801, 384.393096924, 376.560333252, 199.547836304, 135.911422729, 143.35546875, 245.597686768, 234.578445435, 67.4066543579, 46.2587051392, 51.9951210022, 84.8947143555, 179.520294189, 70.4765090942, 42.931224823, 49.8413124084, 13.0723896027, 1.52254652977, 0.0626575797796, 0.00270042032935, 0.000323984131683, 0.00014696137805, 0.000355570518877],
        "mean": [2.01550078392, 8.7724571228, 10.6524419785, 10.73320961, 14.887342453, 15.1636590958, 14.115603447, 14.9814128876, 11.0326623917, 11.356007576, 5.59372901917, 7.15280485153, 14.1758537292, 21.0479106903, 26.7996063232, 13.2052440643, 10.1269407272, 8.77818965912, 9.8649187088, 10.625538826, 5.9986371994, 4.5314412117, 4.968998909, 7.13611507416, 5.39468288422, 4.11585235596, 3.88262844086, 2.68416547775, 2.81611633301, 2.85807752609, 2.18340301514, 1.67613470554, 1.23516201973, 0.494494140148, 0.0362221710384, 0.00165078998543, 0.000112751331471, 1.58292186825e-05, 4.02213190682e-05, 9.10799353733e-05],
        "median": [1.72213029861, 5.90261411667, 5.06665420532, 3.98841643333, 3.78114628792, 2.91227841377, 4.30581760406, 6.27684879303, 3.22589564323, 2.79497551918, 1.50327837467, 2.09311056137, 2.82670640945, 4.37896442413, 4.01642656326, 3.13156652451, 3.0481402874, 2.83368730545, 2.40159797668, 2.58268213272, 1.56766653061, 1.27585041523, 1.60839343071, 2.39428591728, 2.36583852768, 1.58056008816, 1.2489387989, 0.794161915779, 0.775879383087, 0.620332956314, 0.533376574516, 0.42385995388, 0.309245824814, 0.126649901271, 0.00836583785713, 0.000427968247095, 5.4548108892e-05, 7.64669130149e-06, 2.94551628031e-05, 6.31800940027e-05],
        "min": [4.49419530923e-05, 0.000142029326526, 6.76272102282e-05, 9.96802646114e-06, 1.62632240972e-05, 1.06572406366e-05, 4.91572518513e-06, 3.83616998079e-06, 2.70488158094e-06, 7.06348600943e-06, 5.37070882274e-05, 2.93440352834e-05, 1.27371686176e-05, 5.92089163547e-05, 8.15007879282e-05, 9.68023232417e-05, 7.85932134022e-05, 5.6213219068e-05, 2.05715732591e-05, 1.87939476746e-05, 3.58318720828e-05, 2.55074101005e-05, 4.26701481047e-05, 2.48553351412e-05, 2.36279120145e-05, 1.44437635754e-05, 1.50301111717e-05, 1.05933841041e-05, 1.21620096252e-05, 1.16532937682e-05, 4.56473026134e-06, 3.97657277063e-06, 2.75931188298e-06, 7.57852660627e-07, 7.72097124013e-08, 1.97287466364e-08, 8.29692048399e-09, 2.91508883699e-09, 1.28317489967e-09, 1.55862223128e-09],
        "var": [3.08566975594, 84.5431060791, 280.493988037, 286.853881836, 999.755004883, 1567.2310791, 942.292541504, 572.17956543, 604.673278809, 599.761779785, 149.160369873, 223.455535889, 1269.29650879, 1768.28491211, 4228.95458984, 1634.5402832, 667.890441895, 346.067077637, 846.008911133, 722.65222168, 231.032669067, 106.96887207, 93.9080810547, 231.920166016, 95.7850189209, 53.3662490845, 37.7854957581, 21.5807495117, 32.9688568115, 54.2465858459, 22.2006187439, 10.6206064224, 8.92486095428, 1.23192358017, 0.00727947382256, 1.37383904075e-05, 3.55310092459e-08, 6.37089492272e-10, 7.63646479385e-10, 4.50015535947e-09]
    },
    "gfcc": {
        "mean": [-53.0515823364, 137.861404419, -96.7860717773, 73.0454406738, -48.9233360291, 33.5619392395, -17.5501155853, 2.19803309441, -4.81222295761, -12.7519798279, 17.0820636749, -14.4916467667, 14.6166133881],
        "cov": [[4686.96533203, -327.81463623, -918.482788086, 67.2760925293, -625.61907959, 136.512039185, -381.65447998, 26.7380886078, -119.679786682, -61.1514129639, -221.53704834, -105.713401794, -98.0159225464], [-327.81463623, 1424.88366699, -172.453796387, -706.814941406, 327.253631592, -455.511260986, 120.224830627, -123.667457581, -31.4993629456, -163.510894775, 41.9962615967, -127.803710938, 0.763265252113], [-918.482788086, -172.453796387, 985.528137207, 275.972625732, -135.824890137, 35.5255737305, -32.169834137, -110.652549744, -0.910825192928, 25.7220458984, -2.51067090034, 19.3012695312, -8.08039665222], [67.2760925293, -706.814941406, 275.972625732, 624.749694824, -110.658828735, 80.4778671265, -88.143409729, -4.7401471138, 39.4626731873, 45.0086860657, -43.3646011353, 34.9614562988, 7.82264661789], [-625.61907959, 327.253631592, -135.824890137, -110.658828735, 464.334411621, -102.977165222, 125.733253479, -0.237027898431, 18.92237854, -43.6126747131, 57.0565795898, -13.9624519348, 38.5655059814], [136.512039185, -455.511260986, 35.5255737305, 80.4778671265, -102.977165222, 386.049285889, 44.3962478638, -8.64040184021, -47.5018424988, 28.1550350189, -31.1189498901, 35.3927688599, -17.5037441254], [-381.65447998, 120.224830627, -32.169834137, -88.143409729, 125.733253479, 44.3962478638, 221.593826294, -4.31494808197, -29.734287262, -30.9161205292, 33.5526161194, 4.89128637314, 11.6181755066], [26.7380886078, -123.667457581, -110.652549744, -4.7401471138, -0.237027898431, -8.64040184021, -4.31494808197, 155.54335022, 37.273109436, 16.7811889648, 6.1666560173, 14.4058256149, 7.63108301163], [-119.679786682, -31.4993629456, -0.910825192928, 39.4626731873, 18.92237854, -47.5018424988, -29.734287262, 37.273109436, 120.859519958, 46.6804428101, 5.95030021667, 5.49521827698, 4.96149015427], [-61.1514129639, -163.510894775, 25.7220458984, 45.0086860657, -43.6126747131, 28.1550350189, -30.9161205292, 16.7811889648, 46.6804428101, 128.939544678, 51.778591156, 12.3776788712, -0.389675110579], [-221.53704834, 41.9962615967, -2.51067090034, -43.3646011353, 57.0565795898, -31.1189498901, 33.5526161194, 6.1666560173, 5.95030021667, 51.778591156, 114.335021973, 38.0375404358, 8.46649646759], [-105.713401794, -127.803710938, 19.3012695312, 34.9614562988, -13.9624519348, 35.3927688599, 4.89128637314, 14.4058256149, 5.49521827698, 12.3776788712, 38.0375404358, 93.9599533081, 30.8674316406], [-98.0159225464, 0.763265252113, -8.08039665222, 7.82264661789, 38.5655059814, -17.5037441254, 11.6181755066, 7.63108301163, 4.96149015427, -0.389675110579, 8.46649646759, 30.8674316406, 75.6281967163]],
        "icov": [[0.000565611873753, -0.00111014535651, 0.000825956463814, -0.00125909247436, 0.000905701308511, -0.00104407279287, 0.000871821190231, -0.00058610655833, 0.000662357313558, -0.000372670590878, 0.000256190629443, -0.000152556502144, 0.00017265958013], [-0.00111014535651, 0.0249929018319, -0.00374782481231, 0.0238707959652, -0.00516058504581, 0.0207739081234, -0.00528340879828, 0.017976867035, -0.00717293797061, 0.0171319264919, -0.00571230612695, 0.0150427855551, -0.00306455953978], [0.000825956463814, -0.00374782481231, 0.00272892834619, -0.00440151011571, 0.00202654721215, -0.00317996041849, 0.00139366497751, -0.00144482171163, 0.00131388462614, -0.00198209937662, 0.000492961436976, -0.0016336387489, 0.000532589794602], [-0.00125909247436, 0.0238707959652, -0.00440151011571, 0.0250530634075, -0.00530332233757, 0.0195990242064, -0.00472095003352, 0.0169613528997, -0.00732679013163, 0.0154237989336, -0.00410995492712, 0.013166247867, -0.00303366174921], [0.000905701308511, -0.00516058504581, 0.00202654721215, -0.00530332233757, 0.00546201132238, -0.00417198752984, 0.000443627068307, -0.00300680170767, 0.000325932778651, -0.000879304425325, -0.00149998592678, -0.000535959319677, -0.00116388720926], [-0.00104407279287, 0.0207739081234, -0.00317996041849, 0.0195990242064, -0.00417198752984, 0.0213749706745, -0.00630668364465, 0.0149686699733, -0.00375625607558, 0.0110461786389, -0.00119158776943, 0.00929951108992, -0.000755590619519], [0.000871821190231, -0.00528340879828, 0.00139366497751, -0.00472095003352, 0.000443627068307, -0.00630668364465, 0.00861563626677, -0.00386075349525, 0.00228529237211, -0.000858525279909, -0.00162048218772, -0.00145640340634, -0.000177930865902], [-0.00058610655833, 0.017976867035, -0.00144482171163, 0.0169613528997, -0.00300680170767, 0.0149686699733, -0.00386075349525, 0.0208280198276, -0.00736903958023, 0.0123058659956, -0.00407551322132, 0.00995579920709, -0.002420963021], [0.000662357313558, -0.00717293797061, 0.00131388462614, -0.00732679013163, 0.000325932778651, -0.00375625607558, 0.00228529237211, -0.00736903958023, 0.0150478016585, -0.0112999211997, 0.00609706621617, -0.00665485998616, 0.00217415415682], [-0.000372670590878, 0.0171319264919, -0.00198209937662, 0.0154237989336, -0.000879304425325, 0.0110461786389, -0.000858525279909, 0.0123058659956, -0.0112999211997, 0.0285745412111, -0.0155460154638, 0.0160881932825, -0.00450531579554], [0.000256190629443, -0.00571230612695, 0.000492961436976, -0.00410995492712, -0.00149998592678, -0.00119158776943, -0.00162048218772, -0.00407551322132, 0.00609706621617, -0.0155460154638, 0.0218906905502, -0.0138451876119, 0.00473688961938], [-0.000152556502144, 0.0150427855551, -0.0016336387489, 0.013166247867, -0.000535959319677, 0.00929951108992, -0.00145640340634, 0.00995579920709, -0.00665485998616, 0.0160881932825, -0.0138451876119, 0.0284205395728, -0.00977146904916], [0.00017265958013, -0.00306455953978, 0.000532589794602, -0.00303366174921, -0.00116388720926, -0.000755590619519, -0.000177930865902, -0.002420963021, 0.00217415415682, -0.00450531579554, 0.00473688961938, -0.00977146904916, 0.0178302805871]]
    },
    "melbands": {
        "dmean": [0.00709764799103, 0.00437819072977, 0.00159817468375, 0.00127073551994, 0.000566774629988, 0.000257412757492, 0.000122255718452, 9.66739535215e-05, 3.9971593651e-05, 3.52855859092e-05, 5.62411514693e-05, 5.11274192831e-05, 6.12855510553e-05, 2.35254756262e-05, 1.81594732567e-05, 1.80302304216e-05, 1.32713612402e-05, 1.2044883988e-05, 1.23226263895e-05, 9.32639431994e-06, 5.81206995776e-06, 3.82607959182e-06, 2.90387515633e-06, 3.80342726203e-06, 3.97929534302e-06, 3.03302272187e-06, 2.2204758352e-06, 2.03713648261e-06, 2.01116108656e-06, 1.42001078984e-06, 1.07279788608e-06, 1.11934753022e-06, 1.37248389365e-06, 1.1207227999e-06, 8.30935618978e-07, 8.77151762779e-07, 6.4034065872e-07, 6.24058827725e-07, 5.093972959e-07, 2.15968526618e-07],
        "dmean2": [0.0116562293842, 0.00674706976861, 0.00256366236135, 0.00228173751384, 0.00101803650614, 0.000439420575276, 0.000200746828341, 0.000161552365171, 6.68314678478e-05, 5.90760319028e-05, 9.03107502381e-05, 8.03321236162e-05, 9.41344769672e-05, 3.71150454157e-05, 2.96016878565e-05, 3.02519292745e-05, 2.21893496928e-05, 1.93574014702e-05, 1.93101386685e-05, 1.54893077706e-05, 9.47678836383e-06, 6.15047974861e-06, 4.57016221844e-06, 5.7483330238e-06, 6.14691589362e-06, 4.61522904516e-06, 3.44009822584e-06, 3.30480111188e-06, 3.10073232868e-06, 1.99137730306e-06, 1.5419778947e-06, 1.66871916463e-06, 2.02165165319e-06, 1.70691760104e-06, 1.20173990581e-06, 1.34303047616e-06, 9.76054138846e-07, 9.4781722737e-07, 7.6874118804e-07, 3.07698712732e-07],
        "dvar": [0.000120668504678, 7.06071368768e-05, 9.88576903183e-06, 1.06379393401e-05, 2.07069024327e-06, 2.58946386111e-07, 6.5112971015e-08, 4.22687556068e-08, 8.76126193816e-09, 8.22945889212e-09, 2.22145715156e-08, 1.13105356192e-08, 2.37342554499e-08, 4.82066830898e-09, 1.97023397597e-09, 3.49080475637e-09, 1.10439124512e-09, 1.33247268774e-09, 1.3121665976e-09, 6.14155559742e-10, 3.29571092639e-10, 1.13437904903e-10, 4.36809616255e-11, 6.71147998288e-11, 8.44578920689e-11, 3.34254776635e-11, 3.20291501654e-11, 1.83731606318e-11, 1.22402704292e-11, 6.63826328975e-12, 4.35500680657e-12, 5.92501221697e-12, 1.27006781828e-11, 1.41434381568e-11, 3.56461886918e-12, 4.2445491566e-12, 1.47845602948e-12, 2.73072970486e-12, 1.49975561484e-12, 2.06979100742e-13],
        "dvar2": [0.000310597621137, 0.00015865144087, 2.49975983024e-05, 2.96119178529e-05, 5.86052283325e-06, 6.95712401466e-07, 1.52894628513e-07, 1.08532667298e-07, 2.20657856431e-08, 2.16367705974e-08, 5.50738121774e-08, 2.65456741033e-08, 5.39920179676e-08, 1.04528909972e-08, 4.74954653384e-09, 9.62134549809e-09, 2.83879408869e-09, 3.18916804076e-09, 3.05819125579e-09, 1.45944401009e-09, 8.03533795057e-10, 2.82055573342e-10, 1.00091476773e-10, 1.37875530437e-10, 1.91687873907e-10, 7.4155438734e-11, 7.29047933135e-11, 4.58324038444e-11, 2.89717329988e-11, 1.3627876605e-11, 9.02146760073e-12, 1.34385089862e-11, 2.78711411589e-11, 3.31930524733e-11, 7.47035679843e-12, 8.95436069043e-12, 3.07306567346e-12, 6.22970945663e-12, 3.33063025944e-12, 3.79716034006e-13],
        "max": [0.0830461755395, 0.0678318887949, 0.0273389555514, 0.0260423161089, 0.0127978650853, 0.00785855483264, 0.00479035079479, 0.00319975637831, 0.00142768083606, 0.00218713702634, 0.00228869216517, 0.00186662608758, 0.00231221155263, 0.00162871030625, 0.000805075222161, 0.000934241921641, 0.000364628474927, 0.000701665645465, 0.00055205746321, 0.000318442587741, 0.000288696028292, 0.000193229090655, 0.000118836767797, 0.000156696289196, 0.000216016938793, 0.000143654266139, 0.000150419495185, 4.14895584981e-05, 3.33114112436e-05, 4.00863464165e-05, 2.6637193514e-05, 4.0337563405e-05, 6.73556423862e-05, 0.000113178437459, 4.42193122581e-05, 4.82125287817e-05, 2.0444385882e-05, 3.48979010596e-05, 3.04118493659e-05, 9.10521248443e-06],
        "mean": [0.0161959286779, 0.00784975010902, 0.00207908800803, 0.00109367270488, 0.000532862206455, 0.000341985956766, 0.000167374309967, 0.000109914573841, 4.37471753685e-05, 4.4740827434e-05, 7.0723821409e-05, 8.06659372756e-05, 0.000117616822536, 3.48112698703e-05, 2.49299719144e-05, 2.00199829123e-05, 1.55462621478e-05, 1.51241847561e-05, 1.50009209392e-05, 1.13556534416e-05, 6.30463728157e-06, 4.77269441035e-06, 3.75475974579e-06, 5.57604016649e-06, 5.80230880587e-06, 4.46461217507e-06, 3.082974672e-06, 2.61791524281e-06, 2.62901835413e-06, 1.88621515917e-06, 1.40051452036e-06, 1.46446404869e-06, 1.79467497219e-06, 1.52665802489e-06, 1.21588379898e-06, 1.20433560369e-06, 9.38596429023e-07, 8.93201502095e-07, 7.09079643002e-07, 3.21070189102e-07],
        "median": [0.0125755490735, 0.0045491270721, 0.000749672064558, 0.00026351181441, 0.000170157567482, 0.000141216165503, 4.85735108668e-05, 2.60910746874e-05, 9.81599714578e-06, 1.18051448226e-05, 1.14981176011e-05, 1.56897513079e-05, 1.20085487652e-05, 6.26435212325e-06, 6.09091011938e-06, 5.28498003405e-06, 4.30083355241e-06, 3.14655335387e-06, 3.29878275807e-06, 2.52994482253e-06, 1.41488374084e-06, 1.21425955513e-06, 1.12403154162e-06, 1.59822309342e-06, 1.78349966973e-06, 1.97541749003e-06, 1.08025380996e-06, 9.70849100668e-07, 8.65318725118e-07, 5.7453030422e-07, 3.70053783172e-07, 4.1786751126e-07, 4.02657917675e-07, 3.14679823532e-07, 2.93498658266e-07, 2.94111998755e-07, 2.51491144354e-07, 2.16012026044e-07, 1.86756508924e-07, 7.55356381887e-08],
        "min": [3.4685623973e-07, 8.67307505814e-08, 1.87263493601e-09, 1.05695385777e-09, 2.10836306747e-10, 7.46368938875e-11, 4.61655574879e-11, 7.27193166794e-11, 5.21945653364e-10, 1.50576023872e-10, 5.24044835304e-11, 2.11698145125e-10, 2.74825578961e-10, 2.79950784776e-10, 2.86832474439e-10, 2.62716792765e-11, 9.53984530261e-11, 1.81632955204e-11, 4.84844144e-11, 1.85865767222e-11, 3.10112525936e-11, 2.52652707783e-11, 3.17895293422e-11, 2.85148484686e-11, 1.86002706293e-11, 2.75691483531e-11, 9.82336694627e-12, 9.16881414542e-12, 7.40851911069e-12, 8.62263298956e-12, 3.74252972363e-12, 5.98484152861e-12, 7.53771350892e-12, 6.35562609486e-12, 2.25451319939e-12, 2.02613360117e-12, 2.7518688283e-12, 1.94315635631e-12, 1.59582123991e-12, 3.66306052331e-13],
        "var": [0.000179145776201, 9.3307440693e-05, 1.08956919576e-05, 7.07849403625e-06, 1.36316759836e-06, 2.89495261541e-07, 1.36587146926e-07, 5.82066022048e-08, 9.31789667646e-09, 8.98827501317e-09, 3.27500409014e-08, 2.81827503557e-08, 9.40308879649e-08, 1.30229746986e-08, 3.54129325864e-09, 3.01892999488e-09, 1.20581356011e-09, 2.19134288493e-09, 1.71725211828e-09, 9.53181089614e-10, 3.52322004904e-10, 1.44147582759e-10, 6.68197927545e-11, 1.4581057195e-10, 1.76511957828e-10, 5.43580076784e-11, 4.8284772014e-11, 2.21913078191e-11, 1.66772151644e-11, 1.08111618616e-11, 6.71145127321e-12, 8.5786724946e-12, 1.85525241003e-11, 1.73818858612e-11, 6.76629021909e-12, 7.70543351347e-12, 2.99347937931e-12, 4.94045689775e-12, 2.93876555035e-12, 5.21192735237e-13]
    },
    "mfcc": {
        "mean": [-688.782653809, 133.62210083, 34.9021644592, 41.2057800293, 20.4479656219, 22.3125095367, 19.4601211548, 12.667181015, 1.65055906773, 7.91004800797, 0.187369927764, 2.07097315788, 3.63332366943],
        "cov": [[5592.47070312, -719.372558594, -556.033935547, -373.407012939, -346.728240967, -163.799209595, -337.770141602, -74.725112915, -58.5842933655, 29.932100296, -86.7906494141, -100.926177979, -42.846446991], [-719.372558594, 2033.07141113, -562.478149414, -175.486404419, -47.8507385254, -297.298309326, 72.0101547241, -87.2854309082, -82.1885452271, -44.8931541443, -41.620262146, -74.4455566406, -62.2504310608], [-556.033935547, -562.478149414, 1042.47900391, 96.5357284546, -44.4901695251, 177.207351685, -78.760887146, -34.7919883728, -14.0260314941, -69.3625717163, 22.4783802032, 44.5005760193, -23.560667038], [-373.407012939, -175.486404419, 96.5357284546, 428.138244629, 121.011802673, -32.344783783, -29.9463615417, -16.3278198242, 12.6741867065, -14.0344839096, -25.1944923401, 50.70262146, -8.67573547363], [-346.728240967, -47.8507385254, -44.4901695251, 121.011802673, 220.780548096, 8.8164024353, -5.26395130157, 4.04545974731, 15.6967906952, 5.62457275391, -7.50395011902, -1.07863628864, 25.4999084473], [-163.799209595, -297.298309326, 177.207351685, -32.344783783, 8.8164024353, 286.105010986, 75.9418945312, 23.0497512817, -2.7087624073, 3.6587831974, 6.60614967346, -30.0853233337, -10.7553215027], [-337.770141602, 72.0101547241, -78.760887146, -29.9463615417, -5.26395130157, 75.9418945312, 215.052078247, 55.2465286255, -9.7774515152, -2.01917743683, 4.22183942795, -12.6135988235, -18.5183963776], [-74.725112915, -87.2854309082, -34.7919883728, -16.3278198242, 4.04545974731, 23.0497512817, 55.2465286255, 131.694229126, 35.3519706726, -6.30212259293, -11.7773857117, -17.8495101929, 1.32635772228], [-58.5842933655, -82.1885452271, -14.0260314941, 12.6741867065, 15.6967906952, -2.7087624073, -9.7774515152, 35.3519706726, 106.174743652, 27.9161758423, -10.6756267548, -3.41775107384, -4.67248535156], [29.932100296, -44.8931541443, -69.3625717163, -14.0344839096, 5.62457275391, 3.6587831974, -2.01917743683, -6.30212259293, 27.9161758423, 84.2427902222, 22.8360004425, -6.47897148132, 3.59787845612], [-86.7906494141, -41.620262146, 22.4783802032, -25.1944923401, -7.50395011902, 6.60614967346, 4.22183942795, -11.7773857117, -10.6756267548, 22.8360004425, 90.4397964478, 33.2508277893, 2.92383790016], [-100.926177979, -74.4455566406, 44.5005760193, 50.70262146, -1.07863628864, -30.0853233337, -12.6135988235, -17.8495101929, -3.41775107384, -6.47897148132, 33.2508277893, 112.986488342, 23.7740154266], [-42.846446991, -62.2504310608, -23.560667038, -8.67573547363, 25.4999084473, -10.7553215027, -18.5183963776, 1.32635772228, -4.67248535156, 3.59787845612, 2.92383790016, 23.7740154266, 85.2800140381]],
