{
"lowlevel": {
    "average_loudness": 0.915183663368,
    "barkbands_crest": {
        "dmean": 1.85784602165,
        "dmean2": 3.03077816963,
        "dvar": 3.24938964844,
        "dvar2": 8.46288108826,
        "max": 21.3841362,
        "mean": 10.5437421799,
        "median": 10.3010044098,
        "min": 3.06799221039,
        "var": 11.4419689178
    },
    "barkbands_flatness_db": {
        "dmean": 0.0186088271439,
        "dmean2": 0.0271845590323,
        "dvar": 0.000294934317935,
        "dvar2": 0.000646039261483,
        "max": 0.331651419401,
        "mean": 0.198817372322,
        "median": 0.201135292649,
        "min": 0.0233773011714,
        "var": 0.0017169744242
    },
    "barkbands_kurtosis": {
        "dmean": 2.50088000298,
        "dmean2": 3.93778204918,
        "dvar": 11.2765903473,
        "dvar2": 29.0720176697,
        "max": 37.4004669189,
        "mean": 6.43838977814,
        "median": 5.13827705383,
        "min": -1.89281725883,
        "var": 41.1446075439
    },
    "barkbands_skewness": {
        "dmean": 0.387211680412,
        "dmean2": 0.595487952232,
        "dvar": 0.171164423227,
        "dvar2": 0.422187358141,
        "max": 5.42262458801,
        "mean": 1.99611616135,
        "median": 1.98568844795,
        "min": -1.65863835812,
        "var": 0.987777471542
    },
    "barkbands_spread": {
        "dmean": 3.41746377945,
        "dmean2": 4.93888187408,
        "dvar": 28.3061561584,
        "dvar2": 51.3019485474,
        "max": 89.8701705933,
        "mean": 14.9360046387,
        "median": 11.2931566238,
        "min": 1.95687842369,
        "var": 153.211746216
    },
    "dissonance": {
        "dmean": 0.0209270510823,
        "dmean2": 0.0348114073277,
        "dvar": 0.00039323369856,
        "dvar2": 0.000991057720967,
        "max": 0.498206943274,
        "mean": 0.44794484973,
        "median": 0.452548056841,
        "min": 0.188960045576,
        "var": 0.000903832784388
    },
    "dynamic_complexity": 3.43134140968,
    "erbbands_crest": {
        "dmean": 2.14976429939,
        "dmean2": 3.24688148499,
        "dvar": 4.17441797256,
        "dvar2": 8.47890949249,
        "max": 26.551733017,
        "mean": 10.1716117859,
        "median": 9.1792974472,
        "min": 2.88742280006,
        "var": 19.2132797241
    },
    "erbbands_flatness_db": {
        "dmean": 0.0146093089134,
        "dmean2": 0.0185842067003,
        "dvar": 0.000198265915969,
        "dvar2": 0.000294880970614,
        "max": 0.356190562248,
        "mean": 0.199847668409,
        "median": 0.198007196188,
        "min": 0.0933626890182,
        "var": 0.00146611605305
    },
    "erbbands_kurtosis": {
        "dmean": 0.796970844269,
        "dmean2": 1.16184687614,
        "dvar": 0.953586578369,
        "dvar2": 2.01400327682,
        "max": 14.5164794922,
        "mean": 0.835416257381,
        "median": 0.35324382782,
        "min": -1.7206171751,
        "var": 3.33632588387
    },
    "erbbands_skewness": {
        "dmean": 0.261936783791,
        "dmean2": 0.376852273941,
        "dvar": 0.0597928315401,
        "dvar2": 0.123445883393,
        "max": 2.69534897804,
        "mean": 0.640096962452,
        "median": 0.676944255829,
        "min": -1.92718911171,
        "var": 0.516782522202
    },
    "erbbands_spread": {
        "dmean": 6.58696889877,
        "dmean2": 8.81989574432,
        "dvar": 59.6649093628,
        "dvar2": 105.668563843,
        "max": 108.615692139,
        "mean": 35.0381393433,
        "median": 30.9051628113,
        "min": 4.52773237228,
        "var": 339.422698975
    },
    "hfc": {
        "dmean": 3.591173172,
        "dmean2": 4.79469299316,
        "dvar": 61.5087623596,
        "dvar2": 105.454368591,
        "max": 112.235900879,
        "mean": 12.8979921341,
        "median": 7.60875844955,
        "min": 1.11255448281e-16,
        "var": 242.382202148
    },
    "melbands_crest": {
        "dmean": 2.2676281929,
        "dmean2": 3.70966863632,
        "dvar": 4.63389587402,
        "dvar2": 12.2039728165,
        "max": 28.5941333771,
        "mean": 15.3834190369,
        "median": 15.2651262283,
        "min": 2.07463335991,
        "var": 19.1008491516
    },
    "melbands_flatness_db": {
        "dmean": 0.0215385835618,
        "dmean2": 0.0303460266441,
        "dvar": 0.000460348266643,
        "dvar2": 0.000908363726921,
        "max": 0.411249130964,
        "mean": 0.239074498415,
        "median": 0.244077041745,
        "min": 0.00702455593273,
        "var": 0.00318883638829
    },
    "melbands_kurtosis": {
        "dmean": 5.34538078308,
        "dmean2": 8.28889942169,
        "dvar": 61.8290367126,
        "dvar2": 157.19468689,
        "max": 119.961082458,
        "mean": 15.0143451691,
        "median": 11.3869447708,
        "min": -1.21794676781,
        "var": 184.736572266
    },
    "melbands_skewness": {
        "dmean": 0.528803825378,
        "dmean2": 0.790256083012,
        "dvar": 0.332078754902,
        "dvar2": 0.813720583916,
        "max": 9.1984910965,
        "mean": 2.84709978104,
        "median": 2.7245221138,
        "min": -0.424244135618,
        "var": 1.64226222038
    },
    "melbands_spread": {
        "dmean": 3.47811818123,
        "dmean2": 4.95738172531,
        "dvar": 36.7989463806,
        "dvar2": 57.8928108215,
        "max": 134.906097412,
        "mean": 15.261092186,
        "median": 11.0923995972,
        "min": 1.7941185236,
        "var": 228.214614868
    },
    "pitch_salience": {
        "dmean": 0.05186342448,
        "dmean2": 0.0847035422921,
        "dvar": 0.00239045615308,
        "dvar2": 0.00637358101085,
        "max": 0.900974988937,
        "mean": 0.521623253822,
        "median": 0.529166042805,
        "min": 0.214024528861,
        "var": 0.0110155781731
    },
    "silence_rate_20dB": {
        "dmean": 0,
        "dmean2": 0,
        "dvar": 0,
        "dvar2": 0,
        "max": 1,
        "mean": 1,
        "median": 1,
        "min": 1,
        "var": 0
    },
    "silence_rate_30dB": {
        "dmean": 0.0233644861728,
        "dmean2": 0.0467653945088,
        "dvar": 0.0228183846921,
        "dvar2": 0.0492545738816,
        "max": 1,
        "mean": 0.974319040775,
        "median": 1,
        "min": 0,
        "var": 0.025021718815
    },
    "silence_rate_60dB": {
        "dmean": 0.00467289704829,
        "dmean2": 0.00935307890177,
        "dvar": 0.00465115625411,
        "dvar2": 0.0108242444694,
        "max": 1,
        "mean": 0.0513618662953,
        "median": 0,
        "min": 0,
        "var": 0.0487254522741
    },
    "spectral_centroid": {
        "dmean": 149.139343262,
        "dmean2": 216.193588257,
        "dvar": 84673.21875,
        "dvar2": 104375.992188,
        "max": 11769.1660156,
        "mean": 874.985961914,
        "median": 718.686035156,
        "min": 225.700546265,
        "var": 370420.5625
    },
    "spectral_complexity": {
        "dmean": 2.28348898888,
        "dmean2": 3.4637567997,
        "dvar": 12.8292646408,
        "dvar2": 21.0998268127,
        "max": 59,
        "mean": 14.0661478043,
        "median": 13,
        "min": 0,
        "var": 48.8866996765
    },
    "spectral_decrease": {
        "dmean": 2.13073092503e-09,
        "dmean2": 3.21481175014e-09,
        "dvar": 2.74717517495e-17,
        "dvar2": 6.27334438305e-17,
        "max": -9.23107791809e-29,
        "mean": -6.59514531876e-09,
        "median": -4.69481920007e-09,
        "min": -7.78507782684e-08,
        "var": 4.93673962717e-17
    },
    "spectral_energy": {
        "dmean": 0.00828974600881,
        "dmean2": 0.0124516580254,
        "dvar": 0.000411480112234,
        "dvar2": 0.000934137380682,
        "max": 0.302081346512,
        "mean": 0.0260614771396,
        "median": 0.0188848748803,
        "min": 1.04395952872e-20,
        "var": 0.000753117958084
    },
    "spectral_energyband_high": {
        "dmean": 0.000245608825935,
        "dmean2": 0.000308654067339,
        "dvar": 4.59958243937e-07,
        "dvar2": 6.71083398629e-07,
        "max": 0.0133156701922,
        "mean": 0.000565333873965,
        "median": 8.74371253303e-05,
        "min": 7.35258389837e-21,
        "var": 2.55419354289e-06
    },
    "spectral_energyband_low": {
        "dmean": 0.00406639277935,
        "dmean2": 0.00644807470962,
        "dvar": 0.000125552178361,
        "dvar2": 0.000316396472044,
        "max": 0.139689728618,
        "mean": 0.00930866785347,
        "median": 0.00561153236777,
        "min": 1.11213219143e-22,
        "var": 0.000166721714777
    },
    "spectral_energyband_middle_high": {
        "dmean": 0.000791319645941,
        "dmean2": 0.0010616579093,
        "dvar": 2.10074131246e-06,
        "dvar2": 3.31501178152e-06,
        "max": 0.0371609516442,
        "mean": 0.00278743426315,
        "median": 0.00142812449485,
        "min": 1.75239141732e-21,
        "var": 1.71397223312e-05
    },
    "spectral_energyband_middle_low": {
        "dmean": 0.00543730333447,
        "dmean2": 0.00838932022452,
        "dvar": 0.000238860928221,
        "dvar2": 0.000542456575204,
        "max": 0.288390666246,
        "mean": 0.0148199666291,
        "median": 0.00890324730426,
        "min": 3.12368572167e-22,
        "var": 0.000407500483561
    },
    "spectral_entropy": {
        "dmean": 0.167992442846,
        "dmean2": 0.214205235243,
        "dvar": 0.0301563907415,
        "dvar2": 0.0479684248567,
        "max": 9.79796695709,
        "mean": 7.1756772995,
        "median": 7.14771032333,
        "min": 5.86145734787,
        "var": 0.215465784073
    },
    "spectral_flux": {
        "dmean": 0.0191098582,
        "dmean2": 0.0295787639916,
        "dvar": 0.00126960966736,
        "dvar2": 0.00270429626107,
        "max": 0.419146835804,
        "mean": 0.0570390745997,
        "median": 0.0419825650752,
        "min": 1.02174338434e-10,
        "var": 0.00269986852072
    },
    "spectral_kurtosis": {
        "dmean": 2.6229698658,
        "dmean2": 4.33596944809,
        "dvar": 7.53861474991,
        "dvar2": 20.113243103,
        "max": 27.4458408356,
        "mean": 5.17882490158,
        "median": 4.31001424789,
        "min": -1.2158011198,
        "var": 18.8894786835
    },
    "spectral_rms": {
        "dmean": 0.00063788658008,
        "dmean2": 0.000939616700634,
        "dvar": 1.25749329527e-06,
        "dvar2": 2.62169874077e-06,
        "max": 0.0171672217548,
        "mean": 0.00456549040973,
        "median": 0.0042923502624,
        "min": 3.19139007755e-12,
        "var": 4.58213298771e-06
    },
    "spectral_rolloff": {
        "dmean": 219.742095947,
        "dmean2": 356.715270996,
        "dvar": 469050.40625,
        "dvar2": 882898.4375,
        "max": 18475.4882812,
        "mean": 914.748718262,
        "median": 645.99609375,
        "min": 129.19921875,
        "var": 1695465.5
    },
    "spectral_skewness": {
        "dmean": 0.300922036171,
        "dmean2": 0.45821160078,
        "dvar": 0.0754942372441,
        "dvar2": 0.172624140978,
        "max": 3.82207345963,
        "mean": 1.66925895214,
        "median": 1.68143332005,
        "min": -0.0691169351339,
        "var": 0.438464224339
    },
    "spectral_spread": {
        "dmean": 523574.09375,
        "dmean2": 674308.3125,
        "dvar": 1.27819513856e+12,
        "dvar2": 1.5122408407e+12,
        "max": 40621644,
        "mean": 3852629,
        "median": 3544528.75,
        "min": 1757516.625,
        "var": 2.82020098867e+12
    },
    "spectral_strongpeak": {
        "dmean": 0.251467615366,
        "dmean2": 0.428121417761,
        "dvar": 0.201145783067,
        "dvar2": 0.472568333149,
        "max": 5.82975101471,
        "mean": 0.698274672031,
        "median": 0.449821293354,
        "min": 0,
        "var": 0.586716890335
    },
    "zerocrossingrate": {
        "dmean": 0.00734969740734,
        "dmean2": 0.00829811766744,
        "dvar": 0.000144173478475,
        "dvar2": 0.000129094711156,
        "max": 0.50439453125,
        "mean": 0.0416186600924,
        "median": 0.033203125,
        "min": 0.00341796875,
        "var": 0.00141867727507
    },
    "barkbands": {
        "dmean": [0.000154249515617, 0.00185217196122, 0.00198737671599, 0.00163016293664, 0.00325808580965, 0.000982183846645, 0.000657558615785, 0.000567583541851, 0.000354002375389, 0.000438366667368, 8.04273731774e-05, 0.000179199239938, 0.00011509640899, 9.11130919121e-05, 9.65178769547e-05, 7.3161747423e-05, 9.41147736739e-05, 5.20398352819e-05, 4.9112491979e-05, 5.69387630094e-05, 7.03984187567e-05, 9.00940940483e-05, 5.70388365304e-05, 4.0423747123e-05, 1.58206239576e-05, 1.49232288749e-08, 1.11769438149e-09],
        "dmean2": [0.000273672718322, 0.00299084000289, 0.00332240108401, 0.00269689504057, 0.00519762560725, 0.00151666800957, 0.000908969785087, 0.000818447209895, 0.000531965168193, 0.000579192477744, 0.000120087039249, 0.000287117378321, 0.000172517218743, 0.000141000622534, 0.000145145560964, 0.000114902970381, 0.000150143547216, 7.9173623817e-05, 7.29952735128e-05, 7.96038366389e-05, 0.000100419609225, 0.000116113296826, 7.96035310486e-05, 5.52115125174e-05, 2.4344684789e-05, 2.44503279845e-08, 2.06989803075e-09],
        "dvar": [3.41333020515e-07, 4.58479371446e-05, 2.62355042651e-05, 2.03136969503e-05, 0.000139283496537, 5.41921053809e-06, 2.51576784649e-06, 4.52734002465e-06, 4.15393316189e-07, 9.4853896826e-07, 7.83902649459e-08, 1.18497659685e-07, 7.83043816455e-08, 5.49415197781e-08, 3.39441399433e-08, 2.29535945806e-08, 4.12950420525e-08, 2.26990817254e-08, 3.95303807466e-08, 2.43210820372e-08, 6.23787812515e-08, 1.14432495479e-07, 2.66590713949e-08, 1.13206892749e-08, 3.86687304399e-09, 5.29845493584e-15, 3.74573520271e-18],
        "dvar2": [1.01637078842e-06, 0.000114728660265, 7.63078714954e-05, 5.58721949346e-05, 0.000337052915711, 1.23650052046e-05, 4.81595634483e-06, 9.58498458203e-06, 8.17492718852e-07, 1.39827670864e-06, 1.53342014642e-07, 2.44301418206e-07, 1.70181735371e-07, 1.24392499856e-07, 7.57839515586e-08, 5.26481365171e-08, 9.38387785254e-08, 4.69715502049e-08, 7.34956344672e-08, 4.68547831645e-08, 1.34794859719e-07, 1.66127435364e-07, 5.24788212886e-08, 2.16391313757e-08, 9.08379416131e-09, 1.52743672609e-14, 1.22708562919e-17],
        "max": [0.00727422861382, 0.0806868970394, 0.0594651848078, 0.0501648299396, 0.239249691367, 0.0481917634606, 0.0264704432338, 0.0564182959497, 0.0158497542143, 0.0307140536606, 0.00897159520537, 0.00856477208436, 0.00696216477081, 0.00553900096565, 0.00341644161381, 0.00237324507907, 0.00391538720578, 0.0030481282156, 0.00557092158124, 0.00301836174913, 0.00643359683454, 0.00901924073696, 0.00297248293646, 0.00196046032943, 0.00151235121302, 1.59087358043e-06, 2.53526959426e-08],
        "mean": [0.000258787331404, 0.00387407303788, 0.00377525971271, 0.00266166729853, 0.00557822966948, 0.00253158388659, 0.00185357860755, 0.00105037493631, 0.0011003507534, 0.00116846419405, 0.000135281836265, 0.000369650864741, 0.000229104742175, 0.000165990422829, 0.000194340551388, 0.000150668027345, 0.000168814614881, 9.29707748583e-05, 8.58179482748e-05, 0.000100720229966, 0.000117399431474, 0.000187256417121, 0.000109068605525, 7.6017655374e-05, 2.60067045019e-05, 1.92356832684e-08, 9.13553455106e-10],
        "median": [5.441585472e-06, 0.000735244888347, 0.00199478119612, 0.000884291832335, 0.00238273153082, 0.00138858496211, 0.000460120994831, 0.000225197552936, 0.000674014736433, 0.000273339479463, 3.38535646733e-05, 0.000165616947925, 0.000121939294331, 5.0397542509e-05, 0.000107010775537, 7.38190574339e-05, 6.03555272392e-05, 4.68063553853e-05, 2.65505259449e-05, 2.71366279776e-05, 1.75484310603e-05, 1.9649076421e-05, 1.0891414604e-05, 1.01922014437e-05, 1.69843315234e-06, 2.02419658812e-09, 3.42839007184e-10],
        "min": [5.58420198651e-24, 4.70383053416e-23, 4.94987814376e-23, 1.98640003763e-23, 2.94091447543e-23, 3.53195052264e-23, 4.73630320446e-23, 5.05878985806e-23, 1.11680477234e-22, 7.02598397255e-23, 1.05068674267e-22, 5.47098640489e-23, 8.80727859711e-23, 8.12430554456e-23, 2.06976439685e-22, 3.79584948655e-22, 1.38560780051e-22, 2.40042396497e-22, 2.66924655689e-22, 3.59599832886e-22, 3.12110658827e-22, 7.31172731534e-22, 6.26585931373e-22, 7.11940580344e-22, 1.17560701958e-21, 1.38939160655e-21, 2.37681564262e-21],
        "var": [3.86935766983e-07, 6.41611477477e-05, 2.78919960692e-05, 2.28759145102e-05, 0.000171092382516, 1.55881061801e-05, 1.30403323055e-05, 1.23155214169e-05, 2.0108195713e-06, 9.76234605332e-06, 2.04916176472e-07, 4.61343631741e-07, 1.56148018959e-07, 2.03710911251e-07, 8.30935604768e-08, 5.06949078272e-08, 8.60746354192e-08, 3.68867283385e-08, 7.59140732498e-08, 6.86620751367e-08, 1.20790744518e-07, 5.21199297054e-07, 1.03533352558e-07, 5.21450722601e-08, 1.12194031843e-08, 6.74761184156e-15, 2.87489517025e-18]
    },
    "erbbands": {
        "dmean": [0.060067512095, 0.435185462236, 1.78291356564, 4.26303625107, 11.4973096848, 8.01614570618, 8.50848865509, 7.14521598816, 10.0241327286, 7.95264196396, 12.3020915985, 8.83036613464, 5.57777690887, 15.7293586731, 4.37724161148, 7.34270715714, 4.87139511108, 5.064037323, 5.56796979904, 3.7794175148, 4.22603368759, 3.99570727348, 2.65018033981, 2.76714849472, 2.45921826363, 2.57449245453, 2.46167731285, 2.89166021347, 3.31962943077, 2.53168869019, 1.45082962513, 0.938951790333, 0.667752027512, 0.304520964622, 0.0247342772782, 0.00104730064049, 5.33852617082e-05, 7.3941428127e-06, 5.07253071191e-06, 9.52823029365e-06],
        "dmean2": [0.0962351560593, 0.71917361021, 2.95117235184, 7.1691865921, 18.1240940094, 12.9101991653, 13.4304714203, 11.3274593353, 14.0339765549, 11.0428295135, 17.6307315826, 13.0985088348, 7.98771572113, 20.6986923218, 6.4814157486, 11.5601043701, 7.15675640106, 7.66815280914, 8.58172035217, 5.6026468277, 6.79695320129, 6.30063676834, 3.95518803596, 4.33277702332, 3.7279047966, 3.45608067513, 3.5847401619, 3.97416400909, 4.52759552002, 3.52728319168, 2.04348564148, 1.30973148346, 0.930673360825, 0.456417322159, 0.0380801558495, 0.00159893417731, 7.62557829148e-05, 1.0204593309e-05, 7.12731798558e-06, 1.41271602843e-05],
        "dvar": [0.0558333769441, 2.50754070282, 26.6213912964, 123.217079163, 1999.64074707, 711.941467285, 263.672637939, 415.689880371, 571.441955566, 786.271057129, 2746.92358398, 284.170288086, 134.877212524, 1334.52087402, 120.904342651, 245.143035889, 78.4583969116, 183.973831177, 164.150466919, 47.0462341309, 70.4996261597, 87.7191848755, 56.3005027771, 132.041320801, 57.8661842346, 54.221736908, 87.6199951172, 82.2765274048, 171.850219727, 73.8605041504, 16.5598239899, 6.50849246979, 3.12402963638, 1.30996072292, 0.0136653771624, 2.25833009608e-05, 3.97980493005e-08, 5.1272741608e-10, 1.18362833423e-10, 5.13916242895e-10],
        "dvar2": [0.137526318431, 6.74795722961, 76.5867767334, 353.840240479, 4741.83300781, 1744.51855469, 714.393127441, 907.917175293, 1161.42285156, 1383.9465332, 5771.17529297, 542.282348633, 260.152679443, 1892.96276855, 245.339172363, 483.096740723, 151.925430298, 391.310638428, 396.691497803, 92.8441925049, 157.949874878, 181.068237305, 107.183822632, 269.329437256, 118.259880066, 100.335105896, 182.14175415, 154.489303589, 289.933990479, 133.433883667, 32.4392089844, 12.7645626068, 6.16098117828, 3.01415491104, 0.0289108417928, 4.72986721434e-05, 8.15641314489e-08, 9.77691372306e-10, 2.43857462001e-10, 1.14698783804e-09],
        "max": [2.59553480148, 17.1662101746, 68.4708709717, 132.729248047, 913.202575684, 454.509979248, 265.843414307, 422.044494629, 424.168365479, 717.871154785, 1557.31079102, 426.624206543, 229.579483032, 1170.82202148, 331.531524658, 439.141082764, 189.857925415, 342.823242188, 227.314361572, 133.249099731, 123.198242188, 180.306747437, 158.11126709, 284.594696045, 149.01550293, 159.303665161, 245.602386475, 182.106536865, 324.031066895, 206.960571289, 74.2825546265, 47.073677063, 32.3688087463, 28.8008651733, 2.96650075912, 0.120875358582, 0.00507501745597, 0.000540138687938, 0.000147776983795, 0.000337293546181],
        "mean": [0.140612527728, 0.789007008076, 3.78933310509, 7.4134349823, 16.9732646942, 14.6847257614, 23.326631546, 17.2626781464, 29.7581920624, 16.2906513214, 28.4352283478, 28.866558075, 14.5423059464, 42.0601577759, 9.73031711578, 16.2646255493, 11.1608104706, 10.2862596512, 10.1779079437, 8.63515949249, 8.59707450867, 7.53695678711, 5.52997589111, 5.125207901, 4.51167488098, 4.63095140457, 4.12494754791, 5.46457481384, 6.67491865158, 5.04662275314, 2.78184103966, 1.80617284775, 1.18625962734, 0.52867013216, 0.038013253361, 0.00168903416488, 0.000102354519186, 1.57347876666e-05, 1.60316103575e-05, 3.06618494506e-05],
        "median": [0.00536108762026, 0.284124433994, 2.24048304558, 3.36065554619, 4.46123600006, 5.84808111191, 14.3193063736, 6.885242939, 9.05785560608, 4.39473676682, 9.09996128082, 16.7835597992, 6.14517354965, 10.1784076691, 4.80200242996, 7.25901556015, 6.68392848969, 3.4249663353, 5.03576517105, 5.49720239639, 3.61040639877, 2.91815781593, 2.97512364388, 1.94399404526, 1.45620644093, 1.09355247021, 0.927409768105, 0.691662549973, 0.669532954693, 0.457442104816, 0.307443529367, 0.222346648574, 0.147048294544, 0.040800858289, 0.00136892986484, 9.13725889404e-05, 1.66242843989e-05, 3.24751567859e-06, 1.02319063444e-05, 2.22063863475e-05],
        "min": [9.82620087724e-22, 1.22669972035e-20, 6.00839633905e-20, 5.53922725042e-20, 1.09817092659e-19, 7.86772645759e-20, 9.29022443336e-20, 3.24612684983e-19, 6.53725852883e-19, 1.17905941942e-18, 7.69804987122e-19, 2.58134676203e-18, 2.6185570683e-18, 2.11194926816e-18, 4.66721275074e-18, 2.85275299282e-18, 4.04332831733e-18, 4.07343066059e-18, 6.9682141479e-18, 2.04651961258e-17, 1.27522902976e-17, 8.569311559e-18, 1.03889103833e-17, 1.6853302055e-17, 1.06630876691e-17, 1.79088027145e-17, 1.48618068276e-17, 1.40846342462e-17, 1.92371290469e-17, 2.79536754462e-17, 1.86368937072e-17, 1.38764312316e-17, 1.29350244211e-17, 1.27446628652e-17, 8.21977729218e-18, 4.72399084157e-18, 2.9258315048e-18, 1.21156275781e-18, 3.76837585986e-19, 3.23094162324e-20],
        "var": [0.0945246964693, 2.63239908218, 27.3715858459, 134.163665771, 2407.08666992, 966.633239746, 814.204406738, 1272.39758301, 3034.68579102, 1747.83886719, 8346.58300781, 1501.37158203, 630.270690918, 13035.1210938, 319.152130127, 1081.50744629, 252.887176514, 737.447937012, 281.466522217, 120.91229248, 173.937561035, 189.825439453, 101.098114014, 234.237792969, 133.863815308, 166.578567505, 141.771072388, 283.375549316, 685.920349121, 314.100097656, 63.7559928894, 28.7538204193, 13.2036876678, 4.13131093979, 0.0337505191565, 6.01022002229e-05, 1.32985690016e-07, 2.20782681026e-09, 3.33079092085e-10, 9.96602911307e-10]
    },
    "gfcc": {
        "mean": [-58.9208831787, 149.851196289, -138.913116455, 48.2708435059, -76.1425857544, 14.6523790359, -34.0303497314, -11.467417717, -4.99826908112, -25.3181381226, 2.07177972794, -22.1853313446, 5.18305587769],
        "cov": [[8387.21972656, -314.207000732, 25.878900528, 540.533996582, -850.399902344, 136.972137451, -359.076049805, 27.3412094116, -98.529258728, -100.679069519, -192.203521729, -143.943481445, -15.2347860336], [-314.207000732, 1093.15991211, -145.327545166, -184.457122803, 454.758239746, -157.239151001, 234.628677368, -56.8407974243, 183.253494263, -88.2551498413, 149.00604248, -39.2766304016, 48.8673858643], [25.878900528, -145.327545166, 435.219482422, 93.9125137329, -67.8152313232, 97.3339614868, -148.359283447, -16.5092697144, -98.4635925293, 2.19380354881, -41.6524620056, -54.1603126526, -46.5837669373], [540.533996582, -184.457122803, 93.9125137329, 367.034393311, 5.11829280853, 81.0305023193, 54.0147895813, 27.8923492432, 15.2435445786, 16.726764679, -12.6143360138, 40.3921318054, 31.9957351685], [-850.399902344, 454.758239746, -67.8152313232, 5.11829280853, 479.920471191, 30.6809158325, 224.418228149, 36.4924659729, 169.741851807, 30.4154644012, 104.843650818, 60.7537002563, 69.6044006348], [136.972137451, -157.239151001, 97.3339614868, 81.0305023193, 30.6809158325, 229.734466553, 27.0451812744, 60.1414527893, -2.02570390701, 48.0154533386, 4.62573194504, 23.9978637695, 11.6632757187], [-359.076049805, 234.628677368, -148.359283447, 54.0147895813, 224.418228149, 27.0451812744, 337.902832031, 74.3821563721, 122.877510071, 4.72822380066, 66.3531112671, 89.3775863647, 77.6005401611], [27.3412094116, -56.8407974243, -16.5092697144, 27.8923492432, 36.4924659729, 60.1414527893, 74.3821563721, 128.632354736, 55.0200424194, 30.0248279572, 1.22358560562, 43.7497024536, 33.3207626343], [-98.529258728, 183.253494263, -98.4635925293, 15.2435445786, 169.741851807, -2.02570390701, 122.877510071, 55.0200424194, 161.194671631, 36.2978286743, 50.3136024475, 52.1458511353, 47.8968849182], [-100.679069519, -88.2551498413, 2.19380354881, 16.726764679, 30.4154644012, 48.0154533386, 4.72822380066, 30.0248279572, 36.2978286743, 99.5427093506, 26.2232131958, 27.8569564819, 9.95673084259], [-192.203521729, 149.00604248, -41.6524620056, -12.6143360138, 104.843650818, 4.62573194504, 66.3531112671, 1.22358560562, 50.3136024475, 26.2232131958, 89.0339736938, 37.5029983521, 22.0699157715], [-143.943481445, -39.2766304016, -54.1603126526, 40.3921318054, 60.7537002563, 23.9978637695, 89.3775863647, 43.7497024536, 52.1458511353, 27.8569564819, 37.5029983521, 105.725128174, 53.8910942078], [-15.2347860336, 48.8673858643, -46.5837669373, 31.9957351685, 69.6044006348, 11.6632757187, 77.6005401611, 33.3207626343, 47.8968849182, 9.95673084259, 22.0699157715, 53.8910942078, 72.8706283569]],
        "icov": [[0.000279611849692, -0.000692351837642, 0.000338137731887, -0.000713664689101, 0.00103358202614, -0.000609233626164, 0.000501895847265, -0.000246834883001, -0.000185128941666, -0.000198429523152, 0.000538634252734, -0.000187061625184, -0.000135081834742], [-0.000692351837642, 0.00672258203849, -0.00172481965274, 0.00350401457399, -0.00511287571862, 0.00337504968047, -0.00284740212373, 0.00199272343889, -0.00297540123574, 0.00549311283976, -0.00737692788243, 0.00705204438418, -0.00260550458916], [0.000338137731887, -0.00172481965274, 0.00438908813521, -0.00229444750585, 0.000693057838362, -0.00230629742146, 0.00260641379282, -0.00123876216821, 0.00230935355648, -0.000959586410318, 0.00171046308242, -0.000701266573742, 0.00115237000864], [-0.000713664689101, 0.00350401457399, -0.00229444750585, 0.00598728843033, -0.00294295605272, 0.00138759217225, -0.00282960594632, 0.00205433135852, -0.00164530007169, 0.00202785711735, -0.00210674456321, 0.00170034251641, -0.00174685043748], [0.00103358202614, -0.00511287571862, 0.000693057838362, -0.00294295605272, 0.00993904285133, -0.00387153844349, 0.000587837712374, -0.000155077170348, -0.00284451455809, -0.00297135231085, 0.00251360284165, -0.00271571823396, -0.000526173622347], [-0.000609233626164, 0.00337504968047, -0.00230629742146, 0.00138759217225, -0.00387153844349, 0.00869083218277, -0.00228512706235, -0.00182424124796, 0.00133178278338, -0.000377971504349, -0.00363527587615, 0.00269897375256, -0.000618424732238], [0.000501895847265, -0.00284740212373, 0.00260641379282, -0.00282960594632, 0.000587837712374, -0.00228512706235, 0.00830850191414, -0.00311374617741, 0.000373448099708, 0.000560435699299, 0.00141117325984, -0.00415466306731, -0.000373604823835], [-0.000246834883001, 0.00199272343889, -0.00123876216821, 0.00205433135852, -0.000155077170348, -0.00182424124796, -0.00311374617741, 0.0138902207837, -0.00534634385258, -0.000151007261593, 0.00211404752918, -0.000453054788522, -0.00244781584479], [-0.000185128941666, -0.00297540123574, 0.00230935355648, -0.00164530007169, -0.00284451455809, 0.00133178278338, 0.000373448099708, -0.00534634385258, 0.0176398586482, -0.00662735849619, 0.00216985098086, -0.0043257214129, 0.000559139996767], [-0.000198429523152, 0.00549311283976, -0.000959586410318, 0.00202785711735, -0.00297135231085, -0.000377971504349, 0.000560435699299, -0.000151007261593, -0.00662735849619, 0.0195371564478, -0.0101713668555, 0.0042406800203, -0.00122713274322], [0.000538634252734, -0.00737692788243, 0.00171046308242, -0.00210674456321, 0.00251360284165, -0.00363527587615, 0.00141117325984, 0.00211404752918, 0.00216985098086, -0.0101713668555, 0.0277562681586, -0.013430159539, 0.0042789215222], [-0.000187061625184, 0.00705204438418, -0.000701266573742, 0.00170034251641, -0.00271571823396, 0.00269897375256, -0.00415466306731, -0.000453054788522, -0.0043257214129, 0.0042406800203, -0.013430159539, 0.0282361526042, -0.0137201827019], [-0.000135081834742, -0.00260550458916, 0.00115237000864, -0.00174685043748, -0.000526173622347, -0.000618424732238, -0.000373604823835, -0.00244781584479, 0.000559139996767, -0.00122713274322, 0.0042789215222, -0.0137201827019, 0.0277152676135]]
    },
    "melbands": {
        "dmean": [0.000504233408719, 0.000792742823251, 0.000899771403056, 0.000806553813163, 0.00025978096528, 0.00016215222422, 0.000147853425005, 9.01398161659e-05, 9.39941892284e-05, 5.10883801326e-05, 2.94983656204e-05, 6.94611808285e-05, 1.2321331269e-05, 2.24166033149e-05, 1.253042592e-05, 1.09518787212e-05, 9.24923915591e-06, 8.97126483324e-06, 5.22412710779e-06, 5.9356057136e-06, 5.73373290536e-06, 4.7124849516e-06, 3.72054455511e-06, 2.36258392761e-06, 2.3797904305e-06, 1.92881793737e-06, 2.05559945243e-06, 1.74093202077e-06, 1.58679119977e-06, 1.88884109775e-06, 1.84867417374e-06, 2.03076251637e-06, 1.77992114914e-06, 1.41262137276e-06, 8.87887040335e-07, 7.87641567968e-07, 5.17908461006e-07, 5.03690330333e-07, 4.3356035917e-07, 2.07927143947e-07],
        "dmean2": [0.000806889671367, 0.00130516209174, 0.00147003307939, 0.00128787581343, 0.000409204047173, 0.000253617472481, 0.000206126962439, 0.000127860112116, 0.000135355076054, 7.72800267441e-05, 4.26585611422e-05, 9.17602592381e-05, 1.85708631761e-05, 3.59782206942e-05, 1.89291786228e-05, 1.63981658261e-05, 1.4024376469e-05, 1.38005716508e-05, 7.85373504186e-06, 9.24784853851e-06, 9.4488632385e-06, 7.64210290072e-06, 5.73764964429e-06, 3.51309131474e-06, 3.81368317903e-06, 2.89073500426e-06, 3.10150130645e-06, 2.36640562434e-06, 2.30967566495e-06, 2.87372768071e-06, 2.61608533947e-06, 2.93671860163e-06, 2.35425750361e-06, 2.03989588954e-06, 1.28055569348e-06, 1.12931491003e-06, 7.21992137187e-07, 7.20500565876e-07, 6.17875230091e-07, 3.20461168712e-07],
        "dvar": [3.65293067262e-06, 5.65575783185e-06, 5.75605963604e-06, 9.58346026891e-06, 2.30139562518e-07, 1.94346171156e-07, 1.19589458336e-07, 9.30817307676e-08, 1.50078520278e-07, 8.63351701241e-09, 3.67399355383e-09, 2.59617358722e-08, 1.46223355646e-09, 1.75268199953e-09, 5.92436488756e-10, 7.79794118166e-10, 5.96784732743e-10, 5.33721844498e-10, 9.70261510025e-11, 1.42798967095e-10, 1.30487537442e-10, 1.28205057681e-10, 6.70834429672e-11, 4.51602470697e-11, 1.0464304423e-10, 4.73191971717e-11, 3.73701972145e-11, 2.57416067628e-11, 2.29369769705e-11, 7.07743655348e-11, 2.88489284545e-11, 6.4455739357e-11, 4.62413302094e-11, 2.28584408346e-11, 6.59242755871e-12, 4.64209226614e-12, 2.09111786047e-12, 1.71295757526e-12, 1.68429723293e-12, 8.63931810206e-13],
        "dvar2": [8.96319306776e-06, 1.5768535377e-05, 1.49659172166e-05, 2.33123409998e-05, 6.26381392976e-07, 4.28416370823e-07, 2.36689274402e-07, 1.71728473219e-07, 3.23158303672e-07, 1.6967462102e-08, 7.06554104113e-09, 3.72412110039e-08, 2.87638979302e-09, 3.75656172835e-09, 1.24889176778e-09, 1.62370772383e-09, 1.23081489445e-09, 1.31983901586e-09, 1.96675856157e-10, 3.41378980639e-10, 3.09122505371e-10, 2.78506384621e-10, 1.37606398498e-10, 9.52506823415e-11, 2.17797085922e-10, 8.82645553868e-11, 8.41669581253e-11, 4.63715905952e-11, 4.4253004039e-11, 1.68023067681e-10, 5.06525203725e-11, 1.18522372472e-10, 7.16056589023e-11, 4.75428516e-11, 1.41148750674e-11, 9.71337767164e-12, 3.94426592082e-12, 3.4992930862e-12, 3.60163830183e-12, 2.04657233001e-12],
        "max": [0.0233090743423, 0.0324285626411, 0.0318483635783, 0.0607040859759, 0.0076912776567, 0.00904031004757, 0.00630242237821, 0.00695660896599, 0.0116925165057, 0.00228703720495, 0.00111460802145, 0.00514768855646, 0.00121100374963, 0.000942130340263, 0.000508287339471, 0.00070358015364, 0.000616861390881, 0.000464641314466, 0.000162291704328, 0.000233979779296, 0.000187723475392, 0.000215151492739, 0.000164784898516, 0.000144122721395, 0.000256579922279, 0.000181859431905, 0.000124168145703, 0.000119579512102, 9.77964009508e-05, 0.000222840870265, 0.000137786948471, 0.000181827999768, 0.000187443525647, 9.00927916518e-05, 4.44517645519e-05, 3.80349374609e-05, 3.14708304359e-05, 2.4405966542e-05, 2.582266643e-05, 2.46071667789e-05],
        "mean": [0.00111299846321, 0.00165358441882, 0.00153454754036, 0.00126003008336, 0.000709762214683, 0.000389473134419, 0.000444925943157, 0.000173608743353, 0.000238879627432, 0.000159394214279, 7.2671318776e-05, 0.000184716438525, 2.37901422224e-05, 4.62551688543e-05, 2.80603817373e-05, 2.22611415666e-05, 1.79448106792e-05, 1.51660369738e-05, 1.13301757665e-05, 1.24277703435e-05, 9.88400370261e-06, 7.92654918769e-06, 7.05216734787e-06, 4.2991000555e-06, 4.09276799473e-06, 3.24192455992e-06, 3.4310924093e-06, 3.00659621644e-06, 2.50986454375e-06, 2.63317724603e-06, 3.40651376973e-06, 3.87669751944e-06, 3.52749725607e-06, 2.51673372986e-06, 1.59052046911e-06, 1.38970483476e-06, 9.85743213278e-07, 8.58023156525e-07, 7.29057887838e-07, 3.39960905649e-07],
        "median": [0.000110906206828, 0.00100372941233, 0.000662931939587, 0.000363458122592, 0.000450059742434, 0.000171723964741, 0.000135895388667, 4.72484061902e-05, 8.89785296749e-05, 9.85313454294e-05, 2.63231668214e-05, 4.27641898568e-05, 9.59370390774e-06, 2.16139942495e-05, 1.51827862283e-05, 1.10603577923e-05, 5.45170632904e-06, 7.12764358468e-06, 6.33166109765e-06, 6.88928730597e-06, 3.4157369555e-06, 2.40017607211e-06, 3.28636861013e-06, 2.22544690587e-06, 1.38878192502e-06, 1.03742024748e-06, 8.64956177793e-07, 6.65287245738e-07, 6.57664429582e-07, 3.26781446347e-07, 4.2236595732e-07, 3.64742419379e-07, 3.75261834051e-07, 1.98914079874e-07, 1.70095674434e-07, 1.64422132798e-07, 1.26091578068e-07, 1.08350356243e-07, 7.6361111212e-08, 1.61504587481e-08],
        "min": [1.08836362303e-23, 2.62388169059e-23, 1.11785487243e-23, 8.39160017601e-24, 2.47368853013e-24, 6.92058521364e-24, 1.03230211839e-23, 1.31106978508e-23, 4.56015955734e-24, 1.87327201957e-23, 1.33222356357e-23, 7.80024795336e-24, 1.62133114569e-23, 7.75423842992e-24, 8.09955676915e-24, 8.19375386098e-24, 7.59238704913e-24, 8.3903332654e-24, 2.18007738055e-23, 3.23196754631e-23, 1.01004851003e-23, 8.44325005492e-24, 8.2597199876e-24, 1.1563740038e-23, 1.41747781264e-23, 9.91119003749e-24, 6.84019476537e-24, 1.3169571329e-23, 9.03781215261e-24, 8.70882560069e-24, 8.09057874319e-24, 1.049430813e-23, 1.55660905272e-23, 1.36927210044e-23, 1.0078073562e-23, 9.79046355342e-24, 7.95491991104e-24, 8.42608128618e-24, 1.04141125304e-23, 1.1222253985e-23],
        "var": [5.69692474528e-06, 5.76494403504e-06, 6.91207878845e-06, 1.14351842058e-05, 7.19216302514e-07, 5.76424156407e-07, 6.7116354785e-07, 1.96943673814e-07, 4.48031244105e-07, 4.15501340001e-08, 1.87602733348e-08, 2.58730665337e-07, 3.5782061758e-09, 6.3708300857e-09, 2.16811502085e-09, 1.83880366489e-09, 2.60520582884e-09, 7.72180819286e-10, 2.49398640628e-10, 2.8531413343e-10, 2.86210360967e-10, 2.49859355428e-10, 1.36229569292e-10, 7.33992103208e-11, 1.75759351517e-10, 9.77272707203e-11, 8.26061025139e-11, 7.8587733543e-11, 4.02841926483e-11, 9.286726943e-11, 1.18448445496e-10, 2.45612752359e-10, 1.85507942341e-10, 7.56782067568e-11, 2.13036602248e-11, 1.65014946152e-11, 9.32436766687e-12, 6.68586583666e-12, 6.01148948329e-12, 2.24791626285e-12]
    },
    "mfcc": {
        "mean": [-676.479614258, 144.017242432, 7.75281667709, 19.8181381226, -1.19073712826, 6.48590326309, -8.47596549988, 4.27404069901, -3.99267339706, 0.073675327003, -5.34411001205, -1.45160841942, -5.91566085815],
        "cov": [[5682.76953125, -609.212646484, 428.832641602, 194.604751587, -282.751403809, -4.12713289261, -238.565597534, 16.2975463867, 9.41376972198, -28.6165485382, -84.2203903198, -74.6801071167, -112.441749573], [-609.212646484, 1303.87451172, -393.601013184, 39.5958786011, 142.965652466, -13.1086483002, 54.7493438721, 57.7143745422, 14.6316242218, 69.2036819458, 30.955619812, 61.941368103, 21.9989929199], [428.832641602, -393.601013184, 542.314575195, -49.7277412415, 31.2410583496, 4.29658031464, -12.8065633774, -81.488861084, -73.5483932495, -70.9798126221, -23.2039260864, -68.9908828735, -58.4371032715], [194.604751587, 39.5958786011, -49.7277412415, 308.362823486, 12.8291501999, 62.6535072327, 22.321269989, 80.2098693848, 50.3520202637, 32.3602104187, -4.4888677597, 12.6123142242, 18.1313076019], [-282.751403809, 142.965652466, 31.2410583496, 12.8291501999, 237.19329834, 73.5014190674, 26.8327026367, -6.2984418869, 21.2725009918, 28.9991455078, 15.4859237671, 35.8160514832, 39.8451919556], [-4.12713289261, -13.1086483002, 4.29658031464, 62.6535072327, 73.5014190674, 162.22605896, 69.1665802002, 47.8279838562, 35.3122673035, 43.4319152832, 20.7297763824, 25.0088500977, 17.0249919891], [-238.565597534, 54.7493438721, -12.8065633774, 22.321269989, 26.8327026367, 69.1665802002, 138.381103516, 63.2710151672, 30.3767375946, 30.8473548889, 19.4794425964, 13.2752380371, 16.2259407043], [16.2975463867, 57.7143745422, -81.488861084, 80.2098693848, -6.2984418869, 47.8279838562, 63.2710151672, 166.52381897, 84.8419494629, 48.2776069641, 4.7852563858, 21.1166801453, 36.8990592957], [9.41376972198, 14.6316242218, -73.5483932495, 50.3520202637, 21.2725009918, 35.3122673035, 30.3767375946, 84.8419494629, 129.33581543, 57.1803855896, 13.2332391739, 27.6405849457, 43.1906890869], [-28.6165485382, 69.2036819458, -70.9798126221, 32.3602104187, 28.9991455078, 43.4319152832, 30.8473548889, 48.2776069641, 57.1803855896, 89.6679229736, 32.0224380493, 18.307472229, 21.7159748077], [-84.2203903198, 30.955619812, -23.2039260864, -4.4888677597, 15.4859237671, 20.7297763824, 19.4794425964, 4.7852563858, 13.2332391739, 32.0224380493, 79.0881118774, 26.2566680908, 0.576965510845], [-74.6801071167, 61.941368103, -68.9908828735, 12.6123142242, 35.8160514832, 25.0088500977, 13.2752380371, 21.1166801453, 27.6405849457, 18.307472229, 26.2566680908, 83.7548370361, 47.0597419739], [-112.441749573, 21.9989929199, -58.4371032715, 18.1313076019, 39.8451919556, 17.0249919891, 16.2259407043, 36.8990592957, 43.1906890869, 21.7159748077, 0.576965510845, 47.0597419739, 90.1048583984]],
