{
"lowlevel": {
    "average_loudness": 0.98429620266,
    "barkbands_crest": {
        "dmean": 2.13868975639,
        "dmean2": 3.6081237793,
        "dvar": 5.95272636414,
        "dvar2": 16.0290393829,
        "max": 19.7160835266,
        "mean": 6.49783086777,
        "median": 5.79767036438,
        "min": 2.59034633636,
        "var": 7.85566520691
    },
    "barkbands_flatness_db": {
        "dmean": 0.0157263483852,
        "dmean2": 0.0263573471457,
        "dvar": 0.000287257134914,
        "dvar2": 0.000834608799778,
        "max": 0.231835126877,
        "mean": 0.135778009892,
        "median": 0.134292408824,
        "min": 0.0826992839575,
        "var": 0.000533202663064
    },
    "barkbands_kurtosis": {
        "dmean": 0.757325351238,
        "dmean2": 1.33969032764,
        "dvar": 2.23761200905,
        "dvar2": 6.30542039871,
        "max": 11.9984712601,
        "mean": -0.877371430397,
        "median": -1.26455807686,
        "min": -1.78678536415,
        "var": 1.56862366199
    },
    "barkbands_skewness": {
        "dmean": 0.450718134642,
        "dmean2": 0.745392143726,
        "dvar": 0.296144336462,
        "dvar2": 0.774409770966,
        "max": 3.50896263123,
        "mean": 0.345002651215,
        "median": 0.255254179239,
        "min": -1.72156572342,
        "var": 0.453591138124
    },
    "barkbands_spread": {
        "dmean": 4.95769643784,
        "dmean2": 8.38401603699,
        "dvar": 25.1439743042,
        "dvar2": 71.9973373413,
        "max": 61.1951980591,
        "mean": 36.7484474182,
        "median": 37.2233314514,
        "min": 12.205165863,
        "var": 44.4408226013
    },
    "dissonance": {
        "dmean": 0.0057589490898,
        "dmean2": 0.00968359038234,
        "dvar": 2.36745472648e-05,
        "dvar2": 6.80803132127e-05,
        "max": 0.499885618687,
        "mean": 0.489896148443,
        "median": 0.491486012936,
        "min": 0.462048023939,
        "var": 4.31882181147e-05
    },
    "dynamic_complexity": 1.06725740433,
    "erbbands_crest": {
        "dmean": 2.55006575584,
        "dmean2": 4.29261255264,
        "dvar": 5.00847101212,
        "dvar2": 12.8268575668,
        "max": 22.7095527649,
        "mean": 8.34389305115,
        "median": 7.62413263321,
        "min": 3.18299102783,
        "var": 9.38731575012
    },
    "erbbands_flatness_db": {
        "dmean": 0.0154873626307,
        "dmean2": 0.0232647135854,
        "dvar": 0.000221546593821,
        "dvar2": 0.000447916361736,
        "max": 0.282670885324,
        "mean": 0.197484433651,
        "median": 0.200286790729,
        "min": 0.125407710671,
        "var": 0.000653919356409
    },
    "erbbands_kurtosis": {
        "dmean": 0.925317168236,
        "dmean2": 1.53267300129,
        "dvar": 0.665374100208,
        "dvar2": 1.76928544044,
        "max": 5.8862953186,
        "mean": 1.04887354374,
        "median": 0.874083518982,
        "min": -1.3111563921,
        "var": 1.43274188042
    },
    "erbbands_skewness": {
        "dmean": 0.273237258196,
        "dmean2": 0.446888595819,
        "dvar": 0.0473952367902,
        "dvar2": 0.125459223986,
        "max": 0.104163393378,
        "mean": -1.01387155056,
        "median": -1.00946617126,
        "min": -2.30835008621,
        "var": 0.124307245016
    },
    "erbbands_spread": {
        "dmean": 6.21224832535,
        "dmean2": 10.3355588913,
        "dvar": 45.3245887756,
        "dvar2": 117.615356445,
        "max": 68.1913604736,
        "mean": 28.8484477997,
        "median": 27.5003185272,
        "min": 8.59432125092,
        "var": 76.6362533569
    },
    "hfc": {
        "dmean": 6.97978639603,
        "dmean2": 11.2495613098,
        "dvar": 53.0137557983,
        "dvar2": 138.745101929,
        "max": 91.6066436768,
        "mean": 34.2845535278,
        "median": 33.0137901306,
        "min": 0.000378082855605,
        "var": 141.008178711
    },
    "melbands_crest": {
        "dmean": 3.12772417068,
        "dmean2": 5.06971788406,
        "dvar": 8.79963111877,
        "dvar2": 21.3346691132,
        "max": 25.7022819519,
        "mean": 11.8334417343,
        "median": 11.1570978165,
        "min": 3.27659010887,
        "var": 21.3320198059
    },
    "melbands_flatness_db": {
        "dmean": 0.0217159669846,
        "dmean2": 0.0353814177215,
        "dvar": 0.000651166017633,
        "dvar2": 0.00178555643652,
        "max": 0.274754852057,
        "mean": 0.141484260559,
        "median": 0.138586983085,
        "min": 0.0526964589953,
        "var": 0.00142996245995
    },
    "melbands_kurtosis": {
        "dmean": 3.39785480499,
        "dmean2": 5.9140086174,
        "dvar": 44.6208305359,
        "dvar2": 123.653862,
        "max": 57.6722373962,
        "mean": 2.76576757431,
        "median": 0.989507436752,
        "min": -1.6241081953,
        "var": 34.2404823303
    },
    "melbands_skewness": {
        "dmean": 0.65568625927,
        "dmean2": 1.08654487133,
        "dvar": 0.780634760857,
        "dvar2": 2.05123758316,
        "max": 7.20493650436,
        "mean": 1.62999427319,
        "median": 1.45523023605,
        "min": -0.919590234756,
        "var": 1.02870893478
    },
    "melbands_spread": {
        "dmean": 11.2928371429,
        "dmean2": 18.6349849701,
        "dvar": 131.34979248,
        "dvar2": 342.934967041,
        "max": 99.3959732056,
        "mean": 49.6578559875,
        "median": 51.4000015259,
        "min": 7.05461025238,
        "var": 255.550735474
    },
    "pitch_salience": {
        "dmean": 0.0652407109737,
        "dmean2": 0.108887568116,
        "dvar": 0.00415439112112,
        "dvar2": 0.0109677473083,
        "max": 0.854206323624,
        "mean": 0.605257093906,
        "median": 0.616557478905,
        "min": 0.252842515707,
        "var": 0.00707637239248
    },
    "silence_rate_20dB": {
        "dmean": 0,
        "dmean2": 0,
        "dvar": 0,
        "dvar2": 0,
        "max": 1,
        "mean": 1,
        "median": 1,
        "min": 1,
        "var": 0
    },
    "silence_rate_30dB": {
        "dmean": 0.00154798757285,
        "dmean2": 0.00309837330133,
        "dvar": 0.00154558161739,
        "dvar2": 0.00463790958747,
        "max": 1,
        "mean": 0.999226629734,
        "median": 1,
        "min": 0,
        "var": 0.000772795407102
    },
    "silence_rate_60dB": {
        "dmean": 0.00154798757285,
        "dmean2": 0.00309837330133,
        "dvar": 0.0015455794055,
        "dvar2": 0.0030888277106,
        "max": 1,
        "mean": 0.0216550659388,
        "median": 0,
        "min": 0,
        "var": 0.0211863871664
    },
    "spectral_centroid": {
        "dmean": 180.75163269,
        "dmean2": 299.487091064,
        "dvar": 31581.28125,
        "dvar2": 88239.1171875,
        "max": 3290.64672852,
        "mean": 2275.88793945,
        "median": 2304.02832031,
        "min": 1215.90136719,
        "var": 72839.4921875
    },
    "spectral_complexity": {
        "dmean": 3.7291021347,
        "dmean2": 6.07126235962,
        "dvar": 8.97928905487,
        "dvar2": 22.4334411621,
        "max": 60,
        "mean": 38.9450874329,
        "median": 40,
        "min": 0,
        "var": 65.7997894287
    },
    "spectral_decrease": {
        "dmean": 2.98229818618e-09,
        "dmean2": 5.17045783965e-09,
        "dvar": 3.1413348432e-17,
        "dvar2": 8.52207061247e-17,
        "max": -9.9305986882e-14,
        "mean": -7.36181871019e-09,
        "median": -6.15991968544e-09,
        "min": -4.34520224246e-08,
        "var": 2.69692229838e-17
    },
    "spectral_energy": {
        "dmean": 0.011696239002,
        "dmean2": 0.020202267915,
        "dvar": 0.000460750277853,
        "dvar2": 0.00124601728749,
        "max": 0.169409871101,
        "mean": 0.0308949109167,
        "median": 0.0263757035136,
        "min": 4.20194083972e-07,
        "var": 0.000407602754422
    },
    "spectral_energyband_high": {
        "dmean": 0.000420611351728,
        "dmean2": 0.000664731662255,
        "dvar": 5.35767867405e-07,
        "dvar2": 1.3241982515e-06,
        "max": 0.00938638299704,
        "mean": 0.00102269358467,
        "median": 0.000728531449568,
        "min": 5.27565324759e-09,
        "var": 8.32083060232e-07
    },
    "spectral_energyband_low": {
        "dmean": 0.00944694317877,
        "dmean2": 0.0165055524558,
        "dvar": 0.000413273315644,
        "dvar2": 0.00114093441516,
        "max": 0.148453578353,
        "mean": 0.0116916736588,
        "median": 0.00652244081721,
        "min": 6.68681821026e-08,
        "var": 0.00030915698153
    },
    "spectral_energyband_middle_high": {
        "dmean": 0.00228161830455,
        "dmean2": 0.00375624396838,
        "dvar": 3.81279392059e-06,
        "dvar2": 1.054551376e-05,
        "max": 0.0273140370846,
        "mean": 0.011494605802,
        "median": 0.0114707127213,
        "min": 9.90491884068e-08,
        "var": 1.32273316922e-05
    },
    "spectral_energyband_middle_low": {
        "dmean": 0.00313129834831,
        "dmean2": 0.00529486080632,
        "dvar": 2.94685978588e-05,
        "dvar2": 7.96493477537e-05,
        "max": 0.0488952249289,
        "mean": 0.00808938592672,
        "median": 0.0070080938749,
        "min": 1.74470073944e-07,
        "var": 3.50933769369e-05
    },
    "spectral_entropy": {
        "dmean": 0.0812475532293,
        "dmean2": 0.122953146696,
        "dvar": 0.00527354422957,
        "dvar2": 0.0111445607617,
        "max": 8.31180667877,
        "mean": 7.73070192337,
        "median": 7.71656703949,
        "min": 7.3104467392,
        "var": 0.0217209178954
    },
    "spectral_flux": {
        "dmean": 0.0256172064692,
        "dmean2": 0.0405082441866,
        "dvar": 0.00145970389713,
        "dvar2": 0.00277011003345,
        "max": 0.33889746666,
        "mean": 0.0986643880606,
        "median": 0.0846894830465,
        "min": 0.000984807033092,
        "var": 0.00242471368983
    },
    "spectral_kurtosis": {
        "dmean": 2.00425958633,
        "dmean2": 3.58963489532,
        "dvar": 3.06635475159,
        "dvar2": 9.19429206848,
        "max": 17.6476383209,
        "mean": 3.59428024292,
        "median": 3.20853328705,
        "min": -0.0887293815613,
        "var": 3.94733953476
    },
    "spectral_rms": {
        "dmean": 0.000874049437698,
        "dmean2": 0.00147034751717,
        "dvar": 1.73732678377e-06,
        "dvar2": 4.54050450571e-06,
        "max": 0.0128560457379,
        "mean": 0.00526567455381,
        "median": 0.00507271056995,
        "min": 2.02471092052e-05,
        "var": 2.41402653955e-06
    },
    "spectral_rolloff": {
        "dmean": 424.863677979,
        "dmean2": 740.819152832,
        "dvar": 367866.5,
        "dvar2": 994563.0625,
        "max": 7902.68554688,
        "mean": 2639.421875,
        "median": 2627.05078125,
        "min": 107.666015625,
        "var": 454157.40625
    },
    "spectral_skewness": {
        "dmean": 0.22804941237,
        "dmean2": 0.401465326548,
        "dvar": 0.0344697125256,
        "dvar2": 0.101152725518,
        "max": 2.82182812691,
        "mean": 0.91467654705,
        "median": 0.906956970692,
        "min": 0.262635976076,
        "var": 0.0535860471427
    },
    "spectral_spread": {
        "dmean": 317312.40625,
        "dmean2": 470189.46875,
        "dvar": 129288650752,
        "dvar2": 265220227072,
        "max": 6156582.5,
        "mean": 2888292.75,
        "median": 2743617.5,
        "min": 1893296,
        "var": 329254207488
    },
    "spectral_strongpeak": {
        "dmean": 0.785097181797,
        "dmean2": 1.42851114273,
        "dvar": 2.40278506279,
        "dvar2": 6.58857822418,
        "max": 10.2950801849,
        "mean": 0.860638558865,
        "median": 0.353008657694,
        "min": 0.00136696686968,
        "var": 2.16198539734
    },
    "zerocrossingrate": {
        "dmean": 0.00733669055626,
        "dmean2": 0.00942031107843,
        "dvar": 4.33859604527e-05,
        "dvar2": 6.31861257716e-05,
        "max": 0.201171875,
        "mean": 0.0816139653325,
        "median": 0.0810546875,
        "min": 0.01806640625,
        "var": 0.000296888989396
    },
    "barkbands": {
        "dmean": [8.15000821603e-05, 0.00565133756027, 0.00394592573866, 0.00156864454038, 0.00148312724195, 0.000596260360908, 0.000306498084683, 0.000252698315307, 0.00042894933722, 0.00034866243368, 0.0004466859682, 0.000501597416587, 0.000223327762797, 0.000448959035566, 0.000249465432717, 0.000762189913075, 0.00134052941576, 0.000565103488043, 0.000511045276653, 0.000197986868443, 0.000233277722145, 9.40281388466e-05, 5.42671004951e-05, 4.09426211263e-05, 2.74643625744e-05, 2.74507865328e-08, 1.46848444516e-09],
        "dmean2": [0.000139492069138, 0.0100771626458, 0.00683172559366, 0.00273215724155, 0.00250396504998, 0.000969746964984, 0.000484518852318, 0.000429622887168, 0.000670888752211, 0.000564429734368, 0.000710226071533, 0.000817594351247, 0.000373479619157, 0.000728800194338, 0.000422186451033, 0.00125261163339, 0.00222938298248, 0.000939042598475, 0.000850709155202, 0.000335223390721, 0.000378560216632, 0.000158975672093, 8.54565514601e-05, 6.21751969447e-05, 4.49616381957e-05, 4.56667947901e-08, 2.74164735359e-09],
        "dvar": [3.53169653522e-08, 0.000195319458726, 6.02941763646e-05, 8.33843751025e-06, 6.92963385518e-06, 1.22600170016e-06, 2.17340087261e-07, 5.35079379915e-07, 2.97919712011e-07, 3.62401578968e-07, 3.70352609025e-07, 4.39089774318e-07, 6.45123705567e-08, 3.18814556977e-07, 9.59156736258e-08, 6.19804836788e-07, 2.05808305509e-06, 3.52634003775e-07, 2.17080994958e-07, 5.14203009061e-08, 1.99099574161e-07, 6.73708910881e-08, 1.06552873191e-08, 5.8925664348e-09, 4.76710892983e-09, 6.62570093056e-15, 3.27459587327e-18],
        "dvar2": [9.31255499381e-08, 0.000538026448339, 0.000171300809598, 2.40058379859e-05, 1.82846888492e-05, 3.47712057192e-06, 5.57024748105e-07, 1.55567818183e-06, 7.50808737848e-07, 9.10828703127e-07, 8.84865301032e-07, 1.16587216326e-06, 1.76396753204e-07, 8.42565953008e-07, 2.69434394795e-07, 1.63025208622e-06, 5.30258557774e-06, 8.71157226356e-07, 6.11523262251e-07, 1.45780106209e-07, 4.70797402841e-07, 1.96914470507e-07, 2.50662797185e-08, 1.21618084492e-08, 1.2314822051e-08, 1.71640198392e-14, 1.04898231093e-17],
        "max": [0.00122427858878, 0.104277648032, 0.0686863064766, 0.0319274328649, 0.0311709716916, 0.0133094694465, 0.00567501457408, 0.00920040067285, 0.00710083637387, 0.00727194035426, 0.00763021456078, 0.00805538333952, 0.00294319074601, 0.00668704882264, 0.00338381971233, 0.00812421366572, 0.0157082360238, 0.00698520708829, 0.00464064069092, 0.00280053168535, 0.00870703998953, 0.00326038128696, 0.00170510425232, 0.00135363335721, 0.000648314831778, 9.4919289495e-07, 1.8222836573e-08],
        "mean": [7.31503678253e-05, 0.00518573960289, 0.00510997558013, 0.00215547601692, 0.00269155181013, 0.00119854148943, 0.000650037836749, 0.00033418746898, 0.000929526344407, 0.000630835595075, 0.000817489286419, 0.000927203509491, 0.000441120180767, 0.000856223807205, 0.000487287616124, 0.00167061376851, 0.00268465210684, 0.00131458928809, 0.00139617500827, 0.000524691713508, 0.000472307525342, 0.000134109985083, 0.000118498319353, 6.47675333312e-05, 2.61540353677e-05, 2.47353852956e-08, 1.14898590642e-09],
        "median": [1.64250177477e-05, 0.00186070299242, 0.00282688555308, 0.00129758648109, 0.00197314936668, 0.000857744365931, 0.000457766494947, 0.000191818195162, 0.000684505095705, 0.000313873868436, 0.000567601062357, 0.000645783438813, 0.000347425055224, 0.000603454711381, 0.00040328814066, 0.00144165032543, 0.00221241475083, 0.00116588594392, 0.0012954591075, 0.00047483164235, 0.000341800390743, 5.14414859936e-05, 7.59675531299e-05, 2.59585649474e-05, 5.35628623766e-06, 4.96463226085e-09, 4.6668219289e-10],
        "min": [1.72156705558e-10, 1.30901645079e-08, 4.65480987089e-08, 7.41741068566e-09, 3.64823513621e-08, 2.00626928404e-08, 3.04195801881e-09, 7.34822702686e-10, 7.05627911657e-09, 5.45485878689e-09, 5.16830978015e-09, 2.46935627501e-09, 5.72572922408e-09, 1.16014513551e-08, 1.31062058983e-08, 8.92152307586e-09, 9.51402245875e-09, 7.41996775133e-09, 8.71020855442e-09, 5.12318454327e-09, 1.6959084137e-09, 3.52564033523e-10, 3.55277696151e-10, 7.10653758063e-11, 1.59202338812e-11, 5.85744603862e-12, 8.38007267745e-12],
        "var": [2.91767783267e-08, 0.000132704677526, 5.08669218107e-05, 7.45457100493e-06, 8.58430394146e-06, 1.78991160737e-06, 4.25663614578e-07, 3.77164354859e-07, 6.54575785575e-07, 7.80720597504e-07, 7.22847346424e-07, 8.50934213759e-07, 1.20248870417e-07, 6.27071699455e-07, 1.23492640114e-07, 1.13293253889e-06, 3.54354619958e-06, 6.41017720682e-07, 4.87702379814e-07, 9.10014179567e-08, 2.42141510398e-07, 5.89775339677e-08, 1.99286880331e-08, 1.22231575972e-08, 4.04055988668e-09, 5.28044998e-15, 2.76170729075e-18]
    },
    "erbbands": {
        "dmean": [0.112112946808, 1.4593693018, 4.41250085831, 4.93994045258, 4.57754898071, 6.09137678146, 4.97856283188, 4.0516872406, 3.54464149475, 5.33117341995, 6.91676092148, 8.57943534851, 9.85924530029, 13.7000761032, 12.4576148987, 20.8633880615, 10.5143127441, 16.3333301544, 18.0777359009, 19.5949268341, 45.2500038147, 81.4056549072, 22.4533958435, 38.6403656006, 16.3313465118, 8.23171520233, 9.20404624939, 7.83903884888, 3.98902654648, 2.00938796997, 1.46781182289, 0.823895037174, 0.752426147461, 0.528606772423, 0.0572535917163, 0.00242469087243, 0.000104317019577, 1.21677394418e-05, 7.246120731e-06, 1.36084318001e-05],
        "dmean2": [0.197469487786, 2.63044834137, 7.77010822296, 8.51836967468, 7.94226551056, 10.1676082611, 8.1863527298, 6.6266951561, 5.6323428154, 8.68347358704, 11.2478885651, 13.6663713455, 15.7493467331, 21.0755386353, 20.5106105804, 33.9484024048, 17.3522796631, 26.3904190063, 29.4889583588, 32.8439979553, 74.6885528564, 136.208389282, 37.2716026306, 64.9073944092, 27.0677852631, 14.0201711655, 15.0113210678, 12.7026367188, 6.70972204208, 3.26946043968, 2.35039520264, 1.25260651112, 1.17289149761, 0.848376870155, 0.0984317064285, 0.00414200825617, 0.000170584418811, 1.89097827388e-05, 1.17231356853e-05, 2.32170150412e-05],
        "dvar": [0.0799986347556, 12.9379854202, 86.4645843506, 75.1779022217, 62.9578781128, 157.017120361, 58.3616867065, 79.6688613892, 49.2378120422, 107.293273926, 176.820617676, 119.810539246, 212.641693115, 276.280273438, 442.467010498, 755.661865234, 149.595703125, 391.139038086, 589.282531738, 489.520568848, 2336.20947266, 8574.55566406, 516.150146484, 1417.37426758, 217.470611572, 96.4776535034, 184.985916138, 283.159332275, 118.541107178, 17.3465251923, 7.66981220245, 2.3872089386, 2.2148668766, 1.69319105148, 0.0237206630409, 4.18259405706e-05, 6.42394439865e-08, 6.38232966477e-10, 1.36332015122e-10, 5.70469560479e-10],
        "dvar2": [0.216663599014, 35.9101104736, 244.124053955, 216.394485474, 173.855895996, 414.543029785, 158.771209717, 232.082931519, 136.60774231, 278.359771729, 504.361297607, 318.741241455, 549.85534668, 654.921020508, 1084.63562012, 2050.47973633, 397.058807373, 974.696716309, 1579.36572266, 1335.45092773, 6387.03222656, 21937.7382812, 1308.49450684, 3671.85864258, 568.471801758, 277.963287354, 465.593566895, 675.531921387, 340.831817627, 47.0038146973, 17.6246013641, 4.96078252792, 4.83748960495, 4.29967737198, 0.0632108673453, 0.000111107168777, 1.65241715422e-07, 1.55542190239e-09, 3.41547234939e-10, 1.52357215732e-09],
        "max": [1.80165612698, 27.0228767395, 79.5493087769, 89.4676971436, 76.167388916, 151.787857056, 88.4622879028, 100.71685791, 82.7488479614, 144.893783569, 134.625671387, 160.634979248, 172.43119812, 253.319503784, 317.96383667, 323.243011475, 164.208358765, 283.330413818, 283.185668945, 290.158050537, 532.654968262, 1061.30871582, 309.032958984, 442.711608887, 150.260787964, 134.485046387, 222.256469727, 309.761138916, 128.268371582, 46.108341217, 48.5885162354, 32.6378669739, 21.3968315125, 12.3468332291, 1.38312578201, 0.0577083751559, 0.00237176311202, 0.000255645572906, 9.7140095022e-05, 0.000192919062101],
        "mean": [0.101571492851, 1.3724309206, 5.45023775101, 7.22815322876, 7.71235656738, 10.3901329041, 9.58270359039, 7.68885850906, 7.52165937424, 9.53353500366, 12.4571619034, 18.5100650787, 20.0562419891, 28.4016857147, 24.1317214966, 39.4241752625, 24.2928638458, 33.5885162354, 36.4480895996, 47.1301765442, 108.319313049, 161.755554199, 63.4219169617, 98.2024765015, 50.4801368713, 24.2088680267, 21.8988189697, 13.061123848, 5.53341197968, 3.94762015343, 3.17584443092, 1.5066024065, 1.08269572258, 0.538718938828, 0.0493318140507, 0.00217681704089, 0.000125127407955, 2.2166484996e-05, 2.21067621169e-05, 3.95200004277e-05],
        "median": [0.0369392409921, 0.541186869144, 2.83603429794, 4.6141667366, 5.36730194092, 6.31925439835, 6.93122577667, 5.35923576355, 5.49637460709, 5.75551891327, 7.81608295441, 14.1061105728, 11.9604053497, 20.0769424438, 17.1357345581, 27.6801433563, 20.0781364441, 27.0092983246, 26.0704536438, 40.6858673096, 96.8352737427, 131.00491333, 57.9713554382, 88.680480957, 48.1772689819, 21.6956710815, 18.1530761719, 7.507168293, 2.12747240067, 2.25144767761, 2.01674318314, 0.750356972218, 0.367131561041, 0.120076112449, 0.00808280333877, 0.000411731278291, 4.90851452923e-05, 1.34061419885e-05, 1.87227615243e-05, 3.4346281609e-05],
        "min": [1.26286636259e-07, 4.47277034255e-06, 4.4637999963e-05, 4.6446792112e-05, 5.65235313843e-05, 9.82069032034e-05, 0.000240205932641, 0.000126042534248, 8.94299155334e-05, 1.50915593622e-05, 5.04622148583e-05, 0.000150290055899, 0.000165950259543, 0.000255895749433, 0.000147820290294, 9.30931200855e-05, 0.000217748456635, 0.000644628948066, 0.000663965474814, 0.000608304399066, 0.000456373934867, 0.000592240947299, 0.00049401744036, 0.00108212663326, 0.000335889257258, 0.000252365804045, 9.07702269615e-05, 5.11428115715e-05, 1.56552978297e-05, 1.03335614767e-05, 9.94359834294e-06, 2.1732737423e-06, 1.08660606202e-06, 2.97070187116e-07, 5.50890781881e-08, 2.90048820517e-08, 1.27903518887e-08, 4.20385903865e-09, 1.54121149176e-09, 6.70895561328e-10],
        "var": [0.0559596866369, 8.63111591339, 65.4728851318, 68.0201416016, 66.2044525146, 192.822280884, 97.2049636841, 83.3414535522, 63.8326911926, 138.944900513, 218.407745361, 223.93522644, 477.332611084, 744.347473145, 694.745666504, 1398.0357666, 302.558410645, 733.102844238, 1074.5604248, 804.795532227, 4020.81054688, 14251.9755859, 1084.07824707, 2791.04321289, 521.885253906, 167.875839233, 263.376281738, 318.162200928, 100.120368958, 26.9092292786, 14.1496686935, 5.56029510498, 3.75789928436, 1.54474210739, 0.0176261663437, 3.16347686748e-05, 5.65247546547e-08, 7.29096005792e-10, 1.61161972656e-10, 5.41869604742e-10]
    },
    "gfcc": {
        "mean": [15.2232255936, 121.482826233, -177.443099976, 74.5609359741, -53.2797088623, 11.2784786224, -31.3961772919, 1.1503200531, -11.115483284, -26.5752067566, 1.44894707203, -18.7711982727, 3.95280861855],
        "cov": [[2179.12182617, -234.276794434, 249.726898193, 110.969490051, -93.4064102173, 203.782363892, -57.9532394409, 130.266891479, -48.4864234924, 96.4626998901, -45.5557823181, 13.2120504379, 40.0257530212], [-234.276794434, 476.04019165, -81.327003479, 10.4296598434, 142.023468018, -182.799240112, 129.008087158, -134.08934021, 91.8182067871, -96.2725982666, 69.0606002808, -20.0512809753, -14.7742004395], [249.726898193, -81.327003479, 257.814117432, 91.3534698486, 0.236698061228, 127.703643799, -38.5756378174, 73.2041778564, -32.4325180054, 55.5487670898, -29.0542526245, 10.6611623764, 18.1785736084], [110.969490051, 10.4296598434, 91.3534698486, 94.1511764526, 46.0340270996, 49.7521324158, 23.7995300293, 3.27415847778, 12.2130899429, 7.23756551743, -6.19428920746, 2.51851058006, 10.464430809], [-93.4064102173, 142.023468018, 0.236698061228, 46.0340270996, 141.384765625, -3.73682022095, 69.0292816162, -22.1471881866, 25.3918094635, -25.6334266663, 17.366235733, -6.89810848236, 6.44714546204], [203.782363892, -182.799240112, 127.703643799, 49.7521324158, -3.73682022095, 170.839248657, -16.6892662048, 83.2479476929, -38.436252594, 49.75831604, -29.3472290039, 10.7792072296, 19.6661510468], [-57.9532394409, 129.008087158, -38.5756378174, 23.7995300293, 69.0292816162, -16.6892662048, 109.954589844, -16.7079410553, 40.0012664795, -35.2319068909, 8.2205953598, -1.35820293427, 1.58728730679], [130.266891479, -134.08934021, 73.2041778564, 3.27415847778, -22.1471881866, 83.2479476929, -16.7079410553, 113.225959778, -7.56495523453, 46.5514907837, -27.6920223236, 3.23362660408, 14.414812088], [-48.4864234924, 91.8182067871, -32.4325180054, 12.2130899429, 25.3918094635, -38.436252594, 40.0012664795, -7.56495523453, 74.5033721924, -1.98033285141, 14.990778923, -12.1575374603, -8.83985805511], [96.4626998901, -96.2725982666, 55.5487670898, 7.23756551743, -25.6334266663, 49.75831604, -35.2319068909, 46.5514907837, -1.98033285141, 82.7824630737, 1.44491553307, 4.01745939255, -0.157979100943], [-45.5557823181, 69.0606002808, -29.0542526245, -6.19428920746, 17.366235733, -29.3472290039, 8.2205953598, -27.6920223236, 14.990778923, 1.44491553307, 57.2823944092, 13.8220148087, -4.72669410706], [13.2120504379, -20.0512809753, 10.6611623764, 2.51851058006, -6.89810848236, 10.7792072296, -1.35820293427, 3.23362660408, -12.1575374603, 4.01745939255, 13.8220148087, 39.5614128113, 22.1198959351], [40.0257530212, -14.7742004395, 18.1785736084, 10.464430809, 6.44714546204, 19.6661510468, 1.58728730679, 14.414812088, -8.83985805511, -0.157979100943, -4.72669410706, 22.1198959351, 45.8005828857]],
        "icov": [[0.000600007595494, -0.000768923840951, 0.000513608683832, -0.00133448617999, 0.00106457679067, -0.000779234454967, 0.000396028801333, -0.000789654732216, 0.000683076912537, -0.00040335545782, 0.000147363913129, 0.000125027872855, -0.00016653345665], [-0.000768923840951, 0.0303377397358, -0.0238326285034, 0.0209508240223, -0.0150561863557, 0.0241347830743, -0.022565767169, 0.0186442825943, -0.0145842237398, 0.0102447541431, -0.0191530603915, 0.0164992082864, -0.0109234955162], [0.000513608683832, -0.0238326285034, 0.0298409182578, -0.0277131646872, 0.0118275750428, -0.0200922973454, 0.02135983482, -0.019204761833, 0.0148956598714, -0.00949750188738, 0.0156216500327, -0.0141402976587, 0.00990118924528], [-0.00133448617999, 0.0209508240223, -0.0277131646872, 0.0464126355946, -0.0169528704137, 0.00927832257003, -0.0183278303593, 0.0246144291013, -0.0213523749262, 0.00720437383279, -0.00829793699086, 0.00828205514699, -0.00934216193855], [0.00106457679067, -0.0150561863557, 0.0118275750428, -0.0169528704137, 0.0217436421663, -0.0118870381266, 0.00403579417616, -0.00973873585463, 0.00989578105509, -0.00394648639485, 0.00272713252343, 7.96285603428e-05, 0.000499705725815], [-0.000779234454967, 0.0241347830743, -0.0200922973454, 0.00927832257003, -0.0118870381266, 0.0358037762344, -0.0205519683659, 0.00595363881439, -0.0022035271395, 0.00389106245711, -0.0145887490362, 0.0132821630687, -0.00887294393033], [0.000396028801333, -0.022565767169, 0.02135983482, -0.0183278303593, 0.00403579417616, -0.0205519683659, 0.0365508012474, -0.0154050048441, 0.00205539516173, -0.000929780129809, 0.016838317737, -0.0186951085925, 0.0110829332843], [-0.000789654732216, 0.0186442825943, -0.019204761833, 0.0246144291013, -0.00973873585463, 0.00595363881439, -0.0154050048441, 0.0336809121072, -0.0167038720101, 0.00046854885295, -0.00436259107664, 0.00896177440882, -0.0105498628691], [0.000683076912537, -0.0145842237398, 0.0148956598714, -0.0213523749262, 0.00989578105509, -0.0022035271395, 0.00205539516173, -0.0167038720101, 0.0347245074809, -0.0105312662199, 0.00185498676728, 0.00224354420789, 0.00417769188061], [-0.00040335545782, 0.0102447541431, -0.00949750188738, 0.00720437383279, -0.00394648639485, 0.00389106245711, -0.000929780129809, 0.00046854885295, -0.0105312662199, 0.0257293023169, -0.0122015830129, 0.00447965599597, -0.000816271873191], [0.000147363913129, -0.0191530603915, 0.0156216500327, -0.00829793699086, 0.00272713252343, -0.0145887490362, 0.016838317737, -0.00436259107664, 0.00185498676728, -0.0122015830129, 0.0431448444724, -0.0298375226557, 0.0152371637523], [0.000125027872855, 0.0164992082864, -0.0141402976587, 0.00828205514699, 7.96285603428e-05, 0.0132821630687, -0.0186951085925, 0.00896177440882, 0.00224354420789, 0.00447965599597, -0.0298375226557, 0.0595195367932, -0.0303303319961], [-0.00016653345665, -0.0109234955162, 0.00990118924528, -0.00934216193855, 0.000499705725815, -0.00887294393033, 0.0110829332843, -0.0105498628691, 0.00417769188061, -0.000816271873191, 0.0152371637523, -0.0303303319961, 0.0403605028987]]
    },
    "melbands": {
        "dmean": [0.00130429840647, 0.0021977100987, 0.000811464560684, 0.000383367208997, 0.000173976484803, 9.44154016906e-05, 5.69334224565e-05, 5.72918506805e-05, 6.71793677611e-05, 5.53521058464e-05, 5.28404125362e-05, 5.64234433114e-05, 4.83479634568e-05, 4.30942345702e-05, 5.72171593376e-05, 1.97176286747e-05, 3.6071640352e-05, 3.66658969142e-05, 2.00634312932e-05, 4.29384454037e-05, 5.95573073952e-05, 0.000106477629743, 2.71002991212e-05, 2.41721481871e-05, 3.64863080904e-05, 1.60256186064e-05, 1.1210703633e-05, 5.44385648027e-06, 5.5534301282e-06, 7.1478193604e-06, 3.68125188288e-06, 2.50567177318e-06, 1.44808336699e-06, 1.14913939342e-06, 9.89753289105e-07, 6.29970202226e-07, 4.80982635054e-07, 5.29609849309e-07, 5.5336153082e-07, 4.28813535791e-07],
        "dmean2": [0.0022895920556, 0.00386660872027, 0.00139682274312, 0.000651274051052, 0.000289833871648, 0.000153721281094, 8.92317329999e-05, 9.396301175e-05, 0.000107212239527, 8.88192444108e-05, 8.43535526656e-05, 8.6819040007e-05, 7.79350884841e-05, 7.24207275198e-05, 9.34771014727e-05, 3.27271045535e-05, 5.85468369536e-05, 6.01669198659e-05, 3.39482321579e-05, 7.14655470802e-05, 9.86830273177e-05, 0.00017729451065, 4.5065262384e-05, 4.03582416766e-05, 6.14880918874e-05, 2.63691890723e-05, 1.90350910998e-05, 9.36979904509e-06, 9.38156790653e-06, 1.16883247756e-05, 6.00697012487e-06, 4.28900330007e-06, 2.41415682467e-06, 1.86332363228e-06, 1.60431966378e-06, 9.97233541966e-07, 7.51393145038e-07, 8.48336298986e-07, 8.56169378949e-07, 7.11935683739e-07],
        "dvar": [1.05847611849e-05, 2.33238642977e-05, 2.16497392103e-06, 4.6370357154e-07, 8.59694182509e-08, 3.93721322212e-08, 1.03591641931e-08, 1.72061564996e-08, 1.24049783778e-08, 4.97945951139e-09, 6.45087183671e-09, 4.86367968122e-09, 5.25551602237e-09, 3.57226226377e-09, 6.55711263065e-09, 5.14496834025e-10, 2.00891814295e-09, 2.62518695671e-09, 4.50796344698e-10, 1.84002846293e-09, 4.5503942836e-09, 1.48784389253e-08, 6.64988453192e-10, 5.79553460778e-10, 1.26331112238e-09, 2.0306081816e-10, 1.27441321385e-10, 4.93996961393e-11, 5.20890587608e-11, 2.5806679016e-10, 5.73522548897e-11, 5.69513325388e-11, 1.05509776263e-11, 5.2194863015e-12, 3.19058191325e-12, 1.72982114743e-12, 8.05314961851e-13, 1.08750823017e-12, 1.43708807875e-12, 1.28368431336e-12],
        "dvar2": [2.90278712782e-05, 6.56875563436e-05, 6.20278433416e-06, 1.23266841001e-06, 2.30249753486e-07, 1.13616927422e-07, 2.82247132333e-08, 4.64531275668e-08, 3.30201181953e-08, 1.32503883421e-08, 1.66380527133e-08, 1.18385603542e-08, 1.31530040193e-08, 9.3626573161e-09, 1.67394951234e-08, 1.31641031409e-09, 4.96016161478e-09, 6.94542512392e-09, 1.23927346163e-09, 5.02124475332e-09, 1.22471481845e-08, 3.83207563459e-08, 1.62563174033e-09, 1.45522360828e-09, 3.26765947634e-09, 5.49635559288e-10, 3.36074529317e-10, 1.4021138417e-10, 1.41197567527e-10, 6.04598870968e-10, 1.43762030058e-10, 1.66485464304e-10, 2.97329279253e-11, 1.3508523293e-11, 7.41270933524e-12, 4.02601866775e-12, 1.69551829174e-12, 2.43967064432e-12, 3.32466844853e-12, 3.36665309346e-12],
        "max": [0.0231538005173, 0.0392595417798, 0.0153133748099, 0.00821671914309, 0.0031307276804, 0.00227197865024, 0.00128155061975, 0.0018570702523, 0.00100409809966, 0.00104085239582, 0.000884335138835, 0.000927071669139, 0.000971493485849, 0.000932207040023, 0.00101345905568, 0.0002753828594, 0.000646762666292, 0.000629585294519, 0.000208244979149, 0.000458844326204, 0.000744865916204, 0.00134414760396, 0.000307902053464, 0.00030185628566, 0.000397087133024, 0.000161186850164, 0.000130325977807, 8.4662984591e-05, 8.75893892953e-05, 0.000335034477757, 0.000101552956039, 9.73688729573e-05, 4.48722785222e-05, 2.63053207163e-05, 2.61648747255e-05, 2.99671974062e-05, 1.62351770996e-05, 1.47800737977e-05, 1.25450251289e-05, 1.07675077743e-05],
        "mean": [0.00119197682943, 0.0025610178709, 0.00126887147781, 0.000671583577059, 0.000345162698068, 0.000188996767974, 0.000123154255562, 9.38431840041e-05, 0.000121053148177, 0.000117076764582, 0.000101482044556, 0.000113997513836, 8.9213346655e-05, 8.2914972154e-05, 0.000102026628156, 3.89531087421e-05, 6.81667079334e-05, 6.56791744404e-05, 4.04848069593e-05, 9.18394362088e-05, 0.000126502389321, 0.000194945881958, 6.42054583295e-05, 5.74406185478e-05, 8.52951488923e-05, 4.24541212851e-05, 2.62969042524e-05, 1.32673940243e-05, 1.27523990159e-05, 1.33140547405e-05, 5.34418541065e-06, 3.1550980566e-06, 2.21010168389e-06, 2.26465590458e-06, 2.0306499664e-06, 1.22514438772e-06, 7.89010186963e-07, 7.55631333504e-07, 6.72697922255e-07, 3.86766060956e-07],
        "median": [0.000436146598076, 0.00128911098, 0.000872856995557, 0.00047489957069, 0.000263145338977, 0.000131550696096, 9.25837084651e-05, 5.558905832e-05, 7.22894765204e-05, 9.01671883184e-05, 5.70901393075e-05, 7.67861347413e-05, 6.03703483648e-05, 5.95069213887e-05, 6.84643018758e-05, 2.98131235468e-05, 5.24729875906e-05, 4.10493485106e-05, 3.38325589837e-05, 7.9038371041e-05, 0.00010978672799, 0.000150852152728, 5.69529802306e-05, 5.11384714628e-05, 7.5086056313e-05, 3.88341504731e-05, 2.34163599089e-05, 1.15348502732e-05, 1.07512605609e-05, 9.43476334214e-06, 2.55767577073e-06, 1.12239740702e-06, 8.91021159077e-07, 1.40757992995e-06, 1.30106354845e-06, 6.80662481045e-07, 3.53564814759e-07, 2.60774498884e-07, 1.93156068917e-07, 6.618745374e-08],
        "min": [2.15769047074e-09, 1.77080448083e-08, 7.41199102094e-09, 1.02772581556e-08, 7.8283113325e-09, 3.37472094714e-09, 1.17165366298e-09, 1.27653818072e-10, 6.21452223015e-10, 9.21750009653e-10, 7.28940463546e-10, 1.07027231522e-09, 5.77757730547e-10, 4.10271733253e-10, 1.35077726782e-10, 4.56877979893e-10, 1.25682064755e-09, 1.00678410053e-09, 8.84104511822e-10, 6.48856079977e-10, 4.8662940344e-10, 5.74988112678e-10, 3.92856136511e-10, 4.5695616735e-10, 9.28464471972e-10, 2.98370161911e-10, 1.63001875886e-10, 1.76162140431e-10, 5.36931540895e-11, 5.31691149441e-11, 1.77904982412e-11, 1.03653500713e-11, 3.02120004361e-12, 6.66580679543e-12, 6.74204702483e-12, 2.001435042e-12, 1.15402446713e-12, 9.36335210755e-13, 3.53066209081e-13, 1.92882426068e-13],
        "var": [7.29421481083e-06, 1.67357702594e-05, 1.91719414033e-06, 5.67895767745e-07, 1.18024779283e-07, 4.56469848586e-08, 1.56824864206e-08, 1.74277676734e-08, 2.09593675748e-08, 9.2389811357e-09, 1.4563760864e-08, 1.27987229703e-08, 8.65800942051e-09, 6.5843357433e-09, 1.17320828608e-08, 1.00393737767e-09, 3.70505137681e-09, 4.99684604804e-09, 7.02255920082e-10, 3.2397340366e-09, 7.18999748628e-09, 2.463231219e-08, 1.3581068492e-09, 1.07465958354e-09, 2.42709941034e-09, 4.80414985571e-10, 2.4598412196e-10, 7.31452121094e-11, 7.4677479478e-11, 2.83485290797e-10, 6.29974475364e-11, 4.26920582219e-11, 1.22960955654e-11, 8.37020990713e-12, 5.54294761132e-12, 3.45914377871e-12, 1.72792281785e-12, 1.87902731569e-12, 1.82686678285e-12, 1.01758044265e-12]
    },
    "mfcc": {
        "mean": [-591.29119873, 110.408882141, -37.3583526611, 44.0807495117, 10.0663814545, 4.029920578, 2.59645938873, 13.9726543427, -2.40759086609, 1.22833716869, -9.68725585938, 2.10841369629, -3.49544620514],
        "cov": [[1898.3125, -142.031799316, 181.930419922, -7.75396966934, 10.1505632401, 39.2475357056, 29.7960071564, -2.25121378899, 88.5676803589, -33.2311553955, 68.6444015503, 14.4905138016, 18.7872619629], [-142.031799316, 441.678588867, -178.008163452, 153.15272522, -30.6905231476, 6.89972114563, -27.9766139984, 37.6890296936, -75.0271224976, 42.672870636, -56.4873199463, 29.0440120697, -14.6549530029], [181.930419922, -178.008163452, 289.640075684, -37.4588165283, 70.1488342285, 24.2462787628, 33.9364318848, -17.6050014496, 68.243019104, -31.1302394867, 51.9649391174, -1.56518411636, 16.3197002411], [-7.75396966934, 153.15272522, -37.4588165283, 123.137527466, 8.56942939758, 39.4009017944, -5.66034841537, 24.4345664978, -9.86860275269, 16.6450271606, -13.5960540771, 11.6728239059, -7.57208585739], [10.1505632401, -30.6905231476, 70.1488342285, 8.56942939758, 96.4795913696, 28.6096630096, 39.1786613464, -0.841579735279, 25.3706607819, 3.16139507294, 13.4700155258, 2.84745764732, 4.31376552582], [39.2475357056, 6.89972114563, 24.2462787628, 39.4009017944, 28.6096630096, 87.703704834, 34.3863487244, 21.5562839508, 14.4499187469, 1.29796075821, 5.19278097153, -1.89098465443, -1.75819039345], [29.7960071564, -27.9766139984, 33.9364318848, -5.66034841537, 39.1786613464, 34.3863487244, 78.9788208008, 27.1378078461, 31.378364563, -7.76731491089, 4.42587900162, -4.75959777832, 5.24473142624], [-2.25121378899, 37.6890296936, -17.6050014496, 24.4345664978, -0.841579735279, 21.5562839508, 27.1378078461, 70.683303833, 22.0449771881, 11.7002267838, -15.4498414993, -4.68417787552, -7.99289274216], [88.5676803589, -75.0271224976, 68.243019104, -9.86860275269, 25.3706607819, 14.4499187469, 31.378364563, 22.0449771881, 95.1626205444, 12.9325704575, 27.8085250854, -9.26755523682, 1.41941034794], [-33.2311553955, 42.672870636, -31.1302394867, 16.6450271606, 3.16139507294, 1.29796075821, -7.76731491089, 11.7002267838, 12.9325704575, 61.272518158, 8.15504646301, 8.47948741913, -6.77973461151], [68.6444015503, -56.4873199463, 51.9649391174, -13.5960540771, 13.4700155258, 5.19278097153, 4.42587900162, -15.4498414993, 27.8085250854, 8.15504646301, 62.8639526367, 21.2841033936, 14.8490276337], [14.4905138016, 29.0440120697, -1.56518411636, 11.6728239059, 2.84745764732, -1.89098465443, -4.75959777832, -4.68417787552, -9.26755523682, 8.47948741913, 21.2841033936, 52.2711143494, 19.8631687164], [18.7872619629, -14.6549530029, 16.3197002411, -7.57208585739, 4.31376552582, -1.75819039345, 5.24473142624, -7.99289274216, 1.41941034794, -6.77973461151, 14.8490276337, 19.8631687164, 45.9347953796]],
