{
"lowlevel": {
    "average_loudness": 0.979431152344,
    "barkbands_crest": {
        "dmean": 2.1741797924,
        "dmean2": 3.63211393356,
        "dvar": 4.66182756424,
        "dvar2": 12.4893884659,
        "max": 20.5008716583,
        "mean": 8.67197036743,
        "median": 8.05385684967,
        "min": 3.37248420715,
        "var": 9.47026062012
    },
    "barkbands_flatness_db": {
        "dmean": 0.023315584287,
        "dmean2": 0.0339822769165,
        "dvar": 0.000427040882641,
        "dvar2": 0.000955136609264,
        "max": 0.275392353535,
        "mean": 0.138801753521,
        "median": 0.137147039175,
        "min": 0.0353091023862,
        "var": 0.00156419479754
    },
    "barkbands_kurtosis": {
        "dmean": 2.53200793266,
        "dmean2": 4.06584739685,
        "dvar": 16.3663101196,
        "dvar2": 43.8043174744,
        "max": 43.848777771,
        "mean": 3.76536130905,
        "median": 2.86237478256,
        "min": -1.73331654072,
        "var": 22.9585666656
    },
    "barkbands_skewness": {
        "dmean": 0.497625619173,
        "dmean2": 0.753707945347,
        "dvar": 0.315388172865,
        "dvar2": 0.711223959923,
        "max": 5.9300737381,
        "mean": 1.58718669415,
        "median": 1.57735395432,
        "min": -4.37497806549,
        "var": 0.930828213692
    },
    "barkbands_spread": {
        "dmean": 5.0612039566,
        "dmean2": 7.77351522446,
        "dvar": 43.1809616089,
        "dvar2": 92.1040267944,
        "max": 85.5995864868,
        "mean": 17.9681015015,
        "median": 15.7265319824,
        "min": 3.48791360855,
        "var": 114.366882324
    },
    "dissonance": {
        "dmean": 0.0214668884873,
        "dmean2": 0.0358026586473,
        "dvar": 0.00034516188316,
        "dvar2": 0.000849075207952,
        "max": 0.499814689159,
        "mean": 0.454083532095,
        "median": 0.458781957626,
        "min": 0.283848136663,
        "var": 0.000790261139628
    },
    "dynamic_complexity": 2.4615278244,
    "erbbands_crest": {
        "dmean": 2.26579213142,
        "dmean2": 3.5835249424,
        "dvar": 4.41673517227,
        "dvar2": 9.84544086456,
        "max": 25.8775672913,
        "mean": 8.73762607574,
        "median": 7.98677587509,
        "min": 2.72328329086,
        "var": 13.7143497467
    },
    "erbbands_flatness_db": {
        "dmean": 0.0218101479113,
        "dmean2": 0.0279019996524,
        "dvar": 0.000414767215261,
        "dvar2": 0.00072148203617,
        "max": 0.32501026988,
        "mean": 0.159680187702,
        "median": 0.159662902355,
        "min": 0.0563335642219,
        "var": 0.00190708215814
    },
    "erbbands_kurtosis": {
        "dmean": 0.691813409328,
        "dmean2": 1.07687437534,
        "dvar": 0.751331269741,
        "dvar2": 1.58725368977,
        "max": 10.7873077393,
        "mean": 0.418813377619,
        "median": -0.0713109970093,
        "min": -1.62859427929,
        "var": 2.67762923241
    },
    "erbbands_skewness": {
        "dmean": 0.292396247387,
        "dmean2": 0.452041178942,
        "dvar": 0.0792134553194,
        "dvar2": 0.160333573818,
        "max": 2.80771636963,
        "mean": 0.331054985523,
        "median": 0.414032161236,
        "min": -1.95855879784,
        "var": 0.369565308094
    },
    "erbbands_spread": {
        "dmean": 8.23843193054,
        "dmean2": 12.3106384277,
        "dvar": 101.786712646,
        "dvar2": 229.033065796,
        "max": 116.991477966,
        "mean": 36.1676902771,
        "median": 34.005443573,
        "min": 5.64171552658,
        "var": 302.773803711
    },
    "hfc": {
        "dmean": 6.59302043915,
        "dmean2": 9.37778282166,
        "dvar": 77.6265182495,
        "dvar2": 168.675018311,
        "max": 107.258460999,
        "mean": 22.1071338654,
        "median": 19.9045619965,
        "min": 2.28214346976e-07,
        "var": 224.098892212
    },
    "melbands_crest": {
        "dmean": 2.93804168701,
        "dmean2": 4.84907150269,
        "dvar": 6.83821582794,
        "dvar2": 17.0997848511,
        "max": 28.9152202606,
        "mean": 12.9963750839,
        "median": 12.2849531174,
        "min": 4.09832048416,
        "var": 20.6029071808
    },
    "melbands_flatness_db": {
        "dmean": 0.028309488669,
        "dmean2": 0.0416163690388,
        "dvar": 0.000690705433954,
        "dvar2": 0.00153323588893,
        "max": 0.383834898472,
        "mean": 0.213030934334,
        "median": 0.210630655289,
        "min": 0.0348846316338,
        "var": 0.00267106783576
    },
    "melbands_kurtosis": {
        "dmean": 6.06952953339,
        "dmean2": 9.69279289246,
        "dvar": 94.3703231812,
        "dvar2": 237.408920288,
        "max": 94.4636535645,
        "mean": 11.310874939,
        "median": 7.65882873535,
        "min": -1.50631737709,
        "var": 162.533691406
    },
    "melbands_skewness": {
        "dmean": 0.679351985455,
        "dmean2": 1.04541730881,
        "dvar": 0.610678076744,
        "dvar2": 1.32163333893,
        "max": 8.40811443329,
        "mean": 2.52479219437,
        "median": 2.3088581562,
        "min": -2.06369137764,
        "var": 1.92427206039
    },
    "melbands_spread": {
        "dmean": 5.46644639969,
        "dmean2": 8.46860408783,
        "dvar": 105.902076721,
        "dvar2": 279.496002197,
        "max": 225.594940186,
        "mean": 18.6637935638,
        "median": 15.8544301987,
        "min": 2.55265450478,
        "var": 186.402618408
    },
    "pitch_salience": {
        "dmean": 0.0663317888975,
        "dmean2": 0.109456449747,
        "dvar": 0.00372643885203,
        "dvar2": 0.00948706641793,
        "max": 0.869265019894,
        "mean": 0.573296546936,
        "median": 0.576785743237,
        "min": 0.217066884041,
        "var": 0.00952554121614
    },
    "silence_rate_20dB": {
        "dmean": 0,
        "dmean2": 0,
        "dvar": 0,
        "dvar2": 0,
        "max": 1,
        "mean": 1,
        "median": 1,
        "min": 1,
        "var": 0
    },
    "silence_rate_30dB": {
        "dmean": 0.0030959751457,
        "dmean2": 0.00619674660265,
        "dvar": 0.00308635807596,
        "dvar2": 0.00925660319626,
        "max": 1,
        "mean": 0.998453199863,
        "median": 1,
        "min": 0,
        "var": 0.00154439220205
    },
    "silence_rate_60dB": {
        "dmean": 0.00464396271855,
        "dmean2": 0.00929511990398,
        "dvar": 0.00462240166962,
        "dvar2": 0.00920868478715,
        "max": 1,
        "mean": 0.0386697612703,
        "median": 0,
        "min": 0,
        "var": 0.0371744297445
    },
    "spectral_centroid": {
        "dmean": 221.17791748,
        "dmean2": 323.136260986,
        "dvar": 139857.515625,
        "dvar2": 194263.25,
        "max": 10879.5830078,
        "mean": 1062.11682129,
        "median": 941.366271973,
        "min": 317.58782959,
        "var": 339117.71875
    },
    "spectral_complexity": {
        "dmean": 2.89783287048,
        "dmean2": 4.39969015121,
        "dvar": 8.92914676666,
        "dvar2": 17.5970573425,
        "max": 40,
        "mean": 19.5003871918,
        "median": 20,
        "min": 0,
        "var": 44.3598632812
    },
    "spectral_decrease": {
        "dmean": 3.16714388049e-09,
        "dmean2": 5.08140685085e-09,
        "dvar": 2.72659194346e-17,
        "dvar2": 7.07832743843e-17,
        "max": -9.76140951623e-18,
        "mean": -9.27468946088e-09,
        "median": -8.71251604195e-09,
        "min": -4.91866423147e-08,
        "var": 3.28200220032e-17
    },
    "spectral_energy": {
        "dmean": 0.0123705379665,
        "dmean2": 0.0196869391948,
        "dvar": 0.000400204589823,
        "dvar2": 0.00103569484781,
        "max": 0.188934385777,
        "mean": 0.0370100140572,
        "median": 0.0347155220807,
        "min": 5.75416277127e-11,
        "var": 0.000499716959894
    },
    "spectral_energyband_high": {
        "dmean": 0.00045770657016,
        "dmean2": 0.000668802415021,
        "dvar": 8.5438887254e-07,
        "dvar2": 1.80081178769e-06,
        "max": 0.0152027662843,
        "mean": 0.000689808861353,
        "median": 0.000275567552308,
        "min": 1.37050249621e-11,
        "var": 1.67424343545e-06
    },
    "spectral_energyband_low": {
        "dmean": 0.00807800423354,
        "dmean2": 0.0137819517404,
        "dvar": 0.000340388825862,
        "dvar2": 0.000916164834052,
        "max": 0.142391905189,
        "mean": 0.0132117196918,
        "median": 0.0104165868834,
        "min": 1.02873647101e-11,
        "var": 0.000285514106508
    },
    "spectral_energyband_middle_high": {
        "dmean": 0.00181696866639,
        "dmean2": 0.00255310884677,
        "dvar": 6.61236526867e-06,
        "dvar2": 1.26024506244e-05,
        "max": 0.0463019534945,
        "mean": 0.00633994815871,
        "median": 0.00452777650207,
        "min": 9.81221787849e-12,
        "var": 3.61301936209e-05
    },
    "spectral_energyband_middle_low": {
        "dmean": 0.00603602128103,
        "dmean2": 0.00946314446628,
        "dvar": 6.48530112812e-05,
        "dvar2": 0.000144854056998,
        "max": 0.0729168877006,
        "mean": 0.018765764311,
        "median": 0.0174011588097,
        "min": 2.30062132539e-11,
        "var": 0.000151169311721
    },
    "spectral_entropy": {
        "dmean": 0.225267350674,
        "dmean2": 0.304100394249,
        "dvar": 0.0508823618293,
        "dvar2": 0.0974242761731,
        "max": 9.78704071045,
        "mean": 7.35243654251,
        "median": 7.31558704376,
        "min": 6.08253955841,
        "var": 0.185451090336
    },
    "spectral_flux": {
        "dmean": 0.0291331801564,
        "dmean2": 0.0444886796176,
        "dvar": 0.00138501671609,
        "dvar2": 0.00283297291026,
        "max": 0.34654712677,
        "mean": 0.091887190938,
        "median": 0.0812760442495,
        "min": 2.27024902415e-05,
        "var": 0.00254663196392
    },
    "spectral_kurtosis": {
        "dmean": 2.31107258797,
        "dmean2": 3.60326337814,
        "dvar": 5.8553185463,
        "dvar2": 14.5479516983,
        "max": 34.2481193542,
        "mean": 5.82967662811,
        "median": 5.10194683075,
        "min": -1.13770627975,
        "var": 14.8781166077
    },
    "spectral_rms": {
        "dmean": 0.000905851018615,
        "dmean2": 0.00138262601104,
        "dvar": 1.34844174227e-06,
        "dvar2": 3.26617032442e-06,
        "max": 0.013576679863,
        "mean": 0.00572014786303,
        "median": 0.00581969087943,
        "min": 2.36934951658e-07,
        "var": 3.38725362781e-06
    },
    "spectral_rolloff": {
        "dmean": 365.796936035,
        "dmean2": 605.23236084,
        "dvar": 676358.8125,
        "dvar2": 1240500.75,
        "max": 11864.7949219,
        "mean": 1116.41149902,
        "median": 796.728515625,
        "min": 129.19921875,
        "var": 1274788.875
    },
    "spectral_skewness": {
        "dmean": 0.282626420259,
        "dmean2": 0.425553500652,
        "dvar": 0.0719130113721,
        "dvar2": 0.160268932581,
        "max": 4.24998950958,
        "mean": 1.80611348152,
        "median": 1.76793718338,
        "min": -0.000992329791188,
        "var": 0.264377593994
    },
    "spectral_spread": {
        "dmean": 842244.75,
        "dmean2": 1156155,
        "dvar": 1.7982807081e+12,
        "dvar2": 2.73345229619e+12,
        "max": 38672796,
        "mean": 4334332.5,
        "median": 3873997.25,
        "min": 1609502.5,
        "var": 3.23974699418e+12
    },
    "spectral_strongpeak": {
        "dmean": 0.523236513138,
        "dmean2": 0.904578149319,
        "dvar": 0.905435919762,
        "dvar2": 2.11809778214,
        "max": 11.1956567764,
        "mean": 0.921406745911,
        "median": 0.532280564308,
        "min": 0,
        "var": 1.58200228214
    },
    "zerocrossingrate": {
        "dmean": 0.0099213309586,
        "dmean2": 0.0115031646565,
        "dvar": 0.000248621276114,
        "dvar2": 0.000267678609816,
        "max": 0.39013671875,
        "mean": 0.0485864393413,
        "median": 0.04296875,
        "min": 0.009765625,
        "var": 0.000820177956484
    },
    "barkbands": {
        "dmean": [0.000237132553593, 0.00477500865236, 0.00324328569695, 0.00244617764838, 0.002807458397, 0.00163583271205, 0.000967169413343, 0.000825355178677, 0.000882690423168, 0.000924933701754, 0.000466881348984, 0.000399695913075, 0.000317301281029, 0.000307039532345, 0.000399660581024, 0.000172587824636, 0.000174684668309, 0.000171931227669, 9.67187006609e-05, 0.000133734385599, 8.60507570906e-05, 9.03578256839e-05, 7.7772361692e-05, 9.4305469247e-05, 6.95015842211e-05, 3.05242356262e-05, 1.95517395696e-06],
        "dmean2": [0.000370288675185, 0.00843109376729, 0.00555548910052, 0.00407570227981, 0.00463055772707, 0.00261236890219, 0.00149383372627, 0.00126732198987, 0.0013368751388, 0.00141740276013, 0.00068718707189, 0.000637121789623, 0.000456741661765, 0.000416403578129, 0.000625467742793, 0.000252577010542, 0.000263077061391, 0.000255799561273, 0.000145715021063, 0.000197899658815, 0.000130804037326, 0.000136070957524, 0.000125800201204, 0.00014589811326, 0.000111461806227, 4.93468905916e-05, 3.27841030412e-06],
        "dvar": [2.82207963664e-07, 0.000208075434784, 2.91701471724e-05, 1.98365287361e-05, 1.49429251906e-05, 5.03316641698e-06, 2.70799023383e-06, 2.47994648817e-06, 2.29514625971e-06, 1.7471325009e-06, 9.06486889107e-07, 1.28057399706e-06, 8.46794137033e-07, 6.07571791988e-07, 9.87453290691e-07, 2.20913904059e-07, 1.96715589595e-07, 1.32250477236e-07, 3.29171534474e-08, 5.6071357335e-08, 3.78241331589e-08, 5.72466838378e-08, 3.11279535481e-08, 6.23485050255e-08, 2.79458092223e-08, 5.58041035603e-09, 3.1237096243e-11],
        "dvar2": [6.37808170723e-07, 0.000577950268053, 7.9239725892e-05, 4.85342716274e-05, 3.80844576284e-05, 1.21148723338e-05, 5.84663348491e-06, 5.75556214244e-06, 5.05198386236e-06, 4.20089600084e-06, 1.75060711172e-06, 2.84544535134e-06, 1.29054728859e-06, 9.10729795578e-07, 2.24941663873e-06, 4.33293308788e-07, 3.43745995224e-07, 3.00630773609e-07, 7.50313517983e-08, 1.23902012206e-07, 8.09177436167e-08, 1.04295118319e-07, 8.14167862018e-08, 1.2797472948e-07, 7.39019228035e-08, 1.41365443795e-08, 8.26164414658e-11],
        "max": [0.00583466608077, 0.110808089375, 0.0626178234816, 0.0421454980969, 0.0374979153275, 0.0328826270998, 0.0313295423985, 0.017748337239, 0.0265062376857, 0.0165487974882, 0.0184119958431, 0.0232568494976, 0.0381661243737, 0.0201997980475, 0.0281375627965, 0.00949706789106, 0.0160813294351, 0.00537524465472, 0.00335726770572, 0.00533421570435, 0.00392610300332, 0.00513026723638, 0.00238823727705, 0.00515475682914, 0.00190700916573, 0.000769826292526, 6.62434395053e-05],
        "mean": [0.000340907892678, 0.00530035374686, 0.00607595220208, 0.00314074754715, 0.00599366659299, 0.00330923614092, 0.00192288460676, 0.00157242524438, 0.00178158772178, 0.00184476620052, 0.000940529862419, 0.000755281827878, 0.000646321102977, 0.000585975532886, 0.000719591393135, 0.000335297023412, 0.000374657014618, 0.000370048335753, 0.000185352269909, 0.000244831695454, 0.000125279242638, 0.000131840963149, 9.26578723011e-05, 0.000118908603326, 7.15723726898e-05, 2.77718027064e-05, 1.58001830641e-06],
        "median": [5.5424447055e-05, 0.00199850415811, 0.00495598930866, 0.00186038389802, 0.00464981654659, 0.00195905542932, 0.00113210896961, 0.000759354152251, 0.000899257254787, 0.0011116063688, 0.00040320851258, 0.000303501321469, 0.000219423207454, 0.000179538750672, 0.00029516738141, 0.000124129030155, 0.000177375099156, 0.000147267084685, 0.000106676197902, 0.000138341696584, 5.23982962477e-05, 3.35440417985e-05, 2.47925163421e-05, 2.4486636903e-05, 1.67994639924e-05, 4.11100700148e-06, 1.41386465202e-07],
        "min": [5.49133004693e-13, 8.57943577293e-12, 9.09076470785e-13, 1.42212836559e-12, 3.10585129663e-12, 3.94444378419e-13, 3.66491993004e-12, 6.35532858978e-13, 1.06418372378e-11, 1.99226182426e-12, 1.06368451373e-12, 3.5107409601e-12, 2.44303926047e-13, 4.14044829238e-13, 5.1198119095e-13, 1.04211095048e-12, 5.33823798967e-13, 4.00141643995e-13, 5.56099979433e-13, 5.82613818301e-13, 7.04004400349e-13, 7.08071622169e-13, 1.12456387518e-12, 1.08862615103e-12, 2.63853565732e-12, 1.82641358634e-12, 5.67039167357e-12],
        "var": [5.58081353574e-07, 0.000144238030771, 3.76889693143e-05, 2.08641904464e-05, 2.77828003163e-05, 1.49235593199e-05, 6.19384991296e-06, 5.20609501109e-06, 6.47740307613e-06, 4.19598882218e-06, 3.35930349138e-06, 3.42228736372e-06, 4.01625266022e-06, 2.00638555725e-06, 2.08449000638e-06, 6.68378277169e-07, 6.8231406658e-07, 3.72533264681e-07, 5.839078554e-08, 1.03667098017e-07, 6.51445546396e-08, 1.44848186778e-07, 3.82950915423e-08, 1.24794226508e-07, 2.53761562874e-08, 4.7704356021e-09, 2.35405809429e-11]
    },
    "erbbands": {
        "dmean": [0.102513633668, 1.20195901394, 3.58664727211, 5.57876205444, 9.30081939697, 9.78714179993, 12.8177938461, 12.8756971359, 15.2658452988, 17.1011734009, 17.3042793274, 18.04155159, 31.4171943665, 19.9286193848, 16.091255188, 18.6673202515, 14.383597374, 14.3500051498, 17.3825244904, 17.5191955566, 8.64504051208, 7.54024553299, 8.71895599365, 7.24252319336, 4.05807828903, 6.64796209335, 4.29221916199, 3.16184473038, 3.41877627373, 2.73591732979, 2.08254337311, 1.93053305149, 1.58516180515, 0.967420339584, 0.390478163958, 0.156066551805, 0.0519577115774, 0.00919731147587, 0.000215485721128, 1.89792299352e-05],
        "dmean2": [0.180325418711, 2.1165997982, 6.11926984787, 9.348985672, 15.3271827698, 16.0700302124, 20.6242847443, 21.1179962158, 24.2023200989, 26.6710338593, 26.1739387512, 27.4995727539, 47.667514801, 29.9647464752, 24.0737762451, 29.3273353577, 20.1587657928, 20.1914310455, 24.6327056885, 27.9101753235, 12.5659542084, 11.2593479156, 13.4905004501, 10.688829422, 6.12329101562, 9.97237873077, 6.48762989044, 4.77658939362, 5.09004116058, 4.26810073853, 3.36489009857, 2.97516608238, 2.48533725739, 1.55649960041, 0.631038665771, 0.249084994197, 0.0843723341823, 0.0148593625054, 0.000346162734786, 2.88346327579e-05],
        "dvar": [0.104329891503, 12.2137784958, 42.1457862854, 69.8378372192, 240.719070435, 195.326034546, 464.260192871, 402.252868652, 490.577026367, 1219.10705566, 1052.79064941, 1447.53100586, 2101.94555664, 1327.49047852, 903.869995117, 2803.00830078, 1967.71289062, 933.132568359, 1503.67089844, 3140.22851562, 614.872680664, 253.261611938, 406.941802979, 153.713226318, 48.1260643005, 139.573806763, 86.0683135986, 75.6378326416, 80.1021347046, 38.055305481, 21.4920139313, 31.5231494904, 16.0993614197, 5.70387077332, 0.911459743977, 0.155237823725, 0.0159258320928, 0.000521633599419, 2.88449825803e-07, 8.83638273663e-10],
        "dvar2": [0.28650662303, 34.0403633118, 114.454490662, 171.042602539, 590.068786621, 492.272521973, 1082.73828125, 974.694152832, 1075.77355957, 2815.33398438, 2317.83325195, 3140.7734375, 4976.57568359, 3121.15551758, 1861.9140625, 6413.83105469, 2996.03564453, 1624.87939453, 2539.19238281, 8024.30273438, 1120.47338867, 482.940948486, 937.571716309, 333.403900146, 106.526092529, 326.988372803, 178.937423706, 150.54699707, 140.846618652, 88.499382019, 55.8008041382, 61.1172294617, 37.6399040222, 15.0228204727, 2.4344701767, 0.400972127914, 0.0402365773916, 0.00136126147117, 7.46295995668e-07, 2.17632201149e-09],
        "max": [2.83597254753, 25.8823604584, 65.0640869141, 86.6006698608, 148.70993042, 159.23260498, 281.246948242, 292.415130615, 329.184997559, 696.067565918, 430.23324585, 766.521850586, 627.260559082, 474.850097656, 520.148010254, 1180.28625488, 1841.96777344, 526.622558594, 778.051696777, 1895.21264648, 762.539672852, 473.562561035, 301.47869873, 209.831161499, 107.692054749, 255.380111694, 237.625366211, 180.894805908, 187.756515503, 116.645652771, 55.5481987, 135.716583252, 51.814956665, 29.802482605, 9.73947525024, 4.75384235382, 1.31409299374, 0.247935250401, 0.00512669840828, 0.000239808461629],
        "mean": [0.114069126546, 1.37732815742, 6.37585258484, 9.19983768463, 15.709736824, 20.3680477142, 24.5363063812, 24.395488739, 29.5236492157, 29.6239967346, 37.2880249023, 39.9030036926, 65.9391784668, 41.161113739, 35.0106086731, 37.2079162598, 32.7644691467, 30.3987941742, 33.7922706604, 33.6007118225, 19.7913093567, 17.225944519, 20.3647251129, 15.5181646347, 8.1589717865, 12.1255750656, 7.0020980835, 4.44437503815, 4.94773197174, 3.55923724174, 2.44676160812, 2.37410616875, 1.97963941097, 1.05003345013, 0.373869657516, 0.142046570778, 0.0467076711357, 0.00822494551539, 0.000207460587262, 4.95260719617e-05],
        "median": [0.0332001484931, 0.590829133987, 4.84062719345, 6.81101799011, 10.2926015854, 13.631562233, 15.5023937225, 13.2653150558, 15.8716077805, 17.2074832916, 18.3985099792, 20.0750751495, 41.6397743225, 21.6871395111, 18.1122283936, 15.7959938049, 11.7908525467, 11.4993009567, 13.5478172302, 11.901055336, 7.70900154114, 8.77651977539, 9.08015727997, 8.14057064056, 4.93211364746, 7.0570025444, 3.78510951996, 1.5129108429, 1.2384647131, 0.950854659081, 0.63705432415, 0.505537986755, 0.423772424459, 0.255592018366, 0.0741853639483, 0.0235025566071, 0.00639597931877, 0.000956977077294, 4.21067306888e-05, 4.35605870734e-05],
        "min": [2.71261152429e-10, 1.7800928509e-09, 1.65005065167e-09, 2.7602353736e-09, 8.55398418764e-09, 1.0951160867e-08, 4.61229099358e-09, 5.08971087498e-09, 4.46055210546e-08, 3.3820111156e-08, 5.47658913774e-08, 2.07362148785e-07, 1.32971749167e-07, 7.40993968407e-08, 6.77777691749e-08, 1.1558687163e-07, 1.576271913e-08, 2.25972485168e-08, 1.90582571946e-08, 3.99606712165e-08, 5.40344267108e-08, 2.7891378096e-08, 2.64622279644e-08, 1.6730671959e-08, 3.03948013425e-08, 3.13579278099e-08, 2.78720779789e-08, 2.66309392316e-08, 2.56089673911e-08, 2.74956502011e-08, 2.68672799564e-08, 2.01602308181e-08, 2.44105944347e-08, 3.22417683662e-08, 1.53008450354e-08, 7.72201680377e-09, 3.59262175564e-09, 2.78312994872e-09, 9.33248145429e-10, 6.24750320921e-11],
        "var": [0.0786499455571, 8.36909198761, 46.9024963379, 91.1383514404, 324.845062256, 447.82208252, 943.526000977, 1031.39941406, 1365.5111084, 1737.8762207, 2886.53125, 3994.90869141, 5126.14599609, 3233.66601562, 3186.88696289, 7839.39599609, 9355.94238281, 3706.40258789, 4483.61425781, 8312.27246094, 2502.65161133, 1023.63427734, 1082.83435059, 404.650756836, 96.4656600952, 246.311553955, 142.573913574, 140.878372192, 219.076766968, 63.9161109924, 27.7915821075, 65.4486694336, 26.5323982239, 5.63415288925, 0.746888101101, 0.127991557121, 0.0136348567903, 0.000438754534116, 2.43244642206e-07, 1.13924447653e-09]
    },
    "gfcc": {
        "mean": [11.6413259506, 112.184310913, -114.640167236, 26.2092037201, -58.7052536011, 12.1835594177, -37.6764602661, 9.36860179901, -28.9694213867, -3.80573177338, -17.4221839905, -5.26658439636, -9.62318992615],
        "cov": [[7733.70751953, -615.677368164, 96.9106063843, 275.619171143, -246.962127686, 27.1670284271, -329.993499756, 58.9219970703, -82.8934936523, 155.524673462, -173.011230469, 0.0929793119431, -110.923118591], [-615.677368164, 1249.33984375, -234.18321228, -201.071365356, 267.073059082, -128.0105896, 189.805389404, -75.8792266846, 46.4412345886, -113.926300049, 143.084442139, -151.873703003, 55.3184432983], [96.9106063843, -234.18321228, 465.886138916, 131.885940552, -0.0668491795659, 142.966156006, -2.02798557281, 29.6113395691, -4.4577703476, 46.1679534912, -65.8811950684, 74.226776123, -22.3618240356], [275.619171143, -201.071365356, 131.885940552, 298.486297607, 32.6264381409, 73.2810211182, -16.9672088623, 35.6582756042, 48.1426010132, 9.1791973114, -33.55052948, 19.9964694977, 22.2563838959], [-246.962127686, 267.073059082, -0.0668491795659, 32.6264381409, 256.657958984, 38.2073173523, 52.8154678345, 13.4514923096, 29.5400066376, -11.6649332047, 16.6181659698, -29.2438621521, 0.0280973240733], [27.1670284271, -128.0105896, 142.966156006, 73.2810211182, 38.2073173523, 269.91784668, 87.9339904785, -8.03613090515, 13.0539169312, 24.5060100555, -6.18245410919, 10.8315010071, -30.5033016205], [-329.993499756, 189.805389404, -2.02798557281, -16.9672088623, 52.8154678345, 87.9339904785, 186.621704102, -2.85896921158, -21.175163269, -10.4206066132, 52.7796783447, -15.180768013, -0.030440127477], [58.9219970703, -75.8792266846, 29.6113395691, 35.6582756042, 13.4514923096, -8.03613090515, -2.85896921158, 105.372886658, 24.9494190216, 3.75688195229, -0.494777619839, 20.421749115, 5.69507455826], [-82.8934936523, 46.4412345886, -4.4577703476, 48.1426010132, 29.5400066376, 13.0539169312, -21.175163269, 24.9494190216, 109.617721558, 8.96999931335, -5.89495754242, -4.86602544785, 17.2046947479], [155.524673462, -113.926300049, 46.1679534912, 9.1791973114, -11.6649332047, 24.5060100555, -10.4206066132, 3.75688195229, 8.96999931335, 88.7335128784, 2.1041829586, 16.2454452515, -2.04696273804], [-173.011230469, 143.084442139, -65.8811950684, -33.55052948, 16.6181659698, -6.18245410919, 52.7796783447, -0.494777619839, -5.89495754242, 2.1041829586, 92.6668930054, -4.83457565308, 5.5490603447], [0.0929793119431, -151.873703003, 74.226776123, 19.9964694977, -29.2438621521, 10.8315010071, -15.180768013, 20.421749115, -4.86602544785, 16.2454452515, -4.83457565308, 89.9649734497, 6.339366436], [-110.923118591, 55.3184432983, -22.3618240356, 22.2563838959, 0.0280973240733, -30.5033016205, -0.030440127477, 5.69507455826, 17.2046947479, -2.04696273804, 5.5490603447, 6.339366436, 69.5783004761]],
        "icov": [[0.000198708381504, -0.000383607926778, 0.00025740620913, -0.000469780963613, 0.000437012145994, -0.000381160818506, 0.000621715211309, -0.000493885192554, 0.000687027699314, -0.000704304256942, 0.000534571823664, -0.000193839136045, 0.000512616708875], [-0.000383607926778, 0.00483158417046, -0.00194402120542, 0.00333505356684, -0.00407149316743, 0.00367411086336, -0.00437547825277, 0.00409391988069, -0.00492330593988, 0.00503131467849, -0.00484921317548, 0.00439847167581, -0.00351773924194], [0.00025740620913, -0.00194402120542, 0.00456732930616, -0.00246208277531, 0.00153256906196, -0.00288078724407, 0.00176931824535, -0.00229240441695, 0.00304712867364, -0.00339175527915, 0.00427535735071, -0.00399466464296, 0.00230600335635], [-0.000469780963613, 0.00333505356684, -0.00246208277531, 0.00721012894064, -0.00334384222515, 0.00145156041253, -0.0025227391161, 0.0020438961219, -0.00489633763209, 0.00431816745549, -0.00299027818255, 0.00303591880947, -0.00472915591672], [0.000437012145994, -0.00407149316743, 0.00153256906196, -0.00334384222515, 0.00809105392545, -0.00327389780432, 0.00273049646057, -0.004033846315, 0.00313179893419, -0.00391659932211, 0.00370734580792, -0.00215802108869, 0.00340005243197], [-0.000381160818506, 0.00367411086336, -0.00288078724407, 0.00145156041253, -0.00327389780432, 0.00944826379418, -0.00721427705139, 0.00478746090084, -0.00562668312341, 0.00277950824238, -0.00284825800918, 0.00277234357782, 0.000277156068478], [0.000621715211309, -0.00437547825277, 0.00176931824535, -0.0025227391161, 0.00273049646057, -0.00721427705139, 0.0137798357755, -0.00494537176564, 0.00737592717633, -0.0035007125698, -0.000231263649766, -0.002160836244, 0.00138092506677], [-0.000493885192554, 0.00409391988069, -0.00229240441695, 0.0020438961219, -0.004033846315, 0.00478746090084, -0.00494537176564, 0.0148574989289, -0.00712890038267, 0.00464053684846, -0.00456133857369, 0.000952626694925, -0.00237432308495], [0.000687027699314, -0.00492330593988, 0.00304712867364, -0.00489633763209, 0.00313179893419, -0.00562668312341, 0.00737592717633, -0.00712890038267, 0.0174289233983, -0.00681901304051, 0.00515932263806, -0.00279908045195, 0.00100709777325], [-0.000704304256942, 0.00503131467849, -0.00339175527915, 0.00431816745549, -0.00391659932211, 0.00277950824238, -0.0035007125698, 0.00464053684846, -0.00681901304051, 0.0185642689466, -0.00745753152296, 0.00325695541687, -0.00422526337206], [0.000534571823664, -0.00484921317548, 0.00427535735071, -0.00299027818255, 0.00370734580792, -0.00284825800918, -0.000231263649766, -0.00456133857369, 0.00515932263806, -0.00745753152296, 0.0204544942826, -0.0060327812098, 0.0035844577942], [-0.000193839136045, 0.00439847167581, -0.00399466464296, 0.00303591880947, -0.00215802108869, 0.00277234357782, -0.002160836244, 0.000952626694925, -0.00279908045195, 0.00325695541687, -0.0060327812098, 0.0188607070595, -0.00537299225107], [0.000512616708875, -0.00351773924194, 0.00230600335635, -0.00472915591672, 0.00340005243197, 0.000277156068478, 0.00138092506677, -0.00237432308495, 0.00100709777325, -0.00422526337206, 0.0035844577942, -0.00537299225107, 0.0203855950385]]
    },
    "melbands": {
        "dmean": [0.00112556503154, 0.00177669746336, 0.00105705356691, 0.00062179856468, 0.000437710870756, 0.000300123938359, 0.000227582553634, 0.000180810500751, 0.000143149853102, 0.000120150303701, 0.000157551519806, 8.37728439365e-05, 6.71257585054e-05, 4.07555162383e-05, 4.64838412881e-05, 2.76965820376e-05, 2.82538840111e-05, 2.88440915028e-05, 2.36456235143e-05, 1.8038053895e-05, 1.15718285087e-05, 8.18570879346e-06, 9.25019776332e-06, 1.02761414382e-05, 6.00216844759e-06, 3.01496652355e-06, 3.97669828089e-06, 4.6286622819e-06, 3.38410609402e-06, 1.73847342921e-06, 2.00498493541e-06, 2.17151728066e-06, 1.63189395153e-06, 1.54808856223e-06, 1.23248912587e-06, 1.11319047846e-06, 1.22980020478e-06, 1.16057844934e-06, 1.02057458662e-06, 7.70936424033e-07],
        "dmean2": [0.0019870174583, 0.0030305411201, 0.00174164923374, 0.00102093128953, 0.000702905119397, 0.000486761069624, 0.000357305340003, 0.00028467172524, 0.000218137414777, 0.000183170413948, 0.000239302127738, 0.000127255640109, 9.91167180473e-05, 6.53449314996e-05, 6.87722495059e-05, 3.87269246858e-05, 3.99151576858e-05, 3.94152302761e-05, 3.81742574973e-05, 2.76909377135e-05, 1.70539169631e-05, 1.25249616758e-05, 1.42737353599e-05, 1.55978978e-05, 9.02759711607e-06, 4.61131094198e-06, 6.03906437391e-06, 6.96641063769e-06, 5.24491906617e-06, 2.672707069e-06, 3.08614698952e-06, 3.23911945088e-06, 2.54152905654e-06, 2.47975413004e-06, 2.01905777431e-06, 1.77825768333e-06, 1.91119784176e-06, 1.81442123903e-06, 1.65857011325e-06, 1.24946802771e-06],
        "dvar": [1.25561273308e-05, 1.38623427119e-05, 2.83730287265e-06, 7.97746338321e-07, 4.67109856572e-07, 1.96083135506e-07, 1.15924692068e-07, 1.41174240298e-07, 7.23772899391e-08, 5.09120319236e-08, 5.2147779428e-08, 2.46630769141e-08, 1.82174044738e-08, 1.07538502547e-08, 1.85224475757e-08, 4.18007894964e-09, 3.70255404114e-09, 5.19069942584e-09, 4.68406646803e-09, 2.36875408177e-09, 1.60815982753e-09, 3.33921751361e-10, 4.42313852211e-10, 4.23245938297e-10, 1.15844819848e-10, 3.60109338182e-11, 4.37913802442e-11, 7.62706425794e-11, 6.00245686488e-11, 1.34917008121e-11, 4.21565699016e-11, 3.7926637525e-11, 1.5662953573e-11, 1.34663113993e-11, 7.65795846874e-12, 7.16825340405e-12, 1.68281465152e-11, 9.06855580213e-12, 6.98776279895e-12, 3.59060350896e-12],
        "dvar2": [3.48736175511e-05, 3.76848693122e-05, 6.91351897331e-06, 1.93566006601e-06, 1.12968530175e-06, 4.84842360038e-07, 2.54784254139e-07, 3.33092231131e-07, 1.63729652058e-07, 1.12371523642e-07, 1.23307330568e-07, 5.82690589113e-08, 3.52532616432e-08, 2.54833292246e-08, 3.63175693963e-08, 6.13399153693e-09, 6.59662413582e-09, 7.46711670274e-09, 1.16923031257e-08, 5.76528780272e-09, 3.13344483693e-09, 6.28053387075e-10, 9.45597711244e-10, 9.39385236265e-10, 2.60969634791e-10, 8.32484289837e-11, 1.02648681222e-10, 1.74917372253e-10, 1.2467669952e-10, 2.92765291177e-11, 8.44236416886e-11, 7.27439913861e-11, 3.17751866485e-11, 3.44137149333e-11, 2.04076512633e-11, 1.8025780521e-11, 3.03682183567e-11, 2.02112649533e-11, 1.83767757955e-11, 9.54912451195e-12],
        "max": [0.0282808691263, 0.0326920822263, 0.0162664335221, 0.00906905531883, 0.00911805965006, 0.00618615094572, 0.00597038166597, 0.0071960655041, 0.00425905780867, 0.00423676660284, 0.00312571972609, 0.00213207630441, 0.00261000101455, 0.0021573335398, 0.00373236183077, 0.00223979121074, 0.000919757410884, 0.00179252831731, 0.00192412862089, 0.00144947227091, 0.00124888995197, 0.000558238825761, 0.000426463491749, 0.000294302677503, 0.000174643486389, 0.000118232033856, 8.94776967471e-05, 0.000197556728381, 0.000196646869881, 8.06525204098e-05, 0.00015603195061, 0.000132218279759, 7.38927847124e-05, 5.8824341977e-05, 3.12913398375e-05, 3.62842838513e-05, 0.000109021755634, 4.45720397693e-05, 3.01904401567e-05, 2.14675801544e-05],
        "mean": [0.00125746941194, 0.0028759369161, 0.00183347903658, 0.00129874190316, 0.000875745201483, 0.00058102060575, 0.000443719385657, 0.00030984604382, 0.000306875241222, 0.000252063007792, 0.00032465098775, 0.000160331779625, 0.000137603812618, 7.65558215789e-05, 9.44748389884e-05, 6.0425587435e-05, 5.47052441107e-05, 5.43263777217e-05, 4.25711477874e-05, 3.48350440618e-05, 2.33408427448e-05, 1.77012261702e-05, 1.73694843397e-05, 2.23880506383e-05, 1.13954538392e-05, 5.51559196538e-06, 6.94110394761e-06, 8.1140506154e-06, 5.14156135978e-06, 2.60051842815e-06, 2.57441843132e-06, 2.99738303511e-06, 2.22471953748e-06, 1.89911531834e-06, 1.39159567425e-06, 1.28905855945e-06, 1.53588189278e-06, 1.46951208535e-06, 1.14082308755e-06, 7.9829948163e-07],
        "median": [0.000444183649961, 0.00208185310476, 0.00143570138607, 0.000951239839196, 0.00061323447153, 0.000329928530846, 0.000249522418017, 0.000174409564352, 0.000146762031363, 0.000132282133563, 0.000203758580028, 7.62673007557e-05, 6.04602755629e-05, 3.73543407477e-05, 3.30059374392e-05, 2.2316862669e-05, 1.85862918443e-05, 1.88753765542e-05, 1.81695759238e-05, 1.21599578051e-05, 8.49803473102e-06, 8.64853882376e-06, 8.22825495561e-06, 7.89288787928e-06, 5.92681772105e-06, 2.96534062727e-06, 3.87309864891e-06, 4.41155179942e-06, 2.44656530413e-06, 1.08650306174e-06, 6.02538932526e-07, 6.86983298692e-07, 6.18474814473e-07, 5.07938068495e-07, 3.64577800838e-07, 3.38144104717e-07, 2.86675714278e-07, 2.87400894194e-07, 2.81152978232e-07, 1.88841923432e-07],
        "min": [2.43465317351e-12, 1.41965345729e-12, 6.66906634084e-13, 7.33543759589e-13, 2.38700796325e-13, 1.18503771791e-13, 7.20063711348e-13, 2.86513868186e-13, 6.75117297136e-13, 1.25672822843e-12, 5.82806752077e-13, 2.70231103119e-13, 1.61681676077e-13, 4.84559983284e-13, 6.42984607615e-14, 3.25915848671e-14, 4.03694784578e-14, 2.56303326815e-14, 4.34677691248e-14, 7.23355159408e-14, 5.92875696996e-14, 2.65935734669e-14, 3.72007858004e-14, 1.0957561254e-14, 1.29694457688e-14, 2.35230146586e-14, 2.10652232013e-14, 1.9798390561e-14, 1.80924983925e-14, 1.61151524932e-14, 1.5151147684e-14, 1.44348966238e-14, 1.29434062819e-14, 1.75753305681e-14, 1.34590189539e-14, 1.88681264623e-14, 1.0057445599e-14, 1.19921959055e-14, 2.86788313637e-14, 2.81466761384e-14],
        "var": [8.892857295e-06, 1.23212812468e-05, 3.53432301381e-06, 1.53890266574e-06, 8.86010923296e-07, 5.32131537057e-07, 3.10206274889e-07, 1.9540816254e-07, 1.92158836398e-07, 1.36951626928e-07, 1.26754045482e-07, 5.76004595132e-08, 6.78776999052e-08, 2.72898716958e-08, 6.87798902277e-08, 1.95860074825e-08, 1.26679839951e-08, 1.57876787199e-08, 8.79962325229e-09, 7.62069785054e-09, 5.54792833896e-09, 1.25540822182e-09, 1.0789539262e-09, 1.5840789791e-09, 2.33500246916e-10, 5.97103963496e-11, 7.91765542019e-11, 1.32845637268e-10, 9.57218679321e-11, 2.26760121097e-11, 7.62702401236e-11, 9.12432351896e-11, 3.58131788114e-11, 1.71006264704e-11, 8.81781193202e-12, 9.72769000768e-12, 3.73379174801e-11, 1.63070425219e-11, 7.45415795061e-12, 3.29904116178e-12]
    },
    "mfcc": {
        "mean": [-630.097412109, 140.409072876, 2.73591518402, 17.5796966553, 3.40961027145, -0.65287566185, 3.35377049446, 2.88081693649, -1.11972522736, 1.2768471241, -4.89674282074, -5.16323661804, -4.96905565262],
        "cov": [[5748.40039062, -271.827850342, 55.1390838623, 98.8128662109, 21.9018573761, -70.5532913208, -148.525604248, -133.048980713, -0.375475913286, 56.7758216858, -43.7451133728, -35.0700721741, 39.5028991699], [-271.827850342, 1346.05480957, -359.562988281, -2.13009548187, -6.30447101593, -42.5255470276, 123.658889771, 2.1873395443, -67.3458862305, 69.7016296387, -29.4300918579, 2.04349637032, 11.1408090591], [55.1390838623, -359.562988281, 454.978485107, 14.9379940033, 16.7339096069, 107.716003418, -4.98850059509, 37.9046707153, 68.5938720703, -44.1391563416, 13.1146497726, 30.6199932098, -1.90413057804], [98.8128662109, -2.13009548187, 14.9379940033, 207.866455078, 81.2538909912, -25.5465431213, -15.2720108032, 10.6843900681, 43.5612335205, -10.2519950867, -20.2717647552, 16.1583309174, 13.4176588058], [21.9018573761, -6.30447101593, 16.7339096069, 81.2538909912, 203.102233887, 36.0234718323, -28.3027439117, 23.7121810913, 53.8245620728, 22.146780014, 16.2544231415, 1.89289855957, 0.733373761177], [-70.5532913208, -42.5255470276, 107.716003418, -25.5465431213, 36.0234718323, 248.909851074, 74.1808319092, 37.1701049805, 29.3542747498, 20.0593757629, 30.0479488373, 14.6931838989, -11.9018507004], [-148.525604248, 123.658889771, -4.98850059509, -15.2720108032, -28.3027439117, 74.1808319092, 186.630218506, 54.1281929016, -28.469865799, 29.7546138763, 16.35131073, 3.71282601357, 10.0810422897], [-133.048980713, 2.1873395443, 37.9046707153, 10.6843900681, 23.7121810913, 37.1701049805, 54.1281929016, 122.719779968, 23.8786468506, -6.51813268661, 20.8599052429, 14.8916511536, 4.09954929352], [-0.375475913286, -67.3458862305, 68.5938720703, 43.5612335205, 53.8245620728, 29.3542747498, -28.469865799, 23.8786468506, 104.493049622, 11.2039260864, -2.17712473869, 13.7687206268, -2.85279607773], [56.7758216858, 69.7016296387, -44.1391563416, -10.2519950867, 22.146780014, 20.0593757629, 29.7546138763, -6.51813268661, 11.2039260864, 94.7257919312, 18.6461753845, -17.9221553802, 13.3506164551], [-43.7451133728, -29.4300918579, 13.1146497726, -20.2717647552, 16.2544231415, 30.0479488373, 16.35131073, 20.8599052429, -2.17712473869, 18.6461753845, 72.5550613403, 10.6835107803, -1.96966969967], [-35.0700721741, 2.04349637032, 30.6199932098, 16.1583309174, 1.89289855957, 14.6931838989, 3.71282601357, 14.8916511536, 13.7687206268, -17.9221553802, 10.6835107803, 71.681678772, 10.4256086349], [39.5028991699, 11.1408090591, -1.90413057804, 13.4176588058, 0.733373761177, -11.9018507004, 10.0810422897, 4.09954929352, -2.85279607773, 13.3506164551, -1.96966969967, 10.4256086349, 61.6279678345]],
