{
"lowlevel": {
    "average_loudness": 0.966416180134,
    "barkbands_crest": {
        "dmean": 2.90632891655,
        "dmean2": 4.64991283417,
        "dvar": 6.81167030334,
        "dvar2": 16.7931594849,
        "max": 24.8127288818,
        "mean": 12.4129505157,
        "median": 11.8748445511,
        "min": 2.77841067314,
        "var": 17.185218811
    },
    "barkbands_flatness_db": {
        "dmean": 0.0286886338145,
        "dmean2": 0.0405614264309,
        "dvar": 0.000644067768008,
        "dvar2": 0.0013361502206,
        "max": 0.415892243385,
        "mean": 0.216950237751,
        "median": 0.214897230268,
        "min": 0.0750141888857,
        "var": 0.00285638635978
    },
    "barkbands_kurtosis": {
        "dmean": 4.80813312531,
        "dmean2": 7.36816501617,
        "dvar": 58.4598464966,
        "dvar2": 138.017272949,
        "max": 137.301651001,
        "mean": 8.64240550995,
        "median": 5.61508655548,
        "min": -1.58925259113,
        "var": 118.653068542
    },
    "barkbands_skewness": {
        "dmean": 0.664910197258,
        "dmean2": 0.982545435429,
        "dvar": 0.45923358202,
        "dvar2": 1.01291549206,
        "max": 9.16037845612,
        "mean": 2.04393172264,
        "median": 1.84215795994,
        "min": -1.56901848316,
        "var": 1.58270657063
    },
    "barkbands_spread": {
        "dmean": 3.80561137199,
        "dmean2": 5.49875926971,
        "dvar": 23.4981422424,
        "dvar2": 44.4836502075,
        "max": 69.8638839722,
        "mean": 12.1501665115,
        "median": 10.1213760376,
        "min": 0.803875088692,
        "var": 71.5080871582
    },
    "dissonance": {
        "dmean": 0.0285159144551,
        "dmean2": 0.0464148111641,
        "dvar": 0.000635152042378,
        "dvar2": 0.00170005636755,
        "max": 0.49905398488,
        "mean": 0.434905618429,
        "median": 0.442897588015,
        "min": 0.247409135103,
        "var": 0.00163693621289
    },
    "dynamic_complexity": 2.46208500862,
    "erbbands_crest": {
        "dmean": 3.25714111328,
        "dmean2": 4.87494516373,
        "dvar": 9.57260608673,
        "dvar2": 19.7576599121,
        "max": 31.8118133545,
        "mean": 14.329372406,
        "median": 13.5145673752,
        "min": 2.45412945747,
        "var": 42.0267181396
    },
    "erbbands_flatness_db": {
        "dmean": 0.0241316575557,
        "dmean2": 0.030281143263,
        "dvar": 0.00044875551248,
        "dvar2": 0.000725410529412,
        "max": 0.408965200186,
        "mean": 0.210945889354,
        "median": 0.205185547471,
        "min": 0.110117226839,
        "var": 0.0024530228693
    },
    "erbbands_kurtosis": {
        "dmean": 2.09617972374,
        "dmean2": 3.0713365078,
        "dvar": 8.90822696686,
        "dvar2": 17.6265220642,
        "max": 55.1991958618,
        "mean": 3.22042107582,
        "median": 1.89008331299,
        "min": -1.75985610485,
        "var": 23.139749527
    },
    "erbbands_skewness": {
        "dmean": 0.441904515028,
        "dmean2": 0.654769778252,
        "dvar": 0.167343050241,
        "dvar2": 0.361419200897,
        "max": 5.57863807678,
        "mean": 1.22652482986,
        "median": 1.16914653778,
        "min": -1.85094594955,
        "var": 0.794932961464
    },
    "erbbands_spread": {
        "dmean": 9.52341842651,
        "dmean2": 12.6603069305,
        "dvar": 94.8991470337,
        "dvar2": 171.887145996,
        "max": 136.144271851,
        "mean": 31.1443061829,
        "median": 27.0829391479,
        "min": 2.20623755455,
        "var": 343.394958496
    },
    "hfc": {
        "dmean": 5.09159708023,
        "dmean2": 6.87146663666,
        "dvar": 56.8055038452,
        "dvar2": 93.6978912354,
        "max": 79.3492889404,
        "mean": 14.9381771088,
        "median": 10.7514896393,
        "min": 6.86027779011e-05,
        "var": 176.425827026
    },
    "melbands_crest": {
        "dmean": 3.60383439064,
        "dmean2": 5.76427268982,
        "dvar": 11.1003103256,
        "dvar2": 26.3680553436,
        "max": 34.6476516724,
        "mean": 16.5279045105,
        "median": 15.927947998,
        "min": 4.00236749649,
        "var": 30.7334213257
    },
    "melbands_flatness_db": {
        "dmean": 0.0331006273627,
        "dmean2": 0.0449395999312,
        "dvar": 0.000879128056113,
        "dvar2": 0.00171324191615,
        "max": 0.50987547636,
        "mean": 0.260669201612,
        "median": 0.261232167482,
        "min": 0.0704836025834,
        "var": 0.00488201063126
    },
    "melbands_kurtosis": {
        "dmean": 10.3010454178,
        "dmean2": 15.5503559113,
        "dvar": 329.824157715,
        "dvar2": 740.960266113,
        "max": 354.040771484,
        "mean": 18.0760326385,
        "median": 10.3922376633,
        "min": -1.31182229519,
        "var": 631.358764648
    },
    "melbands_skewness": {
        "dmean": 0.880182147026,
        "dmean2": 1.27889692783,
        "dvar": 0.906595528126,
        "dvar2": 1.95321178436,
        "max": 14.5338535309,
        "mean": 2.67144203186,
        "median": 2.37788963318,
        "min": -1.27573382854,
        "var": 2.94118022919
    },
    "melbands_spread": {
        "dmean": 3.84019517899,
        "dmean2": 5.7612080574,
        "dvar": 25.1762447357,
        "dvar2": 53.3399887085,
        "max": 68.2733840942,
        "mean": 12.4238843918,
        "median": 10.4627523422,
        "min": 0.654178678989,
        "var": 76.47290802
    },
    "pitch_salience": {
        "dmean": 0.079395391047,
        "dmean2": 0.12622256577,
        "dvar": 0.00567743461579,
        "dvar2": 0.0135658774525,
        "max": 0.859030604362,
        "mean": 0.496566861868,
        "median": 0.482927232981,
        "min": 0.165091842413,
        "var": 0.0137177873403
    },
    "silence_rate_20dB": {
        "dmean": 0,
        "dmean2": 0,
        "dvar": 0,
        "dvar2": 0,
        "max": 1,
        "mean": 1,
        "median": 1,
        "min": 1,
        "var": 0
    },
    "silence_rate_30dB": {
        "dmean": 0.00154918665066,
        "dmean2": 0.00309957377613,
        "dvar": 0.00154677440878,
        "dvar2": 0.0046396991238,
        "max": 1,
        "mean": 0.999225735664,
        "median": 1,
        "min": 0,
        "var": 0.000773691281211
    },
    "silence_rate_60dB": {
        "dmean": 0.00929511990398,
        "dmean2": 0.0185974426568,
        "dvar": 0.00920886266977,
        "dvar2": 0.0213511995971,
        "max": 1,
        "mean": 0.0344560593367,
        "median": 0,
        "min": 0,
        "var": 0.0332686975598
    },
    "spectral_centroid": {
        "dmean": 158.993499756,
        "dmean2": 235.298233032,
        "dvar": 38718.1953125,
        "dvar2": 77584.8359375,
        "max": 2801.84863281,
        "mean": 778.300598145,
        "median": 686.814697266,
        "min": 200.756713867,
        "var": 151549.1875
    },
    "spectral_complexity": {
        "dmean": 2.98373365402,
        "dmean2": 4.37698554993,
        "dvar": 16.0158843994,
        "dvar2": 24.75431633,
        "max": 54,
        "mean": 12.8362369537,
        "median": 11,
        "min": 0,
        "var": 48.903213501
    },
    "spectral_decrease": {
        "dmean": 2.81631118426e-09,
        "dmean2": 4.29558877357e-09,
        "dvar": 1.04312926363e-17,
        "dvar2": 2.31397870292e-17,
        "max": -5.49934446939e-14,
        "mean": -8.37391844755e-09,
        "median": -7.82537057376e-09,
        "min": -3.14664134748e-08,
        "var": 2.6345158225e-17
    },
    "spectral_energy": {
        "dmean": 0.0109922252595,
        "dmean2": 0.0166582539678,
        "dvar": 0.000157847694936,
        "dvar2": 0.000347531255102,
        "max": 0.122794270515,
        "mean": 0.0329600870609,
        "median": 0.0306942928582,
        "min": 2.1378035342e-07,
        "var": 0.000405452708947
    },
    "spectral_energyband_high": {
        "dmean": 0.000310355448164,
        "dmean2": 0.000390281056752,
        "dvar": 4.5960382522e-07,
        "dvar2": 7.63910747992e-07,
        "max": 0.00794090423733,
        "mean": 0.000429293315392,
        "median": 0.000129606982227,
        "min": 4.84623896568e-10,
        "var": 8.11846177839e-07
    },
    "spectral_energyband_low": {
        "dmean": 0.00622567534447,
        "dmean2": 0.00945734791458,
        "dvar": 7.62709605624e-05,
        "dvar2": 0.000177476264071,
        "max": 0.0689042061567,
        "mean": 0.0128159504384,
        "median": 0.00968306325376,
        "min": 5.48836354142e-09,
        "var": 0.000155040848767
    },
    "spectral_energyband_middle_high": {
        "dmean": 0.00107844942249,
        "dmean2": 0.0015633890871,
        "dvar": 3.56925625056e-06,
        "dvar2": 7.66395351093e-06,
        "max": 0.0403847694397,
        "mean": 0.00282637518831,
        "median": 0.00158234511036,
        "min": 3.036871421e-09,
        "var": 1.20509957924e-05
    },
    "spectral_energyband_middle_low": {
        "dmean": 0.00765571603552,
        "dmean2": 0.0120160831138,
        "dvar": 0.000107571220724,
        "dvar2": 0.000253579783021,
        "max": 0.109978370368,
        "mean": 0.0183521397412,
        "median": 0.0136099793017,
        "min": 2.08751501418e-07,
        "var": 0.000233945364016
    },
    "spectral_entropy": {
        "dmean": 0.263012737036,
        "dmean2": 0.334077060223,
        "dvar": 0.0559009164572,
        "dvar2": 0.0965996831656,
        "max": 8.33759117126,
        "mean": 7.07935237885,
        "median": 7.10726737976,
        "min": 5.24442625046,
        "var": 0.268424421549
    },
    "spectral_flux": {
        "dmean": 0.0334368348122,
        "dmean2": 0.0522200651467,
        "dvar": 0.00117571908049,
        "dvar2": 0.00246520503424,
        "max": 0.257979393005,
        "mean": 0.084586314857,
        "median": 0.0709208324552,
        "min": 0.000462363881525,
        "var": 0.00255938572809
    },
    "spectral_kurtosis": {
        "dmean": 2.80548834801,
        "dmean2": 4.38500928879,
        "dvar": 10.3788032532,
        "dvar2": 24.5836849213,
        "max": 38.3637695312,
        "mean": 4.59390926361,
        "median": 3.4790687561,
        "min": -0.827996253967,
        "var": 18.6624183655
    },
    "spectral_rms": {
        "dmean": 0.000944870582316,
        "dmean2": 0.00141181668732,
        "dvar": 1.02040451111e-06,
        "dvar2": 2.10707025872e-06,
        "max": 0.0109452866018,
        "mean": 0.00536053441465,
        "median": 0.0054722619243,
        "min": 1.44418208947e-05,
        "var": 3.42079783877e-06
    },
    "spectral_rolloff": {
        "dmean": 231.636184692,
        "dmean2": 380.899383545,
        "dvar": 298985.59375,
        "dvar2": 640027,
        "max": 6136.96289062,
        "mean": 722.363464355,
        "median": 581.396484375,
        "min": 64.599609375,
        "var": 468780.09375
    },
    "spectral_skewness": {
        "dmean": 0.357751578093,
        "dmean2": 0.504470288754,
        "dvar": 0.107327222824,
        "dvar2": 0.226399689913,
        "max": 4.82509469986,
        "mean": 1.68506598473,
        "median": 1.61573016644,
        "min": 0.300948172808,
        "var": 0.344057202339
    },
    "spectral_spread": {
        "dmean": 639285,
        "dmean2": 811810.125,
        "dvar": 427401773056,
        "dvar2": 569109184512,
        "max": 26004956,
        "mean": 4241633,
        "median": 4174630.75,
        "min": 1566231.625,
        "var": 1.44771357082e+12
    },
    "spectral_strongpeak": {
        "dmean": 0.462689518929,
        "dmean2": 0.770612776279,
        "dvar": 0.490206807852,
        "dvar2": 1.09603905678,
        "max": 7.33429098129,
        "mean": 1.13500070572,
        "median": 0.53728300333,
        "min": 0.00152082741261,
        "var": 1.59842145443
    },
    "zerocrossingrate": {
        "dmean": 0.00770527496934,
        "dmean2": 0.00892716646194,
        "dvar": 7.61677947594e-05,
        "dvar2": 8.48634226713e-05,
        "max": 0.15087890625,
        "mean": 0.0357133410871,
        "median": 0.03125,
        "min": 0.00390625,
        "var": 0.00042376719648
    },
    "barkbands": {
        "dmean": [0.000362427672371, 0.00441567972302, 0.00225307815708, 0.00239901640452, 0.0034404003527, 0.0017312959535, 0.00097283202922, 0.00115008105058, 0.000984844169579, 0.000541146670002, 0.000182461502845, 0.000197025859961, 0.00017824684619, 0.000195488973986, 9.79949982138e-05, 0.000119318385259, 9.6329014923e-05, 6.60557780066e-05, 0.000103770071291, 4.39502873633e-05, 5.87722752243e-05, 8.25689712656e-05, 9.26260472625e-05, 6.36753538856e-05, 9.25729364099e-06, 9.80635483927e-09, 4.07622158249e-09],
        "dmean2": [0.000560340180527, 0.00689391372725, 0.00373864080757, 0.00415921956301, 0.00578664010391, 0.00262118480168, 0.00154589989688, 0.00163054396398, 0.00151304306928, 0.000754717853852, 0.000285627873382, 0.000317555037327, 0.000289866118692, 0.000314685079502, 0.000150615465827, 0.000186132238014, 0.000144799429108, 9.80636104941e-05, 0.00015592276759, 6.32669980405e-05, 7.8644225141e-05, 0.000107083753392, 0.000124423124362, 8.47225237521e-05, 1.39250169013e-05, 1.56299151399e-08, 7.53525242203e-09],
        "dvar": [3.50027278273e-07, 4.34236244473e-05, 2.33389437199e-05, 3.26679037244e-05, 3.56897617166e-05, 1.35405734909e-05, 5.46415321878e-06, 8.70577878231e-06, 8.774582966e-06, 1.82827716344e-06, 3.83888362876e-07, 4.27252160762e-07, 1.77801396717e-07, 2.53223646496e-07, 3.76701763116e-08, 1.32496026595e-07, 5.86230370914e-08, 2.66023292284e-08, 7.13453829349e-08, 7.49052375681e-09, 1.90213800266e-08, 3.74600972464e-08, 4.99654149166e-08, 1.53721941842e-08, 3.53731904879e-10, 4.52748057093e-16, 3.31756256251e-16],
        "dvar2": [7.8319038721e-07, 0.000114234520879, 6.05515233474e-05, 8.78456266946e-05, 9.24753330764e-05, 2.9150127375e-05, 1.23802292364e-05, 1.55980942509e-05, 2.00958347705e-05, 2.87600619231e-06, 9.58915393312e-07, 1.1336968555e-06, 4.48880257409e-07, 6.39273253e-07, 7.67405907709e-08, 3.43224456856e-07, 1.10969047284e-07, 5.46577645366e-08, 1.68944012557e-07, 1.54911923289e-08, 3.24751994185e-08, 6.39130632862e-08, 9.69057794009e-08, 2.62781991722e-08, 8.24276980005e-10, 1.14787618023e-15, 9.4757734628e-16],
        "max": [0.00753265293315, 0.0626769661903, 0.0444294959307, 0.0672141313553, 0.0470113418996, 0.0482113435864, 0.0486015938222, 0.0604701712728, 0.0816535651684, 0.0518770366907, 0.0136735327542, 0.0137308789417, 0.00813249126077, 0.0140677131712, 0.00372026814148, 0.00982248596847, 0.00768047291785, 0.00328304548748, 0.00444539869204, 0.00113281456288, 0.00161306001246, 0.00263155577704, 0.00262785633095, 0.00157175620552, 0.000308582995785, 2.73700834441e-07, 3.49517193854e-07],
        "mean": [0.000741791212931, 0.00840263906866, 0.00249130907468, 0.00237453007139, 0.00454874942079, 0.00365757313557, 0.00213345186785, 0.00284568942152, 0.00221213907935, 0.00105353584513, 0.000303702836391, 0.000317116413498, 0.000252760481089, 0.000353058683686, 0.000162401687703, 0.000172660511453, 0.000182050222065, 0.000108452324639, 0.000181088325917, 6.75078263157e-05, 8.42353838379e-05, 0.000106253712147, 0.000111965731776, 8.4088089352e-05, 1.13281585072e-05, 1.11971329986e-08, 2.7948505732e-09],
        "median": [0.000193952539121, 0.00581913720816, 0.000931487593334, 0.000809662626125, 0.00213602394797, 0.0010615271749, 0.000336153869284, 0.000479073903989, 0.000344574567862, 0.000294758356176, 7.21451651771e-05, 9.62478006841e-05, 7.15308560757e-05, 7.33904744266e-05, 6.6149950726e-05, 4.10770480812e-05, 4.30713625974e-05, 2.42943606281e-05, 3.69512963516e-05, 2.62004341494e-05, 2.5820962037e-05, 2.60945362243e-05, 2.64442878688e-05, 2.3723263439e-05, 3.06516994897e-06, 3.43202799513e-09, 5.35210875618e-10],
        "min": [1.12580771094e-10, 5.43385558771e-10, 9.30970744939e-10, 7.67914798416e-09, 8.91985152407e-08, 5.25195318346e-08, 3.52425111316e-08, 2.38796316054e-09, 1.6934378344e-09, 2.43875919459e-10, 6.91505963601e-10, 4.35949248923e-10, 1.70407771227e-10, 4.01455424459e-10, 5.66835522964e-10, 2.89964191547e-10, 1.0386602689e-10, 1.75261902213e-10, 6.61342647312e-11, 4.91667054292e-11, 6.85000875467e-11, 1.28877380989e-10, 1.48527648514e-10, 8.60788801349e-11, 1.32213970674e-11, 3.78088012287e-12, 5.8410862952e-12],
        "var": [1.30059345338e-06, 8.05817253422e-05, 2.12304512388e-05, 2.462705379e-05, 3.93165064452e-05, 4.30156032962e-05, 2.23014485528e-05, 4.63843971374e-05, 4.09475469496e-05, 6.76511717757e-06, 8.9015230742e-07, 7.93960225565e-07, 3.00629352523e-07, 9.58729401646e-07, 7.94550771843e-08, 1.84794771485e-07, 2.12982143921e-07, 7.22100566009e-08, 1.64431554595e-07, 1.34292568177e-08, 3.3737535432e-08, 6.30185823525e-08, 7.07644858267e-08, 2.65406487898e-08, 4.49666470725e-10, 4.70527860991e-16, 1.98104025999e-16]
    },
    "erbbands": {
        "dmean": [0.161361157894, 0.906549453735, 2.14284110069, 5.60992193222, 9.25246238708, 12.6578168869, 13.2172899246, 13.6647930145, 13.0496644974, 16.3542156219, 25.8279304504, 23.8221054077, 17.8882369995, 10.5784454346, 7.78744506836, 9.23779582977, 7.939702034, 10.8730592728, 5.5759139061, 5.46305847168, 6.18073797226, 4.40742444992, 3.59793877602, 4.99518203735, 4.11697101593, 2.22959899902, 2.00028038025, 2.55154252052, 2.9485065937, 2.87180185318, 2.68708372116, 1.73527288437, 0.828978657722, 0.210188060999, 0.00891049299389, 0.000435597932665, 4.0991944843e-05, 8.55379767017e-06, 6.66828418616e-06, 1.26392751554e-05],
        "dmean2": [0.247184410691, 1.4476095438, 3.44727349281, 9.37511920929, 15.8319616318, 21.1746711731, 20.6658535004, 20.7809391022, 20.5085849762, 25.0379161835, 36.4965209961, 35.5573921204, 25.4473190308, 14.9844264984, 12.3128376007, 14.8974752426, 12.9065237045, 17.3208351135, 8.59808158875, 8.34432792664, 9.41815853119, 6.68685674667, 5.23472261429, 7.56751775742, 6.05871152878, 3.18849635124, 2.73640012741, 3.3766283989, 3.89418077469, 3.91579270363, 3.61014914513, 2.31304788589, 1.09838068485, 0.292805016041, 0.0132417855784, 0.00062356039416, 5.47148592887e-05, 1.15768298201e-05, 9.33325281949e-06, 1.87000878213e-05],
        "dvar": [0.0562151558697, 2.36932182312, 18.5586414337, 159.327758789, 399.872253418, 517.027038574, 684.827148438, 934.746154785, 1190.97399902, 1852.90942383, 4314.84179688, 5713.45214844, 2035.22631836, 729.216796875, 747.193603516, 1021.90356445, 327.073760986, 803.07232666, 126.376098633, 180.233200073, 383.561859131, 111.142524719, 74.0789337158, 171.797515869, 168.559432983, 18.9554405212, 19.0858421326, 37.3037567139, 48.4590682983, 52.0021438599, 44.1403503418, 12.203086853, 2.52269434929, 0.153455153108, 0.000553708698135, 1.05275989881e-06, 6.16489659322e-09, 3.34624938869e-10, 7.11587386237e-11, 2.08014327985e-10],
        "dvar2": [0.130510032177, 6.28468132019, 44.0523529053, 410.311706543, 1066.53076172, 1331.54760742, 1536.22363281, 2022.40881348, 2675.35839844, 3853.49633789, 7537.68408203, 12971.7060547, 3751.13867188, 1044.44213867, 1957.80224609, 2680.88354492, 862.423217773, 1984.88537598, 268.355407715, 409.177124023, 952.380371094, 235.301742554, 142.375671387, 381.754241943, 419.921722412, 40.1576690674, 35.3046875, 62.1628074646, 85.943862915, 97.3507080078, 88.181388855, 22.5105266571, 4.24016046524, 0.322651654482, 0.00134299288038, 2.42494820668e-06, 1.19417151723e-08, 6.85964285374e-10, 1.33567712446e-10, 4.42866299188e-10],
        "max": [2.4449236393, 14.5050706863, 39.9850921631, 123.435256958, 224.322799683, 184.145324707, 440.924255371, 562.026855469, 748.704467773, 866.309814453, 1642.06445312, 2343.88012695, 1934.48730469, 1026.89892578, 672.543884277, 677.078735352, 381.272155762, 821.389526367, 225.172561646, 283.578674316, 575.799987793, 233.087127686, 220.446868896, 232.235061646, 298.373474121, 67.8821029663, 57.4557876587, 72.1524276733, 100.927864075, 114.753814697, 67.5236663818, 40.0013465881, 21.2123889923, 6.00769424438, 0.403523981571, 0.017837382853, 0.00110658921767, 0.000219852590817, 9.1015950602e-05, 0.000138957126183],
        "mean": [0.339567393064, 1.47495877743, 2.85051321983, 5.9428601265, 10.8266439438, 15.9956884384, 25.270565033, 28.043132782, 29.1800556183, 42.1487808228, 67.0279846191, 61.3514137268, 34.9917640686, 20.2354431152, 13.9811115265, 15.2442836761, 12.5734834671, 20.226354599, 9.6727771759, 9.27941226959, 9.69509983063, 8.78461074829, 6.66770124435, 8.84962081909, 7.02282333374, 3.54477000237, 3.01881051064, 3.55805015564, 3.71694540977, 3.55213069916, 3.20244288445, 2.1984360218, 1.12262773514, 0.282887130976, 0.0104357870296, 0.00055330718169, 6.3125640736e-05, 1.29054369609e-05, 1.87145105883e-05, 3.80926649086e-05],
        "median": [0.1976813972, 0.927502274513, 1.28857159615, 2.16409873962, 4.74604082108, 6.79903030396, 8.50245380402, 8.5679397583, 6.60564231873, 8.99192523956, 14.1605367661, 10.9450511932, 10.3777389526, 6.28240251541, 4.68122291565, 4.97280550003, 4.41352176666, 4.35635709763, 3.92871451378, 3.20126771927, 2.69662451744, 2.05553603172, 1.68754303455, 1.84462380409, 1.67462599277, 1.44194984436, 1.03120243549, 0.974648952484, 0.910845518112, 0.840127527714, 0.752318263054, 0.593555033207, 0.312446475029, 0.0805064737797, 0.00242760707624, 0.000149334533489, 2.60037922999e-05, 5.48283878743e-06, 1.6091604266e-05, 3.51221169694e-05],
        "min": [5.0604804791e-09, 1.85357919236e-07, 1.59850105774e-06, 3.98126139771e-05, 0.00033903226722, 0.000210893762414, 3.84436607419e-05, 0.000559649080969, 0.000850230513606, 6.91764435032e-05, 7.68867394072e-05, 3.56956297765e-05, 1.60099061759e-05, 1.24949410747e-05, 1.96318760572e-05, 2.09800455195e-05, 1.11002655103e-05, 1.46485790538e-05, 3.01859454339e-05, 2.51008950727e-05, 1.59629598784e-05, 5.9967078414e-06, 1.14999793368e-05, 3.31057322001e-06, 3.19288301398e-06, 2.74459125649e-06, 2.17676574721e-06, 3.24969892063e-06, 4.63284959551e-06, 3.66775384464e-06, 5.01977001477e-06, 2.36644359575e-06, 1.23923007322e-06, 2.7353587484e-07, 4.43820127316e-08, 1.18474030586e-08, 9.05896513359e-09, 3.24024873599e-09, 8.37312108537e-10, 3.23109372591e-10],
        "var": [0.160364210606, 3.1531188488, 21.4402770996, 131.847839355, 349.805664062, 588.112548828, 1925.47888184, 3171.4855957, 4744.66015625, 9663.31152344, 27252.1972656, 30333.1484375, 7579.93554688, 2664.11083984, 1476.39733887, 1858.19567871, 551.770629883, 3347.6640625, 277.914123535, 325.819152832, 542.204345703, 426.500061035, 234.388015747, 461.497833252, 264.760253906, 34.6061019897, 34.3807144165, 66.9668502808, 78.1048355103, 75.1620941162, 61.1966094971, 19.5324573517, 4.52909469604, 0.241380318999, 0.000580579740927, 1.26723409721e-06, 1.00120711721e-08, 4.91212681641e-10, 1.67771282977e-10, 5.4474141864e-10]
    },
    "gfcc": {
        "mean": [-45.5278358459, 144.60194397, -127.309829712, 52.7529411316, -80.5238418579, 19.1828269958, -31.4228096008, -5.19646883011, 2.7234389782, -20.6780548096, 9.09770298004, -22.0589008331, 7.30702114105],
        "cov": [[3921.1730957, -559.32434082, -213.796279907, 374.184051514, -194.999435425, 249.971801758, -44.7079238892, 199.366165161, -90.2634124756, 56.2765884399, -46.0559616089, -10.417222023, -64.4924926758], [-559.32434082, 712.591491699, 348.475402832, 10.3460845947, 286.181243896, -150.558807373, 135.633132935, 17.9492092133, 111.479728699, -27.7708511353, 78.7520370483, 6.23946046829, 68.8933334351], [-213.796279907, 348.475402832, 1000.76318359, 402.612121582, 136.43460083, 219.713668823, 78.6878051758, 33.0493202209, 52.6703453064, 9.99930286407, -24.0927066803, -1.2462593317, 76.9854660034], [374.184051514, 10.3460845947, 402.612121582, 417.016357422, 115.54447937, 115.736587524, 4.28716754913, 40.4193115234, 24.3601799011, 18.6750144958, -14.1237926483, 12.6752004623, 16.6283302307], [-194.999435425, 286.181243896, 136.43460083, 115.54447937, 308.562438965, -21.9480209351, 86.1998901367, 39.8710975647, 70.2233428955, 2.7493288517, 48.6946754456, 11.0746002197, 27.5754947662], [249.971801758, -150.558807373, 219.713668823, 115.736587524, -21.9480209351, 400.334381104, 99.076789856, 22.2859687805, -51.189666748, 2.07237315178, -59.2279663086, -4.81171607971, 26.219581604], [-44.7079238892, 135.633132935, 78.6878051758, 4.28716754913, 86.1998901367, 99.076789856, 212.771514893, 89.5252227783, 24.0374927521, -17.1905097961, 0.179536893964, -18.8174419403, 15.1938591003], [199.366165161, 17.9492092133, 33.0493202209, 40.4193115234, 39.8710975647, 22.2859687805, 89.5252227783, 161.054580688, 51.6183013916, 11.831372261, 1.1448148489, -23.5751533508, -16.032793045], [-90.2634124756, 111.479728699, 52.6703453064, 24.3601799011, 70.2233428955, -51.189666748, 24.0374927521, 51.6183013916, 135.512435913, 60.2364463806, 43.1398124695, 2.00731682777, -14.835767746], [56.2765884399, -27.7708511353, 9.99930286407, 18.6750144958, 2.7493288517, 2.07237315178, -17.1905097961, 11.831372261, 60.2364463806, 108.510383606, 61.5730895996, 10.2523393631, -22.2811050415], [-46.0559616089, 78.7520370483, -24.0927066803, -14.1237926483, 48.6946754456, -59.2279663086, 0.179536893964, 1.1448148489, 43.1398124695, 61.5730895996, 107.580513, 43.7043838501, 2.13170862198], [-10.417222023, 6.23946046829, -1.2462593317, 12.6752004623, 11.0746002197, -4.81171607971, -18.8174419403, -23.5751533508, 2.00731682777, 10.2523393631, 43.7043838501, 92.9179000854, 61.2062950134], [-64.4924926758, 68.8933334351, 76.9854660034, 16.6283302307, 27.5754947662, 26.219581604, 15.1938591003, -16.032793045, -14.835767746, -22.2811050415, 2.13170862198, 61.2062950134, 119.592247009]],
        "icov": [[0.000443692057161, -0.000439223251306, 0.000632495211903, -0.000988741754554, 0.000638728903141, -0.000449023995316, 0.000366900640074, -0.000810330850072, 0.000495658896398, -0.000367582513718, -2.85540090772e-06, 2.33614719036e-05, -3.71630136442e-07], [-0.000439223251306, 0.00804339814931, -0.00443801516667, 0.00429669115692, -0.00490035815164, 0.00398202473298, -0.00362969422713, 0.00313022616319, -0.00345116248354, 0.00488763069734, -0.00468363845721, 0.00294212484732, -0.00241303630173], [0.000632495211903, -0.00443801516667, 0.00489221140742, -0.00501038320363, 0.00335140479729, -0.00311991362832, 0.00184605550021, -0.00156776129734, 0.000811005418655, -0.00202721054666, 0.00136855104938, 0.000531575118657, -0.000661931291688], [-0.000988741754554, 0.00429669115692, -0.00501038320363, 0.00894418265671, -0.00548159470782, 0.00198547774926, -0.000366013031453, 0.000916414661333, -0.00109352776781, 0.00114582770038, 0.000513502280228, -0.00172404502518, 0.000922367034946], [0.000638728903141, -0.00490035815164, 0.00335140479729, -0.00548159470782, 0.00909142196178, -0.00223521026783, 0.000231248239288, -0.00139365612995, -0.000518797896802, 5.65373447898e-05, -0.00154223432764, 0.000706221850123, -0.000438081071479], [-0.000449023995316, 0.00398202473298, -0.00311991362832, 0.00198547774926, -0.00223521026783, 0.00698591629043, -0.00514994375408, 0.00223584636115, 0.0012194957817, -0.0019892998971, 0.002358621452, -0.000982981640846, -0.000624221866019], [0.000366900640074, -0.00362969422713, 0.00184605550021, -0.000366013031453, 0.000231248239288, -0.00514994375408, 0.0116202365607, -0.00620148377493, 0.000457302870927, 0.00175954331644, -0.00161770975683, 0.00178439146839, -0.000580459309276], [-0.000810330850072, 0.00313022616319, -0.00156776129734, 0.000916414661333, -0.00139365612995, 0.00223584636115, -0.00620148377493, 0.0123275443912, -0.00538290245458, 0.00220789643936, -0.00128379778471, 0.00261798640713, -0.000660109915771], [0.000495658896398, -0.00345116248354, 0.000811005418655, -0.00109352776781, -0.000518797896802, 0.0012194957817, 0.000457302870927, -0.00538290245458, 0.0171033460647, -0.0119095444679, 0.00533811142668, -0.00418076384813, 0.00290528684855], [-0.000367582513718, 0.00488763069734, -0.00202721054666, 0.00114582770038, 5.65373447898e-05, -0.0019892998971, 0.00175954331644, 0.00220789643936, -0.0119095444679, 0.0270894188434, -0.0187609121203, 0.00705862976611, -0.00108117132913], [-2.85540090772e-06, -0.00468363845721, 0.00136855104938, 0.000513502280228, -0.00154223432764, 0.002358621452, -0.00161770975683, -0.00128379778471, 0.00533811142668, -0.0187609121203, 0.0305050481111, -0.0170748829842, 0.00697800982744], [2.33614719036e-05, 0.00294212484732, 0.000531575118657, -0.00172404502518, 0.000706221850123, -0.000982981640846, 0.00178439146839, 0.00261798640713, -0.00418076384813, 0.00705862976611, -0.0170748829842, 0.0292313992977, -0.0154673792422], [-3.71630136442e-07, -0.00241303630173, -0.000661931291688, 0.000922367034946, -0.000438081071479, -0.000624221866019, -0.000580459309276, -0.000660109915771, 0.00290528684855, -0.00108117132913, 0.00697800982744, -0.0154673792422, 0.018223265186]]
    },
    "melbands": {
        "dmean": [0.0012796013616, 0.0010545818368, 0.00102238007821, 0.000805796531495, 0.000468181009637, 0.000311050825985, 0.000198128604097, 0.000181309878826, 0.000216865999391, 0.000137784474646, 8.83999891812e-05, 4.50152547273e-05, 2.61525037786e-05, 2.36104115174e-05, 2.00110698643e-05, 1.82462099474e-05, 2.09169393202e-05, 9.3293547252e-06, 6.41491396891e-06, 8.44913938636e-06, 7.84775966167e-06, 5.06587502969e-06, 4.11368728237e-06, 3.8606799535e-06, 4.29553711001e-06, 3.58976126336e-06, 1.94719973479e-06, 1.44481725783e-06, 1.22633275623e-06, 1.42387170854e-06, 1.58513159931e-06, 1.5842645098e-06, 1.86762156318e-06, 1.53144162596e-06, 1.60410536409e-06, 1.36983339871e-06, 9.71111148829e-07, 6.31067621271e-07, 4.19836482024e-07, 9.45648821471e-08],
        "dmean2": [0.00199830811471, 0.00167587259784, 0.00169007957447, 0.00135946203955, 0.000739227223676, 0.000471329462016, 0.000310711300699, 0.000274033722235, 0.000311833980959, 0.000206960423384, 0.000126812941744, 6.4089508669e-05, 4.10545289924e-05, 3.7850903027e-05, 3.29835675075e-05, 2.94480105367e-05, 3.34056021529e-05, 1.46584643517e-05, 9.83278368949e-06, 1.30980915856e-05, 1.20889626487e-05, 7.77338755142e-06, 6.20005857854e-06, 5.72902672502e-06, 6.54891664453e-06, 5.33590218765e-06, 2.91792275675e-06, 2.10943198908e-06, 1.7800060732e-06, 1.95741540665e-06, 2.16525950236e-06, 2.15942918658e-06, 2.52202653428e-06, 2.12594568438e-06, 2.20901642933e-06, 1.83839051715e-06, 1.32917011797e-06, 8.52016341923e-07, 5.78051981392e-07, 1.4507766366e-07],
        "dvar": [3.39992539011e-06, 3.69241843146e-06, 5.00839450979e-06, 2.15736326936e-06, 7.19670026683e-07, 4.63404859374e-07, 2.54426396396e-07, 2.34508206631e-07, 2.7845646855e-07, 1.8102065269e-07, 5.18053084875e-08, 1.42870471009e-08, 7.704564986e-09, 5.24717558292e-09, 2.56407894916e-09, 2.25520335739e-09, 2.9902511578e-09, 3.89083959496e-10, 1.92473176286e-10, 4.81083062276e-10, 8.05268352e-10, 1.75639267019e-10, 1.32727773217e-10, 1.09301935558e-10, 1.5215942395e-10, 1.0680978324e-10, 2.62231816123e-11, 7.9455747537e-12, 7.86728147906e-12, 1.01982432915e-11, 1.57973304576e-11, 1.44615422068e-11, 2.25202495541e-11, 1.45193163048e-11, 1.74514951101e-11, 8.03846138958e-12, 4.13440505789e-12, 1.48192634379e-12, 6.97288472622e-13, 3.44748474288e-14],
        "dvar2": [8.59266674524e-06, 8.2746055341e-06, 1.27605335365e-05, 5.54840653422e-06, 1.6766501858e-06, 9.85034034784e-07, 5.71595023757e-07, 4.70845208156e-07, 5.27735778633e-07, 4.06450396895e-07, 9.63589457115e-08, 2.04648848978e-08, 1.91564328844e-08, 1.39274671795e-08, 7.01408930937e-09, 5.62997160003e-09, 7.3506853937e-09, 8.8265783571e-10, 4.11497891317e-10, 1.1434975189e-09, 2.00028282826e-09, 3.72943398386e-10, 2.58409543763e-10, 2.19976231675e-10, 3.38237493569e-10, 2.57397797521e-10, 6.52503884258e-11, 1.70359733265e-11, 1.62987331964e-11, 1.85993200008e-11, 2.71776091215e-11, 2.71759038883e-11, 4.19880553937e-11, 2.81077296854e-11, 3.57734605827e-11, 1.56030344894e-11, 7.82701421037e-12, 2.51269166064e-12, 1.43968615241e-12, 8.20057861678e-14],
        "max": [0.0163115262985, 0.0182707253844, 0.0249259546399, 0.0128584494814, 0.0139619279653, 0.0110285319388, 0.0113525912166, 0.0110817244276, 0.0125024784356, 0.0129105513915, 0.0097660748288, 0.00455713924021, 0.00196022982709, 0.00170882209204, 0.000965105602518, 0.000962675607298, 0.0015497407876, 0.000324697786709, 0.000238988694036, 0.000495072279591, 0.000860486994497, 0.000333390198648, 0.000339437101502, 0.000266028626356, 0.000220236441237, 0.00023240208975, 0.000118205840408, 4.14080532209e-05, 3.40923397744e-05, 4.13769157603e-05, 4.90149686811e-05, 6.77720963722e-05, 6.34187890682e-05, 5.98259612161e-05, 4.43467069999e-05, 3.43352403434e-05, 2.31927824643e-05, 1.4900273527e-05, 1.17808212963e-05, 2.84706470666e-06],
        "mean": [0.00260032527149, 0.0016623447882, 0.00115852418821, 0.000989593449049, 0.000852591416333, 0.000644507759716, 0.000442206743173, 0.000467542064143, 0.000567961600609, 0.00033216481097, 0.000163533724844, 8.15159728518e-05, 4.48901882919e-05, 3.85521125281e-05, 3.10511859425e-05, 2.93410012091e-05, 3.77880896849e-05, 1.5125760001e-05, 1.05503595478e-05, 1.33252424348e-05, 1.13388077807e-05, 9.4064125733e-06, 7.44584440326e-06, 5.85959332966e-06, 7.26809685148e-06, 6.11255882177e-06, 3.02533294416e-06, 2.1461776214e-06, 1.74369745309e-06, 2.01696138902e-06, 2.11805240724e-06, 2.00518934435e-06, 2.23208598982e-06, 1.86258637314e-06, 1.84394480129e-06, 1.71207580024e-06, 1.19827177514e-06, 8.26008033528e-07, 5.70118459109e-07, 1.12777627237e-07],
        "median": [0.00173742533661, 0.00098587339744, 0.000475356617244, 0.000415448856074, 0.000330568815116, 0.000194358406588, 8.6096166342e-05, 0.000103625672637, 0.000100840268715, 5.87466420257e-05, 4.33115965279e-05, 2.11689311982e-05, 1.22730689327e-05, 1.28050378407e-05, 1.06190100269e-05, 7.98292694526e-06, 7.50391154725e-06, 5.55585756956e-06, 4.28056409874e-06, 3.4973579659e-06, 2.61591117123e-06, 2.04936600312e-06, 1.71488181877e-06, 1.2968870351e-06, 1.28921487885e-06, 1.1815373e-06, 1.00066847608e-06, 8.08865308954e-07, 5.89757348735e-07, 5.90196862049e-07, 5.29014869244e-07, 4.9407304914e-07, 5.03815158481e-07, 4.33489475427e-07, 3.97550707021e-07, 4.74455191579e-07, 3.18133743349e-07, 2.24463676091e-07, 1.62063003017e-07, 2.843132485e-08],
        "min": [9.46544925773e-11, 4.22434254244e-10, 5.37022915026e-09, 2.37665886971e-08, 1.54566137667e-09, 1.31836586093e-08, 1.14327001199e-08, 2.96404151223e-10, 6.48948672577e-10, 1.85668300179e-10, 7.29018512224e-11, 4.24997849413e-11, 9.06038785664e-11, 3.70041046416e-11, 5.12036316125e-11, 1.61123284853e-11, 2.49518218587e-11, 5.27789617566e-11, 2.87629520895e-11, 3.07625903917e-11, 1.52425572164e-11, 4.20039177051e-12, 1.39274390631e-11, 5.13873318897e-12, 2.4687521992e-12, 2.65791772272e-12, 1.49495249079e-12, 1.92212391836e-12, 1.23497425394e-12, 1.40553747027e-12, 2.07494416614e-12, 2.32671651043e-12, 3.13116806788e-12, 1.60380985836e-12, 2.88516779912e-12, 2.29720474414e-12, 1.12090209076e-12, 8.59512602151e-13, 5.70566976912e-13, 1.17531811649e-13],
        "var": [7.97708253231e-06, 5.03091223436e-06, 4.36015034211e-06, 2.25066560233e-06, 1.74728052116e-06, 1.55739746788e-06, 1.04933837974e-06, 1.18165382901e-06, 1.75688182935e-06, 9.37824609082e-07, 1.88415796742e-07, 5.12547586595e-08, 1.83606214677e-08, 9.89350645852e-09, 4.41697034503e-09, 5.53978773965e-09, 1.15914948751e-08, 7.67323649065e-10, 3.29526933518e-10, 9.32802834974e-10, 1.06870967631e-09, 6.29642671335e-10, 4.71975347693e-10, 2.37139752279e-10, 4.06117861562e-10, 2.30403363055e-10, 3.36119257427e-11, 1.3875697466e-11, 1.21608400433e-11, 1.78281174545e-11, 2.68445873169e-11, 2.23320719556e-11, 3.28346239087e-11, 2.01225390517e-11, 2.29807197577e-11, 1.23351676096e-11, 6.27125001235e-12, 2.62239167013e-12, 1.05832064033e-12, 4.35196753038e-14]
    },
    "mfcc": {
        "mean": [-669.044677734, 137.066009521, 22.9772148132, 20.5653858185, -0.847210407257, 7.00743198395, -7.98162794113, 6.51864671707, -4.41762971878, 8.99042129517, -1.95020234585, 1.6503367424, -5.67544794083],
        "cov": [[4215.71923828, -847.658569336, -173.637557983, -58.5574035645, -108.665290833, 11.530295372, 34.4537124634, 41.3370857239, -13.9858064651, 17.3257369995, 21.9069976807, 45.9048042297, 10.9068956375], [-847.658569336, 834.573120117, 31.1631660461, 183.342437744, 105.234893799, -62.9275436401, 34.7872695923, 36.2912788391, 42.9131164551, 44.6704444885, 13.899564743, 11.0736656189, 53.8573188782], [-173.637557983, 31.1631660461, 865.97668457, 193.973068237, 180.83934021, 223.854110718, 101.048110962, 69.3299255371, 120.223945618, 34.3586349487, -9.14432239532, 1.0174356699, -6.5545091629], [-58.5574035645, 183.342437744, 193.973068237, 405.877197266, 199.06211853, -6.30516529083, -1.09946107864, 27.8377227783, 31.191493988, 33.2610054016, 18.1877746582, 20.8672218323, 40.8496208191], [-108.665290833, 105.234893799, 180.83934021, 199.06211853, 230.052429199, 71.6664886475, 19.5321807861, 23.5192317963, 33.6029243469, 8.62027645111, 10.4267873764, 26.8159885406, 26.1829681396], [11.530295372, -62.9275436401, 223.854110718, -6.30516529083, 71.6664886475, 239.052352905, 96.2021331787, 46.9290351868, 49.1085243225, 4.36313343048, -17.9542827606, 5.32224273682, -16.3784618378], [34.4537124634, 34.7872695923, 101.048110962, -1.09946107864, 19.5321807861, 96.2021331787, 186.372695923, 93.2847518921, 67.9441299438, 33.0946884155, -2.3633646965, -16.5731182098, -5.08431339264], [41.3370857239, 36.2912788391, 69.3299255371, 27.8377227783, 23.5192317963, 46.9290351868, 93.2847518921, 128.824417114, 82.7096633911, 29.0558071136, 0.796490907669, -7.19483423233, -9.95710277557], [-13.9858064651, 42.9131164551, 120.223945618, 31.191493988, 33.6029243469, 49.1085243225, 67.9441299438, 82.7096633911, 122.994277954, 54.8213119507, 4.62410974503, -7.62587833405, -2.50797343254], [17.3257369995, 44.6704444885, 34.3586349487, 33.2610054016, 8.62027645111, 4.36313343048, 33.0946884155, 29.0558071136, 54.8213119507, 110.176719666, 58.4589347839, 3.3795132637, -0.77403318882], [21.9069976807, 13.899564743, -9.14432239532, 18.1877746582, 10.4267873764, -17.9542827606, -2.3633646965, 0.796490907669, 4.62410974503, 58.4589347839, 122.017295837, 78.6914978027, 15.1647644043], [45.9048042297, 11.0736656189, 1.0174356699, 20.8672218323, 26.8159885406, 5.32224273682, -16.5731182098, -7.19483423233, -7.62587833405, 3.3795132637, 78.6914978027, 146.652984619, 62.3754043579], [10.9068956375, 53.8573188782, -6.5545091629, 40.8496208191, 26.1829681396, -16.3784618378, -5.08431339264, -9.95710277557, -2.50797343254, -0.77403318882, 15.1647644043, 62.3754043579, 107.942680359]],
