{
"lowlevel": {
    "average_loudness": 0.81847602129,
    "barkbands_crest": {
        "dmean": 2.33005475998,
        "dmean2": 3.6712231636,
        "dvar": 4.88812065125,
        "dvar2": 11.7143526077,
        "max": 25.479719162,
        "mean": 12.3431844711,
        "median": 11.7813568115,
        "min": 2.76759552956,
        "var": 25.0837078094
    },
    "barkbands_flatness_db": {
        "dmean": 0.0222626905888,
        "dmean2": 0.0332580134273,
        "dvar": 0.00040852415259,
        "dvar2": 0.000896841986105,
        "max": 0.355277270079,
        "mean": 0.194516450167,
        "median": 0.193840503693,
        "min": 0.0769987329841,
        "var": 0.00244742701761
    },
    "barkbands_kurtosis": {
        "dmean": 3.10161328316,
        "dmean2": 4.75582551956,
        "dvar": 24.2381019592,
        "dvar2": 54.815738678,
        "max": 90.1583099365,
        "mean": 6.80060338974,
        "median": 3.45705366135,
        "min": -1.58921742439,
        "var": 104.711273193
    },
    "barkbands_skewness": {
        "dmean": 0.492417067289,
        "dmean2": 0.742465436459,
        "dvar": 0.2701998353,
        "dvar2": 0.615226268768,
        "max": 8.49860954285,
        "mean": 2.07922792435,
        "median": 1.84336996078,
        "min": -0.785406172276,
        "var": 1.79022467136
    },
    "barkbands_spread": {
        "dmean": 4.1554017067,
        "dmean2": 6.28346920013,
        "dvar": 25.5466117859,
        "dvar2": 51.5512504578,
        "max": 58.9447212219,
        "mean": 16.2700214386,
        "median": 14.5997800827,
        "min": 1.76261901855,
        "var": 87.4468917847
    },
    "dissonance": {
        "dmean": 0.0180857833475,
        "dmean2": 0.0304075498134,
        "dvar": 0.000273713259958,
        "dvar2": 0.000775136868469,
        "max": 0.499995470047,
        "mean": 0.464229762554,
        "median": 0.469653248787,
        "min": 0.307407349348,
        "var": 0.000585854693782
    },
    "dynamic_complexity": 3.39694714546,
    "erbbands_crest": {
        "dmean": 2.20868349075,
        "dmean2": 3.56219244003,
        "dvar": 4.11503410339,
        "dvar2": 10.4877500534,
        "max": 25.1181373596,
        "mean": 8.00754737854,
        "median": 7.03423166275,
        "min": 2.37865996361,
        "var": 14.34678936
    },
    "erbbands_flatness_db": {
        "dmean": 0.0160669293255,
        "dmean2": 0.0227086562663,
        "dvar": 0.000197544548428,
        "dvar2": 0.000401101075113,
        "max": 0.328279823065,
        "mean": 0.194217577577,
        "median": 0.189971148968,
        "min": 0.0956377610564,
        "var": 0.00166722747963
    },
    "erbbands_kurtosis": {
        "dmean": 0.565727651119,
        "dmean2": 0.914832472801,
        "dvar": 0.439380466938,
        "dvar2": 1.09476959705,
        "max": 9.99948120117,
        "mean": -0.109659314156,
        "median": -0.545275211334,
        "min": -1.74607765675,
        "var": 1.92659831047
    },
    "erbbands_skewness": {
        "dmean": 0.294651865959,
        "dmean2": 0.461650669575,
        "dvar": 0.0635806173086,
        "dvar2": 0.149212762713,
        "max": 2.82254886627,
        "mean": 0.329435884953,
        "median": 0.297208338976,
        "min": -2.55994987488,
        "var": 0.334005266428
    },
    "erbbands_spread": {
        "dmean": 6.83736801147,
        "dmean2": 10.5873832703,
        "dvar": 42.2687950134,
        "dvar2": 96.1966705322,
        "max": 104.60874939,
        "mean": 39.8764190674,
        "median": 38.6313476562,
        "min": 9.02283191681,
        "var": 252.998397827
    },
    "hfc": {
        "dmean": 4.05960226059,
        "dmean2": 5.97483348846,
        "dvar": 38.2995834351,
        "dvar2": 83.7685394287,
        "max": 93.8049240112,
        "mean": 14.5827083588,
        "median": 10.1409540176,
        "min": 9.62854173849e-05,
        "var": 158.785308838
    },
    "melbands_crest": {
        "dmean": 2.91588759422,
        "dmean2": 4.61271524429,
        "dvar": 7.83542108536,
        "dvar2": 19.6852245331,
        "max": 33.4651756287,
        "mean": 17.1031951904,
        "median": 16.8292369843,
        "min": 4.07707023621,
        "var": 39.788356781
    },
    "melbands_flatness_db": {
        "dmean": 0.0265023708344,
        "dmean2": 0.0380932204425,
        "dvar": 0.000656354182865,
        "dvar2": 0.00128793495242,
        "max": 0.454334586859,
        "mean": 0.237118914723,
        "median": 0.239813476801,
        "min": 0.0577525347471,
        "var": 0.00499633699656
    },
    "melbands_kurtosis": {
        "dmean": 7.48351192474,
        "dmean2": 11.6047458649,
        "dvar": 140.069519043,
        "dvar2": 324.89440918,
        "max": 250.763290405,
        "mean": 19.2248878479,
        "median": 10.6378574371,
        "min": -1.40056061745,
        "var": 616.180297852
    },
    "melbands_skewness": {
        "dmean": 0.670662045479,
        "dmean2": 1.03476452827,
        "dvar": 0.538954973221,
        "dvar2": 1.25404584408,
        "max": 13.2945995331,
        "mean": 3.21845507622,
        "median": 2.82670664787,
        "min": -0.306759029627,
        "var": 3.43108057976
    },
    "melbands_spread": {
        "dmean": 4.53914308548,
        "dmean2": 6.88402080536,
        "dvar": 31.3408718109,
        "dvar2": 71.8942642212,
        "max": 72.8441467285,
        "mean": 16.1446323395,
        "median": 13.4603729248,
        "min": 1.25752353668,
        "var": 121.114364624
    },
    "pitch_salience": {
        "dmean": 0.0645589604974,
        "dmean2": 0.102642312646,
        "dvar": 0.00354554504156,
        "dvar2": 0.00867354031652,
        "max": 0.816780328751,
        "mean": 0.494579851627,
        "median": 0.499137550592,
        "min": 0.122448407114,
        "var": 0.0161165334284
    },
    "silence_rate_20dB": {
        "dmean": 0,
        "dmean2": 0,
        "dvar": 0,
        "dvar2": 0,
        "max": 1,
        "mean": 1,
        "median": 1,
        "min": 1,
        "var": 0
    },
    "silence_rate_30dB": {
        "dmean": 0.0426026321948,
        "dmean2": 0.0852382779121,
        "dvar": 0.0407883487642,
        "dvar2": 0.0934690013528,
        "max": 1,
        "mean": 0.93689507246,
        "median": 1,
        "min": 0,
        "var": 0.0591229535639
    },
    "silence_rate_60dB": {
        "dmean": 0.0178156476468,
        "dmean2": 0.0356450974941,
        "dvar": 0.0174977388233,
        "dvar2": 0.0429003685713,
        "max": 1,
        "mean": 0.0491676330566,
        "median": 0,
        "min": 0,
        "var": 0.0467507615685
    },
    "spectral_centroid": {
        "dmean": 226.856292725,
        "dmean2": 342.88104248,
        "dvar": 56511.703125,
        "dvar2": 118802.859375,
        "max": 3799.63427734,
        "mean": 1204.41174316,
        "median": 1092.12414551,
        "min": 305.158050537,
        "var": 280808.25
    },
    "spectral_complexity": {
        "dmean": 3.22230839729,
        "dmean2": 5.111972332,
        "dvar": 12.8552951813,
        "dvar2": 27.1518726349,
        "max": 54,
        "mean": 16.8304290771,
        "median": 15,
        "min": 0,
        "var": 52.5830230713
    },
    "spectral_decrease": {
        "dmean": 2.33920283144e-09,
        "dmean2": 3.58171625692e-09,
        "dvar": 1.24316759194e-17,
        "dvar2": 2.96797896263e-17,
        "max": -2.50013378733e-14,
        "mean": -1.03980228872e-08,
        "median": -7.17315051801e-09,
        "min": -4.43428902486e-08,
        "var": 8.53969948569e-17
    },
    "spectral_energy": {
        "dmean": 0.00909317564219,
        "dmean2": 0.0138933667913,
        "dvar": 0.000183804426342,
        "dvar2": 0.000439272407675,
        "max": 0.169854387641,
        "mean": 0.0405672825873,
        "median": 0.0281056109816,
        "min": 1.03094009773e-07,
        "var": 0.00127014820464
    },
    "spectral_energyband_high": {
        "dmean": 0.000225933777983,
        "dmean2": 0.000337040954037,
        "dvar": 3.94953758587e-07,
        "dvar2": 8.17292459487e-07,
        "max": 0.0166309028864,
        "mean": 0.000358240678906,
        "median": 0.00016505921667,
        "min": 2.08205142016e-09,
        "var": 5.19542709299e-07
    },
    "spectral_energyband_low": {
        "dmean": 0.00632224464789,
        "dmean2": 0.00975463073701,
        "dvar": 0.000124089085148,
        "dvar2": 0.000295534235192,
        "max": 0.140518784523,
        "mean": 0.0238973461092,
        "median": 0.0138370934874,
        "min": 1.02007655656e-08,
        "var": 0.000742166826967
    },
    "spectral_energyband_middle_high": {
        "dmean": 0.00141161540523,
        "dmean2": 0.00215385295451,
        "dvar": 5.87959220866e-06,
        "dvar2": 1.30672879095e-05,
        "max": 0.0686585903168,
        "mean": 0.00442830845714,
        "median": 0.0024083124008,
        "min": 3.19670974136e-08,
        "var": 3.54797957698e-05
    },
    "spectral_energyband_middle_low": {
        "dmean": 0.0045499955304,
        "dmean2": 0.00708371493965,
        "dvar": 6.28954512649e-05,
        "dvar2": 0.000154795023263,
        "max": 0.157171487808,
        "mean": 0.0128531903028,
        "median": 0.00783144682646,
        "min": 6.04452665698e-08,
        "var": 0.000175805136678
    },
    "spectral_entropy": {
        "dmean": 0.14533662796,
        "dmean2": 0.209476068616,
        "dvar": 0.0187561940402,
        "dvar2": 0.0377334468067,
        "max": 8.19200897217,
        "mean": 7.41194820404,
        "median": 7.42520713806,
        "min": 6.33907461166,
        "var": 0.107500359416
    },
    "spectral_flux": {
        "dmean": 0.0199403837323,
        "dmean2": 0.0324786677957,
        "dvar": 0.000807443051599,
        "dvar2": 0.00169384642504,
        "max": 0.33794644475,
        "mean": 0.0707408636808,
        "median": 0.0594988390803,
        "min": 0.000321082567098,
        "var": 0.00167656410486
    },
    "spectral_kurtosis": {
        "dmean": 2.30083727837,
        "dmean2": 3.96562099457,
        "dvar": 5.54699659348,
        "dvar2": 16.7691364288,
        "max": 30.8962211609,
        "mean": 3.79322504997,
        "median": 3.12063598633,
        "min": -0.585894823074,
        "var": 8.92806053162
    },
    "spectral_rms": {
        "dmean": 0.000682412763126,
        "dmean2": 0.00102445832454,
        "dvar": 7.67315270878e-07,
        "dvar2": 1.77376830379e-06,
        "max": 0.0128729017451,
        "mean": 0.00561444507912,
        "median": 0.00523642124608,
        "min": 1.00289344118e-05,
        "var": 8.05578474683e-06
    },
    "spectral_rolloff": {
        "dmean": 309.004364014,
        "dmean2": 503.850585938,
        "dvar": 231902.265625,
        "dvar2": 508875.78125,
        "max": 5275.63476562,
        "mean": 938.773925781,
        "median": 667.529296875,
        "min": 64.599609375,
        "var": 735450.0625
    },
    "spectral_skewness": {
        "dmean": 0.26455566287,
        "dmean2": 0.438889443874,
        "dvar": 0.0588603019714,
        "dvar2": 0.165343597531,
        "max": 3.77041435242,
        "mean": 1.28156983852,
        "median": 1.22083759308,
        "min": 0.0540700927377,
        "var": 0.212910592556
    },
    "spectral_spread": {
        "dmean": 397919.21875,
        "dmean2": 574229.5,
        "dvar": 178742509568,
        "dvar2": 327102562304,
        "max": 11742103,
        "mean": 3389755.25,
        "median": 3268303,
        "min": 1716146.25,
        "var": 613020991488
    },
    "spectral_strongpeak": {
        "dmean": 0.276437103748,
        "dmean2": 0.465029537678,
        "dvar": 0.357721209526,
        "dvar2": 0.825711667538,
        "max": 9.46278476715,
        "mean": 0.666471838951,
        "median": 0.450550705194,
        "min": 0,
        "var": 0.690469622612
    },
    "zerocrossingrate": {
        "dmean": 0.00721756089479,
        "dmean2": 0.0085370708257,
        "dvar": 5.66989001527e-05,
        "dvar2": 6.76682393532e-05,
        "max": 0.13427734375,
        "mean": 0.0407729037106,
        "median": 0.0361328125,
        "min": 0.0029296875,
        "var": 0.000513861363288
    },
    "barkbands": {
        "dmean": [0.000427623395808, 0.00497719505802, 0.00182865350507, 0.00157074350864, 0.00150187453255, 0.0013825178612, 0.00136889121495, 0.000370553141693, 0.000423328572651, 0.000350438815076, 0.000491801474709, 0.000558645231649, 0.000185395474546, 0.000148406354128, 0.000161460760864, 0.000121512748592, 9.73045389401e-05, 0.000128105719341, 0.00014229939552, 7.34971617931e-05, 7.78636458563e-05, 4.76507811982e-05, 3.92923866457e-05, 3.06044494209e-05, 8.21039793664e-06, 7.43246131307e-09, 1.29316302111e-09],
        "dmean2": [0.000678155280184, 0.00760819436982, 0.00299074198119, 0.00258816243149, 0.00234497850761, 0.00214100745507, 0.00209434865974, 0.000567527022213, 0.000671270128805, 0.000551988719963, 0.000771350692958, 0.000851955206599, 0.00029557099333, 0.000240444322117, 0.000265481590759, 0.00020898359071, 0.000164373719599, 0.000212654151255, 0.000225981813855, 0.000119008480397, 0.000118445052067, 7.03059340594e-05, 6.17110636085e-05, 4.94152009196e-05, 1.37620463647e-05, 1.25112533667e-08, 2.35517449987e-09],
        "dvar": [6.26808230209e-07, 7.97426619101e-05, 2.32099027926e-05, 1.67105481523e-05, 1.07114419734e-05, 6.95605922374e-06, 9.5902951216e-06, 3.64616028037e-07, 5.86896931054e-07, 7.17194552635e-07, 1.32779257456e-06, 3.00873307424e-06, 3.09429310619e-07, 1.16625237467e-07, 1.89746089063e-07, 4.00521535937e-08, 4.7938527814e-08, 4.42999414929e-08, 6.2028504999e-08, 1.59427543167e-07, 3.24171125499e-08, 2.48443434714e-08, 1.01311030676e-08, 4.19377244043e-09, 3.14382353483e-10, 2.35906193228e-16, 5.97345791018e-18],
        "dvar2": [1.41568807521e-06, 0.000191753395484, 6.23560626991e-05, 4.55453009636e-05, 2.54498791037e-05, 1.48203189383e-05, 2.12024933717e-05, 8.00642510512e-07, 1.33527862545e-06, 1.49714060171e-06, 3.27219845531e-06, 6.39788368062e-06, 7.18302715086e-07, 2.61925890754e-07, 4.6880970217e-07, 1.13782647304e-07, 1.2443679509e-07, 1.0952273044e-07, 1.36117165539e-07, 3.91446576486e-07, 6.95336339618e-08, 4.35983089631e-08, 1.80200867561e-08, 9.9857073721e-09, 7.55660756191e-10, 5.70717459091e-16, 1.74169793203e-17],
        "max": [0.014637763612, 0.126953274012, 0.0559023693204, 0.0651054605842, 0.0858989879489, 0.06090317294, 0.0563084147871, 0.0127615947276, 0.0190791133791, 0.0218366459012, 0.0201591160148, 0.0596185326576, 0.0184987355024, 0.00839901622385, 0.014017530717, 0.00341852195561, 0.00670184427872, 0.00312751508318, 0.00363441044465, 0.0165014863014, 0.00240185507573, 0.00402093818411, 0.00123444525525, 0.000608423259109, 0.000339677848388, 2.38267560349e-07, 4.43514807102e-08],
        "mean": [0.00155348260887, 0.0184069145471, 0.00298845116049, 0.00231399713084, 0.0030090494547, 0.00347654754296, 0.00250249309465, 0.000682981219143, 0.000814126222394, 0.000586116802879, 0.000879478582647, 0.00114783726167, 0.000341355073033, 0.000284022826236, 0.000280647305772, 0.000211656180909, 0.000184784832527, 0.000237547865254, 0.000256581057329, 0.000126318846014, 0.000113367466838, 6.60925798002e-05, 5.91084135522e-05, 3.47100067302e-05, 9.58506461757e-06, 8.54700488162e-09, 1.04305108994e-09],
        "median": [0.000288545474177, 0.00852734688669, 0.00104412599467, 0.000961659767199, 0.00161104893778, 0.00104987400118, 0.000586244044825, 0.000296078738756, 0.000340119673638, 0.000206618977245, 0.000210394136957, 0.000266135757556, 9.40765967243e-05, 0.000108039937913, 0.000121843622765, 0.00012907749624, 9.82111523626e-05, 0.00014043081319, 0.000147372193169, 6.3705847424e-05, 5.00681417179e-05, 2.12624418054e-05, 1.20452941701e-05, 7.98829569248e-06, 1.53003020387e-06, 2.41435205162e-09, 2.98196939363e-10],
        "min": [1.12487796855e-09, 6.84197054568e-09, 1.09228448508e-09, 5.54984325163e-09, 1.0008222695e-08, 1.06599920002e-08, 1.09075815047e-08, 7.02468305747e-09, 1.58437103437e-08, 5.43893596827e-09, 3.86537690744e-09, 4.76104666802e-09, 1.46632017639e-09, 1.08416375877e-09, 2.12519535303e-09, 2.06582528861e-09, 2.67128319464e-09, 6.9809278358e-09, 1.45694267761e-09, 7.00005053922e-10, 9.15073405938e-10, 3.13659404005e-10, 6.9397119995e-11, 7.64386123842e-11, 2.06256522278e-11, 8.6661997023e-12, 1.47892149915e-11],
        "var": [5.60554235562e-06, 0.000531933561433, 2.98223731079e-05, 1.96213022718e-05, 2.02438513952e-05, 3.56967539119e-05, 2.95731679216e-05, 1.14430690701e-06, 1.76704361365e-06, 1.450099262e-06, 3.34200717589e-06, 1.70054299815e-05, 9.73391593106e-07, 4.78892729916e-07, 5.02982629769e-07, 7.32311633556e-08, 1.09763952594e-07, 9.3588859329e-08, 1.12448127254e-07, 1.69081005197e-07, 4.42657501765e-08, 3.68282009333e-08, 1.77180563554e-08, 4.70843586342e-09, 4.16777834467e-10, 3.01268205287e-16, 4.46405595152e-18]
    },
    "erbbands": {
        "dmean": [0.199976652861, 0.964335441589, 1.88315021992, 3.7293484211, 5.90023136139, 4.43001890182, 9.35074615479, 11.5831193924, 18.6955795288, 13.9209690094, 7.47498607635, 7.93763780594, 8.65038108826, 16.6031913757, 20.0661716461, 14.4150094986, 8.42190265656, 5.86028051376, 7.68447494507, 6.90478420258, 6.87082147598, 5.37562274933, 6.35385227203, 7.81485033035, 5.12679862976, 3.42841959, 3.5394487381, 2.7952234745, 1.40892279148, 1.73039615154, 1.12045967579, 0.713157236576, 0.471587151289, 0.17103728652, 0.00779787218198, 0.000361117476132, 2.75211805274e-05, 4.91952550874e-06, 5.00646729051e-06, 1.03287393358e-05],
        "dmean2": [0.305496782064, 1.46535968781, 3.04056143761, 6.15286016464, 8.84950351715, 7.29318666458, 14.9638967514, 17.581571579, 28.9951839447, 20.1392745972, 11.6159982681, 12.6598739624, 13.6036252975, 26.1338939667, 30.3693065643, 22.2991161346, 13.3848257065, 9.55609321594, 12.3533840179, 11.4678382874, 11.7863235474, 9.07783889771, 10.4247102737, 12.6761608124, 8.08335208893, 5.44822072983, 5.61817598343, 4.26218605042, 2.08124542236, 2.62466692924, 1.74405360222, 1.13056862354, 0.771628081799, 0.283033370972, 0.0128504587337, 0.000589931965806, 4.35000401922e-05, 7.66784432926e-06, 7.52362984713e-06, 1.56913265528e-05],
        "dvar": [0.129543229938, 3.24094390869, 20.5361499786, 114.376960754, 247.888076782, 82.6367492676, 393.114898682, 433.536895752, 1853.76782227, 1388.65100098, 137.388122559, 227.347961426, 256.377044678, 1502.9317627, 1996.75463867, 1903.10131836, 612.993041992, 142.422729492, 346.406890869, 318.328369141, 124.544418335, 144.673950195, 111.904205322, 169.973983765, 74.2330245972, 312.669128418, 124.96660614, 46.6846580505, 15.9566726685, 42.997051239, 6.92951440811, 2.40407705307, 0.941587507725, 0.126214846969, 0.000828482327051, 1.42613987464e-06, 3.41613470844e-09, 7.79204270551e-11, 4.76782259506e-11, 2.26079419074e-10],
        "dvar2": [0.309127897024, 7.69250297546, 52.6654701233, 312.750152588, 547.77355957, 216.219482422, 920.196411133, 925.33581543, 4160.03125, 2818.37011719, 316.647949219, 530.932556152, 566.477111816, 3374.20605469, 4210.79248047, 3911.02685547, 1432.3125, 353.625305176, 783.484619141, 833.184936523, 353.310791016, 382.28125, 272.751586914, 396.95916748, 153.612304688, 693.555603027, 310.775482178, 101.772705078, 27.4864635468, 74.141708374, 12.5180654526, 5.43901443481, 2.29576587677, 0.29657638073, 0.0020841229707, 3.55624865733e-06, 8.029465981e-09, 1.70809005828e-10, 1.11729993313e-10, 5.40552436146e-10],
        "max": [6.13409805298, 25.6466846466, 56.190574646, 172.922546387, 514.34576416, 166.653198242, 474.945648193, 413.977813721, 883.312561035, 819.473022461, 245.046890259, 452.123443604, 480.011444092, 816.467834473, 1419.81469727, 1307.89355469, 827.811767578, 223.736373901, 609.137634277, 494.655609131, 177.251831055, 352.365081787, 184.329742432, 183.693572998, 128.439788818, 774.556518555, 267.135101318, 98.4837799072, 83.3453521729, 158.080718994, 32.0907516479, 16.0350379944, 11.0892000198, 6.35060930252, 0.729951500893, 0.0304801221937, 0.0013122765813, 0.000149182858877, 7.89127661847e-05, 0.000185427459655],
        "mean": [0.798798561096, 3.02159023285, 3.64719629288, 5.8387093544, 10.7736740112, 7.79597663879, 19.7454547882, 29.4640045166, 33.5569229126, 28.5453662872, 15.1389293671, 15.1465263367, 17.32837677, 31.949798584, 43.288444519, 31.7353134155, 16.620973587, 12.4024848938, 15.0213003159, 12.7804698944, 12.2828760147, 11.2550802231, 12.6996088028, 14.1589040756, 9.85461425781, 6.25866603851, 5.23963260651, 3.85169219971, 2.10917305946, 2.30148410797, 1.73781526089, 0.821409583092, 0.572709619999, 0.212029114366, 0.00857059285045, 0.00042806417332, 4.56898633274e-05, 8.51641743793e-06, 2.08278270293e-05, 4.58722897747e-05],
        "median": [0.302940279245, 1.36165738106, 1.49135398865, 2.62438821793, 4.49151849747, 3.90757918358, 5.99119186401, 10.5084505081, 10.0457620621, 8.96121025085, 7.14185428619, 6.46433544159, 8.41533374786, 11.3673915863, 13.183927536, 9.28759860992, 4.95561170578, 5.07368516922, 6.10913896561, 6.44498825073, 7.33992767334, 6.26775217056, 7.70167970657, 8.18185138702, 5.77413511276, 3.2318046093, 2.56583189964, 1.29391264915, 0.81039172411, 0.451490342617, 0.303453445435, 0.227147519588, 0.121965132654, 0.0372128076851, 0.00116327486467, 9.43995764828e-05, 2.66164915956e-05, 5.17631497132e-06, 1.55604702741e-05, 3.24245993397e-05],
        "min": [2.71067079893e-07, 1.23148993225e-06, 1.76489515979e-06, 8.64504090714e-06, 4.25455800723e-05, 2.00357044378e-05, 1.45913218148e-05, 0.000124383470393, 0.000203135728952, 7.23912307876e-05, 0.000312017888064, 0.000316262972774, 0.000124228768982, 0.000176843153895, 0.000182854622835, 0.000160347495694, 7.73158681113e-05, 4.05386817874e-05, 5.41813860764e-05, 0.000172615473275, 9.43787599681e-05, 0.000178911708645, 0.000268742995104, 0.000253134145169, 6.02632426308e-05, 4.0009523218e-05, 5.02546863572e-05, 2.22416310862e-05, 9.55340783548e-06, 5.7007059695e-06, 2.05914602702e-06, 2.05017954613e-06, 8.21287983399e-07, 4.22528472654e-07, 5.34625783644e-08, 2.98360376405e-08, 1.54926702578e-08, 7.90913379234e-09, 2.37338149134e-09, 3.45417167091e-10],
        "var": [1.01312768459, 18.2275028229, 33.9555854797, 135.754394531, 468.112854004, 173.913650513, 1184.97131348, 2228.97094727, 4850.70214844, 4359.97021484, 467.020263672, 610.08605957, 799.896118164, 3353.18896484, 9300.72265625, 10004.65625, 1971.4987793, 670.632446289, 1157.43164062, 685.934814453, 219.542205811, 356.387390137, 266.219451904, 323.305328369, 154.926300049, 395.328704834, 125.854431152, 63.6883163452, 24.9163913727, 64.6833190918, 14.2977170944, 2.71881008148, 1.20091438293, 0.185171112418, 0.00083927687956, 1.49216327827e-06, 4.57012960808e-09, 1.17257814569e-10, 2.89475110549e-10, 1.55046364636e-09]
    },
    "gfcc": {
        "mean": [-38.0768013, 148.152191162, -151.943634033, 57.1476287842, -65.5764465332, 8.78677082062, -22.6723823547, -2.89811301231, -2.77217054367, -19.2386646271, 14.9491958618, -13.0945148468, 10.8373832703],
        "cov": [[2909.13818359, 218.614257812, 713.445678711, 338.961151123, 122.636657715, 349.442138672, 79.4938430786, 83.8034210205, 73.2642211914, 117.359207153, 95.1769790649, -17.9473190308, -9.18123149872], [218.614257812, 1166.03613281, 374.861755371, 128.794189453, 558.617492676, -157.604797363, 393.600646973, -167.529556274, 122.99370575, -105.299331665, 39.7420501709, -18.942647934, -53.0668678284], [713.445678711, 374.861755371, 771.828063965, 372.490386963, 248.324142456, 230.99029541, 122.628715515, 60.9265213013, 108.84967804, -1.17848992348, 11.9028530121, -22.7050590515, -27.1805076599], [338.961151123, 128.794189453, 372.490386963, 552.656982422, 215.243682861, 121.236701965, 113.289276123, -5.04869842529, 119.912109375, -20.1132907867, -27.386724472, -1.94752240181, -39.35496521], [122.636657715, 558.617492676, 248.324142456, 215.243682861, 443.8309021, 3.70007777214, 257.341583252, -55.9627838135, 92.4292449951, -34.0962638855, 25.8380470276, 11.3381671906, -20.1134700775], [349.442138672, -157.604797363, 230.99029541, 121.236701965, 3.70007777214, 304.929840088, 8.22917938232, 91.4261474609, 29.4302768707, 45.1796646118, 25.2723999023, 0.434801399708, 8.11962985992], [79.4938430786, 393.600646973, 122.628715515, 113.289276123, 257.341583252, 8.22917938232, 293.298614502, -27.1173419952, 84.1353149414, -22.5511436462, 33.7672424316, 18.1627902985, -26.9496631622], [83.8034210205, -167.529556274, 60.9265213013, -5.04869842529, -55.9627838135, 91.4261474609, -27.1173419952, 157.218490601, 31.1900939941, 46.1665344238, 5.49636316299, 11.8945846558, 28.003900528], [73.2642211914, 122.99370575, 108.84967804, 119.912109375, 92.4292449951, 29.4302768707, 84.1353149414, 31.1900939941, 142.618041992, 14.1069345474, 15.029551506, 11.7701244354, -11.5764188766], [117.359207153, -105.299331665, -1.17848992348, -20.1132907867, -34.0962638855, 45.1796646118, -22.5511436462, 46.1665344238, 14.1069345474, 109.888389587, 39.8970108032, 9.3979883194, 25.1733341217], [95.1769790649, 39.7420501709, 11.9028530121, -27.386724472, 25.8380470276, 25.2723999023, 33.7672424316, 5.49636316299, 15.029551506, 39.8970108032, 87.6495361328, 42.9030952454, 18.6281833649], [-17.9473190308, -18.942647934, -22.7050590515, -1.94752240181, 11.3381671906, 0.434801399708, 18.1627902985, 11.8945846558, 11.7701244354, 9.3979883194, 42.9030952454, 78.2484054565, 32.7827110291], [-9.18123149872, -53.0668678284, -27.1805076599, -39.35496521, -20.1134700775, 8.11962985992, -26.9496631622, 28.003900528, -11.5764188766, 25.1733341217, 18.6281833649, 32.7827110291, 75.9638748169]],
        "icov": [[0.000514271785505, -0.000350384420017, -0.000234073842876, -0.000271209341008, 0.000425928097684, -0.000390894856537, 7.61013434385e-05, -8.911396435e-05, 0.000315104465699, -0.000529010721948, -0.000354552874342, 6.83380421833e-05, 8.83121974766e-05], [-0.000350384420017, 0.00807816721499, -0.00428613414988, 0.00372648634948, -0.00569456955418, 0.00521636055782, -0.00404057558626, 0.00451780902222, -0.00320844724774, 0.00364737352356, -0.00283233192749, 0.00419933628291, -0.00198175385594], [-0.000234073842876, -0.00428613414988, 0.0053767808713, -0.00305882841349, 0.00163733400404, -0.00395495770499, 0.00273236329667, -0.00345755298622, 0.00135434127878, -0.00080068880925, 0.000651325332001, -0.000855995749589, 0.00109831849113], [-0.000271209341008, 0.00372648634948, -0.00305882841349, 0.0054849088192, -0.00360229075886, 0.00144435826223, -0.00142707768828, 0.00338471634313, -0.00348117970861, 0.00113416835666, 0.0019149511354, -0.000337232457241, 0.000224935924052], [0.000425928097684, -0.00569456955418, 0.00163733400404, -0.00360229075886, 0.0103071862832, -0.00278682913631, -0.00163754238747, -0.00154192082118, 0.0019151174929, -0.0022604924161, 0.0011447587749, -0.00220106402412, -0.000482473871671], [-0.000390894856537, 0.00521636055782, -0.00395495770499, 0.00144435826223, -0.00278682913631, 0.00902719795704, -0.00307810562663, 0.000363987841411, -0.00101151852868, 0.00174687616527, -0.00366259296425, 0.00360746565275, -0.00139072537422], [7.61013434385e-05, -0.00404057558626, 0.00273236329667, -0.00142707768828, -0.00163754238747, -0.00307810562663, 0.0101526947692, -0.00256964447908, -0.000560748507269, -0.000579866056796, -0.000342158047715, -0.00297422986478, 0.00334360846318], [-8.911396435e-05, 0.00451780902222, -0.00345755298622, 0.00338471634313, -0.00154192082118, 0.000363987841411, -0.00256964447908, 0.0133133428171, -0.00495190871879, -0.00105318240821, 0.00208272133023, 0.00018683433882, -0.0036020509433], [0.000315104465699, -0.00320844724774, 0.00135434127878, -0.00348117970861, 0.0019151174929, -0.00101151852868, -0.000560748507269, -0.00495190871879, 0.0126229347661, -0.00307162897661, -6.47863853374e-05, -0.00242185662501, 0.00272218557075], [-0.000529010721948, 0.00364737352356, -0.00080068880925, 0.00113416835666, -0.0022604924161, 0.00174687616527, -0.000579866056796, -0.00105318240821, -0.00307162897661, 0.0165253747255, -0.00950606819242, 0.00666371313855, -0.00430659484118], [-0.000354552874342, -0.00283233192749, 0.000651325332001, 0.0019149511354, 0.0011447587749, -0.00366259296425, -0.000342158047715, 0.00208272133023, -6.47863853374e-05, -0.00950606819242, 0.0253038909286, -0.0145707922056, 0.0022323844023], [6.83380421833e-05, 0.00419933628291, -0.000855995749589, -0.000337232457241, -0.00220106402412, 0.00360746565275, -0.00297422986478, 0.00018683433882, -0.00242185662501, 0.00666371313855, -0.0145707922056, 0.0262423623353, -0.00996087584645], [8.83121974766e-05, -0.00198175385594, 0.00109831849113, 0.000224935924052, -0.000482473871671, -0.00139072537422, 0.00334360846318, -0.0036020509433, 0.00272218557075, -0.00430659484118, 0.0022323844023, -0.00996087584645, 0.0204281695187]]
    },
    "melbands": {
        "dmean": [0.00154453807045, 0.000980568584055, 0.000716756738257, 0.000332692987286, 0.000294833473163, 0.000257505977061, 0.000285047368379, 0.00013474955631, 5.81659769523e-05, 5.35510807822e-05, 4.49536200904e-05, 6.82880418026e-05, 7.33687556931e-05, 7.34959976398e-05, 2.43419635808e-05, 1.30813095893e-05, 1.20903650895e-05, 1.37716524478e-05, 1.23783502204e-05, 7.66932498664e-06, 8.37494462758e-06, 5.61807928534e-06, 6.43543307888e-06, 6.99663041814e-06, 6.75002183925e-06, 5.45106877325e-06, 2.26450788432e-06, 2.59480020759e-06, 2.69319730251e-06, 1.71971544205e-06, 1.65737242241e-06, 8.1560176568e-07, 9.85107135421e-07, 9.22036235806e-07, 6.93020467679e-07, 5.11396592628e-07, 4.36127834291e-07, 3.59810940154e-07, 2.74251192423e-07, 9.43139752962e-08],
        "dmean2": [0.00235467217863, 0.0015194627922, 0.00114820268936, 0.000523177906871, 0.000472453946713, 0.000392522430047, 0.000438290211605, 0.000193833329831, 9.16019271244e-05, 8.48944473546e-05, 7.06001883373e-05, 0.000107594387373, 0.000112476875074, 0.000113227091788, 3.85773273592e-05, 2.14152296394e-05, 1.97812914848e-05, 2.22295966523e-05, 2.03232048079e-05, 1.30078415168e-05, 1.44487603393e-05, 9.54420738708e-06, 1.0746445696e-05, 1.16981491374e-05, 1.09991760837e-05, 8.80766492628e-06, 3.63816820936e-06, 4.2034175749e-06, 4.46411695521e-06, 2.64508253167e-06, 2.52350400842e-06, 1.24440794025e-06, 1.40589247621e-06, 1.4362165075e-06, 1.082940571e-06, 8.08588993095e-07, 7.09608571015e-07, 5.96462200519e-07, 4.46602200554e-07, 1.5825791877e-07],
        "dvar": [7.52742244003e-06, 4.07968764193e-06, 3.58129250344e-06, 6.28892451005e-07, 3.49476152905e-07, 2.13985885011e-07, 4.13599053672e-07, 1.08281142275e-07, 8.1713009692e-09, 9.41215017036e-09, 6.71507205396e-09, 2.58395598252e-08, 2.47472531356e-08, 5.88653641387e-08, 4.59608306969e-09, 1.08775544128e-09, 6.53658960292e-10, 1.05633846115e-09, 1.24035237636e-09, 2.71217964753e-10, 2.0643360632e-10, 1.6561518823e-10, 1.7015079623e-10, 1.44839432115e-10, 1.29473681776e-10, 9.40144698203e-11, 1.3895646786e-11, 2.96323521276e-10, 1.12958559173e-10, 1.66760286135e-11, 1.49423702578e-11, 4.33508133904e-12, 1.22537969355e-11, 1.11122543459e-11, 2.78185439094e-12, 1.27575586813e-12, 9.73146693437e-13, 6.41303796092e-13, 2.62842156894e-13, 5.70781147498e-14],
        "dvar2": [1.82009498531e-05, 9.67103278526e-06, 9.46953696257e-06, 1.4793746459e-06, 8.44130056521e-07, 4.55736881122e-07, 9.20925003811e-07, 2.19550116753e-07, 1.97001046587e-08, 2.18803322127e-08, 1.48223771035e-08, 5.7028881173e-08, 5.71267051441e-08, 1.27155260543e-07, 1.06110373821e-08, 2.63032484682e-09, 1.58237278836e-09, 2.34143371358e-09, 3.07919134634e-09, 7.28219040624e-10, 5.84860826436e-10, 4.51171933147e-10, 4.22234053277e-10, 3.59161755892e-10, 3.07339931283e-10, 2.08607589536e-10, 3.08532088766e-11, 6.8469013792e-10, 3.0124761019e-10, 3.44594110191e-11, 3.24303847665e-11, 8.15118892522e-12, 2.06216207305e-11, 1.94424736727e-11, 4.96487790116e-12, 2.93395884844e-12, 2.31617177694e-12, 1.60780395074e-12, 6.19815939025e-13, 1.39164965359e-13],
        "max": [0.0430457182229, 0.0323457792401, 0.0320659279823, 0.0220250431448, 0.0123880347237, 0.00955240800977, 0.0132275782526, 0.00724017806351, 0.00169037887827, 0.00244935881346, 0.00238990364596, 0.00360802863725, 0.00274439901114, 0.00774900242686, 0.0018691009609, 0.0010229870677, 0.000523820344824, 0.00077595358016, 0.00103162415326, 0.00033745035762, 0.000275451282505, 0.000297474529361, 0.000359181314707, 0.000191122875549, 0.000174113083631, 0.000149252970004, 7.17413713573e-05, 0.000748807971831, 0.000298764847685, 5.95372694079e-05, 5.69538897253e-05, 3.98435695388e-05, 9.41190010053e-05, 7.0325055276e-05, 2.14147203224e-05, 1.34010506372e-05, 9.42861424846e-06, 9.77876243269e-06, 5.98649603489e-06, 5.23711514688e-06],
        "mean": [0.00594331556931, 0.00261236098595, 0.00123619276565, 0.000622197927441, 0.000633269548416, 0.00065817439463, 0.000520849484019, 0.000278684863588, 0.000113242240332, 0.000101517696748, 8.67321505211e-05, 0.000127105900901, 0.000145460653584, 0.000148707680637, 4.52869644505e-05, 2.48030210059e-05, 2.37218227994e-05, 2.48459618888e-05, 2.12717459362e-05, 1.36164280775e-05, 1.37515071401e-05, 1.0592117178e-05, 1.20890890685e-05, 1.16943392641e-05, 1.15077036753e-05, 9.39318215387e-06, 4.33279183198e-06, 4.14802752857e-06, 3.74904811906e-06, 2.2094761789e-06, 2.247439852e-06, 1.15106922749e-06, 1.3042675846e-06, 1.17429692637e-06, 1.01375576378e-06, 7.46085618175e-07, 4.29177646311e-07, 4.04879159532e-07, 3.64371118167e-07, 1.0482751378e-07],
        "median": [0.00258990679868, 0.00130735943094, 0.000605672830716, 0.000307551323203, 0.000208342404221, 0.000219871464651, 0.00014642572205, 9.69396205619e-05, 5.1430259191e-05, 4.24158788519e-05, 4.02551559091e-05, 4.34328358097e-05, 4.14771639043e-05, 3.07894188154e-05, 1.16937699204e-05, 8.24523613119e-06, 9.13113399292e-06, 9.1180409072e-06, 9.36580272537e-06, 7.40939276511e-06, 8.07799824543e-06, 5.34070568392e-06, 6.75173760101e-06, 6.76219178786e-06, 6.44507190373e-06, 5.61661863685e-06, 2.42258738581e-06, 1.94604922399e-06, 1.82435780971e-06, 7.81850474141e-07, 6.75193916777e-07, 4.95567860526e-07, 2.57476614252e-07, 2.16337113557e-07, 1.71926572534e-07, 1.53766833932e-07, 9.26185563799e-08, 8.41142338004e-08, 6.34642560726e-08, 1.60025344087e-08],
        "min": [2.17594098295e-09, 1.1231413577e-09, 2.70327893404e-09, 2.49927500917e-09, 4.92157370413e-10, 2.54993337556e-09, 3.03305069949e-09, 6.71293132193e-10, 3.25244720045e-09, 1.72415914879e-09, 5.99327032447e-10, 7.45928152579e-10, 6.55571374963e-10, 4.1543751772e-10, 4.76335415556e-10, 6.33811059192e-11, 7.87239926026e-11, 8.38650260349e-11, 1.9201940038e-10, 2.17868639796e-10, 6.60556401244e-11, 1.77486872421e-10, 1.56945609286e-10, 3.68632818715e-10, 1.87047127786e-10, 6.74081623853e-11, 1.03838621729e-11, 3.18940013289e-11, 3.07346821604e-11, 2.48346274101e-11, 1.05460995839e-11, 5.61760143611e-12, 5.09140386101e-12, 2.06668428031e-12, 9.72058804977e-13, 1.53111876476e-12, 1.07890617013e-12, 4.96231907562e-13, 6.27557630428e-13, 2.47790259448e-13],
        "var": [5.50413169549e-05, 1.22571382235e-05, 4.63555988972e-06, 1.10448331725e-06, 1.06290553958e-06, 1.13921521461e-06, 1.15316231586e-06, 3.54772964783e-07, 2.74138596268e-08, 2.72476299301e-08, 2.07796908569e-08, 5.65315474432e-08, 7.67939667412e-08, 3.231900223e-07, 1.41273943655e-08, 3.47954953739e-09, 2.88799939518e-09, 3.50513662539e-09, 3.224483347e-09, 5.27352495006e-10, 3.01824842897e-10, 4.01728095234e-10, 3.82127773868e-10, 2.56741794491e-10, 2.36146213695e-10, 1.56273688434e-10, 3.26804312778e-11, 3.23591153872e-10, 9.37240146603e-11, 2.23825246531e-11, 2.16855925578e-11, 6.14818916264e-12, 1.95346100407e-11, 1.64862637431e-11, 5.25323231096e-12, 2.19828712525e-12, 9.55329782296e-13, 6.87407975593e-13, 4.8866021906e-13, 6.64948307462e-14]
    },
    "mfcc": {
        "mean": [-654.593811035, 142.627029419, -10.270825386, 33.9944076538, -2.66920542717, 2.53941249847, 1.64316225052, 8.91399765015, -4.57436561584, 2.13508534431, -4.58157539368, 2.82334589958, 1.6070407629],
        "cov": [[2532.88305664, -33.0369567871, 500.721862793, 130.379882812, 164.738571167, 229.604598999, 106.02028656, 45.7292289734, 21.7725639343, 123.384727478, 98.6131057739, 54.7174682617, 44.4334945679], [-33.0369567871, 1283.52697754, -100.820701599, 356.950469971, 65.0832061768, 178.87991333, 144.38899231, 132.752197266, -13.7770824432, 72.0924758911, -12.0064659119, 53.1484375, -8.85825920105], [500.721862793, -100.820701599, 637.549377441, 101.954360962, 214.57409668, 149.213516235, 57.0745124817, 92.790397644, 79.7277984619, 68.9965896606, 61.106338501, 33.7796859741, 21.3113136292], [130.379882812, 356.950469971, 101.954360962, 560.699279785, 140.654968262, 237.325302124, 36.169178009, 155.535324097, 25.5503540039, 82.328742981, 39.7130661011, 48.986530304, -60.8190917969], [164.738571167, 65.0832061768, 214.57409668, 140.654968262, 225.260742188, 120.950622559, 51.2388763428, 67.172454834, 55.6071166992, 37.9817657471, 36.8460121155, 21.2595291138, -1.68295288086], [229.604598999, 178.87991333, 149.213516235, 237.325302124, 120.950622559, 291.29510498, 87.8909912109, 121.19140625, 7.32644796371, 98.6604232788, 40.8142967224, 40.3661956787, -17.9142189026], [106.02028656, 144.38899231, 57.0745124817, 36.169178009, 51.2388763428, 87.8909912109, 155.527816772, 47.5874595642, 25.2196598053, 19.8759498596, 20.5801258087, 25.4622688293, 24.5314884186], [45.7292289734, 132.752197266, 92.790397644, 155.535324097, 67.172454834, 121.19140625, 47.5874595642, 185.614486694, 40.877910614, 59.1731033325, 21.9530105591, 40.736782074, -3.66078448296], [21.7725639343, -13.7770824432, 79.7277984619, 25.5503540039, 55.6071166992, 7.32644796371, 25.2196598053, 40.877910614, 114.820426941, 26.7606620789, 36.4591674805, 9.37531852722, 18.3942375183], [123.384727478, 72.0924758911, 68.9965896606, 82.328742981, 37.9817657471, 98.6604232788, 19.8759498596, 59.1731033325, 26.7606620789, 120.444061279, 39.5191574097, 23.8653202057, -10.9474830627], [98.6131057739, -12.0064659119, 61.106338501, 39.7130661011, 36.8460121155, 40.8142967224, 20.5801258087, 21.9530105591, 36.4591674805, 39.5191574097, 88.1316452026, 34.9443855286, 6.5283665657], [54.7174682617, 53.1484375, 33.7796859741, 48.986530304, 21.2595291138, 40.3661956787, 25.4622688293, 40.736782074, 9.37531852722, 23.8653202057, 34.9443855286, 86.0374069214, 31.8819904327], [44.4334945679, -8.85825920105, 21.3113136292, -60.8190917969, -1.68295288086, -17.9142189026, 24.5314884186, -3.66078448296, 18.3942375183, -10.9474830627, 6.5283665657, 31.8819904327, 91.3128814697]],
