{
"lowlevel": {
    "average_loudness": 0.956883728504,
    "barkbands_crest": {
        "dmean": 3.16686058044,
        "dmean2": 4.83278417587,
        "dvar": 10.2397794724,
        "dvar2": 21.7506027222,
        "max": 25.5030498505,
        "mean": 15.1645116806,
        "median": 14.4527711868,
        "min": 2.95407891273,
        "var": 29.9484634399
    },
    "barkbands_flatness_db": {
        "dmean": 0.0555264018476,
        "dmean2": 0.0790580660105,
        "dvar": 0.00376430945471,
        "dvar2": 0.00688694557175,
        "max": 0.620269477367,
        "mean": 0.257399559021,
        "median": 0.239111334085,
        "min": 0.0385054387152,
        "var": 0.0125555861741
    },
    "barkbands_kurtosis": {
        "dmean": 22.9285240173,
        "dmean2": 36.4251213074,
        "dvar": 928.416992188,
        "dvar2": 2374.9855957,
        "max": 366.274627686,
        "mean": 33.8980674744,
        "median": 24.8624095917,
        "min": -1.7681851387,
        "var": 1127.6862793
    },
    "barkbands_skewness": {
        "dmean": 1.66921567917,
        "dmean2": 2.59662938118,
        "dvar": 2.73909687996,
        "dvar2": 7.1050658226,
        "max": 15.3925409317,
        "mean": 4.40316009521,
        "median": 4.23644113541,
        "min": -1.85547661781,
        "var": 4.59312438965
    },
    "barkbands_spread": {
        "dmean": 8.50786590576,
        "dmean2": 13.1603422165,
        "dvar": 150.264434814,
        "dvar2": 337.622558594,
        "max": 110.950805664,
        "mean": 11.4062280655,
        "median": 5.47895622253,
        "min": 0.168169245124,
        "var": 196.272918701
    },
    "dissonance": {
        "dmean": 0.0333650112152,
        "dmean2": 0.0532820746303,
        "dvar": 0.00113592564594,
        "dvar2": 0.00269129360095,
        "max": 0.5,
        "mean": 0.424084246159,
        "median": 0.43917915225,
        "min": 0.183920353651,
        "var": 0.00298892240971
    },
    "dynamic_complexity": 3.77869510651,
    "erbbands_crest": {
        "dmean": 2.94437932968,
        "dmean2": 4.82483482361,
        "dvar": 7.49804544449,
        "dvar2": 20.4931259155,
        "max": 23.9091110229,
        "mean": 8.89477157593,
        "median": 8.46057033539,
        "min": 2.24982452393,
        "var": 13.0628967285
    },
    "erbbands_flatness_db": {
        "dmean": 0.0330041013658,
        "dmean2": 0.047232657671,
        "dvar": 0.00128261116333,
        "dvar2": 0.00247690151446,
        "max": 0.396024048328,
        "mean": 0.149182528257,
        "median": 0.126941978931,
        "min": 0.0327640846372,
        "var": 0.00468695955351
    },
    "erbbands_kurtosis": {
        "dmean": 3.54206204414,
        "dmean2": 5.53420877457,
        "dvar": 25.7487506866,
        "dvar2": 63.8495254517,
        "max": 53.8965301514,
        "mean": 3.75400614738,
        "median": 1.10925006866,
        "min": -1.80369532108,
        "var": 46.0008926392
    },
    "erbbands_skewness": {
        "dmean": 0.742539465427,
        "dmean2": 1.13265883923,
        "dvar": 0.551690578461,
        "dvar2": 1.44694769382,
        "max": 6.47938728333,
        "mean": 1.42557907104,
        "median": 1.22502803802,
        "min": -1.09480762482,
        "var": 1.27750909328
    },
    "erbbands_spread": {
        "dmean": 17.7801418304,
        "dmean2": 26.3547611237,
        "dvar": 361.898681641,
        "dvar2": 743.152954102,
        "max": 156.974029541,
        "mean": 50.6094970703,
        "median": 47.1768798828,
        "min": 2.50161409378,
        "var": 1034.30725098
    },
    "hfc": {
        "dmean": 8.55312633514,
        "dmean2": 13.1779069901,
        "dvar": 254.459594727,
        "dvar2": 630.894592285,
        "max": 117.60723877,
        "mean": 10.3482103348,
        "median": 5.01515245438,
        "min": 1.11038369619e-16,
        "var": 236.486160278
    },
    "melbands_crest": {
        "dmean": 4.00827264786,
        "dmean2": 5.99992847443,
        "dvar": 16.5763339996,
        "dvar2": 35.9248809814,
        "max": 36.0483055115,
        "mean": 21.0326080322,
        "median": 19.9016571045,
        "min": 1.92000722885,
        "var": 49.5074577332
    },
    "melbands_flatness_db": {
        "dmean": 0.0671553909779,
        "dmean2": 0.0947929099202,
        "dvar": 0.00567229324952,
        "dvar2": 0.0103780338541,
        "max": 0.788375079632,
        "mean": 0.349441498518,
        "median": 0.326897889376,
        "min": 0.00465920008719,
        "var": 0.0197408329695
    },
    "melbands_kurtosis": {
        "dmean": 44.4649391174,
        "dmean2": 70.9855041504,
        "dvar": 3342.19287109,
        "dvar2": 8641.41894531,
        "max": 934.40435791,
        "mean": 75.3616638184,
        "median": 56.8984870911,
        "min": -1.28594696522,
        "var": 4758.09912109
    },
    "melbands_skewness": {
        "dmean": 1.95181787014,
        "dmean2": 3.05193018913,
        "dvar": 3.61836338043,
        "dvar2": 9.39859485626,
        "max": 22.6976451874,
        "mean": 5.87221002579,
        "median": 5.55060100555,
        "min": -0.0112280016765,
        "var": 7.82284212112
    },
    "melbands_spread": {
        "dmean": 5.86406087875,
        "dmean2": 10.0614271164,
        "dvar": 183.250915527,
        "dvar2": 490.039337158,
        "max": 136.277557373,
        "mean": 6.62662172318,
        "median": 2.9989361763,
        "min": 0.273276865482,
        "var": 147.423568726
    },
    "pitch_salience": {
        "dmean": 0.10893368721,
        "dmean2": 0.166812002659,
        "dvar": 0.0116947097704,
        "dvar2": 0.0260166339576,
        "max": 0.89078861475,
        "mean": 0.454732745886,
        "median": 0.46990197897,
        "min": 0.0687684565783,
        "var": 0.0285445917398
    },
    "silence_rate_20dB": {
        "dmean": 0,
        "dmean2": 0,
        "dvar": 0,
        "dvar2": 0,
        "max": 1,
        "mean": 1,
        "median": 1,
        "min": 1,
        "var": 0
    },
    "silence_rate_30dB": {
        "dmean": 0.0633694007993,
        "dmean2": 0.126787781715,
        "dvar": 0.0593526847661,
        "dvar2": 0.147052824497,
        "max": 1,
        "mean": 0.954808831215,
        "median": 1,
        "min": 0,
        "var": 0.0431495495141
    },
    "silence_rate_60dB": {
        "dmean": 0.0680061802268,
        "dmean2": 0.136064946651,
        "dvar": 0.06338018924,
        "dvar2": 0.144612774253,
        "max": 1,
        "mean": 0.100424870849,
        "median": 0,
        "min": 0,
        "var": 0.0903404578567
    },
    "spectral_centroid": {
        "dmean": 278.327514648,
        "dmean2": 449.752716064,
        "dvar": 279800.0625,
        "dvar2": 617518.6875,
        "max": 11002.7783203,
        "mean": 540.592834473,
        "median": 377.291534424,
        "min": 121.922271729,
        "var": 302673.46875
    },
    "spectral_complexity": {
        "dmean": 3.85085010529,
        "dmean2": 6.4074215889,
        "dvar": 50.940120697,
        "dvar2": 124.191520691,
        "max": 53,
        "mean": 8.05484771729,
        "median": 6,
        "min": 0,
        "var": 49.1791877747
    },
    "spectral_decrease": {
        "dmean": 5.00779506751e-09,
        "dmean2": 7.65889129895e-09,
        "dvar": 8.11298943315e-17,
        "dvar2": 2.15104347827e-16,
        "max": 1.22626432799e-30,
        "mean": -8.85960815822e-09,
        "median": -5.09991604503e-09,
        "min": -8.04108779562e-08,
        "var": 9.87934032529e-17
    },
    "spectral_energy": {
        "dmean": 0.0193342156708,
        "dmean2": 0.0294130090624,
        "dvar": 0.00118541694246,
        "dvar2": 0.00311193848029,
        "max": 0.309180289507,
        "mean": 0.0343767888844,
        "median": 0.020174080506,
        "min": 1.00949130034e-20,
        "var": 0.00145783403423
    },
    "spectral_energyband_high": {
        "dmean": 0.000622956489678,
        "dmean2": 0.00104585883673,
        "dvar": 1.99399892153e-06,
        "dvar2": 5.41144254385e-06,
        "max": 0.0116312112659,
        "mean": 0.000532075355295,
        "median": 9.98989416985e-05,
        "min": 7.38116363477e-21,
        "var": 1.43813929299e-06
    },
    "spectral_energyband_low": {
        "dmean": 0.0129306549206,
        "dmean2": 0.0203178394586,
        "dvar": 0.000676769239362,
        "dvar2": 0.00195510615595,
        "max": 0.200639218092,
        "mean": 0.0219021160156,
        "median": 0.00978867337108,
        "min": 6.83384269959e-23,
        "var": 0.000875172612723
    },
    "spectral_energyband_middle_high": {
        "dmean": 0.000916812510695,
        "dmean2": 0.00162552576512,
        "dvar": 6.01518058829e-06,
        "dvar2": 1.67273046827e-05,
        "max": 0.0185476969928,
        "mean": 0.000735706533305,
        "median": 0.0001801422477,
        "min": 1.42050872352e-21,
        "var": 3.90417744711e-06
    },
    "spectral_energyband_middle_low": {
        "dmean": 0.0116544049233,
        "dmean2": 0.0188546720892,
        "dvar": 0.000615422031842,
        "dvar2": 0.00159382331185,
        "max": 0.21690377593,
        "mean": 0.0141430087388,
        "median": 0.00660345423967,
        "min": 3.42350587711e-22,
        "var": 0.000507969991304
    },
    "spectral_entropy": {
        "dmean": 0.488585621119,
        "dmean2": 0.705941677094,
        "dvar": 0.264544725418,
        "dvar2": 0.50355553627,
        "max": 9.80810928345,
        "mean": 7.00137805939,
        "median": 7.2062163353,
        "min": 4.33222532272,
        "var": 0.877846896648
    },
    "spectral_flux": {
        "dmean": 0.041594453156,
        "dmean2": 0.0591074451804,
        "dvar": 0.00347616942599,
        "dvar2": 0.00569418957457,
        "max": 0.480136960745,
        "mean": 0.0893352925777,
        "median": 0.0587566830218,
        "min": 6.82615769465e-11,
        "var": 0.0075973267667
    },
    "spectral_kurtosis": {
        "dmean": 7.59016895294,
        "dmean2": 11.6374883652,
        "dvar": 289.570831299,
        "dvar2": 619.572021484,
        "max": 218.310180664,
        "mean": 13.696264267,
        "median": 3.15529584885,
        "min": -1.23976147175,
        "var": 821.381896973
    },
    "spectral_rms": {
        "dmean": 0.00142862962093,
        "dmean2": 0.00199906108901,
        "dvar": 3.81839754482e-06,
        "dvar2": 8.55738198879e-06,
        "max": 0.0173677671701,
        "mean": 0.0050223050639,
        "median": 0.00443644309416,
        "min": 3.1382630869e-12,
        "var": 8.31479428598e-06
    },
    "spectral_rolloff": {
        "dmean": 501.572692871,
        "dmean2": 908.293029785,
        "dvar": 1876420.625,
        "dvar2": 4809390.5,
        "max": 18863.0859375,
        "mean": 536.760620117,
        "median": 236.865234375,
        "min": 64.599609375,
        "var": 1661432.875
    },
    "spectral_skewness": {
        "dmean": 0.722389042377,
        "dmean2": 1.04278707504,
        "dvar": 1.10785591602,
        "dvar2": 2.1540813446,
        "max": 12.6700162888,
        "mean": 2.53673005104,
        "median": 1.72978806496,
        "min": -0.0164428241551,
        "var": 4.0107293129
    },
    "spectral_spread": {
        "dmean": 1518797.25,
        "dmean2": 2229554.75,
        "dvar": 4.15224850022e+12,
        "dvar2": 7.2393335767e+12,
        "max": 50046580,
        "mean": 6598682.5,
        "median": 6670918,
        "min": 330057.15625,
        "var": 1.05012002816e+13
    },
    "spectral_strongpeak": {
        "dmean": 0.221862271428,
        "dmean2": 0.354725331068,
        "dvar": 0.0768280476332,
        "dvar2": 0.185660690069,
        "max": 2.47037887573,
        "mean": 0.457791537046,
        "median": 0.377240896225,
        "min": 0,
        "var": 0.111436039209
    },
    "zerocrossingrate": {
        "dmean": 0.0181356482208,
        "dmean2": 0.02155553177,
        "dvar": 0.000493366969749,
        "dvar2": 0.000726529920939,
        "max": 0.4970703125,
        "mean": 0.041394520551,
        "median": 0.0322265625,
        "min": 0.001953125,
        "var": 0.00154619978275
    },
    "barkbands": {
        "dmean": [0.000497034285218, 0.00560013530776, 0.00654164562002, 0.00662582414225, 0.00546490680426, 0.000785641255789, 0.000524651666638, 0.000156151945703, 0.000162742624525, 0.000132653731271, 0.000112766952952, 0.000101581099443, 8.32427685964e-05, 0.000132093206048, 0.000106439903902, 8.52264565765e-05, 5.56345148652e-05, 6.34158932371e-05, 7.71492268541e-05, 8.05172458058e-05, 0.000116089810035, 8.70287549333e-05, 9.44085477386e-05, 8.63873501658e-05, 0.000108200823888, 0.000100944831502, 1.17043343906e-08],
        "dmean2": [0.000511522695888, 0.00683358358219, 0.0112954005599, 0.0114805260673, 0.00926615297794, 0.00125902809668, 0.000822309637442, 0.000276037142612, 0.00025892816484, 0.0002282269852, 0.000206456898013, 0.000178193309694, 0.000149817569763, 0.000245505245402, 0.000194090549485, 0.000151559317601, 9.7175987321e-05, 0.000108878746687, 0.000142624150612, 0.000144039295265, 0.000212494589505, 0.000153750981553, 0.00016132176097, 0.00014278353774, 0.000172873798874, 0.000158918774105, 2.11616271173e-08],
        "dvar": [1.3297744772e-06, 8.01070855232e-05, 0.000308199349092, 0.000345716718584, 0.000137133363751, 2.906851023e-06, 8.67276867211e-07, 1.18140903282e-07, 8.15730984982e-08, 7.04783715832e-08, 9.4214030355e-08, 5.88315209882e-08, 4.66287168877e-08, 1.76371216298e-07, 1.10131615827e-07, 5.73352316735e-08, 2.44652333947e-08, 3.44751782677e-08, 7.07298681846e-08, 6.09845898225e-08, 1.64121701118e-07, 5.86563402294e-08, 5.01828587574e-08, 3.08288861106e-08, 4.24721733339e-08, 3.22277777798e-08, 1.81955424916e-15],
        "dvar2": [1.3865596884e-06, 0.000147430531797, 0.000837868952658, 0.000974248803686, 0.000382632075343, 7.73130705056e-06, 2.15290242522e-06, 3.32136465886e-07, 2.02714531383e-07, 1.95377808154e-07, 2.69629708782e-07, 1.65193526414e-07, 1.31533525405e-07, 5.03939304508e-07, 3.07437801439e-07, 1.56004560381e-07, 6.67272104238e-08, 9.09545789796e-08, 2.01795671728e-07, 1.69212924561e-07, 4.65469554456e-07, 1.6507807743e-07, 1.37662354405e-07, 8.13751199757e-08, 1.04971149995e-07, 7.37195335887e-08, 5.21778436498e-15],
        "max": [0.0124802188948, 0.0821078941226, 0.135582044721, 0.172869771719, 0.111511044204, 0.0178363565356, 0.0104830777273, 0.00320309377275, 0.00313307158649, 0.00250872387551, 0.00347746070474, 0.00247578579001, 0.00162973266561, 0.00407976098359, 0.0028554617893, 0.00186856673099, 0.00171705544926, 0.00155700265896, 0.00283696642146, 0.00223829550669, 0.00428388081491, 0.00224149529822, 0.00244079669937, 0.00119195249863, 0.00150361924898, 0.00136853719596, 8.41876840241e-07],
        "mean": [0.000928060268052, 0.0125701185316, 0.00548393279314, 0.00603705178946, 0.00602650921792, 0.000987086212263, 0.000729495019186, 0.000142092147144, 0.000187947356608, 0.00012680873624, 8.40961729409e-05, 8.01407077233e-05, 6.37549237581e-05, 8.63309105625e-05, 7.4440271419e-05, 6.34034149698e-05, 4.35810543422e-05, 4.83417898067e-05, 5.1143237215e-05, 5.96447789576e-05, 8.03901493782e-05, 7.01213721186e-05, 8.20569330244e-05, 7.75123917265e-05, 9.96207163553e-05, 9.31740141823e-05, 8.49263415148e-09],
        "median": [1.53277615027e-05, 0.00186486786697, 0.00110162573401, 0.00154841528274, 0.00240439223126, 0.000382394675398, 0.00032259861473, 4.65813391202e-05, 6.88367581461e-05, 4.74875923828e-05, 1.60013751156e-05, 1.6392012185e-05, 1.23251847981e-05, 7.91466663941e-06, 5.49608603251e-06, 5.17143871548e-06, 3.89177012039e-06, 2.98228360407e-06, 4.07622928833e-06, 5.9564026742e-06, 8.15704242996e-06, 1.28487099573e-05, 1.53727760335e-05, 1.26993081722e-05, 1.59721803357e-05, 1.77210658876e-05, 1.82081283384e-09],
        "min": [7.2353028495e-24, 6.07868209001e-24, 9.96696329235e-24, 1.77170333812e-23, 7.34399920477e-24, 2.04845609629e-23, 1.12276024619e-23, 4.04527114891e-23, 7.96617742948e-23, 5.77102744138e-23, 6.3461960248e-23, 8.97468371644e-23, 4.85719298274e-23, 9.02748249237e-23, 9.10624236515e-23, 9.94197990971e-23, 1.03103596509e-22, 1.94627775158e-22, 2.31089317472e-22, 2.53612848795e-22, 3.41140512947e-22, 4.37299097953e-22, 5.16119100864e-22, 7.01785050108e-22, 1.16404163713e-21, 1.51820398433e-21, 2.19861860318e-21],
        "var": [5.19074546901e-06, 0.000387503445381, 0.000205956355785, 0.00021820924303, 0.000104814178485, 2.82646624328e-06, 1.19740479931e-06, 8.04330468895e-08, 9.46639673316e-08, 5.19923197828e-08, 5.53861454478e-08, 3.88357506154e-08, 2.97875732969e-08, 1.01554384457e-07, 6.91891202109e-08, 3.94946937377e-08, 1.70346332595e-08, 2.54420964296e-08, 4.13682030853e-08, 3.86930381069e-08, 9.7515787445e-08, 3.73152602151e-08, 3.58641827347e-08, 2.5180955987e-08, 3.98669435242e-08, 3.460286635e-08, 1.06123413297e-15]
    },
    "erbbands": {
        "dmean": [0.229586198926, 1.13230323792, 5.41323518753, 17.0182361603, 21.9653778076, 17.4890098572, 6.34920120239, 6.5118932724, 6.90569734573, 6.46135234833, 2.76002645493, 4.1642074585, 2.90216517448, 5.022605896, 4.69725131989, 4.04073095322, 3.66866374016, 5.31604337692, 7.32372236252, 5.19761276245, 4.36098384857, 3.23108577728, 3.15336227417, 4.13711833954, 3.91917204857, 3.5402610302, 4.16807079315, 4.64293766022, 3.2075252533, 2.83364343643, 2.53937506676, 2.04633045197, 1.32856619358, 1.12728333473, 0.81476432085, 0.472056686878, 0.181925669312, 0.0209531113505, 0.000378619879484, 3.30423281412e-05],
        "dmean2": [0.206195190549, 1.5647162199, 8.92221641541, 29.747177124, 37.3573684692, 29.1360111237, 10.8489093781, 10.4218616486, 10.3898744583, 11.0415611267, 4.74340772629, 6.59441375732, 4.81843090057, 8.8906917572, 8.51942825317, 7.10172843933, 6.50524616241, 9.74053382874, 13.6832838058, 9.22316837311, 7.80595207214, 5.6512928009, 5.34555196762, 7.61559772491, 7.17283010483, 6.28712654114, 7.61886501312, 8.47058677673, 5.70309305191, 4.93482446671, 4.32174873352, 3.47879838943, 2.14426183701, 1.82168710232, 1.30303037167, 0.755086362362, 0.28548130393, 0.0328805744648, 0.00059010455152, 4.99649358972e-05],
        "dvar": [0.166932091117, 3.95871162415, 190.252334595, 2308.10107422, 2591.02612305, 1301.65490723, 252.140365601, 188.234039307, 135.436401367, 182.518539429, 32.2477607727, 52.9287528992, 27.4496994019, 155.768554688, 147.536819458, 100.709739685, 81.2150268555, 231.086990356, 602.295715332, 242.680984497, 148.411071777, 81.7424316406, 77.9526443481, 185.541152954, 170.113433838, 111.947509766, 189.801422119, 259.622558594, 85.7685546875, 53.3738937378, 33.9781150818, 20.9098834991, 6.49156093597, 5.02970695496, 2.37128949165, 0.769010066986, 0.103356182575, 0.00166287762113, 5.00743226439e-07, 2.18030304922e-09],
        "dvar2": [0.124354965985, 9.65603542328, 510.583312988, 6475.91113281, 7095.89892578, 3616.31738281, 714.569641113, 497.640716553, 314.024902344, 502.850128174, 90.1455688477, 131.09992981, 71.8575820923, 444.27520752, 420.982025146, 282.430786133, 227.289855957, 653.941345215, 1721.70410156, 653.129516602, 410.281707764, 221.566970825, 200.219024658, 522.239685059, 479.270965576, 308.112030029, 534.803649902, 738.217773438, 241.789764404, 148.943710327, 92.6615524292, 57.1239852905, 16.456703186, 12.8737049103, 5.75159358978, 1.86053478718, 0.225560501218, 0.00383878359571, 1.145928195e-06, 5.040906359e-09],
        "max": [4.68601036072, 18.9122447968, 121.527069092, 409.156494141, 409.312011719, 371.205871582, 180.971176147, 135.626464844, 155.740539551, 153.474563599, 66.324005127, 82.2693023682, 52.4787368774, 122.181266785, 134.163909912, 100.512138367, 67.9615478516, 134.782653809, 232.30166626, 142.030288696, 96.5383148193, 103.744056702, 71.5797348022, 122.645706177, 121.003166199, 88.7614440918, 117.152458191, 193.989318848, 79.8212814331, 75.6728897095, 67.0847930908, 36.148475647, 19.2503643036, 20.7226638794, 10.8129425049, 6.52070331573, 2.2736017704, 0.36979201436, 0.00625634239987, 0.000359028374078],
        "mean": [0.557178318501, 2.09725499153, 5.4076590538, 14.4409065247, 22.3466911316, 20.8621768951, 7.16699266434, 8.2726020813, 10.2567520142, 7.06153297424, 2.95328116417, 4.83382081985, 3.12204194069, 4.20891046524, 3.70925021172, 3.19989323616, 2.94030451775, 3.70880627632, 4.74849939346, 3.80716943741, 3.23620820045, 2.52540111542, 2.51031637192, 2.80404353142, 2.7105140686, 2.67781114578, 2.90446543694, 3.27282714844, 2.5856924057, 2.39081096649, 2.23441648483, 1.75396549702, 1.24100589752, 1.03127002716, 0.744383513927, 0.427513659, 0.170010343194, 0.0189160574228, 0.000356547767296, 5.29848803126e-05],
        "median": [0.0327055417001, 0.602152943611, 1.55209839344, 3.45736145973, 8.4288225174, 8.28374099731, 2.92754459381, 3.357817173, 4.70011520386, 2.80014181137, 1.30761706829, 1.85128080845, 1.11031091213, 1.32344818115, 0.88935136795, 0.653923630714, 0.636126816273, 0.453423678875, 0.336308270693, 0.264567524195, 0.284133821726, 0.219161599874, 0.174342527986, 0.190775513649, 0.254309624434, 0.285040259361, 0.266649931669, 0.382451981306, 0.468893736601, 0.419666916132, 0.427705287933, 0.288987338543, 0.204716011882, 0.16600112617, 0.117493383586, 0.0684782937169, 0.0313181914389, 0.00280148489401, 7.14759080438e-05, 3.45719417965e-05],
        "min": [3.36354714717e-22, 9.81145460568e-22, 1.18875167884e-20, 4.7435880686e-20, 2.27157399451e-20, 3.30009166063e-20, 6.54497677018e-20, 2.24570540719e-19, 1.5172230806e-19, 6.32418869376e-19, 8.47870881215e-19, 1.30729092253e-18, 1.86981964759e-18, 1.68250832019e-18, 2.69828755998e-18, 3.50040832228e-18, 3.08023531269e-18, 4.19580458759e-18, 3.79683842096e-18, 4.49515752896e-18, 6.36305584279e-18, 6.55931354211e-18, 8.51275308462e-18, 1.1715246519e-17, 1.11590031258e-17, 1.16878188643e-17, 1.31332946508e-17, 1.45388771708e-17, 1.34108418705e-17, 1.79453938761e-17, 1.42414428749e-17, 1.3992651762e-17, 1.11299575058e-17, 1.00137608144e-17, 9.10576796475e-18, 5.38940759994e-18, 3.10205716443e-18, 1.03569454361e-18, 3.18814407383e-19, 3.231725183e-20],
        "var": [1.07596457005, 9.30571269989, 142.399993896, 1434.29064941, 1830.52844238, 1120.1809082, 175.548614502, 187.897674561, 228.099319458, 146.995346069, 24.3904972076, 61.260307312, 26.4009628296, 97.1992950439, 89.3526382446, 65.4109420776, 54.0469055176, 138.253555298, 348.159576416, 168.672561646, 98.2632827759, 57.7370414734, 61.5179290771, 113.206993103, 102.814796448, 72.8488006592, 114.701057434, 153.420776367, 54.1632995605, 35.4178733826, 24.9705200195, 15.2331638336, 5.88991451263, 4.42486000061, 2.27294325829, 0.749782621861, 0.116976894438, 0.00171544938348, 5.28037730874e-07, 2.80926837348e-09]
    },
    "gfcc": {
        "mean": [-83.8717422485, 98.9900741577, -39.0457229614, 28.1763706207, -59.9860038757, 17.7328548431, -40.5223388672, 2.81388473511, -29.7208957672, 2.71480703354, -23.0727672577, 1.32330715656, -14.7138242722],
        "cov": [[13932.171875, -3125.63208008, -1832.04675293, 859.580383301, -907.337219238, 166.148361206, -1007.01672363, 0.950513780117, -913.951477051, 111.346092224, -625.481140137, 61.3093528748, -499.157348633], [-3125.63208008, 2888.08984375, 825.588562012, -428.82635498, 777.236938477, 78.5511474609, 651.158508301, -22.4815216064, 610.822814941, -80.6404266357, 533.910522461, -101.213195801, 416.877258301], [-1832.04675293, 825.588562012, 1062.42944336, -284.154693604, -24.4910087585, 12.98574543, 256.163452148, 3.51076793671, 114.550590515, -12.4341049194, 117.942100525, 2.74519371986, 60.8675079346], [859.580383301, -428.82635498, -284.154693604, 588.962402344, 119.661636353, 45.4561843872, -51.643951416, 97.3263778687, 55.9350776672, 63.9205665588, -5.11677646637, 21.8952140808, 27.2072181702], [-907.337219238, 777.236938477, -24.4910087585, 119.661636353, 610.986450195, 78.6170043945, 248.893432617, 80.3740310669, 304.003540039, 31.339641571, 218.74432373, 1.03072845936, 196.757797241], [166.148361206, 78.5511474609, 12.98574543, 45.4561843872, 78.6170043945, 157.025772095, 88.6223526001, 40.9876480103, 52.2314720154, 39.4014129639, 59.1287612915, 9.30662441254, 46.2618408203], [-1007.01672363, 651.158508301, 256.163452148, -51.643951416, 248.893432617, 88.6223526001, 282.421813965, 70.8504486084, 210.608459473, 24.9102916718, 173.388336182, -1.52642524242, 136.845428467], [0.950513780117, -22.4815216064, 3.51076793671, 97.3263778687, 80.3740310669, 40.9876480103, 70.8504486084, 110.31287384, 84.3464279175, 53.5607566833, 41.5459442139, 28.6969547272, 36.7002792358], [-913.951477051, 610.822814941, 114.550590515, 55.9350776672, 304.003540039, 52.2314720154, 210.608459473, 84.3464279175, 284.700927734, 57.0762176514, 184.07182312, 11.8063840866, 151.337524414], [111.346092224, -80.6404266357, -12.4341049194, 63.9205665588, 31.339641571, 39.4014129639, 24.9102916718, 53.5607566833, 57.0762176514, 94.0928344727, 50.7885246277, 42.2460594177, 24.952955246], [-625.481140137, 533.910522461, 117.942100525, -5.11677646637, 218.74432373, 59.1287612915, 173.388336182, 41.5459442139, 184.07182312, 50.7885246277, 207.031799316, 30.202709198, 137.404800415], [61.3093528748, -101.213195801, 2.74519371986, 21.8952140808, 1.03072845936, 9.30662441254, -1.52642524242, 28.6969547272, 11.8063840866, 42.2460594177, 30.202709198, 68.9007720947, 26.1436252594], [-499.157348633, 416.877258301, 60.8675079346, 27.2072181702, 196.757797241, 46.2618408203, 136.845428467, 36.7002792358, 151.337524414, 24.952955246, 137.404800415, 26.1436252594, 141.270233154]],
        "icov": [[0.00016464543296, -0.000286002992652, 0.000251660414506, -0.000243961811066, 0.000154556968482, -0.000378577940864, 0.000335618300596, -0.000471142499009, 0.000757165194955, -0.000449203362223, 0.000175533263246, -0.00025981120416, 0.000215849402593], [-0.000286002992652, 0.00381689262576, -0.00171623658389, 0.00201755156741, -0.0014655952109, 0.000855669146404, -0.000291009666398, 0.00275726453401, -0.00456173624843, 0.00416261330247, -0.00422448897734, 0.00538587104529, -0.00333262421191], [0.000251660414506, -0.00171623658389, 0.00258133816533, -0.000798150838818, 0.00162248359993, -7.77335371822e-05, -0.00247633992694, -0.000531596131623, 0.00188227929175, -0.00162116379943, 0.00175288924947, -0.00349028105848, 0.00250870874152], [-0.000243961811066, 0.00201755156741, -0.000798150838818, 0.00392613373697, -0.00141210306901, -0.000119378877571, 0.00219835434109, -0.00118491332978, -0.0030331548769, 0.00161174836103, -0.0015502095921, 0.00401290971786, -0.00331393978558], [0.000154556968482, -0.0014655952109, 0.00162248359993, -0.00141210306901, 0.0052549992688, -0.000512957922183, -0.00166189123411, -0.000535322003998, -0.00138834235258, 0.0002436091454, 0.000788571254816, -0.00202202424407, 9.3158618256e-05], [-0.000378577940864, 0.000855669146404, -7.77335371822e-05, -0.000119378877571, -0.000512957922183, 0.0108418967575, -0.00611646752805, 0.00100185803603, 0.00219532987103, -0.00351832131855, -0.000833642610814, 0.00267976429313, -0.00239293533377], [0.000335618300596, -0.000291009666398, -0.00247633992694, 0.00219835434109, -0.00166189123411, -0.00611646752805, 0.0211442522705, -0.00988532230258, -0.00238339370117, 0.00332519318908, -0.00538534345105, 0.00671813357621, -0.00494748726487], [-0.000471142499009, 0.00275726453401, -0.000531596131623, -0.00118491332978, -0.000535322003998, 0.00100185803603, -0.00988532230258, 0.0246852543205, -0.00925747305155, -0.00270246365108, 0.00360172754154, -0.00486541073769, 0.00202809087932], [0.000757165194955, -0.00456173624843, 0.00188227929175, -0.0030331548769, -0.00138834235258, 0.00219532987103, -0.00238339370117, -0.00925747305155, 0.0252892971039, -0.0122782886028, 0.000390590546886, 0.00148364913184, -0.00373892439529], [-0.000449203362223, 0.00416261330247, -0.00162116379943, 0.00161174836103, 0.0002436091454, -0.00351832131855, 0.00332519318908, -0.00270246365108, -0.0122782886028, 0.0303772892803, -0.0116197969764, -0.0055610476993, 0.00492986571044], [0.000175533263246, -0.00422448897734, 0.00175288924947, -0.0015502095921, 0.000788571254816, -0.000833642610814, -0.00538534345105, 0.00360172754154, 0.000390590546886, -0.0116197969764, 0.0264497455209, -0.00963260885328, -0.00622406369075], [-0.00025981120416, 0.00538587104529, -0.00349028105848, 0.00401290971786, -0.00202202424407, 0.00267976429313, 0.00671813357621, -0.00486541073769, 0.00148364913184, -0.0055610476993, -0.00963260885328, 0.0373989120126, -0.0175445210189], [0.000215849402593, -0.00333262421191, 0.00250870874152, -0.00331393978558, 9.3158618256e-05, -0.00239293533377, -0.00494748726487, 0.00202809087932, -0.00373892439529, 0.00492986571044, -0.00622406369075, -0.0175445210189, 0.0345876291394]]
    },
    "melbands": {
        "dmean": [0.00168925500475, 0.00213979650289, 0.00303560588509, 0.00150620471686, 0.000287008093437, 0.000143391589518, 0.000107930609374, 6.26964611001e-05, 2.2649355742e-05, 2.41551369982e-05, 1.43109073178e-05, 2.05137966987e-05, 1.60910985869e-05, 1.25423011923e-05, 8.24382459541e-06, 8.28525935503e-06, 1.01914374682e-05, 1.31899851112e-05, 7.10969652573e-06, 6.20011178398e-06, 4.93907464261e-06, 3.44287741427e-06, 2.62556841335e-06, 3.21284164784e-06, 3.42338353221e-06, 2.79062987829e-06, 2.94194842354e-06, 2.20348215407e-06, 2.36224013861e-06, 3.31627552441e-06, 2.51088931691e-06, 2.06635377253e-06, 1.24744417462e-06, 1.72257705344e-06, 1.4471772829e-06, 1.35467280415e-06, 1.23424615595e-06, 9.13846065487e-07, 8.73305737059e-07, 9.91918227555e-07],
        "dmean2": [0.00192007794976, 0.00347855337895, 0.00522024184465, 0.00252424925566, 0.000490922073368, 0.000228678996791, 0.000164502183907, 0.000108137639472, 3.77263459086e-05, 3.84988125006e-05, 2.38512402575e-05, 3.62017199222e-05, 2.93215907732e-05, 2.21823920583e-05, 1.44063105836e-05, 1.50016057887e-05, 1.8734992409e-05, 2.48458582064e-05, 1.28239180412e-05, 1.0934067177e-05, 8.88281556399e-06, 6.11851146459e-06, 4.41746215074e-06, 5.56680743102e-06, 6.36183540337e-06, 5.12703354616e-06, 5.33842148798e-06, 3.90020795749e-06, 4.32786737292e-06, 6.09780636296e-06, 4.5650967877e-06, 3.72925069314e-06, 2.15880936594e-06, 3.02063722302e-06, 2.47688740274e-06, 2.3131335638e-06, 2.11572432818e-06, 1.47885111801e-06, 1.42134535963e-06, 1.61644527452e-06],
        "dvar": [8.13914630271e-06, 2.46238523687e-05, 6.48744899081e-05, 9.58742111834e-06, 4.56228718804e-07, 9.13307189876e-08, 3.42472645798e-08, 1.77068315566e-08, 1.8509650479e-09, 1.81942638733e-09, 6.78029243861e-10, 2.51193132961e-09, 1.75839254268e-09, 9.56303147781e-10, 3.9366063187e-10, 5.05236519288e-10, 8.79529504783e-10, 2.09406070262e-09, 4.95000318512e-10, 3.26913024429e-10, 2.00974320519e-10, 1.01740844916e-10, 5.36282129815e-11, 9.2168321586e-11, 1.33009131487e-10, 9.46972916749e-11, 8.79668213272e-11, 4.31787938737e-11, 5.96903707017e-11, 1.48945078493e-10, 6.9475342146e-11, 3.90242699266e-11, 9.95722688329e-12, 1.97674949326e-11, 1.02172315747e-11, 1.08902609153e-11, 7.56954655207e-12, 2.98768778814e-12, 2.98516940334e-12, 4.13679724157e-12],
        "dvar2": [1.06361630969e-05, 6.63680548314e-05, 0.000178089860128, 2.62972062046e-05, 1.29378224756e-06, 2.40440556354e-07, 8.13810174805e-08, 4.91201603836e-08, 5.08683850597e-09, 4.55498216922e-09, 1.77376335841e-09, 7.15087988823e-09, 5.01874231063e-09, 2.69606026393e-09, 1.08795927822e-09, 1.4304998297e-09, 2.49779286143e-09, 6.02106586811e-09, 1.36070810175e-09, 8.85864992473e-10, 5.60275048578e-10, 2.81587586581e-10, 1.36280403629e-10, 2.45793940756e-10, 3.7784986251e-10, 2.6799387709e-10, 2.46925507819e-10, 1.18475215749e-10, 1.68452585214e-10, 4.24737661708e-10, 1.96795163498e-10, 1.10906707429e-10, 2.74408690215e-11, 5.51341680644e-11, 2.75716723758e-11, 2.99683160232e-11, 2.06568442906e-11, 7.50345705708e-12, 7.60790909438e-12, 1.06855288506e-11],
        "max": [0.0301626045257, 0.0469003506005, 0.07044159621, 0.0288970600814, 0.00723061850294, 0.00296829245053, 0.00232586660422, 0.00151808210649, 0.000504467927385, 0.00048341540969, 0.000275818951195, 0.000477185822092, 0.000460970273707, 0.000297918799333, 0.000181897237781, 0.00017170587671, 0.000268825620878, 0.000448524544481, 0.000200161375687, 0.000158303766511, 0.0001199616745, 0.000125558392028, 6.87968058628e-05, 8.64490430104e-05, 0.000104339240352, 9.86804661807e-05, 8.91045783646e-05, 6.27865883871e-05, 7.47884841985e-05, 0.000134874542709, 9.7656964499e-05, 5.48626085219e-05, 3.09646347887e-05, 4.357387661e-05, 3.66607564501e-05, 3.1990082789e-05, 2.15810177906e-05, 1.32506966111e-05, 1.46948996189e-05, 2.07034699997e-05],
        "mean": [0.00407385453582, 0.00274351192638, 0.00275583309121, 0.00174968922511, 0.000324020104017, 0.000183079595445, 0.000156155976583, 6.57027412672e-05, 2.5286746677e-05, 2.77077342616e-05, 1.49505785885e-05, 1.72298623511e-05, 1.25023652799e-05, 9.81445373327e-06, 6.82812196828e-06, 6.14174541624e-06, 6.97706354913e-06, 8.30100907478e-06, 5.0788507906e-06, 4.61884928882e-06, 3.63345839105e-06, 2.62051912614e-06, 2.1910882424e-06, 2.39664973378e-06, 2.2721037567e-06, 1.87149430531e-06, 2.11096403291e-06, 1.67416726526e-06, 1.64627886079e-06, 2.22054450205e-06, 1.79491905783e-06, 1.59152034485e-06, 1.10206076442e-06, 1.43357033267e-06, 1.28208898786e-06, 1.1737680552e-06, 1.0335108982e-06, 8.5354741941e-07, 8.12932114513e-07, 8.95296579984e-07],
        "median": [0.000363914645277, 0.00114744983148, 0.000751768995542, 0.000738888629712, 0.000139667376061, 7.24021811038e-05, 7.05534039298e-05, 2.61709792539e-05, 1.12617171908e-05, 1.02444710137e-05, 4.99592215419e-06, 5.2701225286e-06, 2.85567170977e-06, 2.14212718674e-06, 1.35947266244e-06, 1.11997098884e-06, 8.17441389245e-07, 5.15160479608e-07, 3.64704874301e-07, 3.52080405719e-07, 3.04490015424e-07, 2.24651813596e-07, 1.81012495659e-07, 1.38387648008e-07, 1.47839870124e-07, 1.56537481644e-07, 1.92371146568e-07, 1.86821637271e-07, 1.40770993085e-07, 2.04492394573e-07, 2.20324380962e-07, 2.56323801295e-07, 2.34374525121e-07, 2.27495519312e-07, 2.45824281819e-07, 2.10199345929e-07, 1.57597881412e-07, 1.32480437287e-07, 1.42431545669e-07, 1.33259675295e-07],
        "min": [2.30331922651e-24, 5.32578693118e-24, 7.20848710075e-24, 1.61225005505e-24, 2.11487810562e-24, 4.76533360132e-24, 2.56210958242e-24, 7.69390240358e-24, 7.75551086256e-24, 9.81161212542e-24, 8.9367054281e-24, 6.84064283836e-24, 9.28338297468e-24, 9.51845958013e-24, 6.28432156192e-24, 3.34555870461e-24, 8.72978484608e-24, 5.43582080012e-24, 7.51088825129e-24, 6.2531710225e-24, 6.60022248914e-24, 6.43878644362e-24, 4.50227609956e-24, 9.34411737577e-24, 8.92897695782e-24, 9.13889600014e-24, 6.38338513668e-24, 6.7822000782e-24, 7.62976248996e-24, 8.25797739386e-24, 8.74625468406e-24, 8.48025630885e-24, 6.76340704486e-24, 1.0805905821e-23, 6.8583141115e-24, 9.89403310166e-24, 7.09739260833e-24, 7.46321659793e-24, 7.73289185382e-24, 8.75442097215e-24],
        "var": [4.73609798064e-05, 2.25944768317e-05, 4.28675775765e-05, 7.87383760326e-06, 3.20857282077e-07, 9.27816401486e-08, 5.40384057501e-08, 1.34951445574e-08, 1.59462820726e-09, 2.05357220118e-09, 6.4789429377e-10, 1.58855262278e-09, 1.05538056072e-09, 6.15955453309e-10, 2.74290229418e-10, 3.11988684887e-10, 5.19735976479e-10, 1.18384102521e-09, 3.25246690691e-10, 2.26979532392e-10, 1.29313865171e-10, 6.75022746033e-11, 4.36758476607e-11, 6.6245134378e-11, 7.88808532382e-11, 5.65415596288e-11, 5.39043254477e-11, 2.83229655007e-11, 3.59609841905e-11, 8.65560192964e-11, 4.1701607445e-11, 2.37983729945e-11, 6.93574494712e-12, 1.30712758326e-11, 7.79156166669e-12, 7.67543580776e-12, 5.44372880107e-12, 2.77434672458e-12, 2.61629303291e-12, 3.54505899462e-12]
    },
    "mfcc": {
        "mean": [-748.475402832, 137.178436279, 65.6630554199, 23.5846309662, 9.47420406342, 12.37728405, 0.775466024876, 0.986557245255, -1.08305990696, -2.35337710381, -3.88739156723, -3.30905127525, -1.46017098427],
        "cov": [[11549.5673828, -2787.203125, -1423.86877441, -17.0210475922, -69.5362701416, -134.807144165, -222.173858643, -305.315429688, -345.355102539, -212.42489624, -315.015869141, -263.890441895, -242.478561401], [-2787.203125, 2595.20141602, 604.071594238, -112.889343262, 156.402786255, 218.332351685, 227.516983032, 199.179977417, 184.720626831, 145.207336426, 177.981567383, 167.858688354, 162.999816895], [-1423.86877441, 604.071594238, 946.144775391, -101.863349915, -184.305908203, -19.8847064972, 63.3130378723, 23.4877052307, 0.755675792694, -7.58803987503, 35.8536949158, 10.6262168884, 36.2621040344], [-17.0210475922, -112.889343262, -101.863349915, 377.364990234, 192.878860474, 55.5962562561, 5.15994930267, 63.5823287964, 80.9920043945, 77.2351074219, 44.1113204956, 45.916343689, 32.9427032471], [-69.5362701416, 156.402786255, -184.305908203, 192.878860474, 246.956222534, 109.44695282, 46.2697486877, 72.4681015015, 80.1577987671, 76.475730896, 55.2903709412, 52.0546264648, 43.3364906311], [-134.807144165, 218.332351685, -19.8847064972, 55.5962562561, 109.44695282, 136.615997314, 75.8197021484, 56.201675415, 55.8209037781, 61.1068382263, 46.0191078186, 43.013999939, 41.247127533], [-222.173858643, 227.516983032, 63.3130378723, 5.15994930267, 46.2697486877, 75.8197021484, 122.651832581, 63.1332588196, 46.166683197, 40.8992958069, 47.9392204285, 41.8289756775, 30.6133079529], [-305.315429688, 199.179977417, 23.4877052307, 63.5823287964, 72.4681015015, 56.201675415, 63.1332588196, 96.9336624146, 75.4686508179, 56.0902557373, 45.9190177917, 42.9365959167, 33.5483512878], [-345.355102539, 184.720626831, 0.755675792694, 80.9920043945, 80.1577987671, 55.8209037781, 46.166683197, 75.4686508179, 107.028388977, 76.2587661743, 55.9067459106, 45.0989494324, 36.3490142822], [-212.42489624, 145.207336426, -7.58803987503, 77.2351074219, 76.475730896, 61.1068382263, 40.8992958069, 56.0902557373, 76.2587661743, 102.238807678, 64.6025238037, 48.1026992798, 40.961769104], [-315.015869141, 177.981567383, 35.8536949158, 44.1113204956, 55.2903709412, 46.0191078186, 47.9392204285, 45.9190177917, 55.9067459106, 64.6025238037, 88.4212417603, 61.1156616211, 36.5529060364], [-263.890441895, 167.858688354, 10.6262168884, 45.916343689, 52.0546264648, 43.013999939, 41.8289756775, 42.9365959167, 45.0989494324, 48.1026992798, 61.1156616211, 76.0831832886, 50.6546020508], [-242.478561401, 162.999816895, 36.2621040344, 32.9427032471, 43.3364906311, 41.247127533, 30.6133079529, 33.5483512878, 36.3490142822, 40.961769104, 36.5529060364, 50.6546020508, 70.1112442017]],
