{
"lowlevel": {
    "average_loudness": 0.899021446705,
    "barkbands_crest": {
        "dmean": 2.17904186249,
        "dmean2": 3.31404519081,
        "dvar": 5.31875276566,
        "dvar2": 12.456905365,
        "max": 26.6411399841,
        "mean": 13.148566246,
        "median": 12.1362895966,
        "min": 2.89318752289,
        "var": 25.5353183746
    },
    "barkbands_flatness_db": {
        "dmean": 0.0251374654472,
        "dmean2": 0.0350436381996,
        "dvar": 0.000606958754361,
        "dvar2": 0.00118547899183,
        "max": 0.572079122066,
        "mean": 0.248086899519,
        "median": 0.238217785954,
        "min": 0.0645370036364,
        "var": 0.00692978175357
    },
    "barkbands_kurtosis": {
        "dmean": 4.81148099899,
        "dmean2": 7.28987216949,
        "dvar": 118.055580139,
        "dvar2": 264.73538208,
        "max": 372.723266602,
        "mean": 12.0099582672,
        "median": 3.63927936554,
        "min": -1.91785430908,
        "var": 1013.93933105
    },
    "barkbands_skewness": {
        "dmean": 0.589969873428,
        "dmean2": 0.851547539234,
        "dvar": 0.550358653069,
        "dvar2": 1.09300708771,
        "max": 14.8293418884,
        "mean": 2.03812813759,
        "median": 1.71644103527,
        "min": -1.84152793884,
        "var": 4.10394716263
    },
    "barkbands_spread": {
        "dmean": 4.7897233963,
        "dmean2": 6.7123336792,
        "dvar": 71.2075881958,
        "dvar2": 119.005218506,
        "max": 108.027671814,
        "mean": 15.5890569687,
        "median": 10.7454547882,
        "min": 0.119933843613,
        "var": 268.319854736
    },
    "dissonance": {
        "dmean": 0.0287155341357,
        "dmean2": 0.0469332709908,
        "dvar": 0.00073456420796,
        "dvar2": 0.00192386761773,
        "max": 0.499758601189,
        "mean": 0.424973368645,
        "median": 0.432969480753,
        "min": 0.187679409981,
        "var": 0.00233091483824
    },
    "dynamic_complexity": 4.30757713318,
    "erbbands_crest": {
        "dmean": 2.52425146103,
        "dmean2": 3.81264328957,
        "dvar": 6.63049983978,
        "dvar2": 13.9399929047,
        "max": 30.9673881531,
        "mean": 12.1314191818,
        "median": 11.3221702576,
        "min": 2.5830051899,
        "var": 30.8715553284
    },
    "erbbands_flatness_db": {
        "dmean": 0.0219873040915,
        "dmean2": 0.0289875548333,
        "dvar": 0.000461086194264,
        "dvar2": 0.000799684552476,
        "max": 0.401534169912,
        "mean": 0.226093068719,
        "median": 0.223032712936,
        "min": 0.103623740375,
        "var": 0.00373986107297
    },
    "erbbands_kurtosis": {
        "dmean": 1.54516541958,
        "dmean2": 2.34487295151,
        "dvar": 13.9776124954,
        "dvar2": 31.2013759613,
        "max": 120.357025146,
        "mean": 2.33496832848,
        "median": 0.849752187729,
        "min": -1.83215892315,
        "var": 37.923286438
    },
    "erbbands_skewness": {
        "dmean": 0.395120054483,
        "dmean2": 0.56321054697,
        "dvar": 0.242739841342,
        "dvar2": 0.446013510227,
        "max": 9.63618850708,
        "mean": 0.625232040882,
        "median": 0.55062764883,
        "min": -6.59048366547,
        "var": 1.34123837948
    },
    "erbbands_spread": {
        "dmean": 9.1021900177,
        "dmean2": 13.2946081161,
        "dvar": 170.54649353,
        "dvar2": 370.436950684,
        "max": 159.315444946,
        "mean": 32.7814865112,
        "median": 26.3507137299,
        "min": 1.53220701218,
        "var": 551.253417969
    },
    "hfc": {
        "dmean": 6.02813911438,
        "dmean2": 8.17713165283,
        "dvar": 170.782272339,
        "dvar2": 347.710083008,
        "max": 163.810317993,
        "mean": 15.3229570389,
        "median": 7.26753473282,
        "min": 0.000224788891501,
        "var": 388.641052246
    },
    "melbands_crest": {
        "dmean": 2.42097496986,
        "dmean2": 3.75146079063,
        "dvar": 6.31589412689,
        "dvar2": 15.6011991501,
        "max": 33.4813499451,
        "mean": 16.4236850739,
        "median": 16.0877971649,
        "min": 4.47984838486,
        "var": 28.8560028076
    },
    "melbands_flatness_db": {
        "dmean": 0.0303947068751,
        "dmean2": 0.0399631895125,
        "dvar": 0.000995959504507,
        "dvar2": 0.00181889685337,
        "max": 0.690294086933,
        "mean": 0.298575818539,
        "median": 0.288707405329,
        "min": 0.0644456669688,
        "var": 0.0115242069587
    },
    "melbands_kurtosis": {
        "dmean": 9.2179517746,
        "dmean2": 14.1667575836,
        "dvar": 326.472442627,
        "dvar2": 726.05065918,
        "max": 299.71786499,
        "mean": 19.5247821808,
        "median": 10.1896533966,
        "min": -1.61581647396,
        "var": 891.028259277
    },
    "melbands_skewness": {
        "dmean": 0.758538424969,
        "dmean2": 1.11721348763,
        "dvar": 1.02304399014,
        "dvar2": 2.18952512741,
        "max": 15.1263847351,
        "mean": 2.82289481163,
        "median": 2.5349881649,
        "min": -1.22695195675,
        "var": 4.0610203743
    },
    "melbands_spread": {
        "dmean": 5.33381843567,
        "dmean2": 7.62317848206,
        "dvar": 174.166427612,
        "dvar2": 317.097106934,
        "max": 240.648635864,
        "mean": 16.3360671997,
        "median": 11.2131595612,
        "min": 0.300883114338,
        "var": 437.173339844
    },
    "pitch_salience": {
        "dmean": 0.058260563761,
        "dmean2": 0.0893997400999,
        "dvar": 0.00424490310252,
        "dvar2": 0.00990810897201,
        "max": 0.792542755604,
        "mean": 0.458821505308,
        "median": 0.457238912582,
        "min": 0.0752234533429,
        "var": 0.0169988106936
    },
    "silence_rate_20dB": {
        "dmean": 0,
        "dmean2": 0,
        "dvar": 0,
        "dvar2": 0,
        "max": 1,
        "mean": 1,
        "median": 1,
        "min": 1,
        "var": 0
    },
    "silence_rate_30dB": {
        "dmean": 0.0263361725956,
        "dmean2": 0.0526927560568,
        "dvar": 0.0256429892033,
        "dvar2": 0.0615399740636,
        "max": 1,
        "mean": 0.97870695591,
        "median": 1,
        "min": 0,
        "var": 0.020839933306
    },
    "silence_rate_60dB": {
        "dmean": 0.0216886140406,
        "dmean2": 0.0433940328658,
        "dvar": 0.0212173294276,
        "dvar2": 0.0492610968649,
        "max": 1,
        "mean": 0.0863337218761,
        "median": 0,
        "min": 0,
        "var": 0.0788746997714
    },
    "spectral_centroid": {
        "dmean": 214.44303894,
        "dmean2": 304.553070068,
        "dvar": 117663.445312,
        "dvar2": 205349.84375,
        "max": 5829.14990234,
        "mean": 948.616516113,
        "median": 780.55657959,
        "min": 100.954559326,
        "var": 445331.4375
    },
    "spectral_complexity": {
        "dmean": 2.67234706879,
        "dmean2": 3.81480050087,
        "dvar": 23.8754653931,
        "dvar2": 36.8554115295,
        "max": 61,
        "mean": 11.9109563828,
        "median": 10,
        "min": 0,
        "var": 75.4960784912
    },
    "spectral_decrease": {
        "dmean": 2.42888176238e-09,
        "dmean2": 3.50646356395e-09,
        "dvar": 3.09893786634e-17,
        "dvar2": 6.88763782269e-17,
        "max": -1.76669510727e-13,
        "mean": -7.12429715222e-09,
        "median": -5.69063551836e-09,
        "min": -7.62645981922e-08,
        "var": 5.21420975359e-17
    },
    "spectral_energy": {
        "dmean": 0.00962266512215,
        "dmean2": 0.0138169676065,
        "dvar": 0.000469127524411,
        "dvar2": 0.00103915901855,
        "max": 0.290468990803,
        "mean": 0.0282786004245,
        "median": 0.0221613906324,
        "min": 6.87180829573e-07,
        "var": 0.000807239499409
    },
    "spectral_energyband_high": {
        "dmean": 0.000420259981183,
        "dmean2": 0.000583036220632,
        "dvar": 1.33565231408e-06,
        "dvar2": 2.49675622399e-06,
        "max": 0.0182461552322,
        "mean": 0.000557605992071,
        "median": 5.95432793489e-05,
        "min": 7.39977357167e-10,
        "var": 2.46336003329e-06
    },
    "spectral_energyband_low": {
        "dmean": 0.00555640924722,
        "dmean2": 0.00848373025656,
        "dvar": 0.000317877100315,
        "dvar2": 0.000718572817277,
        "max": 0.279237300158,
        "mean": 0.0127402590588,
        "median": 0.00853969994932,
        "min": 8.51930508361e-08,
        "var": 0.000397954310756
    },
    "spectral_energyband_middle_high": {
        "dmean": 0.00164895388298,
        "dmean2": 0.00214277394116,
        "dvar": 1.47923337863e-05,
        "dvar2": 2.59750340774e-05,
        "max": 0.0878161936998,
        "mean": 0.00478675402701,
        "median": 0.00105966511182,
        "min": 2.10875654716e-08,
        "var": 8.77429774846e-05
    },
    "spectral_energyband_middle_low": {
        "dmean": 0.00439452985302,
        "dmean2": 0.00662735896185,
        "dvar": 0.0001228688634,
        "dvar2": 0.000301790249068,
        "max": 0.137661203742,
        "mean": 0.0110348761082,
        "median": 0.00688903965056,
        "min": 5.71234863855e-07,
        "var": 0.000197426488739
    },
    "spectral_entropy": {
        "dmean": 0.256824016571,
        "dmean2": 0.332604110241,
        "dvar": 0.0717654004693,
        "dvar2": 0.123013116419,
        "max": 8.51497173309,
        "mean": 6.87696838379,
        "median": 6.82367420197,
        "min": 4.40188932419,
        "var": 0.528792977333
    },
    "spectral_flux": {
        "dmean": 0.0248218234628,
        "dmean2": 0.0358859077096,
        "dvar": 0.00123805785552,
        "dvar2": 0.00242675072514,
        "max": 0.47947576642,
        "mean": 0.0628026351333,
        "median": 0.0435231365263,
        "min": 0.000828963704407,
        "var": 0.00365804554895
    },
    "spectral_kurtosis": {
        "dmean": 4.65477275848,
        "dmean2": 7.59699106216,
        "dvar": 32.4771842957,
        "dvar2": 87.9307174683,
        "max": 91.1839675903,
        "mean": 8.0939950943,
        "median": 5.16733837128,
        "min": -1.51575756073,
        "var": 82.979019165
    },
    "spectral_rms": {
        "dmean": 0.000736373185646,
        "dmean2": 0.000995514332317,
        "dvar": 1.46781997046e-06,
        "dvar2": 2.83768531517e-06,
        "max": 0.0168340243399,
        "mean": 0.00471047218889,
        "median": 0.00464982446283,
        "min": 2.58924756054e-05,
        "var": 5.40030214324e-06
    },
    "spectral_rolloff": {
        "dmean": 365.383361816,
        "dmean2": 603.505310059,
        "dvar": 946242.25,
        "dvar2": 1867088,
        "max": 8893.21289062,
        "mean": 1031.71960449,
        "median": 559.86328125,
        "min": 86.1328125,
        "var": 2181312.5
    },
    "spectral_skewness": {
        "dmean": 0.500274240971,
        "dmean2": 0.751685321331,
        "dvar": 0.229612886906,
        "dvar2": 0.556613028049,
        "max": 7.70131969452,
        "mean": 1.86005830765,
        "median": 1.72175884247,
        "min": -0.609331905842,
        "var": 1.07252943516
    },
    "spectral_spread": {
        "dmean": 648105,
        "dmean2": 855861.9375,
        "dvar": 547501408256,
        "dvar2": 796257943552,
        "max": 16450431,
        "mean": 3602310,
        "median": 3157927.25,
        "min": 855522.25,
        "var": 3.01255675085e+12
    },
    "spectral_strongpeak": {
        "dmean": 0.383162528276,
        "dmean2": 0.634868264198,
        "dvar": 0.597380936146,
        "dvar2": 1.33642089367,
        "max": 9.05820560455,
        "mean": 1.000426054,
        "median": 0.328961074352,
        "min": 0.00198316015303,
        "var": 2.23873591423
    },
    "zerocrossingrate": {
        "dmean": 0.00921039935201,
        "dmean2": 0.00961049459875,
        "dvar": 0.000232651102124,
        "dvar2": 0.000197187735466,
        "max": 0.29345703125,
        "mean": 0.0388356558979,
        "median": 0.029296875,
        "min": 0.0029296875,
        "var": 0.00143385818228
    },
    "barkbands": {
        "dmean": [7.53686617827e-05, 0.00426478357986, 0.00191856524907, 0.000875540601555, 0.00231486093253, 0.00091911497293, 0.000418122974224, 0.000386350933695, 0.000620432547294, 0.000541785382666, 0.00053892302094, 0.000390845292713, 0.000163730132044, 0.000237412969, 0.000165486067999, 0.000158055656357, 9.85041697277e-05, 0.000116829687613, 0.00013814761769, 8.5117702838e-05, 8.28604606795e-05, 8.86344932951e-05, 0.000131451757625, 9.09461450647e-05, 1.45836238516e-05, 1.15562732717e-08, 1.16867227007e-09],
        "dmean2": [0.000125909544295, 0.006691576913, 0.00323024974205, 0.00152937648818, 0.00358988554217, 0.00130955001805, 0.000673692906275, 0.000575405952986, 0.00088008196326, 0.000727095699403, 0.000709339277819, 0.000494783220347, 0.000239720437094, 0.000326551089529, 0.000247489952017, 0.000242445225012, 0.00014236025163, 0.000180417584488, 0.000210573489312, 0.000127608931507, 0.000121714241686, 0.000128453291836, 0.000187816127436, 0.000123001140309, 2.10052749026e-05, 1.78599801615e-08, 2.15835349593e-09],
        "dvar": [3.27981233283e-08, 0.000246539129876, 3.91810208384e-05, 8.420704944e-06, 6.02897162025e-05, 3.08929497805e-06, 1.1645338418e-06, 9.72390125753e-07, 3.47999457517e-06, 4.35978381574e-06, 6.40098141957e-06, 3.4931135815e-06, 4.13433099311e-07, 5.50657830445e-07, 1.92193397197e-07, 2.71242754479e-07, 8.37816429566e-08, 1.72220893546e-07, 1.48257484511e-07, 6.79708591633e-08, 6.95148401064e-08, 8.3257468475e-08, 2.02706075925e-07, 8.16110272694e-08, 1.20322507513e-09, 8.62189754812e-16, 5.95767174722e-17],
        "dvar2": [8.52293098319e-08, 0.00058488996001, 0.00010498388292, 2.27131022257e-05, 0.000146529739141, 6.20247465122e-06, 2.95579161502e-06, 1.97948816094e-06, 7.67803248891e-06, 7.49145465306e-06, 1.12211337182e-05, 6.51063601254e-06, 9.39529002153e-07, 1.04539401491e-06, 4.46312981239e-07, 6.26031066986e-07, 1.7843075284e-07, 4.15815492261e-07, 3.53666536057e-07, 1.52050887436e-07, 1.46334542706e-07, 1.74731127345e-07, 3.95024159161e-07, 1.54050908918e-07, 2.46413356386e-09, 1.99004715837e-15, 1.73955381371e-16],
        "max": [0.00218189368024, 0.259387075901, 0.0997627675533, 0.031480576843, 0.0998908504844, 0.027641788125, 0.0234407968819, 0.0328789763153, 0.0336250066757, 0.0528261847794, 0.0744608491659, 0.0579017661512, 0.0135078886524, 0.0153633477166, 0.00819778908044, 0.00850617606193, 0.00740600470454, 0.005172024481, 0.00563224637881, 0.00324122095481, 0.00549567537382, 0.0050510331057, 0.00837730057538, 0.00747099053115, 0.000532711157575, 5.12487872584e-07, 2.86969594754e-07],
        "mean": [0.000128395113279, 0.0093178069219, 0.00286217802204, 0.000915688520763, 0.00374737917446, 0.00253439089283, 0.000864048779476, 0.000882898515556, 0.00130277103744, 0.00120473955758, 0.00130126741715, 0.000851739721838, 0.000260049157077, 0.000484006508486, 0.00028451930848, 0.00020562033751, 0.000184064629138, 0.000141915181302, 0.000203888572287, 0.000100968361949, 9.72626439761e-05, 9.73007263383e-05, 0.000170806160895, 0.00011792810983, 1.69637478393e-05, 1.27992434429e-08, 9.11999420428e-10],
        "median": [3.27693851432e-05, 0.00517987366766, 0.00121502985712, 0.000303550739773, 0.000931831833441, 0.00102133315522, 0.000262314890279, 0.000303566397633, 0.000120759679703, 0.00014365412062, 8.81231753738e-05, 4.46577323601e-05, 2.74823432846e-05, 4.81805727759e-05, 7.86156742834e-05, 3.29554241034e-05, 3.28380410792e-05, 1.76266257768e-05, 3.69290428353e-05, 1.74024244188e-05, 1.37369061122e-05, 5.80710093345e-06, 3.88089983971e-06, 4.40218673248e-06, 1.25632573145e-06, 1.69409175577e-09, 2.06624453658e-10],
        "min": [2.30039232108e-09, 5.8616588916e-08, 6.74227695896e-09, 4.64160931912e-09, 1.75201932961e-07, 3.03421927583e-07, 4.36933866865e-09, 2.26612293375e-08, 1.64737983255e-08, 1.15532827749e-09, 1.32383426443e-09, 1.61461211068e-09, 1.32027411226e-09, 1.33238009514e-09, 3.60344559747e-10, 3.23119059287e-10, 2.72939892909e-10, 1.02105711039e-11, 4.4752165862e-10, 4.26800345066e-10, 9.8812312499e-11, 4.91313517648e-11, 3.19355757117e-11, 4.52654060068e-11, 3.29441265934e-11, 1.47582224219e-11, 2.20376720345e-11],
        "var": [5.49223493351e-08, 0.000268697447609, 3.42116254615e-05, 6.3190614128e-06, 8.62548768055e-05, 1.47558002936e-05, 2.88362343781e-06, 3.68273072127e-06, 9.41387224884e-06, 1.56999649334e-05, 2.42128608079e-05, 1.47263235704e-05, 8.45000897698e-07, 1.82542919447e-06, 4.07860596852e-07, 3.65570656413e-07, 2.51892828373e-07, 1.81756021789e-07, 1.98011605335e-07, 7.97103467676e-08, 8.6279818845e-08, 1.13401142698e-07, 3.88977070997e-07, 1.69982442344e-07, 2.01812588863e-09, 1.1867509691e-15, 3.41602729712e-17]
    },
    "erbbands": {
        "dmean": [0.102279424667, 1.04031229019, 2.2034342289, 2.38392710686, 7.28770256042, 5.99221277237, 7.39220380783, 7.36317777634, 6.0971288681, 7.88564777374, 8.09389877319, 16.1663856506, 18.0383701324, 11.1131877899, 22.5938434601, 15.6482419968, 7.91339826584, 9.09436511993, 9.95173168182, 8.97842216492, 6.60946798325, 4.58748197556, 6.03674840927, 7.3390879631, 5.2449669838, 4.06863260269, 3.59575796127, 3.29011631012, 2.8431789875, 3.85961937904, 3.62157964706, 2.44427037239, 1.26937639713, 0.333229005337, 0.0224087238312, 0.00101522810291, 6.52343223919e-05, 1.11531635412e-05, 6.93985566613e-06, 1.17164790936e-05],
        "dmean2": [0.156954362988, 1.67473697662, 3.657507658, 4.02931165695, 11.8287496567, 9.6283416748, 10.1724500656, 10.6762628555, 9.54278564453, 11.9356479645, 11.7820796967, 22.5960197449, 23.8077049255, 14.568025589, 29.3615818024, 19.2562541962, 11.0440883636, 12.2621927261, 14.4854688644, 12.5370388031, 10.1356582642, 6.67887639999, 9.0967092514, 11.0861644745, 7.90732812881, 6.08098363876, 5.35166501999, 4.88826036453, 4.16254329681, 5.5057182312, 5.16995191574, 3.27766394615, 1.7427740097, 0.470698684454, 0.0332006290555, 0.00148366065696, 8.92288153409e-05, 1.49940424308e-05, 9.37812546908e-06, 1.64914454217e-05],
        "dvar": [0.124370723963, 15.4313240051, 53.3262901306, 55.175403595, 872.898254395, 348.115905762, 331.287261963, 239.477996826, 341.977630615, 305.051330566, 343.109375, 2457.63476562, 4430.65283203, 1333.88952637, 10655.09375, 4022.19042969, 782.563110352, 921.234436035, 897.063903809, 653.874328613, 595.387512207, 184.256286621, 428.066802979, 476.183685303, 227.714508057, 157.404205322, 131.395050049, 109.521286011, 81.8260574341, 163.131088257, 166.164901733, 68.5502548218, 13.6706161499, 0.630709528923, 0.00446181884035, 8.56650513015e-06, 2.68990323349e-08, 7.77419684184e-10, 2.04153249861e-10, 6.27067842096e-10],
        "dvar2": [0.287659555674, 37.2799072266, 138.082443237, 148.578720093, 2191.12866211, 864.665161133, 575.453491211, 481.797790527, 764.856567383, 626.259033203, 741.136352539, 5266.42333984, 7616.91455078, 2120.29125977, 18523.7285156, 6035.48291016, 1647.23327637, 1525.50817871, 1909.81445312, 1267.50036621, 1473.36425781, 402.058349609, 1013.47692871, 1139.86157227, 509.563446045, 347.191864014, 291.929046631, 231.09034729, 167.860229492, 322.146697998, 333.906616211, 124.686607361, 27.4555854797, 1.23845696449, 0.00960185658187, 1.79081689566e-05, 5.04276478352e-08, 1.40439149199e-09, 4.10647071902e-10, 1.36975453202e-09],
        "max": [6.51582574844, 62.7774505615, 113.380966187, 131.023040771, 386.111053467, 291.336181641, 490.016784668, 231.915557861, 476.930236816, 635.402648926, 458.550140381, 827.764770508, 1766.56665039, 1003.35430908, 2920.96850586, 1680.26013184, 686.518920898, 722.502990723, 655.978027344, 522.998474121, 521.077331543, 291.25100708, 235.302246094, 316.592010498, 179.761688232, 156.470825195, 182.470245361, 187.755706787, 107.104125977, 239.905761719, 301.358184814, 194.692825317, 88.337562561, 12.7835454941, 1.00034582615, 0.0424050502479, 0.00281267706305, 0.000492763880175, 0.000175158216734, 0.00031529853004],
        "mean": [0.263088434935, 2.11123371124, 3.32374548912, 3.50712442398, 7.93779039383, 10.569314003, 21.6952133179, 18.5961112976, 12.5149059296, 19.0230579376, 18.7644958496, 35.8731193542, 42.1661720276, 26.4300441742, 51.0472145081, 40.8472824097, 14.9387836456, 19.5886611938, 19.934677124, 16.6920051575, 9.73400878906, 7.90530395508, 8.56880187988, 10.6115942001, 7.57424736023, 4.90243005753, 4.45222187042, 3.58578133583, 3.15296602249, 4.73429059982, 4.58073425293, 3.1597802639, 1.58728575706, 0.407062470913, 0.0245893932879, 0.00117899209727, 9.06651839614e-05, 1.62427913892e-05, 1.75773293449e-05, 3.35052682203e-05],
        "median": [0.106734983623, 1.18521869183, 1.59706556797, 1.51330721378, 1.22942686081, 3.29525566101, 5.29508686066, 7.64438199997, 4.14648723602, 6.59157419205, 8.71664142609, 4.97182893753, 5.36252212524, 4.90891313553, 4.13074493408, 3.19990682602, 1.8670321703, 2.18505978584, 5.15286254883, 2.82344412804, 2.2345199585, 1.63453114033, 1.4682687521, 1.85933995247, 1.43209731579, 0.862857222557, 0.846514523029, 0.374698013067, 0.236828044057, 0.131091326475, 0.111201614141, 0.0904208049178, 0.0738666504622, 0.0278885345906, 0.000987065490335, 6.87850479153e-05, 1.74515953404e-05, 3.33556045007e-06, 1.19027490655e-05, 2.54540027527e-05],
        "min": [1.35878622132e-06, 9.64060200204e-06, 1.00182014648e-05, 1.2863619304e-05, 2.3889439035e-05, 0.000516723433975, 0.00267028668895, 0.0012887106277, 0.000152151173097, 0.000105723316665, 0.000835304905195, 0.000377558550099, 0.000149082887219, 0.000432748405728, 5.10962308908e-05, 7.34506320441e-05, 5.65680784348e-05, 9.54660499701e-05, 1.95449829334e-05, 1.59696483024e-05, 1.67594735103e-05, 1.49486277223e-05, 6.36039067103e-06, 2.14325264096e-05, 2.23749211727e-05, 2.31662088481e-05, 1.15968978207e-05, 2.43478530138e-06, 1.83922838914e-06, 1.36360949909e-06, 7.84460610248e-07, 8.76781712122e-07, 7.26666087303e-07, 3.85628510458e-07, 1.78025985065e-07, 7.63803242876e-08, 4.33666897948e-08, 1.39423619316e-08, 5.27086330138e-09, 1.1665258759e-09],
        "var": [0.167004838586, 15.6188573837, 46.9246292114, 46.9473190308, 737.146911621, 683.040039062, 2244.5246582, 915.226501465, 687.872192383, 1371.13195801, 891.341369629, 7065.25878906, 19437.9941406, 4639.69580078, 34534.9882812, 29832.03125, 2063.68481445, 3546.65942383, 2120.51489258, 2128.4753418, 740.106750488, 385.233001709, 543.653137207, 587.952758789, 302.68762207, 186.054489136, 156.445327759, 132.85975647, 110.659301758, 310.586761475, 283.437286377, 142.519775391, 26.5490436554, 1.17303693295, 0.00647136429325, 1.34816582431e-05, 5.49154073326e-08, 1.69124003691e-09, 3.93518551078e-10, 1.11333597896e-09]
    },
    "gfcc": {
        "mean": [-86.3721466064, 159.169509888, -126.104179382, 49.0174293518, -61.2480163574, 9.64100170135, -24.4209880829, -2.4921746254, -1.22671723366, -15.9055213928, 7.35943841934, -20.962059021, 10.3320150375],
        "cov": [[9197.32421875, -2041.04431152, -1460.72583008, 393.2734375, -922.44720459, 1020.22375488, -583.153381348, 380.641571045, -459.800598145, -107.447135925, 54.3329772949, -99.7888565063, -183.638427734], [-2041.04431152, 1832.75061035, -36.6889801025, -687.39654541, 806.414855957, -553.3125, 584.802490234, -133.118453979, 121.097358704, 65.3069534302, 146.175292969, 2.63952112198, 166.071044922], [-1460.72583008, -36.6889801025, 1356.02636719, 397.884277344, -1.68587875366, 194.471878052, -84.4424057007, 61.8280334473, 285.626708984, 85.6561203003, 2.84532785416, 99.1831741333, -19.5051136017], [393.2734375, -687.39654541, 397.884277344, 686.478515625, -214.163848877, 181.353027344, -191.712417603, 93.5283584595, 118.365112305, -1.29769420624, -36.1395721436, 50.9918746948, -47.7022819519], [-922.44720459, 806.414855957, -1.68587875366, -214.163848877, 622.511352539, -201.035491943, 309.661468506, -12.1021747589, 82.4236450195, 63.4747428894, 88.2268066406, 30.7198238373, 79.1555938721], [1020.22375488, -553.3125, 194.471878052, 181.353027344, -201.035491943, 563.332458496, -112.743789673, 83.0333404541, 10.077837944, 9.09102630615, 17.2489967346, -23.5323143005, -88.25025177], [-583.153381348, 584.802490234, -84.4424057007, -191.712417603, 309.661468506, -112.743789673, 490.979003906, -32.3347511292, 23.9006347656, 64.6080093384, 83.271812439, 22.0829353333, 58.0833473206], [380.641571045, -133.118453979, 61.8280334473, 93.5283584595, -12.1021747589, 83.0333404541, -32.3347511292, 201.142791748, 52.8642539978, 10.6543264389, 17.5806789398, 7.13225507736, -9.76174163818], [-459.800598145, 121.097358704, 285.626708984, 118.365112305, 82.4236450195, 10.077837944, 23.9006347656, 52.8642539978, 224.300079346, 43.990196228, 20.5100917816, 32.8891410828, 8.87379837036], [-107.447135925, 65.3069534302, 85.6561203003, -1.29769420624, 63.4747428894, 9.09102630615, 64.6080093384, 10.6543264389, 43.990196228, 102.458351135, 35.0408706665, 15.7991819382, 22.2451229095], [54.3329772949, 146.175292969, 2.84532785416, -36.1395721436, 88.2268066406, 17.2489967346, 83.271812439, 17.5806789398, 20.5100917816, 35.0408706665, 115.346244812, 33.4403686523, 13.1859130859], [-99.7888565063, 2.63952112198, 99.1831741333, 50.9918746948, 30.7198238373, -23.5323143005, 22.0829353333, 7.13225507736, 32.8891410828, 15.7991819382, 33.4403686523, 108.870483398, 41.7844619751], [-183.638427734, 166.071044922, -19.5051136017, -47.7022819519, 79.1555938721, -88.25025177, 58.0833473206, -9.76174163818, 8.87379837036, 22.2451229095, 13.1859130859, 41.7844619751, 105.298934937]],
        "icov": [[0.000301737949485, -0.000230378325796, 0.000509561097715, -0.000355513184331, 0.000280923384707, -0.000608535949141, 0.000281871703919, -0.000464479438961, 0.000402204459533, -0.000315090379445, -0.000122285462567, -0.000321542174788, 7.87460812717e-05], [-0.000230378325796, 0.00587876653299, -0.00188736536074, 0.00407054228708, -0.00343295978382, 0.00339985941537, -0.00245799915865, 0.00172169192228, -0.00328654609621, 0.00351606006734, -0.00379133759998, 0.00432424293831, -0.00294049829245], [0.000509561097715, -0.00188736536074, 0.00251172063872, -0.00194500689395, 0.00116833357606, -0.00214781519026, 0.00124180561397, -0.000839315995108, 0.000223816838115, -0.00204356038012, 0.00130422017537, -0.00250779185444, 0.0012529817177], [-0.000355513184331, 0.00407054228708, -0.00194500689395, 0.00532729178667, -0.00192085583694, 0.00241475808434, -0.00149457517546, 0.00088176416466, -0.00327352108434, 0.00259230053052, -0.00180786591955, 0.00186649500392, -0.00139888748527], [0.000280923384707, -0.00343295978382, 0.00116833357606, -0.00192085583694, 0.00507338996977, -0.00153916736599, 0.000286094495095, -0.00140973622911, 0.00110102142207, -0.00223349500448, 0.000963905535173, -0.00224510277621, 0.0010074126767], [-0.000608535949141, 0.00339985941537, -0.00214781519026, 0.00241475808434, -0.00153916736599, 0.00535019440576, -0.00172070111148, 0.00088478444377, -0.00190035183914, 0.00183487741742, -0.0028926609084, 0.00336113572121, -0.000254100188613], [0.000281871703919, -0.00245799915865, 0.00124180561397, -0.00149457517546, 0.000286094495095, -0.00172070111148, 0.0045169792138, -0.000558771949727, 0.00147479365114, -0.00265588820912, 0.000356110307621, -0.00195631734096, 0.000889081275091], [-0.000464479438961, 0.00172169192228, -0.000839315995108, 0.00088176416466, -0.00140973622911, 0.00088478444377, -0.000558771949727, 0.00697232875973, -0.00267610233277, 0.00122438126709, -0.00163887848612, 0.00165101932362, -0.00100861443207], [0.000402204459533, -0.00328654609621, 0.000223816838115, -0.00327352108434, 0.00110102142207, -0.00190035183914, 0.00147479365114, -0.00267610233277, 0.00950142927468, -0.00349727226421, 0.00165973720141, -0.00260192132555, 0.00172410858795], [-0.000315090379445, 0.00351606006734, -0.00204356038012, 0.00259230053052, -0.00223349500448, 0.00183487741742, -0.00265588820912, 0.00122438126709, -0.00349727226421, 0.015223951079, -0.00488021317869, 0.00375732500106, -0.00430502928793], [-0.000122285462567, -0.00379133759998, 0.00130422017537, -0.00180786591955, 0.000963905535173, -0.0028926609084, 0.000356110307621, -0.00163887848612, 0.00165973720141, -0.00488021317869, 0.0154705280438, -0.00709735695273, 0.00346171343699], [-0.000321542174788, 0.00432424293831, -0.00250779185444, 0.00186649500392, -0.00224510277621, 0.00336113572121, -0.00195631734096, 0.00165101932362, -0.00260192132555, 0.00375732500106, -0.00709735695273, 0.0172579623759, -0.00779685657471], [7.87460812717e-05, -0.00294049829245, 0.0012529817177, -0.00139888748527, 0.0010074126767, -0.000254100188613, 0.000889081275091, -0.00100861443207, 0.00172410858795, -0.00430502928793, 0.00346171343699, -0.00779685657471, 0.0157404877245]]
    },
    "melbands": {
        "dmean": [0.00108261208516, 0.00119106366765, 0.000547354167793, 0.000501390371937, 0.000254458427662, 0.000167719073943, 9.01828971109e-05, 8.61951848492e-05, 7.5395226304e-05, 9.68900494627e-05, 9.06815912458e-05, 4.63167743874e-05, 8.35793616716e-05, 5.04006093252e-05, 2.6629468266e-05, 1.51712720253e-05, 1.98541420104e-05, 1.88679678104e-05, 1.17503068395e-05, 1.19694786918e-05, 7.86760392657e-06, 4.38522101831e-06, 6.75974979458e-06, 5.34992250323e-06, 6.28538009551e-06, 5.00135365655e-06, 2.70446025752e-06, 2.79951837001e-06, 2.39051337303e-06, 2.05147239285e-06, 1.93377513824e-06, 1.58179727805e-06, 1.87183695743e-06, 2.35257789427e-06, 2.15652585212e-06, 2.10833309211e-06, 1.33388027734e-06, 1.00490422028e-06, 5.57818168545e-07, 2.01043576453e-07],
        "dmean2": [0.00166180147789, 0.00189975393005, 0.000904838962015, 0.000800870649982, 0.000359379715519, 0.000242115202127, 0.000143506927998, 0.0001286380284, 0.000107783082058, 0.000135767608299, 0.000119324293337, 6.15846656729e-05, 0.000106741616037, 6.11912473687e-05, 3.60341000487e-05, 2.27551281569e-05, 2.68992116617e-05, 2.73452187685e-05, 1.77606270881e-05, 1.74688466359e-05, 1.20559116112e-05, 6.38191295366e-06, 9.96499966277e-06, 8.22475794848e-06, 9.66133757174e-06, 7.69630696595e-06, 4.00081444241e-06, 4.29618012276e-06, 3.66819131159e-06, 3.09072152049e-06, 2.95158702102e-06, 2.36427376876e-06, 2.7766286621e-06, 3.42433236256e-06, 3.14595672535e-06, 3.00930014419e-06, 1.86214958831e-06, 1.40657709835e-06, 7.96178483142e-07, 2.96496153851e-07],
        "dvar": [1.54192512127e-05, 1.55144243763e-05, 2.91820470011e-06, 3.68120322491e-06, 3.96409916448e-07, 1.1711135528e-07, 6.63611885443e-08, 4.08712423905e-08, 2.75954334938e-08, 9.70157358893e-08, 1.1845451553e-07, 2.74519038612e-08, 1.57669703071e-07, 6.10026944514e-08, 1.01882369208e-08, 3.8165910432e-09, 4.79846207213e-09, 3.84398379794e-09, 9.54002987719e-10, 1.43662937102e-09, 9.70448943427e-10, 1.7574044997e-10, 4.60593230223e-10, 3.71065206339e-10, 3.46186940225e-10, 1.88121795919e-10, 6.57464777065e-11, 7.86034154432e-11, 5.91567697605e-11, 4.49815532044e-11, 4.1089444347e-11, 2.58436327893e-11, 4.4740672972e-11, 6.51566231524e-11, 6.76252248644e-11, 6.15769310541e-11, 2.37126047964e-11, 1.00274242035e-11, 1.98378011067e-12, 2.85641979904e-13],
        "dvar2": [3.62755381502e-05, 3.73577859136e-05, 7.51989819037e-06, 9.2685868367e-06, 6.83696327997e-07, 2.32760058338e-07, 1.54632559202e-07, 7.96521177904e-08, 5.47202141377e-08, 2.20694332143e-07, 2.02364361712e-07, 4.62048497241e-08, 2.76892990314e-07, 1.03198338763e-07, 2.09129726869e-08, 8.76131256433e-09, 8.10144307195e-09, 8.22390155975e-09, 2.27123075902e-09, 3.0438291887e-09, 2.35128472248e-09, 4.03408473293e-10, 9.51251299952e-10, 9.09990582887e-10, 8.42182157346e-10, 4.34790925485e-10, 1.39958641898e-10, 1.79555967317e-10, 1.40554734518e-10, 9.59860246841e-11, 9.11854203256e-11, 5.39262523525e-11, 9.4457650035e-11, 1.34203773094e-10, 1.49815951311e-10, 1.23073246039e-10, 4.79770528861e-11, 2.05504068623e-11, 4.17849435608e-12, 5.98906178557e-13],
        "max": [0.0697162002325, 0.0540617667139, 0.0202745236456, 0.0264350343496, 0.0177691224962, 0.00595011888072, 0.00608904892579, 0.00755135295913, 0.00308342697099, 0.00554259354249, 0.00918660219759, 0.0046615707688, 0.0117415012792, 0.00854942575097, 0.00218575121835, 0.00161926553119, 0.00165619479958, 0.001340017654, 0.00053510768339, 0.000831784156617, 0.000653398281429, 0.000361328886356, 0.000470986851724, 0.000238478838583, 0.000291731470497, 0.000177162830369, 0.000102045021777, 0.000116829527542, 0.000102837184386, 0.00011202886526, 0.000123648860608, 6.03817134106e-05, 0.000158170936629, 0.000155211178935, 0.000213670151425, 0.000151846805238, 0.000152859007358, 8.24000235298e-05, 2.51924029726e-05, 8.36136041471e-06],
        "mean": [0.00256248912774, 0.00216494617052, 0.000749925908167, 0.000641724443994, 0.000744472141378, 0.000435880123405, 0.000188365855138, 0.000208890764043, 0.000176092842594, 0.000204669107916, 0.000203265502932, 9.32430630201e-05, 0.000198616427951, 0.000107701533125, 5.67927090742e-05, 2.23275619646e-05, 4.11647015426e-05, 3.57929020538e-05, 2.09595636989e-05, 1.83729443961e-05, 1.10038172352e-05, 7.38453354643e-06, 1.05323133539e-05, 6.84755877955e-06, 8.87957685336e-06, 7.3300875556e-06, 3.51974563273e-06, 3.17417493534e-06, 2.83835311166e-06, 2.47504203799e-06, 1.93981099983e-06, 1.68174983628e-06, 2.03448394132e-06, 2.91869173452e-06, 2.60838896793e-06, 2.57858550867e-06, 1.6842830064e-06, 1.23387110307e-06, 6.73941940477e-07, 2.23579789349e-07],
        "median": [0.0012018912239, 0.00132666283753, 0.000274593272479, 0.000143468088936, 0.000201425893465, 0.000182811898412, 5.53977479285e-05, 6.90023589414e-05, 6.61987724015e-05, 2.12407467188e-05, 1.97708086489e-05, 1.56447149493e-05, 1.20551530927e-05, 6.89896205586e-06, 6.66611958877e-06, 2.63776382781e-06, 4.15053364122e-06, 7.85291103966e-06, 5.53407789994e-06, 2.42135820372e-06, 2.24800328397e-06, 1.5410114429e-06, 1.29117177039e-06, 8.70331689384e-07, 1.48575622916e-06, 1.24359235087e-06, 5.47241313598e-07, 5.15074759733e-07, 5.03691978793e-07, 3.21963625538e-07, 1.50360051521e-07, 1.23255006201e-07, 9.25976664234e-08, 6.28040837114e-08, 6.15896595946e-08, 6.19001454538e-08, 5.19305665136e-08, 4.99256955777e-08, 4.64395206734e-08, 1.21971082123e-08],
        "min": [2.09814512431e-08, 7.84724640823e-09, 2.24382579184e-09, 8.82193695873e-09, 9.55833030503e-08, 3.50637350266e-08, 1.15174969562e-09, 1.86282989034e-09, 3.26341464962e-09, 1.48583589876e-09, 6.84601986212e-10, 1.95012184179e-09, 1.54965817956e-10, 2.10983674975e-10, 2.21784646204e-10, 1.75929257273e-10, 1.58340854317e-10, 2.26999339464e-11, 2.3497670823e-11, 2.57558332301e-11, 1.69676703243e-11, 1.82478632899e-11, 6.57543117177e-12, 4.78894701672e-13, 1.59740276562e-11, 1.60058199333e-11, 1.17046684844e-11, 1.6645882589e-11, 9.5000292355e-12, 2.07076174784e-12, 1.15774631635e-12, 9.67577038456e-13, 9.62632317608e-13, 7.43387176903e-13, 4.5715953809e-13, 4.18871561785e-13, 6.07105999587e-13, 5.12431297481e-13, 4.76227889588e-13, 2.58949925305e-13],
        "var": [1.82966978173e-05, 1.57173035404e-05, 2.57871261056e-06, 3.33338061864e-06, 2.84161615127e-06, 4.72668517659e-07, 1.47402118955e-07, 1.85872465863e-07, 8.46334131666e-08, 2.33441539876e-07, 5.00206454035e-07, 7.24102875438e-08, 5.91777848058e-07, 2.34061246829e-07, 3.79789959482e-08, 6.07992234336e-09, 1.72870340265e-08, 9.23990306489e-09, 2.24735674514e-09, 2.91593016399e-09, 1.30454069769e-09, 3.42152639554e-10, 9.62799839854e-10, 4.00337624162e-10, 4.19898699144e-10, 2.63883359608e-10, 8.50793741014e-11, 8.68212585159e-11, 6.4272677458e-11, 5.49585134346e-11, 4.55767715235e-11, 3.24996037027e-11, 6.2322716432e-11, 1.26419208435e-10, 9.73370828383e-11, 1.07193046106e-10, 4.2483745688e-11, 1.84669432524e-11, 3.36513239149e-12, 4.39861932685e-13]
    },
    "mfcc": {
        "mean": [-714.371520996, 155.954971313, 11.9163351059, 30.0035667419, 7.0736207962, 3.71189451218, 1.46396410465, 1.4503506422, 2.04412698746, 8.20804023743, -3.36737990379, -1.24100351334, -1.53706395626],
        "cov": [[10029.2431641, -2191.25854492, -1093.58764648, -609.482421875, -370.007659912, -13.0694074631, 42.5436058044, 177.729248047, -378.207641602, -39.8064575195, 56.7104492188, 4.7956867218, -258.099578857], [-2191.25854492, 2355.14672852, -731.094116211, 49.0451698303, 11.0881128311, -114.10332489, 355.49118042, -148.1746521, 137.568496704, 36.7732696533, 78.4956283569, -39.2974052429, 42.7102851868], [-1093.58764648, -731.094116211, 1528.28076172, 81.9770355225, 259.612030029, 217.500442505, -266.807312012, 150.302764893, 74.2979278564, 44.5179710388, 52.915473938, 127.493339539, 116.535194397], [-609.482421875, 49.0451698303, 81.9770355225, 477.943878174, 50.3504333496, -30.3156318665, -28.3156070709, 21.8618049622, 87.7272338867, -11.3384723663, -3.74004459381, 48.2789306641, 56.7068939209], [-370.007659912, 11.0881128311, 259.612030029, 50.3504333496, 316.700897217, 34.5976104736, -76.4361190796, 61.4359283447, 49.690826416, 23.3237609863, 32.5129394531, 39.782207489, 68.7658462524], [-13.0694074631, -114.10332489, 217.500442505, -30.3156318665, 34.5976104736, 271.974182129, 50.6990585327, 51.8565788269, -1.78486156464, 65.6283874512, 24.8840675354, 17.9299221039, 33.671421051], [42.5436058044, 355.49118042, -266.807312012, -28.3156070709, -76.4361190796, 50.6990585327, 296.391998291, 14.432009697, -7.45243597031, 43.5110969543, 47.7156181335, -16.8512458801, -13.8875951767], [177.729248047, -148.1746521, 150.302764893, 21.8618049622, 61.4359283447, 51.8565788269, 14.432009697, 161.286437988, 26.8532180786, 31.7826843262, 44.3626022339, 43.7774658203, 30.267742157], [-378.207641602, 137.568496704, 74.2979278564, 87.7272338867, 49.690826416, -1.78486156464, -7.45243597031, 26.8532180786, 153.873840332, 28.4757328033, 14.8446531296, 27.6601200104, 39.3336334229], [-39.8064575195, 36.7732696533, 44.5179710388, -11.3384723663, 23.3237609863, 65.6283874512, 43.5110969543, 31.7826843262, 28.4757328033, 153.101791382, 34.4455299377, 10.4892520905, 43.8398742676], [56.7104492188, 78.4956283569, 52.915473938, -3.74004459381, 32.5129394531, 24.8840675354, 47.7156181335, 44.3626022339, 14.8446531296, 34.4455299377, 109.026237488, 39.3096656799, 11.3940505981], [4.7956867218, -39.2974052429, 127.493339539, 48.2789306641, 39.782207489, 17.9299221039, -16.8512458801, 43.7774658203, 27.6601200104, 10.4892520905, 39.3096656799, 104.869056702, 36.3833808899], [-258.099578857, 42.7102851868, 116.535194397, 56.7068939209, 68.7658462524, 33.671421051, -13.8875951767, 30.267742157, 39.3336334229, 43.8398742676, 11.3940505981, 36.3833808899, 112.973228455]],
