{
"lowlevel": {
    "average_loudness": 0.970499098301,
    "barkbands_crest": {
        "dmean": 2.44568896294,
        "dmean2": 3.90913248062,
        "dvar": 5.61453437805,
        "dvar2": 15.1198568344,
        "max": 23.3424301147,
        "mean": 10.8470287323,
        "median": 10.2382736206,
        "min": 2.85302948952,
        "var": 15.5286216736
    },
    "barkbands_flatness_db": {
        "dmean": 0.0213029757142,
        "dmean2": 0.0322496667504,
        "dvar": 0.000404680147767,
        "dvar2": 0.000989057589322,
        "max": 0.383413761854,
        "mean": 0.145346969366,
        "median": 0.134487971663,
        "min": 0.0294321868569,
        "var": 0.00258299615234
    },
    "barkbands_kurtosis": {
        "dmean": 3.09032034874,
        "dmean2": 4.85734462738,
        "dvar": 27.0891971588,
        "dvar2": 62.2769432068,
        "max": 97.6741104126,
        "mean": 5.35202264786,
        "median": 2.26691102982,
        "min": -1.69548881054,
        "var": 84.3624267578
    },
    "barkbands_skewness": {
        "dmean": 0.502799808979,
        "dmean2": 0.782243132591,
        "dvar": 0.28687942028,
        "dvar2": 0.681359708309,
        "max": 8.46841430664,
        "mean": 1.99929141998,
        "median": 1.74833118916,
        "min": -1.89273548126,
        "var": 1.25174844265
    },
    "barkbands_spread": {
        "dmean": 5.66623210907,
        "dmean2": 8.81778049469,
        "dvar": 34.8889884949,
        "dvar2": 83.2283554077,
        "max": 96.4850540161,
        "mean": 24.9659156799,
        "median": 24.7982349396,
        "min": 1.14353466034,
        "var": 152.495254517
    },
    "dissonance": {
        "dmean": 0.0123213967308,
        "dmean2": 0.0204115770757,
        "dvar": 0.000132686414872,
        "dvar2": 0.000364674517186,
        "max": 0.499836325645,
        "mean": 0.474617451429,
        "median": 0.478239476681,
        "min": 0.337451040745,
        "var": 0.000306183239445
    },
    "dynamic_complexity": 2.25627827644,
    "erbbands_crest": {
        "dmean": 1.98057878017,
        "dmean2": 3.26178741455,
        "dvar": 3.53375029564,
        "dvar2": 8.91299629211,
        "max": 23.2913398743,
        "mean": 7.07795667648,
        "median": 6.30770492554,
        "min": 2.64162898064,
        "var": 9.3847618103
    },
    "erbbands_flatness_db": {
        "dmean": 0.0149564417079,
        "dmean2": 0.0217785891145,
        "dvar": 0.000200345166377,
        "dvar2": 0.00040706639993,
        "max": 0.231615304947,
        "mean": 0.129780828953,
        "median": 0.129268661141,
        "min": 0.0433572083712,
        "var": 0.000807196251117
    },
    "erbbands_kurtosis": {
        "dmean": 0.527864694595,
        "dmean2": 0.853911042213,
        "dvar": 0.475324451923,
        "dvar2": 1.11367154121,
        "max": 13.1081352234,
        "mean": -0.392561614513,
        "median": -0.626698970795,
        "min": -1.65380513668,
        "var": 1.01593971252
    },
    "erbbands_skewness": {
        "dmean": 0.288526505232,
        "dmean2": 0.443789720535,
        "dvar": 0.0650450363755,
        "dvar2": 0.148411616683,
        "max": 3.05828475952,
        "mean": -0.16727809608,
        "median": -0.249447286129,
        "min": -1.40767025948,
        "var": 0.33891671896
    },
    "erbbands_spread": {
        "dmean": 8.22327518463,
        "dmean2": 12.8255472183,
        "dvar": 67.8300552368,
        "dvar2": 154.993774414,
        "max": 123.275184631,
        "mean": 47.8057861328,
        "median": 46.2858390808,
        "min": 14.3814725876,
        "var": 175.631561279
    },
    "hfc": {
        "dmean": 6.36177015305,
        "dmean2": 9.457903862,
        "dvar": 73.3487472534,
        "dvar2": 159.456115723,
        "max": 120.468109131,
        "mean": 25.9853973389,
        "median": 24.2639408112,
        "min": 1.12711286159e-16,
        "var": 311.245605469
    },
    "melbands_crest": {
        "dmean": 2.70867371559,
        "dmean2": 4.33502149582,
        "dvar": 6.06601476669,
        "dvar2": 15.790137291,
        "max": 29.1227359772,
        "mean": 15.1621055603,
        "median": 14.9850673676,
        "min": 1.13873672485,
        "var": 15.5684900284
    },
    "melbands_flatness_db": {
        "dmean": 0.0253726430237,
        "dmean2": 0.0382526181638,
        "dvar": 0.000617176177911,
        "dvar2": 0.00143134698737,
        "max": 0.500259280205,
        "mean": 0.212681025267,
        "median": 0.199170932174,
        "min": 4.03286285291e-05,
        "var": 0.00396684603766
    },
    "melbands_kurtosis": {
        "dmean": 9.0934753418,
        "dmean2": 14.5713500977,
        "dvar": 210.141586304,
        "dvar2": 533.502990723,
        "max": 331.164611816,
        "mean": 20.1136779785,
        "median": 12.8723669052,
        "min": -1.24504590034,
        "var": 481.719299316
    },
    "melbands_skewness": {
        "dmean": 0.782876312733,
        "dmean2": 1.21564984322,
        "dvar": 0.745089948177,
        "dvar2": 1.80863380432,
        "max": 14.4911727905,
        "mean": 3.62939667702,
        "median": 3.28509259224,
        "min": -0.161764487624,
        "var": 2.34310913086
    },
    "melbands_spread": {
        "dmean": 5.45272636414,
        "dmean2": 8.55735301971,
        "dvar": 38.8808174133,
        "dvar2": 88.7584152222,
        "max": 132.700805664,
        "mean": 19.8688011169,
        "median": 18.0641765594,
        "min": 0.855508923531,
        "var": 158.612091064
    },
    "pitch_salience": {
        "dmean": 0.0711226463318,
        "dmean2": 0.115143142641,
        "dvar": 0.00442003412172,
        "dvar2": 0.0116720842198,
        "max": 0.992790281773,
        "mean": 0.516914844513,
        "median": 0.520290434361,
        "min": 0.144531190395,
        "var": 0.0107324169949
    },
    "silence_rate_20dB": {
        "dmean": 0,
        "dmean2": 0,
        "dvar": 0,
        "dvar2": 0,
        "max": 1,
        "mean": 1,
        "median": 1,
        "min": 1,
        "var": 0
    },
    "silence_rate_30dB": {
        "dmean": 0.0394126735628,
        "dmean2": 0.0788558200002,
        "dvar": 0.0378599800169,
        "dvar2": 0.0927406698465,
        "max": 1,
        "mean": 0.968327522278,
        "median": 1,
        "min": 0,
        "var": 0.0306687243283
    },
    "silence_rate_60dB": {
        "dmean": 0.00231839250773,
        "dmean2": 0.00463857734576,
        "dvar": 0.00231311982498,
        "dvar2": 0.00461701257154,
        "max": 1,
        "mean": 0.0339899584651,
        "median": 0,
        "min": 0,
        "var": 0.032835137099
    },
    "spectral_centroid": {
        "dmean": 262.567047119,
        "dmean2": 405.680419922,
        "dvar": 101343.71875,
        "dvar2": 157393.796875,
        "max": 11236.4287109,
        "mean": 1503.75073242,
        "median": 1551.29882812,
        "min": 189.829055786,
        "var": 390762.4375
    },
    "spectral_complexity": {
        "dmean": 3.98608970642,
        "dmean2": 6.31465005875,
        "dvar": 15.7247667313,
        "dvar2": 33.7640991211,
        "max": 57,
        "mean": 25.5666275024,
        "median": 27,
        "min": 0,
        "var": 136.093353271
    },
    "spectral_decrease": {
        "dmean": 3.34854188822e-09,
        "dmean2": 5.36374589188e-09,
        "dvar": 2.46779376501e-17,
        "dvar2": 5.99437937582e-17,
        "max": 4.54802864457e-30,
        "mean": -1.15632188269e-08,
        "median": -1.0411711493e-08,
        "min": -5.50409247069e-08,
        "var": 4.68842530124e-17
    },
    "spectral_energy": {
        "dmean": 0.0129329925403,
        "dmean2": 0.0207004901022,
        "dvar": 0.000362603605026,
        "dvar2": 0.000876758014783,
        "max": 0.211466893554,
        "mean": 0.0459991656244,
        "median": 0.0415443517268,
        "min": 1.06656555091e-20,
        "var": 0.000714124471415
    },
    "spectral_energyband_high": {
        "dmean": 0.000489825208206,
        "dmean2": 0.000731451262254,
        "dvar": 6.57959617456e-07,
        "dvar2": 1.39986127579e-06,
        "max": 0.00951557699591,
        "mean": 0.00114378705621,
        "median": 0.000869820069056,
        "min": 7.16223703784e-21,
        "var": 1.61721573022e-06
    },
    "spectral_energyband_low": {
        "dmean": 0.0112001756206,
        "dmean2": 0.0176416933537,
        "dvar": 0.000335921242367,
        "dvar2": 0.000816229265183,
        "max": 0.187197372317,
        "mean": 0.0268907751888,
        "median": 0.0208777170628,
        "min": 4.68662200683e-23,
        "var": 0.000526560412254
    },
    "spectral_energyband_middle_high": {
        "dmean": 0.00150585907977,
        "dmean2": 0.00236900453456,
        "dvar": 2.82108680949e-06,
        "dvar2": 6.92378898748e-06,
        "max": 0.0313364043832,
        "mean": 0.00614252174273,
        "median": 0.0056697553955,
        "min": 1.47518473597e-21,
        "var": 1.88164667634e-05
    },
    "spectral_energyband_middle_low": {
        "dmean": 0.00464569823816,
        "dmean2": 0.00744636869058,
        "dvar": 3.20247127092e-05,
        "dvar2": 8.19386768853e-05,
        "max": 0.0807073637843,
        "mean": 0.0133199859411,
        "median": 0.0116175515577,
        "min": 2.85759549149e-22,
        "var": 7.24849596736e-05
    },
    "spectral_entropy": {
        "dmean": 0.158404633403,
        "dmean2": 0.224402233958,
        "dvar": 0.0269070994109,
        "dvar2": 0.0528165623546,
        "max": 9.80473518372,
        "mean": 7.65195274353,
        "median": 7.71767139435,
        "min": 6.06082868576,
        "var": 0.123072758317
    },
    "spectral_flux": {
        "dmean": 0.0250440090895,
        "dmean2": 0.0402290672064,
        "dvar": 0.00096181454137,
        "dvar2": 0.0022592281457,
        "max": 0.340790271759,
        "mean": 0.0950504913926,
        "median": 0.0829334706068,
        "min": 1.03274659657e-10,
        "var": 0.00238350126892
    },
    "spectral_kurtosis": {
        "dmean": 1.21388840675,
        "dmean2": 2.04821634293,
        "dvar": 1.80187153816,
        "dvar2": 4.98975133896,
        "max": 22.0904064178,
        "mean": 3.72904753685,
        "median": 3.50663995743,
        "min": -1.24187612534,
        "var": 2.88464021683
    },
    "spectral_rms": {
        "dmean": 0.000865935755428,
        "dmean2": 0.00136645138264,
        "dvar": 1.15188584004e-06,
        "dvar2": 2.71523344963e-06,
        "max": 0.014363466762,
        "mean": 0.0063961930573,
        "median": 0.00636640191078,
        "min": 3.22575841906e-12,
        "var": 3.96588393414e-06
    },
    "spectral_rolloff": {
        "dmean": 415.845916748,
        "dmean2": 698.359741211,
        "dvar": 434462.96875,
        "dvar2": 917466.875,
        "max": 19099.9511719,
        "mean": 1131.55419922,
        "median": 882.861328125,
        "min": 86.1328125,
        "var": 1176316.5
    },
    "spectral_skewness": {
        "dmean": 0.206913307309,
        "dmean2": 0.324101626873,
        "dvar": 0.0418667420745,
        "dvar2": 0.095012396574,
        "max": 3.60367846489,
        "mean": 1.34464728832,
        "median": 1.32491087914,
        "min": -0.0394541472197,
        "var": 0.108289718628
    },
    "spectral_spread": {
        "dmean": 619501.1875,
        "dmean2": 899578.75,
        "dvar": 1.15435542938e+12,
        "dvar2": 1.52593340826e+12,
        "max": 41836956,
        "mean": 4422371,
        "median": 4181532,
        "min": 2173260,
        "var": 2.07232643891e+12
    },
    "spectral_strongpeak": {
        "dmean": 0.262662410736,
        "dmean2": 0.459720104933,
        "dvar": 0.322783589363,
        "dvar2": 0.798698186874,
        "max": 10.4877538681,
        "mean": 0.457393407822,
        "median": 0.29833266139,
        "min": 0,
        "var": 0.391746550798
    },
    "zerocrossingrate": {
        "dmean": 0.00888735987246,
        "dmean2": 0.0114052463323,
        "dvar": 0.000183181939065,
        "dvar2": 0.000322860403685,
        "max": 0.5087890625,
        "mean": 0.052586324513,
        "median": 0.05126953125,
        "min": 0.0029296875,
        "var": 0.000803989358246
    },
    "barkbands": {
        "dmean": [0.000361832208, 0.00841775722802, 0.00450431229547, 0.00182962196413, 0.00239909999073, 0.00130298070144, 0.000871668278705, 0.000501212896779, 0.000226081887376, 0.000294348486932, 0.00027614730061, 0.000256652507233, 0.00019898264145, 0.000302463362459, 0.000516160274856, 0.000484157761093, 0.000344761938322, 0.000191785482457, 0.00032586971065, 0.000214284620597, 0.000143615034176, 0.000112078792881, 8.06958851172e-05, 5.9120626247e-05, 6.725989806e-05, 7.01714961906e-05, 1.35244127009e-08],
        "dmean2": [0.000587339920457, 0.0135483946651, 0.00717657338828, 0.00306040258147, 0.00394153688103, 0.00205374602228, 0.00141132657882, 0.000779223802965, 0.000365837331628, 0.000462362600956, 0.000427266932093, 0.000416505790781, 0.000314968667226, 0.000486287724925, 0.000849695818033, 0.000800160050858, 0.000577878381591, 0.000319911894621, 0.000538813124876, 0.000359851663234, 0.000237362328335, 0.000175397261046, 0.000127053965116, 8.81772357388e-05, 0.000102886369859, 0.000111824869236, 2.35022525885e-08],
        "dvar": [2.46802358106e-07, 0.00019769485516, 8.3664781414e-05, 7.60324746807e-06, 1.70121820702e-05, 4.01969782615e-06, 1.75964282789e-06, 1.58328725774e-06, 1.3886669592e-07, 1.95352754417e-07, 2.49251939977e-07, 3.63087480082e-07, 8.74888002045e-08, 2.06620839549e-07, 8.95564426173e-07, 5.53640290946e-07, 2.44860046905e-07, 5.91213655809e-08, 2.28108035571e-07, 1.16217904633e-07, 5.21402085951e-08, 4.16259098301e-08, 2.42665478822e-08, 1.05520978622e-08, 1.72399357012e-08, 2.57082781729e-08, 2.70136276934e-15],
        "dvar2": [6.34601292404e-07, 0.000534445222002, 0.00020267648506, 2.06655477086e-05, 4.43099052063e-05, 9.64581522567e-06, 4.5155393309e-06, 3.38159907187e-06, 3.11540730991e-07, 4.71837921623e-07, 5.79955269586e-07, 9.2486129688e-07, 2.04189859687e-07, 5.35419019343e-07, 2.21747632168e-06, 1.50678033606e-06, 7.03267858171e-07, 1.5977126111e-07, 6.34511479802e-07, 3.20314285318e-07, 1.33010189529e-07, 9.68807327695e-08, 5.37554285529e-08, 2.14051478764e-08, 3.99118214034e-08, 6.35744754618e-08, 7.56885094151e-15],
        "max": [0.00987775903195, 0.124224841595, 0.117275997996, 0.0267156884074, 0.045611537993, 0.0349882356822, 0.0229300297797, 0.0212902538478, 0.0129975518212, 0.00784496311098, 0.00797244347632, 0.0114969713613, 0.00503604440019, 0.00780482031405, 0.0242184270173, 0.0152338789776, 0.0062243542634, 0.0042017349042, 0.00630916887894, 0.00394667172804, 0.00328639522195, 0.00313212047331, 0.00193102820776, 0.00122743076645, 0.00124819367193, 0.00183901307173, 1.41533291753e-06],
        "mean": [0.000966834486462, 0.0175409894437, 0.00699063111097, 0.00279664248228, 0.00444429926574, 0.00282655120827, 0.00170358119067, 0.000913781987038, 0.000439115130575, 0.000496204942465, 0.000471490784548, 0.000409061904065, 0.000366253079847, 0.000565080088563, 0.000979529111646, 0.000992040499114, 0.000605767709203, 0.00041248978232, 0.000717914663255, 0.000433365697972, 0.000302052707411, 0.000236275111092, 0.00014226573694, 9.40691752476e-05, 8.20851928438e-05, 7.08434163244e-05, 1.15731131345e-08],
        "median": [0.000879468570929, 0.0134016927332, 0.00374325062148, 0.00182561436668, 0.00298275542445, 0.0013631072361, 0.000768988626078, 0.000211897990084, 0.000260285742115, 0.000245147879468, 0.000166040510521, 0.000164969213074, 0.000200006659725, 0.000366506341379, 0.000546033144929, 0.000635248026811, 0.000409674423281, 0.000338796846336, 0.000515512714628, 0.000318961159792, 0.000209261444979, 0.000165057193954, 7.87006501923e-05, 4.8059711844e-05, 2.73623281828e-05, 1.20094646263e-05, 2.6211437465e-09],
        "min": [3.1879346322e-24, 7.07007435518e-24, 1.6401584156e-23, 5.94783373166e-24, 4.98205696338e-24, 6.28683077069e-23, 3.49143904417e-23, 1.32293125542e-23, 4.95589683693e-23, 6.7302785156e-23, 3.7699858298e-23, 9.74990616324e-23, 8.6510153492e-23, 1.29406307992e-22, 1.13679539121e-22, 1.02450192487e-22, 1.57682200414e-22, 1.27551273175e-22, 2.69403370249e-22, 3.11055150314e-22, 3.40777763149e-22, 5.86628170149e-22, 5.84492363958e-22, 8.62157468157e-22, 1.08805259726e-21, 1.36687759205e-21, 2.14399216907e-21],
        "var": [7.15336341273e-07, 0.000261083827354, 0.00010017673776, 9.90795069811e-06, 2.23512142838e-05, 1.62148407981e-05, 5.39534312338e-06, 5.52802703169e-06, 4.55859066051e-07, 4.67655269176e-07, 5.98976384936e-07, 6.17533487457e-07, 2.24902748869e-07, 4.45008168981e-07, 2.02956152862e-06, 1.68476572071e-06, 4.2681037371e-07, 1.34111274974e-07, 5.98530903062e-07, 2.03096377049e-07, 1.14753433422e-07, 9.24887046949e-08, 4.59560496324e-08, 1.97071123864e-08, 2.18274678332e-08, 2.50710865402e-08, 1.75927070255e-15]
    },
    "erbbands": {
        "dmean": [0.214993312955, 2.0856757164, 5.07454252243, 5.65010023117, 8.23895835876, 7.39440822601, 6.14751243591, 12.2187709808, 14.1175508499, 10.6164159775, 8.19387245178, 5.13705444336, 7.65402746201, 11.2122392654, 7.73052024841, 12.254655838, 8.26820468903, 15.7124500275, 24.1225414276, 20.4370861053, 25.6174659729, 13.7402763367, 10.6935682297, 11.5562086105, 18.8836021423, 9.65382003784, 7.11028194427, 4.61813545227, 4.08208656311, 3.24275493622, 2.39628767967, 1.35997951031, 0.911602020264, 0.763385951519, 0.482104986906, 0.331171870232, 0.121491715312, 0.0143258497119, 0.000262606772594, 2.18397053686e-05],
        "dmean2": [0.350564539433, 3.35551786423, 8.04872322083, 9.28797340393, 13.5911388397, 11.9070653915, 10.2339096069, 19.1669902802, 22.4921836853, 16.8336009979, 13.0716400146, 8.22400474548, 11.7752914429, 17.935213089, 12.081615448, 19.9262752533, 13.0999956131, 25.4977855682, 40.3637809753, 32.8696556091, 43.1789131165, 22.8994178772, 17.6081886292, 18.9846248627, 31.5741329193, 16.1196918488, 11.7628269196, 7.51155138016, 6.42192935944, 5.12284851074, 3.82067489624, 2.04716658592, 1.37028551102, 1.18544733524, 0.743597567081, 0.527253389359, 0.196327373385, 0.0228729564697, 0.000417478499003, 3.4552798752e-05],
        "dvar": [0.110956288874, 12.8706197739, 102.590583801, 95.7692260742, 194.35899353, 152.687606812, 92.9977264404, 441.758209229, 466.772064209, 466.826904297, 234.971115112, 73.7050323486, 215.768569946, 253.173660278, 340.418029785, 946.11138916, 144.444854736, 512.723266602, 2673.86987305, 795.192077637, 1324.9576416, 342.865356445, 207.596725464, 217.932327271, 932.440185547, 247.498672485, 129.902587891, 54.3074302673, 55.8646087646, 44.9925575256, 19.6673946381, 5.01558208466, 3.09429526329, 2.08008027077, 1.00724446774, 0.544104278088, 0.0876973345876, 0.00111970049329, 3.66009317077e-07, 1.05358421987e-09],
        "dvar2": [0.315510451794, 34.502204895, 258.806060791, 243.67250061, 513.327941895, 405.404907227, 259.120697021, 1037.7097168, 1137.25219727, 1099.2713623, 562.458740234, 157.333236694, 517.046325684, 609.701171875, 794.771972656, 2413.67651367, 341.075897217, 1335.1027832, 6978.3828125, 1752.42370605, 3706.22021484, 976.328735352, 559.271179199, 564.694213867, 2636.10351562, 680.500854492, 350.6746521, 132.509078979, 127.702186584, 109.490913391, 44.8221206665, 9.8000125885, 6.64552164078, 4.75306797028, 2.40346288681, 1.34838747978, 0.220593675971, 0.00277885142714, 9.06058687633e-07, 2.45643083652e-09],
        "max": [3.81142044067, 35.7916107178, 115.202842712, 105.64025116, 205.418304443, 141.315689087, 109.872283936, 375.10244751, 335.48248291, 349.781311035, 209.526611328, 377.026947021, 246.766677856, 239.713058472, 398.870422363, 585.852539062, 187.443481445, 412.01550293, 1380.76062012, 732.184692383, 641.346130371, 225.100830078, 273.20791626, 301.87612915, 422.655914307, 201.512863159, 161.240081787, 127.003211975, 113.012931824, 100.026473999, 62.384552002, 25.8638801575, 22.0203075409, 14.2536640167, 10.423409462, 7.38599824905, 3.51334953308, 0.442756354809, 0.00813721306622, 0.000391668261727],
        "mean": [0.487841427326, 3.94279432297, 8.54674911499, 8.93849086761, 14.6349620819, 13.561457634, 11.2341709137, 26.6175403595, 29.819437027, 22.0868549347, 14.0635547638, 10.3214063644, 14.7282915115, 20.2226448059, 13.5946855545, 19.908493042, 16.906042099, 31.468252182, 45.0945167542, 46.5365943909, 56.4214515686, 28.2052288055, 23.6575012207, 27.843547821, 38.0170402527, 20.5894699097, 15.0883369446, 9.88208866119, 8.47446155548, 6.06630659103, 4.21469736099, 2.3322429657, 1.34318077564, 0.969970524311, 0.559566259384, 0.337050259113, 0.120199687779, 0.0142407305539, 0.000285691668978, 6.47039123578e-05],
        "median": [0.409916639328, 2.74743747711, 4.90572595596, 5.88226413727, 9.67216777802, 8.36945819855, 7.22150373459, 11.0821657181, 13.0475473404, 7.31747579575, 6.01393079758, 6.69742774963, 6.13171434402, 11.3340396881, 6.61982297897, 8.44242858887, 10.8413896561, 21.8160190582, 26.4221668243, 33.1377487183, 40.207485199, 21.0709514618, 19.0033626556, 23.1127319336, 25.3921108246, 15.8388900757, 11.276884079, 6.94775295258, 5.65161371231, 3.71132516861, 2.27218675613, 1.34903252125, 0.573981523514, 0.321068972349, 0.179479911923, 0.0646932125092, 0.01976878196, 0.00199826946482, 6.39389691059e-05, 5.5235439504e-05],
        "min": [2.5157688084e-22, 1.8460680061e-21, 2.01849954013e-20, 1.77644339e-20, 1.20973128946e-20, 2.002195681e-20, 1.13215266937e-19, 6.81026276916e-19, 4.15253094404e-19, 5.20130548788e-19, 6.37961599865e-19, 8.86097792453e-19, 2.19829244845e-18, 1.43801389365e-18, 3.43876496188e-18, 2.20554909717e-18, 3.70556193549e-18, 6.39003268411e-18, 4.94699335804e-18, 6.51245665554e-18, 6.79004895653e-18, 9.67704950146e-18, 8.70382270713e-18, 1.26283811234e-17, 1.18929340136e-17, 1.3155329088e-17, 1.7951653979e-17, 1.3394759825e-17, 1.95366594185e-17, 1.67047950109e-17, 1.79993690655e-17, 1.72169538133e-17, 1.52097520805e-17, 1.20110305896e-17, 8.151170105e-18, 4.70136745182e-18, 2.63012291442e-18, 1.07985513157e-18, 2.76420754754e-19, 3.45952426135e-20],
        "var": [0.154770687222, 16.8397712708, 124.149383545, 103.770172119, 257.807342529, 226.08770752, 152.12852478, 1881.80480957, 1639.99731445, 1832.29101562, 572.244689941, 232.867706299, 555.771789551, 651.402038574, 630.693969727, 1570.39672852, 368.088562012, 1144.86779785, 5261.04882812, 2856.58984375, 3942.12255859, 702.152832031, 459.609558105, 621.491333008, 2103.45556641, 437.727020264, 254.693359375, 121.604988098, 125.997947693, 75.9493255615, 38.8973579407, 10.483215332, 5.00067234039, 2.84702301025, 1.14365148544, 0.530860006809, 0.0811673179269, 0.00109037279617, 3.6302409967e-07, 1.96374072559e-09]
    },
    "gfcc": {
        "mean": [30.2477092743, 96.5827407837, -110.88684082, 58.374370575, -41.1973228455, 16.4015884399, -37.6334991455, 10.3744907379, -18.9999389648, 7.98758554459, -15.5633649826, 1.40644598007, -8.22187805176],
        "cov": [[7538.57177734, -970.43157959, -378.91003418, 36.9900398254, -190.672531128, 92.8904953003, -223.621810913, 125.445709229, -218.588562012, 361.320404053, -126.508659363, 178.164276123, -204.27734375], [-970.43157959, 926.130432129, -175.092681885, 107.669761658, 77.3914794922, -86.8920898438, 83.1571044922, -142.233078003, 172.288513184, -178.350158691, 166.090820312, -118.863563538, 160.508285522], [-378.91003418, -175.092681885, 436.371276855, -88.7454376221, 49.0857887268, 39.4895057678, -24.9481773376, 51.2316093445, -67.6678543091, 23.3992519379, -75.365562439, 45.2380867004, -50.3397674561], [36.9900398254, 107.669761658, -88.7454376221, 169.486419678, 5.74856328964, 8.10393714905, 10.4599580765, -48.8306350708, 36.1622772217, -45.7360992432, 36.5198135376, -44.2027854919, 37.0347633362], [-190.672531128, 77.3914794922, 49.0857887268, 5.74856328964, 124.619544983, 12.093000412, 23.8302459717, -5.27541875839, 3.15008115768, -8.19220256805, -3.79977798462, -10.5510225296, 1.65247058868], [92.8904953003, -86.8920898438, 39.4895057678, 8.10393714905, 12.093000412, 118.825737, 19.1512393951, 11.0688924789, -12.3890304565, -12.191028595, -4.35075426102, 10.5500888824, -12.8075761795], [-223.621810913, 83.1571044922, -24.9481773376, 10.4599580765, 23.8302459717, 19.1512393951, 91.4424438477, 13.9975786209, 23.8628921509, -20.279510498, 11.1530723572, -19.0377216339, 6.04030179977], [125.445709229, -142.233078003, 51.2316093445, -48.8306350708, -5.27541875839, 11.0688924789, 13.9975786209, 96.1971740723, -0.804041564465, 44.9975242615, -40.8403739929, 11.3104095459, -39.9235992432], [-218.588562012, 172.288513184, -67.6678543091, 36.1622772217, 3.15008115768, -12.3890304565, 23.8628921509, -0.804041564465, 109.021652222, -12.2031087875, 50.6134910583, -39.0227355957, 25.8646392822], [361.320404053, -178.350158691, 23.3992519379, -45.7360992432, -8.19220256805, -12.191028595, -20.279510498, 44.9975242615, -12.2031087875, 104.16355896, -16.0273265839, 32.3909034729, -40.5414924622], [-126.508659363, 166.090820312, -75.365562439, 36.5198135376, -3.79977798462, -4.35075426102, 11.1530723572, -40.8403739929, 50.6134910583, -16.0273265839, 103.155105591, 3.27382493019, 48.632610321], [178.164276123, -118.863563538, 45.2380867004, -44.2027854919, -10.5510225296, 10.5500888824, -19.0377216339, 11.3104095459, -39.0227355957, 32.3909034729, 3.27382493019, 85.2473602295, 4.90330410004], [-204.27734375, 160.508285522, -50.3397674561, 37.0347633362, 1.65247058868, -12.8075761795, 6.04030179977, -39.9235992432, 25.8646392822, -40.5414924622, 48.632610321, 4.90330410004, 92.025680542]],
        "icov": [[0.00024993752595, -0.000304449000396, 0.000419632939156, -0.000486481469125, 0.000231729718507, -0.000540393637493, 0.000600215629674, -0.000373757793568, 0.000611383700743, -0.000997484545223, 0.000406345818192, -0.000524201022927, 0.000432148313848], [-0.000304449000396, 0.0060869907029, -0.000764190161135, 0.00283917435445, -0.00292599177919, 0.00440809829161, -0.00295789609663, 0.00363021204248, -0.00488268537447, 0.00688435835764, -0.00483716791496, 0.00449888827279, -0.00369631801732], [0.000419632939156, -0.000764190161135, 0.00404477119446, 6.87676856614e-06, -0.00107176427264, -0.00181349075865, 0.00229793484323, -0.00180850864854, 0.00164121843409, -0.00094587658532, 0.00204535177909, -0.00229286774993, 0.00146889244206], [-0.000486481469125, 0.00283917435445, 6.87676856614e-06, 0.0107467472553, -0.00170955224894, 0.000751215091441, -0.00153732683975, 0.00447995821014, -0.00340175954625, 0.00462883291766, -0.00302512990311, 0.0063274949789, -0.00391648942605], [0.000231729718507, -0.00292599177919, -0.00107176427264, -0.00170955224894, 0.010884010233, -0.00270054326393, -0.00145364005584, 0.00034856973798, 0.00207074009813, -0.00474508106709, 0.00315590156242, -0.00100545876194, 0.00110823358409], [-0.000540393637493, 0.00440809829161, -0.00181349075865, 0.000751215091441, -0.00270054326393, 0.0138522312045, -0.00475403247401, 0.00116438965779, -0.00311577413231, 0.00872289761901, -0.00499943550676, 0.000818385626189, -7.18203664292e-05], [0.000600215629674, -0.00295789609663, 0.00229793484323, -0.00153732683975, -0.00145364005584, -0.00475403247401, 0.0172656178474, -0.00770905427635, 0.00253686425276, -0.000976830837317, 0.00021573228878, -0.000701088050846, 0.00203388673253], [-0.000373757793568, 0.00363021204248, -0.00180850864854, 0.00447995821014, 0.00034856973798, 0.00116438965779, -0.00770905427635, 0.0236909650266, -0.00982688181102, -0.00212026317604, 0.00563099514693, 0.000260870612692, -0.000175731591298], [0.000611383700743, -0.00488268537447, 0.00164121843409, -0.00340175954625, 0.00207074009813, -0.00311577413231, 0.00253686425276, -0.00982688181102, 0.0230289399624, -0.00760630285367, -0.0059985681437, 0.00543665699661, 0.000296573038213], [-0.000997484545223, 0.00688435835764, -0.00094587658532, 0.00462883291766, -0.00474508106709, 0.00872289761901, -0.000976830837317, -0.00212026317604, -0.00760630285367, 0.0275333449244, -0.00835279934108, -0.000788026605733, 0.00256524747238], [0.000406345818192, -0.00483716791496, 0.00204535177909, -0.00302512990311, 0.00315590156242, -0.00499943550676, 0.00021573228878, 0.00563099514693, -0.0059985681437, -0.00835279934108, 0.0253276079893, -0.010397573933, -0.00147326546721], [-0.000524201022927, 0.00449888827279, -0.00229286774993, 0.0063274949789, -0.00100545876194, 0.000818385626189, -0.000701088050846, 0.000260870612692, 0.00543665699661, -0.000788026605733, -0.010397573933, 0.0269618723541, -0.0103369439021], [0.000432148313848, -0.00369631801732, 0.00146889244206, -0.00391648942605, 0.00110823358409, -7.18203664292e-05, 0.00203388673253, -0.000175731591298, 0.000296573038213, 0.00256524747238, -0.00147326546721, -0.0103369439021, 0.0227889381349]]
    },
    "melbands": {
        "dmean": [0.00210338342004, 0.00256363791414, 0.000976640847512, 0.000619471014943, 0.000200667214813, 0.000268031377345, 0.000211510327063, 0.000116688541311, 6.19946658844e-05, 3.28707610606e-05, 3.9004455175e-05, 4.53224820376e-05, 2.87757829938e-05, 2.74149751931e-05, 2.47025236604e-05, 2.22461494559e-05, 3.27038796968e-05, 3.68586697732e-05, 3.37720121024e-05, 3.5550317989e-05, 3.09631868731e-05, 1.70999974216e-05, 1.31981496452e-05, 9.11505594559e-06, 1.02928479464e-05, 1.61439711519e-05, 9.52311984292e-06, 6.87569490765e-06, 5.09347182742e-06, 4.32249089499e-06, 2.67514519692e-06, 2.45379715125e-06, 2.37488507082e-06, 1.72839054358e-06, 1.61626098816e-06, 1.02977298866e-06, 8.01143187346e-07, 6.31556019925e-07, 6.96093763963e-07, 6.41324334083e-07],
        "dmean2": [0.00338183203712, 0.00408677617088, 0.00158524338622, 0.00101031793747, 0.000335654825903, 0.00041993157356, 0.000338499259669, 0.000182444884558, 9.92423010757e-05, 5.32885205757e-05, 5.99589620833e-05, 7.2871305747e-05, 4.47283891845e-05, 4.49941471743e-05, 3.99557065975e-05, 3.5363202187e-05, 5.29981698492e-05, 6.15604149061e-05, 5.47386225662e-05, 5.80194719078e-05, 5.21704860148e-05, 2.85516907752e-05, 2.1821098926e-05, 1.50388832481e-05, 1.69883369381e-05, 2.70416876447e-05, 1.60478139151e-05, 1.16645942398e-05, 8.4945013441e-06, 7.19958143236e-06, 4.40072108177e-06, 3.86606052416e-06, 3.84134000342e-06, 2.77658273262e-06, 2.63495076069e-06, 1.56850580879e-06, 1.2417877997e-06, 9.69817278929e-07, 1.07271932848e-06, 1.01738805824e-06],
        "dvar": [1.14440381367e-05, 2.27930577239e-05, 2.48958917837e-06, 1.15497721254e-06, 9.23143730347e-08, 1.97672989088e-07, 9.8526889758e-08, 7.19733890264e-08, 1.18469118959e-08, 2.85389734067e-09, 5.38065592082e-09, 4.1275356466e-09, 3.17106119141e-09, 3.94944299487e-09, 2.35089547829e-09, 1.28339616712e-09, 2.5798714276e-09, 5.62227553402e-09, 2.99840130502e-09, 3.31353811056e-09, 1.78023695785e-09, 6.25559049006e-10, 5.60392621196e-10, 1.41404832288e-10, 1.96494542859e-10, 7.16608439255e-10, 1.96650751239e-10, 1.34348962511e-10, 7.4435554942e-11, 5.3725596888e-11, 2.05324854341e-11, 1.88019339681e-11, 2.26962094951e-11, 1.38868699526e-11, 9.35426215654e-12, 2.86927664787e-12, 1.81594789119e-12, 1.54516156814e-12, 1.85573236465e-12, 1.52409205048e-12],
        "dvar2": [3.16348559863e-05, 5.67710958421e-05, 6.19682759861e-06, 3.01644513456e-06, 2.60545277797e-07, 4.6496069217e-07, 2.4257448672e-07, 1.61726447345e-07, 2.90292767602e-08, 6.3649570059e-09, 1.28068373684e-08, 1.00170307604e-08, 7.42885974958e-09, 1.01429025179e-08, 5.76709835443e-09, 2.9304769722e-09, 6.7226064715e-09, 1.48711549741e-08, 7.09314162961e-09, 8.46485992412e-09, 5.04167152471e-09, 1.82884196676e-09, 1.49441492514e-09, 3.6841127371e-10, 5.11152731253e-10, 2.0437223025e-09, 5.47584921851e-10, 3.73972269818e-10, 2.06570857642e-10, 1.44441264505e-10, 5.15609846485e-11, 4.06018309251e-11, 5.99818597569e-11, 3.33297903166e-11, 2.2642748787e-11, 5.73685239938e-12, 3.88767924103e-12, 3.39436009682e-12, 4.20239971294e-12, 3.60710376499e-12],
        "max": [0.0322825163603, 0.0523111000657, 0.0151808699593, 0.011519738473, 0.00356528582051, 0.00787060707808, 0.0045052440837, 0.00453636189923, 0.00171225122176, 0.00205737771466, 0.00124500726815, 0.000882759981323, 0.00108073430602, 0.00109369296115, 0.000828620919492, 0.000682901358232, 0.00093511340674, 0.00193586142268, 0.00115158699919, 0.00145502504893, 0.000645350723062, 0.000333389092702, 0.000639589736238, 0.000287244387437, 0.000297716615023, 0.000354847114068, 0.00017250617384, 0.000127298146253, 0.000125581645989, 0.000146489226609, 8.09091579868e-05, 6.01748906774e-05, 6.97833966115e-05, 5.52926467208e-05, 4.28270031989e-05, 2.26658721658e-05, 1.75878485607e-05, 1.48028348121e-05, 1.91280178115e-05, 1.23317322505e-05],
        "mean": [0.00468939403072, 0.00489435717463, 0.00172994774766, 0.00113823846914, 0.000388419866795, 0.000589237723034, 0.000442073302111, 0.000237673259107, 0.000103667363874, 6.37730481685e-05, 7.23276680219e-05, 7.9354562331e-05, 4.91927603434e-05, 4.49890067102e-05, 4.07228071708e-05, 4.13205125369e-05, 6.03818298259e-05, 6.51450536679e-05, 6.59073630231e-05, 7.12179244147e-05, 6.37193443254e-05, 3.02895750792e-05, 2.42510177486e-05, 1.92496590898e-05, 2.16335683945e-05, 3.07951959257e-05, 1.86908873729e-05, 1.28063220473e-05, 9.73751957645e-06, 8.06197203929e-06, 4.9936988944e-06, 4.8450151553e-06, 4.29632973464e-06, 2.89636659545e-06, 2.60932347373e-06, 1.76619835202e-06, 1.2658349533e-06, 9.08619995243e-07, 9.28483643747e-07, 7.77356319759e-07],
        "median": [0.00377307273448, 0.00320940604433, 0.00123223836999, 0.000732934800908, 0.000272810051683, 0.000246581679676, 0.000193087369553, 6.55297189951e-05, 4.85110685986e-05, 3.97112307837e-05, 2.86805061478e-05, 4.32643500972e-05, 2.16476582864e-05, 1.78216614586e-05, 1.99478454306e-05, 2.21752452489e-05, 3.7919729948e-05, 3.52965871571e-05, 4.09876629419e-05, 4.31249718531e-05, 4.43927601737e-05, 2.03109702852e-05, 1.72187646967e-05, 1.55999514391e-05, 1.67234975379e-05, 1.91496019397e-05, 1.35937571031e-05, 8.8700935521e-06, 7.19389436199e-06, 4.50013794762e-06, 3.12095289701e-06, 3.13030477628e-06, 2.5507886221e-06, 1.63237950801e-06, 1.25241615478e-06, 1.05682238427e-06, 6.67192409765e-07, 3.90439709008e-07, 3.22872409697e-07, 2.47540697274e-07],
        "min": [2.23461989407e-24, 7.76297664217e-24, 2.83719149374e-24, 1.20122975899e-24, 3.40015221799e-24, 1.50581777002e-23, 6.89564143182e-24, 4.84272953359e-24, 5.97476820398e-24, 6.1244021015e-24, 1.17617307145e-23, 4.59746242297e-24, 8.47103689145e-24, 1.16947169806e-23, 3.67040846994e-24, 1.1207542518e-23, 1.17683106033e-23, 7.07435313673e-24, 1.16400244652e-23, 6.67210586141e-24, 7.91084546341e-24, 1.01402807664e-23, 7.40837656552e-24, 6.2139425474e-24, 1.1361509234e-23, 7.5474913973e-24, 9.31095760762e-24, 7.82406839725e-24, 1.15531440583e-23, 6.73425311238e-24, 9.1392076002e-24, 1.02782935595e-23, 1.08555275385e-23, 8.67325822906e-24, 9.40178862997e-24, 1.08675758111e-23, 1.01679902945e-23, 9.6495556408e-24, 1.13495508916e-23, 9.43768811204e-24],
        "var": [1.54366534844e-05, 3.01619966194e-05, 3.13948044095e-06, 1.53894688992e-06, 1.51695317641e-07, 8.46345756145e-07, 3.4291360862e-07, 2.80525767948e-07, 2.64000625805e-08, 8.98285179574e-09, 1.41584033386e-08, 1.02227177834e-08, 6.66928912096e-09, 7.06684177842e-09, 4.01963617946e-09, 3.17049675402e-09, 5.49517009674e-09, 1.11481499587e-08, 7.06315139709e-09, 9.68592406281e-09, 4.68364502737e-09, 1.0927241334e-09, 8.976326904e-10, 3.25541954505e-10, 4.74770334158e-10, 1.55150314818e-09, 3.93312105107e-10, 2.08830425175e-10, 1.13577237892e-10, 1.19574586344e-10, 3.8785825246e-11, 4.22443469095e-11, 4.08508817051e-11, 2.14377179203e-11, 1.68086846525e-11, 6.10117078387e-12, 3.31950807987e-12, 2.37115340383e-12, 2.66230765732e-12, 1.91471578176e-12]
    },
    "mfcc": {
        "mean": [-610.729858398, 116.424369812, -0.0975598916411, 45.2190322876, 18.9112987518, 14.7631425858, 0.000308380491333, 3.87253308296, 2.94126367569, 7.24482488632, -0.646760225296, -2.46614217758, 3.38246774673],
        "cov": [[5564.87207031, -724.927978516, -315.745269775, -47.7236404419, -106.244384766, -21.0531330109, -26.2276954651, -157.957550049, -71.2977371216, 48.5544700623, -0.129983320832, 32.1075401306, 137.047424316], [-724.927978516, 645.913391113, -43.4124336243, 93.7196884155, 44.0592193604, 20.2244720459, -21.8328075409, 34.6161384583, -11.3545379639, -4.62901687622, 4.99922037125, -18.1218528748, -42.5844764709], [-315.745269775, -43.4124336243, 268.367645264, -38.5662689209, 39.8211593628, 4.83008718491, 13.0886592865, 21.5624980927, 6.08089542389, -20.6657371521, -6.71268606186, -7.99618864059, -9.40969562531], [-47.7236404419, 93.7196884155, -38.5662689209, 137.062515259, 15.9080896378, 9.09006786346, -11.6168031693, -14.221534729, 1.85619914532, 3.51955962181, -3.07235217094, -4.90994215012, -13.123301506], [-106.244384766, 44.0592193604, 39.8211593628, 15.9080896378, 99.5132980347, 31.0465316772, 3.84243917465, 7.48385810852, -3.81850171089, -3.46314191818, -0.00804666895419, -7.04825925827, -10.2899274826], [-21.0531330109, 20.2244720459, 4.83008718491, 9.09006786346, 31.0465316772, 90.7996292114, 25.8959293365, 23.1119804382, -14.2116785049, -11.6065044403, -8.33909034729, -3.81611919403, -4.4685883522], [-26.2276954651, -21.8328075409, 13.0886592865, -11.6168031693, 3.84243917465, 25.8959293365, 74.6484222412, 22.9098129272, 8.83401012421, -7.01043891907, -5.52240467072, -3.45274209976, 1.85798466206], [-157.957550049, 34.6161384583, 21.5624980927, -14.221534729, 7.48385810852, 23.1119804382, 22.9098129272, 76.6060028076, 16.1718006134, 0.370638340712, 1.67048144341, -3.62218737602, -6.69293880463], [-71.2977371216, -11.3545379639, 6.08089542389, 1.85619914532, -3.81850171089, -14.2116785049, 8.83401012421, 16.1718006134, 69.083480835, 25.9854621887, 11.1265869141, 2.61477732658, -5.59073781967], [48.5544700623, -4.62901687622, -20.6657371521, 3.51955962181, -3.46314191818, -11.6065044403, -7.01043891907, 0.370638340712, 25.9854621887, 69.2037200928, 29.5435276031, 6.13988637924, -3.34559488297], [-0.129983320832, 4.99922037125, -6.71268606186, -3.07235217094, -0.00804666895419, -8.33909034729, -5.52240467072, 1.67048144341, 11.1265869141, 29.5435276031, 69.9116210938, 22.325958252, -7.70060825348], [32.1075401306, -18.1218528748, -7.99618864059, -4.90994215012, -7.04825925827, -3.81611919403, -3.45274209976, -3.62218737602, 2.61477732658, 6.13988637924, 22.325958252, 60.8474311829, 25.7948551178], [137.047424316, -42.5844764709, -9.40969562531, -13.123301506, -10.2899274826, -4.4685883522, 1.85798466206, -6.69293880463, -5.59073781967, -3.34559488297, -7.70060825348, 25.7948551178, 66.2481384277]],
