{
"lowlevel": {
    "average_loudness": 0.518167436123,
    "barkbands_crest": {
        "dmean": 1.92014753819,
        "dmean2": 2.98437190056,
        "dvar": 4.71463823318,
        "dvar2": 10.0208015442,
        "max": 25.7603664398,
        "mean": 14.0765218735,
        "median": 13.2139205933,
        "min": 4.72835540771,
        "var": 24.5670528412
    },
    "barkbands_flatness_db": {
        "dmean": 0.0196241494268,
        "dmean2": 0.0301079675555,
        "dvar": 0.000393473310396,
        "dvar2": 0.000852273195051,
        "max": 0.465572327375,
        "mean": 0.352032214403,
        "median": 0.355325877666,
        "min": 0.0586738139391,
        "var": 0.00201799417846
    },
    "barkbands_kurtosis": {
        "dmean": 2.26996827126,
        "dmean2": 3.43186235428,
        "dvar": 11.6545715332,
        "dvar2": 22.7478218079,
        "max": 65.50050354,
        "mean": 5.92406368256,
        "median": 3.6970000267,
        "min": -1.8426605463,
        "var": 52.1053695679
    },
    "barkbands_skewness": {
        "dmean": 0.408334702253,
        "dmean2": 0.622879803181,
        "dvar": 0.217933654785,
        "dvar2": 0.458609223366,
        "max": 7.00909137726,
        "mean": 1.23241066933,
        "median": 1.22550320625,
        "min": -3.6106300354,
        "var": 1.43666112423
    },
    "barkbands_spread": {
        "dmean": 0.975728452206,
        "dmean2": 1.49255990982,
        "dvar": 2.43442583084,
        "dvar2": 4.97131967545,
        "max": 35.6542243958,
        "mean": 4.36046552658,
        "median": 3.55503344536,
        "min": 0.621810734272,
        "var": 8.91776371002
    },
    "dissonance": {
        "dmean": 0.0440960600972,
        "dmean2": 0.0746625885367,
        "dvar": 0.00166293547954,
        "dvar2": 0.00428872648627,
        "max": 0.499572217464,
        "mean": 0.362492769957,
        "median": 0.366493076086,
        "min": 0.143002197146,
        "var": 0.00439872592688
    },
    "dynamic_complexity": 4.73830270767,
    "erbbands_crest": {
        "dmean": 2.20330619812,
        "dmean2": 3.40790915489,
        "dvar": 7.43153095245,
        "dvar2": 14.8240871429,
        "max": 34.0019035339,
        "mean": 15.2756290436,
        "median": 13.6141204834,
        "min": 4.52586650848,
        "var": 42.9817619324
    },
    "erbbands_flatness_db": {
        "dmean": 0.0142239751294,
        "dmean2": 0.0207530334592,
        "dvar": 0.000260652945144,
        "dvar2": 0.000498881097883,
        "max": 0.486863404512,
        "mean": 0.370595395565,
        "median": 0.371738106012,
        "min": 0.0706951916218,
        "var": 0.00127768726088
    },
    "erbbands_kurtosis": {
        "dmean": 1.66301560402,
        "dmean2": 2.388225317,
        "dvar": 13.1611566544,
        "dvar2": 20.4484500885,
        "max": 70.6250686646,
        "mean": 3.52688169479,
        "median": 1.56353282928,
        "min": -1.63867652416,
        "var": 47.4516716003
    },
    "erbbands_skewness": {
        "dmean": 0.328684777021,
        "dmean2": 0.483787864447,
        "dvar": 0.176244735718,
        "dvar2": 0.313433051109,
        "max": 6.22458314896,
        "mean": 0.94963312149,
        "median": 0.911287248135,
        "min": -5.77646541595,
        "var": 0.955830097198
    },
    "erbbands_spread": {
        "dmean": 1.76615548134,
        "dmean2": 2.62485790253,
        "dvar": 6.33386087418,
        "dvar2": 11.8571538925,
        "max": 71.4874267578,
        "mean": 9.89468002319,
        "median": 9.03292942047,
        "min": 0.828006565571,
        "var": 24.4691104889
    },
    "hfc": {
        "dmean": 3.61335992813,
        "dmean2": 4.36269187927,
        "dvar": 149.225769043,
        "dvar2": 277.922668457,
        "max": 409.133148193,
        "mean": 9.79228687286,
        "median": 3.24478769302,
        "min": 1.31413412419e-06,
        "var": 443.494445801
    },
    "melbands_crest": {
        "dmean": 2.3064866066,
        "dmean2": 3.65215468407,
        "dvar": 6.99506282806,
        "dvar2": 15.0088644028,
        "max": 33.3603401184,
        "mean": 16.3741779327,
        "median": 15.3863592148,
        "min": 5.06659126282,
        "var": 32.0388565063
    },
    "melbands_flatness_db": {
        "dmean": 0.0180948674679,
        "dmean2": 0.0266890283674,
        "dvar": 0.000482348434161,
        "dvar2": 0.00100640370511,
        "max": 0.558999419212,
        "mean": 0.428517848253,
        "median": 0.433041125536,
        "min": 0.151227161288,
        "var": 0.00301072001457
    },
    "melbands_kurtosis": {
        "dmean": 2.26966071129,
        "dmean2": 3.52271223068,
        "dvar": 11.3968095779,
        "dvar2": 23.9627990723,
        "max": 59.0207252502,
        "mean": 5.90641212463,
        "median": 3.91235256195,
        "min": -1.85546207428,
        "var": 45.2076568604
    },
    "melbands_skewness": {
        "dmean": 0.404030382633,
        "dmean2": 0.614601433277,
        "dvar": 0.212298855186,
        "dvar2": 0.455271810293,
        "max": 5.24095344543,
        "mean": 1.23451793194,
        "median": 1.28330314159,
        "min": -3.19818282127,
        "var": 1.26339292526
    },
    "melbands_spread": {
        "dmean": 1.55802881718,
        "dmean2": 2.41483879089,
        "dvar": 6.48936462402,
        "dvar2": 14.4882173538,
        "max": 38.2034912109,
        "mean": 7.08824205399,
        "median": 5.63452720642,
        "min": 0.979615867138,
        "var": 27.0803089142
    },
    "pitch_salience": {
        "dmean": 0.0535705238581,
        "dmean2": 0.0840931907296,
        "dvar": 0.003602913348,
        "dvar2": 0.0082525415346,
        "max": 0.844120204449,
        "mean": 0.485604196787,
        "median": 0.484534323215,
        "min": 0.103167973459,
        "var": 0.0171563699841
    },
    "silence_rate_20dB": {
        "dmean": 0,
        "dmean2": 0,
        "dvar": 0,
        "dvar2": 0,
        "max": 1,
        "mean": 1,
        "median": 1,
        "min": 1,
        "var": 0
    },
    "silence_rate_30dB": {
        "dmean": 0.00852052681148,
        "dmean2": 0.0170476567,
        "dvar": 0.00844785664231,
        "dvar2": 0.0167569238693,
        "max": 1,
        "mean": 0.987224161625,
        "median": 1,
        "min": 0,
        "var": 0.0126127740368
    },
    "silence_rate_60dB": {
        "dmean": 0.0588690936565,
        "dmean2": 0.117783807218,
        "dvar": 0.0554020553827,
        "dvar2": 0.113985612988,
        "max": 1,
        "mean": 0.204413473606,
        "median": 0,
        "min": 0,
        "var": 0.162625685334
    },
    "spectral_centroid": {
        "dmean": 50.2577552795,
        "dmean2": 71.982460022,
        "dvar": 49316.8984375,
        "dvar2": 55576.6835938,
        "max": 10993.6572266,
        "mean": 521.500793457,
        "median": 447.190795898,
        "min": 227.405014038,
        "var": 88082.734375
    },
    "spectral_complexity": {
        "dmean": 1.4058868885,
        "dmean2": 2.22704386711,
        "dvar": 3.23882055283,
        "dvar2": 6.55684280396,
        "max": 31,
        "mean": 8.1351146698,
        "median": 7,
        "min": 0,
        "var": 16.8431453705
    },
    "spectral_decrease": {
        "dmean": 1.19124632381e-09,
        "dmean2": 1.5093010175e-09,
        "dvar": 7.67967798302e-18,
        "dvar2": 1.32361007933e-17,
        "max": -2.57524035759e-16,
        "mean": -3.81528764137e-09,
        "median": -1.97820959613e-09,
        "min": -6.68195383469e-08,
        "var": 2.98311107389e-17
    },
    "spectral_energy": {
        "dmean": 0.00482060248032,
        "dmean2": 0.00608669919893,
        "dvar": 0.000132222558022,
        "dvar2": 0.000229310011491,
        "max": 0.289301633835,
        "mean": 0.0152879422531,
        "median": 0.00781304761767,
        "min": 1.09115250169e-09,
        "var": 0.000502867333125
    },
    "spectral_energyband_high": {
        "dmean": 6.34455409454e-06,
        "dmean2": 8.840157534e-06,
        "dvar": 1.38090783253e-09,
        "dvar2": 2.93834578891e-09,
        "max": 0.00101874116808,
        "mean": 7.86421333032e-06,
        "median": 8.80030484041e-08,
        "min": 8.73012148683e-11,
        "var": 1.80157699869e-09
    },
    "spectral_energyband_low": {
        "dmean": 0.000168584898347,
        "dmean2": 0.00027862782008,
        "dvar": 7.0643750405e-08,
        "dvar2": 1.67326206224e-07,
        "max": 0.00551954377443,
        "mean": 0.000376569427317,
        "median": 0.000208282421227,
        "min": 3.0519139993e-10,
        "var": 2.19755037278e-07
    },
    "spectral_energyband_middle_high": {
        "dmean": 0.00174114317633,
        "dmean2": 0.00201815157197,
        "dvar": 6.33161253063e-05,
        "dvar2": 0.000116919589345,
        "max": 0.268801867962,
        "mean": 0.00391386961564,
        "median": 0.000399834971176,
        "min": 7.9934420194e-11,
        "var": 0.000181782437721
    },
    "spectral_energyband_middle_low": {
        "dmean": 0.00358672370203,
        "dmean2": 0.00467510381714,
        "dvar": 6.61618469167e-05,
        "dvar2": 0.000103553116787,
        "max": 0.181632757187,
        "mean": 0.0119329122826,
        "median": 0.00649868045002,
        "min": 6.27350227322e-10,
        "var": 0.000286758557195
    },
    "spectral_entropy": {
        "dmean": 0.175169959664,
        "dmean2": 0.249804884195,
        "dvar": 0.0496172308922,
        "dvar2": 0.100852683187,
        "max": 9.78634643555,
        "mean": 5.58480739594,
        "median": 5.54856491089,
        "min": 4.41752958298,
        "var": 0.201480686665
    },
    "spectral_flux": {
        "dmean": 0.0172885339707,
        "dmean2": 0.0272716246545,
        "dvar": 0.000830564531498,
        "dvar2": 0.00195819302462,
        "max": 0.418605148792,
        "mean": 0.0344886295497,
        "median": 0.0237200837582,
        "min": 3.30325965479e-05,
        "var": 0.00125977920834
    },
    "spectral_kurtosis": {
        "dmean": 25.0431480408,
        "dmean2": 43.2006645203,
        "dvar": 496.958740234,
        "dvar2": 1349.43457031,
        "max": 242.382324219,
        "mean": 79.6388092041,
        "median": 76.8033676147,
        "min": -1.21531915665,
        "var": 1869.47851562
    },
    "spectral_rms": {
        "dmean": 0.000511299585924,
        "dmean2": 0.000650298083201,
        "dvar": 6.54223640595e-07,
        "dvar2": 1.02259832602e-06,
        "max": 0.0168001633137,
        "mean": 0.0032636965625,
        "median": 0.00276088481769,
        "min": 1.03176500943e-06,
        "var": 4.2633605517e-06
    },
    "spectral_rolloff": {
        "dmean": 69.494720459,
        "dmean2": 124.276054382,
        "dvar": 24620.0273438,
        "dvar2": 53898.2539062,
        "max": 2110.25390625,
        "mean": 643.276977539,
        "median": 581.396484375,
        "min": 150.732421875,
        "var": 77264.2109375
    },
    "spectral_skewness": {
        "dmean": 1.42026269436,
        "dmean2": 2.48034238815,
        "dvar": 1.31944644451,
        "dvar2": 3.62569737434,
        "max": 12.4361982346,
        "mean": 6.25518798828,
        "median": 6.31063842773,
        "min": 0.0241592116654,
        "var": 5.33922433853
    },
    "spectral_spread": {
        "dmean": 285844.3125,
        "dmean2": 488575.34375,
        "dvar": 500936114176,
        "dvar2": 554962452480,
        "max": 40356724,
        "mean": 1109214.625,
        "median": 1040355.5625,
        "min": 352273.6875,
        "var": 747484479488
    },
    "spectral_strongpeak": {
        "dmean": 0.442723065615,
        "dmean2": 0.62064063549,
        "dvar": 1.06332242489,
        "dvar2": 1.82265365124,
        "max": 21.9760074615,
        "mean": 1.43152475357,
        "median": 0.740476131439,
        "min": 9.88328029052e-05,
        "var": 4.33282184601
    },
    "zerocrossingrate": {
        "dmean": 0.00213977624662,
        "dmean2": 0.00263512972742,
        "dvar": 6.90322713126e-06,
        "dvar2": 8.41807195684e-06,
        "max": 0.07275390625,
        "mean": 0.0241976156831,
        "median": 0.02197265625,
        "min": 0.005859375,
        "var": 8.9950110123e-05
    },
    "barkbands": {
        "dmean": [6.38525364138e-07, 6.62273232592e-05, 0.000100178323919, 0.000143663521158, 0.000773865845986, 0.000551732606255, 0.00060669699451, 0.000607455614954, 0.00105493306182, 0.000973389483988, 0.000364465231542, 0.000357926066499, 0.000126703060232, 0.000305366935208, 8.92256502993e-05, 4.64437762275e-05, 2.92309068755e-05, 1.16408918984e-05, 7.8273442341e-06, 6.13326847088e-06, 1.21453649626e-06, 4.6403010856e-07, 1.54077781644e-07, 1.1532634403e-08, 1.25555588149e-09, 6.50144549308e-10, 6.92736812358e-10],
        "dmean2": [1.09457744202e-06, 0.000112557157991, 0.000165597055457, 0.000236617139308, 0.00117661291733, 0.000760275870562, 0.000969676242676, 0.000875051715411, 0.00127057195641, 0.0010756701231, 0.000490374339279, 0.000398873555241, 0.000181968614925, 0.000398782867705, 0.000114330716315, 6.64224862703e-05, 4.24459321948e-05, 1.83523425221e-05, 1.16615492516e-05, 8.47162755235e-06, 1.78341940682e-06, 6.74560112657e-07, 2.0089055397e-07, 1.83096844353e-08, 2.14696593837e-09, 1.20706966644e-09, 1.28604460414e-09],
        "dvar": [2.01998769274e-12, 1.22067138619e-08, 3.23425268789e-08, 8.59699937905e-08, 1.89506272363e-06, 1.72318334535e-06, 3.70909992853e-06, 2.87709144686e-06, 3.20862527587e-05, 2.06900640478e-05, 6.45502041152e-06, 1.46467855302e-05, 1.4763161289e-06, 2.1107687644e-05, 1.67300811427e-07, 5.75125440605e-08, 1.77638366239e-08, 3.69641584008e-09, 1.58371149528e-09, 1.36912126081e-09, 5.37195912753e-11, 1.11596279093e-11, 1.09192960663e-12, 7.21434139506e-15, 2.89250687947e-18, 2.33771498147e-18, 2.65242535809e-18],
        "dvar2": [5.20240187735e-12, 3.39264722982e-08, 7.8058185693e-08, 2.54403715871e-07, 4.67011614091e-06, 3.32443846673e-06, 9.29634825297e-06, 5.53366635359e-06, 4.33593777416e-05, 2.59070748143e-05, 1.21651892186e-05, 1.70842231455e-05, 3.22768300975e-06, 4.67891404696e-05, 2.66103938884e-07, 1.02619083009e-07, 3.00486675542e-08, 8.56522319737e-09, 3.87514553779e-09, 2.95801227956e-09, 1.23019261444e-10, 2.52328592049e-11, 1.93957176708e-12, 1.95876165765e-14, 8.73457397358e-18, 7.78615101711e-18, 8.83631636175e-18],
        "max": [4.86586395709e-05, 0.00152933329809, 0.00333633646369, 0.00465875538066, 0.0223131887615, 0.0297793541104, 0.0406461209059, 0.0459849089384, 0.171864718199, 0.113556928933, 0.0772832557559, 0.199930250645, 0.0551848858595, 0.211932525039, 0.0106847817078, 0.00676224473864, 0.00512474356219, 0.00180094444659, 0.000934020848945, 0.000990952830762, 0.000209545149119, 8.86723355507e-05, 2.69884658337e-05, 2.5552385523e-06, 2.47130280684e-08, 1.93964240225e-08, 2.05164223388e-08],
        "mean": [6.73689044106e-07, 8.77052007127e-05, 0.000203967414564, 0.000326497567585, 0.00275032711215, 0.00169678824022, 0.00144433358219, 0.00155522779096, 0.00226380163804, 0.00249538640492, 0.0006609535194, 0.000794803374447, 0.000197433153517, 0.00045876976219, 0.000175192501047, 9.1362875537e-05, 4.63903670607e-05, 1.71301180671e-05, 1.12500229079e-05, 7.56552572057e-06, 1.62259721037e-06, 5.29022713636e-07, 2.50439995853e-07, 2.02922159076e-08, 2.75555134266e-09, 5.39774835939e-10, 5.81578840642e-10],
        "median": [3.55595432211e-07, 4.20973810833e-05, 5.99502891419e-05, 0.000137235445436, 0.00170286069624, 0.000690649612807, 0.000318824488204, 0.000538756139576, 0.00010599817324, 8.05999079603e-05, 3.11757721647e-05, 3.62229220627e-05, 1.17363251775e-05, 6.68266420689e-06, 1.97381577891e-05, 2.89791387331e-06, 2.51198662227e-06, 5.91000627992e-07, 3.88158269971e-07, 8.22022840907e-08, 1.42335059294e-08, 9.57458379247e-09, 9.48506695408e-09, 1.06861133276e-08, 2.30328622841e-09, 1.41818945476e-10, 1.57351326413e-10],
        "min": [1.77003793567e-11, 1.51266527082e-10, 1.22815674297e-10, 5.94153198863e-11, 1.91014898343e-10, 1.34209476865e-10, 3.37398511907e-11, 1.63643321116e-10, 4.46407875943e-11, 7.98990821421e-12, 4.46956360811e-12, 6.98958599332e-12, 8.15744260335e-12, 1.38926309692e-11, 5.46554294878e-12, 4.84847058335e-12, 7.36729774409e-12, 8.17198045344e-12, 3.99133981074e-12, 6.57395839154e-12, 9.94160222895e-12, 1.08786521458e-11, 1.5429893474e-11, 1.94614428739e-11, 1.42928256036e-11, 6.06946480922e-12, 8.7250007566e-12],
        "var": [1.85767221918e-12, 1.77735053342e-08, 1.17344761463e-07, 2.3165975449e-07, 9.73124588199e-06, 7.75296120992e-06, 1.2114830497e-05, 1.13312453323e-05, 0.0001203605716, 0.000101020028524, 1.48786939462e-05, 6.77095231367e-05, 2.27476243708e-06, 3.45824410033e-05, 4.60239306221e-07, 1.6074473308e-07, 5.67956845998e-08, 5.70069991213e-09, 2.41726172412e-09, 1.73185044083e-09, 6.59680851611e-11, 1.25264217402e-11, 2.4195049176e-12, 5.90400260148e-15, 4.3955443037e-18, 1.78715680065e-18, 2.0255155116e-18]
    },
    "erbbands": {
        "dmean": [0.00101745733991, 0.0186717007309, 0.0993341580033, 0.25785690546, 1.54364562035, 2.74913096428, 4.78805398941, 4.29686594009, 7.78774547577, 11.4678850174, 12.4649324417, 15.4210958481, 46.4628715515, 16.6403102875, 9.75361824036, 17.7719078064, 6.91363525391, 17.4659786224, 4.47292947769, 4.68835306168, 2.20238733292, 1.20859730244, 0.74051451683, 0.473155915737, 0.339944839478, 0.361427336931, 0.09232134372, 0.0406212843955, 0.0169708672911, 0.00732715893537, 0.00256537692621, 0.000622761494014, 0.000111112938612, 2.418571421e-05, 6.7281266638e-06, 4.2581264097e-06, 2.30327373174e-06, 7.38266521694e-07, 2.47386174124e-06, 5.59479940421e-06],
        "dmean2": [0.0016500223428, 0.0317918360233, 0.164810478687, 0.423733592033, 2.54941225052, 4.14521551132, 6.3102850914, 6.28954410553, 12.6704120636, 17.2369613647, 17.2588119507, 18.7301273346, 51.6759490967, 21.0741100311, 13.0558843613, 19.146282196, 9.28070545197, 22.8184909821, 5.88379001617, 5.79873943329, 3.10824966431, 1.75931370258, 1.14000141621, 0.744513571262, 0.482202380896, 0.498198777437, 0.131266310811, 0.0572770126164, 0.0248306524009, 0.00995334237814, 0.00354879768565, 0.000970439170487, 0.000179280643351, 3.93248701585e-05, 1.0729272617e-05, 6.46372427582e-06, 3.37343340107e-06, 1.10545636289e-06, 3.09836650558e-06, 7.03585237716e-06],
        "dvar": [2.36413757193e-06, 0.000983192468993, 0.0304501038045, 0.197472453117, 9.02379417419, 35.2231178284, 88.100692749, 131.879821777, 701.607971191, 1398.97802734, 959.181945801, 4344.47900391, 44409.4140625, 8375.93066406, 3114.47900391, 38837.609375, 3329.79394531, 73889.8125, 557.474121094, 955.512084961, 74.5322875977, 24.3450183868, 15.0027627945, 4.86521673203, 4.08556890488, 5.96370363235, 0.243347406387, 0.0530105866492, 0.0092230187729, 0.00173657445703, 0.000228353470447, 1.49127108671e-05, 2.49887818882e-07, 2.16711182333e-09, 2.47897313788e-10, 1.05332208233e-10, 3.223758413e-11, 4.34141351341e-12, 3.94800823977e-11, 1.89372947879e-10],
        "dvar2": [5.77843275096e-06, 0.00273232790641, 0.0756919085979, 0.511799693108, 28.1699810028, 86.1298904419, 151.002639771, 271.28918457, 1819.73205566, 3153.36474609, 1731.84875488, 6198.68603516, 61053.3398438, 14460.3886719, 6772.49072266, 45264.0351562, 7150.32763672, 164381.953125, 1052.79260254, 1447.70007324, 140.450393677, 43.0748519897, 33.1456298828, 13.5256290436, 9.15265083313, 12.7178192139, 0.548035621643, 0.118808470666, 0.0209478717297, 0.00334822083823, 0.000462113734102, 3.75881936634e-05, 6.642497965e-07, 5.56627455239e-09, 5.87646820094e-10, 2.274221228e-10, 6.48719203356e-11, 9.03277279363e-12, 6.92943272207e-11, 3.31157407052e-10],
        "max": [0.0224737841636, 0.463763833046, 2.88986682892, 8.30289745331, 43.8772125244, 115.409599304, 165.002807617, 253.025146484, 707.337524414, 871.072692871, 551.395080566, 1916.29858398, 4500.75146484, 2940.71923828, 1410.20410156, 10348.6132812, 2529.07348633, 12705.5615234, 758.57989502, 1103.51660156, 166.905288696, 160.122802734, 129.652038574, 63.7497291565, 58.02318573, 69.4513015747, 13.6472797394, 6.20315122604, 2.36673259735, 0.957895100117, 0.325041085482, 0.102091036737, 0.0120970187709, 0.00107283692341, 0.000383042206522, 0.000271130615147, 0.000158599024871, 6.73752729199e-05, 0.000174424931174, 0.000363266619388],
        "mean": [0.00137980515137, 0.0269159544259, 0.198335692286, 0.639263153076, 3.41531658173, 10.1308908463, 16.183429718, 12.8244409561, 18.9186687469, 29.2307548523, 31.6196880341, 37.7659759521, 115.211578369, 37.5957679749, 19.7695102692, 39.880191803, 12.1003665924, 26.2787818909, 8.35631275177, 9.42794704437, 4.196788311, 2.06399250031, 1.10259914398, 0.714245438576, 0.457137078047, 0.422548264265, 0.124363265932, 0.0529518723488, 0.0215375069529, 0.0112240798771, 0.00392077723518, 0.000931062968448, 0.000259828200797, 7.18100200174e-05, 1.59973187692e-05, 1.06482730189e-05, 6.14717964709e-06, 1.67123710071e-06, 7.69425969338e-06, 1.75421555468e-05],
        "median": [0.000746583857108, 0.0132863549516, 0.0730834379792, 0.385598570108, 2.01459145546, 5.26476573944, 8.62276649475, 4.40190935135, 5.44723081589, 6.21296405792, 12.238694191, 3.81273698807, 2.85980224609, 2.89053368568, 1.80063295364, 1.98419678211, 0.889802873135, 0.63116055727, 0.959463357925, 0.764114141464, 0.261293202639, 0.154162704945, 0.0554704554379, 0.0303750056773, 0.0144682191312, 0.00467708799988, 0.00132832874078, 0.00057336158352, 0.000369748275261, 0.000303850829368, 0.000278601393802, 0.000235563406022, 0.000175612876774, 5.59950240131e-05, 7.56919052947e-06, 4.80839344164e-06, 2.78176912616e-06, 5.58881481538e-07, 3.75477770831e-06, 8.74961460795e-06],
        "min": [4.87161999629e-09, 3.29720464265e-08, 1.24108154864e-07, 1.66357025932e-07, 5.39106622455e-07, 4.05463566722e-07, 1.59653870924e-06, 5.43961675703e-07, 4.26765325301e-07, 6.91708635259e-07, 4.6586692406e-06, 1.18694606499e-06, 1.66966259485e-07, 3.83220111644e-07, 1.31250487811e-07, 3.00984311252e-07, 3.24947365016e-07, 9.43840007039e-07, 2.82574887933e-07, 1.92953720557e-07, 3.84872066661e-07, 3.58057434369e-07, 4.14775144009e-07, 2.21036856374e-07, 3.5093253814e-07, 3.7539183495e-07, 3.78727804673e-07, 4.23830925911e-07, 2.75980454489e-07, 4.71952574799e-07, 4.94743289892e-07, 4.34316916653e-07, 2.91501550009e-07, 1.74933077801e-07, 9.2197211643e-08, 2.64797588301e-08, 1.25091750292e-08, 3.57777030224e-09, 1.10881404058e-09, 1.42428652206e-10],
        "var": [3.75651143258e-06, 0.00151032174472, 0.0895577892661, 0.615110635757, 17.9462108612, 165.620010376, 435.183227539, 569.319396973, 2179.06616211, 4669.92626953, 3430.87060547, 17217.5292969, 200655.796875, 26092.8925781, 7109.94970703, 177660.65625, 5955.76367188, 118408.101562, 1341.65722656, 2759.95800781, 218.449356079, 75.3528671265, 23.1834278107, 6.94128370285, 5.29206705093, 7.3819642067, 0.328292518854, 0.0679186806083, 0.0115760080516, 0.00345352711156, 0.000428580882726, 1.67110647453e-05, 2.38489064941e-07, 4.1230414638e-09, 6.82427836463e-10, 3.25646759558e-10, 1.06509537301e-10, 1.23995371262e-11, 1.43715747636e-10, 7.01720737073e-10]
    },
    "gfcc": {
        "mean": [-212.153045654, 226.708908081, -131.040786743, -32.7879676819, -45.6358261108, -24.5973796844, -33.2792205811, -21.093170166, -3.66700172424, -24.0526599884, -2.22735786438, -18.8815174103, 1.428206563],
        "cov": [[6488.34912109, -407.361541748, -2198.6887207, 380.09954834, 620.283813477, -629.791992188, 861.30859375, 55.0222702026, -262.903259277, 81.8625259399, -298.687347412, 46.4821281433, -67.871711731], [-407.361541748, 505.674438477, 474.515991211, -242.535995483, 14.7262887955, 7.00363254547, -263.178222656, -47.9070320129, -10.5198278427, -31.1994152069, 92.1254501343, -6.67900800705, -3.31654119492], [-2198.6887207, 474.515991211, 1281.77038574, -286.033599854, -284.392974854, 246.128845215, -448.603363037, -116.339935303, 72.3291320801, -87.8608016968, 102.316253662, -25.7881336212, 18.124917984], [380.09954834, -242.535995483, -286.033599854, 372.077301025, 72.1498336792, 6.77693223953, 223.658920288, 33.9163208008, -0.278736978769, 41.022567749, -58.1957054138, -36.2797660828, -17.8988342285], [620.283813477, 14.7262887955, -284.392974854, 72.1498336792, 251.873840332, -55.2163467407, 58.5338096619, 46.4195022583, -37.0936203003, 35.5830078125, -2.9866027832, -2.49661278725, -22.020904541], [-629.791992188, 7.00363254547, 246.128845215, 6.77693223953, -55.2163467407, 219.229141235, -10.7451515198, -14.6518611908, 56.0595703125, -27.9341716766, -8.15853500366, -10.8088560104, 11.7701473236], [861.30859375, -263.178222656, -448.603363037, 223.658920288, 58.5338096619, -10.7451515198, 367.207061768, 101.039581299, -2.67457675934, 27.9981460571, -112.693939209, -20.3538455963, -7.42166757584], [55.0222702026, -47.9070320129, -116.339935303, 33.9163208008, 46.4195022583, -14.6518611908, 101.039581299, 167.502609253, 53.7136611938, 11.3497209549, 8.55179595947, -16.1862716675, -24.5911903381], [-262.903259277, -10.5198278427, 72.3291320801, -0.278736978769, -37.0936203003, 56.0595703125, -2.67457675934, 53.7136611938, 102.414505005, 19.8968315125, 5.16159391403, -6.0096821785, -8.57736682892], [81.8625259399, -31.1994152069, -87.8608016968, 41.022567749, 35.5830078125, -27.9341716766, 27.9981460571, 11.3497209549, 19.8968315125, 100.430030823, 45.0768470764, -3.95217299461, -8.74840736389], [-298.687347412, 92.1254501343, 102.316253662, -58.1957054138, -2.9866027832, -8.15853500366, -112.693939209, 8.55179595947, 5.16159391403, 45.0768470764, 163.605606079, 47.8631706238, -15.5393648148], [46.4821281433, -6.67900800705, -25.7881336212, -36.2797660828, -2.49661278725, -10.8088560104, -20.3538455963, -16.1862716675, -6.0096821785, -3.95217299461, 47.8631706238, 105.480354309, 43.193611145], [-67.871711731, -3.31654119492, 18.124917984, -17.8988342285, -22.020904541, 11.7701473236, -7.42166757584, -24.5911903381, -8.57736682892, -8.74840736389, -15.5393648148, 43.193611145, 99.3550872803]],
        "icov": [[0.000889687624294, -0.000721836870071, 0.00075384543743, 0.000637590012047, -0.00130289176013, 0.00199229689315, -0.00284021347761, 0.00263564009219, -0.00158196128905, 0.00158396060579, -0.000618782825768, 0.000108151158202, 0.00033550785156], [-0.000721836870071, 0.00798978470266, -0.00465253461152, 0.00331738870591, -0.00559321790934, 0.00298130861484, -0.00195726705715, 0.00275947898626, -0.00330942962319, 0.00389480171725, -0.00579691398889, 0.00476285535842, -0.00275610736571], [0.00075384543743, -0.00465253461152, 0.00576656358317, -0.00173295638524, 0.00498823355883, -0.00389234861359, 0.00402103643864, -0.00227148248814, 0.00288956915028, -0.00225927797146, 0.00388962868601, -0.00212202128023, 0.00188174832147], [0.000637590012047, 0.00331738870591, -0.00173295638524, 0.0075006801635, -0.00599332340062, 0.00424222275615, -0.00883519742638, 0.00750717800111, -0.00590844545513, 0.00483137508854, -0.00614343211055, 0.00515595404431, -0.00170613429509], [-0.00130289176013, -0.00559321790934, 0.00498823355883, -0.00599332340062, 0.0163885820657, -0.0107257179916, 0.0144446957856, -0.0151589512825, 0.0145422685891, -0.0130906160921, 0.0118721006438, -0.00776295550168, 0.00449805473909], [0.00199229689315, 0.00298130861484, -0.00389234861359, 0.00424222275615, -0.0107257179916, 0.0182163305581, -0.0164940971881, 0.016249826178, -0.0167142190039, 0.0141686685383, -0.0114132035524, 0.00708456849679, -0.00387091608718], [-0.00284021347761, -0.00195726705715, 0.00402103643864, -0.00883519742638, 0.0144446957856, -0.0164940971881, 0.0292641706765, -0.0246225483716, 0.0200429186225, -0.0188738815486, 0.0192483216524, -0.0105908494443, 0.00459961313754], [0.00263564009219, 0.00275947898626, -0.00227148248814, 0.00750717800111, -0.0151589512825, 0.016249826178, -0.0246225483716, 0.0316390432417, -0.0256552137434, 0.0209117420018, -0.0198240671307, 0.0126551017165, -0.00460953265429], [-0.00158196128905, -0.00330942962319, 0.00288956915028, -0.00590844545513, 0.0145422685891, -0.0167142190039, 0.0200429186225, -0.0256552137434, 0.0349971540272, -0.0227287858725, 0.0192235019058, -0.0127856982872, 0.0071528586559], [0.00158396060579, 0.00389480171725, -0.00225927797146, 0.00483137508854, -0.0130906160921, 0.0141686685383, -0.0188738815486, 0.0209117420018, -0.0227287858725, 0.0321409665048, -0.0229556839913, 0.0147442491725, -0.00745167629793], [-0.000618782825768, -0.00579691398889, 0.00388962868601, -0.00614343211055, 0.0118721006438, -0.0114132035524, 0.0192483216524, -0.0198240671307, 0.0192235019058, -0.0229556839913, 0.0299374610186, -0.0192293860018, 0.0107624158263], [0.000108151158202, 0.00476285535842, -0.00212202128023, 0.00515595404431, -0.00776295550168, 0.00708456849679, -0.0105908494443, 0.0126551017165, -0.0127856982872, 0.0147442491725, -0.0192293860018, 0.0250449273735, -0.0123709831387], [0.00033550785156, -0.00275610736571, 0.00188174832147, -0.00170613429509, 0.00449805473909, -0.00387091608718, 0.00459961313754, -0.00460953265429, 0.0071528586559, -0.00745167629793, 0.0107624158263, -0.0123709831387, 0.0172324609011]]
    },
    "melbands": {
        "dmean": [1.38187087941e-05, 4.12721055909e-05, 7.89812329458e-05, 0.000149331841385, 0.000162701297086, 0.000104369442852, 0.000116254486784, 0.000127222810988, 0.000100147044577, 0.000125913546071, 0.000231799000176, 6.20224018348e-05, 3.98699485231e-05, 3.84092163586e-05, 2.75358506769e-05, 2.17877550313e-05, 3.20755789289e-05, 6.36180311631e-06, 6.71796078677e-06, 4.72848796562e-06, 2.54891574514e-06, 1.46483296248e-06, 7.90106753357e-07, 6.31266118489e-07, 3.85172228334e-07, 2.4128760856e-07, 2.15282796034e-07, 2.45632890028e-07, 5.98849183575e-08, 2.99892981559e-08, 2.34520971532e-08, 1.13432641058e-08, 4.25159374373e-09, 4.71854288975e-09, 1.74624659177e-09, 7.3040268278e-10, 2.30588548256e-10, 7.95331925318e-11, 4.22606671879e-11, 1.26155518324e-11],
        "dmean2": [2.31364101637e-05, 6.85613049427e-05, 0.000128728788695, 0.000239028973738, 0.00021895019745, 0.000154804030899, 0.000187106779777, 0.000190357168321, 0.000136741276947, 0.000150432417286, 0.000256779254414, 7.8507939179e-05, 5.47106392332e-05, 4.50094994449e-05, 3.24514076055e-05, 2.98399336316e-05, 4.18372619606e-05, 8.64098274178e-06, 8.49800107972e-06, 5.91500520386e-06, 3.72709928342e-06, 2.13295379581e-06, 1.18331604426e-06, 1.00368299627e-06, 6.11839425346e-07, 3.37716215881e-07, 3.05386549826e-07, 3.41971599482e-07, 8.5940307315e-08, 4.26769162232e-08, 3.35756915604e-08, 1.62172355544e-08, 6.95225876868e-09, 6.05726935277e-09, 2.47134068765e-09, 1.15819598356e-09, 3.7933381436e-10, 1.31969657424e-10, 7.10116895841e-11, 2.14103023505e-11],
        "dvar": [4.8795206764e-10, 4.87975926333e-09, 2.00301517594e-08, 8.74682513086e-08, 9.37953998914e-08, 7.19600450338e-08, 1.43855800161e-07, 1.72238614482e-07, 7.70214114709e-08, 4.05229883427e-07, 1.1000665836e-06, 1.25895681435e-07, 6.92239794375e-08, 1.68340065443e-07, 6.15020638861e-08, 1.22437370464e-07, 2.2467963845e-07, 1.60585944542e-09, 8.71839545002e-10, 1.06363795549e-09, 1.17867465788e-10, 4.79920547747e-11, 1.83517558788e-11, 1.1558073075e-11, 3.88600436552e-12, 2.09729521077e-12, 1.1863279456e-12, 3.05288346686e-12, 1.4237833731e-13, 2.69425984751e-14, 2.78003108137e-14, 6.35833540428e-15, 1.30991982991e-15, 1.02177796186e-15, 1.13831381353e-16, 1.76847261041e-17, 4.62772935215e-18, 1.05997056268e-19, 2.17401208022e-20, 2.85590316397e-22],
        "dvar2": [1.29606536614e-09, 1.23410570652e-08, 6.14530861753e-08, 2.42280265184e-07, 1.69289776863e-07, 1.55963689963e-07, 3.64414489695e-07, 3.68327306433e-07, 1.27171404074e-07, 5.65974744404e-07, 1.50558241785e-06, 2.16035218159e-07, 1.54895744231e-07, 2.00342043399e-07, 8.04998734338e-08, 2.74012677437e-07, 4.94295591125e-07, 2.99028179995e-09, 1.34776068084e-09, 1.63446067791e-09, 2.31439423182e-10, 8.02945557266e-11, 4.08891982773e-11, 2.83665087947e-11, 1.09749353702e-11, 4.68158801656e-12, 2.76047479146e-12, 6.5089786859e-12, 3.2166462419e-13, 5.5115563128e-14, 6.42807272797e-14, 1.40989938501e-14, 3.4256506899e-15, 1.76837831843e-15, 2.32624681711e-16, 3.85618432857e-17, 1.30098429075e-17, 2.78030474076e-19, 6.45562058451e-20, 8.65322302378e-22],
        "max": [0.000262107088929, 0.00116253923625, 0.00254189316183, 0.00564584601671, 0.00571072474122, 0.00566939543933, 0.00947927962989, 0.0108518833295, 0.00604093819857, 0.0191140379757, 0.0223046354949, 0.0108851380646, 0.00696919765323, 0.0210344009101, 0.0124047072604, 0.0166945140809, 0.0216475203633, 0.00163201219402, 0.000851685530506, 0.00112301961053, 0.000262698653387, 0.000262409274001, 0.000108321466541, 8.82163221831e-05, 5.91633615841e-05, 3.97251060349e-05, 2.49278273259e-05, 4.97391192766e-05, 1.06744500954e-05, 4.29622787124e-06, 5.10730069436e-06, 2.22473818212e-06, 1.08945334887e-06, 8.59692988797e-07, 2.3468625443e-07, 8.41176088784e-08, 6.92676280778e-08, 6.93656643236e-09, 5.05462027789e-09, 3.03494174236e-10],
        "mean": [1.8373824787e-05, 7.96949316282e-05, 0.000186032382771, 0.000451740168501, 0.000591863994487, 0.00030102909659, 0.000290482392302, 0.00032730869134, 0.000247792166192, 0.000291621603537, 0.000572159478907, 0.000138058516313, 7.29068124201e-05, 8.75316691236e-05, 5.73281067773e-05, 3.25863984472e-05, 4.82661416754e-05, 1.14403737825e-05, 1.34655701913e-05, 9.32139937504e-06, 4.47895899924e-06, 2.45638170782e-06, 1.06078141471e-06, 9.00603424725e-07, 5.72015949274e-07, 3.48230145164e-07, 2.66599869292e-07, 2.80050358015e-07, 8.20260552814e-08, 4.21770955938e-08, 2.75805067673e-08, 1.36507116721e-08, 4.99513719276e-09, 7.69272112677e-09, 2.64256883042e-09, 9.94054505377e-10, 3.2773520009e-10, 1.73199871112e-10, 1.11345287157e-10, 2.55803642157e-11],
        "median": [9.32805323828e-06, 3.03926608467e-05, 0.000118934411148, 0.000262260087766, 0.000340899132425, 0.000106764135126, 7.71776176407e-05, 7.17150323908e-05, 8.10302881291e-05, 1.53265427798e-05, 1.1898971934e-05, 9.87636121863e-06, 4.0367604015e-06, 4.55293366031e-06, 2.53493544733e-06, 1.13148996661e-06, 8.07126014024e-07, 9.33045555485e-07, 1.54905990257e-06, 3.36501329912e-07, 1.85571124689e-07, 1.35997851203e-07, 4.70671821517e-08, 3.06278558071e-08, 1.93941254167e-08, 8.90693652167e-09, 5.52813617105e-09, 1.64845470607e-09, 6.3990585053e-10, 3.41790901137e-10, 2.70047595397e-10, 2.05074512927e-10, 1.66821723102e-10, 1.61543375898e-10, 1.5546809673e-10, 1.44804460089e-10, 1.37408223688e-10, 1.24658824929e-10, 9.65375140938e-11, 2.10441854914e-11],
        "min": [4.32353076951e-11, 5.87363838123e-11, 4.23953649964e-11, 3.39707185992e-11, 4.61629623416e-11, 1.53482521831e-11, 6.4020919642e-12, 1.07168718344e-11, 3.72179509434e-11, 5.01436826089e-12, 6.08818280078e-13, 1.57791152106e-12, 4.76678375591e-13, 7.18530541056e-13, 5.50665578674e-13, 1.3794537344e-12, 1.62478255676e-12, 3.6547717977e-13, 3.57220709176e-13, 1.67592597244e-13, 5.68910044942e-13, 3.83524429663e-13, 2.65760585197e-13, 5.18677657248e-13, 1.24264829112e-13, 1.51349785027e-13, 3.3158840799e-13, 2.21892315177e-13, 2.24579388289e-13, 2.11244053933e-13, 2.6575974494e-13, 1.22725831234e-13, 2.47729110446e-13, 2.34946041571e-13, 2.65250359654e-13, 3.53193277576e-13, 2.14223617686e-13, 2.11999241404e-13, 1.55682460196e-13, 1.57096449564e-13],
        "var": [7.12807424197e-10, 1.36256472771e-08, 4.52621087277e-08, 3.22136259001e-07, 5.05424964103e-07, 2.8863499324e-07, 4.85369128e-07, 6.24414667527e-07, 2.81558897086e-07, 1.54948406816e-06, 4.9930122259e-06, 4.15250838159e-07, 1.31890260491e-07, 7.77354102866e-07, 2.59197975083e-07, 1.87181058209e-07, 3.72070218191e-07, 3.904362611e-09, 2.48626563781e-09, 3.13593839785e-09, 3.34380662048e-10, 1.62119304092e-10, 2.37710632428e-11, 1.66661615064e-11, 5.25585477917e-12, 3.23990942581e-12, 1.42219894715e-12, 3.74369849357e-12, 2.0194501453e-13, 3.96750334138e-14, 3.28063043311e-14, 7.54131390039e-15, 1.128135548e-15, 2.30047541617e-15, 2.10771522839e-16, 2.75728481096e-17, 3.46651852579e-18, 9.53988822174e-20, 1.54961479484e-20, 4.22617828527e-22]
    },
    "mfcc": {
        "mean": [-835.330810547, 232.321502686, 1.48939359188, -13.4159555435, -1.11052656174, -12.7514667511, -16.3890991211, -11.6166982651, -6.36327075958, -4.32237434387, -8.06045722961, -9.10295677185, -4.19318199158],
        "cov": [[4774.34863281, 677.044799805, -2351.68286133, 570.076660156, -141.727294922, -177.140319824, 277.821563721, 210.985305786, 85.4892501831, 112.950294495, 7.78140830994, -88.2542495728, -46.2720031738], [677.044799805, 729.40625, -56.6639404297, -166.602203369, 146.707366943, -80.8979873657, -62.1674346924, -36.0969047546, -103.274581909, -68.3797531128, -28.5410232544, -38.6939888, 7.36701583862], [-2351.68286133, -56.6639404297, 1517.14868164, -330.182952881, 26.1581020355, 150.479782104, -197.352844238, -143.348175049, -79.5550079346, -75.1079559326, -30.600730896, -25.5428600311, -16.4280509949], [570.076660156, -166.602203369, -330.182952881, 310.913757324, -39.9274291992, -8.67076396942, 113.120651245, 25.0158824921, 48.8725814819, 62.7582969666, 20.9746818542, 19.6761207581, 4.08815431595], [-141.727294922, 146.707366943, 26.1581020355, -39.9274291992, 226.927398682, -11.7026844025, -20.6610736847, -15.1967163086, -58.5487098694, -33.3147735596, 14.7488460541, 46.9689598083, 45.6905288696], [-177.140319824, -80.8979873657, 150.479782104, -8.67076396942, -11.7026844025, 174.063095093, 26.2692070007, -17.7229633331, 33.5189666748, 6.64151000977, -1.72788870335, -7.78820466995, -39.0198707581], [277.821563721, -62.1674346924, -197.352844238, 113.120651245, -20.6610736847, 26.2692070007, 141.347305298, 43.1314125061, 45.8118362427, 43.5358314514, 7.39088964462, 24.447883606, 10.4203920364], [210.985305786, -36.0969047546, -143.348175049, 25.0158824921, -15.1967163086, -17.7229633331, 43.1314125061, 158.904586792, 87.3084793091, 31.7152137756, 15.6514997482, -18.6870307922, 2.90867757797], [85.4892501831, -103.274581909, -79.5550079346, 48.8725814819, -58.5487098694, 33.5189666748, 45.8118362427, 87.3084793091, 173.974090576, 78.7844772339, 0.358635216951, -10.8597335815, -37.7223358154], [112.950294495, -68.3797531128, -75.1079559326, 62.7582969666, -33.3147735596, 6.64151000977, 43.5358314514, 31.7152137756, 78.7844772339, 132.417160034, 53.0072135925, -16.752571106, -20.3435497284], [7.78140830994, -28.5410232544, -30.600730896, 20.9746818542, 14.7488460541, -1.72788870335, 7.39088964462, 15.6514997482, 0.358635216951, 53.0072135925, 120.850334167, 49.4365692139, -22.0868473053], [-88.2542495728, -38.6939888, -25.5428600311, 19.6761207581, 46.9689598083, -7.78820466995, 24.447883606, -18.6870307922, -10.8597335815, -16.752571106, 49.4365692139, 142.098678589, 57.5055427551], [-46.2720031738, 7.36701583862, -16.4280509949, 4.08815431595, 45.6905288696, -39.0198707581, 10.4203920364, 2.90867757797, -37.7223358154, -20.3435497284, -22.0868473053, 57.5055427551, 152.098770142]],
