{
"lowlevel": {
    "average_loudness": 0.983523309231,
    "barkbands_crest": {
        "dmean": 2.14316296577,
        "dmean2": 3.55590581894,
        "dvar": 3.78338670731,
        "dvar2": 9.56165790558,
        "max": 22.5670185089,
        "mean": 10.745018959,
        "median": 10.110496521,
        "min": 4.38709211349,
        "var": 10.7656393051
    },
    "barkbands_flatness_db": {
        "dmean": 0.0205709077418,
        "dmean2": 0.0324329063296,
        "dvar": 0.000294653611491,
        "dvar2": 0.000719364965335,
        "max": 0.414287000895,
        "mean": 0.254417032003,
        "median": 0.252140671015,
        "min": 0.132385477424,
        "var": 0.00158510974143
    },
    "barkbands_kurtosis": {
        "dmean": 4.56541967392,
        "dmean2": 7.40457868576,
        "dvar": 41.4582557678,
        "dvar2": 104.140403748,
        "max": 66.5145797729,
        "mean": 10.2465143204,
        "median": 8.36517524719,
        "min": -1.71210885048,
        "var": 97.3359222412
    },
    "barkbands_skewness": {
        "dmean": 0.55213534832,
        "dmean2": 0.871827304363,
        "dvar": 0.375877350569,
        "dvar2": 0.889352798462,
        "max": 7.28507518768,
        "mean": 2.2333137989,
        "median": 2.33370900154,
        "min": -0.540364444256,
        "var": 1.61624181271
    },
    "barkbands_spread": {
        "dmean": 2.31835699081,
        "dmean2": 3.5576274395,
        "dvar": 16.8655090332,
        "dvar2": 31.7836055756,
        "max": 74.2808532715,
        "mean": 8.29316520691,
        "median": 6.99803209305,
        "min": 1.40133178234,
        "var": 37.7414627075
    },
    "dissonance": {
        "dmean": 0.0289981607348,
        "dmean2": 0.0479876771569,
        "dvar": 0.000825974857435,
        "dvar2": 0.00211034109816,
        "max": 0.497381091118,
        "mean": 0.410667359829,
        "median": 0.424035251141,
        "min": 0.174595162272,
        "var": 0.00299633690156
    },
    "dynamic_complexity": 1.35283112526,
    "erbbands_crest": {
        "dmean": 2.3936445713,
        "dmean2": 3.86212921143,
        "dvar": 6.07004737854,
        "dvar2": 14.918006897,
        "max": 27.414768219,
        "mean": 11.8900995255,
        "median": 10.9660310745,
        "min": 3.30892682076,
        "var": 21.9259757996
    },
    "erbbands_flatness_db": {
        "dmean": 0.0162291806191,
        "dmean2": 0.0228497423232,
        "dvar": 0.000269147683866,
        "dvar2": 0.00046939929598,
        "max": 0.366502791643,
        "mean": 0.236156672239,
        "median": 0.237365961075,
        "min": 0.10942427814,
        "var": 0.00211193482392
    },
    "erbbands_kurtosis": {
        "dmean": 1.45471954346,
        "dmean2": 2.26354146004,
        "dvar": 4.29132556915,
        "dvar2": 9.94856929779,
        "max": 28.3259277344,
        "mean": 2.83993792534,
        "median": 1.69602918625,
        "min": -1.80872738361,
        "var": 20.7257328033
    },
    "erbbands_skewness": {
        "dmean": 0.371231585741,
        "dmean2": 0.56748521328,
        "dvar": 0.147150740027,
        "dvar2": 0.322010189295,
        "max": 4.7943520546,
        "mean": 1.03517448902,
        "median": 0.943277835846,
        "min": -1.77970135212,
        "var": 0.950685739517
    },
    "erbbands_spread": {
        "dmean": 6.55788660049,
        "dmean2": 9.3123216629,
        "dvar": 129.078460693,
        "dvar2": 207.944778442,
        "max": 162.473693848,
        "mean": 29.9003829956,
        "median": 23.3135261536,
        "min": 3.60084867477,
        "var": 528.568054199
    },
    "hfc": {
        "dmean": 3.52384328842,
        "dmean2": 5.30211734772,
        "dvar": 27.2578792572,
        "dvar2": 55.9542350769,
        "max": 121.582092285,
        "mean": 17.7599811554,
        "median": 16.7255725861,
        "min": 0.000404261401854,
        "var": 86.7733612061
    },
    "melbands_crest": {
        "dmean": 3.09274578094,
        "dmean2": 5.17590761185,
        "dvar": 7.57701158524,
        "dvar2": 21.4708328247,
        "max": 30.9645042419,
        "mean": 14.988492012,
        "median": 14.3894071579,
        "min": 5.42201423645,
        "var": 18.2345981598
    },
    "melbands_flatness_db": {
        "dmean": 0.0221355855465,
        "dmean2": 0.0333543345332,
        "dvar": 0.000418389769038,
        "dvar2": 0.000935136748012,
        "max": 0.517711520195,
        "mean": 0.306268393993,
        "median": 0.303083568811,
        "min": 0.138954490423,
        "var": 0.00243831588887
    },
    "melbands_kurtosis": {
        "dmean": 8.68115329742,
        "dmean2": 14.0691080093,
        "dvar": 218.406158447,
        "dvar2": 539.263977051,
        "max": 187.68800354,
        "mean": 20.0858612061,
        "median": 14.9762878418,
        "min": -1.5186971426,
        "var": 473.700958252
    },
    "melbands_skewness": {
        "dmean": 0.697857201099,
        "dmean2": 1.0903699398,
        "dvar": 0.717865407467,
        "dvar2": 1.51663470268,
        "max": 10.7961912155,
        "mean": 2.91253685951,
        "median": 2.74450778961,
        "min": -0.374109476805,
        "var": 3.52553462982
    },
    "melbands_spread": {
        "dmean": 2.04403829575,
        "dmean2": 3.13004589081,
        "dvar": 8.90890598297,
        "dvar2": 18.522108078,
        "max": 66.2035903931,
        "mean": 8.48965454102,
        "median": 7.33665990829,
        "min": 1.66715598106,
        "var": 26.6024494171
    },
    "pitch_salience": {
        "dmean": 0.061532124877,
        "dmean2": 0.102565720677,
        "dvar": 0.00327969784848,
        "dvar2": 0.00902074947953,
        "max": 0.807356178761,
        "mean": 0.519912779331,
        "median": 0.515529036522,
        "min": 0.204611942172,
        "var": 0.00880117993802
    },
    "silence_rate_20dB": {
        "dmean": 0,
        "dmean2": 0,
        "dvar": 0,
        "dvar2": 0,
        "max": 1,
        "mean": 1,
        "median": 1,
        "min": 1,
        "var": 0
    },
    "silence_rate_30dB": {
        "dmean": 0,
        "dmean2": 0,
        "dvar": 0,
        "dvar2": 0,
        "max": 1,
        "mean": 1,
        "median": 1,
        "min": 1,
        "var": 0
    },
    "silence_rate_60dB": {
        "dmean": 0.00155038759112,
        "dmean2": 0.00310318078846,
        "dvar": 0.00154796463903,
        "dvar2": 0.00309357629158,
        "max": 1,
        "mean": 0.0154918665066,
        "median": 0,
        "min": 0,
        "var": 0.0152521906421
    },
    "spectral_centroid": {
        "dmean": 88.4219360352,
        "dmean2": 138.783691406,
        "dvar": 19457.6953125,
        "dvar2": 38516.3945312,
        "max": 2778.66503906,
        "mean": 540.991699219,
        "median": 489.032867432,
        "min": 226.611984253,
        "var": 55707.2851562
    },
    "spectral_complexity": {
        "dmean": 1.76279067993,
        "dmean2": 2.8572537899,
        "dvar": 2.70496797562,
        "dvar2": 5.98581409454,
        "max": 34,
        "mean": 12.2672348022,
        "median": 12,
        "min": 0,
        "var": 14.5908584595
    },
    "spectral_decrease": {
        "dmean": 2.67132782561e-09,
        "dmean2": 4.4514694153e-09,
        "dvar": 6.58962681642e-18,
        "dvar2": 1.84099732497e-17,
        "max": -1.69103365208e-13,
        "mean": -1.20140617454e-08,
        "median": -1.22828369697e-08,
        "min": -2.47088607352e-08,
        "var": 1.68161699173e-17
    },
    "spectral_energy": {
        "dmean": 0.0102873444557,
        "dmean2": 0.0171309448779,
        "dvar": 9.75939183263e-05,
        "dvar2": 0.000272181816399,
        "max": 0.0974039584398,
        "mean": 0.0469548031688,
        "median": 0.0479149594903,
        "min": 6.74899752084e-07,
        "var": 0.000256064493442
    },
    "spectral_energyband_high": {
        "dmean": 0.000138118615723,
        "dmean2": 0.000179122260306,
        "dvar": 3.1066383599e-07,
        "dvar2": 5.28136013145e-07,
        "max": 0.0147182578221,
        "mean": 0.000219878493226,
        "median": 7.44398857933e-05,
        "min": 2.66756172707e-09,
        "var": 5.17521471011e-07
    },
    "spectral_energyband_low": {
        "dmean": 0.00717149209231,
        "dmean2": 0.0121680004522,
        "dvar": 6.06844769209e-05,
        "dvar2": 0.000172113854205,
        "max": 0.0588207542896,
        "mean": 0.0161236934364,
        "median": 0.0150570403785,
        "min": 5.21418890287e-08,
        "var": 9.82465426205e-05
    },
    "spectral_energyband_middle_high": {
        "dmean": 0.00106535910163,
        "dmean2": 0.00153684208635,
        "dvar": 5.51742368771e-06,
        "dvar2": 1.27587163661e-05,
        "max": 0.0426284000278,
        "mean": 0.00351285561919,
        "median": 0.0021613726858,
        "min": 1.22958738302e-07,
        "var": 2.07686189242e-05
    },
    "spectral_energyband_middle_low": {
        "dmean": 0.00782544724643,
        "dmean2": 0.0129537917674,
        "dvar": 6.68768043397e-05,
        "dvar2": 0.000181441777386,
        "max": 0.0904660969973,
        "mean": 0.031213177368,
        "median": 0.0306985490024,
        "min": 5.18923286563e-07,
        "var": 0.000184415577678
    },
    "spectral_entropy": {
        "dmean": 0.176648199558,
        "dmean2": 0.246249064803,
        "dvar": 0.0313079357147,
        "dvar2": 0.0526873208582,
        "max": 8.21325302124,
        "mean": 6.51904726028,
        "median": 6.47579240799,
        "min": 5.1951880455,
        "var": 0.212318092585
    },
    "spectral_flux": {
        "dmean": 0.0289616547525,
        "dmean2": 0.0465233251452,
        "dvar": 0.00077233806951,
        "dvar2": 0.00180793181062,
        "max": 0.251331835985,
        "mean": 0.0833362564445,
        "median": 0.0752931535244,
        "min": 0.00082152284449,
        "var": 0.00163564283866
    },
    "spectral_kurtosis": {
        "dmean": 5.19010019302,
        "dmean2": 8.55719566345,
        "dvar": 27.0518569946,
        "dvar2": 66.2523193359,
        "max": 94.7401351929,
        "mean": 11.7024393082,
        "median": 9.19678020477,
        "min": -1.09149670601,
        "var": 98.2987594604
    },
    "spectral_rms": {
        "dmean": 0.000750381906983,
        "dmean2": 0.00124377035536,
        "dvar": 5.02692785176e-07,
        "dvar2": 1.4106404933e-06,
        "max": 0.00974824372679,
        "mean": 0.00662695430219,
        "median": 0.00683712679893,
        "min": 2.56600633293e-05,
        "var": 1.89300487818e-06
    },
    "spectral_rolloff": {
        "dmean": 111.338066101,
        "dmean2": 191.375946045,
        "dvar": 124612.453125,
        "dvar2": 281026,
        "max": 6739.89257812,
        "mean": 527.171264648,
        "median": 430.6640625,
        "min": 172.265625,
        "var": 162134.109375
    },
    "spectral_skewness": {
        "dmean": 0.462602198124,
        "dmean2": 0.722661197186,
        "dvar": 0.160338237882,
        "dvar2": 0.371816396713,
        "max": 7.94132947922,
        "mean": 2.52047371864,
        "median": 2.40027427673,
        "min": 0.170587494969,
        "var": 0.866114318371
    },
    "spectral_spread": {
        "dmean": 473333,
        "dmean2": 662474.5625,
        "dvar": 447192858624,
        "dvar2": 545299922944,
        "max": 15619945,
        "mean": 3159584,
        "median": 2882897.5,
        "min": 1057631.75,
        "var": 1.8690876375e+12
    },
    "spectral_strongpeak": {
        "dmean": 0.487719535828,
        "dmean2": 0.851286709309,
        "dvar": 0.46991032362,
        "dvar2": 1.12683904171,
        "max": 6.05783462524,
        "mean": 1.18661046028,
        "median": 0.797196805477,
        "min": 0.00510017806664,
        "var": 0.959060132504
    },
    "zerocrossingrate": {
        "dmean": 0.00458265189081,
        "dmean2": 0.00591922644526,
        "dvar": 4.24261816079e-05,
        "dvar2": 5.69457479287e-05,
        "max": 0.1357421875,
        "mean": 0.0259779989719,
        "median": 0.02392578125,
        "min": 0.005859375,
        "var": 0.000138217583299
    },
    "barkbands": {
        "dmean": [1.25116475829e-05, 0.00185209896881, 0.00471264775842, 0.00325697381049, 0.004160403274, 0.00197515683249, 0.00135410611983, 0.000938999757636, 0.000699185300618, 0.000540593697224, 0.000172683052369, 0.000364406296285, 0.000203231626074, 0.000100517929241, 6.19456623099e-05, 8.02467620815e-05, 9.35774878599e-05, 6.6946966399e-05, 2.79501982732e-05, 2.45497612923e-05, 1.8430127966e-05, 2.65540475084e-05, 3.94471171603e-05, 4.9192320148e-05, 9.70701694314e-06, 9.71792157856e-09, 2.87324164461e-09],
        "dmean2": [2.08476285479e-05, 0.00302934087813, 0.00792994070798, 0.00544821610674, 0.00681506749243, 0.00299504073337, 0.00208115996793, 0.00144588167313, 0.000945242820308, 0.00081934791524, 0.000269512704108, 0.000540225824807, 0.000306498055579, 0.000142244112794, 9.56371150096e-05, 0.0001288344356, 0.000149059269461, 0.000102541409433, 4.34232424595e-05, 3.61508100468e-05, 2.80335225398e-05, 3.95696188207e-05, 5.55506921955e-05, 6.73788381391e-05, 1.41727032315e-05, 1.64842361983e-08, 5.47241318927e-09],
        "dvar": [5.0501769433e-10, 7.2128436841e-06, 2.60685283138e-05, 2.44689399551e-05, 2.72032211797e-05, 1.07215282696e-05, 1.48718017954e-05, 9.63217189565e-06, 4.8648239499e-06, 3.75478680326e-06, 3.85028386063e-07, 8.88465478965e-07, 6.24567405794e-07, 2.00740032597e-07, 5.51026992923e-08, 1.11907588973e-07, 8.13935372435e-08, 1.72033001178e-08, 8.79334915993e-09, 1.01156327759e-08, 3.66192876022e-09, 2.17659614776e-08, 5.856660934e-08, 4.01853093024e-08, 1.62944846505e-09, 2.5241603004e-15, 4.23408900443e-16],
        "dvar2": [1.35791444755e-09, 1.84235323104e-05, 7.41928233765e-05, 6.76795170875e-05, 7.31759137125e-05, 2.42123387579e-05, 3.97316471208e-05, 2.31194717344e-05, 8.7815687948e-06, 9.36136530072e-06, 8.68398160492e-07, 1.82648795999e-06, 1.41614395943e-06, 3.26888084601e-07, 1.24339223362e-07, 3.17395802085e-07, 2.23046683345e-07, 4.04314448588e-08, 1.73000369585e-08, 2.20994991196e-08, 7.40012007228e-09, 3.21846265194e-08, 1.32126530161e-07, 7.68022871966e-08, 2.83252887812e-09, 7.42383381874e-15, 1.26875021702e-15],
        "max": [0.000381523132091, 0.0253287442029, 0.0446691066027, 0.0502893701196, 0.0567482411861, 0.0413170419633, 0.075011909008, 0.0495308227837, 0.0386724732816, 0.0341414213181, 0.0114978700876, 0.0190111361444, 0.0173408333212, 0.0120047088712, 0.00657113548368, 0.00780857773498, 0.00589866982773, 0.00250906124711, 0.00276628718711, 0.00177123071626, 0.00118269503582, 0.00445354776457, 0.00710297934711, 0.00346004846506, 0.00101306661963, 1.0702739246e-06, 5.18230990565e-07],
        "mean": [1.35122381835e-05, 0.00273222336546, 0.00931674893945, 0.00620070332661, 0.0112899709493, 0.00574681349099, 0.00352011155337, 0.00241055409424, 0.00192147365306, 0.00105457333848, 0.000337831792422, 0.000946365878917, 0.000309231632855, 0.000141750730108, 9.14448391995e-05, 0.000194737265701, 0.000213444509427, 0.000209246543818, 6.30717768217e-05, 3.58968500223e-05, 2.7919846616e-05, 4.20306460001e-05, 5.3735475376e-05, 6.848245539e-05, 1.29435184135e-05, 9.63605373272e-09, 2.05971928402e-09],
        "median": [6.07642368777e-06, 0.00113516882993, 0.00810428522527, 0.00373320141807, 0.00844402238727, 0.00309144263156, 0.00169589777943, 0.000374491879484, 0.00021064048633, 0.000349545443896, 9.55418290687e-05, 0.000216436950723, 5.85185516684e-05, 3.19464015774e-05, 3.5978944652e-05, 2.92370168609e-05, 9.18109581107e-05, 4.72130086564e-05, 2.42142741627e-05, 1.43111610669e-05, 1.03822439996e-05, 1.0825147001e-05, 1.23120125863e-05, 1.26417025967e-05, 1.55773000188e-06, 2.57323251596e-09, 7.80801312494e-10],
        "min": [3.39767947111e-09, 2.39276296554e-08, 9.59156221114e-09, 2.3717788622e-08, 3.01171780848e-08, 1.53060227603e-07, 3.72144342009e-08, 1.65471163882e-07, 7.54874349695e-08, 5.44704690242e-08, 3.80943667722e-08, 2.32916121945e-08, 2.31050817368e-10, 2.75599765232e-10, 9.17124098887e-10, 5.76454106671e-10, 1.0241866244e-09, 4.01972055641e-09, 1.42511236145e-09, 2.88332108189e-10, 9.74297864609e-10, 5.29575661101e-10, 3.82661402565e-10, 4.49148274129e-10, 2.72800865231e-10, 2.16610757109e-12, 3.5872374949e-12],
        "var": [5.24543575242e-10, 1.59209921549e-05, 4.21243312303e-05, 4.32736924267e-05, 9.8418451671e-05, 5.01913018525e-05, 2.81448337773e-05, 3.48870926246e-05, 1.92228326341e-05, 7.34647437639e-06, 9.37706829518e-07, 4.76088371215e-06, 1.0374883459e-06, 4.0839262283e-07, 7.77630475568e-08, 1.88960243008e-07, 1.33309185912e-07, 1.57157103331e-07, 1.68465952299e-08, 1.20147163329e-08, 5.29060795174e-09, 3.78966262815e-08, 6.308504652e-08, 6.02286434059e-08, 3.40938255405e-09, 2.20848848513e-15, 2.14762517094e-16]
    },
    "erbbands": {
        "dmean": [0.0103302486241, 0.605232298374, 4.69613027573, 7.91470575333, 10.4140233994, 16.9800510406, 19.9581336975, 14.0226125717, 19.443561554, 17.6972293854, 20.5993118286, 17.4855289459, 12.593952179, 17.0628242493, 7.62047815323, 14.4262199402, 9.19432258606, 6.38951539993, 3.10926485062, 2.94029593468, 5.04014539719, 4.46185827255, 3.60607409477, 1.71478700638, 1.44845807552, 1.01479327679, 0.634517014027, 0.793697595596, 0.884385704994, 1.08999156952, 1.16133213043, 1.14474666119, 0.731864213943, 0.202012166381, 0.0122162159532, 0.000557168968953, 3.80137680622e-05, 6.71425232213e-06, 5.44725253349e-06, 1.13604146463e-05],
        "dmean2": [0.0169818848372, 0.999101579189, 7.93289613724, 13.5414247513, 17.3691730499, 28.0277137756, 32.2019767761, 20.785741806, 28.989068985, 27.2772083282, 31.1449012756, 25.1009273529, 18.2279415131, 25.5427837372, 11.3625144958, 21.4873657227, 13.5915555954, 9.258477211, 4.84855079651, 4.4530339241, 8.13173866272, 7.05097198486, 5.43327951431, 2.66228961945, 2.04378628731, 1.44276285172, 1.00209724903, 1.20819830894, 1.30032241344, 1.48334980011, 1.63796043396, 1.55932593346, 1.0093934536, 0.287409096956, 0.0160253476351, 0.000721620046534, 5.21316942468e-05, 9.65305571299e-06, 8.80514744495e-06, 1.88610229088e-05],
        "dvar": [0.000269515701802, 0.718349099159, 29.72423172, 115.901367188, 229.353103638, 648.811828613, 1034.28259277, 974.435974121, 2033.375, 3457.42871094, 4104.30908203, 3107.72192383, 2168.13134766, 3314.1574707, 527.262329102, 1669.69226074, 1032.59802246, 698.533081055, 145.128265381, 96.1245040894, 383.774017334, 141.091827393, 43.3137207031, 14.1770954132, 32.4679298401, 14.3124799728, 3.18920588493, 9.60323047638, 19.4846858978, 44.2573738098, 46.6317024231, 23.0164299011, 7.76623153687, 0.729327917099, 0.00476002506912, 8.45999511512e-06, 2.25386855845e-08, 6.65873300942e-10, 5.90127322009e-11, 1.19002446786e-10],
        "dvar2": [0.000657552329358, 1.89418935776, 85.9169082642, 328.812133789, 609.28717041, 1828.41040039, 2686.46728516, 2122.60522461, 5152.93896484, 8909.09375, 9852.91308594, 6084.80419922, 4919.43505859, 7000.25292969, 1073.61682129, 3609.24853516, 2210.82299805, 1129.51000977, 372.376831055, 229.026596069, 1090.47619629, 381.435699463, 95.4425506592, 31.1797714233, 60.9041175842, 29.0003509521, 6.90276956558, 17.0433177948, 29.3271522522, 73.4357833862, 105.142105103, 45.314201355, 14.4465780258, 1.31011784077, 0.00700295576826, 1.2082129615e-05, 3.56949563241e-08, 1.33582678252e-09, 1.38301897712e-10, 3.30060173637e-10],
        "max": [0.174667462707, 7.67484474182, 45.3318405151, 113.458564758, 205.774108887, 307.752960205, 408.700714111, 489.317474365, 703.031494141, 1024.35461426, 1112.02563477, 1147.98034668, 841.639038086, 1501.36645508, 448.683319092, 956.170837402, 660.99432373, 685.114318848, 332.650268555, 151.152862549, 428.225952148, 232.227081299, 124.707832336, 84.4172286987, 172.768630981, 76.3652267456, 27.2998867035, 78.5786514282, 124.785255432, 222.282562256, 192.366348267, 84.697227478, 43.5132141113, 17.7349128723, 2.5780980587, 0.105637729168, 0.00415731221437, 0.000516661209986, 0.000178002330358, 0.000109689390229],
        "mean": [0.016739519313, 0.95491540432, 8.97547531128, 18.6575393677, 20.4947662354, 44.0157928467, 54.2450256348, 43.6878623962, 53.5625, 42.7095108032, 60.4287567139, 48.5574989319, 29.0324020386, 35.4956741333, 18.3852500916, 39.2792701721, 16.8235569, 9.74470806122, 4.82929706573, 5.29991722107, 13.4000673294, 12.80260849, 11.7361078262, 5.33632135391, 2.6619758606, 1.63094031811, 1.09969210625, 1.18196439743, 1.38932681084, 1.52448785305, 1.54967975616, 1.55367660522, 1.0275914669, 0.28391367197, 0.0170443430543, 0.000812862010207, 6.76787167322e-05, 1.14792337627e-05, 2.42741971306e-05, 5.30524557689e-05],
        "median": [0.00857588369399, 0.485342592001, 7.19973802567, 13.6406583786, 16.1089286804, 29.1410598755, 35.7276268005, 15.5084266663, 23.2946472168, 18.3888759613, 10.3903341293, 4.88872480392, 6.61918210983, 17.3693122864, 5.27839565277, 8.74181365967, 4.11110877991, 2.11126947403, 1.80134987831, 1.85846471786, 2.38597631454, 4.40622997284, 3.18943691254, 1.73576545715, 1.20052552223, 0.713216423988, 0.506709814072, 0.405700147152, 0.336992055178, 0.354819625616, 0.332462221384, 0.288384139538, 0.166719511151, 0.0409725792706, 0.00141750311013, 0.000111909852421, 2.71943172265e-05, 5.38353333468e-06, 2.39266391873e-05, 5.39841239515e-05],
        "min": [6.45122838705e-07, 5.39605753147e-06, 9.25289896259e-06, 5.80515043112e-05, 4.67740683234e-05, 7.38816816011e-05, 0.000362896767911, 0.00159685406834, 0.00120374443941, 0.000967508472968, 0.00367315066978, 0.00131120346487, 0.00276164128445, 0.00263196066953, 0.00113200233318, 0.00090942234965, 4.86939024995e-05, 1.15073653433e-05, 4.48333121312e-05, 2.66867009486e-05, 4.01744546252e-05, 5.62845816603e-05, 0.000124213780509, 0.000176272078534, 6.68055363349e-05, 1.79200069397e-05, 4.44989818789e-05, 2.91258784273e-05, 2.46431500273e-05, 4.60347473563e-06, 1.05351464299e-05, 1.61259504239e-05, 5.92713831793e-06, 3.46603337675e-06, 1.01589229473e-07, 1.12818234754e-08, 5.43702283196e-09, 1.7527679308e-09, 9.7969410362e-10, 8.25510770852e-10],
        "var": [0.000452585401945, 1.50926852226, 49.0079078674, 240.549621582, 303.011566162, 2400.66064453, 3905.15258789, 5378.53710938, 6029.32470703, 4240.67236328, 21789.5019531, 10786.2763672, 5474.85693359, 6808.55322266, 1676.46606445, 9664.71582031, 2156.55737305, 1505.66943359, 186.188766479, 157.606704712, 809.875366211, 493.338409424, 404.878631592, 87.2010955811, 47.6069526672, 19.9423351288, 4.4501042366, 15.2481660843, 34.5048065186, 67.8873138428, 50.500869751, 32.8258399963, 12.309797287, 1.4446657896, 0.0120846629143, 2.19025750994e-05, 5.07127211336e-08, 1.03871311552e-09, 1.19362270068e-10, 3.25297899728e-10]
    },
    "gfcc": {
        "mean": [-41.988658905, 167.373413086, -117.210250854, 42.3430557251, -73.9616775513, 4.7148194313, -41.568321228, -11.7317361832, -10.5228300095, -38.7221870422, 7.43296384811, -19.9484519958, -0.521861433983],
        "cov": [[2194.50585938, -641.12701416, -116.104248047, 293.876953125, -101.401290894, 254.29737854, -185.27331543, 130.320922852, -87.5762329102, 36.9119224548, -38.5470161438, -38.8712234497, -12.9925088882], [-641.12701416, 808.841247559, -23.4396324158, -465.32611084, 112.286056519, -151.928253174, 288.610015869, -93.51978302, 120.988235474, -51.4148330688, 83.9293136597, -16.047794342, -70.6322479248], [-116.104248047, -23.4396324158, 336.231384277, 113.170921326, -18.0255355835, 33.1537094116, -23.4579792023, -42.8113594055, -15.0446281433, 76.7602157593, 7.34539270401, 33.098033905, 24.7804965973], [293.876953125, -465.32611084, 113.170921326, 538.741577148, 69.4708023071, -25.2408275604, -255.778808594, 9.70998287201, -40.3873939514, 59.5963897705, -37.6929359436, 62.1430549622, 123.7891922], [-101.401290894, 112.286056519, -18.0255355835, 69.4708023071, 274.556427002, -74.2913360596, -94.6846923828, -6.48561429977, 14.0284719467, -3.92531275749, 17.4302349091, 21.0310001373, 49.5075378418], [254.29737854, -151.928253174, 33.1537094116, -25.2408275604, -74.2913360596, 318.554534912, 102.748558044, -6.05950593948, -59.1165809631, 25.9589176178, -9.66380310059, -29.2925987244, -38.1058998108], [-185.27331543, 288.610015869, -23.4579792023, -255.778808594, -94.6846923828, 102.748558044, 334.93057251, -28.3592205048, 12.3647317886, -22.6737880707, 18.0942745209, -22.8581619263, -83.2733917236], [130.320922852, -93.51978302, -42.8113594055, 9.70998287201, -6.48561429977, -6.05950593948, -28.3592205048, 176.35005188, 24.3908576965, -16.0390434265, -13.0369319916, -19.5261726379, -10.6131982803], [-87.5762329102, 120.988235474, -15.0446281433, -40.3873939514, 14.0284719467, -59.1165809631, 12.3647317886, 24.3908576965, 120.815940857, 20.6685523987, 12.8502349854, -15.0936803818, -25.1661338806], [36.9119224548, -51.4148330688, 76.7602157593, 59.5963897705, -3.92531275749, 25.9589176178, -22.6737880707, -16.0390434265, 20.6685523987, 99.4509048462, 17.8991317749, -1.02740180492, 1.05938971043], [-38.5470161438, 83.9293136597, 7.34539270401, -37.6929359436, 17.4302349091, -9.66380310059, 18.0942745209, -13.0369319916, 12.8502349854, 17.8991317749, 74.6229476929, 10.3779582977, -25.2934474945], [-38.8712234497, -16.047794342, 33.098033905, 62.1430549622, 21.0310001373, -29.2925987244, -22.8581619263, -19.5261726379, -15.0936803818, -1.02740180492, 10.3779582977, 68.5752716064, 41.1288337708], [-12.9925088882, -70.6322479248, 24.7804965973, 123.7891922, 49.5075378418, -38.1058998108, -83.2733917236, -10.6131982803, -25.1661338806, 1.05938971043, -25.2934474945, 41.1288337708, 110.22618866]],
        "icov": [[0.000687771942466, -0.000298992817989, 0.000546690484043, -0.000569793512113, 0.000438677030616, -0.000731731124688, 0.000636534532532, -0.000465499964776, 0.000447498488938, -0.000330376118654, 0.000106928739115, -4.00267999794e-05, 0.000537366664503], [-0.000298992817989, 0.0239104405046, -0.00771524012089, 0.0155053203925, -0.0136217959225, 0.0115581089631, -0.0164211802185, 0.00941441953182, -0.0144768524915, 0.00872716773301, -0.0121487732977, 0.00640853261575, -0.0103458929807], [0.000546690484043, -0.00771524012089, 0.0068337759003, -0.00571561791003, 0.00487284641713, -0.00421668309718, 0.00535823078826, -0.00277466676198, 0.00532825570554, -0.00592227419838, 0.00423460965976, -0.00373609503731, 0.00377684296109], [-0.000569793512113, 0.0155053203925, -0.00571561791003, 0.014290205203, -0.00906232558191, 0.00727040832862, -0.00847636349499, 0.00588195119053, -0.00911041535437, 0.00397705240175, -0.00632154615596, 0.00191753124818, -0.0084330374375], [0.000438677030616, -0.0136217959225, 0.00487284641713, -0.00906232558191, 0.0124694118276, -0.00656626885757, 0.0104533368722, -0.00513658393174, 0.00749027356505, -0.00427839579061, 0.00483957817778, -0.00323667842895, 0.00400646915659], [-0.000731731124688, 0.0115581089631, -0.00421668309718, 0.00727040832862, -0.00656626885757, 0.0108641479164, -0.010076481849, 0.00443586660549, -0.00414293818176, 0.00234125554562, -0.00509729096666, 0.00476520322263, -0.00429345993325], [0.000636534532532, -0.0164211802185, 0.00535823078826, -0.00847636349499, 0.0104533368722, -0.010076481849, 0.017558189109, -0.00581460259855, 0.00900302734226, -0.00524793379009, 0.00857022870332, -0.00640571070835, 0.0088562881574], [-0.000465499964776, 0.00941441953182, -0.00277466676198, 0.00588195119053, -0.00513658393174, 0.00443586660549, -0.00581460259855, 0.0104261878878, -0.0076101757586, 0.00507769268006, -0.00425794208422, 0.00371459568851, -0.00370182376355], [0.000447498488938, -0.0144768524915, 0.00532825570554, -0.00911041535437, 0.00749027356505, -0.00414293818176, 0.00900302734226, -0.0076101757586, 0.0207934062928, -0.00992597360164, 0.00768962362781, -0.00261564995162, 0.0086653213948], [-0.000330376118654, 0.00872716773301, -0.00592227419838, 0.00397705240175, -0.00427839579061, 0.00234125554562, -0.00524793379009, 0.00507769268006, -0.00992597360164, 0.0195935238153, -0.00943373888731, 0.00569609738886, -0.0050710956566], [0.000106928739115, -0.0121487732977, 0.00423460965976, -0.00632154615596, 0.00483957817778, -0.00509729096666, 0.00857022870332, -0.00425794208422, 0.00768962362781, -0.00943373888731, 0.0254633184522, -0.0107333231717, 0.0121982162818], [-4.00267999794e-05, 0.00640853261575, -0.00373609503731, 0.00191753124818, -0.00323667842895, 0.00476520322263, -0.00640571070835, 0.00371459568851, -0.00261564995162, 0.00569609738886, -0.0107333231717, 0.0260672010481, -0.0114337075502], [0.000537366664503, -0.0103458929807, 0.00377684296109, -0.0084330374375, 0.00400646915659, -0.00429345993325, 0.0088562881574, -0.00370182376355, 0.0086653213948, -0.0050710956566, 0.0121982162818, -0.0114337075502, 0.0232706796378]]
    },
    "melbands": {
        "dmean": [0.000277005048702, 0.00187754561193, 0.00137001357507, 0.000932304596063, 0.000679193646647, 0.000318454258377, 0.000301583990222, 0.000198087276658, 0.000161683230544, 0.000104866921902, 6.58251447021e-05, 7.58800888434e-05, 2.5062052373e-05, 4.25045836892e-05, 2.42544956564e-05, 2.15229920286e-05, 1.07339410533e-05, 5.06413198309e-06, 4.16364719058e-06, 4.58576187157e-06, 6.39990958007e-06, 5.4316456044e-06, 4.76136756333e-06, 3.12911538458e-06, 1.39728501836e-06, 1.12083444037e-06, 1.11095630473e-06, 6.05013383392e-07, 3.68403760831e-07, 5.49113678971e-07, 4.42648683929e-07, 4.8417018661e-07, 5.93106790348e-07, 6.59188458485e-07, 6.91882121373e-07, 6.45718671421e-07, 7.79640458859e-07, 5.78627805226e-07, 3.62819207567e-07, 1.08971846657e-07],
        "dmean2": [0.000451764237368, 0.00315848505124, 0.00230439868756, 0.00156168558169, 0.00108629686292, 0.000468728481792, 0.000450141727924, 0.0003056745918, 0.000241708781687, 0.000152254287968, 9.56169315032e-05, 0.000114114736789, 3.87041727663e-05, 6.28938578302e-05, 3.64450897905e-05, 3.20970757457e-05, 1.5764924683e-05, 8.16125520942e-06, 6.32033925285e-06, 7.41344183552e-06, 1.05111257653e-05, 8.73606040841e-06, 7.15159876563e-06, 4.8154211072e-06, 2.19843673221e-06, 1.68462565853e-06, 1.66495237863e-06, 8.80871994013e-07, 5.82700124596e-07, 8.6842823066e-07, 6.71071177294e-07, 7.00876512383e-07, 8.73525209499e-07, 9.37448874083e-07, 1.0071324823e-06, 9.21063758597e-07, 1.08238714347e-06, 8.03669991001e-07, 5.34039941158e-07, 1.55786054279e-07],
        "dvar": [1.67700321185e-07, 4.93148399983e-06, 3.3694409467e-06, 1.47789467064e-06, 1.06088384655e-06, 4.22415155299e-07, 5.32955368726e-07, 4.06900426242e-07, 2.26268568326e-07, 1.24990037875e-07, 6.3042051579e-08, 6.51926370665e-08, 7.1875065899e-09, 1.24603012353e-08, 5.09409581184e-09, 9.80702186126e-09, 1.98539917839e-09, 3.50363960067e-10, 2.11763134805e-10, 4.67476779509e-10, 5.3324167304e-10, 2.97438851327e-10, 6.20827972364e-11, 4.01812229323e-11, 9.89829399001e-12, 2.04842774687e-11, 2.71572070387e-11, 4.06945570991e-12, 8.3078151563e-13, 3.54410771564e-12, 3.82888902875e-12, 4.78939067225e-12, 1.2339527837e-11, 2.00348904134e-11, 2.02415514905e-11, 8.07202221731e-12, 1.20154788896e-11, 5.03954517006e-12, 1.99262589935e-12, 2.96947335427e-13],
        "dvar2": [4.17090660676e-07, 1.4060164176e-05, 9.48060733208e-06, 4.14690566686e-06, 2.7246803711e-06, 9.08557183266e-07, 1.37454912874e-06, 1.02495152987e-06, 5.40470523447e-07, 2.37778820633e-07, 1.45700127518e-07, 1.42931796177e-07, 1.60720716735e-08, 2.53182772525e-08, 1.15825695701e-08, 2.11596482558e-08, 3.18825055245e-09, 9.56064449831e-10, 4.26719048985e-10, 1.32510513673e-09, 1.48183110227e-09, 8.30167323773e-10, 1.30101290852e-10, 9.41074856931e-11, 2.29130967672e-11, 4.27487073518e-11, 5.59424069568e-11, 8.64363181724e-12, 1.79978178628e-12, 8.7381716446e-12, 6.39812812106e-12, 7.38032465003e-12, 2.13096710416e-11, 4.04303431012e-11, 4.66248116504e-11, 1.79813282319e-11, 2.47616649407e-11, 9.41213773586e-12, 4.19235262825e-12, 4.59001760211e-13],
        "max": [0.00382460746914, 0.018844595179, 0.0192223601043, 0.0120686460286, 0.0145234940574, 0.00981235038489, 0.0113598573953, 0.00933892186731, 0.00788978114724, 0.00645976373926, 0.00465813977644, 0.00616680877283, 0.00147690088488, 0.00227452768013, 0.00134034047369, 0.00236770766787, 0.0011682047043, 0.00043720586109, 0.000399652839405, 0.00050956994528, 0.000441134587163, 0.000360538484529, 0.000196725217393, 0.000112373454613, 6.96630959283e-05, 0.000141961194458, 0.000104176586319, 4.98790614074e-05, 1.38819796121e-05, 3.25589498971e-05, 5.29082826688e-05, 6.3149673224e-05, 0.000107290929009, 0.00014595509856, 0.000130142856506, 6.43417442916e-05, 6.33131494396e-05, 3.99922100769e-05, 1.96288474399e-05, 1.56151254487e-05],
        "mean": [0.000413467030739, 0.00355070387013, 0.00316778477281, 0.00225402484648, 0.00196615722962, 0.00096941558877, 0.000828467367683, 0.000454542954685, 0.000475910172099, 0.000279961968772, 0.000142589473398, 0.000152536988026, 5.25570758327e-05, 0.000108676467789, 5.54275757167e-05, 3.33920033881e-05, 1.52824650286e-05, 7.2752854976e-06, 6.22119523541e-06, 8.80074821907e-06, 1.61160933203e-05, 1.30079506562e-05, 1.30867629196e-05, 9.2419622888e-06, 3.66941321772e-06, 2.15505315282e-06, 1.53679854975e-06, 9.65123717833e-07, 6.27952545074e-07, 7.96447181983e-07, 6.39835263883e-07, 7.52674964133e-07, 8.43716236432e-07, 8.55450082327e-07, 8.68204551807e-07, 9.22533331504e-07, 9.87109501693e-07, 7.91722300164e-07, 4.86917826947e-07, 1.5157975497e-07],
        "median": [0.000173107138835, 0.00274692149833, 0.00246991286986, 0.00177461095154, 0.00127789843827, 0.00036611201358, 0.000407288549468, 0.000180499744602, 5.35804138053e-05, 2.88642913802e-05, 3.26149711327e-05, 7.04268823029e-05, 1.54993122123e-05, 2.46356794378e-05, 1.6153917386e-05, 5.48472189621e-06, 3.27248130816e-06, 2.53049051935e-06, 2.44655598181e-06, 2.23239862862e-06, 2.71614203484e-06, 4.62052048533e-06, 3.924795692e-06, 2.11359815694e-06, 1.16770956993e-06, 8.74135480444e-07, 4.73632326248e-07, 4.07660735391e-07, 2.77626583056e-07, 2.21473328565e-07, 1.80099661407e-07, 1.80846853937e-07, 1.80675812089e-07, 1.66088511833e-07, 1.71106876223e-07, 1.76479247216e-07, 1.54100376903e-07, 1.08441966518e-07, 7.64491190353e-08, 1.52360826178e-08],
        "min": [6.73676803231e-09, 6.02805005911e-09, 9.58430046438e-09, 2.8166697863e-09, 1.07452908793e-08, 3.45345156916e-08, 1.65014970577e-08, 1.74637833084e-08, 2.61140584712e-08, 9.21412723898e-09, 1.32543114262e-08, 9.74892078176e-09, 4.6004329235e-09, 3.03588398864e-09, 4.9842374672e-10, 1.84382335788e-11, 1.41707080098e-11, 6.70857119855e-11, 6.85112105936e-11, 1.86599572599e-11, 5.18383287684e-11, 4.90125474928e-11, 4.94865121103e-11, 2.33424557461e-10, 1.35701103132e-10, 5.67294579368e-11, 2.88586845393e-11, 5.30601907897e-12, 3.15523059069e-11, 1.5758509081e-11, 1.70170891267e-11, 1.7530364313e-11, 2.58310170129e-12, 3.27818197934e-12, 6.04905795593e-12, 9.14424959364e-12, 9.82099818136e-12, 1.20467318846e-12, 9.05856552963e-12, 7.51367230153e-13],
        "var": [3.57961056352e-07, 8.42077588459e-06, 5.85472525927e-06, 3.88035277865e-06, 4.53290067526e-06, 2.30595969697e-06, 1.39551434586e-06, 5.19402533428e-07, 1.21194716485e-06, 4.14465858967e-07, 1.51975783069e-07, 1.337120068e-07, 1.86316437834e-08, 6.44925464144e-08, 1.74203460546e-08, 1.66124856094e-08, 4.26798951736e-09, 4.39999203738e-10, 3.63621605048e-10, 4.34665692328e-10, 1.1776378761e-09, 6.20945739271e-10, 5.03348307479e-10, 3.28638088964e-10, 4.39351263704e-11, 2.81147431724e-11, 3.35401428853e-11, 5.8023677009e-12, 1.2228097224e-12, 3.89038063917e-12, 6.35011097525e-12, 8.67236837898e-12, 1.95930702218e-11, 2.44769690627e-11, 2.06977733563e-11, 9.7316564529e-12, 1.60924867182e-11, 7.71027772878e-12, 2.92716783971e-12, 7.28453105128e-13]
    },
    "mfcc": {
        "mean": [-672.517578125, 168.583969116, 23.5688819885, 22.5444908142, 7.15250349045, -4.87643289566, -8.40240478516, 11.2372426987, -14.239733696, -10.2018537521, -11.6067438126, 3.03780388832, -7.18165063858],
        "cov": [[2290.26269531, -842.682556152, -20.4897079468, 13.1388568878, 146.924545288, 40.1690063477, 27.3566684723, 43.4287834167, 8.20089149475, 4.99481058121, 20.6484775543, 37.2658309937, -50.0518417358], [-842.682556152, 1213.43640137, -207.57850647, -229.897460938, -258.111328125, -37.9359512329, 32.7785415649, 89.6756210327, -52.0393218994, 81.4928970337, 88.1535339355, 22.9733371735, 30.1346569061], [-20.4897079468, -207.57850647, 378.936279297, 16.1084804535, -53.485118866, 104.533935547, 27.8254051208, -37.9223518372, 4.91866445541, 18.3734226227, 6.67127180099, 5.60176897049, 36.0320053101], [13.1388568878, -229.897460938, 16.1084804535, 400.069854736, 228.472015381, -58.9416503906, -107.360977173, -95.288192749, 28.0187740326, -104.09172821, -71.7149658203, 0.398738324642, 15.1301841736], [146.924545288, -258.111328125, -53.485118866, 228.472015381, 434.308624268, -47.9402618408, -73.559677124, -90.8742141724, 21.1394748688, -79.6711959839, -61.5131340027, -3.75962758064, -4.67478895187], [40.1690063477, -37.9359512329, 104.533935547, -58.9416503906, -47.9402618408, 266.54675293, 87.958114624, -23.7170391083, -19.7075710297, 18.313993454, 14.7218418121, -18.0479125977, 1.53851413727], [27.3566684723, 32.7785415649, 27.8254051208, -107.360977173, -73.559677124, 87.958114624, 169.185974121, 51.3160552979, 0.722302258015, 8.92584037781, 14.5987176895, 7.88736534119, -2.29567313194], [43.4287834167, 89.6756210327, -37.9223518372, -95.288192749, -90.8742141724, -23.7170391083, 51.3160552979, 144.331680298, 12.0874729156, 34.0941543579, 27.3656787872, 5.85895633698, -8.59915924072], [8.20089149475, -52.0393218994, 4.91866445541, 28.0187740326, 21.1394748688, -19.7075710297, 0.722302258015, 12.0874729156, 125.902183533, -20.672208786, -13.4125909805, 9.25555801392, 0.911844491959], [4.99481058121, 81.4928970337, 18.3734226227, -104.09172821, -79.6711959839, 18.313993454, 8.92584037781, 34.0941543579, -20.672208786, 170.907394409, 61.1878929138, -6.39752006531, 1.63109064102], [20.6484775543, 88.1535339355, 6.67127180099, -71.7149658203, -61.5131340027, 14.7218418121, 14.5987176895, 27.3656787872, -13.4125909805, 61.1878929138, 135.848815918, 23.7128238678, 4.21980810165], [37.2658309937, 22.9733371735, 5.60176897049, 0.398738324642, -3.75962758064, -18.0479125977, 7.88736534119, 5.85895633698, 9.25555801392, -6.39752006531, 23.7128238678, 89.1158447266, 13.8999319077], [-50.0518417358, 30.1346569061, 36.0320053101, 15.1301841736, -4.67478895187, 1.53851413727, -2.29567313194, -8.59915924072, 0.911844491959, 1.63109064102, 4.21980810165, 13.8999319077, 70.6629867554]],
