{
"lowlevel": {
    "average_loudness": 0.963331997395,
    "barkbands_crest": {
        "dmean": 3.13029885292,
        "dmean2": 4.87619113922,
        "dvar": 10.4487581253,
        "dvar2": 19.296251297,
        "max": 25.7461528778,
        "mean": 10.7827224731,
        "median": 9.72439956665,
        "min": 2.63944530487,
        "var": 22.8045654297
    },
    "barkbands_flatness_db": {
        "dmean": 0.0274230577052,
        "dmean2": 0.0440508648753,
        "dvar": 0.00107520376332,
        "dvar2": 0.00218727416359,
        "max": 0.404664963484,
        "mean": 0.173182696104,
        "median": 0.167421713471,
        "min": 0.0832342728972,
        "var": 0.00197192584164
    },
    "barkbands_kurtosis": {
        "dmean": 7.2032122612,
        "dmean2": 11.0418949127,
        "dvar": 350.183349609,
        "dvar2": 687.766174316,
        "max": 223.654769897,
        "mean": 8.50821685791,
        "median": 2.90671205521,
        "min": -1.88767766953,
        "var": 477.624938965
    },
    "barkbands_skewness": {
        "dmean": 0.882335662842,
        "dmean2": 1.30619513988,
        "dvar": 1.75820159912,
        "dvar2": 3.12966156006,
        "max": 12.9648246765,
        "mean": 2.0771920681,
        "median": 1.76415431499,
        "min": -2.63989257812,
        "var": 3.69129276276
    },
    "barkbands_spread": {
        "dmean": 7.36881732941,
        "dmean2": 11.4865674973,
        "dvar": 78.0216293335,
        "dvar2": 167.778640747,
        "max": 95.4315643311,
        "mean": 23.2524604797,
        "median": 19.4220600128,
        "min": 0.68177062273,
        "var": 219.994750977
    },
    "dissonance": {
        "dmean": 0.0175270643085,
        "dmean2": 0.0287427082658,
        "dvar": 0.000305230525555,
        "dvar2": 0.00079514994286,
        "max": 0.499406963587,
        "mean": 0.464110344648,
        "median": 0.469833701849,
        "min": 0.328887850046,
        "var": 0.000599509919994
    },
    "dynamic_complexity": 3.48297071457,
    "erbbands_crest": {
        "dmean": 2.25295042992,
        "dmean2": 3.68386149406,
        "dvar": 4.18122291565,
        "dvar2": 11.1511354446,
        "max": 22.7494239807,
        "mean": 7.51077079773,
        "median": 6.61693286896,
        "min": 2.06278324127,
        "var": 12.4524316788
    },
    "erbbands_flatness_db": {
        "dmean": 0.0141364503652,
        "dmean2": 0.0197280663997,
        "dvar": 0.000185356693692,
        "dvar2": 0.000343311578035,
        "max": 0.281823247671,
        "mean": 0.174478650093,
        "median": 0.168841049075,
        "min": 0.105498977005,
        "var": 0.00121643196326
    },
    "erbbands_kurtosis": {
        "dmean": 0.713872790337,
        "dmean2": 1.13708984852,
        "dvar": 0.909659802914,
        "dvar2": 2.05733823776,
        "max": 10.2666158676,
        "mean": -0.11481577158,
        "median": -0.73363161087,
        "min": -1.81987762451,
        "var": 2.70038938522
    },
    "erbbands_skewness": {
        "dmean": 0.37332212925,
        "dmean2": 0.580998420715,
        "dvar": 0.141952142119,
        "dvar2": 0.321353495121,
        "max": 2.29977035522,
        "mean": 0.26791793108,
        "median": 0.299458235502,
        "min": -2.85981607437,
        "var": 0.543504655361
    },
    "erbbands_spread": {
        "dmean": 10.795548439,
        "dmean2": 15.9833116531,
        "dvar": 121.866111755,
        "dvar2": 264.05178833,
        "max": 149.164901733,
        "mean": 55.4746437073,
        "median": 53.298500061,
        "min": 10.5504226685,
        "var": 593.822143555
    },
    "hfc": {
        "dmean": 7.54619455338,
        "dmean2": 11.4315519333,
        "dvar": 153.016174316,
        "dvar2": 367.498474121,
        "max": 108.164360046,
        "mean": 18.0213699341,
        "median": 13.4384460449,
        "min": 0.000310994219035,
        "var": 299.315948486
    },
    "melbands_crest": {
        "dmean": 3.81938934326,
        "dmean2": 5.92958164215,
        "dvar": 12.883687973,
        "dvar2": 26.9145812988,
        "max": 31.8394470215,
        "mean": 16.0118980408,
        "median": 15.7250900269,
        "min": 2.5923781395,
        "var": 33.1649475098
    },
    "melbands_flatness_db": {
        "dmean": 0.0339659154415,
        "dmean2": 0.0518208406866,
        "dvar": 0.00192616204731,
        "dvar2": 0.00349988345988,
        "max": 0.488183826208,
        "mean": 0.188656628132,
        "median": 0.182795017958,
        "min": 0.0289344005287,
        "var": 0.00470871245489
    },
    "melbands_kurtosis": {
        "dmean": 21.3871860504,
        "dmean2": 31.5664768219,
        "dvar": 2375.69506836,
        "dvar2": 4667.30224609,
        "max": 573.045654297,
        "mean": 30.3769931793,
        "median": 12.9600839615,
        "min": -1.7634806633,
        "var": 3311.68164062
    },
    "melbands_skewness": {
        "dmean": 1.26666378975,
        "dmean2": 1.80620706081,
        "dvar": 3.26845049858,
        "dvar2": 5.54982471466,
        "max": 20.6580867767,
        "mean": 3.75326967239,
        "median": 3.21130824089,
        "min": -0.858782410622,
        "var": 7.78183794022
    },
    "melbands_spread": {
        "dmean": 9.79197216034,
        "dmean2": 15.0567932129,
        "dvar": 247.398864746,
        "dvar2": 511.716796875,
        "max": 182.93586731,
        "mean": 24.6993274689,
        "median": 17.4203681946,
        "min": 0.593543231487,
        "var": 662.980712891
    },
    "pitch_salience": {
        "dmean": 0.0921781361103,
        "dmean2": 0.147288635373,
        "dvar": 0.0102712716907,
        "dvar2": 0.0197150353342,
        "max": 0.845012843609,
        "mean": 0.517495036125,
        "median": 0.536143243313,
        "min": 0.0698422342539,
        "var": 0.0206627715379
    },
    "silence_rate_20dB": {
        "dmean": 0,
        "dmean2": 0,
        "dvar": 0,
        "dvar2": 0,
        "max": 1,
        "mean": 1,
        "median": 1,
        "min": 1,
        "var": 0
    },
    "silence_rate_30dB": {
        "dmean": 0.0806201547384,
        "dmean2": 0.161365404725,
        "dvar": 0.0741210281849,
        "dvar2": 0.136876955628,
        "max": 1,
        "mean": 0.883810997009,
        "median": 1,
        "min": 0,
        "var": 0.102687895298
    },
    "silence_rate_60dB": {
        "dmean": 0.0511627905071,
        "dmean2": 0.10240496695,
        "dvar": 0.0485446192324,
        "dvar2": 0.104331985116,
        "max": 1,
        "mean": 0.130906268954,
        "median": 0,
        "min": 0,
        "var": 0.113769225776
    },
    "spectral_centroid": {
        "dmean": 345.167572021,
        "dmean2": 535.788085938,
        "dvar": 155004.40625,
        "dvar2": 371815.65625,
        "max": 4174.39794922,
        "mean": 1425.0715332,
        "median": 1261.56835938,
        "min": 266.091247559,
        "var": 474382.21875
    },
    "spectral_complexity": {
        "dmean": 4.50232553482,
        "dmean2": 6.8929400444,
        "dvar": 30.6049900055,
        "dvar2": 61.6610641479,
        "max": 55,
        "mean": 16.8133220673,
        "median": 15,
        "min": 0,
        "var": 107.423851013
    },
    "spectral_decrease": {
        "dmean": 6.39189723373e-09,
        "dmean2": 9.31581567443e-09,
        "dvar": 1.8222067593e-16,
        "dvar2": 3.59532742992e-16,
        "max": -2.46892943237e-14,
        "mean": -9.8089465439e-09,
        "median": -3.66110697314e-09,
        "min": -8.66360281293e-08,
        "var": 2.74604005154e-16
    },
    "spectral_energy": {
        "dmean": 0.0245966464281,
        "dmean2": 0.0357830561697,
        "dvar": 0.00263821240515,
        "dvar2": 0.0051942775026,
        "max": 0.33025854826,
        "mean": 0.0386558137834,
        "median": 0.0151817807928,
        "min": 1.21391096286e-07,
        "var": 0.00401837937534
    },
    "spectral_energyband_high": {
        "dmean": 0.000688005413394,
        "dmean2": 0.00108244654257,
        "dvar": 1.57866054451e-06,
        "dvar2": 3.79319999411e-06,
        "max": 0.01263823919,
        "mean": 0.00122680747882,
        "median": 0.000591689196881,
        "min": 2.89626758132e-08,
        "var": 3.07886648443e-06
    },
    "spectral_energyband_low": {
        "dmean": 0.0222031865269,
        "dmean2": 0.0327776782215,
        "dvar": 0.0026080107782,
        "dvar2": 0.00527967372909,
        "max": 0.319784522057,
        "mean": 0.0265661347657,
        "median": 0.00317801046185,
        "min": 9.90305476511e-11,
        "var": 0.00356440758333
    },
    "spectral_energyband_middle_high": {
        "dmean": 0.00105910841376,
        "dmean2": 0.00170580926351,
        "dvar": 3.08260382553e-06,
        "dvar2": 8.2086016846e-06,
        "max": 0.0195051822811,
        "mean": 0.00321981101297,
        "median": 0.00186221150216,
        "min": 5.21890832772e-08,
        "var": 1.2433773918e-05
    },
    "spectral_energyband_middle_low": {
        "dmean": 0.005966628436,
        "dmean2": 0.0105013102293,
        "dvar": 0.000162907454069,
        "dvar2": 0.00046679697698,
        "max": 0.104274757206,
        "mean": 0.0097578028217,
        "median": 0.00591268436983,
        "min": 4.02374737973e-08,
        "var": 0.000144623089
    },
    "spectral_entropy": {
        "dmean": 0.148510843515,
        "dmean2": 0.236948892474,
        "dvar": 0.0265314411372,
        "dvar2": 0.071170322597,
        "max": 8.45371246338,
        "mean": 7.67158317566,
        "median": 7.70586967468,
        "min": 6.66095876694,
        "var": 0.11146992445
    },
    "spectral_flux": {
        "dmean": 0.0558196008205,
        "dmean2": 0.0932259634137,
        "dvar": 0.00793185736984,
        "dvar2": 0.017480770126,
        "max": 0.525942146778,
        "mean": 0.10516512394,
        "median": 0.0618943497539,
        "min": 0.000348412257154,
        "var": 0.0131398001686
    },
    "spectral_kurtosis": {
        "dmean": 1.11277985573,
        "dmean2": 1.9247084856,
        "dvar": 1.54306530952,
        "dvar2": 4.36156845093,
        "max": 16.8631725311,
        "mean": 1.46185958385,
        "median": 1.07975387573,
        "min": -1.29486787319,
        "var": 2.77323555946
    },
    "spectral_rms": {
        "dmean": 0.00148459104821,
        "dmean2": 0.00209944345988,
        "dvar": 6.12458870819e-06,
        "dvar2": 1.03120655695e-05,
        "max": 0.0179500263184,
        "mean": 0.00489693600684,
        "median": 0.00384857016616,
        "min": 1.08825706775e-05,
        "var": 1.37330507641e-05
    },
    "spectral_rolloff": {
        "dmean": 703.335266113,
        "dmean2": 1159.55285645,
        "dvar": 1428160,
        "dvar2": 2956599.75,
        "max": 9603.80859375,
        "mean": 1540.13232422,
        "median": 839.794921875,
        "min": 64.599609375,
        "var": 3190352
    },
    "spectral_skewness": {
        "dmean": 0.202666714787,
        "dmean2": 0.326997518539,
        "dvar": 0.0343638919294,
        "dvar2": 0.0874708145857,
        "max": 2.67964315414,
        "mean": 0.922776222229,
        "median": 0.925773382187,
        "min": -0.194355741143,
        "var": 0.133547008038
    },
    "spectral_spread": {
        "dmean": 393900.28125,
        "dmean2": 587105.8125,
        "dvar": 215161552896,
        "dvar2": 374086008832,
        "max": 13652056,
        "mean": 4678858.5,
        "median": 4555836,
        "min": 2617421.25,
        "var": 1.06446821786e+12
    },
    "spectral_strongpeak": {
        "dmean": 0.352112859488,
        "dmean2": 0.580371022224,
        "dvar": 0.271113008261,
        "dvar2": 0.673263251781,
        "max": 6.76747512817,
        "mean": 0.757792711258,
        "median": 0.533900976181,
        "min": 0.000575596757699,
        "var": 0.552075862885
    },
    "zerocrossingrate": {
        "dmean": 0.0144421476871,
        "dmean2": 0.0159776695073,
        "dvar": 0.000252620870015,
        "dvar2": 0.000296997168334,
        "max": 0.306640625,
        "mean": 0.0659209936857,
        "median": 0.05615234375,
        "min": 0.00390625,
        "var": 0.00166043697391
    },
    "barkbands": {
        "dmean": [0.000297574239084, 0.0143453376368, 0.0100790914148, 0.00322974775918, 0.00165783043485, 0.000975975883193, 0.000532837118953, 0.000426873622928, 0.000540697539691, 0.000241309098783, 0.000345200183801, 0.000189066224266, 0.000185733588296, 0.00014696145081, 0.000133331210236, 0.000107245345134, 0.000143936893437, 0.000139655923704, 0.00014211430971, 0.000178984366357, 0.000207363453228, 0.000209337420529, 0.000143611119711, 9.02214742382e-05, 1.96120345208e-05, 2.58337760073e-08, 1.22020011872e-08],
        "dmean2": [0.000440157455159, 0.0218566395342, 0.0179729387164, 0.00590549688786, 0.00277454871684, 0.00163048808463, 0.000901597319171, 0.000650050409604, 0.00086164457025, 0.000383323378628, 0.000514351762831, 0.000297755788779, 0.000314664997859, 0.000239899396547, 0.000219554858631, 0.000184979886399, 0.000245522998739, 0.000241065674345, 0.000236515203142, 0.000295334990369, 0.000345536682289, 0.000335887016263, 0.000226374671911, 0.000131916705868, 2.98436989397e-05, 4.08215150571e-08, 2.0606236717e-08],
        "dvar": [7.58081341701e-07, 0.00150197849143, 0.000774832500611, 6.43757739454e-05, 1.09487345981e-05, 2.33410514738e-06, 1.14725742151e-06, 7.0658830964e-07, 7.63641651247e-07, 2.35359223666e-07, 6.80824371102e-07, 2.30148785363e-07, 1.95111724111e-07, 1.06971668856e-07, 5.14025266796e-08, 4.95156449176e-08, 1.11432207461e-07, 1.08367061102e-07, 7.54961178018e-08, 1.43757574733e-07, 1.82755812261e-07, 1.34548287178e-07, 6.9814774406e-08, 3.17201553912e-08, 4.9904231858e-09, 5.64591716816e-15, 2.5373759202e-15],
        "dvar2": [1.73848968643e-06, 0.0026403137017, 0.0021893705707, 0.000185923636309, 3.04828172375e-05, 6.31519060335e-06, 3.1636075164e-06, 1.5212829112e-06, 1.82771418622e-06, 6.04133276738e-07, 1.42292014971e-06, 4.9107148925e-07, 5.18915271641e-07, 2.81434694216e-07, 1.25499582282e-07, 1.33867402496e-07, 3.07208239292e-07, 2.91698512456e-07, 1.8760205478e-07, 3.83072801924e-07, 4.89628007472e-07, 3.26014884422e-07, 1.63310005519e-07, 5.55099077815e-08, 7.63593366315e-09, 1.35751209129e-14, 6.53819819195e-15],
        "max": [0.00891897361726, 0.238155558705, 0.180784270167, 0.0573904663324, 0.0456755571067, 0.0152465095744, 0.0089613571763, 0.0170402489603, 0.0175105556846, 0.00592983141541, 0.0146798044443, 0.00840236805379, 0.00599576672539, 0.00491440016776, 0.00278346939012, 0.00276235165074, 0.00384632823989, 0.00426441803575, 0.00378203671426, 0.00462470389903, 0.00469852751121, 0.00377963716164, 0.00324582308531, 0.00384245580062, 0.00221229670569, 1.67495215919e-06, 6.41469284801e-07],
        "mean": [0.000252196652582, 0.0155598204583, 0.0086987297982, 0.00321539095603, 0.00235205050558, 0.00173251505475, 0.000751056300942, 0.000690902234055, 0.000898559461348, 0.0003858350683, 0.000744237622712, 0.000388659944292, 0.000327950401697, 0.000289209827315, 0.000218844012124, 0.00014136590471, 0.000210485974094, 0.000226595089771, 0.000222025366384, 0.000268455274636, 0.000318787497235, 0.00033016744419, 0.00020506294095, 0.000195560205611, 3.13525524689e-05, 3.10645944523e-08, 9.34212263104e-09],
        "median": [1.07600453703e-06, 0.00011172152881, 0.00120264536235, 0.000637212768197, 0.000952076574322, 0.00102239509579, 0.000295311096124, 0.000297946768114, 0.000383567065001, 0.000152607710334, 0.000143455225043, 9.53506169026e-05, 9.15870987228e-05, 9.75607399596e-05, 0.000128553409013, 6.68042048346e-05, 0.000121278513689, 0.000134789792355, 0.000101548910607, 0.000128169049276, 0.000127272083773, 0.000149146857439, 6.5311382059e-05, 0.000101533456473, 6.94885420671e-06, 5.56871659896e-09, 3.13662817941e-10],
        "min": [1.00289325455e-11, 2.77656404812e-11, 2.44719418341e-11, 1.41482894844e-10, 2.10263007006e-09, 2.95790254512e-08, 2.85379453402e-09, 1.62680990901e-09, 3.92551813277e-09, 3.21375481782e-09, 2.29467800317e-09, 1.58746686907e-08, 2.95769830849e-09, 1.10827791389e-09, 5.94153704014e-09, 3.04485381353e-10, 8.57590976011e-09, 4.04950206701e-09, 1.94863392089e-09, 7.13391701268e-09, 2.11993089749e-09, 2.82170398158e-09, 5.94408611221e-09, 1.24073453733e-08, 1.3078678418e-10, 4.18264164623e-12, 5.4908863914e-12],
        "var": [7.27042504423e-07, 0.0019794665277, 0.000493485713378, 4.52769127151e-05, 1.65933452081e-05, 4.2977526391e-06, 1.48517926846e-06, 1.9368728772e-06, 2.55713666775e-06, 4.12083323909e-07, 2.64571144726e-06, 8.42506892695e-07, 4.23806994831e-07, 2.53347451462e-07, 7.91798555611e-08, 4.91055338614e-08, 1.01276697251e-07, 1.17170429803e-07, 1.32988617452e-07, 1.91369650793e-07, 3.02146446529e-07, 2.38843625766e-07, 1.1728543825e-07, 9.57667722901e-08, 1.02096926469e-08, 7.91244985656e-15, 2.08727298818e-15]
    },
    "erbbands": {
        "dmean": [0.443444818258, 3.65359544754, 11.5442447662, 11.5482683182, 7.53128194809, 5.0530166626, 6.34756565094, 8.09382534027, 7.76846837997, 6.53655958176, 10.6441068649, 11.1197338104, 6.85540723801, 9.38867282867, 11.7831287384, 5.58145666122, 7.42689275742, 7.77034044266, 5.99832296371, 7.52939748764, 5.024538517, 8.13656330109, 7.33661413193, 6.77459812164, 8.04328155518, 7.98285484314, 9.18970680237, 8.02188301086, 7.77590608597, 6.37290000916, 3.24736976624, 2.22876930237, 1.36492073536, 0.420689404011, 0.0222769677639, 0.00103902246337, 8.16588362795e-05, 1.76406429091e-05, 1.46144393511e-05, 2.77094950434e-05],
        "dmean2": [0.679841160774, 5.57133293152, 20.6216773987, 20.8170871735, 13.5703125, 8.42471122742, 10.0062503815, 13.6586732864, 13.2314252853, 10.4795179367, 16.8046665192, 17.8247890472, 11.0328397751, 14.3530263901, 17.7960033417, 8.85461044312, 12.3750858307, 12.8546037674, 9.69256019592, 12.7757711411, 8.37276935577, 13.91401577, 12.5604562759, 11.5953540802, 13.2478055954, 12.9220476151, 15.6839847565, 12.9209871292, 12.376335144, 10.2474460602, 4.97960042953, 3.35635900497, 1.98858582973, 0.633859872818, 0.0318486653268, 0.00147303566337, 0.000116420393169, 2.60037104454e-05, 2.04695079447e-05, 3.99590135203e-05],
        "dvar": [1.4899725914, 93.3954925537, 1016.69232178, 856.405212402, 302.412902832, 110.375518799, 125.41734314, 202.125930786, 255.585632324, 155.181121826, 386.077606201, 357.80456543, 166.031494141, 358.724212646, 851.403076172, 137.614364624, 319.448791504, 359.740539551, 116.123138428, 194.187164307, 126.702789307, 350.068145752, 297.627807617, 275.282592773, 234.672134399, 277.191558838, 559.065002441, 228.667739868, 202.319351196, 126.729385376, 44.1864204407, 17.5533905029, 8.06897068024, 2.03110289574, 0.00861149094999, 1.68178448803e-05, 4.79391069064e-08, 1.63625146765e-09, 7.0542044428e-10, 3.10683168081e-09],
        "dvar2": [3.01047921181, 197.165008545, 2858.70117188, 2453.8137207, 869.713745117, 297.824279785, 267.946166992, 539.470581055, 729.406677246, 373.051757812, 951.116760254, 872.844482422, 386.83190918, 755.766174316, 1986.01782227, 310.101348877, 843.068359375, 963.323242188, 292.874053955, 523.911682129, 337.967498779, 968.40032959, 789.475891113, 781.696777344, 541.637145996, 719.988586426, 1589.50744629, 565.547119141, 484.203216553, 314.731842041, 100.218460083, 34.4236793518, 14.0824069977, 3.1596930027, 0.0128540191799, 2.46111376327e-05, 7.16878361118e-08, 3.22258530971e-09, 1.34238431482e-09, 6.06446759477e-09],
        "max": [8.2710018158, 63.1562271118, 197.36869812, 159.756256104, 180.145172119, 152.761581421, 253.662322998, 141.694473267, 158.534057617, 241.772872925, 477.275115967, 261.86517334, 181.492889404, 284.958984375, 512.956115723, 188.738708496, 260.720428467, 308.704986572, 142.997131348, 147.483337402, 179.170303345, 214.921798706, 235.127288818, 180.017166138, 262.729064941, 198.811752319, 255.045791626, 200.899993896, 158.111740112, 104.158752441, 105.821174622, 71.1987457275, 69.8492202759, 43.0616035461, 3.34467029572, 0.148121058941, 0.00706568406895, 0.000846898241434, 0.000230714882491, 0.00035877362825],
        "mean": [0.38561925292, 3.74278688431, 9.99740791321, 11.1579694748, 8.28302097321, 7.41898775101, 11.9988899231, 13.5211858749, 11.2589263916, 11.487821579, 19.9809494019, 18.7414455414, 11.9399194717, 19.3591957092, 27.0674419403, 13.1807575226, 14.3137979507, 15.5384435654, 11.8515853882, 11.1604213715, 7.72659063339, 12.3552856445, 12.4961280823, 10.89894104, 12.8585062027, 12.1473894119, 13.2575645447, 12.6063690186, 12.002207756, 9.26141738892, 5.13266611099, 4.35718154907, 2.86449027061, 0.745084881783, 0.0332628674805, 0.00167691661045, 0.000154266337631, 3.09834831569e-05, 2.6170109777e-05, 4.60897863377e-05],
        "median": [0.00170747493394, 0.0668998137116, 1.11062300205, 2.96785926819, 3.57221674919, 2.63840007782, 7.00090074539, 7.18544340134, 5.14610338211, 4.52850532532, 8.51510906219, 7.8430814743, 5.12318754196, 6.01012563705, 4.77095794678, 3.93216204643, 4.69111633301, 5.38892364502, 6.1089515686, 6.21283006668, 4.40106010437, 7.55940198898, 7.51832723618, 5.88599729538, 6.06375360489, 5.75153398514, 5.16255760193, 5.22826337814, 5.21243286133, 3.71910190582, 1.75549030304, 2.13266444206, 1.30872774124, 0.217318847775, 0.00687779393047, 0.000436063040979, 6.24536842224e-05, 1.34481497298e-05, 1.30517128127e-05, 2.04800762731e-05],
        "min": [8.93001561586e-10, 6.29783514228e-09, 3.37085523938e-08, 2.19215294806e-07, 1.3301519175e-06, 1.09945676741e-05, 9.44814819377e-05, 0.000276107020909, 9.56184812821e-05, 1.86631004908e-05, 6.67334315949e-05, 8.82915192051e-05, 3.01054387819e-05, 0.000195729284314, 6.38395795249e-05, 0.000699633790646, 0.000248257012572, 8.19108972792e-05, 0.000305745605147, 0.000250878423685, 8.08383701951e-05, 0.000546987866983, 0.000286991999019, 6.62500387989e-05, 0.000176235305844, 0.000239254470216, 0.000181690877071, 8.17278923932e-05, 3.34237447532e-05, 0.000211986945942, 0.000197717381525, 0.000275271217106, 0.000161195304827, 1.10325445348e-05, 4.16524471802e-07, 3.87363066068e-08, 1.09141176097e-08, 3.9711269828e-09, 1.04317077199e-09, 3.28998606136e-10],
        "var": [1.58696591854, 109.746765137, 677.944091797, 580.912902832, 225.028564453, 232.450408936, 389.43347168, 319.351409912, 326.29699707, 481.415222168, 1715.95471191, 1028.75476074, 361.479431152, 1211.37683105, 3542.57592773, 589.680480957, 727.315673828, 736.680236816, 266.813781738, 231.414291382, 133.334228516, 327.591796875, 336.232666016, 274.817993164, 459.80645752, 408.497497559, 619.798583984, 435.89251709, 342.642333984, 192.832366943, 82.2594909668, 43.1970176697, 25.0427303314, 4.49081516266, 0.0167730115354, 3.39745020028e-05, 1.11145908477e-07, 3.19193538267e-09, 1.2661203197e-09, 4.90495333239e-09]
    },
    "gfcc": {
        "mean": [-34.9688568115, 110.288887024, -147.875671387, 65.2624740601, -89.7515182495, 13.7806692123, -37.7920265198, -11.5072278976, -9.60858726501, -25.3891372681, -0.305130600929, -23.7258529663, 0.459921509027],
        "cov": [[5590.54345703, -294.9921875, 770.417663574, 621.033691406, 302.17791748, 736.736816406, 250.46875, 283.778289795, 16.0960292816, 206.333679199, 8.36844158173, -30.0436592102, -27.6478900909], [-294.9921875, 932.318603516, -30.8279094696, -32.9631004333, 363.964294434, -89.9882583618, 270.493469238, -59.3675308228, 162.136703491, -31.8461914062, 98.7338180542, -56.2924957275, 42.3224983215], [770.417663574, -30.8279094696, 807.90020752, 490.880004883, 148.700393677, 163.941604614, 61.8847694397, 162.400268555, 91.9067001343, 124.018814087, 6.42202281952, 11.9705438614, 7.71989393234], [621.033691406, -32.9631004333, 490.880004883, 551.518188477, 185.25378418, 44.9599761963, 105.244644165, 82.975189209, 88.3934860229, 108.074150085, 16.2956886292, 14.1627569199, 9.65210723877], [302.17791748, 363.964294434, 148.700393677, 185.25378418, 373.743103027, 113.963119507, 233.760299683, 38.0212364197, 112.676055908, 52.0412254333, 99.1825866699, 11.9174594879, 54.6799850464], [736.736816406, -89.9882583618, 163.941604614, 44.9599761963, 113.963119507, 337.885498047, 118.738853455, 72.1791152954, -6.34938621521, 58.5244369507, 28.5091209412, 19.3919086456, 25.7800140381], [250.46875, 270.493469238, 61.8847694397, 105.244644165, 233.760299683, 118.738853455, 280.96395874, 29.2523765564, 102.327285767, 55.2322807312, 73.814239502, 6.48920345306, 46.4077987671], [283.778289795, -59.3675308228, 162.400268555, 82.975189209, 38.0212364197, 72.1791152954, 29.2523765564, 126.194923401, 41.8636741638, 34.2728919983, 8.06000041962, 13.5843658447, 11.8552522659], [16.0960292816, 162.136703491, 91.9067001343, 88.3934860229, 112.676055908, -6.34938621521, 102.327285767, 41.8636741638, 139.305557251, 39.7262382507, 32.0022926331, 1.51318490505, 18.6082229614], [206.333679199, -31.8461914062, 124.018814087, 108.074150085, 52.0412254333, 58.5244369507, 55.2322807312, 34.2728919983, 39.7262382507, 94.6730499268, 40.8088989258, 11.9504175186, 12.8524827957], [8.36844158173, 98.7338180542, 6.42202281952, 16.2956886292, 99.1825866699, 28.5091209412, 73.814239502, 8.06000041962, 32.0022926331, 40.8088989258, 108.017173767, 32.7762031555, 23.2206668854], [-30.0436592102, -56.2924957275, 11.9705438614, 14.1627569199, 11.9174594879, 19.3919086456, 6.48920345306, 13.5843658447, 1.51318490505, 11.9504175186, 32.7762031555, 66.0865707397, 34.4960861206], [-27.6478900909, 42.3224983215, 7.71989393234, 9.65210723877, 54.6799850464, 25.7800140381, 46.4077987671, 11.8552522659, 18.6082229614, 12.8524827957, 23.2206668854, 34.4960861206, 67.7218475342]],
        "icov": [[0.000318007630995, -0.00019311667711, 0.000225350187975, -0.000561972439755, 0.000215536536416, -0.000841512461193, 0.000194793319679, -0.000426459300797, 0.000156932263053, -0.000105320803414, 2.14600750041e-05, 0.000207291406696, 0.000256325321971], [-0.00019311667711, 0.00597662711516, -0.00303854094818, 0.00452735694125, -0.00552872894332, 0.00469637895003, -0.00377623224631, 0.00342369033024, -0.00180168892257, 0.00342389428988, -0.00171876593959, 0.00494321482256, -0.00153156416491], [0.000225350187975, -0.00303854094818, 0.0055772443302, -0.005727393087, 0.00301248952746, -0.00441883783787, 0.00373241398484, -0.00388307822868, -0.000360801524948, -0.00197350792587, 0.000561035296414, -0.00123290717602, 0.000452624197351], [-0.000561972439755, 0.00452735694125, -0.005727393087, 0.0102107785642, -0.00714377732947, 0.00713733490556, -0.00441967416555, 0.00331695820205, 0.000238299209741, -0.00186291674618, 0.00258997059427, -0.000134375804919, 0.00110630947165], [0.000215536536416, -0.00552872894332, 0.00301248952746, -0.00714377732947, 0.014181018807, -0.00652668997645, 0.000198399298824, -0.00235615833662, -0.00129848497454, 0.00196063634939, -0.00503530679271, -0.000259228982031, -0.00262780743651], [-0.000841512461193, 0.00469637895003, -0.00441883783787, 0.00713733490556, -0.00652668997645, 0.0115730501711, -0.00634073419496, 0.00105194177013, 0.0031886419747, -0.00124077766668, 0.00154936825857, 0.000581771600991, -0.000235162093304], [0.000194793319679, -0.00377623224631, 0.00373241398484, -0.00441967416555, 0.000198399298824, -0.00634073419496, 0.0128624578938, -0.00139866629615, -0.0035750598181, -0.00259664398618, -0.000852480472531, -5.35579056304e-05, -0.00187722302508], [-0.000426459300797, 0.00342369033024, -0.00388307822868, 0.00331695820205, -0.00235615833662, 0.00105194177013, -0.00139866629615, 0.0150251006708, -0.00520193669945, 0.00203770422377, -0.000787128927186, 0.000882711377926, -0.00165077322163], [0.000156932263053, -0.00180168892257, -0.000360801524948, 0.000238299209741, -0.00129848497454, 0.0031886419747, -0.0035750598181, -0.00520193669945, 0.0155686186627, -0.00563512463123, 0.00266469712369, -0.00208459235728, 0.00133206869941], [-0.000105320803414, 0.00342389428988, -0.00197350792587, -0.00186291674618, 0.00196063634939, -0.00124077766668, -0.00259664398618, 0.00203770422377, -0.00563512463123, 0.0239912886173, -0.0111982533708, 0.00694874534383, -0.00408491771668], [2.14600750041e-05, -0.00171876593959, 0.000561035296414, 0.00258997059427, -0.00503530679271, 0.00154936825857, -0.000852480472531, -0.000787128927186, 0.00266469712369, -0.0111982533708, 0.021450702101, -0.0129476552829, 0.00548081612214], [0.000207291406696, 0.00494321482256, -0.00123290717602, -0.000134375804919, -0.000259228982031, 0.000581771600991, -5.35579056304e-05, 0.000882711377926, -0.00208459235728, 0.00694874534383, -0.0129476552829, 0.0330004692078, -0.0160910803825], [0.000256325321971, -0.00153156416491, 0.000452624197351, 0.00110630947165, -0.00262780743651, -0.000235162093304, -0.00187722302508, -0.00165077322163, 0.00133206869941, -0.00408491771668, 0.00548081612214, -0.0160910803825, 0.0261318646371]]
    },
    "melbands": {
        "dmean": [0.00380449113436, 0.00555459829047, 0.00189144292381, 0.000435600202763, 0.000208041979931, 0.000180965274922, 0.000115522154374, 7.34138084226e-05, 0.000100512101199, 6.4515050326e-05, 3.47612149199e-05, 3.86515057471e-05, 4.59965704067e-05, 2.30658260989e-05, 1.73358293978e-05, 1.81373725354e-05, 1.50940968524e-05, 1.02211288322e-05, 1.12986072054e-05, 9.01660314412e-06, 5.5516534303e-06, 8.76642479852e-06, 7.63644402468e-06, 7.04135800333e-06, 5.67005099583e-06, 5.52157416678e-06, 6.21042136117e-06, 5.63333469472e-06, 5.56126951778e-06, 6.4717346504e-06, 4.32549450124e-06, 4.7195908337e-06, 3.83600900022e-06, 3.76731577489e-06, 2.00744761969e-06, 1.4961508441e-06, 1.3692642824e-06, 1.07903269964e-06, 7.67714027461e-07, 2.38220309257e-07],
        "dmean2": [0.00585822807625, 0.00949223525822, 0.00339698209427, 0.000751511193812, 0.00032298557926, 0.000305393186864, 0.000196832057554, 0.000115524700959, 0.000158613023814, 0.000103758182377, 5.61622291571e-05, 5.88820767007e-05, 6.760287215e-05, 3.5359080357e-05, 2.84826273855e-05, 2.96737343888e-05, 2.48349642789e-05, 1.63836739375e-05, 1.89567399502e-05, 1.55822035595e-05, 9.1986348707e-06, 1.49296383825e-05, 1.29500840558e-05, 1.23293639263e-05, 9.71712870523e-06, 9.17218767427e-06, 1.02825206341e-05, 9.24413325265e-06, 9.42443875829e-06, 1.10153268906e-05, 6.86044086251e-06, 7.76312208473e-06, 6.1164764702e-06, 6.19549791736e-06, 3.14883732244e-06, 2.31499848269e-06, 2.07165703614e-06, 1.60698505169e-06, 1.16591115784e-06, 3.55173142452e-07],
        "dvar": [0.000107440282591, 0.000212542858208, 2.24359719141e-05, 8.98331734334e-07, 1.35039215365e-07, 9.34486195092e-08, 5.52491208339e-08, 1.8949185332e-08, 3.14829122772e-08, 1.18338370214e-08, 4.29577040606e-09, 5.9120170981e-09, 1.31998474373e-08, 3.49860584947e-09, 1.89313831278e-09, 2.08943240487e-09, 1.26555010915e-09, 3.68400865369e-10, 4.14919931746e-10, 3.50790702042e-10, 1.72335951065e-10, 4.01392613592e-10, 2.24194454668e-10, 3.38044869874e-10, 1.84260301461e-10, 1.19284790379e-10, 1.42860182017e-10, 1.50813750377e-10, 2.16512793805e-10, 1.84370227418e-10, 6.80352441051e-11, 8.45855052667e-11, 4.16004557191e-11, 4.89161038064e-11, 1.87783556066e-11, 8.5539587566e-12, 6.54362414948e-12, 4.43536787159e-12, 4.72622852313e-12, 8.80558158941e-13],
        "dvar2": [0.000178266767762, 0.000569925119635, 6.41386723146e-05, 2.547522854e-06, 2.85858988036e-07, 2.50817635106e-07, 1.57512360488e-07, 4.22229398112e-08, 7.93398626797e-08, 2.89387269703e-08, 1.00303108042e-08, 1.27258248384e-08, 2.9434019666e-08, 6.95855506549e-09, 4.42904113385e-09, 5.53866730257e-09, 3.33485461468e-09, 9.34992527846e-10, 1.04859543271e-09, 9.83022441226e-10, 4.64284694024e-10, 1.11646469847e-09, 5.83261383635e-10, 9.34422206278e-10, 5.323414487e-10, 2.77869643961e-10, 3.49326761961e-10, 3.95832616684e-10, 6.018909815e-10, 5.293123162e-10, 1.63682165044e-10, 2.10333195305e-10, 9.82201264765e-11, 1.25840615706e-10, 4.36487929134e-11, 1.80837792657e-11, 1.28801292548e-11, 8.38320905749e-12, 8.80645816687e-12, 1.24341899624e-12],
        "max": [0.0726830661297, 0.0872670784593, 0.0268086530268, 0.0127445440739, 0.00792800728232, 0.00303584872745, 0.00207670475356, 0.00326067209244, 0.00492067448795, 0.00137133989483, 0.000891204166692, 0.00111317168921, 0.00231319433078, 0.00105233956128, 0.000843034184072, 0.000632026523817, 0.000527406751644, 0.000293737248285, 0.000288080482278, 0.000174739092472, 0.000189921905985, 0.00023713275732, 0.000175405511982, 0.000238808541326, 0.000138226008858, 0.000160669020261, 0.000220124667976, 0.000150195453898, 0.00016068626428, 0.000143909725011, 0.000101172132418, 0.000101219528005, 6.4672298322e-05, 5.45741495444e-05, 7.14822672307e-05, 4.52223830507e-05, 4.33679306298e-05, 4.95394597237e-05, 5.12559199706e-05, 3.17393605656e-05],
        "mean": [0.00395844317973, 0.0052575035952, 0.00188065832481, 0.000548793002963, 0.000400961958803, 0.000314826203976, 0.000163316755788, 0.000125862759887, 0.000187646524864, 0.00010576540808, 5.71100790694e-05, 7.32588305254e-05, 0.000102163321571, 5.01599170093e-05, 2.73455643764e-05, 3.3615364373e-05, 2.83819990727e-05, 1.95460233954e-05, 1.70076364157e-05, 1.20112918012e-05, 8.05616946309e-06, 1.23712488858e-05, 1.25949554786e-05, 1.0544048564e-05, 8.44280384626e-06, 8.60553882376e-06, 9.46063119045e-06, 7.87042608863e-06, 8.00665657152e-06, 8.24628750706e-06, 6.98771418683e-06, 6.88719092068e-06, 6.0254105847e-06, 4.8903066272e-06, 3.00416331811e-06, 2.48829178418e-06, 2.73304681286e-06, 2.19922844735e-06, 1.3836826156e-06, 3.50341395006e-07],
        "median": [1.87116165762e-05, 0.000423177378252, 0.000617858895566, 0.000210976228118, 0.000222570277401, 0.000181966592208, 7.74010768509e-05, 4.93763109262e-05, 7.71069244365e-05, 4.42974378529e-05, 2.35975894611e-05, 2.2960406568e-05, 1.8479040591e-05, 9.42567567108e-06, 1.01653322417e-05, 9.21929040487e-06, 9.49476907408e-06, 8.55025973578e-06, 9.85013775789e-06, 5.57647808819e-06, 4.26703536505e-06, 7.09324058334e-06, 7.34972763894e-06, 5.50857112103e-06, 4.53657685284e-06, 4.03372223445e-06, 4.51878395324e-06, 3.45139369529e-06, 3.2286673104e-06, 2.80093718175e-06, 2.9005043416e-06, 2.81404345515e-06, 2.71472049462e-06, 1.77448794147e-06, 9.14178883704e-07, 9.42399367432e-07, 1.41140401411e-06, 1.02463457097e-06, 4.50726531653e-07, 5.82822465844e-08],
        "min": [8.25325398301e-12, 1.29898140855e-11, 4.51605974838e-11, 3.60067753391e-10, 2.70205191555e-09, 6.01634297936e-09, 1.26074450879e-09, 1.4709534979e-10, 6.73560651698e-10, 5.12597908564e-10, 1.22459611895e-10, 7.92676702055e-10, 2.0574768278e-10, 8.72758088022e-10, 2.06129868729e-09, 1.39706385349e-10, 1.26437041392e-10, 3.03801178658e-10, 5.04875641294e-10, 4.960131611e-11, 7.17150505647e-11, 6.39400143942e-10, 3.71935843235e-10, 1.25200419476e-10, 4.39811589925e-11, 7.19639070557e-11, 1.57618626484e-10, 1.91882731926e-10, 1.65313665534e-10, 9.03185234935e-11, 2.24280437972e-11, 4.05007711396e-12, 8.22207510409e-11, 1.05784339621e-10, 7.79258810257e-11, 1.70268341093e-10, 1.7674255115e-10, 1.66291730386e-10, 1.5270526163e-11, 1.08761567461e-12],
        "var": [0.000139905925607, 0.000174761371454, 1.49675497596e-05, 9.20290176509e-07, 4.77229264106e-07, 1.55208113028e-07, 6.55853469311e-08, 5.80876537981e-08, 1.57551582447e-07, 3.09241556806e-08, 8.99584584602e-09, 1.75663927848e-08, 5.20919734015e-08, 1.52527803721e-08, 3.33602279134e-09, 4.65711380571e-09, 2.57545784699e-09, 9.46023703818e-10, 5.33164401517e-10, 3.36022487613e-10, 1.73866143705e-10, 3.65528385338e-10, 2.90327761832e-10, 3.18839982194e-10, 1.73171921247e-10, 2.37657449276e-10, 2.42766584613e-10, 1.93303789642e-10, 2.29700924947e-10, 2.37195207919e-10, 1.32524283214e-10, 1.25214755231e-10, 7.61322671572e-11, 6.10722236671e-11, 3.19682023908e-11, 1.76273527025e-11, 1.70352568857e-11, 1.36306122639e-11, 1.03773370105e-11, 1.88459534436e-12]
    },
    "mfcc": {
        "mean": [-647.587890625, 98.4616851807, 8.07286453247, 27.3025913239, -9.40477371216, 5.72833967209, -10.0362510681, 2.63536000252, -8.53925800323, -0.823649823666, -7.9926276207, -2.46541285515, -11.2965183258],
        "cov": [[5305.38720703, -404.074676514, 487.924285889, 151.754089355, 316.622253418, 490.337005615, 392.563781738, 219.068511963, 244.962814331, 182.454772949, 169.805435181, 137.198425293, 86.6794967651], [-404.074676514, 941.356018066, -278.361083984, 48.4091186523, 28.972486496, 80.0166168213, 95.0759048462, 70.9575195312, 33.06457901, 102.545372009, 31.9509544373, 37.6690330505, 17.0146579742], [487.924285889, -278.361083984, 667.017944336, 268.700256348, 190.346572876, 77.8586578369, 40.5001068115, 39.6455764771, 109.502189636, 62.9135284424, 59.702457428, 58.6910629272, 67.7606735229], [151.754089355, 48.4091186523, 268.700256348, 579.129272461, 159.26725769, 104.47807312, 42.4941864014, 45.465057373, 94.3050231934, 112.008140564, 44.4646453857, 89.3844528198, 113.681686401], [316.622253418, 28.972486496, 190.346572876, 159.26725769, 213.590164185, 99.7173156738, 94.7369995117, 63.1363754272, 66.7509460449, 59.2204704285, 50.6198120117, 51.4261856079, 48.3105049133], [490.337005615, 80.0166168213, 77.8586578369, 104.47807312, 99.7173156738, 268.40637207, 175.334411621, 73.557258606, 96.8892288208, 84.0465316772, 58.5401420593, 64.9787979126, 45.0922431946], [392.563781738, 95.0759048462, 40.5001068115, 42.4941864014, 94.7369995117, 175.334411621, 234.393096924, 75.1669387817, 74.8467254639, 59.0314369202, 60.3984184265, 62.838092804, 37.5345573425], [219.068511963, 70.9575195312, 39.6455764771, 45.465057373, 63.1363754272, 73.557258606, 75.1669387817, 119.623718262, 69.4624099731, 49.6712532043, 31.473783493, 30.6368122101, 24.4133090973], [244.962814331, 33.06457901, 109.502189636, 94.3050231934, 66.7509460449, 96.8892288208, 74.8467254639, 69.4624099731, 141.521987915, 73.7892913818, 42.7122192383, 27.6596393585, 31.5685958862], [182.454772949, 102.545372009, 62.9135284424, 112.008140564, 59.2204704285, 84.0465316772, 59.0314369202, 49.6712532043, 73.7892913818, 130.463180542, 51.225982666, 44.4789772034, 36.9988174438], [169.805435181, 31.9509544373, 59.702457428, 44.4646453857, 50.6198120117, 58.5401420593, 60.3984184265, 31.473783493, 42.7122192383, 51.225982666, 90.6385650635, 50.670135498, 27.4089508057], [137.198425293, 37.6690330505, 58.6910629272, 89.3844528198, 51.4261856079, 64.9787979126, 62.838092804, 30.6368122101, 27.6596393585, 44.4789772034, 50.670135498, 96.2905273438, 45.3340911865], [86.6794967651, 17.0146579742, 67.7606735229, 113.681686401, 48.3105049133, 45.0922431946, 37.5345573425, 24.4133090973, 31.5685958862, 36.9988174438, 27.4089508057, 45.3340911865, 82.7440643311]],
