{
"lowlevel": {
    "average_loudness": 0.948729276657,
    "barkbands_crest": {
        "dmean": 2.47393202782,
        "dmean2": 3.93859410286,
        "dvar": 6.14167165756,
        "dvar2": 12.5645532608,
        "max": 24.1321983337,
        "mean": 9.9475774765,
        "median": 9.08259868622,
        "min": 3.27069139481,
        "var": 15.9272994995
    },
    "barkbands_flatness_db": {
        "dmean": 0.0236811377108,
        "dmean2": 0.0340071544051,
        "dvar": 0.000533788639586,
        "dvar2": 0.00106628017966,
        "max": 0.315544903278,
        "mean": 0.140893340111,
        "median": 0.141124889255,
        "min": 0.0365626290441,
        "var": 0.00169512140565
    },
    "barkbands_kurtosis": {
        "dmean": 2.57622170448,
        "dmean2": 4.1777677536,
        "dvar": 17.7284832001,
        "dvar2": 38.8176651001,
        "max": 71.5433654785,
        "mean": 3.75378513336,
        "median": 2.33911800385,
        "min": -1.84565937519,
        "var": 28.6394195557
    },
    "barkbands_skewness": {
        "dmean": 0.509821474552,
        "dmean2": 0.817117035389,
        "dvar": 0.346735417843,
        "dvar2": 0.789589285851,
        "max": 8.02687072754,
        "mean": 1.45576131344,
        "median": 1.33869612217,
        "min": -1.03256118298,
        "var": 0.912150263786
    },
    "barkbands_spread": {
        "dmean": 8.67949104309,
        "dmean2": 13.796380043,
        "dvar": 219.608703613,
        "dvar2": 481.84677124,
        "max": 100.161605835,
        "mean": 20.7007541656,
        "median": 15.1707706451,
        "min": 2.03408837318,
        "var": 313.01184082
    },
    "dissonance": {
        "dmean": 0.0238087698817,
        "dmean2": 0.0402376949787,
        "dvar": 0.00049030163791,
        "dvar2": 0.00134163117036,
        "max": 0.498222351074,
        "mean": 0.447950184345,
        "median": 0.453890740871,
        "min": 0.300594061613,
        "var": 0.000985927064903
    },
    "dynamic_complexity": 3.35919070244,
    "erbbands_crest": {
        "dmean": 2.60714817047,
        "dmean2": 4.16711187363,
        "dvar": 6.06328058243,
        "dvar2": 13.6669578552,
        "max": 27.3062534332,
        "mean": 9.90860652924,
        "median": 8.76501274109,
        "min": 2.59490633011,
        "var": 21.3404331207
    },
    "erbbands_flatness_db": {
        "dmean": 0.0213864073157,
        "dmean2": 0.0293780621141,
        "dvar": 0.000485887372633,
        "dvar2": 0.00076880119741,
        "max": 0.254801183939,
        "mean": 0.159135788679,
        "median": 0.165718495846,
        "min": 0.0471882410347,
        "var": 0.00182044750545
    },
    "erbbands_kurtosis": {
        "dmean": 1.02833652496,
        "dmean2": 1.62007427216,
        "dvar": 1.85572421551,
        "dvar2": 4.20297336578,
        "max": 15.1191749573,
        "mean": 1.12651896477,
        "median": 0.236116170883,
        "min": -1.68562698364,
        "var": 5.97892665863
    },
    "erbbands_skewness": {
        "dmean": 0.353579878807,
        "dmean2": 0.555592894554,
        "dvar": 0.117678180337,
        "dvar2": 0.261553317308,
        "max": 3.58816313744,
        "mean": 0.659757852554,
        "median": 0.612050890923,
        "min": -3.33126926422,
        "var": 0.491993635893
    },
    "erbbands_spread": {
        "dmean": 9.54992961884,
        "dmean2": 14.6275930405,
        "dvar": 200.025848389,
        "dvar2": 403.172241211,
        "max": 134.961700439,
        "mean": 35.4359817505,
        "median": 30.7335472107,
        "min": 5.87437391281,
        "var": 450.086761475
    },
    "hfc": {
        "dmean": 15.3199796677,
        "dmean2": 24.4252796173,
        "dvar": 1191.77880859,
        "dvar2": 2993.45239258,
        "max": 244.124191284,
        "mean": 26.6542892456,
        "median": 15.0644130707,
        "min": 5.34737455382e-06,
        "var": 1241.14916992
    },
    "melbands_crest": {
        "dmean": 2.91150903702,
        "dmean2": 4.69098854065,
        "dvar": 7.5260310173,
        "dvar2": 16.4284973145,
        "max": 29.3074951172,
        "mean": 13.4097146988,
        "median": 12.6536684036,
        "min": 4.76561975479,
        "var": 23.1511726379
    },
    "melbands_flatness_db": {
        "dmean": 0.0266143847257,
        "dmean2": 0.0395955555141,
        "dvar": 0.00088423397392,
        "dvar2": 0.00180576124694,
        "max": 0.416999310255,
        "mean": 0.209193959832,
        "median": 0.208049014211,
        "min": 0.0703715384007,
        "var": 0.00284162419848
    },
    "melbands_kurtosis": {
        "dmean": 6.14808416367,
        "dmean2": 9.72491359711,
        "dvar": 225.478057861,
        "dvar2": 543.260742188,
        "max": 268.974060059,
        "mean": 10.7104024887,
        "median": 6.18045425415,
        "min": -0.971932888031,
        "var": 292.046051025
    },
    "melbands_skewness": {
        "dmean": 0.621534049511,
        "dmean2": 0.955311655998,
        "dvar": 0.681619763374,
        "dvar2": 1.45321261883,
        "max": 12.9283657074,
        "mean": 2.24302196503,
        "median": 2.02543783188,
        "min": -0.441122531891,
        "var": 2.19281959534
    },
    "melbands_spread": {
        "dmean": 6.07771396637,
        "dmean2": 9.68425559998,
        "dvar": 102.65246582,
        "dvar2": 223.988555908,
        "max": 180.133682251,
        "mean": 19.6113510132,
        "median": 16.8721828461,
        "min": 1.73171293736,
        "var": 241.981994629
    },
    "pitch_salience": {
        "dmean": 0.0639913529158,
        "dmean2": 0.100418813527,
        "dvar": 0.00404661148787,
        "dvar2": 0.00854311045259,
        "max": 0.794963300228,
        "mean": 0.55142301321,
        "median": 0.565586864948,
        "min": 0.154598623514,
        "var": 0.0111171919852
    },
    "silence_rate_20dB": {
        "dmean": 0,
        "dmean2": 0,
        "dvar": 0,
        "dvar2": 0,
        "max": 1,
        "mean": 1,
        "median": 1,
        "min": 1,
        "var": 0
    },
    "silence_rate_30dB": {
        "dmean": 0.0030959751457,
        "dmean2": 0.00619674660265,
        "dvar": 0.00308636040427,
        "dvar2": 0.00925659667701,
        "max": 1,
        "mean": 0.998453199863,
        "median": 1,
        "min": 0,
        "var": 0.00154439266771
    },
    "silence_rate_60dB": {
        "dmean": 0.00464396271855,
        "dmean2": 0.00929511990398,
        "dvar": 0.00462239980698,
        "dvar2": 0.00920868851244,
        "max": 1,
        "mean": 0.080433100462,
        "median": 0,
        "min": 0,
        "var": 0.0739638730884
    },
    "spectral_centroid": {
        "dmean": 217.8097229,
        "dmean2": 346.254821777,
        "dvar": 108695.726562,
        "dvar2": 255860.34375,
        "max": 4482.34082031,
        "mean": 994.480651855,
        "median": 901.622680664,
        "min": 301.963684082,
        "var": 217711.546875
    },
    "spectral_complexity": {
        "dmean": 2.90866875648,
        "dmean2": 4.69093704224,
        "dvar": 14.8878936768,
        "dvar2": 37.4821281433,
        "max": 47,
        "mean": 16.5104408264,
        "median": 17,
        "min": 0,
        "var": 44.6211128235
    },
    "spectral_decrease": {
        "dmean": 2.00053218435e-09,
        "dmean2": 3.05604208606e-09,
        "dvar": 8.85486919571e-18,
        "dvar2": 2.03170877828e-17,
        "max": -1.79247206474e-15,
        "mean": -7.46440420585e-09,
        "median": -6.59093757349e-09,
        "min": -3.19646815683e-08,
        "var": 2.61695792138e-17
    },
    "spectral_energy": {
        "dmean": 0.00822259206325,
        "dmean2": 0.0122594824061,
        "dvar": 0.000128247629618,
        "dvar2": 0.000282987544779,
        "max": 0.122767806053,
        "mean": 0.0305900070816,
        "median": 0.0271972008049,
        "min": 7.25021509496e-09,
        "var": 0.000425888225436
    },
    "spectral_energyband_high": {
        "dmean": 0.00117837183643,
        "dmean2": 0.00191501074005,
        "dvar": 9.17166289582e-06,
        "dvar2": 2.2804539185e-05,
        "max": 0.0275413300842,
        "mean": 0.00115338852629,
        "median": 0.000170452593011,
        "min": 2.59010451975e-10,
        "var": 9.13587246032e-06
    },
    "spectral_energyband_low": {
        "dmean": 0.00449409103021,
        "dmean2": 0.00714414287359,
        "dvar": 0.000124790516566,
        "dvar2": 0.000288209383143,
        "max": 0.111675806344,
        "mean": 0.00898328702897,
        "median": 0.00459846388549,
        "min": 3.32783911539e-09,
        "var": 0.000193209954887
    },
    "spectral_energyband_middle_high": {
        "dmean": 0.00184181123041,
        "dmean2": 0.00276075466536,
        "dvar": 9.15562668524e-06,
        "dvar2": 1.92390762095e-05,
        "max": 0.0510650500655,
        "mean": 0.00575496628881,
        "median": 0.00361193995923,
        "min": 6.89870216508e-10,
        "var": 4.13509442296e-05
    },
    "spectral_energyband_middle_low": {
        "dmean": 0.00422146683559,
        "dmean2": 0.00644590100273,
        "dvar": 2.59412463492e-05,
        "dvar2": 6.0714486608e-05,
        "max": 0.0751099064946,
        "mean": 0.0160214584321,
        "median": 0.0142619349062,
        "min": 3.37451599997e-09,
        "var": 0.000122061130241
    },
    "spectral_entropy": {
        "dmean": 0.22399751842,
        "dmean2": 0.31720906496,
        "dvar": 0.0703910514712,
        "dvar2": 0.115848496556,
        "max": 8.77656269073,
        "mean": 7.37041759491,
        "median": 7.26706933975,
        "min": 6.46131515503,
        "var": 0.225089117885
    },
    "spectral_flux": {
        "dmean": 0.0250355545431,
        "dmean2": 0.0385340712965,
        "dvar": 0.000884023902472,
        "dvar2": 0.00202528340742,
        "max": 0.27986907959,
        "mean": 0.076867505908,
        "median": 0.0649054944515,
        "min": 8.51481963764e-05,
        "var": 0.00229718908668
    },
    "spectral_kurtosis": {
        "dmean": 1.93826138973,
        "dmean2": 3.11788201332,
        "dvar": 4.29197645187,
        "dvar2": 10.0514507294,
        "max": 25.2071323395,
        "mean": 5.46298217773,
        "median": 5.1508731842,
        "min": -0.94818687439,
        "var": 11.1021051407
    },
    "spectral_rms": {
        "dmean": 0.000671709771268,
        "dmean2": 0.000986598199233,
        "dvar": 5.996508321e-07,
        "dvar2": 1.22100311728e-06,
        "max": 0.0109441066161,
        "mean": 0.00508333649486,
        "median": 0.00515110231936,
        "min": 2.65958283308e-06,
        "var": 4.00357612307e-06
    },
    "spectral_rolloff": {
        "dmean": 1107.27770996,
        "dmean2": 2024.62341309,
        "dvar": 7022862.5,
        "dvar2": 17596046,
        "max": 13242.9199219,
        "mean": 1653.67541504,
        "median": 990.52734375,
        "min": 86.1328125,
        "var": 6169185.5
    },
    "spectral_skewness": {
        "dmean": 0.259122014046,
        "dmean2": 0.412521600723,
        "dvar": 0.0802064314485,
        "dvar2": 0.164363354445,
        "max": 3.80438828468,
        "mean": 1.87903130054,
        "median": 1.9052311182,
        "min": 0.0187474898994,
        "var": 0.252382278442
    },
    "spectral_spread": {
        "dmean": 1143594.25,
        "dmean2": 1642284,
        "dvar": 2.96674394112e+12,
        "dvar2": 5.1052979159e+12,
        "max": 16378948,
        "mean": 5106732,
        "median": 4217372,
        "min": 2057647.875,
        "var": 6.39103506842e+12
    },
    "spectral_strongpeak": {
        "dmean": 0.501797795296,
        "dmean2": 0.810796141624,
        "dvar": 0.494140207767,
        "dvar2": 1.14208567142,
        "max": 7.31230974197,
        "mean": 1.19762265682,
        "median": 0.63550555706,
        "min": 5.64568326809e-05,
        "var": 1.71070814133
    },
    "zerocrossingrate": {
        "dmean": 0.0176038239151,
        "dmean2": 0.022425385192,
        "dvar": 0.000686210114509,
        "dvar2": 0.000986772822216,
        "max": 0.30712890625,
        "mean": 0.0590914711356,
        "median": 0.044921875,
        "min": 0.00537109375,
        "var": 0.00204946729355
    },
    "barkbands": {
        "dmean": [6.07882429904e-05, 0.0035875858739, 0.00147167628165, 0.000802516122349, 0.00137060903944, 0.001300140284, 0.00115336163435, 0.00087609590264, 0.00112712127157, 0.000680207798723, 0.000535733124707, 0.000365181826055, 0.000627559435088, 0.000247536430834, 0.000211766440771, 0.000122769110021, 0.000147282044054, 0.000138658375363, 0.000153537941515, 6.1010439822e-05, 7.78404864832e-05, 4.65012126369e-05, 0.000102481950307, 0.000173019099748, 0.000352038478013, 0.000437678652816, 1.54311146616e-05],
        "dmean2": [8.53459423524e-05, 0.00571103068069, 0.00257074506953, 0.00127732101828, 0.00216943537816, 0.0020261136815, 0.00163931504358, 0.00132649100851, 0.00158959685359, 0.00100577867124, 0.00084848474944, 0.000567741692066, 0.000996639602818, 0.000384646904422, 0.000334167940309, 0.000184795746463, 0.000228372751735, 0.000227529759286, 0.000265083072009, 0.000100280587503, 0.000134523637826, 7.10230815457e-05, 0.00014937906235, 0.000265722745098, 0.000592362426687, 0.000757948844694, 2.57288829744e-05],
        "dvar": [2.50454181838e-08, 9.51841575443e-05, 2.05594769795e-05, 2.33275295614e-06, 4.05126093028e-06, 8.08327968116e-06, 6.58183626001e-06, 3.18738807437e-06, 5.75140393266e-06, 4.02819296141e-06, 2.58130694419e-06, 1.10497671812e-06, 1.89182901522e-06, 3.55832042942e-07, 4.11295047797e-07, 4.18795380597e-08, 7.26535773765e-08, 9.4989452748e-08, 1.45744792235e-07, 1.54996264712e-08, 4.6817589805e-08, 1.02462065499e-08, 8.48500150141e-08, 2.62136154561e-07, 9.16158739983e-07, 1.68542339907e-06, 2.06003858416e-09],
        "dvar2": [4.9576836858e-08, 0.00020766450325, 5.7616882259e-05, 5.58238480153e-06, 1.1276103578e-05, 1.89278234757e-05, 1.34736656037e-05, 6.73382237437e-06, 1.04652945083e-05, 9.07394223759e-06, 6.16891065874e-06, 2.42304236053e-06, 4.06251638196e-06, 7.66434538946e-07, 9.9994804259e-07, 9.20989577935e-08, 1.66493848042e-07, 2.45456533321e-07, 4.00823324753e-07, 3.99767436932e-08, 1.28986840764e-07, 2.01476098027e-08, 1.69094150237e-07, 5.68250129618e-07, 2.33936725635e-06, 4.42210603069e-06, 5.21844034651e-09],
        "max": [0.00214594369754, 0.0857151225209, 0.0464907698333, 0.0233541913331, 0.0327018238604, 0.0637554600835, 0.0435528717935, 0.0262708384544, 0.0467025190592, 0.0437288023531, 0.0255839247257, 0.0247685294598, 0.0213521979749, 0.0119283348322, 0.0151629261672, 0.00472193071619, 0.0037040701136, 0.00559803983197, 0.00312174134888, 0.00113602890633, 0.00166165013798, 0.00226094503887, 0.0075360648334, 0.0117641482502, 0.00647071981803, 0.00872284546494, 0.000324343622196],
        "mean": [0.000106526917079, 0.00569200422615, 0.00238200509921, 0.00158662628382, 0.00353573053144, 0.00287866638973, 0.00269547407515, 0.00168245448731, 0.00283017614856, 0.00148650200572, 0.00107030244544, 0.000633820076473, 0.000988060957752, 0.000441383279394, 0.000386144325603, 0.000263037916739, 0.00029393681325, 0.000223003939027, 0.000203326213523, 8.80938241608e-05, 7.34310306143e-05, 7.53271597205e-05, 0.000152225140482, 0.000214552128455, 0.000284809444565, 0.000311247102218, 1.11275940071e-05],
        "median": [1.16541878015e-05, 0.00195959303528, 0.000923182698898, 0.000938414828852, 0.00226764893159, 0.00125130778179, 0.00095248920843, 0.000518441025633, 0.000585626345128, 0.000479908339912, 0.000323960470269, 0.000265336100711, 0.000358659162885, 0.000162370080943, 0.000108522493974, 0.000127040519146, 0.000130412372528, 0.000101900681329, 7.40207178751e-05, 4.31622684118e-05, 1.93995765585e-05, 2.47477837547e-05, 3.13996497425e-05, 3.71385431208e-05, 1.34316151161e-05, 7.58085070629e-06, 7.97273500552e-08],
        "min": [7.41949279792e-11, 1.44368517141e-09, 1.39235578622e-09, 1.61841179347e-10, 6.33562202701e-10, 9.78754965963e-10, 1.27039254116e-10, 3.13758075077e-10, 1.1213897172e-10, 6.33050695198e-11, 8.03442243291e-11, 1.32474170522e-10, 1.00073352383e-10, 7.70228741898e-11, 2.14270563098e-11, 3.60446082703e-11, 4.64450136337e-12, 1.78453311156e-11, 3.25876235718e-11, 1.76934630142e-11, 2.9705182758e-11, 2.82156849968e-11, 3.26552326846e-11, 3.23805600388e-11, 2.79912048401e-11, 3.48148523899e-11, 5.63721638813e-11],
        "var": [4.77977231128e-08, 0.000129800726427, 1.82834100997e-05, 5.20670664628e-06, 1.30023454403e-05, 2.2606795028e-05, 2.15034979192e-05, 1.04399878182e-05, 3.70766174456e-05, 1.52849006554e-05, 7.20041998648e-06, 1.9860476641e-06, 4.54263863503e-06, 1.04664422906e-06, 1.05798096683e-06, 1.46777395571e-07, 2.23062983196e-07, 1.49518697867e-07, 1.47804357198e-07, 1.64959850224e-08, 3.27948121992e-08, 3.17263904037e-08, 2.53157139696e-07, 4.38825878746e-07, 7.33524473162e-07, 1.20344657262e-06, 1.57574864268e-09]
    },
    "erbbands": {
        "dmean": [0.0995886027813, 0.894829511642, 1.85545361042, 1.92310094833, 3.44837450981, 5.14169359207, 8.45976352692, 11.665099144, 12.70362854, 21.476442337, 14.639547348, 29.8241672516, 22.6349372864, 16.5776252747, 23.9568805695, 14.0065355301, 31.253370285, 11.9046316147, 12.9892320633, 7.42815637589, 5.50093173981, 7.55890750885, 7.3601193428, 7.45986938477, 6.31721687317, 3.24639868736, 3.73232698441, 1.88112509251, 1.52001392841, 2.45169568062, 3.05223178864, 3.35764527321, 3.04566931725, 2.63818144798, 2.99772119522, 2.4411072731, 0.701259493828, 0.0911883562803, 0.00195517437533, 7.68551690271e-05],
        "dmean2": [0.141714975238, 1.46583521366, 3.26643824577, 3.13906669617, 5.4260931015, 7.9816198349, 12.8370552063, 18.5162467957, 18.2447090149, 33.0788116455, 21.2943325043, 41.6945037842, 34.2402763367, 24.253118515, 37.3388290405, 20.8784713745, 49.4959335327, 18.9040145874, 19.8643112183, 11.5829792023, 8.3712387085, 11.734498024, 11.8858480453, 13.1617860794, 10.3227977753, 5.40596294403, 6.61470413208, 3.05606579781, 2.38225078583, 3.67899870872, 4.467004776, 5.09011697769, 4.66852855682, 4.23683595657, 5.12909936905, 4.3385424614, 1.20070159435, 0.149037569761, 0.00320145930164, 0.000125248654513],
        "dvar": [0.0736807063222, 5.94999742508, 31.8072605133, 14.2659225464, 36.142250061, 64.2133560181, 286.833892822, 747.59185791, 693.237731934, 2163.32714844, 1275.38330078, 4638.45800781, 5110.70605469, 2238.17041016, 4038.31567383, 1841.82006836, 4903.75927734, 611.047607422, 1284.93603516, 379.123626709, 110.84349823, 205.815444946, 242.597930908, 463.244689941, 173.714050293, 51.869430542, 133.578033447, 18.6585559845, 10.654094696, 40.1147651672, 74.8727035522, 98.0808792114, 83.5768356323, 45.1374969482, 70.6627883911, 55.7228012085, 4.22100496292, 0.065225340426, 3.00032697851e-05, 4.00967650194e-08],
        "dvar2": [0.141750231385, 14.1973714828, 88.4459838867, 37.0786399841, 94.863899231, 177.168014526, 663.724121094, 1811.39465332, 1389.0513916, 4893.23876953, 2393.86254883, 7961.52294922, 11906.5898438, 5255.48730469, 8872.49121094, 3753.88916016, 10841.8056641, 1522.27600098, 2792.89160156, 960.94909668, 223.349563599, 467.364654541, 621.587585449, 1320.14294434, 436.592041016, 138.575241089, 374.654907227, 46.2315597534, 21.8743495941, 78.5529174805, 142.180587769, 205.878875732, 181.038909912, 105.63306427, 184.22265625, 150.247192383, 10.9565095901, 0.158999577165, 7.33386768843e-05, 1.00059317276e-07],
        "max": [2.78173756599, 20.5154151917, 60.336063385, 47.9790840149, 67.7338790894, 128.250305176, 279.655059814, 562.446899414, 427.333465576, 722.928649902, 676.90637207, 1350.39172363, 1634.71691895, 1120.47497559, 1178.4954834, 1160.53723145, 1058.30090332, 436.468109131, 818.558532715, 513.729492188, 282.766601562, 239.634429932, 294.00189209, 173.554397583, 134.481445312, 63.5606269836, 92.1255645752, 65.2126693726, 61.3382797241, 153.801254272, 219.174423218, 251.021438599, 188.346343994, 65.4606323242, 59.3533287048, 48.167591095, 15.5638122559, 1.8759354353, 0.0393575914204, 0.00144253415056],
        "mean": [0.1529815346, 1.30684268475, 2.94838500023, 4.10052871704, 7.21114063263, 12.9637775421, 19.4507064819, 25.5661888123, 32.1098861694, 45.2131385803, 34.1306343079, 77.7608718872, 53.6287879944, 35.2955245972, 48.1863746643, 27.776391983, 51.0038795471, 22.0303173065, 26.5291633606, 16.4132575989, 13.0529356003, 16.5561313629, 13.076748848, 9.29189968109, 9.64960193634, 4.51802539825, 3.27857899666, 2.3117120266, 2.4505405426, 3.54470443726, 4.67605876923, 4.82068157196, 3.30994534492, 2.39886260033, 2.33392453194, 1.69184446335, 0.498593270779, 0.0687661021948, 0.00148985849228, 8.80119769135e-05],
        "median": [0.0430403575301, 0.470878332853, 1.25423443317, 2.54782629013, 4.50884008408, 7.66754961014, 9.94977760315, 10.5077600479, 13.6423540115, 14.2800703049, 11.947218895, 16.6452732086, 15.2751531601, 12.8775978088, 18.6804027557, 11.0461540222, 19.4422206879, 10.8575057983, 9.23011779785, 7.01672458649, 6.35036611557, 8.31380367279, 6.51436662674, 3.36588072777, 3.7329416275, 2.2437069416, 0.863971054554, 0.755169212818, 0.846013784409, 0.874462902546, 0.906551599503, 0.971539914608, 0.446350723505, 0.148242115974, 0.0972776338458, 0.0508731603622, 0.00940128881484, 0.000985212507658, 4.04682577937e-05, 3.66837084584e-05],
        "min": [2.60005066366e-08, 3.86934090102e-07, 1.56845487709e-06, 2.44983334596e-06, 5.92644596509e-07, 1.44663238189e-06, 2.11668270822e-06, 6.12343046669e-06, 1.24852226691e-06, 9.19068588701e-06, 3.6105802792e-06, 3.34092760568e-06, 3.09071583615e-06, 2.27761211136e-06, 6.16222723693e-06, 5.95985602558e-06, 5.44675867786e-06, 5.03663886775e-06, 2.5129079404e-06, 2.55464328802e-06, 5.92240951391e-07, 3.34197494567e-07, 1.13628630061e-06, 1.30657053887e-06, 1.44984801409e-06, 9.79793526312e-07, 1.46178660998e-06, 1.12088855531e-06, 6.88654438363e-07, 9.65295839706e-07, 9.89539444163e-07, 8.19087631498e-07, 4.49146710935e-07, 2.66272422778e-07, 2.28543811431e-07, 1.38154490514e-07, 6.15215611788e-08, 3.11831449551e-08, 6.62360832848e-09, 8.37405866871e-10],
        "var": [0.107270382345, 7.07989168167, 28.0679798126, 27.2672538757, 76.0511856079, 203.251831055, 979.33380127, 1850.20898438, 2970.45825195, 5740.62304688, 5111.71289062, 30098.0332031, 21222.0058594, 5305.02294922, 11000.5107422, 3898.88427734, 11777.1318359, 1259.16381836, 4173.01708984, 848.49206543, 454.795959473, 701.445007324, 403.816741943, 356.89440918, 288.676574707, 48.6460762024, 83.711730957, 22.8714122772, 27.1343917847, 121.397758484, 241.628723145, 213.050216675, 116.655509949, 45.7542457581, 53.2785682678, 37.4121398926, 3.07667565346, 0.0535238832235, 2.45262272074e-05, 3.35425767162e-08]
    },
    "gfcc": {
        "mean": [-0.370620399714, 101.802986145, -107.656806946, 19.4270267487, -60.9855957031, 20.022480011, -43.2218818665, 11.6744384766, -24.9379463196, -1.38782763481, -10.5534334183, 1.3924331665, -14.6254444122],
        "cov": [[7660.86523438, -988.921936035, 218.505157471, -358.557098389, 44.4330787659, 52.0243988037, -103.23072052, 454.60723877, 22.6583881378, 280.368438721, -104.676956177, 230.76625061, -77.009147644], [-988.921936035, 1852.01281738, -608.988464355, 183.276184082, 106.449729919, -185.463592529, 209.073425293, -181.145141602, 259.843353271, -208.372894287, 291.927154541, -155.869659424, 203.84928894], [218.505157471, -608.988464355, 702.166625977, -7.38349056244, 57.7436218262, 84.0085144043, -24.0556869507, 80.8070678711, -90.5125961304, 162.075073242, -70.4530258179, 105.133079529, -76.2500457764], [-358.557098389, 183.276184082, -7.38349056244, 303.395477295, 96.0704879761, -17.7426738739, -8.91415596008, -89.8850402832, 38.895980835, -43.8552093506, 26.7389678955, -50.2051010132, 95.3059005737], [44.4330787659, 106.449729919, 57.7436218262, 96.0704879761, 227.78855896, -22.6940917969, -4.87832355499, -8.52917385101, 29.0179080963, 23.0030727386, -13.4983148575, 5.7392168045, 50.252368927], [52.0243988037, -185.463592529, 84.0085144043, -17.7426738739, -22.6940917969, 144.879013062, 14.5720310211, 22.2344779968, -7.88687229156, 9.72519111633, -29.8392944336, 11.2240257263, -22.9311885834], [-103.23072052, 209.073425293, -24.0556869507, -8.91415596008, -4.87832355499, 14.5720310211, 245.108459473, 49.157333374, 15.6576395035, -0.89188337326, 59.0679359436, -20.6858692169, -21.3747215271], [454.60723877, -181.145141602, 80.8070678711, -89.8850402832, -8.52917385101, 22.2344779968, 49.157333374, 173.913162231, 6.89219093323, 52.493522644, -18.5380382538, 28.2228527069, -57.69789505], [22.6583881378, 259.843353271, -90.5125961304, 38.895980835, 29.0179080963, -7.88687229156, 15.6576395035, 6.89219093323, 145.583435059, -4.08347463608, 41.2038459778, -15.8550624847, 47.1006088257], [280.368438721, -208.372894287, 162.075073242, -43.8552093506, 23.0030727386, 9.72519111633, -0.89188337326, 52.493522644, -4.08347463608, 123.849761963, -12.6376132965, 43.3669548035, -33.2677307129], [-104.676956177, 291.927154541, -70.4530258179, 26.7389678955, -13.4983148575, -29.8392944336, 59.0679359436, -18.5380382538, 41.2038459778, -12.6376132965, 136.511138916, 2.12400245667, 18.7883453369], [230.76625061, -155.869659424, 105.133079529, -50.2051010132, 5.7392168045, 11.2240257263, -20.6858692169, 28.2228527069, -15.8550624847, 43.3669548035, 2.12400245667, 98.9971313477, 2.65268993378], [-77.009147644, 203.84928894, -76.2500457764, 95.3059005737, 50.252368927, -22.9311885834, -21.3747215271, -57.69789505, 47.1006088257, -33.2677307129, 18.7883453369, 2.65268993378, 136.715652466]],
        "icov": [[0.000175226916326, 8.24589224067e-05, 0.000100915131043, 9.44367129705e-05, -9.06573914108e-05, 8.18214721221e-06, 8.99356018635e-05, -0.000384545885026, -5.32812300662e-05, -0.000185907221748, -8.38103005663e-05, -0.00012616055028, -0.000160247087479], [8.24589224067e-05, 0.0025795721449, 0.000292378681479, 0.00122605299111, -0.00145124876872, 0.00157580256928, -0.00144590937998, 0.00133044424001, -0.00254731369205, 0.00218258053064, -0.0033877377864, 0.00215410790406, -0.00152581720613], [0.000100915131043, 0.000292378681479, 0.0030559070874, -0.00119143095799, -0.000545180635527, -0.000985754420981, -5.28944437974e-05, -0.000406744977226, 0.00107104517519, -0.00277565722354, 0.000278978783172, -0.00202061189339, 0.000967399391811], [9.44367129705e-05, 0.00122605299111, -0.00119143095799, 0.00692078052089, -0.00252786627971, 0.000543250702322, -0.000474947330076, 0.00202614138834, -0.00155473058112, 0.00229221349582, -0.00300658750348, 0.004813301377, -0.00404963456094], [-9.06573914108e-05, -0.00145124876872, -0.000545180635527, -0.00252786627971, 0.00682267313823, 0.000336009194143, 0.000279362051515, -0.000868339673616, 0.00049542466877, -0.0024455555249, 0.00346579146571, -0.00181707087904, -0.000410081964219], [8.18214721221e-06, 0.00157580256928, -0.000985754420981, 0.000543250702322, 0.000336009194143, 0.00931514799595, -0.00199727388099, 0.000974850263447, -0.00286109885201, 0.00264334166422, 0.000209050936974, 0.000396670395276, -0.000142921751831], [8.99356018635e-05, -0.00144590937998, -5.28944437974e-05, -0.000474947330076, 0.000279362051515, -0.00199727388099, 0.00637698220089, -0.003133013146, 0.00206629373133, -0.00131839886308, -0.00124299922027, 0.000676853233017, 0.000870270596351], [-0.000384545885026, 0.00133044424001, -0.000406744977226, 0.00202614138834, -0.000868339673616, 0.000974850263447, -0.003133013146, 0.0108916247264, -0.00378630380146, 0.000321107945638, 9.83496574918e-05, -0.000175307766767, 0.00212223595008], [-5.32812300662e-05, -0.00254731369205, 0.00107104517519, -0.00155473058112, 0.00049542466877, -0.00286109885201, 0.00206629373133, -0.00378630380146, 0.0126282507554, -0.00444693071768, 0.000326169974869, 1.06474217318e-05, -0.00196529645473], [-0.000185907221748, 0.00218258053064, -0.00277565722354, 0.00229221349582, -0.0024455555249, 0.00264334166422, -0.00131839886308, 0.000321107945638, -0.00444693071768, 0.0166472457349, -0.00295552238822, -0.00050682912115, 0.000765532546211], [-8.38103005663e-05, -0.0033877377864, 0.000278978783172, -0.00300658750348, 0.00346579146571, 0.000209050936974, -0.00124299922027, 9.83496574918e-05, 0.000326169974869, -0.00295552238822, 0.0154908588156, -0.00653861556202, 0.00303036114201], [-0.00012616055028, 0.00215410790406, -0.00202061189339, 0.004813301377, -0.00181707087904, 0.000396670395276, 0.000676853233017, -0.000175307766767, 1.06474217318e-05, -0.00050682912115, -0.00653861556202, 0.0191664826125, -0.00659932661802], [-0.000160247087479, -0.00152581720613, 0.000967399391811, -0.00404963456094, -0.000410081964219, -0.000142921751831, 0.000870270596351, 0.00212223595008, -0.00196529645473, 0.000765532546211, 0.00303036114201, -0.00659932661802, 0.0145952552557]]
    },
    "melbands": {
        "dmean": [0.000905248045456, 0.00101874757092, 0.000369448243873, 0.000294846395263, 0.000279867672361, 0.000250107026659, 0.000209864447243, 0.000230158912018, 0.000132826695335, 0.000178438960575, 0.000111624831334, 6.55388939776e-05, 8.00943744252e-05, 4.6515273425e-05, 5.47017189092e-05, 5.63939356653e-05, 2.15291274799e-05, 2.25553267228e-05, 1.43357983688e-05, 8.66081609274e-06, 7.13092913429e-06, 8.15887051431e-06, 1.05403287307e-05, 5.02979446537e-06, 6.51270920571e-06, 5.65525260754e-06, 3.21813649862e-06, 1.87241232652e-06, 2.49518393503e-06, 1.76361015747e-06, 8.94921697636e-07, 8.3139985918e-07, 1.09643565338e-06, 1.54086239945e-06, 1.79128869604e-06, 1.92768266061e-06, 2.11389419746e-06, 2.20317429012e-06, 2.0695231342e-06, 2.21587492888e-06],
        "dmean2": [0.00139726884663, 0.00174234062433, 0.000602697895374, 0.000465310178697, 0.000431313237641, 0.000393694586819, 0.000299451232422, 0.000354376999894, 0.000195874279598, 0.000249482080108, 0.000170823579538, 9.57429292612e-05, 0.000127219507704, 7.15089190635e-05, 8.72249438544e-05, 8.85307526914e-05, 3.42640487361e-05, 3.44064501405e-05, 2.28398548643e-05, 1.35031741593e-05, 1.11162644316e-05, 1.26833147078e-05, 1.70685580088e-05, 8.3815148173e-06, 1.15854663818e-05, 9.5461273304e-06, 5.12303677169e-06, 3.12725683216e-06, 4.49811886938e-06, 3.02045737044e-06, 1.42406042869e-06, 1.33938897307e-06, 1.64815332937e-06, 2.34238882513e-06, 2.62658090833e-06, 2.89576200885e-06, 3.21622451338e-06, 3.40940937349e-06, 3.29723820869e-06, 3.58341299034e-06],
        "dvar": [6.25382017461e-06, 8.20139757707e-06, 4.53361309383e-07, 2.0971785375e-07, 2.55750279621e-07, 3.2231415048e-07, 2.02321743359e-07, 2.20810377982e-07, 1.03066675194e-07, 1.72285041344e-07, 1.32141408926e-07, 3.45932740231e-08, 4.94720104882e-08, 1.67345906021e-08, 1.7198507507e-08, 1.48787000498e-08, 2.444376479e-09, 3.61745078337e-09, 1.84763737643e-09, 2.21366203146e-10, 1.74105646567e-10, 2.77761397216e-10, 6.42543185325e-10, 1.30191787906e-10, 3.64285129839e-10, 1.70482974959e-10, 3.45983033889e-11, 1.75587513279e-11, 6.67089369855e-11, 2.01317938014e-11, 4.63952270699e-12, 3.36173363452e-12, 5.65718348902e-12, 1.83954899924e-11, 2.58238257167e-11, 2.7561909352e-11, 4.00518680721e-11, 5.2892312058e-11, 2.94215381225e-11, 3.28215579715e-11],
        "dvar2": [1.20493141367e-05, 2.19566773012e-05, 1.17299316571e-06, 5.61233719054e-07, 6.21526453415e-07, 7.74562806782e-07, 4.10241767668e-07, 5.11957637173e-07, 1.98937371465e-07, 2.9804172641e-07, 3.08776662905e-07, 7.88923983919e-08, 1.16909987469e-07, 3.41449393204e-08, 3.71940700461e-08, 3.37724195276e-08, 6.07125461016e-09, 7.21911819213e-09, 4.7127377556e-09, 5.25483656588e-10, 3.63882812771e-10, 6.23212315087e-10, 1.67729297118e-09, 3.42410655385e-10, 1.04380359911e-09, 4.53287379854e-10, 8.46719847014e-11, 4.67266607351e-11, 1.88254967171e-10, 5.45582017064e-11, 1.13141978425e-11, 7.50150636053e-12, 1.1052236383e-11, 3.96198421293e-11, 4.92400495378e-11, 5.52156098621e-11, 8.45462588828e-11, 1.18174484087e-10, 6.4507670039e-11, 7.92520632453e-11],
        "max": [0.0222880467772, 0.0296426918358, 0.0080443546176, 0.00784049276263, 0.00820395350456, 0.012103007175, 0.00711857015267, 0.00689891865477, 0.00563077256083, 0.0081760333851, 0.00824534147978, 0.00418217713013, 0.00340324314311, 0.00332702416927, 0.00236915703863, 0.00193355663214, 0.00077455653809, 0.00139923987444, 0.000832321355119, 0.000307095004246, 0.000283073546598, 0.000316648365697, 0.000618461985141, 0.000113873269584, 0.000152669861563, 0.000110679095087, 6.80884913891e-05, 4.1357579903e-05, 6.42842860543e-05, 3.46514389093e-05, 4.00110257033e-05, 3.20373619616e-05, 6.07145739195e-05, 0.00010144089174, 0.000125652557472, 0.000126582526718, 0.000156885682372, 0.000149659303133, 8.36215331219e-05, 4.42541349912e-05],
        "mean": [0.00148647266906, 0.00163944519591, 0.000787960947491, 0.000749560480472, 0.000679256801959, 0.000548507610802, 0.000516194966622, 0.000472315965453, 0.000307615671773, 0.000461232179077, 0.000248249765718, 0.000131094624521, 0.000163150456501, 7.97131942818e-05, 9.87592720776e-05, 8.58592029545e-05, 3.73265029339e-05, 4.374314085e-05, 2.76087248494e-05, 1.79131875484e-05, 1.49820252773e-05, 1.67536181834e-05, 1.8374512365e-05, 7.33136266717e-06, 7.44113549445e-06, 7.65049480833e-06, 5.26366966369e-06, 2.34015146816e-06, 1.99755527319e-06, 1.74402975972e-06, 1.1754686966e-06, 1.27472549138e-06, 1.66407414781e-06, 2.06987738238e-06, 2.61686477643e-06, 2.96756638818e-06, 2.86766544377e-06, 2.38805523622e-06, 2.01138936973e-06, 1.9528026769e-06],
        "median": [0.000481470604427, 0.000716154347174, 0.000519850000273, 0.000478500674944, 0.000392579124309, 0.000232765014516, 0.000206013268325, 0.000153076267452, 8.69063951541e-05, 9.29731613724e-05, 6.0962021962e-05, 4.26707229053e-05, 5.58357896807e-05, 3.38023783115e-05, 3.20027938869e-05, 3.43304818671e-05, 1.49722400238e-05, 1.43664492498e-05, 9.76709907263e-06, 8.5054716692e-06, 6.12301118963e-06, 6.55094208923e-06, 8.55908183439e-06, 3.25473615703e-06, 2.39317773776e-06, 2.59172861661e-06, 2.22261292038e-06, 1.05890262603e-06, 4.42474316742e-07, 4.56815996586e-07, 3.6734081732e-07, 4.70900886285e-07, 4.65133240368e-07, 4.52941634421e-07, 4.90201273351e-07, 6.22136610673e-07, 5.45642137695e-07, 3.07442718395e-07, 1.53075987441e-07, 1.07723536757e-07],
        "min": [3.21451532059e-10, 7.31011140509e-10, 5.02558272775e-10, 1.1613526113e-10, 7.3555640745e-11, 1.60124344339e-10, 1.75530492919e-11, 9.93529286619e-11, 2.71813457159e-11, 1.92327126447e-11, 1.4412956939e-11, 6.32202189904e-12, 1.38831758589e-11, 1.84010532506e-11, 1.18617502973e-11, 9.6539382391e-12, 9.46171439808e-12, 4.71517659986e-12, 1.83269523689e-12, 2.23344866906e-12, 1.69826365427e-13, 3.1536123539e-13, 6.84147725451e-13, 9.12067079847e-13, 1.12014336608e-12, 9.98053636264e-13, 9.38576039805e-13, 5.15337989296e-13, 1.03633388763e-12, 6.5110970001e-13, 5.22818604815e-13, 3.13921170959e-13, 6.51314560011e-13, 4.67605609181e-13, 5.15122504114e-13, 6.95569524287e-13, 4.53490570833e-13, 3.33417673895e-13, 2.74551919827e-13, 2.00704565272e-13],
        "var": [9.30454643822e-06, 8.33608009998e-06, 8.66270966071e-07, 6.48281002213e-07, 8.98113341918e-07, 8.32313901356e-07, 8.23277105155e-07, 5.98661642925e-07, 4.09613619468e-07, 1.11210147224e-06, 5.36029574505e-07, 8.34103914826e-08, 1.47030007724e-07, 2.7427301319e-08, 4.79199364634e-08, 3.14744248442e-08, 5.47081713265e-09, 1.24520660449e-08, 4.05949895921e-09, 7.71128605415e-10, 6.83731959938e-10, 1.02319908102e-09, 1.15120379895e-09, 1.6796272706e-10, 2.67459804304e-10, 2.16796205987e-10, 6.3817090501e-11, 1.58813275031e-11, 4.04731942405e-11, 1.50555783118e-11, 7.35815141456e-12, 7.06725129807e-12, 1.75695066135e-11, 4.72192736301e-11, 8.04427843781e-11, 7.91077620077e-11, 8.13669132071e-11, 7.09520150965e-11, 3.58131198308e-11, 3.07091643781e-11]
    },
    "mfcc": {
        "mean": [-647.965820312, 135.563659668, 8.99145507812, 7.46653795242, 6.96604919434, 2.00233817101, -1.60487365723, 8.86008834839, -10.6452732086, 3.66190648079, -2.55652737617, 1.9268399477, -1.81080162525],
        "cov": [[6275.41259766, -162.111450195, -135.175628662, -216.606185913, 74.6917037964, -210.170928955, -54.7966194153, 72.2777786255, 90.9530487061, 112.135772705, 149.060409546, 2.15983247757, 49.0174980164], [-162.111450195, 1247.94335938, -337.01953125, 159.452713013, -94.9674682617, -10.4524564743, -32.0008544922, 70.5260696411, -66.5603561401, 73.6808395386, -9.40131473541, 71.8844223022, 60.1495857239], [-135.175628662, -337.01953125, 454.298217773, -35.1858978271, 36.363067627, 32.9344139099, 62.9106636047, -20.2396774292, 20.2342777252, -21.3881092072, 35.0239944458, 33.1307792664, 32.1500053406], [-216.606185913, 159.452713013, -35.1858978271, 287.152496338, 76.927192688, 41.7561798096, 23.0574817657, -37.2636222839, 27.1973381042, 5.65569067001, -49.331325531, 4.55136919022, 38.6707000732], [74.6917037964, -94.9674682617, 36.363067627, 76.927192688, 273.267822266, 49.7306938171, -56.8872032166, -63.9234848022, 53.7925033569, -24.0205345154, -31.0590991974, -53.7200546265, -3.18344306946], [-210.170928955, -10.4524564743, 32.9344139099, 41.7561798096, 49.7306938171, 149.556365967, 8.71745967865, -23.1479053497, 24.5255832672, -17.5165023804, -33.3581733704, 6.785343647, -13.6662168503], [-54.7966194153, -32.0008544922, 62.9106636047, 23.0574817657, -56.8872032166, 8.71745967865, 169.69569397, 29.2565727234, 6.78167772293, 1.11139202118, 27.448928833, 28.3319892883, 8.97701644897], [72.2777786255, 70.5260696411, -20.2396774292, -37.2636222839, -63.9234848022, -23.1479053497, 29.2565727234, 126.131118774, -3.47380137444, 35.1772232056, 31.2864170074, 13.8064441681, -4.41217708588], [90.9530487061, -66.5603561401, 20.2342777252, 27.1973381042, 53.7925033569, 24.5255832672, 6.78167772293, -3.47380137444, 122.330589294, 24.087638855, -8.06093597412, -21.4596099854, -8.99074268341], [112.135772705, 73.6808395386, -21.3881092072, 5.65569067001, -24.0205345154, -17.5165023804, 1.11139202118, 35.1772232056, 24.087638855, 101.541503906, 38.0751457214, 14.4690208435, -11.508939743], [149.060409546, -9.40131473541, 35.0239944458, -49.331325531, -31.0590991974, -33.3581733704, 27.448928833, 31.2864170074, -8.06093597412, 38.0751457214, 112.580352783, 36.9325408936, 0.281759917736], [2.15983247757, 71.8844223022, 33.1307792664, 4.55136919022, -53.7200546265, 6.785343647, 28.3319892883, 13.8064441681, -21.4596099854, 14.4690208435, 36.9325408936, 100.711479187, 32.9859771729], [49.0174980164, 60.1495857239, 32.1500053406, 38.6707000732, -3.18344306946, -13.6662168503, 8.97701644897, -4.41217708588, -8.99074268341, -11.508939743, 0.281759917736, 32.9859771729, 112.289520264]],
