{
"lowlevel": {
    "average_loudness": 0.971742212772,
    "barkbands_crest": {
        "dmean": 3.23736357689,
        "dmean2": 5.12328195572,
        "dvar": 11.71367836,
        "dvar2": 25.6714839935,
        "max": 25.9929084778,
        "mean": 17.7895450592,
        "median": 18.3343257904,
        "min": 3.15959262848,
        "var": 30.3906097412
    },
    "barkbands_flatness_db": {
        "dmean": 0.0815690606833,
        "dmean2": 0.103858433664,
        "dvar": 0.00527693377808,
        "dvar2": 0.0107008796185,
        "max": 0.981737971306,
        "mean": 0.426714599133,
        "median": 0.439427226782,
        "min": 0.072802759707,
        "var": 0.0230668652803
    },
    "barkbands_kurtosis": {
        "dmean": 48.7612915039,
        "dmean2": 80.2602462769,
        "dvar": 16076.2509766,
        "dvar2": 40276.7304688,
        "max": 1915.39147949,
        "mean": 51.2704734802,
        "median": 13.2270755768,
        "min": -1.89955091476,
        "var": 16309.7783203
    },
    "barkbands_skewness": {
        "dmean": 2.05046653748,
        "dmean2": 3.23348641396,
        "dvar": 7.89156389236,
        "dvar2": 19.1766967773,
        "max": 29.8670864105,
        "mean": 3.64555954933,
        "median": 2.84609270096,
        "min": -3.22843337059,
        "var": 12.3966169357
    },
    "barkbands_spread": {
        "dmean": 6.18209791183,
        "dmean2": 10.5345745087,
        "dvar": 161.157989502,
        "dvar2": 428.669799805,
        "max": 89.8315124512,
        "mean": 6.31829071045,
        "median": 2.05164933205,
        "min": 0.0551364868879,
        "var": 131.841293335
    },
    "dissonance": {
        "dmean": 0.0576138496399,
        "dmean2": 0.0942445620894,
        "dvar": 0.00280993874185,
        "dvar2": 0.00657212687656,
        "max": 0.499658346176,
        "mean": 0.374163508415,
        "median": 0.385010749102,
        "min": 0.0845335423946,
        "var": 0.00698269251734
    },
    "dynamic_complexity": 3.11622929573,
    "erbbands_crest": {
        "dmean": 3.96812725067,
        "dmean2": 6.49771356583,
        "dvar": 13.5946006775,
        "dvar2": 31.9240112305,
        "max": 28.0900497437,
        "mean": 13.5292730331,
        "median": 12.6883592606,
        "min": 2.74310517311,
        "var": 32.9699630737
    },
    "erbbands_flatness_db": {
        "dmean": 0.0513547062874,
        "dmean2": 0.0658120140433,
        "dvar": 0.00194925046526,
        "dvar2": 0.00355938402936,
        "max": 0.549284756184,
        "mean": 0.290259540081,
        "median": 0.287954241037,
        "min": 0.0959505289793,
        "var": 0.00922645442188
    },
    "erbbands_kurtosis": {
        "dmean": 9.1088218689,
        "dmean2": 14.5161056519,
        "dvar": 424.591949463,
        "dvar2": 885.98046875,
        "max": 332.351348877,
        "mean": 11.0736141205,
        "median": 3.46958732605,
        "min": -1.86248028278,
        "var": 875.666625977
    },
    "erbbands_skewness": {
        "dmean": 1.12183260918,
        "dmean2": 1.70634996891,
        "dvar": 1.53204286098,
        "dvar2": 3.42369270325,
        "max": 15.7771205902,
        "mean": 1.50753986835,
        "median": 1.11891853809,
        "min": -3.36459851265,
        "var": 3.91503143311
    },
    "erbbands_spread": {
        "dmean": 15.4609527588,
        "dmean2": 22.9088516235,
        "dvar": 564.839172363,
        "dvar2": 1158.95629883,
        "max": 180.041763306,
        "mean": 24.8246364594,
        "median": 12.2328004837,
        "min": 0.413877874613,
        "var": 896.989440918
    },
    "hfc": {
        "dmean": 8.81349372864,
        "dmean2": 14.4923067093,
        "dvar": 264.136077881,
        "dvar2": 701.26940918,
        "max": 120.709442139,
        "mean": 12.1885824203,
        "median": 7.13720464706,
        "min": 0.000129076855956,
        "var": 250.505264282
    },
    "melbands_crest": {
        "dmean": 4.24346208572,
        "dmean2": 6.59019899368,
        "dvar": 18.4236812592,
        "dvar2": 41.5818443298,
        "max": 37.8886871338,
        "mean": 24.8426055908,
        "median": 25.6900615692,
        "min": 4.95910263062,
        "var": 54.2353591919
    },
    "melbands_flatness_db": {
        "dmean": 0.0982313752174,
        "dmean2": 0.120452336967,
        "dvar": 0.00786688178778,
        "dvar2": 0.0161308422685,
        "max": 1,
        "mean": 0.536392450333,
        "median": 0.550551056862,
        "min": 0.0665682479739,
        "var": 0.0360747538507
    },
    "melbands_kurtosis": {
        "dmean": 58.4229698181,
        "dmean2": 93.2908248901,
        "dvar": 24582.875,
        "dvar2": 59665.2382812,
        "max": 3081.92211914,
        "mean": 66.2997970581,
        "median": 22.578119278,
        "min": -1.75746583939,
        "var": 23695.2148438
    },
    "melbands_skewness": {
        "dmean": 1.96634793282,
        "dmean2": 3.03327870369,
        "dvar": 7.50417089462,
        "dvar2": 17.1602478027,
        "max": 38.3341636658,
        "mean": 4.36796665192,
        "median": 3.58758282661,
        "min": -1.0856525898,
        "var": 12.7935686111
    },
    "melbands_spread": {
        "dmean": 4.83621406555,
        "dmean2": 8.34297084808,
        "dvar": 150.514633179,
        "dvar2": 439.45223999,
        "max": 245.540740967,
        "mean": 5.22217178345,
        "median": 1.91883587837,
        "min": 0.0511490553617,
        "var": 113.986618042
    },
    "pitch_salience": {
        "dmean": 0.105039127171,
        "dmean2": 0.157910108566,
        "dvar": 0.012110571377,
        "dvar2": 0.025423290208,
        "max": 0.844189822674,
        "mean": 0.350826054811,
        "median": 0.345808982849,
        "min": 0.0059282486327,
        "var": 0.0348316170275
    },
    "silence_rate_20dB": {
        "dmean": 0,
        "dmean2": 0,
        "dvar": 0,
        "dvar2": 0,
        "max": 1,
        "mean": 1,
        "median": 1,
        "min": 1,
        "var": 0
    },
    "silence_rate_30dB": {
        "dmean": 0.130804955959,
        "dmean2": 0.26171118021,
        "dvar": 0.113694421947,
        "dvar2": 0.201732605696,
        "max": 1,
        "mean": 0.74119925499,
        "median": 1,
        "min": 0,
        "var": 0.191824480891
    },
    "silence_rate_60dB": {
        "dmean": 0.00541795650497,
        "dmean2": 0.0108401086181,
        "dvar": 0.00538870925084,
        "dvar2": 0.0130458613858,
        "max": 1,
        "mean": 0.0201160535216,
        "median": 0,
        "min": 0,
        "var": 0.0197110939771
    },
    "spectral_centroid": {
        "dmean": 223.014389038,
        "dmean2": 376.714782715,
        "dvar": 221117.875,
        "dvar2": 599076.875,
        "max": 5066.16015625,
        "mean": 432.711425781,
        "median": 278.970733643,
        "min": 44.0866622925,
        "var": 238458.671875
    },
    "spectral_complexity": {
        "dmean": 3.26238393784,
        "dmean2": 5.45257472992,
        "dvar": 37.1901893616,
        "dvar2": 100.681526184,
        "max": 47,
        "mean": 7.18839454651,
        "median": 6,
        "min": 0,
        "var": 40.5390052795
    },
    "spectral_decrease": {
        "dmean": 6.31591001721e-09,
        "dmean2": 8.7054434772e-09,
        "dvar": 4.4203397043e-17,
        "dvar2": 9.1859134943e-17,
        "max": -4.37062664977e-14,
        "mean": -1.78043357835e-08,
        "median": -1.60704587415e-08,
        "min": -6.57461001197e-08,
        "var": 1.74908637544e-16
    },
    "spectral_energy": {
        "dmean": 0.0241585578769,
        "dmean2": 0.0334618613124,
        "dvar": 0.000644975982141,
        "dvar2": 0.00134565040935,
        "max": 0.252396792173,
        "mean": 0.0683031529188,
        "median": 0.0618352405727,
        "min": 2.90183976404e-07,
        "var": 0.00253384257667
    },
    "spectral_energyband_high": {
        "dmean": 0.000643956242129,
        "dmean2": 0.00114644120913,
        "dvar": 2.40297981691e-06,
        "dvar2": 6.52559720038e-06,
        "max": 0.0088286427781,
        "mean": 0.000429783569416,
        "median": 1.58683269547e-06,
        "min": 6.85952405988e-11,
        "var": 1.63816923759e-06
    },
    "spectral_energyband_low": {
        "dmean": 0.0219723787159,
        "dmean2": 0.0288170594722,
        "dvar": 0.000619496742729,
        "dvar2": 0.00126673525665,
        "max": 0.224928826094,
        "mean": 0.0549332462251,
        "median": 0.0408058650792,
        "min": 2.17161169047e-08,
        "var": 0.00240706279874
    },
    "spectral_energyband_middle_high": {
        "dmean": 0.000890171679202,
        "dmean2": 0.00143463339191,
        "dvar": 4.35135189036e-06,
        "dvar2": 1.02860849438e-05,
        "max": 0.039813362062,
        "mean": 0.00098312983755,
        "median": 8.86694688234e-05,
        "min": 5.082502752e-10,
        "var": 6.99391921444e-06
    },
    "spectral_energyband_middle_low": {
        "dmean": 0.010704934597,
        "dmean2": 0.017758095637,
        "dvar": 0.000350934424205,
        "dvar2": 0.000916986493394,
        "max": 0.184770926833,
        "mean": 0.0144623732194,
        "median": 0.006129167974,
        "min": 9.81400560818e-08,
        "var": 0.000430590996984
    },
    "spectral_entropy": {
        "dmean": 0.581098079681,
        "dmean2": 0.769805848598,
        "dvar": 0.403908729553,
        "dvar2": 0.808990359306,
        "max": 8.65117931366,
        "mean": 5.88750839233,
        "median": 5.67700004578,
        "min": 2.6650364399,
        "var": 1.23191571236
    },
    "spectral_flux": {
        "dmean": 0.0451635979116,
        "dmean2": 0.0664431527257,
        "dvar": 0.00227254768834,
        "dvar2": 0.00396711146459,
        "max": 0.368016391993,
        "mean": 0.110089026392,
        "median": 0.0841227173805,
        "min": 0.000640396436211,
        "var": 0.00641154032201
    },
    "spectral_kurtosis": {
        "dmean": 61.6318626404,
        "dmean2": 90.0144882202,
        "dvar": 8854.17773438,
        "dvar2": 19395.5820312,
        "max": 1023.66381836,
        "mean": 98.442855835,
        "median": 26.0606994629,
        "min": -1.24246180058,
        "var": 19928.53125
    },
    "spectral_rms": {
        "dmean": 0.00157079461496,
        "dmean2": 0.00217325217091,
        "dvar": 2.46046352004e-06,
        "dvar2": 5.01454269397e-06,
        "max": 0.0156920608133,
        "mean": 0.00745867192745,
        "median": 0.00776705006137,
        "min": 1.68257629412e-05,
        "var": 1.10053788376e-05
    },
    "spectral_rolloff": {
        "dmean": 356.325714111,
        "dmean2": 672.315856934,
        "dvar": 1300279.875,
        "dvar2": 3810835.5,
        "max": 9453.07617188,
        "mean": 376.420776367,
        "median": 150.732421875,
        "min": 43.06640625,
        "var": 771423.625
    },
    "spectral_skewness": {
        "dmean": 2.43118286133,
        "dmean2": 3.27735853195,
        "dvar": 7.07879447937,
        "dvar2": 13.2961320877,
        "max": 24.9833068848,
        "mean": 6.22010993958,
        "median": 4.2752366066,
        "min": -0.304865807295,
        "var": 27.141122818
    },
    "spectral_spread": {
        "dmean": 1279845.625,
        "dmean2": 1552432.75,
        "dvar": 2.23358877696e+12,
        "dvar2": 3.62624476774e+12,
        "max": 12582434,
        "mean": 3072346,
        "median": 2012137,
        "min": 101265.695312,
        "var": 7.70145936998e+12
    },
    "spectral_strongpeak": {
        "dmean": 0.250918984413,
        "dmean2": 0.378364294767,
        "dvar": 0.139930069447,
        "dvar2": 0.346309602261,
        "max": 5.0589966774,
        "mean": 0.635046780109,
        "median": 0.585303366184,
        "min": 0,
        "var": 0.246497660875
    },
    "zerocrossingrate": {
        "dmean": 0.00805021543056,
        "dmean2": 0.0106949284673,
        "dvar": 0.000165849545738,
        "dvar2": 0.000243622256676,
        "max": 0.15771484375,
        "mean": 0.0151576856151,
        "median": 0.0078125,
        "min": 0.00146484375,
        "var": 0.000341946695698
    },
    "barkbands": {
        "dmean": [0.00111295247916, 0.0178572684526, 0.00646881293505, 0.00535373296589, 0.00332610821351, 0.00138998765033, 0.0015641375212, 0.000357075798092, 0.000391617970308, 0.00023746608349, 6.31447328487e-05, 5.86385358474e-05, 7.25060890545e-05, 0.000101564917713, 0.000126991129946, 0.000114602175017, 0.000145020341733, 5.02751281601e-05, 8.23051232146e-05, 7.20453535905e-05, 5.27249394509e-05, 8.99497317732e-05, 0.000117247640446, 0.000284669047687, 7.61215560487e-05, 9.40550890505e-08, 2.86455903442e-09],
        "dmean2": [0.00150338339154, 0.0233200546354, 0.00960524193943, 0.0092342235148, 0.00567592028528, 0.00235344073735, 0.0026603997685, 0.00059876544401, 0.000686011277139, 0.000359743367881, 0.00010770719382, 0.000103483704152, 0.000121569348266, 0.000158484326676, 0.000190526436199, 0.000185714845429, 0.000248045573244, 8.32804580568e-05, 0.000141805692692, 0.000132860252052, 9.58743112278e-05, 0.000159756295034, 0.0002089838963, 0.000506657466758, 0.000136470436701, 1.73622339616e-07, 5.15317521987e-09],
        "dvar": [1.52671429987e-06, 0.000433072447777, 0.000280935142655, 0.000201085189474, 3.14614480885e-05, 8.05427134765e-06, 1.4918308807e-05, 1.15847637971e-06, 4.13940233557e-06, 4.90592526603e-07, 3.31677370013e-08, 3.38624666085e-08, 4.44115286768e-08, 2.35612873212e-07, 4.29692164516e-07, 1.81163883894e-07, 2.30830323744e-07, 2.75476175204e-08, 1.31506723733e-07, 6.80833451838e-08, 2.78253686758e-08, 6.25256078024e-08, 8.48737968795e-08, 4.63247346261e-07, 3.59898848501e-08, 6.00361028794e-14, 1.31158791902e-17],
        "dvar2": [2.88385558633e-06, 0.000985472928733, 0.000555604929104, 0.000541754532605, 7.94501029304e-05, 2.19317698793e-05, 3.92605434172e-05, 2.66398501481e-06, 1.15898174045e-05, 9.53773906076e-07, 7.73579458269e-08, 8.99521808151e-08, 1.05332823352e-07, 5.19613934102e-07, 9.31725139708e-07, 3.97199897861e-07, 5.48699119918e-07, 6.29470591207e-08, 3.26310328091e-07, 1.93299527496e-07, 7.7128703424e-08, 1.73066098341e-07, 2.32036384773e-07, 1.2459906884e-06, 9.7743203753e-08, 1.66508828752e-13, 4.02878714391e-17],
        "max": [0.0151696810499, 0.199679359794, 0.168984815478, 0.13751038909, 0.0542557425797, 0.0323032699525, 0.0472033619881, 0.0260303970426, 0.0380981378257, 0.0101554179564, 0.00387058546767, 0.00331040890887, 0.00339242909104, 0.00992750376463, 0.0183290243149, 0.00906384922564, 0.0132219204679, 0.00288433721289, 0.00717851007357, 0.00356670678593, 0.0026762529742, 0.00279398914427, 0.00239328318276, 0.00364649738185, 0.00130693695974, 1.61554919487e-06, 2.46917206681e-08],
        "mean": [0.00300729786977, 0.0423105731606, 0.00715780351311, 0.00560572417453, 0.00428269803524, 0.00185674487147, 0.00189972051885, 0.000372222653823, 0.000327714020386, 0.000265393347945, 5.92975775362e-05, 4.93073093821e-05, 6.17699915892e-05, 9.81914126896e-05, 0.000144574703882, 0.00011537764658, 0.000128681131173, 4.27677150583e-05, 6.14626405877e-05, 4.69138030894e-05, 3.60744306818e-05, 6.14205637248e-05, 7.80040718382e-05, 0.000184709817404, 4.86912067572e-05, 5.7757834071e-08, 2.46068143639e-09],
        "median": [0.00202724291012, 0.0249383319169, 0.000897544494364, 0.000681587029248, 0.0014104405418, 0.000500889902469, 0.000429024308687, 5.5216558394e-05, 3.30457660311e-05, 3.97277690354e-05, 7.19023182683e-06, 5.2892119129e-06, 5.37959249414e-06, 1.19343815186e-06, 1.55204509156e-06, 9.62201852417e-07, 4.55929296095e-07, 2.84479256152e-07, 2.70518654588e-07, 2.18194131207e-07, 1.64730565189e-07, 2.33158573337e-07, 3.06665498329e-07, 5.2905653547e-07, 1.5816713983e-07, 2.16697570998e-09, 8.20366441445e-10],
        "min": [2.01105732067e-09, 1.63963564948e-09, 8.6622720108e-10, 3.69188413174e-09, 4.3040017772e-08, 2.01749053019e-08, 3.93501409235e-09, 9.13218722864e-10, 2.89548218735e-10, 1.24316959504e-10, 5.48941066214e-11, 7.49373479936e-11, 2.81788134493e-11, 1.74077193632e-11, 1.6833473851e-11, 7.60150709739e-12, 1.00035865008e-11, 1.0802053696e-11, 5.02897549992e-12, 6.47078050864e-12, 1.04501867229e-11, 7.62232204438e-12, 9.94241581426e-12, 1.15688231564e-11, 1.02496379439e-11, 3.80794744695e-12, 5.10736808748e-12],
        "var": [8.43868929223e-06, 0.00192195200361, 0.000346031389199, 0.000203116651392, 4.56390625914e-05, 1.23363179227e-05, 2.01561269932e-05, 1.45350827552e-06, 2.74551985058e-06, 7.08841412234e-07, 3.91899668273e-08, 2.71572844213e-08, 4.74168615483e-08, 3.21883590004e-07, 6.77677519434e-07, 2.88266647885e-07, 3.46384354089e-07, 3.30351426214e-08, 1.12508203642e-07, 4.54842314923e-08, 2.10397015366e-08, 4.24860679971e-08, 5.70756384377e-08, 3.12155094662e-07, 2.3598515142e-08, 3.67525766222e-14, 1.27054958632e-17]
    },
    "erbbands": {
        "dmean": [0.722223222256, 3.32286310196, 6.66605138779, 13.2869472504, 14.6292943954, 9.63398742676, 10.2945175171, 13.4334306717, 22.6953887939, 13.9270572662, 6.94449996948, 7.89165353775, 8.37889957428, 5.28132772446, 2.71030282974, 2.27310442924, 3.27145218849, 3.82572937012, 7.16669607162, 5.48388433456, 6.69645595551, 8.29245662689, 3.24588060379, 3.16078281403, 4.62473297119, 3.42450761795, 2.32102560997, 2.09580111504, 3.12332344055, 2.58012056351, 3.55392146111, 5.8703212738, 4.53377008438, 1.73641443253, 0.10062853992, 0.00458640558645, 0.00027109956136, 3.89379492844e-05, 1.67331072589e-05, 2.70697692031e-05],
        "dmean2": [0.903167009354, 4.60826253891, 9.30869960785, 21.3137531281, 24.9115447998, 16.1344070435, 17.4970474243, 22.8460178375, 38.2762870789, 23.5176143646, 12.0803594589, 13.3906478882, 13.3226976395, 8.48756217957, 4.61357307434, 3.9675796032, 5.48613929749, 5.95945358276, 10.8499250412, 8.15920639038, 11.0050115585, 14.3277168274, 5.33434486389, 5.33469343185, 8.22927188873, 6.29846334457, 4.28831863403, 3.73074507713, 5.5346622467, 4.61421871185, 6.27100229263, 10.5354375839, 8.0443611145, 3.12344551086, 0.174430608749, 0.00798651576042, 0.000476194312796, 6.87202846166e-05, 2.6871684895e-05, 3.9033122448e-05],
        "dvar": [0.761872053146, 18.0192241669, 245.539672852, 1187.16479492, 939.276672363, 299.252410889, 335.24331665, 900.104980469, 3224.91821289, 996.274597168, 721.229187012, 1165.11047363, 1221.91174316, 222.255706787, 61.4548606873, 40.6013565063, 83.7322311401, 232.942214966, 1096.42333984, 897.731445312, 442.102203369, 838.900085449, 104.273597717, 214.493759155, 340.276428223, 149.159072876, 65.0729904175, 35.5803031921, 73.7608337402, 54.4860725403, 77.621635437, 212.916366577, 119.448303223, 18.5873031616, 0.0570776313543, 0.000118887459394, 4.04360321227e-07, 8.00972532744e-09, 5.69747415913e-10, 8.53802695211e-10],
        "dvar2": [1.25436532497, 46.4015693665, 481.060791016, 2880.31323242, 2527.48828125, 692.525634766, 892.104064941, 2444.29907227, 8521.68457031, 2500.63525391, 2016.20690918, 3136.91430664, 2820.79589844, 503.885253906, 152.035171509, 107.762580872, 200.735778809, 427.663421631, 2088.79370117, 1910.55541992, 927.850585938, 2001.8470459, 233.368728638, 504.409179688, 896.951049805, 422.063964844, 184.210769653, 98.0757980347, 203.160858154, 152.426773071, 211.274047852, 582.186706543, 320.404418945, 50.5386657715, 0.149168297648, 0.000312240270432, 1.07619041501e-06, 2.14222772854e-08, 1.52179591151e-09, 1.84586912422e-09],
        "max": [9.10521030426, 37.629119873, 185.623382568, 284.31048584, 409.367584229, 223.243499756, 221.863327026, 360.162078857, 725.777587891, 510.771850586, 446.950378418, 589.196594238, 703.937561035, 210.416030884, 130.28729248, 78.9857177734, 160.287200928, 398.729156494, 763.181335449, 1146.67773438, 461.585906982, 939.832702637, 182.558349609, 300.382141113, 340.349060059, 150.232437134, 116.050430298, 78.0421218872, 61.0914001465, 136.161361694, 63.3086357117, 89.7040939331, 60.0417900085, 26.5619335175, 1.44031703472, 0.0652621537447, 0.0036024148576, 0.000481906550704, 0.000152141801664, 0.000278888765024],
        "mean": [1.95026540756, 6.52086687088, 8.54125499725, 13.6915559769, 18.0346374512, 12.5981197357, 13.2835969925, 17.6161270142, 28.724105835, 15.882850647, 7.11356306076, 7.42880105972, 8.87696933746, 5.85263156891, 2.61592245102, 1.96116828918, 2.81158471107, 3.83465719223, 8.01216697693, 6.30617761612, 6.8201842308, 7.35648345947, 2.82456541061, 2.59381055832, 3.22445988655, 2.24247431755, 1.53158164024, 1.44803822041, 2.13742113113, 1.75816249847, 2.3831577301, 3.75835680962, 2.94629120827, 1.10061883926, 0.068389236927, 0.00312457233667, 0.000198402805836, 2.78099123534e-05, 3.64641964552e-05, 7.63186617405e-05],
        "median": [0.758669018745, 4.77845144272, 2.28886389732, 2.28369641304, 3.14508223534, 4.20031166077, 5.68232297897, 4.40947437286, 7.04130744934, 3.96769118309, 1.31985294819, 0.990920305252, 0.838918507099, 1.06184363365, 0.414574474096, 0.240296602249, 0.27203592658, 0.105343677104, 0.0967504382133, 0.0472965501249, 0.0542865172029, 0.0296404976398, 0.0161222368479, 0.0172794349492, 0.0118896337226, 0.0114202378318, 0.00747024640441, 0.00693727051839, 0.00806593615562, 0.0079315090552, 0.0087949745357, 0.010378905572, 0.00892523117363, 0.00330565054901, 0.000260358327068, 5.33619640919e-05, 2.53517937381e-05, 3.15173383569e-06, 3.20169274346e-05, 7.1754140663e-05],
        "min": [2.19705285076e-07, 4.67188584707e-07, 1.48334913774e-06, 8.29697000881e-06, 7.47841404518e-05, 0.000157036934979, 0.000175121924258, 0.000171390012838, 8.75606565387e-05, 2.18391578528e-05, 1.66576628544e-05, 8.04357932793e-06, 6.56442807667e-06, 1.75139371095e-06, 7.53113545215e-06, 3.33675825459e-06, 1.54467863922e-06, 8.57774523411e-07, 8.01920009508e-07, 5.60354578738e-07, 5.09941685323e-07, 6.77737261867e-07, 4.75226812569e-07, 2.78479802773e-07, 3.05729827232e-07, 2.91581329748e-07, 3.65864650576e-07, 3.22352093463e-07, 2.67277187049e-07, 3.29397067844e-07, 2.66185253395e-07, 2.28440001138e-07, 2.33042797504e-07, 1.63878027593e-07, 3.74460249475e-08, 1.57881974161e-08, 7.49741690953e-09, 2.38648523165e-09, 1.39294198398e-09, 7.75884745341e-10],
        "var": [5.23576641083, 42.3781433105, 342.598052979, 1145.62731934, 1456.83068848, 507.329193115, 427.002380371, 1331.56872559, 4390.03808594, 1266.93493652, 514.521240234, 923.997375488, 1547.74023438, 256.712371826, 64.6378326416, 33.6810035706, 88.2322463989, 377.17086792, 1998.03503418, 1335.82971191, 784.033203125, 1290.34521484, 141.766921997, 200.392425537, 261.489227295, 98.9109344482, 45.5580596924, 28.199836731, 50.6163101196, 36.8216438293, 52.6455993652, 138.490478516, 80.8763809204, 12.1095619202, 0.0410962924361, 8.46326220199e-05, 2.81205160491e-07, 5.53563062056e-09, 8.32460600453e-10, 3.03106961752e-09]
    },
    "gfcc": {
        "mean": [-171.252166748, 185.578201294, -38.1645317078, 26.6586322784, -44.9383125305, 14.9967088699, -25.451965332, 0.285901546478, 4.76378202438, -11.6392240524, 11.6903762817, -9.56714248657, 10.920580864],
        "cov": [[15581.8935547, -4436.11572266, -4218.41015625, 2797.08154297, -2377.81103516, 1201.41772461, -1496.61108398, 246.351394653, -509.637573242, -495.135498047, -320.851501465, -686.623962402, -237.248565674], [-4436.11572266, 3713.14331055, 1154.25891113, -2529.25048828, 1363.15234375, -904.027404785, 619.654724121, -183.372817993, 248.474502563, 244.364257812, 116.946556091, 349.815460205, 56.6014785767], [-4218.41015625, 1154.25891113, 2724.84204102, -440.268768311, 489.020599365, -25.5955638885, 743.232177734, 49.1753463745, 100.721389771, 111.956100464, -16.3165969849, 114.022636414, 22.5047969818], [2797.08154297, -2529.25048828, -440.268768311, 2261.65478516, -717.16595459, 647.428466797, -219.24571228, 147.570709229, -94.2486724854, -218.868713379, -62.5881004333, -321.42868042, -44.7256851196], [-2377.81103516, 1363.15234375, 489.020599365, -717.16595459, 1309.84228516, -406.006622314, 422.796203613, 9.1129360199, 196.868789673, 175.998016357, 70.979057312, 186.260742188, -8.32904911041], [1201.41772461, -904.027404785, -25.5955638885, 647.428466797, -406.006622314, 493.296691895, -35.4260597229, 67.1117630005, -28.3761615753, -56.486366272, -12.5727138519, -118.095428467, 2.21155285835], [-1496.61108398, 619.654724121, 743.232177734, -219.24571228, 422.796203613, -35.4260597229, 503.809295654, 85.2153167725, 132.329147339, 101.503555298, 28.1473312378, 57.4888572693, 19.3173503876], [246.351394653, -183.372817993, 49.1753463745, 147.570709229, 9.1129360199, 67.1117630005, 85.2153167725, 164.242477417, 59.8725624084, 22.4926929474, -15.428486824, -9.35196018219, 6.80656671524], [-509.637573242, 248.474502563, 100.721389771, -94.2486724854, 196.868789673, -28.3761615753, 132.329147339, 59.8725624084, 208.634307861, 116.085716248, 104.434425354, 63.9412193298, 46.9195365906], [-495.135498047, 244.364257812, 111.956100464, -218.868713379, 175.998016357, -56.486366272, 101.503555298, 22.4926929474, 116.085716248, 198.248413086, 129.15977478, 116.303070068, 30.608247757], [-320.851501465, 116.946556091, -16.3165969849, -62.5881004333, 70.979057312, -12.5727138519, 28.1473312378, -15.428486824, 104.434425354, 129.15977478, 202.878204346, 110.379508972, 56.660030365], [-686.623962402, 349.815460205, 114.022636414, -321.42868042, 186.260742188, -118.095428467, 57.4888572693, -9.35196018219, 63.9412193298, 116.303070068, 110.379508972, 173.801223755, 62.5319137573], [-237.248565674, 56.6014785767, 22.5047969818, -44.7256851196, -8.32904911041, 2.21155285835, 19.3173503876, 6.80656671524, 46.9195365906, 30.608247757, 56.660030365, 62.5319137573, 92.2416000366]],
        "icov": [[0.000263695430476, -0.000518585555255, 0.000408693624195, -0.000540950277355, 0.000295767735224, -0.000631171395071, 0.000393612019252, -0.000657220836729, 0.000426674261689, -0.000521506648511, 0.000528652104549, -0.000445203739218, 0.000575449550524], [-0.000518585555255, 0.0052261762321, -0.00139666325413, 0.0049215699546, -0.00171718909405, 0.00352408830076, -0.00292104738764, 0.00318005029112, -0.00268613430671, 0.00403895694762, -0.0039212689735, 0.00439847959206, -0.00222312612459], [0.000408693624195, -0.00139666325413, 0.00139925268013, -0.00138249853626, 0.000763020128943, -0.0014365084935, -0.000277266459307, -0.000860673433635, 0.000977176008746, -0.0011664731428, 0.0016698683612, -0.0018936463166, 0.00126940675545], [-0.000540950277355, 0.0049215699546, -0.00138249853626, 0.00562169961631, -0.00171363179106, 0.00260295649059, -0.00249278428964, 0.00218253652565, -0.00228238198906, 0.00442101294175, -0.00482851546258, 0.00559738138691, -0.0023390094284], [0.000295767735224, -0.00171718909405, 0.000763020128943, -0.00171363179106, 0.00241651851684, -0.000370561057935, -0.000378847878892, -0.000696501869243, -0.000217166234506, -0.0011643191101, 0.00194417370949, -0.00309377815574, 0.00255510443822], [-0.000631171395071, 0.00352408830076, -0.0014365084935, 0.00260295649059, -0.000370561057935, 0.00699974782765, -0.00272967270575, 0.00187806552276, -0.00161408632994, 0.00223873066716, -0.00364764989354, 0.00476615782827, -0.00285378936678], [0.000393612019252, -0.00292104738764, -0.000277266459307, -0.00249278428964, -0.000378847878892, -0.00272967270575, 0.00721917441115, -0.00385590875521, 0.000872747041285, -0.00327128451318, 0.00205780589022, -0.000557277817279, 0.000223013164941], [-0.000657220836729, 0.00318005029112, -0.000860673433635, 0.00218253652565, -0.000696501869243, 0.00187806552276, -0.00385590875521, 0.0122996047139, -0.00552544090897, 0.00117567798588, 0.00204303138889, 2.88879637083e-05, -0.00143559172284], [0.000426674261689, -0.00268613430671, 0.000977176008746, -0.00228238198906, -0.000217166234506, -0.00161408632994, 0.000872747041285, -0.00552544090897, 0.0129357157275, -0.0058043031022, -0.00245089712553, 0.00264858803712, -0.00329922582023], [-0.000521506648511, 0.00403895694762, -0.0011664731428, 0.00442101294175, -0.0011643191101, 0.00223873066716, -0.00327128451318, 0.00117567798588, -0.0058043031022, 0.0174413863569, -0.00830697268248, -0.00273427553475, 0.00316913076676], [0.000528652104549, -0.0039212689735, 0.0016698683612, -0.00482851546258, 0.00194417370949, -0.00364764989354, 0.00205780589022, 0.00204303138889, -0.00245089712553, -0.00830697268248, 0.0174440089613, -0.0100936125964, 0.000829205033369], [-0.000445203739218, 0.00439847959206, -0.0018936463166, 0.00559738138691, -0.00309377815574, 0.00476615782827, -0.000557277817279, 2.88879637083e-05, 0.00264858803712, -0.00273427553475, -0.0100936125964, 0.0251424033195, -0.0122313490137], [0.000575449550524, -0.00222312612459, 0.00126940675545, -0.0023390094284, 0.00255510443822, -0.00285378936678, 0.000223013164941, -0.00143559172284, -0.00329922582023, 0.00316913076676, 0.000829205033369, -0.0122313490137, 0.0210089050233]]
    },
    "melbands": {
        "dmean": [0.0054819448851, 0.00341418199241, 0.00229542399757, 0.000847369141411, 0.000365005253116, 0.000280505279079, 0.000347832130501, 0.000135099151521, 5.47076051589e-05, 5.32732665306e-05, 4.17701012339e-05, 2.25971853069e-05, 8.76694048202e-06, 7.21376318324e-06, 6.20258742856e-06, 6.99996598996e-06, 7.1428330557e-06, 1.23375339172e-05, 8.98976850294e-06, 7.02538773112e-06, 7.89352361608e-06, 9.67648884398e-06, 4.42401869805e-06, 2.09586187339e-06, 2.50436119131e-06, 3.60739863936e-06, 2.93185212286e-06, 2.12122404264e-06, 1.41039379287e-06, 1.3726406678e-06, 1.08278516109e-06, 1.5723346678e-06, 2.05884020943e-06, 1.1476573718e-06, 1.46405056967e-06, 3.43953706761e-06, 3.84376062357e-06, 3.52578877028e-06, 2.42452074417e-06, 1.08866731807e-06],
        "dmean2": [0.00707714306191, 0.00460629956797, 0.00357806682587, 0.0014406304108, 0.000616523378994, 0.000477123103337, 0.000588200578932, 0.000226627409575, 9.48934248299e-05, 9.16935459827e-05, 6.6719163442e-05, 3.65133819287e-05, 1.48980361701e-05, 1.25561164168e-05, 1.05653753053e-05, 1.16830378829e-05, 1.09906904981e-05, 1.88823414646e-05, 1.34013098432e-05, 1.10418041004e-05, 1.30983080453e-05, 1.67657854035e-05, 7.59818112783e-06, 3.46194747181e-06, 4.26481619797e-06, 6.31181001154e-06, 5.42014095117e-06, 3.90668810724e-06, 2.60706133304e-06, 2.49056711255e-06, 1.91696517504e-06, 2.78630045614e-06, 3.64604420611e-06, 2.05539117815e-06, 2.56120461017e-06, 6.14309965385e-06, 6.93042284183e-06, 6.25023949397e-06, 4.34061485066e-06, 1.96578480427e-06],
        "dvar": [4.1185223381e-05, 3.62008177035e-05, 2.87344555545e-05, 2.29878173741e-06, 3.83448337971e-07, 3.7953779497e-07, 7.48606680645e-07, 9.56777057581e-08, 5.86907589195e-08, 6.12807582456e-08, 2.99176363683e-08, 4.38700586969e-09, 6.69284794252e-10, 5.33218247334e-10, 3.26989241239e-10, 4.14356493561e-10, 9.80109993165e-10, 3.74737707531e-09, 2.42724285116e-09, 1.06488362572e-09, 5.89235604753e-10, 1.21758692018e-09, 2.21057255834e-10, 5.08127047383e-11, 1.58525456651e-10, 2.53471660328e-10, 1.23552057474e-10, 5.57139855084e-11, 2.57777809515e-11, 1.86097665056e-11, 9.5106110487e-12, 1.78788390343e-11, 3.40266113896e-11, 1.12650227688e-11, 1.31744441745e-11, 7.72811259431e-11, 9.11315189978e-11, 7.25729476514e-11, 3.56174187366e-11, 7.5111141265e-12],
        "dvar2": [8.3505641669e-05, 7.06056598574e-05, 6.8305656896e-05, 5.88178500038e-06, 9.82576011666e-07, 1.02883529962e-06, 1.96956671061e-06, 2.31551538832e-07, 1.65235320537e-07, 1.68464637795e-07, 6.93838373422e-08, 1.00033368255e-08, 1.5390287933e-09, 1.41348066585e-09, 8.40351621623e-10, 9.7248442632e-10, 1.79641246323e-09, 7.62728280534e-09, 5.40332534271e-09, 2.13854467468e-09, 1.26498278519e-09, 2.92822233128e-09, 5.1365467435e-10, 1.18186127551e-10, 3.74639541612e-10, 6.47954301325e-10, 3.42750050564e-10, 1.58471277767e-10, 7.33601929204e-11, 5.2170535253e-11, 2.58297220418e-11, 4.88189939862e-11, 9.46353898024e-11, 3.1967210129e-11, 3.55687528042e-11, 2.1172621989e-10, 2.49668785646e-10, 1.94730453984e-10, 9.64542473669e-11, 2.04380054547e-11],
        "max": [0.0656471028924, 0.0719549134374, 0.0504223518074, 0.0157373249531, 0.00694832718, 0.0073180263862, 0.0107749402523, 0.00617812527344, 0.0041580577381, 0.00464624259621, 0.00346905528568, 0.000985748134553, 0.000582830805797, 0.000459770322777, 0.000318560458254, 0.000328670605086, 0.000840229855385, 0.00138884328771, 0.00155297620222, 0.000814908533357, 0.000489525380544, 0.00121324637439, 0.000286662834696, 0.000111271066999, 0.000271469732979, 0.000319641228998, 0.000153599554324, 8.69286159286e-05, 7.17641160008e-05, 6.79166114423e-05, 4.87865618197e-05, 3.17892117891e-05, 5.43179521628e-05, 7.67076853663e-05, 4.05390019296e-05, 5.36106454092e-05, 6.76503186696e-05, 4.8157387937e-05, 4.54280452686e-05, 1.79336147994e-05],
        "mean": [0.0138950608671, 0.00573069090024, 0.00265259598382, 0.00109682895709, 0.000479185924632, 0.000369676854461, 0.000436430098489, 0.000149068902829, 5.35663639312e-05, 4.76117202197e-05, 4.37579619756e-05, 2.43662670982e-05, 8.39981748868e-06, 6.20425180387e-06, 5.21365245731e-06, 5.97170810579e-06, 7.07112258169e-06, 1.30647786136e-05, 1.00460065369e-05, 7.77252353146e-06, 7.85605607234e-06, 8.43381076265e-06, 3.82735697713e-06, 1.76217145054e-06, 2.05911123885e-06, 2.56944758803e-06, 1.93441951524e-06, 1.37843744596e-06, 9.148565141e-07, 9.20378738556e-07, 7.59053193633e-07, 1.07643074898e-06, 1.39949645472e-06, 7.80600828421e-07, 1.00685792859e-06, 2.23821280088e-06, 2.43145359491e-06, 2.29234410654e-06, 1.54661609031e-06, 6.89749981575e-07],
        "median": [0.00676306290552, 0.00362697523087, 0.000452610314824, 0.000258994201431, 0.000211377511732, 9.25320782699e-05, 0.00010413826385, 3.46950910171e-05, 8.22264064482e-06, 5.29649241798e-06, 4.0463660298e-06, 4.27015856985e-06, 1.11661404389e-06, 7.08795141691e-07, 5.78654294259e-07, 4.62209357011e-07, 1.39598569149e-07, 1.42689231097e-07, 9.24129821556e-08, 5.2381139426e-08, 5.92975162306e-08, 2.83169274695e-08, 2.04010106586e-08, 1.06766702146e-08, 1.38194389265e-08, 7.6752240119e-09, 6.83981360439e-09, 7.48498418801e-09, 4.03831368345e-09, 4.01155109131e-09, 3.40539640931e-09, 4.50287096498e-09, 4.06552302934e-09, 4.04059719017e-09, 4.35416946942e-09, 5.93258331349e-09, 6.21557827429e-09, 6.7292202921e-09, 4.48855663748e-09, 1.98727434508e-09],
        "min": [2.942906141e-09, 6.78706979507e-10, 2.35555441819e-09, 8.72525696138e-09, 4.5034713736e-09, 4.03624866863e-09, 1.10879083692e-09, 2.19959300773e-10, 1.3848948377e-10, 4.94276494734e-11, 3.068418436e-11, 4.67410268476e-12, 7.91711574771e-12, 8.47831874151e-12, 4.24615420949e-12, 2.12637524775e-12, 1.18042413951e-12, 1.21025216758e-12, 1.47551870895e-12, 3.70342699649e-13, 6.03527319266e-13, 7.47590845566e-13, 3.98587304655e-13, 4.80407434753e-13, 1.69106373869e-13, 2.12741879235e-13, 2.42506698316e-13, 1.8027442874e-13, 2.0481457242e-13, 1.68749318989e-13, 1.84077403385e-13, 1.17656915027e-13, 2.00109948143e-13, 1.72460773418e-13, 1.46508551276e-13, 1.390946684e-13, 1.45814187547e-13, 1.55696758112e-13, 1.82218335473e-13, 1.19969491156e-13],
        "var": [0.000232167352806, 6.21016006335e-05, 3.50608061126e-05, 3.6670010104e-06, 5.08609957706e-07, 5.72370936425e-07, 1.02943329239e-06, 1.24518152234e-07, 3.93745622773e-08, 4.52621939928e-08, 3.75230513328e-08, 4.92559237841e-09, 8.15231382401e-10, 4.391004782e-10, 2.99023944494e-10, 4.45168013563e-10, 1.53243906453e-09, 5.92733861993e-09, 3.45070549912e-09, 1.84918325097e-09, 9.71154712204e-10, 1.83758830374e-09, 2.85619167206e-10, 5.84643444768e-11, 1.44079581599e-10, 2.0531601419e-10, 8.40131436641e-11, 3.64572053102e-11, 1.82288784761e-11, 1.32510764514e-11, 8.0415552689e-12, 1.26628100366e-11, 2.24865438769e-11, 7.68149606423e-12, 9.27117150412e-12, 5.04663949519e-11, 5.87273354946e-11, 4.91680168802e-11, 2.34860603188e-11, 4.8651742357e-12]
    },
    "mfcc": {
        "mean": [-815.116455078, 188.462615967, 77.8441467285, 24.9209861755, 20.9242954254, 10.8930664062, 1.6571199894, 7.65970802307, 3.61163043976, 6.21620321274, 1.16957867146, 5.4584312439, 4.58719062805],
        "cov": [[14901.6796875, -4058.54150391, -2301.93261719, -648.60748291, 32.9024963379, -427.454925537, -646.283447266, -76.7592849731, -411.306854248, -135.900360107, -454.947235107, -260.62310791, -419.186981201], [-4058.54150391, 4233.11767578, 90.8591461182, -643.493713379, -187.091033936, -13.3779172897, 20.2321834564, -133.112106323, 107.671485901, -2.13880443573, 164.614013672, 118.883888245, 259.244598389], [-2301.93261719, 90.8591461182, 1750.16101074, 269.104522705, -215.471847534, 135.924057007, 277.656890869, 119.510063171, 152.605270386, 37.2355422974, 85.581703186, 6.65655469894, -60.333240509], [-648.60748291, -643.493713379, 269.104522705, 756.01751709, 244.304840088, 129.655181885, 167.752853394, 176.926040649, 98.3207321167, 107.037590027, 43.2853965759, -7.67279624939, -23.4567432404], [32.9024963379, -187.091033936, -215.471847534, 244.304840088, 336.86529541, 108.66268158, 41.2272415161, 71.9802780151, 21.623260498, 50.208732605, 21.191904068, 15.862203598, 37.6443328857], [-427.454925537, -13.3779172897, 135.924057007, 129.655181885, 108.66268158, 221.195556641, 139.085784912, 58.3964614868, 39.2574234009, 51.53074646, 57.6781768799, 45.1893157959, 35.744720459], [-646.283447266, 20.2321834564, 277.656890869, 167.752853394, 41.2272415161, 139.085784912, 215.572784424, 113.900276184, 80.3278808594, 57.8256111145, 51.3211174011, 20.7602005005, 1.42837548256], [-76.7592849731, -133.112106323, 119.510063171, 176.926040649, 71.9802780151, 58.3964614868, 113.900276184, 166.049301147, 109.827507019, 77.2550735474, 28.7410926819, -1.46145606041, -15.775803566], [-411.306854248, 107.671485901, 152.605270386, 98.3207321167, 21.623260498, 39.2574234009, 80.3278808594, 109.827507019, 162.757476807, 100.546363831, 53.2864494324, 6.72305774689, -0.531859993935], [-135.900360107, -2.13880443573, 37.2355422974, 107.037590027, 50.208732605, 51.53074646, 57.8256111145, 77.2550735474, 100.546363831, 133.648910522, 71.0461654663, 23.2397708893, 16.6424465179], [-454.947235107, 164.614013672, 85.581703186, 43.2853965759, 21.191904068, 57.6781768799, 51.3211174011, 28.7410926819, 53.2864494324, 71.0461654663, 115.241325378, 70.4250717163, 53.2026367188], [-260.62310791, 118.883888245, 6.65655469894, -7.67279624939, 15.862203598, 45.1893157959, 20.7602005005, -1.46145606041, 6.72305774689, 23.2397708893, 70.4250717163, 112.048278809, 90.7771835327], [-419.186981201, 259.244598389, -60.333240509, -23.4567432404, 37.6443328857, 35.744720459, 1.42837548256, -15.775803566, -0.531859993935, 16.6424465179, 53.2026367188, 90.7771835327, 134.496536255]],
