{
"lowlevel": {
    "average_loudness": 0.668331801891,
    "barkbands_crest": {
        "dmean": 1.84610104561,
        "dmean2": 2.79805707932,
        "dvar": 4.79710388184,
        "dvar2": 9.75137042999,
        "max": 25.8735389709,
        "mean": 10.1892662048,
        "median": 8.82125282288,
        "min": 3.50925445557,
        "var": 21.7396354675
    },
    "barkbands_flatness_db": {
        "dmean": 0.0192044563591,
        "dmean2": 0.0292234364897,
        "dvar": 0.00049198087072,
        "dvar2": 0.00105773378164,
        "max": 0.453229963779,
        "mean": 0.216556489468,
        "median": 0.208983033895,
        "min": 0.0757120400667,
        "var": 0.00207445793785
    },
    "barkbands_kurtosis": {
        "dmean": 3.60243058205,
        "dmean2": 5.54190063477,
        "dvar": 127.598457336,
        "dvar2": 248.280822754,
        "max": 257.813293457,
        "mean": 5.61347389221,
        "median": 0.366753578186,
        "min": -1.7776068449,
        "var": 315.963470459
    },
    "barkbands_skewness": {
        "dmean": 0.531588554382,
        "dmean2": 0.766279935837,
        "dvar": 0.690827012062,
        "dvar2": 1.24922525883,
        "max": 12.3992176056,
        "mean": 0.960495471954,
        "median": 0.616745352745,
        "min": -2.66935896873,
        "var": 3.45524930954
    },
    "barkbands_spread": {
        "dmean": 3.80911707878,
        "dmean2": 5.71126508713,
        "dvar": 29.5349769592,
        "dvar2": 61.9239120483,
        "max": 67.0369796753,
        "mean": 18.2041168213,
        "median": 17.0818099976,
        "min": 0.582218945026,
        "var": 109.48638916
    },
    "dissonance": {
        "dmean": 0.0226200968027,
        "dmean2": 0.0388089008629,
        "dvar": 0.000441870681243,
        "dvar2": 0.00119701435324,
        "max": 0.499952286482,
        "mean": 0.449803501368,
        "median": 0.456390440464,
        "min": 0.321441560984,
        "var": 0.000946182466578
    },
    "dynamic_complexity": 4.0873670578,
    "erbbands_crest": {
        "dmean": 1.96949720383,
        "dmean2": 3.04939603806,
        "dvar": 5.47976398468,
        "dvar2": 12.9911708832,
        "max": 33.6322212219,
        "mean": 10.8653745651,
        "median": 9.65172195435,
        "min": 2.85408425331,
        "var": 21.2310752869
    },
    "erbbands_flatness_db": {
        "dmean": 0.0153735196218,
        "dmean2": 0.0218950081617,
        "dvar": 0.000400579243433,
        "dvar2": 0.000700945558492,
        "max": 0.407447427511,
        "mean": 0.238086551428,
        "median": 0.240495234728,
        "min": 0.0957833305001,
        "var": 0.00214465009049
    },
    "erbbands_kurtosis": {
        "dmean": 0.922546088696,
        "dmean2": 1.43584573269,
        "dvar": 2.44073700905,
        "dvar2": 5.25482988358,
        "max": 39.6433334351,
        "mean": 1.04420912266,
        "median": 0.30510187149,
        "min": -1.59861767292,
        "var": 8.13144111633
    },
    "erbbands_skewness": {
        "dmean": 0.316683381796,
        "dmean2": 0.476402372122,
        "dvar": 0.179934337735,
        "dvar2": 0.351314425468,
        "max": 4.39197397232,
        "mean": 0.0895961597562,
        "median": -0.0749764442444,
        "min": -2.66955041885,
        "var": 0.957332611084
    },
    "erbbands_spread": {
        "dmean": 5.10573005676,
        "dmean2": 7.74150848389,
        "dvar": 65.4561233521,
        "dvar2": 143.385238647,
        "max": 133.981140137,
        "mean": 24.6485881805,
        "median": 21.4595718384,
        "min": 1.56239521503,
        "var": 179.508605957
    },
    "hfc": {
        "dmean": 3.56234478951,
        "dmean2": 4.64378070831,
        "dvar": 53.9189949036,
        "dvar2": 77.5274200439,
        "max": 163.929138184,
        "mean": 15.3371009827,
        "median": 6.89817905426,
        "min": 6.18951389697e-06,
        "var": 406.276733398
    },
    "melbands_crest": {
        "dmean": 2.3942630291,
        "dmean2": 3.58389163017,
        "dvar": 7.51746988297,
        "dvar2": 16.4104862213,
        "max": 32.1450576782,
        "mean": 14.3052053452,
        "median": 12.9164972305,
        "min": 4.15633678436,
        "var": 39.6421318054
    },
    "melbands_flatness_db": {
        "dmean": 0.0218146983534,
        "dmean2": 0.0319659784436,
        "dvar": 0.000890617200639,
        "dvar2": 0.00172121508513,
        "max": 0.550486803055,
        "mean": 0.229943111539,
        "median": 0.21236179769,
        "min": 0.0976217985153,
        "var": 0.00488283997402
    },
    "melbands_kurtosis": {
        "dmean": 7.68692541122,
        "dmean2": 11.6376333237,
        "dvar": 615.604614258,
        "dvar2": 1141.17895508,
        "max": 528.11138916,
        "mean": 13.4170770645,
        "median": 1.86626148224,
        "min": -1.7624874115,
        "var": 1641.26000977
    },
    "melbands_skewness": {
        "dmean": 0.635453283787,
        "dmean2": 0.925460994244,
        "dvar": 1.08863425255,
        "dvar2": 2.0502140522,
        "max": 16.6763191223,
        "mean": 1.79879677296,
        "median": 1.28519535065,
        "min": -1.34665131569,
        "var": 4.87842273712
    },
    "melbands_spread": {
        "dmean": 5.98161172867,
        "dmean2": 8.72650623322,
        "dvar": 73.805557251,
        "dvar2": 130.402130127,
        "max": 107.880325317,
        "mean": 29.1349124908,
        "median": 25.7395973206,
        "min": 0.388178855181,
        "var": 432.247039795
    },
    "pitch_salience": {
        "dmean": 0.0604200698435,
        "dmean2": 0.0883917585015,
        "dvar": 0.00498480862007,
        "dvar2": 0.00912774074823,
        "max": 0.901968300343,
        "mean": 0.555438876152,
        "median": 0.551432192326,
        "min": 0.0402380004525,
        "var": 0.0307355988771
    },
    "silence_rate_20dB": {
        "dmean": 0,
        "dmean2": 0,
        "dvar": 0,
        "dvar2": 0,
        "max": 1,
        "mean": 1,
        "median": 1,
        "min": 1,
        "var": 0
    },
    "silence_rate_30dB": {
        "dmean": 0,
        "dmean2": 0,
        "dvar": 0,
        "dvar2": 0,
        "max": 1,
        "mean": 1,
        "median": 1,
        "min": 1,
        "var": 0
    },
    "silence_rate_60dB": {
        "dmean": 0.0773993805051,
        "dmean2": 0.15485869348,
        "dvar": 0.0714097172022,
        "dvar2": 0.161852344871,
        "max": 1,
        "mean": 0.162862673402,
        "median": 0,
        "min": 0,
        "var": 0.136336952448
    },
    "spectral_centroid": {
        "dmean": 200.108291626,
        "dmean2": 289.935699463,
        "dvar": 89106.0546875,
        "dvar2": 152516.484375,
        "max": 2931.04638672,
        "mean": 1494.87182617,
        "median": 1497.35852051,
        "min": 134.04524231,
        "var": 571330.6875
    },
    "spectral_complexity": {
        "dmean": 1.74071204662,
        "dmean2": 2.66047239304,
        "dvar": 4.56133413315,
        "dvar2": 8.55255317688,
        "max": 26,
        "mean": 10.1029014587,
        "median": 11,
        "min": 0,
        "var": 22.1790008545
    },
    "spectral_decrease": {
        "dmean": 7.10003889015e-10,
        "dmean2": 9.28707222236e-10,
        "dvar": 1.18923529192e-18,
        "dvar2": 1.71870450303e-18,
        "max": -9.62440339285e-15,
        "mean": -3.0587876676e-09,
        "median": -2.16159912192e-09,
        "min": -2.43205366957e-08,
        "var": 7.58823399348e-18
    },
    "spectral_energy": {
        "dmean": 0.00297285616398,
        "dmean2": 0.00389240449294,
        "dvar": 2.12243412534e-05,
        "dvar2": 3.05851281155e-05,
        "max": 0.0962694957852,
        "mean": 0.012935673818,
        "median": 0.00900868698955,
        "min": 3.6886113719e-08,
        "var": 0.000142173681525
    },
    "spectral_energyband_high": {
        "dmean": 4.78771471535e-05,
        "dmean2": 6.9099231041e-05,
        "dvar": 1.17955902823e-08,
        "dvar2": 1.95941520786e-08,
        "max": 0.00184109027032,
        "mean": 0.000163209289894,
        "median": 3.59758087143e-05,
        "min": 1.10057456204e-10,
        "var": 7.38691241509e-08
    },
    "spectral_energyband_low": {
        "dmean": 0.00112294452265,
        "dmean2": 0.0014516999945,
        "dvar": 8.32838031783e-06,
        "dvar2": 1.21693492474e-05,
        "max": 0.0748555585742,
        "mean": 0.00315708434209,
        "median": 0.0010883876821,
        "min": 3.05226066644e-08,
        "var": 3.25152323057e-05
    },
    "spectral_energyband_middle_high": {
        "dmean": 0.00156213121954,
        "dmean2": 0.00201420742087,
        "dvar": 1.13655733003e-05,
        "dvar2": 1.61013977049e-05,
        "max": 0.0708154961467,
        "mean": 0.00648083491251,
        "median": 0.00273856101558,
        "min": 7.66069152558e-10,
        "var": 8.64771354827e-05
    },
    "spectral_energyband_middle_low": {
        "dmean": 0.000974250666331,
        "dmean2": 0.00135001982562,
        "dvar": 2.33279865824e-06,
        "dvar2": 3.96256973545e-06,
        "max": 0.0314424112439,
        "mean": 0.00332272192463,
        "median": 0.00233312183991,
        "min": 5.5869722182e-09,
        "var": 1.1899735e-05
    },
    "spectral_entropy": {
        "dmean": 0.207487121224,
        "dmean2": 0.309258967638,
        "dvar": 0.0599228404462,
        "dvar2": 0.122503817081,
        "max": 8.38979911804,
        "mean": 6.65833759308,
        "median": 6.64951038361,
        "min": 5.43805742264,
        "var": 0.229625314474
    },
    "spectral_flux": {
        "dmean": 0.0173993781209,
        "dmean2": 0.0284519586712,
        "dvar": 0.000440008443547,
        "dvar2": 0.00114257086534,
        "max": 0.200117528439,
        "mean": 0.0375074930489,
        "median": 0.0287015475333,
        "min": 0.000192057574168,
        "var": 0.000817255699076
    },
    "spectral_kurtosis": {
        "dmean": 3.70510387421,
        "dmean2": 6.6096534729,
        "dvar": 11.4497928619,
        "dvar2": 34.9891929626,
        "max": 35.0369377136,
        "mean": 7.56391763687,
        "median": 6.60132408142,
        "min": -0.536662340164,
        "var": 18.0820770264
    },
    "spectral_rms": {
        "dmean": 0.000432323606219,
        "dmean2": 0.000565280904993,
        "dvar": 3.34358531973e-07,
        "dvar2": 4.96645043313e-07,
        "max": 0.00969130825251,
        "mean": 0.00320090982132,
        "median": 0.00296461861581,
        "min": 5.99887107455e-06,
        "var": 2.37433232542e-06
    },
    "spectral_rolloff": {
        "dmean": 274.50793457,
        "dmean2": 442.128723145,
        "dvar": 270708.40625,
        "dvar2": 505426.40625,
        "max": 6696.82617188,
        "mean": 1635.78662109,
        "median": 1744.18945312,
        "min": 86.1328125,
        "var": 1047593.875
    },
    "spectral_skewness": {
        "dmean": 0.386582493782,
        "dmean2": 0.67436760664,
        "dvar": 0.123726218939,
        "dvar2": 0.352547228336,
        "max": 4.208943367,
        "mean": 1.7683198452,
        "median": 1.69698500633,
        "min": 0.548413336277,
        "var": 0.286797970533
    },
    "spectral_spread": {
        "dmean": 382406.5625,
        "dmean2": 617809.9375,
        "dvar": 329561735168,
        "dvar2": 662749904896,
        "max": 8311355,
        "mean": 3001875.25,
        "median": 2706484.25,
        "min": 1427669.625,
        "var": 896177537024
    },
    "spectral_strongpeak": {
        "dmean": 0.592415332794,
        "dmean2": 0.968089580536,
        "dvar": 1.17754530907,
        "dvar2": 2.42841029167,
        "max": 14.2317094803,
        "mean": 1.58486104012,
        "median": 0.529906749725,
        "min": 0.000209268444451,
        "var": 4.36090707779
    },
    "zerocrossingrate": {
        "dmean": 0.00601451378316,
        "dmean2": 0.00687752570957,
        "dvar": 4.27461454819e-05,
        "dvar2": 5.33270795131e-05,
        "max": 0.1416015625,
        "mean": 0.0459080711007,
        "median": 0.04443359375,
        "min": 0.00439453125,
        "var": 0.000532484205905
    },
    "barkbands": {
        "dmean": [1.09625443656e-05, 0.000635902746581, 0.000526573625393, 4.55407862319e-05, 0.000237775660935, 0.000269990647212, 0.000206427706871, 0.000182283765753, 0.000267108058324, 0.000272626581136, 0.00011690818792, 0.000126442057081, 0.000117872048577, 0.000277217361145, 0.000303192529827, 0.00023541894916, 0.000280751060927, 0.000231216865359, 0.000114417562145, 6.43766470603e-05, 2.29649322137e-05, 2.96028315461e-06, 3.64341349268e-06, 4.20011338065e-06, 1.47398225181e-06, 1.55393298229e-09, 5.94777893603e-10],
        "dmean2": [1.82750209206e-05, 0.000854072510265, 0.000682408921421, 7.57260568207e-05, 0.00036622810876, 0.000407476589317, 0.000311871466693, 0.000247863848926, 0.000340915838024, 0.000372246693587, 0.000151686050231, 0.000170788582182, 0.000170108673046, 0.000375182688003, 0.000423265883001, 0.000302611500956, 0.000389085093047, 0.000323042419041, 0.000155980698764, 8.78274950082e-05, 3.21862098644e-05, 4.61205263491e-06, 5.54030111743e-06, 6.43357543595e-06, 2.46350782618e-06, 2.73862843514e-09, 1.11012965487e-09],
        "dvar": [1.60203517119e-09, 2.16854709834e-06, 3.47179729943e-06, 8.75209327234e-09, 1.80399965188e-07, 2.18520071371e-07, 1.49594796994e-07, 1.95462135366e-07, 1.12635973437e-06, 5.71062628296e-07, 1.24120120404e-07, 5.43446788015e-07, 1.41686399502e-07, 6.3678726292e-07, 5.23135952335e-07, 5.92246180986e-07, 4.08470185675e-07, 2.23176641612e-07, 5.84194346231e-08, 2.51350353864e-08, 3.00256508545e-09, 4.48614201343e-11, 6.49544792952e-11, 6.37955868688e-11, 1.87242756022e-11, 1.35042264257e-17, 1.06176417459e-18],
        "dvar2": [3.98840516169e-09, 3.95162942368e-06, 4.65730181531e-06, 2.27004193221e-08, 4.49615583875e-07, 5.19275772604e-07, 3.5522731423e-07, 3.34921281819e-07, 1.65875928815e-06, 9.32212685711e-07, 1.86909119293e-07, 9.21235255191e-07, 2.61095152609e-07, 9.03562636267e-07, 8.8758685024e-07, 7.99579368049e-07, 6.42401630557e-07, 3.78029341164e-07, 8.68564740131e-08, 4.15542587007e-08, 5.15237763565e-09, 9.15410594549e-11, 1.35994077111e-10, 1.59884203099e-10, 5.04292892167e-11, 3.70540220692e-17, 3.50573701979e-18],
        "max": [0.000737025635317, 0.0229741036892, 0.0518208742142, 0.00161971268244, 0.00588302826509, 0.00767992716283, 0.00623607588932, 0.00870028883219, 0.0299172122031, 0.0161429867148, 0.00720721110702, 0.0307025443763, 0.00930463057011, 0.01642370224, 0.0125314788893, 0.0274439882487, 0.0163222979754, 0.00868272129446, 0.00593173783273, 0.00297508644871, 0.000880946521647, 0.000154820911121, 0.000238937733229, 9.43397826632e-05, 5.04869676661e-05, 5.91529989435e-08, 1.52581947077e-08],
        "mean": [1.83365518751e-05, 0.00195167306811, 0.00116277206689, 7.53636631998e-05, 0.000505965261254, 0.000687761465088, 0.000554970290978, 0.000433543609688, 0.000697899318766, 0.000827378768008, 0.000418899842771, 0.000322366686305, 0.000282509194221, 0.000991254695691, 0.000952244387008, 0.000756953435484, 0.000923775602132, 0.0007220391999, 0.000362575403415, 0.000182939285878, 7.57858288125e-05, 6.77260732118e-06, 9.62154172157e-06, 9.98501582217e-06, 2.29214310821e-06, 2.04216021871e-09, 4.81359507809e-10],
        "median": [1.16743558465e-06, 0.000634166528471, 0.000131829059683, 3.25248984154e-05, 0.000231118043303, 0.000314596662065, 0.000247548392508, 5.46844566998e-05, 4.54227083537e-05, 6.58838398522e-05, 2.00499416678e-05, 2.4046847102e-05, 2.08537203434e-05, 4.79713708046e-05, 0.000168334125192, 4.90591737616e-05, 0.000217251930735, 0.000144231409649, 9.42514161579e-05, 2.23380593525e-05, 8.17397904029e-06, 2.45315459324e-06, 5.14867633683e-06, 5.36301467946e-06, 1.02910291844e-06, 8.81432926647e-10, 1.44963596682e-10],
        "min": [1.22358512211e-10, 2.39875994623e-08, 5.09126696357e-09, 5.54957357846e-10, 1.0869386502e-09, 6.73120226224e-10, 2.04160521822e-10, 2.56168086743e-10, 6.77774711355e-11, 1.74021130839e-10, 8.92082172022e-11, 3.98181244921e-11, 1.44186416279e-11, 9.25465329371e-11, 1.47945988793e-10, 4.28719976187e-11, 9.0985718959e-11, 4.20952231406e-11, 3.71070188465e-11, 1.55301327354e-11, 2.39968218907e-11, 1.75518852924e-11, 2.22392972093e-11, 1.79618230012e-11, 7.89010957264e-12, 4.67009417249e-12, 9.48236975051e-12],
        "var": [3.6114693458e-09, 9.16591034184e-06, 1.23766367324e-05, 1.64683395809e-08, 5.22329344221e-07, 8.20377465516e-07, 5.47113756966e-07, 8.30520946238e-07, 5.36448305866e-06, 3.53677478415e-06, 1.15436785109e-06, 1.34728429657e-06, 5.21749711879e-07, 5.72710905544e-06, 2.81602569885e-06, 5.51424227524e-06, 2.72184934147e-06, 1.37313770665e-06, 4.28377489925e-07, 1.37334851047e-07, 2.04914787361e-08, 1.27974464359e-10, 1.60808796834e-10, 1.49836310026e-10, 1.76763464976e-11, 1.47210934792e-17, 8.52603439993e-19]
    },
    "erbbands": {
        "dmean": [0.00873361434788, 0.18013201654, 0.670223891735, 0.222834587097, 0.420075833797, 0.82565933466, 1.67888212204, 2.43479061127, 2.73815345764, 4.24772310257, 3.63114094734, 6.65785980225, 7.2318687439, 6.22215270996, 5.01205348969, 5.96765947342, 5.68859004974, 14.0924348831, 15.5729455948, 12.9810400009, 10.2980079651, 13.1912126541, 13.2162313461, 8.62208461761, 4.44683647156, 2.60489344597, 1.22828316689, 0.489804714918, 0.104935504496, 0.107660606503, 0.0954443663359, 0.113111302257, 0.0477950163186, 0.0288936179131, 0.00330043165013, 0.00014073010243, 7.31756017558e-06, 1.4468473637e-06, 1.83773170193e-06, 3.68841301679e-06],
        "dmean2": [0.0113745555282, 0.242555126548, 0.880033671856, 0.306916832924, 0.65502935648, 1.28909099102, 2.37913131714, 3.82687520981, 4.17154169083, 6.0908613205, 4.85202503204, 8.53297138214, 9.91006469727, 8.09005737305, 6.54729223251, 7.97631168365, 7.98324155807, 18.5448055267, 21.4406070709, 16.8748722076, 13.8891191483, 17.9043598175, 18.5923690796, 12.0698947906, 5.88291406631, 3.57982778549, 1.75019943714, 0.703221797943, 0.160445734859, 0.165418177843, 0.143026486039, 0.172399058938, 0.0742418467999, 0.0477553866804, 0.00552339898422, 0.000234675462707, 1.16622040878e-05, 2.17186129703e-06, 2.39524365497e-06, 4.82409859615e-06],
        "dvar": [0.000432604516391, 0.181391239166, 4.80743598938, 0.459300071001, 0.86815071106, 2.62366938591, 12.5866622925, 20.7295665741, 32.9754638672, 89.2387008667, 110.176239014, 772.970947266, 540.636291504, 420.716339111, 259.96472168, 1291.69348145, 265.94744873, 1625.90649414, 1575.33581543, 1165.08068848, 783.480651855, 986.460632324, 678.198913574, 288.60244751, 103.495674133, 38.3845100403, 9.02175617218, 1.31348490715, 0.0579829663038, 0.0565999522805, 0.0523475892842, 0.0415961071849, 0.0110667813569, 0.00712416274473, 8.87821151991e-05, 1.63276311582e-07, 2.77077555344e-10, 6.20722527198e-12, 9.17119505339e-12, 3.43427369875e-11],
        "dvar2": [0.000722505210433, 0.321713775396, 6.40452814102, 0.729139626026, 2.21811342239, 6.4787197113, 23.9164638519, 54.2969055176, 87.0136413574, 176.836196899, 181.519241333, 1123.6081543, 954.090881348, 592.722351074, 389.976226807, 2301.12451172, 436.937225342, 2323.12670898, 2626.24072266, 1824.04333496, 1115.60546875, 1580.59838867, 1127.93640137, 483.406463623, 143.22038269, 59.2101249695, 14.7704277039, 2.26162862778, 0.114174574614, 0.113417394459, 0.106685116887, 0.100759476423, 0.0289053414017, 0.0191479809582, 0.000240045788814, 4.42674689793e-07, 7.20268178434e-10, 1.23274133956e-11, 1.32006020698e-11, 4.9415537634e-11],
        "max": [0.369202286005, 7.96260976791, 62.2039299011, 15.9765129089, 15.8147001266, 22.4907779694, 72.8678588867, 70.8860626221, 114.599304199, 175.257369995, 234.268096924, 797.573303223, 691.735351562, 537.015319824, 363.847686768, 1549.42724609, 379.611083984, 870.565856934, 791.720153809, 837.700195312, 923.172485352, 683.599243164, 382.926147461, 215.342041016, 300.383148193, 159.84463501, 46.7628097534, 18.2082977295, 5.19190502167, 6.07755327225, 6.83645677567, 2.56289792061, 1.59838676453, 1.04115915298, 0.131792992353, 0.00558720948175, 0.000210979254916, 4.00336539315e-05, 6.03073822276e-05, 0.000110579610919],
        "mean": [0.027607658878, 0.537669122219, 1.60215091705, 0.487300544977, 0.904806494713, 1.66409635544, 3.63091540337, 5.86762332916, 7.93545770645, 10.4472780228, 9.3046131134, 18.2950000763, 20.5001239777, 21.5705471039, 18.2892436981, 16.4342346191, 15.7261753082, 51.862537384, 51.4740943909, 43.3951568604, 36.5930404663, 42.5356483459, 44.6591110229, 28.2135162354, 16.0024814606, 9.05189037323, 4.27687883377, 1.6276255846, 0.275360226631, 0.287534058094, 0.259009629488, 0.277732104063, 0.104489050806, 0.0496801137924, 0.00520777283236, 0.000238124193856, 1.91097933566e-05, 4.87124907522e-06, 8.24948256195e-06, 1.62561318575e-05],
        "median": [0.00744192348793, 0.161776602268, 0.320139974356, 0.153214544058, 0.283140987158, 0.696574628353, 1.23704326153, 2.5528075695, 2.98601722717, 2.89089131355, 1.62028741837, 1.69250571728, 3.39453411102, 2.55554962158, 2.4829325676, 2.53201436996, 3.86117386818, 7.69954442978, 12.5517253876, 10.4407176971, 6.666929245, 10.2726802826, 12.1327009201, 8.0660276413, 3.27969908714, 1.26551926136, 0.467597007751, 0.236009269953, 0.0839042291045, 0.135450109839, 0.129316270351, 0.146581605077, 0.0602963604033, 0.0247964970767, 0.00231079291552, 0.000116512681416, 1.12354628072e-05, 2.56421867562e-06, 5.43378064322e-06, 1.10200844574e-05],
        "min": [3.94957595518e-07, 5.41420467925e-06, 8.01681835583e-06, 3.1311856219e-06, 2.18926766138e-06, 4.04314141633e-06, 6.37947005089e-06, 7.43329019315e-06, 3.12659017254e-06, 6.43577868686e-06, 3.05109142573e-06, 1.64382549883e-06, 4.72100145998e-06, 3.46958427144e-06, 4.17565570388e-06, 1.37275685574e-06, 8.95595690054e-07, 5.02071407027e-06, 8.73917542776e-06, 2.98869031212e-06, 2.49320896728e-06, 4.40473149865e-06, 2.91626292892e-06, 2.27525765695e-06, 1.83939152976e-06, 8.39766869376e-07, 9.74764702733e-07, 7.71880309003e-07, 5.06815922563e-07, 1.29546197059e-06, 3.50950784878e-07, 3.58196018624e-07, 2.48425806149e-07, 1.36186145028e-07, 3.97751698245e-08, 1.69995590937e-08, 8.9190228536e-09, 4.53584325655e-09, 1.1622383056e-09, 1.76534897811e-10],
        "var": [0.00213249004446, 0.748937249184, 18.0023212433, 1.44732797146, 2.84021234512, 7.07489204407, 42.9282684326, 60.9556694031, 121.401863098, 298.636657715, 440.13482666, 3623.88476562, 2995.55737305, 3092.0925293, 2366.19116211, 2993.01367188, 1134.38745117, 15093.6279297, 8406.58984375, 7028.71630859, 6524.82861328, 5791.83349609, 3986.35620117, 1520.30810547, 845.90234375, 305.482727051, 59.9577598572, 9.23187446594, 0.201672837138, 0.183872491121, 0.128109693527, 0.119734115899, 0.0171899423003, 0.00704911351204, 8.50834621815e-05, 1.58150982088e-07, 4.63240223958e-10, 3.19317072783e-11, 6.81770750965e-11, 2.42723036115e-10]
    },
    "gfcc": {
        "mean": [-96.796005249, 131.753845215, -167.486755371, 46.8420600891, -51.7790145874, 9.77653408051, -39.5360031128, 7.16877698898, -1.32703542709, -14.7238349915, 14.4113969803, -19.3792800903, 7.12830638885],
        "cov": [[5928.01171875, -1095.33776855, -1970.30163574, 176.894760132, 477.934295654, -234.875411987, 28.4427433014, 232.245819092, -135.096694946, 229.391708374, 137.231033325, 26.6234855652, 76.7255859375], [-1095.33776855, 885.3671875, 806.168029785, -128.579391479, -122.565391541, 17.3457202911, 3.91884899139, -68.2865142822, 105.801528931, -92.9206848145, 4.7746887207, 1.42005097866, 12.4923124313], [-1970.30163574, 806.168029785, 1822.91235352, 158.033279419, -250.051712036, 361.545776367, -3.29313874245, 8.44148921967, 107.577758789, -52.8212089539, -80.066444397, -6.05400657654, -25.9893703461], [176.894760132, -128.579391479, 158.033279419, 343.756317139, 183.521514893, 120.606872559, 77.2672195435, 43.9886932373, 2.30401277542, 50.4959564209, -3.37122750282, 8.15511894226, -28.1029624939], [477.934295654, -122.565391541, -250.051712036, 183.521514893, 320.977478027, 46.6931190491, 117.539123535, 36.1979179382, -2.71397185326, 28.7495708466, 22.3176345825, -2.01968121529, -0.665513157845], [-234.875411987, 17.3457202911, 361.545776367, 120.606872559, 46.6931190491, 250.645462036, 72.8622436523, 60.7997550964, 9.87446212769, 17.4594898224, -10.6743803024, 16.8105335236, 13.9870615005], [28.4427433014, 3.91884899139, -3.29313874245, 77.2672195435, 117.539123535, 72.8622436523, 160.541641235, 39.3187332153, 48.9449996948, 32.030632019, 3.60257411003, 6.10249662399, 22.8889141083], [232.245819092, -68.2865142822, 8.44148921967, 43.9886932373, 36.1979179382, 60.7997550964, 39.3187332153, 147.56338501, 40.277721405, 40.9717140198, 11.9477777481, -1.059065938, 21.4708385468], [-135.096694946, 105.801528931, 107.577758789, 2.30401277542, -2.71397185326, 9.87446212769, 48.9449996948, 40.277721405, 105.6173172, 36.4752540588, 9.12508010864, -4.02072095871, 7.85352373123], [229.391708374, -92.9206848145, -52.8212089539, 50.4959564209, 28.7495708466, 17.4594898224, 32.030632019, 40.9717140198, 36.4752540588, 104.611129761, 47.7441482544, 23.7035732269, 7.43576288223], [137.231033325, 4.7746887207, -80.066444397, -3.37122750282, 22.3176345825, -10.6743803024, 3.60257411003, 11.9477777481, 9.12508010864, 47.7441482544, 97.8084259033, 49.9791145325, 13.4918336868], [26.6234855652, 1.42005097866, -6.05400657654, 8.15511894226, -2.01968121529, 16.8105335236, 6.10249662399, -1.059065938, -4.02072095871, 23.7035732269, 49.9791145325, 80.4652938843, 41.3898468018], [76.7255859375, 12.4923124313, -25.9893703461, -28.1029624939, -0.665513157845, 13.9870615005, 22.8889141083, 21.4708385468, 7.85352373123, 7.43576288223, 13.4918336868, 41.3898468018, 85.1145629883]],
        "icov": [[0.000362091930583, -0.000313298223773, 0.000570747710299, -0.000481706083519, 7.48933016439e-05, -0.000179182810825, 0.000367484317394, -0.000546087219846, 0.000546734489035, -0.000761330244131, 0.000192627121578, 0.000296148500638, -0.000354714022251], [-0.000313298223773, 0.00627623684704, -0.00470892619342, 0.00451818481088, -0.00383689301088, 0.00426945928484, -0.00164419400971, 0.00198035314679, -0.00388723355718, 0.00522737111896, -0.00430014263839, -0.000418147916207, -0.000586835027207], [0.000570747710299, -0.00470892619342, 0.00547786289826, -0.00509456638247, 0.00475077517331, -0.00565037643537, 0.00208882847801, -0.000969971239101, 0.000715704692993, -0.0025639270898, 0.00273587601259, 0.00102040322963, 4.38798051619e-05], [-0.000481706083519, 0.00451818481088, -0.00509456638247, 0.0109727084637, -0.00790242478251, 0.00322326109745, -0.00129533559084, 0.000476363726193, -0.000673560483847, -0.000340110796969, 0.000835412589367, -0.00449848175049, 0.00362211163156], [7.48933016439e-05, -0.00383689301088, 0.00475077517331, -0.00790242478251, 0.0116994222626, -0.00425495486706, -0.00320276012644, -0.000444044184405, 0.00177506962791, 0.000570042873733, -0.00161459273659, 0.00394259300083, -0.000773816776928], [-0.000179182810825, 0.00426945928484, -0.00565037643537, 0.00322326109745, -0.00425495486706, 0.0127980615944, -0.0047467444092, -0.00230606365949, 0.00246936944313, 0.00147604278754, -0.00121698516887, -0.00262391753495, -0.000292287935736], [0.000367484317394, -0.00164419400971, 0.00208882847801, -0.00129533559084, -0.00320276012644, -0.0047467444092, 0.0137278679758, 0.000324697990436, -0.00525697134435, -0.00260138045996, 0.00296611431986, 0.000130606029416, -0.00271977181546], [-0.000546087219846, 0.00198035314679, -0.000969971239101, 0.000476363726193, -0.000444044184405, -0.00230606365949, 0.000324697990436, 0.0115134650841, -0.0056956470944, 0.000895603210665, -0.00300136301666, 0.00370263424702, -0.00343095697463], [0.000546734489035, -0.00388723355718, 0.000715704692993, -0.000673560483847, 0.00177506962791, 0.00246936944313, -0.00525697134435, -0.0056956470944, 0.0211273413152, -0.0100518679246, 0.00246218661778, 0.00239890930243, -9.57321608439e-05], [-0.000761330244131, 0.00522737111896, -0.0025639270898, -0.000340110796969, 0.000570042873733, 0.00147604278754, -0.00260138045996, 0.000895603210665, -0.0100518679246, 0.0237280838192, -0.0117719881237, -0.000338349986123, 0.000144534831634], [0.000192627121578, -0.00430014263839, 0.00273587601259, 0.000835412589367, -0.00161459273659, -0.00121698516887, 0.00296611431986, -0.00300136301666, 0.00246218661778, -0.0117719881237, 0.0253320913762, -0.0150561770424, 0.0058228825219], [0.000296148500638, -0.000418147916207, 0.00102040322963, -0.00449848175049, 0.00394259300083, -0.00262391753495, 0.000130606029416, 0.00370263424702, 0.00239890930243, -0.000338349986123, -0.0150561770424, 0.0306301545352, -0.0145865622908], [-0.000354714022251, -0.000586835027207, 4.38798051619e-05, 0.00362211163156, -0.000773816776928, -0.000292287935736, -0.00271977181546, -0.00343095697463, -9.57321608439e-05, 0.000144534831634, 0.0058228825219, -0.0145865622908, 0.0211693719029]]
    },
    "melbands": {
        "dmean": [0.000127848659758, 0.000312978227157, 4.62301322841e-05, 4.33508721471e-05, 5.50060103706e-05, 5.38837339263e-05, 4.10452375945e-05, 4.56571142422e-05, 3.49835972884e-05, 3.94621711166e-05, 3.55568554369e-05, 2.55813665717e-05, 1.53523142217e-05, 1.4045833268e-05, 1.61942698469e-05, 1.15224302135e-05, 2.95718764391e-05, 2.5044368158e-05, 1.78999052878e-05, 2.12791874219e-05, 1.07437881525e-05, 1.35336913445e-05, 1.63040767802e-05, 1.25847873278e-05, 6.93586707712e-06, 3.31387241204e-06, 3.03330966744e-06, 1.57424688041e-06, 7.80887148721e-07, 7.69119196775e-07, 1.70175127323e-07, 5.540172765e-08, 5.86116577495e-08, 6.76780942399e-08, 6.01160365932e-08, 6.99700706264e-08, 7.36882910246e-08, 3.76740736385e-08, 2.73088165414e-08, 2.57182666275e-08],
        "dmean2": [0.000168793558259, 0.00041429020348, 6.44463361823e-05, 6.7535584094e-05, 7.93053623056e-05, 8.40694774524e-05, 6.18938138359e-05, 6.49415014777e-05, 4.65422053821e-05, 5.01801696373e-05, 4.88938239869e-05, 3.30869297613e-05, 2.01429975277e-05, 1.90030423255e-05, 2.16546195588e-05, 1.6429590687e-05, 3.88263761124e-05, 3.43814281223e-05, 2.45651899604e-05, 2.70783439191e-05, 1.4854105757e-05, 1.8342916519e-05, 2.2711157726e-05, 1.73835942405e-05, 9.82638630376e-06, 4.53948814538e-06, 4.08271262131e-06, 2.20936158257e-06, 1.14097076676e-06, 1.07043695152e-06, 2.52218796959e-07, 8.71634355804e-08, 8.98170995356e-08, 1.04956107805e-07, 9.09546784555e-08, 1.04302813497e-07, 1.1596995364e-07, 5.9957500298e-08, 4.31768256703e-08, 4.36183356101e-08],
        "dvar": [8.74795844652e-08, 8.07464061836e-07, 1.53388057811e-08, 7.80111442111e-09, 1.17382290554e-08, 9.69354907454e-09, 6.39749542231e-09, 1.06610933415e-08, 1.39090037266e-08, 2.30012666691e-08, 1.31975168571e-08, 8.03836996965e-09, 2.18863749346e-09, 4.25602975085e-09, 5.79639403142e-09, 1.00909991474e-09, 7.78870745677e-09, 3.89333809636e-09, 2.22033635922e-09, 4.97781416087e-09, 7.01429858641e-10, 1.10955178378e-09, 1.52861068248e-09, 9.35624022702e-10, 1.94947627485e-10, 5.14652660766e-11, 6.84937592754e-11, 1.42841667314e-11, 3.92211567043e-12, 3.91562216678e-12, 1.27907612887e-13, 1.27920897751e-14, 3.43896630194e-14, 1.7353204648e-14, 2.59398978128e-14, 1.48325040537e-14, 2.07638082211e-14, 7.45450996396e-15, 3.94251951168e-15, 6.7268608049e-15],
        "dvar2": [1.53448766582e-07, 1.13424403025e-06, 2.43182256554e-08, 1.97700202875e-08, 2.41057822592e-08, 2.52946623647e-08, 1.62190278985e-08, 2.0522183064e-08, 2.22182006127e-08, 3.32705099026e-08, 2.33712356135e-08, 1.12036744326e-08, 3.39193606536e-09, 8.07600653019e-09, 8.48682368826e-09, 1.84209136833e-09, 1.08014530653e-08, 6.22620710544e-09, 3.53455797963e-09, 6.57008492055e-09, 1.14641696136e-09, 1.87731208356e-09, 2.36736141801e-09, 1.52645762697e-09, 3.31479399485e-10, 8.74091771186e-11, 9.55935122726e-11, 2.32434297504e-11, 6.91785344287e-12, 6.4045357559e-12, 2.59304730466e-13, 2.80893201494e-14, 6.592342232e-14, 3.84083803445e-14, 5.27338860513e-14, 3.1268146709e-14, 5.31900132934e-14, 1.99018488592e-14, 9.60594654493e-15, 1.8588381973e-14],
        "max": [0.00470806052908, 0.0246240217239, 0.00289618689567, 0.00135840999428, 0.00207636342384, 0.00151332025416, 0.0014759702608, 0.00208267266862, 0.0026033623144, 0.00429797638208, 0.00337381684221, 0.00235826265998, 0.000965927611105, 0.00258075282909, 0.0027621248737, 0.000726518046577, 0.00200130185112, 0.00125224213116, 0.00100403220858, 0.00245223962702, 0.000613028125372, 0.000901062507182, 0.00107835000381, 0.000677810516208, 0.000175586275873, 0.000171780673554, 0.000246656505624, 9.63505444815e-05, 2.75320526271e-05, 3.89432789234e-05, 6.69758355798e-06, 1.87685759556e-06, 5.89844876231e-06, 2.87893999484e-06, 5.13675377078e-06, 1.98616339731e-06, 2.05464698411e-06, 1.45232559134e-06, 8.81558321453e-07, 1.02109447653e-06],
        "mean": [0.000404132093536, 0.00082174083218, 0.000105511127913, 9.14872725843e-05, 0.000117978859635, 0.000135876805871, 0.000119202697533, 0.000111907487735, 8.91503877938e-05, 0.000106510378828, 9.90850894595e-05, 8.70670191944e-05, 5.48307216377e-05, 4.21065815317e-05, 3.99577729695e-05, 3.11883995892e-05, 0.000107978274173, 7.87422177382e-05, 5.3966352425e-05, 7.27735387045e-05, 3.50335321855e-05, 4.11083710787e-05, 4.99985617353e-05, 4.01578690798e-05, 2.05554697459e-05, 1.0510672837e-05, 1.00170400401e-05, 5.04361514686e-06, 2.45277874455e-06, 2.50438756666e-06, 4.64431337832e-07, 1.23814999142e-07, 1.32875811687e-07, 1.70441651903e-07, 1.42544280379e-07, 1.85577391676e-07, 1.60192712428e-07, 7.47538280166e-08, 5.63769049222e-08, 3.82295581858e-08],
        "median": [0.000127807841636, 0.000226768839639, 3.18350357702e-05, 3.46062224708e-05, 4.71347375424e-05, 5.82556676818e-05, 4.84779448016e-05, 2.57923329627e-05, 8.75676960277e-06, 8.18703847472e-06, 1.11641429612e-05, 6.2785238697e-06, 3.63496201317e-06, 3.98934253099e-06, 4.27767099609e-06, 2.56904831986e-06, 5.42504267287e-06, 1.37925344461e-05, 9.62558715401e-06, 6.84922497385e-06, 5.34542232344e-06, 9.43550639931e-06, 8.8486194727e-06, 6.38829396848e-06, 5.63186631553e-06, 2.36242863139e-06, 1.27184875964e-06, 6.4343151962e-07, 2.8926746154e-07, 1.70503042796e-07, 1.07956125817e-07, 3.84779283991e-08, 4.86273954436e-08, 8.36641405044e-08, 5.90001363321e-08, 8.95294149927e-08, 7.59907621273e-08, 3.83016818262e-08, 3.13982475575e-08, 1.61054689585e-08],
        "min": [6.32195495953e-09, 5.46845768667e-09, 5.23116605589e-10, 2.14624470973e-10, 2.6660132435e-10, 1.485548351e-10, 4.49699548433e-11, 7.21667031689e-11, 2.22172870379e-11, 8.72897067128e-12, 2.42688178581e-11, 1.48891246554e-11, 1.25158225797e-11, 6.38189544613e-12, 2.47768298933e-12, 1.52397907661e-12, 1.05799856723e-11, 1.3078515701e-11, 7.83154530809e-12, 2.31459361226e-12, 3.11912540067e-12, 4.16359047933e-12, 4.57200987139e-12, 2.27203997803e-12, 1.79953957551e-12, 1.23694143036e-12, 8.84001476621e-13, 4.97930852366e-13, 6.04594336834e-13, 5.50935816065e-13, 3.97628219413e-13, 2.35700998649e-13, 4.54349502899e-13, 7.70452224155e-13, 1.9210837348e-13, 1.35282193434e-13, 2.57269899828e-13, 1.55486544863e-13, 1.69585550572e-13, 1.02587250218e-13],
        "var": [3.97663029617e-07, 3.10915925184e-06, 5.34788071604e-08, 2.36127846165e-08, 3.7502339012e-08, 3.25524815992e-08, 2.52360301545e-08, 3.78821951585e-08, 5.9031641797e-08, 1.08434541346e-07, 7.30037186258e-08, 6.0116100542e-08, 1.95207139342e-08, 1.18835989937e-08, 1.85257622576e-08, 4.90147789023e-09, 7.62670069321e-08, 2.09087858138e-08, 1.08404787369e-08, 4.69675249803e-08, 4.72781058747e-09, 5.5413535982e-09, 9.80683001472e-09, 6.51780007743e-09, 9.56233869864e-10, 2.88321394537e-10, 5.20450016417e-10, 1.03532439566e-10, 2.0228600045e-11, 2.82811569302e-11, 7.27263355874e-13, 4.0740770268e-14, 6.9670499567e-14, 5.73892943259e-14, 5.46301116052e-14, 5.99250466957e-14, 4.44940749013e-14, 1.08199759983e-14, 5.89590369595e-15, 5.73985354553e-15]
    },
    "mfcc": {
        "mean": [-720.298828125, 131.012084961, -26.8354091644, 28.8458137512, 18.9215621948, -8.14810180664, -3.8921277523, 4.93639659882, -5.03882598877, 10.2421674728, -1.21656489372, 4.61607074738, -2.40282011032],
        "cov": [[6159.1015625, -1208.54223633, -2125.89086914, 535.393127441, 5.72495079041, -385.01260376, 68.9977416992, -101.536392212, -31.9965076447, 128.267700195, -250.833084106, 274.852111816, 75.2756652832], [-1208.54223633, 1080.03112793, 690.371643066, -260.684173584, 1.81199645996, 49.3657188416, -103.722671509, 29.3086547852, -39.2172279358, -33.8860244751, 107.222084045, -106.503242493, -69.504989624], [-2125.89086914, 690.371643066, 1588.17834473, -193.682128906, 108.287719727, 277.006225586, 27.2736759186, 113.500305176, 108.272422791, -48.2802810669, 206.996856689, -87.7293014526, 7.6671628952], [535.393127441, -260.684173584, -193.682128906, 340.108978271, 79.6136398315, 52.5373687744, 90.7229003906, 26.2593631744, 56.39894104, 20.5416660309, -1.11812055111, 101.284851074, 62.9538078308], [5.72495079041, 1.81199645996, 108.287719727, 79.6136398315, 173.612030029, 69.8772506714, 67.9957275391, 54.7337226868, 22.0564994812, 23.5605792999, 18.7886981964, 8.81438922882, 7.95868492126], [-385.01260376, 49.3657188416, 277.006225586, 52.5373687744, 69.8772506714, 195.025588989, 87.6713638306, 55.8935089111, 70.1435089111, -21.2165527344, 31.1432189941, 2.94868445396, 28.1694946289], [68.9977416992, -103.722671509, 27.2736759186, 90.7229003906, 67.9957275391, 87.6713638306, 151.479568481, 66.0564041138, 56.4198417664, 24.7667541504, -8.13716316223, 21.1986103058, 50.2602844238], [-101.536392212, 29.3086547852, 113.500305176, 26.2593631744, 54.7337226868, 55.8935089111, 66.0564041138, 104.976646423, 61.6467971802, 22.8635959625, 6.21043539047, -14.3521718979, 15.8658466339], [-31.9965076447, -39.2172279358, 108.272422791, 56.39894104, 22.0564994812, 70.1435089111, 56.4198417664, 61.6467971802, 154.499389648, 54.0507736206, 16.4222126007, -8.5996837616, 15.0638608932], [128.267700195, -33.8860244751, -48.2802810669, 20.5416660309, 23.5605792999, -21.2165527344, 24.7667541504, 22.8635959625, 54.0507736206, 129.895401001, 20.1957740784, -0.366605907679, -6.68213129044], [-250.833084106, 107.222084045, 206.996856689, -1.11812055111, 18.7886981964, 31.1432189941, -8.13716316223, 6.21043539047, 16.4222126007, 20.1957740784, 118.499084473, 31.9830951691, -1.876942873], [274.852111816, -106.503242493, -87.7293014526, 101.284851074, 8.81438922882, 2.94868445396, 21.1986103058, -14.3521718979, -8.5996837616, -0.366605907679, 31.9830951691, 138.056808472, 64.1394729614], [75.2756652832, -69.504989624, 7.6671628952, 62.9538078308, 7.95868492126, 28.1694946289, 50.2602844238, 15.8658466339, 15.0638608932, -6.68213129044, -1.876942873, 64.1394729614, 150.79725647]],
