{
"lowlevel": {
    "average_loudness": 0.96034681797,
    "barkbands_crest": {
        "dmean": 2.45141553879,
        "dmean2": 4.07454586029,
        "dvar": 5.68787527084,
        "dvar2": 14.7922239304,
        "max": 24.5737056732,
        "mean": 11.1670532227,
        "median": 10.6012363434,
        "min": 3.83219003677,
        "var": 13.2465572357
    },
    "barkbands_flatness_db": {
        "dmean": 0.0324216373265,
        "dmean2": 0.0458318255842,
        "dvar": 0.000996955437586,
        "dvar2": 0.00197196868248,
        "max": 0.535790026188,
        "mean": 0.264871805906,
        "median": 0.260403990746,
        "min": 0.0409952364862,
        "var": 0.00821723323315
    },
    "barkbands_kurtosis": {
        "dmean": 15.6218633652,
        "dmean2": 25.0940799713,
        "dvar": 586.800720215,
        "dvar2": 1548.38439941,
        "max": 334.691558838,
        "mean": 33.0722808838,
        "median": 21.8636837006,
        "min": -1.42774951458,
        "var": 1177.78100586
    },
    "barkbands_skewness": {
        "dmean": 1.02523541451,
        "dmean2": 1.63523197174,
        "dvar": 1.40164005756,
        "dvar2": 3.51687693596,
        "max": 14.8775501251,
        "mean": 3.54862856865,
        "median": 3.2184407711,
        "min": -1.63422369957,
        "var": 4.36692667007
    },
    "barkbands_spread": {
        "dmean": 3.04429197311,
        "dmean2": 4.67493581772,
        "dvar": 37.6237564087,
        "dvar2": 83.067741394,
        "max": 73.9786148071,
        "mean": 7.05086517334,
        "median": 3.6870303154,
        "min": 0.256301015615,
        "var": 84.7605209351
    },
    "dissonance": {
        "dmean": 0.0310797914863,
        "dmean2": 0.0511899702251,
        "dvar": 0.000893582764547,
        "dvar2": 0.00236221193336,
        "max": 0.499456971884,
        "mean": 0.438586235046,
        "median": 0.44750469923,
        "min": 0.205581605434,
        "var": 0.00184350693598
    },
    "dynamic_complexity": 2.89007282257,
    "erbbands_crest": {
        "dmean": 2.72609138489,
        "dmean2": 4.31822252274,
        "dvar": 6.24496030807,
        "dvar2": 14.698679924,
        "max": 27.7432861328,
        "mean": 11.9803590775,
        "median": 11.22336483,
        "min": 3.34075665474,
        "var": 20.8704605103
    },
    "erbbands_flatness_db": {
        "dmean": 0.0256987288594,
        "dmean2": 0.0368646718562,
        "dvar": 0.000666572595946,
        "dvar2": 0.00132599927019,
        "max": 0.443386018276,
        "mean": 0.200884968042,
        "median": 0.194391667843,
        "min": 0.0664784163237,
        "var": 0.00392705528066
    },
    "erbbands_kurtosis": {
        "dmean": 6.64458036423,
        "dmean2": 9.85641765594,
        "dvar": 118.304519653,
        "dvar2": 270.502380371,
        "max": 154.690643311,
        "mean": 12.9646701813,
        "median": 5.826628685,
        "min": -1.88510286808,
        "var": 373.628509521
    },
    "erbbands_skewness": {
        "dmean": 0.740793585777,
        "dmean2": 1.1008143425,
        "dvar": 0.579023718834,
        "dvar2": 1.22227728367,
        "max": 10.2899847031,
        "mean": 2.47299861908,
        "median": 2.1163854599,
        "min": -1.00539553165,
        "var": 3.13837623596
    },
    "erbbands_spread": {
        "dmean": 10.1970252991,
        "dmean2": 15.2739582062,
        "dvar": 180.115447998,
        "dvar2": 358.85760498,
        "max": 164.927947998,
        "mean": 32.8646087646,
        "median": 23.887424469,
        "min": 1.0677857399,
        "var": 953.160644531
    },
    "hfc": {
        "dmean": 3.40614318848,
        "dmean2": 5.31319713593,
        "dvar": 19.1535148621,
        "dvar2": 46.1695022583,
        "max": 59.096206665,
        "mean": 10.807975769,
        "median": 8.92263031006,
        "min": 1.16009619221e-16,
        "var": 73.5712356567
    },
    "melbands_crest": {
        "dmean": 3.07677578926,
        "dmean2": 5.13313865662,
        "dvar": 8.4770488739,
        "dvar2": 21.2328071594,
        "max": 33.6359024048,
        "mean": 16.6804599762,
        "median": 16.4900798798,
        "min": 1.77619385719,
        "var": 22.0975856781
    },
    "melbands_flatness_db": {
        "dmean": 0.035837393254,
        "dmean2": 0.0502937249839,
        "dvar": 0.00133987911977,
        "dvar2": 0.00245350738987,
        "max": 0.67345482111,
        "mean": 0.372542798519,
        "median": 0.369357556105,
        "min": 0.00882133282721,
        "var": 0.0106873512268
    },
    "melbands_kurtosis": {
        "dmean": 28.9834423065,
        "dmean2": 47.0825462341,
        "dvar": 2388.43457031,
        "dvar2": 6127.36083984,
        "max": 786.516723633,
        "mean": 65.8034896851,
        "median": 39.9976005554,
        "min": -1.01138412952,
        "var": 5612.95703125
    },
    "melbands_skewness": {
        "dmean": 1.23724293709,
        "dmean2": 1.95997774601,
        "dvar": 2.12931084633,
        "dvar2": 5.12216377258,
        "max": 21.9695911407,
        "mean": 4.49780988693,
        "median": 3.78782963753,
        "min": -0.621291995049,
        "var": 8.97476387024
    },
    "melbands_spread": {
        "dmean": 2.24465322495,
        "dmean2": 3.43847608566,
        "dvar": 37.3285827637,
        "dvar2": 59.7666397095,
        "max": 124.503036499,
        "mean": 5.20530605316,
        "median": 2.75237941742,
        "min": 0.270531624556,
        "var": 59.3366622925
    },
    "pitch_salience": {
        "dmean": 0.0807327330112,
        "dmean2": 0.132691428065,
        "dvar": 0.00526732578874,
        "dvar2": 0.0136194461957,
        "max": 0.835298657417,
        "mean": 0.558124125004,
        "median": 0.565079152584,
        "min": 0.051228441298,
        "var": 0.0147661073133
    },
    "silence_rate_20dB": {
        "dmean": 0,
        "dmean2": 0,
        "dvar": 0,
        "dvar2": 0,
        "max": 1,
        "mean": 1,
        "median": 1,
        "min": 1,
        "var": 0
    },
    "silence_rate_30dB": {
        "dmean": 0.00927357003093,
        "dmean2": 0.0185614842921,
        "dvar": 0.00918743759394,
        "dvar2": 0.0259507130831,
        "max": 1,
        "mean": 0.993822395802,
        "median": 1,
        "min": 0,
        "var": 0.00613942882046
    },
    "silence_rate_60dB": {
        "dmean": 0.0123647600412,
        "dmean2": 0.0247486457229,
        "dvar": 0.0122118797153,
        "dvar2": 0.0303231552243,
        "max": 1,
        "mean": 0.0640926659107,
        "median": 0,
        "min": 0,
        "var": 0.0599853470922
    },
    "spectral_centroid": {
        "dmean": 96.4500732422,
        "dmean2": 142.495849609,
        "dvar": 119268.75,
        "dvar2": 146473.375,
        "max": 11132.8857422,
        "mean": 385.100738525,
        "median": 286.859954834,
        "min": 144.738067627,
        "var": 160929.03125
    },
    "spectral_complexity": {
        "dmean": 1.52395677567,
        "dmean2": 2.496519804,
        "dvar": 2.33905720711,
        "dvar2": 5.19971513748,
        "max": 32,
        "mean": 7.66254806519,
        "median": 7,
        "min": 0,
        "var": 17.9409942627
    },
    "spectral_decrease": {
        "dmean": 4.21849488674e-09,
        "dmean2": 6.68401289872e-09,
        "dvar": 2.6925862176e-17,
        "dvar2": 6.81842662822e-17,
        "max": 3.0038654111e-29,
        "mean": -1.06599831184e-08,
        "median": -1.00142285575e-08,
        "min": -4.07659257462e-08,
        "var": 5.41864942721e-17
    },
    "spectral_energy": {
        "dmean": 0.0161797478795,
        "dmean2": 0.0256528742611,
        "dvar": 0.000397017982323,
        "dvar2": 0.00100434827618,
        "max": 0.156220942736,
        "mean": 0.0412135683,
        "median": 0.0387993641198,
        "min": 1.04090501891e-20,
        "var": 0.000798710039817
    },
    "spectral_energyband_high": {
        "dmean": 8.07474571047e-05,
        "dmean2": 0.000103279337054,
        "dvar": 4.16725676189e-08,
        "dvar2": 6.36215347072e-08,
        "max": 0.00513905240223,
        "mean": 0.000275471189525,
        "median": 7.53736749175e-05,
        "min": 7.17025519679e-21,
        "var": 3.93205965565e-07
    },
    "spectral_energyband_low": {
        "dmean": 0.00937768630683,
        "dmean2": 0.0148897329345,
        "dvar": 0.000159977440489,
        "dvar2": 0.000416253635194,
        "max": 0.107806712389,
        "mean": 0.0211838521063,
        "median": 0.0173066128045,
        "min": 2.00607044208e-23,
        "var": 0.000326108653098
    },
    "spectral_energyband_middle_high": {
        "dmean": 0.000186632532859,
        "dmean2": 0.000260258035269,
        "dvar": 1.28948215661e-07,
        "dvar2": 2.21497700181e-07,
        "max": 0.00658317515627,
        "mean": 0.000547215400729,
        "median": 0.000182338917512,
        "min": 1.77105165066e-21,
        "var": 7.57681902996e-07
    },
    "spectral_energyband_middle_low": {
        "dmean": 0.0124308438972,
        "dmean2": 0.0198208019137,
        "dvar": 0.00027820962714,
        "dvar2": 0.000680379394908,
        "max": 0.148374840617,
        "mean": 0.0259089637548,
        "median": 0.0225498266518,
        "min": 2.59247208924e-22,
        "var": 0.000449519808171
    },
    "spectral_entropy": {
        "dmean": 0.3228751719,
        "dmean2": 0.453599721193,
        "dvar": 0.107805758715,
        "dvar2": 0.200382828712,
        "max": 9.80711460114,
        "mean": 6.43185710907,
        "median": 6.47558546066,
        "min": 4.01236200333,
        "var": 0.726489841938
    },
    "spectral_flux": {
        "dmean": 0.0339747481048,
        "dmean2": 0.0547110326588,
        "dvar": 0.00156699086074,
        "dvar2": 0.003379173344,
        "max": 0.305707782507,
        "mean": 0.0850927904248,
        "median": 0.0741042047739,
        "min": 1.0202474976e-10,
        "var": 0.00279054837301
    },
    "spectral_kurtosis": {
        "dmean": 4.61110305786,
        "dmean2": 6.81770896912,
        "dvar": 59.8551177979,
        "dvar2": 130.013046265,
        "max": 113.036422729,
        "mean": 12.1336174011,
        "median": 7.77426719666,
        "min": -1.1610916853,
        "var": 185.01852417
    },
    "spectral_rms": {
        "dmean": 0.00120764551684,
        "dmean2": 0.00185785163194,
        "dvar": 1.693524041e-06,
        "dvar2": 4.09611084251e-06,
        "max": 0.0123454723507,
        "mean": 0.00585154164582,
        "median": 0.00615248223767,
        "min": 3.18671803355e-12,
        "var": 5.96778090767e-06
    },
    "spectral_rolloff": {
        "dmean": 184.080123901,
        "dmean2": 303.31237793,
        "dvar": 1026411.625,
        "dvar2": 1773933.125,
        "max": 19207.6171875,
        "mean": 431.179626465,
        "median": 258.3984375,
        "min": 150.732421875,
        "var": 978943.5
    },
    "spectral_skewness": {
        "dmean": 0.458808809519,
        "dmean2": 0.651822507381,
        "dvar": 0.308336049318,
        "dvar2": 0.609474420547,
        "max": 9.16026687622,
        "mean": 2.79118776321,
        "median": 2.56690526009,
        "min": -0.0165215488523,
        "var": 1.56067252159
    },
    "spectral_spread": {
        "dmean": 850169.5,
        "dmean2": 1213246.75,
        "dvar": 1.79696422093e+12,
        "dvar2": 2.38480811622e+12,
        "max": 40393504,
        "mean": 5124634.5,
        "median": 4658362,
        "min": 1009283.125,
        "var": 7.25878099149e+12
    },
    "spectral_strongpeak": {
        "dmean": 0.295892596245,
        "dmean2": 0.485977053642,
        "dvar": 0.121534734964,
        "dvar2": 0.284663587809,
        "max": 3.60704421997,
        "mean": 0.618649303913,
        "median": 0.459728986025,
        "min": 0,
        "var": 0.283767193556
    },
    "zerocrossingrate": {
        "dmean": 0.00803173612803,
        "dmean2": 0.00953602325171,
        "dvar": 0.000401267810958,
        "dvar2": 0.000406123290304,
        "max": 0.50048828125,
        "mean": 0.0307817030698,
        "median": 0.02197265625,
        "min": 0.0048828125,
        "var": 0.00102678104304
    },
    "barkbands": {
        "dmean": [4.99412417412e-05, 0.00180264841765, 0.00495414854959, 0.0073363929987, 0.00511740287766, 0.00217343214899, 0.000912931631319, 0.000302350788843, 0.000175954643055, 5.78981562285e-05, 3.47756649717e-05, 3.88828884752e-05, 3.53062860086e-05, 4.17592709709e-05, 4.74898624816e-05, 3.95964671043e-05, 3.60017584171e-05, 1.2096800674e-05, 7.76196975494e-06, 9.25145650399e-06, 7.29484372641e-06, 1.43218830999e-05, 3.20708822983e-05, 2.27749751502e-05, 2.0417774067e-05, 1.43247098094e-05, 1.45920500927e-06],
        "dmean2": [8.32473451737e-05, 0.00295169907622, 0.00776171498001, 0.0121170226485, 0.00822843238711, 0.00361057044938, 0.00144665210973, 0.00048914575018, 0.000280570413452, 8.80111692823e-05, 5.61197775824e-05, 5.9590289311e-05, 5.76518941671e-05, 6.60738442093e-05, 7.09659288987e-05, 5.80024716328e-05, 5.76045422349e-05, 1.94229141925e-05, 1.13504493129e-05, 1.41528735185e-05, 1.1361408724e-05, 2.12348677451e-05, 4.64303484478e-05, 3.43367646565e-05, 2.82840901491e-05, 2.06371241802e-05, 2.39519613388e-06],
        "dvar": [1.92505460461e-08, 5.73984016228e-06, 5.74644909648e-05, 0.000118026371638, 5.83239670959e-05, 4.01832658099e-05, 7.91722322901e-06, 5.82533687066e-07, 1.35943636792e-07, 2.91128330332e-08, 1.44808751656e-08, 2.80874008496e-08, 1.37151445756e-08, 1.12867368784e-08, 1.89524378413e-08, 1.30556978561e-08, 1.32889796944e-08, 1.85905957295e-09, 9.30922228193e-10, 7.32334082265e-10, 5.35183675154e-10, 2.47088216554e-09, 7.06228053815e-09, 3.63289198724e-09, 2.65845168101e-09, 1.98357397174e-09, 8.2547753355e-11],
        "dvar2": [4.24319530623e-08, 1.63195381901e-05, 0.00015619090118, 0.000301730062347, 0.000137895185617, 0.00010618311353, 1.94176463992e-05, 1.55990483108e-06, 3.34496235155e-07, 5.79774628306e-08, 3.32729968022e-08, 5.44007079384e-08, 3.92213834743e-08, 2.85820878076e-08, 4.10430835984e-08, 2.73567870579e-08, 3.53863320868e-08, 4.77550088362e-09, 2.06807548864e-09, 1.70077596451e-09, 1.32329225355e-09, 5.11809483683e-09, 1.29762023349e-08, 8.53820125712e-09, 4.50238513139e-09, 3.62675045551e-09, 1.63288577104e-10],
        "max": [0.0038380252663, 0.0204651653767, 0.0655809789896, 0.130164951086, 0.0923180058599, 0.076322644949, 0.0484331399202, 0.013009512797, 0.0051190238446, 0.00359421735629, 0.00168519699946, 0.00416498631239, 0.00202759890817, 0.00229265680537, 0.00333014992066, 0.00222532637417, 0.00184010958765, 0.000954952323809, 0.000858103565406, 0.000507480464876, 0.000361312704626, 0.00123594258912, 0.00173520774115, 0.00166863866616, 0.00157926476095, 0.00122081430163, 0.000225529365707],
        "mean": [6.37640041532e-05, 0.00405336311087, 0.0103820227087, 0.011314380914, 0.00963132269681, 0.00275712204166, 0.00133088696748, 0.00046838898561, 0.000366500171367, 8.79947110661e-05, 4.71279527119e-05, 6.77010757499e-05, 5.68125578866e-05, 6.24246531515e-05, 7.68446407164e-05, 6.78589349263e-05, 5.95549172431e-05, 2.13237453863e-05, 1.52324664668e-05, 1.59837327374e-05, 1.29643794935e-05, 3.40677397617e-05, 8.29416676424e-05, 5.37178930244e-05, 4.95050408063e-05, 3.16806726914e-05, 2.15567229134e-06],
        "median": [3.75042145606e-05, 0.00315547618084, 0.00788334384561, 0.00705509725958, 0.00556144118309, 0.000928717083298, 0.000297050661175, 9.89822365227e-05, 9.08016372705e-05, 1.68483711604e-05, 7.45573015593e-06, 6.59862234897e-06, 8.4323428382e-06, 1.3609054804e-05, 9.20647198654e-06, 1.13982187031e-05, 1.13882961159e-05, 3.40268411492e-06, 3.23028643834e-06, 3.76124125978e-06, 3.03334400087e-06, 4.28139401265e-06, 1.59061473823e-05, 1.13938485811e-05, 1.06279821921e-05, 4.67280915473e-06, 1.44406897107e-07],
        "min": [3.11619266325e-24, 8.24885185091e-24, 1.58793095245e-24, 1.37162574584e-23, 1.87279223437e-23, 3.48358388282e-23, 6.42889704666e-23, 6.58494698657e-23, 5.06730008951e-23, 4.7279201374e-23, 3.42590426669e-23, 7.92990055634e-23, 9.20549747533e-23, 1.29029548024e-22, 2.20780659868e-22, 1.820369114e-22, 2.37789157316e-22, 2.74045330738e-22, 2.53669571049e-22, 3.34844999027e-22, 4.51278420013e-22, 4.43801684706e-22, 8.14109351437e-22, 7.70120447878e-22, 1.03054466252e-21, 1.38154611348e-21, 2.49967720713e-21],
        "var": [2.12792556908e-08, 1.34437614179e-05, 9.76263181656e-05, 0.000163760472788, 0.000162249241839, 3.8006946852e-05, 1.20487702588e-05, 1.0478004242e-06, 4.52636129467e-07, 6.03382659392e-08, 2.27083294391e-08, 7.22146182852e-08, 2.40259456774e-08, 1.94718374757e-08, 6.15073290078e-08, 3.31053833236e-08, 2.57539198856e-08, 5.14564835186e-09, 1.82843573615e-09, 1.35772348919e-09, 8.74319894262e-10, 1.30446489166e-08, 4.32129816375e-08, 1.77628241005e-08, 1.61174558144e-08, 9.43786204743e-09, 1.0196835043e-10]
    },
    "erbbands": {
        "dmean": [0.0219380520284, 0.53378123045, 4.29701280594, 16.7592258453, 20.9675121307, 15.9513120651, 16.1809215546, 17.499792099, 17.1104660034, 8.28773212433, 5.43135929108, 3.80363845825, 2.55907249451, 1.25502824783, 1.44667899609, 1.51849067211, 1.45342719555, 1.76396358013, 2.39780688286, 2.21309018135, 1.93350529671, 1.80628454685, 0.792311906815, 0.321520030499, 0.459093987942, 0.424015939236, 0.271384865046, 0.334866940975, 0.469020843506, 0.772866845131, 1.02980613708, 0.53997951746, 0.397296220064, 0.252163410187, 0.14415371418, 0.0780581757426, 0.0252745840698, 0.00413310341537, 0.000156279595103, 1.91640920093e-05],
        "dmean2": [0.0358419679105, 0.868991851807, 6.66567516327, 27.1875038147, 34.2811088562, 26.1742038727, 24.5872612, 30.3733329773, 27.3510341644, 13.3578977585, 8.60352897644, 6.12412834167, 3.8880314827, 1.99799931049, 2.14647841454, 2.3311560154, 2.3663983345, 2.76107025146, 3.57784581184, 3.28029918671, 2.89423179626, 2.8205435276, 1.28311491013, 0.499610364437, 0.676411688328, 0.643776059151, 0.404838442802, 0.52048432827, 0.682941317558, 1.1214132309, 1.55334413052, 0.773141264915, 0.596149623394, 0.371499508619, 0.201597869396, 0.116789653897, 0.035848390311, 0.00631825625896, 0.000243402741035, 3.05501343973e-05],
        "dvar": [0.00111187715083, 0.489450633526, 40.4626541138, 588.787109375, 966.831848145, 724.569274902, 1376.63684082, 3205.82495117, 2650.95556641, 464.719146729, 155.58480835, 65.7852478027, 46.182964325, 12.9572925568, 31.5043354034, 35.8608932495, 22.8572978973, 24.5184822083, 41.3001594543, 42.4272003174, 25.7152900696, 32.5033302307, 8.14976787567, 1.2509663105, 3.9582965374, 1.39984381199, 0.705885946751, 1.31374704838, 2.88873624802, 4.53106784821, 8.25677108765, 2.51078796387, 0.982114255428, 0.343925654888, 0.167066946626, 0.0598247647285, 0.00668283132836, 0.000509680947289, 8.9745446985e-07, 6.71132038832e-10],
        "dvar2": [0.00323331099935, 1.31957507133, 102.945243835, 1525.23022461, 2491.04516602, 1682.49206543, 3047.80883789, 8872.66210938, 6569.85791016, 1252.68200684, 410.532684326, 162.762832642, 97.7178497314, 29.4799976349, 60.7242050171, 78.1690444946, 65.0419845581, 63.4348831177, 94.698348999, 83.7342681885, 47.963558197, 80.8743362427, 21.2254638672, 2.73598814011, 9.7788772583, 3.20822453499, 1.5819773674, 3.24846720695, 6.41991662979, 8.9391078949, 17.4309558868, 5.52199697495, 2.44670796394, 0.715214490891, 0.278073072433, 0.115142174065, 0.0125901838765, 0.000992406858131, 1.72747297711e-06, 1.55124346701e-09],
        "max": [0.356148868799, 6.48899459839, 53.208656311, 230.698181152, 295.615539551, 553.641601562, 580.474914551, 711.409362793, 868.711547852, 336.511077881, 172.47265625, 107.754753113, 133.651275635, 76.0065307617, 150.967803955, 122.537155151, 85.0474395752, 116.321960449, 107.820289612, 176.776306152, 98.6208343506, 107.391265869, 65.8582611084, 23.6761245728, 55.5368385315, 18.425283432, 13.8005752563, 20.893819809, 31.9864559174, 53.9822120667, 60.6840400696, 42.6795921326, 23.0023612976, 13.0342035294, 13.2846670151, 8.19295787811, 1.86962175369, 0.593447744846, 0.02548844181, 0.00043981501949],
        "mean": [0.0508744567633, 1.27608597279, 10.3975925446, 28.4961090088, 34.5088996887, 30.1273498535, 26.2610340118, 21.3286132812, 22.827457428, 12.8768253326, 10.1413974762, 7.67047691345, 4.51110363007, 2.01418828964, 2.27720427513, 2.7332046032, 2.55492210388, 2.87225556374, 3.99044370651, 3.87951469421, 3.82417011261, 3.19583106041, 1.48701107502, 0.660972356796, 0.853165626526, 0.753082633018, 0.501540482044, 0.604138672352, 0.997626006603, 1.93282568455, 2.50900745392, 1.27118992805, 0.886240959167, 0.572642564774, 0.339399784803, 0.17785923183, 0.0509731918573, 0.00723208207637, 0.000278865598375, 5.24685419805e-05],
        "median": [0.043076146394, 0.962570130825, 7.39416742325, 20.459154129, 23.9462547302, 14.1239004135, 8.61302280426, 7.57305622101, 5.43251800537, 2.8043012619, 2.61300516129, 1.91767859459, 0.999797821045, 0.413403719664, 0.327570348978, 0.288939505816, 0.40942248702, 0.690383553505, 0.640184283257, 0.519634604454, 0.733985543251, 0.655497789383, 0.276760011911, 0.129553794861, 0.218212470412, 0.173048838973, 0.120594240725, 0.126981899142, 0.149637877941, 0.346666306257, 0.430637657642, 0.227401509881, 0.178984165192, 0.135810300708, 0.052317108959, 0.02524888888, 0.00590738281608, 0.000769037054852, 4.70499253424e-05, 4.73563122796e-05],
        "min": [5.34303139902e-22, 6.61339785465e-22, 1.8596050107e-21, 2.78670007474e-20, 6.76425265705e-20, 5.27471944745e-20, 6.59588715194e-20, 3.32274858997e-19, 7.62803523622e-19, 8.94356363689e-19, 2.00254181085e-18, 1.18744909879e-18, 1.35258154261e-18, 1.16524974249e-18, 2.94615657323e-18, 2.08770605198e-18, 4.17349966238e-18, 5.51419648074e-18, 8.53402072535e-18, 1.27846744186e-17, 1.2105358958e-17, 1.34833475599e-17, 1.2305348069e-17, 1.45734913707e-17, 1.74646116887e-17, 1.67531602613e-17, 1.49853925742e-17, 1.83839435302e-17, 1.61746896979e-17, 1.88909853934e-17, 2.33733844886e-17, 1.49391300169e-17, 1.51770486678e-17, 1.03819182256e-17, 7.75721623928e-18, 4.902050981e-18, 2.7199179194e-18, 1.18115435772e-18, 3.11692925146e-19, 3.8751388983e-20],
        "var": [0.00208984222263, 1.30563366413, 97.8282852173, 851.31237793, 1430.08459473, 3045.31591797, 2765.1171875, 2567.50268555, 3670.48071289, 829.062255859, 385.823059082, 193.191741943, 113.085327148, 27.6628742218, 69.0050506592, 99.5156326294, 43.9113502502, 39.4613838196, 100.691741943, 155.192657471, 89.9463043213, 72.1577835083, 22.94490242, 3.23984217644, 5.6573805809, 2.95091247559, 1.31224799156, 2.22281074524, 10.2597999573, 31.9720897675, 42.4023895264, 11.8089599609, 4.26799535751, 1.73122215271, 0.963914871216, 0.331719666719, 0.0248000398278, 0.000751984654926, 1.22523408663e-06, 1.50719126069e-09]
    },
    "gfcc": {
        "mean": [-79.3410949707, 118.31111145, -42.0265426636, 38.2978515625, -54.129234314, 12.0951852798, -56.3476600647, -0.681767225266, -18.9362945557, -6.75273036957, -23.7058792114, -11.0311288834, -16.3787727356],
        "cov": [[9758.98925781, -1452.02880859, -363.27947998, -279.098052979, -606.883422852, 204.276535034, -810.764709473, 365.472045898, -76.7875976562, 352.271728516, -203.890487671, 445.092315674, -144.315338135], [-1452.02880859, 1587.68383789, 127.060157776, -53.2272377014, 216.860916138, -207.097015381, 298.152709961, -195.494476318, 163.753158569, -187.096328735, 187.679244995, -219.491744995, 164.281784058], [-363.27947998, 127.060157776, 874.565368652, 276.130615234, 109.524757385, 23.1127910614, 15.0340738297, -54.2255554199, 36.3052635193, -51.5886306763, -27.2250766754, -25.789642334, 14.5131826401], [-279.098052979, -53.2272377014, 276.130615234, 506.211517334, 229.511642456, -7.21185207367, 28.2056827545, -93.3161697388, 33.8466415405, -27.7155990601, -55.4294509888, -56.2149772644, 12.1890010834], [-606.883422852, 216.860916138, 109.524757385, 229.511642456, 444.449523926, 6.31347513199, 38.2623138428, -51.1753578186, 7.9236536026, -57.1219825745, -27.076461792, -88.8740081787, 55.2351493835], [204.276535034, -207.097015381, 23.1127910614, -7.21185207367, 6.31347513199, 275.554443359, 40.2499923706, 0.196575522423, -48.778755188, -12.6128673553, -31.3219604492, 13.9929056168, -46.4057235718], [-810.764709473, 298.152709961, 15.0340738297, 28.2056827545, 38.2623138428, 40.2499923706, 334.087799072, -99.0692596436, 1.37693750858, -62.0009040833, 11.7381982803, -71.2252349854, -18.3963699341], [365.472045898, -195.494476318, -54.2255554199, -93.3161697388, -51.1753578186, 0.196575522423, -99.0692596436, 272.348144531, 44.0691795349, 51.056602478, -14.0743875504, 30.9406223297, -19.3106994629], [-76.7875976562, 163.753158569, 36.3052635193, 33.8466415405, 7.9236536026, -48.778755188, 1.37693750858, 44.0691795349, 193.477340698, 25.7022743225, -19.238489151, -41.741897583, 7.33731555939], [352.271728516, -187.096328735, -51.5886306763, -27.7155990601, -57.1219825745, -12.6128673553, -62.0009040833, 51.056602478, 25.7022743225, 149.914520264, 3.30601978302, 16.6581802368, -33.8697929382], [-203.890487671, 187.679244995, -27.2250766754, -55.4294509888, -27.076461792, -31.3219604492, 11.7381982803, -14.0743875504, -19.238489151, 3.30601978302, 141.130172729, -0.831553339958, 4.97487306595], [445.092315674, -219.491744995, -25.789642334, -56.2149772644, -88.8740081787, 13.9929056168, -71.2252349854, 30.9406223297, -41.741897583, 16.6581802368, -0.831553339958, 126.499809265, -3.16851210594], [-144.315338135, 164.281784058, 14.5131826401, 12.1890010834, 55.2351493835, -46.4057235718, -18.3963699341, -19.3106994629, 7.33731555939, -33.8697929382, 4.97487306595, -3.16851210594, 98.9094543457]],
        "icov": [[0.00017616803234, -0.000207218356081, 8.60365325934e-05, -0.00014904946147, 0.000203233517823, -0.000223689319682, 0.000434041430708, -9.32984694373e-05, 0.000181841780432, -0.000323101703543, 0.000451418862212, -0.000480608752696, 0.000288798444672], [-0.000207218356081, 0.00340912630782, -0.000637039775029, 0.00187949102838, -0.00120344373863, 0.00154712039512, -0.00213735480793, 0.00138379412238, -0.00294374930672, 0.0026412664447, -0.00411308184266, 0.00335990078747, -0.00339491688646], [8.60365325934e-05, -0.000637039775029, 0.00155468157027, -0.00117005757056, 0.000376246258384, -0.000532844511326, 0.000575635640416, -0.000243318994762, 0.000282528577372, -0.000105336417619, 0.000709501095116, -0.000777835201006, 0.000581499421969], [-0.00014904946147, 0.00187949102838, -0.00117005757056, 0.00442853011191, -0.00221254816279, 0.0012122571934, -0.00109788263217, 0.00175375770777, -0.00204990920611, 0.00124944513664, -0.00135042180773, 0.00190292287152, -0.00106190191582], [0.000203233517823, -0.00120344373863, 0.000376246258384, -0.00221254816279, 0.00424701208249, -0.0011066517327, 0.00110169884283, -0.000824896036647, 0.00159321632236, -0.000558847386856, 0.00175282952841, 0.000811709440313, -0.000705956132151], [-0.000223689319682, 0.00154712039512, -0.000532844511326, 0.0012122571934, -0.0011066517327, 0.00526656536385, -0.00174511130899, 0.000470496248454, -0.000338643498253, 0.00172520033084, -0.000959419005085, 0.00111336586997, 0.000588780210819], [0.000434041430708, -0.00213735480793, 0.000575635640416, -0.00109788263217, 0.00110169884283, -0.00174511130899, 0.0060884761624, 0.000346385058947, 0.00150303822011, -0.000454157416243, 0.00258693983778, -0.00063333415892, 0.00358274462633], [-9.32984694373e-05, 0.00138379412238, -0.000243318994762, 0.00175375770777, -0.000824896036647, 0.000470496248454, 0.000346385058947, 0.00546272331849, -0.00257479771972, 0.000499005720485, -0.00121672439855, 0.000754142354708, -0.000355352356564], [0.000181841780432, -0.00294374930672, 0.000282528577372, -0.00204990920611, 0.00159321632236, -0.000338643498253, 0.00150303822011, -0.00257479771972, 0.00922164879739, -0.00349889718927, 0.00454279128462, -0.000385161401937, 0.00197105924599], [-0.000323101703543, 0.0026412664447, -0.000105336417619, 0.00124944513664, -0.000558847386856, 0.00172520033084, -0.000454157416243, 0.000499005720485, -0.00349889718927, 0.0109823048115, -0.00387952686287, 0.0026770059485, 0.000438688875875], [0.000451418862212, -0.00411308184266, 0.000709501095116, -0.00135042180773, 0.00175282952841, -0.000959419005085, 0.00258693983778, -0.00121672439855, 0.00454279128462, -0.00387952686287, 0.013150036335, -0.00389429251663, 0.0039154891856], [-0.000480608752696, 0.00335990078747, -0.000777835201006, 0.00190292287152, 0.000811709440313, 0.00111336586997, -0.00063333415892, 0.000754142354708, -0.000385161401937, 0.0026770059485, -0.00389429251663, 0.0153969535604, -0.00466929282993], [0.000288798444672, -0.00339491688646, 0.000581499421969, -0.00106190191582, -0.000705956132151, 0.000588780210819, 0.00358274462633, -0.000355352356564, 0.00197105924599, 0.000438688875875, 0.0039154891856, -0.00466929282993, 0.0171408411115]]
    },
    "melbands": {
        "dmean": [0.000331846851623, 0.00168536440469, 0.00295142852701, 0.00128829642199, 0.000560341228265, 0.000398532691179, 0.00023635989055, 8.16670144559e-05, 4.32817505498e-05, 2.30666373682e-05, 1.27316370708e-05, 5.25235509485e-06, 4.73884938401e-06, 4.36481559518e-06, 3.92402580474e-06, 3.37255187333e-06, 3.53338668901e-06, 4.15450995206e-06, 3.7598219933e-06, 2.95025347441e-06, 2.44435909735e-06, 2.20524520955e-06, 1.40282770644e-06, 4.28728441193e-07, 2.63934566647e-07, 3.40393739862e-07, 3.60911599273e-07, 2.91761494964e-07, 1.84787509738e-07, 1.74440998535e-07, 2.22294673335e-07, 2.57996020991e-07, 3.65249746892e-07, 5.30960562628e-07, 7.25816221347e-07, 4.66409801447e-07, 3.30279334548e-07, 3.09186219738e-07, 2.54753160789e-07, 2.27002999509e-07],
        "dmean2": [0.000541981076822, 0.00263689109124, 0.0048171072267, 0.00209940364584, 0.000854563084431, 0.000682560435962, 0.000379486649763, 0.000134081114084, 6.93966794643e-05, 3.66423555533e-05, 1.94771346287e-05, 8.21787489258e-06, 7.26844245946e-06, 6.69207838655e-06, 6.43478142592e-06, 5.43035548617e-06, 5.61421120437e-06, 6.42868690193e-06, 5.87785370953e-06, 4.33232298747e-06, 3.80715914616e-06, 3.42687303601e-06, 2.29156603382e-06, 6.83605037466e-07, 4.0989115746e-07, 5.22597190411e-07, 5.55960980364e-07, 4.50183193834e-07, 2.76264131571e-07, 2.73455896149e-07, 3.53166228706e-07, 3.97055515577e-07, 5.43490898508e-07, 7.80082871188e-07, 1.10558187316e-06, 6.9425067295e-07, 4.93197489959e-07, 4.69840529149e-07, 3.85123541946e-07, 3.43751139553e-07],
        "dvar": [2.03311302016e-07, 5.67899542148e-06, 1.71626525116e-05, 3.70074485545e-06, 1.36257824579e-06, 1.54430676957e-06, 5.03228136495e-07, 4.72419365849e-08, 9.81044046e-09, 2.39956499115e-09, 1.15737919248e-09, 2.23375901109e-10, 2.68766425782e-10, 4.06584599322e-10, 2.49712528433e-10, 1.42567416206e-10, 9.24667148405e-11, 1.42264144909e-10, 1.66433825055e-10, 8.1768161686e-11, 4.30480269487e-11, 5.16585975385e-11, 2.69473332537e-11, 1.94705124419e-12, 9.05008761074e-13, 2.35926122388e-12, 1.83445272861e-12, 6.97604625975e-13, 2.98712524984e-13, 2.65043385459e-13, 6.80614527411e-13, 9.77428207816e-13, 1.90636981028e-12, 1.91522101997e-12, 3.95355536503e-12, 2.03021844128e-12, 1.08839684227e-12, 7.34974581196e-13, 2.93922546891e-13, 3.26630188825e-13],
        "dvar2": [6.00030602982e-07, 1.43326078614e-05, 4.46582889708e-05, 9.15940927371e-06, 2.88878982246e-06, 4.22758921559e-06, 1.26935708522e-06, 1.27972597852e-07, 2.60199097823e-08, 5.7188427327e-09, 2.44243536507e-09, 4.86135187661e-10, 5.38827982233e-10, 6.80669409725e-10, 7.15545511731e-10, 3.95737276282e-10, 2.41605679907e-10, 3.38969935454e-10, 4.30259800011e-10, 1.67511324256e-10, 9.30896609797e-11, 1.32345717718e-10, 7.32173974227e-11, 5.05276549767e-12, 2.05905713486e-12, 5.8988695005e-12, 4.51357961423e-12, 1.55741706424e-12, 6.46596491627e-13, 6.46126706826e-13, 1.73448679464e-12, 2.41422550354e-12, 4.04510062599e-12, 4.08011385095e-12, 9.20138444604e-12, 4.38205418132e-12, 2.67824738082e-12, 1.92542227821e-12, 6.43588047439e-13, 7.08926190321e-13],
        "max": [0.00349366012961, 0.0199706107378, 0.0441334508359, 0.0233116205782, 0.0200412254781, 0.0154113424942, 0.0114593813196, 0.00369176827371, 0.00125606718939, 0.000639364123344, 0.000670101959258, 0.000340385333402, 0.000346198299667, 0.000543714326341, 0.000346472486854, 0.00025293813087, 0.000225923213293, 0.000191547063878, 0.00035313461558, 0.000221218753722, 0.000128860541736, 0.000131024164148, 9.75563234533e-05, 3.09301540256e-05, 2.22699363803e-05, 4.3204130634e-05, 3.22411324305e-05, 1.4199209545e-05, 8.98113921721e-06, 6.83237522026e-06, 1.62977848959e-05, 1.72778072738e-05, 3.76403768314e-05, 2.70515556622e-05, 4.28154016845e-05, 2.58532109001e-05, 2.67489303951e-05, 2.2377109417e-05, 8.91514901014e-06, 1.25944752654e-05],
        "mean": [0.000744184246287, 0.00411941343918, 0.00510470988229, 0.0023429049179, 0.00100174872205, 0.00049617345212, 0.00032220929279, 0.000127363353386, 8.04384690127e-05, 4.65231933049e-05, 2.14225747186e-05, 7.96356107458e-06, 6.98463372828e-06, 7.72824387241e-06, 6.51721120448e-06, 5.28618829776e-06, 5.27407200934e-06, 6.41860333417e-06, 5.76166439714e-06, 4.69069982501e-06, 4.50480320069e-06, 3.59025852958e-06, 2.17555952986e-06, 7.32783121293e-07, 4.88445550673e-07, 6.03096225404e-07, 5.89496551129e-07, 4.93876996188e-07, 3.10211333954e-07, 2.97695606832e-07, 3.67992640804e-07, 4.48367643457e-07, 8.71104475664e-07, 1.15116438337e-06, 1.57884676355e-06, 1.07117546122e-06, 6.6954214617e-07, 6.39179063455e-07, 5.32565252342e-07, 4.65491126533e-07],
        "median": [0.000616085715592, 0.0030079788994, 0.0038214919623, 0.00143872702029, 0.000347017572494, 0.00017263290647, 7.78316098149e-05, 2.66046463366e-05, 2.06304830499e-05, 1.1586470464e-05, 4.60729916085e-06, 1.53623716415e-06, 1.05399021777e-06, 7.63453670061e-07, 7.26210430457e-07, 8.7741778998e-07, 1.22286701298e-06, 9.73690021056e-07, 7.00981900081e-07, 6.57189559661e-07, 8.16145870886e-07, 7.03891373632e-07, 3.53174471002e-07, 1.25879950019e-07, 8.4071963613e-08, 1.32445322265e-07, 1.6181031981e-07, 1.02313407524e-07, 7.13858341328e-08, 6.49592593049e-08, 7.04333729118e-08, 6.80581848655e-08, 7.75159065824e-08, 2.24372286084e-07, 2.6487867899e-07, 1.45069165569e-07, 1.16470502576e-07, 1.19043399138e-07, 1.23723964407e-07, 1.00972741279e-07],
        "min": [3.35352817191e-24, 7.40948205547e-25, 5.66361858599e-24, 5.09951480229e-24, 1.76002677678e-24, 7.358335174e-24, 1.2909657438e-23, 9.15347257195e-24, 1.71565729516e-23, 6.40398426707e-24, 7.06713348172e-24, 4.99731826645e-24, 8.02241958326e-24, 9.16773912142e-24, 5.32630047963e-24, 9.46153379949e-24, 1.03702763188e-23, 1.40989102177e-23, 1.66629400847e-23, 1.35442416048e-23, 1.34550735013e-23, 1.47464703576e-23, 1.02060693993e-23, 1.24412223661e-23, 1.15143060693e-23, 1.06342126116e-23, 1.45530369304e-23, 9.56177829902e-24, 8.02891269737e-24, 1.17957424525e-23, 8.95489971602e-24, 9.97854219272e-24, 7.66912033825e-24, 1.16094253396e-23, 1.46846978155e-23, 1.22488176136e-23, 7.35191779053e-24, 9.85400156617e-24, 1.04573318528e-23, 8.30303791763e-24],
        "var": [4.26475025961e-07, 1.4111839846e-05, 2.48969899985e-05, 8.47465526022e-06, 3.77445371669e-06, 1.30169507884e-06, 6.81195899688e-07, 8.34411153505e-08, 2.40194228951e-08, 7.43581951568e-09, 2.69813327236e-09, 4.82210493757e-10, 5.40146816164e-10, 1.08978448488e-09, 4.72938632701e-10, 1.96284322129e-10, 1.42631267908e-10, 2.71529743134e-10, 4.54711962528e-10, 1.87145063335e-10, 1.32633987127e-10, 1.00189530283e-10, 5.50616288675e-11, 5.12347499496e-12, 2.12198249423e-12, 3.25327200075e-12, 2.542057927e-12, 1.55908597664e-12, 5.39282485855e-13, 4.78074448518e-13, 1.02648098355e-12, 1.9272508936e-12, 1.11298305641e-11, 9.47394246387e-12, 1.74727923102e-11, 8.47769597578e-12, 3.78496973347e-12, 2.67662151124e-12, 1.15716843659e-12, 1.39721123126e-12]
    },
    "mfcc": {
        "mean": [-744.52746582, 150.875244141, 64.6191635132, 29.2397327423, 28.6209163666, 7.73158311844, -12.8461990356, -1.22819638252, -3.29220080376, 4.43366289139, -6.93217897415, -4.72417640686, -3.88751745224],
        "cov": [[7298.19384766, -891.477172852, -364.681884766, -668.745361328, 38.165184021, -368.552886963, -456.22164917, -90.5233230591, -145.188217163, 77.9258728027, -138.681854248, 111.128044128, 131.81880188], [-891.477172852, 1440.13134766, 55.3500938416, 73.9545974731, -18.3888282776, -32.8964347839, 67.9821853638, -24.9857845306, 24.1745624542, 20.2918701172, -11.784784317, 11.0786294937, 37.0677070618], [-364.681884766, 55.3500938416, 726.465698242, 139.999572754, 64.0035629272, 78.6546936035, -4.91110563278, 48.4275093079, 6.03013038635, -9.94115161896, 26.5362796783, -23.4615192413, 24.8018417358], [-668.745361328, 73.9545974731, 139.999572754, 573.666992188, 179.94770813, 122.79737854, 12.3795223236, -18.8500347137, 66.383026123, -0.197170257568, 33.227684021, -47.5071258545, -74.2977600098], [38.165184021, -18.3888282776, 64.0035629272, 179.94770813, 455.600311279, 16.9213142395, -5.73092985153, -7.26775455475, 61.5175857544, 28.3962364197, -55.8734436035, -21.3918170929, 27.179567337], [-368.552886963, -32.8964347839, 78.6546936035, 122.79737854, 16.9213142395, 372.186157227, 106.456832886, 28.220615387, 22.5832824707, -43.0015487671, 45.3483200073, -49.2836723328, -99.2936248779], [-456.22164917, 67.9821853638, -4.91110563278, 12.3795223236, -5.73092985153, 106.456832886, 258.012298584, 46.844203949, -23.7001190186, -33.1253128052, -1.46558046341, -6.75625276566, -5.04680728912], [-90.5233230591, -24.9857845306, 48.4275093079, -18.8500347137, -7.26775455475, 28.220615387, 46.844203949, 160.137588501, 33.8569869995, -2.26142024994, -5.15096855164, -2.33233356476, 17.99659729], [-145.188217163, 24.1745624542, 6.03013038635, 66.383026123, 61.5175857544, 22.5832824707, -23.7001190186, 33.8569869995, 184.675552368, 46.7941894531, -5.39524412155, 18.08527565, -30.2123222351], [77.9258728027, 20.2918701172, -9.94115161896, -0.197170257568, 28.3962364197, -43.0015487671, -33.1253128052, -2.26142024994, 46.7941894531, 150.956283569, 33.1979217529, 25.2132568359, -1.47819530964], [-138.681854248, -11.784784317, 26.5362796783, 33.227684021, -55.8734436035, 45.3483200073, -1.46558046341, -5.15096855164, -5.39524412155, 33.1979217529, 155.192276001, 18.1404666901, -40.1515693665], [111.128044128, 11.0786294937, -23.4615192413, -47.5071258545, -21.3918170929, -49.2836723328, -6.75625276566, -2.33233356476, 18.08527565, 25.2132568359, 18.1404666901, 86.8378601074, 24.3553981781], [131.81880188, 37.0677070618, 24.8018417358, -74.2977600098, 27.179567337, -99.2936248779, -5.04680728912, 17.99659729, -30.2123222351, -1.47819530964, -40.1515693665, 24.3553981781, 150.625030518]],
