{
"lowlevel": {
    "average_loudness": 0.937806248665,
    "barkbands_crest": {
        "dmean": 1.12621593475,
        "dmean2": 1.73332285881,
        "dvar": 1.80452692509,
        "dvar2": 4.22664308548,
        "max": 25.7276992798,
        "mean": 15.1218719482,
        "median": 14.9037771225,
        "min": 5.31810045242,
        "var": 12.7887420654
    },
    "barkbands_flatness_db": {
        "dmean": 0.0196502394974,
        "dmean2": 0.0306306183338,
        "dvar": 0.000513482780661,
        "dvar2": 0.00105127587449,
        "max": 0.575794637203,
        "mean": 0.367920398712,
        "median": 0.381909191608,
        "min": 0.145047113299,
        "var": 0.00393448583782
    },
    "barkbands_kurtosis": {
        "dmean": 4.86030483246,
        "dmean2": 7.905605793,
        "dvar": 127.753517151,
        "dvar2": 320.144439697,
        "max": 371.935455322,
        "mean": 9.87543487549,
        "median": 6.7601184845,
        "min": -1.45418179035,
        "var": 201.048965454
    },
    "barkbands_skewness": {
        "dmean": 0.554660439491,
        "dmean2": 0.887259840965,
        "dvar": 0.344557642937,
        "dvar2": 0.836825788021,
        "max": 15.9286823273,
        "mean": 2.70096683502,
        "median": 2.58664989471,
        "min": -0.274535655975,
        "var": 1.43202388287
    },
    "barkbands_spread": {
        "dmean": 1.58190178871,
        "dmean2": 2.5685095787,
        "dvar": 2.76583313942,
        "dvar2": 6.99823570251,
        "max": 38.1609420776,
        "mean": 6.17701148987,
        "median": 5.40748405457,
        "min": 0.326349884272,
        "var": 11.6650371552
    },
    "dissonance": {
        "dmean": 0.0409097261727,
        "dmean2": 0.0699723437428,
        "dvar": 0.00131258310284,
        "dvar2": 0.00376886734739,
        "max": 0.499531239271,
        "mean": 0.428017288446,
        "median": 0.438402712345,
        "min": 0.181700378656,
        "var": 0.00231254682876
    },
    "dynamic_complexity": 1.80137550831,
    "erbbands_crest": {
        "dmean": 3.1742246151,
        "dmean2": 5.36292266846,
        "dvar": 7.77682065964,
        "dvar2": 21.0753631592,
        "max": 26.6486816406,
        "mean": 11.0914096832,
        "median": 10.2930679321,
        "min": 3.19442009926,
        "var": 14.6061983109
    },
    "erbbands_flatness_db": {
        "dmean": 0.0194647721946,
        "dmean2": 0.0310436468571,
        "dvar": 0.000403123936849,
        "dvar2": 0.000849666132126,
        "max": 0.423753291368,
        "mean": 0.300649404526,
        "median": 0.318030685186,
        "min": 0.123565517366,
        "var": 0.00329856202006
    },
    "erbbands_kurtosis": {
        "dmean": 1.36137700081,
        "dmean2": 2.27378821373,
        "dvar": 2.69078922272,
        "dvar2": 7.11750507355,
        "max": 19.7039146423,
        "mean": 1.11448991299,
        "median": 0.482965707779,
        "min": -1.61955034733,
        "var": 5.40289020538
    },
    "erbbands_skewness": {
        "dmean": 0.409356325865,
        "dmean2": 0.665674805641,
        "dvar": 0.134717419744,
        "dvar2": 0.327754825354,
        "max": 3.22900271416,
        "mean": -0.532494544983,
        "median": -0.825966119766,
        "min": -3.22988319397,
        "var": 1.17570507526
    },
    "erbbands_spread": {
        "dmean": 4.66895151138,
        "dmean2": 7.61733341217,
        "dvar": 26.8413219452,
        "dvar2": 62.0150642395,
        "max": 116.170715332,
        "mean": 21.4530944824,
        "median": 20.1997337341,
        "min": 2.4779458046,
        "var": 102.024940491
    },
    "hfc": {
        "dmean": 3.23075151443,
        "dmean2": 5.19583368301,
        "dvar": 19.971736908,
        "dvar2": 45.192779541,
        "max": 72.2125701904,
        "mean": 14.6569633484,
        "median": 12.4002914429,
        "min": 0.000246259791311,
        "var": 65.399520874
    },
    "melbands_crest": {
        "dmean": 1.29327273369,
        "dmean2": 2.11902403831,
        "dvar": 3.68083071709,
        "dvar2": 8.88526439667,
        "max": 34.8285179138,
        "mean": 18.5028419495,
        "median": 19.4119491577,
        "min": 6.49679040909,
        "var": 12.3065738678
    },
    "melbands_flatness_db": {
        "dmean": 0.0202594175935,
        "dmean2": 0.0298024024814,
        "dvar": 0.000779816706199,
        "dvar2": 0.00144316873048,
        "max": 0.700331628323,
        "mean": 0.48284059763,
        "median": 0.509639978409,
        "min": 0.181838706136,
        "var": 0.00700082164258
    },
    "melbands_kurtosis": {
        "dmean": 8.04142570496,
        "dmean2": 12.8432846069,
        "dvar": 154.433456421,
        "dvar2": 328.518341064,
        "max": 319.301147461,
        "mean": 20.5401363373,
        "median": 15.7500114441,
        "min": -1.5627374649,
        "var": 488.856964111
    },
    "melbands_skewness": {
        "dmean": 0.637512922287,
        "dmean2": 1.02379024029,
        "dvar": 0.34535074234,
        "dvar2": 0.817872345448,
        "max": 11.3566160202,
        "mean": 3.73016428947,
        "median": 3.68140482903,
        "min": 0.0800891816616,
        "var": 2.11842417717
    },
    "melbands_spread": {
        "dmean": 1.52637088299,
        "dmean2": 2.48388624191,
        "dvar": 2.51106786728,
        "dvar2": 6.32283210754,
        "max": 42.5027809143,
        "mean": 5.68670988083,
        "median": 4.84795856476,
        "min": 0.467805951834,
        "var": 11.2531995773
    },
    "pitch_salience": {
        "dmean": 0.0318091288209,
        "dmean2": 0.0500941425562,
        "dvar": 0.0017668971559,
        "dvar2": 0.00414536753669,
        "max": 0.707570433617,
        "mean": 0.372812896967,
        "median": 0.353125840425,
        "min": 0.0520952306688,
        "var": 0.00786183401942
    },
    "silence_rate_20dB": {
        "dmean": 0.00928792543709,
        "dmean2": 0.0185830425471,
        "dvar": 0.00920154247433,
        "dvar2": 0.0213349815458,
        "max": 1,
        "mean": 0.991489350796,
        "median": 1,
        "min": 0,
        "var": 0.00843825470656
    },
    "silence_rate_30dB": {
        "dmean": 0.0735294148326,
        "dmean2": 0.147115752101,
        "dvar": 0.0681220442057,
        "dvar2": 0.149472609162,
        "max": 1,
        "mean": 0.845647990704,
        "median": 1,
        "min": 0,
        "var": 0.130528390408
    },
    "silence_rate_60dB": {
        "dmean": 0.000773993786424,
        "dmean2": 0.00154858687893,
        "dvar": 0.000773391744588,
        "dvar2": 0.00154617486987,
        "max": 1,
        "mean": 0.00657640211284,
        "median": 0,
        "min": 0,
        "var": 0.00653326837346
    },
    "spectral_centroid": {
        "dmean": 68.2616271973,
        "dmean2": 112.060119629,
        "dvar": 5809.41699219,
        "dvar2": 14564.7265625,
        "max": 2013.5291748,
        "mean": 437.361358643,
        "median": 412.110412598,
        "min": 123.648323059,
        "var": 20401.5390625
    },
    "spectral_complexity": {
        "dmean": 1.69040250778,
        "dmean2": 2.87262868881,
        "dvar": 3.24157261848,
        "dvar2": 8.04380512238,
        "max": 37,
        "mean": 13.4611215591,
        "median": 14,
        "min": 0,
        "var": 10.863530159
    },
    "spectral_decrease": {
        "dmean": 4.09768619036e-09,
        "dmean2": 6.20484552627e-09,
        "dvar": 8.96531236586e-17,
        "dvar2": 2.11870733377e-16,
        "max": -2.11176074457e-13,
        "mean": -2.21744791418e-08,
        "median": -1.95924148017e-08,
        "min": -1.64287982329e-07,
        "var": 1.89569229378e-16
    },
    "spectral_energy": {
        "dmean": 0.0156910847872,
        "dmean2": 0.0237938631326,
        "dvar": 0.00129591033328,
        "dvar2": 0.00306036183611,
        "max": 0.624303519726,
        "mean": 0.0850209370255,
        "median": 0.0752168521285,
        "min": 8.19362810489e-07,
        "var": 0.00274941162206
    },
    "spectral_energyband_high": {
        "dmean": 3.72286231141e-05,
        "dmean2": 6.00472776568e-05,
        "dvar": 3.23521973655e-08,
        "dvar2": 7.67336274521e-08,
        "max": 0.0032442281954,
        "mean": 4.77809007862e-05,
        "median": 6.47260378628e-07,
        "min": 2.85522189225e-10,
        "var": 3.67889292363e-08
    },
    "spectral_energyband_low": {
        "dmean": 0.0144340572879,
        "dmean2": 0.0215921606869,
        "dvar": 0.00130161468405,
        "dvar2": 0.0030404063873,
        "max": 0.614929199219,
        "mean": 0.0691526085138,
        "median": 0.0594910159707,
        "min": 3.64351649296e-07,
        "var": 0.00254935515113
    },
    "spectral_energyband_middle_high": {
        "dmean": 0.0014700437896,
        "dmean2": 0.0024590594694,
        "dvar": 2.92849131256e-06,
        "dvar2": 8.00154248282e-06,
        "max": 0.031273253262,
        "mean": 0.00386363198049,
        "median": 0.00347604323179,
        "min": 8.51199501994e-08,
        "var": 9.48397791944e-06
    },
    "spectral_energyband_middle_low": {
        "dmean": 0.00341677805409,
        "dmean2": 0.0054509844631,
        "dvar": 4.57235073554e-05,
        "dvar2": 0.000123555408209,
        "max": 0.130174055696,
        "mean": 0.013380610384,
        "median": 0.00635667098686,
        "min": 2.06215730714e-07,
        "var": 0.000214421466808
    },
    "spectral_entropy": {
        "dmean": 0.130966931581,
        "dmean2": 0.204995781183,
        "dvar": 0.0386069305241,
        "dvar2": 0.078331977129,
        "max": 7.9225153923,
        "mean": 6.17732334137,
        "median": 6.15018892288,
        "min": 4.84892940521,
        "var": 0.16672039032
    },
    "spectral_flux": {
        "dmean": 0.0225599016994,
        "dmean2": 0.0378418415785,
        "dvar": 0.00155864853878,
        "dvar2": 0.00368740479462,
        "max": 0.555318236351,
        "mean": 0.0733758956194,
        "median": 0.0568121932447,
        "min": 0.00113546405919,
        "var": 0.00370609015226
    },
    "spectral_kurtosis": {
        "dmean": 23.9289112091,
        "dmean2": 41.0765533447,
        "dvar": 609.197631836,
        "dvar2": 1809.35620117,
        "max": 199.022644043,
        "mean": 57.9619026184,
        "median": 51.6443367004,
        "min": -0.359030485153,
        "var": 1869.1986084
    },
    "spectral_rms": {
        "dmean": 0.00071636895882,
        "dmean2": 0.00105398637243,
        "dvar": 1.4530869521e-06,
        "dvar2": 3.25492010234e-06,
        "max": 0.0246794763952,
        "mean": 0.00882297568023,
        "median": 0.00856634695083,
        "min": 2.82732798951e-05,
        "var": 5.10233439854e-06
    },
    "spectral_rolloff": {
        "dmean": 85.9823455811,
        "dmean2": 150.856506348,
        "dvar": 28499.3554688,
        "dvar2": 74821.703125,
        "max": 2648.58398438,
        "mean": 258.938903809,
        "median": 150.732421875,
        "min": 64.599609375,
        "var": 51111.6523438
    },
    "spectral_skewness": {
        "dmean": 1.28249323368,
        "dmean2": 2.19427633286,
        "dvar": 1.41979455948,
        "dvar2": 4.24540281296,
        "max": 11.7973403931,
        "mean": 5.02969932556,
        "median": 4.98362350464,
        "min": 0.911102950573,
        "var": 4.65957164764
    },
    "spectral_spread": {
        "dmean": 345990.71875,
        "dmean2": 559360.4375,
        "dvar": 360225177600,
        "dvar2": 706504818688,
        "max": 11399226,
        "mean": 1569262.625,
        "median": 986594.1875,
        "min": 390688.3125,
        "var": 1.57363850445e+12
    },
    "spectral_strongpeak": {
        "dmean": 0.197250679135,
        "dmean2": 0.353827834129,
        "dvar": 0.121420741081,
        "dvar2": 0.304804831743,
        "max": 3.79413485527,
        "mean": 0.624612152576,
        "median": 0.406166791916,
        "min": 0,
        "var": 0.229155868292
    },
    "zerocrossingrate": {
        "dmean": 0.00260996143334,
        "dmean2": 0.00356522807851,
        "dvar": 7.87352018961e-06,
        "dvar2": 1.24819462144e-05,
        "max": 0.0595703125,
        "mean": 0.0152247417718,
        "median": 0.013671875,
        "min": 0.0029296875,
        "var": 4.24021600338e-05
    },
    "barkbands": {
        "dmean": [0.000618213496637, 0.0113278115168, 0.00537890242413, 0.000633508083411, 0.00191687152255, 0.000472160463687, 0.000618471414782, 0.000695520022418, 0.000501936359797, 0.000978760886937, 0.000613813987002, 0.00038083223626, 0.000261367880739, 8.09037446743e-05, 0.000123028687085, 4.41614138253e-05, 4.37446215074e-05, 8.95380708243e-06, 1.36442404255e-05, 7.12006294634e-06, 5.48433035874e-06, 7.63501248002e-06, 8.07731339592e-06, 1.11480994747e-05, 4.01597435484e-06, 5.01693975252e-09, 2.22624496615e-09],
        "dmean2": [0.000947615480982, 0.0170534010977, 0.00854300241917, 0.0011048753513, 0.00317365047522, 0.000690290995408, 0.000913528143428, 0.00111631990876, 0.000804781564511, 0.00161077699158, 0.00104278244544, 0.000653392693494, 0.000427760125604, 0.000137540482683, 0.000202120223548, 7.65843506088e-05, 7.43018026697e-05, 1.4830588043e-05, 2.34337985603e-05, 1.23700492622e-05, 9.43935719988e-06, 1.21022176245e-05, 1.25059150378e-05, 1.90647824638e-05, 7.18059891369e-06, 9.10177888613e-09, 4.13582235126e-09],
        "dvar": [6.89249645802e-06, 0.00118885445409, 0.000278558582067, 7.83138330007e-06, 1.8000973796e-05, 9.12082214199e-07, 1.7869315343e-06, 2.56526254816e-06, 8.54105962844e-07, 1.59031947078e-06, 8.31780880617e-07, 3.7825623167e-07, 2.10792961752e-07, 2.79579683848e-08, 5.43219300653e-07, 6.06808754355e-08, 1.56950378027e-07, 3.21746007614e-09, 1.00066488429e-08, 9.86982495732e-10, 1.08131692489e-09, 1.89670656958e-09, 2.08520267719e-09, 3.67207264595e-09, 1.5023023936e-09, 1.1303857969e-15, 1.20932010573e-17],
        "dvar2": [1.39486637636e-05, 0.00309798307717, 0.000677232630551, 2.27959408221e-05, 5.07257318532e-05, 1.72823206412e-06, 4.1108246478e-06, 6.95980588716e-06, 1.73434295903e-06, 4.14982514485e-06, 2.33063337873e-06, 1.13595501716e-06, 4.85482757995e-07, 7.77904816118e-08, 1.28564863644e-06, 1.61289861467e-07, 4.30069576396e-07, 8.2297848536e-09, 2.75076637024e-08, 2.67338062798e-09, 2.8614053349e-09, 3.8079441822e-09, 4.15865120118e-09, 9.99501192922e-09, 4.44055947568e-09, 3.37339468628e-15, 3.9417459059e-17],
        "max": [0.0471725091338, 0.590605735779, 0.26091748476, 0.0525171644986, 0.0612952075899, 0.0322355814278, 0.0285647921264, 0.048028986901, 0.0212285779417, 0.0166464298964, 0.0141395414248, 0.00861211307347, 0.0123199336231, 0.0031474775169, 0.0282418113202, 0.00713079189882, 0.0173207595944, 0.00162692868616, 0.00239529833198, 0.000551493605599, 0.000701243930962, 0.00101617176551, 0.00108171743341, 0.00122997863218, 0.00116777117364, 1.05487970359e-06, 3.28829656837e-08],
        "mean": [0.00240045762621, 0.0484215803444, 0.0171803385019, 0.00192687881645, 0.00567088462412, 0.00155652523972, 0.00151719362475, 0.0012966284994, 0.000857297796756, 0.00155104428995, 0.000973510090262, 0.00064008042682, 0.000478694943013, 0.000128924380988, 0.000199479356525, 7.64141368563e-05, 6.8969806307e-05, 1.01641544461e-05, 1.38374762173e-05, 8.96123765415e-06, 5.75273998038e-06, 8.75490604813e-06, 8.5595947894e-06, 1.64477351063e-05, 3.57558201358e-06, 4.37356240113e-09, 1.75920511492e-09],
        "median": [0.0019795158878, 0.0410906970501, 0.0156012605876, 0.00141224707477, 0.00130441680085, 0.000425466510933, 0.000398741598474, 0.000470540835522, 0.000443084310973, 0.00104343867861, 0.000574100529775, 0.000400199263822, 0.000193885658518, 5.07652657689e-05, 2.61106415564e-05, 7.59889871915e-06, 2.69210636361e-06, 8.8487524863e-07, 4.63404688844e-07, 1.82406026283e-07, 9.90973845205e-08, 5.50737411231e-08, 4.0698601822e-08, 1.5644098994e-07, 1.60599959997e-08, 8.31999635853e-10, 5.08184494485e-10],
        "min": [3.4671906235e-08, 1.432778447e-07, 6.90314649887e-08, 1.57087285402e-08, 8.70206378067e-08, 4.65309959452e-08, 2.3013353001e-08, 7.34917549039e-09, 2.06175361228e-08, 4.29905639976e-08, 6.55682064199e-10, 9.15619935427e-09, 1.8823709258e-09, 4.83919904148e-10, 3.25939442103e-10, 1.61998359172e-10, 5.95332325104e-11, 9.61752899542e-11, 5.99134283852e-11, 1.07169627339e-10, 2.91633002469e-11, 2.82610480157e-11, 3.70349896583e-11, 5.24012812309e-11, 2.08626900478e-11, 1.44487503559e-11, 1.8992932227e-11],
        "var": [9.92947389022e-06, 0.00172234803904, 0.000269355863566, 6.2581207203e-06, 9.53310009209e-05, 9.07378307602e-06, 8.5042529463e-06, 7.09752612238e-06, 2.04975754059e-06, 2.69920815299e-06, 1.81977509328e-06, 6.35545575278e-07, 7.92317905507e-07, 5.40634168544e-08, 1.30423370592e-06, 1.29095482748e-07, 2.61010484337e-07, 2.83261347711e-09, 6.75947164908e-09, 9.76237202188e-10, 8.4798745803e-10, 2.33771202396e-09, 2.67652278119e-09, 6.33529806393e-09, 8.69118943481e-10, 6.45697980252e-16, 9.51323878885e-18]
    },
    "erbbands": {
        "dmean": [0.23354037106, 2.9670984745, 6.86520862579, 3.14995479584, 1.66197955608, 9.59548664093, 6.24295711517, 4.24700212479, 7.30807542801, 16.9804210663, 9.85471534729, 13.767375946, 20.7341766357, 27.8973426819, 29.400560379, 18.0497722626, 13.1837701797, 4.72341346741, 6.51944351196, 4.02695178986, 1.88436806202, 1.56936943531, 1.02230143547, 0.469782650471, 0.763623476028, 0.38577362895, 0.240830585361, 0.219104871154, 0.248260736465, 0.288713991642, 0.21794180572, 0.200968831778, 0.207254976034, 0.0828463286161, 0.00605049869046, 0.000271978991805, 1.85685166798e-05, 3.11938856612e-06, 7.33785827833e-06, 1.71710944414e-05],
        "dmean2": [0.373372405767, 4.46111536026, 10.5103406906, 5.1793718338, 2.83517837524, 16.1027603149, 10.1749725342, 6.30338859558, 9.97672176361, 27.9447975159, 15.5049800873, 22.4628181458, 34.2109451294, 46.5562438965, 49.7178955078, 31.1469726562, 21.5226955414, 8.09410190582, 11.029340744, 6.58025360107, 3.27806973457, 2.70455741882, 1.7896617651, 0.782526791096, 1.32447433472, 0.670404851437, 0.418740957975, 0.367518186569, 0.39467510581, 0.448992371559, 0.341242104769, 0.337111145258, 0.359686285257, 0.146922260523, 0.0106742270291, 0.000478998990729, 3.20615690725e-05, 5.47897570868e-06, 1.11198514787e-05, 2.60614797298e-05],
        "dvar": [0.876173913479, 78.8913650513, 365.495056152, 134.919754028, 25.8962211609, 500.32333374, 145.117980957, 75.1526031494, 273.118255615, 2182.15844727, 354.383087158, 636.997558594, 1199.3605957, 1391.32983398, 2087.1484375, 932.533691406, 534.480285645, 77.2055664062, 1728.84912109, 618.470031738, 90.0645828247, 212.5730896, 113.497886658, 5.28564834595, 41.4886169434, 2.80156826973, 1.94780468941, 1.62410092354, 1.96152746677, 3.13707590103, 1.49201846123, 1.02773225307, 1.48517739773, 0.553528308868, 0.00243590842001, 4.58463409814e-06, 1.12698481658e-08, 1.67962907471e-10, 2.54609833217e-10, 1.51085477462e-09],
        "dvar2": [2.07831716537, 202.275436401, 803.36895752, 358.676147461, 72.2232131958, 1445.27624512, 396.67175293, 145.819015503, 473.243896484, 6322.98681641, 841.859008789, 1347.20410156, 3051.50146484, 3697.39257812, 5891.13378906, 2803.5234375, 1226.0814209, 213.608688354, 3955.51733398, 1514.27392578, 253.848800659, 581.462341309, 325.987335205, 13.6236696243, 115.820907593, 7.54744815826, 5.15967273712, 4.23485851288, 3.96978330612, 5.79476594925, 3.07446742058, 2.71201348305, 4.07970476151, 1.63476979733, 0.00711015285924, 1.33915100378e-05, 3.26942135587e-08, 4.80980200113e-10, 5.9986771106e-10, 3.56483376152e-09],
        "max": [17.806394577, 140.344207764, 313.15335083, 207.475097656, 89.9024353027, 274.529602051, 256.071350098, 302.434112549, 538.415283203, 1168.79589844, 543.088928223, 571.367126465, 615.363220215, 484.385955811, 688.093688965, 428.036651611, 610.167358398, 170.240432739, 1748.81530762, 993.516052246, 235.552017212, 625.257751465, 419.039459229, 50.7086524963, 157.889633179, 29.2561016083, 27.9589633942, 30.1733970642, 29.5252971649, 36.3431129456, 31.522436142, 21.7110061646, 29.5076122284, 21.5324230194, 1.25547015667, 0.0552843436599, 0.00287931808271, 0.000348003872205, 0.00027409766335, 0.000673712813295],
        "mean": [1.23400366306, 10.9030733109, 24.9505462646, 10.0257139206, 5.36489152908, 24.6358413696, 21.2757205963, 14.1338644028, 21.490064621, 30.4610099792, 21.8496704102, 24.1290340424, 33.3168830872, 42.2687263489, 48.9936065674, 31.5006465912, 25.5631885529, 9.26409339905, 10.7197847366, 6.91901350021, 3.45348834991, 2.4547328949, 1.2455933094, 0.560420751572, 0.747559607029, 0.480332225561, 0.257322251797, 0.238207235932, 0.292664468288, 0.317552745342, 0.236900553107, 0.235083714128, 0.324822962284, 0.0848844721913, 0.00572721194476, 0.000299683422782, 4.05486571253e-05, 5.58196416023e-06, 3.88894950447e-05, 9.29090674617e-05],
        "median": [1.0443636179, 9.06280422211, 23.7919597626, 7.73001241684, 3.62726569176, 4.61795425415, 4.40941429138, 4.11144638062, 6.01236057281, 7.55446767807, 9.12703895569, 12.596154213, 20.2237472534, 28.911190033, 30.3491649628, 20.5116882324, 11.5947561264, 4.72345972061, 2.45293283463, 0.64410674572, 0.359029263258, 0.137175679207, 0.0669326931238, 0.0360276512802, 0.0177600439638, 0.00948051642627, 0.00518639758229, 0.00321473111399, 0.00204792921431, 0.0015150954714, 0.00139145879075, 0.00255815987475, 0.00275014690123, 0.000677673204336, 8.73955723364e-05, 4.46237936558e-05, 2.48643736995e-05, 2.96626353702e-06, 3.45256230503e-05, 8.26163959573e-05],
        "min": [3.64323591384e-06, 3.38254139933e-05, 5.16889813298e-05, 0.000193254367332, 3.62844912161e-05, 0.000335925520631, 0.000681852456182, 0.000276823469903, 0.000293572054943, 0.000284723966615, 0.000308396382025, 0.000464679964352, 0.00105132244062, 0.000255994353211, 7.22842742107e-05, 0.000453886692412, 0.000120364253235, 2.42110509134e-05, 4.3322565034e-05, 1.48024519149e-05, 6.86655494064e-06, 3.54341341335e-06, 4.38868528363e-06, 4.28485236625e-06, 3.90673858419e-06, 5.72549288336e-06, 1.77561969394e-06, 7.92503442426e-07, 1.05668902961e-06, 9.91416982288e-07, 9.75070406639e-07, 8.66496748131e-07, 1.12871293823e-06, 3.22707080613e-07, 1.17520627896e-07, 4.07508267131e-08, 2.8079826464e-08, 9.65759827665e-09, 3.02284597353e-09, 1.16280818308e-09],
        "var": [1.4118680954, 98.6187591553, 451.232055664, 124.113273621, 42.6975860596, 1973.06616211, 1478.41955566, 735.795043945, 2195.09277344, 4759.64160156, 1571.8536377, 1503.65856934, 1800.10961914, 2026.51818848, 4236.28027344, 1525.92773438, 2029.9765625, 182.887268066, 3724.13549805, 1373.11401367, 199.363616943, 296.566467285, 99.8945083618, 4.98699617386, 26.41173172, 2.79634976387, 1.51948297024, 1.36224460602, 2.37426829338, 4.24030685425, 1.87537753582, 1.0252622366, 3.02929830551, 0.331623703241, 0.00147810031194, 2.80772064798e-06, 7.79001751994e-09, 1.34382477368e-10, 5.56265589147e-10, 3.22916715589e-09]
    },
    "gfcc": {
        "mean": [-106.695892334, 226.981964111, -81.1979751587, -6.69359731674, -27.2898178101, 32.9021835327, -2.78566861153, -2.423381567, -0.937776505947, -16.4226055145, 11.571310997, -17.4837551117, 6.70456218719],
        "cov": [[3228.28320312, -1540.10424805, -388.821990967, 1557.64758301, -913.019470215, -124.773399353, -626.278381348, -44.8137168884, -52.5165748596, 89.6757049561, 147.765930176, -99.5270004272, 196.428955078], [-1540.10424805, 1220.52770996, 57.3569755554, -1127.04760742, 767.125, 29.7671089172, 418.443450928, -73.8251113892, 41.5177764893, -47.5580368042, -83.6555938721, 113.76134491, -153.114501953], [-388.821990967, 57.3569755554, 695.688537598, -70.8739852905, -365.099090576, -41.1206207275, 99.984703064, 133.635787964, -13.5935592651, -3.15739607811, 0.911355912685, -87.6686401367, 8.1183719635], [1557.64758301, -1127.04760742, -70.8739852905, 1305.12145996, -775.352600098, -297.714630127, -443.397888184, -14.1548776627, 27.5320339203, 55.440246582, 58.9740791321, -83.5625, 158.982437134], [-913.019470215, 767.125, -365.099090576, -775.352600098, 1048.70922852, 195.464492798, 207.894714355, -115.247947693, -13.9567928314, -32.1588554382, -35.2057571411, 123.984268188, -94.1202011108], [-124.773399353, 29.7671089172, -41.1206207275, -297.714630127, 195.464492798, 374.01373291, 59.6812896729, 35.3389053345, -89.8486251831, -31.5608940125, 33.190952301, -28.3927345276, -8.00194835663], [-626.278381348, 418.443450928, 99.984703064, -443.397888184, 207.894714355, 59.6812896729, 312.6277771, 33.1676101685, 13.9910583496, -5.05692625046, -57.2921905518, 44.1910705566, -89.9278106689], [-44.8137168884, -73.8251113892, 133.635787964, -14.1548776627, -115.247947693, 35.3389053345, 33.1676101685, 128.919342041, 9.33222579956, -16.5945415497, -0.223734661937, -34.0350761414, -1.53935885429], [-52.5165748596, 41.5177764893, -13.5935592651, 27.5320339203, -13.9567928314, -89.8486251831, 13.9910583496, 9.33222579956, 113.484275818, 12.6259794235, -22.6240768433, 12.2912817001, -24.7099685669], [89.6757049561, -47.5580368042, -3.15739607811, 55.440246582, -32.1588554382, -31.5608940125, -5.05692625046, -16.5945415497, 12.6259794235, 69.3159866333, 11.9245758057, -10.4489221573, -8.16928005219], [147.765930176, -83.6555938721, 0.911355912685, 58.9740791321, -35.2057571411, 33.190952301, -57.2921905518, -0.223734661937, -22.6240768433, 11.9245758057, 65.597618103, -13.0957212448, 12.0928945541], [-99.5270004272, 113.76134491, -87.6686401367, -83.5625, 123.984268188, -28.3927345276, 44.1910705566, -34.0350761414, 12.2912817001, -10.4489221573, -13.0957212448, 83.0196914673, -19.3862113953], [196.428955078, -153.114501953, 8.1183719635, 158.982437134, -94.1202011108, -8.00194835663, -89.9278106689, -1.53935885429, -24.7099685669, -8.16928005219, 12.0928945541, -19.3862113953, 89.263671875]],
        "icov": [[0.00106788228732, -0.00113704230171, 0.00077337451512, -0.00191747385543, 0.000721411313862, -0.00135816144757, 0.000652886112221, -0.000836849387269, 0.000694924092386, -0.0011909181485, -0.000243095448241, -0.000732323038392, 0.000283952889731], [-0.00113704230171, 0.0798188373446, -0.00776029983535, 0.0682954713702, -0.015495641157, 0.0567890033126, -0.0254538543522, 0.0524577833712, -0.0198105182499, 0.041486762464, -0.0226970594376, 0.0297470483929, -0.00965389609337], [0.00077337451512, -0.00776029983535, 0.00438428856432, -0.00602864800021, 0.00326929590665, -0.00444086873904, 0.00124125916045, -0.00641912734136, 0.00299454736523, -0.00397804798558, 0.000478614732856, -0.000483884330606, -0.000190775797819], [-0.00191747385543, 0.0682954713702, -0.00602864800021, 0.0625960975885, -0.0117779262364, 0.050440646708, -0.0197961423546, 0.0447898432612, -0.0172091200948, 0.0349451825023, -0.0189937092364, 0.0261198654771, -0.00995883531868], [0.000721411313862, -0.015495641157, 0.00326929590665, -0.0117779262364, 0.00633836584166, -0.0114441718906, 0.0051784357056, -0.00892060529441, 0.00385243794881, -0.00825165305287, 0.00404717260972, -0.00670872768387, 0.00153880380094], [-0.00135816144757, 0.0567890033126, -0.00444086873904, 0.050440646708, -0.0114441718906, 0.0464416928589, -0.0190096851438, 0.0354236550629, -0.0110252713785, 0.0312522687018, -0.0190015342087, 0.0250302962959, -0.00765926996246], [0.000652886112221, -0.0254538543522, 0.00124125916045, -0.0197961423546, 0.0051784357056, -0.0190096851438, 0.0183187518269, -0.0189276225865, 0.00715357530862, -0.0167147256434, 0.0135110449046, -0.0139747289941, 0.00751688005403], [-0.000836849387269, 0.0524577833712, -0.00641912734136, 0.0447898432612, -0.00892060529441, 0.0354236550629, -0.0189276225865, 0.0473614893854, -0.0163737218827, 0.0313229449093, -0.0161082390696, 0.0226765144616, -0.00640710722655], [0.000694924092386, -0.0198105182499, 0.00299454736523, -0.0172091200948, 0.00385243794881, -0.0110252713785, 0.00715357530862, -0.0163737218827, 0.0183238070458, -0.0124696660787, 0.0083686998114, -0.0077925180085, 0.00597071880475], [-0.0011909181485, 0.041486762464, -0.00397804798558, 0.0349451825023, -0.00825165305287, 0.0312522687018, -0.0167147256434, 0.0313229449093, -0.0124696660787, 0.0410699956119, -0.0175186675042, 0.0209847372025, -0.00305427284911], [-0.000243095448241, -0.0226970594376, 0.000478614732856, -0.0189937092364, 0.00404717260972, -0.0190015342087, 0.0135110449046, -0.0161082390696, 0.0083686998114, -0.0175186675042, 0.0302168577909, -0.0115583101287, 0.00539492303506], [-0.000732323038392, 0.0297470483929, -0.000483884330606, 0.0261198654771, -0.00670872768387, 0.0250302962959, -0.0139747289941, 0.0226765144616, -0.0077925180085, 0.0209847372025, -0.0115583101287, 0.0325464904308, -0.00395971722901], [0.000283952889731, -0.00965389609337, -0.000190775797819, -0.00995883531868, 0.00153880380094, -0.00765926996246, 0.00751688005403, -0.00640710722655, 0.00597071880475, -0.00305427284911, 0.00539492303506, -0.00395971722901, 0.0199536792934]]
    },
    "melbands": {
        "dmean": [0.00258876616135, 0.00352266873233, 0.000513196340762, 0.000338231242495, 0.000322809617501, 9.72805937636e-05, 0.000112340443593, 0.000185082710232, 7.67759775044e-05, 8.43396992423e-05, 0.000103908045276, 0.000121875316836, 8.83226966835e-05, 5.54487196496e-05, 3.29412177962e-05, 2.11197311728e-05, 9.2882937679e-06, 1.0367853065e-05, 5.34123682883e-06, 5.44523345525e-06, 2.01491388907e-06, 1.56645376137e-06, 2.27050009016e-06, 4.06860237945e-07, 3.49906912334e-07, 6.34093055396e-07, 3.49758607854e-07, 2.52495055975e-07, 1.50010677658e-07, 1.35751434982e-07, 1.34026862497e-07, 1.34903842763e-07, 1.69391583427e-07, 1.64672186997e-07, 1.3150069833e-07, 1.05489668556e-07, 1.387446531e-07, 1.61526102715e-07, 1.18634062574e-07, 5.52684724653e-08],
        "dmean2": [0.00393567793071, 0.00526699097827, 0.000837923435029, 0.000569110678043, 0.000525218027178, 0.000139847572427, 0.000154930501594, 0.000303236593027, 0.000120456221339, 0.000137958413688, 0.000171458043042, 0.000203541436349, 0.000149141284055, 9.43517734413e-05, 5.48538737348e-05, 3.46924607584e-05, 1.59454684763e-05, 1.74999422597e-05, 8.79998970049e-06, 9.14890642889e-06, 3.54057192453e-06, 2.68019812211e-06, 4.00080170948e-06, 6.69279927479e-07, 5.85032864819e-07, 1.0924363778e-06, 6.12471012573e-07, 4.43639777359e-07, 2.60292694065e-07, 2.38180902556e-07, 2.25968491918e-07, 2.20953040753e-07, 2.60370995875e-07, 2.53490185287e-07, 2.05753693194e-07, 1.69266343164e-07, 2.37436367456e-07, 2.78683472743e-07, 2.09322408296e-07, 9.81474883588e-08],
        "dvar": [7.59650938562e-05, 8.20528730401e-05, 3.35868071488e-06, 6.62536479012e-07, 4.41717702415e-07, 4.2029114411e-08, 5.89545336993e-08, 2.47071625381e-07, 1.98850322874e-08, 2.13073132471e-08, 2.95364603886e-08, 2.70920921253e-08, 1.64519029511e-08, 6.65988686421e-09, 2.88438828377e-09, 1.26806509737e-09, 3.60397156562e-10, 4.41278658059e-09, 8.44712577663e-10, 8.99039842572e-10, 1.55715509931e-10, 1.10154024791e-10, 9.05615638036e-10, 4.95847416945e-12, 3.25228364205e-12, 2.24406500327e-11, 7.36280914709e-12, 1.27736818518e-12, 6.60214613014e-13, 7.06814327119e-13, 5.77103360759e-13, 5.82960708786e-13, 1.05412727158e-12, 1.03693160829e-12, 6.09988513693e-13, 2.77233178905e-13, 5.45280780164e-13, 7.41958957381e-13, 9.19543846449e-13, 2.4713236557e-13],
        "dvar2": [0.000197028100956, 0.000169284234289, 8.69535506354e-06, 1.88287424407e-06, 1.23789243389e-06, 7.36402085977e-08, 1.063918873e-07, 7.13557255949e-07, 4.33650022558e-08, 4.71592400686e-08, 7.49526236632e-08, 7.1818789138e-08, 4.61098323967e-08, 1.98720542244e-08, 7.42055084046e-09, 3.28405014294e-09, 1.00939112624e-09, 1.01468193847e-08, 2.08806416602e-09, 2.20890283842e-09, 4.87315632292e-10, 3.02660341234e-10, 2.60890797854e-09, 1.19588314945e-11, 8.5566631905e-12, 6.13222805868e-11, 2.08879077229e-11, 3.47298080051e-12, 1.7492663134e-12, 1.89591441505e-12, 1.49928984158e-12, 1.23996971545e-12, 2.03101771512e-12, 1.96763980977e-12, 1.28903853737e-12, 6.33374537713e-13, 1.49549871185e-12, 2.00207732337e-12, 2.67688757445e-12, 7.33198495407e-13],
        "max": [0.159514978528, 0.138819679618, 0.0323226004839, 0.0101422099397, 0.0126625364646, 0.00754958577454, 0.00740491878241, 0.0129902651533, 0.00327246589586, 0.00310080591589, 0.00305853248574, 0.00206562899984, 0.00200297636911, 0.00101176451426, 0.00125676358584, 0.000748534395825, 0.000373741611838, 0.00281528942287, 0.000794370949734, 0.00101808051113, 0.000379927747417, 0.000409644999309, 0.00121112342458, 5.33934362466e-05, 4.12565386796e-05, 0.000113982110634, 6.32983574178e-05, 2.07271714316e-05, 1.69924496731e-05, 1.94183940039e-05, 1.82842468348e-05, 1.62494379765e-05, 2.76279806712e-05, 2.33847840718e-05, 2.12664854189e-05, 1.0011482118e-05, 1.6561954908e-05, 1.76242574526e-05, 2.84070320049e-05, 1.39376697916e-05],
        "mean": [0.0119087500498, 0.014253647998, 0.00171954894904, 0.000913785013836, 0.00102862366475, 0.00031882559415, 0.000325751461787, 0.000326246925397, 0.0001674022933, 0.000142703633173, 0.00016487002722, 0.000171604770003, 0.000145135083585, 9.85347360256e-05, 6.57182463328e-05, 3.93353111576e-05, 1.49864636114e-05, 1.65170877153e-05, 8.8424221758e-06, 9.51453148446e-06, 3.23810195368e-06, 2.50159337156e-06, 2.63638230535e-06, 4.72006973951e-07, 3.96818222725e-07, 6.17000807779e-07, 3.4967624174e-07, 3.19396434634e-07, 1.59712428172e-07, 1.31236916445e-07, 1.45973302779e-07, 1.58051349786e-07, 1.8331077456e-07, 1.73103586576e-07, 1.40715442853e-07, 1.13467962137e-07, 1.63223745631e-07, 2.54834901625e-07, 1.44154881809e-07, 4.98838410579e-08],
        "median": [0.00951128546149, 0.0129032870755, 0.00139476521872, 0.000270217424259, 0.000182032366865, 8.37676707306e-05, 8.55968755786e-05, 8.61706357682e-05, 7.12483670213e-05, 7.61639312259e-05, 0.000100344208477, 0.0001118483342, 8.75095720403e-05, 6.5728170739e-05, 3.53376744897e-05, 1.64558005054e-05, 5.9332537603e-06, 3.6424441987e-06, 1.19428375456e-06, 6.51298194043e-07, 3.11888101123e-07, 1.40362800494e-07, 8.78223573864e-08, 4.10334841661e-08, 2.6306871348e-08, 1.42278651083e-08, 7.60193419325e-09, 5.75738345887e-09, 3.61934193727e-09, 2.07251682482e-09, 1.84735138298e-09, 1.20200305265e-09, 9.46033362759e-10, 7.47048367611e-10, 6.89187762415e-10, 7.08457181808e-10, 1.70261882371e-09, 2.06878936204e-09, 1.21352417004e-09, 1.73438680084e-10],
        "min": [3.46949811103e-08, 3.39909647096e-08, 3.08430330165e-08, 1.02497761389e-08, 2.41598456796e-08, 6.5503233948e-09, 4.68965177802e-09, 2.54658538701e-09, 3.2435696351e-09, 2.5187616437e-09, 5.89191362366e-09, 9.06089481223e-10, 9.61957874468e-11, 1.06570019476e-09, 6.38344599402e-10, 1.23110466266e-10, 3.70238145697e-11, 4.15322602698e-11, 1.98847067284e-11, 1.71598985022e-11, 5.63916101315e-12, 3.37940135944e-12, 3.47689325247e-12, 4.56328464599e-12, 3.34877590068e-12, 2.26920630723e-12, 3.55148202513e-12, 3.95274481549e-12, 8.14666422429e-13, 1.06995478016e-12, 2.52737338436e-13, 5.82627912929e-13, 5.87408648198e-13, 5.42398157638e-13, 5.27759097275e-13, 5.53600405535e-13, 5.47336156433e-13, 7.82488440362e-13, 3.38063019419e-13, 2.34463978181e-13],
        "var": [0.000114398753794, 0.000128978426801, 3.16757223118e-06, 2.04746788768e-06, 3.59747764378e-06, 4.22563431357e-07, 4.67595100417e-07, 5.39616507922e-07, 8.56459720922e-08, 4.86926126086e-08, 4.49078036979e-08, 3.80553295543e-08, 3.73106310292e-08, 1.34837865318e-08, 1.00189021524e-08, 3.94079391342e-09, 6.9527755775e-10, 9.12800057762e-09, 2.06134642688e-09, 2.27847762879e-09, 2.79411521698e-10, 2.38387753981e-10, 7.84168896484e-10, 4.87882304001e-12, 2.95638795562e-12, 1.53682622184e-11, 4.58268319126e-12, 1.30729758616e-12, 5.22672291732e-13, 5.24549858844e-13, 4.97303316149e-13, 6.61652915616e-13, 1.35060246407e-12, 1.36196642072e-12, 7.37336352998e-13, 3.25797277611e-13, 5.60510622291e-13, 1.93637814117e-12, 7.05710663518e-13, 1.45167366084e-13]
    },
    "mfcc": {
        "mean": [-758.697937012, 252.191604614, 28.3895149231, -10.8069782257, 15.1192245483, 21.3295497894, 22.1538314819, 15.901058197, 7.74891805649, 7.40455913544, 2.79170393944, 5.34559679031, 2.21762418747],
        "cov": [[3708.56396484, -2261.23266602, 84.6091308594, 1055.07177734, -48.393497467, -148.378845215, -354.830871582, -372.376831055, -265.110412598, -54.8519554138, -193.38760376, -20.065032959, -13.4622392654], [-2261.23266602, 2205.05297852, -543.08770752, -993.169677734, 163.527359009, 270.343780518, 297.247436523, 302.049682617, 155.169189453, -39.1590843201, 134.485641479, 69.2048416138, 73.1213989258], [84.6091308594, -543.08770752, 1034.8371582, 296.046264648, -408.582580566, -310.844543457, -81.9893875122, -98.0746383667, -5.63926553726, 129.035675049, 24.2970542908, -74.7121582031, -94.2861709595], [1055.07177734, -993.169677734, 296.046264648, 907.196289062, -150.343338013, -239.170639038, -340.211578369, -221.169311523, -91.4135513306, 23.0386486053, -97.9412307739, -56.6225509644, 15.1113233566], [-48.393497467, 163.527359009, -408.582580566, -150.343338013, 355.611114502, 145.817153931, 78.9220809937, 12.8451604843, -18.5276699066, -45.1263237, -36.576839447, 13.3801651001, -25.1540336609], [-148.378845215, 270.343780518, -310.844543457, -239.170639038, 145.817153931, 211.619384766, 110.978088379, 56.1332550049, -2.05168223381, -34.8488578796, 19.9713115692, -2.23616170883, 11.1013813019], [-354.830871582, 297.247436523, -81.9893875122, -340.211578369, 78.9220809937, 110.978088379, 257.02432251, 70.7020187378, 26.1710338593, -1.19648873806, 36.0697860718, -5.3713350296, -41.3706932068], [-372.376831055, 302.049682617, -98.0746383667, -221.169311523, 12.8451604843, 56.1332550049, 70.7020187378, 169.694519043, 60.9890327454, -13.4939489365, 35.0928459167, 19.521074295, 19.4191303253], [-265.110412598, 155.169189453, -5.63926553726, -91.4135513306, -18.5276699066, -2.05168223381, 26.1710338593, 60.9890327454, 96.9613265991, 24.3550395966, 8.18453598022, 3.35484433174, 9.90530586243], [-54.8519554138, -39.1590843201, 129.035675049, 23.0386486053, -45.1263237, -34.8488578796, -1.19648873806, -13.4939489365, 24.3550395966, 88.9450378418, 21.5688209534, -31.8427944183, -17.3695201874], [-193.38760376, 134.485641479, 24.2970542908, -97.9412307739, -36.576839447, 19.9713115692, 36.0697860718, 35.0928459167, 8.18453598022, 21.5688209534, 94.1056289673, 23.7126674652, -3.27563929558], [-20.065032959, 69.2048416138, -74.7121582031, -56.6225509644, 13.3801651001, -2.23616170883, -5.3713350296, 19.521074295, 3.35484433174, -31.8427944183, 23.7126674652, 121.017997742, 41.6311149597], [-13.4622392654, 73.1213989258, -94.2861709595, 15.1113233566, -25.1540336609, 11.1013813019, -41.3706932068, 19.4191303253, 9.90530586243, -17.3695201874, -3.27563929558, 41.6311149597, 105.196990967]],
