{
"lowlevel": {
    "average_loudness": 0.725912690163,
    "barkbands_crest": {
        "dmean": 1.88522052765,
        "dmean2": 2.78302001953,
        "dvar": 3.73516178131,
        "dvar2": 8.24578094482,
        "max": 25.529214859,
        "mean": 11.7945375443,
        "median": 10.7756614685,
        "min": 3.81240749359,
        "var": 20.4572811127
    },
    "barkbands_flatness_db": {
        "dmean": 0.0149519545957,
        "dmean2": 0.0213035214692,
        "dvar": 0.000195292872377,
        "dvar2": 0.000384636456147,
        "max": 0.347052484751,
        "mean": 0.190078526735,
        "median": 0.185935020447,
        "min": 0.0331323482096,
        "var": 0.00149514072109
    },
    "barkbands_kurtosis": {
        "dmean": 1.3534296751,
        "dmean2": 1.96964156628,
        "dvar": 4.61095380783,
        "dvar2": 9.25452327728,
        "max": 51.0241470337,
        "mean": 2.7561480999,
        "median": 1.54354214668,
        "min": -1.71595048904,
        "var": 18.7860507965
    },
    "barkbands_skewness": {
        "dmean": 0.303952634335,
        "dmean2": 0.437265217304,
        "dvar": 0.0870023444295,
        "dvar2": 0.177472397685,
        "max": 4.44594812393,
        "mean": 0.89417052269,
        "median": 0.854248404503,
        "min": -1.96569418907,
        "var": 0.655408740044
    },
    "barkbands_spread": {
        "dmean": 1.56898510456,
        "dmean2": 2.18766951561,
        "dvar": 4.34282064438,
        "dvar2": 8.97865486145,
        "max": 56.8118782043,
        "mean": 9.53112316132,
        "median": 9.11420059204,
        "min": 0.875934898853,
        "var": 21.544298172
    },
    "dissonance": {
        "dmean": 0.0271163191646,
        "dmean2": 0.046197924763,
        "dvar": 0.000712203560397,
        "dvar2": 0.00197804556228,
        "max": 0.500000119209,
        "mean": 0.450569212437,
        "median": 0.458080172539,
        "min": 0.285486996174,
        "var": 0.00137734611053
    },
    "dynamic_complexity": 3.73080396652,
    "erbbands_crest": {
        "dmean": 2.12812113762,
        "dmean2": 3.12301206589,
        "dvar": 5.7588968277,
        "dvar2": 11.9681253433,
        "max": 33.3167762756,
        "mean": 12.9344539642,
        "median": 11.3105812073,
        "min": 2.77092909813,
        "var": 35.0846290588
    },
    "erbbands_flatness_db": {
        "dmean": 0.012970354408,
        "dmean2": 0.0180277079344,
        "dvar": 0.000175321591087,
        "dvar2": 0.000322698324453,
        "max": 0.417795836926,
        "mean": 0.255679398775,
        "median": 0.250472784042,
        "min": 0.0806079730392,
        "var": 0.00144358980469
    },
    "erbbands_kurtosis": {
        "dmean": 1.07683515549,
        "dmean2": 1.56436514854,
        "dvar": 3.60446810722,
        "dvar2": 7.58649778366,
        "max": 36.5684509277,
        "mean": 1.73844087124,
        "median": 0.65594792366,
        "min": -1.65321576595,
        "var": 13.0296955109
    },
    "erbbands_skewness": {
        "dmean": 0.298574656248,
        "dmean2": 0.415277063847,
        "dvar": 0.0919372886419,
        "dvar2": 0.183061257005,
        "max": 4.82767534256,
        "mean": 0.672671854496,
        "median": 0.586389422417,
        "min": -1.43894660473,
        "var": 0.620428621769
    },
    "erbbands_spread": {
        "dmean": 2.44475603104,
        "dmean2": 3.48368287086,
        "dvar": 6.86917448044,
        "dvar2": 13.4881229401,
        "max": 66.8120117188,
        "mean": 16.0995407104,
        "median": 15.7452583313,
        "min": 1.22218894958,
        "var": 51.657699585
    },
    "hfc": {
        "dmean": 3.92228984833,
        "dmean2": 5.13547277451,
        "dvar": 31.1341056824,
        "dvar2": 51.2551460266,
        "max": 130.294448853,
        "mean": 22.6511383057,
        "median": 18.9474620819,
        "min": 1.1336217804e-16,
        "var": 409.818237305
    },
    "melbands_crest": {
        "dmean": 2.34620165825,
        "dmean2": 3.42804169655,
        "dvar": 5.48223400116,
        "dvar2": 12.8572540283,
        "max": 30.9221744537,
        "mean": 14.6742248535,
        "median": 13.6311569214,
        "min": 2.39964652061,
        "var": 33.6265983582
    },
    "melbands_flatness_db": {
        "dmean": 0.0148958284408,
        "dmean2": 0.0203737150878,
        "dvar": 0.000221501279157,
        "dvar2": 0.000401456170948,
        "max": 0.37878715992,
        "mean": 0.224267274141,
        "median": 0.220920979977,
        "min": 0.00611555762589,
        "var": 0.00220347894356
    },
    "melbands_kurtosis": {
        "dmean": 1.68714237213,
        "dmean2": 2.44550132751,
        "dvar": 4.90646123886,
        "dvar2": 9.90559864044,
        "max": 39.5132675171,
        "mean": 3.79898738861,
        "median": 2.37985634804,
        "min": -1.38438248634,
        "var": 24.61195755
    },
    "melbands_skewness": {
        "dmean": 0.316929012537,
        "dmean2": 0.464946568012,
        "dvar": 0.0864001139998,
        "dvar2": 0.198261663318,
        "max": 4.60558605194,
        "mean": 1.0072838068,
        "median": 1.00286579132,
        "min": -1.58817005157,
        "var": 0.737801551819
    },
    "melbands_spread": {
        "dmean": 3.01413726807,
        "dmean2": 4.19921827316,
        "dvar": 20.2023830414,
        "dvar2": 33.8921165466,
        "max": 139.568572998,
        "mean": 16.3954601288,
        "median": 15.2258796692,
        "min": 1.66698729992,
        "var": 80.4579238892
    },
    "pitch_salience": {
        "dmean": 0.0496409535408,
        "dmean2": 0.0742503851652,
        "dvar": 0.00209111231379,
        "dvar2": 0.00454517640173,
        "max": 0.857719242573,
        "mean": 0.516911387444,
        "median": 0.521780133247,
        "min": 0.155290648341,
        "var": 0.0124218408018
    },
    "silence_rate_20dB": {
        "dmean": 0,
        "dmean2": 0,
        "dvar": 0,
        "dvar2": 0,
        "max": 1,
        "mean": 1,
        "median": 1,
        "min": 1,
        "var": 0
    },
    "silence_rate_30dB": {
        "dmean": 0.00154619244859,
        "dmean2": 0.00309358071536,
        "dvar": 0.0015437961556,
        "dvar2": 0.00385737651959,
        "max": 1,
        "mean": 0.998840808868,
        "median": 1,
        "min": 0,
        "var": 0.00115792360157
    },
    "silence_rate_60dB": {
        "dmean": 0.0193274058402,
        "dmean2": 0.0386697612703,
        "dvar": 0.0189540032297,
        "dvar2": 0.0433615930378,
        "max": 1,
        "mean": 0.136785164475,
        "median": 0,
        "min": 0,
        "var": 0.118072509766
    },
    "spectral_centroid": {
        "dmean": 117.127296448,
        "dmean2": 163.372024536,
        "dvar": 47996.3867188,
        "dvar2": 65115.65625,
        "max": 10406.7470703,
        "mean": 1246.15344238,
        "median": 1206.93579102,
        "min": 428.887939453,
        "var": 204553.375
    },
    "spectral_complexity": {
        "dmean": 1.63664472103,
        "dmean2": 2.74245929718,
        "dvar": 1.95069110394,
        "dvar2": 5.00015974045,
        "max": 26,
        "mean": 14.3806028366,
        "median": 15,
        "min": 0,
        "var": 17.9450569153
    },
    "spectral_decrease": {
        "dmean": 8.99764818207e-10,
        "dmean2": 1.17978249392e-09,
        "dvar": 1.61984742424e-18,
        "dvar2": 2.75112889148e-18,
        "max": 1.53717617029e-29,
        "mean": -4.96945107287e-09,
        "median": -4.17009715648e-09,
        "min": -2.85527850252e-08,
        "var": 1.68450021247e-17
    },
    "spectral_energy": {
        "dmean": 0.00372423720546,
        "dmean2": 0.00488234078512,
        "dvar": 2.78148727375e-05,
        "dvar2": 4.70452287118e-05,
        "max": 0.119582898915,
        "mean": 0.0208103917539,
        "median": 0.01749439165,
        "min": 1.0756432119e-20,
        "var": 0.000297047110507
    },
    "spectral_energyband_high": {
        "dmean": 3.97333860747e-05,
        "dmean2": 5.21057263541e-05,
        "dvar": 1.58954112095e-08,
        "dvar2": 1.83197901293e-08,
        "max": 0.00629310542718,
        "mean": 0.000161777425092,
        "median": 8.05199815659e-05,
        "min": 7.67225043103e-21,
        "var": 9.83114887276e-08
    },
    "spectral_energyband_low": {
        "dmean": 3.05618341372e-05,
        "dmean2": 5.23333692399e-05,
        "dvar": 1.16530485261e-09,
        "dvar2": 3.44493633619e-09,
        "max": 0.000432908011135,
        "mean": 9.03919499251e-05,
        "median": 8.38282721816e-05,
        "min": 6.28253621192e-23,
        "var": 1.84164750117e-09
    },
    "spectral_energyband_middle_high": {
        "dmean": 0.00298483483493,
        "dmean2": 0.00388593785465,
        "dvar": 2.56466064457e-05,
        "dvar2": 4.25553407695e-05,
        "max": 0.117252364755,
        "mean": 0.0122114149854,
        "median": 0.00656393263489,
        "min": 1.55852843334e-21,
        "var": 0.000241219095187
    },
    "spectral_energyband_middle_low": {
        "dmean": 0.00167418830097,
        "dmean2": 0.00220689107664,
        "dvar": 6.05008835919e-06,
        "dvar2": 1.08315916805e-05,
        "max": 0.0678716897964,
        "mean": 0.00857175607234,
        "median": 0.00545294536278,
        "min": 2.94256603462e-22,
        "var": 6.86903731548e-05
    },
    "spectral_entropy": {
        "dmean": 0.103422030807,
        "dmean2": 0.149704039097,
        "dvar": 0.012135444209,
        "dvar2": 0.0204714629799,
        "max": 9.81024265289,
        "mean": 6.86043930054,
        "median": 6.89024066925,
        "min": 5.65593242645,
        "var": 0.0860694348812
    },
    "spectral_flux": {
        "dmean": 0.011098863557,
        "dmean2": 0.0179955903441,
        "dvar": 0.000239678600337,
        "dvar2": 0.000571840675548,
        "max": 0.227887794375,
        "mean": 0.0404676236212,
        "median": 0.0349698215723,
        "min": 1.03713218569e-10,
        "var": 0.000639567966573
    },
    "spectral_kurtosis": {
        "dmean": 2.80477905273,
        "dmean2": 4.84914541245,
        "dvar": 7.32655096054,
        "dvar2": 21.9516391754,
        "max": 35.5173912048,
        "mean": 10.2486438751,
        "median": 9.5078496933,
        "min": -1.18018317223,
        "var": 17.6247406006
    },
    "spectral_rms": {
        "dmean": 0.000379188131774,
        "dmean2": 0.000504337775055,
        "dvar": 1.8719104844e-07,
        "dvar2": 3.29791106424e-07,
        "max": 0.0108012147248,
        "mean": 0.0041106659919,
        "median": 0.00413130689412,
        "min": 3.23945666299e-12,
        "var": 3.40529595633e-06
    },
    "spectral_rolloff": {
        "dmean": 187.580444336,
        "dmean2": 310.999908447,
        "dvar": 278833.71875,
        "dvar2": 431148.1875,
        "max": 18647.7539062,
        "mean": 1482.95043945,
        "median": 1270.45898438,
        "min": 430.6640625,
        "var": 688028.5625
    },
    "spectral_skewness": {
        "dmean": 0.251798838377,
        "dmean2": 0.425045132637,
        "dvar": 0.049901932478,
        "dvar2": 0.143420681357,
        "max": 4.37585353851,
        "mean": 2.31618523598,
        "median": 2.28262639046,
        "min": 0.0531151778996,
        "var": 0.19548805058
    },
    "spectral_spread": {
        "dmean": 236049.484375,
        "dmean2": 353547.65625,
        "dvar": 752847093760,
        "dvar2": 665678512128,
        "max": 40602916,
        "mean": 3013385.75,
        "median": 2966352,
        "min": 1707861.75,
        "var": 1.30356006093e+12
    },
    "spectral_strongpeak": {
        "dmean": 0.732936918736,
        "dmean2": 1.12831783295,
        "dvar": 1.0693860054,
        "dvar2": 2.39298057556,
        "max": 13.9134349823,
        "mean": 3.06262946129,
        "median": 2.51071429253,
        "min": 0,
        "var": 6.78375101089
    },
    "zerocrossingrate": {
        "dmean": 0.00440340209752,
        "dmean2": 0.00523703359067,
        "dvar": 0.000154462308274,
        "dvar2": 0.000205442571314,
        "max": 0.5185546875,
        "mean": 0.053617734462,
        "median": 0.0517578125,
        "min": 0.0205078125,
        "var": 0.000516906671692
    },
    "barkbands": {
        "dmean": [1.56268939122e-07, 4.13650832343e-06, 1.28267747641e-05, 3.19034115819e-05, 0.000248966825893, 0.000387199339457, 0.000191611907212, 0.000373040616978, 0.000970107968897, 0.000620228121988, 0.00101310224272, 0.0014731955016, 0.00029704978806, 0.000226980293519, 0.00026030826848, 0.000268638512352, 0.000283540575765, 0.000104560982436, 4.37634080299e-05, 2.16274274862e-05, 1.93329269678e-05, 7.54790744395e-06, 9.76110823103e-06, 4.80662720292e-06, 2.82860241896e-06, 1.89705747289e-06, 2.23612104833e-07],
        "dmean2": [2.8193173307e-07, 7.1725212365e-06, 2.26090378419e-05, 5.2131486882e-05, 0.000422919605626, 0.000666758278385, 0.000246920477366, 0.000469829858048, 0.00113524287008, 0.000859187741298, 0.00126579019707, 0.00195881002583, 0.000446086196462, 0.000312251242576, 0.000341241742717, 0.000408254330978, 0.000418818381149, 0.000149478000822, 6.30302602076e-05, 3.28118403559e-05, 2.68186868198e-05, 1.15954271678e-05, 1.34548608912e-05, 7.02903435013e-06, 4.32796241512e-06, 2.83617464447e-06, 3.60414759371e-07],
        "dvar": [8.41245611583e-14, 5.83130002618e-11, 3.39229561108e-10, 9.078560681e-10, 1.89243934301e-07, 1.17202478123e-06, 1.26146957768e-07, 5.32979242962e-07, 3.06985816678e-06, 5.73732904741e-06, 1.45491967487e-05, 9.9361559478e-06, 4.94093796988e-07, 2.46880290433e-07, 4.15080734228e-07, 3.37475569268e-07, 4.77653429698e-07, 3.64067602732e-08, 1.13811600144e-08, 2.08777328758e-09, 4.04973965473e-09, 2.89802543074e-10, 1.68668001788e-09, 3.93721194536e-10, 2.73138855283e-11, 1.21110552143e-11, 1.84442806622e-13],
        "dvar2": [2.39723198974e-13, 1.6659959523e-10, 9.79177294802e-10, 2.4960224998e-09, 5.29323017417e-07, 3.52351912625e-06, 2.04406461535e-07, 8.39752146931e-07, 4.80812150272e-06, 9.92843251879e-06, 2.03856052394e-05, 1.77122637979e-05, 8.47090007028e-07, 4.21307447596e-07, 6.16495242411e-07, 7.66468929214e-07, 9.69374468696e-07, 6.55643006553e-08, 2.1008601081e-08, 4.29682422975e-09, 5.34583088907e-09, 5.93393167936e-10, 2.04987538055e-09, 6.25032747781e-10, 5.6369700574e-11, 2.67999736986e-11, 4.49994804873e-13],
        "max": [5.61299339097e-06, 0.00010797289724, 0.00019997137133, 0.000437863898696, 0.00899692904204, 0.025611454621, 0.015614352189, 0.0333511792123, 0.044794831425, 0.0628759041429, 0.107879921794, 0.0750965178013, 0.0265644323081, 0.0111584523693, 0.0224272664636, 0.0112311653793, 0.0155814578757, 0.00571391452104, 0.0021309980657, 0.00133559608366, 0.00276322872378, 0.000462209194666, 0.00224008201621, 0.000933879171498, 0.000157007874805, 7.56535373512e-05, 9.83106019703e-06],
        "mean": [1.39807468713e-07, 4.16165130446e-06, 1.83684442163e-05, 0.000109268628876, 0.000670668436214, 0.000894895463716, 0.000875670346431, 0.00162509526126, 0.00418312707916, 0.00125466985628, 0.00260184588842, 0.0044692135416, 0.000662349979393, 0.000757374044042, 0.000730645144358, 0.000619750411715, 0.000734547444154, 0.00030136492569, 9.57279771683e-05, 6.45021427772e-05, 5.77547762077e-05, 2.00186514121e-05, 2.8257330996e-05, 1.53098335431e-05, 9.17184388527e-06, 6.03653734288e-06, 4.64077089646e-07],
        "median": [6.77540299421e-08, 1.58585089594e-06, 1.35202117235e-05, 0.000104387807369, 0.000312001939164, 0.000244106078753, 0.000322947686072, 0.000399614043999, 0.00162745802663, 0.000195241009351, 0.000122871322674, 0.000780303729698, 0.000260799337411, 0.00012044977484, 9.68115928117e-05, 0.000240936322371, 0.000132272209157, 0.000119294614706, 2.79678934021e-05, 3.04220593534e-05, 1.42513508763e-05, 1.0873480278e-05, 9.79839114734e-06, 5.3090552683e-06, 5.47363015357e-06, 3.96159884986e-06, 2.3364759727e-07],
        "min": [1.53488161458e-23, 2.6380493169e-23, 1.62189486569e-23, 1.7080324812e-23, 4.90069171969e-23, 1.05015104301e-23, 5.20360073889e-23, 3.37269528309e-23, 3.09915713312e-23, 5.13973045793e-23, 5.0118611539e-23, 8.24951102308e-23, 7.72164632608e-23, 8.4539345448e-23, 7.77356347106e-23, 2.07779424356e-22, 9.58399293765e-23, 2.00738089781e-22, 2.21402509453e-22, 2.78585635455e-22, 3.49239375519e-22, 4.90486245885e-22, 5.32079688109e-22, 8.02855827794e-22, 1.16496060329e-21, 1.61666614415e-21, 2.43884611063e-21],
        "var": [6.08069502953e-14, 5.48909841191e-11, 3.12341374986e-10, 2.28411400904e-09, 8.45809950079e-07, 3.5766511246e-06, 2.23520987674e-06, 7.92273385741e-06, 3.24523243762e-05, 1.5948426153e-05, 0.00010520779324, 8.81283485796e-05, 1.70778321262e-06, 2.06993354368e-06, 3.63579624718e-06, 1.11173369532e-06, 2.5698952868e-06, 1.9933216322e-07, 3.94780172996e-08, 1.22683205817e-08, 2.46648550473e-08, 1.01453290213e-09, 8.06134448084e-09, 1.80942227868e-09, 1.69383590487e-10, 4.99809499344e-11, 4.92096326795e-13]
    },
    "erbbands": {
        "dmean": [3.83350525226e-05, 0.0012850582134, 0.0110757611692, 0.0681714117527, 0.244291484356, 0.879428505898, 2.32458043098, 4.11311149597, 2.76077890396, 2.82287740707, 16.1446647644, 18.3845767975, 18.820306778, 11.0594215393, 57.173500061, 49.5055465698, 20.5233402252, 12.663693428, 8.69171333313, 15.9938850403, 9.10191059113, 18.174041748, 4.46902990341, 6.28898715973, 1.24056434631, 0.701326966286, 0.920826137066, 0.571234464645, 0.272485107183, 0.388781040907, 0.195949584246, 0.137962251902, 0.0603676252067, 0.0372033677995, 0.0203058719635, 0.0103704081848, 0.00336432596669, 0.000682526675519, 1.71456740645e-05, 4.49006211056e-06],
        "dmean2": [6.61752856104e-05, 0.00223869690672, 0.0195847880095, 0.115208491683, 0.439086347818, 1.54488933086, 3.45887875557, 7.39715671539, 3.85899400711, 3.71327233315, 17.5775699615, 23.2783889771, 25.9023532867, 14.6460103989, 73.7528839111, 64.9949645996, 27.6216220856, 18.4329814911, 11.4425201416, 22.3940696716, 13.3792524338, 26.7686920166, 6.68931865692, 8.84287643433, 1.82749474049, 1.04808068275, 1.29328417778, 0.824106037617, 0.41486337781, 0.562249302864, 0.270560085773, 0.198894783854, 0.0924217402935, 0.057259593159, 0.03089110367, 0.0161064472049, 0.00508742593229, 0.00105331570376, 2.68536277872e-05, 5.90841136727e-06],
        "dvar": [3.8163605609e-09, 5.68228733755e-06, 0.000304069486447, 0.00440977700055, 0.0878900140524, 2.34913825989, 20.9355316162, 169.978729248, 27.3505573273, 30.7078399658, 884.15222168, 1944.21472168, 4587.56689453, 789.270751953, 36619.4257812, 13748.7978516, 1446.11853027, 1012.89880371, 270.172027588, 1065.94140625, 231.370101929, 1876.62390137, 69.0039138794, 186.279190063, 5.84945678711, 1.68896579742, 9.28754138947, 2.29287028313, 0.416741877794, 1.68795526028, 0.691128492355, 0.322397261858, 0.0235265083611, 0.00432485854253, 0.00155995844398, 0.000394737959141, 4.90974707645e-05, 1.60786521519e-06, 1.02505426369e-09, 3.96296259697e-11],
        "dvar2": [1.07269473304e-08, 1.61379957717e-05, 0.000869661802426, 0.0129319634289, 0.313487291336, 6.93656492233, 47.6642951965, 537.514282227, 48.0530166626, 52.7080116272, 1161.6619873, 3340.15820312, 7585.31689453, 1400.21813965, 57226.3203125, 24382.8691406, 2255.84887695, 1963.6340332, 412.69229126, 1787.87817383, 518.759155273, 3820.38623047, 142.211685181, 300.088226318, 11.4612512589, 3.24981379509, 13.2730293274, 3.6442091465, 0.798148095608, 2.26979470253, 0.802483975887, 0.522915065289, 0.0435573793948, 0.00885362550616, 0.00327023514546, 0.000965433544479, 0.000107720865344, 3.73381476493e-06, 2.44339348754e-09, 6.67161395573e-11],
        "max": [0.000760321097914, 0.0334599390626, 0.222791060805, 0.994553685188, 3.81750106812, 27.1507301331, 86.73412323, 296.793273926, 232.992507935, 235.575912476, 940.361877441, 1312.76306152, 2102.58520508, 607.653015137, 5092.86328125, 2855.16308594, 1162.04626465, 905.80480957, 393.305175781, 1420.25134277, 291.758331299, 962.501098633, 183.475784302, 418.51260376, 67.1673355103, 34.7353363037, 119.630584717, 64.0578689575, 20.5242843628, 65.019203186, 49.0011520386, 26.5279350281, 6.05472373962, 1.8885076046, 1.35104489326, 0.506249070168, 0.170096158981, 0.0334887169302, 0.000771138817072, 0.000144975376315],
        "mean": [4.84546653752e-05, 0.00144638679922, 0.0187982376665, 0.240966260433, 0.567056298256, 2.06550598145, 6.78675079346, 8.27821922302, 11.6519632339, 12.659655571, 75.2341690063, 72.2797317505, 50.0623626709, 26.400888443, 152.515472412, 156.392913818, 64.274520874, 44.2785377502, 27.3264255524, 43.8707427979, 25.4147872925, 47.6133499146, 13.6983451843, 17.365644455, 4.00734996796, 2.31008887291, 2.71779823303, 1.66224110126, 0.733048737049, 1.10971140862, 0.598222613335, 0.443809866905, 0.172574222088, 0.110706984997, 0.0630306601524, 0.0292663015425, 0.00997388269752, 0.00195103359874, 5.80899722991e-05, 2.67230971076e-05],
        "median": [2.87488401227e-05, 0.000641051447019, 0.0141018535942, 0.231752276421, 0.464630782604, 1.01188826561, 1.894500494, 2.33277869225, 5.40484428406, 4.97681999207, 16.6296081543, 29.3856811523, 15.0573596954, 7.95407009125, 9.72860813141, 35.3079833984, 22.3696136475, 10.1635923386, 9.83930587769, 12.9653606415, 14.3309907913, 10.0582065582, 8.01797866821, 6.99033737183, 1.98616981506, 1.33552098274, 0.872870922089, 0.606038212776, 0.400548040867, 0.46512055397, 0.218039229512, 0.101961135864, 0.0866892710328, 0.0690589770675, 0.0352185741067, 0.0169314797968, 0.00653224391863, 0.00120083312504, 4.16551774833e-05, 2.32816200878e-05],
        "min": [3.86126006576e-22, 3.81784080813e-21, 1.64485850314e-20, 4.08535198758e-20, 5.36984618725e-20, 1.83803978205e-19, 1.48028726905e-19, 6.91676537496e-20, 4.35288029226e-19, 1.09082302951e-18, 4.24472332524e-19, 6.5333816367e-19, 2.00190715653e-18, 1.57469752826e-18, 1.80906137045e-18, 4.0519909663e-18, 4.00355375117e-18, 4.31297761649e-18, 3.1860159966e-18, 5.20216947803e-18, 1.25147612488e-17, 6.32486739545e-18, 1.16810566628e-17, 1.36126549148e-17, 1.2608685953e-17, 1.24092982023e-17, 1.40479520947e-17, 1.35785527397e-17, 1.75668991889e-17, 1.39227103325e-17, 1.45002809234e-17, 1.47799738496e-17, 1.46829869228e-17, 1.23129647481e-17, 9.08084584007e-18, 5.33140280026e-18, 2.89147145613e-18, 1.49546510271e-18, 3.42781448643e-19, 3.33933427211e-20],
        "var": [3.73650133056e-09, 5.43203123016e-06, 0.000289882649668, 0.0105760898441, 0.15825740993, 7.6131067276, 120.045379639, 407.553527832, 364.376800537, 438.411132812, 14571.2021484, 13054.328125, 13551.6660156, 2727.74560547, 243131.546875, 114023.539062, 14816.9609375, 8289.41308594, 2054.65698242, 9470.984375, 1039.78198242, 9798.33496094, 383.383422852, 938.258300781, 36.8162994385, 10.3211231232, 55.0970573425, 11.8362913132, 1.40709745884, 7.96536922455, 3.40021014214, 1.67232644558, 0.0995094180107, 0.0237921904773, 0.00904794409871, 0.00141094136052, 0.000165520032169, 6.32291084912e-06, 4.2680086132e-09, 4.69597472019e-10]
    },
    "gfcc": {
        "mean": [-57.3088226318, 83.7509078979, -173.856811523, -23.8423213959, -71.44871521, -12.5750894547, -48.4972877502, -2.02495193481, -33.5853004456, -9.91836071014, -25.4560050964, -5.75625753403, -21.4059715271],
        "cov": [[5295.22900391, -1776.40490723, -604.08996582, -193.634475708, -214.45022583, 464.09085083, -493.696258545, 102.289497375, -13.3272647858, 94.5107879639, -152.428771973, 241.145095825, -149.748168945], [-1776.40490723, 1444.05419922, 283.411651611, 34.3902206421, 35.4713516235, -397.182525635, 224.02671814, -95.470489502, 19.9451179504, -28.9433612823, 144.287826538, -144.816558838, 91.5318908691], [-604.08996582, 283.411651611, 241.934020996, 73.3614196777, -65.5111236572, -99.4741287231, 29.3104228973, -29.6633625031, 20.8610305786, 7.96705198288, 29.2691860199, -51.3288841248, 42.6421813965], [-193.634475708, 34.3902206421, 73.3614196777, 224.244857788, -31.451292038, -27.1891479492, 8.37668895721, -21.0814476013, 57.6886672974, 19.9121208191, -27.3504695892, -81.8636474609, 13.2821302414], [-214.45022583, 35.4713516235, -65.5111236572, -31.451292038, 180.189193726, 72.090965271, 54.8545379639, 24.8805408478, -55.5057754517, -23.6508026123, 14.8970403671, 51.5714988708, -4.76943302155], [464.09085083, -397.182525635, -99.4741287231, -27.1891479492, 72.090965271, 230.891662598, 6.43555688858, 39.3468513489, -35.6680374146, -3.64149355888, -36.1234321594, 55.8354949951, -24.8694725037], [-493.696258545, 224.02671814, 29.3104228973, 8.37668895721, 54.8545379639, 6.43555688858, 161.431777954, 25.9463748932, 5.56239795685, -19.5556583405, 6.34149932861, -49.1366767883, -10.8362865448], [102.289497375, -95.470489502, -29.6633625031, -21.0814476013, 24.8805408478, 39.3468513489, 25.9463748932, 88.6477432251, 32.4873542786, 1.11868667603, -30.739780426, 3.47618317604, -27.1067047119], [-13.3272647858, 19.9451179504, 20.8610305786, 57.6886672974, -55.5057754517, -35.6680374146, 5.56239795685, 32.4873542786, 148.705657959, 67.9678955078, -19.900812149, -82.835319519, -33.9871253967], [94.5107879639, -28.9433612823, 7.96705198288, 19.9121208191, -23.6508026123, -3.64149355888, -19.5556583405, 1.11868667603, 67.9678955078, 101.504104614, 26.860660553, -36.2752723694, -37.0778884888], [-152.428771973, 144.287826538, 29.2691860199, -27.3504695892, 14.8970403671, -36.1234321594, 6.34149932861, -30.739780426, -19.900812149, 26.860660553, 99.2712249756, 29.2946071625, -6.76260185242], [241.145095825, -144.816558838, -51.3288841248, -81.8636474609, 51.5714988708, 55.8354949951, -49.1366767883, 3.47618317604, -82.835319519, -36.2752723694, 29.2946071625, 155.913879395, 38.411567688], [-149.748168945, 91.5318908691, 42.6421813965, 13.2821302414, -4.76943302155, -24.8694725037, -10.8362865448, -27.1067047119, -33.9871253967, -37.0778884888, -6.76260185242, 38.411567688, 102.372367859]],
        "icov": [[0.000662846141495, -0.000458437309135, 0.00144009583164, -0.000246005685767, 0.00189380557276, -0.00162392761558, 0.00173990905751, -0.000989944906905, 0.000598072365392, -0.000570767500903, 0.000409439991927, -0.000641746271867, 0.000686999002937], [-0.000458437309135, 0.00504018412903, -0.00262164254673, 0.00183183886111, -0.00505356118083, 0.00763134611771, -0.00573746673763, 0.00294797611423, -0.00172228121664, 0.00178764062002, -0.00419478397816, 0.00387432286516, -0.00418612733483], [0.00144009583164, -0.00262164254673, 0.0108366534114, -0.00286726560444, 0.00786006264389, -0.004462282639, 0.00380426389165, -0.00450853211805, 0.00304810027592, -0.0022845142521, -0.00098003516905, -0.00084232253721, -0.000764414609876], [-0.000246005685767, 0.00183183886111, -0.00286726560444, 0.00749187683687, -0.00337363616563, 0.00192220183089, -0.00126382114831, 0.00349188735709, -0.00299790129066, 0.00106239132583, -0.000162693249877, 0.00443752715364, -0.00296106655151], [0.00189380557276, -0.00505356118083, 0.00786006264389, -0.00337363616563, 0.018178390339, -0.0107695264742, 0.00449275458232, -0.00712468428537, 0.00600387249142, -0.00370534718968, 0.00233781524003, -0.00662370631471, 0.00456300470978], [-0.00162392761558, 0.00763134611771, -0.004462282639, 0.00192220183089, -0.0107695264742, 0.0206293109804, -0.0125267757103, 0.00506698852405, -0.000716626062058, -0.000693761161529, -0.00109036825597, 0.00199388503097, -0.00437326263636], [0.00173990905751, -0.00573746673763, 0.00380426389165, -0.00126382114831, 0.00449275458232, -0.0125267757103, 0.0209042038769, -0.00924214161932, 0.00211019674316, 0.00279753375798, -0.000999918906018, 0.00345074618235, 0.00353906629607], [-0.000989944906905, 0.00294797611423, -0.00450853211805, 0.00349188735709, -0.00712468428537, 0.00506698852405, -0.00924214161932, 0.0246780849993, -0.00981754809618, 0.00214729784057, 0.00688025634736, -0.00523086590692, 0.00373169640079], [0.000598072365392, -0.00172228121664, 0.00304810027592, -0.00299790129066, 0.00600387249142, -0.000716626062058, 0.00211019674316, -0.00981754809618, 0.019294725731, -0.0113951163366, 0.0035284536425, 0.00281955651008, 0.000717248010915], [-0.000570767500903, 0.00178764062002, -0.0022845142521, 0.00106239132583, -0.00370534718968, -0.000693761161529, 0.00279753375798, 0.00214729784057, -0.0113951163366, 0.0238358993083, -0.0122764687985, 0.00631355773658, 0.000574047386181], [0.000409439991927, -0.00419478397816, -0.00098003516905, -0.000162693249877, 0.00233781524003, -0.00109036825597, -0.000999918906018, 0.00688025634736, 0.0035284536425, -0.0122764687985, 0.0274936296046, -0.0144767742604, 0.0103119667619], [-0.000641746271867, 0.00387432286516, -0.00084232253721, 0.00443752715364, -0.00662370631471, 0.00199388503097, 0.00345074618235, -0.00523086590692, 0.00281955651008, 0.00631355773658, -0.0144767742604, 0.024477917701, -0.0123896943405], [0.000686999002937, -0.00418612733483, -0.000764414609876, -0.00296106655151, 0.00456300470978, -0.00437326263636, 0.00353906629607, 0.00373169640079, 0.000717248010915, 0.000574047386181, 0.0103119667619, -0.0123896943405, 0.0215075425804]]
    },
    "melbands": {
        "dmean": [6.99719521435e-07, 4.2941578613e-06, 1.28003566715e-05, 3.84958038921e-05, 7.33835113351e-05, 8.37561310618e-05, 4.10731809097e-05, 3.4928565583e-05, 0.000168505968759, 0.000111556517368, 9.98491595965e-05, 4.52326239611e-05, 0.000162216994795, 0.000133787019877, 0.000135824418976, 2.74400390481e-05, 2.27614164032e-05, 1.18444795589e-05, 2.50971843343e-05, 2.58999280049e-05, 6.28217412668e-06, 2.02017399715e-05, 8.70309213497e-06, 4.09396898249e-06, 5.54771304451e-06, 9.72268821897e-07, 1.06012771539e-06, 4.1611625079e-07, 8.15482508187e-07, 3.86407293718e-07, 2.99880241528e-07, 1.88463502582e-07, 1.47212062984e-07, 2.89532295028e-07, 1.34353697945e-07, 7.73095081286e-08, 9.3587097183e-08, 4.63703919706e-08, 3.76315796302e-08, 3.45263302393e-08],
        "dmean2": [1.21247262541e-06, 7.56805638957e-06, 2.10364069062e-05, 7.16201466275e-05, 0.000110939225124, 0.000148722043377, 5.63894172956e-05, 4.52899766969e-05, 0.000180059330887, 0.000143389028381, 0.000137446113513, 6.22325314907e-05, 0.000204977288377, 0.00018236564938, 0.000172369211214, 4.10963184549e-05, 3.31158444169e-05, 1.55808647833e-05, 3.3001851989e-05, 3.94620146835e-05, 9.02760712052e-06, 2.980554018e-05, 1.29803256641e-05, 5.94850553171e-06, 7.81763446867e-06, 1.44586078932e-06, 1.60536785643e-06, 6.38233075279e-07, 1.15769512377e-06, 5.53374434276e-07, 4.42131664613e-07, 2.96633629659e-07, 2.26969490313e-07, 4.12668953231e-07, 1.88951901237e-07, 1.11248930068e-07, 1.39652868825e-07, 7.21166273365e-08, 5.983865492e-08, 5.34107549299e-08],
        "dvar": [1.53425796373e-12, 4.80865867958e-11, 1.44733711127e-10, 3.35921646055e-09, 2.07282955245e-08, 6.48197726605e-08, 5.54237322703e-09, 7.05514890953e-09, 9.85238770568e-08, 7.39287884244e-08, 1.31835577122e-07, 2.13768949209e-08, 3.30011459937e-07, 1.10138614673e-07, 8.88764404294e-08, 4.16848067175e-09, 3.08722869491e-09, 7.24172888322e-10, 3.98043598082e-09, 3.76957709491e-09, 1.03129428608e-10, 1.91873872346e-09, 7.23252180368e-10, 5.12474992997e-11, 1.54375082162e-10, 4.66982442299e-12, 6.97866417432e-12, 4.55888039992e-13, 8.08518356432e-12, 1.00791868341e-12, 4.88919451799e-13, 1.76235965383e-13, 1.14064587311e-13, 1.31189568757e-12, 2.95575521524e-13, 1.40320169221e-13, 1.32153578987e-13, 1.74897853226e-14, 5.25818741304e-15, 3.64401027799e-15],
        "dvar2": [4.35990046149e-12, 1.36761740821e-10, 3.98667598933e-10, 1.13368061605e-08, 4.95717848992e-08, 2.02785244596e-07, 9.67294067067e-09, 1.10495541605e-08, 1.26417930346e-07, 1.28902826191e-07, 2.19833594883e-07, 3.92782233405e-08, 4.79105153772e-07, 2.30739630069e-07, 1.27965321894e-07, 7.98346100339e-09, 5.98787064376e-09, 1.09780606827e-09, 6.00918292903e-09, 8.40028224758e-09, 1.99079613905e-10, 3.91051058202e-09, 1.46470346962e-09, 9.82322972964e-11, 2.47132536657e-10, 9.65652818125e-12, 1.41520120275e-11, 1.01837906597e-12, 1.16616855061e-11, 1.88733122013e-12, 8.09423003883e-13, 3.56165861777e-13, 2.39046196032e-13, 1.71043550417e-12, 3.43616438471e-13, 1.94265732515e-13, 2.39944945423e-13, 3.26122287541e-14, 1.28323636507e-14, 7.63388782526e-15],
        "max": [1.74596461875e-05, 8.37349216454e-05, 0.000165610937984, 0.000808726937976, 0.00255142548122, 0.00590530410409, 0.00331684248522, 0.00451670680195, 0.0102176712826, 0.00831290334463, 0.0109458277002, 0.00347708165646, 0.0158127620816, 0.00620678719133, 0.00981019996107, 0.00153878075071, 0.00151050020941, 0.00078476103954, 0.00178398459684, 0.00114007061347, 0.000239788365434, 0.000853598525282, 0.000664946564939, 0.000173664695467, 0.000375015573809, 5.72980898141e-05, 8.03713264759e-05, 1.45749754665e-05, 0.000108234002255, 2.979934834e-05, 2.90671941912e-05, 1.35699920065e-05, 8.45430531626e-06, 5.7877303334e-05, 3.14119934046e-05, 2.11888927879e-05, 1.39083176691e-05, 5.22920981894e-06, 1.41530176734e-06, 1.62996741437e-06],
        "mean": [7.34042203021e-07, 5.87050953982e-06, 4.45480072813e-05, 7.95409141574e-05, 0.000219255598495, 0.000184142947546, 0.000177354871994, 0.000136079324875, 0.000766254437622, 0.00043855921831, 0.000253318139585, 9.45501597016e-05, 0.000420900352765, 0.000380847195629, 0.000429862295277, 7.55024011596e-05, 7.6976728451e-05, 3.45654225384e-05, 6.94891350577e-05, 5.93445656705e-05, 1.70892053575e-05, 5.11848847964e-05, 2.31618469115e-05, 1.15433340397e-05, 1.47498540173e-05, 2.58811019194e-06, 2.77077583632e-06, 1.13834141757e-06, 2.22863241106e-06, 9.9055478131e-07, 8.07024321148e-07, 4.27444490469e-07, 3.52110873791e-07, 7.82128495302e-07, 3.7869949665e-07, 2.24262237225e-07, 2.79123639757e-07, 1.12130337016e-07, 9.20078520039e-08, 9.38797342087e-08],
        "median": [3.2805490946e-07, 3.82927100873e-06, 4.17610935983e-05, 5.11750258738e-05, 6.81280725985e-05, 5.74303157919e-05, 7.74379441282e-05, 3.48463618138e-05, 0.000153525194037, 0.000184206000995, 6.40154466964e-05, 2.15681429836e-05, 1.95855518541e-05, 5.72070421185e-05, 4.02288860641e-05, 1.42564695125e-05, 1.0687901522e-05, 9.0089670266e-06, 8.67583821673e-06, 1.32708028104e-05, 8.62932756718e-06, 1.01904897747e-05, 4.20608830609e-06, 5.62197101317e-06, 5.00707392348e-06, 8.12600660538e-07, 1.0044523151e-06, 6.55747101064e-07, 5.6272835991e-07, 2.77609501609e-07, 3.21269197912e-07, 2.08274443025e-07, 1.78038817467e-07, 2.66596657639e-07, 1.25492164216e-07, 6.00786336236e-08, 5.5615569039e-08, 5.01417218857e-08, 5.33760342591e-08, 5.79004719725e-08],
        "min": [6.69296728805e-24, 7.87070190966e-24, 8.75198181423e-24, 6.64853469756e-24, 5.64549095682e-24, 1.4722262583e-24, 7.83026095536e-24, 1.06308236651e-23, 3.17548364611e-24, 4.66849421989e-24, 9.62343882281e-24, 6.10395364354e-24, 6.95910371392e-24, 6.69981933387e-24, 1.38119525971e-23, 7.65919883464e-24, 7.74102264317e-24, 4.65323331124e-24, 7.07281328024e-24, 9.35976522069e-24, 1.50712081046e-23, 6.52556903181e-24, 6.21081392505e-24, 1.03982288161e-23, 1.07340626806e-23, 8.08627156265e-24, 1.2478092936e-23, 6.67428627295e-24, 8.77367233368e-24, 8.6818875785e-24, 7.79111925496e-24, 1.1389338669e-23, 7.33889606357e-24, 8.19687065042e-24, 7.6869588499e-24, 1.01551507945e-23, 7.59526560258e-24, 1.05850263453e-23, 9.88351995238e-24, 8.07724778275e-24],
        "var": [1.47509326802e-12, 4.60167424998e-11, 3.90329796263e-10, 6.7317431629e-09, 1.14105311866e-07, 1.65871057334e-07, 8.24893007234e-08, 9.06844093151e-08, 1.59116029863e-06, 4.92244225825e-07, 3.88410455798e-07, 6.13688087014e-08, 2.24981113206e-06, 4.92703634336e-07, 1.28930628307e-06, 2.54553178536e-08, 2.51798315531e-08, 5.80507020231e-09, 3.22436974898e-08, 1.43339518033e-08, 6.00109073545e-10, 9.38899979985e-09, 4.27126556346e-09, 2.48253223534e-10, 7.60470741934e-10, 2.42808897988e-11, 3.85917270362e-11, 1.9652235568e-12, 4.71629714449e-11, 4.3685484917e-12, 2.35223494328e-12, 5.33107791852e-13, 3.9835029806e-13, 5.95191344127e-12, 1.41329873152e-12, 6.28550054886e-13, 6.61441333562e-13, 5.97677831705e-14, 1.60638731185e-14, 1.84588757175e-14]
    },
    "mfcc": {
        "mean": [-696.125671387, 131.935501099, -52.8176498413, -14.3505296707, -22.6906833649, -20.9170684814, -16.2052555084, -6.58705759048, -12.7284927368, -11.9618492126, -7.59231519699, -7.23849868774, -9.21173095703],
        "cov": [[3939.1953125, -1515.52148438, -255.555862427, -506.396392822, 120.10723114, 125.194816589, -302.10824585, 113.908096313, 1.68624186516, -158.735214233, 96.7346038818, 43.0529670715, -10.2596578598], [-1515.52148438, 1252.2677002, 50.8705711365, 248.14074707, -84.2275238037, -146.960205078, 131.483642578, -94.0533218384, -30.8182792664, 17.5428409576, -42.4979629517, 18.2215995789, 90.6149368286], [-255.555862427, 50.8705711365, 325.780090332, 102.567680359, -74.3968429565, -8.67355823517, -57.0805587769, -91.4874572754, -46.4379196167, 137.097183228, -0.634776949883, -30.2415180206, -139.666412354], [-506.396392822, 248.14074707, 102.567680359, 217.421813965, -30.5455532074, -25.6204948425, 2.36059117317, -57.2277069092, -9.92731571198, 96.2666854858, -13.0600643158, -11.3757772446, -25.9772205353], [120.10723114, -84.2275238037, -74.3968429565, -30.5455532074, 113.446899414, 35.8831672668, 31.3707847595, 35.3258171082, 6.50853347778, -53.2404632568, -4.40724372864, 1.4128010273, 38.4621200562], [125.194816589, -146.960205078, -8.67355823517, -25.6204948425, 35.8831672668, 110.028770447, 37.8017807007, 23.8782024384, 19.5203208923, 19.8144359589, 11.698474884, 4.15550422668, -10.9826660156], [-302.10824585, 131.483642578, -57.0805587769, 2.36059117317, 31.3707847595, 37.8017807007, 165.093139648, 54.9437561035, 3.58987426758, -38.1780815125, -20.3322238922, -1.45580351353, 37.4637756348], [113.908096313, -94.0533218384, -91.4874572754, -57.2277069092, 35.3258171082, 23.8782024384, 54.9437561035, 126.859970093, 56.1549987793, -56.333984375, -8.55362319946, 2.84307479858, 42.7276000977], [1.68624186516, -30.8182792664, -46.4379196167, -9.92731571198, 6.50853347778, 19.5203208923, 3.58987426758, 56.1549987793, 123.679107666, 47.8697929382, 14.4008197784, 11.3097429276, 23.5257015228], [-158.735214233, 17.5428409576, 137.097183228, 96.2666854858, -53.2404632568, 19.8144359589, -38.1780815125, -56.333984375, 47.8697929382, 217.943374634, 46.5919303894, 2.75498008728, -79.26587677], [96.7346038818, -42.4979629517, -0.634776949883, -13.0600643158, -4.40724372864, 11.698474884, -20.3322238922, -8.55362319946, 14.4008197784, 46.5919303894, 118.203384399, 68.9874038696, -6.47226428986], [43.0529670715, 18.2215995789, -30.2415180206, -11.3757772446, 1.4128010273, 4.15550422668, -1.45580351353, 2.84307479858, 11.3097429276, 2.75498008728, 68.9874038696, 112.568893433, 43.5501861572], [-10.2596578598, 90.6149368286, -139.666412354, -25.9772205353, 38.4621200562, -10.9826660156, 37.4637756348, 42.7276000977, 23.5257015228, -79.26587677, -6.47226428986, 43.5501861572, 164.604431152]],
