{
"lowlevel": {
    "average_loudness": 0.668355584145,
    "barkbands_crest": {
        "dmean": 2.32797765732,
        "dmean2": 3.64183354378,
        "dvar": 4.95700883865,
        "dvar2": 11.4716835022,
        "max": 26.7501029968,
        "mean": 13.5993757248,
        "median": 12.5616321564,
        "min": 3.02463459969,
        "var": 29.162027359
    },
    "barkbands_flatness_db": {
        "dmean": 0.0204210784286,
        "dmean2": 0.0317884832621,
        "dvar": 0.000378250464564,
        "dvar2": 0.000821074820124,
        "max": 0.493300378323,
        "mean": 0.249055966735,
        "median": 0.250306963921,
        "min": 0.0316566862166,
        "var": 0.00342706753872
    },
    "barkbands_kurtosis": {
        "dmean": 4.44720602036,
        "dmean2": 6.76156520844,
        "dvar": 153.76423645,
        "dvar2": 335.81918335,
        "max": 413.042572021,
        "mean": 9.39263439178,
        "median": 3.70182085037,
        "min": -1.87315106392,
        "var": 528.605529785
    },
    "barkbands_skewness": {
        "dmean": 0.5309202075,
        "dmean2": 0.799114406109,
        "dvar": 0.359151035547,
        "dvar2": 0.751475989819,
        "max": 12.8655462265,
        "mean": 1.35089612007,
        "median": 1.16702449322,
        "min": -2.93117451668,
        "var": 2.27096033096
    },
    "barkbands_spread": {
        "dmean": 2.33157253265,
        "dmean2": 3.52099585533,
        "dvar": 22.0747890472,
        "dvar2": 47.1447715759,
        "max": 86.0842132568,
        "mean": 9.87715435028,
        "median": 6.90483474731,
        "min": 0.150938913226,
        "var": 109.15838623
    },
    "dissonance": {
        "dmean": 0.0389282591641,
        "dmean2": 0.0657085180283,
        "dvar": 0.00132088386454,
        "dvar2": 0.00374206830747,
        "max": 0.499999850988,
        "mean": 0.396364480257,
        "median": 0.407041460276,
        "min": 0.174034237862,
        "var": 0.00351800513454
    },
    "dynamic_complexity": 4.6437792778,
    "erbbands_crest": {
        "dmean": 2.90980648994,
        "dmean2": 4.5760436058,
        "dvar": 7.32835531235,
        "dvar2": 17.7494049072,
        "max": 33.4393463135,
        "mean": 16.1982021332,
        "median": 14.8835020065,
        "min": 3.37085294724,
        "var": 47.089466095
    },
    "erbbands_flatness_db": {
        "dmean": 0.0162153672427,
        "dmean2": 0.0243459492922,
        "dvar": 0.000256999308476,
        "dvar2": 0.00054236408323,
        "max": 0.48351624608,
        "mean": 0.286237627268,
        "median": 0.28520360589,
        "min": 0.100503355265,
        "var": 0.00279660988599
    },
    "erbbands_kurtosis": {
        "dmean": 2.78308987617,
        "dmean2": 4.29250001907,
        "dvar": 33.2536506653,
        "dvar2": 76.871711731,
        "max": 152.052261353,
        "mean": 6.13372802734,
        "median": 2.02528333664,
        "min": -1.89854049683,
        "var": 183.794845581
    },
    "erbbands_skewness": {
        "dmean": 0.453141987324,
        "dmean2": 0.674060702324,
        "dvar": 0.242754638195,
        "dvar2": 0.514740228653,
        "max": 9.2117099762,
        "mean": 1.2256578207,
        "median": 0.98262566328,
        "min": -3.73242211342,
        "var": 2.40539908409
    },
    "erbbands_spread": {
        "dmean": 3.89533495903,
        "dmean2": 5.8188586235,
        "dvar": 37.3701782227,
        "dvar2": 79.1911773682,
        "max": 128.266845703,
        "mean": 18.12931633,
        "median": 14.5797796249,
        "min": 0.850293815136,
        "var": 217.814117432
    },
    "hfc": {
        "dmean": 3.25897598267,
        "dmean2": 4.63501739502,
        "dvar": 27.6777935028,
        "dvar2": 58.4041519165,
        "max": 94.6687088013,
        "mean": 14.126871109,
        "median": 6.61886739731,
        "min": 1.22498103355e-16,
        "var": 262.71987915
    },
    "melbands_crest": {
        "dmean": 2.82712578773,
        "dmean2": 4.35863161087,
        "dvar": 7.59762239456,
        "dvar2": 17.6358451843,
        "max": 34.8615531921,
        "mean": 16.7685718536,
        "median": 15.2378253937,
        "min": 1.64595389366,
        "var": 49.1494445801
    },
    "melbands_flatness_db": {
        "dmean": 0.0199976041913,
        "dmean2": 0.0294500999153,
        "dvar": 0.000428546045441,
        "dvar2": 0.00079648400424,
        "max": 0.557341337204,
        "mean": 0.281397938728,
        "median": 0.281263440847,
        "min": 0.00419507129118,
        "var": 0.00578325474635
    },
    "melbands_kurtosis": {
        "dmean": 5.43395757675,
        "dmean2": 8.28983974457,
        "dvar": 230.407852173,
        "dvar2": 479.248931885,
        "max": 480.953582764,
        "mean": 11.8797540665,
        "median": 5.12389659882,
        "min": -1.86033952236,
        "var": 816.518371582
    },
    "melbands_skewness": {
        "dmean": 0.556219220161,
        "dmean2": 0.839924871922,
        "dvar": 0.473522156477,
        "dvar2": 1.0173869133,
        "max": 17.6625061035,
        "mean": 1.59145617485,
        "median": 1.40667152405,
        "min": -2.76699852943,
        "var": 3.00924682617
    },
    "melbands_spread": {
        "dmean": 3.7289788723,
        "dmean2": 5.53888034821,
        "dvar": 79.904586792,
        "dvar2": 138.383178711,
        "max": 207.212921143,
        "mean": 15.3918113708,
        "median": 9.81807899475,
        "min": 0.279606640339,
        "var": 471.0050354
    },
    "pitch_salience": {
        "dmean": 0.0594930499792,
        "dmean2": 0.0920972377062,
        "dvar": 0.00305670406669,
        "dvar2": 0.00674192607403,
        "max": 0.82986664772,
        "mean": 0.484855085611,
        "median": 0.507913351059,
        "min": 0.0607003495097,
        "var": 0.0221336260438
    },
    "silence_rate_20dB": {
        "dmean": 0,
        "dmean2": 0,
        "dvar": 0,
        "dvar2": 0,
        "max": 1,
        "mean": 1,
        "median": 1,
        "min": 1,
        "var": 0
    },
    "silence_rate_30dB": {
        "dmean": 0,
        "dmean2": 0,
        "dvar": 0,
        "dvar2": 0,
        "max": 1,
        "mean": 1,
        "median": 1,
        "min": 1,
        "var": 0
    },
    "silence_rate_60dB": {
        "dmean": 0.0317092016339,
        "dmean2": 0.0634429380298,
        "dvar": 0.0307046845555,
        "dvar2": 0.0725727751851,
        "max": 1,
        "mean": 0.146115198731,
        "median": 0,
        "min": 0,
        "var": 0.124766394496
    },
    "spectral_centroid": {
        "dmean": 124.682899475,
        "dmean2": 175.665176392,
        "dvar": 67939.3359375,
        "dvar2": 83530.2890625,
        "max": 10870.7080078,
        "mean": 942.296936035,
        "median": 710.394836426,
        "min": 252.478790283,
        "var": 454270.3125
    },
    "spectral_complexity": {
        "dmean": 1.3325599432,
        "dmean2": 2.20116043091,
        "dvar": 1.53440999985,
        "dvar2": 3.66859650612,
        "max": 37,
        "mean": 9.45226097107,
        "median": 8,
        "min": 0,
        "var": 22.8646678925
    },
    "spectral_decrease": {
        "dmean": 1.0069820533e-09,
        "dmean2": 1.49435486207e-09,
        "dvar": 1.98255588648e-18,
        "dvar2": 4.3191938788e-18,
        "max": -2.9913303155e-29,
        "mean": -4.1299559328e-09,
        "median": -2.66535793436e-09,
        "min": -2.7319542184e-08,
        "var": 1.55367498115e-17
    },
    "spectral_energy": {
        "dmean": 0.00407033599913,
        "dmean2": 0.00602944055572,
        "dvar": 3.21407533193e-05,
        "dvar2": 7.00031450833e-05,
        "max": 0.108266487718,
        "mean": 0.0168687663972,
        "median": 0.0108221052215,
        "min": 1.12238384405e-20,
        "var": 0.00026051182067
    },
    "spectral_energyband_high": {
        "dmean": 8.96450874279e-05,
        "dmean2": 0.000118493007903,
        "dvar": 1.69324110288e-07,
        "dvar2": 3.23397216562e-07,
        "max": 0.013665292412,
        "mean": 0.000239360888372,
        "median": 2.08277542697e-05,
        "min": 8.24553425535e-21,
        "var": 6.3809244466e-07
    },
    "spectral_energyband_low": {
        "dmean": 0.000142827237141,
        "dmean2": 0.000232806778513,
        "dvar": 4.93027734194e-08,
        "dvar2": 1.39588578918e-07,
        "max": 0.00402192678303,
        "mean": 0.000505621137563,
        "median": 0.000297218532069,
        "min": 8.00785074229e-23,
        "var": 3.59222411817e-07
    },
    "spectral_energyband_middle_high": {
        "dmean": 0.00152470474131,
        "dmean2": 0.00214476091787,
        "dvar": 9.9048447737e-06,
        "dvar2": 1.99133683054e-05,
        "max": 0.0663121417165,
        "mean": 0.00567861832678,
        "median": 0.00115634163376,
        "min": 1.65273937757e-21,
        "var": 9.34506751946e-05
    },
    "spectral_energyband_middle_low": {
        "dmean": 0.00326866633259,
        "dmean2": 0.00490152603015,
        "dvar": 2.55417999142e-05,
        "dvar2": 5.63579778827e-05,
        "max": 0.105407208204,
        "mean": 0.0107114026323,
        "median": 0.00678351381794,
        "min": 2.42476253271e-22,
        "var": 0.000138568881084
    },
    "spectral_entropy": {
        "dmean": 0.16268016398,
        "dmean2": 0.23786829412,
        "dvar": 0.0286642555147,
        "dvar2": 0.0514833666384,
        "max": 9.81004524231,
        "mean": 6.45841646194,
        "median": 6.39413881302,
        "min": 4.1548871994,
        "var": 0.365091621876
    },
    "spectral_flux": {
        "dmean": 0.0160816721618,
        "dmean2": 0.027097100392,
        "dvar": 0.000348991074134,
        "dvar2": 0.000950265093707,
        "max": 0.201483741403,
        "mean": 0.0471959002316,
        "median": 0.0396450608969,
        "min": 1.05942615791e-10,
        "var": 0.000928929483052
    },
    "spectral_kurtosis": {
        "dmean": 5.41605329514,
        "dmean2": 9.41533756256,
        "dvar": 32.7505760193,
        "dvar2": 95.2104873657,
        "max": 76.8434143066,
        "mean": 12.1263532639,
        "median": 8.95719623566,
        "min": -1.30438518524,
        "var": 113.303329468
    },
    "spectral_rms": {
        "dmean": 0.000468172918772,
        "dmean2": 0.000693545211107,
        "dvar": 2.67960302835e-07,
        "dvar2": 5.49111973669e-07,
        "max": 0.0102774435654,
        "mean": 0.00360194174573,
        "median": 0.00324933091179,
        "min": 3.30909149908e-12,
        "var": 3.48337493961e-06
    },
    "spectral_rolloff": {
        "dmean": 202.84085083,
        "dmean2": 336.445404053,
        "dvar": 432709.65625,
        "dvar2": 734387,
        "max": 19035.3515625,
        "mean": 1152.7088623,
        "median": 796.728515625,
        "min": 215.33203125,
        "var": 1849774.5
    },
    "spectral_skewness": {
        "dmean": 0.463079303503,
        "dmean2": 0.781709909439,
        "dvar": 0.171907246113,
        "dvar2": 0.486911088228,
        "max": 6.69974565506,
        "mean": 2.3455426693,
        "median": 2.2058827877,
        "min": -0.389925092459,
        "var": 1.18516349792
    },
    "spectral_spread": {
        "dmean": 310066.625,
        "dmean2": 473941.8125,
        "dvar": 512180387840,
        "dvar2": 489590030336,
        "max": 39816296,
        "mean": 2864676.75,
        "median": 2702743.5,
        "min": 1011999.375,
        "var": 1.85008927539e+12
    },
    "spectral_strongpeak": {
        "dmean": 0.595192730427,
        "dmean2": 0.972174584866,
        "dvar": 0.903742969036,
        "dvar2": 2.32800364494,
        "max": 13.3380260468,
        "mean": 1.95491933823,
        "median": 1.22032642365,
        "min": 0,
        "var": 4.27565860748
    },
    "zerocrossingrate": {
        "dmean": 0.00508144823834,
        "dmean2": 0.00563572905958,
        "dvar": 0.000170818035258,
        "dvar2": 0.000152775333845,
        "max": 0.49951171875,
        "mean": 0.0422343462706,
        "median": 0.03271484375,
        "min": 0.00830078125,
        "var": 0.0013805385679
    },
    "barkbands": {
        "dmean": [8.4152634372e-06, 6.24197055004e-05, 7.97407847131e-05, 0.000132624467369, 0.0004891664139, 0.000667462125421, 0.00149921362754, 0.00119408604223, 0.000274695950793, 0.000520529458299, 0.000501328555401, 0.000275676633464, 0.000351766328095, 0.000328323803842, 9.350021719e-05, 0.000122170386021, 4.3038984586e-05, 3.41927880072e-05, 7.69657272031e-05, 5.1937160606e-05, 2.55357335845e-05, 1.83640859177e-05, 1.58934853971e-05, 1.60074578162e-05, 4.89264448333e-06, 4.84883155849e-09, 6.29417129527e-10],
        "dmean2": [1.45578351294e-05, 0.000103503545688, 0.000127364342916, 0.000217965338379, 0.000721473421436, 0.00104551087134, 0.00217211712152, 0.00175012904219, 0.000389550783439, 0.000775990134571, 0.000680308789015, 0.000380191660952, 0.000487880373839, 0.000481865863549, 0.00013900322665, 0.000191025756067, 6.48617860861e-05, 5.27572992723e-05, 0.000113926311315, 8.09474367998e-05, 3.86176579923e-05, 2.49432705459e-05, 2.2295564122e-05, 2.06922504731e-05, 7.23627545085e-06, 7.3515704635e-09, 1.15249265686e-09],
        "dvar": [1.16377962822e-10, 9.88361570364e-09, 2.13771826907e-08, 1.76358156523e-07, 1.01556963727e-06, 1.70004557276e-06, 1.16872824947e-05, 1.05327098936e-05, 1.05489993985e-06, 2.91327751256e-06, 2.20190327127e-06, 1.06871232219e-06, 1.77440574589e-06, 1.80926781468e-06, 1.84246374602e-07, 4.89151318561e-07, 4.67922411929e-08, 1.78556156527e-08, 4.7891724364e-08, 1.91325497667e-08, 7.81439446484e-09, 1.97531804247e-08, 1.99820462399e-08, 9.83894210549e-09, 7.99630639481e-10, 4.82176681598e-16, 1.0475303608e-18],
        "dvar2": [2.87919049713e-10, 2.77831784246e-08, 5.59372423936e-08, 5.64184063023e-07, 2.2525202894e-06, 4.10865823142e-06, 2.34146791627e-05, 2.40436911554e-05, 2.06592540053e-06, 5.88090915699e-06, 4.11700330005e-06, 2.28170620176e-06, 3.44943282471e-06, 4.28988914791e-06, 3.24245377215e-07, 1.26569432268e-06, 1.00627730149e-07, 4.23446948616e-08, 9.20129821225e-08, 4.38766356581e-08, 1.64998024133e-08, 4.18581969086e-08, 4.59894096139e-08, 1.47866989764e-08, 1.68900904374e-09, 9.61515908702e-16, 3.31441696834e-18],
        "max": [0.000254800863331, 0.00213431590237, 0.00356411142275, 0.0166335161775, 0.0236832965165, 0.0255145952106, 0.0815330892801, 0.0568943582475, 0.0301851760596, 0.043039008975, 0.0383958108723, 0.039705041796, 0.0471691824496, 0.0404132753611, 0.0136615717784, 0.023649694398, 0.00908199418336, 0.0036978116259, 0.00518974941224, 0.00335384882055, 0.00227418891154, 0.00464589241892, 0.00541650224477, 0.00349452067167, 0.000995240872726, 7.0617147685e-07, 9.37089517095e-09],
        "mean": [1.00022780316e-05, 0.000171491410583, 0.000241659348831, 0.000349208014086, 0.00126539589837, 0.00163987488486, 0.00385425053537, 0.00271874992177, 0.000511867983732, 0.00114957080223, 0.00133113202173, 0.000687112275045, 0.00100554141682, 0.000803999253549, 0.000167260019225, 0.00027000598493, 0.000101250399894, 6.92130706739e-05, 0.000219062349061, 0.000133394816658, 4.90704733238e-05, 3.93331065425e-05, 3.2528576412e-05, 3.73706825485e-05, 1.0427419511e-05, 8.95053542393e-09, 5.13784848e-10],
        "median": [6.96467850503e-06, 8.10998390079e-05, 6.79026124999e-05, 8.4552251792e-05, 0.000296043494018, 0.000786526477896, 0.000589336035773, 0.000208455923712, 0.000151600281242, 0.000161418924108, 6.13583106315e-05, 6.43506646156e-05, 3.10223404085e-05, 3.05904250126e-05, 2.06784898182e-05, 9.75042894424e-06, 7.64140349929e-06, 6.56385100228e-06, 1.83658230526e-05, 1.18273692351e-05, 4.16154171035e-06, 1.06479228634e-06, 1.49030131524e-06, 2.55944451055e-06, 4.2259441102e-07, 6.8956507171e-10, 1.71303540797e-10],
        "min": [1.03643843167e-23, 4.22709853885e-23, 1.85229983686e-23, 1.95202116384e-23, 4.1203082293e-23, 4.13038482296e-23, 3.27042136e-23, 2.66690553327e-23, 7.41872058303e-23, 7.83052680148e-23, 5.29721107598e-23, 1.15785974442e-22, 1.31539135445e-22, 1.29369490276e-22, 9.56239897478e-23, 1.83287943822e-22, 9.78925770064e-23, 2.63077967967e-22, 2.27097706535e-22, 5.72820049838e-22, 4.03905038114e-22, 5.47546208612e-22, 8.08950882692e-22, 8.60637705535e-22, 1.40087812815e-21, 1.88661823342e-21, 2.31375523782e-21],
        "var": [1.66797825552e-10, 5.19515239716e-08, 1.80684821771e-07, 1.12729276225e-06, 6.48827062832e-06, 5.98855694989e-06, 6.79318618495e-05, 4.0111837734e-05, 1.58697082497e-06, 1.15386492325e-05, 1.37228144013e-05, 6.07715219303e-06, 1.80448078027e-05, 7.29115208742e-06, 5.60656246762e-07, 2.14616602534e-06, 2.50849694794e-07, 3.80177596071e-08, 2.86047225018e-07, 1.23495453863e-07, 2.18698144039e-08, 5.58925670191e-08, 3.65310093287e-08, 4.26388204744e-08, 3.77718833988e-09, 2.02401063845e-15, 8.65210189516e-19]
    },
    "erbbands": {
        "dmean": [0.00116035656538, 0.0165373738855, 0.0736209899187, 0.239341810346, 0.899518966675, 1.54971325397, 4.15573787689, 5.55844449997, 12.0100364685, 32.5381507874, 21.4466590881, 5.72772121429, 11.3525104523, 19.7719402313, 15.3026618958, 11.9520072937, 14.7211475372, 17.9883575439, 5.07403278351, 5.31479787827, 5.8742814064, 2.7297809124, 1.38421702385, 2.61268734932, 3.95996284485, 2.67046046257, 1.46281349659, 0.609900176525, 0.672268092632, 0.575189530849, 0.464742362499, 0.356175839901, 0.262189149857, 0.0972871482372, 0.00595109397545, 0.000263093912508, 1.4674455997e-05, 2.36539449361e-06, 2.43026420321e-06, 4.82279074276e-06],
        "dmean2": [0.00191643054131, 0.0275582578033, 0.119115702808, 0.393226355314, 1.32746696472, 2.37999868393, 6.4748339653, 8.46848011017, 18.3149032593, 46.5549507141, 31.9524078369, 7.95320129395, 16.7194042206, 29.084405899, 21.2597923279, 16.7689228058, 20.9225406647, 27.262172699, 7.24008464813, 8.07833194733, 9.03107452393, 3.93598294258, 2.10490322113, 3.86952757835, 5.69602918625, 4.0217256546, 2.22851800919, 0.839484453201, 0.919968426228, 0.800003945827, 0.673849582672, 0.498254030943, 0.342157334089, 0.133132606745, 0.00914295669645, 0.00039707517135, 1.98034686036e-05, 3.11926305585e-06, 3.46974161403e-06, 7.10335325493e-06],
        "dvar": [3.52086999555e-06, 0.000712951121386, 0.0157106146216, 0.318811893463, 7.57080698013, 11.7100343704, 88.2653884888, 151.760131836, 553.773986816, 8139.35253906, 5075.76953125, 336.866943359, 1274.68615723, 3529.70605469, 2005.43481445, 2337.87524414, 3367.23852539, 6168.88427734, 281.593688965, 617.304199219, 1501.93225098, 166.035827637, 16.3064632416, 73.1172637939, 128.802536011, 54.7178192139, 20.3754615784, 11.4275846481, 23.586315155, 26.1197910309, 13.1111345291, 5.34208106995, 2.34274196625, 0.284549117088, 0.00161367258988, 2.95187396659e-06, 6.07258021645e-09, 1.23093341076e-10, 1.63117071933e-11, 4.44525631582e-11],
        "dvar2": [9.68525091594e-06, 0.00201219553128, 0.041482925415, 1.00711035728, 17.8222923279, 29.0786266327, 191.632843018, 345.605529785, 1184.38317871, 17140.21875, 12497.1376953, 637.297607422, 2781.52929688, 7843.41210938, 4125.65283203, 5117.81542969, 6699.58398438, 14561.1044922, 491.29498291, 1454.81799316, 3868.4128418, 336.021728516, 35.5100059509, 148.43145752, 245.561019897, 114.023612976, 46.2455635071, 21.8500289917, 48.8506698608, 58.0798492432, 29.6238517761, 9.04178142548, 3.55733203888, 0.50299847126, 0.00403534667566, 7.12124847269e-06, 1.03404840246e-08, 1.6960891025e-10, 2.98319459413e-11, 9.63325877401e-11],
        "max": [0.035823315382, 0.628039240837, 2.63753128052, 19.7051143646, 126.079483032, 80.2253112793, 198.916473389, 239.421691895, 574.501342773, 2244.48022461, 1427.1763916, 575.775756836, 891.425415039, 1804.15808105, 1398.88305664, 1796.81689453, 2400.95214844, 2249.33007812, 601.173339844, 667.983215332, 1493.03173828, 511.449676514, 78.0954055786, 345.374176025, 307.941680908, 221.978546143, 115.576416016, 101.532608032, 153.592666626, 199.688293457, 125.838371277, 75.6009979248, 50.3905334473, 19.8619022369, 1.75525760651, 0.0762729719281, 0.00355637981556, 0.000431198393926, 0.00010164474952, 0.000122512035887],
        "mean": [0.0031450309325, 0.0479644499719, 0.231296777725, 0.692647874355, 2.83078336716, 3.47617745399, 9.37836837769, 14.1281366348, 29.6678066254, 86.2138977051, 52.524974823, 13.6170444489, 25.8295173645, 48.8397407532, 44.4106636047, 31.7099704742, 47.3084335327, 49.1303596497, 13.8148326874, 10.6864595413, 15.994225502, 7.09387207031, 3.39337086678, 6.578145504, 11.5638103485, 7.23259115219, 3.37781047821, 1.22457528114, 1.39571857452, 1.16261148453, 0.912024140358, 0.785773992538, 0.613714039326, 0.230969890952, 0.0109901735559, 0.000526633288246, 4.16350521846e-05, 7.71104168962e-06, 1.02690692074e-05, 2.03157069336e-05],
        "median": [0.00105279241689, 0.0249119419605, 0.0990838482976, 0.277121096849, 0.385707914829, 1.01277279854, 3.29009270668, 6.6259303093, 10.7272911072, 9.69445610046, 5.6684088707, 5.38619565964, 5.19561576843, 5.96599340439, 4.8035774231, 4.61352157593, 2.55998253822, 2.02443790436, 1.69525563717, 0.942009031773, 0.73245459795, 0.505840957165, 0.364722132683, 0.622633993626, 1.01311552525, 0.687353610992, 0.319254279137, 0.111688837409, 0.0469846017659, 0.0364803336561, 0.0468040518463, 0.0514096058905, 0.0418175682425, 0.0120594333857, 0.000369845336536, 3.25026157952e-05, 7.88457236922e-06, 1.88378658095e-06, 6.08306163485e-06, 1.32261147883e-05],
        "min": [1.97084323358e-21, 6.74016368742e-21, 1.5372636312e-20, 5.23113704581e-20, 5.61265503942e-20, 1.6945506999e-19, 3.03750336904e-19, 3.442168655e-19, 5.52273908512e-19, 4.5416532478e-19, 4.03851727979e-19, 1.53202989791e-18, 2.44853505647e-18, 2.17175215171e-18, 3.0264036392e-18, 5.21575426523e-18, 6.84784902902e-18, 6.83606377324e-18, 4.28805383746e-18, 6.96384911581e-18, 8.56956467627e-18, 6.18132674376e-18, 1.28341919316e-17, 1.40729246774e-17, 1.42408870095e-17, 2.53809435634e-17, 1.93534802718e-17, 1.76126439311e-17, 1.93779218046e-17, 1.7775452928e-17, 2.41685350134e-17, 1.38857171612e-17, 1.87596506188e-17, 1.43718627877e-17, 9.44668797267e-18, 8.41781591136e-18, 3.24381937781e-18, 1.28858299221e-18, 2.6730796444e-19, 3.55471950204e-20],
        "var": [2.23764782277e-05, 0.00362020730972, 0.124039776623, 1.94123792648, 85.5631484985, 40.0252113342, 351.208465576, 581.974182129, 2436.82299805, 47050.1601562, 21116.4414062, 765.842895508, 5321.24951172, 18518.4082031, 15153.0078125, 12877.8613281, 39392.4726562, 27414.3242188, 2095.04736328, 1971.18066406, 8262.48339844, 1029.90771484, 63.4292678833, 257.675811768, 832.343139648, 314.934173584, 70.9825897217, 32.2615280151, 71.6525039673, 51.6474494934, 27.2285137177, 19.4907093048, 11.2195491791, 1.68571054935, 0.00546479923651, 1.11347080747e-05, 3.79332583123e-08, 8.21931911421e-10, 1.2506050362e-10, 3.73440112167e-10]
    },
    "gfcc": {
        "mean": [-119.832748413, 153.13999939, -152.480041504, 16.3540916443, -82.4520568848, -3.61609458923, -30.4180240631, -7.48659181595, -11.5791864395, -15.4377918243, 17.846326828, -26.7011871338, 7.486577034],
        "cov": [[7000.05273438, -1620.42993164, -1429.41540527, 257.683502197, -258.654663086, 336.907043457, -139.016677856, 253.715682983, -394.466583252, 382.557952881, 232.880554199, -334.488220215, -153.833175659], [-1620.42993164, 1551.51464844, 323.364074707, -306.945098877, 473.438415527, -235.520492554, 199.176345825, -240.60609436, 101.166282654, -242.663864136, -31.9848518372, 43.6642150879, 11.615606308], [-1429.41540527, 323.364074707, 737.271606445, 61.1353302002, -74.2445526123, 2.43998336792, -29.0904903412, -61.8137397766, 114.105934143, -103.237831116, -128.917953491, 108.00730896, 32.400302887], [257.683502197, -306.945098877, 61.1353302002, 464.304779053, -64.584526062, 32.6019477844, -65.0020446777, 17.6827545166, 51.5635452271, 40.7184066772, -80.9152526855, 45.8717575073, 2.20403051376], [-258.654663086, 473.438415527, -74.2445526123, -64.584526062, 383.39944458, -95.8114395142, 49.1166954041, -12.9210424423, 45.3623695374, -12.5070400238, 5.68854761124, -3.14496445656, -8.54253005981], [336.907043457, -235.520492554, 2.43998336792, 32.6019477844, -95.8114395142, 326.402160645, 57.7398719788, -22.1722583771, -85.7398681641, 44.7782707214, -0.723108112812, -29.640789032, -3.48985743523], [-139.016677856, 199.176345825, -29.0904903412, -65.0020446777, 49.1166954041, 57.7398719788, 208.933654785, -61.915725708, -37.2136611938, -25.0089588165, 24.2405643463, -3.7252702713, -17.6354675293], [253.715682983, -240.60609436, -61.8137397766, 17.6827545166, -12.9210424423, -22.1722583771, -61.915725708, 274.524688721, 107.433914185, 79.99609375, 19.3204650879, -27.9262256622, 8.58312892914], [-394.466583252, 101.166282654, 114.105934143, 51.5635452271, 45.3623695374, -85.7398681641, -37.2136611938, 107.433914185, 314.902252197, 24.984834671, -61.740901947, 24.9883003235, -40.0107765198], [382.557952881, -242.663864136, -103.237831116, 40.7184066772, -12.5070400238, 44.7782707214, -25.0089588165, 79.99609375, 24.984834671, 156.121047974, 52.4095687866, -21.0450763702, -4.17254400253], [232.880554199, -31.9848518372, -128.917953491, -80.9152526855, 5.68854761124, -0.723108112812, 24.2405643463, 19.3204650879, -61.740901947, 52.4095687866, 141.171554565, -7.35466527939, -0.019329097122], [-334.488220215, 43.6642150879, 108.00730896, 45.8717575073, -3.14496445656, -29.640789032, -3.7252702713, -27.9262256622, 24.9883003235, -21.0450763702, -7.35466527939, 126.896728516, 49.0107421875], [-153.833175659, 11.615606308, 32.400302887, 2.20403051376, -8.54253005981, -3.48985743523, -17.6354675293, 8.58312892914, -40.0107765198, -4.17254400253, -0.019329097122, 49.0107421875, 132.870422363]],
        "icov": [[0.00034420643351, -9.3937953352e-05, 0.000630246242508, -0.000239229164436, 0.00027673545992, -0.000238745589741, 0.000313474592986, -0.000236010208027, 0.000365980027709, -0.000311880226946, 9.83373611234e-05, 0.00013465876691, 0.000376136478735], [-9.3937953352e-05, 0.00401121610776, -0.00206736521795, 0.0012565527577, -0.00410789670423, 0.00134295283351, -0.0022352959495, 0.00271104997955, -0.00221860315651, 0.00360521697439, -0.00211787037551, 0.0021087017376, -0.00200977525674], [0.000630246242508, -0.00206736521795, 0.00413748249412, -0.000823375477921, 0.00282890512608, -0.00143801607192, 0.00184761045966, -0.00135820673313, 0.000887655070983, -0.00135310553014, 0.00232307543047, -0.00217455346137, 0.00141946913209], [-0.000239229164436, 0.0012565527577, -0.000823375477921, 0.00344539573416, -0.00108746555634, 0.000373709539417, -0.000342463346897, 0.000928836874664, -0.000680242374074, -0.000209197009099, 0.00160380313173, -0.0010743343737, -0.000223642506171], [0.00027673545992, -0.00410789670423, 0.00282890512608, -0.00108746555634, 0.00746688945219, -0.000516543805134, 0.00148881110363, -0.00250802864321, 0.00186423328705, -0.00400816602632, 0.00255786953494, -0.00197025365196, 0.00199646037072], [-0.000238745589741, 0.00134295283351, -0.00143801607192, 0.000373709539417, -0.000516543805134, 0.00500071095303, -0.00260234391317, 0.00104407814797, 0.00047722220188, -0.000902841275092, 0.000565652677324, 0.00138910720125, -0.000761018891353], [0.000313474592986, -0.0022352959495, 0.00184761045966, -0.000342463346897, 0.00148881110363, -0.00260234391317, 0.00773137994111, -0.000620566890575, 0.00111388834193, -0.000783571973443, -0.000147864790051, -0.00149034347851, 0.00206762435846], [-0.000236010208027, 0.00271104997955, -0.00135820673313, 0.000928836874664, -0.00250802864321, 0.00104407814797, -0.000620566890575, 0.00761798582971, -0.00410062028095, 0.00099837128073, -0.0025316902902, 0.00320132030174, -0.00328741502017], [0.000365980027709, -0.00221860315651, 0.000887655070983, -0.000680242374074, 0.00186423328705, 0.00047722220188, 0.00111388834193, -0.00410062028095, 0.00748049933463, -0.00422498304397, 0.00429384037852, -0.00304046855308, 0.00419965805486], [-0.000311880226946, 0.00360521697439, -0.00135310553014, -0.000209197009099, -0.00400816602632, -0.000902841275092, -0.000783571973443, 0.00099837128073, -0.00422498304397, 0.014575461857, -0.0069757765159, 0.00293546565808, -0.00269106519409], [9.83373611234e-05, -0.00211787037551, 0.00232307543047, 0.00160380313173, 0.00255786953494, 0.000565652677324, -0.000147864790051, -0.0025316902902, 0.00429384037852, -0.0069757765159, 0.0140060754493, -0.00414271745831, 0.00263319048099], [0.00013465876691, 0.0021087017376, -0.00217455346137, -0.0010743343737, -0.00197025365196, 0.00138910720125, -0.00149034347851, 0.00320132030174, -0.00304046855308, 0.00293546565808, -0.00414271745831, 0.0138064129278, -0.00589178549126], [0.000376136478735, -0.00200977525674, 0.00141946913209, -0.000223642506171, 0.00199646037072, -0.000761018891353, 0.00206762435846, -0.00328741502017, 0.00419965805486, -0.00269106519409, 0.00263319048099, -0.00589178549126, 0.0117437886074]]
    },
    "melbands": {
        "dmean": [1.40720667332e-05, 3.18468628393e-05, 6.23089435976e-05, 7.8782584751e-05, 0.000130780841573, 0.000125853490317, 0.00021913702949, 0.000338882004144, 0.000149865081767, 3.23027052218e-05, 5.95681121922e-05, 8.16371102701e-05, 6.18806661805e-05, 3.36464800057e-05, 3.14488097501e-05, 4.01586476073e-05, 3.19270147884e-05, 8.79054823599e-06, 6.24202584731e-06, 7.60747298045e-06, 8.13323640614e-06, 3.30618081534e-06, 1.50548441979e-06, 1.86753800335e-06, 2.28139697356e-06, 3.96367840949e-06, 2.04727712116e-06, 1.93382606994e-06, 1.21878338177e-06, 4.31862673622e-07, 3.61701268048e-07, 4.08195830914e-07, 3.9175938582e-07, 3.19149478401e-07, 2.89601672421e-07, 2.55507160318e-07, 2.34426536849e-07, 2.14080571936e-07, 1.65532384244e-07, 6.57310721408e-08],
        "dmean2": [2.30858295254e-05, 5.19447057741e-05, 9.81432676781e-05, 0.000116075927508, 0.000203753879759, 0.000193993750145, 0.000326720706653, 0.000483561074361, 0.000221390044317, 4.57524547528e-05, 8.66314439918e-05, 0.000120354838145, 8.5457417299e-05, 4.63972573925e-05, 4.16836446675e-05, 5.856909047e-05, 4.79953523609e-05, 1.26834293042e-05, 8.90169212653e-06, 1.1361500583e-05, 1.19368623928e-05, 4.71759585707e-06, 2.23650681619e-06, 2.80824838228e-06, 3.41597547049e-06, 5.89518367633e-06, 3.02835110233e-06, 2.89726381197e-06, 1.8689178205e-06, 6.73846045629e-07, 5.08230812102e-07, 5.6421544059e-07, 5.82993550324e-07, 4.5863998821e-07, 4.4744641059e-07, 3.63021655403e-07, 3.45741028696e-07, 2.97798095517e-07, 2.43221194296e-07, 1.00200693964e-07],
        "dvar": [4.7911352663e-10, 2.69799271813e-09, 3.23586384354e-08, 3.29023279733e-08, 8.04520325914e-08, 7.17362738101e-08, 1.74562899247e-07, 7.76978538397e-07, 2.89568617973e-07, 1.10324140934e-08, 3.64482772852e-08, 6.45657536325e-08, 3.03636333854e-08, 1.14733147427e-08, 1.98806446861e-08, 2.43236613073e-08, 1.88581701366e-08, 1.10529274622e-09, 8.41205549662e-10, 1.66443947514e-09, 3.50572015861e-09, 3.43185868612e-10, 4.79166324674e-11, 4.21834442377e-11, 5.94841884083e-11, 1.52476406501e-10, 3.49558958168e-11, 3.29488068773e-11, 1.38986279083e-11, 3.68126145886e-12, 5.17231266497e-12, 7.79513953386e-12, 9.89202730145e-12, 8.85954417468e-12, 5.59447670481e-12, 2.74946905521e-12, 2.37349593105e-12, 1.70162603626e-12, 1.01159044249e-12, 1.41881569427e-13],
        "dvar2": [1.33388589063e-09, 7.30994331732e-09, 9.32261841058e-08, 7.214827491e-08, 1.75716593276e-07, 1.70872638705e-07, 3.58182887794e-07, 1.63161666933e-06, 6.9415972348e-07, 2.15864499609e-08, 7.51725224291e-08, 1.41653060837e-07, 6.27311962376e-08, 2.22188276666e-08, 3.51838309598e-08, 5.10273956422e-08, 4.43649561532e-08, 2.11742312572e-09, 1.35777100674e-09, 3.27408411493e-09, 7.94173082852e-09, 7.02268410091e-10, 9.66278654313e-11, 8.69910046775e-11, 1.21168020062e-10, 2.96179386572e-10, 7.44911146655e-11, 7.00801153219e-11, 3.16937587286e-11, 8.02105951103e-12, 1.00200472919e-11, 1.60644362396e-11, 2.2588209081e-11, 2.04114225522e-11, 1.34128654364e-11, 5.41962004788e-12, 4.24615030636e-12, 2.97584916778e-12, 2.09700486142e-12, 3.31517826429e-13],
        "max": [0.000350705988239, 0.00104743300471, 0.00808355584741, 0.00541992112994, 0.0059157316573, 0.00583765842021, 0.00884771998972, 0.0206763297319, 0.0119059579447, 0.00316413119435, 0.0045686182566, 0.00772122992203, 0.00435065524653, 0.00275305961259, 0.00493565667421, 0.00499805016443, 0.00399592611939, 0.00104448990896, 0.000973604212049, 0.000996895250864, 0.00233927718364, 0.000759898452088, 0.00018996016297, 0.000156024616444, 0.000308689923258, 0.000369317742297, 0.00018906139303, 0.000152193097165, 6.69955988997e-05, 5.73424476897e-05, 6.61079029669e-05, 9.68999593169e-05, 0.00010993869364, 0.000118704163469, 8.13532969914e-05, 4.70270570077e-05, 4.97665605508e-05, 4.09493331972e-05, 3.26827539538e-05, 1.51789827214e-05],
        "mean": [3.98904921894e-05, 0.000103030535684, 0.000194342152099, 0.000215246109292, 0.000296658050502, 0.000313189288136, 0.000546523602679, 0.000875099212863, 0.000359743367881, 6.8438006565e-05, 0.00012718277867, 0.000191639483091, 0.000171714957105, 8.75963523868e-05, 6.72485184623e-05, 0.000130899017677, 8.1522623077e-05, 2.36887917708e-05, 1.23578738567e-05, 1.36322987601e-05, 1.90868086065e-05, 7.6597007137e-06, 2.50334119301e-06, 3.92995934817e-06, 4.62060961581e-06, 1.08632202682e-05, 5.12453289048e-06, 4.66299388791e-06, 2.68926169156e-06, 7.53335370973e-07, 6.66596747578e-07, 7.92806986283e-07, 7.55507073791e-07, 5.87925114814e-07, 5.09181347752e-07, 5.02868147123e-07, 4.8211450121e-07, 4.53365487374e-07, 3.64200872127e-07, 1.28409908484e-07],
        "median": [1.70569510374e-05, 5.31958903593e-05, 5.69280346099e-05, 4.49595609098e-05, 0.000103312311694, 0.000147560713231, 0.000170490166056, 9.5302137197e-05, 4.36329028162e-05, 2.28913831961e-05, 2.04153348022e-05, 1.99643327505e-05, 1.18978387036e-05, 8.00030738901e-06, 5.63322282687e-06, 3.38051449944e-06, 2.77004210147e-06, 1.57044553362e-06, 1.35510822474e-06, 7.07732795036e-07, 7.40852215131e-07, 4.22677146616e-07, 3.21653999436e-07, 2.98272766486e-07, 4.21462459599e-07, 7.69734526784e-07, 5.18012484463e-07, 3.81175311759e-07, 1.88295416592e-07, 7.92123486804e-08, 3.54919684753e-08, 2.22877414302e-08, 1.67797313821e-08, 1.79330221783e-08, 2.45273170663e-08, 2.52208440799e-08, 2.82842957944e-08, 2.68844644324e-08, 2.3495514867e-08, 3.78376796561e-09],
        "min": [1.49445107324e-23, 8.46664530279e-24, 9.23001101241e-24, 7.05808130284e-24, 1.09838830964e-23, 7.63616725165e-24, 8.01643765101e-24, 5.69738538261e-24, 2.58527408847e-24, 1.15661058318e-23, 1.30521391281e-23, 9.40298296538e-24, 7.96473018526e-24, 1.46376138635e-23, 1.45371745153e-23, 1.37009835335e-23, 1.18923171711e-23, 5.83538121519e-24, 8.25594292159e-24, 1.26741674694e-23, 8.70461071688e-24, 5.42682818023e-24, 7.78487384317e-24, 1.57310287207e-23, 1.11680545076e-23, 7.46550192797e-24, 1.58147947048e-23, 1.74373427473e-23, 1.28997012245e-23, 9.17185303104e-24, 1.06743837754e-23, 1.05133591209e-23, 1.17387961614e-23, 1.0093261501e-23, 1.52882789599e-23, 9.54310043937e-24, 8.20099875954e-24, 1.32188893351e-23, 1.22004912057e-23, 1.25485319039e-23],
        "var": [2.99779445712e-09, 1.93360545353e-08, 2.90887612664e-07, 2.69916824891e-07, 3.22403479913e-07, 2.6735733627e-07, 8.33645742659e-07, 4.21129561801e-06, 1.22868777908e-06, 2.02771381907e-08, 1.41271414122e-07, 3.2072566114e-07, 2.17488590692e-07, 7.78466002771e-08, 8.44507042075e-08, 2.65653824272e-07, 8.18780279133e-08, 9.42265465653e-09, 3.19453485886e-09, 3.84890208593e-09, 1.41827918299e-08, 1.74389735985e-09, 8.79103456697e-11, 1.38208361422e-10, 1.83684262245e-10, 8.56029358509e-10, 2.22884433132e-10, 1.71236663737e-10, 5.69368371894e-11, 8.91358948457e-12, 1.30276215163e-11, 2.44649890624e-11, 2.19261397233e-11, 1.42114696747e-11, 9.42976599583e-12, 7.50297393659e-12, 8.08237938382e-12, 6.37682311469e-12, 4.05830837685e-12, 6.14527851349e-13]
    },
    "mfcc": {
        "mean": [-745.852233887, 160.600387573, -4.79996871948, 6.16345500946, -14.7569084167, -16.9666519165, 2.18209481239, -11.7289772034, -14.1439170837, 6.38706541061, -8.37268066406, 1.18585121632, 2.12176370621],
        "cov": [[6603.99902344, -1569.84411621, -1110.64733887, -15.2690763474, -278.28012085, -66.0566940308, 402.044677734, -238.825698853, -338.542449951, 328.811737061, 41.2673912048, 175.161270142, 183.318206787], [-1569.84411621, 1692.78283691, -112.131347656, -19.4572372437, 177.461685181, 5.38480186462, 43.5439071655, 65.0336456299, 23.3050041199, -115.212356567, -38.0027236938, -71.571472168, -109.285446167], [-1110.64733887, -112.131347656, 740.059814453, -3.60188889503, -30.9322338104, 147.381546021, -168.207382202, 79.5164871216, 91.3372192383, -80.3056030273, 4.54743671417, -55.883808136, -77.2976989746], [-15.2690763474, -19.4572372437, -3.60188889503, 328.895690918, 75.7211227417, -8.14533424377, -92.7011032104, 14.0728559494, 45.0852546692, -36.8321762085, 15.6001548767, -1.87818443775, 9.30030536652], [-278.28012085, 177.461685181, -30.9322338104, 75.7211227417, 257.64553833, -58.8780555725, -61.621131897, 5.88095521927, 76.7004318237, -3.87921881676, 27.8371753693, 15.4547863007, 27.7931976318], [-66.0566940308, 5.38480186462, 147.381546021, -8.14533424377, -58.8780555725, 305.636749268, 40.7746047974, 28.3732757568, -15.5559139252, -40.2872543335, 3.96946597099, -49.7132377625, -63.1476898193], [402.044677734, 43.5439071655, -168.207382202, -92.7011032104, -61.621131897, 40.7746047974, 332.366088867, -51.3606376648, -90.7046279907, 18.9550094604, -56.3485107422, -21.8711452484, -6.07897996902], [-238.825698853, 65.0336456299, 79.5164871216, 14.0728559494, 5.88095521927, 28.3732757568, -51.3606376648, 136.52645874, 45.4773635864, -1.36298966408, 16.8932170868, -4.46565723419, -5.3626704216], [-338.542449951, 23.3050041199, 91.3372192383, 45.0852546692, 76.7004318237, -15.5559139252, -90.7046279907, 45.4773635864, 209.452896118, -5.32811546326, 29.8310184479, 30.5143203735, 9.53050136566], [328.811737061, -115.212356567, -80.3056030273, -36.8321762085, -3.87921881676, -40.2872543335, 18.9550094604, -1.36298966408, -5.32811546326, 201.103683472, 38.5275115967, 32.154964447, 37.1555633545], [41.2673912048, -38.0027236938, 4.54743671417, 15.6001548767, 27.8371753693, 3.96946597099, -56.3485107422, 16.8932170868, 29.8310184479, 38.5275115967, 165.813339233, 46.8755950928, 32.423122406], [175.161270142, -71.571472168, -55.883808136, -1.87818443775, 15.4547863007, -49.7132377625, -21.8711452484, -4.46565723419, 30.5143203735, 32.154964447, 46.8755950928, 141.391418457, 65.2571105957], [183.318206787, -109.285446167, -77.2976989746, 9.30030536652, 27.7931976318, -63.1476898193, -6.07897996902, -5.3626704216, 9.53050136566, 37.1555633545, 32.423122406, 65.2571105957, 142.544876099]],
