{
"lowlevel": {
    "average_loudness": 0.476494401693,
    "barkbands_crest": {
        "dmean": 2.13712835312,
        "dmean2": 3.4902100563,
        "dvar": 4.10849809647,
        "dvar2": 11.8252868652,
        "max": 26.4321022034,
        "mean": 13.0051450729,
        "median": 12.656624794,
        "min": 4.47117090225,
        "var": 15.4359169006
    },
    "barkbands_flatness_db": {
        "dmean": 0.0231116656214,
        "dmean2": 0.0383474342525,
        "dvar": 0.000619245925918,
        "dvar2": 0.00170361052733,
        "max": 0.74777507782,
        "mean": 0.417388081551,
        "median": 0.378704637289,
        "min": 0.160178601742,
        "var": 0.0154115958139
    },
    "barkbands_kurtosis": {
        "dmean": 3.13304495811,
        "dmean2": 5.24987363815,
        "dvar": 56.5506324768,
        "dvar2": 148.83480835,
        "max": 248.423828125,
        "mean": 6.22756719589,
        "median": 3.28406143188,
        "min": -1.84406220913,
        "var": 101.770301819
    },
    "barkbands_skewness": {
        "dmean": 0.446315288544,
        "dmean2": 0.732250034809,
        "dvar": 0.32177349925,
        "dvar2": 0.906657099724,
        "max": 12.821893692,
        "mean": 1.02851057053,
        "median": 0.891728281975,
        "min": -2.03790736198,
        "var": 1.64802861214
    },
    "barkbands_spread": {
        "dmean": 0.830538630486,
        "dmean2": 1.28373265266,
        "dvar": 4.1856751442,
        "dvar2": 8.31843471527,
        "max": 94.5860137939,
        "mean": 4.02474021912,
        "median": 2.43848347664,
        "min": 0.0800437629223,
        "var": 18.4310779572
    },
    "dissonance": {
        "dmean": 0.0486857518554,
        "dmean2": 0.082678720355,
        "dvar": 0.00168612587731,
        "dvar2": 0.0049510486424,
        "max": 0.493192911148,
        "mean": 0.337344765663,
        "median": 0.344966411591,
        "min": 0.0838032960892,
        "var": 0.00559006957337
    },
    "dynamic_complexity": 7.91660118103,
    "erbbands_crest": {
        "dmean": 2.45628786087,
        "dmean2": 4.02690124512,
        "dvar": 5.37251710892,
        "dvar2": 15.1793985367,
        "max": 32.1815567017,
        "mean": 16.1121730804,
        "median": 15.7007694244,
        "min": 5.31336927414,
        "var": 26.4143505096
    },
    "erbbands_flatness_db": {
        "dmean": 0.0168420262635,
        "dmean2": 0.0271016899496,
        "dvar": 0.000321908300975,
        "dvar2": 0.000889100832865,
        "max": 0.540623426437,
        "mean": 0.352387726307,
        "median": 0.348352432251,
        "min": 0.127146989107,
        "var": 0.00402158126235
    },
    "erbbands_kurtosis": {
        "dmean": 4.597615242,
        "dmean2": 7.64968252182,
        "dvar": 78.7994995117,
        "dvar2": 226.575454712,
        "max": 165.895492554,
        "mean": 14.1503562927,
        "median": 4.27067661285,
        "min": -1.7975051403,
        "var": 603.500549316
    },
    "erbbands_skewness": {
        "dmean": 0.45246887207,
        "dmean2": 0.721525907516,
        "dvar": 0.227166756988,
        "dvar2": 0.589026033878,
        "max": 8.31875801086,
        "mean": 1.67514228821,
        "median": 1.44380950928,
        "min": -2.99296784401,
        "var": 2.63219332695
    },
    "erbbands_spread": {
        "dmean": 2.01399207115,
        "dmean2": 3.11381912231,
        "dvar": 21.3974990845,
        "dvar2": 50.218711853,
        "max": 151.475372314,
        "mean": 9.35051250458,
        "median": 6.93277215958,
        "min": 0.446463048458,
        "var": 94.3539886475
    },
    "hfc": {
        "dmean": 1.78303599358,
        "dmean2": 2.48438572884,
        "dvar": 10.9387435913,
        "dvar2": 19.3703365326,
        "max": 139.620376587,
        "mean": 10.4867277145,
        "median": 3.323158741,
        "min": 8.19391862024e-05,
        "var": 290.727539062
    },
    "melbands_crest": {
        "dmean": 2.54890370369,
        "dmean2": 4.2263174057,
        "dvar": 5.83763694763,
        "dvar2": 16.9196166992,
        "max": 36.867401123,
        "mean": 18.1891918182,
        "median": 17.8453292847,
        "min": 5.93639993668,
        "var": 28.8565597534
    },
    "melbands_flatness_db": {
        "dmean": 0.0235708188266,
        "dmean2": 0.0382703877985,
        "dvar": 0.000703528989106,
        "dvar2": 0.00174235447776,
        "max": 0.867086470127,
        "mean": 0.520712375641,
        "median": 0.485202878714,
        "min": 0.208902791142,
        "var": 0.0278361197561
    },
    "melbands_kurtosis": {
        "dmean": 4.01703166962,
        "dmean2": 6.38635921478,
        "dvar": 75.6902389526,
        "dvar2": 166.874389648,
        "max": 250.268661499,
        "mean": 9.74282741547,
        "median": 5.16990661621,
        "min": -1.60335803032,
        "var": 219.97555542
    },
    "melbands_skewness": {
        "dmean": 0.423445552588,
        "dmean2": 0.673107743263,
        "dvar": 0.263512939215,
        "dvar2": 0.623889267445,
        "max": 10.9985961914,
        "mean": 1.32452309132,
        "median": 1.06693160534,
        "min": -1.38415360451,
        "var": 2.13027906418
    },
    "melbands_spread": {
        "dmean": 1.09902739525,
        "dmean2": 1.69301319122,
        "dvar": 5.90803623199,
        "dvar2": 14.341553688,
        "max": 83.3956604004,
        "mean": 5.83096551895,
        "median": 2.57532811165,
        "min": 0.153255224228,
        "var": 44.067111969
    },
    "pitch_salience": {
        "dmean": 0.0605939589441,
        "dmean2": 0.100076764822,
        "dvar": 0.00326385651715,
        "dvar2": 0.00886652618647,
        "max": 0.846183359623,
        "mean": 0.486258268356,
        "median": 0.489182054996,
        "min": 0.0885640233755,
        "var": 0.0156306494027
    },
    "silence_rate_20dB": {
        "dmean": 0,
        "dmean2": 0,
        "dvar": 0,
        "dvar2": 0,
        "max": 1,
        "mean": 1,
        "median": 1,
        "min": 1,
        "var": 0
    },
    "silence_rate_30dB": {
        "dmean": 0.0154918665066,
        "dmean2": 0.0309957377613,
        "dvar": 0.0152520798147,
        "dvar2": 0.0385592021048,
        "max": 1,
        "mean": 0.979868352413,
        "median": 1,
        "min": 0,
        "var": 0.0197259057313
    },
    "silence_rate_60dB": {
        "dmean": 0.0271107666194,
        "dmean2": 0.0542425401509,
        "dvar": 0.0263760909438,
        "dvar2": 0.0637005195022,
        "max": 1,
        "mean": 0.259388297796,
        "median": 0,
        "min": 0,
        "var": 0.192109167576
    },
    "spectral_centroid": {
        "dmean": 33.9167327881,
        "dmean2": 51.4017028809,
        "dvar": 6756.51367188,
        "dvar2": 15005.4306641,
        "max": 3634.99438477,
        "mean": 403.585357666,
        "median": 263.584564209,
        "min": 111.478042603,
        "var": 92220.7265625
    },
    "spectral_complexity": {
        "dmean": 0.717273414135,
        "dmean2": 1.26385116577,
        "dvar": 0.872822582722,
        "dvar2": 2.11520600319,
        "max": 20,
        "mean": 5.59001159668,
        "median": 5,
        "min": 0,
        "var": 14.5376968384
    },
    "spectral_decrease": {
        "dmean": 1.59288293666e-09,
        "dmean2": 2.48435183536e-09,
        "dvar": 1.09179329168e-17,
        "dvar2": 2.61475315417e-17,
        "max": -1.12421878718e-13,
        "mean": -6.16684303623e-09,
        "median": -3.44832495891e-09,
        "min": -4.6433793699e-08,
        "var": 5.35028361133e-17
    },
    "spectral_energy": {
        "dmean": 0.00615933490917,
        "dmean2": 0.00958184152842,
        "dvar": 0.000159727860591,
        "dvar2": 0.000381543650292,
        "max": 0.187516584992,
        "mean": 0.0242262221873,
        "median": 0.0134186334908,
        "min": 4.31737987583e-07,
        "var": 0.000820610148367
    },
    "spectral_energyband_high": {
        "dmean": 1.1976130736e-06,
        "dmean2": 1.7439375597e-06,
        "dvar": 2.75533172667e-11,
        "dvar2": 5.37208576235e-11,
        "max": 0.000188474587048,
        "mean": 4.84694692204e-06,
        "median": 3.24930681472e-07,
        "min": 4.1835040987e-10,
        "var": 1.64214850051e-10
    },
    "spectral_energyband_low": {
        "dmean": 0.00432400265709,
        "dmean2": 0.00693035311997,
        "dvar": 0.000122352241306,
        "dvar2": 0.000291169533739,
        "max": 0.157143607736,
        "mean": 0.0107974270359,
        "median": 0.00283442228101,
        "min": 2.54012604728e-07,
        "var": 0.000409162428696
    },
    "spectral_energyband_middle_high": {
        "dmean": 0.000761796138249,
        "dmean2": 0.00101928017102,
        "dvar": 3.69313806914e-06,
        "dvar2": 7.19382842362e-06,
        "max": 0.0489084646106,
        "mean": 0.00361388665624,
        "median": 9.72917041508e-05,
        "min": 3.45777823041e-10,
        "var": 5.67644819967e-05
    },
    "spectral_energyband_middle_low": {
        "dmean": 0.00325151532888,
        "dmean2": 0.00513269612566,
        "dvar": 3.46947927028e-05,
        "dvar2": 0.000100161814771,
        "max": 0.121076904237,
        "mean": 0.0119560044259,
        "median": 0.00669729663059,
        "min": 2.40743389668e-07,
        "var": 0.000215156367631
    },
    "spectral_entropy": {
        "dmean": 0.167977124453,
        "dmean2": 0.271134495735,
        "dvar": 0.0361551381648,
        "dvar2": 0.094087228179,
        "max": 8.10697555542,
        "mean": 5.12210035324,
        "median": 5.2639336586,
        "min": 3.11652469635,
        "var": 0.687504649162
    },
    "spectral_flux": {
        "dmean": 0.0157251339406,
        "dmean2": 0.0262327324599,
        "dvar": 0.000760176219046,
        "dvar2": 0.00202201958746,
        "max": 0.379504263401,
        "mean": 0.0428537130356,
        "median": 0.0309174526483,
        "min": 0.000773030158598,
        "var": 0.00174095330294
    },
    "spectral_kurtosis": {
        "dmean": 24.2241744995,
        "dmean2": 41.7076263428,
        "dvar": 1282.4309082,
        "dvar2": 3738.54052734,
        "max": 690.380126953,
        "mean": 79.5808258057,
        "median": 42.1099014282,
        "min": -0.880839824677,
        "var": 8200.34570312
    },
    "spectral_rms": {
        "dmean": 0.000548789161257,
        "dmean2": 0.000861808424816,
        "dvar": 7.53484528104e-07,
        "dvar2": 1.70676298694e-06,
        "max": 0.0135256424546,
        "mean": 0.00401673140004,
        "median": 0.00361819704995,
        "min": 2.0523348212e-05,
        "var": 7.50125400373e-06
    },
    "spectral_rolloff": {
        "dmean": 53.3906440735,
        "dmean2": 93.6742172241,
        "dvar": 38711.7382812,
        "dvar2": 83185.8515625,
        "max": 7127.49023438,
        "mean": 477.366485596,
        "median": 236.865234375,
        "min": 21.533203125,
        "var": 208441.5625
    },
    "spectral_skewness": {
        "dmean": 1.02056050301,
        "dmean2": 1.73399376869,
        "dvar": 1.00953316689,
        "dvar2": 2.68926811218,
        "max": 22.450750351,
        "mean": 6.35093545914,
        "median": 4.98409795761,
        "min": -0.323268324137,
        "var": 14.1109762192
    },
    "spectral_spread": {
        "dmean": 319864.65625,
        "dmean2": 549451.0625,
        "dvar": 173297516544,
        "dvar2": 416164675584,
        "max": 9562813,
        "mean": 1469398.625,
        "median": 1461638.25,
        "min": 171940.25,
        "var": 581190483968
    },
    "spectral_strongpeak": {
        "dmean": 0.309541165829,
        "dmean2": 0.516607642174,
        "dvar": 0.291493237019,
        "dvar2": 0.729477882385,
        "max": 9.58222198486,
        "mean": 1.15944457054,
        "median": 0.452246963978,
        "min": 0,
        "var": 2.5520324707
    },
    "zerocrossingrate": {
        "dmean": 0.00164336326998,
        "dmean2": 0.00203617638908,
        "dvar": 7.94696734374e-06,
        "dvar2": 9.62638387136e-06,
        "max": 0.14892578125,
        "mean": 0.016588518396,
        "median": 0.0107421875,
        "min": 0.00048828125,
        "var": 0.000178834190592
    },
    "barkbands": {
        "dmean": [0.000277108076261, 0.00231983489357, 0.00169098109473, 0.00178844423499, 0.000684007012751, 0.000182334668352, 0.000247696967563, 0.000457594171166, 0.000805556192063, 0.000147755199578, 0.000407234911108, 9.76948722382e-05, 0.000404388876632, 5.30744910066e-05, 1.63061922649e-05, 5.60308762942e-06, 1.72117743205e-05, 2.85095734398e-06, 6.82387189954e-06, 4.33927971244e-06, 3.1187474292e-07, 5.13306076755e-07, 3.20552658195e-07, 3.50792419113e-07, 4.27760724619e-08, 6.77842004748e-10, 7.14013181913e-10],
        "dmean2": [0.000461840769276, 0.00370094925165, 0.0026226460468, 0.00318395392969, 0.00107614160515, 0.000271972472547, 0.000379263743525, 0.000635776319541, 0.000987879815511, 0.000203280636924, 0.000538753927685, 0.000144242512761, 0.000594371813349, 7.53076019464e-05, 2.41923480644e-05, 8.33442572912e-06, 2.66497136181e-05, 4.12697090724e-06, 1.04685777842e-05, 6.6814618549e-06, 4.76190933796e-07, 8.14270720184e-07, 4.71347817665e-07, 5.36475226909e-07, 6.53255298744e-08, 1.22230092714e-09, 1.29437927043e-09],
        "dvar": [1.45637818605e-06, 4.32428387285e-05, 2.0818941266e-05, 2.19297835429e-05, 2.18254149331e-06, 2.21921908405e-07, 7.65452455198e-07, 3.13874488711e-06, 6.98764051776e-06, 4.61325612378e-07, 1.44389673551e-06, 2.92494860332e-07, 1.70670523403e-06, 1.16990598542e-07, 5.35666178081e-09, 5.8390869917e-10, 2.76702571966e-09, 2.31558286434e-10, 9.81106085263e-10, 2.69106625872e-10, 2.34609488954e-12, 8.13190660642e-12, 2.34582860949e-12, 2.07461001503e-12, 4.10118106467e-14, 1.53307648818e-18, 1.73569789474e-18],
        "dvar2": [3.60744866157e-06, 0.000103552272776, 4.53279899375e-05, 7.4410403613e-05, 4.96678512718e-06, 4.71309846262e-07, 1.9011929453e-06, 5.86308078709e-06, 9.63825004874e-06, 7.55684709475e-07, 2.58722207036e-06, 5.71862528886e-07, 3.76127013624e-06, 2.24742549904e-07, 1.03847561661e-08, 1.30846256052e-09, 6.67910082797e-09, 4.0457934225e-10, 1.91106797054e-09, 6.4208149908e-10, 4.58163802036e-12, 1.96954345194e-11, 3.76080243336e-12, 3.59545292844e-12, 8.73085986646e-14, 4.7217413239e-18, 5.35695895888e-18],
        "max": [0.0202868543565, 0.109212085605, 0.121624305844, 0.0650358200073, 0.0260966420174, 0.00967589113861, 0.0182628408074, 0.0450872592628, 0.108800187707, 0.0233935341239, 0.0232780557126, 0.0203613210469, 0.0305234324187, 0.0150455692783, 0.00240931031294, 0.000789119978435, 0.00112058024388, 0.000623758824077, 0.00118701753672, 0.000465962570161, 7.7179451182e-05, 0.000125956343254, 6.91002787789e-05, 7.05614293111e-05, 8.35438004287e-06, 1.49826711038e-08, 1.60027973095e-08],
        "mean": [0.000251671765, 0.00476933876052, 0.0036717383191, 0.00320823048241, 0.00180604192428, 0.000566047558095, 0.000633397197817, 0.00120911758859, 0.00436322484165, 0.000405599799706, 0.00139305007178, 0.000215091888094, 0.00147970335092, 9.98599789455e-05, 4.21989388997e-05, 1.19533397083e-05, 5.84098161198e-05, 8.68759070727e-06, 1.8405744413e-05, 1.01187588371e-05, 9.80407889983e-07, 1.45596675338e-06, 9.04951036773e-07, 9.38912421589e-07, 7.87234810673e-08, 6.93852586497e-10, 7.16088299768e-10],
        "median": [1.2018360394e-05, 0.00108103197999, 0.000833394413348, 0.000565446389373, 0.000542906927876, 0.000102315469121, 1.34840956889e-05, 3.05249777739e-05, 2.59176849795e-05, 4.85529199068e-06, 8.36714389152e-06, 4.55104782304e-06, 3.62967534784e-06, 1.78582263288e-06, 9.00861095943e-07, 7.80523464528e-07, 1.06597326521e-06, 2.0330571715e-07, 1.76495564119e-06, 2.53919779425e-07, 1.92201987659e-08, 5.18417806461e-08, 5.4457480303e-08, 8.7882987998e-08, 8.35323721304e-09, 2.27882754333e-10, 2.3112388392e-10],
        "min": [1.69962566243e-09, 6.27891978411e-08, 1.14845164489e-07, 6.31205452351e-08, 6.06210335263e-08, 6.0457110429e-09, 3.23953586179e-10, 2.07360351112e-10, 1.99541716484e-10, 1.99767480336e-10, 3.58180013427e-11, 1.29951813199e-11, 1.48969656055e-11, 1.38790715032e-11, 4.2762017885e-12, 1.79353407126e-11, 1.6914926057e-11, 2.5325396294e-11, 2.6133876313e-11, 4.23480694955e-11, 5.54885824788e-11, 6.65527702393e-11, 5.57756167641e-11, 7.33076377379e-11, 6.43116393473e-11, 3.65494128018e-11, 5.44167072514e-11],
        "var": [1.27852365495e-06, 9.9075914477e-05, 8.96874844329e-05, 4.61457966594e-05, 8.76454487297e-06, 1.08829806322e-06, 3.37856613442e-06, 1.55544603331e-05, 0.000141520169564, 2.5663548513e-06, 1.24608468468e-05, 1.00848501461e-06, 1.62205651577e-05, 2.9264711543e-07, 2.21434888203e-08, 1.8262884538e-09, 2.44003643957e-08, 1.82212867017e-09, 4.9452659745e-09, 8.92694473897e-10, 1.36884045765e-11, 2.96328135641e-11, 9.7967302673e-12, 6.76618526832e-12, 8.09311046456e-14, 1.41472886281e-18, 1.53047624592e-18]
    },
    "erbbands": {
        "dmean": [0.0526847168803, 0.568541109562, 1.45540511608, 4.89844083786, 3.24431276321, 2.42320418358, 1.29138660431, 1.62595570087, 1.92900121212, 8.26401519775, 8.44842338562, 24.1699981689, 7.60587644577, 4.42728710175, 18.6863098145, 5.08945035934, 18.8826255798, 6.00773334503, 1.55527186394, 0.291864097118, 0.33414208889, 0.925815463066, 0.181195229292, 0.115647032857, 0.41193562746, 0.111914291978, 0.0135496053845, 0.0109698269516, 0.0136454850435, 0.0184301361442, 0.00887834839523, 0.00699932919815, 0.00640835845843, 0.00103640474845, 4.66917990707e-05, 5.38496169611e-06, 2.33368382396e-06, 5.59946045087e-07, 2.83164308712e-06, 6.78425703882e-06],
        "dmean2": [0.086049862206, 0.902067065239, 2.22830152512, 8.36245727539, 5.63461065292, 3.78416538239, 2.04260277748, 2.3224773407, 2.9604973793, 12.0137672424, 11.6365003586, 29.2887439728, 9.46887207031, 6.17315626144, 24.2891616821, 7.09566164017, 27.8834152222, 8.50669193268, 2.20081210136, 0.421596556902, 0.502087950706, 1.42038428783, 0.248270943761, 0.167297050357, 0.589181542397, 0.16954767704, 0.0208508688956, 0.0164897348732, 0.0215572509915, 0.0293252635747, 0.0134484516457, 0.0100548481569, 0.0101045500487, 0.00158614269458, 7.33367924113e-05, 8.71517841006e-06, 3.74489536625e-06, 9.24523476442e-07, 4.36701611761e-06, 1.05213312054e-05],
        "dvar": [0.0370271317661, 2.41697716713, 14.2446718216, 144.913986206, 63.8283004761, 36.0489082336, 11.6815547943, 20.8508834839, 44.2149810791, 1235.25354004, 1104.32116699, 6675.85839844, 722.418518066, 225.26725769, 3133.53173828, 584.491821289, 3885.59838867, 510.064056396, 57.4360313416, 1.85932374001, 0.978367447853, 8.31115245819, 0.742693006992, 0.149885222316, 3.40384840965, 0.192735120654, 0.0029841621872, 0.00328634702601, 0.00562526891008, 0.00818024296314, 0.00252480478957, 0.0014087962918, 0.000415019167121, 2.38668690145e-05, 3.73716702029e-08, 1.19583593028e-10, 1.61757950784e-11, 8.66095281431e-13, 3.1869791528e-11, 1.88957058334e-10],
        "dvar2": [0.0934732854366, 5.72871351242, 31.1629333496, 433.741729736, 204.352050781, 83.2021102905, 29.2897701263, 40.9809532166, 100.450126648, 2638.32543945, 2189.77929688, 9396.140625, 919.221923828, 417.117340088, 5365.96337891, 1051.06213379, 8615.96777344, 1005.03253174, 108.700782776, 4.12702417374, 2.21971940994, 20.1707420349, 1.30115294456, 0.289744287729, 5.54431152344, 0.419537782669, 0.00600598752499, 0.00713679520413, 0.0142637975514, 0.0186111759394, 0.00422158557922, 0.00232833554037, 0.000829461030662, 5.18205633853e-05, 8.60803552882e-08, 2.74960304525e-10, 3.94671378912e-11, 2.31907006619e-12, 7.5363021379e-11, 4.49711518025e-10],
        "max": [2.87565922737, 24.4943733215, 82.4130096436, 188.519592285, 134.796066284, 133.015930176, 78.3667144775, 106.800559998, 185.532348633, 873.277770996, 1086.73815918, 3284.48022461, 1005.78900146, 477.358459473, 1117.87695312, 1021.82684326, 1448.90820312, 880.743286133, 279.111450195, 43.7384986877, 24.8916549683, 58.8083305359, 37.1315917969, 11.5180034637, 78.5739135742, 15.8458824158, 2.44278144836, 2.69107103348, 3.06897497177, 3.96181988716, 2.23561859131, 1.93517410755, 0.83699452877, 0.215495347977, 0.00613739481196, 0.000330825685523, 6.79259755998e-05, 1.97442186618e-05, 9.51985857682e-05, 0.000216997927055],
        "mean": [0.0854423344135, 1.24863827229, 3.7492389679, 9.43109512329, 7.9097070694, 5.63803482056, 3.32900524139, 5.37599945068, 5.33643102646, 23.1937999725, 24.9222888947, 133.342697144, 30.1334152222, 14.3750047684, 65.9212493896, 15.8420362473, 70.1630249023, 18.7327537537, 4.4788351059, 0.794367074966, 1.10533118248, 3.06203961372, 0.606169044971, 0.405363470316, 1.31418919563, 0.376486033201, 0.04678266868, 0.0342454761267, 0.0386705845594, 0.053816024214, 0.0238897837698, 0.0173024758697, 0.0172691680491, 0.00250354432501, 0.000102599195088, 1.90409464267e-05, 9.05287288333e-06, 1.98523935069e-06, 1.166302809e-05, 2.72024281003e-05],
        "median": [0.0156238824129, 0.28963753581, 0.979541242123, 1.65021514893, 1.80717790127, 1.40960586071, 1.26364064217, 0.892540872097, 0.76264077425, 0.968443989754, 2.05541443825, 0.783830702305, 0.451389223337, 0.365627080202, 0.425769984722, 0.250752210617, 0.209582805634, 0.202096402645, 0.108338914812, 0.0468764640391, 0.0520931296051, 0.0636863559484, 0.0187911950052, 0.0356085970998, 0.109838284552, 0.0178072825074, 0.00199897075072, 0.0011038153898, 0.00145440606866, 0.00226512132213, 0.00145930133294, 0.00171121710446, 0.00117485621013, 0.000247833522735, 2.24355990213e-05, 9.09720529307e-06, 4.87704164698e-06, 7.60254579291e-07, 6.39175414108e-06, 1.4982673747e-05],
        "min": [1.27857924781e-06, 1.71747615241e-05, 0.000106523002614, 0.000332296127453, 0.000429226463893, 9.84576545306e-05, 1.91171184269e-05, 5.3610678151e-05, 1.65154742717e-05, 5.91557818552e-06, 4.47982165497e-06, 5.05722664457e-06, 7.69448706706e-06, 2.49813592745e-06, 1.33684613957e-06, 6.488347708e-07, 7.53786935093e-07, 6.36814377231e-07, 4.89578383167e-07, 5.44178305972e-07, 8.23928075988e-07, 1.02607214103e-06, 1.64641278388e-06, 1.31332024011e-06, 1.64539630987e-06, 2.02597789212e-06, 1.71523379322e-06, 2.21161212721e-06, 2.03241734198e-06, 2.59542161984e-06, 1.65360791016e-06, 1.70445537151e-06, 9.19788931242e-07, 8.47382921165e-07, 4.20499560505e-07, 1.15068424122e-07, 8.3838926912e-08, 2.86338863731e-08, 5.07178921083e-09, 1.58650992343e-09],
        "var": [0.0493204556406, 6.39079809189, 63.5247001648, 387.933807373, 202.408554077, 108.504135132, 38.0721473694, 114.909286499, 212.47442627, 6056.03417969, 5530.39355469, 135105.25, 6183.36523438, 1499.88464355, 28017.4902344, 2179.35375977, 38171.9023438, 2384.67333984, 252.516311646, 6.80285596848, 6.64468717575, 65.3410873413, 6.19667100906, 1.14431798458, 22.9917316437, 1.06458008289, 0.0171964522451, 0.0191559270024, 0.0257322993129, 0.0266865827143, 0.00887539796531, 0.00406997464597, 0.00163825496566, 5.36030820513e-05, 6.72278730462e-08, 5.82770387503e-10, 1.09409564741e-10, 7.74326783248e-12, 1.88696600012e-10, 1.03119246475e-09]
    },
    "gfcc": {
        "mean": [-252.657348633, 203.160980225, -62.9379348755, 18.1157169342, -37.3800888062, 7.98335647583, -10.1963968277, -8.9341917038, -9.82705307007, -27.5978031158, 7.28077745438, -24.7009754181, -7.57351303101],
        "cov": [[27597.5, -265.878265381, -11378.0166016, -3017.39550781, -2403.76049805, 475.803192139, -29.0728569031, 578.156860352, 556.814086914, -355.220245361, 1575.77258301, -672.692077637, -175.985855103], [-265.878265381, 870.428039551, 885.454284668, -89.8706970215, 165.213882446, -213.245376587, 68.7949066162, -15.5645170212, -74.2466812134, 20.6104030609, 33.641494751, 24.7865104675, -47.2913703918], [-11378.0166016, 885.454284668, 6254.90722656, 1475.88269043, 1222.31994629, -353.613006592, 134.686965942, -326.208129883, -358.750976562, 147.759735107, -659.226928711, 310.932434082, 51.6448974609], [-3017.39550781, -89.8706970215, 1475.88269043, 929.607177734, 367.225372314, -178.09274292, -152.438476562, -100.462417603, -15.688949585, 66.6373062134, -137.590286255, 16.5440292358, 39.1534042358], [-2403.76049805, 165.213882446, 1222.31994629, 367.225372314, 507.642242432, -48.252571106, -29.0690536499, -66.7149047852, -48.0941581726, 29.0039825439, -164.709243774, 48.586730957, 14.832362175], [475.803192139, -213.245376587, -353.613006592, -178.09274292, -48.252571106, 327.273681641, 168.786315918, 17.2822780609, 14.261390686, -57.0737266541, -47.5310211182, 28.0113487244, -0.594459176064], [-29.0728569031, 68.7949066162, 134.686965942, -152.438476562, -29.0690536499, 168.786315918, 322.642486572, 52.1011199951, -75.6358413696, -50.3886413574, -26.22473526, 58.520942688, -29.808795929], [578.156860352, -15.5645170212, -326.208129883, -100.462417603, -66.7149047852, 17.2822780609, 52.1011199951, 124.599838257, 2.71994638443, -18.0928211212, 74.126701355, -27.6636791229, -7.06976318359], [556.814086914, -74.2466812134, -358.750976562, -15.688949585, -48.0941581726, 14.261390686, -75.6358413696, 2.71994638443, 163.810653687, 45.423625946, 5.38815546036, -6.24546718597, 6.90816688538], [-355.220245361, 20.6104030609, 147.759735107, 66.6373062134, 29.0039825439, -57.0737266541, -50.3886413574, -18.0928211212, 45.423625946, 93.8909606934, 2.17943239212, 0.185415267944, 11.4782781601], [1575.77258301, 33.641494751, -659.226928711, -137.590286255, -164.709243774, -47.5310211182, -26.22473526, 74.126701355, 5.38815546036, 2.17943239212, 205.665710449, -31.9673881531, -6.94868612289], [-672.692077637, 24.7865104675, 310.932434082, 16.5440292358, 48.586730957, 28.0113487244, 58.520942688, -27.6636791229, -6.24546718597, 0.185415267944, -31.9673881531, 114.005783081, 32.6561126709], [-175.985855103, -47.2913703918, 51.6448974609, 39.1534042358, 14.832362175, -0.594459176064, -29.808795929, -7.06976318359, 6.90816688538, 11.4782781601, -6.94868612289, 32.6561126709, 78.5771789551]],
        "icov": [[0.000317539233947, -0.000492171093356, 0.000492771156132, -5.10161953571e-05, 0.000101274337794, -0.000154887660756, -0.000452833657619, 0.000860846368596, -0.000512534810696, 0.000701271288563, -0.000998229719698, 0.000922158011235, -0.000527004653122], [-0.000492171093356, 0.00474956212565, -0.00225128908642, 0.00292385742068, -0.00180847500451, 0.00338366255164, -0.00180673704017, 0.00138272554614, -0.00287466472946, 0.00187248038128, -0.00331772631034, 0.00173281610478, 0.000550617813133], [0.000492771156132, -0.00225128908642, 0.00222595501691, -0.00184697110672, 8.96446290426e-05, -0.000533861806616, -0.000350468588294, 0.000267282332061, 0.00218852283433, -0.001403974602, 0.0020456018392, -0.00132035382558, -0.000181551848073], [-5.10161953571e-05, 0.00292385742068, -0.00184697110672, 0.00438614888117, -0.00167852046434, 0.00226944871247, -0.00106234580744, 0.00230210181326, -0.00379328150302, 0.00279865483753, -0.00426016747952, 0.00365031533875, -0.00115713162813], [0.000101274337794, -0.00180847500451, 8.96446290426e-05, -0.00167852046434, 0.00502705108374, -0.00221163174137, 0.00231361761689, -0.00209130020812, 0.00180583272595, -0.00123689335305, 0.00299577019177, -0.00152363092639, 0.00055978121236], [-0.000154887660756, 0.00338366255164, -0.000533861806616, 0.00226944871247, -0.00221163174137, 0.0092339925468, -0.00583209004253, 0.00291821570136, -0.0039652697742, 0.0037557776086, -0.000687748892233, 0.00189521047287, -0.00160142197274], [-0.000452833657619, -0.00180673704017, -0.000350468588294, -0.00106234580744, 0.00231361761689, -0.00583209004253, 0.0109074190259, -0.00781085062772, 0.00657167332247, -0.00386658753268, 0.00547178462148, -0.00784669071436, 0.00534429308027], [0.000860846368596, 0.00138272554614, 0.000267282332061, 0.00230210181326, -0.00209130020812, 0.00291821570136, -0.00781085062772, 0.0185542553663, -0.00725555839017, 0.00708491913974, -0.0115795852616, 0.0102073559538, -0.00510263675824], [-0.000512534810696, -0.00287466472946, 0.00218852283433, -0.00379328150302, 0.00180583272595, -0.0039652697742, 0.00657167332247, -0.00725555839017, 0.0174324028194, -0.0121076125652, 0.0111374454573, -0.00990382675081, 0.00437995418906], [0.000701271288563, 0.00187248038128, -0.001403974602, 0.00279865483753, -0.00123689335305, 0.0037557776086, -0.00386658753268, 0.00708491913974, -0.0121076125652, 0.0217366702855, -0.010268047452, 0.0082568321377, -0.00479194195941], [-0.000998229719698, -0.00331772631034, 0.0020456018392, -0.00426016747952, 0.00299577019177, -0.000687748892233, 0.00547178462148, -0.0115795852616, 0.0111374454573, -0.010268047452, 0.022083953023, -0.0112247420475, 0.00414765859023], [0.000922158011235, 0.00173281610478, -0.00132035382558, 0.00365031533875, -0.00152363092639, 0.00189521047287, -0.00784669071436, 0.0102073559538, -0.00990382675081, 0.0082568321377, -0.0112247420475, 0.0228817481548, -0.0104367826134], [-0.000527004653122, 0.000550617813133, -0.000181551848073, -0.00115713162813, 0.00055978121236, -0.00160142197274, 0.00534429308027, -0.00510263675824, 0.00437995418906, -0.00479194195941, 0.00414765859023, -0.0104367826134, 0.0190429966897]]
    },
    "melbands": {
        "dmean": [0.00057234603446, 0.00077168509597, 0.000756739347707, 0.000195987871848, 5.2514635172e-05, 3.46533706761e-05, 3.49966321664e-05, 9.52304690145e-05, 6.38315250399e-05, 0.000155240661115, 3.32271119987e-05, 1.54699755512e-05, 5.66143535252e-05, 2.53484886343e-05, 1.75237273652e-05, 4.8133009841e-05, 6.81414257997e-06, 2.967683713e-06, 4.36716163676e-07, 4.31479605822e-07, 5.08721655024e-07, 1.25675501295e-06, 2.89971325174e-07, 8.24039645408e-08, 8.73520988875e-08, 3.25207622609e-07, 2.97064246979e-07, 3.84263216802e-08, 7.75570718758e-09, 9.36461574952e-09, 6.53306386766e-09, 7.26117121985e-09, 1.33075239717e-08, 9.05989416822e-09, 5.15846920734e-09, 5.80652903537e-09, 4.40701031224e-09, 5.61479485128e-09, 2.50884357733e-09, 4.2945016987e-10],
        "dmean2": [0.00091701495694, 0.0012019565329, 0.0012994306162, 0.000316275371006, 8.2999758888e-05, 5.04505696881e-05, 5.37707383046e-05, 0.000136227623443, 8.82927997736e-05, 0.000187505298527, 4.29727479059e-05, 2.19452540478e-05, 7.39772149245e-05, 3.39354483003e-05, 2.53477010119e-05, 6.94444024703e-05, 9.64163064054e-06, 4.1718662942e-06, 6.59398779135e-07, 6.27474491921e-07, 7.78930655088e-07, 1.94414906218e-06, 4.10207348978e-07, 1.20418704341e-07, 1.30552862743e-07, 4.53678126178e-07, 4.48988402013e-07, 5.92725939441e-08, 1.23157848364e-08, 1.38517872728e-08, 9.78391145878e-09, 1.15960903102e-08, 2.08797903412e-08, 1.43505518579e-08, 8.28167312505e-09, 8.21985501887e-09, 6.61801502488e-09, 8.94116247707e-09, 3.9048564382e-09, 6.77666700533e-10],
        "dvar": [3.09758002004e-06, 3.79090738534e-06, 3.4412896639e-06, 1.74758341132e-07, 1.66817226699e-08, 9.11912856338e-09, 1.34835165255e-08, 1.52731089997e-07, 5.55280337267e-08, 2.79653647794e-07, 1.58022981367e-08, 4.21568602249e-09, 2.8567125554e-08, 6.88239509827e-09, 6.03845240477e-09, 2.59348009735e-08, 1.92508475827e-09, 2.38367103833e-10, 2.45516931438e-12, 4.33338738157e-12, 2.2776433517e-12, 1.60044130726e-11, 1.75469762418e-12, 1.50097395992e-13, 9.10978107185e-14, 1.78489048628e-12, 1.39799749468e-12, 2.81806709587e-14, 9.06944117009e-16, 2.77060792454e-15, 1.39319873285e-15, 1.75929653705e-15, 6.25872729429e-15, 1.37466501669e-15, 1.11162581706e-15, 1.06040245249e-15, 4.47232813815e-16, 2.93317848165e-16, 9.85181373974e-17, 4.54256076833e-18],
        "dvar2": [7.40054838388e-06, 8.68182269187e-06, 1.06418865471e-05, 4.31267807244e-07, 4.34325180265e-08, 1.84629485034e-08, 3.12676036174e-08, 3.09625733053e-07, 1.1072439321e-07, 3.83353977895e-07, 1.99223020303e-08, 7.75129116448e-09, 4.97771459607e-08, 1.23850245615e-08, 1.2583067921e-08, 5.56032695442e-08, 3.66634189675e-09, 4.60712579198e-10, 6.03129221913e-12, 9.21140594357e-12, 5.51149967679e-12, 3.89220357333e-11, 2.90903217313e-12, 3.10090657579e-13, 2.03316855539e-13, 2.78223234382e-12, 2.58519703041e-12, 6.89968983098e-14, 2.22396293005e-15, 4.30623037703e-15, 3.44690486413e-15, 4.48343432828e-15, 1.51538226141e-14, 2.88041092307e-15, 2.30933199267e-15, 2.0463437209e-15, 7.70470697943e-16, 5.96359687503e-16, 2.15525084974e-16, 1.07825234506e-17],
        "max": [0.0279842428863, 0.0359030067921, 0.0276639889926, 0.0073158419691, 0.00325654633343, 0.00222529470921, 0.00341698038392, 0.0107931215316, 0.00738454610109, 0.0217131972313, 0.00485656736419, 0.00204610009678, 0.00320183858275, 0.00253605283797, 0.00323696970008, 0.00414470862597, 0.00196539098397, 0.000561881461181, 3.78280528821e-05, 8.06740790722e-05, 3.46374908986e-05, 8.79644285305e-05, 4.12950357713e-05, 1.46534875967e-05, 9.24792584556e-06, 5.10765021318e-05, 4.16589427914e-05, 5.24436563865e-06, 1.2109275076e-06, 2.96302050629e-06, 1.35298785153e-06, 2.14349165617e-06, 3.65665573554e-06, 1.40323379583e-06, 1.34368303861e-06, 1.59703608915e-06, 9.82866822596e-07, 6.28907400824e-07, 4.04965305734e-07, 8.86336053441e-08],
        "mean": [0.00109438924119, 0.00196960195899, 0.00155566970352, 0.00049055198906, 0.000131328910356, 0.0001117845095, 9.33310948312e-05, 0.000268371077254, 0.000172147920239, 0.00085933477385, 0.000103089369077, 4.19172138209e-05, 0.000198783251108, 7.41760741221e-05, 4.62601201434e-05, 0.000181001378223, 1.38434816108e-05, 7.38820244806e-06, 1.06103846065e-06, 9.62056901699e-07, 1.58521788762e-06, 4.18850140704e-06, 8.33363003494e-07, 2.3761083412e-07, 2.5569340778e-07, 9.14686381748e-07, 8.93376125077e-07, 9.3476913321e-08, 1.92666735899e-08, 2.73953979502e-08, 1.68646892007e-08, 1.8137667368e-08, 3.54976634753e-08, 2.52338203666e-08, 1.20729151121e-08, 1.31909478895e-08, 9.68004432167e-09, 1.46306540216e-08, 5.9844653677e-09, 7.23840654082e-10],
        "median": [0.000241687725065, 0.00051427615108, 0.000310156552587, 0.000125363541883, 5.08444354637e-05, 1.61614043463e-05, 7.8222801676e-06, 6.23299001745e-06, 1.17600366139e-05, 3.83829092243e-06, 1.6373244307e-06, 6.79824154304e-07, 1.26908105358e-06, 8.97266772881e-07, 3.90308429132e-07, 3.5872733406e-07, 1.88081386909e-07, 1.16673085415e-07, 5.9368435501e-08, 4.70551704268e-08, 4.00302084813e-08, 7.16463830486e-08, 2.28930083779e-08, 7.96596388852e-09, 1.72044725133e-08, 8.55737525285e-08, 4.01555766416e-08, 2.62599808565e-09, 4.54342452549e-10, 3.60678237277e-10, 5.15645803834e-10, 7.23759108201e-10, 9.74813008092e-10, 1.02893260578e-09, 6.4503247188e-10, 9.26101584309e-10, 8.91384577262e-10, 7.79326492228e-10, 4.44126180277e-10, 6.87949211486e-11],
        "min": [1.47407881457e-08, 4.51663240142e-08, 6.16932211983e-08, 2.00543723849e-08, 7.32680471849e-10, 7.99695420994e-10, 2.24715607233e-10, 5.3901889896e-11, 3.62931698583e-11, 3.05948079371e-11, 3.77373549076e-11, 1.06429804206e-11, 4.89758927857e-12, 1.75993963326e-12, 1.72929227361e-12, 1.22284148953e-12, 1.27572518521e-12, 9.00009667487e-13, 4.09175541756e-13, 1.01206814197e-12, 7.86129624938e-13, 9.23419652375e-13, 1.25296615531e-12, 1.40786839652e-12, 9.92836672251e-13, 1.11862060413e-12, 1.60666911633e-12, 1.15088689447e-12, 7.43002935653e-13, 1.40046980089e-12, 1.06344663978e-12, 1.12825135519e-12, 1.28351029891e-12, 1.36398856619e-12, 1.07376260661e-12, 7.90344515094e-13, 1.04338011755e-12, 5.57148348724e-13, 7.74994705997e-13, 6.83753997432e-13],
        "var": [5.92571586822e-06, 1.46261882037e-05, 9.21457376535e-06, 6.51961215681e-07, 4.57162023793e-08, 4.83606292789e-08, 6.84444927401e-08, 7.642730111e-07, 2.72808250656e-07, 5.69396343053e-06, 1.03932570994e-07, 2.70624322951e-08, 2.52609282825e-07, 3.43117783075e-08, 1.97351486264e-08, 2.67227846962e-07, 4.86606621664e-09, 9.31078714128e-10, 7.39797199195e-12, 1.6005891057e-11, 1.57477850204e-11, 1.3866550963e-10, 1.23687015491e-11, 8.58876175475e-13, 4.7354383869e-13, 1.13846536365e-11, 8.72737559304e-12, 7.60936723788e-14, 3.40175440815e-15, 1.42175276408e-14, 5.90740301525e-15, 8.62491722058e-15, 1.61526777468e-14, 5.15336242714e-15, 3.08290981922e-15, 2.937379818e-15, 1.21489130943e-15, 1.18097314561e-15, 2.59054756643e-16, 7.19383179588e-18]
    },
    "mfcc": {
        "mean": [-871.794494629, 190.603118896, 46.7073478699, 26.082824707, 16.6607913971, 10.397274971, 16.4089336395, 14.1170043945, -6.65138578415, 5.25878953934, 1.07137477398, -2.04437208176, 0.906917393208],
        "cov": [[16666.2460938, 3935.34277344, -6109.26708984, -3929.03125, -2200.5625, -1292.01843262, -330.568054199, 401.9034729, -1112.31359863, 460.597839355, 367.339691162, 295.192932129, 227.178497314], [3935.34277344, 2467.05859375, -725.912109375, -862.730712891, -639.293884277, -572.137878418, 22.8537425995, 24.1995067596, -348.896697998, 103.937110901, 119.526496887, 20.4630908966, 223.38269043], [-6109.26708984, -725.912109375, 3083.86816406, 1693.56005859, 728.421691895, 489.306732178, 182.079025269, -145.320785522, 395.982391357, -220.68208313, -165.087524414, -96.9565658569, -41.5151901245], [-3929.03125, -862.730712891, 1693.56005859, 1368.16027832, 732.178771973, 307.666687012, 20.5812931061, -187.380554199, 225.880065918, -63.189365387, -112.369865417, -92.4523925781, -19.6800308228], [-2200.5625, -639.293884277, 728.421691895, 732.178771973, 653.047485352, 220.933731079, -53.6844482422, -135.271347046, 137.035949707, 9.06028175354, -75.4519882202, -78.9403152466, -46.3241462708], [-1292.01843262, -572.137878418, 489.306732178, 307.666687012, 220.933731079, 394.539794922, 51.1512680054, 45.043548584, 182.199417114, -95.4328613281, -53.3719367981, 20.8713607788, -89.0085601807], [-330.568054199, 22.8537425995, 182.079025269, 20.5812931061, -53.6844482422, 51.1512680054, 279.237762451, 128.843994141, 23.5813179016, -23.5184822083, 8.81937408447, 8.10708332062, -10.6981925964], [401.9034729, 24.1995067596, -145.320785522, -187.380554199, -135.271347046, 45.043548584, 128.843994141, 208.298538208, 26.7167110443, -39.423740387, 18.3914642334, 32.0892524719, -24.1789188385], [-1112.31359863, -348.896697998, 395.982391357, 225.880065918, 137.035949707, 182.199417114, 23.5813179016, 26.7167110443, 189.773757935, -45.8574485779, -34.1522331238, 13.4434261322, -39.8812294006], [460.597839355, 103.937110901, -220.68208313, -63.189365387, 9.06028175354, -95.4328613281, -23.5184822083, -39.423740387, -45.8574485779, 123.580833435, 39.1538734436, -5.46100282669, 20.9766902924], [367.339691162, 119.526496887, -165.087524414, -112.369865417, -75.4519882202, -53.3719367981, 8.81937408447, 18.3914642334, -34.1522331238, 39.1538734436, 89.5116271973, 35.5137557983, 13.1456203461], [295.192932129, 20.4630908966, -96.9565658569, -92.4523925781, -78.9403152466, 20.8713607788, 8.10708332062, 32.0892524719, 13.4434261322, -5.46100282669, 35.5137557983, 81.5971298218, 3.24664640427], [227.178497314, 223.38269043, -41.5151901245, -19.6800308228, -46.3241462708, -89.0085601807, -10.6981925964, -24.1789188385, -39.8812294006, 20.9766902924, 13.1456203461, 3.24664640427, 96.5790557861]],
