{
"lowlevel": {
    "average_loudness": 0.945265769958,
    "barkbands_crest": {
        "dmean": 2.21280193329,
        "dmean2": 3.64221000671,
        "dvar": 5.45105314255,
        "dvar2": 13.809419632,
        "max": 22.8327198029,
        "mean": 8.24766159058,
        "median": 7.62604522705,
        "min": 2.32659077644,
        "var": 10.6254205704
    },
    "barkbands_flatness_db": {
        "dmean": 0.0172978807241,
        "dmean2": 0.0255429185927,
        "dvar": 0.000300101703033,
        "dvar2": 0.000651793205179,
        "max": 0.318156450987,
        "mean": 0.112751543522,
        "median": 0.104203559458,
        "min": 0.0243303645402,
        "var": 0.0017678787699
    },
    "barkbands_kurtosis": {
        "dmean": 1.84364700317,
        "dmean2": 2.89067196846,
        "dvar": 14.4743623734,
        "dvar2": 33.5161399841,
        "max": 81.6093063354,
        "mean": 2.3213558197,
        "median": 0.518225669861,
        "min": -1.95035147667,
        "var": 37.5159378052
    },
    "barkbands_skewness": {
        "dmean": 0.433338522911,
        "dmean2": 0.667009830475,
        "dvar": 0.238354623318,
        "dvar2": 0.519571304321,
        "max": 7.74724626541,
        "mean": 1.29181790352,
        "median": 1.10474443436,
        "min": -1.79042744637,
        "var": 0.901623308659
    },
    "barkbands_spread": {
        "dmean": 6.42134523392,
        "dmean2": 9.59645557404,
        "dvar": 83.5531387329,
        "dvar2": 152.831420898,
        "max": 115.169113159,
        "mean": 28.2922706604,
        "median": 24.519618988,
        "min": 1.54956865311,
        "var": 309.886169434
    },
    "dissonance": {
        "dmean": 0.0151415877044,
        "dmean2": 0.0252520423383,
        "dvar": 0.000264928210527,
        "dvar2": 0.000695441383868,
        "max": 0.499996930361,
        "mean": 0.466984659433,
        "median": 0.473484426737,
        "min": 0.296155750751,
        "var": 0.00062125682598
    },
    "dynamic_complexity": 2.26465439796,
    "erbbands_crest": {
        "dmean": 2.49125766754,
        "dmean2": 3.96686911583,
        "dvar": 5.818338871,
        "dvar2": 13.9190778732,
        "max": 31.7565898895,
        "mean": 8.55952167511,
        "median": 7.44327306747,
        "min": 2.54948878288,
        "var": 16.5244026184
    },
    "erbbands_flatness_db": {
        "dmean": 0.0166691783816,
        "dmean2": 0.0232442747802,
        "dvar": 0.000274250603979,
        "dvar2": 0.000522996822838,
        "max": 0.256053686142,
        "mean": 0.141971811652,
        "median": 0.141817718744,
        "min": 0.0515205673873,
        "var": 0.00122550234664
    },
    "erbbands_kurtosis": {
        "dmean": 0.759967327118,
        "dmean2": 1.18022453785,
        "dvar": 1.63529109955,
        "dvar2": 4.09190130234,
        "max": 22.5866794586,
        "mean": 0.342367351055,
        "median": -0.201996922493,
        "min": -1.66887545586,
        "var": 3.59430837631
    },
    "erbbands_skewness": {
        "dmean": 0.337488681078,
        "dmean2": 0.502524256706,
        "dvar": 0.115935005248,
        "dvar2": 0.234122037888,
        "max": 2.81205272675,
        "mean": -0.0509977675974,
        "median": -0.061072897166,
        "min": -3.62978482246,
        "var": 0.538030385971
    },
    "erbbands_spread": {
        "dmean": 7.76488685608,
        "dmean2": 11.687833786,
        "dvar": 76.1490783691,
        "dvar2": 162.910217285,
        "max": 128.550643921,
        "mean": 39.6921157837,
        "median": 37.1134147644,
        "min": 5.98370504379,
        "var": 305.140563965
    },
    "hfc": {
        "dmean": 6.09970474243,
        "dmean2": 8.70301151276,
        "dvar": 66.9742355347,
        "dvar2": 125.974983215,
        "max": 106.823646545,
        "mean": 25.7512760162,
        "median": 22.2535018921,
        "min": 1.1692732648e-16,
        "var": 309.173980713
    },
    "melbands_crest": {
        "dmean": 2.83695840836,
        "dmean2": 4.64243936539,
        "dvar": 8.38800525665,
        "dvar2": 22.6925506592,
        "max": 30.2217521667,
        "mean": 12.5096740723,
        "median": 11.7638988495,
        "min": 1.64285600185,
        "var": 17.1094493866
    },
    "melbands_flatness_db": {
        "dmean": 0.0214446187019,
        "dmean2": 0.032296936959,
        "dvar": 0.000494465755764,
        "dvar2": 0.00103602465242,
        "max": 0.433819264174,
        "mean": 0.187406271696,
        "median": 0.178553640842,
        "min": 0.00570230744779,
        "var": 0.0029562599957
    },
    "melbands_kurtosis": {
        "dmean": 5.09943628311,
        "dmean2": 7.94189167023,
        "dvar": 85.9457626343,
        "dvar2": 198.83265686,
        "max": 194.901168823,
        "mean": 10.5645122528,
        "median": 5.96212244034,
        "min": -1.72031116486,
        "var": 228.659317017
    },
    "melbands_skewness": {
        "dmean": 0.60109603405,
        "dmean2": 0.925062060356,
        "dvar": 0.474893778563,
        "dvar2": 1.07609701157,
        "max": 10.0352926254,
        "mean": 2.53163838387,
        "median": 2.31819534302,
        "min": -0.131373599172,
        "var": 1.84843039513
    },
    "melbands_spread": {
        "dmean": 7.09404993057,
        "dmean2": 10.9334287643,
        "dvar": 80.6130142212,
        "dvar2": 168.482666016,
        "max": 129.968551636,
        "mean": 26.7060165405,
        "median": 24.6150360107,
        "min": 1.16012656689,
        "var": 242.782028198
    },
    "pitch_salience": {
        "dmean": 0.062088701874,
        "dmean2": 0.100956313312,
        "dvar": 0.00311056594364,
        "dvar2": 0.00848701223731,
        "max": 0.799956023693,
        "mean": 0.568293988705,
        "median": 0.57074379921,
        "min": 0.28894469142,
        "var": 0.00855134427547
    },
    "silence_rate_20dB": {
        "dmean": 0,
        "dmean2": 0,
        "dvar": 0,
        "dvar2": 0,
        "max": 1,
        "mean": 1,
        "median": 1,
        "min": 1,
        "var": 0
    },
    "silence_rate_30dB": {
        "dmean": 0,
        "dmean2": 0,
        "dvar": 0,
        "dvar2": 0,
        "max": 1,
        "mean": 1,
        "median": 1,
        "min": 1,
        "var": 0
    },
    "silence_rate_60dB": {
        "dmean": 0.00154619244859,
        "dmean2": 0.00309358071536,
        "dvar": 0.00154379522428,
        "dvar2": 0.00385737256147,
        "max": 1,
        "mean": 0.0139103550464,
        "median": 0,
        "min": 0,
        "var": 0.0137169510126
    },
    "spectral_centroid": {
        "dmean": 238.313491821,
        "dmean2": 359.143341064,
        "dvar": 137261.15625,
        "dvar2": 199308.359375,
        "max": 11117.2558594,
        "mean": 1370.4230957,
        "median": 1297.21020508,
        "min": 244.572921753,
        "var": 383012.8125
    },
    "spectral_complexity": {
        "dmean": 3.59644365311,
        "dmean2": 5.41299295425,
        "dvar": 12.8197555542,
        "dvar2": 24.3815593719,
        "max": 53,
        "mean": 23.1931991577,
        "median": 23,
        "min": 0,
        "var": 107.546051025
    },
    "spectral_decrease": {
        "dmean": 1.98949234864e-09,
        "dmean2": 3.17471515743e-09,
        "dvar": 7.49800016918e-18,
        "dvar2": 1.91665821211e-17,
        "max": 2.62951307908e-29,
        "mean": -7.66058771973e-09,
        "median": -6.92405155434e-09,
        "min": -2.53546748041e-08,
        "var": 1.61299690052e-17
    },
    "spectral_energy": {
        "dmean": 0.00777912465855,
        "dmean2": 0.0123423198238,
        "dvar": 0.000111710200144,
        "dvar2": 0.000283791770926,
        "max": 0.0979917794466,
        "mean": 0.0312485489994,
        "median": 0.0282214768231,
        "min": 1.05721243232e-20,
        "var": 0.000257794745266
    },
    "spectral_energyband_high": {
        "dmean": 0.000465325749246,
        "dmean2": 0.000649897032417,
        "dvar": 7.90843614595e-07,
        "dvar2": 1.3691485492e-06,
        "max": 0.0105954175815,
        "mean": 0.00106683000922,
        "median": 0.000543938134797,
        "min": 7.54460208379e-21,
        "var": 2.65273797595e-06
    },
    "spectral_energyband_low": {
        "dmean": 0.00464214244857,
        "dmean2": 0.00770877674222,
        "dvar": 7.53829081077e-05,
        "dvar2": 0.000199284419068,
        "max": 0.0755195766687,
        "mean": 0.0104315858334,
        "median": 0.008849427104,
        "min": 3.3539904444e-23,
        "var": 7.20936222933e-05
    },
    "spectral_energyband_middle_high": {
        "dmean": 0.00188751111273,
        "dmean2": 0.0027761508245,
        "dvar": 6.00714383836e-06,
        "dvar2": 1.24256521303e-05,
        "max": 0.0377154424787,
        "mean": 0.00707448925823,
        "median": 0.00553893204778,
        "min": 1.72329590473e-21,
        "var": 3.6205186916e-05
    },
    "spectral_energyband_middle_low": {
        "dmean": 0.00500282412395,
        "dmean2": 0.00780660100281,
        "dvar": 5.42852467333e-05,
        "dvar2": 0.00013582604879,
        "max": 0.0719357505441,
        "mean": 0.0138058345765,
        "median": 0.0114447697997,
        "min": 2.48838006264e-22,
        "var": 0.000108378953882
    },
    "spectral_entropy": {
        "dmean": 0.162878319621,
        "dmean2": 0.222240522504,
        "dvar": 0.0335884056985,
        "dvar2": 0.0576445348561,
        "max": 9.80075645447,
        "mean": 7.65278577805,
        "median": 7.67067050934,
        "min": 6.36364078522,
        "var": 0.157914593816
    },
    "spectral_flux": {
        "dmean": 0.0246022343636,
        "dmean2": 0.0376110523939,
        "dvar": 0.000696248840541,
        "dvar2": 0.00147298339289,
        "max": 0.255699008703,
        "mean": 0.087045930326,
        "median": 0.0794540941715,
        "min": 1.03791766848e-10,
        "var": 0.00186298007611
    },
    "spectral_kurtosis": {
        "dmean": 1.39622199535,
        "dmean2": 2.23356389999,
        "dvar": 2.4863421917,
        "dvar2": 6.46739053726,
        "max": 26.8249130249,
        "mean": 4.22515106201,
        "median": 3.91910338402,
        "min": -1.27756023407,
        "var": 6.9317688942
    },
    "spectral_rms": {
        "dmean": 0.000654894916806,
        "dmean2": 0.00101841718424,
        "dvar": 6.52311200611e-07,
        "dvar2": 1.58171849307e-06,
        "max": 0.0097776139155,
        "mean": 0.00532417930663,
        "median": 0.00524720363319,
        "min": 3.21158334302e-12,
        "var": 2.1394862415e-06
    },
    "spectral_rolloff": {
        "dmean": 561.088562012,
        "dmean2": 930.924804688,
        "dvar": 1412120.375,
        "dvar2": 2672684.5,
        "max": 19121.484375,
        "mean": 1733.53186035,
        "median": 1485.79101562,
        "min": 107.666015625,
        "var": 3108564.75
    },
    "spectral_skewness": {
        "dmean": 0.205887287855,
        "dmean2": 0.31782284379,
        "dvar": 0.0456392690539,
        "dvar2": 0.0992489829659,
        "max": 3.40222239494,
        "mean": 1.5314552784,
        "median": 1.53093147278,
        "min": -0.0860884487629,
        "var": 0.20018568635
    },
    "spectral_spread": {
        "dmean": 663397.5,
        "dmean2": 879254.0625,
        "dvar": 1.49921123533e+12,
        "dvar2": 1.78637727334e+12,
        "max": 41654572,
        "mean": 4771093.5,
        "median": 4227946,
        "min": 2032149.375,
        "var": 4.33463807181e+12
    },
    "spectral_strongpeak": {
        "dmean": 0.537071943283,
        "dmean2": 0.932081699371,
        "dvar": 0.774153411388,
        "dvar2": 1.98007416725,
        "max": 7.32636117935,
        "mean": 0.780596613884,
        "median": 0.375724315643,
        "min": 0,
        "var": 1.00397753716
    },
    "zerocrossingrate": {
        "dmean": 0.0110649401322,
        "dmean2": 0.0125748468563,
        "dvar": 0.000326251902152,
        "dvar2": 0.000343222636729,
        "max": 0.50439453125,
        "mean": 0.0636697635055,
        "median": 0.0556640625,
        "min": 0.00927734375,
        "var": 0.00158004567493
    },
    "barkbands": {
        "dmean": [0.00047124948469, 0.00323948892765, 0.00154442037456, 0.00107975141145, 0.0030526954215, 0.000882623833604, 0.000879576022271, 0.000863566354383, 0.000741497322451, 0.000644032144919, 0.0004314747639, 0.000396042712964, 0.000319100945489, 0.000478507805383, 0.000535252620466, 0.000408537918702, 0.000315838871757, 0.000185735014384, 0.000166340032592, 9.65723593254e-05, 7.88136312622e-05, 8.08533659438e-05, 0.000140166041092, 0.000139644704177, 6.70803710818e-05, 3.78220938728e-05, 3.81924746762e-06],
        "dmean2": [0.000830747245345, 0.00545942829922, 0.0026122732088, 0.00169431918766, 0.00499156024307, 0.00141472904943, 0.00137163244653, 0.00132669101004, 0.00118757749442, 0.000999775948003, 0.00068394606933, 0.000606931804214, 0.000500954629388, 0.000785791606177, 0.000851964810863, 0.000643994193524, 0.000505458388943, 0.000295648729661, 0.00026006999542, 0.000155330955749, 0.000125722450321, 0.000124020210933, 0.000193077255972, 0.00018944342446, 0.000101759651443, 5.6244807638e-05, 5.84518647884e-06],
        "dvar": [1.3403741832e-06, 4.24561440013e-05, 6.93914807925e-06, 2.1554126306e-06, 3.963393101e-05, 3.10639461532e-06, 2.55625536738e-06, 3.29116619469e-06, 2.83043800664e-06, 2.8499275686e-06, 1.52857137437e-06, 9.38208245316e-07, 4.04161653478e-07, 6.113924087e-07, 6.42489339953e-07, 4.2513607923e-07, 5.85103066442e-07, 7.25182829342e-08, 6.76649634102e-08, 1.82826607187e-08, 1.44651126632e-08, 2.10834798509e-08, 9.13114277523e-08, 1.62964070682e-07, 4.31594351369e-08, 1.09565663209e-08, 1.10654020669e-10],
        "dvar2": [3.77594733436e-06, 0.000111707100587, 2.01614602702e-05, 5.04517765876e-06, 0.00010214404756, 7.17237207937e-06, 5.7341280808e-06, 7.08890638634e-06, 7.19603485777e-06, 6.62614957037e-06, 3.53899986294e-06, 2.11355245483e-06, 8.99006806776e-07, 1.5488445797e-06, 1.52726295255e-06, 1.06394077193e-06, 1.66178051586e-06, 1.77314248617e-07, 1.58588505883e-07, 4.4685201317e-08, 3.36301297921e-08, 4.31073239326e-08, 1.51857591391e-07, 2.93128664453e-07, 1.03846069521e-07, 2.39908182209e-08, 2.57559390482e-10],
        "max": [0.0120543232188, 0.0641800612211, 0.0304143950343, 0.0176146365702, 0.0633862912655, 0.0339729785919, 0.0199435763061, 0.0347566045821, 0.0241387877613, 0.0275808796287, 0.0317927338183, 0.0191645678133, 0.0205119978637, 0.0133793577552, 0.0130752511322, 0.00949684530497, 0.0185747463256, 0.00439627934247, 0.00538195623085, 0.00205517746508, 0.00167564291041, 0.00351732294075, 0.0044201486744, 0.0062618474476, 0.00376917584799, 0.00165518792346, 0.000181337512913],
        "mean": [0.000513569626492, 0.00617655413225, 0.00290093873627, 0.00215148483403, 0.00512185925618, 0.00177746207919, 0.00167146662716, 0.00144667155109, 0.00105714483652, 0.00103633548133, 0.000674789596815, 0.000736312242225, 0.000644325686153, 0.000867018650752, 0.00104482914321, 0.000825705181342, 0.000642611819785, 0.000402668432798, 0.000362910650438, 0.000208847035537, 0.000160914554726, 0.000153445522301, 0.000273603945971, 0.000246083829552, 9.53666240093e-05, 5.13763261552e-05, 4.27090344601e-06],
        "median": [0.000279006082565, 0.00500786118209, 0.00222201924771, 0.00150764384307, 0.00330903171562, 0.000811723119114, 0.000659588607959, 0.000664419610985, 0.000306664092932, 0.000295143690892, 0.000184047486982, 0.000287956936518, 0.000315738085192, 0.00044515717309, 0.000652616319712, 0.000497585046105, 0.00040042353794, 0.000252171506872, 0.000235394472838, 0.000137267445098, 9.01370658539e-05, 8.8841363322e-05, 8.63072200445e-05, 5.95654855715e-05, 2.54219448834e-05, 9.94974107016e-06, 4.74152898278e-07],
        "min": [9.43974388356e-24, 6.70877132742e-24, 6.95696590087e-24, 2.30534612572e-23, 2.82793823421e-23, 3.94855837965e-23, 1.25812443879e-23, 1.67683808111e-23, 4.21945163678e-23, 7.34651141121e-23, 4.91364102922e-23, 1.49575584917e-23, 1.07297099039e-22, 1.2881868866e-22, 1.2699870451e-22, 1.124923855e-22, 1.74162703793e-22, 1.48984560861e-22, 3.28140362908e-22, 2.41975799913e-22, 4.83871426314e-22, 4.75608657379e-22, 6.25496470287e-22, 6.8236236061e-22, 8.60525624177e-22, 1.72032524389e-21, 2.2288605768e-21],
        "var": [9.45338854308e-07, 3.73930342903e-05, 7.02614079273e-06, 4.80925564261e-06, 4.29921346949e-05, 6.60983232592e-06, 6.88075533617e-06, 6.12595840721e-06, 4.27893746746e-06, 6.30949398328e-06, 3.00635906569e-06, 2.08623896469e-06, 9.17766101338e-07, 1.32737432068e-06, 1.64808977843e-06, 9.54299252953e-07, 7.45412705783e-07, 2.04601320775e-07, 1.78484157232e-07, 4.97233259011e-08, 3.67628025799e-08, 5.42167484241e-08, 3.22312189383e-07, 4.53548125279e-07, 5.85279309462e-08, 1.69318479237e-08, 1.40930267456e-10]
    },
    "erbbands": {
        "dmean": [0.118408098817, 0.702556908131, 1.76241517067, 2.37126374245, 6.52304410934, 13.8882169724, 8.91576766968, 6.97627401352, 10.3503761292, 18.1958522797, 16.1911563873, 16.8311920166, 21.7859573364, 15.0311336517, 15.0430002213, 16.7523841858, 14.3977899551, 23.0102214813, 26.6054916382, 25.7535991669, 18.895357132, 13.8632917404, 10.8294181824, 8.14559459686, 7.91879844666, 4.62356853485, 3.36260175705, 2.96822690964, 2.92178893089, 3.30664467812, 4.32303667068, 3.60944032669, 1.96846401691, 0.852009236813, 0.437492251396, 0.207615062594, 0.0634296908975, 0.0113942185417, 0.000411744840676, 1.65462406585e-05],
        "dmean2": [0.201123252511, 1.19659388065, 2.99629545212, 3.82800912857, 10.7156896591, 22.8349189758, 14.5203304291, 11.1284255981, 15.8578662872, 28.1122875214, 24.9385814667, 26.5197124481, 33.4806175232, 22.5867290497, 22.7566623688, 25.8315181732, 22.6765537262, 37.0560150146, 41.9435157776, 41.1620025635, 30.0248508453, 21.9327087402, 16.9617671967, 12.5511112213, 12.6258516312, 7.46390581131, 5.39458227158, 4.6982049942, 4.50991439819, 4.7614159584, 6.05683135986, 5.05061912537, 2.78784132004, 1.2909604311, 0.672186970711, 0.313922166824, 0.0935304164886, 0.0165674891323, 0.000622345076408, 2.42661662924e-05],
        "dvar": [0.0766620114446, 1.67358148098, 8.5371723175, 10.2450523376, 88.1510467529, 1192.69274902, 230.662689209, 272.122436523, 436.290405273, 1288.77661133, 1600.40710449, 1410.68896484, 4254.62060547, 1475.63183594, 1205.82922363, 2085.16674805, 778.064147949, 1386.84777832, 1847.14013672, 1777.67431641, 1541.01135254, 841.976318359, 241.323608398, 160.46862793, 146.620574951, 41.5468940735, 22.9182415009, 25.7401847839, 29.4075450897, 41.9339904785, 92.6560058594, 103.746932983, 39.2086448669, 6.1306810379, 2.67629981041, 0.404440611601, 0.0310353767127, 0.000853470701259, 1.29621957967e-06, 7.96176291562e-10],
        "dvar2": [0.201914355159, 4.57616901398, 24.5670337677, 26.763048172, 223.786056519, 3079.08959961, 588.567321777, 627.1953125, 943.831787109, 3148.98876953, 3682.26757812, 3505.01904297, 9744.88378906, 3142.40283203, 2711.046875, 4764.49755859, 1773.63378906, 3372.11206055, 4568.62890625, 4398.38378906, 4260.15917969, 2305.47607422, 587.513366699, 368.247070312, 348.849609375, 101.996643066, 54.2076034546, 59.6164932251, 64.4401855469, 74.5846710205, 167.5496521, 191.571578979, 78.4104537964, 14.2455043793, 6.70099210739, 0.903638005257, 0.0713805183768, 0.00191295228433, 2.98631402984e-06, 1.75493874988e-09],
        "max": [2.57088661194, 11.6846570969, 32.2637710571, 34.2884864807, 103.020896912, 347.002319336, 249.981536865, 413.877319336, 315.137664795, 573.199707031, 963.254211426, 552.683227539, 1411.14306641, 942.954162598, 857.314880371, 982.36114502, 872.858154297, 679.339538574, 722.738098145, 915.784729004, 698.49230957, 583.639160156, 264.918243408, 329.150665283, 220.347763062, 94.4427337646, 50.1078910828, 71.5788116455, 153.420211792, 131.252334595, 154.651611328, 154.651199341, 109.049942017, 40.6244354248, 37.1437721252, 10.7565021515, 2.86389827728, 0.382754713297, 0.0180575586855, 0.000475767068565],
        "mean": [0.176858067513, 1.34078979492, 3.59140896797, 5.23055648804, 11.5045061111, 18.6912574768, 18.2673168182, 13.2479953766, 20.1284427643, 34.4137191772, 26.5828094482, 25.5949459076, 36.3374481201, 25.1671695709, 26.8962364197, 33.5316810608, 31.372177124, 47.0980834961, 52.3725357056, 50.4983253479, 42.7578010559, 32.139415741, 25.2346229553, 18.1803398132, 17.2231044769, 10.2736177444, 7.12231779099, 5.61474132538, 5.34093618393, 6.53287410736, 8.08309841156, 6.5664024353, 3.16651892662, 1.21753966808, 0.607361733913, 0.281962454319, 0.082996532321, 0.0144488913938, 0.000497341970913, 5.08248958795e-05],
        "median": [0.111806482077, 1.12634384632, 2.95810174942, 4.04868936539, 7.85349559784, 9.16617488861, 8.75308227539, 5.87323951721, 8.86785507202, 15.5092144012, 11.3767795563, 8.68227958679, 10.2992324829, 8.56003665924, 10.3591165543, 13.6507854462, 17.2940864563, 27.0174636841, 31.9755325317, 32.4185028076, 26.1923675537, 20.1227722168, 16.9590072632, 11.6316299438, 11.821767807, 6.7094836235, 4.05652284622, 3.1155257225, 2.97407531738, 2.86997675896, 2.48453807831, 1.57331228256, 0.841864705086, 0.355278193951, 0.133480757475, 0.0559449568391, 0.0165249332786, 0.00247931759804, 8.22795409476e-05, 4.12193985539e-05],
        "min": [4.34913986473e-22, 1.10585747819e-21, 6.40072236824e-21, 4.01952359734e-20, 1.13106350515e-19, 1.04549380336e-19, 1.51896726847e-19, 3.38505390166e-19, 2.00086240157e-19, 2.43747430751e-19, 4.97652329232e-19, 1.00867272434e-18, 2.39484772599e-18, 1.1762485563e-18, 3.36735342562e-18, 1.18513867994e-18, 5.33654703649e-18, 4.79525617366e-18, 7.85116658607e-18, 6.41670264142e-18, 6.51074232372e-18, 9.57025552129e-18, 9.37799227716e-18, 1.27569812389e-17, 1.60964698448e-17, 1.18890231037e-17, 1.2296055522e-17, 2.13939181217e-17, 1.48998885686e-17, 1.71413561227e-17, 1.81588296352e-17, 1.40399648387e-17, 1.2386219036e-17, 1.05232875281e-17, 5.86470475274e-18, 5.63523202951e-18, 3.3068501269e-18, 1.22876635679e-18, 2.80014156582e-19, 3.49435115007e-20],
        "var": [0.0634502470493, 1.49933981895, 9.17453670502, 19.3033332825, 126.682777405, 1135.04418945, 556.872070312, 490.287567139, 1084.84191895, 3116.25878906, 2503.38623047, 2243.3605957, 9701.57421875, 3041.7409668, 2969.45922852, 4510.18212891, 1858.26062012, 3428.03295898, 4398.83886719, 3832.95507812, 2638.67993164, 1544.1184082, 706.508483887, 445.197540283, 364.998199463, 118.338119507, 64.2882843018, 55.5948562622, 69.6201553345, 130.931274414, 301.148956299, 326.254547119, 75.7535934448, 8.58418464661, 3.24786353111, 0.624145269394, 0.0408925674856, 0.00120125990361, 1.68415010648e-06, 1.48534717859e-09]
    },
    "gfcc": {
        "mean": [27.816986084, 94.4476852417, -112.499237061, 39.7952461243, -47.5638046265, 20.7504634857, -44.2084121704, 8.93625164032, -18.0427494049, 2.76980543137, -15.5770711899, -1.33496809006, -14.8096761703],
        "cov": [[5206.52441406, -782.983703613, -504.281982422, -15.7529582977, -217.184066772, 46.472278595, -275.59185791, 9.64586257935, -175.846206665, 113.489204407, -130.078887939, 126.895393372, -64.0109710693], [-782.983703613, 1026.56469727, -365.982086182, -127.298706055, 122.378601074, -171.839538574, 142.557250977, -35.1403770447, 63.6068916321, -85.4945068359, 80.2721176147, -85.8984146118, 72.0408630371], [-504.281982422, -365.982086182, 612.979614258, 61.9937782288, -53.196269989, 123.832817078, -16.7795410156, 22.1787338257, 2.99045038223, 37.9414825439, -34.307472229, 23.1739006042, -55.1508750916], [-15.7529582977, -127.298706055, 61.9937782288, 319.988464355, 9.45278739929, -19.6831054688, -53.4256515503, -15.6454248428, 23.33735466, 7.28229999542, 52.6180953979, -18.6785030365, -4.24359989166], [-217.184066772, 122.378601074, -53.196269989, 9.45278739929, 193.500320435, -15.3897686005, 6.64069080353, -8.57303905487, -11.7913856506, 12.2988576889, -2.17786574364, -15.1549835205, 11.7990703583], [46.472278595, -171.839538574, 123.832817078, -19.6831054688, -15.3897686005, 182.262435913, 31.8840618134, 2.47000145912, -13.9779319763, -2.60286879539, -19.3947315216, 9.48310565948, -19.05859375], [-275.59185791, 142.557250977, -16.7795410156, -53.4256515503, 6.64069080353, 31.8840618134, 165.201171875, 7.27127504349, -17.8034133911, -4.78967952728, -8.95514678955, -7.99377965927, 15.8448896408], [9.64586257935, -35.1403770447, 22.1787338257, -15.6454248428, -8.57303905487, 2.47000145912, 7.27127504349, 94.0429000854, 34.354511261, -5.21154165268, -2.5906431675, -8.30633068085, -13.1792163849], [-175.846206665, 63.6068916321, 2.99045038223, 23.33735466, -11.7913856506, -13.9779319763, -17.8034133911, 34.354511261, 97.7567214966, -2.11646604538, 24.7990512848, -18.260925293, -12.7092761993], [113.489204407, -85.4945068359, 37.9414825439, 7.28229999542, 12.2988576889, -2.60286879539, -4.78967952728, -5.21154165268, -2.11646604538, 78.1709060669, -0.890824019909, 8.13067626953, -2.03192615509], [-130.078887939, 80.2721176147, -34.307472229, 52.6180953979, -2.17786574364, -19.3947315216, -8.95514678955, -2.5906431675, 24.7990512848, -0.890824019909, 82.3103866577, 3.71291589737, 0.923697113991], [126.895393372, -85.8984146118, 23.1739006042, -18.6785030365, -15.1549835205, 9.48310565948, -7.99377965927, -8.30633068085, -18.260925293, 8.13067626953, 3.71291589737, 69.1270370483, 12.6963768005], [-64.0109710693, 72.0408630371, -55.1508750916, -4.24359989166, 11.7990703583, -19.05859375, 15.8448896408, -13.1792163849, -12.7092761993, -2.03192615509, 0.923697113991, 12.6963768005, 67.496131897]],
        "icov": [[0.000467275385745, -0.000185655328096, 0.000833836034872, -0.000437211274402, 0.000793819373939, -0.000668713008054, 0.0010265695164, -0.000773716368712, 0.00110625487287, -0.00121075380594, 0.0011853822507, -0.000992216868326, 0.000917759374715], [-0.000185655328096, 0.00428386265412, 9.79743526841e-06, 0.0026832986623, -0.00250516575761, 0.00352392415516, -0.00389944226481, 0.00352518539876, -0.00372936506756, 0.00449890876189, -0.00473425257951, 0.00459874467924, -0.00290202326141], [0.000833836034872, 9.79743526841e-06, 0.00385114806704, -0.00133666535839, 0.00169461022597, -0.00226966151968, 0.00163396610878, -0.00157468288671, 0.00151755008847, -0.00289032189175, 0.0029953722842, -0.00242778938264, 0.00282931211405], [-0.000437211274402, 0.0026832986623, -0.00133666535839, 0.00598687725142, -0.00229247356765, 0.0028272443451, -0.00187868054491, 0.00337715330534, -0.00304189161398, 0.00344969658181, -0.00643108086661, 0.00519773364067, -0.0030535152182], [0.000793819373939, -0.00250516575761, 0.00169461022597, -0.00229247356765, 0.00809274800122, -0.00277393171564, 0.0034953490831, -0.00295526254922, 0.00440198229626, -0.0053767291829, 0.00441656867042, -0.00238651270047, 0.0021271458827], [-0.000668713008054, 0.00352392415516, -0.00226966151968, 0.0028272443451, -0.00277393171564, 0.0104999411851, -0.00567348534241, 0.00392773980275, -0.0036325706169, 0.00577621581033, -0.00433538015932, 0.00380278285593, -0.00168973975815], [0.0010265695164, -0.00389944226481, 0.00163396610878, -0.00187868054491, 0.0034953490831, -0.00567348534241, 0.0123560847715, -0.00541971996427, 0.00663222325966, -0.00605074921623, 0.00531564699486, -0.00362597964704, 0.00185665511526], [-0.000773716368712, 0.00352518539876, -0.00157468288671, 0.00337715330534, -0.00295526254922, 0.00392773980275, -0.00541971996427, 0.0168051030487, -0.00931714568287, 0.00596429826692, -0.00401524361223, 0.00483429897577, -0.00182058522478], [0.00110625487287, -0.00372936506756, 0.00151755008847, -0.00304189161398, 0.00440198229626, -0.0036325706169, 0.00663222325966, -0.00931714568287, 0.0194894149899, -0.00629198225215, 0.00174650060944, -0.00195922981948, 0.00473194010556], [-0.00121075380594, 0.00449890876189, -0.00289032189175, 0.00344969658181, -0.0053767291829, 0.00577621581033, -0.00605074921623, 0.00596429826692, -0.00629198225215, 0.0207531470805, -0.00701166735962, 0.00482508633286, -0.00431059394032], [0.0011853822507, -0.00473425257951, 0.0029953722842, -0.00643108086661, 0.00441656867042, -0.00433538015932, 0.00531564699486, -0.00401524361223, 0.00174650060944, -0.00701166735962, 0.0233362335712, -0.0101567059755, 0.00590122165158], [-0.000992216868326, 0.00459874467924, -0.00242778938264, 0.00519773364067, -0.00238651270047, 0.00380278285593, -0.00362597964704, 0.00483429897577, -0.00195922981948, 0.00482508633286, -0.0101567059755, 0.0244322549552, -0.00890071224421], [0.000917759374715, -0.00290202326141, 0.00282931211405, -0.0030535152182, 0.0021271458827, -0.00168973975815, 0.00185665511526, -0.00182058522478, 0.00473194010556, -0.00431059394032, 0.00590122165158, -0.00890071224421, 0.0216177403927]]
    },
    "melbands": {
        "dmean": [0.000940965604968, 0.000905214634258, 0.000499615038279, 0.000724233686924, 0.000366964086425, 0.000160605151905, 0.000161190895597, 0.000199469839572, 0.000130992251798, 0.00010779954755, 0.000108851709228, 6.12602379988e-05, 5.6825010688e-05, 4.21276236011e-05, 3.94144917664e-05, 3.45348707924e-05, 4.76568893646e-05, 4.4375014113e-05, 3.4103224607e-05, 3.58565121132e-05, 2.2990798243e-05, 1.73747412191e-05, 1.37820288728e-05, 8.83746088221e-06, 7.10070207788e-06, 6.94843674864e-06, 4.65437551611e-06, 2.95913196169e-06, 2.2225790417e-06, 2.26693578043e-06, 1.6608188389e-06, 1.82480277999e-06, 1.57660713285e-06, 2.11137853512e-06, 2.68414760285e-06, 2.54399697042e-06, 2.28180783779e-06, 1.52568804879e-06, 1.06777633846e-06, 6.41939891466e-07],
        "dmean2": [0.00159501831513, 0.00153763161507, 0.000802083406597, 0.00118919403758, 0.000598143786192, 0.000254405313171, 0.000247550720815, 0.00030563827022, 0.000201951203053, 0.000171807580045, 0.000167853329913, 9.29228117457e-05, 8.77679849509e-05, 6.40850048512e-05, 6.21129074716e-05, 5.4738153267e-05, 7.69919133745e-05, 7.07449871697e-05, 5.45418151887e-05, 5.67298484384e-05, 3.74703195121e-05, 2.78535571852e-05, 2.1685838874e-05, 1.39986805152e-05, 1.10892251541e-05, 1.11268445835e-05, 7.43553164284e-06, 4.83209987578e-06, 3.60532249033e-06, 3.72117756342e-06, 2.63836841441e-06, 2.89255308417e-06, 2.42979854193e-06, 3.05058051708e-06, 3.92802849092e-06, 3.60035051017e-06, 3.26804411088e-06, 2.20912488658e-06, 1.6253928834e-06, 9.88937699731e-07],
        "dvar": [4.35813808508e-06, 2.31935473494e-06, 4.04334031145e-07, 2.57151418737e-06, 3.94091188127e-07, 1.26461245031e-07, 9.34898807259e-08, 1.46868927686e-07, 1.08549819799e-07, 6.04555765449e-08, 1.05654869742e-07, 2.4150155653e-08, 2.32862014116e-08, 1.05689714758e-08, 6.08996586493e-09, 5.93906879232e-09, 6.39577413253e-09, 5.53088685962e-09, 2.89790436092e-09, 3.19415249805e-09, 3.19051451925e-09, 1.64593128016e-09, 4.30708579913e-10, 1.80059550603e-10, 1.30444127722e-10, 1.45023562603e-10, 4.3790804316e-11, 1.72092409767e-11, 1.00467915237e-11, 1.32593718991e-11, 9.33303781481e-12, 1.17670821004e-11, 8.44881629936e-12, 1.96397204055e-11, 3.4962425316e-11, 4.17763462712e-11, 4.81351243586e-11, 2.71060882073e-11, 1.15390093314e-11, 3.66290244663e-12],
        "dvar2": [1.13652195068e-05, 6.59471152176e-06, 9.98042196443e-07, 6.6248639996e-06, 1.00820557236e-06, 2.9017243719e-07, 2.02398553029e-07, 3.56414858516e-07, 2.52987263138e-07, 1.55891996201e-07, 2.42402649064e-07, 5.24126448909e-08, 5.4842033137e-08, 2.31690595598e-08, 1.47033221154e-08, 1.2856356868e-08, 1.56969317544e-08, 1.42570195649e-08, 7.07412173284e-09, 7.72968444807e-09, 9.13831055271e-09, 4.57443993795e-09, 1.0975169662e-09, 4.45623871137e-10, 2.99621827349e-10, 3.52586571051e-10, 1.04816634539e-10, 4.30260445328e-11, 2.40617664682e-11, 3.25720388161e-11, 2.16044248463e-11, 2.74859232596e-11, 1.74791344593e-11, 3.61223169432e-11, 7.16641884724e-11, 7.63388241509e-11, 9.56558235399e-11, 5.61530266729e-11, 2.64239515685e-11, 8.9898496633e-12],
        "max": [0.0203451737761, 0.0155063858256, 0.00764342583716, 0.0153841096908, 0.00694126123562, 0.00807607546449, 0.0040906840004, 0.00571755738929, 0.00785103905946, 0.00388488848694, 0.00682055298239, 0.00361151248217, 0.00436419853941, 0.00191348744556, 0.00135821138974, 0.00275433668867, 0.00151559046935, 0.00136815162841, 0.000870534335263, 0.0009390534251, 0.00111569929868, 0.000870980613399, 0.000269773881882, 0.000262865622062, 0.000293826888083, 0.000274884223472, 0.000100215962448, 5.25009381818e-05, 3.31260234816e-05, 4.82341420138e-05, 5.07941076648e-05, 9.57719312282e-05, 5.75954181841e-05, 9.10706803552e-05, 9.60473407758e-05, 0.000108871652628, 0.000118539413961, 0.000102138219518, 6.48389250273e-05, 2.56552866631e-05],
        "mean": [0.00160967989359, 0.00191499700304, 0.00111114617903, 0.00109023391269, 0.000703862402588, 0.000306939793518, 0.000317731115501, 0.000368003122276, 0.000202990020625, 0.000160004274221, 0.000177451744094, 9.68609092524e-05, 9.26001157495e-05, 8.00319685368e-05, 7.7658907685e-05, 6.87504580128e-05, 8.95928751561e-05, 8.09425109765e-05, 6.67650529067e-05, 6.72890237183e-05, 4.71008788736e-05, 3.57176031685e-05, 2.74194208032e-05, 1.85564313142e-05, 1.40350739457e-05, 1.36586904773e-05, 9.94297806756e-06, 5.87197610002e-06, 4.38505821876e-06, 4.04849106417e-06, 2.9166828881e-06, 3.05833304992e-06, 2.88335968435e-06, 3.96206451114e-06, 4.72833426102e-06, 4.4470125431e-06, 3.87066393159e-06, 2.3534448701e-06, 1.51792619363e-06, 8.41832729748e-07],
        "median": [0.00114628765732, 0.00164124951698, 0.000871164025739, 0.000666977954097, 0.0003569755645, 0.000134298781632, 0.000138672039611, 0.000169631559402, 7.46744844946e-05, 4.89493977511e-05, 4.53530083178e-05, 3.22285923176e-05, 2.89026193059e-05, 3.06827496388e-05, 3.64842599083e-05, 3.36999146384e-05, 4.54031069239e-05, 4.68914731755e-05, 4.36944974354e-05, 4.00142671424e-05, 2.76581304206e-05, 1.99259047804e-05, 1.71095125552e-05, 1.17989766295e-05, 8.45420981932e-06, 8.25403549243e-06, 7.08049083187e-06, 3.48565731656e-06, 2.41911470766e-06, 2.17680189962e-06, 1.57847296123e-06, 1.64779612533e-06, 1.52329880621e-06, 1.47195942191e-06, 1.46527167999e-06, 1.1189581528e-06, 8.37002403387e-07, 5.7594138525e-07, 4.44091654117e-07, 2.3601104715e-07],
        "min": [4.35260591444e-24, 2.44406147833e-24, 1.02204408673e-23, 7.29966127759e-24, 5.16180049836e-24, 7.64402193969e-24, 3.10905465535e-24, 3.47096747259e-24, 4.02846809608e-24, 5.82800102699e-24, 1.21458830984e-23, 4.39087395139e-24, 9.20342639991e-24, 2.68671390948e-24, 7.11958957648e-24, 1.05271594536e-23, 8.57146992874e-24, 1.30574923382e-23, 1.01070776109e-23, 9.40670481113e-24, 7.13224448312e-24, 8.26587546924e-24, 7.52454343356e-24, 8.39299330437e-24, 1.04166163749e-23, 1.14302608285e-23, 9.52735162025e-24, 7.04613163784e-24, 7.32099365419e-24, 9.23301972791e-24, 1.34950466611e-23, 6.53584512839e-24, 6.78658141167e-24, 1.0725927947e-23, 1.15510409551e-23, 6.65011163051e-24, 9.16392655666e-24, 8.38749178842e-24, 9.82912247094e-24, 7.95419573673e-24],
        "var": [3.68590349353e-06, 2.29207739721e-06, 8.22875051654e-07, 2.50874290941e-06, 7.46029570564e-07, 2.41436708848e-07, 2.50948801295e-07, 3.43293322658e-07, 1.62348101185e-07, 9.46682732206e-08, 2.4129758458e-07, 4.75514418952e-08, 4.90741136616e-08, 2.53257734784e-08, 1.4130114856e-08, 1.17963807611e-08, 1.47917873505e-08, 1.15392069233e-08, 6.25949381217e-09, 7.30594074128e-09, 4.03520061809e-09, 2.48202391973e-09, 9.8808516924e-10, 4.50643217187e-10, 3.18349763218e-10, 3.03244013233e-10, 1.06405419198e-10, 4.44920593423e-11, 2.64478855483e-11, 2.67215988919e-11, 1.85726104635e-11, 2.41812733032e-11, 2.13323855108e-11, 5.80445067011e-11, 9.87920301121e-11, 1.32474989312e-10, 1.3045442504e-10, 4.82600452656e-11, 1.60772870711e-11, 4.51293993495e-12]
    },
    "mfcc": {
        "mean": [-614.144348145, 120.723480225, 0.742373406887, 23.3995037079, 19.091545105, 11.0711460114, -4.59976911545, 5.47748756409, -3.30352687836, 8.19222927094, -0.620750248432, -0.203933402896, -0.26551169157],
        "cov": [[4074.52294922, -639.062255859, -449.754486084, -104.942611694, -91.4357376099, -65.1824188232, -111.544250488, -124.239433289, -72.1282196045, -104.111831665, -56.3096504211, 1.67921698093, -62.7961730957], [-639.062255859, 954.440185547, -349.488372803, -26.5299854279, -81.3650131226, -58.3424034119, 37.0732841492, 10.7574415207, 37.4744758606, -7.44825077057, 27.0858764648, -40.6021347046, 20.5736064911], [-449.754486084, -349.488372803, 591.466430664, -22.4948253632, 29.621931076, 60.504234314, -10.8419961929, 46.4285163879, -15.6993951797, 48.4995117188, 7.12076616287, 18.6680221558, 2.19420647621], [-104.942611694, -26.5299854279, -22.4948253632, 268.51361084, 51.4636955261, -17.0067939758, -7.60629224777, -42.3265075684, -12.2274703979, -13.0163755417, 5.02575063705, 28.3219795227, 12.0679636002], [-91.4357376099, -81.3650131226, 29.621931076, 51.4636955261, 196.671203613, 0.437617689371, -31.9666366577, -3.69658565521, -20.9827671051, 13.5002584457, 4.84531641006, 13.7174682617, 8.81847667694], [-65.1824188232, -58.3424034119, 60.504234314, -17.0067939758, 0.437617689371, 142.08744812, 51.7475280762, -7.69710159302, 5.21309518814, -9.10471820831, -5.87493753433, -0.964419841766, -10.8517942429], [-111.544250488, 37.0732841492, -10.8419961929, -7.60629224777, -31.9666366577, 51.7475280762, 125.520584106, 9.59782505035, 25.5931739807, -8.3702878952, -6.48327445984, 0.441883027554, -12.8483009338], [-124.239433289, 10.7574415207, 46.4285163879, -42.3265075684, -3.69658565521, -7.69710159302, 9.59782505035, 111.306495667, -1.19418764114, 24.5453414917, 4.63864898682, -10.6542778015, 16.1272640228], [-72.1282196045, 37.4744758606, -15.6993951797, -12.2274703979, -20.9827671051, 5.21309518814, 25.5931739807, -1.19418764114, 96.6614532471, 6.64598751068, -7.62411355972, 0.430845916271, -14.0094585419], [-104.111831665, -7.44825077057, 48.4995117188, -13.0163755417, 13.5002584457, -9.10471820831, -8.3702878952, 24.5453414917, 6.64598751068, 91.2478866577, 15.6518650055, 1.03611552715, 1.03812241554], [-56.3096504211, 27.0858764648, 7.12076616287, 5.02575063705, 4.84531641006, -5.87493753433, -6.48327445984, 4.63864898682, -7.62411355972, 15.6518650055, 64.0306091309, 6.38783836365, 8.39704322815], [1.67921698093, -40.6021347046, 18.6680221558, 28.3219795227, 13.7174682617, -0.964419841766, 0.441883027554, -10.6542778015, 0.430845916271, 1.03611552715, 6.38783836365, 70.7040100098, 13.5435123444], [-62.7961730957, 20.5736064911, 2.19420647621, 12.0679636002, 8.81847667694, -10.8517942429, -12.8483009338, 16.1272640228, -14.0094585419, 1.03812241554, 8.39704322815, 13.5435123444, 67.5549163818]],
