{
"lowlevel": {
    "average_loudness": 0.893663823605,
    "barkbands_crest": {
        "dmean": 2.23171639442,
        "dmean2": 3.4473669529,
        "dvar": 4.80637121201,
        "dvar2": 11.6305007935,
        "max": 24.495426178,
        "mean": 12.7819414139,
        "median": 12.1990242004,
        "min": 4.13703727722,
        "var": 17.5733737946
    },
    "barkbands_flatness_db": {
        "dmean": 0.0270212758332,
        "dmean2": 0.0365490727127,
        "dvar": 0.000628174864687,
        "dvar2": 0.00116778956726,
        "max": 0.449529290199,
        "mean": 0.271894693375,
        "median": 0.270555227995,
        "min": 0.0699839815497,
        "var": 0.00340396049432
    },
    "barkbands_kurtosis": {
        "dmean": 7.62296152115,
        "dmean2": 11.1352739334,
        "dvar": 173.117797852,
        "dvar2": 361.983093262,
        "max": 301.317474365,
        "mean": 17.768989563,
        "median": 11.4958686829,
        "min": -1.80742621422,
        "var": 578.192443848
    },
    "barkbands_skewness": {
        "dmean": 0.768416464329,
        "dmean2": 1.10182511806,
        "dvar": 0.665993452072,
        "dvar2": 1.54443752766,
        "max": 14.109377861,
        "mean": 2.4962284565,
        "median": 2.28464984894,
        "min": -2.05879616737,
        "var": 3.60231089592
    },
    "barkbands_spread": {
        "dmean": 2.96088933945,
        "dmean2": 4.18590545654,
        "dvar": 37.8898849487,
        "dvar2": 63.3750915527,
        "max": 78.1364212036,
        "mean": 7.9856967926,
        "median": 4.72483825684,
        "min": 0.384178340435,
        "var": 112.127212524
    },
    "dissonance": {
        "dmean": 0.0403145886958,
        "dmean2": 0.0659201666713,
        "dvar": 0.00169753434602,
        "dvar2": 0.00398882431909,
        "max": 0.500000119209,
        "mean": 0.392706245184,
        "median": 0.407098531723,
        "min": 0.14802056551,
        "var": 0.00510646915063
    },
    "dynamic_complexity": 4.34879207611,
    "erbbands_crest": {
        "dmean": 2.72203350067,
        "dmean2": 4.08304405212,
        "dvar": 6.34455108643,
        "dvar2": 13.9287481308,
        "max": 31.666185379,
        "mean": 14.4855051041,
        "median": 13.6326627731,
        "min": 2.71358132362,
        "var": 27.334312439
    },
    "erbbands_flatness_db": {
        "dmean": 0.0218427013606,
        "dmean2": 0.0270311962813,
        "dvar": 0.000393426511437,
        "dvar2": 0.000611154362559,
        "max": 0.468435764313,
        "mean": 0.271993488073,
        "median": 0.269476413727,
        "min": 0.0926185548306,
        "var": 0.00340616540052
    },
    "erbbands_kurtosis": {
        "dmean": 3.75370526314,
        "dmean2": 5.4076333046,
        "dvar": 33.0019454956,
        "dvar2": 60.9816398621,
        "max": 104.206451416,
        "mean": 8.25055217743,
        "median": 5.47208404541,
        "min": -1.89909768105,
        "var": 117.496582031
    },
    "erbbands_skewness": {
        "dmean": 0.561919629574,
        "dmean2": 0.789785206318,
        "dvar": 0.349878817797,
        "dvar2": 0.698105573654,
        "max": 7.70395517349,
        "mean": 1.71832084656,
        "median": 1.67906558514,
        "min": -2.68989253044,
        "var": 1.89293086529
    },
    "erbbands_spread": {
        "dmean": 7.1615357399,
        "dmean2": 9.9186296463,
        "dvar": 136.843383789,
        "dvar2": 220.783355713,
        "max": 153.637588501,
        "mean": 22.1591835022,
        "median": 13.7061929703,
        "min": 0.690024971962,
        "var": 520.060241699
    },
    "hfc": {
        "dmean": 3.1955010891,
        "dmean2": 4.2728600502,
        "dvar": 37.8720474243,
        "dvar2": 72.2815856934,
        "max": 113.104759216,
        "mean": 11.3667383194,
        "median": 7.50585794449,
        "min": 1.18037985197e-16,
        "var": 167.563858032
    },
    "melbands_crest": {
        "dmean": 2.67744731903,
        "dmean2": 4.01879644394,
        "dvar": 6.46626853943,
        "dvar2": 16.025138855,
        "max": 33.2991981506,
        "mean": 15.5478658676,
        "median": 14.8336648941,
        "min": 2.25178575516,
        "var": 26.0472564697
    },
    "melbands_flatness_db": {
        "dmean": 0.0300575327128,
        "dmean2": 0.0372041650116,
        "dvar": 0.000885229906999,
        "dvar2": 0.00149923854042,
        "max": 0.518928170204,
        "mean": 0.302650630474,
        "median": 0.302148848772,
        "min": 0.00664927856997,
        "var": 0.00520027428865
    },
    "melbands_kurtosis": {
        "dmean": 11.4334926605,
        "dmean2": 17.0609912872,
        "dvar": 476.540740967,
        "dvar2": 1110.41967773,
        "max": 446.484436035,
        "mean": 25.0852870941,
        "median": 12.8827867508,
        "min": -1.92612087727,
        "var": 1588.07373047
    },
    "melbands_skewness": {
        "dmean": 0.833481192589,
        "dmean2": 1.22301399708,
        "dvar": 1.03706347942,
        "dvar2": 2.46646380424,
        "max": 13.7563648224,
        "mean": 2.6122982502,
        "median": 2.04229426384,
        "min": -1.22575771809,
        "var": 5.0901761055
    },
    "melbands_spread": {
        "dmean": 3.12144684792,
        "dmean2": 4.38133001328,
        "dvar": 62.1904373169,
        "dvar2": 79.9881286621,
        "max": 203.328216553,
        "mean": 9.31431388855,
        "median": 6.02261829376,
        "min": 0.488086551428,
        "var": 199.987258911
    },
    "pitch_salience": {
        "dmean": 0.0624145418406,
        "dmean2": 0.0947554931045,
        "dvar": 0.00332399271429,
        "dvar2": 0.00838722195476,
        "max": 0.800387144089,
        "mean": 0.527830123901,
        "median": 0.532584786415,
        "min": 0.0786448046565,
        "var": 0.0118638202548
    },
    "silence_rate_20dB": {
        "dmean": 0,
        "dmean2": 0,
        "dvar": 0,
        "dvar2": 0,
        "max": 1,
        "mean": 1,
        "median": 1,
        "min": 1,
        "var": 0
    },
    "silence_rate_30dB": {
        "dmean": 0.0061919502914,
        "dmean2": 0.0123934932053,
        "dvar": 0.00615360029042,
        "dvar2": 0.0137891676277,
        "max": 1,
        "mean": 0.993039429188,
        "median": 1,
        "min": 0,
        "var": 0.00691211409867
    },
    "silence_rate_60dB": {
        "dmean": 0.0263157896698,
        "dmean2": 0.0526723451912,
        "dvar": 0.0256232395768,
        "dvar2": 0.0560943298042,
        "max": 1,
        "mean": 0.136890947819,
        "median": 0,
        "min": 0,
        "var": 0.118150830269
    },
    "spectral_centroid": {
        "dmean": 123.63911438,
        "dmean2": 169.015197754,
        "dvar": 127671.59375,
        "dvar2": 153878.921875,
        "max": 11204.9833984,
        "mean": 636.210205078,
        "median": 514.152893066,
        "min": 197.93850708,
        "var": 260094.515625
    },
    "spectral_complexity": {
        "dmean": 1.36222910881,
        "dmean2": 2.17350888252,
        "dvar": 2.5111989975,
        "dvar2": 5.7173743248,
        "max": 24,
        "mean": 7.50734710693,
        "median": 7,
        "min": 0,
        "var": 14.0070991516
    },
    "spectral_decrease": {
        "dmean": 1.66923097566e-09,
        "dmean2": 2.25385488051e-09,
        "dvar": 1.49754101586e-17,
        "dvar2": 2.80306661089e-17,
        "max": -4.67581575148e-29,
        "mean": -5.56023538323e-09,
        "median": -4.10510025972e-09,
        "min": -9.59870689599e-08,
        "var": 3.74813468823e-17
    },
    "spectral_energy": {
        "dmean": 0.00654074037448,
        "dmean2": 0.00882878620178,
        "dvar": 0.000220904155867,
        "dvar2": 0.000413689005654,
        "max": 0.365001320839,
        "mean": 0.022016633302,
        "median": 0.0164568722248,
        "min": 1.08828655447e-20,
        "var": 0.000569116149563
    },
    "spectral_energyband_high": {
        "dmean": 0.000120443211927,
        "dmean2": 0.000161543197464,
        "dvar": 1.71952180494e-07,
        "dvar2": 2.71582166533e-07,
        "max": 0.00828622747213,
        "mean": 0.000231278230785,
        "median": 4.28514395026e-05,
        "min": 7.72801242096e-21,
        "var": 4.71508030842e-07
    },
    "spectral_energyband_low": {
        "dmean": 0.00202050502412,
        "dmean2": 0.00284715672024,
        "dvar": 0.00018188660033,
        "dvar2": 0.000364014646038,
        "max": 0.347948879004,
        "mean": 0.0029751912225,
        "median": 0.000284274923615,
        "min": 1.2186516377e-22,
        "var": 0.00024900745484
    },
    "spectral_energyband_middle_high": {
        "dmean": 0.00117370497901,
        "dmean2": 0.0015888895141,
        "dvar": 2.64059071924e-05,
        "dvar2": 6.00049788773e-05,
        "max": 0.106848135591,
        "mean": 0.00273948744871,
        "median": 0.000379931734642,
        "min": 1.80847612078e-21,
        "var": 6.8124543759e-05
    },
    "spectral_energyband_middle_low": {
        "dmean": 0.004548327066,
        "dmean2": 0.00647882651538,
        "dvar": 4.26792248618e-05,
        "dvar2": 9.64774371823e-05,
        "max": 0.0877977758646,
        "mean": 0.0169769860804,
        "median": 0.0136552704498,
        "min": 3.05018180822e-22,
        "var": 0.000215661057155
    },
    "spectral_entropy": {
        "dmean": 0.258033454418,
        "dmean2": 0.318113595247,
        "dvar": 0.0663425773382,
        "dvar2": 0.096363902092,
        "max": 9.80295467377,
        "mean": 6.54144287109,
        "median": 6.51402330399,
        "min": 4.74880886078,
        "var": 0.405005931854
    },
    "spectral_flux": {
        "dmean": 0.0186732206494,
        "dmean2": 0.0292554590851,
        "dvar": 0.000672070251312,
        "dvar2": 0.00151909887791,
        "max": 0.393764644861,
        "mean": 0.0505364798009,
        "median": 0.0411887876689,
        "min": 1.04320975469e-10,
        "var": 0.00174750143196
    },
    "spectral_kurtosis": {
        "dmean": 4.78223466873,
        "dmean2": 7.28772211075,
        "dvar": 43.074256897,
        "dvar2": 93.3462677002,
        "max": 89.5402832031,
        "mean": 9.62427616119,
        "median": 6.61396408081,
        "min": -1.46006095409,
        "var": 114.826400757
    },
    "spectral_rms": {
        "dmean": 0.000587314949371,
        "dmean2": 0.000776144268457,
        "dvar": 7.19404624761e-07,
        "dvar2": 1.24761265852e-06,
        "max": 0.0188705809414,
        "mean": 0.00409321067855,
        "median": 0.00400692969561,
        "min": 3.25843974198e-12,
        "var": 4.72522424388e-06
    },
    "spectral_rolloff": {
        "dmean": 300.73059082,
        "dmean2": 519.883728027,
        "dvar": 1304197.625,
        "dvar2": 2687826.5,
        "max": 18561.6210938,
        "mean": 897.084228516,
        "median": 581.396484375,
        "min": 64.599609375,
        "var": 1864054.25
    },
    "spectral_skewness": {
        "dmean": 0.485487103462,
        "dmean2": 0.680449306965,
        "dvar": 0.245162442327,
        "dvar2": 0.45739197731,
        "max": 7.50893831253,
        "mean": 2.3100028038,
        "median": 2.18663644791,
        "min": -0.446263104677,
        "var": 1.20356965065
    },
    "spectral_spread": {
        "dmean": 664651.375,
        "dmean2": 814208.125,
        "dvar": 1.71811956326e+12,
        "dvar2": 1.65453968179e+12,
        "max": 41714248,
        "mean": 3910878.25,
        "median": 3494081.25,
        "min": 891332.0625,
        "var": 5.66615919821e+12
    },
    "spectral_strongpeak": {
        "dmean": 0.423515349627,
        "dmean2": 0.69771951437,
        "dvar": 0.436407238245,
        "dvar2": 1.00951206684,
        "max": 10.4369478226,
        "mean": 1.26322233677,
        "median": 0.966902792454,
        "min": 0,
        "var": 1.81690883636
    },
    "zerocrossingrate": {
        "dmean": 0.00783630926162,
        "dmean2": 0.0083442768082,
        "dvar": 0.000293678895105,
        "dvar2": 0.000255115708569,
        "max": 0.48876953125,
        "mean": 0.0366928428411,
        "median": 0.02734375,
        "min": 0.00341796875,
        "var": 0.00116818235256
    },
    "barkbands": {
        "dmean": [0.00013307070185, 0.00158868997823, 0.000302481232211, 0.000502207723912, 0.00245974073187, 0.000911956070922, 0.00109807855915, 0.000942064856645, 0.000392772839405, 0.000790760677774, 0.000185356358998, 0.000410038541304, 4.41696865892e-05, 9.20651946217e-05, 4.08244886785e-05, 2.58984891843e-05, 2.54757287621e-05, 2.77742947219e-05, 2.08009132621e-05, 1.58220300364e-05, 2.13166986214e-05, 3.04198383674e-05, 2.69066767942e-05, 4.59101283923e-05, 9.96551534627e-06, 8.44279579582e-09, 8.98297769503e-10],
        "dmean2": [0.000187630488654, 0.00233043869957, 0.000462268217234, 0.000821585883386, 0.00387165835127, 0.00142160430551, 0.00163567357231, 0.00123240426183, 0.000534239283297, 0.00110626406968, 0.000263422844, 0.000521640176885, 6.65774932713e-05, 0.000135045396746, 5.63163084735e-05, 3.99300406571e-05, 3.77208380087e-05, 4.0824230382e-05, 3.18776292261e-05, 2.4195504011e-05, 3.02902335534e-05, 4.28054881922e-05, 4.05595928896e-05, 5.85731104366e-05, 1.44265213748e-05, 1.30363613238e-08, 1.65216629266e-09],
        "dvar": [1.1179847661e-06, 0.000153715751367, 2.36869254877e-06, 1.48975482261e-06, 1.99080823222e-05, 2.72177408078e-06, 4.4799112402e-06, 4.23853452958e-06, 9.43469615322e-07, 1.65759010997e-05, 3.59939519967e-07, 5.56545137442e-06, 5.54936150365e-08, 1.42921123825e-07, 1.81818329281e-08, 8.46147241162e-09, 9.00874219667e-09, 6.5511014391e-09, 2.2988522197e-09, 2.85390866495e-09, 6.89343915283e-09, 1.47794674277e-08, 1.18468665988e-08, 2.90880670661e-08, 1.34896294135e-09, 1.17402122857e-15, 2.53262065407e-18],
        "dvar2": [2.3813477128e-06, 0.000331191433361, 5.00393889524e-06, 3.67597203876e-06, 5.43840324099e-05, 6.23912956144e-06, 9.88594092632e-06, 9.56909661909e-06, 1.62356320743e-06, 3.9162212488e-05, 6.86665828198e-07, 9.67354299064e-06, 1.29490430822e-07, 3.34640532174e-07, 3.67324872741e-08, 1.73054459651e-08, 1.58431312514e-08, 1.30635706697e-08, 5.43977884959e-09, 6.67624355799e-09, 1.03829718157e-08, 2.27920420315e-08, 2.37429542693e-08, 4.99866565917e-08, 2.65865351956e-09, 2.91917813876e-15, 8.21811962223e-18],
        "max": [0.0275863204151, 0.313832163811, 0.0298561304808, 0.0213844180107, 0.0492865145206, 0.0300921276212, 0.0373831763864, 0.0435661710799, 0.0237634126097, 0.092656314373, 0.0107114231214, 0.0606158226728, 0.0061236191541, 0.00698783295229, 0.0026232409291, 0.00202265218832, 0.00287118228152, 0.00136306521017, 0.000727519916836, 0.000985847786069, 0.00172366818879, 0.00301712634973, 0.0022637154907, 0.00255096657202, 0.000647830835078, 6.50785693779e-07, 1.71429253015e-08],
        "mean": [0.000136610658956, 0.00187029084191, 0.00056596333161, 0.000996384304017, 0.00593242328614, 0.00233912351541, 0.0033720091451, 0.00231273914687, 0.00105130882002, 0.00125088496134, 0.000392086774809, 0.00112004461698, 6.62502134219e-05, 0.000145900208736, 6.14602977294e-05, 3.71995083697e-05, 4.86187091155e-05, 4.44295983471e-05, 3.19520768244e-05, 2.3307506126e-05, 3.2736461435e-05, 4.41218726337e-05, 4.17916235165e-05, 8.24028902571e-05, 1.65812289197e-05, 1.01988248957e-08, 7.04322766776e-10],
        "median": [1.23296797483e-06, 1.03681677501e-05, 3.59335281246e-05, 0.000186860750546, 0.00343573582359, 0.000955342547968, 0.00158765667584, 0.00100947963074, 0.000182170479093, 4.42355194537e-05, 3.37143064826e-05, 3.09291208396e-05, 1.108683864e-05, 1.27593239085e-05, 9.35426942306e-06, 8.30547105579e-06, 6.32219007457e-06, 8.00524867373e-06, 8.32781643112e-06, 5.77188075113e-06, 6.49311368761e-06, 6.98919984643e-06, 9.07168850972e-06, 7.5097300396e-06, 8.79868935044e-07, 1.36615874169e-09, 1.95166105499e-10],
        "min": [6.79424203992e-24, 5.28273453173e-23, 5.91338591143e-23, 1.19565059941e-23, 3.65307601256e-23, 1.00306844786e-22, 2.83002713788e-23, 3.4728724139e-23, 4.26494619182e-23, 1.62849693727e-22, 9.90702706072e-23, 1.47992009759e-22, 3.32833731885e-23, 9.89986609697e-23, 1.0778889386e-22, 1.38496459488e-22, 1.97494091791e-22, 2.00132320337e-22, 2.6816138764e-22, 5.66830563462e-22, 3.8243186562e-22, 5.35701279105e-22, 5.90168729353e-22, 7.57096341711e-22, 1.25447190552e-21, 1.86045440563e-21, 2.32856613287e-21],
        "var": [1.38550535667e-06, 0.000184981297934, 3.37096344083e-06, 3.23716949424e-06, 5.46916744497e-05, 1.30193766381e-05, 2.00935028261e-05, 1.10479049908e-05, 5.4658062254e-06, 2.36602918449e-05, 1.38171469644e-06, 2.88533010462e-05, 7.44446353451e-08, 2.46185777542e-07, 3.3098107366e-08, 1.57389603572e-08, 3.75767790217e-08, 1.46016283509e-08, 4.30611324376e-09, 4.39585745582e-09, 1.74030336808e-08, 3.26896198999e-08, 1.90283486745e-08, 8.51524077916e-08, 4.23041646158e-09, 1.45517200432e-15, 1.96032437355e-18]
    },
    "erbbands": {
        "dmean": [0.0605510100722, 0.297240018845, 0.384808987379, 0.897975385189, 4.38632965088, 11.072429657, 6.64140272141, 9.10721969604, 11.5353574753, 18.803730011, 17.1687049866, 10.1221895218, 28.435426712, 8.38629627228, 7.91182422638, 19.0542201996, 3.30537605286, 4.0230884552, 2.75174498558, 2.00417137146, 1.20973050594, 1.10137665272, 1.23730003834, 1.54367399216, 0.645045280457, 0.778904259205, 0.753472268581, 1.02165842056, 0.997342228889, 0.934919595718, 0.778676986694, 0.913859903812, 0.774727523327, 0.222946405411, 0.0176803432405, 0.000768038386013, 4.06039325753e-05, 5.8198993429e-06, 4.01174338549e-06, 7.51906236474e-06],
        "dmean2": [0.0919414535165, 0.429536730051, 0.584732174873, 1.4427447319, 6.84165143967, 17.2775211334, 9.69085884094, 14.7449798584, 18.3309459686, 24.7227039337, 23.4218788147, 12.6339263916, 39.924156189, 11.1851224899, 10.8803091049, 23.9855079651, 4.7771692276, 5.89480638504, 3.98194003105, 2.78199839592, 1.77347302437, 1.60438132286, 1.83611738682, 2.23073387146, 0.992907822132, 1.19371914864, 1.12267053127, 1.43115639687, 1.42867994308, 1.38954496384, 1.17054474354, 1.26776897907, 1.02652192116, 0.289028197527, 0.0254766810685, 0.00108929804992, 5.43071364518e-05, 7.58278156354e-06, 5.35516392119e-06, 1.01939240267e-05],
        "dvar": [0.285175710917, 5.55473661423, 5.57737255096, 4.69427728653, 79.4197998047, 459.556884766, 256.016693115, 314.217254639, 777.663574219, 1037.73486328, 2280.22998047, 541.118774414, 18959.3144531, 999.335998535, 633.140563965, 13941.453125, 229.412445068, 218.117721558, 107.69644928, 44.5569572449, 12.4950971603, 15.1021900177, 14.6004905701, 15.8316879272, 2.34533119202, 7.19742441177, 6.58385419846, 21.8605937958, 17.984828949, 12.9592037201, 10.4410362244, 12.3361539841, 8.97932910919, 0.647626876831, 0.005423782859, 9.90013450064e-06, 2.1698983943e-08, 3.69164032676e-10, 5.95285695737e-11, 2.64343991141e-10],
        "dvar2": [0.670181632042, 11.567243576, 10.8647556305, 11.3628911972, 195.139648438, 1209.76611328, 494.164703369, 810.464111328, 2251.42407227, 1805.87060547, 5324.81542969, 832.425842285, 44052.1835938, 2177.81860352, 1277.07324219, 24144.6582031, 519.268676758, 492.79385376, 234.056915283, 78.3403396606, 24.6606750488, 25.248884201, 33.0734405518, 34.9320373535, 5.7830119133, 16.7102470398, 11.4554376602, 36.6327323914, 27.8386554718, 21.5371208191, 21.9711360931, 23.2963733673, 15.3444156647, 1.14685702324, 0.011198040098, 1.99320602405e-05, 3.90412999707e-08, 6.21411921919e-10, 1.12429295041e-10, 4.98457219944e-10],
        "max": [13.3760662079, 69.8321304321, 59.1867866516, 36.4835777283, 110.638946533, 292.260253906, 449.997955322, 243.784729004, 489.411437988, 516.152404785, 1042.33654785, 651.586181641, 3066.92016602, 624.840209961, 485.837097168, 3060.07055664, 337.395446777, 253.446273804, 215.763046265, 149.820465088, 65.9894714355, 135.477752686, 67.8353042603, 85.579460144, 21.2427101135, 49.7487640381, 54.2520065308, 111.367958069, 108.36971283, 85.1692657471, 65.9381484985, 50.4931488037, 52.4954223633, 14.5842504501, 1.38028669357, 0.058158557862, 0.00266643310897, 0.000307530106511, 0.000161330899573, 0.000394457107177],
        "mean": [0.0615907087922, 0.382722586393, 0.724541902542, 2.08204913139, 8.8133354187, 25.6194019318, 18.5986804962, 22.0035877228, 30.5685329437, 65.3786392212, 45.8248519897, 26.7407531738, 48.9408760071, 15.3302125931, 17.9295387268, 53.8730545044, 6.50527334213, 7.14000892639, 4.07392930984, 3.34434223175, 2.2717962265, 2.30256915092, 1.96018946171, 2.75524306297, 1.01130056381, 1.14654612541, 1.17765879631, 1.48310828209, 1.44648718834, 1.41442966461, 1.21488749981, 1.55180752277, 1.36159574986, 0.390927225351, 0.0273708608001, 0.00124153704382, 7.87812896306e-05, 1.1961790733e-05, 1.30453572638e-05, 2.5666979127e-05],
        "median": [0.000353163050022, 0.00375969731249, 0.0639273822308, 0.843150734901, 4.09440803528, 12.4318904877, 6.69616365433, 8.2542142868, 15.4660644531, 34.3075752258, 19.1502933502, 6.73845005035, 2.72432756424, 1.24693989754, 2.43600320816, 1.42597949505, 0.735034763813, 0.719375729561, 0.703504681587, 0.513536453247, 0.470134139061, 0.347401767969, 0.40261849761, 0.542547643185, 0.324786573648, 0.273710608482, 0.294164150953, 0.235398992896, 0.242769256234, 0.277531117201, 0.241408467293, 0.153754785657, 0.115745231509, 0.026589602232, 0.000968560692854, 6.63178579998e-05, 1.38043214974e-05, 2.55321879195e-06, 9.43058694247e-06, 2.004871385e-05],
        "min": [1.23221436547e-21, 1.35708802259e-20, 5.24372731635e-20, 6.59177257463e-20, 4.11043688589e-20, 1.17151664376e-19, 4.92859024377e-19, 8.51708482269e-19, 4.44694261862e-19, 7.60322343676e-19, 8.28741502369e-19, 9.82655412537e-19, 3.85807336093e-18, 4.47629036637e-18, 5.51215541258e-18, 4.08383576552e-18, 1.81232501155e-18, 5.70652507215e-18, 5.69362767204e-18, 5.9229961705e-18, 8.6454742139e-18, 1.05777722607e-17, 1.02520301899e-17, 1.45709568893e-17, 1.74670303648e-17, 2.84753385538e-17, 1.57823711682e-17, 1.43778945887e-17, 1.59136546576e-17, 2.31488777441e-17, 1.58876299012e-17, 1.51488153391e-17, 1.24168726951e-17, 1.36717412531e-17, 8.58759059618e-18, 7.23563667685e-18, 3.39736498581e-18, 1.49694058613e-18, 2.9976637658e-19, 3.45335530343e-20],
        "var": [0.271436601877, 7.45139312744, 8.52893257141, 10.5596513748, 179.353240967, 1306.08483887, 1837.55102539, 1037.16650391, 1624.6940918, 6779.50878906, 5369.77441406, 2642.54980469, 30613.4160156, 1886.79138184, 2715.64282227, 71713.46875, 507.863098145, 473.164550781, 168.857833862, 103.270690918, 37.5754203796, 81.6261062622, 22.8294143677, 46.3151741028, 3.63064265251, 10.9724035263, 16.0895843506, 48.9682350159, 38.3701858521, 24.8654956818, 16.5587425232, 30.3240261078, 25.4163398743, 2.16840577126, 0.0146805690601, 2.79645737464e-05, 7.21180910546e-08, 1.2746138589e-09, 1.87864487855e-10, 7.11143588461e-10]
    },
    "gfcc": {
        "mean": [-122.499359131, 137.566070557, -129.157089233, 21.0753250122, -108.195983887, -7.21292591095, -47.5242271423, -16.1501846313, -6.38909721375, -25.6442317963, 5.30455112457, -24.9563369751, 0.300511032343],
        "cov": [[10488.0986328, -89.8789825439, -261.962493896, 389.641326904, -386.887817383, 311.276306152, -314.324493408, 70.7020874023, -232.759887695, -268.066986084, -226.439437866, -348.425140381, -84.2192230225], [-89.8789825439, 1567.17993164, 149.956359863, -57.2633018494, 635.786621094, -308.570953369, 264.781524658, -236.247879028, -30.0881195068, -307.12399292, 17.0274562836, -142.013366699, -55.6307067871], [-261.962493896, 149.956359863, 1104.46606445, 507.932037354, 174.816970825, 89.2252197266, -78.7439193726, 48.0154571533, 65.7058181763, -6.23209857941, -105.577629089, -50.1149673462, -59.2663612366], [389.641326904, -57.2633018494, 507.932037354, 1006.61096191, 352.588165283, 120.492584229, -4.6697010994, 101.356971741, 67.2625579834, -56.78465271, -119.389404297, -34.6960487366, 4.87744092941], [-386.887817383, 635.786621094, 174.816970825, 352.588165283, 626.75982666, 11.1784448624, 200.885101318, -29.2486629486, -10.208574295, -138.19380188, -19.2288227081, -25.1975002289, -4.1817817688], [311.276306152, -308.570953369, 89.2252197266, 120.492584229, 11.1784448624, 468.712554932, 109.011909485, 72.4687042236, -81.4415130615, 31.0563774109, -26.4329681396, 16.4378356934, -1.32918310165], [-314.324493408, 264.781524658, -78.7439193726, -4.6697010994, 200.885101318, 109.011909485, 313.334259033, 13.1332950592, -20.3095588684, -28.7810077667, 37.142124176, 11.9992856979, 0.829041957855], [70.7020874023, -236.247879028, 48.0154571533, 101.356971741, -29.2486629486, 72.4687042236, 13.1332950592, 199.441436768, 81.2229537964, 59.1612548828, -20.4699039459, 25.8639526367, 25.4657287598], [-232.759887695, -30.0881195068, 65.7058181763, 67.2625579834, -10.208574295, -81.4415130615, -20.3095588684, 81.2229537964, 202.073791504, 82.1696548462, 1.6821833849, 8.26148700714, 10.2618141174], [-268.066986084, -307.12399292, -6.23209857941, -56.78465271, -138.19380188, 31.0563774109, -28.7810077667, 59.1612548828, 82.1696548462, 207.548828125, 53.1493377686, 41.9781303406, -0.581349551678], [-226.439437866, 17.0274562836, -105.577629089, -119.389404297, -19.2288227081, -26.4329681396, 37.142124176, -20.4699039459, 1.6821833849, 53.1493377686, 127.244972229, 58.8033256531, 6.29094266891], [-348.425140381, -142.013366699, -50.1149673462, -34.6960487366, -25.1975002289, 16.4378356934, 11.9992856979, 25.8639526367, 8.26148700714, 41.9781303406, 58.8033256531, 121.47567749, 51.1149635315], [-84.2192230225, -55.6307067871, -59.2663612366, 4.87744092941, -4.1817817688, -1.32918310165, 0.829041957855, 25.4657287598, 10.2618141174, -0.581349551678, 6.29094266891, 51.1149635315, 107.335456848]],
        "icov": [[0.000155423767865, -0.000341697304975, 0.000200704947929, -0.000266630755505, 0.000420936878072, -0.000301371270325, 0.000343831838109, -0.000336241995683, 0.000223848066526, -3.16549303534e-05, 3.41493637279e-06, 0.000194613385247, 4.31263761129e-05], [-0.000341697304975, 0.00557030038908, -0.00184175127652, 0.00251732580364, -0.00462838448584, 0.00294905644841, -0.00326097453944, 0.00333601189777, -0.00236496701837, 0.00430576130748, -0.00276575470343, 0.0041763279587, -0.000999827403575], [0.000200704947929, -0.00184175127652, 0.00199676444754, -0.00138906610664, 0.00134851271287, -0.00132375233807, 0.0016635004431, -0.00105874449946, 0.000460158393253, -0.00142194202635, 0.00136695033871, -0.00130967376754, 0.00113494112156], [-0.000266630755505, 0.00251732580364, -0.00138906610664, 0.0031191688031, -0.00336010847241, 0.000970711989794, -0.00087733741384, 0.0010018015746, -0.0015387146268, 0.00179038394708, -0.000292633631034, 0.00145573541522, -0.000682315090671], [0.000420936878072, -0.00462838448584, 0.00134851271287, -0.00336010847241, 0.00739638647065, -0.00209288182668, 0.000586327805649, -0.00218962458894, 0.0017078188248, -0.00170388096012, 0.00151306891348, -0.00295801623724, 0.000753411790356], [-0.000301371270325, 0.00294905644841, -0.00132375233807, 0.000970711989794, -0.00209288182668, 0.00517489621416, -0.00349435489625, 0.000628425739706, 0.00128838839009, 0.00062235374935, -8.86989364517e-05, 0.00127690599766, -0.000345292006386], [0.000343831838109, -0.00326097453944, 0.0016635004431, -0.00087733741384, 0.000586327805649, -0.00349435489625, 0.00765630975366, -0.00288890092634, 0.000948065600824, -0.00174220441841, -0.000323161890265, -0.00158767087851, 0.000818821310531], [-0.000336241995683, 0.00333601189777, -0.00105874449946, 0.0010018015746, -0.00218962458894, 0.000628425739706, -0.00288890092634, 0.0100899832323, -0.00464865658432, 0.00150728528388, 0.000545395829249, 0.000520505011082, -0.00144126883242], [0.000223848066526, -0.00236496701837, 0.000460158393253, -0.0015387146268, 0.0017078188248, 0.00128838839009, 0.000948065600824, -0.00464865658432, 0.0100387465209, -0.00546151772141, 0.0016849291278, -0.000800069537945, -0.000255097198533], [-3.16549303534e-05, 0.00430576130748, -0.00142194202635, 0.00179038394708, -0.00170388096012, 0.00062235374935, -0.00174220441841, 0.00150728528388, -0.00546151772141, 0.0128401191905, -0.00622929632664, 0.00304380664602, 0.000444743287517], [3.41493637279e-06, -0.00276575470343, 0.00136695033871, -0.000292633631034, 0.00151306891348, -8.86989364517e-05, -0.000323161890265, 0.000545395829249, 0.0016849291278, -0.00622929632664, 0.0163098797202, -0.00946275889874, 0.00262381951325], [0.000194613385247, 0.0041763279587, -0.00130967376754, 0.00145573541522, -0.00295801623724, 0.00127690599766, -0.00158767087851, 0.000520505011082, -0.000800069537945, 0.00304380664602, -0.00946275889874, 0.0194647330791, -0.00730456411839], [4.31263761129e-05, -0.000999827403575, 0.00113494112156, -0.000682315090671, 0.000753411790356, -0.000345292006386, 0.000818821310531, -0.00144126883242, -0.000255097198533, 0.000444743287517, 0.00262381951325, -0.00730456411839, 0.0132021708414]]
    },
    "melbands": {
        "dmean": [0.000480942631839, 0.00025397844729, 0.000227285956498, 0.000572013552301, 0.000292468350381, 0.000196893073735, 0.00019338549464, 0.000203915769816, 0.000127946696011, 6.44006286166e-05, 0.000144193167216, 3.42669918609e-05, 2.34124945564e-05, 4.82769792143e-05, 2.55878057942e-05, 5.10022027811e-06, 8.74878969626e-06, 5.53296240469e-06, 2.88984801955e-06, 2.63942433776e-06, 1.51340032062e-06, 1.45855472056e-06, 1.02249236988e-06, 1.23915378936e-06, 1.37332926897e-06, 5.20744606547e-07, 4.51844670124e-07, 5.71051145926e-07, 4.85057739752e-07, 5.30763315965e-07, 6.74899979458e-07, 5.87393174101e-07, 5.97213045239e-07, 4.95177005178e-07, 4.72386489037e-07, 4.78756362554e-07, 6.35140338545e-07, 6.00449993726e-07, 3.90184425214e-07, 1.37283805657e-07],
        "dmean2": [0.000716256035957, 0.000379388715373, 0.00035947948345, 0.000908119953237, 0.000441198790213, 0.000321123428876, 0.000293900404358, 0.00026448929566, 0.000175521781784, 8.2581776951e-05, 0.000202952360269, 4.69337173854e-05, 3.41211562045e-05, 6.05820969213e-05, 3.60223093594e-05, 7.54440452511e-06, 1.28532756207e-05, 8.15207022242e-06, 4.03460535381e-06, 3.82442885893e-06, 2.22524045057e-06, 2.14165515899e-06, 1.52216239258e-06, 1.88445562799e-06, 1.996966148e-06, 8.1315118905e-07, 7.08151389972e-07, 8.87449857601e-07, 7.13275937869e-07, 8.13502879282e-07, 9.21844957702e-07, 8.49071568609e-07, 8.93327069207e-07, 7.51851473524e-07, 7.16803128853e-07, 7.10916310709e-07, 8.81723963175e-07, 8.08052391221e-07, 5.0137487051e-07, 1.9627124459e-07],
        "dvar": [1.52596094267e-05, 3.40577707902e-06, 2.63533479483e-07, 1.20295635497e-06, 3.57811330787e-07, 1.39774329e-07, 1.64536487546e-07, 1.23810821151e-07, 1.2231026858e-07, 2.53386964744e-08, 5.09091023559e-07, 2.35606965049e-08, 5.77394532186e-09, 5.64455717722e-08, 3.19264259474e-08, 9.52384393571e-10, 1.17087406437e-09, 5.35741562224e-10, 8.74128547323e-11, 9.75190900254e-11, 2.68148350746e-11, 3.43245987189e-11, 1.02051431541e-11, 1.37122483507e-11, 1.26751231039e-11, 1.53510331617e-12, 1.38185079698e-12, 4.66737195767e-12, 2.4173013851e-12, 4.84239558174e-12, 1.02958197523e-11, 6.99948259075e-12, 5.01379276638e-12, 3.85964567598e-12, 4.37661972635e-12, 3.11696046577e-12, 5.93505930166e-12, 5.44079104686e-12, 2.03183780564e-12, 3.15945322205e-13],
        "dvar2": [3.42329767591e-05, 6.41518454358e-06, 6.01425654168e-07, 3.35587492373e-06, 8.12226119251e-07, 3.58690840585e-07, 4.16837906414e-07, 2.24809980409e-07, 2.80863133639e-07, 3.90489383051e-08, 1.19297806123e-06, 5.45704246235e-08, 1.13459819318e-08, 8.01377382231e-08, 6.95506017223e-08, 2.22606866274e-09, 2.68305533346e-09, 1.20671739268e-09, 1.67805033757e-10, 1.87444282318e-10, 5.07186133369e-11, 5.81380985021e-11, 1.99993129696e-11, 3.04499585269e-11, 2.80168926253e-11, 3.76041212058e-12, 3.29744087937e-12, 1.11744667339e-11, 4.24946492925e-12, 9.02943778774e-12, 1.8920644565e-11, 1.07148127176e-11, 8.95745370239e-12, 6.63070379853e-12, 1.00322571431e-11, 5.85267598274e-12, 1.16524402974e-11, 9.622870209e-12, 3.35193916894e-12, 6.33320869706e-13],
        "max": [0.0870449393988, 0.0552427098155, 0.00867001246661, 0.0134046077728, 0.0124889528379, 0.00469596823677, 0.00662934686989, 0.00568568659946, 0.0072297132574, 0.0042064297013, 0.0159798078239, 0.00314401555806, 0.00157352210954, 0.00547885708511, 0.00493025267497, 0.000819742854219, 0.0006157848984, 0.000508295954205, 0.000136879098136, 0.000191811705008, 0.000104532198748, 0.000200500304345, 7.11868779035e-05, 6.63104874548e-05, 7.81470007496e-05, 1.65607980307e-05, 1.59138598974e-05, 4.04630845878e-05, 3.89980450564e-05, 3.99554264732e-05, 7.67134406487e-05, 6.87262509018e-05, 4.83320145577e-05, 4.78537040181e-05, 4.5465752919e-05, 2.83164263237e-05, 3.31095870933e-05, 4.09588719776e-05, 2.33310784097e-05, 9.96087692329e-06],
        "mean": [0.000535643659532, 0.000426413695095, 0.000488919031341, 0.00128983298782, 0.000774101878051, 0.00046533512068, 0.000577879254706, 0.000680922414176, 0.000342410086887, 0.000159475152032, 0.000239679036895, 5.55324622837e-05, 4.69912592962e-05, 0.000133953129989, 5.9535872424e-05, 7.25344989405e-06, 1.49870938912e-05, 7.32004764359e-06, 4.4565645112e-06, 3.96109999201e-06, 2.65110634246e-06, 2.85496003016e-06, 1.6191005443e-06, 1.96116548068e-06, 2.37272570303e-06, 7.66435164223e-07, 6.33750573797e-07, 7.87514693457e-07, 7.20097091289e-07, 7.62371257679e-07, 9.08768186036e-07, 8.21598632683e-07, 8.39599067604e-07, 7.36550475722e-07, 6.63885600716e-07, 7.70249755533e-07, 1.02926264844e-06, 1.00512249901e-06, 6.97906045843e-07, 2.163414905e-07],
        "median": [3.13546001962e-06, 1.56508231157e-05, 0.00019785753102, 0.000659699027892, 0.00035804984509, 0.00018093851395, 0.000278161081951, 0.000357081007678, 0.000115230483061, 2.94668006973e-05, 1.12641801024e-05, 3.62022979061e-06, 5.14414159625e-06, 4.70890972792e-06, 1.87871012258e-06, 1.09041491214e-06, 1.22223389099e-06, 1.11000576908e-06, 6.1036655552e-07, 6.42303234599e-07, 4.74789715099e-07, 3.59691085805e-07, 3.04170271193e-07, 3.78809517088e-07, 4.33896985896e-07, 2.26771007306e-07, 1.7328920876e-07, 1.6281605042e-07, 1.69595523403e-07, 1.17457645388e-07, 1.31498396172e-07, 1.34313751232e-07, 1.19424328204e-07, 1.51134671e-07, 1.35565457526e-07, 1.0596242106e-07, 8.33442541648e-08, 8.82164741256e-08, 4.46886829764e-08, 9.9885513194e-09],
        "min": [1.38356231574e-23, 2.55342158117e-23, 1.14076552304e-23, 3.91266449849e-24, 1.57658395747e-23, 1.92349437579e-23, 6.76069730765e-24, 8.23297208089e-24, 7.73072643064e-24, 5.25033396332e-24, 2.04807539201e-23, 1.87228436572e-23, 1.6742973179e-23, 1.7953888868e-23, 4.76674014031e-24, 4.60931821351e-24, 1.10758256238e-23, 8.92456564763e-24, 6.13409996303e-24, 1.00440996894e-23, 1.01745315292e-23, 1.17852356141e-23, 9.99010926017e-24, 8.773857716e-24, 1.23905885401e-23, 7.96682539982e-24, 2.07708701398e-23, 1.74208492435e-23, 9.13353569029e-24, 9.96962727563e-24, 7.17420399467e-24, 8.29674754077e-24, 1.18489534871e-23, 1.2844940867e-23, 9.58604523818e-24, 7.55904032095e-24, 1.02078648467e-23, 7.91685027262e-24, 1.09337336309e-23, 1.1716481653e-23],
        "var": [1.65928740898e-05, 5.28607552042e-06, 6.24758513368e-07, 2.9866037039e-06, 1.90746754924e-06, 4.6039423296e-07, 5.37422920388e-07, 7.43970417716e-07, 3.40100939411e-07, 1.12124915574e-07, 7.87555677562e-07, 3.43455042184e-08, 2.14288551348e-08, 3.67576291183e-07, 9.31300760953e-08, 1.18824827755e-09, 2.38879449554e-09, 7.78575204308e-10, 1.73119199531e-10, 1.88244919652e-10, 7.14553624603e-11, 1.76291758969e-10, 1.87001698848e-11, 2.74072292639e-11, 3.65266185354e-11, 2.36441747258e-12, 2.0236336478e-12, 6.52421866532e-12, 5.74982466153e-12, 9.95701437967e-12, 2.10751763263e-11, 1.46813186608e-11, 1.00587888713e-11, 6.78947566571e-12, 5.69239924295e-12, 7.03189242945e-12, 1.39319285275e-11, 1.40834375412e-11, 6.96356687591e-12, 8.42540935023e-13]
    },
    "mfcc": {
        "mean": [-747.949279785, 140.260025024, 25.1923885345, 3.54107046127, -20.8216018677, -17.8824043274, -26.2567558289, -10.4975204468, -18.1401786804, -4.42132043839, -6.63259267807, -2.26553654671, -7.64342498779],
        "cov": [[8380.29785156, -16.5553131104, -189.869857788, -3.32086324692, -117.671607971, 60.1155662537, -50.8060340881, 142.500259399, -89.6181564331, 23.2693977356, -144.332824707, -158.541442871, -291.559539795], [-16.5553131104, 1811.46789551, -293.256256104, 171.983428955, 80.1578674316, -18.5659503937, 135.143798828, 23.3938159943, -133.401473999, -42.180847168, -99.0005569458, -89.014755249, -49.4549255371], [-189.869857788, -293.256256104, 909.6484375, 193.426651001, 227.348846436, 116.853645325, -35.6648483276, 28.995891571, 89.2726669312, 33.5032081604, 45.7568817139, 43.7702560425, -11.4820718765], [-3.32086324692, 171.983428955, 193.426651001, 831.214904785, 402.101715088, 139.459289551, 68.5312347412, 139.149230957, 114.528518677, 17.9999961853, -12.2196922302, 23.1590900421, -21.8693809509], [-117.671607971, 80.1578674316, 227.348846436, 402.101715088, 423.711578369, 145.70010376, 76.727973938, 116.648170471, 95.0647506714, 7.12163496017, -3.96085596085, -0.148773908615, -34.0640525818], [60.1155662537, -18.5659503937, 116.853645325, 139.459289551, 145.70010376, 317.719268799, 211.588989258, 122.001823425, 54.5946311951, 38.212020874, 2.4642534256, -20.9556274414, -10.3570671082], [-50.8060340881, 135.143798828, -35.6648483276, 68.5312347412, 76.727973938, 211.588989258, 348.818145752, 157.348709106, 37.121509552, 16.0021095276, -7.25276327133, -21.5709533691, 2.20977687836], [142.500259399, 23.3938159943, 28.995891571, 139.149230957, 116.648170471, 122.001823425, 157.348709106, 225.321151733, 91.8586502075, 22.4665203094, -12.8475914001, -9.95240402222, -16.6574878693], [-89.6181564331, -133.401473999, 89.2726669312, 114.528518677, 95.0647506714, 54.5946311951, 37.121509552, 91.8586502075, 201.797866821, 65.8496856689, 42.531211853, 17.9634342194, 13.3394994736], [23.2693977356, -42.180847168, 33.5032081604, 17.9999961853, 7.12163496017, 38.212020874, 16.0021095276, 22.4665203094, 65.8496856689, 143.0962677, 48.7593383789, -1.37837767601, 3.914072752], [-144.332824707, -99.0005569458, 45.7568817139, -12.2196922302, -3.96085596085, 2.4642534256, -7.25276327133, -12.8475914001, 42.531211853, 48.7593383789, 138.132629395, 65.5851135254, 46.1056556702], [-158.541442871, -89.014755249, 43.7702560425, 23.1590900421, -0.148773908615, -20.9556274414, -21.5709533691, -9.95240402222, 17.9634342194, -1.37837767601, 65.5851135254, 140.772354126, 77.5887985229], [-291.559539795, -49.4549255371, -11.4820718765, -21.8693809509, -34.0640525818, -10.3570671082, 2.20977687836, -16.6574878693, 13.3394994736, 3.914072752, 46.1056556702, 77.5887985229, 126.739479065]],
