{
"lowlevel": {
    "average_loudness": 0.924436569214,
    "barkbands_crest": {
        "dmean": 3.18308162689,
        "dmean2": 5.29304790497,
        "dvar": 10.0404167175,
        "dvar2": 25.1141853333,
        "max": 25.6285743713,
        "mean": 13.2377729416,
        "median": 12.3259077072,
        "min": 3.39632511139,
        "var": 31.4652175903
    },
    "barkbands_flatness_db": {
        "dmean": 0.025155575946,
        "dmean2": 0.040462795645,
        "dvar": 0.000589319504797,
        "dvar2": 0.00157864578068,
        "max": 0.375923573971,
        "mean": 0.204339966178,
        "median": 0.198936253786,
        "min": 0.0790663585067,
        "var": 0.00208703684621
    },
    "barkbands_kurtosis": {
        "dmean": 5.86391210556,
        "dmean2": 9.19208145142,
        "dvar": 76.3678970337,
        "dvar2": 176.803024292,
        "max": 106.821655273,
        "mean": 9.39118862152,
        "median": 4.57223129272,
        "min": -1.62874221802,
        "var": 161.055999756
    },
    "barkbands_skewness": {
        "dmean": 0.78860026598,
        "dmean2": 1.22031450272,
        "dvar": 0.685294151306,
        "dvar2": 1.53188920021,
        "max": 9.79018592834,
        "mean": 2.29644751549,
        "median": 1.91043961048,
        "min": -0.56223320961,
        "var": 2.41361808777
    },
    "barkbands_spread": {
        "dmean": 3.85890293121,
        "dmean2": 6.23446893692,
        "dvar": 17.4519577026,
        "dvar2": 44.0932197571,
        "max": 40.6480941772,
        "mean": 12.6041622162,
        "median": 11.5910625458,
        "min": 1.26928496361,
        "var": 45.8152923584
    },
    "dissonance": {
        "dmean": 0.0235643349588,
        "dmean2": 0.0405533723533,
        "dvar": 0.000492802704684,
        "dvar2": 0.00135673268232,
        "max": 0.499999970198,
        "mean": 0.459976345301,
        "median": 0.467460215092,
        "min": 0.27451312542,
        "var": 0.000879255880136
    },
    "dynamic_complexity": 2.40681552887,
    "erbbands_crest": {
        "dmean": 2.66770100594,
        "dmean2": 4.36332607269,
        "dvar": 5.5014257431,
        "dvar2": 14.0494642258,
        "max": 31.7134647369,
        "mean": 9.09424591064,
        "median": 8.02619075775,
        "min": 2.86315345764,
        "var": 17.2020740509
    },
    "erbbands_flatness_db": {
        "dmean": 0.017359148711,
        "dmean2": 0.0269554462284,
        "dvar": 0.000262843794189,
        "dvar2": 0.000606915156823,
        "max": 0.360301405191,
        "mean": 0.189837053418,
        "median": 0.186811834574,
        "min": 0.104794368148,
        "var": 0.00146627624054
    },
    "erbbands_kurtosis": {
        "dmean": 1.15408670902,
        "dmean2": 1.87984824181,
        "dvar": 2.89010977745,
        "dvar2": 6.72668457031,
        "max": 27.52135849,
        "mean": 1.32907998562,
        "median": 0.502767086029,
        "min": -1.54423677921,
        "var": 7.0506105423
    },
    "erbbands_skewness": {
        "dmean": 0.378450572491,
        "dmean2": 0.624530255795,
        "dvar": 0.111430115998,
        "dvar2": 0.30248349905,
        "max": 3.33796238899,
        "mean": 0.544639587402,
        "median": 0.486355364323,
        "min": -1.68754720688,
        "var": 0.429407119751
    },
    "erbbands_spread": {
        "dmean": 7.50713396072,
        "dmean2": 11.7461109161,
        "dvar": 54.784778595,
        "dvar2": 124.613204956,
        "max": 109.312583923,
        "mean": 31.2438545227,
        "median": 29.0564098358,
        "min": 3.29658675194,
        "var": 188.540679932
    },
    "hfc": {
        "dmean": 7.18846082687,
        "dmean2": 11.8464078903,
        "dvar": 162.440490723,
        "dvar2": 427.166809082,
        "max": 169.481613159,
        "mean": 16.1675357819,
        "median": 12.4027614594,
        "min": 0.000208323152037,
        "var": 194.522125244
    },
    "melbands_crest": {
        "dmean": 3.49055552483,
        "dmean2": 5.54442882538,
        "dvar": 9.9976568222,
        "dvar2": 25.167049408,
        "max": 32.471534729,
        "mean": 17.50157547,
        "median": 16.775428772,
        "min": 4.55515050888,
        "var": 46.3179779053
    },
    "melbands_flatness_db": {
        "dmean": 0.0286437440664,
        "dmean2": 0.0445336848497,
        "dvar": 0.000809020071756,
        "dvar2": 0.00196146010421,
        "max": 0.469495207071,
        "mean": 0.251750081778,
        "median": 0.246454060078,
        "min": 0.0974126160145,
        "var": 0.00417971145362
    },
    "melbands_kurtosis": {
        "dmean": 12.8017673492,
        "dmean2": 20.1225414276,
        "dvar": 419.778259277,
        "dvar2": 959.33782959,
        "max": 349.806335449,
        "mean": 22.0184745789,
        "median": 10.7913837433,
        "min": -0.903104066849,
        "var": 887.33972168
    },
    "melbands_skewness": {
        "dmean": 1.03153383732,
        "dmean2": 1.59040677547,
        "dvar": 1.19449174404,
        "dvar2": 2.66247606277,
        "max": 15.1719226837,
        "mean": 3.25182271004,
        "median": 2.76628899574,
        "min": -0.774722158909,
        "var": 4.67318677902
    },
    "melbands_spread": {
        "dmean": 4.52138757706,
        "dmean2": 7.34769773483,
        "dvar": 28.7289943695,
        "dvar2": 72.3082885742,
        "max": 55.3177604675,
        "mean": 13.0179738998,
        "median": 11.805270195,
        "min": 1.0875878334,
        "var": 72.9314041138
    },
    "pitch_salience": {
        "dmean": 0.0890271738172,
        "dmean2": 0.149705976248,
        "dvar": 0.00810761284083,
        "dvar2": 0.0207890141755,
        "max": 0.800137579441,
        "mean": 0.480015426874,
        "median": 0.50139683485,
        "min": 0.09811065346,
        "var": 0.0205883271992
    },
    "silence_rate_20dB": {
        "dmean": 0.0100697129965,
        "dmean2": 0.0201472304761,
        "dvar": 0.00996820069849,
        "dvar2": 0.0243906341493,
        "max": 1,
        "mean": 0.991095602512,
        "median": 1,
        "min": 0,
        "var": 0.00882520433515
    },
    "silence_rate_30dB": {
        "dmean": 0.0975987613201,
        "dmean2": 0.195273146033,
        "dvar": 0.0880728513002,
        "dvar2": 0.169535756111,
        "max": 1,
        "mean": 0.826558291912,
        "median": 1,
        "min": 0,
        "var": 0.143359914422
    },
    "silence_rate_60dB": {
        "dmean": 0.0100697129965,
        "dmean2": 0.0201472304761,
        "dvar": 0.00996806845069,
        "dvar2": 0.0243894606829,
        "max": 1,
        "mean": 0.0181958954781,
        "median": 0,
        "min": 0,
        "var": 0.0178654082119
    },
    "spectral_centroid": {
        "dmean": 191.499206543,
        "dmean2": 306.479858398,
        "dvar": 41046.5078125,
        "dvar2": 105468.476562,
        "max": 2606.33447266,
        "mean": 922.162902832,
        "median": 861.706298828,
        "min": 199.47744751,
        "var": 148635.90625
    },
    "spectral_complexity": {
        "dmean": 3.02478694916,
        "dmean2": 4.8981013298,
        "dvar": 10.1109189987,
        "dvar2": 24.210817337,
        "max": 41,
        "mean": 16.7746810913,
        "median": 17,
        "min": 0,
        "var": 32.8559188843
    },
    "spectral_decrease": {
        "dmean": 8.07971467509e-09,
        "dmean2": 1.28072779049e-08,
        "dvar": 2.20113740382e-16,
        "dvar2": 5.37687038736e-16,
        "max": -2.39712628003e-13,
        "mean": -1.59799089516e-08,
        "median": -9.50607415007e-09,
        "min": -1.9003250884e-07,
        "var": 3.70529559988e-16
    },
    "spectral_energy": {
        "dmean": 0.0310201067477,
        "dmean2": 0.0492279604077,
        "dvar": 0.00322067271918,
        "dvar2": 0.00787174049765,
        "max": 0.72516900301,
        "mean": 0.0617783665657,
        "median": 0.0370870865881,
        "min": 9.23625805171e-07,
        "var": 0.00541718304157
    },
    "spectral_energyband_high": {
        "dmean": 0.000127822626382,
        "dmean2": 0.00018566865765,
        "dvar": 6.01024581215e-08,
        "dvar2": 1.32527901542e-07,
        "max": 0.00243456708267,
        "mean": 0.000278085935861,
        "median": 0.000183227224625,
        "min": 3.5943563681e-09,
        "var": 9.60673247619e-08
    },
    "spectral_energyband_low": {
        "dmean": 0.0267153885216,
        "dmean2": 0.0421595089138,
        "dvar": 0.00270929792896,
        "dvar2": 0.00661686295643,
        "max": 0.664593100548,
        "mean": 0.0455329157412,
        "median": 0.0211387127638,
        "min": 6.38164181055e-07,
        "var": 0.00426125060767
    },
    "spectral_energyband_middle_high": {
        "dmean": 0.00283096777275,
        "dmean2": 0.00480211153626,
        "dvar": 4.25252983405e-05,
        "dvar2": 0.000115874383482,
        "max": 0.0927041843534,
        "mean": 0.00498017389327,
        "median": 0.00371011160314,
        "min": 2.37985862128e-08,
        "var": 3.5586697777e-05
    },
    "spectral_energyband_middle_low": {
        "dmean": 0.00777369830757,
        "dmean2": 0.0132391666993,
        "dvar": 0.000276482489426,
        "dvar2": 0.000722912780475,
        "max": 0.195830211043,
        "mean": 0.013699949719,
        "median": 0.00916840322316,
        "min": 3.09144240873e-07,
        "var": 0.000290559255518
    },
    "spectral_entropy": {
        "dmean": 0.149871453643,
        "dmean2": 0.242085054517,
        "dvar": 0.0214347522706,
        "dvar2": 0.0536819882691,
        "max": 8.15473175049,
        "mean": 7.40811538696,
        "median": 7.44107484818,
        "min": 6.06089019775,
        "var": 0.0893804058433
    },
    "spectral_flux": {
        "dmean": 0.0462741665542,
        "dmean2": 0.0721418187022,
        "dvar": 0.00526853138581,
        "dvar2": 0.01037024986,
        "max": 0.622194170952,
        "mean": 0.114196881652,
        "median": 0.0786346942186,
        "min": 0.000961054523941,
        "var": 0.00933070853353
    },
    "spectral_kurtosis": {
        "dmean": 1.73946261406,
        "dmean2": 3.03573656082,
        "dvar": 2.85232758522,
        "dvar2": 8.41604709625,
        "max": 24.0633487701,
        "mean": 3.69927573204,
        "median": 3.19975280762,
        "min": -0.645355939865,
        "var": 5.930164814
    },
    "spectral_rms": {
        "dmean": 0.00159539910965,
        "dmean2": 0.00248138979077,
        "dvar": 5.09279470862e-06,
        "dvar2": 1.17587378554e-05,
        "max": 0.0265985317528,
        "mean": 0.00679334951565,
        "median": 0.00601519085467,
        "min": 3.00183000945e-05,
        "var": 1.41218843055e-05
    },
    "spectral_rolloff": {
        "dmean": 253.469528198,
        "dmean2": 431.17401123,
        "dvar": 115186.9375,
        "dvar2": 285960.625,
        "max": 3682.17773438,
        "mean": 694.98260498,
        "median": 667.529296875,
        "min": 64.599609375,
        "var": 287671.0625
    },
    "spectral_skewness": {
        "dmean": 0.23462677002,
        "dmean2": 0.390060842037,
        "dvar": 0.0420980192721,
        "dvar2": 0.1149725914,
        "max": 3.90051746368,
        "mean": 1.56319653988,
        "median": 1.50782048702,
        "min": 0.492884576321,
        "var": 0.166892081499
    },
    "spectral_spread": {
        "dmean": 439776.375,
        "dmean2": 679615.0625,
        "dvar": 222151491584,
        "dvar2": 437901852672,
        "max": 15908269,
        "mean": 3946951,
        "median": 3815584.5,
        "min": 1839047.375,
        "var": 762165133312
    },
    "spectral_strongpeak": {
        "dmean": 0.324285566807,
        "dmean2": 0.534379780293,
        "dvar": 0.272681355476,
        "dvar2": 0.686807513237,
        "max": 12.0726766586,
        "mean": 0.692050457001,
        "median": 0.51622480154,
        "min": 0.000646433967631,
        "var": 0.418851226568
    },
    "zerocrossingrate": {
        "dmean": 0.00552389444783,
        "dmean2": 0.00694547453895,
        "dvar": 2.28765402426e-05,
        "dvar2": 3.13978925988e-05,
        "max": 0.10205078125,
        "mean": 0.0327740125358,
        "median": 0.0302734375,
        "min": 0.00439453125,
        "var": 0.000277248764178
    },
    "barkbands": {
        "dmean": [0.000495492597111, 0.0211822483689, 0.00823046825826, 0.00321697467007, 0.00260606710799, 0.00191736593843, 0.000708605744876, 0.00100942095742, 0.00080853124382, 0.001767379581, 0.00056108640274, 0.000236271327594, 0.000428526633186, 0.000188020232599, 0.000327873363858, 0.000273769517662, 0.00015654868912, 0.000130098851514, 7.98906985437e-05, 2.97837195831e-05, 3.08807830152e-05, 4.35438887507e-05, 2.76849204965e-05, 2.22186808969e-05, 6.65380548526e-06, 7.96322652263e-09, 2.58602961267e-09],
        "dmean2": [0.000777782814112, 0.0336555615067, 0.0146999275312, 0.00576745998114, 0.00459871906787, 0.00342295551673, 0.00118106999435, 0.00163223443087, 0.00134252407588, 0.00300910160877, 0.000898770231288, 0.00040778296534, 0.000752984778956, 0.000324155640556, 0.000584438617807, 0.000498958281241, 0.000271117372904, 0.00023035708, 0.000132471570396, 4.95726235386e-05, 4.90053171234e-05, 6.93084002705e-05, 4.31524094893e-05, 3.30169968947e-05, 1.01253144749e-05, 1.36736284517e-08, 4.80633710609e-09],
        "dvar": [1.2322522025e-06, 0.00169531360734, 0.000464370416012, 6.04781525908e-05, 3.74392293452e-05, 5.13403574587e-05, 1.40347856359e-06, 2.11406018025e-06, 3.53522682417e-06, 3.421119618e-05, 1.20669210446e-06, 1.13730884266e-07, 7.23348080101e-07, 1.00971398354e-07, 5.52964309009e-07, 4.55675774447e-07, 9.09079673761e-08, 1.11938064151e-07, 3.21778337309e-08, 1.6783096024e-09, 2.67544497667e-09, 5.51686785144e-09, 3.73202047044e-09, 2.91376878181e-09, 3.37552014118e-10, 4.08899040768e-16, 1.78939448964e-17],
        "dvar2": [3.42107591678e-06, 0.00424346700311, 0.00126724713482, 0.000175674722414, 0.000102839076135, 0.000146497011883, 3.71407827515e-06, 5.2709378906e-06, 9.19439571589e-06, 9.44971689023e-05, 2.96369285024e-06, 3.32133168968e-07, 1.99658597921e-06, 2.77479017541e-07, 1.56201792834e-06, 1.30454168357e-06, 2.42711195142e-07, 3.15151424957e-07, 7.70281900486e-08, 4.40620562259e-09, 6.54034426617e-09, 1.18912941716e-08, 8.98597818377e-09, 6.78107614505e-09, 8.07862277075e-10, 1.06644465614e-15, 5.58321171613e-17],
        "max": [0.0205657668412, 0.507413685322, 0.301803022623, 0.0653776302934, 0.0580616816878, 0.115361794829, 0.0158454924822, 0.018348088488, 0.0227563045919, 0.0920261368155, 0.0219066981226, 0.0043740849942, 0.00813545566052, 0.0051294779405, 0.00694600539282, 0.005807321053, 0.0040541565977, 0.00325364526361, 0.0073379422538, 0.000337790959748, 0.000758674985263, 0.000725638121367, 0.000631845730823, 0.000590044364799, 0.00020679278532, 3.86045513778e-07, 6.15248438862e-08],
        "mean": [0.000840926310048, 0.0331292673945, 0.00928147230297, 0.00365698686801, 0.00299251289107, 0.00239499728195, 0.00103958230466, 0.00158524245489, 0.00117989873979, 0.00230104196817, 0.000811638659798, 0.000357300858013, 0.000490306818392, 0.000252841215115, 0.000389306078432, 0.000300436106045, 0.000206162541872, 0.000137510345667, 0.0001336979185, 5.04063609696e-05, 6.23837986495e-05, 8.61668377183e-05, 4.89745543746e-05, 3.83279257221e-05, 1.08877748062e-05, 1.02886854592e-08, 2.15210205212e-09],
        "median": [0.000296102749417, 0.0141563918442, 0.00219850009307, 0.00123160099611, 0.00132695725188, 0.00116649479605, 0.00060044019483, 0.000909855240025, 0.00049281003885, 0.00113778922241, 0.000400701188482, 0.000225821597269, 0.000241750021814, 0.000127996332594, 0.000197645902517, 0.000132925386424, 9.53029666562e-05, 6.45920008537e-05, 6.94728514645e-05, 3.69123517885e-05, 3.9433954953e-05, 5.57036000828e-05, 2.80718268186e-05, 1.79309918167e-05, 2.8551505693e-06, 3.53246587537e-09, 6.48583520224e-10],
        "min": [9.32455890279e-09, 1.85381921369e-07, 1.15127555489e-07, 9.8145612526e-08, 6.11779285009e-08, 1.10779339479e-07, 3.89850507432e-09, 5.82526737958e-09, 2.80106355888e-08, 6.75415545714e-09, 3.50105877622e-09, 4.75773254127e-10, 4.31502700238e-09, 3.65636076971e-09, 2.27139040909e-09, 2.49037657163e-09, 3.95436822176e-10, 2.36939856624e-10, 4.00958960478e-10, 6.86071921496e-10, 4.49075249209e-10, 7.46595285595e-10, 3.69411390366e-10, 1.17404364008e-09, 2.51009657504e-10, 2.14518749986e-11, 2.34169506702e-11],
        "var": [1.80945414741e-06, 0.00243334285915, 0.000480150192743, 4.87912948302e-05, 3.09524075419e-05, 3.6966677726e-05, 1.66509857991e-06, 3.62769583262e-06, 4.88669684273e-06, 2.64840418822e-05, 1.61065463544e-06, 1.67286799524e-07, 6.05902869211e-07, 1.14772682025e-07, 4.46313549674e-07, 3.27290877067e-07, 1.11046212226e-07, 7.74566899508e-08, 1.29559154516e-07, 2.23713825243e-09, 5.44300737815e-09, 8.21647905269e-09, 4.47232118006e-09, 4.14965839468e-09, 5.3874826822e-10, 4.93295471338e-16, 1.538808064e-17]
    },
    "erbbands": {
        "dmean": [0.609528064728, 4.94809436798, 9.87079524994, 9.65146160126, 8.30810928345, 9.02619361877, 14.4124965668, 16.3799438477, 11.0083017349, 17.0904998779, 16.610666275, 18.7250423431, 46.9764518738, 41.4972763062, 16.5561904907, 11.5056877136, 20.2296237946, 11.5919704437, 14.811460495, 16.9163856506, 11.474521637, 7.25231790543, 8.22890472412, 4.6795873642, 3.28012037277, 1.50571990013, 1.62208747864, 1.0149461031, 1.40264737606, 1.31123888493, 0.700704395771, 0.542686879635, 0.302499592304, 0.141580298543, 0.0096291853115, 0.000432097294834, 2.93857938232e-05, 4.64415734314e-06, 1.44899004226e-05, 3.40768419846e-05],
        "dmean2": [0.920901834965, 8.04110908508, 17.4991359711, 17.1636734009, 15.1062860489, 15.8974323273, 25.2550773621, 29.3856735229, 18.6021461487, 28.4527854919, 26.4430885315, 30.3626842499, 81.2384567261, 68.8304977417, 26.0978431702, 19.7395896912, 35.4118690491, 20.4352912903, 25.6381816864, 30.6874732971, 20.9290885925, 12.872710228, 14.3586368561, 8.15783596039, 5.2726316452, 2.50270271301, 2.59735679626, 1.54587054253, 2.24213767052, 2.04982757568, 1.08584260941, 0.829458832741, 0.436266541481, 0.217328950763, 0.0143348192796, 0.000638375116978, 4.27869308623e-05, 7.07213894202e-06, 2.27841464948e-05, 5.40826804354e-05],
        "dvar": [1.16071808338, 102.504585266, 653.372680664, 531.214416504, 524.735107422, 414.660339355, 1991.28442383, 3932.32617188, 466.506591797, 750.953063965, 526.430786133, 1902.17932129, 21272.0644531, 16764.2128906, 885.81451416, 245.367538452, 1598.97705078, 375.702056885, 860.582763672, 1656.51489258, 864.627807617, 235.76361084, 389.447113037, 102.112075806, 93.3760452271, 4.0014424324, 7.20693302155, 2.26132535934, 5.4486746788, 6.80692863464, 2.36332011223, 1.66869986057, 0.480354100466, 0.151283115149, 0.00062222831184, 1.23852498746e-06, 4.37083569338e-09, 8.19666071128e-11, 6.89757417849e-10, 3.8520107104e-09],
        "dvar2": [2.76893401146, 260.281616211, 1754.04089355, 1532.44104004, 1499.62915039, 1145.16943359, 5588.80322266, 11331.3632812, 1273.29174805, 1979.53857422, 1139.82946777, 4697.89501953, 59998.1523438, 44473.9882812, 2005.6776123, 707.458068848, 4412.66113281, 1067.8347168, 2369.95825195, 4792.63769531, 2481.44165039, 660.399291992, 1087.22131348, 279.601531982, 209.802352905, 10.6354446411, 17.569355011, 5.15576028824, 11.3885774612, 16.1740970612, 5.66863679886, 4.00858974457, 1.04571223259, 0.362580507994, 0.00137377216015, 2.71674662145e-06, 9.55629797517e-09, 1.81548068245e-10, 1.66699509752e-09, 9.41110567254e-09],
        "max": [11.6402606964, 133.494033813, 332.633575439, 205.588775635, 180.796524048, 228.202789307, 700.054138184, 941.713195801, 273.79888916, 273.77456665, 500.966308594, 685.743774414, 2238.61206055, 2103.81835938, 702.488220215, 198.51776123, 408.071533203, 188.690963745, 349.055145264, 384.998626709, 262.391021729, 126.494407654, 204.549484253, 94.7802581787, 491.392791748, 25.6154384613, 35.2400970459, 14.1447944641, 23.4207324982, 29.4876232147, 15.8474283218, 14.123175621, 8.19271850586, 4.26142644882, 0.320154249668, 0.0141303325072, 0.000778677058406, 0.000101689867734, 0.000328561087372, 0.000788331439253],
        "mean": [1.09320306778, 6.84418916702, 11.4203472137, 12.2068519592, 8.52886390686, 10.7043533325, 17.5128116608, 19.3179626465, 15.626411438, 24.9180698395, 29.9432868958, 30.3316783905, 60.9778900146, 56.0244750977, 28.5366458893, 18.275686264, 24.3337917328, 15.3394079208, 18.4474086761, 20.5675201416, 12.9092006683, 9.39746189117, 9.41731071472, 6.58962440491, 5.71571540833, 2.70278906822, 3.14920115471, 2.06052803993, 2.88795185089, 2.4022538662, 1.27675831318, 0.887284338474, 0.556619524956, 0.234734997153, 0.0165952499956, 0.000780287431553, 6.28436973784e-05, 1.00163470051e-05, 3.02344269585e-05, 6.87006104272e-05],
        "median": [0.420552909374, 2.60719847679, 2.91658496857, 4.84878349304, 2.98503518105, 4.70689725876, 7.97341871262, 9.35311794281, 9.34677410126, 15.547952652, 17.0963058472, 13.5399723053, 26.3715610504, 27.6237792969, 16.1771087646, 12.32999897, 12.6587514877, 8.77581882477, 9.84102153778, 10.0313587189, 6.74967956543, 4.77412557602, 4.30674219131, 3.81266856194, 2.31634831429, 1.98091757298, 1.99623930454, 1.38459944725, 1.88877809048, 1.51622855663, 0.726396560669, 0.46475866437, 0.228517204523, 0.0658877715468, 0.00424847146496, 0.000240990455495, 3.28007117787e-05, 6.14387408859e-06, 1.91233120859e-05, 4.1989453166e-05],
        "min": [1.77747472208e-06, 6.70029112371e-05, 0.00038900092477, 0.000379885867005, 0.000297099410091, 0.000146616570419, 0.000570034899283, 0.000896179000847, 0.000157097296324, 6.86819112161e-05, 0.000340205820976, 0.000591554970015, 0.000155923582497, 0.000286195194349, 7.93904109742e-05, 4.20408614445e-05, 0.000203599294764, 0.000201322181965, 0.000126977014588, 0.000138004412293, 8.65961555974e-05, 2.15215422941e-05, 1.99396727112e-05, 1.95631928364e-05, 1.57954273163e-05, 4.07655643357e-05, 2.44384282269e-05, 1.6768277419e-05, 3.04672012135e-05, 1.13590531328e-05, 1.23560093925e-05, 2.21940917982e-05, 1.99591650016e-05, 6.37980701867e-06, 5.58543888474e-07, 9.94910251961e-08, 4.08010976116e-08, 1.30774377993e-08, 4.13855483217e-09, 1.3520167208e-09],
        "var": [2.29177331924, 126.844345093, 676.948486328, 476.195648193, 380.728546143, 353.75592041, 1559.78430176, 2656.50512695, 440.997924805, 867.568115234, 1641.30297852, 3137.22290039, 16157.6044922, 14481.4482422, 1594.79260254, 375.448303223, 1357.39025879, 338.855804443, 799.804077148, 1228.20202637, 574.75769043, 215.507553101, 297.324829102, 92.5082244873, 503.626464844, 7.06146240234, 14.0490312576, 3.99004006386, 8.83740329742, 8.43557739258, 3.00269937515, 2.06427502632, 0.8996078372, 0.239469408989, 0.00125578430016, 2.4859145924e-06, 8.28685120524e-09, 1.51370166401e-10, 1.17028808866e-09, 6.46838671514e-09]
    },
    "gfcc": {
        "mean": [-20.5562171936, 147.51171875, -139.211639404, 48.5158119202, -72.9334564209, 28.1060085297, -21.4822216034, -2.52274346352, 4.18594694138, -17.6075401306, 7.21031808853, -15.1145935059, 9.25360488892],
        "cov": [[2416.0949707, 335.843109131, 508.915130615, 438.955108643, 496.993255615, 168.725738525, 66.3458786011, 232.08833313, 34.0642967224, -12.2964744568, -31.2701568604, -81.9478149414, 71.7663040161], [335.843109131, 616.008850098, 314.338104248, 161.887695312, 341.282714844, 24.7383441925, 168.681900024, -12.075551033, 106.143760681, -105.071372986, -26.6250457764, -44.8733558655, 38.9192314148], [508.915130615, 314.338104248, 829.458251953, 269.733947754, 214.668014526, 224.670852661, 142.064804077, 100.854995728, 20.670791626, -14.204410553, -33.4275741577, -40.1921615601, 71.114364624], [438.955108643, 161.887695312, 269.733947754, 361.97366333, 333.077819824, 124.138153076, 119.779891968, 73.7422866821, 87.2791290283, 8.43399143219, 19.9991397858, -17.6452941895, 1.61930191517], [496.993255615, 341.282714844, 214.668014526, 333.077819824, 558.601013184, 120.292602539, 159.320663452, 102.961959839, 148.622741699, 3.23489689827, 26.9657726288, -30.6891460419, 13.514714241], [168.725738525, 24.7383441925, 224.670852661, 124.138153076, 120.292602539, 165.621444702, 91.8926315308, 73.488243103, 36.8825912476, 36.8253746033, 13.1601486206, -1.89819598198, 15.0666532516], [66.3458786011, 168.681900024, 142.064804077, 119.779891968, 159.320663452, 91.8926315308, 202.5806427, 48.0959815979, 90.6016998291, -6.15018749237, 30.931602478, 14.96180439, 17.0016326904], [232.08833313, -12.075551033, 100.854995728, 73.7422866821, 102.961959839, 73.488243103, 48.0959815979, 150.078979492, 36.5377349854, 48.6168441772, 13.4837875366, 4.72762012482, 32.8418540955], [34.0642967224, 106.143760681, 20.670791626, 87.2791290283, 148.622741699, 36.8825912476, 90.6016998291, 36.5377349854, 116.399040222, 29.2518463135, 31.7670555115, 9.15204906464, 5.73705482483], [-12.2964744568, -105.071372986, -14.204410553, 8.43399143219, 3.23489689827, 36.8253746033, -6.15018749237, 48.6168441772, 29.2518463135, 97.4640884399, 48.4743423462, 19.5850982666, 10.0983037949], [-31.2701568604, -26.6250457764, -33.4275741577, 19.9991397858, 26.9657726288, 13.1601486206, 30.931602478, 13.4837875366, 31.7670555115, 48.4743423462, 73.0943756104, 40.8492431641, 9.49118328094], [-81.9478149414, -44.8733558655, -40.1921615601, -17.6452941895, -30.6891460419, -1.89819598198, 14.96180439, 4.72762012482, 9.15204906464, 19.5850982666, 40.8492431641, 67.0300598145, 36.3467712402], [71.7663040161, 38.9192314148, 71.114364624, 1.61930191517, 13.514714241, 15.0666532516, 17.0016326904, 32.8418540955, 5.73705482483, 10.0983037949, 9.49118328094, 36.3467712402, 76.3325500488]],
        "icov": [[0.000722262600902, -0.000398972944822, 0.000122896846733, -0.000802078575362, 1.7065256543e-05, -0.000247887684964, 0.000618389633019, -0.00102730223443, 0.000649550638627, 0.000350398535375, -0.000535883824341, 0.000924176129047, -0.00069155060919], [-0.000398972944822, 0.00898765586317, -0.00352369318716, 0.00380916241556, -0.00482601067051, 0.00495513062924, -0.00329229584895, 0.00394290639088, -0.00559911737218, 0.00756621966138, -0.00340909464285, 0.00627788947895, -0.00523766176775], [0.000122896846733, -0.00352369318716, 0.00441778311506, -0.0032344898209, 0.00268496549688, -0.0051421453245, 0.000786406511907, -0.00123876100406, 0.00298992823809, -0.00171336124185, 0.00088022305863, 0.00134127412457, -0.00221486017108], [-0.000802078575362, 0.00380916241556, -0.0032344898209, 0.0103199696168, -0.00603881850839, 0.00110297522042, -0.00161096942611, 0.00222486816347, -0.00287300534546, 0.00259652477689, -0.0010600334499, -0.00123372708913, 0.00245111971162], [1.7065256543e-05, -0.00482601067051, 0.00268496549688, -0.00603881850839, 0.0088929804042, -0.00405603460968, 0.00253947800957, -0.00351360696368, -0.0020752614364, 0.000230771693168, -0.00234783580527, 0.00234084529802, -0.000453818094684], [-0.000247887684964, 0.00495513062924, -0.0051421453245, 0.00110297522042, -0.00405603460968, 0.0196709521115, -0.0084796063602, 0.000480595277622, 0.00137613376137, -0.00617750920355, 0.00449570361525, -0.00129954668228, 0.0017647894565], [0.000618389633019, -0.00329229584895, 0.000786406511907, -0.00161096942611, 0.00253947800957, -0.0084796063602, 0.0155989825726, -0.0040777316317, -0.00769907562062, 0.0091669363901, -0.00764685310423, -0.0010224665748, 0.000706507882569], [-0.00102730223443, 0.00394290639088, -0.00123876100406, 0.00222486816347, -0.00351360696368, 0.000480595277622, -0.0040777316317, 0.0145492414013, -0.00142984080594, -0.00507998419926, 0.00375816994347, 0.00177619082388, -0.00529545731843], [0.000649550638627, -0.00559911737218, 0.00298992823809, -0.00287300534546, -0.0020752614364, 0.00137613376137, -0.00769907562062, -0.00142984080594, 0.0262905266136, -0.0157260876149, 0.00630905339494, -0.00611378345639, 0.00417651096359], [0.000350398535375, 0.00756621966138, -0.00171336124185, 0.00259652477689, 0.000230771693168, -0.00617750920355, 0.0091669363901, -0.00507998419926, -0.0157260876149, 0.0396965295076, -0.0277003832161, 0.0160137824714, -0.00957423076034], [-0.000535883824341, -0.00340909464285, 0.00088022305863, -0.0010600334499, -0.00234783580527, 0.00449570361525, -0.00764685310423, 0.00375816994347, 0.00630905339494, -0.0277003832161, 0.0463132672012, -0.0301535874605, 0.0128488559276], [0.000924176129047, 0.00627788947895, 0.00134127412457, -0.00123372708913, 0.00234084529802, -0.00129954668228, -0.0010224665748, 0.00177619082388, -0.00611378345639, 0.0160137824714, -0.0301535874605, 0.0519192479551, -0.0286193508655], [-0.00069155060919, -0.00523766176775, -0.00221486017108, 0.00245111971162, -0.000453818094684, 0.0017647894565, 0.000706507882569, -0.00529545731843, 0.00417651096359, -0.00957423076034, 0.0128488559276, -0.0286193508655, 0.033268276602]]
    },
    "melbands": {
        "dmean": [0.00577093055472, 0.00540004251525, 0.00165351375472, 0.000563319714274, 0.000486391683808, 0.000357273966074, 0.000160820563906, 0.000200426511583, 0.000127194158267, 0.000124333775602, 0.000243326518103, 0.000183293072041, 6.40831640339e-05, 3.11286275974e-05, 3.49212459696e-05, 3.91787143599e-05, 2.15728668991e-05, 2.15788440983e-05, 2.22585658776e-05, 2.39776236413e-05, 1.17977624541e-05, 7.0296218837e-06, 1.02752210296e-05, 5.55317592443e-06, 3.87819181924e-06, 2.97793621939e-06, 1.19503465612e-06, 1.05888432245e-06, 1.12165423616e-06, 8.23383118131e-07, 6.35849517039e-07, 9.22340632314e-07, 8.26312543722e-07, 7.23532195934e-07, 4.63221482505e-07, 2.98922145703e-07, 3.68529896377e-07, 2.25411596944e-07, 1.81190884518e-07, 9.98728921786e-08],
        "dmean2": [0.00898052565753, 0.00913122761995, 0.00295517360792, 0.00100633944385, 0.00084584770957, 0.000638698053081, 0.000269226438832, 0.000333737581968, 0.000199754038476, 0.000205609379918, 0.000422448763857, 0.000306051078951, 0.000101316225482, 5.26472285856e-05, 5.97064135945e-05, 6.97889190633e-05, 3.79874836653e-05, 3.69312583643e-05, 4.01529468945e-05, 4.35889414803e-05, 2.13301846088e-05, 1.24243651953e-05, 1.78103036887e-05, 9.78576190391e-06, 6.76692707202e-06, 4.85375903736e-06, 1.94898461814e-06, 1.76797448148e-06, 1.84129271474e-06, 1.30788191655e-06, 9.75733200903e-07, 1.50977678004e-06, 1.31037324991e-06, 1.14342924462e-06, 7.25806899027e-07, 4.74357250368e-07, 5.61243609809e-07, 3.32160823291e-07, 2.81396779656e-07, 1.52448166091e-07],
        "dvar": [0.000114274342195, 0.000155111192726, 1.6354233594e-05, 2.09659697248e-06, 1.99293367587e-06, 1.84031000572e-06, 8.70839400591e-08, 1.07448130393e-07, 2.93891542213e-08, 9.18254059457e-08, 6.03143689659e-07, 3.6152871985e-07, 1.7478466674e-08, 1.66917923927e-09, 2.95182722709e-09, 6.5233369817e-09, 1.21856935653e-09, 1.59922275422e-09, 3.07928815779e-09, 3.03154412684e-09, 8.81235473482e-10, 2.18997278645e-10, 5.28926624721e-10, 1.98712435395e-10, 6.77038217156e-11, 8.47281828031e-11, 6.14067000373e-12, 1.76457416387e-12, 3.43072944185e-12, 2.05535436761e-12, 8.67498239042e-13, 2.24946450356e-12, 1.83942422925e-12, 2.42465487792e-12, 1.08364229048e-12, 3.2267534456e-13, 8.89452899354e-13, 2.51678181334e-13, 2.17417772154e-13, 7.50750305564e-14],
        "dvar2": [0.000282269204035, 0.000404123653425, 4.72883366456e-05, 5.91208072365e-06, 5.52273513676e-06, 5.28079499418e-06, 2.35522676917e-07, 2.83269599777e-07, 6.24554132855e-08, 2.34379427866e-07, 1.70345163042e-06, 9.65825620369e-07, 4.04856379532e-08, 4.82196238494e-09, 8.02822075485e-09, 1.81171184721e-08, 3.48668316441e-09, 4.33799263178e-09, 8.81461481583e-09, 8.66010108069e-09, 2.51465737122e-09, 6.01027505542e-10, 1.45770440163e-09, 5.56455381773e-10, 1.85947313103e-10, 1.8928611456e-10, 1.5110211693e-11, 4.82916961628e-12, 8.50774225375e-12, 5.19011569833e-12, 2.04410728795e-12, 4.93064660281e-12, 3.82491694567e-12, 6.03012041342e-12, 2.60820293314e-12, 7.81764247521e-13, 2.11588017072e-12, 5.28874958151e-13, 5.28252788734e-13, 1.77601179206e-13],
        "max": [0.110167443752, 0.156240820885, 0.0332056060433, 0.0138913532719, 0.0210816878825, 0.0208068247885, 0.00352066219784, 0.00319316308014, 0.00399962207302, 0.00450046639889, 0.0119993863627, 0.00958861410618, 0.00331574422307, 0.000512361410074, 0.000592516851611, 0.00067547155777, 0.000404229125706, 0.000491040002089, 0.000520602741744, 0.000416360970121, 0.00026262839674, 0.000199845875613, 0.000217545006308, 0.000135205715196, 8.00921989139e-05, 0.000433625245932, 0.000107127481897, 1.34797737701e-05, 1.84160344361e-05, 3.1068771932e-05, 9.37777713261e-06, 1.46601478264e-05, 1.32562563522e-05, 1.81641225936e-05, 1.1050799003e-05, 5.78639310334e-06, 9.95024311123e-06, 5.93650975134e-06, 5.49471951672e-06, 3.08619473799e-06],
        "mean": [0.00948155671358, 0.00712151778862, 0.00205031549558, 0.00062376173446, 0.000610217335634, 0.000435479945736, 0.000232966558542, 0.000292800134048, 0.000227438198635, 0.000189763683011, 0.000308438844513, 0.000237369022216, 9.96368835331e-05, 5.08856137458e-05, 4.86950957566e-05, 4.39600771642e-05, 2.75808488368e-05, 2.72542547464e-05, 2.62984776782e-05, 2.78373045148e-05, 1.28238480102e-05, 8.93488959264e-06, 1.22848077808e-05, 5.82715483688e-06, 5.17717580806e-06, 5.13012400916e-06, 1.97327813112e-06, 1.7488530375e-06, 2.02914338843e-06, 1.53036251049e-06, 1.14179738375e-06, 1.76581397682e-06, 1.53971973305e-06, 1.22755170651e-06, 8.00003931545e-07, 4.98096881074e-07, 5.72130090859e-07, 4.17706615963e-07, 2.99361943235e-07, 1.59994300475e-07],
        "median": [0.00389229343273, 0.00248286966234, 0.000816514482722, 0.000259545340668, 0.000290840369416, 0.000214741172385, 0.00014072083286, 0.000184093296411, 0.000128569532535, 7.60692928452e-05, 0.0001323933393, 0.000109620392323, 5.09946294187e-05, 3.50412337866e-05, 3.00176470773e-05, 2.25379808398e-05, 1.43508659676e-05, 1.47861119331e-05, 1.34714227897e-05, 1.26084005387e-05, 5.5569239521e-06, 4.22479479312e-06, 4.34147159467e-06, 2.59402031588e-06, 2.93140010399e-06, 1.97738540919e-06, 1.01093519334e-06, 1.27190151034e-06, 1.24016685277e-06, 9.18566570363e-07, 7.59133399697e-07, 1.13745579711e-06, 1.00747001852e-06, 7.4952487239e-07, 4.38168342498e-07, 2.83478158281e-07, 2.7876322406e-07, 1.71554432882e-07, 9.51310354935e-08, 3.78920823607e-08],
        "min": [3.74898476707e-08, 1.68527321875e-07, 6.73353781622e-08, 1.49703076602e-08, 1.6576786166e-08, 1.98436485022e-08, 2.02128114246e-09, 7.52077400357e-10, 3.94421162397e-09, 3.32613292464e-09, 6.43857134275e-10, 1.16498988234e-09, 3.83376941304e-10, 6.20962239961e-11, 3.08338105048e-10, 3.55336371438e-10, 4.09122097311e-10, 2.09799344564e-10, 1.56620716396e-10, 2.43772391162e-10, 5.96555790877e-11, 1.30348830688e-11, 3.50174542141e-11, 8.37589459596e-12, 1.73653730284e-11, 1.15903510747e-11, 9.58159072917e-12, 3.31144035803e-11, 1.35715015614e-11, 1.2207286397e-11, 9.24840846267e-12, 1.96520542894e-11, 1.14830098555e-11, 4.07553548201e-12, 5.95161506883e-12, 1.15351938071e-11, 1.25511536928e-11, 1.38131138472e-11, 9.61514548536e-12, 4.62611546292e-12],
        "var": [0.000184419972356, 0.000176080895471, 1.41489708767e-05, 1.59806802458e-06, 1.62821197591e-06, 1.27675468775e-06, 8.92594300694e-08, 1.18979762931e-07, 9.54189047775e-08, 1.37355499419e-07, 4.49007188763e-07, 3.04113967786e-07, 2.77208123123e-08, 2.54351872897e-09, 3.22631854566e-09, 5.10386088948e-09, 1.24769550247e-09, 1.58004664907e-09, 2.25149099364e-09, 2.36745179016e-09, 6.33787744508e-10, 2.20531023998e-10, 5.31835853135e-10, 1.40018219241e-10, 5.81930580112e-11, 4.51230552923e-10, 2.15678620796e-11, 2.56428515574e-12, 5.49326513097e-12, 4.93383675929e-12, 1.25055749176e-12, 3.50862633218e-12, 2.80848001105e-12, 2.70863583299e-12, 1.36366612447e-12, 4.1390830108e-13, 1.08434647979e-12, 5.00845133596e-13, 3.37596297488e-13, 1.24596527215e-13]
    },
    "mfcc": {
        "mean": [-641.353820801, 142.989456177, 8.45028018951, 15.1176242828, -4.93666219711, 15.4200706482, -3.58817839622, 13.3014507294, 3.34465694427, 5.41995763779, 1.308842659, 1.63430154324, -0.166009441018],
        "cov": [[2208.296875, 207.03894043, 39.3534355164, 320.750244141, 440.41217041, 92.6128463745, 189.013092041, 103.433563232, 161.740707397, 127.268013, 31.6061859131, 5.76620674133, 18.1675720215], [207.03894043, 589.07232666, 106.259124756, 168.051193237, 171.933654785, 114.802139282, 72.770942688, 113.639610291, 102.530220032, 72.2972259521, -28.352191925, -32.1745605469, -38.187877655], [39.3534355164, 106.259124756, 637.231506348, 41.7141189575, 52.0880432129, 96.3024520874, 122.703491211, 51.9916114807, 87.1703796387, 13.1982593536, -8.90936851501, -26.1969909668, -35.820854187], [320.750244141, 168.051193237, 41.7141189575, 292.994384766, 243.755325317, 155.761108398, 99.5622253418, 112.030380249, 82.1256332397, 96.2388076782, 33.2695198059, 34.0860824585, 26.1900444031], [440.41217041, 171.933654785, 52.0880432129, 243.755325317, 377.71975708, 143.220687866, 130.339279175, 82.1907958984, 119.616333008, 102.172538757, 58.7830467224, 35.5218505859, 24.0239963531], [92.6128463745, 114.802139282, 96.3024520874, 155.761108398, 143.220687866, 191.231658936, 85.119644165, 95.1364135742, 58.6997680664, 69.0258483887, 28.1824741364, 35.4327888489, 20.2357826233], [189.013092041, 72.770942688, 122.703491211, 99.5622253418, 130.339279175, 85.119644165, 140.461349487, 80.1309051514, 79.217338562, 59.2681617737, 33.6116294861, 18.8689289093, 24.0433330536], [103.433563232, 113.639610291, 51.9916114807, 112.030380249, 82.1907958984, 95.1364135742, 80.1309051514, 133.603973389, 76.0191497803, 57.5353355408, 16.6039295197, 19.0561485291, 17.1429748535], [161.740707397, 102.530220032, 87.1703796387, 82.1256332397, 119.616333008, 58.6997680664, 79.217338562, 76.0191497803, 123.551521301, 72.2342681885, 26.1179656982, 8.73592185974, 14.6110086441], [127.268013, 72.2972259521, 13.1982593536, 96.2388076782, 102.172538757, 69.0258483887, 59.2681617737, 57.5353355408, 72.2342681885, 100.087982178, 45.7083702087, 22.9028129578, 21.547504425], [31.6061859131, -28.352191925, -8.90936851501, 33.2695198059, 58.7830467224, 28.1824741364, 33.6116294861, 16.6039295197, 26.1179656982, 45.7083702087, 78.3904724121, 43.6969566345, 22.4200992584], [5.76620674133, -32.1745605469, -26.1969909668, 34.0860824585, 35.5218505859, 35.4327888489, 18.8689289093, 19.0561485291, 8.73592185974, 22.9028129578, 43.6969566345, 75.7841644287, 38.0177536011], [18.1675720215, -38.187877655, -35.820854187, 26.1900444031, 24.0239963531, 20.2357826233, 24.0433330536, 17.1429748535, 14.6110086441, 21.547504425, 22.4200992584, 38.0177536011, 63.7247428894]],
