{
"lowlevel": {
    "average_loudness": 0.966744959354,
    "barkbands_crest": {
        "dmean": 2.75492620468,
        "dmean2": 4.54151773453,
        "dvar": 6.25074958801,
        "dvar2": 16.7021408081,
        "max": 23.8180141449,
        "mean": 12.5972442627,
        "median": 12.1873502731,
        "min": 4.20925855637,
        "var": 16.5614795685
    },
    "barkbands_flatness_db": {
        "dmean": 0.0318769849837,
        "dmean2": 0.051427770406,
        "dvar": 0.000904274522327,
        "dvar2": 0.00233188550919,
        "max": 0.389397591352,
        "mean": 0.222640126944,
        "median": 0.223887071013,
        "min": 0.0960680320859,
        "var": 0.00259499996901
    },
    "barkbands_kurtosis": {
        "dmean": 8.43678760529,
        "dmean2": 13.6785211563,
        "dvar": 139.136672974,
        "dvar2": 364.082244873,
        "max": 125.140975952,
        "mean": 16.6122341156,
        "median": 12.0951423645,
        "min": -1.10350894928,
        "var": 238.49206543
    },
    "barkbands_skewness": {
        "dmean": 0.845111310482,
        "dmean2": 1.34703874588,
        "dvar": 0.779084444046,
        "dvar2": 1.99071502686,
        "max": 9.46225166321,
        "mean": 3.47002792358,
        "median": 3.28116154671,
        "min": 0.469385892153,
        "var": 2.00413227081
    },
    "barkbands_spread": {
        "dmean": 3.96858072281,
        "dmean2": 6.4595041275,
        "dvar": 20.890378952,
        "dvar2": 50.5965003967,
        "max": 47.9894104004,
        "mean": 11.2481565475,
        "median": 9.2223815918,
        "min": 0.999678254128,
        "var": 54.3767662048
    },
    "dissonance": {
        "dmean": 0.0153916385025,
        "dmean2": 0.0251940917224,
        "dvar": 0.000166132231243,
        "dvar2": 0.000398152595153,
        "max": 0.499830693007,
        "mean": 0.461475551128,
        "median": 0.463711291552,
        "min": 0.378257811069,
        "var": 0.00039118231507
    },
    "dynamic_complexity": 1.94121336937,
    "erbbands_crest": {
        "dmean": 1.7167301178,
        "dmean2": 2.80805158615,
        "dvar": 2.65239334106,
        "dvar2": 6.57628631592,
        "max": 18.3209838867,
        "mean": 6.62696886063,
        "median": 6.16748666763,
        "min": 2.41445612907,
        "var": 5.74366140366
    },
    "erbbands_flatness_db": {
        "dmean": 0.0110416468233,
        "dmean2": 0.0159680936486,
        "dvar": 0.000104087986983,
        "dvar2": 0.000199528047233,
        "max": 0.232187852263,
        "mean": 0.171552032232,
        "median": 0.173561632633,
        "min": 0.0863648504019,
        "var": 0.000402135541663
    },
    "erbbands_kurtosis": {
        "dmean": 0.3112847507,
        "dmean2": 0.496439546347,
        "dvar": 0.157055735588,
        "dvar2": 0.404706329107,
        "max": 4.51223278046,
        "mean": -0.869027376175,
        "median": -0.961447000504,
        "min": -1.71631777287,
        "var": 0.25676009059
    },
    "erbbands_skewness": {
        "dmean": 0.249674648046,
        "dmean2": 0.40352845192,
        "dvar": 0.049992904067,
        "dvar2": 0.128862410784,
        "max": 2.27206635475,
        "mean": 0.309055000544,
        "median": 0.283127427101,
        "min": -0.718017995358,
        "var": 0.138244122267
    },
    "erbbands_spread": {
        "dmean": 7.28033304214,
        "dmean2": 10.907995224,
        "dvar": 38.519405365,
        "dvar2": 88.4510955811,
        "max": 96.5210876465,
        "mean": 56.3822746277,
        "median": 55.7019844055,
        "min": 27.3015136719,
        "var": 123.146820068
    },
    "hfc": {
        "dmean": 5.48044157028,
        "dmean2": 8.35196781158,
        "dvar": 94.5098876953,
        "dvar2": 220.094482422,
        "max": 90.4679107666,
        "mean": 15.5677375793,
        "median": 11.6027116776,
        "min": 0.000947342487052,
        "var": 156.59602356
    },
    "melbands_crest": {
        "dmean": 3.24357485771,
        "dmean2": 5.26634931564,
        "dvar": 9.05428218842,
        "dvar2": 24.7351150513,
        "max": 30.185798645,
        "mean": 19.9422035217,
        "median": 20.2777271271,
        "min": 5.58330106735,
        "var": 20.965259552
    },
    "melbands_flatness_db": {
        "dmean": 0.0364097133279,
        "dmean2": 0.0566042363644,
        "dvar": 0.00126853806432,
        "dvar2": 0.00296857347712,
        "max": 0.474110037088,
        "mean": 0.281338304281,
        "median": 0.285479187965,
        "min": 0.0928757190704,
        "var": 0.00435615517199
    },
    "melbands_kurtosis": {
        "dmean": 21.0849380493,
        "dmean2": 34.0425071716,
        "dvar": 766.02545166,
        "dvar2": 2026.91430664,
        "max": 272.904022217,
        "mean": 46.8823547363,
        "median": 36.6014328003,
        "min": 3.41713047028,
        "var": 1363.11083984
    },
    "melbands_skewness": {
        "dmean": 1.18296301365,
        "dmean2": 1.86256146431,
        "dvar": 1.3446354866,
        "dvar2": 3.42076325417,
        "max": 12.6138372421,
        "mean": 5.40671157837,
        "median": 5.21118211746,
        "min": 1.45389950275,
        "var": 3.66948509216
    },
    "melbands_spread": {
        "dmean": 3.40719056129,
        "dmean2": 5.54169178009,
        "dvar": 18.1307048798,
        "dvar2": 43.9447021484,
        "max": 55.6187133789,
        "mean": 8.27003765106,
        "median": 6.35242652893,
        "min": 0.711724698544,
        "var": 40.1514282227
    },
    "pitch_salience": {
        "dmean": 0.088871255517,
        "dmean2": 0.147679716349,
        "dvar": 0.00680367322639,
        "dvar2": 0.0180729124695,
        "max": 0.819267988205,
        "mean": 0.408691167831,
        "median": 0.402062922716,
        "min": 0.140311405063,
        "var": 0.0149392588064
    },
    "silence_rate_20dB": {
        "dmean": 0,
        "dmean2": 0,
        "dvar": 0,
        "dvar2": 0,
        "max": 1,
        "mean": 1,
        "median": 1,
        "min": 1,
        "var": 0
    },
    "silence_rate_30dB": {
        "dmean": 0.11627907306,
        "dmean2": 0.232738554478,
        "dvar": 0.102757275105,
        "dvar2": 0.209603533149,
        "max": 1,
        "mean": 0.859023988247,
        "median": 1,
        "min": 0,
        "var": 0.121100343764
    },
    "silence_rate_60dB": {
        "dmean": 0.00155038759112,
        "dmean2": 0.00310318078846,
        "dvar": 0.00154796463903,
        "dvar2": 0.00309357652441,
        "max": 1,
        "mean": 0.0123934932053,
        "median": 0,
        "min": 0,
        "var": 0.0122398389503
    },
    "spectral_centroid": {
        "dmean": 214.109420776,
        "dmean2": 348.505310059,
        "dvar": 45911.3242188,
        "dvar2": 118806.054688,
        "max": 2533.49438477,
        "mean": 854.187072754,
        "median": 788.16998291,
        "min": 180.217636108,
        "var": 131992.703125
    },
    "spectral_complexity": {
        "dmean": 3.59689927101,
        "dmean2": 5.48021745682,
        "dvar": 23.6902523041,
        "dvar2": 43.266078949,
        "max": 55,
        "mean": 17.7033309937,
        "median": 16,
        "min": 0,
        "var": 70.719619751
    },
    "spectral_decrease": {
        "dmean": 7.75788056018e-09,
        "dmean2": 1.25090027225e-08,
        "dvar": 1.87679154766e-16,
        "dvar2": 4.78216908449e-16,
        "max": -6.37841559084e-13,
        "mean": -1.56448489719e-08,
        "median": -1.17097798125e-08,
        "min": -1.262690148e-07,
        "var": 2.10017438523e-16
    },
    "spectral_energy": {
        "dmean": 0.0296722035855,
        "dmean2": 0.0477756522596,
        "dvar": 0.00272449688055,
        "dvar2": 0.00693343859166,
        "max": 0.481412023306,
        "mean": 0.060459304601,
        "median": 0.045373223722,
        "min": 2.4932735414e-06,
        "var": 0.00306620891206
    },
    "spectral_energyband_high": {
        "dmean": 0.000275382422842,
        "dmean2": 0.00042504465091,
        "dvar": 5.00192868458e-07,
        "dvar2": 1.28495082663e-06,
        "max": 0.00704815657809,
        "mean": 0.000452592066722,
        "median": 0.000158138587722,
        "min": 3.72759734191e-09,
        "var": 6.40792393369e-07
    },
    "spectral_energyband_low": {
        "dmean": 0.0282245278358,
        "dmean2": 0.0462243147194,
        "dvar": 0.00264155096374,
        "dvar2": 0.00686133513227,
        "max": 0.465951234102,
        "mean": 0.0484326556325,
        "median": 0.0342470929027,
        "min": 1.57625868269e-06,
        "var": 0.00276844669133
    },
    "spectral_energyband_middle_high": {
        "dmean": 0.00089868780924,
        "dmean2": 0.00135657284409,
        "dvar": 2.42929922933e-06,
        "dvar2": 5.82201573707e-06,
        "max": 0.0157139711082,
        "mean": 0.00274272053503,
        "median": 0.00199659750797,
        "min": 1.91382795833e-07,
        "var": 5.61381875741e-06
    },
    "spectral_energyband_middle_low": {
        "dmean": 0.00592259922996,
        "dmean2": 0.00934394076467,
        "dvar": 6.49263311061e-05,
        "dvar2": 0.000143027311424,
        "max": 0.09862934798,
        "mean": 0.0138350203633,
        "median": 0.0103156119585,
        "min": 9.99903022603e-07,
        "var": 0.000125127757201
    },
    "spectral_entropy": {
        "dmean": 0.202107399702,
        "dmean2": 0.285013020039,
        "dvar": 0.0392311364412,
        "dvar2": 0.075965359807,
        "max": 8.15511894226,
        "mean": 7.16524839401,
        "median": 7.13260889053,
        "min": 5.85742330551,
        "var": 0.158860310912
    },
    "spectral_flux": {
        "dmean": 0.0444513075054,
        "dmean2": 0.0695491880178,
        "dvar": 0.00373128778301,
        "dvar2": 0.00765476562083,
        "max": 0.589714288712,
        "mean": 0.109087757766,
        "median": 0.0798833668232,
        "min": 0.00157901027706,
        "var": 0.00701272115111
    },
    "spectral_kurtosis": {
        "dmean": 2.22507548332,
        "dmean2": 3.88424634933,
        "dvar": 4.13179683685,
        "dvar2": 11.91502285,
        "max": 16.0347442627,
        "mean": 3.58961844444,
        "median": 2.93079662323,
        "min": -0.38976764679,
        "var": 6.86090517044
    },
    "spectral_rms": {
        "dmean": 0.00163564458489,
        "dmean2": 0.00256437552162,
        "dvar": 4.6116165322e-06,
        "dvar2": 1.0872094208e-05,
        "max": 0.0216718763113,
        "mean": 0.00711672054604,
        "median": 0.00665331166238,
        "min": 4.93199950142e-05,
        "var": 8.33697777125e-06
    },
    "spectral_rolloff": {
        "dmean": 185.45211792,
        "dmean2": 320.240875244,
        "dvar": 107113.039062,
        "dvar2": 265129.1875,
        "max": 5081.8359375,
        "mean": 388.981536865,
        "median": 193.798828125,
        "min": 86.1328125,
        "var": 160672.421875
    },
    "spectral_skewness": {
        "dmean": 0.273219674826,
        "dmean2": 0.452721238136,
        "dvar": 0.0505339764059,
        "dvar2": 0.138753950596,
        "max": 3.06369352341,
        "mean": 1.32615935802,
        "median": 1.28325474262,
        "min": 0.433785527945,
        "var": 0.133026912808
    },
    "spectral_spread": {
        "dmean": 352172.75,
        "dmean2": 522715.3125,
        "dvar": 166680412160,
        "dvar2": 258872360960,
        "max": 13631800,
        "mean": 3723283.75,
        "median": 3644959.25,
        "min": 2213604.75,
        "var": 452219338752
    },
    "spectral_strongpeak": {
        "dmean": 0.258896827698,
        "dmean2": 0.428338378668,
        "dvar": 0.0692953616381,
        "dvar2": 0.18372900784,
        "max": 2.54550337791,
        "mean": 0.631888210773,
        "median": 0.590110003948,
        "min": 0,
        "var": 0.124078467488
    },
    "zerocrossingrate": {
        "dmean": 0.00633592251688,
        "dmean2": 0.00828676577657,
        "dvar": 3.83605802199e-05,
        "dvar2": 5.91466159676e-05,
        "max": 0.1328125,
        "mean": 0.0274053998291,
        "median": 0.0244140625,
        "min": 0.00537109375,
        "var": 0.000220526446356
    },
    "barkbands": {
        "dmean": [0.000401800789405, 0.0155996503308, 0.0140550490469, 0.00392597494647, 0.00192460126709, 0.00105736171827, 0.000702361285221, 0.000635811127722, 0.000240232911892, 0.000252180645475, 0.000109932821942, 0.000228083939874, 0.000130487373099, 0.000107783896965, 9.67762243818e-05, 0.000131334920297, 0.00014225076302, 0.000142198958201, 0.000139288444188, 0.000101153207652, 8.45865142765e-05, 8.73441022122e-05, 4.68263933726e-05, 2.59293956333e-05, 5.50898403162e-06, 5.92516125053e-09, 3.3923335252e-09],
        "dmean2": [0.000662209291477, 0.0260180402547, 0.0238507259637, 0.00656433217227, 0.003230225062, 0.00173738098238, 0.00105862726923, 0.000987626495771, 0.000373731279979, 0.00038066637353, 0.000175879642484, 0.00037481149775, 0.000208731580642, 0.000168825979927, 0.000155063316924, 0.000208009878406, 0.000226032701903, 0.000236054780544, 0.000229034529184, 0.000167161371792, 0.000140113930684, 0.000141726311995, 7.03804107616e-05, 3.98004231101e-05, 8.84111614141e-06, 1.01783230733e-08, 6.28111518353e-09],
        "dvar": [1.13123201118e-06, 0.000905480759684, 0.000663027458359, 2.88154042209e-05, 1.28367182697e-05, 8.32138903206e-06, 1.92914444597e-06, 7.87063527241e-07, 1.21046937807e-07, 1.84792725122e-07, 3.96705672756e-08, 1.45269623886e-07, 4.96268413031e-08, 3.43429071847e-08, 3.63789709468e-08, 3.91267995781e-08, 5.42097708944e-08, 5.12539024555e-08, 6.11592341215e-08, 5.21588852109e-08, 5.48525136423e-08, 5.44913234535e-08, 1.04894963826e-08, 3.37925021299e-09, 2.6423666033e-10, 1.48695310402e-16, 3.05994225616e-17],
        "dvar2": [2.84738075607e-06, 0.00237688794732, 0.00184107979294, 7.29084858904e-05, 3.57000244549e-05, 2.15521231439e-05, 4.11990049543e-06, 1.8741537815e-06, 3.00543689491e-07, 3.98988191819e-07, 9.84492700695e-08, 3.97652570427e-07, 1.16912268311e-07, 7.84296076972e-08, 8.82770692101e-08, 9.80183401111e-08, 1.33775500899e-07, 1.33073186248e-07, 1.63602081216e-07, 1.38279375506e-07, 1.48524122778e-07, 1.43751151427e-07, 2.2891629925e-08, 7.84112952346e-09, 7.03922142797e-10, 3.96327086597e-16, 8.94134530392e-17],
        "max": [0.0085664363578, 0.258634179831, 0.236088693142, 0.0597378499806, 0.0432131364942, 0.0272387415171, 0.0182024333626, 0.0111945159733, 0.00372499087825, 0.00694852648303, 0.00258790235966, 0.00520171504468, 0.00256832945161, 0.00229036784731, 0.00199582194909, 0.00229019671679, 0.00261762063019, 0.00257345335558, 0.00273391231894, 0.00295865396038, 0.00217841379344, 0.00331194512546, 0.000985285965726, 0.000665947853122, 0.000239288405282, 1.59148186185e-07, 7.05623790509e-08],
        "mean": [0.000372398848413, 0.0207510050386, 0.0223291311413, 0.00665100244805, 0.00276643945836, 0.0014349661069, 0.00126587739214, 0.00124107557349, 0.000438759772805, 0.000482267147163, 0.000184454140253, 0.000440337928012, 0.000210434984183, 0.000188821082702, 0.000153740940732, 0.000226322721574, 0.000253566395259, 0.000275954254903, 0.000254599872278, 0.000169474995346, 0.000111261266284, 0.000124038022477, 8.12853249954e-05, 4.53362517874e-05, 6.7435762503e-06, 6.89746615379e-09, 2.80690914956e-09],
        "median": [4.61237468699e-05, 0.00914510246366, 0.0149631276727, 0.00463744439185, 0.00142396218143, 0.000589501811191, 0.000564422574826, 0.000803555129096, 0.000253720936598, 0.000203062139917, 9.27883666009e-05, 0.000260639702901, 0.000122955039842, 0.000102895333839, 7.16693684808e-05, 0.000160736337421, 0.000150391584611, 0.000185937882634, 0.000160827723448, 9.51983383857e-05, 3.82842299587e-05, 3.4338569094e-05, 2.27029777307e-05, 1.0958105122e-05, 1.04341199858e-06, 2.67663757825e-09, 1.17358733842e-09],
        "min": [4.48717241142e-09, 3.30244347424e-07, 9.66441234596e-07, 3.4011770822e-07, 1.34309587452e-07, 9.49244238768e-08, 2.28024532589e-08, 1.20816594062e-07, 2.81375861277e-07, 2.54252192633e-08, 2.10748325458e-08, 6.41793596046e-09, 1.37514684084e-08, 3.59120999605e-09, 1.11871303332e-08, 4.99654468911e-08, 7.6298283247e-09, 9.2847391997e-09, 4.37397886799e-08, 3.10926862035e-09, 1.69488512114e-09, 3.28408411576e-10, 5.14338627244e-10, 1.18291374959e-11, 1.48750768647e-11, 1.12185217713e-11, 1.36017811597e-11],
        "var": [1.02530850654e-06, 0.000961588928476, 0.00061986054061, 4.26350234193e-05, 1.51790036398e-05, 8.24047674541e-06, 3.68908558812e-06, 1.81262510068e-06, 2.42712218324e-07, 6.37356265543e-07, 8.01622022095e-08, 3.05526839384e-07, 7.20970305679e-08, 6.41212025698e-08, 5.58831096953e-08, 5.67600331181e-08, 9.41182634051e-08, 9.10626098971e-08, 8.96985952181e-08, 5.71816656247e-08, 5.07256601168e-08, 6.15577420149e-08, 2.13217674627e-08, 7.61061969001e-09, 2.88637086454e-10, 1.67400841902e-16, 2.45286679454e-17]
    },
    "erbbands": {
        "dmean": [0.278521150351, 4.31171798706, 15.3481864929, 15.4877586365, 9.13310527802, 4.65154075623, 6.21577644348, 10.1879053116, 11.6943225861, 8.33669948578, 11.560669899, 5.41506767273, 6.58761978149, 4.77772903442, 6.55136060715, 7.13806724548, 5.83821344376, 4.41920566559, 5.71215867996, 4.69125652313, 7.16874694824, 8.71937656403, 8.07984542847, 5.77879047394, 6.91364622116, 4.6827287674, 3.68877077103, 3.26593613625, 3.14909076691, 2.30054950714, 1.25694262981, 0.643678963184, 0.394443184137, 0.114845901728, 0.00395582756028, 0.000199443791644, 2.37471431319e-05, 5.04181161887e-06, 1.36500557346e-05, 3.24201864714e-05],
        "dmean2": [0.42406180501, 7.38585567474, 25.8423652649, 25.8430080414, 15.243180275, 7.81814193726, 10.3346643448, 16.7336711884, 18.0537700653, 13.2542657852, 17.6450366974, 8.41544914246, 10.0850934982, 7.31453132629, 10.5136222839, 11.7057580948, 9.41498184204, 6.84146642685, 9.0315580368, 7.45784473419, 11.2292842865, 13.7894001007, 13.4208993912, 9.40947914124, 11.666056633, 7.77567148209, 6.04330348969, 5.48266601562, 5.16571807861, 3.62730002403, 1.86492526531, 0.957845032215, 0.614189267159, 0.183026641607, 0.0065024131909, 0.00031800402212, 3.5738961742e-05, 7.98264409241e-06, 2.16668177018e-05, 5.20413268532e-05],
        "dvar": [0.324169009924, 73.6725387573, 879.954467773, 451.850769043, 268.168823242, 74.904510498, 263.723144531, 658.551635742, 547.110290527, 286.84475708, 245.990188599, 66.7696380615, 95.2816925049, 52.097530365, 97.6950378418, 180.931121826, 92.98412323, 73.2774200439, 122.210296631, 68.0305328369, 110.961013794, 197.050430298, 150.376861572, 88.9555435181, 210.809326172, 131.232406616, 91.7800979614, 84.4363861084, 71.4136047363, 33.033241272, 6.75258684158, 1.81788277626, 0.901999652386, 0.105465628207, 0.000258943677181, 4.67131854975e-07, 2.70556954618e-09, 1.11241994782e-10, 5.41738376381e-10, 3.19724691167e-09],
        "dvar2": [0.654733836651, 203.946228027, 2445.16772461, 1228.49645996, 711.383789062, 203.711380005, 686.942810059, 1744.23352051, 1259.75146484, 659.745666504, 551.884521484, 163.400177002, 222.441253662, 119.218254089, 228.496292114, 507.955474854, 223.329421997, 152.95652771, 300.608581543, 165.219436646, 280.90713501, 495.864196777, 395.118499756, 217.240112305, 582.945617676, 353.919158936, 243.945648193, 227.898345947, 190.153213501, 82.5495223999, 14.3155231476, 3.81202507019, 2.24173474312, 0.278009861708, 0.000745566911064, 1.31048693675e-06, 6.66277477634e-09, 2.65805794042e-10, 1.33864719309e-09, 8.09723577078e-09],
        "max": [5.81540155411, 72.0360183716, 275.63293457, 218.30015564, 252.959976196, 103.439537048, 149.617935181, 253.46307373, 330.404083252, 211.777618408, 229.533843994, 91.5771331787, 148.314819336, 104.691833496, 175.117523193, 180.440673828, 124.541374207, 84.4025878906, 127.045593262, 88.1704025269, 132.694839478, 162.565338135, 155.158416748, 105.817352295, 199.047485352, 160.942077637, 87.4604721069, 91.5725250244, 119.590766907, 75.4483413696, 27.5959606171, 15.3719921112, 11.7032527924, 4.51819419861, 0.332596719265, 0.0127261094749, 0.000732521293685, 0.0001380360045, 0.000214772488107, 0.000522003741935],
        "mean": [0.348709225655, 5.59575986862, 23.6974315643, 27.8457317352, 14.1848344803, 6.45301055908, 7.35749053955, 14.8977746964, 21.2609882355, 16.1884803772, 23.037197113, 10.5224456787, 13.5791330338, 9.82175922394, 13.2555208206, 13.8486032486, 10.2858562469, 7.93596315384, 9.89228820801, 8.68606853485, 12.9102106094, 16.5911464691, 16.4501132965, 11.4953241348, 12.4157886505, 7.84220743179, 5.17196083069, 4.25504636765, 4.45297050476, 3.50998997688, 2.21830844879, 1.17379689217, 0.644496381283, 0.161479339004, 0.00500417174771, 0.000302080763504, 5.01669273945e-05, 1.00970264612e-05, 2.99848907162e-05, 6.74261973472e-05],
        "median": [0.109032571316, 2.62674951553, 16.0841064453, 21.0022010803, 8.70994091034, 3.00010752678, 2.98074030876, 6.40679502487, 10.3293905258, 9.67077541351, 14.9376831055, 6.4518456459, 7.54144620895, 5.19164085388, 8.54022026062, 8.15341091156, 6.12016963959, 4.16814184189, 5.61970472336, 5.4569029808, 9.19733905792, 10.3012485504, 11.5412712097, 6.84319353104, 7.57756567001, 4.23110961914, 2.24249744415, 1.27286171913, 1.24243736267, 0.961615025997, 0.679760634899, 0.29636079073, 0.137422978878, 0.0283726193011, 0.000845629547257, 8.6214102339e-05, 2.70887740044e-05, 5.19518744113e-06, 2.22652815864e-05, 5.05788702867e-05],
        "min": [4.22886932938e-06, 0.000105396778963, 0.00087938742945, 0.00142909015995, 0.000344998989021, 0.000598826620262, 0.000900294922758, 0.000721746589988, 0.000314042292302, 0.000516085070558, 0.00577886821702, 0.00555809400976, 0.000959943514317, 0.00103798636701, 0.000502543931361, 0.000197911751457, 0.00060787377879, 0.000338469806593, 0.000417115021264, 0.000465381919639, 0.00333529477939, 0.000798165099695, 0.000610748655163, 0.00183253001887, 0.00108915648889, 0.000153171975398, 0.000102315098047, 3.56521632057e-05, 1.20962413348e-05, 2.41127017944e-05, 6.54818222756e-06, 3.84061053182e-07, 2.1759329627e-07, 2.21308766868e-07, 8.33232576269e-08, 3.49984432546e-08, 2.11363335723e-08, 8.32787971916e-09, 2.83851497862e-09, 3.02170133359e-09],
        "var": [0.458473294973, 66.9341812134, 788.775634766, 588.58013916, 300.476074219, 99.2042770386, 230.968093872, 689.32824707, 1009.10009766, 455.658508301, 599.195129395, 129.893188477, 311.48928833, 164.686721802, 300.408508301, 321.522094727, 151.168914795, 125.585922241, 179.341079712, 107.886428833, 167.108093262, 363.742767334, 268.492156982, 170.460723877, 241.718002319, 133.298110962, 88.63256073, 78.808883667, 78.8362350464, 45.4006195068, 14.7637701035, 4.91244935989, 1.65712952614, 0.136625215411, 0.000205679607461, 4.50151986797e-07, 4.28878799141e-09, 1.87039439492e-10, 6.64605925849e-10, 3.6561411676e-09]
    },
    "gfcc": {
        "mean": [-24.0986175537, 154.263473511, -133.97026062, 75.2004394531, -55.9704246521, 13.983048439, -17.645647049, -2.71771478653, 3.78691148758, -27.5525093079, 7.47369241714, -24.6219978333, -5.55200099945],
        "cov": [[2763.25195312, -505.055236816, -34.0931930542, 187.238464355, -440.990020752, 174.750793457, -247.164154053, -43.4338035583, -68.4531021118, 97.6887664795, 14.8714447021, 58.8455429077, 82.5128936768], [-505.055236816, 330.626708984, 46.4613189697, -68.4313735962, 236.665023804, -73.7904968262, 125.521270752, -21.3124923706, 55.5904808044, -38.0628433228, 26.3209972382, -3.20003056526, -20.1524162292], [-34.0931930542, 46.4613189697, 205.501907349, 48.4605026245, 84.3488769531, 34.705078125, 51.2967414856, 1.65584802628, 32.1934928894, 9.04558753967, 13.5259389877, 9.55015659332, 0.449488818645], [187.238464355, -68.4313735962, 48.4605026245, 85.9569549561, -15.8152627945, 22.9596042633, -5.23142671585, -3.90726447105, 4.6837515831, 8.68789482117, 4.03461456299, 1.06608355045, 6.55096817017], [-440.990020752, 236.665023804, 84.3488769531, -15.8152627945, 310.616210938, 8.15521621704, 128.910644531, -14.247335434, 59.4879837036, -17.2051410675, 23.0001316071, 1.99541068077, -19.9841480255], [174.750793457, -73.7904968262, 34.705078125, 22.9596042633, 8.15521621704, 127.096076965, -1.07540917397, -4.56552124023, 10.7777376175, 19.9133243561, 12.1762714386, 25.2017269135, 16.2633209229], [-247.164154053, 125.521270752, 51.2967414856, -5.23142671585, 128.910644531, -1.07540917397, 137.593780518, 25.5889053345, 39.2822036743, -17.7086238861, 13.4994535446, -5.28361415863, -23.0615997314], [-43.4338035583, -21.3124923706, 1.65584802628, -3.90726447105, -14.247335434, -4.56552124023, 25.5889053345, 73.5435943604, 7.38731527328, -5.30646514893, -4.80026054382, -16.4168262482, -0.0075527545996], [-68.4531021118, 55.5904808044, 32.1934928894, 4.6837515831, 59.4879837036, 10.7777376175, 39.2822036743, 7.38731527328, 58.7475700378, 11.0946178436, 8.69196987152, 3.90620827675, -9.54577255249], [97.6887664795, -38.0628433228, 9.04558753967, 8.68789482117, -17.2051410675, 19.9133243561, -17.7086238861, -5.30646514893, 11.0946178436, 53.3839569092, 19.8474330902, 10.8096065521, 4.06267929077], [14.8714447021, 26.3209972382, 13.5259389877, 4.03461456299, 23.0001316071, 12.1762714386, 13.4994535446, -4.80026054382, 8.69196987152, 19.8474330902, 45.4685020447, 21.4174747467, -0.172062054276], [58.8455429077, -3.20003056526, 9.55015659332, 1.06608355045, 1.99541068077, 25.2017269135, -5.28361415863, -16.4168262482, 3.90620827675, 10.8096065521, 21.4174747467, 52.1916542053, 18.8043231964], [82.5128936768, -20.1524162292, 0.449488818645, 6.55096817017, -19.9841480255, 16.2633209229, -23.0615997314, -0.0075527545996, -9.54577255249, 4.06267929077, -0.172062054276, 18.8043231964, 44.8959541321]],
        "icov": [[0.000648437824566, -0.000476792629343, 0.00021652772557, -0.00143217772711, 0.0009058782598, -0.000908914546017, 0.000423061952461, 1.59320497914e-05, 0.000275508064078, -0.000605009030551, 0.000117518189654, -0.000251297373325, -3.01321306324e-05], [-0.000476792629343, 0.0381835773587, -0.00619965279475, 0.0281980261207, -0.0144887976348, 0.021711146459, -0.0128698879853, 0.0208557788283, -0.0234150681645, 0.0233595483005, -0.0275744181126, 0.0142445843667, -0.0201223194599], [0.00021652772557, -0.00619965279475, 0.00812206510454, -0.00884134229273, 0.000961272569839, -0.00439538573846, 0.000803927192464, -0.00375473406166, 0.00302795902826, -0.00499725993723, 0.00510913599283, -0.00329751940444, 0.00295711983927], [-0.00143217772711, 0.0281980261207, -0.00884134229273, 0.0378707908094, -0.009530890733, 0.0152342999354, -0.0100099053234, 0.0171060375869, -0.0189816523343, 0.0182744674385, -0.022265907377, 0.0144102741033, -0.0168583448976], [0.0009058782598, -0.0144887976348, 0.000961272569839, -0.009530890733, 0.013479986228, -0.00936689693481, -0.00015357171651, -0.0032338318415, 0.00481441849843, -0.00672696623951, 0.00743660749868, -0.0028778235428, 0.00539274280891], [-0.000908914546017, 0.021711146459, -0.00439538573846, 0.0152342999354, -0.00936689693481, 0.0227501112968, -0.00760283321142, 0.0110622122884, -0.0136738019064, 0.0107856653631, -0.0143786203116, 0.00422868132591, -0.0127865299582], [0.000423061952461, -0.0128698879853, 0.000803927192464, -0.0100099053234, -0.00015357171651, -0.00760283321142, 0.0215608570725, -0.0136019708589, 0.00392128014937, -0.00241628335789, 0.00545359915122, -0.0060818856582, 0.0122773107141], [1.59320497914e-05, 0.0208557788283, -0.00375473406166, 0.0171060375869, -0.0032338318415, 0.0110622122884, -0.0136019708589, 0.0305904019624, -0.0164804123342, 0.0138772083446, -0.0171432327479, 0.0162052176893, -0.0171675663441], [0.000275508064078, -0.0234150681645, 0.00302795902826, -0.0189816523343, 0.00481441849843, -0.0136738019064, 0.00392128014937, -0.0164804123342, 0.0414627045393, -0.0234446804971, 0.0213589072227, -0.01361768879, 0.0175533033907], [-0.000605009030551, 0.0233595483005, -0.00499725993723, 0.0182744674385, -0.00672696623951, 0.0107856653631, -0.00241628335789, 0.0138772083446, -0.0234446804971, 0.043762780726, -0.0311197917908, 0.0120707349852, -0.0132793048397], [0.000117518189654, -0.0275744181126, 0.00510913599283, -0.022265907377, 0.00743660749868, -0.0143786203116, 0.00545359915122, -0.0171432327479, 0.0213589072227, -0.0311197917908, 0.0570860244334, -0.0264824293554, 0.0205898266286], [-0.000251297373325, 0.0142445843667, -0.00329751940444, 0.0144102741033, -0.0028778235428, 0.00422868132591, -0.0060818856582, 0.0162052176893, -0.01361768879, 0.0120707349852, -0.0264824293554, 0.0405716635287, -0.0222302898765], [-3.01321306324e-05, -0.0201223194599, 0.00295711983927, -0.0168583448976, 0.00539274280891, -0.0127865299582, 0.0122773107141, -0.0171675663441, 0.0175533033907, -0.0132793048397, 0.0205898266286, -0.0222302898765, 0.0433866605163]]
    },
    "melbands": {
        "dmean": [0.00332032423466, 0.00726414378732, 0.0023957635276, 0.000487932440592, 0.000201635601115, 0.000223395691137, 0.000161472795298, 0.000110396838863, 7.95513551566e-05, 3.64419684047e-05, 3.59873884008e-05, 2.39947712544e-05, 1.70005096152e-05, 2.74407502729e-05, 1.61529824254e-05, 1.40273377838e-05, 8.04276623967e-06, 1.03642114482e-05, 7.90260946815e-06, 8.4329967649e-06, 8.4524444901e-06, 9.9850103652e-06, 8.02267368272e-06, 6.13949123363e-06, 4.90169850309e-06, 6.11702398601e-06, 4.1959065129e-06, 3.19276227856e-06, 2.63491460828e-06, 2.10802340916e-06, 1.82499638868e-06, 1.81834070645e-06, 1.81976258773e-06, 1.1313397863e-06, 8.0415878756e-07, 5.2891687119e-07, 3.84888096505e-07, 2.99949562077e-07, 2.35755464928e-07, 5.17811002965e-08],
        "dmean2": [0.00542166270316, 0.0122045818716, 0.0039802598767, 0.000816645217128, 0.000336945959134, 0.000365885760402, 0.000246739800787, 0.000172359010321, 0.000121463148389, 5.68523864786e-05, 5.45644797967e-05, 3.63871986337e-05, 2.73881778412e-05, 4.47910715593e-05, 2.61828863586e-05, 2.26929078053e-05, 1.24668313219e-05, 1.65522087627e-05, 1.26986360556e-05, 1.35846594276e-05, 1.3225042494e-05, 1.59924748004e-05, 1.30064699988e-05, 9.99471467367e-06, 7.96098993305e-06, 1.0205802937e-05, 7.14159023119e-06, 5.33651746082e-06, 4.35484980699e-06, 3.5884454519e-06, 3.05117305288e-06, 3.02243961414e-06, 2.91276978714e-06, 1.77764457021e-06, 1.21484674764e-06, 7.83178165875e-07, 5.87624981563e-07, 4.74193484479e-07, 3.71170528979e-07, 8.62049915895e-08],
        "dvar": [4.06749240938e-05, 0.000197637637029, 1.09016964416e-05, 8.48218292049e-07, 2.42731147182e-07, 3.1669208056e-07, 1.01148629028e-07, 3.53245219742e-08, 1.15608687068e-08, 3.04809755214e-09, 2.97116331538e-09, 1.40352462985e-09, 8.23470180933e-10, 1.83639425888e-09, 1.27517862936e-09, 5.91466209343e-10, 2.371535468e-10, 3.82746445649e-10, 1.975355296e-10, 2.18056114831e-10, 1.62060490028e-10, 2.76418804512e-10, 1.64566887895e-10, 9.62600554821e-11, 6.05836839029e-11, 1.14767910453e-10, 9.08418965051e-11, 6.81460235463e-11, 3.9362211407e-11, 3.87390224066e-11, 2.52931946221e-11, 2.56420752687e-11, 2.00471427653e-11, 7.52834166534e-12, 2.61843693429e-12, 1.27027641877e-12, 6.69337957455e-13, 5.11269574854e-13, 3.57308041661e-13, 2.78352407584e-14],
        "dvar2": [9.78108073468e-05, 0.000546293566003, 2.89214494842e-05, 2.34945491684e-06, 6.33725107946e-07, 8.3502658299e-07, 2.26415721727e-07, 8.43651406512e-08, 2.6424810784e-08, 7.51979012392e-09, 6.77394407234e-09, 3.05382497068e-09, 2.03054661974e-09, 4.63768756731e-09, 3.67648422817e-09, 1.40536871029e-09, 5.02016039849e-10, 9.43384814711e-10, 4.65064320387e-10, 5.45861800205e-10, 4.2097930697e-10, 7.01413149784e-10, 4.36206432086e-10, 2.43634834529e-10, 1.47388976024e-10, 3.15483916768e-10, 2.48342651998e-10, 1.85367762806e-10, 1.02536985847e-10, 1.06747187478e-10, 6.78607656179e-11, 6.88881451882e-11, 5.23752846648e-11, 1.84861397023e-11, 5.71446492556e-12, 2.64316151431e-12, 1.53487444109e-12, 1.29289038243e-12, 9.13709537718e-13, 7.84117643862e-14],
        "max": [0.0508579239249, 0.126678884029, 0.031135333702, 0.0112378140911, 0.00447245966643, 0.0055112214759, 0.00433379877359, 0.00236350321211, 0.00150399946142, 0.000620901351795, 0.00085437000962, 0.000592501310166, 0.000434010173194, 0.000508709577844, 0.000526337011252, 0.000256494502537, 0.000163563832757, 0.000216991102207, 0.000144306279253, 0.000181813928066, 0.00016331896768, 0.000188593330677, 0.000173796404852, 0.00010559913062, 9.80711774901e-05, 0.000126341750729, 0.000152380700456, 0.000130260901642, 6.37897464912e-05, 7.09674859536e-05, 4.9263380788e-05, 7.41847252357e-05, 5.76267448196e-05, 3.08830603899e-05, 1.75408404175e-05, 1.19491623991e-05, 9.91270098893e-06, 8.07720061857e-06, 8.01970236353e-06, 2.20891183744e-06],
        "mean": [0.00438557099551, 0.0111632710323, 0.00446037854999, 0.00069069507299, 0.000249526085099, 0.000332812283887, 0.000293454155326, 0.000215185573325, 0.000159087096108, 6.49844223517e-05, 7.31110631023e-05, 4.73095678899e-05, 3.24328175338e-05, 5.34596765647e-05, 2.73051718978e-05, 2.14353312913e-05, 1.37107899718e-05, 1.67530834005e-05, 1.28451383716e-05, 1.38600753417e-05, 1.39441453939e-05, 1.70041912497e-05, 1.60972740559e-05, 1.15926168291e-05, 8.8752094598e-06, 1.07284022306e-05, 6.82140489516e-06, 4.93122115586e-06, 3.62958439837e-06, 2.61247691924e-06, 2.30773980547e-06, 2.49712115874e-06, 2.46685863203e-06, 1.72478200966e-06, 1.35273398882e-06, 9.31760723688e-07, 6.28958332527e-07, 4.64404479317e-07, 3.48389477267e-07, 5.76480339021e-08],
        "median": [0.00171751622111, 0.00773881142959, 0.00347514078021, 0.000354508694727, 0.000104422986624, 0.000149950676132, 0.000136878923513, 0.000129532272695, 0.000104789913166, 3.65784508176e-05, 3.87335385312e-05, 2.23510924116e-05, 2.01926268346e-05, 3.33571588271e-05, 7.8493167166e-06, 1.31597089421e-05, 6.53594770483e-06, 8.939806321e-06, 6.00491785008e-06, 8.61716762302e-06, 9.45123974816e-06, 9.66254992818e-06, 1.10547298391e-05, 7.92261198512e-06, 4.83234725834e-06, 6.53711686027e-06, 3.84326040148e-06, 2.52005452239e-06, 1.7137647319e-06, 8.08699326171e-07, 6.06924118074e-07, 7.00076611793e-07, 6.15679084603e-07, 4.6993216074e-07, 4.44948540235e-07, 2.2688264778e-07, 1.48027581304e-07, 9.59089021535e-08, 6.8926190977e-08, 8.14404810257e-09],
        "min": [6.29549106179e-08, 3.60138187716e-07, 2.12787441001e-07, 2.58041925605e-08, 3.29214060457e-08, 1.61296611623e-08, 4.83816897656e-09, 5.53362777822e-09, 6.09941821494e-08, 2.98163342904e-08, 3.99706134857e-09, 4.27886170939e-09, 2.26674634618e-09, 8.20865486695e-10, 4.04241640162e-10, 1.67125036032e-09, 4.67664074133e-10, 5.11157727257e-10, 9.29532784077e-10, 5.73191438757e-10, 4.72954919672e-09, 4.96908458825e-10, 7.16652737154e-10, 3.43255840418e-10, 1.67267788509e-09, 1.72564074141e-09, 1.7168788613e-10, 6.64242411075e-11, 7.52507778312e-11, 2.70627738969e-11, 1.7963831811e-11, 6.4079973966e-12, 5.78018622549e-12, 1.87111836442e-11, 4.79210811657e-12, 1.5083476189e-13, 1.18982962046e-13, 1.2524196632e-13, 1.90915385172e-13, 1.86384937974e-13],
        "var": [4.93531406391e-05, 0.00017703208141, 1.37872548294e-05, 9.61886144069e-07, 2.25411554311e-07, 3.30392197156e-07, 1.90514185761e-07, 6.64280435103e-08, 2.81887810871e-08, 5.78190073597e-09, 1.00397379299e-08, 4.731093739e-09, 1.96388283413e-09, 4.09302947091e-09, 2.45394415899e-09, 7.60882690187e-10, 4.16047057916e-10, 5.69628455516e-10, 3.78537062806e-10, 2.95202834399e-10, 2.31605123968e-10, 4.94162322173e-10, 2.96359159435e-10, 1.5583614954e-10, 1.22887588994e-10, 1.65617644599e-10, 9.73226776946e-11, 6.36716027125e-11, 3.97481735026e-11, 3.26966648201e-11, 2.44754182199e-11, 2.65697030349e-11, 2.40031744481e-11, 1.10253906699e-11, 5.30060587436e-12, 3.06538757051e-12, 1.52959687017e-12, 8.43041511166e-13, 6.0150783009e-13, 2.52553223966e-14]
    },
    "mfcc": {
        "mean": [-644.228271484, 142.360183716, 4.96670246124, 48.8380584717, 6.33494520187, 12.1840629578, 1.08344376087, 20.0217723846, -2.00802779198, 9.5096321106, 0.471299529076, 7.08167171478, 0.281267315149],
        "cov": [[3007.43457031, -710.415771484, 204.761047363, -147.538497925, -133.730163574, 37.1522979736, -159.295257568, -155.166000366, -85.446144104, -91.4984817505, -18.3242378235, -38.8074569702, -17.4935779572], [-710.415771484, 499.528045654, -137.921096802, 97.0845031738, 81.2947769165, 35.6238327026, 61.8859481812, 74.4307632446, 26.5431842804, 30.2593021393, 5.65631198883, 45.4667778015, 28.0108852386], [204.761047363, -137.921096802, 188.538497925, -3.07662963867, -9.72685813904, 11.6645050049, -11.5031414032, -8.97994422913, 4.39372634888, -2.92020511627, 13.0359764099, -6.81352186203, 4.80665874481], [-147.538497925, 97.0845031738, -3.07662963867, 123.18057251, 12.1640310287, 1.95849096775, 23.4589004517, 27.8181724548, 4.29461622238, 26.4925289154, 3.99192285538, 9.06538391113, -0.222990259528], [-133.730163574, 81.2947769165, -9.72685813904, 12.1640310287, 115.651329041, 64.0591125488, 25.5294570923, 12.7958316803, 17.6779518127, -1.6465716362, 11.6034574509, 15.3457698822, 18.4944591522], [37.1522979736, 35.6238327026, 11.6645050049, 1.95849096775, 64.0591125488, 144.050521851, 13.8136873245, 20.114074707, 3.31583929062, -6.78990221024, 6.35792446136, 38.2935028076, 29.8370094299], [-159.295257568, 61.8859481812, -11.5031414032, 23.4589004517, 25.5294570923, 13.8136873245, 76.8235244751, 35.0638656616, 16.9405879974, 14.808511734, 12.3043451309, 7.20168066025, 8.95584774017], [-155.166000366, 74.4307632446, -8.97994422913, 27.8181724548, 12.7958316803, 20.114074707, 35.0638656616, 86.3986968994, 27.1875267029, 19.0650787354, 3.49031043053, 14.5370836258, 9.99576759338], [-85.446144104, 26.5431842804, 4.39372634888, 4.29461622238, 17.6779518127, 3.31583929062, 16.9405879974, 27.1875267029, 61.5127487183, 16.3658161163, 5.01902866364, 5.45001220703, 1.49823665619], [-91.4984817505, 30.2593021393, -2.92020511627, 26.4925289154, -1.6465716362, -6.78990221024, 14.808511734, 19.0650787354, 16.3658161163, 62.7133903503, 15.0499334335, -0.134205043316, -3.8553416729], [-18.3242378235, 5.65631198883, 13.0359764099, 3.99192285538, 11.6034574509, 6.35792446136, 12.3043451309, 3.49031043053, 5.01902866364, 15.0499334335, 53.3584060669, 17.3645839691, 6.38810014725], [-38.8074569702, 45.4667778015, -6.81352186203, 9.06538391113, 15.3457698822, 38.2935028076, 7.20168066025, 14.5370836258, 5.45001220703, -0.134205043316, 17.3645839691, 71.0143814087, 30.5123825073], [-17.4935779572, 28.0108852386, 4.80665874481, -0.222990259528, 18.4944591522, 29.8370094299, 8.95584774017, 9.99576759338, 1.49823665619, -3.8553416729, 6.38810014725, 30.5123825073, 58.5697898865]],
