{
"lowlevel": {
    "average_loudness": 0.348257422447,
    "barkbands_crest": {
        "dmean": 1.61105334759,
        "dmean2": 2.51103639603,
        "dvar": 4.62292861938,
        "dvar2": 11.2532863617,
        "max": 26.4086036682,
        "mean": 17.7252960205,
        "median": 18.76171875,
        "min": 3.06890869141,
        "var": 29.2607269287
    },
    "barkbands_flatness_db": {
        "dmean": 0.0234812442213,
        "dmean2": 0.0316184200346,
        "dvar": 0.000867517665029,
        "dvar2": 0.00157351698726,
        "max": 0.510958611965,
        "mean": 0.3213506639,
        "median": 0.342080920935,
        "min": 0.0465141013265,
        "var": 0.0119160655886
    },
    "barkbands_kurtosis": {
        "dmean": 10.3788833618,
        "dmean2": 15.7340259552,
        "dvar": 749.168701172,
        "dvar2": 1597.61022949,
        "max": 855.85534668,
        "mean": 33.5600662231,
        "median": 11.7456970215,
        "min": -1.68708872795,
        "var": 4182.56298828
    },
    "barkbands_skewness": {
        "dmean": 0.623341679573,
        "dmean2": 0.952429354191,
        "dvar": 0.676167368889,
        "dvar2": 1.61028409004,
        "max": 17.7525081635,
        "mean": 3.27921867371,
        "median": 2.64863753319,
        "min": -0.292549163103,
        "var": 5.87006139755
    },
    "barkbands_spread": {
        "dmean": 2.66158890724,
        "dmean2": 3.96539783478,
        "dvar": 36.4270172119,
        "dvar2": 85.7966461182,
        "max": 55.9062957764,
        "mean": 7.15242433548,
        "median": 2.64582443237,
        "min": 0.0978779345751,
        "var": 100.029525757
    },
    "dissonance": {
        "dmean": 0.0337385982275,
        "dmean2": 0.0553471259773,
        "dvar": 0.000926059437916,
        "dvar2": 0.00240367185324,
        "max": 0.499662339687,
        "mean": 0.348250061274,
        "median": 0.352846831083,
        "min": 0.110409222543,
        "var": 0.00716288760304
    },
    "dynamic_complexity": 14.6137876511,
    "erbbands_crest": {
        "dmean": 1.80194675922,
        "dmean2": 2.6334271431,
        "dvar": 5.39885807037,
        "dvar2": 12.2109212875,
        "max": 31.4471168518,
        "mean": 16.6495304108,
        "median": 16.4746894836,
        "min": 2.39780116081,
        "var": 45.9898796082
    },
    "erbbands_flatness_db": {
        "dmean": 0.0170390531421,
        "dmean2": 0.0223994720727,
        "dvar": 0.000523265975062,
        "dvar2": 0.000832168909255,
        "max": 0.465907692909,
        "mean": 0.310384899378,
        "median": 0.330735296011,
        "min": 0.0922071114182,
        "var": 0.00789275579154
    },
    "erbbands_kurtosis": {
        "dmean": 4.42013692856,
        "dmean2": 6.56910896301,
        "dvar": 107.332115173,
        "dvar2": 265.854156494,
        "max": 215.703704834,
        "mean": 13.3293905258,
        "median": 3.17871141434,
        "min": -1.62560844421,
        "var": 754.258361816
    },
    "erbbands_skewness": {
        "dmean": 0.453123211861,
        "dmean2": 0.654953122139,
        "dvar": 0.385430395603,
        "dvar2": 0.885790109634,
        "max": 12.0942907333,
        "mean": 1.98835110664,
        "median": 1.39838695526,
        "min": -1.53511083126,
        "var": 4.51828241348
    },
    "erbbands_spread": {
        "dmean": 4.28679084778,
        "dmean2": 6.17130279541,
        "dvar": 62.8126831055,
        "dvar2": 133.658401489,
        "max": 86.1170883179,
        "mean": 19.4830570221,
        "median": 12.2373914719,
        "min": 0.691271305084,
        "var": 354.446075439
    },
    "hfc": {
        "dmean": 3.43997049332,
        "dmean2": 5.07907152176,
        "dvar": 220.152542114,
        "dvar2": 558.438781738,
        "max": 238.141433716,
        "mean": 6.07755947113,
        "median": 0.449087649584,
        "min": 0.000228660515859,
        "var": 258.194396973
    },
    "melbands_crest": {
        "dmean": 1.89009666443,
        "dmean2": 2.96838879585,
        "dvar": 6.39463567734,
        "dvar2": 16.125120163,
        "max": 32.1303825378,
        "mean": 20.625164032,
        "median": 20.1143703461,
        "min": 5.47936344147,
        "var": 34.9008522034
    },
    "melbands_flatness_db": {
        "dmean": 0.0266069546342,
        "dmean2": 0.034583337605,
        "dvar": 0.00116679805797,
        "dvar2": 0.00218401616439,
        "max": 0.586614787579,
        "mean": 0.368366956711,
        "median": 0.388388514519,
        "min": 0.0618470385671,
        "var": 0.0138588706031
    },
    "melbands_kurtosis": {
        "dmean": 9.41269493103,
        "dmean2": 14.7516489029,
        "dvar": 353.617370605,
        "dvar2": 876.857177734,
        "max": 453.790740967,
        "mean": 29.2545013428,
        "median": 13.9925765991,
        "min": -0.904814481735,
        "var": 2011.7052002
    },
    "melbands_skewness": {
        "dmean": 0.591850399971,
        "dmean2": 0.923635780811,
        "dvar": 0.594287633896,
        "dvar2": 1.59236311913,
        "max": 13.062538147,
        "mean": 2.96943831444,
        "median": 2.75891685486,
        "min": -1.5658288002,
        "var": 3.28228139877
    },
    "melbands_spread": {
        "dmean": 2.91824531555,
        "dmean2": 4.41225624084,
        "dvar": 51.7589263916,
        "dvar2": 119.340278625,
        "max": 91.4641952515,
        "mean": 8.0479631424,
        "median": 3.84559798241,
        "min": 0.297763884068,
        "var": 117.228309631
    },
    "pitch_salience": {
        "dmean": 0.0483423136175,
        "dmean2": 0.0784250050783,
        "dvar": 0.00409098295495,
        "dvar2": 0.0111884614453,
        "max": 0.844604492188,
        "mean": 0.432427227497,
        "median": 0.464270949364,
        "min": 0.0504160411656,
        "var": 0.0255282130092
    },
    "silence_rate_20dB": {
        "dmean": 0,
        "dmean2": 0,
        "dvar": 0,
        "dvar2": 0,
        "max": 1,
        "mean": 1,
        "median": 1,
        "min": 1,
        "var": 0
    },
    "silence_rate_30dB": {
        "dmean": 0,
        "dmean2": 0,
        "dvar": 0,
        "dvar2": 0,
        "max": 1,
        "mean": 1,
        "median": 1,
        "min": 1,
        "var": 0
    },
    "silence_rate_60dB": {
        "dmean": 0.0247678011656,
        "dmean2": 0.0495739728212,
        "dvar": 0.0241545885801,
        "dvar2": 0.0533124729991,
        "max": 1,
        "mean": 0.587006986141,
        "median": 1,
        "min": 0,
        "var": 0.24242849648
    },
    "spectral_centroid": {
        "dmean": 122.497039795,
        "dmean2": 182.925354004,
        "dvar": 73313.3671875,
        "dvar2": 166296.28125,
        "max": 2968.59106445,
        "mean": 609.488525391,
        "median": 428.640258789,
        "min": 203.589797974,
        "var": 210020.703125
    },
    "spectral_complexity": {
        "dmean": 0.992260038853,
        "dmean2": 1.5259488821,
        "dvar": 8.37602424622,
        "dvar2": 18.0602207184,
        "max": 29,
        "mean": 4.01624107361,
        "median": 2,
        "min": 0,
        "var": 26.2278347015
    },
    "spectral_decrease": {
        "dmean": 8.88319917625e-10,
        "dmean2": 1.33676536507e-09,
        "dvar": 8.80046387246e-18,
        "dvar2": 2.15251337822e-17,
        "max": -5.07913955577e-14,
        "mean": -2.4138442356e-09,
        "median": -3.3493766094e-10,
        "min": -3.73816426702e-08,
        "var": 1.92847614152e-17
    },
    "spectral_energy": {
        "dmean": 0.00365086901002,
        "dmean2": 0.00547811994329,
        "dvar": 0.000151705578901,
        "dvar2": 0.000371563684894,
        "max": 0.148297414184,
        "mean": 0.00966165866703,
        "median": 0.00130454031751,
        "min": 2.15123577618e-07,
        "var": 0.000316455349093
    },
    "spectral_energyband_high": {
        "dmean": 0.000151772386744,
        "dmean2": 0.000268965552095,
        "dvar": 7.36331514872e-07,
        "dvar2": 2.07944276553e-06,
        "max": 0.0132498219609,
        "mean": 0.000100638331787,
        "median": 8.31514839206e-08,
        "min": 4.30037561117e-10,
        "var": 4.49180504347e-07
    },
    "spectral_energyband_low": {
        "dmean": 0.000189591621165,
        "dmean2": 0.000341562787071,
        "dvar": 1.70433486346e-06,
        "dvar2": 4.23142500949e-06,
        "max": 0.0399650931358,
        "mean": 0.000230297227972,
        "median": 2.47062666858e-06,
        "min": 6.59505172695e-10,
        "var": 3.50832669938e-06
    },
    "spectral_energyband_middle_high": {
        "dmean": 0.000811397447251,
        "dmean2": 0.00107756245416,
        "dvar": 1.03948186734e-05,
        "dvar2": 2.28525805142e-05,
        "max": 0.0436511933804,
        "mean": 0.00147225568071,
        "median": 1.65859000845e-05,
        "min": 2.23872795857e-08,
        "var": 1.90694045159e-05
    },
    "spectral_energyband_middle_low": {
        "dmean": 0.00276857800782,
        "dmean2": 0.00432261032984,
        "dvar": 8.43681118567e-05,
        "dvar2": 0.000209009187529,
        "max": 0.12907114625,
        "mean": 0.00806581508368,
        "median": 0.00126063113566,
        "min": 5.96625184812e-08,
        "var": 0.000205893913517
    },
    "spectral_entropy": {
        "dmean": 0.238282293081,
        "dmean2": 0.320829570293,
        "dvar": 0.0995013937354,
        "dvar2": 0.173513710499,
        "max": 8.31032180786,
        "mean": 5.83541202545,
        "median": 5.63999700546,
        "min": 3.85547995567,
        "var": 1.20029723644
    },
    "spectral_flux": {
        "dmean": 0.0123323686421,
        "dmean2": 0.0172636155039,
        "dvar": 0.00105887674727,
        "dvar2": 0.00215320149437,
        "max": 0.317287504673,
        "mean": 0.0199783369899,
        "median": 0.00515114841983,
        "min": 0.000238998167333,
        "var": 0.00180626474321
    },
    "spectral_kurtosis": {
        "dmean": 9.20470905304,
        "dmean2": 16.4790000916,
        "dvar": 109.398254395,
        "dvar2": 347.59286499,
        "max": 104.290901184,
        "mean": 21.5127468109,
        "median": 13.94556427,
        "min": 0.243435382843,
        "var": 427.1378479
    },
    "spectral_rms": {
        "dmean": 0.000364949635696,
        "dmean2": 0.000523539143614,
        "dvar": 1.08077210825e-06,
        "dvar2": 2.44164607466e-06,
        "max": 0.0120283169672,
        "mean": 0.00205381703563,
        "median": 0.00112814991735,
        "min": 1.44871200973e-05,
        "var": 5.20784897162e-06
    },
    "spectral_rolloff": {
        "dmean": 205.398513794,
        "dmean2": 347.86706543,
        "dvar": 392211.75,
        "dvar2": 973714.25,
        "max": 7192.08984375,
        "mean": 694.656921387,
        "median": 473.73046875,
        "min": 172.265625,
        "var": 537990.25
    },
    "spectral_skewness": {
        "dmean": 0.704010844231,
        "dmean2": 1.23265373707,
        "dvar": 0.467313915491,
        "dvar2": 1.45503640175,
        "max": 8.27287483215,
        "mean": 3.13677072525,
        "median": 2.78629779816,
        "min": 0.293209940195,
        "var": 2.91835665703
    },
    "spectral_spread": {
        "dmean": 444426.5625,
        "dmean2": 723936.25,
        "dvar": 243101630464,
        "dvar2": 524760219648,
        "max": 7457373,
        "mean": 2852238.5,
        "median": 2352531,
        "min": 808981.375,
        "var": 1.90862327808e+12
    },
    "spectral_strongpeak": {
        "dmean": 0.127744749188,
        "dmean2": 0.197169497609,
        "dvar": 0.101063333452,
        "dvar2": 0.209875270724,
        "max": 5.49891662598,
        "mean": 0.587883234024,
        "median": 0.354732334614,
        "min": 0,
        "var": 0.452822744846
    },
    "zerocrossingrate": {
        "dmean": 0.00413716305047,
        "dmean2": 0.00507116597146,
        "dvar": 4.77923786093e-05,
        "dvar2": 6.38530545984e-05,
        "max": 0.11767578125,
        "mean": 0.0284921359271,
        "median": 0.02099609375,
        "min": 0.00927734375,
        "var": 0.00041895758477
    },
    "barkbands": {
        "dmean": [8.56995825416e-08, 3.99915370508e-06, 4.66993442387e-05, 0.000404789985623, 0.00160913716536, 0.000309124443447, 0.000521298323292, 0.000264304922894, 7.33345805202e-05, 2.95950558211e-05, 6.72237147228e-05, 0.000171196879819, 8.1427875557e-05, 5.45465845789e-05, 5.00250607729e-05, 7.16943104635e-05, 6.8392175308e-05, 0.000199655420147, 0.000148459570482, 5.77622413402e-05, 1.6964495444e-05, 2.83956742351e-05, 3.91932371713e-05, 4.36491391156e-05, 5.35117032996e-06, 2.77920508829e-09, 4.05473710163e-10],
        "dmean2": [1.59990108273e-07, 7.16475597073e-06, 8.18917469587e-05, 0.000743956246879, 0.00250108377077, 0.000484242802486, 0.000789294601418, 0.000379383156542, 9.77869349299e-05, 4.24738536822e-05, 9.33358096518e-05, 0.000237183019635, 0.000101808727777, 7.59828908485e-05, 6.86868079356e-05, 0.000111101930088, 9.90141998045e-05, 0.000277093815384, 0.000257974170381, 9.07525900402e-05, 2.96604084724e-05, 5.03894589201e-05, 7.17959701433e-05, 8.17180116428e-05, 1.02010508272e-05, 5.15271647572e-09, 7.63851981667e-10],
        "dvar": [7.90981809131e-13, 3.68719776933e-10, 7.16884827057e-08, 4.40106123278e-06, 2.99028524751e-05, 3.24218831338e-06, 4.21010236096e-06, 1.78951847829e-06, 1.13997991491e-07, 1.91666646998e-08, 8.03067621291e-08, 7.41847543395e-07, 1.46382078015e-07, 4.01422539653e-08, 4.1650789484e-08, 9.49212619616e-08, 7.50734230337e-08, 1.24103189592e-06, 1.75363641119e-06, 6.13781097059e-08, 7.82021736256e-09, 2.59375916301e-08, 6.45111057906e-08, 9.80513874538e-08, 1.25479271418e-09, 2.49917891651e-16, 1.12024077741e-18],
        "dvar2": [2.35367801638e-12, 1.04980002469e-09, 1.68019838043e-07, 1.21365746963e-05, 6.98246221873e-05, 7.37892014513e-06, 9.32028433454e-06, 3.94753033106e-06, 2.10180203908e-07, 3.16393773403e-08, 1.64522361956e-07, 1.45794047057e-06, 2.1061801192e-07, 7.71950965373e-08, 9.51234682134e-08, 2.11477541256e-07, 1.68704488601e-07, 2.67502764473e-06, 4.94969890497e-06, 1.49083106749e-07, 2.15032240902e-08, 7.2660618855e-08, 1.84504983736e-07, 2.85821187163e-07, 3.69454111748e-09, 7.22826524028e-16, 3.68658848019e-18],
        "max": [2.01309048862e-05, 0.000302116968669, 0.00813676044345, 0.0470450259745, 0.0827946811914, 0.0330044142902, 0.0342764668167, 0.021666303277, 0.00973015278578, 0.00293816742487, 0.00394998630509, 0.0161646194756, 0.00858202110976, 0.00384067348205, 0.00404482474551, 0.00611014151946, 0.00354134337977, 0.0216927174479, 0.0262596551329, 0.00263257883489, 0.00129065010697, 0.00265370658599, 0.00374533678405, 0.0055521344766, 0.000577470345888, 2.48447179274e-07, 1.35801085932e-08],
        "mean": [6.87633203711e-08, 2.79186338048e-06, 5.37625128345e-05, 0.000389663036913, 0.00411096820608, 0.00108849315438, 0.00165714591276, 0.000561334192753, 0.000221193593461, 8.06257885415e-05, 0.00010967329581, 0.000334373064106, 0.000188887715922, 0.000102762016468, 8.95230841707e-05, 9.39253441175e-05, 8.8337532361e-05, 0.000237952670432, 0.000114101363579, 5.25288996869e-05, 1.22308629216e-05, 1.86250545084e-05, 2.38313969021e-05, 2.57740193774e-05, 3.087759751e-06, 1.87812143615e-09, 4.17388873464e-10],
        "median": [2.21738503114e-08, 1.12352879e-07, 1.15329567052e-06, 1.41675764098e-06, 0.000187819838175, 5.06489141117e-06, 8.10871460999e-06, 4.5560423132e-06, 6.20310129307e-06, 4.44191158522e-07, 7.10288531991e-07, 1.2803335494e-06, 8.33658475585e-07, 5.14103533078e-07, 4.16807864667e-07, 3.01042092588e-07, 2.178829277e-07, 2.44546157546e-07, 7.53984394919e-08, 4.9101046784e-08, 1.79238863751e-08, 1.57163313474e-08, 1.12802860386e-08, 8.14735745536e-09, 1.70983438519e-09, 6.66033339591e-11, 8.56857015896e-11],
        "min": [3.89487608832e-11, 1.28348970341e-10, 1.30922078734e-10, 1.52252055408e-09, 1.63420743604e-08, 1.65239100181e-10, 1.7682038056e-09, 1.13196019225e-09, 1.9069046342e-09, 5.78384118377e-10, 5.21864162994e-10, 2.13864939647e-10, 8.15967626799e-10, 9.21861142977e-10, 8.08606959168e-10, 6.03779304331e-10, 8.81222983473e-10, 1.01233199601e-09, 9.64322288688e-10, 5.3631032948e-10, 3.14427338333e-11, 3.00189768876e-11, 5.98609981028e-11, 5.93563878604e-11, 2.76639180313e-11, 1.83023769751e-11, 2.54278629402e-11],
        "var": [4.11371972727e-13, 2.22957513563e-10, 1.67606671653e-07, 5.57337125429e-06, 8.83063694346e-05, 1.2594200598e-05, 1.66768859344e-05, 4.03811100114e-06, 5.24640142885e-07, 9.692929126e-08, 1.56697836928e-07, 2.06999720831e-06, 5.51267589799e-07, 1.12509624728e-07, 6.95185775612e-08, 1.27454740095e-07, 1.04184849192e-07, 1.67206144397e-06, 1.08194910808e-06, 6.02540382033e-08, 5.36443334198e-09, 1.60470481347e-08, 3.71795074727e-08, 5.41711209223e-08, 6.72431998971e-10, 1.44212917924e-16, 9.24402355271e-19]
    },
    "erbbands": {
        "dmean": [4.97123619425e-05, 0.00180652085692, 0.0428039804101, 0.701780200005, 3.28034496307, 6.96902656555, 4.93265485764, 1.34347033501, 3.75306344032, 9.17336750031, 4.76495170593, 1.76082396507, 1.16801416874, 1.32533252239, 2.01769113541, 8.20149040222, 4.64105844498, 2.53895568848, 1.94065701962, 3.14260315895, 4.1398973465, 4.71907329559, 9.4214925766, 7.51166582108, 6.89494371414, 2.6109316349, 0.878628492355, 0.817486286163, 0.895038545132, 0.96558880806, 1.27622234821, 1.1963814497, 0.450629919767, 0.108505859971, 0.0102632064372, 0.000454322929727, 2.79778960248e-05, 4.7843664106e-06, 2.87478746941e-06, 4.64337881567e-06],
        "dmean2": [8.69503855938e-05, 0.00324986805208, 0.0763603672385, 1.27816832066, 5.73399496078, 10.5717201233, 7.31504487991, 2.08060479164, 6.27578353882, 13.2039299011, 7.18039226532, 2.35251736641, 1.67981421947, 1.74204301834, 2.9066092968, 11.2509965897, 5.65188407898, 3.25226473808, 2.82580780983, 4.24533939362, 6.38264369965, 6.52604818344, 12.8938856125, 12.3064889908, 11.4208650589, 4.10125780106, 1.44168806076, 1.45326793194, 1.59067940712, 1.75046479702, 2.34356427193, 2.23139762878, 0.840475261211, 0.204287603498, 0.0192032083869, 0.000849137548357, 5.13867998961e-05, 8.55345570017e-06, 4.56769339507e-06, 6.9826910476e-06],
        "dvar": [4.6182826452e-08, 7.22936747479e-05, 0.0530835129321, 16.1773929596, 199.727050781, 562.200378418, 392.7109375, 52.5281982422, 258.76348877, 1102.95678711, 605.120117188, 58.3550453186, 23.9066467285, 28.7966785431, 58.8037567139, 1695.55529785, 411.000976562, 103.561470032, 56.9001617432, 123.042884827, 293.655944824, 332.088104248, 2504.70483398, 3133.44824219, 2383.05419922, 139.802108765, 15.3831062317, 19.0090732574, 20.8634967804, 51.3111152649, 73.1281814575, 65.6607666016, 10.9995641708, 0.444548845291, 0.00350922113284, 6.83895632392e-06, 2.5311161167e-08, 7.55512041817e-10, 1.51100063017e-10, 2.71669742258e-10],
        "dvar2": [1.25794358041e-07, 0.000202202776563, 0.132271304727, 43.0579910278, 546.721740723, 1204.29614258, 874.033569336, 116.906173706, 702.113342285, 2129.66015625, 1510.39733887, 114.061317444, 43.8635787964, 55.9839630127, 134.198608398, 3465.38452148, 553.885314941, 177.165512085, 130.869476318, 269.91027832, 655.561218262, 736.135559082, 5263.96386719, 8601.59375, 6567.06884766, 338.428619385, 39.4913024902, 52.4168815613, 57.149646759, 146.343902588, 209.737945557, 190.64390564, 32.0682449341, 1.29881942272, 0.0101797217503, 1.98417983484e-05, 7.29056779392e-08, 2.15694395678e-09, 4.01639832504e-10, 6.78218758932e-10],
        "max": [0.00283934478648, 0.130384340882, 6.31843519211, 106.408576965, 194.07522583, 366.957214355, 352.149932861, 192.800125122, 255.065765381, 659.301818848, 414.271514893, 208.6769104, 97.5027618408, 79.3493499756, 87.4440994263, 766.270385742, 481.514770508, 233.199295044, 139.680160522, 145.780960083, 270.723602295, 265.609863281, 982.965881348, 1136.07739258, 955.921264648, 147.395019531, 54.0549850464, 61.6594848633, 52.9807357788, 146.483093262, 135.904968262, 131.156204224, 60.2557640076, 10.2165088654, 0.847318947315, 0.0368669107556, 0.00202616141178, 0.000423898978624, 0.000185488141142, 0.000187681740499],
        "mean": [5.37664600415e-05, 0.00160248170141, 0.0477802269161, 0.806353032589, 5.3928565979, 17.9395904541, 15.2666110992, 5.28535413742, 11.0513601303, 30.1041584015, 10.342382431, 5.33422517776, 3.28805375099, 2.67085456848, 3.34860825539, 16.3248176575, 11.6859989166, 5.5129160881, 3.40365028381, 5.52401590347, 5.52385473251, 6.11257600784, 11.3660383224, 6.91846036911, 5.78077554703, 2.37129497528, 0.704967021942, 0.57158601284, 0.60563993454, 0.61003267765, 0.774355173111, 0.706842422485, 0.266866058111, 0.0641644448042, 0.00608845427632, 0.000275645492366, 2.00542381208e-05, 3.73581065105e-06, 5.60735907129e-06, 1.13786009024e-05],
        "median": [4.7583525884e-06, 6.5856918809e-05, 0.00131187855732, 0.0082597611472, 0.06888268888, 1.04292118549, 1.86258304119, 0.329770088196, 0.425123810768, 0.571128964424, 0.501568853855, 0.338533878326, 0.129254385829, 0.0775571390986, 0.0375299155712, 0.0834068059921, 0.0921142995358, 0.0342900417745, 0.0218616724014, 0.0248833354563, 0.0186846219003, 0.0151983723044, 0.0135295251384, 0.00755074527115, 0.00510576646775, 0.00204157922417, 0.000985333696008, 0.000707152590621, 0.00054814183386, 0.000411556567997, 0.000336253549904, 0.000222068760195, 0.000103564656456, 3.734605707e-05, 4.2262399802e-06, 1.21375774143e-06, 5.98482586156e-07, 1.22030385796e-07, 6.35327921827e-07, 1.45350259118e-06],
        "min": [3.51978024504e-09, 2.83885697172e-08, 1.97068203533e-07, 4.2047054194e-06, 2.75741422229e-05, 2.49519725912e-05, 2.67627747235e-05, 1.89076672541e-05, 6.66001724312e-05, 6.29987553111e-05, 4.54256696685e-05, 5.15305910085e-05, 4.38353890786e-05, 2.94547899102e-05, 4.32471388194e-05, 2.73062232736e-05, 6.03354492341e-05, 5.86006499361e-05, 5.86482710787e-05, 4.77600042359e-05, 4.98592671647e-05, 5.13945669809e-05, 5.14642852067e-05, 5.87147478655e-05, 5.22073278262e-05, 2.15196869249e-05, 3.83491578759e-06, 1.39849692005e-06, 1.16359615276e-06, 1.40606243804e-06, 1.81425320989e-06, 9.29994143917e-07, 1.1784883327e-06, 4.53473433026e-07, 1.4058220188e-07, 6.01141536549e-08, 3.2856792842e-08, 1.39146818512e-08, 4.1155838737e-09, 8.39974811928e-10],
        "var": [4.36230926937e-08, 5.77675600653e-05, 0.102411217988, 26.3215694427, 416.017059326, 1707.61682129, 1234.18933105, 286.096466064, 636.639831543, 5239.72167969, 943.55847168, 243.43977356, 107.343727112, 59.9438743591, 107.436645508, 4526.84130859, 1659.93505859, 355.023132324, 91.3191680908, 235.455718994, 389.429534912, 461.911407471, 3426.13183594, 2226.75854492, 1634.15893555, 140.097595215, 12.4762506485, 12.738368988, 13.8906822205, 29.9107761383, 41.8221931458, 36.4876365662, 6.1196641922, 0.246762618423, 0.00198126048781, 3.8717271309e-06, 1.48971306402e-08, 4.62812732582e-10, 1.67618322e-10, 4.79291994981e-10]
    },
    "gfcc": {
        "mean": [-311.777130127, 147.658325195, -132.762329102, 4.04205465317, -81.8345413208, -27.5586242676, -53.5991516113, -26.3514652252, -14.7461223602, -25.5717716217, 2.2408208847, -19.2052326202, -5.19511175156],
        "cov": [[29239.9726562, 1122.38256836, -6015.41894531, -1419.99279785, 807.897888184, -1118.68164062, -1049.68029785, -768.868530273, -458.356994629, -1383.26672363, 449.441864014, -713.035827637, -175.635177612], [1122.38256836, 1272.06323242, -88.6352157593, -992.162719727, 151.018005371, -600.85345459, 29.6092147827, -314.599761963, 44.5537528992, -180.643722534, 34.5359725952, -74.9017562866, 37.0761489868], [-6015.41894531, -88.6352157593, 1817.69372559, 369.707824707, -304.912872314, 201.35534668, 179.869049072, 118.720199585, 87.9427871704, 246.383178711, -165.637298584, 117.956451416, 57.9678077698], [-1419.99279785, -992.162719727, 369.707824707, 1128.08825684, -51.2271003723, 544.090942383, 14.4397220612, 243.636444092, -37.6170501709, 155.959289551, -113.837425232, 35.2926483154, -34.9551391602], [807.897888184, 151.018005371, -304.912872314, -51.2271003723, 256.417724609, -39.8875160217, -3.53505349159, -74.0470199585, -38.2631111145, -42.5884170532, 22.0930919647, -5.60594511032, -13.0830936432], [-1118.68164062, -600.85345459, 201.35534668, 544.090942383, -39.8875160217, 439.986206055, 35.9902763367, 158.806228638, -20.3967170715, 115.742393494, -32.5029296875, 46.665802002, -25.6139278412], [-1049.68029785, 29.6092147827, 179.869049072, 14.4397220612, -3.53505349159, 35.9902763367, 122.658363342, 45.2663536072, 19.8491516113, 51.7656555176, -31.9979190826, 17.5644645691, -9.37020492554], [-768.868530273, -314.599761963, 118.720199585, 243.636444092, -74.0470199585, 158.806228638, 45.2663536072, 183.804229736, 29.2463817596, 68.5775985718, -55.2699432373, -4.76923942566, -36.5576972961], [-458.356994629, 44.5537528992, 87.9427871704, -37.6170501709, -38.2631111145, -20.3967170715, 19.8491516113, 29.2463817596, 81.1245803833, 36.7502632141, -20.337770462, -11.8763065338, -20.3750553131], [-1383.26672363, -180.643722534, 246.383178711, 155.959289551, -42.5884170532, 115.742393494, 51.7656555176, 68.5775985718, 36.7502632141, 134.608184814, -3.2279086113, 37.7454299927, -5.04677677155], [449.441864014, 34.5359725952, -165.637298584, -113.837425232, 22.0930919647, -32.5029296875, -31.9979190826, -55.2699432373, -20.337770462, -3.2279086113, 137.393035889, 52.829044342, 24.4723777771], [-713.035827637, -74.9017562866, 117.956451416, 35.2926483154, -5.60594511032, 46.665802002, 17.5644645691, -4.76923942566, -11.8763065338, 37.7454299927, 52.829044342, 92.9911880493, 41.0513114929], [-175.635177612, 37.0761489868, 57.9678077698, -34.9551391602, -13.0830936432, -25.6139278412, -9.37020492554, -36.5576972961, -20.3750553131, -5.04677677155, 24.4723777771, 41.0513114929, 77.5057067871]],
        "icov": [[0.000267611729214, -0.000649594934657, 0.000816561223473, -0.000499335350469, 0.000627123750746, -0.000177426918526, 0.000909166876227, -2.47357365879e-05, 0.000541116751265, 0.000720332434867, -0.000187377620023, 0.000404338061344, 0.000260889675701], [-0.000649594934657, 0.0140297198668, -0.00577118527144, 0.00720161013305, -0.00872011389583, 0.00485054263845, -0.00988291203976, 0.00746106915176, -0.00836394913495, 0.00659565161914, -0.00341680739075, 0.0102930478752, -0.00430585537106], [0.000816561223473, -0.00577118527144, 0.00508187059313, -0.00358638912439, 0.00561224203557, -0.00167769659311, 0.004200222902, -0.000962239399087, 0.00366372638382, -0.00202928343788, 0.00308925495483, -0.00440554367378, 0.00182869844139], [-0.000499335350469, 0.00720161013305, -0.00358638912439, 0.00672364514321, -0.00525910640135, -0.000148126215208, -0.00329453358427, 0.00214856886305, -0.00272827222943, 0.00140101450961, 0.000337437988492, 0.00432426389307, -0.00220633647405], [0.000627123750746, -0.00872011389583, 0.00561224203557, -0.00525910640135, 0.012350441888, -0.00263498560525, 0.00428517814726, -0.000341377861332, 0.007015212439, -0.00410549202934, 0.0039130859077, -0.0080553367734, 0.00520205823705], [-0.000177426918526, 0.00485054263845, -0.00167769659311, -0.000148126215208, -0.00263498560525, 0.00892848707736, -0.00372297107242, 0.000634009309579, -0.000405518891057, 0.00025671167532, -0.00150554184802, 0.001297464245, 0.000518674554769], [0.000909166876227, -0.00988291203976, 0.004200222902, -0.00329453358427, 0.00428517814726, -0.00372297107242, 0.0214604567736, -0.00811197794974, 0.00751369027421, -0.00647961953655, 0.00562342116609, -0.00927020888776, 0.0051096486859], [-2.47357365879e-05, 0.00746106915176, -0.000962239399087, 0.00214856886305, -0.000341377861332, 0.000634009309579, -0.00811197794974, 0.0179132129997, -0.00660823890939, 0.0027737156488, 0.00125119311269, 0.00523251155391, 0.000960862729698], [0.000541116751265, -0.00836394913495, 0.00366372638382, -0.00272827222943, 0.007015212439, -0.000405518891057, 0.00751369027421, -0.00660823890939, 0.0258942842484, -0.0113186156377, 0.00465840054676, -0.00541677465662, 0.00756656425074], [0.000720332434867, 0.00659565161914, -0.00202928343788, 0.00140101450961, -0.00410549202934, 0.00025671167532, -0.00647961953655, 0.0027737156488, -0.0113186156377, 0.0259767603129, -0.00862660259008, 0.0077055003494, -0.00209788000211], [-0.000187377620023, -0.00341680739075, 0.00308925495483, 0.000337437988492, 0.0039130859077, -0.00150554184802, 0.00562342116609, 0.00125119311269, 0.00465840054676, -0.00862660259008, 0.0199977140874, -0.0172617267817, 0.00397595437244], [0.000404338061344, 0.0102930478752, -0.00440554367378, 0.00432426389307, -0.0080553367734, 0.001297464245, -0.00927020888776, 0.00523251155391, -0.00541677465662, 0.0077055003494, -0.0172617267817, 0.0394586622715, -0.0147173656151], [0.000260889675701, -0.00430585537106, 0.00182869844139, -0.00220633647405, 0.00520205823705, 0.000518674554769, 0.0051096486859, 0.000960862729698, 0.00756656425074, -0.00209788000211, 0.00397595437244, -0.0147173656151, 0.0237032212317]]
    },
    "melbands": {
        "dmean": [6.55243297842e-07, 1.25791148093e-05, 0.000184771983186, 0.000382422003895, 0.000199688816792, 3.62461687473e-05, 7.55803193897e-05, 9.21292521525e-05, 3.62131322618e-05, 9.19669673749e-06, 5.66579728911e-06, 4.99568068335e-06, 8.55003600009e-06, 1.29544896481e-05, 1.8889482817e-05, 7.03254272594e-06, 4.76800596516e-06, 3.19825358019e-06, 4.5740753194e-06, 4.46093827122e-06, 4.51004143542e-06, 4.34010644312e-06, 7.84634266893e-06, 9.72284942691e-06, 5.56325630896e-06, 6.36224740447e-06, 3.34546052727e-06, 1.36555365771e-06, 5.70792110466e-07, 5.04743070451e-07, 4.76478419387e-07, 5.65032962641e-07, 4.60319284912e-07, 5.20381888691e-07, 6.5632298174e-07, 9.40982147313e-07, 6.65568734348e-07, 4.00257192723e-07, 1.45611920743e-07, 6.64010855189e-08],
        "dmean2": [1.15938235012e-06, 2.21099307964e-05, 0.000338450394338, 0.000605045293923, 0.000295936770272, 5.65665723116e-05, 0.000120859316667, 0.000131469787448, 5.41348563274e-05, 1.2010806131e-05, 8.22099173092e-06, 6.52597327644e-06, 1.21887042042e-05, 1.84598138731e-05, 2.5302884751e-05, 8.70011081133e-06, 6.3663110268e-06, 4.85480904899e-06, 6.41080896457e-06, 6.48655350233e-06, 7.06640230419e-06, 6.26634709988e-06, 1.05624376374e-05, 1.42263761518e-05, 9.50235607888e-06, 1.09451630124e-05, 5.31966134076e-06, 2.10865778172e-06, 9.1821920023e-07, 8.84940561718e-07, 8.5199218347e-07, 1.00391866908e-06, 8.22125173272e-07, 9.55899054134e-07, 1.2085220078e-06, 1.74265676378e-06, 1.24983637306e-06, 7.52284449845e-07, 2.70159517868e-07, 1.25902843706e-07],
        "dvar": [9.27081328372e-12, 4.35147740063e-09, 7.81434152941e-07, 2.05537958209e-06, 4.07447174666e-07, 4.12465261945e-08, 9.4177984522e-08, 1.07303826269e-07, 3.89993672911e-08, 1.428485219e-09, 6.29742702429e-10, 3.96814525683e-10, 1.21602450331e-09, 3.96213417631e-09, 6.92037316341e-09, 1.18855414399e-09, 3.98145599823e-10, 1.40438327634e-10, 3.58014118351e-10, 4.15432660494e-10, 3.52431167583e-10, 3.08386843839e-10, 1.17906340247e-09, 4.15880840876e-09, 2.39692043991e-09, 3.06289793528e-09, 2.89953921984e-10, 4.06010260134e-11, 6.72130927304e-12, 7.40090280726e-12, 7.92344575368e-12, 9.54586062973e-12, 8.28394471075e-12, 1.51398130144e-11, 2.1391253352e-11, 3.42447667445e-11, 2.51734154355e-11, 9.99324928364e-12, 8.75504584195e-13, 1.67677774877e-13],
        "dvar2": [2.61243197214e-11, 1.05937036921e-08, 2.20388369598e-06, 4.885321232e-06, 8.82795347934e-07, 9.22146554672e-08, 2.40202382429e-07, 2.13495923163e-07, 9.82303660635e-08, 2.54133336597e-09, 1.13491549492e-09, 7.63088536804e-10, 2.60836241495e-09, 8.71247518575e-09, 1.25448202937e-08, 1.64797375746e-09, 7.33933358532e-10, 3.18041676328e-10, 8.30741253566e-10, 9.11114961255e-10, 7.95424115463e-10, 7.21829596095e-10, 2.34749064632e-09, 9.52362366746e-09, 6.71927846696e-09, 8.61379856332e-09, 7.54678763926e-10, 9.62439988816e-11, 1.67157555159e-11, 2.05572624895e-11, 2.18617016851e-11, 2.60658751527e-11, 2.31268806189e-11, 4.32328998989e-11, 6.13569542396e-11, 9.83306491786e-11, 7.36695079939e-11, 2.92218783893e-11, 2.52783904919e-12, 4.92048134008e-13],
        "max": [4.61444615212e-05, 0.00180783437099, 0.0163996294141, 0.0222638491541, 0.00974151398987, 0.00492264609784, 0.00445291493088, 0.00574040273204, 0.00358973653056, 0.00112243916374, 0.000506425567437, 0.000295187695883, 0.000447172118584, 0.00122175121214, 0.00158135930542, 0.000854255922604, 0.000453086133348, 0.000141774478834, 0.000361698010238, 0.000455742847407, 0.000235710991547, 0.000223321214435, 0.00064313627081, 0.00127495953348, 0.0010548128048, 0.00105237448588, 0.000311872572638, 8.78214632394e-05, 3.36069570039e-05, 4.39688119513e-05, 4.77454450447e-05, 4.3879259465e-05, 5.01934555359e-05, 7.58387104725e-05, 7.62855634093e-05, 7.0264803071e-05, 9.40590471146e-05, 5.88721850363e-05, 1.33334342536e-05, 5.83159317102e-06],
        "mean": [4.69546705517e-07, 1.35940017572e-05, 0.000199161775527, 0.00090293266112, 0.000595637771767, 0.000136060072691, 0.000230560050113, 0.000296505051665, 7.53279600758e-05, 2.86230188067e-05, 1.5789817553e-05, 1.0415657016e-05, 1.36768239827e-05, 2.30517634918e-05, 4.39483010268e-05, 1.72057043528e-05, 9.68087442743e-06, 5.25302039023e-06, 8.01794976724e-06, 6.85870372763e-06, 5.59243153475e-06, 5.18669139637e-06, 1.01843952507e-05, 1.14218664748e-05, 4.75948309031e-06, 4.94300320497e-06, 3.00519855045e-06, 1.21517075513e-06, 4.63078634994e-07, 3.62860106407e-07, 3.21029773431e-07, 3.85962806604e-07, 2.96425952229e-07, 3.27391745714e-07, 3.9998795387e-07, 5.6242475921e-07, 3.87948517755e-07, 2.33997567989e-07, 8.79598331949e-08, 3.90532228778e-08],
        "median": [2.8832728205e-08, 3.56790138767e-07, 1.04772993836e-06, 1.75301465788e-05, 9.96351227514e-05, 1.09341510779e-06, 1.48787296439e-06, 3.49312790604e-06, 1.45173373767e-06, 9.71259510152e-07, 1.51525412662e-07, 3.06812609097e-07, 1.10731761538e-07, 1.18707966124e-07, 2.94120468425e-07, 1.03851263589e-07, 4.64084735086e-08, 2.852540959e-08, 3.69754005192e-08, 2.53817216134e-08, 1.76099970162e-08, 1.28587078763e-08, 1.25500534409e-08, 1.0146024465e-08, 4.44219150353e-09, 3.45304274063e-09, 2.35534303172e-09, 9.55127643643e-10, 5.8557420024e-10, 4.8428161481e-10, 3.67562674741e-10, 3.17137149874e-10, 2.61877186603e-10, 2.12986600578e-10, 1.80492690238e-10, 1.66675645508e-10, 1.19828674761e-10, 7.8051828889e-11, 5.13163435356e-11, 2.31515848159e-11],
        "min": [3.43156197902e-11, 4.70996505686e-11, 8.83918327421e-10, 2.58358667793e-09, 8.48988601643e-10, 7.59188406585e-11, 3.15517861837e-10, 4.52664072892e-10, 3.53702928058e-10, 2.68541466841e-10, 7.8443848639e-11, 1.01571535904e-10, 8.7419613215e-11, 2.66821547495e-11, 2.04624876071e-11, 6.62959409592e-11, 8.60254228963e-11, 8.1272613639e-11, 6.01034846892e-11, 3.38041677983e-11, 4.5952634059e-11, 3.49660578269e-11, 3.97824030662e-11, 3.6119156277e-11, 4.06083638937e-11, 2.06602408792e-11, 2.77022935841e-11, 8.97388240106e-12, 2.95724143957e-12, 7.88818066855e-13, 7.0269734042e-13, 6.48235263211e-13, 5.79223463897e-13, 9.19269109619e-13, 1.21752705574e-12, 5.49965671962e-13, 6.02985760281e-13, 9.33503491521e-13, 4.8230245752e-13, 3.86562960461e-13],
        "var": [5.79617126864e-12, 8.86596929206e-09, 1.03778313587e-06, 5.85842963119e-06, 1.33109574563e-06, 2.06701187722e-07, 2.84827024188e-07, 4.64160820002e-07, 6.02394223392e-08, 6.93660417994e-09, 2.90679968984e-09, 8.67236282787e-10, 2.33754304801e-09, 9.03940833297e-09, 2.34171650959e-08, 4.47073178478e-09, 1.23661825224e-09, 2.30933924761e-10, 5.84816972626e-10, 6.01141358914e-10, 4.32287650121e-10, 3.68823888097e-10, 1.83998094538e-09, 5.27073540368e-09, 1.53695078886e-09, 1.91962423735e-09, 2.43342540562e-10, 4.26485513572e-11, 5.69545799411e-12, 4.92397919313e-12, 5.20603568935e-12, 6.45487873221e-12, 5.11693248537e-12, 8.78076170802e-12, 1.22223984406e-11, 1.95473255638e-11, 1.36808021509e-11, 5.46815891178e-12, 5.1169214265e-13, 9.16057729889e-14]
    },
    "mfcc": {
        "mean": [-919.760314941, 129.519866943, 5.70603704453, 3.4031355381, -4.13794755936, -18.2770042419, -21.6540908813, -18.1155719757, -24.6686687469, -13.3260087967, -9.58315467834, -6.89885377884, -10.1350545883],
        "cov": [[22772.0722656, 3718.40136719, -5828.97412109, -686.702026367, -2.93170022964, -555.715270996, -640.297607422, -12.6723136902, -1414.47729492, -311.612854004, -623.731689453, -247.517776489, -542.17791748], [3718.40136719, 2455.94482422, -1249.04919434, -658.090270996, -188.794342041, -353.57421875, -285.549713135, -237.760055542, -384.115844727, -192.365188599, -136.622879028, -210.648101807, -265.076538086], [-5828.97412109, -1249.04919434, 2213.43286133, 339.199401855, -59.7996749878, 155.261138916, 124.52129364, 16.7216682434, 436.409484863, 71.8504257202, 125.03678894, 104.20640564, 129.651016235], [-686.702026367, -658.090270996, 339.199401855, 412.141357422, 102.390525818, 110.776367188, 68.2694549561, 60.522102356, 113.674102783, 57.372253418, 12.7521133423, 34.8987388611, 32.8836479187], [-2.93170022964, -188.794342041, -59.7996749878, 102.390525818, 167.832473755, 93.8615188599, 43.4965515137, 31.4325237274, -13.6414489746, 21.6584892273, 21.9184017181, 0.750593245029, 9.9926404953], [-555.715270996, -353.57421875, 155.261138916, 110.776367188, 93.8615188599, 167.161087036, 98.2214736938, 48.1245155334, 49.7062644958, 14.9665899277, 11.372086525, 38.2378196716, 65.10496521], [-640.297607422, -285.549713135, 124.52129364, 68.2694549561, 43.4965515137, 98.2214736938, 144.903900146, 58.0329666138, 53.2378044128, 18.1360874176, 27.153263092, 2.60294318199, 45.7326774597], [-12.6723136902, -237.760055542, 16.7216682434, 60.522102356, 31.4325237274, 48.1245155334, 58.0329666138, 96.2754669189, 47.5368232727, 22.7502841949, 2.62298893929, 23.8800449371, 28.0992736816], [-1414.47729492, -384.115844727, 436.409484863, 113.674102783, -13.6414489746, 49.7062644958, 53.2378044128, 47.5368232727, 236.944992065, 60.9141540527, 15.6846446991, 41.6301689148, 52.8605651855], [-311.612854004, -192.365188599, 71.8504257202, 57.372253418, 21.6584892273, 14.9665899277, 18.1360874176, 22.7502841949, 60.9141540527, 92.9598312378, 58.948513031, 16.8811378479, 6.9127240181], [-623.731689453, -136.622879028, 125.03678894, 12.7521133423, 21.9184017181, 11.372086525, 27.153263092, 2.62298893929, 15.6846446991, 58.948513031, 114.740776062, 24.6908664703, 6.23668766022], [-247.517776489, -210.648101807, 104.20640564, 34.8987388611, 0.750593245029, 38.2378196716, 2.60294318199, 23.8800449371, 41.6301689148, 16.8811378479, 24.6908664703, 114.079452515, 83.3520736694], [-542.17791748, -265.076538086, 129.651016235, 32.8836479187, 9.9926404953, 65.10496521, 45.7326774597, 28.0992736816, 52.8605651855, 6.9127240181, 6.23668766022, 83.3520736694, 143.614074707]],
