{
"lowlevel": {
    "average_loudness": 0.975621283054,
    "barkbands_crest": {
        "dmean": 3.66932559013,
        "dmean2": 5.39638090134,
        "dvar": 16.4709186554,
        "dvar2": 34.3228721619,
        "max": 26.7514820099,
        "mean": 17.496011734,
        "median": 19.49152565,
        "min": 2.48834896088,
        "var": 42.7818374634
    },
    "barkbands_flatness_db": {
        "dmean": 0.0680243000388,
        "dmean2": 0.0900171175599,
        "dvar": 0.00515627022833,
        "dvar2": 0.00929370708764,
        "max": 0.621017873287,
        "mean": 0.237074077129,
        "median": 0.212174341083,
        "min": 0.0356278978288,
        "var": 0.0177991874516
    },
    "barkbands_kurtosis": {
        "dmean": 85.1695861816,
        "dmean2": 127.712760925,
        "dvar": 77590.859375,
        "dvar2": 185621.375,
        "max": 3691.31762695,
        "mean": 93.3370437622,
        "median": 19.38763237,
        "min": -1.88586997986,
        "var": 81904.921875
    },
    "barkbands_skewness": {
        "dmean": 2.81699299812,
        "dmean2": 3.99796104431,
        "dvar": 15.4039087296,
        "dvar2": 32.2064094543,
        "max": 50.02684021,
        "mean": 5.21746873856,
        "median": 3.97411155701,
        "min": -2.57429981232,
        "var": 31.3775253296
    },
    "barkbands_spread": {
        "dmean": 13.8803548813,
        "dmean2": 20.4683265686,
        "dvar": 399.652679443,
        "dvar2": 879.267028809,
        "max": 114.220291138,
        "mean": 23.0315437317,
        "median": 9.5461397171,
        "min": 0.0351803787053,
        "var": 731.756591797
    },
    "dissonance": {
        "dmean": 0.0171882733703,
        "dmean2": 0.0256874654442,
        "dvar": 0.000564524030779,
        "dvar2": 0.00104088545777,
        "max": 0.499992847443,
        "mean": 0.470265030861,
        "median": 0.481524050236,
        "min": 0.255453079939,
        "var": 0.00126226327848
    },
    "dynamic_complexity": 4.93021059036,
    "erbbands_crest": {
        "dmean": 2.95600104332,
        "dmean2": 4.6928896904,
        "dvar": 13.010890007,
        "dvar2": 25.030002594,
        "max": 29.5684623718,
        "mean": 7.69482517242,
        "median": 5.48606109619,
        "min": 1.79107451439,
        "var": 29.4319419861
    },
    "erbbands_flatness_db": {
        "dmean": 0.0266856122762,
        "dmean2": 0.0367656424642,
        "dvar": 0.0011534888763,
        "dvar2": 0.00208442378789,
        "max": 0.378207743168,
        "mean": 0.126374214888,
        "median": 0.10842846334,
        "min": 0.0475053340197,
        "var": 0.00348144257441
    },
    "erbbands_kurtosis": {
        "dmean": 3.04716610909,
        "dmean2": 4.68348836899,
        "dvar": 70.4377059937,
        "dvar2": 157.43145752,
        "max": 105.444656372,
        "mean": 2.26829457283,
        "median": -0.177021503448,
        "min": -1.78160309792,
        "var": 88.0498428345
    },
    "erbbands_skewness": {
        "dmean": 0.756598770618,
        "dmean2": 1.12435090542,
        "dvar": 0.965140342712,
        "dvar2": 1.97749006748,
        "max": 8.92040729523,
        "mean": 0.319955468178,
        "median": 0.193527668715,
        "min": -2.51837396622,
        "var": 2.28730487823
    },
    "erbbands_spread": {
        "dmean": 19.9682064056,
        "dmean2": 29.7012767792,
        "dvar": 414.559509277,
        "dvar2": 1024.90002441,
        "max": 164.795288086,
        "mean": 64.0972518921,
        "median": 64.5028381348,
        "min": 3.7042658329,
        "var": 1181.89379883
    },
    "hfc": {
        "dmean": 15.4717674255,
        "dmean2": 21.4542007446,
        "dvar": 773.16003418,
        "dvar2": 1744.7857666,
        "max": 217.605773926,
        "mean": 19.7843723297,
        "median": 5.87535762787,
        "min": 1.52673658249e-06,
        "var": 1086.69030762
    },
    "melbands_crest": {
        "dmean": 4.30595397949,
        "dmean2": 6.41477584839,
        "dvar": 23.4523200989,
        "dvar2": 56.1711196899,
        "max": 38.1826438904,
        "mean": 24.1024913788,
        "median": 25.2456264496,
        "min": 2.47071671486,
        "var": 67.4033584595
    },
    "melbands_flatness_db": {
        "dmean": 0.0808523967862,
        "dmean2": 0.108185373247,
        "dvar": 0.00778402620926,
        "dvar2": 0.0148718291894,
        "max": 0.762837171555,
        "mean": 0.313983917236,
        "median": 0.302147328854,
        "min": 0.0195057094097,
        "var": 0.0282390527427
    },
    "melbands_kurtosis": {
        "dmean": 89.7301940918,
        "dmean2": 138.853149414,
        "dvar": 18646.6484375,
        "dvar2": 41553.1210938,
        "max": 1402.63867188,
        "mean": 127.848670959,
        "median": 67.9257888794,
        "min": -1.65625083447,
        "var": 30755.5117188
    },
    "melbands_skewness": {
        "dmean": 2.85796165466,
        "dmean2": 4.25440263748,
        "dvar": 8.77259063721,
        "dvar2": 20.3091068268,
        "max": 30.0811100006,
        "mean": 7.39497327805,
        "median": 6.66518354416,
        "min": -2.09780025482,
        "var": 23.5957870483
    },
    "melbands_spread": {
        "dmean": 14.2060232162,
        "dmean2": 23.6500968933,
        "dvar": 639.421081543,
        "dvar2": 1616.73669434,
        "max": 217.747497559,
        "mean": 18.4896812439,
        "median": 4.23190879822,
        "min": 0.0952561497688,
        "var": 923.589111328
    },
    "pitch_salience": {
        "dmean": 0.115254737437,
        "dmean2": 0.174594566226,
        "dvar": 0.0171357728541,
        "dvar2": 0.0341154225171,
        "max": 0.88969540596,
        "mean": 0.354692459106,
        "median": 0.325284421444,
        "min": 0.0146883539855,
        "var": 0.048181630671
    },
    "silence_rate_20dB": {
        "dmean": 0,
        "dmean2": 0,
        "dvar": 0,
        "dvar2": 0,
        "max": 1,
        "mean": 1,
        "median": 1,
        "min": 1,
        "var": 0
    },
    "silence_rate_30dB": {
        "dmean": 0.1037151739,
        "dmean2": 0.20759101212,
        "dvar": 0.0929588526487,
        "dvar2": 0.217167526484,
        "max": 1,
        "mean": 0.886310875416,
        "median": 1,
        "min": 0,
        "var": 0.100763224065
    },
    "silence_rate_60dB": {
        "dmean": 0.0526315793395,
        "dmean2": 0.105344690382,
        "dvar": 0.0498611181974,
        "dvar2": 0.12678065896,
        "max": 1,
        "mean": 0.138437747955,
        "median": 0,
        "min": 0,
        "var": 0.119272775948
    },
    "spectral_centroid": {
        "dmean": 597.943786621,
        "dmean2": 921.060058594,
        "dvar": 641837.875,
        "dvar2": 1337574.125,
        "max": 11228.2197266,
        "mean": 1415.0300293,
        "median": 1156.88891602,
        "min": 61.7707901001,
        "var": 1254817.375
    },
    "spectral_complexity": {
        "dmean": 5.2136220932,
        "dmean2": 7.43609619141,
        "dvar": 69.4870071411,
        "dvar2": 131.138137817,
        "max": 64,
        "mean": 9.71384334564,
        "median": 6,
        "min": 0,
        "var": 145.226547241
    },
    "spectral_decrease": {
        "dmean": 5.78474068647e-09,
        "dmean2": 9.06841890469e-09,
        "dvar": 7.52870345916e-17,
        "dvar2": 1.89322676616e-16,
        "max": -4.06911292669e-16,
        "mean": -1.03892396908e-08,
        "median": -6.25401286314e-09,
        "min": -5.59799069322e-08,
        "var": 1.3478495153e-16
    },
    "spectral_energy": {
        "dmean": 0.0223453119397,
        "dmean2": 0.0349317379296,
        "dvar": 0.00111683236901,
        "dvar2": 0.00279313675128,
        "max": 0.212424755096,
        "mean": 0.0410058610141,
        "median": 0.0250118374825,
        "min": 1.67425850961e-09,
        "var": 0.00200218916871
    },
    "spectral_energyband_high": {
        "dmean": 0.00149677041918,
        "dmean2": 0.00215269788168,
        "dvar": 7.71060877014e-06,
        "dvar2": 1.69772847585e-05,
        "max": 0.0219037663192,
        "mean": 0.00173832243308,
        "median": 0.00022112915758,
        "min": 5.68553155944e-11,
        "var": 1.07730602394e-05
    },
    "spectral_energyband_low": {
        "dmean": 0.0196469258517,
        "dmean2": 0.0307903215289,
        "dvar": 0.000961144920439,
        "dvar2": 0.00239980919287,
        "max": 0.210551574826,
        "mean": 0.0341504812241,
        "median": 0.0201514046639,
        "min": 7.85648490709e-11,
        "var": 0.00172923645005
    },
    "spectral_energyband_middle_high": {
        "dmean": 0.00124489783775,
        "dmean2": 0.00199388037436,
        "dvar": 1.04906748675e-05,
        "dvar2": 2.70134733e-05,
        "max": 0.0251789353788,
        "mean": 0.00135694420896,
        "median": 0.000271005555987,
        "min": 3.61054380837e-11,
        "var": 1.07418391053e-05
    },
    "spectral_energyband_middle_low": {
        "dmean": 0.00535303121433,
        "dmean2": 0.0094381691888,
        "dvar": 0.00024844383006,
        "dvar2": 0.000680949364323,
        "max": 0.112928926945,
        "mean": 0.00490203313529,
        "median": 0.00170082773548,
        "min": 3.00092201089e-10,
        "var": 0.000173842403456
    },
    "spectral_entropy": {
        "dmean": 0.389709293842,
        "dmean2": 0.563335299492,
        "dvar": 0.27008369565,
        "dvar2": 0.49142691493,
        "max": 9.78798675537,
        "mean": 7.70032835007,
        "median": 8.00706768036,
        "min": 5.08780908585,
        "var": 0.694144368172
    },
    "spectral_flux": {
        "dmean": 0.0450567267835,
        "dmean2": 0.0681189596653,
        "dvar": 0.00322740292177,
        "dvar2": 0.00645588617772,
        "max": 0.443434655666,
        "mean": 0.0963224470615,
        "median": 0.067492492497,
        "min": 4.09177046095e-05,
        "var": 0.00782449450344
    },
    "spectral_kurtosis": {
        "dmean": 2.66778707504,
        "dmean2": 4.12288331985,
        "dvar": 26.3606319427,
        "dvar2": 60.522983551,
        "max": 51.7038421631,
        "mean": 4.16686534882,
        "median": 1.65668964386,
        "min": -1.14621293545,
        "var": 41.4080886841
    },
    "spectral_rms": {
        "dmean": 0.00153597665485,
        "dmean2": 0.00223610945977,
        "dvar": 3.61721140507e-06,
        "dvar2": 8.02518388809e-06,
        "max": 0.0143959596753,
        "mean": 0.00537474174052,
        "median": 0.00493981689215,
        "min": 1.27805435568e-06,
        "var": 1.11178733277e-05
    },
    "spectral_rolloff": {
        "dmean": 1414.37475586,
        "dmean2": 2413.8684082,
        "dvar": 6512281.5,
        "dvar2": 14897150,
        "max": 12769.1894531,
        "mean": 1842.79968262,
        "median": 129.19921875,
        "min": 43.06640625,
        "var": 9945806
    },
    "spectral_skewness": {
        "dmean": 0.406388133764,
        "dmean2": 0.589784801006,
        "dvar": 0.330131798983,
        "dvar2": 0.659847915173,
        "max": 6.01286220551,
        "mean": 1.48164367676,
        "median": 1.14892613888,
        "min": -0.0290056001395,
        "var": 0.799717664719
    },
    "spectral_spread": {
        "dmean": 1118890.75,
        "dmean2": 1682407,
        "dvar": 2.77340513894e+12,
        "dvar2": 4.65736879309e+12,
        "max": 38516044,
        "mean": 6556066.5,
        "median": 6524443.5,
        "min": 1262230.375,
        "var": 6.32818604442e+12
    },
    "spectral_strongpeak": {
        "dmean": 0.184300631285,
        "dmean2": 0.285935640335,
        "dvar": 0.0561156794429,
        "dvar2": 0.134861946106,
        "max": 2.28602910042,
        "mean": 0.400103390217,
        "median": 0.354138433933,
        "min": 7.52695050323e-05,
        "var": 0.0988596454263
    },
    "zerocrossingrate": {
        "dmean": 0.0247035548091,
        "dmean2": 0.0248985607177,
        "dvar": 0.000858664978296,
        "dvar2": 0.000901210412849,
        "max": 0.36572265625,
        "mean": 0.063403300941,
        "median": 0.03857421875,
        "min": 0.001953125,
        "var": 0.0047813677229
    },
    "barkbands": {
        "dmean": [0.000901606515981, 0.0158910155296, 0.00577039038762, 0.00305544119328, 0.00156188197434, 0.000479422946228, 0.000328527501551, 0.000139941781526, 0.000157003727509, 0.000101767662272, 0.000130142638227, 8.62427405082e-05, 8.81842788658e-05, 6.2268882175e-05, 0.00012245727703, 0.000130185915623, 0.000128986808704, 0.000166602229001, 0.000214311643504, 0.000287752627628, 0.00028872382245, 0.000277882674709, 0.000260641128989, 0.000208142344491, 0.000207038829103, 0.000177250025445, 3.011949957e-06],
        "dmean2": [0.00121737073641, 0.0213596802205, 0.0104214241728, 0.00581149570644, 0.00277630193159, 0.000832395337056, 0.000507280405145, 0.000227790922509, 0.000278108083876, 0.000175129636773, 0.000224732342758, 0.000143024939462, 0.000152551147039, 0.000104355152871, 0.000214752421016, 0.000227795608225, 0.000217785185669, 0.000276942329947, 0.000373311078874, 0.000445602752734, 0.000459716306068, 0.000425148842623, 0.000395436596591, 0.000292276410619, 0.000286404130748, 0.000270339136478, 5.30880970473e-06],
        "dvar": [2.20002903006e-06, 0.000608750211541, 0.00037364588934, 0.000110351058538, 2.04797870538e-05, 2.2579833967e-06, 1.5966003275e-06, 2.43817424916e-07, 2.8081458936e-07, 6.63460895112e-08, 1.54896170557e-07, 5.17464080474e-08, 5.72322882419e-08, 2.80722325385e-08, 1.15663333133e-07, 1.24452185446e-07, 1.22325431562e-07, 2.10594507166e-07, 4.04317887615e-07, 4.96225197821e-07, 4.48219850568e-07, 3.51382226427e-07, 3.14214162245e-07, 1.25521225414e-07, 1.21986829527e-07, 1.33928580226e-07, 5.59337715034e-11],
        "dvar2": [4.26830820288e-06, 0.0013223499991, 0.00104009115603, 0.000315993325785, 5.6800639868e-05, 6.31651482763e-06, 3.08791732095e-06, 6.66584014652e-07, 7.85206566434e-07, 1.72535962406e-07, 4.02504383601e-07, 1.24400301615e-07, 1.54354154347e-07, 7.16515202726e-08, 3.00641744388e-07, 3.43445947237e-07, 3.21358101019e-07, 5.44612930753e-07, 1.11980398287e-06, 1.1455584854e-06, 1.14330555334e-06, 8.35932098653e-07, 6.3209927248e-07, 2.41602606366e-07, 2.36765188788e-07, 3.21221023114e-07, 1.476326561e-10],
        "max": [0.0126778846607, 0.200518980622, 0.132812172174, 0.0819341465831, 0.0573172606528, 0.0199491959065, 0.0205328650773, 0.00771743105724, 0.006001138594, 0.00368500268087, 0.00491162668914, 0.00226688990369, 0.00305596902035, 0.00159979145974, 0.00245745270513, 0.00284211407416, 0.00311445468105, 0.00427214009687, 0.00531211914495, 0.00575954187661, 0.00576485414058, 0.00459461100399, 0.00424598716199, 0.00298504019156, 0.00196282728575, 0.00246354052797, 7.89057958173e-05],
        "mean": [0.00177866220474, 0.0270782727748, 0.00417102687061, 0.00190261087846, 0.00162489525974, 0.000618039804976, 0.000423900753958, 0.000141868862556, 0.000160601077368, 0.000108154163172, 0.000127918479848, 0.000100750585261, 9.40413810895e-05, 7.46796358726e-05, 0.000104792088678, 0.000114864786156, 0.000121273820696, 0.000171292893356, 0.000195438886294, 0.000284222944174, 0.000294712954201, 0.000304693967337, 0.00030866774614, 0.000265215086984, 0.00026355497539, 0.000169177932548, 2.51613232649e-06],
        "median": [0.000777911453042, 0.0147570082918, 0.000700335483998, 0.000116172785056, 0.000626361870673, 0.000254286976997, 8.9068467787e-05, 3.44679720001e-05, 3.82134130632e-05, 3.28295864165e-05, 1.97531280719e-05, 2.01639195438e-05, 1.51042559082e-05, 1.36698263304e-05, 1.30755597638e-05, 1.42532480822e-05, 1.41877471833e-05, 2.09005029319e-05, 2.40713761741e-05, 3.29956383212e-05, 3.52623283106e-05, 3.50494956365e-05, 3.03884407913e-05, 3.07970876747e-05, 2.73644527624e-05, 1.1720528164e-05, 1.54843498024e-08],
        "min": [2.13938745192e-11, 4.16175470822e-12, 8.41283293029e-12, 5.18571297015e-11, 5.86914128409e-11, 6.74905686893e-11, 4.00634907194e-11, 4.29196504725e-11, 1.76735726748e-11, 2.56582984026e-11, 3.38261536836e-12, 2.77195432406e-12, 5.21051734745e-12, 2.3375802162e-12, 9.99001662644e-13, 1.62601800514e-12, 1.35579319039e-12, 1.76352996876e-12, 1.77166462924e-12, 3.53167603669e-12, 5.25543324137e-12, 4.90605689754e-12, 3.7168146165e-12, 9.2138761898e-12, 7.72867707333e-12, 7.81266457778e-12, 1.15902877573e-11],
        "var": [4.67805284643e-06, 0.00123900279868, 0.000230934485444, 6.23047453701e-05, 1.43060497066e-05, 2.07443940781e-06, 2.33899208979e-06, 1.85530140584e-07, 2.11328398336e-07, 6.68835085094e-08, 1.38339657951e-07, 6.38165147393e-08, 5.74384841912e-08, 3.40770753837e-08, 9.38443136533e-08, 1.01544387121e-07, 1.12087192861e-07, 2.13885854805e-07, 3.27639099851e-07, 5.23488040471e-07, 4.45433101959e-07, 4.09864128414e-07, 4.84569795844e-07, 2.22738279376e-07, 2.03001292221e-07, 1.36837513764e-07, 4.73941892676e-11]
    },
    "erbbands": {
        "dmean": [0.644122779369, 3.10545873642, 6.0633225441, 9.03157329559, 7.61679649353, 4.875187397, 3.54373216629, 3.86333537102, 4.07984733582, 4.55248641968, 2.51615643501, 3.17822194099, 3.5959341526, 4.65826416016, 3.67261719704, 3.23889398575, 4.03120183945, 2.89616417885, 4.47733974457, 7.8543639183, 6.44876670837, 7.7223200798, 9.1010799408, 8.59208583832, 13.0398836136, 12.6139431, 11.6035699844, 13.3088569641, 10.5774641037, 7.16603517532, 7.29506254196, 5.03588008881, 3.63173174858, 2.41759824753, 1.38046860695, 0.806822001934, 0.35514870286, 0.0311587639153, 0.000641088234261, 5.02189432154e-05],
        "dmean2": [0.879705309868, 4.4500617981, 10.5762033463, 16.6304454803, 13.8065757751, 8.64698410034, 5.87287759781, 6.92395305634, 6.45572471619, 7.16115093231, 4.01360225677, 5.59833955765, 6.22992277145, 8.26243019104, 6.19775676727, 5.32298946381, 6.76492929459, 4.69447946548, 7.62503480911, 13.6503601074, 11.0827102661, 13.0750141144, 15.5398101807, 13.8509092331, 21.1786994934, 19.52202034, 17.9151496887, 22.5783061981, 16.0967082977, 10.2914829254, 11.0775899887, 7.80232429504, 5.00870990753, 3.4233622551, 1.91078650951, 1.19807171822, 0.561495840549, 0.0497096292675, 0.0010168349836, 7.64838623581e-05],
        "dvar": [1.04728353024, 26.2119026184, 359.023132324, 841.110473633, 577.563537598, 160.851364136, 73.3918075562, 195.949234009, 255.991531372, 240.001937866, 61.2555465698, 107.192939758, 96.691986084, 172.21244812, 102.592094421, 72.7202453613, 120.309112549, 46.10364151, 154.02406311, 586.548828125, 263.152893066, 405.849609375, 608.285095215, 481.986541748, 1406.43933105, 940.292114258, 778.465881348, 1070.15820312, 480.85168457, 196.817077637, 248.090286255, 91.0140380859, 38.783039093, 17.4846115112, 5.44942951202, 2.37499856949, 0.598372876644, 0.00477888109162, 1.92464040083e-06, 4.68720928737e-09],
        "dvar2": [2.17693567276, 58.7321052551, 991.795532227, 2357.03222656, 1620.13781738, 439.19631958, 178.844833374, 565.78704834, 541.125488281, 561.81237793, 151.622802734, 296.342437744, 262.652648926, 441.074035645, 267.237548828, 177.230178833, 317.84072876, 110.409187317, 409.455230713, 1574.88977051, 714.653625488, 1067.01428223, 1624.34289551, 1200.97412109, 3744.28051758, 2174.67919922, 1878.1529541, 2926.30908203, 1165.52783203, 368.073242188, 473.302734375, 183.766342163, 74.0452041626, 31.7340698242, 11.6100463867, 5.5096487999, 1.46972227097, 0.011875089258, 4.78469155496e-06, 1.19736904836e-08],
        "max": [8.63716888428, 41.2784843445, 140.39642334, 192.92829895, 211.172729492, 133.003494263, 106.157913208, 197.546936035, 232.268600464, 280.642425537, 103.119697571, 124.815422058, 104.488319397, 162.721435547, 115.405303955, 101.816513062, 137.095367432, 65.7911834717, 100.252235413, 217.158615112, 139.327545166, 179.376281738, 196.505371094, 190.029006958, 323.631347656, 251.145233154, 265.760040283, 259.140563965, 161.498626709, 151.157089233, 130.768966675, 78.2115020752, 45.0356483459, 25.5313549042, 13.868555069, 9.45784854889, 5.57188940048, 0.493893235922, 0.0110431360081, 0.00044663035078],
        "mean": [1.0603621006, 4.86165046692, 5.65244245529, 6.11083698273, 5.60895299911, 5.76433992386, 4.82802391052, 4.63409996033, 5.44637918472, 5.54935359955, 2.93566179276, 3.33405208588, 3.76323342323, 5.01246547699, 3.71852350235, 3.73087501526, 4.41435432434, 3.90243625641, 4.34968662262, 6.73581695557, 6.01373910904, 7.37244272232, 9.10061264038, 9.11296463013, 11.8805198669, 12.4398727417, 11.415769577, 12.6406049728, 11.1914043427, 8.84870147705, 8.66886615753, 6.04949045181, 4.63573789597, 3.15749669075, 1.72145068645, 0.838905215263, 0.313922464848, 0.0282571595162, 0.000606500019785, 7.4759911513e-05],
        "median": [0.477601110935, 2.27893900871, 1.78990352154, 0.660130441189, 1.27624499798, 2.21572041512, 2.39815354347, 1.44708716869, 1.33530652523, 1.42832958698, 0.790845215321, 0.828801810741, 1.02099776268, 0.971311032772, 0.77098429203, 0.767510473728, 0.767180502415, 0.712286114693, 0.635990858078, 0.786306083202, 0.835410356522, 0.878315031528, 1.13195180893, 1.24285173416, 1.51964211464, 1.46707701683, 1.21297466755, 1.62828660011, 1.30401921272, 0.945814073086, 0.797174990177, 0.6568364501, 0.512323856354, 0.33727684617, 0.171272933483, 0.0714610517025, 0.0166458152235, 0.00123792293016, 6.25174507149e-05, 4.63344476884e-05],
        "min": [3.30112270852e-10, 7.50429995922e-10, 1.19577459046e-08, 3.39742769029e-07, 9.78576011335e-08, 2.48495780397e-07, 6.65453967486e-07, 3.45087386222e-07, 2.21942116241e-07, 1.27505870751e-06, 5.55421081572e-07, 2.99929723724e-07, 1.27398448058e-06, 1.64439384776e-07, 1.56283732622e-07, 1.10440957712e-07, 2.31562125919e-07, 1.55386715051e-07, 8.46110381758e-08, 5.60183650578e-08, 1.03639010263e-07, 7.70579760001e-08, 8.44260696908e-08, 9.8413764249e-08, 1.1110124376e-07, 1.52211185878e-07, 1.95255978497e-07, 2.09327794209e-07, 1.87364392445e-07, 1.064784243e-07, 1.33384531864e-07, 1.60949824135e-07, 1.47688965058e-07, 8.41287075559e-08, 6.52936194001e-08, 3.74056092767e-08, 1.30428503553e-08, 6.18728135393e-09, 1.4357401934e-09, 1.58301011188e-10],
        "var": [1.99326884747, 48.3037719727, 245.222961426, 506.103240967, 353.651092529, 127.38067627, 86.0485458374, 157.143981934, 343.774230957, 299.477783203, 64.8738021851, 84.5400390625, 83.0323410034, 179.428985596, 88.3967132568, 86.6809768677, 127.451095581, 78.2688293457, 137.988433838, 456.387908936, 236.425704956, 388.125823975, 591.145202637, 542.063110352, 1185.65258789, 993.164855957, 807.74621582, 878.891052246, 538.940490723, 331.500183105, 395.4112854, 144.222610474, 66.3606033325, 30.2653961182, 8.5356760025, 2.73888707161, 0.556863546371, 0.00444007059559, 1.81938173682e-06, 6.3564744579e-09]
    },
    "gfcc": {
        "mean": [-78.1149597168, 65.3892364502, -67.2030563354, 50.9717483521, -54.9290161133, 21.5204143524, -30.8856010437, 14.9011516571, -20.6912479401, 9.33097171783, -10.893863678, 7.06288814545, -4.68095016479],
        "cov": [[16919.5585938, -3337.6706543, -965.30255127, 1021.17822266, -684.102905273, 572.342163086, -889.809692383, -41.612865448, -1119.30004883, 123.754875183, -687.032958984, 145.342559814, -655.192749023], [-3337.6706543, 3416.97900391, 990.826904297, -85.4733886719, 824.502990723, 36.6106796265, 948.632751465, 131.707229614, 990.922668457, -62.6758041382, 549.592712402, -120.08568573, 429.770690918], [-965.30255127, 990.826904297, 1773.19152832, 412.790283203, 538.154052734, 286.24597168, 533.150512695, 219.210983276, 338.432830811, 193.085067749, 193.290161133, 22.5287246704, 120.432441711], [1021.17822266, -85.4733886719, 412.790283203, 538.367004395, 269.41293335, 288.598937988, 123.703430176, 131.434204102, 67.5425491333, 107.284973145, 61.5810165405, 21.4415855408, 3.49094343185], [-684.102905273, 824.502990723, 538.154052734, 269.41293335, 645.570129395, 271.421386719, 479.51953125, 196.141662598, 393.835601807, 77.4603118896, 219.759262085, 4.72305440903, 133.894760132], [572.342163086, 36.6106796265, 286.24597168, 288.598937988, 271.421386719, 352.190582275, 225.915802002, 160.876785278, 126.186729431, 115.892852783, 70.8238983154, 30.42329216, 34.4910392761], [-889.809692383, 948.632751465, 533.150512695, 123.703430176, 479.51953125, 225.915802002, 559.142272949, 193.715286255, 435.216705322, 82.6906356812, 225.313751221, 15.0967617035, 178.117156982], [-41.612865448, 131.707229614, 219.210983276, 131.434204102, 196.141662598, 160.876785278, 193.715286255, 196.05696106, 155.409286499, 78.8034286499, 61.6267585754, 16.2508125305, 49.4924583435], [-1119.30004883, 990.922668457, 338.432830811, 67.5425491333, 393.835601807, 126.186729431, 435.216705322, 155.409286499, 472.331420898, 64.0996246338, 261.77935791, 2.47005200386, 192.698867798], [123.754875183, -62.6758041382, 193.085067749, 107.284973145, 77.4603118896, 115.892852783, 82.6906356812, 78.8034286499, 64.0996246338, 129.470413208, 64.3924484253, 50.7830276489, 22.7078609467], [-687.032958984, 549.592712402, 193.290161133, 61.5810165405, 219.759262085, 70.8238983154, 225.313751221, 61.6267585754, 261.77935791, 64.3924484253, 240.313644409, 37.8250961304, 127.365371704], [145.342559814, -120.08568573, 22.5287246704, 21.4415855408, 4.72305440903, 30.42329216, 15.0967617035, 16.2508125305, 2.47005200386, 50.7830276489, 37.8250961304, 88.4060745239, 32.8585700989], [-655.192749023, 429.770690918, 120.432441711, 3.49094343185, 133.894760132, 34.4910392761, 178.117156982, 49.4924583435, 192.698867798, 22.7078609467, 127.365371704, 32.8585700989, 145.564361572]],
        "icov": [[0.000111279339762, -6.08278205618e-05, 0.000106587765913, -0.000305864028633, 0.000191850311239, -0.000170617582626, -9.59987446549e-05, 1.7997197574e-05, 3.54233416147e-05, 1.82175845111e-05, 0.00019416930445, -0.000418715644628, 0.000449808692792], [-6.08278205618e-05, 0.0017071213806, -0.000707930477802, 0.000717766117305, -0.000296038517263, 0.000222569025937, -0.000519429857377, 0.00126063800417, -0.00230323825963, 0.00196386594325, -0.00108532467857, 0.00202476559207, -0.00108368461952], [0.000106587765913, -0.000707930477802, 0.00147730996832, -0.00130149000324, 2.68833809969e-06, 0.0008364925161, -0.00152469228487, -0.000304317014525, 0.0018725048285, -0.00240535452031, 0.000730388390366, -0.000330596842105, 0.000479252863443], [-0.000305864028633, 0.000717766117305, -0.00130149000324, 0.00568732386455, -0.00225100666285, -0.002992605092, 0.00308063649572, -0.000190427570487, -0.000728010374587, 0.000741845695302, -0.00170016870834, 0.00200454960577, -0.00159753137268], [0.000191850311239, -0.000296038517263, 2.68833809969e-06, -0.00225100666285, 0.00674900691956, -0.00146931025665, -0.00338785722852, -0.000617917103227, -0.00168227544054, 0.00276893703267, -0.00102903565858, -0.00168775604106, 0.00336152198724], [-0.000170617582626, 0.000222569025937, 0.0008364925161, -0.002992605092, -0.00146931025665, 0.0102339088917, -0.00463279383257, -0.0021797043737, 0.00339544541202, -0.00478354189545, 0.000158248789376, 0.00180187239312, -0.00100270379335], [-9.59987446549e-05, -0.000519429857377, -0.00152469228487, 0.00308063649572, -0.00338785722852, -0.00463279383257, 0.0137477582321, -0.00125914544333, -0.00723688630387, 0.00140226772055, 0.00207409332506, -0.00203760922886, -0.0018843797734], [1.7997197574e-05, 0.00126063800417, -0.000304317014525, -0.000190427570487, -0.000617917103227, -0.0021797043737, -0.00125914544333, 0.0131206726655, -0.00612826319411, -0.00275909714401, 0.00394978513941, 0.000555017788429, -0.000258321670117], [3.54233416147e-05, -0.00230323825963, 0.0018725048285, -0.000728010374587, -0.00168227544054, 0.00339544541202, -0.00723688630387, -0.00612826319411, 0.0227703992277, -0.00573092605919, -0.00769805954769, 0.00628141127527, -0.00682219630107], [1.82175845111e-05, 0.00196386594325, -0.00240535452031, 0.000741845695302, 0.00276893703267, -0.00478354189545, 0.00140226772055, -0.00275909714401, -0.00573092605919, 0.022738551721, -0.00557489739731, -0.00740974023938, 0.00465476699173], [0.00019416930445, -0.00108532467857, 0.000730388390366, -0.00170016870834, -0.00102903565858, 0.000158248789376, 0.00207409332506, 0.00394978513941, -0.00769805954769, -0.00557489739731, 0.0166516378522, -0.00573240313679, -0.00167240283918], [-0.000418715644628, 0.00202476559207, -0.000330596842105, 0.00200454960577, -0.00168775604106, 0.00180187239312, -0.00203760922886, 0.000555017788429, 0.00628141127527, -0.00740974023938, -0.00573240313679, 0.0250608287752, -0.0120079200715], [0.000449808692792, -0.00108368461952, 0.000479252863443, -0.00159753137268, 0.00336152198724, -0.00100270379335, -0.0018843797734, -0.000258321670117, -0.00682219630107, 0.00465476699173, -0.00167240283918, -0.0120079200715, 0.023753926158]]
    },
    "melbands": {
        "dmean": [0.00500682508573, 0.00307818548754, 0.00152245280333, 0.000453670421848, 0.000121904304251, 8.60560903675e-05, 6.45741965855e-05, 4.650480696e-05, 1.96934415726e-05, 2.13533730857e-05, 1.80368278961e-05, 1.83941501746e-05, 1.53224609676e-05, 8.80954121385e-06, 9.01680959942e-06, 9.58781129157e-06, 5.11453890795e-06, 6.68157917971e-06, 1.04160353658e-05, 9.47748503677e-06, 7.39452252674e-06, 7.4785129982e-06, 8.95291395864e-06, 7.68157951825e-06, 6.69101200401e-06, 9.53032758844e-06, 1.04348973764e-05, 7.80446771387e-06, 7.45064835428e-06, 6.73226850267e-06, 8.25453389552e-06, 6.83692269376e-06, 4.56840871266e-06, 3.93864866055e-06, 4.34100047642e-06, 4.07192192142e-06, 2.86133263216e-06, 2.59803891822e-06, 2.23765277951e-06, 1.97361578103e-06],
        "dmean2": [0.00674665533006, 0.00513757811859, 0.00276942760684, 0.000814426341094, 0.000204518262763, 0.000152757653268, 0.000100876241049, 7.34156928957e-05, 3.16789919452e-05, 3.81481258955e-05, 3.14269600494e-05, 3.27511443174e-05, 2.64164627879e-05, 1.47197488332e-05, 1.46433367263e-05, 1.6599547962e-05, 8.32700789033e-06, 1.15797256512e-05, 1.82520961971e-05, 1.67039397638e-05, 1.28404089992e-05, 1.27764833451e-05, 1.49755114762e-05, 1.30471107695e-05, 1.06609313661e-05, 1.67256512213e-05, 1.66898153111e-05, 1.21960292745e-05, 1.17048948596e-05, 1.06796142063e-05, 1.44658069985e-05, 1.07981568362e-05, 6.35391779724e-06, 5.79389961786e-06, 6.5877943598e-06, 6.55347366774e-06, 4.42809823653e-06, 3.61321599485e-06, 3.10556583827e-06, 2.84480074697e-06],
        "dvar": [6.14430609858e-05, 5.24494571437e-05, 2.26391002798e-05, 1.78706113729e-06, 8.09725904105e-08, 8.99530192555e-08, 6.35110595226e-08, 2.56354901751e-08, 3.93088672723e-09, 4.97981256231e-09, 2.48441511808e-09, 2.67243005503e-09, 2.09283346209e-09, 5.35803401647e-10, 6.00879290769e-10, 6.47480180582e-10, 1.50671711219e-10, 3.81000314631e-10, 8.26401669318e-10, 9.78969905141e-10, 4.00109861909e-10, 3.85621534704e-10, 5.87577375644e-10, 4.50484677339e-10, 2.68699534844e-10, 9.90465820472e-10, 6.69006350318e-10, 3.72140235294e-10, 3.61970675655e-10, 2.47361214845e-10, 4.30637608906e-10, 2.25229987438e-10, 7.27383639432e-11, 6.1089105996e-11, 9.115302263e-11, 7.8759020139e-11, 2.60329501012e-11, 1.93664147219e-11, 1.59543957906e-11, 1.15108799228e-11],
        "dvar2": [0.000130698666908, 0.00014044130512, 6.27809858997e-05, 4.96831535202e-06, 1.96447629719e-07, 2.55817695916e-07, 1.30948080823e-07, 6.29583283285e-08, 9.6407957173e-09, 1.39528211207e-08, 6.74816247326e-09, 6.86192969113e-09, 5.58827872865e-09, 1.40986256003e-09, 1.39488576245e-09, 1.73393843728e-09, 3.68585245658e-10, 1.0405051265e-09, 2.12220796492e-09, 2.71564593035e-09, 1.08615250127e-09, 1.01643637951e-09, 1.53252177615e-09, 1.19866749859e-09, 6.519933482e-10, 2.78569234347e-09, 1.58362589708e-09, 8.73486616371e-10, 8.77820205414e-10, 6.32657148891e-10, 1.19405485499e-09, 5.81729608928e-10, 1.41184675062e-10, 1.26805940748e-10, 1.71169078911e-10, 1.77569098314e-10, 5.41489492134e-11, 3.65488611598e-11, 2.82932826473e-11, 2.1674004605e-11],
        "max": [0.0649626925588, 0.058208823204, 0.0328510031104, 0.0151051180437, 0.00311598251574, 0.00414029695094, 0.00381580251269, 0.002929211827, 0.000918383593671, 0.000744217773899, 0.000536735926289, 0.000672341207974, 0.000577077327762, 0.000254426588072, 0.000308730785036, 0.000261390203377, 0.000132444140036, 0.000165788369486, 0.000226644639042, 0.000281436281512, 0.000208937257412, 0.000167965161381, 0.000220204718062, 0.000201882940019, 0.000139757583383, 0.000272800447419, 0.00019502696523, 0.000162932585226, 0.000179466878762, 0.000133013003506, 0.000160872819833, 0.000114261441922, 8.437201177e-05, 8.06121024652e-05, 8.09522971394e-05, 6.74227776472e-05, 4.08772320952e-05, 3.48300491169e-05, 2.91172109428e-05, 2.03478120966e-05],
        "mean": [0.00833743065596, 0.00420628860593, 0.00104915269185, 0.000418043055106, 0.000174619926838, 0.000107534477138, 8.78580322023e-05, 5.52949641133e-05, 2.303697147e-05, 2.17986726057e-05, 1.8640930648e-05, 1.97707704501e-05, 1.46344327732e-05, 1.00944098449e-05, 9.44274142967e-06, 1.0347674106e-05, 6.71096358928e-06, 6.44683041173e-06, 9.14814609132e-06, 8.03866623755e-06, 6.84913493387e-06, 7.14149473424e-06, 8.4949988377e-06, 7.88942907093e-06, 7.1227996159e-06, 8.15236217022e-06, 1.00824026958e-05, 7.67246365285e-06, 6.98740223015e-06, 7.0468490776e-06, 7.38481821827e-06, 6.6848951974e-06, 5.16636737302e-06, 4.76058039567e-06, 5.08843868374e-06, 4.63220749225e-06, 3.27200632455e-06, 3.28845453623e-06, 2.85728492599e-06, 2.58709246737e-06],
        "median": [0.00429585110396, 0.00195674155839, 0.000123124569654, 0.000130098691443, 9.36257420108e-05, 3.69834706362e-05, 2.15022027987e-05, 1.5031602743e-05, 6.2338394855e-06, 5.21503352502e-06, 4.91384071211e-06, 3.65856544704e-06, 2.46482704824e-06, 2.29802139984e-06, 1.43782278883e-06, 1.57723366101e-06, 1.23878442082e-06, 8.86409679879e-07, 1.11572569494e-06, 8.34010506878e-07, 9.72622046902e-07, 8.57072507188e-07, 9.31979457164e-07, 9.82152414508e-07, 9.39946858125e-07, 9.00994905351e-07, 1.19538890431e-06, 8.89402770099e-07, 7.05328034201e-07, 7.32448484086e-07, 9.62090439316e-07, 7.30496992674e-07, 5.82043014674e-07, 4.94249889016e-07, 4.42704873649e-07, 4.33713040593e-07, 3.99994803502e-07, 3.5366210227e-07, 3.10321212282e-07, 2.62245094973e-07],
        "min": [3.18504857905e-12, 2.49349629486e-12, 9.41592359638e-11, 9.73184380304e-12, 2.12944488431e-11, 8.87329532767e-12, 4.58121388047e-12, 1.38128440977e-11, 3.37393155948e-12, 2.36816274056e-12, 6.31136072224e-12, 5.2775161628e-13, 4.87471716638e-13, 4.14222448659e-13, 2.3032650006e-13, 6.15057104639e-13, 2.32830763133e-13, 1.47900626208e-13, 6.15720243346e-14, 9.2332459495e-14, 1.27923740394e-13, 9.35101131185e-14, 5.74770062816e-14, 8.44616938238e-14, 7.85750384571e-14, 8.16286328895e-14, 9.15889949602e-14, 1.04605790718e-13, 1.0774832361e-13, 1.23672678543e-13, 1.23166816915e-13, 9.37028165021e-14, 9.92290220803e-14, 4.56732836772e-14, 8.48191823851e-14, 5.83073899493e-14, 1.15686635076e-13, 1.0535546231e-13, 8.49572961894e-14, 7.41111680488e-14],
        "var": [0.000119771364552, 5.41176450497e-05, 1.40044367072e-05, 1.17959768886e-06, 9.54690477784e-08, 7.64938832276e-08, 8.80269865888e-08, 2.89032922041e-08, 4.19221590775e-09, 3.76989328643e-09, 2.12309392289e-09, 2.79516676471e-09, 1.67547919983e-09, 5.61700963519e-10, 7.16741110907e-10, 7.37481575808e-10, 2.33710745201e-10, 3.30309030128e-10, 7.01606162057e-10, 7.11620096183e-10, 3.44271583463e-10, 3.70591168863e-10, 5.45883283021e-10, 4.46130410392e-10, 3.187553832e-10, 7.22314374979e-10, 6.72225553e-10, 3.86237625216e-10, 3.53432838551e-10, 2.52824039482e-10, 3.2498384539e-10, 2.17899573385e-10, 1.11271596104e-10, 9.78385358841e-11, 1.45981671196e-10, 1.06386247034e-10, 3.96259136615e-11, 3.32524424662e-11, 2.75263752764e-11, 1.96672695491e-11]
    },
    "mfcc": {
        "mean": [-731.918762207, 94.9030380249, 41.9399147034, 35.1619415283, 10.4507684708, 11.2705860138, 7.01295375824, 6.98353290558, 4.00471591949, 3.3229675293, 3.05275964737, 2.93799972534, 3.28520298004],
        "cov": [[16174.5292969, -3400.06469727, -717.982421875, -70.2959289551, -164.518676758, 138.958053589, -43.7753639221, -292.409332275, -530.036010742, -450.190155029, -452.143371582, -281.030181885, -312.035430908], [-3400.06469727, 3098.80639648, 578.637817383, 300.041656494, 221.844116211, 212.671722412, 167.042358398, 400.102844238, 434.808380127, 403.651519775, 336.920074463, 240.655593872, 245.910385132], [-717.982421875, 578.637817383, 1118.44335938, 383.90536499, 257.521606445, 244.999511719, 246.589523315, 114.103935242, 200.52041626, 177.554733276, 173.492858887, 114.186340332, 103.162391663], [-70.2959289551, 300.041656494, 383.90536499, 355.694030762, 251.768722534, 191.398971558, 162.365951538, 135.74798584, 142.85043335, 132.934036255, 111.709533691, 95.7750854492, 89.8343505859], [-164.518676758, 221.844116211, 257.521606445, 251.768722534, 332.522796631, 215.970733643, 191.767456055, 157.659851074, 151.924331665, 136.085113525, 137.607879639, 112.829780579, 90.7073898315], [138.958053589, 212.671722412, 244.999511719, 191.398971558, 215.970733643, 296.796203613, 204.582229614, 156.553100586, 157.292358398, 146.413528442, 125.350814819, 97.7168197632, 94.0713424683], [-43.7753639221, 167.042358398, 246.589523315, 162.365951538, 191.767456055, 204.582229614, 222.876449585, 155.203964233, 158.275588989, 130.318130493, 117.16166687, 95.6474151611, 83.664604187], [-292.409332275, 400.102844238, 114.103935242, 135.74798584, 157.659851074, 156.553100586, 155.203964233, 217.777374268, 197.36239624, 153.145950317, 120.276603699, 101.171951294, 92.6472625732], [-530.036010742, 434.808380127, 200.52041626, 142.85043335, 151.924331665, 157.292358398, 158.275588989, 197.36239624, 258.293792725, 180.610397339, 127.730865479, 93.8473205566, 98.2985229492], [-450.190155029, 403.651519775, 177.554733276, 132.934036255, 136.085113525, 146.413528442, 130.318130493, 153.145950317, 180.610397339, 207.744094849, 152.183746338, 99.5520019531, 91.2138595581], [-452.143371582, 336.920074463, 173.492858887, 111.709533691, 137.607879639, 125.350814819, 117.16166687, 120.276603699, 127.730865479, 152.183746338, 159.766998291, 108.982025146, 86.2180938721], [-281.030181885, 240.655593872, 114.186340332, 95.7750854492, 112.829780579, 97.7168197632, 95.6474151611, 101.171951294, 93.8473205566, 99.5520019531, 108.982025146, 117.438323975, 91.0487289429], [-312.035430908, 245.910385132, 103.162391663, 89.8343505859, 90.7073898315, 94.0713424683, 83.664604187, 92.6472625732, 98.2985229492, 91.2138595581, 86.2180938721, 91.0487289429, 104.617141724]],
