{
"lowlevel": {
    "average_loudness": 0.923748135567,
    "barkbands_crest": {
        "dmean": 3.1867518425,
        "dmean2": 5.16361379623,
        "dvar": 8.29822158813,
        "dvar2": 20.2516441345,
        "max": 25.8391170502,
        "mean": 13.9370584488,
        "median": 13.5223712921,
        "min": 2.89099502563,
        "var": 26.9918518066
    },
    "barkbands_flatness_db": {
        "dmean": 0.0366565920413,
        "dmean2": 0.0536450073123,
        "dvar": 0.00109648727812,
        "dvar2": 0.0022708538454,
        "max": 0.441550582647,
        "mean": 0.244437485933,
        "median": 0.239947617054,
        "min": 0.0846462994814,
        "var": 0.00495358649641
    },
    "barkbands_kurtosis": {
        "dmean": 6.17276287079,
        "dmean2": 9.74744224548,
        "dvar": 131.123214722,
        "dvar2": 312.216186523,
        "max": 208.316879272,
        "mean": 10.2311439514,
        "median": 6.52753448486,
        "min": -1.67799317837,
        "var": 204.079803467
    },
    "barkbands_skewness": {
        "dmean": 0.748062431812,
        "dmean2": 1.13843894005,
        "dvar": 0.639394462109,
        "dvar2": 1.45885360241,
        "max": 12.2885379791,
        "mean": 2.24685621262,
        "median": 2.04484224319,
        "min": -0.935528993607,
        "var": 1.98847353458
    },
    "barkbands_spread": {
        "dmean": 3.68612527847,
        "dmean2": 5.67598628998,
        "dvar": 21.0506076813,
        "dvar2": 48.5870857239,
        "max": 54.9102287292,
        "mean": 10.1676111221,
        "median": 6.92602682114,
        "min": 0.486556887627,
        "var": 76.900100708
    },
    "dissonance": {
        "dmean": 0.0299260243773,
        "dmean2": 0.0479932166636,
        "dvar": 0.000715335307177,
        "dvar2": 0.0016281674616,
        "max": 0.499906748533,
        "mean": 0.42269796133,
        "median": 0.432785391808,
        "min": 0.201434791088,
        "var": 0.00248427665792
    },
    "dynamic_complexity": 3.89895558357,
    "erbbands_crest": {
        "dmean": 2.54715275764,
        "dmean2": 3.99245166779,
        "dvar": 5.16414213181,
        "dvar2": 12.1952867508,
        "max": 28.0284252167,
        "mean": 9.94323348999,
        "median": 9.15873908997,
        "min": 2.99110746384,
        "var": 16.8241386414
    },
    "erbbands_flatness_db": {
        "dmean": 0.0271093901247,
        "dmean2": 0.0373134687543,
        "dvar": 0.000552212353796,
        "dvar2": 0.00109077198431,
        "max": 0.40189409256,
        "mean": 0.229657545686,
        "median": 0.222271636128,
        "min": 0.106525495648,
        "var": 0.00249821995385
    },
    "erbbands_kurtosis": {
        "dmean": 1.32284140587,
        "dmean2": 2.0900375843,
        "dvar": 2.70409631729,
        "dvar2": 6.37609863281,
        "max": 26.8791179657,
        "mean": 1.34338784218,
        "median": 0.647448539734,
        "min": -1.65531253815,
        "var": 6.31024885178
    },
    "erbbands_skewness": {
        "dmean": 0.393678307533,
        "dmean2": 0.596557557583,
        "dvar": 0.120328530669,
        "dvar2": 0.294292449951,
        "max": 4.61242771149,
        "mean": 0.852158904076,
        "median": 0.851005494595,
        "min": -2.5092728138,
        "var": 0.588324427605
    },
    "erbbands_spread": {
        "dmean": 7.97059488297,
        "dmean2": 12.2207279205,
        "dvar": 67.274307251,
        "dvar2": 154.331436157,
        "max": 87.9116821289,
        "mean": 28.7582054138,
        "median": 27.0313243866,
        "min": 3.21089506149,
        "var": 196.642471313
    },
    "hfc": {
        "dmean": 5.61728620529,
        "dmean2": 8.02629756927,
        "dvar": 140.868423462,
        "dvar2": 326.763580322,
        "max": 192.243041992,
        "mean": 10.1023902893,
        "median": 5.40313673019,
        "min": 8.19322594907e-05,
        "var": 200.852020264
    },
    "melbands_crest": {
        "dmean": 3.57398247719,
        "dmean2": 5.83272123337,
        "dvar": 11.0346784592,
        "dvar2": 27.651304245,
        "max": 33.1187171936,
        "mean": 15.9847822189,
        "median": 15.5471591949,
        "min": 4.31923341751,
        "var": 31.967628479
    },
    "melbands_flatness_db": {
        "dmean": 0.0437694005668,
        "dmean2": 0.0610150247812,
        "dvar": 0.00160211487673,
        "dvar2": 0.00312364078127,
        "max": 0.550750613213,
        "mean": 0.288201242685,
        "median": 0.283028155565,
        "min": 0.0615887418389,
        "var": 0.00885522644967
    },
    "melbands_kurtosis": {
        "dmean": 9.27874660492,
        "dmean2": 14.4095897675,
        "dvar": 205.512176514,
        "dvar2": 473.317596436,
        "max": 191.777206421,
        "mean": 17.8549976349,
        "median": 11.7536201477,
        "min": -1.74929189682,
        "var": 413.559814453
    },
    "melbands_skewness": {
        "dmean": 0.823625981808,
        "dmean2": 1.26473176479,
        "dvar": 0.652252733707,
        "dvar2": 1.43978989124,
        "max": 10.8927640915,
        "mean": 2.88641667366,
        "median": 2.66059327126,
        "min": -0.595549345016,
        "var": 2.32072925568
    },
    "melbands_spread": {
        "dmean": 4.17770910263,
        "dmean2": 6.35538244247,
        "dvar": 32.9732589722,
        "dvar2": 70.6797943115,
        "max": 82.5696868896,
        "mean": 11.4829244614,
        "median": 7.32259607315,
        "min": 0.557710945606,
        "var": 136.364578247
    },
    "pitch_salience": {
        "dmean": 0.0835088863969,
        "dmean2": 0.133216157556,
        "dvar": 0.00568502349779,
        "dvar2": 0.0130710257217,
        "max": 0.820553302765,
        "mean": 0.514067232609,
        "median": 0.527176737785,
        "min": 0.0968614518642,
        "var": 0.0174127705395
    },
    "silence_rate_20dB": {
        "dmean": 0,
        "dmean2": 0,
        "dvar": 0,
        "dvar2": 0,
        "max": 1,
        "mean": 1,
        "median": 1,
        "min": 1,
        "var": 0
    },
    "silence_rate_30dB": {
        "dmean": 0.0487993806601,
        "dmean2": 0.0976365730166,
        "dvar": 0.0464175306261,
        "dvar2": 0.0950788483024,
        "max": 1,
        "mean": 0.936120808125,
        "median": 1,
        "min": 0,
        "var": 0.0597979351878
    },
    "silence_rate_60dB": {
        "dmean": 0.0480247884989,
        "dmean2": 0.0960867851973,
        "dvar": 0.0457169897854,
        "dvar2": 0.107001945376,
        "max": 1,
        "mean": 0.12582269311,
        "median": 0,
        "min": 0,
        "var": 0.109996289015
    },
    "spectral_centroid": {
        "dmean": 186.621780396,
        "dmean2": 280.763183594,
        "dvar": 51851.4882812,
        "dvar2": 110888.570312,
        "max": 2951.65820312,
        "mean": 708.498535156,
        "median": 526.949462891,
        "min": 162.757995605,
        "var": 237223.640625
    },
    "spectral_complexity": {
        "dmean": 2.63903951645,
        "dmean2": 4.0247964859,
        "dvar": 9.61639118195,
        "dvar2": 19.0408172607,
        "max": 41,
        "mean": 10.8478517532,
        "median": 10,
        "min": 0,
        "var": 32.2451095581
    },
    "spectral_decrease": {
        "dmean": 3.77006825758e-09,
        "dmean2": 5.06524600041e-09,
        "dvar": 4.99766710411e-17,
        "dvar2": 9.43427149536e-17,
        "max": -9.58654745756e-14,
        "mean": -7.3701773573e-09,
        "median": -3.21985638152e-09,
        "min": -7.42021128985e-08,
        "var": 1.17833294391e-16
    },
    "spectral_energy": {
        "dmean": 0.0146793639287,
        "dmean2": 0.0197405293584,
        "dvar": 0.000736695015803,
        "dvar2": 0.00139282655437,
        "max": 0.28879660368,
        "mean": 0.0287330523133,
        "median": 0.0127611681819,
        "min": 3.69250813037e-07,
        "var": 0.0017395975301
    },
    "spectral_energyband_high": {
        "dmean": 0.000218608096475,
        "dmean2": 0.000346967659425,
        "dvar": 4.92750530157e-07,
        "dvar2": 1.19277774502e-06,
        "max": 0.0148695046082,
        "mean": 0.000214273663005,
        "median": 3.15124489134e-05,
        "min": 2.76450806691e-10,
        "var": 4.7845685458e-07
    },
    "spectral_energyband_low": {
        "dmean": 0.0082935448736,
        "dmean2": 0.0103391325101,
        "dvar": 0.000585289380979,
        "dvar2": 0.00114986929111,
        "max": 0.25214150548,
        "mean": 0.0130942529067,
        "median": 0.0010176054202,
        "min": 2.3460549059e-09,
        "var": 0.00114466296509
    },
    "spectral_energyband_middle_high": {
        "dmean": 0.00133939227089,
        "dmean2": 0.00193067628425,
        "dvar": 1.16112487376e-05,
        "dvar2": 2.71460103249e-05,
        "max": 0.0537778958678,
        "mean": 0.00207367585972,
        "median": 0.000742886215448,
        "min": 1.57879433971e-08,
        "var": 1.52706015797e-05
    },
    "spectral_energyband_middle_low": {
        "dmean": 0.00711537385359,
        "dmean2": 0.0108044752851,
        "dvar": 0.000161517775268,
        "dvar2": 0.000345396780176,
        "max": 0.200881913304,
        "mean": 0.0139625743032,
        "median": 0.00767395924777,
        "min": 1.056806056e-07,
        "var": 0.000322414271068
    },
    "spectral_entropy": {
        "dmean": 0.347205013037,
        "dmean2": 0.489335864782,
        "dvar": 0.0916836634278,
        "dvar2": 0.193755298853,
        "max": 8.20301628113,
        "mean": 6.70794248581,
        "median": 6.73651456833,
        "min": 5.07954025269,
        "var": 0.339309036732
    },
    "spectral_flux": {
        "dmean": 0.0318826772273,
        "dmean2": 0.0508696511388,
        "dvar": 0.00228414335288,
        "dvar2": 0.00566740473732,
        "max": 0.452265202999,
        "mean": 0.0686155483127,
        "median": 0.0520917586982,
        "min": 0.000683746126015,
        "var": 0.00330553925596
    },
    "spectral_kurtosis": {
        "dmean": 7.54776382446,
        "dmean2": 11.8249092102,
        "dvar": 97.194442749,
        "dvar2": 207.259689331,
        "max": 115.53565979,
        "mean": 12.1697778702,
        "median": 6.72498893738,
        "min": -0.267904281616,
        "var": 214.352020264
    },
    "spectral_rms": {
        "dmean": 0.00113273586612,
        "dmean2": 0.00147888646461,
        "dvar": 2.18798845708e-06,
        "dvar2": 3.75080162485e-06,
        "max": 0.0167854931206,
        "mean": 0.00438692048192,
        "median": 0.00352844432928,
        "min": 1.89801139641e-05,
        "var": 8.78720766195e-06
    },
    "spectral_rolloff": {
        "dmean": 233.829727173,
        "dmean2": 388.790496826,
        "dvar": 178437.671875,
        "dvar2": 407763.375,
        "max": 5857.03125,
        "mean": 728.277587891,
        "median": 516.796875,
        "min": 86.1328125,
        "var": 466649
    },
    "spectral_skewness": {
        "dmean": 0.667671918869,
        "dmean2": 1.00356972218,
        "dvar": 0.467596769333,
        "dvar2": 0.998779594898,
        "max": 8.71618175507,
        "mean": 2.32936024666,
        "median": 1.97963047028,
        "min": 0.428807973862,
        "var": 1.51105296612
    },
    "spectral_spread": {
        "dmean": 657056.4375,
        "dmean2": 926194.8125,
        "dvar": 357663080448,
        "dvar2": 739479257088,
        "max": 10675732,
        "mean": 3004210.25,
        "median": 3003262.5,
        "min": 786450.5625,
        "var": 1.04920265523e+12
    },
    "spectral_strongpeak": {
        "dmean": 0.40440094471,
        "dmean2": 0.644095242023,
        "dvar": 0.700839102268,
        "dvar2": 1.7084813118,
        "max": 15.9104785919,
        "mean": 0.795335650444,
        "median": 0.563004732132,
        "min": 0,
        "var": 0.852719604969
    },
    "zerocrossingrate": {
        "dmean": 0.00672020250931,
        "dmean2": 0.00803214125335,
        "dvar": 4.60440860479e-05,
        "dvar2": 5.81342792429e-05,
        "max": 0.1220703125,
        "mean": 0.0304373316467,
        "median": 0.02490234375,
        "min": 0.00244140625,
        "var": 0.000398417847464
    },
    "barkbands": {
        "dmean": [2.63568235823e-05, 0.00732638407499, 0.000849022122566, 0.00066501647234, 0.00547620188445, 0.00079705537064, 0.000863279390614, 0.000473018211778, 0.000679629913066, 0.00027317495551, 0.000221459675231, 0.000133912501042, 0.000181831695954, 0.000115493916383, 0.000136051865411, 0.000125621736515, 0.000324475142406, 0.000111837311124, 5.73149627598e-05, 7.4382929597e-05, 6.10906645306e-05, 5.2091480029e-05, 5.02321563545e-05, 2.78179086308e-05, 5.85948828302e-06, 5.3965103497e-09, 2.52848675331e-09],
        "dmean2": [4.49970866612e-05, 0.00912643875927, 0.00123380299192, 0.00108907034155, 0.00868856161833, 0.00116993987467, 0.00129030912649, 0.00078779872274, 0.000972943089437, 0.000393371243263, 0.000338508601999, 0.000210580459679, 0.000276293139905, 0.00018187641399, 0.000210522775888, 0.000206781056477, 0.000500254391227, 0.000183933123481, 8.86334164534e-05, 0.000118636300613, 9.73942660494e-05, 8.35645405459e-05, 8.3188766439e-05, 4.61320196337e-05, 1.01243922472e-05, 9.53869339071e-09, 4.6272630172e-09],
        "dvar": [1.17895719853e-08, 0.000510021811351, 4.62053094452e-06, 1.60866284205e-06, 0.000119912023365, 4.99345742355e-06, 4.21399090555e-06, 1.64868822594e-06, 5.37959567737e-06, 7.1027920967e-07, 4.90791705943e-07, 1.05575416853e-07, 4.27472542697e-07, 8.73184120564e-08, 1.95291249838e-07, 1.73585902985e-07, 2.29801935347e-06, 4.0678733626e-07, 2.59216026421e-08, 5.98627707404e-08, 5.43710854117e-08, 3.3866331961e-08, 4.6775824103e-08, 1.19307363988e-08, 3.2468008837e-10, 7.37615136952e-16, 6.68979157264e-16],
        "dvar2": [3.19607913468e-08, 0.0010172611801, 9.51340098254e-06, 4.35223591921e-06, 0.000268642383162, 1.09328939288e-05, 8.13541737443e-06, 4.30577074439e-06, 9.59597127803e-06, 1.43246427342e-06, 1.0802698398e-06, 2.49066573588e-07, 9.11079666821e-07, 2.03250820618e-07, 4.76287965512e-07, 4.6102704232e-07, 5.57098383069e-06, 1.10171083634e-06, 6.26509617518e-08, 1.50356157747e-07, 1.34828624709e-07, 8.63374012283e-08, 1.04249629373e-07, 3.0014497554e-08, 8.62975135796e-10, 2.09329433365e-15, 1.89050702278e-15],
        "max": [0.00269857048988, 0.239769294858, 0.0280563738197, 0.0301398746669, 0.184186935425, 0.0461926981807, 0.0516399145126, 0.0234943032265, 0.0745576545596, 0.0214134380221, 0.0107786366716, 0.00517579447478, 0.0155076952651, 0.00475348625332, 0.0090074967593, 0.00839510001242, 0.0397708006203, 0.0119767179713, 0.00293210148811, 0.00369709986262, 0.00651902612299, 0.00338889774866, 0.00635628867894, 0.0023593630176, 0.000214815736399, 7.7766043205e-07, 7.17940736195e-07],
        "mean": [2.01867806027e-05, 0.0113030802459, 0.00123383000027, 0.000944217666984, 0.00798578839749, 0.0016160949599, 0.00153777794912, 0.000681174744386, 0.00103509519249, 0.00038852985017, 0.00030940619763, 0.000186057412066, 0.000228175515076, 0.00014589910279, 0.000201484144782, 0.000136941525852, 0.000348877714714, 9.8881944723e-05, 6.93393812981e-05, 8.20809655124e-05, 5.96748650423e-05, 4.82654104417e-05, 4.47144484497e-05, 2.3094642529e-05, 4.41091924586e-06, 4.19491597015e-09, 1.82243109492e-09],
        "median": [1.29431009555e-06, 0.000281184155028, 0.000226956326514, 0.000350317539414, 0.00315152108669, 0.000472191197332, 0.000564108078834, 0.000236261301325, 0.000206340133445, 0.000117349482025, 5.75252088311e-05, 6.54473697068e-05, 4.96673492307e-05, 3.67626380466e-05, 4.69306469313e-05, 3.19485479849e-05, 4.12361077906e-05, 1.32611139634e-05, 1.31305741888e-05, 1.25476190078e-05, 8.17630643724e-06, 4.95487120133e-06, 4.38892357124e-06, 2.06778372558e-06, 3.41525520753e-07, 7.87165166383e-10, 2.16451287449e-10],
        "min": [6.75981493004e-11, 4.90060436675e-10, 9.3335761342e-10, 2.83578049931e-09, 1.77648242783e-08, 1.69871725575e-08, 4.05086719724e-09, 2.00098249081e-09, 1.26312258431e-08, 3.33497984784e-09, 3.39099281987e-09, 1.39267497534e-09, 1.06202246997e-09, 1.45683062835e-10, 8.72371896943e-10, 5.69192970534e-10, 2.82479623026e-10, 2.28464469565e-10, 9.45844444433e-11, 1.19766377371e-10, 6.49078707449e-11, 2.50129673918e-11, 2.65700378366e-11, 2.93457584621e-11, 1.64441741474e-11, 6.78540730548e-12, 8.01593773997e-12],
        "var": [8.04376565355e-09, 0.000958937918767, 7.86537748354e-06, 2.88833234663e-06, 0.000193595464225, 1.60727340699e-05, 1.04332693809e-05, 2.24225004786e-06, 1.15159728011e-05, 1.21765697259e-06, 7.5038263958e-07, 1.52929686692e-07, 5.84144402183e-07, 1.19166855939e-07, 3.05961378899e-07, 1.46960402958e-07, 2.10802818401e-06, 2.83348384755e-07, 3.29025695578e-08, 6.03274727951e-08, 5.2566615949e-08, 2.8728443624e-08, 4.47999788378e-08, 9.82560433016e-09, 2.33511432413e-10, 4.45700848851e-16, 4.00530567007e-16]
    },
    "erbbands": {
        "dmean": [0.114985302091, 1.92093658447, 1.81000995636, 1.82787108421, 10.7546834946, 22.801235199, 8.02542591095, 5.22365188599, 6.5349354744, 18.4274730682, 8.75543022156, 17.3544178009, 9.07392406464, 9.69166088104, 6.23955965042, 5.64061689377, 9.1022233963, 6.2958855629, 5.36802959442, 6.74286842346, 13.4122724533, 11.6768875122, 5.67235279083, 4.31920814514, 3.43327236176, 3.49137210846, 2.73794960976, 2.22931194305, 1.81927073002, 1.93623507023, 1.15599644184, 0.806342482567, 0.354854345322, 0.118342995644, 0.00572777586058, 0.000272540230071, 2.53423277172e-05, 5.22043728779e-06, 7.77864170232e-06, 1.66149766301e-05],
        "dmean2": [0.150614634156, 2.37970972061, 2.33354735374, 2.9948861599, 17.5725440979, 35.4708404541, 12.2389907837, 7.35832262039, 9.52271747589, 28.8726787567, 13.7900276184, 24.6439914703, 13.4634790421, 13.769572258, 9.53038883209, 8.78871154785, 13.729347229, 9.74108695984, 8.41347789764, 10.7735528946, 21.0291538239, 18.0466499329, 8.96517848969, 7.172706604, 5.41528844833, 5.56082630157, 4.2791185379, 3.59395170212, 2.88896179199, 3.16924548149, 1.9123942852, 1.3429069519, 0.593681156635, 0.204133659601, 0.0100785996765, 0.000472906482173, 4.16708680859e-05, 8.50924243423e-06, 1.06209909063e-05, 2.24017549044e-05],
        "dvar": [0.130794733763, 34.8615646362, 26.6829948425, 12.5027551651, 462.438995361, 2349.57543945, 301.738037109, 229.230651855, 117.471717834, 2744.77612305, 391.893768311, 4664.29003906, 628.068847656, 936.625305176, 354.99420166, 179.170471191, 1130.0793457, 277.75894165, 255.903076172, 720.118225098, 3096.62182617, 2297.22485352, 736.654602051, 712.980041504, 123.928794861, 121.863540649, 94.6747894287, 90.8774719238, 45.2201690674, 45.5021438599, 29.2677822113, 18.634803772, 1.35233950615, 0.127868801355, 0.000528700533323, 1.04569710402e-06, 7.36638527954e-09, 3.90610238599e-10, 2.04017344685e-10, 9.01294261446e-10],
        "dvar2": [0.279730468988, 68.8789367676, 51.5029830933, 34.1940460205, 1135.24328613, 5193.02978516, 726.34387207, 437.875061035, 250.040130615, 5883.42041016, 932.803466797, 8173.45605469, 1441.43688965, 1791.38647461, 712.229797363, 425.773681641, 2433.90356445, 623.482727051, 610.206237793, 1869.35900879, 7718.66503906, 5635.75292969, 1944.8828125, 1982.40161133, 314.183990479, 298.11730957, 223.98840332, 241.824874878, 115.911598206, 117.658699036, 63.3306694031, 42.2071876526, 3.48250055313, 0.337311208248, 0.0014570124913, 2.84067436951e-06, 1.90286950641e-08, 9.61510426833e-10, 4.1105535642e-10, 1.71669833904e-09],
        "max": [3.30121183395, 64.4118270874, 59.5687866211, 70.028503418, 408.694854736, 687.422607422, 440.61340332, 378.151092529, 174.519439697, 1194.65356445, 404.241333008, 2382.09228516, 657.751953125, 837.239990234, 438.536346436, 227.659622192, 732.622070312, 276.797790527, 356.094177246, 658.575622559, 1464.14758301, 1100.54174805, 758.773986816, 739.085021973, 220.7003479, 170.523147583, 296.927703857, 193.015686035, 149.24118042, 120.211929321, 169.955459595, 133.176010132, 20.6482639313, 3.63331246376, 0.400068938732, 0.018567154184, 0.00173224322498, 0.000532097590622, 0.000252435100265, 0.000336956727551],
        "mean": [0.163233295083, 2.99247002602, 2.91857552528, 2.74726200104, 15.0242385864, 32.4371109009, 14.1347389221, 12.1139593124, 13.2090654373, 29.0439567566, 14.0260381699, 26.1523666382, 13.2828378677, 14.5834817886, 9.33171081543, 7.93472290039, 11.6692972183, 8.52271842957, 8.110206604, 9.10864067078, 14.7798204422, 12.7297077179, 5.67899751663, 4.13057184219, 4.10675382614, 3.91569399834, 2.78698468208, 2.08700370789, 1.66810822487, 1.72036004066, 1.03773701191, 0.687164843082, 0.291118860245, 0.0915435925126, 0.00410373089835, 0.000215500651393, 2.76476803265e-05, 5.59660884392e-06, 1.46299016706e-05, 3.23859494529e-05],
        "median": [0.00455291476101, 0.079321987927, 0.293474555016, 1.16816520691, 5.62544393539, 11.3225040436, 6.14883613586, 4.03275203705, 7.09428024292, 8.45502281189, 5.7925863266, 5.45722579956, 4.19121408463, 3.65211844444, 3.29175615311, 2.92049884796, 2.69766283035, 2.20200443268, 2.11680793762, 2.72770667076, 2.38605809212, 1.94508635998, 0.894047439098, 0.761581480503, 0.711692214012, 0.62041413784, 0.406784713268, 0.261571764946, 0.174206927419, 0.169187024236, 0.115771017969, 0.0560688897967, 0.0300523694605, 0.00830203667283, 0.000274466699921, 3.33699717885e-05, 9.54735060077e-06, 1.8959181034e-06, 6.81376104694e-06, 1.47793598444e-05],
        "min": [1.31820803162e-08, 1.30729048919e-07, 8.34885156564e-07, 5.78576828048e-06, 1.77059118869e-05, 7.95364685473e-05, 7.82403294579e-05, 0.00018903160526, 0.000294588855468, 5.38438398507e-05, 0.000244862545514, 0.000329284812324, 0.000128366460558, 0.000269267358817, 0.000116750728921, 8.5814135673e-05, 4.88375226269e-05, 2.39756955125e-05, 7.3133596743e-05, 5.40622386325e-05, 2.55383729382e-05, 1.93233190657e-05, 1.57682025019e-05, 3.97019721277e-06, 4.55321696791e-06, 4.78948868476e-06, 4.12266854255e-06, 2.37133326664e-06, 1.16226772207e-06, 1.01048306078e-06, 7.73144051891e-07, 8.23384141313e-07, 3.70304888975e-07, 1.98657261308e-07, 8.55328394778e-08, 2.93175208554e-08, 1.3574502411e-08, 5.12148634613e-09, 1.26365795605e-09, 6.06973915573e-10],
        "var": [0.211253538728, 66.7337875366, 53.5917778015, 21.0996608734, 721.988342285, 3669.04150391, 626.266601562, 961.114135742, 310.839813232, 5661.62988281, 627.094421387, 9848.44628906, 829.216918945, 1823.24597168, 575.518127441, 246.697982788, 1490.21704102, 415.767028809, 404.927856445, 661.961120605, 2753.76953125, 2112.33764648, 587.010131836, 456.840484619, 141.346817017, 131.867752075, 102.337013245, 72.3419570923, 37.7809295654, 37.4998016357, 28.5557518005, 17.0854549408, 1.07912731171, 0.0941344052553, 0.000342421495588, 7.10100607648e-07, 5.92645754693e-09, 3.36184469152e-10, 4.28123952956e-10, 2.11680117879e-09]
    },
    "gfcc": {
        "mean": [-100.370040894, 168.038223267, -136.795913696, 38.8582229614, -70.4634246826, 1.39574468136, -34.4456253052, -18.1210441589, -2.84157514572, -26.6998786926, 2.09923100471, -22.5494995117, 5.7333650589],
        "cov": [[7279.41210938, -1694.39587402, -804.405212402, 1216.1965332, -247.899932861, 546.756408691, -51.9027328491, 319.993469238, 36.5679283142, 46.5606842041, -101.588592529, -61.7243537903, 39.0604553223], [-1694.39587402, 1160.37060547, 593.695556641, -487.355865479, 449.932983398, -238.759170532, 242.778274536, -62.8071975708, 122.542602539, -7.37286090851, 70.7594146729, 77.0084533691, 19.9133358002], [-804.405212402, 593.695556641, 871.584838867, -64.7533035278, 273.587860107, 73.9185028076, 173.623901367, 94.931427002, 110.129745483, 67.4608078003, 81.7953109741, 74.0407028198, 45.2607765198], [1216.1965332, -487.355865479, -64.7533035278, 616.986572266, 22.7024440765, 258.5753479, 44.7840576172, 106.753341675, 41.7887840271, 72.7510604858, 36.5972747803, -24.5539588928, 2.29663586617], [-247.899932861, 449.932983398, 273.587860107, 22.7024440765, 461.238128662, 11.2918729782, 194.861618042, 27.2304935455, 104.148735046, 52.8771438599, 49.9556770325, 49.7378730774, 6.49157476425], [546.756408691, -238.759170532, 73.9185028076, 258.5753479, 11.2918729782, 302.166259766, 68.3876266479, 108.051574707, 31.0245895386, 66.2544021606, 32.4777679443, -15.4509992599, 12.8348827362], [-51.9027328491, 242.778274536, 173.623901367, 44.7840576172, 194.861618042, 68.3876266479, 227.815505981, 65.408996582, 84.6571273804, 39.9381904602, 36.3107833862, 15.8284111023, 8.54852962494], [319.993469238, -62.8071975708, 94.931427002, 106.753341675, 27.2304935455, 108.051574707, 65.408996582, 165.714141846, 67.599067688, 35.8042831421, 8.52820110321, 12.0413455963, 15.0548171997], [36.5679283142, 122.542602539, 110.129745483, 41.7887840271, 104.148735046, 31.0245895386, 84.6571273804, 67.599067688, 128.707778931, 46.9939231873, 17.4017944336, 18.8415222168, 7.79652166367], [46.5606842041, -7.37286090851, 67.4608078003, 72.7510604858, 52.8771438599, 66.2544021606, 39.9381904602, 35.8042831421, 46.9939231873, 101.74394989, 44.4789657593, 2.22934579849, 0.450979173183], [-101.588592529, 70.7594146729, 81.7953109741, 36.5972747803, 49.9556770325, 32.4777679443, 36.3107833862, 8.52820110321, 17.4017944336, 44.4789657593, 99.2069473267, 40.4725418091, -8.35962295532], [-61.7243537903, 77.0084533691, 74.0407028198, -24.5539588928, 49.7378730774, -15.4509992599, 15.8284111023, 12.0413455963, 18.8415222168, 2.22934579849, 40.4725418091, 102.11277771, 16.1588954926], [39.0604553223, 19.9133358002, 45.2607765198, 2.29663586617, 6.49157476425, 12.8348827362, 8.54852962494, 15.0548171997, 7.79652166367, 0.450979173183, -8.35962295532, 16.1588954926, 63.4856147766]],
        "icov": [[0.000272213597782, 0.000407571496908, 8.30595745356e-05, -0.000200121285161, -0.00019292482466, 5.13470949954e-05, -0.000163103439263, -0.000175592518644, -0.000206156095373, 0.000246968847932, 8.31925717648e-05, -6.85771883582e-05, -0.000222380418563], [0.000407571496908, 0.0126979127526, -0.0045421961695, 0.00693239690736, -0.00644885143265, 0.0053104031831, -0.00623897789046, 0.00379115273245, -0.00612377095968, 0.00592300994322, -0.007745326031, 0.00467532454059, -0.00321923219599], [8.30595745356e-05, -0.0045421961695, 0.00359864486381, -0.00222943047993, 0.00157701666467, -0.00250513036735, 0.00208528246731, -0.00222069770098, 0.00184423825704, -0.00209853681736, 0.00207224977203, -0.00200210954063, 5.0615548389e-05], [-0.000200121285161, 0.00693239690736, -0.00222943047993, 0.00731311691925, -0.00403799349442, 0.000827541283797, -0.00293461070396, 0.00194918911438, -0.00377093115821, 0.00297547830269, -0.00556559441611, 0.00345164979808, -0.00171738932841], [-0.00019292482466, -0.00644885143265, 0.00157701666467, -0.00403799349442, 0.00753151951358, -0.00191743392497, 0.000119376920338, -0.000525930314325, 0.00192615308333, -0.00385583913885, 0.00451221410185, -0.00369285000488, 0.00221437541768], [5.13470949954e-05, 0.0053104031831, -0.00250513036735, 0.000827541283797, -0.00191743392497, 0.00936570484191, -0.0041354377754, -0.00100861152168, -0.000529433425982, 0.000210914920899, -0.00393278570846, 0.00313610420562, -0.00209518405609], [-0.000163103439263, -0.00623897789046, 0.00208528246731, -0.00293461070396, 0.000119376920338, -0.0041354377754, 0.0119611304253, -0.00332982908003, 0.000254829676123, -0.00145574531052, 0.00181522453204, -0.000659790879581, 0.00106569973286], [-0.000175592518644, 0.00379115273245, -0.00222069770098, 0.00194918911438, -0.000525930314325, -0.00100861152168, -0.00332982908003, 0.0122444108129, -0.00624806340784, 0.00152366061229, -0.000610867806245, -0.000183711686986, -0.00104317441583], [-0.000206156095373, -0.00612377095968, 0.00184423825704, -0.00377093115821, 0.00192615308333, -0.000529433425982, 0.000254829676123, -0.00624806340784, 0.0175695903599, -0.00805248692632, 0.00589771568775, -0.0037697404623, 0.00186230964027], [0.000246968847932, 0.00592300994322, -0.00209853681736, 0.00297547830269, -0.00385583913885, 0.000210914920899, -0.00145574531052, 0.00152366061229, -0.00805248692632, 0.0197414644063, -0.0110382819548, 0.00569954421371, -0.00249051931314], [8.31925717648e-05, -0.007745326031, 0.00207224977203, -0.00556559441611, 0.00451221410185, -0.00393278570846, 0.00181522453204, -0.000610867806245, 0.00589771568775, -0.0110382819548, 0.0234549697489, -0.0111421355978, 0.00661498494446], [-6.85771883582e-05, 0.00467532454059, -0.00200210954063, 0.00345164979808, -0.00369285000488, 0.00313610420562, -0.000659790879581, -0.000183711686986, -0.0037697404623, 0.00569954421371, -0.0111421355978, 0.0167717374861, -0.00555940484628], [-0.000222380418563, -0.00321923219599, 5.0615548389e-05, -0.00171738932841, 0.00221437541768, -0.00209518405609, 0.00106569973286, -0.00104317441583, 0.00186230964027, -0.00249051931314, 0.00661498494446, -0.00555940484628, 0.019300321117]]
    },
    "melbands": {
        "dmean": [0.00165228021797, 0.00165441131685, 0.000397906900616, 0.00144776154775, 0.000373739603674, 0.0001244804007, 0.000122772922623, 0.000184084172361, 7.60255134082e-05, 0.000105233884824, 4.29842912126e-05, 3.85144849133e-05, 2.59922271653e-05, 1.28142337417e-05, 2.1815771106e-05, 1.56542228069e-05, 1.25288306663e-05, 7.56478357289e-06, 1.15639986689e-05, 8.638455256e-06, 2.02420233109e-05, 1.66723893926e-05, 4.1414905354e-06, 5.85347788729e-06, 3.38656764143e-06, 2.10109601539e-06, 3.10806194648e-06, 2.2324661586e-06, 1.62779963375e-06, 1.78121433692e-06, 1.13409828373e-06, 1.15223394914e-06, 8.98139887795e-07, 1.15874502171e-06, 6.68888105793e-07, 5.98994517986e-07, 4.51633326293e-07, 2.68055913466e-07, 1.88893992004e-07, 6.14938784338e-08],
        "dmean2": [0.0020836929325, 0.00203842483461, 0.000654045084957, 0.00228384812362, 0.00057270860998, 0.000178640024387, 0.000179857030162, 0.00029112395714, 0.000117857875011, 0.000150181600475, 6.40071957605e-05, 5.45696275367e-05, 3.95999741158e-05, 2.04462212423e-05, 3.32651870849e-05, 2.38185675698e-05, 1.96391411009e-05, 1.20197746583e-05, 1.77560868906e-05, 1.38861887535e-05, 3.15234792652e-05, 2.57547399087e-05, 6.48223522148e-06, 9.57365864451e-06, 5.66095650356e-06, 3.31344335791e-06, 4.95700987813e-06, 3.60419085155e-06, 2.56273619925e-06, 2.88177761831e-06, 1.8763338403e-06, 1.85665680874e-06, 1.44353998621e-06, 1.92910238184e-06, 1.09407312721e-06, 1.01415673726e-06, 7.54439497541e-07, 4.53637937881e-07, 3.22328332913e-07, 1.06957216417e-07],
        "dvar": [2.61722052528e-05, 2.4089758881e-05, 4.38032884631e-07, 8.90752653504e-06, 4.97774408359e-07, 1.24832126858e-07, 5.25344034941e-08, 2.61638916754e-07, 3.53592071178e-08, 1.6197259356e-07, 1.49638790248e-08, 1.6085509813e-08, 6.86624979096e-09, 8.43096925607e-10, 3.99903843373e-09, 3.85209597553e-09, 1.17870468941e-09, 5.11930609015e-10, 1.52038581724e-09, 9.8869756826e-10, 8.98011176531e-09, 5.41721334457e-09, 4.09660444456e-10, 1.05564501585e-09, 4.86449935888e-10, 3.58739184192e-11, 1.16604115252e-10, 5.49600677469e-11, 2.97715567477e-11, 7.42177569402e-11, 2.50259726137e-11, 2.36143066906e-11, 1.09311136531e-11, 1.71757677525e-11, 5.81185620463e-12, 2.70728335583e-11, 4.03565245458e-12, 9.24985457153e-13, 3.01556793859e-13, 4.19680092002e-14],
        "dvar2": [5.31358200533e-05, 4.66986566607e-05, 1.15659031508e-06, 1.984890514e-05, 1.1562437976e-06, 2.48902892963e-07, 1.05114871474e-07, 5.83616099448e-07, 7.79596760481e-08, 2.83990203798e-07, 3.47208342077e-08, 2.98030720103e-08, 1.39438975921e-08, 2.02777528102e-09, 9.14910192051e-09, 8.22285084467e-09, 2.68684141602e-09, 1.24177557126e-09, 3.74476583076e-09, 2.55209520184e-09, 2.21893312613e-08, 1.31217499089e-08, 1.08117403919e-09, 2.84155032837e-09, 1.36103772697e-09, 8.98850299746e-11, 2.98911256857e-10, 1.37957492652e-10, 7.13924544482e-11, 1.85811421805e-10, 6.71794911367e-11, 6.21640447451e-11, 2.83826000896e-11, 4.45439830854e-11, 1.38056640772e-11, 5.59555075885e-11, 9.8405381066e-12, 2.42894333119e-12, 7.96019500315e-13, 1.11949098808e-13],
        "max": [0.0520614683628, 0.0528663881123, 0.0127136455849, 0.0518285036087, 0.011462838389, 0.00839529279619, 0.00451356451958, 0.011525772512, 0.00364180468023, 0.01406545192, 0.00323719042353, 0.00364869832993, 0.00164027826395, 0.000570310687181, 0.000902474159375, 0.00185529177543, 0.000620020262431, 0.000490899605211, 0.000852884317283, 0.00067805533763, 0.00261767092161, 0.00182012701407, 0.000546166615095, 0.000681076897308, 0.000641066930257, 0.000106435254565, 0.000189348225831, 0.000117510855489, 0.000125274324091, 0.000287566159386, 0.000100180870504, 0.00012359507673, 5.64626243431e-05, 6.74868788337e-05, 5.95238998358e-05, 0.000194219333935, 4.18698873546e-05, 1.9812840037e-05, 6.40536109131e-06, 2.64947311734e-06],
        "mean": [0.00249025365338, 0.00263783964328, 0.000612311414443, 0.00205949624069, 0.000626932654995, 0.000274978898233, 0.000236476640566, 0.000289455405436, 0.000119494150567, 0.000157350645168, 6.07542897342e-05, 5.70443808101e-05, 3.74902265321e-05, 1.79197286343e-05, 2.80584717984e-05, 1.94444237422e-05, 1.62496216944e-05, 1.06397837953e-05, 1.70361363416e-05, 1.00609022411e-05, 2.13934399653e-05, 1.78636873898e-05, 4.41091151515e-06, 5.27331121702e-06, 3.09773167828e-06, 2.48164678851e-06, 3.43287979376e-06, 2.38003644881e-06, 1.66615802755e-06, 1.65199332969e-06, 1.04406615264e-06, 1.02736692043e-06, 8.07793242075e-07, 1.0040964753e-06, 5.81458493798e-07, 5.27016709384e-07, 3.76003612246e-07, 2.18107032879e-07, 1.49357163082e-07, 4.48752608406e-08],
        "median": [6.31742586847e-05, 0.000157235059305, 0.000291159754852, 0.000749458558857, 0.000290230760584, 8.43445959617e-05, 0.000109990061901, 8.77437269082e-05, 4.28309031122e-05, 3.11803960358e-05, 1.73731023096e-05, 1.33157527671e-05, 1.00759152701e-05, 7.57779071137e-06, 7.34359036869e-06, 3.99070768253e-06, 3.8827570279e-06, 2.93922948913e-06, 3.53214136339e-06, 2.67948053079e-06, 2.72973011306e-06, 2.28587668971e-06, 7.4319319765e-07, 6.82325662638e-07, 5.45972284272e-07, 4.50637770655e-07, 4.75150415014e-07, 3.40953647537e-07, 2.3500049906e-07, 1.81103075647e-07, 1.21499596162e-07, 9.62860511322e-08, 7.84148923572e-08, 9.18530176364e-08, 6.62021264475e-08, 4.07332265695e-08, 2.9593167028e-08, 2.10018473723e-08, 1.48874548245e-08, 2.99451463626e-09],
        "min": [1.36119254757e-10, 3.30653976421e-10, 1.79992620808e-09, 3.32692828842e-09, 3.20238546792e-09, 4.19513312977e-09, 3.38367800445e-09, 3.82150727729e-10, 1.72419878375e-09, 2.06054684426e-09, 4.65867566746e-10, 8.6500195895e-10, 3.84497378381e-10, 3.57607138346e-10, 9.70064584216e-11, 1.18749912681e-10, 2.83837797016e-11, 9.43861863667e-11, 6.06045283402e-11, 4.65923202797e-11, 2.65207925065e-11, 1.93338140636e-11, 1.9430238668e-11, 6.71913132771e-12, 2.89855335914e-12, 2.19035293375e-12, 1.0812843676e-12, 3.2819029612e-12, 3.34915493776e-12, 1.31636498577e-12, 1.35816499106e-12, 5.19479912645e-13, 7.53795951439e-13, 4.49916606792e-13, 2.40962523372e-13, 5.14787702483e-13, 4.99821646745e-13, 2.5671679409e-13, 1.94857734006e-13, 1.55721762525e-13],
        "var": [4.72317224194e-05, 4.82240066049e-05, 8.39517895201e-07, 1.45147450894e-05, 8.89208820354e-07, 4.89054798436e-07, 1.38451142107e-07, 5.09357334977e-07, 6.34858920989e-08, 3.4163670648e-07, 1.9307165644e-08, 3.21794999536e-08, 1.12078932801e-08, 1.22079002463e-09, 5.16198639389e-09, 5.42730216324e-09, 1.7006320796e-09, 6.88276102778e-10, 2.38142794373e-09, 8.58996873632e-10, 7.9046946766e-09, 4.98855579067e-09, 3.38560235402e-10, 7.43763384214e-10, 3.0504723747e-10, 4.26485999294e-11, 1.19815324329e-10, 5.52671970688e-11, 3.18749020234e-11, 6.67408350807e-11, 1.89008426965e-11, 1.83846531748e-11, 8.83881683122e-12, 1.40378568145e-11, 5.1750301093e-12, 2.70367391669e-11, 3.40870842837e-12, 7.0305691607e-13, 2.25618460546e-13, 2.96749387216e-14]
    },
    "mfcc": {
        "mean": [-723.121765137, 166.640365601, 4.89878320694, 21.5368766785, -0.559881865978, 3.67182540894, -12.326338768, -1.15606021881, -5.85731458664, -0.239156156778, -10.9006700516, -1.44154393673, -2.34001111984],
        "cov": [[7531.61914062, -2107.62280273, -777.17565918, 543.376586914, -127.060699463, 308.494567871, -67.4908828735, 268.94140625, 66.5214385986, 216.646911621, -20.5711097717, 115.070777893, -115.768562317], [-2107.62280273, 1690.70141602, 223.915863037, -66.6143951416, 169.277877808, -82.3867492676, 82.198425293, 18.8105678558, 82.1319198608, -42.4232788086, 39.5321464539, -9.77568721771, 114.590339661], [-777.17565918, 223.915863037, 590.848876953, -28.892993927, 92.8128738403, 28.5011196136, 87.7097854614, 54.7728691101, 75.4858932495, 9.43463516235, 58.5637168884, 56.6301689148, 43.7346382141], [543.376586914, -66.6143951416, -28.892993927, 326.146209717, 105.709541321, 123.524330139, 65.518447876, 86.4201583862, 42.2738380432, 81.6726837158, 48.6101722717, 43.2210960388, 34.9801673889], [-127.060699463, 169.277877808, 92.8128738403, 105.709541321, 208.511016846, 84.0450668335, 68.2537384033, 55.5503959656, 48.751914978, 38.4837303162, 53.7114105225, 36.0775299072, 50.2015037537], [308.494567871, -82.3867492676, 28.5011196136, 123.524330139, 84.0450668335, 208.386795044, 101.024276733, 52.4033927917, 45.7125930786, 80.4802093506, 40.870464325, 58.0624351501, 17.8366394043], [-67.4908828735, 82.198425293, 87.7097854614, 65.518447876, 68.2537384033, 101.024276733, 165.798446655, 62.8559570312, 41.4014053345, 58.9681434631, 37.9975166321, 48.6265563965, 27.3594150543], [268.94140625, 18.8105678558, 54.7728691101, 86.4201583862, 55.5503959656, 52.4033927917, 62.8559570312, 159.912826538, 67.7186813354, 30.6939868927, 50.6418266296, 41.9864654541, 26.7614555359], [66.5214385986, 82.1319198608, 75.4858932495, 42.2738380432, 48.751914978, 45.7125930786, 41.4014053345, 67.7186813354, 160.813537598, 72.8473358154, 9.71713352203, 32.8294792175, 23.7693367004], [216.646911621, -42.4232788086, 9.43463516235, 81.6726837158, 38.4837303162, 80.4802093506, 58.9681434631, 30.6939868927, 72.8473358154, 175.171569824, 21.8718719482, 22.8392047882, 30.7293434143], [-20.5711097717, 39.5321464539, 58.5637168884, 48.6101722717, 53.7114105225, 40.870464325, 37.9975166321, 50.6418266296, 9.71713352203, 21.8718719482, 140.953735352, 42.0998878479, 22.3801403046], [115.070777893, -9.77568721771, 56.6301689148, 43.2210960388, 36.0775299072, 58.0624351501, 48.6265563965, 41.9864654541, 32.8294792175, 22.8392047882, 42.0998878479, 116.52431488, 24.6710300446], [-115.768562317, 114.590339661, 43.7346382141, 34.9801673889, 50.2015037537, 17.8366394043, 27.3594150543, 26.7614555359, 23.7693367004, 30.7293434143, 22.3801403046, 24.6710300446, 106.015708923]],
