{
"lowlevel": {
    "average_loudness": 0.980955839157,
    "barkbands_crest": {
        "dmean": 3.31497526169,
        "dmean2": 5.29147672653,
        "dvar": 9.79654979706,
        "dvar2": 22.4686431885,
        "max": 26.6225738525,
        "mean": 17.0534076691,
        "median": 16.7865467072,
        "min": 3.32267308235,
        "var": 31.7681026459
    },
    "barkbands_flatness_db": {
        "dmean": 0.0561679638922,
        "dmean2": 0.0802368223667,
        "dvar": 0.0034935506992,
        "dvar2": 0.00717477826402,
        "max": 0.644082486629,
        "mean": 0.27140596509,
        "median": 0.261697202921,
        "min": 0.0492955446243,
        "var": 0.0114315450191
    },
    "barkbands_kurtosis": {
        "dmean": 50.0755119324,
        "dmean2": 77.882232666,
        "dvar": 23855.3457031,
        "dvar2": 53151.5859375,
        "max": 3467.9921875,
        "mean": 68.841758728,
        "median": 23.5863132477,
        "min": -1.86750400066,
        "var": 33624.8359375
    },
    "barkbands_skewness": {
        "dmean": 2.07676291466,
        "dmean2": 2.98547744751,
        "dvar": 7.4065527916,
        "dvar2": 16.9504947662,
        "max": 48.5284080505,
        "mean": 5.11973047256,
        "median": 4.12420701981,
        "min": -2.04213094711,
        "var": 18.7735099792
    },
    "barkbands_spread": {
        "dmean": 7.58217000961,
        "dmean2": 11.8146657944,
        "dvar": 207.684051514,
        "dvar2": 470.976531982,
        "max": 109.08908844,
        "mean": 10.8866539001,
        "median": 4.67448711395,
        "min": 0.0462220944464,
        "var": 294.156036377
    },
    "dissonance": {
        "dmean": 0.0315829627216,
        "dmean2": 0.0527049787343,
        "dvar": 0.00120114418678,
        "dvar2": 0.0029679199215,
        "max": 0.500000119209,
        "mean": 0.449747145176,
        "median": 0.461698234081,
        "min": 0.185167968273,
        "var": 0.00191586115398
    },
    "dynamic_complexity": 4.10176229477,
    "erbbands_crest": {
        "dmean": 3.45306015015,
        "dmean2": 5.48982477188,
        "dvar": 10.6718730927,
        "dvar2": 25.3329200745,
        "max": 28.3591575623,
        "mean": 10.9144830704,
        "median": 9.83351707458,
        "min": 2.75586462021,
        "var": 24.927192688
    },
    "erbbands_flatness_db": {
        "dmean": 0.0384691357613,
        "dmean2": 0.0580425709486,
        "dvar": 0.00166452967096,
        "dvar2": 0.00371248391457,
        "max": 0.410793244839,
        "mean": 0.159756943583,
        "median": 0.153370633721,
        "min": 0.0563745759428,
        "var": 0.00346183194779
    },
    "erbbands_kurtosis": {
        "dmean": 3.88518571854,
        "dmean2": 6.32915782928,
        "dvar": 73.431427002,
        "dvar2": 183.216339111,
        "max": 100.367179871,
        "mean": 3.76223063469,
        "median": 0.381910324097,
        "min": -1.82491803169,
        "var": 107.11378479
    },
    "erbbands_skewness": {
        "dmean": 0.792712152004,
        "dmean2": 1.23619699478,
        "dvar": 0.698691904545,
        "dvar2": 1.62133896351,
        "max": 8.09293937683,
        "mean": 0.853697836399,
        "median": 0.522260725498,
        "min": -2.29350209236,
        "var": 2.15996646881
    },
    "erbbands_spread": {
        "dmean": 18.0621566772,
        "dmean2": 27.8881969452,
        "dvar": 473.215118408,
        "dvar2": 1030.59899902,
        "max": 162.8853302,
        "mean": 46.2590141296,
        "median": 39.2844963074,
        "min": 1.92807650566,
        "var": 939.880249023
    },
    "hfc": {
        "dmean": 5.87889385223,
        "dmean2": 9.4834728241,
        "dvar": 102.824356079,
        "dvar2": 256.112030029,
        "max": 65.3896331787,
        "mean": 7.14172554016,
        "median": 3.71022629738,
        "min": 1.17561820332e-16,
        "var": 97.6804733276
    },
    "melbands_crest": {
        "dmean": 3.72951030731,
        "dmean2": 5.8080406189,
        "dvar": 11.0093564987,
        "dvar2": 25.353969574,
        "max": 34.7351913452,
        "mean": 21.7496547699,
        "median": 21.0193786621,
        "min": 1.68781387806,
        "var": 39.0489196777
    },
    "melbands_flatness_db": {
        "dmean": 0.0645442456007,
        "dmean2": 0.0910358428955,
        "dvar": 0.0048743900843,
        "dvar2": 0.0100115332752,
        "max": 0.809782862663,
        "mean": 0.367272138596,
        "median": 0.363186568022,
        "min": 0.00420980295166,
        "var": 0.0165563523769
    },
    "melbands_kurtosis": {
        "dmean": 57.1621055603,
        "dmean2": 87.7759780884,
        "dvar": 9417.70898438,
        "dvar2": 24021.2949219,
        "max": 1245.30651855,
        "mean": 91.6728134155,
        "median": 50.0689659119,
        "min": -1.29246807098,
        "var": 14531.1484375
    },
    "melbands_skewness": {
        "dmean": 2.09993124008,
        "dmean2": 3.11743354797,
        "dvar": 5.24772119522,
        "dvar2": 13.1782436371,
        "max": 26.3279857635,
        "mean": 6.110247612,
        "median": 5.50607776642,
        "min": -1.69645476341,
        "var": 14.5238523483
    },
    "melbands_spread": {
        "dmean": 5.08922672272,
        "dmean2": 8.1324930191,
        "dvar": 105.135917664,
        "dvar2": 253.742095947,
        "max": 150.487579346,
        "mean": 7.73127889633,
        "median": 3.22824954987,
        "min": 0.176492244005,
        "var": 155.293167114
    },
    "pitch_salience": {
        "dmean": 0.108936481178,
        "dmean2": 0.165892481804,
        "dvar": 0.0109241604805,
        "dvar2": 0.0233521461487,
        "max": 0.953006863594,
        "mean": 0.369182139635,
        "median": 0.365567117929,
        "min": 0.0307101681828,
        "var": 0.0312466733158
    },
    "silence_rate_20dB": {
        "dmean": 0,
        "dmean2": 0,
        "dvar": 0,
        "dvar2": 0,
        "max": 1,
        "mean": 1,
        "median": 1,
        "min": 1,
        "var": 0
    },
    "silence_rate_30dB": {
        "dmean": 0.040185470134,
        "dmean2": 0.0804020091891,
        "dvar": 0.0385711193085,
        "dvar2": 0.104090377688,
        "max": 1,
        "mean": 0.972576260567,
        "median": 1,
        "min": 0,
        "var": 0.026671724394
    },
    "silence_rate_60dB": {
        "dmean": 0.0649149939418,
        "dmean2": 0.129880174994,
        "dvar": 0.0606999993324,
        "dvar2": 0.128477275372,
        "max": 1,
        "mean": 0.110853612423,
        "median": 0,
        "min": 0,
        "var": 0.0985638722777
    },
    "spectral_centroid": {
        "dmean": 321.644256592,
        "dmean2": 491.570983887,
        "dvar": 268812.5625,
        "dvar2": 519920.03125,
        "max": 11147.609375,
        "mean": 740.683410645,
        "median": 548.162231445,
        "min": 72.2766723633,
        "var": 494021.03125
    },
    "spectral_complexity": {
        "dmean": 2.74033999443,
        "dmean2": 4.30923843384,
        "dvar": 22.8810520172,
        "dvar2": 46.2694969177,
        "max": 41,
        "mean": 6.54963302612,
        "median": 6,
        "min": 0,
        "var": 33.2857551575
    },
    "spectral_decrease": {
        "dmean": 4.29635127475e-09,
        "dmean2": 6.86979895193e-09,
        "dvar": 3.95051997609e-17,
        "dvar2": 1.00150118424e-16,
        "max": 1.4782315566e-22,
        "mean": -8.56439541508e-09,
        "median": -5.93482463174e-09,
        "min": -4.19509262883e-08,
        "var": 7.15724046886e-17
    },
    "spectral_energy": {
        "dmean": 0.0165719948709,
        "dmean2": 0.0265031754971,
        "dvar": 0.000590022711549,
        "dvar2": 0.00149748695549,
        "max": 0.161495029926,
        "mean": 0.0329717099667,
        "median": 0.0228711217642,
        "min": 1.03994616794e-20,
        "var": 0.00105002918281
    },
    "spectral_energyband_high": {
        "dmean": 0.000344024942024,
        "dmean2": 0.000555757258553,
        "dvar": 7.12839437256e-07,
        "dvar2": 1.77206038643e-06,
        "max": 0.00621353043243,
        "mean": 0.000281054264633,
        "median": 3.33112875524e-05,
        "min": 7.85492971502e-21,
        "var": 5.96261088504e-07
    },
    "spectral_energyband_low": {
        "dmean": 0.0124350376427,
        "dmean2": 0.0179761331528,
        "dvar": 0.000272856996162,
        "dvar2": 0.000598895188887,
        "max": 0.147299513221,
        "mean": 0.0256538260728,
        "median": 0.0182546451688,
        "min": 4.41078827162e-23,
        "var": 0.000708816747647
    },
    "spectral_energyband_middle_high": {
        "dmean": 0.00057477253722,
        "dmean2": 0.000948694883846,
        "dvar": 2.06375261769e-06,
        "dvar2": 5.36190509592e-06,
        "max": 0.0258460752666,
        "mean": 0.000864815723617,
        "median": 0.000358972145477,
        "min": 1.40695485623e-21,
        "var": 2.53521398008e-06
    },
    "spectral_energyband_middle_low": {
        "dmean": 0.00955705530941,
        "dmean2": 0.0172636639327,
        "dvar": 0.000643042905722,
        "dvar2": 0.00177603098564,
        "max": 0.143811702728,
        "mean": 0.00733790826052,
        "median": 0.00180821039248,
        "min": 2.06125845681e-22,
        "var": 0.000406211067457
    },
    "spectral_entropy": {
        "dmean": 0.473191708326,
        "dmean2": 0.712373495102,
        "dvar": 0.280246853828,
        "dvar2": 0.623510599136,
        "max": 9.81461238861,
        "mean": 7.07110977173,
        "median": 7.15186595917,
        "min": 4.33007621765,
        "var": 0.692758262157
    },
    "spectral_flux": {
        "dmean": 0.0463722757995,
        "dmean2": 0.069237485528,
        "dvar": 0.00324588664807,
        "dvar2": 0.00564550049603,
        "max": 0.422477513552,
        "mean": 0.0903894156218,
        "median": 0.060483135283,
        "min": 1.01977752631e-10,
        "var": 0.00720487954095
    },
    "spectral_kurtosis": {
        "dmean": 5.427069664,
        "dmean2": 8.96762084961,
        "dvar": 182.861694336,
        "dvar2": 469.770141602,
        "max": 193.083374023,
        "mean": 7.69723844528,
        "median": 5.00809955597,
        "min": -1.17069327831,
        "var": 157.852615356
    },
    "spectral_rms": {
        "dmean": 0.00137974706013,
        "dmean2": 0.00211395183578,
        "dvar": 2.81559505311e-06,
        "dvar2": 6.48456853014e-06,
        "max": 0.0125521365553,
        "mean": 0.0049743168056,
        "median": 0.00472369464114,
        "min": 3.18524980697e-12,
        "var": 7.42373504181e-06
    },
    "spectral_rolloff": {
        "dmean": 524.652648926,
        "dmean2": 951.066101074,
        "dvar": 2521453.5,
        "dvar2": 6353885,
        "max": 19056.8847656,
        "mean": 603.844970703,
        "median": 150.732421875,
        "min": 64.599609375,
        "var": 2434273.5
    },
    "spectral_skewness": {
        "dmean": 0.603598356247,
        "dmean2": 0.933202564716,
        "dvar": 0.951279878616,
        "dvar2": 2.29031038284,
        "max": 11.0777082443,
        "mean": 2.07483553886,
        "median": 1.88853275776,
        "min": -0.0128973163664,
        "var": 1.33620631695
    },
    "spectral_spread": {
        "dmean": 1482606.75,
        "dmean2": 2245167.5,
        "dvar": 3.34492834202e+12,
        "dvar2": 6.5648894935e+12,
        "max": 40014700,
        "mean": 5306319.5,
        "median": 4669930,
        "min": 520721.25,
        "var": 6.07765030502e+12
    },
    "spectral_strongpeak": {
        "dmean": 0.171062678099,
        "dmean2": 0.280631363392,
        "dvar": 0.0747067332268,
        "dvar2": 0.18545652926,
        "max": 4.30010271072,
        "mean": 0.381171643734,
        "median": 0.304425448179,
        "min": 0,
        "var": 0.114838905632
    },
    "zerocrossingrate": {
        "dmean": 0.0128066288307,
        "dmean2": 0.016135931015,
        "dvar": 0.000476363784401,
        "dvar2": 0.000773510255385,
        "max": 0.51318359375,
        "mean": 0.0297082085162,
        "median": 0.01806640625,
        "min": 0.00244140625,
        "var": 0.0013513287995
    },
    "barkbands": {
        "dmean": [0.000341624167049, 0.0104555441067, 0.00439560925588, 0.00353272585198, 0.00588854588568, 0.000548666808754, 0.000200176873477, 8.5002007836e-05, 0.000101488207292, 9.79334145086e-05, 6.96150455042e-05, 0.000129918960738, 6.14442033111e-05, 9.83723220997e-05, 5.27046249772e-05, 5.76485290367e-05, 6.45360851195e-05, 3.87847576349e-05, 3.84266386391e-05, 3.36925186275e-05, 2.77840354101e-05, 4.44398137915e-05, 8.38855194161e-05, 8.37137995404e-05, 6.32418668829e-05, 3.21459265251e-05, 1.71642628999e-08],
        "dmean2": [0.000509802717716, 0.0149598894641, 0.00763669237494, 0.00647358037531, 0.0111301261932, 0.000967173138633, 0.000340446538758, 0.000144318139064, 0.000171140680322, 0.000168676968315, 0.000122502955492, 0.000210889804293, 0.00010424447828, 0.000166097277543, 9.17092329473e-05, 9.70436885837e-05, 0.000110398432298, 6.19136044406e-05, 6.18191916146e-05, 5.46053379367e-05, 4.55478657386e-05, 7.11520915502e-05, 0.000134878704557, 0.000136356713483, 0.000105884646473, 5.34018217877e-05, 3.1114318233e-08],
        "dvar": [2.13580861441e-07, 0.000242803187575, 8.64747344167e-05, 9.60696197581e-05, 0.000312730466248, 1.34934305152e-06, 1.47258830907e-07, 3.04175529209e-08, 4.74158738939e-08, 4.81826170073e-08, 3.25875326723e-08, 1.4418333194e-07, 2.30732162265e-08, 2.4157278844e-08, 2.62379611371e-08, 4.31880486929e-08, 6.16525710484e-08, 1.03623500891e-08, 9.16152043118e-09, 8.30614155234e-09, 3.52515439062e-09, 1.13247207167e-08, 5.1149829261e-08, 5.0809759955e-08, 3.09055465664e-08, 5.74769698503e-09, 4.73317436948e-15],
        "dvar2": [4.84056215555e-07, 0.000524819362909, 0.000235755287576, 0.000271197815891, 0.000894433702342, 3.79927132599e-06, 3.97292552634e-07, 8.21354362301e-08, 1.18801338544e-07, 1.35410871849e-07, 8.96845975262e-08, 3.96498563759e-07, 6.15532869119e-08, 6.63656294364e-08, 7.12893495347e-08, 1.14903677684e-07, 1.63432005706e-07, 2.23812541833e-08, 1.99832186354e-08, 2.10412363089e-08, 8.61820126374e-09, 2.8247640671e-08, 1.24685954006e-07, 1.26422392555e-07, 8.04132724852e-08, 1.48094789765e-08, 1.33653625209e-14],
        "max": [0.00648681027815, 0.138894960284, 0.0826065465808, 0.0682818740606, 0.102559916675, 0.0102229230106, 0.00343575910665, 0.00322123873048, 0.00366925052367, 0.0025209649466, 0.00190694909543, 0.00777055229992, 0.00310096307658, 0.00186519604176, 0.00211222562939, 0.00311735086143, 0.00298167997971, 0.0012756192591, 0.00118249328807, 0.00110877654515, 0.000472607294796, 0.000841392786242, 0.00200973986648, 0.00182915967889, 0.0015124125639, 0.000651107926387, 1.26028817249e-06],
        "mean": [0.000525043345988, 0.0191031377763, 0.00488776154816, 0.00240732124075, 0.00370021513663, 0.000646346248686, 0.000247089221375, 0.00011448602163, 0.000158374852617, 0.000122548008221, 7.78432367952e-05, 0.000259320309851, 7.65253571444e-05, 0.000124599799165, 4.4442647777e-05, 4.61536910734e-05, 5.19124914717e-05, 4.1777115257e-05, 3.76274365408e-05, 3.16795740218e-05, 2.54093683907e-05, 3.85291859857e-05, 6.79999793647e-05, 6.57356576994e-05, 4.62682073703e-05, 2.36089508689e-05, 1.15882610174e-08],
        "median": [0.000315914396197, 0.0112979318947, 0.00205185334198, 0.00022537788027, 0.000369853398297, 0.000277065468254, 5.83758956054e-05, 1.81428840733e-05, 2.99552302749e-05, 3.25820146827e-05, 1.24684074763e-05, 2.72929210041e-05, 1.91602703126e-05, 5.38948406756e-05, 1.12127636385e-05, 5.77812397751e-06, 8.34240290715e-06, 1.11639637908e-05, 9.61648856901e-06, 6.12613030171e-06, 7.30979809305e-06, 5.42848829355e-06, 3.81284621653e-06, 4.11094652009e-06, 1.99048076865e-06, 1.46017168845e-06, 1.45173884025e-09],
        "min": [1.33711972739e-24, 1.7312715346e-23, 1.61611756397e-23, 6.64205578295e-24, 4.10243453446e-23, 4.86080785896e-23, 1.68082387972e-23, 2.59834405427e-23, 3.2466876908e-23, 5.51679902864e-23, 4.9895073602e-23, 4.58838578939e-23, 6.69583747956e-23, 6.71382098385e-23, 7.20649996013e-23, 1.65704297353e-22, 1.9280702108e-22, 1.8423828771e-22, 1.38610951605e-22, 2.63685176294e-22, 3.2376229848e-22, 3.99476966215e-22, 6.17276110514e-22, 6.67626691336e-22, 1.19638740811e-21, 1.69875432837e-21, 2.41647204636e-21],
        "var": [3.99838171461e-07, 0.000533893471584, 6.742777623e-05, 5.76231686864e-05, 0.000177094276296, 1.07832568119e-06, 1.97331189611e-07, 6.33165768704e-08, 1.37602128802e-07, 4.89966751616e-08, 3.57868650269e-08, 5.28011753431e-07, 2.96590254578e-08, 3.26237739046e-08, 1.86171043026e-08, 3.13618713221e-08, 4.40935963297e-08, 1.13408686886e-08, 9.3240482002e-09, 7.07309144587e-09, 3.14138848267e-09, 9.66255786494e-09, 4.40924843303e-08, 4.14481924338e-08, 2.31353212143e-08, 4.50806947327e-09, 2.83453074821e-15]
    },
    "erbbands": {
        "dmean": [0.341650545597, 2.3099489212, 4.79679250717, 8.24495983124, 19.5646877289, 17.855342865, 8.0843372345, 4.03265428543, 3.05300545692, 2.52467632294, 1.88464510441, 2.17484688759, 3.553211689, 2.60454511642, 2.43065285683, 5.87825107574, 3.04702997208, 5.09291553497, 3.70459771156, 2.0065176487, 3.70000052452, 3.63144946098, 2.15930509567, 1.73201096058, 2.19341540337, 1.64236474037, 1.00931334496, 1.449827075, 1.61316275597, 2.16924405098, 2.42127680779, 1.62063145638, 1.46188855171, 0.826566874981, 0.393665343523, 0.151673287153, 0.0518185868859, 0.00754506420344, 0.000141149095725, 2.3253598556e-05],
        "dmean2": [0.46504548192, 3.3996322155, 7.98476839066, 14.7611465454, 36.4149513245, 34.0254402161, 15.0463552475, 6.9500746727, 5.05660200119, 4.3828587532, 3.19072175026, 3.6784157753, 6.09157657623, 4.62432670593, 4.08501672745, 9.51645374298, 5.08964347839, 8.72200202942, 6.43925142288, 3.30363321304, 6.28092241287, 6.21258687973, 3.4119784832, 2.83516144753, 3.54847097397, 2.63761281967, 1.65027356148, 2.35811781883, 2.59611845016, 3.55158424377, 3.91180849075, 2.62191081047, 2.39431142807, 1.39438700676, 0.647105753422, 0.251814365387, 0.0865572616458, 0.0125546976924, 0.00023238187714, 3.69279259758e-05],
        "dvar": [0.240283057094, 13.7491760254, 84.5572128296, 430.333557129, 3284.33935547, 2978.19775391, 471.152954102, 61.3190574646, 27.4452762604, 31.727766037, 20.1640396118, 22.0944328308, 62.680809021, 48.6003684998, 30.723443985, 286.081726074, 60.5019493103, 64.2755966187, 118.961204529, 28.088388443, 209.95375061, 199.914154053, 40.3696212769, 16.8492889404, 32.2612342834, 18.1345119476, 4.73124170303, 10.7100353241, 14.6601800919, 32.4565124512, 43.9223251343, 18.6175994873, 16.1644763947, 5.97384548187, 1.04497671127, 0.147749274969, 0.0139961186796, 0.000296429381706, 9.45976026401e-08, 9.83515158204e-10],
        "dvar2": [0.435851037502, 30.6846675873, 216.866638184, 1189.75, 9289.26953125, 8568.42773438, 1354.70715332, 170.240005493, 72.1992874146, 87.6385955811, 53.9574737549, 56.2923278809, 175.401687622, 136.978561401, 81.1346969604, 760.258483887, 169.540130615, 180.146713257, 325.700042725, 69.5911483765, 556.923583984, 532.565551758, 92.4536056519, 33.4610595703, 76.5843505859, 44.3271408081, 11.504655838, 26.8379001617, 36.2122840881, 81.7111434937, 108.445678711, 46.5318641663, 40.3679351807, 15.7706851959, 2.6361117363, 0.383274227381, 0.0359447672963, 0.000762938696425, 2.4141496624e-07, 2.49253995221e-09],
        "max": [5.05079317093, 31.7362213135, 88.401802063, 149.0415802, 362.641845703, 319.298553467, 142.988983154, 67.5539779663, 61.2375602722, 39.4042625427, 97.500213623, 73.9470748901, 81.8792266846, 82.0890045166, 73.3020401001, 307.138458252, 176.135726929, 106.746292114, 149.610015869, 62.7952156067, 212.442092896, 165.469604492, 76.5373916626, 51.1376075745, 63.2739448547, 50.9417266846, 18.6721172333, 25.245672226, 30.7069454193, 50.5449714661, 55.3494987488, 44.4233131409, 31.9482803345, 22.0360088348, 8.69771289825, 3.22330331802, 0.979508459568, 0.160550281405, 0.00286953593604, 0.000251531542744],
        "mean": [0.654372036457, 3.85651135445, 6.23814916611, 6.71460151672, 12.5557250977, 11.0500402451, 6.01582765579, 5.06923675537, 4.81881523132, 2.35897803307, 3.03001475334, 3.64814734459, 4.44383907318, 3.06874084473, 3.20251178741, 11.3706626892, 5.05363607407, 6.74008703232, 3.62134981155, 1.87897789478, 2.98317313194, 2.86587691307, 2.1840672493, 2.08337283134, 1.9769872427, 1.55897772312, 0.983698010445, 1.23146498203, 1.38383805752, 1.75166738033, 1.92979025841, 1.29671514034, 1.1216583252, 0.599701702595, 0.295226305723, 0.111591264606, 0.037938605994, 0.00559247052297, 0.00011636086856, 4.08057494496e-05],
        "median": [0.393273741007, 2.22041678429, 3.06492519379, 1.9143358469, 0.929428637028, 1.13859117031, 1.56206214428, 1.96498823166, 1.28691911697, 0.719350516796, 0.49131116271, 0.80081140995, 1.48100709915, 0.653655588627, 0.865763068199, 1.27493214607, 1.3834155798, 3.13473153114, 1.2772667408, 0.498002529144, 0.41345345974, 0.408998906612, 0.430782139301, 0.819066166878, 0.308448672295, 0.296307533979, 0.342472732067, 0.220339655876, 0.15205013752, 0.183207198977, 0.125047087669, 0.100627079606, 0.0493574440479, 0.0254888851196, 0.012757929042, 0.00565249985084, 0.00271453778259, 0.000352608709363, 2.35636980506e-05, 2.81515549432e-05],
        "min": [3.26630117104e-22, 3.83708325869e-21, 1.6205109588e-20, 1.76310267924e-20, 9.35119927673e-20, 1.27103047811e-19, 1.67314804778e-19, 4.22710903108e-19, 2.92423649379e-19, 2.82084589656e-19, 7.45900656491e-19, 6.08712493406e-19, 1.34838866749e-18, 1.87988664244e-18, 2.18103311818e-18, 2.49592650851e-18, 2.89874547565e-18, 3.96122650563e-18, 3.40145518714e-18, 5.85105461827e-18, 8.46080945087e-18, 1.06715728878e-17, 1.00229036417e-17, 1.31866866778e-17, 7.4417915922e-18, 1.27221354284e-17, 1.48849397606e-17, 1.45614873257e-17, 1.4120983871e-17, 1.69492632778e-17, 1.75811002256e-17, 1.70185876306e-17, 1.24503486945e-17, 1.29530478595e-17, 9.17963519345e-18, 5.76302150799e-18, 3.00312346804e-18, 1.33065949862e-18, 3.22385423635e-19, 3.8693502496e-20],
        "var": [0.665742218494, 24.4221477509, 82.4469909668, 282.769073486, 1922.34912109, 1654.87060547, 272.218261719, 60.4536857605, 65.8826599121, 23.0885276794, 59.6707572937, 77.3111114502, 60.259727478, 54.0290298462, 36.6839141846, 970.697875977, 141.349090576, 89.5634918213, 87.1144180298, 25.2939872742, 150.180679321, 141.323791504, 40.1445732117, 20.3472499847, 29.1055450439, 16.4565467834, 4.40341234207, 9.0357542038, 12.6441011429, 26.5646095276, 36.6465797424, 15.1797418594, 13.050819397, 4.30806446075, 0.841480970383, 0.113157294691, 0.0110448040068, 0.000235646672081, 7.6757800116e-08, 1.49228140955e-09]
    },
    "gfcc": {
        "mean": [-105.926429749, 106.167640686, -62.8850135803, 46.206237793, -39.642250061, 28.0798091888, -24.9438819885, 7.61296987534, -18.0795726776, 8.08449554443, -4.63915634155, 3.38614201546, -10.5362825394],
        "cov": [[13180.7744141, -1172.01452637, -1950.19470215, 35.0791893005, -260.279724121, 561.30682373, -430.183502197, 53.1364097595, -332.138702393, 133.825439453, -211.165206909, 9.44527339935, -358.14541626], [-1172.01452637, 1955.65441895, 90.6005096436, -212.86265564, 211.814483643, -294.127838135, 345.376190186, -260.510620117, 149.188339233, -192.075256348, 181.218460083, -225.518615723, 169.039489746], [-1950.19470215, 90.6005096436, 2037.70983887, 390.120544434, 61.7689628601, -173.003250122, -107.924407959, 75.1682281494, 43.5474472046, -43.9204902649, -103.961502075, 8.27100658417, -31.8523597717], [35.0791893005, -212.86265564, 390.120544434, 436.717315674, 154.356704712, 19.5376987457, -49.4612007141, 36.9211540222, 86.0189361572, -1.98423802853, -1.72418260574, -9.66548538208, -0.619166374207], [-260.279724121, 211.814483643, 61.7689628601, 154.356704712, 388.626678467, 20.1069545746, 162.8959198, 39.8566703796, 101.571601868, 0.430567920208, 37.5547981262, -37.8789558411, 40.9864349365], [561.30682373, -294.127838135, -173.003250122, 19.5376987457, 20.1069545746, 248.120361328, 89.2098999023, 60.9834022522, 20.1072177887, 61.3100471497, 62.1566619873, 44.0189666748, -21.6745262146], [-430.183502197, 345.376190186, -107.924407959, -49.4612007141, 162.8959198, 89.2098999023, 327.286987305, 61.7620620728, 108.896774292, 4.39432239532, 122.904441833, -26.9608592987, 73.3707351685], [53.1364097595, -260.510620117, 75.1682281494, 36.9211540222, 39.8566703796, 60.9834022522, 61.7620620728, 196.780899048, 37.9445533752, 49.4163398743, -25.6509037018, 30.0574531555, -1.03147089481], [-332.138702393, 149.188339233, 43.5474472046, 86.0189361572, 101.571601868, 20.1072177887, 108.896774292, 37.9445533752, 185.347473145, 53.4255828857, 108.555023193, 0.560572087765, 56.1359825134], [133.825439453, -192.075256348, -43.9204902649, -1.98423802853, 0.430567920208, 61.3100471497, 4.39432239532, 49.4163398743, 53.4255828857, 145.664108276, 69.7409667969, 52.6415977478, -10.8842391968], [-211.165206909, 181.218460083, -103.961502075, -1.72418260574, 37.5547981262, 62.1566619873, 122.904441833, -25.6509037018, 108.555023193, 69.7409667969, 201.542373657, 44.3648490906, 57.7939529419], [9.44527339935, -225.518615723, 8.27100658417, -9.66548538208, -37.8789558411, 44.0189666748, -26.9608592987, 30.0574531555, 0.560572087765, 52.6415977478, 44.3648490906, 128.880142212, 14.6991930008], [-358.14541626, 169.039489746, -31.8523597717, -0.619166374207, 40.9864349365, -21.6745262146, 73.3707351685, -1.03147089481, 56.1359825134, -10.8842391968, 57.7939529419, 14.6991930008, 99.446647644]],
        "icov": [[0.000140709482366, -0.000270067743259, 0.000202672279556, -0.00031752398354, 9.89296313492e-05, -0.000502256269101, 0.0003683923278, -0.000305293069687, 0.000225880634389, -0.000246043899097, 0.000283343921183, -0.000204732117709, 0.000314704491757], [-0.000270067743259, 0.0034297760576, -0.000928384019062, 0.00264374539256, -0.00116383749992, 0.00357837066986, -0.00246836571023, 0.00295561854728, -0.00162718305364, 0.00289534172043, -0.00338076171465, 0.00364700402133, -0.0013109871652], [0.000202672279556, -0.000928384019062, 0.0011095207883, -0.00163260032423, 0.0005737968022, -0.000388898915844, 0.000374119408661, -0.00101315719076, 0.000434949033661, -0.00074160908116, 0.00126667018048, -0.00148916826583, 0.00120269239414], [-0.00031752398354, 0.00264374539256, -0.00163260032423, 0.00709284609184, -0.0032666225452, 0.000861246953718, 0.00189780443907, 0.00112435617484, -0.00357580650598, 0.00429349252954, -0.00413028849289, 0.00404179934412, -0.0016792883398], [9.89296313492e-05, -0.00116383749992, 0.0005737968022, -0.0032666225452, 0.00520210294053, -0.000262118352111, -0.00293230847456, 5.20802859683e-05, -8.51906006574e-05, -0.00228316592984, 0.0033603142947, -0.00161867740098, 0.000545432616491], [-0.000502256269101, 0.00357837066986, -0.000388898915844, 0.000861246953718, -0.000262118352111, 0.0116476612166, -0.006592345424, 0.00232539279386, -0.000435924041085, 0.00167533592321, -0.00440271385014, 0.0009742800612, 0.00236809067428], [0.0003683923278, -0.00246836571023, 0.000374119408661, 0.00189780443907, -0.00293230847456, -0.006592345424, 0.013439909555, -0.00705454032868, 0.000148420513142, 0.00239702500403, -0.00454299384728, 0.00244294852018, -0.00210551545024], [-0.000305293069687, 0.00295561854728, -0.00101315719076, 0.00112435617484, 5.20802859683e-05, 0.00232539279386, -0.00705454032868, 0.0127618573606, -0.00385335111059, -0.00214565941133, 0.00509934360161, -0.000572072400246, -0.0015570941614], [0.000225880634389, -0.00162718305364, 0.000434949033661, -0.00357580650598, -8.51906006574e-05, -0.000435924041085, 0.000148420513142, -0.00385335111059, 0.0140092531219, -0.0047911433503, -0.00392121681944, 0.00146835995838, -0.00288352533244], [-0.000246043899097, 0.00289534172043, -0.00074160908116, 0.00429349252954, -0.00228316592984, 0.00167533592321, 0.00239702500403, -0.00214565941133, -0.0047911433503, 0.0168154351413, -0.00951923336834, 0.00125546078198, 0.00338849704713], [0.000283343921183, -0.00338076171465, 0.00126667018048, -0.00413028849289, 0.0033603142947, -0.00440271385014, -0.00454299384728, 0.00509934360161, -0.00392121681944, -0.00951923336834, 0.0208810437471, -0.00909756869078, -0.00141162262298], [-0.000204732117709, 0.00364700402133, -0.00148916826583, 0.00404179934412, -0.00161867740098, 0.0009742800612, 0.00244294852018, -0.000572072400246, 0.00146835995838, 0.00125546078198, -0.00909756869078, 0.0177262276411, -0.00634161708876], [0.000314704491757, -0.0013109871652, 0.00120269239414, -0.0016792883398, 0.000545432616491, 0.00236809067428, -0.00210551545024, -0.0015570941614, -0.00288352533244, 0.00338849704713, -0.00141162262298, -0.00634161708876, 0.0193770937622]]
    },
    "melbands": {
        "dmean": [0.00295276520774, 0.00245940266177, 0.00170663592871, 0.00147337641101, 0.000358886638423, 9.06167842913e-05, 4.46660051239e-05, 2.5070976335e-05, 1.52221246026e-05, 1.44383857332e-05, 1.77064248419e-05, 1.03596239569e-05, 8.49261232361e-06, 1.20380163935e-05, 1.24972666526e-05, 6.12967141933e-06, 1.06481229523e-05, 6.46053558739e-06, 2.90890193355e-06, 3.00208603221e-06, 4.84599922856e-06, 4.04222919315e-06, 2.38150710175e-06, 1.69971588093e-06, 1.37876338613e-06, 1.53239591327e-06, 1.51380834268e-06, 9.89161094367e-07, 6.71149507525e-07, 5.87611509673e-07, 9.73960368356e-07, 1.00056831798e-06, 7.00321265867e-07, 1.48905519382e-06, 1.56654198236e-06, 1.05327376332e-06, 8.92947639386e-07, 1.14395731998e-06, 7.19170770935e-07, 7.01512135493e-07],
        "dmean2": [0.00412330823019, 0.00378808216192, 0.00300726667047, 0.00278054340743, 0.00067546783248, 0.00015619462647, 7.4069837865e-05, 4.32978886238e-05, 2.58418167505e-05, 2.44763759838e-05, 3.03433153022e-05, 1.8392529455e-05, 1.47724667841e-05, 1.939795402e-05, 2.02872452064e-05, 1.06078559838e-05, 1.82362637133e-05, 1.11774688776e-05, 4.97949531564e-06, 4.98783401781e-06, 8.32610567159e-06, 7.01996532371e-06, 3.85900284527e-06, 2.69618249149e-06, 2.26317069973e-06, 2.45319392889e-06, 2.51369897342e-06, 1.5901767938e-06, 1.10933785891e-06, 9.72696852841e-07, 1.57558883984e-06, 1.61016532729e-06, 1.13652868095e-06, 2.46801050707e-06, 2.52169320447e-06, 1.70467581029e-06, 1.43903355365e-06, 1.88019055258e-06, 1.20747802157e-06, 1.18452066999e-06],
        "dvar": [1.80616079888e-05, 1.59289957082e-05, 1.83307765838e-05, 1.95209941012e-05, 1.03334446067e-06, 3.06732381716e-08, 5.91468296562e-09, 2.94252600064e-09, 1.58483337565e-09, 1.00148078719e-09, 1.56827606457e-09, 7.73175412583e-10, 4.53859644312e-10, 8.68021654554e-10, 2.48558262861e-09, 2.12620934747e-10, 2.84610279788e-10, 3.61923296888e-10, 6.77560021978e-11, 6.94662313783e-11, 3.93919369346e-10, 2.57195792441e-10, 6.24590240639e-11, 1.88321146871e-11, 1.0580037714e-11, 1.5174143192e-11, 1.96107487888e-11, 5.85513235118e-12, 2.60334744213e-12, 1.3330723244e-12, 5.43612333967e-12, 5.83649838529e-12, 2.65639441867e-12, 1.71577526492e-11, 1.86790322793e-11, 8.05858244718e-12, 5.69913170476e-12, 9.82337215044e-12, 4.63141851259e-12, 4.31843363152e-12],
        "dvar2": [3.59514087904e-05, 3.76068419428e-05, 4.96954235132e-05, 5.56538834644e-05, 2.97755673273e-06, 8.51321928508e-08, 1.55015005276e-08, 8.13258882459e-09, 4.17324930169e-09, 2.54707144265e-09, 4.39235225969e-09, 2.18163753729e-09, 1.23096666194e-09, 2.1583548282e-09, 7.07388370103e-09, 5.76766301386e-10, 8.074054203e-10, 9.86939197034e-10, 1.78710518606e-10, 1.74904590811e-10, 1.05530217898e-09, 6.92798263202e-10, 1.54378690387e-10, 3.91520843523e-11, 2.13239651631e-11, 3.50532936011e-11, 4.98870424137e-11, 1.41478174662e-11, 6.62034402993e-12, 3.21389789781e-12, 1.37850971957e-11, 1.47038804743e-11, 6.39464436264e-12, 4.41603351109e-11, 4.62914984123e-11, 2.00772853204e-11, 1.42988511656e-11, 2.44728664417e-11, 1.2095615308e-11, 1.13854264558e-11],
        "max": [0.040702778846, 0.0351197123528, 0.0282839015126, 0.0252238586545, 0.00683759339154, 0.00151941180229, 0.000799937290139, 0.000380260404199, 0.000864587898832, 0.000515323656145, 0.000405007536756, 0.000347212160705, 0.000225700612646, 0.000513787439559, 0.00114432489499, 0.000178530041012, 0.000239871485974, 0.000258638465311, 9.96290182229e-05, 0.000109324028017, 0.000289533723844, 0.000189009209862, 0.000101380770502, 5.44319991604e-05, 4.25923572038e-05, 4.36335139966e-05, 5.51745470148e-05, 2.7267364203e-05, 1.54313056555e-05, 9.8896362033e-06, 1.88643934962e-05, 2.02720530069e-05, 1.3144276636e-05, 3.80854726245e-05, 3.88679291063e-05, 2.98560535157e-05, 2.37036874751e-05, 2.65056496573e-05, 2.62757857854e-05, 1.54775480041e-05],
        "mean": [0.00554607529193, 0.00390715198591, 0.0013682047138, 0.000922793522477, 0.000249968812568, 0.000118630487123, 6.81474703015e-05, 2.3597445761e-05, 2.5520557756e-05, 2.33268601733e-05, 2.17475917452e-05, 1.20284785226e-05, 9.42086171563e-06, 2.13263265323e-05, 2.59497992374e-05, 7.51212610339e-06, 1.36742755785e-05, 6.22451534582e-06, 2.56413977695e-06, 2.60663546214e-06, 3.81095765078e-06, 3.13239320349e-06, 2.102472763e-06, 1.92154448087e-06, 1.65562755683e-06, 1.36891515012e-06, 1.35196478368e-06, 9.47096680193e-07, 6.0796719481e-07, 5.81613335271e-07, 7.9592672364e-07, 8.49699006267e-07, 6.13238569258e-07, 1.15912666843e-06, 1.22721439766e-06, 8.56277097228e-07, 7.15287171715e-07, 8.81797120655e-07, 5.23519190665e-07, 5.10320603553e-07],
        "median": [0.00324728526175, 0.00251085590571, 0.000342676328728, 6.90985252731e-05, 5.86870737607e-05, 4.68114412797e-05, 1.82872663572e-05, 5.26331587025e-06, 3.50381878889e-06, 5.18557681062e-06, 6.65279139866e-06, 1.90358832697e-06, 1.82962776307e-06, 3.65124355994e-06, 2.02790920412e-06, 2.16780040319e-06, 6.1112068579e-06, 2.00822250918e-06, 6.41411645574e-07, 5.23805965713e-07, 4.91309890549e-07, 5.05369939674e-07, 2.34826131873e-07, 5.13425675308e-07, 6.75222850077e-07, 1.73823991645e-07, 2.33858301613e-07, 1.70662914911e-07, 1.61016458833e-07, 2.29611089253e-07, 8.49390175972e-08, 9.21300440382e-08, 9.21883724914e-08, 8.42976959348e-08, 6.85211460905e-08, 6.74359554864e-08, 5.53565158157e-08, 3.76979834016e-08, 2.099079488e-08, 2.03427124035e-08],
        "min": [3.91991334135e-24, 7.80054298733e-24, 5.7072950533e-24, 7.67248167456e-24, 7.02129592996e-24, 9.65507293397e-24, 4.15423421805e-24, 3.90844409265e-24, 6.11834167759e-24, 3.73973514401e-24, 6.25932177098e-24, 7.81495389835e-24, 6.64316728796e-24, 4.92579303704e-24, 7.15493685592e-24, 6.39170051948e-24, 6.49735818254e-24, 5.28004246501e-24, 6.08723768096e-24, 9.97553663267e-24, 9.1983153701e-24, 1.11753814477e-23, 1.10211315306e-23, 6.99714731993e-24, 9.79266841965e-24, 4.78945539008e-24, 6.40318081224e-24, 8.90749706423e-24, 7.42902105541e-24, 7.57688514349e-24, 9.24884427767e-24, 8.51329538128e-24, 6.05833302853e-24, 1.10593021433e-23, 1.10624520648e-23, 7.44010612885e-24, 7.76531088158e-24, 7.9145018337e-24, 8.75478305931e-24, 1.13740142571e-23],
        "var": [4.59113398392e-05, 2.3008818971e-05, 1.24451808006e-05, 1.11393565021e-05, 5.83066423587e-07, 3.15345367596e-08, 1.26675576695e-08, 2.28403851388e-09, 5.14297893162e-09, 3.447827579e-09, 1.50217693839e-09, 8.63273286189e-10, 4.57108517704e-10, 2.56565835244e-09, 8.37051050695e-09, 2.57945748094e-10, 3.88145099395e-10, 2.69909455897e-10, 5.31125664283e-11, 5.89916795968e-11, 2.73671724171e-10, 1.75620351595e-10, 5.38666576622e-11, 2.20452493066e-11, 1.26998385766e-11, 1.44411115011e-11, 1.56319106964e-11, 5.57068106921e-12, 2.19696288072e-12, 1.27026113152e-12, 4.46918196895e-12, 4.92675084757e-12, 2.32784386385e-12, 1.34716257247e-11, 1.55285992398e-11, 6.60277475056e-12, 4.62910395779e-12, 7.97294348598e-12, 3.38261905465e-12, 3.12737531184e-12]
    },
    "mfcc": {
        "mean": [-763.530456543, 134.140029907, 40.8783721924, 35.2325439453, 19.6319618225, 23.6687889099, 12.2620162964, 9.55057621002, -1.95997226238, 6.9271235466, 6.44442892075, 4.70610141754, -0.14988066256],
        "cov": [[10814.5722656, -869.254333496, -1705.80969238, -733.977416992, -168.032333374, 133.828155518, -38.8906898499, -49.5742530823, -223.125579834, -3.22345209122, -3.99126148224, -69.2192153931, -145.379470825], [-869.254333496, 1801.85180664, 37.9596710205, 175.206558228, -121.06098938, 26.764081955, 70.4953308105, -33.6594543457, 18.4747905731, 17.2588615417, -9.04610919952, -16.0851955414, -81.5146331787], [-1705.80969238, 37.9596710205, 1492.14318848, 387.865509033, 232.715805054, -78.5612869263, -79.2079467773, 3.77483892441, 26.3585414886, -41.3052864075, -15.6320362091, 8.29001808167, 92.2514648438], [-733.977416992, 175.206558228, 387.865509033, 416.70904541, 227.475082397, 15.9183969498, -9.59486484528, 26.8737659454, 72.3347396851, 29.0434818268, 2.25245904922, 16.1422348022, 33.5793418884], [-168.032333374, -121.06098938, 232.715805054, 227.475082397, 251.765197754, 45.5859718323, -6.03114748001, 31.3521537781, 52.9362258911, 20.4598922729, 10.4898700714, 24.6864757538, 31.2421913147], [133.828155518, 26.764081955, -78.5612869263, 15.9183969498, 45.5859718323, 173.173614502, 65.9474487305, 40.5996398926, -12.8309984207, 33.0536193848, 39.0735626221, 44.8233909607, 11.288974762], [-38.8906898499, 70.4953308105, -79.2079467773, -9.59486484528, -6.03114748001, 65.9474487305, 170.089660645, 77.5194244385, 54.8875160217, 40.0006561279, 44.8818283081, 28.0087146759, 20.7989330292], [-49.5742530823, -33.6594543457, 3.77483892441, 26.8737659454, 31.3521537781, 40.5996398926, 77.5194244385, 135.781494141, 67.5157852173, 29.2434997559, 19.6349182129, 30.2559127808, 29.8513755798], [-223.125579834, 18.4747905731, 26.3585414886, 72.3347396851, 52.9362258911, -12.8309984207, 54.8875160217, 67.5157852173, 135.274124146, 54.4110450745, 28.0668010712, 14.1486158371, 16.7060928345], [-3.22345209122, 17.2588615417, -41.3052864075, 29.0434818268, 20.4598922729, 33.0536193848, 40.0006561279, 29.2434997559, 54.4110450745, 121.300300598, 68.9197845459, 19.2118015289, 8.19433021545], [-3.99126148224, -9.04610919952, -15.6320362091, 2.25245904922, 10.4898700714, 39.0735626221, 44.8818283081, 19.6349182129, 28.0668010712, 68.9197845459, 108.448394775, 53.1454544067, 30.0807876587], [-69.2192153931, -16.0851955414, 8.29001808167, 16.1422348022, 24.6864757538, 44.8233909607, 28.0087146759, 30.2559127808, 14.1486158371, 19.2118015289, 53.1454544067, 112.01750946, 57.3598327637], [-145.379470825, -81.5146331787, 92.2514648438, 33.5793418884, 31.2421913147, 11.288974762, 20.7989330292, 29.8513755798, 16.7060928345, 8.19433021545, 30.0807876587, 57.3598327637, 101.335250854]],
