{
"lowlevel": {
    "average_loudness": 0.7414534688,
    "barkbands_crest": {
        "dmean": 2.57644844055,
        "dmean2": 4.18319559097,
        "dvar": 5.62665891647,
        "dvar2": 13.6120243073,
        "max": 23.4546070099,
        "mean": 9.61122608185,
        "median": 8.7668838501,
        "min": 2.5142288208,
        "var": 15.7212533951
    },
    "barkbands_flatness_db": {
        "dmean": 0.022163560614,
        "dmean2": 0.0319562703371,
        "dvar": 0.000405456259614,
        "dvar2": 0.000796115491539,
        "max": 0.309815347195,
        "mean": 0.123334795237,
        "median": 0.119456619024,
        "min": 0.0267507452518,
        "var": 0.00227339868434
    },
    "barkbands_kurtosis": {
        "dmean": 2.19843482971,
        "dmean2": 3.41669368744,
        "dvar": 18.1347541809,
        "dvar2": 41.5879821777,
        "max": 84.8493347168,
        "mean": 2.74168515205,
        "median": 0.79380106926,
        "min": -1.90109980106,
        "var": 41.0262870789
    },
    "barkbands_skewness": {
        "dmean": 0.556162238121,
        "dmean2": 0.809038996696,
        "dvar": 0.390626847744,
        "dvar2": 0.679330766201,
        "max": 8.21499633789,
        "mean": 1.04752039909,
        "median": 0.924187302589,
        "min": -4.75956678391,
        "var": 1.69854843616
    },
    "barkbands_spread": {
        "dmean": 6.51609230042,
        "dmean2": 9.85833835602,
        "dvar": 83.2251739502,
        "dvar2": 184.515365601,
        "max": 105.85344696,
        "mean": 23.8231887817,
        "median": 20.3091335297,
        "min": 1.66934931278,
        "var": 261.516479492
    },
    "dissonance": {
        "dmean": 0.0199663639069,
        "dmean2": 0.032964900136,
        "dvar": 0.000450106454082,
        "dvar2": 0.00114729104098,
        "max": 0.499126374722,
        "mean": 0.457952052355,
        "median": 0.465524464846,
        "min": 0.293247789145,
        "var": 0.000959496188443
    },
    "dynamic_complexity": 4.52805185318,
    "erbbands_crest": {
        "dmean": 3.23236775398,
        "dmean2": 4.98020553589,
        "dvar": 9.37193202972,
        "dvar2": 22.2494125366,
        "max": 28.0646724701,
        "mean": 10.7154026031,
        "median": 9.4972448349,
        "min": 2.56147050858,
        "var": 28.941236496
    },
    "erbbands_flatness_db": {
        "dmean": 0.0215054098517,
        "dmean2": 0.0297150406986,
        "dvar": 0.000371915841242,
        "dvar2": 0.000694717047736,
        "max": 0.31383189559,
        "mean": 0.166854172945,
        "median": 0.161354616284,
        "min": 0.0614101365209,
        "var": 0.0025287240278
    },
    "erbbands_kurtosis": {
        "dmean": 1.19747936726,
        "dmean2": 1.78496277332,
        "dvar": 3.8825366497,
        "dvar2": 8.49987411499,
        "max": 46.771282196,
        "mean": 0.994126439095,
        "median": 0.0816292762756,
        "min": -1.74895095825,
        "var": 9.12156677246
    },
    "erbbands_skewness": {
        "dmean": 0.404859691858,
        "dmean2": 0.594221055508,
        "dvar": 0.209357813001,
        "dvar2": 0.381176173687,
        "max": 4.32305240631,
        "mean": 0.155559301376,
        "median": 0.170084267855,
        "min": -5.57791566849,
        "var": 0.817214310169
    },
    "erbbands_spread": {
        "dmean": 8.67002487183,
        "dmean2": 13.1827478409,
        "dvar": 95.8798065186,
        "dvar2": 233.215026855,
        "max": 157.393981934,
        "mean": 35.451625824,
        "median": 33.7606697083,
        "min": 3.79577684402,
        "var": 355.969726562
    },
    "hfc": {
        "dmean": 5.86178922653,
        "dmean2": 7.85077524185,
        "dvar": 81.5193710327,
        "dvar2": 143.856643677,
        "max": 134.248458862,
        "mean": 16.4655990601,
        "median": 7.42735528946,
        "min": 1.15527842763e-16,
        "var": 451.863677979
    },
    "melbands_crest": {
        "dmean": 3.37468361855,
        "dmean2": 5.43308639526,
        "dvar": 9.87257003784,
        "dvar2": 23.220993042,
        "max": 33.1689758301,
        "mean": 13.10064888,
        "median": 11.8281755447,
        "min": 2.31284070015,
        "var": 30.0206394196
    },
    "melbands_flatness_db": {
        "dmean": 0.0254716370255,
        "dmean2": 0.0372839644551,
        "dvar": 0.000657112686895,
        "dvar2": 0.00123570137657,
        "max": 0.381564289331,
        "mean": 0.167014122009,
        "median": 0.165450155735,
        "min": 0.00600532628596,
        "var": 0.0028769033961
    },
    "melbands_kurtosis": {
        "dmean": 5.06156587601,
        "dmean2": 7.96632480621,
        "dvar": 118.869689941,
        "dvar2": 274.97644043,
        "max": 236.390029907,
        "mean": 8.28346538544,
        "median": 3.77656745911,
        "min": -1.8320581913,
        "var": 222.015518188
    },
    "melbands_skewness": {
        "dmean": 0.685888230801,
        "dmean2": 1.00652980804,
        "dvar": 0.574015200138,
        "dvar2": 1.18791031837,
        "max": 12.3428287506,
        "mean": 1.96734666824,
        "median": 1.8292620182,
        "min": -1.43409454823,
        "var": 2.52894854546
    },
    "melbands_spread": {
        "dmean": 10.7991905212,
        "dmean2": 15.8081417084,
        "dvar": 373.124176025,
        "dvar2": 650.446655273,
        "max": 227.373168945,
        "mean": 33.2167053223,
        "median": 25.5469608307,
        "min": 1.36648869514,
        "var": 1091.76696777
    },
    "pitch_salience": {
        "dmean": 0.0692515969276,
        "dmean2": 0.10897937417,
        "dvar": 0.00396679528058,
        "dvar2": 0.00876158289611,
        "max": 0.824217796326,
        "mean": 0.572005033493,
        "median": 0.578176438808,
        "min": 0.132889002562,
        "var": 0.0133872609586
    },
    "silence_rate_20dB": {
        "dmean": 0,
        "dmean2": 0,
        "dvar": 0,
        "dvar2": 0,
        "max": 1,
        "mean": 1,
        "median": 1,
        "min": 1,
        "var": 0
    },
    "silence_rate_30dB": {
        "dmean": 0.00154798757285,
        "dmean2": 0.00309837330133,
        "dvar": 0.00154559046496,
        "dvar2": 0.00463795568794,
        "max": 1,
        "mean": 0.999226629734,
        "median": 1,
        "min": 0,
        "var": 0.000772796920501
    },
    "silence_rate_60dB": {
        "dmean": 0.0975232198834,
        "dmean2": 0.19519752264,
        "dvar": 0.088013023138,
        "dvar2": 0.186529129744,
        "max": 1,
        "mean": 0.219644233584,
        "median": 0,
        "min": 0,
        "var": 0.171400472522
    },
    "spectral_centroid": {
        "dmean": 314.431152344,
        "dmean2": 458.750823975,
        "dvar": 227152.59375,
        "dvar2": 352037.90625,
        "max": 10797.0097656,
        "mean": 1519.3449707,
        "median": 1389.21569824,
        "min": 295.636505127,
        "var": 663633.9375
    },
    "spectral_complexity": {
        "dmean": 2.92260050774,
        "dmean2": 4.22153377533,
        "dvar": 12.3221635818,
        "dvar2": 23.5915489197,
        "max": 46,
        "mean": 12.5707654953,
        "median": 12,
        "min": 0,
        "var": 57.5350341797
    },
    "spectral_decrease": {
        "dmean": 1.0103392567e-09,
        "dmean2": 1.39866773718e-09,
        "dvar": 2.57910200065e-18,
        "dvar2": 5.02726503264e-18,
        "max": -4.28894788409e-29,
        "mean": -3.11409076303e-09,
        "median": -1.74778702622e-09,
        "min": -2.70865392338e-08,
        "var": 1.30606243525e-17
    },
    "spectral_energy": {
        "dmean": 0.00424092030153,
        "dmean2": 0.0058275363408,
        "dvar": 4.34917128587e-05,
        "dvar2": 8.38796404423e-05,
        "max": 0.108439594507,
        "mean": 0.0132467830554,
        "median": 0.00749097345397,
        "min": 1.0640580789e-20,
        "var": 0.000231000376516
    },
    "spectral_energyband_high": {
        "dmean": 0.000347208493622,
        "dmean2": 0.000482802715851,
        "dvar": 6.11880011547e-07,
        "dvar2": 1.06361244434e-06,
        "max": 0.0114589873701,
        "mean": 0.000635913806036,
        "median": 0.000181372233783,
        "min": 7.47444763588e-21,
        "var": 1.91000685845e-06
    },
    "spectral_energyband_low": {
        "dmean": 0.000562348694075,
        "dmean2": 0.000923031184357,
        "dvar": 3.06120296045e-06,
        "dvar2": 7.49577884562e-06,
        "max": 0.0450151860714,
        "mean": 0.000976701732725,
        "median": 0.000348008237779,
        "min": 7.20633524597e-23,
        "var": 5.31118166691e-06
    },
    "spectral_energyband_middle_high": {
        "dmean": 0.00205298652872,
        "dmean2": 0.00263164658099,
        "dvar": 1.77196779987e-05,
        "dvar2": 2.92252461804e-05,
        "max": 0.0783155709505,
        "mean": 0.00578870810568,
        "median": 0.00163099938072,
        "min": 1.78246839909e-21,
        "var": 0.00012139739556
    },
    "spectral_energyband_middle_low": {
        "dmean": 0.0025557144545,
        "dmean2": 0.00383925018832,
        "dvar": 2.036920705e-05,
        "dvar2": 4.39744580945e-05,
        "max": 0.0860778465867,
        "mean": 0.00626182835549,
        "median": 0.00389271858148,
        "min": 3.52518663991e-22,
        "var": 6.31809380138e-05
    },
    "spectral_entropy": {
        "dmean": 0.21516905725,
        "dmean2": 0.286047369242,
        "dvar": 0.0464607365429,
        "dvar2": 0.0806443914771,
        "max": 9.80963611603,
        "mean": 7.53841686249,
        "median": 7.52374649048,
        "min": 6.01306629181,
        "var": 0.26285380125
    },
    "spectral_flux": {
        "dmean": 0.0180656537414,
        "dmean2": 0.0278782323003,
        "dvar": 0.000449098763056,
        "dvar2": 0.000971767178271,
        "max": 0.285970568657,
        "mean": 0.0561543777585,
        "median": 0.0473906993866,
        "min": 1.0315319432e-10,
        "var": 0.00140708859544
    },
    "spectral_kurtosis": {
        "dmean": 1.39914011955,
        "dmean2": 2.25275468826,
        "dvar": 2.12696409225,
        "dvar2": 5.25636100769,
        "max": 19.5402565002,
        "mean": 4.67221689224,
        "median": 4.49378013611,
        "min": -1.2148348093,
        "var": 7.24943637848
    },
    "spectral_rms": {
        "dmean": 0.000553739955649,
        "dmean2": 0.000752782449126,
        "dvar": 4.23314816089e-07,
        "dvar2": 7.41837993701e-07,
        "max": 0.0102856559679,
        "mean": 0.00310758687556,
        "median": 0.00270338053815,
        "min": 3.22196436198e-12,
        "var": 3.266586873e-06
    },
    "spectral_rolloff": {
        "dmean": 687.697753906,
        "dmean2": 1096.22668457,
        "dvar": 1911622.125,
        "dvar2": 3331423.75,
        "max": 18540.0878906,
        "mean": 2215.8046875,
        "median": 1593.45703125,
        "min": 193.798828125,
        "var": 5087359.5
    },
    "spectral_skewness": {
        "dmean": 0.2125351578,
        "dmean2": 0.324332207441,
        "dvar": 0.0471867583692,
        "dvar2": 0.0890891104937,
        "max": 3.17370319366,
        "mean": 1.60297203064,
        "median": 1.62614750862,
        "min": -0.102904245257,
        "var": 0.228630870581
    },
    "spectral_spread": {
        "dmean": 723208.6875,
        "dmean2": 1027682.5625,
        "dvar": 1.57398060237e+12,
        "dvar2": 2.15917959578e+12,
        "max": 39389196,
        "mean": 4927434,
        "median": 4491296.5,
        "min": 2202044,
        "var": 4.09280525107e+12
    },
    "spectral_strongpeak": {
        "dmean": 0.62089407444,
        "dmean2": 1.00024938583,
        "dvar": 1.09158992767,
        "dvar2": 2.39033126831,
        "max": 13.1164293289,
        "mean": 1.3714826107,
        "median": 0.587949097157,
        "min": 0,
        "var": 4.41930627823
    },
    "zerocrossingrate": {
        "dmean": 0.0164519026875,
        "dmean2": 0.0175724513829,
        "dvar": 0.000638862198684,
        "dvar2": 0.000565212918445,
        "max": 0.47607421875,
        "mean": 0.082423992455,
        "median": 0.0673828125,
        "min": 0.0146484375,
        "var": 0.00336324376985
    },
    "barkbands": {
        "dmean": [3.38158224622e-06, 9.06554851099e-05, 0.000302839354845, 0.000614012707956, 0.000961776473559, 0.000535379513167, 0.000663768616505, 0.000396085175453, 0.000405047292588, 0.000396265182644, 0.000320639723213, 0.000395398441469, 0.000521451875102, 0.000381315418053, 0.000495184853207, 0.000239474698901, 0.000115695358545, 0.000123743797303, 0.000111649511382, 8.80464212969e-05, 4.82381801703e-05, 7.02463948983e-05, 7.46229416109e-05, 7.09569940227e-05, 6.18604390183e-05, 2.55826471403e-05, 4.87966917717e-06],
        "dmean2": [5.49354535906e-06, 0.000145167956362, 0.00050806638319, 0.00100782443769, 0.00157470756676, 0.000852615979966, 0.00100070296321, 0.00060835306067, 0.000592225405853, 0.00054162327433, 0.000462173687993, 0.000585396133829, 0.000738968607038, 0.000604124448728, 0.000680791272316, 0.000358134653652, 0.000177072128281, 0.000190825012396, 0.000155771820573, 0.000131953944219, 7.4941861385e-05, 0.000103410813608, 0.000104422950244, 0.00010292877414, 8.79332001205e-05, 3.83991573472e-05, 7.88262241258e-06],
        "dvar": [4.03463373821e-10, 7.37866159284e-08, 1.52770962814e-06, 3.52836173079e-06, 4.20905826104e-06, 1.21234086237e-06, 4.47789398095e-06, 1.14792214845e-06, 2.4320124794e-06, 1.59742023698e-06, 3.67449706573e-06, 1.71979672814e-06, 2.72957367997e-06, 1.38892016821e-06, 3.24075995195e-06, 5.64678373394e-07, 5.01266015362e-08, 1.03667822771e-07, 1.14014049757e-07, 4.09152391967e-08, 1.32433015665e-08, 5.76566989707e-08, 5.80683590101e-08, 4.64630218744e-08, 5.15801694689e-08, 3.66338803737e-09, 3.19822751615e-10],
        "dvar2": [7.23106075018e-10, 1.62154876193e-07, 3.99921964345e-06, 8.12712642073e-06, 1.15080019896e-05, 2.73364321401e-06, 8.57664235809e-06, 2.21104528464e-06, 5.3149087762e-06, 2.98975442092e-06, 8.20223976916e-06, 3.26955000673e-06, 4.42971759185e-06, 3.26054487232e-06, 6.22254128757e-06, 1.1836793874e-06, 9.91237669723e-08, 2.55509547742e-07, 1.52072246351e-07, 7.38728900274e-08, 3.26840172704e-08, 1.27009414541e-07, 1.20794851455e-07, 8.43842329346e-08, 1.11187418383e-07, 8.10190758926e-09, 7.99838750787e-10],
        "max": [0.000665045110509, 0.00679827108979, 0.0347531400621, 0.0386154837906, 0.0278870426118, 0.0219584144652, 0.0603549927473, 0.0163420438766, 0.0309365894645, 0.0245840363204, 0.0454947352409, 0.0340721458197, 0.0408688746393, 0.0226631574333, 0.0406030528247, 0.0206208880991, 0.0033363266848, 0.00630358606577, 0.00990086141974, 0.0051687899977, 0.00214062794112, 0.00461957044899, 0.0051206802018, 0.00461117131636, 0.00694577069953, 0.0010319763096, 0.000274840014754],
        "mean": [3.23251765622e-06, 0.000134278816404, 0.000479442474898, 0.00084317981964, 0.00161684211344, 0.00100692897104, 0.00120183418039, 0.000756854598876, 0.000749080209062, 0.000772294937633, 0.000474119005958, 0.000787287484854, 0.00102108588908, 0.000603869615588, 0.00105490209535, 0.000388857792132, 0.000189350990695, 0.000221185415285, 0.000220634043217, 0.000167445570696, 8.25650568004e-05, 0.000105290659121, 0.000111021603516, 0.000112609421194, 0.000105235863884, 3.30238653987e-05, 4.33193190474e-06],
        "median": [4.82714028749e-07, 2.95271529467e-05, 0.000153053377289, 0.000230193487369, 0.000893820135389, 0.0003918184957, 0.000185240904102, 0.000155958594405, 6.85737250024e-05, 0.000126181155792, 4.12337867601e-05, 0.000128719897475, 0.000103484388092, 0.000105412400444, 8.13784936327e-05, 7.26632933947e-05, 7.81646813266e-05, 6.81902165525e-05, 5.18110828125e-05, 6.20481878286e-05, 2.96751477435e-05, 1.53768287419e-05, 1.82050116564e-05, 2.02029059437e-05, 1.51747326527e-05, 6.5887652454e-06, 3.85383032153e-07],
        "min": [2.19674206717e-23, 4.19264014788e-23, 1.12023281474e-23, 7.77317188051e-24, 4.80954231308e-23, 8.91837545611e-23, 1.02743920112e-22, 3.7825814141e-23, 4.71401062637e-23, 6.11654914896e-23, 7.68549440851e-23, 6.97903412692e-23, 1.27642717931e-22, 4.2570279216e-23, 2.47290248546e-22, 9.99673695395e-23, 1.70264998858e-22, 2.8084359518e-22, 3.19010755745e-22, 4.08234761145e-22, 3.48921205828e-22, 3.59286787635e-22, 7.61492051379e-22, 8.87650221439e-22, 1.21504087619e-21, 1.68378328825e-21, 2.32396393097e-21],
        "var": [5.85419712706e-10, 1.71498626855e-07, 1.97488020603e-06, 6.79269078319e-06, 5.48608431927e-06, 2.93832727039e-06, 1.37915103551e-05, 2.91599212687e-06, 6.48112654744e-06, 4.63327296529e-06, 7.85558950156e-06, 7.32860780772e-06, 9.52555456024e-06, 2.7323624181e-06, 1.60019699251e-05, 1.73844739493e-06, 1.07027098295e-07, 2.0700242942e-07, 4.00465069106e-07, 1.04607188689e-07, 2.42202258249e-08, 1.08070636884e-07, 1.15366212583e-07, 1.14854117328e-07, 1.79851468829e-07, 5.87494097815e-09, 2.75932221516e-10]
    },
    "erbbands": {
        "dmean": [0.00125664658844, 0.0288695376366, 0.294923245907, 1.11883318424, 2.51125907898, 3.18437838554, 5.55099534988, 4.08158445358, 8.96526432037, 7.44027757645, 9.21535110474, 10.1802873611, 8.95356559753, 14.4945697784, 13.4082307816, 16.3624477386, 23.6205463409, 18.0120887756, 30.7477111816, 12.2850418091, 13.4804840088, 5.4366736412, 5.10716056824, 6.8859872818, 5.64457988739, 4.86297512054, 2.14675879478, 1.92178618908, 2.6583096981, 2.47505497932, 2.04730224609, 1.50505828857, 1.21338009834, 0.741850316525, 0.443600386381, 0.129502236843, 0.0433226116002, 0.0129733337089, 0.000487063865876, 1.36971730171e-05],
        "dmean2": [0.0018800762482, 0.0463850982487, 0.483820945024, 1.85102581978, 4.28064012527, 5.27173185349, 8.71553897858, 6.45680046082, 13.39407444, 11.3797979355, 13.9203090668, 14.8170976639, 12.7832183838, 19.825876236, 19.2207641602, 23.6257343292, 32.5046157837, 26.5164356232, 42.7065200806, 18.1535625458, 19.9740505219, 8.21688175201, 7.76407194138, 10.2606678009, 7.49918889999, 7.09898471832, 3.3131082058, 2.98037385941, 3.93935847282, 3.60996961594, 2.82905077934, 2.13060998917, 1.81224679947, 1.04070949554, 0.64740228653, 0.195379048586, 0.0647966563702, 0.0199107881635, 0.00076922622975, 1.99161659111e-05],
        "dvar": [8.74226680025e-05, 0.00634455541149, 1.14787757397, 10.4316778183, 60.0066223145, 36.2517089844, 112.481414795, 127.324737549, 943.581970215, 413.740234375, 689.113342285, 1812.75634766, 1187.38891602, 2625.6105957, 4136.47998047, 3595.87036133, 6915.72851562, 2180.31225586, 15118.4736328, 1285.08459473, 2013.61914062, 105.829574585, 108.991271973, 336.840881348, 375.882476807, 179.712402344, 20.1248130798, 29.7783870697, 83.7589569092, 71.9280090332, 37.7301712036, 24.1313991547, 13.2777986526, 5.9450917244, 3.80902147293, 0.131630837917, 0.0111652258784, 0.00112174451351, 3.44214913639e-06, 9.10724773373e-10],
        "dvar2": [0.000155424670083, 0.0146755529568, 2.93762636185, 24.5814228058, 163.644958496, 99.769821167, 274.863128662, 281.271057129, 1755.87902832, 843.160461426, 1275.87866211, 4257.5234375, 2689.27954102, 4696.7734375, 9370.328125, 6786.47167969, 10605.6337891, 4346.70117188, 34067.7226562, 2579.9387207, 4133.13574219, 223.467346191, 238.405303955, 812.048095703, 457.206481934, 300.963897705, 50.1765136719, 68.1431274414, 189.756439209, 152.736633301, 74.5369720459, 44.03673172, 26.0310134888, 11.7759590149, 8.21352767944, 0.285560697317, 0.0250852815807, 0.00264041568153, 8.621977031e-06, 2.13074247135e-09],
        "max": [0.322946637869, 1.74288678169, 29.9010295868, 62.6139259338, 133.759292603, 65.9037246704, 104.066322327, 257.957611084, 970.012939453, 451.912261963, 501.985992432, 944.996276855, 886.993835449, 1031.51586914, 1787.21899414, 1710.09521484, 2242.55566406, 1360.42077637, 2421.33911133, 801.494750977, 1203.10083008, 190.231307983, 224.606948853, 294.755462646, 611.774536133, 364.388641357, 85.2194442749, 125.9141922, 186.098846436, 177.513381958, 106.398994446, 133.857879639, 66.2998809814, 63.877910614, 66.6009063721, 7.84702825546, 1.91899096966, 0.48006144166, 0.0319362655282, 0.000474052067148],
        "mean": [0.00166225188877, 0.0466219894588, 0.49707570672, 1.69117236137, 3.43057799339, 5.30750370026, 9.81591892242, 7.93456363678, 16.7461948395, 13.9386539459, 18.6131896973, 18.85414505, 16.4730377197, 26.3346271515, 24.6971817017, 31.8845558167, 47.5294265747, 33.4110107422, 68.3067626953, 22.4234313965, 23.2971801758, 9.89032840729, 9.93165969849, 11.9978094101, 12.2392883301, 9.37925243378, 4.04933643341, 3.09838175774, 3.85832905769, 3.58387327194, 3.10049843788, 2.31333065033, 1.8785752058, 1.25010609627, 0.726661324501, 0.184314221144, 0.054644420743, 0.0138748930767, 0.000463969190605, 2.80358035525e-05],
        "median": [0.000303503358737, 0.0116116665304, 0.156937688589, 0.546369373798, 1.34248816967, 2.89805722237, 3.99623608589, 2.8660569191, 3.33443832397, 2.91223716736, 4.26333332062, 2.39074230194, 3.54353070259, 3.79560470581, 4.21725320816, 5.34267473221, 5.43707799911, 6.15782880783, 5.57054615021, 4.43575525284, 4.44691896439, 4.07068014145, 3.90585231781, 3.65775084496, 2.66299080849, 3.10005307198, 1.81158065796, 0.769937872887, 0.59755307436, 0.509646475315, 0.505874335766, 0.403780132532, 0.334658294916, 0.202599167824, 0.0813820287585, 0.0292436257005, 0.0111750634387, 0.00242508132942, 6.65857587592e-05, 1.3578322978e-05],
        "min": [2.71399796709e-21, 3.75992968342e-21, 1.3479328942e-20, 1.24706766968e-20, 8.5177501861e-20, 1.63949032715e-19, 3.6202045477e-19, 8.31210688196e-19, 1.81759084333e-18, 7.29042250319e-19, 8.68844666032e-19, 9.4129338338e-19, 2.09738468553e-18, 2.41840789779e-18, 2.7274146573e-18, 3.03515521008e-18, 4.72719327131e-18, 3.7928642317e-18, 9.3344842313e-18, 9.65089984075e-18, 5.01715564478e-18, 1.15140728853e-17, 1.52590139947e-17, 1.28647868609e-17, 2.14076790983e-17, 1.90985994553e-17, 1.33305532387e-17, 1.34901866892e-17, 1.00023316599e-17, 1.90038823121e-17, 2.34069365886e-17, 1.83574357003e-17, 1.56524789966e-17, 1.565552633e-17, 7.42280614278e-18, 5.71045211211e-18, 3.59873031861e-18, 1.17788999283e-18, 3.50800318447e-19, 3.19742142138e-20],
        "var": [0.000122842000565, 0.0161427371204, 1.81565833092, 20.9070034027, 71.0576629639, 56.9279785156, 214.507614136, 295.840606689, 3163.99389648, 1243.29907227, 1900.43566895, 4440.05615234, 1947.02783203, 6864.12841797, 8626.67089844, 13193.2001953, 23432.6132812, 8442.50683594, 64077.1054688, 3077.60083008, 6697.28759766, 286.038787842, 308.59588623, 571.073730469, 1470.22900391, 451.736480713, 38.8546867371, 56.0276679993, 146.388183594, 135.818817139, 84.5511322021, 56.1972961426, 30.6505374908, 17.5723609924, 13.4314031601, 0.311781823635, 0.0162089187652, 0.00120866426732, 2.95220115731e-06, 1.46974277193e-09]
    },
    "gfcc": {
        "mean": [-45.1358833313, 66.7001419067, -126.645095825, 14.8087949753, -66.4418106079, 2.75669765472, -54.4465103149, -0.889962732792, -38.5355987549, -1.27978420258, -19.86369133, -4.89642620087, -17.323009491],
        "cov": [[9040.10839844, -525.086120605, -365.742492676, -220.830352783, 64.172454834, 255.941177368, -69.6834030151, 85.6833724976, -81.1725540161, 118.073913574, -138.900878906, -113.165878296, -142.747085571], [-525.086120605, 1213.91381836, -445.235534668, -200.534667969, 153.515670776, -207.268386841, 85.254989624, -22.0931186676, -11.5261583328, -73.9762954712, 116.138717651, -119.637916565, 51.2397766113], [-365.742492676, -445.235534668, 800.591918945, 264.125793457, -164.203704834, 121.420097351, -70.5527267456, -8.49504566193, 18.0584506989, -4.26374578476, -112.742988586, 120.574012756, -50.7725372314], [-220.830352783, -200.534667969, 264.125793457, 397.785003662, -21.6724967957, 20.1871109009, -50.4809188843, -9.40409564972, 44.283782959, -12.730047226, -57.0664672852, 59.441242218, 11.333032608], [64.172454834, 153.515670776, -164.203704834, -21.6724967957, 301.763366699, 31.0098896027, 46.686050415, -18.6428127289, 7.26938676834, 30.3352775574, -18.4529075623, -32.6873779297, -0.316535264254], [255.941177368, -207.268386841, 121.420097351, 20.1871109009, 31.0098896027, 301.876281738, 108.005020142, -53.4766540527, -17.5211772919, 40.3874359131, -37.3892593384, 16.0378990173, -40.5155792236], [-69.6834030151, 85.254989624, -70.5527267456, -50.4809188843, 46.686050415, 108.005020142, 183.424468994, -11.4668798447, -22.3338985443, 20.2908782959, 23.7829933167, -14.5427331924, -23.6523303986], [85.6833724976, -22.0931186676, -8.49504566193, -9.40409564972, -18.6428127289, -53.4766540527, -11.4668798447, 154.577163696, 19.0554714203, -22.7961215973, 4.25577259064, -33.6436042786, 10.2275009155], [-81.1725540161, -11.5261583328, 18.0584506989, 44.283782959, 7.26938676834, -17.5211772919, -22.3338985443, 19.0554714203, 99.5711517334, 15.3037090302, -25.7396697998, 0.859271705151, 10.3930711746], [118.073913574, -73.9762954712, -4.26374578476, -12.730047226, 30.3352775574, 40.3874359131, 20.2908782959, -22.7961215973, 15.3037090302, 95.6912765503, 4.23162317276, 4.08029460907, -10.3159503937], [-138.900878906, 116.138717651, -112.742988586, -57.0664672852, -18.4529075623, -37.3892593384, 23.7829933167, 4.25577259064, -25.7396697998, 4.23162317276, 106.31047821, -8.34037303925, 9.75813865662], [-113.165878296, -119.637916565, 120.574012756, 59.441242218, -32.6873779297, 16.0378990173, -14.5427331924, -33.6436042786, 0.859271705151, 4.08029460907, -8.34037303925, 109.118843079, 8.79643154144], [-142.747085571, 51.2397766113, -50.7725372314, 11.333032608, -0.316535264254, -40.5155792236, -23.6523303986, 10.2275009155, 10.3930711746, -10.3159503937, 9.75813865662, 8.79643154144, 77.2574005127]],
        "icov": [[0.000142444230733, 1.33845232995e-05, 0.000196796827368, 7.22381082596e-06, 7.04967533238e-05, -0.000210468628211, 0.000263877038378, -0.000201220347662, 0.00021485023899, -0.000208616344025, 0.000303014094243, -2.77615508821e-05, 0.000288054579869], [1.33845232995e-05, 0.00169138959609, -5.27434240212e-05, 0.000428990431828, -0.000787727767602, 0.00133126438595, -0.00129328784533, 0.00123457435984, -0.000683589081746, 0.00161970371846, -0.00113525183406, 0.00138933083508, -0.000765669276007], [0.000196796827368, -5.27434240212e-05, 0.00304243597202, -0.00118163065054, 0.00138349749614, -0.00132617552299, 0.00128544413019, -0.0010664811125, 0.000758415437303, -0.000607412890531, 0.00227789208293, -0.00210533174686, 0.00218516075984], [7.22381082596e-06, 0.000428990431828, -0.00118163065054, 0.00373752810992, -0.000689841457643, 0.000342452723999, -7.97112297732e-05, 0.000615416094661, -0.00147816236131, 0.00113140663598, -3.17327940138e-05, -0.000271491910098, -0.00114025746007], [7.04967533238e-05, -0.000787727767602, 0.00138349749614, -0.000689841457643, 0.00480185914785, -0.000961116398685, 5.80174382776e-05, -0.000409602507716, 0.000551139353774, -0.00208580889739, 0.00269143050537, -0.000250287383096, 0.000586639682297], [-0.000210468628211, 0.00133126438595, -0.00132617552299, 0.000342452723999, -0.000961116398685, 0.00715950224549, -0.00496627949178, 0.00258931866847, -3.9148646465e-05, 9.48406741372e-05, 0.000550380267669, 0.0013969365973, -0.00051677232841], [0.000263877038378, -0.00129328784533, 0.00128544413019, -7.97112297732e-05, 5.80174382776e-05, -0.00496627949178, 0.0101252133027, -0.00209927558899, 0.00143718125764, -0.0016852573026, -0.000784478208516, -0.0013061404461, 0.00280476268381], [-0.000201220347662, 0.00123457435984, -0.0010664811125, 0.000615416094661, -0.000409602507716, 0.00258931866847, -0.00209927558899, 0.00923955161124, -0.00259561371058, 0.00302900979295, -0.00172794226091, 0.00398799823597, -0.00197356799617], [0.00021485023899, -0.000683589081746, 0.000758415437303, -0.00147816236131, 0.000551139353774, -3.9148646465e-05, 0.00143718125764, -0.00259561371058, 0.0132732335478, -0.0043818843551, 0.00429364852607, -0.000568162533455, -0.000517369131558], [-0.000208616344025, 0.00161970371846, -0.000607412890531, 0.00113140663598, -0.00208580889739, 9.48406741372e-05, -0.0016852573026, 0.00302900979295, -0.0043818843551, 0.0146121419966, -0.00372559111565, 0.000887476664502, 9.52155915002e-06], [0.000303014094243, -0.00113525183406, 0.00227789208293, -3.17327940138e-05, 0.00269143050537, 0.000550380267669, -0.000784478208516, -0.00172794226091, 0.00429364852607, -0.00372559111565, 0.0153403505683, -0.00209056469612, 0.000328074122081], [-2.77615508821e-05, 0.00138933083508, -0.00210533174686, -0.000271491910098, -0.000250287383096, 0.0013969365973, -0.0013061404461, 0.00398799823597, -0.000568162533455, 0.000887476664502, -0.00209056469612, 0.0140139339492, -0.00364939286374], [0.000288054579869, -0.000765669276007, 0.00218516075984, -0.00114025746007, 0.000586639682297, -0.00051677232841, 0.00280476268381, -0.00197356799617, -0.000517369131558, 9.52155915002e-06, 0.000328074122081, -0.00364939286374, 0.0168834067881]]
    },
    "melbands": {
        "dmean": [1.65948185895e-05, 0.000110260290967, 0.000236194639001, 0.000191314305994, 0.000182991017937, 9.13036928978e-05, 0.00013853245764, 8.13236329122e-05, 7.44767385186e-05, 6.17089535808e-05, 4.68830330647e-05, 6.185946404e-05, 4.84449847136e-05, 4.5517583203e-05, 4.75405249745e-05, 4.99142588524e-05, 3.40022343153e-05, 5.03242263221e-05, 2.76921091427e-05, 1.49829229485e-05, 1.59789760801e-05, 5.89665069128e-06, 5.18070282851e-06, 6.61173726257e-06, 5.89035880694e-06, 4.4725297812e-06, 3.34907736033e-06, 3.35450022249e-06, 1.4661231944e-06, 1.30692433231e-06, 1.11114343326e-06, 1.57816282353e-06, 1.45791125306e-06, 1.49076527123e-06, 1.31127535496e-06, 9.42629640122e-07, 9.69316374722e-07, 9.08986862669e-07, 7.19676165772e-07, 6.29584747003e-07],
        "dmean2": [2.61628210865e-05, 0.000180488917977, 0.000397773284931, 0.000315924437018, 0.000288264389383, 0.000146259058965, 0.000206555632758, 0.000121851691802, 0.000112244815682, 8.94339973456e-05, 6.67584245093e-05, 8.39642307255e-05, 7.0045767643e-05, 6.65506740916e-05, 6.78278811392e-05, 7.10017047822e-05, 5.20515095559e-05, 7.28707746021e-05, 3.84912382287e-05, 2.20346828428e-05, 2.39724413404e-05, 9.07934554562e-06, 8.25569895824e-06, 1.02146113932e-05, 8.9650739028e-06, 6.22540210315e-06, 4.80226117361e-06, 4.99400493936e-06, 2.28384601542e-06, 2.05863602787e-06, 1.7644580339e-06, 2.36488835981e-06, 2.23015172196e-06, 2.22211428991e-06, 1.89719628452e-06, 1.28365365981e-06, 1.43549323184e-06, 1.39375083563e-06, 1.06241861886e-06, 8.9476230869e-07],
        "dvar": [4.91184559692e-09, 1.55577865257e-07, 4.85303928599e-07, 2.26757308042e-07, 1.19802635368e-07, 5.47288223629e-08, 2.18206196223e-07, 3.9955825315e-08, 4.48818759935e-08, 7.04231126747e-08, 3.01492342203e-08, 4.51854340611e-08, 7.56038502914e-08, 2.53879282042e-08, 2.1743064238e-08, 2.52961314118e-08, 9.25924048545e-09, 4.60561402349e-08, 9.75511849077e-09, 1.96639327044e-09, 2.59609933551e-09, 1.36832725706e-10, 1.21079896109e-10, 2.95241275872e-10, 2.80172135492e-10, 2.61045185468e-10, 8.20464529649e-11, 9.38892158464e-11, 8.12565292829e-12, 1.32860259253e-11, 1.21197097497e-11, 3.33867759827e-11, 2.87257388015e-11, 3.09886075134e-11, 1.71107069485e-11, 7.00774421131e-12, 1.17400074037e-11, 8.34221754176e-12, 4.73254031449e-12, 4.62680197974e-12],
        "dvar2": [9.28820220736e-09, 3.9357581727e-07, 1.16685998819e-06, 6.24473386779e-07, 2.9915503319e-07, 1.23555338405e-07, 4.005916594e-07, 8.14817582295e-08, 8.69895728783e-08, 1.60994773069e-07, 6.70347972687e-08, 7.85221274668e-08, 1.73057443931e-07, 4.99340728766e-08, 3.55904319349e-08, 4.19994776735e-08, 2.09872723644e-08, 1.12583208534e-07, 1.812123962e-08, 3.91768661956e-09, 5.60358337509e-09, 2.94503560427e-10, 2.53874060663e-10, 6.99958702111e-10, 6.83053169581e-10, 4.78211248378e-10, 1.19711851543e-10, 1.61359398065e-10, 1.94982016644e-11, 3.50873913257e-11, 2.81500760202e-11, 7.77111916483e-11, 6.89490825545e-11, 7.16738196571e-11, 3.66525108875e-11, 1.09718545013e-11, 2.43213244683e-11, 1.76527993612e-11, 8.55630930691e-12, 9.947639934e-12],
        "max": [0.00224423594773, 0.0110115772113, 0.0128365019336, 0.00684595061466, 0.00344109395519, 0.00515928259119, 0.0143084544688, 0.00431465730071, 0.00431716442108, 0.00548856519163, 0.00425722496584, 0.00387406093068, 0.00749450363219, 0.00402031512931, 0.00294732744806, 0.00334966136143, 0.0022890092805, 0.00464362138882, 0.00237941788509, 0.00107271608431, 0.00118029501755, 0.00018026282487, 0.000239184533712, 0.000382722064387, 0.000270309363259, 0.000445917219622, 0.000284632318653, 0.000268842035439, 5.30058787263e-05, 5.94475932303e-05, 6.99114680174e-05, 0.000141195341712, 9.87152889138e-05, 0.000130365006044, 6.90163797117e-05, 6.31166476524e-05, 8.47105038702e-05, 5.3872630815e-05, 4.88263140141e-05, 5.58735773666e-05],
        "mean": [2.39690143644e-05, 0.000183050447959, 0.00035048474092, 0.000308513001073, 0.000327607849613, 0.00017483040574, 0.000257268722635, 0.00015102760517, 0.000149840838276, 0.000110046159534, 8.41654255055e-05, 0.000112070883915, 8.01462665549e-05, 9.23674670048e-05, 8.55723701534e-05, 9.73289788817e-05, 5.42680754734e-05, 0.000108679632831, 5.13163831783e-05, 2.34577273659e-05, 2.62094799837e-05, 9.35592925089e-06, 8.56420501805e-06, 1.16311375677e-05, 9.08543461264e-06, 9.44325256569e-06, 6.62669071971e-06, 5.99703707849e-06, 2.55523468695e-06, 2.06950244319e-06, 1.63360800798e-06, 2.19783782995e-06, 2.04847378882e-06, 2.02391447601e-06, 1.92086145034e-06, 1.4023823951e-06, 1.40917950375e-06, 1.32364584715e-06, 1.20239064927e-06, 9.94322022052e-07],
        "median": [5.16783256899e-06, 5.52830242668e-05, 0.000113654816232, 0.000160573123139, 0.000144444144098, 6.29483547527e-05, 4.79448353872e-05, 3.26476947521e-05, 3.02693097183e-05, 1.05182507468e-05, 1.66557674675e-05, 1.57725044119e-05, 1.05753742901e-05, 1.45017183968e-05, 9.81067842076e-06, 1.10567852971e-05, 9.07896719582e-06, 8.34737329569e-06, 5.52006213184e-06, 5.16855243404e-06, 4.963083029e-06, 3.63524168279e-06, 3.33769071403e-06, 3.30351440425e-06, 2.70568034466e-06, 1.76527225904e-06, 1.91553749573e-06, 1.9500766939e-06, 1.10861935809e-06, 6.37125594949e-07, 3.06319975607e-07, 3.29176515379e-07, 2.6787043339e-07, 2.82220184999e-07, 2.90921263968e-07, 2.64043563902e-07, 2.18176936073e-07, 2.28829108551e-07, 2.03506075991e-07, 1.46492951103e-07],
        "min": [1.78406478851e-23, 5.75360316059e-24, 4.58766555938e-24, 8.67530058994e-24, 1.14689023911e-23, 2.11899777393e-23, 2.51182100133e-23, 7.26024032043e-24, 6.39007152171e-24, 6.81807826103e-24, 1.0942523908e-23, 9.63539795414e-24, 9.98524751041e-24, 7.77756110258e-24, 7.9195584321e-24, 1.31117730682e-23, 5.27778001193e-24, 1.27844888782e-23, 1.86582706589e-23, 8.09096134073e-24, 4.63444777208e-24, 1.19986800758e-23, 1.28429908029e-23, 1.31557410196e-23, 9.84078656828e-24, 1.22885501708e-23, 2.01098851651e-23, 1.00744613679e-23, 7.2760869583e-24, 8.96921990804e-24, 7.24594931628e-24, 5.0418928519e-24, 7.88875578034e-24, 1.02843606887e-23, 1.34202800022e-23, 1.30146343141e-23, 1.04728369139e-23, 1.00458399165e-23, 1.35721073274e-23, 1.29493032205e-23],
        "var": [8.80834516437e-09, 2.53370728842e-07, 8.76737544786e-07, 3.08263679472e-07, 2.11641463466e-07, 1.27589956378e-07, 7.09462256054e-07, 1.18728578968e-07, 1.29792510961e-07, 1.57199693263e-07, 5.19622496142e-08, 1.21109579254e-07, 1.52745982973e-07, 1.11780146028e-07, 6.90342005782e-08, 8.50632915217e-08, 2.50203360252e-08, 1.57746555374e-07, 3.49215234507e-08, 4.40907443888e-09, 7.95867283188e-09, 2.50148374237e-10, 3.11872805359e-10, 6.4266830746e-10, 3.9188183254e-10, 8.91566209749e-10, 2.63299243519e-10, 2.03264960419e-10, 1.7327321869e-11, 1.92809986727e-11, 2.22003873618e-11, 5.38278276119e-11, 4.44671695299e-11, 4.81651107886e-11, 3.4884303779e-11, 1.79751127177e-11, 2.33794199278e-11, 1.61463654946e-11, 1.33631491289e-11, 1.24219272021e-11]
    },
    "mfcc": {
        "mean": [-687.226135254, 105.185493469, -9.36953258514, 8.22634792328, 0.789316833019, -6.24648189545, -4.80867052078, -9.89912986755, -14.4805774689, -5.05564880371, -9.65609169006, -6.47235870361, -5.64451932907],
        "cov": [[6846.45996094, -162.080780029, -473.692565918, -244.934402466, 90.9471359253, 22.5450725555, 98.3471755981, -60.7139015198, 60.6019248962, 249.097061157, 30.7969932556, -81.4983825684, 85.9672164917], [-162.080780029, 1190.73461914, -525.230041504, -55.5151367188, -34.2524986267, -151.07081604, 103.339424133, -57.4540519714, -75.6927108765, 59.4677658081, -27.5856895447, 15.6329059601, -33.1468162537], [-473.692565918, -525.230041504, 869.607849121, 96.9183578491, -22.1871852875, 95.0773391724, -109.281227112, 76.3662109375, 57.1550521851, -145.437942505, 26.1518306732, 37.8596611023, -27.4032688141], [-244.934402466, -55.5151367188, 96.9183578491, 309.735565186, 83.2073287964, -31.7610683441, -75.7466964722, 13.7965259552, 31.4389247894, -44.7059020996, -19.9268436432, 6.95023918152, -1.61667215824], [90.9471359253, -34.2524986267, -22.1871852875, 83.2073287964, 187.59828186, 6.11062574387, -35.6806640625, -2.76244258881, 46.7900009155, 13.296869278, -11.7501077652, -18.4848442078, -4.32940006256], [22.5450725555, -151.07081604, 95.0773391724, -31.7610683441, 6.11062574387, 399.012512207, 55.125289917, 26.3176059723, 47.2474899292, -29.8756198883, 42.9067459106, 30.1051902771, -16.5994052887], [98.3471755981, 103.339424133, -109.281227112, -75.7466964722, -35.6806640625, 55.125289917, 202.95602417, 23.3203678131, -24.7135944366, 40.8285827637, 30.0966396332, 7.25462579727, 2.72707653046], [-60.7139015198, -57.4540519714, 76.3662109375, 13.7965259552, -2.76244258881, 26.3176059723, 23.3203678131, 107.753387451, 24.5766048431, -18.1945018768, 10.5948457718, 6.63190603256, -7.66281986237], [60.6019248962, -75.6927108765, 57.1550521851, 31.4389247894, 46.7900009155, 47.2474899292, -24.7135944366, 24.5766048431, 125.382888794, 21.616645813, 5.61968612671, -1.19261884689, -6.19813871384], [249.097061157, 59.4677658081, -145.437942505, -44.7059020996, 13.296869278, -29.8756198883, 40.8285827637, -18.1945018768, 21.616645813, 136.149932861, 14.9147825241, -25.6342372894, 4.36802434921], [30.7969932556, -27.5856895447, 26.1518306732, -19.9268436432, -11.7501077652, 42.9067459106, 30.0966396332, 10.5948457718, 5.61968612671, 14.9147825241, 81.4442825317, 20.9838542938, -8.86451530457], [-81.4983825684, 15.6329059601, 37.8596611023, 6.95023918152, -18.4848442078, 30.1051902771, 7.25462579727, 6.63190603256, -1.19261884689, -25.6342372894, 20.9838542938, 90.0720443726, 10.7952356339], [85.9672164917, -33.1468162537, -27.4032688141, -1.61667215824, -4.32940006256, -16.5994052887, 2.72707653046, -7.66281986237, -6.19813871384, 4.36802434921, -8.86451530457, 10.7952356339, 84.4107208252]],
