{
"lowlevel": {
    "average_loudness": 0.826519370079,
    "barkbands_crest": {
        "dmean": 2.26169347763,
        "dmean2": 3.52335357666,
        "dvar": 5.24396657944,
        "dvar2": 11.8509988785,
        "max": 26.1803398132,
        "mean": 13.0586872101,
        "median": 11.9247465134,
        "min": 2.97938799858,
        "var": 25.9894561768
    },
    "barkbands_flatness_db": {
        "dmean": 0.0249916147441,
        "dmean2": 0.0359834991395,
        "dvar": 0.000733976135962,
        "dvar2": 0.00144933047704,
        "max": 0.442955851555,
        "mean": 0.242408201098,
        "median": 0.24211075902,
        "min": 0.0178158748895,
        "var": 0.00469471374527
    },
    "barkbands_kurtosis": {
        "dmean": 7.77307415009,
        "dmean2": 11.3523168564,
        "dvar": 715.583374023,
        "dvar2": 1346.27526855,
        "max": 800.197509766,
        "mean": 17.7743148804,
        "median": 3.37507820129,
        "min": -1.64384841919,
        "var": 4463.10498047
    },
    "barkbands_skewness": {
        "dmean": 0.687752008438,
        "dmean2": 1.00573182106,
        "dvar": 0.991134107113,
        "dvar2": 1.99036467075,
        "max": 24.5363273621,
        "mean": 2.14300966263,
        "median": 1.52621281147,
        "min": -1.67957615852,
        "var": 7.48392772675
    },
    "barkbands_spread": {
        "dmean": 2.64847993851,
        "dmean2": 4.04281806946,
        "dvar": 25.0602436066,
        "dvar2": 57.3315696716,
        "max": 80.0936965942,
        "mean": 9.79728889465,
        "median": 8.66165542603,
        "min": 0.258944749832,
        "var": 49.0846290588
    },
    "dissonance": {
        "dmean": 0.038485199213,
        "dmean2": 0.0656406059861,
        "dvar": 0.000997774302959,
        "dvar2": 0.00284923263825,
        "max": 0.499940097332,
        "mean": 0.411402732134,
        "median": 0.417103201151,
        "min": 0.240924999118,
        "var": 0.00217735324986
    },
    "dynamic_complexity": 5.45130109787,
    "erbbands_crest": {
        "dmean": 2.24303245544,
        "dmean2": 3.63097500801,
        "dvar": 4.83657550812,
        "dvar2": 12.2371826172,
        "max": 28.9924945831,
        "mean": 11.1951999664,
        "median": 10.5359983444,
        "min": 3.13047218323,
        "var": 16.4115619659
    },
    "erbbands_flatness_db": {
        "dmean": 0.0237672701478,
        "dmean2": 0.0332849174738,
        "dvar": 0.000768271565903,
        "dvar2": 0.00141590065323,
        "max": 0.373505115509,
        "mean": 0.213087439537,
        "median": 0.212568804622,
        "min": 0.0495417006314,
        "var": 0.00467592570931
    },
    "erbbands_kurtosis": {
        "dmean": 1.35000908375,
        "dmean2": 2.11144828796,
        "dvar": 2.43543434143,
        "dvar2": 5.97983074188,
        "max": 22.5668106079,
        "mean": 2.13521432877,
        "median": 1.38205766678,
        "min": -1.65681648254,
        "var": 7.97665023804
    },
    "erbbands_skewness": {
        "dmean": 0.379943132401,
        "dmean2": 0.565654098988,
        "dvar": 0.136186301708,
        "dvar2": 0.31363505125,
        "max": 4.02140045166,
        "mean": 0.622086703777,
        "median": 0.473381578922,
        "min": -1.96469044685,
        "var": 0.866450846195
    },
    "erbbands_spread": {
        "dmean": 5.75937652588,
        "dmean2": 8.78186798096,
        "dvar": 92.0118713379,
        "dvar2": 186.135513306,
        "max": 142.845184326,
        "mean": 21.6533622742,
        "median": 16.3932743073,
        "min": 4.05119514465,
        "var": 248.334594727
    },
    "hfc": {
        "dmean": 2.77275300026,
        "dmean2": 3.63086771965,
        "dvar": 39.7749938965,
        "dvar2": 63.8327903748,
        "max": 119.76650238,
        "mean": 10.86369133,
        "median": 3.56218194962,
        "min": 1.11595624654e-16,
        "var": 348.518676758
    },
    "melbands_crest": {
        "dmean": 2.50613498688,
        "dmean2": 3.91368913651,
        "dvar": 6.07352018356,
        "dvar2": 13.2563114166,
        "max": 31.1050453186,
        "mean": 16.4094486237,
        "median": 15.7268571854,
        "min": 2.00954723358,
        "var": 29.7584266663
    },
    "melbands_flatness_db": {
        "dmean": 0.0269786957651,
        "dmean2": 0.0383517034352,
        "dvar": 0.00094908446772,
        "dvar2": 0.00184795225505,
        "max": 0.569361269474,
        "mean": 0.341834366322,
        "median": 0.334683120251,
        "min": 0.00805409904569,
        "var": 0.00625437591225
    },
    "melbands_kurtosis": {
        "dmean": 9.61562347412,
        "dmean2": 14.6535997391,
        "dvar": 553.96484375,
        "dvar2": 1150.53198242,
        "max": 641.053588867,
        "mean": 22.1039009094,
        "median": 5.49075603485,
        "min": -1.57140004635,
        "var": 3001.82421875
    },
    "melbands_skewness": {
        "dmean": 0.703037261963,
        "dmean2": 1.03488540649,
        "dvar": 0.732494175434,
        "dvar2": 1.4533996582,
        "max": 16.4394359589,
        "mean": 2.46820473671,
        "median": 1.90157997608,
        "min": -0.82984650135,
        "var": 4.62689971924
    },
    "melbands_spread": {
        "dmean": 2.57271051407,
        "dmean2": 3.73849868774,
        "dvar": 25.1390895844,
        "dvar2": 32.9466934204,
        "max": 140.716537476,
        "mean": 11.0372600555,
        "median": 9.28231334686,
        "min": 0.327413111925,
        "var": 78.9880828857
    },
    "pitch_salience": {
        "dmean": 0.0661259740591,
        "dmean2": 0.101377785206,
        "dvar": 0.004392627161,
        "dvar2": 0.010276128538,
        "max": 0.793573617935,
        "mean": 0.489771783352,
        "median": 0.492571413517,
        "min": 0.115829057992,
        "var": 0.0201585497707
    },
    "silence_rate_20dB": {
        "dmean": 0,
        "dmean2": 0,
        "dvar": 0,
        "dvar2": 0,
        "max": 1,
        "mean": 1,
        "median": 1,
        "min": 1,
        "var": 0
    },
    "silence_rate_30dB": {
        "dmean": 0.00464396271855,
        "dmean2": 0.00929511990398,
        "dvar": 0.00462234672159,
        "dvar2": 0.0123072685674,
        "max": 1,
        "mean": 0.996133029461,
        "median": 1,
        "min": 0,
        "var": 0.00385194621049
    },
    "silence_rate_60dB": {
        "dmean": 0.0278637763113,
        "dmean2": 0.0557707212865,
        "dvar": 0.0270876139402,
        "dvar2": 0.0588572919369,
        "max": 1,
        "mean": 0.0928074270487,
        "median": 0,
        "min": 0,
        "var": 0.0841945186257
    },
    "spectral_centroid": {
        "dmean": 85.6441879272,
        "dmean2": 119.984832764,
        "dvar": 95565.6171875,
        "dvar2": 105813.585938,
        "max": 10964.0292969,
        "mean": 582.883911133,
        "median": 519.866394043,
        "min": 134.403137207,
        "var": 156667.53125
    },
    "spectral_complexity": {
        "dmean": 1.26315784454,
        "dmean2": 2.07745933533,
        "dvar": 1.63353228569,
        "dvar2": 3.59276580811,
        "max": 20,
        "mean": 8.54756355286,
        "median": 9,
        "min": 0,
        "var": 10.7442626953
    },
    "spectral_decrease": {
        "dmean": 1.50578394198e-09,
        "dmean2": 2.09040051935e-09,
        "dvar": 6.77910411626e-18,
        "dvar2": 1.51930612301e-17,
        "max": -1.35222358068e-28,
        "mean": -5.59564483638e-09,
        "median": -3.83480269761e-09,
        "min": -4.62539198054e-08,
        "var": 2.97614687487e-17
    },
    "spectral_energy": {
        "dmean": 0.00589297618717,
        "dmean2": 0.00816164724529,
        "dvar": 0.000102995487396,
        "dvar2": 0.000227448923397,
        "max": 0.176776200533,
        "mean": 0.0221045855433,
        "median": 0.0148198222741,
        "min": 1.06324228818e-20,
        "var": 0.000482632603962
    },
    "spectral_energyband_high": {
        "dmean": 4.33531386079e-05,
        "dmean2": 6.48066270514e-05,
        "dvar": 1.96555554055e-08,
        "dvar2": 4.96605743194e-08,
        "max": 0.00192133907694,
        "mean": 5.77543323743e-05,
        "median": 9.59612862061e-06,
        "min": 6.99846173891e-21,
        "var": 2.15648796598e-08
    },
    "spectral_energyband_low": {
        "dmean": 0.00386848207563,
        "dmean2": 0.00546184554696,
        "dvar": 7.07504805177e-05,
        "dvar2": 0.000169975988683,
        "max": 0.161957994103,
        "mean": 0.010269343853,
        "median": 0.00569956982508,
        "min": 8.44214391416e-23,
        "var": 0.000157402260811
    },
    "spectral_energyband_middle_high": {
        "dmean": 0.00151590094902,
        "dmean2": 0.00197166670114,
        "dvar": 1.7461270545e-05,
        "dvar2": 2.88189039566e-05,
        "max": 0.0734106525779,
        "mean": 0.00537790171802,
        "median": 0.000609701732174,
        "min": 1.84872685863e-21,
        "var": 0.000129434105475
    },
    "spectral_energyband_middle_low": {
        "dmean": 0.00191297288984,
        "dmean2": 0.00278379721567,
        "dvar": 7.82655752118e-06,
        "dvar2": 1.58993261721e-05,
        "max": 0.0431724451482,
        "mean": 0.00666766008362,
        "median": 0.00389727484435,
        "min": 4.648573289e-22,
        "var": 5.53051140741e-05
    },
    "spectral_entropy": {
        "dmean": 0.219377472997,
        "dmean2": 0.309321939945,
        "dvar": 0.0643545687199,
        "dvar2": 0.119889296591,
        "max": 9.79797744751,
        "mean": 6.54941701889,
        "median": 6.48438501358,
        "min": 5.32044315338,
        "var": 0.313351988792
    },
    "spectral_flux": {
        "dmean": 0.0183458495885,
        "dmean2": 0.0295661147684,
        "dvar": 0.000713477027602,
        "dvar2": 0.00171461037826,
        "max": 0.37458217144,
        "mean": 0.0457029491663,
        "median": 0.0354902967811,
        "min": 1.03113642624e-10,
        "var": 0.00117410859093
    },
    "spectral_kurtosis": {
        "dmean": 5.825050354,
        "dmean2": 9.27372074127,
        "dvar": 57.1973457336,
        "dvar2": 144.24546814,
        "max": 92.0301589966,
        "mean": 16.2033424377,
        "median": 12.9606771469,
        "min": -1.22371220589,
        "var": 170.106735229
    },
    "spectral_rms": {
        "dmean": 0.000607250723988,
        "dmean2": 0.00083167408593,
        "dvar": 6.74376906318e-07,
        "dvar2": 1.31786214297e-06,
        "max": 0.0131325768307,
        "mean": 0.00412190891802,
        "median": 0.00380241544917,
        "min": 3.22072902202e-12,
        "var": 4.57536543763e-06
    },
    "spectral_rolloff": {
        "dmean": 152.86529541,
        "dmean2": 234.245925903,
        "dvar": 492871.34375,
        "dvar2": 594939.625,
        "max": 19272.2167969,
        "mean": 651.840270996,
        "median": 495.263671875,
        "min": 64.599609375,
        "var": 629831.875
    },
    "spectral_skewness": {
        "dmean": 0.485277831554,
        "dmean2": 0.752291023731,
        "dvar": 0.284571409225,
        "dvar2": 0.696106612682,
        "max": 7.21492290497,
        "mean": 3.09380054474,
        "median": 3.00437712669,
        "min": -0.00112884072587,
        "var": 1.07999873161
    },
    "spectral_spread": {
        "dmean": 835335.9375,
        "dmean2": 1183176.75,
        "dvar": 2.21229691699e+12,
        "dvar2": 3.24219987558e+12,
        "max": 40422860,
        "mean": 3907720.25,
        "median": 3127285,
        "min": 914489,
        "var": 6.7946634281e+12
    },
    "spectral_strongpeak": {
        "dmean": 0.346408545971,
        "dmean2": 0.583122253418,
        "dvar": 0.798669397831,
        "dvar2": 1.73658001423,
        "max": 10.0172405243,
        "mean": 0.85709887743,
        "median": 0.31402784586,
        "min": 0,
        "var": 2.28986263275
    },
    "zerocrossingrate": {
        "dmean": 0.00708083389327,
        "dmean2": 0.00861962046474,
        "dvar": 0.000350179470843,
        "dvar2": 0.00036339025246,
        "max": 0.486328125,
        "mean": 0.0279475878924,
        "median": 0.0224609375,
        "min": 0.0029296875,
        "var": 0.000695715600159
    },
    "barkbands": {
        "dmean": [0.000161583040608, 0.00316798547283, 0.00100845168345, 0.000316554738674, 0.000443491037004, 0.000520426197909, 0.00073772657197, 0.000399263197323, 0.000121275152196, 0.00030205809162, 0.000570366508327, 0.000357433076715, 0.000267840601737, 0.000131473207148, 0.000103537247924, 7.08157167537e-05, 6.64940962452e-05, 2.28452136071e-05, 7.41578423913e-06, 5.16317413712e-06, 4.68656617159e-06, 5.02590046381e-06, 5.32782951268e-06, 6.3512293309e-06, 7.17425655239e-06, 1.15441216622e-05, 2.84875363832e-06],
        "dmean2": [0.000281807500869, 0.00448955502361, 0.00157793797553, 0.000538092805073, 0.000747519603465, 0.000784887990449, 0.00107104389463, 0.000569910567719, 0.000171422187123, 0.000423848396167, 0.000796215841547, 0.000496283231769, 0.000355574680725, 0.00019724133017, 0.00013547213166, 0.00010431442206, 8.71966112754e-05, 3.34279538947e-05, 1.0890028534e-05, 8.33012563817e-06, 7.39651750337e-06, 8.24120706966e-06, 8.94171444088e-06, 9.61078694672e-06, 1.07562400444e-05, 1.70448729477e-05, 4.62656453237e-06],
        "dvar": [1.17286454326e-07, 3.64497718692e-05, 9.91600154521e-06, 7.30927069981e-07, 8.35274249766e-07, 8.7837281626e-07, 2.55454551734e-06, 1.98628640646e-06, 6.96025281854e-08, 7.3301350767e-07, 4.98736972077e-06, 2.39778159994e-06, 8.09127413959e-07, 5.12433018685e-07, 2.04017624128e-07, 1.49991322473e-07, 1.22129975466e-07, 1.13846256866e-08, 6.37155661565e-10, 5.98327498658e-10, 3.42034456313e-10, 4.91777951694e-10, 6.73891109582e-10, 3.17690290741e-10, 4.60943200276e-10, 1.31653987712e-09, 1.43199507807e-10],
        "dvar2": [3.24305034383e-07, 7.76883025537e-05, 2.47493389907e-05, 2.02781575354e-06, 2.32026900449e-06, 1.56254247941e-06, 4.92881463288e-06, 3.26729241351e-06, 1.29723801479e-07, 1.32516061058e-06, 8.790890206e-06, 3.91454568671e-06, 1.20577124108e-06, 1.002721433e-06, 2.75438480912e-07, 2.49344225267e-07, 2.2436474012e-07, 2.26831282646e-08, 1.30674393528e-09, 1.59990654058e-09, 9.23038590006e-10, 1.37183453486e-09, 1.924406412e-09, 6.98775148855e-10, 1.01673169883e-09, 2.86029488983e-09, 3.57820523211e-10],
        "max": [0.0032620774582, 0.0881506353617, 0.061284057796, 0.0175703559071, 0.0138230035082, 0.0187450796366, 0.0261494554579, 0.0420722067356, 0.00354871526361, 0.0155254472047, 0.0452636256814, 0.0467537231743, 0.0159340966493, 0.0154507448897, 0.0128203444183, 0.00815106276423, 0.00941160973161, 0.00286773685366, 0.0004308471689, 0.000477115419926, 0.000281438435195, 0.000386233587051, 0.000506763579324, 0.000233249025769, 0.000318879290717, 0.000465304212412, 0.000189209138625],
        "mean": [0.000188744728803, 0.00813312735409, 0.00172665482387, 0.000497304776218, 0.000843465386424, 0.0012816444505, 0.0019828050863, 0.00162633217406, 0.000284132693196, 0.000817695399746, 0.00141758366954, 0.00139116786886, 0.00080921582412, 0.000315274985041, 0.00032241398003, 0.000153192158905, 0.000182401185157, 5.66917915421e-05, 1.45409821926e-05, 7.2913267104e-06, 6.80577477397e-06, 6.38845995127e-06, 6.23867708782e-06, 9.30631995288e-06, 9.7936426755e-06, 1.21400062199e-05, 2.28150815929e-06],
        "median": [5.75356280024e-05, 0.00372648006305, 0.000518981833011, 0.000249079690548, 0.000596209196374, 0.000499828369357, 0.000384169485187, 0.000168492173543, 9.03188192751e-05, 0.000100262172054, 7.29140665499e-05, 4.17755836679e-05, 2.63176334556e-05, 1.2616341337e-05, 6.63159880787e-06, 3.4634297208e-06, 2.60276055997e-06, 2.47870229941e-06, 1.54192946411e-06, 1.47181901866e-06, 1.13823455195e-06, 1.2101855873e-06, 1.29441082208e-06, 1.76569415089e-06, 1.01700413779e-06, 4.46525774578e-07, 1.51551393657e-08],
        "min": [5.78934416051e-23, 2.64623295993e-23, 2.00191156739e-23, 4.20137473137e-23, 1.09672554862e-22, 4.56225840067e-23, 1.2612751177e-22, 8.68854304019e-23, 3.58954999049e-23, 8.04515629004e-23, 1.42392977976e-22, 4.61034041947e-23, 3.46676158179e-23, 4.22401661707e-23, 1.69892820594e-22, 1.92477933554e-22, 2.2209244089e-22, 4.29793786949e-22, 3.13620021107e-22, 2.60063484323e-22, 5.90144798468e-22, 5.37541937721e-22, 5.40208110876e-22, 1.03760164809e-21, 1.21209131895e-21, 1.20280593385e-21, 1.97239217774e-21],
        "var": [1.14490518399e-07, 0.000119389209431, 1.29735917653e-05, 6.7759532385e-07, 9.05033857634e-07, 4.81148344988e-06, 1.5877883925e-05, 3.15859251714e-05, 2.66082537337e-07, 4.29852252637e-06, 2.1223557269e-05, 3.64390944014e-05, 5.83623113926e-06, 2.19036996896e-06, 1.30526916564e-06, 5.65102993733e-07, 6.47561876121e-07, 4.62148470604e-08, 2.02700012331e-09, 6.0420696224e-10, 3.67878616458e-10, 3.85586312879e-10, 4.39598107915e-10, 5.10032849288e-10, 7.79601105894e-10, 1.7229082605e-09, 1.20297979911e-10]
    },
    "erbbands": {
        "dmean": [0.0861748233438, 0.740880906582, 1.23124825954, 0.959134876728, 1.32576549053, 1.64832937717, 2.69464325905, 4.30214214325, 10.3084497452, 9.82244205475, 7.10039710999, 3.1644847393, 5.23295450211, 17.2149047852, 19.0190753937, 18.250371933, 13.2755565643, 9.18133544922, 6.55803966522, 3.26112055779, 3.81423807144, 2.30002689362, 1.28505551815, 0.739607095718, 0.409461438656, 0.271788388491, 0.197810783982, 0.174327015877, 0.178771600127, 0.176216319203, 0.148847341537, 0.14134606719, 0.106393665075, 0.0767185539007, 0.0545897819102, 0.0334293097258, 0.0240007210523, 0.00835407618433, 0.000261757959379, 1.06452289401e-05],
        "dmean2": [0.123668432236, 1.06287956238, 1.92312991619, 1.56231892109, 2.25907874107, 2.77804541588, 4.41118478775, 6.38354539871, 14.8640966415, 14.0090150833, 10.2224359512, 4.35975599289, 7.25784826279, 23.9953079224, 26.8676776886, 24.7157611847, 17.4557685852, 13.2782125473, 8.64841556549, 4.72564554214, 5.22430229187, 2.9518430233, 1.8216676712, 1.08295094967, 0.615348935127, 0.442538440228, 0.311881244183, 0.284036427736, 0.292369693518, 0.29634052515, 0.24507792294, 0.211443081498, 0.16111433506, 0.114728353918, 0.0812575221062, 0.0505573488772, 0.0354486815631, 0.0129051664844, 0.000418912619352, 1.52259017341e-05],
        "dvar": [0.0227157827467, 2.2477581501, 13.6378946304, 8.46597480774, 10.3114261627, 8.62850666046, 17.8204689026, 74.6711044312, 500.123931885, 724.494384766, 739.497741699, 54.478553772, 223.857437134, 3460.00268555, 7881.17480469, 5702.36425781, 1612.71020508, 1748.59924316, 767.198364258, 212.42250061, 262.740020752, 108.082717896, 36.5691070557, 11.6477518082, 2.32301139832, 2.02325391769, 0.628645479679, 0.525528967381, 0.589953303337, 1.00214099884, 0.389308840036, 0.165124937892, 0.0890768393874, 0.0477612316608, 0.0294824540615, 0.0115745794028, 0.0058398488909, 0.000859150954057, 1.30064222503e-06, 4.70334104996e-10],
        "dvar2": [0.0450352802873, 5.00294828415, 34.322681427, 23.5309295654, 28.4581623077, 23.6726112366, 49.270816803, 134.344543457, 981.13079834, 1120.80517578, 1241.99462891, 96.7104187012, 416.831329346, 6014.28369141, 14333.9550781, 9099.59863281, 2472.27807617, 3455.12353516, 1028.16455078, 372.211395264, 468.276000977, 179.305358887, 71.5148620605, 21.3495616913, 4.88464164734, 5.47905683517, 1.65637683868, 1.44597625732, 1.63615846634, 2.89602637291, 1.08701574802, 0.383102476597, 0.201149821281, 0.108039177954, 0.0626909658313, 0.0260443128645, 0.0131040904671, 0.00193646375556, 3.24399456986e-06, 1.08856723635e-09],
        "max": [2.12100100517, 23.1817321777, 73.4963378906, 65.261756897, 40.1648368835, 39.2380180359, 52.1284942627, 164.035049438, 381.654174805, 637.336303711, 1149.82409668, 116.831230164, 260.482116699, 1095.82104492, 2142.81689453, 2383.30371094, 717.350219727, 904.276184082, 817.158935547, 314.041442871, 377.112304688, 230.905960083, 165.036636353, 65.1931686401, 27.0198116302, 29.0406112671, 14.2783746719, 10.2884025574, 12.909535408, 21.4732513428, 10.3498258591, 5.42485904694, 4.28402662277, 2.79354119301, 3.17602276802, 1.80895578861, 0.939161241055, 0.41801315546, 0.0197063945234, 0.000363765720977],
        "mean": [0.219508171082, 1.8688492775, 2.4614508152, 1.70778238773, 2.08643627167, 3.03369140625, 5.59615802765, 10.9313192368, 28.3763771057, 28.8700962067, 32.941368103, 9.21625518799, 13.6776561737, 47.4217033386, 49.8935775757, 74.727935791, 41.3539237976, 23.2369194031, 20.8191413879, 8.13653278351, 9.68331432343, 5.95589494705, 3.23419523239, 1.65869307518, 0.843135654926, 0.408500641584, 0.29364168644, 0.24715667963, 0.236188307405, 0.202455401421, 0.177105501294, 0.199841722846, 0.144881606102, 0.108015224338, 0.0710357278585, 0.0394832678139, 0.0238016061485, 0.00754215149209, 0.0002259988687, 2.95792160614e-05],
        "median": [0.0927334949374, 0.87601184845, 1.16972339153, 0.893512904644, 1.33232653141, 2.02216863632, 3.38741540909, 4.22559595108, 5.12427473068, 5.47100353241, 3.82685685158, 2.84349966049, 2.55785322189, 5.56142520905, 4.90971899033, 3.46920800209, 2.83859801292, 1.44380879402, 0.669129908085, 0.319022804499, 0.207437425852, 0.138435065746, 0.13109049201, 0.101519450545, 0.0866278335452, 0.0655642673373, 0.048057872802, 0.0505743026733, 0.0414170883596, 0.045957390219, 0.0337840020657, 0.0449525825679, 0.0206977054477, 0.0136841060594, 0.00582514889538, 0.00242664851248, 0.00071168114664, 9.89477484836e-05, 1.59850133059e-05, 1.84939235623e-05],
        "min": [7.8493512946e-22, 6.72224884559e-21, 1.80945031982e-20, 8.80089152483e-20, 3.0021395884e-19, 3.42950762175e-19, 4.95832221692e-19, 2.88056161594e-19, 1.03574551861e-18, 2.27896985514e-18, 1.79185601371e-18, 7.46523678589e-19, 1.84153151821e-18, 4.71086183089e-18, 4.40785647353e-18, 2.00721724247e-18, 1.7365099793e-18, 1.80085139607e-18, 8.51103751203e-18, 6.82052270389e-18, 1.12354668745e-17, 1.46242124315e-17, 2.09934717153e-17, 1.74759622611e-17, 1.85528207241e-17, 1.12942918238e-17, 1.93702902362e-17, 1.97931218043e-17, 1.74141023861e-17, 2.60186071715e-17, 1.36251751205e-17, 1.74364197191e-17, 1.88226999794e-17, 1.4414942354e-17, 8.76669174241e-18, 4.13739571018e-18, 2.29189124349e-18, 1.04339973101e-18, 2.5283018407e-19, 3.16443436328e-20],
        "var": [0.103159233928, 6.2246556282, 17.6245632172, 7.43693113327, 8.66426086426, 11.9746952057, 49.5214920044, 382.35244751, 3295.02783203, 5060.88427734, 18682.2070312, 349.432006836, 991.908813477, 17526.4960938, 32792.4375, 91858.6171875, 11548.2880859, 7288.22265625, 5005.91162109, 805.99597168, 1187.2668457, 556.984802246, 147.496490479, 40.9411468506, 7.92588567734, 2.17726278305, 0.754992544651, 0.459490209818, 0.5085709095, 0.61610943079, 0.283741950989, 0.229124113917, 0.140326023102, 0.0791185498238, 0.0519731417298, 0.0173436831683, 0.00702346256003, 0.000899654871318, 1.09719189822e-06, 1.02890673759e-09]
    },
    "gfcc": {
        "mean": [-105.56111145, 143.95640564, -78.7264938354, 2.57009410858, -51.2560844421, 24.1526412964, -26.8177318573, 5.50444793701, -17.404258728, 7.02746248245, -1.88487017155, 3.64222455025, -9.15646362305],
        "cov": [[8899.19628906, -628.778930664, -1128.9609375, -274.593078613, 320.379821777, 442.226531982, -110.480804443, 128.482833862, 111.936965942, 182.707138062, -61.678478241, 103.367462158, -168.949249268], [-628.778930664, 1782.66601562, -613.053039551, -304.763824463, 372.603118896, -119.833183289, 219.476318359, -191.975067139, 230.711013794, -152.313491821, 268.691162109, -138.408721924, 160.795852661], [-1128.9609375, -613.053039551, 2010.47216797, 458.88659668, -403.780151367, 93.7141342163, 22.2168369293, 122.281730652, -312.385528564, 114.694488525, -163.387985229, 118.505912781, -17.1631946564], [-274.593078613, -304.763824463, 458.88659668, 557.385559082, -31.7386283875, -71.9882278442, 50.9263420105, 127.88420105, -11.4015932083, -22.0437889099, -41.5012550354, -54.3526992798, -70.383102417], [320.379821777, 372.603118896, -403.780151367, -31.7386283875, 418.595916748, 8.22332859039, 105.681854248, -23.4393177032, 167.198532104, -39.6259689331, 83.4702682495, -40.5463256836, 0.714398443699], [442.226531982, -119.833183289, 93.7141342163, -71.9882278442, 8.22332859039, 234.284179688, 9.17531299591, 21.5262451172, -11.2067708969, 45.7178916931, 6.68784379959, 33.6752853394, 20.3592395782], [-110.480804443, 219.476318359, 22.2168369293, 50.9263420105, 105.681854248, 9.17531299591, 175.230117798, 12.8853912354, 50.4604492188, -28.1510162354, 37.1290664673, -36.8158874512, -7.77377080917], [128.482833862, -191.975067139, 122.281730652, 127.88420105, -23.4393177032, 21.5262451172, 12.8853912354, 114.189750671, 17.8561725616, 10.4339876175, -14.9362363815, 10.9428730011, -19.4546051025], [111.936965942, 230.711013794, -312.385528564, -11.4015932083, 167.198532104, -11.2067708969, 50.4604492188, 17.8561725616, 162.285064697, -21.1531200409, 71.5415344238, -44.3574447632, 12.8704557419], [182.707138062, -152.313491821, 114.694488525, -22.0437889099, -39.6259689331, 45.7178916931, -28.1510162354, 10.4339876175, -21.1531200409, 82.1781539917, -9.98830890656, 45.8933372498, 3.71681690216], [-61.678478241, 268.691162109, -163.387985229, -41.5012550354, 83.4702682495, 6.68784379959, 37.1290664673, -14.9362363815, 71.5415344238, -9.98830890656, 110.821487427, -5.33248186111, 36.9070777893], [103.367462158, -138.408721924, 118.505912781, -54.3526992798, -40.5463256836, 33.6752853394, -36.8158874512, 10.9428730011, -44.3574447632, 45.8933372498, -5.33248186111, 95.7499389648, 33.7671051025], [-168.949249268, 160.795852661, -17.1631946564, -70.383102417, 0.714398443699, 20.3592395782, -7.77377080917, -19.4546051025, 12.8704557419, 3.71681690216, 36.9070777893, 33.7671051025, 97.2552337646]],
        "icov": [[0.000178698654054, -0.000129557141918, 0.000211448190385, -0.000134355053888, -5.63918256375e-05, -0.000421517645009, 0.000118912314065, -0.000234324412304, 9.09199370653e-05, -0.000388342625229, 0.00037721163244, -0.000460951356217, 0.000535706465598], [-0.000129557141918, 0.00264715729281, -0.000707566796336, 0.00170090189204, -0.0010323615279, 0.00187478400767, -0.00154613598716, 0.00132010621019, 4.51911728305e-05, 0.00170924328268, -0.00393686955795, 0.00429080892354, -0.00380712770857], [0.000211448190385, -0.000707566796336, 0.00164417852648, -0.00161316094454, 0.000642508617602, -0.00122740014922, -0.000591712596361, -0.000518090790138, 0.00177248718683, -0.00184316991363, 0.00173835782334, -0.0020999298431, 0.000666468928102], [-0.000134355053888, 0.00170090189204, -0.00161316094454, 0.00543735874817, -0.00172904215287, 0.00302082393318, -0.00053029472474, -0.00394808361307, 0.00118749414105, 0.00124970800243, -0.00342752970755, 0.00662299990654, -0.00205080164596], [-5.63918256375e-05, -0.0010323615279, 0.000642508617602, -0.00172904215287, 0.00618166150525, -0.00181633443572, -0.00165599957108, 0.00361597095616, -0.00630197534338, 0.00147776235826, 0.00207293499261, -0.00570139707997, 0.00336713599972], [-0.000421517645009, 0.00187478400767, -0.00122740014922, 0.00302082393318, -0.00181633443572, 0.00785805378109, -0.00150196568575, -0.00218541128561, 0.00207940884866, -0.0014268970117, -0.00398698635399, 0.00562531966716, -0.00471197860315], [0.000118912314065, -0.00154613598716, -0.000591712596361, -0.00053029472474, -0.00165599957108, -0.00150196568575, 0.00960913673043, -0.00228995480575, -9.64181526797e-05, 0.000747949467041, -0.000239940112806, 0.000434904242866, 0.00283547630534], [-0.000234324412304, 0.00132010621019, -0.000518090790138, -0.00394808361307, 0.00361597095616, -0.00218541128561, -0.00228995480575, 0.0203524827957, -0.0109817013144, 0.00398798938841, 0.00165936071426, -0.00804345495999, 0.00224471092224], [9.09199370653e-05, 4.51911728305e-05, 0.00177248718683, 0.00118749414105, -0.00630197534338, 0.00207940884866, -9.64181526797e-05, -0.0109817013144, 0.0233028847724, -0.0061848317273, -0.00702464301139, 0.0115890698507, -0.00554348621517], [-0.000388342625229, 0.00170924328268, -0.00184316991363, 0.00124970800243, 0.00147776235826, -0.0014268970117, 0.000747949467041, 0.00398798938841, -0.0061848317273, 0.0226709954441, -0.00223343027756, -0.00760236103088, 0.0016630977625], [0.00037721163244, -0.00393686955795, 0.00173835782334, -0.00342752970755, 0.00207293499261, -0.00398698635399, -0.000239940112806, 0.00165936071426, -0.00702464301139, -0.00223343027756, 0.0221781693399, -0.00990793388337, 0.00216140598059], [-0.000460951356217, 0.00429080892354, -0.0020999298431, 0.00662299990654, -0.00570139707997, 0.00562531966716, 0.000434904242866, -0.00804345495999, 0.0115890698507, -0.00760236103088, -0.00990793388337, 0.0341286361217, -0.015515091829], [0.000535706465598, -0.00380712770857, 0.000666468928102, -0.00205080164596, 0.00336713599972, -0.00471197860315, 0.00283547630534, 0.00224471092224, -0.00554348621517, 0.0016630977625, 0.00216140598059, -0.015515091829, 0.0230147819966]]
    },
    "melbands": {
        "dmean": [0.000851256365422, 0.000734915724024, 0.000177896843525, 0.00010337473941, 8.3341714344e-05, 0.000101327284938, 0.000158038048539, 0.000101940851891, 5.15006977366e-05, 1.9012746634e-05, 2.60936340055e-05, 6.64862091071e-05, 6.1661718064e-05, 5.1364844694e-05, 3.27843299601e-05, 2.68544936262e-05, 1.69472714333e-05, 9.85136193776e-06, 4.81923370899e-06, 6.29396072327e-06, 4.41315432909e-06, 2.78332481685e-06, 1.39122187193e-06, 1.25478800328e-06, 5.14876774105e-07, 3.06703384467e-07, 2.19054030026e-07, 1.94196744019e-07, 1.13480588482e-07, 1.25051286659e-07, 1.06957287471e-07, 1.03706632615e-07, 9.75718776886e-08, 1.03102614446e-07, 8.93038176741e-08, 8.72123351314e-08, 8.47276808713e-08, 7.62922383046e-08, 7.21812867255e-08, 6.47804085929e-08],
        "dmean2": [0.00119321374223, 0.00109536398668, 0.000290187861538, 0.000178000162123, 0.000136832532007, 0.000149798986968, 0.000227419659495, 0.000146258622408, 7.44045901229e-05, 2.62911489699e-05, 3.62135651812e-05, 9.29632878979e-05, 8.80552761373e-05, 6.97758732713e-05, 4.60262599518e-05, 3.40653605235e-05, 2.53128946497e-05, 1.28393330669e-05, 6.47236356599e-06, 9.3775897767e-06, 5.89213777857e-06, 3.61284332939e-06, 1.82320104614e-06, 1.87343664493e-06, 7.56071983687e-07, 4.64537890821e-07, 3.42623394545e-07, 3.2000755823e-07, 1.81778275987e-07, 1.9742361701e-07, 1.77385075517e-07, 1.73129663494e-07, 1.56862810741e-07, 1.79018542212e-07, 1.51760090716e-07, 1.33559353799e-07, 1.29734772258e-07, 1.1742483963e-07, 1.0931971417e-07, 9.82353327572e-08],
        "dvar": [2.37257540903e-06, 3.39443295161e-06, 2.51910506677e-07, 5.53212586851e-08, 1.48535805877e-08, 4.20008099411e-08, 1.15069909157e-07, 9.01497614336e-08, 4.00858333194e-08, 2.08056127882e-09, 5.99077765173e-09, 5.21072820447e-08, 7.56323927931e-08, 3.83223550671e-08, 1.11707993966e-08, 9.64943946968e-09, 8.78003536542e-09, 1.90934978939e-09, 3.72129715931e-10, 1.62236113432e-09, 5.60927027049e-10, 1.87921081474e-10, 4.23896855117e-11, 5.36794914074e-11, 7.51883364597e-12, 1.39686298552e-12, 7.11180897159e-13, 1.02114421519e-12, 2.04887444359e-13, 2.05470853548e-13, 2.03355548004e-13, 1.91525262446e-13, 1.88577574237e-13, 4.4410428026e-13, 1.67181549095e-13, 6.14919966617e-14, 6.37337134023e-14, 4.98497761353e-14, 3.78552542774e-14, 3.75719929073e-14],
        "dvar2": [4.7055750656e-06, 8.65737001732e-06, 6.91880927661e-07, 1.53669262204e-07, 4.03585893594e-08, 7.28311917442e-08, 2.22692364105e-07, 1.4019032335e-07, 6.69964634881e-08, 3.5824743172e-09, 1.11930322788e-08, 9.10721595915e-08, 1.40201862564e-07, 6.30591685535e-08, 1.92758680129e-08, 1.34190099033e-08, 1.73788219371e-08, 2.51222642689e-09, 5.67865865442e-10, 2.71945044261e-09, 1.04830433223e-09, 3.279027605e-10, 6.40515904204e-11, 1.11072227804e-10, 1.34586950959e-11, 3.09602083554e-12, 1.71649890482e-12, 2.73367418112e-12, 5.28588674567e-13, 5.41494746178e-13, 5.66850060814e-13, 5.35705486047e-13, 5.21020509722e-13, 1.29892364226e-12, 4.74672764202e-13, 1.47647952892e-13, 1.51529193381e-13, 1.17100285631e-13, 8.50523332861e-14, 8.80671336095e-14],
        "max": [0.021706122905, 0.0373089760542, 0.0110524836928, 0.00354915694334, 0.00161889754236, 0.00400809198618, 0.00571465911344, 0.00736763002351, 0.00849974434823, 0.000705443846527, 0.00124910857994, 0.00410146359354, 0.00660182535648, 0.00548523385078, 0.00255378591828, 0.00218955310993, 0.00202270271257, 0.00134940980934, 0.000374187860871, 0.000857155770063, 0.000657609838527, 0.00036196311703, 0.000187380574062, 0.000223874172661, 5.77842329221e-05, 2.80567910522e-05, 1.24024973047e-05, 2.02031569643e-05, 7.80787104304e-06, 7.32687749405e-06, 6.95692142472e-06, 7.27659880795e-06, 7.75477019488e-06, 1.48802564581e-05, 6.74217244523e-06, 3.3565911508e-06, 3.36600555784e-06, 3.96900486521e-06, 2.37350263887e-06, 2.57365900325e-06],
        "mean": [0.00220953254029, 0.00173967622686, 0.000316590361763, 0.000183542651939, 0.000177631081897, 0.000256222352618, 0.00043834047392, 0.000310852978146, 0.000236228370341, 4.60875271528e-05, 6.73770118738e-05, 0.000183265117812, 0.000152781794895, 0.000188974212506, 0.000125427963212, 7.21671094652e-05, 4.058183913e-05, 3.09272436425e-05, 1.36485605253e-05, 1.41506652653e-05, 1.1822072338e-05, 7.62152694733e-06, 2.86473550659e-06, 3.3668229662e-06, 1.00106535683e-06, 6.50379604394e-07, 3.28588356524e-07, 2.84184352495e-07, 1.51134358362e-07, 1.84858336638e-07, 1.40214382327e-07, 1.31173024442e-07, 1.21526710473e-07, 1.12195877477e-07, 1.00168811912e-07, 1.13200385954e-07, 1.2016413109e-07, 9.7196227955e-08, 9.92440760683e-08, 8.87278801542e-08],
        "median": [0.000950529298279, 0.00100664643105, 0.000180584698683, 0.000125581282191, 0.000116180730402, 9.95649897959e-05, 8.25194729259e-05, 5.27576085005e-05, 2.16298976738e-05, 1.37536362672e-05, 8.11397148937e-06, 1.64831999427e-05, 8.35261562315e-06, 6.89821899869e-06, 7.60161674407e-06, 2.37125050262e-06, 1.40613235544e-06, 8.5451938503e-07, 4.26185152946e-07, 2.42566073894e-07, 1.90702905911e-07, 1.34258911544e-07, 1.17986736825e-07, 1.10388555186e-07, 7.40134993293e-08, 6.48566214068e-08, 4.86906870378e-08, 4.31190620986e-08, 2.96225337593e-08, 2.67199187221e-08, 3.22622035753e-08, 2.46120848146e-08, 1.91965696672e-08, 2.70087028298e-08, 1.81861441462e-08, 2.16514255413e-08, 2.68273314674e-08, 1.2613787348e-08, 1.37016824553e-08, 1.02464854379e-08],
        "min": [1.10164804067e-23, 9.54424507654e-24, 2.20418023665e-23, 2.33476779758e-23, 1.60226753305e-23, 7.09257187933e-24, 1.95941925918e-23, 2.36945432713e-23, 1.36780592356e-23, 4.44903903251e-24, 9.14247269548e-24, 1.8015219648e-23, 1.64787899728e-23, 5.6891125983e-24, 5.74024459002e-24, 3.05515908666e-24, 2.67653740659e-24, 1.21975889864e-23, 1.17963041214e-23, 1.21008927833e-23, 1.13544457735e-23, 1.5683608714e-23, 1.15588175459e-23, 2.46349285792e-23, 1.25798118165e-23, 1.30013270195e-23, 1.40927634135e-23, 5.35527770726e-24, 9.90606007502e-24, 1.33497984357e-23, 1.12969819897e-23, 7.9629899581e-24, 1.22674875847e-23, 1.54579518966e-23, 7.81515032472e-24, 7.09542992239e-24, 1.21581404192e-23, 1.34846841842e-23, 1.20337181217e-23, 1.18947934054e-23],
        "var": [9.60275247053e-06, 4.9113523346e-06, 2.21589814942e-07, 5.2213604107e-08, 4.10275227125e-08, 2.25583875135e-07, 7.62078741445e-07, 6.57662440062e-07, 1.02393448742e-06, 8.14576939234e-09, 2.80986558465e-08, 2.70975363037e-07, 3.03296729953e-07, 5.13729446538e-07, 1.32836234457e-07, 5.8100138034e-08, 3.65983048312e-08, 1.23683614461e-08, 2.04010008886e-09, 6.17293327565e-09, 2.80191803093e-09, 1.06841013814e-09, 1.77266340495e-10, 2.36570180112e-10, 2.43577918252e-11, 5.4950054923e-12, 1.0507525839e-12, 1.24216294802e-12, 2.11599035277e-13, 2.84747404692e-13, 1.63415681269e-13, 1.53534357537e-13, 1.57579082161e-13, 2.54704487753e-13, 1.12207010176e-13, 7.30691955509e-14, 8.63569266552e-14, 6.97265460431e-14, 6.02560603952e-14, 5.84490748444e-14]
    },
    "mfcc": {
        "mean": [-766.321350098, 181.413482666, 31.7627105713, 4.1609544754, 5.00150060654, 10.8846950531, 7.34026813507, 4.71964597702, -3.51414465904, 0.758524298668, 4.87012338638, 8.28194999695, 6.0002412796],
        "cov": [[5818.67138672, -74.9509048462, -1256.18310547, -382.912628174, 195.189025879, 103.997772217, -159.446853638, 76.7487335205, 73.3455123901, 14.888718605, 56.8702354431, 229.487228394, 202.652160645], [-74.9509048462, 1777.92370605, -470.146057129, -198.052963257, 40.1053886414, 109.882064819, 69.490814209, 21.6936473846, -40.3241767883, -10.3046855927, 27.9270172119, 2.80908131599, 39.8942756653], [-1256.18310547, -470.146057129, 1623.3972168, 200.74357605, -128.089096069, 10.890086174, 209.224334717, -19.1671352386, 0.03485102579, 30.7723770142, -48.9973182678, -147.819580078, -157.814300537], [-382.912628174, -198.052963257, 200.74357605, 529.065673828, 54.3850440979, -53.7478942871, 30.5398006439, 72.350151062, 22.5576114655, 54.7512397766, 66.7055969238, 43.4615707397, 3.98802399635], [195.189025879, 40.1053886414, -128.089096069, 54.3850440979, 209.770782471, 42.0400733948, -7.07268810272, 41.8466110229, 30.636920929, 19.8948841095, 24.3886108398, 46.1217651367, 39.2328262329], [103.997772217, 109.882064819, 10.890086174, -53.7478942871, 42.0400733948, 136.966293335, 65.0515899658, 14.9039344788, 16.3778610229, 13.1330842972, 10.1951913834, 12.8319511414, 4.22881269455], [-159.446853638, 69.490814209, 209.224334717, 30.5398006439, -7.07268810272, 65.0515899658, 130.244018555, 49.2944831848, 5.67978477478, 15.0529108047, 12.2306461334, -8.2085943222, -15.3010759354], [76.7487335205, 21.6936473846, -19.1671352386, 72.350151062, 41.8466110229, 14.9039344788, 49.2944831848, 101.156646729, 33.9286079407, 25.8885364532, 29.8295669556, 39.53125, 19.016412735], [73.3455123901, -40.3241767883, 0.03485102579, 22.5576114655, 30.636920929, 16.3778610229, 5.67978477478, 33.9286079407, 68.4064331055, 30.0688152313, 5.02125740051, 10.0287475586, 9.04513835907], [14.888718605, -10.3046855927, 30.7723770142, 54.7512397766, 19.8948841095, 13.1330842972, 15.0529108047, 25.8885364532, 30.0688152313, 67.0106964111, 31.5931339264, 14.3994092941, 4.07091379166], [56.8702354431, 27.9270172119, -48.9973182678, 66.7055969238, 24.3886108398, 10.1951913834, 12.2306461334, 29.8295669556, 5.02125740051, 31.5931339264, 71.2254180908, 50.4177513123, 13.6234445572], [229.487228394, 2.80908131599, -147.819580078, 43.4615707397, 46.1217651367, 12.8319511414, -8.2085943222, 39.53125, 10.0287475586, 14.3994092941, 50.4177513123, 105.039375305, 48.7439117432], [202.652160645, 39.8942756653, -157.814300537, 3.98802399635, 39.2328262329, 4.22881269455, -15.3010759354, 19.016412735, 9.04513835907, 4.07091379166, 13.6234445572, 48.7439117432, 66.1908187866]],
