{
"lowlevel": {
    "average_loudness": 0.864239454269,
    "barkbands_crest": {
        "dmean": 1.74058103561,
        "dmean2": 2.55966329575,
        "dvar": 2.91384243965,
        "dvar2": 5.69304847717,
        "max": 24.7388477325,
        "mean": 13.1480064392,
        "median": 12.2666912079,
        "min": 4.01857995987,
        "var": 21.4877166748
    },
    "barkbands_flatness_db": {
        "dmean": 0.020194163546,
        "dmean2": 0.031600356102,
        "dvar": 0.000366212887457,
        "dvar2": 0.000809120130725,
        "max": 0.489688545465,
        "mean": 0.373603016138,
        "median": 0.372978597879,
        "min": 0.235779210925,
        "var": 0.00180686672684
    },
    "barkbands_kurtosis": {
        "dmean": 1.86913001537,
        "dmean2": 2.84099030495,
        "dvar": 10.7191457748,
        "dvar2": 23.5342769623,
        "max": 44.9142456055,
        "mean": 2.64419531822,
        "median": 1.06506919861,
        "min": -1.88968086243,
        "var": 24.6993999481
    },
    "barkbands_skewness": {
        "dmean": 0.3489138484,
        "dmean2": 0.518356263638,
        "dvar": 0.157951205969,
        "dvar2": 0.349628537893,
        "max": 5.44445419312,
        "mean": 0.829448401928,
        "median": 0.759924292564,
        "min": -1.66121017933,
        "var": 0.738784730434
    },
    "barkbands_spread": {
        "dmean": 0.954775154591,
        "dmean2": 1.48769688606,
        "dvar": 1.45437717438,
        "dvar2": 3.56787157059,
        "max": 16.5048484802,
        "mean": 4.94560909271,
        "median": 4.37632989883,
        "min": 0.41144451499,
        "var": 7.09670066833
    },
    "dissonance": {
        "dmean": 0.0459901280701,
        "dmean2": 0.0784607231617,
        "dvar": 0.00187069480307,
        "dvar2": 0.00526727177203,
        "max": 0.499688565731,
        "mean": 0.373911678791,
        "median": 0.37764814496,
        "min": 0.132367789745,
        "var": 0.00342461490072
    },
    "dynamic_complexity": 3.91510248184,
    "erbbands_crest": {
        "dmean": 2.34513497353,
        "dmean2": 3.64370322227,
        "dvar": 5.54957294464,
        "dvar2": 13.9140472412,
        "max": 32.7239456177,
        "mean": 16.1453094482,
        "median": 15.1429004669,
        "min": 5.9377951622,
        "var": 36.9307327271
    },
    "erbbands_flatness_db": {
        "dmean": 0.0143051296473,
        "dmean2": 0.0216072183102,
        "dvar": 0.000246506009717,
        "dvar2": 0.000518724031281,
        "max": 0.517007708549,
        "mean": 0.430008709431,
        "median": 0.431542724371,
        "min": 0.29135042429,
        "var": 0.00117304723244
    },
    "erbbands_kurtosis": {
        "dmean": 1.67018783092,
        "dmean2": 2.60461783409,
        "dvar": 8.15223884583,
        "dvar2": 18.6803951263,
        "max": 37.4741516113,
        "mean": 1.8414273262,
        "median": 0.483952760696,
        "min": -1.74467217922,
        "var": 18.5329437256
    },
    "erbbands_skewness": {
        "dmean": 0.383188188076,
        "dmean2": 0.573530077934,
        "dvar": 0.166860729456,
        "dvar2": 0.3660826087,
        "max": 4.47999238968,
        "mean": 0.550096809864,
        "median": 0.4900431633,
        "min": -2.53712630272,
        "var": 0.894118905067
    },
    "erbbands_spread": {
        "dmean": 1.49414658546,
        "dmean2": 2.35292553902,
        "dvar": 5.01734352112,
        "dvar2": 13.5838890076,
        "max": 33.1579818726,
        "mean": 8.43010044098,
        "median": 8.13581562042,
        "min": 1.11114788055,
        "var": 13.2393951416
    },
    "hfc": {
        "dmean": 3.33693480492,
        "dmean2": 4.58621025085,
        "dvar": 53.6672363281,
        "dvar2": 98.9651031494,
        "max": 142.799819946,
        "mean": 14.0586967468,
        "median": 8.70996284485,
        "min": 0.344643771648,
        "var": 251.318069458
    },
    "melbands_crest": {
        "dmean": 2.31366801262,
        "dmean2": 3.3837954998,
        "dvar": 5.73793506622,
        "dvar2": 11.3114919662,
        "max": 32.4217681885,
        "mean": 16.9395637512,
        "median": 15.7989645004,
        "min": 5.07617712021,
        "var": 41.990486145
    },
    "melbands_flatness_db": {
        "dmean": 0.0190242677927,
        "dmean2": 0.0279974490404,
        "dvar": 0.000446507299785,
        "dvar2": 0.000931803893764,
        "max": 0.56716632843,
        "mean": 0.431261837482,
        "median": 0.426525205374,
        "min": 0.241008758545,
        "var": 0.00274464930408
    },
    "melbands_kurtosis": {
        "dmean": 2.19372177124,
        "dmean2": 3.26706027985,
        "dvar": 18.6238651276,
        "dvar2": 40.5543670654,
        "max": 60.7078170776,
        "mean": 3.298422575,
        "median": 1.57926464081,
        "min": -1.79151630402,
        "var": 35.2545127869
    },
    "melbands_skewness": {
        "dmean": 0.349393069744,
        "dmean2": 0.523050248623,
        "dvar": 0.188249602914,
        "dvar2": 0.424340128899,
        "max": 6.11348628998,
        "mean": 0.956924855709,
        "median": 0.881673812866,
        "min": -1.94785881042,
        "var": 0.669765949249
    },
    "melbands_spread": {
        "dmean": 1.81704568863,
        "dmean2": 2.77899980545,
        "dvar": 4.43088102341,
        "dvar2": 11.039642334,
        "max": 31.4912509918,
        "mean": 8.93807983398,
        "median": 7.6490688324,
        "min": 0.651990711689,
        "var": 26.8400611877
    },
    "pitch_salience": {
        "dmean": 0.0460521988571,
        "dmean2": 0.0698154866695,
        "dvar": 0.00208373880014,
        "dvar2": 0.00466377381235,
        "max": 0.811420798302,
        "mean": 0.477934867144,
        "median": 0.468734741211,
        "min": 0.120174475014,
        "var": 0.0143267838284
    },
    "silence_rate_20dB": {
        "dmean": 0,
        "dmean2": 0,
        "dvar": 0,
        "dvar2": 0,
        "max": 1,
        "mean": 1,
        "median": 1,
        "min": 1,
        "var": 0
    },
    "silence_rate_30dB": {
        "dmean": 0.00310077518225,
        "dmean2": 0.00620636157691,
        "dvar": 0.00309109548107,
        "dvar2": 0.0077191144228,
        "max": 1,
        "mean": 0.997676193714,
        "median": 1,
        "min": 0,
        "var": 0.00231845048256
    },
    "silence_rate_60dB": {
        "dmean": 0.0108527131379,
        "dmean2": 0.0201706755906,
        "dvar": 0.0107350507751,
        "dvar2": 0.0197637528181,
        "max": 1,
        "mean": 0.144074365497,
        "median": 0,
        "min": 0,
        "var": 0.123316600919
    },
    "spectral_centroid": {
        "dmean": 52.8702163696,
        "dmean2": 82.8720092773,
        "dvar": 4066.01635742,
        "dvar2": 10647.25,
        "max": 1309.98010254,
        "mean": 741.719177246,
        "median": 717.25189209,
        "min": 428.32989502,
        "var": 23786.8789062
    },
    "spectral_complexity": {
        "dmean": 1.09844958782,
        "dmean2": 1.83242821693,
        "dvar": 1.10580158234,
        "dvar2": 2.54912352562,
        "max": 17,
        "mean": 9.83346271515,
        "median": 10,
        "min": 2,
        "var": 6.36965274811
    },
    "spectral_decrease": {
        "dmean": 1.03619501868e-09,
        "dmean2": 1.33893562904e-09,
        "dvar": 3.96825175057e-18,
        "dvar2": 6.69285482097e-18,
        "max": -1.28484806128e-10,
        "mean": -4.44893100138e-09,
        "median": -3.02082603376e-09,
        "min": -3.21867652531e-08,
        "var": 2.0090564372e-17
    },
    "spectral_energy": {
        "dmean": 0.0042047649622,
        "dmean2": 0.00544881541282,
        "dvar": 6.64378749207e-05,
        "dvar2": 0.000112824549433,
        "max": 0.134432464838,
        "mean": 0.0180664472282,
        "median": 0.0122807389125,
        "min": 0.000516670290381,
        "var": 0.000335317832651
    },
    "spectral_energyband_high": {
        "dmean": 2.24319901463e-05,
        "dmean2": 3.83620099456e-05,
        "dvar": 1.17216192308e-08,
        "dvar2": 3.14979757832e-08,
        "max": 0.00113833788782,
        "mean": 1.96794171643e-05,
        "median": 1.52588211222e-06,
        "min": 1.03943920138e-09,
        "var": 8.6909395236e-09
    },
    "spectral_energyband_low": {
        "dmean": 7.13215149517e-06,
        "dmean2": 1.13197411338e-05,
        "dvar": 3.46863315848e-10,
        "dvar2": 6.84460432776e-10,
        "max": 0.000352580158506,
        "mean": 2.14317315113e-05,
        "median": 5.09222354594e-06,
        "min": 8.73496688314e-08,
        "var": 1.82060844178e-09
    },
    "spectral_energyband_middle_high": {
        "dmean": 0.00162945105694,
        "dmean2": 0.00237427209504,
        "dvar": 2.46135350608e-05,
        "dvar2": 4.27991508332e-05,
        "max": 0.129143938422,
        "mean": 0.00574942538515,
        "median": 0.00282983644865,
        "min": 3.17765734508e-05,
        "var": 0.000105952000013
    },
    "spectral_energyband_middle_low": {
        "dmean": 0.00346977915615,
        "dmean2": 0.00437916070223,
        "dvar": 4.23986275564e-05,
        "dvar2": 6.99991287547e-05,
        "max": 0.0950904041529,
        "mean": 0.0134371230379,
        "median": 0.00844837166369,
        "min": 0.00033338443609,
        "var": 0.000210084355786
    },
    "spectral_entropy": {
        "dmean": 0.125491678715,
        "dmean2": 0.185980603099,
        "dvar": 0.0303075388074,
        "dvar2": 0.0625161975622,
        "max": 7.09822320938,
        "mean": 5.69730472565,
        "median": 5.68380689621,
        "min": 4.59800338745,
        "var": 0.0874157398939
    },
    "spectral_flux": {
        "dmean": 0.0119963278994,
        "dmean2": 0.0193957742304,
        "dvar": 0.000417926436057,
        "dvar2": 0.00100450986065,
        "max": 0.248043313622,
        "mean": 0.0338092818856,
        "median": 0.0286271609366,
        "min": 0.00345981516875,
        "var": 0.000656713615172
    },
    "spectral_kurtosis": {
        "dmean": 30.4492225647,
        "dmean2": 52.9804840088,
        "dvar": 857.386901855,
        "dvar2": 2478.38745117,
        "max": 265.551757812,
        "mean": 91.1962738037,
        "median": 80.8126754761,
        "min": 3.18105554581,
        "var": 2999.10888672
    },
    "spectral_rms": {
        "dmean": 0.000419833551859,
        "dmean2": 0.000537866086233,
        "dvar": 3.66217392411e-07,
        "dvar2": 5.63226763006e-07,
        "max": 0.0114522315562,
        "mean": 0.003751963377,
        "median": 0.00346138817258,
        "min": 0.000709977874067,
        "var": 3.54857024831e-06
    },
    "spectral_rolloff": {
        "dmean": 110.887306213,
        "dmean2": 201.900390625,
        "dvar": 34984.4765625,
        "dvar2": 80250.640625,
        "max": 2088.72070312,
        "mean": 1048.50683594,
        "median": 1033.59375,
        "min": 516.796875,
        "var": 110806.9375
    },
    "spectral_skewness": {
        "dmean": 1.63340640068,
        "dmean2": 2.88083028793,
        "dvar": 2.07554912567,
        "dvar2": 5.93349933624,
        "max": 12.8748416901,
        "mean": 6.56470966339,
        "median": 6.35122823715,
        "min": 1.74063289165,
        "var": 5.04297637939
    },
    "spectral_spread": {
        "dmean": 314778.71875,
        "dmean2": 532798.875,
        "dvar": 206112571392,
        "dvar2": 354429206528,
        "max": 13276152,
        "mean": 1005808.625,
        "median": 936608.125,
        "min": 263810.1875,
        "var": 324670685184
    },
    "spectral_strongpeak": {
        "dmean": 0.552063941956,
        "dmean2": 0.865327060223,
        "dvar": 0.674811720848,
        "dvar2": 1.41399037838,
        "max": 14.9135951996,
        "mean": 2.41671562195,
        "median": 1.80802178383,
        "min": 0.0695448815823,
        "var": 3.79822325706
    },
    "zerocrossingrate": {
        "dmean": 0.0025984889362,
        "dmean2": 0.00319939758629,
        "dvar": 7.54871098252e-06,
        "dvar2": 1.0972178643e-05,
        "max": 0.07275390625,
        "mean": 0.0364482477307,
        "median": 0.03515625,
        "min": 0.00830078125,
        "var": 7.91301063146e-05
    },
    "barkbands": {
        "dmean": [1.13459532258e-06, 8.89985585673e-07, 4.08542064179e-06, 8.63096920511e-06, 0.000121653101814, 0.000320985884173, 0.000373925373424, 0.00131432432681, 0.00145006610546, 0.000925789528992, 0.000542578985915, 0.000312724441756, 0.000162774202181, 0.000589749077335, 2.23678671318e-05, 2.40645076701e-05, 4.47884212917e-06, 9.80414142759e-07, 3.32190182917e-07, 2.8747214742e-07, 5.38705307918e-07, 1.35123773362e-05, 7.515841844e-06, 1.44701618865e-06, 8.02210564643e-08, 8.2172257887e-10, 8.62753646302e-10],
        "dmean2": [1.93043274521e-06, 1.53485234478e-06, 6.44168085273e-06, 1.46499205584e-05, 0.000181672687177, 0.000484798481921, 0.000600428087637, 0.00155651231762, 0.00175024650525, 0.00132290867623, 0.000726128171664, 0.000457890797406, 0.000267276831437, 0.000961319252383, 3.73613002012e-05, 3.93959089706e-05, 6.84684164298e-06, 1.65956350884e-06, 5.13280383529e-07, 4.50968201449e-07, 9.65872118286e-07, 2.28783410421e-05, 1.32195946208e-05, 2.67376435659e-06, 1.1586612203e-07, 1.51285850514e-09, 1.5902029693e-09],
        "dvar": [7.98942943053e-12, 4.19791371803e-12, 1.82507439717e-10, 3.23847504369e-10, 3.5774803564e-08, 2.50397334867e-07, 7.60078876283e-07, 8.56245242176e-06, 1.84984637599e-05, 1.34901538331e-05, 1.25613296404e-05, 3.55723869916e-07, 3.37825497354e-07, 2.61766990661e-06, 2.67416910837e-09, 2.38027659805e-08, 1.17789264453e-10, 1.65860138124e-11, 4.00880581985e-13, 2.23881850558e-12, 2.35553434397e-11, 6.05425309885e-09, 4.00340338658e-09, 1.32037658584e-10, 8.57881636823e-13, 3.23471253286e-18, 3.89990553887e-18],
        "dvar2": [1.91452825815e-11, 1.13250814976e-11, 3.65805996605e-10, 8.11742006945e-10, 7.67450103467e-08, 5.58222893687e-07, 2.00801810024e-06, 1.21755247164e-05, 2.81675911538e-05, 2.65181370196e-05, 1.88147369045e-05, 6.531080885e-07, 8.30678345665e-07, 6.64956951368e-06, 8.44609449047e-09, 6.3348110757e-08, 2.27193749924e-10, 4.71170602534e-11, 9.5623519953e-13, 4.7472047994e-12, 4.86394709232e-11, 1.60622786183e-08, 1.10572546674e-08, 3.79086345648e-10, 1.9125623394e-12, 8.56842399421e-18, 9.74772546735e-18],
        "max": [4.74422959087e-05, 2.79668602161e-05, 0.000270463322522, 0.000383985548979, 0.00341127277352, 0.00862356368452, 0.0167418494821, 0.0653707832098, 0.0709640160203, 0.0688040331006, 0.112053439021, 0.0132575845346, 0.0118676777929, 0.0240879748017, 0.00085474725347, 0.00393888447434, 0.000277045794064, 6.7632565333e-05, 9.47462831391e-06, 2.38955581153e-05, 0.000122917714179, 0.00100484327413, 0.00106008991133, 0.000162433061632, 2.34135550272e-05, 3.66629819837e-08, 4.52182185029e-08],
        "mean": [1.07093114821e-06, 1.0348081787e-06, 1.30319194795e-05, 1.94334643311e-05, 0.000356874952558, 0.00105149357114, 0.000984276994132, 0.00414451491088, 0.00451065972447, 0.00280804373324, 0.00156521459576, 0.000795669213403, 0.000315372482873, 0.0013674441725, 5.44532595086e-05, 4.52619751741e-05, 1.0466639651e-05, 1.69155521235e-06, 6.65783602471e-07, 4.90683476073e-07, 5.22110212842e-07, 1.21410230349e-05, 5.5322211665e-06, 9.60415945883e-07, 1.4554684924e-07, 7.05231706366e-10, 7.04375890948e-10],
        "median": [3.15526790473e-07, 3.97932666374e-07, 8.64212893248e-07, 6.49368485028e-06, 0.000184585092939, 0.000621430343017, 0.000396679155529, 0.00147309317254, 0.000620490638539, 0.000456334993942, 0.000247774849413, 0.000333987904014, 0.000108487663965, 0.000162923504831, 2.28626904573e-05, 6.37366201772e-06, 4.18247327616e-06, 8.98794837667e-07, 2.64034440534e-07, 1.29880149302e-07, 3.36620189501e-08, 4.11919842236e-07, 1.39274561661e-07, 1.372040348e-08, 6.98576974045e-10, 1.88197846196e-10, 2.00886057788e-10],
        "min": [3.25427601533e-11, 7.40415451173e-10, 5.97286886617e-10, 1.96662552909e-09, 2.47090247285e-06, 6.09199241808e-06, 6.51287450637e-07, 1.19858977996e-05, 4.93326660944e-06, 2.31008402807e-06, 1.79119638233e-06, 2.32733805205e-06, 1.64562197824e-06, 3.59157638741e-07, 1.76138517105e-08, 2.67992188441e-08, 3.94024866068e-08, 1.00588133378e-08, 1.65538138752e-10, 1.96530458574e-10, 3.94481391996e-11, 1.25469148959e-10, 2.67945075849e-11, 2.25415641014e-11, 2.52205149126e-11, 1.84281895299e-11, 2.62006458196e-11],
        "var": [7.7702956916e-12, 4.26395637548e-12, 9.93764737167e-10, 1.27092036895e-09, 2.03101294005e-07, 1.57207750817e-06, 2.2465164875e-06, 4.87792931381e-05, 0.000105740051367, 5.43406786164e-05, 5.56123814022e-05, 1.77302104021e-06, 6.8514538043e-07, 1.00859551821e-05, 7.25902937759e-09, 4.32344364754e-08, 6.02294158991e-10, 1.21463099995e-11, 9.71637592433e-13, 2.89147113371e-12, 2.69967746075e-11, 4.59525573149e-09, 2.58738563907e-09, 7.83458159459e-11, 1.94350416836e-12, 2.97457477676e-18, 3.24714733221e-18]
    },
    "erbbands": {
        "dmean": [3.95593924623e-05, 0.000214995321585, 0.00298721552826, 0.0173173677176, 0.148351311684, 0.400345146656, 1.71002829075, 2.60791778564, 5.12683391571, 10.4695415497, 39.218837738, 31.2741279602, 37.7288360596, 7.21396017075, 26.1442127228, 13.6984386444, 8.68387794495, 29.1573410034, 8.78393554688, 1.22276389599, 0.792594790459, 0.199829876423, 0.065648406744, 0.0279597472399, 0.00742494361475, 0.00989897642285, 0.0171207878739, 0.0671160817146, 0.274420559406, 0.645084798336, 0.157699763775, 0.0402028486133, 0.0210613552481, 0.0027950622607, 8.54384925333e-05, 9.54102142714e-06, 3.01788077195e-06, 9.56620397119e-07, 2.18554100684e-06, 4.8957231229e-06],
        "dmean2": [7.03471960151e-05, 0.000356099917553, 0.00499747972935, 0.0279196295887, 0.229274958372, 0.601188182831, 2.64924407005, 3.89524722099, 8.25778388977, 15.51628685, 43.3757667542, 38.9342308044, 53.7347564697, 10.7201023102, 34.3117027283, 19.7566127777, 13.6020154953, 47.7044563293, 14.3166503906, 1.91179633141, 1.28624296188, 0.310348957777, 0.112707331777, 0.0437992848456, 0.0120436931029, 0.015754012391, 0.0271813813597, 0.111560970545, 0.451754063368, 1.1137945652, 0.276084780693, 0.0724029093981, 0.038012303412, 0.00461078016087, 0.000142191885971, 1.59914434334e-05, 4.92772414873e-06, 1.58980719789e-06, 2.86821000373e-06, 6.36982213109e-06],
        "dvar": [1.16086207314e-08, 1.75864911967e-07, 9.45749343373e-05, 0.00131325854454, 0.136719718575, 0.430279403925, 12.996632576, 17.7717075348, 81.8466415405, 976.564819336, 9163.45996094, 9344.62597656, 20983.8261719, 307.594390869, 32194.5683594, 737.214233398, 621.368774414, 6433.50830078, 888.719116211, 19.3176555634, 20.9034690857, 0.224893987179, 0.0737346187234, 0.00244627404027, 0.000460747134639, 0.00148432306014, 0.00890863593668, 0.490428507328, 5.27041339874, 15.7619142532, 1.22036421299, 0.0702143609524, 0.0286632124335, 0.000511512975208, 3.25035671267e-07, 1.23993815215e-09, 4.90338047943e-11, 4.36686060576e-12, 1.88592232109e-11, 9.195870454e-11],
        "dvar2": [3.35037348975e-08, 4.38175703721e-07, 0.000204668845981, 0.00286961067468, 0.319570332766, 0.85229575634, 36.2890396118, 34.4500579834, 216.392669678, 2334.03857422, 11618.4736328, 16985.2734375, 41976.8203125, 585.276794434, 47416.1796875, 1257.24072266, 1515.35449219, 16388.2148438, 2324.28540039, 50.8849105835, 55.0083694458, 0.514668345451, 0.210446879268, 0.00576972169802, 0.00122970796656, 0.00329957599752, 0.0214914679527, 0.921403944492, 13.4527416229, 43.1553878784, 3.37228703499, 0.196944847703, 0.0814243778586, 0.00131608266383, 8.29799546409e-07, 3.21220094968e-09, 1.1811374101e-10, 1.03848952007e-11, 3.2996962801e-11, 1.57810708945e-10],
        "max": [0.00154534960166, 0.00585664762184, 0.180538207293, 0.673866629601, 6.95533084869, 13.5582561493, 54.4739532471, 86.3467941284, 112.327896118, 806.45892334, 1784.3939209, 2019.76281738, 2789.0690918, 342.850280762, 5734.15869141, 681.318725586, 497.835021973, 1300.40759277, 755.694519043, 107.231513977, 116.760154724, 9.21993923187, 4.30055952072, 0.694634139538, 0.335838913918, 0.579615414143, 2.0097591877, 19.5929470062, 45.5640602112, 55.8056144714, 17.7096614838, 3.68802833557, 3.03616929054, 0.384649097919, 0.00998275354505, 0.000536641222425, 9.59756507655e-05, 2.74641079159e-05, 7.52105697757e-05, 0.000161881063832],
        "mean": [4.51246851298e-05, 0.000374958763132, 0.00920986849815, 0.0510479584336, 0.419395774603, 1.21445441246, 4.36350154877, 9.23726463318, 14.349984169, 28.4336395264, 126.055686951, 108.997375488, 117.416297913, 23.0906829834, 75.083366394, 37.1566429138, 20.5797119141, 66.2160797119, 22.2463493347, 3.57126379013, 1.69603192806, 0.473604530096, 0.123005494475, 0.06213048473, 0.0164184421301, 0.019488144666, 0.0194483082741, 0.0685514360666, 0.238151237369, 0.564521551132, 0.12400265038, 0.0296039972454, 0.0149257332087, 0.0033540087752, 0.000110357759695, 1.88712801901e-05, 8.4433295342e-06, 2.49203208114e-06, 9.41596954362e-06, 2.10555808735e-05],
        "median": [1.80858460226e-05, 0.000158772032592, 0.00135417352431, 0.0203438606113, 0.154721036553, 0.484281986952, 2.55139756203, 4.48927879333, 6.27636480331, 12.1887550354, 40.7832603455, 23.4897594452, 19.0484695435, 13.3391208649, 7.35760211945, 16.6657333374, 9.27283477783, 11.8081178665, 4.01087188721, 1.20483756065, 0.378879338503, 0.240775629878, 0.0744066461921, 0.0342792198062, 0.00821650121361, 0.00547715881839, 0.00394958164543, 0.00183510815259, 0.00460596755147, 0.0230292994529, 0.00522391684353, 0.000731642183382, 0.000263530644588, 5.08929006173e-05, 1.40547526826e-05, 9.09013942874e-06, 5.11781672685e-06, 1.46648278587e-06, 6.20543505647e-06, 1.41028413054e-05],
        "min": [4.67939855753e-07, 5.81863241678e-06, 2.54153364949e-05, 8.38205305627e-05, 0.000939669844229, 0.0139950541779, 0.0493523105979, 0.0780516862869, 0.0105844400823, 0.13072501123, 0.668009519577, 0.281791776419, 0.0898623913527, 0.1368804425, 0.120960697532, 0.121207773685, 0.320759505033, 0.127495199442, 0.0228839442134, 0.0172824598849, 0.00518686976284, 0.00268891802989, 0.00155997660477, 0.000139207593747, 1.58443872351e-05, 1.06341403807e-05, 8.79418348632e-06, 5.74072646486e-06, 5.90201989326e-06, 4.85144619233e-06, 4.00338740292e-06, 3.21034394801e-06, 2.66364668278e-06, 8.88790623321e-07, 5.6240730828e-07, 3.93838092805e-07, 2.38541332465e-07, 6.58229097894e-08, 2.66322928155e-07, 5.95537244408e-07],
        "var": [9.41790112563e-09, 3.53636977479e-07, 0.000435882015154, 0.00602096319199, 0.510405182838, 3.37409973145, 34.6399421692, 159.691314697, 367.11920166, 1880.31066895, 48464.5507812, 59823.4101562, 84299.0625, 1120.09985352, 141946.609375, 3753.70996094, 1495.46105957, 23900.8359375, 3992.14135742, 51.8432731628, 38.3067703247, 0.764200985432, 0.0532314442098, 0.00586601858959, 0.000691708060913, 0.00232577440329, 0.00824683438987, 0.6539670825, 4.23363113403, 11.246553421, 0.79884147644, 0.0447980947793, 0.0175377950072, 0.000686569022946, 4.53303726999e-07, 1.70473102301e-09, 1.08421070733e-10, 9.82553101381e-12, 9.39445674031e-11, 4.62058891149e-10]
    },
    "gfcc": {
        "mean": [-203.862487793, 190.798080444, -179.074005127, -85.7817382812, -74.1159057617, -14.5455131531, -35.7156105042, -36.5167350769, 7.52237081528, -21.5520210266, -2.57257056236, -10.9717521667, -10.8283090591],
        "cov": [[3979.20996094, -1959.1463623, -640.996704102, 761.941223145, -1297.62658691, 714.602355957, 284.977478027, -205.473114014, 713.251342773, 34.7831878662, 87.0071411133, 173.269180298, 167.836593628], [-1959.1463623, 1604.80151367, 600.070251465, -569.525268555, 1020.64154053, -490.895294189, -187.356735229, 187.458648682, -610.278625488, -52.8552093506, -152.623428345, -261.304290771, -87.6357650757], [-640.996704102, 600.070251465, 438.602905273, -215.746292114, 309.65133667, -109.017440796, -85.6496887207, 78.8583908081, -263.781311035, -45.0586853027, -70.8435897827, -108.712364197, -32.5549736023], [761.941223145, -569.525268555, -215.746292114, 440.472473145, -344.229370117, 225.944702148, 75.2008209229, -74.8368682861, 243.065841675, 6.26760101318, 42.6559791565, 93.1261367798, 35.1647377014], [-1297.62658691, 1020.64154053, 309.65133667, -344.229370117, 851.447570801, -273.442138672, -115.575111389, 190.464904785, -420.111297607, 2.72652077675, -125.190513611, -252.502304077, -1.37197852135], [714.602355957, -490.895294189, -109.017440796, 225.944702148, -273.442138672, 306.040466309, 66.4208297729, -67.4965133667, 175.053573608, 6.80512142181, 14.5450925827, 13.901102066, 42.3311157227], [284.977478027, -187.356735229, -85.6496887207, 75.2008209229, -115.575111389, 66.4208297729, 143.511444092, 22.4162540436, 87.6734390259, 6.83352851868, 13.0451040268, 17.9375724792, -25.987241745], [-205.473114014, 187.458648682, 78.8583908081, -74.8368682861, 190.464904785, -67.4965133667, 22.4162540436, 166.003997803, -79.5236740112, -3.90214538574, -5.63662958145, -47.8655509949, 16.2940673828], [713.251342773, -610.278625488, -263.781311035, 243.065841675, -420.111297607, 175.053573608, 87.6734390259, -79.5236740112, 339.875823975, 25.2991313934, 61.9636192322, 148.665435791, -17.6198215485], [34.7831878662, -52.8552093506, -45.0586853027, 6.26760101318, 2.72652077675, 6.80512142181, 6.83352851868, -3.90214538574, 25.2991313934, 73.7580413818, 23.079706192, -29.8708839417, 18.3006362915], [87.0071411133, -152.623428345, -70.8435897827, 42.6559791565, -125.190513611, 14.5450925827, 13.0451040268, -5.63662958145, 61.9636192322, 23.079706192, 109.615020752, 57.0290222168, -15.4777679443], [173.269180298, -261.304290771, -108.712364197, 93.1261367798, -252.502304077, 13.901102066, 17.9375724792, -47.8655509949, 148.665435791, -29.8708839417, 57.0290222168, 263.757720947, -12.7771530151], [167.836593628, -87.6357650757, -32.5549736023, 35.1647377014, -1.37197852135, 42.3311157227, -25.987241745, 16.2940673828, -17.6198215485, 18.3006362915, -15.4777679443, -12.7771530151, 126.531539917]],
        "icov": [[0.00084629986668, 4.80678281747e-05, 0.000504119379912, -0.000200119131478, 0.00138205999974, -0.000716696842574, -2.89888339466e-05, -0.000840382475872, 0.000307086505927, -0.000165054254467, 0.000955462863203, 0.000567223411053, -0.000306144356728], [4.80678281747e-05, 0.0145564908162, -0.0106324627995, 0.000981485238299, -0.0138172190636, 0.0107356561348, -0.00402201106772, 0.00892928428948, -0.00256146583706, 0.00661615421996, -0.00367152411491, 0.000728856481146, -0.000396761024604], [0.000504119379912, -0.0106324627995, 0.014976862818, -0.000352447357727, 0.0133240157738, -0.0112111121416, 0.00716532161459, -0.0118240974844, 0.00935899093747, -0.00696530984715, 0.00752172200009, -0.00125800352544, 0.00591172138229], [-0.000200119131478, 0.000981485238299, -0.000352447357727, 0.00499685481191, -0.00149758753832, -0.00105505471583, -0.000866978836711, 0.00144825922325, -0.00234694546089, 0.00195103615988, -0.00125416216906, -0.000111734101665, -0.0013356761774], [0.00138205999974, -0.0138172190636, 0.0133240157738, -0.00149758753832, 0.0222535375506, -0.0118666412309, 0.0080451881513, -0.0164436623454, 0.010244240053, -0.0116113610566, 0.0110998852178, 0.000572354823817, 0.00494390446693], [-0.000716696842574, 0.0107356561348, -0.0112111121416, -0.00105505471583, -0.0118666412309, 0.0175107065588, -0.00663737906143, 0.0112519869581, -0.00791891105473, 0.00866773817688, -0.00579789187759, 0.00349020585418, -0.00571727892384], [-2.89888339466e-05, -0.00402201106772, 0.00716532161459, -0.000866978836711, 0.0080451881513, -0.00663737906143, 0.015864809975, -0.0117169739679, 0.0056494763121, -0.00689189182594, 0.00695758732036, -0.000895002507605, 0.00895645283163], [-0.000840382475872, 0.00892928428948, -0.0118240974844, 0.00144825922325, -0.0164436623454, 0.0112519869581, -0.0117169739679, 0.022638823837, -0.0101900268346, 0.0115998564288, -0.0117738014087, 0.0017131685745, -0.0097738718614], [0.000307086505927, -0.00256146583706, 0.00935899093747, -0.00234694546089, 0.010244240053, -0.00791891105473, 0.0056494763121, -0.0101900268346, 0.0215126369148, -0.0119150541723, 0.00926605891436, -0.00498541630805, 0.0114606833085], [-0.000165054254467, 0.00661615421996, -0.00696530984715, 0.00195103615988, -0.0116113610566, 0.00866773817688, -0.00689189182594, 0.0115998564288, -0.0119150541723, 0.0279472395778, -0.0127390949056, 0.00625063152984, -0.0100963432342], [0.000955462863203, -0.00367152411491, 0.00752172200009, -0.00125416216906, 0.0110998852178, -0.00579789187759, 0.00695758732036, -0.0117738014087, 0.00926605891436, -0.0127390949056, 0.0209574718028, -0.00316793122329, 0.0088552031666], [0.000567223411053, 0.000728856481146, -0.00125800352544, -0.000111734101665, 0.000572354823817, 0.00349020585418, -0.000895002507605, 0.0017131685745, -0.00498541630805, 0.00625063152984, -0.00316793122329, 0.00844343658537, -0.00323924282566], [-0.000306144356728, -0.000396761024604, 0.00591172138229, -0.0013356761774, 0.00494390446693, -0.00571727892384, 0.00895645283163, -0.0097738718614, 0.0114606833085, -0.0100963432342, 0.0088552031666, -0.00323924282566, 0.0188033990562]]
    },
    "melbands": {
        "dmean": [3.17246332315e-07, 1.1426676565e-06, 6.03201442573e-06, 1.73856951733e-05, 4.98273293488e-05, 6.58109565848e-05, 7.34579443815e-05, 0.000129665451823, 0.000348272529664, 0.000192262377823, 0.000185424592928, 2.47413572652e-05, 7.16757931514e-05, 4.77241010231e-05, 2.80759832094e-05, 1.95050524781e-05, 6.51573500363e-05, 1.78421050805e-05, 1.28304191094e-06, 2.39254791268e-06, 5.84891608923e-07, 2.58873654957e-07, 8.72988934475e-08, 4.16680450144e-08, 2.50679388358e-08, 5.02240116163e-09, 5.47769474224e-09, 7.79901121462e-09, 1.24677352886e-08, 7.69775621023e-09, 4.18796908264e-08, 1.7898940996e-07, 2.02578590347e-07, 3.86629579907e-07, 1.03591432321e-07, 3.54260336621e-08, 2.36567672118e-08, 1.94232416817e-08, 6.14354167539e-09, 7.20734416593e-10],
        "dmean2": [5.42669909009e-07, 1.88612398233e-06, 9.71531153482e-06, 2.60267534031e-05, 7.65746299294e-05, 0.000100217439467, 0.000116914823593, 0.000186287346878, 0.000380755955121, 0.000245442060987, 0.000265684124315, 3.83886836062e-05, 9.48544038692e-05, 6.6105312726e-05, 3.97009644075e-05, 3.20817161992e-05, 0.000106738974864, 2.92201966658e-05, 2.09042332244e-06, 3.86731653634e-06, 9.50669800659e-07, 3.98192867124e-07, 1.5324356184e-07, 6.85291041691e-08, 3.89843037851e-08, 8.19880696667e-09, 9.258954492e-09, 1.20639276346e-08, 1.97614546948e-08, 1.37762308228e-08, 7.07368172925e-08, 2.91633057259e-07, 3.46576996435e-07, 6.72383862366e-07, 1.82845369068e-07, 6.07266343877e-08, 4.42638175002e-08, 3.52375444379e-08, 1.06637347841e-08, 1.04879505081e-09],
        "dvar": [6.31816701822e-13, 1.32783636517e-11, 1.54569468336e-10, 1.13190501416e-09, 9.38990396548e-09, 1.05343298529e-08, 1.77598540319e-08, 1.24855290551e-07, 7.914844673e-07, 4.03229819312e-07, 5.13833356308e-07, 4.91036766803e-09, 2.2475512651e-07, 5.07027593244e-08, 3.2581333187e-09, 6.19771567401e-09, 3.37668524253e-08, 4.49446568851e-09, 5.78064939666e-12, 2.17762710641e-10, 7.19328286172e-12, 3.80851681572e-13, 1.16265260223e-13, 2.70753251498e-14, 1.88754346625e-15, 2.14052981417e-16, 2.49032371644e-16, 1.36321958987e-15, 4.91860089306e-15, 1.91994607638e-15, 3.93094980395e-13, 3.40823571622e-12, 1.75072705898e-12, 5.91654286328e-12, 8.55093502516e-13, 9.43826858031e-14, 5.28509392283e-14, 2.87065022361e-14, 4.26361022022e-15, 7.52933145468e-17],
        "dvar2": [1.68508685738e-12, 2.78633956186e-11, 3.64032165523e-10, 2.45304665469e-09, 2.55204604116e-08, 2.17745217412e-08, 4.59120350627e-08, 2.84448560706e-07, 9.70193127614e-07, 7.59307340559e-07, 1.02511751265e-06, 9.74209779514e-09, 3.35181283617e-07, 7.28934139715e-08, 5.83581316604e-09, 1.51660444203e-08, 8.5949501738e-08, 1.16822898022e-08, 1.68481600199e-11, 5.82442039043e-10, 1.84042954487e-11, 7.75000452268e-13, 3.32803012579e-13, 7.61959533012e-14, 4.44592686234e-15, 5.70241214816e-16, 6.80017214176e-16, 2.94924484377e-15, 1.09950060395e-14, 5.27496290056e-15, 6.94947354871e-13, 8.70039023465e-12, 4.72567731474e-12, 1.62697424977e-11, 2.38431930449e-12, 2.35498036003e-13, 1.52416192731e-13, 8.13457780953e-14, 1.1940431181e-14, 1.70616814244e-16],
        "max": [1.16105193229e-05, 7.01637982274e-05, 0.000188441146747, 0.000595640623942, 0.00143119995482, 0.00194344634656, 0.00175461987965, 0.00874167308211, 0.0164925828576, 0.0136238373816, 0.0137330535799, 0.00193030014634, 0.0151127548888, 0.00724833272398, 0.00133727653883, 0.00159178953618, 0.00295553007163, 0.00179124076385, 3.25074033753e-05, 0.000375492032617, 6.71015295666e-05, 1.49797588165e-05, 3.64952416021e-06, 3.0073877042e-06, 7.08171910446e-07, 2.06849733786e-07, 1.94104558204e-07, 5.8602779518e-07, 1.12705458832e-06, 7.02080399151e-07, 1.8930693841e-05, 3.81046738767e-05, 2.01687416848e-05, 2.89511390292e-05, 1.55710768013e-05, 7.05600314177e-06, 3.6846167859e-06, 2.97786823467e-06, 1.46903187215e-06, 2.15952979943e-07],
        "mean": [3.83945945259e-07, 3.45318539985e-06, 1.63305612659e-05, 5.39679895155e-05, 0.000130131709739, 0.000221510141273, 0.000207796590985, 0.000360992533388, 0.00107668526471, 0.00066154653905, 0.000564496498555, 7.09740852471e-05, 0.000206077238545, 0.000129649342853, 7.56925583119e-05, 3.50770569639e-05, 0.000146896665683, 4.46884041594e-05, 3.22773348671e-06, 5.10489735461e-06, 1.22302162708e-06, 6.00361886427e-07, 1.32018115551e-07, 7.90437937326e-08, 5.01198336167e-08, 9.2756931025e-09, 9.89929205275e-09, 1.41998066638e-08, 1.49211469846e-08, 6.28743057618e-09, 4.626268435e-08, 1.5168798484e-07, 1.8437852134e-07, 3.2407871231e-07, 7.56642037913e-08, 2.96868094551e-08, 1.56108317384e-08, 1.33170354744e-08, 5.77745673525e-09, 1.33051147877e-09],
        "median": [1.53048830498e-07, 3.86052988688e-07, 7.37029677111e-06, 1.92357911146e-05, 7.65315489843e-05, 0.000126394472318, 8.52838566061e-05, 0.000147665399709, 0.000291601754725, 0.00010286737961, 8.18555417936e-05, 3.76847565349e-05, 2.28895914915e-05, 3.59910191037e-05, 3.04002915072e-05, 9.01500334294e-06, 2.13478742808e-05, 6.2727031036e-06, 1.53404050707e-06, 6.74563409575e-07, 2.96591963433e-07, 2.57353320876e-07, 6.78842653201e-08, 3.68581929422e-08, 2.37670683134e-08, 3.84619758265e-09, 3.60677820943e-09, 2.71745603797e-09, 2.53797938221e-09, 4.55833149005e-10, 3.05241443233e-10, 9.62334795185e-11, 5.85906390072e-09, 1.1690363344e-08, 1.96177118994e-09, 1.94320129432e-10, 1.13443421323e-10, 1.24117771616e-10, 5.7062337494e-11, 5.54629129082e-12],
        "min": [2.55564625018e-10, 4.58632554157e-09, 5.23453280721e-09, 1.02211387798e-07, 4.62766450937e-07, 1.78794698513e-06, 5.22918242041e-08, 1.68586439031e-06, 5.29671933691e-06, 1.13680300728e-06, 3.26801881556e-07, 2.50286404935e-07, 2.18286970721e-07, 2.28171344929e-07, 4.73975433124e-07, 1.47045938093e-07, 1.48030920855e-07, 3.06483975976e-08, 1.58197863698e-08, 6.33414876106e-10, 1.00663155589e-09, 1.97095761933e-09, 5.66024727089e-11, 2.88890883438e-10, 1.88499146847e-11, 4.36813259175e-12, 2.25524785478e-12, 4.01534101108e-12, 2.8054819752e-12, 9.42974322758e-13, 5.13285757214e-13, 4.3134590409e-13, 1.0914580871e-12, 8.87952417757e-13, 3.66808227672e-13, 3.47204876612e-13, 3.03132383561e-13, 2.75548952145e-13, 2.8232106865e-13, 2.23051083354e-13],
        "var": [6.45356543812e-13, 6.57951471084e-11, 5.29561727802e-10, 7.1859425077e-09, 2.76245710751e-08, 8.20731713702e-08, 7.86929206242e-08, 2.85945219503e-07, 3.90681088902e-06, 2.65405242317e-06, 2.05786341212e-06, 1.46258214428e-08, 1.00023692085e-06, 2.19151388592e-07, 2.34636079455e-08, 1.24911228028e-08, 1.26605399942e-07, 2.09485442326e-08, 2.09443677679e-11, 4.04404815191e-10, 1.37450944723e-11, 1.76425464949e-12, 8.24821642736e-14, 2.30363400203e-14, 4.83177662783e-15, 3.37923582549e-16, 3.00601696236e-16, 1.94973770744e-15, 5.29993343185e-15, 1.27126124619e-15, 5.59434389005e-13, 2.72164690958e-12, 1.2889051805e-12, 4.10376203505e-12, 5.37171977906e-13, 7.85662767483e-14, 3.11170258668e-14, 1.77536174509e-14, 3.10063207782e-15, 1.65986680691e-16]
    },
    "mfcc": {
        "mean": [-820.074279785, 215.50617981, -32.78383255, -74.6817016602, -32.3232154846, -9.77739143372, -38.2241668701, -12.8729696274, -18.7106361389, -7.74329566956, 0.401213765144, -10.1187543869, -3.14417505264],
        "cov": [[1880.72912598, -306.089263916, -378.137878418, -10.7783823013, -254.396881104, 155.058364868, -284.609588623, 303.451477051, 1.12871325016, 263.56362915, 108.204406738, -57.311706543, 215.898422241], [-306.089263916, 525.503479004, 105.605545044, -29.1223201752, 142.658859253, -75.8403244019, 172.316177368, -159.506896973, 47.307975769, -87.767074585, -98.2411727905, -8.08012676239, -165.546401978], [-378.137878418, 105.605545044, 352.960388184, 29.5902767181, 33.6403694153, 30.5149974823, 81.8605957031, -51.4032592773, -17.0749263763, -140.805480957, -47.093132019, 34.2448158264, -74.6186981201], [-10.7783823013, -29.1223201752, 29.5902767181, 108.684204102, 49.527923584, -11.7182569504, 18.1889781952, 15.4733448029, 23.2028942108, -8.82361221313, -6.75036811829, 15.9096050262, -22.8164176941], [-254.396881104, 142.658859253, 33.6403694153, 49.527923584, 231.431900024, -8.64844989777, 89.8989105225, -80.8835220337, 85.1748886108, -43.5302200317, -77.7123718262, 31.5877723694, -124.739608765], [155.058364868, -75.8403244019, 30.5149974823, -11.7182569504, -8.64844989777, 142.927322388, -1.18834459782, 27.9040298462, 12.2759399414, 29.781879425, 27.8252334595, -18.6765918732, 7.23032188416], [-284.609588623, 172.316177368, 81.8605957031, 18.1889781952, 89.8989105225, -1.18834459782, 231.05140686, -105.527534485, 52.7487411499, 19.5080738068, -71.8447952271, 18.4775886536, -180.091903687], [303.451477051, -159.506896973, -51.4032592773, 15.4733448029, -80.8835220337, 27.9040298462, -105.527534485, 224.519058228, -16.8484287262, 7.91004562378, 73.5379867554, 10.1148233414, 163.444915771], [1.12871325016, 47.307975769, -17.0749263763, 23.2028942108, 85.1748886108, 12.2759399414, 52.7487411499, -16.8484287262, 175.712265015, -16.5458240509, -46.0609703064, 8.03998851776, -35.1962127686], [263.56362915, -87.767074585, -140.805480957, -8.82361221313, -43.5302200317, 29.781879425, 19.5080738068, 7.91004562378, -16.5458240509, 321.635559082, 35.2756347656, -5.16034555435, -110.96295929], [108.204406738, -98.2411727905, -47.093132019, -6.75036811829, -77.7123718262, 27.8252334595, -71.8447952271, 73.5379867554, -46.0609703064, 35.2756347656, 144.096588135, -6.50668811798, 81.4803085327], [-57.311706543, -8.08012676239, 34.2448158264, 15.9096050262, 31.5877723694, -18.6765918732, 18.4775886536, 10.1148233414, 8.03998851776, -5.16034555435, -6.50668811798, 109.515991211, 1.20914673805], [215.898422241, -165.546401978, -74.6186981201, -22.8164176941, -124.739608765, 7.23032188416, -180.091903687, 163.444915771, -35.1962127686, -110.96295929, 81.4803085327, 1.20914673805, 346.722412109]],
