{
"lowlevel": {
    "average_loudness": 0.948348879814,
    "barkbands_crest": {
        "dmean": 2.16766953468,
        "dmean2": 3.58466362953,
        "dvar": 5.36269712448,
        "dvar2": 15.1774358749,
        "max": 23.4432945251,
        "mean": 10.7195291519,
        "median": 10.1546468735,
        "min": 3.63722252846,
        "var": 10.8380880356
    },
    "barkbands_flatness_db": {
        "dmean": 0.0225166510791,
        "dmean2": 0.0353833958507,
        "dvar": 0.000538533029612,
        "dvar2": 0.00123640091624,
        "max": 0.368052661419,
        "mean": 0.237788766623,
        "median": 0.240491852164,
        "min": 0.0745168179274,
        "var": 0.003067194717
    },
    "barkbands_kurtosis": {
        "dmean": 2.39303779602,
        "dmean2": 3.834004879,
        "dvar": 14.0211820602,
        "dvar2": 38.1735115051,
        "max": 42.8914604187,
        "mean": 4.40065097809,
        "median": 2.86059474945,
        "min": -1.86712193489,
        "var": 27.2661571503
    },
    "barkbands_skewness": {
        "dmean": 0.442975789309,
        "dmean2": 0.687804222107,
        "dvar": 0.279864817858,
        "dvar2": 0.693923473358,
        "max": 5.97923660278,
        "mean": 1.55877053738,
        "median": 1.43520927429,
        "min": -1.75810170174,
        "var": 0.846477270126
    },
    "barkbands_spread": {
        "dmean": 2.87567734718,
        "dmean2": 4.21332979202,
        "dvar": 31.2633571625,
        "dvar2": 57.2782859802,
        "max": 94.6293869019,
        "mean": 11.3461179733,
        "median": 8.96680164337,
        "min": 2.21565389633,
        "var": 89.5912017822
    },
    "dissonance": {
        "dmean": 0.0263894535601,
        "dmean2": 0.0436095632613,
        "dvar": 0.000594052544329,
        "dvar2": 0.00153697375208,
        "max": 0.498119115829,
        "mean": 0.42917317152,
        "median": 0.433647811413,
        "min": 0.204281717539,
        "var": 0.00160248333123
    },
    "dynamic_complexity": 3.48037171364,
    "erbbands_crest": {
        "dmean": 2.10653686523,
        "dmean2": 3.15487957001,
        "dvar": 4.73562717438,
        "dvar2": 10.4196453094,
        "max": 26.8252658844,
        "mean": 10.9141082764,
        "median": 10.7331180573,
        "min": 2.49191999435,
        "var": 19.4876384735
    },
    "erbbands_flatness_db": {
        "dmean": 0.0151602886617,
        "dmean2": 0.0192771721631,
        "dvar": 0.00029215918039,
        "dvar2": 0.000438608287368,
        "max": 0.380520313978,
        "mean": 0.237576022744,
        "median": 0.241660490632,
        "min": 0.0973348394036,
        "var": 0.0030891308561
    },
    "erbbands_kurtosis": {
        "dmean": 0.846532404423,
        "dmean2": 1.25738036633,
        "dvar": 1.08046627045,
        "dvar2": 2.38061571121,
        "max": 13.1130123138,
        "mean": 1.10430216789,
        "median": 0.627143383026,
        "min": -1.69519805908,
        "var": 4.13380289078
    },
    "erbbands_skewness": {
        "dmean": 0.289459168911,
        "dmean2": 0.415905952454,
        "dvar": 0.0881359800696,
        "dvar2": 0.187167182565,
        "max": 2.61307907104,
        "mean": 0.62752622366,
        "median": 0.609271764755,
        "min": -2.57877326012,
        "var": 0.395943433046
    },
    "erbbands_spread": {
        "dmean": 4.84489822388,
        "dmean2": 6.58402061462,
        "dvar": 45.0492286682,
        "dvar2": 80.2422943115,
        "max": 106.799026489,
        "mean": 25.5489501953,
        "median": 19.5676383972,
        "min": 6.4075551033,
        "var": 260.256378174
    },
    "hfc": {
        "dmean": 3.5823969841,
        "dmean2": 5.285343647,
        "dvar": 43.425994873,
        "dvar2": 93.1422805786,
        "max": 101.563018799,
        "mean": 16.941028595,
        "median": 17.1749382019,
        "min": 1.19620904487e-16,
        "var": 165.719787598
    },
    "melbands_crest": {
        "dmean": 2.54262113571,
        "dmean2": 4.15063238144,
        "dvar": 6.1351890564,
        "dvar2": 16.3855056763,
        "max": 28.3584880829,
        "mean": 14.249332428,
        "median": 13.7521390915,
        "min": 1.74730741978,
        "var": 16.1599216461
    },
    "melbands_flatness_db": {
        "dmean": 0.0258066020906,
        "dmean2": 0.0375464856625,
        "dvar": 0.000921020866372,
        "dvar2": 0.00194282107987,
        "max": 0.499827802181,
        "mean": 0.296843498945,
        "median": 0.298185884953,
        "min": 0.00519357807934,
        "var": 0.00576481223106
    },
    "melbands_kurtosis": {
        "dmean": 4.75494432449,
        "dmean2": 7.62724113464,
        "dvar": 69.4059753418,
        "dvar2": 185.857666016,
        "max": 105.844993591,
        "mean": 9.69644355774,
        "median": 5.92092609406,
        "min": -1.19851970673,
        "var": 137.083358765
    },
    "melbands_skewness": {
        "dmean": 0.544359564781,
        "dmean2": 0.842200160027,
        "dvar": 0.467499643564,
        "dvar2": 1.1541377306,
        "max": 8.65888595581,
        "mean": 2.18088150024,
        "median": 1.92350900173,
        "min": -0.11764574796,
        "var": 1.67860746384
    },
    "melbands_spread": {
        "dmean": 3.32710766792,
        "dmean2": 4.95222997665,
        "dvar": 56.4084892273,
        "dvar2": 98.2957229614,
        "max": 132.345199585,
        "mean": 12.1249694824,
        "median": 10.303393364,
        "min": 2.02444577217,
        "var": 100.075843811
    },
    "pitch_salience": {
        "dmean": 0.0609923601151,
        "dmean2": 0.102281048894,
        "dvar": 0.00408553378657,
        "dvar2": 0.0111181940883,
        "max": 0.864841461182,
        "mean": 0.520525217056,
        "median": 0.516084253788,
        "min": 0.217141225934,
        "var": 0.0112308673561
    },
    "silence_rate_20dB": {
        "dmean": 0,
        "dmean2": 0,
        "dvar": 0,
        "dvar2": 0,
        "max": 1,
        "mean": 1,
        "median": 1,
        "min": 1,
        "var": 0
    },
    "silence_rate_30dB": {
        "dmean": 0.0464396290481,
        "dmean2": 0.0929512009025,
        "dvar": 0.0442824922502,
        "dvar2": 0.104449227452,
        "max": 1,
        "mean": 0.952822864056,
        "median": 1,
        "min": 0,
        "var": 0.0449507422745
    },
    "silence_rate_60dB": {
        "dmean": 0.00464396271855,
        "dmean2": 0.00929511990398,
        "dvar": 0.00462240353227,
        "dvar2": 0.00920867919922,
        "max": 1,
        "mean": 0.0525908730924,
        "median": 0,
        "min": 0,
        "var": 0.0498249270022
    },
    "spectral_centroid": {
        "dmean": 133.138320923,
        "dmean2": 187.223220825,
        "dvar": 138589.140625,
        "dvar2": 184258.203125,
        "max": 10977.8300781,
        "mean": 703.984436035,
        "median": 581.488220215,
        "min": 275.050933838,
        "var": 258935.484375
    },
    "spectral_complexity": {
        "dmean": 2.53715181351,
        "dmean2": 4.06041812897,
        "dvar": 11.4808311462,
        "dvar2": 25.2217235565,
        "max": 54,
        "mean": 14.8081979752,
        "median": 14,
        "min": 0,
        "var": 47.2501106262
    },
    "spectral_decrease": {
        "dmean": 3.34860983386e-09,
        "dmean2": 5.55135359903e-09,
        "dvar": 4.74966048937e-17,
        "dvar2": 1.24167618529e-16,
        "max": -3.72024454471e-29,
        "mean": -1.15720739657e-08,
        "median": -1.07008473194e-08,
        "min": -7.65122649682e-08,
        "var": 9.30393430061e-17
    },
    "spectral_energy": {
        "dmean": 0.0128425443545,
        "dmean2": 0.0212538782507,
        "dvar": 0.000689618231263,
        "dvar2": 0.00179851008579,
        "max": 0.292703598738,
        "mean": 0.0452122762799,
        "median": 0.0421066582203,
        "min": 1.09903796373e-20,
        "var": 0.00138269294985
    },
    "spectral_energyband_high": {
        "dmean": 0.000192398016225,
        "dmean2": 0.00025640547392,
        "dvar": 4.85531302274e-07,
        "dvar2": 8.83231621174e-07,
        "max": 0.0139288669452,
        "mean": 0.000336502707796,
        "median": 4.9115245929e-05,
        "min": 7.95696535164e-21,
        "var": 1.12446571165e-06
    },
    "spectral_energyband_low": {
        "dmean": 0.0103570306674,
        "dmean2": 0.0179103929549,
        "dvar": 0.000640447309706,
        "dvar2": 0.00175354466774,
        "max": 0.265958666801,
        "mean": 0.0217917803675,
        "median": 0.010973000899,
        "min": 1.00748404945e-22,
        "var": 0.000838283798657
    },
    "spectral_energyband_middle_high": {
        "dmean": 0.00108893250581,
        "dmean2": 0.00158574315719,
        "dvar": 2.83928670797e-06,
        "dvar2": 6.47535898679e-06,
        "max": 0.0243238843977,
        "mean": 0.00389734562486,
        "median": 0.00277953059413,
        "min": 1.69229864413e-21,
        "var": 1.38447348945e-05
    },
    "spectral_energyband_middle_low": {
        "dmean": 0.00561329117045,
        "dmean2": 0.00878976099193,
        "dvar": 0.000111226254376,
        "dvar2": 0.000261003820924,
        "max": 0.137825474143,
        "mean": 0.0210024155676,
        "median": 0.0191196072847,
        "min": 3.00140445586e-22,
        "var": 0.000278947409242
    },
    "spectral_entropy": {
        "dmean": 0.164945200086,
        "dmean2": 0.215797781944,
        "dvar": 0.0460440441966,
        "dvar2": 0.0710478499532,
        "max": 9.79776096344,
        "mean": 6.81134843826,
        "median": 6.69278478622,
        "min": 5.6163482666,
        "var": 0.330156356096
    },
    "spectral_flux": {
        "dmean": 0.0274488255382,
        "dmean2": 0.0420535877347,
        "dvar": 0.00173226417974,
        "dvar2": 0.0035542526748,
        "max": 0.469960510731,
        "mean": 0.0775249376893,
        "median": 0.0627358034253,
        "min": 1.0483500873e-10,
        "var": 0.00388303166255
    },
    "spectral_kurtosis": {
        "dmean": 6.56655454636,
        "dmean2": 10.9349651337,
        "dvar": 78.0285186768,
        "dvar2": 210.348114014,
        "max": 118.914985657,
        "mean": 15.2318477631,
        "median": 9.58475780487,
        "min": -1.18724107742,
        "var": 311.25402832
    },
    "spectral_rms": {
        "dmean": 0.000803545641247,
        "dmean2": 0.00128597766161,
        "dvar": 1.63682750554e-06,
        "dvar2": 3.96933501179e-06,
        "max": 0.0168986525387,
        "mean": 0.00603358168155,
        "median": 0.00640934240073,
        "min": 3.27449547512e-12,
        "var": 7.70547467255e-06
    },
    "spectral_rolloff": {
        "dmean": 212.748092651,
        "dmean2": 336.090942383,
        "dvar": 520619.53125,
        "dvar2": 759179.0625,
        "max": 18518.5546875,
        "mean": 738.323974609,
        "median": 581.396484375,
        "min": 107.666015625,
        "var": 789808.875
    },
    "spectral_skewness": {
        "dmean": 0.525888562202,
        "dmean2": 0.836551189423,
        "dvar": 0.33556547761,
        "dvar2": 0.869690299034,
        "max": 8.46145439148,
        "mean": 2.53847575188,
        "median": 2.34947872162,
        "min": -0.0894072130322,
        "var": 1.59069252014
    },
    "spectral_spread": {
        "dmean": 420756.3125,
        "dmean2": 543843.375,
        "dvar": 1.38330334822e+12,
        "dvar2": 1.23804267315e+12,
        "max": 39466452,
        "mean": 2834202,
        "median": 2620843.75,
        "min": 640148.875,
        "var": 2.89639104512e+12
    },
    "spectral_strongpeak": {
        "dmean": 0.403616786003,
        "dmean2": 0.694780945778,
        "dvar": 0.399211317301,
        "dvar2": 1.0533195734,
        "max": 5.35998106003,
        "mean": 0.953768968582,
        "median": 0.623164892197,
        "min": 0,
        "var": 0.872762143612
    },
    "zerocrossingrate": {
        "dmean": 0.00560540845618,
        "dmean2": 0.00622208742425,
        "dvar": 0.000225328389206,
        "dvar2": 0.000195982240257,
        "max": 0.50146484375,
        "mean": 0.030023066327,
        "median": 0.025390625,
        "min": 0.00244140625,
        "var": 0.000586481473874
    },
    "barkbands": {
        "dmean": [0.000220428119064, 0.00768853630871, 0.00316121964715, 0.00210075988434, 0.00248060375452, 0.00151079276111, 0.000828826217912, 0.00116529373918, 0.000682642043103, 0.000459293689346, 0.000307746959152, 0.000230791978538, 0.000251439516433, 0.000233782586292, 0.000119266878755, 8.89067086973e-05, 4.93023944728e-05, 7.14913621778e-05, 5.86896640016e-05, 7.92020437075e-05, 4.61551644548e-05, 4.90353486384e-05, 4.36101363448e-05, 3.50743248418e-05, 5.12465658176e-06, 5.0761532755e-09, 1.64057056828e-09],
        "dmean2": [0.00039638459566, 0.0132537726313, 0.00550483493134, 0.00347450119443, 0.00390221248381, 0.00237850146368, 0.0012596383458, 0.00160376424901, 0.00097982515581, 0.000608574482612, 0.000447615922894, 0.000345622102031, 0.000386797531974, 0.000369907735148, 0.00019107364642, 0.000144610690768, 8.09073899291e-05, 0.000113930611406, 9.97688257485e-05, 0.000124184400192, 6.72579117236e-05, 6.68624925311e-05, 6.26825058134e-05, 4.85560049128e-05, 6.95989501764e-06, 7.43904227107e-09, 2.98177837976e-09],
        "dvar": [4.35303689983e-07, 0.000458298512967, 4.5565138862e-05, 6.09842718404e-05, 1.84335895028e-05, 7.10483664079e-06, 3.66127892448e-06, 5.29990711584e-06, 2.82658720607e-06, 7.82474046446e-07, 3.31840027457e-07, 2.24007720817e-07, 2.86057371568e-07, 3.15325621614e-07, 5.3425171842e-08, 4.06607725267e-08, 1.2581644171e-08, 4.60732145768e-08, 3.17821360341e-08, 1.61437469615e-07, 3.65626817711e-08, 4.24223394191e-08, 4.02072046768e-08, 2.8140433983e-08, 4.73032168991e-10, 3.74267357566e-16, 6.15558116078e-18],
        "dvar2": [1.35126936129e-06, 0.00129403825849, 0.000126190236188, 0.000156496753334, 4.4915414037e-05, 1.75199202204e-05, 8.19031720312e-06, 1.04880919025e-05, 5.66308062844e-06, 1.09984512164e-06, 6.59560157601e-07, 4.55516698139e-07, 6.31990531019e-07, 7.76803290137e-07, 1.23188115708e-07, 1.0433412001e-07, 3.19137463123e-08, 1.18237998947e-07, 8.8103952578e-08, 3.73751447569e-07, 8.19716916567e-08, 7.88609000324e-08, 7.29580875714e-08, 5.31668042925e-08, 7.52183815234e-10, 7.49009424159e-16, 1.9014141006e-17],
        "max": [0.0099026337266, 0.221365511417, 0.106039121747, 0.0874570682645, 0.0581892281771, 0.0375773236156, 0.0393008552492, 0.0331376418471, 0.033069267869, 0.0158391278237, 0.0126647800207, 0.00918679498136, 0.00746176484972, 0.00912985019386, 0.00428911158815, 0.00371545436792, 0.00261762854643, 0.00376847898588, 0.00215333304368, 0.012558311224, 0.00493076769635, 0.00483253831044, 0.00501980213448, 0.00356870517135, 0.000518332177307, 5.18992862908e-07, 2.17801030544e-08],
        "mean": [0.00029660918517, 0.0133389104158, 0.00660772388801, 0.00241889199242, 0.00612380588427, 0.00403952226043, 0.00210867077112, 0.00393498968333, 0.00180308322888, 0.00136012712028, 0.000758584006689, 0.000486499280669, 0.000481564726215, 0.000396064424422, 0.00020779845363, 0.00014798763732, 0.000103794518509, 0.000121758392197, 8.82491222001e-05, 0.00010511092114, 7.48104212107e-05, 7.8029166616e-05, 6.69182190904e-05, 5.56307240913e-05, 7.18103137842e-06, 6.34201047234e-09, 1.36762223768e-09],
        "median": [0.000118788862892, 0.00715730292723, 0.00215562619269, 0.000609146489296, 0.00328820687719, 0.00250609195791, 0.000954563496634, 0.000624381820671, 0.000447920523584, 0.000443688390078, 0.000285616755718, 0.000177661742782, 0.000190948529053, 0.000172277039383, 9.24433625187e-05, 7.14825000614e-05, 3.61351922038e-05, 3.66275089618e-05, 2.61852346739e-05, 2.48403594014e-05, 5.33896400157e-06, 3.06058723254e-06, 1.02774774859e-05, 8.77710226632e-06, 6.27687825272e-07, 1.44952994052e-09, 4.46427561585e-10],
        "min": [1.46027807242e-24, 2.53729347773e-23, 4.85226133991e-23, 3.41925637807e-23, 5.43691834229e-23, 3.99663976737e-23, 1.29778962729e-23, 4.79873460313e-23, 1.07498441586e-22, 4.99177233763e-23, 4.73969151982e-23, 9.45122764731e-23, 9.78827320223e-23, 1.2098244735e-22, 1.97376381122e-22, 2.03645616508e-22, 2.14522556887e-22, 3.36829747821e-22, 2.07552068332e-22, 3.47761037561e-22, 5.61288897644e-22, 4.72148069738e-22, 6.67102736233e-22, 7.34291521522e-22, 1.2885562502e-21, 1.7236442657e-21, 2.49666292544e-21],
        "var": [3.38327652116e-07, 0.000447373575298, 8.57834747876e-05, 5.44343165529e-05, 5.43455826119e-05, 2.49328513746e-05, 1.45246604006e-05, 3.88202897739e-05, 1.25526721604e-05, 5.47235094928e-06, 1.77123740741e-06, 9.70549876911e-07, 6.88105387781e-07, 4.84504937504e-07, 1.06925625687e-07, 6.32467020978e-08, 5.91450053378e-08, 9.12471307402e-08, 3.71905741758e-08, 1.93294965811e-07, 5.64911815104e-08, 1.005343222e-07, 7.8282909044e-08, 5.57333024176e-08, 1.06553821322e-09, 6.15916831222e-16, 5.39927503747e-18]
    },
    "erbbands": {
        "dmean": [0.165525078773, 1.95929026604, 3.95465230942, 5.49815893173, 5.01561689377, 10.2951898575, 13.3509778976, 12.2484807968, 10.2191791534, 20.351108551, 21.1320724487, 15.91015625, 13.9070568085, 12.4810066223, 11.7576818466, 9.52879810333, 10.4908227921, 13.0772333145, 7.49043703079, 5.56729221344, 3.6698141098, 2.34849977493, 3.6495308876, 3.53504657745, 3.16209745407, 3.51783895493, 2.21731114388, 1.98574364185, 1.91851186752, 1.14400184155, 1.29810965061, 0.962856054306, 0.459616661072, 0.112515501678, 0.00698927370831, 0.000326197681716, 2.38241063926e-05, 4.40383064415e-06, 6.29656506135e-06, 1.41780847116e-05],
        "dmean2": [0.268678069115, 3.44036316872, 6.91872692108, 9.01945781708, 8.09951496124, 15.9809846878, 20.0554447174, 20.4187831879, 16.234292984, 30.4970340729, 29.0623130798, 22.1720924377, 19.2896099091, 16.2880859375, 16.9338436127, 13.7839288712, 16.2349739075, 20.0817661285, 11.587141037, 9.34050941467, 5.9841632843, 3.74741029739, 5.72083902359, 5.8660826683, 5.25578308105, 5.36979198456, 3.44332838058, 2.84606480598, 2.64634180069, 1.62943804264, 1.77757751942, 1.39662730694, 0.628637909889, 0.144934177399, 0.00918778125197, 0.000419240648625, 3.12195988954e-05, 6.03340822636e-06, 1.01562118289e-05, 2.33360406128e-05],
        "dvar": [0.206674516201, 29.7665042877, 76.103187561, 285.384918213, 198.78956604, 361.345611572, 514.294189453, 546.926696777, 515.067810059, 2112.93359375, 2671.81518555, 1661.24304199, 933.386047363, 710.18157959, 517.061889648, 388.763946533, 483.751068115, 1078.88928223, 242.522201538, 154.188186646, 52.7820472717, 27.656999588, 99.3819198608, 109.698265076, 186.711456299, 184.860214233, 96.4283218384, 98.2290649414, 68.879447937, 21.9090213776, 35.4628410339, 24.0458068848, 4.31980705261, 0.204176977277, 0.00170175544918, 3.19909236168e-06, 9.32000077114e-09, 2.47205200754e-10, 1.48912243647e-10, 8.08343503245e-10],
        "dvar2": [0.537659466267, 86.529045105, 215.97492981, 728.097167969, 493.474182129, 856.360290527, 1032.34265137, 1438.27990723, 1110.78149414, 4788.02832031, 5108.69189453, 3402.31494141, 1956.19262695, 958.240600586, 1020.69268799, 787.628540039, 1134.66503906, 2694.15844727, 534.635620117, 420.241912842, 136.464614868, 71.0468521118, 241.058135986, 311.900909424, 500.319000244, 372.039031982, 243.805511475, 226.167938232, 131.100997925, 45.8240013123, 58.587890625, 42.2944488525, 8.38851261139, 0.292507350445, 0.00259476038627, 4.75445267512e-06, 1.35098314757e-08, 3.71480235462e-10, 3.67008062829e-10, 2.10105355336e-09],
        "max": [4.32366800308, 55.891078949, 108.675163269, 167.912490845, 162.069992065, 270.526550293, 296.386077881, 381.003936768, 491.261352539, 714.82421875, 938.688476562, 903.848022461, 627.62097168, 543.052307129, 596.31451416, 435.596282959, 351.212463379, 579.765380859, 266.87020874, 239.131912231, 93.1798324585, 94.9669113159, 203.766372681, 140.512512207, 322.220092773, 392.000946045, 267.9949646, 266.900726318, 177.191558838, 129.076156616, 147.471282959, 109.06640625, 45.2128372192, 9.96778297424, 1.07047939301, 0.0447297021747, 0.00196811021306, 0.000334076263243, 0.000138111237902, 0.00032098061638],
        "mean": [0.329622447491, 3.16183924675, 7.71547603607, 8.67821121216, 7.52920913696, 25.1039466858, 35.607208252, 31.5500812531, 27.9807186127, 69.8040771484, 64.7685089111, 43.085899353, 43.3016929626, 38.4402923584, 30.7256298065, 23.0684814453, 22.6963310242, 23.0021572113, 13.9141578674, 9.34584903717, 7.00578451157, 5.08689165115, 6.95467472076, 5.52007818222, 4.32418012619, 4.94281721115, 3.36028552055, 3.07374954224, 2.97842955589, 1.84770774841, 2.00568819046, 1.51554310322, 0.7254165411, 0.171568885446, 0.00939201842993, 0.000479433307191, 4.98617300764e-05, 9.35053958528e-06, 2.31522462855e-05, 5.10925092385e-05],
        "median": [0.172764390707, 1.46787106991, 3.03826832771, 2.73275947571, 3.12268066406, 11.5070362091, 22.706905365, 18.9050865173, 15.3745498657, 15.5707025528, 16.2200565338, 14.687836647, 15.2263441086, 14.8918905258, 14.8585500717, 9.33596992493, 10.8207321167, 9.96281719208, 6.64726781845, 4.89184236526, 3.26193261147, 1.86781287193, 2.15744137764, 1.84123504162, 1.18937218189, 1.21387970448, 0.4285582304, 0.148834779859, 0.111788056791, 0.125223904848, 0.329141050577, 0.22844542563, 0.119565084577, 0.0191674903035, 0.00061917869607, 6.91825916874e-05, 2.29379893426e-05, 4.56826319351e-06, 2.14524061448e-05, 4.82359500893e-05],
        "min": [1.11679833524e-21, 4.900213102e-21, 3.84425888894e-20, 1.14977588157e-19, 1.18227386913e-19, 2.29806826641e-19, 2.6317025192e-19, 3.11183226792e-19, 1.7180701589e-19, 2.94287830136e-19, 1.292543016e-18, 2.84516816019e-18, 1.54907622917e-18, 1.88745203633e-18, 3.02576753731e-18, 3.22617871727e-18, 4.56495213392e-18, 6.8898710449e-18, 4.62620982136e-18, 1.52875533801e-17, 1.15340592233e-17, 1.12365025046e-17, 1.73434843229e-17, 1.18571923665e-17, 1.15032624619e-17, 1.6109669993e-17, 2.23954320114e-17, 2.04983511791e-17, 1.47334184704e-17, 1.67261792841e-17, 2.08055164278e-17, 1.67415549173e-17, 1.31715616803e-17, 1.68905764677e-17, 7.49538462409e-18, 6.14761210276e-18, 3.18181950256e-18, 1.37713722628e-18, 3.78192792173e-19, 3.50143582277e-20],
        "var": [0.245047941804, 27.2505550385, 117.901802063, 315.377593994, 214.660842896, 1166.44824219, 1783.51318359, 1911.01159668, 2313.62597656, 13692.5830078, 11574.5761719, 7009.91503906, 5229.71728516, 5329.07275391, 2310.94091797, 1968.71630859, 1238.92675781, 1621.42980957, 468.817626953, 201.823684692, 110.357902527, 98.9244537354, 302.098266602, 127.779846191, 204.795318604, 299.517791748, 115.536140442, 134.894424438, 150.540176392, 48.4214782715, 74.2402420044, 45.3016014099, 8.76609802246, 0.508366167545, 0.00373964803293, 7.22176264389e-06, 2.26796021963e-08, 6.13713968534e-10, 3.4830133222e-10, 1.68755087682e-09]
    },
    "gfcc": {
        "mean": [-62.5633163452, 182.520980835, -131.826431274, 29.5342407227, -60.910118103, 12.3738098145, -27.4392280579, -7.45025873184, 0.743843019009, -20.8702850342, 16.5789337158, -21.4346847534, 7.10370159149],
        "cov": [[10022.8828125, -1427.74853516, -171.035049438, 1696.35021973, -944.257568359, 836.078918457, 11.0366191864, 146.068710327, 136.098449707, -52.7955284119, 52.4101333618, -199.148803711, 7.66747140884], [-1427.74853516, 1479.34020996, 116.376800537, -852.678527832, 754.168884277, -277.945953369, 223.838882446, -65.9354095459, 91.2292709351, -27.6758117676, 63.0404548645, 53.4919815063, -6.99389028549], [-171.035049438, 116.376800537, 336.993652344, 55.4029121399, 114.440246582, 102.65032196, 60.9273719788, 25.1254825592, 37.9162139893, 15.0088415146, 9.80388069153, 4.61341667175, -14.5413742065], [1696.35021973, -852.678527832, 55.4029121399, 906.142883301, -340.852539062, 249.272232056, -35.2082595825, 40.4295120239, 27.5908260345, 41.4109230042, -76.1284942627, -22.2360992432, 43.2411727905], [-944.257568359, 754.168884277, 114.440246582, -340.852539062, 616.55480957, -141.244018555, 133.54208374, -17.2378940582, 54.3767471313, 31.9965343475, -33.4757003784, 86.6455535889, 26.53881073], [836.078918457, -277.945953369, 102.65032196, 249.272232056, -141.244018555, 294.422332764, 63.2765464783, 42.4018135071, 2.18486118317, 12.0386390686, 18.7728385925, -47.6370773315, -7.16055965424], [11.0366191864, 223.838882446, 60.9273719788, -35.2082595825, 133.54208374, 63.2765464783, 223.162582397, 35.8520584106, 13.1584997177, 29.4382171631, 3.60476946831, -10.1799955368, 5.60834121704], [146.068710327, -65.9354095459, 25.1254825592, 40.4295120239, -17.2378940582, 42.4018135071, 35.8520584106, 134.495330811, 15.3014974594, 2.07410740852, 30.3145618439, -29.7936859131, 1.70436382294], [136.098449707, 91.2292709351, 37.9162139893, 27.5908260345, 54.3767471313, 2.18486118317, 13.1584997177, 15.3014974594, 109.407180786, 11.9749507904, 13.2623720169, 20.3624172211, -0.601309120655], [-52.7955284119, -27.6758117676, 15.0088415146, 41.4109230042, 31.9965343475, 12.0386390686, 29.4382171631, 2.07410740852, 11.9749507904, 84.7588729858, -18.7147846222, 17.5073795319, 18.7053909302], [52.4101333618, 63.0404548645, 9.80388069153, -76.1284942627, -33.4757003784, 18.7728385925, 3.60476946831, 30.3145618439, 13.2623720169, -18.7147846222, 102.863365173, -12.9190778732, -17.4508304596], [-199.148803711, 53.4919815063, 4.61341667175, -22.2360992432, 86.6455535889, -47.6370773315, -10.1799955368, -29.7936859131, 20.3624172211, 17.5073795319, -12.9190778732, 114.862846375, 30.6110229492], [7.66747140884, -6.99389028549, -14.5413742065, 43.2411727905, 26.53881073, -7.16055965424, 5.60834121704, 1.70436382294, -0.601309120655, 18.7053909302, -17.4508304596, 30.6110229492, 60.7230491638]],
        "icov": [[0.000230018587899, -0.00059999426594, 0.000478809437482, -0.000682225159835, 0.000393975758925, -0.000674245355185, 0.0003361896961, -0.000326884532114, 7.58297028369e-05, 1.90125501831e-06, 5.98978549533e-05, -0.00020502746338, 0.000349492533132], [-0.00059999426594, 0.0102530485019, -0.00296815345064, 0.00633273972198, -0.00720398500562, 0.004940089304, -0.00633802264929, 0.0064511904493, -0.00598587002605, 0.00434579979628, -0.00458563771099, 0.00541290687397, -0.00527286436409], [0.000478809437482, -0.00296815345064, 0.00557147338986, -0.002741337521, 0.000538515392691, -0.00385719258338, 0.00201315013692, -0.00207540905103, 0.000898480066098, -0.00103126757313, 0.000491090759169, -0.00176742556505, 0.00342479674146], [-0.000682225159835, 0.00633273972198, -0.002741337521, 0.00682720309123, -0.00301514402963, 0.00223555229604, -0.00358988111839, 0.003371440107, -0.00456450739875, 0.00191981694661, -2.06916065508e-05, 0.00290164863691, -0.00498959654942], [0.000393975758925, -0.00720398500562, 0.000538515392691, -0.00301514402963, 0.00897564645857, -0.00212253420614, 0.00243679597043, -0.00462609622627, 0.00271173589863, -0.00318680633791, 0.00532303843647, -0.00520958332345, 0.00229277438484], [-0.000674245355185, 0.004940089304, -0.00385719258338, 0.00223555229604, -0.00212253420614, 0.00979392975569, -0.00529256416485, 0.00300979474559, -0.00183785823174, 0.0013102957746, -0.00335432658903, 0.00351656111889, -0.00253314594738], [0.0003361896961, -0.00633802264929, 0.00201315013692, -0.00358988111839, 0.00243679597043, -0.00529256416485, 0.0107030682266, -0.00515808770433, 0.00398481171578, -0.00440137274563, 0.0026880921796, -0.00219904794358, 0.00300951534882], [-0.000326884532114, 0.0064511904493, -0.00207540905103, 0.003371440107, -0.00462609622627, 0.00300979474559, -0.00515808770433, 0.0134379593655, -0.00486760446802, 0.00268588680774, -0.00594325130805, 0.00613210815936, -0.0053123687394], [7.58297028369e-05, -0.00598587002605, 0.000898480066098, -0.00456450739875, 0.00271173589863, -0.00183785823174, 0.00398481171578, -0.00486760446802, 0.0151693755761, -0.00403930526227, 0.000221427500946, -0.00514872092754, 0.00518691819161], [1.90125501831e-06, 0.00434579979628, -0.00103126757313, 0.00191981694661, -0.00318680633791, 0.0013102957746, -0.00440137274563, 0.00268588680774, -0.00403930526227, 0.0163089428097, -0.000266172894044, 0.00117012951523, -0.00496560009196], [5.98978549533e-05, -0.00458563771099, 0.000491090759169, -2.06916065508e-05, 0.00532303843647, -0.00335432658903, 0.0026880921796, -0.00594325130805, 0.000221427500946, -0.000266172894044, 0.0164966508746, -0.00354495528154, 0.00340529507957], [-0.00020502746338, 0.00541290687397, -0.00176742556505, 0.00290164863691, -0.00520958332345, 0.00351656111889, -0.00219904794358, 0.00613210815936, -0.00514872092754, 0.00117012951523, -0.00354495528154, 0.0158585812896, -0.00854234583676], [0.000349492533132, -0.00527286436409, 0.00342479674146, -0.00498959654942, 0.00229277438484, -0.00253314594738, 0.00300951534882, -0.0053123687394, 0.00518691819161, -0.00496560009196, 0.00340529507957, -0.00854234583676, 0.0256262961775]]
    },
    "melbands": {
        "dmean": [0.00182789179962, 0.00219017430209, 0.000897806428839, 0.000458080845419, 0.000498976616655, 0.000276128586847, 0.000161370553542, 0.0002272855927, 0.000169096791069, 9.81300399872e-05, 7.01529570506e-05, 5.27464253537e-05, 4.26284568675e-05, 2.66029783234e-05, 2.63928686763e-05, 2.35973220697e-05, 2.58256823145e-05, 1.30358157548e-05, 7.99211284175e-06, 7.72358544054e-06, 4.18346553488e-06, 2.51246706284e-06, 3.03013075609e-06, 3.89399110645e-06, 2.95525160254e-06, 2.0668394427e-06, 2.77787034975e-06, 2.35989546127e-06, 1.68748113083e-06, 1.02058299944e-06, 1.24096129639e-06, 1.17782531106e-06, 8.95834205039e-07, 5.95989888552e-07, 7.37961158848e-07, 8.17307352463e-07, 5.65231687233e-07, 3.85140680237e-07, 1.75766487587e-07, 6.75181581755e-08],
        "dmean2": [0.00306875561364, 0.00392351532355, 0.00146807415877, 0.00072746805381, 0.000763224146795, 0.000456487236079, 0.000249793491093, 0.00033342995448, 0.000233596932958, 0.000137335795444, 9.6651041531e-05, 6.79201257299e-05, 6.20471255388e-05, 3.88502012356e-05, 3.87686231988e-05, 3.63866056432e-05, 3.98801057599e-05, 2.01373604796e-05, 1.29679810925e-05, 1.27473704197e-05, 6.69082328386e-06, 4.0826030272e-06, 4.86386625198e-06, 6.23531013844e-06, 4.94089454151e-06, 3.5352179566e-06, 4.48616492577e-06, 3.73547709387e-06, 2.75591150967e-06, 1.53169196437e-06, 1.83985105195e-06, 1.69357349478e-06, 1.20996594433e-06, 9.1355582299e-07, 1.03180616406e-06, 1.17117963327e-06, 8.12249254523e-07, 5.41320275715e-07, 2.36414649635e-07, 9.26374781329e-08],
        "dvar": [2.63224974333e-05, 2.93454359053e-05, 7.72699786467e-06, 8.0779250311e-07, 6.82572249389e-07, 2.63546411361e-07, 1.26971400505e-07, 2.35530436044e-07, 1.78775010795e-07, 6.86079459911e-08, 2.28593730611e-08, 1.33126354385e-08, 6.00806648876e-09, 3.31555582989e-09, 2.13933915028e-09, 3.08971959129e-09, 4.19796597484e-09, 8.519732142e-10, 2.66203226129e-10, 3.50332873822e-10, 7.47334971685e-11, 3.23541714253e-11, 5.90273871448e-11, 1.54358054116e-10, 7.55570606081e-11, 4.90447821244e-11, 2.67056099457e-10, 7.06250474769e-11, 9.15374304133e-11, 1.53879530645e-11, 4.00320089577e-11, 2.58094934313e-11, 1.68811770118e-11, 5.94010691329e-12, 1.07911804492e-11, 2.05084144111e-11, 7.57915605276e-12, 3.41339023019e-12, 3.39008037137e-13, 1.19449819502e-13],
        "dvar2": [7.24302808521e-05, 8.3816528786e-05, 1.96844302991e-05, 1.94161680156e-06, 1.49640823111e-06, 6.84016868036e-07, 2.75243223768e-07, 5.27316615262e-07, 3.38213936857e-07, 1.4627958933e-07, 4.70806753583e-08, 1.73068226417e-08, 1.20967387218e-08, 6.38874242398e-09, 4.74713468535e-09, 6.98604729621e-09, 1.05589084143e-08, 1.86699811167e-09, 6.9183231366e-10, 8.7418045025e-10, 1.905406527e-10, 8.23821427742e-11, 1.59337126826e-10, 4.03369004864e-10, 2.17694709481e-10, 1.36665068151e-10, 6.61270871394e-10, 1.54339319103e-10, 2.55570425933e-10, 3.34077938924e-11, 9.2825545861e-11, 5.11657036184e-11, 2.9251000927e-11, 1.48923061383e-11, 1.79092816965e-11, 3.78910652854e-11, 1.4418960817e-11, 7.06062855751e-12, 5.30395931168e-13, 1.9117900893e-13],
        "max": [0.051465343684, 0.0558653697371, 0.0299719143659, 0.0118150562048, 0.0108482828364, 0.00838109012693, 0.00728631950915, 0.00729263061658, 0.00785168074071, 0.00608857814223, 0.00309317791834, 0.00230679172091, 0.00176912907045, 0.0012734773336, 0.00078457116615, 0.000814108992927, 0.00114373362157, 0.000582293025218, 0.000203008952667, 0.000359956087777, 0.000130852960865, 0.000111051274871, 0.00011688957602, 0.000236959836911, 0.000113937428978, 0.000101956640719, 0.000491904269438, 0.000193471089005, 0.000256454804912, 9.55883151619e-05, 0.000166560683283, 0.00010384961206, 0.000123790261569, 5.95559395151e-05, 7.64684155001e-05, 0.000132808316266, 6.18523918092e-05, 4.07717234339e-05, 1.08697240648e-05, 8.29025248095e-06],
        "mean": [0.00336518744007, 0.00424487516284, 0.00145892205182, 0.0010344031034, 0.00134910596535, 0.000715021975338, 0.000427224615123, 0.000805613526609, 0.000484917487483, 0.000261454493739, 0.000210607337067, 0.000154350680532, 0.00010600771202, 6.28766792943e-05, 5.67032220715e-05, 4.41026495537e-05, 4.29202082159e-05, 2.255768959e-05, 1.33524299599e-05, 1.2384942238e-05, 7.47170633986e-06, 5.14169960297e-06, 5.59761974728e-06, 6.60556725052e-06, 4.2685792323e-06, 2.88767364509e-06, 3.42773023476e-06, 3.25622613673e-06, 2.27191867452e-06, 1.66667518897e-06, 1.78773359494e-06, 1.72999671122e-06, 1.41832697409e-06, 8.82286542492e-07, 1.12927773444e-06, 1.17844979286e-06, 8.48048443913e-07, 5.7885034721e-07, 2.86651328452e-07, 8.97633967156e-08],
        "median": [0.0018688715063, 0.00189137482084, 0.00051941088168, 0.000493792351335, 0.000876441714354, 0.000437324284576, 0.000214871455682, 0.000173459702637, 0.000114729708002, 7.52510895836e-05, 6.74193943269e-05, 4.95513413625e-05, 4.43438402726e-05, 2.1706435291e-05, 2.24548148253e-05, 2.05010055652e-05, 1.72604650288e-05, 9.9532362583e-06, 6.270274298e-06, 6.03930357101e-06, 3.04484615299e-06, 1.81146674549e-06, 1.86624754406e-06, 1.83439681223e-06, 1.344838779e-06, 8.11799054645e-07, 7.91295462932e-07, 7.35098012683e-07, 2.75449849596e-07, 1.07608471467e-07, 7.13361671956e-08, 6.2284534863e-08, 5.37946789336e-08, 6.91759893812e-08, 1.69854416754e-07, 1.95201209863e-07, 1.12285064802e-07, 9.23174141576e-08, 4.1887115998e-08, 4.54163862074e-09],
        "min": [8.13481411845e-24, 1.56033910262e-23, 1.81051245476e-23, 1.42745011888e-23, 8.45616134136e-24, 6.97582362081e-24, 2.5752054623e-24, 4.61512383534e-24, 9.38825177684e-24, 1.92119279521e-23, 7.65804709772e-24, 7.50636255628e-24, 9.28542375784e-24, 7.98393421514e-24, 1.02049886599e-23, 1.04107125399e-23, 1.31354704498e-23, 5.58308219846e-24, 1.59756671092e-23, 1.90486479442e-23, 1.3841495438e-23, 1.19242605157e-23, 1.18339264757e-23, 1.92604760299e-23, 8.2461421137e-24, 8.05275365165e-24, 8.79080244824e-24, 1.14685142715e-23, 1.46651009329e-23, 1.2713687823e-23, 1.12673334414e-23, 7.51182699577e-24, 1.04009101543e-23, 8.64421000395e-24, 1.16260963371e-23, 1.15984814722e-23, 9.96959414347e-24, 7.23412744675e-24, 1.29564786993e-23, 1.47790234917e-23],
        "var": [2.71192802757e-05, 3.64422921848e-05, 8.32761998026e-06, 1.97599479179e-06, 2.25864187087e-06, 9.21576997825e-07, 5.65711332001e-07, 1.86323438811e-06, 7.22786978713e-07, 2.94645190024e-07, 1.29832358198e-07, 1.01307932709e-07, 3.0398368267e-08, 1.58026196573e-08, 7.28150739704e-09, 5.48908740683e-09, 6.21148776858e-09, 1.48817458356e-09, 4.05108835366e-10, 5.33719179963e-10, 1.63551533428e-10, 1.19159404566e-10, 1.52130558151e-10, 3.17302684127e-10, 7.9045672785e-11, 5.36465420697e-11, 2.8861471546e-10, 1.07463919707e-10, 7.69873886863e-11, 2.64250756693e-11, 5.28206367534e-11, 5.15480193253e-11, 4.14652236158e-11, 1.00963187463e-11, 2.35208501981e-11, 3.2574925396e-11, 1.40434825227e-11, 6.4022008181e-12, 8.92900065951e-13, 2.56438940178e-13]
    },
    "mfcc": {
        "mean": [-686.996704102, 183.455963135, 5.68951416016, 10.9813327789, 6.3863735199, 3.16230487823, -0.623896241188, 4.90867090225, -10.3412322998, 11.3556241989, -6.01563310623, 4.22775268555, -4.42636489868],
        "cov": [[8459.47167969, -1816.52587891, 353.597564697, 761.08782959, -329.925994873, 461.917022705, -11.5992393494, 254.487319946, 11.0555372238, 235.437835693, -33.9378852844, 310.59942627, -160.540222168], [-1816.52587891, 2284.5078125, -427.012573242, -453.447418213, 323.888092041, -150.870544434, 137.492218018, 47.9315338135, -49.9322052002, 73.3801422119, -13.329659462, 2.65466165543, 87.7970809937], [353.597564697, -427.012573242, 357.657348633, 88.0290908813, -51.8435935974, 108.690864563, 16.5318984985, 33.1618156433, 17.8276100159, 12.731013298, 15.2681674957, 43.7755317688, 12.1052722931], [761.08782959, -453.447418213, 88.0290908813, 396.868713379, 2.25935196877, 105.074729919, -23.0677661896, 19.6761035919, 110.654342651, -14.9171266556, 7.09711074829, 23.1704845428, -24.3333587646], [-329.925994873, 323.888092041, -51.8435935974, 2.25935196877, 239.605987549, 0.412410676479, -12.9363908768, 22.2003612518, 36.5235595703, -16.3262748718, -12.652961731, 14.8071928024, 20.2754058838], [461.917022705, -150.870544434, 108.690864563, 105.074729919, 0.412410676479, 242.108306885, 37.887928009, 19.498670578, 87.5502471924, -22.9080410004, 35.67137146, 14.1244955063, 3.51420402527], [-11.5992393494, 137.492218018, 16.5318984985, -23.0677661896, -12.9363908768, 37.887928009, 206.987808228, 36.0950431824, 35.1526107788, 54.0112113953, 25.5983333588, 5.65703058243, 0.582262277603], [254.487319946, 47.9315338135, 33.1618156433, 19.6761035919, 22.2003612518, 19.498670578, 36.0950431824, 115.875717163, 2.68549561501, 39.2378578186, 0.423499941826, 32.5650138855, 8.74590396881], [11.0555372238, -49.9322052002, 17.8276100159, 110.654342651, 36.5235595703, 87.5502471924, 35.1526107788, 2.68549561501, 172.77142334, -26.7483005524, 42.6531677246, -20.0907001495, 5.25061416626], [235.437835693, 73.3801422119, 12.731013298, -14.9171266556, -16.3262748718, -22.9080410004, 54.0112113953, 39.2378578186, -26.7483005524, 140.423324585, 4.78555250168, 31.6230869293, -19.1652355194], [-33.9378852844, -13.329659462, 15.2681674957, 7.09711074829, -12.652961731, 35.67137146, 25.5983333588, 0.423499941826, 42.6531677246, 4.78555250168, 94.7669219971, -4.27927732468, 4.27807283401], [310.59942627, 2.65466165543, 43.7755317688, 23.1704845428, 14.8071928024, 14.1244955063, 5.65703058243, 32.5650138855, -20.0907001495, 31.6230869293, -4.27927732468, 102.8282547, 13.1551294327], [-160.540222168, 87.7970809937, 12.1052722931, -24.3333587646, 20.2754058838, 3.51420402527, 0.582262277603, 8.74590396881, 5.25061416626, -19.1652355194, 4.27807283401, 13.1551294327, 70.3327865601]],
