{
"lowlevel": {
    "average_loudness": 0.964393258095,
    "barkbands_crest": {
        "dmean": 2.33949613571,
        "dmean2": 3.31577849388,
        "dvar": 5.29986143112,
        "dvar2": 11.3858833313,
        "max": 25.3374843597,
        "mean": 10.4773368835,
        "median": 8.53906726837,
        "min": 3.11555361748,
        "var": 28.2538299561
    },
    "barkbands_flatness_db": {
        "dmean": 0.0178563836962,
        "dmean2": 0.0248021129519,
        "dvar": 0.000299956154777,
        "dvar2": 0.000517075066455,
        "max": 0.295673042536,
        "mean": 0.117448985577,
        "median": 0.109685055912,
        "min": 0.0372832939029,
        "var": 0.00189558789134
    },
    "barkbands_kurtosis": {
        "dmean": 1.41581189632,
        "dmean2": 2.08098435402,
        "dvar": 6.15864658356,
        "dvar2": 12.4754104614,
        "max": 41.319519043,
        "mean": 1.56303119659,
        "median": 0.254763126373,
        "min": -1.79569387436,
        "var": 18.2463665009
    },
    "barkbands_skewness": {
        "dmean": 0.388185381889,
        "dmean2": 0.558378219604,
        "dvar": 0.179318457842,
        "dvar2": 0.351667433977,
        "max": 5.68035793304,
        "mean": 0.832844853401,
        "median": 0.580893993378,
        "min": -1.60168910027,
        "var": 0.978049695492
    },
    "barkbands_spread": {
        "dmean": 5.0462975502,
        "dmean2": 6.81005811691,
        "dvar": 29.0472412109,
        "dvar2": 52.978427887,
        "max": 90.940071106,
        "mean": 26.6429691315,
        "median": 24.1435394287,
        "min": 2.40550637245,
        "var": 181.24899292
    },
    "dissonance": {
        "dmean": 0.0182305984199,
        "dmean2": 0.030591333285,
        "dvar": 0.000300587853417,
        "dvar2": 0.000801414309535,
        "max": 0.499981641769,
        "mean": 0.465694993734,
        "median": 0.471106559038,
        "min": 0.349390864372,
        "var": 0.000564622983802
    },
    "dynamic_complexity": 3.17720508575,
    "erbbands_crest": {
        "dmean": 2.59582662582,
        "dmean2": 4.05396842957,
        "dvar": 6.31748580933,
        "dvar2": 15.0929136276,
        "max": 29.8025531769,
        "mean": 11.1361284256,
        "median": 9.33041858673,
        "min": 2.23459243774,
        "var": 32.6526031494
    },
    "erbbands_flatness_db": {
        "dmean": 0.0156128844246,
        "dmean2": 0.0216843765229,
        "dvar": 0.000189190948731,
        "dvar2": 0.000374594383175,
        "max": 0.300241887569,
        "mean": 0.15952591598,
        "median": 0.159848228097,
        "min": 0.0487106814981,
        "var": 0.00184607785195
    },
    "erbbands_kurtosis": {
        "dmean": 1.05389332771,
        "dmean2": 1.53207671642,
        "dvar": 1.89113461971,
        "dvar2": 3.76117062569,
        "max": 24.4551315308,
        "mean": 1.69306278229,
        "median": 0.593977928162,
        "min": -1.37654447556,
        "var": 10.8732662201
    },
    "erbbands_skewness": {
        "dmean": 0.320147454739,
        "dmean2": 0.456883311272,
        "dvar": 0.0744916573167,
        "dvar2": 0.15375238657,
        "max": 4.44846820831,
        "mean": 0.428597539663,
        "median": 0.301403224468,
        "min": -2.34471797943,
        "var": 0.844952940941
    },
    "erbbands_spread": {
        "dmean": 5.52098608017,
        "dmean2": 8.0829744339,
        "dvar": 34.7872200012,
        "dvar2": 74.9658203125,
        "max": 103.662513733,
        "mean": 28.1192150116,
        "median": 25.3484554291,
        "min": 5.03608179092,
        "var": 231.307235718
    },
    "hfc": {
        "dmean": 5.65520858765,
        "dmean2": 7.83766126633,
        "dvar": 35.1174697876,
        "dvar2": 71.4321975708,
        "max": 84.7617797852,
        "mean": 30.3263339996,
        "median": 30.7668704987,
        "min": 9.00516261026e-06,
        "var": 311.311248779
    },
    "melbands_crest": {
        "dmean": 2.77751994133,
        "dmean2": 4.27032232285,
        "dvar": 8.02415943146,
        "dvar2": 19.3923339844,
        "max": 32.2826156616,
        "mean": 14.4926757812,
        "median": 13.2429056168,
        "min": 4.05613517761,
        "var": 31.4093532562
    },
    "melbands_flatness_db": {
        "dmean": 0.0205549467355,
        "dmean2": 0.0277263242751,
        "dvar": 0.00045476158266,
        "dvar2": 0.000784085656051,
        "max": 0.405842900276,
        "mean": 0.178817853332,
        "median": 0.166727915406,
        "min": 0.0528710559011,
        "var": 0.00291619542986
    },
    "melbands_kurtosis": {
        "dmean": 3.78909993172,
        "dmean2": 5.59508132935,
        "dvar": 83.2002410889,
        "dvar2": 179.280960083,
        "max": 173.87399292,
        "mean": 6.36037349701,
        "median": 1.92865133286,
        "min": -1.63740611076,
        "var": 212.88633728
    },
    "melbands_skewness": {
        "dmean": 0.539584517479,
        "dmean2": 0.762486279011,
        "dvar": 0.457933396101,
        "dvar2": 0.937221229076,
        "max": 12.2031745911,
        "mean": 1.64709091187,
        "median": 1.24243938923,
        "min": -0.941585183144,
        "var": 2.62241005898
    },
    "melbands_spread": {
        "dmean": 6.17973947525,
        "dmean2": 8.81583976746,
        "dvar": 40.3338623047,
        "dvar2": 82.9834060669,
        "max": 98.4715881348,
        "mean": 31.1710720062,
        "median": 30.3566875458,
        "min": 1.9864410162,
        "var": 213.094573975
    },
    "pitch_salience": {
        "dmean": 0.0563303120434,
        "dmean2": 0.0832090899348,
        "dvar": 0.0025456440635,
        "dvar2": 0.0054500149563,
        "max": 0.752546489239,
        "mean": 0.459415763617,
        "median": 0.472209841013,
        "min": 0.106220312417,
        "var": 0.0109477685764
    },
    "silence_rate_20dB": {
        "dmean": 0,
        "dmean2": 0,
        "dvar": 0,
        "dvar2": 0,
        "max": 1,
        "mean": 1,
        "median": 1,
        "min": 1,
        "var": 0
    },
    "silence_rate_30dB": {
        "dmean": 0,
        "dmean2": 0,
        "dvar": 0,
        "dvar2": 0,
        "max": 1,
        "mean": 1,
        "median": 1,
        "min": 1,
        "var": 0
    },
    "silence_rate_60dB": {
        "dmean": 0.0030959751457,
        "dmean2": 0.00619674660265,
        "dvar": 0.00308635202236,
        "dvar2": 0.00615852791816,
        "max": 1,
        "mean": 0.0641918033361,
        "median": 0,
        "min": 0,
        "var": 0.0600705593824
    },
    "spectral_centroid": {
        "dmean": 176.768615723,
        "dmean2": 250.563049316,
        "dvar": 30394.6601562,
        "dvar2": 57558.296875,
        "max": 3066.92919922,
        "mean": 1563.29748535,
        "median": 1497.67773438,
        "min": 432.300506592,
        "var": 251372.578125
    },
    "spectral_complexity": {
        "dmean": 2.80030965805,
        "dmean2": 4.53601837158,
        "dvar": 7.68153619766,
        "dvar2": 19.124042511,
        "max": 49,
        "mean": 21.3944320679,
        "median": 22,
        "min": 0,
        "var": 58.1213760376
    },
    "spectral_decrease": {
        "dmean": 1.78241232884e-09,
        "dmean2": 2.52146326041e-09,
        "dvar": 5.3834279113e-18,
        "dvar2": 1.20150448972e-17,
        "max": -3.09576185013e-15,
        "mean": -8.30712476585e-09,
        "median": -7.55388196438e-09,
        "min": -2.93543926944e-08,
        "var": 2.75048455914e-17
    },
    "spectral_energy": {
        "dmean": 0.0070125637576,
        "dmean2": 0.00992486160249,
        "dvar": 7.69354737713e-05,
        "dvar2": 0.000171897932887,
        "max": 0.114964909852,
        "mean": 0.034103680402,
        "median": 0.0317604728043,
        "min": 1.25009194107e-08,
        "var": 0.000425627455115
    },
    "spectral_energyband_high": {
        "dmean": 0.000299937179079,
        "dmean2": 0.000417271978222,
        "dvar": 2.28527554214e-07,
        "dvar2": 4.37585981672e-07,
        "max": 0.00758783984929,
        "mean": 0.000962203659583,
        "median": 0.000587358663324,
        "min": 8.8856040581e-11,
        "var": 1.232048362e-06
    },
    "spectral_energyband_low": {
        "dmean": 0.00509277684614,
        "dmean2": 0.0072411429137,
        "dvar": 8.73998942552e-05,
        "dvar2": 0.000189737707842,
        "max": 0.101204887033,
        "mean": 0.0134361628443,
        "median": 0.00791866611689,
        "min": 3.49612472306e-09,
        "var": 0.000292890297715
    },
    "spectral_energyband_middle_high": {
        "dmean": 0.00294497516006,
        "dmean2": 0.00386454793625,
        "dvar": 1.23641848404e-05,
        "dvar2": 2.29417728406e-05,
        "max": 0.0760439932346,
        "mean": 0.0118294516578,
        "median": 0.00871716160327,
        "min": 2.76634559704e-09,
        "var": 0.000138847259223
    },
    "spectral_energyband_middle_low": {
        "dmean": 0.00220882426947,
        "dmean2": 0.00310036120936,
        "dvar": 9.87119801721e-06,
        "dvar2": 2.00563863473e-05,
        "max": 0.065647341311,
        "mean": 0.00816687569022,
        "median": 0.00570493750274,
        "min": 6.29950402953e-09,
        "var": 6.88795407768e-05
    },
    "spectral_entropy": {
        "dmean": 0.125475555658,
        "dmean2": 0.169687643647,
        "dvar": 0.0130913313478,
        "dvar2": 0.0237154643983,
        "max": 8.59060764313,
        "mean": 7.63780879974,
        "median": 7.57419681549,
        "min": 6.83016681671,
        "var": 0.106638841331
    },
    "spectral_flux": {
        "dmean": 0.0170414093882,
        "dmean2": 0.0262767747045,
        "dvar": 0.000373936549295,
        "dvar2": 0.000796420266852,
        "max": 0.265647530556,
        "mean": 0.0753166526556,
        "median": 0.0680800005794,
        "min": 0.000164906930877,
        "var": 0.0015505515039
    },
    "spectral_kurtosis": {
        "dmean": 1.18667972088,
        "dmean2": 1.89690423012,
        "dvar": 1.2034509182,
        "dvar2": 3.19346761703,
        "max": 18.3984985352,
        "mean": 4.62170314789,
        "median": 4.52303504944,
        "min": 0.0933003425598,
        "var": 4.53268432617
    },
    "spectral_rms": {
        "dmean": 0.00055702222744,
        "dmean2": 0.000787402910646,
        "dvar": 3.6677235471e-07,
        "dvar2": 7.99233475846e-07,
        "max": 0.0105906035751,
        "mean": 0.00541972881183,
        "median": 0.00556649127975,
        "min": 3.4922800296e-06,
        "var": 3.89839033232e-06
    },
    "spectral_rolloff": {
        "dmean": 382.497253418,
        "dmean2": 601.145874023,
        "dvar": 488731.59375,
        "dvar2": 989071.4375,
        "max": 10056.0058594,
        "mean": 1667.29394531,
        "median": 1485.79101562,
        "min": 64.599609375,
        "var": 1398224.25
    },
    "spectral_skewness": {
        "dmean": 0.163545280695,
        "dmean2": 0.250040113926,
        "dvar": 0.019874535501,
        "dvar2": 0.0475270114839,
        "max": 3.40278458595,
        "mean": 1.65705907345,
        "median": 1.67941141129,
        "min": 0.53281545639,
        "var": 0.126641646028
    },
    "spectral_spread": {
        "dmean": 511027.125,
        "dmean2": 658706.8125,
        "dvar": 315637366784,
        "dvar2": 468266975232,
        "max": 11021152,
        "mean": 4785789.5,
        "median": 4242724.5,
        "min": 2535839.25,
        "var": 2.5050242089e+12
    },
    "spectral_strongpeak": {
        "dmean": 0.934234976768,
        "dmean2": 1.57687962055,
        "dvar": 2.78374290466,
        "dvar2": 7.30809307098,
        "max": 12.565536499,
        "mean": 1.98698949814,
        "median": 0.541673719883,
        "min": 0,
        "var": 5.79446029663
    },
    "zerocrossingrate": {
        "dmean": 0.00948520377278,
        "dmean2": 0.0101120742038,
        "dvar": 0.000101016739791,
        "dvar2": 0.00010391449905,
        "max": 0.2109375,
        "mean": 0.0676354467869,
        "median": 0.06396484375,
        "min": 0.0068359375,
        "var": 0.000930235546548
    },
    "barkbands": {
        "dmean": [0.000196239197976, 0.00478924671188, 0.00184614514001, 0.000344807893271, 0.000361758895451, 0.000627680274192, 0.000271293130936, 0.000649102032185, 0.00125719537027, 0.00113760516979, 0.000834946753457, 0.000452046748251, 0.000489326193929, 0.00044968619477, 0.000746360747144, 0.000390710716601, 0.000363280152669, 0.00028681193362, 0.00013949527056, 0.000112166875624, 5.82794054935e-05, 9.66715451796e-05, 7.41267940612e-05, 4.52586391475e-05, 5.55688711756e-05, 4.6838344133e-05, 4.72557167086e-06],
        "dmean2": [0.000348884350387, 0.00690468354151, 0.00299370614812, 0.000617122801486, 0.000622640480287, 0.00099791190587, 0.000396077259211, 0.000928252818994, 0.0016435374273, 0.00139021931682, 0.00113456544932, 0.000676473777276, 0.000686003419105, 0.000693490670528, 0.00115945201833, 0.000607603695244, 0.000542264431715, 0.000465882883873, 0.00022573073511, 0.000176832603756, 9.43489503697e-05, 0.000153612912982, 0.000111853623821, 6.32964220131e-05, 7.31610998628e-05, 5.77081227675e-05, 7.3069991231e-06],
        "dvar": [9.45483861869e-07, 9.60424149525e-05, 2.18059140025e-05, 9.13646033496e-07, 7.67244614508e-07, 1.04600849227e-06, 2.00199508527e-07, 2.52278437074e-06, 5.75380090595e-06, 6.53222150504e-06, 4.54717201137e-06, 1.35851769301e-06, 1.12484462989e-06, 1.11652684609e-06, 1.93334085452e-06, 1.04295736492e-06, 6.59781449031e-07, 2.7507016398e-07, 4.06510238804e-08, 4.32283151497e-08, 1.40897542522e-08, 2.22880593981e-08, 1.78696524245e-08, 5.8144009607e-09, 1.19629586237e-08, 7.87693199555e-09, 1.63651966978e-10],
        "dvar2": [2.81580105366e-06, 0.000217433975195, 5.60456173844e-05, 2.56469456872e-06, 2.20354718294e-06, 2.56807174992e-06, 4.16648532564e-07, 4.42437976744e-06, 9.97507777356e-06, 8.15601651993e-06, 7.70563929109e-06, 2.86549925477e-06, 1.77600225015e-06, 2.59373882727e-06, 4.67948166261e-06, 2.48900619226e-06, 1.53997916641e-06, 6.72520002354e-07, 1.04101943066e-07, 1.08557344447e-07, 3.68999444333e-08, 5.45026992427e-08, 4.12113152493e-08, 9.81500924979e-09, 2.1129636707e-08, 1.22259251611e-08, 3.89531351619e-10],
        "max": [0.0170254930854, 0.0980636775494, 0.0361710339785, 0.0130023621023, 0.0108332298696, 0.015977403149, 0.00818330608308, 0.0458572283387, 0.0604432597756, 0.0714566111565, 0.0605295822024, 0.0266309883446, 0.024883793667, 0.0135663012043, 0.0199495907873, 0.0175121054053, 0.014173691161, 0.011693296954, 0.00302191451192, 0.00421220529824, 0.00181195291225, 0.00197355239652, 0.00191320152953, 0.00112300249748, 0.00250827893615, 0.001588501269, 0.000266822025878],
        "mean": [0.000225292606046, 0.0101414453238, 0.00287868035957, 0.000381262187148, 0.000569052936044, 0.00142481131479, 0.000578193808906, 0.0015065271873, 0.00344923418015, 0.00379155017436, 0.00154921622016, 0.00105248973705, 0.000995800481178, 0.000774945307057, 0.00142691913061, 0.000732060521841, 0.000661529949866, 0.000534750812221, 0.000308909657178, 0.000259969528997, 0.000128379266243, 0.00021793502674, 0.000173286141944, 0.000109381289803, 0.000125264181406, 0.000100405639387, 6.40781172478e-06],
        "median": [7.20817188267e-05, 0.00470618857071, 0.00192560418509, 0.000182275878615, 0.000328877795255, 0.000940592319239, 0.000345366715919, 0.000446253514383, 0.00148780457675, 0.000560637796298, 0.000451566796983, 0.000327015732182, 0.000372409122065, 0.000321081985021, 0.000553108460736, 0.000316599704092, 0.000286713941023, 0.000287916773232, 0.00021608453244, 0.000145959013025, 7.73402280174e-05, 0.000148702034494, 9.26198117668e-05, 4.46414051112e-05, 3.09969254886e-05, 1.95231277758e-05, 5.41306008017e-07],
        "min": [6.05984706858e-11, 1.37738309647e-09, 1.91513538361e-09, 1.57964960557e-10, 1.34988714651e-10, 4.37159808353e-10, 1.32099234329e-10, 6.07298586419e-11, 7.38489158714e-10, 2.019471812e-10, 5.9349947179e-10, 9.13774472755e-11, 4.31751717711e-10, 4.02905653285e-10, 1.27229282665e-10, 1.38934710958e-10, 1.29765517776e-10, 5.97829216686e-11, 3.47626719077e-11, 4.59266045333e-12, 5.28388877791e-12, 3.32470370679e-11, 1.75922661855e-11, 6.15335950596e-12, 6.50478238981e-12, 1.15781750507e-11, 5.44880763773e-12],
        "var": [6.05238994922e-07, 0.000246414594585, 1.87863588508e-05, 6.3291031438e-07, 7.83523546488e-07, 2.90837533612e-06, 5.8661754565e-07, 1.23160189105e-05, 4.37169292127e-05, 8.93489705049e-05, 1.80974202522e-05, 5.31664136361e-06, 4.22244102083e-06, 2.10767871067e-06, 4.94031337439e-06, 2.09296376852e-06, 1.41667214848e-06, 5.81100835007e-07, 1.07386156856e-07, 1.20180615681e-07, 2.76238729668e-08, 5.9390249163e-08, 5.58008146356e-08, 2.60689407838e-08, 5.89278457142e-08, 4.22310577619e-08, 2.62789373595e-10]
    },
    "erbbands": {
        "dmean": [0.125987157226, 1.18751573563, 2.13704705238, 1.22131466866, 1.14455616474, 1.13312637806, 2.42684912682, 6.20296907425, 4.04626178741, 5.54634189606, 17.9165592194, 21.7162952423, 26.9074077606, 44.1930503845, 28.959985733, 16.4054718018, 20.6838760376, 23.643699646, 33.8334236145, 25.8369560242, 23.4857349396, 15.4925127029, 15.5157909393, 7.94092607498, 8.14335250854, 5.06723546982, 2.55895590782, 2.28620243073, 3.10244417191, 3.58211326599, 1.81589019299, 1.05020368099, 0.810588419437, 0.666015446186, 0.400478154421, 0.187166929245, 0.0941596701741, 0.0189520325512, 0.000399433891289, 1.61485459103e-05],
        "dmean2": [0.172248989344, 1.68595945835, 3.31849241257, 1.98161327839, 2.0648355484, 1.88801264763, 3.83256292343, 9.64831924438, 6.38182926178, 7.99015474319, 25.3809432983, 29.5684604645, 34.7802352905, 53.6275978088, 39.7137336731, 24.3980236053, 28.2882881165, 37.1830635071, 51.7398681641, 41.1094894409, 36.2418823242, 22.9645252228, 24.225610733, 12.8210124969, 13.08543396, 8.09293937683, 4.14100265503, 3.6737241745, 4.88695478439, 5.68827009201, 2.74385166168, 1.52303111553, 1.10783851147, 0.930431365967, 0.535295188427, 0.242805585265, 0.122051246464, 0.0238954909146, 0.000520002853591, 2.06763706956e-05],
        "dvar": [0.0811171606183, 5.71277046204, 24.9849834442, 9.15495109558, 13.040971756, 5.27011299133, 17.7924556732, 109.378311157, 39.7491111755, 119.03453064, 1893.84033203, 1775.02258301, 2280.81884766, 9160.41894531, 4555.94677734, 1582.0423584, 2477.02148438, 3410.96777344, 5233.62646484, 1951.43212891, 4684.45751953, 1278.17712402, 706.561096191, 134.740203857, 193.477172852, 56.0378608704, 26.4585037231, 23.0245990753, 23.8135166168, 33.4591636658, 13.7042121887, 3.80463790894, 1.99595201015, 1.87094163895, 0.574008285999, 0.128026783466, 0.0347912572324, 0.00162203481887, 7.9127414665e-07, 5.24385090905e-10],
        "dvar2": [0.187716454268, 12.6769113541, 57.9836807251, 22.9156608582, 37.9250335693, 14.5544271469, 47.2276039124, 262.22479248, 93.0553131104, 226.030426025, 3312.31420898, 3394.16772461, 3989.46289062, 11675.2353516, 8157.32470703, 3361.46875, 3556.82641602, 8339.48535156, 13584.3759766, 4555.7734375, 11435.2753906, 2943.99633789, 1654.7902832, 333.866210938, 487.056976318, 143.277740479, 71.3190231323, 60.5889625549, 58.3948783875, 85.5303573608, 31.7706317902, 7.75738716125, 3.52379536629, 3.56394553185, 0.974437832832, 0.206097692251, 0.0562277920544, 0.00275833974592, 1.44321222706e-06, 8.79447181745e-10],
        "max": [2.6330640316, 24.989112854, 44.9365882874, 46.8002929688, 42.9454307556, 25.9400138855, 63.1795310974, 163.926528931, 89.2132568359, 241.806762695, 1251.26477051, 703.991333008, 1320.53015137, 2653.03173828, 1899.04052734, 730.46472168, 1247.68811035, 908.657165527, 990.945068359, 671.984619141, 1207.90234375, 801.232543945, 502.856964111, 251.766433716, 225.091064453, 99.7859344482, 67.0357589722, 84.003364563, 64.372467041, 78.9147796631, 55.4490203857, 28.5643386841, 21.9166946411, 26.5161018372, 18.4378204346, 6.6312713623, 3.33148646355, 0.791292309761, 0.0184850022197, 0.000429092062404],
        "mean": [0.233846589923, 2.43850064278, 4.25006866455, 1.82201397419, 1.41784656048, 1.89446818829, 4.95821046829, 13.3648357391, 8.94165229797, 13.0765295029, 42.7428398132, 60.5225601196, 81.5451507568, 147.933944702, 65.9078826904, 41.9662322998, 46.182888031, 43.8081626892, 65.3553085327, 51.1551246643, 45.3083953857, 31.8342132568, 31.3837966919, 18.9412975311, 18.8408374786, 12.5917701721, 5.83169269562, 5.08334445953, 6.92407131195, 8.27414894104, 4.29774141312, 2.49383187294, 1.780554533, 1.435297966, 0.879985511303, 0.404057979584, 0.194847196341, 0.0359302014112, 0.00075626175385, 6.42526574666e-05],
        "median": [0.0690158233047, 1.2641531229, 3.10533547401, 1.12178754807, 0.736150026321, 0.913634479046, 3.12662959099, 8.05761146545, 5.65907716751, 7.16283988953, 16.2072429657, 32.5036087036, 32.3669662476, 28.464012146, 27.1789989471, 15.8353691101, 17.7771186829, 19.8942775726, 23.0381793976, 27.4955825806, 18.19713974, 16.2345790863, 18.7382888794, 12.6254701614, 11.3051233292, 7.72735452652, 3.62955212593, 2.74463748932, 4.51748037338, 5.09573125839, 2.21844005585, 1.13474071026, 0.584277391434, 0.370698302984, 0.223345309496, 0.101611174643, 0.0349657423794, 0.00420835008845, 0.000111517212645, 5.11395228386e-05],
        "min": [1.80612786949e-08, 4.01634821401e-07, 2.09169070331e-06, 1.3448233176e-06, 2.34630675777e-07, 2.84040481802e-07, 2.02650244319e-06, 4.28834118793e-06, 4.25209736932e-06, 1.81100938335e-06, 5.07222966917e-06, 2.29986235354e-05, 5.39233315067e-06, 1.21381463032e-05, 2.08749443118e-05, 4.92116669193e-06, 1.10513674372e-05, 3.42817183991e-05, 8.30249791761e-06, 3.95209781345e-06, 9.03529235075e-06, 7.33805381969e-06, 3.83906581192e-06, 2.21873324335e-06, 9.52629648054e-07, 2.61291916104e-07, 3.03908478827e-07, 1.80868823918e-07, 1.19293838452e-06, 1.10936798592e-06, 2.78254901787e-07, 1.49285241946e-07, 1.01077915815e-07, 5.41840314838e-08, 5.85311212831e-08, 6.75584317378e-08, 1.37029392278e-08, 3.6015153082e-09, 8.20215340092e-10, 9.49081646606e-11],
        "var": [0.196106553078, 13.4765100479, 29.5026683807, 8.61573028564, 9.74002075195, 8.39369773865, 39.085193634, 299.336578369, 123.042778015, 334.084014893, 9055.08203125, 8331.59667969, 20509.5449219, 123695.742188, 18301.0410156, 7236.77880859, 9510.94238281, 6688.93017578, 12415.1123047, 4442.59326172, 9071.58496094, 2758.3190918, 1717.86035156, 417.292877197, 565.708618164, 204.445327759, 51.8596153259, 48.8434486389, 62.0264167786, 94.871383667, 38.5325660706, 12.7562189102, 8.41554546356, 7.64681005478, 2.98802947998, 0.640640079975, 0.173379465938, 0.00629851827398, 2.6806619644e-06, 3.05236191878e-09]
    },
    "gfcc": {
        "mean": [22.6342411041, 77.2715454102, -124.947914124, 22.4137687683, -50.8668785095, 27.9460830688, -25.9093856812, 24.6162796021, -13.7026538849, 8.2929058075, -17.7823867798, 8.25919055939, -13.1891555786],
        "cov": [[7701.55810547, -1036.59924316, 167.365936279, 219.365066528, 122.642921448, 80.5964813232, 12.051074028, 186.903884888, -137.245788574, 26.3184738159, -237.718429565, -22.0127620697, -47.744102478], [-1036.59924316, 857.93548584, -185.979217529, -4.85082578659, 48.2529449463, -43.5998802185, 40.8488121033, -69.209274292, 91.1608963013, -90.319190979, 93.0788650513, -31.1811122894, 37.9653587341], [167.365936279, -185.979217529, 680.121826172, -11.1246623993, 83.2389373779, 128.454269409, -19.1925182343, 47.412689209, -35.6163787842, 76.8548660278, -21.2311134338, 67.8935546875, -41.943775177], [219.365066528, -4.85082578659, -11.1246623993, 268.927337646, 29.6021404266, -34.6591644287, -17.2759342194, 29.6896896362, 66.6536407471, 0.879586994648, 15.4762706757, -24.409696579, 39.7785186768], [122.642921448, 48.2529449463, 83.2389373779, 29.6021404266, 142.793228149, 15.3935232162, 1.63035178185, 28.6200962067, 24.5175151825, 28.3037433624, 5.71338939667, 4.82798576355, 3.10396075249], [80.5964813232, -43.5998802185, 128.454269409, -34.6591644287, 15.3935232162, 218.074539185, 103.002815247, -4.22389125824, -41.8405227661, -13.4380807877, 13.6576786041, -4.18296384811, -18.939781189], [12.051074028, 40.8488121033, -19.1925182343, -17.2759342194, 1.63035178185, 103.002815247, 186.720993042, 47.2249984741, -9.23341846466, -33.600944519, 10.6245956421, -16.4138755798, -10.9482908249], [186.903884888, -69.209274292, 47.412689209, 29.6896896362, 28.6200962067, -4.22389125824, 47.2249984741, 121.318496704, 45.7100753784, 9.03312683105, -19.1500682831, -12.9754905701, -0.0878615379333], [-137.245788574, 91.1608963013, -35.6163787842, 66.6536407471, 24.5175151825, -41.8405227661, -9.23341846466, 45.7100753784, 149.857437134, 33.2346534729, -1.95169866085, -25.7233905792, 10.0385427475], [26.3184738159, -90.319190979, 76.8548660278, 0.879586994648, 28.3037433624, -13.4380807877, -33.600944519, 9.03312683105, 33.2346534729, 101.043815613, 8.8476896286, 3.68286991119, 3.80360102654], [-237.718429565, 93.0788650513, -21.2311134338, 15.4762706757, 5.71338939667, 13.6576786041, 10.6245956421, -19.1500682831, -1.95169866085, 8.8476896286, 83.826385498, 28.2544593811, 14.9179325104], [-22.0127620697, -31.1811122894, 67.8935546875, -24.409696579, 4.82798576355, -4.18296384811, -16.4138755798, -12.9754905701, -25.7233905792, 3.68286991119, 28.2544593811, 94.1048736572, 14.7568998337], [-47.744102478, 37.9653587341, -41.943775177, 39.7785186768, 3.10396075249, -18.939781189, -10.9482908249, -0.0878615379333, 10.0385427475, 3.80360102654, 14.9179325104, 14.7568998337, 96.9139022827]],
        "icov": [[0.000180670147529, 0.000138769682962, 0.000104820086563, -0.00022363687458, -0.000216292814002, -0.000118166048196, 3.26063272951e-05, -0.000185951314052, 0.00025411345996, -5.01585782331e-05, 0.000456115492852, -0.000138454619446, 8.56706101331e-05], [0.000138769682962, 0.00328048900701, -0.000753222149797, 0.00153459829744, -0.00227269879542, 0.00204789405689, -0.00147013470996, 0.00332040642388, -0.00348013616167, 0.00504921842366, -0.00426309928298, 0.00283239269629, -0.00147542962804], [0.000104820086563, -0.000753222149797, 0.00309721450321, -0.00115482870024, -0.000281490531052, -0.00301758921705, 0.00182535231579, -0.0026592600625, 0.00201606075279, -0.00339557090774, 0.0030532060191, -0.00343614886515, 0.00176193192601], [-0.00022363687458, 0.00153459829744, -0.00115482870024, 0.00616971915588, -0.00149590219371, 0.00193375709932, -0.000248821626883, 0.00149689149112, -0.00403039157391, 0.00444290693849, -0.00496152928099, 0.00388891180046, -0.00292977457866], [-0.000216292814002, -0.00227269879542, -0.000281490531052, -0.00149590219371, 0.00997079536319, -0.0018634556327, 0.00115494860802, -0.00346163241193, 0.00143389811274, -0.00468670390546, 0.00185405742377, -0.00196058140136, 0.000768298341427], [-0.000118166048196, 0.00204789405689, -0.00301758921705, 0.00193375709932, -0.0018634556327, 0.0106153422967, -0.00649630697444, 0.00547001417726, -0.0018845674349, 0.00437399186194, -0.00504941307008, 0.00457542203367, -0.00145076401532], [3.26063272951e-05, -0.00147013470996, 0.00182535231579, -0.000248821626883, 0.00115494860802, -0.00649630697444, 0.0113093815744, -0.00731073971838, 0.00220385496505, -0.000246091862209, 0.000259622989688, -0.000918855483178, 0.00132986449171], [-0.000185951314052, 0.00332040642388, -0.0026592600625, 0.00149689149112, -0.00346163241193, 0.00547001417726, -0.00731073971838, 0.017408138141, -0.0075801005587, 0.00540153076872, -0.0025002497714, 0.00375328306109, -0.00240138242953], [0.00025411345996, -0.00348013616167, 0.00201606075279, -0.00403039157391, 0.00143389811274, -0.0018845674349, 0.00220385496505, -0.0075801005587, 0.0145962042734, -0.00921910721809, 0.00567847630009, -0.00210145884193, 0.0021390193142], [-5.01585782331e-05, 0.00504921842366, -0.00339557090774, 0.00444290693849, -0.00468670390546, 0.00437399186194, -0.000246091862209, 0.00540153076872, -0.00921910721809, 0.0221593081951, -0.0107640037313, 0.00681074801832, -0.00360880093649], [0.000456115492852, -0.00426309928298, 0.0030532060191, -0.00496152928099, 0.00185405742377, -0.00504941307008, 0.000259622989688, -0.0025002497714, 0.00567847630009, -0.0107640037313, 0.0243835859001, -0.0110759846866, 0.00200093188323], [-0.000138454619446, 0.00283239269629, -0.00343614886515, 0.00388891180046, -0.00196058140136, 0.00457542203367, -0.000918855483178, 0.00375328306109, -0.00210145884193, 0.00681074801832, -0.0110759846866, 0.0188914928585, -0.00462585128844], [8.56706101331e-05, -0.00147542962804, 0.00176193192601, -0.00292977457866, 0.000768298341427, -0.00145076401532, 0.00132986449171, -0.00240138242953, 0.0021390193142, -0.00360880093649, 0.00200093188323, -0.00462585128844, 0.0130600845441]]
    },
    "melbands": {
        "dmean": [0.00124295114074, 0.00111469766125, 0.000212771978113, 7.90698104538e-05, 7.43140262784e-05, 0.000132283632411, 6.33060117252e-05, 6.88486543368e-05, 0.000150271429447, 0.000158762559295, 0.000140819902299, 0.000188345307834, 0.000125068429043, 5.77020437049e-05, 4.09820713685e-05, 4.98037043144e-05, 4.30660729762e-05, 5.22338814335e-05, 4.95861968375e-05, 2.67255636572e-05, 3.10534815071e-05, 1.57457616297e-05, 1.86496927199e-05, 1.98387224373e-05, 5.63462072023e-06, 5.98027099841e-06, 5.69195390199e-06, 3.40723818226e-06, 1.88544379398e-06, 1.50482628669e-06, 1.41410043852e-06, 1.75274726644e-06, 2.2900719614e-06, 2.0329880499e-06, 1.20521804092e-06, 8.72383907335e-07, 6.14523798959e-07, 5.74804232656e-07, 5.8716705098e-07, 6.01005126555e-07],
        "dmean2": [0.00174137915019, 0.00165700726211, 0.000346618675394, 0.000138553441502, 0.000116645736853, 0.000207613018574, 9.94888978312e-05, 9.98045070446e-05, 0.00021338109218, 0.000210795682506, 0.000182607327588, 0.000228869364946, 0.000168701037182, 8.5335537733e-05, 5.64643014513e-05, 7.2904091212e-05, 6.74133189023e-05, 8.03383154562e-05, 7.56757581257e-05, 4.29256178904e-05, 4.76167515444e-05, 2.35848165175e-05, 2.80263120658e-05, 3.23162748828e-05, 9.309818779e-06, 9.83816153166e-06, 8.99678161659e-06, 5.54191046831e-06, 3.13304963129e-06, 2.43783938458e-06, 2.29100078286e-06, 2.78381548924e-06, 3.63247545465e-06, 3.18727302329e-06, 1.87388502582e-06, 1.29929628656e-06, 9.03924956219e-07, 8.27066230613e-07, 7.99538099727e-07, 8.74297654718e-07],
        "dvar": [6.93942001817e-06, 4.86274484501e-06, 2.34108625818e-07, 4.66747174244e-08, 1.6313881801e-08, 4.87324420817e-08, 9.11551722993e-09, 1.62296061035e-08, 1.20178356156e-07, 9.2736655688e-08, 6.11697075215e-08, 1.78522427063e-07, 9.76429603838e-08, 2.44213076428e-08, 8.40457659024e-09, 1.17578915493e-08, 1.12111147033e-08, 1.44269556301e-08, 1.04153210501e-08, 2.56162757672e-09, 8.11481637442e-09, 1.21393872732e-09, 1.87385307271e-09, 1.4980516827e-09, 6.90916837631e-11, 7.1761728504e-11, 1.45403480922e-10, 2.69765269151e-11, 1.48741158279e-11, 9.48605777262e-12, 6.96267262595e-12, 7.72180843572e-12, 1.29325751497e-11, 1.04287065095e-11, 5.83157957687e-12, 3.45053217769e-12, 1.15317575367e-12, 9.763721949e-13, 1.23497479604e-12, 1.7781737454e-12],
        "dvar2": [1.5663312297e-05, 9.86980012385e-06, 5.6538675608e-07, 1.34225487614e-07, 4.40401706214e-08, 1.18336501487e-07, 2.16560529509e-08, 3.2044109588e-08, 2.17728072016e-07, 1.67991771605e-07, 1.05580511445e-07, 2.24166626595e-07, 1.66419923175e-07, 5.26342098794e-08, 1.13335145713e-08, 2.57006806947e-08, 2.69846367473e-08, 3.79061404487e-08, 2.40268906992e-08, 6.04180439012e-09, 2.0135992429e-08, 2.9211257857e-09, 3.88995458067e-09, 3.58893625929e-09, 1.86812551539e-10, 1.92415389177e-10, 3.61490365419e-10, 7.45711478678e-11, 4.118810501e-11, 2.55892720208e-11, 1.79770712205e-11, 1.97859072876e-11, 3.19461783416e-11, 2.70346314779e-11, 1.41747204252e-11, 7.65087125598e-12, 2.49651644843e-12, 1.91655654021e-12, 2.30998358462e-12, 3.7059040732e-12],
        "max": [0.0257961247116, 0.021764209494, 0.00683092046529, 0.00272034504451, 0.00199281680398, 0.00323941418901, 0.00136291666422, 0.00262606772594, 0.00932159181684, 0.00684802373871, 0.00668968167156, 0.0117924008518, 0.00908604357392, 0.0039370781742, 0.00224628485739, 0.00163003394846, 0.0015915177064, 0.00198758207262, 0.00187417468987, 0.000698491290677, 0.00153568782844, 0.000686543469783, 0.000925877655391, 0.000910087372176, 0.000109691318357, 0.000119329532026, 0.00024172499252, 6.07577130722e-05, 4.60228875454e-05, 4.59981711174e-05, 4.28839412052e-05, 3.51546659658e-05, 4.26801598223e-05, 5.16125728609e-05, 3.30723814841e-05, 2.59233911493e-05, 1.57941794896e-05, 1.56394962687e-05, 2.01823713724e-05, 2.64502159553e-05],
        "mean": [0.00252950005233, 0.00268056173809, 0.000324906199239, 0.000111248773464, 0.00015601584164, 0.000291445874609, 0.000138964882353, 0.000166326615727, 0.000355019234121, 0.000436522153905, 0.000422917859396, 0.000630301481578, 0.000247508578468, 0.000130180036649, 9.43955674302e-05, 9.74596696324e-05, 7.42584525142e-05, 9.56356452662e-05, 9.55744035309e-05, 4.73276995763e-05, 5.43758105778e-05, 2.9803644793e-05, 3.13735836244e-05, 3.41860322806e-05, 1.18794905575e-05, 1.28896599563e-05, 1.23783129311e-05, 7.57355746828e-06, 3.70438874597e-06, 2.90019602289e-06, 2.90854154628e-06, 3.6051551433e-06, 4.7409880608e-06, 4.48237324235e-06, 2.58867476077e-06, 1.84796545e-06, 1.337630124e-06, 1.19649985209e-06, 1.19563139833e-06, 1.2380202179e-06],
        "median": [0.000978433759883, 0.00187139841728, 0.00021629499679, 5.21134425071e-05, 0.000104812308564, 0.000180166753125, 8.9966248197e-05, 8.03408765933e-05, 0.000155725196237, 0.000208417477552, 0.000155052213813, 9.59048993536e-05, 8.77057755133e-05, 3.86665597034e-05, 3.20403050864e-05, 3.88946791645e-05, 3.05064786517e-05, 3.244342588e-05, 3.84684826713e-05, 2.61577970377e-05, 1.87431414815e-05, 1.45625435835e-05, 1.28877618408e-05, 1.6152707758e-05, 7.79846868681e-06, 8.67183280207e-06, 6.43699877401e-06, 3.89759134123e-06, 2.20715742216e-06, 1.44308171457e-06, 1.5490164742e-06, 2.29398506235e-06, 3.07216942019e-06, 2.62382695837e-06, 1.29426757667e-06, 8.03734451438e-07, 6.07789274909e-07, 4.15640641904e-07, 3.03267455593e-07, 2.92221272957e-07],
        "min": [2.72075778573e-10, 9.28180976523e-10, 2.10020695279e-10, 3.31751744131e-11, 6.85566048375e-11, 9.3009128177e-11, 6.20278758912e-11, 1.63138964143e-11, 4.04639932672e-11, 8.81415149201e-11, 2.35653337122e-11, 4.44872819139e-11, 8.62265744916e-11, 1.57465099987e-11, 4.32956058158e-12, 6.02447397524e-11, 5.74824875199e-11, 9.12260371411e-12, 8.46713497926e-12, 2.39938819681e-12, 1.39856268927e-11, 8.55950987172e-12, 2.32953933921e-12, 3.67151274661e-12, 1.44345028551e-12, 8.53156900595e-13, 2.33654973624e-13, 1.63806210892e-13, 2.13695014917e-13, 1.15168278018e-13, 8.76405678173e-14, 4.77899404078e-13, 1.03405077469e-12, 5.17155654238e-13, 1.58969219082e-13, 8.90111145598e-14, 1.06549724556e-13, 8.12899891172e-14, 5.11665735551e-14, 4.04826047901e-14],
        "var": [1.8426528186e-05, 1.03012635009e-05, 2.35172819885e-07, 4.37732410319e-08, 3.6767975331e-08, 1.35113893407e-07, 2.78858589553e-08, 5.52010988031e-08, 5.21787001162e-07, 6.07255969953e-07, 5.5239786434e-07, 2.44069997279e-06, 3.90048398913e-07, 8.5257276794e-08, 3.72434136864e-08, 3.35182726019e-08, 2.06942498693e-08, 3.16551300727e-08, 2.54163232682e-08, 4.95732432881e-09, 1.5597045433e-08, 2.48871590003e-09, 3.63609187204e-09, 3.21362669808e-09, 1.64899538468e-10, 1.89768131764e-10, 3.71620900719e-10, 9.25581764011e-11, 2.48110455792e-11, 1.76814188291e-11, 1.6309550932e-11, 1.85903271943e-11, 3.08634541535e-11, 3.01673651337e-11, 1.48115755771e-11, 8.6954766304e-12, 3.58899823923e-12, 3.79610145401e-12, 4.53114542415e-12, 6.38190108398e-12]
    },
    "mfcc": {
        "mean": [-619.896057129, 113.7370224, -11.2388486862, 8.70949649811, 1.71962153912, 7.73437643051, 1.15299212933, 18.0268802643, 8.14941978455, 11.9071893692, 8.46906375885, -2.97988772392, 5.63681221008],
        "cov": [[6539.1875, -498.908233643, -225.549819946, 153.224456787, 61.8532295227, 14.0669898987, 31.2026500702, 123.940666199, 125.395248413, 127.442298889, -80.6956481934, -109.352470398, -21.8803081512], [-498.908233643, 716.28717041, -83.4976882935, -26.1606559753, 11.0107326508, 17.6555938721, -18.9205379486, 54.390750885, -55.4048728943, -11.3746156693, -6.07994604111, 6.23894023895, 36.9488067627], [-225.549819946, -83.4976882935, 469.252807617, -39.7365112305, 91.7290344238, 75.0825042725, 79.7771072388, 9.70215702057, 21.5123348236, -30.3406925201, 14.5187101364, 42.5607376099, 6.85021114349], [153.224456787, -26.1606559753, -39.7365112305, 244.045730591, 67.1074829102, -52.4202804565, -73.9108886719, -7.76387214661, 34.7055053711, 33.2842025757, -3.02598047256, 4.5721244812, 45.8207855225], [61.8532295227, 11.0107326508, 91.7290344238, 67.1074829102, 184.966018677, 6.95964193344, -31.3551597595, -31.4321060181, 26.0530033112, 4.16507530212, -5.42850828171, 30.927740097, 33.3021240234], [14.0669898987, 17.6555938721, 75.0825042725, -52.4202804565, 6.95964193344, 141.452468872, 64.7312545776, 19.6556453705, -14.0986223221, -1.38902306557, 6.65775775909, 2.76234221458, -14.4197664261], [31.2026500702, -18.9205379486, 79.7771072388, -73.9108886719, -31.3551597595, 64.7312545776, 196.376190186, 59.1284942627, 4.3423500061, -19.1303405762, 5.32580471039, 12.2866048813, -33.6124267578], [123.940666199, 54.390750885, 9.70215702057, -7.76387214661, -31.4321060181, 19.6556453705, 59.1284942627, 149.998733521, 15.8599205017, 8.22930812836, 15.5763883591, -5.86977291107, 6.18419885635], [125.395248413, -55.4048728943, 21.5123348236, 34.7055053711, 26.0530033112, -14.0986223221, 4.3423500061, 15.8599205017, 120.725257874, 54.143497467, 13.4113759995, 10.3565387726, -9.61847019196], [127.442298889, -11.3746156693, -30.3406925201, 33.2842025757, 4.16507530212, -1.38902306557, -19.1303405762, 8.22930812836, 54.143497467, 113.221443176, 44.1544532776, -2.09100747108, -6.30103588104], [-80.6956481934, -6.07994604111, 14.5187101364, -3.02598047256, -5.42850828171, 6.65775775909, 5.32580471039, 15.5763883591, 13.4113759995, 44.1544532776, 90.823677063, 25.25548172, 1.34380912781], [-109.352470398, 6.23894023895, 42.5607376099, 4.5721244812, 30.927740097, 2.76234221458, 12.2866048813, -5.86977291107, 10.3565387726, -2.09100747108, 25.25548172, 77.6276779175, 24.0255565643], [-21.8803081512, 36.9488067627, 6.85021114349, 45.8207855225, 33.3021240234, -14.4197664261, -33.6124267578, 6.18419885635, -9.61847019196, -6.30103588104, 1.34380912781, 24.0255565643, 92.9827575684]],
