{
"lowlevel": {
    "average_loudness": 0.778899788857,
    "barkbands_crest": {
        "dmean": 2.04071450233,
        "dmean2": 3.20466732979,
        "dvar": 4.4745631218,
        "dvar2": 10.0324316025,
        "max": 26.2632675171,
        "mean": 9.79796123505,
        "median": 7.9261932373,
        "min": 2.15416312218,
        "var": 34.7246856689
    },
    "barkbands_flatness_db": {
        "dmean": 0.0168479792774,
        "dmean2": 0.0251725967973,
        "dvar": 0.000302311527776,
        "dvar2": 0.000633430900052,
        "max": 0.395535469055,
        "mean": 0.162310093641,
        "median": 0.142323583364,
        "min": 0.0547575317323,
        "var": 0.00408358918503
    },
    "barkbands_kurtosis": {
        "dmean": 3.76417350769,
        "dmean2": 5.69798278809,
        "dvar": 80.3639526367,
        "dvar2": 192.463531494,
        "max": 196.311859131,
        "mean": 7.90619325638,
        "median": 0.977830171585,
        "min": -1.87357115746,
        "var": 336.977813721
    },
    "barkbands_skewness": {
        "dmean": 0.4991787076,
        "dmean2": 0.734697580338,
        "dvar": 0.365356594324,
        "dvar2": 0.807009994984,
        "max": 13.0113334656,
        "mean": 1.55059182644,
        "median": 1.14469635487,
        "min": -1.91431903839,
        "var": 3.11943387985
    },
    "barkbands_spread": {
        "dmean": 4.32677412033,
        "dmean2": 6.53631877899,
        "dvar": 27.5886154175,
        "dvar2": 57.1034545898,
        "max": 98.4076690674,
        "mean": 23.3108978271,
        "median": 23.1221942902,
        "min": 0.569725394249,
        "var": 270.3984375
    },
    "dissonance": {
        "dmean": 0.0183173585683,
        "dmean2": 0.0306050106883,
        "dvar": 0.000331532035489,
        "dvar2": 0.000864994712174,
        "max": 0.499999940395,
        "mean": 0.456728845835,
        "median": 0.469840139151,
        "min": 0.295915603638,
        "var": 0.00141742406413
    },
    "dynamic_complexity": 4.25305747986,
    "erbbands_crest": {
        "dmean": 2.2167327404,
        "dmean2": 3.38750529289,
        "dvar": 4.84805727005,
        "dvar2": 11.1794490814,
        "max": 30.4095802307,
        "mean": 10.0319890976,
        "median": 8.13457775116,
        "min": 2.32726550102,
        "var": 34.8244094849
    },
    "erbbands_flatness_db": {
        "dmean": 0.013847310096,
        "dmean2": 0.0196764692664,
        "dvar": 0.000192749605048,
        "dvar2": 0.000357194076059,
        "max": 0.364687919617,
        "mean": 0.190670087934,
        "median": 0.183983251452,
        "min": 0.0994872748852,
        "var": 0.00159029569477
    },
    "erbbands_kurtosis": {
        "dmean": 1.45003974438,
        "dmean2": 2.15165448189,
        "dvar": 8.82619094849,
        "dvar2": 19.2396335602,
        "max": 70.5026550293,
        "mean": 2.29475712776,
        "median": 0.148245573044,
        "min": -1.84543764591,
        "var": 42.3169746399
    },
    "erbbands_skewness": {
        "dmean": 0.348113536835,
        "dmean2": 0.515328764915,
        "dvar": 0.14976093173,
        "dvar2": 0.29748788476,
        "max": 7.43867492676,
        "mean": 0.676522433758,
        "median": 0.241158872843,
        "min": -2.87891292572,
        "var": 1.74621963501
    },
    "erbbands_spread": {
        "dmean": 6.59156990051,
        "dmean2": 9.9917755127,
        "dvar": 66.6373825073,
        "dvar2": 136.181488037,
        "max": 127.435394287,
        "mean": 33.0226287842,
        "median": 30.901222229,
        "min": 2.26916432381,
        "var": 250.902069092
    },
    "hfc": {
        "dmean": 3.4062166214,
        "dmean2": 5.17075300217,
        "dvar": 35.6862564087,
        "dvar2": 79.6111984253,
        "max": 124.935379028,
        "mean": 18.572511673,
        "median": 7.35026884079,
        "min": 1.58175935212e-05,
        "var": 537.834472656
    },
    "melbands_crest": {
        "dmean": 2.76637029648,
        "dmean2": 4.30296754837,
        "dvar": 6.72275304794,
        "dvar2": 15.5783309937,
        "max": 33.6455116272,
        "mean": 13.3798646927,
        "median": 11.9393768311,
        "min": 2.79257059097,
        "var": 45.3527832031
    },
    "melbands_flatness_db": {
        "dmean": 0.020597955212,
        "dmean2": 0.0289920177311,
        "dvar": 0.000455617671832,
        "dvar2": 0.000884231063537,
        "max": 0.484249711037,
        "mean": 0.183650061488,
        "median": 0.168211087584,
        "min": 0.0269322860986,
        "var": 0.0091070337221
    },
    "melbands_kurtosis": {
        "dmean": 7.09121894836,
        "dmean2": 10.4545707703,
        "dvar": 274.689544678,
        "dvar2": 623.979187012,
        "max": 411.024017334,
        "mean": 15.8471031189,
        "median": 5.72549724579,
        "min": -1.66880595684,
        "var": 1073.96679688
    },
    "melbands_skewness": {
        "dmean": 0.61905503273,
        "dmean2": 0.903769314289,
        "dvar": 0.568218648434,
        "dvar2": 1.14983594418,
        "max": 16.0188312531,
        "mean": 2.33258295059,
        "median": 1.9024848938,
        "min": -0.424119591713,
        "var": 3.35415196419
    },
    "melbands_spread": {
        "dmean": 6.09178304672,
        "dmean2": 9.04037952423,
        "dvar": 61.9113502502,
        "dvar2": 124.791145325,
        "max": 161.617172241,
        "mean": 31.0079975128,
        "median": 22.5324764252,
        "min": 0.676530361176,
        "var": 662.487243652
    },
    "pitch_salience": {
        "dmean": 0.0598398819566,
        "dmean2": 0.0939871519804,
        "dvar": 0.00321752531454,
        "dvar2": 0.00747413514182,
        "max": 0.803813874722,
        "mean": 0.534922063351,
        "median": 0.55591571331,
        "min": 0.10085092485,
        "var": 0.0155593054369
    },
    "silence_rate_20dB": {
        "dmean": 0,
        "dmean2": 0,
        "dvar": 0,
        "dvar2": 0,
        "max": 1,
        "mean": 1,
        "median": 1,
        "min": 1,
        "var": 0
    },
    "silence_rate_30dB": {
        "dmean": 0,
        "dmean2": 0,
        "dvar": 0,
        "dvar2": 0,
        "max": 1,
        "mean": 1,
        "median": 1,
        "min": 1,
        "var": 0
    },
    "silence_rate_60dB": {
        "dmean": 0.0364058874547,
        "dmean2": 0.0728399828076,
        "dvar": 0.0350814759731,
        "dvar2": 0.081484541297,
        "max": 1,
        "mean": 0.172667443752,
        "median": 0,
        "min": 0,
        "var": 0.142854675651
    },
    "spectral_centroid": {
        "dmean": 178.092544556,
        "dmean2": 270.633605957,
        "dvar": 51598.1796875,
        "dvar2": 103838.195312,
        "max": 4281.39648438,
        "mean": 1510.27001953,
        "median": 1487.11730957,
        "min": 243.488128662,
        "var": 906297.3125
    },
    "spectral_complexity": {
        "dmean": 2.39969015121,
        "dmean2": 3.73653626442,
        "dvar": 9.1849527359,
        "dvar2": 18.8263988495,
        "max": 55,
        "mean": 16.5803337097,
        "median": 11,
        "min": 0,
        "var": 157.9765625
    },
    "spectral_decrease": {
        "dmean": 8.91687168547e-10,
        "dmean2": 1.36010658291e-09,
        "dvar": 1.81948115783e-18,
        "dvar2": 4.34922260298e-18,
        "max": -1.4058808913e-14,
        "mean": -3.28801852412e-09,
        "median": -2.66497179879e-09,
        "min": -1.49062859833e-08,
        "var": 7.12585409314e-18
    },
    "spectral_energy": {
        "dmean": 0.00359960040078,
        "dmean2": 0.00549197150394,
        "dvar": 2.92773856927e-05,
        "dvar2": 6.95054914104e-05,
        "max": 0.0630465224385,
        "mean": 0.0140943229198,
        "median": 0.0109167676419,
        "min": 5.44958815851e-08,
        "var": 0.000139504656545
    },
    "spectral_energyband_high": {
        "dmean": 0.000278078456176,
        "dmean2": 0.000430014595622,
        "dvar": 2.85564965452e-07,
        "dvar2": 6.38430265099e-07,
        "max": 0.0106419008225,
        "mean": 0.00117052381393,
        "median": 0.000196801702259,
        "min": 9.9527219799e-11,
        "var": 3.10256586999e-06
    },
    "spectral_energyband_low": {
        "dmean": 0.00146881246474,
        "dmean2": 0.00217289919965,
        "dvar": 1.07737578219e-05,
        "dvar2": 2.58178934018e-05,
        "max": 0.051863104105,
        "mean": 0.00268800812773,
        "median": 0.0013831446413,
        "min": 2.63896815511e-08,
        "var": 1.65075725818e-05
    },
    "spectral_energyband_middle_high": {
        "dmean": 0.00113473483361,
        "dmean2": 0.00172457296867,
        "dvar": 4.30179488831e-06,
        "dvar2": 1.02707836049e-05,
        "max": 0.0385149642825,
        "mean": 0.00473242765293,
        "median": 0.0013130416628,
        "min": 3.28281268835e-09,
        "var": 4.24116187787e-05
    },
    "spectral_energyband_middle_low": {
        "dmean": 0.00214319326915,
        "dmean2": 0.0033507773187,
        "dvar": 1.30670396175e-05,
        "dvar2": 3.27675879817e-05,
        "max": 0.045889634639,
        "mean": 0.00585628999397,
        "median": 0.00434629200026,
        "min": 2.92518880229e-08,
        "var": 2.94578367175e-05
    },
    "spectral_entropy": {
        "dmean": 0.14008782804,
        "dmean2": 0.199038058519,
        "dvar": 0.0265815015882,
        "dvar2": 0.0494678542018,
        "max": 8.2771320343,
        "mean": 7.36141824722,
        "median": 7.50853252411,
        "min": 4.98291635513,
        "var": 0.284519374371
    },
    "spectral_flux": {
        "dmean": 0.0125068379566,
        "dmean2": 0.0202149767429,
        "dvar": 0.000254596059676,
        "dvar2": 0.00061169883702,
        "max": 0.200231999159,
        "mean": 0.0513747707009,
        "median": 0.0429613366723,
        "min": 0.000233443526668,
        "var": 0.00110120966565
    },
    "spectral_kurtosis": {
        "dmean": 1.65219175816,
        "dmean2": 2.76210379601,
        "dvar": 4.31115818024,
        "dvar2": 10.8780603409,
        "max": 54.0125236511,
        "mean": 3.75998449326,
        "median": 2.43834161758,
        "min": -0.97217464447,
        "var": 16.6974925995
    },
    "spectral_rms": {
        "dmean": 0.000442711578216,
        "dmean2": 0.00065700430423,
        "dvar": 2.94360717135e-07,
        "dvar2": 6.55830319829e-07,
        "max": 0.00784275494516,
        "mean": 0.00336016039364,
        "median": 0.00326351122931,
        "min": 7.29155090085e-06,
        "var": 2.45989440373e-06
    },
    "spectral_rolloff": {
        "dmean": 353.42175293,
        "dmean2": 561.30682373,
        "dvar": 315043.65625,
        "dvar2": 633006.375,
        "max": 8936.27929688,
        "mean": 1891.32983398,
        "median": 1313.52539062,
        "min": 86.1328125,
        "var": 2590935.25
    },
    "spectral_skewness": {
        "dmean": 0.215210437775,
        "dmean2": 0.34016174078,
        "dvar": 0.0523949339986,
        "dvar2": 0.112859264016,
        "max": 5.85218715668,
        "mean": 1.38909518719,
        "median": 1.11090934277,
        "min": -0.119604229927,
        "var": 0.497263133526
    },
    "spectral_spread": {
        "dmean": 371734.34375,
        "dmean2": 552276.375,
        "dvar": 181356658688,
        "dvar2": 337671749632,
        "max": 9457685,
        "mean": 4092072,
        "median": 4005367,
        "min": 1425977.5,
        "var": 905580969984
    },
    "spectral_strongpeak": {
        "dmean": 0.543360650539,
        "dmean2": 0.914247870445,
        "dvar": 0.914363563061,
        "dvar2": 2.31882429123,
        "max": 10.8655815125,
        "mean": 1.08514142036,
        "median": 0.545328557491,
        "min": 0,
        "var": 1.95029115677
    },
    "zerocrossingrate": {
        "dmean": 0.00738757057115,
        "dmean2": 0.00863222964108,
        "dvar": 7.20419411664e-05,
        "dvar2": 7.86290547694e-05,
        "max": 0.2548828125,
        "mean": 0.0629094541073,
        "median": 0.05810546875,
        "min": 0.005859375,
        "var": 0.00153598736506
    },
    "barkbands": {
        "dmean": [4.86416720378e-05, 0.000946727755945, 0.000570981239434, 0.000359655707143, 0.000615911791101, 0.00114211835898, 0.00039473437937, 0.000225219104323, 0.000291990814731, 0.000210849946598, 0.000144262463436, 0.000224579664064, 0.000359883357305, 0.000234911000007, 0.000298188824672, 0.000201770511921, 0.000244039358222, 0.000179706912604, 0.000195837666979, 0.000150430889335, 0.000146771562868, 8.82065505721e-05, 5.61587876291e-05, 5.23273338331e-05, 1.68032256624e-05, 1.96974632161e-08, 5.3685811352e-10],
        "dmean2": [7.98400797066e-05, 0.00143653550185, 0.000872919976246, 0.00060824357206, 0.000985026825219, 0.00180324807297, 0.000646190717816, 0.00033740568324, 0.000431475928053, 0.000305150344502, 0.000223329669097, 0.000350157992216, 0.00056684500305, 0.000366243359167, 0.000493405561429, 0.000322826701449, 0.000401245779358, 0.000292479526252, 0.000328780064592, 0.00025083773653, 0.000239488435909, 0.000140973526868, 8.9819659479e-05, 8.00247871666e-05, 2.65540602413e-05, 3.16420099011e-08, 9.85369341677e-10],
        "dvar": [2.71579114752e-08, 5.97905000177e-06, 2.18017748921e-06, 7.69748567109e-07, 1.2049988527e-06, 5.32856756763e-06, 5.72745818772e-07, 1.95776422629e-07, 4.56617414102e-07, 4.00592654159e-07, 1.10949628152e-07, 2.98420303579e-07, 6.52167955195e-07, 4.54927032933e-07, 7.12568748895e-07, 3.04684931507e-07, 4.22168795922e-07, 1.35659078637e-07, 2.07243985528e-07, 9.30147692202e-08, 8.95959288982e-08, 3.09428145329e-08, 1.26449037907e-08, 1.38568694297e-08, 1.15819953628e-09, 2.75098513576e-15, 1.01918443217e-18],
        "dvar2": [7.04016400732e-08, 1.44998311953e-05, 5.29548015038e-06, 2.09091444958e-06, 2.80626909444e-06, 1.29060708787e-05, 1.57241959187e-06, 4.31673328194e-07, 8.59159172251e-07, 7.70435690356e-07, 2.57198848885e-07, 7.22232471162e-07, 1.69981092313e-06, 1.08178642222e-06, 1.85429189514e-06, 7.95075266069e-07, 1.15656155231e-06, 3.60871922567e-07, 5.94860352976e-07, 2.57853116636e-07, 2.38929004581e-07, 7.74849198137e-08, 3.21427862104e-08, 3.25044524629e-08, 2.80822676224e-09, 6.45078142717e-15, 3.23995086088e-18],
        "max": [0.00444768043235, 0.0439526028931, 0.0284065976739, 0.0175014603883, 0.0228606835008, 0.0269131734967, 0.00976914912462, 0.0111267659813, 0.0243418179452, 0.0137533834204, 0.00751338526607, 0.0144747216254, 0.0121256643906, 0.0152446990833, 0.0173319932073, 0.0131440823898, 0.00978369638324, 0.00589664187282, 0.00724313268438, 0.00358268991113, 0.00467030610889, 0.00309294322506, 0.0017496830551, 0.00282851909287, 0.000627646804787, 1.07836558527e-06, 1.84515691615e-08],
        "mean": [5.70987649553e-05, 0.001398441731, 0.000915794284083, 0.000545412825886, 0.00112933339551, 0.00244521093555, 0.000669216504321, 0.000429986015661, 0.000577351194806, 0.000450363382697, 0.000284938781988, 0.000408810185036, 0.000712928536814, 0.000443866942078, 0.000583131797612, 0.000371285073925, 0.000472139130579, 0.000370943074813, 0.000458494207123, 0.000370368827134, 0.000377314980142, 0.000250456650974, 0.000167289035744, 0.000163373682881, 4.0746803279e-05, 3.56671527868e-08, 4.48918041629e-10],
        "median": [1.64402135852e-05, 0.000558607280254, 0.000389243417885, 0.000207961667911, 0.000483280746266, 0.000785646610893, 0.000304404937197, 0.000165749399457, 0.000172795116669, 9.34559502639e-05, 5.8977973822e-05, 9.5288225566e-05, 0.000138820410939, 8.44226888148e-05, 8.56933256728e-05, 4.56856541859e-05, 5.79501611355e-05, 6.09587114013e-05, 6.09172529948e-05, 6.11814975855e-05, 4.86054595967e-05, 3.11833391606e-05, 2.41421294049e-05, 2.39868513745e-05, 9.36060314416e-06, 7.75282327226e-09, 1.47368006687e-10],
        "min": [1.54758916793e-09, 1.50570294011e-08, 5.35641797583e-09, 8.55738857553e-09, 1.22774137523e-08, 3.33712524281e-09, 1.39240052821e-09, 9.6916741299e-10, 2.29972751953e-09, 5.16805431783e-10, 1.09851006069e-09, 1.14757162106e-10, 1.06943065514e-09, 7.83684644956e-11, 1.35486996622e-10, 3.10100861656e-10, 9.19273407396e-11, 1.0464153849e-10, 4.9932540741e-11, 3.64469565639e-11, 1.94229337475e-11, 1.44581117911e-11, 1.01844487704e-11, 1.78119394234e-11, 1.37054768576e-11, 6.683942462e-12, 9.95626931594e-12],
        "var": [2.91062107749e-08, 7.73397277953e-06, 3.19192736242e-06, 9.3936733947e-07, 3.54093663191e-06, 1.67165853782e-05, 9.72258590082e-07, 6.66099936097e-07, 1.50212326844e-06, 1.69845714026e-06, 4.04773231821e-07, 8.85042652499e-07, 1.85474823411e-06, 1.11105259748e-06, 1.68501276221e-06, 6.94958714575e-07, 1.00486909105e-06, 4.01138322559e-07, 6.85942040946e-07, 3.26580192223e-07, 3.93455252379e-07, 1.77090768716e-07, 7.35679961394e-08, 8.3265049966e-08, 4.73882177943e-09, 6.76807234592e-15, 7.57681931462e-19]
    },
    "erbbands": {
        "dmean": [0.0266011953354, 0.221660465002, 0.540449202061, 1.00114917755, 1.59707534313, 1.8874065876, 5.25044727325, 10.7474155426, 6.74265861511, 5.02644443512, 5.2108874321, 6.16858959198, 5.21288776398, 8.31320667267, 5.40550756454, 9.13141441345, 16.2905063629, 12.3988637924, 14.5951023102, 9.99600410461, 12.450345993, 10.7891674042, 10.503080368, 7.48782587051, 10.9343090057, 6.59172487259, 7.37257051468, 4.25757408142, 3.04328632355, 2.14875483513, 1.56234526634, 1.14949929714, 0.922034621239, 0.327421039343, 0.0278422795236, 0.00118004227988, 5.44554750377e-05, 7.03337354935e-06, 2.88929140879e-06, 4.45750174549e-06],
        "dmean2": [0.039431553334, 0.340714246035, 0.806568086147, 1.65806651115, 2.67029833794, 2.99266934395, 8.40500545502, 16.7951564789, 10.7415008545, 8.23099803925, 7.67215442657, 9.1281003952, 7.69041872025, 12.0185623169, 8.33386802673, 14.4030456543, 25.4316310883, 19.5530052185, 24.2913990021, 15.9048967361, 20.0420627594, 17.6560115814, 16.9369907379, 12.3641347885, 18.4450473785, 11.0220603943, 12.3434038162, 6.92683362961, 4.87230205536, 3.41134309769, 2.52649784088, 1.78439557552, 1.42702507973, 0.511923134327, 0.0450547039509, 0.00189164327458, 8.38830746943e-05, 1.05687504401e-05, 4.3228501454e-06, 6.77762363921e-06],
        "dvar": [0.00412705307826, 0.338823288679, 1.63905799389, 7.22487640381, 14.366402626, 11.6489725113, 106.039115906, 543.241943359, 154.856002808, 83.1739654541, 110.513130188, 218.486709595, 132.193908691, 594.571533203, 102.486465454, 486.302368164, 1367.23522949, 1193.79797363, 2387.9609375, 437.968780518, 1307.05786133, 657.29498291, 525.553039551, 243.511764526, 694.876098633, 165.507568359, 242.952163696, 70.3706665039, 37.1544303894, 18.041759491, 9.70724010468, 6.53733348846, 4.36474561691, 0.44839438796, 0.00367492670193, 6.07273113928e-06, 1.13955431758e-08, 1.89479654189e-10, 2.33192111454e-11, 4.55926234266e-11],
        "dvar2": [0.00975530222058, 0.831541061401, 3.65777111053, 20.2574234009, 36.2783622742, 23.2067985535, 252.924468994, 1330.29052734, 388.838439941, 227.778701782, 227.795120239, 389.9090271, 270.082885742, 1161.77038574, 242.839202881, 1197.51989746, 3506.65600586, 2835.35595703, 6286.19042969, 1092.68029785, 3449.80517578, 1744.65905762, 1382.23547363, 645.502319336, 2052.80810547, 449.738220215, 670.200195312, 183.880752563, 93.6541213989, 44.4136734009, 24.6553668976, 15.1307630539, 10.7984762192, 1.04595065117, 0.00948268454522, 1.55360539793e-05, 2.74047344817e-08, 4.19112189398e-10, 4.88179253966e-11, 1.04339495377e-10],
        "max": [1.12525308132, 10.5625448227, 22.3845806122, 59.64818573, 46.0347557068, 137.457305908, 246.272964478, 311.974487305, 236.13973999, 129.55090332, 284.591766357, 637.329162598, 245.65864563, 531.690246582, 279.528747559, 523.932739258, 581.127685547, 802.739624023, 1039.89025879, 455.478973389, 907.318725586, 443.147247314, 362.032623291, 387.636627197, 461.933990479, 191.746292114, 243.087646484, 110.407501221, 106.264930725, 59.8518791199, 49.4303245544, 61.3097877502, 48.7339782715, 13.3352251053, 1.08489978313, 0.042127199471, 0.0020754172001, 0.000330634735292, 0.000106950901682, 9.81612829491e-05],
        "mean": [0.0420746728778, 0.317499250174, 0.917065620422, 1.68617463112, 2.17466616631, 3.73470044136, 10.1080598831, 22.7353878021, 13.5562372208, 8.82684707642, 10.8310699463, 12.7380161285, 10.6982574463, 18.3874034882, 11.7385787964, 18.4351997375, 34.0403862, 25.6360759735, 28.3181648254, 23.3770809174, 23.705871582, 23.0543785095, 23.1643600464, 20.0973320007, 25.2160205841, 17.7485141754, 17.4651947021, 12.1411619186, 9.02495098114, 6.06454181671, 4.68434667587, 3.48796224594, 2.65949892998, 0.902832627296, 0.0557249896228, 0.00252687814645, 0.000161938805832, 2.69187912636e-05, 1.44310506585e-05, 1.9771137886e-05],
        "median": [0.0159163698554, 0.128434687853, 0.421977728605, 0.748484075069, 0.949974238873, 1.5911141634, 3.52717399597, 6.47763061523, 6.33906793594, 4.27000904083, 4.17644453049, 3.86644625664, 3.7226896286, 4.04327201843, 4.39304018021, 5.1568608284, 6.90599441528, 5.71313714981, 4.83173799515, 3.42396903038, 3.30304312706, 3.25813794136, 3.69401717186, 3.44070196152, 3.11196351051, 3.22002148628, 2.29067015648, 1.71023344994, 1.15427184105, 0.789628386497, 0.672589540482, 0.469918459654, 0.424790561199, 0.210804671049, 0.00914850924164, 0.000455959350802, 3.72969443561e-05, 6.6278948907e-06, 7.61044202591e-06, 1.38065297506e-05],
        "min": [5.07772426772e-07, 3.06184074361e-06, 5.91612570133e-06, 1.99485039047e-05, 2.27363088925e-05, 4.54288056062e-05, 4.75506749353e-05, 3.2810607081e-05, 1.91021954379e-05, 3.45593543898e-05, 1.5549841919e-05, 5.52214260097e-05, 4.08811465604e-05, 1.64995544765e-05, 3.70449743059e-05, 1.10872697405e-05, 5.45674811292e-05, 5.47939771423e-06, 5.05551633978e-06, 1.95663087652e-05, 9.65024082689e-06, 5.69018857277e-06, 5.19223431183e-06, 3.54019789484e-06, 3.47213449459e-06, 1.34943093144e-06, 9.76135311248e-07, 5.55841950245e-07, 4.70533507269e-07, 4.49991347296e-07, 2.79983623841e-07, 3.5257406239e-07, 3.04683425156e-07, 2.07232659477e-07, 6.11236927739e-08, 2.78823115707e-08, 1.29572361729e-08, 4.76522377113e-09, 1.12566167498e-09, 2.31865984746e-10],
        "var": [0.00620190706104, 0.412862598896, 2.79369568825, 8.13215446472, 16.1046600342, 63.831035614, 356.324584961, 1854.0657959, 414.184753418, 165.887710571, 419.026947021, 806.669677734, 401.861358643, 2436.5949707, 401.117706299, 1458.4979248, 4287.76318359, 3144.4909668, 5204.66064453, 1749.37304688, 2866.53955078, 1859.25646973, 1622.89453125, 1071.72692871, 2047.32287598, 724.749938965, 831.800048828, 369.884216309, 219.022689819, 95.0612411499, 57.6174850464, 36.6285667419, 22.4680175781, 2.23750162125, 0.0109365731478, 2.03160889214e-05, 6.66031283458e-08, 1.68828218072e-09, 2.64352179036e-10, 3.2959115992e-10]
    },
    "gfcc": {
        "mean": [-59.9323692322, 119.019744873, -144.228347778, 56.0328941345, -79.6384506226, 18.3513851166, -40.1763839722, -1.50120139122, -9.95632839203, -10.0648040771, 9.67649745941, -18.5224456787, 8.08916568756],
        "cov": [[9348.20214844, -2808.1237793, -1939.55114746, 967.130493164, -184.839859009, 666.474487305, -32.4338760376, 261.197296143, -136.136627197, 257.720458984, -172.99446106, 85.9542312622, -279.286346436], [-2808.1237793, 1438.58361816, 578.476257324, -360.164398193, 250.00769043, -276.50894165, 130.389923096, -127.144592285, 113.135345459, -160.055328369, 111.837501526, -49.9059829712, 95.868057251], [-1939.55114746, 578.476257324, 965.553833008, -230.900482178, -54.6054229736, -89.6136474609, -124.547035217, -6.7381067276, -50.2125282288, 28.9565525055, 72.7925262451, 12.5356740952, 131.500900269], [967.130493164, -360.164398193, -230.900482178, 453.662719727, 41.6399154663, 108.69430542, 107.125892639, 30.8076648712, 90.3393554688, -12.3837127686, -46.9574050903, -11.8691759109, -75.9424209595], [-184.839859009, 250.00769043, -54.6054229736, 41.6399154663, 220.008712769, 5.65349149704, 81.8834533691, -0.841663658619, 52.8857879639, -27.5936870575, 22.0961551666, -8.96887779236, -4.8841047287], [666.474487305, -276.50894165, -89.6136474609, 108.69430542, 5.65349149704, 207.78086853, 44.38514328, 51.6580276489, -28.2566833496, 41.2472991943, -16.7222671509, 7.49466991425, -32.556842804], [-32.4338760376, 130.389923096, -124.547035217, 107.125892639, 81.8834533691, 44.38514328, 193.881591797, 0.634710133076, 78.848815918, -45.0396690369, -10.3901481628, -21.9541511536, -37.6325492859], [261.197296143, -127.144592285, -6.7381067276, 30.8076648712, -0.841663658619, 51.6580276489, 0.634710133076, 108.196807861, 13.4139108658, 41.0491828918, -6.04351568222, 12.8792467117, 3.62632727623], [-136.136627197, 113.135345459, -50.2125282288, 90.3393554688, 52.8857879639, -28.2566833496, 78.848815918, 13.4139108658, 134.458770752, -12.2245721817, 10.1491422653, -7.7490067482, -10.8622140884], [257.720458984, -160.055328369, 28.9565525055, -12.3837127686, -27.5936870575, 41.2472991943, -45.0396690369, 41.0491828918, -12.2245721817, 123.986167908, 29.0286941528, 31.6027393341, 16.0517692566], [-172.99446106, 111.837501526, 72.7925262451, -46.9574050903, 22.0961551666, -16.7222671509, -10.3901481628, -6.04351568222, 10.1491422653, 29.0286941528, 75.4307098389, 27.4032878876, 22.6328773499], [85.9542312622, -49.9059829712, 12.5356740952, -11.8691759109, -8.96887779236, 7.49466991425, -21.9541511536, 12.8792467117, -7.7490067482, 31.6027393341, 27.4032878876, 58.1487503052, 32.4282455444], [-279.286346436, 95.868057251, 131.500900269, -75.9424209595, -4.8841047287, -32.556842804, -37.6325492859, 3.62632727623, -10.8622140884, 16.0517692566, 22.6328773499, 32.4282455444, 80.1352539062]],
        "icov": [[0.000402359146392, 0.000225036550546, 0.000660338322632, -0.000502422568388, 0.000115495087812, -0.000405964266974, 0.000363686063793, -0.000351496128133, 0.000498638779391, -0.000196757551748, -0.000439121271484, 0.000144814621308, -0.000225435112952], [0.000225036550546, 0.0093525480479, -0.00447305105627, 0.00600365409628, -0.00759359495714, 0.00496440101415, -0.00731872115284, 0.00355311017483, -0.00428113527596, 0.0061028720811, -0.00552130443975, 0.00393717410043, -0.0012549465755], [0.000660338322632, -0.00447305105627, 0.00523026706651, -0.00401686038822, 0.00460459664464, -0.00343823549338, 0.00494699925184, -0.00280051701702, 0.00340592022985, -0.00341325020418, 0.00041310020606, 0.00040975806769, -0.00254028756171], [-0.000502422568388, 0.00600365409628, -0.00401686038822, 0.00882305949926, -0.0055595501326, 0.00210503675044, -0.00545713398606, 0.00340372975916, -0.00683658476919, 0.00470337318256, -0.000689943146426, 0.000362414779374, 0.00199865666218], [0.000115495087812, -0.00759359495714, 0.00460459664464, -0.0055595501326, 0.0124466838315, -0.00475394539535, 0.00454210070893, -0.0036502648145, 0.00319424411282, -0.00397700769827, 0.00103137560654, -0.00122418196406, -0.000778682762757], [-0.000405964266974, 0.00496440101415, -0.00343823549338, 0.00210503675044, -0.00475394539535, 0.0124925673008, -0.00816997978836, -0.000770294165704, 0.00247670523822, 0.000649788882583, -0.00206959014758, 0.000748261110857, 0.00175414804835], [0.000363686063793, -0.00731872115284, 0.00494699925184, -0.00545713398606, 0.00454210070893, -0.00816997978836, 0.0167111549526, -0.00243026181124, -0.00147383497097, -0.00197201920673, 0.00373873463832, -0.00222666631453, 0.00168922939338], [-0.000351496128133, 0.00355311017483, -0.00280051701702, 0.00340372975916, -0.0036502648145, -0.000770294165704, -0.00243026181124, 0.0147023284808, -0.00578330736607, -0.000783391296864, 0.00205942615867, -0.000534069899004, -0.000989019987173], [0.000498638779391, -0.00428113527596, 0.00340592022985, -0.00683658476919, 0.00319424411282, 0.00247670523822, -0.00147383497097, -0.00578330736607, 0.0177756212652, -0.00465750135481, -0.00163236237131, 0.000490885518957, -0.000833194819279], [-0.000196757551748, 0.0061028720811, -0.00341325020418, 0.00470337318256, -0.00397700769827, 0.000649788882583, -0.00197201920673, -0.000783391296864, -0.00465750135481, 0.0176178179681, -0.00827178452164, 7.04386684447e-06, -0.000624363776296], [-0.000439121271484, -0.00552130443975, 0.00041310020606, -0.000689943146426, 0.00103137560654, -0.00206959014758, 0.00373873463832, 0.00205942615867, -0.00163236237131, -0.00827178452164, 0.0266118105501, -0.0134196234867, 0.00397782307118], [0.000144814621308, 0.00393717410043, 0.00040975806769, 0.000362414779374, -0.00122418196406, 0.000748261110857, -0.00222666631453, -0.000534069899004, 0.000490885518957, 7.04386684447e-06, -0.0134196234867, 0.0342833809555, -0.0153446570039], [-0.000225435112952, -0.0012549465755, -0.00254028756171, 0.00199865666218, -0.000778682762757, 0.00175414804835, 0.00168922939338, -0.000989019987173, -0.000833194819279, -0.000624363776296, 0.00397782307118, -0.0153446570039, 0.0258586145937]]
    },
    "melbands": {
        "dmean": [0.000258852727711, 0.00027499042335, 0.00018174116849, 0.000118314943393, 0.000161918273079, 0.000230867051869, 0.000100983139419, 5.13853374287e-05, 4.24341014877e-05, 4.06046419812e-05, 2.67202558462e-05, 3.49984475179e-05, 1.93439082068e-05, 2.11169899558e-05, 3.69881636288e-05, 3.38797472068e-05, 2.15103500523e-05, 2.28634526138e-05, 1.90633654711e-05, 1.26569984786e-05, 1.57216400112e-05, 1.12027510113e-05, 1.36586195367e-05, 9.61220212048e-06, 6.11802124695e-06, 9.8363516372e-06, 6.25585698799e-06, 4.54461724075e-06, 6.17594423602e-06, 2.59484977505e-06, 3.02934267893e-06, 2.0726549792e-06, 1.6938522549e-06, 1.2674173604e-06, 1.02439707916e-06, 8.32304237974e-07, 7.77620357439e-07, 8.23744983336e-07, 4.84806037093e-07, 2.44092689172e-07],
        "dmean2": [0.00038690448855, 0.00040924642235, 0.000298564613331, 0.000191188868484, 0.000259817956248, 0.000362250488251, 0.000160433904966, 8.30732024042e-05, 6.28883353784e-05, 6.05873938184e-05, 3.95116330765e-05, 5.0605256547e-05, 3.0058219636e-05, 3.35494223691e-05, 5.75410267629e-05, 5.30143006472e-05, 3.4020300518e-05, 3.79448829335e-05, 3.12815609504e-05, 2.02932751563e-05, 2.55463728536e-05, 1.82982694241e-05, 2.24661180255e-05, 1.55020588863e-05, 1.02236426756e-05, 1.66451518453e-05, 1.05151302705e-05, 7.56943109081e-06, 1.03935790321e-05, 4.23788924309e-06, 4.8626015996e-06, 3.38390623256e-06, 2.73741852652e-06, 2.05691117117e-06, 1.68651729382e-06, 1.31984347718e-06, 1.22280994219e-06, 1.31677109039e-06, 7.55527480578e-07, 3.86031729249e-07],
        "dvar": [4.23885239798e-07, 3.97765234084e-07, 1.84823761629e-07, 5.25984447108e-08, 9.62508508451e-08, 2.39746924535e-07, 3.34785106304e-08, 8.03486610579e-09, 7.48195372324e-09, 8.9264311498e-09, 3.6020175731e-09, 1.11644560263e-08, 1.70637393104e-09, 2.08768669019e-09, 9.52509005003e-09, 5.96734972547e-09, 3.57625395964e-09, 5.63492763561e-09, 2.17994289287e-09, 8.90321316671e-10, 2.19418838654e-09, 7.18644033171e-10, 1.61854396552e-09, 4.42650888166e-10, 1.89227508662e-10, 6.22131568484e-10, 2.07167491495e-10, 8.95434351667e-11, 1.92736798743e-10, 3.1868355177e-11, 4.21989353183e-11, 1.96444249756e-11, 1.26867873845e-11, 6.88230679044e-12, 4.41798550868e-12, 2.98154708388e-12, 3.36785157054e-12, 4.27940018491e-12, 9.57435845016e-13, 2.45569081563e-13],
        "dvar2": [1.00729801034e-06, 9.33787305257e-07, 5.02527882418e-07, 1.24004088775e-07, 2.290560559e-07, 5.85234147366e-07, 8.48213730364e-08, 2.1342138723e-08, 1.43696015087e-08, 1.7122731677e-08, 7.34429628224e-09, 2.16822098054e-08, 3.98305122218e-09, 5.27767074487e-09, 2.36508785889e-08, 1.50246179942e-08, 8.49465298103e-09, 1.50128443011e-08, 5.69309133169e-09, 2.30710628379e-09, 5.75504888189e-09, 1.8462309459e-09, 4.50647519301e-09, 1.2032562724e-09, 5.00916030877e-10, 1.79633485864e-09, 6.05127392639e-10, 2.44786579895e-10, 5.22362320066e-10, 8.5686721607e-11, 1.1123429261e-10, 5.13410911007e-11, 3.31936735043e-11, 1.77988717515e-11, 1.17823389933e-11, 7.30751396893e-12, 8.11093119751e-12, 1.11644998801e-11, 2.30535707711e-12, 5.96613307802e-13],
        "max": [0.0111129879951, 0.0090940836817, 0.0085090296343, 0.00479489937425, 0.00738105783239, 0.00633835699409, 0.00327420118265, 0.00131350010633, 0.00216012541205, 0.0034393442329, 0.00124190060887, 0.0023304130882, 0.00122065108735, 0.000787582132034, 0.00233690650202, 0.00114408892114, 0.00135817937553, 0.00150372739881, 0.000755640852731, 0.000497306929901, 0.00114473316353, 0.000591890420765, 0.000699440774042, 0.000320776802255, 0.000364819657989, 0.000440816453192, 0.000207317658351, 0.000123744932353, 0.000247656134889, 9.37224904192e-05, 9.39044548431e-05, 8.45746908453e-05, 5.43377900613e-05, 3.49953043042e-05, 3.68271830666e-05, 3.31553455908e-05, 4.48362443422e-05, 5.20937755937e-05, 1.93442338059e-05, 8.7963826445e-06],
        "mean": [0.000392645597458, 0.000462860974949, 0.000301068357658, 0.000200397786102, 0.00031685968861, 0.000493441883009, 0.000203261020943, 9.24112609937e-05, 8.85365807335e-05, 8.07210817584e-05, 5.27725278516e-05, 7.59898175602e-05, 4.05347527703e-05, 3.75461531803e-05, 7.49614919187e-05, 6.82820900693e-05, 4.22288212576e-05, 4.1583138227e-05, 3.90300774598e-05, 2.54177575698e-05, 2.74588055618e-05, 2.23898023251e-05, 2.55400245806e-05, 1.90878454305e-05, 1.46801548908e-05, 2.15449417738e-05, 1.35091477205e-05, 1.08292415462e-05, 1.3112430679e-05, 6.20590390099e-06, 7.65594541008e-06, 5.36870766155e-06, 4.1777198021e-06, 3.0821333894e-06, 2.7475891784e-06, 2.29210718317e-06, 2.08083315556e-06, 2.10643270293e-06, 1.31860770125e-06, 5.31882562882e-07],
        "median": [0.000147716098581, 0.000220409798203, 0.000146026359289, 8.66093978402e-05, 0.000112268746307, 0.000149938918184, 9.40905010793e-05, 4.31305015809e-05, 3.25918372255e-05, 2.39056971623e-05, 1.70251969394e-05, 1.38846762638e-05, 1.19264459499e-05, 1.15285483844e-05, 1.07890582512e-05, 1.37803217513e-05, 8.33656577015e-06, 7.01278941051e-06, 5.54679809284e-06, 4.02360092266e-06, 3.47375657839e-06, 2.84141788143e-06, 3.32089985022e-06, 3.04303694065e-06, 2.47060779657e-06, 2.49859090218e-06, 1.87527416529e-06, 2.08103392652e-06, 1.54441761424e-06, 1.07278117412e-06, 9.03986290268e-07, 7.08319589648e-07, 4.74116717442e-07, 4.03060141707e-07, 3.57806356988e-07, 3.75331467239e-07, 2.46318109021e-07, 2.63626390051e-07, 2.93259745376e-07, 1.18140555116e-07],
        "min": [4.42531167266e-09, 3.4792568826e-09, 3.57780960414e-09, 2.12089279472e-09, 2.06819117388e-09, 6.87874646133e-10, 2.93526203343e-10, 3.48567869013e-10, 1.27960975149e-10, 3.61084440126e-10, 1.85615203763e-10, 4.99637622942e-11, 1.65431487953e-10, 1.22624185112e-11, 9.66630317456e-11, 7.63443822049e-11, 5.17355776275e-12, 8.0242158404e-12, 1.5328949915e-11, 2.43050388843e-11, 9.61405954847e-12, 5.65883537945e-12, 4.11164114908e-12, 6.37945599125e-12, 2.33222382379e-12, 2.03548679648e-12, 2.51186983539e-12, 5.14249070844e-13, 5.86375295108e-13, 4.42030364135e-13, 3.04676937976e-13, 2.26271678803e-13, 3.3453803421e-13, 2.25409087554e-13, 1.48008097748e-13, 1.64540947599e-13, 2.32490215231e-13, 2.24801392236e-13, 1.57433067234e-13, 1.92560743284e-13],
        "var": [5.9097084204e-07, 6.12016776813e-07, 2.18229132543e-07, 1.39710792268e-07, 3.24447228195e-07, 8.04636385965e-07, 8.93629206189e-08, 1.86463786633e-08, 2.85448411574e-08, 3.02009155462e-08, 1.07630606649e-08, 4.63096938574e-08, 6.89009826971e-09, 4.60857307871e-09, 3.20647082219e-08, 1.64928177782e-08, 9.34209687387e-09, 1.21372591977e-08, 6.09063866008e-09, 2.48747444864e-09, 4.6475778781e-09, 2.17001794311e-09, 3.38119154897e-09, 1.24244559085e-09, 7.26218474245e-10, 1.78265646689e-09, 5.76335368319e-10, 3.14962778081e-10, 5.31761912281e-10, 1.27087701474e-10, 1.76187328615e-10, 8.71429386984e-11, 5.14514819638e-11, 2.63667004896e-11, 2.02815229888e-11, 1.51102689389e-11, 1.44895137555e-11, 1.64224588789e-11, 4.6909832789e-12, 8.47762235846e-13]
    },
    "mfcc": {
        "mean": [-677.415344238, 113.273773193, 5.59151124954, 20.721036911, 1.26061546803, 1.67340350151, -1.04159092903, -4.90993213654, -4.87397813797, 0.551201403141, -0.602976500988, 3.04756760597, -2.23869776726],
        "cov": [[10779.9306641, -3419.05419922, -1690.73254395, 165.850540161, -256.268615723, 499.425964355, -8.4671087265, 341.489013672, -67.6803970337, 338.848968506, 91.4091491699, 152.606781006, -34.4373893738], [-3419.05419922, 1771.89172363, 395.19317627, -74.6475906372, 130.15322876, -202.463928223, 54.054107666, -110.026046753, 9.02792072296, -151.207214355, -6.71375894547, -46.707698822, 6.96681880951], [-1690.73254395, 395.19317627, 741.557250977, -57.177734375, 67.2349853516, -95.8181610107, 16.5634632111, -119.107124329, 9.88349342346, -78.3275604248, -28.5256881714, -24.9234256744, 12.558131218], [165.850540161, -74.6475906372, -57.177734375, 258.401977539, 18.5341205597, 71.4521865845, -37.3226547241, 84.1328201294, 26.8636627197, 65.8878631592, -11.0768270493, 32.2526245117, 18.2754631042], [-256.268615723, 130.15322876, 67.2349853516, 18.5341205597, 146.685897827, -12.5436372757, 23.8645935059, -17.2779121399, 5.66189098358, -11.6615200043, 8.83255577087, 1.79827690125, 0.570641934872], [499.425964355, -202.463928223, -95.8181610107, 71.4521865845, -12.5436372757, 168.899978638, 36.9896125793, 79.8715896606, 6.37255764008, 60.9869995117, 15.0449533463, 19.6010093689, 4.05919981003], [-8.4671087265, 54.054107666, 16.5634632111, -37.3226547241, 23.8645935059, 36.9896125793, 109.48197937, 14.539056778, 6.1384677887, -5.45809793472, 24.3261966705, -0.902192473412, -5.15741348267], [341.489013672, -110.026046753, -119.107124329, 84.1328201294, -17.2779121399, 79.8715896606, 14.539056778, 154.944763184, 32.3665847778, 69.0088500977, -6.00691652298, 22.593914032, 0.180104851723], [-67.6803970337, 9.02792072296, 9.88349342346, 26.8636627197, 5.66189098358, 6.37255764008, 6.1384677887, 32.3665847778, 81.2191848755, 28.998544693, 5.77869749069, 7.58462047577, 10.1575250626], [338.848968506, -151.207214355, -78.3275604248, 65.8878631592, -11.6615200043, 60.9869995117, -5.45809793472, 69.0088500977, 28.998544693, 115.745597839, 10.1885528564, 15.8266000748, 6.95545005798], [91.4091491699, -6.71375894547, -28.5256881714, -11.0768270493, 8.83255577087, 15.0449533463, 24.3261966705, -6.00691652298, 5.77869749069, 10.1885528564, 79.4407653809, 24.0067100525, 4.6546049118], [152.606781006, -46.707698822, -24.9234256744, 32.2526245117, 1.79827690125, 19.6010093689, -0.902192473412, 22.593914032, 7.58462047577, 15.8266000748, 24.0067100525, 68.0294876099, 25.4800300598], [-34.4373893738, 6.96681880951, 12.558131218, 18.2754631042, 0.570641934872, 4.05919981003, -5.15741348267, 0.180104851723, 10.1575250626, 6.95545005798, 4.6546049118, 25.4800300598, 63.2704658508]],
