{
"lowlevel": {
    "average_loudness": 0.921427726746,
    "barkbands_crest": {
        "dmean": 2.33832550049,
        "dmean2": 3.9294757843,
        "dvar": 4.23504066467,
        "dvar2": 12.0380086899,
        "max": 24.4212799072,
        "mean": 13.3247804642,
        "median": 12.915186882,
        "min": 3.68457436562,
        "var": 14.5111370087
    },
    "barkbands_flatness_db": {
        "dmean": 0.0350873917341,
        "dmean2": 0.0519202426076,
        "dvar": 0.00113041768782,
        "dvar2": 0.00236746203154,
        "max": 0.546549618244,
        "mean": 0.346232920885,
        "median": 0.351058870554,
        "min": 0.118117645383,
        "var": 0.00712228100747
    },
    "barkbands_kurtosis": {
        "dmean": 7.44186258316,
        "dmean2": 12.4038200378,
        "dvar": 133.301559448,
        "dvar2": 359.229125977,
        "max": 145.862319946,
        "mean": 14.3420095444,
        "median": 9.75744152069,
        "min": -1.9067183733,
        "var": 241.79826355
    },
    "barkbands_skewness": {
        "dmean": 0.733157753944,
        "dmean2": 1.1865067482,
        "dvar": 0.694110929966,
        "dvar2": 1.76415276527,
        "max": 10.0089092255,
        "mean": 2.51397562027,
        "median": 2.3306851387,
        "min": -1.45648443699,
        "var": 1.86343562603
    },
    "barkbands_spread": {
        "dmean": 2.27436614037,
        "dmean2": 3.33863091469,
        "dvar": 31.739402771,
        "dvar2": 59.1628417969,
        "max": 97.02784729,
        "mean": 5.44898605347,
        "median": 3.01528191566,
        "min": 0.507576286793,
        "var": 72.7465820312
    },
    "dissonance": {
        "dmean": 0.0319116711617,
        "dmean2": 0.0509689450264,
        "dvar": 0.000895896460861,
        "dvar2": 0.00221118982881,
        "max": 0.499590069056,
        "mean": 0.402824193239,
        "median": 0.412372380495,
        "min": 0.168222114444,
        "var": 0.00313856126741
    },
    "dynamic_complexity": 2.68687033653,
    "erbbands_crest": {
        "dmean": 2.82051110268,
        "dmean2": 4.54838323593,
        "dvar": 7.14646530151,
        "dvar2": 18.2331962585,
        "max": 28.7583618164,
        "mean": 11.3470716476,
        "median": 10.3959465027,
        "min": 3.35660791397,
        "var": 18.9172782898
    },
    "erbbands_flatness_db": {
        "dmean": 0.0240680873394,
        "dmean2": 0.0346318259835,
        "dvar": 0.000635375385173,
        "dvar2": 0.00122844404541,
        "max": 0.415468037128,
        "mean": 0.258757054806,
        "median": 0.257175028324,
        "min": 0.116639919579,
        "var": 0.00321963429451
    },
    "erbbands_kurtosis": {
        "dmean": 2.23714089394,
        "dmean2": 3.5055077076,
        "dvar": 9.52136135101,
        "dvar2": 22.4793567657,
        "max": 45.6086387634,
        "mean": 3.20615553856,
        "median": 1.67729902267,
        "min": -1.87025141716,
        "var": 23.6912975311
    },
    "erbbands_skewness": {
        "dmean": 0.521385788918,
        "dmean2": 0.775667130947,
        "dvar": 0.283830672503,
        "dvar2": 0.617199480534,
        "max": 5.29807806015,
        "mean": 1.15580022335,
        "median": 1.17103493214,
        "min": -4.05338001251,
        "var": 1.22400069237
    },
    "erbbands_spread": {
        "dmean": 8.0610408783,
        "dmean2": 12.116112709,
        "dvar": 169.120544434,
        "dvar2": 361.926818848,
        "max": 168.839202881,
        "mean": 24.5987434387,
        "median": 18.3037033081,
        "min": 1.89953756332,
        "var": 411.112762451
    },
    "hfc": {
        "dmean": 3.50756788254,
        "dmean2": 5.17554998398,
        "dvar": 41.4460067749,
        "dvar2": 82.207824707,
        "max": 148.484786987,
        "mean": 11.0043487549,
        "median": 8.20220279694,
        "min": 4.48346254416e-05,
        "var": 147.464782715
    },
    "melbands_crest": {
        "dmean": 3.11983537674,
        "dmean2": 5.27581882477,
        "dvar": 8.02179145813,
        "dvar2": 23.5203514099,
        "max": 36.2714271545,
        "mean": 17.3577270508,
        "median": 17.0815048218,
        "min": 5.51643466949,
        "var": 18.8230686188
    },
    "melbands_flatness_db": {
        "dmean": 0.0411070510745,
        "dmean2": 0.0581326186657,
        "dvar": 0.00171485031024,
        "dvar2": 0.00326892500743,
        "max": 0.671744048595,
        "mean": 0.446431577206,
        "median": 0.451964825392,
        "min": 0.129597201943,
        "var": 0.0119325229898
    },
    "melbands_kurtosis": {
        "dmean": 14.0031414032,
        "dmean2": 23.0845546722,
        "dvar": 579.599487305,
        "dvar2": 1497.93823242,
        "max": 332.566253662,
        "mean": 28.1719360352,
        "median": 18.7429180145,
        "min": -1.61632871628,
        "var": 965.860534668
    },
    "melbands_skewness": {
        "dmean": 0.898269057274,
        "dmean2": 1.43234217167,
        "dvar": 1.26068913937,
        "dvar2": 3.10702729225,
        "max": 13.2483882904,
        "mean": 3.36914014816,
        "median": 3.02555131912,
        "min": -0.37120372057,
        "var": 3.1092915535
    },
    "melbands_spread": {
        "dmean": 2.0307662487,
        "dmean2": 3.17619681358,
        "dvar": 34.8810577393,
        "dvar2": 83.7646484375,
        "max": 129.147735596,
        "mean": 4.78372335434,
        "median": 2.64784169197,
        "min": 0.456601679325,
        "var": 58.2995834351
    },
    "pitch_salience": {
        "dmean": 0.0689977258444,
        "dmean2": 0.116721004248,
        "dvar": 0.00380210136063,
        "dvar2": 0.0107477940619,
        "max": 0.818107485771,
        "mean": 0.498809248209,
        "median": 0.501970648766,
        "min": 0.123080380261,
        "var": 0.0110156303272
    },
    "silence_rate_20dB": {
        "dmean": 0,
        "dmean2": 0,
        "dvar": 0,
        "dvar2": 0,
        "max": 1,
        "mean": 1,
        "median": 1,
        "min": 1,
        "var": 0
    },
    "silence_rate_30dB": {
        "dmean": 0.0681114569306,
        "dmean2": 0.136275649071,
        "dvar": 0.0634720548987,
        "dvar2": 0.15332518518,
        "max": 1,
        "mean": 0.887814342976,
        "median": 1,
        "min": 0,
        "var": 0.0996005311608
    },
    "silence_rate_60dB": {
        "dmean": 0.00464396271855,
        "dmean2": 0.00929152127355,
        "dvar": 0.00462262798101,
        "dvar2": 0.0107534974813,
        "max": 1,
        "mean": 0.0185686647892,
        "median": 0,
        "min": 0,
        "var": 0.0182229466736
    },
    "spectral_centroid": {
        "dmean": 115.093360901,
        "dmean2": 170.021194458,
        "dvar": 62081.4296875,
        "dvar2": 114858.070312,
        "max": 4515.65869141,
        "mean": 398.671051025,
        "median": 278.381011963,
        "min": 120.909317017,
        "var": 150509.03125
    },
    "spectral_complexity": {
        "dmean": 1.64705884457,
        "dmean2": 2.56136274338,
        "dvar": 6.46757745743,
        "dvar2": 12.4381866455,
        "max": 49,
        "mean": 7.93036746979,
        "median": 7,
        "min": 0,
        "var": 21.6091556549
    },
    "spectral_decrease": {
        "dmean": 4.40289360526e-09,
        "dmean2": 7.33915683782e-09,
        "dvar": 2.71271185278e-17,
        "dvar2": 7.66489378393e-17,
        "max": -5.08219226251e-14,
        "mean": -1.50488563833e-08,
        "median": -1.39779476882e-08,
        "min": -8.03015254291e-08,
        "var": 9.42975839794e-17
    },
    "spectral_energy": {
        "dmean": 0.0168481245637,
        "dmean2": 0.0280412212014,
        "dvar": 0.000394363247324,
        "dvar2": 0.00111407658551,
        "max": 0.305773943663,
        "mean": 0.0577959306538,
        "median": 0.0534791648388,
        "min": 1.95880247134e-07,
        "var": 0.00138623826206
    },
    "spectral_energyband_high": {
        "dmean": 0.000106038729427,
        "dmean2": 0.000143106721225,
        "dvar": 3.12194458729e-07,
        "dvar2": 5.03406283769e-07,
        "max": 0.0172471106052,
        "mean": 0.000136883318191,
        "median": 5.92658898313e-06,
        "min": 2.69832378663e-10,
        "var": 6.37169989659e-07
    },
    "spectral_energyband_low": {
        "dmean": 0.014244614169,
        "dmean2": 0.0241525582969,
        "dvar": 0.000320467835991,
        "dvar2": 0.000940955244005,
        "max": 0.288444578648,
        "mean": 0.0395633205771,
        "median": 0.0371798276901,
        "min": 9.97397293645e-08,
        "var": 0.000848057388794
    },
    "spectral_energyband_middle_high": {
        "dmean": 0.000705200829543,
        "dmean2": 0.000915079959668,
        "dvar": 5.28877353645e-06,
        "dvar2": 8.33560261526e-06,
        "max": 0.0695122331381,
        "mean": 0.00148949411232,
        "median": 0.000272283912636,
        "min": 1.92259030918e-09,
        "var": 2.37566509895e-05
    },
    "spectral_energyband_middle_low": {
        "dmean": 0.00748563464731,
        "dmean2": 0.0122133912519,
        "dvar": 0.00010752142407,
        "dvar2": 0.000301230931655,
        "max": 0.157958626747,
        "mean": 0.0205214805901,
        "median": 0.0161897093058,
        "min": 9.61233368457e-08,
        "var": 0.000306597794406
    },
    "spectral_entropy": {
        "dmean": 0.319746613503,
        "dmean2": 0.458771437407,
        "dvar": 0.12330494076,
        "dvar2": 0.228829681873,
        "max": 8.3050031662,
        "mean": 6.06928062439,
        "median": 5.99880647659,
        "min": 4.33272123337,
        "var": 0.582177877426
    },
    "spectral_flux": {
        "dmean": 0.0281871855259,
        "dmean2": 0.0452299118042,
        "dvar": 0.000773255829699,
        "dvar2": 0.00184300518595,
        "max": 0.349868774414,
        "mean": 0.0859704166651,
        "median": 0.0779632031918,
        "min": 0.000819579814561,
        "var": 0.00246912334114
    },
    "spectral_kurtosis": {
        "dmean": 15.3651828766,
        "dmean2": 24.6226863861,
        "dvar": 351.104217529,
        "dvar2": 817.448913574,
        "max": 224.777297974,
        "mean": 35.9732131958,
        "median": 19.1535358429,
        "min": -1.22079110146,
        "var": 1619.36340332
    },
    "spectral_rms": {
        "dmean": 0.0010737812845,
        "dmean2": 0.00175367784686,
        "dvar": 1.13303246962e-06,
        "dvar2": 3.10278028337e-06,
        "max": 0.0172718279064,
        "mean": 0.00706730643287,
        "median": 0.00722321216017,
        "min": 1.38239893204e-05,
        "var": 6.43934572508e-06
    },
    "spectral_rolloff": {
        "dmean": 115.348297119,
        "dmean2": 201.166275024,
        "dvar": 255037.328125,
        "dvar2": 598400.8125,
        "max": 7601.22070312,
        "mean": 325.379638672,
        "median": 215.33203125,
        "min": 43.06640625,
        "var": 337786.34375
    },
    "spectral_skewness": {
        "dmean": 1.03023803234,
        "dmean2": 1.60409033298,
        "dvar": 1.08906722069,
        "dvar2": 2.37644982338,
        "max": 12.6924448013,
        "mean": 4.02681303024,
        "median": 3.34751582146,
        "min": -0.271746575832,
        "var": 6.10512304306
    },
    "spectral_spread": {
        "dmean": 569455.625,
        "dmean2": 850613.0625,
        "dvar": 465961811968,
        "dvar2": 765837377536,
        "max": 13467038,
        "mean": 2432558.75,
        "median": 2179724.25,
        "min": 371195.75,
        "var": 2.18987259494e+12
    },
    "spectral_strongpeak": {
        "dmean": 0.268248021603,
        "dmean2": 0.463806837797,
        "dvar": 0.190764963627,
        "dvar2": 0.531580984592,
        "max": 5.97250366211,
        "mean": 0.560593128204,
        "median": 0.463957995176,
        "min": 0,
        "var": 0.230843454599
    },
    "zerocrossingrate": {
        "dmean": 0.00403153290972,
        "dmean2": 0.00468753790483,
        "dvar": 6.24914609944e-05,
        "dvar2": 6.18578560534e-05,
        "max": 0.2119140625,
        "mean": 0.0143192019314,
        "median": 0.009765625,
        "min": 0.00146484375,
        "var": 0.000283796980511
    },
    "barkbands": {
        "dmean": [0.00111252523493, 0.0088347857818, 0.00526521215215, 0.00459577701986, 0.00336443632841, 0.000626533466857, 0.000753780885134, 0.000151310581714, 0.00050738529535, 0.000155797140906, 0.000147998856846, 0.00017502893752, 0.000124769983813, 0.000113561021863, 0.000111433466373, 5.86048190598e-05, 2.46476138273e-05, 3.74045630451e-05, 4.047987386e-05, 5.25916366314e-05, 1.84648561117e-05, 2.42715086642e-05, 3.29343165504e-05, 2.34635881498e-05, 3.38692711921e-06, 4.5422288153e-09, 2.24922991343e-09],
        "dmean2": [0.00148762529716, 0.0151748387143, 0.0089287860319, 0.0080709066242, 0.00520298397169, 0.000856544356793, 0.00116861320566, 0.000232833874179, 0.000729361316189, 0.000238054955844, 0.000207887598663, 0.000234331848333, 0.000185717464774, 0.000166631187312, 0.000174366388819, 9.98338946374e-05, 3.74403862224e-05, 5.3793843108e-05, 5.86791466048e-05, 8.85261688381e-05, 2.80397107417e-05, 3.54227267962e-05, 4.17973824369e-05, 3.17296471621e-05, 4.85341388412e-06, 7.38429983826e-09, 4.06388833696e-09],
        "dvar": [4.26064343628e-06, 0.000159205475939, 6.15664976067e-05, 6.5379354055e-05, 3.66394197044e-05, 2.61503350885e-06, 3.6132803416e-06, 5.19968011758e-07, 3.0044441246e-06, 5.06568198944e-07, 4.4301498292e-07, 9.51048548359e-07, 3.71718812175e-07, 2.23779352382e-07, 4.68098846795e-07, 2.56165122892e-07, 8.9310079332e-09, 3.72207829002e-08, 7.22590129953e-08, 3.67427560377e-07, 1.21285950172e-08, 1.99588257033e-08, 6.8362439265e-08, 2.18361613236e-08, 3.68083202806e-10, 2.59815842216e-16, 1.00516498224e-17],
        "dvar2": [7.4958688856e-06, 0.000469380785944, 0.000176862711669, 0.000217912966036, 8.65377514856e-05, 4.61049603473e-06, 8.80431707628e-06, 1.25656981709e-06, 6.42261011308e-06, 1.12289137633e-06, 8.65127276484e-07, 1.44506896049e-06, 7.81230369284e-07, 4.55933587773e-07, 1.1549766441e-06, 7.36057756967e-07, 1.7365261229e-08, 8.02024757718e-08, 1.66578345784e-07, 1.06948118628e-06, 2.49394300766e-08, 4.00739423867e-08, 1.14005104024e-07, 3.84895919581e-08, 6.72311595284e-10, 5.71905105162e-16, 2.98667125924e-17],
        "max": [0.027420014143, 0.188129067421, 0.11119569838, 0.0823898762465, 0.0906806066632, 0.0551493316889, 0.0323500856757, 0.016833525151, 0.0441888980567, 0.0191493704915, 0.019877275452, 0.034970998764, 0.0180190391839, 0.0117185907438, 0.0136840464547, 0.0137715861201, 0.00275514973328, 0.00481543922797, 0.00992059893906, 0.0212864279747, 0.00250637647696, 0.00294549623504, 0.0105160260573, 0.00474812602624, 0.000431905093137, 3.66298962717e-07, 2.7397478064e-08],
        "mean": [0.00211217324249, 0.0257073733956, 0.00785975530744, 0.00780363893136, 0.00822614040226, 0.00157180614769, 0.00162687362172, 0.000235861210967, 0.00098508852534, 0.000258214509813, 0.000245241419179, 0.000311156007228, 0.000192878054804, 0.000163464763318, 0.000122154364362, 6.07925685472e-05, 3.48927533196e-05, 5.51956472918e-05, 5.0244427257e-05, 5.40962755622e-05, 2.18370496441e-05, 2.65764483629e-05, 3.83552760468e-05, 2.78033148788e-05, 4.36987238572e-06, 4.92858687196e-09, 1.93684468464e-09],
        "median": [0.000859714869875, 0.0244208220392, 0.00490684295073, 0.00484231580049, 0.00421464256942, 0.000776652945206, 0.000515932682902, 6.98078729329e-05, 9.11770621315e-05, 2.20542897296e-05, 2.59297376033e-05, 1.36284324981e-05, 1.48301678564e-05, 1.34549200084e-05, 9.12127143238e-06, 6.507380931e-06, 6.22335301159e-06, 3.89582692151e-06, 3.71088435713e-06, 2.83448184746e-06, 9.78791490525e-07, 3.69364840935e-07, 5.3474809647e-07, 7.57660245654e-07, 1.30479108407e-07, 1.30951516297e-09, 7.68648922289e-10],
        "min": [1.00882413534e-08, 5.50283374423e-08, 3.24753059999e-08, 8.08255329332e-09, 4.05480591326e-08, 3.09631897899e-09, 3.7800766961e-08, 1.89910598358e-09, 3.30001553861e-10, 1.70993552651e-10, 5.3957182472e-11, 1.08264570919e-10, 1.92436580559e-10, 8.13172584824e-10, 9.03402561092e-11, 1.12069686864e-10, 4.9889505721e-11, 5.98799412832e-11, 3.4420209738e-11, 2.78394009234e-11, 6.89569235046e-11, 5.8585844509e-11, 4.32239383175e-11, 3.38627806351e-11, 1.88946931018e-11, 1.04204396847e-11, 1.45857735612e-11],
        "var": [1.15694119813e-05, 0.000438372720964, 9.20331076486e-05, 8.65553374751e-05, 0.00011487507436, 7.69168582337e-06, 7.92911578174e-06, 6.03131582011e-07, 9.01175280887e-06, 1.23935274132e-06, 9.7363988516e-07, 3.23460790241e-06, 9.00538395854e-07, 5.02871273511e-07, 4.7219833732e-07, 1.71238511371e-07, 1.59154911472e-08, 5.72044527303e-08, 9.55227932309e-08, 2.1719908716e-07, 1.67891069935e-08, 2.92684330105e-08, 1.21065241387e-07, 4.03440942875e-08, 7.09753311678e-10, 3.95309800028e-16, 9.11477596162e-18]
    },
    "erbbands": {
        "dmean": [0.304429858923, 1.94303035736, 5.56465578079, 11.0794200897, 12.7279396057, 11.8765230179, 3.51754403114, 6.50872182846, 11.3649921417, 6.29786062241, 4.09816503525, 12.0547494888, 6.52124834061, 4.4873714447, 6.50095558167, 6.73305463791, 5.11940479279, 5.40815830231, 5.18273448944, 6.28280353546, 1.85055136681, 1.42220318317, 2.02676939964, 2.16823887825, 2.09972596169, 2.63545513153, 0.705911576748, 0.912081599236, 0.826730251312, 0.939972877502, 0.977199614048, 0.703004062176, 0.2672329247, 0.0746265426278, 0.00536966603249, 0.000251358782407, 1.99387541215e-05, 3.87074987884e-06, 7.95338200987e-06, 1.84383225132e-05],
        "dmean2": [0.484781205654, 3.38148784637, 9.56228351593, 19.5090656281, 20.4683380127, 18.6923828125, 5.27408981323, 8.84734630585, 17.4659748077, 9.48197078705, 6.04471254349, 16.8248062134, 9.70161342621, 6.31130838394, 8.74300765991, 8.77914047241, 7.00797510147, 7.56826734543, 7.47630262375, 10.5467195511, 2.96519827843, 2.127597332, 2.88581681252, 3.41761064529, 2.99505829811, 4.48738288879, 1.07452189922, 1.40441715717, 1.19095945358, 1.37343251705, 1.2442022562, 0.971591591835, 0.34500554204, 0.101672746241, 0.00739868311211, 0.000341482722433, 2.74435551546e-05, 5.5802784118e-06, 1.29630470838e-05, 3.05700741592e-05],
        "dvar": [0.285295933485, 7.34149360657, 60.1048927307, 400.980712891, 446.38293457, 589.487243652, 45.1765899658, 368.728942871, 767.076538086, 411.713470459, 222.153533936, 1762.79626465, 830.339111328, 488.401306152, 949.100219727, 1744.24108887, 502.408996582, 543.166137695, 488.665740967, 3928.4230957, 102.473045349, 31.9237136841, 93.9784545898, 499.189300537, 143.246948242, 1197.41210938, 16.0854797363, 33.8724861145, 22.9606933594, 39.2540740967, 69.8407363892, 22.043346405, 3.55203700066, 0.17911952734, 0.000905514752958, 1.8935903654e-06, 7.77398057039e-09, 2.38151609544e-10, 9.04614091968e-11, 4.64065924577e-10],
        "dvar2": [0.81514942646, 21.8674182892, 175.58303833, 1292.34777832, 1063.06848145, 1457.28430176, 100.041168213, 617.129577637, 1799.19104004, 982.280761719, 509.854919434, 3670.33911133, 1949.52038574, 984.759216309, 1777.9041748, 2946.19116211, 993.030944824, 1034.97583008, 1038.43859863, 10760.7792969, 255.31690979, 65.1474304199, 182.109985352, 1360.11560059, 315.953430176, 3503.40136719, 41.3783378601, 66.8590393066, 48.5962677002, 81.1650924683, 121.390525818, 39.7332649231, 5.79200601578, 0.278568089008, 0.00153367139865, 3.07354434881e-06, 1.13871001517e-08, 3.53524431951e-10, 2.34870317639e-10, 1.31082777965e-09],
        "max": [7.88746786118, 44.5478744507, 114.683990479, 247.844329834, 483.316162109, 387.672424316, 112.172927856, 696.703491211, 515.100769043, 557.518493652, 363.977172852, 1121.85900879, 763.812744141, 899.219543457, 957.302978516, 1561.65026855, 614.684326172, 629.349182129, 731.469055176, 1578.52966309, 205.801193237, 143.756881714, 269.269989014, 864.501464844, 356.720703125, 1230.15283203, 111.574172974, 123.368232727, 90.324005127, 141.087585449, 355.148071289, 165.484283447, 73.286491394, 11.5755214691, 0.812530994415, 0.0387705415487, 0.00305518531241, 0.000570270349272, 0.000215081250644, 0.000330684008077],
        "mean": [0.679186105728, 5.79975509644, 10.2610683441, 19.23670578, 28.6700019836, 28.8104534149, 10.110250473, 16.0358009338, 25.0089530945, 12.8896427155, 7.76261854172, 23.0190029144, 11.8381290436, 8.40442562103, 11.704249382, 11.7304868698, 8.99184989929, 8.6397485733, 7.29748773575, 6.13047838211, 2.39336323738, 2.09612202644, 3.07114219666, 2.51788210869, 2.83653712273, 2.59491825104, 0.812406241894, 1.08553826809, 0.873920142651, 1.07279968262, 1.10443079472, 0.801977038383, 0.332862854004, 0.100338727236, 0.00718666845933, 0.000359812023817, 3.92233087041e-05, 6.20322089162e-06, 2.71833068837e-05, 6.35053220321e-05],
        "median": [0.467563509941, 5.51887083054, 8.05838775635, 11.6478977203, 18.4874629974, 13.7451696396, 6.15316390991, 7.55053901672, 6.79049015045, 5.72538661957, 2.31887364388, 2.18122911453, 1.14996862411, 1.11140012741, 1.17647373676, 0.607026159763, 0.738533735275, 0.805779755116, 0.540164649487, 0.511439979076, 0.354501575232, 0.386579781771, 0.241820767522, 0.231963694096, 0.177590399981, 0.139449164271, 0.0641633048654, 0.0286946296692, 0.0144472504035, 0.0148178897798, 0.0157546307892, 0.0154461814091, 0.0100442478433, 0.00335467350669, 0.000259974156506, 4.92247309012e-05, 2.00476279133e-05, 2.58178420154e-06, 2.4921801014e-05, 5.88473085372e-05],
        "min": [1.0349774584e-06, 1.4251403627e-05, 3.8725331251e-05, 3.84672130167e-05, 4.35420224676e-05, 0.000192029678146, 2.93414250336e-05, 5.89309129282e-05, 0.000635982083622, 0.000128732935991, 4.27465347457e-05, 1.12387106128e-05, 5.46884530195e-06, 2.97960446005e-06, 4.21826007369e-06, 3.63183607988e-06, 9.06791410671e-06, 4.97717919643e-05, 1.50948426381e-05, 7.83861287346e-06, 5.0256362556e-06, 4.02887144446e-06, 2.81614165942e-06, 2.5823451324e-06, 1.39738017424e-06, 1.36848257171e-06, 1.75289460458e-06, 2.9980412819e-06, 1.68862095506e-06, 1.33430239657e-06, 1.21904258776e-06, 7.73048384417e-07, 4.93631489462e-07, 3.00410590626e-07, 9.12462425617e-08, 4.28408704067e-08, 2.03091765627e-08, 9.03825903009e-09, 1.98477478897e-09, 4.11330469685e-10],
        "var": [0.544362127781, 22.7747535706, 97.4607620239, 539.748168945, 1197.14819336, 1834.60131836, 169.198287964, 1009.64477539, 1867.39343262, 640.885742188, 344.563232422, 4736.37646484, 2055.23950195, 1345.42675781, 2421.20068359, 5356.31298828, 1544.95800781, 1477.06689453, 938.002685547, 2814.02368164, 109.679946899, 52.2848358154, 171.68107605, 374.726898193, 266.957122803, 677.020385742, 14.532333374, 48.3213996887, 30.2068939209, 58.4094467163, 115.111846924, 40.0079536438, 6.64389181137, 0.386998295784, 0.00195844168775, 4.17138016928e-06, 1.77879542207e-08, 5.28785681908e-10, 3.2979730058e-10, 1.66308722349e-09]
    },
    "gfcc": {
        "mean": [-117.960868835, 198.075332642, -74.6340942383, 42.6184997559, -37.2384338379, 6.78844499588, -24.8943405151, -7.45762825012, -3.27289652824, -18.5729579926, 9.60371875763, -22.8701381683, 4.49914169312],
        "cov": [[4992.50146484, -1272.453125, -1534.59594727, 869.752624512, -607.788391113, 104.806541443, -212.512512207, 118.536064148, -196.637802124, 53.1696357727, 171.701644897, -286.00604248, -21.7344665527], [-1272.453125, 1469.2512207, 496.2237854, -1057.74133301, 555.114685059, -185.406585693, 329.479644775, -47.5100517273, 63.8339729309, -143.367736816, -84.7228317261, 100.775375366, -17.7101669312], [-1534.59594727, 496.2237854, 1211.95178223, -251.078369141, 216.550018311, -18.2916908264, 95.5505065918, -43.5149002075, 107.557182312, -10.6886711121, -105.394515991, 179.583175659, 34.9225959778], [869.752624512, -1057.74133301, -251.078369141, 990.972412109, -294.605194092, 11.8284883499, -287.120849609, 12.201877594, 8.16322231293, 103.96647644, 70.6639328003, -69.3780059814, 40.1028518677], [-607.788391113, 555.114685059, 216.550018311, -294.605194092, 511.191375732, -112.633468628, 26.5824718475, -10.9010477066, 84.0741043091, -19.9642944336, -46.639667511, 34.5052032471, 3.57968878746], [104.806541443, -185.406585693, -18.2916908264, 11.8284883499, -112.633468628, 222.595581055, 42.0871086121, -25.1305713654, -9.07458114624, 31.4528961182, -5.71329402924, -0.426092982292, -17.1607837677], [-212.512512207, 329.479644775, 95.5505065918, -287.120849609, 26.5824718475, 42.0871086121, 334.64364624, 13.4687595367, -39.7453155518, -59.2277641296, -43.0985221863, 50.7525939941, -13.7400588989], [118.536064148, -47.5100517273, -43.5149002075, 12.201877594, -10.9010477066, -25.1305713654, 13.4687595367, 164.042129517, 3.59560680389, -19.2175807953, 6.51443147659, -20.0076618195, 31.0513687134], [-196.637802124, 63.8339729309, 107.557182312, 8.16322231293, 84.0741043091, -9.07458114624, -39.7453155518, 3.59560680389, 142.149703979, 35.4392929077, -22.5695362091, 12.1617193222, 1.29998803139], [53.1696357727, -143.367736816, -10.6886711121, 103.96647644, -19.9642944336, 31.4528961182, -59.2277641296, -19.2175807953, 35.4392929077, 116.802764893, 29.3458957672, -24.009645462, -6.74994087219], [171.701644897, -84.7228317261, -105.394515991, 70.6639328003, -46.639667511, -5.71329402924, -43.0985221863, 6.51443147659, -22.5695362091, 29.3458957672, 112.716377258, -5.11981487274, -10.8763723373], [-286.00604248, 100.775375366, 179.583175659, -69.3780059814, 34.5052032471, -0.426092982292, 50.7525939941, -20.0076618195, 12.1617193222, -24.009645462, -5.11981487274, 113.304580688, 15.1624889374], [-21.7344665527, -17.7101669312, 34.9225959778, 40.1028518677, 3.57968878746, -17.1607837677, -13.7400588989, 31.0513687134, 1.29998803139, -6.74994087219, -10.8763723373, 15.1624889374, 70.7946243286]],
        "icov": [[0.000395561219193, -0.000364739913493, 0.000443240453023, -0.000513284641784, 0.000251778081292, -0.000312232004944, 0.000109105545562, -0.000326235196553, 0.000314737349981, -0.000107010426291, 0.00011790885037, 4.78682231915e-05, 0.000170036350028], [-0.000364739913493, 0.0228611938655, -0.00407482450828, 0.0190072376281, -0.0080551719293, 0.0140818646178, -0.00947978720069, 0.0114389276132, -0.0109532605857, 0.0101956445724, -0.0101348338649, 0.00964916683733, -0.00863661244512], [0.000443240453023, -0.00407482450828, 0.00239226105623, -0.00344774546102, 0.0013731418876, -0.00251220469363, 0.00167101528496, -0.00214958842844, 0.00169429183006, -0.00235700490884, 0.00279454374686, -0.00345672201365, 0.00139224878512], [-0.000513284641784, 0.0190072376281, -0.00344774546102, 0.0177262164652, -0.00578828062862, 0.011979191564, -0.00668126298115, 0.00958234444261, -0.00941349565983, 0.00758310593665, -0.00844937376678, 0.00793601386249, -0.00814837031066], [0.000251778081292, -0.0080551719293, 0.0013731418876, -0.00578828062862, 0.00608041323721, -0.00348924938589, 0.00357054872438, -0.00371373654343, 0.00235771411099, -0.00377270509489, 0.00396329117939, -0.0032808247488, 0.00274088326842], [-0.000312232004944, 0.0140818646178, -0.00251220469363, 0.011979191564, -0.00348924938589, 0.0145561732352, -0.00669136783108, 0.00765121448785, -0.00688519049436, 0.00412621023133, -0.0051456685178, 0.00545377656817, -0.00450814515352], [0.000109105545562, -0.00947978720069, 0.00167101528496, -0.00668126298115, 0.00357054872438, -0.00669136783108, 0.00883223675191, -0.00583125092089, 0.00592970987782, -0.00383163918741, 0.00568601489067, -0.00596054829657, 0.00476767169312], [-0.000326235196553, 0.0114389276132, -0.00214958842844, 0.00958234444261, -0.00371373654343, 0.00765121448785, -0.00583125092089, 0.0135381026193, -0.00719094416127, 0.00698902597651, -0.00682070665061, 0.00752052664757, -0.00849371962249], [0.000314737349981, -0.0109532605857, 0.00169429183006, -0.00941349565983, 0.00235771411099, -0.00688519049436, 0.00592970987782, -0.00719094416127, 0.015529545024, -0.00862115621567, 0.0077047389932, -0.00650987494737, 0.00584067823365], [-0.000107010426291, 0.0101956445724, -0.00235700490884, 0.00758310593665, -0.00377270509489, 0.00412621023133, -0.00383163918741, 0.00698902597651, -0.00862115621567, 0.0178323015571, -0.008784590289, 0.00805824901909, -0.00445027509704], [0.00011790885037, -0.0101348338649, 0.00279454374686, -0.00844937376678, 0.00396329117939, -0.0051456685178, 0.00568601489067, -0.00682070665061, 0.0077047389932, -0.008784590289, 0.0170624665916, -0.00811454840004, 0.00693632708862], [4.78682231915e-05, 0.00964916683733, -0.00345672201365, 0.00793601386249, -0.0032808247488, 0.00545377656817, -0.00596054829657, 0.00752052664757, -0.00650987494737, 0.00805824901909, -0.00811454840004, 0.0187918711454, -0.00771285640076], [0.000170036350028, -0.00863661244512, 0.00139224878512, -0.00814837031066, 0.00274088326842, -0.00450814515352, 0.00476767169312, -0.00849371962249, 0.00584067823365, -0.00445027509704, 0.00693632708862, -0.00771285640076, 0.0215513948351]]
    },
    "melbands": {
        "dmean": [0.00244458392262, 0.00272170687094, 0.00186648196541, 0.000918343139347, 0.000181051902473, 0.000139928553835, 0.000166355297551, 5.80056803301e-05, 4.25554062531e-05, 7.49593018554e-05, 3.22938794852e-05, 1.89115653484e-05, 2.18178847717e-05, 1.87383520824e-05, 1.66995723703e-05, 1.06006509668e-05, 1.052173684e-05, 8.68438382895e-06, 7.89888599684e-06, 6.53877532386e-06, 1.57160491199e-06, 1.41108864682e-06, 1.82150517958e-06, 1.88621686448e-06, 1.81200903171e-06, 1.48544586409e-06, 1.98896145776e-06, 1.64183859397e-06, 4.30302691257e-07, 4.48037667411e-07, 5.76715422085e-07, 4.80281528326e-07, 5.00253236169e-07, 5.39055633908e-07, 5.60274543204e-07, 5.91412117501e-07, 3.70654390736e-07, 2.0539366119e-07, 1.15840755655e-07, 4.80942077274e-08],
        "dmean2": [0.00405166577548, 0.00471579283476, 0.00323610613123, 0.0014224491315, 0.000276462145848, 0.000191182465642, 0.00025620139786, 8.75419646036e-05, 6.16123143118e-05, 0.000106494117063, 4.84432093799e-05, 2.71787430393e-05, 2.91442302114e-05, 2.54501937889e-05, 2.31415506278e-05, 1.50538608068e-05, 1.50971864059e-05, 1.23828140204e-05, 1.25657588796e-05, 1.09797483674e-05, 2.41866109718e-06, 2.18296577259e-06, 2.61135369328e-06, 2.78091306427e-06, 2.96017333312e-06, 2.11863334698e-06, 3.12976953865e-06, 2.82630571746e-06, 6.76734373428e-07, 6.64162143948e-07, 8.75760406416e-07, 7.24791107132e-07, 7.53566382627e-07, 8.00008137958e-07, 7.54838595185e-07, 7.67889048348e-07, 5.25207553892e-07, 2.65448136361e-07, 1.55372589461e-07, 6.70097790589e-08],
        "dvar": [1.49903435158e-05, 1.32679297167e-05, 9.68341737462e-06, 2.66187112175e-06, 1.20481658428e-07, 1.47596097122e-07, 1.6328559127e-07, 3.72884514377e-08, 1.85945534525e-08, 7.35098026894e-08, 2.11716244536e-08, 9.04208796726e-09, 8.507132776e-09, 9.42175759633e-09, 8.88812756727e-09, 2.65252309006e-09, 2.1505905945e-09, 1.43123479734e-09, 3.45449246986e-09, 4.24632640161e-09, 5.34163303867e-11, 2.88012391714e-11, 7.53137691101e-11, 1.23680551911e-10, 4.40536801483e-10, 4.96541280315e-11, 4.04785288621e-10, 4.38948183357e-10, 5.09103870172e-12, 8.27354591088e-12, 1.35382469124e-11, 8.07137256337e-12, 1.31458255739e-11, 1.51689216743e-11, 2.14085884437e-11, 2.57433779155e-11, 5.61708752428e-12, 2.50984953307e-12, 4.71987954363e-13, 7.4346202751e-14],
        "dvar2": [4.29442879977e-05, 3.9261598431e-05, 3.02788848785e-05, 6.25785605735e-06, 2.6856557156e-07, 2.53624534707e-07, 3.86159143773e-07, 8.59235527173e-08, 3.91959673607e-08, 1.59778835496e-07, 4.92399578889e-08, 1.88409465807e-08, 1.55925601319e-08, 1.83008044274e-08, 1.32988633439e-08, 5.10008346666e-09, 4.41919167926e-09, 3.0969666831e-09, 9.09773500979e-09, 1.17837037905e-08, 1.10297590505e-10, 6.45900624652e-11, 1.31876592979e-10, 2.98079116945e-10, 1.22404497649e-09, 9.96414201149e-11, 1.14706588672e-09, 1.28415245104e-09, 1.31905710313e-11, 1.81316593684e-11, 2.7330587446e-11, 1.80590698645e-11, 2.81068397723e-11, 3.38471958794e-11, 3.89730227257e-11, 4.61091373416e-11, 1.0681295258e-11, 4.31036760104e-12, 7.51449304257e-13, 1.37121447552e-13],
        "max": [0.0563318580389, 0.0525691434741, 0.0381744354963, 0.0252856165171, 0.00729596149176, 0.0134493932128, 0.00672787427902, 0.00489453133196, 0.00297870440409, 0.00693236337975, 0.00377210997976, 0.00374366063625, 0.00274486211129, 0.00301073584706, 0.00383306131698, 0.00136660237331, 0.00110587023664, 0.0012145191431, 0.0013969874708, 0.00168996024877, 0.000217609820538, 0.000123728415929, 0.000275898288237, 0.000338924961397, 0.00080882711336, 0.000174378466909, 0.000698492280208, 0.000737468886655, 5.24115894223e-05, 7.15206551831e-05, 8.61562293721e-05, 6.59572833683e-05, 9.18224832276e-05, 0.000101696998172, 0.000176184505108, 0.000236080173636, 6.42553932266e-05, 6.06969661021e-05, 2.26389493037e-05, 7.09789310349e-06],
        "mean": [0.0067993151024, 0.00651605101302, 0.00361360120587, 0.00224884715863, 0.000503088638652, 0.000351068680175, 0.000364390813047, 0.000112570683996, 8.00213238108e-05, 0.000142048971611, 5.66188718949e-05, 3.33004027198e-05, 3.86497558793e-05, 3.13767923217e-05, 3.13948257826e-05, 1.63272670761e-05, 1.56778696692e-05, 1.21827970361e-05, 8.30067892821e-06, 6.29955320619e-06, 2.15233899326e-06, 1.97555527848e-06, 2.71014391728e-06, 2.63550055024e-06, 1.93061055143e-06, 1.90458297311e-06, 2.31099147641e-06, 1.53382723056e-06, 4.89208446197e-07, 5.04246031596e-07, 6.56052236536e-07, 4.85351961288e-07, 5.20490857525e-07, 6.02969066676e-07, 6.18786373252e-07, 6.47434092116e-07, 4.26360202255e-07, 2.46474741061e-07, 1.50922971898e-07, 6.17241724399e-08],
        "median": [0.00581763312221, 0.00574008980766, 0.00242449739017, 0.00124516477808, 0.000290282361675, 0.000169396138517, 0.000109854678158, 4.30976870121e-05, 1.44940104292e-05, 1.24151256387e-05, 3.59160594599e-06, 4.3377244765e-06, 4.07188599638e-06, 1.56698774845e-06, 1.35654363476e-06, 1.52605275616e-06, 1.36805363127e-06, 7.39776567116e-07, 7.15811836471e-07, 5.32459921487e-07, 3.16333085948e-07, 3.98294503157e-07, 2.23034504643e-07, 1.86057675933e-07, 1.66474009688e-07, 1.22975436057e-07, 1.01970336175e-07, 8.26230390771e-08, 4.1290842745e-08, 1.75935603863e-08, 1.21449943435e-08, 6.49630127469e-09, 6.32627417119e-09, 7.28921234483e-09, 7.30577287555e-09, 8.71514771461e-09, 8.27055401942e-09, 6.62719479294e-09, 4.79485473548e-09, 1.65506375271e-09],
        "min": [1.31214452637e-08, 2.08435881888e-08, 5.89919935123e-09, 8.85583339993e-09, 1.16183240806e-09, 1.36428035535e-09, 9.38312005871e-09, 1.06931463684e-09, 2.56545396038e-10, 5.120333324e-11, 2.62527187489e-11, 1.36379432053e-11, 1.02893691831e-11, 1.41699187106e-11, 1.01993604534e-11, 2.17831377936e-11, 1.09601751286e-10, 3.15966246223e-11, 9.26986959415e-12, 8.89756497646e-12, 3.24823696586e-12, 3.97042121403e-12, 1.80750737728e-12, 3.16389427678e-12, 1.92500746246e-12, 1.36505325272e-12, 6.67324377181e-13, 9.84834826537e-13, 7.42744516065e-13, 2.05910570712e-12, 1.49529835129e-12, 7.07090039732e-13, 7.74234083963e-13, 7.47703982062e-13, 7.50969707426e-13, 5.50762289508e-13, 4.16913519766e-13, 2.56167347534e-13, 4.57937778409e-13, 1.80305369159e-13],
        "var": [3.66194872186e-05, 2.81556440314e-05, 1.54089902935e-05, 8.13072347228e-06, 5.27070028511e-07, 4.17939617137e-07, 3.84708130241e-07, 5.78493022374e-08, 3.93424279821e-08, 2.04886646316e-07, 5.32711226242e-08, 2.34994566028e-08, 2.14054782788e-08, 2.81242833466e-08, 3.80124163257e-08, 5.28263965904e-09, 5.03965713605e-09, 2.73245714943e-09, 2.8811706354e-09, 2.95953928031e-09, 8.23792214999e-11, 3.96969540573e-11, 1.54653345685e-10, 1.48420470358e-10, 3.06368236336e-10, 1.05214587043e-10, 3.14215015118e-10, 2.44639003499e-10, 4.52113823809e-12, 1.01095945851e-11, 1.87248497957e-11, 9.62223009604e-12, 1.71756255052e-11, 1.95840028222e-11, 3.29376283192e-11, 4.45627458545e-11, 9.63362809664e-12, 4.35834137877e-12, 9.64268161846e-13, 1.43382945491e-13]
    },
    "mfcc": {
        "mean": [-767.81652832, 208.546661377, 39.4948768616, 38.4130897522, 25.1772518158, 9.68587207794, 8.0656337738, 3.01870846748, -2.88207554817, 6.28457546234, -2.07965350151, 2.68116736412, -0.944966197014],
        "cov": [[6148.42529297, -2110.52246094, -1247.61560059, 307.147338867, -384.926757812, -187.035400391, 72.126663208, -155.686157227, -382.113616943, 313.953674316, -28.6286888123, -19.2260971069, -210.762680054], [-2110.52246094, 2569.10668945, -4.81872653961, -535.46862793, 82.5361328125, -67.1041870117, 138.105987549, 172.085784912, 182.018630981, -118.123474121, 35.8780097961, -36.9686737061, 17.6371231079], [-1247.61560059, -4.81872653961, 892.872009277, 50.3235282898, 14.905005455, 143.547042847, -81.4947128296, 42.60987854, 98.6563110352, -101.220321655, -3.02968335152, 42.2233200073, 72.0793609619], [307.147338867, -535.46862793, 50.3235282898, 471.834564209, 133.772079468, -49.8068351746, -77.5695800781, -54.0727119446, -14.3672447205, 7.94840097427, -49.2896690369, 17.7201633453, 24.2126045227], [-384.926757812, 82.5361328125, 14.905005455, 133.772079468, 389.893341064, -30.2391967773, -116.787322998, -59.0700416565, 29.2782001495, 12.52551651, -8.81710910797, 8.61857795715, 48.0096092224], [-187.035400391, -67.1041870117, 143.547042847, -49.8068351746, -30.2391967773, 268.302246094, -23.8424911499, -12.9514636993, 16.7998809814, -25.7328109741, 45.9492263794, -18.3387947083, 5.46040582657], [72.126663208, 138.105987549, -81.4947128296, -77.5695800781, -116.787322998, -23.8424911499, 192.680526733, 49.4086990356, -8.23760414124, -0.144418388605, 7.82493448257, -8.66639137268, -27.6533298492], [-155.686157227, 172.085784912, 42.60987854, -54.0727119446, -59.0700416565, -12.9514636993, 49.4086990356, 150.483215332, 49.0891838074, -38.1669197083, -6.00390815735, 5.44035434723, 3.96140193939], [-382.113616943, 182.018630981, 98.6563110352, -14.3672447205, 29.2782001495, 16.7998809814, -8.23760414124, 49.0891838074, 166.660552979, -7.75378608704, 8.0317697525, -6.1756196022, 3.22225046158], [313.953674316, -118.123474121, -101.220321655, 7.94840097427, 12.52551651, -25.7328109741, -0.144418388605, -38.1669197083, -7.75378608704, 119.179290771, 29.8450050354, -4.82529640198, -25.2546825409], [-28.6286888123, 35.8780097961, -3.02968335152, -49.2896690369, -8.81710910797, 45.9492263794, 7.82493448257, -6.00390815735, 8.0317697525, 29.8450050354, 94.4998016357, 8.99506664276, -12.7629890442], [-19.2260971069, -36.9686737061, 42.2233200073, 17.7201633453, 8.61857795715, -18.3387947083, -8.66639137268, 5.44035434723, -6.1756196022, -4.82529640198, 8.99506664276, 84.9825363159, 26.5682868958], [-210.762680054, 17.6371231079, 72.0793609619, 24.2126045227, 48.0096092224, 5.46040582657, -27.6533298492, 3.96140193939, 3.22225046158, -25.2546825409, -12.7629890442, 26.5682868958, 104.524093628]],
