{
"lowlevel": {
    "average_loudness": 0.978511989117,
    "barkbands_crest": {
        "dmean": 2.1373770237,
        "dmean2": 3.51287531853,
        "dvar": 4.7640619278,
        "dvar2": 13.3685445786,
        "max": 20.2614917755,
        "mean": 8.01359844208,
        "median": 7.23460769653,
        "min": 2.8455965519,
        "var": 9.9466047287
    },
    "barkbands_flatness_db": {
        "dmean": 0.0149286407977,
        "dmean2": 0.0228119120002,
        "dvar": 0.000188486781553,
        "dvar2": 0.000414973561419,
        "max": 0.225968837738,
        "mean": 0.0971475690603,
        "median": 0.0927135795355,
        "min": 0.025587361306,
        "var": 0.00117051380221
    },
    "barkbands_kurtosis": {
        "dmean": 1.23714900017,
        "dmean2": 1.95700514317,
        "dvar": 4.5660777092,
        "dvar2": 10.4136991501,
        "max": 31.727809906,
        "mean": 0.7129342556,
        "median": -0.219480037689,
        "min": -1.92302203178,
        "var": 9.09020042419
    },
    "barkbands_skewness": {
        "dmean": 0.403117537498,
        "dmean2": 0.638490378857,
        "dvar": 0.192566230893,
        "dvar2": 0.461049228907,
        "max": 5.17875337601,
        "mean": 0.924227297306,
        "median": 0.780293107033,
        "min": -0.929467201233,
        "var": 0.693995714188
    },
    "barkbands_spread": {
        "dmean": 6.0574092865,
        "dmean2": 8.95898723602,
        "dvar": 53.3564758301,
        "dvar2": 104.801704407,
        "max": 96.6462783813,
        "mean": 33.8789825439,
        "median": 31.3550281525,
        "min": 4.28287220001,
        "var": 251.340164185
    },
    "dissonance": {
        "dmean": 0.0142608778551,
        "dmean2": 0.0239471103996,
        "dvar": 0.000233227066929,
        "dvar2": 0.000662518432364,
        "max": 0.499911040068,
        "mean": 0.474110484123,
        "median": 0.479198515415,
        "min": 0.320951610804,
        "var": 0.000424506579293
    },
    "dynamic_complexity": 2.04230284691,
    "erbbands_crest": {
        "dmean": 2.49924850464,
        "dmean2": 4.08765411377,
        "dvar": 5.40706825256,
        "dvar2": 13.0602254868,
        "max": 30.2939414978,
        "mean": 8.70992088318,
        "median": 7.69866037369,
        "min": 2.73103165627,
        "var": 18.7545661926
    },
    "erbbands_flatness_db": {
        "dmean": 0.0133774988353,
        "dmean2": 0.0199738908559,
        "dvar": 0.00018358505622,
        "dvar2": 0.000354472489562,
        "max": 0.264497578144,
        "mean": 0.13939191401,
        "median": 0.138157367706,
        "min": 0.0536042079329,
        "var": 0.00110971054528
    },
    "erbbands_kurtosis": {
        "dmean": 0.697033166885,
        "dmean2": 1.10289061069,
        "dvar": 0.960543692112,
        "dvar2": 2.18093419075,
        "max": 16.0077495575,
        "mean": 0.234010398388,
        "median": -0.229251384735,
        "min": -1.608725667,
        "var": 2.9917371273
    },
    "erbbands_skewness": {
        "dmean": 0.295622467995,
        "dmean2": 0.455748260021,
        "dvar": 0.0873471945524,
        "dvar2": 0.200145632029,
        "max": 1.88743853569,
        "mean": -0.120800845325,
        "median": -0.107383921742,
        "min": -3.38597822189,
        "var": 0.402917802334
    },
    "erbbands_spread": {
        "dmean": 7.00089406967,
        "dmean2": 10.8818044662,
        "dvar": 56.5318222046,
        "dvar2": 140.099395752,
        "max": 138.957809448,
        "mean": 40.3376274109,
        "median": 38.6150817871,
        "min": 5.69839954376,
        "var": 273.163085938
    },
    "hfc": {
        "dmean": 8.08291244507,
        "dmean2": 12.041642189,
        "dvar": 144.386779785,
        "dvar2": 268.411224365,
        "max": 160.981964111,
        "mean": 35.5111503601,
        "median": 31.4024810791,
        "min": 7.00846491952e-09,
        "var": 630.126647949
    },
    "melbands_crest": {
        "dmean": 2.8058283329,
        "dmean2": 4.54902982712,
        "dvar": 6.71177864075,
        "dvar2": 18.0250587463,
        "max": 26.4882583618,
        "mean": 13.5435619354,
        "median": 12.7341890335,
        "min": 4.10400772095,
        "var": 19.0913982391
    },
    "melbands_flatness_db": {
        "dmean": 0.0198635403067,
        "dmean2": 0.0309006199241,
        "dvar": 0.000397052819608,
        "dvar2": 0.000983746023849,
        "max": 0.320570886135,
        "mean": 0.151355475187,
        "median": 0.146630614996,
        "min": 0.0395800061524,
        "var": 0.00197958573699
    },
    "melbands_kurtosis": {
        "dmean": 3.93885064125,
        "dmean2": 6.41695737839,
        "dvar": 46.2944526672,
        "dvar2": 111.049118042,
        "max": 96.675567627,
        "mean": 7.04696083069,
        "median": 4.01682376862,
        "min": -1.51711142063,
        "var": 96.5082931519
    },
    "melbands_skewness": {
        "dmean": 0.554687201977,
        "dmean2": 0.882000744343,
        "dvar": 0.420753061771,
        "dvar2": 1.03421676159,
        "max": 8.74573421478,
        "mean": 2.16346240044,
        "median": 1.99162173271,
        "min": -0.132000014186,
        "var": 1.48315489292
    },
    "melbands_spread": {
        "dmean": 8.68814945221,
        "dmean2": 13.6603460312,
        "dvar": 106.449043274,
        "dvar2": 257.12979126,
        "max": 146.894775391,
        "mean": 36.672668457,
        "median": 33.9784469604,
        "min": 2.93519186974,
        "var": 380.105865479
    },
    "pitch_salience": {
        "dmean": 0.0587018765509,
        "dmean2": 0.0960579514503,
        "dvar": 0.00270796078257,
        "dvar2": 0.00728613091633,
        "max": 0.83951741457,
        "mean": 0.543108522892,
        "median": 0.543853640556,
        "min": 0.313664406538,
        "var": 0.00750571722165
    },
    "silence_rate_20dB": {
        "dmean": 0,
        "dmean2": 0,
        "dvar": 0,
        "dvar2": 0,
        "max": 1,
        "mean": 1,
        "median": 1,
        "min": 1,
        "var": 0
    },
    "silence_rate_30dB": {
        "dmean": 0,
        "dmean2": 0,
        "dvar": 0,
        "dvar2": 0,
        "max": 1,
        "mean": 1,
        "median": 1,
        "min": 1,
        "var": 0
    },
    "silence_rate_60dB": {
        "dmean": 0.00157480314374,
        "dmean2": 0.00315208826214,
        "dvar": 0.00157234619837,
        "dvar2": 0.0031421140302,
        "max": 1,
        "mean": 0.0330448448658,
        "median": 0,
        "min": 0,
        "var": 0.0319537855685
    },
    "spectral_centroid": {
        "dmean": 247.558395386,
        "dmean2": 373.444061279,
        "dvar": 120695.335938,
        "dvar2": 197963.75,
        "max": 10941.4150391,
        "mean": 1792.41894531,
        "median": 1792.39160156,
        "min": 380.511291504,
        "var": 395186.53125
    },
    "spectral_complexity": {
        "dmean": 4.25039386749,
        "dmean2": 6.6020488739,
        "dvar": 18.8459911346,
        "dvar2": 39.2909660339,
        "max": 61,
        "mean": 27.1667976379,
        "median": 27,
        "min": 0,
        "var": 118.261528015
    },
    "spectral_decrease": {
        "dmean": 2.23984009118e-09,
        "dmean2": 3.87057408346e-09,
        "dvar": 1.28907702583e-17,
        "dvar2": 3.59820687872e-17,
        "max": -9.14662264784e-20,
        "mean": -7.51613349337e-09,
        "median": -7.18369674857e-09,
        "min": -3.16345456497e-08,
        "var": 1.51562798169e-17
    },
    "spectral_energy": {
        "dmean": 0.00888402760029,
        "dmean2": 0.0152604756877,
        "dvar": 0.000192462815903,
        "dvar2": 0.00053254206432,
        "max": 0.124685719609,
        "mean": 0.0315885581076,
        "median": 0.0304402336478,
        "min": 9.809037263e-13,
        "var": 0.000245799164986
    },
    "spectral_energyband_high": {
        "dmean": 0.000660930352751,
        "dmean2": 0.000930337642785,
        "dvar": 1.89519323612e-06,
        "dvar2": 3.43286524185e-06,
        "max": 0.0176251996309,
        "mean": 0.00192704738583,
        "median": 0.00109368667472,
        "min": 4.47174442657e-13,
        "var": 7.27926862965e-06
    },
    "spectral_energyband_low": {
        "dmean": 0.00574906077236,
        "dmean2": 0.0100882928818,
        "dvar": 0.000134525136673,
        "dvar2": 0.000380232319003,
        "max": 0.0789486020803,
        "mean": 0.0106393946335,
        "median": 0.0085736354813,
        "min": 1.31596421043e-13,
        "var": 0.000103772108559
    },
    "spectral_energyband_middle_high": {
        "dmean": 0.00234129675664,
        "dmean2": 0.00356024620123,
        "dvar": 7.62550052968e-06,
        "dvar2": 1.70573093783e-05,
        "max": 0.0464367158711,
        "mean": 0.00930337421596,
        "median": 0.00741520430893,
        "min": 1.39645280474e-13,
        "var": 5.47472045582e-05
    },
    "spectral_energyband_middle_low": {
        "dmean": 0.0037220462691,
        "dmean2": 0.00614817533642,
        "dvar": 2.23193528655e-05,
        "dvar2": 5.89900337218e-05,
        "max": 0.0509852096438,
        "mean": 0.0108472593129,
        "median": 0.00946325715631,
        "min": 1.64725180653e-13,
        "var": 5.15922511113e-05
    },
    "spectral_entropy": {
        "dmean": 0.11982640624,
        "dmean2": 0.162593513727,
        "dvar": 0.0165267456323,
        "dvar2": 0.0256031844765,
        "max": 9.7995300293,
        "mean": 7.79769706726,
        "median": 7.8183054924,
        "min": 6.52733755112,
        "var": 0.124208196998
    },
    "spectral_flux": {
        "dmean": 0.0242022015154,
        "dmean2": 0.0374131426215,
        "dvar": 0.00085721135838,
        "dvar2": 0.00167315208819,
        "max": 0.295175492764,
        "mean": 0.0944407060742,
        "median": 0.0874137058854,
        "min": 1.65444744198e-05,
        "var": 0.00202140328474
    },
    "spectral_kurtosis": {
        "dmean": 0.879539549351,
        "dmean2": 1.44445455074,
        "dvar": 0.815805137157,
        "dvar2": 2.04298758507,
        "max": 11.2962818146,
        "mean": 3.33842658997,
        "median": 3.12623500824,
        "min": -1.23412239552,
        "var": 2.83904314041
    },
    "spectral_rms": {
        "dmean": 0.000718402734492,
        "dmean2": 0.00120731000789,
        "dvar": 9.19812862321e-07,
        "dvar2": 2.49051186074e-06,
        "max": 0.0110292611644,
        "mean": 0.00534935900941,
        "median": 0.00544956792146,
        "min": 3.09350802752e-08,
        "var": 2.20249648919e-06
    },
    "spectral_rolloff": {
        "dmean": 589.009765625,
        "dmean2": 954.249633789,
        "dvar": 978102.8125,
        "dvar2": 1868261.625,
        "max": 16085.3027344,
        "mean": 2266.15283203,
        "median": 2067.1875,
        "min": 129.19921875,
        "var": 3185142.5
    },
    "spectral_skewness": {
        "dmean": 0.145245671272,
        "dmean2": 0.227968961,
        "dvar": 0.0208254959434,
        "dvar2": 0.0457078963518,
        "max": 2.57688498497,
        "mean": 1.35902667046,
        "median": 1.35576236248,
        "min": -0.0506758205593,
        "var": 0.0974824279547
    },
    "spectral_spread": {
        "dmean": 465691.21875,
        "dmean2": 655131.125,
        "dvar": 1.08737953792e+12,
        "dvar2": 1.28999437107e+12,
        "max": 41893100,
        "mean": 4945029.5,
        "median": 4745037,
        "min": 2464666.5,
        "var": 3.00624904192e+12
    },
    "spectral_strongpeak": {
        "dmean": 0.686669945717,
        "dmean2": 1.18438661098,
        "dvar": 1.57771933079,
        "dvar2": 4.00261926651,
        "max": 10.1551036835,
        "mean": 1.10565328598,
        "median": 0.467789590359,
        "min": 0,
        "var": 2.2507045269
    },
    "zerocrossingrate": {
        "dmean": 0.0109755629674,
        "dmean2": 0.0121039114892,
        "dvar": 0.000271963333944,
        "dvar2": 0.000276641891105,
        "max": 0.44482421875,
        "mean": 0.0811296030879,
        "median": 0.07421875,
        "min": 0.0166015625,
        "var": 0.00164204149041
    },
    "barkbands": {
        "dmean": [0.000189848098671, 0.00372684234753, 0.00229125539772, 0.000858193612657, 0.00133014761377, 0.00134308915585, 0.000601359293796, 0.000749255123083, 0.0010179822566, 0.000735731038731, 0.000473441468785, 0.000359254248906, 0.000508432276547, 0.000558821076993, 0.000627251749393, 0.000563286070246, 0.000527210708242, 0.00038490339648, 0.0003026581835, 0.000194990992895, 0.000189166778, 0.000157440066687, 0.000142888107803, 0.000149376282934, 0.000102017198515, 3.55410775228e-05, 1.26971042391e-06],
        "dmean2": [0.000346737419022, 0.00669641094282, 0.00393314147368, 0.00146928918548, 0.00222402554937, 0.00215359521098, 0.00101963838097, 0.00121447129641, 0.00158477923833, 0.00110770144965, 0.00072200113209, 0.000574298785068, 0.000735669105779, 0.000910197326448, 0.000995467533357, 0.00088401872199, 0.000848148192745, 0.000619094062131, 0.000496485212352, 0.000312188203679, 0.000307283044094, 0.000244646769715, 0.000205455595278, 0.00020584880258, 0.000149523330037, 4.57307432953e-05, 2.07906396099e-06],
        "dvar": [1.74089080929e-07, 8.61890075612e-05, 1.37432753036e-05, 1.2335564179e-06, 3.96971790906e-06, 4.63391916128e-06, 1.25393069084e-06, 2.15871659748e-06, 5.93497316004e-06, 2.76723653769e-06, 1.37817266932e-06, 8.84719440819e-07, 1.74465719738e-06, 2.23577535508e-06, 1.92142488231e-06, 8.77924037468e-07, 5.16171155596e-07, 3.38570714575e-07, 1.69284078311e-07, 9.79100960308e-08, 1.08111954944e-07, 1.68289290059e-07, 1.25028179809e-07, 1.32435800992e-07, 1.05487465873e-07, 2.22631175717e-08, 2.47357429678e-11],
        "dvar2": [4.97224220908e-07, 0.000243338334258, 4.07949046348e-05, 3.51730750481e-06, 1.01226814877e-05, 1.13597352538e-05, 3.33084722115e-06, 5.59654972676e-06, 1.41722284752e-05, 5.7024490161e-06, 2.74344188256e-06, 1.85783585493e-06, 3.54323060492e-06, 5.63170306123e-06, 4.63346395918e-06, 2.08085066333e-06, 1.2998418697e-06, 8.41459325329e-07, 4.40005379687e-07, 2.42162514041e-07, 2.64725997567e-07, 3.75794058982e-07, 2.34760676676e-07, 2.15655916236e-07, 2.20131767037e-07, 3.43746826559e-08, 6.29264973462e-11],
        "max": [0.00307774846442, 0.0605859421194, 0.0432457849383, 0.0108747128397, 0.0267322696745, 0.0290310550481, 0.0160444360226, 0.0213441587985, 0.0323242098093, 0.0301454886794, 0.0372095406055, 0.0183553975075, 0.0368389301002, 0.0251887682825, 0.0232568643987, 0.0153903467581, 0.0124564850703, 0.00773629499599, 0.00427248515189, 0.00501026585698, 0.00504401419312, 0.00793734099716, 0.00479345023632, 0.0068859346211, 0.00532042700797, 0.00318049523048, 9.87509120023e-05],
        "mean": [0.000153477289132, 0.00400044210255, 0.00559372128919, 0.00146953645162, 0.00249595334753, 0.00254412507638, 0.000978118274361, 0.00120461022016, 0.00171145424247, 0.00151356437709, 0.000849161937367, 0.000563493988011, 0.000939925317653, 0.000855171354488, 0.0010421203915, 0.00100475223735, 0.00110753369518, 0.000806556723546, 0.000633889751043, 0.000424864061642, 0.000416941766161, 0.000338502897648, 0.000323122279951, 0.000333923031576, 0.000215667052544, 6.60805744701e-05, 1.88300350601e-06],
        "median": [3.0421959309e-05, 0.00161031261086, 0.00479768309742, 0.00118434848264, 0.00145597849041, 0.00135184230749, 0.000557716295589, 0.000542251102161, 0.000445507379482, 0.000303724227706, 0.000434226065408, 0.00020256859716, 0.00029374868609, 0.000277956278296, 0.000467148114694, 0.000540278386325, 0.000771768973209, 0.000546164927073, 0.000477340567159, 0.000267933763098, 0.000256038503721, 0.000132856293931, 0.000125777893118, 0.000136343442136, 0.000104521146568, 1.66380159499e-05, 6.39933432467e-07],
        "min": [8.01540840536e-14, 4.99715388156e-14, 2.96752673704e-14, 2.8041466176e-14, 4.20728922079e-14, 9.27438566212e-15, 1.21900297677e-14, 3.38491848483e-14, 3.3138202333e-14, 9.87260776332e-15, 2.92924660764e-15, 1.46227753078e-14, 2.0798024964e-14, 1.28877612995e-14, 3.15104997759e-14, 1.2721438757e-14, 8.10014049921e-15, 1.16478600718e-14, 1.3802284985e-14, 1.63867027857e-14, 1.85908078753e-14, 2.89122905847e-14, 4.43829882243e-14, 5.73931567961e-14, 8.26421925142e-14, 1.12680305082e-13, 1.15553088474e-13],
        "var": [1.20132980896e-07, 6.27183981123e-05, 1.7711388864e-05, 1.55192628881e-06, 8.77381808095e-06, 1.14621261673e-05, 1.7187545609e-06, 3.67079655916e-06, 1.2503725884e-05, 9.84967664408e-06, 4.59309922007e-06, 1.91421349882e-06, 5.56960367248e-06, 4.32243632531e-06, 3.68659857486e-06, 2.1832515813e-06, 1.59622993579e-06, 7.67145763803e-07, 3.72668381488e-07, 2.43616710804e-07, 2.32661633959e-07, 4.09952264135e-07, 3.94105114765e-07, 4.60658412749e-07, 2.16107636675e-07, 5.79755798924e-08, 3.2757754842e-11]
    },
    "erbbands": {
        "dmean": [0.0993736833334, 0.881977915764, 2.52413582802, 2.65719175339, 2.57890605927, 5.07331991196, 9.95403671265, 11.8339118958, 8.47725582123, 11.4888782501, 14.5914058685, 25.1516132355, 21.900056839, 21.4316291809, 18.5283412933, 13.3450422287, 21.2180786133, 26.3572921753, 34.551525116, 26.3315296173, 26.3713111877, 23.7025871277, 20.4376716614, 19.7093219757, 11.7105665207, 8.62028217316, 10.1299629211, 5.46166038513, 5.94349002838, 5.09946012497, 3.95025062561, 3.89035701752, 2.1353597641, 1.3173930645, 0.648103713989, 0.241036847234, 0.0468907766044, 0.00682134693488, 0.000149925312144, 1.54045010277e-05],
        "dmean2": [0.175304457545, 1.59910917282, 4.39775896072, 4.56842422485, 4.37342977524, 8.61651420593, 15.2476387024, 19.301492691, 14.4753866196, 18.9936485291, 23.3782978058, 39.0382804871, 34.0139274597, 32.1790657043, 29.7142276764, 20.9894752502, 31.129983902, 42.0573730469, 54.8471717834, 41.7346115112, 41.4743843079, 37.7811470032, 32.978969574, 31.4173278809, 18.8498706818, 13.8568058014, 16.4403991699, 8.81443023682, 9.19007205963, 7.68662405014, 5.6001162529, 5.43768930435, 2.97889375687, 1.97649478912, 0.938147485256, 0.309871435165, 0.0611651428044, 0.0096486704424, 0.00021303036192, 2.42089317908e-05],
        "dvar": [0.070296138525, 4.51468610764, 18.8715419769, 13.6379384995, 14.1155815125, 61.3893928528, 440.01348877, 319.104522705, 225.725692749, 456.604980469, 946.917602539, 3745.5090332, 2230.7644043, 2761.26025391, 1883.41687012, 894.530090332, 2819.30395508, 4138.90966797, 7419.58740234, 2722.85400391, 1531.70202637, 1239.89978027, 1092.4206543, 840.486206055, 231.648590088, 141.18661499, 324.834533691, 88.4361801147, 237.298446655, 198.868118286, 85.6487197876, 86.0465698242, 31.574420929, 18.1611461639, 4.76969909668, 0.979112148285, 0.0338428542018, 0.000887589470949, 3.45528405887e-07, 8.6770657326e-10],
        "dvar2": [0.194603309035, 12.9206008911, 55.8331108093, 39.7689323425, 38.1719665527, 158.47706604, 912.303710938, 846.345458984, 572.656188965, 1211.63366699, 2239.77441406, 8874.63476562, 5155.82958984, 6303.95263672, 4430.04345703, 1906.14477539, 5470.38916016, 10881.2861328, 17354.484375, 6805.375, 3389.63232422, 2998.39550781, 2827.60253906, 2137.82177734, 595.042480469, 363.569702148, 773.90032959, 212.418045044, 541.940429688, 425.107971191, 156.713562012, 153.197875977, 54.8682479858, 41.9578475952, 8.87958908081, 1.50282776356, 0.0550480484962, 0.00191153702326, 6.82689972109e-07, 1.68117153532e-09],
        "max": [1.96646475792, 14.9523820877, 38.2139358521, 50.6990127563, 37.5880889893, 109.272224426, 395.330963135, 248.177749634, 193.303085327, 297.186950684, 528.354919434, 892.530639648, 590.013061523, 1395.12402344, 573.811706543, 605.795593262, 1458.1574707, 812.875671387, 1443.18371582, 1091.08911133, 470.284484863, 697.929199219, 542.853759766, 389.644226074, 226.905105591, 160.304519653, 254.283615112, 137.283538818, 323.532348633, 227.732772827, 130.161819458, 177.953857422, 85.44871521, 87.7909393311, 43.0966377258, 20.5157356262, 3.56615495682, 0.669728457928, 0.0131453992799, 0.000509526696987],
        "mean": [0.0953777879477, 1.03794133663, 5.71744823456, 6.00587034225, 4.62287378311, 8.89717102051, 19.351688385, 20.3275508881, 15.1134843826, 19.1769371033, 24.8766403198, 44.8190231323, 40.0899124146, 49.1020317078, 34.3044433594, 24.9266395569, 42.939289093, 44.5633621216, 57.5112228394, 52.1631164551, 57.8728294373, 53.080368042, 44.6076583862, 41.2798042297, 26.062746048, 19.701051712, 22.0710926056, 12.4400548935, 12.3694429398, 10.9190444946, 9.09114646912, 8.20059680939, 4.66283988953, 2.79817795753, 1.29472100735, 0.440155774355, 0.088554315269, 0.0118997721002, 0.000298387458315, 5.33719503437e-05],
        "median": [0.0171865597367, 0.582266151905, 4.88043785095, 5.17045497894, 3.33478355408, 5.0503616333, 6.89253282547, 12.1385440826, 9.09286022186, 11.1279640198, 11.2816162109, 13.419295311, 13.3415660858, 14.1479921341, 16.9085254669, 10.1242761612, 14.2243824005, 17.2078971863, 25.1070232391, 28.0998935699, 40.4546012878, 37.9367179871, 31.944858551, 28.4311676025, 19.5304813385, 13.4184007645, 13.0948953629, 7.65608692169, 5.12486791611, 3.80320954323, 3.76795244217, 3.3945684433, 1.81065380573, 1.42771291733, 0.510391294956, 0.110850177705, 0.0257538966835, 0.00389273301698, 0.00011725314107, 4.45996593044e-05],
        "min": [2.54125063007e-12, 7.97131891744e-12, 2.87430825668e-11, 7.3054069738e-11, 1.38076924894e-10, 1.43573472555e-10, 3.46892237157e-11, 9.99676591507e-11, 1.19476928351e-10, 5.37213828977e-10, 7.89663834322e-10, 6.9105166034e-10, 4.21632839753e-10, 1.28052221604e-10, 1.83849047097e-10, 7.45657535717e-10, 7.97134525055e-10, 5.78912584537e-10, 1.22166499139e-09, 1.47071310685e-09, 6.78234191032e-10, 5.25400889462e-10, 5.72086822359e-10, 9.66526081392e-10, 3.63999413944e-10, 8.50507220207e-10, 8.88920326236e-10, 7.59189044963e-10, 7.70840002939e-10, 1.27247212767e-09, 1.05101705117e-09, 1.25561894215e-09, 1.06195319205e-09, 8.74083361246e-10, 6.9110084322e-10, 4.74520089888e-10, 1.98912830651e-10, 5.83754988792e-11, 1.1615266908e-11, 1.75678146076e-12],
        "var": [0.0553068853915, 3.0983171463, 18.527721405, 17.0544929504, 19.2130889893, 134.638702393, 1568.71398926, 574.455810547, 367.98727417, 636.433532715, 1876.52734375, 8490.48730469, 5064.74609375, 15164.1601562, 3990.42675781, 2331.51538086, 10973.0175781, 7771.5859375, 13526.2109375, 7256.03320312, 4041.10693359, 3755.57592773, 2357.35131836, 1885.54431152, 598.521057129, 431.569488525, 724.376647949, 205.589401245, 495.104095459, 596.949035645, 288.549926758, 261.303375244, 98.0578384399, 29.2501106262, 12.1066770554, 2.65502977371, 0.0862671583891, 0.00169511768036, 7.61539808991e-07, 2.1616000101e-09]
    },
    "gfcc": {
        "mean": [41.2708053589, 74.9350280762, -122.010597229, 43.3650474548, -57.4477233887, 18.6690425873, -45.5459594727, 16.0519733429, -25.8791828156, -0.0531374290586, -19.0468349457, -2.92396664619, -11.2944374084],
        "cov": [[7213.21240234, -256.161376953, -353.896789551, 181.948287964, -108.198181152, 107.941719055, -44.4277534485, 90.2713241577, -1.93287396431, 192.410598755, 49.7474021912, 114.421150208, -2.28549385071], [-256.161376953, 715.807189941, -192.544586182, -108.021911621, 91.6374053955, -134.741912842, 37.1799354553, -21.0742492676, -5.52520370483, -96.8997573853, 63.5201148987, -93.1815032959, 49.0091018677], [-353.896789551, -192.544586182, 396.577514648, 77.8915710449, -69.8628082275, 31.8285732269, -33.9033088684, -20.1438770294, 22.0057125092, 29.088262558, -24.1401767731, 81.7965087891, -36.97423172], [181.948287964, -108.021911621, 77.8915710449, 210.890213013, 2.41520786285, -29.0381526947, -34.4683761597, 1.90405619144, 56.1727790833, 30.7298202515, -9.97358703613, 44.0221138, 6.26507329941], [-108.198181152, 91.6374053955, -69.8628082275, 2.41520786285, 143.354110718, 9.3532037735, 7.4029006958, 3.30981898308, -4.7498755455, -1.34181535244, 15.3673725128, -29.654548645, 16.0910320282], [107.941719055, -134.741912842, 31.8285732269, -29.0381526947, 9.3532037735, 148.86781311, 55.3033332825, -2.5926361084, -20.0760326385, 29.2831115723, -6.23139858246, 2.41951179504, -13.5892181396], [-44.4277534485, 37.1799354553, -33.9033088684, -34.4683761597, 7.4029006958, 55.3033332825, 121.558578491, 15.316740036, -11.6546897888, 8.54408073425, 9.23406887054, -9.78953075409, -6.80931282043], [90.2713241577, -21.0742492676, -20.1438770294, 1.90405619144, 3.30981898308, -2.5926361084, 15.316740036, 88.1630249023, 29.9888744354, -2.48495697975, -3.51041650772, -9.77023220062, 1.89146387577], [-1.93287396431, -5.52520370483, 22.0057125092, 56.1727790833, -4.7498755455, -20.0760326385, -11.6546897888, 29.9888744354, 92.2095565796, 15.4884614944, -12.2920675278, 8.08743476868, 6.6769156456], [192.410598755, -96.8997573853, 29.088262558, 30.7298202515, -1.34181535244, 29.2831115723, 8.54408073425, -2.48495697975, 15.4884614944, 82.7017059326, 13.0448408127, 11.9412565231, -11.5422916412], [49.7474021912, 63.5201148987, -24.1401767731, -9.97358703613, 15.3673725128, -6.23139858246, 9.23406887054, -3.51041650772, -12.2920675278, 13.0448408127, 71.0843887329, 9.1623249054, 3.7439365387], [114.421150208, -93.1815032959, 81.7965087891, 44.0221138, -29.654548645, 2.41951179504, -9.78953075409, -9.77023220062, 8.08743476868, 11.9412565231, 9.1623249054, 98.6772155762, -0.712196409702], [-2.28549385071, 49.0091018677, -36.97423172, 6.26507329941, 16.0910320282, -13.5892181396, -6.80931282043, 1.89146387577, 6.6769156456, -11.5422916412, 3.7439365387, -0.712196409702, 54.9414672852]],
        "icov": [[0.000206425829674, -0.000224226649152, 0.000422338867793, -0.000347583263647, 0.000400906661525, -0.000509522738867, 0.000469732884085, -0.000472278043162, 0.000386624771636, -0.000645709747914, 0.000173763022758, -0.000481817580294, 0.000162771801115], [-0.000224226649152, 0.00422216765583, -0.000575601530727, 0.0019750490319, -0.00219932431355, 0.00437533156946, -0.0033568048384, 0.00315452599898, -0.00277127185836, 0.00420648651198, -0.00364566477947, 0.00309862033464, -0.00167740043253], [0.000422338867793, -0.000575601530727, 0.00472571933642, -0.00158282543998, 0.00194642844144, -0.00238045910373, 0.00214163120836, -0.000521434063558, 0.000381835910957, -0.00153280678205, 0.00132005277555, -0.00339050521143, 0.00251401239075], [-0.000347583263647, 0.0019750490319, -0.00158282543998, 0.00835876353085, -0.00272537302226, 0.00386474002153, -0.00125528464559, 0.00228285044432, -0.00470697320998, 0.000149796047481, -0.000363218568964, -0.000571747485083, -0.00165384670254], [0.000400906661525, -0.00219932431355, 0.00194642844144, -0.00272537302226, 0.0101005779579, -0.0041681677103, 0.0025057408493, -0.00209301291034, 0.002070866758, -0.00237175053917, -0.000230444828048, 0.000373047310859, -0.000736749032512], [-0.000509522738867, 0.00437533156946, -0.00238045910373, 0.00386474002153, -0.0041681677103, 0.015057743527, -0.00810836721212, 0.00368501082994, -0.00113163422793, 0.000970199820586, -0.00102961750235, 0.00296882377006, -0.00170345173683], [0.000469732884085, -0.0033568048384, 0.00214163120836, -0.00125528464559, 0.0025057408493, -0.00810836721212, 0.0141688417643, -0.00492718908936, 0.00273825740442, -0.00396813545376, 0.00133129407186, -0.00291000586003, 0.00248972745612], [-0.000472278043162, 0.00315452599898, -0.000521434063558, 0.00228285044432, -0.00209301291034, 0.00368501082994, -0.00492718908936, 0.0165986996144, -0.00790693983436, 0.00508197955787, -0.0028383967001, 0.00366616947576, -0.000832953955978], [0.000386624771636, -0.00277127185836, 0.000381835910957, -0.00470697320998, 0.002070866758, -0.00113163422793, 0.00273825740442, -0.00790693983436, 0.0183189027011, -0.00666113663465, 0.0051238774322, -0.00232127471827, -0.000997889088467], [-0.000645709747914, 0.00420648651198, -0.00153280678205, 0.000149796047481, -0.00237175053917, 0.000970199820586, -0.00396813545376, 0.00508197955787, -0.00666113663465, 0.0213156156242, -0.00809476617724, 0.00402534892783, 0.00133143167477], [0.000173763022758, -0.00364566477947, 0.00132005277555, -0.000363218568964, -0.000230444828048, -0.00102961750235, 0.00133129407186, -0.0028383967001, 0.0051238774322, -0.00809476617724, 0.0203803274781, -0.00609856797382, 0.000473446707474], [-0.000481817580294, 0.00309862033464, -0.00339050521143, -0.000571747485083, 0.000373047310859, 0.00296882377006, -0.00291000586003, 0.00366616947576, -0.00232127471827, 0.00402534892783, -0.00609856797382, 0.0170449931175, -0.00309814466164], [0.000162771801115, -0.00167740043253, 0.00251401239075, -0.00165384670254, -0.000736749032512, -0.00170345173683, 0.00248972745612, -0.000832953955978, -0.000997889088467, 0.00133143167477, 0.000473446707474, -0.00309814466164, 0.0220449492335]]
    },
    "melbands": {
        "dmean": [0.000961868849117, 0.00124339316972, 0.000429332547355, 0.000243797359872, 0.000323104090057, 0.000255249295151, 0.000128496598336, 0.00013594320626, 0.000116796356451, 0.000167632897501, 0.00011198107677, 9.14584161364e-05, 6.0214097175e-05, 4.2836258217e-05, 4.34225148638e-05, 4.96215252497e-05, 5.46371193195e-05, 6.01972606091e-05, 3.78639088012e-05, 4.93306106364e-05, 3.28541027557e-05, 3.14257376886e-05, 2.18056902668e-05, 1.82345957001e-05, 1.8106382413e-05, 9.57738029683e-06, 7.63893967815e-06, 6.06032153883e-06, 7.25989866623e-06, 5.13163013238e-06, 3.11871508529e-06, 3.73690772904e-06, 3.31005207954e-06, 2.89377749141e-06, 2.44106399805e-06, 2.58492036664e-06, 2.37993913288e-06, 1.53641394718e-06, 1.56735814016e-06, 1.06211666662e-06],
        "dmean2": [0.00170781859197, 0.00219105603173, 0.000735297158826, 0.00042013762868, 0.000499801361002, 0.00041318879812, 0.000218535409658, 0.000225062933168, 0.000185894910828, 0.000261413370026, 0.000173122913111, 0.000137230497785, 9.4236813311e-05, 6.63190148771e-05, 6.45990294288e-05, 7.26272555767e-05, 8.69362411322e-05, 9.40233294386e-05, 6.09430899203e-05, 7.76621236582e-05, 5.28911550646e-05, 5.05997923028e-05, 3.55464835593e-05, 2.91632513836e-05, 2.91626765829e-05, 1.54449135152e-05, 1.24883736135e-05, 9.838016922e-06, 1.18119633044e-05, 8.39851327328e-06, 5.12774113304e-06, 5.82558777751e-06, 5.0495900723e-06, 4.48011951448e-06, 3.59600267075e-06, 3.70737939193e-06, 3.41439249496e-06, 2.23369534069e-06, 2.35547440752e-06, 1.61659465903e-06],
        "dvar": [6.18289732301e-06, 5.54368534722e-06, 3.35968280751e-07, 1.46778532439e-07, 3.88735145407e-07, 1.42230334177e-07, 5.06616153473e-08, 6.80161420519e-08, 6.5082943479e-08, 1.71998252085e-07, 5.86083039877e-08, 4.9003581637e-08, 1.78129120343e-08, 1.25575994048e-08, 1.76137877617e-08, 1.50971057877e-08, 2.06255386104e-08, 2.40240947136e-08, 5.71785196968e-09, 7.53446638413e-09, 2.47890219462e-09, 2.13854334241e-09, 1.11369102829e-09, 7.567027005e-10, 7.5621620077e-10, 1.39877068261e-10, 1.24018254e-10, 8.30398527718e-11, 1.73591474528e-10, 9.21235449036e-11, 3.18239497255e-11, 8.5602941402e-11, 8.61330728963e-11, 6.30791183176e-11, 3.33524770302e-11, 3.86262237473e-11, 3.48923077931e-11, 1.64907688199e-11, 1.9254818226e-11, 1.08324000811e-11],
        "dvar2": [1.73224398168e-05, 1.61883872352e-05, 9.62321678344e-07, 3.95056503066e-07, 8.43454870392e-07, 3.78725474093e-07, 1.30776541596e-07, 1.81166498692e-07, 1.52634001438e-07, 4.09640250609e-07, 1.33661757218e-07, 1.10974362144e-07, 3.88193157619e-08, 2.54198830874e-08, 3.67630086373e-08, 3.03785867573e-08, 5.39647295739e-08, 5.63649784624e-08, 1.4167106599e-08, 1.88641564591e-08, 5.24825161108e-09, 5.34177635458e-09, 2.88567614248e-09, 1.85568060918e-09, 1.95609684006e-09, 3.64021784938e-10, 3.27046140169e-10, 2.13347145506e-10, 4.12277267881e-10, 2.39046310524e-10, 8.00068414297e-11, 2.03106892416e-10, 1.92099294805e-10, 1.34774941207e-10, 6.70594621499e-11, 8.07500177835e-11, 6.43706685177e-11, 3.03238684163e-11, 3.98291746806e-11, 2.6116216828e-11],
        "max": [0.0165196731687, 0.017450151965, 0.00755513180047, 0.00364853162318, 0.0111549971625, 0.00493724970147, 0.0026604635641, 0.00282670278102, 0.00424042111263, 0.0060299099423, 0.00297999568284, 0.0056215217337, 0.00280099827796, 0.00244835973717, 0.00448567746207, 0.00235865474679, 0.00184583629016, 0.00240540434606, 0.00126843852922, 0.00149495783262, 0.000796617940068, 0.000932832655963, 0.000540120759979, 0.000329207628965, 0.000341061298968, 0.000148991151946, 0.000148631384945, 0.000145965546835, 0.000212064900552, 0.000165939942235, 8.5662904894e-05, 0.000201941875275, 0.000135047070216, 0.000122202982311, 8.46817492857e-05, 8.92239622772e-05, 0.000112009096483, 6.71173838782e-05, 7.68965328461e-05, 6.88250729581e-05],
        "mean": [0.000969854590949, 0.00245809997432, 0.00102785544004, 0.000442124408437, 0.000636358221527, 0.000450501189334, 0.000225995841902, 0.000223017719691, 0.00019260001136, 0.000290355877951, 0.000195838001673, 0.000201806906261, 0.000108960171929, 7.55229120841e-05, 7.33327833586e-05, 9.07848370844e-05, 8.35850878502e-05, 9.21215905691e-05, 6.59896613797e-05, 8.32865553093e-05, 6.59598808852e-05, 6.19773854851e-05, 4.20855030825e-05, 3.71428322978e-05, 3.37830315402e-05, 1.92906863958e-05, 1.53629771376e-05, 1.23815680126e-05, 1.47850641952e-05, 1.01921959867e-05, 6.21833169134e-06, 6.98946951161e-06, 6.72034730087e-06, 5.73169018026e-06, 5.1477800298e-06, 5.2741647778e-06, 4.76255763715e-06, 3.14093153975e-06, 3.09264055431e-06, 2.10167854675e-06],
        "median": [0.000311513576889, 0.00207444699481, 0.000900511513464, 0.000281509710476, 0.000273531069979, 0.000266297400231, 0.000136690709041, 0.00012063253962, 7.54192369641e-05, 7.53197527956e-05, 5.74273435632e-05, 4.77335379401e-05, 5.34589162271e-05, 3.21915213135e-05, 2.33334012592e-05, 3.00003066513e-05, 2.64015670837e-05, 3.35323202307e-05, 3.23314125126e-05, 3.98763695557e-05, 4.44761571998e-05, 4.07259140047e-05, 2.99742059724e-05, 2.38351367443e-05, 2.17557171709e-05, 1.37989845825e-05, 9.82478923106e-06, 8.00407087809e-06, 8.4209459601e-06, 5.84239342061e-06, 3.40585370395e-06, 2.89798572339e-06, 2.4045345981e-06, 1.86953138837e-06, 2.09162499232e-06, 2.18676086661e-06, 1.87556054243e-06, 1.07420964923e-06, 1.35043126193e-06, 1.12553277631e-06],
        "min": [2.20784643416e-14, 1.35110394823e-14, 1.43824466497e-14, 1.12934250642e-14, 1.97097007057e-15, 2.18622295357e-15, 1.86442624306e-15, 6.34343228309e-15, 7.37506420273e-15, 3.78867503505e-15, 1.99319134467e-15, 4.99661876849e-16, 4.21487247383e-16, 1.70764690315e-15, 1.80015105368e-15, 1.86313240023e-15, 9.32795244922e-16, 1.79810313977e-15, 2.71875532036e-15, 1.09336992771e-15, 7.25552381932e-16, 4.90697674229e-16, 6.94154829341e-16, 3.82922949026e-16, 8.72457223501e-16, 3.33477665427e-16, 2.1450118096e-16, 6.71758960578e-16, 6.25836857584e-16, 3.75193482214e-16, 4.91873038322e-16, 4.04256717882e-16, 6.1146980237e-16, 6.92479874627e-16, 4.05376548378e-16, 9.90596667364e-16, 6.91291646221e-16, 7.61274725933e-16, 7.60676455974e-16, 6.83479090771e-16],
        "var": [4.66528399556e-06, 4.26740189141e-06, 4.4058668891e-07, 2.52625738995e-07, 1.28972249058e-06, 2.67575074986e-07, 8.13872560457e-08, 9.631253306e-08, 1.27975042119e-07, 3.77991568712e-07, 1.35020826519e-07, 2.67973547352e-07, 4.75631409813e-08, 2.98688611622e-08, 4.46911343488e-08, 4.15460377212e-08, 3.85655951618e-08, 4.42480079244e-08, 1.27119648141e-08, 1.77710521854e-08, 5.92730353688e-09, 5.89582338506e-09, 2.38487873894e-09, 1.67131508633e-09, 1.51886969668e-09, 3.30576399588e-10, 3.19215598399e-10, 2.07152850429e-10, 3.73413688859e-10, 1.58190141542e-10, 6.11069250755e-11, 1.53384999146e-10, 2.30235441823e-10, 1.73898034861e-10, 9.94059140558e-11, 9.41099906338e-11, 1.02694901194e-10, 5.06569612646e-11, 4.07358695387e-11, 1.52008267085e-11]
    },
    "mfcc": {
        "mean": [-595.697998047, 98.2079772949, -1.54911410809, 24.4260139465, 13.1639299393, 0.866913318634, -0.0332766696811, 4.67023324966, 2.57921648026, 1.18813288212, -4.37955474854, 0.0907128080726, -2.70048809052],
        "cov": [[5208.82128906, -163.854309082, -186.413742065, 66.3751220703, -15.961974144, 30.3787593842, -29.6755447388, -25.3015193939, 3.09915661812, 67.3971633911, 33.9037361145, 79.807800293, 24.5241317749], [-163.854309082, 706.436523438, -198.944839478, -10.5609025955, 12.8436994553, -93.5183486938, 65.900428772, -18.8563899994, -16.1753826141, -22.2454319, -15.4601373672, -7.24149560928, -21.0363082886], [-186.413742065, -198.944839478, 379.284362793, 21.426530838, -17.5379657745, 51.9434661865, -73.501991272, 22.9778766632, -13.342250824, -27.88073349, 12.7906074524, 14.2228870392, 36.4955635071], [66.3751220703, -10.5609025955, 21.426530838, 185.354736328, 39.1947593689, -17.6601524353, -57.7152023315, -4.6092042923, 11.3778476715, -21.5778217316, 3.47087526321, 33.006778717, 15.626335144], [-15.961974144, 12.8436994553, -17.5379657745, 39.1947593689, 130.676803589, -16.8839092255, -18.7672576904, -13.0235023499, 14.3360548019, -5.14864778519, -16.5468273163, 16.930103302, -7.19084358215], [30.3787593842, -93.5183486938, 51.9434661865, -17.6601524353, -16.8839092255, 146.5287323, 26.2547302246, 2.87343001366, -7.37918710709, 13.5028715134, 12.8422241211, -16.3157711029, 8.82410240173], [-29.6755447388, 65.900428772, -73.501991272, -57.7152023315, -18.7672576904, 26.2547302246, 141.375305176, 0.68209528923, -13.7053747177, 20.5321903229, 4.97424077988, -13.8522729874, -3.14741683006], [-25.3015193939, -18.8563899994, 22.9778766632, -4.6092042923, -13.0235023499, 2.87343001366, 0.68209528923, 83.7325057983, 18.8496685028, -5.53786182404, 4.39880752563, 4.98002958298, 7.54214000702], [3.09915661812, -16.1753826141, -13.342250824, 11.3778476715, 14.3360548019, -7.37918710709, -13.7053747177, 18.8496685028, 78.2516708374, 28.0936050415, -2.50319719315, -0.300935178995, -10.5231676102], [67.3971633911, -22.2454319, -27.88073349, -21.5778217316, -5.14864778519, 13.5028715134, 20.5321903229, -5.53786182404, 28.0936050415, 91.172668457, 19.4271659851, -14.0522203445, -9.52038764954], [33.9037361145, -15.4601373672, 12.7906074524, 3.47087526321, -16.5468273163, 12.8422241211, 4.97424077988, 4.39880752563, -2.50319719315, 19.4271659851, 64.6341629028, 10.4400167465, 6.67697000504], [79.807800293, -7.24149560928, 14.2228870392, 33.006778717, 16.930103302, -16.3157711029, -13.8522729874, 4.98002958298, -0.300935178995, -14.0522203445, 10.4400167465, 71.3342819214, 16.590341568], [24.5241317749, -21.0363082886, 36.4955635071, 15.626335144, -7.19084358215, 8.82410240173, -3.14741683006, 7.54214000702, -10.5231676102, -9.52038764954, 6.67697000504, 16.590341568, 63.4225769043]],
