{
"lowlevel": {
    "average_loudness": 0.95699685812,
    "barkbands_crest": {
        "dmean": 2.81849050522,
        "dmean2": 4.63385009766,
        "dvar": 8.13620090485,
        "dvar2": 21.1460819244,
        "max": 23.3752365112,
        "mean": 10.8233690262,
        "median": 9.86259651184,
        "min": 3.71566176414,
        "var": 17.5994701385
    },
    "barkbands_flatness_db": {
        "dmean": 0.0262022428215,
        "dmean2": 0.0387949235737,
        "dvar": 0.000641830731183,
        "dvar2": 0.00143401522655,
        "max": 0.371956914663,
        "mean": 0.17303083837,
        "median": 0.166773110628,
        "min": 0.0355625264347,
        "var": 0.00285099144094
    },
    "barkbands_kurtosis": {
        "dmean": 4.69923257828,
        "dmean2": 7.46815156937,
        "dvar": 57.1426887512,
        "dvar2": 153.983306885,
        "max": 89.0288009644,
        "mean": 7.94210577011,
        "median": 4.86728668213,
        "min": -1.9242784977,
        "var": 98.5054855347
    },
    "barkbands_skewness": {
        "dmean": 0.675041139126,
        "dmean2": 1.00659048557,
        "dvar": 0.586413621902,
        "dvar2": 1.37165486813,
        "max": 8.26039505005,
        "mean": 2.00824165344,
        "median": 1.94470965862,
        "min": -4.4028506279,
        "var": 1.88813126087
    },
    "barkbands_spread": {
        "dmean": 6.31624650955,
        "dmean2": 9.58614253998,
        "dvar": 76.4309158325,
        "dvar2": 163.929779053,
        "max": 98.5973358154,
        "mean": 19.192937851,
        "median": 15.5345821381,
        "min": 0.909917533398,
        "var": 225.25869751
    },
    "dissonance": {
        "dmean": 0.0268631875515,
        "dmean2": 0.0429718457162,
        "dvar": 0.000800104346126,
        "dvar2": 0.00197864416987,
        "max": 0.499999970198,
        "mean": 0.438792258501,
        "median": 0.451893776655,
        "min": 0.204613432288,
        "var": 0.00237974221818
    },
    "dynamic_complexity": 3.98637986183,
    "erbbands_crest": {
        "dmean": 3.11277031898,
        "dmean2": 4.8534784317,
        "dvar": 9.30999469757,
        "dvar2": 20.6999435425,
        "max": 30.9924221039,
        "mean": 11.2149076462,
        "median": 9.85369491577,
        "min": 2.82936573029,
        "var": 30.0138149261
    },
    "erbbands_flatness_db": {
        "dmean": 0.0235613808036,
        "dmean2": 0.0304588973522,
        "dvar": 0.000548295793124,
        "dvar2": 0.000894537195563,
        "max": 0.338330715895,
        "mean": 0.169177293777,
        "median": 0.163944527507,
        "min": 0.0578776150942,
        "var": 0.00281901285052
    },
    "erbbands_kurtosis": {
        "dmean": 1.70057439804,
        "dmean2": 2.56482362747,
        "dvar": 8.67261695862,
        "dvar2": 16.7757816315,
        "max": 47.8974304199,
        "mean": 1.86093938351,
        "median": 0.363720417023,
        "min": -1.87244462967,
        "var": 19.2123603821
    },
    "erbbands_skewness": {
        "dmean": 0.464386969805,
        "dmean2": 0.664158642292,
        "dvar": 0.250725328922,
        "dvar2": 0.46703350544,
        "max": 4.74965238571,
        "mean": 0.833971321583,
        "median": 0.847078919411,
        "min": -5.45285415649,
        "var": 1.18940114975
    },
    "erbbands_spread": {
        "dmean": 11.7743406296,
        "dmean2": 16.6680030823,
        "dvar": 176.25718689,
        "dvar2": 346.953399658,
        "max": 141.922317505,
        "mean": 44.9895515442,
        "median": 41.5415802002,
        "min": 4.04546070099,
        "var": 631.32623291
    },
    "hfc": {
        "dmean": 6.88496303558,
        "dmean2": 9.02943325043,
        "dvar": 141.750488281,
        "dvar2": 235.648986816,
        "max": 257.391845703,
        "mean": 20.8722267151,
        "median": 13.4150009155,
        "min": 2.58017121268e-06,
        "var": 565.37322998
    },
    "melbands_crest": {
        "dmean": 3.15861320496,
        "dmean2": 5.14014482498,
        "dvar": 9.92103672028,
        "dvar2": 25.0720882416,
        "max": 31.5100040436,
        "mean": 14.1853399277,
        "median": 13.3518133163,
        "min": 4.64538955688,
        "var": 22.7690887451
    },
    "melbands_flatness_db": {
        "dmean": 0.028521001339,
        "dmean2": 0.0419595576823,
        "dvar": 0.000845825183205,
        "dvar2": 0.00194692891091,
        "max": 0.47738057375,
        "mean": 0.236424013972,
        "median": 0.229657500982,
        "min": 0.0862202718854,
        "var": 0.00470943609253
    },
    "melbands_kurtosis": {
        "dmean": 11.1435565948,
        "dmean2": 17.5829048157,
        "dvar": 299.978485107,
        "dvar2": 770.639282227,
        "max": 223.867431641,
        "mean": 20.6082954407,
        "median": 13.9043388367,
        "min": -1.88652062416,
        "var": 516.243347168
    },
    "melbands_skewness": {
        "dmean": 0.926512897015,
        "dmean2": 1.35691010952,
        "dvar": 1.03470683098,
        "dvar2": 2.30244874954,
        "max": 11.007399559,
        "mean": 3.07273316383,
        "median": 2.9470205307,
        "min": -1.15598261356,
        "var": 3.32930350304
    },
    "melbands_spread": {
        "dmean": 6.95888233185,
        "dmean2": 10.0215539932,
        "dvar": 182.882720947,
        "dvar2": 311.576263428,
        "max": 238.026779175,
        "mean": 20.1069984436,
        "median": 13.5487775803,
        "min": 1.27318096161,
        "var": 640.207824707
    },
    "pitch_salience": {
        "dmean": 0.0699563920498,
        "dmean2": 0.112040534616,
        "dvar": 0.0047073638998,
        "dvar2": 0.0121012926102,
        "max": 0.797137916088,
        "mean": 0.544035077095,
        "median": 0.548501253128,
        "min": 0.14854632318,
        "var": 0.013727594167
    },
    "silence_rate_20dB": {
        "dmean": 0,
        "dmean2": 0,
        "dvar": 0,
        "dvar2": 0,
        "max": 1,
        "mean": 1,
        "median": 1,
        "min": 1,
        "var": 0
    },
    "silence_rate_30dB": {
        "dmean": 0.0201238393784,
        "dmean2": 0.0402788519859,
        "dvar": 0.0197186488658,
        "dvar2": 0.0572469346225,
        "max": 1,
        "mean": 0.988399088383,
        "median": 1,
        "min": 0,
        "var": 0.0114662656561
    },
    "silence_rate_60dB": {
        "dmean": 0.0170278642327,
        "dmean2": 0.0340821072459,
        "dvar": 0.0167378876358,
        "dvar2": 0.0375692658126,
        "max": 1,
        "mean": 0.102861560881,
        "median": 0,
        "min": 0,
        "var": 0.09228233248
    },
    "spectral_centroid": {
        "dmean": 240.2447052,
        "dmean2": 342.601623535,
        "dvar": 121604.015625,
        "dvar2": 219492.390625,
        "max": 5800.11816406,
        "mean": 1060.6595459,
        "median": 897.680847168,
        "min": 196.111740112,
        "var": 530719.375
    },
    "spectral_complexity": {
        "dmean": 2.56501555443,
        "dmean2": 3.8140976429,
        "dvar": 10.8185348511,
        "dvar2": 22.6098995209,
        "max": 46,
        "mean": 12.6450119019,
        "median": 11,
        "min": 0,
        "var": 55.7990188599
    },
    "spectral_decrease": {
        "dmean": 3.17159853935e-09,
        "dmean2": 5.04724928518e-09,
        "dvar": 3.38502556038e-17,
        "dvar2": 8.67135289024e-17,
        "max": -9.41206705605e-16,
        "mean": -7.65677832248e-09,
        "median": -5.80313974652e-09,
        "min": -4.55051036852e-08,
        "var": 4.9179884353e-17
    },
    "spectral_energy": {
        "dmean": 0.0124289970845,
        "dmean2": 0.0196300707757,
        "dvar": 0.000499421730638,
        "dvar2": 0.00127574324142,
        "max": 0.178836733103,
        "mean": 0.0307915601879,
        "median": 0.0240163058043,
        "min": 3.78636633158e-09,
        "var": 0.000760389026254
    },
    "spectral_energyband_high": {
        "dmean": 0.000619685160927,
        "dmean2": 0.000797847169451,
        "dvar": 2.32891511587e-06,
        "dvar2": 3.55199608748e-06,
        "max": 0.0379192531109,
        "mean": 0.00131007761229,
        "median": 0.00055193551816,
        "min": 6.41398670287e-11,
        "var": 7.43986856833e-06
    },
    "spectral_energyband_low": {
        "dmean": 0.00695791095495,
        "dmean2": 0.0113760717213,
        "dvar": 0.000281601969618,
        "dvar2": 0.00069649022771,
        "max": 0.154968813062,
        "mean": 0.0118733989075,
        "median": 0.00816020835191,
        "min": 2.62816522018e-11,
        "var": 0.000326076697093
    },
    "spectral_energyband_middle_high": {
        "dmean": 0.00137429859024,
        "dmean2": 0.00190750323236,
        "dvar": 6.42447230348e-06,
        "dvar2": 1.28583960759e-05,
        "max": 0.0442506894469,
        "mean": 0.00379271921702,
        "median": 0.00146357482299,
        "min": 1.83385570618e-10,
        "var": 3.22310188494e-05
    },
    "spectral_energyband_middle_low": {
        "dmean": 0.00641477201134,
        "dmean2": 0.0100055197254,
        "dvar": 0.00022391465609,
        "dvar2": 0.000612489879131,
        "max": 0.161035850644,
        "mean": 0.0152964359149,
        "median": 0.0105589497834,
        "min": 3.51033491164e-09,
        "var": 0.000279664789559
    },
    "spectral_entropy": {
        "dmean": 0.21598637104,
        "dmean2": 0.296795755625,
        "dvar": 0.0523505546153,
        "dvar2": 0.0960041061044,
        "max": 8.54760551453,
        "mean": 7.32437133789,
        "median": 7.38795804977,
        "min": 5.30956983566,
        "var": 0.273114830256
    },
    "spectral_flux": {
        "dmean": 0.0310539919883,
        "dmean2": 0.0475620254874,
        "dvar": 0.00168158800807,
        "dvar2": 0.00372370961122,
        "max": 0.380645155907,
        "mean": 0.0839674398303,
        "median": 0.069129511714,
        "min": 6.15334574832e-05,
        "var": 0.00394131289795
    },
    "spectral_kurtosis": {
        "dmean": 1.73588061333,
        "dmean2": 2.8335916996,
        "dvar": 8.34237575531,
        "dvar2": 22.8105220795,
        "max": 36.4114074707,
        "mean": 3.18912911415,
        "median": 2.13028240204,
        "min": -1.3337649107,
        "var": 17.8626899719
    },
    "spectral_rms": {
        "dmean": 0.000938321754802,
        "dmean2": 0.00141272670589,
        "dvar": 1.87891612313e-06,
        "dvar2": 4.45902969659e-06,
        "max": 0.0132088931277,
        "mean": 0.0049356482923,
        "median": 0.00484051043168,
        "min": 1.92198240256e-06,
        "var": 5.67995539313e-06
    },
    "spectral_rolloff": {
        "dmean": 472.797027588,
        "dmean2": 776.363769531,
        "dvar": 932175.0625,
        "dvar2": 1861894.5,
        "max": 9151.61132812,
        "mean": 1202.6619873,
        "median": 624.462890625,
        "min": 86.1328125,
        "var": 2331265.5
    },
    "spectral_skewness": {
        "dmean": 0.273844391108,
        "dmean2": 0.404398798943,
        "dvar": 0.0916772857308,
        "dvar2": 0.193782955408,
        "max": 4.99321651459,
        "mean": 1.37234866619,
        "median": 1.30327308178,
        "min": -0.497785180807,
        "var": 0.45547875762
    },
    "spectral_spread": {
        "dmean": 649547.8125,
        "dmean2": 911785.5625,
        "dvar": 563892846592,
        "dvar2": 1.0678393897e+12,
        "max": 11830928,
        "mean": 5202479,
        "median": 5041880.5,
        "min": 1246314.875,
        "var": 2.20638714266e+12
    },
    "spectral_strongpeak": {
        "dmean": 0.591017484665,
        "dmean2": 0.985767602921,
        "dvar": 1.04501116276,
        "dvar2": 2.4377849102,
        "max": 9.44297122955,
        "mean": 1.14150071144,
        "median": 0.509183168411,
        "min": 0,
        "var": 2.15861177444
    },
    "zerocrossingrate": {
        "dmean": 0.0115384785458,
        "dmean2": 0.0128885824233,
        "dvar": 0.000222505565034,
        "dvar2": 0.00023278669687,
        "max": 0.32177734375,
        "mean": 0.0555734299123,
        "median": 0.048828125,
        "min": 0.00439453125,
        "var": 0.00159784033895
    },
    "barkbands": {
        "dmean": [0.000233498562011, 0.00533042056486, 0.00175819883589, 0.00144916947465, 0.00309856096283, 0.001214823802, 0.000530577031896, 0.00103242066689, 0.0015205378877, 0.00038141591358, 0.000355863245204, 0.00024733034661, 0.00022529886337, 0.000255799503066, 0.000371097761672, 0.000234942126554, 9.61719124462e-05, 7.87423050497e-05, 5.81212370889e-05, 0.000106070976472, 8.62824599608e-05, 0.000313574360916, 0.000162178781466, 5.89011069678e-05, 3.21774750773e-05, 1.57670983754e-05, 6.9298107519e-07],
        "dmean2": [0.000386030500522, 0.00887334533036, 0.00310552818701, 0.0024671559222, 0.00526717118919, 0.00177888851613, 0.000797662534751, 0.00145429396071, 0.00219427212141, 0.000558981846552, 0.00049678212963, 0.000379315402824, 0.000309682218358, 0.000371462345356, 0.000516164873261, 0.000323822168866, 0.000154177978402, 0.00012352365593, 9.08071888261e-05, 0.000159944174811, 0.000125481645227, 0.000434373068856, 0.000221540103666, 7.77555324021e-05, 4.47824968433e-05, 2.23393053602e-05, 1.20634103951e-06],
        "dvar": [2.81104235e-07, 0.000180886432645, 2.44752700382e-05, 1.04978744275e-05, 0.000123357240227, 4.13891348217e-06, 2.37445328821e-06, 9.22697472561e-06, 2.73338700936e-05, 2.77149092653e-06, 1.53125790803e-06, 5.65729692426e-07, 4.31740062368e-07, 5.83142593769e-07, 1.286497195e-06, 6.15818805727e-07, 8.96809169149e-08, 2.8458480017e-08, 1.40686902128e-08, 9.14770481586e-08, 3.57554483799e-08, 5.0385887107e-07, 4.05714303042e-07, 8.70298606515e-08, 9.1138723235e-09, 1.16336096312e-09, 9.29724092852e-12],
        "dvar2": [7.51429752199e-07, 0.000457239104435, 7.09479427314e-05, 2.77508679574e-05, 0.000348977540853, 8.76659578353e-06, 4.45953673989e-06, 1.94337353605e-05, 6.08443333476e-05, 5.78333083467e-06, 3.13006739816e-06, 1.1828285551e-06, 7.93111269104e-07, 1.11979693429e-06, 2.62667822426e-06, 1.17793990739e-06, 2.17090544652e-07, 6.64171437847e-08, 3.49234241526e-08, 2.12547533351e-07, 7.2510331961e-08, 7.98967846549e-07, 7.2562090736e-07, 9.46492733078e-08, 1.81520682929e-08, 2.41639441789e-09, 2.64851283266e-11],
        "max": [0.00452794088051, 0.108287870884, 0.059156909585, 0.034559212625, 0.116865672171, 0.0298285577446, 0.0350579842925, 0.0496138297021, 0.101174421608, 0.0458459481597, 0.0309816021472, 0.017895668745, 0.0127606345341, 0.0153782786801, 0.0184530094266, 0.0132126249373, 0.00917731318623, 0.00276322755963, 0.00161566666793, 0.00613133050501, 0.00448913592845, 0.0217252913862, 0.0149604426697, 0.0104571254924, 0.00250727450475, 0.000417793140514, 6.56265183352e-05],
        "mean": [0.000274759164313, 0.00736280111596, 0.00285323243588, 0.00235917582177, 0.00434767780825, 0.00283746002242, 0.000896357814781, 0.00191110745072, 0.00271221296862, 0.000570575997699, 0.000760353868827, 0.000420772295911, 0.000438572460553, 0.000370738329366, 0.000527755357325, 0.000338097277563, 0.000176584755536, 0.000132979184855, 9.55550349317e-05, 0.000195533240912, 0.000163732358487, 0.000610960356425, 0.000271778408205, 0.000101272868051, 4.21076074417e-05, 1.88849917322e-05, 5.5847749536e-07],
        "median": [7.05596394255e-05, 0.00383081892505, 0.00162455323152, 0.00114101090003, 0.00236519845203, 0.00134199531749, 0.0003135111765, 0.000371245958377, 0.000421004951932, 9.16599383345e-05, 9.05577762751e-05, 9.7000542155e-05, 5.13336999575e-05, 5.12892947881e-05, 6.42047598376e-05, 3.8152673369e-05, 2.91048345389e-05, 3.41870472766e-05, 3.48256253346e-05, 5.13289851369e-05, 5.73012621317e-05, 0.00019159373187, 8.30242497614e-05, 2.49433996942e-05, 7.6249907579e-06, 2.08404549085e-06, 1.5779450635e-08],
        "min": [1.64044090811e-11, 7.62270802035e-12, 1.54417320944e-12, 3.92435910157e-11, 9.04189917383e-11, 2.60581223266e-09, 2.54819550877e-11, 1.52748959314e-11, 7.26810778229e-10, 1.52991647129e-11, 1.77037759452e-11, 8.04186058023e-12, 3.50796024173e-11, 1.24527905349e-12, 1.10278626508e-11, 8.3910794979e-11, 2.04182395817e-12, 2.96251629998e-12, 5.03996107001e-12, 8.27880212301e-12, 4.48913909518e-12, 9.33298317102e-12, 7.76345741166e-12, 7.26332579151e-12, 1.13316474259e-11, 9.06050581784e-12, 1.44719540171e-11],
        "var": [3.08259103576e-07, 0.000197160086827, 1.9445318685e-05, 1.15197035484e-05, 8.62419547047e-05, 1.67378020706e-05, 5.14820521857e-06, 2.38698139583e-05, 6.32821611362e-05, 5.07210461365e-06, 5.66993139728e-06, 1.9038765231e-06, 1.89085153579e-06, 1.21129357922e-06, 2.373845291e-06, 1.13324585982e-06, 4.02673208555e-07, 7.5774714503e-08, 2.76853526771e-08, 1.69738541445e-07, 9.31022725581e-08, 1.6946892174e-06, 8.87703549779e-07, 2.73450098121e-07, 1.5190579461e-08, 1.7362329352e-09, 6.09282849867e-12]
    },
    "erbbands": {
        "dmean": [0.176729723811, 1.13606441021, 1.98126959801, 3.49653482437, 8.84775733948, 10.1443929672, 10.1311759949, 10.1185541153, 5.82547426224, 10.7191638947, 27.9473171234, 36.2437400818, 16.7356891632, 10.2438564301, 13.9569740295, 9.25252723694, 10.1351356506, 11.6855125427, 16.245513916, 16.311788559, 7.81072473526, 5.24787950516, 4.51151275635, 2.67489433289, 3.61791992188, 4.96569013596, 3.47832965851, 4.04591274261, 10.5417499542, 10.6988725662, 3.62066888809, 1.48176753521, 0.95628964901, 0.461064815521, 0.173828795552, 0.0853867456317, 0.0250108763576, 0.0039949552156, 8.79773506313e-05, 1.60637264344e-05],
        "dmean2": [0.30910307169, 1.89454805851, 3.50398802757, 5.93132257462, 15.6837797165, 17.5048351288, 15.7983484268, 14.6382637024, 8.71279716492, 15.2228059769, 38.3319664001, 49.5486373901, 21.9187088013, 13.9951848984, 19.9187316895, 14.0116643906, 13.7340707779, 16.1235961914, 23.4843502045, 22.9197425842, 11.1859254837, 8.22371578217, 6.8393535614, 4.19172382355, 5.51591682434, 7.53739833832, 5.21165275574, 5.7171626091, 14.2461099625, 14.8963909149, 4.88128757477, 1.96114075184, 1.24111258984, 0.634549736977, 0.247351333499, 0.12032430619, 0.0374143086374, 0.00618021888658, 0.00013396058057, 2.40779918386e-05],
        "dvar": [0.214801475406, 8.37327480316, 28.7386054993, 57.9317016602, 1089.65380859, 1254.29064941, 290.48526001, 413.885894775, 225.264785767, 881.065307617, 8484.60644531, 14741.0048828, 4759.04931641, 1089.85510254, 1676.2142334, 844.098510742, 832.924438477, 1046.28198242, 1819.48156738, 2483.23583984, 575.418273926, 290.841796875, 83.3396682739, 32.8544960022, 81.552986145, 205.169891357, 58.2350578308, 86.0497512817, 527.266723633, 1045.16247559, 291.019866943, 57.1966667175, 20.7549743652, 2.95753645897, 0.21348285675, 0.0374155938625, 0.00310261850245, 0.000103313752334, 5.58189832134e-08, 7.2853273414e-10],
        "dvar2": [0.584652066231, 20.3204555511, 82.2574462891, 153.804138184, 3046.30664062, 3591.04370117, 738.205871582, 838.322021484, 446.398132324, 1532.6607666, 15850.2119141, 30348.7597656, 8294.52441406, 2138.98266602, 2952.69897461, 2008.03662109, 1416.2232666, 1836.38012695, 3929.73193359, 5135.19482422, 1119.47705078, 739.999206543, 192.550170898, 82.1987762451, 189.708557129, 514.570678711, 123.214599609, 171.4115448, 911.436462402, 2074.56982422, 524.731872559, 69.3139419556, 21.7158584595, 4.77240800858, 0.485466957092, 0.0754308328032, 0.00673785153776, 0.000249428616371, 1.39122477094e-07, 1.74754510862e-09],
        "max": [3.65202355385, 22.4723339081, 65.9218139648, 67.4486160278, 344.318939209, 384.200958252, 201.251495361, 335.590026855, 313.283905029, 709.325134277, 1766.14672852, 2110.73168945, 1598.89501953, 827.784362793, 757.653259277, 551.848876953, 602.139770508, 723.699829102, 770.181213379, 814.041381836, 382.122192383, 549.724243164, 169.868347168, 92.8714828491, 191.033828735, 285.925170898, 138.506744385, 232.783828735, 668.328735352, 1020.09832764, 430.965301514, 266.251953125, 156.746307373, 54.0792198181, 6.21381616592, 2.36321115494, 0.675215363503, 0.152489259839, 0.00410853326321, 0.000235529922065],
        "mean": [0.225015074015, 1.60060119629, 3.36069226265, 6.28919887543, 10.5447330475, 15.4068841934, 19.7087345123, 23.3950634003, 11.444609642, 19.3821697235, 54.7692565918, 64.3159790039, 32.2932319641, 18.8054237366, 34.5268707275, 17.0469226837, 21.1519889832, 20.4767742157, 26.3694381714, 24.1154346466, 12.9057359695, 10.423614502, 8.54189872742, 4.91196346283, 6.20018434525, 8.92914962769, 6.77725076675, 7.52739191055, 20.514257431, 19.069776535, 6.08393096924, 2.51858258247, 1.57649993896, 0.638765633106, 0.217548727989, 0.103629685938, 0.0292088221759, 0.00425786385313, 0.000108584361442, 4.07797888329e-05],
        "median": [0.100617364049, 0.838076770306, 1.87916374207, 3.63747549057, 5.09406518936, 8.18487548828, 10.7802991867, 8.63818836212, 5.23474931717, 5.89092731476, 9.50450801849, 10.7348003387, 5.10036087036, 3.80673217773, 5.78718137741, 4.21601057053, 3.04952812195, 2.7959754467, 3.6092915535, 3.42552685738, 1.83006644249, 1.95174109936, 2.25045084953, 1.60201907158, 2.34880924225, 2.3894367218, 2.1104323864, 2.94040989876, 6.34319353104, 5.45735406876, 1.91648626328, 0.648649215698, 0.351581305265, 0.124920547009, 0.0352779962122, 0.0105794435367, 0.00393806584179, 0.000406435283367, 3.02039261442e-05, 3.22093947034e-05],
        "min": [5.00046504204e-10, 8.43181580112e-10, 2.3207864519e-09, 6.10940915635e-08, 3.54380318868e-07, 3.1521099686e-07, 5.87784916206e-06, 2.80957683572e-05, 3.92623769585e-06, 3.40177592761e-07, 1.56013891228e-06, 2.09611371247e-05, 4.15196609538e-06, 4.54893125834e-07, 9.96149196908e-07, 2.9283151548e-07, 1.71388603576e-06, 3.55943427621e-07, 4.37843766576e-07, 2.61954528469e-06, 2.90709431283e-06, 2.12006540323e-07, 1.30270734644e-07, 2.4965501666e-07, 3.14763553888e-07, 3.80322092042e-07, 2.16700598799e-07, 1.96477046188e-07, 3.38078734785e-07, 3.13194959745e-07, 1.79445748927e-07, 1.21998724012e-07, 1.49055182419e-07, 1.21494679206e-07, 7.27066051809e-08, 3.35539631635e-08, 1.85556032761e-08, 6.47095887985e-09, 1.86715620742e-09, 2.24853413666e-10],
        "var": [0.190770834684, 9.62638473511, 25.3817520142, 67.2470626831, 732.989501953, 917.013244629, 610.328491211, 1871.36914062, 462.987579346, 2438.39282227, 22553.4707031, 34488.1132812, 15635.0039062, 2503.00512695, 9397.75390625, 2113.07177734, 4151.37792969, 3043.50927734, 4055.16357422, 4452.65527344, 1365.7565918, 1358.4654541, 345.245819092, 68.9285507202, 143.872070312, 332.278137207, 166.94392395, 205.090774536, 1766.35192871, 2289.50463867, 618.833374023, 169.214111328, 62.8340873718, 6.43747282028, 0.285576760769, 0.0580297596753, 0.0041709523648, 0.000113960246381, 5.82977364161e-08, 1.31737554199e-09]
    },
    "gfcc": {
        "mean": [-30.8509941101, 104.551719666, -99.9638900757, 44.2519226074, -75.708770752, 17.8566761017, -31.5244560242, -5.08250713348, -14.9804048538, -0.750142872334, -18.4751281738, 0.732514321804, -10.6940460205],
        "cov": [[11266.3525391, -891.088500977, -641.149719238, 400.69720459, 188.015136719, 418.227264404, 25.2032432556, 415.129974365, 35.810333252, 262.928588867, -281.556915283, 24.6532211304, -177.615249634], [-891.088500977, 1496.09619141, -28.0417957306, -74.5578155518, 335.857727051, -101.799461365, 267.864868164, -97.8438491821, 150.406600952, -151.851486206, 248.737930298, -90.970664978, 70.4834976196], [-641.149719238, -28.0417957306, 1052.51330566, 189.571609497, 176.258865356, 37.151184082, 12.9806413651, 199.366744995, -127.350013733, 119.356956482, 34.9352493286, 98.4459686279, -77.6883926392], [400.69720459, -74.5578155518, 189.571609497, 452.749847412, 97.0101547241, -2.62110590935, -37.443107605, 63.2657203674, 88.6401901245, 17.4143390656, 12.2870597839, 13.8997764587, 54.8816223145], [188.015136719, 335.857727051, 176.258865356, 97.0101547241, 410.010314941, -21.4536800385, 20.8257751465, 115.742210388, 8.57669067383, 51.7341346741, 16.9575901031, 11.562869072, 9.22416305542], [418.227264404, -101.799461365, 37.151184082, -2.62110590935, -21.4536800385, 290.150604248, 138.125991821, 8.19150352478, -14.923866272, -16.9662284851, 23.8972549438, -16.2503833771, -34.2920761108], [25.2032432556, 267.864868164, 12.9806413651, -37.443107605, 20.8257751465, 138.125991821, 267.947723389, 6.32759284973, 3.66381430626, -45.4372901917, 82.7705078125, -11.2416448593, -25.6621570587], [415.129974365, -97.8438491821, 199.366744995, 63.2657203674, 115.742210388, 8.19150352478, 6.32759284973, 220.041366577, -26.4408283234, 71.3492736816, -30.1915626526, 21.4312458038, -22.6778888702], [35.810333252, 150.406600952, -127.350013733, 88.6401901245, 8.57669067383, -14.923866272, 3.66381430626, -26.4408283234, 228.800338745, -13.1607923508, -6.42766618729, -46.0994606018, 59.2658615112], [262.928588867, -151.851486206, 119.356956482, 17.4143390656, 51.7341346741, -16.9662284851, -45.4372901917, 71.3492736816, -13.1607923508, 142.116973877, -36.4614868164, 22.8625011444, -28.9539871216], [-281.556915283, 248.737930298, 34.9352493286, 12.2870597839, 16.9575901031, 23.8972549438, 82.7705078125, -30.1915626526, -6.42766618729, -36.4614868164, 149.44493103, 17.8005428314, 9.99248313904], [24.6532211304, -90.970664978, 98.4459686279, 13.8997764587, 11.562869072, -16.2503833771, -11.2416448593, 21.4312458038, -46.0994606018, 22.8625011444, 17.8005428314, 127.524559021, -3.92819952965], [-177.615249634, 70.4834976196, -77.6883926392, 54.8816223145, 9.22416305542, -34.2920761108, -25.6621570587, -22.6778888702, 59.2658615112, -28.9539871216, 9.99248313904, -3.92819952965, 103.861419678]],
        "icov": [[0.000148597406223, -0.000115738592285, 0.000283407396637, -0.000284355948679, 5.95191522734e-05, -0.000338262878358, 0.000114842827315, -0.000330269162077, 0.000110935005068, -0.000267703493591, 0.000288684706902, -0.000223063034355, 0.000360057747457], [-0.000115738592285, 0.00357803795487, -0.000860726519022, 0.00172528577968, -0.00328625109978, 0.00306073063985, -0.00296047818847, 0.00187408854254, -0.00215549510904, 0.0024466982577, -0.00394784472883, 0.00247135828249, -0.000816077517811], [0.000283407396637, -0.000860726519022, 0.00217787339352, -0.0014746747911, 0.000489896978252, -0.00126094080042, 0.000784174364526, -0.00167307991069, 0.00123942364007, -0.0014879014343, 0.000699510157574, -0.00137756031472, 0.00160423060879], [-0.000284355948679, 0.00172528577968, -0.0014746747911, 0.00432518264279, -0.00182913686149, 0.00138454011176, -0.000632347131614, 0.000744321849197, -0.00249107577838, 0.00179766200017, -0.00259392033331, 0.00118557852693, -0.00220277043991], [5.95191522734e-05, -0.00328625109978, 0.000489896978252, -0.00182913686149, 0.00617656065151, -0.00226098811254, 0.00222018407658, -0.00295496312901, 0.0019063531654, -0.00285887252539, 0.00306297675706, -0.00191565824207, 2.12671038753e-05], [-0.000338262878358, 0.00306073063985, -0.00126094080042, 0.00138454011176, -0.00226098811254, 0.00788801070303, -0.0052906316705, 0.00211209664121, -0.00151696498506, 0.00232533249073, -0.00301139173098, 0.00290111708455, -0.000457895948784], [0.000114842827315, -0.00296047818847, 0.000784174364526, -0.000632347131614, 0.00222018407658, -0.0052906316705, 0.00928254425526, -0.00272004003637, 0.000715857488103, -0.0002251049591, -3.92978690797e-05, -0.00189382780809, 0.00234271003865], [-0.000330269162077, 0.00187408854254, -0.00167307991069, 0.000744321849197, -0.00295496312901, 0.00211209664121, -0.00272004003637, 0.00866977870464, -0.000613561249338, -0.000553953868803, -0.000411146844272, 0.0013551467564, -0.0010141445091], [0.000110935005068, -0.00215549510904, 0.00123942364007, -0.00249107577838, 0.0019063531654, -0.00151696498506, 0.000715857488103, -0.000613561249338, 0.00772826932371, -0.00257812556811, 0.0030254079029, 0.000323433545418, -0.00213885866106], [-0.000267703493591, 0.0024466982577, -0.0014879014343, 0.00179766200017, -0.00285887252539, 0.00232533249073, -0.0002251049591, -0.000553953868803, -0.00257812556811, 0.0122939990833, -0.00170312181581, 0.000534087361302, 0.00174648303073], [0.000288684706902, -0.00394784472883, 0.000699510157574, -0.00259392033331, 0.00306297675706, -0.00301139173098, -3.92978690797e-05, -0.000411146844272, 0.0030254079029, -0.00170312181581, 0.0141574051231, -0.00430307909846, -2.50734756264e-05], [-0.000223063034355, 0.00247135828249, -0.00137756031472, 0.00118557852693, -0.00191565824207, 0.00290111708455, -0.00189382780809, 0.0013551467564, 0.000323433545418, 0.000534087361302, -0.00430307909846, 0.0112922517583, -0.00195410777815], [0.000360057747457, -0.000816077517811, 0.00160423060879, -0.00220277043991, 2.12671038753e-05, -0.000457895948784, 0.00234271003865, -0.0010141445091, -0.00213885866106, 0.00174648303073, -2.50734756264e-05, -0.00195410777815, 0.0150019014254]]
    },
    "melbands": {
        "dmean": [0.0015486482298, 0.00113729084842, 0.000727929815184, 0.000738160044421, 0.000349507114151, 0.000218043729546, 9.78303578449e-05, 0.000121657569252, 0.000247928866884, 0.000225474082981, 8.10651108623e-05, 4.10212269344e-05, 4.79026202811e-05, 3.65696760127e-05, 1.64045904967e-05, 2.59046792053e-05, 2.25956409849e-05, 2.61220702669e-05, 2.87374805339e-05, 2.25760850299e-05, 6.89602939019e-06, 5.10695008415e-06, 6.59284023641e-06, 3.03236924992e-06, 2.27790314966e-06, 2.20271931539e-06, 3.81277845918e-06, 3.52481879418e-06, 2.39085989051e-06, 2.13161752072e-06, 2.41637326326e-06, 5.50149570699e-06, 8.00055840955e-06, 5.27873544343e-06, 2.24613677346e-06, 1.38967402563e-06, 7.58060537009e-07, 6.70000986247e-07, 6.75444937315e-07, 3.07448715375e-07],
        "dmean2": [0.00262625329196, 0.001912793261, 0.00125342747197, 0.00127259362489, 0.000559254374821, 0.000316887249937, 0.000143116951222, 0.000173283740878, 0.000344198051607, 0.000308185204631, 0.00010755709809, 5.73129145778e-05, 6.61941739963e-05, 5.3108920838e-05, 2.40007175307e-05, 3.42547500622e-05, 3.27881425619e-05, 3.81692480005e-05, 3.98074407713e-05, 3.13444397761e-05, 1.04134442154e-05, 8.24290964374e-06, 1.0025379197e-05, 4.93487459607e-06, 3.61770298696e-06, 3.46251567862e-06, 5.6809394664e-06, 5.53686322746e-06, 3.61292154594e-06, 3.22871437675e-06, 3.50389950654e-06, 7.50563185647e-06, 1.13535543278e-05, 7.65394634072e-06, 3.09355891659e-06, 1.91051663023e-06, 1.02974036054e-06, 9.01228077055e-07, 9.47284547692e-07, 4.35653191744e-07],
        "dvar": [1.58638176799e-05, 8.48257514008e-06, 3.07803657051e-06, 7.84929488873e-06, 4.46585573854e-07, 1.70525936483e-07, 6.90531933856e-08, 9.55726875418e-08, 7.53903350414e-07, 5.98102019467e-07, 1.22935475133e-07, 1.83895618733e-08, 2.31130243833e-08, 1.02330890428e-08, 1.88810744817e-09, 5.49680390094e-09, 4.40356062725e-09, 5.09228126333e-09, 1.14185452205e-08, 5.80736037037e-09, 4.83751039226e-10, 3.01390190582e-10, 2.76260625487e-10, 4.17016872423e-11, 2.74304919057e-11, 2.20942153462e-11, 1.51192322551e-10, 9.30988827696e-11, 2.68603854436e-11, 2.87194278775e-11, 3.99406341334e-11, 1.68669592182e-10, 3.39737460386e-10, 3.26585286592e-10, 1.02846224592e-10, 7.10222089473e-11, 1.10070971435e-11, 9.67554335263e-12, 1.09978250465e-11, 8.07419940369e-13],
        "dvar2": [4.14062451455e-05, 2.22172693611e-05, 8.24680137157e-06, 2.23389470193e-05, 1.20656352465e-06, 3.48100513747e-07, 1.35381569066e-07, 1.64263894931e-07, 1.34640470151e-06, 1.24475639041e-06, 2.1517881521e-07, 3.55869076429e-08, 4.32953264351e-08, 2.15773390266e-08, 4.04784072927e-09, 8.94782381522e-09, 8.12612199752e-09, 1.15104317189e-08, 2.44222135848e-08, 1.10611528825e-08, 9.85154291477e-10, 8.02520605525e-10, 6.43940234468e-10, 1.06465926353e-10, 7.05109720611e-11, 5.56644556837e-11, 3.28748583911e-10, 2.38750463843e-10, 5.54099439942e-11, 6.7894509459e-11, 8.67195065757e-11, 3.26881216539e-10, 5.47680956142e-10, 7.39734551392e-10, 1.90243501508e-10, 1.09312017771e-10, 1.20808293924e-11, 1.22777369868e-11, 1.61699455908e-11, 1.50234360542e-12],
        "max": [0.0321458205581, 0.0340652130544, 0.0176001675427, 0.0303688570857, 0.00660426774994, 0.00650209980085, 0.00599244609475, 0.0063276682049, 0.0166978184134, 0.014569404535, 0.00824810378253, 0.00303818006068, 0.00295505230315, 0.0026206409093, 0.000804031617008, 0.00163252197672, 0.00126040983014, 0.00129437516443, 0.0020296133589, 0.0012734803604, 0.000472887826618, 0.000508681172505, 0.000381317280699, 0.000114260146802, 9.43034901866e-05, 6.99849479133e-05, 0.000274721765891, 0.000186478078831, 0.000101604622614, 0.000124182901345, 0.000147831175127, 0.000354785821401, 0.000546174240299, 0.000511216232553, 0.000251359015238, 0.000257893465459, 0.00012158894242, 0.000109581800643, 0.000108377207653, 2.48133492278e-05],
        "mean": [0.00205275253393, 0.00189980759751, 0.00115776446182, 0.00100598495919, 0.000670135428663, 0.000507818826009, 0.000179788446985, 0.000215744541492, 0.000478536618175, 0.000398259988287, 0.000147934872075, 6.78355208947e-05, 0.000110846936877, 6.77759380778e-05, 2.86825052171e-05, 5.14751845913e-05, 3.4718785173e-05, 3.96944233216e-05, 3.83885308111e-05, 3.05784305965e-05, 1.08420144898e-05, 9.55268751568e-06, 1.14617241707e-05, 5.22161508343e-06, 3.81533300242e-06, 3.4140855405e-06, 6.3182192207e-06, 5.85042471357e-06, 4.3199488573e-06, 3.79579932996e-06, 4.12418012274e-06, 9.90367425402e-06, 1.52992306539e-05, 8.71533848112e-06, 3.58191482519e-06, 2.13075099964e-06, 1.25504823245e-06, 1.09060238174e-06, 9.49719606069e-07, 4.01184479415e-07],
        "median": [0.00105246750172, 0.00116174598224, 0.000682284357026, 0.000494353589602, 0.00040271715261, 0.000209500198252, 7.45315119275e-05, 6.46845583105e-05, 7.44389981264e-05, 5.87621871091e-05, 1.66513364093e-05, 1.03617076093e-05, 1.59197552421e-05, 1.60265026352e-05, 5.56645636607e-06, 5.56773375138e-06, 4.28242310591e-06, 5.04910167365e-06, 4.79317259305e-06, 3.24096095028e-06, 1.65540291164e-06, 1.59559783697e-06, 2.38747134063e-06, 1.24671578305e-06, 1.05003266526e-06, 1.2475911717e-06, 1.72567263235e-06, 1.42018529914e-06, 1.06473055439e-06, 1.20123968372e-06, 1.58125669714e-06, 2.89741842607e-06, 4.3854197429e-06, 2.25270719056e-06, 1.03303796095e-06, 4.35224563944e-07, 3.24142973795e-07, 2.40841501409e-07, 1.58376124659e-07, 7.58319771421e-08],
        "min": [4.0188950258e-12, 7.48068382413e-13, 1.95421994559e-11, 2.40258368756e-11, 1.74526545993e-10, 5.73704750373e-10, 4.78741109255e-11, 1.93737300508e-12, 1.74284180837e-11, 1.3435617896e-10, 1.50645693836e-11, 1.2707790549e-12, 2.76241269442e-12, 1.55991387342e-12, 1.10011305621e-12, 4.19175414865e-12, 1.55178577236e-13, 5.01927438414e-13, 1.13606845285e-12, 7.11906488621e-12, 2.10872421955e-12, 1.39987807045e-13, 6.08571488559e-14, 1.70727716903e-13, 2.00048907561e-13, 1.79885389895e-13, 3.20205260961e-13, 2.27364771433e-13, 1.44253451415e-13, 8.95928364592e-14, 1.17205046666e-13, 2.10916489352e-13, 1.44603730032e-13, 1.81755137199e-13, 9.09149261408e-14, 1.34634450398e-13, 4.50599301795e-14, 9.50821114009e-14, 1.12018223473e-13, 8.8101414727e-14],
        "var": [1.58082111739e-05, 9.05123943085e-06, 2.78555035038e-06, 5.43901887795e-06, 6.50891990972e-07, 7.65124809732e-07, 1.38948024642e-07, 2.63924675892e-07, 1.88865647033e-06, 1.47439288867e-06, 3.85138974934e-07, 4.00302795356e-08, 1.09635983847e-07, 3.95645258777e-08, 6.34295549418e-09, 2.56505785501e-08, 1.07824638107e-08, 1.10383533425e-08, 1.81043429137e-08, 1.00329797803e-08, 1.31652944102e-09, 1.35576183613e-09, 8.63327409562e-10, 1.24491375542e-10, 5.11768058487e-11, 3.8193278401e-11, 2.85437423697e-10, 1.40723183106e-10, 7.61998589227e-11, 6.05918995533e-11, 7.54973514261e-11, 4.37151037591e-10, 1.15660736544e-09, 5.64075952614e-10, 2.09352951641e-10, 1.70535724431e-10, 3.47177842031e-11, 2.74947530021e-11, 2.60360465826e-11, 1.51658460096e-12]
    },
    "mfcc": {
        "mean": [-673.978942871, 121.161727905, 29.6709785461, 26.623298645, -8.80660820007, 19.4734516144, -11.3319892883, 4.76164293289, -2.41980671883, 0.642808377743, 1.61022830009, -7.28300142288, 1.29830098152],
        "cov": [[9619.125, -548.765991211, -730.05279541, 115.931800842, -96.7901000977, 237.623641968, -120.163116455, 124.025733948, 250.802581787, 194.217269897, 200.649856567, -31.0196247101, -65.4883804321], [-548.765991211, 1502.05664062, -144.730331421, 98.6579284668, 80.2741851807, 5.84880828857, 174.086990356, 89.2156906128, -63.3907928467, 17.0675582886, 84.2600784302, 46.8266944885, 39.4392280579], [-730.05279541, -144.730331421, 724.191955566, 99.9894638062, 68.8236083984, 13.104549408, 128.590789795, 48.4078903198, -4.61611509323, -21.6361732483, 29.9093360901, 90.4812088013, 10.1051797867], [115.931800842, 98.6579284668, 99.9894638062, 444.524414062, 214.537368774, -70.3943405151, -5.42803192139, -20.6242904663, 91.6709289551, -11.7086524963, -9.43171024323, 111.524902344, 9.74272632599], [-96.7901000977, 80.2741851807, 68.8236083984, 214.537368774, 324.855712891, -36.2883033752, 21.8584308624, -17.9775924683, 81.9949493408, 33.9742240906, -17.9909591675, 64.4598617554, -14.2008743286], [237.623641968, 5.84880828857, 13.104549408, -70.3943405151, -36.2883033752, 212.246444702, 27.8487472534, 48.1286468506, -6.09097671509, 26.0535240173, 43.7131881714, -40.5077018738, 22.3600692749], [-120.163116455, 174.086990356, 128.590789795, -5.42803192139, 21.8584308624, 27.8487472534, 314.23348999, 100.877319336, -49.7948951721, 7.75004482269, 58.5247268677, 33.9968109131, -21.072555542], [124.025733948, 89.2156906128, 48.4078903198, -20.6242904663, -17.9775924683, 48.1286468506, 100.877319336, 173.396774292, -2.64844059944, 0.174499675632, 49.2318153381, -1.8444852829, 9.2264213562], [250.802581787, -63.3907928467, -4.61611509323, 91.6709289551, 81.9949493408, -6.09097671509, -49.7948951721, -2.64844059944, 154.960861206, 57.3645820618, -7.12908220291, 8.24269199371, 8.28154373169], [194.217269897, 17.0675582886, -21.6361732483, -11.7086524963, 33.9742240906, 26.0535240173, 7.75004482269, 0.174499675632, 57.3645820618, 155.975952148, 33.1709213257, -37.6323509216, -7.66315937042], [200.649856567, 84.2600784302, 29.9093360901, -9.43171024323, -17.9909591675, 43.7131881714, 58.5247268677, 49.2318153381, -7.12908220291, 33.1709213257, 118.817253113, 20.6741828918, -18.5888748169], [-31.0196247101, 46.8266944885, 90.4812088013, 111.524902344, 64.4598617554, -40.5077018738, 33.9968109131, -1.8444852829, 8.24269199371, -37.6323509216, 20.6741828918, 137.589904785, 4.80687475204], [-65.4883804321, 39.4392280579, 10.1051797867, 9.74272632599, -14.2008743286, 22.3600692749, -21.072555542, 9.2264213562, 8.28154373169, -7.66315937042, -18.5888748169, 4.80687475204, 107.46269989]],
