{
"lowlevel": {
    "average_loudness": 0.913401782513,
    "barkbands_crest": {
        "dmean": 1.98831057549,
        "dmean2": 3.17092227936,
        "dvar": 3.93887424469,
        "dvar2": 10.1134252548,
        "max": 23.6339664459,
        "mean": 9.81972026825,
        "median": 9.14417648315,
        "min": 2.87658333778,
        "var": 16.4809741974
    },
    "barkbands_flatness_db": {
        "dmean": 0.017718616873,
        "dmean2": 0.0272897351533,
        "dvar": 0.000280708016362,
        "dvar2": 0.000555663602427,
        "max": 0.300711214542,
        "mean": 0.175662666559,
        "median": 0.174734801054,
        "min": 0.0285367574543,
        "var": 0.00154583412223
    },
    "barkbands_kurtosis": {
        "dmean": 1.59512400627,
        "dmean2": 2.44833350182,
        "dvar": 5.81163835526,
        "dvar2": 12.3563108444,
        "max": 52.9760780334,
        "mean": 2.62109541893,
        "median": 1.31403636932,
        "min": -1.83311367035,
        "var": 22.1564979553
    },
    "barkbands_skewness": {
        "dmean": 0.377432435751,
        "dmean2": 0.554486989975,
        "dvar": 0.151700586081,
        "dvar2": 0.334709078074,
        "max": 6.48666715622,
        "mean": 1.30784535408,
        "median": 1.31691873074,
        "min": -2.00908231735,
        "var": 1.04449415207
    },
    "barkbands_spread": {
        "dmean": 4.57280731201,
        "dmean2": 6.5069732666,
        "dvar": 40.7505569458,
        "dvar2": 71.7560501099,
        "max": 79.4231414795,
        "mean": 22.3578510284,
        "median": 18.0286712646,
        "min": 2.26464819908,
        "var": 217.493942261
    },
    "dissonance": {
        "dmean": 0.0148893352598,
        "dmean2": 0.0243074912578,
        "dvar": 0.000209428486414,
        "dvar2": 0.000563631183468,
        "max": 0.499432772398,
        "mean": 0.463592976332,
        "median": 0.468467801809,
        "min": 0.374524503946,
        "var": 0.000560563756153
    },
    "dynamic_complexity": 3.95124125481,
    "erbbands_crest": {
        "dmean": 2.11035585403,
        "dmean2": 3.3181347847,
        "dvar": 4.92606449127,
        "dvar2": 11.9034509659,
        "max": 30.1370487213,
        "mean": 9.8848733902,
        "median": 8.42562961578,
        "min": 2.55376601219,
        "var": 26.6658439636
    },
    "erbbands_flatness_db": {
        "dmean": 0.0135320108384,
        "dmean2": 0.0188936721534,
        "dvar": 0.000195120708668,
        "dvar2": 0.000349800131517,
        "max": 0.298462003469,
        "mean": 0.21177919209,
        "median": 0.215492159128,
        "min": 0.0900590494275,
        "var": 0.00128252233844
    },
    "erbbands_kurtosis": {
        "dmean": 0.739246487617,
        "dmean2": 1.13248562813,
        "dvar": 1.40362405777,
        "dvar2": 2.96716761589,
        "max": 23.746011734,
        "mean": 0.247093066573,
        "median": -0.404754161835,
        "min": -1.75631725788,
        "var": 4.5784869194
    },
    "erbbands_skewness": {
        "dmean": 0.312478780746,
        "dmean2": 0.455850422382,
        "dvar": 0.10367153585,
        "dvar2": 0.20631210506,
        "max": 3.21525645256,
        "mean": 0.0852615088224,
        "median": 0.19911248982,
        "min": -4.63963508606,
        "var": 0.982880353928
    },
    "erbbands_spread": {
        "dmean": 6.20654773712,
        "dmean2": 9.20069980621,
        "dvar": 51.8911247253,
        "dvar2": 108.91934967,
        "max": 97.5313568115,
        "mean": 37.2573356628,
        "median": 35.0628738403,
        "min": 9.79980278015,
        "var": 213.533187866
    },
    "hfc": {
        "dmean": 4.3077082634,
        "dmean2": 6.33856391907,
        "dvar": 49.6840324402,
        "dvar2": 103.335739136,
        "max": 87.2956771851,
        "mean": 18.5582847595,
        "median": 12.1403827667,
        "min": 1.16490323654e-16,
        "var": 281.943359375
    },
    "melbands_crest": {
        "dmean": 2.3968026638,
        "dmean2": 3.86559081078,
        "dvar": 6.27500677109,
        "dvar2": 16.0369720459,
        "max": 32.9225463867,
        "mean": 12.9195213318,
        "median": 12.2290611267,
        "min": 2.52988576889,
        "var": 21.0250415802
    },
    "melbands_flatness_db": {
        "dmean": 0.0196340624243,
        "dmean2": 0.027295505628,
        "dvar": 0.000502789742313,
        "dvar2": 0.000936677446589,
        "max": 0.38020658493,
        "mean": 0.193707957864,
        "median": 0.193417936563,
        "min": 0.00431695627049,
        "var": 0.00353490817361
    },
    "melbands_kurtosis": {
        "dmean": 3.35644292831,
        "dmean2": 5.12310361862,
        "dvar": 25.0176067352,
        "dvar2": 57.2173271179,
        "max": 108.598388672,
        "mean": 8.57187747955,
        "median": 6.40718269348,
        "min": -1.89514350891,
        "var": 89.8665618896
    },
    "melbands_skewness": {
        "dmean": 0.443634599447,
        "dmean2": 0.664076685905,
        "dvar": 0.229063376784,
        "dvar2": 0.540683269501,
        "max": 8.63526916504,
        "mean": 2.28736400604,
        "median": 2.18366003036,
        "min": -0.314444750547,
        "var": 1.2130190134
    },
    "melbands_spread": {
        "dmean": 6.79573202133,
        "dmean2": 9.52137851715,
        "dvar": 100.693885803,
        "dvar2": 164.684188843,
        "max": 167.61706543,
        "mean": 28.6841659546,
        "median": 19.4600849152,
        "min": 1.8117172718,
        "var": 670.013000488
    },
    "pitch_salience": {
        "dmean": 0.052670981735,
        "dmean2": 0.0847061276436,
        "dvar": 0.00251877913252,
        "dvar2": 0.00617386680096,
        "max": 0.904262840748,
        "mean": 0.540363550186,
        "median": 0.545907318592,
        "min": 0.184662640095,
        "var": 0.0104594388977
    },
    "silence_rate_20dB": {
        "dmean": 0,
        "dmean2": 0,
        "dvar": 0,
        "dvar2": 0,
        "max": 1,
        "mean": 1,
        "median": 1,
        "min": 1,
        "var": 0
    },
    "silence_rate_30dB": {
        "dmean": 0,
        "dmean2": 0,
        "dvar": 0,
        "dvar2": 0,
        "max": 1,
        "mean": 1,
        "median": 1,
        "min": 1,
        "var": 0
    },
    "silence_rate_60dB": {
        "dmean": 0.0205047316849,
        "dmean2": 0.0410418324172,
        "dvar": 0.0200836025178,
        "dvar2": 0.0472515188158,
        "max": 1,
        "mean": 0.110323086381,
        "median": 0,
        "min": 0,
        "var": 0.0981500893831
    },
    "spectral_centroid": {
        "dmean": 221.753479004,
        "dmean2": 306.894470215,
        "dvar": 114678.648438,
        "dvar2": 160845.53125,
        "max": 11351.1171875,
        "mean": 1375.27478027,
        "median": 1170.50976562,
        "min": 274.503265381,
        "var": 630032.875
    },
    "spectral_complexity": {
        "dmean": 2.5252366066,
        "dmean2": 3.88792419434,
        "dvar": 8.13892269135,
        "dvar2": 16.0331935883,
        "max": 48,
        "mean": 17.2718677521,
        "median": 18,
        "min": 0,
        "var": 69.6840667725
    },
    "spectral_decrease": {
        "dmean": 9.36117738881e-10,
        "dmean2": 1.45377698768e-09,
        "dvar": 1.49041475148e-18,
        "dvar2": 3.50687811544e-18,
        "max": 9.66084602545e-30,
        "mean": -4.52302595377e-09,
        "median": -4.33027835811e-09,
        "min": -1.59133612954e-08,
        "var": 8.88209584557e-18
    },
    "spectral_energy": {
        "dmean": 0.00379438395612,
        "dmean2": 0.00589718809351,
        "dvar": 2.42192163569e-05,
        "dvar2": 5.6614222558e-05,
        "max": 0.0630604177713,
        "mean": 0.0187542308122,
        "median": 0.0177948176861,
        "min": 1.05295511788e-20,
        "var": 0.000151479791384
    },
    "spectral_energyband_high": {
        "dmean": 0.000329150672769,
        "dmean2": 0.000446392747108,
        "dvar": 6.3062833533e-07,
        "dvar2": 1.1996394278e-06,
        "max": 0.0117035238072,
        "mean": 0.000710107211489,
        "median": 0.000207941760891,
        "min": 7.74841405529e-21,
        "var": 2.08472010854e-06
    },
    "spectral_energyband_low": {
        "dmean": 0.00118522054981,
        "dmean2": 0.0018755022902,
        "dvar": 5.9786584643e-06,
        "dvar2": 1.2684396097e-05,
        "max": 0.0440615043044,
        "mean": 0.00290354760364,
        "median": 0.00157813355327,
        "min": 1.25496991025e-22,
        "var": 1.51277317855e-05
    },
    "spectral_energyband_middle_high": {
        "dmean": 0.00119832379278,
        "dmean2": 0.00176829786506,
        "dvar": 3.97594385504e-06,
        "dvar2": 8.55486450746e-06,
        "max": 0.0318131968379,
        "mean": 0.00466015003622,
        "median": 0.00264784228057,
        "min": 1.40764774117e-21,
        "var": 2.4964892873e-05
    },
    "spectral_energyband_middle_low": {
        "dmean": 0.00294255279005,
        "dmean2": 0.00460564624518,
        "dvar": 1.55451016326e-05,
        "dvar2": 3.92401780118e-05,
        "max": 0.0451222844422,
        "mean": 0.0115167750046,
        "median": 0.0100268190727,
        "min": 3.30092244602e-22,
        "var": 7.49888640712e-05
    },
    "spectral_entropy": {
        "dmean": 0.142956539989,
        "dmean2": 0.190656766295,
        "dvar": 0.0269642956555,
        "dvar2": 0.0436015799642,
        "max": 9.81075191498,
        "mean": 7.29980611801,
        "median": 7.22415161133,
        "min": 6.24915027618,
        "var": 0.173996195197
    },
    "spectral_flux": {
        "dmean": 0.0148335816339,
        "dmean2": 0.0238994713873,
        "dvar": 0.000287501548883,
        "dvar2": 0.000677061325405,
        "max": 0.180017113686,
        "mean": 0.0553154312074,
        "median": 0.0492212213576,
        "min": 1.02613598174e-10,
        "var": 0.00116055004764
    },
    "spectral_kurtosis": {
        "dmean": 2.54579234123,
        "dmean2": 4.47085571289,
        "dvar": 7.45301580429,
        "dvar2": 21.9995708466,
        "max": 26.0756893158,
        "mean": 4.09310150146,
        "median": 3.32237100601,
        "min": -1.19553804398,
        "var": 12.6869440079
    },
    "spectral_rms": {
        "dmean": 0.000412529421737,
        "dmean2": 0.00062845350476,
        "dvar": 2.17361844079e-07,
        "dvar2": 4.80603773667e-07,
        "max": 0.00784361921251,
        "mean": 0.00396357337013,
        "median": 0.00416662916541,
        "min": 3.20511043921e-12,
        "var": 2.58693717115e-06
    },
    "spectral_rolloff": {
        "dmean": 434.772857666,
        "dmean2": 674.481079102,
        "dvar": 671968.3125,
        "dvar2": 1246744.875,
        "max": 18432.421875,
        "mean": 1764.80297852,
        "median": 1227.39257812,
        "min": 172.265625,
        "var": 2792921.5
    },
    "spectral_skewness": {
        "dmean": 0.293599426746,
        "dmean2": 0.483183503151,
        "dvar": 0.0746570155025,
        "dvar2": 0.195706710219,
        "max": 3.70782899857,
        "mean": 1.28580653667,
        "median": 1.26632797718,
        "min": -0.591162383556,
        "var": 0.274491280317
    },
    "spectral_spread": {
        "dmean": 393263.65625,
        "dmean2": 532955.8125,
        "dvar": 1.01931620762e+12,
        "dvar2": 1.11910099354e+12,
        "max": 39465300,
        "mean": 3481270.75,
        "median": 3262575,
        "min": 1718825.625,
        "var": 1.98000757965e+12
    },
    "spectral_strongpeak": {
        "dmean": 0.541162312031,
        "dmean2": 0.913480579853,
        "dvar": 1.1624058485,
        "dvar2": 2.79546284676,
        "max": 13.9529161453,
        "mean": 1.40841531754,
        "median": 0.759728968143,
        "min": 0,
        "var": 3.99942588806
    },
    "zerocrossingrate": {
        "dmean": 0.00925154332072,
        "dmean2": 0.0101648829877,
        "dvar": 0.000208034776733,
        "dvar2": 0.000217330554733,
        "max": 0.49853515625,
        "mean": 0.0626115873456,
        "median": 0.048828125,
        "min": 0.00927734375,
        "var": 0.00201311544515
    },
    "barkbands": {
        "dmean": [9.47851913224e-06, 0.000190942912013, 0.00059186888393, 0.000836218765471, 0.00103971583303, 0.00111478508916, 0.000649723981041, 0.000527361873537, 0.000589692906942, 0.000280825624941, 0.000197134781047, 0.00014441460371, 0.000119923002785, 0.000157893606229, 0.00022940528288, 0.000343752733897, 0.000329467729898, 0.000253132806392, 0.000123322548461, 0.000107647254481, 8.7220025307e-05, 9.58723467193e-05, 9.93506982923e-05, 6.20334612904e-05, 1.33806315716e-05, 9.93722348852e-09, 9.77922742784e-10],
        "dmean2": [1.69071245182e-05, 0.000270501885097, 0.000939798599575, 0.00139058625791, 0.00167827971745, 0.00172520847991, 0.000965270737652, 0.000808214128483, 0.000863317516632, 0.000407574814744, 0.000303987297229, 0.000220347690629, 0.000179572496563, 0.000247960124398, 0.00036394680501, 0.000551664503291, 0.000524809351191, 0.000406892911997, 0.000192503342987, 0.000157321206643, 0.000126669852762, 0.000138378032716, 0.000145881742355, 8.98321595741e-05, 2.04547377507e-05, 1.61277391442e-08, 1.77899572851e-09],
        "dvar": [1.85197024383e-10, 1.19495737749e-07, 1.48369349517e-06, 3.20620915772e-06, 2.42615374191e-06, 5.58109150006e-06, 2.11497035707e-06, 3.86484180126e-06, 2.73525165539e-06, 7.99364784143e-07, 3.89252761579e-07, 1.50000985855e-07, 9.11009365723e-08, 1.2383208059e-07, 5.78282197239e-07, 1.01901764538e-06, 6.74658735988e-07, 3.34980001071e-07, 7.14282748504e-08, 8.19824990117e-08, 5.06366077957e-08, 6.58424639255e-08, 6.41860182782e-08, 3.17161017449e-08, 2.2547608225e-09, 1.05427141626e-15, 1.09849742511e-17],
        "dvar2": [5.50093970375e-10, 1.98352410052e-07, 3.1827728435e-06, 8.47328647069e-06, 6.42348595647e-06, 1.43967963595e-05, 4.74842954645e-06, 9.503709407e-06, 5.86354690313e-06, 1.74435706413e-06, 7.60859791171e-07, 3.32092582767e-07, 1.84292147765e-07, 2.7072701414e-07, 1.51482515776e-06, 2.40496183324e-06, 1.72641603058e-06, 7.72445787334e-07, 1.75469239139e-07, 1.56018089115e-07, 1.00127145686e-07, 1.4077440369e-07, 1.47656848526e-07, 6.76025493362e-08, 5.41624967099e-09, 2.84481224588e-15, 2.40563643593e-17],
        "max": [0.000101435711258, 0.00719075882807, 0.020947875455, 0.027570322156, 0.0207372028381, 0.032154198736, 0.0301545094699, 0.0322968997061, 0.0335579775274, 0.0211541391909, 0.0134742697701, 0.0115766879171, 0.00875039771199, 0.00623180484399, 0.0137629685923, 0.0195911880583, 0.020540125668, 0.00912719033659, 0.00396355893463, 0.0057036569342, 0.00384488375857, 0.00421091867611, 0.00356720830314, 0.00198452430777, 0.000806986936368, 5.04059983086e-07, 7.49188231453e-08],
        "mean": [8.67285416462e-06, 0.000431356893387, 0.00147438875865, 0.00145074678585, 0.00255470513366, 0.00289013143629, 0.00151100475341, 0.00122931413352, 0.00178511673585, 0.000530640594661, 0.000373324641259, 0.000274819904007, 0.000260608474491, 0.000285429297946, 0.000372852402506, 0.000689780106768, 0.000952443399001, 0.000563861452974, 0.000254553015111, 0.000216535947402, 0.000171602587216, 0.000177945941687, 0.000182224961463, 9.54065180849e-05, 1.6756961486e-05, 1.11965761107e-08, 7.54640350209e-10],
        "median": [3.45554235537e-06, 0.000162916607223, 0.000806968775578, 0.000675230228808, 0.00186194898561, 0.00131798209623, 0.000443394557806, 0.000332798663294, 0.00051490124315, 0.000229778815992, 0.000139693176607, 0.000127559425891, 0.000108071326395, 0.000144167395774, 0.000131351189339, 0.000224467497901, 0.000208660552744, 0.000142636650708, 0.000105210165202, 6.85692866682e-05, 4.35933761764e-05, 4.17275296059e-05, 2.85671485472e-05, 9.93676167127e-06, 1.3043254512e-06, 1.4307930396e-09, 2.35502922719e-10],
        "min": [8.96413759277e-23, 7.87368001735e-23, 8.30568533483e-24, 2.22282307088e-23, 7.00641517339e-23, 3.08631258432e-23, 3.8143071909e-23, 6.79613704159e-23, 8.76100717185e-23, 4.8172870339e-23, 5.71397197201e-23, 6.4831056748e-23, 1.11842654415e-22, 9.16298923213e-23, 1.25078440362e-22, 1.43848722958e-22, 1.97783521701e-22, 1.7577923756e-22, 2.72165569864e-22, 3.76981026092e-22, 4.40620947049e-22, 4.2543356971e-22, 5.6828827744e-22, 6.80094328709e-22, 1.28188528898e-21, 1.91370981212e-21, 2.41628201292e-21],
        "var": [1.77434927862e-10, 5.54826101506e-07, 3.93727850678e-06, 5.19371951668e-06, 7.24529627405e-06, 1.52627162606e-05, 7.90324975242e-06, 1.20405984489e-05, 2.14198389585e-05, 1.37793642807e-06, 1.00840895811e-06, 4.40957478531e-07, 3.98219754061e-07, 2.59438792227e-07, 8.9436809958e-07, 2.16441389966e-06, 5.26212625118e-06, 1.10846190182e-06, 1.82304958685e-07, 2.28502571531e-07, 1.50372699181e-07, 1.73030443307e-07, 1.6465793351e-07, 7.01718647633e-08, 2.83597634265e-09, 1.22711590069e-15, 8.44854318957e-18]
    },
    "erbbands": {
        "dmean": [0.00142482912634, 0.0585442185402, 0.477245718241, 2.21648645401, 2.75251221657, 3.42011976242, 7.01037931442, 8.8359670639, 9.39381217957, 8.31095695496, 12.0835132599, 11.8481826782, 9.10082149506, 6.61426258087, 6.24962472916, 4.58206987381, 5.30465459824, 5.91163301468, 7.98085451126, 17.2952251434, 16.4083194733, 18.9188995361, 14.5619392395, 6.18507671356, 6.99481153488, 4.34780168533, 3.60813879967, 3.30066490173, 3.41647076607, 3.56260514259, 2.53600764275, 1.63144946098, 0.882504820824, 0.284681648016, 0.0172474142164, 0.000772153434809, 4.84780030092e-05, 8.02033355285e-06, 3.53331120095e-06, 4.86449653181e-06],
        "dmean2": [0.0022004803177, 0.0845668017864, 0.756977140903, 3.59954953194, 4.60008239746, 5.43788671494, 10.8917646408, 13.4452905655, 13.9108772278, 12.8300457001, 18.0896644592, 17.1314926147, 12.0893230438, 9.74140644073, 9.1727437973, 6.81483840942, 7.7932972908, 9.2985200882, 12.4279842377, 27.2043609619, 25.9101772308, 30.0032310486, 23.2164726257, 9.25938606262, 10.4144001007, 6.35399484634, 5.42616701126, 4.75152206421, 4.96709060669, 5.16033220291, 3.69099116325, 2.44051384926, 1.28365397453, 0.42598387599, 0.0250982213765, 0.00111096247565, 6.9564091973e-05, 1.13900359793e-05, 5.21697302247e-06, 7.5281500358e-06],
        "dvar": [5.82839720664e-06, 0.0109565304592, 0.79042416811, 23.5781650543, 18.9482116699, 34.337638855, 275.283721924, 429.005126953, 485.554016113, 874.921508789, 1507.18469238, 1213.60083008, 761.559509277, 548.790222168, 234.521270752, 136.709457397, 141.754669189, 180.704315186, 370.338684082, 3951.37133789, 1433.94995117, 2235.91162109, 1120.04663086, 154.92024231, 285.816162109, 91.683555603, 101.837089539, 82.3503570557, 89.818031311, 74.006980896, 45.4018516541, 21.4411067963, 6.82357931137, 0.891233325005, 0.00423430744559, 7.8134735304e-06, 2.20877058865e-08, 4.73456884809e-10, 3.96409814696e-11, 4.09760385345e-11],
        "dvar2": [1.02526100818e-05, 0.0195884201676, 1.81652379036, 54.7508010864, 54.9149627686, 91.5955963135, 697.610473633, 1090.38708496, 1071.08203125, 2022.62158203, 3497.16455078, 2581.91796875, 1299.76318359, 1088.35571289, 410.282470703, 264.196533203, 256.700134277, 416.797912598, 896.256225586, 9864.60058594, 3206.23681641, 5385.92626953, 2547.57714844, 352.661132812, 606.03717041, 192.731002808, 231.870788574, 172.704208374, 191.243667603, 159.612731934, 102.725921631, 48.3582191467, 13.7916507721, 2.01511907578, 0.00976077187806, 1.78066002263e-05, 4.73225796327e-08, 9.64062718545e-10, 8.17569553724e-11, 9.28056589911e-11],
        "max": [0.0429602339864, 2.05922198296, 12.9064235687, 87.1270065308, 75.7456436157, 86.6997146606, 315.733886719, 362.940643311, 528.846679688, 662.12487793, 614.676879883, 871.06842041, 737.014282227, 654.693359375, 381.372009277, 423.317230225, 483.671966553, 287.005310059, 305.25177002, 1042.86425781, 548.683959961, 1460.50708008, 505.296264648, 213.533706665, 349.816314697, 135.48109436, 166.504058838, 153.050201416, 150.898239136, 163.582077026, 104.743003845, 54.8853034973, 37.974357605, 15.1347608566, 0.943023562431, 0.040337421, 0.00210539111868, 0.000271301425528, 7.41779876989e-05, 7.74715808802e-05],
        "mean": [0.00333683285862, 0.140918835998, 1.22306001186, 4.32907676697, 5.50932598114, 7.612408638, 19.6552581787, 23.4918746948, 24.3264770508, 18.8685321808, 33.2651557922, 37.4576148987, 21.6443367004, 14.5614347458, 13.6294250488, 10.5603704453, 13.2108078003, 11.2746047974, 14.6919975281, 29.8883495331, 40.8157234192, 62.1167068481, 36.3635749817, 15.329744339, 15.011267662, 9.2076625824, 6.92429304123, 6.11015701294, 6.27603530884, 6.86966609955, 4.58773183823, 2.40496826172, 1.43346488476, 0.396838575602, 0.0204613693058, 0.000990106491372, 8.24088710942e-05, 1.64291232068e-05, 1.40917827594e-05, 2.39583569055e-05],
        "median": [0.00158061634284, 0.0625923648477, 0.716129124165, 1.88435089588, 3.68941473961, 5.61017036438, 9.1446390152, 11.037405014, 5.94458436966, 8.12001514435, 9.93360137939, 10.1694192886, 11.5594711304, 7.35813331604, 6.90156841278, 5.21721315384, 5.77671098709, 6.00543737411, 7.85667705536, 10.6752538681, 11.9794406891, 13.9675626755, 9.94088554382, 5.97760772705, 5.39925050735, 3.25731563568, 2.05061674118, 1.38550329208, 1.52598655224, 1.34723305702, 0.764442145824, 0.312240242958, 0.1282094419, 0.0347640812397, 0.00110359920654, 8.77982747625e-05, 1.89367383427e-05, 4.7958515097e-06, 1.12582074507e-05, 2.27608816203e-05],
        "min": [2.80325228999e-21, 1.63806188963e-20, 1.36467675848e-20, 4.08592842907e-20, 1.15811851504e-19, 2.48122673354e-19, 3.69361708556e-19, 2.50482981534e-19, 5.02354851014e-19, 8.69167680061e-19, 1.97274014775e-18, 1.92934956153e-18, 1.0755061261e-18, 1.62926477212e-18, 2.74329962698e-18, 3.13484846507e-18, 4.71193592492e-18, 3.91641110081e-18, 8.00727211127e-18, 7.2203305268e-18, 6.88930566696e-18, 1.19176501703e-17, 8.19646734252e-18, 1.10982533273e-17, 1.61559805268e-17, 1.92385104385e-17, 1.71400756472e-17, 1.81042423322e-17, 1.76637239883e-17, 1.4907776563e-17, 1.54411045716e-17, 1.31798475485e-17, 1.25525882182e-17, 1.23503334595e-17, 1.06489213739e-17, 6.38219638858e-18, 3.7615947366e-18, 1.3379817014e-18, 3.39094032569e-19, 3.46145973473e-20],
        "var": [2.26332103921e-05, 0.0487655960023, 2.09945845604, 46.9242248535, 37.3632698059, 69.2455596924, 792.410827637, 1030.17736816, 2288.4284668, 1832.03796387, 5858.62890625, 11114.2773438, 2204.00317383, 1534.20422363, 734.499267578, 694.837768555, 897.922302246, 368.54864502, 671.273681641, 5921.74951172, 5878.08398438, 24109.4003906, 4128.67529297, 685.516723633, 862.694763184, 277.983673096, 233.425628662, 206.144226074, 232.780731201, 225.659896851, 108.678108215, 41.2592124939, 17.0062007904, 1.38531422615, 0.00541826244444, 1.08341801024e-05, 4.15350740468e-08, 1.129833338e-09, 1.52659149211e-10, 2.5499982681e-10]
    },
    "gfcc": {
        "mean": [-58.039352417, 135.692749023, -163.057342529, 54.4335899353, -76.8810806274, -2.35564160347, -40.3498497009, -12.7451057434, -4.74747180939, -31.9567203522, -2.21232795715, -21.6938705444, 0.799888491631],
        "cov": [[11227.7802734, -868.190551758, -754.963256836, 288.761077881, -883.194091797, 400.405273438, -620.523193359, 309.72845459, 68.3998718262, -113.751441956, 18.4697647095, 22.472076416, -66.2320251465], [-868.190551758, 1482.12304688, -145.838226318, -390.759124756, 434.070922852, -279.233306885, 270.539489746, -219.558303833, 68.5668334961, -81.1619644165, 136.878067017, -50.9538154602, 73.6234664917], [-754.963256836, -145.838226318, 345.37689209, 81.6818084717, -33.6263923645, 98.8554534912, 8.12719154358, 0.444177091122, -62.8059272766, 68.6933364868, -8.44145870209, 2.84605312347, 7.74846887589], [288.761077881, -390.759124756, 81.6818084717, 331.210266113, -91.3911514282, 67.3277816772, -33.9858894348, 36.1366958618, -27.2998695374, -4.14072942734, -41.713809967, 30.6994991302, 1.69841599464], [-883.194091797, 434.070922852, -33.6263923645, -91.3911514282, 291.684692383, -95.6655731201, 104.118865967, -52.3473777771, 2.70839047432, -30.4130096436, 48.9372444153, 3.89501881599, 34.6659164429], [400.405273438, -279.233306885, 98.8554534912, 67.3277816772, -95.6655731201, 278.203796387, 21.4760131836, 36.9097938538, -51.5515937805, 57.1886329651, -15.3039970398, -30.4595413208, -36.5915527344], [-620.523193359, 270.539489746, 8.12719154358, -33.9858894348, 104.118865967, 21.4760131836, 248.000152588, -52.1891021729, 4.03935527802, 11.2598791122, 7.48481082916, -33.7055740356, -16.0980491638], [309.72845459, -219.558303833, 0.444177091122, 36.1366958618, -52.3473777771, 36.9097938538, -52.1891021729, 126.503944397, 18.2625255585, -0.676931738853, -25.1746883392, -1.01765835285, -27.5229225159], [68.3998718262, 68.5668334961, -62.8059272766, -27.2998695374, 2.70839047432, -51.5515937805, 4.03935527802, 18.2625255585, 146.012557983, 9.57043457031, -19.0759067535, 2.2976026535, -22.1917228699], [-113.751441956, -81.1619644165, 68.6933364868, -4.14072942734, -30.4130096436, 57.1886329651, 11.2598791122, -0.676931738853, 9.57043457031, 120.571395874, 12.1002492905, -14.468747139, -3.49955224991], [18.4697647095, 136.878067017, -8.44145870209, -41.713809967, 48.9372444153, -15.3039970398, 7.48481082916, -25.1746883392, -19.0759067535, 12.1002492905, 104.396896362, 32.0876579285, 13.5512151718], [22.472076416, -50.9538154602, 2.84605312347, 30.6994991302, 3.89501881599, -30.4595413208, -33.7055740356, -1.01765835285, 2.2976026535, -14.468747139, 32.0876579285, 82.8855514526, 22.8688678741], [-66.2320251465, 73.6234664917, 7.74846887589, 1.69841599464, 34.6659164429, -36.5915527344, -16.0980491638, -27.5229225159, -22.1917228699, -3.49955224991, 13.5512151718, 22.8688678741, 80.3281936646]],
        "icov": [[0.000271501368843, -0.000540929788258, 0.000821327615995, -0.000495678104926, 0.00100431381725, -0.000719470612239, 0.000646474363748, -0.000635223113932, 0.000162453041412, -9.74930007942e-05, -0.000115085444122, -0.000267044466455, -6.22782026767e-05], [-0.000540929788258, 0.00479010632262, -0.00223433016799, 0.00314988498576, -0.00407416978851, 0.00274496921338, -0.00323378923349, 0.00419683987275, -0.0028403326869, 0.00315442099236, -0.00354582536966, 0.00455693714321, -0.00223525194451], [0.000821327615995, -0.00223433016799, 0.00661376211792, -0.00248104589991, 0.0030467598699, -0.003025875194, 0.00217455090024, -0.00226969202049, 0.00259769055992, -0.00323252053931, 0.00135130318813, -0.00250876671635, 0.000167532998603], [-0.000495678104926, 0.00314988498576, -0.00248104589991, 0.00621742894873, -0.00222740089521, 0.00148635660298, -0.00257821101695, 0.0023003409151, -0.00123580638319, 0.0023914615158, -0.000190233244211, 0.000454072869616, -0.00161240564194], [0.00100431381725, -0.00407416978851, 0.0030467598699, -0.00222740089521, 0.0106231970713, -0.0019617585931, 0.000976655283011, -0.00415252009407, 0.00178380426951, -0.000545498274732, -0.000492915918585, -0.00257996516302, -0.00110308919102], [-0.000719470612239, 0.00274496921338, -0.003025875194, 0.00148635660298, -0.0019617585931, 0.00823587737978, -0.00355450622737, 0.00128064129967, 0.000876889622305, -0.000639625359327, -0.00131781527307, 0.00322471978143, 0.000994731206447], [0.000646474363748, -0.00323378923349, 0.00217455090024, -0.00257821101695, 0.000976655283011, -0.00355450622737, 0.00858071353287, -0.000625353946816, 0.00110175134614, -0.00209532561712, 0.00192552129738, -0.00112717738375, 0.00301550817676], [-0.000635223113932, 0.00419683987275, -0.00226969202049, 0.0023003409151, -0.00415252009407, 0.00128064129967, -0.000625353946816, 0.0143737727776, -0.003663335694, 0.00292469840497, -0.00119850155897, 0.00326618575491, 0.00136267382186], [0.000162453041412, -0.0028403326869, 0.00259769055992, -0.00123580638319, 0.00178380426951, 0.000876889622305, 0.00110175134614, -0.003663335694, 0.011574594304, -0.00536858243868, 0.00555486604571, -0.00548428157344, 0.00469601107761], [-9.74930007942e-05, 0.00315442099236, -0.00323252053931, 0.0023914615158, -0.000545498274732, -0.000639625359327, -0.00209532561712, 0.00292469840497, -0.00536858243868, 0.0143654206768, -0.0065279523842, 0.00638582510874, -0.0037580919452], [-0.000115085444122, -0.00354582536966, 0.00135130318813, -0.000190233244211, -0.000492915918585, -0.00131781527307, 0.00192552129738, -0.00119850155897, 0.00555486604571, -0.0065279523842, 0.0186619013548, -0.0114316204563, 0.0039727948606], [-0.000267044466455, 0.00455693714321, -0.00250876671635, 0.000454072869616, -0.00257996516302, 0.00322471978143, -0.00112717738375, 0.00326618575491, -0.00548428157344, 0.00638582510874, -0.0114316204563, 0.0232634562999, -0.00662018125877], [-6.22782026767e-05, -0.00223525194451, 0.000167532998603, -0.00161240564194, -0.00110308919102, 0.000994731206447, 0.00301550817676, 0.00136267382186, 0.00469601107761, -0.0037580919452, 0.0039727948606, -0.00662018125877, 0.0188127011061]]
    },
    "melbands": {
        "dmean": [3.15518082061e-05, 0.000192675666767, 0.000354576477548, 0.000226560383453, 0.00021694341558, 0.000202618321055, 0.000136855160235, 9.65105791693e-05, 0.000106475497887, 7.19658783055e-05, 4.67459685751e-05, 3.00131177937e-05, 2.54621954809e-05, 1.296438586e-05, 1.72065701918e-05, 1.18161624414e-05, 1.16438886835e-05, 1.48456156239e-05, 1.80160495802e-05, 2.37881886278e-05, 2.08778910746e-05, 2.26611937251e-05, 1.53586352099e-05, 1.21029052025e-05, 4.74980151921e-06, 5.30464376425e-06, 5.32960893906e-06, 2.53556845564e-06, 2.3661762043e-06, 2.446844519e-06, 1.85788644558e-06, 1.83391659903e-06, 2.30242426369e-06, 2.10566986425e-06, 1.54550230036e-06, 1.39760368256e-06, 8.72725252066e-07, 6.68607754051e-07, 5.03823400777e-07, 1.59784818266e-07],
        "dmean2": [4.51283740404e-05, 0.000297527178191, 0.000584748166148, 0.000375129893655, 0.000335019518388, 0.000309908413328, 0.000205432559596, 0.000150851701619, 0.000159450180945, 0.000104014747194, 6.27335975878e-05, 4.34335925092e-05, 3.86495376006e-05, 1.96654709725e-05, 2.49883214565e-05, 1.83591728273e-05, 1.81871873792e-05, 2.30757195823e-05, 2.83726403723e-05, 3.85322637158e-05, 3.24514730892e-05, 3.64223233191e-05, 2.44506936724e-05, 1.90737628145e-05, 7.21404239812e-06, 8.28888005344e-06, 7.71981103753e-06, 3.89502929465e-06, 3.72431895812e-06, 3.6386290958e-06, 2.78756169791e-06, 2.74206740869e-06, 3.38247400578e-06, 3.17413218909e-06, 2.33887317336e-06, 2.14055648939e-06, 1.3232515812e-06, 9.85142833088e-07, 7.6041351349e-07, 2.42035355313e-07],
        "dvar": [3.19071724597e-09, 1.23914503547e-07, 5.0476000979e-07, 1.37900428854e-07, 2.0377707699e-07, 1.95634598299e-07, 9.97328513108e-08, 1.27653038362e-07, 1.05439461606e-07, 4.29186997053e-08, 1.90450712978e-08, 1.06862110272e-08, 4.89240870039e-09, 6.74233724407e-10, 2.21654894439e-09, 1.2402664451e-09, 7.93359378193e-10, 1.2813914374e-09, 4.25137169913e-09, 8.04357913609e-09, 2.7850961537e-09, 3.45295481097e-09, 1.16507226089e-09, 7.25860649364e-10, 9.65767812944e-11, 1.55276264069e-10, 2.28939672775e-10, 3.69957918467e-11, 5.39774440422e-11, 4.18441427341e-11, 3.15710652066e-11, 3.14050660477e-11, 3.62471268278e-11, 2.76639215008e-11, 1.8029525789e-11, 1.56347816638e-11, 6.72655897996e-12, 4.12294764301e-12, 2.65452763937e-12, 3.37533088502e-13],
        "dvar2": [5.22119947277e-09, 2.78601902437e-07, 1.22497044686e-06, 3.80002575184e-07, 5.0654153938e-07, 5.00487374211e-07, 2.25896584993e-07, 3.15118512617e-07, 2.48588804652e-07, 9.03942876107e-08, 3.34509664413e-08, 2.21145270984e-08, 8.71826344451e-09, 1.52818047106e-09, 4.46325909564e-09, 2.62985100363e-09, 1.7848085232e-09, 2.89980084389e-09, 1.09189643993e-08, 1.97794349788e-08, 6.1869247503e-09, 8.46719494518e-09, 2.67669886256e-09, 1.69742808698e-09, 2.19588680572e-10, 4.0147787872e-10, 4.14353856781e-10, 8.01064700684e-11, 1.35391073353e-10, 8.94178481259e-11, 7.30814367356e-11, 6.99308874696e-11, 8.02947083822e-11, 6.47717157687e-11, 4.32267624473e-11, 3.55426521548e-11, 1.54374291128e-11, 8.70806118186e-12, 5.66842840027e-12, 8.07956620445e-13],
        "max": [0.001150283264, 0.00494409445673, 0.0125626279041, 0.00572026195005, 0.00830959249288, 0.00718088913709, 0.00739380950108, 0.00705938832834, 0.00521373702213, 0.00478367926553, 0.00355999055319, 0.00305035617203, 0.00171047961339, 0.00054034346249, 0.0017507794546, 0.00114483968355, 0.000615701486822, 0.000585413305089, 0.00122470373753, 0.00198380765505, 0.000880330684595, 0.0016768083442, 0.000653257768136, 0.000335297139827, 0.000173470485606, 0.00018337086658, 0.000337464967743, 8.43314846861e-05, 0.000123035672004, 0.000123453981359, 9.61160912993e-05, 9.17108118301e-05, 0.000125206090161, 8.47873961902e-05, 7.01998433215e-05, 5.51548437215e-05, 2.81917054963e-05, 3.34365868184e-05, 2.21070185944e-05, 9.50751200435e-06],
        "mean": [7.18404044164e-05, 0.000508570927195, 0.000738064118195, 0.000476292363601, 0.000630170456134, 0.000548047246411, 0.000337459117873, 0.000225971190957, 0.000303498905851, 0.000218197499635, 0.000106172665255, 6.22112711426e-05, 5.10907739226e-05, 2.60986817011e-05, 3.62779537681e-05, 2.43721897277e-05, 2.04640800803e-05, 2.45004484896e-05, 2.96689286188e-05, 4.00842218369e-05, 4.81759016111e-05, 6.88228974468e-05, 3.93382833863e-05, 2.54214155575e-05, 1.05947501652e-05, 1.04154059954e-05, 1.0940597349e-05, 4.7421299314e-06, 3.94640346713e-06, 4.6694926823e-06, 3.00387773677e-06, 3.16260275213e-06, 4.07917696066e-06, 3.87657883039e-06, 2.74182343674e-06, 2.06707750294e-06, 1.21442656109e-06, 1.04942853341e-06, 7.47324406802e-07, 1.91292599538e-07],
        "median": [2.80055810435e-05, 0.000297498743748, 0.000390874629375, 0.000334141281201, 0.0003152457939, 0.000261237786617, 7.91484344518e-05, 8.19344932097e-05, 8.28633928904e-05, 6.21756771579e-05, 5.51976590941e-05, 3.05845969706e-05, 2.26798820222e-05, 1.18302823466e-05, 1.25386932268e-05, 1.09576703835e-05, 1.0590742022e-05, 1.19451015053e-05, 9.5935220088e-06, 1.51758940774e-05, 1.11774570541e-05, 1.49582547238e-05, 8.86180805537e-06, 7.09840514901e-06, 4.20135529566e-06, 4.13728275817e-06, 2.97016117656e-06, 1.5804114355e-06, 1.18735738397e-06, 9.0593692903e-07, 5.86447299611e-07, 6.49857497592e-07, 8.83477753177e-07, 5.59766988317e-07, 4.03108685987e-07, 2.72183029892e-07, 1.13133680202e-07, 8.19435541644e-08, 6.79015599303e-08, 1.03285131559e-08],
        "min": [2.8336811416e-23, 1.21563386608e-23, 9.57811008634e-24, 1.20223719353e-23, 1.36353613503e-23, 5.29209468192e-24, 7.59109252839e-24, 1.14359587708e-23, 1.79870983344e-23, 1.05475451971e-23, 5.13889039995e-24, 6.48335629591e-24, 8.05538923593e-24, 8.93291968462e-24, 6.71374115112e-24, 1.25640835078e-23, 5.50578842367e-24, 1.45217128416e-23, 7.70538427406e-24, 9.33363893637e-24, 7.44806652425e-24, 1.16162071768e-23, 1.11072222878e-23, 7.24766508874e-24, 8.19396922001e-24, 1.31164596909e-23, 8.97461887207e-24, 1.37636900869e-23, 1.23252787457e-23, 8.53120883472e-24, 1.13149277864e-23, 1.05234999278e-23, 7.65491531993e-24, 8.96544441974e-24, 1.00096761661e-23, 6.03531564504e-24, 9.25865139644e-24, 8.23720431964e-24, 9.67444025806e-24, 1.0080138011e-23],
        "var": [1.4319444297e-08, 3.72229493451e-07, 1.01062414615e-06, 2.5320409236e-07, 6.82886081904e-07, 5.17302396474e-07, 4.24817983458e-07, 3.26848322629e-07, 5.08687946876e-07, 3.41592112818e-07, 5.57545973834e-08, 2.6186418367e-08, 1.38634446145e-08, 2.10417971935e-09, 1.04413970803e-08, 3.54476847875e-09, 1.4718368746e-09, 2.23807439248e-09, 6.50221831933e-09, 1.02608348485e-08, 1.22689058912e-08, 3.22639976957e-08, 4.99964114553e-09, 2.04211758614e-09, 3.91002175082e-10, 3.71154940115e-10, 7.8163769901e-10, 8.19623952042e-11, 8.60507984313e-11, 1.21057261437e-10, 5.85037157608e-11, 7.04735853008e-11, 8.9965319916e-11, 7.60434423763e-11, 4.01213819112e-11, 2.97604961508e-11, 1.18837639382e-11, 9.92782592246e-12, 4.62024168923e-12, 4.3180747606e-13]
    },
    "mfcc": {
        "mean": [-667.500854492, 128.506027222, -14.6394987106, 30.2585906982, -3.73048305511, -2.78784799576, -17.9241485596, 5.76066064835, -8.30753707886, -2.61953520775, -10.2912597656, -5.11880493164, -7.44584798813],
        "cov": [[8302.12109375, -961.42388916, -217.65447998, -134.255554199, -134.638366699, -90.8675689697, -446.67364502, 314.863311768, -168.229949951, 110.463478088, 58.4130821228, 42.6600036621, 172.39906311], [-961.42388916, 1767.16638184, -488.034637451, 14.3069105148, 13.0257167816, -2.0745780468, 110.011955261, -66.1386795044, -39.8456497192, 7.93844795227, -3.01751828194, -29.8348922729, -11.0566778183], [-217.65447998, -488.034637451, 466.56161499, -28.9624595642, -10.7575321198, 76.6907348633, 52.2844238281, -41.7539405823, 28.709405899, -8.15501117706, 6.30218315125, 24.4068889618, -18.6141414642], [-134.255554199, 14.3069105148, -28.9624595642, 236.131408691, 13.7799797058, -5.91103553772, -17.2388420105, 23.2159194946, 12.8693151474, -28.5603122711, -39.3952941895, 8.96217441559, -6.37246370316], [-134.638366699, 13.0257167816, -10.7575321198, 13.7799797058, 163.960845947, -53.6890335083, -9.1917886734, 4.10193061829, -13.4685325623, -22.8674545288, -30.7696971893, -12.2360630035, 26.6832618713], [-90.8675689697, -2.0745780468, 76.6907348633, -5.91103553772, -53.6890335083, 199.317184448, 95.4751052856, -14.7885017395, 22.6951828003, 36.581237793, 23.3610744476, 21.2116889954, -25.8229312897], [-446.67364502, 110.011955261, 52.2844238281, -17.2388420105, -9.1917886734, 95.4751052856, 244.48550415, -23.4237575531, -1.82797074318, 7.33518218994, -9.22033119202, 11.7035570145, -35.1942634583], [314.863311768, -66.1386795044, -41.7539405823, 23.2159194946, 4.10193061829, -14.7885017395, -23.4237575531, 144.790328979, -3.16075205803, 1.21737098694, 1.59839963913, 11.7775964737, 0.290661275387], [-168.229949951, -39.8456497192, 28.709405899, 12.8693151474, -13.4685325623, 22.6951828003, -1.82797074318, -3.16075205803, 116.952682495, 21.9238300323, 24.0901527405, 6.12806749344, -11.7722578049], [110.463478088, 7.93844795227, -8.15501117706, -28.5603122711, -22.8674545288, 36.581237793, 7.33518218994, 1.21737098694, 21.9238300323, 102.44670105, 26.5475597382, 2.69880437851, 10.1189594269], [58.4130821228, -3.01751828194, 6.30218315125, -39.3952941895, -30.7696971893, 23.3610744476, -9.22033119202, 1.59839963913, 24.0901527405, 26.5475597382, 110.964889526, 26.0124607086, 6.87030029297], [42.6600036621, -29.8348922729, 24.4068889618, 8.96217441559, -12.2360630035, 21.2116889954, 11.7035570145, 11.7775964737, 6.12806749344, 2.69880437851, 26.0124607086, 94.2392044067, 1.9606616497], [172.39906311, -11.0566778183, -18.6141414642, -6.37246370316, 26.6832618713, -25.8229312897, -35.1942634583, 0.290661275387, -11.7722578049, 10.1189594269, 6.87030029297, 1.9606616497, 89.2493362427]],
