{
"lowlevel": {
    "average_loudness": 0.830861330032,
    "barkbands_crest": {
        "dmean": 1.56260681152,
        "dmean2": 2.11839294434,
        "dvar": 2.70331048965,
        "dvar2": 4.49723958969,
        "max": 24.6487007141,
        "mean": 13.0839557648,
        "median": 11.7199754715,
        "min": 4.40809679031,
        "var": 27.5152435303
    },
    "barkbands_flatness_db": {
        "dmean": 0.0162479616702,
        "dmean2": 0.0255458243191,
        "dvar": 0.000192828782019,
        "dvar2": 0.000452630891232,
        "max": 0.502742826939,
        "mean": 0.376076519489,
        "median": 0.374572813511,
        "min": 0.0310020688921,
        "var": 0.00242224242538
    },
    "barkbands_kurtosis": {
        "dmean": 1.59870421886,
        "dmean2": 2.13035702705,
        "dvar": 6.82682704926,
        "dvar2": 9.67332839966,
        "max": 52.5544471741,
        "mean": 4.69331932068,
        "median": 2.22473669052,
        "min": -1.51935040951,
        "var": 50.7842521667
    },
    "barkbands_skewness": {
        "dmean": 0.285339742899,
        "dmean2": 0.397702097893,
        "dvar": 0.107743889093,
        "dvar2": 0.18020825088,
        "max": 3.97064185143,
        "mean": 1.04042994976,
        "median": 0.932768344879,
        "min": -1.99360287189,
        "var": 0.583011806011
    },
    "barkbands_spread": {
        "dmean": 0.693350195885,
        "dmean2": 0.915198087692,
        "dvar": 4.35155248642,
        "dvar2": 7.43966197968,
        "max": 81.9682388306,
        "mean": 4.16941833496,
        "median": 4.09074735641,
        "min": 0.359797030687,
        "var": 11.6666145325
    },
    "dissonance": {
        "dmean": 0.0389965474606,
        "dmean2": 0.0645403787494,
        "dvar": 0.00116494135,
        "dvar2": 0.00311597064137,
        "max": 0.498469293118,
        "mean": 0.346773803234,
        "median": 0.348769456148,
        "min": 0.173232644796,
        "var": 0.00299765844829
    },
    "dynamic_complexity": 3.70541214943,
    "erbbands_crest": {
        "dmean": 1.8019092083,
        "dmean2": 2.67321801186,
        "dvar": 4.14163732529,
        "dvar2": 7.93133354187,
        "max": 27.0810451508,
        "mean": 14.6646080017,
        "median": 14.0177946091,
        "min": 2.71769213676,
        "var": 27.8713150024
    },
    "erbbands_flatness_db": {
        "dmean": 0.0118047054857,
        "dmean2": 0.0178084671497,
        "dvar": 0.000112668778456,
        "dvar2": 0.000228824428632,
        "max": 0.520174324512,
        "mean": 0.420846939087,
        "median": 0.420303821564,
        "min": 0.0612167678773,
        "var": 0.00196536094882
    },
    "erbbands_kurtosis": {
        "dmean": 0.997910141945,
        "dmean2": 1.37521266937,
        "dvar": 2.93774104118,
        "dvar2": 4.74167585373,
        "max": 30.9814796448,
        "mean": 2.22776460648,
        "median": 0.624760627747,
        "min": -1.55248236656,
        "var": 17.6491241455
    },
    "erbbands_skewness": {
        "dmean": 0.264200627804,
        "dmean2": 0.370708942413,
        "dvar": 0.0929007828236,
        "dvar2": 0.153496071696,
        "max": 4.41870164871,
        "mean": 0.781074047089,
        "median": 0.66048514843,
        "min": -1.49991476536,
        "var": 0.966608166695
    },
    "erbbands_spread": {
        "dmean": 1.07459664345,
        "dmean2": 1.44890642166,
        "dvar": 2.98357653618,
        "dvar2": 3.89599084854,
        "max": 65.1593017578,
        "mean": 8.19901943207,
        "median": 7.89577627182,
        "min": 1.08873319626,
        "var": 21.1661510468
    },
    "hfc": {
        "dmean": 1.96894967556,
        "dmean2": 2.27227401733,
        "dvar": 6.08734035492,
        "dvar2": 8.05936431885,
        "max": 54.650604248,
        "mean": 11.5374698639,
        "median": 9.57782840729,
        "min": 1.184200897e-16,
        "var": 82.1392745972
    },
    "melbands_crest": {
        "dmean": 1.91728413105,
        "dmean2": 2.64044356346,
        "dvar": 4.78752231598,
        "dvar2": 8.42174911499,
        "max": 31.902261734,
        "mean": 16.852098465,
        "median": 14.5803432465,
        "min": 1.74678075314,
        "var": 51.3590011597
    },
    "melbands_flatness_db": {
        "dmean": 0.0155537473038,
        "dmean2": 0.02349492535,
        "dvar": 0.00022462119523,
        "dvar2": 0.000437769049313,
        "max": 0.588911235332,
        "mean": 0.458656668663,
        "median": 0.458765864372,
        "min": 0.000998705043457,
        "var": 0.00279440148734
    },
    "melbands_kurtosis": {
        "dmean": 1.64256072044,
        "dmean2": 2.29383611679,
        "dvar": 7.92235660553,
        "dvar2": 13.7384691238,
        "max": 43.3721618652,
        "mean": 4.89526844025,
        "median": 2.81116247177,
        "min": -1.56432044506,
        "var": 42.296836853
    },
    "melbands_skewness": {
        "dmean": 0.272897452116,
        "dmean2": 0.381137311459,
        "dvar": 0.0953184813261,
        "dvar2": 0.180520266294,
        "max": 4.32674646378,
        "mean": 1.12680971622,
        "median": 1.0248619318,
        "min": -0.599574744701,
        "var": 0.486632496119
    },
    "melbands_spread": {
        "dmean": 1.2101432085,
        "dmean2": 1.60898804665,
        "dvar": 18.9967460632,
        "dvar2": 15.8851499557,
        "max": 134.309020996,
        "mean": 6.92219877243,
        "median": 6.5365319252,
        "min": 0.67696762085,
        "var": 38.7168731689
    },
    "pitch_salience": {
        "dmean": 0.0412423014641,
        "dmean2": 0.0592241473496,
        "dvar": 0.0019283319125,
        "dvar2": 0.00381258665584,
        "max": 0.989131808281,
        "mean": 0.480980545282,
        "median": 0.492379903793,
        "min": 0.157582044601,
        "var": 0.012109361589
    },
    "silence_rate_20dB": {
        "dmean": 0,
        "dmean2": 0,
        "dvar": 0,
        "dvar2": 0,
        "max": 1,
        "mean": 1,
        "median": 1,
        "min": 1,
        "var": 0
    },
    "silence_rate_30dB": {
        "dmean": 0,
        "dmean2": 0,
        "dvar": 0,
        "dvar2": 0,
        "max": 1,
        "mean": 1,
        "median": 1,
        "min": 1,
        "var": 0
    },
    "silence_rate_60dB": {
        "dmean": 0.0154798757285,
        "dmean2": 0.0309837330133,
        "dvar": 0.0152403563261,
        "dvar2": 0.0362207069993,
        "max": 1,
        "mean": 0.104408353567,
        "median": 0,
        "min": 0,
        "var": 0.0935068652034
    },
    "spectral_centroid": {
        "dmean": 35.477142334,
        "dmean2": 45.8025970459,
        "dvar": 71466.359375,
        "dvar2": 68113,
        "max": 10118.7109375,
        "mean": 584.248718262,
        "median": 560.451782227,
        "min": 367.558105469,
        "var": 84483.5234375
    },
    "spectral_complexity": {
        "dmean": 0.987616121769,
        "dmean2": 1.64368700981,
        "dvar": 1.00603628159,
        "dvar2": 2.21075296402,
        "max": 19,
        "mean": 10.131477356,
        "median": 10,
        "min": 0,
        "var": 8.58745193481
    },
    "spectral_decrease": {
        "dmean": 8.79737449555e-10,
        "dmean2": 1.02547681458e-09,
        "dvar": 1.36403416839e-18,
        "dvar2": 1.78444861132e-18,
        "max": 3.7258914315e-29,
        "mean": -5.17141662826e-09,
        "median": -4.12223633006e-09,
        "min": -2.49010394526e-08,
        "var": 1.7325898463e-17
    },
    "spectral_energy": {
        "dmean": 0.00349386339076,
        "dmean2": 0.00406995555386,
        "dvar": 2.14253359445e-05,
        "dvar2": 2.80031345028e-05,
        "max": 0.0989030078053,
        "mean": 0.0205645971,
        "median": 0.0164375901222,
        "min": 1.06004221397e-20,
        "var": 0.000273122277576
    },
    "spectral_energyband_high": {
        "dmean": 2.06803505876e-07,
        "dmean2": 3.37208547307e-07,
        "dvar": 9.02512819253e-13,
        "dvar2": 2.20684061303e-12,
        "max": 2.18492623389e-05,
        "mean": 3.76967932425e-07,
        "median": 6.20265581119e-08,
        "min": 7.84771046392e-21,
        "var": 1.59732914829e-12
    },
    "spectral_energyband_low": {
        "dmean": 2.55298873526e-05,
        "dmean2": 4.00138924306e-05,
        "dvar": 1.27498833713e-09,
        "dvar2": 2.72562350467e-09,
        "max": 0.000568165502045,
        "mean": 4.31993576058e-05,
        "median": 2.90281459456e-05,
        "min": 7.03442036662e-23,
        "var": 2.45164422097e-09
    },
    "spectral_energyband_middle_high": {
        "dmean": 0.000629267247859,
        "dmean2": 0.000859463820234,
        "dvar": 6.79222239341e-07,
        "dvar2": 1.33817729875e-06,
        "max": 0.0140746599063,
        "mean": 0.00299415318295,
        "median": 0.00267766276374,
        "min": 1.54468254868e-21,
        "var": 4.86543331135e-06
    },
    "spectral_energyband_middle_low": {
        "dmean": 0.0033193945419,
        "dmean2": 0.00389172299765,
        "dvar": 2.06943586818e-05,
        "dvar2": 2.73445893981e-05,
        "max": 0.0930346697569,
        "mean": 0.0181118901819,
        "median": 0.0139002688229,
        "min": 1.93181029501e-22,
        "var": 0.00024342755205
    },
    "spectral_entropy": {
        "dmean": 0.133087873459,
        "dmean2": 0.195506930351,
        "dvar": 0.0221808012575,
        "dvar2": 0.0419059880078,
        "max": 9.79601287842,
        "mean": 5.59771776199,
        "median": 5.62764167786,
        "min": 4.5858707428,
        "var": 0.166561260819
    },
    "spectral_flux": {
        "dmean": 0.0124867260456,
        "dmean2": 0.0196373201907,
        "dvar": 0.000194146137801,
        "dvar2": 0.000457019224996,
        "max": 0.136344984174,
        "mean": 0.029868170619,
        "median": 0.0258219055831,
        "min": 1.02958350179e-10,
        "var": 0.000333664909704
    },
    "spectral_kurtosis": {
        "dmean": 34.3475189209,
        "dmean2": 59.5353889465,
        "dvar": 893.21496582,
        "dvar2": 2604.29003906,
        "max": 243.231140137,
        "mean": 116.002052307,
        "median": 122.68031311,
        "min": -1.20866179466,
        "var": 2575.97851562
    },
    "spectral_rms": {
        "dmean": 0.000358597288141,
        "dmean2": 0.00041901433724,
        "dvar": 1.45002417185e-07,
        "dvar2": 2.07740725955e-07,
        "max": 0.00982297025621,
        "mean": 0.00411122012883,
        "median": 0.00400458136573,
        "min": 3.21587851834e-12,
        "var": 3.16087857755e-06
    },
    "spectral_rolloff": {
        "dmean": 90.9158859253,
        "dmean2": 139.306610107,
        "dvar": 384825.5,
        "dvar2": 379548.25,
        "max": 18884.6191406,
        "mean": 808.469604492,
        "median": 796.728515625,
        "min": 344.53125,
        "var": 654556.6875
    },
    "spectral_skewness": {
        "dmean": 1.80364871025,
        "dmean2": 3.1850707531,
        "dvar": 2.31017947197,
        "dvar2": 6.98085165024,
        "max": 12.3402261734,
        "mean": 7.60026264191,
        "median": 7.94030666351,
        "min": 0.0650866478682,
        "var": 6.09864711761
    },
    "spectral_spread": {
        "dmean": 319925.78125,
        "dmean2": 553888.75,
        "dvar": 878014758912,
        "dvar2": 831427903488,
        "max": 41181656,
        "mean": 936760.625,
        "median": 835040.8125,
        "min": 341787,
        "var": 1.63841454899e+12
    },
    "spectral_strongpeak": {
        "dmean": 0.351182550192,
        "dmean2": 0.499669164419,
        "dvar": 0.196405008435,
        "dvar2": 0.404542684555,
        "max": 5.81920957565,
        "mean": 1.85872757435,
        "median": 1.69122064114,
        "min": 0,
        "var": 1.56950318813
    },
    "zerocrossingrate": {
        "dmean": 0.00235145981424,
        "dmean2": 0.00289337849244,
        "dvar": 0.000219222536543,
        "dvar2": 0.000203414121643,
        "max": 0.509765625,
        "mean": 0.0290227122605,
        "median": 0.02685546875,
        "min": 0.01611328125,
        "var": 0.000528819044121
    },
    "barkbands": {
        "dmean": [2.45216540407e-07, 9.19271951716e-06, 1.69519862538e-05, 2.02453848033e-05, 0.000462011928903, 0.000358448538464, 0.000945458654314, 0.00235755927861, 0.00011878033547, 0.000411221612012, 0.000186706514796, 0.0002393485629, 6.9178022386e-05, 5.58419633307e-05, 1.27472121676e-05, 8.5798510554e-06, 1.40057309181e-05, 2.24239329327e-06, 1.64564232819e-06, 4.40377988298e-07, 5.20319893837e-08, 3.03110692101e-09, 1.95053218022e-09, 1.27507526759e-09, 1.22758714305e-09, 1.18741927402e-09, 1.18506204849e-09],
        "dmean2": [4.34423128581e-07, 1.46504626173e-05, 2.69675747404e-05, 3.45680091414e-05, 0.000610468443483, 0.000483851676108, 0.00132932199631, 0.00258166249841, 0.00016333941312, 0.000553685938939, 0.00022679362155, 0.000350247282768, 9.82638302958e-05, 7.92901555542e-05, 1.98158886633e-05, 1.28919728013e-05, 2.13820949284e-05, 3.55817132913e-06, 2.44418151851e-06, 6.95285564234e-07, 7.74879680421e-08, 4.82782391842e-09, 3.24387561257e-09, 2.32936403499e-09, 2.2777797426e-09, 2.22268448091e-09, 2.23035501179e-09],
        "dvar": [9.67573663877e-14, 3.15714426824e-10, 4.40015746062e-10, 4.36187930219e-09, 3.90933024619e-07, 3.95043059598e-07, 3.0921967209e-06, 1.81952109415e-05, 8.30190174383e-08, 3.9206346969e-07, 2.03203370575e-07, 1.96954715648e-07, 2.22309726183e-08, 7.38390504296e-09, 9.21109577501e-10, 5.30979815672e-10, 1.5606349546e-09, 1.99200985568e-11, 1.46398813211e-11, 2.31738283077e-12, 4.93300773765e-14, 2.69926768628e-17, 1.2562717872e-17, 2.32850846125e-18, 2.08360654486e-18, 1.91831124985e-18, 2.30720152944e-18],
        "dvar2": [2.83468262969e-13, 7.73363650897e-10, 9.32934063336e-10, 1.13167848426e-08, 7.39556753615e-07, 7.20788307262e-07, 4.9462860261e-06, 2.04869866138e-05, 1.26822754964e-07, 7.51003085497e-07, 2.56237711938e-07, 4.04980681878e-07, 4.27193533881e-08, 1.40563427564e-08, 2.11086859103e-09, 1.10933873199e-09, 3.03414626757e-09, 5.02770013122e-11, 3.21562117211e-11, 6.29761694182e-12, 1.1478764174e-13, 4.85979561746e-17, 2.88846440645e-17, 8.05024993436e-18, 7.37335397704e-18, 6.76280493588e-18, 8.13932239708e-18],
        "max": [2.97347969536e-06, 0.000346914515831, 0.000261640845565, 0.00129189528525, 0.0130544807762, 0.012687323615, 0.0591845400631, 0.0785983502865, 0.00943656079471, 0.0111660854891, 0.00936832372099, 0.00774478027597, 0.00190083310008, 0.00135202461388, 0.000560675165616, 0.000487482495373, 0.000982953002676, 7.87309763837e-05, 5.35935687367e-05, 2.9091939723e-05, 5.20849380337e-06, 1.61662171649e-07, 7.78000099899e-08, 1.28348540684e-08, 1.24147065961e-08, 1.13150218084e-08, 1.19483587468e-08],
        "mean": [2.69172630851e-07, 1.2218511074e-05, 2.48061860475e-05, 4.09526146541e-05, 0.00200836686417, 0.00128589686938, 0.00348158320412, 0.00979791395366, 0.000463168340502, 0.00196964293718, 0.000520311004948, 0.000532998645213, 0.00016161907115, 0.000162917727721, 3.76738025807e-05, 1.61779717018e-05, 3.81733843824e-05, 5.12896394866e-06, 3.8416433199e-06, 8.42071926854e-07, 1.05604485157e-07, 6.91886370419e-09, 3.75667186248e-09, 2.82675061136e-09, 2.83747669805e-09, 1.85328541402e-09, 1.30390154229e-09],
        "median": [1.82707680096e-07, 7.17292232366e-06, 1.58795282914e-05, 6.65812012812e-06, 0.00148412981071, 0.000249108532444, 0.00210776226595, 0.00310412049294, 0.000189097743714, 0.00164565432351, 0.000183145049959, 0.00018577654555, 4.71491293865e-05, 0.000103174141259, 1.24636271721e-05, 5.67537108509e-06, 8.61378703121e-06, 1.93815480998e-06, 1.20988750041e-06, 6.27292209288e-08, 1.66840958826e-08, 4.07122646706e-09, 2.4482618155e-09, 2.37353603438e-09, 2.53862575406e-09, 1.45805034713e-09, 7.94215582189e-10],
        "min": [7.19417290408e-23, 2.71555206094e-23, 8.02659660175e-24, 1.83349134184e-23, 1.88492396846e-23, 3.83930051319e-23, 4.08235139799e-23, 2.18690796936e-23, 4.36465158381e-23, 1.15751693703e-22, 9.23945635958e-23, 1.2782096263e-22, 7.17466847597e-23, 9.63839341677e-23, 1.62144149155e-22, 9.43446403752e-23, 2.28747347217e-22, 1.52614557959e-22, 2.38461594974e-22, 2.45638638868e-22, 3.40256054722e-22, 5.92340482358e-22, 7.87259807884e-22, 9.42713974801e-22, 1.15014455855e-21, 1.60578506383e-21, 2.5356129137e-21],
        "var": [9.08650663934e-14, 3.75992431634e-10, 8.56531123805e-10, 1.2366892399e-08, 3.57380963578e-06, 3.36907305609e-06, 2.42608875851e-05, 0.000198684138013, 9.14744077818e-07, 2.72441911875e-06, 1.10380631213e-06, 7.53554104449e-07, 7.41969472529e-08, 3.46045077038e-08, 4.42988623561e-09, 1.03624164804e-09, 1.00158255023e-08, 7.41201752752e-11, 4.64689120516e-11, 6.11421286864e-12, 1.00109563651e-13, 9.62674252727e-17, 2.34408625742e-17, 2.79019559784e-18, 2.07806360758e-18, 1.78651408131e-18, 1.92077438692e-18]
    },
    "erbbands": {
        "dmean": [0.000118597883557, 0.0028020052705, 0.0182908605784, 0.0348647460341, 0.415850758553, 1.92878675461, 3.52153229713, 2.47846102715, 9.13698768616, 45.0247573853, 22.8357868195, 3.83461427689, 10.0890722275, 12.3610963821, 5.27378416061, 11.4862442017, 3.94707512856, 2.97390651703, 0.884766578674, 0.512688338757, 0.597214341164, 0.430153012276, 0.245590850711, 0.107058472931, 0.0406555719674, 0.0117410663515, 0.00755762029439, 0.00158935971558, 0.000180271832505, 7.22734621377e-05, 5.65819245821e-05, 3.00112551486e-05, 2.0773974029e-05, 1.47626387843e-05, 9.34028139454e-06, 5.4433621699e-06, 2.54665383181e-06, 9.09017160211e-07, 1.71047486219e-06, 3.95917004425e-06],
        "dmean2": [0.000200352893444, 0.00440313806757, 0.028222033754, 0.0576216802001, 0.592959403992, 2.7130241394, 4.20881843567, 3.69398832321, 12.4618425369, 54.7816314697, 24.6677684784, 4.79510211945, 13.0964660645, 17.0307636261, 7.20600795746, 16.7033023834, 5.57759571075, 4.30199813843, 1.3052457571, 0.772316217422, 0.834631800652, 0.66696959734, 0.411986887455, 0.15721796453, 0.0577094182372, 0.017481058836, 0.0127139175311, 0.00219749077223, 0.000273764948361, 0.000120760254504, 9.36041979003e-05, 5.40048895346e-05, 3.77165779355e-05, 2.67627910944e-05, 1.69185568666e-05, 9.59761837294e-06, 4.3435002226e-06, 1.62466517395e-06, 1.97351596398e-06, 4.60460796603e-06],
        "dvar": [7.4444251652e-08, 2.44840812229e-05, 0.000525417097379, 0.00776277668774, 0.939671576023, 8.42785835266, 42.6418266296, 19.1458091736, 192.618026733, 6219.98095703, 1214.59606934, 64.0056915283, 426.250152588, 471.001159668, 72.6291885376, 531.806091309, 57.5843238831, 20.6167087555, 2.59195661545, 0.947185099125, 2.32652449608, 1.04735732079, 0.330689430237, 0.0721921697259, 0.0094115678221, 0.0010780969169, 0.00149735214654, 2.3188205887e-05, 1.45904564874e-07, 1.88975306514e-08, 1.34484094971e-08, 1.37729883054e-09, 5.9545185449e-10, 2.73921524352e-10, 1.08947587063e-10, 3.43877669395e-11, 8.35524271298e-12, 1.03227604416e-12, 4.96741059744e-12, 2.73188641847e-11],
        "dvar2": [1.94698927203e-07, 5.80757805437e-05, 0.00104544102214, 0.0182029642165, 1.65172934532, 16.9032611847, 49.5700035095, 41.4293251038, 305.710601807, 8630.4296875, 1339.39587402, 92.5966186523, 751.599121094, 937.010681152, 149.582260132, 1094.02453613, 107.737075806, 41.1092338562, 5.86183929443, 2.09478878975, 4.15541744232, 2.1962492466, 0.999960780144, 0.158288687468, 0.0190140623599, 0.00261024432257, 0.00367321330123, 4.3762534915e-05, 3.00619831251e-07, 3.13119414841e-08, 2.97137763283e-08, 4.42029657322e-09, 2.02024175167e-09, 9.21685616717e-10, 3.53925305729e-10, 1.04424115188e-10, 2.35530501352e-11, 3.27048652916e-12, 6.34840747679e-12, 3.56338049345e-11],
        "max": [0.00592435337603, 0.0899823606014, 0.343249291182, 1.80554139614, 23.6176986694, 56.9840354919, 172.887802124, 64.3729782104, 399.323791504, 1404.51916504, 605.751464844, 273.426818848, 415.660736084, 344.604827881, 132.538879395, 398.507293701, 101.767837524, 74.5141067505, 32.5840835571, 20.3096046448, 38.3969421387, 23.5729312897, 9.42760372162, 3.92359900475, 2.02584910393, 0.64170640707, 0.864172637463, 0.10008919239, 0.00674044992775, 0.00480774277821, 0.00274061155505, 0.000490625738166, 0.000242697264184, 0.000180522023584, 0.00012277760834, 8.17871405161e-05, 4.54571272712e-05, 1.18649522847e-05, 4.90250822622e-05, 0.000112103851279],
        "mean": [0.000164443292306, 0.00385768013075, 0.0284435413778, 0.0858002975583, 1.35342991352, 7.90407991409, 15.6745080948, 7.36428356171, 37.6617584229, 186.847457886, 91.7580566406, 18.6081447601, 48.0469055176, 48.8367156982, 17.0582752228, 26.0403575897, 9.96896362305, 9.00196075439, 3.12188863754, 1.50387823582, 1.64297425747, 1.15755403042, 0.501761138439, 0.252706408501, 0.0945166349411, 0.0267991945148, 0.0125277312472, 0.00329923117533, 0.000469674472697, 0.000167476609931, 0.000120893411804, 7.70701226429e-05, 5.98018850724e-05, 4.61733725388e-05, 3.24628090311e-05, 2.04967818718e-05, 9.14991960599e-06, 2.41867587647e-06, 1.01664718386e-05, 2.3351281925e-05],
        "median": [0.000103590420622, 0.00228780414909, 0.0186847839504, 0.0364616066217, 0.631554365158, 5.57904624939, 8.16533088684, 3.93471884727, 24.7890453339, 75.8963394165, 51.4815216064, 10.8158044815, 29.8308391571, 35.2085113525, 11.2971696854, 7.15554332733, 4.74794483185, 5.76198196411, 1.73803079128, 0.559871852398, 0.481665462255, 0.355682611465, 0.219379171729, 0.0730209797621, 0.0260916948318, 0.00511929020286, 0.00123953761067, 0.000664057210088, 0.000220513087697, 0.000110342945845, 8.02855865913e-05, 6.42185332254e-05, 5.29900898982e-05, 4.14751266362e-05, 2.90714724542e-05, 1.80970600923e-05, 7.3255901043e-06, 1.9952024104e-06, 8.16509964352e-06, 1.87123205251e-05],
        "min": [1.68110908764e-21, 3.70997492144e-21, 7.42442744263e-21, 2.96049330638e-20, 6.47526289288e-20, 7.87801968634e-20, 1.50782437013e-19, 3.7547253118e-19, 6.66517735767e-19, 3.16461181937e-19, 6.09583669687e-19, 8.88715405501e-19, 1.92085586421e-18, 5.68497536283e-18, 3.27264372702e-18, 5.25118902831e-18, 3.32161323288e-18, 4.56578841352e-18, 8.01509889423e-18, 6.07050522119e-18, 7.76588343774e-18, 1.22232048983e-17, 8.87789707678e-18, 1.14038370066e-17, 1.16844356956e-17, 1.16258630364e-17, 9.45102239908e-18, 1.53860788629e-17, 2.00781119951e-17, 3.08613542656e-17, 1.91864890498e-17, 1.78236510879e-17, 1.62050505351e-17, 1.38584921657e-17, 7.79142429351e-18, 5.15866308653e-18, 3.29254548577e-18, 1.24774436159e-18, 3.70776523445e-19, 3.87017032163e-20],
        "var": [7.91518743881e-08, 3.2127925806e-05, 0.00109582801815, 0.0288553591818, 6.26015520096, 62.2723922729, 440.457702637, 73.6789474487, 1850.20324707, 63440.1484375, 12006.3330078, 781.451049805, 2700.49780273, 2493.47363281, 347.001556396, 2034.07385254, 195.751998901, 96.562789917, 14.4808912277, 5.80373716354, 15.0280990601, 6.44766139984, 0.657429218292, 0.234123900533, 0.0296231340617, 0.00392483966425, 0.00238723470829, 5.8850258938e-05, 4.73902332487e-07, 6.47432969458e-08, 2.44230964341e-08, 2.44474196442e-09, 1.09025810602e-09, 6.01433680636e-10, 2.78872702708e-10, 1.25411486751e-10, 3.98638171084e-11, 2.64491878919e-12, 6.52491810582e-11, 3.50270257243e-10]
    },
    "gfcc": {
        "mean": [-206.24230957, 227.328643799, -152.986785889, -85.6722259521, -43.7019348145, -41.7594833374, -33.1556129456, -10.9731197357, -18.1366271973, -15.0752878189, -1.00729811192, -12.1198196411, -3.29326820374],
        "cov": [[6448.18847656, 1151.57067871, -1332.46008301, 48.888256073, 276.017425537, -835.588928223, 165.861099243, 33.3835906982, 30.819108963, -61.2652511597, 192.568771362, -129.120697021, 86.7643051147], [1151.57067871, 494.487365723, -83.7722244263, -97.2774505615, 83.7589874268, -23.7793445587, -10.4881916046, -37.6911087036, -30.7908344269, -49.9297103882, 58.4535980225, 7.38283443451, 15.3029747009], [-1332.46008301, -83.7722244263, 566.828796387, -126.128990173, -81.6021118164, 293.008422852, -43.4944610596, 9.14062690735, 13.460231781, 4.65179824829, -1.40842092037, 23.7304592133, -85.096206665], [48.888256073, -97.2774505615, -126.128990173, 272.45904541, 65.2424621582, -86.8951644897, 24.6836700439, -32.0398902893, -40.7627372742, 1.37808215618, -43.896736145, -2.73907899857, 53.5898361206], [276.017425537, 83.7589874268, -81.6021118164, 65.2424621582, 85.3744430542, -28.1431064606, 4.89504480362, -8.19603919983, -6.80682563782, -5.73390388489, 11.1734848022, 3.3267788887, 18.1643238068], [-835.588928223, -23.7793445587, 293.008422852, -86.8951644897, -28.1431064606, 264.478363037, -11.5375423431, -27.9904003143, -14.7808179855, 3.46730661392, -14.5415458679, 35.7448539734, -36.4627494812], [165.861099243, -10.4881916046, -43.4944610596, 24.6836700439, 4.89504480362, -11.5375423431, 76.8018112183, 35.6591110229, 7.63958930969, 14.1384267807, 10.3096609116, -13.1853189468, -8.21102333069], [33.3835906982, -37.6911087036, 9.14062690735, -32.0398902893, -8.19603919983, -27.9904003143, 35.6591110229, 104.160362244, 78.0433654785, 17.7606830597, 21.293598175, -16.7422237396, -33.9010696411], [30.819108963, -30.7908344269, 13.460231781, -40.7627372742, -6.80682563782, -14.7808179855, 7.63958930969, 78.0433654785, 110.41027832, 36.3072547913, 3.13820028305, -24.2074737549, -31.8327293396], [-61.2652511597, -49.9297103882, 4.65179824829, 1.37808215618, -5.73390388489, 3.46730661392, 14.1384267807, 17.7606830597, 36.3072547913, 55.652961731, 11.449388504, -26.2374649048, -20.1912498474], [192.568771362, 58.4535980225, -1.40842092037, -43.896736145, 11.1734848022, -14.5415458679, 10.3096609116, 21.293598175, 3.13820028305, 11.449388504, 79.5924682617, 13.614988327, -23.4089756012], [-129.120697021, 7.38283443451, 23.7304592133, -2.73907899857, 3.3267788887, 35.7448539734, -13.1853189468, -16.7422237396, -24.2074737549, -26.2374649048, 13.614988327, 67.8400344849, 29.2151165009], [86.7643051147, 15.3029747009, -85.096206665, 53.5898361206, 18.1643238068, -36.4627494812, -8.21102333069, -33.9010696411, -31.8327293396, -20.1912498474, -23.4089756012, 29.2151165009, 78.7464981079]],
        "icov": [[0.00138048420195, -0.00295115029439, 0.00179386686068, -0.000396170973545, 0.00119260349311, 0.00222015264444, -0.00260470947251, 0.00212223478593, -0.00234897388145, 0.00110813882202, -0.000965914339758, 0.000172851694515, 0.00163886486553], [-0.00295115029439, 0.0112598706037, -0.00425855908543, 0.00421538390219, -0.00849999953061, -0.00420296099037, 0.00299189449288, 0.000732546381187, 0.00202445685863, 0.00409623747692, -0.00197420502082, 0.00338574778289, -0.0057396213524], [0.00179386686068, -0.00425855908543, 0.0095132207498, -0.00379971298389, 0.00788613595068, -0.00629778346047, 0.00267506181262, -0.00167810765561, -0.00319604156539, 0.00474024470896, -0.00547799328342, 0.00374262104742, 0.0034450031817], [-0.000396170973545, 0.00421538390219, -0.00379971298389, 0.0124084558338, -0.0138436388224, 0.00759539566934, -0.005624813959, 0.00282587297261, 0.00538829481229, -0.00606367411092, 0.00946788024157, -0.00535112526268, -0.000169666163856], [0.00119260349311, -0.00849999953061, 0.00788613595068, -0.0138436388224, 0.0323231555521, -0.00916727818549, 0.00502215465531, -0.00241707917303, -0.00750285899267, 0.00685827247798, -0.0125895822421, 0.00660939794034, -0.0014057951048], [0.00222015264444, -0.00420296099037, -0.00629778346047, 0.00759539566934, -0.00916727818549, 0.0238493289798, -0.0137268994004, 0.0105261299759, 0.000273869402008, -0.0100588193163, 0.0135078495368, -0.0158371832222, 0.0100767267868], [-0.00260470947251, 0.00299189449288, 0.00267506181262, -0.005624813959, 0.00502215465531, -0.0137268994004, 0.0321282371879, -0.0250187180936, 0.0158192645758, -0.0082441624254, -0.0010122647509, 0.00489018950611, -0.00376234948635], [0.00212223478593, 0.000732546381187, -0.00167810765561, 0.00282587297261, -0.00241707917303, 0.0105261299759, -0.0250187180936, 0.048683706671, -0.0355351530015, 0.0215662773699, -0.0127373700961, 0.00294378469698, 0.00385072384961], [-0.00234897388145, 0.00202445685863, -0.00319604156539, 0.00538829481229, -0.00750285899267, 0.000273869402008, 0.0158192645758, -0.0355351530015, 0.0446545369923, -0.0314578264952, 0.0213928576559, -0.0109403217211, 0.00368640758097], [0.00110813882202, 0.00409623747692, 0.00474024470896, -0.00606367411092, 0.00685827247798, -0.0100588193163, -0.0082441624254, 0.0215662773699, -0.0314578264952, 0.0565685890615, -0.0309011507779, 0.029074350372, -0.00876734126359], [-0.000965914339758, -0.00197420502082, -0.00547799328342, 0.00946788024157, -0.0125895822421, 0.0135078495368, -0.0010122647509, -0.0127373700961, 0.0213928576559, -0.0309011507779, 0.042902611196, -0.0294372662902, 0.0170541089028], [0.000172851694515, 0.00338574778289, 0.00374262104742, -0.00535112526268, 0.00660939794034, -0.0158371832222, 0.00489018950611, 0.00294378469698, -0.0109403217211, 0.029074350372, -0.0294372662902, 0.0460460148752, -0.0230445917696], [0.00163886486553, -0.0057396213524, 0.0034450031817, -0.000169666163856, -0.0014057951048, 0.0100767267868, -0.00376234948635, 0.00385072384961, 0.00368640758097, -0.00876734126359, 0.0170541089028, -0.0230445917696, 0.0349640101194]]
    },
    "melbands": {
        "dmean": [1.66152665315e-06, 7.36092761144e-06, 1.25937522171e-05, 7.77855602792e-05, 0.000117904593935, 6.00168132223e-05, 0.000161649120855, 0.000546782568563, 0.00014427586575, 1.92670922843e-05, 5.05184434587e-05, 5.09557539772e-05, 1.83104293683e-05, 2.8496458981e-05, 1.69249487953e-05, 5.71911459701e-06, 6.60350178805e-06, 1.59043372605e-06, 9.51388017256e-07, 8.07621120202e-07, 8.0667336988e-07, 5.32598505742e-07, 5.20216133282e-07, 4.9650740408e-08, 1.08267464327e-07, 2.29657484141e-08, 3.28210383316e-08, 4.66726657322e-09, 7.83187115161e-09, 1.28528698795e-09, 6.98716251524e-10, 7.91246582144e-11, 4.79402594011e-11, 3.81812914618e-11, 3.95965898958e-11, 2.13526540199e-11, 1.77563987819e-11, 1.51668191894e-11, 1.35732059273e-11, 1.22425316412e-11],
        "dmean2": [2.70313921646e-06, 1.13476962724e-05, 2.00306967599e-05, 0.000109071675979, 0.000144566511153, 8.73640819918e-05, 0.000217721360968, 0.000638719531707, 0.000153911430971, 2.53231992247e-05, 6.56392367091e-05, 7.10053282091e-05, 2.37676358665e-05, 4.13526940974e-05, 2.42846363108e-05, 8.22165293357e-06, 9.50710636971e-06, 2.2524529868e-06, 1.45412434449e-06, 1.2132371694e-06, 1.10740245418e-06, 7.62635579576e-07, 9.10976609703e-07, 7.25190787421e-08, 1.60140956496e-07, 3.36823653413e-08, 5.04186381534e-08, 7.26919680005e-09, 1.33466455665e-08, 1.74983982859e-09, 9.85944548226e-10, 1.29783767067e-10, 8.01399502315e-11, 6.50254919354e-11, 6.45741030092e-11, 3.8622643278e-11, 3.2391180016e-11, 2.77912415303e-11, 2.48479795767e-11, 2.26260104402e-11],
        "dvar": [1.36217521637e-11, 9.28505883291e-11, 1.69466052302e-09, 1.39869458238e-08, 3.67049999284e-08, 1.10902478312e-08, 7.6267653526e-08, 9.64043806562e-07, 4.78151100936e-08, 1.84545012605e-09, 1.07394395599e-08, 7.71896502272e-09, 1.30533661657e-09, 2.32667773936e-09, 7.42131411879e-10, 1.4675878568e-10, 1.05777976656e-10, 6.51914763491e-12, 4.90158391306e-12, 4.01113430665e-12, 5.90635353126e-12, 2.1716612883e-12, 2.226052025e-12, 1.0326666551e-14, 7.708739788e-14, 3.11104126571e-15, 6.86251440195e-15, 2.67988757245e-16, 1.66335798556e-15, 2.42004476415e-17, 3.64766342852e-18, 1.89646907402e-20, 1.16255921477e-20, 3.99616366141e-21, 1.0020123436e-20, 7.05678463639e-22, 4.50859377101e-22, 3.15418926894e-22, 2.24614751059e-22, 1.84051031063e-22],
        "dvar2": [3.40759052919e-11, 1.93020169292e-10, 3.56252383149e-09, 2.59695127625e-08, 4.75571191316e-08, 2.3350693823e-08, 1.15392175815e-07, 1.22909079892e-06, 5.39743112427e-08, 2.67646393937e-09, 1.88794579969e-08, 1.59992143978e-08, 2.03295047463e-09, 4.9057513607e-09, 1.45298573173e-09, 3.10742181986e-10, 2.07912270733e-10, 1.35000422299e-11, 1.02810043465e-11, 8.59832604422e-12, 1.02097288956e-11, 3.91140245193e-12, 6.92698329252e-12, 2.08460771431e-14, 1.68937536486e-13, 6.1515348513e-15, 1.9146364927e-14, 6.6544020067e-16, 4.20825153492e-15, 3.88935857247e-17, 7.52787710573e-18, 4.16931889769e-20, 1.74788611026e-20, 8.54192098521e-21, 2.15336600756e-20, 2.22478626799e-21, 1.49650271112e-21, 1.08171717329e-21, 7.91187754591e-22, 6.37938106805e-22],
        "max": [7.94374500401e-05, 0.000154042267241, 0.000993038527668, 0.00204778742045, 0.00490095000714, 0.00165490200743, 0.00885043293238, 0.0178936403245, 0.00458504259586, 0.00146538973786, 0.00207915855572, 0.00127858563792, 0.000657491269521, 0.00081916252384, 0.000476948334835, 0.000172861298779, 0.000165342338732, 4.71143830509e-05, 5.46573610336e-05, 4.0420316509e-05, 6.49385037832e-05, 3.82928155886e-05, 2.47266434599e-05, 2.45834235102e-06, 4.02720479542e-06, 1.08304095647e-06, 1.01109992556e-06, 3.41688831895e-07, 8.80817083271e-07, 1.06775395636e-07, 2.96790449994e-08, 2.19836682191e-09, 4.11821954316e-09, 1.53824153415e-09, 2.44649212e-09, 4.38472619324e-10, 2.10677669754e-10, 1.46100465059e-10, 1.2856075926e-10, 1.14475082191e-10],
        "mean": [2.29553734243e-06, 1.10363962449e-05, 3.32850613631e-05, 0.000298086873954, 0.000527644355316, 0.000176593544893, 0.000611444062088, 0.00229163141921, 0.000573625438847, 8.8418215455e-05, 0.000236745356233, 0.000197987610591, 5.44725771761e-05, 6.51362570352e-05, 3.90982022509e-05, 1.4314654436e-05, 1.87237837963e-05, 5.38184031029e-06, 2.99411863125e-06, 1.49032427998e-06, 2.31157173403e-06, 1.52153813815e-06, 8.46879174787e-07, 1.43022504062e-07, 2.36624273953e-07, 5.1331447537e-08, 5.91964131047e-08, 9.03048302803e-09, 1.13646700939e-08, 2.31659913474e-09, 1.49838852437e-09, 1.79540882161e-10, 9.55494988686e-11, 7.33766172822e-11, 6.95962731889e-11, 4.2456801963e-11, 3.63569868655e-11, 3.2528816446e-11, 2.90358726646e-11, 2.68956749233e-11],
        "median": [1.40104930324e-06, 7.04536159901e-06, 8.37276820675e-06, 0.000200508904527, 0.000339512393111, 5.64844813198e-05, 0.000378444237867, 0.000831613433547, 0.000356982200174, 4.38985298388e-05, 0.000147626444232, 0.000139150593895, 2.61537661572e-05, 3.32724193868e-05, 1.48939589053e-05, 5.32897411176e-06, 1.20349686767e-05, 3.02640250993e-06, 8.82821268533e-07, 5.3965322877e-07, 5.45466321e-07, 3.13961493248e-07, 2.61780570554e-07, 4.21772483605e-08, 5.56106165561e-08, 1.44944305447e-08, 9.22952914095e-09, 1.2639553848e-09, 7.36248617628e-10, 3.26709020948e-10, 3.29774790808e-10, 1.00484703891e-10, 5.87946982766e-11, 4.84593129513e-11, 4.00672689471e-11, 3.35790215078e-11, 3.0468853135e-11, 2.76113090725e-11, 2.54022115842e-11, 2.37392414754e-11],
        "min": [1.51448214489e-23, 3.80749119602e-24, 7.04215893433e-24, 5.23614906095e-24, 4.78664388981e-24, 8.71259004493e-24, 9.18491577877e-24, 3.02483783726e-24, 5.12263947087e-24, 6.05862687922e-24, 9.54855777911e-24, 2.30653683237e-23, 1.15839151556e-23, 1.29771886646e-23, 1.08672515893e-23, 7.36077906508e-24, 8.01286174453e-24, 1.13646220791e-23, 1.35519582422e-23, 4.4927502097e-24, 1.03596464181e-23, 1.38933583093e-23, 9.07910980985e-24, 7.12081309974e-24, 9.46396664652e-24, 9.65674137479e-24, 9.94814580432e-24, 6.43938597791e-24, 4.91520849584e-24, 7.09522245198e-24, 9.52659983581e-24, 1.03817211128e-23, 1.29591876476e-23, 1.9302421342e-23, 1.12924539281e-23, 9.04629398506e-24, 1.13329800794e-23, 1.1933344249e-23, 1.05987761908e-23, 1.15837715829e-23],
        "var": [1.53456327506e-11, 1.77357309394e-10, 9.27891719016e-09, 9.39724529303e-08, 3.7394067931e-07, 5.42829532435e-08, 6.50272738767e-07, 1.02539124782e-05, 4.42785733412e-07, 2.30003465163e-08, 6.67026682777e-08, 4.06650038087e-08, 6.45196518434e-09, 7.76498421118e-09, 3.26026250441e-09, 4.99421948241e-10, 4.62039212445e-10, 4.17740772529e-11, 3.41762763922e-11, 7.37568513209e-12, 3.96239534239e-11, 1.38368925692e-11, 3.26530274174e-12, 6.59832228461e-14, 2.38095648883e-13, 9.22344340661e-15, 1.64021425023e-14, 6.83982598919e-16, 2.35637810838e-15, 6.43964209688e-17, 9.80308783857e-18, 6.15630398739e-20, 4.04294799519e-20, 9.68022813683e-21, 1.59535707492e-20, 1.05380750166e-21, 5.62544461283e-22, 3.71000349714e-22, 2.58150376721e-22, 2.07670334359e-22]
    },
    "mfcc": {
        "mean": [-819.786254883, 245.561843872, -25.7282066345, -49.3776092529, -15.8418245316, -29.4204616547, -20.0381584167, -10.1185398102, -15.0151309967, -9.99614620209, -3.34935069084, -4.26760339737, -5.54982995987],
        "cov": [[3003.98413086, 1395.09020996, -1069.90063477, 149.490570068, 175.196456909, -449.660217285, -43.2460441589, -46.5849990845, -128.295410156, -4.44352436066, -52.8108901978, 26.4324359894, 84.9915618896], [1395.09020996, 976.802734375, -232.707214355, -142.581008911, 51.938949585, -109.582603455, -36.7212371826, 22.4909362793, -83.2433242798, -38.9214324951, 41.7499008179, 24.3299484253, 37.3489151001], [-1069.90063477, -232.707214355, 635.88885498, -171.118301392, -90.1837463379, 246.523895264, 20.0397396088, 45.2172813416, 38.8821105957, -21.81208992, 55.9762115479, -0.211644783616, -35.2517280579], [149.490570068, -142.581008911, -171.118301392, 243.217086792, 71.7778015137, -86.4759063721, 19.1523361206, -24.2581882477, 7.86352777481, 19.9183750153, -56.7590522766, -17.8713970184, 2.66284990311], [175.196456909, 51.938949585, -90.1837463379, 71.7778015137, 107.07951355, -6.86073160172, -16.9301433563, 4.80120754242, -22.577911377, -24.4500236511, -3.92026686668, -15.8104391098, -14.139509201], [-449.660217285, -109.582603455, 246.523895264, -86.4759063721, -6.86073160172, 185.934310913, 43.3897171021, -0.843872368336, 8.95878887177, -22.2643165588, 9.9516210556, -5.97509670258, -41.7567062378], [-43.2460441589, -36.7212371826, 20.0397396088, 19.1523361206, -16.9301433563, 43.3897171021, 87.9867935181, 15.1134214401, -25.9948139191, -5.14828252792, -8.09277820587, -4.00653600693, 9.74953174591], [-46.5849990845, 22.4909362793, 45.2172813416, -24.2581882477, 4.80120754242, -0.843872368336, 15.1134214401, 77.0840377808, 12.6915063858, -30.0581092834, 19.811290741, 21.9475879669, 16.6404457092], [-128.295410156, -83.2433242798, 38.8821105957, 7.86352777481, -22.577911377, 8.95878887177, -25.9948139191, 12.6915063858, 120.430206299, 52.2079429626, -16.5715923309, 36.9826774597, 4.54694890976], [-4.44352436066, -38.9214324951, -21.81208992, 19.9183750153, -24.4500236511, -22.2643165588, -5.14828252792, -30.0581092834, 52.2079429626, 114.147483826, 32.3160629272, 4.96005439758, 23.5116996765], [-52.8108901978, 41.7499008179, 55.9762115479, -56.7590522766, -3.92026686668, 9.9516210556, -8.09277820587, 19.811290741, -16.5715923309, 32.3160629272, 101.834671021, 33.6269454956, 9.06936073303], [26.4324359894, 24.3299484253, -0.211644783616, -17.8713970184, -15.8104391098, -5.97509670258, -4.00653600693, 21.9475879669, 36.9826774597, 4.96005439758, 33.6269454956, 95.0221939087, 45.7530288696], [84.9915618896, 37.3489151001, -35.2517280579, 2.66284990311, -14.139509201, -41.7567062378, 9.74953174591, 16.6404457092, 4.54694890976, 23.5116996765, 9.06936073303, 45.7530288696, 88.3955001831]],
