{
"lowlevel": {
    "average_loudness": 0.501585304737,
    "barkbands_crest": {
        "dmean": 2.07095479965,
        "dmean2": 3.1244828701,
        "dvar": 4.82527685165,
        "dvar2": 10.9452962875,
        "max": 26.8870029449,
        "mean": 14.7353172302,
        "median": 14.0787229538,
        "min": 3.00749206543,
        "var": 29.8891525269
    },
    "barkbands_flatness_db": {
        "dmean": 0.0225772242993,
        "dmean2": 0.0334034562111,
        "dvar": 0.000656219141092,
        "dvar2": 0.00123928964604,
        "max": 0.612553298473,
        "mean": 0.299052894115,
        "median": 0.296463221312,
        "min": 0.0739501938224,
        "var": 0.00815668608993
    },
    "barkbands_kurtosis": {
        "dmean": 17.1438846588,
        "dmean2": 25.8291969299,
        "dvar": 2766.21240234,
        "dvar2": 5822.84814453,
        "max": 2422.98291016,
        "mean": 48.4367637634,
        "median": 18.2967529297,
        "min": -1.93636620045,
        "var": 19547.5664062
    },
    "barkbands_skewness": {
        "dmean": 0.903671324253,
        "dmean2": 1.30749690533,
        "dvar": 1.75452744961,
        "dvar2": 3.37022995949,
        "max": 37.4909439087,
        "mean": 3.84711074829,
        "median": 3.17523527145,
        "min": -4.87948608398,
        "var": 13.216583252
    },
    "barkbands_spread": {
        "dmean": 2.90584468842,
        "dmean2": 4.29399442673,
        "dvar": 55.0575485229,
        "dvar2": 117.306564331,
        "max": 90.1759185791,
        "mean": 9.10037994385,
        "median": 3.86836457253,
        "min": 0.0298813115805,
        "var": 195.930984497
    },
    "dissonance": {
        "dmean": 0.0278388857841,
        "dmean2": 0.0451105609536,
        "dvar": 0.000722285709344,
        "dvar2": 0.00180112023372,
        "max": 0.499933391809,
        "mean": 0.396761208773,
        "median": 0.39466330409,
        "min": 0.216517776251,
        "var": 0.00357918371446
    },
    "dynamic_complexity": 6.19396591187,
    "erbbands_crest": {
        "dmean": 2.31052231789,
        "dmean2": 3.51649856567,
        "dvar": 5.40910196304,
        "dvar2": 12.2384681702,
        "max": 30.0252933502,
        "mean": 14.0057649612,
        "median": 13.208820343,
        "min": 3.39378356934,
        "var": 30.6100730896
    },
    "erbbands_flatness_db": {
        "dmean": 0.0148194395006,
        "dmean2": 0.0209923908114,
        "dvar": 0.00029182137223,
        "dvar2": 0.000544403039385,
        "max": 0.477955758572,
        "mean": 0.254918009043,
        "median": 0.257444053888,
        "min": 0.117661394179,
        "var": 0.00323376897722
    },
    "erbbands_kurtosis": {
        "dmean": 3.51637840271,
        "dmean2": 5.17977905273,
        "dvar": 35.1682701111,
        "dvar2": 71.6227340698,
        "max": 126.028015137,
        "mean": 9.06310749054,
        "median": 4.55734586716,
        "min": -1.89397788048,
        "var": 191.563690186
    },
    "erbbands_skewness": {
        "dmean": 0.481298744678,
        "dmean2": 0.685547947884,
        "dvar": 0.36351698637,
        "dvar2": 0.654946148396,
        "max": 9.32927322388,
        "mean": 1.87189662457,
        "median": 1.76678872108,
        "min": -5.16372585297,
        "var": 2.77115440369
    },
    "erbbands_spread": {
        "dmean": 6.09022760391,
        "dmean2": 8.91997337341,
        "dvar": 112.871002197,
        "dvar2": 260.513824463,
        "max": 147.849945068,
        "mean": 24.5667762756,
        "median": 18.4779262543,
        "min": 0.684835255146,
        "var": 391.725830078
    },
    "hfc": {
        "dmean": 1.44475674629,
        "dmean2": 1.88075625896,
        "dvar": 10.442240715,
        "dvar2": 18.965675354,
        "max": 70.9201507568,
        "mean": 7.07554960251,
        "median": 2.84728384018,
        "min": 7.61254486861e-05,
        "var": 108.235786438
    },
    "melbands_crest": {
        "dmean": 2.56524443626,
        "dmean2": 3.74566888809,
        "dvar": 7.08121109009,
        "dvar2": 16.1015033722,
        "max": 34.5793075562,
        "mean": 19.3677558899,
        "median": 19.023891449,
        "min": 2.73356032372,
        "var": 39.1108016968
    },
    "melbands_flatness_db": {
        "dmean": 0.0244863703847,
        "dmean2": 0.0337733440101,
        "dvar": 0.000929940491915,
        "dvar2": 0.00156076962594,
        "max": 0.661963522434,
        "mean": 0.337216973305,
        "median": 0.339247971773,
        "min": 0.0203156080097,
        "var": 0.0129704065621
    },
    "melbands_kurtosis": {
        "dmean": 16.9804153442,
        "dmean2": 26.0721168518,
        "dvar": 1216.20056152,
        "dvar2": 2939.95361328,
        "max": 598.727233887,
        "mean": 42.0614852905,
        "median": 23.5715103149,
        "min": -1.89762723446,
        "var": 2932.84277344
    },
    "melbands_skewness": {
        "dmean": 0.878786921501,
        "dmean2": 1.29964804649,
        "dvar": 1.46480596066,
        "dvar2": 3.38477516174,
        "max": 19.4333686829,
        "mean": 3.74480080605,
        "median": 3.25892686844,
        "min": -1.99964118004,
        "var": 6.07699632645
    },
    "melbands_spread": {
        "dmean": 4.31754112244,
        "dmean2": 6.32063579559,
        "dvar": 231.53364563,
        "dvar2": 427.197753906,
        "max": 266.775726318,
        "mean": 13.5314722061,
        "median": 4.19598484039,
        "min": 0.213729605079,
        "var": 948.750305176
    },
    "pitch_salience": {
        "dmean": 0.0648107603192,
        "dmean2": 0.0965395122766,
        "dvar": 0.00426543690264,
        "dvar2": 0.00975711923093,
        "max": 0.83929002285,
        "mean": 0.481426268816,
        "median": 0.498150914907,
        "min": 0.0613904371858,
        "var": 0.0266381129622
    },
    "silence_rate_20dB": {
        "dmean": 0,
        "dmean2": 0,
        "dvar": 0,
        "dvar2": 0,
        "max": 1,
        "mean": 1,
        "median": 1,
        "min": 1,
        "var": 0
    },
    "silence_rate_30dB": {
        "dmean": 0,
        "dmean2": 0,
        "dvar": 0,
        "dvar2": 0,
        "max": 1,
        "mean": 1,
        "median": 1,
        "min": 1,
        "var": 0
    },
    "silence_rate_60dB": {
        "dmean": 0.0433772280812,
        "dmean2": 0.0867880657315,
        "dvar": 0.0414965562522,
        "dvar2": 0.0846821665764,
        "max": 1,
        "mean": 0.247386753559,
        "median": 0,
        "min": 0,
        "var": 0.186182662845
    },
    "spectral_centroid": {
        "dmean": 137.443267822,
        "dmean2": 188.067764282,
        "dvar": 117423.390625,
        "dvar2": 180545.28125,
        "max": 6317.61767578,
        "mean": 725.102111816,
        "median": 390.196685791,
        "min": 167.851470947,
        "var": 770958.875
    },
    "spectral_complexity": {
        "dmean": 0.924089848995,
        "dmean2": 1.46687328815,
        "dvar": 1.43111658096,
        "dvar2": 2.53714895248,
        "max": 22,
        "mean": 5.83933401108,
        "median": 5,
        "min": 0,
        "var": 17.8235244751
    },
    "spectral_decrease": {
        "dmean": 7.92137189176e-10,
        "dmean2": 1.11385900503e-09,
        "dvar": 1.42311885236e-18,
        "dvar2": 2.88038599516e-18,
        "max": -5.8812689148e-14,
        "mean": -3.9118077666e-09,
        "median": -2.67007238541e-09,
        "min": -2.38125643648e-08,
        "var": 1.66105046928e-17
    },
    "spectral_energy": {
        "dmean": 0.00309356022626,
        "dmean2": 0.00433792546391,
        "dvar": 2.18958502956e-05,
        "dvar2": 4.40474032075e-05,
        "max": 0.0963067114353,
        "mean": 0.0154058169574,
        "median": 0.0103489924222,
        "min": 2.28877695463e-07,
        "var": 0.000262449932052
    },
    "spectral_energyband_high": {
        "dmean": 5.09782184963e-05,
        "dmean2": 6.8246430601e-05,
        "dvar": 7.86376546102e-08,
        "dvar2": 1.55947304847e-07,
        "max": 0.00771488063037,
        "mean": 9.40692116274e-05,
        "median": 1.64822868101e-05,
        "min": 1.69637348613e-09,
        "var": 1.58686106033e-07
    },
    "spectral_energyband_low": {
        "dmean": 0.000623764062766,
        "dmean2": 0.000879098195583,
        "dvar": 1.95974052986e-06,
        "dvar2": 5.14618113812e-06,
        "max": 0.0309920459986,
        "mean": 0.00162838946562,
        "median": 0.000571889744606,
        "min": 5.88037956106e-08,
        "var": 6.43206203677e-06
    },
    "spectral_energyband_middle_high": {
        "dmean": 0.000300431158394,
        "dmean2": 0.000386127852835,
        "dvar": 1.0755927633e-06,
        "dvar2": 1.63626589256e-06,
        "max": 0.0325208604336,
        "mean": 0.00132240273524,
        "median": 0.000125130303786,
        "min": 8.65728910782e-09,
        "var": 1.43098204717e-05
    },
    "spectral_energyband_middle_low": {
        "dmean": 0.00280361715704,
        "dmean2": 0.00394777301699,
        "dvar": 1.76935482159e-05,
        "dvar2": 3.63863364328e-05,
        "max": 0.0721437484026,
        "mean": 0.0134088583291,
        "median": 0.00919666700065,
        "min": 5.72890961337e-08,
        "var": 0.000197973859031
    },
    "spectral_entropy": {
        "dmean": 0.203554540873,
        "dmean2": 0.287363171577,
        "dvar": 0.0666154325008,
        "dvar2": 0.110291697085,
        "max": 8.57406616211,
        "mean": 6.25947761536,
        "median": 6.14142513275,
        "min": 3.44954705238,
        "var": 0.879359185696
    },
    "spectral_flux": {
        "dmean": 0.0119807077572,
        "dmean2": 0.0195716693997,
        "dvar": 0.00026344374055,
        "dvar2": 0.000639895675704,
        "max": 0.254866540432,
        "mean": 0.0318175666034,
        "median": 0.0256989710033,
        "min": 0.000478411646327,
        "var": 0.000657379627228
    },
    "spectral_kurtosis": {
        "dmean": 4.14721870422,
        "dmean2": 6.94418478012,
        "dvar": 24.9981575012,
        "dvar2": 67.1012115479,
        "max": 100.98563385,
        "mean": 12.1834774017,
        "median": 8.33948230743,
        "min": -1.40033710003,
        "var": 154.192779541
    },
    "spectral_rms": {
        "dmean": 0.00040217617061,
        "dmean2": 0.000559235108085,
        "dvar": 2.52606554341e-07,
        "dvar2": 4.76847105801e-07,
        "max": 0.00969318114221,
        "mean": 0.00330242235214,
        "median": 0.00317751127295,
        "min": 1.49430688907e-05,
        "var": 4.12406507166e-06
    },
    "spectral_rolloff": {
        "dmean": 228.767379761,
        "dmean2": 362.345703125,
        "dvar": 711648.25,
        "dvar2": 1232094.125,
        "max": 10185.2050781,
        "mean": 922.008422852,
        "median": 387.59765625,
        "min": 107.666015625,
        "var": 2835422.5
    },
    "spectral_skewness": {
        "dmean": 0.392295479774,
        "dmean2": 0.618991196156,
        "dvar": 0.155428335071,
        "dvar2": 0.360697031021,
        "max": 8.64274215698,
        "mean": 2.59875321388,
        "median": 2.41189026833,
        "min": -0.530978739262,
        "var": 1.74053609371
    },
    "spectral_spread": {
        "dmean": 455032.3125,
        "dmean2": 713637.8125,
        "dvar": 264701165568,
        "dvar2": 533592637440,
        "max": 12285361,
        "mean": 3732663.25,
        "median": 3597194.75,
        "min": 968944.1875,
        "var": 1.81759075942e+12
    },
    "spectral_strongpeak": {
        "dmean": 0.217411935329,
        "dmean2": 0.353227138519,
        "dvar": 0.141602858901,
        "dvar2": 0.320275694132,
        "max": 5.68606615067,
        "mean": 0.863368988037,
        "median": 0.531895756721,
        "min": 0.000492360326461,
        "var": 0.943087935448
    },
    "zerocrossingrate": {
        "dmean": 0.00732800085098,
        "dmean2": 0.00776047445834,
        "dvar": 0.000278532301309,
        "dvar2": 0.000212848652154,
        "max": 0.38818359375,
        "mean": 0.0358530394733,
        "median": 0.0185546875,
        "min": 0.00341796875,
        "var": 0.00258935499005
    },
    "barkbands": {
        "dmean": [6.69920297014e-08, 5.30289726157e-05, 0.000243512142333, 0.000795799947809, 0.00161699950695, 0.000476931483718, 0.000395724753616, 0.000419067800976, 0.000154688634211, 0.000142716206028, 7.19928430044e-05, 4.73136351502e-05, 8.23693626444e-05, 4.68486941827e-05, 2.2436672225e-05, 8.4196244643e-06, 1.29261525217e-05, 2.68843814411e-05, 1.81484501809e-05, 2.11558071896e-05, 7.47970034354e-06, 8.57988197822e-06, 6.56009569866e-06, 1.86870620382e-05, 1.06743009383e-05, 8.80592843089e-09, 6.5894029122e-10],
        "dmean2": [1.13760172837e-07, 6.12288786215e-05, 0.000354439165676, 0.00112867821008, 0.00237090955488, 0.000668259744998, 0.000492465973366, 0.000554110622033, 0.000189460319234, 0.000182806528755, 9.97623938019e-05, 6.4329142333e-05, 0.000107399464468, 6.02668187639e-05, 3.18637503369e-05, 1.11088493213e-05, 1.78507252713e-05, 3.75662275474e-05, 2.53207563219e-05, 2.86314843834e-05, 1.1333783732e-05, 1.19152664411e-05, 9.11593087949e-06, 2.64321915893e-05, 1.56778696692e-05, 1.42113476542e-08, 1.22091459165e-09],
        "dvar": [4.74517885922e-14, 2.28919301293e-08, 4.74188453836e-07, 2.73057730737e-06, 9.28654026211e-06, 1.10387884433e-06, 8.21301682663e-07, 4.51145206171e-06, 8.71564623139e-07, 4.43727600441e-07, 1.97208791519e-07, 2.95233864023e-08, 1.92595422277e-07, 4.11573601866e-08, 1.41699514344e-08, 2.66469490917e-09, 3.01624436538e-09, 6.73942901486e-09, 7.52089590605e-09, 3.56838580906e-09, 2.71518429962e-09, 3.34791239176e-09, 1.79729287009e-09, 1.43185410195e-08, 4.62993998696e-09, 3.64479251291e-15, 1.23367588052e-18],
        "dvar2": [1.37607969724e-13, 3.66858188272e-08, 1.37394511057e-06, 6.67579615765e-06, 2.05479409487e-05, 2.23524602916e-06, 1.15366822229e-06, 8.25303050078e-06, 1.05281242213e-06, 6.71957479881e-07, 2.96821781376e-07, 5.21095131489e-08, 3.51821370259e-07, 6.86020271701e-08, 2.97116873327e-08, 4.14654932612e-09, 5.20821874517e-09, 1.36643665272e-08, 1.46079282004e-08, 6.39105124378e-09, 6.28347107678e-09, 5.8245173129e-09, 3.49423645574e-09, 3.06932292915e-08, 1.08620126227e-08, 9.11489105222e-15, 4.08251434449e-18],
        "max": [6.03393073106e-06, 0.00371770118363, 0.0123005369678, 0.0385465547442, 0.0636358931661, 0.0251308232546, 0.0436101816595, 0.0621797591448, 0.0328707583249, 0.0245918370783, 0.019407203421, 0.00466241082177, 0.0140388617292, 0.00654156086966, 0.00338043179363, 0.0023876989726, 0.00124905328266, 0.00190889602527, 0.00319117237814, 0.0015055667609, 0.00134760851506, 0.00137118529528, 0.00162983080372, 0.00389029784128, 0.00169123255182, 1.48374442688e-06, 1.08268567445e-08],
        "mean": [7.10937300141e-08, 0.000173261651071, 0.000532508769538, 0.00217950157821, 0.00536539964378, 0.00132997031324, 0.00195860140957, 0.00172605947591, 0.000583402113989, 0.000586064474192, 0.000174439061084, 0.000125507838675, 0.000199296933715, 0.000130024520331, 5.42280031368e-05, 1.86248253158e-05, 3.33807147399e-05, 6.00845814915e-05, 4.30574727943e-05, 5.14746570843e-05, 9.35702155402e-06, 1.36823882713e-05, 1.19299274957e-05, 3.08701528411e-05, 1.50379682964e-05, 1.11921263368e-08, 5.28670940358e-10],
        "median": [2.69183466628e-08, 1.75017942183e-06, 0.000140340154758, 0.000498288136441, 0.00214445055462, 0.000342382903909, 0.0001993674814, 2.74870035355e-05, 2.14703723032e-05, 7.7039730968e-06, 1.41769705806e-05, 9.13316853257e-06, 8.92699426913e-06, 5.3324692999e-06, 2.01832335733e-06, 1.55207987973e-06, 2.11852420762e-06, 6.0865895648e-06, 4.09662607126e-06, 6.11067525824e-06, 1.03433455934e-06, 6.13271652128e-07, 1.7469683371e-06, 4.41629072157e-06, 1.20880031318e-06, 1.19347509653e-09, 1.45328457601e-10],
        "min": [3.51292744893e-11, 1.6229384156e-11, 7.50921103077e-09, 2.80636296424e-08, 2.03769907614e-08, 3.39647954206e-09, 4.48677628384e-09, 5.54258028362e-10, 2.2518487075e-10, 4.93226348652e-10, 6.58537557818e-10, 1.33915017964e-10, 3.12813247527e-10, 4.16001055825e-09, 4.49913328815e-10, 8.65610777501e-11, 2.89050935964e-11, 2.3206632449e-10, 3.12280645787e-10, 7.20829063106e-10, 4.8554951726e-11, 2.70681983772e-11, 6.97681981632e-11, 6.45091258189e-10, 6.08890049492e-10, 4.95131236358e-12, 8.4197128436e-12],
        "var": [4.61553470682e-14, 2.06060462915e-07, 1.28594513171e-06, 1.30279613586e-05, 5.62174500374e-05, 6.82131440044e-06, 2.9126273148e-05, 3.17384365189e-05, 7.26065491108e-06, 5.7708125496e-06, 8.8299628942e-07, 1.7018422227e-07, 8.15873022475e-07, 2.75176887499e-07, 4.70870524794e-08, 8.07426125959e-09, 1.66228666387e-08, 2.43926177035e-08, 2.22620162305e-08, 1.76248828865e-08, 3.07863534665e-09, 8.44586534043e-09, 3.22669202468e-09, 2.35405526183e-08, 7.15862835676e-09, 4.89540362525e-15, 9.73143042288e-19]
    },
    "erbbands": {
        "dmean": [0.000440855219495, 0.0176529046148, 0.193507090211, 1.56205677986, 3.57854819298, 7.05753231049, 4.7826833725, 3.59447813034, 3.79666352272, 9.86369991302, 7.00375413895, 3.81029653549, 3.97493243217, 3.92797875404, 2.4071495533, 2.08174324036, 3.42596364021, 2.65765571594, 1.56348359585, 0.595297396183, 0.450628936291, 0.632864356041, 1.35869240761, 0.862836480141, 1.1040507555, 0.922892987728, 0.294922232628, 0.35907253623, 0.343163281679, 0.216454088688, 0.210162907839, 0.330785006285, 0.340390503407, 0.20546220243, 0.0138970334083, 0.000608543283306, 3.05549619952e-05, 3.90537752537e-06, 2.04943421522e-06, 3.58217971552e-06],
        "dmean2": [0.000538973952644, 0.0209070276469, 0.271927475929, 2.23894619942, 5.10307502747, 10.3923377991, 6.81770610809, 5.00456190109, 4.99643373489, 11.7718114853, 9.26116752625, 4.11033821106, 4.79853153229, 4.69312095642, 3.28760552406, 2.69711470604, 4.59806680679, 3.30234646797, 2.00108218193, 0.856588721275, 0.582325696945, 0.840805470943, 1.92096555233, 1.20614755154, 1.48816144466, 1.25270199776, 0.442956894636, 0.534668087959, 0.488190770149, 0.310650408268, 0.294624149799, 0.484025895596, 0.478308558464, 0.30370464921, 0.0203657280654, 0.000893780845217, 4.44524957857e-05, 5.68295672565e-06, 2.86303429675e-06, 5.0187081797e-06],
        "dvar": [1.70313023773e-06, 0.00188166752923, 0.210970148444, 11.4614114761, 28.582452774, 251.403701782, 175.00932312, 64.1886749268, 117.284179688, 868.74786377, 1607.56884766, 476.86517334, 216.661651611, 477.084197998, 119.41607666, 45.327003479, 465.639099121, 105.53352356, 53.079990387, 12.8608322144, 5.72695064545, 5.96744060516, 18.5188846588, 15.4794902802, 24.2941436768, 5.68691587448, 2.8851044178, 6.2730717659, 5.44924545288, 1.63323104382, 2.24264144897, 5.4317650795, 3.92125654221, 1.76099348068, 0.0109540829435, 1.96503588086e-05, 4.00983388715e-08, 5.30344657079e-10, 2.42124983257e-11, 2.85235775971e-11],
        "dvar2": [2.97491806123e-06, 0.00307784276083, 0.575271129608, 28.3888816833, 60.9330825806, 588.63494873, 335.518127441, 121.577171326, 179.616470337, 1299.64245605, 2817.97436523, 417.889007568, 330.631774902, 637.696289062, 169.17414856, 65.6044921875, 870.913208008, 186.719268799, 90.6274490356, 25.7007846832, 8.41195678711, 10.841583252, 38.5252952576, 34.7884559631, 39.7352905273, 9.57434558868, 7.11589717865, 13.9692163467, 9.98512077332, 3.04312491417, 4.61089706421, 11.5285987854, 8.05940246582, 4.10490465164, 0.026941915974, 4.80542803416e-05, 9.43338278603e-08, 1.20476328913e-09, 5.37903645237e-11, 5.79632071507e-11],
        "max": [0.0347992777824, 1.13232398033, 7.64701414108, 70.5257415771, 165.386169434, 375.854919434, 439.561248779, 220.37727356, 341.84085083, 1100.67822266, 1233.36474609, 901.965820312, 641.668945312, 854.979797363, 357.43536377, 239.96295166, 700.959411621, 325.909362793, 202.3618927, 96.8424224854, 108.850753784, 62.5622329712, 103.6509552, 153.448974609, 207.233139038, 53.3273544312, 39.3484153748, 65.270652771, 54.4503479004, 37.4990119934, 59.5978050232, 82.6765213013, 54.4745903015, 32.8865509033, 3.52025747299, 0.145102187991, 0.00616826349869, 0.000662673905026, 0.000127750899992, 0.00011226443894],
        "mean": [0.00140016025398, 0.0573547407985, 0.509907305241, 4.17772245407, 11.4190292358, 21.7551002502, 14.8026199341, 9.58244228363, 12.0697689056, 55.870716095, 29.0642757416, 14.0279064178, 18.5708885193, 13.8916215897, 6.58106088638, 6.55001306534, 8.55889892578, 8.20702934265, 4.37709283829, 1.44104373455, 1.13929176331, 1.70102405548, 3.34137558937, 2.28042197227, 2.73827266693, 2.3415312767, 0.484708696604, 0.447167277336, 0.531016767025, 0.365010917187, 0.362288445234, 0.513591349125, 0.566514074802, 0.305045813322, 0.0200563259423, 0.000890561495908, 5.14980492881e-05, 7.08149718776e-06, 8.65923720994e-06, 1.77071015059e-05],
        "median": [0.000207690842217, 0.00666288658977, 0.198004409671, 1.28101849556, 5.97538900375, 5.6945142746, 4.59765100479, 3.12334108353, 2.89569664001, 2.84753155708, 0.578076124191, 0.480989068747, 0.389948457479, 0.510224223137, 0.607935488224, 0.411988526583, 0.461515963078, 0.376627087593, 0.157613247633, 0.0955778285861, 0.106844060123, 0.137487277389, 0.320248693228, 0.272817224264, 0.260879307985, 0.294703125954, 0.10326167196, 0.0284024123102, 0.0211821347475, 0.0442031025887, 0.0496465675533, 0.0725862085819, 0.0736796632409, 0.0294620972127, 0.00202777981758, 0.000101952857221, 9.60957004281e-06, 1.46587854033e-06, 5.33250067747e-06, 1.18534817375e-05],
        "min": [1.35269111468e-08, 3.99225001502e-07, 1.73198131961e-05, 9.62950362009e-05, 0.00010198050586, 4.56899797427e-05, 1.40132106026e-05, 3.27546986227e-05, 4.26772239734e-05, 3.35635741067e-05, 1.62492106028e-05, 4.71431349069e-06, 9.28072859097e-06, 2.49592776527e-05, 1.901307769e-05, 6.84743554302e-06, 1.1877083125e-05, 0.000133064721012, 0.000115699134767, 1.4415169062e-05, 5.27951533513e-06, 2.18921104533e-06, 9.49897548708e-06, 2.38328648265e-05, 1.73213102244e-05, 3.60060548701e-05, 4.98637973578e-06, 1.80151289442e-06, 1.04381456367e-06, 1.86701345228e-06, 1.95141956283e-06, 5.59480167794e-06, 1.6202835468e-05, 1.21066523207e-05, 6.25929828857e-07, 4.56950672856e-08, 9.78464420598e-09, 4.31235358533e-09, 1.39347733352e-09, 3.78921310995e-10],
        "var": [1.30239895952e-05, 0.0169387497008, 0.736827373505, 45.353717804, 245.515365601, 1436.84863281, 1081.79174805, 358.131591797, 698.97442627, 24252.1582031, 10624.1699219, 4392.23339844, 4209.31347656, 4977.00976562, 644.367431641, 431.151275635, 1649.31921387, 793.175354004, 274.865020752, 34.2435112, 21.3210124969, 33.1061096191, 72.5173950195, 44.2994995117, 79.5447311401, 31.9110355377, 3.1635658741, 8.03194618225, 13.5313587189, 3.5349187851, 3.47854733467, 8.23984622955, 7.10938644409, 2.83357524872, 0.0164478681982, 3.02098524116e-05, 6.66970834118e-08, 9.39608946204e-10, 1.01884667369e-10, 3.43587325258e-10]
    },
    "gfcc": {
        "mean": [-163.546890259, 136.452331543, -106.27191925, 34.6051635742, -85.1643371582, -0.467242091894, -56.2047805786, -13.527712822, -33.4255828857, -30.4040260315, 11.460776329, -33.0960044861, -4.30101776123],
        "cov": [[9166.95410156, 56.9707946777, -1530.22924805, -1264.66088867, -646.445617676, -329.230133057, -10.3206968307, 947.74621582, 70.8134078979, 30.1132488251, 354.21987915, -453.224060059, -157.811569214], [56.9707946777, 1906.63085938, 703.812133789, -592.131774902, 243.313156128, -281.89743042, 269.632659912, -150.478057861, 71.8200531006, -331.844970703, 266.120483398, -9.06265640259, 51.7344703674], [-1530.22924805, 703.812133789, 1313.5189209, 138.503601074, 89.2955703735, 9.37693691254, 77.6176300049, -347.810791016, 22.7300338745, -170.950714111, -22.9882411957, 186.032608032, 72.5816574097], [-1264.66088867, -592.131774902, 138.503601074, 791.154174805, 195.321929932, 181.195617676, -87.4006500244, -107.4661026, 83.4145431519, 130.628570557, -164.582138062, 144.310089111, 57.2882080078], [-646.445617676, 243.313156128, 89.2955703735, 195.321929932, 386.998840332, 46.9839363098, -5.38958358765, -42.7236022949, 107.512489319, -17.2798748016, -8.33289527893, 49.2072105408, 80.0301208496], [-329.230133057, -281.89743042, 9.37693691254, 181.195617676, 46.9839363098, 281.978149414, 71.3174819946, 48.7666854858, 11.6067972183, 127.661720276, -36.8210716248, 42.6066665649, 11.6449012756], [-10.3206968307, 269.632659912, 77.6176300049, -87.4006500244, -5.38958358765, 71.3174819946, 279.210266113, 48.1449928284, -65.0127944946, -4.48818349838, 74.8664550781, 8.61841106415, 2.92397594452], [947.74621582, -150.478057861, -347.810791016, -107.4661026, -42.7236022949, 48.7666854858, 48.1449928284, 304.77746582, 10.6313199997, 63.4772529602, 48.0643081665, -78.8940811157, -13.8516273499], [70.8134078979, 71.8200531006, 22.7300338745, 83.4145431519, 107.512489319, 11.6067972183, -65.0127944946, 10.6313199997, 216.717514038, 31.8481254578, -31.2031726837, 21.553483963, 38.9457206726], [30.1132488251, -331.844970703, -170.950714111, 130.628570557, -17.2798748016, 127.661720276, -4.48818349838, 63.4772529602, 31.8481254578, 191.471633911, -15.7445411682, -7.37671422958, 0.800314247608], [354.21987915, 266.120483398, -22.9882411957, -164.582138062, -8.33289527893, -36.8210716248, 74.8664550781, 48.0643081665, -31.2031726837, -15.7445411682, 125.726280212, -22.6235046387, -20.8162479401], [-453.224060059, -9.06265640259, 186.032608032, 144.310089111, 49.2072105408, 42.6066665649, 8.61841106415, -78.8940811157, 21.553483963, -7.37671422958, -22.6235046387, 138.467254639, 58.6394462585], [-157.811569214, 51.7344703674, 72.5816574097, 57.2882080078, 80.0301208496, 11.6449012756, 2.92397594452, -13.8516273499, 38.9457206726, 0.800314247608, -20.8162479401, 58.6394462585, 111.404945374]],
        "icov": [[0.000249547767453, -2.30592213484e-05, 0.000131564578624, 0.00010695157107, 0.000391660287278, 5.58964056836e-05, 0.000141302502016, -0.000507218181156, -0.00032432100852, 0.000161733609275, -0.000401131721446, 0.000136324088089, -0.000164972894709], [-2.30592213484e-05, 0.00457715848461, -0.00181606318802, 0.00229249801487, -0.00297818542458, 0.00223149126396, -0.00342282815836, 0.00174384948332, -0.00313046737574, 0.00249391724356, -0.00538626732305, 0.00197997107171, -0.000913222844247], [0.000131564578624, -0.00181606318802, 0.0022861410398, -0.00110621785279, 0.00182692764793, -0.00168021325953, 0.000960404344369, 0.00062252843054, 0.000421925447881, 0.000714434776455, 0.00120028597303, -0.00114897056483, -0.000299045874272], [0.00010695157107, 0.00229249801487, -0.00110621785279, 0.00446662073955, -0.00316287344322, 0.00137977069244, -0.00143124628812, 0.000399154843763, -0.00108366215136, -0.00128384248819, 0.000816589512397, -0.00197140849195, 0.00130413670558], [0.000391660287278, -0.00297818542458, 0.00182692764793, -0.00316287344322, 0.00743251712993, -0.00320749729872, 0.00246562389657, -0.000629176269285, -0.000735184643418, 0.00178118806798, -0.0005567825865, 0.00128156866413, -0.00330735184252], [5.58964056836e-05, 0.00223149126396, -0.00168021325953, 0.00137977069244, -0.00320749729872, 0.00927382335067, -0.00392398564145, -0.00149757810868, -0.000450532970717, -0.00455427635461, 0.00134283513762, -0.00206165737472, 0.00220596976578], [0.000141302502016, -0.00342282815836, 0.000960404344369, -0.00143124628812, 0.00246562389657, -0.00392398564145, 0.00834053102881, -0.00227478472516, 0.0035557472147, -0.000933704141062, 0.000518375774845, -0.00141026813071, -0.000360033125617], [-0.000507218181156, 0.00174384948332, 0.00062252843054, 0.000399154843763, -0.000629176269285, -0.00149757810868, -0.00227478472516, 0.00820548646152, -0.00207573501393, 0.00171638070606, -0.00394803937525, 0.00344032328576, -0.00228593754582], [-0.00032432100852, -0.00313046737574, 0.000421925447881, -0.00108366215136, -0.000735184643418, -0.000450532970717, 0.0035557472147, -0.00207573501393, 0.00933498237282, -0.00441390881315, 0.00610362971202, -0.00276522035711, 0.000864801171701], [0.000161733609275, 0.00249391724356, 0.000714434776455, -0.00128384248819, 0.00178118806798, -0.00455427635461, -0.000933704141062, 0.00171638070606, -0.00441390881315, 0.0139312371612, -0.00773800630122, 0.00462220190093, -0.00373573927209], [-0.000401131721446, -0.00538626732305, 0.00120028597303, 0.000816589512397, -0.0005567825865, 0.00134283513762, 0.000518375774845, -0.00394803937525, 0.00610362971202, -0.00773800630122, 0.0237111989409, -0.00684162601829, 0.00643977150321], [0.000136324088089, 0.00197997107171, -0.00114897056483, -0.00197140849195, 0.00128156866413, -0.00206165737472, -0.00141026813071, 0.00344032328576, -0.00276522035711, 0.00462220190093, -0.00684162601829, 0.0167172960937, -0.00834865029901], [-0.000164972894709, -0.000913222844247, -0.000299045874272, 0.00130413670558, -0.00330735184252, 0.00220596976578, -0.000360033125617, -0.00228593754582, 0.000864801171701, -0.00373573927209, 0.00643977150321, -0.00834865029901, 0.0158836208284]]
    },
    "melbands": {
        "dmean": [8.97852078197e-06, 7.38247472327e-05, 0.00032080130768, 0.000369535904611, 0.000210117359529, 8.39027197799e-05, 6.46542539471e-05, 0.000106851606688, 5.00446367369e-05, 2.35131428781e-05, 2.05748328881e-05, 1.63419663295e-05, 9.84752387012e-06, 5.37264622835e-06, 6.82165864418e-06, 7.5261323218e-06, 5.21790525454e-06, 2.94628284792e-06, 1.21497714645e-06, 6.64514686832e-07, 5.78261278861e-07, 5.59751129003e-07, 1.19459980397e-06, 1.43561521782e-06, 6.72263297474e-07, 7.12263840796e-07, 1.02020783288e-06, 5.47591071154e-07, 1.97204329311e-07, 1.90400413658e-07, 2.25499334761e-07, 2.11199917999e-07, 1.7326891566e-07, 1.09755788458e-07, 1.29479843736e-07, 1.20102271239e-07, 2.56137354882e-07, 2.44145041961e-07, 2.73500745607e-07, 1.45378692196e-07],
        "dmean2": [1.04783584902e-05, 0.000102262609289, 0.000459918315755, 0.000540998880751, 0.00030238807085, 0.000116333882033, 8.39307540446e-05, 0.000131922555738, 6.66531777824e-05, 2.5577543056e-05, 2.50453067565e-05, 1.96733308258e-05, 1.34192205223e-05, 7.24372966943e-06, 9.48047272686e-06, 9.6318372016e-06, 6.76167701386e-06, 3.72601948584e-06, 1.80290533081e-06, 9.45113640682e-07, 7.71201655425e-07, 7.70495603319e-07, 1.62776507295e-06, 2.04752927857e-06, 9.55096425059e-07, 9.40349480061e-07, 1.35021866754e-06, 7.64412391163e-07, 3.03688324266e-07, 2.9654069067e-07, 3.40394251452e-07, 3.0371018056e-07, 2.46994972031e-07, 1.57450003258e-07, 1.85136755704e-07, 1.79432390723e-07, 4.0185710759e-07, 3.41465010933e-07, 4.04321070846e-07, 2.17861526153e-07],
        "dvar": [7.20001003263e-10, 3.15394856898e-08, 3.48191463218e-07, 4.25903436962e-07, 2.65281556722e-07, 3.56462024342e-08, 2.7872486541e-08, 1.37942123501e-07, 7.84619018646e-08, 1.6508646894e-08, 5.72454617043e-09, 8.69449845453e-09, 2.71754996284e-09, 4.27872487441e-10, 1.08770981111e-09, 1.88619364572e-09, 5.07928032967e-10, 2.08588160633e-10, 6.99115279557e-11, 1.97432625804e-11, 8.39523242591e-12, 4.53083100552e-12, 2.18874276342e-11, 2.40106459021e-11, 1.29224192111e-11, 1.26173125767e-11, 1.4193523093e-11, 1.91696897071e-12, 1.20315346228e-12, 3.57777284361e-12, 2.73930140723e-12, 2.09073817287e-12, 1.42109566302e-12, 3.2676986117e-13, 9.04216642967e-13, 8.91068848482e-13, 3.28193548726e-12, 2.13639804632e-12, 2.66334762404e-12, 9.56895261812e-13],
        "dvar2": [1.18740839383e-09, 8.64895071118e-08, 8.5837206143e-07, 1.00339309483e-06, 5.33018749138e-07, 6.54798597566e-08, 4.26343689242e-08, 2.31037148524e-07, 1.35585736416e-07, 1.43451890366e-08, 8.61173443667e-09, 1.16198402011e-08, 3.72389452608e-09, 7.87854725903e-10, 1.88111060062e-09, 3.79151554597e-09, 9.70304836478e-10, 3.15084097702e-10, 1.56093971082e-10, 3.61140700678e-11, 1.32585461707e-11, 8.05127145509e-12, 4.2418579066e-11, 5.16487720648e-11, 2.95349092405e-11, 2.16453504426e-11, 2.60830072818e-11, 3.70757764767e-12, 2.97290599256e-12, 9.2702200083e-12, 6.35989481565e-12, 4.03667680879e-12, 2.84049476648e-12, 6.21889258839e-13, 2.10746003981e-12, 1.58003449734e-12, 7.95755822347e-12, 4.61557528308e-12, 6.00910597323e-12, 2.32352375187e-12],
        "max": [0.000657505763229, 0.00279954727739, 0.0125209409744, 0.0136173237115, 0.0150777297094, 0.00568299787119, 0.00532597256824, 0.0122907711193, 0.00814889930189, 0.0048714983277, 0.00321111315861, 0.00387873942964, 0.00196285592392, 0.000617557147052, 0.00144345301669, 0.00153525348287, 0.000745691242628, 0.000486847187858, 0.000310414121486, 0.000187478231965, 9.83627614914e-05, 5.58636820642e-05, 0.000103825579572, 0.000154274690431, 0.000149481318658, 0.000173242937308, 0.000119563257613, 2.80747572106e-05, 2.75595593848e-05, 6.65209154249e-05, 3.91423345718e-05, 3.33480420522e-05, 3.06990114041e-05, 1.64960729307e-05, 3.7852278183e-05, 3.66441709048e-05, 5.96967947786e-05, 4.49838480563e-05, 3.85592102248e-05, 2.5553854357e-05],
        "mean": [2.91264750558e-05, 0.000190000893781, 0.000929415691644, 0.00120750069618, 0.000646306143608, 0.000221806796617, 0.000236748179304, 0.000571098178625, 0.000199189555133, 8.21679495857e-05, 9.22144972719e-05, 5.72699027543e-05, 2.43934409809e-05, 1.44710120367e-05, 1.93453633983e-05, 1.76054854819e-05, 1.49300176417e-05, 7.743333299e-06, 2.6137504392e-06, 1.49181903453e-06, 1.35123570999e-06, 1.47911066506e-06, 2.58165687228e-06, 3.49246874976e-06, 1.56311750743e-06, 1.64173764006e-06, 2.46608146881e-06, 1.2887342109e-06, 3.11452652113e-07, 2.08070886742e-07, 2.67255899189e-07, 3.06909157644e-07, 2.49222125603e-07, 1.90995535831e-07, 2.15563090933e-07, 1.88773483956e-07, 3.78890717911e-07, 3.93110013874e-07, 4.13461464177e-07, 2.00041100129e-07],
        "median": [3.46121964867e-07, 5.37987762073e-05, 0.000347657711245, 0.000534651626367, 0.000201843984541, 5.94670163991e-05, 4.2342220695e-05, 2.57891606452e-05, 3.1232755191e-06, 2.91898913929e-06, 1.7931391767e-06, 1.71076430888e-06, 2.18908667193e-06, 1.00545059922e-06, 1.00815930182e-06, 9.56331973612e-07, 5.50273568933e-07, 2.14825007561e-07, 1.33314770778e-07, 1.09659069381e-07, 1.18774785562e-07, 1.22356311749e-07, 1.60380025704e-07, 2.90221095156e-07, 1.80808413575e-07, 1.40671090776e-07, 2.07364294624e-07, 1.63394631159e-07, 6.34581738268e-08, 1.6715080875e-08, 7.55537854502e-09, 8.0210655895e-09, 1.34903261895e-08, 2.49201050906e-08, 3.08612513322e-08, 1.70760436902e-08, 4.9488093623e-08, 5.17659124455e-08, 3.94210175614e-08, 1.62022466554e-08],
        "min": [6.16624806771e-12, 3.19956527939e-09, 1.75981025308e-08, 5.85265746977e-09, 5.6091548073e-10, 7.47048201077e-10, 6.39657882218e-10, 2.81069612029e-10, 1.22264490199e-10, 2.37173839596e-11, 5.12138075004e-11, 8.94969237608e-11, 8.75267844314e-11, 1.92417765749e-11, 1.18685157188e-11, 3.58075687157e-11, 3.1931596256e-10, 2.18306692168e-10, 2.8514707956e-11, 7.72713577152e-12, 5.84063396605e-12, 2.04284159033e-12, 2.96061309149e-12, 1.30512970223e-11, 2.12093294316e-11, 6.86914587711e-12, 2.33492131879e-11, 2.4080530972e-11, 2.63163340945e-12, 1.05932092525e-12, 1.00659606518e-12, 5.09718352595e-13, 7.23381207365e-13, 1.14950854824e-12, 9.96533042717e-13, 9.18604602107e-13, 4.84212149543e-12, 9.20244176e-12, 1.66465678048e-11, 7.95305401396e-12],
        "var": [6.18847950662e-09, 1.14738355705e-07, 1.67454197708e-06, 2.82584596789e-06, 1.41472662563e-06, 2.00931921768e-07, 2.79242499346e-07, 2.47053299063e-06, 6.02082081969e-07, 1.39608886229e-07, 1.05180248511e-07, 9.63525934594e-08, 1.44404168623e-08, 2.21848805992e-09, 6.64624710822e-09, 5.42288614014e-09, 3.12977221917e-09, 1.14119513839e-09, 1.4798214043e-10, 5.51811062122e-11, 3.09726272407e-11, 2.77523941328e-11, 6.69771876849e-11, 1.05125831651e-10, 3.03842957738e-11, 3.64690048993e-11, 5.48088553709e-11, 8.95754043856e-12, 1.33616316796e-12, 2.92050845313e-12, 3.33406869821e-12, 4.94121193614e-12, 2.70349086e-12, 7.32090874467e-13, 1.16767218724e-12, 1.45106843208e-12, 4.25639254745e-12, 3.34755552271e-12, 4.41049237063e-12, 1.46641802434e-12]
    },
    "mfcc": {
        "mean": [-803.512695312, 141.087051392, 30.8357257843, 10.4491262436, 2.97920012474, -21.1184768677, 0.723123729229, -15.5080270767, -34.3504753113, -10.7951869965, -16.4086914062, -9.09587287903, -11.7412414551],
        "cov": [[9238.02050781, 233.333877563, -1520.15527344, -984.704406738, -355.284393311, -1355.89477539, 224.072128296, 85.6089706421, -207.076049805, 953.647094727, 363.528747559, 96.1333847046, 102.226463318], [233.333877563, 2336.79614258, 330.290405273, -250.719497681, -70.6229248047, -312.223144531, 162.441421509, 171.856170654, -222.945022583, -25.6335906982, -202.654998779, 27.1450634003, 119.900985718], [-1520.15527344, 330.290405273, 1028.70446777, 207.464828491, -17.0337104797, 334.815155029, -48.145526886, 47.0251426697, 68.8468475342, -307.042266846, -115.037384033, 35.2889175415, 52.2431182861], [-984.704406738, -250.719497681, 207.464828491, 502.226379395, 261.568023682, 346.664489746, -69.8672103882, 50.4408760071, 168.796783447, -91.7080154419, -9.53917121887, 26.9052391052, 13.8949174881], [-355.284393311, -70.6229248047, -17.0337104797, 261.568023682, 475.914031982, 226.998352051, -99.4642333984, 67.3657150269, 194.159713745, 68.4005889893, 29.5755462646, 46.778011322, 16.8910236359], [-1355.89477539, -312.223144531, 334.815155029, 346.664489746, 226.998352051, 588.135192871, -6.92594909668, 42.3619232178, 233.560775757, -96.2961044312, 58.8533248901, 45.7241325378, 36.8920516968], [224.072128296, 162.441421509, -48.145526886, -69.8672103882, -99.4642333984, -6.92594909668, 391.84487915, 88.1808929443, 31.8203010559, 104.64427948, 70.4555892944, 40.1921882629, 88.7975006104], [85.6089706421, 171.856170654, 47.0251426697, 50.4408760071, 67.3657150269, 42.3619232178, 88.1808929443, 178.795440674, 87.5095291138, 48.7391700745, 19.0215549469, 31.0527534485, 59.3690338135], [-207.076049805, -222.945022583, 68.8468475342, 168.796783447, 194.159713745, 233.560775757, 31.8203010559, 87.5095291138, 286.310180664, 77.5916442871, 79.8328933716, 51.5510444641, 39.8310775757], [953.647094727, -25.6335906982, -307.042266846, -91.7080154419, 68.4005889893, -96.2961044312, 104.64427948, 48.7391700745, 77.5916442871, 354.414001465, 143.522735596, 14.7978830338, 36.9537506104], [363.528747559, -202.654998779, -115.037384033, -9.53917121887, 29.5755462646, 58.8533248901, 70.4555892944, 19.0215549469, 79.8328933716, 143.522735596, 223.314071655, 41.6668815613, 5.84575653076], [96.1333847046, 27.1450634003, 35.2889175415, 26.9052391052, 46.778011322, 45.7241325378, 40.1921882629, 31.0527534485, 51.5510444641, 14.7978830338, 41.6668815613, 105.493499756, 35.8148727417], [102.226463318, 119.900985718, 52.2431182861, 13.8949174881, 16.8910236359, 36.8920516968, 88.7975006104, 59.3690338135, 39.8310775757, 36.9537506104, 5.84575653076, 35.8148727417, 133.283340454]],
