{
"lowlevel": {
    "average_loudness": 0.97422593832,
    "barkbands_crest": {
        "dmean": 3.51845622063,
        "dmean2": 5.32093334198,
        "dvar": 10.2342576981,
        "dvar2": 20.2946929932,
        "max": 25.9171066284,
        "mean": 11.554898262,
        "median": 9.3357629776,
        "min": 2.27520942688,
        "var": 42.0043945312
    },
    "barkbands_flatness_db": {
        "dmean": 0.0354683361948,
        "dmean2": 0.0498244799674,
        "dvar": 0.00111669057515,
        "dvar2": 0.00217928178608,
        "max": 0.434642612934,
        "mean": 0.167605191469,
        "median": 0.140322059393,
        "min": 0.0484751611948,
        "var": 0.0059151747264
    },
    "barkbands_kurtosis": {
        "dmean": 16.2969989777,
        "dmean2": 25.6175785065,
        "dvar": 1808.59863281,
        "dvar2": 4394.08105469,
        "max": 484.156036377,
        "mean": 18.0039024353,
        "median": 1.04789066315,
        "min": -1.83443784714,
        "var": 2327.88085938
    },
    "barkbands_skewness": {
        "dmean": 1.36524367332,
        "dmean2": 1.95101690292,
        "dvar": 2.89631295204,
        "dvar2": 6.12760305405,
        "max": 18.8824825287,
        "mean": 2.29391336441,
        "median": 1.28577780724,
        "min": -1.29169595242,
        "var": 9.43738079071
    },
    "barkbands_spread": {
        "dmean": 9.66082000732,
        "dmean2": 14.7492866516,
        "dvar": 94.3349533081,
        "dvar2": 198.950363159,
        "max": 85.5976867676,
        "mean": 27.268239975,
        "median": 26.6961040497,
        "min": 0.372401684523,
        "var": 278.45199585
    },
    "dissonance": {
        "dmean": 0.0137433428317,
        "dmean2": 0.0231699384749,
        "dvar": 0.00020948315796,
        "dvar2": 0.000537392974366,
        "max": 0.499999850988,
        "mean": 0.477923512459,
        "median": 0.483134388924,
        "min": 0.357530087233,
        "var": 0.000346382847056
    },
    "dynamic_complexity": 3.91098403931,
    "erbbands_crest": {
        "dmean": 3.00624203682,
        "dmean2": 4.86128091812,
        "dvar": 7.87614154816,
        "dvar2": 17.2504711151,
        "max": 25.8383159637,
        "mean": 8.54064083099,
        "median": 7.60367918015,
        "min": 2.41881299019,
        "var": 16.8197574615
    },
    "erbbands_flatness_db": {
        "dmean": 0.0189747475088,
        "dmean2": 0.0290783662349,
        "dvar": 0.000300735759083,
        "dvar2": 0.0006106091314,
        "max": 0.283121317625,
        "mean": 0.162503033876,
        "median": 0.159803539515,
        "min": 0.0973205417395,
        "var": 0.00103264104109
    },
    "erbbands_kurtosis": {
        "dmean": 1.04512870312,
        "dmean2": 1.64080953598,
        "dvar": 1.3151396513,
        "dvar2": 3.01470541954,
        "max": 11.7109079361,
        "mean": 0.329311698675,
        "median": -0.159348487854,
        "min": -1.69002974033,
        "var": 2.89976644516
    },
    "erbbands_skewness": {
        "dmean": 0.450905770063,
        "dmean2": 0.667313575745,
        "dvar": 0.178251311183,
        "dvar2": 0.381983399391,
        "max": 2.81017923355,
        "mean": -0.140560343862,
        "median": -0.14144936204,
        "min": -2.38647079468,
        "var": 0.616416454315
    },
    "erbbands_spread": {
        "dmean": 13.9398994446,
        "dmean2": 21.1238155365,
        "dvar": 193.16835022,
        "dvar2": 400.673583984,
        "max": 133.466903687,
        "mean": 47.9396705627,
        "median": 43.3333015442,
        "min": 7.20316791534,
        "var": 541.633178711
    },
    "hfc": {
        "dmean": 10.3871383667,
        "dmean2": 15.657740593,
        "dvar": 282.404815674,
        "dvar2": 676.165771484,
        "max": 124.471099854,
        "mean": 15.6250133514,
        "median": 7.77006244659,
        "min": 0.000270284130238,
        "var": 400.113128662
    },
    "melbands_crest": {
        "dmean": 4.29938364029,
        "dmean2": 6.51066732407,
        "dvar": 14.255194664,
        "dvar2": 29.402141571,
        "max": 36.9642181396,
        "mean": 16.2720432281,
        "median": 14.4831867218,
        "min": 2.92658638954,
        "var": 71.4761047363
    },
    "melbands_flatness_db": {
        "dmean": 0.0476530790329,
        "dmean2": 0.0629592984915,
        "dvar": 0.00183045386802,
        "dvar2": 0.00325040472671,
        "max": 0.533499062061,
        "mean": 0.189908236265,
        "median": 0.1571854949,
        "min": 0.0225590765476,
        "var": 0.0119943600148
    },
    "melbands_kurtosis": {
        "dmean": 40.7800254822,
        "dmean2": 63.8649749756,
        "dvar": 9176.78710938,
        "dvar2": 21818.3027344,
        "max": 1084.50646973,
        "mean": 52.1699790955,
        "median": 8.37660121918,
        "min": -1.57365381718,
        "var": 12725.0976562
    },
    "melbands_skewness": {
        "dmean": 1.86101055145,
        "dmean2": 2.64220309258,
        "dvar": 4.84067440033,
        "dvar2": 9.92262077332,
        "max": 26.3003234863,
        "mean": 4.21813774109,
        "median": 2.70772123337,
        "min": -0.811023950577,
        "var": 17.24751091
    },
    "melbands_spread": {
        "dmean": 14.991689682,
        "dmean2": 23.1311378479,
        "dvar": 290.86416626,
        "dvar2": 629.491882324,
        "max": 141.58757019,
        "mean": 33.3483695984,
        "median": 26.6909370422,
        "min": 0.346915692091,
        "var": 780.635009766
    },
    "pitch_salience": {
        "dmean": 0.105831637979,
        "dmean2": 0.152418166399,
        "dvar": 0.00805881712586,
        "dvar2": 0.0163424126804,
        "max": 0.850011885166,
        "mean": 0.503221035004,
        "median": 0.537255585194,
        "min": 0.0433269366622,
        "var": 0.0350311882794
    },
    "silence_rate_20dB": {
        "dmean": 0,
        "dmean2": 0,
        "dvar": 0,
        "dvar2": 0,
        "max": 1,
        "mean": 1,
        "median": 1,
        "min": 1,
        "var": 0
    },
    "silence_rate_30dB": {
        "dmean": 0.0310077518225,
        "dmean2": 0.0620636157691,
        "dvar": 0.0300461146981,
        "dvar2": 0.0830379724503,
        "max": 1,
        "mean": 0.980635166168,
        "median": 1,
        "min": 0,
        "var": 0.0189900174737
    },
    "silence_rate_60dB": {
        "dmean": 0.119379848242,
        "dmean2": 0.238944917917,
        "dvar": 0.105128407478,
        "dvar2": 0.217539459467,
        "max": 1,
        "mean": 0.219209909439,
        "median": 0,
        "min": 0,
        "var": 0.171155288815
    },
    "spectral_centroid": {
        "dmean": 450.913421631,
        "dmean2": 673.748962402,
        "dvar": 196664.625,
        "dvar2": 462538.375,
        "max": 3707.63793945,
        "mean": 1909.97351074,
        "median": 1940.53283691,
        "min": 178.942321777,
        "var": 627283.875
    },
    "spectral_complexity": {
        "dmean": 6.86201572418,
        "dmean2": 9.9550037384,
        "dvar": 71.0969772339,
        "dvar2": 137.282867432,
        "max": 60,
        "mean": 13.3872966766,
        "median": 10,
        "min": 0,
        "var": 136.406005859
    },
    "spectral_decrease": {
        "dmean": 4.26798107966e-09,
        "dmean2": 7.28774507408e-09,
        "dvar": 4.72990410762e-17,
        "dvar2": 1.31634796294e-16,
        "max": -1.14293475942e-13,
        "mean": -6.37944719273e-09,
        "median": -2.74634537334e-09,
        "min": -4.65213929601e-08,
        "var": 7.22485553562e-17
    },
    "spectral_energy": {
        "dmean": 0.0167823042721,
        "dmean2": 0.0286577790976,
        "dvar": 0.000707500963472,
        "dvar2": 0.00195421767421,
        "max": 0.177350953221,
        "mean": 0.0254947468638,
        "median": 0.0117593947798,
        "min": 4.55885526662e-07,
        "var": 0.00109422532842
    },
    "spectral_energyband_high": {
        "dmean": 0.000700176751707,
        "dmean2": 0.00105466821697,
        "dvar": 1.53862390562e-06,
        "dvar2": 3.31258684128e-06,
        "max": 0.00861484929919,
        "mean": 0.000932602619287,
        "median": 0.000299682433251,
        "min": 2.63292996294e-08,
        "var": 2.2084950615e-06
    },
    "spectral_energyband_low": {
        "dmean": 0.0136846452951,
        "dmean2": 0.0228772349656,
        "dvar": 0.00058443879243,
        "dvar2": 0.00166177912615,
        "max": 0.17298951745,
        "mean": 0.0176487248391,
        "median": 0.00248617818579,
        "min": 1.30769819862e-07,
        "var": 0.000832071586046
    },
    "spectral_energyband_middle_high": {
        "dmean": 0.00250394758768,
        "dmean2": 0.00404971744865,
        "dvar": 1.71829615283e-05,
        "dvar2": 4.5049120672e-05,
        "max": 0.03211241588,
        "mean": 0.00334606203251,
        "median": 0.00145352329127,
        "min": 3.44812391972e-08,
        "var": 1.98743855435e-05
    },
    "spectral_energyband_middle_low": {
        "dmean": 0.00449290219694,
        "dmean2": 0.007785723079,
        "dvar": 0.000141195137985,
        "dvar2": 0.000375487958081,
        "max": 0.0877315551043,
        "mean": 0.00459978776053,
        "median": 0.00157448672689,
        "min": 5.63636106676e-08,
        "var": 0.000102275371319
    },
    "spectral_entropy": {
        "dmean": 0.178481310606,
        "dmean2": 0.242866739631,
        "dvar": 0.0234229899943,
        "dvar2": 0.0394887514412,
        "max": 8.89983272552,
        "mean": 7.75021839142,
        "median": 7.79633188248,
        "min": 6.45280790329,
        "var": 0.109500415623
    },
    "spectral_flux": {
        "dmean": 0.0383834317327,
        "dmean2": 0.0596110112965,
        "dvar": 0.00229870900512,
        "dvar2": 0.00458936486393,
        "max": 0.381417632103,
        "mean": 0.092077948153,
        "median": 0.0701296329498,
        "min": 0.000675192975905,
        "var": 0.0055069886148
    },
    "spectral_kurtosis": {
        "dmean": 1.26775705814,
        "dmean2": 2.13422250748,
        "dvar": 1.95490896702,
        "dvar2": 5.61130905151,
        "max": 12.3207206726,
        "mean": 1.93126821518,
        "median": 1.61417245865,
        "min": -0.961600065231,
        "var": 2.53323912621
    },
    "spectral_rms": {
        "dmean": 0.00140279601328,
        "dmean2": 0.00223663891666,
        "dvar": 3.04549553221e-06,
        "dvar2": 7.38777862352e-06,
        "max": 0.0131539087743,
        "mean": 0.00406871689484,
        "median": 0.00338711962104,
        "min": 2.1089485017e-05,
        "var": 8.318482287e-06
    },
    "spectral_rolloff": {
        "dmean": 863.499206543,
        "dmean2": 1409.08068848,
        "dvar": 1228784.25,
        "dvar2": 2476631.75,
        "max": 9151.61132812,
        "mean": 1928.14758301,
        "median": 1571.92382812,
        "min": 64.599609375,
        "var": 3196317.25
    },
    "spectral_skewness": {
        "dmean": 0.215675577521,
        "dmean2": 0.335584700108,
        "dvar": 0.0384184084833,
        "dvar2": 0.101273104548,
        "max": 2.30994462967,
        "mean": 1.01089060307,
        "median": 0.989755749702,
        "min": 0.134651526809,
        "var": 0.10125888139
    },
    "spectral_spread": {
        "dmean": 693923.625,
        "dmean2": 1039901.5,
        "dvar": 644610588672,
        "dvar2": 1.09996081152e+12,
        "max": 23040698,
        "mean": 4610379,
        "median": 4514782.5,
        "min": 2365528.25,
        "var": 1.15979544166e+12
    },
    "spectral_strongpeak": {
        "dmean": 0.524602353573,
        "dmean2": 0.862028837204,
        "dvar": 1.04762899876,
        "dvar2": 2.14101958275,
        "max": 8.3311290741,
        "mean": 0.714996814728,
        "median": 0.301914185286,
        "min": 0,
        "var": 1.57787644863
    },
    "zerocrossingrate": {
        "dmean": 0.0164138209075,
        "dmean2": 0.0164757985622,
        "dvar": 0.000205128017114,
        "dvar2": 0.000189081765711,
        "max": 0.25341796875,
        "mean": 0.0731381773949,
        "median": 0.07421875,
        "min": 0.001953125,
        "var": 0.00184875866398
    },
    "barkbands": {
        "dmean": [0.000770027458202, 0.0115619655699, 0.00267240824178, 0.00214053899981, 0.00167822244111, 0.000344543426763, 0.000296840706142, 0.000224446121138, 0.000263231428107, 0.00012804409198, 0.000153049579239, 0.000208147626836, 0.000301117164781, 0.000297209771816, 0.000464341894258, 0.000293209479423, 0.000252962548984, 0.000270230666501, 0.000570613949094, 0.000308868300635, 0.000299675157294, 0.000118181516882, 0.000115524453577, 0.000144836682011, 3.84477752959e-05, 2.54511114406e-08, 2.06974704042e-09],
        "dmean2": [0.0013036755845, 0.0199192613363, 0.00450267875567, 0.00379666429944, 0.00291301123798, 0.00059247011086, 0.000532973499503, 0.000378838769393, 0.000423001300078, 0.000203497911571, 0.000257708568824, 0.00033927304321, 0.000484755291836, 0.000505653966684, 0.00076301646186, 0.000482815521536, 0.000427717895946, 0.000478051078971, 0.000964528298937, 0.000504141789861, 0.000502294220496, 0.000164657802088, 0.000168564889464, 0.000200228445465, 5.71569871681e-05, 3.98529316215e-08, 3.96402199954e-09],
        "dvar": [2.38645111494e-06, 0.000513122766279, 4.38005336036e-05, 3.7654863263e-05, 2.3557951863e-05, 6.57796704218e-07, 7.06276864548e-07, 1.98482354108e-07, 2.96323435123e-07, 6.94520636557e-08, 1.00259704539e-07, 1.96328116431e-07, 4.88193904857e-07, 3.76015520942e-07, 9.65173853729e-07, 4.08936330132e-07, 2.88452071118e-07, 4.60538956304e-07, 9.93427761387e-07, 3.67357671394e-07, 4.65237235403e-07, 4.54897524094e-08, 5.2584073984e-08, 5.14023206222e-08, 3.71777808539e-09, 2.17952631108e-15, 1.59737536304e-16],
        "dvar2": [6.83548796587e-06, 0.0014885251876, 0.000110937893623, 0.000101963800262, 6.25470929663e-05, 1.84264445124e-06, 1.90914397535e-06, 5.43133012343e-07, 7.00250836871e-07, 1.66520720768e-07, 2.40101400095e-07, 4.90364016059e-07, 1.23694144349e-06, 9.717876992e-07, 2.30153227676e-06, 9.22401511616e-07, 7.80596792538e-07, 1.28665112697e-06, 2.3833481464e-06, 9.46068325902e-07, 1.25851170196e-06, 8.31041617744e-08, 1.00555809013e-07, 1.07197706711e-07, 7.51184447978e-09, 5.04883432628e-15, 4.73684858664e-16],
        "max": [0.0124163096771, 0.149980813265, 0.0707190036774, 0.0550713688135, 0.0436933003366, 0.00725446175784, 0.0151676647365, 0.00318306963891, 0.0108202248812, 0.0037654871121, 0.00586916180328, 0.00485583627596, 0.0129305934533, 0.00758216576651, 0.0126846106723, 0.00982650090009, 0.00525228539482, 0.00622026529163, 0.00954886432737, 0.00459228921682, 0.00525961536914, 0.00219044554979, 0.00275738793425, 0.00391361815855, 0.00080224708654, 7.61735066135e-07, 2.4195864512e-07],
        "mean": [0.000808085140307, 0.013048550114, 0.00280406721868, 0.00168198579922, 0.00152856169734, 0.000421669217758, 0.00024653118453, 0.000259747932432, 0.000387478125049, 0.000153875123942, 0.000191101702512, 0.000224390110816, 0.000375205971068, 0.000288119073957, 0.000479655165691, 0.00035096090869, 0.000233100072364, 0.000238769716816, 0.000636254728306, 0.000321289408021, 0.000288538896712, 0.000156460271683, 0.000141124939546, 0.000179752561962, 4.94512569276e-05, 3.10423722283e-08, 1.31496902256e-09],
        "median": [9.92430286715e-05, 0.00125435262453, 0.000287496222882, 0.000105288578197, 0.00029836181784, 0.000142361765029, 6.56011325191e-05, 5.95783603785e-05, 0.000100170531368, 4.85995988129e-05, 5.90270974499e-05, 4.91975952173e-05, 7.99338813522e-05, 7.83949217293e-05, 9.62954582064e-05, 7.52651685616e-05, 5.16764921485e-05, 5.47979616385e-05, 0.00010790865781, 7.33456763555e-05, 5.85706984566e-05, 3.93177651858e-05, 3.67887769244e-05, 4.79080299556e-05, 1.47349928739e-05, 9.06575614579e-09, 1.65632521587e-10],
        "min": [2.11525530425e-09, 6.73590960787e-08, 4.57036009038e-08, 7.51229034535e-09, 1.5610929438e-08, 1.87069471025e-09, 8.60192450602e-09, 1.76560899234e-09, 1.5641126172e-09, 3.76192632601e-09, 9.1548046921e-10, 3.06529290839e-09, 8.48964631928e-09, 1.39918332476e-09, 6.63533361589e-09, 4.64708849179e-09, 1.00267005809e-09, 1.54289969689e-09, 2.13728301723e-09, 4.17123091623e-09, 5.03970021271e-09, 5.67046143374e-09, 4.32339364309e-09, 7.65227259336e-09, 4.89484730526e-10, 5.09163848236e-12, 6.77833657259e-12],
        "var": [2.68049893748e-06, 0.000588110415265, 4.05749233323e-05, 2.56587518379e-05, 1.66482586792e-05, 5.63480512028e-07, 5.43517444385e-07, 2.08267636026e-07, 7.31679392629e-07, 8.67584688535e-08, 2.13311352582e-07, 2.11869618738e-07, 7.80054904226e-07, 3.63937687098e-07, 1.21817186027e-06, 6.86579085141e-07, 2.41212717356e-07, 3.1666814948e-07, 1.39449900871e-06, 3.61820895023e-07, 3.79957327823e-07, 7.70170842657e-08, 7.26432531906e-08, 1.00152398375e-07, 6.50780496159e-09, 3.53514579196e-15, 8.35781967435e-17]
    },
    "erbbands": {
        "dmean": [0.410072594881, 2.40827798843, 3.12945246696, 6.1682267189, 7.03686237335, 4.43003702164, 3.27386665344, 2.66684675217, 2.78370380402, 6.33528614044, 4.55527067184, 5.69897174835, 5.04024410248, 4.36854791641, 6.79959964752, 8.17879772186, 12.6159152985, 14.9074850082, 18.2590274811, 21.2752304077, 16.1326503754, 13.6989822388, 14.8677797318, 25.2428894043, 24.5115337372, 14.1864690781, 14.6552019119, 7.82905864716, 4.49939727783, 4.08668899536, 3.12459516525, 2.85985779762, 2.40222764015, 0.834274590015, 0.0505056045949, 0.00230182800442, 0.000134511399665, 2.03977670026e-05, 1.13623791549e-05, 1.99149399123e-05],
        "dmean2": [0.708695948124, 4.09950685501, 5.29213142395, 10.8957929611, 12.0986690521, 7.85171175003, 5.78009033203, 4.62607526779, 4.96889829636, 11.1544914246, 7.68940973282, 9.07761859894, 7.83681631088, 7.068775177, 11.0155277252, 13.5578317642, 20.2145824432, 24.987695694, 30.7233371735, 35.2529449463, 26.310667038, 23.2418880463, 26.1984119415, 43.2468948364, 40.1588554382, 23.3956947327, 25.5201377869, 12.2370262146, 6.35125112534, 5.85491800308, 4.55467510223, 4.0985159874, 3.40073919296, 1.21462929249, 0.0752481371164, 0.00340887857601, 0.000191348430235, 2.83266363112e-05, 1.81909636012e-05, 3.37271740136e-05],
        "dvar": [0.563058078289, 26.9510688782, 51.1200447083, 298.872161865, 401.552337646, 168.9737854, 84.763885498, 40.9788703918, 47.4302253723, 265.794586182, 81.3698654175, 142.591995239, 107.551551819, 104.700645447, 161.673492432, 445.233825684, 803.086181641, 952.090209961, 1272.52612305, 2208.71899414, 1246.31787109, 828.885253906, 1227.76135254, 2848.59667969, 1679.88330078, 844.389343262, 1393.58947754, 215.36605835, 63.7481880188, 88.9136505127, 33.4637565613, 24.9291381836, 12.5118503571, 1.48074734211, 0.0083162356168, 1.64214834513e-05, 3.87309846417e-08, 8.08526579021e-10, 2.63548322055e-10, 9.24832932458e-10],
        "dvar2": [1.6855789423, 76.2146606445, 124.407897949, 825.347290039, 1027.69262695, 472.052764893, 237.068145752, 116.605651855, 132.167327881, 724.307250977, 219.29385376, 321.477996826, 252.672515869, 238.394714355, 386.812561035, 1173.08251953, 2069.29785156, 2473.00341797, 3202.9128418, 5191.14599609, 2902.73925781, 2250.64257812, 3413.10791016, 6653.81689453, 4292.56933594, 2238.17504883, 3910.26367188, 495.988647461, 113.04019928, 186.552337646, 62.6765098572, 51.5481414795, 25.3411083221, 2.89421749115, 0.0192455966026, 3.73047332687e-05, 7.89960594716e-08, 1.53176993312e-09, 5.84016335292e-10, 2.45441866831e-09],
        "max": [6.08883571625, 35.8328094482, 64.8666687012, 143.034118652, 181.299255371, 143.66758728, 106.438865662, 57.6462211609, 74.2082061768, 272.843475342, 68.0700912476, 243.866149902, 165.379577637, 224.180145264, 186.263198853, 354.757629395, 470.770111084, 482.575531006, 357.823822021, 723.217712402, 516.327880859, 239.436157227, 304.682342529, 561.062744141, 333.055480957, 205.156799316, 310.425964355, 120.036727905, 71.2545471191, 114.968223572, 73.3773422241, 74.1089477539, 60.1534309387, 13.8600234985, 1.05892217159, 0.0481769517064, 0.00182618491817, 0.000297682679957, 0.000126618353534, 0.00020812972798],
        "mean": [0.442433387041, 2.63795161247, 3.5150282383, 5.13533353806, 5.97927284241, 4.15103912354, 3.6195333004, 3.17222189903, 2.62693333626, 5.79636383057, 5.57172346115, 8.5011138916, 6.89687013626, 5.66077184677, 8.62738323212, 8.87647247314, 15.5383987427, 16.290096283, 18.7273731232, 24.0541591644, 20.0591964722, 13.6941823959, 13.8997268677, 30.0958652496, 25.102514267, 14.3485946655, 12.553024292, 9.26110458374, 6.06510257721, 4.7015337944, 3.92597818375, 3.41592097282, 3.08086943626, 1.120844841, 0.0589199997485, 0.00276402686723, 0.000183855780051, 2.92227996397e-05, 1.93506875803e-05, 3.15752477036e-05],
        "median": [0.0393834784627, 0.247483745217, 0.432717323303, 0.390942215919, 0.85010355711, 0.940331876278, 1.02143526077, 1.01885974407, 0.985704123974, 1.20726084709, 2.01364660263, 2.23879647255, 1.85988295078, 2.00856232643, 2.50301718712, 2.22227048874, 3.8721985817, 4.73770141602, 5.15649700165, 5.03147649765, 4.48437547684, 3.68121886253, 3.48899936676, 4.0611448288, 6.40662479401, 3.20271754265, 2.37458658218, 2.19715118408, 1.45790421963, 1.1496874094, 1.08014726639, 0.851162850857, 0.867287456989, 0.355868846178, 0.0151202976704, 0.00077338446863, 6.42846716801e-05, 1.14095482786e-05, 1.19041660582e-05, 1.63241329574e-05],
        "min": [3.24138409269e-06, 1.088711997e-05, 6.08953159826e-05, 4.44104625785e-05, 6.0577160184e-05, 5.78459694225e-05, 1.89372804016e-05, 1.92522275029e-05, 8.40659849928e-05, 0.000110087887151, 4.26024271292e-05, 3.01017025777e-05, 8.22103320388e-05, 0.000105535204057, 7.18455121387e-05, 0.000136839196784, 0.000403710466344, 0.000106291176053, 0.000184052958502, 0.000440077885287, 0.000162241558428, 6.18472913629e-05, 8.13467850094e-05, 0.000107733241748, 0.00010530983127, 0.000163943652296, 0.000224554853048, 0.000189053054783, 0.000133153167553, 0.000289855757728, 9.18088699109e-05, 9.03370601009e-05, 0.000174662447535, 2.26767897402e-05, 6.84854001065e-07, 5.39656106469e-08, 1.239418701e-08, 4.31279012503e-09, 1.38202560507e-09, 6.977608491e-10],
        "var": [0.675884604454, 28.2778759003, 54.8267402649, 203.729232788, 301.913787842, 111.779060364, 62.2123947144, 33.7473335266, 35.3215293884, 204.498886108, 81.7800216675, 394.321746826, 217.755691528, 181.425598145, 261.445037842, 413.875640869, 1154.69091797, 1014.67590332, 1363.9876709, 3036.30566406, 2111.09008789, 700.665466309, 885.379943848, 4224.78369141, 1791.7800293, 751.182678223, 953.278076172, 272.299438477, 112.941215515, 108.774475098, 49.0732688904, 40.5930976868, 26.3410549164, 2.86596179008, 0.0108380243182, 2.23004917643e-05, 7.05020184455e-08, 1.65838009991e-09, 4.91758633814e-10, 1.49697665375e-09]
    },
    "gfcc": {
        "mean": [-59.4350128174, 95.9704589844, -139.854293823, 73.0606689453, -68.5836410522, 32.4181442261, -33.8852310181, 5.96659564972, -10.0559206009, -11.150560379, 7.55328798294, -22.1273365021, 6.88011789322],
        "cov": [[6734.68066406, -697.690673828, -355.730926514, 347.169586182, 217.917755127, 171.805603027, -242.33454895, 110.878753662, -81.4261322021, 12.4520330429, -273.198638916, -145.618240356, -163.901855469], [-697.690673828, 695.190185547, 451.363037109, 119.95867157, 219.43321228, -48.5293197632, 180.12121582, -68.4122543335, 69.5121612549, -90.1396713257, 94.4074554443, -25.3838748932, 19.8660163879], [-355.730926514, 451.363037109, 1005.22521973, 311.288482666, 304.153076172, 209.877227783, 210.503875732, 8.24373149872, 125.840057373, -13.3259811401, 78.96824646, -1.65795648098, -9.89815330505], [347.169586182, 119.95867157, 311.288482666, 437.970245361, 270.720977783, 77.3911972046, 143.172134399, -33.9658927917, 173.975265503, -24.5632381439, 13.8138380051, 19.966386795, 25.0285224915], [217.917755127, 219.43321228, 304.153076172, 270.720977783, 446.557617188, 141.300918579, 161.721954346, 31.867975235, 212.195449829, 12.1931304932, 39.5710678101, 3.69581413269, 44.0425796509], [171.805603027, -48.5293197632, 209.877227783, 77.3911972046, 141.300918579, 275.745666504, 133.795547485, 45.5410308838, 84.6149902344, 53.9226303101, 27.4708900452, 8.14510059357, 0.329631894827], [-242.33454895, 180.12121582, 210.503875732, 143.172134399, 161.721954346, 133.795547485, 275.51385498, 24.1092319489, 116.60282135, -12.684794426, 85.0282592773, 9.44248580933, 5.23108482361], [110.878753662, -68.4122543335, 8.24373149872, -33.9658927917, 31.867975235, 45.5410308838, 24.1092319489, 123.962753296, 25.8254566193, 28.4294910431, 4.11576938629, 4.58786487579, -6.44596147537], [-81.4261322021, 69.5121612549, 125.840057373, 173.975265503, 212.195449829, 84.6149902344, 116.60282135, 25.8254566193, 238.501144409, 38.422996521, 25.4141178131, 25.8584518433, 60.6996917725], [12.4520330429, -90.1396713257, -13.3259811401, -24.5632381439, 12.1931304932, 53.9226303101, -12.684794426, 28.4294910431, 38.422996521, 97.5487442017, 21.8821105957, 7.92024374008, 3.77402615547], [-273.198638916, 94.4074554443, 78.96824646, 13.8138380051, 39.5710678101, 27.4708900452, 85.0282592773, 4.11576938629, 25.4141178131, 21.8821105957, 144.528686523, 45.5655021667, -26.0009422302], [-145.618240356, -25.3838748932, -1.65795648098, 19.966386795, 3.69581413269, 8.14510059357, 9.44248580933, 4.58786487579, 25.8584518433, 7.92024374008, 45.5655021667, 88.4027099609, 39.0950050354], [-163.901855469, 19.8660163879, -9.89815330505, 25.0285224915, 44.0425796509, 0.329631894827, 5.23108482361, -6.44596147537, 60.6996917725, 3.77402615547, -26.0009422302, 39.0950050354, 108.53452301]],
        "icov": [[0.000250688899541, 5.89319315623e-05, 0.000222412694711, -0.000477726018289, -0.000236099280301, -0.000334472686518, 0.000372235488612, -0.000309664173983, 0.000335214659572, 7.74952422944e-05, 0.000209548699786, 0.000191189392353, 0.000349891430233], [5.89319315623e-05, 0.00616064341739, -0.00276780431159, 0.00280418759212, -0.00297373742796, 0.00440341280773, -0.00290757324547, 0.0031545793172, -0.000147181228385, 0.00320971244946, -0.00305120181292, 0.00344352307729, -0.00241751596332], [0.000222412694711, -0.00276780431159, 0.00310270790942, -0.00269666034728, 0.000760199967772, -0.00333523470908, 0.00179592112545, -0.00194406835362, 0.000898059573956, -0.000765724224038, 0.000536599487532, -0.000529521843418, 0.00109059771057], [-0.000477726018289, 0.00280418759212, -0.00269666034728, 0.00806978624314, -0.00317474221811, 0.00378545420244, -0.00379343959503, 0.00490756053478, -0.00317362113856, 0.00174738070928, 0.00158116838429, -0.00260009802878, 0.00143903214484], [-0.000236099280301, -0.00297373742796, 0.000760199967772, -0.00317474221811, 0.00751020992175, -0.00339078530669, 0.00203613541089, -0.00290386937559, -0.00311541487463, 0.0001021954522, -0.00144428492058, 0.00175590242725, -0.0015583850909], [-0.000334472686518, 0.00440341280773, -0.00333523470908, 0.00378545420244, -0.00339078530669, 0.0111935809255, -0.00697855604813, 0.00280794408172, 0.000179595546797, -0.00323095405474, 0.00164555991068, -0.00118997087702, 0.000191633735085], [0.000372235488612, -0.00290757324547, 0.00179592112545, -0.00379343959503, 0.00203613541089, -0.00697855604813, 0.0118544092402, -0.0040345042944, -0.00213050702587, 0.00477846944705, -0.00596770644188, 0.00403352500871, -0.00134032138158], [-0.000309664173983, 0.0031545793172, -0.00194406835362, 0.00490756053478, -0.00290386937559, 0.00280794408172, -0.0040345042944, 0.0128023466095, -0.00166958768386, -0.00115113682114, 0.00178558961488, -0.00233987858519, 0.00201497087255], [0.000335214659572, -0.000147181228385, 0.000898059573956, -0.00317362113856, -0.00311541487463, 0.000179595546797, -0.00213050702587, -0.00166958768386, 0.0117715029046, -0.00501189706847, 0.000751009152737, -0.000132192639285, -0.00356748863123], [7.74952422944e-05, 0.00320971244946, -0.000765724224038, 0.00174738070928, 0.0001021954522, -0.00323095405474, 0.00477846944705, -0.00115113682114, -0.00501189706847, 0.0197988618165, -0.00853152945638, 0.00607182085514, -0.00339003070258], [0.000209548699786, -0.00305120181292, 0.000536599487532, 0.00158116838429, -0.00144428492058, 0.00164555991068, -0.00596770644188, 0.00178558961488, 0.000751009152737, -0.00853152945638, 0.0207810774446, -0.0159586593509, 0.0121374875307], [0.000191189392353, 0.00344352307729, -0.000529521843418, -0.00260009802878, 0.00175590242725, -0.00118997087702, 0.00403352500871, -0.00233987858519, -0.000132192639285, 0.00607182085514, -0.0159586593509, 0.0270721036941, -0.014544473961], [0.000349891430233, -0.00241751596332, 0.00109059771057, 0.00143903214484, -0.0015583850909, 0.000191633735085, -0.00134032138158, 0.00201497087255, -0.00356748863123, -0.00339003070258, 0.0121374875307, -0.014544473961, 0.0210280194879]]
    },
    "melbands": {
        "dmean": [0.0033538651187, 0.00214068917558, 0.00106829719152, 0.000415220973082, 0.000124081547256, 5.943288852e-05, 4.78266010759e-05, 6.63311584503e-05, 3.85168204957e-05, 3.6914323573e-05, 2.50089597102e-05, 1.69173963513e-05, 2.15329164348e-05, 2.15152140299e-05, 2.89696254185e-05, 2.84125489998e-05, 2.84346788249e-05, 2.85815131065e-05, 3.67552056559e-05, 2.24203486141e-05, 1.8755765268e-05, 1.3361168385e-05, 1.70866569533e-05, 1.14997365017e-05, 2.24797768169e-05, 1.92927363969e-05, 1.60647086886e-05, 8.08598269941e-06, 9.61050136539e-06, 7.39539154893e-06, 3.94489188693e-06, 2.55885038314e-06, 2.35743505073e-06, 2.3341058295e-06, 1.85991018498e-06, 1.80820825335e-06, 1.73189778252e-06, 1.74286492438e-06, 1.43308341194e-06, 5.25444193045e-07],
        "dmean2": [0.00579849816859, 0.00354538112879, 0.00185799063183, 0.000721828546375, 0.000218796369154, 0.000102839512692, 8.58987332322e-05, 0.000115789895062, 6.43674648018e-05, 5.87484973948e-05, 3.89908382203e-05, 2.73432688118e-05, 3.51610142388e-05, 3.48407265847e-05, 4.78724541608e-05, 4.48580867669e-05, 4.82396935695e-05, 4.87254437758e-05, 5.94628763793e-05, 3.69788358512e-05, 3.1510629924e-05, 2.2020061806e-05, 3.06405345327e-05, 1.98306279344e-05, 3.8188736653e-05, 3.25444452756e-05, 2.56762359641e-05, 1.36483931783e-05, 1.68854512594e-05, 1.26480254039e-05, 6.13375823377e-06, 3.71187093151e-06, 3.38787344845e-06, 3.39379971592e-06, 2.72987858807e-06, 2.67346285909e-06, 2.50329412665e-06, 2.51368646786e-06, 2.08153869607e-06, 7.81166875186e-07],
        "dvar": [3.90555578633e-05, 2.14525571209e-05, 8.74730176292e-06, 1.42037902151e-06, 1.30070930027e-07, 1.98462988266e-08, 1.53304249295e-08, 2.51425849029e-08, 5.74783642904e-09, 6.75039313336e-09, 2.70774558331e-09, 1.61546509503e-09, 1.64079350107e-09, 1.80141446204e-09, 1.0485346813e-08, 3.31436900147e-09, 3.53237772366e-09, 3.25933635636e-09, 7.45830952553e-09, 2.24406737637e-09, 1.68398395228e-09, 7.22674087239e-10, 1.5487056082e-09, 9.03057906232e-10, 2.37629405042e-09, 1.10023479216e-09, 7.7911149754e-10, 3.33234884131e-10, 6.45493825058e-10, 2.88200158183e-10, 5.89444951182e-11, 2.10794090516e-11, 2.40008776742e-11, 3.14593247286e-11, 1.29230662629e-11, 9.30735523375e-12, 1.06531112057e-11, 7.90183803806e-12, 4.18713284531e-12, 8.09782308483e-13],
        "dvar2": [0.000113808375318, 5.72465432924e-05, 2.36412870436e-05, 3.73545572074e-06, 3.68197476064e-07, 5.62064457199e-08, 4.1887947333e-08, 6.85581085236e-08, 1.48626213559e-08, 1.55284922698e-08, 6.37764374645e-09, 3.71912700636e-09, 3.94715815588e-09, 4.34298863539e-09, 2.81565135651e-08, 7.6501596169e-09, 9.22574017181e-09, 8.18807865954e-09, 1.7056583701e-08, 5.09938757887e-09, 4.1106655857e-09, 1.88774573751e-09, 4.39743397251e-09, 2.51096943238e-09, 5.4751323475e-09, 2.75076406098e-09, 1.94063498604e-09, 8.93661700196e-10, 1.81582393566e-09, 7.84436071655e-10, 1.26485807939e-10, 3.98364292942e-11, 4.98988246556e-11, 6.65627136742e-11, 2.48842370321e-11, 1.81830696333e-11, 2.44356774398e-11, 1.72630382211e-11, 8.19359337323e-12, 1.77676840254e-12],
        "max": [0.044074036181, 0.0366064570844, 0.0238890852779, 0.0108651574701, 0.0043727317825, 0.00123947404791, 0.00180516042747, 0.0024329405278, 0.000670234381687, 0.00182685325854, 0.00079751200974, 0.000897825288121, 0.000659381446894, 0.000357422919478, 0.00232316576876, 0.000859785592183, 0.000812158046756, 0.000592972966842, 0.00119932286907, 0.000599729071837, 0.000479593320051, 0.000227972617722, 0.000325932225678, 0.000279739382677, 0.000539426633622, 0.000265295559075, 0.000295459205518, 0.000131741981022, 0.000241540939896, 0.000128211991978, 9.62829144555e-05, 4.47174315923e-05, 5.163984315e-05, 7.10107342456e-05, 5.19650420756e-05, 2.7001295166e-05, 5.80299274588e-05, 5.47658310097e-05, 2.37017193285e-05, 1.00636316347e-05],
        "mean": [0.0038465843536, 0.00246009347029, 0.000913140946068, 0.000373965129256, 0.000132458852022, 7.22418117221e-05, 4.31805165135e-05, 6.46679545753e-05, 4.7157118388e-05, 5.53725876671e-05, 3.3211777918e-05, 2.11478309211e-05, 2.78339612123e-05, 2.35693714785e-05, 2.97351689369e-05, 3.72762260668e-05, 2.89243635052e-05, 2.71730550594e-05, 3.77857722924e-05, 2.6279280064e-05, 2.19000521611e-05, 1.30488679133e-05, 1.4843461031e-05, 9.86353370536e-06, 2.69793581538e-05, 1.94557596842e-05, 1.68336609931e-05, 7.51808101995e-06, 7.81279322837e-06, 6.91327613822e-06, 4.87074112243e-06, 3.43650208379e-06, 2.80982612821e-06, 2.55766963164e-06, 2.29016836784e-06, 2.12015879697e-06, 2.02390310733e-06, 2.13645125768e-06, 1.91478079614e-06, 6.31209957191e-07],
        "median": [0.000360565376468, 0.000329408969264, 9.32215916691e-05, 7.28499580873e-05, 3.62345854228e-05, 2.48164415098e-05, 1.44933292177e-05, 1.2700111256e-05, 1.76766498043e-05, 1.37084743983e-05, 8.13733640825e-06, 7.60609009376e-06, 8.2201713667e-06, 5.42857060282e-06, 5.87019076193e-06, 7.95338564785e-06, 7.85849260865e-06, 6.77709567753e-06, 7.19115178072e-06, 5.65322397961e-06, 4.57002897747e-06, 3.15985516863e-06, 3.02010562336e-06, 2.33910736824e-06, 2.87218631456e-06, 3.96135101255e-06, 4.09858330386e-06, 1.56295720899e-06, 1.24103519283e-06, 1.36794437822e-06, 1.14303327337e-06, 7.914671869e-07, 6.34385855847e-07, 5.71543466776e-07, 5.6626862488e-07, 5.4293826679e-07, 4.73399012435e-07, 5.24891220266e-07, 5.55904591693e-07, 1.66680990787e-07],
        "min": [2.09603108203e-08, 2.59658996526e-08, 1.16066942724e-08, 4.33060831639e-09, 9.86357995281e-10, 4.05454614327e-10, 1.48287337964e-09, 1.0142171547e-09, 2.95111352022e-10, 2.02757963197e-10, 4.43456910082e-10, 4.79257855623e-10, 1.7649048889e-10, 2.98643471064e-10, 7.28345272982e-10, 7.26343873936e-10, 1.30499167028e-10, 2.22560359031e-10, 5.71284075601e-10, 4.86748308326e-10, 1.3163468926e-10, 6.2122390565e-11, 5.21740463333e-11, 9.15662198842e-11, 8.46478373506e-11, 7.62242630126e-11, 7.98242374977e-11, 1.23645760297e-10, 1.62786895075e-10, 1.30313551616e-10, 9.39926123045e-11, 5.16387210769e-11, 1.42682365922e-10, 1.50221210471e-10, 4.61534699348e-11, 5.54791282359e-11, 4.26971687173e-11, 1.33105637623e-10, 5.39309152892e-11, 5.83837925922e-12],
        "var": [4.86000462843e-05, 2.35546358454e-05, 6.21696790404e-06, 1.01940156583e-06, 9.03790109419e-08, 1.64591060781e-08, 1.19179963676e-08, 2.06605736963e-08, 6.40740482893e-09, 1.89017761443e-08, 5.36930588879e-09, 2.62924282346e-09, 3.19500026436e-09, 2.12191775262e-09, 9.15541775726e-09, 8.05532973658e-09, 3.52823081862e-09, 3.28064175825e-09, 9.29750676448e-09, 3.43211881138e-09, 2.50423082271e-09, 6.73768485449e-10, 1.07172071218e-09, 6.05883676563e-10, 3.70631814128e-09, 1.19693333023e-09, 8.75541084078e-10, 2.68610550469e-10, 4.24996537962e-10, 2.31836216891e-10, 8.03101543601e-11, 3.66727793966e-11, 3.19817332339e-11, 3.70913647019e-11, 1.81214921541e-11, 1.37654115537e-11, 1.66793349965e-11, 1.52990693031e-11, 8.39975745209e-12, 1.1954215829e-12]
    },
    "mfcc": {
        "mean": [-676.638305664, 87.8281402588, 7.37568855286, 27.4435176849, 11.2776660919, 11.1294822693, 9.29951000214, 4.13538551331, -0.149887442589, 10.488951683, 0.730971574783, -0.327611714602, -1.6265976429],
        "cov": [[7015.34423828, -938.244873047, -568.058410645, 52.7325210571, 233.775466919, 14.3398418427, -80.2927780151, -70.3063354492, 132.569335938, -36.745174408, -28.7461338043, 18.9288101196, -93.5683288574], [-938.244873047, 682.827514648, 264.84185791, 139.585998535, 88.5144729614, 32.0782470703, 108.722648621, 55.5907745361, -17.2110424042, 3.05346441269, 38.2837181091, 4.95415449142, 14.6938076019], [-568.058410645, 264.84185791, 679.391601562, 178.730895996, 131.11769104, 198.041610718, 131.470321655, 117.177528381, 19.8696060181, 33.6053276062, 67.8305206299, 35.9806594849, 40.2493286133], [52.7325210571, 139.585998535, 178.730895996, 421.55267334, 180.31350708, 159.974365234, 2.72908782959, 111.448501587, 81.194984436, 22.4614334106, 2.35703682899, 43.2522392273, 43.9271316528], [233.775466919, 88.5144729614, 131.11769104, 180.31350708, 308.609863281, 162.214355469, 16.237411499, 76.4191589355, 120.62096405, 54.7275085449, 45.495677948, 41.9856758118, 58.2153816223], [14.3398418427, 32.0782470703, 198.041610718, 159.974365234, 162.214355469, 311.960510254, 71.8434753418, 119.630149841, 107.427566528, 83.8455657959, 55.2622413635, 71.3614578247, 29.8579483032], [-80.2927780151, 108.722648621, 131.470321655, 2.72908782959, 16.237411499, 71.8434753418, 178.851150513, 75.8038024902, -19.0373687744, 24.7660522461, 70.5461044312, 36.4355964661, 7.7158536911], [-70.3063354492, 55.5907745361, 117.177528381, 111.448501587, 76.4191589355, 119.630149841, 75.8038024902, 173.071304321, 61.5186004639, 47.7770996094, 35.9216003418, 50.2881546021, 41.3393936157], [132.569335938, -17.2110424042, 19.8696060181, 81.194984436, 120.62096405, 107.427566528, -19.0373687744, 61.5186004639, 200.406906128, 66.8150558472, -12.6324739456, 8.35654258728, 20.6626834869], [-36.745174408, 3.05346441269, 33.6053276062, 22.4614334106, 54.7275085449, 83.8455657959, 24.7660522461, 47.7770996094, 66.8150558472, 125.092552185, 50.57837677, 19.379201889, 2.89888191223], [-28.7461338043, 38.2837181091, 67.8305206299, 2.35703682899, 45.495677948, 55.2622413635, 70.5461044312, 35.9216003418, -12.6324739456, 50.57837677, 134.709793091, 52.4779968262, 17.3545455933], [18.9288101196, 4.95415449142, 35.9806594849, 43.2522392273, 41.9856758118, 71.3614578247, 36.4355964661, 50.2881546021, 8.35654258728, 19.379201889, 52.4779968262, 111.681053162, 37.504119873], [-93.5683288574, 14.6938076019, 40.2493286133, 43.9271316528, 58.2153816223, 29.8579483032, 7.7158536911, 41.3393936157, 20.6626834869, 2.89888191223, 17.3545455933, 37.504119873, 104.129745483]],
