{
"lowlevel": {
    "average_loudness": 0.773980438709,
    "barkbands_crest": {
        "dmean": 2.75316214561,
        "dmean2": 4.45535802841,
        "dvar": 5.34120130539,
        "dvar2": 13.4055433273,
        "max": 26.119644165,
        "mean": 13.684252739,
        "median": 13.1520795822,
        "min": 3.17965960503,
        "var": 20.9797477722
    },
    "barkbands_flatness_db": {
        "dmean": 0.0245902203023,
        "dmean2": 0.0361226126552,
        "dvar": 0.000478923495393,
        "dvar2": 0.000972395588178,
        "max": 0.467783153057,
        "mean": 0.24334615469,
        "median": 0.239501923323,
        "min": 0.0896953716874,
        "var": 0.00372366770171
    },
    "barkbands_kurtosis": {
        "dmean": 4.78769779205,
        "dmean2": 7.66235780716,
        "dvar": 57.392162323,
        "dvar2": 142.909713745,
        "max": 134.20880127,
        "mean": 10.3672475815,
        "median": 6.37091445923,
        "min": -1.91046667099,
        "var": 163.494567871
    },
    "barkbands_skewness": {
        "dmean": 0.608118534088,
        "dmean2": 0.935424387455,
        "dvar": 0.394072592258,
        "dvar2": 0.958720445633,
        "max": 9.49836063385,
        "mean": 2.035187006,
        "median": 1.84095060825,
        "min": -4.61874818802,
        "var": 1.90431678295
    },
    "barkbands_spread": {
        "dmean": 3.23954081535,
        "dmean2": 4.73692083359,
        "dvar": 23.9072608948,
        "dvar2": 45.2141418457,
        "max": 91.6451721191,
        "mean": 11.168920517,
        "median": 7.94810247421,
        "min": 0.441318452358,
        "var": 118.261672974
    },
    "dissonance": {
        "dmean": 0.0254969894886,
        "dmean2": 0.0415117368102,
        "dvar": 0.000498903740663,
        "dvar2": 0.00131983798929,
        "max": 0.499691814184,
        "mean": 0.426077604294,
        "median": 0.430664032698,
        "min": 0.268586218357,
        "var": 0.0017230323283
    },
    "dynamic_complexity": 3.11266303062,
    "erbbands_crest": {
        "dmean": 2.91406178474,
        "dmean2": 4.51229429245,
        "dvar": 7.55260181427,
        "dvar2": 18.9362869263,
        "max": 30.189037323,
        "mean": 15.5006866455,
        "median": 15.4359750748,
        "min": 2.82546067238,
        "var": 49.3062171936
    },
    "erbbands_flatness_db": {
        "dmean": 0.0205047801137,
        "dmean2": 0.0267735533416,
        "dvar": 0.000355427211616,
        "dvar2": 0.000583722023293,
        "max": 0.455394387245,
        "mean": 0.246003761888,
        "median": 0.243633493781,
        "min": 0.115920819342,
        "var": 0.00317153194919
    },
    "erbbands_kurtosis": {
        "dmean": 2.87042307854,
        "dmean2": 4.41301250458,
        "dvar": 18.0297241211,
        "dvar2": 41.2513847351,
        "max": 67.4862289429,
        "mean": 5.98791265488,
        "median": 1.5413775444,
        "min": -1.8490267992,
        "var": 91.1406936646
    },
    "erbbands_skewness": {
        "dmean": 0.501100003719,
        "dmean2": 0.763064205647,
        "dvar": 0.226353228092,
        "dvar2": 0.510737359524,
        "max": 6.63049316406,
        "mean": 1.63286566734,
        "median": 1.33976054192,
        "min": -4.19174718857,
        "var": 2.36736822128
    },
    "erbbands_spread": {
        "dmean": 6.76933240891,
        "dmean2": 9.9437789917,
        "dvar": 68.8592453003,
        "dvar2": 143.133956909,
        "max": 119.931228638,
        "mean": 27.8306350708,
        "median": 23.7473545074,
        "min": 1.20259141922,
        "var": 381.059448242
    },
    "hfc": {
        "dmean": 3.7503592968,
        "dmean2": 5.23492956161,
        "dvar": 29.7782669067,
        "dvar2": 57.444442749,
        "max": 134.511871338,
        "mean": 14.0331068039,
        "median": 11.0202045441,
        "min": 0.000347881956259,
        "var": 176.093139648
    },
    "melbands_crest": {
        "dmean": 3.35395693779,
        "dmean2": 5.46589136124,
        "dvar": 7.97244119644,
        "dvar2": 19.4669475555,
        "max": 33.0689506531,
        "mean": 16.7605228424,
        "median": 16.0804519653,
        "min": 5.2980132103,
        "var": 26.8345222473
    },
    "melbands_flatness_db": {
        "dmean": 0.0270728208125,
        "dmean2": 0.0373745635152,
        "dvar": 0.000604989414569,
        "dvar2": 0.0011658014264,
        "max": 0.518673121929,
        "mean": 0.282659888268,
        "median": 0.277306765318,
        "min": 0.0691855028272,
        "var": 0.00566256418824
    },
    "melbands_kurtosis": {
        "dmean": 7.69727993011,
        "dmean2": 12.2983808517,
        "dvar": 154.568527222,
        "dvar2": 395.21963501,
        "max": 312.960144043,
        "mean": 17.024641037,
        "median": 10.5716972351,
        "min": -1.81500089169,
        "var": 391.065704346
    },
    "melbands_skewness": {
        "dmean": 0.710480391979,
        "dmean2": 1.08885920048,
        "dvar": 0.522792518139,
        "dvar2": 1.25943434238,
        "max": 13.4750909805,
        "mean": 2.42506480217,
        "median": 2.18654823303,
        "min": -1.64428877831,
        "var": 2.94809889793
    },
    "melbands_spread": {
        "dmean": 3.69390249252,
        "dmean2": 5.49616622925,
        "dvar": 49.720664978,
        "dvar2": 98.0514526367,
        "max": 191.662536621,
        "mean": 11.9547166824,
        "median": 8.54752254486,
        "min": 0.659875571728,
        "var": 182.086242676
    },
    "pitch_salience": {
        "dmean": 0.0639336854219,
        "dmean2": 0.1036439538,
        "dvar": 0.0032544110436,
        "dvar2": 0.00840337667614,
        "max": 0.802344560623,
        "mean": 0.480338305235,
        "median": 0.478827834129,
        "min": 0.102284111083,
        "var": 0.0102811027318
    },
    "silence_rate_20dB": {
        "dmean": 0,
        "dmean2": 0,
        "dvar": 0,
        "dvar2": 0,
        "max": 1,
        "mean": 1,
        "median": 1,
        "min": 1,
        "var": 0
    },
    "silence_rate_30dB": {
        "dmean": 0.00697134016082,
        "dmean2": 0.0139480819926,
        "dvar": 0.0069221011363,
        "dvar2": 0.0153033183888,
        "max": 1,
        "mean": 0.988772749901,
        "median": 1,
        "min": 0,
        "var": 0.0111010475084
    },
    "silence_rate_60dB": {
        "dmean": 0.0154918665066,
        "dmean2": 0.0309957377613,
        "dvar": 0.0152520826086,
        "dvar2": 0.0346847213805,
        "max": 1,
        "mean": 0.0449090190232,
        "median": 0,
        "min": 0,
        "var": 0.0428918972611
    },
    "spectral_centroid": {
        "dmean": 145.926071167,
        "dmean2": 223.565963745,
        "dvar": 51898.8164062,
        "dvar2": 104094.75,
        "max": 4771.36962891,
        "mean": 788.899597168,
        "median": 626.104248047,
        "min": 216.193115234,
        "var": 254273.046875
    },
    "spectral_complexity": {
        "dmean": 2.10302090645,
        "dmean2": 3.37698554993,
        "dvar": 5.459649086,
        "dvar2": 12.5093717575,
        "max": 36,
        "mean": 10.7433214188,
        "median": 10,
        "min": 0,
        "var": 25.8253211975
    },
    "spectral_decrease": {
        "dmean": 2.09905404169e-09,
        "dmean2": 3.10894598954e-09,
        "dvar": 6.64826854518e-18,
        "dvar2": 1.51612710248e-17,
        "max": -1.69675214092e-13,
        "mean": -7.41390504544e-09,
        "median": -6.37911590218e-09,
        "min": -5.32244968099e-08,
        "var": 3.26628510694e-17
    },
    "spectral_energy": {
        "dmean": 0.00819571781904,
        "dmean2": 0.0121078640223,
        "dvar": 0.000101650075521,
        "dvar2": 0.000230373552768,
        "max": 0.211102932692,
        "mean": 0.0292546395212,
        "median": 0.025148563087,
        "min": 6.71947532283e-07,
        "var": 0.000506640644744
    },
    "spectral_energyband_high": {
        "dmean": 0.000126348182675,
        "dmean2": 0.000164386481629,
        "dvar": 1.45044751321e-07,
        "dvar2": 2.16822471089e-07,
        "max": 0.0122246127576,
        "mean": 0.000247037271038,
        "median": 6.88066793373e-05,
        "min": 1.09860909259e-09,
        "var": 4.65302434804e-07
    },
    "spectral_energyband_low": {
        "dmean": 0.00341689400375,
        "dmean2": 0.00526846572757,
        "dvar": 4.08274172514e-05,
        "dvar2": 0.000102466874523,
        "max": 0.0925443321466,
        "mean": 0.00713213160634,
        "median": 0.00286863232031,
        "min": 2.97659354942e-08,
        "var": 0.000100731471321
    },
    "spectral_energyband_middle_high": {
        "dmean": 0.00082809937885,
        "dmean2": 0.00118305906653,
        "dvar": 3.96321229346e-06,
        "dvar2": 7.66057200963e-06,
        "max": 0.0641266778111,
        "mean": 0.00232677231543,
        "median": 0.000831702316646,
        "min": 3.12634078625e-08,
        "var": 1.9513809093e-05
    },
    "spectral_energyband_middle_low": {
        "dmean": 0.0060925190337,
        "dmean2": 0.00908664334565,
        "dvar": 6.23888408882e-05,
        "dvar2": 0.000136925635161,
        "max": 0.187866345048,
        "mean": 0.0198522880673,
        "median": 0.0166934803128,
        "min": 6.17707655692e-07,
        "var": 0.000287306727841
    },
    "spectral_entropy": {
        "dmean": 0.21245226264,
        "dmean2": 0.291072368622,
        "dvar": 0.0423965156078,
        "dvar2": 0.0775392577052,
        "max": 8.32322311401,
        "mean": 6.79074859619,
        "median": 6.80850982666,
        "min": 4.63612985611,
        "var": 0.324118733406
    },
    "spectral_flux": {
        "dmean": 0.0200744494796,
        "dmean2": 0.0320501178503,
        "dvar": 0.000437147013145,
        "dvar2": 0.00109718972817,
        "max": 0.274620473385,
        "mean": 0.06560587883,
        "median": 0.0585422739387,
        "min": 0.000819724053144,
        "var": 0.00116512668319
    },
    "spectral_kurtosis": {
        "dmean": 4.39866495132,
        "dmean2": 7.32406187057,
        "dvar": 27.9635906219,
        "dvar2": 73.0264434814,
        "max": 84.5715179443,
        "mean": 8.0148935318,
        "median": 5.56178665161,
        "min": -1.11991989613,
        "var": 70.7545166016
    },
    "spectral_rms": {
        "dmean": 0.000726880738512,
        "dmean2": 0.00105937942863,
        "dvar": 4.98624785905e-07,
        "dvar2": 1.11189069685e-06,
        "max": 0.0143511006609,
        "mean": 0.00494621740654,
        "median": 0.00495330011472,
        "min": 2.56038783846e-05,
        "var": 4.07610650655e-06
    },
    "spectral_rolloff": {
        "dmean": 200.461700439,
        "dmean2": 327.055450439,
        "dvar": 304016.125,
        "dvar2": 588439.5625,
        "max": 7450.48828125,
        "mean": 782.882141113,
        "median": 452.197265625,
        "min": 86.1328125,
        "var": 870934.5
    },
    "spectral_skewness": {
        "dmean": 0.423433870077,
        "dmean2": 0.679137587547,
        "dvar": 0.166339293122,
        "dvar2": 0.431430548429,
        "max": 7.34008789062,
        "mean": 1.87870204449,
        "median": 1.74737823009,
        "min": -0.484979093075,
        "var": 0.726755201817
    },
    "spectral_spread": {
        "dmean": 455348.3125,
        "dmean2": 623550.4375,
        "dvar": 268062736384,
        "dvar2": 411411152896,
        "max": 17772134,
        "mean": 3259704.5,
        "median": 3097852.25,
        "min": 1027271,
        "var": 1.16758963814e+12
    },
    "spectral_strongpeak": {
        "dmean": 0.506976366043,
        "dmean2": 0.807737290859,
        "dvar": 0.529190897942,
        "dvar2": 1.21922886372,
        "max": 10.7724256516,
        "mean": 1.46803641319,
        "median": 1.14483952522,
        "min": 0,
        "var": 1.57954549789
    },
    "zerocrossingrate": {
        "dmean": 0.00580926099792,
        "dmean2": 0.00659926980734,
        "dvar": 7.21700853319e-05,
        "dvar2": 6.34682000964e-05,
        "max": 0.25341796875,
        "mean": 0.0344749614596,
        "median": 0.02783203125,
        "min": 0.00341796875,
        "var": 0.000600103929173
    },
    "barkbands": {
        "dmean": [3.43733008776e-05, 0.00218928721733, 0.00139817944728, 0.000329907255946, 0.00262449728325, 0.00143235200085, 0.00280320411548, 0.000975185015704, 0.000517104170285, 0.000131909662741, 0.000177216817974, 0.000312476651743, 0.00014570960775, 0.000154951092554, 8.97080535651e-05, 9.32854309212e-05, 0.000110875858809, 6.49186113151e-05, 7.90389094618e-05, 3.274487608e-05, 3.2247917261e-05, 3.67740067304e-05, 3.36313496518e-05, 3.03952292597e-05, 3.16243131238e-06, 4.03162259133e-09, 1.19388621211e-09],
        "dmean2": [5.74177065573e-05, 0.00342876743525, 0.00222314661369, 0.000533997605089, 0.00439620018005, 0.00196834211238, 0.00391900260001, 0.00141084310599, 0.0007840943872, 0.00020983806462, 0.000280698906863, 0.000445823010523, 0.000223782160901, 0.000236492982367, 0.000134857269586, 0.000145865167724, 0.000169004488271, 0.000100037344964, 0.000117301999126, 5.32905978616e-05, 4.6230317821e-05, 4.97600594827e-05, 4.57904352515e-05, 4.38816532551e-05, 4.79475329485e-06, 6.60840537847e-09, 2.21540075174e-09],
        "dvar": [1.02652322198e-08, 2.21011796384e-05, 1.08960221041e-05, 4.92814479003e-07, 1.59890987561e-05, 6.11631503489e-06, 2.69552620011e-05, 1.41361497299e-05, 1.00196011772e-05, 1.89164410358e-07, 4.89756644129e-07, 2.00186468646e-06, 3.0214346225e-07, 5.09967890139e-07, 1.39883468364e-07, 4.07003035718e-08, 7.87927305623e-08, 2.49408547148e-08, 4.25957757955e-08, 1.02423900472e-08, 2.32902284125e-08, 1.37883260365e-08, 1.33023201343e-08, 9.11135700221e-09, 1.35122052436e-10, 3.44018752228e-16, 3.18151572048e-18],
        "dvar2": [2.61147654612e-08, 5.67382703593e-05, 2.62999874394e-05, 1.20186291497e-06, 4.51049381809e-05, 1.18198959171e-05, 4.83572839585e-05, 3.10126852128e-05, 2.13938710658e-05, 4.87243767111e-07, 1.17164120184e-06, 3.75268086827e-06, 5.94713583268e-07, 9.94944798549e-07, 2.72463125839e-07, 8.23932140293e-08, 1.73958071059e-07, 5.99909171228e-08, 7.87061367191e-08, 2.51005491947e-08, 3.39194343724e-08, 2.3048666975e-08, 2.56804000287e-08, 1.95971168182e-08, 2.69319372359e-10, 8.93800389129e-16, 1.01294651841e-17],
        "max": [0.00160720269196, 0.0810257643461, 0.0513340719044, 0.0178866963834, 0.0544599704444, 0.0415995121002, 0.141861259937, 0.0977569967508, 0.119134068489, 0.0108256414533, 0.0226537082344, 0.0543679371476, 0.0169785767794, 0.0241845306009, 0.0170496851206, 0.00738662295043, 0.00857656914741, 0.00397514831275, 0.00464197481051, 0.00195518275723, 0.00671245949343, 0.00297310180031, 0.00309383915737, 0.00250894902274, 0.000337310397299, 6.60008652176e-07, 1.81161663448e-08],
        "mean": [3.944339187e-05, 0.00461053755134, 0.0022005145438, 0.000471812410979, 0.00416221702471, 0.00375866307877, 0.00880316738039, 0.00174906698521, 0.000852122611832, 0.000197981862584, 0.000274300546153, 0.000586268957704, 0.000223386945436, 0.000239220942603, 0.000153347224114, 0.000167557547684, 0.000211762147956, 0.000125035076053, 0.000156873720698, 4.73213185614e-05, 5.25507712155e-05, 6.76093113725e-05, 5.7517150708e-05, 4.26075639552e-05, 3.76193702323e-06, 4.2665351252e-09, 1.04936048739e-09],
        "median": [5.59587169846e-06, 0.00129403057508, 0.00062337500276, 0.000158269074745, 0.0023265092168, 0.000852568075061, 0.00301395636052, 0.000106836712803, 0.000126473081764, 6.590961857e-05, 6.22714651399e-05, 5.33578786417e-05, 6.30153372185e-05, 3.44597392541e-05, 5.32927551831e-05, 6.974691496e-05, 5.96347999817e-05, 4.28325947723e-05, 4.44290599262e-05, 1.57588729053e-05, 1.07755668068e-05, 1.20637832879e-05, 1.01717396319e-05, 6.121230399e-06, 5.14570217547e-07, 1.20107046531e-09, 4.26312651847e-10],
        "min": [6.2706656534e-10, 1.47755869762e-08, 6.46695941242e-09, 1.74169727529e-08, 1.4247641289e-08, 1.91798719129e-08, 5.48066800832e-08, 2.26418350735e-08, 4.51835724391e-08, 4.61542981611e-09, 2.24592922038e-09, 1.23014833875e-08, 2.44436249019e-09, 8.18054790575e-10, 1.01362584992e-09, 9.22235565692e-10, 3.02361069515e-09, 2.44270847993e-09, 4.42694636504e-09, 3.04148511932e-10, 1.24281987479e-10, 5.61447777159e-10, 1.64578184414e-10, 7.36258415346e-11, 7.02441993461e-11, 2.07756156029e-11, 4.07899755639e-11],
        "var": [1.18541985117e-08, 5.76153070142e-05, 1.83267984539e-05, 7.73168437718e-07, 2.89071940642e-05, 3.88040534745e-05, 0.000151831991388, 4.10836219089e-05, 2.11819624383e-05, 3.31774259621e-07, 8.52282994401e-07, 6.82764721205e-06, 6.31989223621e-07, 1.20391268865e-06, 2.84896515268e-07, 1.74883524551e-07, 2.4543706445e-07, 7.12505610068e-08, 1.55768290711e-07, 1.42144491733e-08, 5.47515597304e-08, 4.16219627652e-08, 3.34592726858e-08, 1.60618807143e-08, 1.99833330439e-10, 2.90944858893e-16, 2.68699447666e-18]
    },
    "erbbands": {
        "dmean": [0.0486911013722, 0.554994106293, 1.61727392673, 1.21553051472, 3.1125998497, 14.2831697464, 4.7591176033, 15.8790483475, 33.0636901855, 38.1239242554, 19.0815849304, 11.8968982697, 4.94757890701, 5.15936613083, 6.76201057434, 13.1261949539, 7.23460245132, 7.5204539299, 4.99739742279, 5.44032621384, 5.07879972458, 5.51117706299, 3.4561457634, 3.40351772308, 3.54716992378, 1.69033432007, 1.45827376842, 1.1518945694, 1.22558319569, 1.45252263546, 0.825282752514, 0.701177477837, 0.366084724665, 0.0734721049666, 0.00355544267222, 0.000174617569428, 1.56811711349e-05, 3.18514116771e-06, 4.23398114435e-06, 9.23054994928e-06],
        "dmean2": [0.0722876265645, 0.886708796024, 2.6138689518, 1.89699554443, 5.03505086899, 24.4627799988, 7.46782064438, 21.6344795227, 46.7881393433, 50.1499710083, 28.7539806366, 17.7428588867, 7.51887750626, 8.202501297, 10.8420095444, 18.4500427246, 10.4194545746, 11.6661958694, 7.60100460052, 8.65523338318, 7.89243888855, 8.10214805603, 5.19222068787, 5.04517221451, 5.27102231979, 2.69484615326, 2.17188477516, 1.58777332306, 1.67662525177, 2.02746987343, 1.11706745625, 1.00213837624, 0.531841397285, 0.108424499631, 0.00529234902933, 0.000257967039943, 2.22894032049e-05, 4.5300439524e-06, 6.05674767939e-06, 1.35476420837e-05],
        "dvar": [0.0140403704718, 1.36596000195, 13.2922773361, 6.56045246124, 23.9142532349, 534.010620117, 57.8153572083, 830.99786377, 2617.62280273, 11528.3242188, 8088.02880859, 6256.25585938, 193.334594727, 267.255126953, 584.74798584, 3515.17773438, 660.152526855, 992.978210449, 663.508056641, 188.341781616, 128.432815552, 224.427429199, 64.8270874023, 64.3952941895, 93.6218261719, 27.4988021851, 74.5324172974, 17.7026538849, 18.4872283936, 21.3162345886, 9.78316116333, 4.77370691299, 1.24004483223, 0.0643466487527, 0.000420197553467, 7.42481574889e-07, 2.03415462252e-09, 5.69827032781e-11, 2.6260955216e-11, 1.27395954896e-10],
        "dvar2": [0.0314095802605, 3.63024783134, 33.3162727356, 14.5723409653, 58.8874473572, 1570.73388672, 137.393554688, 1589.1940918, 4893.60253906, 18575.4589844, 19719.421875, 13283.1796875, 440.990936279, 715.33001709, 1413.25549316, 6938.10009766, 1043.56872559, 1985.01477051, 1410.57885742, 443.368988037, 270.610595703, 447.833892822, 145.257644653, 125.065887451, 185.813232422, 69.2953948975, 115.460105896, 30.5426063538, 31.1460227966, 41.488571167, 19.2481861115, 9.39319896698, 2.71776747704, 0.125980809331, 0.000914033385925, 1.55925840772e-06, 3.90961085728e-09, 1.05794664695e-10, 5.60536825289e-11, 2.85728884997e-10],
        "max": [2.03638744354, 20.545337677, 57.4632453918, 42.14793396, 97.3533172607, 306.234222412, 137.072006226, 460.004058838, 1392.1171875, 3429.20458984, 2697.25537109, 3045.87475586, 421.024749756, 370.743530273, 697.317687988, 2152.84448242, 758.343139648, 1171.99914551, 1076.70739746, 316.386230469, 271.859893799, 596.592895508, 182.1199646, 240.585403442, 197.481536865, 93.0539398193, 398.086303711, 148.89112854, 114.448631287, 103.476577759, 91.9264373779, 53.452293396, 30.878200531, 8.0265712738, 0.838809251785, 0.0343556590378, 0.00137336784974, 0.000152550564962, 0.000105307546619, 0.000239788831095],
        "mean": [0.109339520335, 1.1242903471, 2.60731744766, 2.13314414024, 5.15152311325, 20.268409729, 9.89762973785, 45.0798187256, 115.636070251, 94.5793151855, 35.9945373535, 20.2030696869, 9.07247161865, 8.83582687378, 11.0639266968, 25.4644947052, 13.6769065857, 12.9283351898, 8.41151332855, 9.64767551422, 9.70162391663, 11.3964347839, 7.73028707504, 6.89879083633, 6.73563337326, 2.49413371086, 2.11318421364, 2.03057408333, 2.27682971954, 2.59009957314, 1.37424695492, 1.04792368412, 0.498129725456, 0.0926081463695, 0.00396535126492, 0.000228429809795, 3.11840776703e-05, 6.6971938395e-06, 1.5461269868e-05, 3.35048571287e-05],
        "median": [0.0202247314155, 0.345269113779, 0.817565381527, 0.842014074326, 2.82895493507, 10.1752786636, 6.37253332138, 12.3362541199, 37.1482467651, 29.6469802856, 4.56774091721, 3.05811619759, 2.13181042671, 3.51612877846, 2.69619441032, 2.50332093239, 3.43574500084, 2.4100356102, 2.25208735466, 3.48467612267, 3.72100639343, 3.41637587547, 2.65501976013, 2.58468604088, 1.7624527216, 0.884921848774, 0.51312482357, 0.357952386141, 0.345400631428, 0.5398914814, 0.231367453933, 0.15515820682, 0.0812750980258, 0.0149270528927, 0.000494389154483, 5.03763039887e-05, 1.56410114869e-05, 3.3624878597e-06, 1.32605146064e-05, 2.88587398245e-05],
        "min": [4.90470483783e-07, 3.06202787215e-06, 6.70122426527e-06, 3.50387163053e-05, 6.79663353367e-05, 3.18413876812e-05, 8.51947115734e-05, 0.000420969096012, 0.00093478494091, 0.000827830575872, 0.00052858464187, 0.000741820840631, 0.000724687473848, 7.83768846304e-05, 0.000141036667628, 0.000531185534783, 0.000160433177371, 9.05627966858e-05, 3.51160488208e-05, 5.83750879741e-05, 7.18044393579e-05, 0.000179730996024, 0.000145615063957, 0.000106192746898, 0.000240238936385, 3.24145621562e-05, 4.00679891754e-06, 7.01531826053e-06, 1.53989767568e-05, 1.9321214495e-05, 3.26438680531e-06, 1.43177601331e-06, 1.40368933899e-06, 1.07874302557e-06, 3.54359286803e-07, 8.21069221502e-08, 4.25343422705e-08, 1.9783259475e-08, 5.81996983939e-09, 1.37961064794e-09],
        "var": [0.0479403473437, 3.16397500038, 23.0410575867, 12.5720243454, 48.1307601929, 862.736572266, 139.700408936, 5424.20751953, 22876.5722656, 48792.2890625, 20998.6269531, 13031.4716797, 526.255126953, 516.484680176, 987.007141113, 11876.3789062, 2078.14160156, 2446.94750977, 1466.40563965, 548.477355957, 390.421539307, 769.342773438, 228.482650757, 222.386535645, 291.471557617, 34.9653091431, 138.868515015, 48.9751358032, 53.9604187012, 53.0454292297, 22.5339260101, 11.0344991684, 1.93059301376, 0.100415602326, 0.000468900310807, 9.17889451557e-07, 3.85024279126e-09, 1.38756298118e-10, 1.36998079547e-10, 6.51161957688e-10]
    },
    "gfcc": {
        "mean": [-74.7688217163, 157.912200928, -139.159896851, 48.5743637085, -69.7578659058, -4.52314758301, -38.1109008789, -13.0154752731, 4.75427484512, -19.5201148987, 16.4026832581, -13.151684761, 2.64558696747],
        "cov": [[4738.75732422, -821.026428223, -135.308731079, 521.355895996, -544.754577637, 597.990783691, -18.8159179688, 215.770767212, 100.121185303, -37.2392845154, 106.931838989, -112.505661011, -178.343048096], [-821.026428223, 950.668762207, 119.84148407, -309.801757812, 420.819000244, -376.550048828, 183.211730957, -52.3332519531, 89.9658966064, 42.0705108643, 91.8641433716, 49.0744857788, 6.85489988327], [-135.308731079, 119.84148407, 710.555847168, 246.146957397, 105.614433289, 126.263809204, -59.6027297974, 81.2708206177, 115.187332153, 134.568496704, 131.332962036, 7.01717948914, 57.2936058044], [521.355895996, -309.801757812, 246.146957397, 557.833496094, 35.0406455994, 311.679473877, -15.1200752258, 99.1834182739, 16.3943080902, -22.512172699, -25.0960044861, -50.1529655457, 38.7944908142], [-544.754577637, 420.819000244, 105.614433289, 35.0406455994, 404.973114014, -102.05280304, 82.2804336548, -0.445870429277, 45.5911407471, 19.4099712372, 7.87703704834, 24.4462966919, 45.3469963074], [597.990783691, -376.550048828, 126.263809204, 311.679473877, -102.05280304, 435.124237061, 27.0870361328, 141.473388672, 14.9841575623, -23.2444496155, -7.65627813339, -47.3341331482, -19.9339084625], [-18.8159179688, 183.211730957, -59.6027297974, -15.1200752258, 82.2804336548, 27.0870361328, 282.347137451, 73.8231887817, 9.85407066345, -5.95607757568, -10.5250587463, 6.00460863113, -48.784362793], [215.770767212, -52.3332519531, 81.2708206177, 99.1834182739, -0.445870429277, 141.473388672, 73.8231887817, 183.562652588, 55.308506012, 13.9982423782, 41.6683082581, -40.8104667664, -35.1318817139], [100.121185303, 89.9658966064, 115.187332153, 16.3943080902, 45.5911407471, 14.9841575623, 9.85407066345, 55.308506012, 185.956756592, 86.5103988647, 68.8826293945, 9.64835262299, -31.7089042664], [-37.2392845154, 42.0705108643, 134.568496704, -22.512172699, 19.4099712372, -23.2444496155, -5.95607757568, 13.9982423782, 86.5103988647, 158.515579224, 73.5127944946, 23.7462100983, 12.6012887955], [106.931838989, 91.8641433716, 131.332962036, -25.0960044861, 7.87703704834, -7.65627813339, -10.5250587463, 41.6683082581, 68.8826293945, 73.5127944946, 129.309158325, 19.8471508026, -11.8531284332], [-112.505661011, 49.0744857788, 7.01717948914, -50.1529655457, 24.4462966919, -47.3341331482, 6.00460863113, -40.8104667664, 9.64835262299, 23.7462100983, 19.8471508026, 101.336990356, 45.8469429016], [-178.343048096, 6.85489988327, 57.2936058044, 38.7944908142, 45.3469963074, -19.9339084625, -48.784362793, -35.1318817139, -31.7089042664, 12.6012887955, -11.8531284332, 45.8469429016, 129.104919434]],
        "icov": [[0.000378373166313, -0.000326296809362, 0.000433917914052, -0.000624623557087, 0.000672243710142, -0.000342830724549, 0.00015896554396, 8.47999854159e-06, -0.000106927283923, -0.000111945249955, -0.000538310152479, -6.88770451234e-05, 0.000268155534286], [-0.000326296809362, 0.00994826294482, -0.00356057845056, 0.00523044867441, -0.00752538815141, 0.00459427433088, -0.00666761770844, 0.00350677780807, -0.00363092077896, 0.00623332057148, -0.00570940459147, 0.00473412359133, -0.00288866856135], [0.000433917914052, -0.00356057845056, 0.00421540858224, -0.00326279550791, 0.00246794335544, -0.00212530256249, 0.00280147930607, -0.00116051279474, 0.000913835945539, -0.00339640607126, -0.000750570616219, -0.00123424036428, 0.000371322355932], [-0.000624623557087, 0.00523044867441, -0.00326279550791, 0.00740594649687, -0.00525576202199, -4.2821324314e-05, -0.0031132621225, 0.00168281176593, -0.00206271489151, 0.0038899704814, -0.000871654076036, 0.00360788311809, -0.00304457894526], [0.000672243710142, -0.00752538815141, 0.00246794335544, -0.00525576202199, 0.00992233771831, -0.00195733341388, 0.00331126130186, -0.00244778674096, 0.00117438670713, -0.00377827533521, 0.00367248989642, -0.00314297853038, 0.000720545824151], [-0.000342830724549, 0.00459427433088, -0.00212530256249, -4.2821324314e-05, -0.00195733341388, 0.00790824089199, -0.00336911715567, -0.00141485990025, -0.00145100418013, 0.00318865734152, -0.00137581897434, 0.00132819532882, -0.000776618602686], [0.00015896554396, -0.00666761770844, 0.00280147930607, -0.0031132621225, 0.00331126130186, -0.00336911715567, 0.0100540379062, -0.00548333767802, 0.00370808900334, -0.00521683366969, 0.00570635823533, -0.00599991064519, 0.00496406573802], [8.47999854159e-06, 0.00350677780807, -0.00116051279474, 0.00168281176593, -0.00244778674096, -0.00141485990025, -0.00548333767802, 0.0127093251795, -0.00376778631471, 0.00338395452127, -0.00659485720098, 0.0064979060553, -0.00230600056238], [-0.000106927283923, -0.00363092077896, 0.000913835945539, -0.00206271489151, 0.00117438670713, -0.00145100418013, 0.00370808900334, -0.00376778631471, 0.0110977152362, -0.00660054152831, 0.00165236950852, -0.00425199186429, 0.005030260887], [-0.000111945249955, 0.00623332057148, -0.00339640607126, 0.0038899704814, -0.00377827533521, 0.00318865734152, -0.00521683366969, 0.00338395452127, -0.00660054152831, 0.0153471156955, -0.00739386444911, 0.00358318514191, -0.00444861268625], [-0.000538310152479, -0.00570940459147, -0.000750570616219, -0.000871654076036, 0.00367248989642, -0.00137581897434, 0.00570635823533, -0.00659485720098, 0.00165236950852, -0.00739386444911, 0.0199363231659, -0.0070961820893, 0.00449165189639], [-6.88770451234e-05, 0.00473412359133, -0.00123424036428, 0.00360788311809, -0.00314297853038, 0.00132819532882, -0.00599991064519, 0.0064979060553, -0.00425199186429, 0.00358318514191, -0.0070961820893, 0.0186270549893, -0.00873312354088], [0.000268155534286, -0.00288866856135, 0.000371322355932, -0.00304457894526, 0.000720545824151, -0.000776618602686, 0.00496406573802, -0.00230600056238, 0.005030260887, -0.00444861268625, 0.00449165189639, -0.00873312354088, 0.0150780631229]]
    },
    "melbands": {
        "dmean": [0.00052387919277, 0.000800979847554, 0.000216638160055, 0.000652440357953, 0.000260780419922, 0.000328216236085, 0.000538087857421, 0.000373507296899, 0.000143533980008, 6.92006433383e-05, 2.43456579483e-05, 2.0842975573e-05, 2.58556883637e-05, 2.38066477323e-05, 3.595731323e-05, 1.34423653435e-05, 1.44467157952e-05, 9.38434641284e-06, 6.28505677014e-06, 6.91313834977e-06, 6.5797876232e-06, 6.67655694997e-06, 4.92752405989e-06, 3.04874606627e-06, 2.97245242109e-06, 3.28531405103e-06, 1.62001799708e-06, 1.08438098323e-06, 9.67293203757e-07, 7.72507348756e-07, 7.03028149474e-07, 7.01787371327e-07, 7.88669865415e-07, 8.64944752266e-07, 5.4818872286e-07, 3.33013133513e-07, 5.67887411762e-07, 3.51602267301e-07, 1.22985696294e-07, 3.87154841519e-08],
        "dmean2": [0.000799912319053, 0.00128861446865, 0.000337075820426, 0.00110855163075, 0.000423482240876, 0.000446342717623, 0.000756360706873, 0.000489341735374, 0.000221982802032, 0.000102588011941, 3.7332141801e-05, 3.34000505973e-05, 4.1452156438e-05, 3.43958199664e-05, 5.01775102748e-05, 2.10304970096e-05, 2.22219077841e-05, 1.46963275256e-05, 9.96902599582e-06, 1.07389960249e-05, 1.04760420072e-05, 9.84802318271e-06, 7.59948170526e-06, 4.68311691293e-06, 4.45296655016e-06, 4.85596274302e-06, 2.5623237434e-06, 1.74941476416e-06, 1.52577592871e-06, 1.11274266601e-06, 1.00218721855e-06, 9.90049443317e-07, 1.1058544942e-06, 1.23281677133e-06, 7.67795199863e-07, 4.67766426482e-07, 8.44851399506e-07, 5.22413756698e-07, 1.81900247753e-07, 6.02499028446e-08],
        "dvar": [1.4010988707e-06, 2.64982054432e-06, 1.7978713629e-07, 1.01686771359e-06, 1.46267211676e-07, 3.36435988402e-07, 6.87433896474e-07, 1.03137938368e-06, 5.16024670105e-07, 1.82641770152e-07, 4.90818097276e-09, 4.86876805539e-09, 1.08121378517e-08, 8.80418760119e-09, 2.90097279532e-08, 2.83534951073e-09, 4.29863922236e-09, 2.79078782306e-09, 4.65071009481e-10, 2.93835927812e-10, 2.20195750522e-10, 3.67963270964e-10, 1.72070330207e-10, 5.42832098716e-11, 5.62648781732e-11, 9.96456667179e-11, 2.23619369549e-11, 1.17756802573e-11, 3.87335476193e-11, 1.04679164642e-11, 7.43873105474e-12, 6.00188171732e-12, 6.65909211453e-12, 7.7258668213e-12, 4.42828889877e-12, 1.80574034458e-12, 3.53219059904e-12, 1.40772679971e-12, 1.21704133316e-13, 3.29151446767e-14],
        "dvar2": [3.36347966368e-06, 6.85420718582e-06, 4.03420273187e-07, 2.91853189083e-06, 3.72454621811e-07, 6.46039723051e-07, 1.29033242047e-06, 1.65080962233e-06, 1.25505630422e-06, 3.8831271354e-07, 1.1279595924e-08, 1.31607178488e-08, 2.61151082981e-08, 1.94309350832e-08, 4.91452283313e-08, 6.43246389487e-09, 8.06460676017e-09, 6.27236262929e-09, 1.13884379704e-09, 5.99212124364e-10, 4.83041717736e-10, 7.24137250163e-10, 3.72911118651e-10, 1.22825333237e-10, 1.09795852965e-10, 1.89706084175e-10, 4.73037720106e-11, 3.00945587894e-11, 6.45015499345e-11, 1.75974079059e-11, 1.48128887628e-11, 1.0901987646e-11, 1.17292547203e-11, 1.59143861284e-11, 9.21674455506e-12, 3.48198076275e-12, 7.75615856263e-12, 3.1971944623e-12, 2.43294289879e-13, 6.52172949976e-14],
        "max": [0.0190234780312, 0.0223475024104, 0.00783224683255, 0.0123325306922, 0.00520213274285, 0.0095484117046, 0.0204548984766, 0.0307069271803, 0.0206444934011, 0.0163345858455, 0.00215189973824, 0.00167966657318, 0.00335132610053, 0.00367229315452, 0.00655666925013, 0.00135269225575, 0.00269791204482, 0.0017672975082, 0.000527998257894, 0.00078933039913, 0.00030343508115, 0.000757381727453, 0.0003234812757, 0.000182408344699, 0.00023040920496, 0.000204608077183, 0.000145378537127, 5.62028908462e-05, 0.000262361951172, 0.000119219374028, 7.90183767094e-05, 6.30384020042e-05, 6.42672530375e-05, 7.3384733696e-05, 5.87323665968e-05, 2.88692754111e-05, 4.86825301778e-05, 3.57812386937e-05, 7.01201406628e-06, 6.35849482933e-06],
        "mean": [0.00116570258979, 0.00144942756742, 0.000393564056139, 0.000977288815193, 0.00046974408906, 0.000896219804417, 0.00185473274905, 0.00086447421927, 0.000255300605204, 0.000113793445053, 4.25953876402e-05, 3.37355450029e-05, 3.93110894947e-05, 4.40052026534e-05, 6.73637041473e-05, 2.19768880925e-05, 2.34331964748e-05, 1.40760348586e-05, 1.07443356683e-05, 1.24152593344e-05, 1.13123851406e-05, 1.2244435311e-05, 9.75142120296e-06, 5.46493265574e-06, 5.45216107639e-06, 6.17655950919e-06, 2.61943591795e-06, 1.4021552488e-06, 1.26625332086e-06, 1.20871789022e-06, 1.18876096167e-06, 1.23706649902e-06, 1.3887112118e-06, 1.47079265389e-06, 8.55236635289e-07, 5.07361789914e-07, 7.74541092596e-07, 4.54169736486e-07, 1.52011352839e-07, 4.31078639451e-08],
        "median": [0.000281675369479, 0.000557410297915, 0.00018093700055, 0.000523008347955, 0.0002724583901, 0.000217166816583, 0.00071208976442, 0.000236934269196, 1.78836071427e-05, 1.80316892511e-05, 9.8859964055e-06, 1.26004315462e-05, 9.00658415048e-06, 5.39835400559e-06, 7.55309883971e-06, 5.87861450185e-06, 3.89495335185e-06, 3.0116787002e-06, 3.82987991543e-06, 4.66040910396e-06, 4.06495792049e-06, 3.28343708134e-06, 2.64812410933e-06, 1.98071120394e-06, 1.92637457985e-06, 1.35819584557e-06, 7.92761625235e-07, 4.45780386826e-07, 2.84529789951e-07, 2.50360670861e-07, 1.64003310488e-07, 1.57876755225e-07, 2.3576149033e-07, 2.87270324861e-07, 1.35451401206e-07, 4.94696088538e-08, 8.11585110227e-08, 5.88758517495e-08, 2.35949286775e-08, 4.60695703808e-09],
        "min": [4.29610569341e-09, 3.68553121355e-09, 7.40189998183e-09, 3.6461049735e-09, 2.29569363519e-09, 8.51904502497e-09, 1.37783322529e-08, 6.05305450208e-09, 3.3476617034e-09, 5.95270099879e-09, 2.44633646673e-09, 1.88238313825e-10, 3.76049996698e-10, 9.4565344444e-10, 1.1332298433e-09, 2.58420201904e-10, 1.40316744335e-10, 5.31307463303e-11, 7.71700828239e-11, 5.30031192547e-11, 8.38230110323e-11, 1.7477869152e-10, 2.25550522703e-10, 7.90165433084e-11, 8.01250246707e-11, 1.46295850434e-10, 1.34478844727e-10, 2.28055226613e-12, 1.6509106365e-12, 2.4563363496e-12, 4.36388035083e-12, 8.58742504189e-12, 1.24161358278e-11, 8.99737142429e-12, 1.41637623938e-12, 1.2193131704e-12, 7.40669569947e-13, 8.00519318802e-13, 1.2472317016e-12, 8.12539543028e-13],
        "var": [4.28073144576e-06, 5.01756630911e-06, 3.54615224296e-07, 1.67668292761e-06, 3.40606931104e-07, 2.1937485144e-06, 5.64722995477e-06, 4.37429616795e-06, 1.29771513002e-06, 3.85704794326e-07, 1.29584059039e-08, 8.8839406942e-09, 1.75995875651e-08, 2.66280757444e-08, 9.8619864275e-08, 5.08468334104e-09, 1.04354898056e-08, 5.79623460339e-09, 8.59016857646e-10, 1.5165848577e-09, 5.52656698183e-10, 1.18306764385e-09, 4.92083984671e-10, 1.30752436656e-10, 1.72660330477e-10, 3.0836858067e-10, 5.16955124541e-11, 1.33554087928e-11, 6.47492476302e-11, 2.60376338546e-11, 1.71168634822e-11, 1.66818711622e-11, 1.7602024005e-11, 1.79617085094e-11, 9.10403263193e-12, 4.24463632645e-12, 6.14906172855e-12, 1.92280132788e-12, 2.04558849785e-13, 4.25555485219e-14]
    },
    "mfcc": {
        "mean": [-698.234680176, 155.101013184, 0.703588783741, 32.6243019104, 3.85965633392, -0.871720671654, -16.8716392517, 1.30230152607, -14.887046814, -2.17890572548, -2.52833294868, 4.82530403137, 4.66977596283],
        "cov": [[4749.34033203, -1067.46459961, 90.4820175171, -67.0844192505, -242.980438232, 220.286087036, -29.6209793091, 374.715026855, -91.1766281128, 134.282516479, 187.964004517, 129.049194336, -65.1639785767], [-1067.46459961, 1392.91760254, -333.632202148, 122.076911926, 31.4349880219, -186.890380859, 19.8872890472, -131.355712891, -26.2339935303, -86.5173110962, 46.5273933411, 46.2156410217, 123.361412048], [90.4820175171, -333.632202148, 652.36895752, 65.9623031616, 183.725082397, 111.063362122, 54.4815368652, 23.4352836609, 20.5664997101, 148.675170898, -24.1989002228, 92.5692367554, 52.8422851562], [-67.0844192505, 122.076911926, 65.9623031616, 294.615142822, 136.973190308, 63.1746177673, 54.8565177917, 10.2004365921, 53.5355453491, 47.7927284241, -28.9519786835, 4.17966890335, 34.3255844116], [-242.980438232, 31.4349880219, 183.725082397, 136.973190308, 357.407531738, 56.5917663574, 14.4841575623, -10.7471065521, 26.2987327576, 98.434135437, -40.1169204712, -2.08375549316, 33.2686004639], [220.286087036, -186.890380859, 111.063362122, 63.1746177673, 56.5917663574, 198.249511719, 38.2717323303, 62.1685752869, 58.6606445312, 24.5393657684, 11.6261863708, 21.6784267426, -24.1232261658], [-29.6209793091, 19.8872890472, 54.4815368652, 54.8565177917, 14.4841575623, 38.2717323303, 209.526046753, 85.1592559814, 61.0065307617, 44.7764549255, 0.522324204445, 18.9385910034, 2.60142111778], [374.715026855, -131.355712891, 23.4352836609, 10.2004365921, -10.7471065521, 62.1685752869, 85.1592559814, 236.236297607, 47.4952964783, 65.7253799438, 59.2094192505, 12.026594162, -24.8514785767], [-91.1766281128, -26.2339935303, 20.5664997101, 53.5355453491, 26.2987327576, 58.6606445312, 61.0065307617, 47.4952964783, 134.639312744, 33.1610565186, 9.33942127228, 20.2222328186, -9.8913192749], [134.282516479, -86.5173110962, 148.675170898, 47.7927284241, 98.434135437, 24.5393657684, 44.7764549255, 65.7253799438, 33.1610565186, 200.878997803, 41.1420173645, 49.9091911316, 23.8918895721], [187.964004517, 46.5273933411, -24.1989002228, -28.9519786835, -40.1169204712, 11.6261863708, 0.522324204445, 59.2094192505, 9.33942127228, 41.1420173645, 167.149902344, 71.2475738525, 15.5349092484], [129.049194336, 46.2156410217, 92.5692367554, 4.17966890335, -2.08375549316, 21.6784267426, 18.9385910034, 12.026594162, 20.2222328186, 49.9091911316, 71.2475738525, 166.741012573, 48.4565849304], [-65.1639785767, 123.361412048, 52.8422851562, 34.3255844116, 33.2686004639, -24.1232261658, 2.60142111778, -24.8514785767, -9.8913192749, 23.8918895721, 15.5349092484, 48.4565849304, 106.805091858]],
