{
"lowlevel": {
    "average_loudness": 0.913183927536,
    "barkbands_crest": {
        "dmean": 2.59180307388,
        "dmean2": 4.03035926819,
        "dvar": 6.15583562851,
        "dvar2": 13.7203454971,
        "max": 24.4702377319,
        "mean": 11.5845775604,
        "median": 10.936756134,
        "min": 2.83499479294,
        "var": 19.5852489471
    },
    "barkbands_flatness_db": {
        "dmean": 0.0306054968387,
        "dmean2": 0.0426448695362,
        "dvar": 0.000839690910652,
        "dvar2": 0.00161837879568,
        "max": 0.449693500996,
        "mean": 0.220251753926,
        "median": 0.212269291282,
        "min": 0.0944026559591,
        "var": 0.003392547369
    },
    "barkbands_kurtosis": {
        "dmean": 4.84635543823,
        "dmean2": 7.43819904327,
        "dvar": 82.4251174927,
        "dvar2": 193.647537231,
        "max": 137.659637451,
        "mean": 7.92779541016,
        "median": 3.27541685104,
        "min": -1.92194795609,
        "var": 191.328338623
    },
    "barkbands_skewness": {
        "dmean": 0.684857666492,
        "dmean2": 1.02239251137,
        "dvar": 0.604640901089,
        "dvar2": 1.32277238369,
        "max": 9.5602684021,
        "mean": 1.88667166233,
        "median": 1.59300649166,
        "min": -1.30133020878,
        "var": 2.44678807259
    },
    "barkbands_spread": {
        "dmean": 5.07197666168,
        "dmean2": 7.74673557281,
        "dvar": 41.2954025269,
        "dvar2": 94.02394104,
        "max": 106.832695007,
        "mean": 15.7643632889,
        "median": 13.0993690491,
        "min": 0.613767206669,
        "var": 130.175125122
    },
    "dissonance": {
        "dmean": 0.0279483404011,
        "dmean2": 0.0469714403152,
        "dvar": 0.000652198970784,
        "dvar2": 0.00167564710137,
        "max": 0.499943166971,
        "mean": 0.446449279785,
        "median": 0.453757584095,
        "min": 0.245588988066,
        "var": 0.00138135254383
    },
    "dynamic_complexity": 3.93648910522,
    "erbbands_crest": {
        "dmean": 3.41610193253,
        "dmean2": 5.46240854263,
        "dvar": 9.94097614288,
        "dvar2": 22.6651878357,
        "max": 29.523815155,
        "mean": 11.5088357925,
        "median": 10.1897287369,
        "min": 3.39147973061,
        "var": 28.1155204773
    },
    "erbbands_flatness_db": {
        "dmean": 0.0238937642425,
        "dmean2": 0.0336371771991,
        "dvar": 0.000454683264252,
        "dvar2": 0.000877763726749,
        "max": 0.412370979786,
        "mean": 0.2277905792,
        "median": 0.224524542689,
        "min": 0.119768753648,
        "var": 0.00178385979962
    },
    "erbbands_kurtosis": {
        "dmean": 1.86639726162,
        "dmean2": 2.87904238701,
        "dvar": 9.6392660141,
        "dvar2": 19.8796329498,
        "max": 62.9683227539,
        "mean": 1.65061759949,
        "median": 0.36557507515,
        "min": -1.84004032612,
        "var": 20.107755661
    },
    "erbbands_skewness": {
        "dmean": 0.538383483887,
        "dmean2": 0.802802562714,
        "dvar": 0.275747150183,
        "dvar2": 0.582516312599,
        "max": 6.19365167618,
        "mean": 0.701787173748,
        "median": 0.600046217442,
        "min": -4.37485694885,
        "var": 1.1365634203
    },
    "erbbands_spread": {
        "dmean": 9.47730445862,
        "dmean2": 14.6956071854,
        "dvar": 128.058776855,
        "dvar2": 305.05569458,
        "max": 149.449676514,
        "mean": 32.2941741943,
        "median": 29.3578147888,
        "min": 1.54747354984,
        "var": 285.25100708
    },
    "hfc": {
        "dmean": 5.43708372116,
        "dmean2": 7.9104309082,
        "dvar": 91.6756057739,
        "dvar2": 205.969726562,
        "max": 256.368591309,
        "mean": 13.2323789597,
        "median": 6.90842676163,
        "min": 0.000228631775826,
        "var": 288.528320312
    },
    "melbands_crest": {
        "dmean": 3.12966179848,
        "dmean2": 4.89221334457,
        "dvar": 8.86848926544,
        "dvar2": 20.7527389526,
        "max": 33.3453063965,
        "mean": 16.0079231262,
        "median": 15.6230993271,
        "min": 4.27837705612,
        "var": 30.9811439514
    },
    "melbands_flatness_db": {
        "dmean": 0.0370835699141,
        "dmean2": 0.0474479645491,
        "dvar": 0.00139231607318,
        "dvar2": 0.00261916243471,
        "max": 0.521692097187,
        "mean": 0.261801183224,
        "median": 0.251843839884,
        "min": 0.0536637976766,
        "var": 0.00648814439774
    },
    "melbands_kurtosis": {
        "dmean": 10.2038068771,
        "dmean2": 16.032043457,
        "dvar": 356.858673096,
        "dvar2": 897.092529297,
        "max": 284.459899902,
        "mean": 18.1658973694,
        "median": 8.82254695892,
        "min": -1.5677986145,
        "var": 769.915100098
    },
    "melbands_skewness": {
        "dmean": 0.921073257923,
        "dmean2": 1.38318574429,
        "dvar": 1.08318769932,
        "dvar2": 2.4945101738,
        "max": 12.9599790573,
        "mean": 2.76836824417,
        "median": 2.38079953194,
        "min": -1.01548874378,
        "var": 4.0752325058
    },
    "melbands_spread": {
        "dmean": 5.99247026443,
        "dmean2": 8.92001724243,
        "dvar": 73.8255767822,
        "dvar2": 161.566955566,
        "max": 204.330032349,
        "mean": 17.7980041504,
        "median": 13.6831645966,
        "min": 0.672809183598,
        "var": 221.051605225
    },
    "pitch_salience": {
        "dmean": 0.0761841163039,
        "dmean2": 0.11864746362,
        "dvar": 0.00522901443765,
        "dvar2": 0.0123142246157,
        "max": 0.853914678097,
        "mean": 0.463288545609,
        "median": 0.456972926855,
        "min": 0.111323811114,
        "var": 0.0142031926662
    },
    "silence_rate_20dB": {
        "dmean": 0,
        "dmean2": 0,
        "dvar": 0,
        "dvar2": 0,
        "max": 1,
        "mean": 1,
        "median": 1,
        "min": 1,
        "var": 0
    },
    "silence_rate_30dB": {
        "dmean": 0.000774593325332,
        "dmean2": 0.00154978688806,
        "dvar": 0.000773990701418,
        "dvar2": 0.00232226704247,
        "max": 1,
        "mean": 0.999612867832,
        "median": 1,
        "min": 0,
        "var": 0.000387015723391
    },
    "silence_rate_60dB": {
        "dmean": 0.0402788519859,
        "dmean2": 0.0805889219046,
        "dvar": 0.0386571362615,
        "dvar2": 0.0849442109466,
        "max": 1,
        "mean": 0.0743321701884,
        "median": 0,
        "min": 0,
        "var": 0.0688054859638
    },
    "spectral_centroid": {
        "dmean": 229.200912476,
        "dmean2": 339.101837158,
        "dvar": 77329.0859375,
        "dvar2": 166537.125,
        "max": 4825.44726562,
        "mean": 1054.37365723,
        "median": 933.271057129,
        "min": 159.137680054,
        "var": 339972.5625
    },
    "spectral_complexity": {
        "dmean": 2.83501172066,
        "dmean2": 4.09182500839,
        "dvar": 8.25474357605,
        "dvar2": 15.5856904984,
        "max": 38,
        "mean": 12.2411928177,
        "median": 12,
        "min": 0,
        "var": 43.1629486084
    },
    "spectral_decrease": {
        "dmean": 1.87826287856e-09,
        "dmean2": 2.73506373105e-09,
        "dvar": 7.38733911965e-18,
        "dvar2": 1.61934253387e-17,
        "max": -1.11563177045e-13,
        "mean": -5.10953013233e-09,
        "median": -3.61931529191e-09,
        "min": -3.01224076793e-08,
        "var": 2.11072801871e-17
    },
    "spectral_energy": {
        "dmean": 0.00751726189628,
        "dmean2": 0.0109432386234,
        "dvar": 0.000117064089864,
        "dvar2": 0.000256719824392,
        "max": 0.119908906519,
        "mean": 0.0204847790301,
        "median": 0.0144545482472,
        "min": 4.41802455953e-07,
        "var": 0.000341702223523
    },
    "spectral_energyband_high": {
        "dmean": 0.000223133873078,
        "dmean2": 0.000341984530678,
        "dvar": 7.49284595258e-07,
        "dvar2": 1.70327462001e-06,
        "max": 0.0343818999827,
        "mean": 0.000312791060423,
        "median": 7.16977592674e-05,
        "min": 2.70292299653e-09,
        "var": 9.41644259456e-07
    },
    "spectral_energyband_low": {
        "dmean": 0.00145669747144,
        "dmean2": 0.00216022832319,
        "dvar": 6.52170001558e-06,
        "dvar2": 1.34615884235e-05,
        "max": 0.0443071611226,
        "mean": 0.00590382050723,
        "median": 0.00418815249577,
        "min": 2.25795147912e-07,
        "var": 3.61759339285e-05
    },
    "spectral_energyband_middle_high": {
        "dmean": 0.00185365753714,
        "dmean2": 0.00281974114478,
        "dvar": 1.9183193217e-05,
        "dvar2": 4.63309843326e-05,
        "max": 0.0861662253737,
        "mean": 0.00403413968161,
        "median": 0.0014165751636,
        "min": 1.10762762517e-07,
        "var": 5.9949579736e-05
    },
    "spectral_energyband_middle_low": {
        "dmean": 0.0057467399165,
        "dmean2": 0.00849294941872,
        "dvar": 9.54670831561e-05,
        "dvar2": 0.000206789904041,
        "max": 0.110070616007,
        "mean": 0.0106859523803,
        "median": 0.00473919836804,
        "min": 1.14533079909e-07,
        "var": 0.000227260883548
    },
    "spectral_entropy": {
        "dmean": 0.275459557772,
        "dmean2": 0.366622000933,
        "dvar": 0.0760834515095,
        "dvar2": 0.130345001817,
        "max": 8.41996002197,
        "mean": 6.98804092407,
        "median": 7.05065393448,
        "min": 4.80871295929,
        "var": 0.273233950138
    },
    "spectral_flux": {
        "dmean": 0.0239917859435,
        "dmean2": 0.0372033528984,
        "dvar": 0.000695091381203,
        "dvar2": 0.00156336626969,
        "max": 0.256974697113,
        "mean": 0.0644153729081,
        "median": 0.0542551502585,
        "min": 0.000664682243951,
        "var": 0.00165253446903
    },
    "spectral_kurtosis": {
        "dmean": 3.86410737038,
        "dmean2": 6.33325433731,
        "dvar": 24.0150489807,
        "dvar2": 55.5373687744,
        "max": 66.2247695923,
        "mean": 5.87234592438,
        "median": 4.03728103638,
        "min": -1.3038110733,
        "var": 41.0187416077
    },
    "spectral_rms": {
        "dmean": 0.000768153753597,
        "dmean2": 0.00107401888818,
        "dvar": 8.12022562968e-07,
        "dvar2": 1.63791878549e-06,
        "max": 0.0108159277588,
        "mean": 0.00405211281031,
        "median": 0.00375526282005,
        "min": 2.07611847145e-05,
        "var": 3.56554460268e-06
    },
    "spectral_rolloff": {
        "dmean": 333.841308594,
        "dmean2": 568.416503906,
        "dvar": 452296.34375,
        "dvar2": 1081076,
        "max": 9582.27539062,
        "mean": 1001.57629395,
        "median": 710.595703125,
        "min": 86.1328125,
        "var": 921956.625
    },
    "spectral_skewness": {
        "dmean": 0.415999412537,
        "dmean2": 0.646307647228,
        "dvar": 0.190412342548,
        "dvar2": 0.425339311361,
        "max": 6.50047397614,
        "mean": 1.63215744495,
        "median": 1.49189841747,
        "min": -0.281482994556,
        "var": 0.485689222813
    },
    "spectral_spread": {
        "dmean": 583485.875,
        "dmean2": 835331,
        "dvar": 491171643392,
        "dvar2": 998199525376,
        "max": 11537215,
        "mean": 3395090.5,
        "median": 3186577,
        "min": 963729.5625,
        "var": 1.31013410816e+12
    },
    "spectral_strongpeak": {
        "dmean": 0.526901245117,
        "dmean2": 0.849583566189,
        "dvar": 0.775055348873,
        "dvar2": 1.84275054932,
        "max": 9.36808776855,
        "mean": 1.00965452194,
        "median": 0.413593351841,
        "min": 0.000935807591304,
        "var": 1.95867931843
    },
    "zerocrossingrate": {
        "dmean": 0.00843883119524,
        "dmean2": 0.00981954205781,
        "dvar": 9.03968539205e-05,
        "dvar2": 0.000109469910967,
        "max": 0.26025390625,
        "mean": 0.0416969135404,
        "median": 0.03662109375,
        "min": 0.00341796875,
        "var": 0.000620209088083
    },
    "barkbands": {
        "dmean": [2.70093332801e-05, 0.000876255217008, 0.000730165047571, 0.000298152299365, 0.0018497457495, 0.00168818375096, 0.000529484881554, 0.00141490751412, 0.00104809214827, 0.000945136940572, 0.000380938261515, 0.000463116302853, 0.000194789827219, 0.00036727701081, 0.000209514342714, 0.00021455224487, 0.000115412956802, 8.18674379843e-05, 0.00010057666077, 6.7388980824e-05, 2.08727269637e-05, 7.97548345872e-05, 5.49790674995e-05, 5.0503804232e-05, 6.62297816234e-06, 5.81504799868e-09, 8.17045375801e-10],
        "dmean2": [4.62023708678e-05, 0.00130469060969, 0.00104549468961, 0.000507015211042, 0.00298485648818, 0.00239758053795, 0.00083076901501, 0.00217068637721, 0.0015995320864, 0.0015269338619, 0.00062328990316, 0.000738385366276, 0.000320415274473, 0.000610282120761, 0.000332702096784, 0.000340210506693, 0.000178690446774, 0.000125880091218, 0.000156579655595, 9.94427391561e-05, 3.37061828759e-05, 0.00012991281983, 8.71230586199e-05, 8.04252704256e-05, 9.80621371127e-06, 9.45867117963e-09, 1.51648160696e-09],
        "dvar": [4.16411483073e-09, 2.29342413149e-06, 1.88818091829e-06, 4.77868468352e-07, 3.36339871865e-05, 1.83452866622e-05, 1.44653949974e-06, 2.40852295974e-05, 7.68628251535e-06, 1.06051575131e-05, 1.48153958435e-06, 3.50230243384e-06, 4.01482708412e-07, 2.66892789114e-06, 7.79027516273e-07, 3.45381693023e-07, 5.49192655797e-08, 3.72417510164e-08, 8.7761847567e-08, 3.33230616434e-08, 2.92498514298e-09, 6.39532800051e-08, 1.29207123223e-07, 7.66240617622e-08, 5.10636422035e-09, 4.05279091943e-15, 1.63499589299e-18],
        "dvar2": [1.11680886761e-08, 5.01719978274e-06, 3.77145238417e-06, 1.27369673919e-06, 8.3390812506e-05, 3.24373540934e-05, 3.05091134578e-06, 5.69806070416e-05, 1.7150403437e-05, 2.63999972958e-05, 3.70891757484e-06, 8.91677336767e-06, 1.04850835214e-06, 7.64236483519e-06, 1.96012251763e-06, 8.6476342176e-07, 1.335580464e-07, 8.01148161145e-08, 2.22657675408e-07, 6.96393342992e-08, 6.30189456174e-09, 1.51392939074e-07, 3.36399523349e-07, 1.76466386392e-07, 1.18742002897e-08, 9.76246552809e-15, 5.11677962339e-18],
        "max": [0.00127559504472, 0.0229833014309, 0.0248665381223, 0.0160428192466, 0.0754474401474, 0.0588019043207, 0.0337529629469, 0.0835532546043, 0.0625251531601, 0.0734883472323, 0.022086398676, 0.0437177792192, 0.016193760559, 0.0369721725583, 0.0208252780139, 0.0121472170576, 0.00320694153197, 0.0032647671178, 0.00504809105769, 0.00574905890971, 0.0016891855048, 0.00622080359608, 0.0145209506154, 0.0104206502438, 0.00331433303654, 2.82583050648e-06, 1.55793813406e-08],
        "mean": [4.79794471175e-05, 0.00293814088218, 0.0027381896507, 0.000437568116467, 0.00233891466632, 0.00265407003462, 0.000770816404838, 0.00231700460427, 0.00155019317754, 0.00119053130038, 0.000524047121871, 0.000624002481345, 0.000298405793728, 0.000517310167197, 0.000307610753225, 0.000305481662508, 0.000203813411645, 0.000140818912769, 0.000190155391465, 0.000148551465827, 2.90204679914e-05, 8.15607781988e-05, 6.69241053401e-05, 5.52701822016e-05, 8.3884506239e-06, 6.25342844174e-09, 6.57774001933e-10],
        "median": [1.59106384672e-05, 0.00179793417919, 0.00145925232209, 0.000167802063515, 0.000638054450974, 0.000533531769179, 0.00022934791923, 0.000176558183739, 0.000245727627771, 0.000162829601322, 6.71189045534e-05, 8.79865619936e-05, 5.12253573106e-05, 5.3317147831e-05, 5.2772811614e-05, 3.83310580219e-05, 5.65806985833e-05, 4.77976645925e-05, 4.17044357164e-05, 3.18714446621e-05, 9.61122259469e-06, 1.57265822054e-05, 1.3037685676e-05, 8.33354988572e-06, 3.94322398733e-07, 7.50954631812e-10, 2.07331180002e-10],
        "min": [1.03123576345e-09, 3.89983121352e-08, 8.32729512013e-08, 2.52233682829e-08, 2.63661359412e-08, 3.97331145763e-09, 1.87158111231e-08, 1.55328301332e-08, 1.71680181182e-08, 1.68735496686e-08, 1.21866472469e-08, 4.49454269358e-08, 1.87861424195e-08, 1.09034186124e-08, 1.5035329648e-09, 1.1200286254e-09, 4.97749563788e-10, 1.13768727772e-09, 3.87739529373e-09, 3.41539507787e-09, 9.9435723544e-11, 3.08210679201e-10, 3.68931468708e-10, 2.6713053991e-10, 2.04671436049e-11, 1.16330877223e-11, 1.37807551828e-11],
        "var": [6.62542509744e-09, 1.14718241093e-05, 1.22589453895e-05, 5.39482186923e-07, 3.48309877154e-05, 4.32349115727e-05, 3.53497671313e-06, 5.57857711101e-05, 1.53236996994e-05, 1.23913296193e-05, 2.57253714153e-06, 5.66103381061e-06, 9.22226149669e-07, 4.15017029809e-06, 1.48201286265e-06, 5.95777635226e-07, 1.27214491386e-07, 7.9978953238e-08, 2.07478834113e-07, 1.27859294707e-07, 4.14813383642e-09, 6.24508516012e-08, 1.01796715057e-07, 1.14098078541e-07, 1.05377200299e-08, 5.43421187091e-15, 1.31642795958e-18]
    },
    "erbbands": {
        "dmean": [0.0162751041353, 0.232426509261, 0.797919094563, 0.799003720284, 2.82877850533, 7.09722518921, 11.0564060211, 16.4054279327, 6.20258426666, 12.3015594482, 38.11510849, 23.3994846344, 33.4515419006, 23.5284996033, 8.06311607361, 19.6334495544, 10.8441419601, 18.458234787, 9.27786445618, 13.8588533401, 8.69696426392, 5.86425065994, 4.52774333954, 3.83393168449, 5.47465610504, 3.07329916954, 1.01385140419, 1.36909198761, 2.99627041817, 1.69921529293, 1.57267308235, 1.65516531467, 0.440135538578, 0.133875623345, 0.00904895644635, 0.000411251647165, 2.9148925023e-05, 5.3376716096e-06, 4.73357886221e-06, 8.93108062883e-06],
        "dmean2": [0.0246520135552, 0.347208142281, 1.15295732021, 1.2530361414, 4.52894496918, 11.8562507629, 17.513168335, 22.3651542664, 9.6454076767, 18.5657310486, 58.0174484253, 35.5042686462, 54.1838264465, 38.8994560242, 12.7367162704, 31.135061264, 17.7374420166, 30.5750980377, 14.8094682693, 21.6362171173, 13.4042339325, 8.9689540863, 6.83556652069, 5.90694522858, 8.29870414734, 4.5148768425, 1.52220284939, 2.19014143944, 4.88435316086, 2.82467365265, 2.43970060349, 2.57584071159, 0.682381272316, 0.205499321222, 0.0152587564662, 0.000680752506014, 4.55880290247e-05, 8.20951026981e-06, 6.95174685461e-06, 1.30058951981e-05],
        "dvar": [0.00115822313819, 0.156189739704, 2.12369298935, 2.07715201378, 66.1660995483, 829.655761719, 736.272827148, 2035.34436035, 106.590698242, 2930.87817383, 18348.0859375, 4168.50927734, 12781.3476562, 6022.74023438, 488.975738525, 6132.10546875, 1306.234375, 7614.33007812, 998.563903809, 2221.38842773, 464.197387695, 140.589645386, 150.357284546, 94.6318664551, 271.736877441, 79.1137466431, 4.92504739761, 14.8109073639, 84.2256164551, 99.8901596069, 106.57673645, 30.8670387268, 29.6811008453, 1.92193174362, 0.0138952462003, 2.3124170184e-05, 5.53659731395e-08, 1.15661136224e-09, 1.06472358707e-10, 1.69308636555e-10],
        "dvar2": [0.00231472286396, 0.34846252203, 4.26958084106, 4.93418550491, 161.842315674, 2141.5222168, 1870.81286621, 3171.19726562, 257.646118164, 5317.81884766, 43420.78125, 9405.72460938, 31082.3007812, 15802.7197266, 1094.32055664, 15708.9931641, 3509.74511719, 21402.3046875, 2743.89794922, 5242.14453125, 1162.23913574, 343.647766113, 302.246704102, 218.278640747, 687.581970215, 168.02331543, 10.192943573, 34.5470657349, 211.123519897, 237.323150635, 277.965820312, 69.7803115845, 72.7493743896, 4.28115749359, 0.036892414093, 6.04941014899e-05, 1.34578229449e-07, 2.71952771413e-09, 2.4500115825e-10, 3.74168807049e-10],
        "max": [0.75064355135, 5.83628940582, 23.4523773193, 22.901676178, 108.220703125, 350.145751953, 428.06036377, 583.28326416, 154.783248901, 1735.91027832, 2470.38232422, 2004.88208008, 2275.71630859, 1343.39367676, 531.351074219, 1739.93322754, 796.430053711, 2203.0324707, 681.702636719, 989.937927246, 353.279205322, 184.57194519, 224.853942871, 245.866485596, 309.248168945, 260.067443848, 54.0944862366, 85.8213119507, 189.987304688, 414.956481934, 415.106903076, 166.613647461, 215.582626343, 59.7618179321, 5.07244920731, 0.208572044969, 0.00958630256355, 0.00118444429245, 0.000349306093995, 0.000187181023648],
        "mean": [0.0662333145738, 0.753827393055, 3.07745432854, 2.07049512863, 4.87033033371, 7.44296979904, 14.5026826859, 25.7530059814, 9.73410224915, 20.1284008026, 63.651512146, 34.2146263123, 43.1966552734, 32.0160942078, 12.410405159, 27.2288150787, 18.2358970642, 26.8843269348, 14.9772005081, 20.3020267487, 14.3143510818, 10.9386739731, 7.75185728073, 7.52570390701, 10.8875989914, 7.12794685364, 2.17291712761, 1.56585800648, 2.99372673035, 1.94432520866, 1.81581437588, 1.76053309441, 0.560293376446, 0.179433971643, 0.0086130509153, 0.000424536527134, 4.0623046516e-05, 8.23455229693e-06, 1.20611739476e-05, 2.42366550083e-05],
        "median": [0.0218922644854, 0.47506865859, 1.92861294746, 1.38525271416, 1.05810821056, 2.05905675888, 3.24011921883, 4.00157213211, 4.17925739288, 3.17061328888, 5.15780162811, 5.561647892, 6.39353895187, 4.46289873123, 2.13757419586, 3.96071791649, 3.16184353828, 3.82489490509, 2.9019382, 3.42487478256, 3.04437804222, 3.11094260216, 2.51647973061, 2.39515805244, 2.44943833351, 1.33057188988, 0.580799341202, 0.403072118759, 0.577132940292, 0.326047629118, 0.356985390186, 0.30463680625, 0.0515753924847, 0.0104155000299, 0.000355096737621, 3.57957214874e-05, 1.07213427327e-05, 2.46702074946e-06, 7.90591093391e-06, 1.69646846189e-05],
        "min": [9.76388491836e-07, 1.16789442473e-05, 0.000138722549309, 0.000152993859956, 7.52671840019e-05, 8.22577276267e-05, 6.23033993179e-05, 3.13052223646e-05, 0.000183221884072, 0.000289158750093, 0.000526306044776, 0.000333098170813, 0.000468796788482, 0.000482866278617, 0.00042800520896, 0.00185054575559, 0.00118031876627, 0.000749064609408, 0.000163219534443, 6.73583417665e-05, 3.47621826222e-05, 2.94038054562e-05, 6.04585147812e-05, 0.000107518178993, 0.00022358392016, 0.000185482786037, 2.09897680179e-05, 6.86091607349e-06, 1.12471971079e-05, 7.72769999458e-06, 1.06786910692e-05, 1.06815823528e-05, 1.76415380793e-06, 4.67310314889e-07, 1.32772726147e-07, 6.13674941974e-08, 2.59440842143e-08, 1.08857500791e-08, 4.97261742893e-09, 9.61124846377e-10],
        "var": [0.00881159491837, 0.729179799557, 13.5735454559, 5.55773878098, 110.899429321, 677.695739746, 989.993408203, 4994.73242188, 222.231704712, 7643.59277344, 43527.359375, 7674.02734375, 17581.9355469, 9210.9375, 1065.17260742, 10274.3417969, 3036.94262695, 11575.5234375, 2105.49072266, 4238.94726562, 858.962280273, 365.061584473, 317.170898438, 223.757141113, 685.051086426, 313.317077637, 19.0282344818, 15.8272829056, 76.1565704346, 90.8349456787, 83.3774795532, 46.1879768372, 37.8477859497, 4.23197650909, 0.0134851913899, 2.47751449933e-05, 8.67380336445e-08, 1.9076638047e-09, 2.16136442077e-10, 4.89193296982e-10]
    },
    "gfcc": {
        "mean": [-84.960357666, 153.480453491, -148.069122314, 52.5636672974, -66.2426376343, 9.87269878387, -22.2694702148, -7.89740991592, 5.42910766602, -24.9919281006, 8.76805973053, -20.6815242767, 1.66974341869],
        "cov": [[5379.51171875, -1191.26403809, -651.414489746, 109.590431213, -794.78338623, 382.035552979, -88.1634750366, 318.493804932, -8.49234294891, 37.5302238464, -1.07318484783, -101.647331238, 86.3210144043], [-1191.26403809, 928.252624512, 255.667816162, -106.555053711, 489.418579102, -300.786376953, 106.164550781, -173.975601196, 18.7375068665, 4.77742338181, 89.2939300537, 43.8500709534, -11.056391716], [-651.414489746, 255.667816162, 949.952270508, 228.549377441, -9.52508640289, 102.480438232, -25.6176452637, -40.59765625, 79.9072570801, 33.1175765991, 5.06594085693, 85.293258667, 18.7009716034], [109.590431213, -106.555053711, 228.549377441, 361.776519775, 79.0522003174, 88.32837677, -27.5481967926, 84.2458877563, 119.762527466, 14.3973932266, -17.5573616028, 50.9502334595, 40.6319198608], [-794.78338623, 489.418579102, -9.52508640289, 79.0522003174, 625.335876465, -150.312393188, 99.4403991699, -62.6138534546, 35.7386550903, 23.4015579224, 50.0192222595, 55.4212760925, 4.37428045273], [382.035552979, -300.786376953, 102.480438232, 88.32837677, -150.312393188, 534.198364258, 207.82913208, 54.4339294434, -2.21913361549, 59.991897583, 47.8591384888, 11.4866256714, -20.975944519], [-88.1634750366, 106.164550781, -25.6176452637, -27.5481967926, 99.4403991699, 207.82913208, 377.479095459, 102.978744507, 0.585975110531, 45.5587654114, 61.7599105835, -41.0601272583, -44.7829017639], [318.493804932, -173.975601196, -40.59765625, 84.2458877563, -62.6138534546, 54.4339294434, 102.978744507, 359.486938477, 165.451278687, 37.0851135254, -46.5570449829, -72.0007095337, 4.18455696106], [-8.49234294891, 18.7375068665, 79.9072570801, 119.762527466, 35.7386550903, -2.21913361549, 0.585975110531, 165.451278687, 324.39352417, 85.552772522, -66.7513656616, 1.19475722313, 34.2395401001], [37.5302238464, 4.77742338181, 33.1175765991, 14.3973932266, 23.4015579224, 59.991897583, 45.5587654114, 37.0851135254, 85.552772522, 151.515274048, 66.608795166, 25.4494934082, 16.3358650208], [-1.07318484783, 89.2939300537, 5.06594085693, -17.5573616028, 50.0192222595, 47.8591384888, 61.7599105835, -46.5570449829, -66.7513656616, 66.608795166, 178.795303345, 71.4801864624, -0.7767406106], [-101.647331238, 43.8500709534, 85.293258667, 50.9502334595, 55.4212760925, 11.4866256714, -41.0601272583, -72.0007095337, 1.19475722313, 25.4494934082, 71.4801864624, 167.536071777, 59.045463562], [86.3210144043, -11.056391716, 18.7009716034, 40.6319198608, 4.37428045273, -20.975944519, -44.7829017639, 4.18455696106, 34.2395401001, 16.3358650208, -0.7767406106, 59.045463562, 92.8675460815]],
        "icov": [[0.000313344993629, 6.03652370046e-05, 0.000263572699623, -0.000281456654193, 0.000340215570759, -0.000112314279249, 7.85332813393e-05, -9.90849584923e-05, 5.64755391679e-05, -4.23242672696e-05, -0.000242960915784, 0.000241970294155, -0.000382313941373], [6.03652370046e-05, 0.00716478610411, -0.00315469084308, 0.00387769495137, -0.00405455520377, 0.00368860783055, -0.00336290430278, 0.00316453701816, -0.00394443655387, 0.00357303372584, -0.00470408285037, 0.00229609431699, -0.00167800521012], [0.000263572699623, -0.00315469084308, 0.00302411569282, -0.00297093973495, 0.00243522715755, -0.00168930005748, 0.00133043737151, -0.000979093485512, 0.0016154932091, -0.0019270144403, 0.00213288562372, -0.00138044974301, 0.000898616504855], [-0.000281456654193, 0.00387769495137, -0.00297093973495, 0.00748430332169, -0.00402880413458, 0.000363462109817, -8.8999979198e-05, 0.000245520204771, -0.00325505831279, 0.00344647630118, -0.0027778216172, 0.000692753063049, -0.00160497671459], [0.000340215570759, -0.00405455520377, 0.00243522715755, -0.00402880413458, 0.00551393255591, -0.00052870932268, -5.65607078897e-05, -0.000690442859195, 0.00192400056403, -0.00250328402035, 0.00240426813252, -0.00187052239198, 0.00103843363468], [-0.000112314279249, 0.00368860783055, -0.00168930005748, 0.000363462109817, -0.00052870932268, 0.00580192869529, -0.00461270194501, 0.00239268760197, -0.00151269347407, 0.000389836088289, -0.00164230854716, -3.68262844859e-05, 0.00022673906642], [7.85332813393e-05, -0.00336290430278, 0.00133043737151, -8.8999979198e-05, -5.65607078897e-05, -0.00461270194501, 0.007537772879, -0.00366109819151, 0.00198646215722, -0.00121395906899, 0.000335646880558, 0.000476851768326, 0.00123908137903], [-9.90849584923e-05, 0.00316453701816, -0.000979093485512, 0.000245520204771, -0.000690442859195, 0.00239268760197, -0.00366109819151, 0.00688324961811, -0.00425935583189, 0.00182023341767, -0.00239917659201, 0.00301232375205, -0.00162917678244], [5.64755391679e-05, -0.00394443655387, 0.0016154932091, -0.00325505831279, 0.00192400056403, -0.00151269347407, 0.00198646215722, -0.00425935583189, 0.0092702107504, -0.00710652302951, 0.00698587857187, -0.0029928307049, 0.00108779896982], [-4.23242672696e-05, 0.00357303372584, -0.0019270144403, 0.00344647630118, -0.00250328402035, 0.000389836088289, -0.00121395906899, 0.00182023341767, -0.00710652302951, 0.0146503439173, -0.0092911766842, 0.00316175073385, -0.00316150952131], [-0.000242960915784, -0.00470408285037, 0.00213288562372, -0.0027778216172, 0.00240426813252, -0.00164230854716, 0.000335646880558, -0.00239917659201, 0.00698587857187, -0.0092911766842, 0.015795622021, -0.00768770556897, 0.00431612413377], [0.000241970294155, 0.00229609431699, -0.00138044974301, 0.000692753063049, -0.00187052239198, -3.68262844859e-05, 0.000476851768326, 0.00301232375205, -0.0029928307049, 0.00316175073385, -0.00768770556897, 0.0136880716309, -0.00802261009812], [-0.000382313941373, -0.00167800521012, 0.000898616504855, -0.00160497671459, 0.00103843363468, 0.00022673906642, 0.00123908137903, -0.00162917678244, 0.00108779896982, -0.00316150952131, 0.00431612413377, -0.00802261009812, 0.0174100603908]]
    },
    "melbands": {
        "dmean": [0.000189922575373, 0.000368896988221, 0.000184475953574, 0.000340949482052, 0.000394514092477, 0.000339983176673, 9.68619933701e-05, 0.000137672250276, 0.000329666829202, 0.000140922827995, 0.000166010329849, 9.5498508017e-05, 3.49623405782e-05, 3.35653785442e-05, 5.34608116141e-05, 1.97461758944e-05, 3.87590298487e-05, 1.58922484843e-05, 1.80222959898e-05, 1.96023411263e-05, 9.41511461861e-06, 7.51023071643e-06, 4.72963029097e-06, 3.20546450894e-06, 3.34447395289e-06, 3.5767072859e-06, 3.82505368179e-06, 2.10845337278e-06, 7.5265097621e-07, 4.55934383581e-07, 1.02719207007e-06, 1.94859944713e-06, 1.33457740503e-06, 8.25008612537e-07, 6.99088047895e-07, 1.67223242897e-06, 6.71759380566e-07, 3.09367607088e-07, 2.29604069091e-07, 7.35795566698e-08],
        "dmean2": [0.000285722635454, 0.000544015376363, 0.000293399323709, 0.000553779071197, 0.000623952655587, 0.000470786937512, 0.000153225919348, 0.000209961712244, 0.000495244457852, 0.000217779597733, 0.00026947184233, 0.000158258597367, 5.62840978091e-05, 5.3239731642e-05, 8.60618674778e-05, 3.17899830407e-05, 6.46393527859e-05, 2.56333114521e-05, 2.83042481897e-05, 3.09179595206e-05, 1.45794911077e-05, 1.15987259051e-05, 7.32685066396e-06, 4.96186657983e-06, 5.19451714354e-06, 5.44319982509e-06, 5.8300438468e-06, 3.17296326102e-06, 1.15052864658e-06, 7.15197586487e-07, 1.62667606673e-06, 3.11827147925e-06, 2.31065450862e-06, 1.39906148888e-06, 1.13540932034e-06, 2.57523538494e-06, 1.06617017082e-06, 4.64883783025e-07, 3.77685580588e-07, 1.1757323648e-07],
        "dvar": [1.23585877532e-07, 4.18375464051e-07, 1.42087927202e-07, 1.42307771966e-06, 1.01591399471e-06, 8.19181821043e-07, 2.78697580569e-08, 3.67784224409e-07, 1.38549251005e-06, 1.64194787544e-07, 3.23261872381e-07, 9.87172725786e-08, 1.00337471665e-08, 1.11638609468e-08, 6.13158732676e-08, 5.39468070215e-09, 3.34017506987e-08, 3.9565617449e-09, 6.02541350148e-09, 3.18286574874e-09, 6.27923990582e-10, 2.46949960481e-10, 1.35139899271e-10, 6.28105414902e-11, 8.45043687803e-11, 9.29668494964e-11, 1.24229529441e-10, 5.03502586846e-11, 3.42929439186e-12, 1.21781501983e-12, 8.40702160665e-12, 3.10301263851e-11, 2.51756775149e-11, 4.19752600733e-11, 4.9243699396e-11, 2.33470204974e-11, 7.57449051397e-12, 1.66798554135e-11, 8.49974864797e-12, 6.84487677042e-13],
        "dvar2": [2.58861490465e-07, 8.69026052897e-07, 3.55775256367e-07, 3.60277795153e-06, 2.50352627518e-06, 1.31347485421e-06, 6.67351329753e-08, 6.79983656937e-07, 3.19065816257e-06, 3.87614477404e-07, 7.8770096934e-07, 2.59942567027e-07, 2.45161775325e-08, 2.83393735145e-08, 1.585099767e-07, 1.41518148311e-08, 9.43654825392e-08, 1.13615588049e-08, 1.51933843284e-08, 7.48167128251e-09, 1.72254399633e-09, 6.16579898249e-10, 2.87235069063e-10, 1.44516190681e-10, 1.95839192085e-10, 2.25688301381e-10, 3.16130288613e-10, 1.07982615905e-10, 7.33099952271e-12, 2.56391414176e-12, 2.00747665019e-11, 7.83692832851e-11, 5.86501819333e-11, 1.07163750096e-10, 1.32580724177e-10, 5.60588207799e-11, 1.537584296e-11, 3.98389619904e-11, 2.081157989e-11, 1.63679497473e-12],
        "max": [0.00575206708163, 0.00893707573414, 0.00740040931851, 0.0171643402427, 0.0123136183247, 0.0118833594024, 0.00235359347425, 0.0184408146888, 0.0213294420391, 0.0122608523816, 0.0117568550631, 0.00512045016512, 0.00162720947992, 0.00159697374329, 0.00668105436489, 0.00216242088936, 0.00450235186145, 0.00156589224935, 0.00176510284655, 0.00126367434859, 0.000529549142811, 0.00023092936317, 0.000211291437154, 0.000159181217896, 0.000232992577367, 0.000180928152986, 0.000184077129234, 0.000197120389203, 5.32620797458e-05, 3.41232225765e-05, 6.02276813879e-05, 8.63059249241e-05, 0.000138853749377, 0.000267313036602, 0.000282966531813, 0.000122061195725, 9.46416985244e-05, 0.000162876152899, 0.000103308040707, 3.91375542677e-05],
        "mean": [0.000705975107849, 0.00141255662311, 0.000456076057162, 0.000443666853243, 0.000490020902362, 0.00053426483646, 0.00014781623031, 0.000224168936256, 0.000548596086446, 0.000195821281523, 0.000207903314731, 0.000125074322568, 4.8714584409e-05, 4.74155531265e-05, 7.37449736334e-05, 3.1089897675e-05, 5.42433190276e-05, 2.29225643125e-05, 2.68999883701e-05, 2.67156992777e-05, 1.49121087816e-05, 1.3205813957e-05, 7.4894305726e-06, 5.40048722542e-06, 6.05473314863e-06, 6.99077190802e-06, 7.42847760193e-06, 4.40541407443e-06, 1.5365692434e-06, 6.45486750273e-07, 1.06324046101e-06, 1.92111656361e-06, 1.29196962462e-06, 9.94142624222e-07, 8.14669988358e-07, 1.71403917193e-06, 7.45903548705e-07, 3.72215367861e-07, 3.27254298327e-07, 8.44275902523e-08],
        "median": [0.000365079991752, 0.000946179614402, 0.000304508168483, 0.000100284487417, 0.00010771297093, 9.36646902119e-05, 6.12096264376e-05, 3.14734788844e-05, 4.33272944065e-05, 3.27277957695e-05, 2.93615612463e-05, 1.61232401297e-05, 6.94814616509e-06, 8.07440665085e-06, 9.21064474824e-06, 4.83063558931e-06, 6.42554687147e-06, 3.2616117096e-06, 4.27096711064e-06, 3.35360141435e-06, 2.96214602713e-06, 3.30765283252e-06, 1.91130970961e-06, 2.00214640245e-06, 1.63308072842e-06, 1.43672173181e-06, 1.49003471961e-06, 6.5167023422e-07, 3.1254927535e-07, 2.36750139493e-07, 2.01058043103e-07, 3.25472939267e-07, 2.62353864855e-07, 1.24859951711e-07, 1.22118834156e-07, 2.89752307481e-07, 1.23396858953e-07, 2.72465481288e-08, 1.88615363328e-08, 3.37581163024e-09],
        "min": [1.04017932046e-08, 5.39044506809e-08, 2.44193945065e-08, 5.76619774151e-09, 2.48222509214e-09, 7.23357651555e-10, 3.17738257927e-09, 3.12562464799e-09, 4.63337501699e-09, 1.83411619226e-09, 2.35801733695e-09, 1.90216242757e-09, 1.46992762406e-09, 2.27500929206e-09, 2.26930274572e-09, 1.39273148569e-09, 1.36302724663e-09, 2.30537464119e-10, 8.83240425242e-11, 5.03744268521e-11, 2.7487909518e-11, 2.70665503899e-11, 4.75740453976e-11, 5.58571418285e-11, 8.269458035e-11, 1.79633447006e-10, 1.42843126216e-10, 1.1596563293e-10, 1.27897518964e-11, 2.9512733403e-12, 3.76493324364e-12, 5.90596061639e-12, 6.47101426263e-12, 3.4110709049e-12, 4.01493768787e-12, 1.20882696214e-11, 3.77056112028e-12, 1.02156022357e-12, 9.05773177816e-13, 2.10272541024e-13],
        "var": [7.40705957014e-07, 2.36227424466e-06, 2.57857948327e-07, 1.45490446357e-06, 1.24636846977e-06, 1.99820055968e-06, 5.96154237087e-08, 9.20765160117e-07, 3.35015511155e-06, 2.6181524504e-07, 4.30167631293e-07, 1.41501331541e-07, 1.76988894651e-08, 1.96672704789e-08, 9.79585337291e-08, 1.11973328387e-08, 4.94763412462e-08, 7.0822889775e-09, 1.15441922688e-08, 5.61508173291e-09, 1.09813802496e-09, 5.89097659542e-10, 3.01230485e-10, 1.12951065168e-10, 1.83338566551e-10, 2.45924447473e-10, 3.36318223271e-10, 1.58141263973e-10, 1.39366825372e-11, 1.96029542425e-12, 8.55477581135e-12, 2.85622740737e-11, 2.38408875974e-11, 3.36257272027e-11, 3.45717274253e-11, 2.58044193652e-11, 1.4850627672e-11, 1.97570414889e-11, 1.52404165676e-11, 1.06738912414e-12]
    },
    "mfcc": {
        "mean": [-705.245544434, 148.221343994, -3.31606674194, 28.3665313721, -2.07818102837, 6.69304084778, -6.67959070206, 12.9341230392, -6.19299221039, 11.1128082275, -4.2909617424, 1.20112323761, -2.53395175934],
        "cov": [[5919.22216797, -1353.74719238, -461.338684082, -357.474639893, -575.183776855, -73.2595291138, -173.832260132, 209.965026855, -94.229927063, 419.466156006, -86.6320114136, -141.014541626, 36.0285835266], [-1353.74719238, 1115.15625, -102.953346252, 204.378250122, 208.519744873, -19.0885181427, 121.740028381, -147.02381897, -76.9567718506, -122.935310364, 7.7772974968, 20.2317466736, 26.2008972168], [-461.338684082, -102.953346252, 963.221801758, 33.2240257263, -11.6222009659, 149.886978149, -69.4047698975, 57.9968223572, 60.9966545105, -60.3873214722, 43.0172157288, 102.885940552, -21.2605209351], [-357.474639893, 204.378250122, 33.2240257263, 430.758911133, 260.732788086, -65.592300415, -84.7523193359, -11.9913263321, 102.37853241, -39.9090766907, -27.613740921, 81.0758590698, 24.8586730957], [-575.183776855, 208.519744873, -11.6222009659, 260.732788086, 367.254730225, 11.6639404297, -80.3008956909, -41.5695991516, 83.0230484009, -85.5774459839, -5.64423084259, 67.7095489502, 14.6125879288], [-73.2595291138, -19.0885181427, 149.886978149, -65.592300415, 11.6639404297, 407.65423584, 140.646148682, 53.7720108032, -44.0935440063, -29.3234977722, 17.5238990784, 40.5255203247, -31.9719581604], [-173.832260132, 121.740028381, -69.4047698975, -84.7523193359, -80.3008956909, 140.646148682, 429.377868652, 95.4964447021, -110.618804932, 43.6097831726, 55.4036407471, -61.7885894775, 57.8706359863], [209.965026855, -147.02381897, 57.9968223572, -11.9913263321, -41.5695991516, 53.7720108032, 95.4964447021, 218.65145874, 87.5907287598, 84.347038269, 39.0799713135, 23.55103302, 11.9256277084], [-94.229927063, -76.9567718506, 60.9966545105, 102.37853241, 83.0230484009, -44.0935440063, -110.618804932, 87.5907287598, 333.029907227, 120.500450134, 44.5475883484, 88.8161621094, 17.8235549927], [419.466156006, -122.935310364, -60.3873214722, -39.9090766907, -85.5774459839, -29.3234977722, 43.6097831726, 84.347038269, 120.500450134, 273.143615723, 87.2186508179, 0.134244441986, 40.5346565247], [-86.6320114136, 7.7772974968, 43.0172157288, -27.613740921, -5.64423084259, 17.5238990784, 55.4036407471, 39.0799713135, 44.5475883484, 87.2186508179, 141.229660034, 50.2961845398, 14.7121372223], [-141.014541626, 20.2317466736, 102.885940552, 81.0758590698, 67.7095489502, 40.5255203247, -61.7885894775, 23.55103302, 88.8161621094, 0.134244441986, 50.2961845398, 168.97328186, 28.5343055725], [36.0285835266, 26.2008972168, -21.2605209351, 24.8586730957, 14.6125879288, -31.9719581604, 57.8706359863, 11.9256277084, 17.8235549927, 40.5346565247, 14.7121372223, 28.5343055725, 137.260498047]],
