{
"lowlevel": {
    "average_loudness": 0.843614161015,
    "barkbands_crest": {
        "dmean": 2.4062962532,
        "dmean2": 3.85722637177,
        "dvar": 5.35504865646,
        "dvar2": 13.1975193024,
        "max": 24.6077346802,
        "mean": 11.6027994156,
        "median": 10.7572937012,
        "min": 3.56515955925,
        "var": 19.2739543915
    },
    "barkbands_flatness_db": {
        "dmean": 0.0225063487887,
        "dmean2": 0.0340084657073,
        "dvar": 0.000495152315125,
        "dvar2": 0.00104450935032,
        "max": 0.453401297331,
        "mean": 0.232843846083,
        "median": 0.228501275182,
        "min": 0.0881317779422,
        "var": 0.00317150913179
    },
    "barkbands_kurtosis": {
        "dmean": 4.12023258209,
        "dmean2": 6.37447309494,
        "dvar": 41.1336517334,
        "dvar2": 103.817779541,
        "max": 115.642623901,
        "mean": 9.4577331543,
        "median": 5.42025756836,
        "min": -1.88039410114,
        "var": 167.708206177
    },
    "barkbands_skewness": {
        "dmean": 0.539852142334,
        "dmean2": 0.807956933975,
        "dvar": 0.349145799875,
        "dvar2": 0.792836487293,
        "max": 8.49593353271,
        "mean": 1.95943009853,
        "median": 1.8385052681,
        "min": -3.17939734459,
        "var": 2.0323908329
    },
    "barkbands_spread": {
        "dmean": 3.20439648628,
        "dmean2": 4.80609416962,
        "dvar": 38.5644798279,
        "dvar2": 72.7151489258,
        "max": 87.6069793701,
        "mean": 10.5419788361,
        "median": 8.19516468048,
        "min": 0.399701148272,
        "var": 114.332824707
    },
    "dissonance": {
        "dmean": 0.0297960303724,
        "dmean2": 0.0486350879073,
        "dvar": 0.000728610611986,
        "dvar2": 0.00188952602912,
        "max": 0.499932050705,
        "mean": 0.418762475252,
        "median": 0.426379024982,
        "min": 0.20393872261,
        "var": 0.00226479652338
    },
    "dynamic_complexity": 4.19107532501,
    "erbbands_crest": {
        "dmean": 2.64402103424,
        "dmean2": 4.07479000092,
        "dvar": 7.39630126953,
        "dvar2": 15.6267585754,
        "max": 30.9933280945,
        "mean": 12.1386795044,
        "median": 10.582326889,
        "min": 3.1876077652,
        "var": 35.920085907
    },
    "erbbands_flatness_db": {
        "dmean": 0.0185494814068,
        "dmean2": 0.02571391128,
        "dvar": 0.000417051807744,
        "dvar2": 0.000772209023125,
        "max": 0.373816043139,
        "mean": 0.228585168719,
        "median": 0.232103615999,
        "min": 0.104116283357,
        "var": 0.00249371002428
    },
    "erbbands_kurtosis": {
        "dmean": 1.51209712029,
        "dmean2": 2.34716510773,
        "dvar": 4.71553230286,
        "dvar2": 11.2253484726,
        "max": 45.4208374023,
        "mean": 2.52481174469,
        "median": 1.18243837357,
        "min": -1.82677447796,
        "var": 23.7891578674
    },
    "erbbands_skewness": {
        "dmean": 0.388668447733,
        "dmean2": 0.577116727829,
        "dvar": 0.151691019535,
        "dvar2": 0.307529181242,
        "max": 5.90934038162,
        "mean": 0.969672143459,
        "median": 0.906368553638,
        "min": -3.36537051201,
        "var": 0.986322820187
    },
    "erbbands_spread": {
        "dmean": 7.49790000916,
        "dmean2": 11.1347112656,
        "dvar": 140.056564331,
        "dvar2": 295.428527832,
        "max": 160.578842163,
        "mean": 28.2311382294,
        "median": 23.6263847351,
        "min": 2.7025437355,
        "var": 413.82244873
    },
    "hfc": {
        "dmean": 3.41225004196,
        "dmean2": 4.60084533691,
        "dvar": 28.7268505096,
        "dvar2": 49.3327484131,
        "max": 79.2895431519,
        "mean": 12.9976072311,
        "median": 7.39032793045,
        "min": 2.35101724684e-05,
        "var": 191.859619141
    },
    "melbands_crest": {
        "dmean": 3.02966475487,
        "dmean2": 4.93556976318,
        "dvar": 8.52140903473,
        "dvar2": 22.3577156067,
        "max": 33.0797615051,
        "mean": 15.5656366348,
        "median": 14.5304346085,
        "min": 3.1306078434,
        "var": 32.8578491211
    },
    "melbands_flatness_db": {
        "dmean": 0.0250388663262,
        "dmean2": 0.0357143394649,
        "dvar": 0.000790005142335,
        "dvar2": 0.00156788283493,
        "max": 0.563182532787,
        "mean": 0.278507560492,
        "median": 0.275423377752,
        "min": 0.0417620316148,
        "var": 0.00553048821166
    },
    "melbands_kurtosis": {
        "dmean": 7.48527669907,
        "dmean2": 11.5645074844,
        "dvar": 146.458190918,
        "dvar2": 358.807739258,
        "max": 166.85710144,
        "mean": 17.3387393951,
        "median": 9.85998535156,
        "min": -1.83482706547,
        "var": 485.096099854
    },
    "melbands_skewness": {
        "dmean": 0.676247537136,
        "dmean2": 1.01588487625,
        "dvar": 0.623505830765,
        "dvar2": 1.40367114544,
        "max": 10.4091510773,
        "mean": 2.55161309242,
        "median": 2.38213634491,
        "min": -0.970305860043,
        "var": 3.28701639175
    },
    "melbands_spread": {
        "dmean": 3.57449626923,
        "dmean2": 5.30626964569,
        "dvar": 74.9368972778,
        "dvar2": 125.980155945,
        "max": 210.797561646,
        "mean": 12.3450803757,
        "median": 9.27436161041,
        "min": 0.479367524385,
        "var": 221.291427612
    },
    "pitch_salience": {
        "dmean": 0.0633053928614,
        "dmean2": 0.10290466994,
        "dvar": 0.00359112420119,
        "dvar2": 0.00935530103743,
        "max": 0.836273610592,
        "mean": 0.537291109562,
        "median": 0.544620156288,
        "min": 0.0737076178193,
        "var": 0.0138740669936
    },
    "silence_rate_20dB": {
        "dmean": 0,
        "dmean2": 0,
        "dvar": 0,
        "dvar2": 0,
        "max": 1,
        "mean": 1,
        "median": 1,
        "min": 1,
        "var": 0
    },
    "silence_rate_30dB": {
        "dmean": 0.00154918665066,
        "dmean2": 0.00309957377613,
        "dvar": 0.00154677720275,
        "dvar2": 0.00308992480859,
        "max": 1,
        "mean": 0.998064279556,
        "median": 1,
        "min": 0,
        "var": 0.00193202693481
    },
    "silence_rate_60dB": {
        "dmean": 0.0286599528044,
        "dmean2": 0.0573421157897,
        "dvar": 0.0278386212885,
        "dvar2": 0.0618026256561,
        "max": 1,
        "mean": 0.0878823101521,
        "median": 0,
        "min": 0,
        "var": 0.0801571905613
    },
    "spectral_centroid": {
        "dmean": 141.426696777,
        "dmean2": 203.976242065,
        "dvar": 62782.0585938,
        "dvar2": 108065.015625,
        "max": 4711.94580078,
        "mean": 707.245117188,
        "median": 597.108947754,
        "min": 170.728027344,
        "var": 232850.859375
    },
    "spectral_complexity": {
        "dmean": 1.74903178215,
        "dmean2": 2.7477722168,
        "dvar": 3.45522665977,
        "dvar2": 7.71206283569,
        "max": 31,
        "mean": 11.0689125061,
        "median": 11,
        "min": 0,
        "var": 28.6889610291
    },
    "spectral_decrease": {
        "dmean": 1.44177669803e-09,
        "dmean2": 2.08163797311e-09,
        "dvar": 3.56677467719e-18,
        "dvar2": 6.97890380296e-18,
        "max": -3.58335492626e-14,
        "mean": -5.92183324599e-09,
        "median": -4.63817562135e-09,
        "min": -3.10855128305e-08,
        "var": 2.26077477679e-17
    },
    "spectral_energy": {
        "dmean": 0.00569411925972,
        "dmean2": 0.00818897411227,
        "dvar": 5.57315761398e-05,
        "dvar2": 0.000108248117613,
        "max": 0.124124996364,
        "mean": 0.0235292632133,
        "median": 0.0183315873146,
        "min": 1.37376403586e-07,
        "var": 0.000361364422133
    },
    "spectral_energyband_high": {
        "dmean": 0.000121806595416,
        "dmean2": 0.000177361391252,
        "dvar": 2.05809996601e-07,
        "dvar2": 3.57165475862e-07,
        "max": 0.0102111613378,
        "mean": 0.000191471801372,
        "median": 3.77845062758e-05,
        "min": 3.53557703947e-11,
        "var": 4.72736132906e-07
    },
    "spectral_energyband_low": {
        "dmean": 0.00191169115715,
        "dmean2": 0.00314888707362,
        "dvar": 8.23139180284e-06,
        "dvar2": 2.06857930607e-05,
        "max": 0.0328191071749,
        "mean": 0.00502639496699,
        "median": 0.00390796596184,
        "min": 9.70889431073e-08,
        "var": 2.03610670724e-05
    },
    "spectral_energyband_middle_high": {
        "dmean": 0.0011096742237,
        "dmean2": 0.00145623285789,
        "dvar": 5.7106112763e-06,
        "dvar2": 8.57053964864e-06,
        "max": 0.0460196584463,
        "mean": 0.00387291540392,
        "median": 0.0012056970736,
        "min": 9.50645007158e-10,
        "var": 4.90122656629e-05
    },
    "spectral_energyband_middle_low": {
        "dmean": 0.00473394012079,
        "dmean2": 0.00678908219561,
        "dvar": 4.65795455966e-05,
        "dvar2": 9.33980918489e-05,
        "max": 0.116221345961,
        "mean": 0.0156518276781,
        "median": 0.0111661283299,
        "min": 4.20369303811e-08,
        "var": 0.000246424926445
    },
    "spectral_entropy": {
        "dmean": 0.214690953493,
        "dmean2": 0.298459678888,
        "dvar": 0.0641205012798,
        "dvar2": 0.123517006636,
        "max": 8.52501869202,
        "mean": 6.84044551849,
        "median": 6.81120729446,
        "min": 4.64967393875,
        "var": 0.328120827675
    },
    "spectral_flux": {
        "dmean": 0.0206369012594,
        "dmean2": 0.0328513532877,
        "dvar": 0.00050824607024,
        "dvar2": 0.00121702137403,
        "max": 0.226021185517,
        "mean": 0.0606538392603,
        "median": 0.0533090680838,
        "min": 0.000370643218048,
        "var": 0.0015286616981
    },
    "spectral_kurtosis": {
        "dmean": 4.56567621231,
        "dmean2": 7.62719392776,
        "dvar": 27.7571411133,
        "dvar2": 76.492980957,
        "max": 78.0255813599,
        "mean": 9.15924072266,
        "median": 6.75517940521,
        "min": -1.17974436283,
        "var": 75.4637069702
    },
    "spectral_rms": {
        "dmean": 0.000575182726607,
        "dmean2": 0.00082363828551,
        "dvar": 4.04960218248e-07,
        "dvar2": 7.60938689837e-07,
        "max": 0.0110044339672,
        "mean": 0.00438228901476,
        "median": 0.00422900402918,
        "min": 1.15769498734e-05,
        "var": 3.75098375116e-06
    },
    "spectral_rolloff": {
        "dmean": 216.52381897,
        "dmean2": 368.895355225,
        "dvar": 481053.84375,
        "dvar2": 902696.9375,
        "max": 9410.00976562,
        "mean": 790.022766113,
        "median": 559.86328125,
        "min": 86.1328125,
        "var": 1110308
    },
    "spectral_skewness": {
        "dmean": 0.451967746019,
        "dmean2": 0.708602011204,
        "dvar": 0.190578192472,
        "dvar2": 0.465616077185,
        "max": 7.54988765717,
        "mean": 2.14213776588,
        "median": 2.03401064873,
        "min": -0.115356020629,
        "var": 0.840275704861
    },
    "spectral_spread": {
        "dmean": 502347.75,
        "dmean2": 745689.4375,
        "dvar": 482339061760,
        "dvar2": 860878077952,
        "max": 15802615,
        "mean": 3390684.5,
        "median": 3095230,
        "min": 1061709.875,
        "var": 1.90386130125e+12
    },
    "spectral_strongpeak": {
        "dmean": 0.458161979914,
        "dmean2": 0.70314347744,
        "dvar": 0.495010375977,
        "dvar2": 0.943839251995,
        "max": 10.3462276459,
        "mean": 1.35994660854,
        "median": 0.568206369877,
        "min": 0.000622119754553,
        "var": 2.81555199623
    },
    "zerocrossingrate": {
        "dmean": 0.00625877454877,
        "dmean2": 0.0070523628965,
        "dvar": 0.000130202781293,
        "dvar2": 0.000115372422442,
        "max": 0.30224609375,
        "mean": 0.0334488712251,
        "median": 0.0283203125,
        "min": 0.0029296875,
        "var": 0.000791892292909
    },
    "barkbands": {
        "dmean": [4.29067076766e-05, 0.000824383576401, 0.00105468276888, 0.000893445452675, 0.00191227300093, 0.000899713719264, 0.000712206878234, 0.00161483325064, 0.00090969161829, 0.000465301243821, 0.000266361603281, 0.00033680422348, 0.000327815476339, 0.000173261840246, 9.84093130683e-05, 4.39372961409e-05, 5.00605383422e-05, 2.57202991634e-05, 5.24995884916e-05, 4.184286081e-05, 3.05697794829e-05, 3.45038861269e-05, 2.28171975323e-05, 2.90894095087e-05, 6.25327038506e-06, 5.25051113698e-09, 9.9404406928e-10],
        "dmean2": [6.61068843328e-05, 0.00134439463727, 0.00182257243432, 0.00143559614662, 0.00302642676979, 0.00140033010393, 0.00099170813337, 0.00213361764327, 0.00127062911633, 0.000645977794193, 0.000374070834368, 0.000463319913251, 0.000469096878078, 0.000251269404544, 0.000144853795064, 6.75823102938e-05, 7.57911038818e-05, 3.90695495298e-05, 7.68364261603e-05, 6.0480186221e-05, 4.69316655654e-05, 5.08370176249e-05, 3.44069849234e-05, 4.39477116743e-05, 9.00186387298e-06, 8.04784683339e-09, 1.84998127928e-09],
        "dvar": [1.50097374529e-08, 3.56897135134e-06, 2.50621133091e-06, 2.73936620943e-06, 1.23945183077e-05, 4.57586384073e-06, 5.23544849784e-06, 2.55131199083e-05, 5.92635524299e-06, 2.25640837925e-06, 8.60988450313e-07, 1.2774478364e-06, 1.5906733779e-06, 4.22618001039e-07, 7.79686573082e-08, 8.69504024337e-09, 1.07033555352e-08, 3.60060403715e-09, 1.48338825667e-08, 8.90770213147e-09, 1.07794546622e-08, 1.55758783649e-08, 8.91996521091e-09, 2.64823363239e-08, 1.32753141813e-09, 6.52207534331e-16, 2.41845835581e-18],
        "dvar2": [3.56047458183e-08, 7.95789674157e-06, 7.96246422397e-06, 6.87184774506e-06, 3.03385531879e-05, 1.07206824396e-05, 9.57050633588e-06, 4.40524090664e-05, 1.01672239907e-05, 4.16624880017e-06, 1.43932652463e-06, 2.18158311327e-06, 2.80705785372e-06, 7.17325860933e-07, 1.48888844365e-07, 2.10465973538e-08, 2.34339836425e-08, 8.19865597634e-09, 2.97163467167e-08, 1.84196569109e-08, 2.55687719886e-08, 2.92711774819e-08, 1.72143828081e-08, 4.51861872364e-08, 2.33044050724e-09, 1.06545161589e-15, 7.72984979589e-18],
        "max": [0.00132637110073, 0.0247900467366, 0.016555218026, 0.0261777620763, 0.0633277222514, 0.0659294724464, 0.0492113679647, 0.104723244905, 0.0788755342364, 0.039081107825, 0.0452969893813, 0.0259970147163, 0.0364865250885, 0.0242031104863, 0.0062907859683, 0.00165198743343, 0.0017600733554, 0.00135344639421, 0.00166945543606, 0.00161078537349, 0.00213949428871, 0.00289371935651, 0.00258468929678, 0.00415560277179, 0.00112721230835, 9.24323614981e-07, 1.63321001168e-08],
        "mean": [5.45577822777e-05, 0.00176153413486, 0.002184309531, 0.00201270869002, 0.00397764379159, 0.00251354184002, 0.00138539797626, 0.00328390160576, 0.00210948241875, 0.00112970999908, 0.000722481519915, 0.000686562678311, 0.000658897275571, 0.00030043834704, 0.000184166448889, 8.84017936187e-05, 9.52036352828e-05, 4.61032650492e-05, 8.79959843587e-05, 7.15146961738e-05, 4.0383922169e-05, 5.00329879287e-05, 3.27313464368e-05, 4.31733315054e-05, 8.42456847749e-06, 6.70405198022e-09, 7.84232678797e-10],
        "median": [4.05441915063e-06, 0.000826922361739, 0.00160299625713, 0.000794325897004, 0.00273771281354, 0.000857917184476, 0.000342785264365, 0.000265917566139, 0.000291936303256, 0.000217153006815, 9.23970146687e-05, 0.000100565477624, 6.52275339235e-05, 5.27824449819e-05, 5.9510988649e-05, 3.93336085835e-05, 2.93807388516e-05, 1.6990581571e-05, 2.57642004726e-05, 1.35431819217e-05, 9.17724355531e-06, 7.77783952799e-06, 5.04434592585e-06, 5.61859405934e-06, 7.36244999189e-07, 1.17236276242e-09, 2.49511744599e-10],
        "min": [9.4764585068e-11, 1.49703751617e-08, 3.54540254932e-08, 1.13477387487e-08, 1.11920055446e-08, 1.65510016803e-09, 1.34994664336e-08, 2.32711361292e-09, 1.46052270278e-09, 8.0071116404e-10, 3.63499425005e-10, 4.62328890449e-11, 3.14102285848e-11, 2.91188427537e-11, 5.96108301609e-11, 2.57579339802e-11, 7.90093424713e-12, 9.45273633673e-12, 7.33681605053e-12, 8.58429473338e-12, 7.27142217966e-12, 7.0798748808e-12, 6.41479534422e-12, 4.95178030524e-12, 2.66861142559e-12, 1.70898093853e-12, 2.79540062972e-12],
        "var": [1.96027993837e-08, 6.50070751362e-06, 4.26604719905e-06, 9.70181008597e-06, 2.03500876523e-05, 4.85145465063e-05, 1.34686652018e-05, 0.000106496285298, 2.91836822726e-05, 1.2837272152e-05, 8.38652158563e-06, 4.06872277381e-06, 6.85951863488e-06, 1.26327108774e-06, 1.96443622258e-07, 2.08298640558e-08, 3.08844114727e-08, 7.88822074327e-09, 3.01620772802e-08, 2.48956961713e-08, 1.3927126119e-08, 3.53310518619e-08, 1.91998026366e-08, 5.16554230501e-08, 2.39851649653e-09, 1.21963215284e-15, 1.98333943332e-18]
    },
    "erbbands": {
        "dmean": [0.0233950037509, 0.201066374779, 1.01591742039, 2.09853458405, 3.79490303993, 8.25030231476, 8.75370883942, 6.96745347977, 8.0095911026, 13.8990802765, 41.5035591125, 20.6048202515, 17.0910816193, 11.8041648865, 10.6591386795, 13.8149738312, 13.0209321976, 11.9238243103, 5.62487840652, 3.49341869354, 2.20039582253, 2.51047730446, 1.58648180962, 1.38943266869, 3.3549554348, 1.53671252728, 1.0131970644, 1.35631883144, 1.31840181351, 0.839227557182, 0.679258227348, 0.70688521862, 0.429013460875, 0.13012932241, 0.00719636725262, 0.000333834439516, 2.27998625633e-05, 3.91476760342e-06, 3.3592921227e-06, 6.59241459289e-06],
        "dmean2": [0.0363776274025, 0.334290117025, 1.77290308475, 3.35898566246, 6.09681177139, 13.0128040314, 13.2856931686, 10.9336872101, 11.2140359879, 18.8054561615, 54.3598213196, 27.4792709351, 23.8591899872, 15.3816823959, 14.469660759, 18.4630966187, 18.6640872955, 16.5420341492, 8.16864109039, 5.17162036896, 3.35064721107, 3.74803781509, 2.34267473221, 2.01661300659, 4.87372016907, 2.19364452362, 1.57116258144, 2.06897830963, 1.9351978302, 1.27808606625, 1.02575731277, 1.05186152458, 0.639598667622, 0.185851588845, 0.0101869497448, 0.000471544830361, 3.24870488839e-05, 5.70595830141e-06, 4.75996421301e-06, 9.42798487813e-06],
        "dvar": [0.00512187601998, 0.157246664166, 2.27335381508, 12.1687278748, 67.7776031494, 272.201446533, 377.017272949, 420.125671387, 677.414794922, 1748.71655273, 18907.8847656, 3596.68505859, 2889.68286133, 983.636230469, 1335.59509277, 2161.75585938, 2793.70751953, 1987.77734375, 361.783355713, 56.9185333252, 24.4265022278, 26.2090377808, 13.5016412735, 9.21638870239, 57.8234481812, 12.7850780487, 9.39554214478, 24.2546844482, 22.0429286957, 10.9003400803, 9.34713840485, 15.090306282, 6.11970472336, 0.543096184731, 0.00126405630726, 2.78188076663e-06, 1.23056009826e-08, 2.98777891317e-10, 2.99261899983e-11, 7.32031310569e-11],
        "dvar2": [0.0107664307579, 0.388674557209, 7.33383893967, 30.5916290283, 177.593231201, 650.822814941, 776.16607666, 1001.45788574, 1239.75610352, 3126.40771484, 32343.6132812, 5400.70849609, 6360.22607422, 1278.5904541, 2016.12512207, 3415.3894043, 5688.57861328, 3383.4765625, 705.547424316, 112.188117981, 61.1844139099, 56.0857658386, 29.0851020813, 18.0323638916, 118.296012878, 25.8184261322, 21.6079597473, 55.8610954285, 42.4919166565, 23.332452774, 17.7952880859, 26.8934726715, 11.1241264343, 0.8605697155, 0.00214736256748, 4.71942439617e-06, 1.9884144109e-08, 4.77975381497e-10, 5.4341548622e-11, 1.42684059012e-10],
        "max": [0.900345385075, 5.70476531982, 16.2291202545, 65.619102478, 138.380340576, 342.609741211, 345.807098389, 850.50958252, 613.833007812, 1174.01525879, 2899.27636719, 1792.83190918, 1595.85717773, 875.516601562, 1651.27087402, 1155.82263184, 1541.19775391, 1299.56640625, 458.912261963, 254.559783936, 99.8394165039, 99.2117919922, 77.9614486694, 78.8165740967, 105.836906433, 81.7852630615, 50.4071617126, 121.104301453, 114.452331543, 80.8841094971, 94.6113204956, 92.8872833252, 82.4662704468, 22.0965690613, 0.961625397205, 0.046632360667, 0.00310568488203, 0.000472511950647, 0.000126080340124, 0.000141738564707],
        "mean": [0.0338122956455, 0.465646386147, 2.28877019882, 5.00576448441, 7.70035600662, 16.3611965179, 18.9057788849, 20.9649734497, 17.2190513611, 27.9658031464, 87.095954895, 47.2070999146, 48.3306159973, 31.1167793274, 29.6329727173, 30.1472034454, 28.7312812805, 22.1757125854, 10.5701065063, 7.92111349106, 4.83129549026, 4.89981460571, 3.19484829903, 2.61947870255, 6.20519399643, 2.71653032303, 1.40348672867, 1.78997969627, 1.83776319027, 1.21431100368, 0.992104232311, 1.00671136379, 0.621054828167, 0.189513161778, 0.0102222552523, 0.000492600142024, 4.09733038396e-05, 7.37991467759e-06, 1.29236232169e-05, 2.72289998975e-05],
        "median": [0.00928128045052, 0.243146896362, 1.69954550266, 2.65874838829, 4.77713823318, 10.0870666504, 8.84066104889, 6.16007995605, 5.24279165268, 7.32708311081, 8.11317062378, 7.61531496048, 8.9703168869, 7.85795688629, 5.81107282639, 4.61079454422, 4.33987426758, 3.57715821266, 2.65492844582, 3.11787128448, 2.06983017921, 1.59303295612, 1.1151920557, 1.1037209034, 1.42392778397, 0.738587737083, 0.355899065733, 0.356363385916, 0.282700270414, 0.198879078031, 0.146262779832, 0.135829463601, 0.0739979371428, 0.0181910600513, 0.00115151097998, 7.45176585042e-05, 1.40818829095e-05, 2.74571561931e-06, 9.83424433798e-06, 2.14785668504e-05],
        "min": [3.16884353424e-07, 4.44264605903e-06, 4.26603910455e-05, 2.88781520794e-05, 6.41067308607e-05, 1.70526909642e-05, 6.97163204677e-06, 2.00821687031e-05, 0.000108467997052, 0.000220262038056, 2.72357192443e-05, 1.96719356609e-05, 5.48726238776e-05, 1.53674100147e-05, 1.09312131826e-05, 1.84956616067e-06, 1.49387415149e-06, 1.58878913226e-06, 1.04254888811e-06, 4.65025914309e-06, 9.26428583625e-07, 4.66625579065e-07, 4.97622352214e-07, 3.67384245692e-07, 5.01560350585e-07, 3.83848771435e-07, 2.54740001537e-07, 3.01180591578e-07, 2.37192338659e-07, 1.97448585482e-07, 1.72407595755e-07, 1.16741865952e-07, 9.22961120864e-08, 4.43228138636e-08, 1.39268481192e-08, 4.93656804323e-09, 3.34114225176e-09, 1.8511173705e-09, 4.10965678155e-10, 1.88695684078e-10],
        "var": [0.00647407164797, 0.35093536973, 4.4638915062, 44.1261749268, 90.2836914062, 465.146789551, 995.473754883, 6010.34667969, 2052.38452148, 4825.64355469, 78716.4765625, 15490.8212891, 17299.9023438, 6811.38037109, 10359.2675781, 7805.52392578, 10819.8710938, 5446.05517578, 881.602783203, 185.144638062, 67.2135467529, 79.3208236694, 34.5867004395, 19.963727951, 137.588851929, 28.9298267365, 13.6396493912, 32.9399185181, 46.8010444641, 20.2933731079, 21.1565895081, 28.6614379883, 11.5419139862, 1.10580360889, 0.00246383901685, 5.45732427781e-06, 2.58086547689e-08, 6.53083365165e-10, 1.31167382511e-10, 4.80392892133e-10]
    },
    "gfcc": {
        "mean": [-83.5945205688, 163.589157104, -130.304992676, 38.973285675, -72.143913269, 11.5007953644, -32.0733413696, -12.1862277985, -10.3322486877, -26.5711345673, 2.93939375877, -26.227771759, 4.13453865051],
        "cov": [[6579.89208984, -835.548522949, -1287.70861816, -126.599754333, -512.098693848, 234.810302734, 51.8787269592, 294.193817139, -35.4373168945, 45.233505249, 85.0079727173, -105.354034424, -118.162963867], [-835.548522949, 1127.28552246, 55.2639045715, -438.197235107, 478.001312256, -231.701904297, 172.739379883, -80.6050186157, 132.710662842, -83.4118347168, 100.015190125, -19.7079391479, -1.88249409199], [-1287.70861816, 55.2639045715, 789.312866211, 279.348846436, -5.24170541763, 51.3772888184, -27.0603084564, -56.3632659912, 30.8570594788, 73.4366378784, -38.2097930908, 71.7824478149, 55.7262229919], [-126.599754333, -438.197235107, 279.348846436, 530.402404785, -121.958053589, 105.914855957, -81.5956726074, 8.18549728394, -11.2550573349, 81.7143325806, -59.9508056641, 56.5942115784, 57.2464942932], [-512.098693848, 478.001312256, -5.24170541763, -121.958053589, 377.239044189, -58.9849205017, 76.2384567261, -34.1622695923, 51.7458000183, -46.7828636169, 28.009809494, -8.81053256989, 15.4339761734], [234.810302734, -231.701904297, 51.3772888184, 105.914855957, -58.9849205017, 257.34197998, 52.4884529114, 14.6435279846, -48.7519340515, 31.0380001068, -33.7615585327, 24.7760658264, 27.0410442352], [51.8787269592, 172.739379883, -27.0603084564, -81.5956726074, 76.2384567261, 52.4884529114, 196.921630859, 43.146282196, -7.77237987518, -22.9640865326, 17.6147918701, 3.58315944672, -5.6813378334], [294.193817139, -80.6050186157, -56.3632659912, 8.18549728394, -34.1622695923, 14.6435279846, 43.146282196, 142.158187866, 31.0141086578, 11.3536529541, 19.7156906128, -22.6467571259, -19.4904975891], [-35.4373168945, 132.710662842, 30.8570594788, -11.2550573349, 51.7458000183, -48.7519340515, -7.77237987518, 31.0141086578, 117.292991638, 38.8828582764, 14.2097740173, -5.8040895462, 0.776673018932], [45.233505249, -83.4118347168, 73.4366378784, 81.7143325806, -46.7828636169, 31.0380001068, -22.9640865326, 11.3536529541, 38.8828582764, 89.2051467896, 9.63562583923, 15.4535274506, 12.0840597153], [85.0079727173, 100.015190125, -38.2097930908, -59.9508056641, 28.009809494, -33.7615585327, 17.6147918701, 19.7156906128, 14.2097740173, 9.63562583923, 93.667098999, 3.86959457397, -25.371969223], [-105.354034424, -19.7079391479, 71.7824478149, 56.5942115784, -8.81053256989, 24.7760658264, 3.58315944672, -22.6467571259, -5.8040895462, 15.4535274506, 3.86959457397, 86.073600769, 48.0018959045], [-118.162963867, -1.88249409199, 55.7262229919, 57.2464942932, 15.4339761734, 27.0410442352, -5.6813378334, -19.4904975891, 0.776673018932, 12.0840597153, -25.371969223, 48.0018959045, 88.4783706665]],
        "icov": [[0.000315724872053, -0.000173655018443, 0.000608823436778, -0.000197137487703, 0.000514346291311, -0.000408718769904, 3.46493652614e-05, -0.000258647458395, -0.000149692670675, -0.000124211335788, -0.000174061846337, 3.95425704482e-05, 8.9404580649e-05], [-0.000173655018443, 0.00846043601632, -0.00273559405468, 0.00432293396443, -0.0054287603125, 0.00403073662892, -0.00575463240966, 0.00556038832292, -0.00668876525015, 0.0033489363268, -0.00460840435699, 0.00225714198314, -0.00350022013299], [0.000608823436778, -0.00273559405468, 0.00363395991735, -0.0024500801228, 0.00231774966232, -0.00181509484537, 0.00133956188802, -0.00119748583529, 0.00108403130434, -0.00184861687012, 0.00139625486918, -0.00135046255309, 0.00140000903048], [-0.000197137487703, 0.00432293396443, -0.0024500801228, 0.00564979622141, -0.00291621754877, 0.00159277964849, -0.00146954960655, 0.00140373734757, -0.00207864143886, -0.000381866237149, -0.000593984208535, -0.000139269744977, -0.00207125488669], [0.000514346291311, -0.0054287603125, 0.00231774966232, -0.00291621754877, 0.008410862647, -0.00293522258289, 0.00166967068799, -0.00146401301026, 0.000562050554436, 0.00108775356784, 0.00061402231222, 0.000438457209384, -2.23679921874e-06], [-0.000408718769904, 0.00403073662892, -0.00181509484537, 0.00159277964849, -0.00293522258289, 0.00834570452571, -0.00485303252935, 0.00202295999043, 0.000525944342371, -0.00198485190049, 0.000221434180276, 0.000536849955097, -0.00221334188245], [3.46493652614e-05, -0.00575463240966, 0.00133956188802, -0.00146954960655, 0.00166967068799, -0.00485303252935, 0.0118632689118, -0.00711671914905, 0.00580910360441, -0.0013254203368, 0.00306067289785, -0.00362328067422, 0.00339038367383], [-0.000258647458395, 0.00556038832292, -0.00119748583529, 0.00140373734757, -0.00146401301026, 0.00202295999043, -0.00711671914905, 0.0146561497822, -0.00913179013878, 0.00399767886847, -0.00586133357137, 0.00494511332363, -0.00280194170773], [-0.000149692670675, -0.00668876525015, 0.00108403130434, -0.00207864143886, 0.000562050554436, 0.000525944342371, 0.00580910360441, -0.00913179013878, 0.02160747163, -0.0124892769381, 0.00611339043826, -0.00216408190317, 0.00286576128565], [-0.000124211335788, 0.0033489363268, -0.00184861687012, -0.000381866237149, 0.00108775356784, -0.00198485190049, -0.0013254203368, 0.00399767886847, -0.0124892769381, 0.0231686644256, -0.00759792746976, 0.00149844679981, -0.00351723586209], [-0.000174061846337, -0.00460840435699, 0.00139625486918, -0.000593984208535, 0.00061402231222, 0.000221434180276, 0.00306067289785, -0.00586133357137, 0.00611339043826, -0.00759792746976, 0.0189236979932, -0.00744676450267, 0.00835562776774], [3.95425704482e-05, 0.00225714198314, -0.00135046255309, -0.000139269744977, 0.000438457209384, 0.000536849955097, -0.00362328067422, 0.00494511332363, -0.00216408190317, 0.00149844679981, -0.00744676450267, 0.0215546451509, -0.0123574323952], [8.9404580649e-05, -0.00350022013299, 0.00140000903048, -0.00207125488669, -2.23679921874e-06, -0.00221334188245, 0.00339038367383, -0.00280194170773, 0.00286576128565, -0.00351723586209, 0.00835562776774, -0.0123574323952, 0.0216383058578]]
    },
    "melbands": {
        "dmean": [0.00021147361258, 0.000420777272666, 0.000385833642213, 0.000410794425989, 0.000324781460222, 0.000155539033585, 0.000131299311761, 0.000169995983015, 0.000326820969349, 0.000127642939333, 8.82495078258e-05, 5.25408177054e-05, 3.84357808798e-05, 3.71051464754e-05, 3.551374175e-05, 3.07139816869e-05, 2.12177365029e-05, 1.014983809e-05, 5.39912798558e-06, 3.84480335924e-06, 2.76967557511e-06, 2.74541957879e-06, 2.44833472607e-06, 1.12528448426e-06, 1.10200187464e-06, 2.54371775554e-06, 2.30404998547e-06, 8.24802384614e-07, 6.05486434324e-07, 7.5346599715e-07, 8.41411804231e-07, 7.9642950368e-07, 6.70127008107e-07, 3.96192945118e-07, 3.94726669128e-07, 4.32894921687e-07, 4.53558243407e-07, 3.25649580191e-07, 2.22455682319e-07, 7.28225586499e-08],
        "dmean2": [0.000338609446771, 0.000728301762138, 0.000616555451415, 0.000646090542432, 0.000499080400914, 0.000244927388849, 0.000183846554137, 0.000228541044635, 0.000429573381552, 0.00017262318579, 0.000123183534015, 6.93973124726e-05, 5.34287646587e-05, 5.03216215293e-05, 4.76016830362e-05, 4.34253161075e-05, 3.01580621453e-05, 1.47568016473e-05, 7.96778658696e-06, 5.79428296987e-06, 4.28766179539e-06, 4.13563930124e-06, 3.6477656522e-06, 1.70687269474e-06, 1.64703908467e-06, 3.76853336093e-06, 3.33737989422e-06, 1.21275411402e-06, 9.45040369515e-07, 1.19384344544e-06, 1.30860655645e-06, 1.1883763591e-06, 1.0158277064e-06, 6.24498625257e-07, 6.04600359111e-07, 6.42719726329e-07, 6.85441023052e-07, 4.79299899325e-07, 3.31143837684e-07, 1.05361650071e-07],
        "dvar": [3.19290393236e-07, 3.7628217342e-07, 4.49898692523e-07, 6.22186746568e-07, 3.85876802511e-07, 1.70037139924e-07, 1.62851407026e-07, 1.97002790969e-07, 1.14874069368e-06, 1.58722443189e-07, 7.60821450285e-08, 2.15781383872e-08, 1.79888868246e-08, 1.30698492029e-08, 2.09069455082e-08, 1.22209602438e-08, 7.071110808e-09, 1.40909572899e-09, 2.63062405192e-10, 5.47271013229e-11, 4.715309046e-11, 3.20721157965e-11, 3.5465890641e-11, 5.80994844249e-12, 6.98804122207e-12, 3.87709968297e-11, 2.8144920422e-11, 5.86081834106e-12, 3.11560304465e-12, 6.64657478361e-12, 1.02458666551e-11, 8.2712942398e-12, 8.18462745494e-12, 2.16933719252e-12, 3.43402975327e-12, 4.42912546916e-12, 6.96175495724e-12, 3.35126024154e-12, 1.78803575678e-12, 1.61221649095e-13],
        "dvar2": [6.88851002906e-07, 1.13748592412e-06, 1.13500755106e-06, 1.56029489062e-06, 8.43488237479e-07, 4.11545471479e-07, 2.85631045926e-07, 3.45587238826e-07, 1.99832606995e-06, 2.42390484573e-07, 1.64869561559e-07, 2.96319200288e-08, 2.78929537245e-08, 2.30616912233e-08, 3.00835338862e-08, 2.08614636676e-08, 1.24013395109e-08, 2.68346367349e-09, 4.97316909875e-10, 1.18324822163e-10, 1.22366214383e-10, 7.06992311916e-11, 7.74997219177e-11, 1.23222976961e-11, 1.42801144173e-11, 8.00211008567e-11, 5.94006163701e-11, 1.23918071984e-11, 7.03713649852e-12, 1.64353548132e-11, 2.3806958141e-11, 1.74189725144e-11, 1.71852063829e-11, 4.92479711525e-12, 7.5330713889e-12, 8.22370470333e-12, 1.27230127475e-11, 6.21620767013e-12, 3.01796044752e-12, 2.71855942705e-13],
        "max": [0.00730345584452, 0.00766145531088, 0.00973018538207, 0.0123870987445, 0.00919184740633, 0.0163403879851, 0.00937135145068, 0.0110037019476, 0.0230916365981, 0.0125455148518, 0.00779394432902, 0.00391895370558, 0.00731928367168, 0.00292342086323, 0.00458678649738, 0.00277454243042, 0.00246949121356, 0.000892331590876, 0.000534446735401, 0.00013169531303, 0.000139886833495, 8.63839159138e-05, 9.14526826818e-05, 3.58415563824e-05, 7.45701254345e-05, 9.3622264103e-05, 9.73829664872e-05, 6.56267657178e-05, 2.69744541583e-05, 4.00994358642e-05, 8.36488543428e-05, 6.23779415037e-05, 8.66890986799e-05, 3.12608826789e-05, 6.06782487012e-05, 4.86699282192e-05, 6.62404563627e-05, 6.5115520556e-05, 3.57348108082e-05, 1.1465262105e-05],
        "mean": [0.00038497656351, 0.00101997854654, 0.000939491495956, 0.000855078746099, 0.000698586809449, 0.000458003516542, 0.000272161210887, 0.000337876612321, 0.000681417586748, 0.000288465380436, 0.000241398782237, 0.000126379803987, 0.000107427345938, 7.70424376242e-05, 7.28541635908e-05, 6.08935915807e-05, 3.70509224012e-05, 1.70795301528e-05, 1.06563502413e-05, 8.34795719129e-06, 5.30441730007e-06, 4.91872287967e-06, 4.43528642791e-06, 2.10495750252e-06, 1.84332316167e-06, 4.25074313171e-06, 4.27764916822e-06, 1.20957020044e-06, 8.07985429674e-07, 9.15809721391e-07, 1.08460153569e-06, 1.04213756913e-06, 9.53050005137e-07, 5.45035959476e-07, 5.40887981515e-07, 6.08390735124e-07, 6.23086236828e-07, 4.56847118357e-07, 3.21852553498e-07, 1.02301676463e-07],
        "median": [0.000159374292707, 0.000764418567996, 0.000525312440004, 0.000568367773667, 0.000388492946513, 0.000144751684275, 7.84055373515e-05, 7.68346217228e-05, 5.59415711905e-05, 4.0538754547e-05, 3.84471786674e-05, 2.87102011498e-05, 1.73292446561e-05, 1.05494618765e-05, 9.21310765989e-06, 7.90857757238e-06, 5.43104397366e-06, 3.37122014571e-06, 3.82502093998e-06, 3.62017522093e-06, 1.96412565856e-06, 1.67478208368e-06, 9.41906250773e-07, 7.73818669586e-07, 7.17707735021e-07, 1.08679751065e-06, 7.8128266523e-07, 2.94650902788e-07, 1.74904059236e-07, 1.88620418839e-07, 1.99460757244e-07, 1.4790465741e-07, 1.41054130154e-07, 8.83868764845e-08, 8.25670767313e-08, 8.00581716476e-08, 7.65586349871e-08, 5.68837315029e-08, 2.81654717327e-08, 9.61442125913e-09],
        "min": [3.52575613149e-09, 1.66121534306e-08, 7.01647540069e-09, 3.05015790403e-09, 2.39635450372e-10, 3.96717048101e-10, 2.08049066863e-09, 2.05448147383e-09, 1.08084569073e-10, 1.74005448939e-10, 2.71357325499e-10, 5.3824483065e-11, 4.08941075447e-11, 9.64172838791e-12, 2.51613573726e-12, 4.00521933328e-12, 2.8822970486e-12, 1.54148915854e-12, 4.46513529276e-12, 4.93612529323e-12, 4.56738813437e-13, 5.23413886018e-13, 3.90518373932e-13, 4.42884064925e-13, 2.62528903781e-13, 3.48051963769e-13, 3.78529510254e-13, 2.24439810812e-13, 1.12690056126e-13, 1.83919638417e-13, 1.82197789841e-13, 1.30818329802e-13, 1.4889103134e-13, 8.30917230637e-14, 8.44225676779e-14, 1.15233601198e-13, 5.74619697527e-14, 6.29548767717e-14, 5.42180402408e-14, 3.20512964314e-14],
        "var": [4.56519245517e-07, 8.83844961663e-07, 1.3481270571e-06, 1.01063221791e-06, 9.63886009231e-07, 2.42146325036e-06, 4.98595625231e-07, 6.18589240275e-07, 4.75417755297e-06, 6.90960405336e-07, 4.51030274462e-07, 1.31434717332e-07, 1.79939746658e-07, 4.13679188682e-08, 8.39518321527e-08, 4.65588954057e-08, 1.88695814529e-08, 3.0753490865e-09, 6.39066410901e-10, 1.6599986663e-10, 1.07388042903e-10, 7.79254161198e-11, 8.98953828044e-11, 1.43951586762e-11, 1.26556109342e-11, 7.50585288367e-11, 8.57360779594e-11, 9.59351348362e-12, 4.67077418409e-12, 7.91145447765e-12, 1.33800106411e-11, 1.51411088528e-11, 1.59851108045e-11, 3.42539191456e-12, 6.34306019168e-12, 9.78028335402e-12, 1.2063677314e-11, 6.15780473487e-12, 3.51443288533e-12, 3.02534554483e-13]
    },
    "mfcc": {
        "mean": [-709.953430176, 164.51612854, 11.41959095, 17.1822605133, -0.770813703537, 4.81343364716, -2.65991044044, 3.04197311401, -7.26849079132, 1.61792814732, -7.2951335907, -6.15730428696, -6.03543424606],
        "cov": [[6991.45166016, -955.851013184, -933.382080078, -413.510009766, -501.4793396, -167.843673706, -47.4549636841, 144.655395508, -104.526252747, 223.167526245, 151.038482666, 62.7822608948, -63.4960708618], [-955.851013184, 1613.09899902, -418.270141602, -121.183868408, 146.917617798, -83.0951004028, 49.5014228821, 60.4740867615, -54.9868736267, 69.1776809692, -3.6426243782, -31.8534679413, 104.165130615], [-933.382080078, -418.270141602, 809.735229492, 203.474822998, 18.2657089233, 142.440368652, -9.36496448517, -66.603477478, 87.5364456177, -79.9826889038, -5.89595127106, 45.796005249, 7.80740070343], [-413.510009766, -121.183868408, 203.474822998, 302.608673096, 83.9261856079, 42.9205703735, -34.922000885, -24.3322238922, 41.2498512268, -22.3968811035, -11.6170940399, 5.02557086945, 22.4943237305], [-501.4793396, 146.917617798, 18.2657089233, 83.9261856079, 213.308792114, 34.021987915, -18.9454975128, -10.9303073883, 10.3152694702, 21.0619697571, -9.67178153992, -8.92465877533, 6.05848884583], [-167.843673706, -83.0951004028, 142.440368652, 42.9205703735, 34.021987915, 215.932342529, 58.4247436523, -10.1044845581, 68.1536560059, -62.5593414307, -21.1115150452, 14.5661020279, -15.5429792404], [-47.4549636841, 49.5014228821, -9.36496448517, -34.922000885, -18.9454975128, 58.4247436523, 163.962280273, 68.5429229736, 14.6261434555, -6.357213974, 4.71295881271, 8.30421543121, -4.48881053925], [144.655395508, 60.4740867615, -66.603477478, -24.3322238922, -10.9303073883, -10.1044845581, 68.5429229736, 114.225524902, 16.3063468933, 21.2734184265, 13.8447799683, 0.0611618608236, 13.8338193893], [-104.526252747, -54.9868736267, 87.5364456177, 41.2498512268, 10.3152694702, 68.1536560059, 14.6261434555, 16.3063468933, 137.03012085, -9.54755878448, -9.21855735779, 0.422044873238, -2.69635629654], [223.167526245, 69.1776809692, -79.9826889038, -22.3968811035, 21.0619697571, -62.5593414307, -6.357213974, 21.2734184265, -9.54755878448, 137.07673645, 46.3154754639, 3.11396861076, 9.74795722961], [151.038482666, -3.6426243782, -5.89595127106, -11.6170940399, -9.67178153992, -21.1115150452, 4.71295881271, 13.8447799683, -9.21855735779, 46.3154754639, 87.2176132202, 31.3854084015, 5.66620159149], [62.7822608948, -31.8534679413, 45.796005249, 5.02557086945, -8.92465877533, 14.5661020279, 8.30421543121, 0.0611618608236, 0.422044873238, 3.11396861076, 31.3854084015, 80.5495605469, 16.610824585], [-63.4960708618, 104.165130615, 7.80740070343, 22.4943237305, 6.05848884583, -15.5429792404, -4.48881053925, 13.8338193893, -2.69635629654, 9.74795722961, 5.66620159149, 16.610824585, 85.8567581177]],
