{
"lowlevel": {
    "average_loudness": 0.959048867226,
    "barkbands_crest": {
        "dmean": 2.925958395,
        "dmean2": 4.6164727211,
        "dvar": 6.76070213318,
        "dvar2": 14.7127161026,
        "max": 24.7015094757,
        "mean": 10.7620449066,
        "median": 9.78546524048,
        "min": 2.30988287926,
        "var": 24.3631744385
    },
    "barkbands_flatness_db": {
        "dmean": 0.0244750492275,
        "dmean2": 0.036113511771,
        "dvar": 0.000508717028424,
        "dvar2": 0.00102048076224,
        "max": 0.373374998569,
        "mean": 0.150403290987,
        "median": 0.144543901086,
        "min": 0.0506167188287,
        "var": 0.00175813771784
    },
    "barkbands_kurtosis": {
        "dmean": 2.75187778473,
        "dmean2": 4.23500204086,
        "dvar": 26.0404663086,
        "dvar2": 60.4858894348,
        "max": 80.5463485718,
        "mean": 3.48747181892,
        "median": 1.47330188751,
        "min": -1.83168423176,
        "var": 46.8614387512
    },
    "barkbands_skewness": {
        "dmean": 0.543125748634,
        "dmean2": 0.817054688931,
        "dvar": 0.331901550293,
        "dvar2": 0.727759718895,
        "max": 7.40325737,
        "mean": 1.43630707264,
        "median": 1.24962222576,
        "min": -2.8861618042,
        "var": 1.26142311096
    },
    "barkbands_spread": {
        "dmean": 6.78938770294,
        "dmean2": 10.2854537964,
        "dvar": 54.6901092529,
        "dvar2": 109.837150574,
        "max": 93.5401535034,
        "mean": 24.1671447754,
        "median": 21.7536640167,
        "min": 1.23121738434,
        "var": 161.577438354
    },
    "dissonance": {
        "dmean": 0.0216698553413,
        "dmean2": 0.0365922152996,
        "dvar": 0.000380995857995,
        "dvar2": 0.00104467943311,
        "max": 0.499865114689,
        "mean": 0.464594423771,
        "median": 0.47062471509,
        "min": 0.324578404427,
        "var": 0.000637647579424
    },
    "dynamic_complexity": 2.1262614727,
    "erbbands_crest": {
        "dmean": 2.91398644447,
        "dmean2": 4.76681470871,
        "dvar": 7.34703207016,
        "dvar2": 17.8756141663,
        "max": 30.5413513184,
        "mean": 8.64005184174,
        "median": 7.48832273483,
        "min": 2.3600461483,
        "var": 18.8222484589
    },
    "erbbands_flatness_db": {
        "dmean": 0.0171607937664,
        "dmean2": 0.0261818300933,
        "dvar": 0.000255438528256,
        "dvar2": 0.000530186342075,
        "max": 0.333201020956,
        "mean": 0.16799364984,
        "median": 0.16153357923,
        "min": 0.0889189168811,
        "var": 0.00118762382772
    },
    "erbbands_kurtosis": {
        "dmean": 1.11237549782,
        "dmean2": 1.78054893017,
        "dvar": 3.11190581322,
        "dvar2": 7.71067714691,
        "max": 41.2947387695,
        "mean": 0.778914153576,
        "median": -0.0453045368195,
        "min": -1.78535330296,
        "var": 7.75886821747
    },
    "erbbands_skewness": {
        "dmean": 0.380301088095,
        "dmean2": 0.584045290947,
        "dvar": 0.116893455386,
        "dvar2": 0.264085412025,
        "max": 4.02026414871,
        "mean": 0.484591007233,
        "median": 0.438964128494,
        "min": -2.94030427933,
        "var": 0.40350574255
    },
    "erbbands_spread": {
        "dmean": 8.83630084991,
        "dmean2": 13.3362131119,
        "dvar": 70.4337768555,
        "dvar2": 136.182815552,
        "max": 132.011413574,
        "mean": 40.1669540405,
        "median": 38.7069358826,
        "min": 2.4708340168,
        "var": 346.937774658
    },
    "hfc": {
        "dmean": 9.21138763428,
        "dmean2": 13.3557758331,
        "dvar": 82.026550293,
        "dvar2": 179.521240234,
        "max": 127.67099762,
        "mean": 27.2673606873,
        "median": 24.5910358429,
        "min": 0.000458693801193,
        "var": 336.982696533
    },
    "melbands_crest": {
        "dmean": 3.77355051041,
        "dmean2": 5.75464057922,
        "dvar": 11.4074306488,
        "dvar2": 22.7255363464,
        "max": 33.8690299988,
        "mean": 15.0792789459,
        "median": 13.5563640594,
        "min": 3.41617560387,
        "var": 47.2776985168
    },
    "melbands_flatness_db": {
        "dmean": 0.0318325981498,
        "dmean2": 0.0451871193945,
        "dvar": 0.000903715088498,
        "dvar2": 0.00174824241549,
        "max": 0.476662427187,
        "mean": 0.176879093051,
        "median": 0.170589655638,
        "min": 0.0403530150652,
        "var": 0.00354977697134
    },
    "melbands_kurtosis": {
        "dmean": 6.73072957993,
        "dmean2": 10.2083854675,
        "dvar": 132.058609009,
        "dvar2": 290.804901123,
        "max": 176.23638916,
        "mean": 12.2361726761,
        "median": 6.72245693207,
        "min": -1.72383511066,
        "var": 284.454650879
    },
    "melbands_skewness": {
        "dmean": 0.732498705387,
        "dmean2": 1.09126508236,
        "dvar": 0.599371910095,
        "dvar2": 1.28084886074,
        "max": 10.1002235413,
        "mean": 2.49428367615,
        "median": 2.21072936058,
        "min": -1.65427649021,
        "var": 2.62348365784
    },
    "melbands_spread": {
        "dmean": 7.80966186523,
        "dmean2": 11.9216156006,
        "dvar": 99.446762085,
        "dvar2": 219.762161255,
        "max": 179.334442139,
        "mean": 25.0620307922,
        "median": 23.1413516998,
        "min": 1.06036007404,
        "var": 232.703491211
    },
    "pitch_salience": {
        "dmean": 0.079013697803,
        "dmean2": 0.12017749995,
        "dvar": 0.00485080387443,
        "dvar2": 0.0102354325354,
        "max": 0.840696156025,
        "mean": 0.525713741779,
        "median": 0.543695509434,
        "min": 0.114417172968,
        "var": 0.0180878732353
    },
    "silence_rate_20dB": {
        "dmean": 0,
        "dmean2": 0,
        "dvar": 0,
        "dvar2": 0,
        "max": 1,
        "mean": 1,
        "median": 1,
        "min": 1,
        "var": 0
    },
    "silence_rate_30dB": {
        "dmean": 0,
        "dmean2": 0,
        "dvar": 0,
        "dvar2": 0,
        "max": 1,
        "mean": 1,
        "median": 1,
        "min": 1,
        "var": 0
    },
    "silence_rate_60dB": {
        "dmean": 0.00154918665066,
        "dmean2": 0.00309957377613,
        "dvar": 0.00154677091632,
        "dvar2": 0.00386484875344,
        "max": 1,
        "mean": 0.0100658144802,
        "median": 0,
        "min": 0,
        "var": 0.00996426492929
    },
    "spectral_centroid": {
        "dmean": 289.218505859,
        "dmean2": 429.680114746,
        "dvar": 89913.0703125,
        "dvar2": 184307.25,
        "max": 5102.01611328,
        "mean": 1363.25085449,
        "median": 1308.42749023,
        "min": 235.256011963,
        "var": 269104.875
    },
    "spectral_complexity": {
        "dmean": 5.07823371887,
        "dmean2": 7.21348333359,
        "dvar": 19.6199626923,
        "dvar2": 38.4784469604,
        "max": 53,
        "mean": 21.535036087,
        "median": 21,
        "min": 0,
        "var": 66.1244735718
    },
    "spectral_decrease": {
        "dmean": 2.34967845181e-09,
        "dmean2": 3.53112650231e-09,
        "dvar": 6.18035149781e-18,
        "dvar2": 1.15932630213e-17,
        "max": -1.79838565914e-13,
        "mean": -8.6689411205e-09,
        "median": -7.81489362112e-09,
        "min": -2.73437414933e-08,
        "var": 2.45253972733e-17
    },
    "spectral_energy": {
        "dmean": 0.00933829788119,
        "dmean2": 0.0140554774553,
        "dvar": 9.41454491112e-05,
        "dvar2": 0.000176547866431,
        "max": 0.113774508238,
        "mean": 0.0351918339729,
        "median": 0.032125659287,
        "min": 7.20354194073e-07,
        "var": 0.000382545316825
    },
    "spectral_energyband_high": {
        "dmean": 0.000695157621522,
        "dmean2": 0.00102181837428,
        "dvar": 9.11615927635e-07,
        "dvar2": 1.89700290321e-06,
        "max": 0.0164902210236,
        "mean": 0.00127044389956,
        "median": 0.000764806289226,
        "min": 8.09680056335e-09,
        "var": 2.25552253141e-06
    },
    "spectral_energyband_low": {
        "dmean": 0.00613063154742,
        "dmean2": 0.00924129225314,
        "dvar": 8.8504559244e-05,
        "dvar2": 0.000170229905052,
        "max": 0.0899611189961,
        "mean": 0.0132856825367,
        "median": 0.00734856212512,
        "min": 2.204522076e-07,
        "var": 0.000222747403313
    },
    "spectral_energyband_middle_high": {
        "dmean": 0.00372133799829,
        "dmean2": 0.00560597330332,
        "dvar": 2.66117258434e-05,
        "dvar2": 6.55592812109e-05,
        "max": 0.105566062033,
        "mean": 0.00924094300717,
        "median": 0.00571253523231,
        "min": 2.34191674053e-07,
        "var": 0.000119494819955
    },
    "spectral_energyband_middle_low": {
        "dmean": 0.00635063834488,
        "dmean2": 0.00987899582833,
        "dvar": 8.56646875036e-05,
        "dvar2": 0.000207270684768,
        "max": 0.0728843212128,
        "mean": 0.0125763565302,
        "median": 0.00921511370689,
        "min": 2.39455886231e-07,
        "var": 0.000124785554362
    },
    "spectral_entropy": {
        "dmean": 0.189588025212,
        "dmean2": 0.272597670555,
        "dvar": 0.0312574543059,
        "dvar2": 0.060821313411,
        "max": 8.57497024536,
        "mean": 7.74622011185,
        "median": 7.78294658661,
        "min": 6.62762212753,
        "var": 0.110553845763
    },
    "spectral_flux": {
        "dmean": 0.0283705387264,
        "dmean2": 0.0420844629407,
        "dvar": 0.000747589278035,
        "dvar2": 0.00131724390667,
        "max": 0.287786364555,
        "mean": 0.106130741537,
        "median": 0.0930498763919,
        "min": 0.00084873684682,
        "var": 0.00264507671818
    },
    "spectral_kurtosis": {
        "dmean": 1.27184510231,
        "dmean2": 2.07927799225,
        "dvar": 2.14468479156,
        "dvar2": 5.26455402374,
        "max": 22.6148071289,
        "mean": 2.29952049255,
        "median": 1.83666133881,
        "min": -1.26833808422,
        "var": 4.03100633621
    },
    "spectral_rms": {
        "dmean": 0.00079341896344,
        "dmean2": 0.00118523021229,
        "dvar": 5.8241920442e-07,
        "dvar2": 1.10381483864e-06,
        "max": 0.0105356313288,
        "mean": 0.00560461869463,
        "median": 0.00559840211645,
        "min": 2.65100843535e-05,
        "var": 2.92178697237e-06
    },
    "spectral_rolloff": {
        "dmean": 592.255371094,
        "dmean2": 957.563720703,
        "dvar": 1017462.6875,
        "dvar2": 2282093.25,
        "max": 9087.01171875,
        "mean": 1470.06555176,
        "median": 1098.19335938,
        "min": 64.599609375,
        "var": 1894182
    },
    "spectral_skewness": {
        "dmean": 0.225032031536,
        "dmean2": 0.344875454903,
        "dvar": 0.0458126142621,
        "dvar2": 0.100535981357,
        "max": 3.77788734436,
        "mean": 1.2669839859,
        "median": 1.2419397831,
        "min": -0.171143591404,
        "var": 0.144453644753
    },
    "spectral_spread": {
        "dmean": 600696.625,
        "dmean2": 873549.375,
        "dvar": 373392244736,
        "dvar2": 675988504576,
        "max": 13035630,
        "mean": 4969153.5,
        "median": 4834743,
        "min": 2378247,
        "var": 1.74593435238e+12
    },
    "spectral_strongpeak": {
        "dmean": 0.644196927547,
        "dmean2": 1.08058059216,
        "dvar": 1.13645887375,
        "dvar2": 2.65051484108,
        "max": 11.3703298569,
        "mean": 1.16333401203,
        "median": 0.547978520393,
        "min": 0,
        "var": 2.65088605881
    },
    "zerocrossingrate": {
        "dmean": 0.0123844165355,
        "dmean2": 0.0141864530742,
        "dvar": 0.000168130776729,
        "dvar2": 0.000214765968849,
        "max": 0.31396484375,
        "mean": 0.0613364800811,
        "median": 0.05615234375,
        "min": 0.00439453125,
        "var": 0.00102492026053
    },
    "barkbands": {
        "dmean": [0.000274431222351, 0.00508495699614, 0.00296911457554, 0.00208967411891, 0.00270126783289, 0.00174075830728, 0.00100827333517, 0.000684514234308, 0.00119749747682, 0.000824107090011, 0.00198475481011, 0.000891095143743, 0.000366483669495, 0.000580886437092, 0.000418075942434, 0.000236525214859, 0.000200160269742, 0.000155484987772, 0.000133876310429, 0.000202789640753, 0.0001440813503, 0.000155646950589, 0.000182201445568, 0.000184190343134, 5.5773089116e-05, 4.8512230677e-08, 3.2867455424e-09],
        "dmean2": [0.000432609114796, 0.00768686784431, 0.0048955688253, 0.00373346498236, 0.00474183540791, 0.00272685149685, 0.00152699381579, 0.00105946487747, 0.0018315881025, 0.00129868579097, 0.00322047830559, 0.00143301778007, 0.00059201347176, 0.00093836610904, 0.00066308490932, 0.000358523800969, 0.000303154054563, 0.000244453171035, 0.00020619299903, 0.000311871728627, 0.000230297708185, 0.000230823250604, 0.000277399405604, 0.000274381076451, 8.34563543322e-05, 7.73744446292e-08, 6.15714368379e-09],
        "dvar": [1.54230932026e-07, 6.21450890321e-05, 5.81109852646e-05, 3.22622472595e-05, 3.72529320884e-05, 7.63904517953e-06, 3.35318259204e-06, 1.80328288479e-06, 4.06376284445e-06, 3.48355411006e-06, 1.88281446754e-05, 4.75094248031e-06, 8.0603325614e-07, 2.02695537155e-06, 6.01915928655e-07, 1.8805330626e-07, 1.34196540102e-07, 6.83117207245e-08, 4.07273432756e-08, 1.01312622292e-07, 3.55169937905e-08, 7.69923431676e-08, 1.08898291273e-07, 1.16198059175e-07, 1.23054819667e-08, 1.43915742767e-14, 1.23910041104e-16],
        "dvar2": [4.64604624995e-07, 0.000143162382301, 0.000145022771903, 8.90232695383e-05, 0.000106821848021, 1.84034106496e-05, 7.66452012613e-06, 3.88939815821e-06, 8.56729911902e-06, 8.1099833551e-06, 4.78541842313e-05, 1.21582215797e-05, 1.78648747351e-06, 4.70024042443e-06, 1.459862915e-06, 3.88819188402e-07, 2.93300161047e-07, 1.62426914585e-07, 9.14239066674e-08, 2.39538593405e-07, 8.67257696768e-08, 1.61295119483e-07, 2.41461492578e-07, 2.5093027034e-07, 2.3247519465e-08, 3.0224371725e-14, 3.63904253563e-16],
        "max": [0.00335108302534, 0.0676426738501, 0.0537737198174, 0.0392616204917, 0.0474463142455, 0.0541817434132, 0.0321527346969, 0.0313525423408, 0.0266736671329, 0.0392145588994, 0.100906468928, 0.0513254627585, 0.0204034280032, 0.0300604421645, 0.0137347048149, 0.0106007382274, 0.00863397493958, 0.00364117394201, 0.00371146039106, 0.00655349995941, 0.00293666194193, 0.00677660666406, 0.00613346649334, 0.00590628804639, 0.00247258739546, 3.9452920646e-06, 2.33091427049e-07],
        "mean": [0.000413485715399, 0.00892113801092, 0.00291234697215, 0.00173550483305, 0.00311887380667, 0.00314730033278, 0.00154548313003, 0.000941576377954, 0.00185210513882, 0.0012657555053, 0.00302210776135, 0.00153801613487, 0.000493604864459, 0.000986112863757, 0.000625342945568, 0.000391474575736, 0.000334378710249, 0.000254103943007, 0.000227653465117, 0.000337932549883, 0.000203191448236, 0.000236653591855, 0.000259733700659, 0.00032756125438, 0.000100359582575, 7.25461646311e-08, 2.30576735483e-09],
        "median": [0.000234297302086, 0.00392900174484, 0.00081858842168, 0.000503686838783, 0.00140218157321, 0.00161583721638, 0.00065692467615, 0.000428729312262, 0.000800864072517, 0.000446119025582, 0.00107865105383, 0.000424899742939, 0.000235706262174, 0.000367998058209, 0.000318790989695, 0.000227586438996, 0.000152301276103, 0.000126331971842, 0.000148520121002, 0.000218390574446, 0.000109090076876, 0.000119140640891, 0.000120814409456, 0.000175335473614, 4.41751835751e-05, 2.90787678381e-08, 5.98400551333e-10],
        "min": [5.42203046905e-08, 1.64565477689e-07, 2.01919085896e-08, 2.6341657744e-09, 3.97757062842e-08, 1.15344313656e-07, 3.5345443905e-08, 2.77328684462e-08, 1.82864283715e-08, 6.15269923898e-09, 1.31064140874e-07, 2.09960919761e-08, 2.66809152549e-08, 2.36129817921e-08, 1.90706317404e-09, 1.81755521744e-09, 7.87978349237e-10, 1.99185756777e-09, 1.43553284815e-08, 7.75752262427e-09, 1.22361332178e-09, 1.54289303556e-09, 1.01290320575e-09, 1.17557841239e-09, 1.76383629924e-10, 2.09149733123e-12, 2.72944774421e-12],
        "var": [2.41481160401e-07, 0.000127232997329, 4.91973514727e-05, 2.11408005271e-05, 2.69894899247e-05, 1.84089985851e-05, 7.08051857146e-06, 3.28383293891e-06, 8.53936035128e-06, 7.58783062338e-06, 5.20724461239e-05, 1.8316664864e-05, 1.07150742679e-06, 5.75757121624e-06, 1.02437354599e-06, 3.74893829758e-07, 3.70802041516e-07, 1.39371195473e-07, 7.4622469981e-08, 1.8212199393e-07, 5.92362425778e-08, 1.59749916406e-07, 1.68629512132e-07, 2.77311102082e-07, 3.83605431864e-08, 3.13999179305e-14, 6.98661031385e-17]
    },
    "erbbands": {
        "dmean": [0.1559753865, 1.16941010952, 2.89709568024, 5.40755081177, 7.73950815201, 8.69479370117, 11.9578542709, 14.4365682602, 14.5874204636, 14.9045572281, 14.6565856934, 25.4510250092, 27.7412948608, 34.7563781738, 71.9338760376, 30.773431778, 17.6898155212, 19.9449005127, 23.2357521057, 23.1686382294, 11.4445343018, 10.7064256668, 7.74574041367, 7.86437749863, 6.795814991, 10.2309827805, 5.58650445938, 5.86603069305, 6.13566732407, 5.15922880173, 5.2395529747, 3.93380856514, 3.12015533447, 1.16296386719, 0.0871058627963, 0.00379926129244, 0.000195645305212, 2.71523022093e-05, 9.2138443506e-06, 1.15553557407e-05],
        "dmean2": [0.224182978272, 1.75866436958, 4.26684522629, 9.27576065063, 13.8399829865, 15.1171617508, 18.7184200287, 22.3691425323, 22.309633255, 22.9827671051, 22.2904071808, 38.4710273743, 42.9929084778, 56.277671814, 113.45262146, 48.1616630554, 28.0620613098, 31.5896339417, 36.5960464478, 36.8270225525, 17.1405410767, 15.8899593353, 11.9050388336, 12.0631523132, 10.3386497498, 15.8837537766, 8.72750663757, 9.43598079681, 9.37437534332, 7.72245550156, 7.98691225052, 5.89162302017, 4.64668512344, 1.72107088566, 0.128601640463, 0.00557021750137, 0.000281558634015, 3.89471606468e-05, 1.34611636895e-05, 1.73165481101e-05],
        "dvar": [0.0398371443152, 4.31526994705, 46.0873336792, 198.649337769, 471.737426758, 353.035522461, 297.216064453, 603.63092041, 770.178588867, 1091.25439453, 608.725708008, 1725.76525879, 3379.87304688, 4539.04980469, 24292.53125, 6410.19873047, 1647.91882324, 1386.61853027, 3881.32080078, 1824.63342285, 360.715545654, 340.330627441, 161.54586792, 146.263916016, 143.290466309, 235.314987183, 56.8487548828, 72.0055770874, 114.426689148, 108.581367493, 80.8969726562, 53.3354225159, 37.4495735168, 4.98660945892, 0.0223337654024, 4.20330143243e-05, 1.03638704729e-07, 1.83275861154e-09, 1.07497302726e-10, 1.26534269174e-10],
        "dvar2": [0.0847580060363, 9.45332431793, 101.38155365, 513.64666748, 1317.86108398, 1013.91192627, 724.043395996, 1427.95617676, 1737.86108398, 2594.57275391, 1279.15222168, 3504.37036133, 7641.72949219, 11570.8349609, 55636.359375, 14141.8369141, 3588.45214844, 3070.67749023, 8490.96289062, 4224.12695312, 743.053588867, 709.728210449, 376.69229126, 338.104156494, 328.092773438, 552.666992188, 141.608856201, 167.156692505, 249.132888794, 242.155227661, 179.168197632, 120.788467407, 80.4390640259, 9.14757728577, 0.0458950959146, 8.44519454404e-05, 1.94237784967e-07, 3.50912765512e-09, 2.14273349064e-10, 2.4211116445e-10],
        "max": [2.00713157654, 18.9504985809, 53.123790741, 110.584121704, 173.596221924, 187.801055908, 223.759780884, 504.487426758, 492.565002441, 1013.10284424, 575.954345703, 774.62890625, 930.902954102, 1354.86889648, 4170.49804688, 1843.54577637, 992.705993652, 755.40222168, 1352.07543945, 782.059631348, 413.295928955, 375.381622314, 233.462768555, 177.171981812, 344.371795654, 237.463928223, 124.509155273, 162.124542236, 232.146224976, 273.511505127, 156.025695801, 132.509674072, 117.393753052, 46.5813369751, 3.62007927895, 0.151712074876, 0.00621384289116, 0.000621699204203, 0.000145992104081, 0.000137703536893],
        "mean": [0.310977756977, 1.77179026604, 3.23503255844, 5.38637542725, 6.63338184357, 10.2712612152, 21.1060581207, 26.1590652466, 23.2605209351, 21.3764648438, 22.6913070679, 39.4493522644, 44.2237205505, 60.4599189758, 114.358886719, 53.9534683228, 27.4688282013, 34.1209564209, 40.4938583374, 36.1246261597, 21.3952903748, 19.0085411072, 14.1370344162, 13.4472770691, 12.1762685776, 16.6688251495, 8.93175506592, 8.20624065399, 8.97680091858, 7.30482149124, 7.55457925797, 6.84510040283, 5.33857727051, 2.14388823509, 0.156060308218, 0.00693781254813, 0.000385740713682, 5.52372148377e-05, 2.9836251997e-05, 4.48561077064e-05],
        "median": [0.137371614575, 0.749770879745, 0.911588728428, 1.78634655476, 1.93123018742, 4.59435272217, 11.7546634674, 13.472360611, 9.78072452545, 9.84010028839, 13.0633268356, 18.0800037384, 16.8899917603, 27.4204883575, 44.1906700134, 17.2142448425, 13.1745519638, 16.172662735, 15.9716815948, 20.608625412, 12.6484508514, 9.03726863861, 7.38958787918, 8.50516605377, 8.33339977264, 10.8915777206, 5.65656137466, 3.99479866028, 4.46690940857, 3.60567045212, 3.60261297226, 3.71559238434, 2.61163806915, 0.962128698826, 0.0697505921125, 0.00320213870145, 0.000194330699742, 3.04091026919e-05, 2.7071670047e-05, 4.29732717748e-05],
        "min": [6.64862227495e-06, 2.92772529065e-05, 3.17773192364e-05, 1.38661516758e-05, 6.53092720313e-05, 0.000141885262565, 0.00064279907383, 0.000894347555004, 0.000412056222558, 0.000684738100972, 0.000615299039055, 0.00043074178393, 0.000131620137836, 0.00364534114487, 0.00207611126825, 0.00118029594887, 0.00120600510854, 0.000995242036879, 0.000441089970991, 0.000119170792459, 8.15117309685e-05, 5.53637619305e-05, 0.000150994281285, 0.00073562405305, 0.000312518153805, 0.000330516108079, 7.94057559688e-05, 4.19724819949e-05, 6.68349457555e-05, 3.32713680109e-05, 3.20570616168e-05, 3.48584035237e-05, 1.30413909574e-05, 3.05966841552e-06, 1.49995102561e-07, 1.43435840982e-08, 5.30316102143e-09, 1.89609972168e-09, 7.58127449707e-10, 8.81858808199e-10],
        "var": [0.145264610648, 6.90855646133, 51.4152259827, 154.574798584, 303.731018066, 277.535095215, 711.063415527, 1414.27868652, 1687.5625, 1654.81921387, 1113.49145508, 3663.70996094, 6331.45556641, 11765.0634766, 64697.203125, 18957.4296875, 2941.96948242, 3993.19482422, 9160.84667969, 3006.41772461, 1020.07208252, 1077.04821777, 419.505096436, 261.284057617, 240.258255005, 420.682098389, 93.5134735107, 133.68977356, 222.224761963, 170.312057495, 130.817489624, 120.777702332, 86.8414535522, 16.373714447, 0.0730441436172, 0.000141651908052, 3.74598130293e-07, 6.37091623901e-09, 4.14655032532e-10, 5.38956268503e-10]
    },
    "gfcc": {
        "mean": [14.7053756714, 112.729133606, -141.524032593, 50.9210281372, -80.1587753296, 35.6755065918, -35.7365074158, 5.9312710762, -10.3989782333, -11.4002380371, 8.49593257904, -13.1654491425, 14.2833185196],
        "cov": [[2387.98657227, -565.650390625, -171.327972412, 55.0847702026, -234.721191406, 66.6956558228, -149.289199829, 47.1887359619, -103.040870667, 14.8279647827, -127.799430847, 16.2695980072, -39.3007011414], [-565.650390625, 623.615600586, -16.4696140289, -29.8161582947, 258.57901001, -123.736083984, 129.303863525, -55.992401123, 35.7066078186, -72.0965499878, 74.8271255493, -59.5554122925, 42.312828064], [-171.327972412, -16.4696140289, 449.586364746, 118.951660156, -27.6841392517, 76.0051422119, -35.3702392578, 30.5918312073, 11.1740903854, 18.2703971863, -5.86393117905, 17.6218852997, -11.6869077682], [55.0847702026, -29.8161582947, 118.951660156, 225.970123291, 53.568359375, 2.10382771492, 32.003452301, 20.3366279602, 54.4326095581, 26.4082984924, 4.84066009521, 19.4128952026, -9.39262008667], [-234.721191406, 258.57901001, -27.6841392517, 53.568359375, 311.546386719, 46.3266067505, 127.43081665, 27.0574226379, 39.3797607422, -10.9046297073, 68.4583816528, -17.6180744171, 40.583530426], [66.6956558228, -123.736083984, 76.0051422119, 2.10382771492, 46.3266067505, 215.335494995, 80.2366256714, 24.2460689545, -4.31751537323, 31.0110797882, 4.33350038528, 3.81110882759, -14.5424728394], [-149.289199829, 129.303863525, -35.3702392578, 32.003452301, 127.43081665, 80.2366256714, 206.950378418, 26.5876407623, 48.7761573792, 12.7012748718, 62.0171737671, -4.27865028381, 10.9816684723], [47.1887359619, -55.992401123, 30.5918312073, 20.3366279602, 27.0574226379, 24.2460689545, 26.5876407623, 128.80305481, 60.7208938599, 38.2787666321, 33.5406646729, 36.8338012695, 23.1268253326], [-103.040870667, 35.7066078186, 11.1740903854, 54.4326095581, 39.3797607422, -4.31751537323, 48.7761573792, 60.7208938599, 126.639732361, 52.851524353, 44.4863853455, 37.3827095032, 18.0676937103], [14.8279647827, -72.0965499878, 18.2703971863, 26.4082984924, -10.9046297073, 31.0110797882, 12.7012748718, 38.2787666321, 52.851524353, 94.1624526978, 46.9178695679, 28.1384124756, 4.31556606293], [-127.799430847, 74.8271255493, -5.86393117905, 4.84066009521, 68.4583816528, 4.33350038528, 62.0171737671, 33.5406646729, 44.4863853455, 46.9178695679, 108.906143188, 43.6227340698, 34.8332481384], [16.2695980072, -59.5554122925, 17.6218852997, 19.4128952026, -17.6180744171, 3.81110882759, -4.27865028381, 36.8338012695, 37.3827095032, 28.1384124756, 43.6227340698, 91.743522644, 48.1141357422], [-39.3007011414, 42.312828064, -11.6869077682, -9.39262008667, 40.583530426, -14.5424728394, 10.9816684723, 23.1268253326, 18.0676937103, 4.31556606293, 34.8332481384, 48.1141357422, 79.6565246582]],
        "icov": [[0.000642705301289, -4.4182244892e-05, 0.000702055753209, -0.000882947409991, 0.000600771105383, -0.00072243064642, 0.000553706951905, -0.000768617610447, 0.000735296634957, -9.19385365705e-06, 0.00016380091256, 0.000166680387338, -0.000290286407107], [-4.4182244892e-05, 0.0109745124355, -0.00504920026287, 0.0068434891291, -0.0085481191054, 0.0109044732526, -0.00687744049355, 0.0069786645472, -0.00512542854995, 0.00388178834692, -0.00231561600231, 0.00391726614907, -0.00091858045198], [0.000702055753209, -0.00504920026287, 0.00646472955123, -0.00662906328216, 0.00578173482791, -0.0082650706172, 0.00585156818852, -0.00469118030742, 0.00255109905265, 0.000267557741608, -0.00124469434377, 0.000342314160662, -0.000959626806434], [-0.000882947409991, 0.0068434891291, -0.00662906328216, 0.0134790055454, -0.00943639595062, 0.0110659329221, -0.00774515140802, 0.00626741815358, -0.00474696373567, -0.00180384109262, 0.00416957680136, -0.00389181566425, 0.00432384293526], [0.000600771105383, -0.0085481191054, 0.00578173482791, -0.00943639595062, 0.0148889999837, -0.0124540934339, 0.00607096403837, -0.0068806274794, 0.00232092104852, 0.00268444535322, -0.00533611048013, 0.0054351715371, -0.00574733735994], [-0.00072243064642, 0.0109044732526, -0.0082650706172, 0.0110659329221, -0.0124540934339, 0.0216077063233, -0.0134519273415, 0.00705475732684, -0.00114977860358, -0.00382284633815, 0.00530121941119, -0.0034016428981, 0.00424403278157], [0.000553706951905, -0.00687744049355, 0.00585156818852, -0.00774515140802, 0.00607096403837, -0.0134519273415, 0.0161560568959, -0.00508257746696, -0.000875620404258, 0.00363459647633, -0.00714562507346, 0.00401739543304, -0.0017290560063], [-0.000768617610447, 0.0069786645472, -0.00469118030742, 0.00626741815358, -0.0068806274794, 0.00705475732684, -0.00508257746696, 0.0165126863867, -0.00820798426867, 0.000606508401688, -0.000907876295969, -9.89238469629e-05, -0.00104979937896], [0.000735296634957, -0.00512542854995, 0.00255109905265, -0.00474696373567, 0.00232092104852, -0.00114977860358, -0.000875620404258, -0.00820798426867, 0.0198157969862, -0.0105498889461, 0.00510135060176, -0.00780954584479, 0.00257457396947], [-9.19385365705e-06, 0.00388178834692, 0.000267557741608, -0.00180384109262, 0.00268444535322, -0.00382284633815, 0.00363459647633, 0.000606508401688, -0.0105498889461, 0.0264471117407, -0.0161741226912, 0.00838704500347, -0.00201572175138], [0.00016380091256, -0.00231561600231, -0.00124469434377, 0.00416957680136, -0.00533611048013, 0.00530121941119, -0.00714562507346, -0.000907876295969, 0.00510135060176, -0.0161741226912, 0.0283095557243, -0.0157575048506, 0.00341250584461], [0.000166680387338, 0.00391726614907, 0.000342314160662, -0.00389181566425, 0.0054351715371, -0.0034016428981, 0.00401739543304, -9.89238469629e-05, -0.00780954584479, 0.00838704500347, -0.0157575048506, 0.0332200266421, -0.0181804653257], [-0.000290286407107, -0.00091858045198, -0.000959626806434, 0.00432384293526, -0.00574733735994, 0.00424403278157, -0.0017290560063, -0.00104979937896, 0.00257457396947, -0.00201572175138, 0.00341250584461, -0.0181804653257, 0.0265281461179]]
    },
    "melbands": {
        "dmean": [0.00135517388117, 0.00132932676934, 0.000909224560019, 0.000595246267039, 0.000404384743888, 0.000326641864376, 0.000206720520509, 0.000164358731126, 0.000130613028887, 0.000165078381542, 0.000144055607961, 0.000137897586683, 0.000299072940834, 0.000102876263554, 7.07397557562e-05, 2.84668076347e-05, 4.24730751547e-05, 4.65628691018e-05, 3.3450392948e-05, 2.16879889194e-05, 1.41429163705e-05, 1.25049009512e-05, 8.36026265461e-06, 8.74088345881e-06, 6.60885689285e-06, 4.99419729749e-06, 7.12548171578e-06, 6.65223387841e-06, 3.9093806663e-06, 3.00829015032e-06, 3.66793938156e-06, 3.60050580639e-06, 2.96450548376e-06, 3.04659283756e-06, 3.24313168676e-06, 2.63826495939e-06, 2.50576363214e-06, 2.44576858677e-06, 1.76203093361e-06, 8.00158375114e-07],
        "dmean2": [0.00201595132239, 0.00192734063603, 0.00147426116746, 0.00107370142359, 0.000640029262286, 0.00050851731794, 0.000315769371809, 0.000252732483204, 0.000198670633836, 0.000252147583524, 0.000224503077334, 0.00022010790417, 0.000479000242194, 0.000162895041285, 0.000109892942419, 4.62249481643e-05, 6.76309500705e-05, 7.40819305065e-05, 5.27884913026e-05, 3.41219747497e-05, 2.14845422306e-05, 1.89298443729e-05, 1.29526506498e-05, 1.38086306833e-05, 1.02819985841e-05, 7.75562602939e-06, 1.10338014565e-05, 1.04461632873e-05, 6.26997325526e-06, 4.80647349832e-06, 5.91899697611e-06, 5.56361419513e-06, 4.45011801276e-06, 4.66986011816e-06, 5.01801514474e-06, 3.97077701564e-06, 3.81763084079e-06, 3.68291853192e-06, 2.64157711172e-06, 1.18895377454e-06],
        "dvar": [3.37380288329e-06, 7.57319139666e-06, 4.94137020723e-06, 2.34233334595e-06, 3.27611843431e-07, 2.85683768197e-07, 1.45030810472e-07, 1.19086976724e-07, 4.07070785968e-08, 7.74105330947e-08, 8.86460682636e-08, 7.6088603862e-08, 4.50931423757e-07, 6.83860008621e-08, 4.93678129487e-08, 2.39710495897e-09, 7.48960804486e-09, 1.88590121297e-08, 4.09056521988e-09, 1.79864834138e-09, 6.58781418306e-10, 5.67637603588e-10, 2.49941262132e-10, 2.42516340343e-10, 1.18794737936e-10, 6.4559468882e-11, 1.77821382619e-10, 9.99605953567e-11, 3.43822956217e-11, 1.71682390526e-11, 3.03593192252e-11, 4.16537741799e-11, 3.46326162193e-11, 3.80428917535e-11, 3.23741797259e-11, 2.24184646541e-11, 2.55450677972e-11, 2.48521602603e-11, 1.22240542341e-11, 2.38447304436e-12],
        "dvar2": [7.76984416007e-06, 1.37712204378e-05, 1.1883777006e-05, 6.65586276227e-06, 8.25995243758e-07, 6.79756510635e-07, 3.30356499489e-07, 2.78573935475e-07, 8.77210055705e-08, 1.60465006616e-07, 2.00239156811e-07, 1.85981264167e-07, 1.08593496861e-06, 1.76192955337e-07, 1.01278772036e-07, 5.80906345249e-09, 1.6563564742e-08, 4.15823038225e-08, 9.76183489598e-09, 3.88064114176e-09, 1.34047073441e-09, 1.18601162225e-09, 5.95495375233e-10, 5.6073323762e-10, 2.79022110972e-10, 1.43681011533e-10, 4.2766076791e-10, 2.393824583e-10, 9.02188393437e-11, 3.91050837545e-11, 7.24778223549e-11, 9.51780737557e-11, 7.38376165765e-11, 8.6699800117e-11, 7.32571295292e-11, 5.16776586801e-11, 6.08228467591e-11, 5.4831087587e-11, 2.61820565228e-11, 4.49793804633e-12],
        "max": [0.0156849734485, 0.0235850792378, 0.016549071297, 0.0115118846297, 0.00884658005089, 0.0108903795481, 0.0063914489001, 0.00988927856088, 0.00377460895106, 0.00497755920514, 0.00463398452848, 0.00600647181273, 0.0167733784765, 0.00686968676746, 0.00645275972784, 0.00124956294894, 0.00185610237531, 0.00306258490309, 0.00136781448964, 0.00107137777377, 0.000674916256685, 0.000504612457007, 0.000352195376763, 0.000253508624155, 0.000151549087605, 0.000203229195904, 0.000415295828134, 0.00013467053941, 0.000123896286823, 8.72202945175e-05, 8.72873060871e-05, 0.000134096335387, 0.000156844223966, 0.000145682191942, 9.37371441978e-05, 0.000112316032755, 9.09772352315e-05, 8.94312324817e-05, 6.64306717226e-05, 3.57623248419e-05],
        "mean": [0.00260522030294, 0.00195903819986, 0.000954386778176, 0.000586142821703, 0.0007100024377, 0.000602174783126, 0.000332156458171, 0.000230588659178, 0.000201462913537, 0.000250721263001, 0.000223274953896, 0.000228219520068, 0.00045729347039, 0.000176246074261, 0.000104916442069, 4.21286531491e-05, 6.94060436217e-05, 7.59896502132e-05, 5.06009964738e-05, 3.33099960699e-05, 2.4132510589e-05, 2.04610114451e-05, 1.35258451337e-05, 1.38845971378e-05, 1.0454106814e-05, 8.38816140458e-06, 1.12919115054e-05, 1.05017834358e-05, 5.97976895733e-06, 4.20847572968e-06, 4.90577940582e-06, 5.11013831783e-06, 4.38455390395e-06, 4.00995031669e-06, 4.44013312517e-06, 4.07425977755e-06, 4.24074141847e-06, 3.9836245378e-06, 2.93947346108e-06, 1.41918042118e-06],
        "median": [0.00122071010992, 0.000816350977402, 0.000318425474688, 0.000228433957091, 0.00040691671893, 0.000309525785269, 0.000144729725434, 0.000106500905531, 0.000117637173389, 0.000109179054562, 7.76221859269e-05, 0.000101303478004, 0.000166553043528, 5.01805043314e-05, 3.28916939907e-05, 2.31172925851e-05, 3.01245891023e-05, 2.38046068262e-05, 2.46396630246e-05, 1.92590177903e-05, 1.27759276438e-05, 9.23635707295e-06, 6.41409269519e-06, 6.34835578239e-06, 6.30957174508e-06, 5.34120181328e-06, 6.78657352182e-06, 6.65229890728e-06, 3.71757960238e-06, 2.22803055294e-06, 2.27198120228e-06, 2.51472283708e-06, 2.17112142309e-06, 1.94227641259e-06, 2.0151744593e-06, 1.93247433344e-06, 2.32006118495e-06, 1.87315038147e-06, 1.33495882437e-06, 6.11791676874e-07],
        "min": [5.49093002178e-08, 2.46479228139e-08, 3.38795191901e-09, 7.80681830292e-09, 1.88138216117e-08, 2.02407584027e-08, 6.35843733221e-09, 7.37185423816e-09, 5.13545339587e-09, 2.21761320418e-09, 1.47328010902e-10, 1.34400437446e-08, 1.23885950387e-08, 8.5128415428e-10, 6.06163208516e-09, 8.07989175566e-10, 2.24213536626e-09, 1.03631203618e-09, 1.57749660556e-10, 1.52301740663e-10, 7.36975896976e-11, 6.09911773863e-11, 4.68579029744e-11, 1.75321854257e-10, 6.48932185765e-10, 1.70365582752e-10, 3.05625025288e-10, 1.99525507227e-10, 5.00055517827e-11, 3.49904376307e-11, 1.52739054043e-11, 3.64618057969e-11, 3.11673083175e-11, 1.33377519099e-11, 1.78603850459e-11, 2.29661758361e-11, 1.962124907e-11, 1.04747781629e-11, 5.55964128901e-12, 1.34168284122e-12],
        "var": [9.55619634624e-06, 1.17230338219e-05, 4.45865634902e-06, 1.52273696585e-06, 7.17598311439e-07, 6.93962590503e-07, 3.20558143585e-07, 1.8813460656e-07, 7.53581801405e-08, 1.59202556915e-07, 1.72144709154e-07, 1.79221103735e-07, 1.20090453493e-06, 2.78089459016e-07, 1.11576540007e-07, 4.06315425749e-09, 1.99616483343e-08, 4.64494753771e-08, 7.30792670822e-09, 3.0742688395e-09, 1.88776172472e-09, 1.54892410009e-09, 6.32476515605e-10, 5.07737962785e-10, 1.90560511815e-10, 1.09108881652e-10, 2.9453045558e-10, 1.66326466489e-10, 4.98203665822e-11, 3.0419111674e-11, 5.40499173196e-11, 7.62147636668e-11, 6.31102600734e-11, 5.4477655026e-11, 4.72254388373e-11, 4.21368773207e-11, 5.27960314356e-11, 5.18986208176e-11, 2.97059321586e-11, 7.8579295848e-12]
    },
    "mfcc": {
        "mean": [-603.318359375, 109.603172302, 9.90786552429, 7.19552135468, 1.88082575798, 7.31009864807, 4.73375415802, 5.74762868881, -0.16300329566, 5.68367290497, -6.99099731445, -0.220341563225, 3.35283088684],
        "cov": [[2555.51196289, -622.422912598, -114.303649902, -101.188682556, -129.632156372, -64.2555160522, -96.5888519287, -33.7215003967, -6.31266021729, -38.1455764771, -50.7499809265, -51.0416603088, -58.8651618958], [-622.422912598, 653.571350098, -169.452636719, 91.4817428589, 79.1469573975, -8.77464103699, 98.2630615234, 17.8614406586, -12.7875585556, 26.7944355011, -15.9445075989, -15.5216836929, -8.63547325134], [-114.303649902, -169.452636719, 466.929840088, 1.70487499237, 15.9500112534, 24.9647369385, -44.6791687012, -2.94919466972, 5.53931808472, -22.5222702026, 17.9031085968, 16.5633506775, 6.30679750443], [-101.188682556, 91.4817428589, 1.70487499237, 249.693023682, 59.3041915894, 5.0763759613, -6.99590539932, 19.9365310669, 21.2979106903, 12.7957143784, 8.65657329559, 52.5071601868, 23.898317337], [-129.632156372, 79.1469573975, 15.9500112534, 59.3041915894, 170.608032227, 15.7244281769, 40.7047996521, 24.0726890564, 31.2204113007, 6.44081544876, -3.38169598579, 31.2278938293, 10.4944992065], [-64.2555160522, -8.77464103699, 24.9647369385, 5.0763759613, 15.7244281769, 178.677749634, 84.6703338623, 35.6972236633, 16.5578670502, 24.2240753174, 36.0711402893, 3.45869159698, -0.146875813603], [-96.5888519287, 98.2630615234, -44.6791687012, -6.99590539932, 40.7047996521, 84.6703338623, 177.529998779, 52.5831832886, 9.2523059845, 43.2434577942, 15.5633640289, -3.12993550301, 4.54923439026], [-33.7215003967, 17.8614406586, -2.94919466972, 19.9365310669, 24.0726890564, 35.6972236633, 52.5831832886, 97.6524047852, 45.3030471802, 23.1733036041, 17.6257781982, 23.718711853, 14.5661745071], [-6.31266021729, -12.7875585556, 5.53931808472, 21.2979106903, 31.2204113007, 16.5578670502, 9.2523059845, 45.3030471802, 80.070640564, 21.0630970001, 14.4911661148, 21.784538269, 12.5561656952], [-38.1455764771, 26.7944355011, -22.5222702026, 12.7957143784, 6.44081544876, 24.2240753174, 43.2434577942, 23.1733036041, 21.0630970001, 96.7961349487, 40.0785751343, 10.9119300842, 20.4346942902], [-50.7499809265, -15.9445075989, 17.9031085968, 8.65657329559, -3.38169598579, 36.0711402893, 15.5633640289, 17.6257781982, 14.4911661148, 40.0785751343, 80.040397644, 34.3492431641, 18.9427700043], [-51.0416603088, -15.5216836929, 16.5633506775, 52.5071601868, 31.2278938293, 3.45869159698, -3.12993550301, 23.718711853, 21.784538269, 10.9119300842, 34.3492431641, 98.4843673706, 44.5310821533], [-58.8651618958, -8.63547325134, 6.30679750443, 23.898317337, 10.4944992065, -0.146875813603, 4.54923439026, 14.5661745071, 12.5561656952, 20.4346942902, 18.9427700043, 44.5310821533, 67.7792358398]],
