{
"lowlevel": {
    "average_loudness": 0.867909669876,
    "barkbands_crest": {
        "dmean": 2.51663327217,
        "dmean2": 4.18646144867,
        "dvar": 5.03232336044,
        "dvar2": 13.3918418884,
        "max": 23.6422252655,
        "mean": 12.6206293106,
        "median": 12.3941040039,
        "min": 3.43580818176,
        "var": 14.2710018158
    },
    "barkbands_flatness_db": {
        "dmean": 0.0245711393654,
        "dmean2": 0.0392056629062,
        "dvar": 0.000475607695989,
        "dvar2": 0.00111408554949,
        "max": 0.388275504112,
        "mean": 0.227432236075,
        "median": 0.228246018291,
        "min": 0.0978454127908,
        "var": 0.00246654148214
    },
    "barkbands_kurtosis": {
        "dmean": 6.4349565506,
        "dmean2": 10.5112333298,
        "dvar": 67.9711456299,
        "dvar2": 180.994995117,
        "max": 129.952590942,
        "mean": 15.3292751312,
        "median": 11.5510234833,
        "min": -1.92381966114,
        "var": 196.581253052
    },
    "barkbands_skewness": {
        "dmean": 0.656416475773,
        "dmean2": 1.06281578541,
        "dvar": 0.378474473953,
        "dvar2": 0.974368453026,
        "max": 9.26605033875,
        "mean": 2.96616697311,
        "median": 2.81424736977,
        "min": -0.472048163414,
        "var": 1.84873735905
    },
    "barkbands_spread": {
        "dmean": 2.91445946693,
        "dmean2": 4.54268074036,
        "dvar": 17.8573226929,
        "dvar2": 38.4695968628,
        "max": 73.1280822754,
        "mean": 9.41571903229,
        "median": 6.93746900558,
        "min": 0.679611444473,
        "var": 67.899887085
    },
    "dissonance": {
        "dmean": 0.0240399539471,
        "dmean2": 0.0413066484034,
        "dvar": 0.000448757404229,
        "dvar2": 0.00125169381499,
        "max": 0.499710321426,
        "mean": 0.443214416504,
        "median": 0.449699491262,
        "min": 0.276231169701,
        "var": 0.00123491475824
    },
    "dynamic_complexity": 3.44186019897,
    "erbbands_crest": {
        "dmean": 3.08006286621,
        "dmean2": 5.21307182312,
        "dvar": 7.18272924423,
        "dvar2": 21.4555969238,
        "max": 26.2770519257,
        "mean": 10.5173950195,
        "median": 9.8150138855,
        "min": 3.13461327553,
        "var": 16.7742061615
    },
    "erbbands_flatness_db": {
        "dmean": 0.0175194125623,
        "dmean2": 0.0266639310867,
        "dvar": 0.000246587966103,
        "dvar2": 0.000552282843273,
        "max": 0.348163992167,
        "mean": 0.210080519319,
        "median": 0.203112319112,
        "min": 0.119425155222,
        "var": 0.00178759847768
    },
    "erbbands_kurtosis": {
        "dmean": 1.96076607704,
        "dmean2": 3.24287128448,
        "dvar": 7.31153392792,
        "dvar2": 19.7331886292,
        "max": 33.3978614807,
        "mean": 2.9180495739,
        "median": 1.70098018646,
        "min": -1.90636026859,
        "var": 18.5542888641
    },
    "erbbands_skewness": {
        "dmean": 0.451628416777,
        "dmean2": 0.724369585514,
        "dvar": 0.18328858912,
        "dvar2": 0.484618276358,
        "max": 5.26202774048,
        "mean": 1.44184780121,
        "median": 1.43429780006,
        "min": -2.35205245018,
        "var": 0.900923609734
    },
    "erbbands_spread": {
        "dmean": 8.21443843842,
        "dmean2": 12.895614624,
        "dvar": 96.5423965454,
        "dvar2": 220.26020813,
        "max": 126.471427917,
        "mean": 34.0046882629,
        "median": 31.510351181,
        "min": 3.83399915695,
        "var": 330.215606689
    },
    "hfc": {
        "dmean": 3.48441052437,
        "dmean2": 4.99704313278,
        "dvar": 41.2432518005,
        "dvar2": 81.8904647827,
        "max": 93.9761810303,
        "mean": 10.6773681641,
        "median": 7.22344684601,
        "min": 0.110817804933,
        "var": 129.568695068
    },
    "melbands_crest": {
        "dmean": 3.37606048584,
        "dmean2": 5.73702096939,
        "dvar": 8.49870300293,
        "dvar2": 24.1571426392,
        "max": 30.9689311981,
        "mean": 15.4234075546,
        "median": 15.0211057663,
        "min": 6.28152418137,
        "var": 21.0428600311
    },
    "melbands_flatness_db": {
        "dmean": 0.0259643793106,
        "dmean2": 0.0397412255406,
        "dvar": 0.000606062996667,
        "dvar2": 0.00126929348335,
        "max": 0.443139672279,
        "mean": 0.263185411692,
        "median": 0.263290911913,
        "min": 0.0864819064736,
        "var": 0.00376965221949
    },
    "melbands_kurtosis": {
        "dmean": 11.9463367462,
        "dmean2": 19.6962413788,
        "dvar": 215.517440796,
        "dvar2": 583.770324707,
        "max": 211.316101074,
        "mean": 29.9026679993,
        "median": 22.7992553711,
        "min": -0.810803413391,
        "var": 605.979980469
    },
    "melbands_skewness": {
        "dmean": 0.817743182182,
        "dmean2": 1.29563975334,
        "dvar": 0.601949572563,
        "dvar2": 1.52140593529,
        "max": 9.72644996643,
        "mean": 3.75928974152,
        "median": 3.42162227631,
        "min": 0.462552964687,
        "var": 2.73969554901
    },
    "melbands_spread": {
        "dmean": 3.04098320007,
        "dmean2": 4.91381120682,
        "dvar": 35.1766700745,
        "dvar2": 93.7516555786,
        "max": 125.960906982,
        "mean": 8.84837722778,
        "median": 6.2309012413,
        "min": 0.888027310371,
        "var": 86.6360321045
    },
    "pitch_salience": {
        "dmean": 0.0748124197125,
        "dmean2": 0.125156924129,
        "dvar": 0.00447064777836,
        "dvar2": 0.0120141673833,
        "max": 0.854642212391,
        "mean": 0.577988862991,
        "median": 0.580188572407,
        "min": 0.188984334469,
        "var": 0.0108040207997
    },
    "silence_rate_20dB": {
        "dmean": 0,
        "dmean2": 0,
        "dvar": 0,
        "dvar2": 0,
        "max": 1,
        "mean": 1,
        "median": 1,
        "min": 1,
        "var": 0
    },
    "silence_rate_30dB": {
        "dmean": 0.012403100729,
        "dmean2": 0.0248254463077,
        "dvar": 0.0122490692884,
        "dvar2": 0.0257616601884,
        "max": 1,
        "mean": 0.987606525421,
        "median": 1,
        "min": 0,
        "var": 0.0122398398817
    },
    "silence_rate_60dB": {
        "dmean": 0.0325581394136,
        "dmean2": 0.0651667937636,
        "dvar": 0.0314982421696,
        "dvar2": 0.0686780884862,
        "max": 1,
        "mean": 0.108443066478,
        "median": 0,
        "min": 0,
        "var": 0.0966826155782
    },
    "spectral_centroid": {
        "dmean": 130.452209473,
        "dmean2": 207.152099609,
        "dvar": 34784.25,
        "dvar2": 85715.453125,
        "max": 3523.453125,
        "mean": 625.047851562,
        "median": 519.89666748,
        "min": 277.697631836,
        "var": 127198.1875
    },
    "spectral_complexity": {
        "dmean": 2.40465116501,
        "dmean2": 3.65942597389,
        "dvar": 10.7725954056,
        "dvar2": 20.2322883606,
        "max": 46,
        "mean": 12.3857479095,
        "median": 10,
        "min": 2,
        "var": 64.2744369507
    },
    "spectral_decrease": {
        "dmean": 2.25854845937e-09,
        "dmean2": 3.48393935923e-09,
        "dvar": 1.15914738296e-17,
        "dvar2": 2.34642635137e-17,
        "max": -7.48171524734e-11,
        "mean": -6.79170408802e-09,
        "median": -4.99282881705e-09,
        "min": -3.81513807213e-08,
        "var": 4.36489808918e-17
    },
    "spectral_energy": {
        "dmean": 0.00878153368831,
        "dmean2": 0.0135184908286,
        "dvar": 0.000175437264261,
        "dvar2": 0.000353290466592,
        "max": 0.146009147167,
        "mean": 0.0266019254923,
        "median": 0.0195902083069,
        "min": 0.000292651413474,
        "var": 0.00066287140362
    },
    "spectral_energyband_high": {
        "dmean": 0.000152751337737,
        "dmean2": 0.000223073526286,
        "dvar": 2.186151562e-07,
        "dvar2": 5.29607916633e-07,
        "max": 0.00638205464929,
        "mean": 0.000270415679552,
        "median": 8.35687897052e-05,
        "min": 2.79152061466e-07,
        "var": 2.76594505522e-07
    },
    "spectral_energyband_low": {
        "dmean": 0.0035343831405,
        "dmean2": 0.00542095396668,
        "dvar": 8.7415042799e-05,
        "dvar2": 0.000174621847691,
        "max": 0.125477567315,
        "mean": 0.00923297740519,
        "median": 0.0013365377672,
        "min": 5.84963436268e-06,
        "var": 0.000280980078969
    },
    "spectral_energyband_middle_high": {
        "dmean": 0.000693070527632,
        "dmean2": 0.00102108123247,
        "dvar": 2.05813421417e-06,
        "dvar2": 4.12811368733e-06,
        "max": 0.0281024836004,
        "mean": 0.0018750031013,
        "median": 0.000741641095374,
        "min": 9.99735948426e-06,
        "var": 9.07400317374e-06
    },
    "spectral_energyband_middle_low": {
        "dmean": 0.00657973904163,
        "dmean2": 0.0105807911605,
        "dvar": 8.92089228728e-05,
        "dvar2": 0.000211785518331,
        "max": 0.102005258203,
        "mean": 0.0159355383366,
        "median": 0.0124711869285,
        "min": 0.000214532919927,
        "var": 0.000211063263123
    },
    "spectral_entropy": {
        "dmean": 0.210589721799,
        "dmean2": 0.31186875701,
        "dvar": 0.0418260321021,
        "dvar2": 0.0806167125702,
        "max": 8.09626293182,
        "mean": 6.94217538834,
        "median": 6.97490596771,
        "min": 5.25427341461,
        "var": 0.289211183786
    },
    "spectral_flux": {
        "dmean": 0.0219104234129,
        "dmean2": 0.0349755994976,
        "dvar": 0.000760273251217,
        "dvar2": 0.00181737251114,
        "max": 0.329978972673,
        "mean": 0.0678246542811,
        "median": 0.0582802593708,
        "min": 0.00475554121658,
        "var": 0.00220739096403
    },
    "spectral_kurtosis": {
        "dmean": 3.1070432663,
        "dmean2": 5.0260181427,
        "dvar": 14.589012146,
        "dvar2": 37.5072860718,
        "max": 54.4086112976,
        "mean": 6.32781648636,
        "median": 4.13336610794,
        "min": -1.05454826355,
        "var": 48.6458244324
    },
    "spectral_rms": {
        "dmean": 0.000769081816543,
        "dmean2": 0.00118513673078,
        "dvar": 7.65084564591e-07,
        "dvar2": 1.53169412442e-06,
        "max": 0.0119351558387,
        "mean": 0.00453032646328,
        "median": 0.00437177298591,
        "min": 0.000534334685653,
        "var": 5.42926045455e-06
    },
    "spectral_rolloff": {
        "dmean": 163.184585571,
        "dmean2": 278.661254883,
        "dvar": 183430.578125,
        "dvar2": 428243.125,
        "max": 6869.09179688,
        "mean": 597.774841309,
        "median": 430.6640625,
        "min": 129.19921875,
        "var": 435424.375
    },
    "spectral_skewness": {
        "dmean": 0.333156645298,
        "dmean2": 0.499410867691,
        "dvar": 0.101529449224,
        "dvar2": 0.226803958416,
        "max": 5.8236489296,
        "mean": 1.87036979198,
        "median": 1.7080937624,
        "min": -0.406269788742,
        "var": 0.651331186295
    },
    "spectral_spread": {
        "dmean": 468747.40625,
        "dmean2": 669043.4375,
        "dvar": 306522750976,
        "dvar2": 522339942400,
        "max": 9847688,
        "mean": 3813952.75,
        "median": 3717008,
        "min": 1140185.75,
        "var": 1.22441131622e+12
    },
    "spectral_strongpeak": {
        "dmean": 0.295480877161,
        "dmean2": 0.504671633244,
        "dvar": 0.185400992632,
        "dvar2": 0.442745745182,
        "max": 6.69704532623,
        "mean": 0.613962054253,
        "median": 0.485548466444,
        "min": 0.035763759166,
        "var": 0.258628964424
    },
    "zerocrossingrate": {
        "dmean": 0.00615612883121,
        "dmean2": 0.00755832111463,
        "dvar": 5.22376321896e-05,
        "dvar2": 6.38595956843e-05,
        "max": 0.20654296875,
        "mean": 0.0329277813435,
        "median": 0.0283203125,
        "min": 0.0068359375,
        "var": 0.000386736763176
    },
    "barkbands": {
        "dmean": [3.00720366795e-05, 0.00188118463848, 0.0021223674994, 0.00078926893184, 0.00380815356039, 0.00286965700798, 0.00119946990162, 0.000416170951212, 0.000355342082912, 0.000211981678149, 0.000176061832462, 0.000158143418957, 0.000165381134138, 0.000158650698722, 0.000102818899904, 6.25982575002e-05, 6.78732903907e-05, 5.95679630351e-05, 3.49685942638e-05, 4.47668389825e-05, 4.02149489673e-05, 3.53849718522e-05, 2.76225764537e-05, 4.26669575972e-05, 9.14642077987e-06, 1.19516316843e-08, 7.17529902161e-09],
        "dmean2": [5.61570996069e-05, 0.00294828810729, 0.0033038596157, 0.00132092391141, 0.00646455632523, 0.00455572642386, 0.00200414611027, 0.000670192763209, 0.00058336375514, 0.000362844497431, 0.000287561357254, 0.000261722423602, 0.000267729396001, 0.000251645513345, 0.000141872093081, 0.000100334931631, 0.000103002028482, 9.33080227696e-05, 5.46208830201e-05, 6.95470735081e-05, 6.10328206676e-05, 5.49456162844e-05, 4.05601931561e-05, 6.60797450109e-05, 1.44733612615e-05, 1.96181293433e-08, 1.25342030088e-08],
        "dvar": [6.11019714825e-08, 2.18110253627e-05, 5.0276357797e-05, 4.07101424571e-06, 2.43906397372e-05, 2.41858524532e-05, 4.04037382395e-06, 1.26814745727e-06, 8.52812263474e-07, 3.90869416833e-07, 1.0052916366e-07, 1.4112572444e-07, 3.98504084842e-07, 3.04889368863e-07, 1.08422042899e-07, 3.65855186146e-08, 3.52107996093e-08, 2.14525446296e-08, 9.29887722378e-09, 8.54714610199e-09, 1.23636691995e-08, 1.43256739804e-08, 7.13235115413e-09, 2.10974313575e-08, 8.83563278098e-10, 5.16519844203e-15, 7.26185824933e-15],
        "dvar2": [1.84110575674e-07, 4.85593700432e-05, 0.000104743361589, 1.01088517113e-05, 7.15607311577e-05, 5.68518480577e-05, 1.13210217023e-05, 2.86671502181e-06, 1.95768234335e-06, 1.08133849608e-06, 2.58994759861e-07, 3.57939029527e-07, 9.87650537354e-07, 7.16337638096e-07, 1.70887489048e-07, 9.00042209651e-08, 7.50090691781e-08, 4.49208741315e-08, 2.15537951931e-08, 1.9359081449e-08, 3.00968210354e-08, 3.66012571362e-08, 1.56819375263e-08, 5.19927354503e-08, 2.19840834426e-09, 1.21909674331e-14, 1.68575514604e-14],
        "max": [0.00603425502777, 0.0579239279032, 0.0966486409307, 0.0245717875659, 0.0424472950399, 0.0529253929853, 0.0222842600197, 0.0251882374287, 0.0180296972394, 0.014391024597, 0.00307127088308, 0.00576648814604, 0.0131466379389, 0.0106819570065, 0.00918635074049, 0.00302786496468, 0.00390880322084, 0.00375179597177, 0.00230013672262, 0.00116210232954, 0.00143342942465, 0.00169207924046, 0.00181551137939, 0.00214185426012, 0.000322011532262, 1.34243384764e-06, 1.77649701527e-06],
        "mean": [2.33907339862e-05, 0.00484223524109, 0.00369272846729, 0.00107850588392, 0.00671795243397, 0.00472369464114, 0.00214937957935, 0.000632857263554, 0.000558409839869, 0.000285852205707, 0.000275364262052, 0.000235237181187, 0.000250008539297, 0.000242804482696, 0.000165011559147, 9.81296325335e-05, 0.000116245646495, 0.000122688928968, 6.90927045071e-05, 8.50698779686e-05, 7.08074585418e-05, 5.41302324564e-05, 4.76502827951e-05, 5.54533398827e-05, 9.20486945688e-06, 1.04639257259e-08, 4.83546980234e-09],
        "median": [1.73045134488e-06, 0.000450430903584, 0.000329821079504, 0.000282654771581, 0.00472206063569, 0.00244916416705, 0.00123852491379, 0.000183005657163, 0.000143934914377, 5.32240010216e-05, 0.000126582832308, 8.97709614947e-05, 6.30000795354e-05, 5.1527062169e-05, 2.9567432648e-05, 2.30796013057e-05, 3.27440648107e-05, 2.2950458515e-05, 1.95643133338e-05, 2.76586288237e-05, 2.19019639189e-05, 1.23401287055e-05, 1.31126462293e-05, 1.65498877323e-05, 1.39465794291e-06, 1.64213298515e-09, 2.69942984632e-10],
        "min": [6.67250477093e-10, 5.44421595805e-07, 6.27588519819e-07, 6.08540574376e-07, 8.49614880281e-05, 7.82456027082e-06, 1.05218771296e-06, 4.49679276926e-07, 2.90573126449e-07, 4.70590123314e-07, 1.14101260351e-06, 4.24937923071e-07, 3.02872848579e-07, 1.99140188784e-07, 1.22951689718e-07, 2.37575534356e-07, 7.69917889443e-08, 1.7823921894e-07, 7.63425873629e-08, 7.19016455264e-08, 3.73779371898e-08, 2.33929817739e-08, 2.9883963748e-08, 2.69571547307e-08, 1.52712165136e-09, 1.3489540214e-11, 8.93051865097e-12],
        "var": [3.20454027758e-08, 6.7909626523e-05, 0.000102782185422, 5.24731603946e-06, 4.14473324781e-05, 3.98590636905e-05, 7.14106317901e-06, 2.23411461775e-06, 1.6485296328e-06, 5.91474304201e-07, 1.58430552233e-07, 2.00216675239e-07, 6.25706945812e-07, 6.03062744631e-07, 3.7348743831e-07, 6.21346103458e-08, 7.81562974339e-08, 8.96145664342e-08, 1.79702688285e-08, 1.86290805004e-08, 1.70302687508e-08, 1.62487019395e-08, 1.28981678671e-08, 1.97555820591e-08, 8.16643974666e-10, 3.69948373625e-15, 4.90051462205e-15]
    },
    "erbbands": {
        "dmean": [0.0261581074446, 0.519855737686, 1.9519007206, 2.90684819221, 5.52530670166, 16.1864032745, 25.7374191284, 20.5707263947, 18.8950958252, 12.632853508, 6.61706256866, 8.02131843567, 6.71156263351, 5.69116735458, 6.57758426666, 5.68363809586, 6.62341403961, 7.75564670563, 5.75400018692, 4.65454626083, 3.5611948967, 3.74390053749, 3.46989202499, 1.9351297617, 1.84968900681, 2.28299999237, 1.33670592308, 1.92836308479, 1.30973064899, 0.922067463398, 0.791970551014, 0.964377224445, 0.645773887634, 0.199504002929, 0.0084118898958, 0.000414760957938, 3.87964173569e-05, 8.40484790388e-06, 5.64089395994e-06, 1.00386023405e-05],
        "dmean2": [0.0430005900562, 0.81525427103, 3.0754339695, 4.4434504509, 9.37509918213, 27.6506500244, 43.2598381042, 31.9808483124, 31.1523704529, 20.7417640686, 10.7158107758, 13.088807106, 11.1542625427, 9.22688865662, 10.5027647018, 9.4376745224, 10.5290517807, 12.2496757507, 8.35013103485, 6.57219839096, 5.47447013855, 5.6298828125, 5.46004867554, 2.89272856712, 2.89506816864, 3.54759502411, 2.02333235741, 3.00512051582, 2.0403149128, 1.32362020016, 1.19737875462, 1.48215711117, 1.03381955624, 0.314182221889, 0.0135102272034, 0.000657947326545, 6.00042294536e-05, 1.32421719172e-05, 8.51431286719e-06, 1.52518214236e-05],
        "dvar": [0.00483017321676, 1.63659000397, 38.9434661865, 67.8813018799, 103.192176819, 548.033874512, 1474.47180176, 1860.88513184, 1098.62683105, 717.297302246, 238.978302002, 396.363433838, 384.590118408, 272.32800293, 155.976394653, 210.170761108, 531.21105957, 875.928466797, 290.182739258, 271.048522949, 95.5545272827, 93.7707443237, 85.017829895, 24.7097511292, 16.8245620728, 22.7093200684, 8.812915802, 38.0265426636, 19.828868866, 7.44926548004, 5.75631427765, 9.57122325897, 6.17897415161, 0.435126453638, 0.00110565556679, 2.41935640588e-06, 3.15194306211e-08, 3.09159609024e-09, 2.64407162831e-10, 2.3476184885e-10],
        "dvar2": [0.0120414430276, 3.5773639679, 83.330619812, 149.447280884, 291.303894043, 1687.09790039, 4056.2109375, 4394.13427734, 2857.07788086, 1919.96643066, 581.657409668, 980.26550293, 884.383850098, 673.648254395, 394.12713623, 541.363464355, 1306.84033203, 2106.60595703, 480.667236328, 518.956359863, 201.867095947, 214.371078491, 194.961898804, 54.1286849976, 38.4592781067, 52.0596809387, 19.3506393433, 98.3838882446, 50.9304275513, 16.1053352356, 13.6393718719, 23.2103538513, 15.888463974, 1.08477437496, 0.00279547297396, 6.08411710346e-06, 7.68213936908e-08, 7.32976168649e-09, 6.16542650267e-10, 4.71804206814e-10],
        "max": [0.913169264793, 16.9927368164, 86.2852096558, 123.508735657, 104.613822937, 246.844299316, 370.041473389, 529.555603027, 430.273101807, 387.823791504, 247.15536499, 215.607162476, 424.644165039, 517.988891602, 146.246246338, 221.97895813, 662.389831543, 630.259216309, 504.244171143, 462.825958252, 192.583221436, 216.452865601, 254.015075684, 115.093566895, 51.5981559753, 63.0555801392, 33.1655349731, 77.6331481934, 65.8957595825, 60.1514205933, 35.8966903687, 33.902015686, 44.4479141235, 7.83745336533, 0.601767301559, 0.0247727315873, 0.00336994370446, 0.00113059009891, 0.000338141078828, 0.000159405113664],
        "mean": [0.0546262525022, 1.3614821434, 3.97343873978, 4.80430078506, 8.22457122803, 27.425031662, 38.1673774719, 37.0893440247, 33.8838195801, 22.2105922699, 11.558763504, 12.4279594421, 10.5974693298, 9.68435764313, 10.7483587265, 8.98482990265, 11.3033237457, 13.2964305878, 10.2215852737, 6.91127729416, 6.30323934555, 6.87671041489, 7.15611934662, 4.01936197281, 3.78847408295, 4.22894144058, 2.63869047165, 2.89992046356, 2.035810709, 1.58210194111, 1.32805514336, 1.33129167557, 0.790370643139, 0.210528507829, 0.00803455524147, 0.00042567611672, 4.86771059514e-05, 1.022691049e-05, 1.48610561155e-05, 3.04204058921e-05],
        "median": [0.00430713547394, 0.12777787447, 0.422916948795, 0.938623607159, 5.06263828278, 16.447265625, 24.1413326263, 17.417552948, 17.3353805542, 11.424331665, 3.71910309792, 3.44556927681, 2.60045862198, 3.16313862801, 5.16770219803, 3.33719205856, 3.20079088211, 2.80005145073, 1.94187486172, 1.37817537785, 1.72457337379, 1.99629294872, 1.39690732956, 0.937877058983, 1.27074491978, 1.29719781876, 0.834985971451, 0.835256695747, 0.510152161121, 0.363895773888, 0.361618638039, 0.407887458801, 0.216536030173, 0.0395798236132, 0.00122028030455, 8.52605517139e-05, 1.67026209965e-05, 3.16506861964e-06, 1.0461826605e-05, 2.25953717745e-05],
        "min": [1.92690022232e-05, 0.000231051599258, 0.00150983047206, 0.0104048745707, 0.0447113253176, 0.304233312607, 0.501086115837, 0.082753919065, 0.165848881006, 0.0638205856085, 0.0174734871835, 0.00739170797169, 0.0282475724816, 0.0447315685451, 0.0399686470628, 0.0263040158898, 0.018083140254, 0.0148420743644, 0.00637714611366, 0.0115542234853, 0.0130318887532, 0.00790711957961, 0.0117704365402, 0.0092616872862, 0.00425543170422, 0.00368953449652, 0.00169270043261, 0.00152237096336, 0.00159053539392, 0.00116125144996, 0.000886674155481, 0.000509692879859, 0.000321787229041, 6.48426866974e-05, 2.93894049719e-06, 6.40301152544e-07, 2.9450694683e-07, 4.97281575917e-08, 1.56175644861e-07, 3.33427550459e-07],
        "var": [0.00942461751401, 5.29626846313, 82.7815246582, 132.348464966, 105.850723267, 940.16809082, 1952.55554199, 3044.27050781, 2064.35522461, 1089.57800293, 448.118499756, 674.754638672, 731.569396973, 571.651550293, 260.741424561, 293.786895752, 1074.65234375, 2052.26367188, 1088.02783203, 549.506896973, 220.740951538, 225.166000366, 327.894439697, 65.5082015991, 37.9637031555, 47.6973381042, 17.7715396881, 39.5709228516, 22.0408821106, 15.0588979721, 8.78847503662, 9.65505886078, 5.12776279449, 0.395661890507, 0.000954161689151, 2.11676228901e-06, 2.45587639114e-08, 2.21232676623e-09, 3.4835509477e-10, 8.6515289377e-10]
    },
    "gfcc": {
        "mean": [-74.0226669312, 149.287597656, -128.401489258, 50.8490257263, -87.6560287476, 2.13984584808, -45.4829940796, -22.2269058228, -10.5059757233, -24.133928299, 13.6418972015, -17.5079917908, 9.77360439301],
        "cov": [[6343.36572266, -462.64932251, -328.412078857, 638.609008789, 251.430038452, 688.332458496, 295.278167725, 634.380737305, 266.187744141, 386.081878662, 118.637176514, -100.412887573, -68.161277771], [-462.64932251, 759.452941895, 145.011016846, -214.343490601, 299.139343262, -35.6453475952, 214.458282471, -19.6567821503, 142.791351318, -3.65276312828, 91.0954284668, -50.2356643677, -0.634823560715], [-328.412078857, 145.011016846, 493.360839844, 158.641998291, 46.2505683899, 87.5525283813, 107.076927185, 40.1255493164, -15.0517339706, 54.6018218994, 31.7620124817, 10.4853916168, 29.7958431244], [638.609008789, -214.343490601, 158.641998291, 388.881744385, 22.8450870514, 132.786804199, 54.1363258362, 108.247200012, 16.1918449402, 65.8239212036, 14.0122127533, 15.2124786377, -4.83805322647], [251.430038452, 299.139343262, 46.2505683899, 22.8450870514, 257.754394531, 53.180480957, 104.274467468, 48.1373138428, 102.195251465, 24.7391643524, 55.7001037598, -32.4088554382, -19.6802482605], [688.332458496, -35.6453475952, 87.5525283813, 132.786804199, 53.180480957, 222.779312134, 106.659011841, 110.253860474, 31.6118278503, 85.5653839111, 32.1925582886, -19.881565094, -9.13485908508], [295.278167725, 214.458282471, 107.076927185, 54.1363258362, 104.274467468, 106.659011841, 199.733657837, 76.7839355469, 59.5392608643, 52.958732605, 45.3370819092, -13.8621959686, -3.38102221489], [634.380737305, -19.6567821503, 40.1255493164, 108.247200012, 48.1373138428, 110.253860474, 76.7839355469, 169.158859253, 52.9810676575, 54.6087493896, 21.8308944702, -9.35058403015, -3.50056052208], [266.187744141, 142.791351318, -15.0517339706, 16.1918449402, 102.195251465, 31.6118278503, 59.5392608643, 52.9810676575, 115.027580261, 31.1609745026, 26.9953403473, -19.2393665314, -19.35105896], [386.081878662, -3.65276312828, 54.6018218994, 65.8239212036, 24.7391643524, 85.5653839111, 52.958732605, 54.6087493896, 31.1609745026, 89.6729660034, 30.2961597443, -13.9214115143, -0.592578887939], [118.637176514, 91.0954284668, 31.7620124817, 14.0122127533, 55.7001037598, 32.1925582886, 45.3370819092, 21.8308944702, 26.9953403473, 30.2961597443, 57.2401580811, 0.307568639517, -4.65226650238], [-100.412887573, -50.2356643677, 10.4853916168, 15.2124786377, -32.4088554382, -19.881565094, -13.8621959686, -9.35058403015, -19.2393665314, -13.9214115143, 0.307568639517, 51.7332649231, 19.3103275299], [-68.161277771, -0.634823560715, 29.7958431244, -4.83805322647, -19.6802482605, -9.13485908508, -3.38102221489, -3.50056052208, -19.35105896, -0.592578887939, -4.65226650238, 19.3103275299, 50.6842193604]],
        "icov": [[0.000461023388198, 0.000189489626791, 0.000689586682711, -0.000338828773238, -0.000325434812112, -0.000549149583094, -0.000102653852082, -0.000844931346364, -1.69154664036e-05, -0.000886088702828, -7.17367074685e-05, 0.000288558483589, -0.000239246248384], [0.000189489626791, 0.0227449648082, -0.00782823562622, 0.0131689002737, -0.0131392506883, 0.00851496867836, -0.018297592178, 0.00543492147699, -0.0140217840672, 0.00980035401881, -0.0144452182576, 0.0122485347092, -0.00924507528543], [0.000689586682711, -0.00782823562622, 0.00686510745436, -0.00636368338019, 0.00363877858035, -0.00376414065249, 0.00491893244907, -0.00281964568421, 0.0065475134179, -0.00583035778254, 0.00466252304614, -0.00381370470859, 0.00136656872928], [-0.000338828773238, 0.0131689002737, -0.00636368338019, 0.0122678438202, -0.00783891323954, 0.00410098349676, -0.0097585497424, 0.00232193456031, -0.00799023080617, 0.00513066491112, -0.006798888091, 0.00396332144737, -0.00329864607193], [-0.000325434812112, -0.0131392506883, 0.00363877858035, -0.00783891323954, 0.0160458981991, -0.00532474368811, 0.00896825548261, -0.00204793433659, 0.00208696443588, -0.000962215650361, 0.00243779690936, -0.0029071001336, 0.00435488251969], [-0.000549149583094, 0.00851496867836, -0.00376414065249, 0.00410098349676, -0.00532474368811, 0.0146267572418, -0.00989184528589, -0.000190558363101, -0.00227851420641, -0.00117879360914, -0.00493681663647, 0.00585986673832, -0.00170137314126], [-0.000102653852082, -0.018297592178, 0.00491893244907, -0.0097585497424, 0.00896825548261, -0.00989184528589, 0.0242786873132, -0.00575096812099, 0.00923125818372, -0.00784775055945, 0.00920364446938, -0.0101054348052, 0.00685902684927], [-0.000844931346364, 0.00543492147699, -0.00281964568421, 0.00232193456031, -0.00204793433659, -0.000190558363101, -0.00575096812099, 0.0138431536034, -0.0073779663071, 0.00365760480054, -0.00328676309437, 0.00271922838874, -0.00355787435547], [-1.69154664036e-05, -0.0140217840672, 0.0065475134179, -0.00799023080617, 0.00208696443588, -0.00227851420641, 0.00923125818372, -0.0073779663071, 0.0266716759652, -0.0117705324665, 0.00990756135434, -0.00797887146473, 0.00969057809561], [-0.000886088702828, 0.00980035401881, -0.00583035778254, 0.00513066491112, -0.000962215650361, -0.00117879360914, -0.00784775055945, 0.00365760480054, -0.0117705324665, 0.0304743424058, -0.0166730899364, 0.0119691044092, -0.00823680218309], [-7.17367074685e-05, -0.0144452182576, 0.00466252304614, -0.006798888091, 0.00243779690936, -0.00493681663647, 0.00920364446938, -0.00328676309437, 0.00990756135434, -0.0166730899364, 0.0391250997782, -0.0164623558521, 0.010227445513], [0.000288558483589, 0.0122485347092, -0.00381370470859, 0.00396332144737, -0.0029071001336, 0.00585986673832, -0.0101054348052, 0.00271922838874, -0.00797887146473, 0.0119691044092, -0.0164623558521, 0.0357137210667, -0.0154213216156], [-0.000239246248384, -0.00924507528543, 0.00136656872928, -0.00329864607193, 0.00435488251969, -0.00170137314126, 0.00685902684927, -0.00355787435547, 0.00969057809561, -0.00823680218309, 0.010227445513, -0.0154213216156, 0.0301880855113]]
    },
    "melbands": {
        "dmean": [0.00039700610796, 0.000885857618414, 0.000496756634675, 0.000787879165728, 0.000828482501674, 0.00047236867249, 0.000276720500551, 0.000129159598146, 5.32933554496e-05, 5.04671952513e-05, 3.43517931469e-05, 2.4501741791e-05, 2.63479741989e-05, 1.53577166202e-05, 1.67039906955e-05, 1.6130386939e-05, 1.52018510562e-05, 1.08472904685e-05, 7.09667210685e-06, 4.66434948976e-06, 4.5237775339e-06, 4.52636459158e-06, 3.4317142763e-06, 3.00316696666e-06, 1.61557215961e-06, 1.34213053116e-06, 1.74856893409e-06, 1.4601582734e-06, 8.55497376051e-07, 7.89505634202e-07, 1.38780114867e-06, 7.95833841494e-07, 6.36732124804e-07, 4.89295246098e-07, 4.3565179908e-07, 6.04917715918e-07, 5.80346693368e-07, 4.94863400036e-07, 3.54445433004e-07, 9.97749367571e-08],
        "dmean2": [0.000628446519841, 0.00137425167486, 0.000766685639974, 0.00133718375582, 0.0013912912691, 0.000735483714379, 0.000454409862868, 0.000210761936614, 8.75388795976e-05, 8.14037412056e-05, 5.75670346734e-05, 4.0281618567e-05, 4.30990803579e-05, 2.52969202847e-05, 2.6637713745e-05, 2.61808654614e-05, 2.41246325459e-05, 1.61497318913e-05, 9.93432604446e-06, 7.14233146937e-06, 7.01134695191e-06, 7.00362215866e-06, 5.29194767296e-06, 4.66800338472e-06, 2.42863507083e-06, 2.07683956432e-06, 2.76355308415e-06, 2.31167314269e-06, 1.30118962716e-06, 1.20531785797e-06, 2.24084169531e-06, 1.26177781112e-06, 9.77465560936e-07, 7.05618219854e-07, 6.65491995733e-07, 9.40126312798e-07, 9.07633364022e-07, 8.04947944744e-07, 5.64922686408e-07, 1.61027656986e-07],
        "dvar": [1.00611430298e-06, 6.33631725577e-06, 1.69333554823e-06, 1.29043064589e-06, 1.28701583435e-06, 8.528539297e-07, 2.37521803115e-07, 8.62325251205e-08, 1.47393981464e-08, 1.61666235954e-08, 9.79548619995e-09, 5.46279821378e-09, 2.33654184889e-09, 1.33255628754e-09, 2.1388772975e-09, 3.40678529831e-09, 3.76730913132e-09, 1.00664920843e-09, 5.41340305915e-10, 2.64035376896e-10, 1.54218429693e-10, 1.37900024733e-10, 8.59957313692e-11, 5.26636546871e-11, 1.91709269987e-11, 1.20614750826e-11, 1.34295994464e-11, 9.37715270016e-12, 3.18313929902e-12, 3.44065444538e-12, 2.34148776757e-11, 6.88612231473e-12, 4.65044409231e-12, 2.06650603747e-12, 1.76279401232e-12, 3.57719821646e-12, 3.49161520009e-12, 4.21840904222e-12, 1.4166552046e-12, 1.259065687e-13],
        "dvar2": [2.31904687098e-06, 1.32041295728e-05, 3.6987328258e-06, 3.87132831747e-06, 3.5893194763e-06, 2.00892804969e-06, 6.12009898759e-07, 2.2173858838e-07, 3.76308335603e-08, 3.81786620096e-08, 2.27075567238e-08, 1.38769928881e-08, 6.11133099682e-09, 3.39616601508e-09, 4.91724838625e-09, 8.12954503715e-09, 9.33832389194e-09, 1.9097441406e-09, 9.44792799551e-10, 6.41534603218e-10, 3.03393143941e-10, 3.18854304071e-10, 2.11314507559e-10, 1.10599987502e-10, 4.40518801992e-11, 2.85477908674e-11, 3.02169574085e-11, 2.22920536197e-11, 7.10901172998e-12, 7.52782471775e-12, 6.29988283762e-11, 1.79174505094e-11, 1.17077823131e-11, 3.86096970367e-12, 4.09409528848e-12, 8.97704827141e-12, 8.30756557296e-12, 1.10751937135e-11, 3.52556330484e-12, 3.15594528592e-13],
        "max": [0.0121965296566, 0.0348538979888, 0.0183496903628, 0.00945653393865, 0.0105273900554, 0.0111080165952, 0.00635741138831, 0.00523393647745, 0.00195072800852, 0.00207306072116, 0.00212320033461, 0.00231908657588, 0.000466528552352, 0.000512022874318, 0.00120150425937, 0.00135845609475, 0.00126882083714, 0.000681507459376, 0.000655046605971, 0.000273197132628, 0.000293404940749, 0.000186951147043, 0.000237733183894, 0.000224915187573, 0.000108308064227, 6.8202651164e-05, 4.33700151916e-05, 3.94338530896e-05, 1.87216955965e-05, 2.1503350581e-05, 5.97462385485e-05, 3.46728556906e-05, 3.57394092134e-05, 4.23305755248e-05, 2.35342504311e-05, 2.95239879051e-05, 2.11040878639e-05, 3.91245957871e-05, 1.30161997731e-05, 4.56494990431e-06],
        "mean": [0.000950929534156, 0.00216331146657, 0.000845663482323, 0.00130527175497, 0.00136930728331, 0.000839940330479, 0.000496583408676, 0.000217829787289, 8.73690078151e-05, 7.7596938354e-05, 5.23195521964e-05, 3.90085879189e-05, 4.11294531659e-05, 2.2690910555e-05, 2.5242981792e-05, 2.64594527835e-05, 2.41053348873e-05, 1.73077787622e-05, 1.07833320726e-05, 6.67273343424e-06, 7.57945599617e-06, 7.29160774426e-06, 6.6196635089e-06, 5.79247989663e-06, 2.94207347906e-06, 2.58102750195e-06, 3.13050691148e-06, 2.60873798652e-06, 1.61443836078e-06, 1.43546708387e-06, 1.84925852409e-06, 1.17135641631e-06, 9.69420170804e-07, 8.34609295453e-07, 7.30537863092e-07, 8.42315557747e-07, 7.7883061067e-07, 6.02196905675e-07, 3.89107441379e-07, 9.46792582113e-08],
        "median": [7.99185945652e-05, 0.00023655797122, 0.000203485848033, 0.000860408821609, 0.000933364033699, 0.000415171147324, 0.000258229236351, 0.000101008168713, 2.51814126386e-05, 1.94417389139e-05, 1.23172176245e-05, 1.21142802527e-05, 1.94978783838e-05, 8.15182011138e-06, 8.36657272885e-06, 6.20810942564e-06, 4.83310122945e-06, 3.30500483869e-06, 1.78196967227e-06, 1.39276971822e-06, 2.05995524993e-06, 2.1456057766e-06, 1.28120041154e-06, 1.10093708372e-06, 6.6177261715e-07, 7.01446708717e-07, 9.6720862075e-07, 8.12638120351e-07, 5.43638350337e-07, 3.95679535359e-07, 5.08303457991e-07, 3.00520810015e-07, 2.07438574762e-07, 2.00008955176e-07, 1.8907515198e-07, 2.41305656346e-07, 2.29955631426e-07, 1.74990816504e-07, 8.04944946253e-08, 1.23856391809e-08],
        "min": [1.53598520569e-07, 4.40502702759e-07, 2.7071803288e-06, 5.93261393078e-06, 1.98245525098e-05, 1.30905459628e-06, 1.73037028617e-06, 9.17863758332e-07, 9.21553748867e-08, 3.56690996739e-08, 1.2602528443e-07, 1.64818246162e-07, 1.62889008948e-07, 5.28764019236e-08, 3.11451913149e-08, 3.35549614761e-08, 2.21304841119e-08, 5.85020387689e-09, 8.01126986971e-09, 1.3731992432e-08, 1.25333272649e-08, 4.51931070344e-09, 8.21564771769e-09, 6.55376375391e-09, 2.73045386301e-09, 3.57724205813e-09, 2.74467715222e-09, 2.23789409226e-09, 8.7821394601e-10, 8.1724643719e-10, 9.04037511518e-10, 1.04170594373e-09, 4.62621503605e-11, 6.94185986472e-10, 3.64744928705e-10, 2.35686803407e-10, 2.69977096234e-10, 1.97752897391e-10, 1.72830999512e-10, 5.54336004183e-12],
        "var": [2.67200630333e-06, 1.71430965565e-05, 3.38636527886e-06, 1.95126767721e-06, 1.9635431272e-06, 1.43361523897e-06, 4.502780655e-07, 1.32296747779e-07, 2.52634375641e-08, 3.01731546415e-08, 1.83735622272e-08, 1.08222186768e-08, 3.52590623365e-09, 1.92244353769e-09, 3.86392917662e-09, 6.71972166799e-09, 7.47262429712e-09, 2.90861335017e-09, 1.52214352234e-09, 3.77003928076e-10, 3.70289965357e-10, 2.615662964e-10, 2.97766061808e-10, 2.01437491687e-10, 3.89633152131e-11, 2.45769966878e-11, 2.75196636312e-11, 1.8279705874e-11, 6.69072870024e-12, 6.38009523685e-12, 2.06143383613e-11, 7.50950603784e-12, 5.43650714724e-12, 5.09667308357e-12, 3.0925375108e-12, 3.62919264953e-12, 3.55177931337e-12, 3.31005275273e-12, 1.27244883467e-12, 1.1184512382e-13]
    },
    "mfcc": {
        "mean": [-695.222351074, 143.439239502, 21.8928756714, 24.8315963745, -4.11515235901, 1.47425103188, -11.8903198242, -7.11330080032, -18.7986373901, -8.05645084381, -14.2770452499, 3.96737241745, -6.22261667252],
        "cov": [[6877.66259766, -851.46307373, -336.169830322, 172.582489014, 216.784790039, 276.430755615, 310.99017334, 317.22467041, 284.882141113, 558.033874512, 395.88079834, 201.984817505, 80.8369979858], [-851.46307373, 991.828369141, -90.403755188, -85.6699752808, 61.3896980286, 21.3656864166, 76.0901107788, 12.5588741302, 36.5318603516, 64.4734268188, 41.098613739, 72.6875762939, 10.1389665604], [-336.169830322, -90.403755188, 456.063079834, 124.291313171, -3.09986829758, 68.4286956787, 113.643104553, 2.785364151, 67.3077850342, -25.7344360352, 14.7075901031, 33.6663284302, 37.6158294678], [172.582489014, -85.6699752808, 124.291313171, 228.83303833, 63.5392074585, 51.0285987854, 43.9894943237, 50.912979126, 41.4743003845, 23.4166431427, 23.8169288635, 35.439666748, 41.4886016846], [216.784790039, 61.3896980286, -3.09986829758, 63.5392074585, 152.352859497, 35.6675872803, 26.6682529449, 37.2828063965, 23.7943496704, 57.7365837097, 40.8246421814, 23.9471054077, 13.2328109741], [276.430755615, 21.3656864166, 68.4286956787, 51.0285987854, 35.6675872803, 149.379608154, 80.1866073608, 29.2435474396, 34.6473808289, 58.83020401, 48.0092010498, 43.8191070557, 18.4650268555], [310.99017334, 76.0901107788, 113.643104553, 43.9894943237, 26.6682529449, 80.1866073608, 171.00843811, 48.8473243713, 66.488822937, 57.5283546448, 58.2808456421, 52.5819892883, 31.1271743774], [317.22467041, 12.5588741302, 2.785364151, 50.912979126, 37.2828063965, 29.2435474396, 48.8473243713, 109.401771545, 43.2441825867, 54.9292678833, 47.4370346069, 23.257101059, 15.6861572266], [284.882141113, 36.5318603516, 67.3077850342, 41.4743003845, 23.7943496704, 34.6473808289, 66.488822937, 43.2441825867, 105.193534851, 47.7869796753, 39.3822784424, 33.3516311646, 24.6495819092], [558.033874512, 64.4734268188, -25.7344360352, 23.4166431427, 57.7365837097, 58.83020401, 57.5283546448, 54.9292678833, 47.7869796753, 157.930862427, 78.3107833862, 36.2590103149, 12.0528936386], [395.88079834, 41.098613739, 14.7075901031, 23.8169288635, 40.8246421814, 48.0092010498, 58.2808456421, 47.4370346069, 39.3822784424, 78.3107833862, 103.793930054, 39.3609657288, 10.097910881], [201.984817505, 72.6875762939, 33.6663284302, 35.439666748, 23.9471054077, 43.8191070557, 52.5819892883, 23.257101059, 33.3516311646, 36.2590103149, 39.3609657288, 78.0140228271, 26.7623615265], [80.8369979858, 10.1389665604, 37.6158294678, 41.4886016846, 13.2328109741, 18.4650268555, 31.1271743774, 15.6861572266, 24.6495819092, 12.0528936386, 10.097910881, 26.7623615265, 55.77394104]],
