{
"lowlevel": {
    "average_loudness": 0.940471827984,
    "barkbands_crest": {
        "dmean": 2.6378865242,
        "dmean2": 4.19040346146,
        "dvar": 6.66615915298,
        "dvar2": 15.9741954803,
        "max": 26.3425140381,
        "mean": 9.6346540451,
        "median": 8.80339622498,
        "min": 2.71481966972,
        "var": 18.5932826996
    },
    "barkbands_flatness_db": {
        "dmean": 0.0271006301045,
        "dmean2": 0.0370008721948,
        "dvar": 0.000797287735622,
        "dvar2": 0.00159903045278,
        "max": 0.477614074945,
        "mean": 0.140664517879,
        "median": 0.128629148006,
        "min": 0.0196902174503,
        "var": 0.00410904502496
    },
    "barkbands_kurtosis": {
        "dmean": 3.67218160629,
        "dmean2": 5.58114862442,
        "dvar": 108.641220093,
        "dvar2": 207.16557312,
        "max": 204.760604858,
        "mean": 4.12504816055,
        "median": 1.16223573685,
        "min": -1.92406189442,
        "var": 169.549804688
    },
    "barkbands_skewness": {
        "dmean": 0.629091858864,
        "dmean2": 0.923909127712,
        "dvar": 0.746228814125,
        "dvar2": 1.47772121429,
        "max": 13.0329504013,
        "mean": 1.25446116924,
        "median": 1.07301568985,
        "min": -4.20600938797,
        "var": 1.75730276108
    },
    "barkbands_spread": {
        "dmean": 6.61740398407,
        "dmean2": 9.94771766663,
        "dvar": 99.9595413208,
        "dvar2": 235.984634399,
        "max": 118.644599915,
        "mean": 20.9958820343,
        "median": 17.41614151,
        "min": 0.334074020386,
        "var": 231.683242798
    },
    "dissonance": {
        "dmean": 0.0248008705676,
        "dmean2": 0.0406003817916,
        "dvar": 0.000732661923394,
        "dvar2": 0.00190788635518,
        "max": 0.5,
        "mean": 0.447720080614,
        "median": 0.458790242672,
        "min": 0.176798045635,
        "var": 0.00176697317511
    },
    "dynamic_complexity": 2.04176545143,
    "erbbands_crest": {
        "dmean": 2.85972905159,
        "dmean2": 4.55303764343,
        "dvar": 8.35526752472,
        "dvar2": 20.3251056671,
        "max": 30.2211437225,
        "mean": 10.2551107407,
        "median": 9.41076850891,
        "min": 2.39248561859,
        "var": 22.4011516571
    },
    "erbbands_flatness_db": {
        "dmean": 0.025292692706,
        "dmean2": 0.0336963012815,
        "dvar": 0.000741977186408,
        "dvar2": 0.0013886874076,
        "max": 0.4060113132,
        "mean": 0.178606599569,
        "median": 0.175156071782,
        "min": 0.0458317622542,
        "var": 0.00314133171923
    },
    "erbbands_kurtosis": {
        "dmean": 1.40469920635,
        "dmean2": 2.19545388222,
        "dvar": 10.3601837158,
        "dvar2": 21.8956489563,
        "max": 104.436813354,
        "mean": 1.16006529331,
        "median": 0.128677845001,
        "min": -1.80031871796,
        "var": 16.1512050629
    },
    "erbbands_skewness": {
        "dmean": 0.457265138626,
        "dmean2": 0.666523516178,
        "dvar": 0.296097457409,
        "dvar2": 0.574978768826,
        "max": 7.83892440796,
        "mean": 0.467366605997,
        "median": 0.464380145073,
        "min": -4.4813952446,
        "var": 0.92248404026
    },
    "erbbands_spread": {
        "dmean": 8.75299263,
        "dmean2": 13.3306503296,
        "dvar": 149.430923462,
        "dvar2": 345.266815186,
        "max": 163.245346069,
        "mean": 32.8652572632,
        "median": 28.7520065308,
        "min": 1.29449367523,
        "var": 353.212524414
    },
    "hfc": {
        "dmean": 7.78720378876,
        "dmean2": 11.4950504303,
        "dvar": 182.978668213,
        "dvar2": 398.556854248,
        "max": 220.559494019,
        "mean": 28.2287025452,
        "median": 26.3837165833,
        "min": 1.19364279974e-16,
        "var": 454.932037354
    },
    "melbands_crest": {
        "dmean": 3.39548301697,
        "dmean2": 5.34174537659,
        "dvar": 12.3574399948,
        "dvar2": 30.4034252167,
        "max": 33.395980835,
        "mean": 12.6922922134,
        "median": 11.300819397,
        "min": 1.63578391075,
        "var": 31.3097324371
    },
    "melbands_flatness_db": {
        "dmean": 0.0319242067635,
        "dmean2": 0.0436082556844,
        "dvar": 0.00126309285406,
        "dvar2": 0.00249318173155,
        "max": 0.622517824173,
        "mean": 0.201169639826,
        "median": 0.188090249896,
        "min": 0.00438050599769,
        "var": 0.00620937999338
    },
    "melbands_kurtosis": {
        "dmean": 7.35394144058,
        "dmean2": 11.4654769897,
        "dvar": 416.893798828,
        "dvar2": 976.400817871,
        "max": 438.837554932,
        "mean": 10.3005437851,
        "median": 4.57626724243,
        "min": -1.87465405464,
        "var": 549.489746094
    },
    "melbands_skewness": {
        "dmean": 0.761163115501,
        "dmean2": 1.14141714573,
        "dvar": 1.20321190357,
        "dvar2": 2.68808102608,
        "max": 16.4180698395,
        "mean": 2.06195783615,
        "median": 1.7650141716,
        "min": -0.920575082302,
        "var": 2.50643253326
    },
    "melbands_spread": {
        "dmean": 8.92250156403,
        "dmean2": 13.4286298752,
        "dvar": 334.378753662,
        "dvar2": 643.560058594,
        "max": 277.573730469,
        "mean": 25.7886161804,
        "median": 21.3746147156,
        "min": 0.443947970867,
        "var": 672.022033691
    },
    "pitch_salience": {
        "dmean": 0.0717202574015,
        "dmean2": 0.11309119314,
        "dvar": 0.00506744161248,
        "dvar2": 0.0115044321865,
        "max": 0.863725483418,
        "mean": 0.579932451248,
        "median": 0.591187477112,
        "min": 0.121157996356,
        "var": 0.0154509069398
    },
    "silence_rate_20dB": {
        "dmean": 0,
        "dmean2": 0,
        "dvar": 0,
        "dvar2": 0,
        "max": 1,
        "mean": 1,
        "median": 1,
        "min": 1,
        "var": 0
    },
    "silence_rate_30dB": {
        "dmean": 0,
        "dmean2": 0,
        "dvar": 0,
        "dvar2": 0,
        "max": 1,
        "mean": 1,
        "median": 1,
        "min": 1,
        "var": 0
    },
    "silence_rate_60dB": {
        "dmean": 0.018554309383,
        "dmean2": 0.0371229685843,
        "dvar": 0.0182096678764,
        "dvar2": 0.0388391315937,
        "max": 1,
        "mean": 0.0374806784093,
        "median": 0,
        "min": 0,
        "var": 0.0360759906471
    },
    "spectral_centroid": {
        "dmean": 271.085388184,
        "dmean2": 393.559448242,
        "dvar": 219996.71875,
        "dvar2": 386219.125,
        "max": 11367.6796875,
        "mean": 1254.36608887,
        "median": 1175.31103516,
        "min": 189.362731934,
        "var": 544415.4375
    },
    "spectral_complexity": {
        "dmean": 3.79590249062,
        "dmean2": 5.50502729416,
        "dvar": 16.3618392944,
        "dvar2": 31.6375923157,
        "max": 58,
        "mean": 21.7221794128,
        "median": 19,
        "min": 0,
        "var": 163.204437256
    },
    "spectral_decrease": {
        "dmean": 2.18430207255e-09,
        "dmean2": 3.48030182451e-09,
        "dvar": 1.32025834348e-17,
        "dvar2": 3.51052838077e-17,
        "max": 1.02610184583e-29,
        "mean": -7.78913289423e-09,
        "median": -7.69081776042e-09,
        "min": -3.55013582976e-08,
        "var": 2.09520084599e-17
    },
    "spectral_energy": {
        "dmean": 0.0085089020431,
        "dmean2": 0.0135606303811,
        "dvar": 0.000191995219211,
        "dvar2": 0.000512139173225,
        "max": 0.135992988944,
        "mean": 0.0319584198296,
        "median": 0.0318085774779,
        "min": 1.07983630675e-20,
        "var": 0.000321058789268
    },
    "spectral_energyband_high": {
        "dmean": 0.000620327889919,
        "dmean2": 0.000878059130628,
        "dvar": 2.21684194912e-06,
        "dvar2": 4.10686061514e-06,
        "max": 0.0216798763722,
        "mean": 0.00118080794346,
        "median": 0.00045509939082,
        "min": 7.69015194427e-21,
        "var": 5.36897732673e-06
    },
    "spectral_energyband_low": {
        "dmean": 0.00458211032674,
        "dmean2": 0.00749639933929,
        "dvar": 0.000176526649739,
        "dvar2": 0.000462246971438,
        "max": 0.117451898754,
        "mean": 0.00698980502784,
        "median": 0.00404529459774,
        "min": 5.32902047203e-23,
        "var": 0.000154951121658
    },
    "spectral_energyband_middle_high": {
        "dmean": 0.00241785566323,
        "dmean2": 0.00348208216019,
        "dvar": 1.04107639345e-05,
        "dvar2": 2.15147374547e-05,
        "max": 0.0403608456254,
        "mean": 0.00759292719886,
        "median": 0.00647797668353,
        "min": 1.75468231988e-21,
        "var": 4.22196389991e-05
    },
    "spectral_energyband_middle_low": {
        "dmean": 0.00522606307641,
        "dmean2": 0.00810459256172,
        "dvar": 3.43747633451e-05,
        "dvar2": 8.6223881226e-05,
        "max": 0.0575703307986,
        "mean": 0.0174463856965,
        "median": 0.0163798686117,
        "min": 2.55638340677e-22,
        "var": 0.000120597112982
    },
    "spectral_entropy": {
        "dmean": 0.243160292506,
        "dmean2": 0.321330577135,
        "dvar": 0.0907492116094,
        "dvar2": 0.166829556227,
        "max": 9.80716514587,
        "mean": 7.42065382004,
        "median": 7.54624843597,
        "min": 4.65892553329,
        "var": 0.389892429113
    },
    "spectral_flux": {
        "dmean": 0.0292611345649,
        "dmean2": 0.0445003174245,
        "dvar": 0.00118871533778,
        "dvar2": 0.00258677732199,
        "max": 0.349138230085,
        "mean": 0.0899188742042,
        "median": 0.0802644938231,
        "min": 1.03915175076e-10,
        "var": 0.00244892551564
    },
    "spectral_kurtosis": {
        "dmean": 2.90410447121,
        "dmean2": 4.52802228928,
        "dvar": 30.3751144409,
        "dvar2": 62.7808036804,
        "max": 143.950515747,
        "mean": 6.23586606979,
        "median": 4.08720350266,
        "min": -1.25072383881,
        "var": 80.2525177002
    },
    "spectral_rms": {
        "dmean": 0.000724551791791,
        "dmean2": 0.0011006629793,
        "dvar": 9.53701714934e-07,
        "dvar2": 2.3071522719e-06,
        "max": 0.0115185100585,
        "mean": 0.0053230044432,
        "median": 0.00557070504874,
        "min": 3.24576455123e-12,
        "var": 2.84457405542e-06
    },
    "spectral_rolloff": {
        "dmean": 654.645812988,
        "dmean2": 1087.26025391,
        "dvar": 2362184.25,
        "dvar2": 5011015.5,
        "max": 18949.21875,
        "mean": 1724.55004883,
        "median": 1313.52539062,
        "min": 64.599609375,
        "var": 3914758
    },
    "spectral_skewness": {
        "dmean": 0.348145335913,
        "dmean2": 0.527790427208,
        "dvar": 0.210680052638,
        "dvar2": 0.454083919525,
        "max": 10.1164808273,
        "mean": 1.73453497887,
        "median": 1.55202913284,
        "min": -0.279719293118,
        "var": 0.778979659081
    },
    "spectral_spread": {
        "dmean": 830192.375,
        "dmean2": 1126684.625,
        "dvar": 2.1090065449e+12,
        "dvar2": 3.04638092902e+12,
        "max": 44502112,
        "mean": 4561337,
        "median": 3982512.5,
        "min": 792429.0625,
        "var": 5.26802642534e+12
    },
    "spectral_strongpeak": {
        "dmean": 0.69957447052,
        "dmean2": 1.16194701195,
        "dvar": 1.05795037746,
        "dvar2": 2.57274079323,
        "max": 10.8284730911,
        "mean": 1.47217535973,
        "median": 0.952497243881,
        "min": 0,
        "var": 1.99516117573
    },
    "zerocrossingrate": {
        "dmean": 0.0150483865291,
        "dmean2": 0.0169102791697,
        "dvar": 0.000598345999606,
        "dvar2": 0.000708365405444,
        "max": 0.49951171875,
        "mean": 0.0657443925738,
        "median": 0.05322265625,
        "min": 0.00244140625,
        "var": 0.00260707456619
    },
    "barkbands": {
        "dmean": [0.00035904237302, 0.00297351623885, 0.00138986425009, 0.000901381135918, 0.00216938741505, 0.00138762744609, 0.00110775278881, 0.00186500931159, 0.00125823530834, 0.00103147758637, 0.00044002442155, 0.000452852720628, 0.000527764612343, 0.000599893159233, 0.000566511356737, 0.000217024818994, 0.000189459693502, 0.000141127413372, 0.000136539776577, 0.000109095795779, 0.000105054466985, 0.000134141941089, 0.00015798478853, 0.000125531558297, 0.000103328922705, 6.94089030731e-05, 9.86169561656e-06],
        "dmean2": [0.000634658383206, 0.00491039967164, 0.00243492959999, 0.0014776448952, 0.00342895509675, 0.00217744172551, 0.00171507580671, 0.00296471873298, 0.00199451367371, 0.0015230422141, 0.000702628516592, 0.000693330832291, 0.000794221530668, 0.000928428198677, 0.000862583750859, 0.000349507317878, 0.000294280820526, 0.000225604773732, 0.00021632926655, 0.000177183494088, 0.000164195866091, 0.00019566831179, 0.00021474721143, 0.000180620074389, 0.000154600798851, 0.000107323889097, 1.5315350538e-05],
        "dvar": [1.45136300489e-06, 7.90140329627e-05, 1.72534601006e-05, 3.32099148181e-06, 8.93312608241e-06, 6.0662659962e-06, 5.5761065596e-06, 1.49558409248e-05, 7.26024154574e-06, 3.39329562848e-06, 9.60304873843e-07, 1.17100489661e-06, 9.7088354778e-07, 1.10970211153e-06, 1.07459823084e-06, 1.82040437835e-07, 8.40585130391e-08, 4.28928146334e-08, 3.88898726555e-08, 3.20900390705e-08, 3.57530787198e-08, 1.41902447126e-07, 2.1203990741e-07, 1.70523136944e-07, 1.78559560027e-07, 1.18465436572e-07, 8.89603335441e-10],
        "dvar2": [3.92123229176e-06, 0.000201476490474, 4.98855661135e-05, 9.11871848075e-06, 1.96201381186e-05, 1.40381325764e-05, 1.28617939481e-05, 3.69642220903e-05, 1.7089461835e-05, 6.90989691066e-06, 2.07086418413e-06, 2.68132589554e-06, 1.99415308089e-06, 2.42619967139e-06, 2.25550252253e-06, 4.21377052362e-07, 1.95845188955e-07, 9.95239730628e-08, 9.82573453712e-08, 7.83747324817e-08, 8.64062528194e-08, 2.87540444788e-07, 3.34236489152e-07, 3.28155152829e-07, 4.11027286873e-07, 3.28305873154e-07, 2.11404427297e-09],
        "max": [0.0115368394181, 0.079808652401, 0.0386909507215, 0.0397117733955, 0.0503922365606, 0.0318648181856, 0.0345110148191, 0.0460369326174, 0.0536484196782, 0.0277980268002, 0.0221066270024, 0.0233172141016, 0.0293400418013, 0.0182778928429, 0.0170895159245, 0.00809921231121, 0.00340424105525, 0.00301818340085, 0.00235920841806, 0.00308173941448, 0.00268769031391, 0.00783372670412, 0.0092047797516, 0.0119808875024, 0.00853030662984, 0.0105360327289, 0.000382152473321],
        "mean": [0.000310160161462, 0.00399555359036, 0.0020037710201, 0.00163504679222, 0.00436073727906, 0.00259921536781, 0.00189155142289, 0.00327642145567, 0.00255301315337, 0.0020620659925, 0.000703250640072, 0.000718604540452, 0.000939671823289, 0.00114806822967, 0.00105663167778, 0.000356289674528, 0.000374814932002, 0.000289097370114, 0.000341202743584, 0.000259570748312, 0.000195161584998, 0.000227527838433, 0.000271458120551, 0.000179819748155, 0.000123294346849, 7.64786600485e-05, 9.97971437755e-06],
        "median": [6.34146854281e-05, 0.0020509948954, 0.000882180291228, 0.000853326229844, 0.00320477597415, 0.00115801393986, 0.000735609093681, 0.000753681408241, 0.00107149872929, 0.00105749175418, 0.000266655988526, 0.00025758674019, 0.000425782229286, 0.00044723803876, 0.000542081310414, 0.000195201544557, 0.000236753927311, 0.000199951580726, 0.0001393778075, 8.65125621203e-05, 8.60890286276e-05, 8.19418419269e-05, 5.31571095053e-05, 3.29441973008e-05, 1.57596805366e-05, 4.94420646646e-06, 1.91824227613e-07],
        "min": [5.43112747216e-24, 7.11376068325e-24, 4.95929319867e-24, 1.21415230642e-23, 2.32421394308e-23, 3.93490729946e-23, 1.84837304505e-23, 2.33391062132e-23, 4.2405116986e-23, 1.12815326222e-22, 3.09471584622e-23, 7.35600046126e-23, 6.34077497266e-23, 1.38689168741e-22, 1.61077861647e-22, 1.47993751564e-22, 1.06293478641e-22, 1.81996546965e-22, 2.94732570578e-22, 4.23659453088e-22, 3.99404769665e-22, 3.18280308413e-22, 5.48311290094e-22, 9.6015878175e-22, 1.07845409118e-21, 1.71662797273e-21, 2.47625321318e-21],
        "var": [1.04756747987e-06, 6.88207946951e-05, 1.37596061904e-05, 5.879317996e-06, 2.19794474106e-05, 1.5232099031e-05, 1.18824145829e-05, 4.20297037635e-05, 2.04742700589e-05, 8.58353632793e-06, 2.13075009015e-06, 1.96781797968e-06, 2.93238645099e-06, 3.62544801646e-06, 2.68437884188e-06, 3.2059247701e-07, 1.99384786015e-07, 1.05805561645e-07, 1.7083131354e-07, 1.19651332398e-07, 7.45529504798e-08, 3.07412818756e-07, 6.45382556286e-07, 3.30977115937e-07, 2.12465224081e-07, 8.74364545211e-08, 9.92848914194e-10]
    },
    "erbbands": {
        "dmean": [0.112253911793, 0.605544745922, 1.51881587505, 2.1986579895, 5.29821157455, 8.80459117889, 8.92907333374, 12.3541707993, 14.291466713, 29.1468486786, 34.1553192139, 32.0827560425, 31.7748451233, 22.4671497345, 17.2742214203, 18.914522171, 22.5493164062, 31.4796180725, 29.3889312744, 18.644115448, 9.71284294128, 9.67342281342, 7.84494495392, 6.98670244217, 6.37259149551, 5.2642493248, 4.07206535339, 4.2682518959, 4.49273014069, 5.19272375107, 4.47141027451, 3.03263187408, 1.99847376347, 1.25293123722, 0.675362110138, 0.341103374958, 0.123011387885, 0.0267668925226, 0.00104838004336, 2.88550108962e-05],
        "dmean2": [0.189310520887, 1.01418292522, 2.69190502167, 3.63613939285, 8.51455688477, 14.1316051483, 14.1060400009, 19.3104972839, 21.7604484558, 43.7124252319, 56.5037689209, 51.1383666992, 46.1688919067, 33.7796516418, 26.9396018982, 28.1043319702, 33.5869445801, 47.4437065125, 45.6608276367, 28.5565032959, 15.236954689, 14.9720535278, 12.4528055191, 10.9810991287, 10.1876649857, 8.42930412292, 6.50287675858, 6.57313251495, 6.62808656693, 7.42168331146, 6.09464120865, 4.39217376709, 2.9241642952, 1.84823858738, 1.03342950344, 0.537297070026, 0.191244289279, 0.0407068319619, 0.00163020205218, 4.40857438662e-05],
        "dvar": [0.131384089589, 3.16740298271, 21.8197517395, 22.5214691162, 83.7191543579, 161.554473877, 234.493133545, 510.959991455, 1031.73535156, 3461.66137695, 6409.67138672, 5375.65673828, 3178.49755859, 2729.11547852, 1647.03222656, 1659.07495117, 1954.23620605, 3085.91040039, 2965.87060547, 1284.32189941, 307.818817139, 249.618713379, 134.388473511, 103.323143005, 87.463684082, 80.9417495728, 57.327495575, 70.8003540039, 159.636535645, 205.97416687, 184.362243652, 103.928413391, 47.8292388916, 24.9230384827, 8.34416103363, 4.0408244133, 0.264424741268, 0.00652273138985, 1.0411448784e-05, 4.88990670178e-09],
        "dvar2": [0.330416738987, 8.56179714203, 63.8247108459, 63.2416267395, 199.219024658, 387.451507568, 552.201721191, 1213.76269531, 2242.95483398, 7942.66503906, 16685.5195312, 13316.5117188, 6345.23876953, 5836.85839844, 3582.50317383, 3655.40991211, 3884.46630859, 6544.63720703, 6297.75634766, 2693.15039062, 705.142700195, 580.091491699, 301.542572021, 269.245300293, 215.372634888, 202.924636841, 147.646469116, 150.585800171, 325.316741943, 377.671325684, 308.425292969, 197.831466675, 100.701583862, 54.3122749329, 20.0355262756, 11.3054523468, 0.710973680019, 0.0158634483814, 2.50573721132e-05, 1.22083871901e-08],
        "max": [3.22881031036, 16.2856082916, 43.3477287292, 88.7525405884, 177.015625, 227.42149353, 302.482818604, 249.671920776, 585.924072266, 790.476806641, 1118.78442383, 1652.58728027, 1035.33862305, 1325.90454102, 1290.6920166, 1149.71411133, 1451.37561035, 908.844848633, 993.979003906, 705.860412598, 297.00177002, 208.025497437, 170.286056519, 121.820007324, 142.690643311, 155.044494629, 127.876617432, 153.23979187, 257.889129639, 320.434875488, 301.661437988, 335.297454834, 174.035675049, 108.991645813, 56.6696205139, 63.8023986816, 13.8493967056, 1.2311784029, 0.0533108189702, 0.00150570773985],
        "mean": [0.120547428727, 0.861017882824, 2.29414868355, 4.07405996323, 10.0389842987, 15.2983636856, 16.7831821442, 22.2419300079, 27.0622787476, 57.1158409119, 55.2731666565, 66.8533706665, 67.1835708618, 41.4589004517, 30.8133144379, 35.0925712585, 44.0071411133, 63.7300643921, 54.201839447, 39.5517730713, 18.7675037384, 19.6753444672, 17.4097557068, 16.546497345, 16.6724834442, 12.7066135406, 8.28288650513, 7.17817878723, 7.40280580521, 9.19030570984, 7.40617513657, 4.49919652939, 2.70700955391, 1.53318762779, 0.791535675526, 0.377694576979, 0.134249567986, 0.0287554357201, 0.00110135122668, 6.25401517027e-05],
        "median": [0.0381490029395, 0.489677131176, 1.28898477554, 2.24890232086, 6.38350629807, 9.79298496246, 9.73844909668, 9.6013879776, 10.1000289917, 15.7160987854, 18.9146747589, 28.049495697, 33.2285766602, 21.1686935425, 13.8583869934, 15.235253334, 21.8363456726, 26.8102893829, 29.7744865417, 21.7056770325, 12.9383220673, 12.9154405594, 12.694726944, 8.65430545807, 6.55256843567, 3.85575675964, 3.44076299667, 3.08255147934, 2.54264163971, 2.68772554398, 1.43117594719, 0.764428734779, 0.510789275169, 0.224688023329, 0.0878865122795, 0.0309300385416, 0.00732906535268, 0.00099611049518, 4.96427965118e-05, 4.6059009037e-05],
        "min": [6.94418982519e-22, 6.67403790798e-22, 3.76652087503e-21, 4.53858233977e-20, 5.80316636672e-20, 8.67717761694e-20, 1.25121756373e-19, 3.59247099122e-19, 3.36093434897e-19, 2.17270723512e-19, 9.31308176013e-19, 8.8851109189e-19, 1.55001859469e-18, 2.42454433717e-18, 1.79581365935e-18, 3.01902084543e-18, 3.29119821534e-18, 7.08194155596e-18, 6.61966546678e-18, 8.89866344606e-18, 7.63088838895e-18, 6.60766514404e-18, 1.02948574661e-17, 1.10322004738e-17, 1.73244409708e-17, 2.09746219235e-17, 1.70255524914e-17, 1.41377375871e-17, 1.08951689064e-17, 1.20771868407e-17, 1.5672055053e-17, 1.65793696146e-17, 1.44276114523e-17, 1.06426331469e-17, 8.48907338522e-18, 5.76967452165e-18, 3.26466019334e-18, 1.21413125701e-18, 3.37184977263e-19, 3.68325981494e-20],
        "var": [0.110477559268, 2.59695053101, 16.5546760559, 32.6028709412, 179.395385742, 310.696929932, 491.325775146, 1148.91967773, 2863.3762207, 11840.5166016, 12325.5507812, 14336.015625, 9234.54980469, 5686.71582031, 3803.99487305, 3580.90722656, 6513.89550781, 10664.1015625, 6570.94580078, 4369.140625, 618.702880859, 527.159973145, 361.489990234, 346.648345947, 414.963531494, 298.611633301, 125.091156006, 142.221847534, 325.018798828, 554.039855957, 516.057128906, 228.849105835, 75.7981262207, 33.9523124695, 8.77108860016, 2.83285355568, 0.218582466245, 0.0072125820443, 1.13690839498e-05, 5.49685985618e-09]
    },
    "gfcc": {
        "mean": [8.20648479462, 97.3187637329, -122.418807983, 18.8246917725, -63.5900611877, 12.9037637711, -38.8063659668, 4.58539772034, -20.5012187958, 1.28501665592, -16.7643356323, -3.3060605526, -11.9685611725],
        "cov": [[6754.98876953, -1185.95996094, -518.330383301, 483.834472656, -146.198486328, 114.750038147, -47.2211761475, 305.372619629, -183.09185791, 157.728988647, -195.246963501, 48.7420272827, -145.277984619], [-1185.95996094, 2262.25561523, -383.45324707, 19.8553695679, 463.651245117, -218.658828735, 297.327575684, -123.488670349, 97.2354049683, -196.16897583, 224.036453247, -250.930130005, 132.035446167], [-518.330383301, -383.45324707, 1333.3079834, 242.088500977, -18.7981319427, 257.849212646, 20.5754203796, 13.6315031052, -23.1020812988, 52.2477836609, -108.502944946, 84.6861877441, -104.019012451], [483.834472656, 19.8553695679, 242.088500977, 626.971435547, 14.0199737549, 60.7713088989, 105.60319519, 49.5317497253, 17.1529769897, -11.2809696198, -10.3177013397, -50.0020370483, -3.82130789757], [-146.198486328, 463.651245117, -18.7981319427, 14.0199737549, 439.619018555, 11.010386467, 94.3877792358, 15.3425226212, -14.3574075699, -38.220035553, -5.71604585648, -45.8636016846, 34.0489578247], [114.750038147, -218.658828735, 257.849212646, 60.7713088989, 11.010386467, 336.161346436, 76.7435379028, 49.4501457214, 30.7559432983, 18.3312644958, -46.5279960632, 36.74974823, -50.4676208496], [-47.2211761475, 297.327575684, 20.5754203796, 105.60319519, 94.3877792358, 76.7435379028, 305.114227295, 61.0328330994, -3.9416205883, 21.4305019379, 30.449836731, -58.5207519531, 1.77185356617], [305.372619629, -123.488670349, 13.6315031052, 49.5317497253, 15.3425226212, 49.4501457214, 61.0328330994, 160.256607056, 42.7496757507, 36.7296905518, -19.3923568726, -11.144411087, -16.1045818329], [-183.09185791, 97.2354049683, -23.1020812988, 17.1529769897, -14.3574075699, 30.7559432983, -3.9416205883, 42.7496757507, 166.155548096, 7.39349985123, 7.74349451065, -15.7615604401, -15.0531673431], [157.728988647, -196.16897583, 52.2477836609, -11.2809696198, -38.220035553, 18.3312644958, 21.4305019379, 36.7296905518, 7.39349985123, 127.56022644, 12.7138814926, 12.7055225372, 2.8869509697], [-195.246963501, 224.036453247, -108.502944946, -10.3177013397, -5.71604585648, -46.5279960632, 30.449836731, -19.3923568726, 7.74349451065, 12.7138814926, 119.91759491, -13.2369766235, 33.5824584961], [48.7420272827, -250.930130005, 84.6861877441, -50.0020370483, -45.8636016846, 36.74974823, -58.5207519531, -11.144411087, -15.7615604401, 12.7055225372, -13.2369766235, 120.585525513, -1.24858152866], [-145.277984619, 132.035446167, -104.019012451, -3.82130789757, 34.0489578247, -50.4676208496, 1.77185356617, -16.1045818329, -15.0531673431, 2.8869509697, 33.5824584961, -1.24858152866, 115.641014099]],
        "icov": [[0.000265265989583, -7.15868300176e-05, 0.000298745202599, -0.000346922286553, 6.72688693157e-05, -0.000161628820933, 0.000276942213532, -0.000499947811477, 0.00060184346512, -0.000514975516126, 0.000452279375168, -0.000259421853116, 0.000465085700853], [-7.15868300176e-05, 0.00180690083653, -0.000289259827696, 0.000410017062677, -0.0012769671157, 0.000847039918881, -0.00158525805455, 0.00154518603813, -0.00181670172606, 0.00251058628783, -0.0024509888608, 0.00201059086248, -0.000980190350674], [0.000298745202599, -0.000289259827696, 0.00146215164568, -0.000885517161805, 0.000122091340018, -0.000839036423713, 0.000530998688191, -0.000336559576681, 0.00106951361522, -0.00144050153904, 0.00135825260077, -0.00113383494318, 0.00130289595108], [-0.000346922286553, 0.000410017062677, -0.000885517161805, 0.00247857300565, -9.60379475146e-05, 0.000333052244969, -0.00111541140359, 0.000408941414207, -0.00119724799879, 0.0016806301428, -0.00102405657526, 0.0015425797319, -0.00125468941405], [6.72688693157e-05, -0.0012769671157, 0.000122091340018, -9.60379475146e-05, 0.00360677437857, -0.000688213389367, 0.000343512336258, -0.00138106837403, 0.00148974906188, -0.000817484571598, 0.00220456207171, -0.000670125184115, -0.00034386588959], [-0.000161628820933, 0.000847039918881, -0.000839036423713, 0.000333052244969, -0.000688213389367, 0.00480520632118, -0.00223965849727, 0.00054330425337, -0.00205561262555, 0.00140125630423, -0.000247685151407, -0.000648430490401, 0.000258163461694], [0.000276942213532, -0.00158525805455, 0.000530998688191, -0.00111541140359, 0.000343512336258, -0.00223965849727, 0.00655585154891, -0.00317407795228, 0.00309498840943, -0.00315104727633, 0.000566875271033, 0.000267479306785, 0.00129745504819], [-0.000499947811477, 0.00154518603813, -0.000336559576681, 0.000408941414207, -0.00138106837403, 0.00054330425337, -0.00317407795228, 0.0105344848707, -0.00444123381749, 0.000327730813297, -0.000600695493631, 0.0018753426848, -0.000913710275199], [0.00060184346512, -0.00181670172606, 0.00106951361522, -0.00119724799879, 0.00148974906188, -0.00205561262555, 0.00309498840943, -0.00444123381749, 0.00992908328772, -0.0032912066672, 0.00187365303282, -0.00110974535346, 0.00256969546899], [-0.000514975516126, 0.00251058628783, -0.00144050153904, 0.0016806301428, -0.000817484571598, 0.00140125630423, -0.00315104727633, 0.000327730813297, -0.0032912066672, 0.0136273717508, -0.0054666986689, 0.00240734755062, -0.00296260183677], [0.000452279375168, -0.0024509888608, 0.00135825260077, -0.00102405657526, 0.00220456207171, -0.000247685151407, 0.000566875271033, -0.000600695493631, 0.00187365303282, -0.0054666986689, 0.0147450836375, -0.00309099210426, -0.000229987563216], [-0.000259421853116, 0.00201059086248, -0.00113383494318, 0.0015425797319, -0.000670125184115, -0.000648430490401, 0.000267479306785, 0.0018753426848, -0.00110974535346, 0.00240734755062, -0.00309099210426, 0.0134987002239, -0.00258023501374], [0.000465085700853, -0.000980190350674, 0.00130289595108, -0.00125468941405, -0.00034386588959, 0.000258163461694, 0.00129745504819, -0.000913710275199, 0.00256969546899, -0.00296260183677, -0.000229987563216, -0.00258023501374, 0.0119955549017]]
    },
    "melbands": {
        "dmean": [0.000894782424439, 0.000786941323895, 0.000451954256278, 0.000496818509419, 0.000327796617057, 0.000272683013463, 0.000214907369809, 0.000349547073711, 0.000271792785497, 0.000192403487745, 0.000158160444698, 9.52795235207e-05, 5.94769444433e-05, 4.56336783827e-05, 6.17446421529e-05, 4.71694947919e-05, 6.4078514697e-05, 4.76447457913e-05, 3.71269306925e-05, 2.13751009142e-05, 1.0417536032e-05, 1.13359510578e-05, 9.55598352448e-06, 6.65028892399e-06, 6.14810915067e-06, 5.67567622056e-06, 4.78115816804e-06, 3.40047972713e-06, 2.79246387436e-06, 2.49442769018e-06, 2.63624883701e-06, 2.51872393164e-06, 2.95760037261e-06, 3.07429468194e-06, 2.67825203082e-06, 2.45921705755e-06, 1.79061203198e-06, 1.51790641212e-06, 1.21791879337e-06, 1.04007972368e-06],
        "dmean2": [0.00147608190309, 0.00136458000634, 0.000745145021938, 0.000795520551037, 0.000515068357345, 0.000424637139076, 0.000330107606715, 0.000529065087903, 0.000448130682344, 0.000305522757117, 0.000230704623391, 0.000143915138324, 9.40306053963e-05, 6.87643623678e-05, 9.64727951214e-05, 7.10942549631e-05, 9.69096945482e-05, 7.49907703721e-05, 5.63173962291e-05, 3.32107665599e-05, 1.6492429495e-05, 1.75830446096e-05, 1.51647655002e-05, 1.07409769043e-05, 9.79325250228e-06, 8.98788402992e-06, 7.71138002165e-06, 5.51906532564e-06, 4.55577128378e-06, 3.97518397222e-06, 4.07041079598e-06, 3.79530297323e-06, 4.3384370656e-06, 4.49682420367e-06, 3.77274204766e-06, 3.59071350431e-06, 2.61419336312e-06, 2.27340115089e-06, 1.84110717782e-06, 1.53919404511e-06],
        "dvar": [7.54530765334e-06, 5.82372285862e-06, 7.18869273442e-07, 5.47547813312e-07, 2.43752708684e-07, 2.4517137831e-07, 2.28078718578e-07, 5.00195142195e-07, 3.94035225781e-07, 1.98441924226e-07, 8.01059556466e-08, 4.98642762636e-08, 1.63208291326e-08, 1.31189707986e-08, 1.49277479267e-08, 8.75149019919e-09, 1.33377753286e-08, 8.06451172508e-09, 6.77282452344e-09, 1.59067070626e-09, 3.26478954982e-10, 3.90531301742e-10, 2.11601305922e-10, 1.09030784401e-10, 8.53083159669e-11, 6.8996794389e-11, 5.63555903332e-11, 3.74287024985e-11, 2.72405518281e-11, 1.97484702202e-11, 3.20759911687e-11, 5.463929309e-11, 7.59244889181e-11, 7.41078587385e-11, 6.85824938507e-11, 6.79951581151e-11, 4.27908264378e-11, 3.04974413778e-11, 1.83071058313e-11, 2.0473648818e-11],
        "dvar2": [1.88640278793e-05, 1.67396901816e-05, 1.98956263375e-06, 1.20329389119e-06, 5.68728580674e-07, 5.74908256112e-07, 4.97688745327e-07, 1.14848899102e-06, 1.02872991192e-06, 4.9498584076e-07, 1.59179094794e-07, 1.06130052302e-07, 3.55073517255e-08, 3.00484259697e-08, 3.29080585004e-08, 1.91065137045e-08, 2.85198105132e-08, 1.71028613494e-08, 1.54728407864e-08, 3.52505558077e-09, 7.84897424833e-10, 8.97260654664e-10, 4.81428175103e-10, 2.69869876446e-10, 2.24696150575e-10, 1.76490808079e-10, 1.39402350774e-10, 9.6739463662e-11, 7.12337272502e-11, 4.86116563669e-11, 6.73057928835e-11, 1.17400478228e-10, 1.58974264308e-10, 1.34621785941e-10, 1.22036672434e-10, 1.29217817002e-10, 8.65344670919e-11, 6.54931525679e-11, 4.04562633394e-11, 4.571104259e-11],
        "max": [0.0244805533439, 0.0223910622299, 0.0145178679377, 0.0128839453682, 0.00956582836807, 0.00644996203482, 0.00833487138152, 0.00973561219871, 0.00849259644747, 0.0104913795367, 0.00505703873932, 0.00536034954712, 0.00328660779633, 0.00210463441908, 0.00275643798523, 0.001808987814, 0.00207916740328, 0.0021848785691, 0.00191937061027, 0.000770946673583, 0.000235153755057, 0.000285501329927, 0.00021011372155, 0.00015879322018, 0.00011177577835, 8.85815534275e-05, 0.000142067219713, 0.000116767369036, 8.8500099082e-05, 6.077834405e-05, 0.000119324795378, 0.000170692932443, 0.000215598935029, 0.000167052217876, 0.000195276661543, 0.000169080507476, 0.000235454921494, 0.000146160833538, 8.13691294752e-05, 0.000109191423689],
        "mean": [0.0010846783407, 0.00121372519061, 0.000880274164956, 0.000937794509809, 0.000633924268186, 0.000504838651977, 0.000399823533371, 0.000676680065226, 0.000443516328232, 0.000398219504859, 0.000324117863784, 0.000166094832821, 9.96635717456e-05, 7.81048365752e-05, 0.000110012981168, 8.39163112687e-05, 0.000125204329379, 8.30868957564e-05, 6.68653447065e-05, 3.92953770643e-05, 1.84171767614e-05, 2.08481815207e-05, 1.91981453099e-05, 1.31174238049e-05, 1.32428340294e-05, 1.29901391119e-05, 1.13067389975e-05, 7.31958743927e-06, 5.22757636645e-06, 4.3837976591e-06, 4.01757961299e-06, 3.84503073292e-06, 4.90963839184e-06, 5.18592787557e-06, 4.323090252e-06, 3.67684356206e-06, 2.38844131673e-06, 1.98285601982e-06, 1.4999288851e-06, 1.21916002627e-06],
        "median": [0.000469044374768, 0.000767059216741, 0.00061604892835, 0.000642949831672, 0.000416823255364, 0.000219729990931, 0.00014246084902, 0.000164838231285, 0.000140984222526, 0.000179380222107, 0.000147910846863, 7.63491552789e-05, 4.07898805861e-05, 3.17046215059e-05, 4.92454128107e-05, 3.81961581297e-05, 4.30022118962e-05, 4.14578171331e-05, 3.51805319951e-05, 1.94476051547e-05, 1.19362584883e-05, 1.21745024444e-05, 1.23514464576e-05, 8.72863984114e-06, 6.42296026854e-06, 4.84346310259e-06, 3.8366733861e-06, 1.99623173103e-06, 1.9709418666e-06, 1.8905543584e-06, 1.55795248702e-06, 1.22587312035e-06, 1.62531227943e-06, 1.24731855067e-06, 8.31569309412e-07, 5.79452262173e-07, 3.88496488313e-07, 3.5767504869e-07, 2.34526027043e-07, 1.63063859304e-07],
        "min": [8.07630193853e-24, 1.45768952396e-24, 7.1709365328e-24, 5.50411801071e-24, 4.30637905983e-24, 7.83114763501e-24, 4.88600920386e-24, 2.34785791879e-24, 8.82711766001e-24, 4.99116357367e-24, 7.61082903938e-24, 9.57009999271e-24, 5.2486071468e-24, 6.6046050059e-24, 9.63402139186e-24, 5.77259143701e-24, 1.46713155791e-23, 9.27207859791e-24, 1.26969765936e-23, 1.00353330781e-23, 7.55182224367e-24, 6.49732071165e-24, 7.24626722722e-24, 8.82320412106e-24, 8.47114338767e-24, 1.3194786479e-23, 1.25558974982e-23, 1.44205966508e-23, 9.54809866206e-24, 1.01267904561e-23, 6.34649326759e-24, 6.85767907847e-24, 5.48828754449e-24, 7.07613280693e-24, 8.09321827178e-24, 1.04496570251e-23, 9.48377731043e-24, 1.10553854489e-23, 8.19494109665e-24, 9.29766451251e-24],
        "var": [6.59193437968e-06, 4.40588974016e-06, 1.13322448669e-06, 1.22601238672e-06, 5.45295279153e-07, 6.17438786321e-07, 6.18559965915e-07, 1.75747061348e-06, 7.6950368566e-07, 4.65979326236e-07, 2.30380251764e-07, 1.03217097092e-07, 3.98331074791e-08, 2.25330474279e-08, 3.65244794409e-08, 1.93407991844e-08, 4.79298485345e-08, 1.68556848479e-08, 1.26394361644e-08, 4.28325774848e-09, 6.08057271201e-10, 7.4290051888e-10, 5.43623479565e-10, 2.39428338267e-10, 2.47867615322e-10, 2.66925703762e-10, 2.19122858747e-10, 1.10399890618e-10, 5.41657309283e-11, 3.88814778984e-11, 5.88419452052e-11, 9.77961253645e-11, 1.58050211807e-10, 1.97446267669e-10, 1.77097170262e-10, 1.59524338184e-10, 7.71237795849e-11, 4.51241648214e-11, 2.63953702645e-11, 2.59113876189e-11]
    },
    "mfcc": {
        "mean": [-633.735717773, 129.229644775, -3.59468388557, 9.91085529327, -1.85515534878, 4.27631807327, -6.70467233658, 1.12882649899, -4.33073043823, 5.12782716751, 1.37514710426, -6.14521408081, -6.10679721832],
        "cov": [[6177.58251953, -1254.2154541, -656.282104492, 307.252746582, -149.647766113, -102.039703369, 111.338981628, 22.8937892914, 88.4746170044, 155.749160767, -32.4551773071, 22.9823703766, -15.0368652344], [-1254.2154541, 1920.04333496, -475.975708008, 118.359359741, 124.579048157, -8.24087238312, 167.752624512, 4.15010309219, -17.9808006287, 15.0417575836, 18.2182350159, -9.05937004089, -24.672088623], [-656.282104492, -475.975708008, 1234.17810059, 93.5097885132, 61.7443847656, 214.8775177, 5.02046108246, 99.6448135376, 40.0279273987, -7.07185506821, 26.4614868164, 63.1238594055, 37.6318397522], [307.252746582, 118.359359741, 93.5097885132, 521.700744629, 41.6186599731, 31.8626365662, 128.319076538, 5.30669021606, 64.6750717163, 30.2520713806, -15.6085596085, 23.6071510315, 5.62389755249], [-149.647766113, 124.579048157, 61.7443847656, 41.6186599731, 304.671447754, 62.2221374512, -11.4642505646, 50.916305542, 21.2090492249, 8.44827461243, -9.45395183563, -43.2901077271, -12.0071744919], [-102.039703369, -8.24087238312, 214.8775177, 31.8626365662, 62.2221374512, 251.284179688, 82.0305786133, 87.0915374756, 34.2030639648, 15.2719755173, 27.3575897217, 3.71489214897, -5.94488763809], [111.338981628, 167.752624512, 5.02046108246, 128.319076538, -11.4642505646, 82.0305786133, 302.697662354, 19.8749160767, 65.3272705078, 40.8005065918, -3.87805962563, 43.9619445801, -24.7327346802], [22.8937892914, 4.15010309219, 99.6448135376, 5.30669021606, 50.916305542, 87.0915374756, 19.8749160767, 194.296356201, 35.7653427124, 29.6835231781, 48.1972618103, -12.474776268, 28.2739391327], [88.4746170044, -17.9808006287, 40.0279273987, 64.6750717163, 21.2090492249, 34.2030639648, 65.3272705078, 35.7653427124, 151.860946655, 62.6759338379, 14.9840106964, 22.0546112061, 2.29757833481], [155.749160767, 15.0417575836, -7.07185506821, 30.2520713806, 8.44827461243, 15.2719755173, 40.8005065918, 29.6835231781, 62.6759338379, 132.445236206, 50.9066772461, 20.757183075, 3.04380297661], [-32.4551773071, 18.2182350159, 26.4614868164, -15.6085596085, -9.45395183563, 27.3575897217, -3.87805962563, 48.1972618103, 14.9840106964, 50.9066772461, 105.235343933, 24.7621498108, 17.6771354675], [22.9823703766, -9.05937004089, 63.1238594055, 23.6071510315, -43.2901077271, 3.71489214897, 43.9619445801, -12.474776268, 22.0546112061, 20.757183075, 24.7621498108, 95.8819580078, 21.297580719], [-15.0368652344, -24.672088623, 37.6318397522, 5.62389755249, -12.0071744919, -5.94488763809, -24.7327346802, 28.2739391327, 2.29757833481, 3.04380297661, 17.6771354675, 21.297580719, 79.2481536865]],
