{
"lowlevel": {
    "average_loudness": 0.923269033432,
    "barkbands_crest": {
        "dmean": 2.82203507423,
        "dmean2": 4.55484628677,
        "dvar": 6.28294420242,
        "dvar2": 15.8963537216,
        "max": 24.6824226379,
        "mean": 11.4569129944,
        "median": 10.7756929398,
        "min": 3.9517531395,
        "var": 16.0227985382
    },
    "barkbands_flatness_db": {
        "dmean": 0.0303521454334,
        "dmean2": 0.0451086945832,
        "dvar": 0.000789938378148,
        "dvar2": 0.00173104391433,
        "max": 0.416349887848,
        "mean": 0.236385077238,
        "median": 0.236091375351,
        "min": 0.0899034962058,
        "var": 0.00254839030094
    },
    "barkbands_kurtosis": {
        "dmean": 6.63683462143,
        "dmean2": 10.7273416519,
        "dvar": 108.365112305,
        "dvar2": 275.78112793,
        "max": 163.241424561,
        "mean": 11.9836845398,
        "median": 8.17509555817,
        "min": -1.94269514084,
        "var": 176.749923706
    },
    "barkbands_skewness": {
        "dmean": 0.779503822327,
        "dmean2": 1.19677555561,
        "dvar": 0.734231293201,
        "dvar2": 1.70496213436,
        "max": 10.0891189575,
        "mean": 2.22240924835,
        "median": 2.07803320885,
        "min": -4.19738578796,
        "var": 1.96062064171
    },
    "barkbands_spread": {
        "dmean": 4.33542203903,
        "dmean2": 6.62608575821,
        "dvar": 67.1862716675,
        "dvar2": 133.142028809,
        "max": 107.724578857,
        "mean": 9.96406269073,
        "median": 6.8930606842,
        "min": 0.683874726295,
        "var": 127.224739075
    },
    "dissonance": {
        "dmean": 0.0325280614197,
        "dmean2": 0.0524093173444,
        "dvar": 0.000867109920364,
        "dvar2": 0.00218125223182,
        "max": 0.499996989965,
        "mean": 0.420528054237,
        "median": 0.428647488356,
        "min": 0.226583212614,
        "var": 0.00236801011488
    },
    "dynamic_complexity": 3.10993981361,
    "erbbands_crest": {
        "dmean": 3.1075360775,
        "dmean2": 4.80986166,
        "dvar": 8.67547130585,
        "dvar2": 18.3925209045,
        "max": 32.237487793,
        "mean": 12.4063520432,
        "median": 11.3329582214,
        "min": 3.12566494942,
        "var": 28.855424881
    },
    "erbbands_flatness_db": {
        "dmean": 0.0274840909988,
        "dmean2": 0.0354197658598,
        "dvar": 0.000618139107246,
        "dvar2": 0.00103550532367,
        "max": 0.368951916695,
        "mean": 0.222378954291,
        "median": 0.222362786531,
        "min": 0.102878302336,
        "var": 0.00241602840833
    },
    "erbbands_kurtosis": {
        "dmean": 2.76403641701,
        "dmean2": 4.27801990509,
        "dvar": 18.0063381195,
        "dvar2": 40.6578865051,
        "max": 52.498298645,
        "mean": 4.1411190033,
        "median": 2.36127901077,
        "min": -1.87501490116,
        "var": 39.2716255188
    },
    "erbbands_skewness": {
        "dmean": 0.531771421432,
        "dmean2": 0.795567631721,
        "dvar": 0.362830579281,
        "dvar2": 0.714837968349,
        "max": 6.35131978989,
        "mean": 1.3592877388,
        "median": 1.27331578732,
        "min": -5.79764938354,
        "var": 1.21578454971
    },
    "erbbands_spread": {
        "dmean": 11.4561958313,
        "dmean2": 16.6511173248,
        "dvar": 252.763320923,
        "dvar2": 532.158691406,
        "max": 153.575592041,
        "mean": 29.89087677,
        "median": 23.2356719971,
        "min": 2.91723895073,
        "var": 555.780883789
    },
    "hfc": {
        "dmean": 4.58772706985,
        "dmean2": 6.57520532608,
        "dvar": 48.6019744873,
        "dvar2": 103.510559082,
        "max": 133.324478149,
        "mean": 12.7779941559,
        "median": 9.80406188965,
        "min": 0.000434558256529,
        "var": 143.38621521
    },
    "melbands_crest": {
        "dmean": 3.1347784996,
        "dmean2": 5.13229417801,
        "dvar": 7.66935443878,
        "dvar2": 19.3890705109,
        "max": 33.3993453979,
        "mean": 13.8272209167,
        "median": 13.1195526123,
        "min": 4.396276474,
        "var": 18.6795787811
    },
    "melbands_flatness_db": {
        "dmean": 0.0345112383366,
        "dmean2": 0.0492319837213,
        "dvar": 0.0011632326059,
        "dvar2": 0.00239261542447,
        "max": 0.504404962063,
        "mean": 0.284412920475,
        "median": 0.284325301647,
        "min": 0.0757619440556,
        "var": 0.00418263953179
    },
    "melbands_kurtosis": {
        "dmean": 12.5998868942,
        "dmean2": 19.8005142212,
        "dvar": 507.11541748,
        "dvar2": 1200.23620605,
        "max": 344.232147217,
        "mean": 21.7221317291,
        "median": 13.2792358398,
        "min": -1.91106534004,
        "var": 786.811401367
    },
    "melbands_skewness": {
        "dmean": 0.990390837193,
        "dmean2": 1.47619748116,
        "dvar": 1.30973827839,
        "dvar2": 2.88398385048,
        "max": 13.4664678574,
        "mean": 2.77250790596,
        "median": 2.43235993385,
        "min": -1.05521309376,
        "var": 3.43776512146
    },
    "melbands_spread": {
        "dmean": 4.31778717041,
        "dmean2": 6.58066606522,
        "dvar": 128.479492188,
        "dvar2": 264.867980957,
        "max": 240.822540283,
        "mean": 10.7276325226,
        "median": 7.44433116913,
        "min": 0.819208621979,
        "var": 280.542114258
    },
    "pitch_salience": {
        "dmean": 0.0745617672801,
        "dmean2": 0.120799250901,
        "dvar": 0.00461080949754,
        "dvar2": 0.0120189599693,
        "max": 0.854917407036,
        "mean": 0.555993497372,
        "median": 0.560963749886,
        "min": 0.161089286208,
        "var": 0.0119909541681
    },
    "silence_rate_20dB": {
        "dmean": 0,
        "dmean2": 0,
        "dvar": 0,
        "dvar2": 0,
        "max": 1,
        "mean": 1,
        "median": 1,
        "min": 1,
        "var": 0
    },
    "silence_rate_30dB": {
        "dmean": 0.020139425993,
        "dmean2": 0.0402944609523,
        "dvar": 0.0197334364057,
        "dvar2": 0.0549423880875,
        "max": 1,
        "mean": 0.987611293793,
        "median": 1,
        "min": 0,
        "var": 0.0122347697616
    },
    "silence_rate_60dB": {
        "dmean": 0.0232378002256,
        "dmean2": 0.0464936085045,
        "dvar": 0.0226979888976,
        "dvar2": 0.0559551082551,
        "max": 1,
        "mean": 0.0460704602301,
        "median": 0,
        "min": 0,
        "var": 0.0439471304417
    },
    "spectral_centroid": {
        "dmean": 151.94317627,
        "dmean2": 226.204864502,
        "dvar": 85008.8828125,
        "dvar2": 157314.59375,
        "max": 6095.04736328,
        "mean": 618.114135742,
        "median": 503.886383057,
        "min": 168.041732788,
        "var": 219966.8125
    },
    "spectral_complexity": {
        "dmean": 2.02866005898,
        "dmean2": 3.09492444992,
        "dvar": 4.62428951263,
        "dvar2": 9.3489780426,
        "max": 32,
        "mean": 10.368563652,
        "median": 10,
        "min": 0,
        "var": 21.723236084
    },
    "spectral_decrease": {
        "dmean": 3.15315551447e-09,
        "dmean2": 4.91549601023e-09,
        "dvar": 2.72491160876e-17,
        "dvar2": 6.86988057104e-17,
        "max": -2.3803712907e-13,
        "mean": -7.86240139661e-09,
        "median": -6.07985306544e-09,
        "min": -4.84213487084e-08,
        "var": 4.57774522656e-17
    },
    "spectral_energy": {
        "dmean": 0.0122189018875,
        "dmean2": 0.0190200768411,
        "dvar": 0.000397890777094,
        "dvar2": 0.000999757787213,
        "max": 0.185434266925,
        "mean": 0.0308335293084,
        "median": 0.0237819235772,
        "min": 9.37821880598e-07,
        "var": 0.000686859362759
    },
    "spectral_energyband_high": {
        "dmean": 0.000243677292019,
        "dmean2": 0.000354710500687,
        "dvar": 5.70345662254e-07,
        "dvar2": 1.21747621051e-06,
        "max": 0.0182656161487,
        "mean": 0.000296194630209,
        "median": 7.30371029931e-05,
        "min": 5.05200548062e-10,
        "var": 8.56009648942e-07
    },
    "spectral_energyband_low": {
        "dmean": 0.00736529473215,
        "dmean2": 0.0122748147696,
        "dvar": 0.000370985042537,
        "dvar2": 0.000994312344119,
        "max": 0.177982181311,
        "mean": 0.00912736449391,
        "median": 0.00398451369256,
        "min": 6.77674520944e-08,
        "var": 0.000308403512463
    },
    "spectral_energyband_middle_high": {
        "dmean": 0.00117490557022,
        "dmean2": 0.00168723263778,
        "dvar": 1.00883353298e-05,
        "dvar2": 2.2370764782e-05,
        "max": 0.0704292878509,
        "mean": 0.00258960667998,
        "median": 0.000824269314762,
        "min": 6.0666600632e-08,
        "var": 3.0139921364e-05
    },
    "spectral_energyband_middle_low": {
        "dmean": 0.0067396000959,
        "dmean2": 0.0100356433541,
        "dvar": 6.32206210867e-05,
        "dvar2": 0.000138991672429,
        "max": 0.128148108721,
        "mean": 0.0199984051287,
        "median": 0.0156756266952,
        "min": 8.24270045996e-07,
        "var": 0.000262519140961
    },
    "spectral_entropy": {
        "dmean": 0.309774041176,
        "dmean2": 0.405601561069,
        "dvar": 0.0949700027704,
        "dvar2": 0.163534268737,
        "max": 8.38161277771,
        "mean": 6.78789043427,
        "median": 6.77646303177,
        "min": 5.06158304214,
        "var": 0.336844742298
    },
    "spectral_flux": {
        "dmean": 0.0319769866765,
        "dmean2": 0.0513147413731,
        "dvar": 0.0019173376495,
        "dvar2": 0.0046611065045,
        "max": 0.407581269741,
        "mean": 0.0811357870698,
        "median": 0.0691726207733,
        "min": 0.000968412030488,
        "var": 0.00299711455591
    },
    "spectral_kurtosis": {
        "dmean": 4.28832912445,
        "dmean2": 6.62641525269,
        "dvar": 23.1156768799,
        "dvar2": 50.5170326233,
        "max": 78.053314209,
        "mean": 7.71524620056,
        "median": 5.80208015442,
        "min": -1.59762644768,
        "var": 54.526889801
    },
    "spectral_rms": {
        "dmean": 0.000995239941403,
        "dmean2": 0.001503870124,
        "dvar": 1.65663470852e-06,
        "dvar2": 3.82641519536e-06,
        "max": 0.0134503338486,
        "mean": 0.00503122806549,
        "median": 0.00481683248654,
        "min": 3.02481093968e-05,
        "var": 4.76821742268e-06
    },
    "spectral_rolloff": {
        "dmean": 267.096618652,
        "dmean2": 468.483764648,
        "dvar": 814126,
        "dvar2": 1746288.375,
        "max": 9022.41210938,
        "mean": 727.37689209,
        "median": 473.73046875,
        "min": 86.1328125,
        "var": 1288362.875
    },
    "spectral_skewness": {
        "dmean": 0.484553903341,
        "dmean2": 0.69004368782,
        "dvar": 0.209759682417,
        "dvar2": 0.399255096912,
        "max": 6.96442508698,
        "mean": 2.10704112053,
        "median": 2.02585434914,
        "min": -0.721752643585,
        "var": 0.754802107811
    },
    "spectral_spread": {
        "dmean": 830634.8125,
        "dmean2": 1054595.875,
        "dvar": 854276505600,
        "dvar2": 1.321664512e+12,
        "max": 21352250,
        "mean": 3919730.75,
        "median": 3491203.5,
        "min": 1059881.5,
        "var": 2.79169413939e+12
    },
    "spectral_strongpeak": {
        "dmean": 0.508838355541,
        "dmean2": 0.829762279987,
        "dvar": 0.517012476921,
        "dvar2": 1.19308614731,
        "max": 9.95513629913,
        "mean": 1.05316138268,
        "median": 0.634943604469,
        "min": 0,
        "var": 1.26065206528
    },
    "zerocrossingrate": {
        "dmean": 0.0087620196864,
        "dmean2": 0.0104307923466,
        "dvar": 0.000201646689675,
        "dvar2": 0.000216963569983,
        "max": 0.35205078125,
        "mean": 0.0340392328799,
        "median": 0.02685546875,
        "min": 0.005859375,
        "var": 0.000918242789339
    },
    "barkbands": {
        "dmean": [0.00017959086108, 0.00534497201443, 0.00199120840989, 0.00164939987008, 0.0035482889507, 0.00183472165372, 0.00117215223145, 0.000986126367934, 0.000811391451862, 0.000676499388646, 0.000438844115706, 0.000161203468451, 0.000140399279189, 7.12067776476e-05, 8.02558133728e-05, 5.19341811014e-05, 4.93726329296e-05, 3.96895266022e-05, 3.0536284612e-05, 2.28841126955e-05, 2.79444011539e-05, 3.4287411836e-05, 7.31857071514e-05, 9.1390851594e-05, 2.04259722523e-05, 1.34937296892e-08, 1.20641252543e-09],
        "dmean2": [0.000288927694783, 0.00901997834444, 0.00342773576267, 0.00277400226332, 0.00566596630961, 0.00270707625896, 0.00183255516458, 0.00141944747884, 0.0011447701836, 0.00100957404356, 0.000677286821883, 0.000258438638411, 0.000206554614124, 0.000114503891382, 0.000129012827529, 7.63891875977e-05, 7.28900195099e-05, 5.69214134885e-05, 4.57079368061e-05, 3.49780384568e-05, 4.07294210163e-05, 5.16377549502e-05, 0.00010637192463, 0.00014087233285, 3.37455639965e-05, 2.23363816332e-08, 2.22857865495e-09],
        "dvar": [2.32030231473e-07, 0.000223710434511, 2.20994261326e-05, 6.29210762781e-06, 2.29606030189e-05, 1.21659732031e-05, 1.56270689331e-05, 6.12990015725e-06, 4.0107465793e-06, 9.17085708352e-06, 3.52926645064e-06, 2.28496020327e-07, 1.66773318711e-07, 2.86840560193e-08, 4.28914468387e-08, 2.37221833288e-08, 2.20630198555e-08, 1.12981748401e-08, 3.73970321377e-09, 2.08326333961e-09, 8.48983372492e-09, 1.18295462315e-08, 1.44504511468e-07, 9.51903018631e-08, 3.73301167755e-09, 1.7132058745e-15, 3.40564775208e-18],
        "dvar2": [5.19660375176e-07, 0.000594701501541, 6.18852573098e-05, 1.79974595085e-05, 5.83772707614e-05, 2.74242011074e-05, 3.51524977305e-05, 1.08440044642e-05, 7.60090415497e-06, 2.06915010494e-05, 8.30072985991e-06, 5.19034642821e-07, 2.99595029674e-07, 7.30180715891e-08, 9.65431539157e-08, 4.44238779096e-08, 4.39069651748e-08, 2.14436450818e-08, 7.22430160138e-09, 4.58016646832e-09, 1.61691193767e-08, 2.62844626064e-08, 3.19882502708e-07, 2.07912648875e-07, 9.74016955979e-09, 4.39261418512e-15, 1.0498967591e-17],
        "max": [0.007759551052, 0.134466812015, 0.0465858466923, 0.0285256784409, 0.0615305155516, 0.0582454577088, 0.0958157479763, 0.0614014901221, 0.0398954078555, 0.0820879414678, 0.0672638043761, 0.0155871035531, 0.0158182680607, 0.00291885319166, 0.00598481437191, 0.00441594049335, 0.00644710892811, 0.00306454044767, 0.0015109826345, 0.00121637596749, 0.00284405145794, 0.00225916225463, 0.0106499809772, 0.00836778059602, 0.000621347629931, 5.0484879921e-07, 1.78335390899e-08],
        "mean": [0.000176923669642, 0.00549409538507, 0.00256807217374, 0.00242412858643, 0.00716967182234, 0.00426687672734, 0.00241216388531, 0.00183900585398, 0.00137948966585, 0.00119779293891, 0.000557128631044, 0.000232474063523, 0.000239510205574, 0.000117457508168, 0.000115430913866, 9.3848517281e-05, 0.000103503800347, 7.65866061556e-05, 5.68226278119e-05, 3.40784281434e-05, 3.75238996639e-05, 4.05535865866e-05, 8.90620576683e-05, 9.41915131989e-05, 1.71426181623e-05, 1.20902585721e-08, 9.68353619513e-10],
        "median": [2.28711614909e-05, 0.00168929132633, 0.00112146395259, 0.00166903191712, 0.0046258000657, 0.00185610598419, 0.000491249084007, 0.000364404520951, 0.000164295342984, 0.000140584874316, 6.18926278548e-05, 4.07970364904e-05, 6.75607734593e-05, 3.21960105794e-05, 3.69746558135e-05, 2.47091957135e-05, 2.40149674937e-05, 2.56229595834e-05, 2.23253282456e-05, 1.28875963128e-05, 1.03226857391e-05, 9.89079671854e-06, 1.61460993695e-05, 1.31334545586e-05, 1.73046112195e-06, 2.21274953915e-09, 3.47402967504e-10],
        "min": [5.31188391883e-11, 1.07305675456e-08, 3.83941411997e-08, 2.97034379315e-08, 1.85958157317e-07, 1.84924303426e-07, 1.56390811412e-08, 9.92948656631e-08, 2.83497438858e-08, 2.51126088813e-08, 1.78048846777e-08, 2.38969954935e-09, 1.59024859947e-09, 3.48225959179e-09, 3.23756077503e-10, 2.25594667946e-10, 2.33974450925e-10, 3.93364313345e-10, 3.82835319002e-10, 3.50309892205e-10, 9.60209481371e-11, 7.87998763463e-11, 6.33963784247e-11, 5.37073545359e-11, 1.94798083913e-11, 9.81386326371e-12, 1.14151032377e-11],
        "var": [2.53237118386e-07, 0.000181036637514, 1.80628758244e-05, 8.09454195405e-06, 6.35770193185e-05, 4.5004333515e-05, 4.49709114037e-05, 1.88026588148e-05, 1.2044882169e-05, 2.12480026676e-05, 7.0513110586e-06, 4.80116057133e-07, 5.41765132311e-07, 7.02370286376e-08, 6.68688642236e-08, 8.50680095255e-08, 1.75664979452e-07, 3.08843688401e-08, 1.21756729143e-08, 3.51519036101e-09, 1.65441242927e-08, 1.57982409377e-08, 1.86260507462e-07, 1.40611561505e-07, 3.0534164086e-09, 1.4734799862e-15, 2.84842890617e-18]
    },
    "erbbands": {
        "dmean": [0.124894075096, 1.30541789532, 2.5280828476, 3.19459199905, 9.8127117157, 12.6645870209, 15.8065252304, 13.7009248734, 16.0746269226, 16.4562549591, 21.0790023804, 21.269235611, 20.300321579, 15.6730508804, 15.3587064743, 6.66569185257, 6.72342538834, 3.43619847298, 4.48920488358, 3.3396282196, 2.42304182053, 2.59214568138, 1.89145541191, 1.93729293346, 1.30276095867, 1.10144364834, 1.09852576256, 1.1250128746, 1.07548511028, 1.59241890907, 2.30159378052, 2.15184998512, 1.33362519741, 0.430034220219, 0.0239226520061, 0.00109667761717, 7.15990972822e-05, 1.10601258712e-05, 7.66571065469e-06, 1.40070860652e-05],
        "dmean2": [0.210324034095, 2.19903516769, 4.41391944885, 5.37222862244, 16.0813102722, 20.4160499573, 23.2148399353, 20.4790363312, 24.9047088623, 24.4983959198, 30.0092811584, 29.568359375, 29.3957958221, 23.5416908264, 23.6803512573, 10.3927898407, 9.77550315857, 5.41860437393, 7.32065582275, 5.0639796257, 3.55387711525, 3.73327660561, 2.7160782814, 2.87323570251, 1.9479881525, 1.6667958498, 1.64461147785, 1.63809657097, 1.60617136955, 2.45411896706, 3.40494918823, 3.23160648346, 2.08297801018, 0.700758218765, 0.0398143492639, 0.00180945603643, 0.000113630427222, 1.70664934558e-05, 1.17124109238e-05, 2.17667457036e-05],
        "dvar": [0.117461256683, 13.1149692535, 41.1907691956, 23.1375408173, 188.030639648, 453.376220703, 845.122314453, 794.292358398, 3117.87207031, 2050.88330078, 3264.20678711, 2801.11376953, 11069.0273438, 2558.90649414, 3688.04296875, 473.502990723, 413.740905762, 71.931137085, 146.023849487, 71.0528182983, 45.5993537903, 64.8796768188, 19.6207885742, 18.0915908813, 8.59562110901, 7.28964042664, 8.67806053162, 14.2675132751, 8.77380561829, 51.9833831787, 148.426879883, 87.6792602539, 13.1554031372, 1.51623558998, 0.00778026878834, 1.49123570736e-05, 4.0680163238e-08, 8.53197179573e-10, 1.30272362342e-10, 4.78409201143e-10],
        "dvar2": [0.305955022573, 34.8889427185, 115.17906189, 63.5134086609, 480.248077393, 1189.15600586, 1762.72119141, 1800.56005859, 6916.64404297, 4388.50585938, 5604.36816406, 5090.69091797, 24268.1660156, 6378.64599609, 8707.05273438, 997.86340332, 721.450622559, 181.839599609, 329.327545166, 147.661621094, 99.994468689, 118.665489197, 34.5991668701, 37.5271835327, 17.4364337921, 15.5080308914, 16.6910896301, 28.7561454773, 18.9277858734, 115.97240448, 337.369171143, 190.062835693, 30.9785747528, 3.90344786644, 0.0204721465707, 3.91302564822e-05, 1.02833766391e-07, 2.0383266186e-09, 3.15551917929e-10, 1.1946194034e-09],
        "max": [3.10945463181, 32.2495384216, 62.5626106262, 62.8191833496, 158.795501709, 331.531616211, 604.027954102, 618.841003418, 1600.49072266, 757.779602051, 1689.1451416, 1082.12512207, 3046.92236328, 1584.74645996, 2079.20800781, 803.084228516, 813.326049805, 132.710540771, 377.29989624, 174.551742554, 172.839904785, 453.503204346, 125.700752258, 127.355110168, 76.577835083, 87.7463150024, 79.6945648193, 105.065422058, 55.1580657959, 202.082580566, 335.677185059, 281.924316406, 66.2224273682, 12.0481863022, 1.01441514492, 0.0446631573141, 0.00196343590505, 0.00040158489719, 0.00014431582531, 0.000206138836802],
        "mean": [0.128022834659, 1.34207427502, 3.1159260273, 5.42554473877, 15.7353916168, 24.0172481537, 36.6638870239, 32.0659103394, 36.8346138, 30.9706821442, 41.7255821228, 37.3691368103, 35.8468132019, 26.6963310242, 20.6505317688, 10.8120880127, 11.84288311, 6.13108110428, 6.5742650032, 5.82814359665, 4.81763076782, 5.95121860504, 3.95222783089, 3.80025315285, 2.33008956909, 1.70239818096, 1.56077623367, 1.40001618862, 1.25236153603, 1.93980419636, 2.75221991539, 2.36301064491, 1.27926063538, 0.378751724958, 0.0194283965975, 0.000932643481065, 7.46018777136e-05, 1.2593680367e-05, 1.72980508069e-05, 3.54186049663e-05],
        "median": [0.0276627000421, 0.431099563837, 1.34696543217, 4.04241943359, 9.34889793396, 13.9146032333, 14.8603887558, 14.4566068649, 9.37329387665, 10.0223026276, 7.91605949402, 5.09091472626, 5.1259970665, 4.18686771393, 3.48736333847, 2.63084673882, 3.54743099213, 1.90012836456, 1.86253452301, 1.99387645721, 1.51017582417, 1.28230917454, 1.3277900219, 1.51916515827, 0.917739331722, 0.636463522911, 0.507554292679, 0.326233416796, 0.340199798346, 0.42025628686, 0.457762151957, 0.335776388645, 0.184141889215, 0.0430186204612, 0.0013300688006, 9.11402457859e-05, 1.96792680072e-05, 3.9415072024e-06, 1.30960688693e-05, 2.80237709376e-05],
        "min": [1.40590771025e-07, 4.19253728978e-06, 3.71666501451e-05, 8.102189895e-05, 0.000124023616081, 0.000559401058126, 0.0024444530718, 0.00105104967952, 0.000263552792603, 0.000476079934742, 0.00205015693791, 0.000797341635916, 0.000389302062104, 0.000983178499155, 0.000277126993751, 0.000116735740448, 9.78524185484e-05, 0.000206610042369, 3.19774226227e-05, 1.45694475577e-05, 1.34915198942e-05, 1.21224366012e-05, 1.37887036544e-05, 2.92968161375e-05, 1.3179119378e-05, 1.89035927178e-05, 6.22125344307e-06, 3.69490226149e-06, 3.1068386761e-06, 2.15191948882e-06, 1.88502929177e-06, 1.1836033309e-06, 7.96209633336e-07, 4.72085389447e-07, 1.21739432757e-07, 5.58598536315e-08, 2.92864417162e-08, 9.98125582186e-09, 5.72478153771e-09, 1.6297035943e-09],
        "var": [0.102456986904, 10.4921188354, 30.6824302673, 31.1132850647, 359.967102051, 1117.62548828, 3271.92285156, 2781.8996582, 10838.8505859, 4220.19140625, 11358.1025391, 8253.99414062, 25552.2460938, 6180.69042969, 7076.52880859, 1121.3026123, 1397.15551758, 156.955047607, 239.154953003, 168.962127686, 147.841918945, 777.359069824, 81.2276687622, 47.0658760071, 22.9708309174, 12.6814966202, 16.5237541199, 24.0713748932, 11.7091150284, 65.1030654907, 185.648666382, 127.221641541, 17.5470180511, 1.3344823122, 0.005859519355, 1.1574536984e-05, 3.97367934113e-08, 1.04369712872e-09, 2.24114435343e-10, 8.51316184214e-10]
    },
    "gfcc": {
        "mean": [-67.4225234985, 156.447311401, -114.809188843, 47.203125, -80.9762191772, 11.6560115814, -40.0601119995, -10.8896770477, -5.94064092636, -27.2746715546, 10.1758460999, -22.3501052856, 5.07210588455],
        "cov": [[4297.70898438, -594.375183105, -339.851776123, 226.153884888, -106.812980652, 367.400634766, 1.36989974976, 314.788208008, -13.0988302231, 37.5231132507, -58.1747055054, 28.1308574677, 78.1566696167], [-594.375183105, 1084.30615234, -78.7085952759, -337.047821045, 331.71975708, -261.087432861, 202.593536377, -123.519996643, 132.617218018, -104.103889465, 92.865447998, -53.6131324768, 19.5803852081], [-339.851776123, -78.7085952759, 822.108520508, 298.993286133, -12.9675245285, 175.823532104, -61.2900657654, 10.2950563431, 30.9037590027, 81.2547225952, 17.2809352875, 42.0976066589, 3.55349874496], [226.153884888, -337.047821045, 298.993286133, 502.54977417, 52.1856422424, 139.270614624, -59.5446739197, 45.8945236206, 20.6012134552, 63.9541358948, -12.6505374908, 52.3109130859, 3.52737855911], [-106.812980652, 331.71975708, -12.9675245285, 52.1856422424, 311.819335938, -6.47916221619, 73.550201416, -26.878282547, 42.4103965759, -7.48828125, 26.390789032, -0.651551306248, 20.7947025299], [367.400634766, -261.087432861, 175.823532104, 139.270614624, -6.47916221619, 337.261932373, 50.313999176, 56.2204627991, -53.2266578674, 73.2635040283, -27.5281391144, 0.963754117489, 10.1529054642], [1.36989974976, 202.593536377, -61.2900657654, -59.5446739197, 73.550201416, 50.313999176, 211.835327148, 21.9116573334, 0.720221340656, -18.1575317383, 19.4176216125, -18.1878795624, -0.884623587132], [314.788208008, -123.519996643, 10.2950563431, 45.8945236206, -26.878282547, 56.2204627991, 21.9116573334, 198.797729492, 32.6286354065, -7.76776647568, -30.5344600677, -5.25980377197, 9.0804977417], [-13.0988302231, 132.617218018, 30.9037590027, 20.6012134552, 42.4103965759, -53.2266578674, 0.720221340656, 32.6286354065, 161.544326782, -8.42510318756, -4.46699333191, -2.50050783157, -5.88747739792], [37.5231132507, -104.103889465, 81.2547225952, 63.9541358948, -7.48828125, 73.2635040283, -18.1575317383, -7.76776647568, -8.42510318756, 133.438644409, 21.7140045166, 0.490443348885, 3.70341396332], [-58.1747055054, 92.865447998, 17.2809352875, -12.6505374908, 26.390789032, -27.5281391144, 19.4176216125, -30.5344600677, -4.46699333191, 21.7140045166, 93.441192627, 34.1893615723, -2.55478048325], [28.1308574677, -53.6131324768, 42.0976066589, 52.3109130859, -0.651551306248, 0.963754117489, -18.1878795624, -5.25980377197, -2.50050783157, 0.490443348885, 34.1893615723, 97.8812484741, 30.0072956085], [78.1566696167, 19.5803852081, 3.55349874496, 3.52737855911, 20.7947025299, 10.1529054642, -0.884623587132, 9.0804977417, -5.88747739792, 3.70341396332, -2.55478048325, 30.0072956085, 77.6693572998]],
        "icov": [[0.000350348389475, -0.000229072349612, 0.000423050310928, -0.000347309687641, 0.000346391258063, -0.000627403787803, 0.000336017052177, -0.00046215421753, -3.82789839932e-05, 4.99975976709e-05, -0.000190605016542, -3.4591415897e-05, -0.000249438598985], [-0.000229072349612, 0.00812534056604, -0.00293906941079, 0.00509654218331, -0.00688568642363, 0.00456500332803, -0.00518361013383, 0.00315194693394, -0.00410154135898, 0.00284183095209, -0.00421553198248, 0.00458366563544, -0.00345157529227], [0.000423050310928, -0.00293906941079, 0.00317600183189, -0.00287094782107, 0.00293718115427, -0.00301482132636, 0.00250117946416, -0.00117743597366, 0.000635121949017, -0.000914919481147, 0.000380058743758, -0.00145081407391, 0.000738955044653], [-0.000347309687641, 0.00509654218331, -0.00287094782107, 0.00666178995743, -0.00551694491878, 0.00242120330222, -0.00240263622254, 0.00148234853987, -0.00256014964543, 0.000794831721578, -0.00117060099728, 0.000687282357831, -0.000682635698467], [0.000346391258063, -0.00688568642363, 0.00293718115427, -0.00551694491878, 0.0102263325825, -0.00408116402104, 0.00293807731941, -0.00170479819644, 0.0020798065234, -0.00169463339262, 0.00193270808086, -0.00247952272184, 0.000791798694991], [-0.000627403787803, 0.00456500332803, -0.00301482132636, 0.00242120330222, -0.00408116402104, 0.00869381334633, -0.00536454515532, 0.00116490048822, 0.000125603211927, -0.00134373630863, 0.000801906455308, 0.00176982244011, -0.00131639325991], [0.000336017052177, -0.00518361013383, 0.00250117946416, -0.00240263622254, 0.00293807731941, -0.00536454515532, 0.0101960776374, -0.00307148206048, 0.00218913098797, -6.08493282925e-05, -0.000270551419817, -0.00140516506508, 0.00205601728521], [-0.00046215421753, 0.00315194693394, -0.00117743597366, 0.00148234853987, -0.00170479819644, 0.00116490048822, -0.00307148206048, 0.00793144013733, -0.00330755813047, 0.00180451828055, -0.000350913935108, 0.00209722737782, -0.00215967092663], [-3.82789839932e-05, -0.00410154135898, 0.000635121949017, -0.00256014964543, 0.0020798065234, 0.000125603211927, 0.00218913098797, -0.00330755813047, 0.00996482465416, -0.00223066867329, 0.00362053280696, -0.00284088752232, 0.00307647255249], [4.99975976709e-05, 0.00284183095209, -0.000914919481147, 0.000794831721578, -0.00169463339262, -0.00134373630863, -6.08493282925e-05, 0.00180451828055, -0.00223066867329, 0.0115855531767, -0.00642385007814, 0.00467185722664, -0.00308103836142], [-0.000190605016542, -0.00421553198248, 0.000380058743758, -0.00117060099728, 0.00193270808086, 0.000801906455308, -0.000270551419817, -0.000350913935108, 0.00362053280696, -0.00642385007814, 0.0198488961905, -0.0105033144355, 0.00599753111601], [-3.4591415897e-05, 0.00458366563544, -0.00145081407391, 0.000687282357831, -0.00247952272184, 0.00176982244011, -0.00140516506508, 0.00209722737782, -0.00284088752232, 0.00467185722664, -0.0105033144355, 0.0191758777946, -0.00910638924688], [-0.000249438598985, -0.00345157529227, 0.000738955044653, -0.000682635698467, 0.000791798694991, -0.00131639325991, 0.00205601728521, -0.00215967092663, 0.00307647255249, -0.00308103836142, 0.00599753111601, -0.00910638924688, 0.018325034529]]
    },
    "melbands": {
        "dmean": [0.00133467442356, 0.00148456543684, 0.000758853449952, 0.000765661941841, 0.000566018105019, 0.000319355836837, 0.000241800167714, 0.000184086122317, 0.000175098088221, 0.00012235212489, 0.000102483274532, 6.54010727885e-05, 6.27779227216e-05, 1.97725803446e-05, 1.81322666322e-05, 1.03559204945e-05, 6.60247269479e-06, 7.75805892772e-06, 4.92273466079e-06, 4.51572623206e-06, 2.92535787594e-06, 3.04240643345e-06, 1.89008869711e-06, 2.1897874376e-06, 1.60885338119e-06, 1.24640178001e-06, 7.1249019129e-07, 7.70224858115e-07, 7.35409400932e-07, 7.34434991045e-07, 6.22814013695e-07, 5.72400495003e-07, 7.59487704727e-07, 9.43889460814e-07, 1.36197445499e-06, 1.34102276661e-06, 1.33950982217e-06, 9.94608058136e-07, 7.31980435376e-07, 2.36786533492e-07],
        "dmean2": [0.00222426792607, 0.00253906170838, 0.00125820399262, 0.00124966260046, 0.000849877251312, 0.000473783904454, 0.000374153867597, 0.000271610362688, 0.000248631316936, 0.000170178784174, 0.00014992976503, 9.80733311735e-05, 9.64935170487e-05, 3.11356670863e-05, 2.76592490991e-05, 1.50254263644e-05, 1.05174076452e-05, 1.26608829305e-05, 7.88305624155e-06, 6.63580658511e-06, 4.42650025434e-06, 4.38853385276e-06, 2.92413847092e-06, 3.06809010908e-06, 2.4466389732e-06, 1.87125635875e-06, 1.10003566078e-06, 1.179530841e-06, 1.1275100178e-06, 1.08491713036e-06, 9.28969541292e-07, 8.63923844463e-07, 1.17269769362e-06, 1.46935201428e-06, 2.08842971006e-06, 1.97699910132e-06, 2.07565631172e-06, 1.58994464527e-06, 1.19647927477e-06, 3.91180009274e-07],
        "dvar": [1.38048844747e-05, 1.54973004101e-05, 1.16161209007e-06, 1.09355823952e-06, 8.81282858245e-07, 3.89143906432e-07, 6.80195398672e-07, 2.19994049644e-07, 2.04450415708e-07, 9.6304901831e-08, 2.85198467509e-07, 4.67112712954e-08, 7.80598838901e-08, 3.06005576434e-09, 2.24741381061e-09, 8.20212564534e-10, 3.0015034902e-10, 4.16163492556e-10, 1.45434761456e-10, 1.88055196415e-10, 7.80971398662e-11, 1.12853913714e-10, 1.6026787536e-11, 4.39493233473e-11, 1.18512543529e-11, 1.1140687331e-11, 1.93649696972e-12, 3.00644752149e-12, 3.94427372707e-12, 8.80632892997e-12, 3.98670766538e-12, 2.39449974605e-12, 7.94931221543e-12, 2.19388257561e-11, 5.83450440739e-11, 4.33248679987e-11, 3.17618292778e-11, 8.2425160447e-12, 3.66404476204e-12, 6.52588009672e-13],
        "dvar2": [3.58986217179e-05, 4.25577527494e-05, 3.13737609758e-06, 2.84924135485e-06, 1.98509610527e-06, 8.82812230429e-07, 1.51993435793e-06, 4.52753795344e-07, 3.51237645191e-07, 1.76709320954e-07, 6.29484304682e-07, 1.15392630562e-07, 1.8295081361e-07, 7.0361934057e-09, 4.57399984555e-09, 1.40471345667e-09, 7.82305442648e-10, 9.66134616753e-10, 3.53203827297e-10, 3.30260263581e-10, 1.68534311507e-10, 2.10499506714e-10, 3.54422255433e-11, 7.76385761236e-11, 2.59281832116e-11, 2.19634605642e-11, 4.41552220135e-12, 6.55355283929e-12, 8.17056318436e-12, 1.66897797665e-11, 8.5632143737e-12, 5.24882134284e-12, 1.79798207572e-11, 4.98177159247e-11, 1.37945141421e-10, 8.97024329816e-11, 7.12977801798e-11, 1.92881786931e-11, 9.31228098106e-12, 1.72355380836e-12],
        "max": [0.0336444340646, 0.036719109863, 0.0137550421059, 0.0170167945325, 0.0161970313638, 0.0128686502576, 0.0220817606896, 0.00972189567983, 0.0129180373624, 0.0073554017581, 0.0154244638979, 0.00684653269127, 0.00998182687908, 0.00186521094292, 0.00138123461511, 0.00107489200309, 0.000302684376948, 0.00059245491866, 0.000214123167098, 0.000473268097267, 0.00025177950738, 0.000556083337869, 8.12073340057e-05, 0.000165807985468, 0.000103097903775, 0.000105541505036, 3.27210946125e-05, 5.16906802659e-05, 5.10835525347e-05, 0.000103421691165, 4.68587204523e-05, 2.77248236671e-05, 5.85346933804e-05, 0.000143433280755, 0.000216235479456, 0.000143117766129, 0.000173955078935, 5.66084563616e-05, 1.98791658477e-05, 9.18455771171e-06],
        "mean": [0.00138781091664, 0.00172522105277, 0.00127335148863, 0.00141798250843, 0.00129955681041, 0.000752103922423, 0.000532203062903, 0.000336517055985, 0.000342397426721, 0.000209621968679, 0.000176260451553, 0.000110851782665, 7.99507979536e-05, 2.96325542877e-05, 2.88920709863e-05, 1.86199649761e-05, 1.09377933768e-05, 1.08345175249e-05, 7.47916647015e-06, 7.8902403402e-06, 5.06215474161e-06, 6.81999244989e-06, 3.26818940266e-06, 4.25825555794e-06, 2.89699551104e-06, 2.17105366573e-06, 1.09723691821e-06, 1.10007249532e-06, 1.00791976365e-06, 9.66529000834e-07, 7.29792020593e-07, 6.46908858926e-07, 8.79285153133e-07, 1.13692965442e-06, 1.59586318205e-06, 1.57838121595e-06, 1.40879956234e-06, 9.56875851443e-07, 6.51557400033e-07, 1.94035024492e-07],
        "median": [0.000390741915908, 0.000722830940504, 0.000945347012021, 0.000874865625519, 0.00062615214847, 0.000339109217748, 0.000129322084831, 0.000104850740172, 5.60949774808e-05, 2.50489028986e-05, 1.87136665772e-05, 1.49436409629e-05, 9.93100275082e-06, 5.37478081242e-06, 7.90391823102e-06, 5.19371951668e-06, 2.92075719699e-06, 2.8820325042e-06, 2.51091978498e-06, 2.243470135e-06, 1.42824194427e-06, 1.28035230773e-06, 1.00570980521e-06, 1.29385080072e-06, 1.14274644147e-06, 7.64767889905e-07, 4.44611686135e-07, 3.80146872203e-07, 3.16555940572e-07, 2.1685193019e-07, 1.71999900545e-07, 1.72535877141e-07, 1.92162048052e-07, 2.41477437157e-07, 2.74223822316e-07, 2.0837693171e-07, 1.91023431739e-07, 1.39026155921e-07, 8.32586266597e-08, 1.57424171476e-08],
        "min": [2.07383221706e-09, 1.48836090119e-08, 1.55798325352e-08, 1.63814100063e-08, 7.65155121485e-08, 2.65128559107e-08, 3.42079209403e-09, 6.30228047527e-09, 1.46993155425e-08, 4.17903045502e-09, 1.38709532749e-09, 4.18599643837e-09, 1.52430068567e-09, 2.15511150592e-10, 2.83014667257e-10, 2.39097630583e-10, 3.78869047246e-10, 3.82193859894e-11, 2.40891282616e-11, 1.63663978203e-11, 1.59955174106e-11, 1.46850222954e-11, 6.80397361716e-12, 2.05800359393e-11, 2.49663744539e-11, 1.23240341543e-11, 1.0353053484e-11, 1.18421123602e-11, 4.26800131695e-12, 2.29230523452e-12, 2.00477807098e-12, 1.82293915206e-12, 1.24010610808e-12, 1.19136601626e-12, 1.06998741464e-12, 8.75346615938e-13, 7.02128947431e-13, 4.74114508504e-13, 3.89779544361e-13, 1.73732745854e-13],
        "var": [1.18681718959e-05, 1.16955870908e-05, 1.70014504874e-06, 2.77348954114e-06, 3.18539218824e-06, 1.42004603276e-06, 2.20038918997e-06, 4.70083762139e-07, 7.27776694021e-07, 2.96414583545e-07, 6.5131609972e-07, 1.13118318268e-07, 1.50658422626e-07, 7.00885083305e-09, 5.94059335057e-09, 2.79737077946e-09, 6.19278628378e-10, 6.96335600292e-10, 2.2391828669e-10, 6.33471164413e-10, 2.10825634728e-10, 1.22472676445e-09, 5.05459910038e-11, 1.31783001178e-10, 2.84767782271e-11, 3.12275760805e-11, 3.59251734264e-12, 5.02990964851e-12, 6.61443426073e-12, 1.79377797338e-11, 5.5756367405e-12, 2.96610739442e-12, 1.0552444335e-11, 2.55716576386e-11, 6.64063873335e-11, 6.38609998216e-11, 4.49638416777e-11, 1.12798095517e-11, 3.50945769841e-12, 5.03460012395e-13]
    },
    "mfcc": {
        "mean": [-696.084106445, 152.643081665, 31.5139007568, 20.9213924408, 4.12661314011, 0.808833062649, -7.97708272934, 3.05628252029, -13.7725811005, 2.14324951172, -8.14800167084, -0.890008270741, -6.78392982483],
        "cov": [[4506.72900391, -713.843811035, -342.620422363, -121.950439453, -27.1126003265, -4.20120191574, 109.578392029, 188.802337646, 178.754943848, 75.50050354, -5.03975915909, 6.94318151474, 16.9692726135], [-713.843811035, 1338.25671387, -369.971313477, -41.9781188965, -21.0055351257, -70.4846115112, 1.05146849155, 4.62700986862, -56.6050949097, 49.6896400452, 0.321096539497, -19.5887317657, -1.37467193604], [-342.620422363, -369.971313477, 829.370727539, 96.9071578979, 120.000907898, 133.169815063, 13.925069809, 3.35888338089, 30.2980155945, -10.66685009, 51.3345870972, 52.0166549683, 36.4498443604], [-121.950439453, -41.9781188965, 96.9071578979, 327.063842773, 132.689437866, 38.0161552429, -29.9467792511, 26.1673583984, 13.1219244003, -26.5131568909, 7.30971860886, 48.0366249084, 27.6181430817], [-27.1126003265, -21.0055351257, 120.000907898, 132.689437866, 246.08164978, 73.1763076782, -9.81254768372, 13.8110055923, 46.8541145325, -5.80453062057, 7.44419956207, 33.5736503601, 33.754863739], [-4.20120191574, -70.4846115112, 133.169815063, 38.0161552429, 73.1763076782, 272.919677734, 94.3992462158, -22.36170578, 21.1345920563, -15.2506732941, 43.503238678, 12.3490400314, 25.3216705322], [109.578392029, 1.05146849155, 13.925069809, -29.9467792511, -9.81254768372, 94.3992462158, 240.439163208, 25.9276065826, 26.7180213928, 0.539985835552, 33.4447784424, -18.2768306732, 15.3318786621], [188.802337646, 4.62700986862, 3.35888338089, 26.1673583984, 13.8110055923, -22.36170578, 25.9276065826, 183.74420166, 45.5346221924, 28.321855545, -10.4423265457, 10.0290679932, -1.3732843399], [178.754943848, -56.6050949097, 30.2980155945, 13.1219244003, 46.8541145325, 21.1345920563, 26.7180213928, 45.5346221924, 163.636108398, 31.9356021881, 11.4985656738, 3.99324774742, 8.44812488556], [75.50050354, 49.6896400452, -10.66685009, -26.5131568909, -5.80453062057, -15.2506732941, 0.539985835552, 28.321855545, 31.9356021881, 141.662063599, 17.1365509033, -15.8514509201, -11.4657249451], [-5.03975915909, 0.321096539497, 51.3345870972, 7.30971860886, 7.44419956207, 43.503238678, 33.4447784424, -10.4423265457, 11.4985656738, 17.1365509033, 99.4162139893, 21.9759140015, 8.53736019135], [6.94318151474, -19.5887317657, 52.0166549683, 48.0366249084, 33.5736503601, 12.3490400314, -18.2768306732, 10.0290679932, 3.99324774742, -15.8514509201, 21.9759140015, 96.6475143433, 25.803068161], [16.9692726135, -1.37467193604, 36.4498443604, 27.6181430817, 33.754863739, 25.3216705322, 15.3318786621, -1.3732843399, 8.44812488556, -11.4657249451, 8.53736019135, 25.803068161, 90.9261474609]],
