{
"lowlevel": {
    "average_loudness": 0.943354606628,
    "barkbands_crest": {
        "dmean": 3.33233237267,
        "dmean2": 5.01432800293,
        "dvar": 8.39148712158,
        "dvar2": 17.2362613678,
        "max": 26.1985225677,
        "mean": 12.1197252274,
        "median": 11.2853651047,
        "min": 2.41848516464,
        "var": 30.778427124
    },
    "barkbands_flatness_db": {
        "dmean": 0.0311092156917,
        "dmean2": 0.0449567474425,
        "dvar": 0.00072805210948,
        "dvar2": 0.00148109160364,
        "max": 0.362406343222,
        "mean": 0.155978739262,
        "median": 0.146609157324,
        "min": 0.0670701935887,
        "var": 0.00246136379428
    },
    "barkbands_kurtosis": {
        "dmean": 5.20862913132,
        "dmean2": 7.93894481659,
        "dvar": 116.420433044,
        "dvar2": 283.144348145,
        "max": 152.030014038,
        "mean": 5.39295816422,
        "median": 1.03948163986,
        "min": -1.88173091412,
        "var": 158.690155029
    },
    "barkbands_skewness": {
        "dmean": 0.865795969963,
        "dmean2": 1.21547591686,
        "dvar": 0.808130204678,
        "dvar2": 1.72501409054,
        "max": 11.9994907379,
        "mean": 1.89799797535,
        "median": 1.57593357563,
        "min": -1.43393218517,
        "var": 2.79844999313
    },
    "barkbands_spread": {
        "dmean": 11.2208251953,
        "dmean2": 16.3281707764,
        "dvar": 103.16620636,
        "dvar2": 187.47567749,
        "max": 97.8243789673,
        "mean": 42.2488059998,
        "median": 40.4430732727,
        "min": 1.97860789299,
        "var": 545.604187012
    },
    "dissonance": {
        "dmean": 0.0106152342632,
        "dmean2": 0.0177581235766,
        "dvar": 0.000132554894662,
        "dvar2": 0.000340922590112,
        "max": 0.5,
        "mean": 0.480922549963,
        "median": 0.484329432249,
        "min": 0.309836447239,
        "var": 0.000215562657104
    },
    "dynamic_complexity": 2.42621827126,
    "erbbands_crest": {
        "dmean": 1.69432234764,
        "dmean2": 2.85764455795,
        "dvar": 2.8541328907,
        "dvar2": 7.25555324554,
        "max": 20.1057014465,
        "mean": 5.44362306595,
        "median": 4.88059043884,
        "min": 2.21737670898,
        "var": 4.77673768997
    },
    "erbbands_flatness_db": {
        "dmean": 0.0116468919441,
        "dmean2": 0.0174349322915,
        "dvar": 0.000149539628183,
        "dvar2": 0.000301937689073,
        "max": 0.291853636503,
        "mean": 0.136161223054,
        "median": 0.131980106235,
        "min": 0.094336129725,
        "var": 0.000515905150678
    },
    "erbbands_kurtosis": {
        "dmean": 0.745568215847,
        "dmean2": 1.18169760704,
        "dvar": 0.623683691025,
        "dvar2": 1.36169779301,
        "max": 12.1765451431,
        "mean": -0.123544424772,
        "median": -0.427819013596,
        "min": -1.83053159714,
        "var": 1.76373207569
    },
    "erbbands_skewness": {
        "dmean": 0.345378309488,
        "dmean2": 0.540757477283,
        "dvar": 0.0944874361157,
        "dvar2": 0.208523854613,
        "max": 2.16708469391,
        "mean": -0.612727284431,
        "median": -0.61451292038,
        "min": -2.8847413063,
        "var": 0.363193720579
    },
    "erbbands_spread": {
        "dmean": 13.5295934677,
        "dmean2": 19.8155536652,
        "dvar": 146.404953003,
        "dvar2": 298.943206787,
        "max": 150.508026123,
        "mean": 66.8440933228,
        "median": 62.7603111267,
        "min": 14.0319452286,
        "var": 598.011535645
    },
    "hfc": {
        "dmean": 19.5263595581,
        "dmean2": 27.34466362,
        "dvar": 621.626953125,
        "dvar2": 1222.4675293,
        "max": 254.188949585,
        "mean": 42.1668777466,
        "median": 32.0109100342,
        "min": 0.000263839872787,
        "var": 1566.72277832
    },
    "melbands_crest": {
        "dmean": 4.15097570419,
        "dmean2": 6.57945966721,
        "dvar": 12.6894741058,
        "dvar2": 28.7956466675,
        "max": 32.9199562073,
        "mean": 18.5075340271,
        "median": 18.6372528076,
        "min": 3.79564023018,
        "var": 37.250541687
    },
    "melbands_flatness_db": {
        "dmean": 0.0420919544995,
        "dmean2": 0.0592097975314,
        "dvar": 0.00124321551993,
        "dvar2": 0.00241600442678,
        "max": 0.420014560223,
        "mean": 0.177924260497,
        "median": 0.171470090747,
        "min": 0.0254044644535,
        "var": 0.00528797507286
    },
    "melbands_kurtosis": {
        "dmean": 24.7417354584,
        "dmean2": 36.3010864258,
        "dvar": 1883.02172852,
        "dvar2": 4214.60449219,
        "max": 549.568664551,
        "mean": 39.0534820557,
        "median": 18.6170978546,
        "min": -1.50544643402,
        "var": 3337.81884766
    },
    "melbands_skewness": {
        "dmean": 1.53756415844,
        "dmean2": 2.13270640373,
        "dvar": 2.39502382278,
        "dvar2": 4.83868837357,
        "max": 19.9069480896,
        "mean": 4.89954280853,
        "median": 4.13790464401,
        "min": 0.204240903258,
        "var": 9.26218223572
    },
    "melbands_spread": {
        "dmean": 14.898024559,
        "dmean2": 21.5366001129,
        "dvar": 294.874542236,
        "dvar2": 606.73059082,
        "max": 195.540939331,
        "mean": 33.7807693481,
        "median": 24.2855148315,
        "min": 0.982336044312,
        "var": 839.728637695
    },
    "pitch_salience": {
        "dmean": 0.105630598962,
        "dmean2": 0.1595685184,
        "dvar": 0.00839288067073,
        "dvar2": 0.0197153929621,
        "max": 0.819552958012,
        "mean": 0.485090225935,
        "median": 0.509462893009,
        "min": 0.0456713475287,
        "var": 0.0219071172178
    },
    "silence_rate_20dB": {
        "dmean": 0,
        "dmean2": 0,
        "dvar": 0,
        "dvar2": 0,
        "max": 1,
        "mean": 1,
        "median": 1,
        "min": 1,
        "var": 0
    },
    "silence_rate_30dB": {
        "dmean": 0.0626934990287,
        "dmean2": 0.125435546041,
        "dvar": 0.0587631501257,
        "dvar2": 0.134479925036,
        "max": 1,
        "mean": 0.915280461311,
        "median": 1,
        "min": 0,
        "var": 0.0775412246585
    },
    "silence_rate_60dB": {
        "dmean": 0.0162538699806,
        "dmean2": 0.0325203239918,
        "dvar": 0.0159889012575,
        "dvar2": 0.0446282438934,
        "max": 1,
        "mean": 0.0228239838034,
        "median": 0,
        "min": 0,
        "var": 0.0223045405
    },
    "spectral_centroid": {
        "dmean": 430.988189697,
        "dmean2": 624.022766113,
        "dvar": 150043.03125,
        "dvar2": 279680.1875,
        "max": 4145.71777344,
        "mean": 2172.73608398,
        "median": 2245.37548828,
        "min": 219.074279785,
        "var": 731133.5625
    },
    "spectral_complexity": {
        "dmean": 7.38467502594,
        "dmean2": 10.6295003891,
        "dvar": 40.1608695984,
        "dvar2": 79.5713806152,
        "max": 55,
        "mean": 21.5922622681,
        "median": 21,
        "min": 0,
        "var": 122.021530151
    },
    "spectral_decrease": {
        "dmean": 4.018498867e-09,
        "dmean2": 6.10719474992e-09,
        "dvar": 2.27162821361e-17,
        "dvar2": 5.46537322042e-17,
        "max": -5.38967132101e-14,
        "mean": -1.03612141089e-08,
        "median": -7.33820870735e-09,
        "min": -4.89994107511e-08,
        "var": 8.46656017593e-17
    },
    "spectral_energy": {
        "dmean": 0.0161680784076,
        "dmean2": 0.0244818478823,
        "dvar": 0.000339087826433,
        "dvar2": 0.000813247694168,
        "max": 0.194136738777,
        "mean": 0.0429303124547,
        "median": 0.0316292829812,
        "min": 2.27349943316e-07,
        "var": 0.00128671946004
    },
    "spectral_energyband_high": {
        "dmean": 0.00223637092859,
        "dmean2": 0.00311333499849,
        "dvar": 9.16564022191e-06,
        "dvar2": 1.78306636371e-05,
        "max": 0.0316318832338,
        "mean": 0.00452641025186,
        "median": 0.00315763661638,
        "min": 2.17516475942e-08,
        "var": 2.45531045948e-05
    },
    "spectral_energyband_low": {
        "dmean": 0.0123774949461,
        "dmean2": 0.0181929226965,
        "dvar": 0.000292124983389,
        "dvar2": 0.000682312587742,
        "max": 0.178077980876,
        "mean": 0.0274796616286,
        "median": 0.0159459393471,
        "min": 1.14778266891e-07,
        "var": 0.00101831241045
    },
    "spectral_energyband_middle_high": {
        "dmean": 0.00153401342686,
        "dmean2": 0.00229639350437,
        "dvar": 2.60297133536e-06,
        "dvar2": 5.78247954763e-06,
        "max": 0.0176723282784,
        "mean": 0.00317414477468,
        "median": 0.0027333968319,
        "min": 4.36526086389e-08,
        "var": 5.25028917764e-06
    },
    "spectral_energyband_middle_low": {
        "dmean": 0.0082915732637,
        "dmean2": 0.0132862124592,
        "dvar": 0.000243079324719,
        "dvar2": 0.00057775498135,
        "max": 0.114282488823,
        "mean": 0.00989228114486,
        "median": 0.00478217750788,
        "min": 2.91277206799e-08,
        "var": 0.000242486872594
    },
    "spectral_entropy": {
        "dmean": 0.142689242959,
        "dmean2": 0.219800427556,
        "dvar": 0.0251169800758,
        "dvar2": 0.0572198517621,
        "max": 8.54727077484,
        "mean": 8.08143424988,
        "median": 8.12637233734,
        "min": 6.27136421204,
        "var": 0.0789820849895
    },
    "spectral_flux": {
        "dmean": 0.0352107584476,
        "dmean2": 0.0562364123762,
        "dvar": 0.00146683375351,
        "dvar2": 0.00284916139208,
        "max": 0.360183686018,
        "mean": 0.11022143811,
        "median": 0.0959721803665,
        "min": 0.000476812274428,
        "var": 0.00395760359243
    },
    "spectral_kurtosis": {
        "dmean": 0.68387067318,
        "dmean2": 1.15126883984,
        "dvar": 1.97406327724,
        "dvar2": 5.10788488388,
        "max": 26.2102794647,
        "mean": 0.697793781757,
        "median": 0.351138114929,
        "min": -0.704156160355,
        "var": 2.52313733101
    },
    "spectral_rms": {
        "dmean": 0.00122035096865,
        "dmean2": 0.0018017841503,
        "dvar": 1.248302965e-06,
        "dvar2": 2.75453930954e-06,
        "max": 0.0137623287737,
        "mean": 0.0059101972729,
        "median": 0.00555498339236,
        "min": 1.48931130752e-05,
        "var": 6.95289600117e-06
    },
    "spectral_rolloff": {
        "dmean": 1154.7746582,
        "dmean2": 1708.50036621,
        "dvar": 1912752.75,
        "dvar2": 3318828.5,
        "max": 8979.34570312,
        "mean": 2755.2512207,
        "median": 1916.45507812,
        "min": 64.599609375,
        "var": 6809351
    },
    "spectral_skewness": {
        "dmean": 0.147926524282,
        "dmean2": 0.229211658239,
        "dvar": 0.0395575128496,
        "dvar2": 0.089938685298,
        "max": 3.45867371559,
        "mean": 0.687144875526,
        "median": 0.631538569927,
        "min": 0.15592597425,
        "var": 0.103543050587
    },
    "spectral_spread": {
        "dmean": 441877.75,
        "dmean2": 682086.75,
        "dvar": 160643186688,
        "dvar2": 349829136384,
        "max": 8687576,
        "mean": 5789268,
        "median": 5877762,
        "min": 1780797.5,
        "var": 841045180416
    },
    "spectral_strongpeak": {
        "dmean": 0.230444937944,
        "dmean2": 0.381962239742,
        "dvar": 0.0736510828137,
        "dvar2": 0.198433995247,
        "max": 3.2466917038,
        "mean": 0.486096084118,
        "median": 0.421304404736,
        "min": 0,
        "var": 0.107354998589
    },
    "zerocrossingrate": {
        "dmean": 0.0200206656009,
        "dmean2": 0.0215448662639,
        "dvar": 0.000284275127342,
        "dvar2": 0.000323421496432,
        "max": 0.25,
        "mean": 0.090816155076,
        "median": 0.0830078125,
        "min": 0.00830078125,
        "var": 0.00242267199792
    },
    "barkbands": {
        "dmean": [0.000371111265849, 0.00973246153444, 0.00485768401995, 0.00398579798639, 0.00448084855452, 0.000902760773897, 0.000366606429452, 0.000349771464244, 0.000227469223319, 0.000213964187424, 0.000170827610418, 0.000182190080523, 0.000169451755937, 0.000227616415941, 0.000216467858991, 0.000200579001103, 0.000235536514083, 0.000239345172304, 0.00023282750044, 0.000350736110704, 0.000367800414097, 0.000486128876219, 0.000721720396541, 0.000593262608163, 0.000161988646141, 1.22597029417e-07, 2.27663665697e-09],
        "dmean2": [0.000588301743846, 0.0138869099319, 0.00785359088331, 0.00669625215232, 0.00776295829564, 0.00151374656707, 0.000600568891969, 0.000575693382416, 0.000383616774343, 0.000365089275874, 0.000289234012598, 0.000306630536215, 0.000288966170046, 0.00037401006557, 0.000356071803253, 0.000332185649313, 0.000391975976527, 0.000391617795685, 0.00036963596358, 0.000542526715435, 0.000560630462132, 0.000708109524567, 0.00109429995064, 0.000846121867653, 0.000246800482273, 1.87132343399e-07, 4.20804591172e-09],
        "dvar": [3.39547909789e-07, 0.000252164260019, 9.66892039287e-05, 9.96601447696e-05, 0.000121237855637, 2.53558164331e-06, 3.30042155383e-07, 3.84522252261e-07, 1.94301264855e-07, 2.97708226071e-07, 9.39741227057e-08, 7.95980170665e-08, 5.66542439628e-08, 1.02381001454e-07, 9.610511853e-08, 7.11592278435e-08, 9.17760374364e-08, 9.65411430798e-08, 7.52336859478e-08, 2.00174866904e-07, 2.12353285178e-07, 3.82087932849e-07, 1.49624020196e-06, 7.55565679356e-07, 5.90947131229e-08, 2.82719777223e-14, 4.40858215908e-17],
        "dvar2": [7.96877372977e-07, 0.000483273121063, 0.000254285463598, 0.000268375704763, 0.000342636980349, 6.88312866259e-06, 8.02895613106e-07, 9.31484578359e-07, 5.11642952006e-07, 8.23636923997e-07, 2.47291552569e-07, 2.05179546242e-07, 1.53205846232e-07, 2.68880427257e-07, 2.47786175578e-07, 1.9334183321e-07, 2.45848013947e-07, 2.38651438167e-07, 1.762448818e-07, 4.43649383897e-07, 4.56964698969e-07, 7.6090134371e-07, 3.36030848302e-06, 1.34401898322e-06, 1.20207516829e-07, 6.31355184062e-14, 1.27570851327e-16],
        "max": [0.00504316948354, 0.16285854578, 0.101000890136, 0.0866439864039, 0.0796602293849, 0.0185830388218, 0.00835702009499, 0.008585463278, 0.00629534060135, 0.0115692028776, 0.00499443151057, 0.00322523433715, 0.0028905859217, 0.00309040513821, 0.00402234215289, 0.00325162056834, 0.00383647787385, 0.00409904774278, 0.00438325433061, 0.0057341279462, 0.00685880193487, 0.00851237401366, 0.012547256425, 0.00907643325627, 0.00230762339197, 2.12142276723e-06, 1.86762150634e-07],
        "mean": [0.000443383672973, 0.0190612785518, 0.00589194102213, 0.00365179521032, 0.00417618732899, 0.000916803721339, 0.000421239004936, 0.000401597062591, 0.000243510468863, 0.000225947253057, 0.000201052695047, 0.000216359723709, 0.000206390104722, 0.000306320755044, 0.000301065068925, 0.000282358785626, 0.000325848086504, 0.000371619476937, 0.000415267888457, 0.000648138637189, 0.000746684905607, 0.000980212003924, 0.00112704967614, 0.001074848813, 0.000293237215374, 1.8500251997e-07, 1.76701042687e-09],
        "median": [0.000159348754096, 0.00899165030569, 0.00240306230262, 0.000773212057538, 0.00131158356089, 0.00041099061491, 0.000187444107723, 0.000142981472891, 9.69887187239e-05, 8.97008794709e-05, 7.9029785411e-05, 0.000112887013529, 0.000125651960843, 0.000160713883815, 0.000187885671039, 0.000187387267943, 0.000225936702918, 0.000274151650956, 0.000328538822941, 0.000474169501103, 0.00056287489133, 0.000637021905277, 0.000684883503709, 0.000602868560236, 0.00018000115233, 9.93423725504e-08, 5.26164389836e-10],
        "min": [2.03024555501e-10, 6.04367897949e-08, 5.00426828864e-08, 6.76107703157e-09, 3.27589866345e-09, 9.41511668628e-09, 9.10184372316e-10, 3.2156463603e-10, 2.44533837623e-09, 1.48075740558e-09, 1.76743331082e-09, 2.0387691535e-09, 1.84740989173e-09, 4.65425653573e-09, 2.3521027348e-09, 4.36740732468e-09, 3.88248633243e-09, 3.21482973575e-09, 4.99653829422e-09, 3.04795877426e-09, 5.01722619006e-09, 4.41400738183e-09, 6.21347284735e-09, 4.33851221615e-09, 6.14231943086e-10, 6.35987746841e-12, 7.71275231182e-12],
        "var": [5.5616209238e-07, 0.000707211729605, 0.000100410412415, 7.96259846538e-05, 8.42317240313e-05, 2.0522786599e-06, 4.14623940515e-07, 4.96081895562e-07, 2.10050842497e-07, 2.77812745253e-07, 1.2525563875e-07, 9.16581228694e-08, 6.17251743051e-08, 1.44321646189e-07, 1.27183952259e-07, 9.1975763894e-08, 1.11123050317e-07, 1.37322842875e-07, 1.40141040106e-07, 4.49334947916e-07, 5.71434156882e-07, 1.2050446685e-06, 2.23865185944e-06, 1.82032795237e-06, 1.20358578215e-07, 5.34312008429e-14, 2.90837497467e-17]
    },
    "erbbands": {
        "dmean": [0.273727744818, 2.42150139809, 4.93295764923, 10.5524110794, 13.4692583084, 15.6442193985, 10.3574438095, 6.82454061508, 4.75175094604, 7.49270009995, 7.20073795319, 4.79084539413, 6.58856582642, 6.50013017654, 6.97473192215, 8.04216575623, 6.49022817612, 13.6601457596, 9.88648509979, 9.82258319855, 12.2759065628, 10.9573869705, 12.2853546143, 11.0033740997, 14.5087118149, 16.8622398376, 15.3201656342, 15.0929870605, 18.1444587708, 17.7969760895, 21.7388305664, 14.3033514023, 9.44109535217, 3.35520720482, 0.29716154933, 0.0128631489351, 0.000644439947791, 8.80458464962e-05, 2.59734370047e-05, 2.38118627749e-05],
        "dmean2": [0.355971366167, 3.3839058876, 7.49559831619, 17.4991588593, 22.1126041412, 27.4559383392, 17.8348236084, 11.5145320892, 7.65285730362, 12.18450737, 11.9765615463, 7.90971183777, 11.1420383453, 11.0911817551, 11.6502819061, 13.5151729584, 10.8135213852, 22.3945274353, 16.2700386047, 15.9723615646, 20.3095684052, 18.0950241089, 19.9834728241, 17.4984111786, 22.9280776978, 26.077671051, 23.6792526245, 23.1569690704, 26.8452796936, 26.7102603912, 33.0191230774, 20.5244102478, 13.7137823105, 5.01920604706, 0.436794608831, 0.0188372731209, 0.000932434748393, 0.000125636230223, 3.66483545804e-05, 3.4968732507e-05],
        "dvar": [0.173695042729, 17.0542087555, 78.4813308716, 652.158081055, 928.463012695, 1622.87866211, 458.785705566, 150.34588623, 49.4187278748, 192.092407227, 168.101806641, 82.0126953125, 122.014465332, 316.880706787, 109.600349426, 181.682510376, 77.1664657593, 390.842468262, 287.513763428, 212.368835449, 290.853179932, 161.679016113, 238.031829834, 151.896835327, 312.851043701, 531.739562988, 420.712646484, 384.947235107, 594.962524414, 560.782958984, 1572.34240723, 505.240509033, 197.105484009, 24.0321655273, 0.227190986276, 0.0004154019407, 9.67331402535e-07, 1.70977099145e-08, 1.14612164204e-09, 6.2090516062e-10],
        "dvar2": [0.258976489305, 33.7970352173, 189.080780029, 1714.59643555, 2439.15991211, 4630.82617188, 1274.93469238, 404.971435547, 120.13369751, 462.614013672, 415.387298584, 212.202941895, 321.626983643, 882.16204834, 282.074127197, 470.630706787, 204.359054565, 1042.4777832, 739.430358887, 556.513366699, 798.393371582, 422.707305908, 596.747253418, 373.257019043, 699.967529297, 1206.09558105, 915.597351074, 861.335144043, 1293.42785645, 1261.64306641, 3602.90234375, 891.291503906, 389.613525391, 46.0271530151, 0.417230606079, 0.000754055043217, 1.71239594238e-06, 3.03470315544e-08, 2.15796980285e-09, 1.38790723359e-09],
        "max": [3.83495092392, 43.7998275757, 96.7933349609, 222.757202148, 335.598999023, 298.618041992, 211.395263672, 125.77784729, 97.3889083862, 209.404983521, 174.009994507, 166.508300781, 120.683189392, 362.913574219, 136.160400391, 163.48085022, 137.46774292, 231.085525513, 262.211914062, 252.387313843, 213.97038269, 130.350601196, 197.078338623, 148.265136719, 271.631225586, 370.916595459, 372.470123291, 294.229370117, 320.495330811, 250.235015869, 382.781982422, 253.04385376, 163.168701172, 45.7706489563, 4.85506153107, 0.204157337546, 0.00964757986367, 0.00127004925162, 0.000333997246344, 0.00025082504726],
        "mean": [0.548252463341, 4.20023059845, 7.34304332733, 10.4787979126, 13.5027122498, 13.6169519424, 9.77473735809, 6.81574821472, 5.50053215027, 8.7496805191, 8.15577697754, 5.26630210876, 7.20419883728, 7.35275793076, 8.76441574097, 9.90842533112, 8.86567783356, 18.9525241852, 14.1239500046, 14.609377861, 17.810918808, 16.5193195343, 19.5095367432, 19.2900371552, 26.0813407898, 31.5760269165, 29.5751876831, 30.5985069275, 36.4624137878, 31.345375061, 33.1198539734, 25.9470615387, 16.002286911, 6.20007133484, 0.488894581795, 0.0216306578368, 0.00116676546168, 0.000165006102179, 6.01368847128e-05, 6.36982440483e-05],
        "median": [0.190183520317, 2.01620221138, 3.77555298805, 2.93749904633, 4.09823942184, 3.79725050926, 3.55272769928, 2.83146834373, 2.71694636345, 3.12018465996, 3.04602074623, 2.50494480133, 3.29556870461, 3.03254890442, 4.53911066055, 5.38100528717, 6.02787590027, 10.0540161133, 8.46044063568, 9.76408958435, 12.3810224533, 12.7092981339, 15.1218318939, 15.6832237244, 20.3790988922, 22.8989677429, 22.5438117981, 21.6311130524, 23.5331745148, 21.1052818298, 18.9684963226, 14.9032802582, 8.73098564148, 3.73310685158, 0.264604359865, 0.0119015648961, 0.000676627620123, 9.93469802779e-05, 4.8079451517e-05, 5.19661189173e-05],
        "min": [7.63377386193e-07, 1.71119791048e-05, 6.11387877143e-05, 3.5179702536e-05, 1.65131550602e-05, 9.83481822914e-06, 3.69763038179e-05, 9.3745518825e-05, 1.95640277525e-05, 2.24044833885e-05, 1.00619263321e-05, 4.74838489026e-05, 8.14872255432e-05, 4.14534406445e-05, 9.69198226812e-05, 7.36400397727e-05, 0.000110873697849, 0.000187137440662, 0.000199481262825, 0.000111039822514, 0.000240005596424, 0.00028821171145, 0.000219894485781, 0.000447170779807, 0.000120167991554, 0.000127746723592, 0.000138351897476, 0.000203580173547, 0.000166507103131, 0.000166058787727, 0.000183295691386, 0.000110107182991, 6.91069944878e-05, 1.41742229971e-05, 4.53383393051e-07, 4.89007128124e-08, 1.39678029143e-08, 5.86934456592e-09, 1.39473010918e-09, 4.12750056356e-10],
        "var": [0.711765944958, 37.8370666504, 112.857833862, 551.604003906, 807.594848633, 1086.72729492, 332.221069336, 124.789108276, 61.6564369202, 253.826721191, 207.565200806, 86.6851196289, 133.854705811, 304.237640381, 153.107162476, 205.512207031, 93.0844268799, 542.431030273, 384.274078369, 279.521057129, 363.305236816, 213.339538574, 329.95223999, 267.730987549, 611.363342285, 1148.70617676, 959.240722656, 1038.03625488, 1756.51452637, 1237.83984375, 2198.67138672, 1118.99084473, 427.196166992, 54.1753005981, 0.438072949648, 0.00082604115596, 2.11728251998e-06, 3.95580279644e-08, 2.97529845206e-09, 2.27861574054e-09]
    },
    "gfcc": {
        "mean": [18.1608295441, 74.5017852783, -121.122268677, 91.0428085327, -72.9104537964, 40.6972694397, -40.0163726807, 4.33561658859, -11.8969078064, -10.2336168289, 1.97868466377, -16.6633625031, 3.10142564774],
        "cov": [[3585.09643555, -866.835632324, 342.590301514, 352.55847168, -258.727203369, 229.427078247, -80.5955657959, 141.061157227, -65.1129760742, 147.708786011, -27.5763473511, 104.021865845, 17.6966152191], [-866.835632324, 818.661560059, -21.3105278015, -201.018371582, 165.35508728, -152.699371338, 61.9336585999, -117.972366333, 37.9924888611, -129.66267395, 14.6310224533, -75.0642547607, -5.46218299866], [342.590301514, -21.3105278015, 433.673339844, 209.975570679, 82.5836715698, 148.907577515, 48.219455719, 60.2894210815, 41.200668335, 32.8501319885, 16.1762924194, 4.26912689209, 14.4395437241], [352.55847168, -201.018371582, 209.975570679, 288.072021484, 95.0658111572, 112.459861755, 66.4037322998, 56.0273551941, 32.7697410583, 47.5625801086, 4.07983493805, 10.7594795227, 7.08556413651], [-258.727203369, 165.35508728, 82.5836715698, 95.0658111572, 208.532730103, 62.8337173462, 99.2382125854, 15.109331131, 65.8443222046, -1.97964811325, 30.514131546, -12.5622262955, 12.6938400269], [229.427078247, -152.699371338, 148.907577515, 112.459861755, 62.8337173462, 163.132019043, 59.2984161377, 74.0803222656, 35.5407447815, 52.6634292603, 22.0720348358, 25.2490367889, 16.3135223389], [-80.5955657959, 61.9336585999, 48.219455719, 66.4037322998, 99.2382125854, 59.2984161377, 124.931610107, 40.516784668, 56.5099105835, 16.3941135406, 24.1409683228, 1.4621001482, 12.6999139786], [141.061157227, -117.972366333, 60.2894210815, 56.0273551941, 15.109331131, 74.0803222656, 40.516784668, 94.6392974854, 49.2356796265, 48.9693870544, 23.5936450958, 27.5366764069, 18.9653644562], [-65.1129760742, 37.9924888611, 41.200668335, 32.7697410583, 65.8443222046, 35.5407447815, 56.5099105835, 49.2356796265, 86.8594207764, 43.2255783081, 38.3529090881, 13.7225370407, 15.3825283051], [147.708786011, -129.66267395, 32.8501319885, 47.5625801086, -1.97964811325, 52.6634292603, 16.3941135406, 48.9693870544, 43.2255783081, 82.6665802002, 42.2194671631, 32.9848403931, 15.4124755859], [-27.5763473511, 14.6310224533, 16.1762924194, 4.07983493805, 30.514131546, 22.0720348358, 24.1409683228, 23.5936450958, 38.3529090881, 42.2194671631, 61.3138008118, 36.4971923828, 21.0357151031], [104.021865845, -75.0642547607, 4.26912689209, 10.7594795227, -12.5622262955, 25.2490367889, 1.4621001482, 27.5366764069, 13.7225370407, 32.9848403931, 36.4971923828, 56.1573066711, 33.3224601746], [17.6966152191, -5.46218299866, 14.4395437241, 7.08556413651, 12.6938400269, 16.3135223389, 12.6999139786, 18.9653644562, 15.3825283051, 15.4124755859, 21.0357151031, 33.3224601746, 46.0764846802]],
        "icov": [[0.00046876797569, -6.536476576e-05, -7.3813542258e-05, -0.000650444650091, 0.000900726357941, -0.000499123008922, 0.000132360335556, -6.1456245021e-05, 0.000162584256032, -0.000249914563028, 0.000362296006642, -0.000583555432968, 0.000138693416375], [-6.536476576e-05, 0.00967343803495, -0.00572746479884, 0.00931821856648, -0.0075256312266, 0.00902754161507, -0.00538722518831, 0.00538761448115, -0.00426019215956, 0.00771407550201, -0.00580306025222, 0.00533422175795, -0.00268833432347], [-7.3813542258e-05, -0.00572746479884, 0.00892158970237, -0.00968240853399, 0.00735547812656, -0.0108467414975, 0.00573603156954, -0.00217972300015, -0.00126487249509, 0.00169458426535, -0.00358265219256, 0.00411284761503, -0.00231077731587], [-0.000650444650091, 0.00931821856648, -0.00968240853399, 0.0196565203369, -0.0153368813917, 0.0126988887787, -0.00847896374762, 0.00322280218825, 0.00164369842969, -0.00356867909431, 0.00694786990061, -0.00427536573261, 0.00267059309408], [0.000900726357941, -0.0075256312266, 0.00735547812656, -0.0153368813917, 0.0258979126811, -0.0170843619853, 0.00218638312072, 0.00284344190732, -0.00927856005728, 0.010074056685, -0.0131005123258, 0.0114758117124, -0.00663416879252], [-0.000499123008922, 0.00902754161507, -0.0108467414975, 0.0126988887787, -0.0170843619853, 0.029648186639, -0.0102821998298, -0.0051886877045, 0.00762237561867, -0.00745366513729, 0.00681689754128, -0.00720780296251, 0.0039366222918], [0.000132360335556, -0.00538722518831, 0.00573603156954, -0.00847896374762, 0.00218638312072, -0.0102821998298, 0.0207457691431, -0.00548738660291, -0.00495843915269, 0.00282425014302, -0.0036637862213, 0.00433859601617, -0.00235884659924], [-6.1456245021e-05, 0.00538761448115, -0.00217972300015, 0.00322280218825, 0.00284344190732, -0.0051886877045, -0.00548738660291, 0.0310237985104, -0.0177496578544, 0.00405875267461, -9.38033990678e-05, -0.000715656613465, -0.00422519957647], [0.000162584256032, -0.00426019215956, -0.00126487249509, 0.00164369842969, -0.00927856005728, 0.00762237561867, -0.00495843915269, -0.0177496578544, 0.0407769829035, -0.0233581587672, 0.00335881463252, -0.00310120824724, 0.00301547604613], [-0.000249914563028, 0.00771407550201, 0.00169458426535, -0.00356867909431, 0.010074056685, -0.00745366513729, 0.00282425014302, 0.00405875267461, -0.0233581587672, 0.0537350848317, -0.0376664251089, 0.0179622136056, -0.00752746500075], [0.000362296006642, -0.00580306025222, -0.00358265219256, 0.00694786990061, -0.0131005123258, 0.00681689754128, -0.0036637862213, -9.38033990678e-05, 0.00335881463252, -0.0376664251089, 0.072318457067, -0.0510289222002, 0.0168371126056], [-0.000583555432968, 0.00533422175795, 0.00411284761503, -0.00427536573261, 0.0114758117124, -0.00720780296251, 0.00433859601617, -0.000715656613465, -0.00310120824724, 0.0179622136056, -0.0510289222002, 0.0802847668529, -0.0410239472985], [0.000138693416375, -0.00268833432347, -0.00231077731587, 0.00267059309408, -0.00663416879252, 0.0039366222918, -0.00235884659924, -0.00422519957647, 0.00301547604613, -0.00752746500075, 0.0168371126056, -0.0410239472985, 0.0479606315494]]
    },
    "melbands": {
        "dmean": [0.00251270551234, 0.00259221531451, 0.00179566943552, 0.00106358760968, 0.000427841849159, 0.000153852350195, 7.33264168957e-05, 7.8953213233e-05, 5.50847908016e-05, 3.09427123284e-05, 3.33234711434e-05, 2.67316790996e-05, 2.5047629606e-05, 2.17283595703e-05, 1.59215251188e-05, 1.81385457836e-05, 2.61494533333e-05, 1.56019614224e-05, 1.30160515255e-05, 1.37067963806e-05, 1.59644459927e-05, 1.20155136756e-05, 1.09602624434e-05, 1.43581582961e-05, 8.53255369293e-06, 1.03613638203e-05, 1.27601242639e-05, 1.08705889943e-05, 1.08640069811e-05, 8.11712288851e-06, 9.77795207291e-06, 1.01106224975e-05, 1.02957692434e-05, 1.03466063592e-05, 1.37465285661e-05, 1.06540173874e-05, 8.02167687652e-06, 7.23508674128e-06, 4.66841311209e-06, 2.42311489274e-06],
        "dmean2": [0.00351301580667, 0.00370083306916, 0.0028980684001, 0.00183109787758, 0.000736532674637, 0.000257688720012, 0.000118543415738, 0.000128279716591, 9.17692304938e-05, 5.18084489158e-05, 5.6603752455e-05, 4.58856447949e-05, 4.21521799581e-05, 3.65539563063e-05, 2.66133247351e-05, 3.06297151837e-05, 4.27500744991e-05, 2.58627624135e-05, 2.11913411476e-05, 2.24077557505e-05, 2.66807601292e-05, 1.99831938517e-05, 1.82456806215e-05, 2.37696494878e-05, 1.38278337545e-05, 1.66827867361e-05, 2.04813295568e-05, 1.69182239915e-05, 1.69754966919e-05, 1.28083574964e-05, 1.51300318976e-05, 1.53784731083e-05, 1.55778798216e-05, 1.60681211128e-05, 2.14750052692e-05, 1.54362678586e-05, 1.18222669698e-05, 1.06813422462e-05, 7.05605953044e-06, 3.67629445464e-06],
        "dvar": [1.55920479301e-05, 1.71235988091e-05, 1.59082392202e-05, 7.00051896274e-06, 8.60496015775e-07, 7.23525559465e-08, 1.10784110774e-08, 2.06343884201e-08, 1.00079331489e-08, 3.38887096163e-09, 3.20278559229e-09, 6.37656105695e-09, 1.92393723175e-09, 1.09939324311e-09, 4.68118488417e-10, 7.65955021631e-10, 1.46546175195e-09, 7.45840667005e-10, 2.71285466313e-10, 3.30920846281e-10, 5.37723199301e-10, 2.20575890886e-10, 2.3928747872e-10, 4.9241855038e-10, 1.05214559287e-10, 2.08895997722e-10, 2.76037886993e-10, 2.36528685527e-10, 2.53956772278e-10, 1.11289900906e-10, 1.58795046556e-10, 1.8958459802e-10, 1.91096263813e-10, 2.04368716394e-10, 7.11138758991e-10, 3.0670790907e-10, 1.44727771434e-10, 1.1830131319e-10, 4.68718848456e-11, 1.32786290644e-11],
        "dvar2": [2.6634617825e-05, 3.77723008569e-05, 4.03993544751e-05, 1.96261480596e-05, 2.40837357524e-06, 1.94590910496e-07, 2.68596043185e-08, 4.95054983674e-08, 2.48959981519e-08, 8.88095996743e-09, 8.46130721044e-09, 1.77965979731e-08, 5.06516606436e-09, 2.85218360041e-09, 1.22573784456e-09, 2.12286477286e-09, 3.85243525969e-09, 1.94401472697e-09, 6.93280932662e-10, 8.57651893948e-10, 1.47264345163e-09, 5.93837090612e-10, 6.55814902384e-10, 1.22621068854e-09, 2.68313093965e-10, 4.77359263229e-10, 6.17942086389e-10, 5.43922795693e-10, 5.90621607177e-10, 2.56541343724e-10, 3.64755448068e-10, 4.24527857312e-10, 3.96462307428e-10, 4.87377471714e-10, 1.716036091e-09, 5.82372150504e-10, 2.67509348006e-10, 2.49944648312e-10, 9.54960832633e-11, 2.58424150135e-11],
        "max": [0.0387484580278, 0.0432820431888, 0.0332573838532, 0.0195637550205, 0.00820248294622, 0.00288054766133, 0.00131494225934, 0.0019990100991, 0.00133709295187, 0.000896206533071, 0.000643915729597, 0.00167101388797, 0.000685680774041, 0.000399331795052, 0.000280555541394, 0.000414939364418, 0.00038581789704, 0.000428022554843, 0.000226183430641, 0.000229523866437, 0.00024202192435, 0.000187141878996, 0.00021393984207, 0.000295145990094, 0.000135433874675, 0.000283806060906, 0.0001949887519, 0.000282095075818, 0.000293363962555, 0.000129089530674, 0.00015716550115, 0.000173580643605, 0.000199083355255, 0.000157163434778, 0.000255636172369, 0.00020269943343, 0.000137482173159, 0.000124674494145, 8.92573589226e-05, 3.59691766789e-05],
        "mean": [0.00514389201999, 0.00458027841523, 0.00191781506874, 0.000990996253677, 0.000399074458983, 0.000156347276061, 8.56238693814e-05, 9.26838838495e-05, 6.07018264418e-05, 3.34567957907e-05, 3.58625875378e-05, 2.90142215817e-05, 2.99496314256e-05, 2.59217868006e-05, 1.97236895474e-05, 2.38825286942e-05, 3.53472969437e-05, 2.06958029594e-05, 1.87090827239e-05, 1.91196195374e-05, 2.19652756641e-05, 1.68099777511e-05, 1.61725420185e-05, 2.06719578273e-05, 1.4202217244e-05, 1.73011812876e-05, 2.16429634747e-05, 1.97206354642e-05, 1.92426869035e-05, 1.54778026626e-05, 1.86934212252e-05, 1.97805165953e-05, 1.96023538592e-05, 1.6939940906e-05, 1.94670246856e-05, 1.80123952305e-05, 1.44741534314e-05, 1.17590516311e-05, 8.39544463815e-06, 4.20959804615e-06],
        "median": [0.00211998331361, 0.00269612832926, 0.000625971122645, 0.000302757922327, 0.000142547505675, 6.84645419824e-05, 4.38507377112e-05, 3.52102251782e-05, 2.20829297177e-05, 1.41678228829e-05, 1.55234556587e-05, 1.02687336039e-05, 1.27450384753e-05, 1.32824261527e-05, 1.19709011415e-05, 1.48157359945e-05, 1.73902208189e-05, 1.10812088678e-05, 1.26890481624e-05, 1.23537947729e-05, 1.37700972118e-05, 1.19461892609e-05, 1.11599138108e-05, 1.30138823806e-05, 1.08962913146e-05, 1.27080220409e-05, 1.50913165271e-05, 1.39607154779e-05, 1.29481086333e-05, 1.1344169252e-05, 1.2632466678e-05, 1.2452998817e-05, 1.25449914776e-05, 1.11132258098e-05, 1.07721234599e-05, 1.03818374555e-05, 8.39576841827e-06, 6.3259876697e-06, 4.93673951496e-06, 2.46070726462e-06],
        "min": [1.19969856271e-08, 2.99193843034e-08, 6.60020660348e-09, 5.6302940088e-10, 1.16028631147e-09, 1.94141613896e-09, 2.94142099566e-10, 2.03624492268e-10, 9.07075387024e-11, 3.46190243139e-10, 4.02398475652e-10, 1.53105028655e-10, 2.81745266006e-10, 3.02365854576e-10, 1.758891921e-10, 2.50127446533e-10, 3.65213248532e-10, 2.73920414129e-10, 9.84062553666e-11, 1.98450561539e-10, 2.28453797546e-10, 3.0150024144e-10, 1.67376057458e-10, 1.73858774599e-10, 4.02531841193e-10, 5.28609968298e-11, 1.20095683398e-10, 6.89816953559e-11, 1.01717897993e-10, 6.22760384927e-11, 1.37041697434e-10, 9.15661227396e-11, 8.96259871874e-11, 8.8458788905e-11, 1.04513050991e-10, 1.00058412944e-10, 5.80786287119e-11, 5.56108596672e-11, 3.00371498507e-11, 4.88724208672e-12],
        "var": [5.45414477529e-05, 3.60693993571e-05, 1.49674051499e-05, 4.97342716699e-06, 6.11262976236e-07, 6.10721997418e-08, 1.39464289006e-08, 2.75697864538e-08, 1.21941274855e-08, 3.65272745384e-09, 3.46771567017e-09, 6.02365002322e-09, 2.58001886522e-09, 1.26405341749e-09, 5.4867077548e-10, 8.49591619279e-10, 2.09252593031e-09, 9.72132929711e-10, 3.79932973971e-10, 4.45284614736e-10, 6.63398780354e-10, 2.68329719555e-10, 3.18503584618e-10, 6.42026432018e-10, 1.74582154289e-10, 3.56495805098e-10, 5.37001887402e-10, 4.92466012414e-10, 4.89816076588e-10, 2.54248483378e-10, 3.98748062347e-10, 5.16816534013e-10, 5.31364119372e-10, 3.75700026645e-10, 8.69358196542e-10, 5.79867820427e-10, 3.2661365279e-10, 2.35978458996e-10, 1.04634460818e-10, 2.72154243586e-11]
    },
    "mfcc": {
        "mean": [-601.413696289, 60.5257148743, 29.0095081329, 36.3842010498, 17.460565567, 20.2001724243, 4.98913192749, 7.50559186935, -0.424893170595, 5.53665590286, -0.541618227959, 3.11251592636, -1.14789223671],
        "cov": [[3489.6184082, -963.710510254, 406.224884033, 42.7493782043, -55.4240570068, 30.8388576508, 1.93316233158, -3.1856276989, -6.59062814713, 27.4385242462, 16.6707267761, -13.5814647675, 10.1371498108], [-963.710510254, 906.181518555, -159.695983887, -38.8603744507, 5.1095252037, -41.5537033081, -21.898481369, -1.92111229897, -27.6423053741, -41.0500144958, -46.2551231384, -17.1936836243, -18.5635814667], [406.224884033, -159.695983887, 368.282318115, 67.7393875122, 84.6668930054, 68.9951248169, 53.810043335, 42.9548835754, 41.4616699219, 36.3691902161, 27.8878288269, 12.0987262726, 22.9007301331], [42.7493782043, -38.8603744507, 67.7393875122, 174.18951416, 67.16040802, 70.196144104, 45.9163551331, 34.5667686462, 42.0425834656, 19.0443878174, 22.4364261627, 11.9834909439, 13.7731170654], [-55.4240570068, 5.1095252037, 84.6668930054, 67.16040802, 125.406227112, 70.4877319336, 46.2255630493, 41.2765808105, 36.9694671631, 29.8408679962, 23.4764404297, 17.7842311859, 20.8988208771], [30.8388576508, -41.5537033081, 68.9951248169, 70.196144104, 70.4877319336, 108.832832336, 66.8769683838, 41.0391044617, 40.7464447021, 29.2968444824, 28.8480491638, 17.1969928741, 20.4658184052], [1.93316233158, -21.898481369, 53.810043335, 45.9163551331, 46.2255630493, 66.8769683838, 79.0087814331, 48.4364700317, 37.7353591919, 24.8169631958, 23.0009918213, 14.1390705109, 16.8896598816], [-3.1856276989, -1.92111229897, 42.9548835754, 34.5667686462, 41.2765808105, 41.0391044617, 48.4364700317, 69.1362686157, 46.9547653198, 26.7842922211, 19.9520931244, 13.4938001633, 15.0787010193], [-6.59062814713, -27.6423053741, 41.4616699219, 42.0425834656, 36.9694671631, 40.7464447021, 37.7353591919, 46.9547653198, 68.5105056763, 41.29737854, 25.2885093689, 15.3815546036, 17.0056228638], [27.4385242462, -41.0500144958, 36.3691902161, 19.0443878174, 29.8408679962, 29.2968444824, 24.8169631958, 26.7842922211, 41.29737854, 59.809841156, 38.450668335, 19.1018657684, 17.485956192], [16.6707267761, -46.2551231384, 27.8878288269, 22.4364261627, 23.4764404297, 28.8480491638, 23.0009918213, 19.9520931244, 25.2885093689, 38.450668335, 54.645324707, 33.1336631775, 20.0320396423], [-13.5814647675, -17.1936836243, 12.0987262726, 11.9834909439, 17.7842311859, 17.1969928741, 14.1390705109, 13.4938001633, 15.3815546036, 19.1018657684, 33.1336631775, 51.1758346558, 33.7802581787], [10.1371498108, -18.5635814667, 22.9007301331, 13.7731170654, 20.8988208771, 20.4658184052, 16.8896598816, 15.0787010193, 17.0056228638, 17.485956192, 20.0320396423, 33.7802581787, 55.1160697937]],
