{
"lowlevel": {
    "average_loudness": 0.949453175068,
    "barkbands_crest": {
        "dmean": 2.96089148521,
        "dmean2": 5.08996963501,
        "dvar": 9.37894248962,
        "dvar2": 27.2157878876,
        "max": 25.1599998474,
        "mean": 9.71598720551,
        "median": 8.97719955444,
        "min": 3.07463765144,
        "var": 13.4945783615
    },
    "barkbands_flatness_db": {
        "dmean": 0.0477630831301,
        "dmean2": 0.0682821050286,
        "dvar": 0.00220934930257,
        "dvar2": 0.00440790643916,
        "max": 0.366032719612,
        "mean": 0.18323148787,
        "median": 0.176583603024,
        "min": 0.0432055778801,
        "var": 0.00539537286386
    },
    "barkbands_kurtosis": {
        "dmean": 7.44670391083,
        "dmean2": 12.5184984207,
        "dvar": 141.018463135,
        "dvar2": 394.098693848,
        "max": 138.065109253,
        "mean": 10.2845535278,
        "median": 6.26974105835,
        "min": -1.65082645416,
        "var": 162.661193848
    },
    "barkbands_skewness": {
        "dmean": 0.873446702957,
        "dmean2": 1.42765319347,
        "dvar": 0.987805128098,
        "dvar2": 2.58812308311,
        "max": 10.0217237473,
        "mean": 2.14157748222,
        "median": 1.88970470428,
        "min": -0.627998530865,
        "var": 1.72487616539
    },
    "barkbands_spread": {
        "dmean": 6.38846874237,
        "dmean2": 10.4481811523,
        "dvar": 85.1781158447,
        "dvar2": 205.943786621,
        "max": 88.4158477783,
        "mean": 12.1772050858,
        "median": 8.96950817108,
        "min": 0.712387740612,
        "var": 126.736671448
    },
    "dissonance": {
        "dmean": 0.0305404979736,
        "dmean2": 0.0504331067204,
        "dvar": 0.000770057085901,
        "dvar2": 0.00201221974567,
        "max": 0.500000059605,
        "mean": 0.443094223738,
        "median": 0.450016289949,
        "min": 0.247561752796,
        "var": 0.0015239341883
    },
    "dynamic_complexity": 3.05091643333,
    "erbbands_crest": {
        "dmean": 2.88384413719,
        "dmean2": 4.69869947433,
        "dvar": 7.19230508804,
        "dvar2": 17.6281719208,
        "max": 26.1586360931,
        "mean": 9.36180591583,
        "median": 8.46461772919,
        "min": 2.48818016052,
        "var": 16.5461959839
    },
    "erbbands_flatness_db": {
        "dmean": 0.0349204614758,
        "dmean2": 0.0476787611842,
        "dvar": 0.00118209247012,
        "dvar2": 0.00191728887148,
        "max": 0.321395725012,
        "mean": 0.167190209031,
        "median": 0.167906790972,
        "min": 0.0521093383431,
        "var": 0.00302328239195
    },
    "erbbands_kurtosis": {
        "dmean": 2.39796352386,
        "dmean2": 3.64328074455,
        "dvar": 8.147772789,
        "dvar2": 16.799779892,
        "max": 37.2564201355,
        "mean": 3.11607074738,
        "median": 1.86175441742,
        "min": -1.78953254223,
        "var": 19.4802417755
    },
    "erbbands_skewness": {
        "dmean": 0.542592823505,
        "dmean2": 0.842356920242,
        "dvar": 0.246107146144,
        "dvar2": 0.594200372696,
        "max": 5.17871665955,
        "mean": 1.14095115662,
        "median": 1.04447293282,
        "min": -1.26907515526,
        "var": 0.725682377815
    },
    "erbbands_spread": {
        "dmean": 13.6891231537,
        "dmean2": 21.0715789795,
        "dvar": 294.334289551,
        "dvar2": 567.020690918,
        "max": 130.811096191,
        "mean": 33.6490097046,
        "median": 23.1770553589,
        "min": 3.91206860542,
        "var": 633.007995605
    },
    "hfc": {
        "dmean": 9.73122310638,
        "dmean2": 15.3178386688,
        "dvar": 352.814178467,
        "dvar2": 902.376647949,
        "max": 195.85269165,
        "mean": 15.7255973816,
        "median": 8.34177494049,
        "min": 2.06854409157e-07,
        "var": 415.013397217
    },
    "melbands_crest": {
        "dmean": 3.42869353294,
        "dmean2": 5.81405258179,
        "dvar": 10.499168396,
        "dvar2": 28.3872661591,
        "max": 29.5993099213,
        "mean": 12.8435869217,
        "median": 11.9674873352,
        "min": 5.06729364395,
        "var": 18.7538013458
    },
    "melbands_flatness_db": {
        "dmean": 0.0559420213103,
        "dmean2": 0.0798092633486,
        "dvar": 0.00323416013271,
        "dvar2": 0.00650668842718,
        "max": 0.492047697306,
        "mean": 0.274756968021,
        "median": 0.263909518719,
        "min": 0.0812135487795,
        "var": 0.00861000176519
    },
    "melbands_kurtosis": {
        "dmean": 13.7928009033,
        "dmean2": 22.5414161682,
        "dvar": 508.859283447,
        "dvar2": 1318.39025879,
        "max": 250.986328125,
        "mean": 20.7698612213,
        "median": 12.2118558884,
        "min": -1.20649075508,
        "var": 644.530883789
    },
    "melbands_skewness": {
        "dmean": 1.08867502213,
        "dmean2": 1.68368959427,
        "dvar": 1.47300899029,
        "dvar2": 3.45054221153,
        "max": 12.6203708649,
        "mean": 2.89381599426,
        "median": 2.56074571609,
        "min": -0.664472043514,
        "var": 3.24573540688
    },
    "melbands_spread": {
        "dmean": 4.81715679169,
        "dmean2": 7.94502592087,
        "dvar": 37.5162353516,
        "dvar2": 95.2959899902,
        "max": 52.0826377869,
        "mean": 10.8462715149,
        "median": 8.00969600677,
        "min": 1.0011446476,
        "var": 70.8752212524
    },
    "pitch_salience": {
        "dmean": 0.0959142968059,
        "dmean2": 0.160536050797,
        "dvar": 0.00827972311527,
        "dvar2": 0.0236171931028,
        "max": 0.891763925552,
        "mean": 0.640501201153,
        "median": 0.653765082359,
        "min": 0.148609563708,
        "var": 0.0148423938081
    },
    "silence_rate_20dB": {
        "dmean": 0,
        "dmean2": 0,
        "dvar": 0,
        "dvar2": 0,
        "max": 1,
        "mean": 1,
        "median": 1,
        "min": 1,
        "var": 0
    },
    "silence_rate_30dB": {
        "dmean": 0.0541795678437,
        "dmean2": 0.108443066478,
        "dvar": 0.0512451604009,
        "dvar2": 0.132314741611,
        "max": 1,
        "mean": 0.963650405407,
        "median": 1,
        "min": 0,
        "var": 0.0350279137492
    },
    "silence_rate_60dB": {
        "dmean": 0.0216718260199,
        "dmean2": 0.0433772280812,
        "dvar": 0.0212020203471,
        "dvar2": 0.0616349466145,
        "max": 1,
        "mean": 0.0494972914457,
        "median": 0,
        "min": 0,
        "var": 0.0470463782549
    },
    "spectral_centroid": {
        "dmean": 235.006118774,
        "dmean2": 377.824157715,
        "dvar": 155926.171875,
        "dvar2": 261114.078125,
        "max": 10909.8291016,
        "mean": 657.459899902,
        "median": 544.605773926,
        "min": 207.620895386,
        "var": 231974.328125
    },
    "spectral_complexity": {
        "dmean": 4.00928783417,
        "dmean2": 6.0759100914,
        "dvar": 31.6950435638,
        "dvar2": 60.1676673889,
        "max": 54,
        "mean": 12.7788085938,
        "median": 10,
        "min": 0,
        "var": 73.4486923218
    },
    "spectral_decrease": {
        "dmean": 4.32796731786e-09,
        "dmean2": 6.89182755309e-09,
        "dvar": 5.64897389831e-17,
        "dvar2": 1.33781442481e-16,
        "max": -1.63837777957e-17,
        "mean": -8.05386601854e-09,
        "median": -5.86171777783e-09,
        "min": -5.44353255805e-08,
        "var": 6.38636835671e-17
    },
    "spectral_energy": {
        "dmean": 0.0169881228358,
        "dmean2": 0.0269425213337,
        "dvar": 0.000843294721562,
        "dvar2": 0.00198073592037,
        "max": 0.20791746676,
        "mean": 0.0318235047162,
        "median": 0.0230615101755,
        "min": 8.05985903019e-11,
        "var": 0.000979748438112
    },
    "spectral_energyband_high": {
        "dmean": 0.000696984818205,
        "dmean2": 0.00115437072236,
        "dvar": 3.39352891388e-06,
        "dvar2": 9.06080549612e-06,
        "max": 0.0184227973223,
        "mean": 0.000656059535686,
        "median": 0.000126518920297,
        "min": 1.34424086445e-11,
        "var": 2.78751531368e-06
    },
    "spectral_energyband_low": {
        "dmean": 0.00993145629764,
        "dmean2": 0.0168966595083,
        "dvar": 0.000708218722139,
        "dvar2": 0.00181743234862,
        "max": 0.194926887751,
        "mean": 0.0120845520869,
        "median": 0.00564916850999,
        "min": 1.63630324568e-11,
        "var": 0.000572383520193
    },
    "spectral_energyband_middle_high": {
        "dmean": 0.0019543999806,
        "dmean2": 0.00313673121855,
        "dvar": 1.25169235616e-05,
        "dvar2": 3.08284979837e-05,
        "max": 0.0378421619534,
        "mean": 0.00314607191831,
        "median": 0.000750705890823,
        "min": 3.11338780278e-12,
        "var": 2.64800946752e-05
    },
    "spectral_energyband_middle_low": {
        "dmean": 0.00902103632689,
        "dmean2": 0.0146171106026,
        "dvar": 0.000174186250661,
        "dvar2": 0.000438784656581,
        "max": 0.130240142345,
        "mean": 0.0180470049381,
        "median": 0.0136357536539,
        "min": 5.16353904079e-11,
        "var": 0.000253591773799
    },
    "spectral_entropy": {
        "dmean": 0.440784931183,
        "dmean2": 0.601886034012,
        "dvar": 0.200360327959,
        "dvar2": 0.330630928278,
        "max": 9.81231307983,
        "mean": 7.0901966095,
        "median": 7.12056922913,
        "min": 5.22373628616,
        "var": 0.507912695408
    },
    "spectral_flux": {
        "dmean": 0.0397295989096,
        "dmean2": 0.0608637407422,
        "dvar": 0.00277800392359,
        "dvar2": 0.00522842630744,
        "max": 0.410299956799,
        "mean": 0.0945496633649,
        "median": 0.0721177086234,
        "min": 2.33219725487e-05,
        "var": 0.00515603693202
    },
    "spectral_kurtosis": {
        "dmean": 5.36611652374,
        "dmean2": 7.72070074081,
        "dvar": 60.9540061951,
        "dvar2": 119.663963318,
        "max": 74.6180419922,
        "mean": 9.19637584686,
        "median": 5.43961524963,
        "min": -1.19997310638,
        "var": 109.906600952
    },
    "spectral_rms": {
        "dmean": 0.00129798008129,
        "dmean2": 0.00196284172125,
        "dvar": 2.95420954899e-06,
        "dvar2": 6.20611945124e-06,
        "max": 0.0142424125224,
        "mean": 0.00503946887329,
        "median": 0.00474331481382,
        "min": 2.80415349607e-07,
        "var": 5.6510534705e-06
    },
    "spectral_rolloff": {
        "dmean": 374.74597168,
        "dmean2": 665.045532227,
        "dvar": 831326.5,
        "dvar2": 2137865.25,
        "max": 9926.80664062,
        "mean": 712.493896484,
        "median": 473.73046875,
        "min": 86.1328125,
        "var": 824835.5
    },
    "spectral_skewness": {
        "dmean": 0.615045666695,
        "dmean2": 0.854225993156,
        "dvar": 0.50791990757,
        "dvar2": 0.84950274229,
        "max": 7.06676101685,
        "mean": 2.30670690536,
        "median": 2.05376577377,
        "min": 0.0182802993804,
        "var": 1.23029851913
    },
    "spectral_spread": {
        "dmean": 1168710.625,
        "dmean2": 1688504.25,
        "dvar": 2.31979692851e+12,
        "dvar2": 3.26032556032e+12,
        "max": 40475360,
        "mean": 4771833,
        "median": 4639127,
        "min": 994885.5,
        "var": 4.79331509862e+12
    },
    "spectral_strongpeak": {
        "dmean": 0.440009474754,
        "dmean2": 0.74870967865,
        "dvar": 0.415399938822,
        "dvar2": 1.06640100479,
        "max": 7.72429513931,
        "mean": 0.752860784531,
        "median": 0.45828461647,
        "min": 1.04701657619e-05,
        "var": 0.812353551388
    },
    "zerocrossingrate": {
        "dmean": 0.0121371150017,
        "dmean2": 0.0152993528172,
        "dvar": 0.000232251710258,
        "dvar2": 0.000272270932328,
        "max": 0.38037109375,
        "mean": 0.0375398769975,
        "median": 0.0322265625,
        "min": 0.005859375,
        "var": 0.000731053878553
    },
    "barkbands": {
        "dmean": [0.000194748135982, 0.00691401865333, 0.0032540706452, 0.00392499845475, 0.0036565407645, 0.0013577650534, 0.00111088086851, 0.000546375929844, 0.00107358943205, 0.00104843184818, 0.000263553461991, 0.00035486969864, 0.000299120205455, 0.000212556667975, 0.000102178164525, 6.82543904986e-05, 8.65563779371e-05, 8.96009369171e-05, 9.86876329989e-05, 0.000104489445221, 0.000132991233841, 0.000112365531095, 0.000134459347464, 0.000139394251164, 7.55279979785e-05, 5.31154837518e-05, 7.75365242589e-06],
        "dmean2": [0.000296719692415, 0.0124400956556, 0.00584063446149, 0.00665626535192, 0.00595604488626, 0.00223731435835, 0.00184157909825, 0.000870789808687, 0.00174565950874, 0.00168725592084, 0.00041496148333, 0.000608191592619, 0.000495899352245, 0.000354008487193, 0.000167635138496, 0.000108923690277, 0.000141036172863, 0.000148560022353, 0.000163605422131, 0.000173773034476, 0.000222101312829, 0.000187247016584, 0.000238113381783, 0.0002370634611, 0.000124431593576, 9.02702886378e-05, 1.35798545671e-05],
        "dvar": [2.07273757269e-07, 0.000477811001474, 8.67941926117e-05, 6.20052887825e-05, 2.52540685324e-05, 8.99481165106e-06, 5.74568548473e-06, 6.29965484222e-07, 3.92243237002e-06, 5.77238961341e-06, 3.07639254515e-07, 9.74128624875e-07, 4.02755119921e-07, 4.18891147547e-07, 5.27869659095e-08, 6.55704894825e-08, 3.3541660116e-08, 5.40929221415e-08, 6.15921322833e-08, 7.02522342522e-08, 1.2459972254e-07, 9.13609810027e-08, 1.93740319787e-07, 1.59542778988e-07, 3.89805911993e-08, 2.31596555267e-08, 8.30352120396e-10],
        "dvar2": [4.09049221162e-07, 0.00131079775747, 0.00024938720162, 0.00016847110237, 6.65619736537e-05, 2.36505311477e-05, 1.48805029312e-05, 1.50330117776e-06, 9.78396928986e-06, 1.47015898619e-05, 6.2752684471e-07, 2.50984930972e-06, 9.55207951847e-07, 9.7549173006e-07, 1.30969098677e-07, 1.69307767806e-07, 7.48396331574e-08, 1.23761836335e-07, 1.57046414984e-07, 1.79015628987e-07, 3.30983169761e-07, 2.34402790511e-07, 5.46714034044e-07, 4.36034497397e-07, 1.03331018408e-07, 6.01739529316e-08, 2.23368656904e-09],
        "max": [0.00535749364644, 0.165050804615, 0.0672639161348, 0.0884540677071, 0.0568642318249, 0.059143550694, 0.0218927916139, 0.00908550433815, 0.0332243554294, 0.0217790603638, 0.00927936751395, 0.0245471298695, 0.00847791228443, 0.0142754511908, 0.00316446903162, 0.00668402761221, 0.00312946434133, 0.0042440998368, 0.00309698469937, 0.00334789324552, 0.00402566837147, 0.00298155657947, 0.00475180987269, 0.00350555870682, 0.0019942400977, 0.00121748249512, 0.000323047715938],
        "mean": [0.000239852728555, 0.0064240815118, 0.00370534602553, 0.00436274521053, 0.00622808979824, 0.00237117544748, 0.00139364425559, 0.000888281327207, 0.00221965974197, 0.00113790621981, 0.000430594198406, 0.000522281741723, 0.000438936636783, 0.000252760073636, 0.000134533605888, 7.33102933737e-05, 8.45157192089e-05, 9.33961782721e-05, 0.000116710318252, 0.000108927888505, 0.000124102763948, 0.000114327922347, 0.000114556081826, 0.000123019199236, 7.2177441325e-05, 4.29764768342e-05, 5.6081380535e-06],
        "median": [4.67449863208e-05, 0.00260994071141, 0.00114161288366, 0.00222923513502, 0.00434678606689, 0.00139790901449, 0.000639111443888, 0.000548107724171, 0.000452479493106, 0.000230830191867, 6.41171282041e-05, 5.78410581511e-05, 6.32424416835e-05, 3.33827811119e-05, 2.12483428186e-05, 1.4582107724e-05, 1.59499559231e-05, 1.89685106307e-05, 2.28911121667e-05, 2.5859755624e-05, 1.8319402443e-05, 1.41032842293e-05, 2.01582097361e-05, 2.40735753323e-05, 1.69218437804e-05, 3.49042829839e-06, 1.12109333372e-07],
        "min": [3.72907564203e-12, 1.94747083043e-12, 5.31429154155e-12, 1.96615917991e-11, 2.75713497172e-11, 2.7582703916e-12, 5.8109127319e-13, 1.08289896147e-13, 6.32123476826e-13, 7.04325161562e-13, 8.91687372269e-14, 1.91509649935e-13, 1.80738602795e-13, 3.12066317882e-13, 3.22768585947e-13, 2.29808251422e-13, 4.04120855703e-13, 3.99212862203e-13, 2.31043943743e-13, 7.9709996199e-13, 1.24383934142e-12, 8.5082890169e-13, 1.27711307241e-12, 1.91808569895e-12, 1.46752163373e-12, 2.38654950836e-12, 4.32677981985e-12],
        "var": [3.1456738725e-07, 0.000314684293699, 5.66031849303e-05, 4.84154297737e-05, 4.40135554527e-05, 1.10709470391e-05, 6.56842939861e-06, 1.08016786271e-06, 1.96028686332e-05, 6.16744910076e-06, 1.00188992747e-06, 2.18451509681e-06, 1.06664515442e-06, 7.0335380542e-07, 9.41491933304e-08, 6.34345624917e-08, 4.28112549855e-08, 6.2099033471e-08, 7.2967857534e-08, 6.93018904485e-08, 1.05057409883e-07, 8.78883597011e-08, 1.30154930389e-07, 1.16384924809e-07, 3.30835483453e-08, 1.87083912806e-08, 5.81035053404e-10]
    },
    "erbbands": {
        "dmean": [0.156978324056, 1.71096003056, 3.69995760918, 7.98764801025, 15.6087312698, 11.689743042, 8.54322338104, 13.6146869659, 18.1358985901, 11.0050773621, 11.8699560165, 25.191701889, 40.0760192871, 12.6481485367, 13.0883951187, 13.7255086899, 12.508597374, 12.3604478836, 6.43713855743, 4.67092943192, 3.73519134521, 4.97197818756, 4.8949713707, 4.72631168365, 4.82366418839, 4.91925907135, 4.82224273682, 5.65932655334, 4.10788106918, 5.1032409668, 3.19984388351, 3.26677060127, 2.00986099243, 0.967278242111, 0.487554818392, 0.213544681668, 0.105924963951, 0.0244405996054, 0.000730854575522, 3.42447019648e-05],
        "dmean2": [0.277670919895, 3.08564448357, 6.60733699799, 13.751578331, 25.999830246, 18.7091274261, 13.8442993164, 22.3220424652, 30.3600406647, 17.7012672424, 18.9621067047, 41.4720993042, 64.2600097656, 19.9897193909, 20.8812294006, 23.6269607544, 21.0427017212, 20.188703537, 10.3390760422, 7.67950963974, 6.02970552444, 8.06937599182, 8.38802337646, 7.69130325317, 8.02703475952, 8.22821712494, 7.88372802734, 9.63228702545, 6.92767238617, 8.88714504242, 5.62099647522, 5.63211631775, 3.34513473511, 1.59351229668, 0.815419495106, 0.363169312477, 0.180494904518, 0.0415750965476, 0.00125132047106, 5.48662901565e-05],
        "dvar": [0.244824036956, 28.8457241058, 119.801612854, 261.897338867, 668.085876465, 306.157348633, 147.871582031, 1013.89916992, 1861.91894531, 317.404418945, 299.037322998, 2416.9050293, 7695.13623047, 531.863220215, 774.18536377, 1799.97058105, 683.444824219, 1187.34790039, 175.922515869, 507.799194336, 87.5128936768, 105.521209717, 148.07182312, 147.568847656, 166.768310547, 170.919830322, 157.76322937, 241.349411011, 119.470443726, 310.470672607, 90.0857162476, 109.422912598, 26.5805530548, 6.35448169708, 1.66553246975, 0.342261046171, 0.0995026901364, 0.00573489256203, 6.55839585306e-06, 4.97312546699e-09],
        "dvar2": [0.67748850584, 79.0549621582, 334.391998291, 730.193725586, 1707.74279785, 767.928161621, 369.051574707, 2733.57910156, 4871.74804688, 794.959350586, 714.566467285, 6246.52880859, 19707.1855469, 1268.90405273, 1696.18530273, 4571.30224609, 1709.98046875, 2760.37792969, 406.989929199, 1381.82226562, 207.807540894, 240.435394287, 359.682403564, 334.103607178, 437.845336914, 449.136291504, 402.196166992, 645.172790527, 308.252990723, 870.367919922, 251.16305542, 304.150970459, 71.2866210938, 16.7664222717, 4.41303062439, 0.893296718597, 0.260749697685, 0.0147334625944, 1.75279838004e-05, 1.228109614e-08],
        "max": [4.16439723969, 41.8409233093, 80.9570388794, 168.202148438, 200.941635132, 348.207641602, 191.652679443, 605.107543945, 394.451843262, 233.670181274, 221.163970947, 775.418884277, 997.289550781, 251.526184082, 428.69720459, 1085.84460449, 299.420227051, 694.698242188, 174.717483521, 610.134521484, 239.433074951, 164.250152588, 227.513778687, 217.491729736, 182.769393921, 171.216247559, 188.408737183, 168.898040771, 102.7421875, 207.169937134, 86.7284393311, 101.340995789, 49.4639854431, 27.6848430634, 11.5142440796, 4.66821098328, 2.78700828552, 0.684746921062, 0.0326945930719, 0.000750405306462],
        "mean": [0.140239536762, 1.57478094101, 4.06275510788, 9.81946372986, 20.3122940063, 20.7496089935, 16.175365448, 21.958814621, 22.5769443512, 17.4466114044, 20.8910140991, 52.6344795227, 50.3419380188, 17.6491756439, 23.6145114899, 20.2943782806, 18.1499462128, 16.5101852417, 9.77743721008, 5.15562486649, 3.92550587654, 4.8786444664, 5.08829832077, 6.00084972382, 5.34734392166, 5.0830655098, 4.5960354805, 5.32826662064, 4.16844797134, 4.28809452057, 2.86853671074, 2.68625426292, 1.90073788166, 0.954787254333, 0.446619778872, 0.179106280208, 0.0834869220853, 0.0189458746463, 0.000554227794055, 4.99694651808e-05],
        "median": [0.0483887530863, 0.679277539253, 1.59583878517, 6.2828540802, 11.2353372574, 14.3568172455, 11.9117288589, 11.7936649323, 10.0987215042, 11.0999994278, 12.0866661072, 10.5803642273, 10.7247362137, 5.47365522385, 2.73042845726, 2.80499815941, 2.93831753731, 2.03910660744, 1.33999657631, 0.996840834618, 0.788151443005, 0.926283121109, 1.15149748325, 1.23187708855, 1.2077704668, 1.2347869873, 0.81715297699, 0.658439815044, 0.495886713266, 0.644687414169, 0.511174976826, 0.469590902328, 0.415257841349, 0.23748844862, 0.0951327607036, 0.0197583958507, 0.00567550351843, 0.000774035346694, 3.49487454514e-05, 2.91228589049e-05],
        "min": [6.28760099541e-11, 5.09229880485e-10, 4.83160045306e-09, 3.71259325505e-08, 1.10295886202e-07, 7.44542134612e-08, 1.7379170103e-08, 3.10500496425e-08, 1.68740754702e-08, 2.47957387955e-09, 4.90387330743e-09, 1.4654162328e-08, 2.37947972437e-08, 1.10194209313e-08, 5.30010524358e-09, 5.79846792803e-09, 8.6876017491e-09, 1.74921197527e-08, 1.28672894562e-08, 1.69224563251e-08, 1.66467462037e-08, 2.02359551338e-08, 2.30851338046e-08, 1.30169670598e-08, 1.41950708965e-08, 4.2820232693e-08, 4.22518304788e-08, 5.18978140462e-08, 3.43137500636e-08, 3.79569584652e-08, 3.24331814738e-08, 2.40763853299e-08, 3.84965836986e-08, 2.11062562983e-08, 1.00956354387e-08, 6.78190748005e-09, 4.53876713991e-09, 1.95332816588e-09, 4.02596678217e-10, 7.97868437985e-11],
        "var": [0.164627179503, 18.774936676, 79.8129272461, 197.682769775, 742.918701172, 692.231994629, 283.606933594, 1135.62414551, 1931.71166992, 534.039672852, 621.680725098, 11584.9423828, 9009.39648438, 959.402648926, 2942.359375, 4380.82421875, 1576.48901367, 2039.90332031, 466.568389893, 388.048095703, 108.056083679, 133.136108398, 161.988067627, 200.750411987, 164.731903076, 158.752075195, 145.131362915, 203.377197266, 112.276268005, 210.386123657, 65.6141738892, 73.8605651855, 21.565738678, 5.35857915878, 1.41919028759, 0.289422154427, 0.0765984281898, 0.0045316000469, 4.73661884826e-06, 4.81098183513e-09]
    },
    "gfcc": {
        "mean": [-38.3802566528, 120.496765137, -75.4043502808, 24.6739883423, -70.3298568726, 13.8093538284, -33.0710029602, 5.7369184494, -27.6608028412, -0.681985557079, -16.1127128601, -6.23047876358, -11.857334137],
        "cov": [[12336.3144531, -2512.80249023, -1250.78881836, 122.407264709, -310.361236572, 529.202697754, -504.189788818, 377.244445801, -360.381530762, 148.006668091, -186.634597778, 244.205490112, -290.351165771], [-2512.80249023, 1894.26721191, 281.566436768, -296.168426514, 218.893920898, -157.366760254, 361.667541504, -142.317062378, 138.815475464, -114.716438293, 172.730270386, -228.002426147, 125.432121277], [-1250.78881836, 281.566436768, 719.459533691, 85.8219985962, 11.8897628784, -82.6289978027, 71.6326522827, -86.4069290161, 69.7636032104, -19.68201828, -35.3723983765, -3.11048674583, 16.5080108643], [122.407264709, -296.168426514, 85.8219985962, 313.791168213, -47.9544944763, -45.6721572876, -96.8066558838, -23.2334384918, 24.8858413696, 18.652923584, -36.6059341431, 59.1817626953, 3.63990926743], [-310.361236572, 218.893920898, 11.8897628784, -47.9544944763, 223.09602356, 40.6794662476, 89.4100265503, 23.9315509796, 24.7510967255, -10.6654310226, 3.42410326004, -50.3224220276, -7.63047599792], [529.202697754, -157.366760254, -82.6289978027, -45.6721572876, 40.6794662476, 180.520126343, 50.5047340393, 68.3885345459, -17.625043869, 10.4228239059, -9.45798873901, -6.51380729675, -22.6144294739], [-504.189788818, 361.667541504, 71.6326522827, -96.8066558838, 89.4100265503, 50.5047340393, 215.588470459, 3.1611635685, 40.7771606445, -12.1140155792, 9.87754535675, -45.8392372131, 10.2450227737], [377.244445801, -142.317062378, -86.4069290161, -23.2334384918, 23.9315509796, 68.3885345459, 3.1611635685, 132.235839844, -0.923176109791, 5.26399564743, 0.299157947302, -5.45918560028, -15.1440172195], [-360.381530762, 138.815475464, 69.7636032104, 24.8858413696, 24.7510967255, -17.625043869, 40.7771606445, -0.923176109791, 92.4996490479, 17.5119075775, -10.1039924622, -0.6350248456, 17.7970027924], [148.006668091, -114.716438293, -19.68201828, 18.652923584, -10.6654310226, 10.4228239059, -12.1140155792, 5.26399564743, 17.5119075775, 63.1185302734, 1.9566808939, 28.2224140167, -11.069067955], [-186.634597778, 172.730270386, -35.3723983765, -36.6059341431, 3.42410326004, -9.45798873901, 9.87754535675, 0.299157947302, -10.1039924622, 1.9566808939, 90.3943786621, -19.6264209747, 8.35326099396], [244.205490112, -228.002426147, -3.11048674583, 59.1817626953, -50.3224220276, -6.51380729675, -45.8392372131, -5.45918560028, -0.6350248456, 28.2224140167, -19.6264209747, 79.2063980103, 1.86500418186], [-290.351165771, 125.432121277, 16.5080108643, 3.63990926743, -7.63047599792, -22.6144294739, 10.2450227737, -15.1440172195, 17.7970027924, -11.069067955, 8.35326099396, 1.86500418186, 56.7461242676]],
        "icov": [[0.00015840253036, -0.000122163328342, 0.000190191494767, -0.000100444158306, 0.000170005878317, -0.000400637713028, 0.000280242937151, -0.000248457421549, 0.00041184402653, -0.000200482958462, 0.000435010297224, -0.000367999164155, 0.000557722640224], [-0.000122163328342, 0.00415418436751, -0.000575529586058, 0.00191761530004, -0.00130796828307, 0.00302552711219, -0.0036319643259, 0.00311007141136, -0.00464035198092, 0.0035165718291, -0.00581508642063, 0.00578308757395, -0.00444030063227], [0.000190191494767, -0.000575529586058, 0.00209761410952, -0.000829179421999, 0.000409162836149, -0.000218312212382, -0.000144958277815, 0.000231767640798, -1.61662064784e-05, 0.000183752999874, 0.00156655686442, -0.0010819650488, 0.00159018277191], [-0.000100444158306, 0.00191761530004, -0.000829179421999, 0.00552070746198, -0.000830009405036, 0.00151781691238, 0.000412980065448, 0.00181611487642, -0.00398071715608, 0.00197774358094, -0.00202380982228, 0.000443878496299, -0.00204461067915], [0.000170005878317, -0.00130796828307, 0.000409162836149, -0.000830009405036, 0.00663962122053, -0.00180788326543, -0.000414690643083, -0.0016302887816, 0.000521991692949, -0.00109232123941, 0.00232179323211, 0.000968109117821, 0.00275696394965], [-0.000400637713028, 0.00302552711219, -0.000218312212382, 0.00151781691238, -0.00180788326543, 0.0116210533306, -0.00581624405459, -0.00120498146862, -0.000966229243204, 0.000646216969471, -0.00309130153619, 0.00422431575134, -0.002909517847], [0.000280242937151, -0.0036319643259, -0.000144958277815, 0.000412980065448, -0.000414690643083, -0.00581624405459, 0.0117565309629, -0.00162070035003, 0.00059486500686, -0.00215752446093, 0.00473018316552, -0.0038165897131, 0.00337072112598], [-0.000248457421549, 0.00311007141136, 0.000231767640798, 0.00181611487642, -0.0016302887816, -0.00120498146862, -0.00162070035003, 0.0128172468394, -0.00609421404079, 0.00375965121202, -0.00513931456953, 0.00456803664565, -0.00206490210257], [0.00041184402653, -0.00464035198092, -1.61662064784e-05, -0.00398071715608, 0.000521991692949, -0.000966229243204, 0.00059486500686, -0.00609421404079, 0.0232378318906, -0.0121631575748, 0.00985122006387, -0.00450698239729, -0.000386826781323], [-0.000200482958462, 0.0035165718291, 0.000183752999874, 0.00197774358094, -0.00109232123941, 0.000646216969471, -0.00215752446093, 0.00375965121202, -0.0121631575748, 0.0274225119501, -0.00916973873973, -0.00457578198984, 0.0031883365009], [0.000435010297224, -0.00581508642063, 0.00156655686442, -0.00202380982228, 0.00232179323211, -0.00309130153619, 0.00473018316552, -0.00513931456953, 0.00985122006387, -0.00916973873973, 0.0220098607242, -0.00418791687116, 0.0036277633626], [-0.000367999164155, 0.00578308757395, -0.0010819650488, 0.000443878496299, 0.000968109117821, 0.00422431575134, -0.0038165897131, 0.00456803664565, -0.00450698239729, -0.00457578198984, -0.00418791687116, 0.029905224219, -0.0105032883584], [0.000557722640224, -0.00444030063227, 0.00159018277191, -0.00204461067915, 0.00275696394965, -0.002909517847, 0.00337072112598, -0.00206490210257, -0.000386826781323, 0.0031883365009, 0.0036277633626, -0.0105032883584, 0.0285654813051]]
    },
    "melbands": {
        "dmean": [0.00170169526245, 0.00200063386001, 0.00170931196772, 0.000923217332456, 0.000333310366841, 0.00029863556847, 0.000254365208093, 0.000117861069157, 0.000102897676697, 0.00017123343423, 0.000202969196835, 5.52187339053e-05, 3.71422174794e-05, 4.2621002649e-05, 3.38908430422e-05, 2.78860152321e-05, 2.33587052207e-05, 1.14512067739e-05, 7.66885932535e-06, 4.90480169901e-06, 4.53558550362e-06, 5.20439289176e-06, 4.91348600917e-06, 4.08617916037e-06, 3.92911533709e-06, 3.93553409594e-06, 3.28170176545e-06, 3.36114612765e-06, 3.26832127939e-06, 2.80660356111e-06, 3.28825171891e-06, 2.15041518459e-06, 2.39744531427e-06, 3.1510808185e-06, 1.84378916401e-06, 1.7156347667e-06, 2.17598608288e-06, 1.30809837628e-06, 1.23051995615e-06, 7.13027645816e-07],
        "dmean2": [0.00304576824419, 0.00349445035681, 0.00288576981984, 0.00153199385386, 0.000529909564648, 0.000489904719871, 0.000424313009717, 0.000188294958207, 0.000164039534866, 0.000280408916296, 0.000324581400491, 8.79281651578e-05, 5.94137636654e-05, 7.04595440766e-05, 5.91782772972e-05, 4.39483264927e-05, 3.85678249586e-05, 1.8506683773e-05, 1.2780011275e-05, 7.97002758191e-06, 7.43963573768e-06, 8.52623543324e-06, 8.26717405289e-06, 6.87806186761e-06, 6.43533212497e-06, 6.57517557556e-06, 5.5586410781e-06, 5.66583275941e-06, 5.41485496797e-06, 4.64835557068e-06, 5.64545189263e-06, 3.63163621842e-06, 4.05140917792e-06, 5.62841933061e-06, 3.28708438246e-06, 2.9567263482e-06, 3.80367941943e-06, 2.16996522795e-06, 2.06213189813e-06, 1.1813593801e-06],
        "dvar": [2.93122539006e-05, 3.48360990756e-05, 9.72787438513e-06, 1.7021432086e-06, 2.00921917326e-07, 4.79349125726e-07, 3.43788343571e-07, 3.17680992623e-08, 2.49888820747e-08, 1.12707745359e-07, 1.99264619027e-07, 1.06128990041e-08, 5.81030468183e-09, 8.41477199032e-09, 1.16576472919e-08, 3.74315867191e-09, 5.39357758456e-09, 6.56734167048e-10, 4.55729565196e-10, 6.44717057519e-10, 1.29887933742e-10, 1.31072874776e-10, 1.14509041138e-10, 1.41177333712e-10, 1.0274348039e-10, 1.09168007967e-10, 7.12233952371e-11, 8.79897821271e-11, 7.25903850918e-11, 5.63407445697e-11, 8.00568847326e-11, 3.1424963326e-11, 4.78525170877e-11, 1.41375758322e-10, 3.2159330754e-11, 2.54811918093e-11, 5.15028228398e-11, 1.02784829259e-11, 1.04269561735e-11, 3.69036615502e-12],
        "dvar2": [8.08279073681e-05, 9.33904302656e-05, 2.63880338025e-05, 4.56433099316e-06, 4.6075453497e-07, 1.27486748625e-06, 9.07344258394e-07, 7.78856943384e-08, 5.75618983589e-08, 2.8860890211e-07, 5.10153768118e-07, 2.55942005367e-08, 1.27558319463e-08, 2.06546157955e-08, 3.02610132508e-08, 8.41325498158e-09, 1.2587140219e-08, 1.50981704916e-09, 1.1944237821e-09, 1.73350045429e-09, 3.0655747385e-10, 2.91167839839e-10, 2.85032747405e-10, 3.39090311385e-10, 2.30268984436e-10, 2.84404610973e-10, 1.89998489164e-10, 2.3307250574e-10, 1.84380483104e-10, 1.48827603019e-10, 2.13590450882e-10, 7.97943863762e-11, 1.27936675143e-10, 4.0255557221e-10, 9.08893030283e-11, 6.85687756574e-11, 1.44343065278e-10, 2.74895696484e-11, 2.76075134975e-11, 9.79205605489e-12],
        "max": [0.0398801676929, 0.0419812686741, 0.0321367569268, 0.0132220797241, 0.00767853436992, 0.0132449297234, 0.00561446603388, 0.00210384931415, 0.00233973865397, 0.00575783848763, 0.00507059553638, 0.00129870534874, 0.00107551645488, 0.00156941032037, 0.00268586724997, 0.00105833332054, 0.00160536880139, 0.000385472696507, 0.000421716453275, 0.000717307964806, 0.000307978451019, 0.000235531682847, 0.000131335968035, 0.000253144709859, 0.000179418246262, 0.000112518260721, 0.000123787322082, 0.000119044067105, 0.000119895070384, 9.19556041481e-05, 9.45367428358e-05, 6.50246802252e-05, 7.46324731153e-05, 0.000148322040332, 5.21930633113e-05, 4.40116054961e-05, 7.19647141523e-05, 3.06448091578e-05, 3.50026966771e-05, 2.42735732172e-05],
        "mean": [0.00155112915672, 0.00222883396782, 0.00211777864024, 0.00149368157145, 0.000653711671475, 0.000487849349156, 0.00032365162042, 0.000186928911717, 0.000170141473063, 0.000358313642209, 0.000251400546404, 7.23020057194e-05, 6.38969213469e-05, 6.52620292385e-05, 4.337097198e-05, 4.44942088507e-05, 2.88641022053e-05, 1.65181372722e-05, 8.80347397469e-06, 5.44774275113e-06, 4.43884346168e-06, 5.08393850396e-06, 4.79516620544e-06, 4.2428132474e-06, 5.04733043272e-06, 4.17829232902e-06, 3.55427368959e-06, 3.32023819283e-06, 3.02240277961e-06, 2.56563635048e-06, 3.15745069202e-06, 2.24241057367e-06, 2.24110067393e-06, 2.50180391959e-06, 1.64869652508e-06, 1.49948323269e-06, 1.7330692117e-06, 1.26528948385e-06, 1.1827085018e-06, 6.93467200108e-07],
        "median": [0.000599689083174, 0.000914612202905, 0.0013466719538, 0.000987157924101, 0.000483222858747, 0.000275271333521, 0.00015361966507, 0.000121358963952, 8.62534798216e-05, 6.06415997026e-05, 5.06164869876e-05, 1.82812582352e-05, 8.98484449863e-06, 7.33167644285e-06, 7.05490629116e-06, 4.74083253721e-06, 3.68508017345e-06, 2.09788254324e-06, 1.53429562033e-06, 1.00213617316e-06, 8.34247032344e-07, 9.06127581857e-07, 8.1280336417e-07, 9.18503758385e-07, 9.41583891745e-07, 8.40808183966e-07, 8.76805529515e-07, 7.16840531823e-07, 4.54753632084e-07, 4.56336834986e-07, 3.40848998803e-07, 2.48101372335e-07, 2.74870700423e-07, 3.95672032028e-07, 3.12310334039e-07, 2.51852213751e-07, 2.92402205559e-07, 2.64684729245e-07, 2.71726491974e-07, 1.69910563841e-07],
        "min": [7.34967696512e-13, 1.80328983083e-12, 8.8802767223e-12, 7.37192598632e-12, 9.35073307846e-13, 6.40604594111e-13, 2.27956813582e-13, 1.8738032366e-14, 5.02564637584e-14, 9.34723761066e-14, 1.19485394886e-13, 4.84090781241e-14, 1.57905881025e-14, 1.87029482613e-14, 1.36792229562e-14, 2.46508051466e-14, 3.29885925976e-14, 1.77382539673e-14, 2.5784701048e-14, 1.86002421283e-14, 2.14777841508e-14, 2.42050608344e-14, 1.47689308428e-14, 2.15896839794e-14, 8.61283175449e-15, 1.05451366768e-14, 9.90560647287e-15, 3.43054408394e-14, 2.44522216602e-14, 2.98315889948e-14, 2.90924646569e-14, 2.115455299e-14, 1.52413990445e-14, 2.34612507102e-14, 1.85953293372e-14, 1.71032045677e-14, 1.28660967378e-14, 2.32054111847e-14, 2.90388982934e-14, 1.53445964566e-14],
        "var": [1.93527685042e-05, 2.49741133302e-05, 8.01952046459e-06, 2.65680500888e-06, 4.69619493515e-07, 5.37918936061e-07, 3.6220640709e-07, 5.50869039273e-08, 5.40786366798e-08, 5.92717356085e-07, 2.32102976838e-07, 1.84747062093e-08, 2.02371222002e-08, 2.33391652671e-08, 2.38924897644e-08, 1.30272654886e-08, 8.42337666285e-09, 1.62128999115e-09, 4.77070216665e-10, 5.33180721796e-10, 1.51902573853e-10, 1.67135458251e-10, 1.25869994982e-10, 1.46016448932e-10, 1.47985457222e-10, 1.10190571945e-10, 6.91863996649e-11, 7.76649231038e-11, 6.62268503926e-11, 4.69031896655e-11, 6.96996349525e-11, 3.18038199942e-11, 3.88930693207e-11, 8.86452369842e-11, 2.28178240191e-11, 1.91486375367e-11, 3.35944293217e-11, 8.7894283865e-12, 8.45063949373e-12, 3.06304048965e-12]
    },
    "mfcc": {
        "mean": [-691.110961914, 151.154830933, 41.4374809265, 18.2882881165, -4.25555276871, 3.26614761353, 4.26715517044, 0.758241713047, -3.14615154266, 2.87367558479, -0.504289269447, -3.45980453491, -7.10620355606],
        "cov": [[10565.921875, -2336.61108398, -912.605285645, -465.001556396, 72.6524124146, -133.144042969, -26.8500080109, 64.4691467285, -152.609909058, -106.63948822, -60.0189323425, -61.8946647644, -73.4262619019], [-2336.61108398, 2064.78344727, 126.219291687, 9.91433906555, -113.839569092, 51.2144622803, 191.809417725, 27.0048351288, 6.98595094681, 173.841827393, 64.6132354736, -54.4334182739, -4.47003650665], [-912.605285645, 126.219291687, 585.432922363, 166.858856201, -17.3026981354, 37.9384765625, -74.2234268188, -18.4609165192, 28.7304992676, -51.3325500488, -25.3825130463, 27.2770748138, 22.5607910156], [-465.001556396, 9.91433906555, 166.858856201, 279.08416748, 27.3714027405, 25.8606510162, -97.7454299927, -32.1721534729, 18.9371891022, -55.3736152649, -19.8828258514, 39.8474311829, 14.3810710907], [72.6524124146, -113.839569092, -17.3026981354, 27.3714027405, 154.924026489, -14.0185699463, 5.42497396469, 5.35673904419, 5.94614601135, 12.5830841064, -4.84004354477, 10.1325759888, -1.55099189281], [-133.144042969, 51.2144622803, 37.9384765625, 25.8606510162, -14.0185699463, 138.529006958, 14.2045488358, 16.896736145, 38.5423164368, -0.996901452541, 20.4545478821, 11.2897605896, -4.08613491058], [-26.8500080109, 191.809417725, -74.2234268188, -97.7454299927, 5.42497396469, 14.2045488358, 175.373397827, 54.1860847473, -8.2042016983, 66.9402542114, 31.5606765747, -23.5286273956, -18.0292453766], [64.4691467285, 27.0048351288, -18.4609165192, -32.1721534729, 5.35673904419, 16.896736145, 54.1860847473, 80.9368743896, 40.5561676025, 32.4652481079, 11.7683382034, 6.01650953293, -12.5453262329], [-152.609909058, 6.98595094681, 28.7304992676, 18.9371891022, 5.94614601135, 38.5423164368, -8.2042016983, 40.5561676025, 112.970108032, 14.8425359726, 4.22962665558, 27.0777587891, -12.5010480881], [-106.63948822, 173.841827393, -51.3325500488, -55.3736152649, 12.5830841064, -0.996901452541, 66.9402542114, 32.4652481079, 14.8425359726, 96.6997756958, 36.4145393372, -8.58639526367, -12.1651391983], [-60.0189323425, 64.6132354736, -25.3825130463, -19.8828258514, -4.84004354477, 20.4545478821, 31.5606765747, 11.7683382034, 4.22962665558, 36.4145393372, 59.8961830139, 6.66515159607, 0.277721494436], [-61.8946647644, -54.4334182739, 27.2770748138, 39.8474311829, 10.1325759888, 11.2897605896, -23.5286273956, 6.01650953293, 27.0777587891, -8.58639526367, 6.66515159607, 70.1589889526, 13.0751953125], [-73.4262619019, -4.47003650665, 22.5607910156, 14.3810710907, -1.55099189281, -4.08613491058, -18.0292453766, -12.5453262329, -12.5010480881, -12.1651391983, 0.277721494436, 13.0751953125, 47.0042686462]],
