{
"lowlevel": {
    "average_loudness": 0.977824866772,
    "barkbands_crest": {
        "dmean": 2.44946789742,
        "dmean2": 4.06141233444,
        "dvar": 6.04706859589,
        "dvar2": 15.5070257187,
        "max": 23.8052959442,
        "mean": 9.06332015991,
        "median": 7.70567798615,
        "min": 2.58378195763,
        "var": 21.4621772766
    },
    "barkbands_flatness_db": {
        "dmean": 0.0162121746689,
        "dmean2": 0.0252748914063,
        "dvar": 0.000210959711694,
        "dvar2": 0.000512038881425,
        "max": 0.28988224268,
        "mean": 0.137113675475,
        "median": 0.130227461457,
        "min": 0.0586051121354,
        "var": 0.00148148147855
    },
    "barkbands_kurtosis": {
        "dmean": 1.5483828783,
        "dmean2": 2.45406913757,
        "dvar": 5.16827487946,
        "dvar2": 13.0732069016,
        "max": 42.7492179871,
        "mean": 2.40874028206,
        "median": 0.9135825634,
        "min": -1.81409323215,
        "var": 35.3075523376
    },
    "barkbands_skewness": {
        "dmean": 0.402898281813,
        "dmean2": 0.620831549168,
        "dvar": 0.173681110144,
        "dvar2": 0.426733225584,
        "max": 6.15009212494,
        "mean": 1.31502532959,
        "median": 1.13027822971,
        "min": -0.849226295948,
        "var": 1.00826442242
    },
    "barkbands_spread": {
        "dmean": 6.23458719254,
        "dmean2": 9.17383384705,
        "dvar": 44.6390953064,
        "dvar2": 92.4307479858,
        "max": 94.9992218018,
        "mean": 30.3144493103,
        "median": 26.7087249756,
        "min": 4.39005947113,
        "var": 263.867156982
    },
    "dissonance": {
        "dmean": 0.0141947325319,
        "dmean2": 0.0235872194171,
        "dvar": 0.000186496137758,
        "dvar2": 0.000503700750414,
        "max": 0.499999970198,
        "mean": 0.471565783024,
        "median": 0.47638553381,
        "min": 0.368520826101,
        "var": 0.00043338679825
    },
    "dynamic_complexity": 2.48654723167,
    "erbbands_crest": {
        "dmean": 2.39285206795,
        "dmean2": 3.78252243996,
        "dvar": 6.49817943573,
        "dvar2": 15.0215301514,
        "max": 28.222864151,
        "mean": 8.28405857086,
        "median": 6.52586460114,
        "min": 2.39911770821,
        "var": 25.7721176147
    },
    "erbbands_flatness_db": {
        "dmean": 0.0119296945632,
        "dmean2": 0.0172086320817,
        "dvar": 0.000137390103191,
        "dvar2": 0.000259286985965,
        "max": 0.298896849155,
        "mean": 0.16564527154,
        "median": 0.161617994308,
        "min": 0.103317469358,
        "var": 0.000871523865499
    },
    "erbbands_kurtosis": {
        "dmean": 0.689781844616,
        "dmean2": 1.04150855541,
        "dvar": 1.29653942585,
        "dvar2": 2.57910656929,
        "max": 17.2990112305,
        "mean": -0.0197200812399,
        "median": -0.681721925735,
        "min": -1.71301841736,
        "var": 4.28460693359
    },
    "erbbands_skewness": {
        "dmean": 0.315846025944,
        "dmean2": 0.46979957819,
        "dvar": 0.0907326340675,
        "dvar2": 0.188590750098,
        "max": 3.22904658318,
        "mean": 0.26833564043,
        "median": 0.209079295397,
        "min": -1.40324819088,
        "var": 0.596314132214
    },
    "erbbands_spread": {
        "dmean": 7.64786577225,
        "dmean2": 11.5008916855,
        "dvar": 50.6175804138,
        "dvar2": 110.178031921,
        "max": 99.7382583618,
        "mean": 48.6188926697,
        "median": 48.9189453125,
        "min": 5.41163825989,
        "var": 331.343963623
    },
    "hfc": {
        "dmean": 7.04109954834,
        "dmean2": 10.1722249985,
        "dvar": 82.2077178955,
        "dvar2": 143.921417236,
        "max": 141.149505615,
        "mean": 31.8316440582,
        "median": 29.4008369446,
        "min": 0.000103826227132,
        "var": 432.358551025
    },
    "melbands_crest": {
        "dmean": 2.87823319435,
        "dmean2": 4.77395963669,
        "dvar": 7.50818347931,
        "dvar2": 19.4508743286,
        "max": 27.7047748566,
        "mean": 12.5648555756,
        "median": 11.6989393234,
        "min": 4.32021808624,
        "var": 17.8063716888
    },
    "melbands_flatness_db": {
        "dmean": 0.0202136822045,
        "dmean2": 0.0306410063058,
        "dvar": 0.000413064990425,
        "dvar2": 0.00101771752816,
        "max": 0.342591613531,
        "mean": 0.157266482711,
        "median": 0.149785771966,
        "min": 0.0465708002448,
        "var": 0.00247017364018
    },
    "melbands_kurtosis": {
        "dmean": 4.90810871124,
        "dmean2": 7.94828605652,
        "dvar": 78.5173110962,
        "dvar2": 200.947723389,
        "max": 142.924072266,
        "mean": 12.2236299515,
        "median": 6.7383146286,
        "min": -0.499265909195,
        "var": 364.179779053
    },
    "melbands_skewness": {
        "dmean": 0.589111149311,
        "dmean2": 0.915611326694,
        "dvar": 0.489516764879,
        "dvar2": 1.18909406662,
        "max": 10.8674964905,
        "mean": 2.60102009773,
        "median": 2.34386277199,
        "min": -0.536386728287,
        "var": 2.53133964539
    },
    "melbands_spread": {
        "dmean": 8.0662946701,
        "dmean2": 12.142414093,
        "dvar": 87.3980636597,
        "dvar2": 191.285003662,
        "max": 160.739364624,
        "mean": 29.6418132782,
        "median": 25.5960159302,
        "min": 2.70358133316,
        "var": 329.598266602
    },
    "pitch_salience": {
        "dmean": 0.0620391182601,
        "dmean2": 0.102269127965,
        "dvar": 0.00339634576812,
        "dvar2": 0.00879763159901,
        "max": 0.814380228519,
        "mean": 0.561595022678,
        "median": 0.578676521778,
        "min": 0.185680165887,
        "var": 0.0136903086677
    },
    "silence_rate_20dB": {
        "dmean": 0,
        "dmean2": 0,
        "dvar": 0,
        "dvar2": 0,
        "max": 1,
        "mean": 1,
        "median": 1,
        "min": 1,
        "var": 0
    },
    "silence_rate_30dB": {
        "dmean": 0,
        "dmean2": 0,
        "dvar": 0,
        "dvar2": 0,
        "max": 1,
        "mean": 1,
        "median": 1,
        "min": 1,
        "var": 0
    },
    "silence_rate_60dB": {
        "dmean": 0.00155038759112,
        "dmean2": 0.00310318078846,
        "dvar": 0.00154796463903,
        "dvar2": 0.00309357349761,
        "max": 1,
        "mean": 0.0433772280812,
        "median": 0,
        "min": 0,
        "var": 0.0414947345853
    },
    "spectral_centroid": {
        "dmean": 270.990081787,
        "dmean2": 408.746704102,
        "dvar": 63490.5195312,
        "dvar2": 138888,
        "max": 3667.15673828,
        "mean": 1664.25683594,
        "median": 1531.29333496,
        "min": 411.470275879,
        "var": 362501.8125
    },
    "spectral_complexity": {
        "dmean": 4.06356573105,
        "dmean2": 6.2358417511,
        "dvar": 13.6812047958,
        "dvar2": 29.342168808,
        "max": 57,
        "mean": 26.7164993286,
        "median": 28,
        "min": 0,
        "var": 109.521408081
    },
    "spectral_decrease": {
        "dmean": 2.27454810542e-09,
        "dmean2": 3.63685970228e-09,
        "dvar": 1.07462019499e-17,
        "dvar2": 2.80961755047e-17,
        "max": -6.46154475954e-14,
        "mean": -7.89263410184e-09,
        "median": -7.53000062303e-09,
        "min": -3.15236974302e-08,
        "var": 1.8520234771e-17
    },
    "spectral_energy": {
        "dmean": 0.00889940746129,
        "dmean2": 0.0141784986481,
        "dvar": 0.000157150730956,
        "dvar2": 0.000409662490711,
        "max": 0.122138954699,
        "mean": 0.0326758138835,
        "median": 0.0316565260291,
        "min": 2.53290608043e-07,
        "var": 0.000290079740807
    },
    "spectral_energyband_high": {
        "dmean": 0.000706057006028,
        "dmean2": 0.000983454869129,
        "dvar": 1.46933177803e-06,
        "dvar2": 2.39545579461e-06,
        "max": 0.0169034935534,
        "mean": 0.00217397417873,
        "median": 0.00139784114435,
        "min": 1.55229440413e-09,
        "var": 6.49998355584e-06
    },
    "spectral_energyband_low": {
        "dmean": 0.00501056667417,
        "dmean2": 0.00864166766405,
        "dvar": 0.000146196223795,
        "dvar2": 0.000392509216908,
        "max": 0.101071707904,
        "mean": 0.00930951628834,
        "median": 0.00740781379864,
        "min": 1.19602418636e-07,
        "var": 0.000115496623039
    },
    "spectral_energyband_middle_high": {
        "dmean": 0.00188198720571,
        "dmean2": 0.00283239386044,
        "dvar": 5.68949462831e-06,
        "dvar2": 1.29523086798e-05,
        "max": 0.0350863337517,
        "mean": 0.00618051923811,
        "median": 0.00531492661685,
        "min": 4.00131767719e-08,
        "var": 2.13065723074e-05
    },
    "spectral_energyband_middle_low": {
        "dmean": 0.0055810213089,
        "dmean2": 0.00863974168897,
        "dvar": 4.03502854169e-05,
        "dvar2": 9.51294787228e-05,
        "max": 0.0607924200594,
        "mean": 0.0163938477635,
        "median": 0.0142191993073,
        "min": 9.07864006194e-08,
        "var": 0.000133605848532
    },
    "spectral_entropy": {
        "dmean": 0.098197735846,
        "dmean2": 0.138672024012,
        "dvar": 0.00846726913005,
        "dvar2": 0.0141068352386,
        "max": 8.54014587402,
        "mean": 7.81532907486,
        "median": 7.81246948242,
        "min": 6.81324005127,
        "var": 0.0705222785473
    },
    "spectral_flux": {
        "dmean": 0.0205334257334,
        "dmean2": 0.0317173525691,
        "dvar": 0.000603593478445,
        "dvar2": 0.00119981716853,
        "max": 0.278180032969,
        "mean": 0.0917794853449,
        "median": 0.0898388326168,
        "min": 0.000799929141067,
        "var": 0.00185821228661
    },
    "spectral_kurtosis": {
        "dmean": 0.904822230339,
        "dmean2": 1.5625679493,
        "dvar": 0.899290204048,
        "dvar2": 2.51696896553,
        "max": 20.2764778137,
        "mean": 1.28688108921,
        "median": 1.07680368423,
        "min": -1.00334537029,
        "var": 1.82043254375
    },
    "spectral_rms": {
        "dmean": 0.000701681652572,
        "dmean2": 0.0010903958464,
        "dvar": 6.8746493298e-07,
        "dvar2": 1.74515855633e-06,
        "max": 0.0109160412103,
        "mean": 0.00540141761303,
        "median": 0.00555737502873,
        "min": 1.57198210218e-05,
        "var": 2.70352097687e-06
    },
    "spectral_rolloff": {
        "dmean": 642.108215332,
        "dmean2": 1025.30761719,
        "dvar": 913267.625,
        "dvar2": 1845059.125,
        "max": 9087.01171875,
        "mean": 1983.80749512,
        "median": 1399.65820312,
        "min": 86.1328125,
        "var": 3278110.25
    },
    "spectral_skewness": {
        "dmean": 0.153016373515,
        "dmean2": 0.242995232344,
        "dvar": 0.0163241773844,
        "dvar2": 0.0428502894938,
        "max": 3.19764399529,
        "mean": 0.887382626534,
        "median": 0.869298219681,
        "min": 0.186696305871,
        "var": 0.0943410024047
    },
    "spectral_spread": {
        "dmean": 317681.03125,
        "dmean2": 434951.4375,
        "dvar": 258715729920,
        "dvar2": 284805955584,
        "max": 17810672,
        "mean": 4578516.5,
        "median": 4383422,
        "min": 2204557,
        "var": 1.02800090726e+12
    },
    "spectral_strongpeak": {
        "dmean": 0.547476887703,
        "dmean2": 0.896618187428,
        "dvar": 0.64819175005,
        "dvar2": 1.50308012962,
        "max": 6.95646238327,
        "mean": 1.064696908,
        "median": 0.440133035183,
        "min": 0,
        "var": 1.62267434597
    },
    "zerocrossingrate": {
        "dmean": 0.0107380235568,
        "dmean2": 0.0121316490695,
        "dvar": 0.000143326455145,
        "dvar2": 0.000141949247336,
        "max": 0.259765625,
        "mean": 0.0743216276169,
        "median": 0.06689453125,
        "min": 0.0078125,
        "var": 0.00142854545265
    },
    "barkbands": {
        "dmean": [6.1861013819e-05, 0.00333188311197, 0.0020116106607, 0.000880782725289, 0.0022410179954, 0.00225138966925, 0.000701098062564, 0.000942602055147, 0.0015674243914, 0.00115845177788, 0.00038143369602, 0.000323984451825, 0.000361271610018, 0.000352549774107, 0.000364924198948, 0.000331584829837, 0.000291873642709, 0.000116258510388, 0.000155266941874, 0.000304848741507, 0.000209768215427, 0.000164395343745, 0.000176213492523, 0.000170337269083, 5.74856494495e-05, 7.38783398901e-08, 4.06874640646e-08],
        "dmean2": [9.99193289317e-05, 0.0057159466669, 0.00358597259037, 0.00153815408703, 0.00373354996555, 0.00348981982097, 0.00117240438703, 0.00152939558029, 0.00243385671638, 0.00173253088724, 0.000618616002612, 0.000512327998877, 0.000567736511584, 0.000585987640079, 0.000597045756876, 0.000536109029781, 0.000472721934784, 0.000191741622984, 0.000249039207119, 0.000482434261357, 0.000331149785779, 0.000250464305282, 0.000258383806795, 0.000231441939832, 8.41542787384e-05, 1.22968756955e-07, 7.27095752495e-08],
        "dvar": [1.49412535677e-08, 7.66341763665e-05, 2.16194584937e-05, 2.99929183711e-06, 1.26879558593e-05, 1.1367845218e-05, 2.45888395511e-06, 2.79807682091e-06, 9.72195539362e-06, 9.52285699896e-06, 6.58859619307e-07, 3.44947721942e-07, 6.67333438287e-07, 4.77327205317e-07, 4.8232499239e-07, 5.38009999218e-07, 2.60150017084e-07, 2.11430535302e-08, 5.42419371641e-08, 2.46123278203e-07, 1.12340266867e-07, 6.04753651601e-08, 1.31067864118e-07, 2.20224663394e-07, 3.7604458214e-08, 5.35047944535e-14, 2.46537951729e-14],
        "dvar2": [3.86539831254e-08, 0.000206123106182, 6.37135017314e-05, 8.85958070285e-06, 3.15269280691e-05, 2.77772724075e-05, 5.66130211155e-06, 7.53614176574e-06, 2.03383951884e-05, 1.9005874492e-05, 1.70717441961e-06, 8.0672674585e-07, 1.56722205702e-06, 1.31364151912e-06, 1.16317687571e-06, 1.36906817261e-06, 6.27753877325e-07, 5.41527676035e-08, 1.25116457639e-07, 5.8553865756e-07, 2.587413519e-07, 1.2944882144e-07, 2.37244790924e-07, 3.71984327785e-07, 7.81712685693e-08, 1.36871999737e-13, 6.76431905823e-14],
        "max": [0.00140352186281, 0.0894749611616, 0.0531410127878, 0.021308189258, 0.0300051756203, 0.0343504920602, 0.0345793366432, 0.0301739666611, 0.0487757436931, 0.0508024133742, 0.0140754655004, 0.00792654417455, 0.013198049739, 0.00892071984708, 0.0122613292187, 0.00938619486988, 0.00715662445873, 0.00182711367961, 0.00336920586415, 0.00770192313939, 0.00611429382116, 0.00445139035583, 0.00568083673716, 0.00951148569584, 0.00325322663411, 3.50420123141e-06, 2.91912169814e-06],
        "mean": [8.0935555161e-05, 0.00508798286319, 0.00339600164443, 0.00128056562971, 0.00361173413694, 0.00425111781806, 0.00115004205145, 0.00154032174032, 0.00318259513006, 0.00198300927877, 0.000565959548112, 0.000553901714738, 0.000598721380811, 0.000515684543643, 0.000591556483414, 0.000563323148526, 0.000597534526605, 0.000258735701209, 0.000323120999383, 0.000729787454475, 0.000494175998028, 0.000414131238358, 0.00040960975457, 0.000395815062802, 9.93468493107e-05, 9.76568017563e-08, 3.03407432511e-08],
        "median": [1.92074603547e-05, 0.00358399283141, 0.00256740581244, 0.000775637454353, 0.00210194895044, 0.00187073252164, 0.000729608931579, 0.000844935886562, 0.00130820437334, 0.000486789242132, 0.000249683100265, 0.00031300217961, 0.000240029636188, 0.000262768589891, 0.000397448078729, 0.000300948362565, 0.000301121734083, 0.000204242212931, 0.00023989471083, 0.000410413718782, 0.000358255958417, 0.000293941120617, 0.00020028137078, 0.000137802766403, 1.99604910449e-05, 2.14639381824e-08, 1.92188331916e-09],
        "min": [1.47785367277e-10, 6.59117489477e-08, 2.70904187971e-08, 1.93149798378e-08, 5.3164845859e-09, 3.59410656792e-09, 9.35532717961e-09, 2.36845920654e-08, 7.12474435005e-09, 7.43135109005e-09, 6.03542860134e-09, 3.30630300915e-09, 1.68434266534e-09, 7.46413775232e-09, 6.43187780813e-10, 6.45132336441e-10, 7.7056616643e-10, 2.18401602359e-10, 8.88444873226e-10, 3.88122173289e-10, 7.97911847705e-10, 1.97473412622e-10, 1.48834930491e-10, 5.04588697214e-11, 3.41030068768e-12, 2.67676462593e-12, 2.44933739089e-12],
        "var": [2.11720259102e-08, 5.94934281253e-05, 1.66485770023e-05, 2.9447101042e-06, 1.98884081328e-05, 3.0736951885e-05, 3.19003220284e-06, 4.55377448816e-06, 3.31002411258e-05, 2.88461542368e-05, 1.31002855142e-06, 6.75299020259e-07, 1.36161702358e-06, 6.29959401977e-07, 6.37965001715e-07, 7.45203294628e-07, 6.74521800192e-07, 4.93823790748e-08, 1.02581182659e-07, 7.98352004949e-07, 2.72643148946e-07, 1.85006214792e-07, 4.64508218556e-07, 8.29519478884e-07, 8.45279046757e-08, 7.6267212489e-14, 1.75237123803e-14]
    },
    "erbbands": {
        "dmean": [0.0793182328343, 0.823952913284, 2.17316031456, 2.70850157738, 4.62742090225, 7.30073738098, 18.6209907532, 16.3408641815, 9.50406551361, 11.405251503, 25.6451969147, 37.8617248535, 43.5242958069, 16.7668914795, 13.7752742767, 12.7612600327, 16.163066864, 16.8828678131, 18.6080913544, 18.6323032379, 16.6168422699, 13.0691604614, 7.34529733658, 5.54081201553, 10.9595193863, 14.9097175598, 9.66202354431, 7.34068155289, 6.33270311356, 5.5941362381, 4.97400903702, 4.09142351151, 2.76754188538, 1.19038677216, 0.0678315907717, 0.00307135027833, 0.000207989869523, 4.27681698056e-05, 1.31097258418e-05, 1.14559516078e-05],
        "dmean2": [0.133100554347, 1.43055343628, 3.87349271774, 4.7814283371, 7.82519054413, 12.0854549408, 29.1361026764, 25.708234787, 15.9059467316, 18.6050796509, 41.0809860229, 58.763256073, 63.563117981, 26.7896900177, 21.9877624512, 20.180103302, 24.99269104, 28.0082149506, 31.0679035187, 30.2113170624, 26.092912674, 20.9860477448, 12.2694396973, 8.72082996368, 17.9473056793, 23.5958385468, 15.0522918701, 11.5195503235, 9.78920078278, 8.33657550812, 7.07536506653, 5.86609792709, 3.87413549423, 1.71797347069, 0.0993562117219, 0.00442647282034, 0.000303528388031, 6.59831057419e-05, 2.01597595151e-05, 1.76275989361e-05],
        "dvar": [0.0449850261211, 4.63871192932, 26.5526981354, 33.5143356323, 80.5026702881, 133.092773438, 1140.33435059, 787.442077637, 223.129196167, 716.213012695, 2197.43554688, 5792.01025391, 15238.9863281, 778.161071777, 735.760925293, 595.434143066, 1414.75183105, 1176.41516113, 1811.96337891, 1331.24743652, 1019.86334229, 519.688781738, 109.902618408, 54.4073295593, 369.350616455, 626.572998047, 212.141693115, 158.774230957, 84.799911499, 92.5469207764, 113.026115417, 107.184486389, 65.1886444092, 15.7709941864, 0.0609223358333, 0.000114016569569, 3.50724604914e-07, 1.60748943046e-08, 8.40426006565e-10, 2.24998436549e-10],
        "dvar2": [0.119020007551, 12.65695858, 77.4813079834, 99.4882888794, 208.578155518, 347.097747803, 2543.37402344, 2002.51281738, 594.010131836, 1701.91772461, 5814.5625, 12719.9443359, 29924.3964844, 1926.20422363, 1870.46740723, 1425.86791992, 3421.71948242, 3235.34008789, 4809.87255859, 3280.65161133, 2494.88916016, 1210.90869141, 269.202941895, 122.664993286, 966.920593262, 1446.34631348, 476.690460205, 357.829742432, 186.395172119, 202.482757568, 205.123977661, 207.972579956, 121.781661987, 32.7527961731, 0.128336310387, 0.000236897787545, 7.07499225427e-07, 3.83369531676e-08, 1.96557481402e-09, 5.63429747302e-10],
        "max": [2.04421758652, 21.6651306152, 53.2087554932, 62.3465461731, 93.9615707397, 120.143753052, 443.327209473, 329.089416504, 259.499359131, 633.262451172, 878.492553711, 1275.58361816, 1937.51538086, 385.29598999, 418.927581787, 361.507873535, 679.794555664, 420.557067871, 673.447814941, 525.756347656, 367.519500732, 382.444122314, 153.019470215, 115.983177185, 248.278930664, 382.925109863, 231.357849121, 215.484039307, 158.155471802, 156.48147583, 175.013961792, 210.30770874, 143.737213135, 57.0381736755, 3.90149736404, 0.166918769479, 0.00846942327917, 0.00252628419548, 0.000535861297976, 0.000191693601664],
        "mean": [0.110090687871, 1.28003144264, 3.85479593277, 4.40156745911, 6.65910625458, 11.1470708847, 33.6155052185, 30.1003646851, 17.2740917206, 20.020154953, 45.9945640564, 77.280380249, 83.6791534424, 28.490814209, 24.5393657684, 23.4598789215, 28.1235694885, 26.6522674561, 29.8458042145, 31.804058075, 32.5141105652, 29.1017131805, 17.9549636841, 13.6471242905, 23.6849575043, 35.2226638794, 22.8891868591, 17.8130817413, 15.3607368469, 13.28510952, 11.3217220306, 9.11765766144, 5.97392272949, 2.185546875, 0.100378163159, 0.00482995435596, 0.000386928732041, 7.46300211176e-05, 3.5204251617e-05, 4.41924785264e-05],
        "median": [0.0695837289095, 0.87987858057, 3.10756516457, 3.05309987068, 3.6341278553, 6.31691026688, 13.0209226608, 12.7557439804, 11.6127414703, 12.7156114578, 27.3473567963, 30.0335769653, 19.2884521484, 15.7121677399, 13.1056489944, 13.8284244537, 12.2070236206, 13.9108457565, 18.9040184021, 21.1744556427, 17.2307834625, 15.7969369888, 13.2373361588, 11.2713079453, 14.6150789261, 19.7766456604, 15.7667798996, 12.7134084702, 10.789689064, 8.14858818054, 5.1967253685, 3.26936197281, 1.93385589123, 0.495569378138, 0.0144837331027, 0.000868512724992, 0.000116389841423, 2.74101730611e-05, 2.54525330092e-05, 4.30764703196e-05],
        "min": [2.35065317611e-06, 1.31732140289e-05, 3.09196584567e-05, 5.25891773577e-05, 3.3728651033e-05, 2.30335881497e-05, 9.04353655642e-05, 1.75208260771e-05, 7.8988232417e-05, 0.000317763100611, 0.000485846423544, 0.000169637991348, 0.000177465859451, 0.000148483115481, 0.000144147008541, 0.000115856782941, 8.17417749204e-05, 0.000537254672963, 6.63880564389e-05, 2.69282027148e-05, 4.51733576483e-05, 3.85189450753e-05, 2.2630483727e-05, 4.69014594273e-05, 2.39666351263e-05, 1.67658072314e-05, 5.03329320054e-05, 1.09287939267e-05, 9.21172068047e-06, 5.39764278074e-06, 3.54278995474e-06, 1.32934610519e-06, 7.93905144292e-07, 4.07317429563e-07, 4.55328184046e-08, 1.41187106451e-08, 5.68523583766e-09, 1.79141923518e-09, 7.87981568884e-10, 7.77984121569e-10],
        "var": [0.0378571897745, 3.45572137833, 19.0544815063, 28.8152313232, 86.1997528076, 200.101669312, 3353.62817383, 1902.44177246, 376.03137207, 939.006591797, 3609.03295898, 18518.9960938, 50208.0742188, 1571.16442871, 1613.24316406, 1138.46276855, 2869.81689453, 1685.46496582, 1867.01989746, 1681.7722168, 2039.9239502, 1419.71472168, 290.328338623, 125.27898407, 842.931945801, 1988.06542969, 545.032592773, 394.567932129, 252.888900757, 271.661499023, 405.975158691, 391.620025635, 201.768112183, 37.6603927612, 0.120085805655, 0.00024100538576, 9.06987281724e-07, 2.82341670044e-08, 1.68455338567e-09, 5.46810596802e-10]
    },
    "gfcc": {
        "mean": [14.9510040283, 115.681549072, -146.625534058, 68.790802002, -85.7977142334, 22.4536190033, -30.3636264801, -1.9558775425, -1.55714905262, -15.3657636642, 1.91292142868, -21.1440010071, 7.76526403427],
        "cov": [[6144.06396484, -923.512329102, -216.352371216, -90.2210235596, -292.466064453, 262.066589355, -447.502471924, 231.075515747, -247.898254395, -16.8852615356, -188.112625122, -79.0292282104, 70.1506881714], [-923.512329102, 593.56048584, -141.162948608, -88.9771118164, 124.917015076, -144.940185547, 151.463439941, -126.300354004, 83.6731719971, -58.0613975525, 53.7468795776, -10.6236915588, 28.2065258026], [-216.352371216, -141.162948608, 282.699401855, 120.583694458, -5.31744384766, 55.3665275574, -8.45917224884, 45.0659103394, -8.34915733337, 34.643535614, 16.2584114075, 20.1193771362, -16.7987918854], [-90.2210235596, -88.9771118164, 120.583694458, 247.914321899, 53.2992362976, -35.4042320251, -8.00946712494, 14.692199707, 28.1745452881, 33.4959564209, 37.4598350525, 44.137638092, 27.2601680756], [-292.466064453, 124.917015076, -5.31744384766, 53.2992362976, 117.952941895, -23.2422142029, 35.3052940369, -18.6671791077, 32.0319137573, 5.16305685043, 17.7729606628, 9.81480503082, 24.7782878876], [262.066589355, -144.940185547, 55.3665275574, -35.4042320251, -23.2422142029, 162.332611084, 29.0798473358, 53.245426178, -17.0768871307, 15.5761852264, -16.7734413147, -17.7698497772, -31.0317249298], [-447.502471924, 151.463439941, -8.45917224884, -8.00946712494, 35.3052940369, 29.0798473358, 180.165786743, 9.97041511536, 54.3684234619, -14.8155298233, 25.7469387054, -8.55296707153, -13.2266044617], [231.075515747, -126.300354004, 45.0659103394, 14.692199707, -18.6671791077, 53.245426178, 9.97041511536, 104.790893555, 9.64091110229, 14.4823980331, -11.7416810989, -5.50283050537, -1.82875490189], [-247.898254395, 83.6731719971, -8.34915733337, 28.1745452881, 32.0319137573, -17.0768871307, 54.3684234619, 9.64091110229, 84.3906173706, 18.8080329895, 18.6734352112, 3.47867798805, 7.61401700974], [-16.8852615356, -58.0613975525, 34.643535614, 33.4959564209, 5.16305685043, 15.5761852264, -14.8155298233, 14.4823980331, 18.8080329895, 71.5692062378, 33.0561752319, 16.4891872406, 2.51291799545], [-188.112625122, 53.7468795776, 16.2584114075, 37.4598350525, 17.7729606628, -16.7734413147, 25.7469387054, -11.7416810989, 18.6734352112, 33.0561752319, 79.3125076294, 39.9688568115, 10.3088636398], [-79.0292282104, -10.6236915588, 20.1193771362, 44.137638092, 9.81480503082, -17.7698497772, -8.55296707153, -5.50283050537, 3.47867798805, 16.4891872406, 39.9688568115, 59.0112991333, 26.3368606567], [70.1506881714, 28.2065258026, -16.7987918854, 27.2601680756, 24.7782878876, -31.0317249298, -13.2266044617, -1.82875490189, 7.61401700974, 2.51291799545, 10.3088636398, 26.3368606567, 62.1800804138]],
        "icov": [[0.000367096072296, -3.49950860254e-05, 0.000690903689247, -0.000516245316248, 0.000687188468874, -0.000905238208361, 0.000886031484697, -0.000657132244669, 0.00045229846728, 0.000267603027169, -0.000220016372623, 0.000763022282626, -0.000894666532986], [-3.49950860254e-05, 0.0135179916397, -0.00210346025415, 0.00886970292777, -0.0098425084725, 0.0089486790821, -0.00667002098635, 0.00900024361908, -0.00734949111938, 0.00857673957944, -0.0106435772032, 0.00784855056554, -0.00432182382792], [0.000690903689247, -0.00210346025415, 0.00736484210938, -0.00545174628496, 0.00326073402539, -0.00474552018568, 0.00268379691988, -0.00367040419951, 0.00319151231088, -0.00170607422478, 0.00123534898739, -0.000896254205145, 0.00120270904154], [-0.000516245316248, 0.00886970292777, -0.00545174628496, 0.0138361696154, -0.0100612640381, 0.00921897869557, -0.00500328373164, 0.00551468227059, -0.00656305160373, 0.0043865237385, -0.00664664292708, 0.00124019873329, -0.00206871307455], [0.000687188468874, -0.0098425084725, 0.00326073402539, -0.0100612640381, 0.0206119623035, -0.00865880865604, 0.00431071594357, -0.00460403086618, 0.00383519986644, -0.00610206834972, 0.00694680633023, -0.00203901412897, -0.00328313792124], [-0.000905238208361, 0.0089486790821, -0.00474552018568, 0.00921897869557, -0.00865880865604, 0.0188992880285, -0.00994637794793, 0.00329446909018, -0.00157289742492, 1.65405908774e-05, -0.00299092335626, 0.00223003770225, 0.00224498426542], [0.000886031484697, -0.00667002098635, 0.00268379691988, -0.00500328373164, 0.00431071594357, -0.00994637794793, 0.015997281298, -0.00665720179677, -0.00256184628233, 0.00392313394696, -0.00244281673804, 0.000742341624573, 0.00171576417051], [-0.000657132244669, 0.00900024361908, -0.00367040419951, 0.00551468227059, -0.00460403086618, 0.00329446909018, -0.00665720179677, 0.0208426024765, -0.0084446426481, 0.00338184274733, -0.00374629348516, 0.00472844718024, -0.00455922586843], [0.00045229846728, -0.00734949111938, 0.00319151231088, -0.00656305160373, 0.00383519986644, -0.00157289742492, -0.00256184628233, -0.0084446426481, 0.0250115990639, -0.0125166941434, 0.00735537800938, -0.0024453131482, 0.000716014939826], [0.000267603027169, 0.00857673957944, -0.00170607422478, 0.0043865237385, -0.00610206834972, 1.65405908774e-05, 0.00392313394696, 0.00338184274733, -0.0125166941434, 0.031100269407, -0.0199692510068, 0.00802594982088, -0.0030156224966], [-0.000220016372623, -0.0106435772032, 0.00123534898739, -0.00664664292708, 0.00694680633023, -0.00299092335626, -0.00244281673804, -0.00374629348516, 0.00735537800938, -0.0199692510068, 0.0381696335971, -0.0244062673301, 0.00734905619174], [0.000763022282626, 0.00784855056554, -0.000896254205145, 0.00124019873329, -0.00203901412897, 0.00223003770225, 0.000742341624573, 0.00472844718024, -0.0024453131482, 0.00802594982088, -0.0244062673301, 0.0422794818878, -0.0168709605932], [-0.000894666532986, -0.00432182382792, 0.00120270904154, -0.00206871307455, -0.00328313792124, 0.00224498426542, 0.00171576417051, -0.00455922586843, 0.000716014939826, -0.0030156224966, 0.00734905619174, -0.0168709605932, 0.0289052203298]]
    },
    "melbands": {
        "dmean": [0.000827306008432, 0.00109112507198, 0.000482661649585, 0.000418387586251, 0.000567275448702, 0.000371002330212, 0.000147582904901, 0.000131203327328, 0.000226301504881, 0.000234255683608, 0.00021813310741, 6.88144937158e-05, 5.50310578546e-05, 4.03390004067e-05, 3.40304432029e-05, 3.42958483088e-05, 3.32175332005e-05, 3.1717823731e-05, 2.50131015491e-05, 2.4401157134e-05, 2.23586994252e-05, 1.41533391798e-05, 1.33335579449e-05, 6.17311798123e-06, 4.82846007799e-06, 6.65116067466e-06, 1.12547986646e-05, 1.08940112113e-05, 6.83991675032e-06, 5.87246222494e-06, 4.34032699559e-06, 4.05168339057e-06, 3.18985280501e-06, 3.48835669683e-06, 3.13203304358e-06, 2.86359409074e-06, 2.60500178229e-06, 2.09963400266e-06, 1.9247831915e-06, 7.37161201414e-07],
        "dmean2": [0.00141974014696, 0.00191844755318, 0.000846334733069, 0.000709945394192, 0.000893653312232, 0.000581848900765, 0.00024701069924, 0.000214679035707, 0.000360470236046, 0.00036255797022, 0.000320634921081, 0.000110890512588, 8.83814645931e-05, 6.4047453634e-05, 5.39029279025e-05, 5.32569283678e-05, 5.55655060452e-05, 5.30149227416e-05, 4.01887773478e-05, 3.99883865612e-05, 3.5115161154e-05, 2.29478264373e-05, 2.2245609216e-05, 1.0326393749e-05, 7.70821861806e-06, 1.07895311885e-05, 1.79962589755e-05, 1.7451482563e-05, 1.07162131826e-05, 9.46023828874e-06, 6.86938983563e-06, 6.30234217169e-06, 4.91139098813e-06, 5.31844034413e-06, 4.62175512439e-06, 4.08402956964e-06, 3.84180839319e-06, 2.97750193567e-06, 2.80402969111e-06, 1.1003767213e-06],
        "dvar": [4.97159089718e-06, 6.99289421391e-06, 9.04645332866e-07, 6.14084967765e-07, 9.62923309089e-07, 3.51481276084e-07, 6.67052688641e-08, 6.78063614146e-08, 1.66235665233e-07, 2.23221860551e-07, 3.75738721914e-07, 1.41045788382e-08, 1.3838880264e-08, 5.77201797469e-09, 5.18818499273e-09, 5.46016831748e-09, 4.69279060056e-09, 5.64591928764e-09, 2.42494824221e-09, 3.86752407877e-09, 1.9644437188e-09, 5.51133361171e-10, 7.15887960023e-10, 6.24888682466e-11, 4.10982532728e-11, 1.08769659946e-10, 4.15360412731e-10, 3.52124829295e-10, 1.06834208147e-10, 1.12191846091e-10, 5.46114924116e-11, 3.44609688008e-11, 2.37785607177e-11, 3.80362928654e-11, 4.32037253195e-11, 4.66980655534e-11, 4.57526933006e-11, 3.64528754404e-11, 3.71644451325e-11, 6.45055883708e-12],
        "dvar2": [1.32622981255e-05, 1.97089029825e-05, 2.65437211056e-06, 1.55170050675e-06, 2.21257664634e-06, 8.91861475338e-07, 1.65746087077e-07, 1.63777258422e-07, 4.24472602845e-07, 4.94157461617e-07, 7.40520874842e-07, 3.51700499834e-08, 3.6074794707e-08, 1.36425448716e-08, 1.2334833599e-08, 1.26275052637e-08, 1.30924622255e-08, 1.53451207296e-08, 5.18465759214e-09, 9.91955673157e-09, 4.88033569113e-09, 1.31723665309e-09, 1.84686688165e-09, 1.70341046823e-10, 9.48212688923e-11, 2.62776828075e-10, 1.11006281944e-09, 8.47971415308e-10, 2.4674451371e-10, 2.73329414657e-10, 1.31235119993e-10, 7.75871242253e-11, 5.65423680099e-11, 8.45767345048e-11, 8.78754916056e-11, 9.09353078948e-11, 8.9636152667e-11, 7.52780893176e-11, 7.55427317922e-11, 1.38518033849e-11],
        "max": [0.0226107314229, 0.0245994310826, 0.0105709489435, 0.0074399211444, 0.0122000277042, 0.00643800524995, 0.00495442794636, 0.0056889555417, 0.0072937454097, 0.00691652903333, 0.00965561065823, 0.00176701706368, 0.00202750787139, 0.000998295843601, 0.00115875853226, 0.00101226230618, 0.00069858826464, 0.00135867355857, 0.00108909280971, 0.000991697539575, 0.000553349207621, 0.000323426182149, 0.000414763810113, 9.54132265178e-05, 9.23705665627e-05, 0.000141406446346, 0.000262933259364, 0.000242525144131, 0.000139481024235, 0.000226777119678, 0.000112493107736, 9.27227374632e-05, 7.70598344388e-05, 8.8247936219e-05, 9.50442408794e-05, 0.000120589145808, 0.000121890036098, 0.000104256512714, 9.62617268669e-05, 4.01789002353e-05],
        "mean": [0.0012204075465, 0.00196845061146, 0.000823650159873, 0.000603275897447, 0.00103096640669, 0.000690055137966, 0.000263917841949, 0.000232821461395, 0.000419204880018, 0.000472520012408, 0.000405244412832, 0.000107902851596, 8.68818315212e-05, 6.66472988087e-05, 5.91669122514e-05, 5.57118692086e-05, 4.86570934299e-05, 4.72584615636e-05, 4.11460714531e-05, 3.86203137168e-05, 3.99586606363e-05, 2.9901653761e-05, 2.53701964539e-05, 1.25107580971e-05, 1.03468873931e-05, 1.2967046132e-05, 2.3452903406e-05, 2.33213013416e-05, 1.41756863741e-05, 1.24715725178e-05, 9.55884752329e-06, 8.88886279427e-06, 7.43934697311e-06, 7.40038876756e-06, 6.53457254884e-06, 6.04068964094e-06, 5.32371723239e-06, 4.20417018177e-06, 3.68321730093e-06, 1.14196791401e-06],
        "median": [0.00083656667266, 0.00160202744883, 0.000619911239482, 0.000349740235833, 0.000448727310868, 0.000311366369715, 0.000175386288902, 0.000152552122017, 0.000252264318988, 0.000187719109817, 8.46047332743e-05, 5.85249217693e-05, 4.03484264098e-05, 3.55044976459e-05, 3.03727647406e-05, 2.38584598264e-05, 2.2870110115e-05, 2.86111735477e-05, 2.68891635642e-05, 2.36210744333e-05, 1.89084421436e-05, 1.63591157616e-05, 1.32068871608e-05, 9.81186803983e-06, 8.04210230854e-06, 8.85441113496e-06, 1.21887742353e-05, 1.23726886159e-05, 9.26604298002e-06, 8.80472180143e-06, 6.48079503662e-06, 5.99426084591e-06, 5.04338868268e-06, 4.22780522058e-06, 2.93636753668e-06, 2.29699276133e-06, 1.8359708065e-06, 1.41634882311e-06, 9.68532731349e-07, 1.84566118833e-07],
        "min": [2.10546176049e-08, 1.70036678071e-08, 9.58807078177e-09, 1.69624336799e-09, 3.62476448856e-09, 4.39850128542e-10, 1.34935707052e-09, 3.95927868269e-09, 3.66323194001e-09, 8.93355112108e-10, 8.65641947012e-10, 3.83402670723e-10, 6.28859297969e-10, 3.23275295422e-10, 7.86033529931e-11, 2.56708848623e-10, 9.12842690326e-10, 8.04574809554e-11, 4.19127892115e-11, 2.23939946448e-11, 6.34087921059e-11, 3.45611664287e-11, 3.84459478142e-11, 1.0941289541e-11, 3.87290130521e-11, 2.17479558667e-11, 1.14839552798e-11, 9.32835319406e-12, 3.36338561169e-11, 2.03396102044e-11, 2.75739609097e-12, 4.52145959562e-12, 4.25921927935e-12, 3.20856904414e-12, 2.36184162505e-12, 1.08701426766e-12, 6.84941524071e-13, 5.52546832074e-13, 5.53077440617e-13, 3.55187748787e-14],
        "var": [3.93465370507e-06, 4.972867373e-06, 8.04767580576e-07, 6.94507946264e-07, 2.68531971415e-06, 8.74705392562e-07, 1.05879202295e-07, 9.99621079245e-08, 3.15920090088e-07, 7.11742018211e-07, 1.22443475448e-06, 2.63580215432e-08, 2.83148882119e-08, 1.06082902462e-08, 1.0522124505e-08, 1.07468229871e-08, 6.50639808697e-09, 5.42848210827e-09, 3.64981000978e-09, 4.06386746477e-09, 3.77085074277e-09, 1.4727637998e-09, 1.38944544759e-09, 1.16546799989e-10, 8.48632553119e-11, 1.9948671881e-10, 1.13052989192e-09, 9.79461511896e-10, 2.40688080577e-10, 2.07993400281e-10, 1.27619248502e-10, 9.3610501295e-11, 6.33758323598e-11, 1.03619411662e-10, 1.33472691233e-10, 1.57169444126e-10, 1.47226342229e-10, 9.90033055537e-11, 9.43412847842e-11, 1.3178857311e-11]
    },
    "mfcc": {
        "mean": [-596.10546875, 101.14617157, 10.1166563034, 27.2295303345, -6.6448059082, 9.3375453949, -5.99679660797, 4.25093746185, 2.61891150475, 8.96477508545, -5.13391208649, 2.88030314445, -2.4037296772],
        "cov": [[5738.91113281, -486.214141846, -312.587860107, -264.827362061, -5.49494171143, -109.437576294, -134.909667969, -37.9963035583, 9.37576293945, -23.2730369568, -164.745300293, -77.6869659424, -151.397354126], [-486.214141846, 523.997558594, -183.051483154, -0.391862630844, -71.9508666992, 13.6362113953, -1.9339928627, 7.67902565002, -5.99363136292, -11.2845964432, 10.0400314331, -15.1393728256, -13.436712265], [-312.587860107, -183.051483154, 278.975036621, 24.1620368958, 36.1796875, 14.3671636581, 38.4825782776, 15.8969173431, -6.8990521431, 15.954665184, 31.3764228821, 11.5817861557, 9.89501094818], [-264.827362061, -0.391862630844, 24.1620368958, 278.872253418, 46.7642326355, 15.1184339523, -25.7309741974, -1.27677059174, 2.13982248306, -6.26735496521, -36.9811515808, 48.825920105, 66.2259902954], [-5.49494171143, -71.9508666992, 36.1796875, 46.7642326355, 118.981735229, -0.394238859415, -11.5460681915, -29.3366241455, 4.31264400482, -9.22116851807, -20.9971904755, 4.11227178574, 13.0810985565], [-109.437576294, 13.6362113953, 14.3671636581, 15.1184339523, -0.394238859415, 91.7084197998, 26.4296684265, 16.5613174438, -1.71137452126, 22.3940696716, 22.3729076385, 2.83078432083, -1.93895125389], [-134.909667969, -1.9339928627, 38.4825782776, -25.7309741974, -11.5460681915, 26.4296684265, 87.5111312866, 36.6408576965, 4.69412708282, 16.2247028351, 25.5808448792, -2.88863539696, 2.40617465973], [-37.9963035583, 7.67902565002, 15.8969173431, -1.27677059174, -29.3366241455, 16.5613174438, 36.6408576965, 87.957359314, 27.8187160492, 29.6440429688, 18.1849346161, -2.57484507561, -12.7487974167], [9.37576293945, -5.99363136292, -6.8990521431, 2.13982248306, 4.31264400482, -1.71137452126, 4.69412708282, 27.8187160492, 69.8182754517, 34.6460762024, 6.65267324448, -10.144780159, -12.9790287018], [-23.2730369568, -11.2845964432, 15.954665184, -6.26735496521, -9.22116851807, 22.3940696716, 16.2247028351, 29.6440429688, 34.6460762024, 82.35181427, 34.44713974, -8.28155231476, -14.0087633133], [-164.745300293, 10.0400314331, 31.3764228821, -36.9811515808, -20.9971904755, 22.3729076385, 25.5808448792, 18.1849346161, 6.65267324448, 34.44713974, 79.4931945801, 5.51846599579, -5.39496994019], [-77.6869659424, -15.1393728256, 11.5817861557, 48.825920105, 4.11227178574, 2.83078432083, -2.88863539696, -2.57484507561, -10.144780159, -8.28155231476, 5.51846599579, 76.3241424561, 43.1929740906], [-151.397354126, -13.436712265, 9.89501094818, 66.2259902954, 13.0810985565, -1.93895125389, 2.40617465973, -12.7487974167, -12.9790287018, -14.0087633133, -5.39496994019, 43.1929740906, 87.9427566528]],
