{
"lowlevel": {
    "average_loudness": 0.712509036064,
    "barkbands_crest": {
        "dmean": 2.80075621605,
        "dmean2": 4.42153406143,
        "dvar": 6.25911903381,
        "dvar2": 14.6642875671,
        "max": 26.438331604,
        "mean": 13.3086528778,
        "median": 12.5236034393,
        "min": 3.85756492615,
        "var": 21.8457756042
    },
    "barkbands_flatness_db": {
        "dmean": 0.027808399871,
        "dmean2": 0.0404728613794,
        "dvar": 0.000814568425994,
        "dvar2": 0.00151497987099,
        "max": 0.498864352703,
        "mean": 0.27142521739,
        "median": 0.265061020851,
        "min": 0.113043226302,
        "var": 0.00394549500197
    },
    "barkbands_kurtosis": {
        "dmean": 11.3570480347,
        "dmean2": 17.6125774384,
        "dvar": 573.499694824,
        "dvar2": 1292.16833496,
        "max": 605.584350586,
        "mean": 21.3953208923,
        "median": 10.6493377686,
        "min": -1.9834741354,
        "var": 1593.38769531
    },
    "barkbands_skewness": {
        "dmean": 0.9753241539,
        "dmean2": 1.43216335773,
        "dvar": 1.27491176128,
        "dvar2": 2.67389965057,
        "max": 18.394241333,
        "mean": 2.6322414875,
        "median": 2.35688996315,
        "min": -5.72333812714,
        "var": 5.6256737709
    },
    "barkbands_spread": {
        "dmean": 5.46747112274,
        "dmean2": 8.54354286194,
        "dvar": 107.902267456,
        "dvar2": 233.232192993,
        "max": 100.796287537,
        "mean": 14.6720581055,
        "median": 7.47180271149,
        "min": 0.210228919983,
        "var": 323.847290039
    },
    "dissonance": {
        "dmean": 0.0334318242967,
        "dmean2": 0.0538819842041,
        "dvar": 0.00127117696684,
        "dvar2": 0.00309044006281,
        "max": 0.499999940395,
        "mean": 0.416737467051,
        "median": 0.431807458401,
        "min": 0.119938790798,
        "var": 0.00377485551871
    },
    "dynamic_complexity": 4.30286169052,
    "erbbands_crest": {
        "dmean": 3.1687309742,
        "dmean2": 5.04657840729,
        "dvar": 8.78732776642,
        "dvar2": 20.8353424072,
        "max": 31.4185638428,
        "mean": 14.4582328796,
        "median": 13.5912055969,
        "min": 3.4213809967,
        "var": 27.676410675
    },
    "erbbands_flatness_db": {
        "dmean": 0.0219913199544,
        "dmean2": 0.0313387103379,
        "dvar": 0.000486994016683,
        "dvar2": 0.000904002052266,
        "max": 0.417188733816,
        "mean": 0.248197466135,
        "median": 0.243363916874,
        "min": 0.117404937744,
        "var": 0.00243930332363
    },
    "erbbands_kurtosis": {
        "dmean": 4.89672040939,
        "dmean2": 7.46446847916,
        "dvar": 80.158241272,
        "dvar2": 170.008789062,
        "max": 135.053863525,
        "mean": 7.6455783844,
        "median": 2.75861883163,
        "min": -1.86841583252,
        "var": 195.521408081
    },
    "erbbands_skewness": {
        "dmean": 0.773847103119,
        "dmean2": 1.11629354954,
        "dvar": 0.938531279564,
        "dvar2": 1.72294259071,
        "max": 10.1507310867,
        "mean": 1.19775187969,
        "median": 1.19784748554,
        "min": -8.44626045227,
        "var": 4.42996931076
    },
    "erbbands_spread": {
        "dmean": 11.8033246994,
        "dmean2": 18.2269382477,
        "dvar": 271.124237061,
        "dvar2": 626.401184082,
        "max": 160.203979492,
        "mean": 35.4018745422,
        "median": 29.7025432587,
        "min": 1.30935096741,
        "var": 653.382507324
    },
    "hfc": {
        "dmean": 4.24018478394,
        "dmean2": 5.37094116211,
        "dvar": 103.285697937,
        "dvar2": 187.358642578,
        "max": 248.173034668,
        "mean": 11.5946540833,
        "median": 3.59668254852,
        "min": 3.81163481507e-05,
        "var": 370.126861572
    },
    "melbands_crest": {
        "dmean": 3.52018547058,
        "dmean2": 5.59663152695,
        "dvar": 9.94656658173,
        "dvar2": 24.2730541229,
        "max": 34.6250534058,
        "mean": 17.7949028015,
        "median": 16.8119697571,
        "min": 5.23236370087,
        "var": 34.8499107361
    },
    "melbands_flatness_db": {
        "dmean": 0.0330549553037,
        "dmean2": 0.0456378273666,
        "dvar": 0.00127023947425,
        "dvar2": 0.00226629618555,
        "max": 0.592688024044,
        "mean": 0.312638759613,
        "median": 0.310786277056,
        "min": 0.0809607803822,
        "var": 0.00770285958424
    },
    "melbands_kurtosis": {
        "dmean": 19.5609874725,
        "dmean2": 30.3126792908,
        "dvar": 1131.03137207,
        "dvar2": 2571.43701172,
        "max": 595.390686035,
        "mean": 39.8163909912,
        "median": 20.5607509613,
        "min": -1.9627289772,
        "var": 3266.26342773
    },
    "melbands_skewness": {
        "dmean": 1.16610586643,
        "dmean2": 1.71620333195,
        "dvar": 1.71489226818,
        "dvar2": 3.77459716797,
        "max": 17.677444458,
        "mean": 3.67761993408,
        "median": 3.23429536819,
        "min": -3.72465229034,
        "var": 7.35033178329
    },
    "melbands_spread": {
        "dmean": 8.21299552917,
        "dmean2": 12.1310214996,
        "dvar": 419.622619629,
        "dvar2": 837.638977051,
        "max": 254.484970093,
        "mean": 18.920337677,
        "median": 6.97796916962,
        "min": 0.209679156542,
        "var": 1215.09033203
    },
    "pitch_salience": {
        "dmean": 0.0776430144906,
        "dmean2": 0.12147013098,
        "dvar": 0.0053564812988,
        "dvar2": 0.0119718601927,
        "max": 0.832747280598,
        "mean": 0.493140727282,
        "median": 0.492251366377,
        "min": 0.0728322118521,
        "var": 0.0197311807424
    },
    "silence_rate_20dB": {
        "dmean": 0,
        "dmean2": 0,
        "dvar": 0,
        "dvar2": 0,
        "max": 1,
        "mean": 1,
        "median": 1,
        "min": 1,
        "var": 0
    },
    "silence_rate_30dB": {
        "dmean": 0.00464396271855,
        "dmean2": 0.00929152127355,
        "dvar": 0.00462241796777,
        "dvar2": 0.0107538439333,
        "max": 1,
        "mean": 0.995357811451,
        "median": 1,
        "min": 0,
        "var": 0.00462064892054
    },
    "silence_rate_60dB": {
        "dmean": 0.0603715181351,
        "dmean2": 0.120789781213,
        "dvar": 0.056727707386,
        "dvar2": 0.117812097073,
        "max": 1,
        "mean": 0.152804642916,
        "median": 0,
        "min": 0,
        "var": 0.12945343554
    },
    "spectral_centroid": {
        "dmean": 261.435699463,
        "dmean2": 389.604553223,
        "dvar": 253405.203125,
        "dvar2": 478787,
        "max": 5943.54785156,
        "mean": 945.202697754,
        "median": 559.724060059,
        "min": 161.612045288,
        "var": 923759.4375
    },
    "spectral_complexity": {
        "dmean": 1.50387001038,
        "dmean2": 2.23151373863,
        "dvar": 3.14705681801,
        "dvar2": 5.53293037415,
        "max": 31,
        "mean": 6.6885881424,
        "median": 5,
        "min": 0,
        "var": 20.4580535889
    },
    "spectral_decrease": {
        "dmean": 9.48150891134e-10,
        "dmean2": 1.26109178655e-09,
        "dvar": 1.79051019085e-18,
        "dvar2": 2.56751216629e-18,
        "max": -8.18360712583e-15,
        "mean": -3.52899709455e-09,
        "median": -2.19524798339e-09,
        "min": -3.22549418286e-08,
        "var": 1.64162909568e-17
    },
    "spectral_energy": {
        "dmean": 0.00383784202859,
        "dmean2": 0.00508486991748,
        "dvar": 2.86945305561e-05,
        "dvar2": 4.09343447245e-05,
        "max": 0.126456618309,
        "mean": 0.0143709313124,
        "median": 0.00885485485196,
        "min": 3.43440866857e-08,
        "var": 0.000267980882199
    },
    "spectral_energyband_high": {
        "dmean": 0.000385178049328,
        "dmean2": 0.000537245883606,
        "dvar": 2.17428009819e-06,
        "dvar2": 4.14290570916e-06,
        "max": 0.0349763520062,
        "mean": 0.000679780205246,
        "median": 6.10169081483e-05,
        "min": 2.08275086067e-09,
        "var": 4.39497580373e-06
    },
    "spectral_energyband_low": {
        "dmean": 0.00102232210338,
        "dmean2": 0.00146607402712,
        "dvar": 2.55561303675e-06,
        "dvar2": 4.77337334814e-06,
        "max": 0.060269895941,
        "mean": 0.00269447569735,
        "median": 0.00139611517079,
        "min": 3.46656903183e-09,
        "var": 2.38728771365e-05
    },
    "spectral_energyband_middle_high": {
        "dmean": 0.000920775404666,
        "dmean2": 0.000994815141894,
        "dvar": 6.4322284743e-06,
        "dvar2": 7.30691954232e-06,
        "max": 0.0568793788552,
        "mean": 0.00228756992146,
        "median": 0.000154034656589,
        "min": 7.16903070241e-09,
        "var": 3.9620896132e-05
    },
    "spectral_energyband_middle_low": {
        "dmean": 0.00316594447941,
        "dmean2": 0.00452071195468,
        "dvar": 2.46243598667e-05,
        "dvar2": 3.69330919057e-05,
        "max": 0.11908788234,
        "mean": 0.00995833147317,
        "median": 0.00586047722027,
        "min": 2.34641071017e-08,
        "var": 0.00016769010108
    },
    "spectral_entropy": {
        "dmean": 0.289652109146,
        "dmean2": 0.409723550081,
        "dvar": 0.104516886175,
        "dvar2": 0.183718875051,
        "max": 8.41203212738,
        "mean": 6.63001394272,
        "median": 6.6749920845,
        "min": 4.19126701355,
        "var": 0.565928995609
    },
    "spectral_flux": {
        "dmean": 0.0159966107458,
        "dmean2": 0.0254273042083,
        "dvar": 0.000287263945211,
        "dvar2": 0.000704362173565,
        "max": 0.280397951603,
        "mean": 0.0491807237267,
        "median": 0.0423116721213,
        "min": 0.00018532157992,
        "var": 0.00108477810863
    },
    "spectral_kurtosis": {
        "dmean": 2.88789892197,
        "dmean2": 4.59955644608,
        "dvar": 15.1819896698,
        "dvar2": 33.1904602051,
        "max": 67.8954620361,
        "mean": 5.87899446487,
        "median": 3.21287059784,
        "min": -1.27484977245,
        "var": 61.4247932434
    },
    "spectral_rms": {
        "dmean": 0.000499362533446,
        "dmean2": 0.000671330897603,
        "dvar": 2.65334023197e-07,
        "dvar2": 4.34255611026e-07,
        "max": 0.0111073087901,
        "mean": 0.00330573832616,
        "median": 0.00293919770047,
        "min": 5.78847357247e-06,
        "var": 3.09251049657e-06
    },
    "spectral_rolloff": {
        "dmean": 388.025482178,
        "dmean2": 677.025146484,
        "dvar": 1168315.5,
        "dvar2": 2447668.5,
        "max": 9474.609375,
        "mean": 1171.06335449,
        "median": 409.130859375,
        "min": 129.19921875,
        "var": 3066548
    },
    "spectral_skewness": {
        "dmean": 0.385697692633,
        "dmean2": 0.567915022373,
        "dvar": 0.181951344013,
        "dvar2": 0.333992511034,
        "max": 6.81406593323,
        "mean": 1.65278482437,
        "median": 1.41375160217,
        "min": -0.836934268475,
        "var": 1.37033033371
    },
    "spectral_spread": {
        "dmean": 505639.1875,
        "dmean2": 758907.5625,
        "dvar": 296345337856,
        "dvar2": 562843287552,
        "max": 11336120,
        "mean": 4222767.5,
        "median": 4170487.25,
        "min": 1238127.25,
        "var": 1.67243481088e+12
    },
    "spectral_strongpeak": {
        "dmean": 0.425727903843,
        "dmean2": 0.674877583981,
        "dvar": 0.940156817436,
        "dvar2": 2.04819250107,
        "max": 15.6518220901,
        "mean": 1.00637257099,
        "median": 0.555711746216,
        "min": 0.00034796440741,
        "var": 2.1692070961
    },
    "zerocrossingrate": {
        "dmean": 0.0108825871721,
        "dmean2": 0.0121317943558,
        "dvar": 0.000322740408592,
        "dvar2": 0.000318366684951,
        "max": 0.3046875,
        "mean": 0.0464887209237,
        "median": 0.03076171875,
        "min": 0.0048828125,
        "var": 0.00237178336829
    },
    "barkbands": {
        "dmean": [1.89482270798e-05, 0.000355729076546, 0.000341086561093, 0.00109930080362, 0.00150460540317, 0.000891072850209, 0.000343308609445, 0.000227958866162, 0.000341955106705, 0.000141155309393, 0.000102229372715, 0.00023422043887, 0.000114463051432, 6.33770978311e-05, 6.8956418545e-05, 0.000254178623436, 6.17449477431e-05, 8.53619931149e-05, 6.91365930834e-05, 0.000116353388876, 9.18596997508e-05, 0.000106185856566, 0.000159690855071, 1.26482527776e-05, 6.43185057925e-06, 4.68628158501e-09, 5.36433564235e-10],
        "dmean2": [2.93839766528e-05, 0.000556326063816, 0.000523055205122, 0.00169419264421, 0.0022106799297, 0.00127014529426, 0.000435798807302, 0.000343815103406, 0.000441183277871, 0.000182634801604, 0.000125419042888, 0.00024243061489, 0.000109688044176, 7.73112624302e-05, 9.17333454709e-05, 0.000360292353434, 8.12168655102e-05, 0.000108856198494, 9.11054739845e-05, 0.000166871759575, 0.000126521015773, 0.000159822040587, 0.000239522036281, 1.80696279131e-05, 9.85733549896e-06, 7.78251330047e-09, 9.68391145051e-10],
        "dvar": [1.21210907977e-09, 4.57630108031e-07, 2.74436189329e-07, 4.3063450903e-06, 1.29876207211e-05, 4.60679484604e-06, 2.92346726383e-06, 1.78485731794e-06, 2.42224268732e-06, 3.85706670158e-07, 6.39124664303e-07, 1.69834277131e-06, 7.52925132019e-07, 1.51129810888e-07, 1.06421673252e-07, 1.53939492975e-06, 7.9287012511e-08, 1.45083205894e-07, 6.19958981929e-08, 4.59881846382e-07, 1.23231572502e-07, 2.93780004768e-07, 4.28999214819e-07, 2.76680123257e-09, 1.37307853976e-09, 4.58173197241e-16, 9.1181814642e-19],
        "dvar2": [2.89360646555e-09, 1.32933712393e-06, 6.64807430439e-07, 9.37505592447e-06, 1.93312589545e-05, 8.74868510436e-06, 2.7676130685e-06, 3.28998521582e-06, 2.87097373075e-06, 5.71816258343e-07, 8.92866125923e-07, 1.71680153471e-06, 5.69536325656e-07, 1.99497506514e-07, 1.77914685651e-07, 2.81500069832e-06, 1.19052245395e-07, 2.2332625349e-07, 9.34987482992e-08, 1.0467708762e-06, 2.35414546523e-07, 6.8725194069e-07, 9.24749315345e-07, 4.94390484107e-09, 3.40617489769e-09, 1.10436166251e-15, 2.77246187948e-18],
        "max": [0.000601388223004, 0.0101594775915, 0.0112236533314, 0.0759789422154, 0.111471503973, 0.0510266125202, 0.0971531644464, 0.0398841612041, 0.0511868409812, 0.0215614922345, 0.0533657968044, 0.0399075634778, 0.0376001261175, 0.0117851467803, 0.0132250534371, 0.0415611751378, 0.0106827747077, 0.0137720750645, 0.00871669687331, 0.0248881224543, 0.00971890147775, 0.0147408852354, 0.0130117610097, 0.00120865332428, 0.00111030414701, 5.26070039086e-07, 1.17240350761e-08],
        "mean": [2.54400583799e-05, 0.000733126711566, 0.000721230753697, 0.00220510433428, 0.00303379120305, 0.00254089501686, 0.00072999909753, 0.000484577933094, 0.000853059114888, 0.000287765287794, 0.000187331126654, 0.000438406161265, 0.000225334384595, 0.000100817866041, 0.000111484216177, 0.000494044972584, 0.000127050894662, 0.000172758984263, 0.0001349249942, 0.000180195114808, 0.00015759326925, 0.000139535652124, 0.000252187688602, 2.35518746194e-05, 1.07199048216e-05, 6.79142386772e-09, 5.39725319992e-10],
        "median": [6.7966370807e-06, 0.000287212809781, 0.000301197665976, 0.000663987710141, 0.00132811209187, 0.000436037371401, 8.77837956068e-05, 1.95787597477e-05, 2.70827204076e-05, 1.39932844831e-05, 2.16233956962e-06, 3.68593464373e-06, 1.20162383155e-06, 2.13885346056e-06, 3.63319986718e-06, 1.04458495116e-05, 3.211826197e-06, 3.03546516989e-06, 9.47792705119e-06, 1.27469220388e-05, 1.03759603007e-05, 5.63694857192e-06, 1.78463269549e-05, 1.25442784338e-06, 6.64962612973e-07, 8.43645597826e-10, 2.3999291443e-10],
        "min": [4.45007780625e-11, 1.29408900262e-10, 1.49328049925e-09, 5.52709389368e-09, 1.16721903254e-08, 1.00009156512e-09, 5.01648056428e-10, 7.26196602852e-11, 4.83501363946e-11, 9.87132667274e-11, 1.23002927288e-11, 3.12232878441e-11, 6.48435168407e-12, 4.17579252426e-12, 7.67256258527e-11, 1.22746313114e-09, 2.07920736184e-10, 2.90366752864e-09, 6.81175060802e-10, 5.00468944065e-10, 2.54820609058e-10, 5.45700082344e-11, 3.64685032173e-10, 8.49157133498e-11, 7.14655626344e-11, 1.90332402616e-11, 2.58951783627e-11],
        "var": [2.06174055606e-09, 1.20321419672e-06, 1.18242371627e-06, 3.38807258231e-05, 4.00354729209e-05, 2.85723544948e-05, 1.40557222039e-05, 7.1259573815e-06, 1.1895624084e-05, 1.5765142507e-06, 3.0564312965e-06, 7.56553436077e-06, 3.86143437936e-06, 4.43714100129e-07, 3.33812664621e-07, 5.85087127547e-06, 3.85432116445e-07, 6.1563264353e-07, 2.38869660052e-07, 5.85828274779e-07, 3.32979254836e-07, 3.78957992098e-07, 8.04390765552e-07, 1.02498827204e-08, 3.01010549819e-09, 8.56137122069e-16, 7.60510837458e-19]
    },
    "erbbands": {
        "dmean": [0.0122556108981, 0.0768794864416, 0.32022741437, 2.12085652351, 3.2594833374, 5.84116125107, 9.59763145447, 6.61014318466, 4.26511001587, 6.06610488892, 2.96051573753, 6.21730899811, 7.15154266357, 3.75614547729, 5.44536018372, 10.6334629059, 6.34283399582, 3.45371460915, 2.06860160828, 7.92857789993, 11.6438703537, 3.04996776581, 4.30762195587, 3.83627200127, 3.35668611526, 5.68978881836, 2.69615197182, 4.50616836548, 3.15034031868, 6.31069850922, 4.06004905701, 0.433874964714, 0.252996355295, 0.127661630511, 0.0131863066927, 0.000556643353775, 2.98232935165e-05, 5.37972982784e-06, 3.27309567183e-06, 4.96528764415e-06],
        "dmean2": [0.0208354424685, 0.113905623555, 0.464650511742, 3.12890744209, 5.3555188179, 8.58927249908, 13.9797296524, 9.22269248962, 5.54232501984, 8.31003665924, 4.34270381927, 7.76484155655, 9.36209487915, 4.70138692856, 6.27480983734, 10.8872594833, 5.97345685959, 3.93630194664, 2.54166817665, 10.9120597839, 15.8881235123, 3.67541766167, 5.41161203384, 5.00704288483, 4.62019872665, 8.17300415039, 3.52202415466, 6.49795532227, 4.62482595444, 9.50584125519, 6.05476713181, 0.603222310543, 0.378094702959, 0.191417336464, 0.0202164128423, 0.000840253778733, 4.23432757088e-05, 7.31656245989e-06, 4.34038383901e-06, 6.58690805722e-06],
        "dvar": [0.00081223010784, 0.0162383038551, 0.205947592854, 16.6153774261, 25.0877742767, 305.829589844, 668.555358887, 380.161315918, 309.647796631, 891.755615234, 162.923583984, 548.038146973, 1172.55114746, 450.517211914, 1552.34448242, 3483.38671875, 2149.52587891, 438.724212646, 93.0696411133, 1155.73803711, 4603.28369141, 168.214584351, 497.261077881, 208.814025879, 140.824462891, 1313.39624023, 121.883491516, 346.512664795, 265.544921875, 907.86706543, 227.750701904, 2.30126690865, 1.40966427326, 0.503170132637, 0.00588008668274, 9.7366519185e-06, 1.88448083804e-08, 3.76649073042e-10, 4.57835262757e-11, 5.14466975965e-11],
        "dvar2": [0.00248628831469, 0.042738199234, 0.449156612158, 30.4548034668, 64.9442901611, 470.524871826, 1174.4864502, 710.742614746, 356.255249023, 1396.51916504, 330.184814453, 672.069091797, 1507.60070801, 690.456420898, 2210.25708008, 3563.09399414, 1672.90258789, 520.929016113, 133.196182251, 2193.14379883, 7679.02539062, 246.670761108, 821.099121094, 300.612701416, 285.136993408, 3075.1262207, 223.027069092, 741.531677246, 639.514038086, 2045.04882812, 483.372039795, 4.09366703033, 2.77762532234, 1.17740654945, 0.0135609842837, 2.21109166887e-05, 3.99087589642e-08, 7.34261262902e-10, 8.5766380109e-11, 8.13029712998e-11],
        "max": [0.336568802595, 2.08492207527, 9.0316324234, 165.737808228, 114.069633484, 569.684326172, 698.191345215, 513.006713867, 994.414733887, 964.312316895, 349.179199219, 699.921203613, 1059.75463867, 876.330627441, 2547.9934082, 1954.77648926, 2090.04199219, 664.357116699, 300.09777832, 804.36138916, 2719.38989258, 443.05078125, 817.69744873, 528.735717773, 267.29385376, 1355.25744629, 325.429748535, 431.295440674, 457.512817383, 543.953857422, 290.281188965, 33.5431289673, 29.7157611847, 21.4644584656, 2.21503543854, 0.0902726948261, 0.00400617485866, 0.000483120849822, 0.000143459576066, 0.000141453259857],
        "mean": [0.0190415233374, 0.177094012499, 0.786849796772, 4.62910890579, 5.91174125671, 11.1252260208, 23.2770271301, 18.0250053406, 10.8446760178, 13.1257238388, 6.32049465179, 15.4774780273, 18.720911026, 7.67574214935, 9.86019897461, 20.2526493073, 13.2401990891, 6.22325754166, 3.85783433914, 15.2937049866, 22.3009738922, 8.11141681671, 9.36106586456, 8.11128807068, 6.17013311386, 8.82719516754, 4.76996088028, 7.22094488144, 4.20121097565, 9.06015586853, 6.42749118805, 0.767965614796, 0.462401837111, 0.225192457438, 0.020618731156, 0.00091622985201, 5.87813556194e-05, 1.09557713586e-05, 1.02172471088e-05, 1.79457529157e-05],
        "median": [0.00530999572948, 0.0645214095712, 0.333391934633, 1.44703400135, 3.14444303513, 3.92951083183, 5.68643188477, 2.85205745697, 1.69542527199, 1.13856232166, 0.779774665833, 0.815014898777, 0.863497078419, 0.379691779613, 0.18829408288, 0.193889468908, 0.0971539765596, 0.124848224223, 0.146486520767, 0.463073343039, 0.536657869816, 0.230809733272, 0.185962438583, 0.358855605125, 0.583351254463, 0.574390649796, 0.353898704052, 0.437160789967, 0.221699386835, 0.46402361989, 0.499519914389, 0.0787150487304, 0.0208076965064, 0.0135736241937, 0.00139722495805, 7.48559177737e-05, 9.1492138381e-06, 1.73419209659e-06, 5.1141005315e-06, 1.09380462163e-05],
        "min": [4.67251259906e-09, 4.94735701295e-08, 1.19999344861e-06, 1.06012694232e-05, 2.3638982384e-05, 2.93165212497e-05, 5.93945605942e-06, 1.08030053525e-05, 7.7167260315e-06, 5.45754846826e-06, 1.48195431393e-06, 1.01445732525e-06, 3.40095925822e-06, 1.04646414911e-06, 7.13972042377e-07, 1.12263558094e-06, 4.22465916472e-07, 4.73407453683e-07, 8.26127143227e-06, 0.000140093005029, 3.02830139844e-05, 1.45873336805e-05, 0.000132960849442, 0.000106886123831, 2.8369244319e-05, 2.89225317829e-05, 1.09900174721e-05, 9.72624002316e-06, 3.20705157719e-06, 5.05374873683e-06, 1.39518670039e-05, 2.29452280109e-06, 1.43857425883e-06, 1.09865254672e-06, 3.07184365056e-07, 7.73620527639e-08, 4.14042347074e-08, 1.29407506932e-08, 4.9229096355e-09, 4.87691775852e-10],
        "var": [0.0012517159339, 0.0639615952969, 1.22506558895, 163.562179565, 84.0828552246, 753.20690918, 2423.62988281, 2253.60668945, 1595.54870605, 3824.45336914, 487.82800293, 3018.00048828, 5811.69287109, 1537.35388184, 6630.38476562, 15741.4511719, 10709.1220703, 1506.95727539, 269.704437256, 3870.94970703, 13680.1191406, 1175.89440918, 2030.67236328, 895.700012207, 315.061859131, 1571.14562988, 276.944396973, 770.316467285, 310.001190186, 1353.76147461, 487.512573242, 6.7305932045, 4.60666275024, 1.24191331863, 0.0117747634649, 2.09176687349e-05, 4.98253029946e-08, 1.08762532314e-09, 1.78055653555e-10, 4.02873734373e-10]
    },
    "gfcc": {
        "mean": [-134.465408325, 130.196517944, -102.783531189, 71.2987518311, -87.4312286377, -1.39116251469, -38.5408668518, -14.8222894669, -7.56625747681, -25.1528453827, -4.36494588852, -17.8681526184, 8.58947467804],
        "cov": [[6863.1875, -1098.77770996, -2036.53015137, 283.965911865, 19.5155258179, 49.8667221069, 126.494277954, -80.7450408936, -49.4841079712, 155.585250854, 55.5391120911, 220.521331787, 77.202003479], [-1098.77770996, 1740.88415527, 443.482879639, -819.498535156, 215.033843994, 11.5038967133, 282.299621582, 53.9110984802, 33.1353988647, -105.923965454, 60.3943634033, -244.825119019, 47.5452651978], [-2036.53015137, 443.482879639, 1676.796875, 212.016067505, -81.6581878662, 200.415176392, -4.8888053894, 63.6954803467, 16.3706188202, -114.1457901, -97.9206390381, -155.678756714, -88.6701965332], [283.965911865, -819.498535156, 212.016067505, 1062.15124512, 74.7202987671, -201.435134888, -221.424758911, 9.6096944809, 32.4202880859, -29.5650024414, -58.2462043762, 144.398956299, -26.403585434], [19.5155258179, 215.033843994, -81.6581878662, 74.7202987671, 403.259857178, -8.70583343506, -68.3220214844, 24.8306179047, 38.6917953491, -16.7312850952, 19.5268802643, -14.4184875488, 23.0107154846], [49.8667221069, 11.5038967133, 200.415176392, -201.435134888, -8.70583343506, 562.015014648, 136.437057495, -50.8228645325, -95.334022522, 65.3224868774, 31.7844333649, -53.3468322754, -43.2375144958], [126.494277954, 282.299621582, -4.8888053894, -221.424758911, -68.3220214844, 136.437057495, 305.258728027, 12.6802740097, -50.9095802307, -5.897315979, 30.7465953827, -51.625289917, -20.0756034851], [-80.7450408936, 53.9110984802, 63.6954803467, 9.6096944809, 24.8306179047, -50.8228645325, 12.6802740097, 220.380615234, 96.3815917969, -47.8218803406, -41.4710464478, -11.9006624222, -7.1685962677], [-49.4841079712, 33.1353988647, 16.3706188202, 32.4202880859, 38.6917953491, -95.334022522, -50.9095802307, 96.3815917969, 214.534484863, 18.2494792938, -36.9544944763, 3.98765659332, -4.08136224747], [155.585250854, -105.923965454, -114.1457901, -29.5650024414, -16.7312850952, 65.3224868774, -5.897315979, -47.8218803406, 18.2494792938, 168.183746338, 78.168586731, 11.0926847458, 0.665877819061], [55.5391120911, 60.3943634033, -97.9206390381, -58.2462043762, 19.5268802643, 31.7844333649, 30.7465953827, -41.4710464478, -36.9544944763, 78.168586731, 169.309326172, 41.9161872864, -16.0101051331], [220.521331787, -244.825119019, -155.678756714, 144.398956299, -14.4184875488, -53.3468322754, -51.625289917, -11.9006624222, 3.98765659332, 11.0926847458, 41.9161872864, 149.393859863, 55.9124794006], [77.202003479, 47.5452651978, -88.6701965332, -26.403585434, 23.0107154846, -43.2375144958, -20.0756034851, -7.1685962677, -4.08136224747, 0.665877819061, -16.0101051331, 55.9124794006, 133.216293335]],
        "icov": [[0.000284282461507, -5.35600884177e-05, 0.00046359343105, -0.00032788614044, 0.000171334671904, -0.000295128382277, -0.000120211778267, -9.00957911654e-06, -0.000109253516712, 7.79397596489e-05, 1.30955804707e-05, 0.000205236501643, -0.000134334753966], [-5.35600884177e-05, 0.00367976445705, -0.00156388152391, 0.00250828871503, -0.0024319307413, 0.00175972026773, -0.00239747902378, 0.000910120143089, -0.00153697805945, 0.00253505050205, -0.00345101184212, 0.00370261119679, -0.00317571288906], [0.00046359343105, -0.00156388152391, 0.0023124369327, -0.00208599027246, 0.00185169640463, -0.00186000415124, 0.00112017791253, -0.000434901419794, -0.000158954469953, 0.00033971175435, 0.000513275503181, 0.000737550610211, 0.000382652768167], [-0.00032788614044, 0.00250828871503, -0.00208599027246, 0.00392598891631, -0.00269983010367, 0.0023177084513, -0.00118776690215, 0.000537172832992, 6.73926624586e-05, 0.000265053211479, -0.000198486974114, -0.00123287446331, 0.000247324758675], [0.000171334671904, -0.0024319307413, 0.00185169640463, -0.00269983010367, 0.00524994730949, -0.0022631699685, 0.00261940876953, -0.000727419857867, -0.000508892408106, 0.000641016871668, -0.000602880027145, 0.00112515350338, -0.000383202772355], [-0.000295128382277, 0.00175972026773, -0.00186000415124, 0.0023177084513, -0.0022631699685, 0.00413556629792, -0.00213477388024, 0.000427466235124, 0.00119196611922, -0.00148774404079, 0.000279830972431, -0.000483599898871, 0.000479356822325], [-0.000120211778267, -0.00239747902378, 0.00112017791253, -0.00118776690215, 0.00261940876953, -0.00213477388024, 0.00649313582107, -0.00142240908463, 0.00131091102958, -0.00021287513664, 0.000349639682099, -0.000486150587676, 0.00147944607306], [-9.00957911654e-06, 0.000910120143089, -0.000434901419794, 0.000537172832992, -0.000727419857867, 0.000427466235124, -0.00142240908463, 0.00673855515197, -0.00365654658526, 0.00274915341288, -0.00088850047905, 0.00109565455932, -0.000782371324021], [-0.000109253516712, -0.00153697805945, -0.000158954469953, 6.73926624586e-05, -0.000508892408106, 0.00119196611922, 0.00131091102958, -0.00365654658526, 0.00902293436229, -0.00564180035144, 0.00537473661825, -0.00487372186035, 0.00399112422019], [7.79397596489e-05, 0.00253505050205, 0.00033971175435, 0.000265053211479, 0.000641016871668, -0.00148774404079, -0.00021287513664, 0.00274915341288, -0.00564180035144, 0.0138668231666, -0.00987516529858, 0.00791270472109, -0.00589905260131], [1.30955804707e-05, -0.00345101184212, 0.000513275503181, -0.000198486974114, -0.000602880027145, 0.000279830972431, 0.000349639682099, -0.00088850047905, 0.00537473661825, -0.00987516529858, 0.0167654510587, -0.0123983155936, 0.00915887020528], [0.000205236501643, 0.00370261119679, 0.000737550610211, -0.00123287446331, 0.00112515350338, -0.000483599898871, -0.000486150587676, 0.00109565455932, -0.00487372186035, 0.00791270472109, -0.0123983155936, 0.0219561271369, -0.0124536249787], [-0.000134334753966, -0.00317571288906, 0.000382652768167, 0.000247324758675, -0.000383202772355, 0.000479356822325, 0.00147944607306, -0.000782371324021, 0.00399112422019, -0.00589905260131, 0.00915887020528, -0.0124536249787, 0.0159036274999]]
    },
    "melbands": {
        "dmean": [0.000100146244222, 0.000133715002448, 0.000398150645196, 0.000282322638668, 0.000328285357682, 0.000147820042912, 6.76149720675e-05, 6.5979314968e-05, 2.20396068471e-05, 4.66338788101e-05, 3.59995792678e-05, 1.53120145114e-05, 1.4543908037e-05, 2.76844748441e-05, 1.99985661311e-05, 1.04752816696e-05, 6.34258003629e-06, 3.10932932734e-06, 5.79169636694e-06, 1.98398229259e-05, 1.25496826513e-05, 3.36245284416e-06, 4.48369746664e-06, 3.18276488542e-06, 3.49787023879e-06, 2.51766300607e-06, 3.35623326464e-06, 4.08923642681e-06, 1.69254792581e-06, 2.57704255091e-06, 2.4649457373e-06, 1.31143951876e-06, 2.99479484056e-06, 3.99226928494e-06, 3.06420224661e-06, 6.90201432008e-07, 1.32905427108e-07, 1.62116521096e-07, 2.03660206921e-07, 9.19055409554e-08],
        "dmean2": [0.000163573015016, 0.000193680869415, 0.000610259594396, 0.000436645990703, 0.000478321075207, 0.000204174182727, 8.5878673417e-05, 9.19669910218e-05, 3.23078347719e-05, 5.87945032748e-05, 4.72868778161e-05, 1.88884296222e-05, 1.77108086064e-05, 3.00423798762e-05, 2.09218578675e-05, 9.84255257208e-06, 7.83542873251e-06, 3.97900248572e-06, 7.67119581724e-06, 2.9148251997e-05, 1.68950864463e-05, 4.36524533143e-06, 5.52075198357e-06, 4.03133253712e-06, 4.66240453534e-06, 3.50117625203e-06, 5.00239139001e-06, 5.93411868977e-06, 2.30302066484e-06, 3.55897941517e-06, 3.59964747076e-06, 1.97666122403e-06, 4.49510343969e-06, 6.3043667069e-06, 4.67514473712e-06, 1.01739180991e-06, 1.92142763922e-07, 2.35006226035e-07, 3.13712007483e-07, 1.39675051969e-07],
        "dvar": [4.58379929569e-08, 3.34256213819e-08, 4.99619090988e-07, 4.05335811138e-07, 7.79480501478e-07, 1.62091879474e-07, 9.8669744375e-08, 1.16332557809e-07, 8.21521162209e-09, 3.67702952531e-08, 3.01476354991e-08, 8.42978398197e-09, 1.36718485422e-08, 2.5359652156e-08, 1.09746087773e-08, 7.64655805341e-09, 1.92394011833e-09, 3.39056227538e-10, 7.10271952364e-10, 8.57505266794e-09, 5.92864068949e-09, 2.64457955534e-10, 5.25924859218e-10, 2.07773673266e-10, 1.92312499259e-10, 7.22747139914e-11, 3.1463437411e-10, 7.03788138878e-10, 5.96606791747e-11, 9.08200459282e-11, 1.04010487723e-10, 5.69442965004e-11, 2.22902848956e-10, 3.58751639506e-10, 1.2873516142e-10, 6.68147004737e-12, 2.6347907146e-13, 5.45532206648e-13, 1.21500747831e-12, 2.50417877623e-13],
        "dvar2": [1.37214300366e-07, 7.39271968087e-08, 1.07126402327e-06, 6.79720869812e-07, 1.27201212763e-06, 3.06716344767e-07, 9.78653105221e-08, 1.9263138995e-07, 1.71626428624e-08, 4.35042473157e-08, 3.83831100237e-08, 1.27008110695e-08, 1.75226695376e-08, 2.77823772876e-08, 1.07928954662e-08, 5.36471622681e-09, 2.44711695352e-09, 5.07639874581e-10, 1.11824938198e-09, 1.77872578888e-08, 9.47061007395e-09, 4.54158544105e-10, 7.34895200249e-10, 3.56584234362e-10, 2.90767576683e-10, 1.28601088112e-10, 7.40632832841e-10, 1.63304014755e-09, 1.19544554811e-10, 1.59677437939e-10, 2.27326907298e-10, 1.47409001672e-10, 5.13785292089e-10, 8.30299828891e-10, 2.89212181981e-10, 1.42237810072e-11, 4.84431017436e-13, 9.95527553622e-13, 3.05531316393e-12, 5.76950921934e-13],
        "max": [0.00301971659064, 0.00257030595094, 0.025532040745, 0.0179396308959, 0.025558879599, 0.0103521458805, 0.0182274524122, 0.00951223261654, 0.00308499229141, 0.00590148428455, 0.00540920346975, 0.00378569448367, 0.00766435312107, 0.00531691266224, 0.00334991025738, 0.00397872040048, 0.00139994441997, 0.000543537375052, 0.00115351798013, 0.00242375466041, 0.0032124419231, 0.000452794862213, 0.00092727568699, 0.000513548322488, 0.000516799627803, 0.000210799538763, 0.000532710168045, 0.000975377450231, 0.000223056034883, 0.000325292989146, 0.000232398379012, 0.000234143619309, 0.000329129368765, 0.000329902337398, 0.00023470063752, 5.93530930928e-05, 1.13075939225e-05, 1.94717977138e-05, 3.13334239763e-05, 1.45030007843e-05],
        "mean": [0.000185479177162, 0.00033387975418, 0.000838136125822, 0.000536747800652, 0.000787803670391, 0.000414361216826, 0.000163579476066, 0.000142955992487, 4.51708947367e-05, 0.000117343741294, 9.21159880818e-05, 2.93153607345e-05, 2.676096301e-05, 5.01174290548e-05, 3.98631236749e-05, 2.15783584281e-05, 1.06505876829e-05, 5.00964370076e-06, 1.02702570075e-05, 3.52255119651e-05, 2.21672798943e-05, 7.33155729904e-06, 1.00350234788e-05, 6.65363222652e-06, 6.70558574711e-06, 4.63951027996e-06, 5.00854957863e-06, 6.1096434365e-06, 2.60161095866e-06, 4.34119510828e-06, 3.6759017803e-06, 1.60281012995e-06, 3.82678581445e-06, 5.68564701098e-06, 4.67601512355e-06, 1.03218337699e-06, 2.28217714948e-07, 2.92061713481e-07, 3.25812237634e-07, 1.51034484475e-07],
        "median": [7.06814898876e-05, 0.000160554802278, 0.000318936625263, 0.000269205484074, 0.000233383500017, 6.5264342993e-05, 2.19708235818e-05, 9.28827284952e-06, 3.94549988414e-06, 4.32440447184e-06, 3.24549341713e-06, 1.01897535387e-06, 3.89685652635e-07, 4.93298330184e-07, 2.78244300489e-07, 1.25648554672e-07, 2.06986626949e-07, 1.43959795196e-07, 3.44046554801e-07, 7.03539456026e-07, 5.49537446659e-07, 1.91770993752e-07, 1.40863377851e-07, 1.39222535722e-07, 2.68661665359e-07, 3.2872878819e-07, 4.18913970179e-07, 3.44005030684e-07, 1.55722915451e-07, 2.53486547308e-07, 2.11933055994e-07, 7.29773077524e-08, 1.24309323724e-07, 2.83298533077e-07, 3.45269029367e-07, 9.98106344241e-08, 1.54846286904e-08, 1.07009761052e-08, 1.38918352377e-08, 1.00508126266e-08],
        "min": [3.76497617804e-11, 4.10496053815e-10, 3.03052605233e-09, 1.79666859168e-09, 3.81304182673e-10, 2.24195328968e-10, 1.16739853895e-10, 4.81214304515e-11, 1.11899768965e-11, 6.05040670343e-12, 1.72407071258e-11, 4.59439561049e-12, 1.79528917774e-12, 3.79350717505e-12, 1.43450746073e-12, 5.15243826337e-13, 4.1232398355e-13, 2.68504728e-12, 6.40196402835e-12, 1.50994258763e-10, 1.49688456075e-11, 7.22889022947e-12, 3.45821878078e-11, 1.37231628838e-10, 7.40625338835e-11, 2.47052586722e-11, 1.37946407769e-11, 2.06437020256e-11, 5.43673873282e-12, 7.26731392078e-12, 4.69982256238e-12, 1.00928358553e-12, 1.20299961399e-12, 2.90711942366e-12, 1.0328085609e-11, 2.06324280577e-12, 1.0254205254e-12, 1.01603426193e-12, 9.17482778119e-13, 9.31151206487e-13],
        "var": [9.35565935833e-08, 1.86205127761e-07, 3.9688347897e-06, 1.0047295973e-06, 2.66608412858e-06, 1.01671912489e-06, 5.05103059822e-07, 4.99150246469e-07, 2.16312443513e-08, 1.92749482153e-07, 1.48544586409e-07, 2.96183948478e-08, 6.68979396323e-08, 1.07864202903e-07, 4.80181228113e-08, 4.19713259703e-08, 6.06217742671e-09, 7.52041540153e-10, 2.65247401821e-09, 3.01593807706e-08, 1.57332689099e-08, 1.09930742287e-09, 3.01282199189e-09, 8.12317102472e-10, 7.50313311482e-10, 2.37705077843e-10, 3.84456744218e-10, 8.44269043565e-10, 1.04482492103e-10, 2.81920875533e-10, 2.0117618682e-10, 5.40330662158e-11, 3.00378111273e-10, 5.17229648e-10, 2.67597610737e-10, 1.27821156437e-11, 8.31977499047e-13, 1.8667348483e-12, 2.77975494185e-12, 5.75323859733e-13]
    },
    "mfcc": {
        "mean": [-771.36932373, 122.832458496, 42.7327270508, 52.1278457642, -4.63587808609, 4.62815666199, -17.0305671692, 1.50904405117, -7.15317249298, 0.15934753418, -16.0507907867, -13.0843343735, 3.83661723137],
        "cov": [[7859.17578125, -1642.34814453, -2041.68725586, 234.22177124, -318.749481201, 232.428085327, -67.4323348999, -6.65478515625, -140.328430176, -31.7593975067, -106.65827179, -29.077671051, 109.787986755], [-1642.34814453, 2364.96020508, 243.843383789, -625.675354004, -73.2174911499, -159.80821228, 260.668579102, -21.4831695557, 120.334968567, 217.430358887, 29.7323799133, -2.22811102867, -31.8248958588], [-2041.68725586, 243.843383789, 1576.04040527, 0.0481061451137, 78.6472244263, 87.0238342285, 61.1464729309, 95.9286346436, 92.0728378296, 55.6380653381, 88.4315567017, 14.8747081757, -84.6603469849], [234.22177124, -625.675354004, 0.0481061451137, 911.090759277, 201.195098877, -181.220214844, -216.470001221, 74.5364990234, 0.699586808681, -115.888122559, -20.0087852478, 23.9116401672, -62.817440033], [-318.749481201, -73.2174911499, 78.6472244263, 201.195098877, 459.594421387, -19.4899482727, -66.0902633667, 40.4612579346, 40.3157539368, -9.55355644226, -2.39943027496, 39.9133682251, 20.567615509], [232.428085327, -159.80821228, 87.0238342285, -181.220214844, -19.4899482727, 386.075927734, 162.933273315, -55.9394760132, -66.9268951416, 21.2540416718, 7.02865982056, -16.8939399719, 62.2656059265], [-67.4323348999, 260.668579102, 61.1464729309, -216.470001221, -66.0902633667, 162.933273315, 325.608642578, 3.66946148872, -62.8242835999, 30.5711898804, 15.2989902496, -4.93740272522, 10.5310945511], [-6.65478515625, -21.4831695557, 95.9286346436, 74.5364990234, 40.4612579346, -55.9394760132, 3.66946148872, 206.611740112, 61.2461738586, 16.0672340393, -2.96215009689, 28.0813713074, -5.43659496307], [-140.328430176, 120.334968567, 92.0728378296, 0.699586808681, 40.3157539368, -66.9268951416, -62.8242835999, 61.2461738586, 204.344589233, 45.8160209656, 1.16863811016, -3.96214604378, -26.4695987701], [-31.7593975067, 217.430358887, 55.6380653381, -115.888122559, -9.55355644226, 21.2540416718, 30.5711898804, 16.0672340393, 45.8160209656, 177.270706177, 64.623588562, 2.07992172241, -7.25384187698], [-106.65827179, 29.7323799133, 88.4315567017, -20.0087852478, -2.39943027496, 7.02865982056, 15.2989902496, -2.96215009689, 1.16863811016, 64.623588562, 173.260650635, 47.1318130493, -35.4367179871], [-29.077671051, -2.22811102867, 14.8747081757, 23.9116401672, 39.9133682251, -16.8939399719, -4.93740272522, 28.0813713074, -3.96214604378, 2.07992172241, 47.1318130493, 123.967308044, 33.1041183472], [109.787986755, -31.8248958588, -84.6603469849, -62.817440033, 20.567615509, 62.2656059265, 10.5310945511, -5.43659496307, -26.4695987701, -7.25384187698, -35.4367179871, 33.1041183472, 155.531082153]],
