{
"lowlevel": {
    "average_loudness": 0.045916415751,
    "barkbands_crest": {
        "dmean": 2.75747609138,
        "dmean2": 4.27712011337,
        "dvar": 6.33731269836,
        "dvar2": 14.5096969604,
        "max": 26.0187358856,
        "mean": 14.5075387955,
        "median": 13.9408197403,
        "min": 4.8265080452,
        "var": 24.8472995758
    },
    "barkbands_flatness_db": {
        "dmean": 0.0246034022421,
        "dmean2": 0.037925966084,
        "dvar": 0.000580957042985,
        "dvar2": 0.00140797242057,
        "max": 0.518185198307,
        "mean": 0.267329037189,
        "median": 0.25420948863,
        "min": 0.12555219233,
        "var": 0.00421542627737
    },
    "barkbands_kurtosis": {
        "dmean": 4.46894025803,
        "dmean2": 7.13913440704,
        "dvar": 87.6074981689,
        "dvar2": 221.584197998,
        "max": 209.985092163,
        "mean": 7.48938798904,
        "median": 3.62772750854,
        "min": -1.66332447529,
        "var": 181.133972168
    },
    "barkbands_skewness": {
        "dmean": 0.643844008446,
        "dmean2": 0.974987089634,
        "dvar": 0.475898623466,
        "dvar2": 1.17519187927,
        "max": 12.6430835724,
        "mean": 1.69032919407,
        "median": 1.33817219734,
        "min": -2.97398591042,
        "var": 2.84271812439
    },
    "barkbands_spread": {
        "dmean": 2.95572733879,
        "dmean2": 4.72743797302,
        "dvar": 12.2878189087,
        "dvar2": 32.0988044739,
        "max": 59.0160140991,
        "mean": 10.0214509964,
        "median": 8.73101234436,
        "min": 0.319290608168,
        "var": 47.8860626221
    },
    "dissonance": {
        "dmean": 0.0396588779986,
        "dmean2": 0.0667051896453,
        "dvar": 0.00158718251623,
        "dvar2": 0.00438530789688,
        "max": 0.499973654747,
        "mean": 0.40778106451,
        "median": 0.41764357686,
        "min": 0.107040897012,
        "var": 0.00362020265311
    },
    "dynamic_complexity": 6.93169021606,
    "erbbands_crest": {
        "dmean": 3.60066533089,
        "dmean2": 5.53397417068,
        "dvar": 10.156006813,
        "dvar2": 22.2318954468,
        "max": 33.3000488281,
        "mean": 14.8960952759,
        "median": 14.1691169739,
        "min": 2.86015820503,
        "var": 42.0820846558
    },
    "erbbands_flatness_db": {
        "dmean": 0.0197732653469,
        "dmean2": 0.0286012236029,
        "dvar": 0.00037593379966,
        "dvar2": 0.00079236534657,
        "max": 0.529710173607,
        "mean": 0.272037565708,
        "median": 0.286851346493,
        "min": 0.100691743195,
        "var": 0.00919857993722
    },
    "erbbands_kurtosis": {
        "dmean": 1.8104609251,
        "dmean2": 2.7276198864,
        "dvar": 6.93047046661,
        "dvar2": 14.2495641708,
        "max": 45.2937927246,
        "mean": 2.08097410202,
        "median": 0.963064908981,
        "min": -1.70280992985,
        "var": 15.6434488297
    },
    "erbbands_skewness": {
        "dmean": 0.470117300749,
        "dmean2": 0.682533562183,
        "dvar": 0.196536302567,
        "dvar2": 0.414914250374,
        "max": 4.60673284531,
        "mean": 0.604056298733,
        "median": 0.617720842361,
        "min": -3.24850082397,
        "var": 0.848443567753
    },
    "erbbands_spread": {
        "dmean": 5.96265220642,
        "dmean2": 9.04706096649,
        "dvar": 45.0589637756,
        "dvar2": 103.439880371,
        "max": 87.4774093628,
        "mean": 23.6790866852,
        "median": 17.2265853882,
        "min": 0.492953002453,
        "var": 321.886871338
    },
    "hfc": {
        "dmean": 3.90258407593,
        "dmean2": 5.92853689194,
        "dvar": 152.659423828,
        "dvar2": 376.381347656,
        "max": 184.328079224,
        "mean": 9.09430503845,
        "median": 2.45912265778,
        "min": 6.82225145283e-05,
        "var": 280.490356445
    },
    "melbands_crest": {
        "dmean": 3.68966293335,
        "dmean2": 5.83451080322,
        "dvar": 10.2498416901,
        "dvar2": 24.5729446411,
        "max": 35.6007575989,
        "mean": 19.2718715668,
        "median": 19.2608470917,
        "min": 5.78332328796,
        "var": 45.1416015625
    },
    "melbands_flatness_db": {
        "dmean": 0.0270572602749,
        "dmean2": 0.040458612144,
        "dvar": 0.000772075320128,
        "dvar2": 0.00173738657031,
        "max": 0.649114072323,
        "mean": 0.321003824472,
        "median": 0.302940547466,
        "min": 0.146836444736,
        "var": 0.006387504749
    },
    "melbands_kurtosis": {
        "dmean": 8.92241287231,
        "dmean2": 14.3863620758,
        "dvar": 339.521179199,
        "dvar2": 862.551086426,
        "max": 380.299957275,
        "mean": 16.4714279175,
        "median": 5.00646305084,
        "min": -1.70208573341,
        "var": 883.809692383
    },
    "melbands_skewness": {
        "dmean": 0.802265167236,
        "dmean2": 1.22102320194,
        "dvar": 0.804282844067,
        "dvar2": 2.01101565361,
        "max": 14.5819320679,
        "mean": 2.33072543144,
        "median": 1.52902340889,
        "min": -3.68254685402,
        "var": 5.55636978149
    },
    "melbands_spread": {
        "dmean": 3.93722939491,
        "dmean2": 6.06006717682,
        "dvar": 23.8160381317,
        "dvar2": 57.2766571045,
        "max": 87.3273239136,
        "mean": 12.314491272,
        "median": 9.84436702728,
        "min": 0.722864329815,
        "var": 81.4078369141
    },
    "pitch_salience": {
        "dmean": 0.0676734521985,
        "dmean2": 0.108069017529,
        "dvar": 0.00441360473633,
        "dvar2": 0.0115010533482,
        "max": 0.776906013489,
        "mean": 0.41105696559,
        "median": 0.418742150068,
        "min": 0.0521742515266,
        "var": 0.0153247751296
    },
    "silence_rate_20dB": {
        "dmean": 0.0123839005828,
        "dmean2": 0.0247773900628,
        "dvar": 0.0122304763645,
        "dvar2": 0.0295834448189,
        "max": 1,
        "mean": 0.980270802975,
        "median": 1,
        "min": 0,
        "var": 0.0193399228156
    },
    "silence_rate_30dB": {
        "dmean": 0.0286377705634,
        "dmean2": 0.0572977140546,
        "dvar": 0.0278174728155,
        "dvar2": 0.0602087639272,
        "max": 1,
        "mean": 0.894777536392,
        "median": 1,
        "min": 0,
        "var": 0.0941512584686
    },
    "silence_rate_60dB": {
        "dmean": 0.0851393193007,
        "dmean2": 0.170344561338,
        "dvar": 0.0778900310397,
        "dvar2": 0.159913152456,
        "max": 1,
        "mean": 0.439845263958,
        "median": 0,
        "min": 0,
        "var": 0.246385321021
    },
    "spectral_centroid": {
        "dmean": 176.819778442,
        "dmean2": 267.821929932,
        "dvar": 44473.5898438,
        "dvar2": 107414.039062,
        "max": 3537.9765625,
        "mean": 986.123413086,
        "median": 845.617675781,
        "min": 208.542114258,
        "var": 256821.78125
    },
    "spectral_complexity": {
        "dmean": 1.489164114,
        "dmean2": 2.43283009529,
        "dvar": 2.38996458054,
        "dvar2": 6.10768461227,
        "max": 30,
        "mean": 8.00812339783,
        "median": 6,
        "min": 0,
        "var": 36.1759262085
    },
    "spectral_decrease": {
        "dmean": 4.72001460139e-09,
        "dmean2": 7.44018979759e-09,
        "dvar": 3.92495030134e-16,
        "dvar2": 1.00192986232e-15,
        "max": -2.24213907125e-14,
        "mean": -9.77689129655e-09,
        "median": -1.0356475677e-09,
        "min": -3.82290551215e-07,
        "var": 6.36571941399e-16
    },
    "spectral_energy": {
        "dmean": 0.0181263145059,
        "dmean2": 0.0285380203277,
        "dvar": 0.00571927940473,
        "dvar2": 0.0145807908848,
        "max": 1.45957255363,
        "mean": 0.037725161761,
        "median": 0.00411572260782,
        "min": 9.08113975129e-08,
        "var": 0.00932010542601
    },
    "spectral_energyband_high": {
        "dmean": 3.68190958397e-05,
        "dmean2": 6.02888940193e-05,
        "dvar": 2.34635066931e-08,
        "dvar2": 5.78513841276e-08,
        "max": 0.00427088048309,
        "mean": 0.000177378838998,
        "median": 8.33757985674e-06,
        "min": 4.83521389594e-10,
        "var": 1.12731768809e-07
    },
    "spectral_energyband_low": {
        "dmean": 0.0137881506234,
        "dmean2": 0.0226064678282,
        "dvar": 0.00500088604167,
        "dvar2": 0.0132543817163,
        "max": 1.3006336689,
        "mean": 0.0275609474629,
        "median": 0.000132860150188,
        "min": 2.5139255122e-09,
        "var": 0.00735098868608
    },
    "spectral_energyband_middle_high": {
        "dmean": 0.000711476197466,
        "dmean2": 0.00106724444777,
        "dvar": 3.98711335947e-06,
        "dvar2": 1.03256397779e-05,
        "max": 0.0411985963583,
        "mean": 0.00162805011496,
        "median": 0.000693235895596,
        "min": 1.35189335282e-08,
        "var": 6.68733719067e-06
    },
    "spectral_energyband_middle_low": {
        "dmean": 0.00647268258035,
        "dmean2": 0.00977491214871,
        "dvar": 0.00042228717939,
        "dvar2": 0.0010907666292,
        "max": 0.242009520531,
        "mean": 0.00910926703364,
        "median": 0.00186778791249,
        "min": 7.60856977422e-08,
        "var": 0.000473515305202
    },
    "spectral_entropy": {
        "dmean": 0.167267665267,
        "dmean2": 0.240051358938,
        "dvar": 0.0290115736425,
        "dvar2": 0.0603747740388,
        "max": 8.18416786194,
        "mean": 6.47906732559,
        "median": 6.33018398285,
        "min": 4.50541543961,
        "var": 0.670973479748
    },
    "spectral_flux": {
        "dmean": 0.0248578283936,
        "dmean2": 0.0405662357807,
        "dvar": 0.00352419679984,
        "dvar2": 0.00851443782449,
        "max": 0.974791049957,
        "mean": 0.0604534633458,
        "median": 0.0281783808023,
        "min": 0.000301349296933,
        "var": 0.00784541573375
    },
    "spectral_kurtosis": {
        "dmean": 10.9315233231,
        "dmean2": 18.2674484253,
        "dvar": 397.58984375,
        "dvar2": 1011.04528809,
        "max": 366.961730957,
        "mean": 25.2943782806,
        "median": 7.92006778717,
        "min": -0.482167720795,
        "var": 1771.97924805
    },
    "spectral_rms": {
        "dmean": 0.000940875092056,
        "dmean2": 0.0013797612628,
        "dvar": 3.63219305655e-06,
        "dvar2": 8.7550815806e-06,
        "max": 0.0377355702221,
        "mean": 0.00403778767213,
        "median": 0.00200383109041,
        "min": 9.41257076192e-06,
        "var": 2.05012547667e-05
    },
    "spectral_rolloff": {
        "dmean": 213.223632812,
        "dmean2": 377.853881836,
        "dvar": 175891.21875,
        "dvar2": 419825.6875,
        "max": 4414.30664062,
        "mean": 819.903381348,
        "median": 710.595703125,
        "min": 64.599609375,
        "var": 400610.4375
    },
    "spectral_skewness": {
        "dmean": 0.677293598652,
        "dmean2": 1.13879024982,
        "dvar": 0.796439230442,
        "dvar2": 2.11630225182,
        "max": 15.5222501755,
        "mean": 2.93735456467,
        "median": 2.06789517403,
        "min": 0.475633621216,
        "var": 5.4297542572
    },
    "spectral_spread": {
        "dmean": 349045.28125,
        "dmean2": 582633.1875,
        "dvar": 150396010496,
        "dvar2": 408868880384,
        "max": 8827835,
        "mean": 3120770.75,
        "median": 2553674.25,
        "min": 242545.203125,
        "var": 3.04107828019e+12
    },
    "spectral_strongpeak": {
        "dmean": 0.308456629515,
        "dmean2": 0.48839700222,
        "dvar": 0.20743060112,
        "dvar2": 0.494203776121,
        "max": 5.48282718658,
        "mean": 0.694615244865,
        "median": 0.543382883072,
        "min": 0,
        "var": 0.384070396423
    },
    "zerocrossingrate": {
        "dmean": 0.00506724091247,
        "dmean2": 0.0063037998043,
        "dvar": 2.56144739978e-05,
        "dvar2": 4.20227079303e-05,
        "max": 0.126953125,
        "mean": 0.0351001508534,
        "median": 0.03173828125,
        "min": 0.0048828125,
        "var": 0.000261402863543
    },
    "barkbands": {
        "dmean": [0.00062515278114, 0.00997628457844, 0.00443389732391, 0.00133541645482, 0.00185549014714, 0.000958973658271, 0.000619804952294, 0.00124403904192, 0.00122014107183, 0.000671365007292, 0.00011447261204, 0.00010739127174, 6.8022593041e-05, 3.71700662072e-05, 3.5449207644e-05, 1.04976134025e-05, 8.27552503324e-05, 5.20655812579e-05, 2.40831996052e-05, 1.37364786497e-05, 1.11284834929e-05, 1.35070722536e-05, 7.46628393244e-06, 1.44242994793e-05, 6.37100811218e-06, 6.50978870809e-09, 1.94630378481e-09],
        "dmean2": [0.00110487779602, 0.0167390052229, 0.00734355347231, 0.00220639817417, 0.00271404371597, 0.00145166495349, 0.000939609017223, 0.00181700696703, 0.00202806456946, 0.00104000745341, 0.000188416190213, 0.000150459265569, 9.67553060036e-05, 4.96378161188e-05, 5.55687947781e-05, 1.80624920176e-05, 0.000143014403875, 9.2521069746e-05, 4.0843962779e-05, 2.36735650105e-05, 1.87571640708e-05, 2.32391739701e-05, 1.2417047401e-05, 2.36192026932e-05, 1.07447458504e-05, 1.11500710887e-08, 3.6037872686e-09],
        "dvar": [3.49276592715e-06, 0.00211490108632, 0.00108728080522, 5.13210507052e-05, 3.93086083932e-05, 1.45062613228e-05, 6.18462854618e-06, 1.8708220523e-05, 4.60699229734e-05, 7.81319340604e-06, 1.23855585343e-07, 6.89659174213e-08, 3.36933787537e-08, 2.91656423457e-08, 8.4280582513e-09, 8.60056581509e-10, 4.06298887867e-08, 2.52922092159e-08, 3.91335497341e-09, 1.09317854768e-09, 5.62779212121e-10, 1.23328558477e-09, 6.39308939121e-10, 7.75000685849e-09, 5.433637984e-10, 3.55303613366e-16, 3.18228193788e-17],
        "dvar2": [1.13285304906e-05, 0.00601869123057, 0.00257046776824, 0.000136513102916, 9.54471033765e-05, 3.51063063135e-05, 1.38137647809e-05, 4.30470427091e-05, 0.000132258588565, 1.9973527742e-05, 3.24012830788e-07, 1.21158137745e-07, 5.10454825076e-08, 4.71182666217e-08, 2.05376302631e-08, 2.48162446148e-09, 1.12012550346e-07, 7.757214604e-08, 1.1202038408e-08, 3.02902924965e-09, 1.56447688138e-09, 3.57751339664e-09, 1.64987323803e-09, 1.86846698114e-08, 1.475278677e-09, 9.84352022839e-16, 9.78053724071e-17],
        "max": [0.0313365571201, 0.888584971428, 0.668875455856, 0.103879921138, 0.109083123505, 0.0494603067636, 0.0559348575771, 0.0895948112011, 0.162056848407, 0.0542366690934, 0.00601718854159, 0.00587086193264, 0.00618865573779, 0.00728610390797, 0.00184260390233, 0.000510515412316, 0.00309417303652, 0.00287773716263, 0.00115394731984, 0.000795658852439, 0.000349696871126, 0.000654037401546, 0.000584836176131, 0.00220158463344, 0.000514173239935, 3.35146950192e-07, 7.58271312407e-08],
        "mean": [0.000927336048335, 0.0196661502123, 0.00641582114622, 0.00126877892762, 0.00237818341702, 0.00112168013584, 0.000905130465981, 0.00159627723042, 0.0014098592801, 0.00099016726017, 0.000148709950736, 0.00017868312716, 0.000113282570965, 6.05499481026e-05, 4.86926765007e-05, 1.69810500665e-05, 0.000132101456984, 9.86629675026e-05, 5.31821970071e-05, 3.29090362357e-05, 3.07965856337e-05, 3.98224583478e-05, 2.57679748756e-05, 4.46173726232e-05, 2.09997433558e-05, 1.39894895668e-08, 1.62181745811e-09],
        "median": [4.49515619039e-06, 1.80432398338e-05, 1.12373254524e-05, 5.61302003916e-05, 0.000120681135741, 7.83366631367e-05, 8.65277615958e-05, 0.000214043626329, 0.000159208269906, 0.00029904965777, 1.25007354654e-05, 3.65106243407e-05, 2.42012720264e-05, 3.08965240947e-06, 9.97956522042e-06, 2.52633481068e-06, 4.76139439343e-06, 4.26418228017e-06, 2.02227442969e-06, 3.33543243869e-06, 2.28954058912e-06, 1.50366770413e-06, 3.78845925297e-07, 3.27592886151e-07, 9.69540039364e-08, 3.26618426749e-10, 1.82938650339e-10],
        "min": [8.66726898585e-11, 6.76674757893e-11, 6.50362319554e-10, 3.40995454096e-09, 5.8907141387e-09, 8.25912671587e-09, 1.98938820972e-09, 2.10409840662e-08, 6.55184750897e-09, 5.98294969123e-10, 5.63304888845e-11, 1.82512771563e-09, 6.08225247944e-10, 1.11623293941e-10, 5.45654389728e-11, 3.8142194958e-10, 5.71741369526e-11, 4.14563994244e-10, 1.19081255967e-09, 2.04888647715e-10, 4.97178964665e-11, 3.65169491867e-11, 5.56635466886e-11, 5.45868766855e-11, 3.81029860441e-11, 3.23672130764e-11, 4.02798176757e-11],
        "var": [4.84405927637e-06, 0.00340707646683, 0.00109591986984, 4.18337149313e-05, 5.04050585732e-05, 1.59504270414e-05, 8.6184409156e-06, 2.44907878368e-05, 3.7985646486e-05, 8.5602305262e-06, 1.62806173876e-07, 1.98238524263e-07, 9.55349506171e-08, 8.17813941012e-08, 1.41031444301e-08, 1.15152920532e-09, 6.91382524565e-08, 5.77016194825e-08, 1.0186983701e-08, 3.50240458857e-09, 2.83148682279e-09, 6.30364427323e-09, 2.77274403437e-09, 1.58749777768e-08, 2.42628872549e-09, 1.08971180417e-15, 2.8238212342e-17]
    },
    "erbbands": {
        "dmean": [0.280134111643, 2.51471543312, 6.10018062592, 3.83490538597, 4.51826667786, 6.71151065826, 9.24378681183, 6.58320140839, 9.15690326691, 13.9551887512, 28.410320282, 29.1801261902, 25.2678012848, 12.8716821671, 5.15142440796, 5.31630468369, 3.23947954178, 2.34297251701, 2.4100625515, 0.442192137241, 0.906235516071, 3.47138500214, 3.63439488411, 1.37409257889, 1.25904679298, 0.764541506767, 0.542896926403, 0.482136577368, 0.36311224103, 0.348371177912, 0.237810015678, 0.259889811277, 0.275410711765, 0.119451791048, 0.0149575993419, 0.000614055898041, 2.65040998784e-05, 3.21611628351e-06, 8.29920736578e-06, 1.98130383069e-05],
        "dmean2": [0.429261177778, 4.3108458519, 10.2110681534, 6.04146575928, 6.94113254547, 9.70691490173, 14.0785093307, 9.95959091187, 13.7888631821, 20.5268230438, 42.0561103821, 46.8594360352, 42.0089530945, 19.3360595703, 8.30381965637, 7.34364414215, 4.58175230026, 3.09722495079, 3.6763484478, 0.705147325993, 1.55499434471, 5.97864961624, 6.3501906395, 2.36039614677, 2.18112850189, 1.31073105335, 0.928310394287, 0.825437963009, 0.624638319016, 0.606706917286, 0.39472207427, 0.428194314241, 0.445708304644, 0.197849318385, 0.0253680292517, 0.00103678100277, 4.36491391156e-05, 5.29241970071e-06, 1.29017462314e-05, 3.10950053972e-05],
        "dvar": [0.78544652462, 175.037857056, 1963.29101562, 505.64151001, 349.92980957, 597.739562988, 1320.97351074, 726.853942871, 1432.16088867, 2637.84057617, 11096.4619141, 19621.34375, 23619.6796875, 1775.75524902, 205.323318481, 179.229324341, 63.6180458069, 76.9252090454, 32.4404220581, 0.882567703724, 5.81501102448, 74.2841644287, 87.4608306885, 11.559094429, 11.9031171799, 3.53388786316, 1.36659753323, 1.30394124985, 0.790034592152, 1.15573489666, 0.498486816883, 1.66507482529, 2.92277002335, 0.192800879478, 0.0027319972869, 4.63138030682e-06, 8.91353302279e-09, 1.34201108559e-10, 1.13184972506e-09, 6.72751765407e-09],
        "dvar2": [1.77792596817, 507.50088501, 5002.34667969, 1211.10375977, 934.0234375, 1410.265625, 3281.87890625, 1768.00720215, 3107.27758789, 5747.82421875, 26743.0839844, 53863.4960938, 65514.5117188, 4585.50683594, 499.658355713, 313.126922607, 101.98260498, 123.738601685, 77.5098724365, 2.25127363205, 16.6398029327, 207.025268555, 263.969451904, 32.7474594116, 34.6394958496, 9.90218925476, 3.80790305138, 3.73036599159, 2.22762489319, 3.57778811455, 1.24367153645, 4.09564876556, 7.0987496376, 0.485896974802, 0.00754111958668, 1.26645163618e-05, 2.27339445047e-08, 3.25850013638e-10, 2.85091084073e-09, 1.71178449193e-08],
        "max": [18.9192276001, 224.586471558, 866.642150879, 431.847869873, 264.457122803, 547.260864258, 536.038696289, 437.626190186, 872.080810547, 910.614746094, 2608.97363281, 3657.21044922, 3108.17700195, 1040.97814941, 287.738342285, 304.647247314, 245.338775635, 366.007904053, 109.520507812, 15.5939340591, 45.2953796387, 129.496734619, 135.347763062, 60.5644493103, 52.2662467957, 48.4107513428, 18.0671577454, 17.1354312897, 20.3754901886, 16.7903823853, 15.7530231476, 31.5856323242, 42.4976463318, 10.6366739273, 1.16343212128, 0.0470367111266, 0.00215243175626, 0.000286357681034, 0.000660308403894, 0.00158573349472],
        "mean": [0.57108092308, 4.32938432693, 8.81613731384, 4.66424274445, 5.62182044983, 8.53875255585, 10.1745786667, 7.75692796707, 13.675453186, 18.5495853424, 35.9858360291, 36.7676887512, 30.4135189056, 21.5671844482, 7.65091133118, 9.1906375885, 5.74056959152, 4.02648019791, 3.51798653603, 0.777834653854, 1.59582340717, 6.20387268066, 6.8535027504, 3.08205533028, 2.59642004967, 1.83501195908, 1.41743659973, 1.30618858337, 1.13906359673, 0.935185074806, 0.799739718437, 0.821093022823, 0.78415542841, 0.424862146378, 0.0432853214443, 0.00186075735837, 9.53674825723e-05, 1.19265223475e-05, 1.93841533473e-05, 4.20870783273e-05],
        "median": [0.000665235333145, 0.00367326033302, 0.0177251826972, 0.135612264276, 0.266757339239, 0.4020139575, 0.70036303997, 0.70644980669, 1.4123595953, 2.49229574203, 6.78407621384, 6.03343725204, 4.86362218857, 6.47896099091, 1.45294904709, 2.29677462578, 1.83429551125, 0.854705691338, 1.02446055412, 0.309886753559, 0.250515788794, 0.200720191002, 0.395516753197, 0.262308835983, 0.17020457983, 0.201521456242, 0.150216981769, 0.0566217973828, 0.0400606915355, 0.0304855145514, 0.0108409896493, 0.00824867468327, 0.0038259497378, 0.00200832728297, 0.00014111911878, 1.23864538182e-05, 2.82481846625e-06, 7.05276931967e-07, 2.17228807742e-06, 4.8118408813e-06],
        "min": [3.69389319133e-09, 1.64047033735e-08, 4.79753168747e-07, 6.9100865403e-06, 8.99581937119e-06, 1.86800371011e-05, 5.26641561009e-05, 7.99710542196e-05, 2.97092756227e-05, 0.000181149473065, 0.00026096511283, 0.000198014022317, 0.000175981840584, 1.46172160385e-05, 9.93213598122e-06, 8.05570816738e-05, 2.88833107334e-05, 1.19813994388e-05, 5.67519464312e-06, 7.1166791713e-06, 2.65284415946e-05, 4.73056161354e-06, 2.26156826102e-05, 2.441007382e-05, 6.38093406451e-05, 1.20031763799e-05, 5.03791716255e-06, 1.88033459381e-06, 1.14807016871e-06, 1.81017617251e-06, 1.33176945383e-06, 1.62025230566e-06, 7.22647143903e-07, 4.65836222929e-07, 2.1729999844e-07, 7.53719859858e-08, 5.49820242668e-08, 2.48915412726e-08, 5.72783775965e-09, 7.30556615203e-10],
        "var": [2.2110478878, 210.711990356, 1817.17077637, 489.378967285, 334.28427124, 806.190612793, 1359.70788574, 790.970397949, 2081.70947266, 3688.22680664, 12942.03125, 18968.7558594, 19635.7851562, 2419.55908203, 314.415435791, 518.224731445, 180.852493286, 211.558395386, 57.8090744019, 1.64784622192, 8.74486255646, 145.395370483, 203.072097778, 31.3448314667, 28.2691917419, 10.5036659241, 5.79424715042, 6.05604553223, 4.04921722412, 3.64946389198, 2.63538837433, 4.28861999512, 5.45838260651, 0.992507398129, 0.0103979902342, 1.89096463146e-05, 4.37709957168e-08, 6.37420505267e-10, 2.08975414751e-09, 1.11673958969e-08]
    },
    "gfcc": {
        "mean": [-157.159835815, 154.448776245, -140.332672119, 16.0680541992, -76.1665802002, 4.95447015762, -16.5221843719, 1.31735193729, -9.56133174896, -18.4175891876, 3.6550924778, -19.8864173889, 1.39907026291],
        "cov": [[15721.2626953, -2984.52294922, 2418.17456055, 4121.73730469, -83.2575073242, 2534.40527344, 40.3471984863, 2486.01708984, 748.354431152, 383.41696167, 532.206298828, 485.628723145, 436.292816162], [-2984.52294922, 1908.77514648, 99.8885269165, -1544.29992676, 267.382537842, -1007.29333496, -33.2822036743, -696.721008301, -331.391204834, -287.519195557, -143.413009644, -71.6588134766, -220.292572021], [2418.17456055, 99.8885269165, 1087.44763184, 472.642425537, 143.320663452, 344.690948486, 117.674247742, 464.825714111, 30.2349338531, 41.0549468994, 115.832481384, 194.404800415, 40.6348762512], [4121.73730469, -1544.29992676, 472.642425537, 1833.01257324, -93.3751525879, 1065.29736328, 61.5162773132, 828.580505371, 336.816375732, 246.622344971, 177.310882568, 117.996383667, 205.926330566], [-83.2575073242, 267.382537842, 143.320663452, -93.3751525879, 241.850128174, 12.2448167801, 38.2974510193, 2.42885923386, -3.09230732918, -17.6350193024, -15.4191856384, -2.81449460983, -39.4494094849], [2534.40527344, -1007.29333496, 344.690948486, 1065.29736328, 12.2448167801, 903.892028809, 174.187942505, 568.585571289, 255.62437439, 235.369720459, 125.605529785, 86.3515625, 128.982009888], [40.3471984863, -33.2822036743, 117.674247742, 61.5162773132, 38.2974510193, 174.187942505, 265.928833008, 146.041915894, 67.9565811157, 64.3649291992, 47.9621620178, 41.2150840759, 0.431167185307], [2486.01708984, -696.721008301, 464.825714111, 828.580505371, 2.42885923386, 568.585571289, 146.041915894, 659.603637695, 215.176330566, 112.780052185, 130.830993652, 163.863891602, 105.663841248], [748.354431152, -331.391204834, 30.2349338531, 336.816375732, -3.09230732918, 255.62437439, 67.9565811157, 215.176330566, 233.246292114, 126.46812439, 48.5153503418, 39.729259491, 68.6283035278], [383.41696167, -287.519195557, 41.0549468994, 246.622344971, -17.6350193024, 235.369720459, 64.3649291992, 112.780052185, 126.46812439, 212.154342651, 104.360931396, 11.7303733826, 27.1228141785], [532.206298828, -143.413009644, 115.832481384, 177.310882568, -15.4191856384, 125.605529785, 47.9621620178, 130.830993652, 48.5153503418, 104.360931396, 175.550811768, 71.2014923096, -15.1666822433], [485.628723145, -71.6588134766, 194.404800415, 117.996383667, -2.81449460983, 86.3515625, 41.2150840759, 163.863891602, 39.729259491, 11.7303733826, 71.2014923096, 193.594970703, 98.6551208496], [436.292816162, -220.292572021, 40.6348762512, 205.926330566, -39.4494094849, 128.982009888, 0.431167185307, 105.663841248, 68.6283035278, 27.1228141785, -15.1666822433, 98.6551208496, 178.047729492]],
        "icov": [[0.000325494387653, -8.65214024088e-05, -0.000406518665841, -0.000182065719855, 0.000276422942989, -0.000429149484262, 0.0006565178046, -0.000587267801166, -0.000288235431071, 0.000652542337775, -0.000579500629101, 0.000578767212573, -0.00024059759744], [-8.65214024088e-05, 0.00914631411433, -0.00558281457052, 0.00350859737955, -0.00518884928897, 0.00538909202442, -0.00323270820081, 0.00626643374562, -0.00385683146305, 0.00408045342192, -0.00213888776489, 0.00134932564106, -8.49193456816e-05], [-0.000406518665841, -0.00558281457052, 0.00593306683004, -0.00215856544673, 0.00173195905518, -0.00251066777855, 0.00103989907075, -0.00452681118622, 0.00439097359776, -0.00434803543612, 0.00268372194842, -0.00307940226048, 0.0010224225698], [-0.000182065719855, 0.00350859737955, -0.00215856544673, 0.00459516560659, -0.00115238060243, -0.000525212672073, 0.000345281383488, 0.000810628989711, -0.00185374869034, 0.00241030286998, -0.00228694826365, 0.00247675995342, -0.00161140190903], [0.000276422942989, -0.00518884928897, 0.00173195905518, -0.00115238060243, 0.00867148116231, -0.00470041949302, 0.00225825887173, -0.003208222799, 0.000536230916623, -0.000761770643294, 0.00146871746983, -0.000498643436003, 0.00137583934702], [-0.000429149484262, 0.00538909202442, -0.00251066777855, -0.000525212672073, -0.00470041949302, 0.00973772536963, -0.00477370340377, 0.00286450586282, -0.000952548638452, -0.00206604972482, 0.00112939882092, 7.23225821275e-05, -0.000146286285599], [0.0006565178046, -0.00323270820081, 0.00103989907075, 0.000345281383488, 0.00225825887173, -0.00477370340377, 0.0082528674975, -0.0047699441202, 0.000185781100299, -0.000463925680378, -0.000716790615115, 0.00050510285655, 0.000182296847925], [-0.000587267801166, 0.00626643374562, -0.00452681118622, 0.000810628989711, -0.003208222799, 0.00286450586282, -0.0047699441202, 0.0129232015461, -0.00582400709391, 0.00473342230543, -0.00145917991176, -0.00290139182471, 0.00185124319978], [-0.000288235431071, -0.00385683146305, 0.00439097359776, -0.00185374869034, 0.000536230916623, -0.000952548638452, 0.000185781100299, -0.00582400709391, 0.01253349334, -0.00839261990041, 0.00381640251726, -0.00162642833311, -0.000985286664218], [0.000652542337775, 0.00408045342192, -0.00434803543612, 0.00241030286998, -0.000761770643294, -0.00206604972482, -0.000463925680378, 0.00473342230543, -0.00839261990041, 0.0177384335548, -0.0114665199071, 0.00665463041514, -0.00395711837336], [-0.000579500629101, -0.00213888776489, 0.00268372194842, -0.00228694826365, 0.00146871746983, 0.00112939882092, -0.000716790615115, -0.00145917991176, 0.00381640251726, -0.0114665199071, 0.0178676974028, -0.0110247200355, 0.00908762123436], [0.000578767212573, 0.00134932564106, -0.00307940226048, 0.00247675995342, -0.000498643436003, 7.23225821275e-05, 0.00050510285655, -0.00290139182471, -0.00162642833311, 0.00665463041514, -0.0110247200355, 0.0180387627333, -0.0116738788784], [-0.00024059759744, -8.49193456816e-05, 0.0010224225698, -0.00161140190903, 0.00137583934702, -0.000146286285599, 0.000182296847925, 0.00185124319978, -0.000985286664218, -0.00395711837336, 0.00908762123436, -0.0116738788784, 0.0152681982145]]
    },
    "melbands": {
        "dmean": [0.0024878855329, 0.00327093969099, 0.000697156297974, 0.000417085801018, 0.000314768170938, 0.000155269910465, 0.000136887814733, 0.000171026302269, 0.00023874398903, 0.000175889101229, 0.000123245583382, 5.42742891412e-05, 1.57071317517e-05, 1.38474551932e-05, 8.71803331393e-06, 6.91428931532e-06, 4.39102677774e-06, 3.8098951336e-06, 1.54283407028e-06, 4.90704792355e-07, 1.28229430629e-06, 2.65998551185e-06, 7.31341970095e-06, 1.50738765115e-06, 1.16570811315e-06, 1.09993948172e-06, 5.52759729544e-07, 5.17113790011e-07, 4.42532837042e-07, 2.51972863907e-07, 3.96634249e-07, 2.80574028011e-07, 2.42101833692e-07, 1.70765289909e-07, 1.54083053872e-07, 1.54148935394e-07, 1.96278193698e-07, 2.39380995026e-07, 1.50056024495e-07, 1.04682762014e-07],
        "dmean2": [0.00405599083751, 0.00547706987709, 0.00109546992462, 0.000595873047132, 0.00047726710909, 0.000235285173403, 0.000206865239306, 0.000251956022112, 0.00035769387614, 0.000288553274004, 0.000204718468012, 8.13466176623e-05, 2.5793151508e-05, 1.98945490411e-05, 1.2428878108e-05, 9.47963417275e-06, 5.83509472563e-06, 5.75789908908e-06, 2.43174872594e-06, 8.32629496017e-07, 2.20241122406e-06, 4.56519137515e-06, 1.26264740175e-05, 2.62400953943e-06, 1.97942335944e-06, 1.9156509552e-06, 9.47589967382e-07, 8.8546232746e-07, 7.52211860799e-07, 4.34469768607e-07, 6.80333641867e-07, 4.82768427901e-07, 4.1758053726e-07, 2.9942538049e-07, 2.5757103117e-07, 2.60776687355e-07, 3.25467055973e-07, 3.93713861513e-07, 2.39236356947e-07, 1.78576968324e-07],
        "dvar": [9.07106950763e-05, 0.000448465812951, 1.51311778609e-05, 1.98560405806e-06, 1.42764122302e-06, 3.96957375415e-07, 3.21825439187e-07, 3.9660298512e-07, 7.50030665131e-07, 8.63124455464e-07, 5.69252620153e-07, 2.89471966397e-08, 2.08316475181e-09, 8.95075569218e-10, 3.86059212376e-10, 4.96067964484e-10, 3.86933679541e-10, 7.67779034794e-11, 1.56437224286e-11, 1.1902706468e-12, 1.18075922304e-11, 4.39905646632e-11, 3.14804043944e-10, 1.57144054713e-11, 8.37268622489e-12, 8.33628045066e-12, 2.01611080261e-12, 1.55046971356e-12, 1.00802135736e-12, 3.8481313947e-13, 1.06078167084e-12, 4.73394869312e-13, 5.312203585e-13, 2.40642439786e-13, 1.56181681086e-13, 3.33653514973e-13, 1.00717058391e-12, 2.63337203606e-12, 3.43920990862e-13, 1.16305172416e-13],
        "dvar2": [0.000240459354245, 0.00119455263484, 3.61997808795e-05, 4.7666003411e-06, 3.54408689418e-06, 9.57358452069e-07, 6.98007113442e-07, 8.59382680574e-07, 1.84393309155e-06, 2.45466458182e-06, 1.57799968292e-06, 7.35668024276e-08, 5.37183186822e-09, 1.74070380332e-09, 7.37015171115e-10, 6.38232688921e-10, 6.24531759641e-10, 1.77965864268e-10, 3.7840636874e-11, 3.34956086305e-12, 3.35201970347e-11, 1.22948373704e-10, 9.22529552749e-10, 4.70848707246e-11, 2.36292981709e-11, 2.4252752584e-11, 5.63845758278e-12, 4.39382644851e-12, 2.84265688245e-12, 1.13260280061e-12, 3.05613629022e-12, 1.34147640912e-12, 1.65389468613e-12, 7.13407956841e-13, 4.01062538215e-13, 8.90274724601e-13, 2.49093714405e-12, 6.5038985482e-12, 8.00920365186e-13, 3.17758433498e-13],
        "max": [0.206353113055, 0.390590280294, 0.0720264688134, 0.0298120323569, 0.0162606220692, 0.0107807889581, 0.013143052347, 0.0117382016033, 0.0210434589535, 0.0232785046101, 0.0155744673684, 0.00421217409894, 0.000826854782645, 0.000584517256357, 0.000395330018364, 0.000858531857375, 0.00084312009858, 0.000166824203916, 7.91591955931e-05, 1.63075856108e-05, 6.28598718322e-05, 9.11275419639e-05, 0.000211978549487, 5.99693266849e-05, 5.13296363351e-05, 4.17858282162e-05, 2.92385520879e-05, 2.97890110232e-05, 1.56545265781e-05, 1.28581586978e-05, 1.58895163622e-05, 1.25179321913e-05, 1.21773891806e-05, 9.67156029219e-06, 7.8326665971e-06, 1.23831305245e-05, 2.3854581741e-05, 4.0443828766e-05, 1.60660620168e-05, 7.19892341294e-06],
        "mean": [0.0053102299571, 0.00509230000898, 0.000868859817274, 0.000547366274986, 0.00035317754373, 0.000182357209269, 0.000203751464142, 0.000225575102377, 0.000298283965094, 0.000214034531382, 0.000146221384057, 9.02464089449e-05, 2.16262469621e-05, 2.28559547395e-05, 1.48935178004e-05, 1.18106727314e-05, 7.19506078894e-06, 5.6192707234e-06, 2.14150441025e-06, 8.6191897708e-07, 2.05146557164e-06, 4.51112782685e-06, 1.19168080346e-05, 3.07175037051e-06, 2.31781109505e-06, 2.14905230678e-06, 1.25846111132e-06, 1.14125441542e-06, 9.69161646935e-07, 6.17638647782e-07, 9.08103174879e-07, 7.2175043897e-07, 5.86992996432e-07, 4.47187687769e-07, 4.54488827017e-07, 4.59697815813e-07, 5.16305760812e-07, 5.78708068133e-07, 4.74800401662e-07, 3.29590562842e-07],
        "median": [5.92373680774e-06, 6.05059949521e-06, 2.71037915809e-05, 2.48676715273e-05, 2.42009318754e-05, 1.41700747918e-05, 1.94423537323e-05, 3.17502199323e-05, 5.82447901252e-05, 2.99588355119e-05, 2.138200216e-05, 2.48975775321e-05, 2.57087503996e-06, 5.59266436539e-06, 4.80399921798e-06, 2.20405308937e-06, 6.65644165565e-07, 1.60425463491e-06, 4.6579816626e-07, 1.57094973474e-07, 2.23536545718e-07, 1.6961111271e-07, 2.03609118898e-07, 1.60814110473e-07, 8.27821438065e-08, 7.52447846253e-08, 5.47856799926e-08, 1.26260800926e-07, 6.97016275808e-08, 2.89860579983e-08, 1.9911373883e-08, 1.36359004088e-08, 1.57824455727e-08, 1.06850643888e-08, 2.89212298554e-09, 6.80370648709e-09, 4.17765377847e-09, 2.64720800836e-09, 1.42649692059e-09, 1.40527445236e-09],
        "min": [2.95443426668e-11, 1.54143614539e-10, 1.28441834946e-09, 7.82024112134e-10, 1.76394931994e-09, 1.65221314408e-09, 4.33498181795e-10, 2.99522784353e-09, 1.60596547172e-09, 1.12524667362e-09, 7.4114103743e-10, 4.13374091901e-11, 8.24676264777e-12, 1.94389948582e-10, 1.46500353515e-10, 2.57658668706e-11, 2.40577922167e-11, 1.06493962954e-11, 4.25435511472e-12, 1.85858602814e-11, 1.89769346071e-11, 3.62360965886e-12, 6.64610033674e-12, 2.91792423557e-11, 3.56205538156e-12, 3.81954017026e-11, 8.94650326044e-12, 7.96804722897e-12, 4.07539410205e-12, 1.35278225254e-12, 8.81230960599e-13, 7.02315972306e-13, 6.30322074917e-13, 1.07752955864e-12, 6.61796518194e-13, 1.00579917658e-12, 9.40959875122e-13, 4.11199964053e-13, 5.55467672726e-13, 3.27087505301e-13],
        "var": [0.000207335644518, 0.00044279845315, 1.48576882566e-05, 2.81560414805e-06, 1.48688570789e-06, 4.4010153033e-07, 4.67503213031e-07, 5.58746478418e-07, 8.35828757317e-07, 7.64512890328e-07, 4.74371177006e-07, 4.21525925276e-08, 2.98705082891e-09, 2.44090681001e-09, 9.90851178884e-10, 1.47976075837e-09, 1.06811159917e-09, 1.48619477836e-10, 2.61236848126e-11, 2.05423091731e-12, 1.7720564599e-11, 7.86203116498e-11, 5.89287285635e-10, 4.23129552229e-11, 1.9447440186e-11, 1.89735449574e-11, 5.84218133939e-12, 4.15816643271e-12, 3.07729471245e-12, 1.50174274058e-12, 3.713430171e-12, 1.76365335097e-12, 1.52196094269e-12, 8.16531900687e-13, 8.05428260978e-13, 1.12251343203e-12, 1.99279893802e-12, 3.70923127282e-12, 1.42584403486e-12, 5.84156583782e-13]
    },
    "mfcc": {
        "mean": [-786.147949219, 156.599090576, 13.0027866364, 1.3678535223, -19.1231365204, -10.7715883255, 3.86843490601, 6.35879325867, -1.00843417645, 0.883466601372, 3.80091047287, 2.34430813789, -5.9408364296],
        "cov": [[14128.046875, -2667.70092773, 1516.41320801, 2187.48730469, 1531.79003906, 528.220581055, 878.823059082, 1656.56152344, 1156.63708496, 520.420593262, 855.954406738, 891.131896973, 338.17791748], [-2667.70092773, 1952.67797852, -130.803543091, -641.485839844, -340.378570557, -374.265991211, -269.334014893, -454.434631348, -475.54107666, -327.612731934, -309.967803955, -297.200439453, -67.2420883179], [1516.41320801, -130.803543091, 726.905456543, 222.308532715, 197.125091553, 109.871047974, 200.872207642, 288.589263916, 154.557907104, 6.95153474808, 65.5194320679, 118.841575623, 110.597862244], [2187.48730469, -641.485839844, 222.308532715, 573.592773438, 289.722686768, 137.408172607, 154.066848755, 275.634002686, 225.732772827, 131.988418579, 179.305465698, 160.98097229, 30.2400989532], [1531.79003906, -340.378570557, 197.125091553, 289.722686768, 349.847961426, 104.174255371, 106.552185059, 191.615463257, 133.122528076, 69.8907318115, 113.226829529, 103.643585205, 20.9946918488], [528.220581055, -374.265991211, 109.871047974, 137.408172607, 104.174255371, 285.600952148, 126.281234741, 90.0924224854, 147.094146729, 139.159103394, 108.772384644, 90.7306060791, 9.36142253876], [878.823059082, -269.334014893, 200.872207642, 154.066848755, 106.552185059, 126.281234741, 216.489456177, 191.314376831, 101.386764526, 73.6039657593, 106.560394287, 98.6340637207, 50.7979621887], [1656.56152344, -454.434631348, 288.589263916, 275.634002686, 191.615463257, 90.0924224854, 191.314376831, 416.009490967, 267.342712402, 71.0129470825, 116.901191711, 146.641967773, 89.4561004639], [1156.63708496, -475.54107666, 154.557907104, 225.732772827, 133.122528076, 147.094146729, 101.386764526, 267.342712402, 321.046081543, 144.02003479, 84.0524749756, 108.03503418, 36.9710998535], [520.420593262, -327.612731934, 6.95153474808, 131.988418579, 69.8907318115, 139.159103394, 73.6039657593, 71.0129470825, 144.02003479, 215.194488525, 150.573242188, 69.3727722168, 14.3190565109], [855.954406738, -309.967803955, 65.5194320679, 179.305465698, 113.226829529, 108.772384644, 106.560394287, 116.901191711, 84.0524749756, 150.573242188, 245.180511475, 138.568725586, 38.2328720093], [891.131896973, -297.200439453, 118.841575623, 160.98097229, 103.643585205, 90.7306060791, 98.6340637207, 146.641967773, 108.03503418, 69.3727722168, 138.568725586, 198.886550903, 84.6373825073], [338.17791748, -67.2420883179, 110.597862244, 30.2400989532, 20.9946918488, 9.36142253876, 50.7979621887, 89.4561004639, 36.9710998535, 14.3190565109, 38.2328720093, 84.6373825073, 153.243209839]],
