{
"lowlevel": {
    "average_loudness": 0.970269382,
    "barkbands_crest": {
        "dmean": 3.5723836422,
        "dmean2": 5.74574375153,
        "dvar": 9.92294883728,
        "dvar2": 24.1901054382,
        "max": 25.5036640167,
        "mean": 13.2586698532,
        "median": 12.6878643036,
        "min": 2.37659716606,
        "var": 27.0224018097
    },
    "barkbands_flatness_db": {
        "dmean": 0.0331518352032,
        "dmean2": 0.0511389188468,
        "dvar": 0.000951075344346,
        "dvar2": 0.00230962736532,
        "max": 0.428336471319,
        "mean": 0.19683752954,
        "median": 0.199386835098,
        "min": 0.0734692066908,
        "var": 0.00335687887855
    },
    "barkbands_kurtosis": {
        "dmean": 7.35316371918,
        "dmean2": 11.7181940079,
        "dvar": 129.049728394,
        "dvar2": 318.527801514,
        "max": 168.080535889,
        "mean": 11.3651103973,
        "median": 5.29549312592,
        "min": -1.88628232479,
        "var": 286.908874512
    },
    "barkbands_skewness": {
        "dmean": 0.914625227451,
        "dmean2": 1.4306448698,
        "dvar": 0.830662548542,
        "dvar2": 1.95192360878,
        "max": 10.4428529739,
        "mean": 2.17709517479,
        "median": 1.95079910755,
        "min": -5.81857728958,
        "var": 4.271484375
    },
    "barkbands_spread": {
        "dmean": 7.0096654892,
        "dmean2": 11.0009117126,
        "dvar": 80.2720565796,
        "dvar2": 173.191253662,
        "max": 87.1827774048,
        "mean": 17.4564628601,
        "median": 11.5972890854,
        "min": 1.05282461643,
        "var": 233.529724121
    },
    "dissonance": {
        "dmean": 0.0202727410942,
        "dmean2": 0.0336538106203,
        "dvar": 0.000399515527533,
        "dvar2": 0.00102374481503,
        "max": 0.499999910593,
        "mean": 0.46412140131,
        "median": 0.472071498632,
        "min": 0.296496063471,
        "var": 0.000875411788002
    },
    "dynamic_complexity": 4.54618740082,
    "erbbands_crest": {
        "dmean": 2.78469967842,
        "dmean2": 4.29418373108,
        "dvar": 7.26270341873,
        "dvar2": 16.5859603882,
        "max": 30.4818782806,
        "mean": 9.7089099884,
        "median": 8.41960525513,
        "min": 2.53427195549,
        "var": 26.7702884674
    },
    "erbbands_flatness_db": {
        "dmean": 0.0196873731911,
        "dmean2": 0.0282993000001,
        "dvar": 0.000448224745924,
        "dvar2": 0.000853007659316,
        "max": 0.396623283625,
        "mean": 0.181777864695,
        "median": 0.171518430114,
        "min": 0.105684407055,
        "var": 0.00245546153747
    },
    "erbbands_kurtosis": {
        "dmean": 1.46860837936,
        "dmean2": 2.32311654091,
        "dvar": 5.50395345688,
        "dvar2": 12.9362678528,
        "max": 29.9710197449,
        "mean": 1.36113369465,
        "median": 0.0843424797058,
        "min": -1.88503110409,
        "var": 13.165596962
    },
    "erbbands_skewness": {
        "dmean": 0.467686325312,
        "dmean2": 0.714976966381,
        "dvar": 0.237506911159,
        "dvar2": 0.524297654629,
        "max": 4.12296152115,
        "mean": 0.533182442188,
        "median": 0.603914380074,
        "min": -4.74530410767,
        "var": 1.20420575142
    },
    "erbbands_spread": {
        "dmean": 9.79640007019,
        "dmean2": 14.8188943863,
        "dvar": 113.098632812,
        "dvar2": 224.105041504,
        "max": 144.542282104,
        "mean": 41.9514656067,
        "median": 40.2991867065,
        "min": 3.99105572701,
        "var": 470.160430908
    },
    "hfc": {
        "dmean": 9.28109359741,
        "dmean2": 13.8680391312,
        "dvar": 382.77520752,
        "dvar2": 781.904296875,
        "max": 142.744293213,
        "mean": 15.6279392242,
        "median": 7.75094509125,
        "min": 5.99877021159e-05,
        "var": 578.204956055
    },
    "melbands_crest": {
        "dmean": 4.16908121109,
        "dmean2": 6.8638715744,
        "dvar": 13.0742063522,
        "dvar2": 33.3802223206,
        "max": 31.2423725128,
        "mean": 16.8441753387,
        "median": 16.5944099426,
        "min": 3.00774240494,
        "var": 34.4830436707
    },
    "melbands_flatness_db": {
        "dmean": 0.0418790876865,
        "dmean2": 0.0635894089937,
        "dvar": 0.00167940417305,
        "dvar2": 0.00372637761757,
        "max": 0.515598833561,
        "mean": 0.226578861475,
        "median": 0.238870620728,
        "min": 0.0117558473721,
        "var": 0.00752411782742
    },
    "melbands_kurtosis": {
        "dmean": 14.7871685028,
        "dmean2": 23.2386054993,
        "dvar": 459.497833252,
        "dvar2": 1085.53686523,
        "max": 255.802520752,
        "mean": 26.0321521759,
        "median": 13.6074714661,
        "min": -1.92619264126,
        "var": 1136.34851074
    },
    "melbands_skewness": {
        "dmean": 1.10090279579,
        "dmean2": 1.71880054474,
        "dvar": 1.18332660198,
        "dvar2": 2.78772377968,
        "max": 11.6745891571,
        "mean": 3.40454244614,
        "median": 3.0252187252,
        "min": -3.18374872208,
        "var": 5.05738735199
    },
    "melbands_spread": {
        "dmean": 9.44460582733,
        "dmean2": 14.2428026199,
        "dvar": 239.156341553,
        "dvar2": 491.397491455,
        "max": 241.823623657,
        "mean": 21.6526832581,
        "median": 11.5798463821,
        "min": 0.767318785191,
        "var": 959.311706543
    },
    "pitch_salience": {
        "dmean": 0.0932871773839,
        "dmean2": 0.150494977832,
        "dvar": 0.00721780117601,
        "dvar2": 0.0183876883239,
        "max": 0.85841012001,
        "mean": 0.496449381113,
        "median": 0.485100656748,
        "min": 0.133886411786,
        "var": 0.0199670642614
    },
    "silence_rate_20dB": {
        "dmean": 0,
        "dmean2": 0,
        "dvar": 0,
        "dvar2": 0,
        "max": 1,
        "mean": 1,
        "median": 1,
        "min": 1,
        "var": 0
    },
    "silence_rate_30dB": {
        "dmean": 0.0294573642313,
        "dmean2": 0.0589604340494,
        "dvar": 0.0285895168781,
        "dvar2": 0.0616902820766,
        "max": 1,
        "mean": 0.973663806915,
        "median": 1,
        "min": 0,
        "var": 0.0256429295987
    },
    "silence_rate_60dB": {
        "dmean": 0.024806201458,
        "dmean2": 0.0496508926153,
        "dvar": 0.0241913124919,
        "dvar2": 0.0549429319799,
        "max": 1,
        "mean": 0.123934932053,
        "median": 0,
        "min": 0,
        "var": 0.108573615551
    },
    "spectral_centroid": {
        "dmean": 327.288085938,
        "dmean2": 516.696899414,
        "dvar": 179978.0625,
        "dvar2": 382041.3125,
        "max": 5577.13330078,
        "mean": 1263.26660156,
        "median": 871.329345703,
        "min": 219.505004883,
        "var": 977914.125
    },
    "spectral_complexity": {
        "dmean": 4.82325601578,
        "dmean2": 7.05352973938,
        "dvar": 57.8869476318,
        "dvar2": 104.835655212,
        "max": 64,
        "mean": 14.2703332901,
        "median": 11,
        "min": 0,
        "var": 142.807556152
    },
    "spectral_decrease": {
        "dmean": 4.1331373879e-09,
        "dmean2": 6.83272238788e-09,
        "dvar": 4.03251839021e-17,
        "dvar2": 1.05322273653e-16,
        "max": -5.20042993044e-15,
        "mean": -7.94283572247e-09,
        "median": -5.43757883165e-09,
        "min": -5.09157409567e-08,
        "var": 6.90553668765e-17
    },
    "spectral_energy": {
        "dmean": 0.0162262395024,
        "dmean2": 0.0266127809882,
        "dvar": 0.000600936589763,
        "dvar2": 0.00156192807481,
        "max": 0.196115449071,
        "mean": 0.0313956104219,
        "median": 0.022040316835,
        "min": 5.42154374727e-08,
        "var": 0.00103688891977
    },
    "spectral_energyband_high": {
        "dmean": 0.00077068596147,
        "dmean2": 0.00114369229414,
        "dvar": 3.74441242457e-06,
        "dvar2": 7.10573021934e-06,
        "max": 0.0153948813677,
        "mean": 0.000905451423023,
        "median": 0.000139962037792,
        "min": 1.01293651245e-09,
        "var": 5.63164348932e-06
    },
    "spectral_energyband_low": {
        "dmean": 0.0125827593729,
        "dmean2": 0.0212534368038,
        "dvar": 0.000513028935529,
        "dvar2": 0.00138236826751,
        "max": 0.164250820875,
        "mean": 0.0191209875047,
        "median": 0.00821265485138,
        "min": 1.5096510847e-11,
        "var": 0.000761237984989
    },
    "spectral_energyband_middle_high": {
        "dmean": 0.00163364817854,
        "dmean2": 0.00251912977546,
        "dvar": 9.88746069197e-06,
        "dvar2": 2.39532055275e-05,
        "max": 0.033567763865,
        "mean": 0.00281322211958,
        "median": 0.00118131225463,
        "min": 3.76634723409e-09,
        "var": 1.61144089361e-05
    },
    "spectral_energyband_middle_low": {
        "dmean": 0.00488184252754,
        "dmean2": 0.00813772156835,
        "dvar": 6.6942833655e-05,
        "dvar2": 0.000182611343917,
        "max": 0.0852283760905,
        "mean": 0.00961144920439,
        "median": 0.00636641262099,
        "min": 6.28412932802e-10,
        "var": 0.000111779911094
    },
    "spectral_entropy": {
        "dmean": 0.219935357571,
        "dmean2": 0.333290487528,
        "dvar": 0.0591166056693,
        "dvar2": 0.123474724591,
        "max": 8.64379119873,
        "mean": 7.56935119629,
        "median": 7.56698703766,
        "min": 5.71346998215,
        "var": 0.214111804962
    },
    "spectral_flux": {
        "dmean": 0.0381286181509,
        "dmean2": 0.0596982203424,
        "dvar": 0.00212458777241,
        "dvar2": 0.00457655312493,
        "max": 0.383201450109,
        "mean": 0.0885525345802,
        "median": 0.0682277604938,
        "min": 0.000206814947887,
        "var": 0.00488640461117
    },
    "spectral_kurtosis": {
        "dmean": 1.5683889389,
        "dmean2": 2.60894298553,
        "dvar": 3.96968746185,
        "dvar2": 10.0276756287,
        "max": 20.8334121704,
        "mean": 2.92994570732,
        "median": 2.2587647438,
        "min": -1.10417938232,
        "var": 7.33669090271
    },
    "spectral_rms": {
        "dmean": 0.00125627743546,
        "dmean2": 0.00196280796081,
        "dvar": 2.30582486438e-06,
        "dvar2": 5.44461636309e-06,
        "max": 0.0138322860003,
        "mean": 0.0047968630679,
        "median": 0.00463710539043,
        "min": 7.27276483303e-06,
        "var": 7.61997307563e-06
    },
    "spectral_rolloff": {
        "dmean": 583.166870117,
        "dmean2": 899.951782227,
        "dvar": 934893.8125,
        "dvar2": 1743366.375,
        "max": 9108.54492188,
        "mean": 1571.59106445,
        "median": 538.330078125,
        "min": 64.599609375,
        "var": 5060537
    },
    "spectral_skewness": {
        "dmean": 0.264990627766,
        "dmean2": 0.421079605818,
        "dvar": 0.0964974313974,
        "dvar2": 0.211921706796,
        "max": 3.68133950233,
        "mean": 1.31586360931,
        "median": 1.31284666061,
        "min": -0.210866764188,
        "var": 0.293227910995
    },
    "spectral_spread": {
        "dmean": 412652.21875,
        "dmean2": 618905.0625,
        "dvar": 189849174016,
        "dvar2": 400570220544,
        "max": 9860074,
        "mean": 4586628.5,
        "median": 4586834,
        "min": 1861691.75,
        "var": 1.06421347942e+12
    },
    "spectral_strongpeak": {
        "dmean": 0.317668586969,
        "dmean2": 0.545915365219,
        "dvar": 0.306993246078,
        "dvar2": 0.798403501511,
        "max": 7.55813217163,
        "mean": 0.627062559128,
        "median": 0.363482832909,
        "min": 0.000259989756159,
        "var": 0.630500853062
    },
    "zerocrossingrate": {
        "dmean": 0.0127861555666,
        "dmean2": 0.0140794701874,
        "dvar": 0.000248966331128,
        "dvar2": 0.00023654459801,
        "max": 0.34912109375,
        "mean": 0.0591538920999,
        "median": 0.03515625,
        "min": 0.0029296875,
        "var": 0.00446503609419
    },
    "barkbands": {
        "dmean": [0.000405239174142, 0.00942914560437, 0.00461891293526, 0.00155449041631, 0.00187312811613, 0.000965663930401, 0.00119865452871, 0.000611722061876, 0.000206366210477, 0.000378995289793, 0.000297854130622, 0.000123708683532, 0.00022771442309, 0.000144076286233, 0.000174410117324, 0.000101213714515, 0.00021859582921, 0.000169752704096, 0.000228872449952, 0.000227941534831, 0.000182693460374, 0.000140013071359, 0.000155261688633, 0.000165577963344, 4.29862448073e-05, 3.58066323258e-08, 2.37641550882e-09],
        "dmean2": [0.000663875369355, 0.0152377225459, 0.00833487417549, 0.00289065926336, 0.00318229873665, 0.001593543333, 0.00199743686244, 0.00081508763833, 0.000341748556821, 0.000607913301792, 0.000461080722744, 0.000203142990358, 0.000357509183232, 0.000237830943661, 0.000283681642031, 0.000171290099388, 0.000346128595993, 0.000277359591564, 0.000379516190151, 0.000356428237865, 0.000308290065732, 0.000229902056162, 0.000230668840231, 0.000239433007664, 6.30145368632e-05, 5.48217933272e-08, 4.41915393168e-09],
        "dvar": [5.10880624915e-07, 0.000225577241508, 0.000159733826877, 1.2789970242e-05, 1.47220480358e-05, 3.06119386551e-06, 1.1739747606e-05, 2.50078937825e-06, 2.11104108416e-07, 8.45754811962e-07, 4.27884657483e-07, 5.71015696949e-08, 6.04919023317e-07, 1.16775012771e-07, 2.18102272243e-07, 8.56412327721e-08, 2.43901070007e-07, 1.43588039236e-07, 3.51657519104e-07, 3.60707446134e-07, 1.93395109704e-07, 1.24706772908e-07, 1.90467474681e-07, 2.18510024297e-07, 1.57900164055e-08, 1.50765765974e-14, 1.44599588464e-16],
        "dvar2": [1.35254788347e-06, 0.000547795381863, 0.000514454499353, 3.97438634536e-05, 4.04036218242e-05, 7.8892271631e-06, 3.11005060212e-05, 3.48240178027e-06, 5.38241181403e-07, 2.07530001717e-06, 8.40383791001e-07, 1.54261741159e-07, 1.42240321566e-06, 3.20073951343e-07, 5.84902181799e-07, 2.28350714337e-07, 5.92980029523e-07, 3.50912529257e-07, 8.50834965149e-07, 7.43648342905e-07, 4.56153287587e-07, 2.84981894083e-07, 3.42955956967e-07, 3.9938808527e-07, 2.65525130771e-08, 2.91018463939e-14, 4.18218838407e-16],
        "max": [0.00495318137109, 0.120662033558, 0.0921587944031, 0.0356063358486, 0.031026257202, 0.0226531177759, 0.0843657031655, 0.0535692684352, 0.00928184855729, 0.0139259081334, 0.0153958816081, 0.00401478819549, 0.0209705717862, 0.00784615799785, 0.0060038715601, 0.00434484006837, 0.00686936313286, 0.0049052531831, 0.00516793876886, 0.00480893999338, 0.00318958703429, 0.0034454818815, 0.00410655420274, 0.00440046610311, 0.0011682973709, 1.35106665766e-06, 1.72946513999e-07],
        "mean": [0.000478023022879, 0.0136796506122, 0.00410639680922, 0.00142893288285, 0.00224859220907, 0.00167721952312, 0.00211220630445, 0.00150815118104, 0.000302080094116, 0.000560019921977, 0.000461151823401, 0.00018081269809, 0.00035254858085, 0.000208911209484, 0.000192865365534, 0.000121766279335, 0.000285959569737, 0.000212045008084, 0.000250098411925, 0.000252859521424, 0.000206611701287, 0.000149535248056, 0.000183468204341, 0.000186214732821, 4.9462349125e-05, 4.09452276529e-08, 1.65660740681e-09],
        "median": [6.32444789517e-05, 0.00571463117376, 0.000644455139991, 0.000375986361178, 0.000989176332951, 0.000876958773006, 0.000738126342185, 0.000207820121432, 0.000142288583447, 0.000141837226693, 0.000144429635839, 8.10382261989e-05, 7.21152173355e-05, 6.35849210084e-05, 4.59263210359e-05, 3.68433611584e-05, 7.59479225962e-05, 5.07989680045e-05, 4.49631697848e-05, 4.15884933318e-05, 2.95079134958e-05, 1.89750135178e-05, 2.62914491032e-05, 2.62087178271e-05, 5.27151178176e-06, 4.23894475077e-09, 3.36641520216e-10],
        "min": [2.04760123787e-12, 7.90511406334e-12, 4.55416173523e-12, 2.54110664802e-12, 5.12697219748e-12, 4.43757010304e-12, 4.01103456005e-12, 5.08923875264e-11, 1.74630067351e-11, 4.68179280066e-11, 4.45130824561e-12, 1.24052851325e-11, 5.04929952017e-12, 2.13189275261e-11, 4.3391394644e-11, 9.01718352764e-11, 1.78974265963e-10, 1.84019688376e-10, 2.69956668131e-10, 2.23168372671e-10, 4.31138208468e-10, 1.53135809589e-10, 1.5472577386e-10, 9.90205764606e-11, 2.70030300203e-11, 4.97238361596e-12, 2.99453951219e-12],
        "var": [6.58432270484e-07, 0.000368395238183, 0.000115998278488, 9.32002240006e-06, 1.28112296807e-05, 5.89588580624e-06, 3.45977532561e-05, 2.457624214e-05, 2.60386570972e-07, 1.7971166244e-06, 9.65048798207e-07, 8.03385518111e-08, 1.56806891027e-06, 2.31679479157e-07, 2.27310152923e-07, 7.93837671154e-08, 3.56311886662e-07, 1.99142064616e-07, 3.81391117799e-07, 4.40730417495e-07, 2.41175655447e-07, 1.41280494859e-07, 2.88072271815e-07, 3.20511702512e-07, 2.52225635933e-08, 2.05704695627e-14, 8.14521705156e-17]
    },
    "erbbands": {
        "dmean": [0.359377384186, 1.99204230309, 4.65601110458, 5.86399459839, 5.10560894012, 7.20107746124, 6.63337039948, 8.14256477356, 14.9350776672, 18.6834106445, 7.44478559494, 5.22787046432, 11.4439344406, 11.0377540588, 10.6166477203, 5.30643033981, 9.91102409363, 8.16436767578, 8.33474731445, 6.74781894684, 6.71202707291, 11.6300230026, 9.63414287567, 11.1563882828, 10.356171608, 10.7266178131, 8.7922077179, 6.02882814407, 5.52007198334, 4.40216588974, 4.66321802139, 3.38765478134, 2.74906349182, 0.968148827553, 0.0663090869784, 0.00293481000699, 0.000169032355188, 2.50924949796e-05, 1.25860187836e-05, 1.97301633307e-05],
        "dmean2": [0.58959454298, 3.24391222, 8.36070346832, 10.9101915359, 9.04107570648, 12.4295930862, 11.107626915, 13.4542961121, 25.4604740143, 27.657535553, 10.8572587967, 8.66358566284, 17.8962039948, 18.1897964478, 16.2157669067, 8.57654285431, 15.4225025177, 13.1693639755, 13.2118530273, 11.3211584091, 10.5996990204, 18.2771892548, 15.8491716385, 18.364900589, 16.9886512756, 16.7161750793, 14.3292293549, 9.72605228424, 8.87241077423, 6.88581323624, 6.80900430679, 4.8890619278, 3.91752743721, 1.41320288181, 0.0940187722445, 0.00420018192381, 0.000241383371758, 3.59044570359e-05, 1.91074468603e-05, 3.15523720928e-05],
        "dvar": [0.34505161643, 11.1640405655, 164.037017822, 212.696105957, 143.142990112, 212.60874939, 158.096878052, 253.348449707, 1155.59570312, 2436.91601562, 238.092712402, 114.305137634, 974.671875, 676.16583252, 745.772155762, 92.2337112427, 1173.08544922, 450.509002686, 406.50213623, 383.97164917, 248.544021606, 702.52142334, 487.961883545, 873.07434082, 703.619262695, 763.469665527, 442.321655273, 218.264419556, 191.091079712, 144.927383423, 165.919952393, 96.3538970947, 56.462852478, 7.93041658401, 0.0309757236391, 6.10739734839e-05, 2.06413318438e-07, 4.47603287768e-09, 4.69620731192e-10, 8.27971968764e-10],
        "dvar2": [0.872545599937, 28.9014072418, 516.108581543, 693.585632324, 401.012023926, 585.180114746, 428.022949219, 607.579345703, 3205.94360352, 5291.67285156, 466.098754883, 306.832824707, 2263.85791016, 1750.06787109, 1375.70556641, 245.99041748, 2425.62084961, 1251.21484375, 1074.53039551, 1035.1640625, 589.14666748, 1673.12255859, 1155.72094727, 2205.49487305, 1475.93334961, 1540.49829102, 1000.49938965, 531.838012695, 464.750915527, 295.291503906, 307.221221924, 196.704269409, 99.9515151978, 13.4201993942, 0.0513668246567, 0.000100637618743, 3.38380630183e-07, 7.3640697984e-09, 8.93323581774e-10, 2.05392258756e-09],
        "max": [4.35154628754, 29.0934562683, 96.9016418457, 121.314842224, 125.267730713, 135.636032104, 182.750045776, 273.961914062, 584.265136719, 1127.65283203, 440.722076416, 176.339263916, 519.141662598, 322.316802979, 817.351806641, 176.612594604, 1171.99462891, 456.037628174, 252.33555603, 257.174926758, 187.658905029, 368.956451416, 291.389343262, 341.858673096, 196.185653687, 248.292373657, 167.146316528, 118.554672241, 129.780807495, 106.4894104, 124.867553711, 86.9983139038, 74.8846969604, 25.6928653717, 1.75954580307, 0.0757496058941, 0.00426919432357, 0.000615443219431, 0.000166677142261, 0.00021758035291],
        "mean": [0.447052747011, 2.85675263405, 4.68411397934, 5.39318037033, 5.49461221695, 8.06107234955, 10.4156627655, 14.2027606964, 25.4742622375, 43.1956558228, 16.2574234009, 7.90344142914, 17.8434391022, 15.014500618, 16.5030708313, 8.64084148407, 16.4491558075, 12.6254701614, 10.8913784027, 7.65764713287, 9.4296169281, 15.3666610718, 12.6575937271, 12.0598554611, 11.9480485916, 11.9533538818, 10.2144289017, 6.58381414413, 5.48084163666, 5.07863330841, 5.42082262039, 3.94199562073, 2.96047067642, 1.10006475449, 0.075864136219, 0.00339718372561, 0.000203451592824, 3.05658286379e-05, 2.19827288674e-05, 3.78190743504e-05],
        "median": [0.171502158046, 1.04621577263, 0.955261290073, 1.56187748909, 1.96854305267, 3.49981355667, 5.80434703827, 7.47194910049, 10.7415094376, 8.55898666382, 4.65813398361, 3.97092986107, 4.91014575958, 5.35187959671, 4.42054605484, 4.25367450714, 3.91816663742, 4.39606809616, 3.07360649109, 2.11138772964, 2.84726929665, 4.34862327576, 3.03475379944, 2.35445332527, 2.02084422112, 1.93143975735, 1.45139098167, 1.08103263378, 0.714531540871, 0.60676908493, 0.790997684002, 0.619564652443, 0.410794645548, 0.122693486512, 0.0108614983037, 0.000495562388096, 3.5773293348e-05, 5.78106619287e-06, 1.28786823552e-05, 2.65004837274e-05],
        "min": [2.15476664289e-10, 1.82129833437e-09, 5.10256503716e-09, 7.85888598642e-09, 1.16428040542e-08, 1.59554218726e-08, 2.81959060544e-08, 5.43290674671e-08, 5.52556222999e-08, 3.81974615493e-07, 1.38084863011e-06, 5.73682427785e-07, 1.65023800491e-06, 6.38785309093e-07, 2.06526237889e-07, 5.01019485455e-07, 3.1665567235e-07, 9.59394810707e-07, 1.6311565787e-06, 3.65283813153e-06, 8.79244271346e-06, 1.09516240627e-05, 9.16169210541e-06, 1.22140208987e-05, 1.35016962304e-05, 9.17158922675e-06, 1.68186252267e-05, 1.32680797833e-05, 5.95824485572e-06, 3.68212636204e-06, 5.36652441951e-06, 2.40458848566e-06, 1.61134903465e-06, 4.93790082601e-07, 6.86275072326e-08, 2.39751489772e-08, 1.25367209947e-08, 3.35115535322e-09, 8.67568517027e-10, 3.11115577745e-10],
        "var": [0.46022644639, 16.795627594, 124.37979126, 149.810409546, 113.597244263, 177.498168945, 255.45149231, 503.316894531, 2414.75683594, 12648.3222656, 1644.38146973, 138.693527222, 2182.9050293, 992.797241211, 1803.45874023, 156.208953857, 3416.03295898, 870.632568359, 565.954711914, 337.86026001, 366.361999512, 988.035461426, 710.69317627, 862.880310059, 878.094665527, 964.912109375, 584.555847168, 248.488769531, 195.077468872, 201.291519165, 249.523208618, 134.02973938, 83.4721603394, 12.4161844254, 0.051852054894, 0.000102460347989, 3.41770146406e-07, 7.39783123649e-09, 7.89377452293e-10, 1.43574829803e-09]
    },
    "gfcc": {
        "mean": [-64.1574325562, 114.398094177, -131.016616821, 57.6386566162, -82.9547271729, 19.5735626221, -38.5007095337, 2.88661694527, -6.06510162354, -12.3830413818, 12.2980089188, -15.1306352615, 8.11953163147],
        "cov": [[14196.9335938, 3225.86621094, -493.518707275, 92.6208190918, 948.177978516, 93.5882568359, 319.789306641, -294.324920654, -146.98135376, 5.85321903229, 215.877548218, 58.0461959839, 275.824920654], [3225.86621094, 2910.54199219, 509.198242188, -108.416679382, 941.026367188, 143.695053101, 529.446228027, -97.6170272827, 306.596496582, 13.9550266266, 317.483886719, 50.9908676147, 234.550292969], [-493.518707275, 509.198242188, 932.042419434, 476.328582764, 384.899719238, 254.840042114, 227.698425293, 77.9592514038, 95.2330322266, -42.5036277771, -7.19671678543, -47.0911750793, 34.9660873413], [92.6208190918, -108.416679382, 476.328582764, 591.71484375, 264.912994385, 201.462966919, 90.6460418701, 59.3403892517, 8.83162593842, -45.7555427551, -76.7007675171, -31.5344352722, 2.17919898033], [948.177978516, 941.026367188, 384.899719238, 264.912994385, 654.435974121, 220.384109497, 274.624389648, 30.0982017517, 178.141067505, -9.86957836151, 102.408233643, 23.8820877075, 86.7783126831], [93.5882568359, 143.695053101, 254.840042114, 201.462966919, 220.384109497, 203.095321655, 155.899932861, 75.1900482178, 35.8547172546, -16.4525508881, -6.55197525024, 0.863464534283, 24.2827243805], [319.789306641, 529.446228027, 227.698425293, 90.6460418701, 274.624389648, 155.899932861, 309.108215332, 97.3270950317, 115.365226746, -10.5694704056, 55.992477417, 4.49057817459, 50.5783348083], [-294.324920654, -97.6170272827, 77.9592514038, 59.3403892517, 30.0982017517, 75.1900482178, 97.3270950317, 124.159423828, 47.7959060669, 6.08120775223, -13.19805336, 6.99702501297, 5.30155754089], [-146.98135376, 306.596496582, 95.2330322266, 8.83162593842, 178.141067505, 35.8547172546, 115.365226746, 47.7959060669, 161.414337158, 43.671333313, 70.3855209351, 14.2707424164, 22.0277748108], [5.85321903229, 13.9550266266, -42.5036277771, -45.7555427551, -9.86957836151, -16.4525508881, -10.5694704056, 6.08120775223, 43.671333313, 89.6709442139, 60.6284637451, 15.0595674515, 0.816598057747], [215.877548218, 317.483886719, -7.19671678543, -76.7007675171, 102.408233643, -6.55197525024, 55.992477417, -13.19805336, 70.3855209351, 60.6284637451, 120.197685242, 43.8551940918, 29.3116130829], [58.0461959839, 50.9908676147, -47.0911750793, -31.5344352722, 23.8820877075, 0.863464534283, 4.49057817459, 6.99702501297, 14.2707424164, 15.0595674515, 43.8551940918, 63.7835044861, 37.7605056763], [275.824920654, 234.550292969, 34.9660873413, 2.17919898033, 86.7783126831, 24.2827243805, 50.5783348083, 5.30155754089, 22.0277748108, 0.816598057747, 29.3116130829, 37.7605056763, 80.8240280151]],
        "icov": [[0.000204381853109, -0.0005360742216, 0.000603735679761, -0.000608878151979, 5.71070922888e-05, -0.000128633982968, 0.000195821732632, -0.000419173826231, 0.000857934472151, -0.000463289383333, 0.00015325374261, 0.000120230433822, 0.000154818655574], [-0.0005360742216, 0.00349159422331, -0.0026751991827, 0.00342727778479, -0.00287231313996, 0.00256641814485, -0.00324051990174, 0.00372643582523, -0.00143585016485, 0.000617611571215, -0.000741672993172, 0.000600166444201, -0.00276822317392], [0.000603735679761, -0.0026751991827, 0.00502962199971, -0.00458650989458, 0.00230101682246, -0.0036441271659, 0.00252249208279, -0.00282851862721, 0.000741346157156, 0.0013759114081, -0.0027947188355, 0.00385934766382, -0.000123376186821], [-0.000608878151979, 0.00342727778479, -0.00458650989458, 0.00812650751323, -0.00483840657398, 0.00166344991885, -0.00258780200966, 0.00336450571194, -0.000307524547679, -0.00211065472104, 0.00503997737542, -0.0025227391161, -0.000553168123588], [5.71070922888e-05, -0.00287231313996, 0.00230101682246, -0.00483840657398, 0.010789565742, -0.00905556138605, 0.00358765479177, 0.000476503220852, -0.00723002431914, 0.00651447987184, -0.00648594740778, 0.00226105027832, -0.000664121180307], [-0.000128633982968, 0.00256641814485, -0.0036441271659, 0.00166344991885, -0.00905556138605, 0.0220678616315, -0.00970921572298, -0.00196090899408, 0.00844540260732, -0.00814762059599, 0.00875797122717, -0.00672769919038, 0.00156764709391], [0.000195821732632, -0.00324051990174, 0.00252249208279, -0.00258780200966, 0.00358765479177, -0.00970921572298, 0.0169500485063, -0.0116266775876, -0.00343601452187, 0.00997081957757, -0.0121461981907, 0.0101512093097, -0.00256711663678], [-0.000419173826231, 0.00372643582523, -0.00282851862721, 0.00336450571194, 0.000476503220852, -0.00196090899408, -0.0116266775876, 0.0256468374282, -0.00810828991234, -0.0061697633937, 0.0122233564034, -0.0103624900803, 0.000100966899481], [0.000857934472151, -0.00143585016485, 0.000741346157156, -0.000307524547679, -0.00723002431914, 0.00844540260732, -0.00343601452187, -0.00810828991234, 0.0222135595977, -0.0102486386895, 0.00108280510176, -0.000390811968828, 0.00267329113558], [-0.000463289383333, 0.000617611571215, 0.0013759114081, -0.00211065472104, 0.00651447987184, -0.00814762059599, 0.00997081957757, -0.0061697633937, -0.0102486386895, 0.0330458246171, -0.028027119115, 0.014408973977, -0.00523919332772], [0.00015325374261, -0.000741672993172, -0.0027947188355, 0.00503997737542, -0.00648594740778, 0.00875797122717, -0.0121461981907, 0.0122233564034, 0.00108280510176, -0.028027119115, 0.0479928664863, -0.0301291476935, 0.0104932663962], [0.000120230433822, 0.000600166444201, 0.00385934766382, -0.0025227391161, 0.00226105027832, -0.00672769919038, 0.0101512093097, -0.0103624900803, -0.000390811968828, 0.014408973977, -0.0301291476935, 0.0458022877574, -0.020343689248], [0.000154818655574, -0.00276822317392, -0.000123376186821, -0.000553168123588, -0.000664121180307, 0.00156764709391, -0.00256711663678, 0.000100966899481, 0.00267329113558, -0.00523919332772, 0.0104932663962, -0.020343689248, 0.0268110744655]]
    },
    "melbands": {
        "dmean": [0.00284089054912, 0.00233322777785, 0.000972328241915, 0.000427732069511, 0.000247234595008, 0.00018681299116, 0.000241097004618, 0.000200688518817, 5.1594870456e-05, 3.26983754348e-05, 5.73866127525e-05, 4.39360665041e-05, 3.41801787727e-05, 1.8922111849e-05, 1.79021826625e-05, 2.11509195651e-05, 1.60566942213e-05, 1.30856305987e-05, 1.20432769108e-05, 8.01163150754e-06, 8.587559023e-06, 1.44814794112e-05, 9.01728890312e-06, 7.75827811594e-06, 9.74184058578e-06, 7.6203050412e-06, 8.00255929789e-06, 6.90109027346e-06, 5.67642791793e-06, 4.38906135969e-06, 3.13856389766e-06, 3.1114743706e-06, 2.74282024293e-06, 2.48357673627e-06, 2.59395892499e-06, 2.62567573373e-06, 1.98459269996e-06, 2.13768157664e-06, 1.52880807036e-06, 5.99441023041e-07],
        "dmean2": [0.00456860894337, 0.00412554247305, 0.00180179614108, 0.000736333720852, 0.000415449467255, 0.000309030612698, 0.000406144972658, 0.000288630079012, 7.69774414948e-05, 5.38650165254e-05, 8.97408026503e-05, 7.26967336959e-05, 5.3003870562e-05, 2.96992220683e-05, 2.83927929559e-05, 3.34084070346e-05, 2.65599901468e-05, 2.07616430998e-05, 1.98124253075e-05, 1.38747436722e-05, 1.35424761538e-05, 2.32109814533e-05, 1.45255935422e-05, 1.2979746316e-05, 1.63459135365e-05, 1.26360155264e-05, 1.29860727611e-05, 1.08524573079e-05, 9.29136422201e-06, 6.86957901053e-06, 5.26883059138e-06, 5.17373337061e-06, 4.42370264864e-06, 3.83869155485e-06, 3.79094421987e-06, 3.9272513277e-06, 2.88436785922e-06, 3.13845634992e-06, 2.13583484765e-06, 8.76384035564e-07],
        "dvar": [2.0545146981e-05, 2.98171435134e-05, 5.5752825574e-06, 8.44385056098e-07, 1.92233557073e-07, 1.19158762857e-07, 3.60264152732e-07, 2.50319374118e-07, 1.0955551133e-08, 4.99317964753e-09, 2.48487328491e-08, 1.08051683156e-08, 5.98333738111e-09, 1.71783232084e-09, 2.01941263711e-09, 6.29057161916e-09, 1.76297110244e-09, 9.46393963197e-10, 1.19190846082e-09, 6.59798882197e-10, 4.0993261563e-10, 1.16208742629e-09, 4.15452811042e-10, 3.54546697556e-10, 7.21823267824e-10, 3.67697511328e-10, 4.50726372891e-10, 3.36614902618e-10, 1.90489915508e-10, 1.05308400888e-10, 6.58217022553e-11, 6.14697875934e-11, 4.95467347705e-11, 5.24528649681e-11, 4.75297474989e-11, 6.534389696e-11, 3.18209833483e-11, 3.7130239855e-11, 1.90896517344e-11, 2.96807782345e-12],
        "dvar2": [5.00558089698e-05, 9.01975508896e-05, 1.7773012587e-05, 2.34465164795e-06, 5.00437920437e-07, 2.90913163781e-07, 9.90553303382e-07, 4.97511109643e-07, 2.40042332678e-08, 1.28759145568e-08, 5.79147751978e-08, 2.84546306517e-08, 1.17144551837e-08, 3.52158679995e-09, 4.34440039498e-09, 1.55465329499e-08, 4.93674967572e-09, 2.44629227986e-09, 3.15627368686e-09, 1.85472337488e-09, 9.47163125709e-10, 2.85246404275e-09, 9.47266154405e-10, 8.86211770634e-10, 1.86152326886e-09, 8.7128637638e-10, 9.23019216614e-10, 6.88820889216e-10, 4.52386378358e-10, 2.10052752969e-10, 1.72656458575e-10, 1.54350601744e-10, 1.07893916024e-10, 1.08060990711e-10, 8.30930532714e-11, 1.39421099665e-10, 6.36167160617e-11, 7.10289882466e-11, 3.28185291443e-11, 5.56481163233e-12],
        "max": [0.0344801917672, 0.0404385812581, 0.020454088226, 0.00771534629166, 0.00492590013891, 0.00533372815698, 0.0126479305327, 0.0118701001629, 0.00264185806736, 0.00134871515911, 0.00261604902335, 0.00118336360902, 0.00210488517769, 0.00112151121721, 0.0014116296079, 0.00185220572166, 0.00101648294367, 0.000437585898908, 0.000491908751428, 0.000375096831704, 0.000292850512778, 0.000489786383696, 0.000340191152645, 0.000269743381068, 0.000305809895508, 0.000191653205547, 0.000159293718752, 0.000175289620529, 0.000114200178359, 8.36894614622e-05, 6.48176282994e-05, 7.81652415753e-05, 6.33888921584e-05, 6.99061565683e-05, 7.19650415704e-05, 7.75535590947e-05, 5.20904832229e-05, 6.30567155895e-05, 4.40805379185e-05, 1.59973205882e-05],
        "mean": [0.00394773157313, 0.00296994391829, 0.000949473818764, 0.000470305996714, 0.000377223099349, 0.000325015571434, 0.000417411880335, 0.000475377979456, 0.000104664475657, 4.77293069707e-05, 8.7723856268e-05, 5.69195799471e-05, 5.25684408785e-05, 2.90458465315e-05, 2.70089749392e-05, 3.37129786203e-05, 2.32818783843e-05, 1.75534878508e-05, 1.28705378302e-05, 8.72877080837e-06, 1.21980574477e-05, 1.82571438927e-05, 1.23937807075e-05, 8.82995573193e-06, 1.01217237898e-05, 8.45640806801e-06, 8.65207948664e-06, 7.76871092967e-06, 6.57637656332e-06, 5.05985053678e-06, 3.26238773596e-06, 2.96556572721e-06, 2.99229736811e-06, 2.80871154246e-06, 3.02701005239e-06, 2.97758629131e-06, 2.299301741e-06, 2.25117264563e-06, 1.62110404744e-06, 6.76725221638e-07],
        "median": [0.00172701815609, 0.000898998230696, 0.0003134982544, 0.000182596413651, 0.000210725804209, 0.000166713973158, 0.000161258372827, 8.39851418277e-05, 3.28427850036e-05, 2.06000931939e-05, 2.26544598263e-05, 1.85262160812e-05, 1.59859700943e-05, 1.13596552183e-05, 8.52061384649e-06, 6.82198469804e-06, 6.86788962412e-06, 4.8704373512e-06, 3.07430809698e-06, 2.41744373852e-06, 3.48401363226e-06, 4.63136029794e-06, 2.99097177958e-06, 2.01168631975e-06, 1.80166694008e-06, 1.48837375491e-06, 1.29723480313e-06, 1.27525981952e-06, 9.53480594035e-07, 7.58523697186e-07, 5.63150194921e-07, 3.89391516364e-07, 3.52166011908e-07, 3.0887085245e-07, 4.21289115593e-07, 4.68855148483e-07, 3.34192236551e-07, 3.16921557442e-07, 1.71249865843e-07, 7.79750806146e-08],
        "min": [2.17648208484e-12, 2.67406040887e-12, 1.44483502853e-12, 1.17346811521e-12, 9.23355576027e-13, 1.10382449708e-12, 7.71856374388e-13, 5.85229521094e-12, 1.09181838917e-11, 2.54065366835e-12, 8.4144149981e-12, 2.69915144922e-12, 6.74829387249e-13, 6.21583296986e-13, 1.14267449669e-12, 6.91592182828e-13, 1.78436410612e-12, 1.69198357582e-12, 3.47948384515e-12, 4.27033408634e-12, 9.93483680739e-12, 1.18624814832e-11, 7.67107471294e-12, 8.68879447558e-12, 9.65171519096e-12, 1.1840133908e-11, 6.55235978322e-12, 6.20305109361e-12, 7.86259599095e-12, 1.62866959502e-11, 4.55295783713e-12, 3.41147617967e-12, 2.75211711059e-12, 1.63695283457e-12, 3.43887028229e-12, 2.11310439632e-12, 1.18530586821e-12, 1.20475667203e-12, 8.81345398138e-13, 2.38581940662e-13],
        "var": [3.18816419167e-05, 2.83758181467e-05, 4.10232860304e-06, 6.72572184612e-07, 2.76762278872e-07, 2.39042634576e-07, 8.80778145529e-07, 1.60198032972e-06, 5.97271210268e-08, 6.25839513546e-09, 5.51610810362e-08, 1.5058606806e-08, 1.37718405568e-08, 3.68863339872e-09, 5.27950350104e-09, 1.55124109114e-08, 3.39378303238e-09, 1.4970864548e-09, 1.09007569637e-09, 5.03476038638e-10, 6.82004230868e-10, 1.59976787373e-09, 7.11848469059e-10, 3.7004058151e-10, 6.74044486892e-10, 4.13507256214e-10, 5.44024825189e-10, 4.15350892569e-10, 2.37443731343e-10, 1.55027241044e-10, 6.19933132606e-11, 5.66319283135e-11, 6.2204276452e-11, 7.02408478603e-11, 7.58683671442e-11, 8.23864795829e-11, 4.53402662637e-11, 5.00298517891e-11, 2.86045180597e-11, 4.46091080741e-12]
    },
    "mfcc": {
        "mean": [-682.868774414, 110.90158844, 17.7821617126, 21.9237289429, 1.33534789085, 0.974092185497, -3.05647826195, 2.28479099274, -6.04918050766, 2.47974586487, -3.83245825768, 8.4158000946, -0.480837136507],
        "cov": [[12558.2421875, 1783.27514648, -792.766174316, 487.997344971, 149.243621826, 204.194458008, 296.015808105, 36.5445899963, 79.9487686157, -116.45866394, 58.2560691833, 5.3290643692, 174.701843262], [1783.27514648, 2375.55541992, 26.605670929, 230.789337158, 312.182739258, 288.721160889, 247.601364136, 213.6693573, 204.311965942, 62.9742546082, 196.815139771, 201.643005371, 151.362625122], [-792.766174316, 26.605670929, 613.539001465, 270.26083374, 183.904022217, 174.475143433, 146.205307007, 127.787521362, 105.235984802, 100.863838196, -6.5635342598, -21.0240039825, -4.52827548981], [487.997344971, 230.789337158, 270.26083374, 375.971588135, 267.552093506, 221.606246948, 141.88583374, 137.034667969, 109.317817688, 77.8978347778, 28.5854167938, -2.33853030205, 1.44004154205], [149.243621826, 312.182739258, 183.904022217, 267.552093506, 353.426391602, 233.408569336, 118.566040039, 129.345977783, 99.5176391602, 55.2122154236, 50.7492446899, 25.478269577, -13.9457578659], [204.194458008, 288.721160889, 174.475143433, 221.606246948, 233.408569336, 238.668289185, 153.382507324, 132.8125, 98.9161453247, 64.6681747437, 46.1285018921, 23.5596885681, 8.81086063385], [296.015808105, 247.601364136, 146.205307007, 141.88583374, 118.566040039, 153.382507324, 195.263183594, 139.620437622, 98.7775039673, 54.9706230164, 33.3123550415, 13.3500995636, 27.4215087891], [36.5445899963, 213.6693573, 127.787521362, 137.034667969, 129.345977783, 132.8125, 139.620437622, 191.35118103, 126.475761414, 54.798248291, 39.069278717, 12.1398153305, 3.4156973362], [79.9487686157, 204.311965942, 105.235984802, 109.317817688, 99.5176391602, 98.9161453247, 98.7775039673, 126.475761414, 133.157165527, 67.1858520508, 36.1324958801, 9.07226753235, 14.1782884598], [-116.45866394, 62.9742546082, 100.863838196, 77.8978347778, 55.2122154236, 64.6681747437, 54.9706230164, 54.798248291, 67.1858520508, 89.0141220093, 40.9015426636, 9.14377117157, 16.4044075012], [58.2560691833, 196.815139771, -6.5635342598, 28.5854167938, 50.7492446899, 46.1285018921, 33.3123550415, 39.069278717, 36.1324958801, 40.9015426636, 83.9577636719, 51.0449066162, 29.2092475891], [5.3290643692, 201.643005371, -21.0240039825, -2.33853030205, 25.478269577, 23.5596885681, 13.3500995636, 12.1398153305, 9.07226753235, 9.14377117157, 51.0449066162, 90.7421112061, 53.5377311707], [174.701843262, 151.362625122, -4.52827548981, 1.44004154205, -13.9457578659, 8.81086063385, 27.4215087891, 3.4156973362, 14.1782884598, 16.4044075012, 29.2092475891, 53.5377311707, 90.1252746582]],
