{
"lowlevel": {
    "average_loudness": 0.962934851646,
    "barkbands_crest": {
        "dmean": 3.04077196121,
        "dmean2": 4.64317274094,
        "dvar": 8.67462062836,
        "dvar2": 16.7447319031,
        "max": 25.7480354309,
        "mean": 10.8543386459,
        "median": 9.04748058319,
        "min": 2.6662902832,
        "var": 28.045419693
    },
    "barkbands_flatness_db": {
        "dmean": 0.032539550215,
        "dmean2": 0.0464472658932,
        "dvar": 0.000865673064254,
        "dvar2": 0.00170486629941,
        "max": 0.382365256548,
        "mean": 0.171267330647,
        "median": 0.168540969491,
        "min": 0.0233080722392,
        "var": 0.00450593559071
    },
    "barkbands_kurtosis": {
        "dmean": 8.8712978363,
        "dmean2": 13.7056055069,
        "dvar": 342.259796143,
        "dvar2": 816.809143066,
        "max": 245.384231567,
        "mean": 10.9149341583,
        "median": 3.75706338882,
        "min": -1.75989508629,
        "var": 482.71270752
    },
    "barkbands_skewness": {
        "dmean": 0.961279153824,
        "dmean2": 1.36210441589,
        "dvar": 1.42035067081,
        "dvar2": 2.81726193428,
        "max": 13.7121114731,
        "mean": 2.14017128944,
        "median": 1.66029107571,
        "min": -1.85972309113,
        "var": 3.71341919899
    },
    "barkbands_spread": {
        "dmean": 4.78793287277,
        "dmean2": 6.83128213882,
        "dvar": 31.1595211029,
        "dvar2": 56.4785881042,
        "max": 71.2158966064,
        "mean": 13.5090045929,
        "median": 10.9712467194,
        "min": 0.674542844296,
        "var": 99.5848922729
    },
    "dissonance": {
        "dmean": 0.023456485942,
        "dmean2": 0.0388014726341,
        "dvar": 0.00048117726692,
        "dvar2": 0.00125135248527,
        "max": 0.5,
        "mean": 0.458999812603,
        "median": 0.465276449919,
        "min": 0.287073105574,
        "var": 0.000814460508991
    },
    "dynamic_complexity": 2.28562140465,
    "erbbands_crest": {
        "dmean": 3.09645032883,
        "dmean2": 4.87621879578,
        "dvar": 8.63897800446,
        "dvar2": 17.3318977356,
        "max": 31.629365921,
        "mean": 9.40703296661,
        "median": 7.98437452316,
        "min": 2.29848957062,
        "var": 24.4835186005
    },
    "erbbands_flatness_db": {
        "dmean": 0.0285586193204,
        "dmean2": 0.0363108478487,
        "dvar": 0.000642445345875,
        "dvar2": 0.00105405692011,
        "max": 0.31232509017,
        "mean": 0.158965677023,
        "median": 0.154916882515,
        "min": 0.0606643110514,
        "var": 0.00222177989781
    },
    "erbbands_kurtosis": {
        "dmean": 1.55938255787,
        "dmean2": 2.35634255409,
        "dvar": 4.19709253311,
        "dvar2": 8.6526184082,
        "max": 25.5492839813,
        "mean": 1.55070149899,
        "median": 0.740778565407,
        "min": -1.65158426762,
        "var": 8.54494285583
    },
    "erbbands_skewness": {
        "dmean": 0.419920027256,
        "dmean2": 0.642436265945,
        "dvar": 0.123432904482,
        "dvar2": 0.29580244422,
        "max": 3.06412410736,
        "mean": 0.457033783197,
        "median": 0.475284814835,
        "min": -3.71999311447,
        "var": 0.534748792648
    },
    "erbbands_spread": {
        "dmean": 10.1926078796,
        "dmean2": 14.2960386276,
        "dvar": 110.342605591,
        "dvar2": 205.337203979,
        "max": 107.343162537,
        "mean": 30.7186260223,
        "median": 27.0760002136,
        "min": 2.88469409943,
        "var": 276.876983643
    },
    "hfc": {
        "dmean": 8.47950935364,
        "dmean2": 11.2720527649,
        "dvar": 178.217025757,
        "dvar2": 325.281646729,
        "max": 198.548660278,
        "mean": 16.8090305328,
        "median": 8.96089935303,
        "min": 1.19402886147e-16,
        "var": 430.405578613
    },
    "melbands_crest": {
        "dmean": 3.5245475769,
        "dmean2": 5.58165836334,
        "dvar": 12.4272756577,
        "dvar2": 25.2756843567,
        "max": 35.2125549316,
        "mean": 14.4439525604,
        "median": 12.2415933609,
        "min": 2.62094092369,
        "var": 45.6135635376
    },
    "melbands_flatness_db": {
        "dmean": 0.0387850180268,
        "dmean2": 0.0547399446368,
        "dvar": 0.00128802075051,
        "dvar2": 0.00240570073947,
        "max": 0.507767260075,
        "mean": 0.262963682413,
        "median": 0.258458465338,
        "min": 0.00416524196044,
        "var": 0.00693695712835
    },
    "melbands_kurtosis": {
        "dmean": 16.2673568726,
        "dmean2": 24.7840538025,
        "dvar": 1062.26550293,
        "dvar2": 2366.03027344,
        "max": 364.938232422,
        "mean": 21.4798107147,
        "median": 7.61791324615,
        "min": -1.68554461002,
        "var": 1610.8729248
    },
    "melbands_skewness": {
        "dmean": 1.14331316948,
        "dmean2": 1.61898767948,
        "dvar": 2.12360930443,
        "dvar2": 4.02756118774,
        "max": 14.5103788376,
        "mean": 2.93893265724,
        "median": 2.27466154099,
        "min": -1.1702580452,
        "var": 5.34098243713
    },
    "melbands_spread": {
        "dmean": 5.2530632019,
        "dmean2": 7.61271476746,
        "dvar": 44.496761322,
        "dvar2": 80.3159103394,
        "max": 134.018569946,
        "mean": 14.1760902405,
        "median": 11.4552955627,
        "min": 0.613881468773,
        "var": 129.969161987
    },
    "pitch_salience": {
        "dmean": 0.089772850275,
        "dmean2": 0.137144848704,
        "dvar": 0.00702165067196,
        "dvar2": 0.0135094728321,
        "max": 0.868641912937,
        "mean": 0.548867106438,
        "median": 0.595719575882,
        "min": 0.0664720833302,
        "var": 0.0262100249529
    },
    "silence_rate_20dB": {
        "dmean": 0.0247390791774,
        "dmean2": 0.0494972914457,
        "dvar": 0.0241261944175,
        "dvar2": 0.0540078096092,
        "max": 1,
        "mean": 0.972952067852,
        "median": 1,
        "min": 0,
        "var": 0.0263169426471
    },
    "silence_rate_30dB": {
        "dmean": 0.0904522612691,
        "dmean2": 0.18097448349,
        "dvar": 0.08226878196,
        "dvar2": 0.152860149741,
        "max": 1,
        "mean": 0.816074192524,
        "median": 1,
        "min": 0,
        "var": 0.150093048811
    },
    "silence_rate_60dB": {
        "dmean": 0.00541167380288,
        "dmean2": 0.0108275329694,
        "dvar": 0.00538236415014,
        "dvar2": 0.0145765198395,
        "max": 1,
        "mean": 0.0142967542633,
        "median": 0,
        "min": 0,
        "var": 0.0140920514241
    },
    "spectral_centroid": {
        "dmean": 204.899383545,
        "dmean2": 297.587463379,
        "dvar": 102410.78125,
        "dvar2": 161290.875,
        "max": 11189.8173828,
        "mean": 775.729980469,
        "median": 654.358947754,
        "min": 196.151168823,
        "var": 204817.375
    },
    "spectral_complexity": {
        "dmean": 3.90413618088,
        "dmean2": 5.81206512451,
        "dvar": 21.6303310394,
        "dvar2": 41.9205474854,
        "max": 47,
        "mean": 15.7615919113,
        "median": 14,
        "min": 0,
        "var": 49.9792861938
    },
    "spectral_decrease": {
        "dmean": 9.43856370839e-09,
        "dmean2": 1.41299292267e-08,
        "dvar": 3.93891443357e-16,
        "dvar2": 9.46039557964e-16,
        "max": 6.44791836102e-29,
        "mean": -1.5491774974e-08,
        "median": -5.48728529282e-09,
        "min": -1.83648907637e-07,
        "var": 6.27965398441e-16
    },
    "spectral_energy": {
        "dmean": 0.0362248308957,
        "dmean2": 0.0541233159602,
        "dvar": 0.00569379376248,
        "dvar2": 0.0136283701286,
        "max": 0.702116131783,
        "mean": 0.0599940903485,
        "median": 0.0217847060412,
        "min": 1.05868374752e-20,
        "var": 0.00915069878101
    },
    "spectral_energyband_high": {
        "dmean": 0.000281267537503,
        "dmean2": 0.000374757830286,
        "dvar": 3.5963995515e-07,
        "dvar2": 6.81739834363e-07,
        "max": 0.00797600578517,
        "mean": 0.000360602803994,
        "median": 0.000109125918243,
        "min": 7.58412580743e-21,
        "var": 5.64823039895e-07
    },
    "spectral_energyband_low": {
        "dmean": 0.0330650284886,
        "dmean2": 0.0504239909351,
        "dvar": 0.00571193406358,
        "dvar2": 0.0140125723556,
        "max": 0.653824090958,
        "mean": 0.0436095409095,
        "median": 0.00752138346434,
        "min": 6.98690191004e-23,
        "var": 0.00821009930223
    },
    "spectral_energyband_middle_high": {
        "dmean": 0.00339144351892,
        "dmean2": 0.00465916050598,
        "dvar": 7.09164742148e-05,
        "dvar2": 0.000126290280605,
        "max": 0.125938490033,
        "mean": 0.00567747792229,
        "median": 0.00201515457593,
        "min": 1.51533914444e-21,
        "var": 0.000148050181451
    },
    "spectral_energyband_middle_low": {
        "dmean": 0.00389474187978,
        "dmean2": 0.00598486373201,
        "dvar": 2.48700835073e-05,
        "dvar2": 6.00959101575e-05,
        "max": 0.087932728231,
        "mean": 0.011105235666,
        "median": 0.00924963876605,
        "min": 2.65539113017e-22,
        "var": 6.35759643046e-05
    },
    "spectral_entropy": {
        "dmean": 0.259631931782,
        "dmean2": 0.349470555782,
        "dvar": 0.0644406527281,
        "dvar2": 0.103630237281,
        "max": 9.80922412872,
        "mean": 7.30683135986,
        "median": 7.31046819687,
        "min": 6.01881361008,
        "var": 0.221370130777
    },
    "spectral_flux": {
        "dmean": 0.0518473424017,
        "dmean2": 0.084883466363,
        "dvar": 0.00658707460389,
        "dvar2": 0.0158009752631,
        "max": 0.683257818222,
        "mean": 0.118348889053,
        "median": 0.07452224195,
        "min": 1.05230067715e-10,
        "var": 0.0117529891431
    },
    "spectral_kurtosis": {
        "dmean": 3.24299764633,
        "dmean2": 4.74531364441,
        "dvar": 17.5475311279,
        "dvar2": 35.7885169983,
        "max": 55.0331192017,
        "mean": 7.93894290924,
        "median": 6.22310972214,
        "min": -1.28486096859,
        "var": 38.2853813171
    },
    "spectral_rms": {
        "dmean": 0.00176770228427,
        "dmean2": 0.00248739053495,
        "dvar": 7.47619606045e-06,
        "dvar2": 1.47548980749e-05,
        "max": 0.0261723399162,
        "mean": 0.00626316154376,
        "median": 0.00461013801396,
        "min": 3.21381745001e-12,
        "var": 1.9303706722e-05
    },
    "spectral_rolloff": {
        "dmean": 317.564025879,
        "dmean2": 498.087341309,
        "dvar": 464546.875,
        "dvar2": 772367.625,
        "max": 19186.0839844,
        "mean": 804.781799316,
        "median": 645.99609375,
        "min": 43.06640625,
        "var": 865096.875
    },
    "spectral_skewness": {
        "dmean": 0.388896584511,
        "dmean2": 0.541719913483,
        "dvar": 0.165975406766,
        "dvar2": 0.301568210125,
        "max": 5.94688940048,
        "mean": 2.1967318058,
        "median": 2.09060144424,
        "min": 0.015422731638,
        "var": 0.493902146816
    },
    "spectral_spread": {
        "dmean": 838583.5625,
        "dmean2": 1097154.875,
        "dvar": 1.6494362624e+12,
        "dvar2": 1.7870609449e+12,
        "max": 50003652,
        "mean": 4292365,
        "median": 4061030.5,
        "min": 1278740.625,
        "var": 3.28088839782e+12
    },
    "spectral_strongpeak": {
        "dmean": 0.659488499165,
        "dmean2": 1.09324109554,
        "dvar": 1.88917922974,
        "dvar2": 4.2975859642,
        "max": 14.2490339279,
        "mean": 0.8970656991,
        "median": 0.337193965912,
        "min": 0,
        "var": 2.7315196991
    },
    "zerocrossingrate": {
        "dmean": 0.009914544411,
        "dmean2": 0.0109062697738,
        "dvar": 0.000233850747463,
        "dvar2": 0.000283110857708,
        "max": 0.49951171875,
        "mean": 0.0381146147847,
        "median": 0.0322265625,
        "min": 0.00244140625,
        "var": 0.000871617579833
    },
    "barkbands": {
        "dmean": [0.00209827255458, 0.0285414382815, 0.00626046909019, 0.0012632694561, 0.00191410048865, 0.00114324339665, 0.000473934836918, 0.000428636296419, 0.000715286994819, 0.000697458279319, 0.00105822761543, 0.000953954586294, 0.000581753149163, 0.00074196245987, 0.000410325388657, 0.000114452239359, 8.54511090438e-05, 7.88009056123e-05, 7.40064569982e-05, 5.67306851735e-05, 6.5422100306e-05, 5.55848455406e-05, 4.94255691592e-05, 3.39357138728e-05, 4.84757474624e-05, 2.01739931072e-05, 1.73660748715e-06],
        "dmean2": [0.00342950760387, 0.043326754123, 0.0112273087725, 0.00206512166187, 0.00307056936435, 0.00177531782538, 0.000740536022931, 0.000667341053486, 0.000945892359596, 0.000928026915062, 0.00142372504342, 0.00129111029673, 0.000950516609009, 0.00121296895668, 0.000645121443085, 0.000182636256795, 0.000133626337629, 0.000122435652884, 0.000113215486635, 8.62026427058e-05, 9.6916082839e-05, 8.07648393675e-05, 7.00096934452e-05, 4.62890420749e-05, 6.84799379087e-05, 2.93237844744e-05, 2.47460866376e-06],
        "dvar": [2.65230828518e-05, 0.00450764084235, 0.000310317467665, 3.20328854286e-06, 7.24941764929e-06, 3.44825843968e-06, 4.52060930911e-07, 3.8826848936e-07, 4.24907466368e-06, 7.85000065662e-06, 1.37097740662e-05, 2.65381077043e-05, 1.20110626085e-05, 1.87332443602e-05, 3.48970161212e-06, 4.51984227823e-08, 1.99264782452e-08, 2.20770282056e-08, 2.17660733881e-08, 1.11151843285e-08, 1.84679276316e-08, 1.39219933359e-08, 1.42999141417e-08, 5.62651392144e-09, 2.77490119771e-08, 2.55438425967e-09, 2.44688019846e-11],
        "dvar2": [6.27287809039e-05, 0.0110589684919, 0.000871405703947, 8.88049453351e-06, 1.95447537408e-05, 8.60435102368e-06, 1.10862765723e-06, 8.05838624274e-07, 4.68590906166e-06, 1.08108370114e-05, 2.02068404178e-05, 4.92687577207e-05, 2.69117190328e-05, 4.41318188678e-05, 8.28035263112e-06, 1.12493459881e-07, 4.5767823309e-08, 5.22672891634e-08, 4.91879106335e-08, 2.44286031403e-08, 3.89273004942e-08, 2.75927529714e-08, 3.03332186036e-08, 1.01143049491e-08, 6.56475478422e-08, 5.17033038605e-09, 4.71666178337e-11],
        "max": [0.0594832636416, 0.575925529003, 0.131856679916, 0.0314045883715, 0.0397006459534, 0.0425564721227, 0.011139347218, 0.0162874739617, 0.0710408911109, 0.0859304070473, 0.0675543770194, 0.101731434464, 0.0767927020788, 0.0934427529573, 0.0490391068161, 0.00363362417556, 0.001818942721, 0.00163402641192, 0.00154325831681, 0.00124786817469, 0.00143504922744, 0.00133521854877, 0.00155093404464, 0.000862410932314, 0.00293247913942, 0.00152020633686, 7.12320397724e-05],
        "mean": [0.00288502150215, 0.0347009189427, 0.00537279900163, 0.0021140279714, 0.00365421315655, 0.0022394687403, 0.000827687850688, 0.000740963558201, 0.00129196583293, 0.0010376466671, 0.00142251944635, 0.00108590209857, 0.000606971327215, 0.000687093765009, 0.000514183542691, 0.000137349532451, 0.000105012251879, 9.11773968255e-05, 8.50043797982e-05, 6.77107527736e-05, 7.84977237345e-05, 6.60952864564e-05, 6.1031729274e-05, 4.03082303819e-05, 5.50126169401e-05, 2.32768306887e-05, 2.34138951782e-06],
        "median": [0.000195560307475, 0.00398171227425, 0.00177649315447, 0.00142301176675, 0.00282875890844, 0.00141539704055, 0.000581840693485, 0.000479106471175, 0.00053679861594, 0.000304272514768, 0.000286875525489, 0.000169851686223, 0.000138797448017, 0.00011515544611, 0.000105513187009, 5.11180987814e-05, 4.11883738707e-05, 3.03106207866e-05, 2.46938980126e-05, 2.19925495912e-05, 2.29778233916e-05, 1.86082143045e-05, 1.45817111843e-05, 9.07884168555e-06, 1.09695411084e-05, 4.67071822641e-06, 1.7996055135e-07],
        "min": [2.16919117895e-24, 4.23261456985e-23, 6.94979909954e-24, 4.55237902223e-24, 3.8179952734e-23, 2.49096714775e-23, 4.88769981167e-23, 2.93934432669e-23, 4.75469817859e-23, 8.41494209688e-23, 7.97671408681e-23, 8.1418327717e-23, 5.99778897957e-23, 7.15428809671e-23, 7.83996157791e-23, 1.69325017447e-22, 1.75480417049e-22, 1.53554413152e-22, 2.56903875517e-22, 2.87567365909e-22, 3.44278664737e-22, 5.41168274504e-22, 4.15444268243e-22, 8.39052956555e-22, 1.05554284419e-21, 1.83298659708e-21, 2.20159895755e-21],
        "var": [6.1501035816e-05, 0.00617210706696, 0.000198393143364, 5.2236632655e-06, 9.90181615634e-06, 7.27760880181e-06, 7.71257532506e-07, 1.03250579286e-06, 1.55011530296e-05, 1.74401739059e-05, 2.74482845271e-05, 3.6595902202e-05, 1.13249216156e-05, 1.60898052854e-05, 3.87881573261e-06, 5.08843598368e-08, 2.65287649626e-08, 2.65818655976e-08, 2.67224606887e-08, 1.4461303266e-08, 2.4506313423e-08, 1.94194615943e-08, 2.02590868525e-08, 8.91668339165e-09, 2.91724848722e-08, 3.54546858539e-09, 4.64304809877e-11]
    },
    "erbbands": {
        "dmean": [0.864207029343, 6.6198964119, 9.9078502655, 4.153424263, 5.9374756813, 6.58456420898, 9.64758682251, 8.49303436279, 6.19638252258, 8.06343841553, 10.9319753647, 16.9097080231, 14.3531961441, 32.1129684448, 44.8968925476, 27.4856185913, 18.2793807983, 32.9527854919, 32.8200874329, 15.0658035278, 5.85555315018, 4.48623132706, 4.04561328888, 4.44406032562, 3.14534878731, 2.55889701843, 2.66804623604, 2.62735629082, 2.19276952744, 1.60242021084, 1.32842803001, 0.815363824368, 0.525441169739, 0.436363607645, 0.434049129486, 0.120758317411, 0.0333507545292, 0.00546870660037, 0.000162260665093, 4.29054452979e-05],
        "dmean2": [1.32894825935, 10.1580018997, 16.8357601166, 7.03772783279, 9.45398712158, 10.8136367798, 15.7875051498, 13.0811214447, 10.1315870285, 12.3280487061, 16.5416030884, 22.3488903046, 19.1347885132, 43.1883773804, 59.8621368408, 37.1147460938, 28.8765773773, 53.8387107849, 51.6631317139, 24.5483455658, 9.19673156738, 6.86106538773, 6.15236091614, 6.90834665298, 4.74966144562, 3.85254216194, 4.00540828705, 3.87002587318, 3.16405105591, 2.34064769745, 1.8799649477, 1.12805521488, 0.717798531055, 0.595089435577, 0.640631437302, 0.177357822657, 0.0478313043714, 0.00732314493507, 0.000222183341975, 6.28205307294e-05],
        "dvar": [4.77127742767, 251.915802002, 709.612792969, 66.2085189819, 55.6435585022, 101.392494202, 279.063720703, 186.284606934, 75.6950302124, 171.04914856, 331.232788086, 2567.04614258, 1623.63659668, 11007.2451172, 25623.4296875, 15623.9365234, 9535.85058594, 23370.9335938, 17188.234375, 8281.78613281, 107.987991333, 52.8221206665, 48.8149032593, 77.9633865356, 37.5600547791, 22.1234531403, 31.5396842957, 34.0946006775, 22.6244697571, 13.2691669464, 11.1395339966, 3.51871538162, 1.2290122509, 0.854820907116, 4.20721721649, 0.142008855939, 0.00453074229881, 0.000177881433046, 1.5252813057e-07, 6.8197119063e-09],
        "dvar2": [12.8008747101, 579.637878418, 1873.85620117, 184.991073608, 149.977554321, 278.792266846, 749.959472656, 444.937103271, 193.726654053, 412.785095215, 557.883239746, 2706.79638672, 2280.36425781, 15374.7265625, 45045.8515625, 29446.6054688, 22962.9921875, 51951.6171875, 39019.9960938, 20430.7851562, 254.198379517, 117.192344666, 111.543518066, 183.424499512, 82.1332702637, 49.3132820129, 68.9581756592, 71.2211227417, 45.5653915405, 27.2939300537, 23.7366046906, 6.85256195068, 2.07593035698, 1.4603587389, 10.8486175537, 0.311276257038, 0.00883956346661, 0.000319468323141, 2.96759736784e-07, 1.60266431237e-08],
        "max": [21.9942264557, 138.854141235, 195.401535034, 84.8056411743, 103.838798523, 127.967292786, 266.56048584, 305.397369385, 139.990600586, 242.832794189, 540.642089844, 1906.29492188, 1202.12976074, 3004.97216797, 3078.82617188, 2592.81616211, 3167.25, 2448.98046875, 2558.74438477, 3106.00463867, 164.694869995, 102.367988586, 69.7901000977, 97.2733688354, 65.4499588013, 49.572429657, 59.4488258362, 64.9461593628, 63.657283783, 47.7456245422, 51.5647239685, 22.4011211395, 12.9881706238, 11.7383146286, 38.2300605774, 11.5200386047, 1.06652271748, 0.203065648675, 0.006222541444, 0.000779440510087],
        "mean": [1.07360494137, 7.26151132584, 8.82004833221, 6.04871034622, 10.8877067566, 11.4630079269, 16.5482959747, 16.8570213318, 10.6914873123, 14.5336894989, 20.3376350403, 30.8301315308, 24.4667243958, 47.5924491882, 59.7661132812, 34.1754493713, 21.6266002655, 32.914226532, 37.4288215637, 17.1575984955, 7.35532617569, 5.63766527176, 5.00409984589, 4.99146509171, 3.73952841759, 3.07811641693, 3.14721465111, 3.09537410736, 2.55272293091, 1.99328005314, 1.64346754551, 0.997143208981, 0.616851806641, 0.519049942493, 0.459891736507, 0.129796236753, 0.0399859324098, 0.0076444814913, 0.00023795463494, 7.25665377104e-05],
        "median": [0.0942247509956, 0.893254220486, 2.17668819427, 3.82962083817, 8.4799041748, 7.9291510582, 10.0840291977, 10.1684846878, 7.65097284317, 9.04317855835, 12.1208028793, 12.224111557, 10.524564743, 14.3830394745, 11.9262390137, 8.09663009644, 6.57146835327, 7.02206373215, 7.22314739227, 4.75710296631, 2.87958145142, 2.17430496216, 1.75302052498, 1.48155045509, 1.15036141872, 1.04539465904, 0.955316722393, 0.819473028183, 0.703747868538, 0.567565202713, 0.386929243803, 0.232421591878, 0.136065274477, 0.106411159039, 0.0838528424501, 0.0265566390008, 0.00721438601613, 0.00099341198802, 5.32000485691e-05, 2.88444425678e-05],
        "min": [1.56275450636e-21, 8.13465327918e-21, 8.06147283657e-21, 1.38736186366e-20, 6.1340192247e-20, 1.14982745111e-19, 8.84090574073e-20, 3.29685706131e-19, 9.09355939929e-19, 4.07637940438e-19, 8.73653377125e-19, 9.18329918997e-19, 2.03901509919e-18, 2.86237351693e-18, 2.72385674669e-18, 3.58085949507e-18, 2.61078715401e-18, 4.22282113358e-18, 3.78672117489e-18, 6.82182923567e-18, 9.2624260466e-18, 1.04273229966e-17, 8.70369035823e-18, 1.12806648503e-17, 1.1030753735e-17, 1.36017849344e-17, 1.81027583702e-17, 1.13880039425e-17, 1.18291004857e-17, 1.51842831894e-17, 1.27820117242e-17, 1.50328446172e-17, 1.44207475075e-17, 1.08562773555e-17, 8.78535045549e-18, 7.10949163344e-18, 3.08336308938e-18, 1.30205383528e-18, 2.81805183554e-19, 3.38229855011e-20],
        "var": [6.50434160233, 310.28515625, 539.411682129, 60.2529449463, 85.2270889282, 135.405502319, 409.380157471, 443.875427246, 115.597755432, 314.893218994, 1309.01855469, 9896.25488281, 4027.76269531, 24278.0488281, 44591.5664062, 22564.4570312, 8415.39550781, 22190.5839844, 18529.9140625, 6979.984375, 135.616119385, 75.2246856689, 65.6972808838, 89.3861236572, 49.0412483215, 28.7416381836, 39.2893371582, 44.6499900818, 30.5163516998, 18.68176651, 15.4468326569, 5.38609457016, 2.02032399178, 1.4204813242, 3.59756159782, 0.162254869938, 0.00759953865781, 0.00036578043364, 2.99223387401e-07, 1.11436646577e-08]
    },
    "gfcc": {
        "mean": [-11.9108476639, 120.728263855, -93.2611923218, 20.0217685699, -53.525894165, 21.7698688507, -32.1171150208, 6.48409748077, -24.3499603271, 4.64184093475, -18.1447067261, 1.91193151474, -7.9112610817],
        "cov": [[5083.25097656, -1137.60180664, -85.8545074463, 509.784698486, 172.414581299, 298.938720703, -41.6228065491, 209.216537476, -75.2228546143, 157.843948364, -74.5220184326, 182.496078491, -43.5662612915], [-1137.60180664, 1286.00305176, 100.276222229, -170.575408936, 129.008682251, -69.766494751, 172.603591919, -85.7562484741, 127.434928894, -89.4331130981, 149.209350586, -97.1166381836, 125.886863708], [-85.8545074463, 100.276222229, 501.894561768, 110.561378479, 67.4593734741, 47.4279899597, 36.1341896057, 83.753616333, 58.5141105652, 23.8003940582, 30.3888645172, 21.4129486084, 16.2752494812], [509.784698486, -170.575408936, 110.561378479, 284.1902771, 156.021408081, 58.4880905151, 24.621799469, 69.3170776367, 40.0663719177, 33.1360664368, 6.37281894684, 26.3533992767, 8.44302749634], [172.414581299, 129.008682251, 67.4593734741, 156.021408081, 342.918792725, 106.239234924, 64.0239028931, 55.9736251831, 91.7003555298, 35.4249610901, 52.1140213013, -3.21622681618, 56.6323547363], [298.938720703, -69.766494751, 47.4279899597, 58.4880905151, 106.239234924, 147.50668335, 47.26222229, 22.3336753845, 17.7495613098, 29.8559017181, 16.124250412, 18.4811820984, 8.65887451172], [-41.6228065491, 172.603591919, 36.1341896057, 24.621799469, 64.0239028931, 47.26222229, 150.51574707, 32.4859313965, 24.3277835846, -24.2328128815, 46.3573684692, 10.8464584351, 41.1970405579], [209.216537476, -85.7562484741, 83.753616333, 69.3170776367, 55.9736251831, 22.3336753845, 32.4859313965, 121.085899353, 32.5349693298, 13.6639099121, -3.40909695625, 13.2233610153, 3.64652371407], [-75.2228546143, 127.434928894, 58.5141105652, 40.0663719177, 91.7003555298, 17.7495613098, 24.3277835846, 32.5349693298, 109.889221191, 32.2424659729, 27.4433612823, -18.3978042603, 26.1856212616], [157.843948364, -89.4331130981, 23.8003940582, 33.1360664368, 35.4249610901, 29.8559017181, -24.2328128815, 13.6639099121, 32.2424659729, 83.1742095947, 13.5776147842, 6.1927986145, -5.02035093307], [-74.5220184326, 149.209350586, 30.3888645172, 6.37281894684, 52.1140213013, 16.124250412, 46.3573684692, -3.40909695625, 27.4433612823, 13.5776147842, 82.9138565063, 19.6616611481, 31.8683109283], [182.496078491, -97.1166381836, 21.4129486084, 26.3533992767, -3.21622681618, 18.4811820984, 10.8464584351, 13.2233610153, -18.3978042603, 6.1927986145, 19.6616611481, 72.3053741455, 19.9125614166], [-43.5662612915, 125.886863708, 16.2752494812, 8.44302749634, 56.6323547363, 8.65887451172, 41.1970405579, 3.64652371407, 26.1856212616, -5.02035093307, 31.8683109283, 19.9125614166, 74.4850692749]],
        "icov": [[0.000344308587955, -4.79992268083e-05, 0.00028593512252, -0.000595940859057, 0.000207022501854, -0.000657354597934, 0.000260317727225, -0.000522213056684, 0.000365372718079, -0.000386372616049, 0.000241911970079, -0.000496819848195, -3.69912704627e-05], [-4.79992268083e-05, 0.00303892605007, -0.00110566674266, 0.00195329380222, -0.00126718683168, 0.00204829731956, -0.00207317410968, 0.00241022626869, -0.00194822682533, 0.00261403829791, -0.00351608241908, 0.00391561351717, -0.00207129516639], [0.00028593512252, -0.00110566674266, 0.00311976275407, -0.00191021931823, 0.0012407687027, -0.0019579816144, 0.00131933076773, -0.00263344822451, -3.69171266357e-06, -0.000763471412938, 0.000348133122316, -0.00177086435724, 0.000528530566953], [-0.000595940859057, 0.00195329380222, -0.00191021931823, 0.00811982527375, -0.0041411141865, 0.00302526867017, -0.00234109489247, 0.0013919393532, -0.0019102760125, 0.0011638905853, -0.00050153164193, 0.00020907628641, 0.000779446505476], [0.000207022501854, -0.00126718683168, 0.0012407687027, -0.0041411141865, 0.00779317039996, -0.00533945998177, 0.00226279860362, -0.00273399683647, -0.0012649607379, -0.000347186607542, -0.0015800090041, 0.0018518792931, -0.00335898809135], [-0.000657354597934, 0.00204829731956, -0.0019579816144, 0.00302526867017, -0.00533945998177, 0.0142850726843, -0.0067077963613, 0.00424837507308, -0.000477299588965, -0.00246465811506, 0.000601632113103, -0.000393735681428, 0.00198922189884], [0.000260317727225, -0.00207317410968, 0.00131933076773, -0.00234109489247, 0.00226279860362, -0.0067077963613, 0.0144657958299, -0.0059632062912, 0.000909457856324, 0.00472610583529, -0.00465558934957, -0.000342693529092, -0.00293410522863], [-0.000522213056684, 0.00241022626869, -0.00263344822451, 0.0013919393532, -0.00273399683647, 0.00424837507308, -0.0059632062912, 0.015311636962, -0.00506025226787, 0.00090997008374, 0.00207749125548, -0.000566866539884, 0.00127509748563], [0.000365372718079, -0.00194822682533, -3.69171266357e-06, -0.0019102760125, -0.0012649607379, -0.000477299588965, 0.000909457856324, -0.00506025226787, 0.0188803710043, -0.00803976599127, -0.000442120188382, 0.00465869437903, -0.00374994566664], [-0.000386372616049, 0.00261403829791, -0.000763471412938, 0.0011638905853, -0.000347186607542, -0.00246465811506, 0.00472610583529, 0.00090997008374, -0.00803976599127, 0.021951450035, -0.00846830196679, 0.00223499024287, 0.000614522781689], [0.000241911970079, -0.00351608241908, 0.000348133122316, -0.00050153164193, -0.0015800090041, 0.000601632113103, -0.00465558934957, 0.00207749125548, -0.000442120188382, -0.00846830196679, 0.0259301234037, -0.0119720334187, 0.00136047822889], [-0.000496819848195, 0.00391561351717, -0.00177086435724, 0.00020907628641, 0.0018518792931, -0.000393735681428, -0.000342693529092, -0.000566866539884, 0.00465869437903, 0.00223499024287, -0.0119720334187, 0.028601679951, -0.011701262556], [-3.69912704627e-05, -0.00207129516639, 0.000528530566953, 0.000779446505476, -0.00335898809135, 0.00198922189884, -0.00293410522863, 0.00127509748563, -0.00374994566664, 0.000614522781689, 0.00136047822889, -0.011701262556, 0.0244896057993]]
    },
    "melbands": {
        "dmean": [0.00759519776329, 0.00652972934768, 0.000788926554378, 0.000427042978117, 0.000318818783853, 0.000192493098439, 9.3363400083e-05, 8.43614179757e-05, 9.74414870143e-05, 0.000101708457805, 7.3523100582e-05, 0.000130643587909, 0.000171962339664, 0.000106089151814, 4.80930793856e-05, 5.12466249347e-05, 6.87138744979e-05, 6.50188158033e-05, 2.74267240457e-05, 1.25301257867e-05, 6.35452579445e-06, 4.88116438646e-06, 4.05900163969e-06, 3.90164359487e-06, 3.75067565983e-06, 2.66498591373e-06, 2.13728367271e-06, 1.61646994457e-06, 1.78996958766e-06, 1.43998943258e-06, 1.5266552964e-06, 1.28366036733e-06, 1.00515774193e-06, 9.29159341467e-07, 8.16449301055e-07, 6.62182230826e-07, 4.48263563158e-07, 3.59443902198e-07, 3.83869064535e-07, 3.55928079898e-07],
        "dmean2": [0.0113849658519, 0.0103921089321, 0.00131361628883, 0.000684558355715, 0.00052354822401, 0.000297902413877, 0.000151249856572, 0.000129067339003, 0.000141675613122, 0.000135083202622, 9.87282473943e-05, 0.000175795212272, 0.00023021515517, 0.000142621880514, 7.12393957656e-05, 8.42995432322e-05, 0.000112641137093, 0.000103819867945, 4.40976946265e-05, 2.03664531e-05, 1.01512832771e-05, 7.68142854213e-06, 6.27862618785e-06, 6.12539088252e-06, 5.90319086768e-06, 4.07825200455e-06, 3.3053736388e-06, 2.48354081123e-06, 2.76313539871e-06, 2.13994280784e-06, 2.29440593102e-06, 1.88247770438e-06, 1.4895251752e-06, 1.36639800985e-06, 1.17754552775e-06, 9.85173528534e-07, 6.27576355328e-07, 4.99489260619e-07, 5.38100721315e-07, 4.98272413552e-07],
        "dvar": [0.000325408909703, 0.000265762471827, 1.94450421986e-06, 3.24532180684e-07, 2.85010798962e-07, 9.68151354641e-08, 1.67691052155e-08, 1.70963243562e-08, 4.16590886232e-08, 8.06757398664e-08, 4.45684342765e-08, 2.0706161763e-07, 3.18867023452e-07, 3.68615332036e-07, 9.53285876903e-08, 9.4692005348e-08, 1.07211413081e-07, 9.88577610883e-08, 2.17099085376e-08, 3.27119464849e-09, 1.12190562396e-10, 6.8404185094e-11, 4.90640340856e-11, 5.83766993079e-11, 5.74453505597e-11, 3.21028932604e-11, 1.65298937732e-11, 9.54946972193e-12, 1.4653576963e-11, 9.11939881248e-12, 1.20942405396e-11, 8.17756626303e-12, 4.51436501028e-12, 4.91942424297e-12, 4.32628108685e-12, 2.9500501434e-12, 1.09489847744e-12, 5.78250988759e-13, 6.41164801373e-13, 5.69732087029e-13],
        "dvar2": [0.00081402878277, 0.000648270302918, 5.50046434e-06, 8.83940742824e-07, 7.63881303101e-07, 2.32726051763e-07, 4.23663522042e-08, 4.15823144806e-08, 5.35595070517e-08, 8.89590978659e-08, 6.36020871525e-08, 2.87550108169e-07, 5.00792225466e-07, 6.70001213621e-07, 2.22446814746e-07, 2.03449502578e-07, 2.45042201641e-07, 2.28875762787e-07, 5.37374269527e-08, 7.97439714262e-09, 2.65540478495e-10, 1.58705534825e-10, 1.13729470286e-10, 1.39302971935e-10, 1.37397426769e-10, 7.36907479482e-11, 3.73892167227e-11, 2.1665679667e-11, 3.28227618696e-11, 1.89110515442e-11, 2.60337723601e-11, 1.66878420804e-11, 9.19771290381e-12, 1.06442007985e-11, 9.43775873424e-12, 6.52622574038e-12, 2.18050881171e-12, 1.01228942763e-12, 1.09522818332e-12, 9.69011980032e-13],
        "max": [0.173154592514, 0.123065032065, 0.0142782907933, 0.0076239882037, 0.00782518833876, 0.00715570198372, 0.00197264598683, 0.00249905511737, 0.00676516024396, 0.010213078931, 0.00588541850448, 0.0136084118858, 0.00967607367784, 0.012447020039, 0.00883406307548, 0.00633099023253, 0.0060797338374, 0.00656285556033, 0.00387544254772, 0.00193921884056, 0.000111139175715, 0.000138217306812, 7.74488216848e-05, 8.24748567538e-05, 8.30499338917e-05, 6.44352621748e-05, 4.93842708238e-05, 3.45399530488e-05, 4.2999497964e-05, 4.14681744587e-05, 3.62346654583e-05, 3.93541595258e-05, 2.72042634606e-05, 2.99577113765e-05, 2.99845232803e-05, 2.60198867181e-05, 1.45079811773e-05, 7.86758755567e-06, 9.99945586955e-06, 8.70490021043e-06],
        "mean": [0.00981716625392, 0.00662610167637, 0.00124118814711, 0.000811650010291, 0.000568626215681, 0.000384897779441, 0.000164289638633, 0.000153975182911, 0.000183798954822, 0.000182986143045, 0.000120028496895, 0.000189196201973, 0.000230705976719, 0.000122759884107, 5.70428310311e-05, 5.29873323103e-05, 6.5795808041e-05, 6.8908870162e-05, 3.19044629578e-05, 1.42203762152e-05, 7.63288335293e-06, 5.88335296925e-06, 4.97395831189e-06, 4.37817152488e-06, 4.05347691412e-06, 3.00463079839e-06, 2.45243472818e-06, 1.90303296677e-06, 2.05022593036e-06, 1.7364653786e-06, 1.74746060111e-06, 1.44748003095e-06, 1.21572975331e-06, 1.10911310003e-06, 9.89308887256e-07, 8.07817684745e-07, 5.25803500295e-07, 4.20471991447e-07, 4.27543199066e-07, 4.22568490421e-07],
        "median": [0.0010498452466, 0.00123084580991, 0.000844548514578, 0.000626544468105, 0.000369482091628, 0.000236703373957, 0.000119370539323, 0.000100432604086, 0.00010051864956, 7.41071635275e-05, 4.82862560602e-05, 5.52679048269e-05, 4.34336179751e-05, 1.96075998247e-05, 1.59539504239e-05, 1.24309954117e-05, 1.22499168356e-05, 1.15511538752e-05, 7.47881131247e-06, 4.33042714576e-06, 2.95064637612e-06, 2.12310942516e-06, 1.73528053438e-06, 1.42880151088e-06, 1.16339128908e-06, 8.74230750014e-07, 7.77606146585e-07, 6.31184150279e-07, 5.98707970312e-07, 4.86202907268e-07, 4.32549910556e-07, 3.83671761028e-07, 3.34096540655e-07, 2.70227872079e-07, 2.23948660505e-07, 1.82173749863e-07, 1.21070200976e-07, 9.14516888884e-08, 8.34994438037e-08, 8.36617601863e-08],
        "min": [1.27827951938e-23, 7.47143889515e-24, 3.54240987161e-24, 6.0607883581e-24, 4.43826043153e-24, 6.52351365472e-24, 1.37182658982e-23, 4.43273603861e-24, 7.23156285995e-24, 6.0075765346e-24, 1.03152927137e-23, 1.14921004237e-23, 9.31526557702e-24, 7.56275664467e-24, 6.79587024883e-24, 7.61878470161e-24, 7.62917794403e-24, 5.87339523892e-24, 6.0155953057e-24, 1.34736006885e-23, 9.40010441194e-24, 1.02829951705e-23, 7.96789193977e-24, 7.45420780639e-24, 9.58411174011e-24, 8.98011644372e-24, 8.51201900434e-24, 8.50621141035e-24, 1.24572851519e-23, 8.07167921362e-24, 6.26970318049e-24, 4.99022995679e-24, 9.00599975888e-24, 7.06025461463e-24, 7.03539287434e-24, 6.28496487799e-24, 1.10362539942e-23, 8.34189720582e-24, 9.79852176756e-24, 7.88897113937e-24],
        "var": [0.000484051939566, 0.00026503475965, 1.88906244603e-06, 4.76554987472e-07, 4.09049931704e-07, 2.26413334303e-07, 2.67011426303e-08, 3.21640385437e-08, 1.79288448976e-07, 3.01061334085e-07, 1.06844645131e-07, 4.53166336456e-07, 6.40774828753e-07, 5.22794437074e-07, 9.30638535124e-08, 9.37776007959e-08, 9.7371803065e-08, 9.33303141437e-08, 1.92446218961e-08, 2.90717161455e-09, 1.40076644728e-10, 8.9604303144e-11, 6.27180390955e-11, 6.80250855645e-11, 6.27745841419e-11, 3.81931049287e-11, 2.03485509692e-11, 1.17582384801e-11, 1.73010408083e-11, 1.24785130146e-11, 1.4999864198e-11, 1.05945703599e-11, 6.20737792764e-12, 6.63784652244e-12, 5.86240734776e-12, 4.10198220877e-12, 1.57159658551e-12, 9.37174274816e-13, 1.00182091355e-12, 9.46530614304e-13]
    },
    "mfcc": {
        "mean": [-664.042480469, 156.865341187, 16.2962284088, 14.5319623947, 2.97660660744, 13.2302122116, 2.82135748863, 4.51261091232, 2.168623209, 2.60057091713, -0.616279363632, -4.22655248642, -1.52054870129],
        "cov": [[3891.49829102, -1261.85632324, -178.453033447, 228.604873657, 242.242874146, 162.997711182, 130.571517944, 107.449241638, 107.202644348, 28.9613780975, 26.3002910614, 28.8440151215, 27.1633071899], [-1261.85632324, 1256.51184082, 59.5834503174, -33.7063941956, -30.9881076813, 11.3090333939, 35.6637649536, 15.8611087799, 3.99843502045, 28.6066627502, 18.7256603241, 25.3969631195, 21.6398582458], [-178.453033447, 59.5834503174, 389.114807129, 42.6519432068, 13.4490795135, -7.69267559052, 12.3393707275, 28.1764259338, 15.1379375458, 3.02583098412, 23.4848995209, 25.9059123993, 32.5527763367], [228.604873657, -33.7063941956, 42.6519432068, 217.588790894, 119.438987732, 28.7488498688, 41.3296546936, 48.3792076111, 55.5652236938, 20.6391429901, 24.0477771759, 32.0705947876, 29.3856601715], [242.242874146, -30.9881076813, 13.4490795135, 119.438987732, 275.020782471, 85.5654220581, 41.6830062866, 30.9788265228, 72.8511276245, 61.6149635315, 45.4281463623, 25.3552074432, 29.1063270569], [162.997711182, 11.3090333939, -7.69267559052, 28.7488498688, 85.5654220581, 139.135818481, 54.1276817322, 16.2263202667, 22.4328556061, 23.8088760376, 20.6533145905, 10.9687814713, 12.4925737381], [130.571517944, 35.6637649536, 12.3393707275, 41.3296546936, 41.6830062866, 54.1276817322, 121.0286026, 65.9959945679, 28.9765052795, 3.0873439312, 11.1155548096, 27.1124095917, 15.3191165924], [107.449241638, 15.8611087799, 28.1764259338, 48.3792076111, 30.9788265228, 16.2263202667, 65.9959945679, 105.157905579, 45.4732131958, 5.27926445007, 5.18796491623, 18.0053253174, 21.0251731873], [107.202644348, 3.99843502045, 15.1379375458, 55.5652236938, 72.8511276245, 22.4328556061, 28.9765052795, 45.4732131958, 91.4176483154, 40.1357040405, 20.7219791412, 10.7398300171, 13.1872673035], [28.9613780975, 28.6066627502, 3.02583098412, 20.6391429901, 61.6149635315, 23.8088760376, 3.0873439312, 5.27926445007, 40.1357040405, 85.6657714844, 32.4328727722, 4.08575725555, 5.60831022263], [26.3002910614, 18.7256603241, 23.4848995209, 24.0477771759, 45.4281463623, 20.6533145905, 11.1155548096, 5.18796491623, 20.7219791412, 32.4328727722, 68.9672241211, 25.3595466614, 11.2775249481], [28.8440151215, 25.3969631195, 25.9059123993, 32.0705947876, 25.3552074432, 10.9687814713, 27.1124095917, 18.0053253174, 10.7398300171, 4.08575725555, 25.3595466614, 64.1416854858, 27.0398235321], [27.1633071899, 21.6398582458, 32.5527763367, 29.3856601715, 29.1063270569, 12.4925737381, 15.3191165924, 21.0251731873, 13.1872673035, 5.60831022263, 11.2775249481, 27.0398235321, 65.9538650513]],
