{
"lowlevel": {
    "average_loudness": 0.981304347515,
    "barkbands_crest": {
        "dmean": 2.17264914513,
        "dmean2": 3.43572306633,
        "dvar": 4.4511423111,
        "dvar2": 11.5640153885,
        "max": 25.6818065643,
        "mean": 11.7087602615,
        "median": 10.9984960556,
        "min": 3.71293854713,
        "var": 15.8549928665
    },
    "barkbands_flatness_db": {
        "dmean": 0.0275262147188,
        "dmean2": 0.0380858071148,
        "dvar": 0.00070868578041,
        "dvar2": 0.00135441240855,
        "max": 0.474935680628,
        "mean": 0.246469527483,
        "median": 0.233783558011,
        "min": 0.0924390032887,
        "var": 0.00538307847455
    },
    "barkbands_kurtosis": {
        "dmean": 3.87985897064,
        "dmean2": 5.88936042786,
        "dvar": 53.061920166,
        "dvar2": 120.773551941,
        "max": 127.075576782,
        "mean": 9.62128353119,
        "median": 6.40903282166,
        "min": -1.90516376495,
        "var": 119.325363159
    },
    "barkbands_skewness": {
        "dmean": 0.468072861433,
        "dmean2": 0.700982034206,
        "dvar": 0.340214341879,
        "dvar2": 0.753760099411,
        "max": 9.87699127197,
        "mean": 2.23723936081,
        "median": 2.07573533058,
        "min": -0.231680124998,
        "var": 1.06942617893
    },
    "barkbands_spread": {
        "dmean": 2.17591714859,
        "dmean2": 3.12451672554,
        "dvar": 14.201672554,
        "dvar2": 27.3722438812,
        "max": 77.658782959,
        "mean": 8.48359489441,
        "median": 6.94448184967,
        "min": 0.3920763731,
        "var": 53.5519599915
    },
    "dissonance": {
        "dmean": 0.0327211394906,
        "dmean2": 0.0522279515862,
        "dvar": 0.00103279785253,
        "dvar2": 0.0025377580896,
        "max": 0.498732179403,
        "mean": 0.399615645409,
        "median": 0.417759954929,
        "min": 0.100182816386,
        "var": 0.00434508593753
    },
    "dynamic_complexity": 1.8681691885,
    "erbbands_crest": {
        "dmean": 2.26610612869,
        "dmean2": 3.44214677811,
        "dvar": 5.46904039383,
        "dvar2": 12.8724937439,
        "max": 29.4555301666,
        "mean": 10.8311548233,
        "median": 9.92871761322,
        "min": 2.65470266342,
        "var": 23.1200695038
    },
    "erbbands_flatness_db": {
        "dmean": 0.0213204175234,
        "dmean2": 0.0286085642874,
        "dvar": 0.000519396038726,
        "dvar2": 0.000981407705694,
        "max": 0.426348090172,
        "mean": 0.252713173628,
        "median": 0.246037825942,
        "min": 0.112472772598,
        "var": 0.00309896515682
    },
    "erbbands_kurtosis": {
        "dmean": 1.41385757923,
        "dmean2": 2.18319964409,
        "dvar": 5.98358535767,
        "dvar2": 13.539648056,
        "max": 49.4184417725,
        "mean": 2.46960425377,
        "median": 1.28938102722,
        "min": -1.80032968521,
        "var": 14.1842098236
    },
    "erbbands_skewness": {
        "dmean": 0.316095322371,
        "dmean2": 0.469443231821,
        "dvar": 0.139167502522,
        "dvar2": 0.290709286928,
        "max": 5.46250152588,
        "mean": 1.19929635525,
        "median": 1.09381699562,
        "min": -2.31150746346,
        "var": 0.475329011679
    },
    "erbbands_spread": {
        "dmean": 5.42429161072,
        "dmean2": 7.98007726669,
        "dvar": 57.8147926331,
        "dvar2": 118.969825745,
        "max": 124.197715759,
        "mean": 25.3152313232,
        "median": 23.2064170837,
        "min": 2.57975459099,
        "var": 227.089096069
    },
    "hfc": {
        "dmean": 4.96487092972,
        "dmean2": 7.21861982346,
        "dvar": 86.2076263428,
        "dvar2": 195.502975464,
        "max": 142.521606445,
        "mean": 15.7226352692,
        "median": 13.4000225067,
        "min": 4.31001899415e-05,
        "var": 147.709762573
    },
    "melbands_crest": {
        "dmean": 2.70496368408,
        "dmean2": 4.28711605072,
        "dvar": 7.60840606689,
        "dvar2": 20.0612010956,
        "max": 33.4964561462,
        "mean": 14.973608017,
        "median": 13.8420190811,
        "min": 4.71480131149,
        "var": 27.1413383484
    },
    "melbands_flatness_db": {
        "dmean": 0.0289701689035,
        "dmean2": 0.0386900752783,
        "dvar": 0.000941112288274,
        "dvar2": 0.00173695478588,
        "max": 0.573638141155,
        "mean": 0.284234285355,
        "median": 0.266172558069,
        "min": 0.0853772163391,
        "var": 0.00857925228775
    },
    "melbands_kurtosis": {
        "dmean": 5.35698318481,
        "dmean2": 8.29216003418,
        "dvar": 108.16129303,
        "dvar2": 251.100204468,
        "max": 186.709869385,
        "mean": 14.0535583496,
        "median": 10.3936262131,
        "min": -0.708916187286,
        "var": 222.629135132
    },
    "melbands_skewness": {
        "dmean": 0.522401988506,
        "dmean2": 0.793218672276,
        "dvar": 0.452655464411,
        "dvar2": 1.03552150726,
        "max": 10.2799463272,
        "mean": 2.54914951324,
        "median": 2.425385952,
        "min": -0.0507922209799,
        "var": 1.4907091856
    },
    "melbands_spread": {
        "dmean": 2.21983671188,
        "dmean2": 3.18855452538,
        "dvar": 13.9894304276,
        "dvar2": 26.3191623688,
        "max": 102.631362915,
        "mean": 9.54040718079,
        "median": 8.33369541168,
        "min": 0.467813670635,
        "var": 52.8147239685
    },
    "pitch_salience": {
        "dmean": 0.0568003505468,
        "dmean2": 0.0881851837039,
        "dvar": 0.00321275484748,
        "dvar2": 0.0078788837418,
        "max": 0.862341582775,
        "mean": 0.58141463995,
        "median": 0.595220148563,
        "min": 0.109819985926,
        "var": 0.0099297054112
    },
    "silence_rate_20dB": {
        "dmean": 0,
        "dmean2": 0,
        "dvar": 0,
        "dvar2": 0,
        "max": 1,
        "mean": 1,
        "median": 1,
        "min": 1,
        "var": 0
    },
    "silence_rate_30dB": {
        "dmean": 0.00696594407782,
        "dmean2": 0.013937282376,
        "dvar": 0.00691743846983,
        "dvar2": 0.0191633608192,
        "max": 1,
        "mean": 0.9957447052,
        "median": 1,
        "min": 0,
        "var": 0.00423722295091
    },
    "silence_rate_60dB": {
        "dmean": 0.0123839005828,
        "dmean2": 0.0247773900628,
        "dvar": 0.0122299920768,
        "dvar2": 0.0295836795121,
        "max": 1,
        "mean": 0.0266924556345,
        "median": 0,
        "min": 0,
        "var": 0.0259807854891
    },
    "spectral_centroid": {
        "dmean": 111.090026855,
        "dmean2": 157.251556396,
        "dvar": 28563.2871094,
        "dvar2": 54948.9570312,
        "max": 3668.02026367,
        "mean": 663.864807129,
        "median": 589.493713379,
        "min": 172.632598877,
        "var": 128410.710938
    },
    "spectral_complexity": {
        "dmean": 2.63699698448,
        "dmean2": 3.80642652512,
        "dvar": 12.9076528549,
        "dvar2": 24.7900485992,
        "max": 56,
        "mean": 14.5539655685,
        "median": 13,
        "min": 0,
        "var": 63.1118659973
    },
    "spectral_decrease": {
        "dmean": 2.38907538197e-09,
        "dmean2": 3.62216456828e-09,
        "dvar": 1.45012851207e-17,
        "dvar2": 3.40584172593e-17,
        "max": -2.75034562589e-14,
        "mean": -7.79911957238e-09,
        "median": -7.33761229554e-09,
        "min": -4.59882762982e-08,
        "var": 2.03297089046e-17
    },
    "spectral_energy": {
        "dmean": 0.0094241797924,
        "dmean2": 0.0142694739625,
        "dvar": 0.000228039221838,
        "dvar2": 0.000534544873517,
        "max": 0.183074101806,
        "mean": 0.0308617390692,
        "median": 0.0290194153786,
        "min": 1.07713738373e-07,
        "var": 0.000321330298902
    },
    "spectral_energyband_high": {
        "dmean": 0.000210414436879,
        "dmean2": 0.000308754853904,
        "dvar": 3.35267969831e-07,
        "dvar2": 8.00731470463e-07,
        "max": 0.0104771303013,
        "mean": 0.000363352010027,
        "median": 9.66755469562e-05,
        "min": 2.82342454971e-10,
        "var": 5.06516528276e-07
    },
    "spectral_energyband_low": {
        "dmean": 0.00140464061406,
        "dmean2": 0.00228007161058,
        "dvar": 1.1693318811e-05,
        "dvar2": 3.02848802676e-05,
        "max": 0.050976999104,
        "mean": 0.00242109689862,
        "median": 0.00121338537429,
        "min": 1.83905033424e-08,
        "var": 1.53247256094e-05
    },
    "spectral_energyband_middle_high": {
        "dmean": 0.00112179061398,
        "dmean2": 0.00159678736236,
        "dvar": 4.90048796564e-06,
        "dvar2": 1.06339412014e-05,
        "max": 0.034550704062,
        "mean": 0.00315641704947,
        "median": 0.00217805150896,
        "min": 4.14071932298e-09,
        "var": 1.28358733491e-05
    },
    "spectral_energyband_middle_low": {
        "dmean": 0.00809159874916,
        "dmean2": 0.0122603289783,
        "dvar": 0.000165854231454,
        "dvar2": 0.000387848587707,
        "max": 0.167300790548,
        "mean": 0.0260628499091,
        "median": 0.0246920362115,
        "min": 7.77689592724e-08,
        "var": 0.000236846215557
    },
    "spectral_entropy": {
        "dmean": 0.268652766943,
        "dmean2": 0.37636834383,
        "dvar": 0.0867633596063,
        "dvar2": 0.176704794168,
        "max": 8.08087348938,
        "mean": 6.60897016525,
        "median": 6.73012304306,
        "min": 4.27170085907,
        "var": 0.535236179829
    },
    "spectral_flux": {
        "dmean": 0.0278770364821,
        "dmean2": 0.0419340766966,
        "dvar": 0.00101828551851,
        "dvar2": 0.00224372954108,
        "max": 0.365418344736,
        "mean": 0.0687964633107,
        "median": 0.0569632016122,
        "min": 0.000802735099569,
        "var": 0.00216882862151
    },
    "spectral_kurtosis": {
        "dmean": 6.6238026619,
        "dmean2": 10.9094114304,
        "dvar": 110.850845337,
        "dvar2": 262.013458252,
        "max": 149.53956604,
        "mean": 12.0014076233,
        "median": 5.89614963531,
        "min": -1.07811868191,
        "var": 291.654968262
    },
    "spectral_rms": {
        "dmean": 0.000785584794357,
        "dmean2": 0.00115003425162,
        "dvar": 1.05984599941e-06,
        "dvar2": 2.2671727038e-06,
        "max": 0.0133644631132,
        "mean": 0.00526220398024,
        "median": 0.00532086705789,
        "min": 1.02511739897e-05,
        "var": 2.41823431679e-06
    },
    "spectral_rolloff": {
        "dmean": 131.623580933,
        "dmean2": 220.842483521,
        "dvar": 116069,
        "dvar2": 242037.5,
        "max": 6287.6953125,
        "mean": 685.721496582,
        "median": 602.9296875,
        "min": 150.732421875,
        "var": 278657.6875
    },
    "spectral_skewness": {
        "dmean": 0.559918880463,
        "dmean2": 0.886871218681,
        "dvar": 0.459523439407,
        "dvar2": 1.067512393,
        "max": 9.72362804413,
        "mean": 2.26749634743,
        "median": 1.86477506161,
        "min": -0.182842373848,
        "var": 1.91962528229
    },
    "spectral_spread": {
        "dmean": 439594.8125,
        "dmean2": 652923.8125,
        "dvar": 221935484928,
        "dvar2": 447962644480,
        "max": 8099851.5,
        "mean": 3069876.25,
        "median": 3067843.75,
        "min": 582429.3125,
        "var": 1.01130613555e+12
    },
    "spectral_strongpeak": {
        "dmean": 0.43873167038,
        "dmean2": 0.720707118511,
        "dvar": 0.296714395285,
        "dvar2": 0.689368486404,
        "max": 5.6100769043,
        "mean": 1.20746707916,
        "median": 1.00041425228,
        "min": 0,
        "var": 0.715816795826
    },
    "zerocrossingrate": {
        "dmean": 0.00477396976203,
        "dmean2": 0.00555483717471,
        "dvar": 4.09449785366e-05,
        "dvar2": 4.61587951577e-05,
        "max": 0.1787109375,
        "mean": 0.0309502314776,
        "median": 0.0283203125,
        "min": 0.00634765625,
        "var": 0.000303805660224
    },
    "barkbands": {
        "dmean": [0.000146163016325, 0.000417160947109, 0.000607524707448, 0.00109779194463, 0.00420304993168, 0.00184782256838, 0.00231175078079, 0.00129317946266, 0.000891275529284, 0.000483823678223, 0.000213862716919, 0.000196681183297, 0.000262557150563, 0.000143245822983, 0.000133446374093, 8.95435441635e-05, 6.09796916251e-05, 6.85392951709e-05, 6.41505321255e-05, 8.6228181317e-05, 6.86973289703e-05, 6.68924112688e-05, 2.71146436717e-05, 1.67830039572e-05, 4.11985001847e-06, 3.89496435105e-09, 1.21567023115e-09],
        "dmean2": [0.000223644747166, 0.000697335810401, 0.00101108429953, 0.00175141566433, 0.00653868122026, 0.00279879197478, 0.00337416771799, 0.00182503357064, 0.00130333611742, 0.000708754523657, 0.000324555061525, 0.000291851960355, 0.000393900525523, 0.000217489941861, 0.000208034471143, 0.000133063076646, 9.4384442491e-05, 0.000107895029942, 9.20043457882e-05, 0.000124723141198, 0.000103392623714, 0.000100280456536, 4.16300936195e-05, 2.58909803961e-05, 6.66738196742e-06, 6.49411946441e-09, 2.25565544021e-09],
        "dvar": [4.95142387535e-07, 2.06223967325e-06, 2.76880382444e-06, 5.22048094354e-06, 4.11095170421e-05, 1.16575474749e-05, 3.86960600736e-05, 1.83125921467e-05, 3.95226834371e-06, 1.25971223497e-06, 2.20131028073e-07, 1.48643096054e-07, 3.09077563543e-07, 1.52094870032e-07, 9.35215638265e-08, 3.45832340543e-08, 2.4582462288e-08, 2.68168793838e-08, 2.51963658826e-08, 3.94570633944e-08, 3.17312398579e-08, 3.33226175542e-08, 8.58888249411e-09, 4.05017841487e-09, 3.62632007755e-10, 1.59252834935e-16, 2.1601730707e-18],
        "dvar2": [1.15156547054e-06, 5.33573665962e-06, 7.58128589951e-06, 1.20243958008e-05, 0.000109065273136, 2.82753189822e-05, 8.53983583511e-05, 4.17980700149e-05, 8.48483068694e-06, 2.821965154e-06, 4.92750473313e-07, 3.101379491e-07, 6.94648292665e-07, 3.39539809602e-07, 2.05432911571e-07, 7.9646923723e-08, 6.35979375829e-08, 6.50411777769e-08, 5.44553273585e-08, 8.89629134804e-08, 7.56282361181e-08, 8.07015112514e-08, 2.0885016383e-08, 9.71376845627e-09, 9.64194057929e-10, 4.22487434475e-16, 6.77115242903e-18],
        "max": [0.0241247341037, 0.0285066384822, 0.0326992459595, 0.0360340736806, 0.0944372415543, 0.0485018119216, 0.102241195738, 0.123437590897, 0.0348199084401, 0.0252458564937, 0.00841183122247, 0.00793632399291, 0.0111962873489, 0.00806904770434, 0.00786938518286, 0.00341399526224, 0.00418906332925, 0.00280073308386, 0.00338523299433, 0.00357455643825, 0.00298892427236, 0.00405476614833, 0.00137570302468, 0.00152037292719, 0.000467749108793, 2.45699538937e-07, 1.1569476932e-08],
        "mean": [0.000122741243104, 0.000345766922692, 0.00105426006485, 0.00232374737971, 0.00990833807737, 0.0045228805393, 0.00443904940039, 0.00271435035393, 0.00180433539208, 0.00101663707756, 0.000353245966835, 0.000397538038669, 0.000453480839496, 0.000255799241131, 0.000204784548259, 0.000181883646292, 0.000105462298961, 0.000107247309643, 0.000113966030767, 0.000151606582222, 0.000111909932457, 0.000112312860438, 3.48471075995e-05, 2.11739006772e-05, 4.43102044301e-06, 4.17553414067e-09, 1.00301777994e-09],
        "median": [4.66076744488e-06, 4.11254222854e-05, 0.000462643482024, 0.000936050608288, 0.00848930049688, 0.00325438193977, 0.00233859452419, 0.000840504420921, 0.000795826781541, 0.000399300217396, 0.000158011447638, 0.000160293420777, 0.000182182673598, 8.91977178981e-05, 7.65013028285e-05, 8.43587113195e-05, 5.11416255904e-05, 3.85240091418e-05, 3.76739044441e-05, 4.42964374088e-05, 3.22723244608e-05, 1.92298175534e-05, 6.83853750161e-06, 3.49757374352e-06, 6.03302339641e-07, 1.42237388534e-09, 4.45583542286e-10],
        "min": [1.38440283542e-11, 3.73750030924e-10, 2.56973087254e-09, 4.90681184573e-09, 3.60376297692e-08, 1.08991260461e-09, 1.5640573281e-08, 5.68974645176e-10, 3.77847264588e-09, 2.79888334731e-10, 2.25033658374e-10, 4.62179933214e-10, 5.3503979025e-10, 4.24047602587e-10, 1.3752790573e-10, 2.55959198281e-10, 2.41430347936e-10, 1.68281690666e-11, 6.3400215633e-11, 1.83417545041e-10, 4.65033081487e-11, 5.62958915595e-11, 6.31187810352e-11, 2.97837206287e-11, 1.87314972561e-11, 8.63112532834e-12, 1.05306648818e-11],
        "var": [4.68756894634e-07, 1.58033014941e-06, 3.49869060301e-06, 1.47911696331e-05, 6.74199472996e-05, 2.30653768085e-05, 5.2785679145e-05, 3.22428131767e-05, 9.0078165158e-06, 3.60237299901e-06, 3.6376829371e-07, 4.32755342672e-07, 5.69339704271e-07, 2.69039134082e-07, 1.55031415261e-07, 8.02703752356e-08, 3.09370093987e-08, 3.82236535756e-08, 4.34997460275e-08, 7.51693534085e-08, 4.95901808506e-08, 5.58772086379e-08, 1.07041548958e-08, 4.65130245431e-09, 2.90870966202e-10, 1.43759053848e-16, 1.8812665865e-18]
    },
    "erbbands": {
        "dmean": [0.0201727487147, 0.0710550174117, 0.523293018341, 2.17325496674, 8.95594787598, 16.2893371582, 11.9745550156, 18.1661071777, 31.9478244781, 26.3074531555, 25.3893604279, 22.7024612427, 12.6311388016, 14.033203125, 9.55776405334, 6.55383110046, 13.4182319641, 7.31735706329, 7.1864733696, 4.57649517059, 4.24674320221, 3.43437600136, 3.50845336914, 3.10407733917, 3.41291093826, 4.22400617599, 2.98365402222, 2.8821618557, 2.48432898521, 1.33267211914, 0.709382295609, 0.416532576084, 0.248383685946, 0.0863189846277, 0.00662631588057, 0.000298190105241, 1.95015345525e-05, 3.54507028533e-06, 5.0674520935e-06, 1.08140393422e-05],
        "dmean2": [0.034189414233, 0.118029654026, 0.871742069721, 3.52657628059, 13.9954891205, 25.4136390686, 17.9414978027, 27.397315979, 46.5767173767, 39.0890693665, 35.8735084534, 33.1522979736, 17.8757629395, 21.2575893402, 14.1742582321, 9.63613319397, 20.1952857971, 10.7242708206, 11.173997879, 7.06066846848, 6.42462730408, 5.22318983078, 5.47178554535, 4.56853866577, 4.92882490158, 6.0822687149, 4.52134609222, 4.2469367981, 3.6970334053, 2.04446196556, 1.08583760262, 0.640379190445, 0.386120945215, 0.138704806566, 0.0107526108623, 0.000480219197925, 3.06883521262e-05, 5.4931088016e-06, 7.62478566685e-06, 1.63456370501e-05],
        "dvar": [0.0065073701553, 0.0456811785698, 2.14798998833, 19.0547561646, 222.315322876, 733.020935059, 634.665222168, 1195.50170898, 6159.76953125, 4837.65820312, 7780.40625, 2515.0168457, 1163.26098633, 872.071105957, 325.157348633, 179.709075928, 795.014831543, 381.961517334, 248.895797729, 102.214942932, 87.859703064, 64.7429275513, 78.9246139526, 61.8539390564, 61.1571044922, 95.5459747314, 65.6185455322, 58.3782730103, 42.5077629089, 19.4313735962, 6.06014156342, 2.16362428665, 1.03478384018, 0.161387950182, 0.00100343453232, 1.97252620637e-06, 5.74177727586e-09, 1.26645249843e-10, 8.06297251188e-11, 3.11662501362e-10],
        "dvar2": [0.0167718753219, 0.121017180383, 5.84830570221, 47.2660293579, 552.359863281, 1925.56677246, 1560.22265625, 2942.2199707, 13678.2861328, 10873.0390625, 17423.7382812, 5232.70458984, 2291.29882812, 2094.02490234, 729.164123535, 371.776611328, 1799.51550293, 880.387634277, 550.892883301, 230.36706543, 209.660491943, 161.539459229, 194.882705688, 135.245956421, 130.184555054, 214.456222534, 159.902191162, 139.318206787, 101.297210693, 47.7004585266, 14.8858070374, 4.94080543518, 2.62199783325, 0.42709851265, 0.00268958136439, 5.27631800651e-06, 1.48671901457e-08, 3.15048487298e-10, 1.89889812208e-10, 7.29678761857e-10],
        "max": [1.47011494637, 3.82817339897, 25.8807621002, 64.3921585083, 292.32220459, 438.856658936, 390.315826416, 516.928588867, 1297.4765625, 1105.23413086, 2831.86474609, 1104.69274902, 766.317443848, 410.398956299, 347.23449707, 329.549041748, 445.64956665, 444.510314941, 307.660919189, 178.629150391, 159.216751099, 189.489013672, 160.14352417, 172.878967285, 148.058258057, 163.197463989, 138.61517334, 162.507125854, 135.676422119, 79.5685958862, 40.9354400635, 29.7415084839, 25.1834373474, 9.71890926361, 0.753823876381, 0.0336054004729, 0.00167349691037, 0.000231753816479, 0.000117485709779, 0.000218453787966],
        "mean": [0.0152120739222, 0.0746547281742, 0.915440917015, 4.88442659378, 20.6228733063, 36.2682800293, 29.8951702118, 43.3397102356, 65.739364624, 53.4421958923, 53.1931381226, 49.1619033813, 28.7797698975, 27.8675613403, 19.6860427856, 13.3945131302, 23.111661911, 14.2655572891, 12.7444620132, 8.88396167755, 9.19276809692, 6.52333641052, 5.57653474808, 5.63410949707, 6.1062297821, 7.36903953552, 4.75729608536, 4.98035478592, 4.18167543411, 1.9147362709, 0.931464135647, 0.540565192699, 0.305694252253, 0.0975922420621, 0.00680464645848, 0.000331365357852, 3.18181955663e-05, 6.37809762338e-06, 1.61813331943e-05, 3.53907889803e-05],
        "median": [0.000965981918853, 0.018139783293, 0.414616733789, 2.65172052383, 13.651556015, 27.2147903442, 17.7096881866, 30.490442276, 37.5579299927, 24.902929306, 22.2625713348, 24.6106815338, 11.740272522, 12.0497341156, 9.75736618042, 6.43917989731, 9.3171710968, 6.31118297577, 5.84989500046, 4.41486930847, 4.46012592316, 3.42316627502, 2.13332915306, 1.74301624298, 2.2626683712, 2.13755822182, 1.40853404999, 1.2286273241, 0.728093624115, 0.37971752882, 0.185774773359, 0.085779376328, 0.0536188669503, 0.0152742434293, 0.000912104151212, 6.57061318634e-05, 1.58032526087e-05, 3.43042643181e-06, 1.48019262269e-05, 3.30816437781e-05],
        "min": [1.26145272006e-08, 2.46933069548e-07, 9.66532206803e-06, 1.39074400067e-05, 6.82800309733e-05, 0.000147083395859, 4.53023167211e-05, 2.37494004978e-05, 0.000333334843162, 0.000143503159052, 4.85203127027e-05, 0.000127781575429, 4.97087821714e-05, 1.37234765134e-05, 1.55522848218e-05, 1.56793121278e-05, 2.98943286907e-05, 2.40719291469e-05, 1.26582299345e-05, 8.73833323567e-06, 1.43828719956e-05, 1.14722033686e-05, 1.25062081224e-06, 2.06798017643e-06, 6.91631703376e-06, 7.59814929552e-06, 1.81478867489e-06, 2.30516684496e-06, 1.70425062151e-06, 2.16552189158e-06, 1.49100071667e-06, 4.99396946907e-07, 4.63360152025e-07, 3.21642687595e-07, 7.30384641656e-08, 3.50707729524e-08, 1.43274050401e-08, 6.82618050973e-09, 1.28117849663e-09, 2.78119582919e-10],
        "var": [0.00486471131444, 0.0378985218704, 2.62230873108, 45.3618965149, 475.445007324, 1321.25305176, 1294.44665527, 2232.23046875, 8634.40136719, 7874.5703125, 11387.7705078, 6111.67285156, 4040.2019043, 1688.64465332, 794.98638916, 454.803955078, 1469.01647949, 745.219604492, 427.916687012, 190.178527832, 189.068695068, 97.3172836304, 104.815475464, 107.623451233, 108.705871582, 184.748123169, 90.3658447266, 100.618286133, 74.8518218994, 25.4025363922, 7.41317605972, 2.94869995117, 1.0145804882, 0.132567986846, 0.000772771425545, 1.54153303811e-06, 5.14601117274e-09, 1.36327116262e-10, 1.10405379283e-10, 4.39326047763e-10]
    },
    "gfcc": {
        "mean": [-64.7518463135, 161.896331787, -147.21585083, 27.1792011261, -89.5131454468, -15.6716766357, -37.8863601685, -28.3335037231, -12.5184049606, -23.7543468475, -3.28596663475, -25.1629505157, 2.88156366348],
        "cov": [[6027.88964844, -1600.4564209, -1410.88757324, 805.672241211, -744.345581055, 566.103149414, -193.260513306, 265.134155273, -88.6512832642, 109.781700134, 107.406906128, -22.487569809, 171.993896484], [-1600.4564209, 990.64465332, 547.17767334, -387.870147705, 426.687164307, -244.44342041, 158.968475342, -94.5229568481, 60.1445198059, -66.1365280151, -28.6602535248, -19.7330703735, -100.325828552], [-1410.88757324, 547.17767334, 946.620422363, 4.36855506897, 293.064086914, 24.216802597, 18.9985961914, 12.100687027, 56.4322090149, -20.5044269562, -27.3180179596, -7.08903551102, -62.8583946228], [805.672241211, -387.870147705, 4.36855506897, 565.747070312, 5.58579111099, 228.587142944, -59.3296661377, 104.334960938, 13.5391378403, 49.0203170776, 25.2164611816, 11.7261838913, 52.8415412903], [-744.345581055, 426.687164307, 293.064086914, 5.58579111099, 369.482971191, -61.6725082397, 23.5973339081, -6.91403913498, 32.9673042297, 2.74090051651, -14.1010694504, -0.822281599045, -17.6806964874], [566.103149414, -244.44342041, 24.216802597, 228.587142944, -61.6725082397, 315.963562012, 14.7505187988, 91.8360137939, -14.3161277771, 30.8144931793, 31.2620944977, -10.2387275696, 9.82674217224], [-193.260513306, 158.968475342, 18.9985961914, -59.3296661377, 23.5973339081, 14.7505187988, 203.836395264, -4.81592607498, -2.79553771019, -2.02380943298, 8.84351730347, 17.5256385803, -29.4067821503], [265.134155273, -94.5229568481, 12.100687027, 104.334960938, -6.91403913498, 91.8360137939, -4.81592607498, 139.273574829, 7.94735193253, 23.2931785583, 36.3023910522, 10.0882177353, 35.5555419922], [-88.6512832642, 60.1445198059, 56.4322090149, 13.5391378403, 32.9673042297, -14.3161277771, -2.79553771019, 7.94735193253, 130.383636475, 35.0962295532, -28.9459991455, 6.9474811554, 11.3638296127], [109.781700134, -66.1365280151, -20.5044269562, 49.0203170776, 2.74090051651, 30.8144931793, -2.02380943298, 23.2931785583, 35.0962295532, 83.5002059937, 18.566734314, 6.91122484207, 22.2677001953], [107.406906128, -28.6602535248, -27.3180179596, 25.2164611816, -14.1010694504, 31.2620944977, 8.84351730347, 36.3023910522, -28.9459991455, 18.566734314, 93.9238891602, 24.2107067108, 8.06995868683], [-22.487569809, -19.7330703735, -7.08903551102, 11.7261838913, -0.822281599045, -10.2387275696, 17.5256385803, 10.0882177353, 6.9474811554, 6.91122484207, 24.2107067108, 78.8279647827, 34.3520584106], [171.993896484, -100.325828552, -62.8583946228, 52.8415412903, -17.6806964874, 9.82674217224, -29.4067821503, 35.5555419922, 11.3638296127, 22.2677001953, 8.06995868683, 34.3520584106, 79.4704437256]],
        "icov": [[0.000564321060665, -0.00126015278511, 0.00108175829519, -0.00113298196811, 0.00152782653458, -0.000798509456217, 0.000962891033851, -0.000600073952228, 0.000540334673133, -0.000726908270735, 0.00061066262424, -0.000310864765197, 5.90010604355e-05], [-0.00126015278511, 0.0178807023913, -0.0067937662825, 0.00983702205122, -0.015971262008, 0.00557106826454, -0.0103659927845, 0.00343058933504, -0.00804476998746, 0.0103954123333, -0.00864232238382, 0.00697146030143, -0.000125237042084], [0.00108175829519, -0.0067937662825, 0.00495699327439, -0.00411945767701, 0.00530169764534, -0.00320673710667, 0.00457232026383, -0.00216272985563, 0.0024470302742, -0.00343885016628, 0.00361606292427, -0.00315039255656, 0.00158591580112], [-0.00113298196811, 0.00983702205122, -0.00411945767701, 0.00877258647233, -0.00978246890008, 0.00130768225063, -0.00493156351149, 0.00163644400891, -0.00452536297962, 0.00524401292205, -0.00448624184355, 0.00309274275787, -0.000819527718704], [0.00152782653458, -0.015971262008, 0.00530169764534, -0.00978246890008, 0.018631760031, -0.00384604791179, 0.00874790642411, -0.00348044349812, 0.00704606762156, -0.00984013825655, 0.0076961973682, -0.00556450849399, 1.72990821738e-05], [-0.000798509456217, 0.00557106826454, -0.00320673710667, 0.00130768225063, -0.00384604791179, 0.0080736130476, -0.00464970944449, -0.00099804031197, -0.00146706763189, 0.00201261253096, -0.00289601320401, 0.00339046027511, 0.000701668905094], [0.000962891033851, -0.0103659927845, 0.00457232026383, -0.00493156351149, 0.00874790642411, -0.00464970944449, 0.0122107435018, -0.00264177331701, 0.00469339406118, -0.00655163777992, 0.00539345759898, -0.00715390965343, 0.00365623203106], [-0.000600073952228, 0.00343058933504, -0.00216272985563, 0.00163644400891, -0.00348044349812, -0.00099804031197, -0.00264177331701, 0.0124431857839, -0.00302835996263, 0.00276056514122, -0.00595202483237, 0.00334963202477, -0.00554877286777], [0.000540334673133, -0.00804476998746, 0.0024470302742, -0.00452536297962, 0.00704606762156, -0.00146706763189, 0.00469339406118, -0.00302835996263, 0.0144878095016, -0.0103614088148, 0.00890592951328, -0.0051012118347, 0.000592093274463], [-0.000726908270735, 0.0103954123333, -0.00343885016628, 0.00524401292205, -0.00984013825655, 0.00201261253096, -0.00655163777992, 0.00276056514122, -0.0103614088148, 0.0231151040643, -0.0100506069139, 0.00644472101703, -0.00436817016453], [0.00061066262424, -0.00864232238382, 0.00361606292427, -0.00448624184355, 0.0076961973682, -0.00289601320401, 0.00539345759898, -0.00595202483237, 0.00890592951328, -0.0100506069139, 0.0203481670469, -0.00961453840137, 0.00397272687405], [-0.000310864765197, 0.00697146030143, -0.00315039255656, 0.00309274275787, -0.00556450849399, 0.00339046027511, -0.00715390965343, 0.00334963202477, -0.0051012118347, 0.00644472101703, -0.00961453840137, 0.0226787384599, -0.0107807982713], [5.90010604355e-05, -0.000125237042084, 0.00158591580112, -0.000819527718704, 1.72990821738e-05, 0.000701668905094, 0.00365623203106, -0.00554877286777, 0.000592093274463, -0.00436817016453, 0.00397272687405, -0.0107807982713, 0.0232454072684]]
    },
    "melbands": {
        "dmean": [0.00014588193153, 0.000206456257729, 0.000507142685819, 0.000997804105282, 0.000462803873233, 0.000388083019061, 0.000497258733958, 0.000292759359581, 0.000206170603633, 0.000134553716634, 6.21571816737e-05, 5.88204311498e-05, 3.08288217639e-05, 2.43907015829e-05, 1.99094210984e-05, 2.56991552305e-05, 1.46201800817e-05, 1.14447793749e-05, 9.40089284995e-06, 6.10490315012e-06, 5.12763790539e-06, 3.73212355953e-06, 4.47892170996e-06, 2.67301516033e-06, 2.66587471742e-06, 2.14064698412e-06, 2.84830070996e-06, 2.96953089673e-06, 1.9911256004e-06, 1.63750746651e-06, 1.82543135452e-06, 1.5887602558e-06, 1.02660249013e-06, 6.50122217394e-07, 4.31950496704e-07, 3.20438971357e-07, 2.32108135378e-07, 1.93796978465e-07, 1.24451204897e-07, 5.71841383135e-08],
        "dmean2": [0.000242069989326, 0.000341841281625, 0.000795671192463, 0.00156270689331, 0.000691558700055, 0.000583715562243, 0.000720262527466, 0.000430796586443, 0.000289587886073, 0.000198489738978, 8.8061686256e-05, 8.92929456313e-05, 4.63294418296e-05, 3.62820428563e-05, 2.94017772831e-05, 3.83245387638e-05, 2.17720826186e-05, 1.79780763574e-05, 1.44970226756e-05, 9.06239347387e-06, 7.90402100392e-06, 5.7391921473e-06, 7.17143348083e-06, 4.15938666265e-06, 3.98209431296e-06, 3.15346073876e-06, 4.12055669585e-06, 4.37392009189e-06, 3.08997323373e-06, 2.47192883762e-06, 2.69268139164e-06, 2.39179530581e-06, 1.5569921743e-06, 1.0222521496e-06, 6.77548371186e-07, 4.9290105153e-07, 3.67424320302e-07, 3.0318295785e-07, 1.97843021965e-07, 9.28829493319e-08],
        "dvar": [3.0286389574e-07, 3.34728838425e-07, 8.7695309503e-07, 2.42212990997e-06, 7.94124048298e-07, 5.26697192527e-07, 1.59512296705e-06, 6.03909086294e-07, 4.32885371993e-07, 8.61759446025e-08, 3.05633207631e-08, 1.56074069224e-08, 3.84538356712e-09, 2.13296935669e-09, 2.00210492629e-09, 3.39452221887e-09, 1.83438142454e-09, 6.41541320068e-10, 4.80141593151e-10, 1.91350213452e-10, 1.25886245872e-10, 7.54860132735e-11, 1.04792084732e-10, 7.0524648621e-11, 4.557265329e-11, 2.679152733e-11, 4.01162297825e-11, 5.05031225173e-11, 3.25788111766e-11, 1.8138794286e-11, 2.56822202394e-11, 1.74146860127e-11, 8.31705017357e-12, 5.41363611925e-12, 2.36333608933e-12, 1.16614779899e-12, 7.27455313869e-13, 6.60910562389e-13, 2.60979605982e-13, 8.2688000056e-14],
        "dvar2": [7.70328881572e-07, 9.08629942842e-07, 2.05169749279e-06, 6.50388528811e-06, 1.97468557417e-06, 1.27822704599e-06, 3.5285818285e-06, 1.38787481774e-06, 9.43881900639e-07, 1.79634056963e-07, 6.05785501762e-08, 3.7276510767e-08, 8.81495676452e-09, 4.63259652861e-09, 4.15908418816e-09, 7.94717358588e-09, 4.14770484625e-09, 1.43377265616e-09, 1.01744734859e-09, 4.30025376419e-10, 3.03570474314e-10, 1.90056775873e-10, 2.67218885908e-10, 1.80251674697e-10, 1.00418243165e-10, 5.89142831742e-11, 8.2957238301e-11, 1.17904686014e-10, 8.09707509375e-11, 4.28139537711e-11, 6.27873725234e-11, 4.18795033374e-11, 1.92654555503e-11, 1.360235969e-11, 5.99476067745e-12, 2.66757254307e-12, 1.68355986704e-12, 1.68754756263e-12, 6.73759171285e-13, 2.24392919068e-13],
        "max": [0.0104103218764, 0.00972597487271, 0.0134142013267, 0.0255525521934, 0.0131544647738, 0.0109712230042, 0.021441552788, 0.0117317633703, 0.0192127376795, 0.00649137608707, 0.00406771572307, 0.00182042410597, 0.00109211157542, 0.000861534499563, 0.00111645611469, 0.00145164795686, 0.00100696238223, 0.000404250517022, 0.000647887878586, 0.000257647276158, 0.000170187515323, 0.000205583695788, 0.000209912584978, 0.000214923988096, 0.000146429112647, 0.000112301007903, 0.00011914416973, 0.000116641524073, 0.000107969470264, 6.36078402749e-05, 0.000119425596495, 8.54160025483e-05, 5.19757486472e-05, 3.95253555325e-05, 2.70317632385e-05, 1.87996283785e-05, 1.67994803633e-05, 2.10878752114e-05, 1.09327129394e-05, 7.59024078434e-06],
        "mean": [0.000116126568173, 0.000336093566148, 0.00119026063476, 0.00227446830831, 0.00115056009963, 0.000932306633331, 0.00100744853262, 0.000595749821514, 0.000429426756455, 0.000281992979581, 0.000133539288072, 0.000113338217488, 5.89267583564e-05, 5.11555008416e-05, 3.36543853336e-05, 4.50600273325e-05, 2.55037411989e-05, 1.99633832381e-05, 1.57399663294e-05, 1.14084205052e-05, 1.05092449303e-05, 6.60921477902e-06, 6.42987788524e-06, 4.09913127442e-06, 4.7027947403e-06, 3.50612731381e-06, 5.21757192473e-06, 4.83230633108e-06, 2.99105340673e-06, 2.58484283222e-06, 3.05874118567e-06, 2.63292486125e-06, 1.62738058407e-06, 8.17823604393e-07, 5.4554595863e-07, 4.1770158532e-07, 2.89329733505e-07, 2.33921880977e-07, 1.45347584635e-07, 5.95186158137e-08],
        "median": [1.00670476968e-05, 0.0001459242485, 0.000676313822623, 0.00179713382386, 0.000804050534498, 0.000684442929924, 0.00056798546575, 0.000250482029514, 0.000182594172657, 0.000129521504277, 3.96850082325e-05, 4.37990092905e-05, 2.91143369395e-05, 2.08544624911e-05, 1.4621504306e-05, 1.94406784431e-05, 9.31471731747e-06, 8.92934076546e-06, 6.61501690047e-06, 4.56584575659e-06, 4.82372570332e-06, 3.17763260682e-06, 2.26676138482e-06, 1.31566741857e-06, 1.30463081405e-06, 1.20357583455e-06, 1.67191217315e-06, 1.24154973946e-06, 7.64760670791e-07, 7.44236899664e-07, 6.11616940205e-07, 3.98495842546e-07, 2.93135514084e-07, 1.59679458989e-07, 1.07242719594e-07, 6.37408632542e-08, 4.13069649596e-08, 3.8631938537e-08, 2.42111450888e-08, 7.64292185096e-09],
        "min": [7.94700416584e-11, 1.55993984396e-09, 3.80069797856e-09, 8.50711590061e-09, 2.71611444447e-09, 4.47211295773e-10, 5.2038302556e-09, 1.16098219927e-09, 5.74514769092e-10, 5.91984017362e-10, 2.33209507261e-10, 4.74504116554e-11, 3.9421074044e-11, 4.32596770905e-11, 5.79708607507e-11, 6.21497783793e-11, 4.08379580152e-11, 2.18920905709e-11, 1.00153722121e-11, 1.52069346698e-11, 1.70906275243e-11, 1.44299988625e-11, 1.65809195801e-12, 6.61208609566e-13, 1.69258704275e-12, 2.50239651049e-12, 6.62345438912e-12, 4.04480615668e-12, 1.06612581176e-12, 6.4150285561e-13, 1.76571431088e-12, 9.10647642363e-13, 1.09628896672e-12, 1.24856635447e-12, 9.5704368909e-13, 4.9938986323e-13, 2.18677777709e-13, 2.85868767894e-13, 3.32969383402e-13, 2.59510186777e-13],
        "var": [2.36458888025e-07, 3.8927771584e-07, 2.31618491853e-06, 4.40145413449e-06, 1.52684663135e-06, 9.98847895062e-07, 2.22705079977e-06, 1.11674751224e-06, 6.82634038185e-07, 2.12072279737e-07, 1.05761756686e-07, 3.03815959057e-08, 7.63197949283e-09, 7.11030700984e-09, 3.75363873317e-09, 5.53423573635e-09, 3.25444893257e-09, 1.05754882629e-09, 8.69601668452e-10, 4.078461735e-10, 2.60747395897e-10, 1.12164916244e-10, 1.40834427453e-10, 7.46046766031e-11, 8.00199836948e-11, 4.18596476925e-11, 8.61533622221e-11, 8.88175019642e-11, 4.07200939634e-11, 2.78441054935e-11, 4.30643472271e-11, 3.09423320299e-11, 1.41217332966e-11, 6.15689530609e-12, 2.59967828514e-12, 1.74198806421e-12, 9.09572113808e-13, 6.38794681214e-13, 2.36263835102e-13, 6.23580573571e-14]
    },
    "mfcc": {
        "mean": [-687.058288574, 163.996170044, -2.74774003029, 18.657245636, -23.4226779938, -4.21193218231, -20.6869754791, -16.0927009583, -13.0222139359, -10.1475543976, -11.8937587738, -8.40176773071, -7.96209955215],
        "cov": [[7095.19726562, -2155.69726562, -962.001647949, 96.4734649658, -443.263305664, 176.32421875, 4.57518339157, 126.542579651, 2.86259937286, 133.407821655, 101.389938354, 109.119880676, -151.222488403], [-2155.69726562, 1473.07177734, 172.02204895, -72.8702926636, 145.173980713, -107.242660522, 22.300403595, -30.1426181793, -6.06921863556, -23.6229114532, -26.482585907, -55.8768386841, 82.3105926514], [-962.001647949, 172.02204895, 651.168884277, 62.5351486206, 210.639389038, 80.6036529541, 71.9801559448, 79.0375518799, 54.0521850586, 32.9905204773, 15.5295524597, 37.6878128052, 63.8648033142], [96.4734649658, -72.8702926636, 62.5351486206, 301.167297363, 163.638183594, 61.8987045288, 27.1120834351, 26.522485733, 54.0970878601, 23.2753200531, 4.50176620483, 39.2890625, 18.8602828979], [-443.263305664, 145.173980713, 210.639389038, 163.638183594, 388.435333252, 43.8750228882, 40.6812133789, 14.8771286011, 61.5499839783, 34.1313781738, 15.5333118439, 31.0899353027, 3.3331694603], [176.32421875, -107.242660522, 80.6036529541, 61.8987045288, 43.8750228882, 191.942367554, 45.1033782959, 44.4050521851, 45.5647964478, 38.0090560913, 50.2643203735, 30.0486888885, -15.1890296936], [4.57518339157, 22.300403595, 71.9801559448, 27.1120834351, 40.6812133789, 45.1033782959, 220.939529419, 77.7852096558, -13.7440080643, 29.610326767, 28.1903896332, 30.5750522614, 8.95349884033], [126.542579651, -30.1426181793, 79.0375518799, 26.522485733, 14.8771286011, 44.4050521851, 77.7852096558, 131.314163208, 26.6582794189, 24.7937812805, 18.2333068848, 22.5701694489, 21.5846157074], [2.86259937286, -6.06921863556, 54.0521850586, 54.0970878601, 61.5499839783, 45.5647964478, -13.7440080643, 26.6582794189, 140.825592041, 28.2174224854, 16.8414535522, 22.6283836365, 21.3099365234], [133.407821655, -23.6229114532, 32.9905204773, 23.2753200531, 34.1313781738, 38.0090560913, 29.610326767, 24.7937812805, 28.2174224854, 98.1917495728, 36.080619812, 17.2069625854, 5.56631660461], [101.389938354, -26.482585907, 15.5295524597, 4.50176620483, 15.5333118439, 50.2643203735, 28.1903896332, 18.2333068848, 16.8414535522, 36.080619812, 93.6448440552, 26.8339214325, -7.97062921524], [109.119880676, -55.8768386841, 37.6878128052, 39.2890625, 31.0899353027, 30.0486888885, 30.5750522614, 22.5701694489, 22.6283836365, 17.2069625854, 26.8339214325, 84.8212280273, 22.5915985107], [-151.222488403, 82.3105926514, 63.8648033142, 18.8602828979, 3.3331694603, -15.1890296936, 8.95349884033, 21.5846157074, 21.3099365234, 5.56631660461, -7.97062921524, 22.5915985107, 97.8799972534]],
