{
"lowlevel": {
    "average_loudness": 0.966595828533,
    "barkbands_crest": {
        "dmean": 2.12585711479,
        "dmean2": 3.39178037643,
        "dvar": 3.79591012001,
        "dvar2": 10.0100650787,
        "max": 21.7019729614,
        "mean": 11.2462062836,
        "median": 10.9063463211,
        "min": 4.40307378769,
        "var": 10.6415948868
    },
    "barkbands_flatness_db": {
        "dmean": 0.0254665948451,
        "dmean2": 0.037363499403,
        "dvar": 0.000677149859257,
        "dvar2": 0.00135738903191,
        "max": 0.453753083944,
        "mean": 0.227487981319,
        "median": 0.215222314,
        "min": 0.0518379099667,
        "var": 0.00493127945811
    },
    "barkbands_kurtosis": {
        "dmean": 6.77045726776,
        "dmean2": 10.8710918427,
        "dvar": 91.5132904053,
        "dvar2": 226.102554321,
        "max": 105.032295227,
        "mean": 15.4653482437,
        "median": 13.0264225006,
        "min": -1.94773364067,
        "var": 217.487869263
    },
    "barkbands_skewness": {
        "dmean": 0.685586154461,
        "dmean2": 1.07379126549,
        "dvar": 0.620108246803,
        "dvar2": 1.42700064182,
        "max": 9.0201625824,
        "mean": 2.82186675072,
        "median": 2.86155343056,
        "min": -1.38261246681,
        "var": 1.88879024982
    },
    "barkbands_spread": {
        "dmean": 4.29526901245,
        "dmean2": 6.43592357635,
        "dvar": 78.8357849121,
        "dvar2": 148.874328613,
        "max": 95.7780075073,
        "mean": 12.7874479294,
        "median": 7.81991481781,
        "min": 0.718791246414,
        "var": 207.338912964
    },
    "dissonance": {
        "dmean": 0.021159125492,
        "dmean2": 0.0341692604125,
        "dvar": 0.000388238171581,
        "dvar2": 0.00101406231988,
        "max": 0.49971473217,
        "mean": 0.445292383432,
        "median": 0.451975166798,
        "min": 0.29335591197,
        "var": 0.000971357221715
    },
    "dynamic_complexity": 3.28894424438,
    "erbbands_crest": {
        "dmean": 2.30727386475,
        "dmean2": 3.55329418182,
        "dvar": 4.46237468719,
        "dvar2": 11.0908985138,
        "max": 22.916727066,
        "mean": 9.78221035004,
        "median": 9.27062034607,
        "min": 3.37811326981,
        "var": 11.3609790802
    },
    "erbbands_flatness_db": {
        "dmean": 0.0179893635213,
        "dmean2": 0.026412056759,
        "dvar": 0.000401415105443,
        "dvar2": 0.000843162531964,
        "max": 0.302578926086,
        "mean": 0.178943663836,
        "median": 0.178099676967,
        "min": 0.0623579211533,
        "var": 0.00161545770243
    },
    "erbbands_kurtosis": {
        "dmean": 1.40440237522,
        "dmean2": 2.1337082386,
        "dvar": 5.0387506485,
        "dvar2": 10.8055276871,
        "max": 26.1828479767,
        "mean": 1.55689132214,
        "median": 0.125367879868,
        "min": -1.82324886322,
        "var": 14.9434318542
    },
    "erbbands_skewness": {
        "dmean": 0.423491626978,
        "dmean2": 0.608892500401,
        "dvar": 0.237340658903,
        "dvar2": 0.445448994637,
        "max": 4.16128110886,
        "mean": 0.84591960907,
        "median": 0.810656487942,
        "min": -3.00567126274,
        "var": 1.32576191425
    },
    "erbbands_spread": {
        "dmean": 9.79761123657,
        "dmean2": 14.5867214203,
        "dvar": 189.267593384,
        "dvar2": 455.640289307,
        "max": 153.178848267,
        "mean": 44.2163085938,
        "median": 41.0483131409,
        "min": 4.5939617157,
        "var": 525.553344727
    },
    "hfc": {
        "dmean": 5.92245006561,
        "dmean2": 8.67066478729,
        "dvar": 156.926651001,
        "dvar2": 281.273620605,
        "max": 203.636932373,
        "mean": 17.5117015839,
        "median": 12.1033945084,
        "min": 1.83092811312e-06,
        "var": 384.320556641
    },
    "melbands_crest": {
        "dmean": 2.74703264236,
        "dmean2": 4.5103263855,
        "dvar": 6.70751285553,
        "dvar2": 17.4646720886,
        "max": 29.7063503265,
        "mean": 15.8789348602,
        "median": 15.3945732117,
        "min": 3.98047685623,
        "var": 19.1851177216
    },
    "melbands_flatness_db": {
        "dmean": 0.0302437338978,
        "dmean2": 0.0427024103701,
        "dvar": 0.000987253966741,
        "dvar2": 0.0018723505782,
        "max": 0.600926399231,
        "mean": 0.319066941738,
        "median": 0.304134100676,
        "min": 0.068770185113,
        "var": 0.00836099963635
    },
    "melbands_kurtosis": {
        "dmean": 15.2821779251,
        "dmean2": 24.6003379822,
        "dvar": 519.370361328,
        "dvar2": 1334.68200684,
        "max": 349.486236572,
        "mean": 37.424041748,
        "median": 30.5372276306,
        "min": -1.49517738819,
        "var": 1056.58093262
    },
    "melbands_skewness": {
        "dmean": 0.927836716175,
        "dmean2": 1.43723988533,
        "dvar": 1.10527098179,
        "dvar2": 2.67528891563,
        "max": 13.2347421646,
        "mean": 4.18460845947,
        "median": 4.03917551041,
        "min": 0.113153241575,
        "var": 3.28055548668
    },
    "melbands_spread": {
        "dmean": 4.12600421906,
        "dmean2": 6.1210269928,
        "dvar": 100.68686676,
        "dvar2": 195.075759888,
        "max": 169.001403809,
        "mean": 10.6029195786,
        "median": 5.33970165253,
        "min": 0.796315908432,
        "var": 210.007827759
    },
    "pitch_salience": {
        "dmean": 0.0672589838505,
        "dmean2": 0.109418354928,
        "dvar": 0.00393382040784,
        "dvar2": 0.0100676584989,
        "max": 0.772864758968,
        "mean": 0.526565790176,
        "median": 0.525751769543,
        "min": 0.154109627008,
        "var": 0.00946268811822
    },
    "silence_rate_20dB": {
        "dmean": 0,
        "dmean2": 0,
        "dvar": 0,
        "dvar2": 0,
        "max": 1,
        "mean": 1,
        "median": 1,
        "min": 1,
        "var": 0
    },
    "silence_rate_30dB": {
        "dmean": 0.00928792543709,
        "dmean2": 0.018590239808,
        "dvar": 0.00920161418617,
        "dvar2": 0.0228919442743,
        "max": 1,
        "mean": 0.993039429188,
        "median": 1,
        "min": 0,
        "var": 0.00691218068823
    },
    "silence_rate_60dB": {
        "dmean": 0.0061919502914,
        "dmean2": 0.0123934932053,
        "dvar": 0.00615342566743,
        "dvar2": 0.0137890549377,
        "max": 1,
        "mean": 0.0641918033361,
        "median": 0,
        "min": 0,
        "var": 0.0600705593824
    },
    "spectral_centroid": {
        "dmean": 187.461730957,
        "dmean2": 269.611480713,
        "dvar": 168501.9375,
        "dvar2": 238765.6875,
        "max": 10848.3876953,
        "mean": 741.867675781,
        "median": 569.81060791,
        "min": 144.072189331,
        "var": 377093.78125
    },
    "spectral_complexity": {
        "dmean": 2.01547980309,
        "dmean2": 3.1061193943,
        "dvar": 6.67777442932,
        "dvar2": 13.2784814835,
        "max": 36,
        "mean": 11.572312355,
        "median": 11,
        "min": 0,
        "var": 38.846698761
    },
    "spectral_decrease": {
        "dmean": 3.2025093688e-09,
        "dmean2": 5.12360420757e-09,
        "dvar": 1.46039034931e-17,
        "dvar2": 3.55678762934e-17,
        "max": -1.56568989866e-15,
        "mean": -1.11002940173e-08,
        "median": -1.12321476564e-08,
        "min": -3.99880306645e-08,
        "var": 4.0727441834e-17
    },
    "spectral_energy": {
        "dmean": 0.0123506346717,
        "dmean2": 0.0197256878018,
        "dvar": 0.000213668055949,
        "dvar2": 0.00051976821851,
        "max": 0.153068959713,
        "mean": 0.0434834063053,
        "median": 0.0446284934878,
        "min": 6.07533845454e-09,
        "var": 0.00060494733043
    },
    "spectral_energyband_high": {
        "dmean": 0.000416643568315,
        "dmean2": 0.000587093934882,
        "dvar": 2.40931331064e-06,
        "dvar2": 4.11841756431e-06,
        "max": 0.0270471740514,
        "mean": 0.000698484189343,
        "median": 0.000185791272088,
        "min": 4.86289064572e-11,
        "var": 5.00939995618e-06
    },
    "spectral_energyband_low": {
        "dmean": 0.00841623917222,
        "dmean2": 0.0135197909549,
        "dvar": 0.000126190760056,
        "dvar2": 0.000296651793178,
        "max": 0.127921938896,
        "mean": 0.0226802304387,
        "median": 0.0206585992128,
        "min": 4.52816228957e-09,
        "var": 0.000302726926748
    },
    "spectral_energyband_middle_high": {
        "dmean": 0.00106937054079,
        "dmean2": 0.00151881470811,
        "dvar": 3.98366773879e-06,
        "dvar2": 7.3542410064e-06,
        "max": 0.0223921965808,
        "mean": 0.0029630092904,
        "median": 0.000923140265513,
        "min": 1.10688465338e-10,
        "var": 1.67022753885e-05
    },
    "spectral_energyband_middle_low": {
        "dmean": 0.0070088589564,
        "dmean2": 0.0107752420008,
        "dvar": 9.85512888292e-05,
        "dvar2": 0.000264489994152,
        "max": 0.0967206135392,
        "mean": 0.0208611506969,
        "median": 0.0177921745926,
        "min": 1.92583304859e-09,
        "var": 0.000261560140643
    },
    "spectral_entropy": {
        "dmean": 0.255476504564,
        "dmean2": 0.367361217737,
        "dvar": 0.0950445532799,
        "dvar2": 0.187388271093,
        "max": 9.79989337921,
        "mean": 6.70294094086,
        "median": 6.7733259201,
        "min": 4.86595392227,
        "var": 0.437095314264
    },
    "spectral_flux": {
        "dmean": 0.0302844233811,
        "dmean2": 0.0499408580363,
        "dvar": 0.00103412440512,
        "dvar2": 0.00265120319091,
        "max": 0.246546670794,
        "mean": 0.0790272802114,
        "median": 0.0715621784329,
        "min": 7.79444599175e-05,
        "var": 0.00221568299457
    },
    "spectral_kurtosis": {
        "dmean": 3.9931614399,
        "dmean2": 6.50872850418,
        "dvar": 27.9645023346,
        "dvar2": 67.89868927,
        "max": 71.8419113159,
        "mean": 8.59663295746,
        "median": 5.25211048126,
        "min": -1.19424784184,
        "var": 95.6267089844
    },
    "spectral_rms": {
        "dmean": 0.000911471899599,
        "dmean2": 0.00143775041215,
        "dvar": 1.01495140825e-06,
        "dvar2": 2.28040426009e-06,
        "max": 0.0122202932835,
        "mean": 0.00612428085878,
        "median": 0.00659848423675,
        "min": 2.43457589022e-06,
        "var": 4.91601122121e-06
    },
    "spectral_rolloff": {
        "dmean": 294.330566406,
        "dmean2": 510.259735107,
        "dvar": 956226.1875,
        "dvar2": 1962325.125,
        "max": 9969.87304688,
        "mean": 728.980712891,
        "median": 301.46484375,
        "min": 107.666015625,
        "var": 1605042.5
    },
    "spectral_skewness": {
        "dmean": 0.421762317419,
        "dmean2": 0.652330636978,
        "dvar": 0.216892749071,
        "dvar2": 0.46548730135,
        "max": 6.99613046646,
        "mean": 2.01530051231,
        "median": 1.70291399956,
        "min": -0.00644393498078,
        "var": 1.13428664207
    },
    "spectral_spread": {
        "dmean": 622910.625,
        "dmean2": 910615.125,
        "dvar": 1.79741720576e+12,
        "dvar2": 2.55521377485e+12,
        "max": 40395348,
        "mean": 3952196,
        "median": 3624064.75,
        "min": 1200828.875,
        "var": 3.98354782618e+12
    },
    "spectral_strongpeak": {
        "dmean": 0.281148374081,
        "dmean2": 0.479316979647,
        "dvar": 0.252685159445,
        "dvar2": 0.600664615631,
        "max": 7.24460983276,
        "mean": 0.683039426804,
        "median": 0.572687149048,
        "min": 0.000127402905491,
        "var": 0.36113089323
    },
    "zerocrossingrate": {
        "dmean": 0.00815150048584,
        "dmean2": 0.00968128163368,
        "dvar": 0.00021896873659,
        "dvar2": 0.000247497169767,
        "max": 0.251953125,
        "mean": 0.0316899456084,
        "median": 0.02490234375,
        "min": 0.00390625,
        "var": 0.000953648413997
    },
    "barkbands": {
        "dmean": [0.000194330219529, 0.00503724627197, 0.0035711703822, 0.00394041044638, 0.00314297922887, 0.000764712924138, 0.000666772481054, 0.000368115492165, 0.000125618651509, 7.92399659986e-05, 6.73691392876e-05, 0.000127787410747, 0.000189588172361, 0.000336989091011, 0.000306612433633, 0.000116200215416, 0.000180069895578, 0.000193003070308, 6.19328711764e-05, 6.78333235555e-05, 7.32309126761e-05, 0.000129530133563, 7.4152747402e-05, 8.97534191608e-05, 6.22782827122e-05, 1.69475533767e-05, 8.39760389226e-07],
        "dmean2": [0.000324313063174, 0.00823024194688, 0.00580561766401, 0.00635284651071, 0.00486353505403, 0.00106292485725, 0.000951831229031, 0.000487636949401, 0.000167527439771, 0.000102783960756, 0.000107783227577, 0.000191767510842, 0.000266923132585, 0.000485468714032, 0.000440089905169, 0.000170443716343, 0.00027038846747, 0.000285665300908, 9.36640790314e-05, 0.000103513244539, 0.000110115681309, 0.000182419040357, 0.000102183970739, 0.000126155267935, 0.000102231293567, 2.60730266746e-05, 1.26797510802e-06],
        "dvar": [1.19119114572e-07, 4.59267866972e-05, 3.46521519532e-05, 5.81617568969e-05, 1.92346633412e-05, 1.19964056466e-06, 3.51337121174e-06, 1.28650276565e-06, 1.43695899624e-07, 4.55857822601e-08, 7.16274684009e-08, 3.42447009416e-07, 3.36569911497e-07, 1.04858429495e-06, 1.0797041341e-06, 2.05262011832e-07, 2.94168017945e-07, 1.79613579121e-07, 2.12644106767e-08, 5.3357386065e-08, 1.06899683772e-07, 1.91608648947e-07, 1.14992261047e-07, 1.4169484075e-07, 2.49712343248e-07, 6.88277790317e-09, 1.77134470286e-11],
        "dvar2": [3.31354073069e-07, 0.000116016657557, 8.94561235327e-05, 0.000153310626047, 4.66417295684e-05, 2.39427663473e-06, 6.65983725412e-06, 2.03977606361e-06, 2.29297896226e-07, 6.64864074906e-08, 1.83281144928e-07, 8.03956368145e-07, 6.59172769701e-07, 1.99156238523e-06, 2.27299233302e-06, 4.03113517677e-07, 6.21406741175e-07, 3.65655012047e-07, 4.90144067555e-08, 1.24113995525e-07, 2.55910691749e-07, 3.00446316714e-07, 2.06701244565e-07, 2.79020497373e-07, 4.96467293942e-07, 1.71423444328e-08, 3.99882592317e-11],
        "max": [0.00353946280666, 0.0526784695685, 0.0618684329093, 0.0860214233398, 0.0536332502961, 0.0265921670943, 0.0360557697713, 0.0233326479793, 0.00891503784806, 0.00339504564181, 0.00521782040596, 0.0111666619778, 0.011926587671, 0.0176151748747, 0.0134440008551, 0.0118709160015, 0.0103420978412, 0.00709194876254, 0.00217342469841, 0.0045429924503, 0.00708701694384, 0.00963674206287, 0.00517573254183, 0.00509194936603, 0.0124974390492, 0.00161823839881, 8.1321108155e-05],
        "mean": [0.000278749532299, 0.0117550194263, 0.00699860183522, 0.00796988978982, 0.00760612078011, 0.00246101338416, 0.0015253854217, 0.000814666156657, 0.000337134086294, 0.000199550471734, 0.000127466439153, 0.000251328601735, 0.000336036580848, 0.000491568294819, 0.000520641333424, 0.000223039591219, 0.000330555951223, 0.000384228187613, 0.000118452764582, 0.000124201906146, 0.000102299018181, 0.000214312283788, 0.000109245331259, 0.000114904192742, 6.92104222253e-05, 1.90463524632e-05, 7.7137349308e-07],
        "median": [7.2493996413e-05, 0.0105528403074, 0.00402403064072, 0.00387880089693, 0.00551892071962, 0.00167528167367, 0.000394088565372, 9.67916566879e-05, 0.000109217551653, 4.99333364132e-05, 3.06331457978e-05, 2.51219335041e-05, 3.26120680256e-05, 4.93622792419e-05, 6.38284691377e-05, 3.28679743689e-05, 7.19173185644e-05, 9.07399080461e-05, 3.90624154534e-05, 4.37669514213e-05, 3.32598792738e-05, 4.73199252156e-05, 9.58516920946e-06, 8.25402912596e-06, 2.12017334889e-06, 7.55489907078e-07, 1.55413228953e-08],
        "min": [5.60472458375e-12, 1.21540999487e-09, 1.79811832091e-09, 6.28561258598e-10, 5.4132070354e-11, 1.05507635961e-09, 3.27645688358e-11, 1.27927850604e-11, 1.36481423385e-10, 7.50932475924e-12, 2.93767093984e-11, 5.4627292273e-12, 3.8019322933e-12, 2.384192236e-12, 1.60217672462e-12, 3.38401572389e-12, 6.05787078486e-12, 7.93987098291e-12, 5.17176275763e-12, 3.91845193445e-12, 3.07239346811e-12, 5.16127852263e-12, 3.690233015e-12, 4.72114534966e-12, 6.15331570419e-12, 9.92201546618e-12, 1.50468543875e-11],
        "var": [2.30376159038e-07, 9.43163468037e-05, 6.32845258224e-05, 0.00012437874102, 5.57283092348e-05, 7.91224010754e-06, 1.12270099635e-05, 5.02220564158e-06, 5.97073380959e-07, 1.81953325296e-07, 1.03191673873e-07, 7.18302658242e-07, 9.59903445619e-07, 1.8968906943e-06, 2.23454389925e-06, 6.61918193146e-07, 6.93505910476e-07, 5.56996610612e-07, 4.25018100714e-08, 7.32565723638e-08, 1.22394169466e-07, 4.36934840309e-07, 2.48292309379e-07, 2.49768504546e-07, 2.79469816178e-07, 7.21342541254e-09, 1.95644021816e-11]
    },
    "erbbands": {
        "dmean": [0.099139302969, 1.32530033588, 4.06874132156, 7.78370714188, 13.44688797, 11.272936821, 7.51422643661, 5.74487924576, 6.06702852249, 14.3200044632, 5.1786198616, 2.82044959068, 3.44142484665, 1.78649449348, 2.28425121307, 6.01971530914, 7.450963974, 13.7489795685, 19.5101299286, 7.30823040009, 6.73892974854, 9.03206443787, 10.8667888641, 3.6042330265, 2.72574257851, 3.27430152893, 2.90628218651, 2.88536071777, 5.20099449158, 2.60385799408, 2.28149819374, 2.15863895416, 1.50013649464, 0.938415527344, 0.265939354897, 0.0792617052794, 0.0286020841449, 0.00647390307859, 0.000129402935272, 1.73711159732e-05],
        "dmean2": [0.165249526501, 2.14924716949, 6.61413145065, 12.316368103, 21.6044273376, 17.3011646271, 11.2355041504, 7.94504308701, 9.41043567657, 19.644744873, 6.56201648712, 3.65680217743, 4.34974384308, 2.62997150421, 3.65367627144, 8.90086841583, 10.3121910095, 18.8874740601, 29.4233493805, 10.445687294, 10.1634244919, 13.4498176575, 16.1708450317, 5.3876490593, 4.09177970886, 4.96167135239, 4.43895483017, 4.36591243744, 7.46013784409, 3.52708554268, 3.20916771889, 3.07239890099, 2.24911355972, 1.58208608627, 0.404764682055, 0.119939893484, 0.0431162752211, 0.0107228672132, 0.000207350109122, 2.75655238511e-05],
        "dvar": [0.0255850628018, 2.97704029083, 36.9994850159, 191.075073242, 538.084533691, 309.094970703, 137.970794678, 99.9490890503, 250.908966064, 1478.27111816, 406.351257324, 92.3246688843, 81.8079452515, 40.0397872925, 82.7252426147, 650.234069824, 553.448242188, 1464.24157715, 4492.6796875, 386.525970459, 537.432250977, 699.353881836, 589.597229004, 71.5850219727, 50.1973876953, 130.892486572, 123.016593933, 199.922210693, 292.882568359, 85.3350753784, 112.549705505, 88.637550354, 56.4700241089, 73.983253479, 2.4540784359, 0.150532633066, 0.0159268677235, 0.00280216755345, 7.72695443629e-07, 8.6692591994e-10],
        "dvar2": [0.0676756054163, 7.4758067131, 95.3602828979, 457.508483887, 1528.28405762, 761.590698242, 332.72644043, 193.400680542, 451.054351807, 2969.8046875, 446.894073486, 144.973144531, 113.939620972, 101.814933777, 211.288101196, 1516.59863281, 1021.78125, 2671.67407227, 9744.21191406, 733.573059082, 1175.5826416, 1527.79968262, 1257.31762695, 146.233596802, 121.298675537, 301.436981201, 284.749328613, 454.061767578, 520.312866211, 143.074188232, 204.712631226, 180.140365601, 115.875556946, 146.410552979, 5.00904226303, 0.32602801919, 0.0375475361943, 0.00777287129313, 2.10780490306e-06, 2.10435913139e-09],
        "max": [1.41779434681, 15.5990514755, 70.2029495239, 185.810516357, 243.934020996, 205.261993408, 226.654312134, 225.414337158, 293.748504639, 560.368835449, 631.762939453, 267.918945312, 253.426467896, 127.170394897, 116.644432068, 448.739562988, 554.575866699, 690.022460938, 924.112182617, 357.614044189, 565.686462402, 423.820373535, 359.299346924, 116.561141968, 102.973861694, 222.532928467, 260.267059326, 255.342544556, 349.252838135, 181.814498901, 176.228469849, 137.79737854, 141.974243164, 214.87550354, 34.6673545837, 7.43949604034, 2.17845416069, 1.37481594086, 0.0219822451472, 0.000624880427495],
        "mean": [0.209471896291, 3.02359485626, 8.58359527588, 17.779001236, 26.1659088135, 27.8138237, 21.6972084045, 18.6582298279, 12.663526535, 34.0861358643, 13.4342489243, 7.65907001495, 9.9733171463, 4.14770889282, 4.38523626328, 12.3487291336, 14.9559736252, 24.0445289612, 31.8736972809, 15.8922834396, 14.7624769211, 18.3495063782, 22.8057975769, 8.78678417206, 5.24802780151, 5.99453353882, 4.63898849487, 4.15526866913, 8.43419647217, 4.11212110519, 3.33491873741, 2.93254637718, 1.7617688179, 1.06257760525, 0.307923287153, 0.0952710583806, 0.0320016033947, 0.00605660397559, 0.000144333447679, 5.42227280675e-05],
        "median": [0.136237725616, 2.64551067352, 6.33913087845, 11.3879480362, 15.7906656265, 17.2907371521, 15.4427804947, 11.3544511795, 5.52766990662, 6.67065763474, 2.49959826469, 2.28089737892, 2.84154725075, 1.28411579132, 1.26123118401, 1.46889209747, 1.78569340706, 2.63093829155, 3.61249518394, 2.3462831974, 3.72985005379, 3.78400158882, 5.30334329605, 2.98077774048, 1.98463177681, 2.01445627213, 1.78833711147, 1.16066431999, 1.88133215904, 0.810193240643, 0.27401971817, 0.242365524173, 0.0885308235884, 0.0319869220257, 0.014048775658, 0.00402697827667, 0.00111290626228, 0.000143447570736, 2.97684891848e-05, 5.26672738488e-05],
        "min": [1.35759883335e-08, 3.81678717076e-07, 2.66838469543e-06, 3.1864419725e-06, 4.89607316467e-07, 2.20601492629e-07, 5.0254816415e-06, 8.54664358485e-06, 1.25484905311e-06, 2.74205007145e-07, 8.86487157459e-07, 3.30915827362e-06, 5.31749037691e-07, 9.00373379409e-07, 1.27455496113e-06, 3.07879531647e-07, 2.0401333245e-07, 1.06017338908e-07, 9.25956058495e-08, 9.5718405646e-08, 2.27178972523e-07, 2.75374020475e-07, 3.57270295126e-07, 2.9437526905e-07, 3.37386126148e-07, 1.7660185847e-07, 1.81855256187e-07, 9.3869097384e-08, 1.46783875721e-07, 2.12793622723e-07, 9.65452713331e-08, 1.30819543642e-07, 6.23513116693e-08, 6.97267950045e-08, 3.67756243236e-08, 4.13123650844e-08, 1.62506363921e-08, 8.60438920114e-09, 1.68068103878e-09, 2.26225649325e-10],
        "var": [0.0466697588563, 6.5572719574, 72.3540725708, 429.587890625, 980.877319336, 1054.92053223, 498.896118164, 571.158569336, 632.119689941, 5145.359375, 1884.78479004, 325.819244385, 377.350158691, 96.6578063965, 117.861686707, 1476.96496582, 1749.31347656, 3596.42602539, 8051.25390625, 1488.01171875, 1819.61096191, 1552.45056152, 1782.84082031, 235.157089233, 84.5830841064, 174.817764282, 156.048233032, 259.770965576, 605.431640625, 197.811401367, 239.820541382, 164.951583862, 76.7854690552, 80.0849304199, 3.25557804108, 0.206520140171, 0.0188278965652, 0.00187040388118, 5.58644558168e-07, 1.44316270045e-09]
    },
    "gfcc": {
        "mean": [-47.1848983765, 131.488754272, -88.0491790771, 58.7381019592, -42.0764770508, 3.22896909714, -38.5155982971, -3.70678877831, -17.1020870209, -3.75894570351, -14.5222291946, -4.00134277344, -9.46804618835],
        "cov": [[11760.0878906, -2006.69116211, -1298.79260254, 543.689025879, -980.964904785, 383.267425537, -490.461791992, 89.8642654419, 256.643127441, 342.062011719, -116.063865662, 162.731903076, -424.311981201], [-2006.69116211, 1463.4095459, -3.64316773415, -280.820617676, 387.100463867, -216.972854614, 312.673095703, -117.788894653, 65.3682174683, -194.923492432, 143.586807251, -143.971115112, 83.6494979858], [-1298.79260254, -3.64316773415, 1059.53552246, 2.27156662941, 96.3932418823, 57.7652435303, 49.3065872192, 48.2862472534, -139.942306519, -19.8012771606, -38.1696090698, 52.6938743591, 82.1487045288], [543.689025879, -280.820617676, 2.27156662941, 346.966827393, -53.7679786682, -3.80121588707, -88.9671020508, -2.27703785896, 45.5641822815, 4.3789396286, -14.457244873, -9.73958873749, 40.5081825256], [-980.964904785, 387.100463867, 96.3932418823, -53.7679786682, 369.445251465, -75.0421066284, 55.8695030212, 35.5716285706, 1.08978247643, -41.4904785156, -9.9687204361, -41.0049591064, 58.8506546021], [383.267425537, -216.972854614, 57.7652435303, -3.80121588707, -75.0421066284, 233.162277222, -4.8065829277, -5.38492488861, 10.0838260651, 29.8981342316, 6.1406378746, -4.94800519943, -36.6925621033], [-490.461791992, 312.673095703, 49.3065872192, -88.9671020508, 55.8695030212, -4.8065829277, 229.423522949, -16.6065578461, -13.7540740967, -31.3677501678, 33.6968002319, -4.8988904953, -17.8216495514], [89.8642654419, -117.788894653, 48.2862472534, -2.27703785896, 35.5716285706, -5.38492488861, -16.6065578461, 133.353103638, -8.72222042084, 13.9932851791, -27.0380039215, 33.1893234253, 24.8174743652], [256.643127441, 65.3682174683, -139.942306519, 45.5641822815, 1.08978247643, 10.0838260651, -13.7540740967, -8.72222042084, 155.396194458, -0.870933711529, 5.41092967987, -26.7688236237, -1.47021389008], [342.062011719, -194.923492432, -19.8012771606, 4.3789396286, -41.4904785156, 29.8981342316, -31.3677501678, 13.9932851791, -0.870933711529, 121.323760986, -25.0079593658, 4.00631523132, -29.8170890808], [-116.063865662, 143.586807251, -38.1696090698, -14.457244873, -9.9687204361, 6.1406378746, 33.6968002319, -27.0380039215, 5.41092967987, -25.0079593658, 89.6211700439, -20.4508857727, -5.13820028305], [162.731903076, -143.971115112, 52.6938743591, -9.73958873749, -41.0049591064, -4.94800519943, -4.8988904953, 33.1893234253, -26.7688236237, 4.00631523132, -20.4508857727, 112.729911804, -7.80821800232], [-424.311981201, 83.6494979858, 82.1487045288, 40.5081825256, 58.8506546021, -36.6925621033, -17.8216495514, 24.8174743652, -1.47021389008, -29.8170890808, -5.13820028305, -7.80821800232, 135.852645874]],
        "icov": [[0.000173793523572, -0.000103600184957, 0.000182056843187, -0.000297052116366, 0.000317256519338, -0.000250934652286, 0.000221227266593, -0.000306195579469, -1.83771917364e-05, -0.000198917128728, 0.000217148466618, -0.000218851244426, 0.000416615337599], [-0.000103600184957, 0.00513490429148, -0.00050994270714, 0.00346966902725, -0.0030032149516, 0.00368294655345, -0.00390079035424, 0.00348422583193, -0.00311469961889, 0.00339250382967, -0.00432985974476, 0.00331274117343, -0.00232653459534], [0.000182056843187, -0.00050994270714, 0.00149860384408, -0.000786076590884, 0.000197774046683, -0.00118474685587, 0.000192341118236, -0.000608612725046, 0.00134683190845, -0.000367765198462, 0.000997782102786, -0.000970987370238, -0.000142650023918], [-0.000297052116366, 0.00346966902725, -0.000786076590884, 0.0062028313987, -0.00171603052877, 0.0029522923287, -0.00170903385151, 0.00285434769467, -0.00309983291663, 0.00252623832785, -0.00281075853854, 0.0028059030883, -0.00306739239022], [0.000317256519338, -0.0030032149516, 0.000197774046683, -0.00171603052877, 0.00594960572198, -0.00134171103127, 0.00175981572829, -0.00356234936044, 0.00125807232689, -0.00139114027843, 0.00358697609045, -0.000235167855863, 0.00100451591425], [-0.000250934652286, 0.00368294655345, -0.00118474685587, 0.0029522923287, -0.00134171103127, 0.0079687088728, -0.00287292688154, 0.00240591680631, -0.00297810765915, 0.00175620149821, -0.00375051819719, 0.00339147821069, -0.000891974545084], [0.000221227266593, -0.00390079035424, 0.000192341118236, -0.00170903385151, 0.00175981572829, -0.00287292688154, 0.00860122218728, -0.00239610648714, 0.00222209189087, -0.00178469251841, 0.00167253101245, -0.00283998716623, 0.00304624834098], [-0.000306195579469, 0.00348422583193, -0.000608612725046, 0.00285434769467, -0.00356234936044, 0.00240591680631, -0.00239610648714, 0.0120279043913, -0.00207170192152, 0.00116987188812, -0.00169034686405, -0.000513358623721, -0.0037624607794], [-1.83771917364e-05, -0.00311469961889, 0.00134683190845, -0.00309983291663, 0.00125807232689, -0.00297810765915, 0.00222209189087, -0.00207170192152, 0.00992532912642, -0.00172007014044, 0.00271654478274, -0.00082998914877, 0.00107586244121], [-0.000198917128728, 0.00339250382967, -0.000367765198462, 0.00252623832785, -0.00139114027843, 0.00175620149821, -0.00178469251841, 0.00116987188812, -0.00172007014044, 0.012475294061, -0.000347216118826, 0.00326380925253, 0.000282012188109], [0.000217148466618, -0.00432985974476, 0.000997782102786, -0.00281075853854, 0.00358697609045, -0.00375051819719, 0.00167253101245, -0.00169034686405, 0.00271654478274, -0.000347216118826, 0.017529046163, -0.00085864745779, 0.00210721744224], [-0.000218851244426, 0.00331274117343, -0.000970987370238, 0.0028059030883, -0.000235167855863, 0.00339147821069, -0.00283998716623, -0.000513358623721, -0.00082998914877, 0.00326380925253, -0.00085864745779, 0.0136824790388, -0.000772434752434], [0.000416615337599, -0.00232653459534, -0.000142650023918, -0.00306739239022, 0.00100451591425, -0.000891974545084, 0.00304624834098, -0.0037624607794, 0.00107586244121, 0.000282012188109, 0.00210721744224, -0.000772434752434, 0.011615280062]]
    },
    "melbands": {
        "dmean": [0.00113322236575, 0.00197729375213, 0.00159227848053, 0.000790393678471, 0.00032878186903, 0.000132988308906, 0.000102738675196, 0.00014347571414, 3.44018808391e-05, 1.81833056558e-05, 1.71123883774e-05, 6.86789508109e-06, 8.66746904649e-06, 1.15078064482e-05, 1.82642415893e-05, 1.83653919521e-05, 2.82899545709e-05, 3.52293209289e-05, 1.84886466741e-05, 8.45441809361e-06, 7.97467419034e-06, 8.64061166794e-06, 1.58700731845e-05, 6.30219301456e-06, 2.9462605653e-06, 2.15640579881e-06, 2.04895695788e-06, 2.34979847846e-06, 1.74008289378e-06, 1.92159654944e-06, 1.71805697846e-06, 2.89907688966e-06, 2.91023798127e-06, 9.76360865934e-07, 1.06466711713e-06, 1.9132091893e-06, 1.18225864298e-06, 1.10948963084e-06, 1.05791889382e-06, 7.09228004325e-07],
        "dmean2": [0.00187829975039, 0.00320537830703, 0.00254404987209, 0.00123910652474, 0.000490576203447, 0.000185110999155, 0.000155165209435, 0.000196038366994, 4.30926993431e-05, 2.37264430325e-05, 2.16088592424e-05, 1.00427323559e-05, 1.37217548399e-05, 1.78194095497e-05, 2.57194151345e-05, 2.51339915849e-05, 3.94742746721e-05, 5.41929657629e-05, 2.58306226897e-05, 1.20144004541e-05, 1.253857954e-05, 1.28975698317e-05, 2.32426573348e-05, 9.36760807235e-06, 4.53746588391e-06, 3.17755461765e-06, 3.21677339343e-06, 3.55082784154e-06, 2.67500649898e-06, 2.98323925563e-06, 2.61416812464e-06, 4.29872943641e-06, 4.05978244089e-06, 1.40628151257e-06, 1.52794734731e-06, 2.81673942482e-06, 1.65251287854e-06, 1.64687446613e-06, 1.69560075847e-06, 1.16574949516e-06],
        "dvar": [2.65623930318e-06, 7.36713718652e-06, 7.12783412382e-06, 1.24015787151e-06, 2.46645328161e-07, 4.72568650878e-08, 8.06992375146e-08, 1.3994757353e-07, 2.10536388323e-08, 3.74863562413e-09, 1.98465155421e-09, 6.08043282391e-10, 1.26679788881e-09, 4.23441726127e-09, 3.89686105606e-09, 3.27687765811e-09, 6.77978029273e-09, 1.54171129196e-08, 4.06798017494e-09, 1.23349308545e-09, 7.36449234928e-10, 8.8825991007e-10, 1.4791331493e-09, 1.98156754894e-10, 5.58503104875e-11, 2.66800487952e-11, 5.42418089611e-11, 6.86005141581e-11, 3.54256866897e-11, 7.42606601212e-11, 8.12179698495e-11, 9.92835536007e-11, 9.27302123976e-11, 1.51018277744e-11, 2.52566266512e-11, 7.94437848839e-11, 2.65529438714e-11, 2.69437059469e-11, 6.52301268556e-11, 4.41382728977e-11],
        "dvar2": [6.92846924721e-06, 1.80103052116e-05, 1.8804696083e-05, 3.24674419971e-06, 5.70521535792e-07, 9.16849884902e-08, 1.4071322596e-07, 2.78948931509e-07, 2.29429257814e-08, 5.92810955879e-09, 2.73566613807e-09, 1.46890188901e-09, 3.1748952356e-09, 1.13295977044e-08, 7.34267358027e-09, 6.51780318606e-09, 1.26389938515e-08, 3.35733183476e-08, 7.79901920822e-09, 2.02631689206e-09, 1.63575197831e-09, 1.9424228892e-09, 3.05350966734e-09, 4.29086183251e-10, 1.16089374225e-10, 6.25972051971e-11, 1.39785891196e-10, 1.54692703092e-10, 7.38131084033e-11, 1.87798068763e-10, 1.88823540137e-10, 1.99718672156e-10, 1.37086494933e-10, 3.1238470144e-11, 4.72193291412e-11, 1.68759728414e-10, 5.43202254011e-11, 5.81256084931e-11, 1.33886721154e-10, 8.89800871873e-11],
        "max": [0.0118156792596, 0.0302200634032, 0.029785560444, 0.0133432876319, 0.0080686584115, 0.00501198275015, 0.00597818940878, 0.00534690031782, 0.0045223981142, 0.0016119775828, 0.00123824412003, 0.000503080955241, 0.000632140028756, 0.00156015902758, 0.00130171189085, 0.000990462489426, 0.00157114374451, 0.0018566910876, 0.00115060433745, 0.00096054316964, 0.000618760765065, 0.000511178572197, 0.000572188466322, 0.000203213028726, 0.000103941405541, 8.72439341038e-05, 0.000165244025993, 0.000182440067874, 0.000120859083836, 0.000220073998207, 0.000174206172233, 0.000198340276256, 0.00023299480381, 6.76388663123e-05, 9.79492251645e-05, 0.000127872393932, 8.10754063423e-05, 7.72541170591e-05, 0.000203109972063, 0.000180456307135],
        "mean": [0.00257717189379, 0.00453183613718, 0.00351640442386, 0.00184309051838, 0.000930794456508, 0.000432044093031, 0.000224559713388, 0.00033591184183, 8.79840008565e-05, 4.84854499518e-05, 4.86426033603e-05, 1.49409306687e-05, 1.60367962962e-05, 2.21827704081e-05, 3.44535510521e-05, 3.58010438504e-05, 4.47070924565e-05, 5.3247451433e-05, 3.14581156999e-05, 1.67667949427e-05, 1.67692542163e-05, 1.5831530618e-05, 2.95460613415e-05, 1.3443662283e-05, 6.34325897408e-06, 3.82737835025e-06, 3.55034308086e-06, 4.12484996559e-06, 2.90843104267e-06, 2.62006506091e-06, 2.20657602767e-06, 4.53289294455e-06, 4.60543924419e-06, 1.39176609082e-06, 1.56039300236e-06, 2.50230482379e-06, 1.56688815878e-06, 1.27322618937e-06, 1.14313445465e-06, 7.71704719682e-07],
        "median": [0.00223621353507, 0.00377264874987, 0.00240761088207, 0.00140087120235, 0.00063092680648, 0.000273491954431, 7.70546321291e-05, 6.40162688796e-05, 1.15066632134e-05, 1.49636407514e-05, 1.36050493893e-05, 4.22657649324e-06, 4.3422728595e-06, 2.7776686693e-06, 3.60078888662e-06, 4.02077239414e-06, 4.26128917752e-06, 5.63149842492e-06, 3.27914995069e-06, 2.25533267439e-06, 4.62179377791e-06, 3.6756184727e-06, 4.68221378469e-06, 3.60962621926e-06, 1.98416091735e-06, 1.16560715924e-06, 1.10738722015e-06, 1.29578677388e-06, 1.06619313556e-06, 7.93591084403e-07, 4.4765124585e-07, 1.0425627579e-06, 8.30640260574e-07, 2.19840501359e-07, 1.14302956433e-07, 1.41898084394e-07, 1.10880733928e-07, 5.08548652078e-08, 3.04311171817e-08, 2.02238084057e-08],
        "min": [2.24987861674e-10, 1.12374232142e-09, 4.75983474857e-10, 8.04180593644e-12, 1.41233275075e-10, 1.90626167629e-10, 1.37310388754e-11, 2.52733034153e-12, 7.49123246074e-12, 2.0193777206e-11, 1.60660688312e-12, 2.85950299897e-12, 4.49809850825e-12, 7.86347224314e-13, 5.28062294412e-13, 2.98535610295e-13, 2.00440399413e-13, 1.55281156314e-13, 1.43878019308e-13, 1.08174184671e-13, 3.2894108444e-13, 2.62620844125e-13, 2.92856857471e-13, 5.02882349478e-13, 2.00061335228e-13, 1.82810174333e-13, 2.11230176145e-13, 1.10029471428e-13, 1.26225568084e-13, 1.01589831653e-13, 3.49687150709e-14, 6.6595166881e-14, 1.30881471026e-13, 1.08353274541e-13, 4.15577640388e-14, 7.13758547166e-14, 8.12121772826e-14, 2.87493790439e-14, 8.39426523625e-14, 4.46837967289e-14],
        "var": [4.74890975966e-06, 1.60710187629e-05, 1.50778196257e-05, 3.22605956171e-06, 9.68895733422e-07, 2.86161423446e-07, 2.25505388585e-07, 4.87279521622e-07, 9.84867014608e-08, 1.4160241868e-08, 9.31395316428e-09, 1.59406288169e-09, 1.76316139466e-09, 5.96582294676e-09, 1.18472822663e-08, 9.24223986232e-09, 1.47894025915e-08, 2.52166909576e-08, 9.10716035918e-09, 4.22617096874e-09, 2.18607487668e-09, 1.53960588722e-09, 4.06213018778e-09, 6.14308437452e-10, 1.540742256e-10, 5.14357376136e-11, 6.3382882276e-11, 9.29879437339e-11, 5.68819574776e-11, 7.74570685369e-11, 9.76928676844e-11, 1.78321288291e-10, 2.18377024797e-10, 2.96121356602e-11, 5.39666644706e-11, 1.36512065541e-10, 4.89532581138e-11, 3.86292456356e-11, 6.93014465258e-11, 4.68722664848e-11]
    },
    "mfcc": {
        "mean": [-696.405334473, 149.430252075, 22.0557575226, 54.8509025574, 19.8151874542, 15.2516326904, -5.36266374588, 2.442248106, -3.08306932449, -2.36994504929, 0.507095634937, -2.37051415443, -8.39008235931],
        "cov": [[10768.8037109, -1609.33789062, -1117.49047852, 25.6707935333, -534.805236816, 168.787918091, -724.135070801, -76.4740142822, -220.814453125, 14.244550705, 331.728149414, 302.167297363, -36.2024345398], [-1609.33789062, 1671.02441406, -195.074432373, 62.669467926, -12.9920320511, -28.4113616943, 191.075653076, 107.439147949, 0.378719210625, 18.2275333405, 2.97880530357, -12.8518104553, -2.38349580765], [-1117.49047852, -195.074432373, 875.374816895, -17.147813797, 88.3912506104, 32.9142379761, 121.166931152, -2.15679430962, 45.3869895935, -40.6827926636, -111.590034485, -33.5754776001, 52.6476631165], [25.6707935333, 62.669467926, -17.147813797, 314.894042969, 47.5663986206, -51.2877006531, -19.2534751892, -3.76113533974, 38.2083358765, -19.5024547577, -37.8801269531, -38.9928245544, 25.9009990692], [-534.805236816, -12.9920320511, 88.3912506104, 47.5663986206, 324.159484863, -44.9494895935, -1.47576463223, -18.3032550812, 80.3681335449, 28.4157829285, -45.7340621948, -77.9668655396, 10.222867012], [168.787918091, -28.4113616943, 32.9142379761, -51.2877006531, -44.9494895935, 185.064651489, -2.10859775543, 10.742313385, -30.5270957947, 31.1375713348, 52.719493866, 25.1091365814, -33.6395301819], [-724.135070801, 191.075653076, 121.166931152, -19.2534751892, -1.47576463223, -2.10859775543, 222.445343018, 9.3079328537, 2.75880146027, -13.0609426498, -9.24099063873, -10.1067810059, -9.4601392746], [-76.4740142822, 107.439147949, -2.15679430962, -3.76113533974, -18.3032550812, 10.742313385, 9.3079328537, 153.728759766, -2.18971657753, -9.64870262146, -8.26688480377, 30.1015377045, 18.1490268707], [-220.814453125, 0.378719210625, 45.3869895935, 38.2083358765, 80.3681335449, -30.5270957947, 2.75880146027, -2.18971657753, 147.483108521, 15.8818798065, -38.2941932678, -45.1359214783, 36.6038284302], [14.244550705, 18.2275333405, -40.6827926636, -19.5024547577, 28.4157829285, 31.1375713348, -13.0609426498, -9.64870262146, 15.8818798065, 137.372406006, 20.9073677063, -25.0894832611, -23.3507022858], [331.728149414, 2.97880530357, -111.590034485, -37.8801269531, -45.7340621948, 52.719493866, -9.24099063873, -8.26688480377, -38.2941932678, 20.9073677063, 153.110366821, 10.5333404541, -24.1739559174], [302.167297363, -12.8518104553, -33.5754776001, -38.9928245544, -77.9668655396, 25.1091365814, -10.1067810059, 30.1015377045, -45.1359214783, -25.0894832611, 10.5333404541, 108.18082428, 0.317562490702], [-36.2024345398, -2.38349580765, 52.6476631165, 25.9009990692, 10.222867012, -33.6395301819, -9.4601392746, 18.1490268707, 36.6038284302, -23.3507022858, -24.1739559174, 0.317562490702, 85.9784469604]],
