{
"lowlevel": {
    "average_loudness": 0.949513316154,
    "barkbands_crest": {
        "dmean": 2.4554207325,
        "dmean2": 3.99982333183,
        "dvar": 6.0844335556,
        "dvar2": 15.0156402588,
        "max": 26.4246196747,
        "mean": 13.5262002945,
        "median": 13.2102642059,
        "min": 4.01815986633,
        "var": 23.3645820618
    },
    "barkbands_flatness_db": {
        "dmean": 0.0295710545033,
        "dmean2": 0.0448685027659,
        "dvar": 0.0009272012976,
        "dvar2": 0.00189352827147,
        "max": 0.602359235287,
        "mean": 0.28216022253,
        "median": 0.276144295931,
        "min": 0.103586807847,
        "var": 0.00605915347114
    },
    "barkbands_kurtosis": {
        "dmean": 7.57319974899,
        "dmean2": 11.8149328232,
        "dvar": 240.263504028,
        "dvar2": 597.552001953,
        "max": 572.175048828,
        "mean": 17.2881278992,
        "median": 9.50379943848,
        "min": -1.84633553028,
        "var": 841.807739258
    },
    "barkbands_skewness": {
        "dmean": 0.705282509327,
        "dmean2": 1.09397876263,
        "dvar": 0.64445745945,
        "dvar2": 1.40845656395,
        "max": 20.0423030853,
        "mean": 2.69107675552,
        "median": 2.46915364265,
        "min": -0.91534614563,
        "var": 3.6129026413
    },
    "barkbands_spread": {
        "dmean": 1.9143961668,
        "dmean2": 3.04357671738,
        "dvar": 7.88363313675,
        "dvar2": 17.8859272003,
        "max": 46.9380722046,
        "mean": 6.82676744461,
        "median": 5.37637519836,
        "min": 0.290931105614,
        "var": 27.320318222
    },
    "dissonance": {
        "dmean": 0.0282287690789,
        "dmean2": 0.0468259640038,
        "dvar": 0.000715393514838,
        "dvar2": 0.00190726551227,
        "max": 0.499999940395,
        "mean": 0.428827255964,
        "median": 0.437216222286,
        "min": 0.251490950584,
        "var": 0.00190349761397
    },
    "dynamic_complexity": 4.52630472183,
    "erbbands_crest": {
        "dmean": 2.20096135139,
        "dmean2": 3.49686169624,
        "dvar": 5.3599114418,
        "dvar2": 12.4091472626,
        "max": 30.964805603,
        "mean": 11.2939453125,
        "median": 9.80248832703,
        "min": 2.73736381531,
        "var": 28.0110340118
    },
    "erbbands_flatness_db": {
        "dmean": 0.0201152469963,
        "dmean2": 0.0277909580618,
        "dvar": 0.000534730846994,
        "dvar2": 0.000912108051125,
        "max": 0.419425368309,
        "mean": 0.230067640543,
        "median": 0.226487666368,
        "min": 0.0999245122075,
        "var": 0.00311861396767
    },
    "erbbands_kurtosis": {
        "dmean": 1.5378780365,
        "dmean2": 2.40705657005,
        "dvar": 6.92146921158,
        "dvar2": 15.2154579163,
        "max": 50.3964157104,
        "mean": 2.5766723156,
        "median": 0.801151275635,
        "min": -1.6704750061,
        "var": 28.8626308441
    },
    "erbbands_skewness": {
        "dmean": 0.375162184238,
        "dmean2": 0.569159924984,
        "dvar": 0.168291702867,
        "dvar2": 0.372470408678,
        "max": 6.15043783188,
        "mean": 0.990484476089,
        "median": 0.825857877731,
        "min": -3.36297297478,
        "var": 1.08151817322
    },
    "erbbands_spread": {
        "dmean": 6.20155000687,
        "dmean2": 9.58215427399,
        "dvar": 80.5802078247,
        "dvar2": 168.609100342,
        "max": 116.93106842,
        "mean": 27.9409790039,
        "median": 23.227273941,
        "min": 1.87540543079,
        "var": 328.487854004
    },
    "hfc": {
        "dmean": 3.07010769844,
        "dmean2": 4.60368061066,
        "dvar": 35.3315200806,
        "dvar2": 79.7367630005,
        "max": 70.8327102661,
        "mean": 8.11889266968,
        "median": 4.31976270676,
        "min": 2.3003831302e-05,
        "var": 88.2463989258
    },
    "melbands_crest": {
        "dmean": 2.9206264019,
        "dmean2": 4.70653533936,
        "dvar": 8.63624286652,
        "dvar2": 21.667848587,
        "max": 32.9951477051,
        "mean": 17.6434783936,
        "median": 16.9356269836,
        "min": 5.15571975708,
        "var": 34.5840110779
    },
    "melbands_flatness_db": {
        "dmean": 0.033878121525,
        "dmean2": 0.0493090413511,
        "dvar": 0.00138222507667,
        "dvar2": 0.00251420820132,
        "max": 0.750696957111,
        "mean": 0.362399220467,
        "median": 0.358638852835,
        "min": 0.119843520224,
        "var": 0.0100419130176
    },
    "melbands_kurtosis": {
        "dmean": 12.8502559662,
        "dmean2": 19.8954620361,
        "dvar": 540.74597168,
        "dvar2": 1185.85400391,
        "max": 625.07989502,
        "mean": 31.5797176361,
        "median": 18.6497974396,
        "min": -1.84191846848,
        "var": 1886.50366211
    },
    "melbands_skewness": {
        "dmean": 0.815490365028,
        "dmean2": 1.26920831203,
        "dvar": 0.926705360413,
        "dvar2": 1.92403554916,
        "max": 17.1915454865,
        "mean": 3.5005068779,
        "median": 3.24871873856,
        "min": -0.592177867889,
        "var": 4.48728322983
    },
    "melbands_spread": {
        "dmean": 1.89691591263,
        "dmean2": 3.02876806259,
        "dvar": 7.15857553482,
        "dvar2": 16.1180095673,
        "max": 29.6329536438,
        "mean": 6.85630989075,
        "median": 4.86886501312,
        "min": 0.293662160635,
        "var": 32.9415664673
    },
    "pitch_salience": {
        "dmean": 0.0708364248276,
        "dmean2": 0.115072004497,
        "dvar": 0.00457711564377,
        "dvar2": 0.0109401224181,
        "max": 0.851572692394,
        "mean": 0.483096629381,
        "median": 0.49303689599,
        "min": 0.0700430646539,
        "var": 0.0184084773064
    },
    "silence_rate_20dB": {
        "dmean": 0,
        "dmean2": 0,
        "dvar": 0,
        "dvar2": 0,
        "max": 1,
        "mean": 1,
        "median": 1,
        "min": 1,
        "var": 0
    },
    "silence_rate_30dB": {
        "dmean": 0.0743034034967,
        "dmean2": 0.148664340377,
        "dvar": 0.0687836334109,
        "dvar2": 0.1435944736,
        "max": 1,
        "mean": 0.882398426533,
        "median": 1,
        "min": 0,
        "var": 0.103768832982
    },
    "silence_rate_60dB": {
        "dmean": 0.0247678011656,
        "dmean2": 0.0495547801256,
        "dvar": 0.0241547971964,
        "dvar2": 0.0556169562042,
        "max": 1,
        "mean": 0.102514505386,
        "median": 0,
        "min": 0,
        "var": 0.0920053720474
    },
    "spectral_centroid": {
        "dmean": 94.4521942139,
        "dmean2": 149.298019409,
        "dvar": 20118.3984375,
        "dvar2": 47955.7226562,
        "max": 2307.61523438,
        "mean": 489.489349365,
        "median": 428.51373291,
        "min": 114.717399597,
        "var": 68591.6015625
    },
    "spectral_complexity": {
        "dmean": 1.49380803108,
        "dmean2": 2.33759188652,
        "dvar": 3.2336742878,
        "dvar2": 5.99052715302,
        "max": 33,
        "mean": 8.81856822968,
        "median": 8,
        "min": 0,
        "var": 20.0711116791
    },
    "spectral_decrease": {
        "dmean": 4.92026908105e-09,
        "dmean2": 7.84692044675e-09,
        "dvar": 1.05086063958e-16,
        "dvar2": 2.6533521478e-16,
        "max": -3.32763940643e-14,
        "mean": -1.05349995394e-08,
        "median": -4.91911622547e-09,
        "min": -9.01521843844e-08,
        "var": 1.84344068415e-16
    },
    "spectral_energy": {
        "dmean": 0.0188223980367,
        "dmean2": 0.029992248863,
        "dvar": 0.00153223855887,
        "dvar2": 0.00386579055339,
        "max": 0.346238344908,
        "mean": 0.0404978692532,
        "median": 0.0189901329577,
        "min": 1.2767911528e-07,
        "var": 0.00269764335826
    },
    "spectral_energyband_high": {
        "dmean": 3.74335249944e-05,
        "dmean2": 5.30046927452e-05,
        "dvar": 1.31316326701e-08,
        "dvar2": 3.0914211635e-08,
        "max": 0.00200594565831,
        "mean": 5.67554852751e-05,
        "median": 1.03623424366e-05,
        "min": 8.47703920948e-11,
        "var": 2.12281019429e-08
    },
    "spectral_energyband_low": {
        "dmean": 0.0139922164381,
        "dmean2": 0.0224522426724,
        "dvar": 0.000924776599277,
        "dvar2": 0.00235243421048,
        "max": 0.272440999746,
        "mean": 0.026508981362,
        "median": 0.00855750776827,
        "min": 9.44802209801e-08,
        "var": 0.00173195276875
    },
    "spectral_energyband_middle_high": {
        "dmean": 0.000566230446566,
        "dmean2": 0.000733180087991,
        "dvar": 3.91529920307e-06,
        "dvar2": 6.36719096292e-06,
        "max": 0.0630503743887,
        "mean": 0.00161144789308,
        "median": 0.000478368339827,
        "min": 2.37577313378e-09,
        "var": 1.50261548697e-05
    },
    "spectral_energyband_middle_low": {
        "dmean": 0.00790682993829,
        "dmean2": 0.0127156469971,
        "dvar": 0.000414621667005,
        "dvar2": 0.000991318258457,
        "max": 0.306326508522,
        "mean": 0.0150807965547,
        "median": 0.00596357649192,
        "min": 3.44129063024e-08,
        "var": 0.000683826743625
    },
    "spectral_entropy": {
        "dmean": 0.255887329578,
        "dmean2": 0.372994661331,
        "dvar": 0.0876661464572,
        "dvar2": 0.172601774335,
        "max": 8.2360086441,
        "mean": 6.55904006958,
        "median": 6.55636024475,
        "min": 4.3785815239,
        "var": 0.423692256212
    },
    "spectral_flux": {
        "dmean": 0.0359484255314,
        "dmean2": 0.0602116324008,
        "dvar": 0.00363157433458,
        "dvar2": 0.00882625859231,
        "max": 0.491036862135,
        "mean": 0.0713377818465,
        "median": 0.042685251683,
        "min": 0.000357322132913,
        "var": 0.00573245342821
    },
    "spectral_kurtosis": {
        "dmean": 8.23599720001,
        "dmean2": 13.0220775604,
        "dvar": 147.502822876,
        "dvar2": 323.304718018,
        "max": 172.642700195,
        "mean": 16.0957546234,
        "median": 9.65867233276,
        "min": -0.257570743561,
        "var": 382.888336182
    },
    "spectral_rms": {
        "dmean": 0.00116931390949,
        "dmean2": 0.00179648608901,
        "dvar": 3.83143333238e-06,
        "dvar2": 8.71847805684e-06,
        "max": 0.0183791592717,
        "mean": 0.0052638198249,
        "median": 0.00430429540575,
        "min": 1.11608687803e-05,
        "var": 1.18023153846e-05
    },
    "spectral_rolloff": {
        "dmean": 89.8905258179,
        "dmean2": 156.775253296,
        "dvar": 30404.8847656,
        "dvar2": 68110.34375,
        "max": 3143.84765625,
        "mean": 396.869293213,
        "median": 258.3984375,
        "min": 64.599609375,
        "var": 93703.7421875
    },
    "spectral_skewness": {
        "dmean": 0.617930471897,
        "dmean2": 0.952644824982,
        "dvar": 0.5090893507,
        "dvar2": 1.10509383678,
        "max": 10.2090921402,
        "mean": 2.68979763985,
        "median": 2.42938494682,
        "min": 0.35028731823,
        "var": 1.86432600021
    },
    "spectral_spread": {
        "dmean": 527492.9375,
        "dmean2": 773034.8125,
        "dvar": 481139916800,
        "dvar2": 887260577792,
        "max": 7512302,
        "mean": 2894804.75,
        "median": 2706430.75,
        "min": 476579.78125,
        "var": 1.65144795546e+12
    },
    "spectral_strongpeak": {
        "dmean": 0.26255223155,
        "dmean2": 0.434390068054,
        "dvar": 0.231235280633,
        "dvar2": 0.534079492092,
        "max": 8.65905952454,
        "mean": 0.656270623207,
        "median": 0.414947092533,
        "min": 0,
        "var": 0.545630037785
    },
    "zerocrossingrate": {
        "dmean": 0.00394083047286,
        "dmean2": 0.00500776572153,
        "dvar": 2.2013695343e-05,
        "dvar2": 3.03118922602e-05,
        "max": 0.11572265625,
        "mean": 0.0197656620294,
        "median": 0.01708984375,
        "min": 0.00244140625,
        "var": 0.000162173324497
    },
    "barkbands": {
        "dmean": [0.000624651205726, 0.00866783317178, 0.00431743916124, 0.00486069358885, 0.0028294227086, 0.000541029439773, 0.000509780307766, 0.000235500992858, 0.000228599295951, 0.000223841328989, 0.00021545785421, 9.33499759412e-05, 5.0489212299e-05, 4.87035904371e-05, 2.71811477432e-05, 3.5230688809e-05, 2.75550792139e-05, 1.68017431861e-05, 1.82125277206e-05, 1.17683748613e-05, 1.08945541797e-05, 9.37668937695e-06, 7.66353605286e-06, 5.01247222928e-06, 1.44191858453e-06, 1.96740801428e-09, 1.33525002166e-09],
        "dmean2": [0.0011013969779, 0.013998045586, 0.00726479198784, 0.00802279636264, 0.00464188214391, 0.000906420173123, 0.000795776024461, 0.000371153553715, 0.000326721841702, 0.000326950364979, 0.000269682059297, 0.00012158791651, 7.35574794817e-05, 7.06325590727e-05, 4.25251200795e-05, 5.53295976715e-05, 4.15000686189e-05, 2.50902448897e-05, 2.58950258285e-05, 1.66906065715e-05, 1.60636645887e-05, 1.49208090079e-05, 1.18931848192e-05, 7.6391188486e-06, 2.21039158532e-06, 3.32633542932e-09, 2.46441955731e-09],
        "dvar": [1.84002112746e-06, 0.000390815810533, 0.000129474734422, 0.000241014378844, 6.89941662131e-05, 1.09594839159e-06, 3.38647851095e-06, 4.77137518828e-07, 6.58206488424e-07, 2.15272689275e-06, 1.87675209418e-06, 2.05851804935e-07, 2.56271750487e-08, 3.18272341815e-08, 8.57134807575e-09, 3.68834633946e-08, 1.02587334183e-08, 1.74153258481e-09, 2.89097745743e-09, 1.53848911388e-09, 1.49041212705e-09, 1.41825118316e-09, 6.4674088307e-10, 2.03961750267e-10, 1.87185527495e-11, 1.53875065766e-17, 6.76752855077e-18],
        "dvar2": [5.19453033121e-06, 0.000955106050242, 0.000334343058057, 0.000592866097577, 0.000154132911121, 2.82487667391e-06, 7.4076360761e-06, 1.13531609713e-06, 1.32124534957e-06, 4.33610830441e-06, 2.45239652941e-06, 3.4713107766e-07, 4.78563073614e-08, 6.7541193971e-08, 2.05911501183e-08, 9.63824362543e-08, 2.08171204719e-08, 3.2820164364e-09, 5.22236032197e-09, 3.35860828038e-09, 3.49109519071e-09, 3.84692855349e-09, 1.64360547394e-09, 4.80176398643e-10, 4.66926775022e-11, 4.0999709987e-17, 2.14998038575e-17],
        "max": [0.0169512741268, 0.214019209146, 0.145672380924, 0.237785875797, 0.186628177762, 0.0160252340138, 0.0468232966959, 0.0144778611138, 0.0225800834596, 0.0464649572968, 0.055290389806, 0.0214811395854, 0.00418319925666, 0.00435786787421, 0.00290652527474, 0.00518492097035, 0.00223174924031, 0.000649308494758, 0.00113956711721, 0.000939822581131, 0.000896868703421, 0.00068401225144, 0.000554612546694, 0.000214592379052, 8.05572781246e-05, 5.91830371377e-08, 2.87846066982e-08],
        "mean": [0.000711473752744, 0.0169286429882, 0.00621605664492, 0.00613625580445, 0.00514594558626, 0.000989599502645, 0.00142904208042, 0.000550511933398, 0.000586789858062, 0.000539703934919, 0.000532253179699, 0.000214307772694, 0.00011220228771, 0.000113738817163, 5.09144665557e-05, 6.00534476689e-05, 5.01152171637e-05, 2.99591101793e-05, 3.38298887073e-05, 1.89637994481e-05, 1.60236759257e-05, 1.21098382806e-05, 1.04905084299e-05, 7.07209119355e-06, 1.85595081348e-06, 2.12136375133e-09, 1.04963926439e-09],
        "median": [0.000180095550604, 0.00382012408227, 0.00147044938058, 0.00109448970761, 0.00158511381596, 0.000459649978438, 0.000218555869651, 0.000135055059218, 0.000130983738927, 7.32488988433e-05, 7.35213907319e-05, 2.69839656539e-05, 2.91962096526e-05, 2.27247473958e-05, 1.01848108898e-05, 1.07111582111e-05, 7.45426950743e-06, 9.4515426099e-06, 7.6483029261e-06, 4.03242802349e-06, 2.55611621469e-06, 1.76671721874e-06, 1.91145772988e-06, 1.17940203381e-06, 2.21340741291e-07, 6.25488993933e-10, 2.33235791791e-10],
        "min": [7.70660868454e-09, 2.79404446246e-08, 1.46929304279e-08, 7.98814969727e-09, 1.8730540674e-08, 3.66663055473e-09, 1.57658264222e-09, 2.98887498085e-10, 5.77866809959e-10, 2.07509717742e-10, 5.53492141009e-10, 1.0925405719e-10, 2.57135979176e-10, 1.32135705155e-10, 4.9878622066e-11, 7.12615660925e-11, 4.22183225879e-11, 1.41850932042e-11, 1.62077799098e-11, 1.43042773806e-11, 1.39045780098e-11, 8.95246897448e-12, 1.17540968278e-11, 1.28420425335e-11, 1.26496018521e-11, 7.79479085444e-12, 8.91454358248e-12],
        "var": [2.11591509469e-06, 0.000894303375389, 0.000186691089766, 0.000287731265416, 0.000186044795555, 2.36940240939e-06, 2.24745108426e-05, 1.92162656276e-06, 2.37361155087e-06, 6.13632482782e-06, 6.8953495429e-06, 5.75753574594e-07, 7.92370613567e-08, 1.09159991268e-07, 1.6281862969e-08, 4.65739944389e-08, 2.5643798196e-08, 4.05556699334e-09, 7.71076180683e-09, 2.70721223217e-09, 2.11375850157e-09, 1.46025758152e-09, 7.93715870806e-10, 3.07227937535e-10, 2.50758858122e-11, 1.97172395636e-17, 5.10591543323e-18]
    },
    "erbbands": {
        "dmean": [0.266251683235, 1.99966049194, 4.95095586777, 10.1212997437, 15.9043560028, 7.11773014069, 2.84121346474, 4.9605846405, 8.57347011566, 4.72098302841, 5.19192361832, 4.45137405396, 7.48990106583, 9.84966278076, 3.92022156715, 3.78588271141, 2.30077767372, 3.00195765495, 1.518466115, 1.34118163586, 1.80600094795, 1.32454919815, 0.981793105602, 1.04634296894, 0.685000240803, 0.568308711052, 0.401113688946, 0.502698123455, 0.337917566299, 0.296549320221, 0.186767488718, 0.12292226404, 0.0744781643152, 0.0305764880031, 0.00242603826337, 0.000110901972221, 1.03970633063e-05, 1.63183665336e-06, 8.50846026879e-06, 2.04987391044e-05],
        "dmean2": [0.435605674982, 3.188372612, 8.120677948, 16.7771263123, 26.6077365875, 11.1105966568, 4.80289077759, 8.20375156403, 13.1651496887, 7.48708057404, 7.95217990875, 6.40404939651, 10.5466871262, 12.7433052063, 5.43775844574, 4.90175437927, 3.2327401638, 4.2977347374, 2.35472273827, 2.07688140869, 2.72771024704, 1.97542262077, 1.46636068821, 1.42838311195, 1.02256584167, 0.805303752422, 0.556232690811, 0.78418558836, 0.543128609657, 0.45234182477, 0.289580225945, 0.19051630795, 0.115163438022, 0.0464713647962, 0.00374607765116, 0.000169298233232, 1.54368299263e-05, 2.44560874307e-06, 1.34238362079e-05, 3.26065637637e-05],
        "dvar": [0.466092854738, 19.9894790649, 152.958724976, 882.221252441, 2096.10913086, 489.249511719, 28.9190216064, 107.501800537, 1042.25500488, 269.306091309, 193.314559937, 204.530410767, 3263.21826172, 3095.71484375, 198.403656006, 463.403503418, 53.592830658, 103.00995636, 26.8413257599, 24.5019016266, 54.9208183289, 19.9697818756, 5.80918979645, 12.5044002533, 2.98987054825, 4.06913661957, 1.94725048542, 4.55210924149, 1.97218191624, 0.807204842567, 0.422951996326, 0.141980797052, 0.0481136925519, 0.00799076072872, 4.79760383314e-05, 9.06979522597e-08, 3.91033150304e-10, 8.57358455064e-12, 3.04839875565e-10, 1.80734915922e-09],
        "dvar2": [1.25301527977, 48.3502540588, 372.419433594, 2208.09423828, 5298.06396484, 880.10760498, 75.6270904541, 267.689331055, 2175.82666016, 669.561828613, 419.561798096, 455.30355835, 6938.02539062, 4194.46337891, 308.950073242, 773.27166748, 97.767829895, 209.72819519, 64.3607635498, 63.0000419617, 135.536773682, 42.5814666748, 11.0228862762, 22.0791225433, 6.47018194199, 9.19505596161, 3.51529526711, 12.3932552338, 5.35323095322, 1.96612751484, 1.09853410721, 0.349737942219, 0.116915903986, 0.0194713063538, 0.000115916540381, 2.16701423028e-07, 8.78319250663e-10, 1.94064781606e-11, 7.62235774499e-10, 4.55311344183e-09],
        "max": [8.0812997818, 51.9480781555, 193.644058228, 380.084869385, 657.443725586, 652.17175293, 69.5489654541, 164.038452148, 870.749206543, 394.859375, 312.313415527, 280.730438232, 2014.81152344, 2244.94042969, 477.665679932, 1097.92712402, 183.263702393, 252.3465271, 178.010559082, 123.060844421, 176.450942993, 125.453330994, 44.9000473022, 76.9920501709, 34.4277763367, 57.1726493835, 40.3796882629, 59.3659439087, 26.3367557526, 13.5082149506, 15.7820882797, 6.52966690063, 3.48397469521, 1.47345888615, 0.0975593477488, 0.00407018372789, 0.000263834634097, 3.9609723899e-05, 0.000157183530973, 0.000378629280021],
        "mean": [0.434575170279, 3.91656351089, 8.06007289886, 13.8812170029, 23.1634159088, 14.5570964813, 5.37466859818, 9.790807724, 24.1718273163, 12.4580755234, 13.0882673264, 11.3593215942, 17.4893321991, 25.1239948273, 9.99449920654, 8.93876266479, 5.58838653564, 7.27011680603, 3.23491597176, 2.57840681076, 3.25892353058, 2.51385784149, 1.86270475388, 1.85984253883, 1.318780303, 0.927380979061, 0.650317311287, 0.651433229446, 0.435912668705, 0.431931048632, 0.242213353515, 0.17309781909, 0.098419688642, 0.0406636148691, 0.00303774955682, 0.000153513232362, 2.01836719498e-05, 3.00762599181e-06, 1.87206351256e-05, 4.44198412879e-05],
        "median": [0.0882389768958, 0.882294595242, 2.0602812767, 3.77405834198, 4.58918380737, 5.58797502518, 2.79735159874, 4.0678358078, 4.26162338257, 2.45230650902, 3.48249053955, 2.88484501839, 2.66127228737, 4.28590631485, 2.47717118263, 1.35893332958, 1.4086176157, 1.66786026955, 0.893725454807, 0.635327756405, 0.61158400774, 0.474336802959, 0.590737462044, 0.241841003299, 0.455513298512, 0.202753588557, 0.0927383303642, 0.0989473685622, 0.0590851046145, 0.0860194712877, 0.0374391414225, 0.0284119863063, 0.0149308955297, 0.00536110112444, 0.000346777262166, 3.91730900446e-05, 1.07645882963e-05, 1.64670166214e-06, 9.13817348192e-06, 2.10949347093e-05],
        "min": [1.20944321225e-06, 5.22441769135e-06, 1.3686805687e-05, 2.71693843388e-05, 3.55565352947e-05, 7.30631145416e-05, 5.46465744264e-05, 2.43061367655e-05, 3.80917190341e-05, 1.13364721983e-05, 7.23306902728e-06, 1.18730085887e-05, 1.06974066512e-05, 1.33356397782e-05, 1.47035734699e-05, 6.75840374242e-06, 9.64967603068e-06, 8.69158975547e-06, 5.16197587785e-06, 3.85962130167e-06, 5.54737198399e-06, 2.00431145458e-06, 1.05341143808e-06, 6.45678710498e-07, 8.32131604511e-07, 5.75835201744e-07, 6.76127342558e-07, 5.23581547895e-07, 3.7324520008e-07, 3.31177830049e-07, 3.36940928491e-07, 2.56146591937e-07, 2.22339068046e-07, 1.81103132491e-07, 6.92967816462e-08, 3.059835052e-08, 1.29437953689e-08, 5.02486185994e-09, 1.61345203864e-09, 3.38623185048e-10],
        "var": [0.784077823162, 48.1812705994, 289.884399414, 1025.93530273, 3350.39624023, 1781.57287598, 56.217250824, 294.400238037, 6791.01269531, 1228.42626953, 745.193908691, 677.270019531, 7459.56884766, 11230.1904297, 770.585693359, 1224.13989258, 193.731811523, 375.177246094, 54.4721183777, 37.386177063, 88.0348129272, 48.8811836243, 13.9660825729, 32.5218658447, 6.73628044128, 6.71290588379, 3.85816693306, 4.25231075287, 1.98969590664, 1.19069850445, 0.476917743683, 0.201556548476, 0.0640119984746, 0.011161566712, 6.3618979766e-05, 1.25048188693e-07, 7.27799875921e-10, 1.69525105759e-11, 5.50457623927e-10, 3.19882120792e-09]
    },
    "gfcc": {
        "mean": [-118.404472351, 183.119827271, -106.725105286, 43.4462738037, -51.5641212463, 11.9383296967, -20.1970291138, -7.44807052612, -3.55264759064, -22.9236755371, 6.62468338013, -19.5208244324, 4.19784641266],
        "cov": [[5849.60009766, -1083.42663574, -673.832580566, 642.04095459, -433.532348633, 431.566223145, -141.907058716, 102.621253967, -29.6335163116, -4.68043756485, 13.1795358658, -93.0923538208, 53.7998199463], [-1083.42663574, 1178.04052734, 150.723464966, -759.245178223, 586.94317627, -264.695617676, 257.401092529, -137.875045776, 100.08946991, -32.0666923523, -50.189868927, 30.5220489502, -33.3174057007], [-673.832580566, 150.723464966, 935.13079834, 272.803588867, 233.693649292, -5.6860408783, 112.486961365, 38.2151107788, 26.2398815155, -5.54381608963, 25.1269817352, -10.0920886993, -63.4230117798], [642.04095459, -759.245178223, 272.803588867, 864.930236816, -236.540130615, 159.307235718, -72.1094207764, 136.712081909, -17.5570659637, 10.361574173, 86.3887252808, -39.5141029358, -13.849407196], [-433.532348633, 586.94317627, 233.693649292, -236.540130615, 538.627685547, -96.0604019165, 231.764251709, -32.7852210999, 74.9748840332, -12.2259864807, -29.462594986, 14.5125112534, -38.5338821411], [431.566223145, -264.695617676, -5.6860408783, 159.307235718, -96.0604019165, 229.808044434, 21.3132534027, 62.1332130432, -5.45579576492, -0.578986823559, 24.2765808105, -6.90661811829, 37.109916687], [-141.907058716, 257.401092529, 112.486961365, -72.1094207764, 231.764251709, 21.3132534027, 233.274520874, 29.3462905884, 54.7490615845, -8.04452610016, 11.209695816, 10.5835552216, -6.7626709938], [102.621253967, -137.875045776, 38.2151107788, 136.712081909, -32.7852210999, 62.1332130432, 29.3462905884, 130.679992676, 59.621837616, 39.9747695923, 58.1441268921, 10.149848938, -1.3187110424], [-29.6335163116, 100.08946991, 26.2398815155, -17.5570659637, 74.9748840332, -5.45579576492, 54.7490615845, 59.621837616, 126.225326538, 57.6436767578, 45.9810600281, 9.82738304138, -11.5005960464], [-4.68043756485, -32.0666923523, -5.54381608963, 10.361574173, -12.2259864807, -0.578986823559, -8.04452610016, 39.9747695923, 57.6436767578, 87.6438674927, 46.0407867432, 9.33484172821, -11.45307827], [13.1795358658, -50.189868927, 25.1269817352, 86.3887252808, -29.462594986, 24.2765808105, 11.209695816, 58.1441268921, 45.9810600281, 46.0407867432, 109.167449951, 32.2939147949, 3.73016834259], [-93.0923538208, 30.5220489502, -10.0920886993, -39.5141029358, 14.5125112534, -6.90661811829, 10.5835552216, 10.149848938, 9.82738304138, 9.33484172821, 32.2939147949, 74.1812744141, 35.8193397522], [53.7998199463, -33.3174057007, -63.4230117798, -13.849407196, -38.5338821411, 37.109916687, -6.7626709938, -1.3187110424, -11.5005960464, -11.45307827, 3.73016834259, 35.8193397522, 70.5499572754]],
        "icov": [[0.000252209807513, 0.000152970736963, 0.000231702520978, -0.000132727800519, -0.000151366140926, -0.000330850132741, 4.12186709582e-05, 0.000194655207451, -0.000232974663959, 0.000130578540848, 9.74013255473e-06, 0.000160878451425, 6.21211074758e-05], [0.000152970736963, 0.0137421516702, -0.00289596384391, 0.00959655176848, -0.00552025437355, 0.00696475198492, -0.00450470810756, 0.00558500224724, -0.00764238787815, 0.00811781641096, -0.00812585651875, 0.0063612004742, -0.00408050464466], [0.000231702520978, -0.00289596384391, 0.00249082082883, -0.00305322324857, 0.000133434092277, -0.00191303901374, 0.000963906524703, -0.00096271163784, 0.00168513413519, -0.00156845583115, 0.00178063823842, -0.00183296529576, 0.00210562697612], [-0.000132727800519, 0.00959655176848, -0.00305322324857, 0.00918844435364, -0.00311766285449, 0.00459794327617, -0.0026594651863, 0.00194144586567, -0.0044605829753, 0.00641280086711, -0.00722373323515, 0.00585723109543, -0.00292581971735], [-0.000151366140926, -0.00552025437355, 0.000133434092277, -0.00311766285449, 0.0075281788595, -0.0014753297437, -0.00255332584493, -0.000657132186461, 0.000906859757379, -0.00281079765409, 0.00479728728533, -0.00410144543275, 0.00316749839112], [-0.000330850132741, 0.00696475198492, -0.00191303901374, 0.00459794327617, -0.0014753297437, 0.0113569023088, -0.00474093481898, 8.46495167934e-05, -0.00228158151731, 0.00355582591146, -0.00458289170638, 0.00626556994393, -0.00724176736549], [4.12186709582e-05, -0.00450470810756, 0.000963906524703, -0.0026594651863, -0.00255332584493, -0.00474093481898, 0.0113074993715, -0.00413680030033, 0.00107456825208, 0.000350778806023, 0.00105544633698, -0.00164434290491, 0.0013025784865], [0.000194655207451, 0.00558500224724, -0.00096271163784, 0.00194144586567, -0.000657132186461, 8.46495167934e-05, -0.00413680030033, 0.018367620185, -0.00928811170161, 0.00183807173744, -0.00522439507768, 5.6505894463e-05, 0.000579934800044], [-0.000232974663959, -0.00764238787815, 0.00168513413519, -0.0044605829753, 0.000906859757379, -0.00228158151731, 0.00107456825208, -0.00928811170161, 0.0214854814112, -0.0125985657796, 0.00175589125138, -0.000910703151021, 0.000659341865685], [0.000130578540848, 0.00811781641096, -0.00156845583115, 0.00641280086711, -0.00281079765409, 0.00355582591146, 0.000350778806023, 0.00183807173744, -0.0125985657796, 0.025804342702, -0.00996035058051, 0.00259640463628, 0.00158902921248], [9.74013255473e-06, -0.00812585651875, 0.00178063823842, -0.00722373323515, 0.00479728728533, -0.00458289170638, 0.00105544633698, -0.00522439507768, 0.00175589125138, -0.00996035058051, 0.0226633697748, -0.0123705547303, 0.0051239375025], [0.000160878451425, 0.0063612004742, -0.00183296529576, 0.00585723109543, -0.00410144543275, 0.00626556994393, -0.00164434290491, 5.6505894463e-05, -0.000910703151021, 0.00259640463628, -0.0123705547303, 0.0289831273258, -0.0170971564949], [6.21211074758e-05, -0.00408050464466, 0.00210562697612, -0.00292581971735, 0.00316749839112, -0.00724176736549, 0.0013025784865, 0.000579934800044, 0.000659341865685, 0.00158902921248, 0.0051239375025, -0.0170971564949, 0.0279685389251]]
    },
    "melbands": {
        "dmean": [0.00237107276917, 0.00251898309216, 0.00203526765108, 0.000825823808555, 0.000110177861643, 0.000115567963803, 0.000119627256936, 4.83405965497e-05, 4.49905601272e-05, 2.94572146231e-05, 3.72452523152e-05, 3.83486076316e-05, 1.76170742634e-05, 1.04080663732e-05, 7.05726188244e-06, 5.86484566156e-06, 5.76668526264e-06, 2.34033177549e-06, 1.80056338195e-06, 2.77657750303e-06, 1.97943541025e-06, 1.68859412497e-06, 9.2316190603e-07, 7.92338653355e-07, 9.60856937127e-07, 4.84546262669e-07, 4.65358084512e-07, 3.83798777648e-07, 2.81451775663e-07, 2.39418426418e-07, 3.2975529507e-07, 2.10129243783e-07, 1.50961383838e-07, 1.80626528845e-07, 1.13783983124e-07, 8.85436364229e-08, 7.17254309279e-08, 5.33070547704e-08, 4.66596326021e-08, 1.96280254272e-08],
        "dmean2": [0.00383412069641, 0.00407100422308, 0.00336835952476, 0.00133764394559, 0.000181218609214, 0.00019063448417, 0.000184789241757, 7.7055003203e-05, 6.80355733493e-05, 4.23843266617e-05, 5.27152078575e-05, 5.01350114064e-05, 2.32842376136e-05, 1.39147323353e-05, 9.33669707592e-06, 8.2070046119e-06, 8.30582303024e-06, 3.62586547453e-06, 2.79264691017e-06, 4.37659127783e-06, 2.9797499792e-06, 2.54505062003e-06, 1.43479019243e-06, 1.16056264687e-06, 1.34711206101e-06, 7.35456410439e-07, 7.12639632638e-07, 5.57167254556e-07, 4.00025186309e-07, 3.51729738668e-07, 5.33800232461e-07, 3.47879847595e-07, 2.32349179896e-07, 2.8100978966e-07, 1.78915030347e-07, 1.40595588505e-07, 1.11573271511e-07, 8.49799874914e-08, 7.30465998799e-08, 3.02707228172e-08],
        "dvar": [3.10525392706e-05, 3.35358272423e-05, 3.43611245626e-05, 5.55522183276e-06, 4.79809365572e-08, 6.1564875864e-08, 1.834575869e-07, 3.06176168863e-08, 1.57605146711e-08, 1.18177583275e-08, 8.15896683548e-08, 4.45935768312e-08, 8.25438739582e-09, 2.55716137154e-09, 1.10753961557e-09, 4.2564954339e-10, 4.29628888021e-10, 6.36576694135e-11, 3.62592351977e-11, 2.7662891422e-10, 4.92739876679e-11, 4.168394796e-11, 5.84328375616e-12, 4.27658646343e-12, 1.24279241412e-11, 2.09094135235e-12, 1.26843088984e-12, 2.1539079114e-12, 1.26047024381e-12, 4.44062538477e-13, 2.68032557954e-12, 9.26357623422e-13, 2.08911149014e-13, 3.01681531319e-13, 1.45325185262e-13, 1.13803958661e-13, 4.39107266986e-14, 2.87248896273e-14, 1.7495272402e-14, 3.46556118831e-15],
        "dvar2": [7.83711438999e-05, 8.02694557933e-05, 8.62869273988e-05, 1.21969942484e-05, 1.13221133802e-07, 1.50040449398e-07, 3.91812960743e-07, 7.60879288464e-08, 3.31247207441e-08, 2.60036134847e-08, 1.72190937064e-07, 6.16492812355e-08, 1.11974580719e-08, 4.49634063315e-09, 1.74380887508e-09, 7.48728634647e-10, 9.10098552076e-10, 1.50730872228e-10, 8.59325180458e-11, 7.3143552326e-10, 1.09941618309e-10, 8.84983406002e-11, 1.11771737699e-11, 8.04701097423e-12, 2.20665655887e-11, 4.7856649199e-12, 2.89304821419e-12, 4.90043249035e-12, 2.40327788052e-12, 9.3889793943e-13, 7.56773289867e-12, 2.58805281893e-12, 5.11169936674e-13, 7.35741166342e-13, 3.74564366069e-13, 3.07653750566e-13, 1.04854764194e-13, 7.26012538933e-14, 4.18954421936e-14, 8.62416759642e-15],
        "max": [0.0630099475384, 0.0857152864337, 0.0846652388573, 0.0530949980021, 0.00425479048863, 0.004553492181, 0.0111873149872, 0.00445214146748, 0.00294143473729, 0.00261309067719, 0.00992902554572, 0.00830357894301, 0.00354992016219, 0.00239827740006, 0.00120299204718, 0.000568370101973, 0.000507439952344, 0.000263985828497, 0.000141415526741, 0.000458366237581, 0.000138168761623, 0.000177693262231, 5.47857562196e-05, 4.16359871451e-05, 8.00827110652e-05, 3.744802234e-05, 1.91805575014e-05, 3.78343174816e-05, 3.32578165398e-05, 1.10166565719e-05, 4.69801889267e-05, 1.75149871211e-05, 6.62460342937e-06, 8.30560293252e-06, 9.10040853341e-06, 7.33494835004e-06, 3.27534212374e-06, 2.90298294203e-06, 2.29723104894e-06, 8.06723619462e-07],
        "mean": [0.00436164624989, 0.00469514355063, 0.00279254489578, 0.00146326934919, 0.000227613491006, 0.000237159110839, 0.000336611119565, 0.000121535864309, 0.000112790308776, 7.22484110156e-05, 8.5260187916e-05, 9.72962807282e-05, 4.34523208241e-05, 2.41372563323e-05, 1.71425635926e-05, 1.28519332065e-05, 1.3531886907e-05, 4.88154455525e-06, 3.38045560966e-06, 4.75123215438e-06, 3.46933143192e-06, 3.04592708744e-06, 1.70591579263e-06, 1.41264933973e-06, 1.61229502282e-06, 8.63203013068e-07, 8.39014546727e-07, 5.6274200233e-07, 4.23841072461e-07, 3.57579750698e-07, 3.82221088557e-07, 2.53195196365e-07, 2.07206340974e-07, 2.60145213815e-07, 1.42649682289e-07, 1.09723139019e-07, 1.02469449814e-07, 6.57020038375e-08, 6.39567687699e-08, 2.42800144434e-08],
        "median": [0.000925615197048, 0.00125672994182, 0.00073032459477, 0.000410387117881, 0.000119186894153, 8.96812052815e-05, 6.23160158284e-05, 2.30879813898e-05, 2.47078987741e-05, 1.77103029273e-05, 1.09347483885e-05, 1.59360370162e-05, 8.31031957205e-06, 3.86698684451e-06, 2.10950497603e-06, 3.13059035761e-06, 2.66889401246e-06, 1.26471934436e-06, 6.86715111442e-07, 8.73652993505e-07, 5.34784874162e-07, 4.12633568203e-07, 5.56098598281e-07, 3.55326420731e-07, 1.46923255784e-07, 2.82221549242e-07, 2.97993040022e-07, 8.67623128897e-08, 4.97051679815e-08, 6.00792446903e-08, 5.20471949983e-08, 2.83043934957e-08, 3.37181305099e-08, 5.1443493021e-08, 2.16170388256e-08, 1.48529295529e-08, 1.65974363142e-08, 8.66604743521e-09, 1.01590655888e-08, 2.4421726863e-09],
        "min": [1.01586019596e-08, 8.05401789705e-09, 4.64246152632e-09, 4.19873025237e-09, 2.1923627358e-09, 6.3326754951e-10, 5.44110867473e-10, 8.34644228731e-11, 5.59257050392e-11, 8.33792479504e-11, 5.20691406658e-11, 4.97283221546e-11, 6.85871914818e-11, 8.2942376925e-12, 2.11837890979e-11, 3.42580269708e-11, 1.25476616944e-11, 8.70037375478e-12, 3.45840196758e-12, 3.18257508021e-12, 4.67659721712e-12, 2.06976731761e-12, 1.6019738704e-12, 5.87171966864e-13, 4.83050014918e-13, 6.88812125827e-13, 4.50995848739e-13, 3.49615139356e-13, 5.6932345123e-13, 1.84916494552e-13, 3.43571498291e-13, 1.93365383926e-13, 1.8264862821e-13, 1.92969501055e-13, 2.01074224003e-13, 1.77907534082e-13, 1.35906585465e-13, 1.6465861064e-13, 1.20625528338e-13, 1.71638365413e-13],
        "var": [6.53737733955e-05, 7.36963702366e-05, 4.0650000301e-05, 1.49876887008e-05, 1.25761431491e-07, 2.04314702046e-07, 1.16418436846e-06, 1.35865107609e-07, 6.4974123859e-08, 3.4537823268e-08, 1.92193070347e-07, 1.6141578385e-07, 3.04456335698e-08, 6.54844134473e-09, 4.19130286033e-09, 1.29316868325e-09, 1.55024248993e-09, 1.3398586407e-10, 7.13107420336e-11, 3.33605615355e-10, 1.02516564682e-10, 1.01723553192e-10, 1.6067890074e-11, 9.86523623209e-12, 3.15601850209e-11, 3.78172666793e-12, 2.73876537768e-12, 3.24519295984e-12, 2.17215481713e-12, 8.71452215945e-13, 2.03830051795e-12, 8.24546106306e-13, 3.0461400004e-13, 4.30261972969e-13, 1.64495953209e-13, 1.13631624726e-13, 6.77435199408e-14, 3.37231903914e-14, 2.46890402138e-14, 4.52976914807e-15]
    },
    "mfcc": {
        "mean": [-753.049072266, 184.800704956, 22.7982273102, 28.8098640442, 9.61702060699, 10.4904174805, 4.90262126923, 10.0661277771, -1.81609344482, 3.2161026001, -0.855634987354, -2.15945959091, -1.82277953625],
        "cov": [[5679.92285156, -1191.77575684, -595.981567383, 117.551315308, -260.104309082, 175.387710571, -117.845626831, 27.004940033, 3.8279197216, -10.6200809479, -93.3951263428, 93.7568664551, -24.7444953918], [-1191.77575684, 1821.40710449, -300.72744751, -356.088348389, 141.429962158, -7.25479507446, 79.3768539429, 8.0491027832, 97.2468795776, 3.30535340309, -23.344045639, -22.1354694366, 49.7110595703], [-595.981567383, -300.72744751, 671.737731934, 288.976379395, 111.662094116, 42.0887565613, 58.4196510315, 54.614440918, -25.8643264771, 34.8348464966, 67.2799682617, -5.26707792282, 7.37932634354], [117.551315308, -356.088348389, 288.976379395, 513.885620117, 107.536911011, 52.768901825, 62.9514007568, 73.4671783447, -21.1956386566, 53.3188171387, 73.2339553833, 26.5847091675, 19.8165493011], [-260.104309082, 141.429962158, 111.662094116, 107.536911011, 168.662399292, 38.6718406677, 44.2568473816, 37.5528640747, 19.7648906708, 24.979341507, 29.0991687775, 5.4431347847, 20.7460746765], [175.387710571, -7.25479507446, 42.0887565613, 52.768901825, 38.6718406677, 126.454116821, 69.6430587769, 48.2410507202, 34.4134864807, 18.6164970398, -2.53611016273, -0.461483359337, -16.1154918671], [-117.845626831, 79.3768539429, 58.4196510315, 62.9514007568, 44.2568473816, 69.6430587769, 135.660919189, 78.7645111084, 27.5768756866, 32.5474853516, 18.7722377777, -3.18509340286, -3.22428560257], [27.004940033, 8.0491027832, 54.614440918, 73.4671783447, 37.5528640747, 48.2410507202, 78.7645111084, 117.384078979, 43.8959388733, 34.8208580017, 24.0003242493, 10.411772728, 14.9167413712], [3.8279197216, 97.2468795776, -25.8643264771, -21.1956386566, 19.7648906708, 34.4134864807, 27.5768756866, 43.8959388733, 83.8591842651, 31.5098705292, 5.90648460388, 9.19887828827, -2.98532295227], [-10.6200809479, 3.30535340309, 34.8348464966, 53.3188171387, 24.979341507, 18.6164970398, 32.5474853516, 34.8208580017, 31.5098705292, 94.7461547852, 59.391872406, 22.1089782715, 13.9951505661], [-93.3951263428, -23.344045639, 67.2799682617, 73.2339553833, 29.0991687775, -2.53611016273, 18.7722377777, 24.0003242493, 5.90648460388, 59.391872406, 97.4818191528, 49.5860786438, 28.3435993195], [93.7568664551, -22.1354694366, -5.26707792282, 26.5847091675, 5.4431347847, -0.461483359337, -3.18509340286, 10.411772728, 9.19887828827, 22.1089782715, 49.5860786438, 83.8597564697, 51.5577354431], [-24.7444953918, 49.7110595703, 7.37932634354, 19.8165493011, 20.7460746765, -16.1154918671, -3.22428560257, 14.9167413712, -2.98532295227, 13.9951505661, 28.3435993195, 51.5577354431, 107.047142029]],
