{
"lowlevel": {
    "average_loudness": 0.763216733932,
    "barkbands_crest": {
        "dmean": 2.6403336525,
        "dmean2": 4.3362121582,
        "dvar": 5.61173439026,
        "dvar2": 15.2240991592,
        "max": 24.5663070679,
        "mean": 12.1667671204,
        "median": 11.554400444,
        "min": 4.1867442131,
        "var": 18.6845626831
    },
    "barkbands_flatness_db": {
        "dmean": 0.0257682390511,
        "dmean2": 0.0423535332084,
        "dvar": 0.000576037215069,
        "dvar2": 0.00146839790978,
        "max": 0.504219889641,
        "mean": 0.264369547367,
        "median": 0.256020337343,
        "min": 0.108342960477,
        "var": 0.00438003055751
    },
    "barkbands_kurtosis": {
        "dmean": 3.67265129089,
        "dmean2": 5.82379245758,
        "dvar": 30.4031047821,
        "dvar2": 70.2724761963,
        "max": 113.132804871,
        "mean": 6.72863340378,
        "median": 3.39187288284,
        "min": -1.91158819199,
        "var": 93.0408935547
    },
    "barkbands_skewness": {
        "dmean": 0.564253509045,
        "dmean2": 0.888197004795,
        "dvar": 0.300058871508,
        "dvar2": 0.702587127686,
        "max": 9.37685966492,
        "mean": 1.85184681416,
        "median": 1.64134836197,
        "min": -3.38268303871,
        "var": 1.78150653839
    },
    "barkbands_spread": {
        "dmean": 2.48973655701,
        "dmean2": 4.02782011032,
        "dvar": 11.488779068,
        "dvar2": 29.4794387817,
        "max": 63.8099555969,
        "mean": 9.90949249268,
        "median": 8.94112586975,
        "min": 0.4771951437,
        "var": 39.64295578
    },
    "dissonance": {
        "dmean": 0.0281322617084,
        "dmean2": 0.0480375848711,
        "dvar": 0.000687181949615,
        "dvar2": 0.00192108529154,
        "max": 0.499478012323,
        "mean": 0.436625093222,
        "median": 0.443721562624,
        "min": 0.253892660141,
        "var": 0.00162191188429
    },
    "dynamic_complexity": 5.73423814774,
    "erbbands_crest": {
        "dmean": 2.3572204113,
        "dmean2": 3.76573729515,
        "dvar": 5.54851198196,
        "dvar2": 13.6975660324,
        "max": 32.8285560608,
        "mean": 11.2587080002,
        "median": 9.74887657166,
        "min": 2.68673610687,
        "var": 31.1831264496
    },
    "erbbands_flatness_db": {
        "dmean": 0.0172279607505,
        "dmean2": 0.0259436126798,
        "dvar": 0.000327263609506,
        "dvar2": 0.000720680400264,
        "max": 0.453828334808,
        "mean": 0.246055945754,
        "median": 0.239389657974,
        "min": 0.108820602298,
        "var": 0.00339357065968
    },
    "erbbands_kurtosis": {
        "dmean": 0.972651541233,
        "dmean2": 1.55032086372,
        "dvar": 2.16938257217,
        "dvar2": 5.42925643921,
        "max": 29.0397148132,
        "mean": 1.28915548325,
        "median": 0.502722501755,
        "min": -1.60351574421,
        "var": 8.80505752563
    },
    "erbbands_skewness": {
        "dmean": 0.335311502218,
        "dmean2": 0.520122766495,
        "dvar": 0.121191605926,
        "dvar2": 0.289682388306,
        "max": 3.39625525475,
        "mean": 0.277851641178,
        "median": 0.40959623456,
        "min": -4.8920750618,
        "var": 0.86322838068
    },
    "erbbands_spread": {
        "dmean": 5.12380886078,
        "dmean2": 8.22400856018,
        "dvar": 50.7120552063,
        "dvar2": 130.635803223,
        "max": 117.49936676,
        "mean": 23.9544315338,
        "median": 21.7380523682,
        "min": 1.69544327259,
        "var": 177.31652832
    },
    "hfc": {
        "dmean": 3.38589787483,
        "dmean2": 5.26702308655,
        "dvar": 33.0762901306,
        "dvar2": 75.0243148804,
        "max": 65.790184021,
        "mean": 11.2534885406,
        "median": 10.2560367584,
        "min": 2.07462180697e-05,
        "var": 119.327514648
    },
    "melbands_crest": {
        "dmean": 3.37721610069,
        "dmean2": 5.52442026138,
        "dvar": 8.91612243652,
        "dvar2": 23.858297348,
        "max": 31.0628299713,
        "mean": 16.4897956848,
        "median": 16.2147579193,
        "min": 4.94913244247,
        "var": 28.1967086792
    },
    "melbands_flatness_db": {
        "dmean": 0.0302621740848,
        "dmean2": 0.0483614131808,
        "dvar": 0.00085835106438,
        "dvar2": 0.00215347646736,
        "max": 0.644480645657,
        "mean": 0.340176939964,
        "median": 0.330588817596,
        "min": 0.145533874631,
        "var": 0.00786341447383
    },
    "melbands_kurtosis": {
        "dmean": 7.0272064209,
        "dmean2": 11.2908058167,
        "dvar": 120.301834106,
        "dvar2": 286.247436523,
        "max": 251.154495239,
        "mean": 14.6128749847,
        "median": 7.55390071869,
        "min": -1.85023808479,
        "var": 353.234832764
    },
    "melbands_skewness": {
        "dmean": 0.71539068222,
        "dmean2": 1.13645136356,
        "dvar": 0.492066472769,
        "dvar2": 1.19677305222,
        "max": 11.1362371445,
        "mean": 2.7011051178,
        "median": 2.38012433052,
        "min": -2.23842525482,
        "var": 2.79435253143
    },
    "melbands_spread": {
        "dmean": 2.95725750923,
        "dmean2": 4.69806432724,
        "dvar": 14.3263788223,
        "dvar2": 33.3882789612,
        "max": 91.6097106934,
        "mean": 10.993268013,
        "median": 9.30875396729,
        "min": 0.504184663296,
        "var": 66.3105316162
    },
    "pitch_salience": {
        "dmean": 0.0726264417171,
        "dmean2": 0.118459582329,
        "dvar": 0.0045798975043,
        "dvar2": 0.0124192759395,
        "max": 0.806496143341,
        "mean": 0.466849476099,
        "median": 0.473726332188,
        "min": 0.105367444456,
        "var": 0.0142250517383
    },
    "silence_rate_20dB": {
        "dmean": 0,
        "dmean2": 0,
        "dvar": 0,
        "dvar2": 0,
        "max": 1,
        "mean": 1,
        "median": 1,
        "min": 1,
        "var": 0
    },
    "silence_rate_30dB": {
        "dmean": 0.065789476037,
        "dmean2": 0.131629884243,
        "dvar": 0.0614628866315,
        "dvar2": 0.142183601856,
        "max": 1,
        "mean": 0.925338506699,
        "median": 1,
        "min": 0,
        "var": 0.0690855532885
    },
    "silence_rate_60dB": {
        "dmean": 0.0263157896698,
        "dmean2": 0.0526519566774,
        "dvar": 0.0256235133857,
        "dvar2": 0.0576228834689,
        "max": 1,
        "mean": 0.177562862635,
        "median": 0,
        "min": 0,
        "var": 0.146033585072
    },
    "spectral_centroid": {
        "dmean": 108.69178009,
        "dmean2": 174.434310913,
        "dvar": 24196.6445312,
        "dvar2": 60885.1523438,
        "max": 3117.36889648,
        "mean": 629.283874512,
        "median": 577.350463867,
        "min": 135.342605591,
        "var": 105901.515625
    },
    "spectral_complexity": {
        "dmean": 1.87151706219,
        "dmean2": 3.09175372124,
        "dvar": 5.30095148087,
        "dvar2": 12.8363990784,
        "max": 39,
        "mean": 12.2599611282,
        "median": 14,
        "min": 0,
        "var": 51.2859115601
    },
    "spectral_decrease": {
        "dmean": 4.03646582825e-09,
        "dmean2": 6.5316672071e-09,
        "dvar": 5.30411038954e-17,
        "dvar2": 1.33835692294e-16,
        "max": -5.59597991724e-15,
        "mean": -9.89012605146e-09,
        "median": -6.74943034795e-09,
        "min": -7.22738846548e-08,
        "var": 1.19475585397e-16
    },
    "spectral_energy": {
        "dmean": 0.0154968723655,
        "dmean2": 0.0250480696559,
        "dvar": 0.000778068322688,
        "dvar2": 0.00195910246111,
        "max": 0.276623487473,
        "mean": 0.0383483059704,
        "median": 0.0264181941748,
        "min": 2.30022560999e-08,
        "var": 0.00177053676452
    },
    "spectral_energyband_high": {
        "dmean": 6.89945445629e-05,
        "dmean2": 0.000112028443255,
        "dvar": 5.30558992295e-08,
        "dvar2": 1.27678717377e-07,
        "max": 0.00564480107278,
        "mean": 0.000115067690786,
        "median": 2.38085995079e-05,
        "min": 8.0404599645e-11,
        "var": 1.44968140603e-07
    },
    "spectral_energyband_low": {
        "dmean": 0.0113587109372,
        "dmean2": 0.0188125390559,
        "dvar": 0.000464028009446,
        "dvar2": 0.00127365172375,
        "max": 0.247437730432,
        "mean": 0.0220328290015,
        "median": 0.0100146774203,
        "min": 1.20155174699e-09,
        "var": 0.000927372660954
    },
    "spectral_energyband_middle_high": {
        "dmean": 0.000852108816616,
        "dmean2": 0.00131924333982,
        "dvar": 2.1701409878e-06,
        "dvar2": 5.10334939463e-06,
        "max": 0.0241443999112,
        "mean": 0.00293534109369,
        "median": 0.00223966245539,
        "min": 1.39871865201e-08,
        "var": 9.89306136034e-06
    },
    "spectral_energyband_middle_low": {
        "dmean": 0.0073845628649,
        "dmean2": 0.0118173053488,
        "dvar": 0.000265832088189,
        "dvar2": 0.00065012689447,
        "max": 0.1572470963,
        "mean": 0.0147536592558,
        "median": 0.00819156877697,
        "min": 8.28193957858e-09,
        "var": 0.000407980405726
    },
    "spectral_entropy": {
        "dmean": 0.196049794555,
        "dmean2": 0.308399289846,
        "dvar": 0.0490345805883,
        "dvar2": 0.126040965319,
        "max": 8.30350399017,
        "mean": 6.69404697418,
        "median": 6.76728534698,
        "min": 4.79561281204,
        "var": 0.318954914808
    },
    "spectral_flux": {
        "dmean": 0.0296195298433,
        "dmean2": 0.0480790808797,
        "dvar": 0.00175169971772,
        "dvar2": 0.00366409611888,
        "max": 0.461879938841,
        "mean": 0.0779038667679,
        "median": 0.0646335184574,
        "min": 0.000772147905082,
        "var": 0.00453067664057
    },
    "spectral_kurtosis": {
        "dmean": 9.5643529892,
        "dmean2": 16.6501598358,
        "dvar": 157.599914551,
        "dvar2": 451.63961792,
        "max": 156.064376831,
        "mean": 19.4452438354,
        "median": 10.57051754,
        "min": -0.692901611328,
        "var": 516.606750488
    },
    "spectral_rms": {
        "dmean": 0.00102074292954,
        "dmean2": 0.00160766893532,
        "dvar": 1.92671609511e-06,
        "dvar2": 4.54601604361e-06,
        "max": 0.0164279192686,
        "mean": 0.00519585236907,
        "median": 0.0050767948851,
        "min": 4.73721729577e-06,
        "var": 1.04161172203e-05
    },
    "spectral_rolloff": {
        "dmean": 141.131576538,
        "dmean2": 246.18548584,
        "dvar": 74447.390625,
        "dvar2": 196406.171875,
        "max": 4608.10546875,
        "mean": 578.133300781,
        "median": 516.796875,
        "min": 86.1328125,
        "var": 166959.375
    },
    "spectral_skewness": {
        "dmean": 0.670038759708,
        "dmean2": 1.15113866329,
        "dvar": 0.523913919926,
        "dvar2": 1.53648626804,
        "max": 10.7736024857,
        "mean": 2.79514956474,
        "median": 2.32990479469,
        "min": 0.091636583209,
        "var": 2.28506112099
    },
    "spectral_spread": {
        "dmean": 388675.09375,
        "dmean2": 603971.8125,
        "dvar": 259969351680,
        "dvar2": 610117943296,
        "max": 8333711.5,
        "mean": 2449150,
        "median": 2264478,
        "min": 548529.9375,
        "var": 1.37224336179e+12
    },
    "spectral_strongpeak": {
        "dmean": 0.343147665262,
        "dmean2": 0.59261071682,
        "dvar": 0.307680636644,
        "dvar2": 0.757113397121,
        "max": 4.90499544144,
        "mean": 0.655020058155,
        "median": 0.403300225735,
        "min": 0,
        "var": 0.553913354874
    },
    "zerocrossingrate": {
        "dmean": 0.00382537371479,
        "dmean2": 0.00495389010757,
        "dvar": 1.67905545823e-05,
        "dvar2": 2.58697200479e-05,
        "max": 0.09814453125,
        "mean": 0.0237482246011,
        "median": 0.02197265625,
        "min": 0.0029296875,
        "var": 0.000155950066983
    },
    "barkbands": {
        "dmean": [0.000288111943519, 0.00678272312507, 0.00517134182155, 0.00243363506161, 0.00432596728206, 0.00085896870587, 0.00113153608982, 0.00111942493822, 0.000311149662593, 0.000357999932021, 0.000223818366067, 0.000321866798913, 0.000152603373863, 0.000207201679586, 6.78016003803e-05, 5.35271101398e-05, 4.26121150667e-05, 2.71710014204e-05, 2.31800986512e-05, 2.25996591325e-05, 2.68823441729e-05, 1.6311316358e-05, 1.2018608686e-05, 7.65529239288e-06, 2.09608583646e-06, 2.78104095308e-09, 1.46800060996e-09],
        "dmean2": [0.000493249681313, 0.0112848123536, 0.00870333332568, 0.00412676017731, 0.00709855509922, 0.001387686003, 0.00189571548253, 0.00168759690132, 0.000478883710457, 0.000549136369955, 0.000347657129169, 0.000503018731251, 0.000242400783463, 0.00032493393519, 0.000106478022644, 8.83512548171e-05, 7.12677283445e-05, 4.55699664599e-05, 3.92043366446e-05, 3.80164528906e-05, 4.44188262918e-05, 2.65423550445e-05, 2.03333565878e-05, 1.24331863844e-05, 3.30087868861e-06, 4.68082994587e-09, 2.70564948224e-09],
        "dvar": [8.87098110525e-07, 0.00020971216145, 0.000100818535429, 5.78600484005e-05, 0.000169663864654, 3.07807272293e-06, 6.17092973698e-06, 6.32721958027e-06, 4.03355898015e-07, 5.55537326363e-07, 1.94695815026e-07, 5.77311311645e-07, 1.34765855364e-07, 2.48849602258e-07, 1.61306417112e-08, 1.03226538428e-08, 2.44865283605e-08, 3.54829210458e-09, 4.51011938907e-09, 5.19345677574e-09, 7.73824737621e-09, 3.8396104074e-09, 2.74566835934e-09, 8.33709212777e-10, 7.07754202467e-11, 7.95084085727e-17, 6.20773986148e-18],
        "dvar2": [2.54247311204e-06, 0.00059815129498, 0.000294026074698, 0.000160500625498, 0.000420191325247, 7.95888627181e-06, 1.59663668455e-05, 1.34281308419e-05, 9.08975891889e-07, 1.28588555981e-06, 4.61968539867e-07, 1.39541077715e-06, 3.09839862211e-07, 5.17603155004e-07, 3.8391171131e-08, 2.68271680426e-08, 6.28411669368e-08, 9.55059498153e-09, 1.11400657588e-08, 1.41401930165e-08, 2.01688763468e-08, 9.26476406704e-09, 7.24222548598e-09, 1.76429559851e-09, 1.62547503235e-10, 1.99910945799e-16, 2.00522592922e-17],
        "max": [0.0211274325848, 0.196089982986, 0.119823902845, 0.0920533537865, 0.144476816058, 0.0298853833228, 0.0561477951705, 0.0493473149836, 0.0127992248163, 0.0123877916485, 0.00744359381497, 0.0114891249686, 0.00743403751403, 0.0168152246624, 0.00233921408653, 0.00156509620138, 0.0056822556071, 0.00111202313565, 0.00148054084275, 0.00111687101889, 0.00139501143713, 0.00180656777229, 0.00115157384425, 0.000876886304468, 0.000295896781608, 2.75144287798e-07, 2.04106740398e-08],
        "mean": [0.000437091221102, 0.0129317929968, 0.00738413771614, 0.00264617218636, 0.00514058209956, 0.00143385620322, 0.0020638636779, 0.00240674358793, 0.000638705969322, 0.000796926324256, 0.000573490862735, 0.00060649641091, 0.000312450516503, 0.000437862821855, 0.000133851353894, 9.86676823231e-05, 7.82350325608e-05, 5.40869041288e-05, 4.11294204241e-05, 3.65631531167e-05, 3.76250100089e-05, 2.57222873188e-05, 1.69972445292e-05, 1.21914672491e-05, 3.10084510602e-06, 3.53326523594e-09, 1.19149989875e-09],
        "median": [5.89033734286e-05, 0.00402784766629, 0.00252671167254, 0.000552854675334, 0.00144261261448, 0.00041265352047, 0.000553117250092, 0.000375616014935, 0.000223439245019, 0.00028216271312, 0.000173820139025, 0.00022369690123, 0.000148688646732, 0.000140841526445, 7.279181591e-05, 4.31281769124e-05, 3.83338374377e-05, 2.97681890515e-05, 1.86687102541e-05, 1.27152206915e-05, 9.35629304877e-06, 3.12168390337e-06, 1.58163629749e-06, 9.74017666522e-07, 1.76651141715e-07, 6.95630775205e-10, 2.43250752874e-10],
        "min": [2.00226857663e-12, 5.31308219642e-10, 1.27112154136e-10, 2.40833619713e-09, 5.06502040309e-09, 7.193307755e-11, 1.47336847584e-11, 3.29693106149e-10, 3.51360801565e-10, 1.20822196692e-09, 2.76284928269e-09, 1.15122272826e-10, 9.62250057412e-10, 4.08313338696e-09, 7.73422575984e-11, 2.20805082551e-10, 5.76116324785e-12, 6.04730415049e-12, 6.04729981368e-12, 8.60493534066e-12, 7.04048321379e-12, 6.03651070102e-12, 1.00615219281e-11, 2.22575569087e-11, 1.13694522547e-11, 9.22635839257e-12, 1.28010510178e-11],
        "var": [1.0841989706e-06, 0.000388216547435, 0.000151769156219, 4.84744232381e-05, 0.000174336673808, 6.40663756712e-06, 1.5512583559e-05, 2.08344372368e-05, 1.2809191503e-06, 1.62721289598e-06, 8.5683893758e-07, 1.2533411109e-06, 3.29296284463e-07, 1.03510978988e-06, 3.7214036297e-08, 1.92739477711e-08, 2.55681182892e-08, 5.53846701834e-09, 7.26511117932e-09, 8.17229750538e-09, 1.17517826581e-08, 1.02387369694e-08, 5.84378945234e-09, 3.07701797375e-09, 1.75653158685e-10, 1.666791963e-16, 5.27120059528e-18]
    },
    "erbbands": {
        "dmean": [0.176200672984, 1.68176329136, 5.67788076401, 6.66632556915, 11.5429019928, 17.6431789398, 5.13570165634, 8.22108650208, 13.6864776611, 20.2167491913, 17.982213974, 6.53562545776, 11.1593971252, 10.2247447968, 9.94547748566, 9.80147266388, 7.24027681351, 8.67483139038, 5.77758836746, 3.10596704483, 3.03688287735, 2.2245528698, 1.66063070297, 1.17601835728, 0.973836541176, 1.09839081764, 1.31955075264, 0.791138589382, 0.629918217659, 0.473512023687, 0.336989760399, 0.215319186449, 0.109372153878, 0.0442005060613, 0.00354296457954, 0.000159789036843, 1.17646522995e-05, 2.02792512027e-06, 7.11367738404e-06, 1.6971696823e-05],
        "dmean2": [0.289018273354, 2.82542395592, 9.48762989044, 11.1921701431, 19.3102169037, 29.119644165, 8.19923019409, 13.3842630386, 22.9943447113, 32.2030258179, 26.5927391052, 9.99032211304, 17.600938797, 15.5584077835, 15.4199981689, 15.1798095703, 11.3006839752, 13.8795108795, 8.93139457703, 4.88881635666, 5.03337574005, 3.71707701683, 2.75768947601, 1.96007204056, 1.64844226837, 1.82391607761, 2.22902703285, 1.28210091591, 1.03461921215, 0.789860129356, 0.5867664814, 0.357055068016, 0.177205726504, 0.0682139918208, 0.00543656945229, 0.000241466303123, 1.75509740075e-05, 3.1666106679e-06, 1.13899841381e-05, 2.73672030744e-05],
        "dvar": [0.195114672184, 12.0880765915, 114.124977112, 361.618652344, 759.450439453, 4376.8125, 158.93006897, 338.126556396, 777.93963623, 1495.86816406, 1483.2668457, 176.850250244, 541.858337402, 504.043304443, 431.591766357, 450.131835938, 304.129058838, 416.558685303, 250.554077148, 32.1854400635, 29.4341316223, 101.932266235, 13.5962553024, 9.18204021454, 8.40003204346, 11.2953462601, 19.7430438995, 7.48808193207, 5.84999752045, 4.25084209442, 2.21540617943, 0.762404501438, 0.169728830457, 0.0277723949403, 0.000176435612957, 3.37408664564e-07, 9.33516486334e-10, 2.0850625046e-11, 1.60020510731e-10, 9.25892085224e-10],
        "dvar2": [0.542681753635, 34.3451576233, 329.321105957, 1000.78320312, 1912.53735352, 10907.0068359, 389.99810791, 874.826049805, 2177.36157227, 3590.59082031, 2880.5847168, 410.303619385, 1380.25695801, 1090.89233398, 982.25378418, 1070.11730957, 686.341552734, 994.714660645, 435.172424316, 79.7786636353, 79.3123779297, 261.338928223, 36.0542564392, 22.4172763824, 22.6444664001, 30.0467300415, 51.7490730286, 19.7425823212, 14.7915182114, 10.891960144, 5.94852972031, 1.84118819237, 0.378204226494, 0.0607020556927, 0.000375022238586, 7.08457207566e-07, 1.9036141552e-09, 4.39564842858e-11, 3.9610967284e-10, 2.32290631175e-09],
        "max": [5.46789646149, 44.4561309814, 168.413650513, 221.076263428, 347.376617432, 711.446289062, 244.668762207, 359.505096436, 419.789764404, 696.723083496, 881.702148438, 329.775848389, 416.111694336, 412.725006104, 272.745330811, 346.242950439, 367.584320068, 408.472351074, 748.110534668, 80.6393280029, 72.4566497803, 390.761749268, 70.4800567627, 60.8955230713, 49.3161888123, 54.0754013062, 77.8047485352, 73.8579864502, 66.2085876465, 58.1969795227, 30.2431602478, 28.3278770447, 14.3151454926, 6.07296562195, 0.446918964386, 0.0202412344515, 0.00109836249612, 0.00015333207557, 0.000126124796225, 0.000301726773614],
        "mean": [0.321999818087, 3.07546162605, 8.810505867, 8.48507118225, 14.1826505661, 18.8243808746, 8.08328437805, 13.4409351349, 26.0976238251, 42.9960632324, 42.0833854675, 14.8348007202, 25.031337738, 22.9098434448, 24.5021209717, 21.8185863495, 16.365114212, 18.6288452148, 13.1308107376, 6.72913885117, 5.98805141449, 4.33098602295, 3.26470470428, 2.340457201, 1.86134719849, 1.82399058342, 1.82948088646, 1.1616076231, 0.994557797909, 0.641272902489, 0.474823772907, 0.309458702803, 0.167600885034, 0.0685193091631, 0.00524487392977, 0.000254283309914, 2.59495627688e-05, 4.33793547927e-06, 1.83832180483e-05, 4.25985890615e-05],
        "median": [0.0895112603903, 0.995359539986, 3.31571722031, 2.94655132294, 3.81732439995, 3.45810890198, 2.71414875984, 3.64993643761, 8.3841676712, 11.8292474747, 10.3155975342, 7.40059089661, 9.53125667572, 9.18403244019, 9.92218971252, 9.75043678284, 8.62724208832, 7.62084674835, 5.03469657898, 3.9414870739, 2.84210538864, 2.36782979965, 1.94915759563, 1.2000118494, 0.878486573696, 0.608225703239, 0.502205848694, 0.251124083996, 0.130178079009, 0.0697661042213, 0.0432261265814, 0.0230360310525, 0.01303556934, 0.00429499568418, 0.000244175054831, 3.66930653399e-05, 1.25412088892e-05, 2.37726749219e-06, 1.2655305909e-05, 2.93296434393e-05],
        "min": [9.0824405774e-09, 1.38120100246e-07, 2.90982995921e-07, 3.58674310519e-06, 2.12089908018e-05, 1.1294131582e-05, 1.33931496293e-06, 3.39815414918e-07, 1.8618432307e-07, 1.39111364206e-06, 8.47873070597e-06, 7.31367254048e-06, 1.29848276629e-05, 0.000173898923094, 4.85659511469e-05, 2.77981125691e-05, 0.000120760632853, 0.000216501488467, 4.79224254377e-05, 9.25941003516e-06, 7.81706421549e-06, 5.71202861011e-07, 3.46026524767e-07, 4.07264167279e-07, 2.75867421351e-07, 3.7408017306e-07, 3.25224164044e-07, 2.12186620274e-07, 2.16082398197e-07, 2.48456302643e-07, 3.11646260798e-07, 3.14477631491e-07, 4.09882687791e-07, 2.0364672082e-07, 5.21730818548e-08, 3.33347038861e-08, 1.50885206551e-08, 7.71362973495e-09, 1.64356372956e-09, 2.1392056182e-10],
        "var": [0.338649272919, 22.4604320526, 214.126251221, 325.984130859, 887.534362793, 4126.59765625, 307.396636963, 663.30871582, 1986.30285645, 4523.18505859, 5705.19091797, 538.531066895, 1727.53149414, 1382.6796875, 1427.18371582, 1447.68127441, 802.446289062, 1208.63989258, 1361.60449219, 78.4301147461, 61.7927780151, 96.424156189, 20.8821926117, 14.8315191269, 13.4238586426, 19.6426734924, 26.3161449432, 14.6398439407, 15.7472543716, 7.24007892609, 4.60936307907, 2.27529358864, 0.540142834187, 0.0823599398136, 0.000513887614943, 1.03097625015e-06, 3.50370221724e-09, 8.16826675742e-11, 3.93411969668e-10, 2.14571849178e-09]
    },
    "gfcc": {
        "mean": [-112.713500977, 193.991760254, -127.073417664, 28.6009063721, -44.395565033, 13.134180069, -13.9935913086, -7.64934253693, -0.0754155963659, -16.3830413818, 4.85993242264, -22.8723678589, 1.12375032902],
        "cov": [[14430.9550781, -2247.77734375, -1433.39001465, 2131.64526367, -1493.64123535, 263.707733154, -199.633071899, 352.113861084, 256.603820801, 300.610900879, 332.773010254, 49.9198303223, 310.229827881], [-2247.77734375, 1129.10046387, 225.166183472, -683.510742188, 565.164367676, -391.106109619, 131.292739868, -151.410125732, 23.7564373016, -85.2370147705, -29.7749004364, 58.321559906, -61.433139801], [-1433.39001465, 225.166183472, 740.556091309, -57.4484939575, 58.4142913818, 51.2841644287, -2.74923491478, -3.80656719208, -13.0217866898, -21.3030433655, -68.4869995117, -0.574845373631, 37.1892204285], [2131.64526367, -683.510742188, -57.4484939575, 681.731201172, -337.191986084, 188.746810913, -31.685377121, 99.7071456909, 42.464515686, 66.1432571411, 54.6849250793, -15.764591217, 63.2205467224], [-1493.64123535, 565.164367676, 58.4142913818, -337.191986084, 565.70324707, -134.865020752, 154.771835327, -51.051071167, 8.35549259186, -23.4955005646, 2.68712520599, 47.8455352783, -77.0934829712], [263.707733154, -391.106109619, 51.2841644287, 188.746810913, -134.865020752, 301.272674561, 10.442152977, 73.9114456177, -19.646780014, 19.3900184631, 12.9998092651, -21.4815425873, 28.7457332611], [-199.633071899, 131.292739868, -2.74923491478, -31.685377121, 154.771835327, 10.442152977, 207.482559204, 38.7654495239, 31.663312912, -0.264102101326, 11.7929763794, 35.7123680115, 3.73854804039], [352.113861084, -151.410125732, -3.80656719208, 99.7071456909, -51.051071167, 73.9114456177, 38.7654495239, 150.982437134, 59.4544296265, 33.395942688, 20.4936676025, 7.96973419189, 24.3697052002], [256.603820801, 23.7564373016, -13.0217866898, 42.464515686, 8.35549259186, -19.646780014, 31.663312912, 59.4544296265, 115.358711243, 47.8497772217, 23.47448349, 8.01952362061, 6.42352485657], [300.610900879, -85.2370147705, -21.3030433655, 66.1432571411, -23.4955005646, 19.3900184631, -0.264102101326, 33.395942688, 47.8497772217, 92.3727416992, 30.5167064667, -5.84923171997, 3.15945768356], [332.773010254, -29.7749004364, -68.4869995117, 54.6849250793, 2.68712520599, 12.9998092651, 11.7929763794, 20.4936676025, 23.47448349, 30.5167064667, 88.8239364624, 23.9757137299, -13.3656759262], [49.9198303223, 58.321559906, -0.574845373631, -15.764591217, 47.8455352783, -21.4815425873, 35.7123680115, 7.96973419189, 8.01952362061, -5.84923171997, 23.9757137299, 72.2181777954, 26.8238868713], [310.229827881, -61.433139801, 37.1892204285, 63.2205467224, -77.0934829712, 28.7457332611, 3.73854804039, 24.3697052002, 6.42352485657, 3.15945768356, -13.3656759262, 26.8238868713, 91.4859313965]],
        "icov": [[0.00023568814504, -0.000482977542561, 0.000516779255122, -0.000862023443915, 0.000430226937169, -0.000115317539894, 0.000171227380633, -0.00023352477001, 0.000146726742969, -0.000375183037249, 7.70124461269e-05, -0.000344655913068, -0.000168974278495], [-0.000482977542561, 0.0188085623085, -0.00659370608628, 0.0122976535931, -0.00739165209234, 0.01362542063, -0.00624026404694, 0.00802819244564, -0.00976697728038, 0.0105344476178, -0.0115178367123, 0.0074719209224, -0.00749510899186], [0.000516779255122, -0.00659370608628, 0.00442139012739, -0.00511616328731, 0.00252751633525, -0.00495555764064, 0.00258488277905, -0.00278355157934, 0.00299899093807, -0.00379759608768, 0.00489931926131, -0.00302189262584, 0.00140326318797], [-0.000862023443915, 0.0122976535931, -0.00511616328731, 0.0120005281642, -0.00408503040671, 0.00747626181692, -0.00451956130564, 0.00513005396351, -0.0066210241057, 0.00656084576622, -0.00822868384421, 0.00554806506261, -0.00459597539157], [0.000430226937169, -0.00739165209234, 0.00252751633525, -0.00408503040671, 0.00733570242301, -0.00453892024234, -0.000249718606938, -0.00247332220897, 0.00355368247256, -0.0048766550608, 0.00450917286798, -0.00546542881057, 0.00583007233217], [-0.000115317539894, 0.01362542063, -0.00495555764064, 0.00747626181692, -0.00453892024234, 0.0155005734414, -0.0056327925995, 0.00325223128311, -0.00402590353042, 0.00687590101734, -0.00983126368374, 0.00739611964673, -0.00650246953592], [0.000171227380633, -0.00624026404694, 0.00258488277905, -0.00451956130564, -0.000249718606938, -0.0056327925995, 0.00971183739603, -0.00416073668748, 0.00177126540802, -0.00248165661469, 0.00428463052958, -0.00423947768286, 0.001402669237], [-0.00023352477001, 0.00802819244564, -0.00278355157934, 0.00513005396351, -0.00247332220897, 0.00325223128311, -0.00416073668748, 0.0144296335056, -0.00956824980676, 0.00423372723162, -0.00508146826178, 0.00239926110953, -0.00393074657768], [0.000146726742969, -0.00976697728038, 0.00299899093807, -0.0066210241057, 0.00355368247256, -0.00402590353042, 0.00177126540802, -0.00956824980676, 0.0203488972038, -0.0113474167883, 0.00495057133958, -0.00318783544935, 0.00365722062998], [-0.000375183037249, 0.0105344476178, -0.00379759608768, 0.00656084576622, -0.0048766550608, 0.00687590101734, -0.00248165661469, 0.00423372723162, -0.0113474167883, 0.0223209094256, -0.0113324839622, 0.00824401620775, -0.00598710542545], [7.70124461269e-05, -0.0115178367123, 0.00489931926131, -0.00822868384421, 0.00450917286798, -0.00983126368374, 0.00428463052958, -0.00508146826178, 0.00495057133958, -0.0113324839622, 0.0261617563665, -0.0145514253527, 0.0118991145864], [-0.000344655913068, 0.0074719209224, -0.00302189262584, 0.00554806506261, -0.00546542881057, 0.00739611964673, -0.00423947768286, 0.00239926110953, -0.00318783544935, 0.00824401620775, -0.0145514253527, 0.0280244257301, -0.0142183881253], [-0.000168974278495, -0.00749510899186, 0.00140326318797, -0.00459597539157, 0.00583007233217, -0.00650246953592, 0.001402669237, -0.00393074657768, 0.00365722062998, -0.00598710542545, 0.0118991145864, -0.0142183881253, 0.0228792391717]]
    },
    "melbands": {
        "dmean": [0.00169771909714, 0.00261517427862, 0.00124101573601, 0.00113424146548, 0.000278030987829, 0.000181681520189, 0.000227415381232, 0.000244188064244, 0.000126392595121, 4.10996144637e-05, 5.61328197364e-05, 4.1853672883e-05, 2.85206897388e-05, 4.07593943237e-05, 1.78901900654e-05, 1.41280652315e-05, 1.84679538506e-05, 1.15605635074e-05, 5.66635389987e-06, 3.59527393812e-06, 3.66185122402e-06, 2.51778078564e-06, 2.03731747206e-06, 1.11294116323e-06, 1.03558704723e-06, 8.83763675574e-07, 6.89661192155e-07, 7.72182261244e-07, 9.44773944411e-07, 6.76867955463e-07, 4.01788327054e-07, 3.68399469153e-07, 3.28352570023e-07, 2.52950684398e-07, 2.11633690128e-07, 1.72914724317e-07, 1.22842791939e-07, 8.22172907533e-08, 6.53952341167e-08, 3.14703143545e-08],
        "dmean2": [0.0028126204852, 0.00435629626736, 0.00207007443532, 0.00186451862101, 0.000449235667475, 0.000293914286885, 0.000380902638426, 0.000381589808967, 0.000187115598237, 6.38807832729e-05, 8.86375710252e-05, 6.37059201836e-05, 4.4689160859e-05, 6.37661796645e-05, 2.73262121482e-05, 2.23798815568e-05, 2.95357003779e-05, 1.78271420737e-05, 8.84064138518e-06, 5.84011741012e-06, 6.11958830632e-06, 4.20544120061e-06, 3.36494917974e-06, 1.86479189779e-06, 1.72638397089e-06, 1.49556660745e-06, 1.17667093491e-06, 1.29725424358e-06, 1.60967351803e-06, 1.11325550733e-06, 6.57934720039e-07, 6.12223630014e-07, 5.59014097234e-07, 4.28303280842e-07, 3.70002112504e-07, 2.96226573937e-07, 2.00342540779e-07, 1.35392781431e-07, 1.03834892684e-07, 4.85667044359e-08],
        "dvar": [1.55094894581e-05, 2.28758708545e-05, 1.09838192657e-05, 1.20068907563e-05, 6.94604125329e-07, 1.54555763743e-07, 2.26368584322e-07, 2.2595504845e-07, 6.73919657856e-08, 6.69081945404e-09, 1.37026932023e-08, 8.75567440772e-09, 2.85460521887e-09, 9.86933024194e-09, 2.83446599525e-09, 8.5100210212e-10, 1.96500016258e-09, 1.26425725444e-09, 1.23332566382e-10, 5.35269814583e-11, 4.3123317417e-11, 1.63834543154e-10, 2.72436656568e-11, 5.18645369707e-12, 7.33276633857e-12, 7.31456561986e-12, 4.89257809613e-12, 5.56968880738e-12, 1.14292525097e-11, 5.1316915127e-12, 2.27647501544e-12, 2.01162871083e-12, 1.9233178418e-12, 1.37860773144e-12, 9.0688291295e-13, 4.95949364476e-13, 3.00016874408e-13, 1.08524497169e-13, 5.2466609887e-14, 1.55511352764e-14],
        "dvar2": [4.45100813522e-05, 6.36259792373e-05, 3.00872761727e-05, 2.96735070151e-05, 1.74035596956e-06, 4.00072224238e-07, 6.17766772848e-07, 5.25317148004e-07, 1.32935895181e-07, 1.54248827045e-08, 3.49058595361e-08, 1.84612947152e-08, 6.67282895606e-09, 2.35669634918e-08, 6.51814691111e-09, 1.97734917329e-09, 4.65112792725e-09, 2.16806461673e-09, 3.0018917907e-10, 1.30648103447e-10, 1.18160231599e-10, 4.19578677358e-10, 7.39334843347e-11, 1.38627260712e-11, 1.77476800617e-11, 1.84302052786e-11, 1.37844562154e-11, 1.48493457114e-11, 3.07554329226e-11, 1.38808183697e-11, 6.30539674293e-12, 5.20494715037e-12, 5.01013900506e-12, 3.57082636029e-12, 2.4911390225e-12, 1.35618296107e-12, 6.83989323513e-13, 2.58835785921e-13, 1.21184651398e-13, 3.47376275423e-14],
        "max": [0.0529285483062, 0.0778444930911, 0.0383164361119, 0.037749890238, 0.00885791610926, 0.00717963278294, 0.00892506260425, 0.00665802741423, 0.00578681612387, 0.00187880743761, 0.00206534727477, 0.00182940729428, 0.000678788812365, 0.00154550885782, 0.00109060422983, 0.000505683827214, 0.000937134725973, 0.00170093891211, 0.000232862934354, 0.000106542203866, 7.15533024049e-05, 0.000510082929395, 0.000114243732241, 2.80850072159e-05, 5.49997130292e-05, 5.78000363021e-05, 4.11574001191e-05, 3.88295775338e-05, 6.54132527416e-05, 3.98017800762e-05, 4.67173340439e-05, 4.26836013503e-05, 4.03100166295e-05, 3.67015964002e-05, 1.97745175683e-05, 1.93003997992e-05, 2.00069680432e-05, 1.03451202449e-05, 8.26082759886e-06, 4.10076154367e-06],
        "mean": [0.00324433995411, 0.00453985622153, 0.00166032300331, 0.00128417112865, 0.000373230461264, 0.000301576394122, 0.000431816035416, 0.000535542319994, 0.000296270125546, 8.47929695738e-05, 0.00012313775369, 8.89549919521e-05, 7.23839111743e-05, 8.26508839964e-05, 3.81225727324e-05, 2.95830886898e-05, 3.78180484404e-05, 2.4870812922e-05, 1.1026244465e-05, 6.89193029757e-06, 6.81397750668e-06, 4.54791006632e-06, 3.5474008655e-06, 2.28684962167e-06, 1.88728449757e-06, 1.49836137098e-06, 1.18703371754e-06, 1.18955517792e-06, 1.22578069295e-06, 8.95741663953e-07, 5.86026715155e-07, 5.83169139645e-07, 4.42791275646e-07, 3.25103400201e-07, 2.83835106529e-07, 2.20322206701e-07, 1.78761354164e-07, 1.18372447844e-07, 9.62939239457e-08, 4.49914452361e-08],
        "median": [0.00100510148332, 0.00189622561447, 0.00062781147426, 0.00031150932773, 9.82581550488e-05, 7.54376014811e-05, 0.000131071981741, 0.000119129370432, 7.51478219172e-05, 3.5832694266e-05, 4.29575557064e-05, 3.08630733343e-05, 3.02191256196e-05, 2.862691872e-05, 1.488293492e-05, 1.613434506e-05, 1.2650320059e-05, 6.76253239362e-06, 5.84990311836e-06, 3.24909569827e-06, 2.9838017781e-06, 2.21157802116e-06, 1.90861396732e-06, 1.31461229103e-06, 8.58561804762e-07, 6.20391062967e-07, 4.89284559535e-07, 3.3486409734e-07, 3.31995352099e-07, 1.65089900861e-07, 1.15865546491e-07, 7.4674261441e-08, 4.62904274912e-08, 3.27450422333e-08, 2.45084361694e-08, 1.54463695168e-08, 1.17585781112e-08, 8.36678282212e-09, 7.08258207638e-09, 1.82794346326e-09],
        "min": [1.1762529839e-10, 1.4957719785e-10, 1.19478738014e-09, 1.37528954891e-09, 6.74375486009e-11, 8.48836452516e-12, 2.73112717337e-12, 2.47460576336e-11, 6.41713973626e-11, 5.02990600559e-11, 4.03512986913e-11, 6.60949017739e-10, 3.10040715323e-10, 1.38739514668e-11, 9.49098161174e-11, 1.34377814431e-10, 4.62759469633e-10, 1.02058174412e-10, 7.73543815807e-12, 1.97357998e-11, 5.37172476639e-12, 3.22808728533e-13, 4.20798704041e-13, 2.38739800498e-13, 3.53837049721e-13, 1.42490023686e-13, 3.02604349998e-13, 2.28049133397e-13, 2.10321465647e-13, 1.66545894914e-13, 1.05672300066e-13, 1.24872863243e-13, 1.09056095046e-13, 1.44413384788e-13, 1.70950168084e-13, 1.55971603363e-13, 2.2023942186e-13, 2.49426645787e-13, 2.71769504687e-13, 9.90425325304e-14],
        "var": [2.66456681857e-05, 4.84904194309e-05, 1.04491109596e-05, 1.2153633179e-05, 8.4935788891e-07, 3.18676228517e-07, 5.73692261696e-07, 7.31037573587e-07, 2.61606771801e-07, 1.91717486331e-08, 4.29133777402e-08, 2.29087184778e-08, 1.12005595909e-08, 2.1306247433e-08, 6.01259442234e-09, 2.08521400147e-09, 5.96459237556e-09, 6.87565471225e-09, 2.7936364333e-10, 1.04543054769e-10, 8.60970808536e-11, 1.49508225245e-10, 3.23314222617e-11, 9.27932904127e-12, 1.12033958499e-11, 1.22347106404e-11, 5.9851160486e-12, 9.76370199968e-12, 1.25183188468e-11, 7.72562049056e-12, 4.28935316085e-12, 5.5381853617e-12, 3.24907071733e-12, 2.16661345982e-12, 1.74109685003e-12, 1.03508466989e-12, 8.70949200347e-13, 2.828050565e-13, 1.47778341755e-13, 4.09456099397e-14]
    },
    "mfcc": {
        "mean": [-736.920776367, 191.603851318, 5.5266919136, 17.3404445648, 4.51341295242, 13.1362867355, 6.13444471359, 6.45473003387, 3.60763764381, 5.99348592758, 3.62825107574, 5.56645870209, -0.910068154335],
        "cov": [[13014.1474609, -1175.3605957, -1730.81542969, 1242.45837402, -635.14050293, -36.5628242493, -374.611022949, -87.5275268555, -28.8248119354, 155.26449585, -81.757232666, 164.056945801, 239.398223877], [-1175.3605957, 1293.42785645, -221.118804932, -73.9030380249, 120.77217865, -92.8788833618, 10.003616333, -8.13241100311, 8.89358520508, -84.0375289917, -28.7171382904, 17.0354213715, 62.5903282166], [-1730.81542969, -221.118804932, 879.913391113, -141.41116333, 75.6319198608, 48.2708511353, 25.6502819061, 2.71242308617, 40.3611831665, -8.99908828735, -33.7148780823, -63.8219070435, -54.1743125916], [1242.45837402, -73.9030380249, -141.41116333, 382.069915771, -35.323059082, 10.6157608032, -21.9288387299, -0.89872443676, 12.0533943176, 38.4178543091, 2.29244685173, 32.0658149719, 49.208026886], [-635.14050293, 120.77217865, 75.6319198608, -35.323059082, 177.303253174, 28.371761322, 26.3993453979, 11.5334453583, 5.30570697784, 0.0957712903619, 30.3635845184, 19.6409397125, -7.27800798416], [-36.5628242493, -92.8788833618, 48.2708511353, 10.6157608032, 28.371761322, 124.301170349, 59.5290908813, 19.0884857178, 8.06238365173, 11.0100393295, 6.21206855774, -3.99639463425, -27.3714447021], [-374.611022949, 10.003616333, 25.6502819061, -21.9288387299, 26.3993453979, 59.5290908813, 154.526657104, 75.0677032471, 20.6123847961, 0.264973551035, 11.8941907883, 20.1217384338, -2.93615627289], [-87.5275268555, -8.13241100311, 2.71242308617, -0.89872443676, 11.5334453583, 19.0884857178, 75.0677032471, 122.272720337, 46.4397544861, 11.3698425293, 3.11420369148, 26.7598628998, 17.799325943], [-28.8248119354, 8.89358520508, 40.3611831665, 12.0533943176, 5.30570697784, 8.06238365173, 20.6123847961, 46.4397544861, 102.62625885, 37.5079421997, -3.66541814804, 1.41926431656, 23.586763382], [155.26449585, -84.0375289917, -8.99908828735, 38.4178543091, 0.0957712903619, 11.0100393295, 0.264973551035, 11.3698425293, 37.5079421997, 112.905609131, 52.1917686462, -3.25117874146, -8.53831005096], [-81.757232666, -28.7171382904, -33.7148780823, 2.29244685173, 30.3635845184, 6.21206855774, 11.8941907883, 3.11420369148, -3.66541814804, 52.1917686462, 122.773605347, 42.9291687012, -29.7606296539], [164.056945801, 17.0354213715, -63.8219070435, 32.0658149719, 19.6409397125, -3.99639463425, 20.1217384338, 26.7598628998, 1.41926431656, -3.25117874146, 42.9291687012, 107.718894958, 38.7301826477], [239.398223877, 62.5903282166, -54.1743125916, 49.208026886, -7.27800798416, -27.3714447021, -2.93615627289, 17.799325943, 23.586763382, -8.53831005096, -29.7606296539, 38.7301826477, 113.614898682]],
