{
"lowlevel": {
    "average_loudness": 0.972249746323,
    "barkbands_crest": {
        "dmean": 1.83915555477,
        "dmean2": 3.07219576836,
        "dvar": 3.18096208572,
        "dvar2": 9.23276615143,
        "max": 22.5281066895,
        "mean": 9.05286502838,
        "median": 8.49227237701,
        "min": 2.71116995811,
        "var": 7.57451868057
    },
    "barkbands_flatness_db": {
        "dmean": 0.019688481465,
        "dmean2": 0.0297898501158,
        "dvar": 0.000366045482224,
        "dvar2": 0.000714968016837,
        "max": 0.390121787786,
        "mean": 0.243486568332,
        "median": 0.240270882845,
        "min": 0.0184920113534,
        "var": 0.0030646759551
    },
    "barkbands_kurtosis": {
        "dmean": 1.77172911167,
        "dmean2": 2.89969801903,
        "dvar": 4.16927909851,
        "dvar2": 11.1178274155,
        "max": 30.6287193298,
        "mean": 4.22538995743,
        "median": 3.56940793991,
        "min": -1.2834353447,
        "var": 9.68492889404
    },
    "barkbands_skewness": {
        "dmean": 0.331597447395,
        "dmean2": 0.528397381306,
        "dvar": 0.103864990175,
        "dvar2": 0.273155033588,
        "max": 3.92252755165,
        "mean": 1.47315871716,
        "median": 1.46272683144,
        "min": -1.57282590866,
        "var": 0.381549268961
    },
    "barkbands_spread": {
        "dmean": 1.8845872879,
        "dmean2": 2.93406319618,
        "dvar": 8.22870349884,
        "dvar2": 17.861946106,
        "max": 72.5070724487,
        "mean": 9.1996011734,
        "median": 8.06746482849,
        "min": 1.78452754021,
        "var": 22.5805416107
    },
    "dissonance": {
        "dmean": 0.0289380662143,
        "dmean2": 0.0478404946625,
        "dvar": 0.000589266477618,
        "dvar2": 0.00160093687009,
        "max": 0.499868303537,
        "mean": 0.422120541334,
        "median": 0.425882846117,
        "min": 0.262841790915,
        "var": 0.00176248559728
    },
    "dynamic_complexity": 2.15825796127,
    "erbbands_crest": {
        "dmean": 2.10006809235,
        "dmean2": 3.38124394417,
        "dvar": 3.75208163261,
        "dvar2": 10.0341758728,
        "max": 21.611415863,
        "mean": 9.58282375336,
        "median": 8.98287963867,
        "min": 2.78012752533,
        "var": 10.6608018875
    },
    "erbbands_flatness_db": {
        "dmean": 0.0158491246402,
        "dmean2": 0.0221684258431,
        "dvar": 0.00031364968163,
        "dvar2": 0.000551476201508,
        "max": 0.361232608557,
        "mean": 0.245843589306,
        "median": 0.243259400129,
        "min": 0.0935406684875,
        "var": 0.00241642422043
    },
    "erbbands_kurtosis": {
        "dmean": 0.813268184662,
        "dmean2": 1.25666105747,
        "dvar": 0.714749872684,
        "dvar2": 1.67015016079,
        "max": 8.3945684433,
        "mean": 0.81795579195,
        "median": 0.480650901794,
        "min": -1.72985315323,
        "var": 2.36761975288
    },
    "erbbands_skewness": {
        "dmean": 0.276936084032,
        "dmean2": 0.427248060703,
        "dvar": 0.0542711466551,
        "dvar2": 0.131970375776,
        "max": 2.73540139198,
        "mean": 0.831150472164,
        "median": 0.818662166595,
        "min": -0.601964831352,
        "var": 0.227417632937
    },
    "erbbands_spread": {
        "dmean": 4.51194000244,
        "dmean2": 6.4716963768,
        "dvar": 23.9832077026,
        "dvar2": 45.7353248596,
        "max": 70.7715835571,
        "mean": 24.2510528564,
        "median": 21.9460868835,
        "min": 6.25439739227,
        "var": 117.660240173
    },
    "hfc": {
        "dmean": 2.93492674828,
        "dmean2": 4.51202535629,
        "dvar": 17.5343742371,
        "dvar2": 41.2029647827,
        "max": 64.6213150024,
        "mean": 16.4366111755,
        "median": 15.5415029526,
        "min": 1.16651498142e-16,
        "var": 75.7811889648
    },
    "melbands_crest": {
        "dmean": 2.32229828835,
        "dmean2": 3.92363929749,
        "dvar": 5.19054937363,
        "dvar2": 14.8334589005,
        "max": 27.930431366,
        "mean": 11.7391252518,
        "median": 11.159989357,
        "min": 1.45913183689,
        "var": 10.8341255188
    },
    "melbands_flatness_db": {
        "dmean": 0.0211965590715,
        "dmean2": 0.0302650872618,
        "dvar": 0.000611038180068,
        "dvar2": 0.00101468444336,
        "max": 0.501390993595,
        "mean": 0.311557263136,
        "median": 0.307403147221,
        "min": 0.000892531999853,
        "var": 0.00625327555463
    },
    "melbands_kurtosis": {
        "dmean": 3.18963098526,
        "dmean2": 5.17451953888,
        "dvar": 15.007516861,
        "dvar2": 39.5003433228,
        "max": 50.5726509094,
        "mean": 8.15054988861,
        "median": 6.74505901337,
        "min": -1.15276873112,
        "var": 36.8844070435
    },
    "melbands_skewness": {
        "dmean": 0.42696750164,
        "dmean2": 0.675800263882,
        "dvar": 0.1686129421,
        "dvar2": 0.423384398222,
        "max": 5.3966126442,
        "mean": 2.00457835197,
        "median": 1.95109248161,
        "min": -0.0140771651641,
        "var": 0.642441809177
    },
    "melbands_spread": {
        "dmean": 2.02563333511,
        "dmean2": 3.28753876686,
        "dvar": 12.0896425247,
        "dvar2": 25.7621040344,
        "max": 127.729751587,
        "mean": 10.1688327789,
        "median": 9.28720188141,
        "min": 2.25569963455,
        "var": 48.927947998
    },
    "pitch_salience": {
        "dmean": 0.0507714673877,
        "dmean2": 0.0829700529575,
        "dvar": 0.00200248579495,
        "dvar2": 0.00549433892593,
        "max": 0.980390250683,
        "mean": 0.61576628685,
        "median": 0.617981135845,
        "min": 0.319020241499,
        "var": 0.00655328156427
    },
    "silence_rate_20dB": {
        "dmean": 0,
        "dmean2": 0,
        "dvar": 0,
        "dvar2": 0,
        "max": 1,
        "mean": 1,
        "median": 1,
        "min": 1,
        "var": 0
    },
    "silence_rate_30dB": {
        "dmean": 0,
        "dmean2": 0,
        "dvar": 0,
        "dvar2": 0,
        "max": 1,
        "mean": 1,
        "median": 1,
        "min": 1,
        "var": 0
    },
    "silence_rate_60dB": {
        "dmean": 0.00156739808153,
        "dmean2": 0.00313725485466,
        "dvar": 0.00156492949463,
        "dvar2": 0.00312746153213,
        "max": 1,
        "mean": 0.0422866083682,
        "median": 0,
        "min": 0,
        "var": 0.0404993332922
    },
    "spectral_centroid": {
        "dmean": 87.0542449951,
        "dmean2": 134.292190552,
        "dvar": 61860.6289062,
        "dvar2": 73379.0625,
        "max": 11354.0263672,
        "mean": 561.248168945,
        "median": 502.778137207,
        "min": 245.776596069,
        "var": 151841.84375
    },
    "spectral_complexity": {
        "dmean": 2.26018810272,
        "dmean2": 3.53647065163,
        "dvar": 11.0043230057,
        "dvar2": 22.4666576385,
        "max": 47,
        "mean": 14.9201250076,
        "median": 14,
        "min": 0,
        "var": 30.2911186218
    },
    "spectral_decrease": {
        "dmean": 2.24354046452e-09,
        "dmean2": 3.78642539545e-09,
        "dvar": 9.64021514878e-18,
        "dvar2": 2.61433162293e-17,
        "max": -7.95854017034e-29,
        "mean": -1.17585194914e-08,
        "median": -1.19968177614e-08,
        "min": -3.53757414473e-08,
        "var": 2.66560540582e-17
    },
    "spectral_energy": {
        "dmean": 0.00867680646479,
        "dmean2": 0.0146294683218,
        "dvar": 0.000142586679431,
        "dvar2": 0.000385503662983,
        "max": 0.136762812734,
        "mean": 0.0458702482283,
        "median": 0.046831253916,
        "min": 1.08810108507e-20,
        "var": 0.000403429294238
    },
    "spectral_energyband_high": {
        "dmean": 7.88812685641e-05,
        "dmean2": 0.000115886097774,
        "dvar": 5.70496041519e-08,
        "dvar2": 1.03554796738e-07,
        "max": 0.00347810308449,
        "mean": 0.000181486626389,
        "median": 2.61576224148e-05,
        "min": 7.66528321152e-21,
        "var": 1.51422085537e-07
    },
    "spectral_energyband_low": {
        "dmean": 0.0041799005121,
        "dmean2": 0.00709860399365,
        "dvar": 8.19715642137e-05,
        "dvar2": 0.000229291865253,
        "max": 0.0921417474747,
        "mean": 0.0140648437664,
        "median": 0.0126005569473,
        "min": 3.41417548276e-23,
        "var": 0.000110704691906
    },
    "spectral_energyband_middle_high": {
        "dmean": 0.0010900759371,
        "dmean2": 0.00165990367532,
        "dvar": 2.87877810479e-06,
        "dvar2": 7.09538198862e-06,
        "max": 0.021611392498,
        "mean": 0.00346883153543,
        "median": 0.00281817093492,
        "min": 1.92407360164e-21,
        "var": 7.58832311476e-06
    },
    "spectral_energyband_middle_low": {
        "dmean": 0.006518966984,
        "dmean2": 0.0107506057248,
        "dvar": 4.58182876173e-05,
        "dvar2": 0.000124945538118,
        "max": 0.0847325995564,
        "mean": 0.0297258142382,
        "median": 0.0293273162097,
        "min": 3.20175518338e-22,
        "var": 0.000193518208107
    },
    "spectral_entropy": {
        "dmean": 0.169769793749,
        "dmean2": 0.238046377897,
        "dvar": 0.0383147746325,
        "dvar2": 0.0607906617224,
        "max": 9.79654312134,
        "mean": 6.59787511826,
        "median": 6.58597612381,
        "min": 5.3346581459,
        "var": 0.259757936001
    },
    "spectral_flux": {
        "dmean": 0.0211016535759,
        "dmean2": 0.0333508551121,
        "dvar": 0.000596610247158,
        "dvar2": 0.00118863605894,
        "max": 0.271936267614,
        "mean": 0.0766907185316,
        "median": 0.0709297209978,
        "min": 1.04312086746e-10,
        "var": 0.00160155899357
    },
    "spectral_kurtosis": {
        "dmean": 9.94337463379,
        "dmean2": 16.7376384735,
        "dvar": 178.575927734,
        "dvar2": 466.408874512,
        "max": 108.524085999,
        "mean": 19.6648807526,
        "median": 11.0703296661,
        "min": -1.2021304369,
        "var": 472.048858643
    },
    "spectral_rms": {
        "dmean": 0.000601343403105,
        "dmean2": 0.00100350391585,
        "dvar": 5.13674478952e-07,
        "dvar2": 1.34622678161e-06,
        "max": 0.0115510663018,
        "mean": 0.00644114566967,
        "median": 0.00675936602056,
        "min": 3.25816196939e-12,
        "var": 3.26309350385e-06
    },
    "spectral_rolloff": {
        "dmean": 113.504730225,
        "dmean2": 192.126571655,
        "dvar": 105839.382812,
        "dvar2": 162201.078125,
        "max": 18647.7539062,
        "mean": 581.683288574,
        "median": 516.796875,
        "min": 193.798828125,
        "var": 566697.5
    },
    "spectral_skewness": {
        "dmean": 0.677434682846,
        "dmean2": 1.11901509762,
        "dvar": 0.578889727592,
        "dvar2": 1.47770059109,
        "max": 7.81823682785,
        "mean": 2.8436486721,
        "median": 2.47598147392,
        "min": -0.0307971648872,
        "var": 2.00729370117
    },
    "spectral_spread": {
        "dmean": 375037.5,
        "dmean2": 541491.1875,
        "dvar": 959313084416,
        "dvar2": 978017845248,
        "max": 40741744,
        "mean": 2534451.75,
        "median": 2272353.75,
        "min": 648337.75,
        "var": 2.65437944218e+12
    },
    "spectral_strongpeak": {
        "dmean": 0.439278304577,
        "dmean2": 0.773045837879,
        "dvar": 0.302524924278,
        "dvar2": 0.747118830681,
        "max": 5.31860876083,
        "mean": 0.890498459339,
        "median": 0.651088058949,
        "min": 0,
        "var": 0.699165523052
    },
    "zerocrossingrate": {
        "dmean": 0.00391199020669,
        "dmean2": 0.00504710478708,
        "dvar": 0.000108505351818,
        "dvar2": 0.000148504623212,
        "max": 0.49560546875,
        "mean": 0.02734375,
        "median": 0.02294921875,
        "min": 0.01025390625,
        "var": 0.000725209596567
    },
    "barkbands": {
        "dmean": [0.00079818291124, 0.00255591515452, 0.00172793737147, 0.00184763059951, 0.00492648594081, 0.00182305893395, 0.00210675317794, 0.00100840616506, 0.000520273984876, 0.000637085060589, 0.000323677144479, 0.000130129774334, 0.000147031911183, 0.000151795029524, 0.000213568739127, 5.7525383454e-05, 6.16277102381e-05, 6.67287094984e-05, 5.04393283336e-05, 2.52730442298e-05, 2.28308490478e-05, 2.51547608059e-05, 2.44895072683e-05, 1.06308007162e-05, 2.7008500183e-06, 2.89515766916e-09, 1.79939874112e-09],
        "dmean2": [0.00121898553334, 0.00440327217802, 0.00297909462824, 0.00313445460051, 0.00822775717825, 0.00300251878798, 0.00327655836008, 0.00142793345731, 0.00076209200779, 0.000953810929786, 0.000479944370454, 0.000207399833016, 0.000226518590352, 0.000246280629653, 0.000338014215231, 9.43059276324e-05, 0.000100013487099, 0.000111194894998, 8.37123079691e-05, 3.99794516852e-05, 3.6687728425e-05, 3.74882110918e-05, 3.68102009816e-05, 1.54686895257e-05, 4.302148227e-06, 4.96479923839e-09, 3.29999694237e-09],
        "dvar": [2.94644473797e-06, 3.63211001968e-05, 1.06554298327e-05, 5.72605358684e-06, 4.0913153498e-05, 6.36403865428e-06, 9.23417337617e-06, 3.32787203661e-06, 8.58450675878e-07, 1.32756917992e-06, 7.52133132664e-07, 8.36845188701e-08, 3.26356470737e-08, 1.234663074e-07, 9.77687193426e-08, 8.78034001062e-09, 1.54232839833e-08, 4.32480362633e-08, 1.21131407127e-08, 4.71774486144e-09, 4.47413350813e-09, 6.07412076192e-09, 3.8379064371e-09, 8.75630568054e-10, 1.91208299194e-10, 3.89548235598e-17, 6.00228598171e-18],
        "dvar2": [7.89002206147e-06, 0.000104232007288, 3.01352138194e-05, 1.54924327944e-05, 0.000116862887808, 1.78960399353e-05, 2.39224591496e-05, 7.12846940587e-06, 2.03173908631e-06, 3.08569656227e-06, 1.62468347753e-06, 2.22886583856e-07, 8.76368773106e-08, 3.44817578934e-07, 2.63413625134e-07, 2.03413303979e-08, 3.78091513653e-08, 1.15294952252e-07, 2.93978050792e-08, 1.05095274705e-08, 1.07864268628e-08, 1.12239471051e-08, 7.28946014661e-09, 1.63276414611e-09, 4.43074826828e-10, 9.16884578041e-17, 1.69850934332e-17],
        "max": [0.0194204878062, 0.073195874691, 0.0302293542773, 0.0370577462018, 0.0694634541869, 0.0274222306907, 0.0331657975912, 0.0550166927278, 0.0197123195976, 0.0140689583495, 0.0147120710462, 0.0054539097473, 0.00286169815809, 0.00547441514209, 0.00374899990857, 0.00136615801603, 0.00152775924653, 0.00230493978597, 0.00142478151247, 0.00110063364264, 0.00105351372622, 0.00108042976353, 0.000861668901052, 0.000488033459987, 0.000397008145228, 1.28663032228e-07, 3.24392672724e-08],
        "mean": [0.00123620626982, 0.00770362280309, 0.003721161047, 0.0046045188792, 0.0106889465824, 0.0047833416611, 0.00495658349246, 0.00303902570158, 0.00130803219508, 0.00136511342134, 0.000669582805131, 0.00024806134752, 0.000288629235001, 0.000299502600683, 0.00037461577449, 0.000112843707029, 9.82036945061e-05, 8.90733281267e-05, 8.17014661152e-05, 3.83135484299e-05, 3.74747505703e-05, 4.58236390841e-05, 5.26285548403e-05, 2.22821963689e-05, 4.95878748552e-06, 3.87369691879e-09, 1.47274692441e-09],
        "median": [0.000726156111341, 0.00704500358552, 0.00241390848532, 0.00316531583667, 0.00893072877079, 0.00331498472951, 0.00276267551817, 0.00167927984148, 0.000782702292781, 0.00065566028934, 0.000160659474204, 0.000107617059257, 0.000219064051635, 0.000135260153911, 0.000205448901397, 5.85178931942e-05, 3.98135416617e-05, 3.37854507961e-05, 2.73218101938e-05, 1.20059658002e-05, 6.016946827e-06, 3.7482038806e-06, 4.53032225778e-06, 1.66742768215e-06, 1.03784508099e-07, 1.15532017286e-09, 6.25538287835e-10],
        "min": [1.21667027154e-23, 1.14154696865e-23, 7.02930207929e-24, 4.6483368516e-24, 3.49377785898e-23, 2.91782325456e-23, 2.47657816707e-23, 1.03058631437e-22, 9.19465347778e-23, 1.46239438507e-22, 1.08502541611e-22, 1.09232521939e-22, 1.23195763858e-22, 1.0333377981e-22, 1.53010275832e-22, 1.28178991885e-22, 2.2147475649e-22, 2.34965363442e-22, 3.52559205131e-22, 5.86355792256e-22, 3.20146362039e-22, 4.14661137624e-22, 6.78582997433e-22, 9.73554927342e-22, 1.27514172731e-21, 1.56259466421e-21, 2.21821244394e-21],
        "var": [3.47540913026e-06, 4.08478736063e-05, 1.85236003745e-05, 2.38802422245e-05, 7.30839965399e-05, 2.23150982492e-05, 2.99473522318e-05, 2.44262646447e-05, 3.2451680454e-06, 3.26141844198e-06, 2.42267674366e-06, 2.13323986031e-07, 7.43562935668e-08, 2.72721138117e-07, 1.96284162257e-07, 2.73961830999e-08, 2.76421836531e-08, 4.13182377201e-08, 1.8705978988e-08, 7.10222414213e-09, 6.72894540088e-09, 1.28004966626e-08, 1.26252439614e-08, 3.40740369253e-09, 6.48941345105e-10, 1.10806547289e-16, 5.20169384918e-18]
    },
    "erbbands": {
        "dmean": [0.0718030184507, 0.618485212326, 1.79579746723, 3.80126714706, 13.1690034866, 18.9791507721, 10.7207956314, 18.8455123901, 30.0932121277, 23.4789867401, 16.1654415131, 12.2998418808, 11.5145244598, 21.0610275269, 13.4823236465, 5.69637537003, 6.52944898605, 8.32546329498, 12.4498977661, 4.26865720749, 3.53046870232, 2.85616779327, 3.30699300766, 2.88247895241, 2.58410286903, 1.18222737312, 1.1200350523, 0.771004140377, 0.885597467422, 0.731986701488, 0.743134021759, 0.349710047245, 0.132801383734, 0.0489170439541, 0.00150099699385, 7.75831140345e-05, 9.79565538728e-06, 2.24440145757e-06, 4.1624430196e-06, 9.61334262684e-06],
        "dmean2": [0.122465126216, 1.06704115868, 3.11639881134, 6.41211605072, 22.6923332214, 31.5673522949, 17.6109199524, 31.0961856842, 46.3459587097, 35.3007469177, 22.2675228119, 17.4599208832, 17.5230522156, 31.6504077911, 20.0165557861, 8.9495639801, 10.0899200439, 13.7167873383, 19.6748542786, 6.81538915634, 5.64553546906, 4.55252122879, 5.46546459198, 4.69705629349, 4.28562164307, 1.86317896843, 1.82510507107, 1.20442759991, 1.36366379261, 1.0933753252, 1.1360861063, 0.522475063801, 0.192576706409, 0.0752969384193, 0.00236025615595, 0.00011938791431, 1.51495723912e-05, 3.5843720525e-06, 6.91009154252e-06, 1.61668212968e-05],
        "dvar": [0.0225317925215, 2.45564055443, 12.2724981308, 25.0724887848, 255.276870728, 788.761535645, 182.235824585, 734.007568359, 1889.74316406, 1716.65478516, 587.727722168, 360.218139648, 416.477813721, 1786.2800293, 1458.82312012, 141.586700439, 48.6238174438, 450.46081543, 349.273254395, 48.3469429016, 36.676776886, 44.0072174072, 74.3627929688, 66.9642944336, 27.9524173737, 10.5689535141, 8.93915843964, 6.67544603348, 8.98066711426, 4.096783638, 3.24526977539, 0.840991914272, 0.138822317123, 0.046803176403, 4.49549334007e-05, 8.61201812086e-08, 5.09523034875e-10, 1.79598749067e-11, 3.26990795552e-11, 1.73916131496e-10],
        "dvar2": [0.0630497485399, 7.18847513199, 35.011806488, 65.9097213745, 745.329711914, 2314.18579102, 484.241973877, 2133.11791992, 4784.82421875, 3969.5012207, 1155.25012207, 743.176330566, 1046.54626465, 4153.5546875, 2942.46826172, 372.824279785, 124.208076477, 1257.30126953, 928.684143066, 126.46521759, 90.796295166, 100.205276489, 192.673309326, 172.986068726, 68.4078521729, 23.2703666687, 22.100769043, 14.8307685852, 17.036485672, 7.23714828491, 6.32326984406, 1.60294902325, 0.279801696539, 0.10618069768, 0.000102432240965, 1.92175932057e-07, 1.03540198637e-09, 3.43422477955e-11, 8.47282036198e-11, 4.66635008411e-10],
        "max": [1.86858928204, 18.5857868195, 32.7295722961, 56.017124176, 154.717849731, 323.83026123, 138.082778931, 312.804840088, 491.8203125, 1053.68774414, 383.68838501, 533.732666016, 314.505004883, 526.966430664, 717.471252441, 255.315216064, 90.4145278931, 339.877868652, 230.318435669, 94.934425354, 76.5191268921, 106.984725952, 101.693527222, 96.0094909668, 64.9482574463, 51.7933273315, 48.2972793579, 36.3067703247, 41.7746658325, 25.3035087585, 25.2567310333, 15.5660409927, 7.45538520813, 6.31531667709, 0.19045111537, 0.00836808979511, 0.000603745284025, 9.28142326302e-05, 6.47635461064e-05, 0.000151564454427],
        "mean": [0.272089719772, 1.55069828033, 4.03734588623, 10.3930044174, 27.0009002686, 37.7303199768, 29.2067127228, 46.2629470825, 73.57472229, 70.958404541, 47.6888504028, 35.2462310791, 30.4944076538, 42.3530387878, 28.8076171875, 12.130865097, 13.908446312, 17.2966365814, 22.6611862183, 8.87981414795, 6.87119007111, 4.99433422089, 4.80562496185, 4.13854885101, 4.28308439255, 1.92023956776, 1.78037822247, 1.2940005064, 1.51531088352, 1.49541711807, 1.56479299068, 0.7557554245, 0.276346683502, 0.0953830555081, 0.00278688175604, 0.000170538041857, 3.09586466756e-05, 6.20757919023e-06, 2.2556665499e-05, 5.14106322953e-05],
        "median": [0.215076997876, 1.43571853638, 2.92286705971, 7.6634016037, 21.3355045319, 27.1938514709, 23.4537124634, 29.1427574158, 42.0129013062, 38.5824813843, 31.838727951, 22.4844436646, 19.4419879913, 16.5825443268, 9.1694726944, 6.22115135193, 10.9172105789, 8.29146194458, 12.5203819275, 5.66250658035, 3.40295624733, 2.1026597023, 2.11322426796, 1.70364153385, 1.24073529243, 0.646301984787, 0.352741986513, 0.208336278796, 0.13301423192, 0.107884518802, 0.136343881488, 0.0640275627375, 0.0182012207806, 0.0035205159802, 0.000148929160787, 3.90732493543e-05, 1.8390473997e-05, 3.45699436366e-06, 2.26191605179e-05, 5.24560382473e-05],
        "min": [7.5587091887e-22, 1.07449065204e-21, 5.06726238827e-21, 1.78933949117e-20, 1.01452143088e-20, 1.13532128811e-19, 3.03049223787e-19, 2.19497390323e-19, 3.40956946706e-19, 7.41679502127e-19, 2.83563221529e-18, 2.20604685311e-18, 2.72780405257e-18, 8.11268304545e-18, 2.40516349541e-18, 4.75115007621e-18, 4.08830254083e-18, 6.19401817589e-18, 8.04948810102e-18, 8.00667240533e-18, 6.45540518151e-18, 1.18715580122e-17, 1.15471319857e-17, 1.67797276482e-17, 1.84137104517e-17, 3.1240527241e-17, 1.57694373722e-17, 1.3435804527e-17, 1.33698914671e-17, 1.44092960191e-17, 1.86581770643e-17, 1.91342525941e-17, 1.97713669542e-17, 1.11992636606e-17, 1.10099120922e-17, 5.23819691602e-18, 2.81206583964e-18, 1.42525804482e-18, 2.88230541607e-19, 3.33487525162e-20],
        "var": [0.0565422847867, 2.03994297981, 18.239107132, 91.4666061401, 494.345092773, 1364.42382812, 556.548339844, 2346.65820312, 6292.80761719, 10416.7871094, 2839.44824219, 2071.33496094, 1264.13232422, 4024.45703125, 4910.08886719, 346.263793945, 130.376037598, 994.728637695, 718.810852051, 104.390586853, 100.929885864, 92.924331665, 79.6412582397, 73.8869781494, 50.414440155, 16.0205307007, 12.975774765, 10.6221179962, 16.6482639313, 11.3483438492, 10.488650322, 3.32338905334, 0.612158596516, 0.179352730513, 0.00014954584185, 3.2540665984e-07, 2.59022603366e-09, 8.69531183167e-11, 1.0405705464e-10, 5.06718889071e-10]
    },
    "gfcc": {
        "mean": [-56.3972320557, 199.522140503, -127.910896301, 30.6491565704, -57.4174499512, -0.0614432133734, -25.800453186, -15.7088527679, 4.51773929596, -21.1634407043, 9.63202667236, -20.8583679199, 1.86411440372],
        "cov": [[8222.95507812, -652.39654541, -533.679260254, 999.367858887, -1134.03320312, 405.962036133, -224.206771851, 191.543899536, 164.089950562, -225.011413574, 66.2590713501, -129.817718506, 60.5030059814], [-652.39654541, 1627.23657227, 218.903305054, -870.801330566, 891.901062012, -387.296234131, 222.548690796, -108.135955811, -44.7313117981, 80.0056304932, -24.6451683044, 27.0164089203, -24.5543422699], [-533.679260254, 218.903305054, 288.312957764, -173.999725342, 172.412857056, -7.50740766525, 38.0111312866, 24.3933486938, -40.5455169678, 26.9429283142, 3.87022209167, 12.1462402344, 8.59294700623], [999.367858887, -870.801330566, -173.999725342, 659.979370117, -522.931640625, 229.106994629, -110.880462646, 45.761013031, 38.7869720459, -74.6185150146, 22.9171047211, -29.9311027527, 18.1812019348], [-1134.03320312, 891.901062012, 172.412857056, -522.931640625, 708.604370117, -235.101226807, 135.294464111, -59.2892570496, -44.3671951294, 82.8224029541, -36.332118988, 27.848077774, -28.7233390808], [405.962036133, -387.296234131, -7.50740766525, 229.106994629, -235.101226807, 192.973846436, -53.5031051636, 21.3424663544, 12.0953273773, -29.5341854095, 20.975271225, -10.1077165604, 11.4793987274], [-224.206771851, 222.548690796, 38.0111312866, -110.880462646, 135.294464111, -53.5031051636, 120.010276794, 6.38969182968, -8.10911464691, 14.2654056549, -5.13887643814, 21.4432525635, -6.35078763962], [191.543899536, -108.135955811, 24.3933486938, 45.761013031, -59.2892570496, 21.3424663544, 6.38969182968, 105.408836365, 16.0477867126, 7.0496931076, 0.778291523457, -6.98015642166, 8.35708713531], [164.089950562, -44.7313117981, -40.5455169678, 38.7869720459, -44.3671951294, 12.0953273773, -8.10911464691, 16.0477867126, 81.3543777466, 18.7096233368, 3.48696327209, -4.20486879349, -6.72982883453], [-225.011413574, 80.0056304932, 26.9429283142, -74.6185150146, 82.8224029541, -29.5341854095, 14.2654056549, 7.0496931076, 18.7096233368, 75.2940368652, 10.3585920334, 4.85837078094, -0.260241121054], [66.2590713501, -24.6451683044, 3.87022209167, 22.9171047211, -36.332118988, 20.975271225, -5.13887643814, 0.778291523457, 3.48696327209, 10.3585920334, 58.8470077515, 16.062664032, -1.17608678341], [-129.817718506, 27.0164089203, 12.1462402344, -29.9311027527, 27.848077774, -10.1077165604, 21.4432525635, -6.98015642166, -4.20486879349, 4.85837078094, 16.062664032, 63.8601150513, 15.4163217545], [60.5030059814, -24.5543422699, 8.59294700623, 18.1812019348, -28.7233390808, 11.4793987274, -6.35078763962, 8.35708713531, -6.72982883453, -0.260241121054, -1.17608678341, 15.4163217545, 56.8409996033]],
        "icov": [[0.000388213637052, -0.00143084477168, 0.000594482000452, -0.00101862696465, 0.0010394603014, -0.000967521278653, 0.000876694277395, -0.00123052985873, 0.000291954289423, -0.000234891602304, 0.000546414172277, -0.000419192627305, 0.000362649414456], [-0.00143084477168, 0.0101373437792, -0.002496230416, 0.00712365750223, -0.00691229430959, 0.00607783067971, -0.00623814528808, 0.00674237404019, -0.00374758034013, 0.00483854394406, -0.00600957358256, 0.00538665102795, -0.00441459054127], [0.000594482000452, -0.002496230416, 0.00666654063389, -0.00025130843278, 0.000433673965745, -0.0046998700127, 0.0015492484672, -0.0044109383598, 0.00303290458396, -0.00115210365038, 0.000331861519953, -0.000838071748149, -6.06289904681e-05], [-0.00101862696465, 0.00712365750223, -0.00025130843278, 0.00955602247268, -0.00304648117162, 0.00147284998093, -0.0040992544964, 0.00398640381172, -0.00263213552535, 0.00422850530595, -0.00417854590341, 0.00415518367663, -0.00324378395453], [0.0010394603014, -0.00691229430959, 0.000433673965745, -0.00304648117162, 0.00955593120307, -0.00195334269665, 0.00237824092619, -0.00290100299753, 0.00325226713903, -0.00552714150399, 0.00587664358318, -0.0039423732087, 0.00428266683593], [-0.000967521278653, 0.00607783067971, -0.0046998700127, 0.00147284998093, -0.00195334269665, 0.0152384508401, -0.00303224055097, 0.00514176767319, -0.00296741328202, 0.00320548703894, -0.00494790775701, 0.00332429422997, -0.002605214715], [0.000876694277395, -0.00623814528808, 0.0015492484672, -0.0040992544964, 0.00237824092619, -0.00303224055097, 0.0156763549894, -0.00663238624111, 0.00247304304503, -0.00224003195763, 0.00415621092543, -0.00704321125522, 0.00426862994209], [-0.00123052985873, 0.00674237404019, -0.0044109383598, 0.00398640381172, -0.00290100299753, 0.00514176767319, -0.00663238624111, 0.016936423257, -0.00438531208783, 0.000707938161213, -0.00274154380895, 0.00482384720817, -0.00400236994028], [0.000291954289423, -0.00374758034013, 0.00303290458396, -0.00263213552535, 0.00325226713903, -0.00296741328202, 0.00247304304503, -0.00438531208783, 0.0177167635411, -0.00832480099052, 0.0036039671395, -0.00304063502699, 0.00457632588223], [-0.000234891602304, 0.00483854394406, -0.00115210365038, 0.00422850530595, -0.00552714150399, 0.00320548703894, -0.00224003195763, 0.000707938161213, -0.00832480099052, 0.0227157920599, -0.00889337714761, 0.00457687582821, -0.0049398955889], [0.000546414172277, -0.00600957358256, 0.000331861519953, -0.00417854590341, 0.00587664358318, -0.00494790775701, 0.00415621092543, -0.00274154380895, 0.0036039671395, -0.00889337714761, 0.025628015399, -0.0105657465756, 0.00672694388777], [-0.000419192627305, 0.00538665102795, -0.000838071748149, 0.00415518367663, -0.0039423732087, 0.00332429422997, -0.00704321125522, 0.00482384720817, -0.00304063502699, 0.00457687582821, -0.0105657465756, 0.0242278631777, -0.00971766002476], [0.000362649414456, -0.00441459054127, -6.06289904681e-05, -0.00324378395453, 0.00428266683593, -0.002605214715, 0.00426862994209, -0.00400236994028, 0.00457632588223, -0.0049398955889, 0.00672694388777, -0.00971766002476, 0.0233962908387]]
    },
    "melbands": {
        "dmean": [0.000668229942676, 0.000882018299308, 0.0008370631258, 0.00126962549984, 0.000430764135672, 0.000392636895413, 0.000457062618807, 0.000251033372479, 0.000117671130283, 7.76561428211e-05, 6.03044863965e-05, 9.13476833375e-05, 4.38882307208e-05, 2.28122189583e-05, 1.20260001495e-05, 1.52255461217e-05, 1.60839081218e-05, 1.92989464267e-05, 9.74326576397e-06, 4.1088233047e-06, 4.29853071182e-06, 2.89590093416e-06, 3.4013100958e-06, 3.75602894565e-06, 2.25555436373e-06, 2.329428753e-06, 1.17352749385e-06, 7.3480998708e-07, 8.23822176699e-07, 4.79201503367e-07, 5.10514610141e-07, 5.52413951027e-07, 5.53082827537e-07, 4.01089323532e-07, 4.87970851282e-07, 3.57532655926e-07, 1.97702547666e-07, 1.0640801662e-07, 8.04079576255e-08, 2.45646756269e-08],
        "dmean2": [0.00114154675975, 0.00152478658129, 0.00142679247074, 0.00212880014442, 0.000711083470378, 0.000644496583845, 0.000710236316081, 0.000371931673726, 0.000161722302437, 0.000112684167107, 9.19685771805e-05, 0.000137563867611, 6.65444094921e-05, 3.45654661942e-05, 1.85316257557e-05, 2.43767899519e-05, 2.63723795797e-05, 3.04282784782e-05, 1.56117184815e-05, 6.43848215987e-06, 6.96576034898e-06, 4.60638329969e-06, 5.72229828322e-06, 6.33126728644e-06, 3.75683907805e-06, 3.92939546145e-06, 1.9512056042e-06, 1.15945329071e-06, 1.3567851056e-06, 7.72473526922e-07, 8.15177145341e-07, 8.68032373091e-07, 8.33912338294e-07, 6.02271427397e-07, 7.72466250964e-07, 5.68366147036e-07, 2.95305483178e-07, 1.60756016498e-07, 1.21727865121e-07, 3.93971397727e-08],
        "dvar": [2.32191746363e-06, 3.70435418517e-06, 1.01967521005e-06, 3.05271350953e-06, 2.43100203079e-07, 3.09642786078e-07, 4.35673797483e-07, 2.08155540804e-07, 2.95161086683e-08, 1.53665222768e-08, 1.07910471669e-08, 3.55017064635e-08, 1.47602161604e-08, 2.67057886916e-09, 2.38203345937e-10, 8.16464396092e-10, 1.50708934221e-09, 8.25850665631e-10, 2.00967076314e-10, 4.11618863994e-11, 5.53220178001e-11, 5.53962847816e-11, 5.52932769016e-11, 1.37530570266e-10, 4.30321681066e-11, 2.53886807411e-11, 7.73141013016e-12, 4.08053495507e-12, 3.67736613729e-12, 2.64925342948e-12, 2.58545160108e-12, 3.77243288691e-12, 2.46533002346e-12, 1.21269856136e-12, 1.48318293411e-12, 7.87118959421e-13, 3.39048667614e-13, 9.84076576195e-14, 9.72423571245e-14, 1.36375260653e-14],
        "dvar2": [6.55884332446e-06, 1.06734178189e-05, 2.91357810056e-06, 8.59374540596e-06, 6.8027816269e-07, 8.7862787268e-07, 1.10930955088e-06, 4.7439934292e-07, 5.74261846964e-08, 3.44541746244e-08, 2.69960089838e-08, 8.25132460136e-08, 3.2757490942e-08, 5.9607838665e-09, 6.24295393159e-10, 2.31605956635e-09, 4.07896116883e-09, 2.21265161748e-09, 5.52443202295e-10, 9.93311544129e-11, 1.39073128014e-10, 1.19468254733e-10, 1.43823772336e-10, 3.7810762854e-10, 1.1218834195e-10, 6.46282818928e-11, 1.89015764845e-11, 8.38385697671e-12, 9.03408337721e-12, 6.40729179782e-12, 6.06199942674e-12, 7.55134496599e-12, 5.2610476739e-12, 2.3046716445e-12, 3.08693543817e-12, 1.76481257993e-12, 7.16708159834e-13, 2.12087021122e-13, 2.0864621066e-13, 3.18778647413e-14],
        "max": [0.0173064935952, 0.0183863211423, 0.0137741360813, 0.019365793094, 0.00446368334815, 0.0062045129016, 0.0075419167988, 0.013062520884, 0.00299269868992, 0.00285691395402, 0.00154257158283, 0.00233312533237, 0.00199209689163, 0.000797841639724, 0.000304927409161, 0.000504928699229, 0.00057766912505, 0.000363727391232, 0.000141205251566, 8.74006364029e-05, 8.89580187504e-05, 0.000139883792144, 7.93624130893e-05, 0.000120165321277, 7.27526639821e-05, 6.37558332528e-05, 4.84733864141e-05, 2.81683896901e-05, 2.47340649366e-05, 2.90103871521e-05, 1.94827152882e-05, 2.52483605436e-05, 2.24116320169e-05, 1.50821770148e-05, 2.07054017665e-05, 1.11831977847e-05, 1.05961416921e-05, 6.07282208875e-06, 9.20482852962e-06, 3.22027426591e-06],
        "mean": [0.00228712544776, 0.00208530272357, 0.00224377820268, 0.00253162509762, 0.00115516164806, 0.000990296248347, 0.00111457530875, 0.000773608509917, 0.000341251201462, 0.000206044060178, 0.00015015246754, 0.000177714449819, 8.99780134205e-05, 4.65052362415e-05, 2.53510588664e-05, 2.97060068988e-05, 3.19710488839e-05, 3.49282709067e-05, 1.7635518816e-05, 8.45991326059e-06, 7.72972271079e-06, 4.84869224238e-06, 4.9388008847e-06, 4.77804951515e-06, 2.99359703604e-06, 3.6313210785e-06, 1.89880120161e-06, 1.09230313683e-06, 1.28288888845e-06, 7.12411008408e-07, 7.87703527294e-07, 8.52969321841e-07, 9.17845568438e-07, 7.7343349858e-07, 9.78591515377e-07, 6.9183334972e-07, 3.717697723e-07, 1.93586600972e-07, 1.65270961361e-07, 4.1978960752e-08],
        "median": [0.00204474455677, 0.00173660635483, 0.00186250952538, 0.00200384482741, 0.000969393353444, 0.00063461397076, 0.000626484514214, 0.000398954667617, 0.000228448057896, 0.00012774161587, 8.98899816093e-05, 5.95352030359e-05, 2.33719401876e-05, 1.94394015125e-05, 1.91432663996e-05, 1.91626859305e-05, 1.25557817228e-05, 1.97109548026e-05, 1.15453112812e-05, 4.31990520156e-06, 3.56050600203e-06, 1.95465986508e-06, 1.63842935308e-06, 1.42156579841e-06, 1.14220586056e-06, 9.76976025413e-07, 6.37047719465e-07, 3.11655725227e-07, 2.40969654897e-07, 1.22219802279e-07, 1.0328407285e-07, 7.58159615089e-08, 6.99584674635e-08, 4.98853971465e-08, 7.14200254492e-08, 6.14994917214e-08, 2.70019295812e-08, 1.27242909542e-08, 6.87884549322e-09, 9.55593271179e-10],
        "min": [5.91877604022e-24, 2.43655901669e-24, 2.63842773348e-24, 2.9883050971e-24, 1.04662238929e-23, 5.24056628759e-24, 5.18682987159e-24, 9.6492045977e-24, 2.48511553533e-23, 1.23022826615e-23, 1.21131950691e-23, 3.18663076346e-23, 9.55969570623e-24, 1.01614348604e-23, 1.04871476396e-23, 1.20702676252e-23, 1.10800618068e-23, 1.26291874095e-23, 1.08511343721e-23, 1.22371842819e-23, 6.32109076315e-24, 1.12851656422e-23, 1.19041201079e-23, 1.13021419289e-23, 1.37915747422e-23, 1.28130992855e-23, 1.5213778936e-23, 2.19866862328e-23, 1.02522414281e-23, 8.54153502397e-24, 7.67570101592e-24, 7.06440481185e-24, 7.84558378958e-24, 7.97161378552e-24, 9.11655467044e-24, 1.47529642605e-23, 1.03195935833e-23, 1.48598596463e-23, 1.09217658221e-23, 8.7366471471e-24],
        "var": [3.44368845617e-06, 4.07351717513e-06, 3.55167776434e-06, 5.07994309373e-06, 7.18702494851e-07, 1.07267385374e-06, 1.46203058193e-06, 1.42668636727e-06, 1.41277723742e-07, 6.84369396708e-08, 3.23745368291e-08, 8.00224668751e-08, 4.42468923723e-08, 8.62011528824e-09, 6.72052857809e-10, 1.55994539508e-09, 3.95375376883e-09, 1.69351987989e-09, 3.49998696692e-10, 1.14278017604e-10, 1.44008735492e-10, 1.3237644314e-10, 6.93315474476e-11, 1.35964323134e-10, 4.6197795589e-11, 3.81829290408e-11, 1.3401820452e-11, 6.43727562574e-12, 5.84729443684e-12, 3.52266436507e-12, 3.96230270816e-12, 6.20486995118e-12, 4.73251472732e-12, 3.28363248051e-12, 4.47344852134e-12, 2.12425064518e-12, 1.11252294269e-12, 2.80525033541e-13, 4.67508573087e-13, 4.13609982852e-14]
    },
    "mfcc": {
        "mean": [-684.44317627, 202.774688721, 4.5392241478, 23.1218910217, 2.77738857269, 4.86759376526, -10.1954689026, 2.50532436371, -10.0730419159, 10.5101957321, -2.44301462173, -2.45452976227, -4.17986726761],
        "cov": [[5864.83496094, -1761.44555664, 352.968597412, 378.350250244, -515.463806152, 120.140136719, -374.605712891, 322.175354004, -44.1288833618, 135.45715332, -60.0539360046, 78.7854537964, 41.6718597412], [-1761.44555664, 2887.77246094, -627.776916504, -192.959976196, 416.960083008, -138.479934692, 326.088623047, -192.50151062, 81.4012985229, -57.7449798584, 49.3081970215, -88.3987579346, 69.3663635254], [352.968597412, -627.776916504, 371.650482178, -16.0919551849, -88.6066131592, 31.8543243408, -49.4532585144, 54.067653656, -24.5872993469, 19.0655097961, -13.0830507278, 11.0717372894, -29.9287414551], [378.350250244, -192.959976196, -16.0919551849, 155.791748047, -38.2735099792, 15.09856987, -17.5465831757, 27.7483959198, 2.79149270058, 8.34629058838, -4.74959993362, 17.6431121826, -6.5686955452], [-515.463806152, 416.960083008, -88.6066131592, -38.2735099792, 188.233657837, -12.8427991867, 69.2938537598, -50.381816864, 16.8679065704, -11.6944332123, 15.7401609421, -30.9794158936, 4.56876087189], [120.140136719, -138.479934692, 31.8543243408, 15.09856987, -12.8427991867, 105.616355896, -13.5349264145, 15.4445133209, -29.5510635376, -2.29965662956, -7.17260456085, 11.010591507, -15.7018051147], [-374.605712891, 326.088623047, -49.4532585144, -17.5465831757, 69.2938537598, -13.5349264145, 139.943237305, -13.6872320175, 15.5122499466, -35.0564613342, -0.120241507888, -9.82363414764, 19.9997406006], [322.175354004, -192.50151062, 54.067653656, 27.7483959198, -50.381816864, 15.4445133209, -13.6872320175, 88.9942626953, -4.60657405853, -3.74614572525, -11.6169490814, 14.9260921478, 0.984414339066], [-44.1288833618, 81.4012985229, -24.5872993469, 2.79149270058, 16.8679065704, -29.5510635376, 15.5122499466, -4.60657405853, 89.1923522949, 9.00436592102, 0.762546002865, -17.735168457, 20.0541629791], [135.45715332, -57.7449798584, 19.0655097961, 8.34629058838, -11.6944332123, -2.29965662956, -35.0564613342, -3.74614572525, 9.00436592102, 85.6667709351, 23.9781150818, -1.38643407822, -25.9892024994], [-60.0539360046, 49.3081970215, -13.0830507278, -4.74959993362, 15.7401609421, -7.17260456085, -0.120241507888, -11.6169490814, 0.762546002865, 23.9781150818, 61.794670105, 18.076423645, -6.75577831268], [78.7854537964, -88.3987579346, 11.0717372894, 17.6431121826, -30.9794158936, 11.010591507, -9.82363414764, 14.9260921478, -17.735168457, -1.38643407822, 18.076423645, 73.1284255981, 11.5265674591], [41.6718597412, 69.3663635254, -29.9287414551, -6.5686955452, 4.56876087189, -15.7018051147, 19.9997406006, 0.984414339066, 20.0541629791, -25.9892024994, -6.75577831268, 11.5265674591, 93.1906204224]],
