{
"lowlevel": {
    "average_loudness": 0.851630091667,
    "barkbands_crest": {
        "dmean": 1.80854058266,
        "dmean2": 2.89454460144,
        "dvar": 3.40828037262,
        "dvar2": 8.67082309723,
        "max": 25.6211872101,
        "mean": 13.1834411621,
        "median": 12.6546506882,
        "min": 2.68972110748,
        "var": 17.9140453339
    },
    "barkbands_flatness_db": {
        "dmean": 0.0187846589833,
        "dmean2": 0.0287030264735,
        "dvar": 0.000493084953632,
        "dvar2": 0.000993162509985,
        "max": 0.537898480892,
        "mean": 0.255580544472,
        "median": 0.245488986373,
        "min": 0.0147962355986,
        "var": 0.00382562098093
    },
    "barkbands_kurtosis": {
        "dmean": 6.15921497345,
        "dmean2": 9.86445045471,
        "dvar": 204.692733765,
        "dvar2": 492.887329102,
        "max": 243.153427124,
        "mean": 13.9206056595,
        "median": 6.71377182007,
        "min": -1.54074192047,
        "var": 553.245605469
    },
    "barkbands_skewness": {
        "dmean": 0.558315217495,
        "dmean2": 0.85180747509,
        "dvar": 0.571960330009,
        "dvar2": 1.24816441536,
        "max": 12.1077775955,
        "mean": 2.0248811245,
        "median": 1.72269189358,
        "min": -2.00208115578,
        "var": 2.86984586716
    },
    "barkbands_spread": {
        "dmean": 1.80956351757,
        "dmean2": 2.70911884308,
        "dvar": 14.1230201721,
        "dvar2": 32.0835723877,
        "max": 84.7935028076,
        "mean": 8.58498477936,
        "median": 5.81120204926,
        "min": 0.268298864365,
        "var": 61.7481880188
    },
    "dissonance": {
        "dmean": 0.0344842560589,
        "dmean2": 0.0587125048041,
        "dvar": 0.000952520349529,
        "dvar2": 0.0027068334166,
        "max": 0.499767810106,
        "mean": 0.402634978294,
        "median": 0.411331832409,
        "min": 0.226071044803,
        "var": 0.00276109040715
    },
    "dynamic_complexity": 4.35637617111,
    "erbbands_crest": {
        "dmean": 2.41994643211,
        "dmean2": 3.91508626938,
        "dvar": 5.82130861282,
        "dvar2": 15.066567421,
        "max": 31.6937160492,
        "mean": 14.3870201111,
        "median": 13.1594076157,
        "min": 2.74341320992,
        "var": 32.6483726501
    },
    "erbbands_flatness_db": {
        "dmean": 0.016186023131,
        "dmean2": 0.0244738254696,
        "dvar": 0.00033650334808,
        "dvar2": 0.000713737099431,
        "max": 0.335613518953,
        "mean": 0.221305623651,
        "median": 0.223674610257,
        "min": 0.0357863493264,
        "var": 0.00188533123583
    },
    "erbbands_kurtosis": {
        "dmean": 2.68389225006,
        "dmean2": 4.37422084808,
        "dvar": 19.7223129272,
        "dvar2": 52.78956604,
        "max": 70.2342529297,
        "mean": 6.84117078781,
        "median": 4.60644054413,
        "min": -1.62082529068,
        "var": 74.6313247681
    },
    "erbbands_skewness": {
        "dmean": 0.408630847931,
        "dmean2": 0.646590054035,
        "dvar": 0.235827624798,
        "dvar2": 0.563266277313,
        "max": 6.95495700836,
        "mean": 1.53592324257,
        "median": 1.47431993484,
        "min": -3.64670848846,
        "var": 1.46503889561
    },
    "erbbands_spread": {
        "dmean": 4.02155399323,
        "dmean2": 6.2617225647,
        "dvar": 35.0531654358,
        "dvar2": 77.7014770508,
        "max": 91.9186172485,
        "mean": 19.617805481,
        "median": 17.0402088165,
        "min": 2.29101133347,
        "var": 149.536132812
    },
    "hfc": {
        "dmean": 2.70702815056,
        "dmean2": 3.80779194832,
        "dvar": 30.1202278137,
        "dvar2": 50.5907897949,
        "max": 104.660148621,
        "mean": 11.9275894165,
        "median": 6.1835103035,
        "min": 1.16888137971e-16,
        "var": 197.026855469
    },
    "melbands_crest": {
        "dmean": 2.33090543747,
        "dmean2": 3.67219281197,
        "dvar": 6.1413526535,
        "dvar2": 14.8242340088,
        "max": 31.3722610474,
        "mean": 17.7129917145,
        "median": 16.7461681366,
        "min": 1.97665798664,
        "var": 34.4364242554
    },
    "melbands_flatness_db": {
        "dmean": 0.0210161246359,
        "dmean2": 0.0300390440971,
        "dvar": 0.000714255555067,
        "dvar2": 0.00124161050189,
        "max": 0.660836577415,
        "mean": 0.327665239573,
        "median": 0.320362120867,
        "min": 0.00520870042965,
        "var": 0.00733252009377
    },
    "melbands_kurtosis": {
        "dmean": 7.46915769577,
        "dmean2": 11.6873254776,
        "dvar": 315.158233643,
        "dvar2": 692.064575195,
        "max": 335.951080322,
        "mean": 16.2705917358,
        "median": 7.76270389557,
        "min": -1.21820557117,
        "var": 823.581237793
    },
    "melbands_skewness": {
        "dmean": 0.565308272839,
        "dmean2": 0.860127806664,
        "dvar": 0.556314527988,
        "dvar2": 1.21257603168,
        "max": 13.1782646179,
        "mean": 2.12216639519,
        "median": 1.7785307169,
        "min": -1.17484009266,
        "var": 2.83872747421
    },
    "melbands_spread": {
        "dmean": 2.03438353539,
        "dmean2": 3.0407371521,
        "dvar": 17.8806610107,
        "dvar2": 29.7156276703,
        "max": 139.502914429,
        "mean": 10.3804340363,
        "median": 6.80627012253,
        "min": 0.316284447908,
        "var": 131.865509033
    },
    "pitch_salience": {
        "dmean": 0.0524181090295,
        "dmean2": 0.0834677815437,
        "dvar": 0.00334953865968,
        "dvar2": 0.00778869027272,
        "max": 0.821203708649,
        "mean": 0.445017158985,
        "median": 0.450515776873,
        "min": 0.0626703947783,
        "var": 0.0189589001238
    },
    "silence_rate_20dB": {
        "dmean": 0,
        "dmean2": 0,
        "dvar": 0,
        "dvar2": 0,
        "max": 1,
        "mean": 1,
        "median": 1,
        "min": 1,
        "var": 0
    },
    "silence_rate_30dB": {
        "dmean": 0.0255023185164,
        "dmean2": 0.051024351269,
        "dvar": 0.0248512588441,
        "dvar2": 0.0515125505626,
        "max": 1,
        "mean": 0.942835092545,
        "median": 1,
        "min": 0,
        "var": 0.0538963638246
    },
    "silence_rate_60dB": {
        "dmean": 0.0193199384958,
        "dmean2": 0.0386548116803,
        "dvar": 0.0189470890909,
        "dvar2": 0.0425731390715,
        "max": 1,
        "mean": 0.0942448824644,
        "median": 0,
        "min": 0,
        "var": 0.085361212492
    },
    "spectral_centroid": {
        "dmean": 96.4960479736,
        "dmean2": 135.218582153,
        "dvar": 100099.382812,
        "dvar2": 123037.539062,
        "max": 11499.9042969,
        "mean": 699.057312012,
        "median": 491.144714355,
        "min": 99.3589935303,
        "var": 347199.59375
    },
    "spectral_complexity": {
        "dmean": 1.30834627151,
        "dmean2": 2.11673760414,
        "dvar": 2.40107655525,
        "dvar2": 4.79272127151,
        "max": 25,
        "mean": 9.15295505524,
        "median": 8,
        "min": 0,
        "var": 21.1654033661
    },
    "spectral_decrease": {
        "dmean": 2.09028505616e-09,
        "dmean2": 2.80898659888e-09,
        "dvar": 1.75866704599e-17,
        "dvar2": 2.88887369542e-17,
        "max": 7.72290805833e-29,
        "mean": -7.8703985551e-09,
        "median": -4.69452032803e-09,
        "min": -7.44865289448e-08,
        "var": 9.94907098918e-17
    },
    "spectral_energy": {
        "dmean": 0.00809386465698,
        "dmean2": 0.010893384926,
        "dvar": 0.000257487146882,
        "dvar2": 0.000422517448897,
        "max": 0.288361161947,
        "mean": 0.0307865869254,
        "median": 0.0185595583171,
        "min": 1.06170804586e-20,
        "var": 0.00146807450801
    },
    "spectral_energyband_high": {
        "dmean": 6.79182339809e-05,
        "dmean2": 9.60677134572e-05,
        "dvar": 6.92747761377e-08,
        "dvar2": 1.2446555786e-07,
        "max": 0.00628954777494,
        "mean": 0.000186074001249,
        "median": 2.47325679084e-05,
        "min": 7.38550875637e-21,
        "var": 2.19309001182e-07
    },
    "spectral_energyband_low": {
        "dmean": 0.00583888171241,
        "dmean2": 0.00746865384281,
        "dvar": 0.000239639004576,
        "dvar2": 0.000391998706618,
        "max": 0.248830452561,
        "mean": 0.0168221797794,
        "median": 0.00272932765074,
        "min": 4.97119032552e-23,
        "var": 0.0012046075426
    },
    "spectral_energyband_middle_high": {
        "dmean": 0.000542105874047,
        "dmean2": 0.000765596458223,
        "dvar": 3.08049902742e-06,
        "dvar2": 5.2815298659e-06,
        "max": 0.0383553989232,
        "mean": 0.00221202266403,
        "median": 0.00027370560565,
        "min": 1.55754807488e-21,
        "var": 2.19724952331e-05
    },
    "spectral_energyband_middle_low": {
        "dmean": 0.00308454176411,
        "dmean2": 0.00471297232434,
        "dvar": 1.96519649762e-05,
        "dvar2": 4.2758667405e-05,
        "max": 0.0774309933186,
        "mean": 0.0118191801012,
        "median": 0.00800729449838,
        "min": 1.75438588488e-22,
        "var": 0.000139009716804
    },
    "spectral_entropy": {
        "dmean": 0.185633197427,
        "dmean2": 0.282472580671,
        "dvar": 0.0483941473067,
        "dvar2": 0.101150415838,
        "max": 9.80006790161,
        "mean": 6.46712970734,
        "median": 6.48328590393,
        "min": 4.79048252106,
        "var": 0.212420046329
    },
    "spectral_flux": {
        "dmean": 0.0197563394904,
        "dmean2": 0.0318510010839,
        "dvar": 0.00100617296994,
        "dvar2": 0.00252700480632,
        "max": 0.320350319147,
        "mean": 0.0456399358809,
        "median": 0.0326316133142,
        "min": 6.75868389033e-11,
        "var": 0.00169673445635
    },
    "spectral_kurtosis": {
        "dmean": 3.38659358025,
        "dmean2": 5.64346122742,
        "dvar": 13.4912242889,
        "dvar2": 36.4216499329,
        "max": 65.205657959,
        "mean": 10.2490777969,
        "median": 8.24859046936,
        "min": -1.21300685406,
        "var": 53.1186676025
    },
    "spectral_rms": {
        "dmean": 0.000643842329737,
        "dmean2": 0.000879014667589,
        "dvar": 9.47519083638e-07,
        "dvar2": 1.50513915287e-06,
        "max": 0.0167728345841,
        "mean": 0.00471180677414,
        "median": 0.00425521889701,
        "min": 3.21840449256e-12,
        "var": 7.83450650488e-06
    },
    "spectral_rolloff": {
        "dmean": 114.662887573,
        "dmean2": 186.523117065,
        "dvar": 184795.84375,
        "dvar2": 235174.765625,
        "max": 19056.8847656,
        "mean": 700.909667969,
        "median": 516.796875,
        "min": 86.1328125,
        "var": 817076.25
    },
    "spectral_skewness": {
        "dmean": 0.352295279503,
        "dmean2": 0.563224554062,
        "dvar": 0.115248560905,
        "dvar2": 0.267482578754,
        "max": 6.53849220276,
        "mean": 2.44335079193,
        "median": 2.32070469856,
        "min": -0.0547143705189,
        "var": 0.841438055038
    },
    "spectral_spread": {
        "dmean": 437083.09375,
        "dmean2": 641764.8125,
        "dvar": 772659478528,
        "dvar2": 748608815104,
        "max": 40697256,
        "mean": 3822979.25,
        "median": 3529264,
        "min": 1221332.125,
        "var": 2.59474168218e+12
    },
    "spectral_strongpeak": {
        "dmean": 0.352837949991,
        "dmean2": 0.58648276329,
        "dvar": 0.485022336245,
        "dvar2": 1.20386397839,
        "max": 10.7062559128,
        "mean": 1.20472502708,
        "median": 0.837647020817,
        "min": 0,
        "var": 1.72563552856
    },
    "zerocrossingrate": {
        "dmean": 0.00426359334961,
        "dmean2": 0.00523198908195,
        "dvar": 0.000193107640371,
        "dvar2": 0.000293437944492,
        "max": 0.50146484375,
        "mean": 0.0273622330278,
        "median": 0.02294921875,
        "min": 0.0029296875,
        "var": 0.000557972467504
    },
    "barkbands": {
        "dmean": [1.44047862705e-05, 0.00299708894454, 0.0030413181521, 0.000133983106934, 0.00046571076382, 0.0015058767749, 0.000670026638545, 0.000908274902031, 0.000424400408519, 0.00012136343139, 7.71344421082e-05, 6.61514641251e-05, 3.86347637686e-05, 7.99990884843e-05, 9.03046093299e-05, 0.000110396918899, 0.000115963739518, 5.98074184381e-05, 4.91496830364e-05, 3.33149291691e-05, 3.91606408812e-05, 8.54543668538e-06, 2.39516612055e-06, 2.09090785575e-06, 1.77342747065e-06, 2.40772533289e-06, 2.73020206443e-09],
        "dmean2": [2.52317258855e-05, 0.00397543935105, 0.00399360898882, 0.00021862675203, 0.000751120038331, 0.00241361674853, 0.0010869728867, 0.00130299758166, 0.000592833152041, 0.000176649002242, 0.000107614585431, 9.94035799522e-05, 5.71164164285e-05, 0.000115583403385, 0.000133327877847, 0.000158527298481, 0.000162052150699, 8.83903849171e-05, 7.06271748641e-05, 4.90071470267e-05, 5.52162964595e-05, 1.30368489408e-05, 3.58732927452e-06, 3.0317414712e-06, 2.57136139226e-06, 3.2898972222e-06, 4.80198192321e-09],
        "dvar": [2.52369392051e-09, 7.14629204595e-05, 7.60912153055e-05, 8.28120434448e-08, 1.10806774956e-06, 6.59998158881e-06, 2.29459305956e-06, 4.75962360724e-06, 2.98054737868e-06, 1.94051139601e-07, 1.31899568601e-07, 6.60638335148e-08, 3.9000337182e-08, 7.4574302289e-08, 1.40392359071e-07, 3.22492667237e-07, 2.51409232987e-07, 6.1898518311e-08, 2.55037804209e-08, 1.1533112243e-08, 3.34596279572e-08, 1.43283274134e-09, 3.29413510358e-11, 3.59966847996e-11, 3.69429487002e-11, 1.01799610408e-10, 1.00178183008e-16],
        "dvar2": [6.78692435585e-09, 0.000128855725052, 0.000135921320179, 2.05483303262e-07, 2.17961223825e-06, 1.81335308298e-05, 5.88225930187e-06, 9.08802121558e-06, 4.86729823024e-06, 3.7542625364e-07, 1.98008308416e-07, 1.25618583979e-07, 6.59687415805e-08, 1.28735209159e-07, 2.451855039e-07, 5.24055678852e-07, 4.03645032065e-07, 1.12203871083e-07, 4.2877967843e-08, 2.09738821866e-08, 5.8452169327e-08, 2.84430146102e-09, 6.5271232863e-11, 6.99463958975e-11, 7.37662222972e-11, 1.8866060103e-10, 2.16885816934e-16],
        "max": [0.00125158648007, 0.129818275571, 0.156830012798, 0.00464316643775, 0.0280533097684, 0.0354308672249, 0.0255941450596, 0.0503244362772, 0.0576488599181, 0.0111708827317, 0.0136979101226, 0.00774025451392, 0.00604632124305, 0.00563717400655, 0.00878585129976, 0.0153575371951, 0.0147774284706, 0.00691017042845, 0.00499806366861, 0.00287585961632, 0.00499827461317, 0.000960291654337, 0.000143632554682, 9.59099343163e-05, 0.000122156081488, 0.000261678593233, 2.79429656302e-07],
        "mean": [1.37033066494e-05, 0.00854797754437, 0.00811782758683, 0.000255625753198, 0.00129316851962, 0.00398828741163, 0.00161502114497, 0.00322951655835, 0.00119042594451, 0.000363307713997, 0.000233151818975, 0.00017920321261, 8.59178981045e-05, 0.000253827136476, 0.000224206203711, 0.000357580924174, 0.000323085929267, 0.000144437464769, 0.000141097494634, 0.000101595825981, 9.03177278815e-05, 1.79425296665e-05, 5.43939722775e-06, 4.62743901153e-06, 4.00563794756e-06, 5.28122563992e-06, 2.844415814e-09],
        "median": [1.82559870154e-06, 0.00117764051538, 0.000974974303972, 9.12506875466e-05, 0.00044181139674, 0.00199920497835, 0.000438596121967, 0.000409238564316, 0.000153409811901, 2.40165190917e-05, 1.28195642901e-05, 1.91381495824e-05, 5.47899526282e-06, 1.01708583315e-05, 1.48658191392e-05, 5.25079894942e-06, 1.07634768938e-05, 5.99400846113e-06, 5.50913136976e-06, 5.26735311723e-06, 5.51199855181e-06, 3.46231786352e-06, 2.48888818533e-06, 1.52169764078e-06, 1.14090050829e-06, 9.33296462335e-07, 7.34078076103e-10],
        "min": [1.81246788317e-23, 1.37134790903e-23, 1.02790910979e-23, 1.72826613233e-23, 2.62825892198e-23, 1.72860187153e-23, 3.81120728309e-23, 2.92902981258e-23, 2.24968804455e-23, 2.09510869913e-23, 2.86194445011e-23, 6.76832117498e-23, 1.51834298793e-23, 7.93829592964e-23, 1.43367113909e-22, 1.13229938892e-22, 1.26301919449e-22, 1.44601106935e-22, 1.96019388904e-22, 3.63503697247e-22, 3.57654867925e-22, 5.19559493666e-22, 4.82481264072e-22, 8.73774246469e-22, 1.15717135284e-21, 1.55708985397e-21, 2.21475024072e-21],
        "var": [2.26781704527e-09, 0.00031583243981, 0.000351033377228, 2.36547094801e-07, 8.11232621345e-06, 2.36120085901e-05, 9.16794670047e-06, 4.08383857575e-05, 1.9797051209e-05, 1.2300090475e-06, 8.8248469865e-07, 2.16059646618e-07, 1.56440208343e-07, 4.52770393622e-07, 4.75840892022e-07, 2.53347479884e-06, 1.13478495223e-06, 1.69709920783e-07, 1.31959637883e-07, 6.56840981605e-08, 8.42508711685e-08, 3.70952513151e-09, 8.2861488504e-11, 9.33103386225e-11, 9.80366204884e-11, 2.6825014432e-10, 1.22058135914e-16]
    },
    "erbbands": {
        "dmean": [0.0244738422334, 0.894691646099, 3.91310286522, 1.12484204769, 0.709310889244, 1.53601980209, 8.74297237396, 11.710308075, 11.2597312927, 9.68674945831, 22.2687702179, 10.4184875488, 4.29461479187, 2.83221411705, 2.72229218483, 2.74853301048, 1.76145613194, 4.02740955353, 4.34448719025, 4.71772861481, 4.99851608276, 5.0600476265, 3.29513764381, 2.96686983109, 2.25255131721, 1.42127025127, 1.62457287312, 1.24171066284, 0.398491561413, 0.106516890228, 0.071689940989, 0.0539651997387, 0.0287477262318, 0.0187943261117, 0.0143629647791, 0.0065955510363, 0.00527736870572, 0.00109411741141, 2.08740293601e-05, 9.17779107112e-06],
        "dmean2": [0.035768546164, 1.17073059082, 4.96838235855, 1.62030041218, 1.16031098366, 2.45532131195, 13.4763975143, 19.4207115173, 18.6928825378, 14.2226819992, 31.7178192139, 14.1243143082, 6.14764165878, 4.24362659454, 3.66772270203, 4.0608792305, 2.5269844532, 5.82955598831, 6.53851747513, 6.8227558136, 7.14443540573, 6.77505922318, 4.76999950409, 4.28255224228, 3.30455350876, 2.05398201942, 2.36291384697, 1.73835301399, 0.582635462284, 0.158724576235, 0.107045143843, 0.0788284316659, 0.0419058091938, 0.0276465509087, 0.0209454130381, 0.00937344878912, 0.00729518290609, 0.00159355951473, 2.96616635751e-05, 1.22076307889e-05],
        "dvar": [0.00585021823645, 6.14125013351, 117.364181519, 11.3169851303, 1.49538600445, 17.3844509125, 293.169006348, 556.768432617, 699.516296387, 612.968078613, 2761.5390625, 1765.99731445, 271.3125, 270.907897949, 132.954055786, 79.9158935547, 74.0177536011, 191.931549072, 295.144042969, 378.363555908, 371.805480957, 606.348144531, 176.828033447, 118.773208618, 53.4231262207, 20.4123153687, 44.7665519714, 39.6253738403, 3.46011304855, 0.164122477174, 0.0284772627056, 0.0242213252932, 0.00664386060089, 0.00328845763579, 0.00267220637761, 0.000623903179076, 0.0005196435377, 2.14432620851e-05, 6.4345040407e-09, 3.12943171377e-10],
        "dvar2": [0.0117360521108, 10.6947336197, 194.643005371, 19.9151382446, 3.77652645111, 30.3328266144, 694.914550781, 1616.00805664, 1992.46252441, 1146.65881348, 5192.79589844, 2749.70654297, 474.762268066, 570.288635254, 194.605438232, 146.743362427, 116.002380371, 332.921234131, 568.93927002, 686.780883789, 612.565979004, 946.735778809, 306.668426514, 204.048294067, 101.618812561, 37.4437561035, 80.3554611206, 73.6156845093, 6.23616361618, 0.325127929449, 0.0545574948192, 0.0493768490851, 0.0123534463346, 0.0064404187724, 0.0054906536825, 0.00114667892922, 0.000981774181128, 4.5146982302e-05, 1.34519844153e-08, 5.02320407492e-10],
        "max": [1.48920369148, 39.4098320007, 180.929733276, 94.4005050659, 20.7803382874, 134.864547729, 249.730194092, 377.277984619, 462.007537842, 541.418518066, 1307.91247559, 1443.91174316, 436.107971191, 665.406982422, 388.971801758, 185.39024353, 293.737487793, 334.667785645, 438.077026367, 494.798309326, 452.829650879, 833.688110352, 346.168182373, 346.996826172, 223.266952515, 104.301437378, 179.077514648, 176.204711914, 38.5412101746, 10.6572418213, 4.4909324646, 2.78243160248, 1.41056573391, 1.02801442146, 1.0392472744, 0.690018594265, 0.601950526237, 0.107321672142, 0.00193353707436, 0.000342874758644],
        "mean": [0.068098410964, 2.55433773994, 10.6634836197, 3.05418992043, 1.54373502731, 4.24285984039, 23.6445045471, 28.1744213104, 29.2105331421, 25.8482608795, 84.0802612305, 33.5709838867, 13.5595273972, 7.8154873848, 8.37917423248, 8.20696735382, 4.79521512985, 12.9497270584, 11.6309347153, 15.6051216125, 17.1856231689, 14.0493097305, 8.93428325653, 7.94474077225, 7.13236141205, 4.70562839508, 4.16392374039, 2.66555690765, 0.856567144394, 0.225008234382, 0.158320009708, 0.116243302822, 0.0644011870027, 0.0415519028902, 0.0310068558902, 0.0155050326139, 0.010676828213, 0.00201449380256, 4.9479338486e-05, 3.57185235771e-05],
        "median": [0.00936707202345, 0.37881103158, 1.45316171646, 0.61071908474, 0.793072402477, 1.48235321045, 5.69654273987, 14.7344236374, 8.05297851562, 9.86131191254, 12.0291919708, 5.8375377655, 1.67422378063, 1.2052809, 0.804675757885, 1.06904304028, 0.600917458534, 1.01385259628, 1.10932195187, 0.700943946838, 0.579833567142, 0.518684506416, 0.36509090662, 0.283151358366, 0.308151960373, 0.24206264317, 0.218178167939, 0.207806676626, 0.139193922281, 0.0882337316871, 0.0696417018771, 0.0427381619811, 0.0197036471218, 0.0133154727519, 0.0078991772607, 0.0034895229619, 0.00176157872193, 0.000274610531051, 1.74771612365e-05, 2.16482949327e-05],
        "min": [6.7112706281e-22, 2.58660670015e-21, 8.62156943091e-21, 3.23339634633e-20, 3.03629794717e-20, 4.61841916293e-20, 2.69995138208e-19, 1.20879870794e-19, 2.35994473665e-19, 9.66304326573e-19, 6.68482444818e-19, 4.48029867683e-19, 6.94989395849e-19, 1.10698737945e-18, 1.30060140952e-18, 2.89605031442e-18, 9.78788446571e-19, 2.28742012548e-18, 7.44668436552e-18, 8.91706738751e-18, 4.88270239929e-18, 7.28686149065e-18, 9.30455600955e-18, 8.46596857635e-18, 9.77820541857e-18, 1.50090085807e-17, 1.34264176814e-17, 1.49395022482e-17, 1.80663458797e-17, 1.79022746052e-17, 1.46706652404e-17, 1.52466691512e-17, 1.52930872184e-17, 1.17718174011e-17, 7.76139763728e-18, 5.51243830835e-18, 2.87812096784e-18, 1.08200910989e-18, 2.65865309753e-19, 2.83651864272e-20],
        "var": [0.0218410342932, 28.5418262482, 598.244140625, 45.7271652222, 4.4632525444, 149.405639648, 1486.02868652, 1604.1237793, 3030.09936523, 2571.76513672, 27237.9921875, 12635.2363281, 1748.31689453, 1019.37109375, 1063.25354004, 393.714019775, 351.128448486, 1169.70617676, 779.576293945, 2552.93286133, 2978.71020508, 2818.00219727, 582.046569824, 376.167358398, 368.150024414, 147.527099609, 133.566299438, 85.5260009766, 8.8001499176, 0.364206641912, 0.0737738609314, 0.0541088320315, 0.0188474003226, 0.00864222832024, 0.00684002554044, 0.00181373325177, 0.00122425879817, 4.76172717754e-05, 1.59778998921e-08, 1.91161109164e-09]
    },
    "gfcc": {
        "mean": [-87.7879943848, 126.657394409, -88.350151062, 22.5341186523, -59.4526062012, -6.73615407944, -33.7515563965, 10.0601358414, -10.3098211288, 13.9885587692, -13.7575321198, -1.78393673897, -13.2702655792],
        "cov": [[9061.06738281, -274.373657227, -2221.54638672, 471.994781494, 458.969024658, -371.693756104, 123.965522766, 198.335083008, -81.8595352173, 84.8929519653, -14.672668457, -223.359664917, -40.4469032288], [-274.373657227, 724.699523926, 359.532562256, -107.737045288, 54.6894035339, 30.1414337158, 86.4057617188, -56.76587677, 64.2256698608, -41.0377388, 70.8942642212, -38.6558036804, 46.6963348389], [-2221.54638672, 359.532562256, 2354.9609375, -108.469741821, -273.779815674, 413.355377197, -47.4851760864, 40.6797294617, 62.1415863037, -35.5376091003, -57.4365539551, 117.827278137, -96.1145706177], [471.994781494, -107.737045288, -108.469741821, 374.573394775, 217.711486816, 33.4838790894, 110.59690094, 56.8075904846, 22.4085559845, -8.895570755, -6.05328893661, -49.0945930481, -16.9062671661], [458.969024658, 54.6894035339, -273.779815674, 217.711486816, 400.457580566, 61.0003128052, 149.920516968, 67.3064117432, 36.9911727905, 5.74742794037, 26.8269023895, -68.4205856323, -8.21760845184], [-371.693756104, 30.1414337158, 413.355377197, 33.4838790894, 61.0003128052, 230.701019287, 79.3000411987, 39.8776397705, 45.7972755432, 6.85561990738, 3.5350215435, 40.6521682739, -22.9692516327], [123.965522766, 86.4057617188, -47.4851760864, 110.59690094, 149.920516968, 79.3000411987, 177.346237183, 59.0518188477, 52.6104660034, -5.9402256012, 18.0802097321, -34.0342330933, 12.4398937225], [198.335083008, -56.76587677, 40.6797294617, 56.8075904846, 67.3064117432, 39.8776397705, 59.0518188477, 127.220466614, 49.6147079468, 12.896197319, -29.6130599976, -28.4992599487, -24.4337348938], [-81.8595352173, 64.2256698608, 62.1415863037, 22.4085559845, 36.9911727905, 45.7972755432, 52.6104660034, 49.6147079468, 119.480194092, 24.3985557556, -0.357224583626, -34.3969688416, -5.58522129059], [84.8929519653, -41.0377388, -35.5376091003, -8.895570755, 5.74742794037, 6.85561990738, -5.9402256012, 12.896197319, 24.3985557556, 59.7262611389, 16.7178668976, 4.32279014587, -8.70101642609], [-14.672668457, 70.8942642212, -57.4365539551, -6.05328893661, 26.8269023895, 3.5350215435, 18.0802097321, -29.6130599976, -0.357224583626, 16.7178668976, 83.5528564453, 37.5590667725, 23.9377727509], [-223.359664917, -38.6558036804, 117.827278137, -49.0945930481, -68.4205856323, 40.6521682739, -34.0342330933, -28.4992599487, -34.3969688416, 4.32279014587, 37.5590667725, 114.708305359, 41.4712638855], [-40.4469032288, 46.6963348389, -96.1145706177, -16.9062671661, -8.21760845184, -22.9692516327, 12.4398937225, -24.4337348938, -5.58522129059, -8.70101642609, 23.9377727509, 41.4712638855, 87.1066894531]],
        "icov": [[0.000183759999345, -0.000270501419436, 0.000255787774222, -0.000324097811244, 0.000163374745171, -0.00013396741997, 0.000187805344467, -0.000522679358255, 0.000404922873713, -0.000392399000702, 0.000189219383174, -7.10736421752e-05, 0.000224931776756], [-0.000270501419436, 0.00420675938949, -0.00170723919291, 0.00265306187794, -0.00185472972225, 0.00193807692267, -0.00219850451685, 0.00294979824685, -0.00223287031986, 0.00314594921656, -0.00403812900186, 0.00357545074075, -0.00269362377003], [0.000255787774222, -0.00170723919291, 0.00173864129465, -0.00135931372643, 0.00163651909679, -0.00282448949292, 0.00174413470086, -0.0018491090741, 0.000849277595989, -0.000371777481632, 0.00129463255871, -0.00111563515384, 0.00152312743012], [-0.000324097811244, 0.00265306187794, -0.00135931372643, 0.00607394520193, -0.00341495196335, 0.00239827507176, -0.00324379489757, 0.00224945484661, -0.0017311682459, 0.00250002834946, -0.001075037173, 0.000878200051375, -0.000473241292639], [0.000163374745171, -0.00185472972225, 0.00163651909679, -0.00341495196335, 0.0070634461008, -0.00451257126406, 0.000542339053936, -0.00342250103131, 0.00283307861537, -0.00127652252559, -0.00208150409162, 0.00337075581774, -0.000326578272507], [-0.00013396741997, 0.00193807692267, -0.00282448949292, 0.00239827507176, -0.00451257126406, 0.0154699282721, -0.00892121065408, 0.00432967627421, -0.00513876741752, -0.000328735797666, 0.00382496439852, -0.010338912718, 0.00589869683608], [0.000187805344467, -0.00219850451685, 0.00174413470086, -0.00324379489757, 0.000542339053936, -0.00892121065408, 0.0171773396432, -0.00724071217701, 0.000954401737545, 0.00274332193658, -0.00535318534821, 0.00729293003678, -0.00589056545869], [-0.000522679358255, 0.00294979824685, -0.0018491090741, 0.00224945484661, -0.00342250103131, 0.00432967627421, -0.00724071217701, 0.0171609651297, -0.00662372866645, -0.000835355138406, 0.0057604778558, -0.0034762842115, 0.00280268141069], [0.000404922873713, -0.00223287031986, 0.000849277595989, -0.0017311682459, 0.00283307861537, -0.00513876741752, 0.000954401737545, -0.00662372866645, 0.0167807713151, -0.00759333372116, -0.00160732015502, 0.00789659004658, -0.00409628497437], [-0.000392399000702, 0.00314594921656, -0.000371777481632, 0.00250002834946, -0.00127652252559, -0.000328735797666, 0.00274332193658, -0.000835355138406, -0.00759333372116, 0.0261412542313, -0.0094360196963, 0.000943611434195, 0.00164130469784], [0.000189219383174, -0.00403812900186, 0.00129463255871, -0.001075037173, -0.00208150409162, 0.00382496439852, -0.00535318534821, 0.0057604778558, -0.00160732015502, -0.0094360196963, 0.0276982672513, -0.0169251859188, 0.00606573140249], [-7.10736421752e-05, 0.00357545074075, -0.00111563515384, 0.000878200051375, 0.00337075581774, -0.010338912718, 0.00729293003678, -0.0034762842115, 0.00789659004658, 0.000943611434195, -0.0169251859188, 0.032546594739, -0.0176787674427], [0.000224931776756, -0.00269362377003, 0.00152312743012, -0.000473241292639, -0.000326578272507, 0.00589869683608, -0.00589056545869, 0.00280268141069, -0.00409628497437, 0.00164130469784, 0.00606573140249, -0.0176787674427, 0.0244206301868]]
    },
    "melbands": {
        "dmean": [0.000506486161612, 0.00176519830711, 0.000204209980438, 6.75714327372e-05, 0.000249684788287, 0.000277018902125, 0.000159190894919, 0.000116052106023, 0.000183461364941, 5.33051716047e-05, 1.98858160729e-05, 1.11319595817e-05, 8.56519545778e-06, 8.12539110484e-06, 5.70124529986e-06, 3.59818932338e-06, 8.60063573782e-06, 6.81016535964e-06, 6.23783307674e-06, 9.60557918006e-06, 5.92441620029e-06, 6.28589396001e-06, 4.24628069595e-06, 2.99491648548e-06, 2.47505522566e-06, 1.8279622509e-06, 1.33899288812e-06, 1.07525966087e-06, 9.75714556262e-07, 1.19067397009e-06, 6.33491822555e-07, 2.53653411164e-07, 9.83099965879e-08, 4.89176592566e-08, 4.56138486982e-08, 3.87526064571e-08, 3.38411219047e-08, 2.16401776498e-08, 1.85254318552e-08, 1.59298334523e-08],
        "dmean2": [0.000702235556673, 0.00223978958093, 0.000291030417429, 0.000110452150693, 0.000388492248021, 0.000455995701486, 0.000260841712588, 0.000169305305462, 0.000261104374658, 7.21857431927e-05, 2.86534323095e-05, 1.66563913808e-05, 1.17522313303e-05, 1.17111248983e-05, 8.31208581076e-06, 5.14250632477e-06, 1.24786365632e-05, 1.01548594102e-05, 8.86196812644e-06, 1.36270009534e-05, 7.96639324108e-06, 8.15065050119e-06, 6.2941617216e-06, 4.26323549618e-06, 3.61500156032e-06, 2.73326372735e-06, 2.02444516617e-06, 1.52568941303e-06, 1.43778640904e-06, 1.69320594523e-06, 8.99791871234e-07, 3.77128486662e-07, 1.4630934686e-07, 7.58972618087e-08, 6.99061644127e-08, 5.83465649129e-08, 5.06163999603e-08, 3.25059232864e-08, 2.73661111549e-08, 2.40471269564e-08],
        "dvar": [2.18888271775e-06, 2.27227628784e-05, 3.35985561151e-07, 2.28171295191e-08, 2.30377978028e-07, 2.68842285323e-07, 1.28084394646e-07, 9.23643597162e-08, 1.83167117029e-07, 5.15403186796e-08, 6.50684084391e-09, 4.08826128506e-09, 1.20172860552e-09, 1.14481601976e-09, 5.10934516917e-10, 2.27694654797e-10, 9.50503897812e-10, 7.64648955265e-10, 9.26980492366e-10, 2.88793899905e-09, 5.28561416857e-10, 1.15278186996e-09, 4.46582937297e-10, 1.30199406811e-10, 9.39640518172e-11, 3.55636804727e-11, 2.70734580587e-11, 1.19245941246e-11, 1.80818034157e-11, 2.45102757535e-11, 1.25927679742e-11, 1.26093482444e-12, 1.87105756236e-13, 2.30392063798e-14, 1.21050401758e-14, 7.60953139286e-15, 1.16365047481e-14, 3.57722977691e-15, 3.51855241652e-15, 2.24280178983e-15],
        "dvar2": [4.25478810939e-06, 3.63291474059e-05, 5.98037217969e-07, 4.42655974098e-08, 5.44032047856e-07, 7.71078418893e-07, 3.52598590325e-07, 1.72188507008e-07, 3.43035281958e-07, 7.94582817321e-08, 1.14422311626e-08, 8.7339282473e-09, 1.80446135811e-09, 2.10479855767e-09, 8.57769966167e-10, 3.6727762498e-10, 1.61770419282e-09, 1.54338297698e-09, 1.43221479121e-09, 4.78976458496e-09, 8.01187949317e-10, 1.61208357774e-09, 7.93383914122e-10, 2.14957704414e-10, 1.57470439466e-10, 7.115204953e-11, 5.03571455368e-11, 2.24489888484e-11, 3.40927668041e-11, 4.32243650594e-11, 2.47137883075e-11, 2.40285157223e-12, 3.35098593839e-13, 5.09551100858e-14, 2.45190813589e-14, 1.50410283187e-14, 2.45808859649e-14, 6.60914355402e-15, 7.30663749312e-15, 4.5180851756e-15],
        "max": [0.0237600319088, 0.079128280282, 0.0152508597821, 0.00502353627235, 0.00725699961185, 0.00783751253039, 0.00616664346308, 0.00754957832396, 0.00974290911108, 0.0077496226877, 0.00216121715494, 0.00256593292579, 0.00104357802775, 0.00109880056698, 0.000590929354075, 0.000404417340178, 0.000705839251168, 0.00076555472333, 0.000943037506659, 0.00152980978601, 0.000708637118805, 0.00123386038467, 0.000616275297944, 0.00031808190397, 0.000308391929138, 0.000142021555803, 0.000141034470289, 8.29536002129e-05, 0.000144249992445, 0.000107640044007, 0.000115342852951, 2.24634186452e-05, 1.38673749461e-05, 3.57564999831e-06, 3.13886903314e-06, 1.5304773342e-06, 1.82154144568e-06, 1.06541040168e-06, 1.19591459224e-06, 8.68976769652e-07],
        "mean": [0.00144931860268, 0.00497268373147, 0.000566015485674, 0.000156978610903, 0.00068488944089, 0.000695906230249, 0.000413583155023, 0.000317923695548, 0.000686642946675, 0.000156983660418, 6.09151356912e-05, 2.90221923933e-05, 2.58929958363e-05, 2.26186020882e-05, 1.68316091731e-05, 8.13343558548e-06, 2.74723934126e-05, 1.75066070369e-05, 1.52963802975e-05, 3.32715317199e-05, 1.72697527887e-05, 1.59188766702e-05, 1.07510104499e-05, 7.38398512112e-06, 6.18466083324e-06, 4.96484017276e-06, 4.14341229771e-06, 3.15580223287e-06, 2.389295787e-06, 2.66794063464e-06, 1.22105450373e-06, 5.28620546447e-07, 1.85860798751e-07, 9.72044773562e-08, 9.19089160334e-08, 8.31321500527e-08, 6.62690311515e-08, 4.69752627907e-08, 3.66217882686e-08, 3.39122756543e-08],
        "median": [0.000211168182432, 0.000754328910261, 0.000131031032652, 7.06352147972e-05, 0.000170957995579, 0.000390364410123, 0.000108269654447, 9.93141657091e-05, 9.48965898715e-05, 2.74016947515e-05, 4.19350726588e-06, 3.22648884321e-06, 1.80292533969e-06, 2.21404434342e-06, 1.51095537149e-06, 6.27406677722e-07, 1.17511922326e-06, 1.3229932847e-06, 1.05514095594e-06, 3.78190179617e-07, 6.9116896384e-07, 5.86027852023e-07, 2.65463683036e-07, 2.88731541787e-07, 1.79330470473e-07, 2.25544127375e-07, 2.01606766836e-07, 1.49216788259e-07, 1.23742864844e-07, 1.37066663797e-07, 1.09166315099e-07, 8.02618274065e-08, 5.22918028878e-08, 4.37645226725e-08, 3.97946138264e-08, 3.49342812456e-08, 2.18743654301e-08, 1.40855362929e-08, 1.05881987622e-08, 1.09164304263e-08],
        "min": [6.7310826804e-24, 3.95078383515e-24, 6.96665705709e-24, 4.22470474044e-24, 7.69667130536e-24, 2.52783101229e-24, 4.88120267437e-24, 9.7458298034e-24, 5.6066273299e-24, 2.68197048886e-24, 3.41944617801e-24, 3.40791263714e-24, 3.82033819029e-24, 3.9145155606e-24, 4.51494717785e-24, 1.3006358966e-24, 4.60771879803e-24, 1.17435703476e-23, 1.06109775025e-23, 1.05896301375e-23, 4.12634246302e-24, 7.14633984977e-24, 8.22619497685e-24, 6.44935086887e-24, 5.91656959627e-24, 5.38105728721e-24, 1.00480408385e-23, 9.71624515287e-24, 7.26369316462e-24, 5.97237913873e-24, 9.22139980677e-24, 1.04012817078e-23, 9.9673032914e-24, 8.53687206715e-24, 7.74224853302e-24, 8.14606721926e-24, 9.52475074585e-24, 1.15563436781e-23, 8.67092241192e-24, 9.9752494873e-24],
        "var": [8.55611779116e-06, 0.000118525749713, 1.38913196679e-06, 1.59150175705e-07, 1.22897029087e-06, 8.5008429096e-07, 5.62685499972e-07, 4.15728607095e-07, 1.72401905729e-06, 3.62492954764e-07, 4.28007815856e-08, 1.49342014311e-08, 9.50161371804e-09, 3.86770260263e-09, 2.89736057368e-09, 9.35551636161e-10, 5.8986819873e-09, 1.93498062018e-09, 3.47735484851e-09, 2.24171365915e-08, 2.79517697876e-09, 4.87256013315e-09, 1.333564148e-09, 4.59375038009e-10, 2.7239624445e-10, 1.49582915498e-10, 1.84984735863e-10, 7.78349468211e-11, 4.83928522255e-11, 6.44632888736e-11, 2.25189606545e-11, 3.30307309282e-12, 4.4791194408e-13, 4.43326236452e-14, 2.79396612861e-14, 1.93424750771e-14, 2.30687407246e-14, 1.06494250674e-14, 7.84235533907e-15, 5.68512886439e-15]
    },
    "mfcc": {
        "mean": [-744.862548828, 159.903213501, 22.680973053, 36.6367759705, -1.70890569687, -4.18443918228, -11.9662771225, -6.29865407944, 2.20393323898, 7.61028766632, 5.67516756058, 8.71139144897, 2.3578248024],
        "cov": [[7625.56494141, -540.322021484, -2466.44335938, 874.22277832, -65.2184677124, -217.840194702, 169.684875488, -118.1043396, 118.091445923, 119.220932007, 22.163143158, 189.129837036, -252.378768921], [-540.322021484, 980.73223877, 522.936218262, -192.001464844, 7.26995706558, 55.8419799805, 2.08842539787, 15.5994300842, -46.5850486755, 37.1933555603, 58.1741867065, -83.8931274414, -12.9590730667], [-2466.44335938, 522.936218262, 1832.65820312, -333.325317383, 120.995292664, 186.921646118, -40.7570533752, 141.797271729, -25.4571819305, -5.65963220596, 97.5549850464, -84.5268707275, 51.2156105042], [874.22277832, -192.001464844, -333.325317383, 385.971405029, 96.1477279663, 27.6492290497, 105.333450317, 37.8114051819, 80.533821106, 47.9416885376, -4.16425037384, 72.3632736206, 1.60764300823], [-65.2184677124, 7.26995706558, 120.995292664, 96.1477279663, 189.727050781, 82.5433883667, 75.8197860718, 65.200958252, 44.8766822815, 34.1228637695, 19.8621559143, 20.5276050568, 46.5827140808], [-217.840194702, 55.8419799805, 186.921646118, 27.6492290497, 82.5433883667, 156.726593018, 71.3463897705, 66.613319397, 41.8776435852, 0.104989312589, 19.089017868, 27.3936233521, 36.7552261353], [169.684875488, 2.08842539787, -40.7570533752, 105.333450317, 75.8197860718, 71.3463897705, 149.411972046, 79.1496124268, 42.5865821838, 24.0270824432, 8.39683628082, 16.4669342041, 21.9789943695], [-118.1043396, 15.5994300842, 141.797271729, 37.8114051819, 65.200958252, 66.613319397, 79.1496124268, 129.716400146, 69.9820709229, 26.6349925995, 18.5473041534, 17.7209911346, 37.6365242004], [118.091445923, -46.5850486755, -25.4571819305, 80.533821106, 44.8766822815, 41.8776435852, 42.5865821838, 69.9820709229, 139.371292114, 72.2261734009, 16.7285747528, 48.0829200745, 31.1401443481], [119.220932007, 37.1933555603, -5.65963220596, 47.9416885376, 34.1228637695, 0.104989312589, 24.0270824432, 26.6349925995, 72.2261734009, 116.824356079, 46.3179550171, 20.074508667, 14.1432743073], [22.163143158, 58.1741867065, 97.5549850464, -4.16425037384, 19.8621559143, 19.089017868, 8.39683628082, 18.5473041534, 16.7285747528, 46.3179550171, 96.5262374878, 27.4737815857, -21.558265686], [189.129837036, -83.8931274414, -84.5268707275, 72.3632736206, 20.5276050568, 27.3936233521, 16.4669342041, 17.7209911346, 48.0829200745, 20.074508667, 27.4737815857, 107.27671051, 46.8574295044], [-252.378768921, -12.9590730667, 51.2156105042, 1.60764300823, 46.5827140808, 36.7552261353, 21.9789943695, 37.6365242004, 31.1401443481, 14.1432743073, -21.558265686, 46.8574295044, 135.277862549]],
