{
"lowlevel": {
    "average_loudness": 0.950576603413,
    "barkbands_crest": {
        "dmean": 2.70437026024,
        "dmean2": 4.43207883835,
        "dvar": 6.92673301697,
        "dvar2": 18.3386363983,
        "max": 25.1278572083,
        "mean": 9.16959571838,
        "median": 8.52356529236,
        "min": 2.15527224541,
        "var": 16.9620113373
    },
    "barkbands_flatness_db": {
        "dmean": 0.0260607525706,
        "dmean2": 0.0396465808153,
        "dvar": 0.000853020115755,
        "dvar2": 0.0019956829492,
        "max": 0.502104878426,
        "mean": 0.151918232441,
        "median": 0.140077188611,
        "min": 0.060754828155,
        "var": 0.00300766667351
    },
    "barkbands_kurtosis": {
        "dmean": 3.53922939301,
        "dmean2": 5.4230556488,
        "dvar": 60.2814445496,
        "dvar2": 125.824295044,
        "max": 150.71975708,
        "mean": 4.02827501297,
        "median": 0.439915418625,
        "min": -1.93196702003,
        "var": 117.689796448
    },
    "barkbands_skewness": {
        "dmean": 0.719706535339,
        "dmean2": 1.12009906769,
        "dvar": 0.725391149521,
        "dvar2": 1.65582072735,
        "max": 10.3489427567,
        "mean": 1.33187305927,
        "median": 1.11310613155,
        "min": -7.89932537079,
        "var": 2.38085412979
    },
    "barkbands_spread": {
        "dmean": 10.9215364456,
        "dmean2": 17.3851947784,
        "dvar": 172.945220947,
        "dvar2": 422.796386719,
        "max": 100.213005066,
        "mean": 34.4446678162,
        "median": 32.1677398682,
        "min": 0.703574895859,
        "var": 363.609283447
    },
    "dissonance": {
        "dmean": 0.0140528334305,
        "dmean2": 0.0232412125915,
        "dvar": 0.000256649160292,
        "dvar2": 0.000663696206175,
        "max": 0.499999910593,
        "mean": 0.475209146738,
        "median": 0.480729669333,
        "min": 0.203970342875,
        "var": 0.000467873382149
    },
    "dynamic_complexity": 3.73094391823,
    "erbbands_crest": {
        "dmean": 2.50439095497,
        "dmean2": 4.00756978989,
        "dvar": 6.38747358322,
        "dvar2": 15.5378732681,
        "max": 26.6844959259,
        "mean": 7.58009195328,
        "median": 6.49996614456,
        "min": 2.15974020958,
        "var": 15.6485719681
    },
    "erbbands_flatness_db": {
        "dmean": 0.0177460797131,
        "dmean2": 0.0256707984954,
        "dvar": 0.000369235582184,
        "dvar2": 0.000735668814741,
        "max": 0.427396029234,
        "mean": 0.167898967862,
        "median": 0.160655334592,
        "min": 0.0982777327299,
        "var": 0.00140109017957
    },
    "erbbands_kurtosis": {
        "dmean": 1.2734413147,
        "dmean2": 2.08773636818,
        "dvar": 21.6061038971,
        "dvar2": 60.0238647461,
        "max": 156.000167847,
        "mean": 0.360637456179,
        "median": -0.367642879486,
        "min": -1.90634131432,
        "var": 16.2384605408
    },
    "erbbands_skewness": {
        "dmean": 0.485371887684,
        "dmean2": 0.726006567478,
        "dvar": 0.359664171934,
        "dvar2": 0.842635929585,
        "max": 10.5572662354,
        "mean": -0.0991837233305,
        "median": -0.0756735950708,
        "min": -4.00461292267,
        "var": 0.845576107502
    },
    "erbbands_spread": {
        "dmean": 12.8455657959,
        "dmean2": 20.219455719,
        "dvar": 195.758987427,
        "dvar2": 474.362213135,
        "max": 180.427154541,
        "mean": 52.3265037537,
        "median": 49.157875061,
        "min": 2.63801145554,
        "var": 530.13684082
    },
    "hfc": {
        "dmean": 17.6550197601,
        "dmean2": 26.8162841797,
        "dvar": 1409.81213379,
        "dvar2": 3635.83154297,
        "max": 351.009033203,
        "mean": 26.9589118958,
        "median": 12.7319478989,
        "min": 0.000299669191008,
        "var": 1660.4744873
    },
    "melbands_crest": {
        "dmean": 3.59872627258,
        "dmean2": 5.75743961334,
        "dvar": 10.3129673004,
        "dvar2": 25.773355484,
        "max": 32.4986114502,
        "mean": 13.9967393875,
        "median": 13.2651796341,
        "min": 3.20477581024,
        "var": 26.3551464081
    },
    "melbands_flatness_db": {
        "dmean": 0.0347842387855,
        "dmean2": 0.0530702397227,
        "dvar": 0.0015337934019,
        "dvar2": 0.00374481640756,
        "max": 0.620193660259,
        "mean": 0.164398416877,
        "median": 0.150736391544,
        "min": 0.0211215447634,
        "var": 0.00592759996653
    },
    "melbands_kurtosis": {
        "dmean": 11.5935144424,
        "dmean2": 18.6719112396,
        "dvar": 540.393371582,
        "dvar2": 1282.35437012,
        "max": 417.124633789,
        "mean": 18.7564430237,
        "median": 8.33425712585,
        "min": -1.91262245178,
        "var": 900.632202148
    },
    "melbands_skewness": {
        "dmean": 1.06510031223,
        "dmean2": 1.68662631512,
        "dvar": 1.66769587994,
        "dvar2": 4.12038707733,
        "max": 16.2425346375,
        "mean": 3.13986110687,
        "median": 2.72281694412,
        "min": -4.21097278595,
        "var": 4.71131515503
    },
    "melbands_spread": {
        "dmean": 17.0350418091,
        "dmean2": 27.8517227173,
        "dvar": 594.679870605,
        "dvar2": 1497.5189209,
        "max": 275.683197021,
        "mean": 39.3125991821,
        "median": 30.5336036682,
        "min": 0.603834152222,
        "var": 1258.92407227
    },
    "pitch_salience": {
        "dmean": 0.079373434186,
        "dmean2": 0.130908593535,
        "dvar": 0.00605004187673,
        "dvar2": 0.0167179144919,
        "max": 0.878872811794,
        "mean": 0.563627779484,
        "median": 0.572476744652,
        "min": 0.108913496137,
        "var": 0.0126735065132
    },
    "silence_rate_20dB": {
        "dmean": 0,
        "dmean2": 0,
        "dvar": 0,
        "dvar2": 0,
        "max": 1,
        "mean": 1,
        "median": 1,
        "min": 1,
        "var": 0
    },
    "silence_rate_30dB": {
        "dmean": 0.0193648338318,
        "dmean2": 0.0387446731329,
        "dvar": 0.0189896337688,
        "dvar2": 0.0535167604685,
        "max": 1,
        "mean": 0.988772749901,
        "median": 1,
        "min": 0,
        "var": 0.0111010586843
    },
    "silence_rate_60dB": {
        "dmean": 0.0395042598248,
        "dmean2": 0.0790391340852,
        "dvar": 0.0379453785717,
        "dvar2": 0.0844123587012,
        "max": 1,
        "mean": 0.10336817801,
        "median": 0,
        "min": 0,
        "var": 0.0926817879081
    },
    "spectral_centroid": {
        "dmean": 459.034118652,
        "dmean2": 730.592773438,
        "dvar": 306281.53125,
        "dvar2": 744027.1875,
        "max": 6261.125,
        "mean": 1880.21472168,
        "median": 1816.97558594,
        "min": 139.693634033,
        "var": 918348.8125
    },
    "spectral_complexity": {
        "dmean": 5.23625087738,
        "dmean2": 7.12979459763,
        "dvar": 40.9822654724,
        "dvar2": 72.8757858276,
        "max": 63,
        "mean": 17.3344955444,
        "median": 14,
        "min": 0,
        "var": 185.04095459
    },
    "spectral_decrease": {
        "dmean": 2.882119432e-09,
        "dmean2": 4.74118833083e-09,
        "dvar": 4.02805757061e-17,
        "dvar2": 1.07448081505e-16,
        "max": -9.63315188794e-14,
        "mean": -4.87617102252e-09,
        "median": -3.15280246355e-09,
        "min": -5.94952105359e-08,
        "var": 3.84633326922e-17
    },
    "spectral_energy": {
        "dmean": 0.0121346218511,
        "dmean2": 0.0196558292955,
        "dvar": 0.00068767456105,
        "dvar2": 0.0017971318448,
        "max": 0.233273789287,
        "mean": 0.0208490863442,
        "median": 0.013544918038,
        "min": 3.90757691093e-07,
        "var": 0.000691382039804
    },
    "spectral_energyband_high": {
        "dmean": 0.00219327188097,
        "dmean2": 0.00350097054616,
        "dvar": 2.85798359982e-05,
        "dvar2": 7.58376045269e-05,
        "max": 0.0488170608878,
        "mean": 0.00260005914606,
        "median": 0.000755803834181,
        "min": 1.94881195625e-08,
        "var": 2.81638876913e-05
    },
    "spectral_energyband_low": {
        "dmean": 0.00740022165701,
        "dmean2": 0.0128861004487,
        "dvar": 0.000423740362749,
        "dvar2": 0.00118260772433,
        "max": 0.21505536139,
        "mean": 0.00861906446517,
        "median": 0.00425836350769,
        "min": 1.71729794829e-08,
        "var": 0.000300189887639
    },
    "spectral_energyband_middle_high": {
        "dmean": 0.00168778549414,
        "dmean2": 0.00247751222923,
        "dvar": 7.34695640858e-06,
        "dvar2": 1.61177085829e-05,
        "max": 0.0429914742708,
        "mean": 0.00386885437183,
        "median": 0.00196464546025,
        "min": 4.6833818601e-08,
        "var": 2.17871656787e-05
    },
    "spectral_energyband_middle_low": {
        "dmean": 0.00376759818755,
        "dmean2": 0.00604995666072,
        "dvar": 3.65065243386e-05,
        "dvar2": 8.8868830062e-05,
        "max": 0.0894869491458,
        "mean": 0.00706470850855,
        "median": 0.0044215079397,
        "min": 5.67173863431e-08,
        "var": 7.15068308637e-05
    },
    "spectral_entropy": {
        "dmean": 0.188825577497,
        "dmean2": 0.264127612114,
        "dvar": 0.0571452528238,
        "dvar2": 0.11522166431,
        "max": 8.6493473053,
        "mean": 7.83220720291,
        "median": 7.89706611633,
        "min": 4.3339176178,
        "var": 0.17235006392
    },
    "spectral_flux": {
        "dmean": 0.0309657808393,
        "dmean2": 0.0467866957188,
        "dvar": 0.00218880129978,
        "dvar2": 0.004163029138,
        "max": 0.446651905775,
        "mean": 0.0814533904195,
        "median": 0.0648369863629,
        "min": 0.000625106156804,
        "var": 0.00413539400324
    },
    "spectral_kurtosis": {
        "dmean": 1.06466472149,
        "dmean2": 1.75985610485,
        "dvar": 6.92943239212,
        "dvar2": 18.6040115356,
        "max": 92.1332168579,
        "mean": 1.21098542213,
        "median": 0.834386825562,
        "min": -1.18839406967,
        "var": 5.93491172791
    },
    "spectral_rms": {
        "dmean": 0.00103891128674,
        "dmean2": 0.00155633827671,
        "dvar": 2.54232054431e-06,
        "dvar2": 5.9944682107e-06,
        "max": 0.0150858936831,
        "mean": 0.00393168721348,
        "median": 0.00363518274389,
        "min": 1.95250358956e-05,
        "var": 4.88241630592e-06
    },
    "spectral_rolloff": {
        "dmean": 1201.62902832,
        "dmean2": 2067.46240234,
        "dvar": 2858294,
        "dvar2": 7040104.5,
        "max": 9560.7421875,
        "mean": 2657.31347656,
        "median": 1851.85546875,
        "min": 107.666015625,
        "var": 5629966.5
    },
    "spectral_skewness": {
        "dmean": 0.22335550189,
        "dmean2": 0.346437782049,
        "dvar": 0.0960913971066,
        "dvar2": 0.224017769098,
        "max": 8.26135540009,
        "mean": 0.860721230507,
        "median": 0.858081579208,
        "min": -0.286841601133,
        "var": 0.188924461603
    },
    "spectral_spread": {
        "dmean": 647227.8125,
        "dmean2": 930426.8125,
        "dvar": 529663229952,
        "dvar2": 1.08577849344e+12,
        "max": 11057425,
        "mean": 5071818.5,
        "median": 4802676.5,
        "min": 1502853,
        "var": 1.51366991872e+12
    },
    "spectral_strongpeak": {
        "dmean": 0.456617325544,
        "dmean2": 0.787361860275,
        "dvar": 1.1695997715,
        "dvar2": 3.07670927048,
        "max": 19.5543708801,
        "mean": 0.638712108135,
        "median": 0.291229516268,
        "min": 0,
        "var": 1.47496664524
    },
    "zerocrossingrate": {
        "dmean": 0.0181308928877,
        "dmean2": 0.0206199977547,
        "dvar": 0.000387878943002,
        "dvar2": 0.000428389408626,
        "max": 0.35546875,
        "mean": 0.0918499976397,
        "median": 0.08447265625,
        "min": 0.005859375,
        "var": 0.00285170855932
    },
    "barkbands": {
        "dmean": [9.39902020036e-05, 0.00418950617313, 0.00285827065818, 0.00170328572858, 0.00157288985793, 0.000396906485548, 0.000338032172294, 0.000472489889944, 0.000599358230829, 0.000329630478518, 0.000199826055905, 0.000256186031038, 0.000380905315978, 0.000291338306852, 0.00026865984546, 0.000174173299456, 0.00017759281036, 0.000232101228903, 0.000223389855819, 0.000270519114565, 0.00066245807102, 0.000478699221276, 0.000616500445176, 0.000360167614417, 9.61561745498e-05, 6.81551384218e-08, 8.62652560496e-10],
        "dmean2": [0.000149066137965, 0.00751569354907, 0.00500823184848, 0.00288006151095, 0.00257134530693, 0.000636931101326, 0.00053211505292, 0.000745743745938, 0.000944337924011, 0.000494973617606, 0.000316094228765, 0.000402237928938, 0.000626734807156, 0.000462647381937, 0.000438839226263, 0.000282737717498, 0.000296910729958, 0.000400426739361, 0.000350042188074, 0.000457361136796, 0.00121261854656, 0.000822396832518, 0.000980954035185, 0.000530925462954, 0.000153139422764, 1.06810830403e-07, 1.6247932999e-09],
        "dvar": [3.59254102023e-08, 0.000162803204148, 6.49650392006e-05, 1.34320234793e-05, 8.17615909909e-06, 6.12354597251e-07, 9.51589299802e-07, 3.41309669238e-06, 5.72536919208e-06, 1.59605804129e-06, 2.23814183187e-07, 5.53593054065e-07, 9.48578019688e-07, 6.220772093e-07, 2.9598155038e-07, 9.44565030636e-08, 1.34414918307e-07, 2.30786483257e-07, 1.44246229183e-07, 3.61635585477e-07, 4.49360595667e-06, 1.67622408753e-06, 1.72555735389e-06, 5.32633350758e-07, 4.23525214899e-08, 2.15863432814e-14, 2.78365570112e-18],
        "dvar2": [8.49586569984e-08, 0.000463387987111, 0.000180683084182, 3.63813742297e-05, 2.06614768103e-05, 1.41495445405e-06, 2.31459284805e-06, 8.27291387395e-06, 1.15644297694e-05, 3.53474092663e-06, 5.50265667698e-07, 1.43411682529e-06, 2.47202888204e-06, 1.37209622153e-06, 7.32859234631e-07, 2.4903835083e-07, 3.80051233151e-07, 6.68425911954e-07, 3.3756373341e-07, 9.7761858342e-07, 1.2943089132e-05, 4.65585935672e-06, 4.24021482104e-06, 1.19838136925e-06, 1.09278026628e-07, 5.25482672512e-14, 9.13148418281e-18],
        "max": [0.00292765838094, 0.128266364336, 0.106317058206, 0.0369755513966, 0.0421412847936, 0.016767911613, 0.023058662191, 0.0348317623138, 0.0860199481249, 0.0430292524397, 0.0114048290998, 0.0160567462444, 0.0195643398911, 0.0239179171622, 0.0111876092851, 0.00474170781672, 0.00553748989478, 0.00560599844903, 0.005351530388, 0.00616499455646, 0.0177765153348, 0.0132613917813, 0.0156860444695, 0.0122882463038, 0.00183545332402, 1.80848962827e-06, 2.64207375977e-08],
        "mean": [0.000132953733555, 0.00428715813905, 0.00300614652224, 0.00207072729245, 0.00236719031818, 0.000606378773227, 0.000444354722276, 0.000593613833189, 0.000808939570561, 0.000488369259983, 0.00028638378717, 0.000382143218303, 0.00052019522991, 0.000458437658381, 0.000377249903977, 0.000262883317191, 0.000271253375104, 0.000317155412631, 0.000384103652323, 0.000373619550373, 0.000569066265598, 0.000566483766306, 0.000725830963347, 0.00045455165673, 9.38193115871e-05, 7.41136503279e-08, 6.83550827052e-10],
        "median": [4.26094775321e-05, 0.00150429597124, 0.00129210285377, 0.000916363089345, 0.000985376886092, 0.000256774394074, 0.000117480725748, 0.000126629660372, 0.000148026912939, 0.000118729149108, 8.11145291664e-05, 0.000100548561022, 0.000159096496645, 0.000120802229503, 0.000148704566527, 0.000109450913442, 0.000103853948531, 0.000113375179353, 0.000137646333314, 0.000124114376376, 0.000101655830804, 0.000141547701787, 0.000172177198692, 0.000127973820781, 1.87598634511e-05, 1.45890206582e-08, 2.22012838669e-10],
        "min": [1.02300412586e-09, 3.66328123391e-09, 2.01902872199e-09, 2.12350470541e-09, 3.0634570436e-09, 6.62864207968e-10, 6.45465736415e-10, 3.31506733176e-09, 2.75190026322e-09, 1.05636208114e-10, 1.13763121146e-09, 9.21824630518e-11, 1.08389985876e-09, 1.98432958953e-09, 5.89037618681e-09, 9.77098540966e-11, 1.18916232417e-09, 2.7027948768e-09, 6.27196872216e-09, 2.27139906883e-09, 6.84914069904e-10, 6.6466925297e-09, 4.04239397511e-09, 3.35028627063e-09, 4.40559450032e-10, 1.45307897659e-11, 2.5409696916e-11],
        "var": [4.96435461628e-08, 0.000105524464743, 4.51851628895e-05, 1.42252047226e-05, 1.51151334649e-05, 1.23856875689e-06, 1.28046406189e-06, 4.3052205001e-06, 1.4913753148e-05, 2.44573539021e-06, 3.94327571485e-07, 8.9328256081e-07, 1.19182641356e-06, 1.44758257647e-06, 4.90600598368e-07, 1.7082167858e-07, 2.21978481818e-07, 2.70107051392e-07, 3.16162896752e-07, 3.83058363695e-07, 2.81638745037e-06, 1.524642812e-06, 2.30909472521e-06, 7.62704416957e-07, 4.04355375849e-08, 2.46024412594e-14, 1.89392244987e-18]
    },
    "erbbands": {
        "dmean": [0.0796419903636, 1.10294294357, 3.37634181976, 4.43212080002, 5.27905464172, 5.55895853043, 4.76008987427, 2.81667137146, 4.8720369339, 5.17378520966, 13.0018892288, 13.5135173798, 9.14603996277, 8.62731933594, 8.65630149841, 10.4250516891, 16.2046890259, 15.8341693878, 12.9163503647, 12.4642362595, 8.36020374298, 8.77548408508, 12.1319036484, 11.5752363205, 11.8819217682, 13.9277601242, 24.6263275146, 21.7148838043, 13.4616909027, 23.9796123505, 14.3206090927, 8.49370193481, 6.44060516357, 1.88939297199, 0.100575938821, 0.00455725379288, 0.000312274205498, 5.25729701621e-05, 1.94230542547e-05, 1.90508180822e-05],
        "dmean2": [0.132661238313, 2.00397825241, 5.95683479309, 7.51892280579, 8.97987651825, 8.83934402466, 7.52281904221, 4.44598197937, 7.63453626633, 8.01141452789, 20.0128002167, 21.5096740723, 14.1330289841, 13.3768386841, 13.5267896652, 16.477930069, 26.5984573364, 25.0351772308, 20.7948055267, 20.5925235748, 13.4104661942, 14.591501236, 20.5348014832, 19.0958271027, 18.5981826782, 24.3038692474, 45.2553787231, 38.9773178101, 22.7752075195, 39.2128829956, 22.0914402008, 12.4729986191, 9.87568950653, 2.8946018219, 0.158199027181, 0.00708680227399, 0.000471379578812, 7.81303824624e-05, 2.90386888082e-05, 2.96875678032e-05],
        "dvar": [0.0386011488736, 12.1109352112, 99.703704834, 96.2508392334, 104.029624939, 155.579208374, 83.39503479, 28.9153022766, 184.208023071, 261.591461182, 2730.35620117, 3679.02783203, 1747.93859863, 537.716308594, 457.555389404, 723.090576172, 1735.04785156, 1744.18652344, 903.035522461, 559.76184082, 206.208175659, 271.429351807, 619.866577148, 544.993652344, 416.723602295, 1129.0604248, 6203.18505859, 4185.24560547, 1215.19458008, 3645.53881836, 853.074768066, 288.600860596, 188.883972168, 15.4820795059, 0.0573304742575, 0.000105635692307, 4.10965611763e-07, 1.1457431448e-08, 1.58791735316e-09, 1.59037860659e-09],
        "dvar2": [0.104999162257, 34.5930862427, 277.53527832, 266.048614502, 293.646759033, 377.437927246, 210.808288574, 66.7696533203, 443.562469482, 492.452453613, 6397.04980469, 7763.02734375, 4193.44433594, 1151.57189941, 1140.37792969, 1728.11938477, 4352.75878906, 3932.99804688, 2104.28710938, 1513.05480957, 533.623718262, 751.432617188, 1832.60437012, 1407.07092285, 994.917480469, 3149.37475586, 17810.8046875, 11967.2490234, 3318.43164062, 9626.12597656, 1979.11743164, 634.131469727, 459.927368164, 38.4758224487, 0.142786040902, 0.000259279302554, 9.94283141154e-07, 2.77073084476e-08, 3.87999588014e-09, 3.98867028295e-09],
        "max": [1.92018437386, 35.053352356, 103.243087769, 117.012130737, 97.7329177856, 237.084716797, 169.769592285, 81.5030670166, 321.087493896, 474.577880859, 1108.29296875, 2374.6027832, 1543.45849609, 674.634399414, 387.789337158, 720.829467773, 800.220336914, 1186.42224121, 682.172241211, 360.505615234, 281.400695801, 209.871887207, 386.680084229, 384.855041504, 240.527069092, 327.012084961, 682.584838867, 514.142150879, 370.49911499, 846.237854004, 480.476135254, 299.013519287, 188.162109375, 43.3230476379, 3.06417989731, 0.122732184827, 0.00654556788504, 0.00120314513333, 0.000353501003701, 0.000300713058095],
        "mean": [0.105622775853, 1.03407633305, 3.36006355286, 5.69632101059, 6.66358470917, 8.36732387543, 7.23857307434, 4.37614011765, 6.46243333817, 7.49334812164, 17.0215492249, 18.3513259888, 13.5418376923, 13.4393672943, 13.7714233398, 16.7794952393, 24.0251312256, 25.6010417938, 19.9055461884, 18.4743728638, 13.7748804092, 13.9236545563, 17.764755249, 17.713552475, 20.3935012817, 18.3465747833, 21.6798057556, 20.7861557007, 17.1383953094, 27.1054821014, 17.9266452789, 11.1835422516, 7.16148710251, 2.01748657227, 0.101338967681, 0.00478710001335, 0.00035801238846, 6.3270177634e-05, 2.77454837487e-05, 3.15210163535e-05],
        "median": [0.0385376289487, 0.355903238058, 1.3628911972, 2.77415585518, 3.07905316353, 2.93172025681, 3.02002239227, 1.95839178562, 1.73775732517, 2.45120215416, 3.40067458153, 3.96028137207, 3.45583248138, 4.36782121658, 4.27116775513, 5.20503377914, 8.13014793396, 7.78440237045, 7.73478794098, 7.61578083038, 5.98688411713, 5.60923147202, 6.68756484985, 6.80333709717, 7.43266630173, 6.23462200165, 4.24086427689, 4.34422922134, 4.65651226044, 5.78802680969, 4.76206350327, 3.24268245697, 1.74048221111, 0.477022945881, 0.0179551001638, 0.000966268300544, 9.58523960435e-05, 1.8803653802e-05, 1.32993745865e-05, 1.91738436115e-05],
        "min": [1.09953056437e-07, 9.79673131951e-07, 8.67798462423e-06, 1.15786988317e-05, 5.03032606503e-06, 8.6517256932e-06, 1.54850422405e-05, 3.94019070882e-06, 1.49565703396e-05, 1.64972534549e-05, 8.28599513625e-05, 6.14505115664e-05, 1.72941126948e-05, 3.054899571e-05, 6.37066405034e-05, 2.55543291132e-05, 4.9349906476e-05, 8.96920173545e-05, 0.000400538236136, 5.10672944074e-05, 6.08705022387e-06, 5.56256818527e-05, 8.10051205917e-05, 0.000251440535067, 0.000406828010455, 0.000158743350767, 3.21914667438e-05, 2.65054204647e-05, 0.000139591851621, 0.000206415963476, 0.000202465424081, 9.8854819953e-05, 2.13833336602e-05, 1.48908002302e-05, 5.19376442298e-07, 7.85356277788e-08, 2.58408867637e-08, 1.36141551366e-08, 3.31816774057e-09, 9.19173737124e-10],
        "var": [0.0352842025459, 7.48816490173, 66.4966888428, 93.836517334, 114.24394989, 288.256469727, 156.140762329, 56.2977294922, 286.138153076, 471.720001221, 4191.66455078, 7250.50537109, 2342.52758789, 1011.34234619, 803.786560059, 1406.93920898, 2418.21337891, 4048.77807617, 1532.04418945, 889.084228516, 416.554931641, 484.468017578, 819.055236816, 827.167541504, 851.810852051, 1037.08374023, 3917.26049805, 2883.1237793, 1205.85070801, 4571.48291016, 1186.37878418, 459.967926025, 209.407546997, 16.6138401031, 0.0576994717121, 0.000112164671009, 4.7633631084e-07, 1.38207649769e-08, 1.87205051461e-09, 1.74656944463e-09]
    },
    "gfcc": {
        "mean": [-36.7774276733, 89.0726089478, -140.231948853, 76.2500762939, -78.2680511475, 35.5123176575, -37.451385498, -4.39336442947, -9.34199047089, -19.9585609436, 1.86542546749, -22.1096401215, -0.779246270657],
        "cov": [[8326.61621094, 40.2082328796, -476.199554443, -12.0694656372, -275.27041626, 107.932601929, -45.7957687378, 157.21572876, -123.794166565, 84.3819351196, 23.3547611237, 25.5920581818, -11.1038627625], [40.2082328796, 1641.96044922, 202.455963135, -7.77325820923, 348.136138916, -220.946792603, 183.531967163, -83.1582870483, 167.014007568, -104.984725952, 99.7958755493, -68.2119674683, 86.297164917], [-476.199554443, 202.455963135, 963.269836426, 384.999572754, 124.390670776, 98.9366989136, -21.7581329346, 34.8607559204, 48.8758163452, -2.36054468155, -25.6255893707, 11.8893651962, 5.50275564194], [-12.0694656372, -7.77325820923, 384.999572754, 545.229797363, 257.848175049, 75.8171310425, 72.8269958496, -14.6496133804, 85.4128189087, 0.430865228176, -28.4113082886, -4.50488901138, -26.0985279083], [-275.27041626, 348.136138916, 124.390670776, 257.848175049, 385.936340332, 100.01486969, 142.780151367, -29.9562721252, 103.405799866, -0.922740578651, 11.1411428452, -40.1890830994, -6.11721515656], [107.932601929, -220.946792603, 98.9366989136, 75.8171310425, 100.01486969, 350.243469238, 136.243423462, 57.0967254639, -0.736755728722, 58.112449646, -10.2750682831, -12.7120389938, -43.6480484009], [-45.7957687378, 183.531967163, -21.7581329346, 72.8269958496, 142.780151367, 136.243423462, 252.109268188, 53.7871246338, 66.8902740479, 2.39062190056, 24.2174663544, -30.5896377563, -31.5798549652], [157.21572876, -83.1582870483, 34.8607559204, -14.6496133804, -29.9562721252, 57.0967254639, 53.7871246338, 184.381759644, 51.7985572815, 27.5219116211, -10.7652235031, 8.88378715515, -14.8056764603], [-123.794166565, 167.014007568, 48.8758163452, 85.4128189087, 103.405799866, -0.736755728722, 66.8902740479, 51.7985572815, 166.559127808, 30.0622768402, 3.98840260506, -12.7274084091, 1.52268111706], [84.3819351196, -104.984725952, -2.36054468155, 0.430865228176, -0.922740578651, 58.112449646, 2.39062190056, 27.5219116211, 30.0622768402, 106.797721863, 31.8651542664, 5.43126296997, -4.71617031097], [23.3547611237, 99.7958755493, -25.6255893707, -28.4113082886, 11.1411428452, -10.2750682831, 24.2174663544, -10.7652235031, 3.98840260506, 31.8651542664, 94.002204895, 27.1778049469, 5.33665895462], [25.5920581818, -68.2119674683, 11.8893651962, -4.50488901138, -40.1890830994, -12.7120389938, -30.5896377563, 8.88378715515, -12.7274084091, 5.43126296997, 27.1778049469, 73.1503143311, 31.1367607117], [-11.1038627625, 86.297164917, 5.50275564194, -26.0985279083, -6.11721515656, -43.6480484009, -31.5798549652, -14.8056764603, 1.52268111706, -4.71617031097, 5.33665895462, 31.1367607117, 71.9487380981]],
        "icov": [[0.00018751018797, -0.000383370555937, 0.000402659672545, -0.000612573174294, 0.000606751651503, -0.000521269743331, 0.000462111580418, -0.000370489084162, 0.000308828952257, -0.000241515095695, 6.88717555022e-05, -3.56424206984e-05, 8.56603146531e-05], [-0.000383370555937, 0.00316814519465, -0.00212029460818, 0.00319806812331, -0.0035129156895, 0.00326681812294, -0.0029161949642, 0.00135309190955, -0.00167006975971, 0.00222898786888, -0.002438462805, 0.00241388636641, -0.00253760092892], [0.000402659672545, -0.00212029460818, 0.00328339752741, -0.00387680274434, 0.00295065552928, -0.00322276330553, 0.00320461648516, -0.00181106163654, 0.000926563341636, -0.000469027465442, 0.000340150174452, -0.000350163085386, 0.000353508861735], [-0.000612573174294, 0.00319806812331, -0.00387680274434, 0.00814233534038, -0.00659759668633, 0.00451326556504, -0.00405324110761, 0.00278430548497, -0.00214274739847, 0.000788971839938, 0.00109678460285, -0.00185682880692, 0.00110988900997], [0.000606751651503, -0.0035129156895, 0.00295065552928, -0.00659759668633, 0.0106302052736, -0.00564741808921, 0.00229470897466, -0.000266880815616, -0.000736968184356, -0.000448567065177, -0.000413650384871, 0.00181195547339, -0.00064897473203], [-0.000521269743331, 0.00326681812294, -0.00322276330553, 0.00451326556504, -0.00564741808921, 0.00965315848589, -0.00688041234389, 0.00124765373766, 0.00127323134802, -0.00279444246553, 0.0019216138171, -0.000944082275964, 0.000553536927328], [0.000462111580418, -0.0029161949642, 0.00320461648516, -0.00405324110761, 0.00229470897466, -0.00688041234389, 0.0118783190846, -0.00389043451287, -0.000862740445882, 0.00260250177234, -0.00342622678727, 0.00198640837334, 0.00187119748443], [-0.000370489084162, 0.00135309190955, -0.00181106163654, 0.00278430548497, -0.000266880815616, 0.00124765373766, -0.00389043451287, 0.00922428444028, -0.00381272216327, -0.000838767213281, 0.00245153484866, -0.00298185250722, 0.00152747298125], [0.000308828952257, -0.00167006975971, 0.000926563341636, -0.00214274739847, -0.000736968184356, 0.00127323134802, -0.000862740445882, -0.00381272216327, 0.0116168446839, -0.00565287424251, 0.00295188301243, -0.0007948197308, 0.000257784238784], [-0.000241515095695, 0.00222898786888, -0.000469027465442, 0.000788971839938, -0.000448567065177, -0.00279444246553, 0.00260250177234, -0.000838767213281, -0.00565287424251, 0.0176567230374, -0.0104555506259, 0.00588896498084, -0.00364841590635], [6.88717555022e-05, -0.002438462805, 0.000340150174452, 0.00109678460285, -0.000413650384871, 0.0019216138171, -0.00342622678727, 0.00245153484866, 0.00295188301243, -0.0104555506259, 0.0220695603639, -0.0138119291514, 0.00703093828633], [-3.56424206984e-05, 0.00241388636641, -0.000350163085386, -0.00185682880692, 0.00181195547339, -0.000944082275964, 0.00198640837334, -0.00298185250722, -0.0007948197308, 0.00588896498084, -0.0138119291514, 0.0287174731493, -0.0147084994242], [8.56603146531e-05, -0.00253760092892, 0.000353508861735, 0.00110988900997, -0.00064897473203, 0.000553536927328, 0.00187119748443, 0.00152747298125, 0.000257784238784, -0.00364841590635, 0.00703093828633, -0.0147084994242, 0.0243466757238]]
    },
    "melbands": {
        "dmean": [0.000936785538215, 0.00169112940785, 0.000777329434641, 0.000382261845516, 0.000182920135558, 6.63709070068e-05, 7.21004835214e-05, 6.4183404902e-05, 0.000120519980555, 7.75469306973e-05, 4.57189053122e-05, 3.69671142835e-05, 2.80239910353e-05, 2.93072134809e-05, 3.38104109687e-05, 3.58391698683e-05, 3.08640665025e-05, 2.20180663746e-05, 1.8061055016e-05, 1.54441822815e-05, 9.41220787354e-06, 9.27003475226e-06, 1.2038614841e-05, 1.19674814414e-05, 9.66272182268e-06, 9.24483629205e-06, 9.26225766307e-06, 8.97785412235e-06, 1.26840250232e-05, 2.05482228921e-05, 9.63706406765e-06, 5.74385558139e-06, 1.41245027407e-05, 1.28864712678e-05, 8.23094342195e-06, 7.36648098609e-06, 4.79184473079e-06, 4.88994373882e-06, 3.43771966982e-06, 9.53281869442e-07],
        "dmean2": [0.00164481566753, 0.0030204327777, 0.0013218272943, 0.000627947854809, 0.000285467307549, 0.000104668251879, 0.000113095054985, 9.86165396171e-05, 0.000187758007087, 0.000122471232316, 7.08915758878e-05, 5.65425179957e-05, 4.40713665739e-05, 4.60069350083e-05, 5.47871422896e-05, 5.87623871979e-05, 4.86995522806e-05, 3.56917116733e-05, 2.96636098938e-05, 2.56933981291e-05, 1.52940374392e-05, 1.57884151122e-05, 1.99031928787e-05, 2.08235087484e-05, 1.60678246175e-05, 1.4391811419e-05, 1.54263016157e-05, 1.56760179379e-05, 2.28515418712e-05, 3.86335668736e-05, 1.66453028214e-05, 9.31616523303e-06, 2.48479227594e-05, 2.09370155062e-05, 1.27976809381e-05, 1.13680025606e-05, 7.12634300726e-06, 7.56528424972e-06, 5.38743051948e-06, 1.4813559801e-06],
        "dvar": [7.12360997568e-06, 2.61092900473e-05, 2.89184731628e-06, 5.23370260908e-07, 1.15553802971e-07, 1.61225734985e-08, 4.09989233674e-08, 4.37270948339e-08, 2.32760669405e-07, 1.18792300441e-07, 4.49259545121e-08, 1.06508037945e-08, 4.11067313522e-09, 8.7205602739e-09, 5.37692645963e-09, 9.67846869315e-09, 7.30542071281e-09, 2.91154500509e-09, 1.18432963436e-09, 8.15615797123e-10, 3.07345815465e-10, 3.18804982413e-10, 6.9097211286e-10, 6.50767384425e-10, 4.04919486829e-10, 2.56002913313e-10, 3.43327921648e-10, 4.45104786362e-10, 1.43184475387e-09, 4.77527262177e-09, 6.29610197311e-10, 1.75189265872e-10, 1.68032354697e-09, 9.47979694743e-10, 2.71811323449e-10, 2.50390846945e-10, 9.85108591922e-11, 1.11172494821e-10, 5.45669204266e-11, 4.03508303159e-12],
        "dvar2": [2.00881495402e-05, 7.32362823328e-05, 7.97930442786e-06, 1.35942798352e-06, 2.80339946812e-07, 3.69236268227e-08, 9.97776652412e-08, 8.18307555051e-08, 5.12969847932e-07, 2.54068396544e-07, 1.06627872754e-07, 2.17951292569e-08, 1.01251176332e-08, 2.21934595146e-08, 1.24808936519e-08, 2.54085659179e-08, 1.5782223528e-08, 6.75205980016e-09, 2.9613587138e-09, 2.19922902112e-09, 8.17526490948e-10, 8.84387729716e-10, 2.00293537311e-09, 1.85396897834e-09, 1.03562791676e-09, 6.13765482882e-10, 8.95986895788e-10, 1.23989740697e-09, 4.04787492414e-09, 1.38633460267e-08, 1.73714409524e-09, 4.51780085564e-10, 4.75284434032e-09, 2.4527624376e-09, 6.22153328855e-10, 5.87879189773e-10, 2.22339868738e-10, 2.68964017724e-10, 1.37394484678e-10, 9.84544737404e-12],
        "max": [0.0272347554564, 0.0538358986378, 0.0177654400468, 0.0105637544766, 0.00699646724388, 0.00238715833984, 0.00460054073483, 0.0067667751573, 0.0131370536983, 0.0137699004263, 0.00785838533193, 0.00326318084262, 0.00126342871226, 0.00229971273802, 0.00101762777194, 0.00233546644449, 0.00273034838028, 0.00102043256629, 0.00049190223217, 0.000363163941074, 0.000404842896387, 0.000239339424297, 0.000442182907136, 0.000290411844617, 0.000374035676941, 0.00019495372544, 0.000243760136073, 0.000188582896953, 0.000345112784998, 0.000573914556298, 0.000197341796593, 0.000144062883919, 0.000395808165194, 0.000527350464836, 0.000265595386736, 0.000267604569672, 0.000224320639973, 0.000145406287629, 8.01988207968e-05, 1.97426634259e-05],
        "mean": [0.00107221351936, 0.00165584648494, 0.00101609295234, 0.000546664115973, 0.000289060786599, 0.000101713238109, 9.55512732617e-05, 8.79930594238e-05, 0.000159639777848, 0.000103689526441, 6.55259136693e-05, 5.48203897779e-05, 4.25068501499e-05, 4.32203560194e-05, 5.03245028085e-05, 4.96144639328e-05, 4.78618858324e-05, 3.15251709253e-05, 2.58590298472e-05, 2.24271989282e-05, 1.48336339407e-05, 1.35143236548e-05, 1.73736425495e-05, 1.53869568749e-05, 1.37709876071e-05, 1.56576697918e-05, 1.32621271405e-05, 1.15196889965e-05, 1.21219118228e-05, 1.54346380441e-05, 1.07497808131e-05, 8.12795042293e-06, 1.41407335832e-05, 1.49677680383e-05, 1.03401025626e-05, 8.77216916706e-06, 6.13490692558e-06, 5.48806883671e-06, 3.47519176103e-06, 1.01589967016e-06],
        "median": [0.000389786000596, 0.000698477379046, 0.000527328113094, 0.000241518820985, 0.000112237452413, 4.23920937465e-05, 2.49811291724e-05, 2.59734079009e-05, 2.80937183561e-05, 2.22883245442e-05, 1.51270933202e-05, 1.61344360095e-05, 1.30846228785e-05, 1.12011448437e-05, 1.5763735064e-05, 1.50781306729e-05, 1.27855018945e-05, 1.09324155346e-05, 1.05255749077e-05, 8.73999215401e-06, 6.24143967798e-06, 5.33856155016e-06, 6.13144038653e-06, 5.18562501384e-06, 4.82468567498e-06, 5.07020831719e-06, 5.01589966007e-06, 3.52380379809e-06, 2.49281220022e-06, 2.27584268941e-06, 2.51561777986e-06, 2.36293885791e-06, 3.01976251649e-06, 3.079283033e-06, 2.76022615253e-06, 2.07626521842e-06, 1.74756144133e-06, 1.31419267291e-06, 7.82789413734e-07, 2.02981155439e-07],
        "min": [1.20329102238e-09, 3.45620110309e-09, 1.88095894416e-09, 4.02650496278e-10, 6.39088337806e-10, 8.00882138385e-11, 2.08472572538e-10, 2.69764488525e-10, 5.1302784243e-10, 3.70765834701e-10, 3.11213728399e-11, 8.6565726809e-11, 1.89743790124e-10, 2.41117247696e-11, 1.19705065305e-10, 7.57566162579e-11, 1.44959752535e-10, 6.64431565323e-10, 2.03669137111e-10, 9.15937724971e-12, 3.75315143547e-12, 3.55039227184e-11, 1.04648574528e-10, 9.76562233856e-11, 1.31881866539e-10, 5.69512492721e-11, 1.36270036921e-10, 7.95450580404e-11, 2.40292269589e-12, 1.26900174396e-11, 1.68361886932e-11, 2.83087789321e-11, 1.73626613087e-10, 4.26253858599e-11, 1.26940527534e-10, 8.13185491166e-11, 5.77021694315e-11, 2.53440958541e-13, 3.44608369618e-11, 3.95383378815e-12],
        "var": [5.06530523126e-06, 1.69146751432e-05, 2.79525374935e-06, 8.3433741338e-07, 2.57370373902e-07, 3.32668967928e-08, 6.00088156943e-08, 8.01253605687e-08, 4.37372989381e-07, 2.26250634228e-07, 6.09611348068e-08, 1.96947205211e-08, 7.51903517227e-09, 1.27982406894e-08, 1.05273603168e-08, 1.12494369375e-08, 1.76194152601e-08, 4.4544368194e-09, 2.043675007e-09, 1.30727195735e-09, 5.67661473383e-10, 4.90060381164e-10, 1.05612052437e-09, 6.98688717993e-10, 6.00539840079e-10, 5.78741499169e-10, 4.21929435834e-10, 4.25668694737e-10, 9.91113635607e-10, 2.76426792567e-09, 5.53201096043e-10, 2.24495588785e-10, 1.28795163423e-09, 1.46065171069e-09, 3.82384762743e-10, 3.2925459581e-10, 1.46372303167e-10, 1.25181615074e-10, 5.405894829e-11, 4.45548502606e-12]
    },
    "mfcc": {
        "mean": [-651.477844238, 75.6673583984, 13.4320554733, 24.066740036, 7.10300922394, 17.9397201538, -0.419206887484, 9.24303913116, -6.55753231049, 7.08401823044, -2.29455280304, -1.45701622963, -6.27764844894],
        "cov": [[8799.6875, -140.847015381, -477.967651367, -171.110717773, -298.915802002, -98.0892715454, 35.5972251892, 6.29321861267, -67.2976989746, 16.9501724243, -59.6382293701, 49.354511261, 24.0710678101], [-140.847015381, 1517.47106934, -35.023021698, 165.09173584, 68.9683837891, -39.6444854736, 15.1998271942, 27.6516361237, 12.6426620483, 41.0593605042, -0.142696976662, -51.2283172607, 34.3528709412], [-477.967651367, -35.023021698, 798.455871582, 201.613342285, 180.608795166, 62.8339881897, 26.2716560364, 40.8172187805, 53.899181366, -20.4846782684, 17.4285793304, 33.6079940796, 3.60600972176], [-171.110717773, 165.09173584, 201.613342285, 524.921875, 215.98588562, 107.205070496, -14.3716020584, 53.1360969543, 61.3844299316, 15.4148674011, -0.593570709229, 40.5070457458, 33.4955444336], [-298.915802002, 68.9683837891, 180.608795166, 215.98588562, 270.957275391, 134.922912598, 19.8009986877, 30.8635921478, 65.298789978, 28.8202438354, 17.5042877197, 19.8144950867, 22.5491676331], [-98.0892715454, -39.6444854736, 62.8339881897, 107.205070496, 134.922912598, 315.401794434, 134.06288147, 57.6702003479, 55.5549888611, 59.0796699524, 35.4320983887, 41.0824241638, 2.09859275818], [35.5972251892, 15.1998271942, 26.2716560364, -14.3716020584, 19.8009986877, 134.06288147, 200.705429077, 81.7211914062, 28.0650939941, 39.8657226562, 37.5680618286, 30.1793727875, 8.47525787354], [6.29321861267, 27.6516361237, 40.8172187805, 53.1360969543, 30.8635921478, 57.6702003479, 81.7211914062, 163.215637207, 79.4394378662, 42.5103225708, 30.5960197449, 28.7760543823, 17.886423111], [-67.2976989746, 12.6426620483, 53.899181366, 61.3844299316, 65.298789978, 55.5549888611, 28.0650939941, 79.4394378662, 153.782852173, 60.7374420166, 39.8499984741, 26.192565918, 13.1670999527], [16.9501724243, 41.0593605042, -20.4846782684, 15.4148674011, 28.8202438354, 59.0796699524, 39.8657226562, 42.5103225708, 60.7374420166, 133.058029175, 61.8444099426, 24.6807956696, 11.0101299286], [-59.6382293701, -0.142696976662, 17.4285793304, -0.593570709229, 17.5042877197, 35.4320983887, 37.5680618286, 30.5960197449, 39.8499984741, 61.8444099426, 105.733818054, 36.5197906494, 14.4713506699], [49.354511261, -51.2283172607, 33.6079940796, 40.5070457458, 19.8144950867, 41.0824241638, 30.1793727875, 28.7760543823, 26.192565918, 24.6807956696, 36.5197906494, 104.26965332, 31.1071147919], [24.0710678101, 34.3528709412, 3.60600972176, 33.4955444336, 22.5491676331, 2.09859275818, 8.47525787354, 17.886423111, 13.1670999527, 11.0101299286, 14.4713506699, 31.1071147919, 77.0504226685]],
