{
"lowlevel": {
    "average_loudness": 0.475359082222,
    "barkbands_crest": {
        "dmean": 3.1340637207,
        "dmean2": 5.11346673965,
        "dvar": 9.47682571411,
        "dvar2": 22.1310501099,
        "max": 26.8943042755,
        "mean": 15.7797994614,
        "median": 15.1275787354,
        "min": 3.82211112976,
        "var": 30.1278839111
    },
    "barkbands_flatness_db": {
        "dmean": 0.0461286827922,
        "dmean2": 0.0618656277657,
        "dvar": 0.00201047048904,
        "dvar2": 0.00327909528278,
        "max": 0.547512471676,
        "mean": 0.303817987442,
        "median": 0.306520551443,
        "min": 0.0501374006271,
        "var": 0.00953835621476
    },
    "barkbands_kurtosis": {
        "dmean": 18.7218818665,
        "dmean2": 29.5851459503,
        "dvar": 1226.3026123,
        "dvar2": 2781.94384766,
        "max": 491.894439697,
        "mean": 29.7207050323,
        "median": 15.8511486053,
        "min": -1.75490701199,
        "var": 2039.70947266
    },
    "barkbands_skewness": {
        "dmean": 1.33576726913,
        "dmean2": 2.0690600872,
        "dvar": 2.58510875702,
        "dvar2": 5.61249923706,
        "max": 18.5573120117,
        "mean": 2.36196279526,
        "median": 1.95132148266,
        "min": -5.28369140625,
        "var": 7.8136920929
    },
    "barkbands_spread": {
        "dmean": 3.5497405529,
        "dmean2": 5.58705806732,
        "dvar": 92.7186126709,
        "dvar2": 212.339523315,
        "max": 102.293830872,
        "mean": 5.17368888855,
        "median": 2.46882963181,
        "min": 0.0900252684951,
        "var": 102.633010864
    },
    "dissonance": {
        "dmean": 0.0575706698,
        "dmean2": 0.0925687924027,
        "dvar": 0.00337761524133,
        "dvar2": 0.00740820774809,
        "max": 0.500000119209,
        "mean": 0.357068896294,
        "median": 0.376429796219,
        "min": 0.11096060276,
        "var": 0.00986834987998
    },
    "dynamic_complexity": 8.99645137787,
    "erbbands_crest": {
        "dmean": 3.44673395157,
        "dmean2": 5.3440284729,
        "dvar": 12.8862686157,
        "dvar2": 25.3800601959,
        "max": 34.5685691833,
        "mean": 15.9305753708,
        "median": 14.771531105,
        "min": 2.212028265,
        "var": 56.6314620972
    },
    "erbbands_flatness_db": {
        "dmean": 0.0433652363718,
        "dmean2": 0.0596248693764,
        "dvar": 0.00210819835775,
        "dvar2": 0.00341064017266,
        "max": 0.514875471592,
        "mean": 0.254883319139,
        "median": 0.254522234201,
        "min": 0.0532535500824,
        "var": 0.012856178917
    },
    "erbbands_kurtosis": {
        "dmean": 9.8453912735,
        "dmean2": 15.8027763367,
        "dvar": 363.934204102,
        "dvar2": 767.325500488,
        "max": 320.392089844,
        "mean": 19.8340034485,
        "median": 8.95775032043,
        "min": -1.73966515064,
        "var": 1102.33532715
    },
    "erbbands_skewness": {
        "dmean": 0.918888509274,
        "dmean2": 1.40863716602,
        "dvar": 1.09047496319,
        "dvar2": 2.3468644619,
        "max": 14.913892746,
        "mean": 2.4077501297,
        "median": 2.02472925186,
        "min": -1.91235101223,
        "var": 3.81232953072
    },
    "erbbands_spread": {
        "dmean": 9.66992282867,
        "dmean2": 14.8894968033,
        "dvar": 296.816070557,
        "dvar2": 579.406066895,
        "max": 161.89755249,
        "mean": 20.8091087341,
        "median": 7.56210136414,
        "min": 0.382005125284,
        "var": 846.865722656
    },
    "hfc": {
        "dmean": 2.18322062492,
        "dmean2": 3.11473751068,
        "dvar": 32.0012588501,
        "dvar2": 56.1167640686,
        "max": 67.8635787964,
        "mean": 5.07921934128,
        "median": 0.798747122288,
        "min": 1.20640520397e-16,
        "var": 115.361862183
    },
    "melbands_crest": {
        "dmean": 3.43748450279,
        "dmean2": 5.45344161987,
        "dvar": 11.9442844391,
        "dvar2": 27.1754646301,
        "max": 35.1664161682,
        "mean": 18.6070919037,
        "median": 17.4629707336,
        "min": 2.34152317047,
        "var": 37.3921051025
    },
    "melbands_flatness_db": {
        "dmean": 0.0508061535656,
        "dmean2": 0.067949347198,
        "dvar": 0.00258714170195,
        "dvar2": 0.00426034908742,
        "max": 0.63612473011,
        "mean": 0.413652420044,
        "median": 0.419099658728,
        "min": 0.00399425672367,
        "var": 0.0107237268239
    },
    "melbands_kurtosis": {
        "dmean": 20.8327236176,
        "dmean2": 32.9051589966,
        "dvar": 1516.7800293,
        "dvar2": 3373.04223633,
        "max": 607.655944824,
        "mean": 36.0826873779,
        "median": 15.2718696594,
        "min": -1.79498791695,
        "var": 3680.32006836
    },
    "melbands_skewness": {
        "dmean": 1.26320409775,
        "dmean2": 1.96104252338,
        "dvar": 2.27447319031,
        "dvar2": 4.80581760406,
        "max": 19.6155643463,
        "mean": 2.45334219933,
        "median": 1.81998848915,
        "min": -4.8861451149,
        "var": 9.83768367767
    },
    "melbands_spread": {
        "dmean": 2.23731517792,
        "dmean2": 3.41717720032,
        "dvar": 44.7572631836,
        "dvar2": 69.604637146,
        "max": 145.916702271,
        "mean": 4.24108934402,
        "median": 2.82105088234,
        "min": 0.246060967445,
        "var": 48.7331199646
    },
    "pitch_salience": {
        "dmean": 0.0910565033555,
        "dmean2": 0.146689876914,
        "dvar": 0.00912983063608,
        "dvar2": 0.0207879263908,
        "max": 0.889371097088,
        "mean": 0.452583789825,
        "median": 0.477609843016,
        "min": 0.0482708960772,
        "var": 0.026609685272
    },
    "silence_rate_20dB": {
        "dmean": 0,
        "dmean2": 0,
        "dvar": 0,
        "dvar2": 0,
        "max": 1,
        "mean": 1,
        "median": 1,
        "min": 1,
        "var": 0
    },
    "silence_rate_30dB": {
        "dmean": 0.0108191650361,
        "dmean2": 0.0216550659388,
        "dvar": 0.0107022728771,
        "dvar2": 0.0227331146598,
        "max": 1,
        "mean": 0.979150593281,
        "median": 1,
        "min": 0,
        "var": 0.0204148422927
    },
    "silence_rate_60dB": {
        "dmean": 0.117465220392,
        "dmean2": 0.235112145543,
        "dvar": 0.103667847812,
        "dvar2": 0.227783918381,
        "max": 1,
        "mean": 0.455598443747,
        "median": 0,
        "min": 0,
        "var": 0.248029723763
    },
    "spectral_centroid": {
        "dmean": 109.432044983,
        "dmean2": 160.764144897,
        "dvar": 131608.515625,
        "dvar2": 180853.953125,
        "max": 10675.0976562,
        "mean": 422.733886719,
        "median": 340.380126953,
        "min": 107.793510437,
        "var": 156080.75
    },
    "spectral_complexity": {
        "dmean": 0.905718684196,
        "dmean2": 1.55452430248,
        "dvar": 1.16267335415,
        "dvar2": 2.55485725403,
        "max": 12,
        "mean": 3.36293435097,
        "median": 3,
        "min": 0,
        "var": 3.40806174278
    },
    "spectral_decrease": {
        "dmean": 1.36452560362e-09,
        "dmean2": 1.91935423111e-09,
        "dvar": 1.02446012808e-17,
        "dvar2": 1.77370072275e-17,
        "max": 8.31324350303e-29,
        "mean": -3.32870819797e-09,
        "median": -8.69427585481e-10,
        "min": -4.05108693258e-08,
        "var": 3.74926660218e-17
    },
    "spectral_energy": {
        "dmean": 0.00533810770139,
        "dmean2": 0.00750769441947,
        "dvar": 0.000157867529197,
        "dvar2": 0.000273464276688,
        "max": 0.158455908298,
        "mean": 0.0130239920691,
        "median": 0.00335099897347,
        "min": 1.06286908755e-20,
        "var": 0.00057765172096
    },
    "spectral_energyband_high": {
        "dmean": 2.13300427276e-05,
        "dmean2": 3.43800857081e-05,
        "dvar": 6.49165698974e-09,
        "dvar2": 1.62647229018e-08,
        "max": 0.00116626429372,
        "mean": 1.99891255761e-05,
        "median": 1.32757099891e-06,
        "min": 7.90503230322e-21,
        "var": 5.57267521017e-09
    },
    "spectral_energyband_low": {
        "dmean": 0.000737808237318,
        "dmean2": 0.00115153414663,
        "dvar": 1.62435742368e-06,
        "dvar2": 3.620850066e-06,
        "max": 0.0250614266843,
        "mean": 0.00144770066254,
        "median": 0.000648489105515,
        "min": 5.54580134205e-23,
        "var": 4.269575129e-06
    },
    "spectral_energyband_middle_high": {
        "dmean": 0.00011436593195,
        "dmean2": 0.000175877517904,
        "dvar": 1.24836367377e-06,
        "dvar2": 2.59829334937e-06,
        "max": 0.0360499881208,
        "mean": 0.000223419614485,
        "median": 1.2847567632e-05,
        "min": 1.42711374859e-21,
        "var": 3.92512492908e-06
    },
    "spectral_energyband_middle_low": {
        "dmean": 0.00494317198172,
        "dmean2": 0.00698595494032,
        "dvar": 0.000156887748744,
        "dvar2": 0.000269195996225,
        "max": 0.155746713281,
        "mean": 0.0116658480838,
        "median": 0.00147608830594,
        "min": 2.40176414499e-22,
        "var": 0.000570617441554
    },
    "spectral_entropy": {
        "dmean": 0.489463984966,
        "dmean2": 0.658492445946,
        "dvar": 0.250218987465,
        "dvar2": 0.394184201956,
        "max": 9.79854488373,
        "mean": 5.96455383301,
        "median": 5.8683719635,
        "min": 3.33663797379,
        "var": 1.27438259125
    },
    "spectral_flux": {
        "dmean": 0.0258891358972,
        "dmean2": 0.0436010621488,
        "dvar": 0.00175196235068,
        "dvar2": 0.00462203705683,
        "max": 0.377786934376,
        "mean": 0.0382530428469,
        "median": 0.0236279815435,
        "min": 1.0309553905e-10,
        "var": 0.00202747015283
    },
    "spectral_kurtosis": {
        "dmean": 13.9149742126,
        "dmean2": 20.9959220886,
        "dvar": 372.271514893,
        "dvar2": 730.089782715,
        "max": 186.002319336,
        "mean": 31.8350391388,
        "median": 18.8392829895,
        "min": -1.18823385239,
        "var": 1150.77832031
    },
    "spectral_rms": {
        "dmean": 0.000670768029522,
        "dmean2": 0.000937021046411,
        "dvar": 1.19572609947e-06,
        "dvar2": 1.96385303752e-06,
        "max": 0.0124334683642,
        "mean": 0.00264025316574,
        "median": 0.00180811155587,
        "min": 3.22016371901e-12,
        "var": 5.73538591198e-06
    },
    "spectral_rolloff": {
        "dmean": 260.427978516,
        "dmean2": 456.043518066,
        "dvar": 2168383.25,
        "dvar2": 5187781,
        "max": 19035.3515625,
        "mean": 493.651550293,
        "median": 366.064453125,
        "min": 86.1328125,
        "var": 1553897.5
    },
    "spectral_skewness": {
        "dmean": 1.00608193874,
        "dmean2": 1.45082497597,
        "dvar": 1.27197539806,
        "dvar2": 2.35796284676,
        "max": 11.648935318,
        "mean": 4.14458608627,
        "median": 3.71531772614,
        "min": 0.0355784147978,
        "var": 5.40141868591
    },
    "spectral_spread": {
        "dmean": 1043177.4375,
        "dmean2": 1534840.125,
        "dvar": 2.37891485696e+12,
        "dvar2": 3.7431893033e+12,
        "max": 39715620,
        "mean": 3798962.5,
        "median": 3016465.5,
        "min": 538270.3125,
        "var": 7.272136704e+12
    },
    "spectral_strongpeak": {
        "dmean": 0.338502019644,
        "dmean2": 0.501200973988,
        "dvar": 0.529203057289,
        "dvar2": 0.903734505177,
        "max": 7.90415000916,
        "mean": 0.829705953598,
        "median": 0.23157466948,
        "min": 0,
        "var": 1.94627475739
    },
    "zerocrossingrate": {
        "dmean": 0.00776759628206,
        "dmean2": 0.00944010447711,
        "dvar": 0.000544147915207,
        "dvar2": 0.000619592610747,
        "max": 0.5087890625,
        "mean": 0.0235053692013,
        "median": 0.0166015625,
        "min": 0.00341796875,
        "var": 0.000861084961798
    },
    "barkbands": {
        "dmean": [6.3206489358e-06, 0.000546883849893, 0.000207337725442, 0.000296669808449, 0.001259866287, 0.00151456368621, 0.00144753255881, 0.000594617798924, 0.000448330654763, 0.000196567780222, 8.6349373305e-06, 5.32900094186e-06, 5.80808955419e-06, 6.02256250204e-06, 3.51848780156e-06, 2.52708036896e-06, 3.52063216269e-06, 1.69744964751e-06, 1.69691452356e-06, 1.51588255903e-06, 2.88163823825e-06, 3.12590191243e-06, 3.87576756111e-06, 3.33621528625e-06, 1.87447312783e-06, 3.95721144741e-06, 2.08853975892e-06],
        "dmean2": [1.10904702524e-05, 0.000868422270287, 0.000335175922373, 0.000450080289738, 0.00176074926276, 0.00219695200212, 0.00225946702994, 0.00081889424473, 0.000668347347528, 0.000309834402287, 1.22828269014e-05, 8.49345087772e-06, 9.16644330573e-06, 8.85195913725e-06, 5.52283654542e-06, 3.98941210733e-06, 5.35898379894e-06, 2.65658400167e-06, 2.55269856098e-06, 2.34952744904e-06, 4.58820659333e-06, 5.0569456107e-06, 6.34784146314e-06, 5.30467377757e-06, 3.04543414131e-06, 6.78746528138e-06, 3.6441492739e-06],
        "dvar": [2.22683080309e-10, 1.20744266496e-06, 1.64041836115e-07, 1.20754816635e-06, 1.15581624414e-05, 5.72351818846e-05, 5.07388758706e-05, 1.65448855114e-05, 1.18043708426e-05, 6.8940116762e-06, 3.76924402801e-09, 3.92900656454e-10, 3.81125020432e-10, 5.31541588522e-10, 1.54264531704e-10, 7.33694632826e-11, 2.61212135255e-10, 3.33188893142e-11, 3.74381220469e-11, 3.00320115998e-11, 1.26080715313e-10, 1.28985155889e-10, 1.71581943098e-10, 1.39900938056e-10, 5.57650245425e-11, 5.4100302016e-10, 1.64858959817e-10],
        "dvar2": [6.30122398704e-10, 2.85055148197e-06, 4.0640958332e-07, 1.72681461663e-06, 1.7533378923e-05, 9.40761092352e-05, 0.000101568708487, 2.71011267614e-05, 2.34868439293e-05, 1.61628704518e-05, 7.31745330995e-09, 8.41120118e-10, 8.63437377152e-10, 8.66523741649e-10, 3.0049970845e-10, 1.76364339799e-10, 6.69563626765e-10, 7.606543867e-11, 7.86427242772e-11, 6.42398148565e-11, 3.09584385905e-10, 3.15381137872e-10, 4.06336408965e-10, 3.37976729936e-10, 1.37367589526e-10, 1.46968259784e-09, 4.4695436241e-10],
        "max": [0.000218122979277, 0.0140153877437, 0.00939777679741, 0.0250642076135, 0.0759999006987, 0.146254122257, 0.1510271281, 0.11295799166, 0.0688993111253, 0.0699188411236, 0.00222855643369, 0.000398339238018, 0.000287578121061, 0.000451028667158, 0.0002092407085, 0.000171367340954, 0.000378526019631, 9.30932728807e-05, 0.000120021257317, 6.81521487422e-05, 0.000169981751242, 0.000132725879666, 0.000132491608383, 0.000145624537254, 0.000128625848447, 0.000424587051384, 0.000194900028873],
        "mean": [6.48039440421e-06, 0.000910450704396, 0.000351022696123, 0.000504027178977, 0.00265366863459, 0.00290963216685, 0.00316704227589, 0.00117696588859, 0.000893076590728, 0.00037940981565, 1.26550166897e-05, 7.39968345442e-06, 8.15375369712e-06, 8.23380014481e-06, 4.46763260697e-06, 3.19569130625e-06, 3.94312746721e-06, 1.70265366251e-06, 1.76595085577e-06, 1.54586939516e-06, 2.58457589553e-06, 2.86543217953e-06, 3.76509365196e-06, 3.32841136697e-06, 1.82431097073e-06, 3.264097586e-06, 1.55301324867e-06],
        "median": [2.03664694709e-06, 0.000206871074624, 0.000140132731758, 8.95419652807e-05, 0.000193030980881, 8.8630040409e-05, 6.42409650027e-05, 1.19455862659e-05, 6.24291624263e-06, 2.66923643721e-06, 1.18251432468e-06, 9.10448079594e-07, 1.10227165351e-06, 9.59488033914e-07, 4.00786831278e-07, 3.84462680358e-07, 2.91310271905e-07, 3.03210100583e-07, 2.43064391725e-07, 1.61153309364e-07, 1.95000282588e-07, 1.98116794081e-07, 2.39311304995e-07, 2.09472560186e-07, 1.29533873405e-07, 1.54014742293e-07, 3.60336365191e-08],
        "min": [1.23665740364e-24, 3.95640880783e-23, 9.3161175468e-24, 8.63940584103e-24, 4.77513030713e-23, 8.6223708631e-23, 3.18849310628e-23, 2.55910201077e-23, 3.29699114192e-23, 1.82197397263e-22, 1.87889486233e-23, 3.40152467819e-23, 7.60339860074e-23, 1.10943807367e-22, 1.19174100476e-22, 1.69870505296e-22, 2.33715353384e-22, 1.82909050773e-22, 2.04062387501e-22, 3.04407640347e-22, 4.45890941793e-22, 4.80127404105e-22, 5.71133073948e-22, 8.42012459749e-22, 1.40777335307e-21, 1.71733600379e-21, 2.45147374161e-21],
        "var": [2.15329212794e-10, 2.33676632888e-06, 4.69434638717e-07, 3.82972348234e-06, 5.09356505063e-05, 0.000184324861038, 0.000197016022867, 5.25791911059e-05, 2.97460555885e-05, 1.75822297024e-05, 7.51732454063e-09, 7.84066145343e-10, 6.49934273067e-10, 1.15693032932e-09, 2.83382900479e-10, 1.2575389341e-10, 3.58865714922e-10, 3.34817243375e-11, 4.29195637364e-11, 3.32990648944e-11, 1.10622386251e-10, 1.14409190455e-10, 1.64133123759e-10, 1.32866120883e-10, 5.05099989612e-11, 3.68996611044e-10, 1.1084014262e-10]
    },
    "erbbands": {
        "dmean": [0.0106048462912, 0.139828175306, 0.255259275436, 0.551619768143, 2.18030166626, 4.87225914001, 7.70405006409, 14.2213850021, 20.5585689545, 19.4761886597, 10.8246603012, 10.4782409668, 9.60209751129, 0.838091552258, 0.37667298317, 0.233414590359, 0.26829752326, 0.251374870539, 0.256079316139, 0.154761642218, 0.179806828499, 0.151352122426, 0.0969764590263, 0.0823377370834, 0.0863221809268, 0.0710960626602, 0.104969419539, 0.110152043402, 0.108272664249, 0.119902573526, 0.11071498692, 0.0726182237267, 0.053771212697, 0.023206718266, 0.0130361262709, 0.0112625043839, 0.00706765893847, 0.0045196255669, 0.000211190839764, 8.92667685548e-06],
        "dmean2": [0.0169284772128, 0.221765339375, 0.407155573368, 0.841869950294, 3.25132727623, 6.66541910172, 10.732749939, 20.5991134644, 30.7373657227, 28.464838028, 15.9308509827, 14.486574173, 12.439458847, 1.23746573925, 0.517173945904, 0.356373935938, 0.425435811281, 0.379810005426, 0.389284312725, 0.232204303145, 0.276885360479, 0.23214431107, 0.15110886097, 0.126100078225, 0.132588461041, 0.110931016505, 0.169192939997, 0.170562565327, 0.172174856067, 0.194722279906, 0.180619180202, 0.115584455431, 0.0855012759566, 0.0373632088304, 0.021107736975, 0.0189597290009, 0.0120317004621, 0.00789682008326, 0.000376052834326, 1.37031565828e-05],
        "dvar": [0.000626502092928, 0.073402300477, 0.173815056682, 2.51975059509, 44.6908569336, 214.52583313, 1377.03405762, 6392.91699219, 12194.546875, 8659.87890625, 4889.26806641, 5402.39355469, 10854.8945312, 61.7587471008, 8.70091819763, 0.805404245853, 0.822481155396, 0.55233925581, 1.08115327358, 0.320908010006, 0.499145597219, 0.345022529364, 0.107748888433, 0.0925726220012, 0.0945148393512, 0.0676623210311, 0.24161273241, 0.144839152694, 0.149229735136, 0.18539096415, 0.13304913044, 0.0601230300963, 0.036884855479, 0.00747426971793, 0.00326239713468, 0.00326127163135, 0.00162551773246, 0.000825552153401, 1.87018952147e-06, 5.99149452274e-10],
        "dvar2": [0.00150145275984, 0.172575354576, 0.418815076351, 4.29605913162, 73.536857605, 325.589050293, 2497.69995117, 9688.24804688, 23552.8066406, 14133.7529297, 8012.29003906, 9242.83789062, 20329.9648438, 128.604751587, 16.5244312286, 1.6408302784, 1.84538042545, 1.16622030735, 1.88175189495, 0.546094477177, 1.30047738552, 0.870331764221, 0.24235868454, 0.204880908132, 0.203910857439, 0.142555251718, 0.604569673538, 0.342900902033, 0.358743160963, 0.46226477623, 0.309700846672, 0.144321873784, 0.0891714170575, 0.0181367024779, 0.00820963457227, 0.00870008859783, 0.00434390781447, 0.00225760461763, 5.14486418979e-06, 1.45474476909e-09],
        "max": [0.381378889084, 3.38462328911, 6.36004209518, 32.3934669495, 110.778190613, 427.281860352, 1190.84472656, 1869.47900391, 2411.08056641, 2331.89697266, 1436.82324219, 1819.68249512, 2750.37744141, 236.036209106, 110.919166565, 20.1489524841, 12.1940412521, 9.70227622986, 17.0498371124, 16.9065799713, 14.6937170029, 10.786195755, 5.25952339172, 6.14624881744, 4.43819093704, 3.56758904457, 8.64744472504, 4.44711208344, 4.84539270401, 5.04096126556, 3.64689230919, 2.59826993942, 2.66257119179, 1.05999779701, 1.0873311758, 0.838680446148, 0.741259455681, 0.518973469734, 0.0215650610626, 0.000350764981704],
        "mean": [0.0166631825268, 0.233705163002, 0.442497193813, 1.07577526569, 4.47520065308, 10.0390739441, 13.5655632019, 29.1461429596, 42.8110466003, 40.3775138855, 22.2851390839, 23.0902805328, 19.9645881653, 1.66336047649, 0.580715835094, 0.344097316265, 0.389473050833, 0.355196416378, 0.344890803099, 0.219346702099, 0.233430206776, 0.171600088477, 0.100124120712, 0.0874399840832, 0.0878230407834, 0.0736446380615, 0.0932611078024, 0.103185907006, 0.0987887308002, 0.107609644532, 0.110753908753, 0.0745076984167, 0.051833409816, 0.0224048104137, 0.0126004014164, 0.00964762922376, 0.00594038050622, 0.0034226255957, 0.000160303228768, 1.69961531356e-05],
        "median": [0.00295526138507, 0.0569101125002, 0.210568532348, 0.311213374138, 0.451063632965, 0.641091167927, 1.03920423985, 0.932522535324, 1.29239988327, 0.821252048016, 0.37750300765, 0.193956151605, 0.134728744626, 0.0783961862326, 0.0590776242316, 0.0471747852862, 0.0568550527096, 0.0610352754593, 0.0343171097338, 0.0211853384972, 0.0235156901181, 0.0178114380687, 0.0173380561173, 0.0130534218624, 0.010857950896, 0.00756863644347, 0.00749830249697, 0.007831688039, 0.00748848216608, 0.00645772088319, 0.00718611245975, 0.00497384741902, 0.0031253520865, 0.00157407694496, 0.000867840717547, 0.000554038677365, 0.000295026839012, 0.000102587808215, 9.83691188594e-06, 4.96861048305e-06],
        "min": [5.78248624556e-22, 1.06151393306e-20, 1.40404215458e-20, 2.52436232841e-20, 7.01537176632e-20, 2.09628130414e-19, 3.60990304715e-19, 8.49902023209e-19, 5.12356033307e-19, 7.24208517011e-19, 4.21470364834e-19, 5.89014738081e-19, 2.73646690833e-18, 4.96016869084e-18, 1.3570448024e-18, 1.4015625256e-18, 3.04065740872e-18, 5.02467016705e-18, 6.67962861656e-18, 7.15526367264e-18, 9.0435077344e-18, 1.23921383404e-17, 1.11344036016e-17, 9.82699501264e-18, 1.15372488317e-17, 1.26068322413e-17, 1.81178924667e-17, 1.78188385511e-17, 1.51212652616e-17, 1.70663308412e-17, 1.6985536802e-17, 1.58195909871e-17, 1.49121358048e-17, 1.03319738873e-17, 1.2878265769e-17, 7.65914405149e-18, 3.08976298578e-18, 1.25000483941e-18, 3.09920302943e-19, 3.90376742543e-20],
        "var": [0.00108502258081, 0.148086607456, 0.418538570404, 8.23227024078, 161.531799316, 969.882019043, 3220.75561523, 22876.6210938, 39721.0898438, 36341.9375, 16166.5078125, 18467.2382812, 32357.7949219, 188.54246521, 17.7377338409, 1.71960926056, 1.42676448822, 0.957160413265, 2.09071540833, 0.928786695004, 0.855050623417, 0.426932066679, 0.110582090914, 0.0982667803764, 0.104995764792, 0.0758836343884, 0.199349299073, 0.141924843192, 0.135977372527, 0.159459933639, 0.133799031377, 0.0593598820269, 0.0345751829445, 0.00691584590822, 0.00286486465484, 0.00236597750336, 0.00114798697177, 0.000546318944544, 1.20632159906e-06, 9.72845026759e-10]
    },
    "gfcc": {
        "mean": [-224.560745239, 137.075912476, -42.7135314941, 11.445016861, -57.6301689148, -4.91156721115, -40.749256134, -3.16284656525, -13.5039691925, 4.02022266388, -11.1799888611, -0.578111588955, -15.3237848282],
        "cov": [[12647.2978516, -1610.3104248, -689.905578613, 284.51385498, -436.389526367, 278.658721924, 31.4755249023, 318.382080078, 258.886474609, 85.1748733521, -104.735305786, 75.7545089722, -152.093795776], [-1610.3104248, 2289.28417969, 11.4202661514, -909.372680664, 94.3609161377, -475.766082764, -1.69622683525, -261.605865479, 94.8277664185, -130.607620239, 155.88293457, -151.665527344, 185.035583496], [-689.905578613, 11.4202661514, 715.880737305, 274.24118042, 64.8077850342, 57.8339347839, 8.14172077179, -88.8144378662, -92.4709091187, -4.88945865631, 48.6640281677, 63.210647583, -13.0177669525], [284.51385498, -909.372680664, 274.24118042, 896.151000977, 120.111297607, 324.240142822, 13.7915439606, 71.7480773926, -155.688751221, 58.3490524292, -27.0384979248, 112.971710205, -65.4496612549], [-436.389526367, 94.3609161377, 64.8077850342, 120.111297607, 238.934173584, 114.79826355, 95.4495773315, 42.3533210754, -7.97521162033, -20.7681312561, -2.99997186661, 1.32911646366, 13.9086875916], [278.658721924, -475.766082764, 57.8339347839, 324.240142822, 114.79826355, 303.8828125, 130.279449463, 152.293502808, -4.76247358322, 33.7681427002, -43.5797462463, 47.1355819702, -36.4516868591], [31.4755249023, -1.69622683525, 8.14172077179, 13.7915439606, 95.4495773315, 130.279449463, 183.05355835, 156.757629395, 89.4625320435, 17.3326129913, -11.9493703842, -7.0139298439, -0.313395947218], [318.382080078, -261.605865479, -88.8144378662, 71.7480773926, 42.3533210754, 152.293502808, 156.757629395, 254.799819946, 144.637237549, 69.8520736694, -31.3587265015, -1.01534473896, -37.4930839539], [258.886474609, 94.8277664185, -92.4709091187, -155.688751221, -7.97521162033, -4.76247358322, 89.4625320435, 144.637237549, 209.807739258, 95.4911499023, 45.3143005371, -13.9887504578, -6.33041191101], [85.1748733521, -130.607620239, -4.88945865631, 58.3490524292, -20.7681312561, 33.7681427002, 17.3326129913, 69.8520736694, 95.4911499023, 137.83416748, 78.1851959229, 38.5068397522, -28.736831665], [-104.735305786, 155.88293457, 48.6640281677, -27.0384979248, -2.99997186661, -43.5797462463, -11.9493703842, -31.3587265015, 45.3143005371, 78.1851959229, 131.808151245, 57.0689888, 22.9012470245], [75.7545089722, -151.665527344, 63.210647583, 112.971710205, 1.32911646366, 47.1355819702, -7.0139298439, -1.01534473896, -13.9887504578, 38.5068397522, 57.0689888, 102.209526062, 33.1292304993], [-152.093795776, 185.035583496, -13.0177669525, -65.4496612549, 13.9086875916, -36.4516868591, -0.313395947218, -37.4930839539, -6.33041191101, -28.736831665, 22.9012470245, 33.1292304993, 99.1466903687]],
        "icov": [[0.00011434728367, 4.11555665778e-05, 0.000144494624692, -0.000142398814205, 0.000302702654153, -0.000185610479093, -7.25288991816e-05, 0.000311141397106, -0.000622864230536, 0.00058140931651, -0.000116776514915, -0.000196544948267, 0.00025169577566], [4.11555665778e-05, 0.00189294281881, -0.000394517963286, 0.000976374954917, -0.00116073631216, 0.00106121785939, -0.000798885710537, 0.000491618004162, -5.63190187677e-05, 0.00127463496756, -0.00337400985882, 0.00351861049421, -0.00217105145566], [0.000144494624692, -0.000394517963286, 0.00242353603244, -0.00140857847873, 0.00075638492126, 0.000164150565979, -0.0024476593826, 0.00304240640253, -0.00178635702468, 0.00121161399875, 0.000606536748819, -0.00268768775277, 0.00243840878829], [-0.000142398814205, 0.000976374954917, -0.00140857847873, 0.00447910418734, -0.0022080023773, -0.00168854626827, 0.00272555695847, -0.00344823929481, 0.00534391310066, -0.00318588572554, -0.0013980420772, 0.00169891281985, -0.00170216010883], [0.000302702654153, -0.00116073631216, 0.00075638492126, -0.0022080023773, 0.00889491382986, -0.00366480299272, -0.00306138349697, 0.0021590157412, -0.00247904914431, 0.00391401024535, -0.00159881322179, 0.000248695374466, 0.000746294506826], [-0.000185610479093, 0.00106121785939, 0.000164150565979, -0.00168854626827, -0.00366480299272, 0.0152515340596, -0.00934806466103, -0.000992799527012, 0.0042156483978, -0.00504946801811, 0.00565040064976, -0.00537160085514, 0.00165340560488], [-7.25288991816e-05, -0.000798885710537, -0.0024476593826, 0.00272555695847, -0.00306138349697, -0.00934806466103, 0.0263079833239, -0.0158226117492, 1.42292701639e-05, 0.00621701218188, -0.00813613925129, 0.00710846390575, -0.0047432212159], [0.000311141397106, 0.000491618004162, 0.00304240640253, -0.00344823929481, 0.0021590157412, -0.000992799527012, -0.0158226117492, 0.0285302568227, -0.0170259214938, -0.00154733099043, 0.0123154744506, -0.00859168544412, 0.00624463753775], [-0.000622864230536, -5.63190187677e-05, -0.00178635702468, 0.00534391310066, -0.00247904914431, 0.0042156483978, 1.42292701639e-05, -0.0170259214938, 0.0290867872536, -0.016276249662, -0.00404623104259, 0.0080437399447, -0.00671154540032], [0.00058140931651, 0.00127463496756, 0.00121161399875, -0.00318588572554, 0.00391401024535, -0.00504946801811, 0.00621701218188, -0.00154733099043, -0.016276249662, 0.0358093604445, -0.0206032991409, 0.000237787142396, 0.00761742796749], [-0.000116776514915, -0.00337400985882, 0.000606536748819, -0.0013980420772, -0.00159881322179, 0.00565040064976, -0.00813613925129, 0.0123154744506, -0.00404623104259, -0.0206032991409, 0.0372756496072, -0.0218933578581, 0.00468304101378], [-0.000196544948267, 0.00351861049421, -0.00268768775277, 0.00169891281985, 0.000248695374466, -0.00537160085514, 0.00710846390575, -0.00859168544412, 0.0080437399447, 0.000237787142396, -0.0218933578581, 0.0368886329234, -0.0180225204676], [0.00025169577566, -0.00217105145566, 0.00243840878829, -0.00170216010883, 0.000746294506826, 0.00165340560488, -0.0047432212159, 0.00624463753775, -0.00671154540032, 0.00761742796749, 0.00468304101378, -0.0180225204676, 0.0232898574322]]
    },
    "melbands": {
        "dmean": [0.000128093117382, 0.000155245579663, 0.000136739850859, 0.000260933418758, 0.000257699284703, 0.000306880509015, 0.00032023517997, 0.000193992716959, 8.5523679445e-05, 6.54622999718e-05, 4.57068963442e-05, 2.24863902076e-06, 1.10395626507e-06, 8.11439065274e-07, 6.10122867784e-07, 5.2804165307e-07, 5.09526387305e-07, 4.74731564282e-07, 2.25282207111e-07, 1.81472174177e-07, 2.49555995424e-07, 1.9261742068e-07, 9.67677848962e-08, 7.85421434557e-08, 6.67785187147e-08, 6.56844179048e-08, 5.97456093487e-08, 4.34920934822e-08, 6.36829611267e-08, 6.80480525261e-08, 6.01312279969e-08, 5.48236478437e-08, 7.61735208243e-08, 6.61189005768e-08, 6.4165298852e-08, 5.5460070314e-08, 4.33473417161e-08, 4.13521021869e-08, 2.94419635338e-08, 1.62328763764e-08],
        "dmean2": [0.000203013376449, 0.000242327179876, 0.000204057854717, 0.000368894863641, 0.000348111585481, 0.000449529325124, 0.000482625531731, 0.000279954314465, 0.00012647958647, 9.11775568966e-05, 5.9726255131e-05, 3.490024028e-06, 1.54684221343e-06, 1.19169953905e-06, 9.82757455859e-07, 8.40914594846e-07, 7.76147544457e-07, 7.21923925084e-07, 3.50842498165e-07, 2.76809601019e-07, 3.80626005381e-07, 2.91404148811e-07, 1.49979427988e-07, 1.23411822983e-07, 1.0328814426e-07, 9.92489219698e-08, 9.40433366736e-08, 6.78971829871e-08, 1.02929604395e-07, 1.08307261826e-07, 9.3074255858e-08, 8.63324132183e-08, 1.25738338852e-07, 1.08309670566e-07, 1.040027513e-07, 8.95247183053e-08, 6.93654058637e-08, 6.51331077961e-08, 4.88690616862e-08, 2.59189665286e-08],
        "dvar": [7.51922115683e-08, 6.3692858987e-08, 1.90424003677e-07, 5.72907595142e-07, 1.0849703358e-06, 2.79652408608e-06, 2.69394422503e-06, 9.60078409662e-07, 3.12513748213e-07, 2.42586082777e-07, 2.59683673676e-07, 3.22614879256e-10, 6.22698628772e-11, 1.53606415781e-11, 5.23837006758e-12, 3.57854978289e-12, 2.60083838147e-12, 4.57573952686e-12, 5.84436145312e-13, 3.71283109509e-13, 1.31507912199e-12, 7.06411003911e-13, 1.03412233204e-13, 7.47235457646e-14, 6.48666233574e-14, 5.85939784648e-14, 5.06867971531e-14, 2.4977831015e-14, 9.18688953036e-14, 7.28544422056e-14, 4.3486234443e-14, 4.08743236469e-14, 9.24094988356e-14, 5.73542610432e-14, 4.4211091358e-14, 3.50592662811e-14, 2.16206040701e-14, 2.10599580445e-14, 1.4819220883e-14, 3.52614479634e-15],
        "dvar2": [1.79561894242e-07, 1.45001592955e-07, 2.87416838773e-07, 8.852538258e-07, 1.7982213194e-06, 4.38945653514e-06, 5.22369145983e-06, 1.55729526341e-06, 5.39320751614e-07, 4.30785490835e-07, 4.8122166163e-07, 6.84421241903e-10, 1.16276106799e-10, 2.95655167015e-11, 1.08852952693e-11, 8.12382539711e-12, 5.28940866801e-12, 7.54065993674e-12, 1.18862450264e-12, 6.70107795208e-13, 3.53062154165e-12, 1.80379951427e-12, 2.33558344106e-13, 1.70546289222e-13, 1.46395360569e-13, 1.29188502886e-13, 1.16827839178e-13, 5.26617628899e-14, 2.27926049345e-13, 1.8187773336e-13, 1.03089893122e-13, 9.60492400675e-14, 2.44112103578e-13, 1.42279336099e-13, 1.02244188322e-13, 8.4242969588e-14, 5.21290706456e-14, 5.02258553758e-14, 3.81724240704e-14, 8.4097996511e-15],
        "max": [0.00374201824889, 0.00370079977438, 0.00916186440736, 0.0206507705152, 0.0333414636552, 0.0359446592629, 0.0357430502772, 0.0268008299172, 0.0141417263076, 0.0124169271439, 0.0136377587914, 0.000594078795984, 0.000297755381325, 0.000130960106617, 4.78817455587e-05, 3.95665338147e-05, 2.22413164011e-05, 4.04483544116e-05, 1.31488086481e-05, 1.70867006091e-05, 2.50093762588e-05, 1.80263541552e-05, 5.49742890144e-06, 3.63744970855e-06, 5.24709093952e-06, 4.83456688016e-06, 2.66039660346e-06, 2.10050552596e-06, 4.7236330829e-06, 4.61943864138e-06, 2.34791514231e-06, 2.53595248978e-06, 3.14499106935e-06, 2.9616833217e-06, 2.03418403544e-06, 1.87235946214e-06, 1.4831189219e-06, 2.21428035729e-06, 2.12314898818e-06, 7.73998237946e-07],
        "mean": [0.000210852391319, 0.000274216901744, 0.000262026092969, 0.000548223091755, 0.000482357107103, 0.000615506258328, 0.000676920055412, 0.000400500866817, 0.000170646977494, 0.000138325136504, 9.40304307733e-05, 3.83711767427e-06, 1.65303163158e-06, 1.14470526569e-06, 8.21474429813e-07, 7.3247963428e-07, 6.94033417403e-07, 6.3527227212e-07, 2.85073269879e-07, 2.47433376899e-07, 3.02355658732e-07, 2.11792126947e-07, 1.00824543381e-07, 7.79280000529e-08, 6.91945558629e-08, 6.70727828833e-08, 5.68434401771e-08, 4.57164723855e-08, 5.62620741107e-08, 6.02511889269e-08, 5.68794078504e-08, 5.06644752818e-08, 6.44497717417e-08, 5.8722406493e-08, 6.37876880205e-08, 5.45849516698e-08, 4.42841709969e-08, 3.96226447208e-08, 2.69849085299e-08, 1.57994630712e-08],
        "median": [4.19466450694e-05, 0.000118422976811, 5.9443173086e-05, 3.68460932805e-05, 3.28336718667e-05, 1.86079141713e-05, 1.68583483173e-05, 6.70241797707e-06, 1.86216095699e-06, 9.73525743575e-07, 5.69197027289e-07, 2.72340372476e-07, 1.75793189783e-07, 1.22335151787e-07, 1.15646734855e-07, 1.05112832216e-07, 9.94884530314e-08, 5.27968815334e-08, 2.86282304529e-08, 2.4962679035e-08, 2.52128380396e-08, 1.67286984265e-08, 1.44028895477e-08, 1.28654162879e-08, 9.6380343706e-09, 8.62964721904e-09, 5.54268053676e-09, 4.59401006125e-09, 4.38215641552e-09, 4.77929784637e-09, 4.1987826549e-09, 4.27455315588e-09, 3.51276296939e-09, 3.37711347775e-09, 4.04283406752e-09, 3.51869711146e-09, 2.93360535863e-09, 2.30722152494e-09, 1.54635615424e-09, 1.11567310945e-09],
        "min": [8.95782007909e-24, 1.05612666437e-23, 5.19872076644e-24, 9.40628355941e-24, 1.15459606909e-23, 1.78986118067e-23, 7.37688760477e-24, 7.35305690568e-24, 3.02808261938e-24, 4.11609910417e-24, 1.59518908415e-23, 2.3452648541e-23, 3.04901721287e-24, 4.36921025321e-24, 3.31835562516e-24, 9.00074594525e-24, 9.71931697723e-24, 1.14158814719e-23, 8.85309563848e-24, 8.8727911287e-24, 1.14935953151e-23, 1.15675944123e-23, 1.38527903484e-23, 9.27839264059e-24, 7.16786076413e-24, 9.04626874151e-24, 6.97648310852e-24, 8.92701506075e-24, 1.17146672729e-23, 1.00519188787e-23, 1.10574451647e-23, 7.40104804771e-24, 1.08225405309e-23, 8.89914302724e-24, 1.00993294191e-23, 1.04481834329e-23, 9.02693770503e-24, 1.05222661494e-23, 1.01201356255e-23, 7.76803481829e-24],
        "var": [1.39196103532e-07, 1.49379999925e-07, 6.44812246264e-07, 2.52164386438e-06, 3.13619671033e-06, 9.65742492554e-06, 9.25212771108e-06, 3.76523280465e-06, 1.00550380466e-06, 7.26573887277e-07, 7.86329337643e-07, 9.64538227066e-10, 1.30195396131e-10, 3.28576159336e-11, 8.48192176217e-12, 5.86815838977e-12, 4.76888016923e-12, 9.41478752597e-12, 1.1045887512e-12, 1.00092677202e-12, 2.03917958908e-12, 9.09107966858e-13, 1.15598028654e-13, 7.42437998558e-14, 6.67268838924e-14, 6.50936552923e-14, 4.98089660879e-14, 2.84490685946e-14, 7.6749662127e-14, 6.15383463046e-14, 4.35069969146e-14, 3.83442870554e-14, 7.03444531899e-14, 4.8975617805e-14, 4.4605053158e-14, 3.39651199418e-14, 2.10816827455e-14, 2.02387121683e-14, 1.18294715589e-14, 3.39325612659e-15]
    },
    "mfcc": {
        "mean": [-883.454467773, 166.779586792, 62.0410766602, 24.4883956909, 8.84335517883, 1.5133408308, -11.7508773804, -6.61088323593, -7.98187208176, 0.434771895409, 1.96658027172, 3.01333880424, -1.97750592232],
        "cov": [[6695.07568359, -15.9715089798, -586.395446777, -72.5550537109, -184.421447754, -8.83781909943, -218.086715698, 155.889266968, 26.7639560699, 181.763397217, 81.8051376343, 153.466873169, -26.266122818], [-15.9715089798, 2366.37670898, -16.8151931763, -409.350860596, -144.142303467, -236.020339966, -160.767837524, -167.17515564, -29.5641784668, -69.8641738892, -10.564040184, -4.52498292923, 58.8350791931], [-586.395446777, -16.8151931763, 548.088928223, 180.009902954, 73.5721664429, 99.1332168579, 78.2102508545, 0.487988442183, -69.7788925171, -59.4437446594, -26.7664585114, -25.6607151031, -9.73398685455], [-72.5550537109, -409.350860596, 180.009902954, 308.833984375, 131.010864258, 123.061149597, 100.204269409, 54.5518608093, -20.7572021484, -9.3160572052, -11.055765152, -5.3552980423, -13.3292226791], [-184.421447754, -144.142303467, 73.5721664429, 131.010864258, 146.481643677, 114.616424561, 93.0405654907, 55.1967124939, 11.9545326233, -1.47440636158, -0.624853789806, 0.588457107544, 1.32765996456], [-8.83781909943, -236.020339966, 99.1332168579, 123.061149597, 114.616424561, 172.266464233, 127.550415039, 73.8901062012, 6.37057685852, -4.3686504364, -11.0701246262, -0.436918884516, -0.931115627289], [-218.086715698, -160.767837524, 78.2102508545, 100.204269409, 93.0405654907, 127.550415039, 166.937988281, 107.413375854, 46.8507652283, 17.4138641357, 0.0995633378625, -7.25442409515, -6.24504947662], [155.889266968, -167.17515564, 0.487988442183, 54.5518608093, 55.1967124939, 73.8901062012, 107.413375854, 168.363800049, 120.313224792, 85.292175293, 36.1254081726, 18.1933307648, -1.90651524067], [26.7639560699, -29.5641784668, -69.7788925171, -20.7572021484, 11.9545326233, 6.37057685852, 46.8507652283, 120.313224792, 168.638504028, 124.687232971, 58.8595199585, 22.0066585541, 4.22098588943], [181.763397217, -69.8641738892, -59.4437446594, -9.3160572052, -1.47440636158, -4.3686504364, 17.4138641357, 85.292175293, 124.687232971, 151.764511108, 98.5729064941, 49.9147338867, 15.9519262314], [81.8051376343, -10.564040184, -26.7664585114, -11.055765152, -0.624853789806, -11.0701246262, 0.0995633378625, 36.1254081726, 58.8595199585, 98.5729064941, 119.351089478, 89.9775161743, 51.7210617065], [153.466873169, -4.52498292923, -25.6607151031, -5.3552980423, 0.588457107544, -0.436918884516, -7.25442409515, 18.1933307648, 22.0066585541, 49.9147338867, 89.9775161743, 134.839538574, 100.524658203], [-26.266122818, 58.8350791931, -9.73398685455, -13.3292226791, 1.32765996456, -0.931115627289, -6.24504947662, -1.90651524067, 4.22098588943, 15.9519262314, 51.7210617065, 100.524658203, 125.359832764]],
