{
"lowlevel": {
    "average_loudness": 0.980790913105,
    "barkbands_crest": {
        "dmean": 2.29892778397,
        "dmean2": 3.77318501472,
        "dvar": 3.94580316544,
        "dvar2": 11.3468828201,
        "max": 21.8082675934,
        "mean": 9.7975769043,
        "median": 9.3418636322,
        "min": 3.24979400635,
        "var": 9.34497070312
    },
    "barkbands_flatness_db": {
        "dmean": 0.02057377249,
        "dmean2": 0.0331871137023,
        "dvar": 0.000348620669683,
        "dvar2": 0.00084616523236,
        "max": 0.338342666626,
        "mean": 0.199952855706,
        "median": 0.19815197587,
        "min": 0.0997023582458,
        "var": 0.00132158887573
    },
    "barkbands_kurtosis": {
        "dmean": 2.46978020668,
        "dmean2": 3.92943716049,
        "dvar": 8.48835659027,
        "dvar2": 22.9653491974,
        "max": 41.8104362488,
        "mean": 5.33363962173,
        "median": 4.37671613693,
        "min": -1.70908772945,
        "var": 21.7008571625
    },
    "barkbands_skewness": {
        "dmean": 0.437050700188,
        "dmean2": 0.691915869713,
        "dvar": 0.155298694968,
        "dvar2": 0.407501518726,
        "max": 5.44529533386,
        "mean": 1.86881029606,
        "median": 1.79069244862,
        "min": -0.354465067387,
        "var": 0.554602444172
    },
    "barkbands_spread": {
        "dmean": 3.01802229881,
        "dmean2": 4.76997041702,
        "dvar": 10.2693376541,
        "dvar2": 25.8479537964,
        "max": 55.2620925903,
        "mean": 14.2756528854,
        "median": 11.7377510071,
        "min": 2.32217431068,
        "var": 77.4600067139
    },
    "dissonance": {
        "dmean": 0.0208439305425,
        "dmean2": 0.0342464186251,
        "dvar": 0.000359793368261,
        "dvar2": 0.000940979341976,
        "max": 0.500000238419,
        "mean": 0.448284626007,
        "median": 0.453372985125,
        "min": 0.306507498026,
        "var": 0.000963230500929
    },
    "dynamic_complexity": 1.55131340027,
    "erbbands_crest": {
        "dmean": 2.19817686081,
        "dmean2": 3.36645674706,
        "dvar": 3.91247940063,
        "dvar2": 9.14025020599,
        "max": 24.306728363,
        "mean": 9.14900684357,
        "median": 8.3796005249,
        "min": 3.08651232719,
        "var": 13.5727033615
    },
    "erbbands_flatness_db": {
        "dmean": 0.0147142512724,
        "dmean2": 0.0215791184455,
        "dvar": 0.000208907193155,
        "dvar2": 0.000436104775872,
        "max": 0.287879288197,
        "mean": 0.193144917488,
        "median": 0.193285509944,
        "min": 0.106439985335,
        "var": 0.000636380340438
    },
    "erbbands_kurtosis": {
        "dmean": 0.816666424274,
        "dmean2": 1.23863697052,
        "dvar": 0.973516345024,
        "dvar2": 2.09921598434,
        "max": 21.9769744873,
        "mean": 0.688439786434,
        "median": 0.266650438309,
        "min": -1.65065348148,
        "var": 3.76617312431
    },
    "erbbands_skewness": {
        "dmean": 0.284176468849,
        "dmean2": 0.420078784227,
        "dvar": 0.0547502376139,
        "dvar2": 0.128034368157,
        "max": 3.6444849968,
        "mean": 0.742775857449,
        "median": 0.781003892422,
        "min": -1.69312083721,
        "var": 0.466519027948
    },
    "erbbands_spread": {
        "dmean": 6.11427736282,
        "dmean2": 9.52128219604,
        "dvar": 36.7690391541,
        "dvar2": 86.0765151978,
        "max": 88.898979187,
        "mean": 35.588104248,
        "median": 33.0694122314,
        "min": 5.63850927353,
        "var": 199.526885986
    },
    "hfc": {
        "dmean": 3.63986945152,
        "dmean2": 5.50241231918,
        "dvar": 13.179693222,
        "dvar2": 30.8461341858,
        "max": 76.158996582,
        "mean": 18.5874252319,
        "median": 16.5035934448,
        "min": 8.68939387146e-05,
        "var": 100.521705627
    },
    "melbands_crest": {
        "dmean": 2.81585907936,
        "dmean2": 4.64796209335,
        "dvar": 5.70423078537,
        "dvar2": 15.9989690781,
        "max": 27.7066707611,
        "mean": 13.9455814362,
        "median": 13.7099695206,
        "min": 5.48319196701,
        "var": 14.6401491165
    },
    "melbands_flatness_db": {
        "dmean": 0.0236779488623,
        "dmean2": 0.0367368236184,
        "dvar": 0.000491063459776,
        "dvar2": 0.0011465693824,
        "max": 0.416938394308,
        "mean": 0.249376147985,
        "median": 0.247959002852,
        "min": 0.110023111105,
        "var": 0.00252780504525
    },
    "melbands_kurtosis": {
        "dmean": 5.29961442947,
        "dmean2": 8.58245658875,
        "dvar": 40.5500717163,
        "dvar2": 107.887168884,
        "max": 81.4113540649,
        "mean": 12.4433507919,
        "median": 10.0796585083,
        "min": -0.534645080566,
        "var": 84.9602737427
    },
    "melbands_skewness": {
        "dmean": 0.594191193581,
        "dmean2": 0.943857014179,
        "dvar": 0.300641596317,
        "dvar2": 0.791728258133,
        "max": 6.81433105469,
        "mean": 2.63073134422,
        "median": 2.50443792343,
        "min": 0.0380432009697,
        "var": 1.01182341576
    },
    "melbands_spread": {
        "dmean": 3.35011267662,
        "dmean2": 5.3196015358,
        "dvar": 15.6692867279,
        "dvar2": 41.4103889465,
        "max": 75.5638198853,
        "mean": 13.4790916443,
        "median": 11.2219657898,
        "min": 2.36685180664,
        "var": 74.2872161865
    },
    "pitch_salience": {
        "dmean": 0.0626642182469,
        "dmean2": 0.102403961122,
        "dvar": 0.00285460124724,
        "dvar2": 0.00756266852841,
        "max": 0.821991026402,
        "mean": 0.521016955376,
        "median": 0.519802808762,
        "min": 0.23463255167,
        "var": 0.00820392183959
    },
    "silence_rate_20dB": {
        "dmean": 0,
        "dmean2": 0,
        "dvar": 0,
        "dvar2": 0,
        "max": 1,
        "mean": 1,
        "median": 1,
        "min": 1,
        "var": 0
    },
    "silence_rate_30dB": {
        "dmean": 0.000773993786424,
        "dmean2": 0.00154858687893,
        "dvar": 0.000773394131102,
        "dvar2": 0.00232047936879,
        "max": 1,
        "mean": 0.999613165855,
        "median": 1,
        "min": 0,
        "var": 0.000386703759432
    },
    "silence_rate_60dB": {
        "dmean": 0.00154798757285,
        "dmean2": 0.00309717375785,
        "dvar": 0.00154557928909,
        "dvar2": 0.00386181939393,
        "max": 1,
        "mean": 0.0135396514088,
        "median": 0,
        "min": 0,
        "var": 0.013356118463
    },
    "spectral_centroid": {
        "dmean": 150.407562256,
        "dmean2": 235.209075928,
        "dvar": 28001.3769531,
        "dvar2": 64744.3046875,
        "max": 3271.0847168,
        "mean": 958.427062988,
        "median": 743.155639648,
        "min": 239.322372437,
        "var": 329634.1875
    },
    "spectral_complexity": {
        "dmean": 2.77476787567,
        "dmean2": 4.38559818268,
        "dvar": 8.11643600464,
        "dvar2": 18.3956546783,
        "max": 48,
        "mean": 18.4920692444,
        "median": 17,
        "min": 0,
        "var": 45.4561042786
    },
    "spectral_decrease": {
        "dmean": 2.86035284347e-09,
        "dmean2": 4.62243843202e-09,
        "dvar": 7.8371582824e-18,
        "dvar2": 2.02072762478e-17,
        "max": -3.63965754508e-14,
        "mean": -1.15619354091e-08,
        "median": -1.14828129227e-08,
        "min": -3.19671187299e-08,
        "var": 2.55125910123e-17
    },
    "spectral_energy": {
        "dmean": 0.011006240733,
        "dmean2": 0.0177768357098,
        "dvar": 0.000115257666039,
        "dvar2": 0.000296150014037,
        "max": 0.122999034822,
        "mean": 0.0453232564032,
        "median": 0.0448743477464,
        "min": 1.45250396599e-07,
        "var": 0.000379692181014
    },
    "spectral_energyband_high": {
        "dmean": 0.000192181687453,
        "dmean2": 0.000294904923066,
        "dvar": 9.42009563687e-08,
        "dvar2": 2.11845460285e-07,
        "max": 0.00518324552104,
        "mean": 0.00053843279602,
        "median": 0.000209715290111,
        "min": 4.65781724301e-09,
        "var": 6.21841422799e-07
    },
    "spectral_energyband_low": {
        "dmean": 0.00906100589782,
        "dmean2": 0.0150374816731,
        "dvar": 0.000101277277281,
        "dvar2": 0.000279558211332,
        "max": 0.0889126211405,
        "mean": 0.022915257141,
        "median": 0.0222718566656,
        "min": 2.38619843884e-08,
        "var": 0.000244898285018
    },
    "spectral_energyband_middle_high": {
        "dmean": 0.00122509372886,
        "dmean2": 0.00181812769733,
        "dvar": 1.9105609681e-06,
        "dvar2": 4.28915154771e-06,
        "max": 0.0249464251101,
        "mean": 0.00443661119789,
        "median": 0.00348371663131,
        "min": 7.63063212617e-09,
        "var": 1.07283449324e-05
    },
    "spectral_energyband_middle_low": {
        "dmean": 0.00519870361313,
        "dmean2": 0.00780006917194,
        "dvar": 3.02623866446e-05,
        "dvar2": 7.12168475729e-05,
        "max": 0.0730785503983,
        "mean": 0.0189740434289,
        "median": 0.0169769655913,
        "min": 1.03253540829e-07,
        "var": 0.000108330299554
    },
    "spectral_entropy": {
        "dmean": 0.173000901937,
        "dmean2": 0.264496475458,
        "dvar": 0.0329480320215,
        "dvar2": 0.0739455893636,
        "max": 8.01127815247,
        "mean": 7.14346885681,
        "median": 7.15114068985,
        "min": 5.95214319229,
        "var": 0.10318557173
    },
    "spectral_flux": {
        "dmean": 0.0231754817069,
        "dmean2": 0.0381342321634,
        "dvar": 0.000496204651427,
        "dvar2": 0.00118004868273,
        "max": 0.252875894308,
        "mean": 0.0859974995255,
        "median": 0.0793705433607,
        "min": 0.000970802095253,
        "var": 0.00118113635108
    },
    "spectral_kurtosis": {
        "dmean": 2.33595943451,
        "dmean2": 4.05546569824,
        "dvar": 5.2123503685,
        "dvar2": 14.5736179352,
        "max": 26.2152748108,
        "mean": 4.72229719162,
        "median": 4.07347345352,
        "min": -0.370190858841,
        "var": 10.8847389221
    },
    "spectral_rms": {
        "dmean": 0.000798312714323,
        "dmean2": 0.00128120824229,
        "dvar": 5.36603238288e-07,
        "dvar2": 1.34136826091e-06,
        "max": 0.0109544079751,
        "mean": 0.00646089576185,
        "median": 0.00661663431674,
        "min": 1.19041042126e-05,
        "var": 2.47478851634e-06
    },
    "spectral_rolloff": {
        "dmean": 203.048309326,
        "dmean2": 347.032409668,
        "dvar": 137107.03125,
        "dvar2": 333633.125,
        "max": 4349.70703125,
        "mean": 742.190246582,
        "median": 516.796875,
        "min": 107.666015625,
        "var": 433384.46875
    },
    "spectral_skewness": {
        "dmean": 0.270788967609,
        "dmean2": 0.457451194525,
        "dvar": 0.0581626705825,
        "dvar2": 0.153762951493,
        "max": 3.89547348022,
        "mean": 1.57194125652,
        "median": 1.63554513454,
        "min": -0.199933037162,
        "var": 0.354133814573
    },
    "spectral_spread": {
        "dmean": 399188.1875,
        "dmean2": 621819.5625,
        "dvar": 282872643584,
        "dvar2": 646230769664,
        "max": 7569377.5,
        "mean": 3501880.75,
        "median": 3387383,
        "min": 1891568.25,
        "var": 505980420096
    },
    "spectral_strongpeak": {
        "dmean": 0.405072271824,
        "dmean2": 0.686497926712,
        "dvar": 0.269358545542,
        "dvar2": 0.636422872543,
        "max": 5.79436540604,
        "mean": 0.707994997501,
        "median": 0.481481015682,
        "min": 0,
        "var": 0.468568712473
    },
    "zerocrossingrate": {
        "dmean": 0.00511901685968,
        "dmean2": 0.00660191010684,
        "dvar": 2.13737894228e-05,
        "dvar2": 3.39331127179e-05,
        "max": 0.10498046875,
        "mean": 0.0345442444086,
        "median": 0.02978515625,
        "min": 0.0078125,
        "var": 0.000278699386399
    },
    "barkbands": {
        "dmean": [0.000218166052946, 0.00481173442677, 0.00572475651279, 0.0014814225724, 0.00191843567882, 0.00222876458429, 0.0019682366401, 0.000583435758017, 0.000537656247616, 0.000553268007934, 0.000351622118615, 0.000306249596179, 0.000158939466928, 0.000213181818253, 0.000153956134454, 0.000121522774862, 9.38061348279e-05, 8.03128277767e-05, 0.000188011821592, 9.72294074018e-05, 0.000113041256554, 1.85140361282e-05, 1.5430359781e-05, 4.12031913584e-05, 9.32727198233e-06, 7.34613081477e-09, 1.71028313734e-09],
        "dmean2": [0.000363272323739, 0.00786484126002, 0.00977831054479, 0.00240065366961, 0.0030164020136, 0.00328358309343, 0.00273246783763, 0.000828376971185, 0.000819720618892, 0.000791962840594, 0.000547092058696, 0.000460498558823, 0.000243267830228, 0.000333067233441, 0.000240699679125, 0.000201649454539, 0.000157034563017, 0.000132211207529, 0.000304226385197, 0.000153041808517, 0.000178605361725, 3.00808260363e-05, 2.52300142165e-05, 6.9430716394e-05, 1.58631664817e-05, 1.22778516243e-08, 3.16501469477e-09],
        "dvar": [1.52057481273e-07, 3.40723454428e-05, 5.87614376855e-05, 7.10794620318e-06, 7.05634647602e-06, 9.44792191149e-06, 6.97128552929e-06, 7.55728649438e-07, 6.51473101243e-07, 6.01317822202e-07, 7.53703545797e-07, 2.29546884611e-07, 5.60170292374e-08, 8.4079445628e-08, 6.74913351872e-08, 6.49880149695e-08, 2.6200650538e-08, 1.89609448142e-08, 2.07255041573e-07, 5.90790172339e-08, 5.52841505908e-08, 1.1647403042e-09, 7.66629260074e-10, 1.04947339707e-08, 5.60053947662e-10, 4.4877547257e-16, 4.42207239953e-18],
        "dvar2": [3.91580215364e-07, 8.67894705152e-05, 0.000186224438949, 1.79786238732e-05, 1.77408255695e-05, 2.19246885536e-05, 1.64071880135e-05, 1.42785370372e-06, 1.38828067975e-06, 1.14149065666e-06, 1.76502453542e-06, 5.02692216742e-07, 1.14385386496e-07, 1.98859297029e-07, 1.58185457622e-07, 1.6864412089e-07, 7.19068182775e-08, 5.10967588241e-08, 5.40987969089e-07, 1.52046979451e-07, 1.32597222091e-07, 2.95292523766e-09, 1.90608395734e-09, 2.70910831546e-08, 1.48517143028e-09, 1.03876848987e-15, 1.34028140826e-17],
        "max": [0.00709451455623, 0.0655477195978, 0.0653436407447, 0.038115106523, 0.0306524466723, 0.0493229664862, 0.0474585592747, 0.0197182316333, 0.0192087125033, 0.0149266459048, 0.0217817053199, 0.0156783144921, 0.005714696832, 0.00527581386268, 0.00413129245862, 0.0063776881434, 0.00269591226242, 0.00245252251625, 0.0115728368983, 0.00617580488324, 0.00448303995654, 0.000447417638497, 0.000328666850692, 0.00102152454201, 0.000362193823094, 5.33322406682e-07, 2.08569002069e-08],
        "mean": [0.000634633237496, 0.0110272830352, 0.00977614242584, 0.00217814464122, 0.00441411742941, 0.0054956828244, 0.00446269568056, 0.00125990621746, 0.00107990670949, 0.00112781336065, 0.000590333482251, 0.000627481436823, 0.000334303331329, 0.000390642846469, 0.000273104553344, 0.000213230145164, 0.000165728662978, 0.000161811767612, 0.000434057990788, 0.000246409326792, 0.000318496517139, 3.34402429871e-05, 2.52683494182e-05, 4.34582034359e-05, 9.21839182411e-06, 7.28464844002e-09, 1.3531835652e-09],
        "median": [0.000247044896241, 0.00996124558151, 0.00680638849735, 0.000927097979002, 0.0029442992527, 0.00340967765078, 0.0029979373794, 0.000692949863151, 0.000591778603848, 0.000591590884142, 0.000137015958899, 0.000402491481509, 0.000209328791243, 0.000241118963459, 0.000129584019305, 0.000122596597066, 8.60928557813e-05, 8.96860292414e-05, 9.60438483162e-05, 6.56596603221e-05, 7.38560047466e-05, 2.17903543671e-05, 1.35641021188e-05, 1.58673447004e-05, 3.00449437418e-06, 2.75543499129e-09, 5.96071414449e-10],
        "min": [1.01650794448e-08, 6.07810068942e-09, 1.83868875681e-09, 2.33357111412e-09, 5.64176048101e-08, 2.42199256206e-08, 3.43007133807e-09, 7.95070143056e-09, 3.79724607313e-09, 1.03443420496e-09, 4.05275563109e-10, 5.99271132717e-10, 4.58401844261e-10, 3.63700347616e-10, 2.27517046869e-10, 2.10511363896e-09, 3.25767218756e-10, 3.565908957e-10, 9.15661990675e-10, 1.62055779906e-09, 1.24497578913e-09, 7.47275519242e-10, 4.82775708299e-10, 3.91858212545e-10, 2.12772979791e-10, 5.27301553116e-12, 5.81033311742e-12],
        "var": [9.92332729766e-07, 7.5329982792e-05, 9.29035013542e-05, 9.91401429928e-06, 1.97967801796e-05, 3.83876322303e-05, 2.21274622163e-05, 3.30870989274e-06, 2.18604964175e-06, 2.21446543947e-06, 2.06162530958e-06, 8.54222378166e-07, 1.83392330655e-07, 2.03040372071e-07, 1.60315451581e-07, 1.35645805699e-07, 5.81056127658e-08, 4.6258119113e-08, 8.70863459568e-07, 2.54412043432e-07, 3.71398726884e-07, 1.4681770244e-09, 1.01421848697e-09, 8.47092973544e-09, 4.63902999348e-10, 4.751553608e-16, 3.69060071975e-18]
    },
    "erbbands": {
        "dmean": [0.146193578839, 1.13645088673, 5.12609386444, 6.47060585022, 3.62191414833, 7.32473134995, 13.9559307098, 20.4880161285, 32.4900054932, 14.3874034882, 10.7949066162, 10.4295110703, 16.9201927185, 11.4227848053, 14.019569397, 8.20029258728, 7.40338230133, 7.30299901962, 9.07057571411, 8.52666378021, 5.79259443283, 5.8091340065, 3.8982322216, 6.47935009003, 9.19278907776, 4.76319742203, 5.88751125336, 2.66906785965, 0.694975674152, 0.50311255455, 0.46322080493, 0.85152131319, 0.646786928177, 0.225166931748, 0.015949210152, 0.000719775562175, 4.03647172789e-05, 5.94160837863e-06, 5.64747824683e-06, 1.22006140373e-05],
        "dmean2": [0.231868207455, 1.87920892239, 8.76187515259, 10.6918716431, 6.03539609909, 11.8244018555, 21.2673568726, 28.9773044586, 46.0084571838, 19.7524700165, 15.2860603333, 15.9465665817, 24.7230415344, 17.1876316071, 21.5734577179, 12.4263954163, 11.1319093704, 11.4085941315, 14.3833932877, 13.489900589, 9.4514875412, 9.60965538025, 6.42251157761, 10.6410989761, 14.6369066238, 7.35559749603, 9.1904335022, 4.16316366196, 1.10350441933, 0.812546491623, 0.760734856129, 1.42333805561, 1.10956227779, 0.38397860527, 0.0269965641201, 0.00121610658243, 6.7712746386e-05, 9.88589818007e-06, 9.1284946393e-06, 1.96812743525e-05],
        "dvar": [0.0356791131198, 1.76204228401, 40.6546669006, 98.1664047241, 56.4890899658, 119.638374329, 273.148925781, 882.864624023, 2008.79406738, 668.254089355, 241.328964233, 293.143707275, 390.558288574, 268.786682129, 700.631164551, 135.707397461, 126.442855835, 114.030441284, 191.528793335, 201.325485229, 161.85194397, 101.00239563, 41.6985282898, 205.739654541, 573.330627441, 163.334228516, 177.718521118, 38.2225646973, 1.51588344574, 0.695812702179, 0.750359117985, 5.32219552994, 2.70942759514, 0.324755817652, 0.00147171481512, 2.98941358778e-06, 8.5991143095e-09, 1.51333376386e-10, 3.09574275936e-11, 1.39552050471e-10],
        "dvar2": [0.0841709598899, 4.68390274048, 127.461769104, 263.430053711, 148.059494019, 316.593292236, 711.485168457, 1742.7244873, 4883.42236328, 1136.98730469, 454.362518311, 593.756408691, 797.161560059, 612.545654297, 1630.05908203, 302.404663086, 256.624359131, 276.549926758, 461.383514404, 470.625823975, 373.147674561, 276.937896729, 110.696632385, 595.321166992, 1446.16564941, 417.94821167, 404.523254395, 85.2453079224, 3.676197052, 1.70845222473, 1.89277589321, 13.6413898468, 7.16363143921, 0.859068572521, 0.00389760220423, 7.90521244198e-06, 2.25811209731e-08, 3.94330262887e-10, 7.6331690968e-11, 3.55906054628e-10],
        "max": [1.92978215218, 14.6938142776, 54.8439102173, 127.342163086, 97.5049514771, 175.917907715, 213.284988403, 590.481079102, 735.595581055, 629.508728027, 347.001739502, 482.103912354, 345.591217041, 273.827941895, 621.198547363, 344.932250977, 279.110992432, 160.543624878, 214.460006714, 286.451202393, 433.36907959, 180.451675415, 143.783813477, 286.637512207, 560.143920898, 386.135894775, 285.820068359, 141.323608398, 16.7735958099, 8.47224998474, 10.3809928894, 27.7294940948, 14.5061426163, 7.25269174576, 0.34605589509, 0.0149545362219, 0.000802051858045, 0.0001053307642, 5.80337473366e-05, 0.000135424852488],
        "mean": [0.368365854025, 2.37781405449, 9.59439563751, 10.5815620422, 6.07326459885, 16.0866603851, 32.4953918457, 54.0013046265, 76.1158294678, 34.6359329224, 24.954000473, 21.8168907166, 36.9735107422, 24.2168445587, 27.403547287, 18.4061584473, 17.2609615326, 15.1898841858, 16.8838863373, 16.7270832062, 11.0033464432, 10.8775911331, 8.51440143585, 13.8079833984, 22.9075489044, 13.8074178696, 16.7502002716, 6.22174072266, 1.42548489571, 0.880088508129, 0.726834118366, 0.957387804985, 0.635586678982, 0.217368662357, 0.0158888846636, 0.000749700819142, 5.77915088797e-05, 1.00394227047e-05, 2.35234219872e-05, 5.15306601301e-05],
        "median": [0.317035704851, 2.12100362778, 7.4834022522, 6.40555334091, 2.78897428513, 10.1297693253, 24.259098053, 33.3983764648, 52.32472229, 18.0144100189, 15.4558229446, 12.3793544769, 26.0220146179, 14.7029943466, 13.7978925705, 13.1231451035, 11.4123687744, 9.831199646, 9.67261981964, 8.82721996307, 6.69505786896, 5.7715511322, 5.20503997803, 5.14230155945, 4.54863548279, 3.42722940445, 3.15388727188, 2.12150764465, 0.93326985836, 0.540477454662, 0.368737518787, 0.373787850142, 0.211572706699, 0.0674965754151, 0.00510455807671, 0.000265797396423, 3.4739048715e-05, 6.65992911308e-06, 2.33600167121e-05, 5.10644604219e-05],
        "min": [3.77530113838e-07, 8.17538705178e-07, 2.72024476544e-06, 4.56704947283e-06, 1.03127877082e-05, 0.000196338631213, 0.00051346141845, 8.58204002725e-05, 5.91923489992e-05, 7.35666471883e-05, 0.0001489695278, 9.73645146587e-05, 6.44188257866e-05, 3.21526604239e-05, 1.68258084159e-05, 2.03081126529e-05, 2.22200178541e-05, 1.65161472978e-05, 1.25496389956e-05, 2.62626163021e-05, 0.000125806749566, 3.44332620443e-05, 2.24964260269e-05, 3.37112323905e-05, 5.44158137927e-05, 7.98341643531e-05, 5.52380915906e-05, 4.09776257584e-05, 2.98449504044e-05, 1.98730758711e-05, 1.25522374219e-05, 8.9019022198e-06, 5.22536038261e-06, 3.89601382267e-06, 1.71910386371e-07, 2.29449899081e-08, 9.90257298383e-09, 3.64327146229e-09, 9.72562586021e-10, 2.66931282633e-10],
        "var": [0.0904021784663, 3.5582420826, 73.0584106445, 159.493591309, 75.567855835, 366.624237061, 771.204406738, 4158.91064453, 6040.97509766, 2642.76220703, 1031.16821289, 1023.85955811, 1266.19213867, 771.784362793, 2041.13464355, 479.972381592, 426.366088867, 291.421936035, 445.407440186, 529.033569336, 368.257781982, 236.257888794, 114.371292114, 591.749084473, 2724.50488281, 803.089416504, 1192.48706055, 164.365875244, 2.65967512131, 0.976733326912, 0.912640035152, 4.33890962601, 2.0689675808, 0.262432515621, 0.00120391545352, 2.44965190177e-06, 7.27832905056e-09, 1.44553202741e-10, 9.77511405154e-11, 4.69309702211e-10]
    },
    "gfcc": {
        "mean": [-9.93857479095, 159.954284668, -134.220626831, 54.8334197998, -68.6428070068, 11.2903280258, -26.1983718872, -1.35171914101, -4.75528383255, -9.43447208405, 14.7404785156, -18.3555240631, 14.4115524292],
        "cov": [[2066.01049805, -259.234344482, -156.519439697, 164.825973511, 45.7938194275, 103.323287964, -49.4634971619, 76.9630508423, -93.3550338745, 48.6418952942, -22.144323349, -59.600643158, 17.9058094025], [-259.234344482, 381.032470703, 125.306243896, -64.9764022827, 130.299377441, -52.0279541016, 95.4429092407, -74.7954177856, 62.6516723633, -49.6952857971, 22.425945282, -10.3356409073, -16.2884883881], [-156.519439697, 125.306243896, 345.622467041, -19.5800743103, 22.3733234406, 99.1669692993, -35.4021606445, 19.6983966827, 50.4611701965, -28.1031684875, -0.393779188395, 15.4876012802, -27.668718338], [164.825973511, -64.9764022827, -19.5800743103, 228.056915283, 63.2720947266, -67.8917388916, 83.3186798096, 14.6858158112, -65.5385055542, -0.985887467861, -33.0389709473, -61.8029098511, -6.67834663391], [45.7938194275, 130.299377441, 22.3733234406, 63.2720947266, 157.105743408, -11.1921195984, 75.7873840332, -18.6488494873, -17.2096271515, -12.0050506592, 1.87424170971, -35.5772438049, 2.44250249863], [103.323287964, -52.0279541016, 99.1669692993, -67.8917388916, -11.1921195984, 192.933502197, -63.2415466309, 27.2941932678, 38.058139801, 0.807118415833, 5.70846271515, 34.6878585815, -2.65034747124], [-49.4634971619, 95.4429092407, -35.4021606445, 83.3186798096, 75.7873840332, -63.2415466309, 170.322952271, 4.72115278244, -25.3167095184, 4.64462184906, -6.88274812698, -48.7234077454, 5.19213628769], [76.9630508423, -74.7954177856, 19.6983966827, 14.6858158112, -18.6488494873, 27.2941932678, 4.72115278244, 87.312210083, 4.8309211731, 6.12976455688, -2.92300057411, 4.81702136993, 1.72354209423], [-93.3550338745, 62.6516723633, 50.4611701965, -65.5385055542, -17.2096271515, 38.058139801, -25.3167095184, 4.8309211731, 118.904541016, 7.29169082642, 19.5441360474, 47.3638114929, -8.1817407608], [48.6418952942, -49.6952857971, -28.1031684875, -0.985887467861, -12.0050506592, 0.807118415833, 4.64462184906, 6.12976455688, 7.29169082642, 86.8692398071, 21.1022663116, -11.154132843, 9.63341522217], [-22.144323349, 22.425945282, -0.393779188395, -33.0389709473, 1.87424170971, 5.70846271515, -6.88274812698, -2.92300057411, 19.5441360474, 21.1022663116, 64.6760559082, 24.7269210815, -10.1042947769], [-59.600643158, -10.3356409073, 15.4876012802, -61.8029098511, -35.5772438049, 34.6878585815, -48.7234077454, 4.81702136993, 47.3638114929, -11.154132843, 24.7269210815, 86.4829483032, 21.1694450378], [17.9058094025, -16.2884883881, -27.668718338, -6.67834663391, 2.44250249863, -2.65034747124, 5.19213628769, 1.72354209423, -8.1817407608, 9.63341522217, -10.1042947769, 21.1694450378, 59.6494827271]],
        "icov": [[0.000722206314094, -0.00128848303575, 0.00108358135913, -0.00148321886081, 0.000442991469754, -0.00132271717303, 0.00143909675535, -0.00130279839505, 0.000741277704947, -0.00072593765799, 1.97063272935e-05, 0.000244524155278, -0.000261135835899], [-0.00128848303575, 0.0352201536298, -0.0155342966318, 0.023016365245, -0.0210376493633, 0.0174794252962, -0.0203182920814, 0.0212161391973, -0.0173136088997, 0.0167970433831, -0.00656837085262, 0.00799622666091, -0.000868770992383], [0.00108358135913, -0.0155342966318, 0.0111339492723, -0.0109900077805, 0.0081112170592, -0.009894634597, 0.010077717714, -0.0103162750602, 0.00630941009149, -0.00639099581167, 0.00295825325884, -0.00287659745663, 0.00143555784598], [-0.00148321886081, 0.023016365245, -0.0109900077805, 0.0233079306781, -0.0158785544336, 0.0140532944351, -0.0154889477417, 0.0121626490727, -0.0083542605862, 0.00936641450971, -0.000235963365412, 0.00404935330153, 0.0023778360337], [0.000442991469754, -0.0210376493633, 0.0081112170592, -0.0158785544336, 0.0236322004348, -0.012076552026, 0.00831246003509, -0.00923732668161, 0.00877955369651, -0.00618707388639, -0.00121507258154, 0.000481500144815, -0.00402723113075], [-0.00132271717303, 0.0174794252962, -0.009894634597, 0.0140532944351, -0.012076552026, 0.0173741225153, -0.00867022760212, 0.00833156984299, -0.00846906751394, 0.00677140336484, -0.00110155937728, 0.00127904780675, 0.00103856134228], [0.00143909675535, -0.0203182920814, 0.010077717714, -0.0154889477417, 0.00831246003509, -0.00867022760212, 0.0226461999118, -0.0148292630911, 0.00825399998575, -0.00901970732957, 0.00174129172228, 0.00063902977854, -0.00265118503012], [-0.00130279839505, 0.0212161391973, -0.0103162750602, 0.0121626490727, -0.00923732668161, 0.00833156984299, -0.0148292630911, 0.0268834978342, -0.010900025256, 0.00969245564193, -0.00396789284423, 0.0037958137691, -0.00105619383976], [0.000741277704947, -0.0173136088997, 0.00630941009149, -0.0083542605862, 0.00877955369651, -0.00846906751394, 0.00825399998575, -0.010900025256, 0.0229410696775, -0.0130379525945, 0.00691171595827, -0.0144375171512, 0.00744861084968], [-0.00072593765799, 0.0167970433831, -0.00639099581167, 0.00936641450971, -0.00618707388639, 0.00677140336484, -0.00901970732957, 0.00969245564193, -0.0130379525945, 0.0261286627501, -0.0143497139215, 0.015523516573, -0.0100000230595], [1.97063272935e-05, -0.00656837085262, 0.00295825325884, -0.000235963365412, -0.00121507258154, -0.00110155937728, 0.00174129172228, -0.00396789284423, 0.00691171595827, -0.0143497139215, 0.0293818339705, -0.0178073327988, 0.0140725495294], [0.000244524155278, 0.00799622666091, -0.00287659745663, 0.00404935330153, 0.000481500144815, 0.00127904780675, 0.00063902977854, 0.0037958137691, -0.0144375171512, 0.015523516573, -0.0178073327988, 0.0355892218649, -0.0190333612263], [-0.000261135835899, -0.000868770992383, 0.00143555784598, 0.0023778360337, -0.00402723113075, 0.00103856134228, -0.00265118503012, -0.00105619383976, 0.00744861084968, -0.0100000230595, 0.0140725495294, -0.0190333612263, 0.0297855995595]]
    },
    "melbands": {
        "dmean": [0.0012973229168, 0.00214659189805, 0.00100903131533, 0.000339152815286, 0.000471567967907, 0.000459800619865, 0.00043971647392, 0.000153572749696, 8.02915601525e-05, 7.16613358236e-05, 9.1544658062e-05, 5.48977586732e-05, 5.41325098311e-05, 3.59014120477e-05, 1.83450938493e-05, 1.89094880625e-05, 1.40869360621e-05, 1.83331922017e-05, 1.16288611025e-05, 1.08202275442e-05, 6.13341171629e-06, 7.37169511922e-06, 3.34416063197e-06, 4.3654986257e-06, 5.79087782171e-06, 7.82147708378e-06, 4.93147854286e-06, 3.09518418362e-06, 4.96751044921e-06, 1.99297278414e-06, 1.3810991959e-06, 4.16243523205e-07, 3.25552235836e-07, 2.74041724424e-07, 2.50476176689e-07, 3.42844259649e-07, 5.92931655774e-07, 4.23977610353e-07, 3.8479407749e-07, 1.4310775498e-07],
        "dmean2": [0.00210453104228, 0.00363172101788, 0.00165896536782, 0.000554009166081, 0.000723880948499, 0.000653315801173, 0.000624232518021, 0.000210333513678, 0.000114030699478, 0.000110275446787, 0.00013305581524, 8.11104546301e-05, 8.35526516312e-05, 5.36110492249e-05, 2.76202081295e-05, 2.90084844892e-05, 2.1991560061e-05, 2.89010695269e-05, 1.80777169589e-05, 1.77891997737e-05, 1.00008946902e-05, 1.23014406199e-05, 5.643973509e-06, 7.08571496943e-06, 9.63621005212e-06, 1.27945531858e-05, 7.76063552621e-06, 4.81459346702e-06, 7.81489507062e-06, 3.15758848046e-06, 2.15219620259e-06, 6.71410589348e-07, 5.37136088496e-07, 4.453686131e-07, 4.13626622731e-07, 5.70518750465e-07, 9.97466258923e-07, 7.24830215404e-07, 6.71311511269e-07, 2.42925466409e-07],
        "dvar": [2.67196810455e-06, 6.12733720118e-06, 2.23939150601e-06, 3.17249828186e-07, 3.08573049779e-07, 3.91655845533e-07, 3.68617008917e-07, 6.04052345921e-08, 1.24774803822e-08, 1.18680691941e-08, 1.16188667576e-08, 5.56513768402e-09, 1.53177577289e-08, 4.01264399486e-09, 5.73465330778e-10, 9.43680689147e-10, 3.91344318063e-10, 7.9212097992e-10, 4.11351175345e-10, 3.97286786802e-10, 2.2401941413e-10, 1.93464688714e-10, 3.57640098092e-11, 4.75149537771e-11, 1.92129021026e-10, 4.9114656786e-10, 1.38514713588e-10, 6.70510660883e-11, 1.34766864335e-10, 1.59662179311e-11, 1.25101925347e-11, 5.97902857866e-13, 3.21511372213e-13, 2.1146085371e-13, 1.99686065751e-13, 5.46778497045e-13, 2.79293276874e-12, 1.10039343089e-12, 1.07180865745e-12, 1.26395679405e-13],
        "dvar2": [6.54656832921e-06, 1.86890047189e-05, 5.97025928073e-06, 8.16514159396e-07, 7.87924136603e-07, 8.10032872778e-07, 9.04602416085e-07, 1.05454716959e-07, 2.33699584129e-08, 2.57029633133e-08, 2.32210055628e-08, 1.19387930653e-08, 3.56488492059e-08, 8.71656524737e-09, 1.26235466524e-09, 1.9140287133e-09, 9.43664590913e-10, 1.8673322888e-09, 9.62660173798e-10, 1.09183317942e-09, 4.74577821485e-10, 5.31027499751e-10, 9.62125379367e-11, 1.16258169758e-10, 5.65114177675e-10, 1.29996036158e-09, 3.46941669838e-10, 1.69846928189e-10, 3.07599168359e-10, 3.83811211979e-11, 2.77907211133e-11, 1.52069936504e-12, 8.17974160627e-13, 5.13726593817e-13, 5.05500480884e-13, 1.39182502329e-12, 7.16213329963e-12, 2.90744490115e-12, 2.87292368714e-12, 3.32772112817e-13],
        "max": [0.017877291888, 0.0215872861445, 0.0199347641319, 0.00679393159226, 0.00764948362485, 0.0119551131502, 0.0110148182139, 0.00561187975109, 0.00227439915761, 0.00257999799214, 0.00191986479331, 0.00119146530051, 0.00310297263786, 0.00216119782999, 0.000427454855526, 0.000749227358028, 0.000295714096865, 0.000494587584399, 0.000355470343493, 0.0004853499413, 0.000595076708123, 0.000249241129495, 0.000117585979751, 0.000134830246679, 0.000235399478697, 0.000567449314985, 0.000261333567323, 0.000236246691202, 0.000235945408349, 7.8455064795e-05, 7.2892587923e-05, 1.10207156467e-05, 5.82433131058e-06, 4.42621012553e-06, 5.47085255675e-06, 8.43253837957e-06, 2.00651302293e-05, 9.71625104285e-06, 1.01708728835e-05, 4.43647377324e-06],
        "mean": [0.00313797430135, 0.00443334318697, 0.00173016614281, 0.000686464423779, 0.00113279360812, 0.00123477110174, 0.00104125100188, 0.000347139954101, 0.000181130613782, 0.000141016629641, 0.000197308021598, 0.000114056703751, 9.84512298601e-05, 6.92112735123e-05, 3.81095051125e-05, 3.88266889786e-05, 2.66150073003e-05, 3.15119468723e-05, 2.04003499675e-05, 1.99339283427e-05, 1.04666869447e-05, 1.25839915199e-05, 6.24385165793e-06, 8.49569005368e-06, 1.09630700535e-05, 1.77707461262e-05, 1.26439044834e-05, 7.68947575125e-06, 1.3173629668e-05, 4.97264500154e-06, 2.75095976576e-06, 7.48191610001e-07, 5.29742806066e-07, 4.59590722812e-07, 3.99813188778e-07, 4.45023090379e-07, 6.37090636246e-07, 4.32943892292e-07, 3.47130537648e-07, 1.38157375318e-07],
        "median": [0.00282152509317, 0.00384923722595, 0.00109594699461, 0.000377159332857, 0.000851940421853, 0.000830781820696, 0.000728884770069, 0.000176418674528, 0.000107529209345, 7.76117230998e-05, 0.00013496534666, 6.64669787511e-05, 3.56183190888e-05, 3.60100057151e-05, 2.57345509453e-05, 2.30868081417e-05, 1.64927823789e-05, 1.72049149114e-05, 1.0027614735e-05, 1.07177311293e-05, 5.63134153708e-06, 5.82557595408e-06, 3.64922448171e-06, 4.65102220915e-06, 3.6565247683e-06, 3.75187642021e-06, 2.6246507332e-06, 2.0454119749e-06, 2.02052888199e-06, 1.51455174091e-06, 9.62800299931e-07, 4.90884815463e-07, 3.09749850658e-07, 2.78470452031e-07, 2.09082543279e-07, 2.08740260632e-07, 2.36057800862e-07, 1.52566400402e-07, 9.66484989817e-08, 4.21830961272e-08],
        "min": [2.94796076439e-09, 1.72497127693e-09, 8.85177930954e-10, 4.95533658551e-09, 1.77518391098e-08, 2.37030706174e-09, 7.87754028675e-10, 1.04587338789e-09, 9.96926874386e-10, 5.93052273956e-10, 2.81394296753e-10, 1.35616878838e-10, 5.45976597266e-11, 6.31547453223e-11, 6.58353233041e-11, 3.50168609387e-11, 2.95065777367e-11, 2.12381397191e-11, 2.08586845712e-11, 4.27058319263e-11, 1.78653272731e-10, 2.42423459779e-11, 2.38810186903e-11, 1.72306197088e-11, 2.76669694099e-11, 3.87835215332e-11, 5.23159640609e-11, 5.13765384402e-11, 2.8505692598e-11, 2.761320686e-11, 1.89225614344e-11, 1.73519566771e-11, 1.31200744713e-11, 1.0730835491e-11, 6.84239340534e-12, 5.29936771548e-12, 5.11407192635e-12, 3.43044819981e-12, 2.62460062364e-12, 2.67188853507e-12],
        "var": [6.25015809419e-06, 1.20728554975e-05, 3.73183956981e-06, 7.02899512817e-07, 9.37745198826e-07, 1.80943277428e-06, 1.08893857487e-06, 2.53186840382e-07, 5.31308224083e-08, 3.83326650422e-08, 3.88277960894e-08, 1.76163261756e-08, 4.28226449856e-08, 1.52537964482e-08, 1.52951074028e-09, 3.02589242551e-09, 9.23492893268e-10, 1.81164028223e-09, 9.67755875436e-10, 8.3181578292e-10, 5.00573638096e-10, 4.14688255956e-10, 8.11584618954e-11, 1.27410540451e-10, 4.49660780832e-10, 1.80824255569e-09, 7.05015157365e-10, 2.87936396948e-10, 8.5924606319e-10, 7.83866929699e-11, 4.30516872152e-11, 7.77927798134e-13, 4.00207265331e-13, 2.96927765578e-13, 2.64130731176e-13, 5.25662033433e-13, 2.2347831051e-12, 8.5688704396e-13, 7.93173198562e-13, 1.05620488755e-13]
    },
    "mfcc": {
        "mean": [-633.138183594, 156.177352905, 6.52962684631, 31.8396072388, -1.15405642986, 3.29811644554, 4.98109006882, -2.36976933479, -2.1642832756, 5.88327932358, -4.5145149231, 5.496489048, -0.45619225502],
        "cov": [[2132.7512207, -372.488128662, -212.887329102, 64.9576568604, 51.836101532, -3.94479441643, 101.070358276, -63.7013053894, 28.9670753479, 54.9620857239, -72.610786438, 2.59470081329, -0.564977228642], [-372.488128662, 494.43649292, 35.7761535645, 0.312326520681, 25.3650341034, 55.3321456909, -7.9864897728, 42.1471328735, -11.9811086655, -2.5540626049, 31.6734256744, 14.2565002441, -9.6475687027], [-212.887329102, 35.7761535645, 330.263061523, -121.277015686, 81.918586731, 30.7801551819, -72.375213623, 70.9070739746, 0.531182467937, -26.0660076141, 56.3995094299, 4.25211381912, 9.50199317932], [64.9576568604, 0.312326520681, -121.277015686, 351.796081543, -52.3655128479, -27.2731342316, 133.459869385, -39.6049079895, 37.3181037903, 38.5017433167, -39.4921836853, -3.69468021393, -46.7180175781], [51.836101532, 25.3650341034, 81.918586731, -52.3655128479, 132.757217407, 39.3802070618, -14.7299003601, 32.3828849792, -8.83870983124, -7.69940900803, 8.83210277557, -4.32354307175, 9.61646270752], [-3.94479441643, 55.3321456909, 30.7801551819, -27.2731342316, 39.3802070618, 105.684013367, 4.21983289719, 10.711643219, 2.95501303673, 0.529315114021, 7.8449306488, 3.73672533035, 4.67679309845], [101.070358276, -7.9864897728, -72.375213623, 133.459869385, -14.7299003601, 4.21983289719, 177.927658081, -24.0799255371, 22.6924495697, 45.9835205078, -34.3015823364, -4.83069610596, -27.3374214172], [-63.7013053894, 42.1471328735, 70.9070739746, -39.6049079895, 32.3828849792, 10.711643219, -24.0799255371, 112.915863037, 7.95067596436, -13.7992200851, 13.5404996872, -13.9731836319, 10.6977291107], [28.9670753479, -11.9811086655, 0.531182467937, 37.3181037903, -8.83870983124, 2.95501303673, 22.6924495697, 7.95067596436, 88.9766082764, 10.3670063019, -11.0871801376, 4.81655693054, -16.7560577393], [54.9620857239, -2.5540626049, -26.0660076141, 38.5017433167, -7.69940900803, 0.529315114021, 45.9835205078, -13.7992200851, 10.3670063019, 76.9869613647, 6.29438018799, 0.781219303608, -2.05031442642], [-72.610786438, 31.6734256744, 56.3995094299, -39.4921836853, 8.83210277557, 7.8449306488, -34.3015823364, 13.5404996872, -11.0871801376, 6.29438018799, 82.1596298218, 20.5724582672, 4.5765171051], [2.59470081329, 14.2565002441, 4.25211381912, -3.69468021393, -4.32354307175, 3.73672533035, -4.83069610596, -13.9731836319, 4.81655693054, 0.781219303608, 20.5724582672, 73.8712615967, 13.522564888], [-0.564977228642, -9.6475687027, 9.50199317932, -46.7180175781, 9.61646270752, 4.67679309845, -27.3374214172, 10.6977291107, -16.7560577393, -2.05031442642, 4.5765171051, 13.522564888, 75.4674072266]],
