{
"lowlevel": {
    "average_loudness": 0.735307872295,
    "barkbands_crest": {
        "dmean": 2.22359776497,
        "dmean2": 3.51380801201,
        "dvar": 4.71588659286,
        "dvar2": 12.4002504349,
        "max": 25.4828834534,
        "mean": 10.7879695892,
        "median": 9.94673919678,
        "min": 2.70193576813,
        "var": 15.6585731506
    },
    "barkbands_flatness_db": {
        "dmean": 0.0226326603442,
        "dmean2": 0.0316312685609,
        "dvar": 0.000465878110845,
        "dvar2": 0.000980891520157,
        "max": 0.334721833467,
        "mean": 0.170256987214,
        "median": 0.163297310472,
        "min": 0.0298547726125,
        "var": 0.00365471490659
    },
    "barkbands_kurtosis": {
        "dmean": 2.93974781036,
        "dmean2": 4.38570690155,
        "dvar": 21.1823806763,
        "dvar2": 48.3411331177,
        "max": 125.018310547,
        "mean": 6.93246603012,
        "median": 4.40141057968,
        "min": -1.88109564781,
        "var": 116.05708313
    },
    "barkbands_skewness": {
        "dmean": 0.473546743393,
        "dmean2": 0.694951295853,
        "dvar": 0.247845485806,
        "dvar2": 0.502436280251,
        "max": 8.97151184082,
        "mean": 1.87549710274,
        "median": 1.86965966225,
        "min": -4.58006858826,
        "var": 1.68521213531
    },
    "barkbands_spread": {
        "dmean": 5.08210515976,
        "dmean2": 7.36152410507,
        "dvar": 52.7939605713,
        "dvar2": 115.713630676,
        "max": 97.3823928833,
        "mean": 19.1239929199,
        "median": 15.6924848557,
        "min": 0.72789722681,
        "var": 240.099960327
    },
    "dissonance": {
        "dmean": 0.0216888133436,
        "dmean2": 0.0350811630487,
        "dvar": 0.000661404803395,
        "dvar2": 0.00152994017117,
        "max": 0.500000059605,
        "mean": 0.447095155716,
        "median": 0.45600092411,
        "min": 0,
        "var": 0.0017876905622
    },
    "dynamic_complexity": 6.57234764099,
    "erbbands_crest": {
        "dmean": 2.56236100197,
        "dmean2": 3.93721485138,
        "dvar": 6.35451793671,
        "dvar2": 14.026345253,
        "max": 32.0650215149,
        "mean": 10.938293457,
        "median": 9.88360786438,
        "min": 2.73286008835,
        "var": 27.9981231689
    },
    "erbbands_flatness_db": {
        "dmean": 0.0165179409087,
        "dmean2": 0.0231357850134,
        "dvar": 0.000281680142507,
        "dvar2": 0.000555731472559,
        "max": 0.354534596205,
        "mean": 0.170446738601,
        "median": 0.156010881066,
        "min": 0.0453361459076,
        "var": 0.00355986668728
    },
    "erbbands_kurtosis": {
        "dmean": 1.24345517159,
        "dmean2": 1.78792846203,
        "dvar": 4.26705980301,
        "dvar2": 8.44292831421,
        "max": 41.2636222839,
        "mean": 1.60498213768,
        "median": 0.17142534256,
        "min": -1.7903547287,
        "var": 19.73711586
    },
    "erbbands_skewness": {
        "dmean": 0.374854058027,
        "dmean2": 0.530975341797,
        "dvar": 0.143940493464,
        "dvar2": 0.288045883179,
        "max": 5.13822221756,
        "mean": 0.77475643158,
        "median": 0.65748924017,
        "min": -3.77759647369,
        "var": 0.982469439507
    },
    "erbbands_spread": {
        "dmean": 7.94970941544,
        "dmean2": 11.3062877655,
        "dvar": 96.6226501465,
        "dvar2": 196.891235352,
        "max": 147.191040039,
        "mean": 38.782081604,
        "median": 36.2256965637,
        "min": 2.85094976425,
        "var": 482.820220947
    },
    "hfc": {
        "dmean": 4.98245763779,
        "dmean2": 6.60590696335,
        "dvar": 109.876213074,
        "dvar2": 195.501602173,
        "max": 140.966033936,
        "mean": 15.0553598404,
        "median": 6.99187850952,
        "min": 1.14219362147e-16,
        "var": 404.96395874
    },
    "melbands_crest": {
        "dmean": 2.60510230064,
        "dmean2": 4.13356304169,
        "dvar": 7.02486896515,
        "dvar2": 17.6376819611,
        "max": 31.8953361511,
        "mean": 14.2798166275,
        "median": 13.3735113144,
        "min": 1.00017809868,
        "var": 22.5514125824
    },
    "melbands_flatness_db": {
        "dmean": 0.0254963859916,
        "dmean2": 0.0342104546726,
        "dvar": 0.000596339174081,
        "dvar2": 0.0012378761312,
        "max": 0.404110401869,
        "mean": 0.223424479365,
        "median": 0.2198998034,
        "min": 4.31432845005e-09,
        "var": 0.00500176940113
    },
    "melbands_kurtosis": {
        "dmean": 6.1765871048,
        "dmean2": 9.51961326599,
        "dvar": 59.0035324097,
        "dvar2": 132.531585693,
        "max": 141.368484497,
        "mean": 15.8688993454,
        "median": 11.7914733887,
        "min": -1.91203331947,
        "var": 242.777496338
    },
    "melbands_skewness": {
        "dmean": 0.631900787354,
        "dmean2": 0.959556043148,
        "dvar": 0.392632633448,
        "dvar2": 0.870556473732,
        "max": 8.67020797729,
        "mean": 2.82209897041,
        "median": 2.78062295914,
        "min": -0.789330720901,
        "var": 2.15055298805
    },
    "melbands_spread": {
        "dmean": 6.07415151596,
        "dmean2": 8.77383518219,
        "dvar": 177.193374634,
        "dvar2": 315.023071289,
        "max": 249.733505249,
        "mean": 20.0410270691,
        "median": 12.7973546982,
        "min": 0.979777395725,
        "var": 557.239868164
    },
    "pitch_salience": {
        "dmean": 0.0617389678955,
        "dmean2": 0.0957592874765,
        "dvar": 0.00377549114637,
        "dvar2": 0.00927808880806,
        "max": 0.996098160744,
        "mean": 0.535236656666,
        "median": 0.541186630726,
        "min": 0.164021298289,
        "var": 0.0124239483848
    },
    "silence_rate_20dB": {
        "dmean": 0,
        "dmean2": 0,
        "dvar": 0,
        "dvar2": 0,
        "max": 1,
        "mean": 1,
        "median": 1,
        "min": 1,
        "var": 0
    },
    "silence_rate_30dB": {
        "dmean": 0.030959751457,
        "dmean2": 0.0619674660265,
        "dvar": 0.0300009027123,
        "dvar2": 0.0767164751887,
        "max": 1,
        "mean": 0.976798117161,
        "median": 1,
        "min": 0,
        "var": 0.0226631872356
    },
    "silence_rate_60dB": {
        "dmean": 0.0170278642327,
        "dmean2": 0.0340821072459,
        "dvar": 0.0167378894985,
        "dvar2": 0.0375683605671,
        "max": 1,
        "mean": 0.259860783815,
        "median": 0,
        "min": 0,
        "var": 0.19233264029
    },
    "spectral_centroid": {
        "dmean": 246.524261475,
        "dmean2": 352.820739746,
        "dvar": 169984.84375,
        "dvar2": 269753.46875,
        "max": 11218.4423828,
        "mean": 1132.96679688,
        "median": 1000.36260986,
        "min": 302.759155273,
        "var": 553190.875
    },
    "spectral_complexity": {
        "dmean": 3.27399373055,
        "dmean2": 4.40588712692,
        "dvar": 28.144821167,
        "dvar2": 43.7515945435,
        "max": 59,
        "mean": 13.7687549591,
        "median": 10,
        "min": 0,
        "var": 150.101791382
    },
    "spectral_decrease": {
        "dmean": 2.10800998879e-09,
        "dmean2": 3.33821992271e-09,
        "dvar": 2.94087457007e-17,
        "dvar2": 6.66477485159e-17,
        "max": -4.54431265302e-29,
        "mean": -5.01512120721e-09,
        "median": -3.59297769315e-09,
        "min": -5.89983422117e-08,
        "var": 4.71070061339e-17
    },
    "spectral_energy": {
        "dmean": 0.00828774366528,
        "dmean2": 0.0130242630839,
        "dvar": 0.000447479746072,
        "dvar2": 0.00100839463994,
        "max": 0.231945589185,
        "mean": 0.0202938131988,
        "median": 0.0146736176684,
        "min": 1.05315448134e-20,
        "var": 0.000742308795452
    },
    "spectral_energyband_high": {
        "dmean": 0.000335397722665,
        "dmean2": 0.000444083678303,
        "dvar": 7.37847130949e-07,
        "dvar2": 1.22035999084e-06,
        "max": 0.0151033811271,
        "mean": 0.000790024467278,
        "median": 0.000169400547748,
        "min": 8.27365031824e-21,
        "var": 2.56704811363e-06
    },
    "spectral_energyband_low": {
        "dmean": 0.00513279158622,
        "dmean2": 0.0087361400947,
        "dvar": 0.000248663156526,
        "dvar2": 0.000650164962281,
        "max": 0.172858998179,
        "mean": 0.0077343811281,
        "median": 0.00411575473845,
        "min": 2.08735410177e-22,
        "var": 0.000241228728555
    },
    "spectral_energyband_middle_high": {
        "dmean": 0.00127514847554,
        "dmean2": 0.0017811905127,
        "dvar": 5.96588915869e-06,
        "dvar2": 1.33770499815e-05,
        "max": 0.0471942536533,
        "mean": 0.00410409411415,
        "median": 0.00100948777981,
        "min": 1.02573102065e-21,
        "var": 4.60915143776e-05
    },
    "spectral_energyband_middle_low": {
        "dmean": 0.00380910024978,
        "dmean2": 0.00596576137468,
        "dvar": 5.97494981776e-05,
        "dvar2": 0.000134655609145,
        "max": 0.0806645527482,
        "mean": 0.00810481235385,
        "median": 0.00534750940278,
        "min": 2.75269541889e-22,
        "var": 0.000106062383566
    },
    "spectral_entropy": {
        "dmean": 0.19083032012,
        "dmean2": 0.253641843796,
        "dvar": 0.0394712984562,
        "dvar2": 0.0731595754623,
        "max": 9.79808521271,
        "mean": 7.32470798492,
        "median": 7.45391130447,
        "min": 5.48179244995,
        "var": 0.441314905882
    },
    "spectral_flux": {
        "dmean": 0.0207818299532,
        "dmean2": 0.0295399166644,
        "dvar": 0.00111150415614,
        "dvar2": 0.00217637280002,
        "max": 0.400053650141,
        "mean": 0.0584292262793,
        "median": 0.0439252443612,
        "min": 1.02623312626e-10,
        "var": 0.0033437802922
    },
    "spectral_kurtosis": {
        "dmean": 1.94850051403,
        "dmean2": 3.14534187317,
        "dvar": 7.48281812668,
        "dvar2": 19.7668228149,
        "max": 47.0522232056,
        "mean": 5.34602546692,
        "median": 3.49128007889,
        "min": -1.1925008297,
        "var": 30.7387046814
    },
    "spectral_rms": {
        "dmean": 0.000661439669784,
        "dmean2": 0.00100730080158,
        "dvar": 1.44414536862e-06,
        "dvar2": 3.11467488245e-06,
        "max": 0.0150428842753,
        "mean": 0.00369696784765,
        "median": 0.00378361274488,
        "min": 3.20541379897e-12,
        "var": 6.13123711446e-06
    },
    "spectral_rolloff": {
        "dmean": 449.764221191,
        "dmean2": 715.383361816,
        "dvar": 1295246.5,
        "dvar2": 2309712,
        "max": 18755.4199219,
        "mean": 1352.1451416,
        "median": 667.529296875,
        "min": 129.19921875,
        "var": 3726520.25
    },
    "spectral_skewness": {
        "dmean": 0.256911128759,
        "dmean2": 0.388693839312,
        "dvar": 0.0699108317494,
        "dvar2": 0.160462766886,
        "max": 5.21993970871,
        "mean": 1.68726968765,
        "median": 1.54349136353,
        "min": -0.251896232367,
        "var": 0.532036066055
    },
    "spectral_spread": {
        "dmean": 566349.375,
        "dmean2": 819496.375,
        "dvar": 1.21956859904e+12,
        "dvar2": 1.62162868224e+12,
        "max": 40083196,
        "mean": 4691662.5,
        "median": 4643502.5,
        "min": 1556148.5,
        "var": 4.13451393434e+12
    },
    "spectral_strongpeak": {
        "dmean": 0.344509422779,
        "dmean2": 0.575272262096,
        "dvar": 0.557627081871,
        "dvar2": 1.31707310677,
        "max": 11.094909668,
        "mean": 0.848244965076,
        "median": 0.394591629505,
        "min": 0,
        "var": 1.52969837189
    },
    "zerocrossingrate": {
        "dmean": 0.0115808071569,
        "dmean2": 0.0126771582291,
        "dvar": 0.000415770133259,
        "dvar2": 0.000440875795903,
        "max": 0.4912109375,
        "mean": 0.0573615282774,
        "median": 0.044921875,
        "min": 0.00830078125,
        "var": 0.00272204703651
    },
    "barkbands": {
        "dmean": [1.64591874636e-05, 0.00327754858881, 0.00200109020807, 0.000660587509628, 0.00242944736965, 0.000535964907613, 0.000430874351878, 0.000576754217036, 0.000473956170026, 0.000541626941413, 0.000255942315562, 0.000182383591891, 0.000136506452691, 0.000108767868369, 0.000141381271533, 0.000160168463481, 0.0001137818399, 0.00016280222917, 0.000135023990879, 8.88621652848e-05, 9.56452277023e-05, 7.74386426201e-05, 6.99088195688e-05, 5.31529767613e-05, 5.99994637014e-05, 1.90622577065e-05, 5.97829512117e-07],
        "dmean2": [2.72525594482e-05, 0.00545486621559, 0.00357843749225, 0.00114677206147, 0.00406779395416, 0.000861057022121, 0.000659861660097, 0.000893160991836, 0.000734393601306, 0.000800541834906, 0.000381937104976, 0.00024623554782, 0.000199955669814, 0.000175031513209, 0.000207654476981, 0.000235911371419, 0.000172522501089, 0.000245835020905, 0.000220902933506, 0.00014570831263, 0.000134746762342, 0.000108417203592, 9.75891962298e-05, 7.36538568162e-05, 8.44362511998e-05, 2.90305579256e-05, 1.04105151877e-06],
        "dvar": [3.47608497542e-09, 9.15422133403e-05, 4.88346013299e-05, 2.199438768e-06, 3.22043415508e-05, 9.86225359156e-07, 7.077957207e-07, 1.7792123117e-06, 2.37037102124e-06, 1.99418946067e-06, 1.75951572601e-06, 6.93318497724e-07, 1.12941904717e-07, 9.18641660519e-08, 1.76125141138e-07, 1.10290336863e-07, 7.36794589784e-08, 7.97739474478e-08, 1.3474267746e-07, 6.31127718975e-08, 5.03503407856e-08, 3.86009588738e-08, 3.4298086149e-08, 1.64996034613e-08, 1.47347748225e-07, 3.79354192503e-09, 3.55135040299e-12],
        "dvar2": [8.79010375598e-09, 0.000230171601288, 0.00013788502838, 6.13644624536e-06, 8.34453749121e-05, 2.56740622717e-06, 1.59508942943e-06, 4.32415572504e-06, 5.66138032809e-06, 4.42385044153e-06, 4.26255701313e-06, 1.12057296064e-06, 2.23429765356e-07, 2.10574441439e-07, 4.03879425903e-07, 2.24136400107e-07, 1.72909395246e-07, 1.81843191172e-07, 3.82536967436e-07, 1.67204646573e-07, 1.06187080462e-07, 7.35616509928e-08, 6.04044743113e-08, 3.14646442234e-08, 2.67974598955e-07, 7.43784500656e-09, 9.26496639825e-12],
        "max": [0.000725540157873, 0.114829957485, 0.0771698430181, 0.0158504731953, 0.0546777769923, 0.010301310569, 0.00918387621641, 0.0217660237104, 0.0252700801939, 0.0283171273768, 0.0391218848526, 0.0298710409552, 0.00718438625336, 0.00491706980392, 0.00843959394842, 0.00475116120651, 0.00440087728202, 0.00329462625086, 0.00515522249043, 0.0026557284873, 0.00278761307709, 0.00497486721724, 0.00567329255864, 0.00192410871387, 0.010413037613, 0.00147740542889, 2.77461076621e-05],
        "mean": [1.67600919667e-05, 0.00501427333802, 0.00235282233916, 0.000884291657712, 0.00344461156055, 0.001019953168, 0.000765706470702, 0.00106042844709, 0.000719156116247, 0.00175674143247, 0.000445368525106, 0.000347220891854, 0.000194895357708, 0.000151359228767, 0.000261594977928, 0.000263301684754, 0.000191568717128, 0.000297129241517, 0.000239215340116, 0.000148491570144, 0.00017581533757, 0.000163086981047, 0.000155751040438, 0.000103176687844, 9.35028074309e-05, 2.70959553745e-05, 4.79384141272e-07],
        "median": [8.13646693132e-07, 0.00245360611007, 0.000526252377313, 0.000288880517473, 0.00127388071269, 0.000574148900341, 0.000399174168706, 0.000405017635785, 0.000134063287987, 0.000112525289296, 3.50671798515e-05, 6.46544649499e-05, 4.59452712676e-05, 3.62520404451e-05, 2.82326291199e-05, 4.49112048955e-05, 5.06826909259e-05, 7.45827273931e-05, 3.74546143576e-05, 2.94131605187e-05, 2.95870777336e-05, 2.56736275333e-05, 2.84169436782e-05, 1.95002248802e-05, 1.04010150608e-05, 3.40132055499e-06, 4.14737044707e-09],
        "min": [4.64735093325e-23, 9.67265901013e-23, 7.29688890482e-23, 1.85087026313e-23, 4.19623325153e-23, 5.87749589568e-23, 3.27010297574e-23, 6.30269003033e-23, 5.49599771321e-23, 3.82292439188e-23, 3.27849519359e-23, 5.52109863612e-23, 9.86683491314e-23, 8.13658526896e-23, 3.40571479178e-23, 1.61768499903e-22, 1.00380322446e-22, 1.16668148126e-22, 2.01550780597e-22, 4.54021434531e-22, 5.85090282659e-22, 5.85428697676e-22, 5.54517063198e-22, 1.09196039962e-21, 1.30622925884e-21, 1.77532346499e-21, 2.23453774998e-21],
        "var": [3.57865936884e-09, 9.85225924524e-05, 3.59834302799e-05, 2.3638640414e-06, 3.88895859942e-05, 1.70652708675e-06, 1.21357948046e-06, 2.94399546874e-06, 3.7435872855e-06, 1.96764431166e-05, 3.66113704331e-06, 2.81065490526e-06, 2.17072411601e-07, 1.25877235746e-07, 4.15225940742e-07, 2.72461591067e-07, 1.16640137549e-07, 2.16232294292e-07, 3.14041557203e-07, 9.37895876518e-08, 1.16759153457e-07, 1.40379626146e-07, 1.48960836555e-07, 4.50496067117e-08, 2.62989885869e-07, 8.18736722863e-09, 3.2568921518e-12]
    },
    "erbbands": {
        "dmean": [0.0499374829233, 0.891902685165, 2.52104401588, 1.81262922287, 7.10237360001, 8.48310852051, 3.46388578415, 4.59929418564, 5.59065008163, 9.13034152985, 13.6017904282, 10.4993724823, 12.5910005569, 17.0515079498, 8.99629020691, 5.57601213455, 5.53959560394, 5.72419214249, 7.24272727966, 6.80667543411, 7.72545528412, 6.43241167068, 9.30615615845, 8.13328456879, 5.17472267151, 4.16818094254, 4.36841058731, 2.92637395859, 2.60726952553, 2.83618736267, 1.79797554016, 1.28516113758, 0.792963862419, 0.717018544674, 0.403389036655, 0.120228052139, 0.0298170149326, 0.00322573701851, 7.13811532478e-05, 1.16731707749e-05],
        "dmean2": [0.079719543457, 1.5033570528, 4.46824550629, 3.14249944687, 11.9030065536, 14.1202173233, 5.40935707092, 7.44598436356, 8.70354557037, 14.3405656815, 21.143409729, 16.3756599426, 18.5109100342, 25.5073890686, 13.8258886337, 7.91014432907, 8.04596138, 9.11943244934, 11.1287221909, 9.75595283508, 11.4621829987, 9.5392332077, 14.007897377, 13.1708431244, 8.27672767639, 6.83729839325, 6.18103742599, 4.36179494858, 3.74495220184, 4.12902975082, 2.41659665108, 1.79072415829, 1.14069473743, 0.988637447357, 0.571176409721, 0.184975147247, 0.0450820624828, 0.00512095028535, 0.000111511370051, 1.71864812728e-05],
        "dvar": [0.0256503988057, 6.69668722153, 65.8770828247, 29.800775528, 218.536987305, 515.373840332, 49.3441696167, 87.1259765625, 104.652427673, 436.476287842, 1181.96691895, 1154.03662109, 996.834472656, 2368.43652344, 1784.99926758, 243.480209351, 193.275482178, 202.154815674, 501.477325439, 222.941375732, 276.516815186, 239.955276489, 279.492462158, 534.530578613, 249.517684937, 133.068969727, 103.996253967, 51.0387115479, 40.7713699341, 56.6827774048, 23.9208946228, 7.10001134872, 7.99644756317, 23.2792854309, 6.05354738235, 0.22440123558, 0.00614860234782, 6.7370441684e-05, 3.53771376638e-08, 7.32773508538e-10],
        "dvar2": [0.0589935109019, 17.0804042816, 184.384567261, 83.024887085, 627.515075684, 1300.38879395, 128.498626709, 229.662063599, 247.887969971, 1047.91601562, 2928.50805664, 2833.32836914, 1994.28564453, 5259.10595703, 4050.98950195, 466.961425781, 402.201171875, 444.189666748, 1215.42675781, 413.16619873, 565.440429688, 558.932678223, 641.086975098, 1572.2598877, 666.364807129, 352.706176758, 216.798095703, 116.978591919, 82.8632507324, 100.08380127, 40.8470191956, 14.4319505692, 15.1150169373, 44.0958709717, 11.7886514664, 0.466920554638, 0.010841618292, 0.000143469253089, 7.17534618389e-08, 1.53463353136e-09],
        "max": [1.8301358223, 30.9450359344, 80.0600357056, 59.7790527344, 133.624084473, 202.49772644, 73.7824478149, 107.623840332, 103.170516968, 238.206298828, 590.825012207, 519.936462402, 628.98449707, 975.984924316, 1186.8046875, 493.708099365, 280.303436279, 303.85848999, 423.196136475, 257.008605957, 180.060241699, 205.2578125, 200.127700806, 329.076965332, 203.898513794, 120.816513062, 147.748443604, 74.1834716797, 150.689926147, 228.899230957, 150.671920776, 45.8118171692, 51.7806854248, 144.417129517, 55.2751579285, 10.7940301895, 1.82089245319, 0.142532557249, 0.00330839329399, 0.000288114097202],
        "mean": [0.0688293799758, 1.37128555775, 3.32796931267, 2.50506711006, 10.1789398193, 10.2553949356, 5.95736980438, 8.63456058502, 10.7767028809, 14.7583408356, 25.1932506561, 17.5311508179, 26.4661903381, 58.0581512451, 20.1238956451, 11.0532779694, 8.30449390411, 9.10657978058, 12.8298225403, 13.6266098022, 12.8289070129, 11.2009124756, 16.9778213501, 15.6907978058, 8.67111873627, 7.19417905807, 7.57968139648, 5.79861831665, 5.51844453812, 6.15762281418, 4.01733589172, 2.44338703156, 1.56531012058, 1.13089179993, 0.598446547985, 0.181711673737, 0.0393765754998, 0.00362579221837, 9.52815826167e-05, 2.9146691304e-05],
        "median": [0.0212700814009, 0.694570481777, 0.971541762352, 1.20333993435, 2.78380727768, 3.66754603386, 2.8295481205, 4.43682003021, 6.51591205597, 6.32764339447, 10.3012399673, 5.55344676971, 5.1084151268, 3.73701834679, 2.86276912689, 3.03950023651, 2.31161880493, 2.97435498238, 1.60027694702, 2.16751098633, 3.21888494492, 2.97083902359, 4.20497083664, 2.79386639595, 1.78407359123, 1.43928706646, 1.3691188097, 0.933992683887, 0.818287432194, 1.04574728012, 0.733679294586, 0.474952578545, 0.281266331673, 0.124903202057, 0.0682007297873, 0.0251754876226, 0.00421155802906, 0.000276442908216, 1.78311875061e-05, 1.91803010239e-05],
        "min": [3.91757059801e-21, 1.83403648638e-20, 8.25589000732e-20, 6.39894514162e-20, 1.3846945293e-19, 1.41869023076e-19, 2.22316861291e-19, 5.20854280125e-19, 4.13476439695e-19, 1.08372240773e-18, 1.3457045698e-18, 1.17275154687e-18, 7.44586369896e-19, 1.8230831158e-18, 1.70766402e-18, 2.21050184109e-18, 4.61702604861e-18, 3.62223382854e-18, 3.40996811642e-18, 4.26264408981e-18, 8.89317344833e-18, 5.1897977512e-18, 6.85905691273e-18, 4.7824973263e-18, 1.31709958888e-17, 2.02196078563e-17, 2.53619730033e-17, 2.36751647914e-17, 2.16442196663e-17, 1.33737593636e-17, 1.92111191797e-17, 2.23839160029e-17, 1.51922720998e-17, 1.41802463988e-17, 1.03147958276e-17, 5.83428890802e-18, 3.40242629718e-18, 1.292986695e-18, 2.95995751306e-19, 3.42740800471e-20],
        "var": [0.0291950702667, 7.04229593277, 53.4622497559, 25.1489562988, 291.681274414, 522.485656738, 83.6638336182, 144.442764282, 184.215942383, 636.987243652, 1808.82739258, 1768.26660156, 2994.53100586, 22584.8242188, 5661.29394531, 862.281311035, 364.30682373, 387.087524414, 889.072021484, 902.098388672, 548.504089355, 394.609039307, 715.577880859, 1392.25891113, 333.444488525, 217.789367676, 224.533065796, 127.827033997, 144.677612305, 223.874053955, 103.313430786, 21.9328784943, 18.3469257355, 38.8080253601, 10.4970684052, 0.462276726961, 0.0142511790618, 0.000111340646981, 6.59854535456e-08, 1.51900192424e-09]
    },
    "gfcc": {
        "mean": [-76.4583435059, 97.8963394165, -114.243164062, 30.1210479736, -73.0923995972, 7.49511241913, -43.0405197144, 8.28416061401, -21.994468689, -2.82832312584, -16.3516540527, -0.239447712898, -11.9239034653],
        "cov": [[25820.1171875, -1959.078125, 228.490814209, 2132.16601562, 368.639648438, 1761.85986328, 609.442749023, 1680.57568359, -204.019973755, 483.283538818, -546.69354248, 343.377990723, -350.803588867], [-1959.078125, 1917.17456055, -113.074729919, -3.88510489464, 486.840759277, -88.1431350708, 203.178375244, -273.981994629, 296.750427246, -169.870193481, 103.573265076, -148.008102417, 171.02305603], [228.490814209, -113.074729919, 900.325073242, 359.185577393, 167.583480835, 177.34576416, 125.419006348, 121.999443054, -45.2504081726, 109.246627808, -92.328918457, -52.0090866089, -86.2211532593], [2132.16601562, -3.88510489464, 359.185577393, 763.962585449, 289.825012207, 277.984558105, 198.283050537, 201.354568481, 101.938575745, 85.9306640625, -74.8538360596, -16.739610672, 14.3024969101], [368.639648438, 486.840759277, 167.583480835, 289.825012207, 530.520507812, 161.5884552, 195.101074219, 80.9542694092, 140.7993927, 5.85062789917, -73.0944976807, -9.88297176361, 21.8216609955], [1761.85986328, -88.1431350708, 177.34576416, 277.984558105, 161.5884552, 350.352752686, 162.159301758, 190.918991089, 6.69421339035, 14.8584241867, -59.7155036926, 1.58932733536, -8.68790626526], [609.442749023, 203.178375244, 125.419006348, 198.283050537, 195.101074219, 162.159301758, 243.342880249, 103.420135498, 59.0499000549, -7.9652929306, -28.1491146088, -12.0843381882, -7.9191570282], [1680.57568359, -273.981994629, 121.999443054, 201.354568481, 80.9542694092, 190.918991089, 103.420135498, 281.126861572, 9.30299758911, 35.8815689087, -57.897644043, 20.1417312622, -63.0403327942], [-204.019973755, 296.750427246, -45.2504081726, 101.938575745, 140.7993927, 6.69421339035, 59.0499000549, 9.30299758911, 150.605438232, 0.960442125797, 15.7411365509, -23.279132843, 37.0929985046], [483.283538818, -169.870193481, 109.246627808, 85.9306640625, 5.85062789917, 14.8584241867, -7.9652929306, 35.8815689087, 0.960442125797, 121.789596558, 4.62610530853, 23.5172977448, -20.5416202545], [-546.69354248, 103.573265076, -92.328918457, -74.8538360596, -73.0944976807, -59.7155036926, -28.1491146088, -57.897644043, 15.7411365509, 4.62610530853, 159.887741089, 30.8809432983, 42.3761253357], [343.377990723, -148.008102417, -52.0090866089, -16.739610672, -9.88297176361, 1.58932733536, -12.0843381882, 20.1417312622, -23.279132843, 23.5172977448, 30.8809432983, 106.679496765, 6.0953912735], [-350.803588867, 171.02305603, -86.2211532593, 14.3024969101, 21.8216609955, -8.68790626526, -7.9191570282, -63.0403327942, 37.0929985046, -20.5416202545, 42.3761253357, 6.0953912735, 132.669158936]],
        "icov": [[0.000139003313961, -0.000253124511801, 0.00030470333877, -0.000355145399226, 0.000281869171886, -0.000439613126218, 0.000184194781468, -0.000582992099226, 0.000581158150453, -0.000607014575507, 0.000417584262323, -0.000414899550378, 0.000218198547373], [-0.000253124511801, 0.00249465159141, -0.000683758233208, 0.0010246494785, -0.00215586670674, 0.00110141350888, -0.00148159719538, 0.00279495003633, -0.00293393502943, 0.00287333503366, -0.00228340923786, 0.00263037648983, -0.000899937644135], [0.00030470333877, -0.000683758233208, 0.00262068258598, -0.00147823104635, 0.000149690240505, -0.00103412102908, 4.49894469057e-05, -0.00121923233382, 0.00319123687223, -0.00291735446081, 0.000926953624003, 0.000382129044738, 0.00122308067512], [-0.000355145399226, 0.0010246494785, -0.00147823104635, 0.00376856466755, -0.00125086167827, 0.0001441402419, -0.00110719911754, 0.00109152391087, -0.00321997632273, 0.000625037122518, -0.000801594113, 0.0014788408298, -0.00177401688416], [0.000281869171886, -0.00215586670674, 0.000149690240505, -0.00125086167827, 0.00598774384707, -0.00190012599342, -0.000341794191627, -0.00168981775641, -0.000948387605604, -0.00220365589485, 0.00398462731391, -0.00407073320821, 0.000662158767227], [-0.000439613126218, 0.00110141350888, -0.00103412102908, 0.0001441402419, -0.00190012599342, 0.00835072156042, -0.00309333368205, -0.00132448517252, 0.000651175389066, 0.00253916578367, -0.00137232348789, 0.00219329539686, -0.00267581967637], [0.000184194781468, -0.00148159719538, 4.49894469057e-05, -0.00110719911754, -0.000341794191627, -0.00309333368205, 0.00906746927649, -0.00238663121127, 0.0002949993941, 0.000194604814169, 0.000311543524731, -0.00147521984763, 0.00172232917976], [-0.000582992099226, 0.00279495003633, -0.00121923233382, 0.00109152391087, -0.00168981775641, -0.00132448517252, -0.00238663121127, 0.0115480646491, -0.00572713371366, 0.00347868702374, -0.00182909995783, 0.00113343191333, 0.0021535186097], [0.000581158150453, -0.00293393502943, 0.00319123687223, -0.00321997632273, -0.000948387605604, 0.000651175389066, 0.0002949993941, -0.00572713371366, 0.0178367979825, -0.00585453258827, 0.000408955907915, 0.0012393919751, -0.000846235081553], [-0.000607014575507, 0.00287333503366, -0.00291735446081, 0.000625037122518, -0.00220365589485, 0.00253916578367, 0.000194604814169, 0.00347868702374, -0.00585453258827, 0.0158124621958, -0.00408277148381, 0.000140521719004, 0.000303693377646], [0.000417584262323, -0.00228340923786, 0.000926953624003, -0.000801594113, 0.00398462731391, -0.00137232348789, 0.000311543524731, -0.00182909995783, 0.000408955907915, -0.00408277148381, 0.0114663010463, -0.00568816484883, -0.00100688205566], [-0.000414899550378, 0.00263037648983, 0.000382129044738, 0.0014788408298, -0.00407073320821, 0.00219329539686, -0.00147521984763, 0.00113343191333, 0.0012393919751, 0.000140521719004, -0.00568816484883, 0.0160081610084, -0.00237863813527], [0.000218198547373, -0.000899937644135, 0.00122308067512, -0.00177401688416, 0.000662158767227, -0.00267581967637, 0.00172232917976, 0.0021535186097, -0.000846235081553, 0.000303693377646, -0.00100688205566, -0.00237863813527, 0.0118172056973]]
    },
    "melbands": {
        "dmean": [0.000697407929692, 0.00130441517103, 0.00042176435818, 0.000650196860079, 0.000132698507514, 0.00010267343896, 8.4616971435e-05, 0.000103195590782, 0.000108501502837, 6.67477725074e-05, 6.6760199843e-05, 7.30780884624e-05, 3.51585949829e-05, 2.17621964111e-05, 1.0703535736e-05, 1.39831554407e-05, 1.04819418993e-05, 1.16860001071e-05, 9.83423069556e-06, 1.11152812678e-05, 8.82080348674e-06, 6.9464790613e-06, 6.81675055603e-06, 9.39513120102e-06, 7.16720478522e-06, 3.6976298361e-06, 3.92557467421e-06, 2.62963089881e-06, 2.57311057794e-06, 2.91238029604e-06, 1.64752032106e-06, 1.50784171637e-06, 1.78118864369e-06, 1.66721190453e-06, 1.17716194836e-06, 9.65406570685e-07, 7.53665972297e-07, 5.71485941236e-07, 6.80823632138e-07, 5.83242695029e-07],
        "dmean2": [0.0011409285944, 0.00225895829499, 0.000719813106116, 0.00110087019857, 0.000207877688808, 0.000165733144968, 0.00012965730275, 0.000158649374498, 0.000169908409589, 0.000103133294033, 9.8079937743e-05, 0.000110279463115, 5.29040153197e-05, 3.04450368276e-05, 1.55307370733e-05, 2.10469970625e-05, 1.68315418705e-05, 1.82058211067e-05, 1.43468259921e-05, 1.64062603289e-05, 1.32069881147e-05, 1.06614852484e-05, 1.02162375697e-05, 1.45954927575e-05, 1.17857916848e-05, 5.88714510741e-06, 6.70575991535e-06, 4.28732710134e-06, 3.80549431611e-06, 4.19313664679e-06, 2.60889873971e-06, 2.24192308451e-06, 2.61259674517e-06, 2.52327436101e-06, 1.67865323419e-06, 1.33018511406e-06, 1.0877826071e-06, 8.53643712162e-07, 9.66468064689e-07, 8.59572708123e-07],
        "dvar": [4.43272483608e-06, 1.57520189532e-05, 9.90876060314e-07, 2.4010969355e-06, 8.88347031491e-08, 3.88895671222e-08, 2.45064537552e-08, 5.18260385718e-08, 8.5427565466e-08, 4.37743246096e-08, 2.82215761871e-08, 4.38218492604e-08, 3.32793703706e-08, 1.00403125813e-08, 7.38153760338e-10, 1.29953525718e-09, 7.2855055322e-10, 1.18926046788e-09, 7.95161103628e-10, 5.94622295846e-10, 3.75408509834e-10, 3.20497961503e-10, 1.69692232488e-10, 2.65276106637e-10, 5.13524389678e-10, 1.04536414247e-10, 1.70323158355e-10, 4.83244728955e-11, 3.798896267e-11, 4.52567948395e-11, 1.66414555747e-11, 1.31263212105e-11, 2.49080200909e-11, 1.89956089053e-11, 1.11250696155e-11, 4.66195831939e-12, 2.61725775601e-12, 2.8266616478e-12, 1.34610603914e-11, 1.67970724135e-11],
        "dvar2": [1.05985373011e-05, 4.29636966146e-05, 2.77014191852e-06, 6.24472477284e-06, 2.16469260295e-07, 1.01912966954e-07, 5.55335297747e-08, 1.23411851405e-07, 2.10188986216e-07, 1.03140912699e-07, 5.7381644325e-08, 9.63940394172e-08, 8.20185945827e-08, 1.84629023181e-08, 1.45498302295e-09, 2.69142641507e-09, 1.62554125716e-09, 2.94731572481e-09, 1.68005109824e-09, 1.21069165804e-09, 7.69531771638e-10, 7.64728835811e-10, 3.70995734134e-10, 6.47445930202e-10, 1.52024959288e-09, 2.60881954928e-10, 4.72868744161e-10, 1.2602609234e-10, 8.59979587542e-11, 9.57188495132e-11, 4.23774938751e-11, 2.96208751971e-11, 5.03269093066e-11, 3.52751959587e-11, 2.05264676784e-11, 9.50951210138e-12, 5.90945218107e-12, 5.89000723195e-12, 2.47323255625e-11, 3.21399157288e-11],
        "max": [0.0248207561672, 0.0402422659099, 0.0104202330112, 0.0148799940944, 0.00332247000188, 0.00214582402259, 0.00167304242495, 0.00259905611165, 0.00610654987395, 0.00330104958266, 0.00316089461558, 0.00443741539493, 0.00554627366364, 0.00362008274533, 0.00049802736612, 0.000785145966802, 0.000517370761372, 0.000550667755306, 0.000534807157237, 0.000495662912726, 0.000230432560784, 0.000285780464765, 0.000176451416337, 0.000211797087104, 0.000318573409459, 0.000143762837979, 0.000143192912219, 7.26718935766e-05, 8.39989443193e-05, 8.9603527158e-05, 4.28992098023e-05, 7.25709687686e-05, 0.000111342400487, 0.000133959067171, 8.97306017578e-05, 5.65060436202e-05, 1.79488197318e-05, 3.23429121636e-05, 9.60144679993e-05, 0.00012080578017],
        "mean": [0.00104381365236, 0.00185685278848, 0.000637938443106, 0.000860905915033, 0.000219887384446, 0.000193717511138, 0.000166255893419, 0.000171166437212, 0.000195243686903, 0.000103458405647, 0.00014311929408, 0.000255698745605, 6.70047520543e-05, 4.27734194091e-05, 1.73562548298e-05, 1.99072037503e-05, 1.56424957822e-05, 1.92436964426e-05, 1.83305710379e-05, 1.943811003e-05, 1.35491254696e-05, 1.1005473425e-05, 1.22389701573e-05, 1.66717327374e-05, 1.27774574139e-05, 6.28260977464e-06, 5.61043134439e-06, 4.47671982329e-06, 4.19775051341e-06, 4.9385012062e-06, 2.88826458927e-06, 2.90736898023e-06, 3.55118436346e-06, 3.41221311828e-06, 2.464718591e-06, 1.80162408014e-06, 1.32723812385e-06, 1.08999108761e-06, 1.06540517208e-06, 8.99953704447e-07],
        "median": [0.000461132964119, 0.000862553715706, 0.00026519128005, 0.00029235688271, 0.000100905323052, 0.000104983701021, 0.000100647645013, 7.29885214241e-05, 8.35204555187e-05, 2.36624837271e-05, 1.96806995518e-05, 1.23317504404e-05, 7.8830307757e-06, 8.21882440505e-06, 4.64853110316e-06, 5.14756402481e-06, 4.58228623756e-06, 2.15529712477e-06, 2.26483552979e-06, 3.00315991808e-06, 3.46387082573e-06, 2.70895930043e-06, 2.97479436995e-06, 3.64246170648e-06, 1.73569799244e-06, 1.1628728771e-06, 1.09367135792e-06, 8.10865742551e-07, 8.32649675431e-07, 7.99858298706e-07, 4.17160549659e-07, 3.81108776537e-07, 5.86443093198e-07, 5.85760403737e-07, 3.99563191422e-07, 3.76590065798e-07, 2.31922214766e-07, 1.87186543599e-07, 1.43785840123e-07, 8.40932585788e-08],
        "min": [3.24668011774e-23, 3.64551115202e-23, 1.45545404993e-23, 9.65163034498e-24, 7.49843450418e-24, 1.1885125915e-23, 5.97425583882e-24, 1.30397713668e-23, 1.0457274266e-23, 7.19112032792e-24, 3.57397614073e-24, 7.33109501808e-24, 5.40836528517e-24, 4.98206997959e-24, 1.01234109759e-23, 8.32594328287e-24, 6.47177857883e-24, 6.36636585708e-24, 2.55837511489e-24, 1.01128410287e-23, 1.02198208226e-23, 4.56218890202e-24, 7.96193525107e-24, 4.46260073476e-24, 3.22032249996e-24, 9.3324114688e-24, 8.69559245901e-24, 1.54972687241e-23, 1.74161649874e-23, 1.36707291401e-23, 1.40988991736e-23, 1.31140150109e-23, 9.93106854344e-24, 5.98599645567e-24, 1.01157195821e-23, 1.28864010296e-23, 1.4363887018e-23, 8.79089395611e-24, 1.25662678637e-23, 1.21520543573e-23],
        "var": [4.98515464642e-06, 1.40499914778e-05, 1.10945029519e-06, 2.71379644801e-06, 1.30244970364e-07, 6.63178525429e-08, 4.50821886488e-08, 8.02051545179e-08, 1.16688873675e-07, 7.58856444349e-08, 9.34613098025e-08, 4.61298412802e-07, 7.00095199591e-08, 4.10796161532e-08, 1.69441716213e-09, 2.41419728653e-09, 1.278342876e-09, 2.04450145702e-09, 2.38054642665e-09, 1.76636916205e-09, 6.84091450154e-10, 4.52664600248e-10, 4.0716821581e-10, 6.83074152796e-10, 1.24650079147e-09, 1.73950395754e-10, 1.7041333622e-10, 8.58976015317e-11, 7.15740661184e-11, 9.65005714226e-11, 3.5306767926e-11, 3.93746528438e-11, 7.75726080593e-11, 7.12872122444e-11, 4.37336659942e-11, 1.51372976653e-11, 6.44233104363e-12, 6.72078972336e-12, 2.33228956981e-11, 2.81489866139e-11]
    },
    "mfcc": {
        "mean": [-711.610717773, 118.218208313, 12.7576627731, 19.6199245453, -2.5992398262, -3.72490215302, -10.1890602112, 3.35887813568, -4.75395154953, -1.46186482906, -1.7586196661, -0.231384843588, -3.72894692421],
        "cov": [[18843.8066406, -715.919189453, -179.911529541, 1197.38427734, 444.718170166, 754.803649902, 655.405090332, 1318.30603027, 793.585693359, 918.116516113, 291.68081665, 257.590545654, 86.7199935913], [-715.919189453, 1622.55810547, -152.487182617, 62.4674453735, 171.541946411, 130.027801514, 10.7539968491, 34.8529090881, 73.6403808594, -11.22605896, 17.5506458282, 79.3552322388, -22.4282417297], [-179.911529541, -152.487182617, 584.858093262, 186.94569397, 42.3320426941, 105.784347534, 126.595046997, -16.4555454254, 59.9810676575, 42.4154586792, -2.62732315063, 52.1890907288, 17.031452179], [1197.38427734, 62.4674453735, 186.94569397, 487.582092285, 212.510543823, 217.344894409, 147.759490967, 158.565292358, 203.708633423, 149.606140137, 45.785785675, 110.949172974, 44.0262794495], [444.718170166, 171.541946411, 42.3320426941, 212.510543823, 300.461242676, 164.844573975, 86.7206573486, 98.2619552612, 173.790039062, 86.5058059692, 15.4907693863, 50.7920913696, 13.6082229614], [754.803649902, 130.027801514, 105.784347534, 217.344894409, 164.844573975, 274.079864502, 149.282974243, 131.894317627, 169.139541626, 101.248443604, 25.8536949158, 51.9340362549, 2.60813379288], [655.405090332, 10.7539968491, 126.595046997, 147.759490967, 86.7206573486, 149.282974243, 201.902374268, 139.427856445, 109.906234741, 95.0859069824, 22.3982448578, 42.5891151428, 4.01016044617], [1318.30603027, 34.8529090881, -16.4555454254, 158.565292358, 98.2619552612, 131.894317627, 139.427856445, 288.623413086, 140.403015137, 133.733230591, 52.3304100037, 43.9142913818, 7.552485466], [793.585693359, 73.6403808594, 59.9810676575, 203.708633423, 173.790039062, 169.139541626, 109.906234741, 140.403015137, 246.690551758, 120.314460754, 6.19625711441, 44.1986122131, 5.32331800461], [918.116516113, -11.22605896, 42.4154586792, 149.606140137, 86.5058059692, 101.248443604, 95.0859069824, 133.733230591, 120.314460754, 178.302062988, 33.4368057251, 59.3082847595, 0.46859151125], [291.68081665, 17.5506458282, -2.62732315063, 45.785785675, 15.4907693863, 25.8536949158, 22.3982448578, 52.3304100037, 6.19625711441, 33.4368057251, 103.747268677, 33.6468048096, 14.8947324753], [257.590545654, 79.3552322388, 52.1890907288, 110.949172974, 50.7920913696, 51.9340362549, 42.5891151428, 43.9142913818, 44.1986122131, 59.3082847595, 33.6468048096, 114.41153717, 24.3257751465], [86.7199935913, -22.4282417297, 17.031452179, 44.0262794495, 13.6082229614, 2.60813379288, 4.01016044617, 7.552485466, 5.32331800461, 0.46859151125, 14.8947324753, 24.3257751465, 96.0939025879]],
