{
"lowlevel": {
    "average_loudness": 0.954221487045,
    "barkbands_crest": {
        "dmean": 2.78477025032,
        "dmean2": 4.53221273422,
        "dvar": 5.96339845657,
        "dvar2": 14.7174682617,
        "max": 23.4801635742,
        "mean": 12.0071973801,
        "median": 11.3927574158,
        "min": 4.01709270477,
        "var": 14.6792097092
    },
    "barkbands_flatness_db": {
        "dmean": 0.0283688586205,
        "dmean2": 0.0418984182179,
        "dvar": 0.000650311470963,
        "dvar2": 0.00142090360168,
        "max": 0.337770819664,
        "mean": 0.18404366076,
        "median": 0.18418854475,
        "min": 0.0636799260974,
        "var": 0.00181598600466
    },
    "barkbands_kurtosis": {
        "dmean": 4.48986911774,
        "dmean2": 6.95565462112,
        "dvar": 29.1374073029,
        "dvar2": 73.2476806641,
        "max": 76.0257873535,
        "mean": 9.97858524323,
        "median": 8.25712394714,
        "min": -1.76081979275,
        "var": 58.774433136
    },
    "barkbands_skewness": {
        "dmean": 0.563388109207,
        "dmean2": 0.8778449893,
        "dvar": 0.295985788107,
        "dvar2": 0.729812562466,
        "max": 6.43425035477,
        "mean": 2.33514904976,
        "median": 2.29360318184,
        "min": 0.0228086654097,
        "var": 0.857536017895
    },
    "barkbands_spread": {
        "dmean": 3.62807512283,
        "dmean2": 5.52912950516,
        "dvar": 33.2765197754,
        "dvar2": 64.9623413086,
        "max": 77.1352920532,
        "mean": 9.94421291351,
        "median": 8.37787818909,
        "min": 1.32822692394,
        "var": 60.7190093994
    },
    "dissonance": {
        "dmean": 0.0281262714416,
        "dmean2": 0.0460231713951,
        "dvar": 0.000518438289873,
        "dvar2": 0.00132757832762,
        "max": 0.499834448099,
        "mean": 0.42695376277,
        "median": 0.432012379169,
        "min": 0.29889395833,
        "var": 0.00149905774742
    },
    "dynamic_complexity": 3.68952727318,
    "erbbands_crest": {
        "dmean": 3.18920636177,
        "dmean2": 5.03052425385,
        "dvar": 7.32407665253,
        "dvar2": 17.5282249451,
        "max": 27.7759685516,
        "mean": 12.414855957,
        "median": 11.6363172531,
        "min": 3.40839338303,
        "var": 24.5823249817
    },
    "erbbands_flatness_db": {
        "dmean": 0.0214848071337,
        "dmean2": 0.0325244553387,
        "dvar": 0.000409397121985,
        "dvar2": 0.000901886320207,
        "max": 0.309468924999,
        "mean": 0.178803876042,
        "median": 0.176573261619,
        "min": 0.0737399831414,
        "var": 0.00152859289665
    },
    "erbbands_kurtosis": {
        "dmean": 1.95248794556,
        "dmean2": 2.96062254906,
        "dvar": 5.64681148529,
        "dvar2": 11.1614351273,
        "max": 44.3909645081,
        "mean": 2.93110561371,
        "median": 1.87815523148,
        "min": -1.77975010872,
        "var": 14.289773941
    },
    "erbbands_skewness": {
        "dmean": 0.447487711906,
        "dmean2": 0.680735528469,
        "dvar": 0.161863446236,
        "dvar2": 0.358772814274,
        "max": 5.65870523453,
        "mean": 1.35294282436,
        "median": 1.30789732933,
        "min": -1.26036775112,
        "var": 0.501463770866
    },
    "erbbands_spread": {
        "dmean": 7.9953122139,
        "dmean2": 12.2033720016,
        "dvar": 81.4740447998,
        "dvar2": 169.466995239,
        "max": 117.836654663,
        "mean": 28.4408359528,
        "median": 25.4086036682,
        "min": 5.10368442535,
        "var": 264.808258057
    },
    "hfc": {
        "dmean": 4.57128190994,
        "dmean2": 6.85528564453,
        "dvar": 35.0351638794,
        "dvar2": 83.8323516846,
        "max": 69.3912963867,
        "mean": 13.4609279633,
        "median": 11.0546007156,
        "min": 1.50412029143e-06,
        "var": 111.268890381
    },
    "melbands_crest": {
        "dmean": 3.14263725281,
        "dmean2": 5.08870744705,
        "dvar": 7.00226974487,
        "dvar2": 17.8430271149,
        "max": 28.9550457001,
        "mean": 15.1458511353,
        "median": 14.7170009613,
        "min": 6.33798551559,
        "var": 15.6754217148
    },
    "melbands_flatness_db": {
        "dmean": 0.0330750904977,
        "dmean2": 0.0471529625356,
        "dvar": 0.000932509487029,
        "dvar2": 0.0019209922757,
        "max": 0.444716483355,
        "mean": 0.256620407104,
        "median": 0.256713062525,
        "min": 0.0871310904622,
        "var": 0.00252732168883
    },
    "melbands_kurtosis": {
        "dmean": 6.87643289566,
        "dmean2": 11.0175905228,
        "dvar": 70.7564239502,
        "dvar2": 170.879241943,
        "max": 100.582305908,
        "mean": 16.0699882507,
        "median": 13.4361591339,
        "min": -1.01733624935,
        "var": 163.57635498
    },
    "melbands_skewness": {
        "dmean": 0.681202530861,
        "dmean2": 1.07854759693,
        "dvar": 0.412721276283,
        "dvar2": 0.945864677429,
        "max": 7.51964426041,
        "mean": 2.64048790932,
        "median": 2.54570555687,
        "min": -0.113696612418,
        "var": 1.48531854153
    },
    "melbands_spread": {
        "dmean": 3.17234182358,
        "dmean2": 4.79672431946,
        "dvar": 23.9685649872,
        "dvar2": 50.6603126526,
        "max": 81.2700958252,
        "mean": 9.7280960083,
        "median": 8.62459754944,
        "min": 1.71797704697,
        "var": 41.491191864
    },
    "pitch_salience": {
        "dmean": 0.0702277198434,
        "dmean2": 0.113306120038,
        "dvar": 0.00381330377422,
        "dvar2": 0.00968240667135,
        "max": 0.825175762177,
        "mean": 0.522577881813,
        "median": 0.51515930891,
        "min": 0.208112180233,
        "var": 0.00945978611708
    },
    "silence_rate_20dB": {
        "dmean": 0,
        "dmean2": 0,
        "dvar": 0,
        "dvar2": 0,
        "max": 1,
        "mean": 1,
        "median": 1,
        "min": 1,
        "var": 0
    },
    "silence_rate_30dB": {
        "dmean": 0.0061919502914,
        "dmean2": 0.0123934932053,
        "dvar": 0.00615354720503,
        "dvar2": 0.015338562429,
        "max": 1,
        "mean": 0.99535959959,
        "median": 1,
        "min": 0,
        "var": 0.00461882119998
    },
    "silence_rate_60dB": {
        "dmean": 0.00928792543709,
        "dmean2": 0.018590239808,
        "dvar": 0.00920168124139,
        "dvar2": 0.0228918585926,
        "max": 1,
        "mean": 0.0711523592472,
        "median": 0,
        "min": 0,
        "var": 0.0660891458392
    },
    "spectral_centroid": {
        "dmean": 153.935516357,
        "dmean2": 232.652404785,
        "dvar": 122107.359375,
        "dvar2": 168728.109375,
        "max": 10712.2294922,
        "mean": 656.453369141,
        "median": 596.883850098,
        "min": 236.33644104,
        "var": 154226.40625
    },
    "spectral_complexity": {
        "dmean": 2.69195055962,
        "dmean2": 4.20139408112,
        "dvar": 7.15433597565,
        "dvar2": 17.9346370697,
        "max": 33,
        "mean": 12.1098222733,
        "median": 12,
        "min": 0,
        "var": 22.7149429321
    },
    "spectral_decrease": {
        "dmean": 3.37753358615e-09,
        "dmean2": 4.9546002856e-09,
        "dvar": 1.68159879375e-17,
        "dvar2": 3.79930308831e-17,
        "max": -1.26322946803e-15,
        "mean": -8.06631472727e-09,
        "median": -6.65490951235e-09,
        "min": -3.78477800211e-08,
        "var": 3.9658492872e-17
    },
    "spectral_energy": {
        "dmean": 0.0130961891264,
        "dmean2": 0.0192263275385,
        "dvar": 0.000251408579061,
        "dvar2": 0.000570320233237,
        "max": 0.148171469569,
        "mean": 0.0316651016474,
        "median": 0.0261862371117,
        "min": 4.90413754051e-09,
        "var": 0.00060187530471
    },
    "spectral_energyband_high": {
        "dmean": 0.000173895226908,
        "dmean2": 0.000280917534837,
        "dvar": 1.75029569505e-07,
        "dvar2": 4.03808513738e-07,
        "max": 0.00498238392174,
        "mean": 0.000276648119325,
        "median": 0.000120440519822,
        "min": 4.36170440044e-11,
        "var": 2.70112820999e-07
    },
    "spectral_energyband_low": {
        "dmean": 0.00714373588562,
        "dmean2": 0.0102651473135,
        "dvar": 0.000123074642033,
        "dvar2": 0.000263672176516,
        "max": 0.0909857228398,
        "mean": 0.0103969844058,
        "median": 0.00413683801889,
        "min": 3.89553989066e-09,
        "var": 0.000201077127713
    },
    "spectral_energyband_middle_high": {
        "dmean": 0.000786299468018,
        "dmean2": 0.00118757854216,
        "dvar": 1.39990311254e-06,
        "dvar2": 3.25676001012e-06,
        "max": 0.0176998395473,
        "mean": 0.00182833068538,
        "median": 0.00112976145465,
        "min": 1.50927298437e-10,
        "var": 3.92618449041e-06
    },
    "spectral_energyband_middle_low": {
        "dmean": 0.00769208092242,
        "dmean2": 0.0115226842463,
        "dvar": 9.63767088251e-05,
        "dvar2": 0.00022007872758,
        "max": 0.109607703984,
        "mean": 0.0204872954637,
        "median": 0.0178321581334,
        "min": 1.31208832688e-09,
        "var": 0.00027552593383
    },
    "spectral_entropy": {
        "dmean": 0.282113552094,
        "dmean2": 0.416415125132,
        "dvar": 0.0779225304723,
        "dvar2": 0.16147698462,
        "max": 9.79426002502,
        "mean": 7.07398700714,
        "median": 7.07316207886,
        "min": 5.56133079529,
        "var": 0.193356782198
    },
    "spectral_flux": {
        "dmean": 0.0345804356039,
        "dmean2": 0.0577727556229,
        "dvar": 0.00165845348965,
        "dvar2": 0.00445471331477,
        "max": 0.302958548069,
        "mean": 0.0765039548278,
        "median": 0.0651403367519,
        "min": 7.00295495335e-05,
        "var": 0.00233329902403
    },
    "spectral_kurtosis": {
        "dmean": 2.60837697983,
        "dmean2": 4.27912759781,
        "dvar": 11.1038160324,
        "dvar2": 31.6200313568,
        "max": 49.794254303,
        "mean": 6.73050117493,
        "median": 5.9117975235,
        "min": -1.21631324291,
        "var": 17.0714015961
    },
    "spectral_rms": {
        "dmean": 0.001083873678,
        "dmean2": 0.00156009057537,
        "dvar": 1.29081593059e-06,
        "dvar2": 2.86247927761e-06,
        "max": 0.0120232077315,
        "mean": 0.00507659697905,
        "median": 0.00505445804447,
        "min": 2.18735544877e-06,
        "var": 5.12092583449e-06
    },
    "spectral_rolloff": {
        "dmean": 220.198455811,
        "dmean2": 381.942871094,
        "dvar": 443886.3125,
        "dvar2": 960188.875,
        "max": 8850.14648438,
        "mean": 651.857910156,
        "median": 559.86328125,
        "min": 129.19921875,
        "var": 526621.375
    },
    "spectral_skewness": {
        "dmean": 0.363482773304,
        "dmean2": 0.569081187248,
        "dvar": 0.152672454715,
        "dvar2": 0.381051182747,
        "max": 5.42905521393,
        "mean": 2.09197616577,
        "median": 2.05431389809,
        "min": 0.0366308316588,
        "var": 0.306074589491
    },
    "spectral_spread": {
        "dmean": 678186.125,
        "dmean2": 1006390.0625,
        "dvar": 1.59693235814e+12,
        "dvar2": 2.0831633408e+12,
        "max": 40952536,
        "mean": 4523342,
        "median": 4333229.5,
        "min": 1746785.375,
        "var": 2.83223811686e+12
    },
    "spectral_strongpeak": {
        "dmean": 0.467387527227,
        "dmean2": 0.769529044628,
        "dvar": 0.377388596535,
        "dvar2": 0.837435126305,
        "max": 5.35185861588,
        "mean": 1.11217916012,
        "median": 0.78401941061,
        "min": 0.000122809666209,
        "var": 1.0191372633
    },
    "zerocrossingrate": {
        "dmean": 0.00753094442189,
        "dmean2": 0.00906251557171,
        "dvar": 0.000105938939669,
        "dvar2": 0.000118946300063,
        "max": 0.20556640625,
        "mean": 0.0347450077534,
        "median": 0.03125,
        "min": 0.00537109375,
        "var": 0.000385656399885
    },
    "barkbands": {
        "dmean": [8.43388479552e-05, 0.00328246178105, 0.00339276134036, 0.00125080475118, 0.00221896916628, 0.00435766205192, 0.000900026061572, 0.000558106868993, 0.00133517594077, 0.000217104723561, 0.000239324435825, 0.000139085721457, 0.000187695521163, 7.1855065471e-05, 0.000106382743979, 5.21285001014e-05, 5.36518382432e-05, 5.19240820722e-05, 4.69366350444e-05, 3.73556395061e-05, 3.90737877751e-05, 4.83269468532e-05, 3.3755088225e-05, 2.42761652771e-05, 2.34359231399e-05, 1.07278792711e-05, 2.39538650249e-07],
        "dmean2": [0.000144140023622, 0.00453564571217, 0.00514965271577, 0.00194016378373, 0.00314262136817, 0.00680650351569, 0.00144625059329, 0.00083752151113, 0.001732003293, 0.000343944091583, 0.000353976240149, 0.00022690933838, 0.000293241580948, 0.000115106100566, 0.00017863654648, 8.80064180819e-05, 9.09414084163e-05, 8.78123100847e-05, 7.84438670962e-05, 6.46959597361e-05, 6.83733887854e-05, 8.07475589681e-05, 5.45686125406e-05, 3.93369336962e-05, 3.65140549548e-05, 1.59849460033e-05, 4.29847034411e-07],
        "dvar": [7.20039068369e-08, 5.11234029545e-05, 2.84098314296e-05, 9.41018424783e-06, 1.71555984707e-05, 3.18167549267e-05, 2.58195996139e-06, 1.24837254134e-06, 6.93520723871e-06, 2.54346673501e-07, 1.58909088555e-07, 4.76556003548e-08, 1.52218433414e-07, 1.88433855186e-08, 2.39787016909e-08, 6.79190881314e-09, 7.78499487097e-09, 1.11092042232e-08, 5.45692335763e-09, 6.31026919606e-09, 7.05855507377e-09, 2.90469319708e-08, 1.09788906855e-08, 4.01937194638e-09, 3.1711830939e-09, 1.10472342385e-09, 1.68150378604e-12],
        "dvar2": [1.9753916547e-07, 0.000102997517388, 6.49667927064e-05, 2.12743198063e-05, 3.7294721551e-05, 8.34555758047e-05, 5.51037919649e-06, 2.82722658085e-06, 1.1718470887e-05, 5.62901846024e-07, 3.013794867e-07, 1.17153007295e-07, 3.53179160584e-07, 4.35673435106e-08, 6.00015326313e-08, 1.78881496282e-08, 2.09179624733e-08, 2.957530576e-08, 1.38517251003e-08, 1.61180686575e-08, 1.91335640665e-08, 6.51149321129e-08, 2.02309262676e-08, 1.00773815959e-08, 7.89318832517e-09, 2.09553929764e-09, 4.89167170312e-12],
        "max": [0.00303386268206, 0.0496432557702, 0.0602149665356, 0.0471852310002, 0.0485038124025, 0.053331989795, 0.0221537686884, 0.0245179161429, 0.042297013104, 0.00680175703019, 0.00801424123347, 0.00230809114873, 0.00712852692232, 0.00201274687424, 0.00237628002651, 0.000870450341608, 0.000916896213312, 0.00202878145501, 0.000841291272081, 0.00125338556245, 0.000953162321821, 0.00299206632189, 0.00214662496001, 0.000758524460252, 0.000901173974853, 0.000948493543547, 2.80252243101e-05],
        "mean": [7.62283889344e-05, 0.00398997217417, 0.00504686310887, 0.00164705177303, 0.00384272518568, 0.00891790725291, 0.00147975038271, 0.000863189285155, 0.0036450305488, 0.000286563357804, 0.000523778260686, 0.000189405735, 0.000306367583107, 9.62921476457e-05, 0.000153776360094, 7.25389254512e-05, 7.50678518671e-05, 7.91587444837e-05, 7.75168591645e-05, 5.04408380948e-05, 5.24537172168e-05, 5.61260640097e-05, 4.68737707706e-05, 3.35089498549e-05, 3.89510460082e-05, 1.7375095922e-05, 2.0293029479e-07],
        "median": [3.10179507323e-06, 0.000252623751294, 0.00229977187701, 0.000479869719129, 0.00149609707296, 0.00623578391969, 0.000744369986933, 0.00043607284897, 0.000687730673235, 0.000140957345138, 0.000176418776391, 9.82176934485e-05, 0.000126713130157, 4.32155611634e-05, 8.77821876202e-05, 4.14820860897e-05, 4.58324757346e-05, 3.94363851228e-05, 4.13929992646e-05, 2.74360372714e-05, 2.45819956035e-05, 1.17135887194e-05, 1.25098340504e-05, 1.05744093162e-05, 1.22119163279e-05, 5.7748547988e-06, 3.73763668904e-08],
        "min": [4.45050767073e-12, 7.38206162865e-10, 2.65452060333e-09, 5.6486559874e-10, 1.1927041299e-10, 5.22134779857e-10, 3.37677247275e-11, 5.15291420644e-11, 1.19365576451e-11, 1.45941835006e-11, 1.86289156844e-12, 9.64622132171e-11, 6.30378171537e-12, 2.20216518632e-11, 3.85842963482e-12, 2.63424720405e-12, 1.90216419005e-12, 1.81802348783e-12, 2.75716212014e-12, 2.35235637393e-12, 2.82306231343e-12, 4.27099544967e-12, 4.4736397746e-12, 4.31016290367e-12, 8.11601740675e-12, 9.90502731918e-12, 8.80493941646e-12],
        "var": [5.72948692934e-08, 7.6698117482e-05, 4.88986552227e-05, 1.46060683619e-05, 3.54521762347e-05, 7.75841108407e-05, 5.63403000342e-06, 2.11501151171e-06, 3.97407929995e-05, 3.5550746702e-07, 9.45930480611e-07, 6.57159802131e-08, 3.13685234232e-07, 3.08634149349e-08, 4.59702356181e-08, 8.16288725503e-09, 9.82101333591e-09, 1.48521763776e-08, 1.08274011978e-08, 6.86376155912e-09, 7.20785742203e-09, 4.18064551866e-08, 2.23345573147e-08, 4.85503726111e-09, 4.55974413782e-09, 2.10753503538e-09, 9.79866903762e-13]
    },
    "erbbands": {
        "dmean": [0.0963511243463, 0.765309810638, 3.09018826485, 4.79674482346, 3.02630090714, 8.98976325989, 23.6500339508, 41.3964958191, 15.1728315353, 8.96855068207, 12.5885677338, 38.5296554565, 9.58807563782, 6.69091033936, 10.6174726486, 6.68277454376, 8.42859363556, 4.51267385483, 5.95030164719, 3.38814353943, 2.69811010361, 2.48012137413, 2.50269675255, 3.03880858421, 2.04522180557, 1.74939262867, 1.53481626511, 1.6377273798, 1.88371145725, 1.39389753342, 0.934715628624, 0.528667509556, 0.431853532791, 0.310675352812, 0.142563477159, 0.0682620257139, 0.0156624671072, 0.00152748089749, 3.47442328348e-05, 1.51635458678e-05],
        "dmean2": [0.128399252892, 1.07574403286, 4.58855342865, 7.48659896851, 4.48834228516, 12.9836997986, 35.022315979, 65.6733932495, 23.2401351929, 13.997335434, 18.3392333984, 50.5737113953, 13.2017002106, 10.4184408188, 15.5327949524, 10.7547369003, 13.1726980209, 7.11687517166, 9.8963804245, 5.71895980835, 4.52635097504, 4.20913171768, 4.23332548141, 4.94353055954, 3.56465291977, 3.04770755768, 2.68126225471, 2.87226128578, 3.12245297432, 2.21710443497, 1.50319159031, 0.859698951244, 0.702274739742, 0.488654643297, 0.219545304775, 0.100915402174, 0.0236451979727, 0.00245150714181, 5.53219506401e-05, 2.23419665417e-05],
        "dvar": [0.0502278059721, 2.57537150383, 24.1383304596, 91.7049942017, 32.3120956421, 415.877624512, 1184.2701416, 3213.74291992, 705.235778809, 386.163757324, 371.892791748, 6014.49707031, 379.616210938, 151.299728394, 335.01751709, 98.0473861694, 330.142120361, 66.2558822632, 80.8992538452, 34.5624847412, 18.9521846771, 16.7155799866, 18.2893619537, 31.3226051331, 12.6474256516, 13.9836959839, 8.53239631653, 20.4756698608, 47.4512786865, 27.0974960327, 9.69920730591, 2.08846569061, 1.26839971542, 0.612741053104, 0.10927272588, 0.037100456655, 0.0023642515298, 3.43575156876e-05, 1.6449986262e-08, 3.23929438828e-10],
        "dvar2": [0.103777207434, 5.16900730133, 54.0358200073, 210.333068848, 76.2595367432, 892.459838867, 2573.54199219, 8599.50878906, 1326.14538574, 820.687561035, 780.167419434, 10653.0078125, 750.160339355, 339.04675293, 609.455383301, 241.50541687, 770.262512207, 156.410522461, 190.199813843, 95.94115448, 49.6723365784, 44.5568084717, 47.9117012024, 78.7208633423, 35.0892524719, 35.4339370728, 22.3467750549, 56.4804534912, 111.811737061, 60.0720787048, 18.9293289185, 4.83424139023, 3.30922698975, 1.591173172, 0.243843019009, 0.0681001842022, 0.00464837485924, 8.9059205493e-05, 4.31383568866e-08, 7.52739925947e-10],
        "max": [1.59240055084, 12.4458818436, 54.3830604553, 136.948471069, 60.960395813, 234.513198853, 507.712127686, 626.396850586, 371.855499268, 439.109924316, 264.561737061, 1309.20703125, 327.22668457, 217.988800049, 394.417205811, 91.1196136475, 373.409637451, 87.4568405151, 150.261459351, 83.6627120972, 48.3209037781, 53.3585243225, 52.7606430054, 100.200904846, 33.1326942444, 51.7141227722, 24.9263439178, 78.3192138672, 125.160850525, 138.549530029, 68.2104568481, 24.7887439728, 14.4774074554, 12.744969368, 4.31528091431, 5.26474523544, 1.3128412962, 0.0975043177605, 0.00222386792302, 0.000170845829416],
        "mean": [0.113912634552, 0.975729644299, 4.68112564087, 7.02130317688, 3.99397683144, 15.0468959808, 49.1206245422, 78.8428497314, 30.7776184082, 15.0481090546, 23.2133083344, 104.727668762, 23.6788825989, 10.6765861511, 24.1432800293, 10.4016027451, 14.0439434052, 7.06135129929, 9.07169437408, 4.95027780533, 3.94419312477, 3.54887795448, 4.17299509048, 5.1492767334, 2.78304743767, 2.48492646217, 2.25872969627, 1.97591197491, 2.13051271439, 1.6953920126, 1.28513550758, 0.691754758358, 0.612382471561, 0.50195401907, 0.231995925307, 0.109046056867, 0.024933366105, 0.00212361500598, 6.27411718597e-05, 3.82628131774e-05],
        "median": [0.00313374632969, 0.129131749272, 2.11765885353, 3.49986362457, 1.49014163017, 5.43004512787, 29.2659282684, 47.8150672913, 16.782459259, 8.10223770142, 14.7966136932, 21.2790527344, 6.77010393143, 6.49100875854, 7.9188337326, 5.87903690338, 6.08170700073, 3.37830519676, 5.05428504944, 2.53039455414, 2.49028038979, 2.12239933014, 2.20436358452, 2.5285782814, 1.68863475323, 1.42976510525, 1.10763072968, 0.845195710659, 0.482780963182, 0.327434897423, 0.35700404644, 0.237008079886, 0.184017956257, 0.155553281307, 0.06805357337, 0.0314262285829, 0.00856014341116, 0.000762502662838, 3.3975164115e-05, 3.21069674101e-05],
        "min": [5.87405013519e-09, 2.57560571981e-07, 2.46467743636e-06, 3.03442629956e-06, 6.47692104394e-07, 4.78709523577e-07, 2.01450052373e-06, 4.68918960905e-06, 8.20441584892e-07, 4.17694224097e-07, 1.40784470659e-06, 3.39252068216e-07, 5.42830946415e-07, 1.61731762205e-07, 4.53846837445e-07, 4.64515278509e-06, 7.67930373513e-07, 1.31143622184e-06, 3.14863456197e-07, 1.21799189401e-07, 1.49913475411e-07, 1.31832095462e-07, 1.22016444948e-07, 7.67732046825e-08, 1.57101084142e-07, 9.91604522937e-08, 1.3263328924e-07, 1.00559063299e-07, 1.38469616218e-07, 1.94347620663e-07, 9.15329607665e-08, 1.11771221611e-07, 6.03687340117e-08, 4.90149183463e-08, 7.78472397656e-08, 3.75633710803e-08, 1.73895156053e-08, 7.51457385206e-09, 1.45155898412e-09, 1.10369359485e-10],
        "var": [0.0721956416965, 3.90539813042, 42.7379302979, 140.414169312, 45.8902168274, 805.199279785, 3114.35644531, 7137.83007812, 2296.53295898, 709.118835449, 766.091186523, 32955.9101562, 1648.1652832, 224.104675293, 2223.24975586, 153.921432495, 634.172729492, 105.973243713, 175.932846069, 50.3862228394, 22.4578132629, 21.9580516815, 33.8137130737, 56.2817878723, 13.4698467255, 15.1121377945, 10.8881835938, 17.8248081207, 59.8445968628, 45.0243797302, 17.2761039734, 2.95066809654, 1.42801582813, 0.810743689537, 0.194908365607, 0.0777813866735, 0.00410316791385, 3.29370886902e-05, 1.59206834383e-08, 8.30799429252e-10]
    },
    "gfcc": {
        "mean": [-33.0818138123, 114.053398132, -101.218971252, 16.1265220642, -71.7422332764, 3.90712118149, -46.1643562317, 6.13427877426, -30.1824359894, 4.18750619888, -13.6683702469, -1.2902739048, -10.1922664642],
        "cov": [[8985.04199219, -564.418395996, 48.660736084, 99.2357330322, -266.931243896, 106.340156555, -66.9094161987, 347.42364502, -241.614532471, 94.9310150146, -192.574707031, 10.2535543442, 83.9866333008], [-564.418395996, 825.754455566, -11.165356636, 86.3199386597, 249.048187256, -10.9944295883, 144.962036133, -121.592651367, 123.466560364, -87.1200637817, 132.291000366, -101.898391724, 69.0182037354], [48.660736084, -11.165356636, 387.474578857, 103.670219421, 108.724510193, 101.506736755, 24.822429657, 87.4902801514, 19.2008590698, 59.8689422607, -6.15263795853, 45.3921318054, -7.523416996], [99.2357330322, 86.3199386597, 103.670219421, 358.262908936, 102.151191711, 91.8679885864, 26.6899852753, 14.2795171738, 131.256530762, 4.82244825363, 56.4769439697, 14.7861976624, 31.4031505585], [-266.931243896, 249.048187256, 108.724510193, 102.151191711, 252.445800781, 57.1054267883, 79.8679275513, 48.5335159302, 55.8449401855, 20.6128311157, 44.3638420105, -1.54891729355, 19.193025589], [106.340156555, -10.9944295883, 101.506736755, 91.8679885864, 57.1054267883, 173.382720947, 74.5872116089, 48.6431503296, 46.3118057251, 38.4257736206, 6.41850709915, 13.3782596588, -15.9246826172], [-66.9094161987, 144.962036133, 24.822429657, 26.6899852753, 79.8679275513, 74.5872116089, 162.962966919, 41.5452423096, 24.2971076965, 14.4125175476, 14.9885292053, -14.9499940872, -10.233464241], [347.42364502, -121.592651367, 87.4902801514, 14.2795171738, 48.5335159302, 48.6431503296, 41.5452423096, 183.418167114, -4.98552179337, 56.3047790527, -21.6322917938, 14.9686393738, 6.40146541595], [-241.614532471, 123.466560364, 19.2008590698, 131.256530762, 55.8449401855, 46.3118057251, 24.2971076965, -4.98552179337, 130.608825684, 0.96590667963, 45.8926277161, -1.80332827568, 13.0899162292], [94.9310150146, -87.1200637817, 59.8689422607, 4.82244825363, 20.6128311157, 38.4257736206, 14.4125175476, 56.3047790527, 0.96590667963, 84.7495651245, 4.51524019241, 21.2775630951, -1.25549447536], [-192.574707031, 132.291000366, -6.15263795853, 56.4769439697, 44.3638420105, 6.41850709915, 14.9885292053, -21.6322917938, 45.8926277161, 4.51524019241, 86.0106430054, 3.13551020622, 25.0018005371], [10.2535543442, -101.898391724, 45.3921318054, 14.7861976624, -1.54891729355, 13.3782596588, -14.9499940872, 14.9686393738, -1.80332827568, 21.2775630951, 3.13551020622, 78.5321807861, 1.11007463932], [83.9866333008, 69.0182037354, -7.523416996, 31.4031505585, 19.193025589, -15.9246826172, -10.233464241, 6.40146541595, 13.0899162292, -1.25549447536, 25.0018005371, 1.11007463932, 87.4293670654]],
        "icov": [[0.000161124073202, -0.00031709173345, 0.000137900002301, -0.000344301573932, 0.0004454938462, -0.000255141610978, 0.000287511880742, -0.000504370487761, 0.00061327428557, -0.000277308165096, 0.000405424274504, -0.000170469880686, -5.21904294146e-05], [-0.00031709173345, 0.0082497689873, -0.00205932697281, 0.00294141587801, -0.00652689579874, 0.00278856488876, -0.0060224798508, 0.00598224950954, -0.00518135586753, 0.00606843177229, -0.0064013004303, 0.00704128015786, -0.00403976021335], [0.000137900002301, -0.00205932697281, 0.00456905784085, -0.00163407123182, 0.000181058363523, -0.0022307173349, 0.00244512711652, -0.00229098531418, 0.00227404339239, -0.0027027844917, 0.00257949577644, -0.00307592144236, 0.00140331068542], [-0.000344301573932, 0.00294141587801, -0.00163407123182, 0.00673882430419, -0.00325595377944, -0.000461261166492, -0.00141707726289, 0.0024262079969, -0.00664591230452, 0.00355959590524, -0.00330698653124, 0.00186685530934, -0.00229698093608], [0.0004454938462, -0.00652689579874, 0.000181058363523, -0.00325595377944, 0.0116984862834, -0.00182992022019, 0.00237720180303, -0.00596982007846, 0.00388467824087, -0.0045972103253, 0.00305679067969, -0.00470501836389, 0.00226144399494], [-0.000255141610978, 0.00278856488876, -0.0022307173349, -0.000461261166492, -0.00182992022019, 0.011494810693, -0.00612575095147, 0.00206553633325, -0.00404395814985, -0.000630651717074, -0.00106354057789, 0.00158671999816, 0.000525044859387], [0.000287511880742, -0.0060224798508, 0.00244512711652, -0.00141707726289, 0.00237720180303, -0.00612575095147, 0.0140414051712, -0.00603374186903, 0.00403574807569, -0.00370002514683, 0.00324345380068, -0.00317719602026, 0.00410059513524], [-0.000504370487761, 0.00598224950954, -0.00229098531418, 0.0024262079969, -0.00596982007846, 0.00206553633325, -0.00603374186903, 0.0132062612101, -0.00424221437424, -0.000135679831146, -0.0014348293189, 0.00461753923446, -0.00430812407285], [0.00061327428557, -0.00518135586753, 0.00227404339239, -0.00664591230452, 0.00388467824087, -0.00404395814985, 0.00403574807569, -0.00424221437424, 0.01861060597, -0.00360685051419, 5.50412623852e-05, -0.00315621774644, 0.00246368744411], [-0.000277308165096, 0.00606843177229, -0.0027027844917, 0.00355959590524, -0.0045972103253, -0.000630651717074, -0.00370002514683, -0.000135679831146, -0.00360685051419, 0.0219972729683, -0.00806918554008, 0.00245426548645, -0.0024318175856], [0.000405424274504, -0.0064013004303, 0.00257949577644, -0.00330698653124, 0.00305679067969, -0.00106354057789, 0.00324345380068, -0.0014348293189, 5.50412623852e-05, -0.00806918554008, 0.0232433732599, -0.00682125939056, -0.000990762724541], [-0.000170469880686, 0.00704128015786, -0.00307592144236, 0.00186685530934, -0.00470501836389, 0.00158671999816, -0.00317719602026, 0.00461753923446, -0.00315621774644, 0.00245426548645, -0.00682125939056, 0.0210553202778, -0.00352696538903], [-5.21904294146e-05, -0.00403976021335, 0.00140331068542, -0.00229698093608, 0.00226144399494, 0.000525044859387, 0.00410059513524, -0.00430812407285, 0.00246368744411, -0.0024318175856, -0.000990762724541, -0.00352696538903, 0.0159416999668]]
    },
    "melbands": {
        "dmean": [0.000906916684471, 0.00138917414006, 0.000735580280889, 0.000409527361626, 0.000740000570659, 0.000863306224346, 0.000220314148464, 9.7411844763e-05, 0.000104622231447, 0.000243684335146, 4.18649324274e-05, 2.78715197055e-05, 3.21244697261e-05, 2.19472585741e-05, 1.37972501761e-05, 1.93271207536e-05, 7.68963582232e-06, 9.66887182585e-06, 5.26284566149e-06, 4.72277179142e-06, 3.23871790897e-06, 2.75335833066e-06, 2.50463517659e-06, 2.6883622013e-06, 2.59174839812e-06, 1.83289455435e-06, 1.14980252874e-06, 1.23366885418e-06, 1.04753223695e-06, 9.1078220521e-07, 1.01871466995e-06, 1.10335793124e-06, 9.65836761679e-07, 7.4579622833e-07, 6.22652578386e-07, 3.96543214265e-07, 3.08937870841e-07, 3.00810739873e-07, 3.17477969247e-07, 2.58562380395e-07],
        "dmean2": [0.00122421840206, 0.00204488262534, 0.00114380323794, 0.000582457636483, 0.0011005892884, 0.00136485532857, 0.000340924714692, 0.000150615451275, 0.000148529536091, 0.000317863014061, 5.87569884374e-05, 4.33837631135e-05, 4.7312129027e-05, 3.37909004884e-05, 2.218073314e-05, 2.98815684801e-05, 1.24278167277e-05, 1.59193750733e-05, 8.89378225111e-06, 8.03194416221e-06, 5.42354564459e-06, 4.6526861297e-06, 4.28233533967e-06, 4.54440987596e-06, 4.18298895966e-06, 3.20364256368e-06, 2.05606124837e-06, 2.13304042518e-06, 1.8107411961e-06, 1.59010448897e-06, 1.79332721473e-06, 1.86147519798e-06, 1.6239461047e-06, 1.16376133974e-06, 1.02185538253e-06, 6.44441456643e-07, 5.07990762344e-07, 4.99712996316e-07, 5.10472261794e-07, 4.10025819519e-07],
        "dvar": [4.0886284296e-06, 4.67547124572e-06, 1.952420007e-06, 8.77867137206e-07, 1.10523740204e-06, 1.34731124035e-06, 1.52276328436e-07, 5.39344284789e-08, 2.68063828912e-08, 2.43397010991e-07, 8.21375323312e-09, 2.79219425359e-09, 2.87728996184e-09, 1.05128705741e-09, 5.12190623247e-10, 2.0526165212e-09, 2.34271185784e-10, 2.1970500419e-10, 5.94215093797e-11, 6.11076952928e-11, 2.99226546319e-11, 2.22050867277e-11, 1.49709671743e-11, 2.85825200314e-11, 2.35937068493e-11, 9.83513877978e-12, 5.78028727313e-12, 7.62861301906e-12, 3.80487525167e-12, 4.10660437947e-12, 1.03062714613e-11, 1.69752076978e-11, 1.56663848561e-11, 7.58700914594e-12, 5.61598944432e-12, 1.04528885547e-12, 7.9188435323e-13, 6.34952593975e-13, 6.94921008758e-13, 4.05072297319e-13],
        "dvar2": [8.29867622087e-06, 1.02664935184e-05, 4.51154210168e-06, 1.85383919415e-06, 2.43524709731e-06, 3.59625050805e-06, 2.96298793501e-07, 1.18310758523e-07, 4.84663189582e-08, 4.24676954935e-07, 1.68077658458e-08, 6.2158989067e-09, 5.54256462948e-09, 2.32766228514e-09, 1.20111642854e-09, 4.72015315722e-09, 5.56578283462e-10, 5.06532982225e-10, 1.59681753931e-10, 1.66225685994e-10, 7.71240224462e-11, 5.76551827114e-11, 4.03539424099e-11, 7.43147349214e-11, 5.84256185099e-11, 2.72397313039e-11, 1.58460744526e-11, 1.88606387452e-11, 9.85502391498e-12, 1.12491951518e-11, 2.88621574557e-11, 4.28262390828e-11, 3.35995641032e-11, 1.65807922947e-11, 1.12428772889e-11, 2.3275808364e-12, 1.89558980491e-12, 1.67725599035e-12, 1.79718306209e-12, 1.05405918369e-12],
        "max": [0.0130209522322, 0.0203061793, 0.0193992629647, 0.011001681909, 0.0142615521327, 0.0122140375897, 0.0053219194524, 0.00551844248548, 0.00258939806372, 0.0084749571979, 0.00158730801195, 0.000957369280513, 0.00105876370799, 0.000481718336232, 0.000347716006218, 0.00084263732424, 0.000183370226296, 0.000238951994106, 9.93906360236e-05, 7.28459490347e-05, 7.91252023191e-05, 7.72910425439e-05, 4.25070029451e-05, 9.21015598578e-05, 8.2994098193e-05, 3.38426143571e-05, 2.217351539e-05, 4.21962031396e-05, 2.23608294618e-05, 2.33698046941e-05, 6.46144180791e-05, 6.56630509184e-05, 8.26249452075e-05, 6.94314949214e-05, 5.56254708499e-05, 1.77066540346e-05, 1.4013487089e-05, 8.92179104994e-06, 1.23857798826e-05, 9.4520219136e-06],
        "mean": [0.00108322524466, 0.00207231054083, 0.00108201953117, 0.00059806817444, 0.00155824946705, 0.00169726496097, 0.000420758908149, 0.000158133829245, 0.00018799258396, 0.000676490715705, 9.1437723313e-05, 3.83793849323e-05, 7.05625498085e-05, 4.10439097323e-05, 1.99950554816e-05, 3.27172419929e-05, 1.027678627e-05, 1.46209749801e-05, 7.50814706407e-06, 6.43147222945e-06, 4.42779082732e-06, 3.85297926186e-06, 3.36710127158e-06, 4.37901599071e-06, 4.17864885094e-06, 2.40650456362e-06, 1.35954803682e-06, 1.74796264218e-06, 1.46901015796e-06, 1.18287664463e-06, 1.14660508643e-06, 1.19283652111e-06, 1.10166581635e-06, 8.97923428056e-07, 8.07769481526e-07, 5.24087056419e-07, 3.75633788963e-07, 3.87871352814e-07, 4.91842968131e-07, 4.03417999451e-07],
        "median": [4.39079885837e-05, 0.000854947895277, 0.000559324747883, 0.000169739956618, 0.000929291592911, 0.00104898179416, 0.000216870088479, 8.5737236077e-05, 0.000102411795524, 0.000118764008221, 2.5590064979e-05, 2.15377822315e-05, 2.34385424847e-05, 1.81437299034e-05, 1.30314874696e-05, 1.12501102194e-05, 5.16455611432e-06, 7.95546020527e-06, 4.45900877821e-06, 3.3908122532e-06, 2.67700352197e-06, 2.29176930588e-06, 1.69869372257e-06, 2.18519812734e-06, 1.84125303804e-06, 1.34270965191e-06, 7.10958147465e-07, 9.68062522588e-07, 6.85494114805e-07, 5.55232759325e-07, 4.71026311288e-07, 2.76746135341e-07, 1.70573400737e-07, 1.71324714415e-07, 2.00590932309e-07, 1.73608555087e-07, 1.13932948409e-07, 1.15758027164e-07, 1.23543017594e-07, 1.13845267435e-07],
        "min": [1.20776208479e-10, 9.8839425533e-10, 4.55446375058e-10, 3.422547315e-11, 5.9743654468e-11, 1.01125434415e-10, 1.09408680032e-11, 5.16766143766e-12, 1.08405957822e-11, 1.52552428155e-12, 2.71319013263e-12, 6.6815265343e-13, 3.17254984219e-13, 1.00736415737e-11, 6.42192939451e-12, 9.48531509413e-13, 2.57726739256e-12, 4.06067838859e-13, 1.83859614274e-13, 1.34663385044e-13, 1.8335388817e-13, 1.28725155535e-13, 1.28947918424e-13, 7.07447948421e-14, 5.02575513487e-14, 1.41564955288e-13, 7.60733097067e-14, 6.23137812509e-14, 9.90968375067e-14, 5.56238133895e-14, 5.78308221081e-14, 5.97065935104e-14, 1.13377115042e-13, 1.10907675188e-13, 3.37913663793e-14, 8.55458417862e-14, 6.07900096363e-14, 4.45010544527e-14, 3.53333661429e-14, 4.01285653469e-14],
        "var": [6.06366484135e-06, 7.91083311924e-06, 2.92766185339e-06, 1.65580479461e-06, 2.89177523882e-06, 3.15648799187e-06, 4.6731082648e-07, 9.3996789019e-08, 6.60535661723e-08, 1.46642571508e-06, 2.75289799845e-08, 3.85210841003e-09, 1.71369123336e-08, 3.83526099768e-09, 6.65906108033e-10, 4.77207429128e-09, 3.10437286988e-10, 4.9200532537e-10, 9.06879155105e-11, 7.65024155136e-11, 3.65183577822e-11, 3.05341446571e-11, 2.32575850939e-11, 4.78216979904e-11, 4.39039256339e-11, 1.16360289459e-11, 4.82310979349e-12, 8.65272003353e-12, 4.80797693325e-12, 4.23616653908e-12, 8.30173169791e-12, 1.84334630893e-11, 2.31821679908e-11, 1.27159342084e-11, 8.86289219099e-12, 1.59497664642e-12, 1.00431425329e-12, 6.54955907217e-13, 9.05164289876e-13, 5.40952157201e-13]
    },
    "mfcc": {
        "mean": [-681.144836426, 146.13835144, 16.5040988922, 14.238196373, -2.99739956856, -6.75384140015, -4.40398931503, -7.87016248703, -7.50582170486, -4.95231103897, -3.57024407387, -1.80433857441, -4.08414936066],
        "cov": [[6872.484375, 218.955978394, -84.1494064331, 43.7165031433, -108.232826233, -100.392547607, 83.9795074463, -11.8036546707, 106.26184845, 14.3759536743, 36.0236091614, -117.633743286, -136.170120239], [218.955978394, 771.23828125, -115.980300903, 70.0210342407, 47.0358924866, 47.5666122437, 100.931114197, 12.8315448761, -6.62734222412, 47.4626121521, -12.864771843, 8.73690891266, -22.5600376129], [-84.1494064331, -115.980300903, 312.358642578, 50.9131088257, 89.5653762817, 68.3139801025, 3.58437824249, 38.6192207336, 35.2536964417, 14.8414764404, 43.2959594727, 23.3677864075, 28.6517791748], [43.7165031433, 70.0210342407, 50.9131088257, 205.448364258, 110.279884338, 58.0363235474, 21.6350345612, 44.3368759155, 43.9387512207, 21.5501747131, 28.6212081909, 44.7222747803, 31.9986095428], [-108.232826233, 47.0358924866, 89.5653762817, 110.279884338, 213.609451294, 43.5519332886, 22.2600154877, 30.4153900146, 54.8974456787, 23.8750801086, 33.3981323242, 46.9095153809, 31.0143451691], [-100.392547607, 47.5666122437, 68.3139801025, 58.0363235474, 43.5519332886, 200.485778809, 10.5839166641, 70.3155899048, -0.038258254528, 40.0585708618, 41.6841545105, 20.9737300873, 42.7048034668], [83.9795074463, 100.931114197, 3.58437824249, 21.6350345612, 22.2600154877, 10.5839166641, 159.503356934, 27.1025447845, 50.9542922974, 47.5332489014, 21.3017349243, 5.40456771851, -3.71949791908], [-11.8036546707, 12.8315448761, 38.6192207336, 44.3368759155, 30.4153900146, 70.3155899048, 27.1025447845, 121.613235474, 31.4276008606, 31.7936038971, 35.7165641785, 22.7802963257, 25.0550327301], [106.26184845, -6.62734222412, 35.2536964417, 43.9387512207, 54.8974456787, -0.038258254528, 50.9542922974, 31.4276008606, 110.490974426, 31.2291603088, 29.346452713, 9.5309677124, 11.1358985901], [14.3759536743, 47.4626121521, 14.8414764404, 21.5501747131, 23.8750801086, 40.0585708618, 47.5332489014, 31.7936038971, 31.2291603088, 93.1922836304, 33.5856170654, 7.80254840851, 12.8640613556], [36.0236091614, -12.864771843, 43.2959594727, 28.6212081909, 33.3981323242, 41.6841545105, 21.3017349243, 35.7165641785, 29.346452713, 33.5856170654, 76.213104248, 20.5855045319, 21.7077846527], [-117.633743286, 8.73690891266, 23.3677864075, 44.7222747803, 46.9095153809, 20.9737300873, 5.40456771851, 22.7802963257, 9.5309677124, 7.80254840851, 20.5855045319, 74.3828735352, 25.4663791656], [-136.170120239, -22.5600376129, 28.6517791748, 31.9986095428, 31.0143451691, 42.7048034668, -3.71949791908, 25.0550327301, 11.1358985901, 12.8640613556, 21.7077846527, 25.4663791656, 74.741027832]],
