{
"lowlevel": {
    "average_loudness": 0.967287003994,
    "barkbands_crest": {
        "dmean": 1.97540867329,
        "dmean2": 2.91628408432,
        "dvar": 5.2518119812,
        "dvar2": 11.3484916687,
        "max": 25.6209506989,
        "mean": 15.7221412659,
        "median": 16.4648361206,
        "min": 3.64882230759,
        "var": 20.1634407043
    },
    "barkbands_flatness_db": {
        "dmean": 0.0323322787881,
        "dmean2": 0.0407722815871,
        "dvar": 0.00185530050658,
        "dvar2": 0.00290346797556,
        "max": 0.459027200937,
        "mean": 0.289051324129,
        "median": 0.303672343493,
        "min": 0.0629105642438,
        "var": 0.0100968349725
    },
    "barkbands_kurtosis": {
        "dmean": 7.46759033203,
        "dmean2": 11.3430299759,
        "dvar": 541.026245117,
        "dvar2": 1487.65563965,
        "max": 534.337158203,
        "mean": 15.2702789307,
        "median": 11.0382652283,
        "min": -1.90769600868,
        "var": 532.581726074
    },
    "barkbands_skewness": {
        "dmean": 0.826104402542,
        "dmean2": 1.16182720661,
        "dvar": 1.14794135094,
        "dvar2": 2.54159069061,
        "max": 20.7989368439,
        "mean": 2.88624453545,
        "median": 3.14370584488,
        "min": -1.9520213604,
        "var": 3.58591151237
    },
    "barkbands_spread": {
        "dmean": 6.69131994247,
        "dmean2": 9.32121372223,
        "dvar": 180.157546997,
        "dvar2": 322.67086792,
        "max": 107.636726379,
        "mean": 12.5374250412,
        "median": 5.47312831879,
        "min": 0.559914946556,
        "var": 362.079620361
    },
    "dissonance": {
        "dmean": 0.0276323333383,
        "dmean2": 0.0463849008083,
        "dvar": 0.000736315036193,
        "dvar2": 0.00195656623691,
        "max": 0.499726861715,
        "mean": 0.455762147903,
        "median": 0.465958356857,
        "min": 0.304960548878,
        "var": 0.00120831048116
    },
    "dynamic_complexity": 3.20230579376,
    "erbbands_crest": {
        "dmean": 2.28031897545,
        "dmean2": 3.52393341064,
        "dvar": 5.42553281784,
        "dvar2": 12.9971904755,
        "max": 26.3168296814,
        "mean": 9.92475318909,
        "median": 9.27094650269,
        "min": 2.9680929184,
        "var": 13.1394948959
    },
    "erbbands_flatness_db": {
        "dmean": 0.022710070014,
        "dmean2": 0.0302310325205,
        "dvar": 0.000818557688035,
        "dvar2": 0.00143703271169,
        "max": 0.369455426931,
        "mean": 0.223485693336,
        "median": 0.246256887913,
        "min": 0.043510068208,
        "var": 0.0059642936103
    },
    "erbbands_kurtosis": {
        "dmean": 1.26852524281,
        "dmean2": 1.91964423656,
        "dvar": 3.01393914223,
        "dvar2": 7.27662134171,
        "max": 18.2783527374,
        "mean": 0.65068757534,
        "median": -0.0570051670074,
        "min": -1.75181424618,
        "var": 5.22289085388
    },
    "erbbands_skewness": {
        "dmean": 0.469799309969,
        "dmean2": 0.677528202534,
        "dvar": 0.217411220074,
        "dvar2": 0.505343735218,
        "max": 2.90321969986,
        "mean": 0.0157269313931,
        "median": 0.0662904977798,
        "min": -2.56751728058,
        "var": 0.749544203281
    },
    "erbbands_spread": {
        "dmean": 8.69308567047,
        "dmean2": 12.5908460617,
        "dvar": 126.403892517,
        "dvar2": 259.473144531,
        "max": 146.905456543,
        "mean": 32.9194526672,
        "median": 28.7463970184,
        "min": 3.93149614334,
        "var": 501.157104492
    },
    "hfc": {
        "dmean": 21.9755439758,
        "dmean2": 35.0671615601,
        "dvar": 5584.98583984,
        "dvar2": 13680.2744141,
        "max": 654.036560059,
        "mean": 25.9883365631,
        "median": 9.44235610962,
        "min": 3.45319534745e-07,
        "var": 5092.44775391
    },
    "melbands_crest": {
        "dmean": 1.88706600666,
        "dmean2": 2.94028353691,
        "dvar": 5.54350662231,
        "dvar2": 11.0202169418,
        "max": 33.1195106506,
        "mean": 21.2623023987,
        "median": 20.3940486908,
        "min": 4.73088693619,
        "var": 28.9222698212
    },
    "melbands_flatness_db": {
        "dmean": 0.0410803221166,
        "dmean2": 0.0507322885096,
        "dvar": 0.00318649318069,
        "dvar2": 0.00507707661018,
        "max": 0.601192235947,
        "mean": 0.4025182724,
        "median": 0.418469339609,
        "min": 0.0574763268232,
        "var": 0.0156663190573
    },
    "melbands_kurtosis": {
        "dmean": 14.3648099899,
        "dmean2": 21.3200702667,
        "dvar": 723.504333496,
        "dvar2": 1784.74304199,
        "max": 597.235717773,
        "mean": 34.3384017944,
        "median": 29.873588562,
        "min": -1.628074646,
        "var": 1308.61462402
    },
    "melbands_skewness": {
        "dmean": 0.980553686619,
        "dmean2": 1.38976383209,
        "dvar": 1.14066815376,
        "dvar2": 2.35287356377,
        "max": 15.4661417007,
        "mean": 4.31769227982,
        "median": 4.64085292816,
        "min": -1.17581951618,
        "var": 4.95060253143
    },
    "melbands_spread": {
        "dmean": 7.61028051376,
        "dmean2": 11.4477872849,
        "dvar": 363.012054443,
        "dvar2": 818.267211914,
        "max": 199.734573364,
        "mean": 11.3201494217,
        "median": 4.3847694397,
        "min": 0.405452668667,
        "var": 429.263305664
    },
    "pitch_salience": {
        "dmean": 0.0584248639643,
        "dmean2": 0.0902382954955,
        "dvar": 0.00401115324348,
        "dvar2": 0.00900365132838,
        "max": 0.885018229485,
        "mean": 0.429671347141,
        "median": 0.415384799242,
        "min": 0.0450708456337,
        "var": 0.00957144610584
    },
    "silence_rate_20dB": {
        "dmean": 0.0030959751457,
        "dmean2": 0.00619674660265,
        "dvar": 0.00308638717979,
        "dvar2": 0.00615835655481,
        "max": 1,
        "mean": 0.996133029461,
        "median": 1,
        "min": 0,
        "var": 0.00385201629251
    },
    "silence_rate_30dB": {
        "dmean": 0.0743034034967,
        "dmean2": 0.148721918464,
        "dvar": 0.0687827318907,
        "dvar2": 0.143646329641,
        "max": 1,
        "mean": 0.798143863678,
        "median": 1,
        "min": 0,
        "var": 0.161109745502
    },
    "silence_rate_60dB": {
        "dmean": 0.0170278642327,
        "dmean2": 0.0340821072459,
        "dvar": 0.0167378913611,
        "dvar2": 0.0422159805894,
        "max": 1,
        "mean": 0.0433101318777,
        "median": 0,
        "min": 0,
        "var": 0.0414336137474
    },
    "spectral_centroid": {
        "dmean": 301.021057129,
        "dmean2": 410.290557861,
        "dvar": 397888.09375,
        "dvar2": 697440.5,
        "max": 11046.625,
        "mean": 711.229431152,
        "median": 415.555114746,
        "min": 149.633377075,
        "var": 710630
    },
    "spectral_complexity": {
        "dmean": 3.66099071503,
        "dmean2": 5.59101486206,
        "dvar": 29.6544094086,
        "dvar2": 58.0077590942,
        "max": 55,
        "mean": 11.7594738007,
        "median": 10,
        "min": 0,
        "var": 55.94764328
    },
    "spectral_decrease": {
        "dmean": 3.69232489028e-09,
        "dmean2": 5.591894503e-09,
        "dvar": 9.59936946644e-17,
        "dvar2": 2.08535117631e-16,
        "max": -2.76330122643e-17,
        "mean": -1.62856395036e-08,
        "median": -1.2860274623e-08,
        "min": -1.86406964531e-07,
        "var": 2.08067992195e-16
    },
    "spectral_energy": {
        "dmean": 0.0156175876036,
        "dmean2": 0.0237210486084,
        "dvar": 0.00144059176091,
        "dvar2": 0.00314434780739,
        "max": 0.713906943798,
        "mean": 0.063822850585,
        "median": 0.0509454570711,
        "min": 1.35615033092e-10,
        "var": 0.00308282882906
    },
    "spectral_energyband_high": {
        "dmean": 0.00215825624764,
        "dmean2": 0.00344965932891,
        "dvar": 7.80943009886e-05,
        "dvar2": 0.000190515769646,
        "max": 0.0767111554742,
        "mean": 0.00187229737639,
        "median": 2.35989932662e-06,
        "min": 2.39291572668e-11,
        "var": 7.07408398739e-05
    },
    "spectral_energyband_low": {
        "dmean": 0.0122824730352,
        "dmean2": 0.0186286345124,
        "dvar": 0.00127880729269,
        "dvar2": 0.00280090444721,
        "max": 0.679566800594,
        "mean": 0.0536660403013,
        "median": 0.04125033319,
        "min": 6.35716618236e-11,
        "var": 0.00274501997046
    },
    "spectral_energyband_middle_high": {
        "dmean": 0.00242743757553,
        "dmean2": 0.00386053160764,
        "dvar": 3.59596488124e-05,
        "dvar2": 9.72344714683e-05,
        "max": 0.0517771504819,
        "mean": 0.00350463925861,
        "median": 0.00151876918972,
        "min": 1.92618282435e-11,
        "var": 3.50882328348e-05
    },
    "spectral_energyband_middle_low": {
        "dmean": 0.00240760063753,
        "dmean2": 0.00376705522649,
        "dvar": 1.86332526937e-05,
        "dvar2": 3.93845657527e-05,
        "max": 0.046418376267,
        "mean": 0.0081909224391,
        "median": 0.0063362265937,
        "min": 2.85942385221e-12,
        "var": 5.36029401701e-05
    },
    "spectral_entropy": {
        "dmean": 0.260768949986,
        "dmean2": 0.333737105131,
        "dvar": 0.129571422935,
        "dvar2": 0.2089445889,
        "max": 9.79179668427,
        "mean": 6.69582366943,
        "median": 6.50222015381,
        "min": 4.98009300232,
        "var": 0.707792043686
    },
    "spectral_flux": {
        "dmean": 0.0336309671402,
        "dmean2": 0.0526619628072,
        "dvar": 0.00347019382752,
        "dvar2": 0.00785158295184,
        "max": 0.652420520782,
        "mean": 0.0714466571808,
        "median": 0.048853058368,
        "min": 2.67160648946e-05,
        "var": 0.00482599344105
    },
    "spectral_kurtosis": {
        "dmean": 12.0253667831,
        "dmean2": 19.6795959473,
        "dvar": 203.210769653,
        "dvar2": 530.718688965,
        "max": 116.508460999,
        "mean": 27.2658176422,
        "median": 20.6297855377,
        "min": -1.19527685642,
        "var": 621.708374023
    },
    "spectral_rms": {
        "dmean": 0.000926376378629,
        "dmean2": 0.00135362299625,
        "dvar": 2.86598628918e-06,
        "dvar2": 5.46813589608e-06,
        "max": 0.0263911839575,
        "mean": 0.0071570747532,
        "median": 0.00705002713948,
        "min": 3.63740781495e-07,
        "var": 1.10424489321e-05
    },
    "spectral_rolloff": {
        "dmean": 557.931152344,
        "dmean2": 896.757629395,
        "dvar": 2476593.75,
        "dvar2": 4619292.5,
        "max": 11046.5332031,
        "mean": 815.246643066,
        "median": 150.732421875,
        "min": 86.1328125,
        "var": 3299657.75
    },
    "spectral_skewness": {
        "dmean": 0.857804834843,
        "dmean2": 1.32797205448,
        "dvar": 0.794595181942,
        "dvar2": 1.97854828835,
        "max": 8.43784046173,
        "mean": 3.37955164909,
        "median": 3.36607313156,
        "min": 0.00124105205759,
        "var": 3.1238515377
    },
    "spectral_spread": {
        "dmean": 678597.4375,
        "dmean2": 937236.8125,
        "dvar": 2.00415195955e+12,
        "dvar2": 2.96233153331e+12,
        "max": 39978268,
        "mean": 3205328.5,
        "median": 1854176.75,
        "min": 595029.3125,
        "var": 8.5144240128e+12
    },
    "spectral_strongpeak": {
        "dmean": 0.155283689499,
        "dmean2": 0.251121252775,
        "dvar": 0.223136126995,
        "dvar2": 0.619767725468,
        "max": 6.84851646423,
        "mean": 0.738282263279,
        "median": 0.709539473057,
        "min": 0,
        "var": 0.223153620958
    },
    "zerocrossingrate": {
        "dmean": 0.0123400613666,
        "dmean2": 0.0135054588318,
        "dvar": 0.000634410476778,
        "dvar2": 0.000734164437745,
        "max": 0.37158203125,
        "mean": 0.0282444078475,
        "median": 0.0126953125,
        "min": 0.0029296875,
        "var": 0.00180045806337
    },
    "barkbands": {
        "dmean": [0.000535620027222, 0.00895683467388, 0.00372564047575, 0.00121580425184, 0.000979842618108, 0.000307141774101, 0.000310368457576, 0.000217527122004, 0.000155717498274, 0.000716527400073, 0.000319800863508, 0.000549491785932, 0.000235194500419, 0.00025022556656, 0.000231841855566, 0.00011061825353, 4.08859705203e-05, 0.000253910984611, 0.000116554947454, 0.00023347021488, 0.000195830478333, 0.000584186578635, 0.000288303592242, 0.000413300178479, 0.000358670076821, 0.00025352530065, 1.93032283278e-05],
        "dmean2": [0.000802629394457, 0.014242567122, 0.00599278369918, 0.00193472369574, 0.00150590646081, 0.000547927280422, 0.000534616003279, 0.000388932297938, 0.00025358577841, 0.000973907182924, 0.000521834532265, 0.000991072622128, 0.000397334806621, 0.000388117798138, 0.000370917376131, 0.000201976945391, 6.97824216331e-05, 0.00047359324526, 0.000201954899239, 0.000388905580621, 0.000309036520775, 0.000958844553679, 0.00047104654368, 0.00067618151661, 0.000563534442335, 0.000403933809139, 3.25009095832e-05],
        "dvar": [1.601204076e-06, 0.000922538747545, 0.000153132888954, 8.75924706634e-06, 4.90062575409e-06, 1.98751223479e-07, 3.33055396595e-07, 4.02829357427e-07, 1.041391684e-07, 1.47880473378e-06, 7.32527041691e-07, 3.74303112949e-06, 6.69335065595e-07, 3.07750156026e-07, 6.60669968511e-07, 2.06767083455e-07, 2.21180229687e-08, 1.21988398405e-06, 1.48346956053e-07, 5.95498136136e-07, 3.9181807665e-07, 6.15155067862e-06, 1.42758051425e-06, 3.28101691593e-06, 2.41737461693e-06, 1.1517843177e-06, 8.94924934158e-09],
        "dvar2": [3.0272146887e-06, 0.00227013905533, 0.00040544141666, 1.81502127816e-05, 1.05452136268e-05, 6.36810511878e-07, 8.92841114819e-07, 1.14562101317e-06, 2.27527891639e-07, 2.30143996305e-06, 2.02389583137e-06, 1.06282359411e-05, 1.83228371498e-06, 7.06443131548e-07, 1.41867485581e-06, 5.87650333728e-07, 6.09099757298e-08, 3.53676887244e-06, 4.05661779723e-07, 1.51307108354e-06, 8.43778821036e-07, 1.6026029698e-05, 3.63665913028e-06, 8.3684863057e-06, 5.79744028073e-06, 2.83179997496e-06, 2.37713795315e-08],
        "max": [0.0279522314668, 0.637248575687, 0.243539839983, 0.0286755375564, 0.0387975312769, 0.0041272919625, 0.00527637451887, 0.00652666809037, 0.00682414369658, 0.0176312513649, 0.0108207799494, 0.0172443222255, 0.0119778607041, 0.00619951542467, 0.011857047677, 0.00422073807567, 0.00170063471887, 0.00975697673857, 0.00352729181759, 0.00642658350989, 0.0065945899114, 0.0240110810846, 0.0121657885611, 0.0172158610076, 0.0151313822716, 0.00976284127682, 0.00110724079423],
        "mean": [0.000840376829728, 0.0347344875336, 0.0147310020402, 0.00415220297873, 0.00218823458999, 0.000475836335681, 0.000597656122409, 0.000343862862792, 0.000341240491252, 0.00147695757914, 0.00038080351078, 0.000437487731688, 0.000212036538869, 0.000344430940459, 0.000253486592555, 7.96274471213e-05, 3.37770252372e-05, 0.000155283603817, 8.8638982561e-05, 0.000178902657353, 0.000182167932508, 0.000457651651232, 0.000243696718826, 0.000339529389748, 0.000317004480166, 0.000221952766879, 1.46300371853e-05],
        "median": [0.000109394037281, 0.0195874441415, 0.00869541056454, 0.000530232733581, 0.00111374724656, 0.000301528139971, 0.000171309875441, 6.96315692039e-05, 0.000146578764543, 0.000740170828067, 0.000118949021271, 9.70914188656e-05, 5.63696303288e-05, 7.99700064817e-05, 3.17101330438e-05, 1.19491360238e-05, 4.69674705528e-06, 2.72468878393e-06, 3.23150015902e-06, 8.69005475579e-07, 5.38961671737e-07, 5.81011988743e-07, 1.92778827568e-07, 1.50369885432e-07, 8.5185916987e-08, 4.51099175791e-08, 7.39935446248e-09],
        "min": [3.16977971648e-11, 3.72859451647e-11, 3.10465195219e-12, 8.2695711444e-14, 3.66258232239e-14, 3.93930710534e-13, 5.28962561686e-13, 1.22409601986e-12, 1.58263850701e-13, 4.27290494653e-12, 2.93707484549e-12, 8.94699299456e-13, 3.48797542498e-13, 1.67175214644e-12, 2.82658987362e-12, 9.2194990791e-13, 1.20366021837e-12, 1.70623205235e-12, 1.96732430693e-12, 1.27004960368e-12, 1.87523607753e-12, 2.35721359966e-12, 1.69957147314e-12, 3.09555592964e-12, 4.28860072454e-12, 5.14221911579e-12, 5.1574911876e-12],
        "var": [3.5158927858e-06, 0.00179945293348, 0.000327266840031, 3.71031164832e-05, 9.71803274297e-06, 3.03252988942e-07, 9.47866169554e-07, 5.44196439023e-07, 3.57527284223e-07, 5.64780611967e-06, 6.48382354029e-07, 2.34009849009e-06, 4.73196820394e-07, 4.84216855057e-07, 8.84163910086e-07, 1.23453901324e-07, 1.54450123802e-08, 6.80915491102e-07, 1.0065178202e-07, 4.79762945815e-07, 4.40971746229e-07, 4.86391081722e-06, 1.21523919461e-06, 2.70295413429e-06, 2.22793642024e-06, 1.04149569324e-06, 6.54968346225e-09]
    },
    "erbbands": {
        "dmean": [0.232216849923, 2.18594050407, 4.42679357529, 4.45979547501, 3.54765272141, 2.54304599762, 2.29496192932, 2.45379161835, 4.2824306488, 4.40345430374, 4.94320249557, 3.19430112839, 11.5813016891, 19.6166133881, 20.8381023407, 18.4962673187, 11.3395795822, 8.88017940521, 15.5855884552, 7.799036026, 5.58176803589, 3.23138785362, 15.6302232742, 5.7553358078, 8.33225345612, 10.9780330658, 6.89870977402, 14.0947217941, 23.3872184753, 6.47065925598, 8.95587539673, 8.31030082703, 7.19188261032, 5.27596330643, 1.94904017448, 1.2763556242, 0.356506556273, 0.0900460258126, 0.00203699292615, 7.65687218518e-05],
        "dmean2": [0.387291580439, 3.3854944706, 6.94176721573, 7.09462690353, 5.50886392593, 3.93095541, 3.90933823586, 4.38609313965, 7.38041782379, 7.81983280182, 8.51571369171, 5.22159099579, 16.3569259644, 26.9047012329, 35.0730628967, 33.1311759949, 19.5547428131, 14.1317443848, 22.3346996307, 13.7093305588, 10.2676916122, 5.60044765472, 29.2966785431, 10.2688064575, 14.5972490311, 18.0327320099, 10.9181222916, 22.0337753296, 38.1213493347, 9.83187389374, 14.6460561752, 13.6089744568, 11.7397623062, 8.45592498779, 2.97008895874, 2.0434525013, 0.559131503105, 0.147010982037, 0.00334729813039, 0.000121590011986],
        "dvar": [0.827295899391, 48.775062561, 210.285217285, 129.173095703, 59.6584396362, 26.1246700287, 18.0713443756, 13.2730369568, 46.9657363892, 154.91595459, 169.469650269, 48.7538108826, 291.175170898, 1653.31054688, 4405.42919922, 3821.36499023, 1490.69714355, 544.605773926, 2156.99536133, 731.810546875, 578.690490723, 152.035903931, 4680.18066406, 474.73034668, 810.632080078, 1334.38305664, 541.105834961, 2578.70703125, 9920.6640625, 626.568237305, 1392.58276367, 1257.30078125, 1019.70202637, 542.123413086, 67.5717849731, 29.4437942505, 2.2173037529, 0.159316495061, 8.28850534162e-05, 7.48329043176e-08],
        "dvar2": [2.28712797165, 115.629112244, 531.606628418, 305.536224365, 130.378509521, 56.4589538574, 46.6753501892, 43.3172187805, 125.461486816, 436.038970947, 471.830169678, 107.015464783, 514.780456543, 2738.484375, 12300.3798828, 10826.3115234, 4129.72314453, 1395.18164062, 3692.01049805, 1988.61303711, 1664.99841309, 425.004516602, 13591.9716797, 1335.51281738, 2240.25805664, 3294.28320312, 1340.3840332, 5970.03027344, 25707.8105469, 1462.80810547, 3585.1081543, 3239.74633789, 2612.32641602, 1328.76452637, 157.916992188, 72.0942230225, 5.39870166779, 0.403374493122, 0.000210067169974, 1.85593620472e-07],
        "max": [18.057258606, 141.583023071, 306.069335938, 171.959335327, 132.838043213, 80.796546936, 44.1838569641, 33.6934432983, 61.7832527161, 113.506996155, 113.317085266, 152.089447021, 227.141815186, 589.022583008, 782.699951172, 524.921020508, 556.879882812, 324.577911377, 704.14642334, 231.819503784, 218.698165894, 129.111633301, 582.970092773, 185.653656006, 241.024932861, 331.232086182, 252.109924316, 589.467285156, 1094.28991699, 258.208557129, 416.080932617, 319.384735107, 310.998077393, 229.855987549, 83.5733108521, 52.3387908936, 14.6470041275, 4.14153385162, 0.0936991795897, 0.00265140761621],
        "mean": [0.664228975773, 9.06620693207, 18.8174247742, 17.0761909485, 8.78432273865, 5.74203586578, 3.43454456329, 4.09777355194, 8.44443321228, 7.06235408783, 9.61531257629, 6.65518569946, 24.0084037781, 38.5081863403, 22.1130752563, 15.5434322357, 10.2846784592, 10.7409524918, 23.313949585, 6.96132183075, 3.90861558914, 2.50368714333, 9.46113109589, 4.03615093231, 6.15196752548, 8.67638397217, 5.98525571823, 12.1768045425, 18.4082450867, 5.95978546143, 7.48938560486, 6.86965274811, 5.82161951065, 4.41187906265, 1.80137097836, 1.11893987656, 0.323587536812, 0.0734216198325, 0.00168733787723, 0.000121240169392],
        "median": [0.151963174343, 5.76259899139, 12.8939008713, 10.6050224304, 5.93457317352, 3.29277133942, 1.61829340458, 3.19498038292, 3.26570153236, 1.17418110371, 1.88933217525, 3.48107218742, 14.3548440933, 17.4314670563, 6.0009598732, 4.05715751648, 2.88003468513, 3.38522458076, 3.41625881195, 1.21899724007, 0.555869519711, 0.312790066004, 0.173365727067, 0.154501140118, 0.143034532666, 0.0490942746401, 0.0245571546257, 0.0238299984485, 0.0233789477497, 0.00920551270247, 0.00565590616316, 0.00351799093187, 0.0022208201699, 0.00124973175116, 0.000500675290823, 0.000268771371339, 9.68688327703e-05, 2.01569018827e-05, 3.52959286829e-05, 6.28063935437e-05],
        "min": [1.89995308375e-09, 5.51505419111e-09, 5.25158716513e-09, 1.35762301401e-09, 1.24184468264e-10, 1.12739949321e-10, 8.88785600672e-10, 4.13286427303e-09, 5.32965804823e-09, 2.11736104205e-08, 1.67964149256e-08, 6.19683282466e-09, 6.55505445479e-08, 1.50938888055e-07, 1.11480851217e-07, 3.31332259407e-08, 1.8312988459e-08, 6.84338345991e-08, 9.24246492673e-08, 1.63479910498e-07, 4.42371757003e-08, 7.62941496646e-08, 9.42749025512e-08, 7.70103270042e-08, 1.11012084858e-07, 6.53690790386e-08, 5.60397275251e-08, 8.91964262451e-08, 8.86691466917e-08, 4.58027784589e-08, 5.50683729728e-08, 3.81867550914e-08, 7.19794641668e-08, 5.49620402523e-08, 2.36130279774e-08, 2.34618013906e-08, 8.77499584107e-09, 2.60580024225e-09, 8.99495034012e-10, 6.91406376596e-11],
        "var": [1.1002522707, 103.477340698, 456.881774902, 355.317199707, 103.140548706, 54.4295768738, 23.8765850067, 17.7799320221, 146.164382935, 228.195724487, 391.169067383, 107.739852905, 953.08795166, 5340.25195312, 3225.82470703, 2461.94311523, 1025.96398926, 533.316467285, 4380.49169922, 534.191955566, 334.942565918, 99.5199737549, 2596.45678711, 293.153533936, 529.297302246, 1139.2935791, 509.392822266, 2545.82983398, 7944.04541016, 642.70526123, 1153.67041016, 1056.63293457, 822.408569336, 468.121124268, 66.748878479, 26.7595615387, 2.094435215, 0.13201969862, 6.81948440615e-05, 6.7635731682e-08]
    },
    "gfcc": {
        "mean": [-87.1869049072, 163.626068115, -82.7815093994, 12.6007585526, -22.1391563416, 28.5106525421, -9.79577732086, 1.21164429188, -16.8681583405, -5.6151266098, -14.0734119415, -8.32714557648, -3.96625995636],
        "cov": [[10457.5390625, -3962.75048828, 357.131378174, 1505.17736816, -1186.67053223, 477.864685059, -223.335983276, 305.848480225, -532.30670166, 398.264648438, -262.371948242, 387.583953857, -439.235687256], [-3962.75048828, 4960.79882812, -601.643249512, -1303.1541748, 1514.3494873, -769.206726074, 394.466247559, -503.446990967, 515.808837891, -533.392822266, 365.454467773, -538.875793457, 303.201446533], [357.131378174, -601.643249512, 1003.38330078, 258.733703613, -198.914489746, 176.162643433, 1.19063866138, 147.741256714, 12.3968133926, 72.9668273926, -84.4482879639, 78.4632873535, -51.983165741], [1505.17736816, -1303.1541748, 258.733703613, 660.075744629, -323.721679688, 171.070404053, -42.4802627563, 94.3441467285, -144.052322388, 82.3104629517, -72.2412414551, 155.316345215, -75.4210968018], [-1186.67053223, 1514.3494873, -198.914489746, -323.721679688, 771.556762695, -184.019241333, 182.218521118, -226.354248047, 76.7424087524, -231.77545166, 104.66116333, -182.440444946, 117.428489685], [477.864685059, -769.206726074, 176.162643433, 171.070404053, -184.019241333, 333.945831299, -38.9860687256, 75.6813583374, -106.964187622, 61.7396888733, -69.3690109253, 93.1634521484, -19.5552387238], [-223.335983276, 394.466247559, 1.19063866138, -42.4802627563, 182.218521118, -38.9860687256, 150.868789673, -21.6069030762, 42.6483650208, -76.1651000977, 23.1146507263, -47.8681602478, 33.6047286987], [305.848480225, -503.446990967, 147.741256714, 94.3441467285, -226.354248047, 75.6813583374, -21.6069030762, 153.320617676, 14.443362236, 80.1044158936, -47.492023468, 56.637588501, -41.4489440918], [-532.30670166, 515.808837891, 12.3968133926, -144.052322388, 76.7424087524, -106.964187622, 42.6483650208, 14.443362236, 161.817596436, -3.29806470871, 50.8942832947, -59.5047721863, 8.54584026337], [398.264648438, -533.392822266, 72.9668273926, 82.3104629517, -231.77545166, 61.7396888733, -76.1651000977, 80.1044158936, -3.29806470871, 150.29675293, -11.6070966721, 57.046295166, -61.702796936], [-262.371948242, 365.454467773, -84.4482879639, -72.2412414551, 104.66116333, -69.3690109253, 23.1146507263, -47.492023468, 50.8942832947, -11.6070966721, 95.8246459961, 7.13802242279, 29.706199646], [387.583953857, -538.875793457, 78.4632873535, 155.316345215, -182.440444946, 93.1634521484, -47.8681602478, 56.637588501, -59.5047721863, 57.046295166, 7.13802242279, 164.876098633, 17.2830371857], [-439.235687256, 303.201446533, -51.983165741, -75.4210968018, 117.428489685, -19.5552387238, 33.6047286987, -41.4489440918, 8.54584026337, -61.702796936, 29.706199646, 17.2830371857, 100.416351318]],
        "icov": [[0.000181155308383, -9.85941951512e-05, 5.69297408219e-05, -0.000318345206324, 9.08699948923e-05, 1.87925706996e-05, -0.000164936936926, -6.44600149826e-05, 0.000471761042718, -0.000238925902522, 0.000151592015754, -0.000229115743423, 0.000614077842329], [-9.85941951512e-05, 0.00370413763449, -0.000554116268177, 0.00307412585244, -0.00102717697155, 0.00134186411742, -0.000487092213007, 0.00301645603031, -0.00502567598596, 0.00535150012001, -0.00515708187595, 0.00340828043409, -0.00206794939004], [5.69297408219e-05, -0.000554116268177, 0.00151284679305, -0.000963528698776, -0.000212529310375, -0.000714771449566, -8.69235300343e-05, -0.000738363480195, -0.000625721877441, -0.00094273762079, 0.00230633025058, -0.00144932360854, 0.000856403377838], [-0.000318345206324, 0.00307412585244, -0.000963528698776, 0.00587184401229, -0.000277606159216, 0.00115174928214, -0.00160178577062, 0.00308353360742, -0.00299622234888, 0.00506928889081, -0.00380073860288, 0.000570840842556, -9.37875665841e-06], [9.08699948923e-05, -0.00102717697155, -0.000212529310375, -0.000277606159216, 0.00545897753909, -0.000609631533735, -0.00253927451558, 0.00243685371242, 0.00219316617586, 0.00127342448104, -0.00176039710641, 0.00210430030711, -0.000712008855771], [1.87925706996e-05, 0.00134186411742, -0.000714771449566, 0.00115174928214, -0.000609631533735, 0.00569433392957, -0.000876465986948, -0.000162894561072, 0.00130529620219, 0.000236019826843, -0.000157318761921, 4.41759293608e-05, -0.00135365221649], [-0.000164936936926, -0.000487092213007, -8.69235300343e-05, -0.00160178577062, -0.00253927451558, -0.000876465986948, 0.0129240872338, -0.00568187469617, -0.000913415395189, 0.00391743378714, -0.00239742174745, 0.00231938622892, -0.00157549895812], [-6.44600149826e-05, 0.00301645603031, -0.000738363480195, 0.00308353360742, 0.00243685371242, -0.000162894561072, -0.00568187469617, 0.0235410369933, -0.0130046140403, 0.000710269378033, 0.00712638814002, -0.00490197818726, 0.00155956356321], [0.000471761042718, -0.00502567598596, -0.000625721877441, -0.00299622234888, 0.00219316617586, 0.00130529620219, -0.000913415395189, -0.0130046140403, 0.0250462517142, -0.00886616297066, -0.0048368787393, 0.00374098797329, 0.000498676032294], [-0.000238925902522, 0.00535150012001, -0.00094273762079, 0.00506928889081, 0.00127342448104, 0.000236019826843, 0.00391743378714, 0.000710269378033, -0.00886616297066, 0.0264301300049, -0.0134926447645, 0.00371476938017, 0.00400200439617], [0.000151592015754, -0.00515708187595, 0.00230633025058, -0.00380073860288, -0.00176039710641, -0.000157318761921, -0.00239742174745, 0.00712638814002, -0.0048368787393, -0.0134926447645, 0.0364139899611, -0.0189043153077, 0.004947880283], [-0.000229115743423, 0.00340828043409, -0.00144932360854, 0.000570840842556, 0.00210430030711, 4.41759293608e-05, 0.00231938622892, -0.00490197818726, 0.00374098797329, 0.00371476938017, -0.0189043153077, 0.0248638279736, -0.0135893085971], [0.000614077842329, -0.00206794939004, 0.000856403377838, -9.37875665841e-06, -0.000712008855771, -0.00135365221649, -0.00157549895812, 0.00155956356321, 0.000498676032294, 0.00400200439617, 0.004947880283, -0.0135893085971, 0.024356810376]]
    },
    "melbands": {
        "dmean": [0.00232244748622, 0.00246008695103, 0.000695902272128, 0.00024664204102, 7.76216766099e-05, 5.73075667489e-05, 6.20210921625e-05, 4.7725821787e-05, 4.18987110606e-05, 1.79033886525e-05, 6.63260943838e-05, 8.9191715233e-05, 5.65206282772e-05, 6.80980156176e-05, 3.4507986129e-05, 2.16354364966e-05, 1.64044668054e-05, 2.7622530979e-05, 1.53759156092e-05, 7.91911043052e-06, 5.6621861404e-06, 2.14209171645e-06, 8.51242566569e-06, 1.4376807485e-05, 3.2106549952e-06, 5.48313983018e-06, 7.92181526776e-06, 6.981806564e-06, 4.7183029892e-06, 3.00314059132e-06, 1.11639737952e-05, 1.82962212421e-05, 4.03207923227e-06, 3.25133146362e-06, 4.27543000114e-06, 6.86416024109e-06, 4.60567116534e-06, 6.04909791946e-06, 3.64218203686e-06, 4.7814055506e-06],
        "dmean2": [0.00370880868286, 0.00374174048193, 0.0011051276233, 0.000377880758606, 0.000129126594402, 0.000102265112218, 0.000107419225969, 8.52147495607e-05, 7.06256760168e-05, 2.95019326586e-05, 9.35428906814e-05, 0.000121719844174, 9.45225183386e-05, 0.000120386910567, 6.16403922322e-05, 3.64965271729e-05, 2.63175261352e-05, 3.90471141145e-05, 2.5614097467e-05, 1.45016547322e-05, 1.05232484202e-05, 3.61775710189e-06, 1.55624838953e-05, 2.69960528385e-05, 5.57562680115e-06, 9.58144573815e-06, 1.40667507367e-05, 1.10908149509e-05, 7.63269781601e-06, 4.86416638523e-06, 1.736050217e-05, 3.0428836908e-05, 5.98662154516e-06, 5.04843319504e-06, 6.78689320921e-06, 1.16872479339e-05, 7.43142618376e-06, 9.95396931103e-06, 5.96273821429e-06, 7.74644377088e-06],
        "dvar": [7.0986810897e-05, 5.38751955901e-05, 2.96247071674e-06, 3.05899959585e-07, 2.47781350993e-08, 6.80965506206e-09, 1.0726188826e-08, 1.92734930238e-08, 1.05959587771e-08, 1.62386815106e-09, 9.87276926878e-09, 3.22727728985e-08, 2.83312644456e-08, 5.70083997786e-08, 1.28877513106e-08, 5.2206714507e-09, 1.67471758683e-09, 5.7429896394e-09, 2.58181409585e-09, 8.95084895092e-10, 6.37619512744e-10, 5.98286212239e-11, 1.18397525117e-09, 4.19881773794e-09, 1.2046008635e-10, 3.60535712396e-10, 8.73514427457e-10, 6.17085882393e-10, 2.97592256393e-10, 8.94808047103e-11, 1.75086123377e-09, 6.47752385063e-09, 2.56105692209e-10, 1.63612914883e-10, 2.87552648359e-10, 9.12998565639e-10, 3.88295201548e-10, 7.33951954768e-10, 2.68317007501e-10, 4.55319837389e-10],
        "dvar2": [0.000182276839041, 0.000126090526464, 7.19542185834e-06, 6.52389530842e-07, 6.02134733185e-08, 2.19634799237e-08, 2.88136607907e-08, 5.44741602937e-08, 2.90444059914e-08, 3.48189477251e-09, 1.72318355141e-08, 5.21463263681e-08, 7.90537839634e-08, 1.60468317745e-07, 3.70411434858e-08, 1.40381404279e-08, 4.28046531553e-09, 9.78278080765e-09, 6.28821750226e-09, 2.49319254131e-09, 1.84335890996e-09, 1.63043967216e-10, 3.4010072536e-09, 1.22116370349e-08, 3.28146593231e-10, 1.00292141259e-09, 2.45933029497e-09, 1.44182943362e-09, 7.66815888564e-10, 2.24179438901e-10, 4.06303790612e-09, 1.71154095341e-08, 6.00475891233e-10, 3.84252296648e-10, 7.17978621001e-10, 2.46429610051e-09, 9.82833814334e-10, 1.89145477059e-09, 6.87059187321e-10, 1.12194198376e-09],
        "max": [0.179551959038, 0.163015261292, 0.027216129005, 0.0101103130728, 0.00161271507386, 0.000764435972087, 0.000887466419954, 0.00133789679967, 0.00107148906682, 0.000907738460228, 0.0012956704013, 0.0025719976984, 0.002120930003, 0.00224266457371, 0.00161783548538, 0.0010717214318, 0.000534542661626, 0.00121738482267, 0.000645010964945, 0.000261751119979, 0.000231952275499, 7.78082830948e-05, 0.000315169949317, 0.000586947484408, 8.37567422423e-05, 0.000176491666934, 0.000249032687861, 0.000247957039392, 0.000187863479368, 9.13352560019e-05, 0.000503144809045, 0.000871094001923, 0.000246495706961, 0.00013197484077, 0.000206366225029, 0.000281967892079, 0.000186942546861, 0.000249341072049, 0.000184314747457, 0.000196070395759],
        "mean": [0.00841792207211, 0.0109570929781, 0.0026163412258, 0.000582461536396, 0.000116084323963, 9.98701507342e-05, 0.000119026488392, 7.4771756772e-05, 8.43791713123e-05, 3.61582642654e-05, 0.000132797344122, 0.000177761205123, 6.36348922853e-05, 5.58558785997e-05, 2.93189677905e-05, 1.96428500203e-05, 2.02666251425e-05, 4.21220902354e-05, 1.52455704665e-05, 6.0276415752e-06, 3.77933474738e-06, 1.83040901902e-06, 5.50585809833e-06, 8.6183545136e-06, 2.40015492636e-06, 4.02627802032e-06, 5.53996233066e-06, 5.77149148739e-06, 3.87485260944e-06, 2.73975592791e-06, 9.52836671786e-06, 1.37216038638e-05, 3.98594374929e-06, 2.92669483315e-06, 3.74224896404e-06, 5.26203393747e-06, 3.83680753657e-06, 4.75015622214e-06, 3.02478633785e-06, 3.96102313971e-06],
        "median": [0.00327537464909, 0.00868473481387, 0.00179708725773, 0.000338044250384, 5.74438126932e-05, 7.4341733125e-05, 4.39993818873e-05, 1.18116377053e-05, 1.68849510374e-05, 1.95085831365e-05, 7.78028042987e-05, 8.16698302515e-05, 1.83260017366e-05, 1.10098835648e-05, 8.89401144377e-06, 4.62406842416e-06, 6.34042771708e-06, 5.98490350967e-06, 2.270055802e-06, 1.03303477772e-06, 4.32363435721e-07, 3.18732077176e-07, 1.80476504852e-07, 1.30213436478e-07, 1.11992463303e-07, 1.30290317202e-07, 5.29559258666e-08, 2.42916975424e-08, 1.55754253939e-08, 1.02918837896e-08, 1.58543809192e-08, 1.50678545197e-08, 7.04831260023e-09, 3.74722564089e-09, 3.25917071109e-09, 2.76158917956e-09, 1.90360416319e-09, 1.71425751372e-09, 1.16676568407e-09, 9.72630642693e-10],
        "min": [1.59287617818e-11, 4.29423987688e-12, 2.18207410149e-13, 4.61049138795e-15, 2.52620868018e-14, 8.97922618963e-14, 8.63475686352e-14, 2.16626114833e-13, 1.04813564512e-13, 3.02359997933e-14, 3.57090008604e-13, 6.41615070535e-13, 4.02743946049e-13, 1.41042031027e-13, 4.99801277296e-14, 3.52637942447e-14, 1.4671750414e-13, 1.45870525403e-13, 2.13928050621e-13, 1.32855383053e-13, 4.14975264438e-14, 6.51357020078e-14, 1.21498392402e-13, 5.47561399434e-14, 6.24850377603e-14, 7.07676240741e-14, 6.65639621872e-14, 4.0907567996e-14, 2.54428792081e-14, 5.166524218e-14, 5.39131354848e-14, 6.2931952672e-14, 2.53529852955e-14, 2.45461372853e-14, 3.67664069762e-14, 2.34589738856e-14, 2.01403648669e-14, 5.15052342681e-14, 5.67359405442e-14, 4.06645542434e-14],
        "var": [0.000128562707687, 0.000100049197499, 6.98327630744e-06, 6.29389148799e-07, 3.07580236836e-08, 1.01093302618e-08, 2.98871931648e-08, 2.68342379428e-08, 3.01729023988e-08, 3.27752447404e-09, 3.0984690369e-08, 1.09897754896e-07, 2.22190230659e-08, 3.67758445918e-08, 8.196678003e-09, 3.85552745286e-09, 1.7268627639e-09, 1.25102479487e-08, 2.69216515747e-09, 5.62930868586e-10, 3.6303604567e-10, 4.31839876358e-11, 6.87403023392e-10, 2.31809860196e-09, 8.16962122951e-11, 2.33055963417e-10, 5.37963396052e-10, 5.75873182473e-10, 2.49911868977e-10, 9.05517466565e-11, 1.70534109056e-09, 4.88569007473e-09, 2.78821243871e-10, 1.6413029269e-10, 2.589836956e-10, 6.76767364371e-10, 3.32013805338e-10, 5.74769454253e-10, 2.18786169737e-10, 3.88510973393e-10]
    },
    "mfcc": {
        "mean": [-742.845153809, 199.069671631, 15.1470890045, 11.2981433868, 16.5025444031, 26.2360935211, 21.2738876343, 13.4423837662, 10.3248558044, 9.43225860596, 1.34692311287, -8.32741546631, -3.55765414238],
        "cov": [[8512.65332031, -3971.88500977, 673.058532715, 630.396118164, -585.977355957, 195.314743042, 81.6200637817, 54.2993431091, -130.162445068, -145.832489014, -3.42975211143, 165.997467041, 69.478263855], [-3971.88500977, 5259.79248047, -1228.34863281, -281.210784912, 611.715209961, -117.548629761, 58.0723190308, -34.8643951416, -0.0856808871031, 177.087768555, 45.3124351501, -219.199523926, -29.4020805359], [673.058532715, -1228.34863281, 1082.06079102, 104.265174866, -116.345840454, 13.3032722473, -56.1722373962, 49.0463981628, 122.977973938, -33.7761306763, 29.8483371735, 192.344451904, -0.965052008629], [630.396118164, -281.210784912, 104.265174866, 370.979797363, 7.01036262512, 23.9074745178, 25.6678352356, 47.3853988647, -5.33589267731, -38.6173324585, -14.6678609848, 22.871383667, 22.8659648895], [-585.977355957, 611.715209961, -116.345840454, 7.01036262512, 242.066879272, 73.3628005981, 75.6017303467, 19.8405761719, -8.70154571533, 2.03932619095, -28.6717300415, -55.4847373962, -20.311460495], [195.314743042, -117.548629761, 13.3032722473, 23.9074745178, 73.3628005981, 173.678253174, 107.498382568, 36.5458259583, -11.130355835, -33.4399528503, -35.8518486023, -25.1711215973, -16.5475826263], [81.6200637817, 58.0723190308, -56.1722373962, 25.6678352356, 75.6017303467, 107.498382568, 145.589996338, 51.8269691467, -2.11024045944, -12.4733219147, -35.441696167, -61.0382347107, -20.9796161652], [54.2993431091, -34.8643951416, 49.0463981628, 47.3853988647, 19.8405761719, 36.5458259583, 51.8269691467, 102.966041565, 44.0307655334, -24.1781730652, -26.5220928192, 13.8720006943, -6.82455205917], [-130.162445068, -0.0856808871031, 122.977973938, -5.33589267731, -8.70154571533, -11.130355835, -2.11024045944, 44.0307655334, 90.3303527832, 29.7861442566, 7.17128705978, 18.0930728912, -9.40842437744], [-145.832489014, 177.087768555, -33.7761306763, -38.6173324585, 2.03932619095, -33.4399528503, -12.4733219147, -24.1781730652, 29.7861442566, 110.249107361, 48.6811828613, -49.1596183777, -16.5911941528], [-3.42975211143, 45.3124351501, 29.8483371735, -14.6678609848, -28.6717300415, -35.8518486023, -35.441696167, -26.5220928192, 7.17128705978, 48.6811828613, 89.5001525879, 46.6343383789, 8.94631195068], [165.997467041, -219.199523926, 192.344451904, 22.871383667, -55.4847373962, -25.1711215973, -61.0382347107, 13.8720006943, 18.0930728912, -49.1596183777, 46.6343383789, 186.315368652, 51.9126777649], [69.478263855, -29.4020805359, -0.965052008629, 22.8659648895, -20.311460495, -16.5475826263, -20.9796161652, -6.82455205917, -9.40842437744, -16.5911941528, 8.94631195068, 51.9126777649, 56.7657623291]],
