{
"lowlevel": {
    "average_loudness": 0.938055098057,
    "barkbands_crest": {
        "dmean": 2.45098018646,
        "dmean2": 4.01294660568,
        "dvar": 5.87469482422,
        "dvar2": 15.3284482956,
        "max": 23.8534603119,
        "mean": 10.1866722107,
        "median": 9.45540332794,
        "min": 3.15160179138,
        "var": 15.9409694672
    },
    "barkbands_flatness_db": {
        "dmean": 0.0244108010083,
        "dmean2": 0.0374826416373,
        "dvar": 0.000846444803756,
        "dvar2": 0.00218557496555,
        "max": 0.530302405357,
        "mean": 0.222330898046,
        "median": 0.216417595744,
        "min": 0.0217058528215,
        "var": 0.00395701266825
    },
    "barkbands_kurtosis": {
        "dmean": 4.67870283127,
        "dmean2": 7.95460224152,
        "dvar": 156.595169067,
        "dvar2": 427.656860352,
        "max": 170.48765564,
        "mean": 6.0264840126,
        "median": 2.05025959015,
        "min": -1.76089060307,
        "var": 183.414123535
    },
    "barkbands_skewness": {
        "dmean": 0.609414756298,
        "dmean2": 0.967970371246,
        "dvar": 0.865099847317,
        "dvar2": 2.16824269295,
        "max": 10.7094326019,
        "mean": 1.23536467552,
        "median": 1.05581057072,
        "min": -2.05239844322,
        "var": 1.63542842865
    },
    "barkbands_spread": {
        "dmean": 3.24452471733,
        "dmean2": 5.02407217026,
        "dvar": 22.4297924042,
        "dvar2": 51.6247291565,
        "max": 80.574180603,
        "mean": 13.6234321594,
        "median": 10.9801645279,
        "min": 0.393234789371,
        "var": 105.133728027
    },
    "dissonance": {
        "dmean": 0.0300599299371,
        "dmean2": 0.0507164746523,
        "dvar": 0.000749151105992,
        "dvar2": 0.00194395321887,
        "max": 0.499999970198,
        "mean": 0.4290343225,
        "median": 0.441399425268,
        "min": 0.217398554087,
        "var": 0.00244982540607
    },
    "dynamic_complexity": 5.43381166458,
    "erbbands_crest": {
        "dmean": 2.83045625687,
        "dmean2": 4.57337665558,
        "dvar": 7.38345432281,
        "dvar2": 18.8600521088,
        "max": 30.0668773651,
        "mean": 11.2012319565,
        "median": 10.1717815399,
        "min": 2.70875191689,
        "var": 23.3633003235
    },
    "erbbands_flatness_db": {
        "dmean": 0.0193093195558,
        "dmean2": 0.0274618640542,
        "dvar": 0.000384835759178,
        "dvar2": 0.000779118388891,
        "max": 0.431015998125,
        "mean": 0.246273219585,
        "median": 0.243904903531,
        "min": 0.0702362954617,
        "var": 0.00233824225143
    },
    "erbbands_kurtosis": {
        "dmean": 1.60744309425,
        "dmean2": 2.65154314041,
        "dvar": 10.2591838837,
        "dvar2": 24.5663433075,
        "max": 66.7745437622,
        "mean": 2.28141736984,
        "median": 0.435927629471,
        "min": -1.66937506199,
        "var": 47.8028945923
    },
    "erbbands_skewness": {
        "dmean": 0.407752543688,
        "dmean2": 0.646220445633,
        "dvar": 0.203373625875,
        "dvar2": 0.473985075951,
        "max": 6.86222076416,
        "mean": 0.721439003944,
        "median": 0.562123596668,
        "min": -3.66146564484,
        "var": 1.18261516094
    },
    "erbbands_spread": {
        "dmean": 5.65016889572,
        "dmean2": 8.76652622223,
        "dvar": 51.7345085144,
        "dvar2": 116.534843445,
        "max": 114.934379578,
        "mean": 24.4863204956,
        "median": 23.7169036865,
        "min": 1.61755847931,
        "var": 160.668304443
    },
    "hfc": {
        "dmean": 4.79133892059,
        "dmean2": 7.57029724121,
        "dvar": 124.97441864,
        "dvar2": 279.424316406,
        "max": 165.880355835,
        "mean": 13.1333608627,
        "median": 5.35976839066,
        "min": 1.17904868675e-16,
        "var": 319.839263916
    },
    "melbands_crest": {
        "dmean": 2.91367650032,
        "dmean2": 4.72847080231,
        "dvar": 8.17428207397,
        "dvar2": 21.3671665192,
        "max": 30.6817817688,
        "mean": 13.26704216,
        "median": 12.4835367203,
        "min": 2.7138569355,
        "var": 22.9525279999
    },
    "melbands_flatness_db": {
        "dmean": 0.0279841031879,
        "dmean2": 0.0405000634491,
        "dvar": 0.00120391708333,
        "dvar2": 0.00268864654936,
        "max": 0.661484539509,
        "mean": 0.265787929296,
        "median": 0.264578521252,
        "min": 0.0095886439085,
        "var": 0.00906873773783
    },
    "melbands_kurtosis": {
        "dmean": 7.88950252533,
        "dmean2": 13.3359031677,
        "dvar": 479.623901367,
        "dvar2": 1317.15820312,
        "max": 330.365386963,
        "mean": 10.2878351212,
        "median": 4.02046871185,
        "min": -1.88604569435,
        "var": 412.530944824
    },
    "melbands_skewness": {
        "dmean": 0.710769832134,
        "dmean2": 1.11725473404,
        "dvar": 1.07672727108,
        "dvar2": 2.69134354591,
        "max": 11.343334198,
        "mean": 1.86166346073,
        "median": 1.53704988956,
        "min": -0.772537112236,
        "var": 2.00906968117
    },
    "melbands_spread": {
        "dmean": 4.73850870132,
        "dmean2": 7.02038240433,
        "dvar": 67.4234008789,
        "dvar2": 107.917564392,
        "max": 220.037750244,
        "mean": 19.1206912994,
        "median": 12.0954885483,
        "min": 0.438778012991,
        "var": 359.723937988
    },
    "pitch_salience": {
        "dmean": 0.0706168487668,
        "dmean2": 0.114128082991,
        "dvar": 0.00547377439216,
        "dvar2": 0.0152066247538,
        "max": 0.831984400749,
        "mean": 0.564353048801,
        "median": 0.564858198166,
        "min": 0.163734957576,
        "var": 0.0133194783702
    },
    "silence_rate_20dB": {
        "dmean": 0,
        "dmean2": 0,
        "dvar": 0,
        "dvar2": 0,
        "max": 1,
        "mean": 1,
        "median": 1,
        "min": 1,
        "var": 0
    },
    "silence_rate_30dB": {
        "dmean": 0.0464396290481,
        "dmean2": 0.0929512009025,
        "dvar": 0.0442826375365,
        "dvar2": 0.0982528999448,
        "max": 1,
        "mean": 0.959010064602,
        "median": 1,
        "min": 0,
        "var": 0.0393093973398
    },
    "silence_rate_60dB": {
        "dmean": 0.0479876175523,
        "dmean2": 0.0960495769978,
        "dvar": 0.0456850677729,
        "dvar2": 0.0992164611816,
        "max": 1,
        "mean": 0.217324048281,
        "median": 0,
        "min": 0,
        "var": 0.170091584325
    },
    "spectral_centroid": {
        "dmean": 173.607192993,
        "dmean2": 259.228363037,
        "dvar": 114040.585938,
        "dvar2": 162422.984375,
        "max": 10827.8574219,
        "mean": 1110.8828125,
        "median": 765.332275391,
        "min": 119.271347046,
        "var": 737762.0625
    },
    "spectral_complexity": {
        "dmean": 2.19195055962,
        "dmean2": 3.32765293121,
        "dvar": 14.6643981934,
        "dvar2": 27.0692138672,
        "max": 53,
        "mean": 10.3611755371,
        "median": 9,
        "min": 0,
        "var": 50.986995697
    },
    "spectral_decrease": {
        "dmean": 4.02704891656e-09,
        "dmean2": 7.09842939983e-09,
        "dvar": 1.83501535331e-16,
        "dvar2": 5.11812987994e-16,
        "max": 1.33034032206e-28,
        "mean": -5.26697574443e-09,
        "median": -2.90177126772e-09,
        "min": -1.32804899522e-07,
        "var": 1.26498375267e-16
    },
    "spectral_energy": {
        "dmean": 0.0155862625688,
        "dmean2": 0.027400424704,
        "dvar": 0.00268288329244,
        "dvar2": 0.00746978726238,
        "max": 0.506384193897,
        "mean": 0.0210700072348,
        "median": 0.0116264540702,
        "min": 1.01922149697e-20,
        "var": 0.00187639240175
    },
    "spectral_energyband_high": {
        "dmean": 0.000130511107272,
        "dmean2": 0.000191852857824,
        "dvar": 1.40671403415e-07,
        "dvar2": 2.91806429686e-07,
        "max": 0.00503685092553,
        "mean": 0.00035491771996,
        "median": 2.73011974059e-05,
        "min": 7.64659167617e-21,
        "var": 5.14345799729e-07
    },
    "spectral_energyband_low": {
        "dmean": 0.0101634794846,
        "dmean2": 0.0186433196068,
        "dvar": 0.00210059829988,
        "dvar2": 0.00600235443562,
        "max": 0.468444287777,
        "mean": 0.0079457918182,
        "median": 0.00109231472015,
        "min": 4.46803180544e-23,
        "var": 0.0012651149882
    },
    "spectral_energyband_middle_high": {
        "dmean": 0.00144486303907,
        "dmean2": 0.00227888324298,
        "dvar": 8.56280075823e-06,
        "dvar2": 2.01907623705e-05,
        "max": 0.0432580970228,
        "mean": 0.00414610188454,
        "median": 0.0010171928443,
        "min": 1.19835246694e-21,
        "var": 3.61103811883e-05
    },
    "spectral_energyband_middle_low": {
        "dmean": 0.00602171756327,
        "dmean2": 0.0102342171595,
        "dvar": 0.000368371227523,
        "dvar2": 0.000938902434427,
        "max": 0.262271076441,
        "mean": 0.00928318034858,
        "median": 0.0049295630306,
        "min": 3.19402586113e-22,
        "var": 0.000332206633175
    },
    "spectral_entropy": {
        "dmean": 0.204717203975,
        "dmean2": 0.289796918631,
        "dvar": 0.047748003155,
        "dvar2": 0.095961868763,
        "max": 9.78684806824,
        "mean": 6.71511173248,
        "median": 6.76422643661,
        "min": 4.59544420242,
        "var": 0.291407823563
    },
    "spectral_flux": {
        "dmean": 0.0346443355083,
        "dmean2": 0.0564100816846,
        "dvar": 0.00513244280592,
        "dvar2": 0.00994645338506,
        "max": 0.647730827332,
        "mean": 0.0718867182732,
        "median": 0.0482037439942,
        "min": 1.00956500104e-10,
        "var": 0.00775174656883
    },
    "spectral_kurtosis": {
        "dmean": 5.66253471375,
        "dmean2": 9.46752071381,
        "dvar": 79.1325302124,
        "dvar2": 198.815704346,
        "max": 117.770202637,
        "mean": 10.6301279068,
        "median": 5.9069108963,
        "min": -1.22141587734,
        "var": 179.041412354
    },
    "spectral_rms": {
        "dmean": 0.00103467691224,
        "dmean2": 0.00166041241027,
        "dvar": 5.583762686e-06,
        "dvar2": 1.42551652971e-05,
        "max": 0.0222268607467,
        "mean": 0.00363763095811,
        "median": 0.00336791947484,
        "min": 3.15335127801e-12,
        "var": 7.3237874858e-06
    },
    "spectral_rolloff": {
        "dmean": 264.530792236,
        "dmean2": 424.509094238,
        "dvar": 365025.84375,
        "dvar2": 493461.5,
        "max": 19035.3515625,
        "mean": 1261.76513672,
        "median": 732.12890625,
        "min": 86.1328125,
        "var": 1698628.875
    },
    "spectral_skewness": {
        "dmean": 0.488678485155,
        "dmean2": 0.792369306087,
        "dvar": 0.337679117918,
        "dvar2": 0.826822221279,
        "max": 8.52021694183,
        "mean": 2.07628536224,
        "median": 1.72764956951,
        "min": -0.371507912874,
        "var": 1.45605683327
    },
    "spectral_spread": {
        "dmean": 417837.625,
        "dmean2": 628798.9375,
        "dvar": 1.12358339379e+12,
        "dvar2": 1.42846315725e+12,
        "max": 40519060,
        "mean": 2914808.25,
        "median": 2828473.5,
        "min": 776998.5,
        "var": 1.96599886643e+12
    },
    "spectral_strongpeak": {
        "dmean": 0.45600554347,
        "dmean2": 0.771450996399,
        "dvar": 0.541790962219,
        "dvar2": 1.33054244518,
        "max": 8.19873523712,
        "mean": 0.951076984406,
        "median": 0.559502542019,
        "min": 0,
        "var": 1.20551049709
    },
    "zerocrossingrate": {
        "dmean": 0.00553700374439,
        "dmean2": 0.0067860125564,
        "dvar": 0.000182456409675,
        "dvar2": 0.000271117285592,
        "max": 0.49267578125,
        "mean": 0.0426775924861,
        "median": 0.03125,
        "min": 0.00537109375,
        "var": 0.0011491678888
    },
    "barkbands": {
        "dmean": [9.6479030617e-05, 0.00540863629431, 0.0043282606639, 0.00159794150386, 0.00206781178713, 0.00112327327952, 0.00126020645257, 0.000680471886881, 0.000421256321715, 0.000351631257217, 0.000333675183356, 0.000429036765127, 0.000188221049029, 0.000237231521169, 0.000144658246427, 0.00023476908973, 0.000127510109451, 7.93527869973e-05, 9.24311025301e-05, 0.00011508307216, 6.83919788571e-05, 2.18999248318e-05, 2.15279287659e-05, 1.04931896203e-05, 3.17654416904e-06, 7.76176189987e-09, 1.02626485088e-09],
        "dmean2": [0.000149616811541, 0.00981128867716, 0.00818646512926, 0.00294309132732, 0.00360021390952, 0.00179716839921, 0.00209468370304, 0.00107945443597, 0.000674716022331, 0.000577453465667, 0.000533983111382, 0.00071065267548, 0.000293639895972, 0.000359494966688, 0.000224166680709, 0.000359479192412, 0.00021267090051, 0.000126140148495, 0.000146579797729, 0.000181764407898, 0.000102660698758, 3.42786624969e-05, 3.36132870871e-05, 1.63427685038e-05, 5.20456887898e-06, 1.22344889775e-08, 1.9460568712e-09],
        "dvar": [1.09357564781e-07, 0.000592855387367, 0.000454060238553, 4.0112015995e-05, 5.30427641934e-05, 2.66972892859e-05, 1.36239978019e-05, 3.53201630787e-06, 1.82842268259e-06, 1.55183965944e-06, 9.47229750636e-07, 1.9915851226e-06, 3.18398747368e-07, 5.65290349641e-07, 1.45351904735e-07, 5.36627226211e-07, 2.51940093676e-07, 5.77535210766e-08, 4.59404887465e-08, 8.94002880614e-08, 3.27741638273e-08, 9.02445140838e-09, 7.20687420852e-09, 1.06225162e-09, 8.24764631591e-11, 6.89372957776e-16, 7.02163347186e-18],
        "dvar2": [2.32341648143e-07, 0.00168200361077, 0.00133167637978, 0.000109127307951, 0.000135667389259, 6.69820437906e-05, 3.5820674384e-05, 8.75701789482e-06, 4.65619496026e-06, 4.09905169363e-06, 2.08747815122e-06, 5.46081946595e-06, 8.26487621453e-07, 1.44122498114e-06, 3.39728416066e-07, 1.32311845391e-06, 6.56729469029e-07, 1.34217600589e-07, 9.58866266387e-08, 2.02141933414e-07, 6.93952628694e-08, 2.11377706449e-08, 1.7512929773e-08, 2.24106955216e-09, 1.94052995894e-10, 1.55409846454e-15, 2.37900419805e-17],
        "max": [0.00702228629962, 0.210160493851, 0.232162714005, 0.0854596272111, 0.110072508454, 0.0840650498867, 0.0411257296801, 0.0330596901476, 0.0310658756644, 0.0196094959974, 0.0197344869375, 0.0253247618675, 0.01338078361, 0.0177361853421, 0.00487576844171, 0.0120916189626, 0.00786911696196, 0.00364855048247, 0.00300844782032, 0.00582558568567, 0.00264127878472, 0.00194561039098, 0.00151042453945, 0.000463153934106, 0.000148567502038, 3.52289532657e-07, 2.44546143335e-08],
        "mean": [0.000146982391016, 0.00414741458371, 0.00302958255634, 0.00140329112764, 0.00254119606689, 0.00159080547746, 0.00177949655335, 0.00115669332445, 0.000764571886975, 0.000556192768272, 0.000507979770191, 0.000681329634972, 0.000352197152097, 0.000410501292208, 0.00022412641556, 0.000528027303517, 0.00023995587253, 0.000143951605423, 0.000243149261223, 0.000365875952411, 0.000164541896083, 3.28847927449e-05, 3.54402436642e-05, 1.58796283358e-05, 7.95137111709e-06, 1.02208321806e-08, 8.60247706402e-10],
        "median": [7.78695539339e-05, 0.000620166480076, 0.000266669463599, 0.000132837187266, 0.000609799171798, 0.000350635149516, 0.000421997916419, 0.000199220943614, 8.10398050817e-05, 7.17241564416e-05, 7.47337326175e-05, 3.4821612644e-05, 3.39456637448e-05, 3.82810358133e-05, 2.33881073655e-05, 2.78811658063e-05, 2.00079575734e-05, 1.76120793185e-05, 2.17329597945e-05, 1.92601364688e-05, 6.54401537759e-06, 3.22911068906e-06, 3.49381934939e-06, 1.66282416103e-06, 1.59740480399e-07, 6.16537043641e-10, 2.79649720047e-10],
        "min": [8.08030067446e-24, 9.71364506733e-24, 2.0317305096e-23, 4.74252069057e-23, 8.80451758394e-23, 2.523325591e-23, 9.38759118471e-23, 2.07814692749e-23, 4.02488603648e-23, 1.19566503556e-23, 4.83677852469e-23, 1.38525805114e-22, 1.01711477892e-22, 4.11433560562e-23, 1.37059205406e-22, 1.20001760716e-22, 1.43198512246e-22, 1.15955043112e-22, 1.78980763279e-22, 3.35788703862e-22, 2.62705903299e-22, 5.8512208953e-22, 6.99912382671e-22, 7.78583448643e-22, 1.15598813722e-21, 1.52517493989e-21, 2.69129169772e-21],
        "var": [1.49976997932e-07, 0.000362172635505, 0.000249283330049, 2.87111779471e-05, 4.66804376629e-05, 2.46214112849e-05, 1.52917873493e-05, 6.89174021318e-06, 4.1485377551e-06, 2.74611124951e-06, 2.02116484616e-06, 4.16693001171e-06, 9.28576866954e-07, 1.12609836833e-06, 3.00868748582e-07, 1.81051018444e-06, 4.27171670481e-07, 9.87794379625e-08, 2.0039991e-07, 5.58363240089e-07, 1.51544284677e-07, 1.02490522735e-08, 8.51760884046e-09, 1.60883717459e-09, 4.04870470483e-10, 1.20746028939e-15, 4.17656023064e-18]
    },
    "erbbands": {
        "dmean": [0.0842923820019, 1.49218070507, 5.08612298965, 4.93043851852, 7.69956016541, 5.88515520096, 5.6145825386, 10.6636657715, 16.6575870514, 18.8806991577, 12.7585926056, 8.92245483398, 7.64921092987, 14.7307758331, 17.4887943268, 11.7781505585, 8.12276935577, 7.64889764786, 8.92341136932, 8.54594516754, 14.2762117386, 6.88997173309, 4.68005609512, 4.68258571625, 3.91840362549, 6.17475128174, 3.56749200821, 1.0465669632, 0.752184867859, 0.757175028324, 0.562783420086, 0.29965993762, 0.126359939575, 0.066297441721, 0.00646726833656, 0.000275015772786, 1.56059486471e-05, 2.28978115047e-06, 7.41027133699e-06, 1.72902127815e-05],
        "dmean2": [0.140163511038, 2.76810073853, 9.6290178299, 9.03462600708, 13.8314428329, 10.0389251709, 8.67674160004, 17.104631424, 28.5615558624, 30.7417545319, 19.7040462494, 13.8928003311, 12.7013292313, 24.273015976, 28.51836586, 19.1085700989, 12.6345939636, 11.4869298935, 14.0514907837, 12.7168970108, 22.7004528046, 11.0284805298, 7.35903739929, 7.37487125397, 5.96831512451, 9.48638439178, 5.41052436829, 1.57507002354, 1.15471172333, 1.16129791737, 0.869017779827, 0.45320174098, 0.195098459721, 0.105977170169, 0.00982579030097, 0.000421683944296, 2.35869392782e-05, 3.47619766217e-06, 1.27529847305e-05, 3.02393618767e-05],
        "dvar": [0.113984905183, 47.7928390503, 614.08996582, 439.818939209, 959.673461914, 345.488464355, 180.335388184, 2689.73730469, 4559.11962891, 2054.34472656, 971.39465332, 880.810546875, 440.63394165, 2184.62133789, 1908.72363281, 1190.09277344, 572.985839844, 318.195678711, 895.416137695, 464.707000732, 2354.32836914, 663.816833496, 208.745910645, 139.66355896, 99.6686477661, 237.289978027, 91.1729431152, 15.0842533112, 11.2550086975, 6.8998632431, 6.09227132797, 1.14483380318, 0.154184833169, 0.0348120778799, 0.000450499646831, 7.19803836091e-07, 1.30289168343e-09, 3.22196713753e-11, 5.37626110297e-10, 3.17971782238e-09],
        "dvar2": [0.298949927092, 137.615615845, 1791.14538574, 1256.7487793, 2581.39624023, 822.276062012, 438.516021729, 6606.60888672, 12500.6699219, 5113.06103516, 2209.03515625, 2150.11645508, 1061.07141113, 5901.08642578, 4979.56835938, 3139.31396484, 1477.42150879, 725.208740234, 2316.83178711, 1139.6920166, 5849.72705078, 1724.26062012, 509.678497314, 304.96585083, 210.595108032, 516.104553223, 193.456878662, 33.3478088379, 26.6167125702, 15.2298154831, 14.9868021011, 2.55646348, 0.319522053003, 0.0802554190159, 0.000999025418423, 1.61719299285e-06, 2.90739365916e-09, 6.61732335594e-11, 1.46673528878e-09, 8.81744544046e-09],
        "max": [4.13354873657, 60.6562690735, 256.73135376, 293.433105469, 392.201812744, 322.915893555, 198.910903931, 851.116943359, 896.380493164, 688.095214844, 575.68737793, 744.245422363, 289.754241943, 746.468811035, 681.638549805, 566.263305664, 486.160949707, 328.456451416, 626.470275879, 304.847076416, 793.955383301, 450.43838501, 247.458282471, 158.41065979, 181.919570923, 252.121276855, 171.264465332, 68.8012466431, 66.1398010254, 43.9379348755, 45.4643135071, 16.5769424438, 5.74809122086, 3.19737410545, 0.384378820658, 0.0148047786206, 0.000600586587097, 8.07614705991e-05, 0.000224535615416, 0.000548665295355],
        "mean": [0.0815567076206, 1.06399405003, 3.47097158432, 4.19074249268, 7.470515728, 8.00256824493, 9.01744270325, 14.381064415, 20.9828796387, 30.7775249481, 22.4560070038, 17.3273105621, 12.544754982, 23.5823478699, 29.4069957733, 19.5464191437, 16.1096382141, 14.7660856247, 15.8477182388, 17.3081569672, 32.3474807739, 14.68729496, 10.2879266739, 11.2461576462, 11.732960701, 18.8494262695, 11.3493041992, 2.06874465942, 1.11120557785, 1.3727478981, 0.889498770237, 0.426798731089, 0.215938985348, 0.169425502419, 0.0130294952542, 0.000583106651902, 3.83408987545e-05, 6.86631210556e-06, 1.19200649351e-05, 2.47443240369e-05],
        "median": [0.0124394809827, 0.152325749397, 0.297474354506, 0.602113127708, 1.15561079979, 1.81169164181, 2.65196275711, 3.30638837814, 4.85254764557, 11.5045785904, 4.20742940903, 3.02482128143, 2.80279922485, 5.03064823151, 5.16299915314, 1.95167374611, 2.40600419044, 2.69052314758, 1.39436531067, 1.57056927681, 1.71912324429, 1.40197563171, 0.987091124058, 1.20796334743, 1.00359225273, 1.01782643795, 0.419263750315, 0.140903204679, 0.109847791493, 0.134624794126, 0.092465557158, 0.0426243506372, 0.0228877719492, 0.00469707837328, 0.00015584967332, 1.84547916433e-05, 6.53025972497e-06, 1.44341368014e-06, 6.137924629e-06, 1.35531245178e-05],
        "min": [5.95693280044e-22, 1.41142508486e-21, 1.88528872638e-20, 7.52390948222e-20, 3.66391897512e-19, 1.72336915545e-19, 2.35551079007e-19, 1.78033941068e-19, 8.13802568807e-19, 1.46798843751e-18, 5.05592797823e-19, 1.02158139479e-18, 3.88926572145e-19, 5.2643986891e-19, 3.9654050085e-18, 5.07091907587e-18, 4.46843504569e-18, 2.4609026474e-18, 3.58597767511e-18, 8.94204576046e-18, 6.92507626536e-18, 7.70108955318e-18, 8.11722013111e-18, 6.35213788589e-18, 1.3077650211e-17, 1.33864789199e-17, 1.46473949954e-17, 1.16108985119e-17, 2.07640449006e-17, 2.4141163607e-17, 1.86794653846e-17, 1.80559035516e-17, 1.13010234196e-17, 1.15948925671e-17, 9.11993012401e-18, 5.13379100628e-18, 2.93263837407e-18, 1.55074310151e-18, 3.67765663564e-19, 3.7379952608e-20],
        "var": [0.0922361090779, 27.4425926208, 338.727539062, 273.229614258, 713.073303223, 374.955871582, 282.733459473, 2496.22167969, 3892.78222656, 2881.42919922, 2212.50146484, 2286.94677734, 758.795532227, 3688.61572266, 4123.81884766, 2353.97387695, 1781.1940918, 868.139526367, 1632.58483887, 1315.69641113, 7599.64501953, 1145.81872559, 454.482849121, 477.629821777, 465.716400146, 1511.33972168, 644.445129395, 26.2906188965, 12.394112587, 11.5571041107, 6.21150302887, 1.42257416248, 0.26390388608, 0.175529822707, 0.00145562121179, 2.56930138676e-06, 6.04938765747e-09, 1.47494780278e-10, 4.35862235193e-10, 2.29805796614e-09]
    },
    "gfcc": {
        "mean": [-122.561752319, 151.39831543, -149.369445801, 38.3172721863, -69.8592376709, -0.853064894676, -26.7456760406, -6.46800470352, -3.81545186043, -18.4592113495, 12.6602783203, -17.5303783417, 4.70951747894],
        "cov": [[15636.8066406, -1816.89379883, -2725.04125977, 1231.98571777, -465.457733154, 870.94543457, -15.9663295746, 327.943389893, -207.475891113, 236.631408691, 21.1291637421, -744.172302246, 7.15599918365], [-1816.89379883, 2863.13256836, 1679.11645508, -236.05418396, 518.529846191, -161.316421509, 467.455505371, -367.597320557, 136.538101196, -513.360290527, 112.114356995, 152.671142578, -37.5573043823], [-2725.04125977, 1679.11645508, 2106.35766602, 94.3173828125, 264.386260986, -9.09811878204, 208.368927002, -232.609085083, 66.5188140869, -327.55758667, -19.526725769, 189.251922607, -37.2348747253], [1231.98571777, -236.05418396, 94.3173828125, 613.576171875, 111.871856689, 207.910430908, 5.49566030502, 78.0326538086, 22.6858501434, 45.8144302368, -57.6600227356, -119.033218384, -9.11372184753], [-465.457733154, 518.529846191, 264.386260986, 111.871856689, 490.167999268, 60.5220603943, 150.564529419, 65.1149215698, 79.1098327637, 1.43958675861, -30.0642318726, -12.9006929398, -52.9335517883], [870.94543457, -161.316421509, -9.09811878204, 207.910430908, 60.5220603943, 312.15637207, 90.8522796631, 80.3873138428, -0.46040943265, 23.8790130615, -8.69594764709, -47.5474662781, -14.7747116089], [-15.9663295746, 467.455505371, 208.368927002, 5.49566030502, 150.564529419, 90.8522796631, 239.487442017, 0.110527023673, 42.9115791321, -60.6091270447, 36.8344535828, 8.75421047211, -21.4423084259], [327.943389893, -367.597320557, -232.609085083, 78.0326538086, 65.1149215698, 80.3873138428, 0.110527023673, 197.208709717, 38.1566925049, 120.328346252, -26.936378479, -19.6064910889, 2.29901647568], [-207.475891113, 136.538101196, 66.5188140869, 22.6858501434, 79.1098327637, -0.46040943265, 42.9115791321, 38.1566925049, 144.32333374, 35.9576721191, 28.1199741364, 12.5979642868, -6.74879980087], [236.631408691, -513.360290527, -327.55758667, 45.8144302368, 1.43958675861, 23.8790130615, -60.6091270447, 120.328346252, 35.9576721191, 208.942092896, 14.8705558777, -34.7861213684, -17.2978916168], [21.1291637421, 112.114356995, -19.526725769, -57.6600227356, -30.0642318726, -8.69594764709, 36.8344535828, -26.936378479, 28.1199741364, 14.8705558777, 118.679092407, 19.7638683319, -1.43539226055], [-744.172302246, 152.671142578, 189.251922607, -119.033218384, -12.9006929398, -47.5474662781, 8.75421047211, -19.6064910889, 12.5979642868, -34.7861213684, 19.7638683319, 131.641357422, 45.6877937317], [7.15599918365, -37.5573043823, -37.2348747253, -9.11372184753, -52.9335517883, -14.7747116089, -21.4423084259, 2.29901647568, -6.74879980087, -17.2978916168, -1.43539226055, 45.6877937317, 94.3143768311]],
        "icov": [[0.000188497782801, -0.000424511701567, 0.000413165515056, -0.000437336915638, 0.000506129232235, -0.000460639654193, 0.000211758393561, -0.00029586054734, 0.000307997746859, -0.000243077636696, 9.83980935416e-05, 0.000266040005954, 5.48433163203e-05], [-0.000424511701567, 0.00448988797143, -0.002400389174, 0.00215404015034, -0.00395664339885, 0.0027094760444, -0.00317505467683, 0.00254685990512, -0.0026040552184, 0.00542473234236, -0.00311209610663, 0.00165792135522, -0.00154139660299], [0.000413165515056, -0.002400389174, 0.0025811267551, -0.00210948474705, 0.00201100087725, -0.00166541093495, 0.00130287907086, -0.000537881627679, 0.000998941715807, -0.00155457283836, 0.00186649581883, -0.00257372693159, 0.00206658407114], [-0.000437336915638, 0.00215404015034, -0.00210948474705, 0.0046335994266, -0.00257080444135, -0.000184523320058, -0.00034298398532, 0.00104349071626, -0.00188911776058, 0.0015864870511, -0.000789818819612, 0.00378841650672, -0.00276069785468], [0.000506129232235, -0.00395664339885, 0.00201100087725, -0.00257080444135, 0.0069603100419, -0.00195404468104, 0.000612646806985, -0.00326742581092, 0.00149012869224, -0.0048681916669, 0.00391389569268, -0.00124534661882, 0.00262739602476], [-0.000460639654193, 0.0027094760444, -0.00166541093495, -0.000184523320058, -0.00195404468104, 0.00751866912469, -0.00441182265058, -0.000478594418382, -0.000315638928441, 0.00299898185767, -0.00189264980145, 0.000390467233956, -0.000162162279594], [0.000211758393561, -0.00317505467683, 0.00130287907086, -0.00034298398532, 0.000612646806985, -0.00441182265058, 0.0106167858467, -0.00293829734437, 0.000514930696227, -0.000633791671135, -0.00105047656689, -0.000566879170947, 0.00151809433009], [-0.00029586054734, 0.00254685990512, -0.000537881627679, 0.00104349071626, -0.00326742581092, -0.000478594418382, -0.00293829734437, 0.0131059875712, -0.00330655742437, -0.00279618916102, 0.00242027034983, -0.00133369222749, -0.00203771470115], [0.000307997746859, -0.0026040552184, 0.000998941715807, -0.00188911776058, 0.00149012869224, -0.000315638928441, 0.000514930696227, -0.00330655742437, 0.0110281035304, -0.00469575962052, -0.000702963152435, -0.00130666571204, 0.000686216517352], [-0.000243077636696, 0.00542473234236, -0.00155457283836, 0.0015864870511, -0.0048681916669, 0.00299898185767, -0.000633791671135, -0.00279618916102, -0.00469575962052, 0.018555669114, -0.00759997591376, 0.00230848393403, 0.00121311261319], [9.83980935416e-05, -0.00311209610663, 0.00186649581883, -0.000789818819612, 0.00391389569268, -0.00189264980145, -0.00105047656689, 0.00242027034983, -0.000702963152435, -0.00759997591376, 0.0147776864469, -0.00383576378226, 0.00165499956347], [0.000266040005954, 0.00165792135522, -0.00257372693159, 0.00378841650672, -0.00124534661882, 0.000390467233956, -0.000566879170947, -0.00133369222749, -0.00130666571204, 0.00230848393403, -0.00383576378226, 0.0187963433564, -0.00957795605063], [5.48433163203e-05, -0.00154139660299, 0.00206658407114, -0.00276069785468, 0.00262739602476, -0.000162162279594, 0.00151809433009, -0.00203771470115, 0.000686216517352, 0.00121311261319, 0.00165499956347, -0.00957795605063, 0.0173145383596]]
    },
    "melbands": {
        "dmean": [0.0011348889675, 0.00249984208494, 0.000955118273851, 0.000515220745001, 0.000194520893274, 0.000236179592321, 0.000257972395048, 0.000198718887987, 9.36623400776e-05, 5.64734327781e-05, 4.02690930059e-05, 6.17092082393e-05, 5.76003330934e-05, 5.52725432499e-05, 1.98290072149e-05, 1.57354206749e-05, 1.58574166562e-05, 1.82090698218e-05, 9.79137439572e-06, 1.33927142087e-05, 1.74270317075e-05, 7.45259967516e-06, 7.25707468519e-06, 3.56683904101e-06, 4.30270210927e-06, 4.04556840294e-06, 4.25752841693e-06, 3.91159892388e-06, 3.17370904668e-06, 1.23768757021e-06, 5.28038242464e-07, 4.18676023628e-07, 4.78015977023e-07, 4.57105926444e-07, 3.56320043693e-07, 2.71742123914e-07, 1.56190026246e-07, 9.0199513636e-08, 7.89324303696e-08, 5.68785161192e-08],
        "dmean2": [0.00200401153415, 0.00472211278975, 0.00175319740083, 0.000907222973183, 0.000302754138829, 0.000380514509743, 0.000440058181994, 0.000323283398757, 0.000144613935845, 8.90567243914e-05, 6.64224353386e-05, 0.000101312150946, 9.12085815798e-05, 9.11470924621e-05, 3.0627263186e-05, 2.43369831878e-05, 2.37662752625e-05, 2.86183931166e-05, 1.48693579831e-05, 1.9283792426e-05, 2.75416659861e-05, 1.17973340821e-05, 1.14655022116e-05, 5.67188635614e-06, 6.63486116537e-06, 6.16471970716e-06, 6.44834062768e-06, 5.85542284171e-06, 4.61154195364e-06, 1.89903221326e-06, 7.87050339568e-07, 6.54246321119e-07, 7.28942097794e-07, 7.21554783922e-07, 5.5804287058e-07, 4.21325353273e-07, 2.45814959499e-07, 1.41448552426e-07, 1.21819141441e-07, 9.24874470343e-08],
        "dvar": [2.40246499743e-05, 0.000143339959322, 1.47567370732e-05, 3.67832080883e-06, 1.93007323901e-07, 1.3826936538e-06, 9.27752978441e-07, 2.21238892095e-07, 5.21027168077e-08, 3.22752420345e-08, 1.19283241062e-08, 4.16065013553e-08, 2.16595061886e-08, 3.51410278654e-08, 4.48152448485e-09, 1.24147270242e-09, 1.6428923777e-09, 4.5804018356e-09, 6.79018952177e-10, 1.24629351284e-09, 3.46698358911e-09, 7.70892683022e-10, 5.95158033967e-10, 1.75549727532e-10, 1.13286449666e-10, 8.45329084509e-11, 1.47579892751e-10, 9.31515489744e-11, 6.95437457621e-11, 1.47060506134e-11, 4.40683687458e-12, 4.50830475382e-12, 2.28835852177e-12, 2.23023791275e-12, 2.2610429154e-12, 1.48003180891e-12, 2.70491501376e-13, 9.42560103318e-14, 4.00355577412e-14, 2.9161057385e-14],
        "dvar2": [6.72005844535e-05, 0.00041551727918, 4.16177063016e-05, 9.36213837122e-06, 4.58780078816e-07, 3.4690431221e-06, 2.51606707025e-06, 5.62514060221e-07, 1.24336153817e-07, 7.81011735285e-08, 2.84802066375e-08, 1.12079298731e-07, 5.07273725248e-08, 9.65851754131e-08, 1.15836300552e-08, 2.87958235035e-09, 3.78723186145e-09, 1.18385283798e-08, 1.53401447101e-09, 2.87286860967e-09, 8.29104962463e-09, 1.95974414474e-09, 1.46897982667e-09, 4.30779606431e-10, 2.47547815579e-10, 1.66261060475e-10, 3.17666587479e-10, 2.01626881857e-10, 1.32396982266e-10, 3.43679494585e-11, 9.51641716818e-12, 1.09100228851e-11, 5.20454989869e-12, 5.03925894069e-12, 5.65718565743e-12, 3.6016708279e-12, 5.8741932759e-13, 1.92953143155e-13, 9.09472285893e-14, 6.87950198652e-14],
        "max": [0.0420683696866, 0.11983730644, 0.0526692084968, 0.0294343214482, 0.00617719069123, 0.019242381677, 0.0128905344754, 0.0063945595175, 0.00377812376246, 0.00398936728016, 0.00144429050852, 0.00329191912897, 0.00285490904935, 0.00347523367964, 0.00174837652594, 0.000418396666646, 0.000867949565873, 0.00151260488201, 0.000384766608477, 0.000564900576137, 0.000895279110409, 0.000468864804134, 0.000391281413613, 0.000257853564108, 0.000146675476572, 0.000123430305393, 0.000271420023637, 0.000155449059093, 0.000133286594064, 6.07580877841e-05, 3.71148635168e-05, 4.13834495703e-05, 2.83353820123e-05, 1.98192356038e-05, 2.82842975139e-05, 2.12461436604e-05, 7.37440268495e-06, 5.07035656483e-06, 3.19461355502e-06, 2.59065109276e-06],
        "mean": [0.000947250926401, 0.00174297904596, 0.000839518732391, 0.000591676100157, 0.000315004057484, 0.000314267381327, 0.000338407873642, 0.00033434422221, 0.000165673758602, 0.000103880971437, 6.26483306405e-05, 9.68548847595e-05, 9.29266025196e-05, 8.97641803022e-05, 3.52702772943e-05, 2.92209806503e-05, 2.81362499663e-05, 3.10424220515e-05, 1.68485057657e-05, 2.63021520368e-05, 3.75026356778e-05, 1.26535560412e-05, 1.461969714e-05, 5.76736147195e-06, 9.43799113884e-06, 9.72935231403e-06, 1.25876922539e-05, 1.0728937923e-05, 8.62050728756e-06, 2.51268102147e-06, 7.06376283688e-07, 5.09196581788e-07, 8.1468215285e-07, 7.78948901825e-07, 5.41930944564e-07, 3.77243196681e-07, 2.05954862054e-07, 1.27263504623e-07, 1.78604580015e-07, 1.27989579823e-07],
        "median": [0.00016002819757, 0.000194325126358, 0.000131058041006, 0.000117859592137, 9.94313013507e-05, 7.03199693817e-05, 8.67210692377e-05, 0.000111967288831, 2.37014955928e-05, 1.09782340587e-05, 1.18782136269e-05, 1.69413597177e-05, 1.56145033543e-05, 4.5810265874e-06, 3.04784703076e-06, 4.68120151709e-06, 3.73221678274e-06, 1.37161907787e-06, 1.61878608651e-06, 1.82457790743e-06, 1.73703494966e-06, 1.05805702333e-06, 9.25147503494e-07, 8.7345938482e-07, 8.74714146448e-07, 8.77305637914e-07, 6.12179746895e-07, 6.21482911356e-07, 2.89551678634e-07, 1.09533168313e-07, 5.55095205357e-08, 4.9050186135e-08, 7.19907262692e-08, 7.9393188912e-08, 5.78697019193e-08, 3.45210260377e-08, 2.02813250638e-08, 1.61369744234e-08, 9.88037385241e-09, 1.42656242375e-09],
        "min": [4.45468451558e-24, 6.86674782344e-24, 2.49011549352e-23, 1.99104721723e-23, 8.63093268605e-24, 4.21348122191e-24, 1.50079241051e-23, 1.36595430925e-23, 4.29036163358e-24, 6.12326929724e-24, 1.64150772273e-24, 1.67436752652e-24, 9.35541149735e-24, 1.54647660771e-23, 1.22821390983e-23, 9.37205567359e-24, 3.91531152126e-24, 4.9289102209e-24, 1.07380109295e-23, 9.52562164829e-24, 7.88953675263e-24, 7.90000257026e-24, 8.48152795263e-24, 5.61462953492e-24, 4.53417250697e-24, 9.19685676629e-24, 9.97764289128e-24, 8.58356395527e-24, 9.36923944016e-24, 7.01209781181e-24, 7.09421744318e-24, 1.31831279037e-23, 9.17674633523e-24, 1.43750399335e-23, 1.08983847738e-23, 9.86316418558e-24, 1.11810525688e-23, 8.06578957811e-24, 6.28977101306e-24, 1.13790747998e-23],
        "var": [1.57786016644e-05, 8.03252769401e-05, 9.56334588409e-06, 3.16936302625e-06, 3.0447083077e-07, 1.22829828797e-06, 8.41989901801e-07, 3.28892923562e-07, 1.17594467497e-07, 7.88198946111e-08, 2.07003605368e-08, 7.12679977255e-08, 4.57875550808e-08, 7.71941799371e-08, 1.27484121037e-08, 3.68097996528e-09, 3.96147115111e-09, 8.40901748234e-09, 1.78408432472e-09, 3.10577519258e-09, 1.13163922677e-08, 1.1871896799e-09, 1.4749277355e-09, 2.14719991787e-10, 3.94422577932e-10, 3.4175054453e-10, 7.38572758507e-10, 4.9680648484e-10, 3.96771365763e-10, 4.47813834625e-11, 5.35395512646e-12, 4.26502062834e-12, 4.06731983163e-12, 3.7425848011e-12, 2.2357205063e-12, 1.45001035918e-12, 3.48582734943e-13, 1.27938119625e-13, 1.52304574117e-13, 1.21120832548e-13]
    },
    "mfcc": {
        "mean": [-741.154174805, 147.869384766, -5.15126228333, 24.9011726379, -5.30960702896, -5.52022361755, -2.49774575233, 1.19835519791, -9.67989253998, 6.07524347305, -6.50388669968, 1.92975926399, 7.95949792862],
        "cov": [[12962.5693359, -1861.77966309, -2139.60791016, 253.171142578, -401.735412598, 281.280578613, 215.773803711, -80.0784072876, 3.10335755348, 547.632141113, -56.853012085, 50.5347633362, 261.352081299], [-1861.77966309, 3151.52539062, 1071.25366211, 39.9286079407, 156.865234375, 133.489105225, 127.796134949, 395.162567139, -98.0447616577, -211.634063721, -31.7241744995, -151.378753662, -273.760894775], [-2139.60791016, 1071.25366211, 1539.04638672, 189.74822998, 141.717437744, 191.104125977, -14.1125392914, 202.832107544, -30.3164691925, -242.125839233, -59.1790466309, -33.7176818848, -211.671096802], [253.171142578, 39.9286079407, 189.74822998, 371.463165283, 185.47454834, 98.3788909912, 43.1329650879, 14.7143115997, 67.3833312988, 38.8776435852, -5.40183877945, 21.8232536316, 7.27956914902], [-401.735412598, 156.865234375, 141.717437744, 185.47454834, 329.15625, 87.1826400757, 61.7047691345, 37.5058937073, 117.137931824, 20.7374248505, 25.5088615417, 46.8466148376, 29.3937301636], [281.280578613, 133.489105225, 191.104125977, 98.3788909912, 87.1826400757, 231.384674072, 98.8655395508, 97.1498565674, 22.2903690338, 17.5258407593, 21.342924118, 0.381739675999, -36.6761016846], [215.773803711, 127.796134949, -14.1125392914, 43.1329650879, 61.7047691345, 98.8655395508, 193.8331604, 75.5244293213, 24.8854103088, 42.3958778381, 34.7794647217, -10.9910745621, 17.2702922821], [-80.0784072876, 395.162567139, 202.832107544, 14.7143115997, 37.5058937073, 97.1498565674, 75.5244293213, 182.161117554, 40.2550315857, -28.4790229797, -4.81630754471, -3.22383308411, -51.7290725708], [3.10335755348, -98.0447616577, -30.3164691925, 67.3833312988, 117.137931824, 22.2903690338, 24.8854103088, 40.2550315857, 182.404495239, 26.749546051, 11.3482761383, 47.6474075317, 38.2745094299], [547.632141113, -211.634063721, -242.125839233, 38.8776435852, 20.7374248505, 17.5258407593, 42.3958778381, -28.4790229797, 26.749546051, 161.607009888, 65.225227356, 21.7529621124, 42.8524208069], [-56.853012085, -31.7241744995, -59.1790466309, -5.40183877945, 25.5088615417, 21.342924118, 34.7794647217, -4.81630754471, 11.3482761383, 65.225227356, 119.425842285, 49.7845497131, 20.5659351349], [50.5347633362, -151.378753662, -33.7176818848, 21.8232536316, 46.8466148376, 0.381739675999, -10.9910745621, -3.22383308411, 47.6474075317, 21.7529621124, 49.7845497131, 138.683349609, 62.5203094482], [261.352081299, -273.760894775, -211.671096802, 7.27956914902, 29.3937301636, -36.6761016846, 17.2702922821, -51.7290725708, 38.2745094299, 42.8524208069, 20.5659351349, 62.5203094482, 156.125305176]],
