{
"lowlevel": {
    "average_loudness": 0.977595686913,
    "barkbands_crest": {
        "dmean": 2.55133986473,
        "dmean2": 3.9782640934,
        "dvar": 8.29353237152,
        "dvar2": 17.1859645844,
        "max": 25.7921085358,
        "mean": 13.7636508942,
        "median": 13.1653585434,
        "min": 3.41306734085,
        "var": 31.6029052734
    },
    "barkbands_flatness_db": {
        "dmean": 0.0260848458856,
        "dmean2": 0.0378966219723,
        "dvar": 0.000763317395467,
        "dvar2": 0.00146010820754,
        "max": 0.384339779615,
        "mean": 0.202118813992,
        "median": 0.193248972297,
        "min": 0.0541401430964,
        "var": 0.00300725968555
    },
    "barkbands_kurtosis": {
        "dmean": 7.64367961884,
        "dmean2": 11.5935916901,
        "dvar": 290.358184814,
        "dvar2": 610.184448242,
        "max": 219.576721191,
        "mean": 12.1007919312,
        "median": 5.57796669006,
        "min": -1.77718555927,
        "var": 501.459228516
    },
    "barkbands_skewness": {
        "dmean": 0.816110372543,
        "dmean2": 1.18872213364,
        "dvar": 1.2038128376,
        "dvar2": 2.31140971184,
        "max": 13.5740966797,
        "mean": 2.6594619751,
        "median": 2.31215167046,
        "min": -2.66510367393,
        "var": 3.74997544289
    },
    "barkbands_spread": {
        "dmean": 6.21411418915,
        "dmean2": 9.40696048737,
        "dvar": 63.820941925,
        "dvar2": 133.366333008,
        "max": 91.6932144165,
        "mean": 19.1028785706,
        "median": 16.7258415222,
        "min": 0.8406483531,
        "var": 180.194381714
    },
    "dissonance": {
        "dmean": 0.0172081682831,
        "dmean2": 0.0281820241362,
        "dvar": 0.000266579911113,
        "dvar2": 0.000708596315235,
        "max": 0.499484628439,
        "mean": 0.461119323969,
        "median": 0.465436309576,
        "min": 0.342894911766,
        "var": 0.000612339179497
    },
    "dynamic_complexity": 2.21963381767,
    "erbbands_crest": {
        "dmean": 2.46073865891,
        "dmean2": 3.87893629074,
        "dvar": 5.30105829239,
        "dvar2": 13.2583036423,
        "max": 26.6263656616,
        "mean": 8.47578716278,
        "median": 7.61425685883,
        "min": 2.62600564957,
        "var": 13.9089403152
    },
    "erbbands_flatness_db": {
        "dmean": 0.0161496885121,
        "dmean2": 0.0217321943492,
        "dvar": 0.000274160905974,
        "dvar2": 0.000482894392917,
        "max": 0.294676303864,
        "mean": 0.163177713752,
        "median": 0.162325754762,
        "min": 0.095604531467,
        "var": 0.00120075815357
    },
    "erbbands_kurtosis": {
        "dmean": 0.736795306206,
        "dmean2": 1.10359418392,
        "dvar": 1.29164338112,
        "dvar2": 2.92023229599,
        "max": 24.1372642517,
        "mean": 0.0515529550612,
        "median": -0.320843696594,
        "min": -1.66430842876,
        "var": 3.29752182961
    },
    "erbbands_skewness": {
        "dmean": 0.339899033308,
        "dmean2": 0.515515267849,
        "dvar": 0.12822560966,
        "dvar2": 0.270351350307,
        "max": 3.51139235497,
        "mean": 0.141158416867,
        "median": 0.180216267705,
        "min": -2.82373809814,
        "var": 0.455885589123
    },
    "erbbands_spread": {
        "dmean": 12.1272668839,
        "dmean2": 16.8531322479,
        "dvar": 192.142700195,
        "dvar2": 341.688323975,
        "max": 159.871322632,
        "mean": 51.6043777466,
        "median": 45.501789093,
        "min": 5.41649627686,
        "var": 651.246032715
    },
    "hfc": {
        "dmean": 7.98921012878,
        "dmean2": 11.0806512833,
        "dvar": 110.455230713,
        "dvar2": 198.467208862,
        "max": 101.255615234,
        "mean": 23.0194625854,
        "median": 17.9519405365,
        "min": 0.00168403203133,
        "var": 308.118682861
    },
    "melbands_crest": {
        "dmean": 2.85786056519,
        "dmean2": 4.24992370605,
        "dvar": 9.86272525787,
        "dvar2": 18.7801017761,
        "max": 35.6498146057,
        "mean": 17.5366077423,
        "median": 17.2917156219,
        "min": 2.9392311573,
        "var": 39.9099159241
    },
    "melbands_flatness_db": {
        "dmean": 0.0330822058022,
        "dmean2": 0.0456574335694,
        "dvar": 0.00124752591364,
        "dvar2": 0.00221185479313,
        "max": 0.468644499779,
        "mean": 0.248860254884,
        "median": 0.241350278258,
        "min": 0.0203117243946,
        "var": 0.00585551094264
    },
    "melbands_kurtosis": {
        "dmean": 22.0039768219,
        "dmean2": 32.7027626038,
        "dvar": 2726.30224609,
        "dvar2": 5479.16503906,
        "max": 846.208007812,
        "mean": 40.9494590759,
        "median": 22.2382164001,
        "min": -1.67625153065,
        "var": 4644.73242188
    },
    "melbands_skewness": {
        "dmean": 1.2114584446,
        "dmean2": 1.71083462238,
        "dvar": 2.78253722191,
        "dvar2": 4.81640577316,
        "max": 23.9317359924,
        "mean": 4.56141090393,
        "median": 4.09960222244,
        "min": -0.348523855209,
        "var": 9.35258865356
    },
    "melbands_spread": {
        "dmean": 5.90111684799,
        "dmean2": 8.82405281067,
        "dvar": 122.415725708,
        "dvar2": 254.042602539,
        "max": 209.458023071,
        "mean": 16.3047122955,
        "median": 12.4245491028,
        "min": 0.625925838947,
        "var": 289.781280518
    },
    "pitch_salience": {
        "dmean": 0.0765754878521,
        "dmean2": 0.118108332157,
        "dvar": 0.00651758676395,
        "dvar2": 0.0145400799811,
        "max": 0.834746837616,
        "mean": 0.435574293137,
        "median": 0.433002144098,
        "min": 0.064959526062,
        "var": 0.0219967160374
    },
    "silence_rate_20dB": {
        "dmean": 0,
        "dmean2": 0,
        "dvar": 0,
        "dvar2": 0,
        "max": 1,
        "mean": 1,
        "median": 1,
        "min": 1,
        "var": 0
    },
    "silence_rate_30dB": {
        "dmean": 0.0837209299207,
        "dmean2": 0.167571768165,
        "dvar": 0.0767121911049,
        "dvar2": 0.167419105768,
        "max": 1,
        "mean": 0.879163444042,
        "median": 1,
        "min": 0,
        "var": 0.106235921383
    },
    "silence_rate_60dB": {
        "dmean": 0.0170542635024,
        "dmean2": 0.0341349877417,
        "dvar": 0.0167631022632,
        "dvar2": 0.0438302122056,
        "max": 1,
        "mean": 0.0302091408521,
        "median": 0,
        "min": 0,
        "var": 0.0292959492654
    },
    "spectral_centroid": {
        "dmean": 299.291046143,
        "dmean2": 453.476379395,
        "dvar": 129085.101562,
        "dvar2": 285321.25,
        "max": 4863.18652344,
        "mean": 1297.54797363,
        "median": 1171.97973633,
        "min": 293.71182251,
        "var": 412526
    },
    "spectral_complexity": {
        "dmean": 4.33023262024,
        "dmean2": 6.35609006882,
        "dvar": 28.7978382111,
        "dvar2": 56.2276954651,
        "max": 59,
        "mean": 17.9713401794,
        "median": 16,
        "min": 0,
        "var": 77.1182556152
    },
    "spectral_decrease": {
        "dmean": 5.05858777089e-09,
        "dmean2": 7.27322202465e-09,
        "dvar": 6.08549762164e-17,
        "dvar2": 1.15027100707e-16,
        "max": -2.02877248828e-14,
        "mean": -1.51766386125e-08,
        "median": -1.35134659018e-08,
        "min": -8.08195608215e-08,
        "var": 1.51042160766e-16
    },
    "spectral_energy": {
        "dmean": 0.0195459574461,
        "dmean2": 0.0280136428773,
        "dvar": 0.00087757804431,
        "dvar2": 0.00165064935572,
        "max": 0.307060599327,
        "mean": 0.0593681186438,
        "median": 0.0529340617359,
        "min": 2.29317336675e-07,
        "var": 0.00221067108214
    },
    "spectral_energyband_high": {
        "dmean": 0.000742081552744,
        "dmean2": 0.00107234239113,
        "dvar": 1.48617289142e-06,
        "dvar2": 2.93705534204e-06,
        "max": 0.0127414641902,
        "mean": 0.00126272439957,
        "median": 0.000444460107246,
        "min": 2.01029678237e-07,
        "var": 3.40831934409e-06
    },
    "spectral_energyband_low": {
        "dmean": 0.0160086657852,
        "dmean2": 0.0234270375222,
        "dvar": 0.000875242927577,
        "dvar2": 0.00168577290606,
        "max": 0.303457736969,
        "mean": 0.0414031296968,
        "median": 0.033859886229,
        "min": 2.9128761625e-09,
        "var": 0.00201953575015
    },
    "spectral_energyband_middle_high": {
        "dmean": 0.00190719228704,
        "dmean2": 0.00272401818074,
        "dvar": 9.88401370705e-06,
        "dvar2": 1.94184212887e-05,
        "max": 0.0536831095815,
        "mean": 0.00495629757643,
        "median": 0.00311876810156,
        "min": 1.45741294588e-08,
        "var": 2.9638671549e-05
    },
    "spectral_energyband_middle_low": {
        "dmean": 0.00635938951746,
        "dmean2": 0.00958274397999,
        "dvar": 0.000164778917679,
        "dvar2": 0.000329440750647,
        "max": 0.114155001938,
        "mean": 0.0137260742486,
        "median": 0.00967817753553,
        "min": 1.23554908527e-08,
        "var": 0.000265325215878
    },
    "spectral_entropy": {
        "dmean": 0.193480312824,
        "dmean2": 0.255117952824,
        "dvar": 0.0417511723936,
        "dvar2": 0.0748690739274,
        "max": 8.64393997192,
        "mean": 7.52136850357,
        "median": 7.50112009048,
        "min": 6.03251266479,
        "var": 0.173613503575
    },
    "spectral_flux": {
        "dmean": 0.0410518050194,
        "dmean2": 0.0657511278987,
        "dvar": 0.00276178517379,
        "dvar2": 0.00678983097896,
        "max": 0.457430660725,
        "mean": 0.0972037389874,
        "median": 0.0789480656385,
        "min": 0.000478870904772,
        "var": 0.0045011616312
    },
    "spectral_kurtosis": {
        "dmean": 1.44115889072,
        "dmean2": 2.2072520256,
        "dvar": 2.98415136337,
        "dvar2": 7.09023714066,
        "max": 26.0694236755,
        "mean": 3.02022790909,
        "median": 2.71445703506,
        "min": -1.28191077709,
        "var": 7.22059774399
    },
    "spectral_rms": {
        "dmean": 0.00117951480206,
        "dmean2": 0.00163284153678,
        "dvar": 2.33506625591e-06,
        "dvar2": 4.03754484068e-06,
        "max": 0.0173081289977,
        "mean": 0.0069913296029,
        "median": 0.00718630524352,
        "min": 1.49574143506e-05,
        "var": 9.04137414182e-06
    },
    "spectral_rolloff": {
        "dmean": 415.356964111,
        "dmean2": 680.945068359,
        "dvar": 953032.3125,
        "dvar2": 1923658.125,
        "max": 9819.140625,
        "mean": 953.150146484,
        "median": 516.796875,
        "min": 64.599609375,
        "var": 1964151.125
    },
    "spectral_skewness": {
        "dmean": 0.259509503841,
        "dmean2": 0.359398424625,
        "dvar": 0.073343642056,
        "dvar2": 0.148196846247,
        "max": 3.85446095467,
        "mean": 1.31952142715,
        "median": 1.33273088932,
        "min": 0.111233897507,
        "var": 0.286405324936
    },
    "spectral_spread": {
        "dmean": 636719.375,
        "dmean2": 833953.4375,
        "dvar": 589980434432,
        "dvar2": 841586442240,
        "max": 16487619,
        "mean": 4958177.5,
        "median": 4617880,
        "min": 2463163.75,
        "var": 2.15574799974e+12
    },
    "spectral_strongpeak": {
        "dmean": 0.285158574581,
        "dmean2": 0.477173417807,
        "dvar": 0.256156414747,
        "dvar2": 0.60541176796,
        "max": 6.00737047195,
        "mean": 0.673022568226,
        "median": 0.508324742317,
        "min": 0.00417768955231,
        "var": 0.403917759657
    },
    "zerocrossingrate": {
        "dmean": 0.0114931566641,
        "dmean2": 0.0129669168964,
        "dvar": 0.000219547888264,
        "dvar2": 0.000270054966677,
        "max": 0.365234375,
        "mean": 0.0466647110879,
        "median": 0.041015625,
        "min": 0.00244140625,
        "var": 0.00113660190254
    },
    "barkbands": {
        "dmean": [0.000890576397069, 0.0141574582085, 0.0023706832435, 0.00197798828594, 0.00357284350321, 0.000901996332686, 0.000437897571828, 0.000689104374032, 0.000496719905641, 0.000907025940251, 0.000409687985666, 0.000245280214585, 0.000234090170125, 0.000302773842122, 0.00035357257002, 0.000153806176968, 9.26663560676e-05, 0.000116850562335, 0.000221682610572, 0.000150277337525, 0.000210377504118, 0.000150019594003, 0.000143896220834, 0.000205526608624, 6.52723392705e-05, 4.61480809122e-08, 2.30156538272e-09],
        "dmean2": [0.00125583575573, 0.0211551710963, 0.00396575499326, 0.0031634257175, 0.00530878966674, 0.00142075971235, 0.00070123403566, 0.0010664871661, 0.000839892425574, 0.00131899106782, 0.000653578026686, 0.000383339182008, 0.000350620859535, 0.00046004410251, 0.00054682319751, 0.000244661408942, 0.000146225196659, 0.000186040750123, 0.00034783614683, 0.000223933035159, 0.000327038753312, 0.000220487330807, 0.000213241422898, 0.000311302719638, 9.63157071965e-05, 7.14230097287e-08, 4.17679801856e-09],
        "dvar": [8.67908693181e-06, 0.00078033155296, 2.22519556701e-05, 1.9042259737e-05, 6.82208337821e-05, 2.43308795689e-06, 4.45083657041e-07, 1.70764019458e-06, 1.65788321738e-06, 2.36224946093e-06, 2.01169473257e-06, 3.87301696492e-07, 5.23421704202e-07, 1.00315719465e-06, 4.34851557429e-07, 9.09265409632e-08, 2.93757036474e-08, 4.9223800147e-08, 1.3307105462e-07, 6.3947126705e-08, 1.65011527997e-07, 7.2462547962e-08, 6.76258835597e-08, 1.56684492936e-07, 1.69870588707e-08, 9.78186512368e-15, 1.36409023055e-17],
        "dvar2": [1.796682227e-05, 0.00155534991063, 5.91880489083e-05, 4.17215742345e-05, 0.000141179742059, 5.41019153388e-06, 1.08413996713e-06, 3.75459580937e-06, 4.53402162748e-06, 4.6674999794e-06, 5.31513751412e-06, 8.69819871241e-07, 1.1730787719e-06, 2.2753426947e-06, 9.90163698589e-07, 2.16530779085e-07, 6.60730705704e-08, 1.32196063873e-07, 3.51882988525e-07, 1.31060431841e-07, 4.08262707197e-07, 1.42641425782e-07, 1.435648187e-07, 3.24998325141e-07, 3.57817029339e-08, 2.26565999035e-14, 3.98988517057e-17],
        "max": [0.0383356921375, 0.287013441324, 0.0440550036728, 0.0426029115915, 0.0735513716936, 0.026657672599, 0.00616229418665, 0.0232731830329, 0.0219720751047, 0.0215546302497, 0.0276315249503, 0.0125650772825, 0.0172451566905, 0.0232101343572, 0.0106494296342, 0.00443730223924, 0.0025889929384, 0.00327954767272, 0.00565565237775, 0.0041827019304, 0.00603578984737, 0.00391011498868, 0.00257597654127, 0.00451911706477, 0.0015951046953, 1.7777949779e-06, 4.84127617995e-08],
        "mean": [0.00140114373062, 0.0332120880485, 0.00507814390585, 0.00309052667581, 0.00573288928717, 0.00180973880924, 0.000754133448936, 0.00117094570305, 0.000611332594417, 0.00177312409505, 0.000613898970187, 0.000386167375837, 0.000315367127769, 0.000467009551357, 0.000597189471591, 0.000233208833379, 0.000140986143379, 0.000187356839888, 0.000413016387029, 0.00026251692907, 0.000277066865237, 0.000213663486647, 0.000188600024558, 0.000332756753778, 0.000105156053905, 6.54273293321e-08, 1.88147297742e-09],
        "median": [6.2532373704e-05, 0.0224839672446, 0.00288921315223, 0.000931263319217, 0.0027793594636, 0.000879530212842, 0.000402168428991, 0.000525961688254, 0.000226325922995, 0.00069238152355, 0.000176742381882, 0.000133781824843, 9.24660926103e-05, 0.000174263725057, 0.000300305342535, 5.50441691303e-05, 6.35592732579e-05, 8.19190463517e-05, 0.00024891490466, 0.000164134136867, 7.39133392926e-05, 1.85892240552e-05, 1.06219740701e-05, 0.000114020804176, 4.33587483712e-05, 2.56426542222e-08, 5.33610211573e-10],
        "min": [3.81058323784e-10, 9.56863033252e-10, 1.04018704761e-09, 1.120116222e-09, 1.30993316194e-09, 2.24242024949e-09, 3.2949643014e-09, 1.40424560868e-09, 1.00894470556e-09, 2.81468093277e-09, 4.67844873953e-10, 4.00906241538e-09, 3.69909713971e-10, 5.49043310816e-10, 2.29695573672e-09, 7.19930157156e-11, 1.00976171868e-09, 5.66691804593e-10, 2.62624100245e-09, 5.07959985185e-09, 4.99498487017e-09, 8.98659724413e-09, 2.47648017648e-08, 1.19623024375e-07, 2.37280985971e-08, 3.88110273086e-11, 8.57259315618e-12],
        "var": [1.26199565784e-05, 0.00164658669382, 3.86387146136e-05, 2.87764396489e-05, 0.000100598510471, 6.8068843575e-06, 7.57077771141e-07, 3.61115849046e-06, 1.61593050052e-06, 6.77398747939e-06, 2.44995453613e-06, 7.56125700718e-07, 6.83232940446e-07, 1.31903118472e-06, 8.65929621341e-07, 1.9049306843e-07, 5.23928136431e-08, 7.34564906679e-08, 2.42713412035e-07, 1.15847527127e-07, 2.34021314327e-07, 1.69721971588e-07, 1.2271944172e-07, 3.29399597376e-07, 3.13862784651e-08, 1.54221304645e-14, 1.25471387523e-17]
    },
    "erbbands": {
        "dmean": [0.529688775539, 2.84839272499, 3.17373037338, 4.48084211349, 13.0201978683, 9.25952148438, 11.6311826706, 5.70176076889, 5.42337036133, 8.32751750946, 16.106924057, 10.511138916, 19.0693759918, 25.0861358643, 16.0782012939, 10.0570764542, 8.4997959137, 16.664352417, 20.4194564819, 9.75423622131, 6.26614904404, 4.63493061066, 5.57951927185, 10.510427475, 9.7857131958, 6.87996006012, 9.35232830048, 6.50660800934, 5.72051477432, 5.50813770294, 3.61693954468, 3.75336694717, 3.62861585617, 1.36076664925, 0.101674489677, 0.00443141860887, 0.000229686542298, 3.09235765599e-05, 1.36981425385e-05, 2.26470037887e-05],
        "dmean2": [0.741920471191, 4.5084195137, 5.20469141006, 7.35661649704, 19.4962081909, 15.1512289047, 17.73487854, 9.49161052704, 8.61476039886, 12.8684682846, 24.255947113, 17.2400455475, 28.3775997162, 37.32213974, 25.1864433289, 15.322136879, 12.4335784912, 23.9699039459, 31.843044281, 15.0470113754, 9.99439430237, 7.29327726364, 8.98191356659, 16.3307514191, 15.1524181366, 10.1413888931, 14.4848566055, 9.82397651672, 8.61613941193, 7.72310018539, 5.38173055649, 5.59989118576, 5.54457902908, 2.0076713562, 0.14872816205, 0.00645220233127, 0.000331822811859, 4.51190899184e-05, 1.9283968868e-05, 3.21608094964e-05],
        "dvar": [1.62909734249, 28.4953422546, 29.1101322174, 91.2826766968, 1514.3560791, 347.063293457, 371.970611572, 77.8522567749, 67.0663070679, 179.210281372, 1262.77539062, 545.043457031, 1425.06494141, 2666.99243164, 4419.40966797, 659.480041504, 401.829498291, 2732.53979492, 1621.04516602, 265.03793335, 138.761856079, 69.2421112061, 111.744598389, 436.271026611, 209.928665161, 141.097061157, 303.079559326, 159.082443237, 115.876670837, 99.7103729248, 44.1257476807, 45.0088348389, 59.3879432678, 7.42626333237, 0.033728286624, 6.49567882647e-05, 1.84457036312e-07, 3.33310068434e-09, 3.2475575007e-10, 1.03656139228e-09],
        "dvar2": [2.91085863113, 66.3075408936, 75.0151367188, 222.700256348, 2796.70898438, 953.922546387, 778.012084961, 225.162002563, 159.80670166, 441.336791992, 2593.46313477, 1483.16552734, 2673.24853516, 5149.53466797, 11595.2958984, 1339.54919434, 834.168518066, 5364.61962891, 3793.55981445, 609.407653809, 333.766387939, 158.777862549, 301.447906494, 1184.17102051, 570.492736816, 290.930114746, 730.570129395, 377.816741943, 258.373748779, 201.092819214, 95.9761886597, 91.4036407471, 125.897727966, 15.3747091293, 0.0695743486285, 0.000132984670927, 3.71360385998e-07, 6.657685514e-09, 5.75862524332e-10, 1.90019733282e-09],
        "max": [13.8093738556, 56.7838630676, 51.7021827698, 118.978286743, 317.709259033, 185.045440674, 298.579986572, 76.7875213623, 70.8171539307, 153.0728302, 667.962219238, 399.450134277, 642.073608398, 786.791015625, 1462.20922852, 635.072692871, 415.246032715, 1128.3626709, 591.842895508, 202.457641602, 163.671066284, 116.432067871, 156.110855103, 387.296234131, 184.972991943, 210.552093506, 299.361907959, 151.131027222, 181.799697876, 85.1650848389, 73.5070266724, 83.2439575195, 99.841003418, 34.8411102295, 2.24005365372, 0.0945666655898, 0.00525899650529, 0.000700946839061, 0.000201195201953, 0.000333034695359],
        "mean": [1.07714784145, 6.79090833664, 7.42786979675, 9.12926483154, 16.1716918945, 15.1891975403, 24.8813247681, 9.97624206543, 10.1838245392, 14.7576932907, 27.4964179993, 15.6805744171, 36.4755439758, 48.2358894348, 26.6649131775, 17.8326740265, 12.9679946899, 26.4283618927, 35.4514350891, 17.5944194794, 10.0298604965, 7.29543685913, 9.67695331573, 18.4413375854, 18.2150669098, 12.5937843323, 13.3434400558, 8.84338569641, 7.83470964432, 7.15124082565, 4.86309671402, 5.71597671509, 5.9550909996, 2.25371336937, 0.160602733493, 0.00713253533468, 0.000403376267059, 5.59563522984e-05, 3.98106349166e-05, 7.01445533196e-05],
        "median": [0.558279454708, 4.54663801193, 5.80957555771, 3.44463205338, 3.77893924713, 8.19329738617, 10.2901439667, 6.29127788544, 5.89514636993, 8.92059230804, 10.086183548, 7.49736022949, 15.4236087799, 16.3685112, 8.54904651642, 7.15040254593, 4.3126001358, 9.79910182953, 18.7721843719, 8.46856975555, 3.59381318092, 3.50453090668, 4.51888847351, 10.7422323227, 10.7415208817, 8.17371749878, 4.7801156044, 2.00268125534, 0.741186976433, 0.248562052846, 0.349920034409, 1.54480981827, 2.18834805489, 0.924977779388, 0.0662679001689, 0.0030020524282, 0.000178631700692, 2.56642051681e-05, 3.21533589158e-05, 6.23661326244e-05],
        "min": [5.91246269721e-08, 1.13182210271e-07, 8.81944401954e-07, 2.73459295386e-06, 3.62093237527e-06, 3.96398763769e-06, 6.10219876762e-06, 2.49804597843e-05, 4.83103758597e-05, 3.25566106767e-05, 3.40741498803e-05, 2.50100783887e-05, 0.000108877655293, 2.97719998343e-05, 3.14298122248e-05, 0.000195230561076, 2.4000848498e-05, 3.82378675567e-05, 0.000128901257995, 3.10299583361e-05, 5.95262008574e-06, 5.09809615323e-05, 3.53262330464e-05, 9.33142800932e-05, 0.000124845159007, 0.000258309504716, 0.000261247070739, 0.000200863316422, 0.000253903970588, 0.000230782636208, 0.0010784730548, 0.0018845415907, 0.00201039295644, 0.00070855038939, 3.6843259295e-05, 1.71851695541e-06, 1.1427380997e-07, 1.81787775944e-08, 4.95386398569e-09, 1.55256396628e-09],
        "var": [3.1544380188, 58.7688064575, 59.1293258667, 167.034591675, 2101.43847656, 411.197631836, 1291.15527344, 118.392356873, 123.493492126, 315.711578369, 2750.13671875, 676.474853516, 3615.12280273, 7112.31689453, 5533.13085938, 1561.07971191, 770.557006836, 4361.10400391, 2890.99902344, 581.888916016, 245.35987854, 123.331367493, 179.853500366, 607.720214844, 473.015106201, 257.559173584, 465.888153076, 241.554580688, 245.630783081, 187.357345581, 81.2474441528, 101.674263, 112.930892944, 14.4261837006, 0.0685422793031, 0.000133707668283, 3.90897639591e-07, 7.16781389798e-09, 9.42092404088e-10, 2.77385314718e-09]
    },
    "gfcc": {
        "mean": [-2.81657028198, 121.073661804, -118.473350525, 60.1424942017, -64.6149597168, 30.2156238556, -33.5205612183, 15.3588619232, -18.4976291656, -7.36712646484, 9.39740657806, -28.572019577, 16.642124176],
        "cov": [[3701.73339844, -464.148651123, 50.2381401062, 402.449188232, -266.172088623, 327.714874268, 142.780075073, -6.70325660706, 83.795135498, -31.3002262115, -204.422332764, 118.984039307, -153.969207764], [-464.148651123, 956.161071777, -36.3558692932, -378.463745117, 372.786590576, -156.496276855, 77.9526367188, 18.2965564728, -70.1759643555, -29.2805175781, 155.554550171, -159.878372192, 152.750198364], [50.2381401062, -36.3558692932, 609.754150391, 334.688934326, 32.6533660889, 143.601013184, 128.528167725, 27.1514530182, 157.464416504, 46.5704421997, 6.17237901688, 34.2887039185, -64.7203521729], [402.449188232, -378.463745117, 334.688934326, 624.189086914, -55.6215782166, 85.3816223145, 96.1928863525, -27.4076976776, 206.365356445, 7.29166269302, -92.7396240234, 118.474105835, -120.888336182], [-266.172088623, 372.786590576, 32.6533660889, -55.6215782166, 386.95098877, 26.8975162506, 98.4806213379, 97.0817108154, 19.6626625061, -10.5973081589, 86.0895004272, -80.2504653931, 99.6612548828], [327.714874268, -156.496276855, 143.601013184, 85.3816223145, 26.8975162506, 317.21270752, 132.350708008, -11.4538049698, 67.339302063, 0.799392938614, -16.7743930817, 12.7406253815, -60.7715492249], [142.780075073, 77.9526367188, 128.528167725, 96.1928863525, 98.4806213379, 132.350708008, 194.276351929, 29.2378025055, 59.8757209778, 0.772206962109, 24.7972488403, -10.7973108292, -8.63879966736], [-6.70325660706, 18.2965564728, 27.1514530182, -27.4076976776, 97.0817108154, -11.4538049698, 29.2378025055, 173.461868286, 0.315196841955, 13.9322557449, 18.2176475525, -21.4608612061, 46.4235420227], [83.795135498, -70.1759643555, 157.464416504, 206.365356445, 19.6626625061, 67.339302063, 59.8757209778, 0.315196841955, 165.62538147, 16.2002544403, -20.4390792847, 52.9471969604, -28.0476474762], [-31.3002262115, -29.2805175781, 46.5704421997, 7.29166269302, -10.5973081589, 0.799392938614, 0.772206962109, 13.9322557449, 16.2002544403, 84.7833633423, 31.1533794403, -1.47423028946, 15.1762962341], [-204.422332764, 155.554550171, 6.17237901688, -92.7396240234, 86.0895004272, -16.7743930817, 24.7972488403, 18.2176475525, -20.4390792847, 31.1533794403, 116.631324768, -6.65732288361, 39.0216827393], [118.984039307, -159.878372192, 34.2887039185, 118.474105835, -80.2504653931, 12.7406253815, -10.7973108292, -21.4608612061, 52.9471969604, -1.47423028946, -6.65732288361, 103.51108551, -13.7089605331], [-153.969207764, 152.750198364, -64.7203521729, -120.888336182, 99.6612548828, -60.7715492249, -8.63879966736, 46.4235420227, -28.0476474762, 15.1762962341, 39.0216827393, -13.7089605331, 120.013580322]],
        "icov": [[0.000433239532867, -0.000730483385269, 0.000481585768284, -0.000892713491339, 0.000828793272376, -0.00109953107312, 0.000273738667602, -0.000749100116082, 0.000575298385229, -0.000321463943692, 0.000491206767038, -0.000395975570427, -0.000119345502753], [-0.000730483385269, 0.00817942246795, -0.00350382132456, 0.00742499530315, -0.00686088576913, 0.00838329643011, -0.00585306668654, 0.00618250574917, -0.0036284243688, 0.0029402396176, -0.00109772279393, 0.00238659535535, 0.00078125775326], [0.000481585768284, -0.00350382132456, 0.00468416744843, -0.00523260654882, 0.00397301418707, -0.00482751289383, 0.00251012877561, -0.00343195861205, 0.00026001673541, -0.00129107653629, -0.00172706600279, 0.00130595068913, -0.000968068430666], [-0.000892713491339, 0.00742499530315, -0.00523260654882, 0.0138859823346, -0.0101521722972, 0.0108582032844, -0.00839251186699, 0.00660230964422, -0.00459143612534, -0.00138152996078, 0.00628889165819, -0.00663418788463, 0.00763961998746], [0.000828793272376, -0.00686088576913, 0.00397301418707, -0.0101521722972, 0.0156850311905, -0.00997311528772, 0.00587833020836, -0.00754129653797, -0.000705588026904, 0.00502131599933, -0.00832508504391, 0.00976399891078, -0.0100006358698], [-0.00109953107312, 0.00838329643011, -0.00482751289383, 0.0108582032844, -0.00997311528772, 0.015530962497, -0.0105676315725, 0.00751350540668, -0.003722387366, -0.000102392281406, 0.00351919233799, -0.00282683828846, 0.0064084273763], [0.000273738667602, -0.00585306668654, 0.00251012877561, -0.00839251186699, 0.00587833020836, -0.0105676315725, 0.0155104557052, -0.00559703074396, 0.000414770125644, 0.00181662116665, -0.0056007229723, 0.00465444708243, -0.00403039623052], [-0.000749100116082, 0.00618250574917, -0.00343195861205, 0.00660230964422, -0.00754129653797, 0.00751350540668, -0.00559703074396, 0.0122126182541, -0.00205529644154, 7.66441735323e-05, 0.00144408876076, 0.000310580304358, -1.43094366649e-05], [0.000575298385229, -0.0036284243688, 0.00026001673541, -0.00459143612534, -0.000705588026904, -0.003722387366, 0.000414770125644, -0.00205529644154, 0.0156371034682, -0.00605759257451, 0.00558491330594, -0.00903301127255, 0.00197019195184], [-0.000321463943692, 0.0029402396176, -0.00129107653629, -0.00138152996078, 0.00502131599933, -0.000102392281406, 0.00181662116665, 7.66441735323e-05, -0.00605759257451, 0.0218037962914, -0.0128164710477, 0.0124303158373, -0.00894882436842], [0.000491206767038, -0.00109772279393, -0.00172706600279, 0.00628889165819, -0.00832508504391, 0.00351919233799, -0.0056007229723, 0.00144408876076, 0.00558491330594, -0.0128164710477, 0.0242894254625, -0.0164341051131, 0.00831538252532], [-0.000395975570427, 0.00238659535535, 0.00130595068913, -0.00663418788463, 0.00976399891078, -0.00282683828846, 0.00465444708243, 0.000310580304358, -0.00903301127255, 0.0124303158373, -0.0164341051131, 0.0313692428172, -0.013604820706], [-0.000119345502753, 0.00078125775326, -0.000968068430666, 0.00763961998746, -0.0100006358698, 0.0064084273763, -0.00403039623052, -1.43094366649e-05, 0.00197019195184, -0.00894882436842, 0.00831538252532, -0.013604820706, 0.0229576341808]]
    },
    "melbands": {
        "dmean": [0.0042296112515, 0.00226401910186, 0.00104444194585, 0.000803366827313, 0.000399746233597, 0.000134517205879, 8.62938759383e-05, 9.94298461592e-05, 0.000131652850541, 6.37503253529e-05, 0.000100728175312, 0.000108875945443, 5.38142958248e-05, 3.53984214598e-05, 1.95474494831e-05, 2.35669358517e-05, 3.27496927639e-05, 3.22415216942e-05, 1.95982247533e-05, 1.33517205541e-05, 6.78102378515e-06, 5.26290659764e-06, 4.7642147365e-06, 5.66467952012e-06, 9.62493686529e-06, 8.28491738503e-06, 5.73123179493e-06, 4.74278704132e-06, 5.85953057453e-06, 6.210493666e-06, 3.15751708513e-06, 3.47892228092e-06, 2.80695121546e-06, 3.32531294589e-06, 2.11825044971e-06, 1.89583340671e-06, 2.56323460235e-06, 2.63756896857e-06, 2.38668440034e-06, 8.37524851249e-07],
        "dmean2": [0.00616740668193, 0.0036085031461, 0.00164586130995, 0.00120036222506, 0.000621155719273, 0.000219966823352, 0.000136675647809, 0.00015378218086, 0.000199668254936, 0.000105912411527, 0.000148900915519, 0.000161585689057, 8.57273189467e-05, 5.4291311244e-05, 2.9229604479e-05, 3.35368094966e-05, 4.78317779198e-05, 5.096797031e-05, 3.01552518067e-05, 2.09577738133e-05, 1.10949213195e-05, 8.28848351375e-06, 7.73676856625e-06, 9.069322914e-06, 1.51208987518e-05, 1.30959460876e-05, 8.9723689598e-06, 6.9934617386e-06, 9.07549110707e-06, 1.00915367511e-05, 4.75413617096e-06, 5.2446303016e-06, 4.05678247262e-06, 4.83478288515e-06, 3.18259799315e-06, 2.93713151223e-06, 3.8121909256e-06, 4.10245911553e-06, 3.6674475723e-06, 1.21303776268e-06],
        "dvar": [8.32964724395e-05, 1.38722170959e-05, 5.40043947694e-06, 4.42886357632e-06, 3.71214412098e-07, 4.32094147129e-08, 1.64666396074e-08, 2.5500968448e-08, 9.37973965165e-08, 2.35693971007e-08, 3.82431721846e-08, 5.02514119205e-08, 3.81397420313e-08, 1.15423706148e-08, 2.32698993408e-09, 5.25652898986e-09, 1.17150644741e-08, 4.37772307293e-09, 1.35179822891e-09, 7.37102379134e-10, 1.84920120883e-10, 1.05267822237e-10, 8.04727048886e-11, 1.16665566097e-10, 3.83734682918e-10, 1.7008787434e-10, 8.140315505e-11, 7.55518772544e-11, 1.20546489457e-10, 1.62577548646e-10, 3.61041370411e-11, 4.41768045756e-11, 2.73401717932e-11, 3.81096855462e-11, 1.60063923921e-11, 1.19807557972e-11, 2.14882330679e-11, 2.94926444377e-11, 2.71225455289e-11, 2.44366809773e-12],
        "dvar2": [0.000156845155288, 3.28982969222e-05, 1.11464614747e-05, 9.22719573282e-06, 8.60175646267e-07, 1.1769461139e-07, 3.9274382857e-08, 6.11144486129e-08, 1.92382600517e-07, 6.56074305994e-08, 7.27631430664e-08, 9.70027969061e-08, 1.01625538207e-07, 2.84998744604e-08, 5.00151653426e-09, 9.67217861358e-09, 2.43427571434e-08, 1.05927195904e-08, 3.0257778505e-09, 1.72472702786e-09, 4.44349140816e-10, 2.47474263304e-10, 2.03546290933e-10, 3.14834353032e-10, 1.04610020646e-09, 4.46246622987e-10, 2.05015851518e-10, 1.62075478038e-10, 2.85435453051e-10, 4.19528939366e-10, 7.98610969022e-11, 1.03713003463e-10, 5.38709736542e-11, 8.07431413397e-11, 3.53123849606e-11, 2.69274672005e-11, 4.40734324036e-11, 6.45980630098e-11, 5.89023413378e-11, 4.92327532908e-12],
        "max": [0.0969068780541, 0.0365688428283, 0.0176463350654, 0.0183824412525, 0.00786937493831, 0.0024422951974, 0.0011363098165, 0.00186179194134, 0.00552471494302, 0.00322692631744, 0.00326160900295, 0.00317404605448, 0.00382630876265, 0.00203779130243, 0.00093725672923, 0.00186196400318, 0.00260861334391, 0.000806323194411, 0.00055220577633, 0.000430794141721, 0.000145586251165, 0.000155123212608, 0.000118376417959, 0.000162713608006, 0.000353556009941, 0.000223549170187, 0.000146808510181, 0.00012619496556, 0.000206139418879, 0.000163888413226, 6.56724660075e-05, 0.000114611051686, 5.2246148698e-05, 5.05882271682e-05, 4.52852546005e-05, 3.05063385895e-05, 6.33949530311e-05, 7.50359613448e-05, 6.57307391521e-05, 2.26270731218e-05],
        "mean": [0.00949701666832, 0.0058632157743, 0.00179219432175, 0.00110838422552, 0.000845706963446, 0.000242793496, 0.00015800424444, 0.000175128763658, 0.000217731751036, 8.86113775778e-05, 0.000186703677173, 0.000204744006624, 8.25775932753e-05, 5.75397716602e-05, 3.04766945192e-05, 3.3656720916e-05, 4.95120730193e-05, 5.49444594071e-05, 3.33359748765e-05, 2.13448947761e-05, 9.67325922829e-06, 7.56570807425e-06, 7.59823115004e-06, 9.26844677451e-06, 1.57301528816e-05, 1.50684381879e-05, 9.82865276455e-06, 8.020909263e-06, 8.49780735734e-06, 7.35006778996e-06, 4.34328649135e-06, 4.64474396722e-06, 3.72364252144e-06, 4.13159659729e-06, 2.75752790913e-06, 2.62029743681e-06, 3.82310099667e-06, 4.18384115619e-06, 3.70156612917e-06, 1.33401169933e-06],
        "median": [0.00596579071134, 0.00495391851291, 0.000669432803988, 0.00038842036156, 0.000420465308707, 0.000148361490574, 9.10849921638e-05, 0.000101861536677, 7.6959207945e-05, 3.62298051186e-05, 7.40992545616e-05, 6.03566586506e-05, 2.57650790445e-05, 2.00996328203e-05, 1.11932922664e-05, 9.78577463684e-06, 1.8362841729e-05, 2.90373027383e-05, 1.57762933668e-05, 5.13965005666e-06, 3.55293605026e-06, 3.02742364511e-06, 3.40125507137e-06, 4.31602757089e-06, 8.65293804964e-06, 8.43777070259e-06, 5.82848178965e-06, 4.79339951198e-06, 3.28931992044e-06, 1.44474427088e-06, 9.64805508374e-07, 4.74317431554e-07, 1.22988083717e-07, 1.27557640894e-07, 1.51550850092e-07, 3.6836118511e-07, 1.12693317078e-06, 1.51452616137e-06, 1.4441715166e-06, 5.36068455403e-07],
        "min": [3.99322186428e-10, 3.42121608821e-10, 5.32805355391e-10, 2.27959817689e-10, 2.29295568643e-10, 5.4111004566e-10, 7.55811857545e-10, 3.33193472812e-10, 2.45065939763e-10, 1.64001118241e-10, 5.41263922571e-10, 1.15701344339e-10, 5.89856982702e-11, 4.60821686366e-10, 2.22524262905e-10, 4.29573286664e-11, 6.15510559188e-11, 1.94171623225e-10, 1.09946142468e-10, 7.83067794635e-12, 4.49499985844e-12, 4.07678786563e-11, 5.95926502589e-11, 2.92550358938e-11, 7.85834522454e-11, 1.17546999912e-10, 5.42716947771e-11, 2.20227433512e-10, 1.515221143e-10, 1.63990682145e-10, 1.07250971992e-10, 1.48200424155e-10, 3.36729151507e-11, 9.88085516185e-11, 4.70759708993e-10, 5.60443802478e-10, 1.41222422645e-09, 1.44768652621e-09, 1.19508170027e-09, 3.07801478749e-10],
        "var": [0.000167484395206, 3.22191845044e-05, 8.30303360999e-06, 6.01196370553e-06, 1.13058308671e-06, 7.7878105742e-08, 3.04972189724e-08, 4.57641995411e-08, 1.87442140032e-07, 2.5431818429e-08, 9.53860350705e-08, 1.37206271233e-07, 4.55433628588e-08, 1.74848260315e-08, 4.56674964511e-09, 8.8110230223e-09, 1.70698619684e-08, 6.99123781089e-09, 2.79480483201e-09, 1.67175395749e-09, 2.49061715696e-10, 1.62777194501e-10, 1.35057881545e-10, 1.7189051571e-10, 5.03193597901e-10, 3.40541067567e-10, 1.52189913449e-10, 1.22823848314e-10, 1.87039841948e-10, 1.9454717004e-10, 6.03357225293e-11, 8.56649751135e-11, 5.83308679136e-11, 6.37645214407e-11, 2.8130874366e-11, 2.19014927721e-11, 4.85600587519e-11, 5.45334888358e-11, 4.60278690162e-11, 4.95273483683e-12]
    },
    "mfcc": {
        "mean": [-632.409301758, 121.705596924, 20.3494510651, 24.1972408295, 16.1549816132, -1.54775881767, 24.0963058472, -5.0792965889, 5.61666965485, 15.2297620773, -2.95973324776, -2.48106813431, -8.223985672],
        "cov": [[3966.98950195, -880.448913574, 243.937347412, 64.2117080688, -260.799255371, 367.258850098, -187.348052979, 296.925567627, 68.8138961792, -66.7064285278, 63.7665519714, -35.3351898193, 102.794692993], [-880.448913574, 1421.02563477, -457.321655273, -228.831802368, 209.007675171, -319.581207275, 385.565979004, -246.274734497, 2.83132338524, 96.1650848389, -119.635383606, 9.04065227509, -111.687850952], [243.937347412, -457.321655273, 699.457763672, 227.903274536, -55.4700088501, 300.531066895, -154.161651611, 179.776885986, 25.3983020782, 19.8327693939, 149.505355835, 17.9128913879, 126.01789093], [64.2117080688, -228.831802368, 227.903274536, 451.947235107, 48.2325820923, 71.6601638794, -116.567329407, 103.335319519, 72.7104949951, -28.8850841522, 59.6656112671, 72.6419906616, 62.5118598938], [-260.799255371, 209.007675171, -55.4700088501, 48.2325820923, 213.594696045, -36.7002563477, 99.4400024414, 10.3566303253, 62.156124115, 57.777961731, -12.4289045334, 23.7538547516, -11.6861181259], [367.258850098, -319.581207275, 300.531066895, 71.6601638794, -36.7002563477, 407.656066895, -77.219909668, 180.641296387, 4.67316007614, 46.6821022034, 101.426116943, -48.6697731018, 100.210403442], [-187.348052979, 385.565979004, -154.161651611, -116.567329407, 99.4400024414, -77.219909668, 308.713500977, -44.6261558533, 34.7556800842, 83.8258056641, -18.4249515533, 21.9112167358, -57.0106391907], [296.925567627, -246.274734497, 179.776885986, 103.335319519, 10.3566303253, 180.641296387, -44.6261558533, 237.772338867, 49.8911094666, 21.1686992645, 64.7096862793, -17.7288150787, 61.1495895386], [68.8138961792, 2.83132338524, 25.3983020782, 72.7104949951, 62.156124115, 4.67316007614, 34.7556800842, 49.8911094666, 137.808944702, 45.6103172302, -4.05336618423, 12.0653991699, 9.9865694046], [-66.7064285278, 96.1650848389, 19.8327693939, -28.8850841522, 57.777961731, 46.6821022034, 83.8258056641, 21.1686992645, 45.6103172302, 125.668991089, 31.7130260468, -27.8331947327, -4.52898406982], [63.7665519714, -119.635383606, 149.505355835, 59.6656112671, -12.4289045334, 101.426116943, -18.4249515533, 64.7096862793, -4.05336618423, 31.7130260468, 115.599029541, 9.00691986084, 15.3266792297], [-35.3351898193, 9.04065227509, 17.9128913879, 72.6419906616, 23.7538547516, -48.6697731018, 21.9112167358, -17.7288150787, 12.0653991699, -27.8331947327, 9.00691986084, 102.23866272, 9.21808433533], [102.794692993, -111.687850952, 126.01789093, 62.5118598938, -11.6861181259, 100.210403442, -57.0106391907, 61.1495895386, 9.9865694046, -4.52898406982, 15.3266792297, 9.21808433533, 114.634735107]],
