{
"lowlevel": {
    "average_loudness": 0.972892224789,
    "barkbands_crest": {
        "dmean": 1.96723783016,
        "dmean2": 3.32995176315,
        "dvar": 3.15078616142,
        "dvar2": 9.16738414764,
        "max": 21.7923622131,
        "mean": 10.8795690536,
        "median": 10.6518125534,
        "min": 3.519094944,
        "var": 6.77273273468
    },
    "barkbands_flatness_db": {
        "dmean": 0.0297600515187,
        "dmean2": 0.0445102863014,
        "dvar": 0.000799076689873,
        "dvar2": 0.00175982026849,
        "max": 0.47531029582,
        "mean": 0.267955034971,
        "median": 0.260466307402,
        "min": 0.113102398813,
        "var": 0.00330360932276
    },
    "barkbands_kurtosis": {
        "dmean": 8.58054161072,
        "dmean2": 13.3449258804,
        "dvar": 168.611175537,
        "dvar2": 423.039093018,
        "max": 202.645568848,
        "mean": 19.2375354767,
        "median": 14.2102355957,
        "min": -1.35803592205,
        "var": 356.787597656
    },
    "barkbands_skewness": {
        "dmean": 0.852232038975,
        "dmean2": 1.28039455414,
        "dvar": 0.836594343185,
        "dvar2": 1.82993400097,
        "max": 12.2254705429,
        "mean": 2.99702620506,
        "median": 2.83811068535,
        "min": -0.599418818951,
        "var": 2.41689682007
    },
    "barkbands_spread": {
        "dmean": 3.61798810959,
        "dmean2": 6.06269550323,
        "dvar": 39.9631996155,
        "dvar2": 104.856544495,
        "max": 68.2427062988,
        "mean": 7.86399269104,
        "median": 6.00533485413,
        "min": 1.10511934757,
        "var": 49.752620697
    },
    "dissonance": {
        "dmean": 0.0239878483117,
        "dmean2": 0.0396315976977,
        "dvar": 0.000499230285641,
        "dvar2": 0.00123783957679,
        "max": 0.500000059605,
        "mean": 0.431145638227,
        "median": 0.438053905964,
        "min": 0.216552659869,
        "var": 0.00160545180552
    },
    "dynamic_complexity": 2.06943035126,
    "erbbands_crest": {
        "dmean": 2.43226122856,
        "dmean2": 3.99890947342,
        "dvar": 4.88573312759,
        "dvar2": 12.3651885986,
        "max": 26.2458686829,
        "mean": 11.1697826385,
        "median": 10.7334489822,
        "min": 3.02320790291,
        "var": 16.2204036713
    },
    "erbbands_flatness_db": {
        "dmean": 0.0271423608065,
        "dmean2": 0.0374053344131,
        "dvar": 0.000589971779846,
        "dvar2": 0.00122238020413,
        "max": 0.385193258524,
        "mean": 0.199224323034,
        "median": 0.19311003387,
        "min": 0.103262476623,
        "var": 0.00208080164157
    },
    "erbbands_kurtosis": {
        "dmean": 3.40225458145,
        "dmean2": 5.49025392532,
        "dvar": 36.2036743164,
        "dvar2": 96.2886734009,
        "max": 78.3975143433,
        "mean": 4.7321972847,
        "median": 1.6529841423,
        "min": -1.90982913971,
        "var": 71.3779144287
    },
    "erbbands_skewness": {
        "dmean": 0.581659138203,
        "dmean2": 0.922551035881,
        "dvar": 0.443554729223,
        "dvar2": 1.17676496506,
        "max": 7.16247224808,
        "mean": 1.58371806145,
        "median": 1.38946223259,
        "min": -1.43048608303,
        "var": 1.33175706863
    },
    "erbbands_spread": {
        "dmean": 17.9545688629,
        "dmean2": 28.6560993195,
        "dvar": 572.895935059,
        "dvar2": 1392.07104492,
        "max": 169.636566162,
        "mean": 44.3277893066,
        "median": 38.2920875549,
        "min": 2.65004038811,
        "var": 918.787536621
    },
    "hfc": {
        "dmean": 3.76010346413,
        "dmean2": 5.75818777084,
        "dvar": 24.331823349,
        "dvar2": 53.5773277283,
        "max": 70.3764724731,
        "mean": 13.7824163437,
        "median": 11.3593425751,
        "min": 0.000145848505781,
        "var": 81.5687103271
    },
    "melbands_crest": {
        "dmean": 2.09326243401,
        "dmean2": 3.63500022888,
        "dvar": 3.82578921318,
        "dvar2": 10.9221773148,
        "max": 27.7498703003,
        "mean": 14.9066886902,
        "median": 14.4951019287,
        "min": 6.36989498138,
        "var": 14.520362854
    },
    "melbands_flatness_db": {
        "dmean": 0.0370679199696,
        "dmean2": 0.0532330572605,
        "dvar": 0.00127183657605,
        "dvar2": 0.00277322717011,
        "max": 0.585287988186,
        "mean": 0.340714603662,
        "median": 0.333584427834,
        "min": 0.128935605288,
        "var": 0.00511163473129
    },
    "melbands_kurtosis": {
        "dmean": 23.2575378418,
        "dmean2": 35.04063797,
        "dvar": 1264.60119629,
        "dvar2": 2915.03881836,
        "max": 542.716674805,
        "mean": 49.1227684021,
        "median": 32.2525177002,
        "min": -0.560383796692,
        "var": 2774.52124023
    },
    "melbands_skewness": {
        "dmean": 1.30492472649,
        "dmean2": 1.95585930347,
        "dvar": 2.35223865509,
        "dvar2": 5.26540374756,
        "max": 17.4335155487,
        "mean": 4.33919811249,
        "median": 3.91799211502,
        "min": -0.328521877527,
        "var": 6.06405925751
    },
    "melbands_spread": {
        "dmean": 1.98117637634,
        "dmean2": 3.26704573631,
        "dvar": 14.0157308578,
        "dvar2": 36.521320343,
        "max": 65.3832092285,
        "mean": 5.6524310112,
        "median": 4.6418800354,
        "min": 0.792827308178,
        "var": 22.013666153
    },
    "pitch_salience": {
        "dmean": 0.0587911680341,
        "dmean2": 0.099964492023,
        "dvar": 0.00266229105182,
        "dvar2": 0.00748417899013,
        "max": 0.801855266094,
        "mean": 0.582384824753,
        "median": 0.5978500247,
        "min": 0.142639115453,
        "var": 0.0079323714599
    },
    "silence_rate_20dB": {
        "dmean": 0,
        "dmean2": 0,
        "dvar": 0,
        "dvar2": 0,
        "max": 1,
        "mean": 1,
        "median": 1,
        "min": 1,
        "var": 0
    },
    "silence_rate_30dB": {
        "dmean": 0.0271107666194,
        "dmean2": 0.0542425401509,
        "dvar": 0.0263762120157,
        "dvar2": 0.0613749809563,
        "max": 1,
        "mean": 0.874564468861,
        "median": 1,
        "min": 0,
        "var": 0.109701111913
    },
    "silence_rate_60dB": {
        "dmean": 0.000774593325332,
        "dmean2": 0.00154978688806,
        "dvar": 0.000773989362642,
        "dvar2": 0.00154736766126,
        "max": 1,
        "mean": 0.00735578779131,
        "median": 0,
        "min": 0,
        "var": 0.00730192800984
    },
    "spectral_centroid": {
        "dmean": 125.33190155,
        "dmean2": 200.052780151,
        "dvar": 38151.9023438,
        "dvar2": 84890.8515625,
        "max": 3346.00463867,
        "mean": 524.3125,
        "median": 430.07119751,
        "min": 162.781265259,
        "var": 113547.210938
    },
    "spectral_complexity": {
        "dmean": 1.57474827766,
        "dmean2": 2.43626499176,
        "dvar": 3.40552949905,
        "dvar2": 6.34434890747,
        "max": 38,
        "mean": 10.5013551712,
        "median": 10,
        "min": 0,
        "var": 20.2755336761
    },
    "spectral_decrease": {
        "dmean": 3.61558805118e-09,
        "dmean2": 6.07881300851e-09,
        "dvar": 2.18020655795e-17,
        "dvar2": 5.05136766948e-17,
        "max": -2.57177769749e-13,
        "mean": -1.53912029788e-08,
        "median": -1.36365150283e-08,
        "min": -7.72420563067e-08,
        "var": 8.23206307495e-17
    },
    "spectral_energy": {
        "dmean": 0.0137831782922,
        "dmean2": 0.0230972040445,
        "dvar": 0.000315167242661,
        "dvar2": 0.000728319457266,
        "max": 0.296190232038,
        "mean": 0.0593401491642,
        "median": 0.0525292232633,
        "min": 9.8387693015e-07,
        "var": 0.00121244473848
    },
    "spectral_energyband_high": {
        "dmean": 0.000376923300792,
        "dmean2": 0.000611077994108,
        "dvar": 4.47474036491e-07,
        "dvar2": 9.71310669229e-07,
        "max": 0.0125245284289,
        "mean": 0.000441491865786,
        "median": 0.00019292748766,
        "min": 6.73570421661e-10,
        "var": 6.5704273311e-07
    },
    "spectral_energyband_low": {
        "dmean": 0.00988098885864,
        "dmean2": 0.0167063549161,
        "dvar": 0.000268976029474,
        "dvar2": 0.000688383006491,
        "max": 0.241718903184,
        "mean": 0.0357924774289,
        "median": 0.0288235750049,
        "min": 6.67683082156e-07,
        "var": 0.000781685637776
    },
    "spectral_energyband_middle_high": {
        "dmean": 0.000362954393495,
        "dmean2": 0.000510648824275,
        "dvar": 1.04975674731e-06,
        "dvar2": 2.27194527724e-06,
        "max": 0.0185418576002,
        "mean": 0.00112052145414,
        "median": 0.000589842151385,
        "min": 1.24084775788e-09,
        "var": 2.67405562226e-06
    },
    "spectral_energyband_middle_low": {
        "dmean": 0.00636403216049,
        "dmean2": 0.0102604124695,
        "dvar": 5.36974439456e-05,
        "dvar2": 0.000140171978273,
        "max": 0.0853426232934,
        "mean": 0.024625832215,
        "median": 0.0232180971652,
        "min": 5.18782485415e-07,
        "var": 0.000216371481656
    },
    "spectral_entropy": {
        "dmean": 0.391976177692,
        "dmean2": 0.577578246593,
        "dvar": 0.151533231139,
        "dvar2": 0.339891791344,
        "max": 8.24713802338,
        "mean": 6.64595651627,
        "median": 6.66631603241,
        "min": 4.79541015625,
        "var": 0.355039864779
    },
    "spectral_flux": {
        "dmean": 0.0272713880986,
        "dmean2": 0.0433401428163,
        "dvar": 0.000996906426735,
        "dvar2": 0.00217818538658,
        "max": 0.394625276327,
        "mean": 0.0869588255882,
        "median": 0.0752796530724,
        "min": 0.000991905690171,
        "var": 0.00222586817108
    },
    "spectral_kurtosis": {
        "dmean": 4.59104061127,
        "dmean2": 6.71485948563,
        "dvar": 33.0741004944,
        "dvar2": 65.4368743896,
        "max": 63.4159317017,
        "mean": 6.34013843536,
        "median": 4.04598093033,
        "min": -1.15826404095,
        "var": 57.4784164429
    },
    "spectral_rms": {
        "dmean": 0.000870415009558,
        "dmean2": 0.00145322165918,
        "dvar": 9.06815671442e-07,
        "dvar2": 1.99963642444e-06,
        "max": 0.0169990025461,
        "mean": 0.00728475069627,
        "median": 0.00715877255425,
        "min": 3.09819297399e-05,
        "var": 4.8251959015e-06
    },
    "spectral_rolloff": {
        "dmean": 99.5174789429,
        "dmean2": 182.551254272,
        "dvar": 164089.8125,
        "dvar2": 460499.21875,
        "max": 6395.36132812,
        "mean": 325.489654541,
        "median": 279.931640625,
        "min": 86.1328125,
        "var": 130036.554688
    },
    "spectral_skewness": {
        "dmean": 0.583750486374,
        "dmean2": 0.832662284374,
        "dvar": 0.373700559139,
        "dvar2": 0.767562389374,
        "max": 6.90084123611,
        "mean": 1.9824886322,
        "median": 1.7750852108,
        "min": 0.230156838894,
        "var": 0.885873019695
    },
    "spectral_spread": {
        "dmean": 1549279.125,
        "dmean2": 2150757.25,
        "dvar": 2.16898967962e+12,
        "dvar2": 4.68589949747e+12,
        "max": 19567066,
        "mean": 4784277,
        "median": 4363881,
        "min": 1125549,
        "var": 3.6804142039e+12
    },
    "spectral_strongpeak": {
        "dmean": 0.259686261415,
        "dmean2": 0.45663112402,
        "dvar": 0.210388913751,
        "dvar2": 0.584638535976,
        "max": 12.1631126404,
        "mean": 0.669736504555,
        "median": 0.594866573811,
        "min": 0,
        "var": 0.301041543484
    },
    "zerocrossingrate": {
        "dmean": 0.00743087660521,
        "dmean2": 0.0103095257655,
        "dvar": 7.37158916309e-05,
        "dvar2": 0.000109344226075,
        "max": 0.1123046875,
        "mean": 0.0233864597976,
        "median": 0.01953125,
        "min": 0.00341796875,
        "var": 0.000210229118238
    },
    "barkbands": {
        "dmean": [0.00408323528245, 0.00653015356511, 0.00318011501804, 0.00249008182436, 0.00338029931299, 0.00167560228147, 0.00103606050834, 0.000310379633447, 0.000416787486756, 0.000184767006431, 0.000110756453068, 6.54077157378e-05, 3.95456081606e-05, 3.23598542309e-05, 5.18645319971e-05, 4.26495244028e-05, 4.95201529702e-05, 3.46744527633e-05, 2.84743782686e-05, 3.68336077372e-05, 8.08650802355e-05, 5.46847986698e-05, 0.000110043358291, 0.000110021785076, 3.56311174983e-05, 2.33431318719e-08, 2.2804937938e-09],
        "dmean2": [0.00746005354449, 0.011020205915, 0.00520438235253, 0.00426980340853, 0.00568223744631, 0.00248938146979, 0.00141075556166, 0.000494558538776, 0.000623595726211, 0.000295844918583, 0.000171290448634, 0.000108243664727, 6.84693804942e-05, 5.2967468946e-05, 8.41712753754e-05, 6.52869275655e-05, 6.95775306667e-05, 4.75338056276e-05, 4.1642353608e-05, 5.28045347892e-05, 0.000113229187264, 9.16965072975e-05, 0.000192977560801, 0.000185963726835, 6.14137024968e-05, 4.14338003907e-08, 4.2139527423e-09],
        "dvar": [1.84079581231e-05, 0.000181931289262, 3.60980557161e-05, 1.32609484353e-05, 2.38847605942e-05, 8.00204452389e-06, 3.06292076857e-06, 1.03485785985e-06, 2.29818192565e-06, 6.71502334626e-07, 1.61882951488e-07, 1.30118877451e-07, 5.58848896048e-08, 1.97427141302e-08, 8.70806289299e-08, 1.94124929465e-08, 3.31788001517e-08, 6.8184733415e-09, 6.97751945111e-09, 5.69577229825e-09, 1.27771301095e-07, 1.79017742852e-08, 4.023344502e-08, 4.06051405832e-08, 3.96964283667e-09, 2.34710309761e-15, 1.32716124841e-17],
        "dvar2": [4.99731831951e-05, 0.000492410268635, 9.21284517972e-05, 3.87113177567e-05, 6.65245752316e-05, 1.76197263499e-05, 7.41694611861e-06, 2.82992232314e-06, 5.35327535545e-06, 1.88830870229e-06, 4.30063636259e-07, 3.78944008617e-07, 1.61358187256e-07, 5.34641131367e-08, 1.95345833731e-07, 5.138648973e-08, 5.1423192815e-08, 1.12345608372e-08, 1.56706381205e-08, 9.41272926269e-09, 1.80585672638e-07, 4.41324026212e-08, 1.07136806093e-07, 1.02623275211e-07, 1.07939115424e-08, 6.61851046787e-15, 4.28572598578e-17],
        "max": [0.0462153181434, 0.187851965427, 0.0833138301969, 0.036177881062, 0.0498838834465, 0.0316513255239, 0.0353564396501, 0.0164949130267, 0.0373754017055, 0.014495678246, 0.00662852684036, 0.00675854133442, 0.00371585227549, 0.0028364919126, 0.0100649828091, 0.00276178494096, 0.00759496632963, 0.00350417010486, 0.00196076789871, 0.00162393529899, 0.0112971784547, 0.00289658061229, 0.00243603531271, 0.00185438152403, 0.000505871197674, 5.2921581073e-07, 3.90581753607e-08],
        "mean": [0.00510095478967, 0.0180603135377, 0.0100240558386, 0.00724189169705, 0.00924750417471, 0.0038797587622, 0.00285895750858, 0.000479383190395, 0.000835447979625, 0.000296841288218, 0.000288980954792, 8.80063016666e-05, 4.27695667895e-05, 4.04412057833e-05, 6.58239951008e-05, 7.58977839723e-05, 0.000101174919109, 8.67636263138e-05, 5.93417025812e-05, 8.1126789155e-05, 0.000123935009469, 5.58999090572e-05, 8.76545673236e-05, 9.04482876649e-05, 2.66903734882e-05, 1.8653834033e-08, 2.02870142907e-09],
        "median": [0.0035882582888, 0.0135293519124, 0.00627114763483, 0.00483177509159, 0.00578150106594, 0.00186699803453, 0.0012727517169, 0.000196867098566, 0.000279491185211, 9.93667999865e-05, 3.6910714698e-05, 2.80041967926e-05, 1.14542699521e-05, 1.31180768221e-05, 8.77231923369e-06, 2.23519054998e-05, 2.35449479078e-05, 2.67525228992e-05, 2.37266540353e-05, 2.77711405943e-05, 2.87835046038e-05, 1.84068412636e-05, 2.1612706405e-05, 1.95797092601e-05, 6.14414466327e-06, 5.96120797169e-09, 8.45809700056e-10],
        "min": [4.2654360044e-08, 1.23366845628e-07, 2.97161875551e-07, 3.6509908341e-07, 1.39923884035e-07, 8.28423729615e-09, 3.6710767759e-09, 6.38579189527e-10, 1.11851439222e-09, 4.60142424163e-10, 2.3450508202e-10, 1.87934431906e-10, 7.13609171754e-11, 1.19368603543e-11, 1.84642405532e-11, 8.67130395266e-11, 3.89842810811e-11, 4.76430006557e-11, 8.03635630264e-11, 2.83978153492e-11, 1.03301887877e-10, 1.2476082667e-10, 9.12999953417e-11, 1.23279553232e-10, 8.63355220648e-11, 6.84614587243e-11, 6.69083677352e-11],
        "var": [2.55352533713e-05, 0.000330322480295, 0.000101426128822, 4.50672268926e-05, 8.84220717126e-05, 2.41299421759e-05, 1.76071371243e-05, 9.43576878853e-07, 3.93110667574e-06, 5.54074517822e-07, 3.74861173214e-07, 8.10387348338e-08, 3.34739596042e-08, 1.52448702551e-08, 1.37778556564e-07, 2.56974814761e-08, 1.17968156133e-07, 4.18050767337e-08, 1.40235716373e-08, 2.38913688833e-08, 2.61350834307e-07, 1.86021278381e-08, 3.23629265608e-08, 3.95722885571e-08, 2.86505597025e-09, 1.52474369072e-15, 1.08113035456e-17]
    },
    "erbbands": {
        "dmean": [0.267040967941, 1.39992618561, 3.38896608353, 5.61157941818, 11.371219635, 11.5464839935, 13.5581035614, 10.8028917313, 19.5747356415, 5.76505231857, 8.26379394531, 11.2471857071, 5.3106303215, 5.98574018478, 4.44730806351, 2.88810038567, 1.89318096638, 1.50502860546, 2.90523195267, 1.98298633099, 2.57121896744, 2.32918453217, 1.53009355068, 1.55105304718, 1.38366162777, 1.74740564823, 5.06395292282, 1.34918630123, 1.73458814621, 2.7612080574, 3.1972258091, 2.59225153923, 1.5969697237, 0.720072746277, 0.0673393234611, 0.00288669322617, 0.000139771567774, 1.82300627785e-05, 7.89646946942e-06, 1.50267624122e-05],
        "dmean2": [0.450102418661, 2.31619143486, 5.65048551559, 9.35897731781, 20.3651027679, 18.8383731842, 19.5041828156, 16.982170105, 26.9803848267, 8.73223209381, 12.8213262558, 16.4095001221, 8.26692581177, 9.66855716705, 6.80073833466, 4.66267299652, 3.27030992508, 2.49876928329, 4.89768505096, 3.20426416397, 3.70402145386, 3.13203120232, 2.09714317322, 2.04489612579, 1.98362052441, 2.46703505516, 6.89656925201, 2.12833404541, 2.92583322525, 4.69793462753, 5.61309480667, 4.35756063461, 2.72718238831, 1.240260005, 0.115581274033, 0.00494271563366, 0.000237397587625, 3.09464739985e-05, 1.25986362036e-05, 2.48306641879e-05],
        "dvar": [0.250975817442, 8.32458496094, 39.9010734558, 92.3632507324, 221.731048584, 320.559997559, 923.065856934, 371.621856689, 931.582519531, 456.806945801, 556.900695801, 1941.21862793, 336.742492676, 578.427734375, 263.584869385, 193.302947998, 118.006484985, 50.6881370544, 347.54598999, 52.7859344482, 57.4058074951, 66.8977813721, 14.6264505386, 16.5299510956, 27.524974823, 13.722782135, 586.07800293, 7.78605556488, 15.4542827606, 29.6025161743, 34.5303421021, 23.0059947968, 7.75970888138, 1.54474186897, 0.0156885571778, 2.80510957964e-05, 5.90369495512e-08, 9.20621912037e-10, 8.6612883532e-11, 3.63736235576e-10],
        "dvar2": [0.672680020332, 23.1104621887, 101.376243591, 233.097320557, 698.404418945, 810.774597168, 1876.03295898, 990.508544922, 2098.46533203, 1280.74609375, 1432.36987305, 4310.46289062, 892.903137207, 1589.17834473, 693.382568359, 552.656311035, 340.018249512, 138.261947632, 882.486816406, 135.816894531, 131.582962036, 91.8200759888, 27.7729873657, 21.8573818207, 62.1371154785, 22.8242435455, 834.278869629, 13.6867618561, 38.2218208313, 74.8150024414, 91.6771697998, 58.5214920044, 20.0705318451, 4.18262195587, 0.0422407612205, 7.53838612582e-05, 1.58001398631e-07, 2.44542941452e-09, 1.99201294349e-10, 8.3339446455e-10],
        "max": [6.41974878311, 38.0005187988, 80.5287780762, 110.331939697, 178.339035034, 240.09992981, 422.203338623, 334.53704834, 519.420959473, 433.379058838, 394.748596191, 1183.68945312, 292.506622314, 499.63180542, 263.070373535, 230.928817749, 164.776870728, 103.500869751, 535.742736816, 199.73664856, 176.16998291, 351.974121094, 110.426177979, 220.142364502, 139.820922852, 101.190498352, 768.94342041, 77.5032730103, 95.7107162476, 80.0220565796, 94.0953521729, 49.4638252258, 24.9390487671, 10.2102251053, 1.1157271862, 0.0478721521795, 0.00216670497321, 0.000262130488409, 0.00013889100228, 0.000325578264892],
        "mean": [0.546431720257, 3.95387625694, 11.6293935776, 20.3385543823, 24.6005821228, 33.8878135681, 31.5210971832, 27.0704097748, 54.7050857544, 12.1512327194, 13.863735199, 22.1733264923, 10.7630491257, 10.6071157455, 11.4806890488, 4.48786592484, 2.3499724865, 1.89039301872, 3.44159722328, 3.10558533669, 5.25461101532, 5.45949792862, 3.83811283112, 3.95482635498, 2.76222038269, 4.15351295471, 8.22626876831, 1.84280610085, 1.79936683178, 2.38383150101, 2.53113603592, 2.19159150124, 1.29240298271, 0.547925412655, 0.05076456815, 0.00222265603952, 0.000127560415422, 1.73953976628e-05, 3.04695986415e-05, 6.62374077365e-05],
        "median": [0.286478817463, 3.28237175941, 7.16956949234, 14.3757238388, 16.4269580841, 15.0987300873, 9.20880508423, 10.9502410889, 25.1491756439, 5.85341405869, 6.69413948059, 6.39443635941, 3.99852705002, 3.59197211266, 1.64571523666, 1.42282068729, 0.832604587078, 0.644613564014, 0.655183970928, 0.949197173119, 1.58135271072, 1.60174643993, 1.27027845383, 1.555798769, 1.08101844788, 1.48676216602, 1.72966122627, 0.790556550026, 0.637268483639, 0.60821723938, 0.596259713173, 0.452271938324, 0.32243937254, 0.131752997637, 0.0107106314972, 0.000513703911565, 4.89598751301e-05, 7.38699691283e-06, 2.66143470071e-05, 5.85570596741e-05],
        "min": [5.17522130394e-06, 2.60765991698e-05, 0.000221669746679, 0.000992859713733, 0.0008723778883, 0.000326943263644, 7.0810172474e-05, 8.73105964274e-05, 7.81662383815e-05, 1.92794068425e-05, 1.65569563251e-05, 3.18757738569e-05, 1.24902617245e-05, 1.61545649462e-05, 8.44607529871e-06, 7.55886185289e-06, 4.8288529797e-06, 1.11147892312e-06, 8.0766596966e-07, 1.39053656767e-06, 5.3360236052e-06, 2.60837305177e-06, 2.97838641927e-06, 3.46991942024e-06, 2.90231650979e-06, 1.50957180267e-06, 2.57447368313e-06, 5.14752582603e-06, 3.08657013193e-06, 4.86674889544e-06, 2.67654104391e-06, 2.52607219409e-06, 1.68357280472e-06, 1.41256725783e-06, 4.73395090239e-07, 3.08038494268e-07, 1.09409086235e-07, 2.78554868061e-08, 9.64756896593e-09, 2.1861232824e-09],
        "var": [0.490553855896, 12.9738826752, 133.50970459, 330.240447998, 570.272338867, 1830.36242676, 2121.09667969, 1332.3840332, 7855.60595703, 424.461425781, 601.04888916, 3636.80639648, 392.987365723, 572.119262695, 575.724609375, 141.378204346, 71.3256835938, 37.3017425537, 420.24041748, 63.4220314026, 125.398025513, 255.156158447, 65.1284942627, 86.6672973633, 48.1966552734, 71.2152862549, 1193.69921875, 15.679813385, 16.5906410217, 26.7262382507, 28.877828598, 23.7223167419, 6.79918479919, 1.14111995697, 0.0113596357405, 2.05743017432e-05, 4.58571065565e-08, 7.61784801906e-10, 3.1001715084e-10, 1.46797873857e-09]
    },
    "gfcc": {
        "mean": [-48.626083374, 149.624450684, -78.3869628906, 69.561050415, -76.2515945435, 14.0296602249, -31.4141139984, 2.16819739342, -7.09735679626, -21.1327457428, 4.77316856384, -19.3643016815, 10.4975156784],
        "cov": [[3553.79663086, -545.820068359, -937.737792969, 100.877456665, -179.634613037, 227.423675537, -6.48672771454, 226.711853027, -1.10946953297, 87.0455169678, -29.8162727356, 77.3287506104, 37.8372306824], [-545.820068359, 876.586242676, -127.020523071, -362.188140869, 261.286682129, -283.775695801, 255.032653809, -94.217124939, 32.2599449158, -88.4217834473, 93.9746780396, -16.253156662, 45.6800804138], [-937.737792969, -127.020523071, 989.977844238, 31.9762382507, -220.991912842, 247.174484253, -78.7805480957, -72.1131362915, -34.9695167542, 22.5060310364, 26.0186958313, 24.6306476593, -41.0975532532], [100.877456665, -362.188140869, 31.9762382507, 394.581481934, 57.4892044067, 9.3558549881, -92.0744552612, 2.00862503052, 13.8879165649, 38.2156524658, -40.3602600098, -35.9069900513, 4.82252979279], [-179.634613037, 261.286682129, -220.991912842, 57.4892044067, 380.691802979, -110.964332581, 70.5079727173, -15.6343345642, 54.287197113, -29.9538383484, 10.227517128, -44.6404380798, 8.41177177429], [227.423675537, -283.775695801, 247.174484253, 9.3558549881, -110.964332581, 377.402648926, 10.6373529434, 44.4943466187, -14.9543924332, 25.7035484314, -14.7789506912, 12.1953201294, -68.2989349365], [-6.48672771454, 255.032653809, -78.7805480957, -92.0744552612, 70.5079727173, 10.6373529434, 311.779663086, 30.3005123138, -2.7487449646, -16.6806755066, 28.8429508209, -31.0345458984, -13.2765045166], [226.711853027, -94.217124939, -72.1131362915, 2.00862503052, -15.6343345642, 44.4943466187, 30.3005123138, 140.439147949, 22.9225826263, -18.3732433319, -9.05171585083, 22.8017215729, -20.1449584961], [-1.10946953297, 32.2599449158, -34.9695167542, 13.8879165649, 54.287197113, -14.9543924332, -2.7487449646, 22.9225826263, 96.2292480469, 8.19258308411, 6.33973503113, 20.9499397278, 5.4982419014], [87.0455169678, -88.4217834473, 22.5060310364, 38.2156524658, -29.9538383484, 25.7035484314, -16.6806755066, -18.3732433319, 8.19258308411, 105.30872345, 19.6074466705, -8.46599006653, 16.1038455963], [-29.8162727356, 93.9746780396, 26.0186958313, -40.3602600098, 10.227517128, -14.7789506912, 28.8429508209, -9.05171585083, 6.33973503113, 19.6074466705, 96.6584854126, 31.6041431427, -11.6712236404], [77.3287506104, -16.253156662, 24.6306476593, -35.9069900513, -44.6404380798, 12.1953201294, -31.0345458984, 22.8017215729, 20.9499397278, -8.46599006653, 31.6041431427, 95.6298828125, 13.4959058762], [37.8372306824, 45.6800804138, -41.0975532532, 4.82252979279, 8.41177177429, -68.2989349365, -13.2765045166, -20.1449584961, 5.4982419014, 16.1038455963, -11.6712236404, 13.4959058762, 77.1157836914]],
        "icov": [[0.000836007297039, -0.00222802837379, 0.00165875337552, -0.00228199339472, 0.00194287055638, -0.00237370026298, 0.00118080177344, -0.00140430673491, 0.00085390068125, -0.00120040541515, 0.000410027394537, -0.000819275621325, -0.000146252612467], [-0.00222802837379, 0.0370084643364, -0.0101220663637, 0.0317449755967, -0.021338827908, 0.0222118832171, -0.0180669371039, 0.0170296896249, -0.0120811238885, 0.0189726147801, -0.0163256470114, 0.0113770598546, -0.0124329896644], [0.00165875337552, -0.0101220663637, 0.0058943904005, -0.00956319458783, 0.00765624037012, -0.00868305377662, 0.00525376619771, -0.00399673869833, 0.00313380733132, -0.00449714297429, 0.00262807682157, -0.00305327028036, 0.00190414965618], [-0.00228199339472, 0.0317449755967, -0.00956319458783, 0.0307378433645, -0.0196290388703, 0.0196674000472, -0.0144629813731, 0.0139748547226, -0.0103697720915, 0.0147161232308, -0.0124561889097, 0.0106602553278, -0.0100675085559], [0.00194287055638, -0.021338827908, 0.00765624037012, -0.0196290388703, 0.0173756461591, -0.0137110678479, 0.00982562359422, -0.00897833798081, 0.00411746418104, -0.00851966906339, 0.00682903453708, -0.00404446804896, 0.00552907399833], [-0.00237370026298, 0.0222118832171, -0.00868305377662, 0.0196674000472, -0.0137110678479, 0.0196208897978, -0.0117428209633, 0.00962241832167, -0.0065967454575, 0.00870822928846, -0.00598958320916, 0.0047245118767, -0.00156645278912], [0.00118080177344, -0.0180669371039, 0.00525376619771, -0.0144629813731, 0.00982562359422, -0.0117428209633, 0.0132251102477, -0.00979016907513, 0.0060714893043, -0.0084053138271, 0.00552208581939, -0.00266098533757, 0.00469827093184], [-0.00140430673491, 0.0170296896249, -0.00399673869833, 0.0139748547226, -0.00897833798081, 0.00962241832167, -0.00979016907513, 0.0181632749736, -0.00808817707002, 0.0102321971208, -0.00565447518602, 0.00230227503926, -0.00266044028103], [0.00085390068125, -0.0120811238885, 0.00313380733132, -0.0103697720915, 0.00411746418104, -0.0065967454575, 0.0060714893043, -0.00808817707002, 0.0177653636783, -0.00955360382795, 0.00698480289429, -0.0085305403918, 0.0049751708284], [-0.00120040541515, 0.0189726147801, -0.00449714297429, 0.0147161232308, -0.00851966906339, 0.00870822928846, -0.0084053138271, 0.0102321971208, -0.00955360382795, 0.0245188381523, -0.0155510511249, 0.011856932193, -0.0129664530978], [0.000410027394537, -0.0163256470114, 0.00262807682157, -0.0124561889097, 0.00682903453708, -0.00598958320916, 0.00552208581939, -0.00565447518602, 0.00698480289429, -0.0155510511249, 0.0259080212563, -0.0148616693914, 0.0143443578854], [-0.000819275621325, 0.0113770598546, -0.00305327028036, 0.0106602553278, -0.00404446804896, 0.0047245118767, -0.00266098533757, 0.00230227503926, -0.0085305403918, 0.011856932193, -0.0148616693914, 0.0234751626849, -0.012087771669], [-0.000146252612467, -0.0124329896644, 0.00190414965618, -0.0100675085559, 0.00552907399833, -0.00156645278912, 0.00469827093184, -0.00266044028103, 0.0049751708284, -0.0129664530978, 0.0143443578854, -0.012087771669, 0.0268112812191]]
    },
    "melbands": {
        "dmean": [0.00212653609924, 0.00168109219521, 0.0011214108672, 0.00083850347437, 0.000450007675681, 0.00027969412622, 0.000274942780379, 5.46967276023e-05, 7.17421353329e-05, 6.65282568661e-05, 2.50167504419e-05, 2.52993850154e-05, 1.70311432157e-05, 6.99173415342e-06, 5.96167410549e-06, 3.84574241252e-06, 2.58615318671e-06, 4.75961769553e-06, 3.42087378158e-06, 2.26661245506e-06, 3.82717917091e-06, 3.0070025332e-06, 2.2284118586e-06, 1.52404459186e-06, 1.31151898586e-06, 1.21112066154e-06, 9.38565847264e-07, 1.27965336105e-06, 3.39916209668e-06, 1.54034887601e-06, 7.1770523391e-07, 8.61184901169e-07, 1.3513712247e-06, 1.63520803653e-06, 1.79765834218e-06, 1.84822988558e-06, 1.52731365688e-06, 1.23231711768e-06, 8.58473356402e-07, 5.27137387962e-07],
        "dmean2": [0.00360745401122, 0.00284751271829, 0.00191482796799, 0.00144616945181, 0.000654988922179, 0.000424893165473, 0.000381127349101, 8.38490523165e-05, 0.000112161345896, 9.78641037364e-05, 3.95755268983e-05, 4.10491556977e-05, 2.58945292444e-05, 1.16420833365e-05, 1.00018050944e-05, 6.58802309772e-06, 4.29880446973e-06, 8.05101080914e-06, 5.48360640096e-06, 3.6882445329e-06, 5.49950709683e-06, 4.1646394493e-06, 3.25186374539e-06, 2.18681157094e-06, 1.7277139932e-06, 1.82205667443e-06, 1.3471328657e-06, 1.86341856079e-06, 4.66716483061e-06, 2.14767692341e-06, 1.21594189295e-06, 1.4677185618e-06, 2.25980033974e-06, 2.81597908725e-06, 3.17025956065e-06, 3.2204791296e-06, 2.52890777119e-06, 2.09177596844e-06, 1.5060431906e-06, 9.03866805402e-07],
        "dvar": [1.62951546372e-05, 9.9151966424e-06, 2.55975282926e-06, 1.45274020724e-06, 7.88741601809e-07, 2.1280389717e-07, 1.8070925023e-07, 5.40750413336e-08, 4.24657109477e-08, 6.85454040195e-08, 9.23757070836e-09, 1.16247100834e-08, 3.44547235187e-09, 1.72119141162e-09, 1.01432140465e-09, 4.68602823211e-10, 1.36106334536e-10, 9.29653021231e-10, 2.46432318995e-10, 8.61066634661e-11, 1.16978704501e-10, 1.54928236906e-10, 3.74602120157e-11, 1.80407373068e-11, 1.2887668363e-11, 1.90987434201e-11, 7.56346894837e-12, 6.29427976753e-12, 2.24712845553e-10, 4.68431092526e-11, 1.59962375377e-12, 2.85347635277e-12, 1.95267517433e-11, 9.56387746776e-12, 1.10743090045e-11, 1.14069023324e-11, 8.25885280303e-12, 5.68992119046e-12, 2.04755093089e-12, 9.24108988117e-13],
        "dvar2": [4.41880329163e-05, 2.54671922448e-05, 7.16121530786e-06, 4.39250425188e-06, 1.66351514963e-06, 5.28250552634e-07, 4.17655456886e-07, 1.53578923801e-07, 1.08315191483e-07, 1.53889345711e-07, 2.5107196322e-08, 3.21861897135e-08, 8.83961437381e-09, 5.02512031986e-09, 2.95246849191e-09, 1.34779720717e-09, 3.64532209973e-10, 2.52864906791e-09, 5.00254893065e-10, 2.33873254096e-10, 2.45547693289e-10, 2.12878908945e-10, 7.71549560352e-11, 3.61954285988e-11, 1.69187684695e-11, 4.49428758098e-11, 1.38889221304e-11, 1.16359534855e-11, 3.256890313e-10, 6.52575701809e-11, 4.06348305698e-12, 7.35213279146e-12, 4.75002571998e-11, 2.48158663757e-11, 2.9230368126e-11, 3.05807844325e-11, 2.03162313361e-11, 1.44662840734e-11, 5.54016945167e-12, 2.5021107148e-12],
        "max": [0.053136292845, 0.0369156599045, 0.0181215535849, 0.0120831197128, 0.0117815928534, 0.00706381257623, 0.00751827377826, 0.00481414282694, 0.00357111496851, 0.00698700174689, 0.00155154627282, 0.00224198331125, 0.000852197175846, 0.000839833519422, 0.000482790026581, 0.000374198163627, 0.000165857869433, 0.000715835252777, 0.00056457775645, 0.000200794223929, 0.000270470802207, 0.000539796019439, 0.00016058566689, 0.000133638139232, 0.000192635387066, 9.33697810979e-05, 7.2501534305e-05, 6.00965504418e-05, 0.000466473400593, 0.000216914879275, 1.47226601257e-05, 3.67825705325e-05, 9.77897070698e-05, 2.37068361457e-05, 5.25836621819e-05, 3.45917214872e-05, 3.20166727761e-05, 2.39735018113e-05, 1.31522319862e-05, 8.66953814693e-06],
        "mean": [0.00517788575962, 0.00592206884176, 0.00359909422696, 0.00205043330789, 0.00123193161562, 0.000714662368409, 0.000757274043281, 0.000101376448583, 0.000121166311146, 0.000131730252178, 4.68904472655e-05, 4.01036377298e-05, 4.67120189569e-05, 9.97488677967e-06, 7.82975803304e-06, 4.61657691631e-06, 3.08491212309e-06, 5.21066795045e-06, 4.94426330988e-06, 3.39558800988e-06, 7.53277072363e-06, 6.09669496043e-06, 4.2546325858e-06, 3.49920060216e-06, 3.19767423207e-06, 2.17319575313e-06, 1.85087549198e-06, 2.77922981695e-06, 5.56497434445e-06, 2.34654316955e-06, 7.81573419317e-07, 9.05622414393e-07, 1.2963903373e-06, 1.32117281737e-06, 1.38326618071e-06, 1.53268615577e-06, 1.28614192363e-06, 1.01115847428e-06, 6.4475148065e-07, 4.00095160558e-07],
        "median": [0.00379653298296, 0.00457327347249, 0.00298957503401, 0.00122808211017, 0.000388635788113, 0.000293087825412, 0.000356500415364, 4.89522280986e-05, 5.50616387045e-05, 3.78350632673e-05, 1.5569587049e-05, 1.26974309751e-05, 5.81114409215e-06, 3.10491986966e-06, 2.76677064903e-06, 1.44132104651e-06, 1.0510791526e-06, 7.81849394116e-07, 8.02145848411e-07, 1.15184616334e-06, 2.05633614314e-06, 1.4310556935e-06, 1.07534026483e-06, 1.0874466625e-06, 1.18407103855e-06, 7.47415128899e-07, 6.54098130326e-07, 8.97575660019e-07, 1.02199533103e-06, 6.16969202838e-07, 3.02381010897e-07, 3.26400225958e-07, 3.33595124857e-07, 3.0566593523e-07, 3.14321567885e-07, 3.3534627164e-07, 2.40152047581e-07, 2.3932918225e-07, 1.53195813368e-07, 9.16238178661e-08],
        "min": [4.18547010383e-08, 8.94749874192e-08, 1.68906282738e-07, 4.1944602458e-08, 3.79379683224e-09, 1.88506743548e-09, 1.06282682655e-09, 1.59543461775e-10, 1.33481087294e-10, 1.90529397814e-10, 5.59110882592e-11, 6.74587399829e-11, 3.04695817188e-11, 1.37840329428e-11, 2.37435730799e-11, 5.5207778453e-12, 1.4821602062e-12, 1.09444419673e-12, 1.58506389437e-12, 3.35852309505e-12, 6.37812979515e-12, 2.3151730099e-12, 2.66611797743e-12, 2.68826779413e-12, 2.79616477541e-12, 3.04164375978e-12, 1.05658710947e-12, 9.52176705538e-13, 1.26989716485e-12, 2.40686832444e-12, 2.92228242472e-12, 1.41230744547e-12, 2.9198234542e-12, 2.49172991268e-12, 1.65645069276e-12, 1.18758421066e-12, 1.68649447706e-12, 1.07571232737e-12, 1.33366234722e-12, 1.2080358415e-12],
        "var": [2.89234249067e-05, 2.78203788184e-05, 7.05189722794e-06, 4.02653495257e-06, 2.57912279267e-06, 1.00256090718e-06, 1.36994128752e-06, 4.38386997814e-08, 4.63537155326e-08, 1.2596575516e-07, 9.53046441765e-09, 1.06066249117e-08, 9.63115898145e-09, 1.05709108134e-09, 6.2938304568e-10, 2.90601709363e-10, 1.02857111717e-10, 9.29433696673e-10, 4.83363571391e-10, 6.99505592339e-11, 2.96531937893e-10, 4.95192165051e-10, 8.25547685768e-11, 7.53834217271e-11, 6.23006993217e-11, 3.06422491547e-11, 1.80848530595e-11, 3.33778248096e-11, 4.63776378412e-10, 9.69850727506e-11, 1.77454351127e-12, 3.27461473736e-12, 1.94460298558e-11, 7.77365498361e-12, 9.11645325202e-12, 9.93115052e-12, 9.08759699436e-12, 5.16469029002e-12, 1.51948429967e-12, 6.73188393051e-13]
    },
    "mfcc": {
        "mean": [-688.53729248, 145.278167725, 61.8555107117, 44.1039657593, 8.57520008087, 1.96291279793, 0.893839657307, 8.81202602386, 1.33646965027, 2.24091029167, -8.01032924652, 3.92822360992, 0.580791175365],
        "cov": [[4184.68066406, -776.73260498, -890.324462891, -160.549758911, -162.108795166, -99.3229751587, -17.0758266449, 108.32484436, 124.717887878, 7.27633523941, -24.4684028625, 171.329086304, 17.6890926361], [-776.73260498, 1208.7532959, -331.50213623, -37.8794822693, -143.274902344, -95.4943161011, 103.846664429, 6.66984033585, -13.8145103455, -55.1503067017, -19.5999717712, 12.9601898193, 49.0306282043], [-890.324462891, -331.50213623, 1148.95117188, -219.130447388, -4.49319982529, 165.164657593, -14.1732473373, -13.1458787918, -88.8385314941, -4.59471607208, 32.4580535889, -101.834022522, 29.9958362579], [-160.549758911, -37.8794822693, -219.130447388, 406.144836426, 103.406059265, -53.7491722107, -32.9931297302, -63.9149093628, 15.7791805267, 14.1355733871, -36.1561393738, 12.0720129013, -49.5233917236], [-162.108795166, -143.274902344, -4.49319982529, 103.406059265, 269.782318115, 38.5276451111, -74.7789001465, -24.4085731506, -18.2697982788, 9.31697559357, 8.22137260437, -22.9277420044, -30.7263908386], [-99.3229751587, -95.4943161011, 165.164657593, -53.7491722107, 38.5276451111, 195.692871094, 51.8232841492, -12.0726413727, 1.24466466904, 34.100605011, 19.6708221436, -18.6496124268, 11.9783296585], [-17.0758266449, 103.846664429, -14.1732473373, -32.9931297302, -74.7789001465, 51.8232841492, 177.148025513, 52.4332695007, 10.9675788879, 29.3483467102, 20.3490066528, 16.8828525543, 26.7152347565], [108.32484436, 6.66984033585, -13.1458787918, -63.9149093628, -24.4085731506, -12.0726413727, 52.4332695007, 177.332336426, 35.1012458801, -10.2293434143, 34.5608673096, 22.8504695892, 21.9483070374], [124.717887878, -13.8145103455, -88.8385314941, 15.7791805267, -18.2697982788, 1.24466466904, 10.9675788879, 35.1012458801, 125.859916687, 17.0090885162, -18.6782646179, 28.7692260742, 8.96607398987], [7.27633523941, -55.1503067017, -4.59471607208, 14.1355733871, 9.31697559357, 34.100605011, 29.3483467102, -10.2293434143, 17.0090885162, 97.8203277588, 14.1893081665, -17.922794342, 1.91586375237], [-24.4684028625, -19.5999717712, 32.4580535889, -36.1561393738, 8.22137260437, 19.6708221436, 20.3490066528, 34.5608673096, -18.6782646179, 14.1893081665, 84.5437240601, 5.61810159683, 11.3393106461], [171.329086304, 12.9601898193, -101.834022522, 12.0720129013, -22.9277420044, -18.6496124268, 16.8828525543, 22.8504695892, 28.7692260742, -17.922794342, 5.61810159683, 120.148452759, 25.4601383209], [17.6890926361, 49.0306282043, 29.9958362579, -49.5233917236, -30.7263908386, 11.9783296585, 26.7152347565, 21.9483070374, 8.96607398987, 1.91586375237, 11.3393106461, 25.4601383209, 85.1616744995]],
