{
"lowlevel": {
    "average_loudness": 0.852859199047,
    "barkbands_crest": {
        "dmean": 2.29085850716,
        "dmean2": 3.87753534317,
        "dvar": 5.27064800262,
        "dvar2": 14.3677377701,
        "max": 25.8247127533,
        "mean": 12.5231370926,
        "median": 11.3845014572,
        "min": 3.56712150574,
        "var": 23.0166168213
    },
    "barkbands_flatness_db": {
        "dmean": 0.0218412280083,
        "dmean2": 0.0347204767168,
        "dvar": 0.000500396708958,
        "dvar2": 0.00110507872887,
        "max": 0.449723213911,
        "mean": 0.216785028577,
        "median": 0.212522014976,
        "min": 0.0832778215408,
        "var": 0.00321374251507
    },
    "barkbands_kurtosis": {
        "dmean": 4.60262155533,
        "dmean2": 7.3441529274,
        "dvar": 75.9511184692,
        "dvar2": 169.091674805,
        "max": 289.803649902,
        "mean": 11.8190727234,
        "median": 7.35907363892,
        "min": -1.80301702023,
        "var": 284.433929443
    },
    "barkbands_skewness": {
        "dmean": 0.567840695381,
        "dmean2": 0.895239651203,
        "dvar": 0.46644616127,
        "dvar2": 1.01189148426,
        "max": 14.5549383163,
        "mean": 2.66330981255,
        "median": 2.43481755257,
        "min": -5.36824035645,
        "var": 2.39000868797
    },
    "barkbands_spread": {
        "dmean": 3.72928309441,
        "dmean2": 5.84575939178,
        "dvar": 32.9984169006,
        "dvar2": 74.9158859253,
        "max": 79.9890518188,
        "mean": 13.2817716599,
        "median": 10.4954738617,
        "min": 0.423105299473,
        "var": 108.403915405
    },
    "dissonance": {
        "dmean": 0.017059225589,
        "dmean2": 0.0283575579524,
        "dvar": 0.000233998420299,
        "dvar2": 0.000606471614446,
        "max": 0.499852180481,
        "mean": 0.458155184984,
        "median": 0.461975723505,
        "min": 0.320294350386,
        "var": 0.00061618827749
    },
    "dynamic_complexity": 5.27080345154,
    "erbbands_crest": {
        "dmean": 2.02220129967,
        "dmean2": 3.27339816093,
        "dvar": 4.1510643959,
        "dvar2": 10.0737571716,
        "max": 28.0902786255,
        "mean": 7.78380918503,
        "median": 7.01842308044,
        "min": 2.69563055038,
        "var": 10.8181200027
    },
    "erbbands_flatness_db": {
        "dmean": 0.0122594507411,
        "dmean2": 0.0178959127516,
        "dvar": 0.00017026248679,
        "dvar2": 0.000328580063069,
        "max": 0.350342869759,
        "mean": 0.180666908622,
        "median": 0.178981378675,
        "min": 0.0972519442439,
        "var": 0.00134494144004
    },
    "erbbands_kurtosis": {
        "dmean": 0.710954844952,
        "dmean2": 1.11328303814,
        "dvar": 1.89625895023,
        "dvar2": 4.35282850266,
        "max": 36.5012283325,
        "mean": 0.128620937467,
        "median": -0.324140548706,
        "min": -1.78314781189,
        "var": 4.227247715
    },
    "erbbands_skewness": {
        "dmean": 0.303913295269,
        "dmean2": 0.46103900671,
        "dvar": 0.109844505787,
        "dvar2": 0.229883775115,
        "max": 4.03811359406,
        "mean": 0.371263504028,
        "median": 0.386457920074,
        "min": -4.5824971199,
        "var": 0.552398502827
    },
    "erbbands_spread": {
        "dmean": 7.62110948563,
        "dmean2": 11.5918626785,
        "dvar": 80.9613723755,
        "dvar2": 175.867782593,
        "max": 123.379608154,
        "mean": 43.2909393311,
        "median": 40.0787887573,
        "min": 2.5769970417,
        "var": 308.457122803
    },
    "hfc": {
        "dmean": 5.08873271942,
        "dmean2": 8.16498661041,
        "dvar": 200.080230713,
        "dvar2": 523.076721191,
        "max": 188.296554565,
        "mean": 12.1278686523,
        "median": 6.57615375519,
        "min": 1.18168736662e-05,
        "var": 296.840942383
    },
    "melbands_crest": {
        "dmean": 2.65203523636,
        "dmean2": 4.45900726318,
        "dvar": 6.36828041077,
        "dvar2": 17.1859531403,
        "max": 34.1803016663,
        "mean": 16.3864002228,
        "median": 15.7153682709,
        "min": 4.52777481079,
        "var": 23.3970336914
    },
    "melbands_flatness_db": {
        "dmean": 0.0258266851306,
        "dmean2": 0.0394251830876,
        "dvar": 0.00082915724488,
        "dvar2": 0.00167628249619,
        "max": 0.541601419449,
        "mean": 0.271439433098,
        "median": 0.2674741745,
        "min": 0.027503984049,
        "var": 0.00558144692332
    },
    "melbands_kurtosis": {
        "dmean": 11.1066999435,
        "dmean2": 17.8245334625,
        "dvar": 327.965515137,
        "dvar2": 813.328674316,
        "max": 390.495391846,
        "mean": 29.4863452911,
        "median": 20.5877475739,
        "min": -1.86388742924,
        "var": 1011.81884766
    },
    "melbands_skewness": {
        "dmean": 0.799565017223,
        "dmean2": 1.26958835125,
        "dvar": 0.880171477795,
        "dvar2": 2.00849103928,
        "max": 14.0588769913,
        "mean": 4.01947069168,
        "median": 3.73487591743,
        "min": -3.33597517014,
        "var": 3.69142699242
    },
    "melbands_spread": {
        "dmean": 3.91862154007,
        "dmean2": 6.24366664886,
        "dvar": 74.7766036987,
        "dvar2": 168.273086548,
        "max": 192.894195557,
        "mean": 12.0308952332,
        "median": 8.5374879837,
        "min": 0.439651459455,
        "var": 196.36769104
    },
    "pitch_salience": {
        "dmean": 0.0639892891049,
        "dmean2": 0.106084480882,
        "dvar": 0.00393878156319,
        "dvar2": 0.0101884678006,
        "max": 0.836863815784,
        "mean": 0.488981038332,
        "median": 0.50788718462,
        "min": 0.0868291482329,
        "var": 0.0160560626537
    },
    "silence_rate_20dB": {
        "dmean": 0,
        "dmean2": 0,
        "dvar": 0,
        "dvar2": 0,
        "max": 1,
        "mean": 1,
        "median": 1,
        "min": 1,
        "var": 0
    },
    "silence_rate_30dB": {
        "dmean": 0.0433436520398,
        "dmean2": 0.0867208689451,
        "dvar": 0.0414640568197,
        "dvar2": 0.099332459271,
        "max": 1,
        "mean": 0.965570628643,
        "median": 1,
        "min": 0,
        "var": 0.0332432352006
    },
    "silence_rate_60dB": {
        "dmean": 0.0139318881556,
        "dmean2": 0.027874564752,
        "dvar": 0.0137379635125,
        "dvar2": 0.0286460909992,
        "max": 1,
        "mean": 0.1586073488,
        "median": 0,
        "min": 0,
        "var": 0.133451342583
    },
    "spectral_centroid": {
        "dmean": 198.339294434,
        "dmean2": 313.141052246,
        "dvar": 92258.3203125,
        "dvar2": 187192.4375,
        "max": 5003.01464844,
        "mean": 840.41595459,
        "median": 680.044311523,
        "min": 154.315429688,
        "var": 320915.5625
    },
    "spectral_complexity": {
        "dmean": 2.90015482903,
        "dmean2": 4.53039121628,
        "dvar": 18.5238361359,
        "dvar2": 36.9853019714,
        "max": 62,
        "mean": 13.623210907,
        "median": 11,
        "min": 0,
        "var": 103.483634949
    },
    "spectral_decrease": {
        "dmean": 3.31709371082e-09,
        "dmean2": 5.72162406343e-09,
        "dvar": 5.01283594219e-17,
        "dvar2": 1.36807361805e-16,
        "max": -1.07411316305e-14,
        "mean": -7.80772424491e-09,
        "median": -6.20050455424e-09,
        "min": -8.98088217127e-08,
        "var": 6.42828920841e-17
    },
    "spectral_energy": {
        "dmean": 0.0129169300199,
        "dmean2": 0.0222389716655,
        "dvar": 0.00076791702304,
        "dvar2": 0.00209182011895,
        "max": 0.354747891426,
        "mean": 0.0305681470782,
        "median": 0.0239909738302,
        "min": 4.16113401513e-08,
        "var": 0.000993707100861
    },
    "spectral_energyband_high": {
        "dmean": 0.000284671899863,
        "dmean2": 0.000425371748861,
        "dvar": 8.04412593425e-07,
        "dvar2": 1.98233738047e-06,
        "max": 0.0127230221406,
        "mean": 0.000460787618067,
        "median": 7.75702210376e-05,
        "min": 2.16652806806e-10,
        "var": 1.16683088436e-06
    },
    "spectral_energyband_low": {
        "dmean": 0.00737225217745,
        "dmean2": 0.0127933723852,
        "dvar": 0.000293486111332,
        "dvar2": 0.000798090244643,
        "max": 0.181455686688,
        "mean": 0.0151161300018,
        "median": 0.0130301881582,
        "min": 3.38695969049e-08,
        "var": 0.000301679538097
    },
    "spectral_energyband_middle_high": {
        "dmean": 0.00107023085002,
        "dmean2": 0.00174489663914,
        "dvar": 9.09544087335e-06,
        "dvar2": 2.46041799983e-05,
        "max": 0.042687330395,
        "mean": 0.00255784462206,
        "median": 0.000866712012794,
        "min": 3.24909810168e-09,
        "var": 1.69895884028e-05
    },
    "spectral_energyband_middle_low": {
        "dmean": 0.00749980984256,
        "dmean2": 0.0128453923389,
        "dvar": 0.000347724708263,
        "dvar2": 0.000972845649812,
        "max": 0.29811501503,
        "mean": 0.0138156618923,
        "median": 0.00878280680627,
        "min": 4.31996260986e-09,
        "var": 0.000373726332327
    },
    "spectral_entropy": {
        "dmean": 0.166417732835,
        "dmean2": 0.247151389718,
        "dvar": 0.0370292030275,
        "dvar2": 0.0711400806904,
        "max": 8.6135892868,
        "mean": 7.25848579407,
        "median": 7.23489189148,
        "min": 5.97178030014,
        "var": 0.219158053398
    },
    "spectral_flux": {
        "dmean": 0.0263389516622,
        "dmean2": 0.041942525655,
        "dvar": 0.00187993678264,
        "dvar2": 0.00378552032635,
        "max": 0.50092792511,
        "mean": 0.0702367424965,
        "median": 0.0545976422727,
        "min": 0.000644264684524,
        "var": 0.00426751468331
    },
    "spectral_kurtosis": {
        "dmean": 2.61490511894,
        "dmean2": 4.43105554581,
        "dvar": 8.80912494659,
        "dvar2": 24.6604480743,
        "max": 27.9225444794,
        "mean": 5.03736591339,
        "median": 3.85950088501,
        "min": -0.938886642456,
        "var": 19.9072208405
    },
    "spectral_rms": {
        "dmean": 0.000895502860658,
        "dmean2": 0.00149587530177,
        "dvar": 2.08891606235e-06,
        "dvar2": 5.46016553926e-06,
        "max": 0.0186036415398,
        "mean": 0.00479140039533,
        "median": 0.00483795721084,
        "min": 6.37153289063e-06,
        "var": 6.86510975356e-06
    },
    "spectral_rolloff": {
        "dmean": 241.048446655,
        "dmean2": 414.67590332,
        "dvar": 329450.375,
        "dvar2": 745931.125,
        "max": 9754.54101562,
        "mean": 654.700439453,
        "median": 387.59765625,
        "min": 86.1328125,
        "var": 833615.3125
    },
    "spectral_skewness": {
        "dmean": 0.305743455887,
        "dmean2": 0.496467143297,
        "dvar": 0.100157156587,
        "dvar2": 0.24416385591,
        "max": 3.98695993423,
        "mean": 1.60773468018,
        "median": 1.58471095562,
        "min": -0.410188436508,
        "var": 0.364220410585
    },
    "spectral_spread": {
        "dmean": 409012.25,
        "dmean2": 602156.75,
        "dvar": 240110469120,
        "dvar2": 443511865344,
        "max": 9303449,
        "mean": 3815017.25,
        "median": 3723426,
        "min": 1544293.625,
        "var": 1.48397372211e+12
    },
    "spectral_strongpeak": {
        "dmean": 0.213230550289,
        "dmean2": 0.372157454491,
        "dvar": 0.116747625172,
        "dvar2": 0.327064782381,
        "max": 3.82441401482,
        "mean": 0.429258823395,
        "median": 0.330568224192,
        "min": 0,
        "var": 0.149143710732
    },
    "zerocrossingrate": {
        "dmean": 0.00678038224578,
        "dmean2": 0.00792270805687,
        "dvar": 0.000101536417787,
        "dvar2": 9.77068848442e-05,
        "max": 0.3212890625,
        "mean": 0.0330265127122,
        "median": 0.02685546875,
        "min": 0.00341796875,
        "var": 0.000738780596294
    },
    "barkbands": {
        "dmean": [0.000117922580102, 0.00476902350783, 0.00279545551166, 0.00283529818989, 0.00468034623191, 0.000593404867686, 0.000404633232392, 0.000434829620644, 0.000411075248849, 0.000184613556485, 0.000166316647665, 0.000273134879535, 0.000137515831739, 0.000172153289896, 0.00018372212071, 7.26300204406e-05, 9.09294030862e-05, 0.000116185001389, 9.07969806576e-05, 0.000114117196063, 0.000101173223811, 8.4953426267e-05, 5.89722731092e-05, 3.16946425301e-05, 8.99510814634e-06, 8.07586353346e-09, 2.73273714768e-09],
        "dmean2": [0.000182290823432, 0.00817609857768, 0.00499080633745, 0.00476361811161, 0.00830307230353, 0.000964441918768, 0.000644565618131, 0.000706051825546, 0.000620884413365, 0.000295946723782, 0.000274745048955, 0.000466869532829, 0.000225858544582, 0.000278042512946, 0.00029564666329, 0.000115934672067, 0.000159782925039, 0.000197287037736, 0.000157272588694, 0.000198958572582, 0.00016746475012, 0.000132683606353, 8.71693773661e-05, 4.71396342618e-05, 1.31834303829e-05, 1.29831283502e-08, 5.1643360699e-09],
        "dvar": [4.56600197651e-08, 0.000132472574478, 4.90813799843e-05, 3.59869591193e-05, 0.000174413638888, 1.62543165061e-06, 7.64817400523e-07, 1.02839885585e-06, 8.23104016945e-07, 2.45183656489e-07, 2.92106079769e-07, 5.88415730363e-07, 1.00899384847e-07, 2.01219947371e-07, 2.09230677228e-07, 3.48185302812e-08, 6.98388404885e-08, 9.80557572916e-08, 5.84530326364e-08, 1.73391086378e-07, 1.05460408406e-07, 8.594280132e-08, 3.39758976509e-08, 8.19731926782e-09, 6.34466923444e-10, 9.43585703516e-16, 8.43667367718e-16],
        "dvar2": [1.05135619322e-07, 0.000365296087693, 0.000140474832733, 9.80140030151e-05, 0.000502149749082, 4.29842793892e-06, 1.90343382656e-06, 2.72540273727e-06, 1.87415992059e-06, 6.66408993766e-07, 7.80595939887e-07, 1.67650523508e-06, 2.49399647601e-07, 5.26667008671e-07, 5.21092260897e-07, 8.61126494556e-08, 1.91331309907e-07, 2.58504201156e-07, 1.60673764071e-07, 4.86836540858e-07, 2.84585041754e-07, 2.18401041252e-07, 7.53302416001e-08, 1.83306294588e-08, 1.38182998377e-09, 2.4903262046e-15, 2.48306501466e-15],
        "max": [0.00288058491424, 0.130520686507, 0.0880188569427, 0.106221698225, 0.168434113264, 0.0286489836872, 0.0122683309019, 0.0165807530284, 0.0145695079118, 0.0115730762482, 0.0118186492473, 0.0134321628138, 0.00356207764708, 0.0059197996743, 0.0106591638178, 0.00470844190568, 0.00270670512691, 0.00635978160426, 0.00340117700398, 0.00592585839331, 0.00372587633319, 0.00448205089197, 0.00279789976776, 0.0015914500691, 0.000397179275751, 8.28785459817e-07, 9.21925220609e-07],
        "mean": [0.000306574278511, 0.00988209247589, 0.00358587107621, 0.00412698928267, 0.00601651286706, 0.00106951536145, 0.000704449776094, 0.000843310030177, 0.000970874214545, 0.0003887017956, 0.00026265787892, 0.000396699731937, 0.000245749513851, 0.000277519284282, 0.000350300746504, 0.000128426283482, 0.000112950721814, 0.000221607158892, 0.000129729261971, 0.000130061773234, 0.000133336870931, 0.000122685538372, 9.25507265492e-05, 5.48805946892e-05, 1.41367099786e-05, 1.00535668679e-08, 1.78751979885e-09],
        "median": [7.13011104381e-05, 0.00832572113723, 0.00157930818386, 0.00197670306079, 0.00231271237135, 0.000498047797009, 0.000224002913455, 0.000197768051294, 0.000193070591195, 9.68730892055e-05, 7.117306086e-05, 0.000142908436828, 7.43121345295e-05, 8.09546472738e-05, 8.30987264635e-05, 3.33406351274e-05, 2.28556818911e-05, 3.73514849343e-05, 2.82690689346e-05, 2.6305033316e-05, 1.6251407942e-05, 1.19624928629e-05, 1.94421409105e-05, 1.15567345347e-05, 1.6768367459e-06, 1.8480603714e-09, 2.32216981755e-10],
        "min": [7.959988918e-11, 2.2822714385e-08, 1.04688266944e-08, 4.5513859348e-10, 8.74495031944e-10, 1.45478495917e-09, 3.96625288168e-10, 6.37025043826e-10, 3.29987370762e-10, 3.13093884152e-10, 1.11819213611e-10, 1.25378124549e-10, 6.42461917e-10, 3.82805009913e-10, 1.6293384697e-10, 1.46372733378e-10, 2.01645450337e-10, 1.47786644034e-10, 6.56308618563e-11, 1.30046121441e-11, 1.92661806647e-11, 1.81885149303e-11, 3.38439380687e-11, 2.56576235952e-11, 1.37759777544e-11, 5.05576743665e-12, 7.70681695544e-12],
        "var": [2.31557748975e-07, 0.000144784920849, 4.43743119831e-05, 4.13237467001e-05, 0.000140863528941, 2.53508324022e-06, 1.59509431796e-06, 2.4699199912e-06, 3.72775889446e-06, 9.87172825262e-07, 3.73745251636e-07, 5.70080089801e-07, 1.77894776243e-07, 3.06466517941e-07, 8.10135531992e-07, 9.33113071255e-08, 6.82499532445e-08, 2.71276604735e-07, 7.85220279909e-08, 1.34536392693e-07, 1.2100061042e-07, 1.12555106568e-07, 5.32562260958e-08, 1.39604150462e-08, 1.24183530126e-09, 9.34464323345e-16, 4.50629468873e-16]
    },
    "erbbands": {
        "dmean": [0.111186519265, 1.20422446728, 3.15303492546, 5.71457958221, 18.6867160797, 11.6894311905, 5.18367624283, 5.6648068428, 5.91678524017, 5.73148393631, 10.6068658829, 8.01010799408, 8.16832923889, 4.9262919426, 7.03072595596, 9.80713558197, 6.65334653854, 6.26217889786, 9.88455200195, 7.46161174774, 4.59269618988, 4.76645374298, 6.37767410278, 5.36499452591, 5.14283323288, 4.87467479706, 4.35533857346, 3.42488527298, 3.20595526695, 2.54146194458, 1.50074315071, 0.853818535805, 0.472418874502, 0.181111782789, 0.0150768598542, 0.000656652264297, 3.82464568247e-05, 6.59361239741e-06, 7.13274448572e-06, 1.46945276356e-05],
        "dmean2": [0.18660081923, 2.07060408592, 5.57897233963, 9.80931854248, 32.4802742004, 20.8425807953, 8.44405937195, 9.26935195923, 9.47024154663, 9.01875686646, 17.3624420166, 12.1845884323, 12.5881147385, 8.0307970047, 11.4647035599, 17.0610694885, 11.036198616, 10.146446228, 16.1595401764, 11.8465604782, 7.66468954086, 8.27587795258, 10.872428894, 9.34812450409, 8.86861801147, 8.43531513214, 7.42131471634, 5.50383424759, 5.07047748566, 3.79698395729, 2.22563147545, 1.29288232327, 0.696571111679, 0.25734052062, 0.0220244321972, 0.000949759385549, 5.44097238162e-05, 9.70270502876e-06, 1.18262460092e-05, 2.5133464078e-05],
        "dvar": [0.0569904446602, 8.86107635498, 61.5178909302, 142.629760742, 2282.44140625, 1347.97692871, 186.858062744, 119.078231812, 141.773986816, 230.055236816, 635.797546387, 345.689086914, 423.34777832, 166.859085083, 451.948394775, 985.976013184, 281.765594482, 249.317581177, 720.915405273, 444.234130859, 144.593460083, 172.377365112, 339.32723999, 193.252761841, 242.885498047, 330.797729492, 219.653106689, 109.839347839, 121.892417908, 79.5598602295, 22.4540119171, 8.10939502716, 1.35613536835, 0.255832433701, 0.00186551001389, 3.48736898559e-06, 1.28919701581e-08, 6.35714425545e-10, 2.95891061652e-10, 1.02329178464e-09],
        "dvar2": [0.158929094672, 24.2827587128, 174.388687134, 395.672210693, 6566.40039062, 3862.45068359, 470.388977051, 315.374969482, 344.281219482, 571.012451172, 1765.47583008, 754.635925293, 1122.82702637, 433.698059082, 1156.86560059, 2834.11035156, 713.49029541, 658.566467285, 1810.78344727, 1162.63623047, 385.422943115, 469.590393066, 895.819519043, 534.749633789, 679.178649902, 923.969238281, 598.448303223, 287.008758545, 315.702392578, 188.199264526, 50.4702033997, 18.6828041077, 3.03329443932, 0.547552525997, 0.00416782312095, 7.68158497522e-06, 2.93899553583e-08, 1.63491720162e-09, 7.8062556419e-10, 2.76428036017e-09],
        "max": [4.10393285751, 31.4658164978, 99.189414978, 198.238525391, 764.239501953, 383.68637085, 306.22744751, 168.471633911, 211.015380859, 303.310882568, 440.408111572, 449.922393799, 419.20223999, 218.203689575, 594.23626709, 533.848937988, 201.9375, 214.483612061, 504.208984375, 689.515319824, 163.518188477, 153.672470093, 360.033599854, 225.743682861, 172.972305298, 270.328948975, 166.045379639, 130.815704346, 144.737594604, 197.53553772, 71.1316146851, 48.0389328003, 17.8372192383, 7.9138712883, 0.671269059181, 0.0279170423746, 0.00256753363647, 0.000744456076063, 0.000330777664203, 0.000418184703449],
        "mean": [0.269197434187, 2.2207672596, 4.38403320312, 8.6473236084, 24.4987182617, 14.2741518021, 9.21260166168, 10.231798172, 11.335650444, 10.9182434082, 21.2477073669, 18.5211105347, 17.5183563232, 10.3060312271, 13.1319961548, 14.0343389511, 11.8904323578, 11.3111133575, 16.7973365784, 16.1129131317, 7.48854017258, 7.07729625702, 11.6357145309, 8.07708644867, 7.40167045593, 5.87613296509, 5.39814853668, 4.78076410294, 4.60215616226, 3.77798700333, 2.30387306213, 1.31215012074, 0.841491937637, 0.300092339516, 0.0230127759278, 0.00104355975054, 7.05194615875e-05, 1.17799736472e-05, 1.70945459104e-05, 3.51299640897e-05],
        "median": [0.165570542216, 1.87420701981, 2.67748832703, 4.37034988403, 9.84379291534, 4.40427589417, 3.26600193977, 4.75554656982, 4.99181365967, 3.87810492516, 4.56180906296, 4.21928930283, 5.15212059021, 3.33614611626, 4.76608181, 4.82499217987, 3.75140047073, 3.9231107235, 3.86844444275, 3.7489323616, 2.08714127541, 1.48918759823, 1.9780061245, 1.71286392212, 1.57187139988, 1.20358121395, 0.791299700737, 0.494203984737, 0.417073994875, 0.652660727501, 0.456539511681, 0.264392286539, 0.185362443328, 0.0415704324841, 0.00278054457158, 0.000151163170813, 2.05100313906e-05, 3.46034721588e-06, 1.26176055346e-05, 2.71363296633e-05],
        "min": [3.78162496872e-07, 6.0135566855e-06, 1.46999309436e-05, 4.5621350182e-06, 3.23725248563e-06, 1.87013165487e-06, 3.94627659261e-06, 1.52335860548e-05, 7.7785762187e-06, 1.09253078335e-05, 1.02458370748e-05, 6.37293305772e-06, 8.918090316e-06, 8.57847589941e-06, 4.78170750284e-06, 5.30613260707e-06, 3.09208335239e-05, 2.57383035205e-05, 1.85904245882e-05, 6.86428211338e-06, 1.53429009515e-05, 1.20881513794e-05, 9.89919863059e-06, 4.12369536207e-06, 3.47973900716e-06, 8.34741399558e-07, 8.07798471669e-07, 9.23244726891e-07, 6.72375676913e-07, 1.9775391138e-06, 8.05462946118e-07, 5.87076669945e-07, 5.18844217368e-07, 2.63175849113e-07, 4.16130916392e-08, 2.14168416335e-08, 8.48160208733e-09, 4.10125622352e-09, 1.05956809993e-09, 1.8930938761e-10],
        "var": [0.11892042309, 8.43383026123, 50.7189865112, 161.6925354, 2015.73901367, 1038.15576172, 370.653686523, 230.469421387, 334.617584229, 401.157623291, 1457.92333984, 1708.09924316, 1142.60876465, 385.076660156, 709.723266602, 867.820861816, 433.954589844, 387.921386719, 1379.64160156, 2455.86230469, 245.009338379, 240.934524536, 821.127868652, 282.900726318, 280.06930542, 267.575500488, 218.209335327, 157.547607422, 159.365219116, 105.031211853, 34.021938324, 11.1546602249, 2.74920654297, 0.516848564148, 0.00361749040894, 6.894731996e-06, 2.27218475146e-08, 7.51400885957e-10, 3.91591176152e-10, 1.35318178884e-09]
    },
    "gfcc": {
        "mean": [-75.8974456787, 153.991897583, -128.142868042, 58.1443252563, -59.3694496155, 22.5113735199, -29.8307971954, -8.02539825439, -4.85014104843, -20.8431224823, 6.60861778259, -23.1099452972, 3.04436731339],
        "cov": [[11378.5996094, -1569.21105957, 231.813400269, 966.80255127, -1176.70715332, 748.835388184, -50.0025138855, 735.545715332, -97.4596405029, 54.7599029541, -222.055847168, -137.035446167, -3.75350689888], [-1569.21105957, 1100.97009277, -34.0898170471, -368.063446045, 509.33392334, -257.121551514, 195.325866699, -101.11227417, 184.853927612, -109.895484924, 165.709747314, 13.5619735718, -37.4046401978], [231.813400269, -34.0898170471, 470.860839844, 153.987609863, -32.2872772217, 114.3775177, 45.8778800964, 82.8280181885, 45.0414810181, 53.1752052307, 34.7700119019, 7.94193029404, 40.0652236938], [966.80255127, -368.063446045, 153.987609863, 318.864105225, -122.392883301, 128.789001465, 1.78668177128, 72.6333236694, -4.41738367081, 61.9177589417, -35.4968643188, 23.306558609, 44.0020256042], [-1176.70715332, 509.33392334, -32.2872772217, -122.392883301, 443.313964844, -106.440002441, 130.814865112, -47.9689369202, 110.843856812, -27.7043590546, 80.3467025757, 57.7236557007, 22.721529007], [748.835388184, -257.121551514, 114.3775177, 128.789001465, -106.440002441, 212.314727783, 49.0354766846, 84.545753479, -2.04990816116, 53.1847305298, -25.7414321899, 18.0870056152, 36.4340019226], [-50.0025138855, 195.325866699, 45.8778800964, 1.78668177128, 130.814865112, 49.0354766846, 241.652694702, 33.929977417, 91.6894454956, 47.7323532104, 45.7349281311, 60.5146751404, 33.3949890137], [735.545715332, -101.11227417, 82.8280181885, 72.6333236694, -47.9689369202, 84.545753479, 33.929977417, 163.866363525, 39.9508628845, 29.5631923676, 22.7083034515, -0.805026888847, 9.7571439743], [-97.4596405029, 184.853927612, 45.0414810181, -4.41738367081, 110.843856812, -2.04990816116, 91.6894454956, 39.9508628845, 133.113082886, 31.1641139984, 50.9955062866, 38.3064422607, 17.5193443298], [54.7599029541, -109.895484924, 53.1752052307, 61.9177589417, -27.7043590546, 53.1847305298, 47.7323532104, 29.5631923676, 31.1641139984, 120.513954163, 20.1644058228, 51.1677207947, 39.8863677979], [-222.055847168, 165.709747314, 34.7700119019, -35.4968643188, 80.3467025757, -25.7414321899, 45.7349281311, 22.7083034515, 50.9955062866, 20.1644058228, 106.705795288, 36.2137031555, 1.97418177128], [-137.035446167, 13.5619735718, 7.94193029404, 23.306558609, 57.7236557007, 18.0870056152, 60.5146751404, -0.805026888847, 38.3064422607, 51.1677207947, 36.2137031555, 113.15196991, 43.7791442871], [-3.75350689888, -37.4046401978, 40.0652236938, 44.0020256042, 22.721529007, 36.4340019226, 33.3949890137, 9.7571439743, 17.5193443298, 39.8863677979, 1.97418177128, 43.7791442871, 66.6508102417]],
        "icov": [[0.000270221324172, -0.000657365424559, 0.000425393285695, -0.000974646536633, 0.000807215867098, -0.000570144504309, 0.000146066755406, -0.00106404046528, 0.000319071550621, 0.000115975526569, 0.000416589493398, -0.000158679613378, 9.17158613447e-05], [-0.000657365424559, 0.0101499799639, -0.00322770886123, 0.00774161890149, -0.00540765048936, 0.00548829697073, -0.00482406793162, 0.00552784558386, -0.00676722032949, 0.00549713382497, -0.00603058049455, 0.0029941899702, -0.000359289959306], [0.000425393285695, -0.00322770886123, 0.00427866540849, -0.00410477118567, 0.0021384966094, -0.00304709677584, 0.00144163507503, -0.00238573993556, 0.00134352804162, -0.00133484299295, 0.000123049147078, 0.000554944796022, -0.00100843491964], [-0.000974646536633, 0.00774161890149, -0.00410477118567, 0.0122245242819, -0.00443783402443, 0.00346887600608, -0.00281953741796, 0.00455985357985, -0.00496757263318, 0.00230533676222, -0.00260359514505, 0.00100696727168, -0.0016096070176], [0.000807215867098, -0.00540765048936, 0.0021384966094, -0.00443783402443, 0.00853686966002, -0.00172931386624, 0.000422099081334, -0.00320855877362, 0.000864282133989, 0.000514213053975, 0.00183892296627, -0.00220191525295, -0.00219480670057], [-0.000570144504309, 0.00548829697073, -0.00304709677584, 0.00346887600608, -0.00172931386624, 0.0129580330104, -0.00507832551375, 0.000164815122844, -0.00185548118316, 0.00178083532955, -0.000603076827247, 0.000599489954766, -0.00233791442588], [0.000146066755406, -0.00482406793162, 0.00144163507503, -0.00281953741796, 0.000422099081334, -0.00507832551375, 0.00967710930854, -0.00211929972284, 0.000446580641437, -0.00421529076993, 0.0026074310299, -0.0026046060957, 0.000428272527643], [-0.00106404046528, 0.00552784558386, -0.00238573993556, 0.00455985357985, -0.00320855877362, 0.000164815122844, -0.00211929972284, 0.0151954051107, -0.00684408843517, 0.00191582983825, -0.00678427843377, 0.00390826538205, -0.000406511710025], [0.000319071550621, -0.00676722032949, 0.00134352804162, -0.00496757263318, 0.000864282133989, -0.00185548118316, 0.000446580641437, -0.00684408843517, 0.0187743697315, -0.00609059957787, 0.00242856377736, -0.00299099227414, 0.00079252733849], [0.000115975526569, 0.00549713382497, -0.00133484299295, 0.00230533676222, 0.000514213053975, 0.00178083532955, -0.00421529076993, 0.00191582983825, -0.00609059957787, 0.0179891046137, -0.0055100414902, -0.00159171537962, -0.00490091787651], [0.000416589493398, -0.00603058049455, 0.000123049147078, -0.00260359514505, 0.00183892296627, -0.000603076827247, 0.0026074310299, -0.00678427843377, 0.00242856377736, -0.0055100414902, 0.0195868071169, -0.00674767838791, 0.0041845436208], [-0.000158679613378, 0.0029941899702, 0.000554944796022, 0.00100696727168, -0.00220191525295, 0.000599489954766, -0.0026046060957, 0.00390826538205, -0.00299099227414, -0.00159171537962, -0.00674767838791, 0.017325906083, -0.00761295249686], [9.17158613447e-05, -0.000359289959306, -0.00100843491964, -0.0016096070176, -0.00219480670057, -0.00233791442588, 0.000428272527643, -0.000406511710025, 0.00079252733849, -0.00490091787651, 0.0041845436208, -0.00761295249686, 0.0259482245892]]
    },
    "melbands": {
        "dmean": [0.00115840905346, 0.0016192906769, 0.00136029813439, 0.00119188323151, 0.000212281229324, 0.000119614225696, 8.77857310115e-05, 6.80809898768e-05, 8.71190059115e-05, 5.3227871831e-05, 4.14626920247e-05, 2.07810953725e-05, 2.17017295654e-05, 2.79726282315e-05, 2.52539939538e-05, 1.28592828332e-05, 1.23349036585e-05, 1.7689930246e-05, 1.47029886648e-05, 5.97195275986e-06, 5.89300634601e-06, 5.35744266017e-06, 5.54084317628e-06, 5.58829606234e-06, 4.55815143141e-06, 2.98133431897e-06, 5.26970734427e-06, 2.62152866526e-06, 2.83454255623e-06, 2.3708680601e-06, 1.91316576093e-06, 1.97039480554e-06, 1.62284152339e-06, 1.39156361456e-06, 9.26957739011e-07, 7.05650620603e-07, 4.71996372653e-07, 3.72214998379e-07, 2.66330545173e-07, 1.24513945821e-07],
        "dmean2": [0.00198209285736, 0.00282534444705, 0.00232700281776, 0.0021126861684, 0.00035252206726, 0.000194502412342, 0.000140329691931, 0.000107569721877, 0.000141769458423, 8.13795995782e-05, 6.38864657958e-05, 3.32492236339e-05, 3.59066616511e-05, 4.63398318971e-05, 4.40484654973e-05, 2.09951758734e-05, 2.00998820219e-05, 2.89258041448e-05, 2.37605618167e-05, 9.56215171755e-06, 1.00677416413e-05, 9.49156674324e-06, 9.46683030634e-06, 9.39083929552e-06, 8.00871475803e-06, 5.10474683324e-06, 9.30190162762e-06, 4.49235540145e-06, 4.9039977057e-06, 3.87787486034e-06, 3.1331539958e-06, 3.22031883115e-06, 2.43918134402e-06, 2.10866005546e-06, 1.40953432037e-06, 1.10603480152e-06, 7.28956933926e-07, 5.62353761779e-07, 3.88272496821e-07, 1.82435584861e-07],
        "dvar": [7.38492235541e-06, 1.58234324772e-05, 8.49262050906e-06, 1.18732086776e-05, 2.88557572503e-07, 5.38719966414e-08, 3.13100834148e-08, 2.78348455396e-08, 4.29316528994e-08, 1.54621613291e-08, 1.06859232574e-08, 2.7759674559e-09, 5.16614484525e-09, 4.296974776e-09, 7.16591719296e-09, 8.76442696196e-10, 1.04442621218e-09, 2.40346476055e-09, 1.16651810433e-09, 3.30373117752e-10, 2.81088957665e-10, 2.39223169052e-10, 2.97409014083e-10, 2.05775965711e-10, 1.45678927255e-10, 6.29023985677e-11, 3.60946883493e-10, 9.17382003696e-11, 9.93074789069e-11, 5.67539452934e-11, 3.42427509958e-11, 4.97736227234e-11, 3.17267809247e-11, 2.16779389578e-11, 8.42430292192e-12, 6.49327727004e-12, 2.37191234535e-12, 8.013666228e-13, 4.63612113109e-13, 1.33641673574e-13],
        "dvar2": [2.06185432035e-05, 4.35635702161e-05, 2.35141960729e-05, 3.42505190929e-05, 7.46833904941e-07, 1.41523059938e-07, 7.70966863683e-08, 6.76859457371e-08, 1.18703582075e-07, 3.3710001901e-08, 2.82269798646e-08, 6.94926605149e-09, 1.37158178148e-08, 1.17100098507e-08, 2.03195291704e-08, 2.15631246192e-09, 2.7769222477e-09, 6.09616446212e-09, 2.98318303393e-09, 8.2704354476e-10, 7.56433471416e-10, 6.6032462831e-10, 8.00878141582e-10, 5.46018286141e-10, 4.04070610305e-10, 1.72607594884e-10, 1.02901009935e-09, 2.51399290274e-10, 2.71128286489e-10, 1.48495396535e-10, 8.97645638376e-11, 1.33685854053e-10, 7.59163357178e-11, 5.09244313385e-11, 1.91951472078e-11, 1.54724479756e-11, 5.48434778494e-12, 1.88894147719e-12, 1.01129781632e-12, 2.92837938143e-13],
        "max": [0.0369515046477, 0.0475144982338, 0.048776820302, 0.0460121892393, 0.00878834351897, 0.00334841525182, 0.00290990597568, 0.00307845650241, 0.00309975934215, 0.0026745153591, 0.00206869794056, 0.00112939823885, 0.00167242391035, 0.00111270404886, 0.00126086105593, 0.000384864135412, 0.000418305891799, 0.000735814857762, 0.000830670120195, 0.00051009177696, 0.000211315316847, 0.000167573918588, 0.000487120792968, 0.000225958283409, 0.000210896600038, 9.86446902971e-05, 0.000231500176596, 0.000145641650306, 0.000122703815578, 9.96005837806e-05, 7.7499775216e-05, 9.23057232285e-05, 9.49005188886e-05, 0.000103302700154, 4.05546015827e-05, 5.12227125e-05, 2.75905676972e-05, 1.30301596073e-05, 8.69166615303e-06, 5.84784629609e-06],
        "mean": [0.00259346771054, 0.00261780014262, 0.00211006985046, 0.00149447633885, 0.000351865164703, 0.000220753630856, 0.000165986537468, 0.000135896581924, 0.00017521600239, 0.000120975550089, 8.83826360223e-05, 4.3369600462e-05, 3.80445817427e-05, 4.68147190986e-05, 3.19414248224e-05, 2.33404025494e-05, 2.06363311008e-05, 2.73543664662e-05, 2.7471636713e-05, 1.26481354528e-05, 7.92242371972e-06, 6.7020255301e-06, 9.60363377089e-06, 1.01821487988e-05, 6.16235729467e-06, 4.68085499961e-06, 6.07197898717e-06, 3.16828732139e-06, 3.30051670971e-06, 3.11758731186e-06, 2.60534034169e-06, 2.66839492724e-06, 2.26970814765e-06, 2.0639563445e-06, 1.39975122693e-06, 1.00359113731e-06, 7.15748910807e-07, 6.34019215795e-07, 4.41197187229e-07, 1.88677759638e-07],
        "median": [0.00196822430007, 0.00205984618515, 0.00112520158291, 0.000554553989787, 0.000119368021842, 0.000105732418888, 7.30751053197e-05, 3.95966308133e-05, 3.15873257932e-05, 2.55543873209e-05, 2.5983179512e-05, 1.33129224196e-05, 1.24788666653e-05, 1.86618217413e-05, 7.40680434319e-06, 8.09846005723e-06, 6.60494060867e-06, 5.34894979864e-06, 6.99337488186e-06, 2.63653532784e-06, 2.13223029277e-06, 1.36581684274e-06, 1.50766300067e-06, 1.75823493009e-06, 1.23683184938e-06, 9.95317805064e-07, 1.15389855182e-06, 6.18364595084e-07, 4.8430734978e-07, 3.33425390409e-07, 2.4342742222e-07, 2.18972800781e-07, 2.30631869158e-07, 4.01079631729e-07, 2.83329711692e-07, 1.60680045269e-07, 1.51255463265e-07, 1.45759258885e-07, 6.17665776304e-08, 2.19224691733e-08],
        "min": [4.1061012368e-09, 8.16811152049e-09, 8.5037088482e-10, 1.94316229774e-10, 1.16699122588e-10, 3.19762993861e-10, 1.15905611497e-10, 1.34308217326e-10, 6.80258488428e-11, 4.64958418989e-11, 4.27280190396e-11, 3.57594301392e-11, 1.5755202698e-11, 1.35795845055e-11, 2.20205277623e-11, 8.04941668875e-11, 3.89033215364e-11, 2.84788095883e-11, 8.27703704187e-12, 8.92430313676e-12, 1.85723762758e-11, 8.87044604436e-12, 1.51506966695e-11, 6.07701909627e-12, 2.94809467637e-12, 2.96158193455e-12, 1.12057325224e-12, 4.48433391115e-13, 5.76941977266e-13, 4.33248760218e-13, 4.86298826728e-13, 3.71270722499e-13, 3.91214946723e-13, 1.10987336942e-12, 4.46096257807e-13, 4.04911211982e-13, 1.65504003731e-13, 3.15476784236e-13, 4.03324780258e-13, 1.58626841588e-13],
        "var": [9.73700844042e-06, 1.35424270411e-05, 9.57514112088e-06, 9.3660037237e-06, 5.11855944296e-07, 1.01031453426e-07, 7.02986326928e-08, 6.20798203954e-08, 1.10954516686e-07, 7.28331599475e-08, 3.08303036434e-08, 8.3470572676e-09, 6.92424828586e-09, 6.18268014563e-09, 6.14396977738e-09, 1.56751411851e-09, 1.50419898759e-09, 4.31194813189e-09, 4.76867967336e-09, 1.55261992152e-09, 3.13179565614e-10, 2.45582748581e-10, 7.33795746388e-10, 4.69712990725e-10, 1.86249404788e-10, 1.02375087574e-10, 2.73775224713e-10, 8.08001443531e-11, 9.03965513555e-11, 7.39532324268e-11, 4.88460487336e-11, 5.92657103948e-11, 4.16271531134e-11, 2.94322274885e-11, 1.25443032697e-11, 8.03402483429e-12, 3.22666459524e-12, 1.50825283252e-12, 9.82260605319e-13, 2.46012601566e-13]
    },
    "mfcc": {
        "mean": [-698.29107666, 147.744857788, 12.007440567, 26.0091362, 11.8764467239, 13.8566532135, 3.20995044708, 7.13395738602, -5.0354924202, 6.70641708374, -2.41045379639, -1.91660499573, -2.94170999527],
        "cov": [[11179.1367188, -1695.70568848, 519.18170166, 285.149261475, -651.925476074, 193.846572876, -75.2986450195, 487.843658447, 132.651489258, 330.619750977, 259.884368896, -53.6297111511, -181.211517334], [-1695.70568848, 1368.8236084, -301.724822998, -28.0208683014, 210.332794189, -105.530693054, 51.8950920105, 94.3297348022, -86.706199646, 91.0343856812, 19.4272193909, 17.7113456726, 91.2942581177], [519.18170166, -301.724822998, 452.036315918, 86.1197052002, -80.9735717773, 91.5049972534, 6.07352399826, 16.5030422211, 42.6598129272, 36.7200508118, 12.5282726288, 44.2825698853, 21.3574485779], [285.149261475, -28.0208683014, 86.1197052002, 207.064987183, 28.521490097, 58.1591339111, 8.57412242889, 44.7565231323, 38.9419021606, 21.0513458252, 22.6814441681, 33.1796073914, 34.4608726501], [-651.925476074, 210.332794189, -80.9735717773, 28.521490097, 199.117019653, -27.9262886047, 1.28345751762, 7.3682103157, -13.8517532349, -0.16558803618, -23.7463321686, 1.80301463604, 20.5485630035], [193.846572876, -105.530693054, 91.5049972534, 58.1591339111, -27.9262886047, 177.972457886, 40.1915931702, 32.5008544922, 88.2228851318, -10.8340015411, 28.8733215332, 24.6754341125, 27.0610942841], [-75.2986450195, 51.8950920105, 6.07352399826, 8.57412242889, 1.28345751762, 40.1915931702, 112.655319214, 33.2336502075, 35.0418243408, 18.5214080811, 26.4195556641, 15.1927595139, 11.7667741776], [487.843658447, 94.3297348022, 16.5030422211, 44.7565231323, 7.3682103157, 32.5008544922, 33.2336502075, 155.967102051, 27.3259181976, 64.9922714233, 39.9966545105, 8.98105716705, 31.4542827606], [132.651489258, -86.706199646, 42.6598129272, 38.9419021606, -13.8517532349, 88.2228851318, 35.0418243408, 27.3259181976, 143.286987305, -2.44078040123, 33.4076118469, 25.9695415497, 24.2146015167], [330.619750977, 91.0343856812, 36.7200508118, 21.0513458252, -0.16558803618, -10.8340015411, 18.5214080811, 64.9922714233, -2.44078040123, 146.589111328, 32.7467384338, -2.93747472763, 3.25342035294], [259.884368896, 19.4272193909, 12.5282726288, 22.6814441681, -23.7463321686, 28.8733215332, 26.4195556641, 39.9966545105, 33.4076118469, 32.7467384338, 100.445663452, 27.0994796753, 20.3358383179], [-53.6297111511, 17.7113456726, 44.2825698853, 33.1796073914, 1.80301463604, 24.6754341125, 15.1927595139, 8.98105716705, 25.9695415497, -2.93747472763, 27.0994796753, 72.6142959595, 37.9888648987], [-181.211517334, 91.2942581177, 21.3574485779, 34.4608726501, 20.5485630035, 27.0610942841, 11.7667741776, 31.4542827606, 24.2146015167, 3.25342035294, 20.3358383179, 37.9888648987, 92.4929580688]],
