{
"lowlevel": {
    "average_loudness": 0.361031234264,
    "barkbands_crest": {
        "dmean": 2.71058773994,
        "dmean2": 4.34201431274,
        "dvar": 8.08888244629,
        "dvar2": 19.9477272034,
        "max": 24.1020126343,
        "mean": 9.23379039764,
        "median": 7.98419618607,
        "min": 2.71999788284,
        "var": 18.7227249146
    },
    "barkbands_flatness_db": {
        "dmean": 0.024710835889,
        "dmean2": 0.034355212003,
        "dvar": 0.000705967016984,
        "dvar2": 0.00138879811857,
        "max": 0.422607511282,
        "mean": 0.117873311043,
        "median": 0.101542346179,
        "min": 0.0199905820191,
        "var": 0.00412781629711
    },
    "barkbands_kurtosis": {
        "dmean": 3.24726963043,
        "dmean2": 5.10267829895,
        "dvar": 66.705368042,
        "dvar2": 157.057235718,
        "max": 126.819747925,
        "mean": 4.14072465897,
        "median": 0.785261631012,
        "min": -1.86829948425,
        "var": 154.95350647
    },
    "barkbands_skewness": {
        "dmean": 0.629078567028,
        "dmean2": 0.951937317848,
        "dvar": 0.66687721014,
        "dvar2": 1.43581068516,
        "max": 9.62137985229,
        "mean": 1.037358284,
        "median": 0.8678637743,
        "min": -4.89466333389,
        "var": 1.98662352562
    },
    "barkbands_spread": {
        "dmean": 8.93874168396,
        "dmean2": 13.0438528061,
        "dvar": 152.271377563,
        "dvar2": 319.235992432,
        "max": 124.558006287,
        "mean": 28.5305747986,
        "median": 25.1195755005,
        "min": 0.492952942848,
        "var": 364.085968018
    },
    "dissonance": {
        "dmean": 0.0234614666551,
        "dmean2": 0.0396887175739,
        "dvar": 0.000620667240582,
        "dvar2": 0.00162538979203,
        "max": 0.500000119209,
        "mean": 0.455319970846,
        "median": 0.46768194437,
        "min": 0.243657410145,
        "var": 0.00160101754591
    },
    "dynamic_complexity": 6.41828155518,
    "erbbands_crest": {
        "dmean": 2.94609498978,
        "dmean2": 4.57632446289,
        "dvar": 8.2802028656,
        "dvar2": 19.5727138519,
        "max": 31.0582103729,
        "mean": 10.8318767548,
        "median": 9.50065135956,
        "min": 2.6168012619,
        "var": 30.1339912415
    },
    "erbbands_flatness_db": {
        "dmean": 0.0271970555186,
        "dmean2": 0.0358469709754,
        "dvar": 0.000771936378442,
        "dvar2": 0.00129026803188,
        "max": 0.338659495115,
        "mean": 0.154556527734,
        "median": 0.145086616278,
        "min": 0.03488599509,
        "var": 0.00388415204361
    },
    "erbbands_kurtosis": {
        "dmean": 1.72834718227,
        "dmean2": 2.60214281082,
        "dvar": 6.31212663651,
        "dvar2": 13.4738225937,
        "max": 38.896572113,
        "mean": 2.97694849968,
        "median": 1.3652639389,
        "min": -1.68686676025,
        "var": 24.86378479
    },
    "erbbands_skewness": {
        "dmean": 0.480669170618,
        "dmean2": 0.706655919552,
        "dvar": 0.231124922633,
        "dvar2": 0.497977614403,
        "max": 4.44811296463,
        "mean": 0.51969063282,
        "median": 0.452999889851,
        "min": -3.22050499916,
        "var": 0.994283795357
    },
    "erbbands_spread": {
        "dmean": 10.4995136261,
        "dmean2": 15.3747224808,
        "dvar": 231.978500366,
        "dvar2": 501.710327148,
        "max": 178.570358276,
        "mean": 30.5203037262,
        "median": 23.9858703613,
        "min": 2.66010379791,
        "var": 570.346862793
    },
    "hfc": {
        "dmean": 9.08913421631,
        "dmean2": 12.6357393265,
        "dvar": 246.349517822,
        "dvar2": 492.19430542,
        "max": 166.293182373,
        "mean": 22.3862819672,
        "median": 10.6048774719,
        "min": 1.20260414362e-16,
        "var": 831.190124512
    },
    "melbands_crest": {
        "dmean": 3.65280294418,
        "dmean2": 5.77068519592,
        "dvar": 14.9423799515,
        "dvar2": 35.4342803955,
        "max": 35.349105835,
        "mean": 13.0555753708,
        "median": 11.5278139114,
        "min": 2.37760615349,
        "var": 36.1888694763
    },
    "melbands_flatness_db": {
        "dmean": 0.0293491668999,
        "dmean2": 0.0409781001508,
        "dvar": 0.00117084418889,
        "dvar2": 0.00216049142182,
        "max": 0.575006723404,
        "mean": 0.191597804427,
        "median": 0.17503502965,
        "min": 0.0111777624115,
        "var": 0.00693675875664
    },
    "melbands_kurtosis": {
        "dmean": 9.96238708496,
        "dmean2": 15.7344789505,
        "dvar": 1217.4329834,
        "dvar2": 3096.40942383,
        "max": 606.480041504,
        "mean": 12.4879608154,
        "median": 2.89346551895,
        "min": -1.87350976467,
        "var": 1446.76464844
    },
    "melbands_skewness": {
        "dmean": 0.878368377686,
        "dmean2": 1.31202876568,
        "dvar": 1.69883406162,
        "dvar2": 3.8165512085,
        "max": 19.3894233704,
        "mean": 1.90293776989,
        "median": 1.44015908241,
        "min": -1.87198841572,
        "var": 4.58991289139
    },
    "melbands_spread": {
        "dmean": 9.06562805176,
        "dmean2": 14.2142696381,
        "dvar": 336.825408936,
        "dvar2": 763.962097168,
        "max": 263.297485352,
        "mean": 30.0076656342,
        "median": 27.4234027863,
        "min": 0.505360782146,
        "var": 579.300048828
    },
    "pitch_salience": {
        "dmean": 0.0775808617473,
        "dmean2": 0.1227299124,
        "dvar": 0.00639860797673,
        "dvar2": 0.0155273107812,
        "max": 0.882872819901,
        "mean": 0.556696593761,
        "median": 0.555552601814,
        "min": 0.183061987162,
        "var": 0.013836084865
    },
    "silence_rate_20dB": {
        "dmean": 0,
        "dmean2": 0,
        "dvar": 0,
        "dvar2": 0,
        "max": 1,
        "mean": 1,
        "median": 1,
        "min": 1,
        "var": 0
    },
    "silence_rate_30dB": {
        "dmean": 0.0123647600412,
        "dmean2": 0.0247486457229,
        "dvar": 0.0122118387371,
        "dvar2": 0.0334171243012,
        "max": 1,
        "mean": 0.992277979851,
        "median": 1,
        "min": 0,
        "var": 0.00766244111583
    },
    "silence_rate_60dB": {
        "dmean": 0.0664605870843,
        "dmean2": 0.13302397728,
        "dvar": 0.0620439089835,
        "dvar2": 0.123064093292,
        "max": 1,
        "mean": 0.281081080437,
        "median": 0,
        "min": 0,
        "var": 0.202077195048
    },
    "spectral_centroid": {
        "dmean": 240.089187622,
        "dmean2": 346.116729736,
        "dvar": 194831.296875,
        "dvar2": 375210.0625,
        "max": 11025.4482422,
        "mean": 1366.82092285,
        "median": 1293.78833008,
        "min": 126.042053223,
        "var": 451664.5625
    },
    "spectral_complexity": {
        "dmean": 2.71097373962,
        "dmean2": 3.8313999176,
        "dvar": 14.027844429,
        "dvar2": 24.9028129578,
        "max": 50,
        "mean": 13.5281848907,
        "median": 12,
        "min": 0,
        "var": 119.778121948
    },
    "spectral_decrease": {
        "dmean": 1.73912451107e-09,
        "dmean2": 2.68060063036e-09,
        "dvar": 1.2074476997e-17,
        "dvar2": 2.89050092512e-17,
        "max": 1.03408025198e-10,
        "mean": -4.55265736221e-09,
        "median": -1.94913885032e-09,
        "min": -4.27518962454e-08,
        "var": 3.61491890494e-17
    },
    "spectral_energy": {
        "dmean": 0.00717279827222,
        "dmean2": 0.0109426490963,
        "dvar": 0.000196408247575,
        "dvar2": 0.000462962925667,
        "max": 0.166260495782,
        "mean": 0.0192132759839,
        "median": 0.00839907489717,
        "min": 1.05486563045e-20,
        "var": 0.00062003498897
    },
    "spectral_energyband_high": {
        "dmean": 0.000558338593692,
        "dmean2": 0.000775140128098,
        "dvar": 1.07568462226e-06,
        "dvar2": 2.11728934119e-06,
        "max": 0.0101044084877,
        "mean": 0.000938130426221,
        "median": 0.000273921177723,
        "min": 7.76130159385e-21,
        "var": 2.20336164602e-06
    },
    "spectral_energyband_low": {
        "dmean": 0.00330653553829,
        "dmean2": 0.00537009164691,
        "dvar": 8.11507561593e-05,
        "dvar2": 0.000203423944185,
        "max": 0.1183738783,
        "mean": 0.00583477364853,
        "median": 0.00147239002399,
        "min": 1.54312536881e-23,
        "var": 0.000114718772238
    },
    "spectral_energyband_middle_high": {
        "dmean": 0.00210536038503,
        "dmean2": 0.0030183668714,
        "dvar": 1.18633333841e-05,
        "dvar2": 2.47688076342e-05,
        "max": 0.0731010138988,
        "mean": 0.00732333632186,
        "median": 0.00287285726517,
        "min": 1.39042729888e-21,
        "var": 0.000103348611447
    },
    "spectral_energyband_middle_low": {
        "dmean": 0.00329923490062,
        "dmean2": 0.00526084378362,
        "dvar": 9.24688720261e-05,
        "dvar2": 0.000232897684327,
        "max": 0.097598284483,
        "mean": 0.00618687644601,
        "median": 0.00173202354927,
        "min": 3.97723347356e-22,
        "var": 0.000139348834637
    },
    "spectral_entropy": {
        "dmean": 0.251916736364,
        "dmean2": 0.303731411695,
        "dvar": 0.0776889696717,
        "dvar2": 0.127986103296,
        "max": 9.80406951904,
        "mean": 7.58298206329,
        "median": 7.65964365005,
        "min": 5.38040542603,
        "var": 0.38082292676
    },
    "spectral_flux": {
        "dmean": 0.0227387081832,
        "dmean2": 0.0323436446488,
        "dvar": 0.000975164351985,
        "dvar2": 0.00184106070083,
        "max": 0.29426279664,
        "mean": 0.0642047151923,
        "median": 0.049035705626,
        "min": 1.02706648741e-10,
        "var": 0.00297571416013
    },
    "spectral_kurtosis": {
        "dmean": 2.38412976265,
        "dmean2": 3.36712431908,
        "dvar": 9.78655719757,
        "dvar2": 19.3478374481,
        "max": 36.8435974121,
        "mean": 6.12817907333,
        "median": 4.89642715454,
        "min": -1.23188340664,
        "var": 26.7393131256
    },
    "spectral_rms": {
        "dmean": 0.000706076272763,
        "dmean2": 0.000999018899165,
        "dvar": 1.08898359485e-06,
        "dvar2": 2.29683905673e-06,
        "max": 0.0127359870821,
        "mean": 0.00349873676896,
        "median": 0.00286255474202,
        "min": 3.20801675155e-12,
        "var": 6.5034923864e-06
    },
    "spectral_rolloff": {
        "dmean": 1087.67773438,
        "dmean2": 1842.16149902,
        "dvar": 7329406.5,
        "dvar2": 15015168,
        "max": 19229.1503906,
        "mean": 2534.2265625,
        "median": 1550.390625,
        "min": 64.599609375,
        "var": 12276371
    },
    "spectral_skewness": {
        "dmean": 0.307020157576,
        "dmean2": 0.422825217247,
        "dvar": 0.114309899509,
        "dvar2": 0.21427296102,
        "max": 5.00413560867,
        "mean": 1.97448027134,
        "median": 1.93251812458,
        "min": -0.0161155927926,
        "var": 0.414662957191
    },
    "spectral_spread": {
        "dmean": 1374922.25,
        "dmean2": 1755865.375,
        "dvar": 3.58831279309e+12,
        "dvar2": 5.43433057894e+12,
        "max": 40373876,
        "mean": 6130963.5,
        "median": 5653918,
        "min": 1410068.5,
        "var": 9.85484335514e+12
    },
    "spectral_strongpeak": {
        "dmean": 0.62730550766,
        "dmean2": 1.06105399132,
        "dvar": 1.12770712376,
        "dvar2": 2.78094792366,
        "max": 8.23195648193,
        "mean": 1.16005599499,
        "median": 0.33419328928,
        "min": 0,
        "var": 2.44310736656
    },
    "zerocrossingrate": {
        "dmean": 0.0259204134345,
        "dmean2": 0.029119387269,
        "dvar": 0.00151938560884,
        "dvar2": 0.0020038143266,
        "max": 0.525390625,
        "mean": 0.097039014101,
        "median": 0.076171875,
        "min": 0.00390625,
        "var": 0.00570403924212
    },
    "barkbands": {
        "dmean": [0.000328488327796, 0.00293081998825, 0.000570560747292, 0.000523139489815, 0.000964903680142, 0.00077274790965, 0.000620372476988, 0.000428273604484, 0.000479345762869, 0.00090674526291, 0.000626787368674, 0.000490759150125, 0.000355204654625, 0.000558210827876, 0.000342160754371, 0.000218011773541, 0.000147324666614, 9.09828595468e-05, 4.94143823744e-05, 4.29305437137e-05, 4.53984794149e-05, 4.73289364891e-05, 5.09501442139e-05, 5.89586852584e-05, 8.68074421305e-05, 0.000248250173172, 5.6813860283e-05],
        "dmean2": [0.000555641017854, 0.00488751428202, 0.000916321121622, 0.000830856733955, 0.00153710972518, 0.0014324208023, 0.00108425121289, 0.000696940347552, 0.000746682228055, 0.00134328368586, 0.00088292878354, 0.000726432306692, 0.000550671597011, 0.000866376794875, 0.000536265200935, 0.000348505651345, 0.00023551027698, 0.000144323246786, 7.95543455752e-05, 6.68390566716e-05, 6.87522697262e-05, 6.86797866365e-05, 7.25311765564e-05, 8.05114323157e-05, 0.000123581266962, 0.000366327178199, 8.61686421558e-05],
        "dvar": [6.55188330256e-07, 7.52518317313e-05, 2.21695609071e-06, 1.6245533061e-06, 9.19614103623e-06, 1.16033497761e-05, 6.29501209914e-06, 1.66683526004e-06, 2.22846165343e-06, 5.96906284045e-06, 1.85625435734e-06, 1.58121963523e-06, 7.03061573404e-07, 2.03270155907e-06, 6.69833696065e-07, 1.80000512273e-07, 8.67762395274e-08, 3.35943752816e-08, 1.44961207482e-08, 1.14162634901e-08, 1.57235700016e-08, 9.12107367412e-09, 9.79617365005e-09, 1.05218198598e-08, 2.54068286409e-08, 2.72778095223e-07, 1.66754166031e-08],
        "dvar2": [1.68497342656e-06, 0.000199681438971, 5.84490362598e-06, 4.02667956223e-06, 2.04698499147e-05, 3.46110500686e-05, 1.76984631253e-05, 4.53597476735e-06, 4.31678381574e-06, 1.3382294128e-05, 4.11399878431e-06, 3.11657981911e-06, 1.69659801941e-06, 4.52584754385e-06, 1.6946788719e-06, 4.94524158512e-07, 2.31810304285e-07, 8.76550672047e-08, 3.86648615347e-08, 3.09860368475e-08, 3.97029680244e-08, 1.9777131044e-08, 1.977459263e-08, 1.97613214681e-08, 5.17217486617e-08, 5.78174194743e-07, 3.70151838069e-08],
        "max": [0.0101208351552, 0.106362760067, 0.0251366794109, 0.0171313285828, 0.0440416298807, 0.038892224431, 0.0320038571954, 0.016726847738, 0.0435777679086, 0.0436655133963, 0.0225733891129, 0.0303094387054, 0.0145035609603, 0.0212311968207, 0.0133283045143, 0.00730822049081, 0.00564544415101, 0.00283915991895, 0.00151543435641, 0.00153305497952, 0.00143380381633, 0.00129518320318, 0.00148542353418, 0.00130289013032, 0.00169289449695, 0.00379105936736, 0.00141007034108],
        "mean": [0.000339244725183, 0.00359457009472, 0.00141041679308, 0.00111334992107, 0.00143083720468, 0.000586916110478, 0.000610106333625, 0.000628014560789, 0.000816571409814, 0.00175599264912, 0.0015787743032, 0.0013305710163, 0.000552039651666, 0.000942312879488, 0.000578589679208, 0.000417184608523, 0.000301968684653, 0.000174593718839, 8.6225431005e-05, 7.42840857129e-05, 7.40228570066e-05, 8.8585409685e-05, 9.22753024497e-05, 0.00010487743566, 0.000135821901495, 0.00032923812978, 6.58984208712e-05],
        "median": [5.92767573835e-05, 0.00076983391773, 0.000301490945276, 0.000222244081669, 0.000198473659111, 8.80962543306e-05, 0.000118300733448, 0.000143768367707, 8.42428780743e-05, 0.00018880526477, 0.000217582957703, 0.000163664561114, 0.000154422988999, 0.000174538712599, 9.05643901206e-05, 7.49083556002e-05, 7.16146460036e-05, 4.77226240037e-05, 1.96576329472e-05, 2.67187515419e-05, 2.04173484235e-05, 3.43787178281e-05, 3.06745678245e-05, 2.52313893725e-05, 2.25984567805e-05, 3.18708844134e-05, 4.24751351602e-06],
        "min": [1.36168229218e-24, 2.37596562448e-24, 6.16599084842e-24, 9.58801739045e-24, 5.97774244625e-23, 5.48494103876e-23, 1.35968772443e-22, 2.71653371945e-23, 9.79908375207e-23, 3.14911190771e-23, 2.87324377817e-23, 5.879084346e-23, 5.45521171114e-23, 9.26671876137e-23, 1.64226943893e-22, 1.61647053189e-22, 1.30698575751e-22, 2.90454091951e-22, 1.50293060222e-22, 4.27930459625e-22, 4.57100945557e-22, 3.95870193182e-22, 6.17906391445e-22, 7.91409342463e-22, 1.10730181309e-21, 1.85421420033e-21, 2.6578918571e-21],
        "var": [6.23246194209e-07, 6.79719087202e-05, 6.48886953059e-06, 4.51624509878e-06, 1.17811641758e-05, 7.00764576322e-06, 4.3232284952e-06, 1.72477882643e-06, 8.2184888015e-06, 1.85511762538e-05, 9.77194213192e-06, 1.23308345792e-05, 1.26862278194e-06, 4.50255720352e-06, 1.27715304643e-06, 5.51246955638e-07, 2.89663319109e-07, 8.94323761713e-08, 2.6321636426e-08, 1.66912901278e-08, 2.40684236985e-08, 2.02065137955e-08, 2.5641732293e-08, 2.90230204314e-08, 5.40701563523e-08, 4.19303717081e-07, 2.01726972904e-08]
    },
    "erbbands": {
        "dmean": [0.11473107338, 0.567979514599, 0.680385828018, 1.14223587513, 4.00185728073, 2.18747162819, 3.34033846855, 7.11217927933, 6.93171548843, 12.9621982574, 6.85688400269, 12.1228656769, 28.7254734039, 18.4162425995, 26.1568107605, 20.6622238159, 17.4461574554, 26.1799354553, 18.6025218964, 15.1269845963, 8.66163444519, 6.82631921768, 5.51150035858, 2.94379472733, 2.03785800934, 2.11211872101, 1.89821302891, 1.71385681629, 1.64229285717, 1.72732996941, 1.43932461739, 1.24654996395, 1.00715470314, 0.890758574009, 0.653019368649, 0.66733789444, 0.527881324291, 0.16871099174, 0.00542711978778, 0.00011061722762],
        "dmean2": [0.195504739881, 0.988905847073, 1.15044796467, 1.75695073605, 6.22030735016, 3.60529994965, 5.9978427887, 13.293879509, 12.1349897385, 22.5370941162, 10.2066040039, 18.6510486603, 44.5267410278, 25.4106369019, 36.2248497009, 30.7330055237, 27.2823429108, 40.7811775208, 29.0326118469, 24.4455184937, 13.8177661896, 10.7614774704, 8.82714557648, 4.78249406815, 3.1240401268, 3.28824830055, 2.92696595192, 2.52458524704, 2.41263103485, 2.54448509216, 2.05608606339, 1.75571978092, 1.39121651649, 1.28449702263, 0.937574565411, 0.973354279995, 0.796658456326, 0.251311182976, 0.00811792816967, 0.0001622428681],
        "dvar": [0.109612219036, 3.42133760452, 3.70409703255, 5.96181869507, 172.45954895, 34.872882843, 157.268722534, 1082.06970215, 741.252929688, 2866.81958008, 349.382476807, 1662.82189941, 7425.47460938, 1929.4128418, 3836.66235352, 3010.86254883, 1895.96228027, 4383.78369141, 1705.49401855, 1030.91210938, 276.389221191, 189.761367798, 135.690124512, 46.0649223328, 26.6007957458, 31.4879608154, 26.0350780487, 20.5963611603, 11.4610977173, 12.5794830322, 8.01629543304, 5.49844551086, 3.1879837513, 2.66845655441, 1.55119097233, 1.80182290077, 1.29327023029, 0.134530305862, 0.000142093020258, 5.32905630735e-08],
        "dvar2": [0.294855386019, 9.36509513855, 10.1495771408, 13.6102962494, 393.701538086, 85.2783660889, 458.870513916, 3255.80078125, 2112.25439453, 8148.94140625, 821.721313477, 3156.36035156, 17260.8886719, 3529.41186523, 8518.72265625, 6453.06494141, 4577.04589844, 9953.99804688, 4075.64111328, 2841.0168457, 735.321533203, 502.880706787, 370.768676758, 126.215713501, 65.3718261719, 88.5955886841, 66.779876709, 48.927280426, 25.8722572327, 27.0874519348, 15.727227211, 11.1706409454, 6.13075590134, 5.58912324905, 3.20188832283, 3.76079726219, 2.79508829117, 0.286115437746, 0.000302508735331, 1.11698383876e-07],
        "max": [4.30263614655, 25.2043552399, 29.4302043915, 36.021697998, 169.367080688, 75.1583709717, 134.28036499, 392.923706055, 314.104125977, 731.126647949, 276.928314209, 1207.29003906, 1714.35888672, 829.786682129, 1129.61853027, 1395.15722656, 815.16015625, 981.797546387, 621.477783203, 481.546630859, 226.510040283, 275.20199585, 172.145309448, 75.1564178467, 72.205078125, 91.326423645, 68.1014785767, 65.0369796753, 41.1086158752, 49.3955078125, 46.8321838379, 40.1716003418, 23.9779663086, 23.0956821442, 14.7596626282, 13.6053133011, 8.72463321686, 3.10792803764, 0.106704950333, 0.00191231921781],
        "mean": [0.13296212256, 0.690785229206, 1.53225839138, 2.90203785896, 5.91401386261, 3.25400853157, 3.0548286438, 5.31215238571, 6.78949928284, 14.4698553085, 11.2826976776, 22.0129051208, 55.613948822, 37.7164077759, 79.5958938599, 54.5696792603, 32.0504074097, 44.8586959839, 34.4313316345, 29.8103580475, 19.9335174561, 14.552365303, 10.5583486557, 5.59384632111, 3.6020655632, 3.56792354584, 3.33747220039, 2.83748173714, 2.99117779732, 3.10222554207, 2.60623407364, 2.20287203789, 1.72119116783, 1.40812313557, 0.988302648067, 0.935513794422, 0.6887819767, 0.206936970353, 0.00663822516799, 0.000154255933012],
        "median": [0.0268358960748, 0.13324919343, 0.309044569731, 0.733804583549, 0.896553039551, 0.541377067566, 0.617730021477, 0.818255722523, 1.47832274437, 3.42004561424, 2.57439994812, 2.36052703857, 4.89475345612, 8.6726474762, 9.85678291321, 7.84263181686, 9.28345966339, 10.3096237183, 9.46129798889, 6.6862950325, 4.14454555511, 4.01578760147, 3.10513091087, 1.5897821188, 1.05738937855, 1.22161066532, 1.01179480553, 0.80634444952, 1.0602606535, 1.18854641914, 0.8232832551, 0.62922757864, 0.379434347153, 0.242759823799, 0.160499975085, 0.114040091634, 0.0550865009427, 0.0142763908952, 0.000467818783363, 3.04144668917e-05],
        "min": [1.05310419114e-22, 4.13471661596e-22, 3.74300883157e-21, 2.70262750523e-20, 6.91008653774e-20, 3.12324761887e-19, 1.54331248636e-19, 5.84602143104e-19, 1.097858821e-18, 2.42687967483e-18, 7.16398742957e-19, 2.21810900759e-18, 1.42449393673e-18, 9.43928470618e-19, 1.75701392553e-18, 1.84752837086e-18, 2.26199011191e-18, 5.33032498392e-18, 5.2135626502e-18, 1.17267873429e-17, 6.74145912658e-18, 9.53670673001e-18, 1.41491857668e-17, 9.32067114225e-18, 1.10363396856e-17, 1.96470499799e-17, 2.05931742015e-17, 1.37149531683e-17, 1.33882250982e-17, 1.69905412447e-17, 1.7129628356e-17, 1.30569533249e-17, 1.52392824283e-17, 1.1336120693e-17, 9.13041215673e-18, 7.63459581246e-18, 3.23206845003e-18, 1.45083571013e-18, 3.23877218021e-19, 4.19427131786e-20],
        "var": [0.0960096791387, 2.7770357132, 7.98881292343, 24.3574104309, 212.257141113, 46.6506347656, 101.16859436, 636.765869141, 527.523925781, 1914.19262695, 637.243530273, 6169.67626953, 22749.0332031, 6353.08935547, 27472.984375, 20231.015625, 3823.07446289, 9221.22558594, 3961.28027344, 2429.25512695, 1137.44763184, 596.16217041, 340.580993652, 92.4776306152, 47.209022522, 41.2693023682, 39.9893379211, 35.5063209534, 24.4003658295, 27.1168498993, 21.143119812, 14.9224510193, 7.56076478958, 5.6935749054, 3.06799149513, 3.16447305679, 1.89858567715, 0.182749703526, 0.000188541671378, 7.91596406202e-08]
    },
    "gfcc": {
        "mean": [-52.9918937683, 62.8453140259, -103.921775818, 2.91596055031, -41.3516426086, 29.04347229, -32.87915802, 10.424279213, -22.2738208771, 6.12221956253, -20.3947467804, 7.26626062393, -16.3644962311],
        "cov": [[18196.9335938, -2049.44775391, -128.139633179, -64.2735519409, -62.09532547, 446.337127686, 48.183303833, 262.254455566, -294.319702148, -14.2373666763, -651.51159668, 23.3559341431, -269.498443604], [-2049.44775391, 2390.72875977, -436.424499512, 322.625671387, 217.070495605, -29.6588916779, 134.265838623, -88.0944595337, 91.7407226562, -197.55847168, 155.335632324, -211.986328125, 47.0464477539], [-128.139633179, -436.424499512, 1695.49035645, 228.031112671, 316.317840576, 177.990127563, 58.2644844055, 49.897441864, -149.956222534, 39.4366836548, -144.246490479, 43.6201286316, -72.5143661499], [-64.2735519409, 322.625671387, 228.031112671, 597.472412109, 159.197189331, 81.7104415894, 20.3085346222, -11.7155370712, 49.9315910339, -43.5598487854, -35.8559951782, -98.7156982422, 9.73472595215], [-62.09532547, 217.070495605, 316.317840576, 159.197189331, 569.617919922, 124.507392883, 47.4075317383, 75.2328414917, 3.66391015053, -29.8437232971, -97.7505645752, -18.4609546661, -16.4681549072], [446.337127686, -29.6588916779, 177.990127563, 81.7104415894, 124.507392883, 292.979888916, 150.731506348, 38.0773658752, -16.8328018188, -33.921546936, -35.3931007385, 2.32478260994, -26.3982715607], [48.183303833, 134.265838623, 58.2644844055, 20.3085346222, 47.4075317383, 150.731506348, 208.318054199, 38.3381729126, -1.14864444733, -34.3936462402, 16.1835174561, -0.735100984573, -11.4690198898], [262.254455566, -88.0944595337, 49.897441864, -11.7155370712, 75.2328414917, 38.0773658752, 38.3381729126, 119.883262634, 41.5173568726, -5.92927980423, -52.8357391357, 11.1251220703, 10.4342899323], [-294.319702148, 91.7407226562, -149.956222534, 49.9315910339, 3.66391015053, -16.8328018188, -1.14864444733, 41.5173568726, 144.422653198, 28.1259288788, 13.5360603333, -12.5445604324, 34.0390319824], [-14.2373666763, -197.55847168, 39.4366836548, -43.5598487854, -29.8437232971, -33.921546936, -34.3936462402, -5.92927980423, 28.1259288788, 118.519744873, 53.645652771, 35.3142242432, 3.56037211418], [-651.51159668, 155.335632324, -144.246490479, -35.8559951782, -97.7505645752, -35.3931007385, 16.1835174561, -52.8357391357, 13.5360603333, 53.645652771, 178.816864014, 31.0257911682, 2.41104578972], [23.3559341431, -211.986328125, 43.6201286316, -98.7156982422, -18.4609546661, 2.32478260994, -0.735100984573, 11.1251220703, -12.5445604324, 35.3142242432, 31.0257911682, 97.7034225464, 11.2295799255], [-269.498443604, 47.0464477539, -72.5143661499, 9.73472595215, -16.4681549072, -26.3982715607, -11.4690198898, 10.4342899323, 34.0390319824, 3.56037211418, 2.41104578972, 11.2295799255, 77.5579986572]],
        "icov": [[8.72491946211e-05, 1.06633151518e-05, 0.000111594483315, -9.62251360761e-05, 8.2720653154e-05, -0.000110570021207, -2.0037898139e-05, -0.000188461068319, 0.00029514572816, -0.000308917631628, 0.000437529874034, -0.000129667212605, 0.000305260735331], [1.06633151518e-05, 0.0010328568751, 2.17371361941e-05, -5.33334832653e-06, -0.000697731273249, 0.000472957763122, -0.000551776320208, 0.00061001238646, -0.000586812384427, 0.00194070872385, -0.00175221869722, 0.00187450530939, -0.00076780130621], [0.000111594483315, 2.17371361941e-05, 0.00114056735765, -0.00070772197796, -0.000147068247315, -0.00018329800514, -0.000346355285728, -0.000524646893609, 0.00165769353043, -0.0015938335564, 0.00142880191561, -0.000937451666687, 0.000892503594514], [-9.62251360761e-05, -5.33334832653e-06, -0.00070772197796, 0.00284860818647, -0.000541299639735, -0.000691733555868, 0.000591315270867, 0.00120849208906, -0.00191205064766, 0.00137050135527, -0.00120625284035, 0.00278567522764, -0.00136547535658], [8.2720653154e-05, -0.000697731273249, -0.000147068247315, -0.000541299639735, 0.00294274813496, -0.00103501894046, 0.000553913239855, -0.00168422749266, 0.000637462304439, -0.00152839871589, 0.00217890180647, -0.0014282829361, 0.00115162646398], [-0.000110570021207, 0.000472957763122, -0.00018329800514, -0.000691733555868, -0.00103501894046, 0.00702544022352, -0.00497728958726, 0.000915998534765, -0.00041685893666, 0.00109842419624, 0.000256945204455, -0.000690853688866, 0.00078111916082], [-2.0037898139e-05, -0.000551776320208, -0.000346355285728, 0.000591315270867, 0.000553913239855, -0.00497728958726, 0.00988379213959, -0.00342806684785, 0.000129453721456, 0.0020215685945, -0.00304692052305, 0.000490929640364, 8.73302778928e-05], [-0.000188461068319, 0.00061001238646, -0.000524646893609, 0.00120849208906, -0.00168422749266, 0.000915998534765, -0.00342806684785, 0.0152716068551, -0.00646313792095, 0.00196192902513, 0.00287830247544, -0.00157416681759, -0.00138949777465], [0.00029514572816, -0.000586812384427, 0.00165769353043, -0.00191205064766, 0.000637462304439, -0.00041685893666, 0.000129453721456, -0.00646313792095, 0.0136800203472, -0.00661801593378, 0.00174435379449, 0.000652466434985, -0.00179529667366], [-0.000308917631628, 0.00194070872385, -0.0015938335564, 0.00137050135527, -0.00152839871589, 0.00109842419624, 0.0020215685945, 0.00196192902513, -0.00661801593378, 0.0187319144607, -0.00938451569527, 0.00141258060466, -0.00169667624868], [0.000437529874034, -0.00175221869722, 0.00142880191561, -0.00120625284035, 0.00217890180647, 0.000256945204455, -0.00304692052305, 0.00287830247544, 0.00174435379449, -0.00938451569527, 0.0159381181002, -0.0076194726862, 0.00405580177903], [-0.000129667212605, 0.00187450530939, -0.000937451666687, 0.00278567522764, -0.0014282829361, -0.000690853688866, 0.000490929640364, -0.00157416681759, 0.000652466434985, 0.00141258060466, -0.0076194726862, 0.0201902315021, -0.00610547885299], [0.000305260735331, -0.00076780130621, 0.000892503594514, -0.00136547535658, 0.00115162646398, 0.00078111916082, 8.73302778928e-05, -0.00138949777465, -0.00179529667366, -0.00169667624868, 0.00405580177903, -0.00610547885299, 0.0177598837763]]
    },
    "melbands": {
        "dmean": [0.000904123706277, 0.000461927673314, 0.000284920708509, 0.000234120510868, 0.000105540791992, 0.00015548641386, 0.000113183683425, 0.000135444410262, 5.22282825841e-05, 7.80967020546e-05, 0.00014598670532, 7.57425004849e-05, 8.59220963321e-05, 5.68531577301e-05, 4.65086050099e-05, 3.42013045156e-05, 5.6842527556e-05, 3.36467273883e-05, 2.54255155596e-05, 1.89258898899e-05, 1.06585348476e-05, 8.25098322821e-06, 8.21672620077e-06, 3.75477702619e-06, 2.51335563917e-06, 1.76156845555e-06, 1.35112634325e-06, 1.54770646077e-06, 1.29408510929e-06, 1.10711675916e-06, 1.08476569949e-06, 9.22476090182e-07, 1.05907781744e-06, 1.03999889234e-06, 8.48414686061e-07, 8.02733381988e-07, 7.88744841884e-07, 6.74422267366e-07, 8.8597590775e-07, 7.34783213829e-07],
        "dmean2": [0.00152206222992, 0.000801596383099, 0.000435811409261, 0.000372218113625, 0.000186812510947, 0.000289841380436, 0.000197784553166, 0.000233424652833, 7.77185050538e-05, 0.00011977662507, 0.000224751944188, 0.00010361160821, 0.000119703807286, 7.99021945568e-05, 7.2565911978e-05, 5.26081275893e-05, 8.8761713414e-05, 5.20241883351e-05, 4.05577266065e-05, 3.12293705065e-05, 1.71260981006e-05, 1.30963271658e-05, 1.33048197313e-05, 6.14881946603e-06, 4.16248303736e-06, 2.79827008853e-06, 2.10866210182e-06, 2.43789668275e-06, 2.01481202566e-06, 1.73756859567e-06, 1.60229080848e-06, 1.38519146731e-06, 1.58155876306e-06, 1.57949864388e-06, 1.22993071727e-06, 1.18400350857e-06, 1.141776238e-06, 9.70475639406e-07, 1.28536726152e-06, 1.08245603769e-06],
        "dvar": [6.80374841977e-06, 1.96229211724e-06, 4.69939777759e-07, 5.30770762452e-07, 1.37834121006e-07, 4.98133658766e-07, 1.97129111257e-07, 2.8348645742e-07, 1.90401845401e-08, 6.7005807125e-08, 1.90526805e-07, 3.62934891029e-08, 3.58940965839e-08, 1.70424403478e-08, 1.20403758075e-08, 6.13388406734e-09, 2.30131895762e-08, 5.21696774669e-09, 3.76721143169e-09, 1.57267643353e-09, 4.66990945913e-10, 3.05473840667e-10, 3.84304338352e-10, 7.64740770709e-11, 3.26938545681e-11, 2.17309469031e-11, 1.21318181195e-11, 1.77848760025e-11, 1.05684714452e-11, 9.47772416104e-12, 8.38703932693e-12, 3.63767306208e-12, 4.99192224016e-12, 4.57800030523e-12, 2.93082615468e-12, 2.28019317837e-12, 2.34361943914e-12, 1.43793104593e-12, 2.7201320623e-12, 1.81504128133e-12],
        "dvar2": [1.79394919542e-05, 5.3185226534e-06, 1.10062671865e-06, 1.17417823731e-06, 4.03071794608e-07, 1.49372340275e-06, 5.57538044177e-07, 8.02518684395e-07, 4.19562837806e-08, 1.25155153796e-07, 4.4349297923e-07, 6.59179875129e-08, 7.9229401706e-08, 3.4469206156e-08, 2.86848234055e-08, 1.41852263269e-08, 5.23946894759e-08, 1.21264775998e-08, 9.61211643613e-09, 4.4206842631e-09, 1.24732069118e-09, 8.38103586531e-10, 1.05146091833e-09, 2.08902395382e-10, 9.20414369721e-11, 5.72596831061e-11, 3.10306676188e-11, 5.04450405059e-11, 2.63721336435e-11, 2.47090143485e-11, 1.99402196144e-11, 8.6570143415e-12, 1.10522502608e-11, 1.05999722888e-11, 5.73708702073e-12, 5.06975451203e-12, 4.7656301648e-12, 2.85748096192e-12, 5.78432223994e-12, 3.94312490645e-12],
        "max": [0.0287181101739, 0.0181342381984, 0.00889233965427, 0.0105871232226, 0.00404905853793, 0.00842202361673, 0.00470333639532, 0.00711048021913, 0.00212889001705, 0.00820094347, 0.00849199667573, 0.00364636699669, 0.00308556691743, 0.00302450917661, 0.00271214311942, 0.00135495862924, 0.00225696526468, 0.00118135160301, 0.000892825250048, 0.000583371613175, 0.000302573549561, 0.000304486835375, 0.000300997751765, 0.000134143425385, 6.34415700915e-05, 7.66503144405e-05, 5.74885125388e-05, 7.51364932512e-05, 4.91980463266e-05, 4.28180355811e-05, 5.24886127096e-05, 2.032165321e-05, 3.29527611029e-05, 2.73410860245e-05, 2.84585676127e-05, 1.81282739504e-05, 2.92480599455e-05, 1.5299725419e-05, 2.20096026169e-05, 1.8336919311e-05],
        "mean": [0.00108646997251, 0.000850361830089, 0.000610380899161, 0.000354293151759, 0.000105245773739, 0.000118334828585, 0.000109895430796, 0.000158265145728, 9.01137900655e-05, 0.000139771582326, 0.000275368860457, 0.000138611343573, 0.000244463270064, 0.000169385079062, 9.80474796961e-05, 5.49365613551e-05, 9.26085776882e-05, 5.75077283429e-05, 4.40979019913e-05, 3.56162963726e-05, 2.21858299483e-05, 1.596988659e-05, 1.37255028676e-05, 6.59984243612e-06, 4.34969933849e-06, 2.7373712328e-06, 2.16780654227e-06, 2.46168701779e-06, 2.22322614718e-06, 1.67940709161e-06, 1.69025577179e-06, 1.58071941314e-06, 1.85572821465e-06, 1.70175053427e-06, 1.47768048464e-06, 1.39682458666e-06, 1.33771243327e-06, 1.12329337298e-06, 1.34793913276e-06, 1.11585916329e-06],
        "median": [0.000246270559728, 0.000188707461348, 0.000142389850225, 5.08298071509e-05, 2.28830340347e-05, 1.77680121851e-05, 2.17665601667e-05, 3.65937921742e-05, 1.85406879609e-05, 1.33571847982e-05, 2.16221123992e-05, 2.39108121605e-05, 2.95586505672e-05, 2.05457072298e-05, 1.76117082447e-05, 1.75257555384e-05, 1.58822840604e-05, 1.25835686049e-05, 8.57671693666e-06, 6.06184221397e-06, 3.42105681739e-06, 3.69148642676e-06, 3.7567444906e-06, 1.57966871939e-06, 1.0996062656e-06, 6.20105083726e-07, 7.09246819497e-07, 7.27162557723e-07, 5.66115261336e-07, 4.42937363232e-07, 4.46660862963e-07, 5.33225659183e-07, 6.54278835555e-07, 6.08181551343e-07, 4.54795014093e-07, 4.15002375576e-07, 3.26597501044e-07, 2.65489006779e-07, 2.54568846003e-07, 1.73872450659e-07],
        "min": [8.51210992055e-25, 1.65710606663e-24, 5.01649784164e-24, 1.37233256521e-23, 7.61964298227e-24, 1.32773967819e-23, 2.03901469343e-23, 2.24123508441e-23, 6.09914119759e-24, 1.47671448242e-23, 7.09763715521e-24, 3.63310875976e-24, 4.95392736679e-24, 7.8890894685e-24, 3.21422223858e-24, 6.10995963604e-24, 1.04772584793e-23, 7.22497350481e-24, 1.29720421361e-23, 1.50853555361e-23, 5.70702881275e-24, 6.57003751546e-24, 1.77431793871e-23, 1.0058251854e-23, 6.70781049484e-24, 7.35393333015e-24, 1.17048199222e-23, 1.27463158989e-23, 1.15467408743e-23, 1.55755331922e-23, 4.65688889268e-24, 6.55066861366e-24, 9.60726401881e-24, 9.70298676764e-24, 9.31633369469e-24, 9.63699145317e-24, 7.42444408444e-24, 1.13068971824e-23, 8.85605307802e-24, 9.81370418454e-24],
        "var": [6.21183016847e-06, 2.59068929154e-06, 1.16588580568e-06, 7.07960793989e-07, 9.2507427496e-08, 2.98596688708e-07, 1.39097792839e-07, 1.95709318973e-07, 4.18825507609e-08, 2.63219106955e-07, 5.70302063352e-07, 1.1302857672e-07, 2.39864476725e-07, 1.64054299034e-07, 5.24026440019e-08, 1.13827498538e-08, 4.66023593049e-08, 1.23640377936e-08, 6.69616051496e-09, 4.17502210581e-09, 1.60914637171e-09, 8.1705403554e-10, 7.5085809792e-10, 1.37875336148e-10, 6.02178376607e-11, 3.25351551256e-11, 1.71315427122e-11, 2.20111168875e-11, 1.74145958071e-11, 1.3022849292e-11, 1.33864933027e-11, 6.88503073998e-12, 1.02796382517e-11, 8.84609486357e-12, 7.43248084606e-12, 5.67395999976e-12, 5.90295737637e-12, 3.28063097521e-12, 5.19360813037e-12, 3.72445086924e-12]
    },
    "mfcc": {
        "mean": [-707.111877441, 114.031295776, -2.19520497322, -6.09508228302, 11.1167268753, 14.2982988358, 3.43234825134, 9.0215959549, 2.93376636505, 2.37484741211, 1.27770233154, 1.16181850433, 0.82066398859],
        "cov": [[15565.1542969, -1156.87792969, -741.318359375, -226.898117065, -185.246261597, 96.2573928833, -13.2803955078, 239.559051514, 333.097930908, 40.7876243591, -128.079986572, -71.7756118774, -160.87121582], [-1156.87792969, 1449.65661621, -137.831390381, 132.508529663, 114.089653015, 46.311870575, 106.688720703, 79.5505905151, -41.5900840759, 15.3729257584, 29.9637565613, 8.54167556763, 0.976647019386], [-741.318359375, -137.831390381, 1066.28161621, 216.22819519, 124.570068359, 146.705123901, 181.242996216, 24.1102333069, 28.6887016296, -5.27446556091, 6.12171173096, -11.2447118759, -23.7188167572], [-226.898117065, 132.508529663, 216.22819519, 462.442626953, 234.749740601, 88.2808837891, 15.6435317993, 0.900355517864, 51.805606842, 46.8553009033, -13.4754333496, 2.28968501091, -27.1650524139], [-185.246261597, 114.089653015, 124.570068359, 234.749740601, 445.549957275, 127.44417572, 79.314491272, 51.445602417, 137.665481567, 23.7787075043, 11.7613554001, -21.4031848907, -39.2352561951], [96.2573928833, 46.311870575, 146.705123901, 88.2808837891, 127.44417572, 239.80947876, 137.952758789, 85.4185409546, 49.4123878479, 10.7920207977, 29.8089466095, 21.7320137024, 5.08035945892], [-13.2803955078, 106.688720703, 181.242996216, 15.6435317993, 79.314491272, 137.952758789, 244.377166748, 106.579154968, 22.587556839, -17.1603507996, 30.8146457672, 4.65625810623, 4.3592915535], [239.559051514, 79.5505905151, 24.1102333069, 0.900355517864, 51.445602417, 85.4185409546, 106.579154968, 187.695739746, 93.5961685181, 10.3920288086, 14.7812080383, 3.28502678871, -2.2580845356], [333.097930908, -41.5900840759, 28.6887016296, 51.805606842, 137.665481567, 49.4123878479, 22.587556839, 93.5961685181, 214.3465271, 48.6276893616, -12.4618186951, -29.058795929, -38.3251876831], [40.7876243591, 15.3729257584, -5.27446556091, 46.8553009033, 23.7787075043, 10.7920207977, -17.1603507996, 10.3920288086, 48.6276893616, 104.336769104, 16.2188034058, 4.39349365234, -14.1636562347], [-128.079986572, 29.9637565613, 6.12171173096, -13.4754333496, 11.7613554001, 29.8089466095, 30.8146457672, 14.7812080383, -12.4618186951, 16.2188034058, 73.7370452881, 30.2602787018, 12.6987142563], [-71.7756118774, 8.54167556763, -11.2447118759, 2.28968501091, -21.4031848907, 21.7320137024, 4.65625810623, 3.28502678871, -29.058795929, 4.39349365234, 30.2602787018, 93.5874557495, 38.84715271], [-160.87121582, 0.976647019386, -23.7188167572, -27.1650524139, -39.2352561951, 5.08035945892, 4.3592915535, -2.2580845356, -38.3251876831, -14.1636562347, 12.6987142563, 38.84715271, 82.7876586914]],
