{
"lowlevel": {
    "average_loudness": 0.213189318776,
    "barkbands_crest": {
        "dmean": 2.11010432243,
        "dmean2": 3.41214990616,
        "dvar": 3.70663428307,
        "dvar2": 9.19123363495,
        "max": 25.1108779907,
        "mean": 11.7113008499,
        "median": 11.0681190491,
        "min": 1.99285185337,
        "var": 19.6254730225
    },
    "barkbands_flatness_db": {
        "dmean": 0.01714200899,
        "dmean2": 0.0262098591775,
        "dvar": 0.000258879939793,
        "dvar2": 0.000567803508602,
        "max": 0.39962130785,
        "mean": 0.231427147985,
        "median": 0.227386623621,
        "min": 0.0141708413139,
        "var": 0.0028333819937
    },
    "barkbands_kurtosis": {
        "dmean": 2.54404330254,
        "dmean2": 3.9143986702,
        "dvar": 17.2228298187,
        "dvar2": 41.5823516846,
        "max": 117.905509949,
        "mean": 6.16689634323,
        "median": 3.58165121078,
        "min": -1.88183581829,
        "var": 100.849853516
    },
    "barkbands_skewness": {
        "dmean": 0.416980862617,
        "dmean2": 0.631287753582,
        "dvar": 0.171600311995,
        "dvar2": 0.395361483097,
        "max": 9.4141254425,
        "mean": 1.58159017563,
        "median": 1.47813916206,
        "min": -2.1414296627,
        "var": 1.49506175518
    },
    "barkbands_spread": {
        "dmean": 2.38574671745,
        "dmean2": 3.51308965683,
        "dvar": 16.1912670135,
        "dvar2": 25.0095558167,
        "max": 97.3693771362,
        "mean": 11.0517492294,
        "median": 8.49588108063,
        "min": 0.718889594078,
        "var": 105.702125549
    },
    "dissonance": {
        "dmean": 0.0339214019477,
        "dmean2": 0.0574333965778,
        "dvar": 0.000933863979299,
        "dvar2": 0.00262038642541,
        "max": 0.499468654394,
        "mean": 0.410038053989,
        "median": 0.417794764042,
        "min": 0.133864834905,
        "var": 0.00275400746614
    },
    "dynamic_complexity": 4.58361244202,
    "erbbands_crest": {
        "dmean": 2.78518295288,
        "dmean2": 4.38572788239,
        "dvar": 6.51552963257,
        "dvar2": 14.9839305878,
        "max": 32.5748138428,
        "mean": 12.508728981,
        "median": 11.3709201813,
        "min": 2.91319108009,
        "var": 31.0339622498
    },
    "erbbands_flatness_db": {
        "dmean": 0.0141086066142,
        "dmean2": 0.0207509603351,
        "dvar": 0.000200360416784,
        "dvar2": 0.000398006755859,
        "max": 0.426327049732,
        "mean": 0.248876854777,
        "median": 0.2410607934,
        "min": 0.0849978998303,
        "var": 0.00290973717347
    },
    "erbbands_kurtosis": {
        "dmean": 1.28006958961,
        "dmean2": 2.01824688911,
        "dvar": 3.81480503082,
        "dvar2": 9.68580722809,
        "max": 43.8601264954,
        "mean": 1.94859063625,
        "median": 1.1998925209,
        "min": -1.74875330925,
        "var": 11.3363008499
    },
    "erbbands_skewness": {
        "dmean": 0.352336376905,
        "dmean2": 0.536634385586,
        "dvar": 0.0966676473618,
        "dvar2": 0.21409201622,
        "max": 5.75630712509,
        "mean": 0.893053770065,
        "median": 0.841359496117,
        "min": -2.37566637993,
        "var": 0.644274771214
    },
    "erbbands_spread": {
        "dmean": 4.51610612869,
        "dmean2": 6.74184846878,
        "dvar": 35.3631095886,
        "dvar2": 67.3106918335,
        "max": 131.060638428,
        "mean": 23.366350174,
        "median": 20.2803516388,
        "min": 1.43429660797,
        "var": 220.139419556
    },
    "hfc": {
        "dmean": 2.65122580528,
        "dmean2": 3.964584589,
        "dvar": 40.4484977722,
        "dvar2": 95.4192810059,
        "max": 236.584259033,
        "mean": 10.6484861374,
        "median": 3.65938019753,
        "min": 1.28911386846e-16,
        "var": 358.470367432
    },
    "melbands_crest": {
        "dmean": 2.41996598244,
        "dmean2": 3.89596033096,
        "dvar": 5.28207683563,
        "dvar2": 13.3711738586,
        "max": 33.640007019,
        "mean": 15.2735519409,
        "median": 13.8101987839,
        "min": 1.94238650799,
        "var": 40.3134765625
    },
    "melbands_flatness_db": {
        "dmean": 0.0177671648562,
        "dmean2": 0.0253477934748,
        "dvar": 0.000329812610289,
        "dvar2": 0.000603680382483,
        "max": 0.469716966152,
        "mean": 0.278405725956,
        "median": 0.280997902155,
        "min": 0.00624960707501,
        "var": 0.00464843725786
    },
    "melbands_kurtosis": {
        "dmean": 4.28974056244,
        "dmean2": 6.60749578476,
        "dvar": 48.3936157227,
        "dvar2": 114.848854065,
        "max": 190.083114624,
        "mean": 11.0339841843,
        "median": 6.58051204681,
        "min": -1.72348022461,
        "var": 273.495330811
    },
    "melbands_skewness": {
        "dmean": 0.510272800922,
        "dmean2": 0.777195572853,
        "dvar": 0.259707927704,
        "dvar2": 0.599556207657,
        "max": 11.4924726486,
        "mean": 2.11150240898,
        "median": 2.00394630432,
        "min": -1.2639964819,
        "var": 2.19227004051
    },
    "melbands_spread": {
        "dmean": 3.02862238884,
        "dmean2": 4.46285438538,
        "dvar": 30.8087997437,
        "dvar2": 51.166343689,
        "max": 166.65574646,
        "mean": 13.1465587616,
        "median": 10.0783967972,
        "min": 0.840585768223,
        "var": 169.364379883
    },
    "pitch_salience": {
        "dmean": 0.0558821707964,
        "dmean2": 0.0908259749413,
        "dvar": 0.00237610493787,
        "dvar2": 0.00590504938737,
        "max": 0.839188933372,
        "mean": 0.512505054474,
        "median": 0.527967631817,
        "min": 0.0865022093058,
        "var": 0.0143700046465
    },
    "silence_rate_20dB": {
        "dmean": 0,
        "dmean2": 0,
        "dvar": 0,
        "dvar2": 0,
        "max": 1,
        "mean": 1,
        "median": 1,
        "min": 1,
        "var": 0
    },
    "silence_rate_30dB": {
        "dmean": 0.00232018553652,
        "dmean2": 0.0046421661973,
        "dvar": 0.00231479783542,
        "dvar2": 0.00616802740842,
        "max": 1,
        "mean": 0.997680723667,
        "median": 1,
        "min": 0,
        "var": 0.00231390050612
    },
    "silence_rate_60dB": {
        "dmean": 0.0436968281865,
        "dmean2": 0.0874274671078,
        "dvar": 0.0417861565948,
        "dvar2": 0.093711361289,
        "max": 1,
        "mean": 0.161577120423,
        "median": 0,
        "min": 0,
        "var": 0.135460659862
    },
    "spectral_centroid": {
        "dmean": 117.113121033,
        "dmean2": 170.143325806,
        "dvar": 55073.96875,
        "dvar2": 61760.59375,
        "max": 11018.3583984,
        "mean": 788.601806641,
        "median": 653.486633301,
        "min": 213.831710815,
        "var": 260701.390625
    },
    "spectral_complexity": {
        "dmean": 1.56999230385,
        "dmean2": 2.56092834473,
        "dvar": 2.42220616341,
        "dvar2": 5.307035923,
        "max": 31,
        "mean": 9.87166595459,
        "median": 9,
        "min": 0,
        "var": 26.4443283081
    },
    "spectral_decrease": {
        "dmean": 9.11945241544e-10,
        "dmean2": 1.4001766413e-09,
        "dvar": 2.19950716318e-18,
        "dvar2": 5.57471921821e-18,
        "max": 1.1804275e-28,
        "mean": -4.17542844744e-09,
        "median": -2.51030440879e-09,
        "min": -3.90905370296e-08,
        "var": 2.2506876401e-17
    },
    "spectral_energy": {
        "dmean": 0.00364165450446,
        "dmean2": 0.00559366028756,
        "dvar": 3.58577417501e-05,
        "dvar2": 9.17059951462e-05,
        "max": 0.159847199917,
        "mean": 0.0167248882353,
        "median": 0.00989150069654,
        "min": 1.12471360148e-20,
        "var": 0.000371227622963
    },
    "spectral_energyband_high": {
        "dmean": 8.49433781696e-05,
        "dmean2": 0.000104247752461,
        "dvar": 3.29009424149e-07,
        "dvar2": 5.72798398935e-07,
        "max": 0.032977219671,
        "mean": 0.000207544915611,
        "median": 1.50383311848e-05,
        "min": 8.33801773304e-21,
        "var": 2.34377012021e-06
    },
    "spectral_energyband_low": {
        "dmean": 0.000854147190694,
        "dmean2": 0.00131380511448,
        "dvar": 4.76527520732e-06,
        "dvar2": 9.07755656954e-06,
        "max": 0.0541899800301,
        "mean": 0.00354711408727,
        "median": 0.00203542085364,
        "min": 4.71065828307e-23,
        "var": 2.48861051659e-05
    },
    "spectral_energyband_middle_high": {
        "dmean": 0.00134535017423,
        "dmean2": 0.00213605631143,
        "dvar": 1.98226807697e-05,
        "dvar2": 5.2846964536e-05,
        "max": 0.119470968843,
        "mean": 0.004244716838,
        "median": 0.000795068976004,
        "min": 1.58705364368e-21,
        "var": 0.000116449817142
    },
    "spectral_energyband_middle_low": {
        "dmean": 0.00272106565535,
        "dmean2": 0.00421396968886,
        "dvar": 1.7237262e-05,
        "dvar2": 4.46861995442e-05,
        "max": 0.0790390819311,
        "mean": 0.00929364282638,
        "median": 0.00548443617299,
        "min": 1.94015871531e-22,
        "var": 0.000103237813164
    },
    "spectral_entropy": {
        "dmean": 0.141707375646,
        "dmean2": 0.203896924853,
        "dvar": 0.0197782646865,
        "dvar2": 0.0332840681076,
        "max": 9.79342651367,
        "mean": 6.68602228165,
        "median": 6.72834920883,
        "min": 4.93584346771,
        "var": 0.319740593433
    },
    "spectral_flux": {
        "dmean": 0.0118207465857,
        "dmean2": 0.0195331927389,
        "dvar": 0.00019202833937,
        "dvar2": 0.000494881533086,
        "max": 0.264702111483,
        "mean": 0.0455526262522,
        "median": 0.0359046459198,
        "min": 1.06052513993e-10,
        "var": 0.00109255849384
    },
    "spectral_kurtosis": {
        "dmean": 4.77880764008,
        "dmean2": 8.33223152161,
        "dvar": 25.9599685669,
        "dvar2": 79.3944091797,
        "max": 72.1115722656,
        "mean": 10.0783576965,
        "median": 8.17311573029,
        "min": -1.16034936905,
        "var": 62.3139305115
    },
    "spectral_rms": {
        "dmean": 0.000398327043513,
        "dmean2": 0.000594180717599,
        "dvar": 2.04131424653e-07,
        "dvar2": 4.55564816093e-07,
        "max": 0.0124879330397,
        "mean": 0.00353204249404,
        "median": 0.00310648418963,
        "min": 3.31252408316e-12,
        "var": 3.84161648981e-06
    },
    "spectral_rolloff": {
        "dmean": 202.275024414,
        "dmean2": 325.289520264,
        "dvar": 334578.59375,
        "dvar2": 495915.21875,
        "max": 18497.0214844,
        "mean": 901.81854248,
        "median": 667.529296875,
        "min": 86.1328125,
        "var": 1300983.25
    },
    "spectral_skewness": {
        "dmean": 0.422475099564,
        "dmean2": 0.706632614136,
        "dvar": 0.150396153331,
        "dvar2": 0.446636289358,
        "max": 6.6396188736,
        "mean": 2.20188879967,
        "median": 2.14567041397,
        "min": -0.212792098522,
        "var": 0.694103896618
    },
    "spectral_spread": {
        "dmean": 328204.125,
        "dmean2": 477637.0625,
        "dvar": 562594840576,
        "dvar2": 500096335872,
        "max": 40076920,
        "mean": 2895417.25,
        "median": 2562573.25,
        "min": 1349395.625,
        "var": 1.95725479117e+12
    },
    "spectral_strongpeak": {
        "dmean": 0.385955154896,
        "dmean2": 0.620839893818,
        "dvar": 0.551597476006,
        "dvar2": 1.46227097511,
        "max": 12.9754905701,
        "mean": 1.06748783588,
        "median": 0.523686647415,
        "min": 0,
        "var": 2.12657785416
    },
    "zerocrossingrate": {
        "dmean": 0.00498987175524,
        "dmean2": 0.00570014072582,
        "dvar": 0.000119717566122,
        "dvar2": 0.00012260764197,
        "max": 0.513671875,
        "mean": 0.0343682430685,
        "median": 0.0283203125,
        "min": 0.00537109375,
        "var": 0.000912371790037
    },
    "barkbands": {
        "dmean": [2.69164302154e-05, 0.000654262374155, 0.000224565519602, 0.000325825123582, 0.000776606204454, 0.000870916410349, 0.000920705148019, 0.000795162282884, 0.000434918998508, 0.000540660868865, 0.000873633893207, 0.000293015677016, 0.000221362104639, 0.000108542350063, 5.0269827625e-05, 5.81768545089e-05, 4.80490016344e-05, 2.27489526878e-05, 4.35196088802e-05, 3.26652334479e-05, 1.43829956869e-05, 2.19226021727e-05, 2.29288634728e-05, 2.84897032543e-05, 7.12181872586e-06, 6.60965238097e-09, 9.51496992307e-10],
        "dmean2": [4.43529825134e-05, 0.00100381718948, 0.000363848725101, 0.000513203209266, 0.00120606657583, 0.00131740432698, 0.00146052346099, 0.00117767474148, 0.00064858578844, 0.000862924382091, 0.0014525167644, 0.000437958224211, 0.000335769931553, 0.000179154376383, 7.82621282269e-05, 9.09120499273e-05, 7.31487161829e-05, 3.62900245818e-05, 6.82237223373e-05, 4.98885383422e-05, 2.08368928725e-05, 3.05956345983e-05, 2.83846657112e-05, 3.63090694009e-05, 9.78422031039e-06, 9.31756360956e-09, 1.33509270306e-09],
        "dvar": [6.37106367662e-09, 3.87367435906e-06, 2.03333925697e-07, 4.13078254269e-07, 1.69709608144e-06, 2.42827013608e-06, 7.88250235928e-06, 4.20682090407e-06, 1.23186930523e-06, 2.73972113973e-06, 1.56425685418e-05, 9.28635756736e-07, 5.77673972657e-07, 1.2922353676e-07, 1.95619840326e-08, 2.09876116486e-08, 1.55504533694e-08, 2.62946708851e-09, 1.81661921062e-08, 2.30332481976e-08, 9.05074060142e-09, 2.53830503283e-08, 4.0574843041e-08, 4.81139714736e-08, 2.63450772309e-09, 2.147883066e-15, 1.83159611953e-16],
        "dvar2": [1.38224107715e-08, 7.23183120499e-06, 5.05370110204e-07, 9.40500399338e-07, 4.21270260631e-06, 5.53658037461e-06, 2.10051257454e-05, 1.00576316981e-05, 2.67300310952e-06, 7.75116313889e-06, 4.03721278417e-05, 1.98161978915e-06, 1.4098407064e-06, 3.65909102129e-07, 4.38385896473e-08, 4.46428991552e-08, 3.42575070533e-08, 6.61711840877e-09, 4.7088843047e-08, 4.80404729331e-08, 2.26899974365e-08, 5.0853696365e-08, 7.80289965974e-08, 7.9069721437e-08, 5.01731722835e-09, 4.15136691977e-15, 7.51011439469e-17],
        "max": [0.0031374648679, 0.0511275455356, 0.00962244998664, 0.0150234270841, 0.0200547128916, 0.0288639105856, 0.0683775767684, 0.0374786257744, 0.0360855683684, 0.0326904691756, 0.117692038417, 0.021478485316, 0.0139887938276, 0.00839696638286, 0.0033844395075, 0.00499923806638, 0.00240320758894, 0.00104447733611, 0.00193101400509, 0.00331547483802, 0.00475771911442, 0.00725564407185, 0.0113803688437, 0.0118525214493, 0.00181256770156, 1.1741973367e-06, 9.30314570269e-07],
        "mean": [3.81829049729e-05, 0.00273645296693, 0.000465656921733, 0.000655630137771, 0.00185552227776, 0.00199054181576, 0.00176360539626, 0.00151122256648, 0.000958766613621, 0.00119123107288, 0.00180804950651, 0.000487291952595, 0.000386288244044, 0.000217226901441, 8.78284990904e-05, 0.000102313759271, 9.52287082328e-05, 4.70438026241e-05, 7.55801156629e-05, 5.88815200899e-05, 2.74934518529e-05, 4.40268086095e-05, 4.48931350547e-05, 6.40905564069e-05, 1.18296675282e-05, 9.47283318453e-09, 9.78302217014e-10],
        "median": [1.25858150568e-05, 0.00116985128261, 0.000206189084565, 0.000186259800103, 0.000842592155095, 0.000820740067866, 0.000306187255774, 0.000262945512077, 0.000166527373949, 0.000162875454407, 4.99324778502e-05, 6.65751867928e-05, 3.6179611925e-05, 3.45741573256e-05, 2.19554112846e-05, 2.34101280512e-05, 1.96910386876e-05, 1.40969341373e-05, 1.52583006638e-05, 6.04530760029e-06, 3.5405644212e-06, 2.70683540293e-06, 1.34747688207e-06, 1.17801971555e-06, 2.33052006138e-07, 4.97720697989e-10, 1.66477595598e-10],
        "min": [4.1503155515e-24, 2.07442208407e-23, 2.03853285719e-23, 3.89759922735e-24, 2.28907681618e-23, 1.49550814685e-23, 4.7942453535e-23, 1.46097544518e-23, 7.75458663312e-23, 2.95152654787e-23, 3.52087838652e-23, 1.30350189532e-22, 6.42592777421e-23, 1.58442460378e-22, 7.23333069724e-23, 1.51836375075e-22, 2.97002874398e-22, 1.45459488574e-22, 2.73709642024e-22, 4.50665102748e-22, 3.32511384386e-22, 3.75701657787e-22, 7.72346878409e-22, 8.85051347586e-22, 1.27975331981e-21, 2.08378226581e-21, 2.64297231382e-21],
        "var": [1.3895117057e-08, 1.94422682398e-05, 5.38556093943e-07, 1.36400660722e-06, 6.50140464131e-06, 1.05725548565e-05, 1.98526522581e-05, 1.24052194224e-05, 7.48963475417e-06, 1.14625199785e-05, 4.47735037596e-05, 2.01457783078e-06, 1.53703376782e-06, 3.8100225197e-07, 4.89169416085e-08, 6.9090710042e-08, 4.59331168656e-08, 7.08464531485e-09, 3.08167855678e-08, 4.95346448304e-08, 2.3773358393e-08, 1.03363021253e-07, 1.72516820385e-07, 3.35336096668e-07, 7.27906268594e-09, 4.5105474294e-15, 3.75646644841e-16]
    },
    "erbbands": {
        "dmean": [0.0167622659355, 0.156939715147, 0.231131732464, 0.719293773174, 1.86187624931, 2.62484478951, 3.86761260033, 8.45668411255, 12.8390188217, 16.8087406158, 11.7670669556, 9.32258701324, 16.6964187622, 14.9958276749, 38.1299324036, 9.53198814392, 9.99418830872, 6.12670755386, 2.73635840416, 2.11682248116, 2.82685542107, 2.10967993736, 1.26395666599, 1.58475458622, 2.18746042252, 0.968790113926, 0.507943332195, 0.694903850555, 0.777644634247, 0.779881954193, 0.727886557579, 0.542639613152, 0.579304099083, 0.161273509264, 0.0098837800324, 0.000440512725618, 2.62597477558e-05, 4.042425644e-06, 2.53454368249e-06, 4.37504195361e-06],
        "dmean2": [0.025536224246, 0.241271436214, 0.378541469574, 1.13196849823, 2.92535352707, 4.1380109787, 5.96827030182, 12.8337526321, 19.9154701233, 26.5442943573, 17.5196285248, 14.1830711365, 26.0634460449, 23.6517963409, 62.580619812, 14.4540834427, 14.9777898788, 9.99513244629, 4.28516054153, 3.31211471558, 4.22308206558, 3.0837264061, 1.96076333523, 2.55262947083, 3.27220964432, 1.46629917622, 0.754113435745, 1.01144695282, 1.04695308208, 1.08096241951, 0.937066316605, 0.65394282341, 0.779641449451, 0.208787932992, 0.0139222508296, 0.000607759109698, 3.39420694218e-05, 5.1733145483e-06, 3.65926439372e-06, 6.660672625e-06],
        "dvar": [0.00225579738617, 0.22924336791, 0.261338949203, 1.87326443195, 11.7662181854, 28.0107917786, 72.6971664429, 278.790313721, 1020.64569092, 2419.33813477, 990.457275391, 600.716247559, 2770.94995117, 3439.69726562, 27357.8398438, 745.358642578, 1135.30236816, 408.796417236, 52.2459754944, 23.390668869, 53.2937698364, 28.6657238007, 7.5074505806, 17.5952301025, 58.4183082581, 9.50675010681, 6.0603685379, 27.0591468811, 30.5737533569, 40.4184570312, 58.5453338623, 18.2663974762, 22.9959526062, 1.29143083096, 0.0079799387604, 1.41750333569e-05, 3.73560808953e-08, 7.52143847205e-10, 4.91949883608e-11, 5.3508791148e-11],
        "dvar2": [0.00408319290727, 0.439470231533, 0.663349330425, 4.28205442429, 28.6999092102, 71.2132034302, 199.665390015, 613.884216309, 2536.015625, 6354.60742188, 2187.28515625, 1490.16333008, 7573.86083984, 8543.65722656, 77743.4765625, 1810.04064941, 2828.2175293, 1138.66137695, 114.551170349, 53.0010871887, 94.9064407349, 55.9247817993, 17.8733005524, 46.2715377808, 127.833656311, 20.1694793701, 12.6713418961, 70.7787780762, 63.5088005066, 94.4815979004, 126.476623535, 28.588104248, 49.3315696716, 2.46351242065, 0.0158724989742, 2.77966901194e-05, 6.99611106825e-08, 1.30966471001e-09, 9.5335343786e-11, 1.35211258856e-10],
        "max": [1.26602506638, 12.3044052124, 13.462223053, 21.7425060272, 62.2251167297, 80.4050369263, 188.830062866, 296.356414795, 571.679443359, 1198.54272461, 1020.85772705, 533.799804688, 885.051086426, 1884.80383301, 3664.05273438, 605.300170898, 674.57232666, 468.535339355, 162.413131714, 101.445976257, 345.419219971, 120.522476196, 55.0167541504, 111.036460876, 197.492401123, 69.7789764404, 96.6144866943, 258.577880859, 230.250671387, 287.089599609, 432.052062988, 227.137771606, 197.642730713, 39.8535118103, 3.23805570602, 0.130496427417, 0.00690913293511, 0.00116144062486, 0.0003240230144, 0.000187436700799],
        "mean": [0.0657942593098, 0.654680192471, 0.633558750153, 1.59502720833, 4.05830001831, 5.47012901306, 9.56846618652, 19.217212677, 26.3253860474, 34.0977859497, 24.3002204895, 20.464515686, 38.2883682251, 34.788230896, 84.2729263306, 21.6456890106, 18.8384017944, 12.7761917114, 5.59233474731, 4.34863901138, 5.80685186386, 4.72925043106, 3.00502467155, 3.19124269485, 4.61180210114, 2.35704898834, 1.08960843086, 1.26982057095, 1.4397213459, 1.48215222359, 1.36720895767, 1.23049557209, 1.05486273766, 0.286627858877, 0.0142056373879, 0.000683218648192, 5.39561551705e-05, 9.4484175861e-06, 1.02897156466e-05, 1.98316793103e-05],
        "median": [0.0236454401165, 0.270057111979, 0.362319499254, 0.587230443954, 1.19955646992, 2.21149086952, 3.92654180527, 5.63928365707, 6.57852983475, 4.99221467972, 6.40113162994, 4.56802988052, 4.55872392654, 5.00552749634, 3.22006511688, 3.36837863922, 2.21205163002, 2.18766832352, 1.44523644447, 1.2096465826, 1.41737270355, 1.00945627689, 0.886934280396, 0.850956261158, 0.600764930248, 0.347772449255, 0.182728096843, 0.110408000648, 0.0982249602675, 0.0567709356546, 0.0382041111588, 0.0269004665315, 0.0183349289, 0.00601949123666, 0.0001854665461, 1.85713561223e-05, 5.77912805966e-06, 1.14445265353e-06, 5.07159666085e-06, 1.12337693281e-05],
        "min": [6.38482004311e-22, 4.98773591939e-21, 1.96265402434e-20, 1.99651220703e-20, 1.67036086917e-20, 8.15960683026e-20, 1.09822197914e-19, 1.83065163746e-19, 3.63303230954e-19, 8.83128007259e-19, 6.85910416542e-19, 1.46312006601e-18, 1.1038150384e-18, 1.22810275115e-18, 1.65511364927e-18, 5.00071915242e-18, 4.15441122897e-18, 7.23527354457e-18, 4.89860949606e-18, 5.58111208358e-18, 8.34629704841e-18, 1.6873490225e-17, 8.79100837088e-18, 1.64409475565e-17, 1.63588713874e-17, 1.88161007325e-17, 1.49314471634e-17, 1.36617331949e-17, 1.4067797812e-17, 1.68785955837e-17, 2.24650094814e-17, 1.80598260421e-17, 1.52642483936e-17, 1.3467914024e-17, 9.47364909755e-18, 9.12570715341e-18, 3.18299740775e-18, 1.26867782135e-18, 4.57236853189e-19, 3.61892551968e-20],
        "var": [0.0122074261308, 1.11733829975, 0.708230793476, 6.65222597122, 47.3519020081, 73.0007629395, 263.971160889, 1141.42382812, 3278.43017578, 6241.97314453, 3573.28173828, 2396.32617188, 9997.4765625, 11986.9658203, 93003.71875, 2873.45239258, 3144.23339844, 1195.83654785, 142.708557129, 69.0821228027, 269.666137695, 111.11806488, 27.5039405823, 33.6926498413, 215.919433594, 44.7343406677, 26.7488975525, 61.7435302734, 105.62688446, 138.762619019, 193.160568237, 129.957595825, 88.3982315063, 4.38260126114, 0.0147715471685, 3.04842851619e-05, 1.34260957907e-07, 3.70274566563e-09, 3.68937658202e-10, 5.65395341656e-10]
    },
    "gfcc": {
        "mean": [-114.085365295, 167.372451782, -146.976394653, 29.4518032074, -72.0607147217, 2.06507015228, -25.4100589752, -7.72349786758, -2.26441884041, -21.301574707, 13.607790947, -17.359703064, 7.66547870636],
        "cov": [[6431.71533203, -529.120788574, -124.011032104, 490.493774414, -152.129623413, 872.110107422, 23.6234588623, 364.410339355, 116.544082642, 210.803359985, 202.567764282, -30.4912261963, -133.045516968], [-529.120788574, 988.00793457, 123.102233887, -21.4141044617, 460.649353027, -172.545318604, 176.173782349, -71.4858551025, 144.810974121, -81.5346298218, 42.3533782959, -32.8795928955, -40.6564025879], [-124.011032104, 123.102233887, 812.55267334, 318.473968506, 78.5378570557, 253.598800659, -130.538391113, 41.3041572571, 83.6277770996, 2.58148050308, -59.7655944824, -30.7065486908, 3.52474403381], [490.493774414, -21.4141044617, 318.473968506, 538.873718262, 150.814498901, 178.553527832, -80.797416687, 56.5586738586, 88.9397201538, 0.183178067207, -36.9170455933, -14.3369808197, -34.9721260071], [-152.129623413, 460.649353027, 78.5378570557, 150.814498901, 425.035003662, 9.38027763367, 99.0875778198, 18.3794155121, 127.699546814, 2.9111020565, 22.3256988525, -32.122303009, -57.9196281433], [872.110107422, -172.545318604, 253.598800659, 178.553527832, 9.38027763367, 414.021118164, -6.13400936127, 122.806846619, 58.0004844666, 88.8496856689, 15.1369514465, -46.4740562439, -50.4504470825], [23.6234588623, 176.173782349, -130.538391113, -80.797416687, 99.0875778198, -6.13400936127, 236.651809692, 26.5678443909, 16.4875469208, 15.2190008163, 46.0746192932, 6.19790554047, -31.4471549988], [364.410339355, -71.4858551025, 41.3041572571, 56.5586738586, 18.3794155121, 122.806846619, 26.5678443909, 161.542984009, 49.2880020142, 59.2151679993, 36.2330207825, -26.4321098328, -26.6597747803], [116.544082642, 144.810974121, 83.6277770996, 88.9397201538, 127.699546814, 58.0004844666, 16.4875469208, 49.2880020142, 157.614059448, 45.4611740112, 6.34213352203, -12.4239244461, -36.4375038147], [210.803359985, -81.5346298218, 2.58148050308, 0.183178067207, 2.9111020565, 88.8496856689, 15.2190008163, 59.2151679993, 45.4611740112, 124.447494507, 40.616481781, -25.4335517883, -26.9168300629], [202.567764282, 42.3533782959, -59.7655944824, -36.9170455933, 22.3256988525, 15.1369514465, 46.0746192932, 36.2330207825, 6.34213352203, 40.616481781, 113.643371582, 22.302947998, -15.7482175827], [-30.4912261963, -32.8795928955, -30.7065486908, -14.3369808197, -32.122303009, -46.4740562439, 6.19790554047, -26.4321098328, -12.4239244461, -25.4335517883, 22.302947998, 100.325057983, 44.9428749084], [-133.045516968, -40.6564025879, 3.52474403381, -34.9721260071, -57.9196281433, -50.4504470825, -31.4471549988, -26.6597747803, -36.4375038147, -26.9168300629, -15.7482175827, 44.9428749084, 100.967826843]],
        "icov": [[0.00033266475657, -0.000416000955738, 0.000556562154088, -0.000460944895167, 0.000589908158872, -0.000952805101406, 0.000239366097958, -0.00027355455677, 5.13186387252e-05, -7.06944992999e-05, -0.000218327448238, -0.000247569056228, 3.22086452798e-05], [-0.000416000955738, 0.00612643780187, -0.00277634127997, 0.00220911204815, -0.00499213207513, 0.00338334753178, -0.0029850336723, 0.00296804658137, -0.00411982880905, 0.00489769177511, -0.0040933075361, 0.00454205553979, -0.00137965346221], [0.000556562154088, -0.00277634127997, 0.0037903492339, -0.00195413548499, 0.00228417105973, -0.00362854893319, 0.00222038337961, -0.00112656853162, 0.00094421801623, -0.00131151243113, 0.00159441877622, -0.00167046417482, -0.000319044425851], [-0.000460944895167, 0.00220911204815, -0.00195413548499, 0.00441194139421, -0.00338703882881, 0.00101121107582, 0.000256355822785, 0.000289408460958, -0.00132548506372, 0.00204267189838, 0.00015427893959, 9.00998202269e-05, 0.000647266511805], [0.000589908158872, -0.00499213207513, 0.00228417105973, -0.00338703882881, 0.00887252017856, -0.00256051286124, 0.000266613671556, -0.00140083150472, -0.000191869927221, -0.00239344965667, 0.0011313627474, -0.0013510073768, 0.00110819097608], [-0.000952805101406, 0.00338334753178, -0.00362854893319, 0.00101121107582, -0.00256051286124, 0.00831449218094, -0.00246891379356, -0.000194850596017, -0.00130684301257, -6.26746405032e-05, -0.00106130714994, 0.00279804156162, 0.00054970238125], [0.000239366097958, -0.0029850336723, 0.00222038337961, 0.000256355822785, 0.000266613671556, -0.00246891379356, 0.00790246110409, -0.00262903631665, 0.0027025276795, -0.00220534042455, 0.00157854263671, -0.00400080299005, 0.00222555105574], [-0.00027355455677, 0.00296804658137, -0.00112656853162, 0.000289408460958, -0.00140083150472, -0.000194850596017, -0.00262903631665, 0.0115280756727, -0.0044325129129, 0.00124053843319, -0.0048637939617, 0.00496192649007, -0.00193780986592], [5.13186387252e-05, -0.00411982880905, 0.00094421801623, -0.00132548506372, -0.000191869927221, -0.00130684301257, 0.0027025276795, -0.0044325129129, 0.0144318407401, -0.00773601559922, 0.00575541704893, -0.00634412979707, 0.00369238946587], [-7.06944992999e-05, 0.00489769177511, -0.00131151243113, 0.00204267189838, -0.00239344965667, -6.26746405032e-05, -0.00220534042455, 0.00124053843319, -0.00773601559922, 0.0178568474948, -0.00838416069746, 0.00735623529181, -0.00174481247086], [-0.000218327448238, -0.0040933075361, 0.00159441877622, 0.00015427893959, 0.0011313627474, -0.00106130714994, 0.00157854263671, -0.0048637939617, 0.00575541704893, -0.00838416069746, 0.0175907276571, -0.00963977351785, 0.00426439149305], [-0.000247569056228, 0.00454205553979, -0.00167046417482, 9.00998202269e-05, -0.0013510073768, 0.00279804156162, -0.00400080299005, 0.00496192649007, -0.00634412979707, 0.00735623529181, -0.00963977351785, 0.0203876905143, -0.00862751249224], [3.22086452798e-05, -0.00137965346221, -0.000319044425851, 0.000647266511805, 0.00110819097608, 0.00054970238125, 0.00222555105574, -0.00193780986592, 0.00369238946587, -0.00174481247086, 0.00426439149305, -0.00862751249224, 0.0160910375416]]
    },
    "melbands": {
        "dmean": [0.000172501124325, 0.000146384350955, 0.000144354446093, 0.000160032970598, 0.00013036832388, 0.000184896300198, 0.000198913054192, 0.000189365367987, 8.66428599693e-05, 6.22770530754e-05, 8.36777617224e-05, 5.97123580519e-05, 0.000116976756544, 5.34988794243e-05, 2.72612451226e-05, 1.65444653248e-05, 1.25297574414e-05, 4.45464411314e-06, 3.55492670678e-06, 3.92552283301e-06, 3.42591829394e-06, 2.54509018305e-06, 1.7318953951e-06, 1.13931196211e-06, 1.42135922943e-06, 1.46143338497e-06, 1.62966216521e-06, 5.57949988433e-07, 3.92710603592e-07, 3.47350351149e-07, 4.6545798682e-07, 4.57221005945e-07, 4.30458442224e-07, 4.22521878818e-07, 4.70042266443e-07, 3.55058460855e-07, 3.54628838295e-07, 4.64493808749e-07, 3.01496044131e-07, 9.47342257973e-08],
        "dmean2": [0.00026033030008, 0.000230669262237, 0.000227983153309, 0.000250791228609, 0.000203585470445, 0.000278453779174, 0.000311244279146, 0.00029477942735, 0.000129319509142, 9.34514391702e-05, 0.000130206579342, 9.29920715862e-05, 0.000193622559891, 8.50356445881e-05, 3.98724951083e-05, 2.51558631135e-05, 2.0570043489e-05, 6.94742811902e-06, 5.53268819203e-06, 6.33539957562e-06, 5.13748318554e-06, 3.77501214643e-06, 2.72036731985e-06, 1.81481175332e-06, 2.31419221564e-06, 2.27220721172e-06, 2.38986649492e-06, 8.56231849866e-07, 6.31326599887e-07, 5.26192991401e-07, 6.88570935381e-07, 6.14616624262e-07, 6.15468081833e-07, 5.81133519972e-07, 6.38415940557e-07, 4.49595802365e-07, 4.50638623306e-07, 6.5119621695e-07, 4.07730993857e-07, 1.33538534897e-07],
        "dvar": [2.64533468908e-07, 1.44134062907e-07, 6.19373565769e-08, 9.10010484745e-08, 6.80731702118e-08, 1.22852000572e-07, 2.68999713171e-07, 2.73262770634e-07, 5.48278222823e-08, 2.41459545691e-08, 6.925137086e-08, 5.39546469724e-08, 2.87598368232e-07, 3.89992109717e-08, 1.01628305771e-08, 2.56301002644e-09, 2.02174410546e-09, 1.45273362784e-10, 1.15043800875e-10, 1.07115961934e-10, 8.57514545483e-11, 5.13699499605e-11, 1.60423809653e-11, 6.49661140856e-12, 1.53536627856e-11, 1.70070953848e-11, 5.407193443e-11, 3.64531582003e-12, 4.80113995435e-12, 3.95278471413e-12, 1.17600850932e-11, 1.046408446e-11, 1.02814362926e-11, 1.26336857642e-11, 2.84278867807e-11, 8.74393786543e-12, 7.60728893073e-12, 1.6645230333e-11, 5.91610571296e-12, 4.9959483165e-13],
        "dvar2": [4.73050562277e-07, 3.14100304877e-07, 1.41842647849e-07, 2.33854464682e-07, 1.79211298246e-07, 2.70868980579e-07, 6.92420144333e-07, 7.08004506578e-07, 1.20550240013e-07, 5.66183544493e-08, 1.89052585142e-07, 1.35985374072e-07, 7.42489874028e-07, 1.06269773426e-07, 2.20255405026e-08, 6.39734709651e-09, 5.63617330585e-09, 3.07758096785e-10, 2.63805033374e-10, 2.57694560135e-10, 1.63443064638e-10, 1.02747116371e-10, 3.56184595707e-11, 1.60582762365e-11, 4.08556972975e-11, 4.13302829461e-11, 9.61884114026e-11, 8.1582960873e-12, 1.21553262247e-11, 1.01320766013e-11, 3.11818210141e-11, 2.21986058008e-11, 1.88416279107e-11, 2.93848972932e-11, 6.48931811065e-11, 1.49247229159e-11, 1.23273986505e-11, 3.97783715689e-11, 1.38030585226e-11, 9.65460458975e-13],
        "max": [0.0135094672441, 0.00858982931823, 0.00543496618047, 0.00517235370353, 0.0049747955054, 0.00614765053615, 0.00941630546004, 0.0106352297589, 0.00787638593465, 0.00400778558105, 0.00443115271628, 0.00690443720669, 0.0175669938326, 0.00441969139501, 0.00232749735005, 0.00115138432011, 0.00105890340637, 0.000299225124763, 0.000229442972341, 0.000208990910323, 0.000423477496952, 0.00016692749341, 8.19940978545e-05, 5.72081044083e-05, 0.000100705146906, 7.03320474713e-05, 0.000211279795622, 5.0228118198e-05, 7.6186232036e-05, 7.76350934757e-05, 0.000169158331119, 0.000116151590191, 0.000158504321007, 0.000148456485476, 0.000284565699985, 0.000160391049576, 0.000145160898683, 0.000178653630428, 8.25662864372e-05, 1.85719436558e-05],
        "mean": [0.000724327634089, 0.000543565256521, 0.000341410777764, 0.000341574370395, 0.0003236377961, 0.00041783566121, 0.000405682629207, 0.000375206145691, 0.000178416987183, 0.000134532965603, 0.000189546437468, 0.000126713639474, 0.000257327337749, 0.00010943855159, 4.81369643239e-05, 2.81103093585e-05, 2.46264589805e-05, 8.49941625347e-06, 6.51258415019e-06, 6.76286708767e-06, 6.76688614476e-06, 5.20004823557e-06, 3.50699792762e-06, 2.33396167459e-06, 2.57175770457e-06, 2.77641197499e-06, 3.46532033291e-06, 1.13005341973e-06, 6.89918010721e-07, 6.04197907705e-07, 7.96843210082e-07, 7.93347055605e-07, 8.90350747795e-07, 7.62461752402e-07, 7.77730747359e-07, 7.42225324757e-07, 7.62565889545e-07, 8.1651188566e-07, 5.22130164882e-07, 1.43327753221e-07],
        "median": [0.000296789949061, 0.000301785388729, 0.000136569899041, 0.000135382055305, 0.000134107554913, 0.000132464469061, 9.99753174256e-05, 5.4775060562e-05, 4.58026770502e-05, 2.43191298068e-05, 2.10676716961e-05, 1.83610663953e-05, 8.77971888258e-06, 9.76715728029e-06, 4.59376906292e-06, 3.96972154704e-06, 3.66057884094e-06, 1.99930900635e-06, 1.53252324253e-06, 1.56072849222e-06, 1.58438820108e-06, 8.9863277708e-07, 7.81594565069e-07, 6.35963658624e-07, 6.00245698479e-07, 5.1549386626e-07, 2.82191336964e-07, 1.82470273558e-07, 1.01456869572e-07, 7.49350661522e-08, 5.31012425142e-08, 5.60860051735e-08, 4.2345273954e-08, 2.43479831852e-08, 2.04802308446e-08, 1.86273485525e-08, 1.31606361364e-08, 1.15085816432e-08, 1.12604077174e-08, 2.1384183313e-09],
        "min": [6.44977014844e-24, 9.01041343565e-24, 3.54276170357e-24, 2.69666913689e-24, 4.82649595945e-24, 3.71125608204e-24, 6.99091137448e-24, 8.35039166005e-24, 7.35130011245e-24, 9.4869075105e-24, 5.1375142321e-24, 4.57170887542e-24, 5.51018316778e-24, 7.38972868258e-24, 1.77386592141e-23, 7.90086479523e-24, 1.41759645732e-23, 8.61099738211e-24, 6.02098283125e-24, 8.0997555621e-24, 1.01577469357e-23, 1.77334637762e-23, 1.11901323578e-23, 8.25738417046e-24, 1.46632108222e-23, 7.73926111677e-24, 1.64361394191e-23, 1.15112697437e-23, 1.02676037054e-23, 6.6666761318e-24, 8.14951533028e-24, 7.78062740492e-24, 7.33738776152e-24, 1.11253195458e-23, 1.30239673275e-23, 1.17875572317e-23, 1.07615773602e-23, 8.463394407e-24, 1.46985770343e-23, 9.97213900875e-24],
        "var": [1.4098476413e-06, 5.89570277043e-07, 2.44964581952e-07, 2.9119945566e-07, 2.74406801282e-07, 5.11454800289e-07, 8.11778193111e-07, 7.3031287684e-07, 2.13225462176e-07, 1.16576593712e-07, 2.54448963233e-07, 1.79140172918e-07, 8.85202211975e-07, 1.31782627477e-07, 2.60786148232e-08, 5.67528379847e-09, 5.61583357594e-09, 3.74565184424e-10, 3.28008897821e-10, 2.20926249517e-10, 4.08425876453e-10, 1.69928668359e-10, 5.47328016243e-11, 1.7322579135e-11, 2.54921084242e-11, 4.45910461333e-11, 2.06518177559e-10, 1.09623508188e-11, 1.3350805704e-11, 1.00794156008e-11, 2.67219718575e-11, 3.073104618e-11, 4.80314260587e-11, 3.72706171481e-11, 6.97311305919e-11, 5.12132627972e-11, 4.94719577804e-11, 5.86788950763e-11, 1.64433206634e-11, 1.19851958219e-12]
    },
    "mfcc": {
        "mean": [-737.312744141, 170.184799194, -4.03671264648, 14.624505043, -7.46352481842, -4.99324893951, -2.97814798355, 2.69563317299, -6.92688798904, 0.663509845734, -2.13348340988, 0.887594163418, 1.62972390652],
        "cov": [[6185.83300781, -795.947143555, -59.096862793, -62.8367881775, 37.9319038391, 436.662841797, 137.443054199, 307.599334717, -30.2547798157, 238.694168091, 233.915023804, 289.89666748, 85.3053970337], [-795.947143555, 1073.60168457, -189.765777588, 134.853149414, 128.499038696, 4.41160774231, 51.3434371948, 46.6570739746, 22.5104141235, 27.8107833862, 26.1113204956, 11.9851360321, 65.6634292603], [-59.096862793, -189.765777588, 791.707275391, 24.0849094391, 208.208389282, 163.920837402, -61.0726928711, 41.0398674011, 65.394569397, 38.8636741638, 5.2159819603, 7.65526294708, -60.6138877869], [-62.8367881775, 134.853149414, 24.0849094391, 373.532592773, 203.151992798, 71.2334747314, -27.610326767, 63.9638977051, 30.0542984009, 22.4948120117, 7.71726083755, 22.8897514343, -11.7665452957], [37.9319038391, 128.499038696, 208.208389282, 203.151992798, 389.388793945, 151.347091675, -47.9144096375, 61.6547164917, 62.0716056824, 82.7982025146, 51.7235527039, 56.0919685364, 2.67767858505], [436.662841797, 4.41160774231, 163.920837402, 71.2334747314, 151.347091675, 249.655578613, 29.4744110107, 65.224571228, 49.0812225342, 70.091468811, 53.0614891052, 53.2988624573, 23.3350162506], [137.443054199, 51.3434371948, -61.0726928711, -27.610326767, -47.9144096375, 29.4744110107, 180.415817261, 36.344127655, 1.14618456364, 30.4857673645, 34.6064949036, 33.7406387329, 15.4035110474], [307.599334717, 46.6570739746, 41.0398674011, 63.9638977051, 61.6547164917, 65.224571228, 36.344127655, 146.234771729, 22.3381195068, 23.4768695831, 25.6115570068, 40.4300231934, 17.1179580688], [-30.2547798157, 22.5104141235, 65.394569397, 30.0542984009, 62.0716056824, 49.0812225342, 1.14618456364, 22.3381195068, 121.806854248, 43.6213760376, 21.873260498, 18.3513889313, 0.376035988331], [238.694168091, 27.8107833862, 38.8636741638, 22.4948120117, 82.7982025146, 70.091468811, 30.4857673645, 23.4768695831, 43.6213760376, 149.326721191, 64.5857315063, 43.0214309692, 17.211107254], [233.915023804, 26.1113204956, 5.2159819603, 7.71726083755, 51.7235527039, 53.0614891052, 34.6064949036, 25.6115570068, 21.873260498, 64.5857315063, 130.368026733, 72.728302002, 10.0839853287], [289.89666748, 11.9851360321, 7.65526294708, 22.8897514343, 56.0919685364, 53.2988624573, 33.7406387329, 40.4300231934, 18.3513889313, 43.0214309692, 72.728302002, 132.674942017, 35.0471801758], [85.3053970337, 65.6634292603, -60.6138877869, -11.7665452957, 2.67767858505, 23.3350162506, 15.4035110474, 17.1179580688, 0.376035988331, 17.211107254, 10.0839853287, 35.0471801758, 120.898239136]],
