{
"lowlevel": {
    "average_loudness": 0.924661636353,
    "barkbands_crest": {
        "dmean": 2.54616236687,
        "dmean2": 4.25900888443,
        "dvar": 6.25983190536,
        "dvar2": 16.8731155396,
        "max": 25.8188457489,
        "mean": 13.9800672531,
        "median": 13.2224311829,
        "min": 3.62019443512,
        "var": 30.6766204834
    },
    "barkbands_flatness_db": {
        "dmean": 0.0291790291667,
        "dmean2": 0.0440104976296,
        "dvar": 0.000712782028131,
        "dvar2": 0.00159625138622,
        "max": 0.393845200539,
        "mean": 0.212418481708,
        "median": 0.20675046742,
        "min": 0.0706468820572,
        "var": 0.00288586271927
    },
    "barkbands_kurtosis": {
        "dmean": 7.40034914017,
        "dmean2": 11.4526605606,
        "dvar": 251.648605347,
        "dvar2": 539.057800293,
        "max": 340.115447998,
        "mean": 14.5207204819,
        "median": 7.22008705139,
        "min": -1.35185325146,
        "var": 566.533813477
    },
    "barkbands_skewness": {
        "dmean": 0.793642520905,
        "dmean2": 1.21987307072,
        "dvar": 0.956577956676,
        "dvar2": 2.13397097588,
        "max": 16.1919345856,
        "mean": 2.892318964,
        "median": 2.46444964409,
        "min": -1.758030653,
        "var": 3.4863140583
    },
    "barkbands_spread": {
        "dmean": 4.87010574341,
        "dmean2": 7.25785017014,
        "dvar": 33.851852417,
        "dvar2": 74.1170730591,
        "max": 60.0463867188,
        "mean": 13.0156383514,
        "median": 11.0183553696,
        "min": 0.631125748158,
        "var": 82.2410049438
    },
    "dissonance": {
        "dmean": 0.0212339498103,
        "dmean2": 0.0357695929706,
        "dvar": 0.00041179501568,
        "dvar2": 0.00112454930786,
        "max": 0.498286604881,
        "mean": 0.455831587315,
        "median": 0.460969954729,
        "min": 0.305499643087,
        "var": 0.000783383147791
    },
    "dynamic_complexity": 3.71011281013,
    "erbbands_crest": {
        "dmean": 2.28184747696,
        "dmean2": 3.56632375717,
        "dvar": 4.37847900391,
        "dvar2": 9.70214271545,
        "max": 26.660074234,
        "mean": 9.83397197723,
        "median": 9.15687942505,
        "min": 2.85410571098,
        "var": 16.1046295166
    },
    "erbbands_flatness_db": {
        "dmean": 0.0186968613416,
        "dmean2": 0.0256222374737,
        "dvar": 0.000257805717411,
        "dvar2": 0.000499706016853,
        "max": 0.281865030527,
        "mean": 0.179011330009,
        "median": 0.17844106257,
        "min": 0.0844770148396,
        "var": 0.0011847227579
    },
    "erbbands_kurtosis": {
        "dmean": 0.799518227577,
        "dmean2": 1.25513398647,
        "dvar": 0.695139527321,
        "dvar2": 1.55662965775,
        "max": 8.63658809662,
        "mean": 0.322944164276,
        "median": 0.0217020511627,
        "min": -1.73492145538,
        "var": 1.6209782362
    },
    "erbbands_skewness": {
        "dmean": 0.341908127069,
        "dmean2": 0.513614654541,
        "dvar": 0.0920328274369,
        "dvar2": 0.20937885344,
        "max": 2.97024297714,
        "mean": 0.504015266895,
        "median": 0.480975031853,
        "min": -1.79069888592,
        "var": 0.355273962021
    },
    "erbbands_spread": {
        "dmean": 11.3918981552,
        "dmean2": 16.4431152344,
        "dvar": 148.829269409,
        "dvar2": 300.999603271,
        "max": 134.615951538,
        "mean": 44.0155677795,
        "median": 38.2096710205,
        "min": 12.6051712036,
        "var": 417.343811035
    },
    "hfc": {
        "dmean": 6.4007563591,
        "dmean2": 10.2392301559,
        "dvar": 170.597137451,
        "dvar2": 451.54977417,
        "max": 139.067108154,
        "mean": 13.0784378052,
        "median": 9.51091480255,
        "min": 1.17698682327e-16,
        "var": 178.051467896
    },
    "melbands_crest": {
        "dmean": 2.65634226799,
        "dmean2": 4.3678560257,
        "dvar": 6.65804958344,
        "dvar2": 17.7577533722,
        "max": 32.0597915649,
        "mean": 16.8192672729,
        "median": 15.8001422882,
        "min": 3.41317248344,
        "var": 34.7338294983
    },
    "melbands_flatness_db": {
        "dmean": 0.0358373187482,
        "dmean2": 0.0520484372973,
        "dvar": 0.00112140900455,
        "dvar2": 0.00243410072289,
        "max": 0.47350564599,
        "mean": 0.262474834919,
        "median": 0.258440196514,
        "min": 0.0100226718932,
        "var": 0.00454150605947
    },
    "melbands_kurtosis": {
        "dmean": 17.3919391632,
        "dmean2": 26.0105819702,
        "dvar": 1199.56652832,
        "dvar2": 2603.32470703,
        "max": 672.858398438,
        "mean": 36.7031517029,
        "median": 19.6387653351,
        "min": -1.46743643284,
        "var": 3240.93920898
    },
    "melbands_skewness": {
        "dmean": 1.06766295433,
        "dmean2": 1.60887289047,
        "dvar": 1.5586129427,
        "dvar2": 3.44992423058,
        "max": 18.2601013184,
        "mean": 4.22848176956,
        "median": 3.61489319801,
        "min": -0.182589188218,
        "var": 6.28099822998
    },
    "melbands_spread": {
        "dmean": 4.66181373596,
        "dmean2": 7.29234933853,
        "dvar": 48.8476219177,
        "dvar2": 99.9913406372,
        "max": 134.320892334,
        "mean": 11.3192958832,
        "median": 9.14920711517,
        "min": 0.507230103016,
        "var": 86.1508407593
    },
    "pitch_salience": {
        "dmean": 0.069791264832,
        "dmean2": 0.114055112004,
        "dvar": 0.00454640667886,
        "dvar2": 0.0124042164534,
        "max": 0.830292522907,
        "mean": 0.47814142704,
        "median": 0.487260073423,
        "min": 0.0931557416916,
        "var": 0.0200165715069
    },
    "silence_rate_20dB": {
        "dmean": 0,
        "dmean2": 0,
        "dvar": 0,
        "dvar2": 0,
        "max": 1,
        "mean": 1,
        "median": 1,
        "min": 1,
        "var": 0
    },
    "silence_rate_30dB": {
        "dmean": 0.0201238393784,
        "dmean2": 0.0402788519859,
        "dvar": 0.0197187624872,
        "dvar2": 0.0433037206531,
        "max": 1,
        "mean": 0.978344917297,
        "median": 1,
        "min": 0,
        "var": 0.0211862623692
    },
    "silence_rate_60dB": {
        "dmean": 0.00928792543709,
        "dmean2": 0.018590239808,
        "dvar": 0.00920167472214,
        "dvar2": 0.01979348436,
        "max": 1,
        "mean": 0.0719257518649,
        "median": 0,
        "min": 0,
        "var": 0.0667518526316
    },
    "spectral_centroid": {
        "dmean": 238.432159424,
        "dmean2": 369.962493896,
        "dvar": 144637.59375,
        "dvar2": 228809.5625,
        "max": 10907.6835938,
        "mean": 777.639831543,
        "median": 652.574951172,
        "min": 249.633728027,
        "var": 246185.3125
    },
    "spectral_complexity": {
        "dmean": 3.73219823837,
        "dmean2": 5.99070501328,
        "dvar": 23.9174251556,
        "dvar2": 52.3546295166,
        "max": 43,
        "mean": 12.5537509918,
        "median": 12,
        "min": 0,
        "var": 47.8171005249
    },
    "spectral_decrease": {
        "dmean": 2.83060930251e-09,
        "dmean2": 4.57848248203e-09,
        "dvar": 2.32101850624e-17,
        "dvar2": 5.43088508284e-17,
        "max": 7.56834119647e-30,
        "mean": -9.38284205887e-09,
        "median": -7.66071828195e-09,
        "min": -6.6119866915e-08,
        "var": 6.37767766633e-17
    },
    "spectral_energy": {
        "dmean": 0.0111452881247,
        "dmean2": 0.0180290527642,
        "dvar": 0.000351276976289,
        "dvar2": 0.000825138820801,
        "max": 0.251380473375,
        "mean": 0.0365992709994,
        "median": 0.0299375597388,
        "min": 1.06470479843e-20,
        "var": 0.000946415995713
    },
    "spectral_energyband_high": {
        "dmean": 0.000308021175442,
        "dmean2": 0.000441394455265,
        "dvar": 2.71110167205e-07,
        "dvar2": 5.84216934385e-07,
        "max": 0.00429151626304,
        "mean": 0.000387617852539,
        "median": 0.000151339190779,
        "min": 7.35264932965e-21,
        "var": 3.65451370499e-07
    },
    "spectral_energyband_low": {
        "dmean": 0.00708321249112,
        "dmean2": 0.0114397676662,
        "dvar": 0.000272412609775,
        "dvar2": 0.000636854558252,
        "max": 0.248458355665,
        "mean": 0.0185581613332,
        "median": 0.00880687404424,
        "min": 1.6546905272e-22,
        "var": 0.000714005785994
    },
    "spectral_energyband_middle_high": {
        "dmean": 0.00220332341269,
        "dmean2": 0.00378868589178,
        "dvar": 3.16458208545e-05,
        "dvar2": 8.84104010765e-05,
        "max": 0.0629175007343,
        "mean": 0.00314320018515,
        "median": 0.00200045271777,
        "min": 1.80252712505e-21,
        "var": 2.31139365496e-05
    },
    "spectral_energyband_middle_low": {
        "dmean": 0.00482819275931,
        "dmean2": 0.00803488586098,
        "dvar": 5.28758828295e-05,
        "dvar2": 0.00015432346845,
        "max": 0.0958919301629,
        "mean": 0.0160158462822,
        "median": 0.00988554116338,
        "min": 2.6014661133e-22,
        "var": 0.00025888485834
    },
    "spectral_entropy": {
        "dmean": 0.237746179104,
        "dmean2": 0.330069959164,
        "dvar": 0.0418872050941,
        "dvar2": 0.0790554285049,
        "max": 9.79492092133,
        "mean": 7.30276012421,
        "median": 7.32134771347,
        "min": 5.89025688171,
        "var": 0.173844113946
    },
    "spectral_flux": {
        "dmean": 0.0257454663515,
        "dmean2": 0.0394142456353,
        "dvar": 0.00141500576865,
        "dvar2": 0.00276222801767,
        "max": 0.43073952198,
        "mean": 0.0686467811465,
        "median": 0.0563371777534,
        "min": 1.03184530365e-10,
        "var": 0.00257308105938
    },
    "spectral_kurtosis": {
        "dmean": 2.12063646317,
        "dmean2": 3.47831130028,
        "dvar": 4.76491355896,
        "dvar2": 12.1222991943,
        "max": 24.4108829498,
        "mean": 3.47708034515,
        "median": 2.68159294128,
        "min": -1.21883606911,
        "var": 9.66985988617
    },
    "spectral_rms": {
        "dmean": 0.000831046141684,
        "dmean2": 0.00133472483139,
        "dvar": 1.11064980501e-06,
        "dvar2": 2.59245143752e-06,
        "max": 0.0156604349613,
        "mean": 0.00543333590031,
        "median": 0.00540438480675,
        "min": 3.22294339654e-12,
        "var": 6.18551257503e-06
    },
    "spectral_rolloff": {
        "dmean": 302.364135742,
        "dmean2": 503.236053467,
        "dvar": 447273.25,
        "dvar2": 753861.5,
        "max": 18863.0859375,
        "mean": 627.54284668,
        "median": 366.064453125,
        "min": 64.599609375,
        "var": 618020.125
    },
    "spectral_skewness": {
        "dmean": 0.321312457323,
        "dmean2": 0.483750879765,
        "dvar": 0.0745966956019,
        "dvar2": 0.175648868084,
        "max": 3.91687369347,
        "mean": 1.47109127045,
        "median": 1.4261572361,
        "min": 0.00932763237506,
        "var": 0.241066604853
    },
    "spectral_spread": {
        "dmean": 784424.6875,
        "dmean2": 1089843,
        "dvar": 1.18532394189e+12,
        "dvar2": 1.59358713856e+12,
        "max": 40236128,
        "mean": 4459620,
        "median": 4298758,
        "min": 2187929.75,
        "var": 2.04269276365e+12
    },
    "spectral_strongpeak": {
        "dmean": 0.197691336274,
        "dmean2": 0.338074535131,
        "dvar": 0.088499546051,
        "dvar2": 0.221596509218,
        "max": 3.75973010063,
        "mean": 0.722095370293,
        "median": 0.465172111988,
        "min": 0,
        "var": 0.408701092005
    },
    "zerocrossingrate": {
        "dmean": 0.00880758091807,
        "dmean2": 0.0102300783619,
        "dvar": 0.000207637916901,
        "dvar2": 0.00021244083473,
        "max": 0.50048828125,
        "mean": 0.0344398766756,
        "median": 0.0302734375,
        "min": 0.00244140625,
        "var": 0.000531562312972
    },
    "barkbands": {
        "dmean": [0.000158265014761, 0.00605618627742, 0.00136941741221, 0.00170204218011, 0.0022792161908, 0.0010858674068, 0.000578547304031, 0.00034932786366, 0.000592285010498, 0.00018660382193, 0.00052000686992, 0.000376321666408, 0.000378110591555, 0.000251890422078, 0.000277575862128, 0.000174207772943, 0.000191665210878, 0.000126918632304, 0.000113147179945, 6.8857705628e-05, 6.51665322948e-05, 7.54568172852e-05, 7.70431361161e-05, 7.86137170508e-05, 1.37434462886e-05, 8.82608386377e-09, 1.80497095048e-09],
        "dmean2": [0.000265544338617, 0.0096781887114, 0.00239359238185, 0.00295417685993, 0.00371627113782, 0.00177884753793, 0.0010180384852, 0.000643288716674, 0.000907021865714, 0.000288589770207, 0.000847986259032, 0.000608748407103, 0.000683251710143, 0.000439207011368, 0.000472557672765, 0.000312030198984, 0.000344214087818, 0.000223156006541, 0.000202202092623, 0.000117790230433, 0.00010948220006, 0.000113060224976, 0.000110825938464, 0.000119493313832, 2.01948405447e-05, 1.38023095175e-08, 3.35114314076e-09],
        "dvar": [1.25325442468e-07, 0.000258397631114, 9.29498401092e-06, 1.10050132207e-05, 1.30666658151e-05, 7.33790921004e-06, 3.16098839903e-06, 9.3271711421e-07, 1.48301239733e-06, 1.4997114306e-07, 1.46651052546e-06, 5.719202818e-07, 2.66608458332e-06, 7.55366158955e-07, 8.41858025069e-07, 3.92304798424e-07, 5.09518883973e-07, 1.23954478681e-07, 1.93650492974e-07, 2.98459568171e-08, 3.00294793476e-08, 1.61943773946e-08, 2.24846310459e-08, 3.17996295962e-08, 7.21351367527e-10, 2.51894204805e-16, 6.54615971601e-18],
        "dvar2": [3.30574778218e-07, 0.000637030636426, 2.71805929515e-05, 3.63061590178e-05, 3.53921132046e-05, 1.88909834833e-05, 8.92181378731e-06, 2.69125871455e-06, 3.55931183549e-06, 3.47858133409e-07, 3.8983689592e-06, 1.52202505888e-06, 7.79470519774e-06, 2.19246362576e-06, 2.35532070292e-06, 1.08289009404e-06, 1.46832428527e-06, 3.526769774e-07, 5.60687908546e-07, 8.27292154781e-08, 8.4548027246e-08, 3.54337892361e-08, 4.946347687e-08, 7.70995782773e-08, 1.57815238655e-09, 5.83998088671e-16, 2.19221672414e-17],
        "max": [0.00435465620831, 0.23614948988, 0.0410415045917, 0.0395176485181, 0.0761548951268, 0.047194045037, 0.0185174718499, 0.00862309616059, 0.0148104121909, 0.00678170472383, 0.0119918873534, 0.0104752862826, 0.0338872410357, 0.0173037368804, 0.0190030485392, 0.00766814500093, 0.0120210247114, 0.00521098775789, 0.00955103337765, 0.00280242529698, 0.002490098821, 0.000998604227789, 0.00138854421675, 0.00181537482422, 0.000346641434589, 1.97480588326e-07, 1.94924680841e-08],
        "mean": [0.000241092813667, 0.0140425274149, 0.00279369996861, 0.00301720364951, 0.00882150325924, 0.00216246838681, 0.000540230190381, 0.000276062986813, 0.00113352632616, 0.000381014804589, 0.000676658179145, 0.000615854514763, 0.000373748072889, 0.000301433174172, 0.000298645958537, 0.000142497752677, 0.000148165345308, 0.000121284916531, 9.4135190011e-05, 6.9985682785e-05, 6.83069229126e-05, 9.41130056162e-05, 9.11368479137e-05, 7.88518445916e-05, 1.51161602844e-05, 9.40980093844e-09, 1.50929357901e-09],
        "median": [5.13686936756e-05, 0.00408836919814, 0.00205801310949, 0.00154491898138, 0.00270906416699, 0.000384715211112, 0.000136707385536, 5.96087484155e-05, 0.000325431668898, 0.000117892588605, 0.000228399789194, 0.000335672782967, 0.000151598083903, 0.000127796680317, 0.000115074923087, 3.27822308464e-05, 3.42156126862e-05, 4.48212158517e-05, 2.95150930469e-05, 2.68167113973e-05, 2.98561044474e-05, 3.73598304577e-05, 2.81406737486e-05, 1.75411078089e-05, 3.83620863431e-06, 3.67465369244e-09, 5.56090062886e-10],
        "min": [3.01108937219e-24, 9.21087687561e-23, 6.55595035296e-23, 7.91800989815e-24, 2.46303579191e-23, 1.43344672394e-23, 2.2222410493e-23, 7.55282630583e-23, 8.22337574575e-23, 1.15527026117e-22, 6.94804767056e-23, 6.15415951256e-23, 8.07222179215e-23, 2.07521511016e-22, 1.64542728069e-22, 2.16260928643e-22, 1.77413454433e-22, 2.23020090827e-22, 4.04910236234e-22, 1.89618445301e-22, 4.48643548859e-22, 2.95503735755e-22, 6.39744333221e-22, 8.05547648395e-22, 1.06029085282e-21, 1.84598177414e-21, 2.32680938381e-21],
        "var": [2.25063345738e-07, 0.000620833656285, 9.82715846476e-06, 1.65853634826e-05, 0.000163873046404, 2.22381204367e-05, 2.11168071473e-06, 5.5744482097e-07, 3.3937308217e-06, 6.43503085485e-07, 1.51519236624e-06, 7.83128768944e-07, 1.51633651058e-06, 4.77344997307e-07, 5.69509893467e-07, 2.51363189818e-07, 2.94420374303e-07, 7.84544909038e-08, 1.09871514553e-07, 2.13521094139e-08, 2.0342376672e-08, 2.08672794599e-08, 2.69069193592e-08, 3.05793790289e-08, 9.06503150322e-10, 2.84209358776e-16, 5.59474443366e-18]
    },
    "erbbands": {
        "dmean": [0.173336237669, 1.4230171442, 1.75099372864, 3.81235837936, 3.8740465641, 12.0213518143, 7.66098451614, 9.70155143738, 11.0232496262, 6.00177526474, 7.89196872711, 12.5740175247, 9.49117279053, 9.67022609711, 18.9546813965, 17.3861846924, 17.9619998932, 12.5354728699, 14.6296844482, 13.7056446075, 8.21496963501, 9.81216049194, 8.37858486176, 5.6981959343, 4.58958387375, 3.32297754288, 3.25634765625, 2.15878486633, 2.10193729401, 3.21642494202, 2.5876121521, 0.685349106789, 1.52910244465, 0.56132131815, 0.0196388978511, 0.000891555391718, 7.29538223823e-05, 1.23472655105e-05, 7.03146588421e-06, 1.29631644086e-05],
        "dmean2": [0.27312541008, 2.31042170525, 3.01374125481, 6.6323223114, 6.66589164734, 19.4437084198, 12.6402368546, 15.8528375626, 19.6739883423, 10.5328369141, 14.4832839966, 20.6257419586, 13.3479175568, 15.77069664, 30.7761058807, 27.9819335938, 32.0545845032, 21.6682357788, 24.7104358673, 24.3957118988, 14.7116212845, 17.5680465698, 14.7878389359, 10.1848936081, 8.04323482513, 5.70507001877, 5.60669946671, 3.50288844109, 3.1662094593, 4.736536026, 3.77929878235, 1.04621696472, 2.32614517212, 0.826734125614, 0.0295188333839, 0.00133082061075, 0.000107432810182, 1.80658789759e-05, 1.06176266854e-05, 2.0673543986e-05],
        "dvar": [0.267519533634, 12.5923309326, 15.9079113007, 54.8840522766, 33.4287185669, 351.65536499, 385.8543396, 591.25958252, 1399.64794922, 221.291717529, 532.063476562, 870.290649414, 301.802703857, 405.904602051, 1604.40942383, 1255.1640625, 5970.58154297, 1368.89660645, 2020.4362793, 1829.62145996, 979.966796875, 1138.07739258, 513.00201416, 476.378540039, 208.42199707, 78.0842056274, 87.1432723999, 18.8752994537, 12.3321809769, 34.1078605652, 29.2625713348, 1.51774430275, 12.8191223145, 1.47446703911, 0.00228108256124, 4.07356947107e-06, 2.28435173e-08, 5.90825832703e-10, 1.15181419957e-10, 4.48295983668e-10],
        "dvar2": [0.643578290939, 31.7246837616, 44.0293998718, 181.053283691, 103.53011322, 902.281860352, 1106.02368164, 1520.75585938, 3980.13061523, 621.594665527, 1533.60681152, 2240.70629883, 557.159851074, 1068.3104248, 4247.58154297, 3287.74584961, 17453.90625, 3916.60375977, 5690.90917969, 5117.71582031, 2829.03369141, 3251.36791992, 1452.32336426, 1387.80749512, 589.502441406, 217.515350342, 247.548553467, 50.5288238525, 27.8642616272, 74.4549942017, 68.2584381104, 3.55944061279, 31.2124443054, 3.38332867622, 0.00518777687103, 9.03024738363e-06, 5.05562560704e-08, 1.31837840645e-09, 2.51692083841e-10, 1.05086217506e-09],
        "max": [7.88025331497, 49.3004264832, 59.7158470154, 79.1930541992, 68.1614685059, 451.040771484, 357.815734863, 485.149353027, 428.483947754, 203.3150177, 266.164367676, 400.131622314, 268.099884033, 213.506011963, 370.195251465, 445.281951904, 1641.38098145, 607.584533691, 801.997680664, 527.161621094, 611.194946289, 493.016693115, 330.610229492, 428.952209473, 279.165893555, 156.972335815, 144.233154297, 38.7586593628, 32.8864135742, 61.5374794006, 60.7609939575, 10.8429069519, 38.6692962646, 13.045290947, 0.638225197792, 0.0240615271032, 0.00150221691001, 0.000244748400291, 0.000121964672871, 0.000275900471024],
        "mean": [0.442091614008, 2.9438328743, 3.76735687256, 7.01828718185, 9.10789585114, 49.7775382996, 22.5251159668, 18.7010765076, 9.57974624634, 6.89876127243, 6.81320905685, 20.8832740784, 22.8930454254, 16.0325756073, 26.6419143677, 28.7745952606, 19.9337501526, 16.1944141388, 16.7862205505, 12.0967636108, 7.13203907013, 7.97597932816, 7.44247341156, 4.95295333862, 4.09560918808, 3.43289065361, 3.27332353592, 2.35451793671, 2.61641788483, 3.89544439316, 2.92216110229, 0.748774170876, 1.5132522583, 0.578936755657, 0.0198956821114, 0.000944948464166, 8.91031231731e-05, 1.51798521983e-05, 2.03970594157e-05, 4.18193121732e-05],
        "median": [0.0670935884118, 1.05443155766, 2.67362546921, 4.32118368149, 5.42679786682, 12.8760910034, 12.3087234497, 4.08355522156, 2.53866243362, 2.06242823601, 1.96341669559, 6.02060604095, 6.02213191986, 6.95725297928, 9.87816143036, 16.2860145569, 10.3440113068, 6.98949432373, 7.36433458328, 4.2120885849, 2.01841759682, 2.18926167488, 2.51143717766, 1.67142570019, 1.38829612732, 1.27518415451, 1.32807934284, 1.08308041096, 1.12699520588, 1.23669433594, 0.798313736916, 0.271578580141, 0.302523195744, 0.115154311061, 0.00343242334202, 0.00018831093621, 3.1010247767e-05, 5.70952624912e-06, 1.64376233442e-05, 3.41242630384e-05],
        "min": [2.24924645915e-21, 2.19337408423e-20, 7.74313108536e-20, 4.56757372777e-20, 2.84686874013e-20, 8.93678760595e-20, 1.71370781514e-19, 9.14083819967e-20, 2.53403446084e-19, 9.15110945643e-19, 1.57116412288e-18, 1.70301216303e-18, 4.01910102437e-18, 2.78799798574e-18, 2.48735154069e-18, 2.2630999815e-18, 3.15730021484e-18, 1.0566204967e-17, 7.78925956185e-18, 9.64457769933e-18, 1.41054742345e-17, 9.62960242152e-18, 1.33736973251e-17, 1.69986492691e-17, 1.90292767569e-17, 9.22711453343e-18, 1.92123136285e-17, 1.51589036338e-17, 8.55274313133e-18, 1.83890406171e-17, 1.69103295407e-17, 1.70858886996e-17, 1.27464446122e-17, 9.81966205651e-18, 8.97202940331e-18, 7.16317234647e-18, 3.28875451702e-18, 1.57885400744e-18, 2.98020146608e-19, 3.31751221357e-20],
        "var": [0.839621782303, 24.3716049194, 18.6957683563, 72.3304901123, 90.1387786865, 5746.16259766, 792.610839844, 1597.98547363, 872.627929688, 211.373931885, 318.169708252, 1267.7232666, 1548.05175781, 659.73248291, 1856.80065918, 1667.07580566, 3402.47753906, 966.515930176, 1404.76000977, 1163.70275879, 567.412658691, 673.736206055, 321.628479004, 267.663757324, 129.290756226, 55.0864562988, 55.9061355591, 16.0243549347, 15.6110982895, 42.4062995911, 31.4177360535, 1.68325519562, 12.0862455368, 1.59926700592, 0.00244867987931, 4.60852788819e-06, 2.66326392051e-08, 6.99005964222e-10, 2.79660961056e-10, 1.18006793226e-09]
    },
    "gfcc": {
        "mean": [-51.3144645691, 138.974212646, -123.394477844, 62.479927063, -65.6293411255, 35.7119560242, -29.7593593597, -14.4067211151, -11.685084343, -23.5340080261, 6.51588010788, -17.5268115997, 8.59148979187],
        "cov": [[8965.39355469, 229.702056885, -673.260864258, -292.08026123, -279.614074707, 30.0249919891, -291.152587891, 100.72076416, -63.1041679382, -92.4149780273, 14.5700826645, 22.8534240723, 128.167724609], [229.702056885, 603.311462402, -110.235595703, -175.996704102, 121.752876282, -157.677947998, 105.331619263, -133.313690186, 33.0379371643, -114.255783081, 13.2307300568, -52.0790786743, 65.1383743286], [-673.260864258, -110.235595703, 464.588531494, 142.026626587, 63.3893737793, 134.722213745, 58.6162071228, 63.8868103027, 24.607416153, 19.7931613922, -13.823805809, 18.531332016, 28.1493377686], [-292.08026123, -175.996704102, 142.026626587, 266.645874023, 54.3391227722, 47.4154701233, 43.082649231, 64.4162063599, 59.42578125, 61.2546730042, 34.582698822, 23.2504386902, 2.89352154732], [-279.614074707, 121.752876282, 63.3893737793, 54.3391227722, 227.763565063, 36.8413124084, 87.2444839478, -24.7271709442, 57.942615509, 27.1801948547, 60.7800827026, 11.8906888962, 27.5226688385], [30.0249919891, -157.677947998, 134.722213745, 47.4154701233, 36.8413124084, 256.366943359, 41.8754463196, 39.2747573853, -14.8455381393, 62.288646698, 41.3356819153, 34.2089195251, -24.2478027344], [-291.152587891, 105.331619263, 58.6162071228, 43.082649231, 87.2444839478, 41.8754463196, 200.067092896, 55.4575920105, 61.0101356506, -8.61626052856, 31.3535518646, 10.6798553467, 29.205373764], [100.72076416, -133.313690186, 63.8868103027, 64.4162063599, -24.7271709442, 39.2747573853, 55.4575920105, 203.446090698, 80.8040313721, 35.2355690002, -16.1594829559, 24.5511493683, 16.4218521118], [-63.1041679382, 33.0379371643, 24.607416153, 59.42578125, 57.942615509, -14.8455381393, 61.0101356506, 80.8040313721, 135.101074219, 53.5281105042, 22.3037891388, 2.82331204414, 19.7327404022], [-92.4149780273, -114.255783081, 19.7931613922, 61.2546730042, 27.1801948547, 62.288646698, -8.61626052856, 35.2355690002, 53.5281105042, 132.251708984, 73.1339263916, 24.9567508698, -30.5258293152], [14.5700826645, 13.2307300568, -13.823805809, 34.582698822, 60.7800827026, 41.3356819153, 31.3535518646, -16.1594829559, 22.3037891388, 73.1339263916, 140.591217041, 82.6803665161, -2.34457135201], [22.8534240723, -52.0790786743, 18.531332016, 23.2504386902, 11.8906888962, 34.2089195251, 10.6798553467, 24.5511493683, 2.82331204414, 24.9567508698, 82.6803665161, 121.178588867, 42.2730903625], [128.167724609, 65.1383743286, 28.1493377686, 2.89352154732, 27.5226688385, -24.2478027344, 29.205373764, 16.4218521118, 19.7327404022, -30.5258293152, -2.34457135201, 42.2730903625, 98.2378387451]],
        "icov": [[0.000189011218026, -0.000286347814836, 0.000340336904628, -0.000155183806783, 0.000250924262218, -0.000526502262801, 0.000663852493744, -0.000539628148545, 5.73519610043e-05, 0.000362534279702, -0.000616058008745, 0.000550065597054, -0.000607358117122], [-0.000286347814836, 0.00876967981458, -0.00114983390085, 0.0055020134896, -0.00198383699171, 0.00324150454253, -0.00355391670018, 0.00427650241181, -0.00525717483833, 0.00693809613585, -0.00813732575625, 0.00718929385766, -0.00365228555165], [0.000340336904628, -0.00114983390085, 0.00397922517732, -0.00218275305815, -3.77192773158e-05, -0.00274165556766, 0.00116144516505, -0.00121525465511, 0.000557876715902, 2.3369477276e-05, 0.0015101917088, -0.000358332006726, -0.00148038484622], [-0.000155183806783, 0.0055020134896, -0.00218275305815, 0.00883354339749, -0.00182511156891, 0.00255592702888, -0.00243219127879, 0.00175394164398, -0.00380537100136, 0.00276348902844, -0.00546579342335, 0.00424019340426, -0.00184037873987], [0.000250924262218, -0.00198383699171, -3.77192773158e-05, -0.00182511156891, 0.00846507120878, -0.00241950643249, -0.000352267670678, 0.00145272351801, -0.0023453431204, -0.000124742568005, -0.00285075302236, 0.00195333641022, -0.00253055477515], [-0.000526502262801, 0.00324150454253, -0.00274165556766, 0.00255592702888, -0.00241950643249, 0.00917317718267, -0.00476275011897, 0.0011631466914, 0.00278584728949, -0.0034173631575, 0.000532182282768, -0.00129416189156, 0.00235955580138], [0.000663852493744, -0.00355391670018, 0.00116144516505, -0.00243219127879, -0.000352267670678, -0.00476275011897, 0.0126137183979, -0.00600686529651, -0.00144691276364, 0.00575140956789, -0.00610265927389, 0.00395897449926, -0.00236495328136], [-0.000539628148545, 0.00427650241181, -0.00121525465511, 0.00175394164398, 0.00145272351801, 0.0011631466914, -0.00600686529651, 0.0139796836302, -0.00879292935133, -0.000665887899231, 0.00586065230891, -0.00513020111248, 0.0014007370919], [5.73519610043e-05, -0.00525717483833, 0.000557876715902, -0.00380537100136, -0.0023453431204, 0.00278584728949, -0.00144691276364, -0.00879292935133, 0.0221974235028, -0.0132390810177, 0.00481246737763, -0.000825477007311, -0.0014945003204], [0.000362534279702, 0.00693809613585, 2.3369477276e-05, 0.00276348902844, -0.000124742568005, -0.0034173631575, 0.00575140956789, -0.000665887899231, -0.0132390810177, 0.0298138000071, -0.0231568329036, 0.0136800380424, -0.00208452041261], [-0.000616058008745, -0.00813732575625, 0.0015101917088, -0.00546579342335, -0.00285075302236, 0.000532182282768, -0.00610265927389, 0.00586065230891, 0.00481246737763, -0.0231568329036, 0.043815292418, -0.0335601978004, 0.0150170680135], [0.000550065597054, 0.00718929385766, -0.000358332006726, 0.00424019340426, 0.00195333641022, -0.00129416189156, 0.00395897449926, -0.00513020111248, -0.000825477007311, 0.0136800380424, -0.0335601978004, 0.0382606685162, -0.0195413194597], [-0.000607358117122, -0.00365228555165, -0.00148038484622, -0.00184037873987, -0.00253055477515, 0.00235955580138, -0.00236495328136, 0.0014007370919, -0.0014945003204, -0.00208452041261, 0.0150170680135, -0.0195413194597, 0.0240519586951]]
    },
    "melbands": {
        "dmean": [0.00162954838015, 0.00123286759481, 0.000647550972644, 0.000490748439915, 0.000359575264156, 0.000225813375437, 0.000151626489242, 6.61500744172e-05, 6.63791215629e-05, 8.34668389871e-05, 4.68462676508e-05, 3.65422747564e-05, 7.52538253437e-05, 3.83810620406e-05, 5.15347601322e-05, 3.1962441426e-05, 2.28062981478e-05, 2.42417445406e-05, 1.91742074094e-05, 1.66298104887e-05, 8.6218560682e-06, 9.35658954404e-06, 1.19410988191e-05, 5.19640798302e-06, 4.63395463157e-06, 4.33943978351e-06, 2.27023292609e-06, 2.22381981985e-06, 2.24154882744e-06, 1.48812034695e-06, 1.2329475112e-06, 1.12710392841e-06, 1.66856978012e-06, 1.59826049639e-06, 1.82661949566e-06, 6.0697675508e-07, 3.34916109068e-07, 6.27120130048e-07, 1.79486767138e-06, 1.11495083388e-07],
        "dmean2": [0.00259134499356, 0.00199866923504, 0.00112476444338, 0.000806825759355, 0.000587493879721, 0.000371169444406, 0.000270408636425, 0.000117647381558, 0.000121562414279, 0.000131993292598, 6.54169853078e-05, 5.92491123825e-05, 0.000122791141621, 6.26343680779e-05, 8.7539490778e-05, 5.76784987061e-05, 3.94496491936e-05, 4.05151404266e-05, 3.38522695529e-05, 2.98559371004e-05, 1.54543158715e-05, 1.6761079678e-05, 2.11804999708e-05, 9.11447114049e-06, 8.33522335597e-06, 7.75437820266e-06, 3.87482077713e-06, 3.83344013244e-06, 3.90342074752e-06, 2.5010808713e-06, 2.00105228032e-06, 1.75725654117e-06, 2.49698337029e-06, 2.36770142692e-06, 2.70149257631e-06, 9.12863242775e-07, 5.37247899501e-07, 9.60632178248e-07, 2.73859905064e-06, 1.69957843354e-07],
        "dvar": [2.12569539144e-05, 7.34266814106e-06, 1.4401819044e-06, 4.90679667564e-07, 5.09869039433e-07, 3.28128379579e-07, 2.5441366347e-07, 2.84740160339e-08, 3.94578982821e-08, 3.27341744821e-08, 7.6384836234e-09, 5.48499556885e-09, 3.0127747408e-08, 6.92353685494e-09, 2.40910136284e-08, 1.8615976316e-08, 4.77676520561e-09, 5.34807220731e-09, 5.52229950657e-09, 3.49746298589e-09, 1.49046774922e-09, 1.41790323926e-09, 1.15983578297e-09, 1.98835128917e-10, 3.63246904778e-10, 2.8781863004e-10, 3.40238809349e-11, 3.65249185064e-11, 3.70415920159e-11, 1.67460715433e-11, 5.79200966702e-12, 3.9330066981e-12, 8.34188707693e-12, 8.59054667679e-12, 1.49891748319e-11, 1.32842716861e-12, 4.35755869322e-13, 1.9014330041e-12, 1.88216005281e-11, 4.83114152253e-14],
        "dvar2": [5.21002584719e-05, 1.85146109288e-05, 4.66602114102e-06, 1.31403623982e-06, 1.43917509376e-06, 8.55243285969e-07, 7.23816924619e-07, 8.11103717524e-08, 1.14176266663e-07, 8.00529349476e-08, 1.38152413953e-08, 1.41214249183e-08, 8.02119615173e-08, 1.86262791857e-08, 6.72615243502e-08, 5.45813811925e-08, 1.36558400143e-08, 1.52283892163e-08, 1.56055843803e-08, 9.51111722713e-09, 4.3718761944e-09, 4.11887501883e-09, 3.25475912888e-09, 5.61920621145e-10, 1.06177311388e-09, 8.30423174669e-10, 9.34803970343e-11, 1.02410628589e-10, 1.04924374744e-10, 4.70727588853e-11, 1.54902219524e-11, 9.43181470425e-12, 1.81501359081e-11, 1.88857610106e-11, 3.53181164869e-11, 3.12245390134e-12, 1.09659536226e-12, 4.60377048983e-12, 4.56772536461e-11, 1.03917390101e-13],
        "max": [0.0700350701809, 0.0367574095726, 0.0134652946144, 0.0156347416341, 0.0136586809531, 0.0107472185045, 0.00568383140489, 0.00219937204383, 0.00255001732148, 0.00248780590482, 0.0013469888363, 0.000813469057903, 0.00169650081079, 0.00111010973342, 0.00290958210826, 0.00279725855216, 0.00118152727373, 0.00118355930317, 0.00154904718511, 0.000709042069502, 0.000848278810736, 0.000677505857311, 0.000413497153204, 0.00017354026204, 0.000379072327632, 0.00036800064845, 7.4884694186e-05, 0.00011180772708, 7.87105018389e-05, 6.07937545283e-05, 2.35096504184e-05, 2.00082304218e-05, 2.68806597887e-05, 3.07551745209e-05, 4.45381738245e-05, 9.92650984699e-06, 6.45586032988e-06, 1.60963008966e-05, 4.54161745438e-05, 2.41836937676e-06],
        "mean": [0.00394447147846, 0.00269688502885, 0.00127169035841, 0.00192584109027, 0.00129332393408, 0.000417378265411, 0.000131950975629, 7.01397802914e-05, 5.86757814744e-05, 0.000151748739881, 0.000113178619358, 6.04430497333e-05, 9.72469060798e-05, 6.25317625236e-05, 6.95079361321e-05, 3.50653426722e-05, 2.81445300061e-05, 2.82814271486e-05, 1.69314389495e-05, 1.3495669009e-05, 7.63154184824e-06, 7.48498132452e-06, 9.57059819484e-06, 5.04657418787e-06, 3.85829707739e-06, 3.62412197319e-06, 2.20136439566e-06, 2.26010433835e-06, 2.17706087824e-06, 1.5508726392e-06, 1.30891635308e-06, 1.31674414661e-06, 2.08134201785e-06, 1.90283913071e-06, 2.00402178052e-06, 6.76930994814e-07, 3.31872115567e-07, 6.34474019989e-07, 1.74449610313e-06, 1.1847689052e-07],
        "median": [0.000910503207706, 0.00157150416635, 0.000798330875114, 0.000658144301269, 0.000638242869172, 7.32911648811e-05, 3.64427469322e-05, 1.95937118406e-05, 1.44890500451e-05, 4.46267877123e-05, 2.70906966762e-05, 2.0726254661e-05, 3.33445495926e-05, 2.77687959169e-05, 3.7402522139e-05, 1.57490667334e-05, 1.0420975741e-05, 1.20868826343e-05, 5.60960279472e-06, 3.81224481316e-06, 1.94435870071e-06, 1.89146180674e-06, 2.50591438089e-06, 1.89894251434e-06, 1.18761226986e-06, 1.11743793241e-06, 7.70008171003e-07, 8.23387665605e-07, 8.61341845848e-07, 6.65973175273e-07, 6.02011823503e-07, 5.72272313093e-07, 7.78927812917e-07, 5.84501265166e-07, 5.06773403686e-07, 2.27404100883e-07, 1.1585157722e-07, 1.58867479172e-07, 2.7783764267e-07, 2.86475732025e-08],
        "min": [2.21284461152e-23, 3.76942289866e-23, 7.68452363628e-24, 4.0779990946e-24, 5.7551497224e-24, 2.16797731923e-24, 3.99349631443e-24, 1.15640808259e-23, 1.24259468636e-23, 1.12841322344e-23, 2.08712479568e-23, 1.18514975635e-23, 8.85465048333e-24, 6.56251848775e-24, 4.50851362274e-24, 9.76900890338e-24, 2.17507142702e-23, 1.26719870579e-23, 1.26467955737e-23, 1.21524661427e-23, 1.80728585589e-23, 9.49374851227e-24, 1.17684675867e-23, 1.00854825436e-23, 1.4183922602e-23, 1.47641581968e-23, 9.22972465591e-24, 5.2290725842e-24, 1.0542957182e-23, 1.10960141521e-23, 8.90355118198e-24, 5.14466367848e-24, 4.48877829504e-24, 1.29365142075e-23, 9.71469504119e-24, 8.15149694888e-24, 1.2100168609e-23, 9.54506233644e-24, 7.4877517498e-24, 8.39556735751e-24],
        "var": [5.7175726397e-05, 1.22288402054e-05, 2.15851309804e-06, 7.3205951594e-06, 2.74266949418e-06, 8.36872743548e-07, 1.58332653655e-07, 2.39115998113e-08, 2.38160264843e-08, 6.21648155175e-08, 4.02384152665e-08, 1.10775575379e-08, 3.15196437839e-08, 9.95076199217e-09, 1.78072170343e-08, 1.07713109543e-08, 3.36315375549e-09, 3.73719455382e-09, 3.38998717986e-09, 2.30616281627e-09, 8.29771640287e-10, 7.99371291382e-10, 7.28947069373e-10, 1.30992439118e-10, 2.00846020371e-10, 1.6500811828e-10, 2.47333282327e-11, 2.5179892893e-11, 2.3937844762e-11, 1.12573344743e-11, 5.02415557074e-12, 4.39158908891e-12, 1.07861298018e-11, 1.04716227009e-11, 1.56060980111e-11, 1.49376485573e-12, 3.98469343459e-13, 1.83438268915e-12, 1.76933138279e-11, 5.9811036061e-14]
    },
    "mfcc": {
        "mean": [-674.285217285, 131.716033936, 19.6246795654, 22.8408508301, 8.98276424408, 26.874458313, 7.20792484283, 9.93113422394, -5.68418073654, -2.65747046471, -3.01674032211, -5.34973669052, -5.56212759018],
        "cov": [[7383.57666016, 392.849151611, -526.335388184, -260.28036499, -184.69732666, -208.313873291, -224.425918579, -12.0211219788, -83.3184661865, -73.1513900757, -123.925743103, -117.276924133, 26.9330615997], [392.849151611, 748.453369141, -185.315338135, -42.8624839783, -50.3204574585, -1.11085879803, -2.72377943993, 3.53516530991, -16.6859321594, -14.1123590469, -75.1118392944, -71.5608978271, -69.1595535278], [-526.335388184, -185.315338135, 398.392059326, 41.8951225281, 54.5770683289, 56.1436004639, 55.4674873352, 60.1205635071, 61.287563324, 30.6228809357, 39.7812728882, -21.0752277374, 13.8553962708], [-260.28036499, -42.8624839783, 41.8951225281, 249.096679688, 48.1654624939, -9.79430103302, -9.92114830017, 27.7875232697, 53.7579956055, 46.2764816284, 8.30189037323, 43.8645973206, -13.7597236633], [-184.69732666, -50.3204574585, 54.5770683289, 48.1654624939, 152.019378662, 74.9977645874, 19.1338977814, -5.99523639679, 8.84792900085, 10.7430448532, 33.7774658203, 21.0585689545, 24.3442897797], [-208.313873291, -1.11085879803, 56.1436004639, -9.79430103302, 74.9977645874, 203.635421753, 96.5997085571, -1.60208559036, -45.3194961548, -1.7604392767, 35.7744598389, 32.931842804, 10.5848464966], [-224.425918579, -2.72377943993, 55.4674873352, -9.92114830017, 19.1338977814, 96.5997085571, 135.905670166, 54.3780708313, -0.12656159699, -5.21366786957, 22.397064209, 20.4187679291, 17.0101661682], [-12.0211219788, 3.53516530991, 60.1205635071, 27.7875232697, -5.99523639679, -1.60208559036, 54.3780708313, 131.105163574, 73.5956878662, 19.9199542999, -6.1577334404, -4.96741819382, 17.7345848083], [-83.3184661865, -16.6859321594, 61.287563324, 53.7579956055, 8.84792900085, -45.3194961548, -0.12656159699, 73.5956878662, 160.583694458, 78.7919158936, -0.693867385387, -22.8321228027, -8.5714931488], [-73.1513900757, -14.1123590469, 30.6228809357, 46.2764816284, 10.7430448532, -1.7604392767, -5.21366786957, 19.9199542999, 78.7919158936, 119.069381714, 51.9708786011, 3.540122509, -25.1037006378], [-123.925743103, -75.1118392944, 39.7812728882, 8.30189037323, 33.7774658203, 35.7744598389, 22.397064209, -6.1577334404, -0.693867385387, 51.9708786011, 128.998718262, 64.4676437378, 20.1009731293], [-117.276924133, -71.5608978271, -21.0752277374, 43.8645973206, 21.0585689545, 32.931842804, 20.4187679291, -4.96741819382, -22.8321228027, 3.540122509, 64.4676437378, 142.54095459, 75.338104248], [26.9330615997, -69.1595535278, 13.8553962708, -13.7597236633, 24.3442897797, 10.5848464966, 17.0101661682, 17.7345848083, -8.5714931488, -25.1037006378, 20.1009731293, 75.338104248, 156.4375]],
