{
"lowlevel": {
    "average_loudness": 0.957344353199,
    "barkbands_crest": {
        "dmean": 2.72917485237,
        "dmean2": 4.49927759171,
        "dvar": 8.23399353027,
        "dvar2": 22.3767337799,
        "max": 25.8393001556,
        "mean": 15.9348201752,
        "median": 15.8305864334,
        "min": 3.20066380501,
        "var": 21.8271446228
    },
    "barkbands_flatness_db": {
        "dmean": 0.0465055257082,
        "dmean2": 0.067029863596,
        "dvar": 0.00208204938099,
        "dvar2": 0.00431035272777,
        "max": 0.710243165493,
        "mean": 0.383582681417,
        "median": 0.386718422174,
        "min": 0.0673604980111,
        "var": 0.0118054933846
    },
    "barkbands_kurtosis": {
        "dmean": 14.9395685196,
        "dmean2": 24.0417671204,
        "dvar": 847.692016602,
        "dvar2": 2067.07373047,
        "max": 757.379760742,
        "mean": 19.4938259125,
        "median": 8.92300701141,
        "min": -1.90674161911,
        "var": 1345.59643555
    },
    "barkbands_skewness": {
        "dmean": 1.16857016087,
        "dmean2": 1.76814496517,
        "dvar": 1.85696578026,
        "dvar2": 4.28024864197,
        "max": 20.0353183746,
        "mean": 2.7014837265,
        "median": 2.35914802551,
        "min": -4.11752557755,
        "var": 5.12899160385
    },
    "barkbands_spread": {
        "dmean": 3.34334897995,
        "dmean2": 4.78616857529,
        "dvar": 43.5802001953,
        "dvar2": 80.3588638306,
        "max": 73.344039917,
        "mean": 6.35353660583,
        "median": 2.57276844978,
        "min": 0.132279336452,
        "var": 99.2591934204
    },
    "dissonance": {
        "dmean": 0.0434236451983,
        "dmean2": 0.0701853111386,
        "dvar": 0.00152564875316,
        "dvar2": 0.00407781964168,
        "max": 0.499963998795,
        "mean": 0.402164310217,
        "median": 0.414512902498,
        "min": 0.144254937768,
        "var": 0.00457168277353
    },
    "dynamic_complexity": 2.38650584221,
    "erbbands_crest": {
        "dmean": 3.00423645973,
        "dmean2": 4.54579305649,
        "dvar": 7.70051002502,
        "dvar2": 18.1332778931,
        "max": 29.7754325867,
        "mean": 12.8542499542,
        "median": 11.6259174347,
        "min": 2.51441454887,
        "var": 30.2629699707
    },
    "erbbands_flatness_db": {
        "dmean": 0.0316509455442,
        "dmean2": 0.0413100346923,
        "dvar": 0.00103224429768,
        "dvar2": 0.00178595574107,
        "max": 0.492917656898,
        "mean": 0.28066560626,
        "median": 0.279505699873,
        "min": 0.0739803984761,
        "var": 0.00541212595999
    },
    "erbbands_kurtosis": {
        "dmean": 4.33092021942,
        "dmean2": 6.62701368332,
        "dvar": 52.5276908875,
        "dvar2": 106.199302673,
        "max": 145.235198975,
        "mean": 6.82165527344,
        "median": 2.71968698502,
        "min": -1.88872694969,
        "var": 198.75
    },
    "erbbands_skewness": {
        "dmean": 0.708458483219,
        "dmean2": 1.03729104996,
        "dvar": 0.504683315754,
        "dvar2": 1.08007228374,
        "max": 9.35030078888,
        "mean": 1.11591756344,
        "median": 0.968419075012,
        "min": -5.05530834198,
        "var": 2.12118887901
    },
    "erbbands_spread": {
        "dmean": 10.9156885147,
        "dmean2": 16.5413150787,
        "dvar": 360.48550415,
        "dvar2": 845.987487793,
        "max": 169.719299316,
        "mean": 23.3811416626,
        "median": 14.3833360672,
        "min": 0.600795567036,
        "var": 606.442321777
    },
    "hfc": {
        "dmean": 5.72910737991,
        "dmean2": 8.59045791626,
        "dvar": 110.306632996,
        "dvar2": 238.561538696,
        "max": 104.089874268,
        "mean": 11.3382787704,
        "median": 7.09389925003,
        "min": 2.36112082348e-05,
        "var": 168.524581909
    },
    "melbands_crest": {
        "dmean": 3.08523344994,
        "dmean2": 5.0473484993,
        "dvar": 11.0323610306,
        "dvar2": 29.1873188019,
        "max": 30.8708019257,
        "mean": 20.0136528015,
        "median": 20.2655467987,
        "min": 4.02070617676,
        "var": 18.7116260529
    },
    "melbands_flatness_db": {
        "dmean": 0.0541410334408,
        "dmean2": 0.0739609822631,
        "dvar": 0.00320659135468,
        "dvar2": 0.00627229642123,
        "max": 0.834654271603,
        "mean": 0.48602232337,
        "median": 0.492054760456,
        "min": 0.0620901398361,
        "var": 0.0188090987504
    },
    "melbands_kurtosis": {
        "dmean": 27.0631752014,
        "dmean2": 42.7555198669,
        "dvar": 3232.60180664,
        "dvar2": 7430.42382812,
        "max": 945.575561523,
        "mean": 35.9155273438,
        "median": 15.4280700684,
        "min": -1.66771972179,
        "var": 4080.59277344
    },
    "melbands_skewness": {
        "dmean": 1.34038281441,
        "dmean2": 2.04091000557,
        "dvar": 3.38429665565,
        "dvar2": 7.79006910324,
        "max": 20.4410514832,
        "mean": 3.47991752625,
        "median": 2.89876055717,
        "min": -2.36450338364,
        "var": 7.00191020966
    },
    "melbands_spread": {
        "dmean": 3.05576610565,
        "dmean2": 4.45000886917,
        "dvar": 46.3954429626,
        "dvar2": 95.1063079834,
        "max": 133.199325562,
        "mean": 5.64936304092,
        "median": 2.33369326591,
        "min": 0.268197506666,
        "var": 101.008621216
    },
    "pitch_salience": {
        "dmean": 0.0975417867303,
        "dmean2": 0.165614843369,
        "dvar": 0.0120524205267,
        "dvar2": 0.033591914922,
        "max": 0.855686366558,
        "mean": 0.405348688364,
        "median": 0.384364277124,
        "min": 0.0627147182822,
        "var": 0.0185918472707
    },
    "silence_rate_20dB": {
        "dmean": 0.00154918665066,
        "dmean2": 0.00309957377613,
        "dvar": 0.00154677650426,
        "dvar2": 0.00463970797136,
        "max": 1,
        "mean": 0.999225735664,
        "median": 1,
        "min": 0,
        "var": 0.000773691688664
    },
    "silence_rate_30dB": {
        "dmean": 0.118512779474,
        "dmean2": 0.237117394805,
        "dvar": 0.104464881122,
        "dvar2": 0.207236230373,
        "max": 1,
        "mean": 0.875338733196,
        "median": 1,
        "min": 0,
        "var": 0.109118074179
    },
    "silence_rate_60dB": {
        "dmean": 0.002323779976,
        "dmean2": 0.00464936066419,
        "dvar": 0.00231845234521,
        "dvar2": 0.00540250120685,
        "max": 1,
        "mean": 0.00774293439463,
        "median": 0,
        "min": 0,
        "var": 0.0076831090264
    },
    "spectral_centroid": {
        "dmean": 168.023895264,
        "dmean2": 237.467910767,
        "dvar": 104322.625,
        "dvar2": 184615.640625,
        "max": 3762.42553711,
        "mean": 512.250183105,
        "median": 295.552368164,
        "min": 107.669647217,
        "var": 317543.125
    },
    "spectral_complexity": {
        "dmean": 2.60728120804,
        "dmean2": 3.98876404762,
        "dvar": 29.3653392792,
        "dvar2": 57.3858833313,
        "max": 68,
        "mean": 8.00232315063,
        "median": 6,
        "min": 0,
        "var": 48.4963645935
    },
    "spectral_decrease": {
        "dmean": 7.46915862493e-09,
        "dmean2": 1.19425820344e-08,
        "dvar": 1.83535376944e-16,
        "dvar2": 4.3947973596e-16,
        "max": -2.99401582899e-14,
        "mean": -1.59425379564e-08,
        "median": -1.34096520554e-08,
        "min": -1.02140909064e-07,
        "var": 2.05133856831e-16
    },
    "spectral_energy": {
        "dmean": 0.0285579729825,
        "dmean2": 0.0456384830177,
        "dvar": 0.00266854139045,
        "dvar2": 0.00638083275408,
        "max": 0.38937163353,
        "mean": 0.0611992441118,
        "median": 0.0515266917646,
        "min": 1.15142931634e-07,
        "var": 0.00299008586444
    },
    "spectral_energyband_high": {
        "dmean": 0.000210464117117,
        "dmean2": 0.000331045826897,
        "dvar": 4.81268102703e-07,
        "dvar2": 1.1234072872e-06,
        "max": 0.00855291448534,
        "mean": 0.00018106434436,
        "median": 2.28462045015e-06,
        "min": 8.79640249529e-11,
        "var": 4.84105669329e-07
    },
    "spectral_energyband_low": {
        "dmean": 0.0248661357909,
        "dmean2": 0.0409296676517,
        "dvar": 0.00234716478735,
        "dvar2": 0.00599941378459,
        "max": 0.341235101223,
        "mean": 0.0477310232818,
        "median": 0.03966441378,
        "min": 5.17416260948e-08,
        "var": 0.00232227356173
    },
    "spectral_energyband_middle_high": {
        "dmean": 0.00110929110087,
        "dmean2": 0.00155981909484,
        "dvar": 8.2147307694e-06,
        "dvar2": 1.69730938069e-05,
        "max": 0.0397632829845,
        "mean": 0.00185045413673,
        "median": 0.00011021141836,
        "min": 8.96037022358e-10,
        "var": 2.07535158552e-05
    },
    "spectral_energyband_middle_low": {
        "dmean": 0.0085210390389,
        "dmean2": 0.0150990020484,
        "dvar": 0.000529272423591,
        "dvar2": 0.00150897202548,
        "max": 0.180365920067,
        "mean": 0.0115271508694,
        "median": 0.00667594466358,
        "min": 4.84425264347e-08,
        "var": 0.000344547996065
    },
    "spectral_entropy": {
        "dmean": 0.367380082607,
        "dmean2": 0.508393168449,
        "dvar": 0.169102847576,
        "dvar2": 0.328634619713,
        "max": 8.32602787018,
        "mean": 5.97663450241,
        "median": 5.96774053574,
        "min": 3.6767539978,
        "var": 0.837077856064
    },
    "spectral_flux": {
        "dmean": 0.0501770190895,
        "dmean2": 0.0736028552055,
        "dvar": 0.00437782658264,
        "dvar2": 0.00844036415219,
        "max": 0.576601564884,
        "mean": 0.10601015389,
        "median": 0.0700572878122,
        "min": 0.000339327176334,
        "var": 0.00921850372106
    },
    "spectral_kurtosis": {
        "dmean": 20.0529537201,
        "dmean2": 31.0232620239,
        "dvar": 634.454223633,
        "dvar2": 1327.07226562,
        "max": 272.668121338,
        "mean": 44.581401825,
        "median": 21.8231620789,
        "min": -1.3689814806,
        "var": 2681.88793945
    },
    "spectral_rms": {
        "dmean": 0.00155505980365,
        "dmean2": 0.00239889486693,
        "dvar": 5.0963258218e-06,
        "dvar2": 1.13620044431e-05,
        "max": 0.0194903761148,
        "mean": 0.00712261581793,
        "median": 0.00709012988955,
        "min": 1.05988001451e-05,
        "var": 8.97478639672e-06
    },
    "spectral_rolloff": {
        "dmean": 183.273254395,
        "dmean2": 308.081878662,
        "dvar": 274567.75,
        "dvar2": 647271.125,
        "max": 5340.234375,
        "mean": 355.519592285,
        "median": 193.798828125,
        "min": 86.1328125,
        "var": 326460.59375
    },
    "spectral_skewness": {
        "dmean": 1.27517044544,
        "dmean2": 1.88381969929,
        "dvar": 1.5994477272,
        "dvar2": 3.17938780785,
        "max": 14.4370546341,
        "mean": 4.36768817902,
        "median": 3.55318212509,
        "min": -0.402322530746,
        "var": 9.45566749573
    },
    "spectral_spread": {
        "dmean": 943838.8125,
        "dmean2": 1349955.25,
        "dvar": 1.85673436365e+12,
        "dvar2": 3.36797420749e+12,
        "max": 12222450,
        "mean": 2476196.5,
        "median": 1912073.625,
        "min": 305668.21875,
        "var": 3.64552178893e+12
    },
    "spectral_strongpeak": {
        "dmean": 0.254645526409,
        "dmean2": 0.437133073807,
        "dvar": 0.162465676665,
        "dvar2": 0.395855724812,
        "max": 4.73435926437,
        "mean": 0.619922220707,
        "median": 0.49616754055,
        "min": 0,
        "var": 0.284739434719
    },
    "zerocrossingrate": {
        "dmean": 0.00549306953326,
        "dmean2": 0.00663918722421,
        "dvar": 8.72571326909e-05,
        "dvar2": 0.000108779931907,
        "max": 0.14404296875,
        "mean": 0.0152907837182,
        "median": 0.0087890625,
        "min": 0.00048828125,
        "var": 0.000290904630674
    },
    "barkbands": {
        "dmean": [0.00282444572076, 0.0155349317938, 0.00997245777398, 0.00286528770812, 0.00409216387197, 0.00156892242376, 0.000430411775596, 0.000221822192543, 0.00037107890239, 0.000399407726945, 0.000303669919958, 0.000123133926536, 8.35671307868e-05, 0.000134065456223, 6.0994476371e-05, 8.78955470398e-05, 9.3894181191e-05, 9.75242001005e-05, 0.000135151945869, 3.97281946789e-05, 4.46369813289e-05, 4.98163535667e-05, 2.87658858724e-05, 4.71376552014e-05, 3.1690531614e-05, 1.96582519152e-08, 2.64376676107e-09],
        "dmean2": [0.00486356718466, 0.0259978901595, 0.01671628654, 0.0051865731366, 0.00749912066385, 0.00229556625709, 0.000750517298002, 0.000393149384763, 0.000569328025449, 0.000619280093815, 0.000424667727202, 0.000186356133781, 0.000136489674333, 0.00019667147717, 0.000103741389466, 0.000131872846396, 0.00014166800247, 0.000146494887304, 0.000203071642318, 6.31356961094e-05, 6.9514826464e-05, 7.75086373324e-05, 4.61550371256e-05, 7.96384993009e-05, 5.50773947907e-05, 3.40407027011e-08, 4.83557016651e-09],
        "dvar": [3.44349027728e-05, 0.000782137329224, 0.000647249573376, 6.88280415488e-05, 0.000158011112944, 5.92776314079e-06, 1.01166597233e-06, 4.03871439403e-07, 8.94728145795e-07, 1.57298904924e-06, 1.20253025671e-06, 2.89741279857e-07, 9.57310959393e-08, 2.76589702253e-07, 6.87874504024e-08, 1.76399908014e-07, 1.77166938897e-07, 9.08718433834e-08, 3.20035439927e-07, 2.63972417258e-08, 3.25913234178e-08, 4.84317439486e-08, 1.21603624947e-08, 2.60571741961e-08, 9.0512397577e-09, 4.4227905809e-15, 3.52101736181e-17],
        "dvar2": [8.40561042423e-05, 0.00220194878057, 0.00158835551701, 0.000196213150048, 0.000454623863334, 1.48481658471e-05, 2.69669840236e-06, 1.13431917725e-06, 1.87531384199e-06, 3.25409882862e-06, 1.81134157629e-06, 5.87497538618e-07, 2.07381987138e-07, 5.93499180468e-07, 1.76746112857e-07, 3.61155230166e-07, 3.61038473784e-07, 2.02403796834e-07, 7.44855242374e-07, 6.65727029059e-08, 7.14680936653e-08, 1.14360979353e-07, 2.92815744984e-08, 6.57422205563e-08, 2.39783712885e-08, 1.18967979728e-14, 1.02058880701e-16],
        "max": [0.107394173741, 0.252789020538, 0.194481283426, 0.0673350542784, 0.108789362013, 0.0362835749984, 0.00843570940197, 0.00689317379147, 0.0165637210011, 0.0276564024389, 0.0275666955858, 0.0128766959533, 0.00660856487229, 0.00999760441482, 0.00529503962025, 0.0142605993897, 0.0108953258023, 0.00394735252485, 0.0155518325046, 0.00515684857965, 0.00214887061156, 0.00407585548237, 0.00136559526436, 0.00207899231464, 0.00133544229902, 1.13020428216e-06, 1.47276523421e-07],
        "mean": [0.00340919848531, 0.0315914340317, 0.0126742143184, 0.00239338283427, 0.00410482194275, 0.00376118114218, 0.000464827840915, 0.000199602116481, 0.000518715998624, 0.000496236956678, 0.000419304938987, 0.000140178381116, 8.87914429768e-05, 0.000167656151461, 5.36280313099e-05, 8.80195584614e-05, 0.000122680809, 0.000127931940369, 0.000170596278622, 4.1551378672e-05, 4.32452434325e-05, 4.4301203161e-05, 2.28730259551e-05, 3.39695470757e-05, 2.09500540223e-05, 1.39631461948e-08, 2.13474282695e-09],
        "median": [0.00134424434509, 0.0263606235385, 0.00419809948653, 0.00067049881909, 0.00170030083973, 0.0016566227423, 0.000127293096739, 3.8287085772e-05, 5.09038436576e-05, 1.88397771126e-05, 1.34889869514e-05, 7.2945804277e-06, 5.10568816026e-06, 4.13065572502e-06, 2.39293262894e-06, 1.92026118384e-06, 2.21205391426e-06, 2.03428430723e-06, 2.61248010247e-06, 9.49866318933e-07, 4.61299578092e-07, 2.40165746845e-07, 1.6274772463e-07, 9.25154708398e-08, 1.70571059499e-08, 1.28987476256e-09, 8.25975232654e-10],
        "min": [2.61295980408e-08, 2.975800939e-08, 9.83858150505e-09, 3.56653595546e-09, 1.50258934184e-08, 2.40118369632e-09, 2.30276704372e-08, 3.05874492401e-10, 4.0686609637e-09, 1.1407064876e-10, 5.5361709661e-10, 1.09710414364e-10, 5.11850180296e-11, 2.98717751923e-11, 2.65396368077e-11, 1.68343377432e-11, 1.46517867283e-11, 3.85072919731e-12, 6.12790547472e-12, 9.49502542563e-12, 5.4557200771e-12, 8.82837900007e-12, 1.7118671064e-11, 2.11795823934e-11, 7.94916649866e-12, 9.00619422789e-12, 1.20577254778e-11],
        "var": [6.60274163238e-05, 0.000819542969111, 0.000579867744818, 4.16483599111e-05, 9.49012755882e-05, 2.71455719485e-05, 8.73665953804e-07, 2.76570119695e-07, 2.19030880544e-06, 3.2183318126e-06, 2.96315806736e-06, 5.39522773124e-07, 1.38979359576e-07, 4.79985544644e-07, 5.50474332783e-08, 2.86745006406e-07, 3.68871894807e-07, 1.66094352494e-07, 5.90935144373e-07, 3.96182464613e-08, 3.83829998896e-08, 4.95171548209e-08, 1.0911973547e-08, 2.0127126632e-08, 6.3091398772e-09, 3.01270730504e-15, 2.49666303013e-17]
    },
    "erbbands": {
        "dmean": [0.369328379631, 3.90370678902, 12.0116558075, 9.22914409637, 11.6267414093, 14.0720739365, 12.3158254623, 14.0912265778, 7.97068500519, 6.02909231186, 4.73300695419, 7.68150281906, 11.2898721695, 12.2711830139, 8.30323314667, 4.73894071579, 3.54321312904, 6.96079969406, 4.05606937408, 3.2711417675, 5.16185426712, 4.77905607224, 4.88363933563, 7.51021575928, 4.25575876236, 1.81590378284, 1.53559875488, 1.97062802315, 1.97074627876, 1.06753206253, 0.834778249264, 0.882666885853, 0.907204926014, 0.584381461143, 0.0348177738488, 0.00152342824731, 8.85141926119e-05, 1.21987923194e-05, 1.4201355043e-05, 3.13265154546e-05],
        "dmean2": [0.610878527164, 6.58543205261, 20.3244094849, 15.558142662, 21.6878032684, 25.2656211853, 21.2624320984, 19.1526412964, 12.5542135239, 10.4979476929, 8.21991920471, 11.7647008896, 16.7690887451, 18.180770874, 11.8586807251, 7.20649528503, 5.3717083931, 10.3960952759, 6.09211778641, 5.3233962059, 7.76080369949, 7.10925245285, 7.31453800201, 11.5239038467, 6.24146652222, 2.81863617897, 2.44965481758, 3.05593013763, 3.12658071518, 1.69549453259, 1.33548545837, 1.456351161, 1.55171239376, 1.01139378548, 0.0601441636682, 0.00261920574121, 0.00014872328029, 2.0394947569e-05, 2.24967443501e-05, 5.00342248415e-05],
        "dvar": [0.377512037754, 56.6397590637, 939.499694824, 559.117431641, 1338.02978516, 1674.73754883, 952.877929688, 417.099731445, 206.347961426, 241.152236938, 174.445297241, 407.342559814, 1253.12194824, 1347.48840332, 760.949768066, 393.107727051, 132.438842773, 812.277709961, 234.061126709, 188.004135132, 626.074035645, 345.832458496, 244.636383057, 971.70916748, 276.411712646, 53.8528938293, 38.5872612, 63.3172149658, 83.8576660156, 19.7541046143, 9.42990207672, 9.31141090393, 8.91247367859, 3.22351431847, 0.0161311198026, 2.86588165181e-05, 7.14431891424e-08, 1.15648313148e-09, 5.87788928641e-10, 3.1517608523e-09],
        "dvar2": [1.07601952553, 157.660751343, 2414.84008789, 1478.13293457, 3849.82421875, 4811.99316406, 2727.55639648, 891.687133789, 542.41192627, 663.108215332, 478.310974121, 845.624938965, 2727.69384766, 2616.11401367, 1515, 872.692199707, 274.017852783, 1824.43933105, 474.484588623, 462.887451172, 1414.67822266, 678.969604492, 521.835144043, 2383.79980469, 577.992858887, 126.432670593, 87.6109848022, 142.509658813, 201.886245728, 46.9209594727, 22.5371875763, 22.9138679504, 23.0180053711, 8.50372028351, 0.0430913455784, 7.63009302318e-05, 1.86818880366e-07, 2.9722491135e-09, 1.36171474097e-09, 7.49097317509e-09],
        "max": [5.48877477646, 61.8056678772, 246.653259277, 172.549545288, 286.593109131, 382.442901611, 305.114013672, 398.462799072, 168.405761719, 125.347862244, 151.261383057, 448.20715332, 848.32824707, 691.210327148, 552.504638672, 428.292999268, 267.950683594, 570.227905273, 370.530212402, 155.080963135, 910.374328613, 470.902648926, 292.435241699, 804.474853516, 515.009643555, 256.657562256, 67.8555755615, 96.0994873047, 170.00881958, 52.855091095, 36.7033996582, 40.0528030396, 41.9944038391, 24.8784675598, 2.0481197834, 0.0861922502518, 0.00413636490703, 0.000507523131091, 0.000179267241037, 0.000421702046879],
        "mean": [0.639919400215, 7.86266803741, 17.8655223846, 9.61035060883, 9.34131145477, 15.1478157043, 18.1964626312, 36.2497291565, 14.835723877, 6.27483463287, 4.82414674759, 10.2070674896, 15.0435581207, 20.0838165283, 10.9093332291, 5.35353899002, 4.05270338058, 8.04832744598, 4.82690477371, 2.9847843647, 6.29007768631, 6.94467735291, 6.90183496475, 9.59338855743, 5.60886478424, 2.00380897522, 1.49694740772, 1.88633561134, 1.73440241814, 0.934277415276, 0.662675559521, 0.653676450253, 0.629795789719, 0.391310989857, 0.0232889465988, 0.00104877632111, 7.57190791774e-05, 1.05627595985e-05, 2.95280588034e-05, 6.74392649671e-05],
        "median": [0.438138067722, 6.55211400986, 10.3860197067, 3.33980441093, 2.59685587883, 6.17897462845, 10.1973628998, 13.5244016647, 6.37360620499, 1.7767213583, 1.23434042931, 1.04665267467, 1.03617155552, 0.693671405315, 0.526895284653, 0.314054131508, 0.283706307411, 0.245008111, 0.190552726388, 0.106048688293, 0.114869400859, 0.131599649787, 0.115541167557, 0.14595104754, 0.103068239987, 0.0451146475971, 0.0253296270967, 0.0143820606172, 0.00907933991402, 0.0061710095033, 0.00450913747773, 0.00257172132842, 0.00139554974157, 0.000401982746553, 7.15407877578e-05, 3.75453782908e-05, 1.98639081646e-05, 2.56199155046e-06, 2.42480928137e-05, 5.69009825995e-05],
        "min": [8.88804834176e-07, 6.63824266667e-06, 1.4079232642e-05, 9.23338393477e-06, 3.50128138962e-05, 5.41724220966e-05, 2.91912201646e-05, 2.43483282247e-05, 0.000244322232902, 0.000228394826991, 1.90235077753e-05, 0.000119265641843, 2.1474510504e-05, 7.32792705094e-06, 2.41665729845e-05, 3.60693934454e-06, 2.45641149377e-06, 1.36526227834e-06, 2.04791149372e-06, 7.53996062031e-07, 9.67428263721e-07, 5.95081189658e-07, 2.04159661621e-07, 2.47809765597e-07, 3.17328073152e-07, 5.07973084041e-07, 3.36606206019e-07, 1.92861733694e-07, 2.72936432566e-07, 4.63020256802e-07, 4.60203835928e-07, 5.19673847066e-07, 2.99532928238e-07, 1.20431636219e-07, 4.38227374389e-08, 2.83761245612e-08, 1.79488086616e-08, 7.42277395105e-09, 1.80337722533e-09, 3.04863773115e-10],
        "var": [0.483708977699, 53.8457717896, 776.769348145, 425.65145874, 770.390014648, 1071.65637207, 737.802246094, 2881.89208984, 427.089569092, 184.341964722, 141.238754272, 959.788024902, 2116.7565918, 4804.84960938, 1525.4387207, 601.718200684, 220.885406494, 1081.17797852, 460.42678833, 161.405181885, 1368.70727539, 850.960388184, 509.570556641, 1592.57299805, 588.972961426, 93.7224349976, 43.0247039795, 75.5159912109, 82.7644119263, 19.5729751587, 8.51695156097, 7.63414859772, 6.56993055344, 2.26895570755, 0.011023116298, 1.97794579435e-05, 5.20876923815e-08, 8.91774709633e-10, 6.82613576775e-10, 3.55741303082e-09]
    },
    "gfcc": {
        "mean": [-142.941146851, 195.640335083, -64.2323913574, 41.0226478577, -36.8819465637, 1.59856641293, -17.447687149, -3.72143888474, -0.811577022076, -16.026260376, 15.7889108658, -8.51369476318, 8.10209178925],
        "cov": [[8347.453125, -2416.78076172, -2744.37475586, 1298.63208008, -1142.35314941, 710.51373291, -307.392425537, 564.722961426, -469.775421143, -262.356567383, 39.8292198181, -259.665893555, 133.520202637], [-2416.78076172, 1694.53076172, 580.954711914, -987.564880371, 700.638916016, -423.205108643, 290.740234375, -262.882781982, 136.685195923, 20.7165317535, -6.40720844269, 53.2978553772, -59.6872825623], [-2744.37475586, 580.954711914, 2577.04101562, -237.589050293, 84.6211471558, 131.523376465, -240.828765869, -272.889923096, 153.388214111, 171.550979614, -95.5564727783, -29.8793964386, -81.2499542236], [1298.63208008, -987.564880371, -237.589050293, 1014.11212158, -258.108306885, 11.4877462387, -74.8430862427, 111.815559387, 6.94448137283, -45.5260429382, 9.86805534363, 24.0975666046, -10.1210250854], [-1142.35314941, 700.638916016, 84.6211471558, -258.108306885, 714.484741211, -273.283874512, 253.886306763, -38.5464744568, 57.0115089417, -3.07170414925, -14.0646133423, 63.7433509827, -59.4607696533], [710.51373291, -423.205108643, 131.523376465, 11.4877462387, -273.283874512, 534.410827637, -105.904144287, 38.6117401123, -101.907096863, 6.96541547775, -40.6817016602, -142.491333008, 30.6009521484], [-307.392425537, 290.740234375, -240.828765869, -74.8430862427, 253.886306763, -105.904144287, 383.093933105, -23.7539539337, 6.12270402908, 0.70381206274, 5.2690820694, 28.8209724426, -47.1297340393], [564.722961426, -262.882781982, -272.889923096, 111.815559387, -38.5464744568, 38.6117401123, -23.7539539337, 239.293151855, -26.1482925415, -69.1099777222, 18.2889003754, -5.53077363968, 25.9479122162], [-469.775421143, 136.685195923, 153.388214111, 6.94448137283, 57.0115089417, -101.907096863, 6.12270402908, -26.1482925415, 147.355270386, 28.8716411591, -6.76836633682, 38.3469619751, -9.25442695618], [-262.356567383, 20.7165317535, 171.550979614, -45.5260429382, -3.07170414925, 6.96541547775, 0.70381206274, -69.1099777222, 28.8716411591, 132.601089478, 25.9322357178, 8.75915622711, -6.39991617203], [39.8292198181, -6.40720844269, -95.5564727783, 9.86805534363, -14.0646133423, -40.6817016602, 5.2690820694, 18.2889003754, -6.76836633682, 25.9322357178, 117.501625061, 43.6420631409, 27.924621582], [-259.665893555, 53.2978553772, -29.8793964386, 24.0975666046, 63.7433509827, -142.491333008, 28.8209724426, -5.53077363968, 38.3469619751, 8.75915622711, 43.6420631409, 118.129524231, 19.0280532837], [133.520202637, -59.6872825623, -81.2499542236, -10.1210250854, -59.4607696533, 30.6009521484, -47.1297340393, 25.9479122162, -9.25442695618, -6.39991617203, 27.924621582, 19.0280532837, 76.5072402954]],
        "icov": [[0.000481435126858, -0.000799177098088, 0.000609363429248, -0.00102063966915, 0.000527047435753, -0.000775148510002, 0.000593306496739, -0.000726046040654, 0.000990855623968, -0.000666534120683, 0.000420483440394, -9.51476977207e-05, 0.000314116303343], [-0.000799177098088, 0.0131808882579, -0.00318955117837, 0.0108173508197, -0.00492272293195, 0.00821393541992, -0.00530423270538, 0.00812150817364, -0.00720508955419, 0.00999767985195, -0.0060733766295, 0.00787652563304, -0.00318910670467], [0.000609363429248, -0.00318955117837, 0.00179108988959, -0.00289040151983, 0.00115384836681, -0.0026740282774, 0.00215977989137, -0.00170750089455, 0.00171732588205, -0.00284917210229, 0.00173695711419, -0.00188728340436, 0.00164863478858], [-0.00102063966915, 0.0108173508197, -0.00289040151983, 0.0104285664856, -0.00367677281611, 0.00697110546753, -0.00450619589537, 0.00637278426439, -0.00661996752024, 0.00847960915416, -0.00498076435179, 0.00543873477727, -0.0016788369976], [0.000527047435753, -0.00492272293195, 0.00115384836681, -0.00367677281611, 0.00456000724807, -0.00214703893289, 0.000699082331266, -0.0036415013019, 0.00301333400421, -0.00353585649282, 0.00276840454899, -0.00300733279437, 0.0018533723196], [-0.000775148510002, 0.00821393541992, -0.0026740282774, 0.00697110546753, -0.00214703893289, 0.0093628372997, -0.00400674622506, 0.0043996446766, -0.00307102245279, 0.00528750102967, -0.00303274951875, 0.00857536215335, -0.00448564533144], [0.000593306496739, -0.00530423270538, 0.00215977989137, -0.00450619589537, 0.000699082331266, -0.00400674622506, 0.00654049729928, -0.0028124304954, 0.00315551529638, -0.00427403161302, 0.00213851034641, -0.00389490090311, 0.00386515329592], [-0.000726046040654, 0.00812150817364, -0.00170750089455, 0.00637278426439, -0.0036415013019, 0.0043996446766, -0.0028124304954, 0.011105322279, -0.00524841435254, 0.0088862515986, -0.00519164698198, 0.00487820571288, -0.00266588199884], [0.000990855623968, -0.00720508955419, 0.00171732588205, -0.00661996752024, 0.00301333400421, -0.00307102245279, 0.00315551529638, -0.00524841435254, 0.0139971831813, -0.00760714896023, 0.0053352820687, -0.00529543589801, 0.001318340539], [-0.000666534120683, 0.00999767985195, -0.00284917210229, 0.00847960915416, -0.00353585649282, 0.00528750102967, -0.00427403161302, 0.0088862515986, -0.00760714896023, 0.0184133313596, -0.00838211737573, 0.0057111158967, -0.00119156832807], [0.000420483440394, -0.0060733766295, 0.00173695711419, -0.00498076435179, 0.00276840454899, -0.00303274951875, 0.00213851034641, -0.00519164698198, 0.0053352820687, -0.00838211737573, 0.0150824952871, -0.0072204163298, -0.00160854309797], [-9.51476977207e-05, 0.00787652563304, -0.00188728340436, 0.00543873477727, -0.00300733279437, 0.00857536215335, -0.00389490090311, 0.00487820571288, -0.00529543589801, 0.0057111158967, -0.0072204163298, 0.0214575976133, -0.00765895517543], [0.000314116303343, -0.00318910670467, 0.00164863478858, -0.0016788369976, 0.0018533723196, -0.00448564533144, 0.00386515329592, -0.00266588199884, 0.001318340539, -0.00119156832807, -0.00160854309797, -0.00765895517543, 0.0206346902996]]
    },
    "melbands": {
        "dmean": [0.00380169786513, 0.00583624700084, 0.00166206888389, 0.000946060637943, 0.000463226810098, 0.00030255827005, 0.000119571312098, 6.18901613052e-05, 3.9181955799e-05, 5.22151276527e-05, 5.81615968258e-05, 5.1102215366e-05, 3.65282649e-05, 1.58498623932e-05, 7.65401546232e-06, 1.04093633126e-05, 1.32349869091e-05, 7.46028490539e-06, 4.58703016193e-06, 4.43675708084e-06, 6.67577796776e-06, 5.29298131369e-06, 4.72258170703e-06, 4.87867191623e-06, 6.71349971526e-06, 4.29163219451e-06, 1.99029341275e-06, 1.01193802493e-06, 9.25232825466e-07, 1.02857234197e-06, 1.19514254493e-06, 1.23221707327e-06, 7.7800825693e-07, 5.163624337e-07, 4.47181463414e-07, 5.19577611158e-07, 5.73083070776e-07, 5.83721146086e-07, 8.35719276893e-07, 3.60417999445e-07],
        "dmean2": [0.00630280794576, 0.00988526735455, 0.00280256988481, 0.00174135237467, 0.000808722572401, 0.000417927949456, 0.000188707592315, 0.000108539345092, 6.75116316415e-05, 7.94840452727e-05, 8.58003550093e-05, 7.61238115956e-05, 5.05206735397e-05, 2.38575539697e-05, 1.25407586893e-05, 1.60286926985e-05, 2.01613584068e-05, 1.08223403004e-05, 7.69035523263e-06, 7.17750117474e-06, 1.00723791547e-05, 7.96903168521e-06, 7.36721403882e-06, 7.48181309973e-06, 1.04126384031e-05, 6.46814532956e-06, 3.10384666591e-06, 1.62813444149e-06, 1.52763175265e-06, 1.66580787209e-06, 1.8542395992e-06, 1.99260352929e-06, 1.23426002574e-06, 8.35539083255e-07, 7.07578067249e-07, 8.65704919306e-07, 9.49209322698e-07, 1.00320562524e-06, 1.44335058394e-06, 6.27774682016e-07],
        "dvar": [4.21437471232e-05, 0.000183471609489, 1.81513787538e-05, 8.691756193e-06, 1.47336720602e-06, 1.92970134094e-07, 4.72652139649e-08, 2.67028550383e-08, 1.17520597698e-08, 1.91992590715e-08, 3.346482913e-08, 2.37650983337e-08, 1.68539209255e-08, 5.57564838743e-09, 7.37560901243e-10, 1.37173472581e-09, 3.06808001227e-09, 8.21179568788e-10, 3.88284265851e-10, 3.47069206708e-10, 1.33809174852e-09, 4.9193299434e-10, 4.03926114778e-10, 2.5792940006e-10, 8.64202598372e-10, 3.66647934236e-10, 5.82415782269e-11, 1.80609086714e-11, 1.50948940847e-11, 1.95573071626e-11, 2.41122972283e-11, 3.68952854379e-11, 1.1445049769e-11, 5.06237282996e-12, 2.71948566097e-12, 3.60134947038e-12, 3.80440384057e-12, 4.12478601622e-12, 6.17935563829e-12, 1.38250283617e-12],
        "dvar2": [0.00011958975665, 0.000478460773593, 4.80550916109e-05, 2.50106495514e-05, 4.21671802542e-06, 4.30407482099e-07, 1.24269803337e-07, 7.3752126184e-08, 3.0989429689e-08, 4.04819502364e-08, 7.07508220898e-08, 4.71667433999e-08, 2.89694774835e-08, 1.06212034723e-08, 1.89439020026e-09, 2.74221312324e-09, 6.91079593551e-09, 1.47220813318e-09, 9.77486092069e-10, 8.41566427656e-10, 3.0605036283e-09, 9.43997657821e-10, 9.95607929433e-10, 5.80009429374e-10, 2.17162798855e-09, 8.12923783844e-10, 1.30777305651e-10, 4.41102050719e-11, 3.6661666758e-11, 4.31280844371e-11, 5.54863446856e-11, 9.29286578244e-11, 2.56313390651e-11, 1.23489508549e-11, 6.36565366391e-12, 9.06856794519e-12, 9.35701603005e-12, 1.07496633123e-11, 1.60611472039e-11, 3.68532851805e-12],
        "max": [0.0623269304633, 0.10646854341, 0.0324330329895, 0.0248212944716, 0.0118751227856, 0.00817121751606, 0.00250445166603, 0.00134311628062, 0.00132176233456, 0.00277038384229, 0.00410966202617, 0.00275264214724, 0.00320277060382, 0.00198529334739, 0.000425193837145, 0.000846078793984, 0.00108871352859, 0.00084778125165, 0.000322708248859, 0.000237720436417, 0.00141986995004, 0.000594159238972, 0.000569374067709, 0.000270251155598, 0.00080048548989, 0.000506065494847, 0.000271275144769, 0.000122782599647, 5.09503515786e-05, 5.0567996368e-05, 6.05863278906e-05, 0.000124512895127, 7.59265167289e-05, 2.93098692055e-05, 2.15562904486e-05, 2.29957822739e-05, 2.53654980042e-05, 3.16652658512e-05, 2.78222305496e-05, 1.76675439434e-05],
        "mean": [0.00751650892198, 0.0102377533913, 0.00173424754757, 0.000867422379088, 0.000651777489111, 0.000766097626183, 0.000221369831706, 6.06844332651e-05, 4.13217858295e-05, 7.05466081854e-05, 7.64043943491e-05, 8.27549665701e-05, 4.78515976283e-05, 1.82673356903e-05, 7.73768260842e-06, 1.13964861157e-05, 1.52542879732e-05, 8.91971740202e-06, 3.93069194615e-06, 3.73949387722e-06, 8.46902094054e-06, 7.22161803424e-06, 6.26139899396e-06, 6.18683816356e-06, 8.23542450235e-06, 5.5704499573e-06, 2.28922476708e-06, 1.04677474155e-06, 8.87918247372e-07, 9.65869730862e-07, 1.13059536488e-06, 1.04543232737e-06, 7.23165499039e-07, 4.30152397257e-07, 3.630199501e-07, 3.78715412808e-07, 4.20383173605e-07, 4.0180290739e-07, 5.66778169286e-07, 2.39494596599e-07],
        "median": [0.00596338929608, 0.00842302292585, 0.000608318776358, 0.000301496183965, 0.000378189899493, 0.000298806698993, 9.84682483249e-05, 1.30022781377e-05, 8.07232936495e-06, 6.49635785521e-06, 4.63078231405e-06, 2.72507577392e-06, 1.75486593434e-06, 9.05287038222e-07, 5.65826724142e-07, 5.38856909316e-07, 3.98021853698e-07, 3.07660428689e-07, 1.49620376533e-07, 1.22792016555e-07, 1.25284685737e-07, 1.34951960717e-07, 1.05765948888e-07, 8.86533371158e-08, 1.14725509093e-07, 8.72324505963e-08, 4.59914630824e-08, 2.14380424524e-08, 1.53108743461e-08, 9.84850601071e-09, 6.68197941422e-09, 5.087615218e-09, 3.89847398807e-09, 3.09464365245e-09, 2.62470312151e-09, 2.00581684595e-09, 1.3000550636e-09, 9.47117828609e-10, 6.61375620936e-10, 1.56958293585e-10],
        "min": [9.50639034158e-09, 8.14817546768e-09, 2.34924923959e-09, 3.5432454748e-09, 1.27061361432e-09, 5.14461528933e-10, 4.25349311328e-09, 1.95847782436e-09, 1.14897452663e-10, 7.52035933527e-10, 7.32376242985e-11, 2.25495351558e-11, 8.04196917392e-11, 2.49253326312e-11, 4.98942944252e-12, 4.27664023986e-12, 2.43141444478e-12, 3.5001034189e-12, 1.40519757288e-12, 1.34437426469e-12, 1.15408301405e-12, 7.90890031417e-13, 2.21057045824e-13, 1.60723092279e-13, 1.98201264429e-13, 2.45199856513e-13, 1.83502193475e-13, 3.97415932628e-13, 2.51896892017e-13, 1.08129827249e-13, 1.1917443215e-13, 1.51627340783e-13, 1.69030249324e-13, 3.13413818552e-13, 2.79151593334e-13, 2.5917224096e-13, 3.2361114656e-13, 2.41298029734e-13, 1.15488863047e-13, 9.23081665901e-14],
        "var": [4.98337867612e-05, 0.000151937681949, 1.37584702316e-05, 5.17298849445e-06, 1.04507910237e-06, 1.24136420254e-06, 9.40288060747e-08, 1.99225222985e-08, 1.24529391243e-08, 4.45866206178e-08, 5.99840745963e-08, 8.14008629391e-08, 3.684427341e-08, 1.11496714084e-08, 6.94804769275e-10, 2.25055218905e-09, 4.1349235147e-09, 2.0336676787e-09, 3.1323310612e-10, 3.08177733332e-10, 3.14862513839e-09, 1.11610398701e-09, 5.91320825638e-10, 4.27501339884e-10, 1.32303257239e-09, 6.58695931133e-10, 1.14768604342e-10, 2.7687808643e-11, 1.63431906897e-11, 2.08662913337e-11, 2.8734681301e-11, 3.29503195562e-11, 1.33106893563e-11, 4.55494062607e-12, 2.55329069519e-12, 2.89374405514e-12, 3.09625632425e-12, 2.9823864732e-12, 4.48253023241e-12, 9.4880928201e-13]
    },
    "mfcc": {
        "mean": [-792.071777344, 203.702194214, 50.1684036255, 41.0745620728, 21.7201900482, 5.5099067688, 9.86966896057, 9.62262439728, -3.26628065109, 1.39832866192, 2.82420706749, 0.192642554641, 1.25664269924],
        "cov": [[9739.77539062, -3076.02758789, -2251.33544922, 103.788619995, -650.155456543, -324.073669434, 217.71156311, 318.676818848, -165.15246582, 75.2311706543, -50.0646972656, -211.343170166, -237.64704895], [-3076.02758789, 2470.52783203, 83.5319137573, -368.053649902, 178.036987305, 9.36660003662, 67.6517715454, -105.778541565, 15.3753538132, 27.8858890533, -14.3428592682, -17.2480697632, 66.7334213257], [-2251.33544922, 83.5319137573, 2205.09057617, -213.007720947, 261.971496582, 293.482299805, -231.240997314, -244.737045288, 88.1738357544, -58.2051353455, -30.9267368317, 159.79586792, 32.2127990723], [103.788619995, -368.053649902, -213.007720947, 811.443847656, 16.9920024872, -46.2246818542, -64.0513153076, 125.971748352, -38.1850738525, -39.4283180237, 62.3016433716, 27.9560317993, 21.815656662], [-650.155456543, 178.036987305, 261.971496582, 16.9920024872, 344.824066162, -10.9416046143, -32.6804695129, -6.16883325577, 36.1817131042, -17.7241516113, -13.4703159332, 23.6428089142, 11.484161377], [-324.073669434, 9.36660003662, 293.482299805, -46.2246818542, -10.9416046143, 311.869781494, 33.6490440369, -65.9804992676, 24.9345817566, 42.4132957458, -3.17667770386, -3.09993457794, 2.31063914299], [217.71156311, 67.6517715454, -231.240997314, -64.0513153076, -32.6804695129, 33.6490440369, 265.248535156, 67.1978378296, -19.8910274506, 54.0648231506, 20.5522651672, -49.0021820068, -16.8682079315], [318.676818848, -105.778541565, -244.737045288, 125.971748352, -6.16883325577, -65.9804992676, 67.1978378296, 187.016067505, 29.8118286133, -2.48188829422, 21.1171627045, -1.11075329781, -25.4051208496], [-165.15246582, 15.3753538132, 88.1738357544, -38.1850738525, 36.1817131042, 24.9345817566, -19.8910274506, 29.8118286133, 108.778953552, 27.8681945801, -4.08383512497, 15.9402446747, -1.97656416893], [75.2311706543, 27.8858890533, -58.2051353455, -39.4283180237, -17.7241516113, 42.4132957458, 54.0648231506, -2.48188829422, 27.8681945801, 95.7667160034, 21.5395698547, -21.572309494, -3.20366048813], [-50.0646972656, -14.3428592682, -30.9267368317, 62.3016433716, -13.4703159332, -3.17667770386, 20.5522651672, 21.1171627045, -4.08383512497, 21.5395698547, 81.2219543457, 22.7977199554, -4.29993581772], [-211.343170166, -17.2480697632, 159.79586792, 27.9560317993, 23.6428089142, -3.09993457794, -49.0021820068, -1.11075329781, 15.9402446747, -21.572309494, 22.7977199554, 91.906211853, 18.3488044739], [-237.64704895, 66.7334213257, 32.2127990723, 21.815656662, 11.484161377, 2.31063914299, -16.8682079315, -25.4051208496, -1.97656416893, -3.20366048813, -4.29993581772, 18.3488044739, 60.8165969849]],
