{
"lowlevel": {
    "average_loudness": 0.826335608959,
    "barkbands_crest": {
        "dmean": 2.79314565659,
        "dmean2": 4.57496547699,
        "dvar": 6.21413469315,
        "dvar2": 15.8879461288,
        "max": 24.9397697449,
        "mean": 12.1920862198,
        "median": 11.6419534683,
        "min": 2.66512751579,
        "var": 21.3151683807
    },
    "barkbands_flatness_db": {
        "dmean": 0.0269193444401,
        "dmean2": 0.0390545837581,
        "dvar": 0.000595078687184,
        "dvar2": 0.00138221262023,
        "max": 0.341113358736,
        "mean": 0.159900054336,
        "median": 0.155643254519,
        "min": 0.0289645474404,
        "var": 0.00283536314964
    },
    "barkbands_kurtosis": {
        "dmean": 3.99896287918,
        "dmean2": 6.20459318161,
        "dvar": 54.9213981628,
        "dvar2": 125.607040405,
        "max": 144.483535767,
        "mean": 6.72345924377,
        "median": 3.15949726105,
        "min": -1.70112431049,
        "var": 168.818634033
    },
    "barkbands_skewness": {
        "dmean": 0.596882522106,
        "dmean2": 0.926879227161,
        "dvar": 0.381790190935,
        "dvar2": 0.888271987438,
        "max": 10.8517971039,
        "mean": 2.08498692513,
        "median": 1.95556640625,
        "min": -1.69954478741,
        "var": 1.83980369568
    },
    "barkbands_spread": {
        "dmean": 5.5205206871,
        "dmean2": 8.55471611023,
        "dvar": 43.5431404114,
        "dvar2": 103.694129944,
        "max": 77.9171676636,
        "mean": 19.1781330109,
        "median": 16.4994277954,
        "min": 0.709841489792,
        "var": 148.372543335
    },
    "dissonance": {
        "dmean": 0.018241873011,
        "dmean2": 0.0306969136,
        "dvar": 0.000250688724918,
        "dvar2": 0.00066627265187,
        "max": 0.500000059605,
        "mean": 0.454390645027,
        "median": 0.457987010479,
        "min": 0.311906933784,
        "var": 0.000610334507655
    },
    "dynamic_complexity": 3.85295319557,
    "erbbands_crest": {
        "dmean": 2.66501665115,
        "dmean2": 4.36572742462,
        "dvar": 5.94216585159,
        "dvar2": 14.9807014465,
        "max": 26.1592960358,
        "mean": 9.52467250824,
        "median": 8.73448848724,
        "min": 2.9520881176,
        "var": 15.8877048492
    },
    "erbbands_flatness_db": {
        "dmean": 0.0227438118309,
        "dmean2": 0.0319476686418,
        "dvar": 0.000406307226513,
        "dvar2": 0.000894063850865,
        "max": 0.316558420658,
        "mean": 0.185804545879,
        "median": 0.185328260064,
        "min": 0.0709047615528,
        "var": 0.00165465532336
    },
    "erbbands_kurtosis": {
        "dmean": 0.879160106182,
        "dmean2": 1.37049376965,
        "dvar": 3.42419028282,
        "dvar2": 7.36632728577,
        "max": 35.3833732605,
        "mean": -0.0425849631429,
        "median": -0.822609424591,
        "min": -1.75638842583,
        "var": 9.73310852051
    },
    "erbbands_skewness": {
        "dmean": 0.38904735446,
        "dmean2": 0.610679030418,
        "dvar": 0.14166456461,
        "dvar2": 0.339512586594,
        "max": 5.16059160233,
        "mean": 0.493609070778,
        "median": 0.413332611322,
        "min": -1.72482252121,
        "var": 0.720186889172
    },
    "erbbands_spread": {
        "dmean": 8.21590232849,
        "dmean2": 12.6034440994,
        "dvar": 72.6993179321,
        "dvar2": 170.632339478,
        "max": 108.171714783,
        "mean": 44.8844146729,
        "median": 44.310043335,
        "min": 4.60807609558,
        "var": 228.47479248
    },
    "hfc": {
        "dmean": 5.84363985062,
        "dmean2": 8.73891925812,
        "dvar": 226.205780029,
        "dvar2": 524.524658203,
        "max": 260.199615479,
        "mean": 12.5739860535,
        "median": 6.28403997421,
        "min": 1.1427073999e-16,
        "var": 424.465667725
    },
    "melbands_crest": {
        "dmean": 3.27108001709,
        "dmean2": 5.36430501938,
        "dvar": 7.9748210907,
        "dvar2": 19.9698467255,
        "max": 32.1597328186,
        "mean": 15.4317588806,
        "median": 14.8642959595,
        "min": 2.35306954384,
        "var": 26.8875827789
    },
    "melbands_flatness_db": {
        "dmean": 0.0299191195518,
        "dmean2": 0.0435297526419,
        "dvar": 0.000849613104947,
        "dvar2": 0.00184581673238,
        "max": 0.43991997838,
        "mean": 0.211195513606,
        "median": 0.20832529664,
        "min": 0.00498266611248,
        "var": 0.00457183923572
    },
    "melbands_kurtosis": {
        "dmean": 7.32052278519,
        "dmean2": 11.6143665314,
        "dvar": 102.640586853,
        "dvar2": 221.859146118,
        "max": 217.756942749,
        "mean": 17.2096595764,
        "median": 13.159072876,
        "min": -1.40422415733,
        "var": 330.124176025
    },
    "melbands_skewness": {
        "dmean": 0.697973608971,
        "dmean2": 1.09731078148,
        "dvar": 0.465414077044,
        "dvar2": 1.05816650391,
        "max": 10.9902992249,
        "mean": 3.31572723389,
        "median": 3.21017813683,
        "min": -0.0501643940806,
        "var": 1.95521807671
    },
    "melbands_spread": {
        "dmean": 6.82559156418,
        "dmean2": 10.7371025085,
        "dvar": 84.2259902954,
        "dvar2": 170.64781189,
        "max": 141.150741577,
        "mean": 20.7718429565,
        "median": 14.9295434952,
        "min": 0.870271682739,
        "var": 318.624450684
    },
    "pitch_salience": {
        "dmean": 0.0719398409128,
        "dmean2": 0.117224752903,
        "dvar": 0.00425178837031,
        "dvar2": 0.00984917022288,
        "max": 0.849427998066,
        "mean": 0.517961919308,
        "median": 0.51551181078,
        "min": 0.196884557605,
        "var": 0.0124621279538
    },
    "silence_rate_20dB": {
        "dmean": 0,
        "dmean2": 0,
        "dvar": 0,
        "dvar2": 0,
        "max": 1,
        "mean": 1,
        "median": 1,
        "min": 1,
        "var": 0
    },
    "silence_rate_30dB": {
        "dmean": 0.0030959751457,
        "dmean2": 0.00619674660265,
        "dvar": 0.00308634596877,
        "dvar2": 0.00925656966865,
        "max": 1,
        "mean": 0.998453199863,
        "median": 1,
        "min": 0,
        "var": 0.00154439022299
    },
    "silence_rate_60dB": {
        "dmean": 0.0696594417095,
        "dmean2": 0.139426797628,
        "dvar": 0.0648068338633,
        "dvar2": 0.144773751497,
        "max": 1,
        "mean": 0.163959786296,
        "median": 0,
        "min": 0,
        "var": 0.137078300118
    },
    "spectral_centroid": {
        "dmean": 285.430786133,
        "dmean2": 441.231323242,
        "dvar": 177947.8125,
        "dvar2": 291087.3125,
        "max": 11493.7128906,
        "mean": 1277.68640137,
        "median": 1074.07434082,
        "min": 236.599578857,
        "var": 606277.5625
    },
    "spectral_complexity": {
        "dmean": 2.74458193779,
        "dmean2": 4.21533679962,
        "dvar": 11.6701498032,
        "dvar2": 24.9358348846,
        "max": 46,
        "mean": 12.4245939255,
        "median": 11,
        "min": 0,
        "var": 62.5087966919
    },
    "spectral_decrease": {
        "dmean": 1.25663357498e-09,
        "dmean2": 1.93758098455e-09,
        "dvar": 7.71372887294e-18,
        "dvar2": 2.00061853321e-17,
        "max": -9.66999494501e-29,
        "mean": -3.23732463059e-09,
        "median": -2.21790474875e-09,
        "min": -5.08867863402e-08,
        "var": 1.36237267273e-17
    },
    "spectral_energy": {
        "dmean": 0.00521297706291,
        "dmean2": 0.00794905424118,
        "dvar": 0.000127920313389,
        "dvar2": 0.000329351547407,
        "max": 0.201911255717,
        "mean": 0.013358913362,
        "median": 0.00909193791449,
        "min": 1.07296561857e-20,
        "var": 0.000232719045016
    },
    "spectral_energyband_high": {
        "dmean": 0.000545366143342,
        "dmean2": 0.000823797774501,
        "dvar": 2.77807794191e-06,
        "dvar2": 6.30705926596e-06,
        "max": 0.0275445133448,
        "mean": 0.000835402868688,
        "median": 0.000154841502081,
        "min": 7.40421887097e-21,
        "var": 4.55769986729e-06
    },
    "spectral_energyband_low": {
        "dmean": 0.000448013102869,
        "dmean2": 0.000790878024418,
        "dvar": 3.13152031595e-06,
        "dvar2": 9.4509241535e-06,
        "max": 0.0416177399457,
        "mean": 0.000630778144114,
        "median": 0.00012073275866,
        "min": 4.46729343163e-23,
        "var": 2.98809095511e-06
    },
    "spectral_energyband_middle_high": {
        "dmean": 0.000866447051521,
        "dmean2": 0.00132075964939,
        "dvar": 3.77199148716e-06,
        "dvar2": 9.04935404833e-06,
        "max": 0.0370928421617,
        "mean": 0.00208550831303,
        "median": 0.00122444413137,
        "min": 1.90665373532e-21,
        "var": 8.41709788801e-06
    },
    "spectral_energyband_middle_low": {
        "dmean": 0.00412784423679,
        "dmean2": 0.00654851878062,
        "dvar": 9.31351605686e-05,
        "dvar2": 0.000242881287704,
        "max": 0.177746534348,
        "mean": 0.010136124678,
        "median": 0.00679931184277,
        "min": 2.82337129754e-22,
        "var": 0.000149365165271
    },
    "spectral_entropy": {
        "dmean": 0.254567503929,
        "dmean2": 0.372873514891,
        "dvar": 0.0649099498987,
        "dvar2": 0.146532520652,
        "max": 9.79413700104,
        "mean": 7.10929107666,
        "median": 7.08816719055,
        "min": 5.4174990654,
        "var": 0.20331454277
    },
    "spectral_flux": {
        "dmean": 0.0190474577248,
        "dmean2": 0.029814036563,
        "dvar": 0.000666849256959,
        "dvar2": 0.00147547596134,
        "max": 0.380088984966,
        "mean": 0.0500803589821,
        "median": 0.041465498507,
        "min": 1.03584051059e-10,
        "var": 0.00136089930311
    },
    "spectral_kurtosis": {
        "dmean": 2.22121071815,
        "dmean2": 3.78673458099,
        "dvar": 5.86869955063,
        "dvar2": 15.6360635757,
        "max": 25.2579555511,
        "mean": 4.8463139534,
        "median": 3.80006837845,
        "min": -1.25774371624,
        "var": 11.8175363541
    },
    "spectral_rms": {
        "dmean": 0.000630317779724,
        "dmean2": 0.000933741044719,
        "dvar": 6.99268639437e-07,
        "dvar2": 1.59263015576e-06,
        "max": 0.0140351913869,
        "mean": 0.00318843312562,
        "median": 0.00297828530893,
        "min": 3.23542212986e-12,
        "var": 2.86697968477e-06
    },
    "spectral_rolloff": {
        "dmean": 585.097473145,
        "dmean2": 970.161682129,
        "dvar": 1063375,
        "dvar2": 1949046.75,
        "max": 18497.0214844,
        "mean": 1566.17553711,
        "median": 904.39453125,
        "min": 215.33203125,
        "var": 2467563
    },
    "spectral_skewness": {
        "dmean": 0.273954302073,
        "dmean2": 0.444686204195,
        "dvar": 0.0720510333776,
        "dvar2": 0.17281472683,
        "max": 3.78656435013,
        "mean": 1.46850955486,
        "median": 1.36160576344,
        "min": -0.0707031264901,
        "var": 0.247917369008
    },
    "spectral_spread": {
        "dmean": 578375.375,
        "dmean2": 806469.0625,
        "dvar": 1.28531457638e+12,
        "dvar2": 1.45211208499e+12,
        "max": 42485236,
        "mean": 4026654,
        "median": 3815925,
        "min": 2036975.25,
        "var": 2.18614556262e+12
    },
    "spectral_strongpeak": {
        "dmean": 0.405247598886,
        "dmean2": 0.683955252171,
        "dvar": 1.00362288952,
        "dvar2": 2.72483611107,
        "max": 16.7520675659,
        "mean": 0.808925569057,
        "median": 0.583551943302,
        "min": 0,
        "var": 1.10025751591
    },
    "zerocrossingrate": {
        "dmean": 0.0106949470937,
        "dmean2": 0.0124869132414,
        "dvar": 0.000321739178617,
        "dvar2": 0.000332717667334,
        "max": 0.52001953125,
        "mean": 0.0586594566703,
        "median": 0.0498046875,
        "min": 0.01025390625,
        "var": 0.0014621844748
    },
    "barkbands": {
        "dmean": [4.08891537518e-06, 3.2334952266e-05, 0.000267616473138, 0.000686355924699, 0.00271000014618, 0.00116853846703, 0.000684131227899, 0.000120351731312, 0.000167388527188, 0.000126265877043, 5.55604383408e-05, 8.83067696122e-05, 9.29193993215e-05, 7.98457185738e-05, 0.000180719580385, 0.000143422294059, 0.000155540794367, 6.42564555164e-05, 0.000134702859214, 0.000275075726677, 0.000179254697287, 0.00011401399388, 6.41788574285e-05, 3.474265759e-05, 5.60905318707e-05, 3.37403907906e-05, 3.7189026898e-06],
        "dmean2": [7.17735611033e-06, 5.18478409504e-05, 0.000463405798655, 0.00117106165271, 0.00436864513904, 0.00190007349011, 0.00113170128316, 0.000194110325538, 0.00024280998332, 0.000182218442205, 8.07080214145e-05, 0.000134529967909, 0.000144381003338, 0.000127590552438, 0.000289121642709, 0.000237170199398, 0.000235165629419, 9.850342758e-05, 0.000207002041861, 0.000453308894066, 0.000273731478956, 0.000176704168553, 9.71020635916e-05, 5.37313353561e-05, 8.73291428434e-05, 5.55945007363e-05, 6.06839739703e-06],
        "dvar": [2.6748065568e-11, 1.07850866016e-08, 1.18932337045e-06, 7.13196322977e-06, 4.79575865029e-05, 3.26449321619e-06, 1.88163937764e-06, 1.24880003227e-07, 9.14102855631e-08, 1.62652511904e-07, 2.39951649661e-08, 3.76378892497e-08, 6.33702796904e-08, 4.73725378924e-08, 2.97011780503e-07, 6.77641082802e-07, 1.02128311141e-07, 1.57557114022e-08, 8.12328337929e-08, 1.09992629405e-06, 2.79047668528e-07, 1.24098932019e-07, 5.51565726425e-08, 1.08269224697e-08, 6.61688233095e-08, 2.21351381668e-08, 2.43905007302e-10],
        "dvar2": [7.49742212758e-11, 2.61674859559e-08, 3.50655909642e-06, 1.89768470591e-05, 0.000123650475871, 8.03763123258e-06, 5.52162873646e-06, 3.34955387871e-07, 1.74234713768e-07, 3.32470790454e-07, 4.36412825877e-08, 9.35837931593e-08, 1.32857039148e-07, 1.2757219281e-07, 7.01124974967e-07, 1.87612511127e-06, 2.36632175188e-07, 3.50541213834e-08, 1.79225736474e-07, 2.68036797024e-06, 6.64110075377e-07, 2.85299137204e-07, 1.22317899809e-07, 2.34552111067e-08, 1.54441295308e-07, 5.81677070954e-08, 6.02345118228e-10],
        "max": [6.08439004282e-05, 0.00224548205733, 0.0256523787975, 0.0482873246074, 0.110205434263, 0.0184591058642, 0.0194123499095, 0.00728931417689, 0.00532964384183, 0.00968578085303, 0.00395034067333, 0.00315767456777, 0.00412200158462, 0.00420626206324, 0.0161600764841, 0.0168098583817, 0.00489705428481, 0.00204710103571, 0.00600305572152, 0.0153427021578, 0.00974868424237, 0.00621054088697, 0.00466363364831, 0.00191427150276, 0.00509609142318, 0.00293105421588, 0.000268641277216],
        "mean": [5.15296551384e-06, 3.98808151658e-05, 0.000321279570926, 0.000825475901365, 0.00501094572246, 0.00245227245614, 0.00118209852371, 0.000214047104237, 0.000354377087206, 0.000228175777011, 0.000104748869489, 0.000158592883963, 0.000153614979354, 0.000126697588712, 0.000340936530847, 0.000166874902789, 0.000274327612715, 0.000107732113975, 0.000249685865128, 0.000397853989853, 0.000276011764072, 0.000153245011461, 8.03012371762e-05, 4.25732941949e-05, 5.74276346015e-05, 3.12942538585e-05, 3.29861381942e-06],
        "median": [4.17149294663e-06, 6.27309236734e-06, 3.81323879992e-05, 0.000137251394335, 0.00203253468499, 0.00125902786385, 0.000426063605119, 5.50479526282e-05, 0.000163043805514, 6.42872983008e-05, 2.86532285827e-05, 4.70590057375e-05, 5.05932657688e-05, 5.07678960275e-05, 0.000146292266436, 4.32700981037e-05, 0.000111577719508, 3.23168824252e-05, 7.81841954449e-05, 6.08657683188e-05, 6.03500848229e-05, 2.19228040805e-05, 9.07937101147e-06, 3.61434899787e-06, 2.28795647672e-06, 9.40662744142e-07, 5.62742279442e-08],
        "min": [5.08813327493e-23, 1.7006108778e-23, 7.54839148759e-24, 2.65757772638e-23, 4.56393204796e-23, 4.47573739876e-23, 6.00701928325e-23, 1.28791158992e-23, 6.29569314964e-23, 4.20802987751e-23, 1.23141591202e-22, 9.14998060026e-23, 1.35129954555e-22, 2.5347496853e-22, 1.37604087411e-22, 1.38761150721e-22, 1.1550741188e-22, 3.21458572202e-22, 3.70786915508e-22, 3.03975773711e-22, 4.70233750446e-22, 5.93149184692e-22, 6.45676870151e-22, 9.79836229144e-22, 1.06335824695e-21, 1.62697833585e-21, 2.08180822028e-21],
        "var": [2.53638585829e-11, 1.44178855521e-08, 1.09199800136e-06, 6.21292201686e-06, 7.59009926696e-05, 9.25382573769e-06, 4.01251054427e-06, 2.69595204827e-07, 3.15440047416e-07, 3.22031581845e-07, 6.44338129518e-08, 8.75399308597e-08, 1.16030186348e-07, 5.52609051852e-08, 5.57806515644e-07, 5.16124430305e-07, 2.24214588229e-07, 3.76661972723e-08, 2.17966018567e-07, 1.73792625446e-06, 4.23712748443e-07, 1.67727705502e-07, 7.15750445579e-08, 1.45822456332e-08, 6.66754758072e-08, 1.80358448176e-08, 2.14425283085e-10]
    },
    "erbbands": {
        "dmean": [0.000288523442578, 0.0132002104074, 0.223264753819, 1.21047174931, 7.08202219009, 9.43099498749, 9.88489151001, 8.99104499817, 12.3499193192, 4.75879907608, 1.88388180733, 4.46791267395, 3.51770782471, 2.89531707764, 2.35261631012, 4.31768608093, 4.75261878967, 3.21224784851, 9.98455524445, 6.05958223343, 9.39399337769, 6.71793460846, 3.69741797447, 5.37722587585, 10.5224628448, 9.2555847168, 10.2830486298, 6.79899740219, 4.09238862991, 2.38583183289, 1.8514251709, 0.761155247688, 0.70415610075, 0.71278077364, 0.347142368555, 0.149388983846, 0.0583201386034, 0.0147715294734, 0.00038679127465, 1.52532429638e-05],
        "dmean2": [0.000475298642414, 0.0208664648235, 0.373541504145, 2.11095476151, 11.5000162125, 15.51288414, 15.9719781876, 14.9437923431, 20.9388942719, 7.42380332947, 2.88594841957, 6.52129745483, 5.07917356491, 4.30633735657, 3.4364323616, 6.5185751915, 7.30410146713, 5.15375041962, 15.6688041687, 9.72705459595, 15.1240911484, 10.3244543076, 5.51508903503, 8.26432800293, 17.100030899, 15.0252046585, 16.3229160309, 10.1778316498, 6.37009811401, 3.64216327667, 2.90573382378, 1.19603693485, 1.08653175831, 1.13402378559, 0.562710881233, 0.243379220366, 0.0957880616188, 0.0244262628257, 0.000621074577793, 2.36168889387e-05],
        "dvar": [6.94723951256e-07, 0.00214476929978, 0.760670661926, 19.6329708099, 620.059326172, 536.812438965, 417.780609131, 196.345870972, 674.791625977, 142.321273804, 10.7239103317, 74.3640136719, 59.7675361633, 181.250289917, 48.3907737732, 87.1642837524, 164.302581787, 44.9206504822, 1028.27404785, 213.819564819, 2000.05981445, 184.750045776, 47.8826446533, 102.847198486, 1416.37536621, 831.971374512, 1145.40783691, 500.085479736, 181.018783569, 70.6056213379, 38.688293457, 6.07358217239, 4.30719900131, 11.3383197784, 3.1366147995, 0.414463490248, 0.0657546371222, 0.0043094214052, 3.0534704365e-06, 2.64010324713e-09],
        "dvar2": [1.65925268902e-06, 0.00525494106114, 2.09585428238, 55.7631797791, 1522.82299805, 1446.07019043, 1021.94451904, 511.296875, 2007.76940918, 330.803924561, 24.9498958588, 143.974594116, 117.613090515, 371.403015137, 87.4964523315, 213.698028564, 345.360107422, 116.76587677, 2447.04443359, 532.213134766, 5497.64941406, 415.233337402, 104.590698242, 228.533325195, 3799.14941406, 2074.5144043, 2639.57958984, 1157.51086426, 438.177246094, 168.694610596, 89.0862579346, 12.8538141251, 9.59000205994, 25.7127628326, 8.14432907104, 1.07112622261, 0.172662839293, 0.0109701678157, 7.65489585319e-06, 6.64336585743e-09],
        "max": [0.0175725799054, 1.09180653095, 21.1487674713, 72.438659668, 524.397033691, 395.97543335, 369.848114014, 184.065429688, 347.83404541, 219.870758057, 49.1033592224, 148.101638794, 159.930084229, 356.233917236, 204.51348877, 153.23135376, 214.752593994, 102.108551025, 955.582458496, 201.860046387, 886.998291016, 302.094421387, 107.547431946, 187.832122803, 688.887329102, 364.755401611, 574.121826172, 387.65057373, 279.277099609, 153.72795105, 95.1652450562, 40.7455635071, 30.3277988434, 63.0380973816, 34.7723083496, 11.6162900925, 5.3221988678, 1.26617157459, 0.0380175821483, 0.00109702709597],
        "mean": [0.000409336498706, 0.0175891406834, 0.29528182745, 1.63391005993, 9.51104354858, 18.2451877594, 20.2419452667, 18.5113315582, 20.871099472, 9.89747619629, 3.97895860672, 9.45913791656, 7.31400060654, 5.3214263916, 4.69925689697, 7.88686132431, 8.45230007172, 5.9936466217, 17.7161960602, 11.2136678696, 12.7816457748, 12.5459289551, 6.88678455353, 10.4773454666, 15.0341491699, 14.2113800049, 15.4716262817, 9.88095760345, 5.71157169342, 2.95988297462, 2.29027748108, 0.945134460926, 0.848008871078, 0.741715431213, 0.331879764795, 0.142410695553, 0.0545328333974, 0.0132976351306, 0.000348269939423, 2.53314374277e-05],
        "median": [0.000125586186186, 0.00272719212808, 0.0466428138316, 0.37086597085, 2.46468877792, 6.8489112854, 10.1585636139, 9.97185516357, 7.68371677399, 3.04828095436, 1.94054412842, 4.06439256668, 3.15456008911, 1.72991836071, 1.68787610531, 2.98009967804, 3.30915403366, 2.89596009254, 8.51733589172, 4.68163633347, 4.0413851738, 5.13279676437, 2.6912279129, 3.17228317261, 3.91353535652, 3.21802806854, 2.96321058273, 1.79111659527, 0.909654736519, 0.377678394318, 0.248680531979, 0.0886582508683, 0.0618603564799, 0.03323007375, 0.0116221792996, 0.00470605259761, 0.00161501392722, 0.000314717384754, 1.31623573907e-05, 1.18117668535e-05],
        "min": [1.02739951826e-21, 1.92444478278e-21, 8.67825957564e-21, 4.40374931499e-20, 9.04936236368e-20, 1.84967381887e-19, 2.20074684843e-19, 4.40362161898e-19, 5.65322424181e-19, 8.51590660731e-19, 7.21827787811e-19, 9.6365662483e-19, 2.06262448824e-18, 1.02475042711e-18, 6.03273160493e-18, 3.81457151893e-18, 5.69142240853e-18, 1.25443494993e-17, 9.2420145378e-18, 7.29307444423e-18, 7.46058513572e-18, 8.57496451131e-18, 1.56274253502e-17, 1.70708670997e-17, 1.82787592435e-17, 1.68014659547e-17, 1.49418415149e-17, 2.05216148067e-17, 2.20082171861e-17, 2.11685808879e-17, 1.93843804308e-17, 1.45219977232e-17, 1.86164540742e-17, 1.15623272935e-17, 9.08586020894e-18, 6.73289573929e-18, 2.60442117202e-18, 1.08387802108e-18, 3.29660683918e-19, 2.97072578905e-20],
        "var": [8.88843658231e-07, 0.00285700405948, 0.81667560339, 17.7822799683, 689.59387207, 1166.56140137, 840.20892334, 560.117797852, 1348.93652344, 468.400756836, 30.3450527191, 248.488998413, 167.113174438, 316.93170166, 122.315879822, 191.978820801, 297.99621582, 83.1771697998, 1805.58642578, 419.702423096, 1669.30102539, 481.108032227, 122.235183716, 351.456634521, 1581.85620117, 1303.58117676, 1902.84301758, 707.868835449, 230.090316772, 81.9364242554, 48.9449958801, 8.29736995697, 5.86924648285, 11.7215213776, 2.56408953667, 0.354167491198, 0.0545728392899, 0.00362668815069, 2.57548867921e-06, 2.74747602447e-09]
    },
    "gfcc": {
        "mean": [-71.6771392822, 85.4960632324, -138.961456299, 25.7935638428, -74.9298782349, -22.0767269135, -56.4902496338, -18.0665740967, -36.447933197, -1.26092946529, -22.5202331543, -5.01768493652, -8.50313186646],
        "cov": [[12162.5410156, -1915.30993652, -37.2408981323, 519.862304688, -476.931732178, 392.315551758, -314.113525391, 209.783233643, -400.012695312, 53.6771583557, -413.052062988, 101.387741089, -236.391769409], [-1915.30993652, 1566.56225586, -136.267059326, -36.8652305603, 237.303359985, -251.210739136, 75.3081893921, -230.797531128, 146.510528564, -201.532333374, 107.954071045, -142.16960144, 120.567855835], [-37.2408981323, -136.267059326, 662.72277832, 40.9523773193, 153.790542603, 108.409034729, -72.9260253906, 40.9944381714, -60.2277946472, 60.2342643738, -102.763450623, 18.4406585693, -98.3081970215], [519.862304688, -36.8652305603, 40.9523773193, 203.304138184, 46.7183647156, 52.9648742676, -0.932710707188, -15.2442207336, -7.57767915726, -24.1924781799, -27.4013118744, -15.7416810989, -20.6916484833], [-476.931732178, 237.303359985, 153.790542603, 46.7183647156, 215.199493408, 12.7330389023, 3.21350216866, -27.6461277008, 14.1354999542, -13.6716833115, -13.1645841599, -23.3448829651, -13.8086509705], [392.315551758, -251.210739136, 108.409034729, 52.9648742676, 12.7330389023, 158.41835022, 8.14345932007, 50.2169265747, -22.2663078308, 45.9253845215, -43.4959106445, 13.3868989944, -40.7333946228], [-314.113525391, 75.3081893921, -72.9260253906, -0.932710707188, 3.21350216866, 8.14345932007, 102.755332947, 6.82628440857, 24.7960529327, -11.6718606949, 15.7155780792, -7.03041696548, 8.00547885895], [209.783233643, -230.797531128, 40.9944381714, -15.2442207336, -27.6461277008, 50.2169265747, 6.82628440857, 123.953430176, -5.84218215942, 39.7427902222, -19.8950691223, 18.5585899353, -32.1131629944], [-400.012695312, 146.510528564, -60.2277946472, -7.57767915726, 14.1354999542, -22.2663078308, 24.7960529327, -5.84218215942, 86.861366272, -7.10937356949, 17.8588657379, -20.3490810394, 15.9668769836], [53.6771583557, -201.532333374, 60.2342643738, -24.1924781799, -13.6716833115, 45.9253845215, -11.6718606949, 39.7427902222, -7.10937356949, 120.423217773, 1.85704278946, 13.7756872177, -27.8195171356], [-413.052062988, 107.954071045, -102.763450623, -27.4013118744, -13.1645841599, -43.4959106445, 15.7155780792, -19.8950691223, 17.8588657379, 1.85704278946, 104.978279114, 1.39597177505, 16.3431587219], [101.387741089, -142.16960144, 18.4406585693, -15.7416810989, -23.3448829651, 13.3868989944, -7.03041696548, 18.5585899353, -20.3490810394, 13.7756872177, 1.39597177505, 93.1776657104, 22.4871845245], [-236.391769409, 120.567855835, -98.3081970215, -20.6916484833, -13.8086509705, -40.7333946228, 8.00547885895, -32.1131629944, 15.9668769836, -27.8195171356, 16.3431587219, 22.4871845245, 108.013969421]],
        "icov": [[0.000172429732629, -1.66309382621e-05, 0.000222605012823, -0.000414887792431, 0.000323401065543, -0.000165536039276, 0.000465045013698, -0.000122343204566, 0.00050500407815, -1.02607709778e-05, 0.000554717378691, -0.000130097512738, 0.000292993296171], [-1.66309382621e-05, 0.00231348769739, -0.000433173845522, 0.000742648320738, -0.00194678700063, 0.00165486650076, -0.00112952280324, 0.00192765973043, -0.00184236676432, 0.00200009997934, -0.00124422262888, 0.00220411876217, -0.00132187886629], [0.000222605012823, -0.000433173845522, 0.00334885972552, -0.000281871121842, -0.00143622141331, -0.00119111884851, 0.00227085617371, -0.000571067677811, 0.00183908233885, -0.00106669834349, 0.00276432884857, -0.00156765012071, 0.0023552775383], [-0.000414887792431, 0.000742648320738, -0.000281871121842, 0.00759033393115, -0.00243551377207, -0.00196658633649, -0.000908203714062, 0.00211556511931, -0.00162037357222, 0.00250165141188, -0.00103790184949, 0.00143408915028, -0.000153842018335], [0.000323401065543, -0.00194678700063, -0.00143622141331, -0.00243551377207, 0.00905375834554, -0.00165331934113, 0.000631618255284, -0.000398131815018, 0.000737402006052, -0.000952272326685, 0.0012439590646, -0.000798885070253, 0.00109971000347], [-0.000165536039276, 0.00165486650076, -0.00119111884851, -0.00196658633649, -0.00165331934113, 0.0122598204762, -0.00373496534303, -0.000851640594192, -0.000456475594547, -0.00200176867656, 0.00134239252657, 0.00049425335601, 1.11886865852e-05], [0.000465045013698, -0.00112952280324, 0.00227085617371, -0.000908203714062, 0.000631618255284, -0.00373496534303, 0.0138499969617, -0.00241817720234, -0.000269641459454, 0.000647415057756, 0.000806114752777, -0.00111916882452, 0.00141583464574], [-0.000122343204566, 0.00192765973043, -0.000571067677811, 0.00211556511931, -0.000398131815018, -0.000851640594192, -0.00241817720234, 0.0130724543706, -0.00302044907585, -5.77384453209e-05, 0.000233775310335, -0.000262074114289, 0.00161054532509], [0.00050500407815, -0.00184236676432, 0.00183908233885, -0.00162037357222, 0.000737402006052, -0.000456475594547, -0.000269641459454, -0.00302044907585, 0.0174167118967, -0.0024628713727, 0.00171428127214, 0.00100131158251, -0.000107495245175], [-1.02607709778e-05, 0.00200009997934, -0.00106669834349, 0.00250165141188, -0.000952272326685, -0.00200176867656, 0.000647415057756, -5.77384453209e-05, -0.0024628713727, 0.013271279633, -0.00343193672597, 0.00127353018615, 0.00034787034383], [0.000554717378691, -0.00124422262888, 0.00276432884857, -0.00103790184949, 0.0012439590646, 0.00134239252657, 0.000806114752777, 0.000233775310335, 0.00171428127214, -0.00343193672597, 0.015438131988, -0.00310918479227, 0.00276906881481], [-0.000130097512738, 0.00220411876217, -0.00156765012071, 0.00143408915028, -0.000798885070253, 0.00049425335601, -0.00111916882452, -0.000262074114289, 0.00100131158251, 0.00127353018615, -0.00310918479227, 0.016135558486, -0.00651658978313], [0.000292993296171, -0.00132187886629, 0.0023552775383, -0.000153842018335, 0.00109971000347, 1.11886865852e-05, 0.00141583464574, 0.00161054532509, -0.000107495245175, 0.00034787034383, 0.00276906881481, -0.00651658978313, 0.0150508498773]]
    },
    "melbands": {
        "dmean": [4.98435201735e-06, 8.17612235551e-05, 0.000366438849596, 0.000615008932073, 0.000351767870598, 0.000217131440877, 0.000165452351212, 4.3589669076e-05, 1.53246455739e-05, 2.84548077616e-05, 1.74380656972e-05, 1.23391764646e-05, 8.30067347124e-06, 8.46893817652e-06, 1.28963019961e-05, 7.91223192209e-06, 6.35170999885e-06, 1.60177987709e-05, 9.8731052276e-06, 1.00576653494e-05, 1.13675769171e-05, 8.6565141828e-06, 4.25380494562e-06, 3.60369313057e-06, 4.65943185191e-06, 6.25499797025e-06, 1.11552089948e-05, 5.74320301894e-06, 8.37897550809e-06, 4.46250533059e-06, 4.13617181039e-06, 2.37673543779e-06, 2.08071651286e-06, 1.19780452223e-06, 1.14985698474e-06, 7.96630160949e-07, 3.84260488318e-07, 4.65519775616e-07, 6.24752942713e-07, 5.83655435094e-07],
        "dmean2": [8.10538404039e-06, 0.000137746756081, 0.000612470437773, 0.00100130192004, 0.000571798649617, 0.000359933532309, 0.000278664607322, 6.85488266754e-05, 2.34777417063e-05, 4.12135632359e-05, 2.52848058153e-05, 1.83571155503e-05, 1.20948470794e-05, 1.29193340399e-05, 1.93555588339e-05, 1.23639038065e-05, 1.01620589703e-05, 2.52945792454e-05, 1.59621959028e-05, 1.67538273672e-05, 1.80310526048e-05, 1.32184413815e-05, 6.56490010442e-06, 5.51749417355e-06, 7.2527809607e-06, 9.82169513009e-06, 1.87486803043e-05, 9.30767691898e-06, 1.35138052428e-05, 6.87875353833e-06, 6.40400276097e-06, 3.73692682842e-06, 3.26899930769e-06, 1.83901431683e-06, 1.83113365892e-06, 1.25121448491e-06, 6.09190919931e-07, 7.28124746274e-07, 9.83575887403e-07, 9.43891905081e-07],
        "dvar": [2.33084357371e-10, 1.04387410715e-07, 1.98749035007e-06, 2.76378091257e-06, 5.46634339571e-07, 1.08017985667e-07, 1.14397835205e-07, 1.48805359146e-08, 5.97436600192e-10, 2.98450908431e-09, 1.53227031063e-09, 3.55204354818e-09, 5.16828302377e-10, 3.99653365957e-10, 7.0202149649e-10, 4.00999733419e-10, 1.97329194651e-10, 2.41041364646e-09, 7.05566660653e-10, 2.47418308064e-09, 1.94854177238e-09, 3.4399225135e-10, 9.65884941473e-11, 5.20841737794e-11, 8.45630301893e-11, 2.20929816108e-10, 2.65974930969e-09, 3.55747376002e-10, 1.06899256114e-09, 1.66502214793e-10, 2.56844379098e-10, 6.85160747582e-11, 5.1883518315e-11, 2.12300871327e-11, 1.31414271826e-11, 9.14661228701e-12, 1.54600898056e-12, 1.78000767338e-12, 6.78195780784e-12, 8.54808845235e-12],
        "dvar2": [5.6005239335e-10, 2.89894188654e-07, 5.13977602168e-06, 7.0256314757e-06, 1.39532357935e-06, 2.86291765406e-07, 3.36665294753e-07, 3.60128993293e-08, 1.32710331613e-09, 5.56471002611e-09, 3.03832137227e-09, 7.29045934733e-09, 9.58269685825e-10, 9.32329546899e-10, 1.50798096232e-09, 9.03326802248e-10, 5.14993825362e-10, 5.78033443333e-09, 1.69344038792e-09, 6.85559431446e-09, 5.28455190718e-09, 7.73054120717e-10, 2.43168069014e-10, 1.1390095811e-10, 1.90006038681e-10, 5.09337849675e-10, 7.25819448988e-09, 8.98484509015e-10, 2.51237608495e-09, 4.30580765487e-10, 5.96506621875e-10, 1.70383041009e-10, 1.19572129975e-10, 4.96579062592e-11, 3.07016564949e-11, 1.97663239943e-11, 3.44089643931e-12, 3.89359811753e-12, 1.55444528777e-11, 1.90241121467e-11],
        "max": [0.000327957677655, 0.00782478787005, 0.0282168798149, 0.0280054584146, 0.0142862973735, 0.00430434476584, 0.0044757402502, 0.00214160582982, 0.000267935887678, 0.00102151278406, 0.000798921915703, 0.00157973309979, 0.000539589731488, 0.000339390942827, 0.000354873714969, 0.000292892014841, 0.00019182129472, 0.00139611586928, 0.000698455027305, 0.00102202105336, 0.000832828460261, 0.000391509965993, 0.000195039159735, 0.000123694175272, 0.000178361136932, 0.000319779734127, 0.000923567684367, 0.000249518896453, 0.000587167916819, 0.000234065068071, 0.000319099635817, 0.000182587027666, 0.00012000566494, 7.78195535531e-05, 4.89958147227e-05, 6.54871837469e-05, 2.20984511543e-05, 1.97241479327e-05, 5.57799212402e-05, 6.04114975431e-05],
        "mean": [6.50848051009e-06, 0.000103728772956, 0.000477343593957, 0.00104534474667, 0.000754055799916, 0.00044537105714, 0.000287101080175, 8.80167644937e-05, 3.01996369672e-05, 5.9917991166e-05, 3.51134040102e-05, 2.16737626033e-05, 1.57658942044e-05, 1.45210560731e-05, 2.36351770582e-05, 1.31180840981e-05, 1.04543196358e-05, 2.76337977994e-05, 1.85708377103e-05, 1.33301673486e-05, 1.56967271323e-05, 1.54391582328e-05, 6.98833991919e-06, 5.92686092205e-06, 8.52649191074e-06, 1.06564748421e-05, 1.28280044009e-05, 8.20352215669e-06, 1.14500144264e-05, 6.22574452791e-06, 5.70075644646e-06, 3.24738675772e-06, 2.50649713962e-06, 1.38982477438e-06, 1.39337271321e-06, 9.52725088155e-07, 4.38380169498e-07, 5.57036230475e-07, 6.85288398472e-07, 5.88228999732e-07],
        "median": [1.42177782436e-06, 1.28605815917e-05, 0.000108627122245, 0.000354624731699, 0.000408839056036, 0.000241380592342, 0.000108443906356, 2.28407388931e-05, 1.48574436025e-05, 2.49853856076e-05, 1.44871046359e-05, 5.76635784455e-06, 4.3871445996e-06, 4.85464988742e-06, 9.54689312493e-06, 4.45718751507e-06, 4.1143339331e-06, 1.27109869936e-05, 8.49400476e-06, 3.57100589099e-06, 4.55334111393e-06, 5.83732980886e-06, 2.74953094959e-06, 1.57296892667e-06, 2.2989900117e-06, 3.08413882522e-06, 2.20053766498e-06, 1.68062956618e-06, 1.65148503584e-06, 1.22514347822e-06, 8.87739759037e-07, 4.90863044433e-07, 2.49193902846e-07, 1.45175974353e-07, 1.49340138478e-07, 7.81630120628e-08, 3.89925638444e-08, 3.73553739053e-08, 3.0325544742e-08, 2.2762813856e-08],
        "min": [7.51703821091e-24, 3.60055878109e-24, 9.66888194412e-24, 9.45161939563e-24, 7.99034528771e-24, 9.13307578438e-24, 1.10621262653e-23, 7.58088072397e-24, 7.21723872363e-24, 6.93249464673e-24, 1.0118448252e-23, 2.72670777687e-24, 1.88120717142e-23, 1.06077439616e-23, 1.26498934305e-23, 1.37918902865e-23, 2.54227071673e-23, 1.62952867267e-23, 9.67978794613e-24, 9.60361159282e-24, 8.06978831403e-24, 7.48545222027e-24, 1.55583092032e-23, 1.17815177126e-23, 1.40616160295e-23, 1.28165797398e-23, 1.36203540604e-23, 9.53718792688e-24, 1.01019642145e-23, 8.0899934084e-24, 1.28210494257e-23, 1.39387115005e-23, 9.63305188181e-24, 1.17996552026e-23, 1.22813384044e-23, 6.83271636399e-24, 1.00478964769e-23, 1.26417058432e-23, 1.22693358858e-23, 8.91184132123e-24],
        "var": [3.09705622259e-10, 1.09741137067e-07, 1.88990088645e-06, 4.08319419876e-06, 1.1519432519e-06, 3.05005158907e-07, 2.39863680918e-07, 4.49890791288e-08, 1.63921398677e-09, 1.06547526357e-08, 4.20225054754e-09, 6.20260420803e-09, 1.37533273659e-09, 7.77115594097e-10, 1.57069968143e-09, 7.36135319368e-10, 3.47675860324e-10, 4.15481560267e-09, 1.34922539807e-09, 2.03624606065e-09, 1.80990189502e-09, 8.71894445531e-10, 1.42037465123e-10, 1.21425022814e-10, 2.82088907788e-10, 4.66368665908e-10, 2.38110908768e-09, 4.93133478496e-10, 1.5273443621e-09, 2.27878674264e-10, 3.07884440165e-10, 7.80744496831e-11, 6.51940654239e-11, 2.41567217618e-11, 1.69689279989e-11, 1.16324198537e-11, 1.92922218999e-12, 2.44086088147e-12, 7.54744790971e-12, 8.70704550127e-12]
    },
    "mfcc": {
        "mean": [-707.125854492, 113.64932251, -16.1815814972, 31.0707378387, -12.0145998001, -6.71240949631, -19.5450630188, -24.3328800201, -15.4088182449, -12.9755477905, -15.2966880798, -13.3442382812, -9.50237560272],
        "cov": [[8938.97949219, -1392.87768555, -24.0781326294, 137.161651611, -150.218948364, 88.6317672729, -23.3340969086, 61.6531219482, 54.3355140686, -74.6552886963, -175.836471558, 63.8005027771, 46.1932220459], [-1392.87768555, 1362.2142334, -159.545272827, 153.916687012, 93.4259109497, 6.1778626442, -71.2605514526, -26.1170749664, -57.0694160461, -11.1613273621, -56.6496582031, -78.3586349487, -59.6687431335], [-24.0781326294, -159.545272827, 373.380645752, -7.69836902618, 120.062705994, 56.8670005798, 43.0492248535, -2.01459932327, 24.2176494598, 6.06927537918, 37.3564186096, 3.17356848717, 13.0096178055], [137.161651611, 153.916687012, -7.69836902618, 166.878219604, 56.1754722595, 39.9646492004, -5.18372392654, 12.2489957809, -11.526468277, -7.75653982162, -24.8911094666, 1.83527457714, -15.5194149017], [-150.218948364, 93.4259109497, 120.062705994, 56.1754722595, 204.217590332, 58.4259986877, 21.6935348511, -0.829584658146, 16.8005695343, 5.0642747879, 1.89983487129, 2.47330164909, 3.23736548424], [88.6317672729, 6.1778626442, 56.8670005798, 39.9646492004, 58.4259986877, 129.582962036, 22.7270545959, 3.65406250954, 19.9622612, 7.15244817734, -7.99610805511, 10.8284015656, 12.5886240005], [-23.3340969086, -71.2605514526, 43.0492248535, -5.18372392654, 21.6935348511, 22.7270545959, 94.3518981934, 9.37126922607, 5.74460697174, 4.41968011856, 16.3740310669, 20.2810764313, 12.276181221], [61.6531219482, -26.1170749664, -2.01459932327, 12.2489957809, -0.829584658146, 3.65406250954, 9.37126922607, 103.758163452, 16.0997142792, -4.82484912872, 1.4039222002, 12.8710708618, -8.50087928772], [54.3355140686, -57.0694160461, 24.2176494598, -11.526468277, 16.8005695343, 19.9622612, 5.74460697174, 16.0997142792, 114.248161316, -1.49187409878, -9.10617446899, 0.720857620239, 14.5336894989], [-74.6552886963, -11.1613273621, 6.06927537918, -7.75653982162, 5.0642747879, 7.15244817734, 4.41968011856, -4.82484912872, -1.49187409878, 128.970779419, 20.1201648712, -11.033405304, 9.05513095856], [-175.836471558, -56.6496582031, 37.3564186096, -24.8911094666, 1.89983487129, -7.99610805511, 16.3740310669, 1.4039222002, -9.10617446899, 20.1201648712, 134.994125366, 14.2480163574, -6.91027212143], [63.8005027771, -78.3586349487, 3.17356848717, 1.83527457714, 2.47330164909, 10.8284015656, 20.2810764313, 12.8710708618, 0.720857620239, -11.033405304, 14.2480163574, 88.4199142456, 16.0226745605], [46.1932220459, -59.6687431335, 13.0096178055, -15.5194149017, 3.23736548424, 12.5886240005, 12.276181221, -8.50087928772, 14.5336894989, 9.05513095856, -6.91027212143, 16.0226745605, 90.4903640747]],
