{
"lowlevel": {
    "average_loudness": 0.945406377316,
    "barkbands_crest": {
        "dmean": 2.89032363892,
        "dmean2": 4.67322492599,
        "dvar": 7.10218381882,
        "dvar2": 17.4985847473,
        "max": 25.5142307281,
        "mean": 14.0550632477,
        "median": 13.8604393005,
        "min": 2.90693259239,
        "var": 22.0319633484
    },
    "barkbands_flatness_db": {
        "dmean": 0.0264845341444,
        "dmean2": 0.0360460430384,
        "dvar": 0.000591126387008,
        "dvar2": 0.00102508126292,
        "max": 0.308986634016,
        "mean": 0.163238823414,
        "median": 0.17226561904,
        "min": 0.0249811727554,
        "var": 0.00321594183333
    },
    "barkbands_kurtosis": {
        "dmean": 4.6506228447,
        "dmean2": 7.06613254547,
        "dvar": 33.5945510864,
        "dvar2": 68.3821334839,
        "max": 108.055221558,
        "mean": 10.8205375671,
        "median": 7.48001289368,
        "min": -1.80342042446,
        "var": 147.689025879
    },
    "barkbands_skewness": {
        "dmean": 0.641931653023,
        "dmean2": 0.96479421854,
        "dvar": 0.361807763577,
        "dvar2": 0.763011336327,
        "max": 9.43544101715,
        "mean": 2.33793258667,
        "median": 2.27598142624,
        "min": -0.974112272263,
        "var": 2.45371079445
    },
    "barkbands_spread": {
        "dmean": 6.0427236557,
        "dmean2": 8.79281616211,
        "dvar": 66.7019882202,
        "dvar2": 131.857116699,
        "max": 106.943305969,
        "mean": 17.4703388214,
        "median": 11.657251358,
        "min": 1.70417690277,
        "var": 206.396102905
    },
    "dissonance": {
        "dmean": 0.0320504531264,
        "dmean2": 0.0525105297565,
        "dvar": 0.000960631354246,
        "dvar2": 0.00245748087764,
        "max": 0.499991059303,
        "mean": 0.427746444941,
        "median": 0.438095331192,
        "min": 0.242371365428,
        "var": 0.00239247875288
    },
    "dynamic_complexity": 5.46624231339,
    "erbbands_crest": {
        "dmean": 2.62707948685,
        "dmean2": 3.98487305641,
        "dvar": 6.83063268661,
        "dvar2": 14.6225128174,
        "max": 28.8756084442,
        "mean": 12.3896865845,
        "median": 12.3318185806,
        "min": 2.35708189011,
        "var": 32.002986908
    },
    "erbbands_flatness_db": {
        "dmean": 0.0223058350384,
        "dmean2": 0.029026735574,
        "dvar": 0.000632514711469,
        "dvar2": 0.000886351277586,
        "max": 0.328788846731,
        "mean": 0.155728310347,
        "median": 0.14606384933,
        "min": 0.0453803353012,
        "var": 0.00431486871094
    },
    "erbbands_kurtosis": {
        "dmean": 1.63565039635,
        "dmean2": 2.45656108856,
        "dvar": 4.39588928223,
        "dvar2": 8.95264148712,
        "max": 27.1829662323,
        "mean": 2.7457408905,
        "median": 1.20311117172,
        "min": -1.70222139359,
        "var": 19.516620636
    },
    "erbbands_skewness": {
        "dmean": 0.435974538326,
        "dmean2": 0.633420348167,
        "dvar": 0.173431202769,
        "dvar2": 0.35184276104,
        "max": 4.95888614655,
        "mean": 1.14785003662,
        "median": 0.989834606647,
        "min": -1.73962175846,
        "var": 1.22233653069
    },
    "erbbands_spread": {
        "dmean": 10.1371431351,
        "dmean2": 14.4585666656,
        "dvar": 141.108581543,
        "dvar2": 246.1328125,
        "max": 129.117279053,
        "mean": 43.1488838196,
        "median": 34.6344680786,
        "min": 4.95041942596,
        "var": 873.281311035
    },
    "hfc": {
        "dmean": 4.34854412079,
        "dmean2": 6.14536619186,
        "dvar": 115.729644775,
        "dvar2": 208.410385132,
        "max": 159.043823242,
        "mean": 11.8990850449,
        "median": 4.55691862106,
        "min": 2.94595338346e-07,
        "var": 353.354125977
    },
    "melbands_crest": {
        "dmean": 3.30687832832,
        "dmean2": 5.38820171356,
        "dvar": 9.25416088104,
        "dvar2": 22.4589710236,
        "max": 31.2979373932,
        "mean": 16.8228206635,
        "median": 16.2302188873,
        "min": 5.30903434753,
        "var": 29.5117454529
    },
    "melbands_flatness_db": {
        "dmean": 0.0273527167737,
        "dmean2": 0.0384899489582,
        "dvar": 0.000655729672872,
        "dvar2": 0.00128206098452,
        "max": 0.381902247667,
        "mean": 0.237428694963,
        "median": 0.248391598463,
        "min": 0.0627184659243,
        "var": 0.00362606882118
    },
    "melbands_kurtosis": {
        "dmean": 11.9537420273,
        "dmean2": 18.0748291016,
        "dvar": 309.775421143,
        "dvar2": 611.260681152,
        "max": 416.608001709,
        "mean": 29.0962905884,
        "median": 18.4164123535,
        "min": -1.50864934921,
        "var": 1200.06018066
    },
    "melbands_skewness": {
        "dmean": 0.910074532032,
        "dmean2": 1.34936845303,
        "dvar": 0.878090858459,
        "dvar2": 1.82440686226,
        "max": 17.4236450195,
        "mean": 3.31942772865,
        "median": 3.01142072678,
        "min": -0.917462706566,
        "var": 5.87886333466
    },
    "melbands_spread": {
        "dmean": 4.44130086899,
        "dmean2": 6.83405256271,
        "dvar": 38.5620117188,
        "dvar2": 85.873008728,
        "max": 77.5058135986,
        "mean": 13.6543283463,
        "median": 9.53063392639,
        "min": 1.38132619858,
        "var": 118.458938599
    },
    "pitch_salience": {
        "dmean": 0.0732058733702,
        "dmean2": 0.115656100214,
        "dvar": 0.004583443515,
        "dvar2": 0.0110637843609,
        "max": 0.791404008865,
        "mean": 0.504874050617,
        "median": 0.501498162746,
        "min": 0.110521249473,
        "var": 0.0164943449199
    },
    "silence_rate_20dB": {
        "dmean": 0,
        "dmean2": 0,
        "dvar": 0,
        "dvar2": 0,
        "max": 1,
        "mean": 1,
        "median": 1,
        "min": 1,
        "var": 0
    },
    "silence_rate_30dB": {
        "dmean": 0.00154798757285,
        "dmean2": 0.00309837330133,
        "dvar": 0.00154558371287,
        "dvar2": 0.00463792029768,
        "max": 1,
        "mean": 0.999226629734,
        "median": 1,
        "min": 0,
        "var": 0.000772795756347
    },
    "silence_rate_60dB": {
        "dmean": 0.0944272428751,
        "dmean2": 0.18900077045,
        "dvar": 0.0855110436678,
        "dvar2": 0.178065910935,
        "max": 1,
        "mean": 0.220417633653,
        "median": 0,
        "min": 0,
        "var": 0.171833246946
    },
    "spectral_centroid": {
        "dmean": 210.011154175,
        "dmean2": 304.002624512,
        "dvar": 133819.4375,
        "dvar2": 207265.421875,
        "max": 10410.0703125,
        "mean": 956.557922363,
        "median": 815.466552734,
        "min": 321.872467041,
        "var": 359232.46875
    },
    "spectral_complexity": {
        "dmean": 1.57585144043,
        "dmean2": 2.37025570869,
        "dvar": 2.434664011,
        "dvar2": 4.73046016693,
        "max": 20,
        "mean": 6.43387460709,
        "median": 6,
        "min": 0,
        "var": 12.8689537048
    },
    "spectral_decrease": {
        "dmean": 1.44958789416e-09,
        "dmean2": 2.04480099519e-09,
        "dvar": 6.10902991745e-18,
        "dvar2": 1.09593142814e-17,
        "max": -8.06726007648e-18,
        "mean": -4.19074641655e-09,
        "median": -2.10820205737e-09,
        "min": -2.68052531283e-08,
        "var": 2.1815482449e-17
    },
    "spectral_energy": {
        "dmean": 0.00583000667393,
        "dmean2": 0.00822281371802,
        "dvar": 0.000103834740003,
        "dvar2": 0.000185708791832,
        "max": 0.115595050156,
        "mean": 0.0168961361051,
        "median": 0.00837291404605,
        "min": 5.71684539985e-11,
        "var": 0.000366048596334
    },
    "spectral_energyband_high": {
        "dmean": 7.67938909121e-05,
        "dmean2": 0.000103721431515,
        "dvar": 1.3210354588e-08,
        "dvar2": 2.68240150092e-08,
        "max": 0.00148889201228,
        "mean": 0.000193201674847,
        "median": 0.000138726958539,
        "min": 1.71789527048e-11,
        "var": 2.89071628856e-08
    },
    "spectral_energyband_low": {
        "dmean": 0.00132309878245,
        "dmean2": 0.0020859837532,
        "dvar": 8.23996560939e-06,
        "dvar2": 1.80785118573e-05,
        "max": 0.0419367104769,
        "mean": 0.00244325585663,
        "median": 0.0012359112734,
        "min": 2.34775827251e-12,
        "var": 1.46446682265e-05
    },
    "spectral_energyband_middle_high": {
        "dmean": 0.00208947784267,
        "dmean2": 0.00307895545848,
        "dvar": 5.11071266374e-05,
        "dvar2": 9.16130884434e-05,
        "max": 0.105939805508,
        "mean": 0.00465866457671,
        "median": 0.000344278902048,
        "min": 8.69246688517e-12,
        "var": 0.000147846498294
    },
    "spectral_energyband_middle_low": {
        "dmean": 0.00337222963572,
        "dmean2": 0.00478760199621,
        "dvar": 3.44403306372e-05,
        "dvar2": 6.77606803947e-05,
        "max": 0.0705345347524,
        "mean": 0.00973052252084,
        "median": 0.0050332355313,
        "min": 2.58385274982e-11,
        "var": 0.000142594290082
    },
    "spectral_entropy": {
        "dmean": 0.244014590979,
        "dmean2": 0.307448923588,
        "dvar": 0.0601744055748,
        "dvar2": 0.0846034809947,
        "max": 9.78398704529,
        "mean": 7.30170631409,
        "median": 7.30749416351,
        "min": 5.91046619415,
        "var": 0.406151115894
    },
    "spectral_flux": {
        "dmean": 0.0222133565694,
        "dmean2": 0.0357424169779,
        "dvar": 0.000895155593753,
        "dvar2": 0.00230540102348,
        "max": 0.285853862762,
        "mean": 0.0469854474068,
        "median": 0.0354574434459,
        "min": 2.47874449997e-05,
        "var": 0.00131213152781
    },
    "spectral_kurtosis": {
        "dmean": 1.21127808094,
        "dmean2": 1.82148897648,
        "dvar": 2.10102510452,
        "dvar2": 4.35716152191,
        "max": 19.399520874,
        "mean": 4.26410627365,
        "median": 3.10376691818,
        "min": -1.19259595871,
        "var": 10.1082839966
    },
    "spectral_rms": {
        "dmean": 0.000692033325322,
        "dmean2": 0.000925379688852,
        "dvar": 8.51484628583e-07,
        "dvar2": 1.29175134589e-06,
        "max": 0.0106195881963,
        "mean": 0.00345621979795,
        "median": 0.00285809324123,
        "min": 2.36165405454e-07,
        "var": 4.53859456684e-06
    },
    "spectral_rolloff": {
        "dmean": 471.047546387,
        "dmean2": 802.368469238,
        "dvar": 1472240.5,
        "dvar2": 3552078.75,
        "max": 15439.3066406,
        "mean": 1017.92254639,
        "median": 602.9296875,
        "min": 64.599609375,
        "var": 1703950.875
    },
    "spectral_skewness": {
        "dmean": 0.201369464397,
        "dmean2": 0.290734738111,
        "dvar": 0.0407041795552,
        "dvar2": 0.0746589452028,
        "max": 3.47522211075,
        "mean": 1.7538574934,
        "median": 1.65275430679,
        "min": 0.0474557951093,
        "var": 0.280136883259
    },
    "spectral_spread": {
        "dmean": 718616.25,
        "dmean2": 1024687,
        "dvar": 1.48270795981e+12,
        "dvar2": 1.88306436915e+12,
        "max": 39900216,
        "mean": 6513775.5,
        "median": 6602304.5,
        "min": 2153693,
        "var": 4.19755668275e+12
    },
    "spectral_strongpeak": {
        "dmean": 0.505428612232,
        "dmean2": 0.722206354141,
        "dvar": 0.975017130375,
        "dvar2": 1.6830534935,
        "max": 15.2227401733,
        "mean": 1.28285896778,
        "median": 0.640142142773,
        "min": 0,
        "var": 3.28120923042
    },
    "zerocrossingrate": {
        "dmean": 0.0126038538292,
        "dmean2": 0.0149544170126,
        "dvar": 0.000292618729873,
        "dvar2": 0.000351634633262,
        "max": 0.431640625,
        "mean": 0.0578596293926,
        "median": 0.0478515625,
        "min": 0.01220703125,
        "var": 0.00118547002785
    },
    "barkbands": {
        "dmean": [3.10379436996e-05, 0.00111437670421, 0.000300232641166, 0.00015098687436, 0.000806972500868, 0.00155409076251, 0.000546273193322, 0.000175741122803, 0.000745824014302, 0.000929677975364, 0.000294011319056, 0.000190592763829, 0.00048227829393, 0.000215440639295, 0.00012272738968, 0.000242397160036, 0.000105787577922, 2.04293210118e-05, 1.91396375158e-05, 1.28592901092e-05, 1.96585788217e-05, 1.43761044455e-05, 8.37001607579e-06, 8.9467412181e-06, 1.29714508148e-05, 1.84369309864e-05, 6.59084207655e-06],
        "dmean2": [5.23021917616e-05, 0.00179736933205, 0.000458625232568, 0.00025919789914, 0.00118400237989, 0.00224730465561, 0.000794395105913, 0.000245173258008, 0.0011362223886, 0.00140661676414, 0.000408261432312, 0.000283382891212, 0.00063622003654, 0.000289375486318, 0.000188568679732, 0.000372496258933, 0.000173194042873, 3.06547881337e-05, 2.92715994874e-05, 2.00069189304e-05, 2.95037971227e-05, 2.270773075e-05, 1.23548261399e-05, 1.345617693e-05, 1.84480959433e-05, 2.39593482547e-05, 1.15594057206e-05],
        "dvar": [2.18963736032e-09, 7.77543573349e-06, 4.5172555474e-07, 1.95055804397e-07, 2.79922278423e-06, 1.21384846352e-05, 2.17708407035e-06, 6.32271451195e-07, 6.7790074354e-06, 1.6579288058e-05, 1.45032834098e-06, 4.51241021437e-07, 3.61299339602e-06, 7.43916814372e-07, 2.73104802773e-07, 1.93114374269e-06, 6.32628541553e-07, 6.90345247634e-09, 5.82824233319e-09, 8.39439739941e-10, 6.54347742657e-10, 5.11963471617e-10, 1.07014112849e-10, 1.45527062623e-10, 3.62365609741e-10, 1.27517019166e-09, 1.2558486473e-09],
        "dvar2": [5.79892445174e-09, 1.7829479475e-05, 9.0373276862e-07, 5.09222104483e-07, 5.37484129381e-06, 2.4574179406e-05, 4.3622285375e-06, 1.27049213461e-06, 1.38744153446e-05, 3.24131542584e-05, 2.20770334636e-06, 9.10963251499e-07, 5.60457328902e-06, 1.14889496672e-06, 5.56127474738e-07, 3.72038834939e-06, 1.15970078696e-06, 1.3426963541e-08, 1.16720535459e-08, 1.80624049051e-09, 1.20417209537e-09, 1.18885457034e-09, 2.08066841534e-10, 2.88140511451e-10, 6.49017894983e-10, 2.64709876241e-09, 3.52869289344e-09],
        "max": [0.000572937366087, 0.040210030973, 0.012557072565, 0.00910551659763, 0.0352515541017, 0.043087027967, 0.0361810140312, 0.0254131704569, 0.037345841527, 0.0573061704636, 0.0247156098485, 0.00834114756435, 0.0321142561734, 0.0162499528378, 0.012234617956, 0.0257184952497, 0.0218757763505, 0.00236105243675, 0.00247395783663, 0.000630664580967, 0.000526933989022, 0.000301204097923, 0.000134850255563, 0.000152931388584, 0.000283824338112, 0.000622340012342, 0.000827292678878],
        "mean": [3.72627437173e-05, 0.00168502039742, 0.000607156893238, 0.000217538326979, 0.00170728412922, 0.0043711848557, 0.00126645213459, 0.00032154089422, 0.0016604331322, 0.00167899706867, 0.000682232494, 0.000320510356687, 0.00089861638844, 0.000363050174201, 0.000216252097744, 0.000392675487092, 0.00020283057529, 2.97273327305e-05, 3.31209230353e-05, 2.31249159697e-05, 3.94436574425e-05, 2.95357440336e-05, 2.22889229917e-05, 2.18474015128e-05, 3.34190699505e-05, 2.99283001368e-05, 4.66485607831e-06],
        "median": [1.76119774551e-05, 0.000545235350728, 0.00010638780077, 4.81937022414e-05, 0.000347728200722, 0.00041823941865, 9.655233589e-05, 5.34269129275e-05, 8.61362059368e-05, 3.41178820236e-05, 2.25867588597e-05, 2.47451243922e-05, 1.88677513506e-05, 1.77393540071e-05, 1.10656328616e-05, 1.96122509806e-05, 8.24036214908e-06, 8.93821652426e-06, 1.61747666425e-05, 1.17870840768e-05, 2.77037997876e-05, 2.09283825825e-05, 1.75103541551e-05, 1.66793761309e-05, 2.39346209128e-05, 1.39171515912e-05, 2.1841347575e-07],
        "min": [3.02045281148e-12, 7.93712860193e-13, 1.46453921039e-13, 1.91675397342e-13, 3.99402001272e-13, 6.28568551375e-12, 1.49849653085e-12, 4.37931077036e-13, 1.96807284011e-12, 4.28894203139e-12, 1.81425634607e-13, 4.26468566407e-13, 1.79850427086e-12, 9.2740442062e-13, 5.37839792234e-13, 9.21251681711e-13, 7.46327641615e-13, 5.04231259611e-13, 7.37398803043e-13, 8.44484367418e-13, 1.21405370566e-12, 1.5459485905e-12, 1.06113869861e-12, 1.92216338332e-12, 2.13693841268e-12, 2.77456291449e-12, 6.48306061612e-12],
        "var": [2.93401858364e-09, 1.0946434486e-05, 1.56847431754e-06, 3.58701157666e-07, 1.49397119458e-05, 5.51657976757e-05, 1.13255227916e-05, 1.7628445903e-06, 2.09275003726e-05, 4.06968101743e-05, 7.56317558626e-06, 9.81211314866e-07, 1.06120796772e-05, 2.14011242861e-06, 8.07345372777e-07, 4.19052958023e-06, 2.11885912904e-06, 1.22813226255e-08, 9.92580062587e-09, 1.94296667644e-09, 1.6865009389e-09, 8.09019629067e-10, 2.89895468741e-10, 3.45679346259e-10, 9.67237623328e-10, 2.10891326624e-09, 7.58388796207e-10]
    },
    "erbbands": {
        "dmean": [0.0260038841516, 0.275196015835, 0.392138898373, 0.392786234617, 1.01179099083, 2.85191917419, 8.60976314545, 13.3648176193, 9.17563152313, 5.76928901672, 5.31446838379, 11.6542196274, 25.178691864, 28.7319831848, 7.85958957672, 10.6169881821, 17.3770942688, 11.4914150238, 7.1332616806, 8.38069152832, 11.7533054352, 7.02806425095, 1.82796382904, 0.97697019577, 0.762058258057, 0.613062798977, 1.07346320152, 0.447332292795, 0.638177573681, 0.252745270729, 0.2707067132, 0.186447054148, 0.158031120896, 0.131330579519, 0.108400963247, 0.0711411833763, 0.032039090991, 0.0168012175709, 0.000572621240281, 1.48692961375e-05],
        "dmean2": [0.0406342558563, 0.447232156992, 0.607375144958, 0.634305596352, 1.6413564682, 4.29819726944, 11.6973791122, 19.7365627289, 13.6387691498, 7.67844676971, 7.6133108139, 17.9528141022, 37.8234901428, 42.289932251, 10.8129396439, 14.4314165115, 23.1808052063, 15.1619186401, 10.9135961533, 12.1845111847, 18.0069026947, 11.4911909103, 2.86434745789, 1.483984828, 1.17278420925, 0.940564036369, 1.63719582558, 0.671449005604, 1.01656115055, 0.381184279919, 0.401130080223, 0.280133098364, 0.246538221836, 0.19674000144, 0.15528896451, 0.097066603601, 0.0424613282084, 0.0269520040601, 0.000973859627265, 2.2967791665e-05],
        "dvar": [0.00374737172388, 0.482067197561, 0.620916903019, 0.857977986336, 3.68717885017, 29.1076660156, 347.193878174, 1445.16772461, 451.109466553, 296.055450439, 432.071685791, 1782.87194824, 7052.56640625, 14570.15625, 1038.32312012, 2056.06445312, 4288.22558594, 1544.20446777, 1436.22314453, 1302.22229004, 4560.01953125, 2677.45141602, 76.8160629272, 14.3802309036, 7.01252889633, 1.6848064661, 1.7363820076, 0.85945981741, 0.932455599308, 0.12901070714, 0.104301549494, 0.0730626657605, 0.0428747870028, 0.0317884609103, 0.0282988306135, 0.0144707318395, 0.00390129047446, 0.00369997485541, 1.01680707303e-05, 2.16357909366e-09],
        "dvar2": [0.00839332584292, 1.12234950066, 1.26408851147, 2.16779470444, 7.61777544022, 66.323135376, 578.423706055, 3065.43237305, 1036.29467773, 489.363189697, 954.065368652, 3780.3137207, 13238.1445312, 29568.5585938, 1513.53210449, 3471.07006836, 7046.2578125, 2070.08520508, 2834.25390625, 2523.49389648, 8303.73242188, 5003.11914062, 138.047042847, 27.9447498322, 14.1082687378, 3.64841294289, 3.36245775223, 1.83399188519, 2.19101166725, 0.266609609127, 0.208841219544, 0.146476402879, 0.0900129750371, 0.0655248835683, 0.0527574755251, 0.0262640658766, 0.00830854289234, 0.00996606424451, 2.86913182208e-05, 5.87653037343e-09],
        "max": [0.871882736683, 9.84244918823, 14.2864351273, 20.385011673, 56.0484962463, 86.6885604858, 316.970184326, 551.945068359, 264.797302246, 461.280609131, 579.153076172, 615.643493652, 1314.38745117, 2179.15917969, 741.441955566, 725.838806152, 1041.6998291, 843.118774414, 956.832580566, 734.459533691, 1674.66662598, 1361.45471191, 226.742446899, 119.171737671, 81.036491394, 27.6578903198, 25.305311203, 14.7469711304, 13.1648435593, 4.21381902695, 3.70434188843, 3.02122139931, 2.61113643646, 2.19806647301, 2.49371337891, 1.93383324146, 0.923707783222, 1.19782328606, 0.0750435292721, 0.00103958824184],
        "mean": [0.0405186153948, 0.406522661448, 0.772201299667, 0.74154484272, 1.76402342319, 6.18831205368, 25.1560459137, 34.0483436584, 20.5999507904, 14.2326450348, 10.6866416931, 24.80027771, 52.0653533936, 57.8151397705, 16.8084411621, 19.1675167084, 33.0789794922, 21.2276630402, 12.4709844589, 14.9456338882, 19.803560257, 13.9488925934, 3.2735016346, 1.65594804287, 1.38376390934, 1.19304192066, 2.09676146507, 0.841328620911, 1.31191802025, 0.587248086929, 0.711192727089, 0.439678907394, 0.388261944056, 0.331113755703, 0.255049318075, 0.146488562226, 0.050546631217, 0.0141329094768, 0.00044988252921, 2.91978940368e-05],
        "median": [0.0099820131436, 0.150392591953, 0.211089000106, 0.209428176284, 0.512422680855, 1.70133590698, 3.26991677284, 4.03130483627, 2.36092638969, 1.99110114574, 2.7261838913, 2.27289247513, 1.8762614727, 2.34415006638, 1.14844548702, 1.35862481594, 0.924456596375, 1.14348709583, 0.790244400501, 0.764001786709, 1.00828921795, 0.556688606739, 0.567284166813, 0.69078463316, 0.694867670536, 0.664100944996, 1.53080689907, 0.492453724146, 0.9578794837, 0.433538615704, 0.571514248848, 0.321453809738, 0.298428326845, 0.250368744135, 0.172224774957, 0.0862046927214, 0.0218139700592, 0.00177497963887, 5.59017498745e-05, 1.65412548085e-05],
        "min": [5.58057419719e-11, 8.25602017307e-11, 1.39112651953e-10, 6.16768580652e-10, 1.22481624842e-09, 1.18668852522e-09, 5.89623372349e-09, 7.35836778176e-08, 4.03392483861e-08, 1.18572662799e-08, 1.72259486675e-08, 1.02141726188e-07, 3.57924164973e-07, 2.76077791739e-08, 1.10913047635e-08, 1.96551575016e-08, 7.40193897286e-08, 6.6561050005e-08, 3.05322238603e-08, 2.68242938972e-08, 5.88018735925e-08, 3.84385892005e-08, 2.68094026978e-08, 3.42244206308e-08, 4.06226803307e-08, 3.36790293431e-08, 5.55098402799e-08, 4.93992899919e-08, 5.25660617257e-08, 3.3889001827e-08, 3.3272527844e-08, 4.58878410825e-08, 2.80447451928e-08, 1.8356013598e-08, 1.79977615034e-08, 1.07087165802e-08, 4.37080682758e-09, 2.86966206353e-09, 8.84455675365e-10, 1.02397958168e-10],
        "var": [0.00614727567881, 0.647674977779, 1.9087677002, 1.87524020672, 22.7159099579, 141.096664429, 2320.84741211, 5492.27880859, 1576.80969238, 1800.37109375, 1079.61755371, 4701.84472656, 20924.5996094, 37499.84375, 3762.67626953, 5015.23339844, 12670.4257812, 5163.29394531, 3470.63256836, 3417.99731445, 12004.6386719, 8651.73828125, 236.764526367, 27.0941696167, 12.299454689, 3.8718392849, 4.53796672821, 1.35566556454, 1.4962502718, 0.268373042345, 0.286683470011, 0.155682072043, 0.101292856038, 0.0795698910952, 0.0682393461466, 0.0328991375864, 0.00620964262635, 0.00263929064386, 6.15504904999e-06, 1.89029392139e-09]
    },
    "gfcc": {
        "mean": [-60.9622955322, 71.1732254028, -86.5466003418, 19.2694339752, -68.6276702881, 16.0262050629, -42.1085395813, 12.1246824265, -27.2610321045, 14.3313245773, -18.0169506073, 10.4599084854, -4.86042690277],
        "cov": [[7061.68261719, 357.66998291, -426.430236816, -525.015014648, 135.235351562, -71.9719619751, -40.1226844788, -45.2563476562, 14.150809288, 15.1201953888, -56.2546730042, 15.0071725845, -72.3192596436], [357.66998291, 632.312255859, -160.955322266, -190.429672241, -21.0516986847, 71.9697494507, 43.4566650391, 7.20287799835, 62.9246253967, -8.28102397919, 77.0897140503, -10.164981842, 85.1784515381], [-426.430236816, -160.955322266, 1425.6282959, 673.253173828, -219.385879517, -134.492507935, 24.9975299835, -8.17022609711, -221.110992432, -34.4927520752, -103.481498718, -39.2069664001, -37.2165718079], [-525.015014648, -190.429672241, 673.253173828, 708.042114258, -6.37310266495, 12.8824892044, 8.24456691742, 44.4162635803, -87.437538147, 3.27610373497, -69.4068756104, -85.162727356, -74.8609924316], [135.235351562, -21.0516986847, -219.385879517, -6.37310266495, 272.223358154, 134.960632324, 62.8843307495, 53.0918579102, 96.3477249146, 28.2489185333, -2.80986809731, -28.3783569336, -80.5524978638], [-71.9719619751, 71.9697494507, -134.492507935, 12.8824892044, 134.960632324, 177.902450562, 78.7960205078, 56.7791404724, 57.9390487671, 33.2297782898, 27.0745868683, -6.39757108688, -26.6455345154], [-40.1226844788, 43.4566650391, 24.9975299835, 8.24456691742, 62.8843307495, 78.7960205078, 103.491859436, 48.5000953674, 30.8028774261, 15.0537347794, 17.4262657166, -1.46785104275, -12.0659418106], [-45.2563476562, 7.20287799835, -8.17022609711, 44.4162635803, 53.0918579102, 56.7791404724, 48.5000953674, 84.2722473145, 48.5870018005, 16.2739372253, 9.39867019653, 4.85547542572, -4.0439620018], [14.150809288, 62.9246253967, -221.110992432, -87.437538147, 96.3477249146, 57.9390487671, 30.8028774261, 48.5870018005, 114.779808044, 36.8785057068, 29.3494548798, 4.28873920441, 0.703299105167], [15.1201953888, -8.28102397919, -34.4927520752, 3.27610373497, 28.2489185333, 33.2297782898, 15.0537347794, 16.2739372253, 36.8785057068, 62.4638175964, 32.7610855103, 7.12588882446, -4.35488939285], [-56.2546730042, 77.0897140503, -103.481498718, -69.4068756104, -2.80986809731, 27.0745868683, 17.4262657166, 9.39867019653, 29.3494548798, 32.7610855103, 83.5790328979, 40.9083938599, 42.2452201843], [15.0071725845, -10.164981842, -39.2069664001, -85.162727356, -28.3783569336, -6.39757108688, -1.46785104275, 4.85547542572, 4.28873920441, 7.12588882446, 40.9083938599, 85.8603820801, 64.6854248047], [-72.3192596436, 85.1784515381, -37.2165718079, -74.8609924316, -80.5524978638, -26.6455345154, -12.0659418106, -4.0439620018, 0.703299105167, -4.35488939285, 42.2452201843, 64.6854248047, 126.524742126]],
        "icov": [[0.000186616540304, -0.000302604894387, 8.9142617071e-05, 8.70917210705e-05, -0.000314169476042, 0.000447619124316, -1.90127557289e-05, -0.000250540353591, 0.000606291170698, -0.000663619313855, 0.00059776136186, -0.000476942310343, 0.000290601950837], [-0.000302604894387, 0.00381068279967, -0.00116032804362, 0.00133091816679, 0.00127998308744, -0.00349100143649, 0.000789842102677, 0.00104755908251, -0.00362707977183, 0.00445521669462, -0.00490346644074, 0.00614780467004, -0.00343601987697], [8.9142617071e-05, -0.00116032804362, 0.00284299813211, -0.00248790206388, 0.00075524894055, 0.00293749850243, -0.00362666510046, -6.49663124932e-05, 0.00320663233288, -0.00256886845455, 0.00326513126493, -0.00362312560901, 0.00160374108236], [8.70917210705e-05, 0.00133091816679, -0.00248790206388, 0.00487994216383, -0.00128137553111, -0.00256370962597, 0.00388921308331, -0.00359043106437, 0.00139111827593, -7.73771753302e-05, -0.00215771072544, 0.00613755825907, -0.00221803179011], [-0.000314169476042, 0.00127998308744, 0.00075524894055, -0.00128137553111, 0.0114649767056, -0.00595937063918, -0.00208017532714, 0.00315245357342, -0.0089725414291, 0.00386918196455, 0.000725772290025, -0.00171422306448, 0.00518642691895], [0.000447619124316, -0.00349100143649, 0.00293749850243, -0.00256370962597, -0.00595937063918, 0.0178598668426, -0.00836311653256, -0.00397262861952, 0.00737337069586, -0.007774671074, 0.00305445701815, -0.00516897672787, 0.00231005065143], [-1.90127557289e-05, 0.000789842102677, -0.00362666510046, 0.00388921308331, -0.00208017532714, -0.00836311653256, 0.0220342949033, -0.00816474761814, -0.000524050614331, 0.00287394039333, -0.00600916659459, 0.00537630077451, -0.00119388604071], [-0.000250540353591, 0.00104755908251, -6.49663124932e-05, -0.00359043106437, 0.00315245357342, -0.00397262861952, -0.00816474761814, 0.0267512705177, -0.0148689001799, 0.00467307912186, 0.00148271990474, -0.00516705214977, 0.000644970219582], [0.000606291170698, -0.00362707977183, 0.00320663233288, 0.00139111827593, -0.0089725414291, 0.00737337069586, -0.000524050614331, -0.0148689001799, 0.0322756804526, -0.0161536578089, 0.00400470942259, 0.000332289520884, -0.00237258523703], [-0.000663619313855, 0.00445521669462, -0.00256886845455, -7.73771753302e-05, 0.00386918196455, -0.007774671074, 0.00287394039333, 0.00467307912186, -0.0161536578089, 0.0338338688016, -0.0170024204999, 0.00482038781047, 0.00153625593521], [0.00059776136186, -0.00490346644074, 0.00326513126493, -0.00215771072544, 0.000725772290025, 0.00305445701815, -0.00600916659459, 0.00148271990474, 0.00400470942259, -0.0170024204999, 0.0317754223943, -0.0154088893905, 0.000566994363908], [-0.000476942310343, 0.00614780467004, -0.00362312560901, 0.00613755825907, -0.00171422306448, -0.00516897672787, 0.00537630077451, -0.00516705214977, 0.000332289520884, 0.00482038781047, -0.0154088893905, 0.0358142778277, -0.0166791174561], [0.000290601950837, -0.00343601987697, 0.00160374108236, -0.00221803179011, 0.00518642691895, 0.00231005065143, -0.00119388604071, 0.000644970219582, -0.00237258523703, 0.00153625593521, 0.000566994363908, -0.0166791174561, 0.021641375497]]
    },
    "melbands": {
        "dmean": [0.000287797913188, 0.000256285129581, 7.58541209507e-05, 0.000135158465127, 0.000256400875514, 0.000292663200526, 0.000141682059621, 5.70382362639e-05, 4.565647032e-05, 9.08648507902e-05, 0.000134903355502, 0.000127872466692, 3.12734191539e-05, 1.57315553224e-05, 5.81154563406e-05, 3.15826364385e-05, 1.88409976545e-05, 1.21455459521e-05, 1.02877975223e-05, 1.48912959048e-05, 1.33219837153e-05, 6.63026685288e-06, 3.86731926483e-06, 1.08608617211e-06, 7.71173461089e-07, 8.53089943575e-07, 4.57416803101e-07, 4.01980656761e-07, 8.71771476341e-07, 3.06380314896e-07, 2.72889309372e-07, 3.66187094869e-07, 2.85397931066e-07, 1.2449365272e-07, 1.73581469198e-07, 1.37771635877e-07, 1.23397555285e-07, 1.22338718711e-07, 1.07369920954e-07, 1.24471839058e-07],
        "dmean2": [0.000461003015516, 0.000402462988859, 0.000123097343021, 0.000212429979001, 0.000350337446434, 0.000430165004218, 0.000209064150113, 7.50313265598e-05, 6.73883550917e-05, 0.000139588111779, 0.000202701412491, 0.000189287980902, 4.20637734351e-05, 2.28809039982e-05, 7.56645749789e-05, 4.35226393165e-05, 2.47259868047e-05, 1.88743288163e-05, 1.54407498485e-05, 2.2318052288e-05, 2.0462750399e-05, 1.09695656647e-05, 6.23757296125e-06, 1.62569881468e-06, 1.19220044326e-06, 1.31999047426e-06, 7.05870888851e-07, 6.23206233286e-07, 1.33905882649e-06, 4.77552532629e-07, 4.16010607296e-07, 5.89273554397e-07, 4.53184469507e-07, 1.89774169712e-07, 2.60984023726e-07, 2.12305067748e-07, 1.86423520177e-07, 1.91433855434e-07, 1.71727222664e-07, 1.89682808127e-07],
        "dvar": [5.15686508606e-07, 2.72890019914e-07, 2.50315164152e-08, 5.83430619372e-08, 3.11457313273e-07, 5.92601281824e-07, 1.0412628626e-07, 2.79962044658e-08, 3.34901777421e-08, 1.10851942736e-07, 2.06020786209e-07, 3.08196661081e-07, 1.87772517535e-08, 3.12953529757e-09, 9.88678436897e-08, 9.84113590619e-09, 4.89212226285e-09, 6.30110408295e-09, 2.21044338389e-09, 8.99464414061e-09, 7.82665043886e-09, 2.36996910985e-09, 8.47109604685e-10, 3.23663908175e-11, 7.30358221818e-12, 1.48581303511e-11, 1.33331746251e-12, 7.08619848997e-13, 1.10208749678e-12, 2.18953896897e-13, 3.59408114164e-13, 4.1691547133e-13, 1.40491066588e-13, 3.28047491786e-14, 4.04831604437e-14, 3.62515261408e-14, 3.18050775061e-14, 2.29545945647e-14, 2.16439211931e-14, 2.94638581111e-14],
        "dvar2": [1.18483660572e-06, 6.01073907092e-07, 6.22376248316e-08, 1.41378251328e-07, 5.22694563188e-07, 1.25867950374e-06, 2.2996385951e-07, 4.71429153492e-08, 7.85704088457e-08, 2.2813942735e-07, 3.85541170544e-07, 6.22212326107e-07, 2.6808159248e-08, 5.30048405167e-09, 1.56629795356e-07, 1.81649948416e-08, 6.50837739258e-09, 1.23501289195e-08, 4.25133750426e-09, 1.87748430136e-08, 1.35336266638e-08, 4.55449722381e-09, 1.45382350603e-09, 6.26472901333e-11, 1.4377544294e-11, 2.94743882079e-11, 2.59511249295e-12, 1.68803361046e-12, 2.15982982367e-12, 4.61417579492e-13, 7.95694944395e-13, 1.01338729075e-12, 3.27827473284e-13, 7.05351507996e-14, 8.49327254577e-14, 8.08907452197e-14, 6.27931409126e-14, 4.8178160002e-14, 5.02709683505e-14, 6.29406127369e-14],
        "max": [0.0102723538876, 0.00694812182337, 0.00337884947658, 0.00527947628871, 0.0108500830829, 0.0106856264174, 0.00559967383742, 0.00409042276442, 0.00385807314888, 0.00445398828015, 0.00644258689135, 0.00962023809552, 0.00310300150886, 0.00110995909199, 0.00538075948134, 0.00248192856088, 0.00157549965661, 0.00207482464612, 0.00108794029802, 0.00200294633396, 0.00260350527242, 0.00122488080524, 0.000896305777133, 0.000182254138053, 8.08357945061e-05, 0.000127340390463, 3.1624444091e-05, 1.47026476043e-05, 1.80812203325e-05, 5.67509050597e-06, 9.97617644316e-06, 1.06322813735e-05, 3.86024339605e-06, 2.25170401791e-06, 2.47344223681e-06, 2.31192711908e-06, 2.0686861717e-06, 1.76556466158e-06, 1.83503755125e-06, 1.97927192858e-06],
        "mean": [0.000433545152191, 0.000463932141429, 0.000141237600474, 0.000261473673163, 0.000738950853702, 0.000770316575654, 0.000324454071233, 0.000134853078634, 8.96906130947e-05, 0.000198080175323, 0.000274739984889, 0.000250897370279, 7.05023194314e-05, 2.81204738712e-05, 0.000101368234027, 6.32594892522e-05, 3.24240900227e-05, 1.94721942535e-05, 1.97964945983e-05, 2.17010274355e-05, 2.31484536926e-05, 1.26437826111e-05, 7.4400104495e-06, 1.52966867972e-06, 1.26545330659e-06, 1.41540283494e-06, 7.30502563329e-07, 6.94099128395e-07, 1.65393691987e-06, 5.40008954886e-07, 4.52586618849e-07, 7.37315303923e-07, 5.55626911591e-07, 2.65082633177e-07, 4.34951630268e-07, 3.10713346607e-07, 2.64137412387e-07, 2.83106345478e-07, 2.49644983796e-07, 2.87824178713e-07],
        "median": [0.000129038395244, 0.000204776180908, 4.23167875852e-05, 5.7896868384e-05, 0.000117456758744, 9.18934674701e-05, 2.59319749603e-05, 1.43284551086e-05, 1.2673413039e-05, 1.07037585622e-05, 6.49659887131e-06, 6.52834978609e-06, 3.37192363986e-06, 2.40460349232e-06, 1.97854410544e-06, 1.98294105758e-06, 1.88622755104e-06, 1.03679087715e-06, 8.74326701705e-07, 1.33597598051e-06, 9.56177586886e-07, 5.2176153531e-07, 5.91063667343e-07, 3.63216770438e-07, 5.53855215912e-07, 6.5829237883e-07, 3.05447372284e-07, 3.62064042747e-07, 1.18793013826e-06, 3.12307804506e-07, 2.49749149361e-07, 5.30259910647e-07, 4.00540500323e-07, 1.89760541502e-07, 3.49270834477e-07, 2.34083870509e-07, 1.80539544203e-07, 2.19822652525e-07, 1.84207792131e-07, 2.10915715115e-07],
        "min": [5.06420155377e-13, 8.11392308051e-14, 1.23480679891e-13, 8.14889131108e-14, 2.43806358565e-13, 1.56956251381e-12, 5.55099694509e-13, 1.10928444436e-13, 8.98901924575e-14, 2.7553653803e-13, 1.77220358614e-12, 6.87748808099e-14, 3.00854346047e-14, 4.21268211016e-14, 9.50174658463e-14, 1.99731968161e-13, 1.08330757017e-13, 4.47393451496e-14, 3.77607525055e-14, 5.57671584692e-14, 6.70623902547e-14, 4.67744231205e-14, 1.79980050909e-14, 2.65439136193e-14, 2.70536394122e-14, 2.90238990339e-14, 1.81017971202e-14, 2.32876157323e-14, 3.27836749989e-14, 3.43039568377e-14, 3.01564058013e-14, 3.13748559197e-14, 2.51630601799e-14, 1.60470307154e-14, 1.92515206793e-14, 1.96471494401e-14, 3.19173059835e-14, 1.89308102885e-14, 1.75431348457e-14, 1.42221016187e-14],
        "var": [7.27346616713e-07, 5.39755433238e-07, 5.88012163405e-08, 3.35933322049e-07, 1.98301586352e-06, 2.30175510296e-06, 4.18299919147e-07, 1.56232033532e-07, 7.99562727138e-08, 3.22950882037e-07, 6.04286015005e-07, 7.70701660713e-07, 7.94265062609e-08, 8.8548635091e-09, 2.50733364737e-07, 4.69807837078e-08, 1.57324340222e-08, 1.51383741098e-08, 7.12220327159e-09, 1.38364404378e-08, 2.44689690732e-08, 7.34799421309e-09, 3.10172998397e-09, 5.81805853495e-11, 1.36173771911e-11, 2.48316037871e-11, 3.79584948543e-12, 1.28155613292e-12, 2.83332840696e-12, 4.19978532203e-13, 5.20707392135e-13, 5.660943719e-13, 2.64317213949e-13, 6.41787648416e-14, 1.08130891123e-13, 7.77973266862e-14, 6.62071309235e-14, 5.5952641744e-14, 4.67506926455e-14, 6.78375541505e-14]
    },
    "mfcc": {
        "mean": [-719.194274902, 110.30115509, 28.2851467133, 13.4252176285, 0.879720032215, 3.20920348167, -2.76486778259, -3.11281514168, 1.4522125721, -1.6772762537, -3.37041473389, -0.371890187263, 2.39609956741],
        "cov": [[4924.91015625, 733.182678223, -731.987670898, -334.224517822, 0.473149061203, -56.1425361633, -140.901428223, -67.7755508423, -2.88529777527, -34.4915466309, -5.08857011795, 23.011341095, -1.59341216087], [733.182678223, 601.910522461, -101.52281189, -189.655166626, -39.7066802979, -12.1842727661, -14.3793964386, -3.57303023338, 9.46083450317, -7.97249317169, -18.0961093903, 3.10942912102, 20.4804706573], [-731.987670898, -101.52281189, 1195.70141602, 489.606384277, -61.0469474792, -7.7281255722, 123.50667572, -0.836212813854, -34.9377670288, 23.0740203857, -43.9273986816, -182.614074707, -117.465461731], [-334.224517822, -189.655166626, 489.606384277, 377.593994141, 63.6741981506, 36.5827636719, 67.9995880127, 20.13489151, 9.75683784485, 50.1762084961, 21.4273681641, -45.1901473999, -49.3529701233], [0.473149061203, -39.7066802979, -61.0469474792, 63.6741981506, 136.485519409, 70.9940490723, 26.0217437744, 42.2344322205, 37.7186126709, 42.1794471741, 45.6444664001, 49.9964637756, 27.5908966064], [-56.1425361633, -12.1842727661, -7.7281255722, 36.5827636719, 70.9940490723, 106.924888611, 54.3695640564, 31.6970119476, 31.8696842194, 31.5459804535, 37.0632667542, 36.6856651306, 26.9381084442], [-140.901428223, -14.3793964386, 123.50667572, 67.9995880127, 26.0217437744, 54.3695640564, 99.0938339233, 44.8117752075, 15.6084880829, 26.604932785, 17.2343082428, 1.1429066658, 4.8051366806], [-67.7755508423, -3.57303023338, -0.836212813854, 20.13489151, 42.2344322205, 31.6970119476, 44.8117752075, 82.2362823486, 44.002658844, 19.6576538086, 19.9148788452, 26.689994812, 24.1764431], [-2.88529777527, 9.46083450317, -34.9377670288, 9.75683784485, 37.7186126709, 31.8696842194, 15.6084880829, 44.002658844, 76.7945251465, 37.5892105103, 19.4218063354, 31.6353740692, 21.3770465851], [-34.4915466309, -7.97249317169, 23.0740203857, 50.1762084961, 42.1794471741, 31.5459804535, 26.604932785, 19.6576538086, 37.5892105103, 77.2212219238, 43.3878631592, 20.0649089813, 8.44738483429], [-5.08857011795, -18.0961093903, -43.9273986816, 21.4273681641, 45.6444664001, 37.0632667542, 17.2343082428, 19.9148788452, 19.4218063354, 43.3878631592, 81.5388565063, 52.5866012573, 18.4269504547], [23.011341095, 3.10942912102, -182.614074707, -45.1901473999, 49.9964637756, 36.6856651306, 1.1429066658, 26.689994812, 31.6353740692, 20.0649089813, 52.5866012573, 110.734420776, 57.7318153381], [-1.59341216087, 20.4804706573, -117.465461731, -49.3529701233, 27.5908966064, 26.9381084442, 4.8051366806, 24.1764431, 21.3770465851, 8.44738483429, 18.4269504547, 57.7318153381, 79.4244842529]],
