{
"lowlevel": {
    "average_loudness": 0.74186784029,
    "barkbands_crest": {
        "dmean": 2.84392666817,
        "dmean2": 4.44051218033,
        "dvar": 7.64025354385,
        "dvar2": 18.0693054199,
        "max": 24.918718338,
        "mean": 11.194029808,
        "median": 10.7551984787,
        "min": 2.46779131889,
        "var": 22.4964485168
    },
    "barkbands_flatness_db": {
        "dmean": 0.0342884510756,
        "dmean2": 0.0493000485003,
        "dvar": 0.00103334116284,
        "dvar2": 0.00213241018355,
        "max": 0.448533535004,
        "mean": 0.203019782901,
        "median": 0.198248013854,
        "min": 0.0693009793758,
        "var": 0.00347976014018
    },
    "barkbands_kurtosis": {
        "dmean": 4.55891275406,
        "dmean2": 6.85011768341,
        "dvar": 100.382369995,
        "dvar2": 214.745834351,
        "max": 155.273223877,
        "mean": 6.14646148682,
        "median": 1.3401594162,
        "min": -1.82856678963,
        "var": 203.535018921
    },
    "barkbands_skewness": {
        "dmean": 0.754149377346,
        "dmean2": 1.08901023865,
        "dvar": 0.727066993713,
        "dvar2": 1.41977441311,
        "max": 10.4291000366,
        "mean": 1.55834949017,
        "median": 1.10703420639,
        "min": -2.37045550346,
        "var": 3.02279067039
    },
    "barkbands_spread": {
        "dmean": 7.95978832245,
        "dmean2": 12.4485721588,
        "dvar": 105.410255432,
        "dvar2": 237.289276123,
        "max": 103.279846191,
        "mean": 20.0914173126,
        "median": 16.3838043213,
        "min": 0.622925579548,
        "var": 206.789611816
    },
    "dissonance": {
        "dmean": 0.0237250849605,
        "dmean2": 0.0383450724185,
        "dvar": 0.000582710315939,
        "dvar2": 0.00152248609811,
        "max": 0.5,
        "mean": 0.452331900597,
        "median": 0.4622425735,
        "min": 0.259562551975,
        "var": 0.00129203847609
    },
    "dynamic_complexity": 4.83029413223,
    "erbbands_crest": {
        "dmean": 2.42376351357,
        "dmean2": 3.80601406097,
        "dvar": 5.55725193024,
        "dvar2": 12.2652082443,
        "max": 28.9633808136,
        "mean": 8.74526309967,
        "median": 7.56084108353,
        "min": 2.45899605751,
        "var": 19.1051807404
    },
    "erbbands_flatness_db": {
        "dmean": 0.0254155956209,
        "dmean2": 0.0366866365075,
        "dvar": 0.000692441593856,
        "dvar2": 0.0014487238368,
        "max": 0.407112240791,
        "mean": 0.219448536634,
        "median": 0.211245030165,
        "min": 0.0927753597498,
        "var": 0.00380663736723
    },
    "erbbands_kurtosis": {
        "dmean": 1.07059192657,
        "dmean2": 1.70659124851,
        "dvar": 2.16940140724,
        "dvar2": 4.886469841,
        "max": 24.2562236786,
        "mean": 0.556373775005,
        "median": -0.0880897045135,
        "min": -1.73325955868,
        "var": 4.75385951996
    },
    "erbbands_skewness": {
        "dmean": 0.464667975903,
        "dmean2": 0.684807002544,
        "dvar": 0.197637066245,
        "dvar2": 0.41748175025,
        "max": 4.55486822128,
        "mean": 0.141712322831,
        "median": 0.144747033715,
        "min": -2.9324426651,
        "var": 0.662503480911
    },
    "erbbands_spread": {
        "dmean": 11.1216135025,
        "dmean2": 17.4182567596,
        "dvar": 165.555221558,
        "dvar2": 378.427398682,
        "max": 153.342941284,
        "mean": 36.7729682922,
        "median": 31.2640666962,
        "min": 4.78825759888,
        "var": 479.387084961
    },
    "hfc": {
        "dmean": 8.0641374588,
        "dmean2": 12.4020366669,
        "dvar": 163.879089355,
        "dvar2": 387.631530762,
        "max": 96.2474060059,
        "mean": 15.6520471573,
        "median": 9.40645980835,
        "min": 7.61041956139e-05,
        "var": 283.386505127
    },
    "melbands_crest": {
        "dmean": 3.02348065376,
        "dmean2": 4.67868375778,
        "dvar": 9.50916004181,
        "dvar2": 20.7208747864,
        "max": 33.7963447571,
        "mean": 14.5951938629,
        "median": 14.5181617737,
        "min": 2.30094504356,
        "var": 35.1081695557
    },
    "melbands_flatness_db": {
        "dmean": 0.046086024493,
        "dmean2": 0.0619899630547,
        "dvar": 0.00204805610701,
        "dvar2": 0.00398736959323,
        "max": 0.58622854948,
        "mean": 0.218456164002,
        "median": 0.218920022249,
        "min": 0.0236212592572,
        "var": 0.00862774159759
    },
    "melbands_kurtosis": {
        "dmean": 10.9164085388,
        "dmean2": 16.2038097382,
        "dvar": 547.351318359,
        "dvar2": 1186.6854248,
        "max": 382.56362915,
        "mean": 18.8066158295,
        "median": 5.35032653809,
        "min": -1.80925285816,
        "var": 1237.81726074
    },
    "melbands_skewness": {
        "dmean": 0.930692255497,
        "dmean2": 1.33513939381,
        "dvar": 1.23108386993,
        "dvar2": 2.40628910065,
        "max": 16.1080551147,
        "mean": 2.8164896965,
        "median": 2.06265974045,
        "min": -0.747522890568,
        "var": 5.73967504501
    },
    "melbands_spread": {
        "dmean": 12.2672100067,
        "dmean2": 18.7439842224,
        "dvar": 406.410827637,
        "dvar2": 847.493225098,
        "max": 197.361984253,
        "mean": 26.1592254639,
        "median": 17.1647186279,
        "min": 0.621147751808,
        "var": 757.352783203
    },
    "pitch_salience": {
        "dmean": 0.0831708461046,
        "dmean2": 0.126011058688,
        "dvar": 0.0062144305557,
        "dvar2": 0.0137247238308,
        "max": 0.875152885914,
        "mean": 0.510160148144,
        "median": 0.505903124809,
        "min": 0.113889329135,
        "var": 0.0200248789042
    },
    "silence_rate_20dB": {
        "dmean": 0,
        "dmean2": 0,
        "dvar": 0,
        "dvar2": 0,
        "max": 1,
        "mean": 1,
        "median": 1,
        "min": 1,
        "var": 0
    },
    "silence_rate_30dB": {
        "dmean": 0.0480247884989,
        "dmean2": 0.0960867851973,
        "dvar": 0.0457171909511,
        "dvar2": 0.0938274934888,
        "max": 1,
        "mean": 0.934959352016,
        "median": 1,
        "min": 0,
        "var": 0.0608077161014
    },
    "silence_rate_60dB": {
        "dmean": 0.0759101435542,
        "dmean2": 0.151879116893,
        "dvar": 0.0701483786106,
        "dvar2": 0.142759948969,
        "max": 1,
        "mean": 0.277971357107,
        "median": 0,
        "min": 0,
        "var": 0.200705811381
    },
    "spectral_centroid": {
        "dmean": 423.470428467,
        "dmean2": 626.093017578,
        "dvar": 302392.28125,
        "dvar2": 573654.3125,
        "max": 4650.04443359,
        "mean": 1420.31970215,
        "median": 1206.99658203,
        "min": 146.368453979,
        "var": 680556.4375
    },
    "spectral_complexity": {
        "dmean": 4.35321474075,
        "dmean2": 6.66485881805,
        "dvar": 34.703163147,
        "dvar2": 73.1522979736,
        "max": 49,
        "mean": 12.8586912155,
        "median": 11,
        "min": 0,
        "var": 80.8968658447
    },
    "spectral_decrease": {
        "dmean": 2.4674700061e-09,
        "dmean2": 3.7080729598e-09,
        "dvar": 2.86832553639e-17,
        "dvar2": 5.56969095271e-17,
        "max": -9.73845231344e-14,
        "mean": -7.2201316037e-09,
        "median": -2.88463763987e-09,
        "min": -5.38904956215e-08,
        "var": 9.00976505198e-17
    },
    "spectral_energy": {
        "dmean": 0.00983023736626,
        "dmean2": 0.0147953452542,
        "dvar": 0.000424320751335,
        "dvar2": 0.000828034535516,
        "max": 0.207757085562,
        "mean": 0.0286700557917,
        "median": 0.0131672052667,
        "min": 3.74454629082e-07,
        "var": 0.00134118658025
    },
    "spectral_energyband_high": {
        "dmean": 0.000760461553,
        "dmean2": 0.00123953830916,
        "dvar": 2.21777895604e-06,
        "dvar2": 5.29935732629e-06,
        "max": 0.0132978390902,
        "mean": 0.000769402307924,
        "median": 0.000120371092635,
        "min": 2.96458801952e-10,
        "var": 2.43755880547e-06
    },
    "spectral_energyband_low": {
        "dmean": 0.00708441575989,
        "dmean2": 0.00975626055151,
        "dvar": 0.000265786977252,
        "dvar2": 0.000506692042109,
        "max": 0.201548889279,
        "mean": 0.0170394796878,
        "median": 8.12870930531e-05,
        "min": 9.79078329522e-09,
        "var": 0.000761684845202
    },
    "spectral_energyband_middle_high": {
        "dmean": 0.00152580393478,
        "dmean2": 0.00219607562758,
        "dvar": 6.10520191913e-06,
        "dvar2": 1.08164076664e-05,
        "max": 0.0386459976435,
        "mean": 0.00422489317134,
        "median": 0.00200067902915,
        "min": 2.13288693374e-08,
        "var": 2.92530130537e-05
    },
    "spectral_energyband_middle_low": {
        "dmean": 0.00534942513332,
        "dmean2": 0.00828673597425,
        "dvar": 0.000269949290669,
        "dvar2": 0.000645443040412,
        "max": 0.156559184194,
        "mean": 0.00750936381519,
        "median": 0.00289256218821,
        "min": 9.48873122297e-08,
        "var": 0.000262263376499
    },
    "spectral_entropy": {
        "dmean": 0.322413980961,
        "dmean2": 0.449657738209,
        "dvar": 0.11670063436,
        "dvar2": 0.243888303638,
        "max": 8.66389942169,
        "mean": 7.36956787109,
        "median": 7.41474628448,
        "min": 5.5037856102,
        "var": 0.351021617651
    },
    "spectral_flux": {
        "dmean": 0.0288323182613,
        "dmean2": 0.0475219897926,
        "dvar": 0.00188560434617,
        "dvar2": 0.00438356539235,
        "max": 0.397312909365,
        "mean": 0.0722332149744,
        "median": 0.0526902228594,
        "min": 0.000611926952843,
        "var": 0.00465974258259
    },
    "spectral_kurtosis": {
        "dmean": 3.86887478828,
        "dmean2": 6.24072599411,
        "dvar": 40.7292747498,
        "dvar2": 97.4399719238,
        "max": 74.3677825928,
        "mean": 5.60341119766,
        "median": 3.29866409302,
        "min": -1.39195144176,
        "var": 72.8998336792
    },
    "spectral_rms": {
        "dmean": 0.000814681057818,
        "dmean2": 0.00118633219972,
        "dvar": 1.53437918016e-06,
        "dvar2": 2.72391957878e-06,
        "max": 0.0142369186506,
        "mean": 0.00427198782563,
        "median": 0.00358413928188,
        "min": 1.91133876797e-05,
        "var": 9.72093130258e-06
    },
    "spectral_rolloff": {
        "dmean": 826.877929688,
        "dmean2": 1377.16516113,
        "dvar": 2224470.25,
        "dvar2": 4547144,
        "max": 9603.80859375,
        "mean": 1819.68530273,
        "median": 1205.859375,
        "min": 64.599609375,
        "var": 4083936.5
    },
    "spectral_skewness": {
        "dmean": 0.488479495049,
        "dmean2": 0.72889226675,
        "dvar": 0.295845270157,
        "dvar2": 0.683957099915,
        "max": 6.48985433578,
        "mean": 1.5240572691,
        "median": 1.43804776669,
        "min": -0.0461286529899,
        "var": 0.744249343872
    },
    "spectral_spread": {
        "dmean": 724589.9375,
        "dmean2": 1087883.5,
        "dvar": 721649926144,
        "dvar2": 1.4732525568e+12,
        "max": 11425450,
        "mean": 4001488.25,
        "median": 3830980.25,
        "min": 915004.4375,
        "var": 2.25708579226e+12
    },
    "spectral_strongpeak": {
        "dmean": 0.402305394411,
        "dmean2": 0.665277123451,
        "dvar": 0.570148050785,
        "dvar2": 1.42917191982,
        "max": 10.0026111603,
        "mean": 0.767885565758,
        "median": 0.375723600388,
        "min": 0,
        "var": 1.26465976238
    },
    "zerocrossingrate": {
        "dmean": 0.0175049398094,
        "dmean2": 0.0200163144618,
        "dvar": 0.000422866287408,
        "dvar2": 0.00048583332682,
        "max": 0.33056640625,
        "mean": 0.0631311908364,
        "median": 0.0498046875,
        "min": 0.0029296875,
        "var": 0.00226875557564
    },
    "barkbands": {
        "dmean": [0.000329925504047, 0.00499945273623, 0.00349322031252, 0.00134225923102, 0.00346913700923, 0.000603776657954, 0.000344470696291, 0.000124405341921, 0.000483159034047, 0.000244130424107, 0.000286071794108, 0.000315009470796, 0.000321806088323, 0.000275492377114, 0.000241136964178, 0.000246471725404, 0.000123000369058, 0.000116126459034, 0.000107316118374, 0.000178730930202, 0.000163785167388, 0.000191469240235, 0.00023878486536, 0.000121169294289, 2.52415738942e-05, 2.9321570949e-08, 1.53600321351e-09],
        "dmean2": [0.00053272448713, 0.0075766230002, 0.00472246808931, 0.00214558420703, 0.00614791549742, 0.0010006877128, 0.000480786082335, 0.000193136394955, 0.000690182612743, 0.000370658090105, 0.000405891420087, 0.000429945648648, 0.000481803988805, 0.000408696912928, 0.000377322052373, 0.000361087819329, 0.000191280792933, 0.000179711030796, 0.000168039710843, 0.000293775228783, 0.000273938319879, 0.000310976378387, 0.000401375466026, 0.000189585989574, 4.10799366364e-05, 4.9778606126e-08, 2.74915756826e-09],
        "dvar": [6.37711707441e-07, 0.000145908910781, 0.000109162996523, 2.30304704019e-05, 0.000185519762454, 1.23140341657e-06, 8.5475664946e-07, 1.66622555753e-07, 1.41401039855e-06, 7.37492086955e-07, 5.90238926179e-07, 4.85387090521e-07, 7.75513001372e-07, 6.17681280346e-07, 3.29256607756e-07, 3.68934649941e-07, 1.51522442593e-07, 7.36507175247e-08, 3.28138547445e-08, 1.33802217306e-07, 1.16512303805e-07, 1.70606099914e-07, 2.20854019517e-07, 6.31021634945e-08, 3.12317061102e-09, 4.81348283376e-15, 5.42121931194e-17],
        "dvar2": [1.5302881593e-06, 0.00035591237247, 0.000215805877815, 4.78936672152e-05, 0.000502246955875, 3.09896586259e-06, 1.70765304119e-06, 3.66871375945e-07, 2.78060292658e-06, 1.7634311007e-06, 1.41882219395e-06, 8.94652259831e-07, 1.39901055718e-06, 1.14609463253e-06, 7.14931957191e-07, 6.97877680977e-07, 3.71234307295e-07, 1.56788459549e-07, 7.4838247599e-08, 3.12854012918e-07, 2.8870499591e-07, 4.07869947594e-07, 5.43604812719e-07, 1.39635872642e-07, 6.94632662501e-09, 1.21775783833e-14, 1.37185826714e-16],
        "max": [0.0128570115194, 0.156283199787, 0.125725150108, 0.05595728755, 0.116000942886, 0.0224353335798, 0.0332670621574, 0.00906099658459, 0.0249548424035, 0.0177447870374, 0.014507397078, 0.0161394830793, 0.0250854808837, 0.020178264007, 0.00897284690291, 0.0140212979168, 0.0107764536515, 0.00882986560464, 0.00277738785371, 0.00552722578868, 0.00257438444532, 0.00313013768755, 0.00459525501356, 0.00475672958419, 0.00121956143994, 8.6330845761e-07, 2.62904791271e-07],
        "mean": [0.000628307054285, 0.0106418170035, 0.00492104049772, 0.0016228047898, 0.0026085190475, 0.00119640526827, 0.000763605639804, 0.000163154822076, 0.00110810680781, 0.000467840378406, 0.000618506688625, 0.000686718558427, 0.000537286163308, 0.000461459479993, 0.000381445453968, 0.000426763726864, 0.000195112355868, 0.000187101890333, 0.000164302851772, 0.000182605479495, 0.000145446436363, 0.00016682317073, 0.00021134452254, 0.000151359170559, 3.20894359902e-05, 2.90062409647e-08, 1.2195932042e-09],
        "median": [5.18997658219e-05, 1.35283025884e-05, 2.68991834673e-06, 3.26984013554e-06, 0.000153594301082, 0.000462147523649, 0.000322440842865, 3.71056848962e-05, 0.000226587842917, 8.85583358468e-05, 0.00012780725956, 0.00018013783847, 8.99053411558e-05, 9.25167332753e-05, 0.000102254467492, 5.71673481318e-05, 4.99800262332e-05, 6.0531685449e-05, 4.41622032668e-05, 4.8002890253e-05, 2.58659165411e-05, 1.41401860674e-05, 1.80349870789e-05, 2.83069493889e-05, 3.87280670111e-06, 3.79026543484e-09, 1.69488700852e-10],
        "min": [3.08635589308e-10, 1.55005319691e-09, 5.11954992288e-11, 1.40338282661e-10, 1.52774415341e-08, 1.59511994724e-08, 1.08479127903e-08, 1.15313403271e-09, 1.06523936338e-08, 2.59071430975e-09, 4.66268845756e-09, 4.59480409276e-09, 2.99332514331e-09, 8.22566958991e-10, 2.5987605401e-09, 5.37727862238e-10, 5.08151631884e-10, 1.65620295256e-10, 1.26430116376e-10, 6.77488343204e-11, 4.96197770372e-11, 4.63098760728e-11, 3.94972700379e-11, 4.17502837857e-11, 2.00777814513e-11, 7.79866882877e-12, 1.04833104003e-11],
        "var": [2.47669890996e-06, 0.000283235567622, 0.000157802380272, 2.58311029029e-05, 0.000123397767311, 3.88033959098e-06, 3.43876445186e-06, 2.76029879842e-07, 5.74588830204e-06, 2.11637666325e-06, 2.10232428799e-06, 2.14643000618e-06, 2.27350301429e-06, 1.48799313138e-06, 7.72753537603e-07, 1.45505828186e-06, 2.90095528044e-07, 1.7558365073e-07, 6.7139183102e-08, 1.40122253356e-07, 1.02258837842e-07, 1.57880293727e-07, 2.19315282379e-07, 1.25359434833e-07, 7.78222197795e-09, 5.95245458013e-15, 4.08301975184e-17]
    },
    "erbbands": {
        "dmean": [0.135472893715, 1.19116723537, 3.23930859566, 4.00001907349, 11.7761936188, 8.91668701172, 2.83043670654, 6.50111198425, 5.29141998291, 3.07697939873, 3.69928336143, 10.2335062027, 8.62376976013, 9.4200220108, 11.0216808319, 9.60308551788, 13.2777414322, 14.6169118881, 12.2501411438, 9.38448905945, 13.9406766891, 7.14067697525, 5.77587270737, 5.82507753372, 6.79269266129, 7.80206632614, 5.53445196152, 7.31521701813, 7.99974489212, 7.37763929367, 6.40684509277, 2.90177822113, 1.78263199329, 0.560829222202, 0.0370299704373, 0.00166343548335, 0.000103203848994, 1.73481075763e-05, 8.50393917062e-06, 1.23534218801e-05],
        "dmean2": [0.197283685207, 1.86318981647, 4.19492387772, 5.85272312164, 19.8714008331, 16.0304870605, 4.47437953949, 10.9631309509, 7.38982343674, 4.727891922, 5.52476263046, 14.7425279617, 12.2476968765, 13.3190135956, 15.4880237579, 13.184047699, 19.6361503601, 20.8603820801, 18.3828449249, 14.1973619461, 20.1848926544, 10.6720237732, 8.79176330566, 9.3459405899, 10.7885513306, 12.9264669418, 9.35478591919, 12.1394252777, 13.2540359497, 12.4726610184, 10.6067447662, 4.53258132935, 2.81582593918, 0.906680285931, 0.0604687184095, 0.00269380491227, 0.000164060635143, 2.75069342024e-05, 1.30787293529e-05, 1.88269805221e-05],
        "dvar": [0.0865835100412, 9.31762218475, 79.4348602295, 155.812942505, 2128.25048828, 1153.71411133, 30.9758281708, 160.303939819, 269.53036499, 35.1391067505, 126.446784973, 908.963012695, 428.549621582, 533.448364258, 606.555419922, 434.064910889, 1609.70788574, 1801.91882324, 861.404907227, 492.712677002, 1272.72680664, 461.521453857, 170.190750122, 117.97568512, 148.022460938, 269.003051758, 133.240661621, 233.313812256, 332.14151001, 234.166732788, 160.986114502, 42.1535377502, 11.5075063705, 1.3188123703, 0.00938624702394, 1.63020122272e-05, 3.9778861094e-08, 9.59224477626e-10, 1.73698402883e-10, 5.35361366349e-10],
        "dvar2": [0.181386947632, 23.5180339813, 132.666015625, 320.908294678, 5323.91894531, 3210.35083008, 70.9886703491, 423.443969727, 537.019958496, 88.0969009399, 264.729888916, 1800.73400879, 895.729675293, 977.436096191, 1434.0201416, 814.876586914, 2695.96020508, 2866.84936523, 1841.61975098, 907.90045166, 2433.44140625, 1076.79174805, 325.6378479, 272.791107178, 341.04977417, 627.752075195, 338.356781006, 568.019714355, 817.864196777, 592.317687988, 390.589416504, 96.376625061, 24.7512207031, 2.85764837265, 0.0223489124328, 3.74589762941e-05, 8.5784783721e-08, 2.08802863888e-09, 3.87260973289e-10, 1.07078090839e-09],
        "max": [2.98994898796, 40.3252601624, 105.694831848, 200.521499634, 404.472320557, 297.84677124, 86.8451156616, 213.207885742, 597.759643555, 157.103134155, 212.546417236, 649.736633301, 402.248657227, 547.863464355, 493.599914551, 581.166137695, 1344.68457031, 1203.31408691, 504.26159668, 324.460968018, 954.668151855, 740.471191406, 381.428985596, 239.860565186, 140.844345093, 264.282012939, 133.038528442, 109.211647034, 137.029998779, 175.193130493, 139.716415405, 141.298110962, 63.0226860046, 22.8918991089, 3.11442995071, 0.128070294857, 0.00526070874184, 0.000565961294342, 0.00012122719636, 0.000232700214838],
        "mean": [0.339257448912, 2.29386639595, 5.55832958221, 5.79391860962, 9.26763153076, 6.82874727249, 5.77038669586, 11.7388124466, 12.2195796967, 5.82828760147, 6.17587852478, 22.8394260406, 21.5324001312, 22.7844219208, 24.2881660461, 21.128068924, 24.763841629, 27.7898674011, 22.1045017242, 14.681974411, 25.8528442383, 12.5066719055, 10.2995262146, 9.04091930389, 8.95728206635, 7.92333126068, 5.35882663727, 6.2228102684, 6.58973693848, 6.11526632309, 5.83354949951, 3.46903133392, 2.2813308239, 0.723803758621, 0.0486151352525, 0.00222639949061, 0.000144754070789, 2.35205043282e-05, 1.94481017388e-05, 3.45402986568e-05],
        "median": [0.00132188736461, 0.00168412982021, 0.00398835772648, 0.0131420744583, 0.0568901412189, 0.581386744976, 1.91098177433, 4.22972154617, 4.34609889984, 3.18758368492, 1.77230083942, 4.21953296661, 5.51724910736, 5.41748285294, 7.83849334717, 6.19430112839, 5.01335763931, 5.72578573227, 6.027115345, 4.28879213333, 3.51489138603, 3.35853242874, 3.36508536339, 2.94158053398, 3.0257794857, 1.96448767185, 1.23161101341, 0.843009769917, 0.533858895302, 0.462128937244, 0.536605536938, 0.612653136253, 0.414271950722, 0.101610906422, 0.00362137053162, 0.000216582950088, 3.37508827215e-05, 6.38470964986e-06, 1.33892199301e-05, 2.13970361074e-05],
        "min": [1.72759570205e-07, 4.58825013538e-07, 1.59027081281e-07, 5.80541325235e-07, 1.07568985186e-05, 0.000122714031022, 0.000146613179822, 7.39037786843e-05, 0.000115421447845, 0.00011700019968, 0.000102288424387, 0.000207971359487, 7.92155260569e-05, 0.000252270227065, 0.000117004805361, 0.000153099259478, 0.000113143752969, 0.000192351959413, 0.000107438238047, 8.17870750325e-05, 3.2726667996e-05, 2.98927006952e-05, 1.42074659379e-05, 7.94721199782e-06, 3.50451091435e-06, 2.93169568977e-06, 2.99985072161e-06, 1.43859313084e-06, 1.64371181199e-06, 1.36848484544e-06, 1.09892926048e-06, 8.5076680989e-07, 6.99652844105e-07, 3.0093406167e-07, 8.35282492062e-08, 4.52672068718e-08, 2.12835882252e-08, 7.61186136344e-09, 2.65364685781e-09, 8.94113838523e-10],
        "var": [0.259809076786, 15.6069869995, 159.292495728, 224.495132446, 1647.70251465, 735.883178711, 100.164398193, 407.339141846, 1113.85974121, 61.9880943298, 235.341201782, 3405.61938477, 2073.85498047, 2677.71337891, 2036.95544434, 2131.00610352, 4761.16796875, 5897.34472656, 2500.86865234, 909.661743164, 6064.61523438, 1036.43896484, 528.108642578, 228.085754395, 207.212768555, 281.265563965, 125.917633057, 204.820922852, 282.663330078, 203.026809692, 167.567169189, 72.1774368286, 26.5134601593, 3.43280172348, 0.0258327610791, 4.76234927191e-05, 1.17214334239e-07, 2.2789257148e-09, 4.66345961847e-10, 1.68285407831e-09]
    },
    "gfcc": {
        "mean": [-87.9761581421, 105.435188293, -168.862014771, 31.0164661407, -83.8534545898, 16.8362693787, -39.1647033691, -4.09468984604, -3.59599494934, -12.6716947556, 18.805896759, -9.95780563354, 15.9625558853],
        "cov": [[11717.1064453, -738.075927734, 1947.64306641, 2986.13208008, 1002.72802734, 1726.56103516, 639.619689941, 721.487426758, -184.041168213, -273.671875, -352.048675537, -540.62121582, -492.739929199], [-738.075927734, 2774.34912109, 911.944213867, 93.6873092651, 1464.11547852, 132.463256836, 602.266052246, 57.9124412537, 269.805664062, -274.061401367, 79.4795913696, -261.132720947, -108.088630676], [1947.64306641, 911.944213867, 1971.13964844, 1415.7076416, 956.259277344, 800.922729492, 434.571594238, 266.738922119, 18.689157486, -114.066398621, -210.393051147, -268.130218506, -232.290054321], [2986.13208008, 93.6873092651, 1415.7076416, 1769.77319336, 686.643798828, 770.569641113, 363.121612549, 222.809188843, 18.0836105347, -96.7293167114, -248.907821655, -226.262878418, -228.555328369], [1002.72802734, 1464.11547852, 956.259277344, 686.643798828, 1246.18994141, 398.774841309, 453.975463867, 185.241165161, 147.313751221, -189.374328613, -41.643119812, -240.136764526, -162.766220093], [1726.56103516, 132.463256836, 800.922729492, 770.569641113, 398.774841309, 636.347961426, 283.355499268, 166.793655396, -46.2080917358, -29.1167182922, -103.330535889, -175.318725586, -134.614364624], [639.619689941, 602.266052246, 434.571594238, 363.121612549, 453.975463867, 283.355499268, 401.410522461, 78.8358612061, 50.8513946533, -60.2354812622, 8.46404457092, -106.935066223, -102.572555542], [721.487426758, 57.9124412537, 266.738922119, 222.809188843, 185.241165161, 166.793655396, 78.8358612061, 228.188201904, 49.1090011597, 9.0442237854, 12.1871623993, -27.5811290741, -14.7255401611], [-184.041168213, 269.805664062, 18.689157486, 18.0836105347, 147.313751221, -46.2080917358, 50.8513946533, 49.1090011597, 185.956893921, 21.9058418274, 18.673456192, 37.7746047974, 26.7998638153], [-273.671875, -274.061401367, -114.066398621, -96.7293167114, -189.374328613, -29.1167182922, -60.2354812622, 9.0442237854, 21.9058418274, 131.918792725, 32.0333442688, 61.9856643677, 37.0116348267], [-352.048675537, 79.4795913696, -210.393051147, -248.907821655, -41.643119812, -103.330535889, 8.46404457092, 12.1871623993, 18.673456192, 32.0333442688, 157.985748291, 54.519859314, 46.5644226074], [-540.62121582, -261.132720947, -268.130218506, -226.262878418, -240.136764526, -175.318725586, -106.935066223, -27.5811290741, 37.7746047974, 61.9856643677, 54.519859314, 179.989486694, 86.623008728], [-492.739929199, -108.088630676, -232.290054321, -228.555328369, -162.766220093, -134.614364624, -102.572555542, -14.7255401611, 26.7998638153, 37.0116348267, 46.5644226074, 86.623008728, 120.183395386]],
        "icov": [[0.000241438887315, 0.00011475176143, 0.00018057115085, -0.00029929264565, 3.7158251871e-06, -0.000374966126401, 6.30144204479e-05, -0.00043373182416, -2.88082246698e-05, 0.000571632408537, -0.000204016178031, 0.000136261980515, 0.00026981238625], [0.00011475176143, 0.00387079082429, -0.00213633175008, 0.00220038695261, -0.00302736763842, 0.00134210567921, -0.00256603187881, 0.00220369407907, -0.00309065636247, 0.00285165873356, -0.00157778931316, 0.00277439178899, -0.00208697933704], [0.00018057115085, -0.00213633175008, 0.00318277208135, -0.00227630790323, 0.000894819560926, -0.00186975381803, 0.00162629014812, -0.00206651515327, 0.0022822197061, -0.00155096838716, 0.00140484550502, -0.00180478626862, 0.00161935167853], [-0.00029929264565, 0.00220038695261, -0.00227630790323, 0.00368318613619, -0.00175099843182, 0.000128483312437, -0.00157200649846, 0.00185776955914, -0.00256013893522, 0.00143185292836, 0.000462992029497, 0.000907486130018, -0.000688416592311], [3.7158251871e-06, -0.00302736763842, 0.000894819560926, -0.00175099843182, 0.00532465800643, -0.00111584446859, 0.000941797625273, -0.00235277600586, 9.55569248617e-06, 0.000732233864255, 0.000106886138383, -0.000358300341759, 0.00215828279033], [-0.000374966126401, 0.00134210567921, -0.00186975381803, 0.000128483312437, -0.00111584446859, 0.00762821082026, -0.00394114479423, -0.000529421435203, 0.00176429271232, -0.00251074088737, 0.00109533267096, 0.00297936028801, -0.00228733173572], [6.30144204479e-05, -0.00256603187881, 0.00162629014812, -0.00157200649846, 0.000941797625273, -0.00394114479423, 0.00826232694089, -0.000503921299241, -1.75250752363e-05, -0.000354418501956, -0.00208977796137, -0.00224183383398, 0.00449386518449], [-0.00043373182416, 0.00220369407907, -0.00206651515327, 0.00185776955914, -0.00235277600586, -0.000529421435203, -0.000503921299241, 0.00924857892096, -0.00384167511947, 0.000274661928415, -0.00291505735368, 0.00137558556162, -0.00242377514951], [-2.88082246698e-05, -0.00309065636247, 0.0022822197061, -0.00256013893522, 9.55569248617e-06, 0.00176429271232, -1.75250752363e-05, -0.00384167511947, 0.012720500119, -0.0063885091804, 0.00352011225186, -0.00432804459706, -0.000965460494626], [0.000571632408537, 0.00285165873356, -0.00155096838716, 0.00143185292836, 0.000732233864255, -0.00251074088737, -0.000354418501956, 0.000274661928415, -0.0063885091804, 0.016496097669, -0.00424953503534, 0.000606309913564, 9.81298362603e-05], [-0.000204016178031, -0.00157778931316, 0.00140484550502, 0.000462992029497, 0.000106886138383, 0.00109533267096, -0.00208977796137, -0.00291505735368, 0.00352011225186, -0.00424953503534, 0.012267626822, -0.00296502117999, -0.00152104196604], [0.000136261980515, 0.00277439178899, -0.00180478626862, 0.000907486130018, -0.000358300341759, 0.00297936028801, -0.00224183383398, 0.00137558556162, -0.00432804459706, 0.000606309913564, -0.00296502117999, 0.0141799869016, -0.00589472567663], [0.00026981238625, -0.00208697933704, 0.00161935167853, -0.000688416592311, 0.00215828279033, -0.00228733173572, 0.00449386518449, -0.00242377514951, -0.000965460494626, 9.81298362603e-05, -0.00152104196604, -0.00589472567663, 0.0182930249721]]
    },
    "melbands": {
        "dmean": [0.00129814469256, 0.00148392410483, 0.000756794062909, 0.000894716242328, 0.000112843736133, 0.000133940528031, 7.65932927607e-05, 2.98295326502e-05, 3.3982370951e-05, 7.12413311703e-05, 4.47667880508e-05, 3.94953785872e-05, 3.54149051418e-05, 3.59977493645e-05, 2.65159960691e-05, 3.58886027243e-05, 2.6037938369e-05, 2.00438134925e-05, 1.7269880118e-05, 1.45853473441e-05, 1.62826690939e-05, 8.29234795674e-06, 4.7904186431e-06, 6.06639650869e-06, 4.88395744469e-06, 3.50800291926e-06, 8.12794496596e-06, 4.39401037511e-06, 3.58748161489e-06, 3.30815146299e-06, 4.36315485786e-06, 5.00461965203e-06, 3.45835678672e-06, 4.69486121801e-06, 4.2189785745e-06, 2.34189542425e-06, 1.60199238053e-06, 1.43895294968e-06, 8.67441031005e-07, 3.46826368514e-07],
        "dmean2": [0.00188772182446, 0.00203532888554, 0.0011175533291, 0.00157749978825, 0.000184368414921, 0.000223631344852, 0.000106641033199, 4.58035137854e-05, 5.14991115779e-05, 0.000101970450487, 6.38631099719e-05, 5.650332605e-05, 5.01742979395e-05, 4.80632152176e-05, 3.91191570088e-05, 5.32133635716e-05, 3.71285168512e-05, 3.00832598441e-05, 2.67101240752e-05, 2.1469875719e-05, 2.38015309151e-05, 1.27944977066e-05, 7.12515384294e-06, 9.45271403907e-06, 7.97496159066e-06, 5.33731463292e-06, 1.34342844831e-05, 7.29201747163e-06, 6.04673368798e-06, 5.60562693863e-06, 7.18149522072e-06, 8.42576992e-06, 5.59577711101e-06, 8.08394452179e-06, 7.06950640961e-06, 3.73767784367e-06, 2.5431031645e-06, 2.29414899877e-06, 1.41150894706e-06, 5.60889588996e-07],
        "dvar": [8.73647150001e-06, 1.42944236359e-05, 5.88470220464e-06, 1.28154515551e-05, 5.40520908032e-08, 6.56473133631e-08, 4.7209525178e-08, 3.81181131104e-09, 1.0537750228e-08, 4.14379748293e-08, 1.26821051438e-08, 1.03184296663e-08, 8.51168291405e-09, 5.47689671393e-09, 6.4098384378e-09, 1.04293862435e-08, 5.59243851228e-09, 2.58485566285e-09, 1.8974672944e-09, 1.40006306548e-09, 1.78365000547e-09, 8.06879618676e-10, 1.84763496169e-10, 2.47673437315e-10, 7.85094489419e-11, 3.76371156463e-11, 2.83386702993e-10, 8.90127346831e-11, 5.71289612838e-11, 4.45550575601e-11, 8.24786558495e-11, 1.40976438856e-10, 5.52125567488e-11, 9.51398126947e-11, 7.21738432907e-11, 2.19016575709e-11, 1.70068837485e-11, 7.62302287266e-12, 2.91246714246e-12, 6.32096154932e-13],
        "dvar2": [1.98530888156e-05, 2.57565734501e-05, 1.08292206278e-05, 3.43565625371e-05, 1.37190156124e-07, 1.70236233998e-07, 9.53561496431e-08, 9.00147867355e-09, 2.14528945719e-08, 8.06629074646e-08, 2.75269798067e-08, 2.02117060866e-08, 2.18515161521e-08, 1.00053068053e-08, 1.17477059192e-08, 1.80303860731e-08, 9.0344638437e-09, 5.48195089323e-09, 3.98834076876e-09, 2.5991369057e-09, 3.50844198138e-09, 2.05810923859e-09, 4.00957655966e-10, 4.76270356486e-10, 1.89128421257e-10, 8.30896532134e-11, 6.94654389566e-10, 2.03644406893e-10, 1.47948570062e-10, 1.0929822325e-10, 1.99833538606e-10, 3.56320722927e-10, 1.34392899587e-10, 2.45852754821e-10, 1.76613335068e-10, 4.94900162518e-11, 4.03655234238e-11, 1.67771647269e-11, 6.52624135289e-12, 1.39175585119e-12],
        "max": [0.0353848412633, 0.0430510677397, 0.0309659056365, 0.0311789568514, 0.00280425674282, 0.00453736679628, 0.00777179421857, 0.00165062292945, 0.00162849819753, 0.00451315334067, 0.00226594577543, 0.00209840992466, 0.00192000740208, 0.00182773650158, 0.00284100393765, 0.00288503384218, 0.00204086746089, 0.000953612732701, 0.000826361123472, 0.000702939927578, 0.00119204469956, 0.000875936937518, 0.000445572164608, 0.000619646860287, 0.000143926896271, 0.000123186313431, 0.00015408769832, 0.000213031948078, 0.000105920516944, 5.78691760893e-05, 6.31777002127e-05, 9.41812104429e-05, 5.5971006077e-05, 0.000113125293865, 7.51116749598e-05, 9.58840755629e-05, 9.00172453839e-05, 5.74666992179e-05, 2.78607312794e-05, 1.85597618838e-05],
        "mean": [0.00304029020481, 0.00297274324112, 0.0011169660138, 0.000652301416267, 0.000194525564439, 0.000255912629655, 0.000179091468453, 5.24019960721e-05, 5.37285559403e-05, 0.000163183009136, 0.000107664840471, 9.11006936803e-05, 7.57671077736e-05, 7.90873164078e-05, 4.91179998789e-05, 6.44544779789e-05, 4.69320220873e-05, 3.4337022953e-05, 2.56817711488e-05, 2.15741692955e-05, 2.9285745768e-05, 1.27513503685e-05, 8.23496338853e-06, 9.82002075034e-06, 7.03666182744e-06, 5.86239912082e-06, 8.08075765235e-06, 4.40141502622e-06, 3.43326428265e-06, 3.02484522763e-06, 3.64227889804e-06, 3.95158667743e-06, 3.02197167912e-06, 3.73071156901e-06, 3.63736080544e-06, 2.55018721873e-06, 1.96311566469e-06, 1.80017968887e-06, 1.04927710254e-06, 4.42843827386e-07],
        "median": [1.68028982444e-05, 2.20672086471e-06, 2.47519574259e-06, 1.79594535439e-05, 6.18421472609e-05, 9.24217383726e-05, 7.34657296562e-05, 2.68618659902e-05, 1.14955400932e-05, 2.85920541501e-05, 2.42299847741e-05, 1.97529952857e-05, 2.24753239308e-05, 2.15317486436e-05, 7.12054679752e-06, 1.03896009023e-05, 9.10131802812e-06, 7.6091992014e-06, 7.48274351281e-06, 3.42479370374e-06, 3.56938539881e-06, 3.31305591317e-06, 2.53681014328e-06, 3.00023202726e-06, 2.05727587854e-06, 1.64028699601e-06, 2.28347448683e-06, 8.88622082584e-07, 7.45319766793e-07, 6.63126968448e-07, 3.77474435709e-07, 2.97981245012e-07, 2.37800676928e-07, 2.54210902995e-07, 2.79254862789e-07, 3.61952487538e-07, 3.65460465446e-07, 3.23840339433e-07, 1.73746329324e-07, 3.80705778014e-08],
        "min": [1.40495659551e-09, 7.9212580939e-11, 6.62351354319e-11, 1.61803392906e-09, 4.86958207091e-09, 2.00880845291e-09, 2.04147787564e-09, 3.24868187906e-10, 1.18261644921e-09, 1.2774313829e-09, 3.38928163313e-10, 9.65808100162e-10, 4.14807854732e-10, 6.6313288194e-10, 7.53784604179e-11, 3.88210019686e-10, 3.57174734233e-10, 1.29496940948e-10, 2.3922017145e-10, 3.44322868828e-11, 3.30127210291e-11, 2.69851120616e-11, 2.69075491055e-11, 5.61657794926e-12, 6.86763666768e-12, 3.20796579405e-12, 2.21362663443e-12, 1.84120318818e-12, 1.90989585258e-12, 1.27031154692e-12, 2.33652940745e-13, 8.96835882468e-13, 9.20793281033e-13, 7.05844399856e-13, 5.61275797974e-13, 6.77127028493e-13, 4.7773590639e-13, 5.66196395324e-13, 3.08395561692e-13, 2.34701120301e-13],
        "var": [2.09517984331e-05, 3.34911601385e-05, 9.10513335839e-06, 8.65479614731e-06, 1.06899214813e-07, 1.87331764323e-07, 1.92357575202e-07, 6.66811317274e-09, 2.05877253023e-08, 1.65292334486e-07, 5.69970737274e-08, 4.40346639152e-08, 2.32625136931e-08, 2.39898483301e-08, 3.40270496224e-08, 3.34234329102e-08, 1.76065029223e-08, 7.3473271911e-09, 3.66309915734e-09, 2.85119261534e-09, 8.60684146176e-09, 1.25901611359e-09, 4.49757453502e-10, 6.91231238914e-10, 1.31992416996e-10, 1.00013615445e-10, 2.63860350236e-10, 9.96009455467e-11, 5.37791061683e-11, 4.08228104098e-11, 7.30715071784e-11, 1.12806479435e-10, 5.12115176654e-11, 7.80993394955e-11, 6.85899601005e-11, 3.49410986256e-11, 2.73259991024e-11, 1.66224950471e-11, 6.29134288069e-12, 1.67876660923e-12]
    },
    "mfcc": {
        "mean": [-700.317382812, 105.352180481, -15.145860672, -3.55879592896, -7.19381523132, -3.35456323624, -7.00514316559, -1.04078161716, -10.6857404709, 2.7144215107, -7.11948251724, 3.48797416687, 1.89410948753],
        "cov": [[10383.0273438, -1336.15063477, 1080.16918945, 1670.99377441, 1055.89465332, 1150.62365723, 986.352905273, 993.718811035, 343.211547852, 487.639434814, 135.989959717, 8.84585857391, -203.790008545], [-1336.15063477, 2619.94262695, -2.32798361778, 232.870254517, 703.696716309, 166.193954468, 455.198730469, 315.093292236, 189.187469482, 160.14982605, 128.130813599, 33.6902885437, -43.9487457275], [1080.16918945, -2.32798361778, 1355.1027832, 790.946289062, 564.690917969, 639.52331543, 443.92956543, 337.888305664, 285.183166504, 147.494293213, 87.9284973145, 24.8136520386, -48.6430892944], [1670.99377441, 232.870254517, 790.946289062, 1093.55847168, 704.623596191, 629.528808594, 440.828430176, 434.954071045, 286.920684814, 167.016235352, 105.05721283, 44.9370536804, -62.0992698669], [1055.89465332, 703.696716309, 564.690917969, 704.623596191, 861.065246582, 437.341064453, 437.91519165, 382.067108154, 264.66784668, 196.576187134, 84.9585037231, 40.3310241699, -61.3352546692], [1150.62365723, 166.193954468, 639.52331543, 629.528808594, 437.341064453, 651.282287598, 403.767364502, 303.025360107, 204.906799316, 150.873443604, 104.273780823, -17.5682945251, -52.3400230408], [986.352905273, 455.198730469, 443.92956543, 440.828430176, 437.91519165, 403.767364502, 555.782226562, 314.039611816, 114.289733887, 187.105606079, 96.061088562, -7.4677772522, -83.2044830322], [993.718811035, 315.093292236, 337.888305664, 434.954071045, 382.067108154, 303.025360107, 314.039611816, 336.393249512, 164.040237427, 112.163246155, 76.9092407227, 28.5865097046, -19.0381660461], [343.211547852, 189.187469482, 285.183166504, 286.920684814, 264.66784668, 204.906799316, 114.289733887, 164.040237427, 216.148605347, 69.3518600464, 45.0127220154, 38.9386978149, 9.70866203308], [487.639434814, 160.14982605, 147.494293213, 167.016235352, 196.576187134, 150.873443604, 187.105606079, 112.163246155, 69.3518600464, 169.016433716, 56.0109596252, 5.07325029373, -25.9275512695], [135.989959717, 128.130813599, 87.9284973145, 105.05721283, 84.9585037231, 104.273780823, 96.061088562, 76.9092407227, 45.0127220154, 56.0109596252, 107.792228699, 13.5648431778, 11.5353946686], [8.84585857391, 33.6902885437, 24.8136520386, 44.9370536804, 40.3310241699, -17.5682945251, -7.4677772522, 28.5865097046, 38.9386978149, 5.07325029373, 13.5648431778, 104.312522888, 49.8281898499], [-203.790008545, -43.9487457275, -48.6430892944, -62.0992698669, -61.3352546692, -52.3400230408, -83.2044830322, -19.0381660461, 9.70866203308, -25.9275512695, 11.5353946686, 49.8281898499, 103.893493652]],
