{
"lowlevel": {
    "average_loudness": 0.918890953064,
    "barkbands_crest": {
        "dmean": 2.06972098351,
        "dmean2": 2.82936954498,
        "dvar": 3.650400877,
        "dvar2": 8.50911235809,
        "max": 26.2537994385,
        "mean": 15.1701879501,
        "median": 14.7226858139,
        "min": 4.38382434845,
        "var": 18.7430171967
    },
    "barkbands_flatness_db": {
        "dmean": 0.0198522973806,
        "dmean2": 0.0263817366213,
        "dvar": 0.000446474266937,
        "dvar2": 0.000889811199158,
        "max": 0.431870192289,
        "mean": 0.28498262167,
        "median": 0.284964650869,
        "min": 0.0579444132745,
        "var": 0.00326684466563
    },
    "barkbands_kurtosis": {
        "dmean": 13.7098321915,
        "dmean2": 18.8863639832,
        "dvar": 351.227142334,
        "dvar2": 746.002685547,
        "max": 367.25668335,
        "mean": 30.4470348358,
        "median": 22.4235172272,
        "min": -1.81124126911,
        "var": 963.974365234
    },
    "barkbands_skewness": {
        "dmean": 0.929859280586,
        "dmean2": 1.22475194931,
        "dvar": 0.733852803707,
        "dvar2": 1.45988428593,
        "max": 12.5182294846,
        "mean": 3.57575130463,
        "median": 3.32113552094,
        "min": -0.576393425465,
        "var": 3.71538448334
    },
    "barkbands_spread": {
        "dmean": 1.61563682556,
        "dmean2": 2.22204732895,
        "dvar": 20.9356498718,
        "dvar2": 35.3519821167,
        "max": 80.0248947144,
        "mean": 4.55517292023,
        "median": 2.91840076447,
        "min": 0.308498501778,
        "var": 59.6994438171
    },
    "dissonance": {
        "dmean": 0.0429520756006,
        "dmean2": 0.0677399039268,
        "dvar": 0.00118809239939,
        "dvar2": 0.00306612765417,
        "max": 0.495646029711,
        "mean": 0.376665353775,
        "median": 0.383904367685,
        "min": 0.148468703032,
        "var": 0.0038572747726
    },
    "dynamic_complexity": 3.95961308479,
    "erbbands_crest": {
        "dmean": 2.77904891968,
        "dmean2": 4.05665540695,
        "dvar": 6.25109672546,
        "dvar2": 12.8806638718,
        "max": 30.4468536377,
        "mean": 13.2965068817,
        "median": 12.5556716919,
        "min": 4.74197006226,
        "var": 17.7882175446
    },
    "erbbands_flatness_db": {
        "dmean": 0.0170702505857,
        "dmean2": 0.0211814790964,
        "dvar": 0.000269158277661,
        "dvar2": 0.000444604054792,
        "max": 0.409231036901,
        "mean": 0.251801401377,
        "median": 0.250483095646,
        "min": 0.0849792808294,
        "var": 0.00245835655369
    },
    "erbbands_kurtosis": {
        "dmean": 3.84081077576,
        "dmean2": 5.50594997406,
        "dvar": 34.7177467346,
        "dvar2": 75.6228179932,
        "max": 116.815414429,
        "mean": 7.12234592438,
        "median": 4.98662567139,
        "min": -1.81370663643,
        "var": 71.5988693237
    },
    "erbbands_skewness": {
        "dmean": 0.60262799263,
        "dmean2": 0.793868839741,
        "dvar": 0.274712651968,
        "dvar2": 0.535852730274,
        "max": 8.23671913147,
        "mean": 1.67996239662,
        "median": 1.62951111794,
        "min": -1.23925065994,
        "var": 1.32843267918
    },
    "erbbands_spread": {
        "dmean": 4.179438591,
        "dmean2": 5.90757417679,
        "dvar": 46.406993866,
        "dvar2": 85.3971328735,
        "max": 114.087791443,
        "mean": 16.2782554626,
        "median": 13.2076473236,
        "min": 1.31032085419,
        "var": 166.975860596
    },
    "hfc": {
        "dmean": 2.61308908463,
        "dmean2": 3.26938033104,
        "dvar": 25.940486908,
        "dvar2": 42.2110176086,
        "max": 169.471847534,
        "mean": 9.51101589203,
        "median": 6.91367530823,
        "min": 1.55068464665e-05,
        "var": 137.75479126
    },
    "melbands_crest": {
        "dmean": 2.33643126488,
        "dmean2": 3.25195431709,
        "dvar": 4.87497377396,
        "dvar2": 11.4406690598,
        "max": 32.9773139954,
        "mean": 17.7229576111,
        "median": 17.2092132568,
        "min": 6.73876047134,
        "var": 25.0990371704
    },
    "melbands_flatness_db": {
        "dmean": 0.0214401539415,
        "dmean2": 0.0282208584249,
        "dvar": 0.000626466120593,
        "dvar2": 0.00117374479305,
        "max": 0.531051814556,
        "mean": 0.377204686403,
        "median": 0.378183066845,
        "min": 0.0887076184154,
        "var": 0.00466785673052
    },
    "melbands_kurtosis": {
        "dmean": 10.940366745,
        "dmean2": 15.2047214508,
        "dvar": 214.928115845,
        "dvar2": 499.583709717,
        "max": 219.205078125,
        "mean": 23.6847877502,
        "median": 16.0851993561,
        "min": -1.31103897095,
        "var": 611.507446289
    },
    "melbands_skewness": {
        "dmean": 0.745515465736,
        "dmean2": 0.99598556757,
        "dvar": 0.47999510169,
        "dvar2": 1.02544569969,
        "max": 12.0832290649,
        "mean": 2.96553635597,
        "median": 2.72842907906,
        "min": -0.79802519083,
        "var": 2.30192303658
    },
    "melbands_spread": {
        "dmean": 1.82103872299,
        "dmean2": 2.52100205421,
        "dvar": 21.9338588715,
        "dvar2": 45.9749832153,
        "max": 105.013572693,
        "mean": 5.20664024353,
        "median": 3.46006584167,
        "min": 0.530900835991,
        "var": 59.2282524109
    },
    "pitch_salience": {
        "dmean": 0.0588192418218,
        "dmean2": 0.0812936797738,
        "dvar": 0.00269523612224,
        "dvar2": 0.00590412737802,
        "max": 0.82858812809,
        "mean": 0.476402342319,
        "median": 0.481692045927,
        "min": 0.118338055909,
        "var": 0.0128845693544
    },
    "silence_rate_20dB": {
        "dmean": 0,
        "dmean2": 0,
        "dvar": 0,
        "dvar2": 0,
        "max": 1,
        "mean": 1,
        "median": 1,
        "min": 1,
        "var": 0
    },
    "silence_rate_30dB": {
        "dmean": 0.00773993786424,
        "dmean2": 0.0154918665066,
        "dvar": 0.00768005661666,
        "dvar2": 0.015251904726,
        "max": 1,
        "mean": 0.989172458649,
        "median": 1,
        "min": 0,
        "var": 0.0107103390619
    },
    "silence_rate_60dB": {
        "dmean": 0.0170278642327,
        "dmean2": 0.0340821072459,
        "dvar": 0.0167378894985,
        "dvar2": 0.0344707109034,
        "max": 1,
        "mean": 0.109822116792,
        "median": 0,
        "min": 0,
        "var": 0.0977624058723
    },
    "spectral_centroid": {
        "dmean": 65.4028320312,
        "dmean2": 91.2661361694,
        "dvar": 36643.1914062,
        "dvar2": 75599.7109375,
        "max": 3931.65771484,
        "mean": 396.070587158,
        "median": 327.192962646,
        "min": 193.231567383,
        "var": 102583.3125
    },
    "spectral_complexity": {
        "dmean": 1.20433437824,
        "dmean2": 2.00619673729,
        "dvar": 2.06815099716,
        "dvar2": 5.08748149872,
        "max": 28,
        "mean": 7.32559919357,
        "median": 7,
        "min": 0,
        "var": 9.70449066162
    },
    "spectral_decrease": {
        "dmean": 1.58741630951e-09,
        "dmean2": 2.02327976595e-09,
        "dvar": 4.30855095945e-18,
        "dvar2": 8.91995342066e-18,
        "max": -3.63675755838e-15,
        "mean": -6.68901556367e-09,
        "median": -5.77210235164e-09,
        "min": -3.73747397475e-08,
        "var": 2.98225477652e-17
    },
    "spectral_energy": {
        "dmean": 0.00619509397075,
        "dmean2": 0.00788022391498,
        "dvar": 6.47780834697e-05,
        "dvar2": 0.000133916706545,
        "max": 0.145764619112,
        "mean": 0.0261085703969,
        "median": 0.0226753689349,
        "min": 1.54088652948e-08,
        "var": 0.000451793515822
    },
    "spectral_energyband_high": {
        "dmean": 8.7233413069e-05,
        "dmean2": 0.00012465447071,
        "dvar": 4.42367507958e-07,
        "dvar2": 7.90757326286e-07,
        "max": 0.0238961223513,
        "mean": 0.000165478239069,
        "median": 2.2946513127e-05,
        "min": 7.72219233003e-10,
        "var": 1.42463591146e-06
    },
    "spectral_energyband_low": {
        "dmean": 0.000733888009563,
        "dmean2": 0.000968534091953,
        "dvar": 3.23499375554e-06,
        "dvar2": 5.94199673287e-06,
        "max": 0.0373902693391,
        "mean": 0.00214863661677,
        "median": 0.000719465024304,
        "min": 1.31842137208e-09,
        "var": 1.38742434501e-05
    },
    "spectral_energyband_middle_high": {
        "dmean": 0.000782139250077,
        "dmean2": 0.00102855579462,
        "dvar": 2.86753333967e-06,
        "dvar2": 4.93979359817e-06,
        "max": 0.0264961011708,
        "mean": 0.0014008351136,
        "median": 0.000460397452116,
        "min": 1.24375210131e-09,
        "var": 7.58801661505e-06
    },
    "spectral_energyband_middle_low": {
        "dmean": 0.0059666140005,
        "dmean2": 0.00762119702995,
        "dvar": 6.16429242655e-05,
        "dvar2": 0.000127888022689,
        "max": 0.13643938303,
        "mean": 0.0245029963553,
        "median": 0.0211734473705,
        "min": 1.0630525793e-08,
        "var": 0.00041745530325
    },
    "spectral_entropy": {
        "dmean": 0.189183428884,
        "dmean2": 0.241709813476,
        "dvar": 0.0507013052702,
        "dvar2": 0.0879279896617,
        "max": 8.4109172821,
        "mean": 5.98102807999,
        "median": 5.9288315773,
        "min": 4.48408031464,
        "var": 0.369154363871
    },
    "spectral_flux": {
        "dmean": 0.014547358267,
        "dmean2": 0.0235582347959,
        "dvar": 0.000344896427123,
        "dvar2": 0.000977243296802,
        "max": 0.180337190628,
        "mean": 0.0460997112095,
        "median": 0.0411398410797,
        "min": 0.000124132449855,
        "var": 0.000865446927492
    },
    "spectral_kurtosis": {
        "dmean": 4.20914363861,
        "dmean2": 6.39248132706,
        "dvar": 21.8610477448,
        "dvar2": 45.0690422058,
        "max": 70.6643981934,
        "mean": 17.6073665619,
        "median": 14.8400344849,
        "min": -0.121077299118,
        "var": 146.592849731
    },
    "spectral_rms": {
        "dmean": 0.000562078028452,
        "dmean2": 0.000696517061442,
        "dvar": 3.70302416286e-07,
        "dvar2": 8.04088358564e-07,
        "max": 0.0119251571596,
        "mean": 0.00458663888276,
        "median": 0.00470343604684,
        "min": 3.8772463995e-06,
        "var": 4.43451608589e-06
    },
    "spectral_rolloff": {
        "dmean": 148.798660278,
        "dmean2": 251.475982666,
        "dvar": 328678.375,
        "dvar2": 581354.625,
        "max": 11369.53125,
        "mean": 546.473999023,
        "median": 387.59765625,
        "min": 150.732421875,
        "var": 732076.625
    },
    "spectral_skewness": {
        "dmean": 0.382118731737,
        "dmean2": 0.54899007082,
        "dvar": 0.153113514185,
        "dvar2": 0.275597214699,
        "max": 7.01484489441,
        "mean": 3.4576151371,
        "median": 3.40387630463,
        "min": 0.416642874479,
        "var": 1.29318642616
    },
    "spectral_spread": {
        "dmean": 480771.0625,
        "dmean2": 660796.75,
        "dvar": 261057347584,
        "dvar2": 421235392512,
        "max": 11836983,
        "mean": 3804464,
        "median": 3564096,
        "min": 925698.875,
        "var": 2.26711437312e+12
    },
    "spectral_strongpeak": {
        "dmean": 0.298785805702,
        "dmean2": 0.461888194084,
        "dvar": 0.269492596388,
        "dvar2": 0.630454063416,
        "max": 5.57401657104,
        "mean": 1.0137193203,
        "median": 0.883566915989,
        "min": 0.000324234046275,
        "var": 0.533050298691
    },
    "zerocrossingrate": {
        "dmean": 0.00442514335737,
        "dmean2": 0.00524892890826,
        "dvar": 8.74886391102e-05,
        "dvar2": 8.0918900494e-05,
        "max": 0.2529296875,
        "mean": 0.0225164499134,
        "median": 0.01806640625,
        "min": 0.0068359375,
        "var": 0.000484962831251
    },
    "barkbands": {
        "dmean": [3.55599081558e-06, 7.67697656556e-06, 0.000241095971433, 0.00127277628053, 0.00376778189093, 0.001662802184, 0.000626288354397, 0.000227644792176, 0.000431157212006, 0.00093077874044, 0.000160559648066, 0.000149521685671, 4.71059756819e-05, 1.87555506272e-05, 2.83917543129e-05, 2.35028928728e-05, 1.98504567379e-05, 5.36504967386e-06, 5.8814644035e-06, 9.712019164e-06, 3.93326226913e-05, 1.85633798537e-05, 1.35684676934e-05, 8.28651354823e-06, 1.23835925478e-05, 7.59240674597e-06, 5.18668912264e-07],
        "dmean2": [6.48645664114e-06, 1.1800521861e-05, 0.000305838184431, 0.00182681891602, 0.00496479077265, 0.00181574968155, 0.000673553033266, 0.000300303800032, 0.000512636557687, 0.00110979680903, 0.000234765800997, 0.000227248703595, 7.86307937233e-05, 3.0051005524e-05, 5.24389070051e-05, 4.35806723544e-05, 3.57494209311e-05, 9.34917716222e-06, 9.45517604123e-06, 1.4968504729e-05, 6.21640283498e-05, 2.61946279352e-05, 1.63038203027e-05, 1.10857672553e-05, 1.61134685186e-05, 1.03909178506e-05, 8.72992075074e-07],
        "dvar": [3.61315283248e-11, 8.45001457694e-10, 6.00841076448e-07, 7.198741514e-06, 4.07492261729e-05, 5.82220218348e-06, 1.27757141399e-06, 2.85699684355e-07, 9.16392934869e-07, 6.29111082162e-06, 3.14693636483e-07, 2.0538219303e-07, 1.73093308575e-08, 2.24817808814e-09, 1.42591920493e-08, 6.16414030929e-09, 4.68262406628e-09, 7.07100822339e-10, 2.91382273865e-09, 1.27252630655e-09, 1.54677877617e-07, 1.96461815705e-08, 1.28426229651e-08, 2.98247559982e-09, 5.77308556515e-09, 3.07143532829e-09, 2.26316621693e-11],
        "dvar2": [1.18555207318e-10, 7.60797091992e-10, 1.01757655102e-06, 1.7326176021e-05, 9.26920984057e-05, 9.37878303375e-06, 1.52070924742e-06, 5.31303840035e-07, 1.34294964482e-06, 9.85992755886e-06, 5.73584998165e-07, 4.63055016553e-07, 4.72229650939e-08, 5.03285768616e-09, 4.64769307484e-08, 2.12550812506e-08, 1.41360105843e-08, 2.03257410902e-09, 5.6145759153e-09, 2.97283597739e-09, 3.66836019339e-07, 3.27873053152e-08, 2.09708304055e-08, 5.21029486222e-09, 8.20983547811e-09, 3.71346375871e-09, 6.76581360382e-11],
        "max": [9.17252036743e-05, 0.00123306456953, 0.0170593187213, 0.0523249097168, 0.128406524658, 0.0552488192916, 0.0213630273938, 0.00951556861401, 0.0186801385134, 0.0371767580509, 0.0113888578489, 0.00611188448966, 0.0019239342073, 0.00107467093039, 0.00232310337014, 0.000924158724956, 0.00109418120701, 0.000559162581339, 0.00162480655126, 0.000859001418576, 0.0134017076343, 0.00382646173239, 0.00445855176076, 0.00198994297534, 0.00245185219683, 0.00187962467317, 0.000124418889754],
        "mean": [3.24341112901e-06, 1.31190590764e-05, 0.000646939035505, 0.00409277295694, 0.0125370835885, 0.00405746512115, 0.00150710099842, 0.000442051561549, 0.000741967407521, 0.0013084494276, 0.000219921363168, 0.000176289235242, 5.98531514697e-05, 3.40510669048e-05, 3.07475565933e-05, 2.39704422711e-05, 2.36949981627e-05, 6.23404412181e-06, 7.29724570192e-06, 1.64871908055e-05, 4.68483885925e-05, 3.31303126586e-05, 2.21878399316e-05, 1.57961294462e-05, 2.51894889516e-05, 1.61425723491e-05, 5.69700375763e-07],
        "median": [1.46863794726e-06, 5.10394875164e-06, 0.000167968173628, 0.00163025828078, 0.00887385290116, 0.0019661616534, 0.000405568425776, 0.000108351989184, 0.000206577708013, 0.000160629104357, 2.70582295343e-05, 2.71714179689e-05, 1.19797332445e-05, 5.59740783501e-06, 3.5848531752e-06, 2.64442451225e-06, 1.99058990802e-06, 9.47003798046e-07, 7.41977828511e-07, 3.50750019606e-06, 2.21992263505e-06, 2.67418772637e-06, 1.41418308885e-06, 2.67101222562e-06, 4.80840935779e-06, 1.99194278139e-06, 5.85020316635e-08],
        "min": [3.492266476e-10, 4.03916539105e-10, 5.49900791569e-10, 2.00246019766e-09, 6.30938945534e-09, 9.51456913256e-10, 4.83522770434e-11, 2.53119497584e-10, 9.56879020464e-10, 7.05537295254e-11, 1.13153104941e-10, 6.09031158838e-11, 1.33077035502e-10, 1.36948143797e-11, 2.50288557241e-11, 3.54446264006e-11, 1.38356487725e-11, 2.82266068158e-11, 3.13193464219e-11, 2.38214378778e-11, 3.08865433229e-11, 6.44562042629e-11, 5.12147893539e-11, 6.94209550955e-11, 9.27635537828e-11, 2.06346967291e-10, 1.49994461296e-10],
        "var": [3.05430958303e-11, 3.61606944388e-09, 2.10149914892e-06, 3.61348465958e-05, 0.000198892419576, 3.39518264809e-05, 6.81785468259e-06, 8.23088669222e-07, 2.71068915936e-06, 1.33524599732e-05, 5.99917257205e-07, 3.00105796214e-07, 2.10090860264e-08, 8.04116417896e-09, 1.3588132397e-08, 6.11562578356e-09, 6.50517728573e-09, 5.62460578113e-10, 4.47929027203e-09, 2.5050750363e-09, 2.12197377891e-07, 5.89837121368e-08, 4.42995791161e-08, 1.13137508251e-08, 2.29834515864e-08, 1.43146365872e-08, 3.17137704986e-11]
    },
    "erbbands": {
        "dmean": [0.000203155446798, 0.00447257049382, 0.181143298745, 2.26779174805, 8.15150737762, 15.3994655609, 12.1923913956, 13.8385190964, 11.7697658539, 6.59221506119, 5.47371006012, 12.9493846893, 35.3492965698, 6.03731155396, 6.02946805954, 7.55670499802, 2.69410181046, 1.12326323986, 0.49567976594, 2.95407652855, 0.674147486687, 0.704814136028, 0.326011121273, 0.281532973051, 0.384819895029, 0.479368031025, 1.50634670258, 1.16762375832, 0.711306869984, 0.47883233428, 0.414074778557, 0.204886257648, 0.127943739295, 0.128865793347, 0.0975458696485, 0.04238005355, 0.0131769636646, 0.00218202988617, 4.77743233205e-05, 8.14818122308e-06],
        "dmean2": [0.000332046591211, 0.00596886407584, 0.233384609222, 3.17309594154, 11.4822092056, 19.9679164886, 13.2268304825, 15.4063253403, 13.2129802704, 7.6398563385, 7.02489519119, 15.211938858, 41.872543335, 7.84816932678, 8.93627357483, 11.4382743835, 4.46571493149, 1.78121197224, 0.854716300964, 5.51390695572, 1.19259285927, 1.23766732216, 0.565758526325, 0.450255602598, 0.608853638172, 0.724073410034, 2.39144086838, 1.75892579556, 1.0377869606, 0.632479310036, 0.472012937069, 0.272647500038, 0.174366950989, 0.17985239625, 0.13227006793, 0.0575591251254, 0.0174103844911, 0.00299482629634, 6.64752951707e-05, 1.03455686258e-05],
        "dvar": [1.01219306714e-07, 0.000286478258204, 0.289785265923, 23.8992824554, 158.860717773, 876.065856934, 517.680908203, 461.761962891, 460.336578369, 251.319702148, 183.628616333, 818.532409668, 9198.91699219, 118.21849823, 403.608978271, 542.762023926, 46.7083473206, 10.5258197784, 1.65853536129, 131.037857056, 4.37167930603, 5.99857521057, 2.09411907196, 9.47938251495, 4.12931060791, 4.02261829376, 320.631622314, 72.6065292358, 23.3798503876, 15.194021225, 13.7389965057, 2.01920366287, 0.731394588947, 0.667871415615, 0.353267967701, 0.073160007596, 0.0100048352033, 0.000274873746093, 1.28331933524e-07, 2.06829470217e-10],
        "dvar2": [2.32944756817e-07, 0.000377987569664, 0.500971436501, 51.6018028259, 374.853118896, 2035.11169434, 718.090576172, 810.918884277, 744.213500977, 310.393066406, 329.842407227, 1203.7442627, 14291.25, 218.240722656, 746.483581543, 1224.63903809, 126.51701355, 24.7009372711, 4.73149776459, 435.824645996, 12.7213039398, 17.7133407593, 5.97087955475, 23.5010757446, 7.85003137589, 8.93166732788, 813.086730957, 150.881072998, 40.7260932922, 22.1633205414, 23.8729114532, 3.53432035446, 1.07289028168, 1.03587889671, 0.583348274231, 0.0942254140973, 0.0126415481791, 0.000481862080051, 2.39262050172e-07, 3.48910150771e-10],
        "max": [0.00746783195063, 0.633633673191, 14.1764984131, 91.8225631714, 256.667633057, 559.973449707, 765.828063965, 328.351898193, 318.382873535, 451.059387207, 262.154144287, 559.901489258, 1420.41784668, 139.660018921, 399.767883301, 313.625427246, 104.484970093, 66.4136352539, 19.1593837738, 199.000717163, 31.9014930725, 42.3758811951, 28.2903156281, 94.511390686, 61.0220565796, 50.8941307068, 591.749389648, 268.399169922, 125.190666199, 111.957382202, 147.18989563, 59.0538063049, 27.1564884186, 24.1783409119, 20.1502685547, 9.35098648071, 3.70655226707, 0.522811591625, 0.0114899948239, 0.000443360273493],
        "mean": [0.000534871825948, 0.0132048679516, 0.540653824806, 7.46858072281, 29.5366458893, 44.4223747253, 34.7018013, 32.6341781616, 27.8552036285, 13.8113441467, 11.3116378784, 22.1424770355, 50.5021286011, 9.48244476318, 8.61354446411, 8.97413349152, 3.59020924568, 2.07851576805, 0.858492016792, 2.99075937271, 1.01728308201, 0.91638815403, 0.407840549946, 0.282812029123, 0.582216203213, 0.800269365311, 1.59667313099, 1.60842180252, 1.21393597126, 0.884493172169, 0.635995864868, 0.386495500803, 0.25015771389, 0.24937877059, 0.190823331475, 0.0871526151896, 0.0261535998434, 0.00357667100616, 8.80882726051e-05, 3.1981489883e-05],
        "median": [0.000383233447792, 0.00610412983224, 0.211713865399, 3.60925769806, 19.1095294952, 24.1662120819, 16.0934810638, 15.486992836, 8.52295589447, 4.13840341568, 3.83371329308, 6.55196762085, 7.35734891891, 3.24555850029, 1.70087754726, 1.48593819141, 0.98587346077, 0.339015781879, 0.219271883368, 0.209429770708, 0.135010883212, 0.107891298831, 0.0643383041024, 0.0327781848609, 0.0952698290348, 0.153145745397, 0.0783067941666, 0.087195456028, 0.0956587567925, 0.0688329711556, 0.0356985330582, 0.0415440611541, 0.0388001091778, 0.0423985831439, 0.0345205925405, 0.0129261482507, 0.00279369717464, 0.00039899040712, 2.28284934565e-05, 2.59526059381e-05],
        "min": [9.23695075983e-09, 1.10122435615e-07, 6.79558297634e-07, 2.83871554529e-06, 1.8321637981e-05, 1.61367861438e-05, 1.41959817483e-05, 5.43217674931e-06, 8.86108978193e-07, 2.02592423193e-06, 8.97099016584e-06, 2.52332047239e-05, 3.54489225174e-06, 1.70300027094e-05, 5.73025727135e-06, 5.09203482579e-06, 5.31637988388e-06, 9.22107403767e-07, 1.24435291582e-06, 8.18277669623e-07, 2.15355134969e-06, 1.09344284738e-06, 1.70140924638e-06, 1.29149441364e-06, 1.62419996741e-06, 1.07838832264e-06, 1.11084295895e-06, 1.79309006398e-06, 2.27715531764e-06, 2.46527361014e-06, 1.29450290842e-06, 1.34191543566e-06, 1.386435315e-06, 1.20301274364e-06, 6.72061503337e-07, 9.18755006296e-07, 3.29187372472e-07, 1.07699612784e-07, 2.07818882103e-08, 2.2516675191e-09],
        "var": [3.46433353116e-07, 0.00127007742412, 1.10343980789, 114.825996399, 1062.38928223, 3285.28808594, 3832.46435547, 2127.97802734, 2138.80444336, 908.995666504, 512.414855957, 2370.43530273, 19626.3300781, 262.391479492, 765.352478027, 782.757873535, 57.364238739, 29.2489700317, 2.74150633812, 127.504951477, 7.99932861328, 8.95965099335, 1.90496492386, 9.32400417328, 6.59915828705, 8.33295345306, 348.776977539, 149.338546753, 68.7527313232, 55.7616004944, 40.1678848267, 8.07141780853, 2.6942691803, 2.28542470932, 1.31101047993, 0.333104252815, 0.0459929294884, 0.000940920785069, 4.22641448949e-07, 1.17019793855e-09]
    },
    "gfcc": {
        "mean": [-113.490982056, 124.952568054, -66.4292373657, -9.69645023346, -88.2890701294, -7.30180025101, -53.6578445435, -15.6257009506, -47.8214797974, -9.74771595001, -32.775554657, -8.24697494507, -6.57572078705],
        "cov": [[8244.11425781, -699.141296387, -673.161804199, -251.029556274, -345.636230469, 321.983123779, -122.861091614, 100.257377625, -299.623931885, 180.489196777, -89.2334976196, -30.3501472473, -116.370994568], [-699.141296387, 865.410522461, 132.370376587, -260.520202637, 168.42124939, -137.048217773, 31.1807689667, -33.2790565491, 105.794555664, -149.156585693, 64.8487167358, 23.1775054932, 56.1842880249], [-673.161804199, 132.370376587, 652.346191406, 106.136734009, -82.8944320679, -0.301594227552, 69.4699020386, -10.9740219116, -31.2457695007, 3.20239830017, 3.12693786621, -44.7556343079, -70.5708465576], [-251.029556274, -260.520202637, 106.136734009, 382.504333496, -5.80425071716, 7.83536529541, 25.5102405548, -10.3945817947, 11.8093538284, 67.6535491943, -22.9370040894, -45.2236251831, -38.3704566956], [-345.636230469, 168.42124939, -82.8944320679, -5.80425071716, 243.319107056, -20.4657859802, -19.7711200714, 24.3041286469, 52.0316848755, -49.0846252441, -12.0808496475, 26.5782489777, 9.60403823853], [321.983123779, -137.048217773, -0.301594227552, 7.83536529541, -20.4657859802, 162.889556885, 8.13076019287, 18.8175563812, -41.9858970642, 16.1457424164, -31.4642276764, -30.1884403229, -34.749294281], [-122.861091614, 31.1807689667, 69.4699020386, 25.5102405548, -19.7711200714, 8.13076019287, 120.479003906, 16.6051063538, -21.0571174622, -19.9524211884, -22.7221107483, 0.16839697957, -15.8640432358], [100.257377625, -33.2790565491, -10.9740219116, -10.3945817947, 24.3041286469, 18.8175563812, 16.6051063538, 119.073097229, 9.23502540588, -3.06051683426, -32.1366043091, -5.27573347092, -16.744852066], [-299.623931885, 105.794555664, -31.2457695007, 11.8093538284, 52.0316848755, -41.9858970642, -21.0571174622, 9.23502540588, 121.527740479, -7.97173118591, -4.08667516708, 17.3363418579, 13.4251070023], [180.489196777, -149.156585693, 3.20239830017, 67.6535491943, -49.0846252441, 16.1457424164, -19.9524211884, -3.06051683426, -7.97173118591, 122.387771606, 40.9483909607, -22.3793468475, -42.4141578674], [-89.2334976196, 64.8487167358, 3.12693786621, -22.9370040894, -12.0808496475, -31.4642276764, -22.7221107483, -32.1366043091, -4.08667516708, 40.9483909607, 118.810409546, 16.3711452484, -9.80923366547], [-30.3501472473, 23.1775054932, -44.7556343079, -45.2236251831, 26.5782489777, -30.1884403229, 0.16839697957, -5.27573347092, 17.3363418579, -22.3793468475, 16.3711452484, 111.320732117, 37.7978286743], [-116.370994568, 56.1842880249, -70.5708465576, -38.3704566956, 9.60403823853, -34.749294281, -15.8640432358, -16.744852066, 13.4251070023, -42.4141578674, -9.80923366547, 37.7978286743, 103.908416748]],
        "icov": [[0.000200938447961, -0.000243441405473, 0.000329367088852, -7.81817216193e-05, 0.000447864993475, -0.000228083634283, 0.000413244211813, -0.000207808348932, 0.000614408461843, -0.000325581611833, 0.000484498159494, -0.000349486101186, 0.00042401169776], [-0.000243441405473, 0.00512453867123, -0.00213944772258, 0.00360078038648, -0.00366607215255, 0.00197773659602, -0.00341956038028, 0.00182333984412, -0.00465452158824, 0.00351131986827, -0.00430297898129, 0.00376085680909, -0.00213451031595], [0.000329367088852, -0.00213944772258, 0.00311347213574, -0.00191558396909, 0.00255124177784, -0.000652469287161, 0.00109112076461, -0.000748615420889, 0.00252867978998, -0.000635555014014, 0.00178787624463, -0.00149969302583, 0.00265299226157], [-7.81817216193e-05, 0.00360078038648, -0.00191558396909, 0.00611610943452, -0.00315294996835, 0.00157401652541, -0.0032855567988, 0.00214253761806, -0.00364722404629, -0.000483316020109, -0.00129693211056, 0.00340089015663, -0.00150116614532], [0.000447864993475, -0.00366607215255, 0.00255124177784, -0.00315294996835, 0.0085621420294, -0.00149866996799, 0.00394615251571, -0.0025458172895, 0.00223808549345, 0.000435358058894, 0.00294669996947, -0.00383437471464, 0.0035134376958], [-0.000228083634283, 0.00197773659602, -0.000652469287161, 0.00157401652541, -0.00149866996799, 0.00890620239079, -0.00110399001278, 0.000334417505655, 0.000509661971591, 0.000550039927475, 0.000786454649642, 0.00218339054845, 0.00125426065642], [0.000413244211813, -0.00341956038028, 0.00109112076461, -0.0032855567988, 0.00394615251571, -0.00110399001278, 0.0131329596043, -0.00279531511478, 0.00533883087337, 0.000325703091221, 0.0043712509796, -0.00425382284448, 0.00406343396753], [-0.000207808348932, 0.00182333984412, -0.000748615420889, 0.00214253761806, -0.0025458172895, 0.000334417505655, -0.00279531511478, 0.0107790734619, -0.0028281849809, -3.54588365781e-07, 0.0012671208242, 0.00135896983556, 0.00071207631845], [0.000614408461843, -0.00465452158824, 0.00252867978998, -0.00364722404629, 0.00223808549345, 0.000509661971591, 0.00533883087337, -0.0028281849809, 0.0154850203544, -0.00382346310653, 0.00556776951998, -0.00474455673248, 0.00258845090866], [-0.000325581611833, 0.00351131986827, -0.000635555014014, -0.000483316020109, 0.000435358058894, 0.000550039927475, 0.000325703091221, -3.54588365781e-07, -0.00382346310653, 0.0175321176648, -0.00833060033619, 0.00307762692682, 0.00306446128525], [0.000484498159494, -0.00430297898129, 0.00178787624463, -0.00129693211056, 0.00294669996947, 0.000786454649642, 0.0043712509796, 0.0012671208242, 0.00556776951998, -0.00833060033619, 0.0166708100587, -0.00554778520018, 0.00393885513768], [-0.000349486101186, 0.00376085680909, -0.00149969302583, 0.00340089015663, -0.00383437471464, 0.00218339054845, -0.00425382284448, 0.00135896983556, -0.00474455673248, 0.00307762692682, -0.00554778520018, 0.0144886095077, -0.00545835169032], [0.00042401169776, -0.00213451031595, 0.00265299226157, -0.00150116614532, 0.0035134376958, 0.00125426065642, 0.00406343396753, 0.00071207631845, 0.00258845090866, 0.00306446128525, 0.00393885513768, -0.00545835169032, 0.0166040156037]]
    },
    "melbands": {
        "dmean": [1.74554793375e-06, 6.02110412729e-05, 0.000539441942237, 0.000827667070553, 0.000509063189384, 0.000320074759657, 0.000168528640643, 6.41865408397e-05, 5.12981132488e-05, 7.5484305853e-05, 0.000175669090822, 1.99855130631e-05, 2.47782354563e-05, 1.56508740474e-05, 1.20762761071e-05, 4.19652815253e-06, 2.10596499528e-06, 8.17712020762e-07, 2.41712837123e-06, 3.12625843435e-06, 1.0060631439e-06, 1.03210504676e-06, 4.35678259691e-07, 1.87668817375e-07, 2.51379191241e-07, 2.55806440919e-07, 3.93701384382e-07, 2.83875436935e-07, 6.58814030885e-07, 1.35912262067e-06, 4.8978876066e-07, 4.07545712733e-07, 4.19475043145e-07, 2.4438162427e-07, 2.94602159556e-07, 1.27898545088e-07, 1.32116682039e-07, 9.3577121163e-08, 1.03068849455e-07, 1.23279860986e-07],
        "dmean2": [2.84528391603e-06, 7.66112934798e-05, 0.00077114906162, 0.00113996490836, 0.000572958728299, 0.000353558076313, 0.000189021258848, 7.74132786319e-05, 6.40304278932e-05, 8.90423107194e-05, 0.000208459910937, 2.69727661362e-05, 3.63468461728e-05, 2.3682929168e-05, 1.89593010873e-05, 6.94205300533e-06, 3.29091017193e-06, 1.40391284731e-06, 4.48270930065e-06, 5.82450411457e-06, 1.82111637059e-06, 1.8431647959e-06, 7.6392086612e-07, 3.29193454718e-07, 4.13703901359e-07, 3.76402141455e-07, 6.3780214532e-07, 4.44805550615e-07, 1.0138073776e-06, 2.22002950068e-06, 7.47731974116e-07, 6.21367064468e-07, 5.74618525206e-07, 3.69477362483e-07, 3.62202882798e-07, 1.53941172698e-07, 1.93905009382e-07, 1.34679240205e-07, 1.4043207841e-07, 1.69489624113e-07],
        "dvar": [1.77306017091e-11, 4.02066007155e-08, 9.40736185839e-07, 1.65592018675e-06, 1.06370043795e-06, 2.29829936416e-07, 9.17546074675e-08, 2.2541843947e-08, 1.33437403349e-08, 2.54752841045e-08, 2.30097427334e-07, 1.31170374562e-09, 8.04600297499e-09, 2.09177852817e-09, 9.86380310763e-10, 1.32622191007e-10, 3.64351777915e-11, 5.14032046095e-12, 8.36343008737e-11, 1.36175237753e-10, 1.03956001793e-11, 1.43313182502e-11, 2.73376395306e-12, 1.31618533347e-12, 9.28668253408e-12, 5.20086187658e-12, 1.59680168393e-12, 1.62722862528e-12, 5.68592464778e-11, 2.1175068643e-10, 1.0888788135e-11, 7.19031778562e-12, 1.16320668375e-11, 4.11390973371e-12, 8.46145029043e-12, 8.51345578236e-13, 9.13317923894e-13, 4.23377153648e-13, 5.08796889169e-13, 5.78949486008e-13],
        "dvar2": [2.19087404468e-11, 6.91554831178e-08, 2.24765790335e-06, 4.01319493903e-06, 1.9501578663e-06, 4.11633521935e-07, 1.44983573591e-07, 2.96202902206e-08, 2.2785837217e-08, 3.79344626822e-08, 3.58763628583e-07, 2.65924438025e-09, 1.47491343583e-08, 4.65669991456e-09, 2.31394303718e-09, 3.590196751e-10, 8.3286925967e-11, 1.43396934951e-11, 2.74991140969e-10, 4.56650300906e-10, 3.12506132083e-11, 4.31918632804e-11, 7.71280348616e-12, 3.80514847062e-12, 2.39539967722e-11, 9.60212985512e-12, 3.46419789556e-12, 4.17628388469e-12, 1.37818007007e-10, 5.38318556398e-10, 2.16323139957e-11, 1.42355831984e-11, 1.968504873e-11, 7.23934497418e-12, 1.71513393765e-11, 9.68851951791e-13, 2.03965425279e-12, 7.85051169037e-13, 8.5489596088e-13, 1.04891030757e-12],
        "max": [0.000166315207025, 0.0052191214636, 0.0171021167189, 0.0190760847181, 0.0253195371479, 0.00710748136044, 0.00491492403671, 0.00418839789927, 0.00199924712069, 0.003091274295, 0.00710848905146, 0.000476641464047, 0.00179236044642, 0.000621710612904, 0.00039928816841, 0.00015265851107, 0.000133886933327, 4.07586776419e-05, 0.000168869155459, 0.000187534751603, 4.4636290113e-05, 6.66451305733e-05, 2.66182014457e-05, 2.46456384048e-05, 9.2231821327e-05, 7.72788189352e-05, 3.70680354536e-05, 2.62513476628e-05, 0.000255473161815, 0.000471864477731, 7.42314368836e-05, 6.48812201689e-05, 9.1838890512e-05, 6.3037921791e-05, 0.000108183383418, 3.54046169377e-05, 3.8150279579e-05, 2.14225965465e-05, 1.86041015695e-05, 2.31652884395e-05],
        "mean": [3.10647010338e-06, 0.000163826305652, 0.00193636212498, 0.00275623146445, 0.00146887183655, 0.000754187058192, 0.00039671533159, 0.00012929039076, 0.000102423480712, 0.000127863517264, 0.000247797725024, 3.15726465487e-05, 3.40128462994e-05, 1.90963673958e-05, 1.43472079799e-05, 5.70194333704e-06, 3.70849329556e-06, 1.28380634123e-06, 2.58677187048e-06, 3.15068700729e-06, 1.19001276744e-06, 1.23491122395e-06, 5.2698288755e-07, 1.97363135612e-07, 2.22921315185e-07, 2.9450927741e-07, 6.72821329317e-07, 4.3504576297e-07, 7.12766336619e-07, 1.41228019856e-06, 7.61059197885e-07, 6.39155246063e-07, 7.0334681368e-07, 4.24702079727e-07, 4.17056526203e-07, 2.42459464062e-07, 2.31429041264e-07, 1.62845182672e-07, 1.90388348642e-07, 2.14606089344e-07],
        "median": [1.5899038317e-06, 4.1408042307e-05, 0.0011324074585, 0.00205587618984, 0.000681495061144, 0.000364993058611, 0.00011611336231, 3.60474514309e-05, 2.82152032014e-05, 3.77306023438e-05, 2.66019724222e-05, 1.06535171653e-05, 4.13778707298e-06, 3.45012699654e-06, 2.87970033241e-06, 1.11435042527e-06, 5.14229611781e-07, 3.18333917448e-07, 2.63454182914e-07, 2.13077186118e-07, 1.36825519803e-07, 1.05180298249e-07, 7.46406385588e-08, 3.23898774468e-08, 1.76259735696e-08, 3.00330249559e-08, 1.15234541909e-07, 8.31629733966e-08, 3.81196834098e-08, 4.65365168623e-08, 4.19260608453e-08, 4.5080412292e-08, 5.20295699857e-08, 2.76775988794e-08, 1.81079400363e-08, 1.36305802201e-08, 2.71514775108e-08, 2.2064291727e-08, 2.85761085905e-08, 3.2264701133e-08],
        "min": [1.12079984183e-10, 2.69111122275e-10, 1.10639419848e-09, 1.25648413896e-09, 5.49799261673e-10, 1.32535982189e-10, 9.88317587491e-12, 2.36370974876e-11, 8.15484069161e-11, 1.38001929328e-10, 1.05200370984e-11, 5.35567493132e-11, 1.52149317451e-11, 1.31393897498e-11, 1.79502419873e-11, 5.77937610963e-12, 1.27768553116e-12, 1.74797492019e-12, 1.8722874813e-12, 9.29784244388e-13, 2.32847226743e-12, 8.45578273199e-13, 2.27819781269e-12, 1.05303580526e-12, 9.60754262605e-13, 1.46324619088e-12, 6.9286590354e-13, 6.86091916786e-13, 7.20859515742e-13, 4.72799479689e-13, 1.22568491814e-12, 1.26314778949e-12, 1.29228496393e-12, 1.2377085034e-12, 6.37376544772e-13, 8.71078166195e-13, 8.47827504816e-13, 8.54016510288e-13, 1.26153850821e-12, 9.88171675563e-13],
        "var": [7.13419462395e-11, 1.48648709342e-07, 4.89116337121e-06, 7.99397730589e-06, 5.7010574892e-06, 1.07966945961e-06, 4.44595428917e-07, 7.83678402172e-08, 4.09119493838e-08, 7.30565759e-08, 4.90460990932e-07, 2.73552269725e-09, 1.51429606632e-08, 3.15152259844e-09, 1.39816969114e-09, 1.83670675891e-10, 1.09769027201e-10, 7.71549751172e-12, 8.47968570361e-11, 1.32540339814e-10, 1.40089988221e-11, 2.00771083786e-11, 2.91178929926e-12, 9.01131003584e-13, 8.03663299104e-12, 7.38537182798e-12, 3.74671387665e-12, 2.27622911839e-12, 6.70261415814e-11, 2.36811736887e-10, 2.59278969822e-11, 1.78887911428e-11, 3.22857539314e-11, 1.40223249678e-11, 1.95127421165e-11, 4.14159201725e-12, 2.68889034302e-12, 1.2953823127e-12, 1.3845440636e-12, 1.73778981656e-12]
    },
    "mfcc": {
        "mean": [-781.209350586, 169.743438721, 47.3234291077, -0.0404620319605, -17.9723892212, -8.67836380005, -14.1069402695, -22.688835144, -9.65816116333, -21.4225101471, -23.7785968781, -17.188659668, -11.4914560318],
        "cov": [[6944.16503906, -162.335342407, -676.382629395, -587.020812988, -311.625762939, 73.395362854, 92.6879119873, -200.000656128, 104.662528992, -74.4435577393, -0.378075957298, -91.6514282227, 3.16682696342], [-162.335342407, 1146.25415039, -19.524766922, -139.306167603, 57.9133796692, -135.587860107, -35.9186668396, 69.2696609497, -10.8355493546, -98.2805862427, -58.2343025208, 45.3215446472, 55.8617401123], [-676.382629395, -19.524766922, 624.905639648, 110.220611572, -97.3369293213, 48.0194664001, 47.0264396667, -28.4676303864, -52.4549026489, 60.8640365601, 40.8686943054, -46.3359718323, 4.59131717682], [-587.020812988, -139.306167603, 110.220611572, 323.743560791, 39.4449691772, 32.5554924011, -20.8208179474, 14.9586248398, 2.41784501076, 29.5287837982, 16.3754348755, 24.1021175385, -0.265265971422], [-311.625762939, 57.9133796692, -97.3369293213, 39.4449691772, 206.67666626, -0.795160830021, -36.4118843079, 24.4022903442, 22.7672996521, -1.54449224472, -19.0229892731, 49.929397583, 16.4347114563], [73.395362854, -135.587860107, 48.0194664001, 32.5554924011, -0.795160830021, 133.443374634, 13.4256076813, -18.0691585541, 2.74568200111, 11.422542572, 8.30474472046, -9.96887207031, -3.61589336395], [92.6879119873, -35.9186668396, 47.0264396667, -20.8208179474, -36.4118843079, 13.4256076813, 141.084335327, -3.32941746712, -24.9321842194, 25.0401229858, 32.002784729, -14.3282957077, -9.9825668335], [-200.000656128, 69.2696609497, -28.4676303864, 14.9586248398, 24.4022903442, -18.0691585541, -3.32941746712, 142.520965576, 49.6176834106, -23.7777729034, -28.1627807617, 3.63000535965, 13.3590316772], [104.662528992, -10.8355493546, -52.4549026489, 2.41784501076, 22.7672996521, 2.74568200111, -24.9321842194, 49.6176834106, 133.247451782, 4.33811950684, -37.4808998108, -3.36687755585, 5.43884420395], [-74.4435577393, -98.2805862427, 60.8640365601, 29.5287837982, -1.54449224472, 11.422542572, 25.0401229858, -23.7777729034, 4.33811950684, 108.562454224, 37.4439849854, -12.3185310364, -26.5442409515], [-0.378075957298, -58.2343025208, 40.8686943054, 16.3754348755, -19.0229892731, 8.30474472046, 32.002784729, -28.1627807617, -37.4808998108, 37.4439849854, 159.873046875, 5.86254072189, -17.9374809265], [-91.6514282227, 45.3215446472, -46.3359718323, 24.1021175385, 49.929397583, -9.96887207031, -14.3282957077, 3.63000535965, -3.36687755585, -12.3185310364, 5.86254072189, 113.998779297, 32.4971809387], [3.16682696342, 55.8617401123, 4.59131717682, -0.265265971422, 16.4347114563, -3.61589336395, -9.9825668335, 13.3590316772, 5.43884420395, -26.5442409515, -17.9374809265, 32.4971809387, 93.3806838989]],
