{
"lowlevel": {
    "average_loudness": 0.754623889923,
    "barkbands_crest": {
        "dmean": 2.03903150558,
        "dmean2": 3.21196174622,
        "dvar": 3.77623486519,
        "dvar2": 9.40554523468,
        "max": 24.1424160004,
        "mean": 9.50659656525,
        "median": 8.44766616821,
        "min": 2.6060988903,
        "var": 17.2683925629
    },
    "barkbands_flatness_db": {
        "dmean": 0.0208420269191,
        "dmean2": 0.0298218224198,
        "dvar": 0.000387571228202,
        "dvar2": 0.000711416709237,
        "max": 0.274702101946,
        "mean": 0.150370523334,
        "median": 0.150508135557,
        "min": 0.0163813214749,
        "var": 0.00174319534563
    },
    "barkbands_kurtosis": {
        "dmean": 1.37083089352,
        "dmean2": 2.17801809311,
        "dvar": 3.55939030647,
        "dvar2": 8.35930633545,
        "max": 31.5658721924,
        "mean": 1.84092831612,
        "median": 1.01136779785,
        "min": -1.83654725552,
        "var": 11.0174856186
    },
    "barkbands_skewness": {
        "dmean": 0.383276700974,
        "dmean2": 0.568566858768,
        "dvar": 0.165538981557,
        "dvar2": 0.308073937893,
        "max": 5.35646057129,
        "mean": 1.13229799271,
        "median": 1.08186066151,
        "min": -3.44566106796,
        "var": 0.823328077793
    },
    "barkbands_spread": {
        "dmean": 4.62941741943,
        "dmean2": 7.1188287735,
        "dvar": 34.2272529602,
        "dvar2": 78.0568466187,
        "max": 79.5288696289,
        "mean": 20.212688446,
        "median": 18.0056705475,
        "min": 3.23144841194,
        "var": 96.2616271973
    },
    "dissonance": {
        "dmean": 0.0185326077044,
        "dmean2": 0.0317862220109,
        "dvar": 0.000312551826937,
        "dvar2": 0.000813038670458,
        "max": 0.5,
        "mean": 0.45675483346,
        "median": 0.462053477764,
        "min": 0.309018820524,
        "var": 0.000797835411504
    },
    "dynamic_complexity": 4.62651014328,
    "erbbands_crest": {
        "dmean": 1.97271847725,
        "dmean2": 3.15567803383,
        "dvar": 3.67910575867,
        "dvar2": 8.91401290894,
        "max": 30.4285106659,
        "mean": 8.49698829651,
        "median": 7.69566583633,
        "min": 2.90077614784,
        "var": 12.021150589
    },
    "erbbands_flatness_db": {
        "dmean": 0.0187004227191,
        "dmean2": 0.0263270009309,
        "dvar": 0.000396035902668,
        "dvar2": 0.000663999875542,
        "max": 0.316142886877,
        "mean": 0.198264613748,
        "median": 0.196346148849,
        "min": 0.0609323754907,
        "var": 0.00188774592243
    },
    "erbbands_kurtosis": {
        "dmean": 0.681401610374,
        "dmean2": 1.08081030846,
        "dvar": 1.88833916187,
        "dvar2": 4.71156072617,
        "max": 18.6814041138,
        "mean": -0.0133355222642,
        "median": -0.611122608185,
        "min": -1.55032789707,
        "var": 3.5152156353
    },
    "erbbands_skewness": {
        "dmean": 0.311542391777,
        "dmean2": 0.472985386848,
        "dvar": 0.106445357203,
        "dvar2": 0.20805324614,
        "max": 3.09132885933,
        "mean": 0.287685573101,
        "median": 0.303840428591,
        "min": -3.82904720306,
        "var": 0.475573867559
    },
    "erbbands_spread": {
        "dmean": 6.27190542221,
        "dmean2": 9.46320724487,
        "dvar": 45.2770690918,
        "dvar2": 100.218437195,
        "max": 92.8529281616,
        "mean": 35.109210968,
        "median": 34.5146179199,
        "min": 4.20237398148,
        "var": 158.31211853
    },
    "hfc": {
        "dmean": 5.98218584061,
        "dmean2": 7.99836587906,
        "dvar": 180.063446045,
        "dvar2": 321.483978271,
        "max": 259.422302246,
        "mean": 17.6133289337,
        "median": 10.9515838623,
        "min": 1.20000256133e-16,
        "var": 544.225708008
    },
    "melbands_crest": {
        "dmean": 2.47555947304,
        "dmean2": 3.95679450035,
        "dvar": 5.53179550171,
        "dvar2": 13.50116539,
        "max": 31.174747467,
        "mean": 12.523686409,
        "median": 11.3382396698,
        "min": 1.88665175438,
        "var": 26.7684345245
    },
    "melbands_flatness_db": {
        "dmean": 0.0233909115195,
        "dmean2": 0.0320420563221,
        "dvar": 0.000610829039942,
        "dvar2": 0.00105018052272,
        "max": 0.331170380116,
        "mean": 0.182767957449,
        "median": 0.183822363615,
        "min": 0.00595281692222,
        "var": 0.00318695791066
    },
    "melbands_kurtosis": {
        "dmean": 2.8338508606,
        "dmean2": 4.44147920609,
        "dvar": 19.5865478516,
        "dvar2": 48.404132843,
        "max": 105.712585449,
        "mean": 6.32692050934,
        "median": 3.9902215004,
        "min": -1.85087180138,
        "var": 59.1613426208
    },
    "melbands_skewness": {
        "dmean": 0.447713762522,
        "dmean2": 0.669337689877,
        "dvar": 0.2163207829,
        "dvar2": 0.462945312262,
        "max": 8.92197418213,
        "mean": 1.93464541435,
        "median": 1.76139914989,
        "min": -1.54402542114,
        "var": 1.10676908493
    },
    "melbands_spread": {
        "dmean": 7.43764829636,
        "dmean2": 11.0653953552,
        "dvar": 168.761123657,
        "dvar2": 302.905609131,
        "max": 209.519332886,
        "mean": 27.7864437103,
        "median": 20.9902420044,
        "min": 2.99749422073,
        "var": 554.145263672
    },
    "pitch_salience": {
        "dmean": 0.0553641654551,
        "dmean2": 0.0863289907575,
        "dvar": 0.00276118353941,
        "dvar2": 0.00644429633394,
        "max": 0.918730676174,
        "mean": 0.552612364292,
        "median": 0.54511743784,
        "min": 0.242618605494,
        "var": 0.0101496037096
    },
    "silence_rate_20dB": {
        "dmean": 0,
        "dmean2": 0,
        "dvar": 0,
        "dvar2": 0,
        "max": 1,
        "mean": 1,
        "median": 1,
        "min": 1,
        "var": 0
    },
    "silence_rate_30dB": {
        "dmean": 0,
        "dmean2": 0,
        "dvar": 0,
        "dvar2": 0,
        "max": 1,
        "mean": 1,
        "median": 1,
        "min": 1,
        "var": 0
    },
    "silence_rate_60dB": {
        "dmean": 0.0247678011656,
        "dmean2": 0.0495739728212,
        "dvar": 0.0241546537727,
        "dvar2": 0.0564109347761,
        "max": 1,
        "mean": 0.136890947819,
        "median": 0,
        "min": 0,
        "var": 0.118150830269
    },
    "spectral_centroid": {
        "dmean": 275.77557373,
        "dmean2": 409.081237793,
        "dvar": 187630.21875,
        "dvar2": 269615.6875,
        "max": 10990.6601562,
        "mean": 1459.33435059,
        "median": 1217.29431152,
        "min": 377.880950928,
        "var": 626115.75
    },
    "spectral_complexity": {
        "dmean": 2.94427251816,
        "dmean2": 4.62896966934,
        "dvar": 13.6160669327,
        "dvar2": 27.3161525726,
        "max": 45,
        "mean": 17.2745552063,
        "median": 17,
        "min": 0,
        "var": 72.7067108154
    },
    "spectral_decrease": {
        "dmean": 1.0241731907e-09,
        "dmean2": 1.52654577867e-09,
        "dvar": 2.3449710098e-18,
        "dvar2": 5.21991829243e-18,
        "max": -1.85754619059e-29,
        "mean": -3.98299482285e-09,
        "median": -3.12591907914e-09,
        "min": -2.25248300012e-08,
        "var": 1.14654421099e-17
    },
    "spectral_energy": {
        "dmean": 0.00430836481974,
        "dmean2": 0.00637855054811,
        "dvar": 4.14473906858e-05,
        "dvar2": 9.06431378098e-05,
        "max": 0.0897533893585,
        "mean": 0.0166303105652,
        "median": 0.0129990726709,
        "min": 1.09544804834e-20,
        "var": 0.000196203181986
    },
    "spectral_energyband_high": {
        "dmean": 0.000556179322302,
        "dmean2": 0.000757968518883,
        "dvar": 4.11238988818e-06,
        "dvar2": 7.4395561569e-06,
        "max": 0.0427959859371,
        "mean": 0.00092915748246,
        "median": 0.000198051813641,
        "min": 8.10217189985e-21,
        "var": 9.99725762085e-06
    },
    "spectral_energyband_low": {
        "dmean": 0.00026138999965,
        "dmean2": 0.00038268006756,
        "dvar": 2.33694137819e-07,
        "dvar2": 5.11647215262e-07,
        "max": 0.00909178797156,
        "mean": 0.000794434105046,
        "median": 0.00042766565457,
        "min": 6.15852790871e-23,
        "var": 1.01664943486e-06
    },
    "spectral_energyband_middle_high": {
        "dmean": 0.00131171289831,
        "dmean2": 0.00184702489059,
        "dvar": 4.51428195447e-06,
        "dvar2": 8.57656868902e-06,
        "max": 0.033386465162,
        "mean": 0.00442914757878,
        "median": 0.0030599089805,
        "min": 1.46697189877e-21,
        "var": 2.24116538448e-05
    },
    "spectral_energyband_middle_low": {
        "dmean": 0.00330475578085,
        "dmean2": 0.00505256932229,
        "dvar": 2.78809657175e-05,
        "dvar2": 6.39577338006e-05,
        "max": 0.0852898135781,
        "mean": 0.0107688112184,
        "median": 0.00781597197056,
        "min": 3.60484846469e-22,
        "var": 0.000122069795907
    },
    "spectral_entropy": {
        "dmean": 0.183774381876,
        "dmean2": 0.249673813581,
        "dvar": 0.0398869924247,
        "dvar2": 0.0647586509585,
        "max": 9.80896377563,
        "mean": 7.32866287231,
        "median": 7.26374149323,
        "min": 6.3614358902,
        "var": 0.170571580529
    },
    "spectral_flux": {
        "dmean": 0.0157457273453,
        "dmean2": 0.0233735144138,
        "dvar": 0.000379509088816,
        "dvar2": 0.000741149066016,
        "max": 0.192029818892,
        "mean": 0.0523603633046,
        "median": 0.0448477268219,
        "min": 1.04663652745e-10,
        "var": 0.00116515648551
    },
    "spectral_kurtosis": {
        "dmean": 2.47024321556,
        "dmean2": 4.28948783875,
        "dvar": 8.259765625,
        "dvar2": 24.0007476807,
        "max": 24.771780014,
        "mean": 4.70444917679,
        "median": 3.84201860428,
        "min": -1.23549294472,
        "var": 12.2405185699
    },
    "spectral_rms": {
        "dmean": 0.000490654783789,
        "dmean2": 0.000708006322384,
        "dvar": 3.99503363724e-07,
        "dvar2": 8.12912048787e-07,
        "max": 0.00935757905245,
        "mean": 0.00363153638318,
        "median": 0.00356118264608,
        "min": 3.26914341951e-12,
        "var": 3.03664887724e-06
    },
    "spectral_rolloff": {
        "dmean": 490.163787842,
        "dmean2": 775.946350098,
        "dvar": 750440.9375,
        "dvar2": 1088801.75,
        "max": 18755.4199219,
        "mean": 1820.66564941,
        "median": 1356.59179688,
        "min": 236.865234375,
        "var": 2166938.75
    },
    "spectral_skewness": {
        "dmean": 0.317559093237,
        "dmean2": 0.530723869801,
        "dvar": 0.0870515629649,
        "dvar2": 0.222560942173,
        "max": 3.16037249565,
        "mean": 1.39846765995,
        "median": 1.39838588238,
        "min": -0.00868140440434,
        "var": 0.29470705986
    },
    "spectral_spread": {
        "dmean": 549804.75,
        "dmean2": 773605.9375,
        "dvar": 1.16610931098e+12,
        "dvar2": 1.30770639258e+12,
        "max": 41358476,
        "mean": 3726351.75,
        "median": 3522408,
        "min": 1649667.625,
        "var": 2.6394338263e+12
    },
    "spectral_strongpeak": {
        "dmean": 0.43090441823,
        "dmean2": 0.702223062515,
        "dvar": 0.405750185251,
        "dvar2": 0.946766197681,
        "max": 7.82169103622,
        "mean": 1.1234010458,
        "median": 0.808569610119,
        "min": 0,
        "var": 1.21472895145
    },
    "zerocrossingrate": {
        "dmean": 0.0103075718507,
        "dmean2": 0.0113473385572,
        "dvar": 0.000301024876535,
        "dvar2": 0.000254265818512,
        "max": 0.5224609375,
        "mean": 0.0646559149027,
        "median": 0.05419921875,
        "min": 0.01220703125,
        "var": 0.00173895503394
    },
    "barkbands": {
        "dmean": [5.25250925421e-06, 6.51400987408e-05, 0.00017096917145, 0.000204183947062, 0.00161139667034, 0.000657774391584, 0.000526566291228, 0.00119142909534, 0.00054296531016, 0.000389589287806, 0.000173012405867, 0.000301503692754, 0.000310742616421, 0.000153487490024, 0.00010799105803, 0.000183159892913, 0.000120962817164, 0.000235065817833, 0.000223085720791, 0.000168073893292, 0.000193791012862, 0.00018932876992, 8.43944580993e-05, 5.09038836753e-05, 2.69526972261e-05, 7.79546917329e-06, 1.2399685545e-07],
        "dmean2": [9.45594820223e-06, 9.30787209654e-05, 0.00024646834936, 0.000328865338815, 0.0026239331346, 0.0010611419566, 0.000837061379571, 0.00172988593113, 0.000773158681113, 0.000509574718308, 0.000253252277616, 0.00046660436783, 0.000501060741954, 0.000241980262217, 0.000172014610143, 0.000284684298094, 0.00019947765395, 0.000365664949641, 0.000351309718098, 0.000252151803579, 0.000287218776066, 0.000285170652205, 0.00012442987645, 7.60062321206e-05, 4.36927657574e-05, 1.27323428387e-05, 2.23199464244e-07],
        "dvar": [2.29211566394e-10, 1.72012626365e-08, 1.16459496269e-07, 1.80549591278e-07, 6.39918425804e-06, 2.19333264795e-06, 2.17155798055e-06, 1.06930165202e-05, 1.48490676111e-06, 1.4453021322e-06, 4.52574823839e-07, 2.05571666356e-07, 2.31351194202e-07, 7.09929892651e-08, 4.54665141092e-08, 1.10970518108e-07, 5.87144377562e-08, 2.42871664113e-07, 2.55210011346e-07, 2.56881634186e-07, 5.51294988327e-07, 6.91758259563e-07, 1.85208833159e-07, 2.56963037515e-08, 4.72811922947e-09, 3.44959588672e-10, 2.55399596871e-13],
        "dvar2": [5.87784709793e-10, 3.85373404299e-08, 2.50396539059e-07, 4.20868758511e-07, 1.63910372066e-05, 5.59299360248e-06, 4.75333990835e-06, 2.28441058425e-05, 3.14652561428e-06, 2.4341079552e-06, 1.08083520445e-06, 5.08924870246e-07, 6.10023448644e-07, 1.58889918112e-07, 1.18715789199e-07, 2.75841927078e-07, 1.50687498035e-07, 5.64959748317e-07, 5.56099564619e-07, 5.45147827324e-07, 1.16799469652e-06, 1.46446632243e-06, 3.53266301545e-07, 5.2036092768e-08, 1.1225111507e-08, 8.00084110075e-10, 7.06538722927e-13],
        "max": [0.000319157727063, 0.00225751055405, 0.00729493470863, 0.00664367480204, 0.0285335220397, 0.0244437213987, 0.0260970909148, 0.075186394155, 0.020489661023, 0.0276697035879, 0.0192742235959, 0.00518765859306, 0.00599842472002, 0.00593595718965, 0.00337745249271, 0.00490891234949, 0.00389058073051, 0.00714559387416, 0.00771066267043, 0.0113563798368, 0.0192944891751, 0.0182651020586, 0.0102828405797, 0.00441467249766, 0.000678070820868, 0.000186589357327, 8.83699522092e-06],
        "mean": [4.69846099804e-06, 0.000180661168997, 0.000423759338446, 0.000484518997837, 0.00388866965659, 0.00105025270022, 0.000922727631405, 0.00308409379795, 0.00119814509526, 0.00103237479925, 0.000331226619892, 0.000582174630836, 0.000524888571817, 0.000276691454928, 0.000185458833585, 0.000324497494148, 0.000234275430557, 0.000444182573119, 0.000381510180887, 0.000274568912573, 0.00028228663723, 0.00027567424695, 0.000127312727273, 7.56016961532e-05, 3.25328437611e-05, 7.44365934224e-06, 8.46765644269e-08],
        "median": [2.02387900572e-06, 6.0045025748e-05, 0.000192541832803, 0.00023733706621, 0.00214563193731, 0.000485989701701, 0.000194119435037, 0.000976819428615, 0.00045796536142, 0.000241322384682, 0.000102086385596, 0.000383143371437, 0.000269403331913, 9.65880535659e-05, 9.01828461792e-05, 0.00015754904598, 0.000107961626782, 0.00016254466027, 0.000106804291136, 8.42805529828e-05, 3.93388290831e-05, 3.35413533321e-05, 9.68540007307e-06, 1.16656619866e-05, 4.82186715089e-06, 6.60968623833e-07, 7.82494902207e-10],
        "min": [2.17357054026e-23, 3.09303778131e-23, 1.24025318942e-23, 9.91625610222e-24, 3.4878550913e-23, 9.7478431342e-23, 7.98162585036e-23, 1.71410986561e-23, 1.15879123138e-22, 5.99695278702e-23, 5.44374482902e-23, 6.42412286046e-23, 1.46770789969e-22, 1.18539490277e-22, 1.69359121481e-22, 4.24679797338e-23, 1.24457499544e-22, 2.15013417696e-22, 3.67678677323e-22, 2.0232732265e-22, 5.74477288828e-22, 4.802002065e-22, 7.15718025012e-22, 9.8413995132e-22, 1.49654047547e-21, 1.73236318557e-21, 2.1791285639e-21],
        "var": [1.99808045109e-10, 8.02009267886e-08, 4.3669427896e-07, 5.10194809067e-07, 2.24482428166e-05, 3.42886005456e-06, 5.51487937628e-06, 5.14076709806e-05, 3.65508230971e-06, 8.67191010911e-06, 8.55654491261e-07, 4.29795193213e-07, 5.18176477726e-07, 3.03584471339e-07, 8.89139002425e-08, 2.27387545237e-07, 1.50612308403e-07, 5.20591925124e-07, 5.29712906427e-07, 4.18274396452e-07, 1.06671575395e-06, 1.33802370783e-06, 4.35362409235e-07, 5.70750202655e-08, 5.72705394219e-09, 3.70953961992e-10, 1.63182225436e-13]
    },
    "erbbands": {
        "dmean": [0.000578145496547, 0.0209718439728, 0.16704146564, 0.396698951721, 2.22835803032, 6.15936470032, 9.28259658813, 4.15618038177, 6.73012161255, 15.8183202744, 20.1549835205, 12.8790149689, 11.076593399, 7.74068927765, 8.89579772949, 9.08430099487, 14.0200529099, 5.84612894058, 7.35602331161, 6.37057065964, 9.62284564972, 7.42420959473, 13.704788208, 10.3379325867, 10.4664964676, 7.72516965866, 7.37332439423, 8.51947498322, 6.83133268356, 4.20400524139, 2.0933842659, 1.17084395885, 0.775550186634, 0.359657943249, 0.175297230482, 0.0585729517043, 0.00903889071196, 0.000819245527964, 2.17294655158e-05, 6.48228569844e-06],
        "dmean2": [0.00093121372629, 0.0294892825186, 0.234532639384, 0.618751466274, 3.3787689209, 10.2120542526, 15.02257061, 6.93329572678, 10.6574783325, 23.2790489197, 29.1748943329, 18.5885162354, 14.4720478058, 10.7749023438, 13.5133056641, 14.2323131561, 22.367811203, 9.03828907013, 11.7076358795, 9.91795444489, 15.1571474075, 12.0626602173, 21.5972709656, 15.8777923584, 16.1019897461, 11.4804458618, 10.5255670547, 12.8946733475, 10.0482940674, 5.84958457947, 3.12105178833, 1.64024865627, 1.18800842762, 0.562597632408, 0.292456537485, 0.0943662449718, 0.0148228220642, 0.00138121086638, 3.44704458257e-05, 9.24979394767e-06],
        "dvar": [1.55951806846e-06, 0.00174359849188, 0.118822209537, 0.579232156277, 19.275270462, 111.932518005, 218.057403564, 130.462127686, 381.54510498, 2462.20947266, 2189.39501953, 1008.36608887, 895.460693359, 368.53894043, 905.013244629, 201.86932373, 462.771728516, 90.1674804688, 167.368652344, 128.727111816, 317.306488037, 224.341522217, 986.704223633, 612.775024414, 599.043273926, 556.096618652, 552.475891113, 1153.43664551, 1033.16015625, 378.709594727, 122.458885193, 21.0713195801, 4.34106397629, 0.809233129025, 0.247383356094, 0.0188907701522, 0.000521321489941, 4.9296349971e-06, 2.81279244341e-09, 1.12986127399e-10],
        "dvar2": [4.40177154815e-06, 0.00370088987984, 0.249230012298, 1.44347715378, 43.3212280273, 293.26852417, 549.510986328, 342.617980957, 920.242431641, 5356.90478516, 4646.53759766, 2105.26318359, 1502.26428223, 747.234375, 2073.55395508, 508.645965576, 1197.56066895, 194.187759399, 402.597259521, 314.136322021, 747.967834473, 576.876525879, 2436.60888672, 1395.57800293, 1242.58374023, 1203.9309082, 969.234008789, 2562.64038086, 2378.75463867, 639.741271973, 229.091384888, 33.8255577087, 10.023393631, 1.951177001, 0.599894404411, 0.043459225446, 0.00122828793246, 1.2251732187e-05, 6.74910216603e-09, 2.30892249764e-10],
        "max": [0.018040606752, 0.684519767761, 7.68053245544, 12.5643806458, 84.3081817627, 129.999404907, 219.189376831, 139.357849121, 432.735961914, 1365.73425293, 840.271484375, 552.790283203, 700.090942383, 369.084655762, 962.658325195, 137.53717041, 332.814666748, 325.414276123, 174.28062439, 231.397964478, 318.282409668, 273.972229004, 499.871765137, 339.368774414, 393.820892334, 566.729248047, 426.74029541, 875.76776123, 681.788269043, 420.484008789, 260.674468994, 143.43157959, 33.5329170227, 9.44371604919, 6.52405548096, 1.57703280449, 0.256924420595, 0.0190136469901, 0.000517646025401, 0.000160352079547],
        "mean": [0.00122578570154, 0.0602014511824, 0.463756352663, 1.05926215649, 4.52276229858, 13.0239191055, 20.3144111633, 6.82334852219, 10.8850364685, 41.4865112305, 50.9752159119, 29.4132194519, 30.0091533661, 20.9234142303, 17.8219890594, 18.4536361694, 24.8336639404, 13.064655304, 13.0100431442, 12.3788471222, 18.7121734619, 15.029633522, 26.625289917, 18.8994941711, 18.5274066925, 12.9003419876, 11.4317026138, 11.7217721939, 9.3779001236, 6.45921087265, 3.33249640465, 1.86467039585, 1.11098384857, 0.460891097784, 0.192734196782, 0.0582638569176, 0.0083939768374, 0.000724493002053, 2.96448688459e-05, 2.24410923693e-05],
        "median": [0.000510342128109, 0.022243430838, 0.216108605266, 0.658636569977, 2.07379627228, 6.03090524673, 10.2954149246, 3.4387652874, 3.29732632637, 10.6865186691, 23.1911048889, 12.0968084335, 9.37221336365, 7.05449533463, 10.4800891876, 12.3880901337, 13.071393013, 5.47355222702, 5.92201375961, 7.0914721489, 9.29182052612, 7.84486436844, 9.86276531219, 6.03636217117, 5.61602640152, 4.08969306946, 2.12559008598, 1.77509045601, 1.0515294075, 0.511560559273, 0.30200779438, 0.228959560394, 0.186781004071, 0.0675088986754, 0.0188321191818, 0.00603545783088, 0.000740932649933, 5.53598511033e-05, 1.14243175631e-05, 1.63778877322e-05],
        "min": [6.73685900394e-22, 7.92362771113e-21, 1.32472345021e-20, 3.45149640888e-20, 3.64561598848e-20, 1.61154079898e-19, 5.13938636614e-19, 8.47724677042e-19, 1.29529804442e-18, 5.81529322224e-19, 7.23457333618e-19, 3.04050748223e-18, 1.65024920688e-18, 1.6247002861e-18, 2.52384592214e-18, 2.74238187009e-18, 7.13149381055e-18, 5.06175184674e-18, 1.09987385365e-17, 5.04175558261e-18, 3.4804654113e-18, 7.17935778952e-18, 1.15967446245e-17, 1.82324139682e-17, 1.43740151116e-17, 9.89136289918e-18, 1.89438008755e-17, 2.18369974168e-17, 1.65299670797e-17, 1.85811847473e-17, 2.02506701427e-17, 1.85774640889e-17, 1.81844110228e-17, 1.42651829585e-17, 1.23153941776e-17, 5.56499033344e-18, 3.36056165241e-18, 1.42856821484e-18, 2.68206954669e-19, 3.51090574832e-20],
        "var": [3.29271688315e-06, 0.00868195015937, 0.523406386375, 1.80277860165, 49.8658866882, 316.526550293, 776.070068359, 171.636398315, 611.96875, 14749.2578125, 6284.00244141, 2535.5534668, 5267.84667969, 1814.97021484, 1295.7298584, 384.159729004, 1160.12939453, 626.453796387, 390.79498291, 287.690795898, 769.00390625, 465.048522949, 1846.54296875, 1226.43286133, 1396.14990234, 861.29486084, 1230.77978516, 1981.84204102, 1717.9642334, 997.762573242, 298.512481689, 64.5276184082, 7.41016435623, 1.03535974026, 0.269319504499, 0.0224880054593, 0.000552917073946, 4.25787129643e-06, 3.12032089056e-09, 4.20442403115e-10]
    },
    "gfcc": {
        "mean": [-55.4051628113, 109.68724823, -157.909179688, 26.9709701538, -74.0675811768, -6.66880083084, -41.2845306396, -2.60805416107, -29.608165741, -11.7732667923, -15.5063915253, -11.6813230515, -9.27771949768],
        "cov": [[13467.2373047, -1475.77697754, -267.465881348, 262.80682373, -1169.15087891, 358.937103271, -735.846008301, 184.163909912, -361.365447998, 82.8173599243, -359.836517334, -36.3740997314, -113.989547729], [-1475.77697754, 2354.52758789, -742.509460449, -58.964969635, 774.848754883, -552.205566406, 683.296508789, -231.31602478, 317.341278076, -219.147399902, 272.023498535, -227.162246704, 108.752464294], [-267.465881348, -742.509460449, 656.712646484, -89.0046081543, -169.077163696, 242.217437744, -358.616424561, 120.189590454, -152.282333374, 130.002716064, -107.317962646, 109.965812683, -53.7384681702], [262.80682373, -58.964969635, -89.0046081543, 446.172271729, -5.00017738342, 15.8733654022, 151.763900757, -39.9708442688, 82.8226470947, -11.8134441376, 42.3288612366, 5.68173265457, 4.03143692017], [-1169.15087891, 774.848754883, -169.077163696, -5.00017738342, 422.715759277, -178.145736694, 267.467926025, -45.4229164124, 103.014343262, -42.6869468689, 79.2607803345, -50.8142852783, 14.319149971], [358.937103271, -552.205566406, 242.217437744, 15.8733654022, -178.145736694, 286.327606201, -158.902099609, 67.9173126221, -85.779258728, 57.8731422424, -63.0201301575, 61.1490898132, -8.07825183868], [-735.846008301, 683.296508789, -358.616424561, 151.763900757, 267.467926025, -158.902099609, 507.714538574, -82.6742477417, 151.338470459, -50.4308700562, 92.7173156738, -58.4966316223, 12.5640583038], [184.163909912, -231.31602478, 120.189590454, -39.9708442688, -45.4229164124, 67.9173126221, -82.6742477417, 135.802642822, -22.6804904938, 38.15807724, -35.7568283081, 7.6301035881, -23.2425994873], [-361.365447998, 317.341278076, -152.282333374, 82.8226470947, 103.014343262, -85.779258728, 151.338470459, -22.6804904938, 152.802780151, -23.128868103, 69.3514633179, -46.8247032166, 9.07137966156], [82.8173599243, -219.147399902, 130.002716064, -11.8134441376, -42.6869468689, 57.8731422424, -50.4308700562, 38.15807724, -23.128868103, 122.180351257, -25.5404624939, 20.0030441284, -53.9534568787], [-359.836517334, 272.023498535, -107.317962646, 42.3288612366, 79.2607803345, -63.0201301575, 92.7173156738, -35.7568283081, 69.3514633179, -25.5404624939, 104.177787781, -16.7220039368, 18.5163764954], [-36.3740997314, -227.162246704, 109.965812683, 5.68173265457, -50.8142852783, 61.1490898132, -58.4966316223, 7.6301035881, -46.8247032166, 20.0030441284, -16.7220039368, 117.354988098, 17.9327411652], [-113.989547729, 108.752464294, -53.7384681702, 4.03143692017, 14.319149971, -8.07825183868, 12.5640583038, -23.2425994873, 9.07137966156, -53.9534568787, 18.5163764954, 17.9327411652, 101.930290222]],
        "icov": [[0.000171660693013, -0.000361844402505, 0.000452162319561, -0.000357501005055, 0.000669837347232, -0.000173405001988, 0.000395264913095, -0.000428580475273, 0.000395345501602, -0.000296153855743, 0.000612750940491, -0.000199872301891, 0.000308175920509], [-0.000361844402505, 0.00384677061811, -0.000696633593179, 0.00195945962332, -0.00458573037758, 0.00162848387845, -0.00175114523154, 0.00261042849161, -0.00157620816026, 0.00166124338284, -0.00355727877468, 0.00293542211875, -0.00221992982551], [0.000452162319561, -0.000696633593179, 0.00550816906616, -0.0010261957068, 0.000137862836709, -0.00214237812907, 0.00333406100981, -0.00185341830365, 0.00152708194219, -0.00267809303477, 0.00214727385901, -0.0022375069093, 0.00162082782481], [-0.000357501005055, 0.00195945962332, -0.0010261957068, 0.00423461291939, -0.00183305481914, 9.37672666623e-05, -0.00226808385924, 0.00225301715545, -0.00276646972634, 0.00140614865813, -0.00242789299227, 0.000758348207455, -0.000842524925247], [0.000669837347232, -0.00458573037758, 0.000137862836709, -0.00183305481914, 0.0107111949474, 6.19340207777e-05, -0.000164005061379, -0.00369702954777, 0.00186860060785, -0.00167196476832, 0.00343611533754, -0.00277280667797, 0.00227665365674], [-0.000173405001988, 0.00162848387845, -0.00214237812907, 9.37672666623e-05, 6.19340207777e-05, 0.00765503617004, -0.00151897536125, -0.000441383570433, 0.000666391744744, -0.000116924107715, -0.00120671174955, 0.000897776568308, -0.00243995455094], [0.000395264913095, -0.00175114523154, 0.00333406100981, -0.00226808385924, -0.000164005061379, -0.00151897536125, 0.00661764806136, -0.000843633839395, -0.000442797900178, -0.00186661852058, 0.00247630360536, -0.00202024751343, 0.00200937385671], [-0.000428580475273, 0.00261042849161, -0.00185341830365, 0.00225301715545, -0.00369702954777, -0.000441383570433, -0.000843633839395, 0.0119943767786, -0.00338385230862, 0.000405780068832, -0.000802437774837, 0.00256469054148, -0.000796805077698], [0.000395345501602, -0.00157620816026, 0.00152708194219, -0.00276646972634, 0.00186860060785, 0.000666391744744, -0.000442797900178, -0.00338385230862, 0.0147562799975, -0.00204664212652, -0.00362472096458, 0.00195116479881, 3.02335156448e-05], [-0.000296153855743, 0.00166124338284, -0.00267809303477, 0.00140614865813, -0.00167196476832, -0.000116924107715, -0.00186661852058, 0.000405780068832, -0.00204664212652, 0.0145568642765, -0.00175683409907, -0.000405747035984, 0.00525493919849], [0.000612750940491, -0.00355727877468, 0.00214727385901, -0.00242789299227, 0.00343611533754, -0.00120671174955, 0.00247630360536, -0.000802437774837, -0.00362472096458, -0.00175683409907, 0.01956224069, -0.00372018828057, 0.00113568711095], [-0.000199872301891, 0.00293542211875, -0.0022375069093, 0.000758348207455, -0.00277280667797, 0.000897776568308, -0.00202024751343, 0.00256469054148, 0.00195116479881, -0.000405747035984, -0.00372018828057, 0.0145228505135, -0.0055381692946], [0.000308175920509, -0.00221992982551, 0.00162082782481, -0.000842524925247, 0.00227665365674, -0.00243995455094, 0.00200937385671, -0.000796805077698, 3.02335156448e-05, 0.00525493919849, 0.00113568711095, -0.0055381692946, 0.0160159133375]]
    },
    "melbands": {
        "dmean": [1.10410564957e-05, 6.58433127683e-05, 0.000105977022031, 0.000279643165413, 0.000333758973284, 9.92989153019e-05, 0.000104604987428, 0.000215422420297, 0.000147322396515, 8.05370873422e-05, 5.8549696405e-05, 3.69224726455e-05, 2.34713552345e-05, 3.85022176488e-05, 2.31043650274e-05, 3.6336346966e-05, 8.86576526682e-06, 1.45235326272e-05, 9.81306220638e-06, 1.12993930088e-05, 1.1582251318e-05, 8.34541970107e-06, 9.67803134699e-06, 1.12666321002e-05, 8.87073292688e-06, 9.40764221014e-06, 6.1106316025e-06, 5.26160329173e-06, 4.5770966608e-06, 5.17157104696e-06, 5.1081269703e-06, 4.0035447455e-06, 3.60945819011e-06, 2.01706620828e-06, 1.35976824822e-06, 9.11873087261e-07, 6.61000854052e-07, 5.83201540394e-07, 4.6952763455e-07, 2.69248829454e-07],
        "dmean2": [1.64978973771e-05, 9.22605977394e-05, 0.000158833820024, 0.000448855716968, 0.000541032582987, 0.000165142409969, 0.000164410943398, 0.000316222052788, 0.000214383690036, 0.000116154064017, 7.60823313612e-05, 5.13986233273e-05, 3.57033131877e-05, 5.82419743296e-05, 3.73681432393e-05, 5.82857028348e-05, 1.35218833748e-05, 2.33899554587e-05, 1.5806128431e-05, 1.7469345039e-05, 1.8564189304e-05, 1.38292807605e-05, 1.54342487804e-05, 1.7680999008e-05, 1.3915031559e-05, 1.47535720316e-05, 9.22415529203e-06, 8.09002085589e-06, 6.79188178765e-06, 7.83237828728e-06, 7.95293181e-06, 6.12959229329e-06, 5.38670155947e-06, 2.79934943137e-06, 2.11509336623e-06, 1.35803452395e-06, 9.82450501397e-07, 8.78885430211e-07, 7.7301035617e-07, 4.27617379728e-07],
        "dvar": [4.90966489686e-10, 1.75587153706e-08, 3.81215272682e-08, 2.54961122437e-07, 2.70119215884e-07, 7.04530407347e-08, 8.64841993575e-08, 4.06465261449e-07, 1.04385705413e-07, 4.364543571e-08, 2.70928950385e-08, 9.96589122337e-09, 7.82613618355e-09, 3.75527697827e-09, 2.46261411263e-09, 3.55097395932e-09, 3.20874354864e-10, 6.95667745632e-10, 4.41330944012e-10, 4.53305309955e-10, 4.65768201785e-10, 2.87231599616e-10, 3.76500192134e-10, 5.88439019733e-10, 5.19773113439e-10, 4.39993930179e-10, 2.07004746677e-10, 3.55402762775e-10, 2.23072185723e-10, 5.64100599565e-10, 3.54623996834e-10, 3.87635507026e-10, 2.8721369727e-10, 9.25032897503e-11, 5.45627154569e-11, 1.94674779769e-11, 5.47152427532e-12, 2.30384504876e-12, 1.87956898309e-12, 4.66615678388e-13],
        "dvar2": [1.24380616917e-09, 3.6039580209e-08, 8.1038571409e-08, 6.69198072956e-07, 6.91865693625e-07, 1.84327475949e-07, 2.00609505896e-07, 8.76496812907e-07, 2.21611514917e-07, 9.36186737022e-08, 4.56338007382e-08, 1.87485404979e-08, 1.84197901376e-08, 8.78390338244e-09, 6.29401775143e-09, 9.73646319125e-09, 6.08486150355e-10, 1.63920377272e-09, 1.16557263841e-09, 1.15078857554e-09, 1.09074915766e-09, 7.41169570162e-10, 9.20631071377e-10, 1.39604583449e-09, 1.22484811182e-09, 9.42571354301e-10, 3.71876168748e-10, 8.33408619894e-10, 3.84188902913e-10, 1.32791633245e-09, 7.98434485194e-10, 9.48523704025e-10, 5.96285798515e-10, 1.55240695299e-10, 1.13603147722e-10, 3.31464473924e-11, 9.81406015482e-12, 5.15806061058e-12, 5.02391574522e-12, 1.09030850754e-12],
        "max": [0.000342374783941, 0.0028914262075, 0.00345740234479, 0.00720495451242, 0.00703212292865, 0.00311566167511, 0.00623277435079, 0.0170594025403, 0.00551179563627, 0.00369876320474, 0.00384738738649, 0.00206485902891, 0.00272241351195, 0.00104910950176, 0.000612116826233, 0.000569783849642, 0.000726184342057, 0.000372777925804, 0.000300071085803, 0.000283731758827, 0.0003486321948, 0.000277033715975, 0.000272896519164, 0.000357528304448, 0.000324114633258, 0.000314168806653, 0.000314842065563, 0.000497820728924, 0.00032362100319, 0.000657809665427, 0.000417946721427, 0.00043562753126, 0.000320313643897, 0.000221042588237, 0.000169062943314, 0.000129352949443, 6.33757153992e-05, 2.87968141492e-05, 1.5670177163e-05, 9.70208111539e-06],
        "mean": [2.82958444586e-05, 0.000184301025001, 0.000264331960352, 0.000589726085309, 0.000757531321142, 0.000157269998454, 0.000168908460182, 0.000571848184336, 0.000365890184185, 0.000174298358615, 0.000156285619596, 9.93254361674e-05, 4.70800623589e-05, 7.35409994377e-05, 3.83280566894e-05, 5.83808141528e-05, 2.0035660782e-05, 2.31824087678e-05, 1.59763021657e-05, 1.94248350454e-05, 2.13065886783e-05, 1.46493612192e-05, 1.96081382455e-05, 2.09084537346e-05, 1.48384579006e-05, 1.51857830133e-05, 1.06197039713e-05, 7.92385435489e-06, 6.82173958921e-06, 7.12603241482e-06, 6.89111129759e-06, 5.39014627066e-06, 4.92006029162e-06, 3.01945374304e-06, 2.00615681933e-06, 1.42736143971e-06, 1.00068837128e-06, 8.16763247258e-07, 5.79810432555e-07, 3.23425496163e-07],
        "median": [1.0070958524e-05, 8.33677622722e-05, 0.000149062383571, 0.000288374983938, 0.000403502956033, 7.41050389479e-05, 4.40592812083e-05, 0.000161559073604, 0.000186231729458, 5.84867775615e-05, 4.60637093056e-05, 3.02975749946e-05, 2.35473471548e-05, 4.64656404802e-05, 1.60911713465e-05, 2.83809840766e-05, 6.22828611085e-06, 9.5475343187e-06, 7.43598911868e-06, 9.67058531387e-06, 9.74798967945e-06, 6.94160826242e-06, 8.05748641142e-06, 7.43087457522e-06, 4.08337564295e-06, 4.15355907535e-06, 3.44506179317e-06, 2.41693851422e-06, 1.23183212963e-06, 8.98892835721e-07, 9.60036459219e-07, 5.74450893964e-07, 4.01654602911e-07, 1.70995306803e-07, 1.53092443611e-07, 1.50254450659e-07, 1.2428365892e-07, 1.43304021094e-07, 8.93350460274e-08, 3.86657674767e-08],
        "min": [9.29509755912e-24, 8.77791167219e-24, 5.12924144778e-24, 6.70383384702e-24, 1.58169830049e-23, 1.99017142385e-23, 1.76438728432e-23, 5.24022786626e-24, 8.65539210728e-24, 1.77492646601e-23, 8.16086388326e-24, 7.03558298982e-24, 9.06150006787e-24, 5.41989290958e-24, 9.03981507044e-24, 1.74048542998e-23, 7.91660414801e-24, 1.89560877387e-23, 9.40841506157e-24, 3.34223089488e-24, 4.46105062308e-24, 6.88453269255e-24, 9.23402789214e-24, 1.05266324945e-23, 1.57124526241e-23, 1.29321462847e-23, 7.61885806567e-24, 5.79597564082e-24, 1.11054268404e-23, 1.64363350566e-23, 1.01771726355e-23, 7.45920366251e-24, 1.25484624842e-23, 1.04277661349e-23, 1.12473058408e-23, 1.27602353496e-23, 1.01087610401e-23, 1.18025384892e-23, 1.23233097489e-23, 1.17262580062e-23],
        "var": [1.84846604689e-09, 8.04056980996e-08, 1.09720964758e-07, 6.87904673669e-07, 1.05390927274e-06, 9.13311879458e-08, 1.72636418938e-07, 2.40632152781e-06, 2.8409564834e-07, 1.01788764084e-07, 1.60097485491e-07, 5.11637843204e-08, 1.18270335747e-08, 8.19490697523e-09, 3.65471164443e-09, 6.99403557292e-09, 2.87512635921e-09, 1.50835655077e-09, 7.63644092405e-10, 8.43217995428e-10, 1.06615882789e-09, 5.92519977527e-10, 8.15212453098e-10, 1.16851228693e-09, 9.39775257613e-10, 9.79362702047e-10, 4.97897501006e-10, 4.31872870799e-10, 4.47421044658e-10, 8.29529611668e-10, 6.16134143705e-10, 5.44235434496e-10, 5.72623781725e-10, 2.39212788467e-10, 1.1444504372e-10, 5.36643958438e-11, 1.49575837827e-11, 4.3160583614e-12, 1.83117800437e-12, 5.95821948637e-13]
    },
    "mfcc": {
        "mean": [-677.565246582, 126.694740295, -25.3051948547, 20.8489665985, -13.5852003098, -10.1049118042, -6.10581111908, -3.92817425728, -7.0774564743, -7.97956848145, -5.96615982056, -4.42758750916, -8.58512592316],
        "cov": [[9404.875, -588.926940918, -94.4989929199, -20.2980518341, -395.210845947, -146.641174316, -260.720245361, -110.336044312, -81.2875747681, -52.7387123108, -92.8113632202, 5.41957950592, -190.888198853], [-588.926940918, 2123.51464844, -879.635131836, 303.734436035, 21.5943164825, -93.4938583374, 217.651672363, 38.5631370544, 51.3284683228, 68.6131896973, 126.812271118, -42.7013931274, -37.1329956055], [-94.4989929199, -879.635131836, 726.892822266, -293.993286133, 150.784835815, 14.5684089661, -113.13343811, -67.0042877197, -46.7860221863, -38.9839553833, -122.702087402, 46.5079498291, 38.7521629333], [-20.2980518341, 303.734436035, -293.993286133, 476.376342773, -102.810493469, 92.5821456909, 68.3488235474, 88.8389282227, 39.8283195496, 32.2427330017, 130.157699585, -14.0758161545, 38.5254325867], [-395.210845947, 21.5943164825, 150.784835815, -102.810493469, 249.364044189, -55.7929801941, -22.8407878876, -31.314661026, -14.041724205, -3.94275927544, -40.9587364197, 11.8169145584, 11.3776140213], [-146.641174316, -93.4938583374, 14.5684089661, 92.5821456909, -55.7929801941, 182.25189209, 41.0333213806, 40.7892341614, 15.0430183411, 11.7877120972, 26.2288970947, -4.99154853821, 22.9203395844], [-260.720245361, 217.651672363, -113.13343811, 68.3488235474, -22.8407878876, 41.0333213806, 137.740066528, 42.1678314209, 31.5441093445, 25.7246608734, 42.3010673523, -11.876203537, -8.82001590729], [-110.336044312, 38.5631370544, -67.0042877197, 88.8389282227, -31.314661026, 40.7892341614, 42.1678314209, 121.845466614, 31.9660129547, 12.6559314728, 16.0668048859, -9.79607486725, 16.7496604919], [-81.2875747681, 51.3284683228, -46.7860221863, 39.8283195496, -14.041724205, 15.0430183411, 31.5441093445, 31.9660129547, 92.848197937, 22.5303401947, 12.0917739868, -15.1532707214, 2.14254760742], [-52.7387123108, 68.6131896973, -38.9839553833, 32.2427330017, -3.94275927544, 11.7877120972, 25.7246608734, 12.6559314728, 22.5303401947, 109.332107544, 56.6667366028, 23.6797981262, -16.4052886963], [-92.8113632202, 126.812271118, -122.702087402, 130.157699585, -40.9587364197, 26.2288970947, 42.3010673523, 16.0668048859, 12.0917739868, 56.6667366028, 167.325714111, 16.5617961884, -11.2155189514], [5.41957950592, -42.7013931274, 46.5079498291, -14.0758161545, 11.8169145584, -4.99154853821, -11.876203537, -9.79607486725, -15.1532707214, 23.6797981262, 16.5617961884, 91.6905822754, 15.6029291153], [-190.888198853, -37.1329956055, 38.7521629333, 38.5254325867, 11.3776140213, 22.9203395844, -8.82001590729, 16.7496604919, 2.14254760742, -16.4052886963, -11.2155189514, 15.6029291153, 91.4841308594]],
