{
"lowlevel": {
    "average_loudness": 0.952250242233,
    "barkbands_crest": {
        "dmean": 1.91776609421,
        "dmean2": 3.13585972786,
        "dvar": 3.93238472939,
        "dvar2": 10.4460220337,
        "max": 21.4745826721,
        "mean": 8.4832277298,
        "median": 7.73013591766,
        "min": 3.07076001167,
        "var": 9.81017875671
    },
    "barkbands_flatness_db": {
        "dmean": 0.0136729413643,
        "dmean2": 0.0222750436515,
        "dvar": 0.000149206491187,
        "dvar2": 0.000395161507186,
        "max": 0.266982734203,
        "mean": 0.16228364408,
        "median": 0.15896871686,
        "min": 0.0821367129683,
        "var": 0.000989488558844
    },
    "barkbands_kurtosis": {
        "dmean": 1.21111965179,
        "dmean2": 1.94219970703,
        "dvar": 2.78136062622,
        "dvar2": 7.37583351135,
        "max": 25.6374549866,
        "mean": 2.60070109367,
        "median": 2.11333179474,
        "min": -1.62853741646,
        "var": 7.14763498306
    },
    "barkbands_skewness": {
        "dmean": 0.29401165247,
        "dmean2": 0.456209331751,
        "dvar": 0.0914305225015,
        "dvar2": 0.227008879185,
        "max": 4.52617549896,
        "mean": 1.30430090427,
        "median": 1.31549561024,
        "min": -1.43826055527,
        "var": 0.421288132668
    },
    "barkbands_spread": {
        "dmean": 3.30284690857,
        "dmean2": 5.1054058075,
        "dvar": 14.4970722198,
        "dvar2": 33.8533592224,
        "max": 70.3567581177,
        "mean": 19.029592514,
        "median": 16.5010147095,
        "min": 4.6915807724,
        "var": 90.9874725342
    },
    "dissonance": {
        "dmean": 0.0200332477689,
        "dmean2": 0.0334676243365,
        "dvar": 0.000313186348649,
        "dvar2": 0.000849257339723,
        "max": 0.499295353889,
        "mean": 0.457323610783,
        "median": 0.462360352278,
        "min": 0.322918206453,
        "var": 0.00071159133222
    },
    "dynamic_complexity": 2.86155247688,
    "erbbands_crest": {
        "dmean": 2.26377463341,
        "dmean2": 3.68758821487,
        "dvar": 4.50476980209,
        "dvar2": 11.2707567215,
        "max": 26.6775226593,
        "mean": 8.43073272705,
        "median": 7.43040561676,
        "min": 3.13534975052,
        "var": 14.4000787735
    },
    "erbbands_flatness_db": {
        "dmean": 0.0116637758911,
        "dmean2": 0.0174082573503,
        "dvar": 0.000111062123324,
        "dvar2": 0.00023604335729,
        "max": 0.282305985689,
        "mean": 0.193789094687,
        "median": 0.191380798817,
        "min": 0.119328245521,
        "var": 0.000924175954424
    },
    "erbbands_kurtosis": {
        "dmean": 0.660967111588,
        "dmean2": 1.04438519478,
        "dvar": 0.628248870373,
        "dvar2": 1.5585372448,
        "max": 12.5462446213,
        "mean": 0.413269340992,
        "median": 0.0245795249939,
        "min": -1.7015260458,
        "var": 2.72870898247
    },
    "erbbands_skewness": {
        "dmean": 0.265022605658,
        "dmean2": 0.41097432375,
        "dvar": 0.0530161894858,
        "dvar2": 0.132142335176,
        "max": 3.30394864082,
        "mean": 0.676350593567,
        "median": 0.66026943922,
        "min": -2.03461956978,
        "var": 0.317586779594
    },
    "erbbands_spread": {
        "dmean": 5.66960382462,
        "dmean2": 8.76868629456,
        "dvar": 31.9964866638,
        "dvar2": 64.770980835,
        "max": 92.0123672485,
        "mean": 36.5480079651,
        "median": 34.2344207764,
        "min": 9.67975330353,
        "var": 265.243377686
    },
    "hfc": {
        "dmean": 3.62263536453,
        "dmean2": 5.22590732574,
        "dvar": 36.1991119385,
        "dvar2": 74.9064025879,
        "max": 105.864425659,
        "mean": 18.0885314941,
        "median": 13.7174005508,
        "min": 0.000438559625763,
        "var": 203.954437256
    },
    "melbands_crest": {
        "dmean": 2.21571183205,
        "dmean2": 3.57488536835,
        "dvar": 5.30261611938,
        "dvar2": 14.2014980316,
        "max": 27.5255661011,
        "mean": 10.7108516693,
        "median": 10.0024795532,
        "min": 3.73971390724,
        "var": 12.2487277985
    },
    "melbands_flatness_db": {
        "dmean": 0.0141195785254,
        "dmean2": 0.0218533612788,
        "dvar": 0.000204375042813,
        "dvar2": 0.000506759039126,
        "max": 0.322379440069,
        "mean": 0.194054290652,
        "median": 0.191700652242,
        "min": 0.0583959035575,
        "var": 0.00198790035211
    },
    "melbands_kurtosis": {
        "dmean": 2.76853275299,
        "dmean2": 4.38666629791,
        "dvar": 13.7796087265,
        "dvar2": 35.8277320862,
        "max": 56.4067382812,
        "mean": 7.92703485489,
        "median": 6.68206691742,
        "min": -1.54703044891,
        "var": 38.6235313416
    },
    "melbands_skewness": {
        "dmean": 0.41171258688,
        "dmean2": 0.636838912964,
        "dvar": 0.170602723956,
        "dvar2": 0.413025528193,
        "max": 6.04479312897,
        "mean": 2.05601334572,
        "median": 2.04755711555,
        "min": -0.225654497743,
        "var": 0.927367508411
    },
    "melbands_spread": {
        "dmean": 3.79840159416,
        "dmean2": 5.88982009888,
        "dvar": 35.6548233032,
        "dvar2": 85.5658340454,
        "max": 185.926956177,
        "mean": 20.1340999603,
        "median": 18.0450801849,
        "min": 3.59665966034,
        "var": 114.598678589
    },
    "pitch_salience": {
        "dmean": 0.0535921007395,
        "dmean2": 0.0871979892254,
        "dvar": 0.00243817269802,
        "dvar2": 0.00640164408833,
        "max": 0.823837280273,
        "mean": 0.601414680481,
        "median": 0.609277486801,
        "min": 0.254044532776,
        "var": 0.00672038178891
    },
    "silence_rate_20dB": {
        "dmean": 0,
        "dmean2": 0,
        "dvar": 0,
        "dvar2": 0,
        "max": 1,
        "mean": 1,
        "median": 1,
        "min": 1,
        "var": 0
    },
    "silence_rate_30dB": {
        "dmean": 0.00310077518225,
        "dmean2": 0.00620636157691,
        "dvar": 0.00309113226831,
        "dvar2": 0.00616792170331,
        "max": 1,
        "mean": 0.996127009392,
        "median": 1,
        "min": 0,
        "var": 0.00385786453262
    },
    "silence_rate_60dB": {
        "dmean": 0.00620155036449,
        "dmean2": 0.0124127231538,
        "dvar": 0.00616302108392,
        "dvar2": 0.016913479194,
        "max": 1,
        "mean": 0.0263361725956,
        "median": 0,
        "min": 0,
        "var": 0.0256423130631
    },
    "spectral_centroid": {
        "dmean": 155.279403687,
        "dmean2": 249.749740601,
        "dvar": 30543.5351562,
        "dvar2": 76317.0234375,
        "max": 3812.45141602,
        "mean": 1157.63220215,
        "median": 1060.70922852,
        "min": 424.261077881,
        "var": 200345.359375
    },
    "spectral_complexity": {
        "dmean": 2.62170553207,
        "dmean2": 4.37626075745,
        "dvar": 6.53909301758,
        "dvar2": 15.640417099,
        "max": 49,
        "mean": 19.2641372681,
        "median": 19,
        "min": 0,
        "var": 54.6483039856
    },
    "spectral_decrease": {
        "dmean": 1.47998269195e-09,
        "dmean2": 2.2393205068e-09,
        "dvar": 4.90429388123e-18,
        "dvar2": 1.12410338e-17,
        "max": -2.00256383199e-13,
        "mean": -6.6600480686e-09,
        "median": -5.62738078358e-09,
        "min": -3.7576825207e-08,
        "var": 2.1377707036e-17
    },
    "spectral_energy": {
        "dmean": 0.00584518443793,
        "dmean2": 0.00882707722485,
        "dvar": 7.47321973904e-05,
        "dvar2": 0.000169110106071,
        "max": 0.149132311344,
        "mean": 0.0267772711813,
        "median": 0.0228655263782,
        "min": 7.95592711711e-07,
        "var": 0.000342111656209
    },
    "spectral_energyband_high": {
        "dmean": 0.000209608348086,
        "dmean2": 0.000305421533994,
        "dvar": 4.02355794904e-07,
        "dvar2": 8.96954759355e-07,
        "max": 0.0139775592834,
        "mean": 0.000646550673991,
        "median": 0.000268797099125,
        "min": 3.85924492363e-09,
        "var": 1.02278249869e-06
    },
    "spectral_energyband_low": {
        "dmean": 0.00235355994664,
        "dmean2": 0.00388300325722,
        "dvar": 3.63048384315e-05,
        "dvar2": 9.28980589379e-05,
        "max": 0.0736968517303,
        "mean": 0.00623562419787,
        "median": 0.00478947814554,
        "min": 9.39328899108e-08,
        "var": 4.1849038098e-05
    },
    "spectral_energyband_middle_high": {
        "dmean": 0.00134737347253,
        "dmean2": 0.00202483590692,
        "dvar": 4.21477398049e-06,
        "dvar2": 8.70138410392e-06,
        "max": 0.0291741136461,
        "mean": 0.0050929649733,
        "median": 0.00315882405266,
        "min": 1.74594617874e-07,
        "var": 2.68047533609e-05
    },
    "spectral_energyband_middle_low": {
        "dmean": 0.00421361858025,
        "dmean2": 0.00621149595827,
        "dvar": 3.64249572158e-05,
        "dvar2": 7.76764718466e-05,
        "max": 0.1290833354,
        "mean": 0.015493100509,
        "median": 0.0120119443163,
        "min": 5.33218781129e-07,
        "var": 0.000169228718732
    },
    "spectral_entropy": {
        "dmean": 0.0969596803188,
        "dmean2": 0.144808426499,
        "dvar": 0.00825562980026,
        "dvar2": 0.0172197669744,
        "max": 8.43834495544,
        "mean": 7.4345703125,
        "median": 7.42663431168,
        "min": 6.61206293106,
        "var": 0.074264280498
    },
    "spectral_flux": {
        "dmean": 0.0166722051799,
        "dmean2": 0.0263043269515,
        "dvar": 0.000417301635025,
        "dvar2": 0.000932448601816,
        "max": 0.25034019351,
        "mean": 0.0713242739439,
        "median": 0.0613378956914,
        "min": 0.000891960051376,
        "var": 0.00140804785769
    },
    "spectral_kurtosis": {
        "dmean": 1.65585231781,
        "dmean2": 2.89526700974,
        "dvar": 2.50107479095,
        "dvar2": 7.34293079376,
        "max": 13.598449707,
        "mean": 2.81431078911,
        "median": 2.31644439697,
        "min": -1.08306658268,
        "var": 5.14758586884
    },
    "spectral_rms": {
        "dmean": 0.000519331661053,
        "dmean2": 0.000779644644354,
        "dvar": 3.87095127508e-07,
        "dvar2": 8.35819548684e-07,
        "max": 0.0120621286333,
        "mean": 0.00481622386724,
        "median": 0.00472311675549,
        "min": 2.78601510217e-05,
        "var": 2.92816139336e-06
    },
    "spectral_rolloff": {
        "dmean": 254.191452026,
        "dmean2": 422.394287109,
        "dvar": 247757.9375,
        "dvar2": 545853.25,
        "max": 7859.61914062,
        "mean": 1134.47229004,
        "median": 947.4609375,
        "min": 107.666015625,
        "var": 748595.9375
    },
    "spectral_skewness": {
        "dmean": 0.200864240527,
        "dmean2": 0.335034012794,
        "dvar": 0.031339071691,
        "dvar2": 0.0860649868846,
        "max": 2.4800055027,
        "mean": 1.22584140301,
        "median": 1.23495078087,
        "min": -0.0382127165794,
        "var": 0.140429750085
    },
    "spectral_spread": {
        "dmean": 254486.671875,
        "dmean2": 387574.34375,
        "dvar": 80518864896,
        "dvar2": 149626241024,
        "max": 7439097,
        "mean": 3740480,
        "median": 3550191.5,
        "min": 2451004,
        "var": 621038862336
    },
    "spectral_strongpeak": {
        "dmean": 0.461880654097,
        "dmean2": 0.774336338043,
        "dvar": 0.470617055893,
        "dvar2": 1.1706250906,
        "max": 6.82917881012,
        "mean": 1.0056643486,
        "median": 0.561390340328,
        "min": 0,
        "var": 1.15970098972
    },
    "zerocrossingrate": {
        "dmean": 0.00574052194133,
        "dmean2": 0.00722042564303,
        "dvar": 4.50735860795e-05,
        "dvar2": 5.77956670895e-05,
        "max": 0.244140625,
        "mean": 0.0496806316078,
        "median": 0.044921875,
        "min": 0.0126953125,
        "var": 0.000499387388118
    },
    "barkbands": {
        "dmean": [0.000170657498529, 0.00178618484642, 0.000704937730916, 0.000559085456189, 0.00181487516966, 0.00123697950039, 0.0010002204217, 0.00113069266081, 0.00128523877356, 0.000583346991334, 0.000542906520423, 0.000560535176191, 0.000507070682943, 0.000224916439038, 0.000129024949274, 0.00010706095054, 8.52212324389e-05, 8.86144771357e-05, 9.31620161282e-05, 0.000115739341709, 6.82827521814e-05, 7.7705764852e-05, 6.35615360807e-05, 3.31806768372e-05, 4.06025083066e-06, 4.05243483215e-09, 9.7151375833e-10],
        "dmean2": [0.000277678191196, 0.00297769275494, 0.00121963827405, 0.00095326313749, 0.00264993309975, 0.00178882002365, 0.00155882816762, 0.00176913128234, 0.00204245676287, 0.000926624925341, 0.000836618302856, 0.000914632924832, 0.000789122888818, 0.000352277013008, 0.000205769829336, 0.000172235420905, 0.000144336067024, 0.000148451566929, 0.000154136578203, 0.000194341570023, 0.000109998276457, 0.000120014541608, 0.000101890174847, 4.98841691297e-05, 6.35962169326e-06, 6.53084430979e-09, 1.75625136656e-09],
        "dvar": [1.74939629005e-07, 2.78422157862e-05, 1.76945400199e-06, 1.52455572788e-06, 8.80510015122e-06, 6.00210614721e-06, 4.25405050919e-06, 5.85491898164e-06, 7.30022020434e-06, 1.45408932894e-06, 1.05547735529e-06, 1.34788638206e-06, 1.50985556502e-06, 3.70018398144e-07, 9.85258878927e-08, 2.77136340543e-08, 1.71090963619e-08, 1.54568997601e-08, 1.69050711207e-08, 4.76094292878e-08, 2.95808941786e-08, 4.52068285028e-08, 9.769244258e-08, 1.89290467745e-08, 2.29678748243e-10, 3.87890559033e-16, 1.99059111895e-18],
        "dvar2": [4.1696071662e-07, 7.2790964623e-05, 5.25078939972e-06, 4.52921494798e-06, 2.0167146431e-05, 1.10244272946e-05, 9.29823545448e-06, 1.50239484356e-05, 1.67848411365e-05, 3.31533919962e-06, 2.22079938794e-06, 3.11637631967e-06, 3.4924744341e-06, 7.90784554283e-07, 2.15468588749e-07, 6.68770923085e-08, 4.83862656608e-08, 4.18507930533e-08, 4.08776656968e-08, 1.23903404869e-07, 7.57136007223e-08, 1.01706461919e-07, 2.44738970423e-07, 4.52822739305e-08, 5.37426492198e-10, 9.32093584004e-16, 5.88422952392e-18],
        "max": [0.0107930488884, 0.0674813687801, 0.02290270105, 0.025141954422, 0.0428279973567, 0.0772388875484, 0.0493613183498, 0.0466088168323, 0.0321671329439, 0.0184262823313, 0.0208415165544, 0.0164785832167, 0.018789799884, 0.0120388036594, 0.00635269517079, 0.00292291608639, 0.00201396341436, 0.00169260334224, 0.00234191073105, 0.00461750943214, 0.00290901726112, 0.00303676188923, 0.00866299215704, 0.00340645597316, 0.000318838574458, 5.65579512113e-07, 1.42634597466e-08],
        "mean": [0.000213076767977, 0.0041307178326, 0.00139181083068, 0.00107639469206, 0.00408648513258, 0.00326933292672, 0.002386928536, 0.00196023052558, 0.00235025095753, 0.000931443937588, 0.000919048499782, 0.000974827446043, 0.000817271298729, 0.000419655843871, 0.000249828910455, 0.00019613931363, 0.000166980578797, 0.000183214113349, 0.000217595064896, 0.00029410305433, 0.000160118113854, 0.000169819861185, 0.000135521346238, 7.05439451849e-05, 5.91705338593e-06, 5.09698372397e-09, 8.38810021442e-10],
        "median": [0.000131228953251, 0.00276185851544, 0.000717079034075, 0.000602042826358, 0.00251454743557, 0.00176218070555, 0.00128873623908, 0.000907022797037, 0.000673091621138, 0.000463682692498, 0.000421513948822, 0.000372866459657, 0.000242611538852, 0.000129865889903, 0.000102495272586, 0.000128955492983, 0.000111030989501, 0.000120330252685, 0.000141548342071, 0.000157521149958, 6.61653612042e-05, 6.16018369328e-05, 3.66864624084e-05, 1.71495848917e-05, 1.3152300653e-06, 1.71234459945e-09, 3.09338138438e-10],
        "min": [1.94891356387e-08, 3.7559800603e-08, 3.20787840735e-08, 5.375097345e-08, 2.40875635882e-07, 1.16712627118e-07, 7.16434627179e-08, 7.79452413724e-09, 3.00603240078e-08, 1.9185064204e-08, 4.89270455262e-08, 4.16223464583e-08, 1.14699041376e-08, 3.58798857292e-08, 7.58867901851e-09, 5.05707475895e-09, 6.94185375849e-09, 1.71544112249e-09, 1.35112487865e-09, 2.68177435814e-09, 7.19374393388e-10, 1.12621367787e-09, 6.86720236232e-10, 4.2373141107e-10, 9.83252854136e-11, 2.47563983202e-11, 3.38207725714e-11],
        "var": [2.12759985629e-07, 2.6914434784e-05, 3.34276842295e-06, 2.4326775474e-06, 2.38694701693e-05, 2.19725880015e-05, 1.76475132321e-05, 8.84473138285e-06, 1.87524346984e-05, 2.77489129985e-06, 2.43143540501e-06, 3.12681891046e-06, 3.12525730806e-06, 1.19136461763e-06, 3.07661849774e-07, 6.29231422522e-08, 3.42440529266e-08, 4.05476541232e-08, 6.61000782998e-08, 1.78738318368e-07, 7.64864225289e-08, 9.63101314255e-08, 1.11941346859e-07, 3.67088226483e-08, 3.11036918443e-10, 3.91139274493e-16, 1.81442542992e-18]
    },
    "erbbands": {
        "dmean": [0.0524077489972, 0.404397308826, 0.772015154362, 1.34276974201, 4.49290752411, 6.06367778778, 8.35413169861, 11.2436265945, 17.0135574341, 13.4892778397, 25.5253810883, 27.5791549683, 18.8460597992, 16.0077629089, 17.3749370575, 20.7150154114, 20.8171672821, 12.4963026047, 7.26590490341, 5.22488689423, 4.90785694122, 4.73629951477, 5.01727724075, 4.6740436554, 5.05564880371, 4.7135720253, 2.53314590454, 3.01393413544, 2.94484853745, 1.7342274189, 1.92913126945, 1.14631819725, 0.340686202049, 0.0865903645754, 0.00367248966359, 0.000182606192539, 1.68992373801e-05, 3.58293618774e-06, 3.41328200193e-06, 6.78717287883e-06],
        "dmean2": [0.0896160751581, 0.676172375679, 1.34922611713, 2.22879838943, 6.92466688156, 9.02911472321, 12.5094461441, 16.0809497833, 26.3485736847, 20.778755188, 40.8115196228, 42.5939331055, 29.2278022766, 25.0351829529, 27.7795066833, 32.6211433411, 31.4991416931, 19.1219959259, 11.387462616, 8.50507068634, 7.9077630043, 7.9629611969, 8.36954689026, 7.82015514374, 8.28291797638, 7.75302648544, 4.02597332001, 4.8545331955, 4.5514588356, 2.65701436996, 3.02366828918, 1.82613456249, 0.495691210032, 0.130454033613, 0.00583186000586, 0.000281529617496, 2.49159966188e-05, 5.22329810337e-06, 5.06385731569e-06, 1.01939840533e-05],
        "dvar": [0.0328334346414, 1.2750017643, 2.84000134468, 6.47221422195, 79.5195159912, 96.0616073608, 229.001083374, 711.738769531, 1212.99060059, 759.496398926, 3367.74926758, 3918.24023438, 1900.30212402, 945.324523926, 1321.05505371, 1716.3182373, 2140.68164062, 1011.9800415, 276.664428711, 134.756500244, 62.3903999329, 60.7052879333, 54.225151062, 38.7666702271, 63.7459106445, 73.289390564, 27.5975265503, 59.4082260132, 58.8177261353, 22.2984695435, 89.7760925293, 38.6832847595, 1.47228515148, 0.103440061212, 0.000287160772132, 5.8697185068e-07, 3.77055986434e-09, 1.72525785325e-10, 3.72812718197e-11, 1.0037066317e-10],
        "dvar2": [0.0859433487058, 3.43927955627, 8.47173976898, 18.1328964233, 193.902587891, 208.222457886, 487.897644043, 1223.93664551, 2607.45043945, 1774.58496094, 8451.00195312, 8889.04296875, 3999.36303711, 2002.14233398, 2934.32324219, 3736.58447266, 4699.27832031, 2211.19018555, 673.590698242, 318.940093994, 123.993293762, 170.781494141, 146.167892456, 105.699584961, 137.932571411, 191.173233032, 68.9049072266, 142.682220459, 132.213638306, 49.7991828918, 220.273590088, 99.975982666, 3.12433648109, 0.235218182206, 0.000772618455812, 1.50296273205e-06, 8.8732647896e-09, 4.0670336543e-10, 8.36898467194e-11, 2.23115512177e-10],
        "max": [2.02580523491, 14.3852329254, 30.3647289276, 42.5707588196, 141.453948975, 157.642669678, 319.474365234, 959.159667969, 882.729797363, 506.812011719, 1174.33251953, 941.296203613, 677.302307129, 691.921081543, 575.91784668, 587.684936523, 827.311401367, 718.242614746, 412.676147461, 283.349121094, 200.101470947, 147.507141113, 108.45287323, 95.9909133911, 133.185317993, 178.705871582, 76.995513916, 139.511108398, 107.621528625, 78.9096069336, 265.254241943, 169.204605103, 23.2540626526, 7.06762075424, 0.28414028883, 0.0112892258912, 0.00139405415393, 0.000331506045768, 0.000116438393889, 0.000174738597707],
        "mean": [0.0964996814728, 1.00068831444, 1.54141998291, 3.26464509964, 8.36656284332, 13.7323703766, 18.3999214172, 30.2781009674, 41.6117286682, 29.2040348053, 50.3320159912, 51.6849746704, 32.5038452148, 31.9117965698, 32.7527694702, 41.7803192139, 39.8098258972, 25.7517299652, 16.2198028564, 10.7437114716, 10.6142511368, 10.0469455719, 10.3940372467, 10.7039470673, 13.4780044556, 12.5643405914, 6.5344619751, 7.23037099838, 6.48503541946, 3.93667697906, 3.98742985725, 2.32254910469, 0.75218051672, 0.14828799665, 0.00547816604376, 0.000326203327859, 4.56999223388e-05, 1.09117381726e-05, 1.61482239491e-05, 3.19721766573e-05],
        "median": [0.0509814545512, 0.711082160473, 0.960864782333, 1.88699448109, 4.69983673096, 6.92175865173, 9.86532878876, 16.0270767212, 23.0182571411, 14.2865457535, 20.2787246704, 16.2630958557, 15.4852600098, 13.9164953232, 16.9496765137, 15.9612607956, 12.6244478226, 8.17107200623, 6.91748905182, 6.13781881332, 7.0294919014, 7.00019788742, 6.99627447128, 7.14300012589, 8.08970737457, 6.87666845322, 3.26224136353, 2.74335312843, 2.29075527191, 1.29138016701, 1.01775705814, 0.535579621792, 0.194223091006, 0.0359417572618, 0.0011461294489, 9.16037388379e-05, 2.13984494621e-05, 5.40098972124e-06, 1.33415123855e-05, 2.7286247132e-05],
        "min": [1.53826567839e-06, 7.32915486878e-06, 2.71011122095e-05, 0.000111192610348, 0.000535434810445, 0.000634797092061, 0.00145531177986, 0.000596061348915, 0.000915476761293, 0.000818361935671, 0.000161590287462, 0.000658044358715, 0.00102222594433, 0.000963889004197, 0.00121664803009, 0.00186443619896, 0.000786764838267, 0.00121698458679, 0.00138837634586, 0.000349632842699, 0.000292764685582, 0.000322151259752, 0.000111331944936, 9.15178097785e-05, 6.41614460619e-05, 0.000129818596179, 4.39839350292e-05, 2.30747482419e-05, 4.01260513172e-05, 3.0035549571e-05, 2.20562542381e-05, 9.53304333962e-06, 6.08354821452e-06, 1.75561353899e-06, 5.65453660784e-07, 1.80413877615e-07, 8.87217126433e-08, 2.59220307441e-08, 8.8854061886e-09, 1.71086955714e-09],
        "var": [0.0275307241827, 1.28372490406, 3.3847463131, 15.3526849747, 132.512435913, 381.81842041, 711.563598633, 2556.04589844, 4142.83105469, 2329.23999023, 6519.95605469, 10873.9902344, 3742.25805664, 3487.19433594, 2775.90844727, 5345.30078125, 5937.76611328, 3597.89111328, 1239.69189453, 265.305450439, 195.522277832, 122.85345459, 115.978530884, 135.855941772, 279.361572266, 300.177703857, 88.6271972656, 167.239715576, 137.687423706, 52.4000587463, 103.889884949, 45.8250007629, 3.96539568901, 0.160204783082, 0.000367910368368, 8.4461669303e-07, 6.9216743448e-09, 3.23091498e-10, 1.42398842717e-10, 4.82226814036e-10]
    },
    "gfcc": {
        "mean": [-21.1323394775, 150.556442261, -153.790939331, 58.1918067932, -81.5604553223, 10.904551506, -21.9281692505, -9.78862380981, -0.128359422088, -20.0418357849, 13.8639192581, -17.5909900665, 4.74894571304],
        "cov": [[2980.88476562, -551.000488281, -133.972518921, 73.8219833374, -334.680969238, 197.892150879, -96.703453064, -105.610710144, -118.002868652, 0.542030394077, -39.1784896851, -12.9087343216, -58.0444221497], [-551.000488281, 515.396484375, 20.3443813324, -119.679260254, 204.666549683, -168.37852478, 116.612983704, 29.3386230469, 75.1843948364, -14.0936050415, 57.4272041321, -19.1296043396, 23.4431533813], [-133.972518921, 20.3443813324, 230.787597656, 101.029388428, 7.01625490189, -21.5584220886, -69.0935821533, 40.1619224548, 38.5222091675, -10.8898649216, -19.0088367462, 23.3042507172, 20.5295772552], [73.8219833374, -119.679260254, 101.029388428, 198.806838989, -0.320771127939, -13.4335775375, -68.3332138062, 4.70808172226, 14.6926898956, 5.00900125504, -29.233291626, 21.6371498108, 21.2543544769], [-334.680969238, 204.666549683, 7.01625490189, -0.320771127939, 170.02116394, -42.4176483154, 40.9000587463, 18.3517856598, 23.4728794098, 3.15801000595, 19.9516601562, -9.58399868011, 24.5984916687], [197.892150879, -168.37852478, -21.5584220886, -13.4335775375, -42.4176483154, 188.278167725, 5.73446750641, -14.5343551636, -48.6830978394, -0.965351223946, -9.80187511444, -1.20275139809, -13.0683107376], [-96.703453064, 116.612983704, -69.0935821533, -68.3332138062, 40.9000587463, 5.73446750641, 143.700927734, 17.1002388, -0.742416203022, 9.81625270844, 33.7760429382, -15.950428009, -13.4280853271], [-105.610710144, 29.3386230469, 40.1619224548, 4.70808172226, 18.3517856598, -14.5343551636, 17.1002388, 80.8502655029, 35.9039421082, 6.6305975914, 4.65717792511, 1.82286465168, 12.55514431], [-118.002868652, 75.1843948364, 38.5222091675, 14.6926898956, 23.4728794098, -48.6830978394, -0.742416203022, 35.9039421082, 93.4332885742, 21.6813678741, 8.34279823303, 9.34835624695, 5.17740249634], [0.542030394077, -14.0936050415, -10.8898649216, 5.00900125504, 3.15801000595, -0.965351223946, 9.81625270844, 6.6305975914, 21.6813678741, 57.551902771, 26.0276527405, -2.46437072754, -4.18508911133], [-39.1784896851, 57.4272041321, -19.0088367462, -29.233291626, 19.9516601562, -9.80187511444, 33.7760429382, 4.65717792511, 8.34279823303, 26.0276527405, 60.9599304199, 15.5276918411, -5.55896472931], [-12.9087343216, -19.1296043396, 23.3042507172, 21.6371498108, -9.58399868011, -1.20275139809, -15.950428009, 1.82286465168, 9.34835624695, -2.46437072754, 15.5276918411, 50.0389175415, 20.7027835846], [-58.0444221497, 23.4431533813, 20.5295772552, 21.2543544769, 24.5984916687, -13.0683107376, -13.4280853271, 12.55514431, 5.17740249634, -4.18508911133, -5.55896472931, 20.7027835846, 54.163028717]],
        "icov": [[0.000500129302964, -0.000334803800797, 0.000526886433363, -0.000690596702043, 0.00121087860316, -0.000527738186065, 0.000339612131938, 5.92386422795e-05, 0.000167863705428, 6.2990700826e-05, -0.000394906295696, 0.000516864529345, -0.000103892278275], [-0.000334803800797, 0.0285365600139, -0.0132353482768, 0.0179659295827, -0.0222564991564, 0.016735682264, -0.0142564820126, 0.0134468758479, -0.0152190066874, 0.017974242568, -0.0158478729427, 0.0136193474755, -0.0112378736958], [0.000526886433363, -0.0132353482768, 0.0137445116416, -0.0114164659753, 0.0105143031105, -0.00826452020556, 0.00947604794055, -0.00954128056765, 0.00534137478098, -0.00558258639649, 0.00620613899082, -0.00673017790541, 0.00562292756513], [-0.000690596702043, 0.0179659295827, -0.0114164659753, 0.0200263001025, -0.0161717254668, 0.0114875650033, -0.00777696166188, 0.008704287, -0.00825496669859, 0.00627634255216, -0.00347625114955, 0.00322178774513, -0.00619135098532], [0.00121087860316, -0.0222564991564, 0.0105143031105, -0.0161717254668, 0.0279638487846, -0.0130240209401, 0.0092324372381, -0.00915074534714, 0.00950063299388, -0.010401812382, 0.00552680995315, -0.00246940297075, 0.00165852624923], [-0.000527738186065, 0.016735682264, -0.00826452020556, 0.0114875650033, -0.0130240209401, 0.0168265383691, -0.0093263508752, 0.00704043684527, -0.00474341353402, 0.00759806670249, -0.00579419033602, 0.00475484039634, -0.00452554319054], [0.000339612131938, -0.0142564820126, 0.00947604794055, -0.00777696166188, 0.0092324372381, -0.0093263508752, 0.0187533535063, -0.0103241717443, 0.00765067851171, -0.00737783964723, 0.00252548581921, -0.00402464531362, 0.00709001766518], [5.92386422795e-05, 0.0134468758479, -0.00954128056765, 0.008704287, -0.00915074534714, 0.00704043684527, -0.0103241717443, 0.0245334133506, -0.0134644657373, 0.00914958585054, -0.00915126223117, 0.0103643853217, -0.0108545981348], [0.000167863705428, -0.0152190066874, 0.00534137478098, -0.00825496669859, 0.00950063299388, -0.00474341353402, 0.00765067851171, -0.0134644657373, 0.0265726279467, -0.018591798842, 0.014086516574, -0.0147078195587, 0.0106314076111], [6.2990700826e-05, 0.017974242568, -0.00558258639649, 0.00627634255216, -0.010401812382, 0.00759806670249, -0.00737783964723, 0.00914958585054, -0.018591798842, 0.0414474233985, -0.0293930508196, 0.0218066126108, -0.0118240090087], [-0.000394906295696, -0.0158478729427, 0.00620613899082, -0.00347625114955, 0.00552680995315, -0.00579419033602, 0.00252548581921, -0.00915126223117, 0.014086516574, -0.0293930508196, 0.0482887141407, -0.0319309271872, 0.0178306996822], [0.000516864529345, 0.0136193474755, -0.00673017790541, 0.00322178774513, -0.00246940297075, 0.00475484039634, -0.00402464531362, 0.0103643853217, -0.0147078195587, 0.0218066126108, -0.0319309271872, 0.0487010627985, -0.0239871460944], [-0.000103892278275, -0.0112378736958, 0.00562292756513, -0.00619135098532, 0.00165852624923, -0.00452554319054, 0.00709001766518, -0.0108545981348, 0.0106314076111, -0.0118240090087, 0.0178306996822, -0.0239871460944, 0.0350113175809]]
    },
    "melbands": {
        "dmean": [0.000483009323943, 0.0004378783633, 0.000285713176709, 0.000386633473681, 0.000289031479042, 0.000259027874563, 0.000230986683164, 0.000169646053109, 0.000236604129896, 0.000167074074852, 9.6264120657e-05, 6.58146673231e-05, 6.20444698143e-05, 4.92588951602e-05, 7.30944957468e-05, 4.21012227889e-05, 2.40815643338e-05, 1.35364834932e-05, 9.52822574618e-06, 8.52062385093e-06, 5.72104454477e-06, 5.85169345868e-06, 4.33198056271e-06, 3.91919456888e-06, 4.32645811088e-06, 3.62055720871e-06, 5.36647257832e-06, 2.96861253446e-06, 1.74106025952e-06, 1.86221643617e-06, 1.93343703359e-06, 1.93234996004e-06, 1.23489633097e-06, 9.97070628728e-07, 1.25094527448e-06, 1.05322203581e-06, 6.35651701941e-07, 2.74520260746e-07, 1.53364169364e-07, 4.50044552736e-08],
        "dmean2": [0.00080281944247, 0.00074360932922, 0.000462068390334, 0.00057527871104, 0.000428866420407, 0.000373699032934, 0.000359286612365, 0.000265377253527, 0.000377173069865, 0.000257210427662, 0.000149460422108, 0.000103285070509, 9.78752286755e-05, 7.59143294999e-05, 0.000110126449727, 6.71517991577e-05, 3.68827859347e-05, 2.13498533412e-05, 1.49520419654e-05, 1.42025928653e-05, 9.23876359593e-06, 9.90772332443e-06, 7.24248729966e-06, 6.59487432131e-06, 7.22655522623e-06, 5.96112204221e-06, 8.9596660473e-06, 4.92845992994e-06, 2.81836400973e-06, 3.0227336083e-06, 3.12708993988e-06, 3.03126898871e-06, 1.92077504835e-06, 1.5621383227e-06, 1.94202175408e-06, 1.73347098098e-06, 1.0035358855e-06, 4.133517848e-07, 2.3068078292e-07, 7.12272267833e-08],
        "dvar": [2.31852800425e-06, 1.09974496354e-06, 2.96534352628e-07, 4.14481007738e-07, 2.6728866942e-07, 2.94242170185e-07, 2.1867185751e-07, 1.1370659081e-07, 2.5590023256e-07, 1.55851893169e-07, 4.9985647621e-08, 1.59776760711e-08, 1.64807953951e-08, 9.73494351797e-09, 2.78765455164e-08, 1.05188151522e-08, 4.10685796481e-09, 1.16472531619e-09, 8.02172106518e-10, 1.79850245807e-10, 9.81148703949e-11, 8.40259944956e-11, 3.53799940733e-11, 3.9195861834e-11, 3.35632875659e-11, 2.9000118279e-11, 1.3078038652e-10, 2.33765246743e-11, 1.04384946867e-11, 2.22800267818e-11, 2.31183891475e-11, 2.57203355836e-11, 1.01782245826e-11, 7.66450531514e-12, 2.52845522297e-11, 4.94129528961e-11, 7.95775164514e-12, 9.0242629992e-13, 2.38065209907e-13, 4.06847373445e-14],
        "dvar2": [5.99908253207e-06, 3.12681731884e-06, 8.11566906123e-07, 9.7465476756e-07, 5.49844287434e-07, 5.21692982147e-07, 4.72751509051e-07, 2.71324580581e-07, 6.3135058781e-07, 3.51223178541e-07, 1.06235560793e-07, 3.39365051616e-08, 3.46569315468e-08, 1.9169249299e-08, 5.66965425719e-08, 2.6365437833e-08, 8.71874572539e-09, 2.89823853805e-09, 1.74838221678e-09, 4.90505414064e-10, 1.96844679445e-10, 2.37506569967e-10, 9.24070264752e-11, 1.06978308156e-10, 9.19879589167e-11, 6.97449389908e-11, 3.30960620021e-10, 6.12985356918e-11, 2.70224537191e-11, 5.55802695534e-11, 5.61383266262e-11, 5.93246840541e-11, 2.26966345024e-11, 1.80168050617e-11, 5.9440320721e-11, 1.33050820361e-10, 2.02948127054e-11, 1.82993680972e-12, 5.45432568468e-13, 9.5903482638e-14],
        "max": [0.0189115032554, 0.0164311435074, 0.00871709547937, 0.0092227710411, 0.0118161551654, 0.0186242088675, 0.0117334276438, 0.00589741673321, 0.0088449800387, 0.00604065041989, 0.00351771805435, 0.00267528765835, 0.00266360398382, 0.00230219983496, 0.00225914665498, 0.00203404249623, 0.00121720461175, 0.000800261972472, 0.000695935101248, 0.000204734504223, 0.000231560363318, 0.000158669587108, 7.87140452303e-05, 0.000120638520457, 8.92386233318e-05, 0.000105114871985, 0.000230218996876, 7.85199954407e-05, 4.35319598182e-05, 6.82877725922e-05, 7.41006952012e-05, 7.7067539678e-05, 4.72416613775e-05, 5.24215320183e-05, 0.000134371031891, 0.000195517393877, 6.85823470121e-05, 2.22140606638e-05, 8.67976723384e-06, 5.02173543282e-06],
        "mean": [0.00107411341742, 0.00104650796857, 0.000668394728564, 0.000836130056996, 0.000654393166769, 0.000701956101693, 0.000576899794396, 0.000326680805301, 0.00045388986473, 0.000308396673063, 0.000153996268637, 0.000124584752484, 0.000112095731311, 8.93962715054e-05, 0.000126058497699, 7.50336112105e-05, 4.37569833593e-05, 2.66278129857e-05, 1.68009391928e-05, 1.46360525832e-05, 1.13772039185e-05, 1.08998265205e-05, 8.77733418747e-06, 8.27711301099e-06, 8.66380833031e-06, 8.30621229397e-06, 1.23991949295e-05, 7.20144225852e-06, 3.95926372221e-06, 4.05163700634e-06, 4.19890648118e-06, 4.00804856326e-06, 2.5436299893e-06, 2.04174079954e-06, 2.37019980887e-06, 2.0275638235e-06, 1.18820776152e-06, 5.71755492729e-07, 2.84298153019e-07, 5.845043205e-08],
        "median": [0.000698197400197, 0.00080282142153, 0.000423361052526, 0.00046329779434, 0.000351027934812, 0.000396853254642, 0.000318140664604, 0.000150749343447, 0.000152126696776, 9.32750772336e-05, 7.16011709301e-05, 5.22639238625e-05, 5.39356988156e-05, 4.29901228927e-05, 3.59026962542e-05, 2.02351820917e-05, 1.26290942717e-05, 1.00547349575e-05, 6.64734898237e-06, 9.66084280662e-06, 7.21004926163e-06, 7.42360725781e-06, 5.85219822824e-06, 5.26752546648e-06, 5.49747437617e-06, 5.14165094501e-06, 5.09101118951e-06, 4.14184114561e-06, 2.12173040381e-06, 1.59041871939e-06, 1.53515827606e-06, 1.47271123296e-06, 7.96643575995e-07, 6.15068927345e-07, 5.90759952956e-07, 4.75722913507e-07, 2.65058218929e-07, 1.40637865798e-07, 7.17701382769e-08, 1.16765059843e-08],
        "min": [1.31730866215e-08, 1.2644636449e-08, 3.26191411659e-08, 4.13346405992e-08, 4.74833576902e-08, 1.60508051295e-08, 1.42236462608e-08, 7.19794934767e-09, 1.12253117912e-09, 4.58664306535e-09, 4.91691132254e-09, 3.55538709584e-09, 6.1340710289e-09, 2.26529150993e-09, 5.4215787415e-09, 9.76040581691e-10, 2.43353248663e-09, 2.81798362423e-09, 4.64398047795e-10, 4.39313363465e-10, 3.3876676464e-10, 4.25470630949e-10, 1.49966233876e-10, 6.53134768491e-11, 7.81056955224e-11, 3.26401267126e-11, 9.45782271944e-11, 7.46306905164e-11, 2.84769569037e-11, 1.89446167087e-11, 1.13023809062e-11, 2.01222944557e-11, 2.29151194547e-11, 1.46438139392e-11, 1.50659987957e-11, 6.32476276213e-12, 5.61330842919e-12, 4.19093145604e-12, 3.36792507945e-12, 8.6947370961e-13],
        "var": [2.18429772758e-06, 1.17098977626e-06, 6.08435072991e-07, 1.06130733002e-06, 9.14631641535e-07, 1.06551669887e-06, 8.58373653045e-07, 2.80317834722e-07, 5.7986721913e-07, 4.42132574108e-07, 9.4559560182e-08, 5.6028611084e-08, 3.5497333073e-08, 2.36648318719e-08, 6.73192914746e-08, 3.16529700228e-08, 1.33236115474e-08, 4.13479073202e-09, 1.54779877803e-09, 2.83971318682e-10, 2.80105993955e-10, 1.51902490586e-10, 7.91169144088e-11, 1.02890682085e-10, 1.00980925011e-10, 1.15757174679e-10, 4.14828310591e-10, 8.85898576719e-11, 2.91527184337e-11, 5.3897736968e-11, 5.97231916699e-11, 5.35835195659e-11, 2.29208527158e-11, 1.58694515862e-11, 3.31674861187e-11, 4.20927910583e-11, 1.24545096458e-11, 2.61737788561e-12, 4.67825268542e-13, 4.70207301372e-14]
    },
    "mfcc": {
        "mean": [-633.432739258, 138.911865234, -0.923931539059, 29.7437782288, -14.9137582779, 8.48992061615, -4.8733253479, 8.08006858826, -9.7198009491, 5.89038085938, -4.72149991989, 6.80314874649, -0.717062711716],
        "cov": [[3082.234375, -630.172485352, 30.8882808685, -171.020553589, -213.184295654, 170.040557861, -58.213809967, -29.7359580994, -143.72819519, -28.0789604187, -25.4138393402, -36.611946106, -107.151504517], [-630.172485352, 650.371826172, -169.912277222, 73.7871246338, 22.9250431061, -104.315818787, 55.1770057678, 15.0657215118, 40.3278770447, 13.2699737549, 46.4160423279, 49.2262382507, 40.1626701355], [30.8882808685, -169.912277222, 251.103897095, 28.7545413971, 56.4099731445, -5.05876731873, -70.609916687, 14.087389946, 15.2289323807, -15.7184000015, -26.7362613678, -2.85300517082, 12.0206193924], [-171.020553589, 73.7871246338, 28.7545413971, 230.314880371, 66.2054443359, -52.2545852661, -54.2587280273, -14.8214149475, 37.819606781, -8.77695274353, -7.00762844086, 11.3826284409, 31.8091754913], [-213.184295654, 22.9250431061, 56.4099731445, 66.2054443359, 153.780227661, -10.8026447296, -34.031211853, -6.74535560608, 35.0923271179, -12.2919244766, -21.7741737366, 0.876119613647, 8.91488361359], [170.040557861, -104.315818787, -5.05876731873, -52.2545852661, -10.8026447296, 112.822685242, 34.1130981445, -1.66181302071, -24.340133667, 2.45916390419, -5.8415184021, -10.2525634766, -23.8369789124], [-58.213809967, 55.1770057678, -70.609916687, -54.2587280273, -34.031211853, 34.1130981445, 145.274429321, 16.3066139221, -9.0713558197, 9.52937602997, 20.9359817505, -11.0954380035, -5.97623443604], [-29.7359580994, 15.0657215118, 14.087389946, -14.8214149475, -6.74535560608, -1.66181302071, 16.3066139221, 66.9644775391, 12.342291832, 1.36422467232, -3.20808529854, 5.65141057968, 4.83992290497], [-143.72819519, 40.3278770447, 15.2289323807, 37.819606781, 35.0923271179, -24.340133667, -9.0713558197, 12.342291832, 74.893371582, 12.3628225327, -2.28167366982, -1.31666815281, 10.0220985413], [-28.0789604187, 13.2699737549, -15.7184000015, -8.77695274353, -12.2919244766, 2.45916390419, 9.52937602997, 1.36422467232, 12.3628225327, 60.0231361389, 24.5842590332, 4.58268070221, -1.22151482105], [-25.4138393402, 46.4160423279, -26.7362613678, -7.00762844086, -21.7741737366, -5.8415184021, 20.9359817505, -3.20808529854, -2.28167366982, 24.5842590332, 75.5919036865, 20.4338989258, 5.28871917725], [-36.611946106, 49.2262382507, -2.85300517082, 11.3826284409, 0.876119613647, -10.2525634766, -11.0954380035, 5.65141057968, -1.31666815281, 4.58268070221, 20.4338989258, 60.0211372375, 20.1026515961], [-107.151504517, 40.1626701355, 12.0206193924, 31.8091754913, 8.91488361359, -23.8369789124, -5.97623443604, 4.83992290497, 10.0220985413, -1.22151482105, 5.28871917725, 20.1026515961, 55.5312690735]],
