{
"lowlevel": {
    "average_loudness": 0.883743107319,
    "barkbands_crest": {
        "dmean": 3.71252202988,
        "dmean2": 5.94016504288,
        "dvar": 13.4439458847,
        "dvar2": 31.4720554352,
        "max": 26.9740390778,
        "mean": 16.8752498627,
        "median": 17.5026397705,
        "min": 2.97180819511,
        "var": 35.9776077271
    },
    "barkbands_flatness_db": {
        "dmean": 0.062618419528,
        "dmean2": 0.0890251398087,
        "dvar": 0.00476597482339,
        "dvar2": 0.00878493674099,
        "max": 0.876360177994,
        "mean": 0.355450749397,
        "median": 0.342619329691,
        "min": 0.0672845467925,
        "var": 0.0218334104866
    },
    "barkbands_kurtosis": {
        "dmean": 72.5548782349,
        "dmean2": 114.707435608,
        "dvar": 39042.5703125,
        "dvar2": 94597.6640625,
        "max": 3253.47167969,
        "mean": 103.999031067,
        "median": 19.2997131348,
        "min": -1.9431194067,
        "var": 62304.6914062
    },
    "barkbands_skewness": {
        "dmean": 2.47306251526,
        "dmean2": 3.6963570118,
        "dvar": 12.1489276886,
        "dvar2": 27.6209316254,
        "max": 46.7535858154,
        "mean": 4.92558670044,
        "median": 3.59522485733,
        "min": -5.57411909103,
        "var": 33.6738891602
    },
    "barkbands_spread": {
        "dmean": 5.6085600853,
        "dmean2": 8.8056268692,
        "dvar": 81.1313400269,
        "dvar2": 180.645584106,
        "max": 101.791358948,
        "mean": 9.82031440735,
        "median": 4.3283405304,
        "min": 0.0364681184292,
        "var": 155.422683716
    },
    "dissonance": {
        "dmean": 0.0237879808992,
        "dmean2": 0.0383237116039,
        "dvar": 0.001055025612,
        "dvar2": 0.00228703394532,
        "max": 0.500000059605,
        "mean": 0.454605698586,
        "median": 0.472099035978,
        "min": 0.147704824805,
        "var": 0.00282668718137
    },
    "dynamic_complexity": 4.78831100464,
    "erbbands_crest": {
        "dmean": 4.21164512634,
        "dmean2": 6.73473739624,
        "dvar": 15.1844825745,
        "dvar2": 34.339176178,
        "max": 32.5869178772,
        "mean": 14.5046663284,
        "median": 13.3740406036,
        "min": 2.79687690735,
        "var": 47.6301727295
    },
    "erbbands_flatness_db": {
        "dmean": 0.0377523526549,
        "dmean2": 0.0543517954648,
        "dvar": 0.00194995338097,
        "dvar2": 0.00334319495596,
        "max": 0.589184224606,
        "mean": 0.271651268005,
        "median": 0.259757012129,
        "min": 0.0909242928028,
        "var": 0.00859349220991
    },
    "erbbands_kurtosis": {
        "dmean": 10.2275323868,
        "dmean2": 15.8727407455,
        "dvar": 628.193969727,
        "dvar2": 1244.13061523,
        "max": 275.176147461,
        "mean": 13.9179944992,
        "median": 0.809898614883,
        "min": -1.95197331905,
        "var": 1536.59680176
    },
    "erbbands_skewness": {
        "dmean": 1.12207496166,
        "dmean2": 1.66608405113,
        "dvar": 2.03602194786,
        "dvar2": 3.85026192665,
        "max": 12.5942668915,
        "mean": 1.0747345686,
        "median": 0.412857532501,
        "min": -5.33821725845,
        "var": 8.18519592285
    },
    "erbbands_spread": {
        "dmean": 15.5090026855,
        "dmean2": 24.0784873962,
        "dvar": 397.843444824,
        "dvar2": 853.143127441,
        "max": 171.280731201,
        "mean": 37.7240409851,
        "median": 32.9723434448,
        "min": 0.399834662676,
        "var": 897.67388916
    },
    "hfc": {
        "dmean": 7.80002307892,
        "dmean2": 11.7923870087,
        "dvar": 348.194396973,
        "dvar2": 784.890319824,
        "max": 203.535018921,
        "mean": 11.2121315002,
        "median": 5.36127758026,
        "min": 5.58346691832e-05,
        "var": 443.448883057
    },
    "melbands_crest": {
        "dmean": 4.2674407959,
        "dmean2": 6.74541759491,
        "dvar": 20.7015838623,
        "dvar2": 47.6794052124,
        "max": 39.718952179,
        "mean": 23.7566452026,
        "median": 25.0139293671,
        "min": 3.91870999336,
        "var": 59.8508834839
    },
    "melbands_flatness_db": {
        "dmean": 0.0721519216895,
        "dmean2": 0.0993565842509,
        "dvar": 0.00691913906485,
        "dvar2": 0.0122448811308,
        "max": 1,
        "mean": 0.428615301847,
        "median": 0.4271004498,
        "min": 0.0276586208493,
        "var": 0.0348867438734
    },
    "melbands_kurtosis": {
        "dmean": 75.1260070801,
        "dmean2": 112.450866699,
        "dvar": 24187.9902344,
        "dvar2": 51051.7304688,
        "max": 4235.80419922,
        "mean": 129.945983887,
        "median": 49.9109916687,
        "min": -1.88533592224,
        "var": 47049.6601562
    },
    "melbands_skewness": {
        "dmean": 2.39374017715,
        "dmean2": 3.51255536079,
        "dvar": 7.71015739441,
        "dvar2": 16.063835144,
        "max": 58.1196098328,
        "mean": 6.00836896896,
        "median": 5.43964195251,
        "min": -4.10572385788,
        "var": 27.0937385559
    },
    "melbands_spread": {
        "dmean": 7.28722810745,
        "dmean2": 11.4726667404,
        "dvar": 219.298019409,
        "dvar2": 536.839782715,
        "max": 220.111160278,
        "mean": 12.0708389282,
        "median": 2.95013546944,
        "min": 0.106064483523,
        "var": 373.645477295
    },
    "pitch_salience": {
        "dmean": 0.117580659688,
        "dmean2": 0.188869386911,
        "dvar": 0.0154209136963,
        "dvar2": 0.0353994816542,
        "max": 0.855481088161,
        "mean": 0.3497004807,
        "median": 0.33027151227,
        "min": 0.00652440590784,
        "var": 0.0383129641414
    },
    "silence_rate_20dB": {
        "dmean": 0.0030959751457,
        "dmean2": 0.0061943475157,
        "dvar": 0.00308634457178,
        "dvar2": 0.0092529412359,
        "max": 1,
        "mean": 0.998452603817,
        "median": 1,
        "min": 0,
        "var": 0.00154498463962
    },
    "silence_rate_30dB": {
        "dmean": 0.0936532542109,
        "dmean2": 0.187379017472,
        "dvar": 0.0848841816187,
        "dvar2": 0.175504684448,
        "max": 1,
        "mean": 0.845647990704,
        "median": 1,
        "min": 0,
        "var": 0.130530580878
    },
    "silence_rate_60dB": {
        "dmean": 0.0704334378242,
        "dmean2": 0.140921413898,
        "dvar": 0.0654713958502,
        "dvar2": 0.131127893925,
        "max": 1,
        "mean": 0.201547384262,
        "median": 0,
        "min": 0,
        "var": 0.160923629999
    },
    "spectral_centroid": {
        "dmean": 301.637298584,
        "dmean2": 449.317657471,
        "dvar": 206247.5625,
        "dvar2": 409031.375,
        "max": 4837.85546875,
        "mean": 855.588562012,
        "median": 538.466247559,
        "min": 52.5374908447,
        "var": 596182.375
    },
    "spectral_complexity": {
        "dmean": 3.33668732643,
        "dmean2": 4.60394906998,
        "dvar": 34.8992042542,
        "dvar2": 49.2019195557,
        "max": 65,
        "mean": 7.78336572647,
        "median": 5,
        "min": 0,
        "var": 105.618591309
    },
    "spectral_decrease": {
        "dmean": 8.229751991e-09,
        "dmean2": 1.33324666862e-08,
        "dvar": 2.16346230477e-16,
        "dvar2": 5.84925536809e-16,
        "max": -5.66184502981e-14,
        "mean": -1.33996636009e-08,
        "median": -7.83582709829e-09,
        "min": -1.1819140866e-07,
        "var": 3.19914947406e-16
    },
    "spectral_energy": {
        "dmean": 0.0316221266985,
        "dmean2": 0.0512108355761,
        "dvar": 0.00315802311525,
        "dvar2": 0.0085329329595,
        "max": 0.450104862452,
        "mean": 0.0515904389322,
        "median": 0.0305221695453,
        "min": 2.21484981466e-07,
        "var": 0.00466472050175
    },
    "spectral_energyband_high": {
        "dmean": 0.000300131214317,
        "dmean2": 0.000449398852652,
        "dvar": 7.51236711949e-07,
        "dvar2": 1.59194780736e-06,
        "max": 0.0104111190885,
        "mean": 0.000276691600448,
        "median": 5.38965923624e-06,
        "min": 2.42953740459e-10,
        "var": 8.76712022091e-07
    },
    "spectral_energyband_low": {
        "dmean": 0.0283339805901,
        "dmean2": 0.0459655076265,
        "dvar": 0.00283023272641,
        "dvar2": 0.00752850156277,
        "max": 0.437497168779,
        "mean": 0.044607527554,
        "median": 0.0195238180459,
        "min": 8.2156432768e-08,
        "var": 0.00423452537507
    },
    "spectral_energyband_middle_high": {
        "dmean": 0.00249595567584,
        "dmean2": 0.00395321752876,
        "dvar": 8.07929682196e-05,
        "dvar2": 0.000210108220926,
        "max": 0.0969356000423,
        "mean": 0.00277750729583,
        "median": 0.000430111977039,
        "min": 2.4448374436e-09,
        "var": 7.19586896594e-05
    },
    "spectral_energyband_middle_low": {
        "dmean": 0.00436665909365,
        "dmean2": 0.00739226676524,
        "dvar": 0.00015380345576,
        "dvar2": 0.000424090248998,
        "max": 0.129850655794,
        "mean": 0.00470238830894,
        "median": 0.00106532603968,
        "min": 4.87689924e-08,
        "var": 0.00012027710909
    },
    "spectral_entropy": {
        "dmean": 0.429564446211,
        "dmean2": 0.608363449574,
        "dvar": 0.319950014353,
        "dvar2": 0.539073586464,
        "max": 8.51776695251,
        "mean": 6.6079287529,
        "median": 6.91887664795,
        "min": 2.65233492851,
        "var": 1.27801430225
    },
    "spectral_flux": {
        "dmean": 0.058083910495,
        "dmean2": 0.0955982655287,
        "dvar": 0.00528738833964,
        "dvar2": 0.0122979478911,
        "max": 0.561428725719,
        "mean": 0.102388232946,
        "median": 0.0627030134201,
        "min": 0.000418009614805,
        "var": 0.0101510705426
    },
    "spectral_kurtosis": {
        "dmean": 14.4445295334,
        "dmean2": 23.1419658661,
        "dvar": 1576.25048828,
        "dvar2": 3674.40112305,
        "max": 610.770996094,
        "mean": 20.4630012512,
        "median": 7.69562625885,
        "min": -0.80496764183,
        "var": 3057.22119141
    },
    "spectral_rms": {
        "dmean": 0.00190832023509,
        "dmean2": 0.00287936860695,
        "dvar": 6.54535870126e-06,
        "dvar2": 1.48853805513e-05,
        "max": 0.02095535025,
        "mean": 0.00570160057396,
        "median": 0.00545689696446,
        "min": 1.46997590491e-05,
        "var": 1.78239060915e-05
    },
    "spectral_rolloff": {
        "dmean": 335.065826416,
        "dmean2": 562.991333008,
        "dvar": 660736,
        "dvar2": 1504814.375,
        "max": 8441.015625,
        "mean": 693.179382324,
        "median": 129.19921875,
        "min": 21.533203125,
        "var": 1119131.25
    },
    "spectral_skewness": {
        "dmean": 0.924237430096,
        "dmean2": 1.43142557144,
        "dvar": 1.90174472332,
        "dvar2": 3.72672700882,
        "max": 21.3472270966,
        "mean": 2.33921098709,
        "median": 1.65080535412,
        "min": -0.345873594284,
        "var": 6.90184831619
    },
    "spectral_spread": {
        "dmean": 779885,
        "dmean2": 1116406.625,
        "dvar": 1.05706350182e+12,
        "dvar2": 2.23774742938e+12,
        "max": 15804041,
        "mean": 3009545.75,
        "median": 2394296.25,
        "min": 169521.5625,
        "var": 3.12502806118e+12
    },
    "spectral_strongpeak": {
        "dmean": 0.36065018177,
        "dmean2": 0.582566440105,
        "dvar": 0.369092077017,
        "dvar2": 0.968409001827,
        "max": 8.28600311279,
        "mean": 0.67334574461,
        "median": 0.485043823719,
        "min": 0,
        "var": 0.64274251461
    },
    "zerocrossingrate": {
        "dmean": 0.00850032642484,
        "dmean2": 0.00999870710075,
        "dvar": 0.000154524954269,
        "dvar2": 0.000195761589566,
        "max": 0.25830078125,
        "mean": 0.0272351372987,
        "median": 0.01708984375,
        "min": 0.00146484375,
        "var": 0.000784308242146
    },
    "barkbands": {
        "dmean": [0.00110534764826, 0.0218966864049, 0.00904614012688, 0.00187317631207, 0.00142759562004, 0.000519709312357, 0.000487774610519, 0.000285208108835, 0.000251665507676, 0.000260625674855, 0.000450572784757, 0.000608373142313, 0.000197412329726, 0.000136661154102, 0.000402732490329, 0.000228712960961, 0.000138690200401, 0.000141813536175, 0.000225272713578, 0.000104649807326, 8.3399041614e-05, 0.000104456987174, 4.60478040623e-05, 1.9136681658e-05, 2.79037226392e-06, 3.78081432828e-09, 2.23965623825e-09],
        "dmean2": [0.00179664336611, 0.0366992503405, 0.0139462985098, 0.00334846461192, 0.00232335343026, 0.000872939883266, 0.000853760051541, 0.000492103106808, 0.000400567543693, 0.00036608055234, 0.000798761495389, 0.00109984143637, 0.000336857890943, 0.000224385599722, 0.000625198299531, 0.000381163088605, 0.000216941756662, 0.000216684667976, 0.000322231295286, 0.000138542454806, 0.000122059536807, 0.000171387466253, 7.34503482818e-05, 2.91499800369e-05, 4.3530617404e-06, 6.54901022301e-09, 4.20466639284e-09],
        "dvar": [6.61571766614e-06, 0.00237742788158, 0.000253458012594, 4.91033351864e-05, 1.32800805659e-05, 3.99717691835e-06, 1.73677835846e-06, 1.72009481503e-06, 7.83434416007e-07, 7.2985181987e-07, 6.41182668915e-06, 1.21455877888e-05, 7.44211376968e-07, 1.11749166365e-07, 1.26441807424e-06, 3.51951626953e-07, 2.65782006181e-07, 3.07836302227e-07, 1.09614506982e-06, 2.11364721281e-07, 1.11861993446e-07, 1.20979080975e-07, 1.54765977811e-08, 2.53722842736e-09, 5.07945178974e-11, 5.20427167484e-17, 1.68231265062e-17],
        "dvar2": [1.65419314726e-05, 0.00689576333389, 0.000544081034604, 0.000141325814184, 3.35327531502e-05, 1.07983141788e-05, 4.94315463584e-06, 4.75758542962e-06, 1.7668721739e-06, 1.32429659061e-06, 1.80809038284e-05, 3.45659354934e-05, 2.05018181987e-06, 2.85633944941e-07, 2.90977459372e-06, 8.85711187948e-07, 6.24331391919e-07, 7.14522116141e-07, 2.34539811572e-06, 3.54579611894e-07, 2.35107776803e-07, 3.16081951723e-07, 3.90232131053e-08, 6.14293416135e-09, 1.1967773994e-10, 1.37202674729e-16, 5.4586988655e-17],
        "max": [0.0251577440649, 0.422112524509, 0.139157891273, 0.08184710145, 0.041664686054, 0.0238103941083, 0.0139608336613, 0.0185430161655, 0.00862462259829, 0.0173446387053, 0.0310488007963, 0.0356127731502, 0.0105862664059, 0.0052328305319, 0.0237786024809, 0.00878136232495, 0.00687100272626, 0.0061764693819, 0.0151482531801, 0.00675107492134, 0.00410655885935, 0.00334644969553, 0.00135063112248, 0.000538201944437, 7.03606710886e-05, 8.77431389767e-08, 4.08363973747e-08],
        "mean": [0.00148286030162, 0.028186775744, 0.0142038324848, 0.00163910863921, 0.00157184910495, 0.000431857362855, 0.000518021755852, 0.000237974280026, 0.000238514752709, 0.000316643039696, 0.000337688339641, 0.000429973559221, 0.0001750508236, 0.000162844065926, 0.000553891120944, 0.000262676097918, 0.000136040223879, 0.000140428601298, 0.000225613519433, 0.000118106443551, 8.00374400569e-05, 8.1865437096e-05, 3.85882631235e-05, 1.77248239197e-05, 2.50421885539e-06, 3.37126082606e-09, 1.6425967253e-09],
        "median": [0.000322884850902, 0.00682800682262, 0.000874929130077, 0.000175672612386, 0.000125182137708, 2.21057507588e-05, 3.81895042665e-05, 4.39655013906e-06, 8.16131796455e-06, 8.21640423965e-06, 7.14569796401e-06, 1.17528261399e-05, 1.67521029653e-05, 2.88889077638e-05, 7.97115208115e-05, 4.3575775635e-05, 1.46507236423e-05, 1.02490821519e-05, 9.82573874353e-06, 4.50011748399e-06, 1.74326055458e-06, 3.78191913342e-07, 8.91668321401e-08, 5.13320266293e-08, 8.79215900085e-09, 6.55579701636e-10, 3.07090963769e-10],
        "min": [4.90620211124e-09, 1.31738708831e-08, 8.18444367834e-10, 4.06174816003e-10, 1.49635184243e-08, 1.84532900072e-09, 2.76306810765e-10, 2.55359587642e-11, 1.10710413059e-10, 3.12037583272e-11, 1.68330523131e-11, 6.2613296492e-11, 7.19766468649e-11, 5.13881229236e-11, 9.33741903242e-11, 1.48819082058e-10, 2.04807032445e-10, 1.0140142892e-10, 1.29043331576e-10, 1.34948996422e-10, 9.13506423283e-11, 1.04368727202e-11, 1.45023619849e-11, 1.08869718796e-11, 7.48498398678e-12, 6.5486925778e-12, 8.86505799325e-12],
        "var": [9.88155261439e-06, 0.00276497052982, 0.000538059219252, 3.12467200274e-05, 1.45147641888e-05, 3.0751803024e-06, 1.46519619193e-06, 1.26226757402e-06, 8.18885268927e-07, 1.3624201074e-06, 4.16259217673e-06, 7.26079815649e-06, 5.22183938756e-07, 1.36572467113e-07, 2.11807150663e-06, 4.17143297682e-07, 2.64794323357e-07, 3.27103492737e-07, 1.27413727569e-06, 3.32577513973e-07, 1.2561078222e-07, 9.29614856204e-08, 1.38343567713e-08, 2.58242272011e-09, 5.04502759013e-11, 5.04482169298e-17, 1.2427680637e-17]
    },
    "erbbands": {
        "dmean": [0.700965166092, 4.69095039368, 10.9708347321, 6.34678792953, 5.84600496292, 4.33964538574, 3.93589615822, 4.68617248535, 7.79423332214, 5.80144166946, 6.56390666962, 5.09638023376, 5.83519697189, 8.89410400391, 33.5941963196, 16.5439243317, 8.67528247833, 6.71466398239, 12.6902894974, 22.4797801971, 11.0555744171, 8.84232234955, 7.43472290039, 10.1550092697, 9.71801567078, 4.99050188065, 4.39264726639, 2.88010001183, 2.92515850067, 3.68340563774, 1.03640091419, 0.545593678951, 0.227443665266, 0.0614097639918, 0.00433354917914, 0.000213692386751, 2.16982680286e-05, 4.5468150347e-06, 1.48886720126e-05, 3.48698958987e-05],
        "dmean2": [1.15202105045, 7.9372215271, 16.9619750977, 10.5501070023, 10.2491436005, 7.04037427902, 6.63065910339, 7.708589077, 13.6607732773, 10.4422702789, 10.9147825241, 8.12061595917, 8.27246284485, 13.3401918411, 60.449634552, 29.9012260437, 14.7599897385, 11.0137195587, 20.1114368439, 35.371471405, 18.0154590607, 14.0906267166, 11.4592838287, 15.5286960602, 13.6378746033, 6.64443206787, 6.32510614395, 4.33386611938, 4.56673717499, 6.34053993225, 1.63185656071, 0.839290320873, 0.346941113472, 0.0951665714383, 0.0067001641728, 0.000322644016705, 3.22557643813e-05, 6.91551031196e-06, 2.39787914325e-05, 5.64245783607e-05],
        "dvar": [3.40179491043, 95.3949813843, 367.273162842, 222.229171753, 409.839263916, 145.656265259, 304.113250732, 287.811035156, 485.237030029, 385.933441162, 874.868530273, 312.025054932, 252.729614258, 954.450866699, 39765.875, 8425.02246094, 1463.98986816, 373.493377686, 970.793029785, 3537.80102539, 875.658874512, 1226.03564453, 860.633605957, 1923.51977539, 2123.51147461, 474.114807129, 417.359466553, 81.8230743408, 78.2944717407, 161.74760437, 8.14168739319, 2.13422346115, 0.351109534502, 0.0243689157069, 0.000152463282575, 3.19546217042e-07, 1.85994364355e-09, 8.19264794893e-11, 6.78184342018e-10, 3.78440834226e-09],
        "dvar2": [8.9724111557, 282.575592041, 789.053833008, 596.95916748, 1159.07507324, 364.70022583, 831.006408691, 721.706176758, 1403.93469238, 1107.81335449, 2281.48095703, 695.727783203, 507.903167725, 1999.17871094, 112999.757812, 24172.4589844, 4011.96289062, 964.135009766, 2290.36157227, 8525.94238281, 2168.87329102, 2975.24780273, 2051.92211914, 4481.26904297, 4017.06787109, 772.102722168, 887.20904541, 177.391571045, 180.517089844, 447.354858398, 20.2713985443, 5.23257493973, 0.865151286125, 0.0578482188284, 0.000366791908164, 7.59401245887e-07, 4.24470991689e-09, 1.72814651478e-10, 1.80150128148e-09, 1.02058592688e-08],
        "max": [18.7235183716, 75.2201843262, 171.567123413, 180.537704468, 229.173919678, 213.104690552, 271.385375977, 204.467788696, 269.60925293, 235.794189453, 436.550506592, 169.343399048, 202.75932312, 493.011688232, 2064.53710938, 1090.53588867, 499.832794189, 267.918640137, 498.113006592, 960.449768066, 422.089996338, 470.996002197, 338.276031494, 618.54119873, 590.179138184, 325.228820801, 268.51663208, 105.751609802, 90.3861312866, 122.661453247, 28.2189807892, 15.493311882, 6.23539733887, 1.74533641338, 0.176630347967, 0.00779339997098, 0.000482525967527, 8.24193411972e-05, 0.000205311764148, 0.000489612517413],
        "mean": [0.975123226643, 5.74088191986, 17.0844249725, 8.66534423828, 5.51509141922, 4.91125011444, 4.09898090363, 3.98974585533, 8.11941814423, 5.38233184814, 5.51031303406, 5.11501073837, 7.39516210556, 8.95863246918, 23.6983795166, 12.5230960846, 7.92221498489, 8.08311367035, 17.8986682892, 28.4433269501, 13.0205059052, 8.5651845932, 7.42109584808, 10.0055494308, 10.2769603729, 5.74731636047, 4.34139299393, 2.55369019508, 2.4858891964, 2.62862014771, 0.914065063, 0.508102655411, 0.207501083612, 0.0560630150139, 0.00388899049722, 0.000213618710404, 3.08194648824e-05, 5.70101110497e-06, 2.46453182626e-05, 5.7055221987e-05],
        "median": [0.0796253159642, 1.95505774021, 1.57905077934, 2.29786348343, 0.817332804203, 0.445881843567, 0.220338433981, 0.309283018112, 0.558731734753, 0.368511915207, 0.191310331225, 0.233807638288, 0.247471630573, 0.357644230127, 0.459417879581, 0.599532842636, 0.803845822811, 1.48045873642, 3.42957854271, 3.95589613914, 2.11458563805, 0.926808595657, 0.63620442152, 0.552102863789, 0.431940943003, 0.23056229949, 0.109093427658, 0.0437671840191, 0.0159316807985, 0.0054788258858, 0.00231092330068, 0.00131088960916, 0.000752033200115, 0.000213854102185, 5.17542030138e-05, 2.64353420789e-05, 1.36270518851e-05, 1.85579801837e-06, 1.53294568008e-05, 3.4975928429e-05],
        "min": [9.13165138172e-07, 2.57263536696e-06, 2.51959886555e-06, 7.83408722782e-06, 1.38259365485e-05, 3.84035629395e-05, 5.63362154935e-05, 8.01605710876e-06, 5.39708116776e-06, 1.37552626711e-06, 9.43178861235e-07, 3.18036768476e-06, 1.26722272853e-06, 7.94221762135e-07, 1.01791204088e-06, 2.66755000666e-06, 2.66501410806e-06, 3.17206422551e-06, 7.19341687727e-06, 9.05962042452e-06, 1.02561380118e-05, 1.23778918351e-05, 5.47684703633e-06, 6.23836513114e-06, 5.50943468625e-06, 6.39897962174e-06, 4.6575446504e-06, 1.4916163309e-06, 4.14640936697e-07, 5.65360096516e-07, 3.31533271947e-07, 2.10514997434e-07, 1.70151650991e-07, 1.19712197488e-07, 4.0320674799e-08, 1.55040513761e-08, 1.53968180427e-08, 5.9598290747e-09, 1.5681512755e-09, 5.30340327209e-10],
        "var": [4.67170810699, 98.1104202271, 718.886962891, 220.580444336, 296.89855957, 163.419006348, 246.410110474, 252.982223511, 398.547363281, 272.646636963, 693.29107666, 342.527496338, 496.858703613, 1148.04394531, 24481.5039062, 5046.83300781, 1046.47436523, 393.655822754, 1766.99743652, 4920.52832031, 1067.42333984, 1138.38012695, 876.319152832, 2074.07495117, 2780.09814453, 769.481262207, 463.141113281, 89.9358520508, 76.6593933105, 106.991188049, 7.5444149971, 2.14795398712, 0.343019127846, 0.024414550513, 0.000145913872984, 3.25943915414e-07, 2.59300692029e-09, 1.13370000887e-10, 1.01719732637e-09, 5.58292789776e-09]
    },
    "gfcc": {
        "mean": [-182.062240601, 153.198883057, -116.917869568, 61.4865760803, -10.4279222488, 9.77300643921, -13.5215473175, -6.58473014832, 6.04036951065, -8.60983276367, 4.60489559174, -17.335308075, 4.70941638947],
        "cov": [[19639.4375, -419.612579346, -3317.3347168, 953.276245117, -1781.60473633, 1170.0345459, -302.067230225, -523.061645508, -120.375572205, -720.423950195, -340.418945312, -458.912384033, 137.806381226], [-419.612579346, 1597.61633301, 178.957077026, -477.243621826, 1056.97375488, -502.407928467, 262.610961914, -123.071487427, -86.9989929199, -39.1473617554, -131.429763794, -108.958023071, -111.459266663], [-3317.3347168, 178.957077026, 4654.42773438, 1116.76745605, 578.67175293, 507.986938477, 149.864761353, 13.4373674393, -38.8561897278, -59.5944709778, -83.890586853, -25.1197376251, -223.63293457], [953.276245117, -477.243621826, 1116.76745605, 1019.09576416, -84.4938583374, 408.227996826, -61.6558380127, -60.562461853, -62.7800216675, -129.472290039, -70.3540344238, -74.7923965454, -34.3844032288], [-1781.60473633, 1056.97375488, 578.67175293, -84.4938583374, 2025.16491699, -76.0333938599, 427.906738281, -62.5959320068, -142.905990601, -52.9379348755, -309.343902588, -134.125518799, -40.408744812], [1170.0345459, -502.407928467, 507.986938477, 408.227996826, -76.0333938599, 928.698608398, 83.5046920776, -7.89673471451, 14.1581516266, -163.123947144, -133.669067383, -59.7334480286, 39.0541267395], [-302.067230225, 262.610961914, 149.864761353, -61.6558380127, 427.906738281, 83.5046920776, 364.0625, 40.1506919861, -46.1200866699, -47.7740287781, -86.0846099854, -9.26476573944, 15.8970584869], [-523.061645508, -123.071487427, 13.4373674393, -60.562461853, -62.5959320068, -7.89673471451, 40.1506919861, 169.160308838, 85.9088821411, 53.2900238037, 63.0041046143, 49.1167678833, 31.4491100311], [-120.375572205, -86.9989929199, -38.8561897278, -62.7800216675, -142.905990601, 14.1581516266, -46.1200866699, 85.9088821411, 228.79133606, 123.741645813, 105.019844055, 37.3393478394, 30.0949840546], [-720.423950195, -39.1473617554, -59.5944709778, -129.472290039, -52.9379348755, -163.123947144, -47.7740287781, 53.2900238037, 123.741645813, 199.765426636, 133.307022095, 67.8150863647, 13.8967018127], [-340.418945312, -131.429763794, -83.890586853, -70.3540344238, -309.343902588, -133.669067383, -86.0846099854, 63.0041046143, 105.019844055, 133.307022095, 238.483337402, 104.121139526, 21.5248394012], [-458.912384033, -108.958023071, -25.1197376251, -74.7923965454, -134.125518799, -59.7334480286, -9.26476573944, 49.1167678833, 37.3393478394, 67.8150863647, 104.121139526, 111.926315308, 43.3661460876], [137.806381226, -111.459266663, -223.63293457, -34.3844032288, -40.408744812, 39.0541267395, 15.8970584869, 31.4491100311, 30.0949840546, 13.8967018127, 21.5248394012, 43.3661460876, 113.41217804]],
        "icov": [[0.000130780987092, -0.000251566845691, 0.000169129518326, -0.00030160730239, 0.000194250998902, -0.000202327311854, -6.50586889606e-06, 0.000132643253892, -8.15086605144e-05, 0.000105122067907, 3.07278023683e-05, 0.000177542518941, -0.000126045488287], [-0.000251566845691, 0.0028702262789, -0.000706765276846, 0.00183573085815, -0.00122090266086, 0.00172971608117, -0.00101336278021, 0.00180255132727, -0.00129004672635, 0.00207713013515, -0.00124351342674, 0.00149088317994, 0.000654689560179], [0.000169129518326, -0.000706765276846, 0.000685018021613, -0.00104975176509, 0.000235719591728, -0.0005972579238, 6.79812947055e-05, -0.000307599082589, 2.06253025681e-05, -0.00033504125895, 0.0003487833892, -0.000877305283211, 0.000802660360932], [-0.00030160730239, 0.00183573085815, -0.00104975176509, 0.00320705585182, -0.000773018517066, 0.000688928819727, -2.50846460403e-05, 0.000960494275205, -8.51777658681e-05, 0.00140467425808, -0.00131993356626, 0.00202673813328, -0.000376513839001], [0.000194250998902, -0.00122090266086, 0.000235719591728, -0.000773018517066, 0.00153801625129, -0.000522259913851, -0.000567770446651, -0.000269504496828, 0.00060387753183, -0.00150835420936, 0.00150908913929, 0.000370012945496, -0.000726635043975], [-0.000202327311854, 0.00172971608117, -0.0005972579238, 0.000688928819727, -0.000522259913851, 0.00290295947343, -0.00109809089918, 0.00118944537826, -0.00197722180746, 0.00246291724034, 0.000112030247692, 0.000733970664442, -0.000463734410005], [-6.50586889606e-06, -0.00101336278021, 6.79812947055e-05, -2.50846460403e-05, -0.000567770446651, -0.00109809089918, 0.00497391447425, -0.00257698539644, 0.00135236000642, -0.000200385038625, 0.000865835289005, -0.00166879873723, -0.000528854725417], [0.000132643253892, 0.00180255132727, -0.000307599082589, 0.000960494275205, -0.000269504496828, 0.00118944537826, -0.00257698539644, 0.0107352798805, -0.00448495335877, 0.00264547904953, -0.00140348030254, -0.000320760445902, -0.000571295793634], [-8.15086605144e-05, -0.00129004672635, 2.06253025681e-05, -8.51777658681e-05, 0.00060387753183, -0.00197722180746, 0.00135236000642, -0.00448495335877, 0.0103963892907, -0.00695929303765, -0.0011950393673, 0.00270975520834, -0.00191917875782], [0.000105122067907, 0.00207713013515, -0.00033504125895, 0.00140467425808, -0.00150835420936, 0.00246291724034, -0.000200385038625, 0.00264547904953, -0.00695929303765, 0.0153304999694, -0.00482350355014, -0.00119337521028, 0.000927810266148], [3.07278023683e-05, -0.00124351342674, 0.0003487833892, -0.00131993356626, 0.00150908913929, 0.000112030247692, 0.000865835289005, -0.00140348030254, -0.0011950393673, -0.00482350355014, 0.0127809625119, -0.00849170889705, 0.00152450904716], [0.000177542518941, 0.00149088317994, -0.000877305283211, 0.00202673813328, 0.000370012945496, 0.000733970664442, -0.00166879873723, -0.000320760445902, 0.00270975520834, -0.00119337521028, -0.00849170889705, 0.02382449992, -0.00773511501029], [-0.000126045488287, 0.000654689560179, 0.000802660360932, -0.000376513839001, -0.000726635043975, -0.000463734410005, -0.000528854725417, -0.000571295793634, -0.00191917875782, 0.000927810266148, 0.00152450904716, -0.00773511501029, 0.0142798591405]]
    },
    "melbands": {
        "dmean": [0.00611496763304, 0.00544318603352, 0.00114934437443, 0.000357614015229, 0.000148605700815, 0.000105388447992, 0.000116214556328, 6.30747745163e-05, 5.47041745449e-05, 3.08876624331e-05, 3.03749475279e-05, 3.57421122317e-05, 8.52348821354e-05, 8.26639006846e-05, 2.63743204414e-05, 1.62622545758e-05, 1.21571474665e-05, 1.87838977581e-05, 3.14985845762e-05, 2.16928037844e-05, 1.205783974e-05, 8.99982660485e-06, 8.18095122668e-06, 6.15833005213e-06, 8.61465559865e-06, 8.14828945295e-06, 5.38930771654e-06, 2.90871298603e-06, 2.99902285406e-06, 2.01151965484e-06, 1.60110312208e-06, 1.74551325927e-06, 1.86350257536e-06, 1.85089402294e-06, 5.57655880584e-07, 4.13145983202e-07, 2.9694771797e-07, 1.8212598718e-07, 8.84660451561e-08, 3.89399481548e-08],
        "dmean2": [0.010248423554, 0.00862594228238, 0.00189653388225, 0.000596442027017, 0.00024551973911, 0.000174759916263, 0.000203272371436, 0.000112765788799, 9.05132765183e-05, 4.92291619594e-05, 4.23301571573e-05, 5.22535046912e-05, 0.000151921602082, 0.00014976838429, 4.76395143778e-05, 2.71383960353e-05, 2.00525264518e-05, 3.04859640892e-05, 4.88335099362e-05, 3.49930414814e-05, 1.98508878384e-05, 1.43212046169e-05, 1.32545255838e-05, 9.56345047598e-06, 1.34959627758e-05, 1.14230570034e-05, 7.41812527849e-06, 3.97226176574e-06, 4.36384561908e-06, 3.04127343043e-06, 2.44396392191e-06, 2.71042381428e-06, 3.1232202673e-06, 3.18905290442e-06, 8.77143008893e-07, 6.27144686405e-07, 4.67658594516e-07, 2.79576681805e-07, 1.36063562195e-07, 6.1990263589e-08],
        "dvar": [0.000218562636292, 8.95089833648e-05, 7.86809778219e-06, 9.16021633657e-07, 3.78580921279e-07, 1.50350913941e-07, 1.02114213973e-07, 5.24105630006e-08, 5.91349120782e-08, 1.07100923685e-08, 6.89901691331e-09, 1.63993263413e-08, 2.45176295266e-07, 2.28272540426e-07, 1.91186497744e-08, 4.37650982121e-09, 1.12382914086e-09, 2.13781459202e-09, 9.47474454449e-09, 2.79591061414e-09, 1.10967268707e-09, 1.2896713697e-09, 1.13553100256e-09, 5.3972232239e-10, 1.44593303997e-09, 1.46568190917e-09, 7.01895763733e-10, 1.52429624478e-10, 2.11576270392e-10, 6.66002600291e-11, 2.27335233971e-11, 2.918141076e-11, 4.1572339321e-11, 3.72390937531e-11, 2.32621127222e-12, 1.17723398304e-12, 6.47048983404e-13, 2.33735882212e-13, 4.91412940613e-14, 1.12942729442e-14],
        "dvar2": [0.000618405756541, 0.000210849728319, 2.11978585867e-05, 2.42866349254e-06, 1.00650152035e-06, 3.87810217717e-07, 2.94026818892e-07, 1.49690691842e-07, 1.49613796907e-07, 2.36897488293e-08, 1.28529098475e-08, 3.25229443376e-08, 6.91983302659e-07, 6.52560515846e-07, 5.51429408802e-08, 1.17376099951e-08, 2.88935075865e-09, 5.22602716657e-09, 2.1641024972e-08, 6.94251145461e-09, 2.74736922101e-09, 3.12181813733e-09, 2.88693402517e-09, 1.22243637435e-09, 3.45899153764e-09, 2.95661028993e-09, 1.36835898168e-09, 2.43633169195e-10, 4.51002318824e-10, 1.45021050724e-10, 5.16058758226e-11, 6.57664686599e-11, 1.1192636401e-10, 1.02637287558e-10, 5.6269208043e-12, 2.81807910341e-12, 1.60950148608e-12, 5.82712372278e-13, 1.16917489145e-13, 2.75099479194e-14],
        "max": [0.139053702354, 0.0951746404171, 0.0329995974898, 0.0104285366833, 0.00918557774276, 0.00451090047136, 0.00367910251953, 0.00280148186721, 0.00364396930672, 0.00100781139918, 0.00121213204693, 0.00230086175725, 0.00540469354019, 0.00494084320962, 0.00175707472954, 0.000914206495509, 0.000513828068506, 0.000912112183869, 0.00262359972112, 0.000718194234651, 0.000507340417244, 0.000500756024849, 0.000412812107243, 0.000256968603935, 0.000546075287275, 0.000511088757776, 0.000393708935007, 0.000194640902919, 0.000195845699636, 0.000110089014925, 5.62847853871e-05, 5.90572017245e-05, 6.32453520666e-05, 5.8289100707e-05, 1.38574578159e-05, 1.19912756418e-05, 8.30115641293e-06, 5.14284647579e-06, 2.83402141577e-06, 1.13787427836e-06],
        "mean": [0.00802954100072, 0.00843324232846, 0.00155867752619, 0.000371614383766, 0.000161738294992, 8.68000497576e-05, 0.000121878467326, 5.64311085327e-05, 4.57585883851e-05, 3.12243719236e-05, 3.87041909562e-05, 3.65756022802e-05, 6.18900594418e-05, 5.82508073421e-05, 2.08043347811e-05, 1.57809517987e-05, 1.42516910273e-05, 2.43114209297e-05, 4.3278632802e-05, 2.52651407209e-05, 1.35356194733e-05, 8.45410613692e-06, 7.4795011642e-06, 6.41037922833e-06, 8.23702703201e-06, 8.58621660882e-06, 5.58322517463e-06, 3.35555137099e-06, 2.93309949484e-06, 1.89064576261e-06, 1.37342874496e-06, 1.49856975895e-06, 1.41807674936e-06, 1.3221658719e-06, 5.01154659105e-07, 3.97086665771e-07, 2.6723014912e-07, 1.6362476174e-07, 8.22612804541e-08, 3.38561996216e-08],
        "median": [0.00125973066315, 0.00229719420895, 0.000411462358898, 3.55475021934e-05, 8.53721212479e-06, 5.80911728321e-06, 8.65570564201e-06, 3.46194156009e-06, 1.07412711259e-06, 1.22505423406e-06, 1.11675376502e-06, 1.21650123219e-06, 1.23327072288e-06, 1.26212444229e-06, 1.47682885654e-06, 1.79133576239e-06, 2.51325809586e-06, 4.75102751807e-06, 5.17896614838e-06, 4.05475930165e-06, 1.9043084194e-06, 8.56569386087e-07, 6.34753973827e-07, 4.32722515598e-07, 4.13580977465e-07, 3.54537235125e-07, 2.18101988025e-07, 1.2177240194e-07, 6.80500420458e-08, 3.65581058759e-08, 1.89542515017e-08, 9.35404287361e-09, 4.22038093362e-09, 2.31987518085e-09, 1.36404620932e-09, 9.53693790606e-10, 7.54332485364e-10, 5.61440727243e-10, 3.05963004932e-10, 9.16087622427e-11],
        "min": [1.32181625645e-08, 2.6203657022e-09, 1.3879386529e-09, 2.32153052337e-09, 2.58667554043e-09, 1.93684512872e-10, 6.99297772466e-11, 1.04144635624e-11, 1.09312437574e-11, 1.62373031687e-11, 6.02439322386e-12, 3.43068715797e-12, 2.4746142635e-12, 8.36818288275e-12, 3.96033206229e-12, 7.48430831199e-12, 4.62912564184e-12, 1.04264713183e-11, 6.18378221892e-12, 7.83649100472e-12, 8.48722481184e-12, 1.35184016758e-11, 5.72333803614e-12, 5.13707002284e-12, 4.75955863263e-12, 4.61696869972e-12, 3.83846166657e-12, 3.96181915399e-12, 2.36610449116e-12, 8.08602859149e-13, 7.24572799763e-13, 2.02854551733e-13, 1.87761576577e-13, 3.29124287502e-13, 1.41883060205e-13, 9.79811324848e-14, 1.42147591983e-13, 1.15936137101e-13, 1.14380252774e-13, 9.78602168375e-14],
        "var": [0.000267238705419, 0.000147699203808, 7.52836194806e-06, 8.61188652834e-07, 3.39354443213e-07, 1.25151842667e-07, 8.56656043879e-08, 3.72584061381e-08, 4.87820273065e-08, 1.20985257368e-08, 1.46335539242e-08, 2.16264997022e-08, 1.55015811742e-07, 1.36592660738e-07, 1.144052586e-08, 3.37369820969e-09, 1.22006071912e-09, 3.35510841332e-09, 1.64958482429e-08, 3.541802851e-09, 1.36163647024e-09, 1.19853038605e-09, 9.5664254296e-10, 6.37784769442e-10, 1.47497070113e-09, 1.85168180789e-09, 9.05265085116e-10, 2.52817766722e-10, 2.31526076089e-10, 7.09929962039e-11, 2.35980592705e-11, 2.9432394022e-11, 2.96764141039e-11, 2.49819973736e-11, 2.27165074945e-12, 1.25014777176e-12, 6.19629727302e-13, 2.21324315212e-13, 5.02521845479e-14, 1.05148332261e-14]
    },
    "mfcc": {
        "mean": [-804.924255371, 145.828659058, -3.19362354279, 48.3107452393, 35.9163665771, 24.6702899933, 10.662817955, 7.10171222687, 8.41445732117, 12.5979385376, 2.81145834923, 2.32884454727, 6.32812070847],
        "cov": [[17618.1210938, 679.713256836, -2740.73510742, -668.516906738, -1486.86437988, 154.487945557, -617.805114746, 81.0368270874, -192.625442505, -9.83650398254, -500.657226562, -392.167572021, -574.059997559], [679.713256836, 2396.76489258, -1039.77453613, 174.512329102, 525.218017578, -13.7627420425, 319.632629395, -91.9468765259, 165.491699219, 91.7997360229, -71.6675338745, -127.473999023, -60.5124435425], [-2740.73510742, -1039.77453613, 3750.57226562, 801.78302002, 219.338623047, 526.981201172, -31.0054931641, 328.425079346, -110.724182129, -91.1522140503, 226.879547119, 224.267974854, 70.2846069336], [-668.516906738, 174.512329102, 801.78302002, 838.42199707, 461.230407715, 215.902740479, 197.945144653, 72.6731643677, 38.4962463379, -4.64647817612, -15.5587043762, -26.2596359253, -21.1780433655], [-1486.86437988, 525.218017578, 219.338623047, 461.230407715, 850.782409668, 339.157867432, 309.415863037, 91.6163864136, 184.773880005, 105.91999054, -5.60875463486, -85.5949554443, -32.0884132385], [154.487945557, -13.7627420425, 526.981201172, 215.902740479, 339.157867432, 573.777404785, 269.619934082, 229.982833862, 177.946899414, 65.8408889771, -16.8228130341, -95.4638671875, -111.803077698], [-617.805114746, 319.632629395, -31.0054931641, 197.945144653, 309.415863037, 269.619934082, 428.602935791, 174.540939331, 164.623855591, 48.0788154602, -52.3543815613, -93.8745956421, -77.0091094971], [81.0368270874, -91.9468765259, 328.425079346, 72.6731643677, 91.6163864136, 229.982833862, 174.540939331, 257.061737061, 120.354164124, 37.2910385132, -1.66437220573, -34.4753074646, -69.6210174561], [-192.625442505, 165.491699219, -110.724182129, 38.4962463379, 184.773880005, 177.946899414, 164.623855591, 120.354164124, 222.741699219, 97.7096710205, -7.14888572693, -68.0555953979, -50.2631149292], [-9.83650398254, 91.7997360229, -91.1522140503, -4.64647817612, 105.91999054, 65.8408889771, 48.0788154602, 37.2910385132, 97.7096710205, 112.262878418, 24.4643669128, -14.4901952744, 0.662314713001], [-500.657226562, -71.6675338745, 226.879547119, -15.5587043762, -5.60875463486, -16.8228130341, -52.3543815613, -1.66437220573, -7.14888572693, 24.4643669128, 126.212257385, 97.0258560181, 68.580291748], [-392.167572021, -127.473999023, 224.267974854, -26.2596359253, -85.5949554443, -95.4638671875, -93.8745956421, -34.4753074646, -68.0555953979, -14.4901952744, 97.0258560181, 161.264144897, 112.467514038], [-574.059997559, -60.5124435425, 70.2846069336, -21.1780433655, -32.0884132385, -111.803077698, -77.0091094971, -69.6210174561, -50.2631149292, 0.662314713001, 68.580291748, 112.467514038, 151.850082397]],
