{
"lowlevel": {
    "average_loudness": 0.952246427536,
    "barkbands_crest": {
        "dmean": 2.79410886765,
        "dmean2": 4.37314367294,
        "dvar": 6.73713636398,
        "dvar2": 16.2984371185,
        "max": 24.0083827972,
        "mean": 12.680724144,
        "median": 12.134510994,
        "min": 3.65396356583,
        "var": 17.2735424042
    },
    "barkbands_flatness_db": {
        "dmean": 0.0312952362001,
        "dmean2": 0.045316927135,
        "dvar": 0.000921479251701,
        "dvar2": 0.00197390909307,
        "max": 0.46327367425,
        "mean": 0.220396563411,
        "median": 0.210133388638,
        "min": 0.0711602121592,
        "var": 0.00441827392206
    },
    "barkbands_kurtosis": {
        "dmean": 6.57105875015,
        "dmean2": 10.3591804504,
        "dvar": 77.565536499,
        "dvar2": 176.774475098,
        "max": 111.810684204,
        "mean": 12.666592598,
        "median": 8.54222011566,
        "min": -1.92663764954,
        "var": 175.388427734
    },
    "barkbands_skewness": {
        "dmean": 0.745305836201,
        "dmean2": 1.15063107014,
        "dvar": 0.561564862728,
        "dvar2": 1.27495658398,
        "max": 6.99190425873,
        "mean": 2.45715808868,
        "median": 2.30530118942,
        "min": -1.01418304443,
        "var": 1.96251094341
    },
    "barkbands_spread": {
        "dmean": 3.71781134605,
        "dmean2": 5.74132537842,
        "dvar": 35.1406784058,
        "dvar2": 77.4682540894,
        "max": 88.1671676636,
        "mean": 9.39914703369,
        "median": 7.15445375443,
        "min": 0.477674812078,
        "var": 72.7322387695
    },
    "dissonance": {
        "dmean": 0.0375617966056,
        "dmean2": 0.0619190596044,
        "dvar": 0.00110783393029,
        "dvar2": 0.00280409189872,
        "max": 0.499403297901,
        "mean": 0.410842269659,
        "median": 0.41963326931,
        "min": 0.16150264442,
        "var": 0.00280185043812
    },
    "dynamic_complexity": 3.26562833786,
    "erbbands_crest": {
        "dmean": 2.98344254494,
        "dmean2": 4.58526468277,
        "dvar": 7.77972412109,
        "dvar2": 17.2559566498,
        "max": 31.1347408295,
        "mean": 12.9218330383,
        "median": 12.3062238693,
        "min": 2.97172451019,
        "var": 24.7832775116
    },
    "erbbands_flatness_db": {
        "dmean": 0.0292840991169,
        "dmean2": 0.0393064245582,
        "dvar": 0.000949955778196,
        "dvar2": 0.00173663801979,
        "max": 0.429748475552,
        "mean": 0.223579376936,
        "median": 0.217697098851,
        "min": 0.0630066692829,
        "var": 0.00438459822908
    },
    "erbbands_kurtosis": {
        "dmean": 2.98806881905,
        "dmean2": 4.58749485016,
        "dvar": 24.0944213867,
        "dvar2": 51.2577209473,
        "max": 83.0855560303,
        "mean": 4.44897556305,
        "median": 2.27784967422,
        "min": -1.85686576366,
        "var": 51.5497436523
    },
    "erbbands_skewness": {
        "dmean": 0.586666345596,
        "dmean2": 0.878294408321,
        "dvar": 0.355319738388,
        "dvar2": 0.767287790775,
        "max": 7.70305156708,
        "mean": 1.48622298241,
        "median": 1.36949491501,
        "min": -1.40712869167,
        "var": 1.17322444916
    },
    "erbbands_spread": {
        "dmean": 8.65282440186,
        "dmean2": 13.3182039261,
        "dvar": 167.137329102,
        "dvar2": 365.479064941,
        "max": 146.007324219,
        "mean": 26.9758110046,
        "median": 22.1533298492,
        "min": 1.06036961079,
        "var": 421.617797852
    },
    "hfc": {
        "dmean": 4.9440908432,
        "dmean2": 7.31753349304,
        "dvar": 46.9980773926,
        "dvar2": 112.920021057,
        "max": 90.2442779541,
        "mean": 14.2192316055,
        "median": 11.1575527191,
        "min": 4.9243471949e-06,
        "var": 142.399505615
    },
    "melbands_crest": {
        "dmean": 3.45930075645,
        "dmean2": 5.45881843567,
        "dvar": 12.2655677795,
        "dvar2": 29.4082927704,
        "max": 33.2978973389,
        "mean": 16.110086441,
        "median": 15.3490390778,
        "min": 5.10056686401,
        "var": 26.4928398132
    },
    "melbands_flatness_db": {
        "dmean": 0.0343160927296,
        "dmean2": 0.0485538467765,
        "dvar": 0.00107941252645,
        "dvar2": 0.00238369265571,
        "max": 0.552759230137,
        "mean": 0.291692316532,
        "median": 0.276781082153,
        "min": 0.0953959897161,
        "var": 0.00646398914978
    },
    "melbands_kurtosis": {
        "dmean": 10.9321546555,
        "dmean2": 17.1734218597,
        "dvar": 260.750518799,
        "dvar2": 605.306518555,
        "max": 193.445465088,
        "mean": 21.1076335907,
        "median": 14.2638702393,
        "min": -1.36926591396,
        "var": 498.541168213
    },
    "melbands_skewness": {
        "dmean": 0.890632629395,
        "dmean2": 1.36381459236,
        "dvar": 0.988008201122,
        "dvar2": 2.18793439865,
        "max": 12.2419128418,
        "mean": 2.90553164482,
        "median": 2.6467165947,
        "min": -0.993144869804,
        "var": 2.94364285469
    },
    "melbands_spread": {
        "dmean": 3.27140879631,
        "dmean2": 4.93675518036,
        "dvar": 27.0355014801,
        "dvar2": 64.3091583252,
        "max": 88.3090896606,
        "mean": 9.12660312653,
        "median": 7.16292619705,
        "min": 0.470776379108,
        "var": 55.0045509338
    },
    "pitch_salience": {
        "dmean": 0.0758265405893,
        "dmean2": 0.11820679903,
        "dvar": 0.00497365230694,
        "dvar2": 0.0112244309857,
        "max": 0.839884579182,
        "mean": 0.525381863117,
        "median": 0.527343869209,
        "min": 0.176359161735,
        "var": 0.0128972204402
    },
    "silence_rate_20dB": {
        "dmean": 0,
        "dmean2": 0,
        "dvar": 0,
        "dvar2": 0,
        "max": 1,
        "mean": 1,
        "median": 1,
        "min": 1,
        "var": 0
    },
    "silence_rate_30dB": {
        "dmean": 0.0139318881556,
        "dmean2": 0.0278853606433,
        "dvar": 0.0137379541993,
        "dvar2": 0.0364032946527,
        "max": 1,
        "mean": 0.989945888519,
        "median": 1,
        "min": 0,
        "var": 0.00995305553079
    },
    "silence_rate_60dB": {
        "dmean": 0.0108359130099,
        "dmean2": 0.0216886140406,
        "dvar": 0.0107183894143,
        "dvar2": 0.0274147279561,
        "max": 1,
        "mean": 0.0696055665612,
        "median": 0,
        "min": 0,
        "var": 0.0647603571415
    },
    "spectral_centroid": {
        "dmean": 154.488449097,
        "dmean2": 237.246414185,
        "dvar": 55072.8125,
        "dvar2": 134976.203125,
        "max": 2778.07421875,
        "mean": 659.198547363,
        "median": 570.645812988,
        "min": 232.404434204,
        "var": 113455.296875
    },
    "spectral_complexity": {
        "dmean": 2.65325069427,
        "dmean2": 4.15491867065,
        "dvar": 13.3255729675,
        "dvar2": 32.9271278381,
        "max": 49,
        "mean": 11.1268367767,
        "median": 11,
        "min": 0,
        "var": 31.2754516602
    },
    "spectral_decrease": {
        "dmean": 3.13640646787e-09,
        "dmean2": 4.82978412819e-09,
        "dvar": 2.48423513773e-17,
        "dvar2": 5.66739024747e-17,
        "max": -2.09469490263e-15,
        "mean": -7.65321228613e-09,
        "median": -6.2889853325e-09,
        "min": -4.26315800439e-08,
        "var": 4.14131282397e-17
    },
    "spectral_energy": {
        "dmean": 0.0122069371864,
        "dmean2": 0.0187508296221,
        "dvar": 0.000369271408999,
        "dvar2": 0.000842149253003,
        "max": 0.164674207568,
        "mean": 0.0301747005433,
        "median": 0.0249411314726,
        "min": 8.35253199938e-09,
        "var": 0.000630896014627
    },
    "spectral_energyband_high": {
        "dmean": 0.000190789825865,
        "dmean2": 0.000312153570121,
        "dvar": 2.66879766286e-07,
        "dvar2": 6.64257413518e-07,
        "max": 0.008914061822,
        "mean": 0.000286564987618,
        "median": 8.51480290294e-05,
        "min": 1.42185138663e-10,
        "var": 3.5326556258e-07
    },
    "spectral_energyband_low": {
        "dmean": 0.00605542352423,
        "dmean2": 0.00978180207312,
        "dvar": 0.000278939114651,
        "dvar2": 0.000653026334476,
        "max": 0.113762021065,
        "mean": 0.00673897005618,
        "median": 0.000790840247646,
        "min": 1.69533120875e-09,
        "var": 0.000278092338704
    },
    "spectral_energyband_middle_high": {
        "dmean": 0.0013477752218,
        "dmean2": 0.00199619191699,
        "dvar": 5.76468482905e-06,
        "dvar2": 1.28182373373e-05,
        "max": 0.0290772784501,
        "mean": 0.00275578536093,
        "median": 0.00114450638648,
        "min": 7.67141850044e-10,
        "var": 1.62545129569e-05
    },
    "spectral_energyband_middle_low": {
        "dmean": 0.00676763383672,
        "dmean2": 0.01016924344,
        "dvar": 7.07644867362e-05,
        "dvar2": 0.000153590590344,
        "max": 0.103466875851,
        "mean": 0.0209518652409,
        "median": 0.0183973740786,
        "min": 5.70982594539e-09,
        "var": 0.000240195236984
    },
    "spectral_entropy": {
        "dmean": 0.308746278286,
        "dmean2": 0.426455616951,
        "dvar": 0.105336770415,
        "dvar2": 0.203256472945,
        "max": 8.58462142944,
        "mean": 6.68314647675,
        "median": 6.75018930435,
        "min": 4.51628160477,
        "var": 0.492036670446
    },
    "spectral_flux": {
        "dmean": 0.0335139632225,
        "dmean2": 0.0541652962565,
        "dvar": 0.00172568438575,
        "dvar2": 0.00422522099689,
        "max": 0.32697892189,
        "mean": 0.0783451870084,
        "median": 0.0628887936473,
        "min": 9.13921903702e-05,
        "var": 0.00320826703683
    },
    "spectral_kurtosis": {
        "dmean": 7.16584539413,
        "dmean2": 11.3901968002,
        "dvar": 163.728561401,
        "dvar2": 385.104125977,
        "max": 165.204177856,
        "mean": 13.7733135223,
        "median": 6.37065505981,
        "min": -1.42931711674,
        "var": 407.995788574
    },
    "spectral_rms": {
        "dmean": 0.000989022082649,
        "dmean2": 0.00147738237865,
        "dvar": 1.61920013397e-06,
        "dvar2": 3.46299430021e-06,
        "max": 0.0126750841737,
        "mean": 0.00495968246832,
        "median": 0.00493282964453,
        "min": 2.85461237581e-06,
        "var": 4.84026577396e-06
    },
    "spectral_rolloff": {
        "dmean": 227.431427002,
        "dmean2": 400.306213379,
        "dvar": 432876.78125,
        "dvar2": 923401,
        "max": 9646.875,
        "mean": 681.633483887,
        "median": 495.263671875,
        "min": 64.599609375,
        "var": 524836.5625
    },
    "spectral_skewness": {
        "dmean": 0.621242642403,
        "dmean2": 0.95217859745,
        "dvar": 0.617899119854,
        "dvar2": 1.4154613018,
        "max": 10.4838819504,
        "mean": 2.55663847923,
        "median": 2.09663438797,
        "min": 0.147741556168,
        "var": 2.27384662628
    },
    "spectral_spread": {
        "dmean": 821231.9375,
        "dmean2": 1172795.25,
        "dvar": 1.30195429786e+12,
        "dvar2": 2.42735067955e+12,
        "max": 16026007,
        "mean": 4027433.5,
        "median": 3741544,
        "min": 662416.1875,
        "var": 4.33038006682e+12
    },
    "spectral_strongpeak": {
        "dmean": 0.462785571814,
        "dmean2": 0.733451604843,
        "dvar": 0.382165431976,
        "dvar2": 0.869197070599,
        "max": 7.44430398941,
        "mean": 1.19243502617,
        "median": 0.944069087505,
        "min": 0.000234178602113,
        "var": 1.0765209198
    },
    "zerocrossingrate": {
        "dmean": 0.00712845288217,
        "dmean2": 0.00849556457251,
        "dvar": 0.000101333389466,
        "dvar2": 0.000118002863019,
        "max": 0.23486328125,
        "mean": 0.0340618640184,
        "median": 0.02978515625,
        "min": 0.01025390625,
        "var": 0.000416692899307
    },
    "barkbands": {
        "dmean": [0.000330010632752, 0.00505955377594, 0.000900364597328, 0.000411170651205, 0.00241638813168, 0.00327553437091, 0.00121530971956, 0.00166868884116, 0.000427135557402, 0.000558600120712, 0.000316479738103, 0.000361295271432, 0.000168569429661, 0.000199276590138, 0.000117092364235, 0.00012680052896, 7.64108408475e-05, 6.64257531753e-05, 5.51093144168e-05, 5.06768556079e-05, 6.34673415334e-05, 2.93657976727e-05, 2.63373531197e-05, 4.56520210719e-05, 2.50816847256e-05, 1.17290537673e-05, 5.59635395803e-07],
        "dmean2": [0.000507051823661, 0.00835010688752, 0.00145292538218, 0.000607362773735, 0.00378432264552, 0.00490400847048, 0.00186055433005, 0.00234297243878, 0.000696748262271, 0.000876990729012, 0.000479240872664, 0.000540985143743, 0.000241805857513, 0.000320138497045, 0.000187934128917, 0.000196727050934, 0.000129810461658, 0.000102616089862, 8.70830845088e-05, 8.34902748466e-05, 0.00011219712178, 4.88149562443e-05, 4.090766015e-05, 7.27922233636e-05, 3.90996428905e-05, 1.89393740584e-05, 9.88228180177e-07],
        "dvar": [9.28817598833e-07, 0.000235900792177, 4.35945139543e-06, 6.1943427454e-07, 1.15661832751e-05, 2.43048198172e-05, 6.45221598461e-06, 1.97142253455e-05, 8.81739026681e-07, 1.75389504875e-06, 2.33042624131e-06, 8.94021468412e-07, 3.48644022097e-07, 3.92681869243e-07, 7.89053160588e-08, 7.22645836504e-08, 2.40810624774e-08, 2.42431834607e-08, 1.03137223206e-08, 1.07816120476e-08, 3.2592847532e-08, 8.47555536865e-09, 9.93593118892e-09, 6.3079710344e-08, 1.15724558825e-08, 1.5647497742e-09, 4.34730853746e-12],
        "dvar2": [1.87833552445e-06, 0.000566115777474, 1.00417519207e-05, 1.38461120969e-06, 2.83399804175e-05, 5.22447517142e-05, 1.30913940666e-05, 3.47560999217e-05, 2.20353990699e-06, 4.31659918831e-06, 5.10928475705e-06, 1.81692792012e-06, 6.563073498e-07, 1.03484228475e-06, 1.90778109754e-07, 1.51674470317e-07, 6.66104256197e-08, 5.48400578282e-08, 2.49305056599e-08, 2.88485892952e-08, 9.40590112464e-08, 2.22724363397e-08, 2.53679477424e-08, 1.61675345112e-07, 2.66403290539e-08, 3.41384587266e-09, 1.14201530177e-11],
        "max": [0.00668807886541, 0.101737186313, 0.0253649689257, 0.0102650169283, 0.0480317920446, 0.0574737377465, 0.0469681248069, 0.0895254611969, 0.0126387355849, 0.0236051417887, 0.0267487671226, 0.0215125400573, 0.0128028374165, 0.0092003736645, 0.00432632863522, 0.00544737884775, 0.00164157710969, 0.002147404477, 0.00161838589702, 0.00102967303246, 0.00148858746979, 0.00224158354104, 0.00247589172795, 0.00611472362652, 0.00211454322562, 0.000717428454664, 3.40279839293e-05],
        "mean": [0.000308693182888, 0.004521636758, 0.00150965212379, 0.000702222518157, 0.00576558569446, 0.00789376161993, 0.00237992987968, 0.00336021650583, 0.00050895428285, 0.000798963708803, 0.000333964562742, 0.000526402669493, 0.000251112767728, 0.000263210677076, 0.000207484903513, 0.000231426864048, 9.71146218944e-05, 9.79325195658e-05, 9.06469867914e-05, 6.98464136804e-05, 6.6680717282e-05, 4.03112826461e-05, 4.1166353185e-05, 6.01574065513e-05, 3.40506594512e-05, 1.31874257931e-05, 4.15734916714e-07],
        "median": [1.65558340086e-05, 0.000173237873241, 0.000213770661503, 0.000277294020634, 0.00382443028502, 0.0054958765395, 0.00105721328873, 0.000613581214566, 0.000150811218191, 0.000153534434503, 3.32523886755e-05, 0.000104250364529, 2.61439690803e-05, 4.25893740612e-05, 3.01182317344e-05, 2.94527362712e-05, 2.65676117124e-05, 1.92196694115e-05, 3.08872622554e-05, 1.73754942807e-05, 1.28823785417e-05, 8.346118193e-06, 1.42520284498e-05, 1.05385433926e-05, 4.13177758674e-06, 9.40539280236e-07, 3.40945116584e-09],
        "min": [1.04626342312e-11, 6.64026000852e-10, 2.54441134828e-10, 8.21949286411e-10, 6.48811560033e-10, 4.29777630151e-10, 1.17226561791e-10, 6.01017846602e-10, 2.71484890124e-10, 3.51279838551e-11, 4.9285096837e-11, 5.81764185437e-11, 3.57839383125e-11, 2.31940300299e-11, 2.33055571369e-11, 1.92297983093e-11, 2.00643529569e-11, 4.92075911268e-12, 6.26088634062e-12, 5.68547986468e-12, 6.42558966105e-12, 1.61472449994e-11, 1.38500816718e-11, 2.14366250445e-11, 1.4594431566e-11, 1.19078245528e-11, 1.70209922545e-11],
        "var": [1.01012176401e-06, 0.000205365708098, 9.43331997405e-06, 1.36408368689e-06, 3.33230673277e-05, 7.28679297026e-05, 1.82786352525e-05, 8.0304183939e-05, 9.96891003524e-07, 2.97827705253e-06, 3.08571293317e-06, 2.10697839975e-06, 9.2883749403e-07, 6.64353422053e-07, 2.08404927093e-07, 2.80951553577e-07, 2.98576310342e-08, 4.07830746951e-08, 2.29538237306e-08, 1.50911212415e-08, 2.45284041966e-08, 9.57116519373e-09, 1.09134798976e-08, 6.39293915583e-08, 1.73641669932e-08, 2.24086860179e-09, 3.36163193636e-12]
    },
    "erbbands": {
        "dmean": [0.205145701766, 0.937250852585, 1.14404094219, 1.18055212498, 2.63533306122, 9.34085559845, 24.8532924652, 23.5701942444, 19.5823001862, 24.8417892456, 34.0670433044, 9.3810300827, 17.0325145721, 14.4732446671, 14.0200843811, 15.12383461, 7.82058763504, 10.2267942429, 6.29565525055, 6.5181927681, 5.68873262405, 3.61002135277, 3.57340502739, 2.67170715332, 3.046833992, 2.31012916565, 2.50934243202, 2.15885734558, 1.20205175877, 0.854806125164, 0.762119710445, 1.02985227108, 0.642356395721, 0.333208888769, 0.150335863233, 0.0526557974517, 0.0222914014012, 0.00427479669452, 8.90230512596e-05, 1.54573517648e-05],
        "dmean2": [0.342366635799, 1.54822218418, 1.88045561314, 1.78093588352, 4.04119205475, 14.749171257, 38.7823562622, 35.1593589783, 29.9377994537, 36.7048454285, 45.2523345947, 14.6336402893, 28.2266311646, 21.692073822, 20.4748916626, 23.3178462982, 10.9547605515, 16.2689495087, 10.0217418671, 9.53537654877, 8.97678756714, 6.10375547409, 5.6163110733, 4.19874858856, 4.87320041656, 3.7770011425, 4.41641044617, 3.81574010849, 2.06771826744, 1.35601043701, 1.18937802315, 1.67086899281, 1.00493466854, 0.52963501215, 0.240640416741, 0.0803549662232, 0.0370443686843, 0.0072587216273, 0.00015063599858, 2.35514526139e-05],
        "dvar": [0.418088644743, 7.87239599228, 8.28821849823, 4.02244186401, 22.5675258636, 223.219696045, 1406.92700195, 1731.56091309, 1321.99072266, 4960.02587891, 9904.75488281, 450.851837158, 1671.61315918, 2192.13964844, 3346.78173828, 2045.4239502, 740.855285645, 1102.95788574, 282.98046875, 225.00201416, 119.667037964, 63.5200500488, 68.4113006592, 23.905670166, 36.4259719849, 20.2186908722, 48.2652359009, 36.93491745, 12.256696701, 17.5816783905, 6.4753446579, 29.464761734, 17.1163330078, 2.27840304375, 0.438398182392, 0.0308111775666, 0.00776039389893, 0.000229541430599, 9.00105021628e-08, 6.24644280744e-10],
        "dvar2": [0.992630124092, 19.973274231, 20.5399799347, 8.99800777435, 54.5061836243, 551.23815918, 3080.73388672, 3549.07275391, 2929.07324219, 10713.3203125, 14212.7021484, 1076.75317383, 4473.51220703, 5078.26025391, 7303.20605469, 4372.49023438, 1332.89465332, 2853.62353516, 652.06829834, 504.645782471, 235.84828186, 178.12147522, 165.796142578, 53.8812828064, 91.1946640015, 55.2730369568, 138.917175293, 105.241065979, 33.2345199585, 46.4521827698, 15.92831707, 78.3572235107, 42.0539779663, 5.14488887787, 1.05235421658, 0.0620401389897, 0.0170756392181, 0.000562797707971, 2.18412168351e-07, 1.4363709111e-09],
        "max": [4.0815615654, 18.995010376, 24.9408626556, 25.0385360718, 79.4118270874, 189.999923706, 545.936523438, 521.65802002, 523.663391113, 1289.41040039, 2424.02832031, 256.523681641, 484.230102539, 1085.04736328, 1122.89050293, 1093.43774414, 640.580932617, 514.520019531, 274.941497803, 333.128845215, 190.317520142, 91.9920654297, 135.389038086, 99.7882614136, 95.7086257935, 36.5776176453, 67.5047073364, 51.3266868591, 66.5274047852, 122.002388, 51.9596786499, 132.341171265, 117.083435059, 24.7802867889, 14.3498878479, 3.29512119293, 1.557685256, 0.194359779358, 0.0041124005802, 0.000197815330466],
        "mean": [0.166515678167, 0.870917379856, 1.79245877266, 2.22852802277, 5.74304246902, 20.7655353546, 61.624546051, 52.0908241272, 40.7922668457, 46.4311141968, 69.1873321533, 15.0464916229, 23.0400829315, 20.6592674255, 16.8158416748, 23.1683349609, 13.1349210739, 15.1563873291, 9.84639549255, 12.353975296, 11.423084259, 5.00456523895, 5.1986451149, 4.52367258072, 4.53971338272, 3.3644118309, 2.78767442703, 2.30361413956, 1.52227020264, 1.3098757267, 1.18475568295, 1.41268920898, 0.835634708405, 0.450427740812, 0.1998257339, 0.068950265646, 0.0234545692801, 0.00370788970031, 9.12239192985e-05, 3.72000067728e-05],
        "median": [0.00554107408971, 0.0424498096108, 0.202114284039, 0.871094584465, 3.10537362099, 13.1842508316, 36.7577133179, 25.9900913239, 18.6447963715, 12.4367017746, 12.3829784393, 5.75168657303, 4.75684642792, 4.06305885315, 2.6351993084, 4.88356256485, 1.99837827682, 2.5214202404, 1.64998829365, 1.84988439083, 2.05467987061, 1.43369317055, 1.1046551466, 1.57905268669, 1.36446893215, 0.846118748188, 0.581721782684, 0.4039106071, 0.261800080538, 0.358772456646, 0.401461154222, 0.300558298826, 0.117208659649, 0.05455551669, 0.0241977348924, 0.00712320208549, 0.00114550383296, 8.43130474095e-05, 1.98208326765e-05, 3.0444969525e-05],
        "min": [6.06281691518e-09, 2.01137595468e-07, 3.45107224575e-07, 2.03504146157e-06, 2.3855868676e-06, 2.53528469329e-06, 3.14786439048e-06, 2.66021129391e-06, 2.47038110501e-06, 1.11832023322e-05, 7.28243639969e-06, 7.67528581491e-06, 2.87096327156e-06, 7.07952949597e-07, 3.04151399177e-06, 3.41700479112e-06, 1.69695158547e-06, 1.80654740234e-06, 1.42329190567e-06, 1.36475341606e-06, 9.5147669299e-07, 1.06640413833e-06, 5.077536116e-07, 6.80506218487e-07, 1.82457469577e-07, 2.41590356609e-07, 2.98662342857e-07, 2.77587986375e-07, 7.49047160298e-07, 7.76446825057e-07, 3.28920123138e-07, 5.3774783737e-07, 2.34291690049e-07, 1.78050882482e-07, 1.03137061558e-07, 3.88436660614e-08, 2.8169983679e-08, 7.59616547441e-09, 2.4521760178e-09, 2.74020001134e-10],
        "var": [0.352648586035, 6.59403419495, 13.906955719, 10.3024997711, 54.8658638, 570.432678223, 4252.89306641, 4894.44921875, 3877.93188477, 12446.7978516, 46845.7109375, 835.14465332, 2077.29516602, 3751.49853516, 4530.47021484, 4561.33056641, 2256.99438477, 1994.03540039, 509.942871094, 735.268310547, 538.041809082, 70.5239639282, 107.611793518, 61.5861244202, 62.7285308838, 30.6736850739, 39.0490036011, 28.8549766541, 12.9784660339, 16.9398880005, 7.96729516983, 27.0032081604, 18.2162132263, 3.45438218117, 0.580741047859, 0.0529805794358, 0.0102583728731, 0.000222180460696, 8.90156002242e-08, 1.01461294921e-09]
    },
    "gfcc": {
        "mean": [-62.9847869873, 127.562171936, -104.562438965, 15.9062261581, -76.4461135864, -5.35432195663, -51.1189041138, -3.09432220459, -22.5143718719, -2.46900820732, -5.59707641602, -0.634941220284, -2.78012037277],
        "cov": [[9709.18945312, -1938.46459961, -701.87487793, 679.484313965, -77.9169082642, 635.419921875, -77.174446106, 548.887451172, -25.7199993134, 389.508972168, -195.606231689, 124.700317383, -107.321098328], [-1938.46459961, 1968.30895996, 55.8198051453, -352.366027832, 455.808685303, -349.532012939, 340.322479248, -205.726226807, 156.207992554, -256.597137451, 257.610565186, -182.606491089, 58.8422203064], [-701.87487793, 55.8198051453, 970.501464844, 11.2280626297, 50.03383255, 52.6321182251, 18.107875824, 28.5559444427, -54.8539505005, 44.1758460999, -111.820068359, 87.8500061035, -49.11510849], [679.484313965, -352.366027832, 11.2280626297, 544.717224121, 48.4628868103, 191.024307251, 52.2094268799, 98.3654556274, 82.8433074951, 108.297058105, -46.9326095581, 15.3233499527, 18.7573566437], [-77.9169082642, 455.808685303, 50.03383255, 48.4628868103, 463.777099609, -15.9486427307, 152.553787231, 68.2332000732, 58.3312683105, 18.4938278198, 36.9390487671, -2.86268544197, -8.86763381958], [635.419921875, -349.532012939, 52.6321182251, 191.024307251, -15.9486427307, 405.626159668, 89.2381210327, 66.1939239502, -2.73768877983, 90.2156143188, -35.1691894531, 10.6887626648, -29.4213542938], [-77.174446106, 340.322479248, 18.107875824, 52.2094268799, 152.553787231, 89.2381210327, 395.893707275, 62.562953949, 15.6324300766, 16.2199115753, 40.1348876953, -10.7059202194, 14.1723194122], [548.887451172, -205.726226807, 28.5559444427, 98.3654556274, 68.2332000732, 66.1939239502, 62.562953949, 261.895843506, -4.28328275681, 15.295422554, 3.92810368538, 53.7154655457, -11.0274324417], [-25.7199993134, 156.207992554, -54.8539505005, 82.8433074951, 58.3312683105, -2.73768877983, 15.6324300766, -4.28328275681, 212.492797852, 30.9477577209, 10.8288593292, -37.2914352417, 12.3822565079], [389.508972168, -256.597137451, 44.1758460999, 108.297058105, 18.4938278198, 90.2156143188, 16.2199115753, 15.295422554, 30.9477577209, 154.671264648, -47.7492370605, 13.4686670303, -19.8820610046], [-195.606231689, 257.610565186, -111.820068359, -46.9326095581, 36.9390487671, -35.1691894531, 40.1348876953, 3.92810368538, 10.8288593292, -47.7492370605, 149.1381073, -19.2697544098, 14.9271888733], [124.700317383, -182.606491089, 87.8500061035, 15.3233499527, -2.86268544197, 10.6887626648, -10.7059202194, 53.7154655457, -37.2914352417, 13.4686670303, -19.2697544098, 141.849472046, 12.594877243], [-107.321098328, 58.8422203064, -49.11510849, 18.7573566437, -8.86763381958, -29.4213542938, 14.1723194122, -11.0274324417, 12.3822565079, -19.8820610046, 14.9271888733, 12.594877243, 89.7024688721]],
        "icov": [[0.000163364733453, -1.53680102812e-05, 0.000185356868315, -6.95374546922e-05, 2.42554815486e-05, -0.000140871459735, 9.98377072392e-05, -0.00030795938801, 9.62473714026e-05, -0.000282882276224, 0.000180498609552, -7.01011667843e-05, 0.000127945138956], [-1.53680102812e-05, 0.00485904002562, -0.00157183816191, 0.00141138746403, -0.003577593714, 0.0019294465892, -0.00347329769284, 0.00371322291903, -0.00314954901114, 0.00570613984019, -0.0043705268763, 0.00333968829364, -0.00111927476246], [0.000185356868315, -0.00157183816191, 0.00195301056374, -0.000485452474095, 0.0009756074287, -0.000821590074338, 0.00109149247874, -0.00142398790922, 0.00126904260833, -0.00209023547359, 0.00246288441122, -0.00187288282905, 0.00111782201566], [-6.95374546922e-05, 0.00141138746403, -0.000485452474095, 0.00321421772242, -0.0012148442911, -0.000408446067013, -0.000914811622351, 0.000381568126613, -0.00178013241384, 0.000647293229122, -0.000793081824668, 0.00113330141176, -0.00164751452394], [2.42554815486e-05, -0.003577593714, 0.0009756074287, -0.0012148442911, 0.00540664000437, -0.000853696896229, 0.00155094184447, -0.00325474422425, 0.00169129855931, -0.00453335233033, 0.00265105790459, -0.00246953382157, 0.00144067872316], [-0.000140871459735, 0.0019294465892, -0.000821590074338, -0.000408446067013, -0.000853696896229, 0.00446269335225, -0.00230034790002, 0.00136232038494, -0.000864425557666, 0.00124081096146, -0.00182537175715, 0.00147101958282, 0.000603145395871], [9.98377072392e-05, -0.00347329769284, 0.00109149247874, -0.000914811622351, 0.00155094184447, -0.00230034790002, 0.00583974923939, -0.00330425612628, 0.00246483786032, -0.0044227107428, 0.00244102370925, -0.001820991165, -0.000214289335418], [-0.00030795938801, 0.00371322291903, -0.00142398790922, 0.000381568126613, -0.00325474422425, 0.00136232038494, -0.00330425612628, 0.00826289504766, -0.00244320440106, 0.00541703170165, -0.00398344919086, 0.000637220218778, 0.000110539862362], [9.62473714026e-05, -0.00314954901114, 0.00126904260833, -0.00178013241384, 0.00169129855931, -0.000864425557666, 0.00246483786032, -0.00244320440106, 0.00785387959331, -0.00506274402142, 0.00247175642289, -0.000633347022813, -8.65070614964e-05], [-0.000282882276224, 0.00570613984019, -0.00209023547359, 0.000647293229122, -0.00453335233033, 0.00124081096146, -0.0044227107428, 0.00541703170165, -0.00506274402142, 0.0163639243692, -0.00318841636181, 0.00289437570609, 0.000412184250308], [0.000180498609552, -0.0043705268763, 0.00246288441122, -0.000793081824668, 0.00265105790459, -0.00182537175715, 0.00244102370925, -0.00398344919086, 0.00247175642289, -0.00318841636181, 0.0128428004682, -0.00269504869357, 0.000578623730689], [-7.01011667843e-05, 0.00333968829364, -0.00187288282905, 0.00113330141176, -0.00246953382157, 0.00147101958282, -0.001820991165, 0.000637220218778, -0.000633347022813, 0.00289437570609, -0.00269504869357, 0.0113992048427, -0.00335577409714], [0.000127945138956, -0.00111927476246, 0.00111782201566, -0.00164751452394, 0.00144067872316, 0.000603145395871, -0.000214289335418, 0.000110539862362, -8.65070614964e-05, 0.000412184250308, 0.000578623730689, -0.00335577409714, 0.0138576794416]]
    },
    "melbands": {
        "dmean": [0.00158937985543, 0.000773179286625, 0.000218030472752, 0.000381852500141, 0.000769041711465, 0.000559153675567, 0.000287577830022, 0.000290019932436, 0.000246906623943, 5.54388825549e-05, 8.47179471748e-05, 5.83387372899e-05, 4.78694819321e-05, 4.42051095888e-05, 2.52001900662e-05, 1.58568855113e-05, 2.01454186026e-05, 1.06785082608e-05, 8.59427382238e-06, 9.95247137325e-06, 6.66359073875e-06, 4.19075968239e-06, 3.80714868697e-06, 3.07187201543e-06, 2.15861064135e-06, 2.38029474531e-06, 2.04629168365e-06, 1.44832961269e-06, 1.42300757489e-06, 1.87866726264e-06, 1.00254851532e-06, 7.12980295248e-07, 5.47758816083e-07, 4.82541622659e-07, 4.70246590112e-07, 4.87706870445e-07, 7.14793429779e-07, 5.51797938897e-07, 3.11876590331e-07, 2.95086039159e-07],
        "dmean2": [0.00262379436754, 0.00128275691532, 0.000327073066728, 0.000598774524406, 0.0012032702798, 0.000831886543892, 0.000442862568889, 0.000427236489486, 0.000327621964971, 9.06153218239e-05, 0.00014002660464, 8.70791627676e-05, 7.10834065103e-05, 6.70831723255e-05, 3.80528290407e-05, 2.28190929192e-05, 3.22615051118e-05, 1.69197774085e-05, 1.34936290124e-05, 1.53734981723e-05, 1.05873596112e-05, 7.17959528629e-06, 6.1871219259e-06, 4.65528864879e-06, 3.44045429301e-06, 3.84798295272e-06, 3.30463558385e-06, 2.39607675212e-06, 2.46785953095e-06, 3.36752418661e-06, 1.75315415163e-06, 1.2298613683e-06, 9.19467879612e-07, 7.50818799133e-07, 7.36335721285e-07, 7.66756045323e-07, 1.17008266898e-06, 8.80634502209e-07, 4.9265781854e-07, 4.62277625957e-07],
        "dvar": [2.40324825427e-05, 4.32695787822e-06, 1.3372397234e-07, 3.5857354419e-07, 1.24684765979e-06, 8.65516199156e-07, 2.75627911606e-07, 6.27261556474e-07, 5.22154437022e-07, 1.65477977987e-08, 4.10214688884e-08, 3.77550222197e-08, 5.19717495706e-08, 1.16576632792e-08, 6.59639942668e-09, 2.44752196288e-09, 4.67191307862e-09, 9.91259740957e-10, 3.77576164778e-10, 4.93495133647e-10, 1.62448873797e-10, 9.31146548755e-11, 7.0725564294e-11, 8.37806352072e-11, 1.63860400942e-11, 2.62618572722e-11, 1.77567387877e-11, 8.16282284821e-12, 1.33214255599e-11, 2.98353841632e-11, 7.41064501431e-12, 4.03375943758e-12, 4.45093918319e-12, 5.7711591582e-12, 2.37760267204e-12, 3.21879957584e-12, 1.55117273193e-11, 1.68740403594e-11, 2.45068028371e-12, 1.70626067528e-12],
        "dvar2": [5.7067067246e-05, 1.10935516204e-05, 2.98398617815e-07, 8.84395319645e-07, 2.74341255135e-06, 1.81176790193e-06, 5.99733368745e-07, 1.39469568694e-06, 7.37766470138e-07, 4.17560066523e-08, 1.0949977991e-07, 8.70110667961e-08, 1.10431315647e-07, 2.47975773249e-08, 1.26062351669e-08, 4.68496663686e-09, 1.25154882014e-08, 2.30143948343e-09, 8.88556339618e-10, 1.02856601014e-09, 3.42639250306e-10, 2.62093624581e-10, 1.8410749314e-10, 1.70002081856e-10, 3.71641328822e-11, 6.91915275075e-11, 4.47279435711e-11, 2.22555082002e-11, 3.80651794807e-11, 8.60468987729e-11, 2.06477786258e-11, 1.08902730583e-11, 1.20161129311e-11, 1.51570301449e-11, 6.13977098329e-12, 7.98449674433e-12, 4.15952029764e-11, 4.35669729459e-11, 5.79976041151e-12, 4.05668207359e-12],
        "max": [0.0319835357368, 0.0160952880979, 0.00416546873748, 0.00655451556668, 0.0159802399576, 0.0109116425738, 0.00794681347907, 0.0124261314049, 0.017606606707, 0.00141898915172, 0.00235408358276, 0.00455256178975, 0.00447037117556, 0.00206398312002, 0.00152042100672, 0.00120858289301, 0.00110423262231, 0.000590363168158, 0.000267135648755, 0.000518337648828, 0.000190968712559, 0.000110602733912, 0.000138355186209, 0.000139419149491, 0.000100775883766, 8.25399183668e-05, 5.74935729674e-05, 2.72057768598e-05, 3.52777497028e-05, 4.77041066915e-05, 2.91964406642e-05, 3.30780785589e-05, 5.77262071602e-05, 6.9501431426e-05, 3.3772765164e-05, 4.00036042265e-05, 8.87854912435e-05, 0.000117665120342, 2.94047313218e-05, 2.24929372052e-05],
        "mean": [0.00135423906613, 0.00101237709168, 0.000440706702648, 0.000850905198604, 0.00192356714979, 0.00126159971114, 0.000596070254687, 0.000536900595762, 0.000501501315739, 7.19764502719e-05, 0.000113404028525, 8.28268894111e-05, 5.27899064764e-05, 6.31892471574e-05, 4.02395853598e-05, 2.4076209229e-05, 2.86711365334e-05, 1.47462587847e-05, 1.49253091877e-05, 1.84594282473e-05, 1.22283981909e-05, 5.25892801306e-06, 4.98078770761e-06, 4.3044051381e-06, 3.53615860149e-06, 3.39209077538e-06, 2.85187661575e-06, 2.04485741051e-06, 1.58978184572e-06, 1.88914407317e-06, 1.07534958715e-06, 8.54073732626e-07, 7.56903773436e-07, 7.20659215858e-07, 6.70158101457e-07, 7.22170568679e-07, 9.18401042327e-07, 6.50902279631e-07, 3.92379149616e-07, 3.79345209467e-07],
        "median": [4.89198246214e-05, 0.000102377205621, 0.000210230005905, 0.000480042363051, 0.00130319863092, 0.000730141648091, 0.000272107688943, 0.000121190510981, 8.3366940089e-05, 2.49738004641e-05, 2.18487748498e-05, 1.44410278153e-05, 6.32085357211e-06, 1.22221927086e-05, 7.71080340201e-06, 3.13625628223e-06, 4.19279604102e-06, 2.3742063604e-06, 2.04654043046e-06, 2.33213586398e-06, 2.43208728534e-06, 1.29110401303e-06, 9.8806845017e-07, 8.74647412274e-07, 1.08446374725e-06, 8.13826090962e-07, 6.84169322085e-07, 4.26060779546e-07, 2.85231777752e-07, 3.36342935725e-07, 1.76959829901e-07, 1.30558888145e-07, 1.62176377216e-07, 1.99358623831e-07, 2.17479254161e-07, 2.10636713405e-07, 1.55283657932e-07, 7.75503110617e-08, 4.33992859428e-08, 3.50501814239e-08],
        "min": [1.22923948798e-10, 2.26642329904e-10, 3.78362341458e-10, 1.6483164833e-10, 1.12637059402e-10, 6.90777227086e-11, 2.97900870638e-11, 2.32683206036e-10, 4.39738731539e-11, 3.52615887877e-11, 1.19642542401e-11, 1.82805094846e-12, 7.85542290938e-12, 8.11252020422e-12, 3.19461254325e-12, 4.39823871767e-12, 2.87282979523e-12, 2.06607734393e-12, 1.65123492137e-12, 1.7838250408e-12, 9.66416508451e-13, 1.09939889224e-12, 6.08463149657e-13, 2.09824914605e-13, 5.75722737713e-13, 1.46307065855e-13, 1.15722888086e-13, 1.66706953146e-13, 1.87834516279e-13, 1.84024399452e-13, 1.46111638413e-13, 4.33271148993e-13, 3.03927429014e-13, 3.91668604017e-13, 1.59524967563e-13, 3.31745969671e-13, 2.75000129005e-13, 1.47670544954e-13, 1.32675554571e-13, 1.40445096416e-13],
        "var": [2.07505127037e-05, 4.79288746646e-06, 3.4748521216e-07, 9.83151039691e-07, 3.71769056073e-06, 2.52235940934e-06, 8.48171964662e-07, 1.65282278886e-06, 2.56970838564e-06, 1.8281527403e-08, 5.16510283433e-08, 6.66842723263e-08, 7.22614146298e-08, 2.49889975379e-08, 1.62077995469e-08, 6.49753628679e-09, 8.21665135931e-09, 1.47996492839e-09, 1.08291087209e-09, 1.93770088863e-09, 5.74056302494e-10, 1.03564441745e-10, 1.02243470634e-10, 1.2281603512e-10, 4.61186193401e-11, 4.20942586343e-11, 2.65111543829e-11, 1.28293998689e-11, 1.21901742173e-11, 2.21241167747e-11, 6.23889481743e-12, 4.3350006744e-12, 4.40568588556e-12, 5.58734005243e-12, 2.71662228303e-12, 3.55130508334e-12, 1.41189056974e-11, 1.51770505885e-11, 3.1904561458e-12, 2.42047983219e-12]
    },
    "mfcc": {
        "mean": [-709.19921875, 155.762573242, 18.9715080261, 15.526342392, -3.41971802711, -8.94584369659, -15.6199998856, -9.07666969299, -15.4908456802, -4.13146829605, -10.6885089874, -1.10893893242, 0.398733377457],
        "cov": [[8846.63378906, -1709.12731934, -759.13293457, 121.503303528, -44.3908958435, 317.228240967, 31.3815822601, 196.429031372, 202.306106567, 460.694274902, 34.6316261292, 151.485855103, 50.6055183411], [-1709.12731934, 2063.3918457, -113.096168518, -4.36478757858, 69.9659194946, -173.479858398, 136.497390747, 32.3817214966, -111.02532196, -84.7214431763, 91.0950698853, -46.5567359924, 25.3771705627], [-759.13293457, -113.096168518, 803.179931641, -15.8815975189, 16.0075473785, 64.4501190186, 7.45342302322, -14.6189594269, 78.0342712402, -113.419143677, 53.2239875793, -24.6551151276, -42.898815155], [121.503303528, -4.36478757858, -15.8815975189, 389.10067749, 84.0199279785, 42.3289222717, 38.0793418884, 51.8731613159, 107.470481873, 42.3008155823, 40.4321327209, 9.76480579376, 25.8629245758], [-44.3908958435, 69.9659194946, 16.0075473785, 84.0199279785, 315.544250488, -9.17923355103, -19.9567584991, 37.1334037781, 34.4210739136, 1.97578799725, 48.6228179932, 35.5586891174, -22.5682983398], [317.228240967, -173.479858398, 64.4501190186, 42.3289222717, -9.17923355103, 393.938751221, 46.9546737671, -15.334025383, 97.9468460083, 83.7722244263, 57.2182350159, 27.7240886688, -12.0933265686], [31.3815822601, 136.497390747, 7.45342302322, 38.0793418884, -19.9567584991, 46.9546737671, 342.122467041, 117.316864014, 50.2009239197, 34.4289093018, 64.3985671997, -7.90326833725, 48.7328872681], [196.429031372, 32.3817214966, -14.6189594269, 51.8731613159, 37.1334037781, -15.334025383, 117.316864014, 205.656951904, 56.838973999, -2.03555703163, 51.2396965027, 22.5211086273, 11.8954973221], [202.306106567, -111.02532196, 78.0342712402, 107.470481873, 34.4210739136, 97.9468460083, 50.2009239197, 56.838973999, 199.866485596, 50.3003540039, 44.2094573975, 24.3418636322, 12.3086929321], [460.694274902, -84.7214431763, -113.419143677, 42.3008155823, 1.97578799725, 83.7722244263, 34.4289093018, -2.03555703163, 50.3003540039, 184.601516724, 31.8258609772, 16.0033130646, 27.0591831207], [34.6316261292, 91.0950698853, 53.2239875793, 40.4321327209, 48.6228179932, 57.2182350159, 64.3985671997, 51.2396965027, 44.2094573975, 31.8258609772, 147.827667236, 47.1471138, -19.8170223236], [151.485855103, -46.5567359924, -24.6551151276, 9.76480579376, 35.5586891174, 27.7240886688, -7.90326833725, 22.5211086273, 24.3418636322, 16.0033130646, 47.1471138, 127.527076721, 5.06636238098], [50.6055183411, 25.3771705627, -42.898815155, 25.8629245758, -22.5682983398, -12.0933265686, 48.7328872681, 11.8954973221, 12.3086929321, 27.0591831207, -19.8170223236, 5.06636238098, 115.07787323]],
