{
"lowlevel": {
    "average_loudness": 0.859611332417,
    "barkbands_crest": {
        "dmean": 2.42564511299,
        "dmean2": 3.7806224823,
        "dvar": 4.54483985901,
        "dvar2": 10.3612241745,
        "max": 24.519733429,
        "mean": 11.4807300568,
        "median": 10.8819198608,
        "min": 3.1601433754,
        "var": 18.5440673828
    },
    "barkbands_flatness_db": {
        "dmean": 0.0171190202236,
        "dmean2": 0.0259089544415,
        "dvar": 0.000228409480769,
        "dvar2": 0.000511827645823,
        "max": 0.274708241224,
        "mean": 0.16688285768,
        "median": 0.166114836931,
        "min": 0.0265064239502,
        "var": 0.000828720221762
    },
    "barkbands_kurtosis": {
        "dmean": 2.07558202744,
        "dmean2": 3.17848396301,
        "dvar": 6.06993818283,
        "dvar2": 13.650390625,
        "max": 29.4712867737,
        "mean": 4.42123508453,
        "median": 2.97699356079,
        "min": -1.44697749615,
        "var": 21.489156723
    },
    "barkbands_skewness": {
        "dmean": 0.348264157772,
        "dmean2": 0.532630443573,
        "dvar": 0.0948855727911,
        "dvar2": 0.208389475942,
        "max": 3.87654876709,
        "mean": 1.21411132812,
        "median": 1.10562205315,
        "min": -0.751613616943,
        "var": 0.636455416679
    },
    "barkbands_spread": {
        "dmean": 2.41611766815,
        "dmean2": 3.66165280342,
        "dvar": 8.15517997742,
        "dvar2": 14.3375835419,
        "max": 67.9977722168,
        "mean": 10.4134454727,
        "median": 10.0483951569,
        "min": 2.73338937759,
        "var": 19.7436199188
    },
    "dissonance": {
        "dmean": 0.0343196876347,
        "dmean2": 0.0577313564718,
        "dvar": 0.000793197657913,
        "dvar2": 0.00217869970948,
        "max": 0.498020678759,
        "mean": 0.422023266554,
        "median": 0.427932560444,
        "min": 0.290168166161,
        "var": 0.00170280633029
    },
    "dynamic_complexity": 3.95783448219,
    "erbbands_crest": {
        "dmean": 3.45326828957,
        "dmean2": 5.44659996033,
        "dvar": 8.85534095764,
        "dvar2": 20.4204349518,
        "max": 30.8847236633,
        "mean": 15.4290399551,
        "median": 14.7977790833,
        "min": 4.67751407623,
        "var": 32.2975196838
    },
    "erbbands_flatness_db": {
        "dmean": 0.0170625820756,
        "dmean2": 0.0252513960004,
        "dvar": 0.000214018960833,
        "dvar2": 0.000470050261356,
        "max": 0.335918813944,
        "mean": 0.220224454999,
        "median": 0.219955548644,
        "min": 0.075829744339,
        "var": 0.000762336712796
    },
    "erbbands_kurtosis": {
        "dmean": 1.87096691132,
        "dmean2": 2.8982462883,
        "dvar": 4.94377470016,
        "dvar2": 11.2254924774,
        "max": 25.1858520508,
        "mean": 3.34423565865,
        "median": 2.37796115875,
        "min": -1.31134855747,
        "var": 12.8602285385
    },
    "erbbands_skewness": {
        "dmean": 0.438542276621,
        "dmean2": 0.669221878052,
        "dvar": 0.133087769151,
        "dvar2": 0.310056358576,
        "max": 4.14241123199,
        "mean": 1.22276234627,
        "median": 1.15468728542,
        "min": -1.0718767643,
        "var": 0.757477283478
    },
    "erbbands_spread": {
        "dmean": 3.63820767403,
        "dmean2": 5.52695941925,
        "dvar": 15.2213392258,
        "dvar2": 31.9821338654,
        "max": 62.6819458008,
        "mean": 16.5929050446,
        "median": 15.6312198639,
        "min": 3.93926954269,
        "var": 38.689250946
    },
    "hfc": {
        "dmean": 3.91579604149,
        "dmean2": 5.99097967148,
        "dvar": 23.6067085266,
        "dvar2": 55.7065811157,
        "max": 68.82447052,
        "mean": 16.3000926971,
        "median": 13.294924736,
        "min": 6.34379034636e-07,
        "var": 163.523757935
    },
    "melbands_crest": {
        "dmean": 2.66545915604,
        "dmean2": 4.11698818207,
        "dvar": 5.326359272,
        "dvar2": 12.0918655396,
        "max": 31.5606842041,
        "mean": 13.4929561615,
        "median": 12.4316625595,
        "min": 5.06986188889,
        "var": 22.8818645477
    },
    "melbands_flatness_db": {
        "dmean": 0.0179032552987,
        "dmean2": 0.0268058236688,
        "dvar": 0.000329990725731,
        "dvar2": 0.000698596588336,
        "max": 0.344910651445,
        "mean": 0.231474980712,
        "median": 0.23117877543,
        "min": 0.052193608135,
        "var": 0.00134803156834
    },
    "melbands_kurtosis": {
        "dmean": 2.43234348297,
        "dmean2": 3.69481372833,
        "dvar": 8.74747943878,
        "dvar2": 18.6884326935,
        "max": 39.3211555481,
        "mean": 5.74369001389,
        "median": 3.85768032074,
        "min": -1.1822078228,
        "var": 34.641002655
    },
    "melbands_skewness": {
        "dmean": 0.362519592047,
        "dmean2": 0.543477356434,
        "dvar": 0.105587989092,
        "dvar2": 0.23704123497,
        "max": 5.2084069252,
        "mean": 1.1720482111,
        "median": 1.0690639019,
        "min": -0.475648313761,
        "var": 0.481873750687
    },
    "melbands_spread": {
        "dmean": 3.1617770195,
        "dmean2": 4.81582927704,
        "dvar": 9.30467224121,
        "dvar2": 19.8814182281,
        "max": 69.1996154785,
        "mean": 14.430308342,
        "median": 14.0048360825,
        "min": 3.57419705391,
        "var": 33.1022949219
    },
    "pitch_salience": {
        "dmean": 0.0593722313643,
        "dmean2": 0.0934080034494,
        "dvar": 0.00254504941404,
        "dvar2": 0.00599920982495,
        "max": 0.807292103767,
        "mean": 0.518454730511,
        "median": 0.521808445454,
        "min": 0.146252036095,
        "var": 0.00929861236364
    },
    "silence_rate_20dB": {
        "dmean": 0,
        "dmean2": 0,
        "dvar": 0,
        "dvar2": 0,
        "max": 1,
        "mean": 1,
        "median": 1,
        "min": 1,
        "var": 0
    },
    "silence_rate_30dB": {
        "dmean": 0.00154798757285,
        "dmean2": 0.00309837330133,
        "dvar": 0.00154558976647,
        "dvar2": 0.00463795196265,
        "max": 1,
        "mean": 0.999226629734,
        "median": 1,
        "min": 0,
        "var": 0.000772796804085
    },
    "silence_rate_60dB": {
        "dmean": 0.0154798757285,
        "dmean2": 0.0309837330133,
        "dvar": 0.01524042245,
        "dvar2": 0.0346715562046,
        "max": 1,
        "mean": 0.0796597078443,
        "median": 0,
        "min": 0,
        "var": 0.0733140781522
    },
    "spectral_centroid": {
        "dmean": 102.984481812,
        "dmean2": 154.217971802,
        "dvar": 97359.0859375,
        "dvar2": 110729.578125,
        "max": 11410.4003906,
        "mean": 852.437438965,
        "median": 810.938293457,
        "min": 390.075561523,
        "var": 124706.390625
    },
    "spectral_complexity": {
        "dmean": 1.86842107773,
        "dmean2": 3.09682416916,
        "dvar": 3.06163883209,
        "dvar2": 7.68774032593,
        "max": 29,
        "mean": 13.9381284714,
        "median": 14,
        "min": 0,
        "var": 24.2405490875
    },
    "spectral_decrease": {
        "dmean": 1.42690037563e-09,
        "dmean2": 2.14039230784e-09,
        "dvar": 3.23395669657e-18,
        "dvar2": 7.86917678955e-18,
        "max": -1.32557330979e-17,
        "mean": -5.79491610253e-09,
        "median": -4.87676965477e-09,
        "min": -2.6423730759e-08,
        "var": 1.8393381661e-17
    },
    "spectral_energy": {
        "dmean": 0.00572045426816,
        "dmean2": 0.00859090872109,
        "dvar": 5.18834785908e-05,
        "dvar2": 0.000126034472487,
        "max": 0.105971775949,
        "mean": 0.0233498215675,
        "median": 0.0196497496217,
        "min": 1.07570279073e-10,
        "var": 0.000299590843497
    },
    "spectral_energyband_high": {
        "dmean": 6.84715705574e-05,
        "dmean2": 0.000105433471617,
        "dvar": 2.22760334623e-08,
        "dvar2": 5.45391536377e-08,
        "max": 0.00235634041019,
        "mean": 0.000198923793505,
        "median": 0.000108369597001,
        "min": 4.41012990016e-11,
        "var": 7.41009031913e-08
    },
    "spectral_energyband_low": {
        "dmean": 0.000544376554899,
        "dmean2": 0.000794082414359,
        "dvar": 6.69351663873e-07,
        "dvar2": 1.24057260109e-06,
        "max": 0.0195314176381,
        "mean": 0.00210233870894,
        "median": 0.00140127411578,
        "min": 4.05262715747e-12,
        "var": 4.85008513351e-06
    },
    "spectral_energyband_middle_high": {
        "dmean": 0.0013315154938,
        "dmean2": 0.00210314453579,
        "dvar": 2.94051505989e-06,
        "dvar2": 7.01620683685e-06,
        "max": 0.0250707566738,
        "mean": 0.00411839038134,
        "median": 0.00301519199274,
        "min": 2.49521705381e-11,
        "var": 1.34473011713e-05
    },
    "spectral_energyband_middle_low": {
        "dmean": 0.00536445947364,
        "dmean2": 0.00801782310009,
        "dvar": 4.7281231673e-05,
        "dvar2": 0.000114340386062,
        "max": 0.100206270814,
        "mean": 0.0173388104886,
        "median": 0.0128876557574,
        "min": 2.77592220044e-11,
        "var": 0.000229237208259
    },
    "spectral_entropy": {
        "dmean": 0.157931834459,
        "dmean2": 0.241155311465,
        "dvar": 0.0285786613822,
        "dvar2": 0.0608145296574,
        "max": 9.80189323425,
        "mean": 6.87381219864,
        "median": 6.85788726807,
        "min": 5.80783700943,
        "var": 0.0788536891341
    },
    "spectral_flux": {
        "dmean": 0.0140199027956,
        "dmean2": 0.0234877448529,
        "dvar": 0.000259879481746,
        "dvar2": 0.000671267043799,
        "max": 0.216463774443,
        "mean": 0.0558841042221,
        "median": 0.0527048520744,
        "min": 2.02981191251e-05,
        "var": 0.000880009902176
    },
    "spectral_kurtosis": {
        "dmean": 2.53490138054,
        "dmean2": 4.27861690521,
        "dvar": 7.82420444489,
        "dvar2": 19.9045314789,
        "max": 34.1310768127,
        "mean": 9.50323677063,
        "median": 8.72790527344,
        "min": -1.17197263241,
        "var": 18.5933952332
    },
    "spectral_rms": {
        "dmean": 0.00054442230612,
        "dmean2": 0.000804598734248,
        "dvar": 3.22198729918e-07,
        "dvar2": 7.55115252105e-07,
        "max": 0.0101679451764,
        "mean": 0.00439681718126,
        "median": 0.00437841145322,
        "min": 3.23954651549e-07,
        "var": 3.44826389664e-06
    },
    "spectral_rolloff": {
        "dmean": 170.298690796,
        "dmean2": 292.273651123,
        "dvar": 236230.234375,
        "dvar2": 297591.625,
        "max": 14857.9101562,
        "mean": 938.999023438,
        "median": 882.861328125,
        "min": 301.46484375,
        "var": 289641.6875
    },
    "spectral_skewness": {
        "dmean": 0.270371317863,
        "dmean2": 0.439995914698,
        "dvar": 0.0757776647806,
        "dvar2": 0.175683736801,
        "max": 4.18969392776,
        "mean": 2.4835627079,
        "median": 2.45206904411,
        "min": -0.0775917172432,
        "var": 0.206471219659
    },
    "spectral_spread": {
        "dmean": 319454.90625,
        "dmean2": 486029.53125,
        "dvar": 1.06265994854e+12,
        "dvar2": 1.08631339827e+12,
        "max": 40814544,
        "mean": 3621926,
        "median": 3570231.25,
        "min": 1643407.875,
        "var": 1.7231577088e+12
    },
    "spectral_strongpeak": {
        "dmean": 0.663943886757,
        "dmean2": 1.05032813549,
        "dvar": 0.484778761864,
        "dvar2": 1.20489501953,
        "max": 7.36729049683,
        "mean": 1.9358714819,
        "median": 1.72546386719,
        "min": 2.01368166017e-05,
        "var": 1.84198355675
    },
    "zerocrossingrate": {
        "dmean": 0.00461599649861,
        "dmean2": 0.00587109988555,
        "dvar": 0.000109086140583,
        "dvar2": 0.000102345722553,
        "max": 0.42822265625,
        "mean": 0.0408573970199,
        "median": 0.0400390625,
        "min": 0.0107421875,
        "var": 0.000210188751225
    },
    "barkbands": {
        "dmean": [1.26968016048e-05, 0.000235055107623, 0.000315448414767, 0.000190945807844, 0.000376571842935, 0.000553927733563, 0.00130317220464, 0.00326005928218, 0.0019100747304, 0.000655202718917, 0.000201063347049, 0.00043650509906, 0.00032091641333, 0.000135474358103, 0.000290903757559, 7.30124374968e-05, 5.66099843127e-05, 5.81156709814e-05, 3.05325484078e-05, 4.03115118388e-05, 1.32193999889e-05, 1.39609273901e-05, 1.33001121867e-05, 1.34543643071e-05, 5.52644314666e-06, 1.73285286564e-06, 8.27342958587e-08],
        "dmean2": [2.22593807848e-05, 0.000359924597433, 0.000455302739283, 0.00028119579656, 0.000569139781874, 0.000866694957949, 0.00181238283403, 0.00510870246217, 0.00276297610253, 0.00105320138391, 0.000333638105076, 0.000700484903064, 0.000511925434694, 0.000218682398554, 0.000470540660899, 0.000120988828712, 9.56466901698e-05, 9.50162648223e-05, 4.85435266455e-05, 6.04047527304e-05, 2.11419392144e-05, 2.30616024055e-05, 2.1948300855e-05, 2.27310974878e-05, 8.9836130428e-06, 2.73953946817e-06, 1.34247002848e-07],
        "dvar": [3.28630678226e-10, 1.08907819651e-07, 3.62438271395e-07, 6.63794708089e-08, 3.14950113989e-07, 8.24507083053e-07, 4.04413822253e-06, 3.55625379598e-05, 1.3853398741e-05, 1.62669311976e-06, 2.97918148817e-07, 7.65880031395e-07, 8.38596861286e-07, 7.13096923732e-08, 3.0039936405e-07, 2.17499529498e-08, 9.37595867612e-09, 1.71069345356e-08, 3.64670249553e-09, 7.8766131395e-09, 7.86769926986e-10, 2.1806290107e-09, 9.84826109551e-10, 4.65127214522e-10, 7.08354833123e-11, 3.32001613701e-11, 1.89143050045e-14],
        "dvar2": [1.00384123236e-09, 2.47954687893e-07, 5.7998209968e-07, 1.44353720088e-07, 7.86160228472e-07, 1.98050292965e-06, 8.27018448035e-06, 8.91940144356e-05, 2.79774321825e-05, 4.22977336711e-06, 7.89883756624e-07, 1.83890472272e-06, 1.89437832887e-06, 1.73547547888e-07, 7.21043591057e-07, 5.31216777233e-08, 2.58022083699e-08, 3.54509843703e-08, 8.54788329008e-09, 1.68377933818e-08, 1.96201077607e-09, 5.69191760391e-09, 2.66607069754e-09, 1.29717891983e-09, 1.7547703568e-10, 8.16331793829e-11, 4.81999050319e-14],
        "max": [0.000196218315978, 0.00600665714592, 0.0164515841752, 0.00659161573276, 0.00753436610103, 0.0111383553594, 0.0331540182233, 0.0901537910104, 0.0496066361666, 0.0185517929494, 0.0106623088941, 0.0165191125125, 0.0171502064914, 0.00472684856504, 0.0110923554748, 0.00416311947629, 0.00129693653435, 0.00349883339368, 0.000809877878055, 0.00152896845248, 0.000269476615358, 0.000423329591285, 0.000309208699036, 0.000308483635308, 0.00014985105372, 0.000111707049655, 1.89791205685e-06],
        "mean": [1.52569664351e-05, 0.000829600205179, 0.000983493519016, 0.000482515286421, 0.000926113745663, 0.00122447079048, 0.00314674433321, 0.00701473280787, 0.00422724848613, 0.00129041296896, 0.000391231384128, 0.000787101802416, 0.000587152026128, 0.000251126242802, 0.000555766979232, 0.000123907637317, 0.00010074635793, 0.000129206397105, 5.85246743867e-05, 9.64885257417e-05, 2.30016212299e-05, 1.5549670934e-05, 2.62285702775e-05, 3.94985399907e-05, 1.86785637197e-05, 4.86569661007e-06, 1.72783472863e-07],
        "median": [9.41261805565e-06, 0.000414687616285, 0.00051770824939, 0.000240020744968, 0.000609905458987, 0.000764904543757, 0.00157990294974, 0.00214810553007, 0.000772692204919, 0.000340159167536, 8.80357911228e-05, 0.000302615313558, 0.000128337400383, 0.000120149205031, 0.000174422326381, 6.09162307228e-05, 5.42698726349e-05, 4.43972676294e-05, 3.32508861902e-05, 2.96850066661e-05, 1.17614818009e-05, 3.83029282602e-06, 1.55906345753e-05, 2.06998829526e-05, 1.13353216875e-05, 1.44524369716e-06, 8.08741802416e-08],
        "min": [2.7960370564e-12, 1.95473953864e-12, 1.1675818732e-12, 5.53644966244e-13, 1.35135359933e-12, 6.31137156426e-12, 2.66653149214e-12, 8.6366937907e-12, 6.96864007471e-12, 6.10787245434e-13, 1.30159847744e-12, 1.22147856066e-11, 1.29558495009e-12, 1.90012675733e-12, 1.31766494417e-12, 7.73939126762e-13, 1.67247650191e-12, 2.0580952307e-12, 1.43511580657e-12, 2.86721731427e-12, 3.55384927216e-12, 2.33587888615e-12, 5.33074322531e-12, 7.08519397666e-12, 5.78801416518e-12, 8.41337850083e-12, 1.03056703796e-11],
        "var": [3.62543634003e-10, 1.05044830434e-06, 2.16531043407e-06, 5.04238585108e-07, 9.39060441851e-07, 1.96321479962e-06, 1.61150965141e-05, 0.000127936742501, 6.07276379014e-05, 4.13207317251e-06, 9.16051305921e-07, 2.27514419748e-06, 2.49528625318e-06, 1.49710984942e-07, 9.89407908492e-07, 4.1593960276e-08, 1.5950336163e-08, 6.29319458767e-08, 6.48451647933e-09, 3.30628324718e-08, 1.06845399195e-09, 1.85411097586e-09, 1.241848957e-09, 2.46678411031e-09, 4.12593265109e-10, 1.03768584003e-10, 5.52949511537e-14]
    },
    "erbbands": {
        "dmean": [0.00363966380246, 0.0674426034093, 0.336589068174, 0.479945033789, 0.927282214165, 1.20027935505, 2.77662372589, 5.21788692474, 14.3451375961, 23.798078537, 87.1240844727, 50.8751335144, 20.341676712, 19.2576732635, 7.83837127686, 22.0348033905, 16.5464839935, 6.03347635269, 15.0276002884, 8.26816654205, 4.16490840912, 2.16897392273, 3.26559448242, 1.9114793539, 1.37648832798, 2.2904548645, 0.925408303738, 0.364856272936, 0.547502040863, 0.392865180969, 0.39860278368, 0.187177613378, 0.293316930532, 0.0998208001256, 0.0243838336319, 0.013395300135, 0.00197849771939, 0.000193706655409, 6.68193433739e-06, 6.59085389998e-06],
        "dmean2": [0.00586810195819, 0.100791059434, 0.48243445158, 0.697327971458, 1.32825648785, 1.82734906673, 4.38146209717, 8.00940513611, 20.6150016785, 33.4484443665, 136.400680542, 73.0104141235, 33.2483787537, 30.4155540466, 12.7371206284, 35.2977142334, 25.7187919617, 10.0138950348, 24.6609134674, 13.6311178207, 6.96891641617, 3.62276744843, 5.41926145554, 3.107401371, 2.16323566437, 3.49724698067, 1.43665993214, 0.590898573399, 0.878557503223, 0.655936062336, 0.664736270905, 0.312198460102, 0.49459028244, 0.163660898805, 0.0393676832318, 0.0215016901493, 0.00307968119159, 0.000306747824652, 1.05840099422e-05, 9.90998523775e-06],
        "dvar": [1.90829778148e-05, 0.00933868996799, 0.386908173561, 0.437425643206, 1.7390986681, 4.86532831192, 28.5628528595, 78.6498794556, 444.49395752, 2001.55358887, 23777.4511719, 10802.0009766, 1336.69335938, 1740.81518555, 272.414123535, 1989.79931641, 2155.0234375, 90.1194610596, 1021.28302002, 384.432403564, 37.9283294678, 12.7044277191, 54.9987792969, 17.4312725067, 7.72299861908, 27.3593120575, 3.54867243767, 1.1227915287, 3.61845993996, 1.41637206078, 0.965326249599, 0.161498367786, 0.223348155618, 0.022977206856, 0.00172058865428, 0.00226450897753, 1.86956949619e-05, 1.11435547012e-07, 1.1150630419e-10, 6.90490858934e-11],
        "dvar2": [5.28591153852e-05, 0.0205765981227, 0.633963346481, 0.963440716267, 4.03024864197, 11.2852048874, 77.5971221924, 170.601608276, 897.721252441, 3812.40966797, 59583.546875, 21273.890625, 3611.73193359, 4398.15234375, 704.330871582, 4747.15429688, 4689.83544922, 239.600036621, 2563.73730469, 941.361083984, 98.9988479614, 34.5526046753, 124.09412384, 42.8446846008, 18.3130073547, 62.2960929871, 7.70319080353, 2.8833591938, 9.27792453766, 3.91724562645, 2.65646076202, 0.426641613245, 0.620808959007, 0.0593489073217, 0.00436151400208, 0.00560966925696, 4.35118417954e-05, 2.79417861293e-07, 2.93725571643e-10, 1.6862462815e-10],
        "max": [0.0661896839738, 1.74781453609, 16.3131847382, 17.85846138, 17.9649467468, 43.3105163574, 97.5027008057, 130.579269409, 391.122253418, 848.169677734, 2444.24584961, 1381.55419922, 476.840209961, 710.807922363, 303.238311768, 831.108032227, 866.717285156, 102.367095947, 565.682983398, 350.264343262, 77.5913772583, 51.3512992859, 172.52406311, 57.8148040771, 45.9278717041, 103.627555847, 36.1099014282, 11.7278327942, 19.1320476532, 12.1586141586, 10.720205307, 3.96678495407, 7.37969589233, 2.6471965313, 0.653190791607, 0.888497173786, 0.0804779529572, 0.00615449575707, 0.000145139318192, 0.000125769744045],
        "mean": [0.0101247793064, 0.239315733314, 1.14075124264, 1.41549730301, 2.20319604874, 2.73583054543, 6.28202629089, 11.5941228867, 34.2971572876, 62.6689186096, 188.935089111, 116.736999512, 40.4965553284, 39.7756652832, 17.4972248077, 40.7985649109, 30.8638648987, 12.6852645874, 30.3281860352, 15.582701683, 7.89488792419, 4.55588722229, 7.48168230057, 4.13447952271, 2.72585916519, 5.73704528809, 2.01791477203, 0.550330638885, 0.630806386471, 0.603250622749, 0.763409793377, 0.415551662445, 0.897710561752, 0.336142808199, 0.0778365656734, 0.0347508564591, 0.00634850235656, 0.000671691028401, 3.12525880872e-05, 2.81141201413e-05],
        "median": [0.00595244765282, 0.118605419993, 0.585875272751, 0.786787986755, 1.44778716564, 1.46841299534, 3.29274225235, 6.63446855545, 21.1911010742, 24.7954216003, 75.7954711914, 28.5855846405, 21.9262924194, 10.5666770935, 8.65169334412, 15.5796375275, 9.57885169983, 7.36999034882, 9.11882591248, 4.44731998444, 4.73973941803, 2.81890511513, 3.02960515022, 2.31173014641, 1.61938846111, 1.72348952293, 0.909386277199, 0.223284348845, 0.150827839971, 0.342483252287, 0.424806803465, 0.217769026756, 0.471359968185, 0.198375716805, 0.0446136929095, 0.0104802781716, 0.00214008335024, 0.000374616560293, 2.31767808145e-05, 2.3780263291e-05],
        "min": [3.02116144602e-11, 5.59936874645e-10, 1.53689017068e-09, 1.14844278531e-09, 6.07529981878e-09, 2.61671528889e-09, 7.34878957687e-09, 7.23525133139e-08, 6.89181050006e-08, 4.63565328346e-08, 2.35262206161e-07, 1.53443565409e-07, 6.51468141655e-08, 1.92242755048e-08, 1.22840447148e-07, 5.65507207284e-07, 9.13614357501e-08, 6.87487968776e-08, 1.01644928918e-07, 5.54946879561e-08, 5.62686643946e-08, 9.81279413281e-08, 1.10211892945e-07, 1.01600832636e-07, 6.31766212678e-08, 1.25850817767e-07, 1.93477703192e-07, 1.2447186748e-07, 9.60377022352e-08, 1.40523880532e-07, 1.36570449172e-07, 1.10297833089e-07, 1.37849298198e-07, 6.32633501141e-08, 4.36222755695e-08, 2.17110844858e-08, 1.54062469448e-08, 7.71023156432e-09, 1.23019361364e-09, 1.64111710332e-10],
        "var": [0.000109283777419, 0.0879420340061, 2.53977513313, 3.77614712715, 5.86870288849, 15.4688272476, 83.2868118286, 206.721893311, 1734.35009766, 8812.18554688, 82577.484375, 44203.6523438, 2734.90380859, 4447.39501953, 832.576782227, 5851.48291016, 6119.48583984, 208.902328491, 3038.10473633, 1091.70556641, 77.599861145, 24.5582733154, 209.137496948, 33.88671875, 12.3140583038, 120.738487244, 9.84388160706, 1.16338527203, 3.23678851128, 1.16820681095, 1.16585433483, 0.316639214754, 1.32144677639, 0.139707118273, 0.00754439737648, 0.00593280838802, 0.000100991681393, 5.66020162296e-07, 8.08881739367e-10, 4.35905922469e-10]
    },
    "gfcc": {
        "mean": [-41.6030502319, 120.710166931, -128.294235229, 0.283804148436, -69.4255905151, 11.4296541214, -40.7635307312, 19.7979660034, -17.4650363922, 4.63687038422, -7.04860305786, -15.6588468552, -12.8226919174],
        "cov": [[8375.78515625, -942.793823242, -157.782043457, -91.1130599976, -556.275390625, 82.3196334839, -359.741973877, 521.54095459, -3.67802238464, -30.1542663574, -296.402069092, -310.764648438, -28.4895057678], [-942.793823242, 732.82043457, 51.3322410583, 93.2112045288, 258.414001465, -38.8691329956, 126.327705383, -206.759246826, -12.7286319733, -12.2058925629, 102.036972046, 68.5177078247, 70.8077316284], [-157.782043457, 51.3322410583, 223.538070679, -38.5603141785, 41.0097160339, 35.0281600952, -39.9733810425, 60.4988021851, -62.4248695374, 2.30625796318, 19.0849914551, 0.87658059597, 16.0070915222], [-91.1130599976, 93.2112045288, -38.5603141785, 190.436187744, 43.9238090515, -21.9059886932, 46.4806671143, -61.7793693542, 62.4114761353, 4.30572032928, 8.30301380157, 29.3940258026, 4.78670406342], [-556.275390625, 258.414001465, 41.0097160339, 43.9238090515, 207.392745972, -8.68188381195, 25.3100452423, -49.9795379639, -18.248298645, 20.155632019, 23.6602115631, 23.5962047577, 34.0459518433], [82.3196334839, -38.8691329956, 35.0281600952, -21.9059886932, -8.68188381195, 130.60484314, 26.1153697968, 14.3635635376, -33.8896179199, -11.8520965576, 30.099357605, 9.90323352814, -3.90057206154], [-359.741973877, 126.327705383, -39.9733810425, 46.4806671143, 25.3100452423, 26.1153697968, 147.471786499, -56.15102005, 32.4642982483, -1.83348679543, 32.6362457275, 28.7896461487, -8.96805095673], [521.54095459, -206.759246826, 60.4988021851, -61.7793693542, -49.9795379639, 14.3635635376, -56.15102005, 170.889511108, -1.28259015083, 10.3626861572, -41.5299758911, -47.7907409668, -2.76009702682], [-3.67802238464, -12.7286319733, -62.4248695374, 62.4114761353, -18.248298645, -33.8896179199, 32.4642982483, -1.28259015083, 145.90133667, 25.6097145081, -17.1380977631, 3.84923815727, -13.0280485153], [-30.1542663574, -12.2058925629, 2.30625796318, 4.30572032928, 20.155632019, -11.8520965576, -1.83348679543, 10.3626861572, 25.6097145081, 76.6828155518, 8.20154857635, 1.74094676971, 0.559358119965], [-296.402069092, 102.036972046, 19.0849914551, 8.30301380157, 23.6602115631, 30.099357605, 32.6362457275, -41.5299758911, -17.1380977631, 8.20154857635, 93.6891479492, 40.9206771851, 5.64006185532], [-310.764648438, 68.5177078247, 0.87658059597, 29.3940258026, 23.5962047577, 9.90323352814, 28.7896461487, -47.7907409668, 3.84923815727, 1.74094676971, 40.9206771851, 104.344169617, 24.0608310699], [-28.4895057678, 70.8077316284, 16.0070915222, 4.78670406342, 34.0459518433, -3.90057206154, -8.96805095673, -2.76009702682, -13.0280485153, 0.559358119965, 5.64006185532, 24.0608310699, 72.4915237427]],
        "icov": [[0.000251767516602, -0.000520227709785, 0.000588860653806, -0.000437178212451, 0.000917143712286, -0.000593212316744, 0.000684910512064, -0.00101332867052, 0.000342258135788, -0.000335868331604, 0.000571138167288, 0.000161671239766, 5.5423413869e-05], [-0.000520227709785, 0.00737297860906, -0.00399738829583, 0.00175931549165, -0.00710764946416, 0.00413682218641, -0.00487696938217, 0.007631378714, -0.00223450665362, 0.00359845650382, -0.00485401554033, 0.00208203610964, -0.00413445895538], [0.000588860653806, -0.00399738829583, 0.00926385261118, -0.00149126909673, 0.00265268143266, -0.00352142238989, 0.00435882527381, -0.00786650832742, 0.00343564036302, -0.00193236873019, 0.00119468383491, -0.00137172767427, 0.00198795483448], [-0.000437178212451, 0.00175931549165, -0.00149126909673, 0.00839677359909, -0.00359000870958, 0.00175418984145, -0.00238321581855, 0.0044195712544, -0.00405888445675, 0.00174183293711, -0.00113759329543, -0.000713531160727, -0.000879085913766], [0.000917143712286, -0.00710764946416, 0.00265268143266, -0.00359000870958, 0.0144585864618, -0.00388206006028, 0.00412953039631, -0.0062636337243, 0.0037654042244, -0.0059180399403, 0.00532480375841, -0.000837560510263, 0.000813356833532], [-0.000593212316744, 0.00413682218641, -0.00352142238989, 0.00175418984145, -0.00388206006028, 0.0128117026761, -0.00587171083316, 0.00298062502407, 0.000529317941982, 0.00333737605251, -0.00578935770318, 0.000183660682524, -0.00125360116363], [0.000684910512064, -0.00487696938217, 0.00435882527381, -0.00238321581855, 0.00412953039631, -0.00587171083316, 0.0136306863278, -0.00412979116663, -0.000598384882323, -0.00157198111992, 0.00156175578013, -0.00159550260287, 0.00381403206848], [-0.00101332867052, 0.007631378714, -0.00786650832742, 0.0044195712544, -0.0062636337243, 0.00298062502407, -0.00412979116663, 0.0195332504809, -0.00478214770555, 0.00194280222058, -0.00214880891144, 0.00419033272192, -0.00517029222101], [0.000342258135788, -0.00223450665362, 0.00343564036302, -0.00405888445675, 0.0037654042244, 0.000529317941982, -0.000598384882323, -0.00478214770555, 0.0120130162686, -0.00471690436825, 0.00327122304589, -0.00149602396414, 0.00226782076061], [-0.000335868331604, 0.00359845650382, -0.00193236873019, 0.00174183293711, -0.0059180399403, 0.00333737605251, -0.00157198111992, 0.00194280222058, -0.00471690436825, 0.017377378419, -0.0056076105684, 0.000899814476725, -0.00134085817263], [0.000571138167288, -0.00485401554033, 0.00119468383491, -0.00113759329543, 0.00532480375841, -0.00578935770318, 0.00156175578013, -0.00214880891144, 0.00327122304589, -0.0056076105684, 0.0199066959321, -0.00538407452404, 0.00294551625848], [0.000161671239766, 0.00208203610964, -0.00137172767427, -0.000713531160727, -0.000837560510263, 0.000183660682524, -0.00159550260287, 0.00419033272192, -0.00149602396414, 0.000899814476725, -0.00538407452404, 0.0149977812544, -0.00608957465738], [5.5423413869e-05, -0.00413445895538, 0.00198795483448, -0.000879085913766, 0.000813356833532, -0.00125360116363, 0.00381403206848, -0.00517029222101, 0.00226782076061, -0.00134085817263, 0.00294551625848, -0.00608957465738, 0.0195094868541]]
    },
    "melbands": {
        "dmean": [4.64315598947e-05, 0.000144135890878, 8.83999528014e-05, 7.6930897194e-05, 8.46303446451e-05, 0.000113261245133, 0.000233659942751, 0.000320629391354, 0.000695671071298, 0.000276874663541, 9.88662068266e-05, 8.3742532297e-05, 2.99521670968e-05, 4.89997073601e-05, 4.81347742607e-05, 2.3848917408e-05, 1.09183902168e-05, 2.4056455004e-05, 1.51367958097e-05, 7.08964626028e-06, 5.38401400263e-06, 2.29109036809e-06, 3.15309853249e-06, 3.50727896148e-06, 1.46116076394e-06, 1.15531713618e-06, 7.79363176662e-07, 1.88072772289e-06, 7.36149161185e-07, 2.54882735362e-07, 2.3074679234e-07, 3.50604551613e-07, 2.12983707115e-07, 2.41475447638e-07, 2.73544316087e-07, 1.57811939516e-07, 1.21218349136e-07, 2.71698098686e-07, 1.42124434888e-07, 8.88202649207e-08],
        "dmean2": [7.27764418116e-05, 0.000206672761124, 0.000129529333208, 0.00011197495769, 0.000133108187583, 0.000175488748937, 0.000334652373567, 0.000466913421405, 0.0010742910672, 0.000398176576709, 0.0001629536564, 0.000132416331326, 4.90737147629e-05, 7.89088589954e-05, 7.7032855188e-05, 3.69297267753e-05, 1.8219163394e-05, 3.98170450353e-05, 2.36349042098e-05, 1.16798555609e-05, 9.01332987269e-06, 3.75496847482e-06, 5.39391839993e-06, 5.61037268199e-06, 2.40930421569e-06, 1.8459028297e-06, 1.25813267005e-06, 2.82593441625e-06, 1.11089207167e-06, 4.17934558072e-07, 3.73371335627e-07, 5.70326619709e-07, 3.48801478367e-07, 4.04232736173e-07, 4.57711507806e-07, 2.59756205878e-07, 2.03427120482e-07, 4.58823137706e-07, 2.33960122387e-07, 1.4527319081e-07],
        "dvar": [3.83495013523e-09, 5.99349903041e-08, 1.20764926947e-08, 1.8228297094e-08, 2.36646950924e-08, 3.5521217967e-08, 1.13264924551e-07, 3.03835463455e-07, 1.27931241423e-06, 3.25878090734e-07, 3.45248345468e-08, 3.37157608499e-08, 6.38406838505e-09, 9.40737709954e-09, 8.76537509242e-09, 3.86126108864e-09, 3.48337275691e-10, 2.51827669828e-09, 8.86005158129e-10, 3.24032689569e-10, 6.71105948591e-11, 1.46855236305e-11, 5.05310827903e-11, 8.7888675504e-11, 1.24684030461e-11, 4.79019384922e-12, 1.83636417704e-12, 2.2663695573e-11, 2.84713528795e-12, 4.09735884544e-13, 5.23233149516e-13, 1.59102505476e-12, 6.35103298077e-13, 4.45179185399e-13, 4.34040146489e-13, 1.82063186142e-13, 5.75372133835e-14, 2.27937379258e-13, 4.67934474805e-14, 1.96200189748e-14],
        "dvar2": [9.45347888859e-09, 1.04093523134e-07, 2.66254787107e-08, 4.27971471595e-08, 6.50286651194e-08, 7.99775676796e-08, 2.3402301963e-07, 6.72272221891e-07, 3.17681883644e-06, 6.51999187085e-07, 9.23098468775e-08, 8.50564703114e-08, 1.66857070383e-08, 2.27776286721e-08, 2.06051655738e-08, 8.21141021845e-09, 9.37229960307e-10, 6.46141096183e-09, 1.95654181745e-09, 8.00069566154e-10, 1.73209807608e-10, 3.81554197959e-11, 1.44594836105e-10, 1.65740102198e-10, 3.23202922758e-11, 1.14245878383e-11, 4.61913233357e-12, 5.03336435032e-11, 5.21232232722e-12, 1.05636810063e-12, 1.33116152649e-12, 4.1891143332e-12, 1.64248215723e-12, 1.23693796091e-12, 1.18302644157e-12, 4.92951870729e-13, 1.5608613577e-13, 6.56558520658e-13, 1.25179231672e-13, 5.19396469736e-14],
        "max": [0.00100981502328, 0.00599724706262, 0.00249418616295, 0.00209412816912, 0.0026496865321, 0.00261394237168, 0.0057608615607, 0.00798042118549, 0.0178940519691, 0.00747906789184, 0.0023627828341, 0.0030981330201, 0.00150636769831, 0.0019177015638, 0.00155306328088, 0.00113707967103, 0.000219877038035, 0.000836209394038, 0.000648271467071, 0.000429143896326, 0.000100936711533, 3.93031223211e-05, 0.000125884354929, 0.00028434721753, 5.70789961785e-05, 3.05911780742e-05, 2.00963622774e-05, 9.4442970294e-05, 3.8541325921e-05, 6.29337546343e-06, 8.01388250693e-06, 1.51228523464e-05, 9.64170794759e-06, 8.03282455308e-06, 7.41704525353e-06, 6.35471360511e-06, 2.59772082245e-06, 7.6161859397e-06, 3.08427729578e-06, 2.66410734184e-06],
        "mean": [0.000155868619913, 0.000512224039994, 0.000268104631687, 0.000176065892447, 0.000192747378605, 0.000243401562329, 0.000568370567635, 0.000801669491921, 0.00151303876191, 0.000614002114162, 0.000185054494068, 0.000167862133821, 5.93319928157e-05, 8.91114032129e-05, 9.13548647077e-05, 4.27217455581e-05, 2.02796527446e-05, 4.73667423648e-05, 2.84208872472e-05, 1.24143552966e-05, 9.21105583984e-06, 4.26084488936e-06, 5.81596168558e-06, 7.51233255869e-06, 2.77602453025e-06, 2.03799049814e-06, 1.60670356308e-06, 4.58716476714e-06, 1.42846477047e-06, 3.89270866208e-07, 3.04561893927e-07, 3.82187096193e-07, 2.4228668849e-07, 3.971300373e-07, 5.15381771038e-07, 2.40990061684e-07, 2.55094590784e-07, 7.36054516892e-07, 4.357578689e-07, 2.36335409909e-07],
        "median": [8.42743611429e-05, 0.000277142215054, 0.000176041445229, 0.000106456369394, 0.000104001657746, 0.000141265350976, 0.000363517610822, 0.000306626025122, 0.000657190859783, 0.000113557041914, 8.79767612787e-05, 3.76355383196e-05, 1.66667632584e-05, 3.58880679414e-05, 3.30329894496e-05, 1.41327727761e-05, 1.00514735095e-05, 1.31045826492e-05, 9.22832441574e-06, 3.52760434907e-06, 5.0853986977e-06, 2.51414621744e-06, 2.28082899412e-06, 2.05337505577e-06, 1.36441644827e-06, 1.21224138638e-06, 9.1446628403e-07, 1.04686694158e-06, 5.97274549818e-07, 1.73130601411e-07, 7.79908475579e-08, 7.61212177736e-08, 6.54568452774e-08, 2.30597947848e-07, 2.888268682e-07, 6.97968758345e-08, 1.01119340457e-07, 3.58444395943e-07, 2.43828282009e-07, 1.32509853756e-07],
        "min": [5.66772052468e-13, 8.17149462245e-13, 3.84761558551e-13, 3.60036219588e-13, 1.95665125812e-13, 1.74713542245e-12, 9.22714487282e-13, 6.82015967139e-13, 1.94010779664e-12, 7.90000823005e-13, 3.06947555481e-13, 5.56842339437e-14, 2.21941727691e-13, 1.40547773073e-12, 7.11448369835e-13, 1.21837774787e-13, 1.24831988821e-13, 1.87802356132e-13, 1.03910620614e-13, 4.89173148331e-14, 6.16598853681e-14, 1.01420391183e-13, 1.02690513699e-13, 8.89706738188e-14, 8.16102759915e-14, 5.63718078564e-14, 3.47471549689e-14, 1.0282172249e-13, 1.0655071389e-13, 8.38593517544e-14, 4.40528384984e-14, 4.76564893505e-14, 5.69514189497e-14, 9.22499788147e-14, 8.76588637289e-14, 6.30561683597e-14, 6.56550958348e-14, 1.16447812764e-13, 6.34938133429e-14, 5.02800993657e-14],
        "var": [3.15049426547e-08, 4.27880735288e-07, 8.60427959992e-08, 4.65727296728e-08, 6.8009576637e-08, 8.79548736066e-08, 4.36824194594e-07, 1.26994018501e-06, 4.49138997283e-06, 1.38053553655e-06, 6.86905679004e-08, 8.63395683837e-08, 1.8847146066e-08, 2.7355861576e-08, 2.705735902e-08, 1.04965618419e-08, 7.22895188154e-10, 7.28034699193e-09, 2.93489588188e-09, 8.57709403501e-10, 1.29592406251e-10, 2.66586978187e-11, 9.65263216579e-11, 3.06582148557e-10, 2.1024201477e-11, 7.1007054403e-12, 4.27474592182e-12, 9.94081136851e-11, 8.01438949927e-12, 4.48002502066e-13, 5.41711152931e-13, 1.30440591054e-12, 5.67621362239e-13, 4.08274054755e-13, 5.36599356529e-13, 1.9363783038e-13, 1.3236220659e-13, 1.06696010534e-12, 2.52466938414e-13, 7.99308264975e-14]
    },
    "mfcc": {
        "mean": [-684.584106445, 155.787979126, -4.11764955521, -7.33209228516, -0.585537672043, -17.4874191284, -0.0224596485496, -6.04669904709, -1.49448657036, 13.4659423828, 4.02839231491, 5.7089176178, 4.70751857758],
        "cov": [[6291.30957031, -497.384155273, 18.8787136078, -307.567626953, -135.805267334, -464.094085693, -164.133010864, 27.139503479, 104.704406738, 419.417755127, -43.6657829285, -146.971115112, -212.100494385], [-497.384155273, 763.708557129, -60.3991012573, 120.126777649, 121.817459106, 108.892097473, 121.262809753, -46.065071106, -7.87583065033, -119.598396301, -19.6927490234, 33.0014152527, 58.679523468], [18.8787136078, -60.3991012573, 170.776016235, -48.9465866089, 19.0208148956, -48.4803581238, 36.7571411133, 17.8068141937, -15.9640216827, 20.0285415649, -12.3948354721, 0.175531581044, 9.95348739624], [-307.567626953, 120.126777649, -48.9465866089, 226.146896362, 12.2929210663, 101.917953491, -34.8671531677, -14.1418037415, 20.2995319366, -57.4622383118, 38.5658111572, 29.1037750244, 14.2315073013], [-135.805267334, 121.817459106, 19.0208148956, 12.2929210663, 183.352081299, -31.9188938141, 39.4219665527, -39.1939697266, 11.8204307556, 5.39095592499, -53.4360313416, 24.2268218994, 35.6054000854], [-464.094085693, 108.892097473, -48.4803581238, 101.917953491, -31.9188938141, 214.416946411, 12.8286781311, 26.5846290588, -22.1912937164, -84.3603515625, 52.9244766235, 21.8057994843, 3.52793335915], [-164.133010864, 121.262809753, 36.7571411133, -34.8671531677, 39.4219665527, 12.8286781311, 161.510604858, 9.28917312622, -17.5413761139, -30.3125724792, -14.7999858856, 9.76228618622, 16.3819484711], [27.139503479, -46.065071106, 17.8068141937, -14.1418037415, -39.1939697266, 26.5846290588, 9.28917312622, 109.781471252, -14.384344101, 17.46991539, 4.20954990387, -29.2032279968, -5.06719064713], [104.704406738, -7.87583065033, -15.9640216827, 20.2995319366, 11.8204307556, -22.1912937164, -17.5413761139, -14.384344101, 96.8375930786, 31.1024265289, -1.90957951546, -4.49118614197, -4.81496715546], [419.417755127, -119.598396301, 20.0285415649, -57.4622383118, 5.39095592499, -84.3603515625, -30.3125724792, 17.46991539, 31.1024265289, 161.870132446, -10.5428314209, -25.04322052, -11.8477907181], [-43.6657829285, -19.6927490234, -12.3948354721, 38.5658111572, -53.4360313416, 52.9244766235, -14.7999858856, 4.20954990387, -1.90957951546, -10.5428314209, 89.6507339478, 24.8941993713, -16.1756076813], [-146.971115112, 33.0014152527, 0.175531581044, 29.1037750244, 24.2268218994, 21.8057994843, 9.76228618622, -29.2032279968, -4.49118614197, -25.04322052, 24.8941993713, 90.489364624, 22.1510982513], [-212.100494385, 58.679523468, 9.95348739624, 14.2315073013, 35.6054000854, 3.52793335915, 16.3819484711, -5.06719064713, -4.81496715546, -11.8477907181, -16.1756076813, 22.1510982513, 111.531295776]],
