{
"lowlevel": {
    "average_loudness": 0.97554820776,
    "barkbands_crest": {
        "dmean": 2.84546732903,
        "dmean2": 4.41737747192,
        "dvar": 11.0585193634,
        "dvar2": 24.2604084015,
        "max": 26.8121891022,
        "mean": 16.5275764465,
        "median": 16.0028972626,
        "min": 2.78310799599,
        "var": 31.011926651
    },
    "barkbands_flatness_db": {
        "dmean": 0.0373683683574,
        "dmean2": 0.0518360324204,
        "dvar": 0.00159973045811,
        "dvar2": 0.00281426147558,
        "max": 0.67598515749,
        "mean": 0.328172296286,
        "median": 0.328525751829,
        "min": 0.0482922717929,
        "var": 0.0080224853009
    },
    "barkbands_kurtosis": {
        "dmean": 54.264213562,
        "dmean2": 84.4823684692,
        "dvar": 81759,
        "dvar2": 169680.671875,
        "max": 7056.94042969,
        "mean": 78.9633789062,
        "median": 14.1976070404,
        "min": -1.87534868717,
        "var": 119817.625
    },
    "barkbands_skewness": {
        "dmean": 1.83953535557,
        "dmean2": 2.668612957,
        "dvar": 12.7496070862,
        "dvar2": 24.965089798,
        "max": 59.8301849365,
        "mean": 4.50468730927,
        "median": 2.81433582306,
        "min": -1.85870325565,
        "var": 35.8359794617
    },
    "barkbands_spread": {
        "dmean": 4.07628059387,
        "dmean2": 6.11934947968,
        "dvar": 49.2778205872,
        "dvar2": 103.058311462,
        "max": 102.129516602,
        "mean": 9.80551815033,
        "median": 6.28347730637,
        "min": 0.0213929284364,
        "var": 128.463806152
    },
    "dissonance": {
        "dmean": 0.0339440815151,
        "dmean2": 0.0541615784168,
        "dvar": 0.00103297899477,
        "dvar2": 0.00248741963878,
        "max": 0.499991476536,
        "mean": 0.411970585585,
        "median": 0.419529229403,
        "min": 0.107226461172,
        "var": 0.0034452022519
    },
    "dynamic_complexity": 3.32583975792,
    "erbbands_crest": {
        "dmean": 3.70478582382,
        "dmean2": 5.80001068115,
        "dvar": 14.8643732071,
        "dvar2": 32.3825378418,
        "max": 31.8908977509,
        "mean": 17.2687244415,
        "median": 16.4330749512,
        "min": 3.16081762314,
        "var": 50.3954353333
    },
    "erbbands_flatness_db": {
        "dmean": 0.0281587708741,
        "dmean2": 0.0410379134119,
        "dvar": 0.000752260093577,
        "dvar2": 0.00167489354499,
        "max": 0.406900584698,
        "mean": 0.228218644857,
        "median": 0.22629763186,
        "min": 0.109260991216,
        "var": 0.00283109932207
    },
    "erbbands_kurtosis": {
        "dmean": 5.78610372543,
        "dmean2": 8.91352367401,
        "dvar": 101.526618958,
        "dvar2": 211.232254028,
        "max": 171.905487061,
        "mean": 8.90612792969,
        "median": 3.84595108032,
        "min": -1.96058857441,
        "var": 214.267852783
    },
    "erbbands_skewness": {
        "dmean": 0.856235682964,
        "dmean2": 1.28382384777,
        "dvar": 0.875524222851,
        "dvar2": 1.80572724342,
        "max": 11.0239686966,
        "mean": 2.16856241226,
        "median": 2.01354074478,
        "min": -3.89424300194,
        "var": 3.2246029377
    },
    "erbbands_spread": {
        "dmean": 17.1175880432,
        "dmean2": 25.9703598022,
        "dvar": 429.892578125,
        "dvar2": 908.100158691,
        "max": 190.65965271,
        "mean": 42.9559402466,
        "median": 32.5159797668,
        "min": 1.82609760761,
        "var": 1212.82531738
    },
    "hfc": {
        "dmean": 7.85168218613,
        "dmean2": 12.2153692245,
        "dvar": 430.142425537,
        "dvar2": 1014.49450684,
        "max": 385.450286865,
        "mean": 12.1083269119,
        "median": 6.99927902222,
        "min": 0.00035875433241,
        "var": 535.62902832
    },
    "melbands_crest": {
        "dmean": 3.49875330925,
        "dmean2": 5.39189863205,
        "dvar": 16.5548267365,
        "dvar2": 38.9073219299,
        "max": 39.4331169128,
        "mean": 22.9528141022,
        "median": 22.3621788025,
        "min": 4.1297416687,
        "var": 47.6268463135
    },
    "melbands_flatness_db": {
        "dmean": 0.0426236465573,
        "dmean2": 0.0563700050116,
        "dvar": 0.0022690622136,
        "dvar2": 0.0036624581553,
        "max": 0.767292916775,
        "mean": 0.380716472864,
        "median": 0.38228598237,
        "min": 0.041772685945,
        "var": 0.0119245741516
    },
    "melbands_kurtosis": {
        "dmean": 96.2813796997,
        "dmean2": 147.217391968,
        "dvar": 162821.515625,
        "dvar2": 400794.90625,
        "max": 10959.7705078,
        "mean": 150.995071411,
        "median": 24.4152812958,
        "min": -1.77151954174,
        "var": 309046.03125
    },
    "melbands_skewness": {
        "dmean": 2.35948610306,
        "dmean2": 3.44602227211,
        "dvar": 15.6931114197,
        "dvar2": 33.7782669067,
        "max": 71.1863632202,
        "mean": 5.50711965561,
        "median": 3.19284343719,
        "min": -0.798844814301,
        "var": 51.1389923096
    },
    "melbands_spread": {
        "dmean": 4.06515789032,
        "dmean2": 5.6526222229,
        "dvar": 86.0950927734,
        "dvar2": 149.034210205,
        "max": 193.596054077,
        "mean": 9.20986938477,
        "median": 5.7553062439,
        "min": 0.0284002274275,
        "var": 225.788162231
    },
    "pitch_salience": {
        "dmean": 0.0860306695104,
        "dmean2": 0.136841624975,
        "dvar": 0.0124565009028,
        "dvar2": 0.0287240669131,
        "max": 0.791865229607,
        "mean": 0.377711564302,
        "median": 0.420527458191,
        "min": 0.00486659724265,
        "var": 0.0274299681187
    },
    "silence_rate_20dB": {
        "dmean": 0,
        "dmean2": 0,
        "dvar": 0,
        "dvar2": 0,
        "max": 1,
        "mean": 1,
        "median": 1,
        "min": 1,
        "var": 0
    },
    "silence_rate_30dB": {
        "dmean": 0.0596436858177,
        "dmean2": 0.119333595037,
        "dvar": 0.056085575372,
        "dvar2": 0.115942649543,
        "max": 1,
        "mean": 0.941927969456,
        "median": 1,
        "min": 0,
        "var": 0.0546995326877
    },
    "silence_rate_60dB": {
        "dmean": 0.0100697129965,
        "dmean2": 0.0201472304761,
        "dvar": 0.00996822677553,
        "dvar2": 0.0243905354291,
        "max": 1,
        "mean": 0.0267131235451,
        "median": 0,
        "min": 0,
        "var": 0.0259993113577
    },
    "spectral_centroid": {
        "dmean": 238.490997314,
        "dmean2": 345.622192383,
        "dvar": 129403.1875,
        "dvar2": 238505.984375,
        "max": 4859.38330078,
        "mean": 797.41595459,
        "median": 532.303161621,
        "min": 71.729385376,
        "var": 470588.34375
    },
    "spectral_complexity": {
        "dmean": 2.34391951561,
        "dmean2": 3.49786901474,
        "dvar": 29.4961242676,
        "dvar2": 52.4793624878,
        "max": 50,
        "mean": 5.55981397629,
        "median": 4,
        "min": 0,
        "var": 46.5674781799
    },
    "spectral_decrease": {
        "dmean": 4.25113588776e-09,
        "dmean2": 6.80562584066e-09,
        "dvar": 7.34517458055e-17,
        "dvar2": 1.87471406701e-16,
        "max": -3.5851508394e-13,
        "mean": -9.85171588752e-09,
        "median": -7.32278415683e-09,
        "min": -6.79681946281e-08,
        "var": 8.45260332289e-17
    },
    "spectral_energy": {
        "dmean": 0.0166414771229,
        "dmean2": 0.0266280919313,
        "dvar": 0.00109852745663,
        "dvar2": 0.0028175371699,
        "max": 0.261031270027,
        "mean": 0.0382808707654,
        "median": 0.0283371992409,
        "min": 1.38565371799e-06,
        "var": 0.00125691224821
    },
    "spectral_energyband_high": {
        "dmean": 0.000397656578571,
        "dmean2": 0.000561557710171,
        "dvar": 3.12524230139e-06,
        "dvar2": 5.70546626477e-06,
        "max": 0.0547036416829,
        "mean": 0.000565910362639,
        "median": 0.000147731101606,
        "min": 8.12685918561e-09,
        "var": 5.89344062973e-06
    },
    "spectral_energyband_low": {
        "dmean": 0.00965438224375,
        "dmean2": 0.0150584159419,
        "dvar": 0.000536179170012,
        "dvar2": 0.00126478075981,
        "max": 0.206560522318,
        "mean": 0.0229183360934,
        "median": 0.0175022929907,
        "min": 6.17647913259e-07,
        "var": 0.000667527143378
    },
    "spectral_energyband_middle_high": {
        "dmean": 0.00225379504263,
        "dmean2": 0.00391642656177,
        "dvar": 0.000116773786431,
        "dvar2": 0.000324371445458,
        "max": 0.109414897859,
        "mean": 0.00180504133459,
        "median": 0.000190786668099,
        "min": 4.69798555613e-09,
        "var": 7.53392814659e-05
    },
    "spectral_energyband_middle_low": {
        "dmean": 0.00946610420942,
        "dmean2": 0.0162887927145,
        "dvar": 0.000551031145733,
        "dvar2": 0.00159783917479,
        "max": 0.187642231584,
        "mean": 0.0135284597054,
        "median": 0.00812381505966,
        "min": 5.26902113052e-07,
        "var": 0.00040375784738
    },
    "spectral_entropy": {
        "dmean": 0.346874713898,
        "dmean2": 0.482490062714,
        "dvar": 0.132839977741,
        "dvar2": 0.261684626341,
        "max": 8.5311498642,
        "mean": 6.75107622147,
        "median": 6.76878786087,
        "min": 4.36287117004,
        "var": 0.569304347038
    },
    "spectral_flux": {
        "dmean": 0.0414863303304,
        "dmean2": 0.0650140047073,
        "dvar": 0.00433900812641,
        "dvar2": 0.00760322017595,
        "max": 0.487294614315,
        "mean": 0.081936173141,
        "median": 0.0493780486286,
        "min": 0.00117713795044,
        "var": 0.0083391815424
    },
    "spectral_kurtosis": {
        "dmean": 2.37023425102,
        "dmean2": 3.85520815849,
        "dvar": 16.8893089294,
        "dvar2": 40.6442298889,
        "max": 85.9135742188,
        "mean": 3.57201766968,
        "median": 2.03509140015,
        "min": -0.892643928528,
        "var": 29.6988964081
    },
    "spectral_rms": {
        "dmean": 0.00111420243047,
        "dmean2": 0.00172658020165,
        "dvar": 3.22930941365e-06,
        "dvar2": 7.88438319432e-06,
        "max": 0.0159582160413,
        "mean": 0.00567455776036,
        "median": 0.0052579510957,
        "min": 3.67676111637e-05,
        "var": 5.14663724971e-06
    },
    "spectral_rolloff": {
        "dmean": 209.027114868,
        "dmean2": 336.372589111,
        "dvar": 375541.125,
        "dvar2": 768694.1875,
        "max": 8462.54882812,
        "mean": 486.485961914,
        "median": 322.998046875,
        "min": 43.06640625,
        "var": 693700.8125
    },
    "spectral_skewness": {
        "dmean": 0.36864054203,
        "dmean2": 0.552089989185,
        "dvar": 0.190832331777,
        "dvar2": 0.399309575558,
        "max": 7.71458005905,
        "mean": 1.47509741783,
        "median": 1.31396102905,
        "min": -0.298895835876,
        "var": 0.638068139553
    },
    "spectral_spread": {
        "dmean": 807048.625,
        "dmean2": 1199050.875,
        "dvar": 722979192832,
        "dvar2": 1.70389916877e+12,
        "max": 11041618,
        "mean": 5383538,
        "median": 5335967.5,
        "min": 1021336.875,
        "var": 1.9960856576e+12
    },
    "spectral_strongpeak": {
        "dmean": 0.392700582743,
        "dmean2": 0.672845363617,
        "dvar": 1.43128013611,
        "dvar2": 2.99843764305,
        "max": 30.0374011993,
        "mean": 0.792151331902,
        "median": 0.337629914284,
        "min": 0,
        "var": 2.61024451256
    },
    "zerocrossingrate": {
        "dmean": 0.00817010644823,
        "dmean2": 0.00915626622736,
        "dvar": 0.000111197499791,
        "dvar2": 0.000115170063509,
        "max": 0.2314453125,
        "mean": 0.0275184195489,
        "median": 0.02099609375,
        "min": 0.00146484375,
        "var": 0.000623277854174
    },
    "barkbands": {
        "dmean": [0.000755064771511, 0.00687311729416, 0.00327741843648, 0.00274301506579, 0.00392036745325, 0.0027330070734, 0.000535984931048, 0.000334467360517, 0.000169669132447, 0.000315859360853, 0.000710853899363, 0.000655288109556, 3.56645323336e-05, 9.52280024649e-05, 0.00010315405234, 7.26138387108e-05, 0.000169778504642, 0.000130925065605, 7.26185098756e-05, 5.22720110894e-05, 0.000100483121059, 0.000180826842552, 4.03233825637e-05, 8.63838577061e-05, 1.43760898936e-05, 1.52840975431e-08, 3.35576388899e-09],
        "dmean2": [0.00127392704599, 0.0105307325721, 0.00612967414781, 0.00531949335709, 0.00706716952845, 0.00402938202024, 0.000763112620916, 0.000488892954309, 0.000233435304835, 0.000540346547496, 0.00132107315585, 0.00118910800666, 5.68879004277e-05, 0.000167080317624, 0.00017880773521, 0.000119701689982, 0.000285615125904, 0.000194566629943, 0.000112555171654, 8.2734542957e-05, 0.000152333785081, 0.000255596620264, 6.07191759627e-05, 0.000121850054711, 2.11933183891e-05, 2.48408582593e-08, 6.358754856e-09],
        "dvar": [1.57026113357e-06, 0.000260223052464, 0.000163358054124, 0.000135646550916, 0.00013057407341, 3.32542658725e-05, 2.02804540095e-06, 1.63353126936e-06, 4.37718682633e-07, 1.79493849828e-06, 1.64445464179e-05, 1.24288553707e-05, 2.13539284033e-08, 2.38752164705e-07, 2.76935566035e-07, 1.04297726011e-07, 5.9254551843e-07, 2.48479011589e-07, 7.16693833169e-08, 5.31426707084e-08, 3.12519460977e-07, 1.40019449191e-06, 1.12971756394e-08, 1.77457337713e-07, 1.0667930983e-09, 1.77246800526e-15, 4.97134330535e-16],
        "dvar2": [4.36733944298e-06, 0.000563017441891, 0.000465399760287, 0.000397800700739, 0.000377863674657, 6.71665620757e-05, 3.87477984987e-06, 3.06744095724e-06, 6.38824474208e-07, 4.99255384057e-06, 4.75309243484e-05, 3.54453150067e-05, 4.99517902597e-08, 6.49130697639e-07, 7.49676985379e-07, 2.55300307117e-07, 1.59686101142e-06, 4.68275203502e-07, 1.51154665673e-07, 1.24474482277e-07, 5.42142458926e-07, 2.51261189987e-06, 2.42532003369e-08, 2.81184668438e-07, 2.18945994668e-09, 4.26536866062e-15, 1.46225902311e-15],
        "max": [0.0112905083224, 0.140831366181, 0.0868639424443, 0.0873844400048, 0.0882657691836, 0.0898001864552, 0.0346405804157, 0.0330196842551, 0.0189225934446, 0.0124709270895, 0.044722661376, 0.0384620577097, 0.00305506051518, 0.00528872013092, 0.00637542596087, 0.00350036006421, 0.00981611292809, 0.01587863639, 0.00637995172292, 0.00682857399806, 0.020949114114, 0.0481389015913, 0.00201850011945, 0.0164644233882, 0.000653823080938, 9.28181464133e-07, 5.79053448746e-07],
        "mean": [0.00231074588373, 0.0181148890406, 0.00199671182781, 0.00153974746354, 0.00414154026657, 0.00554663827643, 0.00116202991921, 0.000747914193198, 0.000331208662828, 0.000278078397969, 0.000443036231445, 0.000458759983303, 3.51802882506e-05, 6.63836326567e-05, 7.26085563656e-05, 6.21186627541e-05, 0.000138459319714, 0.000159368981258, 7.90696576587e-05, 4.86719582113e-05, 0.000121906334243, 0.000248618045589, 4.33368622907e-05, 0.000115193717647, 1.86844335985e-05, 1.8043881056e-08, 2.25377050356e-09],
        "median": [0.000918077304959, 0.0159513298422, 3.19026730722e-05, 2.12919767364e-05, 0.000156296882778, 0.00137657253072, 6.8052104325e-05, 3.1628384022e-05, 3.32933414029e-05, 2.03423223866e-05, 4.35371111962e-06, 1.09354596134e-05, 1.92119250642e-06, 1.33496814669e-06, 1.11172062134e-06, 2.33588457377e-06, 1.0657009625e-05, 2.23136248678e-05, 1.45027333929e-05, 7.19189392839e-06, 1.96818400582e-05, 6.832453073e-05, 8.19015076559e-06, 3.1969131669e-05, 5.7527881836e-06, 6.84591938693e-09, 5.90853532767e-10],
        "min": [1.1138254763e-08, 1.01110849471e-07, 5.14872873225e-08, 2.09501855863e-08, 7.51092272822e-08, 7.95280428179e-08, 1.43904523853e-08, 9.07428798769e-10, 8.57895710027e-09, 3.67555874625e-10, 1.19248155794e-09, 3.45649425748e-10, 8.84476311636e-11, 9.81350556373e-11, 1.05689908214e-10, 2.17424467319e-10, 4.13184597647e-10, 5.80288483931e-10, 6.59989785046e-10, 7.76090081089e-10, 1.40829725659e-09, 3.33229466243e-09, 5.21763521277e-10, 2.68281685756e-09, 8.39813288356e-11, 4.80162871269e-12, 9.24851601553e-12],
        "var": [8.06271236797e-06, 0.000359656405635, 9.36778596952e-05, 7.18164155842e-05, 0.000101974328572, 9.14146512514e-05, 8.14167106e-06, 6.78783862895e-06, 1.71403144122e-06, 1.21680363918e-06, 9.18932892091e-06, 7.54489747123e-06, 2.49266278729e-08, 1.58359128477e-07, 1.88687380387e-07, 9.27966965492e-08, 4.21970781872e-07, 4.32646714899e-07, 8.89351383648e-08, 5.25730037282e-08, 6.12508586073e-07, 2.34840308622e-06, 1.34920128403e-08, 3.37893141023e-07, 1.65980551525e-09, 2.11352783318e-15, 2.66988649562e-16]
    },
    "erbbands": {
        "dmean": [0.22729678452, 1.5946161747, 3.74802947044, 6.75579452515, 11.5396060944, 12.9409446716, 14.8555727005, 28.8856658936, 12.4598970413, 4.96191549301, 8.21713924408, 4.2095079422, 6.49353075027, 12.1536951065, 44.1476173401, 15.9990110397, 2.62244677544, 4.38572311401, 4.49790048599, 5.62891626358, 4.37943220139, 9.59777259827, 8.21490764618, 4.65048646927, 3.50139904022, 2.33155369759, 1.88460183144, 5.88859844208, 7.98488235474, 1.90793645382, 1.22017967701, 2.32455015182, 0.855765104294, 0.314469337463, 0.0233468227088, 0.00104169815313, 6.19571728748e-05, 1.05281151264e-05, 9.73103215074e-06, 1.91723356693e-05],
        "dmean2": [0.355598330498, 2.32455182076, 6.71292161942, 13.001750946, 21.9736557007, 23.1675109863, 24.3092880249, 41.4462242126, 18.007610321, 6.77114105225, 11.9863824844, 5.89301872253, 10.3667402267, 21.4848442078, 81.9387359619, 28.4869480133, 4.40994977951, 7.47646284103, 7.9084072113, 9.70726776123, 7.20277166367, 16.0437927246, 12.5250606537, 7.18789100647, 5.51151847839, 3.69385433197, 3.06706380844, 8.4630241394, 11.178937912, 2.89591050148, 1.81666886806, 3.35531592369, 1.20144200325, 0.458577901125, 0.034835472703, 0.00154152314644, 8.96248384379e-05, 1.53267392307e-05, 1.5117854673e-05, 3.04695859086e-05],
        "dvar": [0.218423858285, 17.4300346375, 184.707077026, 798.234558105, 1971.43005371, 1276.97583008, 829.092346191, 5006.01171875, 635.667480469, 390.328552246, 1194.42785645, 241.083755493, 441.973968506, 3493.87036133, 63953.203125, 6545.47705078, 127.741004944, 453.939208984, 558.068481445, 823.689208984, 351.292633057, 1790.54992676, 960.628601074, 297.565368652, 163.69543457, 89.5250701904, 50.3232307434, 1093.44006348, 2651.26123047, 32.9359893799, 10.246629715, 155.987594604, 11.5836925507, 0.543591797352, 0.00352239655331, 6.8428898885e-06, 2.9717936556e-08, 1.25541044227e-09, 3.7604144798e-10, 1.38836897534e-09],
        "dvar2": [0.55424785614, 38.9639282227, 513.908203125, 2325.85302734, 5759.61621094, 3640.23486328, 2224.01245117, 9630.73535156, 1449.00036621, 489.728363037, 2235.18945312, 363.251068115, 1141.2220459, 9802.38476562, 184201.1875, 18543.5214844, 339.354034424, 1207.40881348, 1543.08862305, 2224.23071289, 850.822265625, 4837.44921875, 1960.59277344, 608.028564453, 390.523651123, 208.418182373, 127.437088013, 1876.53833008, 4646.24560547, 70.6914672852, 20.8055171967, 280.463104248, 16.5675125122, 1.08489894867, 0.00750673748553, 1.41019554576e-05, 5.65988926837e-08, 2.56273469113e-09, 9.00515273461e-10, 3.56077967112e-09],
        "max": [4.28201580048, 34.6952018738, 96.1952972412, 211.45916748, 349.559783936, 386.912506104, 413.457244873, 1083.39367676, 461.943389893, 785.458862305, 881.378967285, 455.142181396, 201.023147583, 575.327453613, 2636.13818359, 918.485656738, 116.322311401, 226.029571533, 258.210571289, 398.903167725, 197.643218994, 521.907775879, 898.097351074, 464.818359375, 291.992858887, 261.778686523, 74.9559326172, 1174.53491211, 1843.87817383, 115.452011108, 69.5165863037, 416.291870117, 152.054718018, 15.5942325592, 1.71342980862, 0.0721185728908, 0.00515099568292, 0.00110633624718, 0.000389452936361, 0.000288514216663],
        "mean": [0.692752063274, 3.36780500412, 3.00530338287, 3.93341684341, 7.88886833191, 14.453042984, 22.8937549591, 58.976688385, 27.5231018066, 10.1845855713, 19.6154994965, 9.09876441956, 7.82014226913, 9.19192790985, 27.2727050781, 12.7935800552, 2.37842941284, 3.28538942337, 3.12651777267, 4.03845977783, 4.01826524734, 8.07651519775, 9.52682876587, 5.15467023849, 3.57093667984, 2.23460698128, 1.71815288067, 7.87265539169, 11.1159229279, 2.46453762054, 1.40531945229, 3.11200141907, 1.04438495636, 0.40515896678, 0.0289556849748, 0.0013469158439, 9.18403311516e-05, 1.50674723045e-05, 2.11854876397e-05, 4.36185327999e-05],
        "median": [0.614380955696, 2.27732849121, 0.327317148447, 0.122289188206, 0.183566331863, 0.712570667267, 5.49619674683, 8.68134975433, 5.2425069809, 1.82220041752, 1.13115382195, 1.38286519051, 1.40123164654, 0.630001842976, 0.478831291199, 0.453160315752, 0.180481657386, 0.103671200573, 0.0804838463664, 0.0801801607013, 0.243511006236, 0.655953705311, 1.11624979973, 1.01895058155, 0.621839642525, 0.345675587654, 0.22123721242, 1.45621919632, 2.63432621956, 0.740878164768, 0.303329855204, 0.880982875824, 0.237932890654, 0.127530142665, 0.00790855940431, 0.000402095436584, 3.72879912902e-05, 5.81200947636e-06, 1.50770238179e-05, 3.19054051943e-05],
        "min": [3.87993486584e-06, 2.55913528235e-05, 7.24660203559e-05, 0.000147107348312, 4.4145341235e-05, 0.000526509946212, 0.000928581110202, 0.000713329704013, 0.000361519225407, 6.10625211266e-05, 6.68323918944e-05, 0.000327470770571, 9.52436748776e-05, 2.37744116021e-05, 5.6570781453e-05, 1.17242325359e-05, 3.85915564038e-06, 4.91193895868e-06, 6.66611003908e-06, 7.46928208173e-06, 1.17901809062e-05, 2.43556878559e-05, 2.79599789792e-05, 3.1296563975e-05, 4.94866726513e-05, 2.59676016867e-05, 5.25104860571e-06, 0.00010807003855, 0.000133795489091, 2.92567656288e-05, 2.2263304345e-05, 8.85227709659e-05, 1.30800817715e-05, 1.96374776351e-06, 1.09090727562e-07, 2.64988013754e-08, 8.70209504455e-09, 3.64020458221e-09, 2.22588703025e-09, 1.67192593103e-09],
        "var": [0.286316603422, 22.7192802429, 117.355232239, 430.430450439, 1105.79492188, 1211.578125, 1379.6619873, 14014.6933594, 2184.99023438, 1595.42651367, 5026.45751953, 959.112487793, 469.434875488, 2163.26391602, 36002.9960938, 4527.84960938, 103.29335022, 320.58026123, 363.107421875, 563.601501465, 320.321777344, 1273.40917969, 1512.99755859, 387.70135498, 169.735061646, 90.3093719482, 44.0620956421, 2099.70092773, 4917.35546875, 49.116027832, 15.6448202133, 237.016265869, 23.2146549225, 0.856413841248, 0.0051919259131, 1.07378064058e-05, 5.10916784435e-08, 1.95354443733e-09, 5.05561037478e-10, 1.61270730104e-09]
    },
    "gfcc": {
        "mean": [-106.7448349, 112.892700195, -81.7751083374, 74.3825836182, -85.2760848999, 18.5457801819, -20.9311084747, 14.2322006226, 8.33601856232, -11.5562858582, 22.5344219208, 6.7688331604, 16.8683738708],
        "cov": [[6026.42529297, -417.406280518, -1548.33825684, -233.528701782, -669.681091309, -16.2195320129, -391.852996826, 173.164825439, -378.830535889, -89.6635665894, -16.3738918304, 92.8404464722, 20.8721218109], [-417.406280518, 1209.75170898, 554.297058105, -264.720458984, 60.8963661194, -308.731201172, -177.58757019, -484.526519775, -128.953063965, -177.435623169, 39.157043457, -65.098526001, 87.185218811], [-1548.33825684, 554.297058105, 1567.1003418, 337.141143799, 181.798706055, -26.5784664154, -8.65410518646, -206.185241699, 50.6844825745, -20.4656600952, 0.840417683125, -57.608417511, 56.9579963684], [-233.528701782, -264.720458984, 337.141143799, 476.095092773, 148.681396484, 97.295463562, 49.9651489258, 55.1090240479, 75.2557373047, 12.4798221588, -66.4953231812, -47.7935333252, -22.2168006897], [-669.681091309, 60.8963661194, 181.798706055, 148.681396484, 520.445495605, 255.387756348, 88.9173812866, -95.7758255005, 69.6113891602, 3.27998518944, -101.981033325, -167.418304443, -40.3225021362], [-16.2195320129, -308.731201172, -26.5784664154, 97.295463562, 255.387756348, 439.410339355, 141.638977051, 74.2608032227, 67.0548553467, 72.9755554199, -97.0132904053, -105.286491394, -71.8952407837], [-391.852996826, -177.58757019, -8.65410518646, 49.9651489258, 88.9173812866, 141.638977051, 346.100891113, 270.841339111, 176.737365723, 66.678527832, 35.8040657043, 10.3765716553, -84.5099105835], [173.164825439, -484.526519775, -206.185241699, 55.1090240479, -95.7758255005, 74.2608032227, 270.841339111, 563.207641602, 196.917221069, 133.659667969, 91.3523864746, 71.8619155884, -98.9743728638], [-378.830535889, -128.953063965, 50.6844825745, 75.2557373047, 69.6113891602, 67.0548553467, 176.737365723, 196.917221069, 246.494750977, 136.777938843, 61.5943565369, 9.84156417847, -56.2283096313], [-89.6635665894, -177.435623169, -20.4656600952, 12.4798221588, 3.27998518944, 72.9755554199, 66.678527832, 133.659667969, 136.777938843, 194.945571899, 102.426063538, 57.6999473572, -26.3069267273], [-16.3738918304, 39.157043457, 0.840417683125, -66.4953231812, -101.981033325, -97.0132904053, 35.8040657043, 91.3523864746, 61.5943565369, 102.426063538, 241.119064331, 180.895446777, 43.7720298767], [92.8404464722, -65.098526001, -57.608417511, -47.7935333252, -167.418304443, -105.286491394, 10.3765716553, 71.8619155884, 9.84156417847, 57.6999473572, 180.895446777, 263.014465332, 107.486480713], [20.8721218109, 87.185218811, 56.9579963684, -22.2168006897, -40.3225021362, -71.8952407837, -84.5099105835, -98.9743728638, -56.2283096313, -26.3069267273, 43.7720298767, 107.486480713, 181.47088623]],
        "icov": [[0.000423415214755, -0.000689642387442, 0.00062372389948, -0.000749862170778, 0.000730747997295, -0.000858874176629, 0.000665853789542, -0.000680013559759, 0.000562969595194, -0.000182772855624, -2.41680681938e-05, 4.41221782239e-05, -0.000115999981062], [-0.000689642387442, 0.00526469899341, -0.0024702954106, 0.0041572987102, -0.00218951911665, 0.00354446074925, -0.00169523723889, 0.00364044168964, -0.00221394770779, 0.00313159869984, -0.00270750373602, 0.0020538950339, 0.000152573105879], [0.00062372389948, -0.0024702954106, 0.00234720506705, -0.00288075837307, 0.00147925771307, -0.00184327445459, 0.000825276132673, -0.00131093792152, 0.00107539526653, -0.0012189844856, 0.000269324780675, -2.41685356741e-05, -0.000600703759119], [-0.000749862170778, 0.0041572987102, -0.00288075837307, 0.00660461001098, -0.00283614569344, 0.00283847562969, -0.00070080003934, 0.00207442301326, -0.00281443237327, 0.00266733882017, -0.000207472563488, 5.9936184698e-05, 0.000630251015536], [0.000730747997295, -0.00218951911665, 0.00147925771307, -0.00283614569344, 0.00579732470214, -0.00401829974726, 0.000224777759286, -0.000213664083276, -6.06433277426e-05, -0.000205399119295, -0.000958454736974, 0.00242358748801, -0.00141219445504], [-0.000858874176629, 0.00354446074925, -0.00184327445459, 0.00283847562969, -0.00401829974726, 0.00796132721007, -0.00379489292391, 0.00245382543653, 0.000713463465218, -0.00231337966397, 0.00146555353422, 0.000782727613114, 0.000222859263886], [0.000665853789542, -0.00169523723889, 0.000825276132673, -0.00070080003934, 0.000224777759286, -0.00379489292391, 0.00940877757967, -0.00413313927129, -0.00372396316379, 0.00366794294678, -0.000162213938893, -0.00260006543249, 0.00202394789085], [-0.000680013559759, 0.00364044168964, -0.00131093792152, 0.00207442301326, -0.000213664083276, 0.00245382543653, -0.00413313927129, 0.00712029496208, -0.00279646087438, 0.0012032862287, -0.00211066170596, 0.00118006614503, 0.000996059156023], [0.000562969595194, -0.00221394770779, 0.00107539526653, -0.00281443237327, -6.06433277426e-05, 0.000713463465218, -0.00372396316379, -0.00279646087438, 0.0137533899397, -0.00923941563815, 0.00119818851817, 0.00110843637958, -0.00069690059172], [-0.000182772855624, 0.00313159869984, -0.0012189844856, 0.00266733882017, -0.000205399119295, -0.00231337966397, 0.00366794294678, 0.0012032862287, -0.00923941563815, 0.0167364347726, -0.00721826124936, 0.000496051216032, 0.00163856474683], [-2.41680681938e-05, -0.00270750373602, 0.000269324780675, -0.000207472563488, -0.000958454736974, 0.00146555353422, -0.000162213938893, -0.00211066170596, 0.00119818851817, -0.00721826124936, 0.015337404795, -0.0098155643791, 0.00177378917579], [4.41221782239e-05, 0.0020538950339, -2.41685356741e-05, 5.9936184698e-05, 0.00242358748801, 0.000782727613114, -0.00260006543249, 0.00118006614503, 0.00110843637958, 0.000496051216032, -0.0098155643791, 0.0154157141224, -0.00704342219979], [-0.000115999981062, 0.000152573105879, -0.000600703759119, 0.000630251015536, -0.00141219445504, 0.000222859263886, 0.00202394789085, 0.000996059156023, -0.00069690059172, 0.00163856474683, 0.00177378917579, -0.00704342219979, 0.010742184706]]
    },
    "melbands": {
        "dmean": [0.00193397526164, 0.00197372236289, 0.00133248686325, 0.00088785646949, 0.000534368155058, 0.0005942916614, 0.00017559643311, 5.12190781592e-05, 6.38831043034e-05, 2.53741818597e-05, 3.48228350049e-05, 4.54730507045e-05, 0.000131666602101, 9.00159429875e-05, 1.24246125779e-05, 3.85255725632e-06, 8.82888070919e-06, 7.44112867324e-06, 7.12018982085e-06, 6.36755976302e-06, 4.96287748319e-06, 8.95315224625e-06, 1.14005697469e-05, 5.24156621395e-06, 3.76043158212e-06, 2.63123092736e-06, 2.42997180067e-06, 1.32116167606e-06, 1.00354782262e-06, 1.39729695547e-06, 4.515521141e-06, 5.94818357058e-06, 1.92231755136e-06, 7.59924887461e-07, 5.58436966003e-07, 1.26989164073e-06, 1.47987782384e-06, 6.80346943227e-07, 3.88194479228e-07, 2.27184230539e-07],
        "dmean2": [0.0029291047249, 0.00318143097684, 0.00255372864194, 0.00165288313292, 0.000882764405105, 0.000857106875628, 0.000253350444837, 7.00517703081e-05, 9.28194713197e-05, 3.50184054696e-05, 5.60989792575e-05, 7.95630476205e-05, 0.000244799564825, 0.000165269651916, 2.12443483179e-05, 6.00824023422e-06, 1.52753400471e-05, 1.33659823405e-05, 1.21902976389e-05, 1.06813549792e-05, 8.09020366432e-06, 1.48597064253e-05, 1.84034033737e-05, 8.04604314908e-06, 5.91971502217e-06, 4.10539905715e-06, 3.9009428292e-06, 2.09293034459e-06, 1.65038659361e-06, 2.2677306788e-06, 6.53860843158e-06, 8.18730222818e-06, 2.97839505947e-06, 1.16121657356e-06, 8.49850721352e-07, 1.83854024272e-06, 2.14447914004e-06, 9.51851802711e-07, 5.58443275622e-07, 3.4186481912e-07],
        "dvar": [1.65250276041e-05, 3.71207243006e-05, 2.99753683066e-05, 8.68118058861e-06, 1.10024120659e-06, 1.90617993212e-06, 1.22642262568e-07, 3.4821336925e-08, 7.03235656374e-08, 1.19831415901e-08, 1.3550403466e-08, 4.58418440985e-08, 5.696275025e-07, 2.48864807872e-07, 3.1983959925e-09, 2.75304251618e-10, 1.94628757555e-09, 1.64912261624e-09, 1.26742261131e-09, 9.3222884967e-10, 4.28451468748e-10, 1.59287694146e-09, 2.23501106511e-09, 3.15322573607e-10, 2.47373621587e-10, 8.88314699576e-11, 1.22223176025e-10, 2.48845909157e-11, 1.45948669816e-11, 2.65969000296e-11, 8.71712535488e-10, 1.92662574783e-09, 3.64371970096e-11, 4.86356441232e-12, 2.06668688239e-12, 2.25865229297e-11, 7.81270742545e-11, 1.25330639963e-11, 9.40735770533e-13, 2.86715340055e-13],
        "dvar2": [3.54709591193e-05, 9.75745351752e-05, 8.72433520271e-05, 2.52476711466e-05, 2.90199159281e-06, 3.7207985315e-06, 2.65986557224e-07, 4.5779636082e-08, 1.30463405412e-07, 1.77938588308e-08, 3.54502631694e-08, 1.28255010168e-07, 1.63996196534e-06, 7.15977421351e-07, 8.73579431016e-09, 5.91359627933e-10, 5.24269516688e-09, 4.65141969386e-09, 3.39280470385e-09, 2.41344655372e-09, 1.03273012364e-09, 4.21580370613e-09, 5.43023270794e-09, 6.01242611253e-10, 4.91789831081e-10, 2.03737027249e-10, 2.92694396498e-10, 5.69560440478e-11, 3.73561008515e-11, 6.42116360083e-11, 1.49980983188e-09, 3.34087291165e-09, 8.63795771022e-11, 1.1104320588e-11, 4.55259094312e-12, 4.19806585328e-11, 1.34217748027e-10, 1.58450735172e-11, 1.87361844789e-12, 6.32959938802e-13],
        "max": [0.0350078120828, 0.0456127040088, 0.0409959368408, 0.0235890056938, 0.0114061674103, 0.0213039144874, 0.00624044425786, 0.00740278791636, 0.00662649236619, 0.00333632458933, 0.00110813812353, 0.002015393693, 0.00802670512348, 0.00536699779332, 0.000728333077859, 0.000414248061134, 0.000473159481771, 0.000458478636574, 0.000431461900007, 0.000392840127461, 0.000222100017709, 0.000504013558384, 0.00114485609811, 0.000462434807559, 0.000489251571707, 0.000199038055143, 0.000318727776175, 0.000130603832076, 4.62829702883e-05, 8.39171407279e-05, 0.00101980206091, 0.0016219742829, 0.000154449473484, 2.58468844549e-05, 1.87745245057e-05, 0.000145270299981, 0.000283181958366, 0.000178051603143, 1.14272843348e-05, 1.39313933687e-05],
        "mean": [0.00575375976041, 0.00258593005128, 0.000791665166616, 0.000782672257628, 0.000813943042886, 0.00122295122128, 0.000387718959246, 0.000101365934825, 0.000151230691699, 5.19076311321e-05, 4.02300720452e-05, 3.51202470483e-05, 8.06680691312e-05, 6.09334565524e-05, 1.1695205103e-05, 3.88450052924e-06, 6.36089407635e-06, 4.95540643897e-06, 5.12755650561e-06, 4.97135397381e-06, 4.61385161543e-06, 7.48939964978e-06, 1.09105931188e-05, 6.43733983452e-06, 4.00521093979e-06, 2.74244212051e-06, 2.23135612032e-06, 1.27693795093e-06, 8.39221684146e-07, 1.3981924667e-06, 6.04174965702e-06, 7.93659910414e-06, 2.77178742181e-06, 7.81630149049e-07, 5.64540584946e-07, 1.60973036145e-06, 1.98066686607e-06, 8.26714710911e-07, 4.35708614077e-07, 2.9472957408e-07],
        "median": [0.00508931977674, 0.00105197599623, 1.85725584743e-05, 2.36711548496e-05, 0.000179494454642, 0.000204916941584, 7.2796108725e-05, 8.27373787615e-06, 5.44863223695e-06, 5.83300197832e-06, 5.87508020544e-06, 2.05226501748e-06, 8.07694050309e-07, 1.46284082803e-06, 4.63920457605e-07, 1.96459865265e-07, 1.43873791103e-07, 1.10745077109e-07, 7.97210404357e-08, 1.17602972693e-07, 2.97411361316e-07, 5.89246553773e-07, 8.66273012434e-07, 1.00154431948e-06, 7.86714394962e-07, 4.4961134904e-07, 3.4558098605e-07, 1.90684474433e-07, 8.01461297328e-08, 2.06162724226e-07, 1.1114532299e-06, 1.33760977405e-06, 1.16537546546e-06, 1.03330691559e-07, 7.19454078535e-08, 4.47681856031e-07, 5.63016783417e-07, 1.83704614187e-07, 6.65390160748e-08, 9.56953982723e-08],
        "min": [3.41049855024e-08, 4.33590834348e-08, 2.2363979113e-08, 1.18005507588e-08, 2.41995543604e-08, 1.34113884442e-08, 4.06290023847e-09, 2.98889690775e-10, 7.18686110623e-10, 1.48880385797e-09, 3.47716244686e-10, 7.45800157742e-11, 1.66962291215e-10, 7.93874341265e-11, 6.2996756249e-12, 1.03022894035e-11, 9.35730833096e-12, 1.15750352012e-11, 6.4952253645e-12, 1.59761908564e-11, 1.17089558535e-11, 2.32494787311e-11, 2.41461278055e-11, 2.95307146791e-11, 2.21078901713e-11, 3.53754872617e-11, 4.57072019122e-11, 8.98016296741e-12, 1.33840258754e-12, 2.73609737297e-12, 9.37955659322e-13, 8.53925680167e-11, 5.24424149939e-11, 3.85013635557e-12, 5.39174694475e-12, 4.65683394624e-11, 4.98666420656e-11, 1.14690670155e-11, 1.36295130997e-12, 1.15041288128e-12],
        "var": [2.42049754888e-05, 3.1399056752e-05, 1.63082659128e-05, 5.84382223678e-06, 1.79844892045e-06, 5.34002992936e-06, 4.51640744359e-07, 1.4067381926e-07, 3.02529116425e-07, 4.6693333644e-08, 1.35054873951e-08, 2.89413009114e-08, 3.20487259842e-07, 1.44890648812e-07, 3.00419400467e-09, 3.6920760893e-10, 1.32632338445e-09, 1.01432306998e-09, 8.93634721777e-10, 7.23295423555e-10, 4.08453909584e-10, 1.19776222274e-09, 2.35842456675e-09, 6.10739625539e-10, 3.16167397818e-10, 1.04312704308e-10, 1.15463319461e-10, 2.64593139065e-11, 1.18398745669e-11, 3.18183361603e-11, 1.61997215642e-09, 3.497861778e-09, 4.75697675695e-11, 5.64196649469e-12, 2.44940894824e-12, 3.90135562744e-11, 1.22549317916e-10, 2.72172805127e-11, 1.2631730514e-12, 4.16639053986e-13]
    },
    "mfcc": {
        "mean": [-750.24609375, 106.048377991, 62.7513923645, 45.5873222351, 3.15934348106, 0.363290339708, 0.729830086231, 22.7823219299, 3.19455742836, -8.34667205811, 12.9301624298, 13.1998281479, 3.51870059967],
        "cov": [[7228.61669922, -837.620727539, -1201.08728027, -559.606811523, -481.709960938, -387.338043213, -225.714035034, -73.7133102417, -273.746551514, -196.51713562, -394.1925354, 12.5350446701, -222.911773682], [-837.620727539, 1557.53210449, 388.223022461, -75.9535903931, 88.9022445679, 65.9517364502, -118.077735901, -319.676544189, -246.839859009, -164.467041016, -207.324066162, -256.27557373, -140.374969482], [-1201.08728027, 388.223022461, 1083.52478027, 323.420776367, 143.464355469, 88.6937561035, -12.0003890991, -44.6069488525, -32.5493469238, -15.9826536179, 23.2628231049, -93.8678588867, -10.6760168076], [-559.606811523, -75.9535903931, 323.420776367, 418.056243896, 65.0850219727, -39.0622062683, 5.02900123596, 74.2226867676, 30.807302475, 1.71578609943, 59.6862106323, 40.9882583618, -15.6035356522], [-481.709960938, 88.9022445679, 143.464355469, 65.0850219727, 346.41394043, 268.872924805, 56.2220802307, -64.6221389771, 57.8228187561, 83.4395904541, -31.0351161957, -80.4013290405, -1.0547965765], [-387.338043213, 65.9517364502, 88.6937561035, -39.0622062683, 268.872924805, 446.881378174, 71.3022689819, -88.8533096313, 73.1110610962, 104.309158325, -42.0452308655, -132.059127808, 21.969707489], [-225.714035034, -118.077735901, -12.0003890991, 5.02900123596, 56.2220802307, 71.3022689819, 175.363174438, 127.743682861, 87.5481262207, 50.8120346069, 70.8956069946, 53.579044342, 32.9989814758], [-73.7133102417, -319.676544189, -44.6069488525, 74.2226867676, -64.6221389771, -88.8533096313, 127.743682861, 282.426818848, 139.222686768, 54.375289917, 156.560562134, 142.994476318, 49.8441200256], [-273.746551514, -246.839859009, -32.5493469238, 30.807302475, 57.8228187561, 73.1110610962, 87.5481262207, 139.222686768, 222.673126221, 163.981063843, 133.359329224, 71.774017334, 44.1717910767], [-196.51713562, -164.467041016, -15.9826536179, 1.71578609943, 83.4395904541, 104.309158325, 50.8120346069, 54.375289917, 163.981063843, 242.943084717, 131.904785156, 77.0366516113, 12.5796861649], [-394.1925354, -207.324066162, 23.2628231049, 59.6862106323, -31.0351161957, -42.0452308655, 70.8956069946, 156.560562134, 133.359329224, 131.904785156, 309.776733398, 201.94720459, 106.859832764], [12.5350446701, -256.27557373, -93.8678588867, 40.9882583618, -80.4013290405, -132.059127808, 53.579044342, 142.994476318, 71.774017334, 77.0366516113, 201.94720459, 297.854797363, 131.158050537], [-222.911773682, -140.374969482, -10.6760168076, -15.6035356522, -1.0547965765, 21.969707489, 32.9989814758, 49.8441200256, 44.1717910767, 12.5796861649, 106.859832764, 131.158050537, 224.312942505]],
