{
"lowlevel": {
    "average_loudness": 0.943377971649,
    "barkbands_crest": {
        "dmean": 1.79731810093,
        "dmean2": 2.96322226524,
        "dvar": 2.57775735855,
        "dvar2": 6.75358629227,
        "max": 20.7286567688,
        "mean": 9.85140514374,
        "median": 9.24601554871,
        "min": 3.28611755371,
        "var": 9.91929721832
    },
    "barkbands_flatness_db": {
        "dmean": 0.0176182501018,
        "dmean2": 0.0277363471687,
        "dvar": 0.000243533460889,
        "dvar2": 0.000590366136748,
        "max": 0.34816968441,
        "mean": 0.223846331239,
        "median": 0.223622098565,
        "min": 0.11160453409,
        "var": 0.00130791089032
    },
    "barkbands_kurtosis": {
        "dmean": 1.7848200798,
        "dmean2": 2.93028020859,
        "dvar": 5.20523452759,
        "dvar2": 14.9831800461,
        "max": 40.5851211548,
        "mean": 4.63035535812,
        "median": 3.86398029327,
        "min": -1.50537931919,
        "var": 14.1007556915
    },
    "barkbands_skewness": {
        "dmean": 0.317399024963,
        "dmean2": 0.51469039917,
        "dvar": 0.0955645889044,
        "dvar2": 0.268320292234,
        "max": 5.66412162781,
        "mean": 1.73070502281,
        "median": 1.68743121624,
        "min": 0.109776228666,
        "var": 0.408820986748
    },
    "barkbands_spread": {
        "dmean": 2.01723432541,
        "dmean2": 3.1113960743,
        "dvar": 7.23445653915,
        "dvar2": 12.3799781799,
        "max": 58.755897522,
        "mean": 10.5665216446,
        "median": 8.99196624756,
        "min": 2.60095334053,
        "var": 35.0341835022
    },
    "dissonance": {
        "dmean": 0.0186446961015,
        "dmean2": 0.0314691923559,
        "dvar": 0.000271754310234,
        "dvar2": 0.00076022290159,
        "max": 0.499999940395,
        "mean": 0.460956245661,
        "median": 0.465477198362,
        "min": 0.269277900457,
        "var": 0.000609022565186
    },
    "dynamic_complexity": 1.55317163467,
    "erbbands_crest": {
        "dmean": 1.8409485817,
        "dmean2": 3.02141451836,
        "dvar": 3.02235913277,
        "dvar2": 7.37104320526,
        "max": 27.0874633789,
        "mean": 8.07669067383,
        "median": 7.33039903641,
        "min": 2.70045495033,
        "var": 10.5508460999
    },
    "erbbands_flatness_db": {
        "dmean": 0.0112855629995,
        "dmean2": 0.0162305030972,
        "dvar": 0.000140194126288,
        "dvar2": 0.000224962219363,
        "max": 0.296272605658,
        "mean": 0.211225703359,
        "median": 0.215350180864,
        "min": 0.104897126555,
        "var": 0.000969628337771
    },
    "erbbands_kurtosis": {
        "dmean": 0.634636163712,
        "dmean2": 1.02094566822,
        "dvar": 0.46601447463,
        "dvar2": 1.16669559479,
        "max": 9.17561626434,
        "mean": 0.600159585476,
        "median": 0.424963951111,
        "min": -1.5939013958,
        "var": 1.66824448109
    },
    "erbbands_skewness": {
        "dmean": 0.235768020153,
        "dmean2": 0.371876209974,
        "dvar": 0.0428901873529,
        "dvar2": 0.104619316757,
        "max": 2.23424625397,
        "mean": 0.647156178951,
        "median": 0.686681747437,
        "min": -2.02606081963,
        "var": 0.241891905665
    },
    "erbbands_spread": {
        "dmean": 4.05660104752,
        "dmean2": 6.10827875137,
        "dvar": 23.3699817657,
        "dvar2": 37.3280754089,
        "max": 112.276634216,
        "mean": 27.8575344086,
        "median": 25.2943878174,
        "min": 7.62160634995,
        "var": 174.761444092
    },
    "hfc": {
        "dmean": 2.88188409805,
        "dmean2": 4.28925848007,
        "dvar": 10.9080190659,
        "dvar2": 20.1707725525,
        "max": 61.3438339233,
        "mean": 16.9140529633,
        "median": 15.7738227844,
        "min": 0.00025861884933,
        "var": 66.438583374
    },
    "melbands_crest": {
        "dmean": 2.35951423645,
        "dmean2": 4.03439188004,
        "dvar": 5.27263069153,
        "dvar2": 15.6565856934,
        "max": 28.7867412567,
        "mean": 12.9979991913,
        "median": 12.3094806671,
        "min": 5.7130818367,
        "var": 15.5241556168
    },
    "melbands_flatness_db": {
        "dmean": 0.0179587304592,
        "dmean2": 0.0270209852606,
        "dvar": 0.000318359729135,
        "dvar2": 0.000661844969727,
        "max": 0.426641434431,
        "mean": 0.281418085098,
        "median": 0.280921638012,
        "min": 0.0990184694529,
        "var": 0.00208283937536
    },
    "melbands_kurtosis": {
        "dmean": 3.46435689926,
        "dmean2": 5.59123373032,
        "dvar": 24.6396007538,
        "dvar2": 69.1539306641,
        "max": 111.320724487,
        "mean": 10.2482290268,
        "median": 8.03819274902,
        "min": -0.26775431633,
        "var": 71.8785858154
    },
    "melbands_skewness": {
        "dmean": 0.419655591249,
        "dmean2": 0.678553581238,
        "dvar": 0.177283897996,
        "dvar2": 0.479010134935,
        "max": 8.22409152985,
        "mean": 2.41440582275,
        "median": 2.2904624939,
        "min": 0.239408388734,
        "var": 0.81995254755
    },
    "melbands_spread": {
        "dmean": 2.03995370865,
        "dmean2": 3.21659684181,
        "dvar": 4.96705198288,
        "dvar2": 11.1224279404,
        "max": 58.6561508179,
        "mean": 10.5257492065,
        "median": 9.58384132385,
        "min": 2.08495736122,
        "var": 24.0580768585
    },
    "pitch_salience": {
        "dmean": 0.0565474554896,
        "dmean2": 0.0933270901442,
        "dvar": 0.00242845108733,
        "dvar2": 0.00670784665272,
        "max": 0.847966194153,
        "mean": 0.588748514652,
        "median": 0.595359385014,
        "min": 0.223497599363,
        "var": 0.0090062674135
    },
    "silence_rate_20dB": {
        "dmean": 0,
        "dmean2": 0,
        "dvar": 0,
        "dvar2": 0,
        "max": 1,
        "mean": 1,
        "median": 1,
        "min": 1,
        "var": 0
    },
    "silence_rate_30dB": {
        "dmean": 0.011609907262,
        "dmean2": 0.0232288036495,
        "dvar": 0.0114753302187,
        "dvar2": 0.0288834795356,
        "max": 1,
        "mean": 0.985686659813,
        "median": 1,
        "min": 0,
        "var": 0.0141080785543
    },
    "silence_rate_60dB": {
        "dmean": 0.000773993786424,
        "dmean2": 0.00154858687893,
        "dvar": 0.000773391744588,
        "dvar2": 0.00154617498629,
        "max": 1,
        "mean": 0.0100580267608,
        "median": 0,
        "min": 0,
        "var": 0.00995678734034
    },
    "spectral_centroid": {
        "dmean": 90.3834533691,
        "dmean2": 143.449249268,
        "dvar": 14202.2587891,
        "dvar2": 24506.6738281,
        "max": 2946.05761719,
        "mean": 623.309509277,
        "median": 556.784057617,
        "min": 273.954437256,
        "var": 66243.0234375
    },
    "spectral_complexity": {
        "dmean": 2.26393198967,
        "dmean2": 3.6198220253,
        "dvar": 4.06348705292,
        "dvar2": 9.1384601593,
        "max": 45,
        "mean": 18.5829792023,
        "median": 18,
        "min": 0,
        "var": 29.8207015991
    },
    "spectral_decrease": {
        "dmean": 2.61741894825e-09,
        "dmean2": 4.26897361905e-09,
        "dvar": 8.84716897138e-18,
        "dvar2": 2.36229597686e-17,
        "max": -2.3406713308e-13,
        "mean": -1.27355388457e-08,
        "median": -1.22995666985e-08,
        "min": -3.6533425174e-08,
        "var": 3.04961176292e-17
    },
    "spectral_energy": {
        "dmean": 0.0100679397583,
        "dmean2": 0.0163991712034,
        "dvar": 0.000130042113597,
        "dvar2": 0.000345709355315,
        "max": 0.139720544219,
        "mean": 0.0496010221541,
        "median": 0.0478908531368,
        "min": 9.08684796741e-07,
        "var": 0.00045454321662
    },
    "spectral_energyband_high": {
        "dmean": 7.729686331e-05,
        "dmean2": 9.72328853095e-05,
        "dvar": 9.18553340057e-08,
        "dvar2": 1.33218435394e-07,
        "max": 0.00660663330927,
        "mean": 0.000182612682693,
        "median": 5.20890571352e-05,
        "min": 2.03532732335e-10,
        "var": 2.9405620694e-07
    },
    "spectral_energyband_low": {
        "dmean": 0.00678937369958,
        "dmean2": 0.0112675055861,
        "dvar": 8.24495000415e-05,
        "dvar2": 0.000249833246926,
        "max": 0.123474501073,
        "mean": 0.0228024516255,
        "median": 0.0196379963309,
        "min": 4.93103527788e-07,
        "var": 0.000221462105401
    },
    "spectral_energyband_middle_high": {
        "dmean": 0.000889757298864,
        "dmean2": 0.00130664522294,
        "dvar": 1.10420319288e-06,
        "dvar2": 2.43948920797e-06,
        "max": 0.0227619279176,
        "mean": 0.003935479559,
        "median": 0.00313453446142,
        "min": 6.46239470825e-08,
        "var": 7.82591723691e-06
    },
    "spectral_energyband_middle_low": {
        "dmean": 0.00661213090643,
        "dmean2": 0.010825256817,
        "dvar": 5.89105511608e-05,
        "dvar2": 0.000147929502418,
        "max": 0.0983777567744,
        "mean": 0.025156673044,
        "median": 0.0222843624651,
        "min": 4.32899327052e-07,
        "var": 0.00018437342078
    },
    "spectral_entropy": {
        "dmean": 0.119379818439,
        "dmean2": 0.180417120457,
        "dvar": 0.014309482649,
        "dvar2": 0.0256909187883,
        "max": 8.20152759552,
        "mean": 7.04453706741,
        "median": 7.01235246658,
        "min": 6.12101840973,
        "var": 0.095338627696
    },
    "spectral_flux": {
        "dmean": 0.0192091818899,
        "dmean2": 0.0297439899296,
        "dvar": 0.000430872663856,
        "dvar2": 0.000901545281522,
        "max": 0.259132802486,
        "mean": 0.0818814113736,
        "median": 0.0744060873985,
        "min": 0.00100032391492,
        "var": 0.00118594348896
    },
    "spectral_kurtosis": {
        "dmean": 4.39837598801,
        "dmean2": 7.71386814117,
        "dvar": 17.0584468842,
        "dvar2": 50.0468521118,
        "max": 44.0317153931,
        "mean": 9.07693576813,
        "median": 7.84322071075,
        "min": -0.388425350189,
        "var": 34.8090438843
    },
    "spectral_rms": {
        "dmean": 0.000694494287018,
        "dmean2": 0.0011234349804,
        "dvar": 5.1195826245e-07,
        "dvar2": 1.35087486797e-06,
        "max": 0.0116753038019,
        "mean": 0.00677545787767,
        "median": 0.00683540664613,
        "min": 2.97745154967e-05,
        "var": 2.48438914241e-06
    },
    "spectral_rolloff": {
        "dmean": 110.265335083,
        "dmean2": 186.152954102,
        "dvar": 43293.6132812,
        "dvar2": 85028.984375,
        "max": 5254.1015625,
        "mean": 577.629882812,
        "median": 495.263671875,
        "min": 107.666015625,
        "var": 108466.890625
    },
    "spectral_skewness": {
        "dmean": 0.381760150194,
        "dmean2": 0.649746358395,
        "dvar": 0.100872337818,
        "dvar2": 0.288284063339,
        "max": 5.36251211166,
        "mean": 2.13692927361,
        "median": 2.09161996841,
        "min": 0.376721143723,
        "var": 0.356387406588
    },
    "spectral_spread": {
        "dmean": 303714.5625,
        "dmean2": 435711.5625,
        "dvar": 157124837376,
        "dvar2": 217240633344,
        "max": 10211565,
        "mean": 2807018.75,
        "median": 2540350.75,
        "min": 1350432.125,
        "var": 1.29102328627e+12
    },
    "spectral_strongpeak": {
        "dmean": 0.262853980064,
        "dmean2": 0.452344506979,
        "dvar": 0.15374404192,
        "dvar2": 0.368871003389,
        "max": 3.67808222771,
        "mean": 0.632614135742,
        "median": 0.526855289936,
        "min": 0.000452533597127,
        "var": 0.211183086038
    },
    "zerocrossingrate": {
        "dmean": 0.00391097413376,
        "dmean2": 0.00499491114169,
        "dvar": 2.49995719059e-05,
        "dvar2": 2.99877101497e-05,
        "max": 0.13330078125,
        "mean": 0.026353020221,
        "median": 0.02392578125,
        "min": 0.00439453125,
        "var": 0.000175284352736
    },
    "barkbands": {
        "dmean": [7.54084248911e-05, 0.00410284521058, 0.00316900503822, 0.00239412277006, 0.00413294835016, 0.0015395549126, 0.00167026184499, 0.000865158450324, 0.00070044840686, 0.000548299460206, 0.000201881688554, 0.000310342642479, 0.000152894164785, 0.000125298451167, 7.99877525424e-05, 0.000106152838271, 0.000120949043776, 5.33703787369e-05, 4.24616082455e-05, 2.34254184761e-05, 1.8826140149e-05, 1.76613411895e-05, 1.6101381334e-05, 2.01568163902e-05, 8.49632306199e-06, 8.47592485087e-09, 2.0960309044e-09],
        "dmean2": [0.000124470607261, 0.00665597384796, 0.00520922383294, 0.00425949273631, 0.00680836755782, 0.00244595040567, 0.00268436223269, 0.00136014749296, 0.00102508731652, 0.000817544234451, 0.000305655499687, 0.000462622498162, 0.00025156076299, 0.000199797243113, 0.000129057094455, 0.000171353458427, 0.0001994457416, 8.46543189255e-05, 6.97028226568e-05, 3.64033767255e-05, 2.73323494184e-05, 2.43418944592e-05, 2.16802800423e-05, 2.69910960924e-05, 1.18776060845e-05, 1.28995196746e-08, 3.8932705948e-09],
        "dvar": [3.23552278303e-08, 2.77251037915e-05, 2.62167613982e-05, 1.6080441128e-05, 2.54452606896e-05, 5.78106573812e-06, 4.29866622653e-06, 2.29403121921e-06, 1.1560762232e-06, 6.20406240159e-07, 1.11233333655e-07, 2.22104389991e-07, 5.88485704611e-08, 2.8343109193e-08, 1.37169413605e-08, 3.23791695678e-08, 9.05013095576e-08, 5.89881476998e-09, 1.24783126054e-08, 6.73347511082e-09, 6.51508580418e-09, 8.14234191182e-09, 3.88656840045e-09, 9.38948208073e-09, 1.84993598218e-09, 1.41700152334e-15, 6.58297421635e-18],
        "dvar2": [8.23809074291e-08, 7.89954719949e-05, 7.87961253081e-05, 4.54560322396e-05, 6.67779240757e-05, 1.47820528582e-05, 9.89894942904e-06, 5.33483944309e-06, 2.61702439275e-06, 1.47167259001e-06, 2.22239279424e-07, 5.2105673376e-07, 1.51080570276e-07, 6.4204670025e-08, 3.33783773954e-08, 7.86998199942e-08, 2.81049466366e-07, 1.36722215771e-08, 2.92908701738e-08, 1.56430406406e-08, 1.09424114214e-08, 1.37816202894e-08, 6.37825792182e-09, 1.60981183939e-08, 3.45968054205e-09, 3.08489441742e-15, 2.03719116594e-17],
        "max": [0.00222362345085, 0.0659769400954, 0.0820110216737, 0.048338368535, 0.0705134868622, 0.0364772751927, 0.0399725213647, 0.0321732349694, 0.015283556655, 0.0143848303705, 0.00776830874383, 0.0159893427044, 0.00580229610205, 0.00358773721382, 0.0025319212582, 0.00398457609117, 0.0075001930818, 0.00135894585401, 0.00286509189755, 0.00175581988879, 0.00189712282736, 0.00284138158895, 0.00224297167733, 0.00265125744045, 0.00112281215843, 9.26162101678e-07, 2.37472814746e-08],
        "mean": [8.79429207998e-05, 0.0139636835083, 0.0063782366924, 0.00389214628376, 0.00939152017236, 0.00375911337323, 0.00422300910577, 0.002029820811, 0.00168036436662, 0.00122258986812, 0.000480572227389, 0.000757003086619, 0.000315596233122, 0.000263511872618, 0.000176880916115, 0.000254472368397, 0.000307539274218, 0.000122444427689, 9.17684228625e-05, 4.59001894342e-05, 3.54601506842e-05, 2.95019581245e-05, 3.06734691549e-05, 4.45477780886e-05, 1.67509351741e-05, 1.33927837709e-08, 1.65715929867e-09],
        "median": [1.5324098058e-05, 0.0111715402454, 0.00393824558705, 0.00262511381879, 0.00710817286745, 0.00282967742532, 0.00286169722676, 0.00118726375513, 0.00103505095467, 0.000820511195343, 0.000301647814922, 0.000378670141799, 0.000194811276742, 0.000183485477464, 0.000112145979074, 0.000131363922264, 0.000119102463941, 7.83235300332e-05, 5.58075516892e-05, 2.44860002567e-05, 1.17285526358e-05, 6.79075856169e-06, 9.67495452642e-06, 4.36955315308e-06, 1.00372312772e-06, 2.00598671007e-09, 7.08052005916e-10],
        "min": [1.92658466958e-09, 1.79842402304e-07, 1.07781168879e-07, 3.23154765169e-08, 1.04984081872e-07, 6.17576887407e-08, 6.53288054764e-08, 8.63485283276e-09, 6.12447514925e-09, 5.07004074279e-08, 9.19079745643e-09, 2.72358047226e-09, 1.18615817168e-09, 8.38178637608e-10, 5.4108206804e-10, 1.444036557e-09, 6.43728903515e-10, 5.15086917563e-10, 1.5846203516e-10, 8.89413681593e-11, 4.97155754065e-11, 1.82331857945e-11, 1.97058099005e-11, 1.88396763467e-11, 1.02845778768e-11, 6.2517647309e-12, 7.95309217788e-12],
        "var": [3.40204948657e-08, 0.000124365556985, 5.78774306632e-05, 1.77627916855e-05, 6.42494633212e-05, 1.2191132555e-05, 1.84984000953e-05, 6.82330664858e-06, 3.4680333556e-06, 1.8766335188e-06, 4.30614335301e-07, 1.3939281871e-06, 1.39612197358e-07, 7.51556044065e-08, 3.97818489262e-08, 1.13132941237e-07, 3.24796616269e-07, 1.73433178929e-08, 2.59414267845e-08, 1.06647535247e-08, 1.37063134176e-08, 1.51337875565e-08, 8.07226374633e-09, 4.48079617854e-08, 7.20215798111e-09, 3.8927016924e-15, 5.58253566141e-18]
    },
    "erbbands": {
        "dmean": [0.0718541666865, 1.09721302986, 3.62003970146, 5.66062068939, 8.49019622803, 18.4864845276, 16.5663833618, 12.8320884705, 21.7458457947, 23.5819759369, 17.0375938416, 14.7053718567, 14.6670827866, 13.9049654007, 9.13806056976, 9.74808979034, 6.46002197266, 6.04096031189, 5.46059703827, 4.11878871918, 7.37818908691, 5.17739295959, 3.02920746803, 2.75685954094, 1.47660315037, 1.1172337532, 0.798537611961, 0.79984664917, 0.650930225849, 0.413720339537, 0.499428898096, 0.439314723015, 0.357796788216, 0.166733130813, 0.0126214046031, 0.000543892208952, 2.87436760118e-05, 4.30766158388e-06, 4.96460461363e-06, 1.10835353553e-05],
        "dmean2": [0.119176670909, 1.78274154663, 6.01380491257, 9.9916229248, 14.1107378006, 30.9809913635, 27.2910442352, 20.7072219849, 37.5982551575, 34.6977882385, 26.1287536621, 22.0198898315, 21.9033374786, 20.8592681885, 13.4822292328, 14.5442390442, 10.4625911713, 9.87106895447, 8.58500289917, 6.68462657928, 11.925567627, 8.58709526062, 4.79645490646, 4.55940294266, 2.2906627655, 1.72383654118, 1.15677642822, 1.13842463493, 0.903685152531, 0.548044383526, 0.684958159924, 0.602541863918, 0.495674878359, 0.218744382262, 0.0166401304305, 0.000717100221664, 3.8655987737e-05, 6.00261228101e-06, 7.78358298703e-06, 1.79672388185e-05],
        "dvar": [0.0126434201375, 2.05970406532, 37.327457428, 73.0374908447, 148.039901733, 566.053161621, 538.608764648, 471.762481689, 764.075073242, 1545.31066895, 879.626159668, 570.474487305, 485.360046387, 348.840209961, 167.61265564, 295.349182129, 127.051696777, 56.6137046814, 66.9522247314, 33.873664856, 192.894775391, 112.587547302, 23.6578178406, 24.6382293701, 23.4978179932, 15.2066392899, 8.69468975067, 16.9139976501, 12.2250452042, 1.43068933487, 4.85521125793, 3.83006024361, 3.41979646683, 0.661545813084, 0.00370438140817, 6.79370396028e-06, 1.42572531558e-08, 2.10205838846e-10, 3.19501820834e-11, 1.54267598695e-10],
        "dvar2": [0.0351805239916, 5.99697065353, 116.08681488, 213.40045166, 406.775360107, 1572.45117188, 1399.45861816, 1263.40966797, 2226.29785156, 2710.06860352, 2167.08398438, 1351.03210449, 1110.68786621, 762.707824707, 342.57522583, 734.34362793, 318.295440674, 146.723205566, 151.539169312, 82.438835144, 521.453125, 321.77722168, 59.2518920898, 59.586139679, 52.8671379089, 34.6150054932, 15.4436445236, 27.921705246, 19.7777576447, 2.01592683792, 8.90919113159, 7.32456302643, 6.06207561493, 1.05962991714, 0.0059597576037, 1.0490333807e-05, 1.98379623839e-08, 2.81209722175e-10, 7.48449635601e-11, 4.08428790788e-10],
        "max": [1.49589252472, 17.4002571106, 98.7546005249, 105.363441467, 168.697631836, 305.151672363, 281.798828125, 281.842254639, 526.786743164, 861.016967773, 667.513183594, 411.628753662, 338.439239502, 386.535095215, 295.762054443, 805.137573242, 293.715270996, 112.333465576, 158.938034058, 102.587120056, 256.677368164, 287.203094482, 100.096496582, 109.465499878, 146.909683228, 96.4825973511, 74.6198043823, 103.84589386, 104.625671387, 33.1427955627, 83.0758514404, 57.4881286621, 48.1285095215, 19.0424098969, 1.88651335239, 0.0794354379177, 0.00311788939871, 0.000369620131096, 9.98454779619e-05, 0.000151993663167],
        "mean": [0.231368690729, 3.69018411636, 8.28783893585, 11.1319522858, 17.0648765564, 36.647354126, 34.2983779907, 32.6811943054, 47.9638404846, 65.4845504761, 42.2396736145, 36.3412818909, 38.2116088867, 33.3704185486, 24.0483703613, 28.7716388702, 15.1546525955, 13.5721349716, 11.9196367264, 9.8348903656, 17.3218288422, 14.3670167923, 7.99606657028, 6.3299536705, 3.27095842361, 2.23421001434, 1.56466770172, 1.46021151543, 1.1018140316, 0.813220441341, 0.896693944931, 0.844283998013, 0.772393286228, 0.350519627333, 0.0250016562641, 0.00113117566798, 7.49940300011e-05, 1.10240316644e-05, 2.50660050369e-05, 5.5684504332e-05],
        "median": [0.181453838944, 2.88183546066, 5.5374341011, 7.68287658691, 13.1105155945, 25.1145782471, 24.4454021454, 23.8870010376, 33.0586471558, 40.0495948792, 27.4522705078, 24.2443637848, 24.3037624359, 25.2635002136, 17.0670871735, 13.143746376, 9.68640327454, 9.52126693726, 7.84686326981, 6.0468993187, 7.88592338562, 6.68318891525, 4.51640892029, 4.2812128067, 1.81434702873, 1.23949360847, 0.653876423836, 0.435354679823, 0.23321659863, 0.265385389328, 0.260680675507, 0.121481180191, 0.0561937317252, 0.0222694221884, 0.00147539342288, 9.8388758488e-05, 2.25348976528e-05, 4.20548940383e-06, 2.34697035921e-05, 5.42198795301e-05],
        "min": [5.08243329023e-06, 4.20568940172e-05, 0.000146881982801, 0.00011713054846, 8.5914391093e-05, 0.000337055447744, 0.000220603629714, 0.000394623901229, 0.00123491580598, 0.000398119649617, 0.000180459988769, 0.000147306418512, 0.0010579630034, 0.000944439845625, 0.000287014583591, 6.65645275149e-05, 6.33108065813e-05, 2.97500373563e-05, 4.79843802168e-05, 4.61448180431e-05, 7.65548029449e-05, 3.48438406945e-05, 2.65676480922e-05, 1.6401099856e-05, 5.84873350817e-06, 4.18480431108e-06, 3.8186758502e-06, 1.12795646601e-06, 6.95429434927e-07, 5.57123371436e-07, 5.41556346434e-07, 3.14432952564e-07, 3.73040251134e-07, 1.70686760725e-07, 4.91287899251e-08, 1.79008452506e-08, 1.19455032532e-08, 4.68655381169e-09, 1.51218404465e-09, 1.11684061999e-09],
        "var": [0.0373327210546, 9.13252830505, 74.1634292603, 110.111572266, 228.868789673, 1271.27722168, 1082.03759766, 1004.02349854, 2148.79370117, 7241.76074219, 2305.61669922, 1446.11352539, 1752.24182129, 1002.85418701, 603.494567871, 3088.91357422, 318.129760742, 161.04309082, 172.757675171, 122.597511292, 658.139343262, 477.692657471, 96.8750991821, 60.5174026489, 47.1815719604, 24.9033813477, 17.3183765411, 33.8750953674, 24.1934986115, 3.8588988781, 8.68883132935, 12.3027067184, 15.7234830856, 3.05285167694, 0.0155607257038, 2.978647899e-05, 7.43035286632e-08, 1.17136222944e-09, 1.4790824121e-10, 5.55773205235e-10]
    },
    "gfcc": {
        "mean": [-23.0849590302, 185.96774292, -130.661254883, 40.4540672302, -59.6620407104, 7.79970550537, -27.6357898712, -3.42743635178, 0.739028155804, -25.0356674194, 10.0571079254, -17.8590393066, 5.03248691559],
        "cov": [[2015.99145508, -597.06451416, 36.6159591675, 190.085296631, -276.327087402, 225.505203247, -243.729873657, 124.517402649, -87.891494751, 73.6063156128, -30.7847576141, -22.7544288635, 53.086063385], [-597.06451416, 629.843383789, -116.351417542, -210.879577637, 291.257598877, -216.983535767, 170.737976074, -91.1704177856, 113.884918213, -80.945930481, 53.2460403442, 9.71280384064, -35.7854995728], [36.6159591675, -116.351417542, 280.278686523, 26.441493988, -102.914810181, 108.285301208, -16.2327976227, 44.5919380188, -49.9688034058, 39.7180519104, -8.3903169632, -20.3906593323, 6.27901649475], [190.085296631, -210.879577637, 26.441493988, 183.536529541, -66.4159622192, 41.4702453613, -35.6361541748, 1.48970592022, -12.0604095459, 8.94420146942, -14.1775693893, 4.55750751495, 7.51104831696], [-276.327087402, 291.257598877, -102.914810181, -66.4159622192, 232.595825195, -109.577049255, 76.2931900024, -31.6863155365, 65.518119812, -34.6190071106, 20.0630168915, 18.1985321045, -8.84559440613], [225.505203247, -216.983535767, 108.285301208, 41.4702453613, -109.577049255, 175.355514526, -28.652141571, 44.7141609192, -52.2703666687, 42.5933036804, -3.1239130497, -9.31542110443, 11.2800455093], [-243.729873657, 170.737976074, -16.2327976227, -35.6361541748, 76.2931900024, -28.652141571, 142.324996948, -23.6341342926, 32.2818069458, -10.7717313766, 20.6990814209, 7.79070281982, -27.6768093109], [124.517402649, -91.1704177856, 44.5919380188, 1.48970592022, -31.6863155365, 44.7141609192, -23.6341342926, 82.3014221191, -2.12656497955, 29.128282547, -13.3515853882, -9.83435821533, 17.4915599823], [-87.891494751, 113.884918213, -49.9688034058, -12.0604095459, 65.518119812, -52.2703666687, 32.2818069458, -2.12656497955, 82.9245758057, -2.94823265076, 8.51427936554, 5.04040765762, -5.04914093018], [73.6063156128, -80.945930481, 39.7180519104, 8.94420146942, -34.6190071106, 42.5933036804, -10.7717313766, 29.128282547, -2.94823265076, 63.7236289978, 9.59341049194, 1.36701846123, 6.37012624741], [-30.7847576141, 53.2460403442, -8.3903169632, -14.1775693893, 20.0630168915, -3.1239130497, 20.6990814209, -13.3515853882, 8.51427936554, 9.59341049194, 52.9875907898, 19.9808654785, -7.71748113632], [-22.7544288635, 9.71280384064, -20.3906593323, 4.55750751495, 18.1985321045, -9.31542110443, 7.79070281982, -9.83435821533, 5.04040765762, 1.36701846123, 19.9808654785, 40.5877723694, 9.54848766327], [53.086063385, -35.7854995728, 6.27901649475, 7.51104831696, -8.84559440613, 11.2800455093, -27.6768093109, 17.4915599823, -5.04914093018, 6.37012624741, -7.71748113632, 9.54848766327, 38.054901123]],
        "icov": [[0.000821247347631, -0.000663283222821, 0.000696535629686, -0.000968627631664, 0.000659072247799, -0.000989243388176, 0.00124306988437, -0.00112788646948, 0.000414429814555, -0.000350740767317, -2.1169480533e-05, -5.62660425203e-05, 0.000299333245493], [-0.000663283222821, 0.0435889177024, -0.011934784241, 0.0308508910239, -0.0222580246627, 0.0213660467416, -0.0211098156869, 0.0223511680961, -0.0223731119186, 0.0231982860714, -0.0260244645178, 0.0229496657848, -0.0172262955457], [0.000696535629686, -0.011934784241, 0.00887102354318, -0.00890948809683, 0.00726042175665, -0.00786468572915, 0.00528320251033, -0.00781096145511, 0.00780506618321, -0.0075199585408, 0.00645462796092, -0.00414384668693, 0.00419466337189], [-0.000968627631664, 0.0308508910239, -0.00890948809683, 0.0287992581725, -0.0144240139052, 0.0141882179305, -0.0144362505525, 0.0178214367479, -0.0174838602543, 0.0163483917713, -0.0156955104321, 0.0132700400427, -0.0116699766368], [0.000659072247799, -0.0222580246627, 0.00726042175665, -0.0144240139052, 0.0201037637889, -0.00850604474545, 0.00820350181311, -0.0119034033269, 0.00840494781733, -0.00991485174745, 0.0119228800759, -0.0126399062574, 0.00679508969188], [-0.000989243388176, 0.0213660467416, -0.00786468572915, 0.0141882179305, -0.00850604474545, 0.0225013568997, -0.0125698270276, 0.00815282482654, -0.00661920802668, 0.00826058257371, -0.0143961803988, 0.0120862647891, -0.00978013221174], [0.00124306988437, -0.0211098156869, 0.00528320251033, -0.0144362505525, 0.00820350181311, -0.0125698270276, 0.0221757199615, -0.0105208596215, 0.0082700252533, -0.0107581894845, 0.0117203537375, -0.0134593509138, 0.0156413782388], [-0.00112788646948, 0.0223511680961, -0.00781096145511, 0.0178214367479, -0.0119034033269, 0.00815282482654, -0.0105208596215, 0.0316752232611, -0.0152761172503, 0.0057595516555, -0.00891320966184, 0.0147405266762, -0.0155285438523], [0.000414429814555, -0.0223731119186, 0.00780506618321, -0.0174838602543, 0.00840494781733, -0.00661920802668, 0.0082700252533, -0.0152761172503, 0.0304025299847, -0.0149525171146, 0.0115953292698, -0.0101899420843, 0.00894299056381], [-0.000350740767317, 0.0231982860714, -0.0075199585408, 0.0163483917713, -0.00991485174745, 0.00826058257371, -0.0107581894845, 0.0057595516555, -0.0149525171146, 0.0356860198081, -0.0202030651271, 0.0113485641778, -0.00980879087001], [-2.1169480533e-05, -0.0260244645178, 0.00645462796092, -0.0156955104321, 0.0119228800759, -0.0143961803988, 0.0117203537375, -0.00891320966184, 0.0115953292698, -0.0202030651271, 0.0451831370592, -0.0292326901108, 0.0186677481979], [-5.62660425203e-05, 0.0229496657848, -0.00414384668693, 0.0132700400427, -0.0126399062574, 0.0120862647891, -0.0134593509138, 0.0147405266762, -0.0101899420843, 0.0113485641778, -0.0292326901108, 0.0513973608613, -0.0254369415343], [0.000299333245493, -0.0172262955457, 0.00419466337189, -0.0116699766368, 0.00679508969188, -0.00978013221174, 0.0156413782388, -0.0155285438523, 0.00894299056381, -0.00980879087001, 0.0186677481979, -0.0254369415343, 0.0472609847784]]
    },
    "melbands": {
        "dmean": [0.0008834018372, 0.0017072224291, 0.000972508627456, 0.000954406626988, 0.000627105822787, 0.000279558968032, 0.000324983237078, 0.000243763439357, 0.000127826526295, 9.22588660615e-05, 7.74991713115e-05, 6.42984959995e-05, 3.09518545691e-05, 3.94738235627e-05, 1.65938363352e-05, 1.44822506627e-05, 1.12581983558e-05, 1.04530308818e-05, 4.93959805681e-06, 6.30734984952e-06, 1.00985180325e-05, 6.3661736931e-06, 5.03504634253e-06, 2.77201866083e-06, 2.4043843041e-06, 1.51835172346e-06, 8.47704768603e-07, 7.88771274074e-07, 5.72654698772e-07, 4.71756550269e-07, 5.00916087276e-07, 4.4778792585e-07, 2.44224906965e-07, 2.48769424616e-07, 3.12907957323e-07, 2.98167549317e-07, 2.76253814491e-07, 2.81594452645e-07, 2.44450831133e-07, 1.15272769108e-07],
        "dmean2": [0.00142822379712, 0.00282116513699, 0.0017084965948, 0.00158628122881, 0.00103490427136, 0.000448069360573, 0.000549306278117, 0.0003632864682, 0.000195405780687, 0.000136214192025, 0.000115485185233, 9.64253340499e-05, 4.62425487058e-05, 5.84657136642e-05, 2.69674219453e-05, 2.32461625274e-05, 1.84231994353e-05, 1.65033161466e-05, 8.11260633782e-06, 1.01144796645e-05, 1.63803069881e-05, 1.07574915091e-05, 8.40502252686e-06, 4.39581208411e-06, 4.02127761845e-06, 2.43660633714e-06, 1.35294453685e-06, 1.23544793951e-06, 8.64519563493e-07, 7.12707105777e-07, 7.15885335012e-07, 6.39483005216e-07, 3.3245359532e-07, 3.44196934066e-07, 4.34766747048e-07, 4.28404149488e-07, 3.87240447708e-07, 4.05876363629e-07, 3.25429567738e-07, 1.58879814194e-07],
        "dvar": [1.35336870244e-06, 6.9372949838e-06, 2.25245116781e-06, 1.40247345826e-06, 7.02900365468e-07, 2.16729461044e-07, 1.55105198019e-07, 1.51239930801e-07, 4.24382022857e-08, 2.08643484712e-08, 1.36056925726e-08, 7.77899877846e-09, 2.35358754708e-09, 3.64892360771e-09, 7.04337699275e-10, 4.69877969866e-10, 1.96450924972e-10, 2.48184778284e-10, 5.18316570219e-11, 1.05169165043e-10, 4.26077201299e-10, 2.15663639724e-10, 1.00810727821e-10, 2.15509537299e-11, 1.9679521901e-11, 2.0621523586e-11, 9.23006896608e-12, 7.10262621287e-12, 4.26583768309e-12, 3.34503150005e-12, 7.78757700687e-12, 6.86488626361e-12, 7.77253207542e-13, 4.41161647144e-13, 2.11425278326e-12, 1.14122036474e-12, 2.06859377717e-12, 2.23291914472e-12, 1.45244135729e-12, 3.38794096943e-13],
        "dvar2": [3.71891883333e-06, 2.17692486331e-05, 6.46664830128e-06, 3.75351669391e-06, 1.82005055649e-06, 5.71711439079e-07, 4.36520991798e-07, 2.80579314449e-07, 1.05164659203e-07, 4.77321364656e-08, 3.11585139912e-08, 1.68109064447e-08, 4.5695487394e-09, 8.56799253768e-09, 1.76223291515e-09, 1.13611198227e-09, 4.98994512377e-10, 5.52798862241e-10, 1.34804153951e-10, 2.51382387129e-10, 1.20735699216e-09, 6.65367705377e-10, 2.84680834461e-10, 5.14036764543e-11, 4.91673785019e-11, 4.87506354729e-11, 2.21175387033e-11, 1.64927394658e-11, 8.57234422336e-12, 5.85867812597e-12, 1.27475434722e-11, 1.22181023979e-11, 1.29019473057e-12, 6.58888742178e-13, 3.92700715696e-12, 2.299053092e-12, 4.36109785437e-12, 4.48326141836e-12, 2.51841754915e-12, 5.42370944163e-13],
        "max": [0.015435709618, 0.0399515256286, 0.0185367260128, 0.0167997088283, 0.010724038817, 0.00609845668077, 0.00679879356176, 0.00771557120606, 0.00440147565678, 0.00234917062335, 0.00179293449037, 0.00187230447773, 0.00115089560859, 0.00184054090641, 0.000851020100527, 0.000394695845898, 0.00020304620557, 0.000359818019206, 0.000131658307509, 0.000236489722738, 0.000374425202608, 0.000348966626916, 0.000203660398256, 9.90324115264e-05, 0.000103433056211, 0.000125487975311, 6.38346173218e-05, 7.08073930582e-05, 4.96759384987e-05, 4.57115565951e-05, 7.60369075579e-05, 7.9265635577e-05, 2.27773853112e-05, 2.00023878278e-05, 5.63976500416e-05, 2.89494037133e-05, 4.39108298451e-05, 3.7178000639e-05, 3.84298073186e-05, 1.37985753099e-05],
        "mean": [0.00311153195798, 0.00476282089949, 0.00197245250456, 0.0020377652254, 0.00133204797748, 0.000711391621735, 0.000768356723711, 0.000672215770464, 0.0003134899016, 0.000224007977522, 0.000196460430743, 0.00014651856327, 7.71327249822e-05, 9.27956280066e-05, 4.21821714554e-05, 3.12478478008e-05, 2.40557455982e-05, 2.04984080483e-05, 1.12867610369e-05, 1.4188321984e-05, 2.24375417019e-05, 1.56907317432e-05, 1.10007385956e-05, 5.83333212489e-06, 5.06058040628e-06, 3.10526297653e-06, 1.54299721089e-06, 1.48133494804e-06, 1.02779881672e-06, 8.58889563915e-07, 8.48298043366e-07, 6.95799315054e-07, 4.19258128659e-07, 4.77221647088e-07, 5.38915855941e-07, 4.80759808852e-07, 5.26796952727e-07, 5.59954401069e-07, 4.80687845084e-07, 2.32139854006e-07],
        "median": [0.00251696025953, 0.00368430069648, 0.00150466384366, 0.00144145742524, 0.000982202705927, 0.000524591072462, 0.000545287039131, 0.000414698588429, 0.000204891330213, 0.000140560310683, 0.000121562661661, 0.000106732375571, 5.02241346112e-05, 4.63105243398e-05, 2.25081712415e-05, 2.02328228625e-05, 1.65567435033e-05, 1.29168583953e-05, 7.23463244867e-06, 7.4906838563e-06, 9.26547090785e-06, 6.77615980749e-06, 5.46370665688e-06, 3.41550094163e-06, 3.39455618814e-06, 1.80029724106e-06, 7.32485148092e-07, 8.18445130335e-07, 4.4159989443e-07, 3.24783940187e-07, 2.15905245682e-07, 1.41488868621e-07, 9.61043085113e-08, 1.79327358296e-07, 1.76085819703e-07, 8.75828050084e-08, 6.67182078473e-08, 4.0979671212e-08, 3.00291063127e-08, 1.30472690429e-08],
        "min": [4.79830966071e-08, 8.54603641187e-08, 1.95489295862e-08, 1.65137699071e-08, 7.41225125722e-09, 1.0282148466e-08, 1.73186425201e-08, 3.89951360091e-09, 1.21584475821e-09, 8.40035208061e-10, 5.76184566725e-09, 4.35604929905e-09, 1.14378395644e-09, 3.55793589035e-10, 6.78104794538e-11, 1.26266386236e-10, 4.70368188843e-11, 8.87147438844e-11, 4.07893614718e-11, 7.81519016169e-11, 9.5111411802e-11, 3.1174538645e-11, 4.47561085415e-11, 1.15239345844e-11, 1.39410019986e-11, 3.93859424241e-12, 2.52571227821e-12, 3.17049424908e-12, 2.99706960638e-12, 1.2770346846e-12, 4.2510225483e-13, 3.66948469223e-13, 3.74444371993e-13, 3.13546443583e-13, 3.67902783975e-13, 2.12198964997e-13, 1.76943610588e-13, 3.38857387245e-13, 1.19685064268e-13, 1.52130695194e-13],
        "var": [5.85351926929e-06, 1.54680328706e-05, 2.83734084405e-06, 3.62142145605e-06, 1.47824903252e-06, 4.57984810964e-07, 5.06270225742e-07, 6.64505080294e-07, 1.12920453432e-07, 5.94706435209e-08, 4.96208940604e-08, 2.18236557714e-08, 9.43081612803e-09, 1.96060891966e-08, 4.10256051353e-09, 1.32919253382e-09, 5.55692492021e-10, 5.78960379638e-10, 1.54708940103e-10, 3.89430515613e-10, 1.3366858731e-09, 6.68591959574e-10, 2.9645291777e-10, 5.09023517781e-11, 4.2624952179e-11, 4.00758558283e-11, 1.50525061166e-11, 1.07229537749e-11, 7.32531656861e-12, 6.76279301656e-12, 1.48632078867e-11, 1.20144710153e-11, 1.75748879425e-12, 1.15521405376e-12, 3.45129502234e-12, 2.63111581134e-12, 6.04270713328e-12, 8.74343045881e-12, 6.22467919223e-12, 1.40688383252e-12]
    },
    "mfcc": {
        "mean": [-648.793640137, 187.444061279, 2.61258983612, 25.3866424561, 5.35306167603, 1.10439825058, -3.88356232643, 12.2346410751, -4.93674755096, 3.99968504906, -3.70517230034, 4.71861600876, -1.73449194431],
        "cov": [[1986.77050781, -680.399658203, 167.330352783, -92.6449050903, 50.7927627563, -35.9657554626, -45.9163970947, -58.968006134, 21.0372371674, -36.4929199219, 2.86237955093, 3.27374053001, -16.5512809753], [-680.399658203, 886.635253906, -364.14239502, 51.4593238831, 7.44328737259, -25.3249187469, -6.13941240311, 68.9967575073, -32.784740448, 35.9088897705, 1.76748740673, 29.4087619781, 18.0491638184], [167.330352783, -364.14239502, 453.087463379, -93.063911438, -33.4532470703, 25.2865715027, 60.5643730164, -39.7092857361, 15.9293727875, -3.81141734123, 32.0073814392, -31.4945583344, -14.7215423584], [-92.6449050903, 51.4593238831, -93.063911438, 155.743545532, 6.27720499039, 10.5795469284, -32.5412368774, 20.1625423431, -7.02255773544, 9.59367847443, -18.9187335968, 5.89865875244, 2.74960184097], [50.7927627563, 7.44328737259, -33.4532470703, 6.27720499039, 97.4288253784, -18.5510101318, -18.2039718628, -6.23701763153, 13.4410800934, -1.42873263359, -11.3638734818, -0.564965903759, 4.76864337921], [-35.9657554626, -25.3249187469, 25.2865715027, 10.5795469284, -18.5510101318, 83.7150650024, 26.051317215, 12.3879985809, -14.5546894073, 2.2480866909, 5.33655929565, 9.98489093781, 0.0965850204229], [-45.9163970947, -6.13941240311, 60.5643730164, -32.5412368774, -18.2039718628, 26.051317215, 86.3747558594, 7.82606983185, -2.31935095787, -1.86304318905, 20.8226184845, 0.372469455004, -0.727749705315], [-58.968006134, 68.9967575073, -39.7092857361, 20.1625423431, -6.23701763153, 12.3879985809, 7.82606983185, 57.0340080261, 1.3330783844, 7.48533201218, -3.8628115654, 6.95986127853, 1.80895423889], [21.0372371674, -32.784740448, 15.9293727875, -7.02255773544, 13.4410800934, -14.5546894073, -2.31935095787, 1.3330783844, 67.9883956909, 18.8655796051, 4.71493959427, -10.3297863007, -2.36727428436], [-36.4929199219, 35.9088897705, -3.81141734123, 9.59367847443, -1.42873263359, 2.2480866909, -1.86304318905, 7.48533201218, 18.8655796051, 50.9181251526, 15.9630098343, -2.25720715523, -2.71756362915], [2.86237955093, 1.76748740673, 32.0073814392, -18.9187335968, -11.3638734818, 5.33655929565, 20.8226184845, -3.8628115654, 4.71493959427, 15.9630098343, 49.6166954041, 8.91684532166, 0.0920127108693], [3.27374053001, 29.4087619781, -31.4945583344, 5.89865875244, -0.564965903759, 9.98489093781, 0.372469455004, 6.95986127853, -10.3297863007, -2.25720715523, 8.91684532166, 49.4406242371, 20.842634201], [-16.5512809753, 18.0491638184, -14.7215423584, 2.74960184097, 4.76864337921, 0.0965850204229, -0.727749705315, 1.80895423889, -2.36727428436, -2.71756362915, 0.0920127108693, 20.842634201, 43.1697387695]],
