{
"lowlevel": {
    "average_loudness": 0.685385465622,
    "barkbands_crest": {
        "dmean": 3.16644001007,
        "dmean2": 5.0330119133,
        "dvar": 12.7143592834,
        "dvar2": 26.0035076141,
        "max": 26.8989982605,
        "mean": 15.6957778931,
        "median": 15.1017818451,
        "min": 2.4941637516,
        "var": 45.7531585693
    },
    "barkbands_flatness_db": {
        "dmean": 0.0576053224504,
        "dmean2": 0.0766154900193,
        "dvar": 0.00423500081524,
        "dvar2": 0.00689439382404,
        "max": 0.898499190807,
        "mean": 0.307187378407,
        "median": 0.28828266263,
        "min": 0.0148422503844,
        "var": 0.0305995028466
    },
    "barkbands_kurtosis": {
        "dmean": 124.164680481,
        "dmean2": 198.420883179,
        "dvar": 378146.53125,
        "dvar2": 1001493.25,
        "max": 11276.8193359,
        "mean": 134.42010498,
        "median": 4.12251806259,
        "min": -1.97635006905,
        "var": 488062.59375
    },
    "barkbands_skewness": {
        "dmean": 2.74744653702,
        "dmean2": 4.19640254974,
        "dvar": 24.7269649506,
        "dvar2": 59.014175415,
        "max": 75.4934158325,
        "mean": 3.76402688026,
        "median": 1.54499828815,
        "min": -9.11531734467,
        "var": 52.4446678162
    },
    "barkbands_spread": {
        "dmean": 9.42080116272,
        "dmean2": 14.916639328,
        "dvar": 271.35458374,
        "dvar2": 587.032409668,
        "max": 119.413253784,
        "mean": 18.3351974487,
        "median": 9.48417282104,
        "min": 0.00475102150813,
        "var": 560.97442627
    },
    "dissonance": {
        "dmean": 0.0276623610407,
        "dmean2": 0.0450613573194,
        "dvar": 0.000991817214526,
        "dvar2": 0.00257979915477,
        "max": 0.499995142221,
        "mean": 0.454996407032,
        "median": 0.469639211893,
        "min": 0.176603347063,
        "var": 0.00209813611582
    },
    "dynamic_complexity": 14.5491943359,
    "erbbands_crest": {
        "dmean": 3.20903873444,
        "dmean2": 5.0376830101,
        "dvar": 11.9298238754,
        "dvar2": 23.3454113007,
        "max": 32.1571540833,
        "mean": 12.6556167603,
        "median": 10.1681003571,
        "min": 2.54187321663,
        "var": 52.4072875977
    },
    "erbbands_flatness_db": {
        "dmean": 0.0422688610852,
        "dmean2": 0.0582559220493,
        "dvar": 0.00216687144712,
        "dvar2": 0.00390094914474,
        "max": 0.588197648525,
        "mean": 0.249260887504,
        "median": 0.238694503903,
        "min": 0.0617545843124,
        "var": 0.0121164862067
    },
    "erbbands_kurtosis": {
        "dmean": 15.9863214493,
        "dmean2": 24.2340927124,
        "dvar": 2582.25097656,
        "dvar2": 4997.33935547,
        "max": 559.616943359,
        "mean": 24.8118247986,
        "median": 0.875418186188,
        "min": -1.92344856262,
        "var": 6538.32666016
    },
    "erbbands_skewness": {
        "dmean": 1.14805138111,
        "dmean2": 1.70013439655,
        "dvar": 3.45249438286,
        "dvar2": 6.72562932968,
        "max": 18.044467926,
        "mean": 1.03179252148,
        "median": 0.105927824974,
        "min": -7.13542747498,
        "var": 12.1636285782
    },
    "erbbands_spread": {
        "dmean": 15.7029933929,
        "dmean2": 24.8497467041,
        "dvar": 623.841430664,
        "dvar2": 1493.08850098,
        "max": 205.921615601,
        "mean": 30.6004085541,
        "median": 21.1637229919,
        "min": 0.365024715662,
        "var": 878.643798828
    },
    "hfc": {
        "dmean": 8.61710166931,
        "dmean2": 12.8955135345,
        "dvar": 692.220031738,
        "dvar2": 1481.78771973,
        "max": 319.21307373,
        "mean": 12.5779237747,
        "median": 0.969806015491,
        "min": 1.11766553256e-16,
        "var": 1143.77270508
    },
    "melbands_crest": {
        "dmean": 3.8271150589,
        "dmean2": 6.05399417877,
        "dvar": 21.1952629089,
        "dvar2": 43.8561592102,
        "max": 38.3507232666,
        "mean": 20.9532718658,
        "median": 20.9256629944,
        "min": 1.89132547379,
        "var": 77.1486663818
    },
    "melbands_flatness_db": {
        "dmean": 0.0656330808997,
        "dmean2": 0.0863730534911,
        "dvar": 0.00604319572449,
        "dvar2": 0.00888915359974,
        "max": 1,
        "mean": 0.364009529352,
        "median": 0.332799106836,
        "min": 0.00299698091112,
        "var": 0.0464987643063
    },
    "melbands_kurtosis": {
        "dmean": 84.3815002441,
        "dmean2": 133.507522583,
        "dvar": 59027.8203125,
        "dvar2": 138617.90625,
        "max": 2742.44750977,
        "mean": 89.3189468384,
        "median": 9.90806674957,
        "min": -1.95134103298,
        "var": 65686.3125
    },
    "melbands_skewness": {
        "dmean": 2.53591442108,
        "dmean2": 3.83882308006,
        "dvar": 18.0764694214,
        "dvar2": 37.7396507263,
        "max": 38.8853645325,
        "mean": 4.08162403107,
        "median": 2.34369444847,
        "min": -6.28765153885,
        "var": 31.8551387787
    },
    "melbands_spread": {
        "dmean": 13.7930421829,
        "dmean2": 22.3981666565,
        "dvar": 763.066345215,
        "dvar2": 1987.86560059,
        "max": 277.106384277,
        "mean": 23.6320438385,
        "median": 11.2480106354,
        "min": 0.104289285839,
        "var": 1288.33288574
    },
    "pitch_salience": {
        "dmean": 0.103395365179,
        "dmean2": 0.161154612899,
        "dvar": 0.0146696791053,
        "dvar2": 0.0292988270521,
        "max": 0.909970104694,
        "mean": 0.378392487764,
        "median": 0.38887539506,
        "min": 0.00465133460239,
        "var": 0.0610911808908
    },
    "silence_rate_20dB": {
        "dmean": 0.0217948723584,
        "dmean2": 0.0436177030206,
        "dvar": 0.0213201344013,
        "dvar2": 0.0429977253079,
        "max": 1,
        "mean": 0.966688036919,
        "median": 1,
        "min": 0,
        "var": 0.0322025604546
    },
    "silence_rate_30dB": {
        "dmean": 0.0461538471282,
        "dmean2": 0.0923669040203,
        "dvar": 0.044022899121,
        "dvar2": 0.0851175412536,
        "max": 1,
        "mean": 0.894939124584,
        "median": 1,
        "min": 0,
        "var": 0.094022154808
    },
    "silence_rate_60dB": {
        "dmean": 0.0666666701436,
        "dmean2": 0.133418858051,
        "dvar": 0.0622231215239,
        "dvar2": 0.120750673115,
        "max": 1,
        "mean": 0.511851370335,
        "median": 1,
        "min": 0,
        "var": 0.249859690666
    },
    "spectral_centroid": {
        "dmean": 413.315338135,
        "dmean2": 629.244567871,
        "dvar": 550334.8125,
        "dvar2": 1047027.125,
        "max": 11277.9453125,
        "mean": 1370.97338867,
        "median": 978.279541016,
        "min": 51.8994178772,
        "var": 2040805.125
    },
    "spectral_complexity": {
        "dmean": 2.2038462162,
        "dmean2": 2.95060944557,
        "dvar": 27.2493572235,
        "dvar2": 35.0272750854,
        "max": 60,
        "mean": 5.25752735138,
        "median": 1,
        "min": 0,
        "var": 94.5685272217
    },
    "spectral_decrease": {
        "dmean": 9.987703109e-09,
        "dmean2": 1.49732031218e-08,
        "dvar": 1.69458989027e-15,
        "dvar2": 3.51749574292e-15,
        "max": 8.44735683841e-29,
        "mean": -1.36849518384e-08,
        "median": -5.31543864479e-10,
        "min": -4.73558827707e-07,
        "var": 2.18803052188e-15
    },
    "spectral_energy": {
        "dmean": 0.0383769907057,
        "dmean2": 0.0575371906161,
        "dvar": 0.0244735516608,
        "dvar2": 0.0508302263916,
        "max": 1.79913449287,
        "mean": 0.0527909174562,
        "median": 0.00215429975651,
        "min": 1.0288159035e-20,
        "var": 0.0316772125661
    },
    "spectral_energyband_high": {
        "dmean": 0.000313954544254,
        "dmean2": 0.000493435014505,
        "dvar": 1.36553160246e-06,
        "dvar2": 2.98461759485e-06,
        "max": 0.0153931146488,
        "mean": 0.000279317813693,
        "median": 7.73613919591e-07,
        "min": 7.27967972116e-21,
        "var": 1.54769520577e-06
    },
    "spectral_energyband_low": {
        "dmean": 0.0338840596378,
        "dmean2": 0.0507667735219,
        "dvar": 0.0242020078003,
        "dvar2": 0.0501397736371,
        "max": 1.77423405647,
        "mean": 0.0436336174607,
        "median": 0.000243808550294,
        "min": 3.06928738826e-23,
        "var": 0.030331581831
    },
    "spectral_energyband_middle_high": {
        "dmean": 0.00277671287768,
        "dmean2": 0.00396095216274,
        "dvar": 8.92380485311e-05,
        "dvar2": 0.000206510041608,
        "max": 0.171105384827,
        "mean": 0.00419610971585,
        "median": 2.01613420359e-05,
        "min": 1.37588984195e-21,
        "var": 0.000183548938367
    },
    "spectral_energyband_middle_low": {
        "dmean": 0.00389352301136,
        "dmean2": 0.0060087046586,
        "dvar": 0.000240632609348,
        "dvar2": 0.000545488495845,
        "max": 0.174867227674,
        "mean": 0.00499129341915,
        "median": 4.60771116195e-05,
        "min": 1.86393443081e-22,
        "var": 0.000286641326966
    },
    "spectral_entropy": {
        "dmean": 0.417820006609,
        "dmean2": 0.548924326897,
        "dvar": 0.35990858078,
        "dvar2": 0.516805946827,
        "max": 9.81276893616,
        "mean": 6.86679029465,
        "median": 7.05198717117,
        "min": 2.42706036568,
        "var": 2.0113940239
    },
    "spectral_flux": {
        "dmean": 0.0455886535347,
        "dmean2": 0.0751812830567,
        "dvar": 0.0130633646622,
        "dvar2": 0.0360882729292,
        "max": 1.13296616077,
        "mean": 0.0687874555588,
        "median": 0.0199233964086,
        "min": 6.55668089267e-11,
        "var": 0.0179360341281
    },
    "spectral_kurtosis": {
        "dmean": 10.7009487152,
        "dmean2": 17.0693912506,
        "dvar": 495.146118164,
        "dvar2": 1216.23168945,
        "max": 314.589019775,
        "mean": 16.527557373,
        "median": 6.98607730865,
        "min": -1.25975954533,
        "var": 873.84375
    },
    "spectral_rms": {
        "dmean": 0.0014326767996,
        "dmean2": 0.00199467665516,
        "dvar": 1.27701878228e-05,
        "dvar2": 2.37184376601e-05,
        "max": 0.0418957434595,
        "mean": 0.00401391740888,
        "median": 0.00144974340219,
        "min": 3.16815866076e-12,
        "var": 3.53918439941e-05
    },
    "spectral_rolloff": {
        "dmean": 774.368530273,
        "dmean2": 1323.12487793,
        "dvar": 3009563.25,
        "dvar2": 5939158.5,
        "max": 19056.8847656,
        "mean": 1587.34716797,
        "median": 689.0625,
        "min": 21.533203125,
        "var": 6797129
    },
    "spectral_skewness": {
        "dmean": 0.856073915958,
        "dmean2": 1.29434978962,
        "dvar": 1.35699319839,
        "dvar2": 2.63547277451,
        "max": 15.198012352,
        "mean": 2.3850069046,
        "median": 1.82676720619,
        "min": -0.193311572075,
        "var": 4.36764478683
    },
    "spectral_spread": {
        "dmean": 1168969.25,
        "dmean2": 1748114.75,
        "dvar": 3.04978172314e+12,
        "dvar2": 5.29864432026e+12,
        "max": 42092216,
        "mean": 4158144.25,
        "median": 3290742.25,
        "min": 203710.578125,
        "var": 1.34180230922e+13
    },
    "spectral_strongpeak": {
        "dmean": 0.288901776075,
        "dmean2": 0.424711316824,
        "dvar": 0.613626897335,
        "dvar2": 1.23123145103,
        "max": 19.0577068329,
        "mean": 0.617584347725,
        "median": 0.183958247304,
        "min": 0,
        "var": 2.15981984138
    },
    "zerocrossingrate": {
        "dmean": 0.0176419764757,
        "dmean2": 0.0206189993769,
        "dvar": 0.000973680638708,
        "dvar2": 0.00121294951532,
        "max": 0.5107421875,
        "mean": 0.05126202479,
        "median": 0.03173828125,
        "min": 0,
        "var": 0.00444441381842
    },
    "barkbands": {
        "dmean": [0.0023042478133, 0.0307509880513, 0.00136181816924, 0.00134228391107, 0.00208674673922, 0.000392922956962, 0.000284283334622, 0.000152793727466, 0.000300348678138, 0.000268283707555, 0.00057706842199, 0.000326377077727, 0.00029401932261, 0.000370983005268, 0.000826004426926, 0.0002959415433, 0.000133951063617, 8.93353062565e-05, 6.51727386867e-05, 4.13038033003e-05, 3.49429537891e-05, 4.68786602141e-05, 7.31033651391e-05, 7.86973323557e-05, 7.70030310377e-05, 1.28248700548e-07, 8.88169253699e-08],
        "dmean2": [0.00368617358617, 0.0458321496844, 0.00228150351904, 0.00222495081834, 0.00335232331418, 0.000646168016829, 0.000494401843753, 0.000237451386056, 0.000471395585919, 0.00040278933011, 0.000797100830823, 0.000507538497914, 0.000451933650766, 0.000554556085262, 0.00132469297387, 0.000522955378983, 0.000219670473598, 0.000134103538585, 0.000100643657788, 5.93986951571e-05, 5.21101428603e-05, 7.37501468393e-05, 0.000115053073387, 0.000126729413751, 0.000134702582727, 2.19731887796e-07, 1.54801142571e-07],
        "dvar": [0.000155506306328, 0.0205499622971, 3.40610604326e-05, 4.55601148133e-05, 6.94101545378e-05, 2.42599867306e-06, 1.66883023667e-06, 3.6535729464e-07, 1.83582949376e-06, 8.10498818282e-07, 4.98798135595e-06, 1.54009592279e-06, 1.25783788008e-06, 5.4682705013e-06, 1.54468216351e-05, 1.82487565326e-06, 4.16439462469e-07, 1.56304693633e-07, 7.3162802039e-08, 3.70973438635e-08, 2.76412652767e-08, 3.96976389538e-08, 7.27998070715e-08, 9.73817151362e-08, 7.52356044131e-08, 6.25167723579e-13, 5.14773228384e-13],
        "dvar2": [0.0003252561728, 0.0427819266915, 8.13258229755e-05, 0.0001167496157, 0.000164469514857, 6.70041526973e-06, 4.67347308586e-06, 8.28995325719e-07, 4.70557370136e-06, 1.65118865425e-06, 8.95957236935e-06, 3.78674440071e-06, 2.67605378212e-06, 8.8998767751e-06, 3.79641351174e-05, 5.00666055814e-06, 9.25189226564e-07, 3.03862861983e-07, 1.56055705247e-07, 7.49663229271e-08, 5.49759562318e-08, 8.83668462848e-08, 1.60566969498e-07, 2.24192291398e-07, 1.99133509682e-07, 1.64142939692e-12, 1.35288676963e-12],
        "max": [0.137448698282, 1.65333592892, 0.131414785981, 0.0756087526679, 0.0890617743134, 0.0242966953665, 0.0202441774309, 0.0130119798705, 0.0333951152861, 0.0158777423203, 0.0394356176257, 0.0156232276931, 0.0130661353469, 0.0941652804613, 0.0860833823681, 0.0166184995323, 0.00743189686909, 0.00616777502, 0.00423948001117, 0.00235617766157, 0.00341309607029, 0.00295059615746, 0.00310267182067, 0.00422687456012, 0.00324824987911, 1.51639942487e-05, 1.26610912048e-05],
        "mean": [0.00217400514521, 0.0377636440098, 0.00348400999792, 0.0011982510332, 0.00230640894733, 0.000447548256489, 0.000288476236165, 0.000187292564078, 0.000380403827876, 0.000378209660994, 0.000980318756774, 0.00042708273395, 0.000350029935362, 0.000527104188222, 0.000978942611255, 0.000288689159788, 0.000145503916428, 0.000110421926365, 7.36877627787e-05, 3.90103268728e-05, 3.65470768884e-05, 4.32477791037e-05, 6.38221390545e-05, 6.63550308673e-05, 5.18861343153e-05, 8.7888658129e-08, 5.77920751255e-08],
        "median": [2.18341278924e-06, 0.000110590437544, 5.71829832552e-06, 1.04167133941e-06, 3.8326052163e-06, 2.24040695684e-06, 7.94681625393e-07, 6.96198810601e-07, 1.54215251769e-06, 1.52456777869e-06, 1.58689886121e-06, 1.11616782306e-06, 1.18829962048e-06, 5.37901314601e-07, 1.4204629224e-06, 8.36034246277e-07, 3.7477781234e-07, 5.59192983474e-07, 5.36455104339e-07, 2.56132807408e-07, 1.29321435338e-07, 9.77479288622e-08, 6.64861943278e-08, 5.21859853109e-08, 2.4770258733e-08, 3.11322218005e-10, 2.48912557232e-10],
        "min": [2.49355066722e-24, 1.0113695365e-23, 6.85936802967e-24, 3.47026499195e-24, 9.75029633384e-24, 4.37700861657e-23, 1.35128528294e-23, 1.8229660441e-23, 2.79075101559e-23, 3.13123537297e-23, 2.60199663804e-23, 2.93268760282e-23, 4.95982473315e-23, 7.46533468946e-23, 8.41391342226e-23, 7.46272387541e-23, 1.48550397062e-22, 1.08786380076e-22, 1.78907620096e-22, 2.12124798388e-22, 2.86395484635e-22, 3.77637030199e-22, 4.52708063166e-22, 7.32127644505e-22, 9.12976569247e-22, 1.41537327689e-21, 2.18412315152e-21],
        "var": [0.000158058857778, 0.025532906875, 0.000122969446238, 3.72252688976e-05, 7.74724321673e-05, 2.59108537648e-06, 1.74723334112e-06, 5.5012520761e-07, 1.91610888578e-06, 1.60928561854e-06, 1.41708478623e-05, 2.59212788478e-06, 1.81986399639e-06, 1.77577057912e-05, 3.02544431179e-05, 1.64379184753e-06, 5.2362435099e-07, 2.25853440838e-07, 1.03125209705e-07, 4.49930581681e-08, 3.75978110867e-08, 4.50125412499e-08, 8.04064512749e-08, 9.67093143345e-08, 5.37434452497e-08, 4.34964672787e-13, 3.548698065e-13]
    },
    "erbbands": {
        "dmean": [1.4266076088, 4.85198402405, 2.7388625145, 2.35534930229, 9.42352104187, 5.71019124985, 3.03129172325, 3.77827548981, 3.93611717224, 4.05040884018, 3.0261349678, 7.10717535019, 9.05930328369, 9.03659057617, 27.2635269165, 13.4738454819, 14.3038339615, 17.7582111359, 36.9188041687, 28.1944313049, 12.6375541687, 7.93281173706, 4.59487438202, 4.63000917435, 2.63390135765, 1.95531868935, 1.30516910553, 1.41971826553, 1.42245876789, 2.65544080734, 1.9198679924, 1.32470595837, 1.82684874535, 1.26965487003, 0.0769079774618, 0.00362681155093, 0.000328031514073, 8.62974702613e-05, 3.42030252796e-05, 4.41264855908e-05],
        "dmean2": [2.12400627136, 7.66714334488, 4.67445707321, 3.86941838264, 15.5209054947, 9.52734088898, 4.86911535263, 6.27581453323, 6.46877574921, 7.01304483414, 4.60624551773, 10.886423111, 13.8021402359, 13.4944791794, 37.9951171875, 19.9347915649, 21.7598838806, 25.4903850555, 58.8460350037, 46.6318855286, 21.3430404663, 12.8998126984, 6.8565196991, 7.43079519272, 3.85763669014, 2.80921053886, 1.86929345131, 2.1012237072, 2.16103982925, 4.20883750916, 3.00008296967, 2.1303358078, 2.97019767761, 2.15911245346, 0.131923794746, 0.00619180733338, 0.000551366189029, 0.000145419238834, 5.38895183126e-05, 6.64694525767e-05],
        "dvar": [49.69115448, 483.244873047, 108.462646484, 95.4968185425, 2118.54248047, 447.1512146, 106.832542419, 245.646820068, 267.889465332, 329.434967041, 202.559890747, 1068.67041016, 1007.8503418, 971.555541992, 11096.7216797, 2242.64892578, 2986.77368164, 15244.9228516, 34807.7382812, 14834.4560547, 3377.51538086, 1519.79907227, 412.017272949, 363.044311523, 158.296966553, 86.6614151001, 34.5904388428, 48.3629760742, 39.559753418, 96.6968841553, 53.5871582031, 26.9551391602, 48.0217590332, 19.7290782928, 0.0770101845264, 0.000174529341166, 2.48264109359e-06, 3.30644724045e-07, 2.81461467466e-08, 3.13842356547e-08],
        "dvar2": [102.212524414, 1109.04541016, 296.782958984, 242.886611938, 5255.65625, 1138.22766113, 263.479064941, 698.183837891, 690.199707031, 920.920471191, 439.543548584, 2677.74658203, 2320.23339844, 2113.33081055, 20172.9394531, 4777.37255859, 6363.71630859, 23332.5976562, 79121.0234375, 40446.8828125, 8674.8515625, 3318.28149414, 735.088256836, 863.772460938, 327.692596436, 173.865982056, 63.9276885986, 97.6352844238, 88.6531906128, 232.806671143, 114.848266602, 57.7736282349, 119.219871521, 50.9211616516, 0.194460898638, 0.000441589567345, 6.34353500573e-06, 8.55309110648e-07, 6.83107259647e-08, 6.60765806515e-08],
        "max": [79.6258010864, 265.955841064, 168.822875977, 111.097877502, 480.299713135, 255.828872681, 143.566192627, 281.681945801, 284.016082764, 233.021209717, 371.192718506, 846.409179688, 431.415161133, 602.470947266, 1913.40795898, 810.60760498, 838.947265625, 5247.99316406, 4956.55664062, 1392.96484375, 794.158630371, 450.092529297, 251.968154907, 260.012481689, 228.186248779, 126.091629028, 99.6865234375, 157.709732056, 90.4520111084, 127.586799622, 90.1078872681, 68.9196472168, 86.1667480469, 54.771697998, 3.30074596405, 0.142995834351, 0.0283836964518, 0.0100434189662, 0.00258327112533, 0.0020011854358],
        "mean": [1.52864325047, 6.64610385895, 5.46984481812, 3.34515881538, 8.16077899933, 6.47580003738, 3.76622486115, 4.36184406281, 4.63035726547, 4.00188446045, 4.02034902573, 9.75168991089, 12.3647880554, 13.5836429596, 44.7383842468, 20.4918212891, 18.2484302521, 28.5134506226, 47.3685646057, 29.8549766541, 12.8974599838, 8.72605419159, 5.77419519424, 5.35208320618, 2.77061510086, 1.89309608936, 1.39311921597, 1.47791457176, 1.331641078, 2.159760952, 1.7119371891, 1.19666922092, 1.38039958477, 0.884533464909, 0.0561198890209, 0.00265241810121, 0.000243191607296, 6.09398557572e-05, 3.60499834642e-05, 5.98952537985e-05],
        "median": [0.00243290420622, 0.0243339743465, 0.0309195388108, 0.0160631909966, 0.0138793215156, 0.0172256473452, 0.0230414438993, 0.0292727127671, 0.0230047218502, 0.0228506568819, 0.0365025773644, 0.0379839725792, 0.055810328573, 0.0635790377855, 0.0816411674023, 0.0630305185914, 0.0593802779913, 0.036940805614, 0.0648576542735, 0.0702868998051, 0.0433785766363, 0.0242339298129, 0.0255955327302, 0.0360732004046, 0.0195548310876, 0.0121875470504, 0.00765697332099, 0.00422803685069, 0.00311486492865, 0.00331144686788, 0.00147859682329, 0.00105228100438, 0.000985810998827, 0.000501504691783, 4.28646053479e-05, 1.07620098788e-05, 3.20997946801e-06, 7.03574130512e-07, 1.77753361186e-06, 3.18054458148e-06],
        "min": [3.26864326752e-22, 1.59839223808e-21, 6.39376161108e-21, 1.52938182781e-20, 2.69483084328e-20, 2.01909262216e-20, 5.09620805515e-20, 3.28574905966e-19, 2.71397261045e-19, 2.21439817197e-19, 6.1831595692e-19, 7.4937372939e-19, 9.29933815425e-19, 1.01897567246e-18, 1.23092219626e-18, 1.18717695636e-18, 2.23070324601e-18, 2.79199616324e-18, 4.16481343876e-18, 3.91674693614e-18, 4.72612207242e-18, 8.95169564949e-18, 6.11120168015e-18, 7.22453922176e-18, 6.84424086718e-18, 9.26186108224e-18, 1.20792986328e-17, 1.06059452052e-17, 1.73513557736e-17, 1.44361860065e-17, 1.2769961357e-17, 1.55316345266e-17, 1.29205661312e-17, 9.51973960128e-18, 7.0912026701e-18, 5.02810875686e-18, 2.39749408357e-18, 1.14800612865e-18, 2.73046323144e-19, 3.20633300001e-20],
        "var": [57.2210006714, 602.28918457, 192.829574585, 138.583145142, 1797.55151367, 550.816223145, 162.16355896, 254.92767334, 377.297454834, 265.307769775, 288.796386719, 1210.08349609, 1793.68725586, 1657.75061035, 31363.9101562, 5635.67626953, 4830.31884766, 55347.3945312, 91705.1875, 14971.2675781, 3286.03564453, 1938.05285645, 648.549194336, 459.311859131, 203.267333984, 107.112327576, 49.6549034119, 63.9136161804, 45.2915534973, 95.0914611816, 61.0385665894, 30.4488830566, 41.1820449829, 15.1280012131, 0.0607243105769, 0.000136906499392, 1.85435123967e-06, 2.36378085106e-07, 2.53202969702e-08, 3.97556192411e-08]
    },
    "gfcc": {
        "mean": [-302.402801514, 109.049705505, -111.403999329, 36.1530952454, -35.9818687439, 26.1206436157, -17.9669246674, 3.9022834301, -5.03228902817, -11.1457290649, 5.88667011261, -8.68341350555, 4.83516120911],
        "cov": [[45438.8828125, 6964.57958984, -4268.29882812, -490.626251221, -132.953018188, -256.322174072, -483.454284668, -330.600891113, 141.956985474, -1199.25219727, 188.59475708, -762.635253906, 1175.91247559], [6964.57958984, 5536.51171875, -98.3624191284, -1234.69348145, 1355.41235352, -851.57244873, 752.313598633, -348.035247803, 299.883300781, -406.26373291, 176.74180603, -130.726455688, 261.766540527], [-4268.29882812, -98.3624191284, 5933.58837891, 2441.06860352, 995.713806152, 1106.89709473, 541.79473877, 264.285400391, 291.131896973, 127.712387085, 4.81487989426, -212.100234985, -325.911437988], [-490.626251221, -1234.69348145, 2441.06860352, 2112.87475586, 132.39414978, 850.400634766, 14.2352180481, 235.103240967, 93.7434921265, 104.890090942, -34.3778076172, -190.195510864, -185.058319092], [-132.953018188, 1355.41235352, 995.713806152, 132.39414978, 1355.72949219, 48.5832824707, 668.389892578, 72.4413909912, 284.000091553, 11.8773784637, 67.457244873, -3.9798476696, -1.58360755444], [-256.322174072, -851.57244873, 1106.89709473, 850.400634766, 48.5832824707, 875.242004395, 49.4809761047, 242.627960205, 122.679428101, 175.669296265, 26.023223877, -70.4377288818, -85.9915847778], [-483.454284668, 752.313598633, 541.79473877, 14.2352180481, 668.389892578, 49.4809761047, 548.317077637, 119.163314819, 237.769195557, 86.0540771484, 104.581062317, 50.1774177551, 21.230758667], [-330.600891113, -348.035247803, 264.285400391, 235.103240967, 72.4413909912, 242.627960205, 119.163314819, 302.172302246, 109.921928406, 86.60912323, 73.3252944946, 87.4221343994, 34.1119880676], [141.956985474, 299.883300781, 291.131896973, 93.7434921265, 284.000091553, 122.679428101, 237.769195557, 109.921928406, 262.312103271, 142.077148438, 95.1892929077, 9.75343704224, 33.3554077148], [-1199.25219727, -406.26373291, 127.712387085, 104.890090942, 11.8773784637, 175.669296265, 86.0540771484, 86.60912323, 142.077148438, 250.480102539, 70.262046814, 45.7430725098, -29.9805812836], [188.59475708, 176.74180603, 4.81487989426, -34.3778076172, 67.457244873, 26.023223877, 104.581062317, 73.3252944946, 95.1892929077, 70.262046814, 150.76109314, 75.0316543579, 83.3451156616], [-762.635253906, -130.726455688, -212.100234985, -190.195510864, -3.9798476696, -70.4377288818, 50.1774177551, 87.4221343994, 9.75343704224, 45.7430725098, 75.0316543579, 173.209655762, 86.585609436], [1175.91247559, 261.766540527, -325.911437988, -185.058319092, -1.58360755444, -85.9915847778, 21.230758667, 34.1119880676, 33.3554077148, -29.9805812836, 83.3451156616, 86.585609436, 178.154281616]],
        "icov": [[6.5717882535e-05, -0.000115824084787, 9.19876620173e-05, -0.000118576448585, 3.09698225465e-05, -0.00011240474123, 8.7073603936e-05, -7.98034088803e-05, -1.07843670776e-05, 8.3919010649e-05, 5.29049502802e-05, 0.000327600660967, -0.000435385270976], [-0.000115824084787, 0.000860398926307, -0.00028372448287, 0.000632520939689, -0.000338181504048, 0.000446189194918, -0.000492086692248, 0.000542301975656, -0.000677855219692, 0.00102004793007, -0.0010833714623, 0.000609956914559, 0.00031440667226], [9.19876620173e-05, -0.00028372448287, 0.000597427075263, -0.000704532605596, -7.69250982557e-06, -0.000429419509601, -6.35053220321e-05, 0.000180072922376, -0.000193853426026, 0.000391598674469, 7.92130449554e-05, -0.000298694445519, 0.000146855061757], [-0.000118576448585, 0.000632520939689, -0.000704532605596, 0.00185704650357, -0.000300129700918, -6.91015738994e-05, 0.000132762259454, -0.000466225435957, -9.48871729634e-06, 0.000213948791497, -0.000826369971037, 0.00147688633297, 0.000237461557845], [3.09698225465e-05, -0.000338181504048, -7.69250982557e-06, -0.000300129700918, 0.00239350553602, -0.000277953862678, -0.00239868438803, 0.000503265764564, -0.000865658570547, 0.000805101532023, 0.00116352457553, -0.00084695557598, 0.000208118959563], [-0.00011240474123, 0.000446189194918, -0.000429419509601, -6.91015738994e-05, -0.000277953862678, 0.0031183694955, 4.80741909996e-05, -0.00187350367196, 0.000750922947191, -0.00179787736852, -0.000556318438612, 0.00218775309622, -0.000161480391398], [8.7073603936e-05, -0.000492086692248, -6.35053220321e-05, 0.000132762259454, -0.00239868438803, 4.80741909996e-05, 0.00719703361392, -0.00138838076964, -0.0023191398941, -0.000350622052792, -0.00112847646233, -0.00114823505282, 0.00104127463419], [-7.98034088803e-05, 0.000542301975656, 0.000180072922376, -0.000466225435957, 0.000503265764564, -0.00187350367196, -0.00138838076964, 0.00817183032632, -0.00402421364561, 0.00327301956713, -0.000527144758962, -0.00598256569356, 0.00173445185646], [-1.07843670776e-05, -0.000677855219692, -0.000193853426026, -9.48871729634e-06, -0.000865658570547, 0.000750922947191, -0.0023191398941, -0.00402421364561, 0.0151134524494, -0.0095052132383, -0.0010348277865, 0.00688092736527, -0.00518499547616], [8.3919010649e-05, 0.00102004793007, 0.000391598674469, 0.000213948791497, 0.000805101532023, -0.00179787736852, -0.000350622052792, 0.00327301956713, -0.0095052132383, 0.0140520082787, -0.00405612029135, -0.00471396138892, 0.00577335385606], [5.29049502802e-05, -0.0010833714623, 7.92130449554e-05, -0.000826369971037, 0.00116352457553, -0.000556318438612, -0.00112847646233, -0.000527144758962, -0.0010348277865, -0.00405612029135, 0.0157963819802, -0.00400180323049, -0.00542747275904], [0.000327600660967, 0.000609956914559, -0.000298694445519, 0.00147688633297, -0.00084695557598, 0.00218775309622, -0.00114823505282, -0.00598256569356, 0.00688092736527, -0.00471396138892, -0.00400180323049, 0.0207651145756, -0.0100416587666], [-0.000435385270976, 0.00031440667226, 0.000146855061757, 0.000237461557845, 0.000208118959563, -0.000161480391398, 0.00104127463419, 0.00173445185646, -0.00518499547616, 0.00577335385606, -0.00542747275904, -0.0100416587666, 0.0173697955906]]
    },
    "melbands": {
        "dmean": [0.0102800773457, 0.00301470118575, 0.000692927045748, 0.000525085371919, 0.000141017299029, 8.15124440123e-05, 6.11019422649e-05, 4.2456536903e-05, 2.56087660091e-05, 4.77212270198e-05, 4.43606149929e-05, 3.3774660551e-05, 8.17862164695e-05, 5.15556239407e-05, 3.02883527183e-05, 3.4590211726e-05, 3.085660137e-05, 5.25410541741e-05, 5.80618725508e-05, 2.73535115412e-05, 1.25305741676e-05, 8.64565663505e-06, 5.32008789378e-06, 3.66681069863e-06, 4.03470539823e-06, 2.14435385715e-06, 1.7596609041e-06, 1.14746296731e-06, 8.22442075332e-07, 8.49227546951e-07, 7.81251685567e-07, 7.61342391797e-07, 1.03039212718e-06, 1.71762678747e-06, 1.35456400585e-06, 6.85781628817e-07, 8.90284752586e-07, 1.03468346424e-06, 2.07724792745e-06, 6.74053751482e-07],
        "dmean2": [0.0152649981901, 0.00483506917953, 0.00114551966544, 0.000846474140417, 0.000232889855397, 0.000134526533657, 0.000101890414953, 7.27459046175e-05, 3.8208461774e-05, 7.40141331335e-05, 6.7378336098e-05, 5.0687132898e-05, 0.000113778522064, 7.80928312452e-05, 4.4745291234e-05, 5.21608890267e-05, 4.50570441899e-05, 8.29802156659e-05, 9.66617590166e-05, 4.68857433589e-05, 2.09471400012e-05, 1.4459805243e-05, 8.01598980615e-06, 5.6254680203e-06, 6.5253016146e-06, 3.16365731123e-06, 2.69757197202e-06, 1.62682965765e-06, 1.17403294553e-06, 1.31303352191e-06, 1.13080363917e-06, 1.14389547434e-06, 1.60322451848e-06, 2.76820424006e-06, 2.15169052353e-06, 9.84903749668e-07, 1.43969100463e-06, 1.65953781561e-06, 3.57417525265e-06, 1.15060458938e-06],
        "dvar": [0.00242581404746, 0.000150731168105, 1.00542838481e-05, 4.72374404126e-06, 2.53314141219e-07, 1.09252475511e-07, 6.80478819959e-08, 3.27343094852e-08, 1.39069520344e-08, 4.77915023112e-08, 2.38450752477e-08, 1.52575463375e-08, 9.71285984974e-08, 3.23746576214e-08, 1.164222585e-08, 2.79666263481e-08, 4.60666669255e-08, 6.73155540198e-08, 8.02941002576e-08, 1.42462699415e-08, 3.41665207237e-09, 1.79059622685e-09, 6.92119916934e-10, 2.32058969263e-10, 2.72081857045e-10, 9.88215273501e-11, 8.55514617482e-11, 2.91023975751e-11, 1.30073148433e-11, 1.60368610752e-11, 1.64452826357e-11, 1.44826182297e-11, 1.7732685112e-11, 3.95605388726e-11, 2.85139134526e-11, 6.50247737599e-12, 1.18664106319e-11, 1.85952260534e-11, 5.61211840888e-11, 5.57613113669e-12],
        "dvar2": [0.00498389778659, 0.000386083149351, 2.52689278568e-05, 1.12918341983e-05, 6.27036683909e-07, 3.05149654878e-07, 1.80912437031e-07, 9.00521115454e-08, 3.03453546735e-08, 1.20844418916e-07, 5.40342774968e-08, 3.32167999773e-08, 1.77272880819e-07, 7.32487350774e-08, 2.46428140116e-08, 4.96904171143e-08, 7.25497812937e-08, 1.53268601366e-07, 2.14155747358e-07, 4.04925479813e-08, 8.52513881711e-09, 3.94290156081e-09, 1.34858246792e-09, 4.57839460788e-10, 6.80821343746e-10, 2.07614828107e-10, 1.93658880598e-10, 5.64500772515e-11, 2.50636369298e-11, 3.23666926594e-11, 3.46453490896e-11, 3.47047564297e-11, 4.11266298794e-11, 9.74659727926e-11, 6.42776110116e-11, 1.30393352366e-11, 2.66481871292e-11, 4.56456539233e-11, 1.4693048167e-10, 1.41091678271e-11],
        "max": [0.549017369747, 0.13602514565, 0.0343820676208, 0.0237602293491, 0.00761491199955, 0.0055806315504, 0.00449978653342, 0.00224189972505, 0.00295276707038, 0.00562584586442, 0.00197362713516, 0.00254867365584, 0.00546351727098, 0.0023619318381, 0.00120346166659, 0.00571821304038, 0.00885731913149, 0.00680649699643, 0.00416586082429, 0.00125108018983, 0.000826455710921, 0.000473496533232, 0.000404205173254, 0.000246425770456, 0.000210445898119, 0.000187711193576, 0.000129418680444, 7.61678456911e-05, 5.64593465242e-05, 6.97504656273e-05, 9.72322668531e-05, 5.79567567911e-05, 6.49958819849e-05, 7.46509758756e-05, 7.06959835952e-05, 3.5972083424e-05, 4.38418283011e-05, 5.97263424424e-05, 7.9853401985e-05, 3.12714582833e-05],
        "mean": [0.011893578805, 0.00485285557806, 0.000794261693954, 0.000544539012481, 0.000169060353073, 9.35411662795e-05, 6.95200287737e-05, 4.30711188528e-05, 3.26236113324e-05, 6.36985932942e-05, 6.02346262895e-05, 4.69664446427e-05, 0.0001378156594, 7.64487631386e-05, 3.8867980038e-05, 4.78561523778e-05, 4.75269371236e-05, 6.61068406771e-05, 6.09642775089e-05, 2.80182630377e-05, 1.23248173622e-05, 9.42470342125e-06, 6.09807239016e-06, 4.73686213809e-06, 4.43149201601e-06, 2.31478952628e-06, 1.5818866359e-06, 1.14392241812e-06, 8.40592065288e-07, 8.86128248112e-07, 8.06791604191e-07, 6.85903785325e-07, 9.30466569571e-07, 1.33567561988e-06, 1.15848536097e-06, 6.28960151516e-07, 7.61142985084e-07, 8.17271484266e-07, 1.42079204579e-06, 4.83743576751e-07],
        "median": [2.95261379506e-05, 2.5998793717e-05, 1.64459356711e-06, 6.9962931093e-07, 7.22662946373e-07, 4.58688930394e-07, 2.65225793328e-07, 1.45822383502e-07, 2.37274434767e-07, 2.35454578501e-07, 2.25193474535e-07, 2.09096469916e-07, 2.25119464403e-07, 1.67106463778e-07, 1.23438482547e-07, 9.82320784715e-08, 4.82104560717e-08, 9.09057504828e-08, 1.03192789425e-07, 6.95232600378e-08, 3.94225523337e-08, 2.12754258655e-08, 1.79587065219e-08, 2.49744687153e-08, 2.81653846912e-08, 1.69338960632e-08, 9.45072553549e-09, 6.87623158413e-09, 5.01006969245e-09, 2.53196774658e-09, 1.86733384311e-09, 1.67951530461e-09, 1.67775471294e-09, 1.80759418544e-09, 8.72874494906e-10, 5.72065783633e-10, 6.22386031601e-10, 6.2018140623e-10, 7.19749038147e-10, 2.40048508848e-10],
        "min": [3.83029913694e-24, 3.41034311759e-24, 2.90721157655e-24, 1.94008763105e-24, 2.2070281034e-24, 8.00447930855e-24, 4.21094148422e-24, 2.84227175797e-24, 6.34754797462e-24, 4.37637744896e-24, 3.92352474657e-24, 3.93474747624e-24, 3.96641629728e-24, 3.21074277034e-24, 2.91502327166e-24, 4.70003090672e-24, 5.16006500437e-24, 6.21094250938e-24, 7.91553050832e-24, 4.77694839486e-24, 5.21823087435e-24, 8.08200145857e-24, 6.32765803018e-24, 5.39377609159e-24, 5.06036836873e-24, 3.92756568656e-24, 6.31497709113e-24, 5.8532477314e-24, 6.37941124987e-24, 6.12665074951e-24, 5.93126370835e-24, 1.04454137423e-23, 6.29301323138e-24, 6.69153471664e-24, 7.11806391949e-24, 6.49323520102e-24, 8.32329113251e-24, 7.26344388457e-24, 8.98073175523e-24, 7.69980544974e-24],
        "var": [0.00293747289106, 0.000190205872059, 9.7452175396e-06, 4.8549532039e-06, 3.73733229253e-07, 1.16073685774e-07, 8.81727473256e-08, 2.84346821644e-08, 1.91017033302e-08, 5.30220347628e-08, 4.41201493118e-08, 2.43850291071e-08, 2.73693274266e-07, 6.81277043668e-08, 1.98452347888e-08, 7.46579544852e-08, 1.56911710292e-07, 1.7039270972e-07, 1.00252364632e-07, 1.30901955941e-08, 3.36134942103e-09, 2.25331642234e-09, 9.54082368665e-10, 3.58082563601e-10, 3.18158333013e-10, 1.30411528798e-10, 8.82632786303e-11, 3.76366993127e-11, 1.75166860183e-11, 2.20811233881e-11, 2.01343646616e-11, 1.43522129945e-11, 1.97070658403e-11, 3.62296442846e-11, 2.97346661182e-11, 8.18295431415e-12, 1.26643730225e-11, 1.63804681624e-11, 4.16666319503e-11, 4.42182271701e-12]
    },
    "mfcc": {
        "mean": [-904.578613281, 107.800376892, 7.85049629211, 14.052570343, 19.1087303162, 13.9463005066, 13.7288093567, 13.1800813675, 7.0732960701, 6.151034832, 2.7885594368, 0.423873007298, 6.31346273422],
        "cov": [[29150.2402344, 6366.45849609, -3324.76245117, -836.775146484, -76.71459198, -367.231567383, -339.984985352, -118.74471283, -445.965270996, -308.959350586, -580.625915527, -682.965759277, -293.022247314], [6366.45849609, 5935.79248047, -945.064758301, 87.9085235596, 200.742782593, -9.10486125946, 230.988174438, 128.879058838, 26.629524231, 7.5178809166, -124.443145752, -122.806983948, -17.2962608337], [-3324.76245117, -945.064758301, 3763.47363281, 1473.63671875, 948.62890625, 938.052062988, 491.703277588, 424.065795898, 324.742370605, 361.267272949, 371.962249756, 277.987365723, 38.2565460205], [-836.775146484, 87.9085235596, 1473.63671875, 1206.22216797, 678.315490723, 489.389099121, 355.253814697, 299.483154297, 227.474151611, 205.604522705, 169.638946533, 111.396385193, 10.7349739075], [-76.71459198, 200.742782593, 948.62890625, 678.315490723, 657.784545898, 469.402008057, 320.390350342, 296.321868896, 220.26550293, 182.559875488, 139.628890991, 86.9537277222, 47.6546363831], [-367.231567383, -9.10486125946, 938.052062988, 489.389099121, 469.402008057, 603.794616699, 312.994476318, 176.89515686, 192.592132568, 243.843734741, 209.721237183, 121.736862183, 33.2003822327], [-339.984985352, 230.988174438, 491.703277588, 355.253814697, 320.390350342, 312.994476318, 311.050750732, 232.014007568, 162.960723877, 139.329116821, 108.136268616, 80.791809082, 79.3909759521], [-118.74471283, 128.879058838, 424.065795898, 299.483154297, 296.321868896, 176.89515686, 232.014007568, 295.246368408, 184.699050903, 89.8983764648, 60.8200531006, 78.655456543, 102.928367615], [-445.965270996, 26.629524231, 324.742370605, 227.474151611, 220.26550293, 192.592132568, 162.960723877, 184.699050903, 203.991790771, 141.054702759, 107.309455872, 96.4574508667, 96.8609466553], [-308.959350586, 7.5178809166, 361.267272949, 205.604522705, 182.559875488, 243.843734741, 139.329116821, 89.8983764648, 141.054702759, 202.753067017, 164.648010254, 95.4789428711, 51.4708747864], [-580.625915527, -124.443145752, 371.962249756, 169.638946533, 139.628890991, 209.721237183, 108.136268616, 60.8200531006, 107.309455872, 164.648010254, 184.581192017, 120.823425293, 53.9597053528], [-682.965759277, -122.806983948, 277.987365723, 111.396385193, 86.9537277222, 121.736862183, 80.791809082, 78.655456543, 96.4574508667, 95.4789428711, 120.823425293, 145.536010742, 90.1109466553], [-293.022247314, -17.2962608337, 38.2565460205, 10.7349739075, 47.6546363831, 33.2003822327, 79.3909759521, 102.928367615, 96.8609466553, 51.4708747864, 53.9597053528, 90.1109466553, 137.381195068]],
