{
"lowlevel": {
    "average_loudness": 0.51237154007,
    "barkbands_crest": {
        "dmean": 1.63239014149,
        "dmean2": 2.5450732708,
        "dvar": 1.78848838806,
        "dvar2": 4.619576931,
        "max": 21.8871669769,
        "mean": 10.6396522522,
        "median": 10.108045578,
        "min": 3.63798093796,
        "var": 12.9905443192
    },
    "barkbands_flatness_db": {
        "dmean": 0.0121003892273,
        "dmean2": 0.0193347129971,
        "dvar": 9.85918959486e-05,
        "dvar2": 0.000237184940488,
        "max": 0.296629816294,
        "mean": 0.217942506075,
        "median": 0.21737036109,
        "min": 0.0794974192977,
        "var": 0.000732644984964
    },
    "barkbands_kurtosis": {
        "dmean": 1.81788885593,
        "dmean2": 2.783421278,
        "dvar": 4.18215179443,
        "dvar2": 10.4812860489,
        "max": 30.3094558716,
        "mean": 5.10989713669,
        "median": 3.89242935181,
        "min": -1.4750058651,
        "var": 20.7914009094
    },
    "barkbands_skewness": {
        "dmean": 0.303606808186,
        "dmean2": 0.459148794413,
        "dvar": 0.075472034514,
        "dvar2": 0.177833169699,
        "max": 4.88923120499,
        "mean": 1.79431200027,
        "median": 1.72441446781,
        "min": -0.234767332673,
        "var": 0.684848368168
    },
    "barkbands_spread": {
        "dmean": 1.20270740986,
        "dmean2": 1.85948336124,
        "dvar": 1.18104982376,
        "dvar2": 2.66960716248,
        "max": 22.2988986969,
        "mean": 7.37140274048,
        "median": 7.06801939011,
        "min": 2.50860404968,
        "var": 6.97974824905
    },
    "dissonance": {
        "dmean": 0.0217747502029,
        "dmean2": 0.0364796705544,
        "dvar": 0.000308104761643,
        "dvar2": 0.000842170207761,
        "max": 0.499018400908,
        "mean": 0.442813396454,
        "median": 0.445943683386,
        "min": 0.331704288721,
        "var": 0.000745666678995
    },
    "dynamic_complexity": 4.85179042816,
    "erbbands_crest": {
        "dmean": 1.72379291058,
        "dmean2": 2.68042302132,
        "dvar": 2.11170291901,
        "dvar2": 4.84483528137,
        "max": 22.1529254913,
        "mean": 9.44578647614,
        "median": 8.78262519836,
        "min": 3.69064903259,
        "var": 11.554236412
    },
    "erbbands_flatness_db": {
        "dmean": 0.00946577638388,
        "dmean2": 0.0148907462135,
        "dvar": 7.45586148696e-05,
        "dvar2": 0.000165139717865,
        "max": 0.338014870882,
        "mean": 0.2491004318,
        "median": 0.247405976057,
        "min": 0.098054908216,
        "var": 0.000804703566246
    },
    "erbbands_kurtosis": {
        "dmean": 0.663903355598,
        "dmean2": 1.03039228916,
        "dvar": 0.37022420764,
        "dvar2": 0.927086591721,
        "max": 5.10247612,
        "mean": 0.423950493336,
        "median": 0.188774824142,
        "min": -1.24504542351,
        "var": 1.10450577736
    },
    "erbbands_skewness": {
        "dmean": 0.250999838114,
        "dmean2": 0.372059375048,
        "dvar": 0.039969433099,
        "dvar2": 0.101154983044,
        "max": 2.12030339241,
        "mean": 0.808861494064,
        "median": 0.817154288292,
        "min": -1.05995535851,
        "var": 0.204135835171
    },
    "erbbands_spread": {
        "dmean": 2.54441642761,
        "dmean2": 3.99194741249,
        "dvar": 4.52536773682,
        "dvar2": 10.8327045441,
        "max": 46.1757926941,
        "mean": 20.078622818,
        "median": 20.4899177551,
        "min": 7.8551068306,
        "var": 29.8513088226
    },
    "hfc": {
        "dmean": 1.67456412315,
        "dmean2": 2.33728122711,
        "dvar": 18.5229053497,
        "dvar2": 35.4430809021,
        "max": 78.5837860107,
        "mean": 9.22267627716,
        "median": 3.88016891479,
        "min": 1.60698539275e-06,
        "var": 156.582611084
    },
    "melbands_crest": {
        "dmean": 1.80195486546,
        "dmean2": 2.88249945641,
        "dvar": 2.16697359085,
        "dvar2": 5.49562835693,
        "max": 22.2270717621,
        "mean": 11.9405403137,
        "median": 11.4914064407,
        "min": 4.47797107697,
        "var": 11.546163559
    },
    "melbands_flatness_db": {
        "dmean": 0.0116801178083,
        "dmean2": 0.0180856324732,
        "dvar": 0.000112984977022,
        "dvar2": 0.000263348250883,
        "max": 0.354835659266,
        "mean": 0.277766019106,
        "median": 0.277292042971,
        "min": 0.165386527777,
        "var": 0.00100489880424
    },
    "melbands_kurtosis": {
        "dmean": 2.41357064247,
        "dmean2": 3.64677190781,
        "dvar": 7.88207006454,
        "dvar2": 18.7188854218,
        "max": 44.6098098755,
        "mean": 8.23152923584,
        "median": 6.51981449127,
        "min": -1.20374333858,
        "var": 43.0634880066
    },
    "melbands_skewness": {
        "dmean": 0.314989835024,
        "dmean2": 0.474245488644,
        "dvar": 0.0808348357677,
        "dvar2": 0.182669997215,
        "max": 5.52643585205,
        "mean": 2.05569815636,
        "median": 1.99758946896,
        "min": 0.121235884726,
        "var": 0.832891404629
    },
    "melbands_spread": {
        "dmean": 1.61980032921,
        "dmean2": 2.48450303078,
        "dvar": 2.57171940804,
        "dvar2": 5.53691482544,
        "max": 32.7486305237,
        "mean": 9.66260433197,
        "median": 8.96727371216,
        "min": 2.74580764771,
        "var": 17.6067485809
    },
    "pitch_salience": {
        "dmean": 0.046952817589,
        "dmean2": 0.0765456482768,
        "dvar": 0.00147099036258,
        "dvar2": 0.00373085821047,
        "max": 0.820663809776,
        "mean": 0.638311743736,
        "median": 0.648284375668,
        "min": 0.34798809886,
        "var": 0.00640024850145
    },
    "silence_rate_20dB": {
        "dmean": 0,
        "dmean2": 0,
        "dvar": 0,
        "dvar2": 0,
        "max": 1,
        "mean": 1,
        "median": 1,
        "min": 1,
        "var": 0
    },
    "silence_rate_30dB": {
        "dmean": 0,
        "dmean2": 0,
        "dvar": 0,
        "dvar2": 0,
        "max": 1,
        "mean": 1,
        "median": 1,
        "min": 1,
        "var": 0
    },
    "silence_rate_60dB": {
        "dmean": 0.0123839005828,
        "dmean2": 0.0247869864106,
        "dvar": 0.012230688706,
        "dvar2": 0.0288199465722,
        "max": 1,
        "mean": 0.0982211902738,
        "median": 0,
        "min": 0,
        "var": 0.0885769352317
    },
    "spectral_centroid": {
        "dmean": 56.0778465271,
        "dmean2": 83.7195281982,
        "dvar": 82734.25,
        "dvar2": 81580.640625,
        "max": 11164.5400391,
        "mean": 597.009277344,
        "median": 556.987670898,
        "min": 327.565673828,
        "var": 112923.125
    },
    "spectral_complexity": {
        "dmean": 1.58359134197,
        "dmean2": 2.60883045197,
        "dvar": 1.81112205982,
        "dvar2": 4.76798439026,
        "max": 26,
        "mean": 12.3008508682,
        "median": 12,
        "min": 0,
        "var": 27.0797080994
    },
    "spectral_decrease": {
        "dmean": 6.92089496823e-10,
        "dmean2": 9.88974346861e-10,
        "dvar": 1.58180156216e-18,
        "dvar2": 2.93833785528e-18,
        "max": -3.80331001737e-16,
        "mean": -4.06406908127e-09,
        "median": -2.55745247202e-09,
        "min": -2.71055426992e-08,
        "var": 1.83927397688e-17
    },
    "spectral_energy": {
        "dmean": 0.00275699514896,
        "dmean2": 0.00393150094897,
        "dvar": 2.61258683167e-05,
        "dvar2": 4.85957207275e-05,
        "max": 0.108947105706,
        "mean": 0.0161752440035,
        "median": 0.0101091787219,
        "min": 1.5812146037e-09,
        "var": 0.000298884842778
    },
    "spectral_energyband_high": {
        "dmean": 1.33905168695e-05,
        "dmean2": 1.98457964871e-05,
        "dvar": 2.9849231975e-09,
        "dvar2": 7.1359780307e-09,
        "max": 0.000756408437155,
        "mean": 2.31224930758e-05,
        "median": 5.99368331677e-06,
        "min": 6.51383252892e-11,
        "var": 4.23516421932e-09
    },
    "spectral_energyband_low": {
        "dmean": 0.000285413785605,
        "dmean2": 0.000447909609647,
        "dvar": 1.35871886187e-07,
        "dvar2": 3.64043188483e-07,
        "max": 0.00506510492414,
        "mean": 0.000845325819682,
        "median": 0.000723033153918,
        "min": 2.75780665665e-11,
        "var": 4.65058093368e-07
    },
    "spectral_energyband_middle_high": {
        "dmean": 0.000761424773373,
        "dmean2": 0.00110486184712,
        "dvar": 6.07914489592e-06,
        "dvar2": 1.20734721349e-05,
        "max": 0.0416213572025,
        "mean": 0.00290876394138,
        "median": 0.000790214340668,
        "min": 2.76901335194e-10,
        "var": 2.61101267824e-05
    },
    "spectral_energyband_middle_low": {
        "dmean": 0.00238185399212,
        "dmean2": 0.00338552496396,
        "dvar": 1.50373234646e-05,
        "dvar2": 2.68540279649e-05,
        "max": 0.0930273681879,
        "mean": 0.013245803304,
        "median": 0.00863230600953,
        "min": 1.23588850265e-09,
        "var": 0.000192166568013
    },
    "spectral_entropy": {
        "dmean": 0.09189555794,
        "dmean2": 0.146461352706,
        "dvar": 0.0118624893948,
        "dvar2": 0.022690070793,
        "max": 9.81094074249,
        "mean": 6.75984191895,
        "median": 6.74994134903,
        "min": 6.20993566513,
        "var": 0.0483277104795
    },
    "spectral_flux": {
        "dmean": 0.00823039282113,
        "dmean2": 0.0135930003598,
        "dvar": 0.000253977981629,
        "dvar2": 0.000653968134429,
        "max": 0.209325790405,
        "mean": 0.0382089093328,
        "median": 0.033103261143,
        "min": 3.97644907935e-05,
        "var": 0.000558767293114
    },
    "spectral_kurtosis": {
        "dmean": 6.11136198044,
        "dmean2": 10.9524803162,
        "dvar": 22.5083084106,
        "dvar2": 70.4714431763,
        "max": 39.8330154419,
        "mean": 14.5802335739,
        "median": 13.7025279999,
        "min": -1.1966906786,
        "var": 38.1021308899
    },
    "spectral_rms": {
        "dmean": 0.000296844082186,
        "dmean2": 0.000428360945079,
        "dvar": 1.45131750173e-07,
        "dvar2": 2.81745712982e-07,
        "max": 0.0103096971288,
        "mean": 0.00351598672569,
        "median": 0.00314047979191,
        "min": 1.2420339317e-06,
        "var": 3.41854047292e-06
    },
    "spectral_rolloff": {
        "dmean": 98.7490844727,
        "dmean2": 164.092346191,
        "dvar": 16896.0722656,
        "dvar2": 33262.2109375,
        "max": 1765.72265625,
        "mean": 722.685546875,
        "median": 667.529296875,
        "min": 279.931640625,
        "var": 93891.78125
    },
    "spectral_skewness": {
        "dmean": 0.4586391747,
        "dmean2": 0.816274225712,
        "dvar": 0.129306077957,
        "dvar2": 0.398228347301,
        "max": 4.54059934616,
        "mean": 2.63122653961,
        "median": 2.57299542427,
        "min": -0.0171612873673,
        "var": 0.243066191673
    },
    "spectral_spread": {
        "dmean": 219989.34375,
        "dmean2": 361286.59375,
        "dvar": 1.10887750861e+12,
        "dvar2": 1.12865247232e+12,
        "max": 40692104,
        "mean": 2148556.25,
        "median": 2105031.75,
        "min": 1423590.625,
        "var": 1.24271853568e+12
    },
    "spectral_strongpeak": {
        "dmean": 0.284911304712,
        "dmean2": 0.470722556114,
        "dvar": 0.274905711412,
        "dvar2": 0.68106752634,
        "max": 7.09174203873,
        "mean": 0.924296975136,
        "median": 0.59560739994,
        "min": 9.24851192394e-05,
        "var": 0.979981601238
    },
    "zerocrossingrate": {
        "dmean": 0.00275697512552,
        "dmean2": 0.00358476350084,
        "dvar": 5.93191407461e-06,
        "dvar2": 1.05200369944e-05,
        "max": 0.060546875,
        "mean": 0.0284049026668,
        "median": 0.02734375,
        "min": 0.01123046875,
        "var": 6.63933969918e-05
    },
    "barkbands": {
        "dmean": [2.41001430368e-06, 9.77628515102e-05, 0.000202579554752, 0.000268255593255, 0.000895345641766, 0.000787830387708, 0.000717935676221, 0.000728532846551, 0.000382615893614, 0.000588474271353, 0.000220436515519, 0.000144378558616, 9.09016671358e-05, 0.000201652612304, 0.000152541324496, 3.57018288923e-05, 3.61295387847e-05, 1.44140349221e-05, 1.02770300145e-05, 6.22348215984e-06, 5.2434374993e-06, 3.42854150404e-06, 1.59730961968e-06, 6.92190212703e-07, 1.73820794203e-07, 2.53031906539e-08, 1.19894016937e-09],
        "dmean2": [4.28318026024e-06, 0.000152489752509, 0.000326988083543, 0.000398149248213, 0.00120388239156, 0.00123026769143, 0.000991550507024, 0.000998493283987, 0.000580781023018, 0.000876569363754, 0.000325207569404, 0.000211941325688, 0.000144568286487, 0.000282387947664, 0.000224657182116, 5.43990317965e-05, 5.9428417444e-05, 2.21988775593e-05, 1.64083521668e-05, 1.00451607068e-05, 7.77253899287e-06, 5.10839254275e-06, 2.76450850833e-06, 1.16251408144e-06, 3.12321134288e-07, 4.27431992023e-08, 2.16419238086e-09],
        "dvar": [1.27782671597e-11, 1.62384239388e-08, 7.7643939278e-08, 8.98043595043e-08, 1.40050042319e-06, 1.31491663069e-06, 4.31087028119e-06, 4.3610953071e-06, 8.36092397094e-07, 3.39470716426e-06, 2.08487364262e-07, 1.96255754759e-07, 1.60031028429e-08, 4.48705094414e-07, 3.77894735948e-07, 6.22815621298e-09, 4.52078463553e-09, 9.98437443833e-10, 3.90938809103e-10, 5.00676611281e-10, 4.50676829189e-10, 3.67243957466e-10, 8.33116006738e-11, 1.214604025e-11, 9.61985482592e-13, 2.42453016756e-15, 3.97334346083e-18],
        "dvar2": [3.9221462883e-11, 4.13335108362e-08, 2.20114046101e-07, 2.02657048476e-07, 3.52024562744e-06, 3.65860046259e-06, 6.71730958857e-06, 7.1546601248e-06, 2.17714250539e-06, 5.91920570514e-06, 4.86166641167e-07, 4.24042184477e-07, 3.93352372896e-08, 8.35006687794e-07, 6.77714808717e-07, 1.02712718331e-08, 1.05347748303e-08, 1.81552139988e-09, 8.18755951926e-10, 1.19835996681e-09, 1.09103237556e-09, 8.42546254987e-10, 2.3212272382e-10, 3.11876427461e-11, 2.76022520812e-12, 6.36440227776e-15, 1.1696867393e-17],
        "max": [3.04012373817e-05, 0.00138953945134, 0.00389221357182, 0.00687051471323, 0.0202845297754, 0.0222276337445, 0.0452954396605, 0.0496117919683, 0.0139866014943, 0.0297578517348, 0.00883295759559, 0.007972355932, 0.00174344005063, 0.0136635908857, 0.013171095401, 0.00245033623651, 0.00109078187961, 0.000708076113369, 0.000354602787411, 0.000443310156697, 0.000282624678221, 0.000409320782637, 0.000112335510494, 4.27662416769e-05, 1.45316125781e-05, 1.04952323454e-06, 2.05814139065e-08],
        "mean": [2.57616989074e-06, 0.000188993624761, 0.000367224653019, 0.000654182163998, 0.00336310476996, 0.00245315814391, 0.00294301682152, 0.00183360569645, 0.000821300491225, 0.0014962379355, 0.000449927261798, 0.000296949816402, 0.000174966466147, 0.000580140098464, 0.000301074091112, 8.66264163051e-05, 7.54550856072e-05, 3.19987957482e-05, 2.67591312877e-05, 1.21023513202e-05, 7.8965922512e-06, 4.87900433654e-06, 1.8395232928e-06, 9.33710111894e-07, 2.7430053251e-07, 3.4834812368e-08, 1.06267372679e-09],
        "median": [1.28237309127e-06, 0.000127662642626, 0.000242102163611, 0.000412150518969, 0.00211526243947, 0.00183908001054, 0.000614273827523, 0.00037249198067, 0.000332920753863, 0.000166667188751, 0.000193696978386, 5.34379068995e-05, 9.83996214927e-05, 8.79445651663e-05, 7.06291175447e-05, 4.3584863306e-05, 3.37922247127e-05, 1.25184287754e-05, 1.45465992318e-05, 4.38728784502e-06, 2.03082436201e-06, 1.11740871489e-06, 5.66106336919e-07, 3.4248847669e-07, 1.66408725022e-07, 2.2915838116e-08, 3.14267750712e-10],
        "min": [6.05665691211e-12, 3.62416325249e-12, 1.54982571915e-11, 3.0890363184e-11, 6.54968246305e-10, 2.64331945221e-10, 1.70979425063e-10, 2.76328369908e-11, 4.99317323599e-11, 1.02175282124e-10, 4.38375238887e-11, 1.94718755009e-11, 2.51655467298e-11, 9.76052051682e-12, 1.25275276264e-11, 1.72252160452e-11, 3.38222887197e-11, 4.45282656233e-12, 1.05559241903e-11, 7.86534552766e-12, 3.30184577596e-12, 5.2606283045e-12, 6.90382039731e-12, 6.38636626221e-12, 8.43059476396e-12, 9.75759837513e-12, 1.55908272403e-11],
        "var": [1.3416578612e-11, 3.99404740392e-08, 1.56642741445e-07, 5.87896977322e-07, 1.17979097922e-05, 5.38280801266e-06, 4.06338876928e-05, 2.25786825467e-05, 2.05215246751e-06, 1.28411538753e-05, 6.95411472407e-07, 6.32355863672e-07, 4.99605796733e-08, 2.22031553676e-06, 9.39377628129e-07, 2.80005405529e-08, 1.46740140039e-08, 4.0721346295e-09, 1.66547664548e-09, 8.44062097993e-10, 5.92212445749e-10, 4.44154824031e-10, 5.75470469888e-11, 1.0925135796e-11, 6.546329776e-13, 2.98310350353e-15, 3.57173155701e-18]
    },
    "erbbands": {
        "dmean": [0.00181122438516, 0.026790658012, 0.178356856108, 0.526041686535, 1.34610772133, 3.81030869484, 4.36219787598, 6.77723693848, 6.47198057175, 18.7246570587, 15.4518184662, 8.54941749573, 21.0655918121, 8.60778999329, 7.19781589508, 7.09024953842, 4.35369873047, 10.9502916336, 8.88599300385, 4.5282998085, 1.82414901257, 1.31125974655, 0.765761256218, 0.662640154362, 0.414240688086, 0.354615956545, 0.237718582153, 0.163519218564, 0.113639511168, 0.0848903879523, 0.0398090220988, 0.0211024172604, 0.00792642682791, 0.00266032852232, 0.000920129998121, 0.000179585302249, 3.76901443815e-05, 4.83062603962e-06, 1.39271708122e-06, 3.14950261782e-06],
        "dmean2": [0.00316879455931, 0.0409656502306, 0.28739631176, 0.786374330521, 1.96927177906, 5.00310754776, 5.86366987228, 11.1093635559, 10.1317081451, 26.2825698853, 19.306344986, 12.3471822739, 30.0535774231, 14.3987445831, 10.6978673935, 10.3402299881, 6.62574911118, 15.4777498245, 12.5959882736, 7.52363395691, 2.8550722599, 2.14698934555, 1.23426055908, 1.01256763935, 0.657298743725, 0.578505277634, 0.365672856569, 0.22442920506, 0.167321577668, 0.142637819052, 0.0675663053989, 0.0359313003719, 0.013708986342, 0.00469565438107, 0.00162852497306, 0.000310468691168, 6.3625157054e-05, 8.3184813775e-06, 1.96342716663e-06, 4.47948241344e-06],
        "dvar": [7.52718096919e-06, 0.00118082377594, 0.0628965944052, 0.378623634577, 2.12906837463, 31.0433921814, 35.8017654419, 109.98274231, 126.189315796, 3043.84570312, 2898.23095703, 267.927459717, 4423.35400391, 1351.59814453, 255.219985962, 476.951812744, 32.0272789001, 1300.42419434, 1376.56506348, 55.9726028442, 25.7304992676, 5.38182640076, 1.49277484417, 2.05509519577, 1.01703953743, 1.33024287224, 1.27887403965, 0.438680887222, 0.247962415218, 0.364802002907, 0.0666645243764, 0.0119276503101, 0.00163338298444, 0.000166149286088, 1.97209883481e-05, 2.68329614528e-07, 4.08702938159e-09, 8.20995979534e-11, 7.55061464741e-12, 3.60054139281e-11],
        "dvar2": [2.38003995037e-05, 0.00306585943326, 0.176731154323, 0.836761057377, 4.80490779877, 80.51587677, 77.685874939, 331.097351074, 290.536712646, 4880.75195312, 4090.84277344, 605.623413086, 7832.72509766, 2725.75366211, 628.51953125, 1014.1461792, 68.0004730225, 2466.13134766, 2392.77148438, 134.08013916, 40.5539245605, 12.8528137207, 3.13075947762, 4.14061832428, 1.96379780769, 3.07611131668, 3.24690961838, 0.909579634666, 0.501142919064, 0.955097973347, 0.180762603879, 0.0303810164332, 0.00449277181178, 0.000472012034152, 5.66330345464e-05, 7.28988993615e-07, 1.08060271842e-08, 2.2218421547e-10, 1.43447666939e-11, 6.72687877623e-11],
        "max": [0.0356262885034, 0.397200584412, 3.71196126938, 11.0153770447, 23.2338905334, 91.6755599976, 95.9508743286, 196.270477295, 236.440826416, 1173.99853516, 1336.50756836, 237.615661621, 1137.23339844, 719.772460938, 286.570678711, 405.971557617, 105.876792908, 695.774719238, 772.805725098, 120.236427307, 154.4506073, 35.0127410889, 24.2555713654, 25.1275997162, 19.0592899323, 18.204164505, 17.4550571442, 12.7060232162, 7.6012802124, 13.025762558, 5.05080461502, 1.39624238014, 0.657313704491, 0.181650951505, 0.0647651851177, 0.0107550360262, 0.00137309194542, 0.000164738827152, 5.57279272471e-05, 0.000125647478853],
        "mean": [0.00334299402311, 0.0541829206049, 0.345548391342, 1.41120684147, 3.694647789, 14.8463182449, 15.258808136, 21.0734367371, 20.3379154205, 69.5284042358, 40.373260498, 21.8790283203, 57.4757957458, 18.4698638916, 16.3009815216, 15.6837749481, 10.3174791336, 31.7085151672, 17.9803504944, 9.3566865921, 4.50807905197, 3.14134216309, 1.87180805206, 1.80818104744, 1.04708504677, 0.711363732815, 0.367542982101, 0.272813171148, 0.173599615693, 0.0962165445089, 0.0465146154165, 0.0266004242003, 0.0112915150821, 0.00423859711736, 0.00140804215334, 0.000277491169982, 5.31104305992e-05, 6.4917085183e-06, 8.17416275822e-06, 1.84546206583e-05],
        "median": [0.00190242205281, 0.0382919609547, 0.246852353215, 1.02552032471, 2.97095298767, 8.53398799896, 10.6061725616, 16.0345802307, 9.37856769562, 12.2562179565, 6.83954906464, 8.87993717194, 6.65780973434, 4.28266096115, 7.39822149277, 3.2269718647, 5.17801952362, 3.73271870613, 3.78169965744, 4.22683620453, 2.06647539139, 1.45276653767, 0.983905732632, 0.800158917904, 0.498090833426, 0.251058608294, 0.10410989821, 0.0683600977063, 0.0408124886453, 0.0277224183083, 0.0143193043768, 0.00863061938435, 0.00503004202619, 0.00250396970659, 0.000805587973446, 0.000188249759958, 3.3018834074e-05, 2.91029186883e-06, 4.94475534651e-06, 1.13619471449e-05],
        "min": [1.12657654039e-10, 1.14509435267e-09, 1.43046374745e-08, 7.48551798324e-08, 5.68400878365e-07, 2.89237550533e-06, 1.38244161008e-06, 2.16778676077e-06, 3.22224673255e-06, 1.49238576341e-06, 4.99799625686e-07, 1.4080942492e-06, 2.87435591417e-06, 2.00119256988e-06, 1.60781837621e-06, 8.04853812042e-07, 1.17772628982e-06, 6.1282344177e-07, 3.48675143869e-07, 1.38789482662e-06, 6.16306635948e-07, 1.70103476194e-06, 7.67945493862e-07, 5.71246403069e-07, 3.05271527168e-07, 4.77657920328e-07, 1.75734342633e-07, 1.45440552046e-07, 1.67890362945e-07, 1.59466480909e-07, 2.00564130637e-07, 1.32170512757e-07, 1.18016622253e-07, 9.60924282367e-08, 5.22279428594e-08, 4.14069099008e-08, 1.85091533211e-08, 7.20922876951e-09, 1.68037406212e-09, 2.70040850792e-10],
        "var": [1.70877719938e-05, 0.00297565432265, 0.119027644396, 1.92302072048, 9.76163101196, 266.036865234, 227.213821411, 399.903137207, 783.452270508, 27642.0917969, 14038.4980469, 988.284729004, 18174.3339844, 2336.34887695, 772.808837891, 1635.1159668, 185.472412109, 6536.96923828, 3503.41723633, 179.639022827, 102.320465088, 21.7531280518, 6.99633979797, 9.63038921356, 3.53116703033, 2.63873457909, 1.42496716976, 0.792898058891, 0.37549829483, 0.287690579891, 0.0477460362017, 0.0105633828789, 0.0012935353443, 0.000120146884001, 1.541405436e-05, 2.54359321161e-07, 5.73554981287e-09, 1.10597773995e-10, 8.05839769913e-11, 4.00978916737e-10]
    },
    "gfcc": {
        "mean": [-112.262458801, 176.496887207, -148.091842651, 4.64272022247, -60.7894554138, -12.9262914658, -42.8006095886, -12.8604717255, -16.9566612244, -12.6512489319, -5.73494338989, -15.4534425735, -0.414318710566],
        "cov": [[7578.41113281, 177.280288696, -433.792327881, -72.9546356201, -181.816680908, 178.411422729, 303.920715332, 58.3629226685, 202.613449097, 105.913002014, 12.1215229034, -161.859649658, 17.1174106598], [177.280288696, 203.01739502, 37.3040275574, 4.28294229507, 50.2984046936, -21.9301986694, 11.1898784637, -9.87792015076, 24.2563800812, -15.334271431, 40.0755729675, -9.33093929291, 30.2187023163], [-433.792327881, 37.3040275574, 309.080078125, 121.341369629, 69.3727798462, -5.36294126511, -86.9963150024, -3.38960242271, -75.3260574341, -12.8542308807, -2.77846050262, 65.5338973999, 14.9472751617], [-72.9546356201, 4.28294229507, 121.341369629, 154.231796265, 35.542881012, 32.4125671387, -40.0461158752, -3.47121524811, -34.3898582458, -22.026134491, 9.57324028015, 25.6448307037, 22.8999137878], [-181.816680908, 50.2984046936, 69.3727798462, 35.542881012, 80.2411422729, 9.27063369751, -16.8644962311, 1.97419965267, -20.0130348206, -2.34849619865, 3.15134811401, 22.9517059326, 8.03322887421], [178.411422729, -21.9301986694, -5.36294126511, 32.4125671387, 9.27063369751, 77.0494689941, 23.0437068939, 17.9442234039, 0.895101368427, 8.82199859619, 0.783456921577, 0.421592593193, 0.00243681808934], [303.920715332, 11.1898784637, -86.9963150024, -40.0461158752, -16.8644962311, 23.0437068939, 88.8374328613, 28.4520606995, 42.4735031128, 19.1536369324, 4.9961476326, -12.5386295319, -6.26100873947], [58.3629226685, -9.87792015076, -3.38960242271, -3.47121524811, 1.97419965267, 17.9442234039, 28.4520606995, 55.8650474548, 27.8177547455, 22.8511829376, -6.28148460388, 3.11200428009, -8.18191242218], [202.613449097, 24.2563800812, -75.3260574341, -34.3898582458, -20.0130348206, 0.895101368427, 42.4735031128, 27.8177547455, 82.3990936279, 28.1594696045, 10.9141731262, -27.4196224213, -4.02627801895], [105.913002014, -15.334271431, -12.8542308807, -22.026134491, -2.34849619865, 8.82199859619, 19.1536369324, 22.8511829376, 28.1594696045, 53.0960884094, 6.56604290009, -0.0857194215059, -16.1655025482], [12.1215229034, 40.0755729675, -2.77846050262, 9.57324028015, 3.15134811401, 0.783456921577, 4.9961476326, -6.28148460388, 10.9141731262, 6.56604290009, 50.3453025818, 9.80329799652, 11.3678398132], [-161.859649658, -9.33093929291, 65.5338973999, 25.6448307037, 22.9517059326, 0.421592593193, -12.5386295319, 3.11200428009, -27.4196224213, -0.0857194215059, 9.80329799652, 58.7805290222, 14.8765544891], [17.1174106598, 30.2187023163, 14.9472751617, 22.8999137878, 8.03322887421, 0.00243681808934, -6.26100873947, -8.18191242218, -4.02627801895, -16.1655025482, 11.3678398132, 14.8765544891, 46.8628501892]],
        "icov": [[0.000201505128643, -0.000639177334961, 0.00027363843401, -0.000321423547575, 0.000794665655121, -0.000473769381642, -0.000271777564194, 0.000184971242561, 0.000237225263845, -0.000757460657042, 0.000626311462838, -5.37561281817e-05, -0.000107636937173], [-0.000639177334961, 0.0163025520742, -0.00634750723839, 0.00452474411577, -0.0132678886876, 0.00592490145937, -0.00578746432438, 0.00113959284499, -0.00594968628138, 0.00922248326242, -0.0131670776755, 0.0108107523993, -0.00633327942342], [0.00027363843401, -0.00634750723839, 0.0108334580436, -0.00626553362235, 0.00245256326161, 6.1978251324e-05, 0.0065292767249, -0.00326875690371, 0.00544467614964, -0.00593095272779, 0.00607663625851, -0.00824403483421, 0.00304551515728], [-0.000321423547575, 0.00452474411577, -0.00626553362235, 0.014761229977, -0.00438448600471, -0.00529223866761, 0.00207731756382, -0.00104404450394, -0.00263877515681, 0.0079405028373, -0.00688942568377, 0.00360114546493, -0.00412750989199], [0.000794665655121, -0.0132678886876, 0.00245256326161, -0.00438448600471, 0.0274962540716, -0.0070304106921, 0.00414381735027, -0.00118297815789, 0.00553587265313, -0.0083334017545, 0.0102718714625, -0.0105637572706, 0.00372231961228], [-0.000473769381642, 0.00592490145937, 6.1978251324e-05, -0.00529223866761, -0.0070304106921, 0.0222603604198, -0.00774458423257, -0.00438409298658, 0.00365988234989, -0.000997741124593, -0.00456224521622, 0.00615437328815, -0.00255405995995], [-0.000271777564194, -0.00578746432438, 0.0065292767249, 0.00207731756382, 0.00414381735027, -0.00774458423257, 0.0262548290193, -0.00815351027995, -0.00306338444352, -0.000780408270657, 0.00241760956123, -0.00811904855072, 0.00356632750481], [0.000184971242561, 0.00113959284499, -0.00326875690371, -0.00104404450394, -0.00118297815789, -0.00438409298658, -0.00815351027995, 0.0335170440376, -0.0127069260925, -0.00555331632495, 0.00828691665083, -0.00622480362654, 0.00267435633577], [0.000237225263845, -0.00594968628138, 0.00544467614964, -0.00263877515681, 0.00553587265313, 0.00365988234989, -0.00306338444352, -0.0127069260925, 0.0322576723993, -0.0140431327745, -0.00208136509173, 0.00920070614666, -0.00476285675541], [-0.000757460657042, 0.00922248326242, -0.00593095272779, 0.0079405028373, -0.0083334017545, -0.000997741124593, -0.000780408270657, -0.00555331632495, -0.0140431327745, 0.0388575904071, -0.0128441704437, -0.000504640571307, 0.00816940050572], [0.000626311462838, -0.0131670776755, 0.00607663625851, -0.00688942568377, 0.0102718714625, -0.00456224521622, 0.00241760956123, 0.00828691665083, -0.00208136509173, -0.0128441704437, 0.0369633361697, -0.0154502335936, 0.00102819071617], [-5.37561281817e-05, 0.0108107523993, -0.00824403483421, 0.00360114546493, -0.0105637572706, 0.00615437328815, -0.00811904855072, -0.00622480362654, 0.00920070614666, -0.000504640571307, -0.0154502335936, 0.0394416861236, -0.0145991705358], [-0.000107636937173, -0.00633327942342, 0.00304551515728, -0.00412750989199, 0.00372231961228, -0.00255405995995, 0.00356632750481, 0.00267435633577, -0.00476285675541, 0.00816940050572, 0.00102819071617, -0.0145991705358, 0.0336070135236]]
    },
    "melbands": {
        "dmean": [2.0515453798e-05, 6.71627058182e-05, 0.000110931789095, 0.000155669462401, 0.000168821585248, 0.000156011214131, 0.000108274878585, 0.000180948554771, 0.000117061135825, 5.33701750101e-05, 0.000105164195702, 3.56880373147e-05, 3.17026424455e-05, 1.63558142958e-05, 1.22431420095e-05, 1.28264018713e-05, 2.1016880055e-05, 1.366329343e-05, 7.73931060394e-06, 4.22398397859e-06, 2.69739894065e-06, 1.6407932435e-06, 1.26454040128e-06, 9.30498003981e-07, 5.84756435273e-07, 3.0765230008e-07, 2.8089556281e-07, 2.46315210006e-07, 1.2341327249e-07, 1.39480746952e-07, 9.81017578283e-08, 7.46152650777e-08, 5.21140002263e-08, 4.28727275903e-08, 2.52418210778e-08, 1.78866876865e-08, 1.22399699265e-08, 6.39871666763e-09, 4.02078770279e-09, 1.74495606853e-09],
        "dmean2": [3.35524600814e-05, 0.000107651358121, 0.000165768564329, 0.00021110229136, 0.00022568712302, 0.0002513366926, 0.00016540386423, 0.000260372005869, 0.000143349985592, 8.02243157523e-05, 0.000150036299601, 6.04934393778e-05, 4.61802119389e-05, 2.38875563809e-05, 1.85691988008e-05, 1.80326078407e-05, 2.99740058836e-05, 1.95396551135e-05, 1.17276240417e-05, 7.08756306267e-06, 4.2637216211e-06, 2.67414566224e-06, 2.21421169044e-06, 1.45884735048e-06, 9.01243424778e-07, 4.95975370995e-07, 4.58504842982e-07, 3.98860635187e-07, 1.9675873375e-07, 2.08851673733e-07, 1.35456531325e-07, 1.12177673373e-07, 8.40271070501e-08, 7.41944248261e-08, 4.23372519265e-08, 3.18156914147e-08, 2.04289811734e-08, 1.12390807772e-08, 6.85924295141e-09, 3.16598125494e-09],
        "dvar": [8.0735190755e-10, 9.09843755892e-09, 1.41546490084e-08, 3.95589125901e-08, 5.43851363943e-08, 5.82865631316e-08, 4.56040787356e-08, 2.69063008318e-07, 1.64178374007e-07, 1.36360878145e-08, 1.11292585814e-07, 2.62164601139e-08, 3.96783095269e-09, 2.53787901805e-09, 6.86503853764e-10, 8.45889747136e-10, 5.54760815064e-09, 2.91807067399e-09, 7.60876417427e-10, 3.85756947219e-11, 5.32779306783e-11, 1.19437420024e-11, 3.3128868572e-12, 4.23663231233e-12, 1.78824641726e-12, 3.44519958352e-13, 1.24770820845e-12, 6.955556465e-13, 3.4334614687e-13, 3.25158655426e-13, 2.04972608439e-13, 1.3371077791e-13, 2.10398728604e-13, 6.23943103672e-14, 3.63715507094e-14, 1.0240285284e-14, 3.54809353759e-15, 1.34132452934e-15, 3.28524296161e-16, 6.81356148273e-17],
        "dvar2": [2.16452455959e-09, 2.61730903617e-08, 3.24621325376e-08, 1.07137601901e-07, 1.22722155993e-07, 1.66541582303e-07, 9.53928989134e-08, 4.57322983038e-07, 2.24991651976e-07, 3.39235377567e-08, 1.98106775429e-07, 5.29636068336e-08, 8.91850326923e-09, 5.57012125313e-09, 1.52639012541e-09, 1.49208945199e-09, 1.07233457669e-08, 5.02381691803e-09, 1.47572853937e-09, 9.65089883009e-11, 8.92227611238e-11, 2.80528794638e-11, 8.91388872437e-12, 7.92952942891e-12, 3.70362508023e-12, 6.26987394295e-13, 2.94010519056e-12, 1.55536586215e-12, 8.97727909805e-13, 7.81232717406e-13, 4.20348543299e-13, 2.39157380965e-13, 5.44733962798e-13, 1.68995487092e-13, 9.85135706192e-14, 2.77628584049e-14, 8.88772782719e-15, 3.84598062558e-15, 9.18815813161e-16, 1.97216838396e-16],
        "max": [0.000349035311956, 0.00143035908695, 0.00253080297261, 0.00359503296204, 0.00429285271093, 0.00451081618667, 0.0036060246639, 0.0108263902366, 0.00994307920337, 0.00191386695951, 0.00565543491393, 0.00318310619332, 0.0013399933232, 0.000878786260728, 0.000469243648695, 0.000695491442457, 0.00155360868666, 0.00110665953252, 0.000598447048105, 7.71066916059e-05, 0.000203504416277, 5.27197043994e-05, 2.29326997214e-05, 4.53046704934e-05, 2.58655672951e-05, 1.29949576149e-05, 2.83880635834e-05, 1.41081900438e-05, 8.21529010864e-06, 8.04757382866e-06, 9.50363391894e-06, 6.8104982347e-06, 1.07862160803e-05, 4.02098976338e-06, 4.05567698181e-06, 1.36198104883e-06, 6.77159391671e-07, 6.65533207211e-07, 2.73971892284e-07, 1.37821402291e-07],
        "mean": [4.14825553889e-05, 0.000143181910971, 0.000301782041788, 0.000610859598964, 0.000653789727949, 0.000487789511681, 0.000382118829293, 0.000666139647365, 0.000286894181045, 0.00012942730973, 0.00028325850144, 6.67650456307e-05, 6.61952944938e-05, 3.40037513524e-05, 2.60559081653e-05, 3.37162236974e-05, 5.87958384131e-05, 2.6658482966e-05, 1.6139143554e-05, 8.28675274533e-06, 5.47239733351e-06, 3.5904354263e-06, 2.14693227463e-06, 1.90493062746e-06, 1.47417722474e-06, 7.59976614972e-07, 5.56195061563e-07, 4.61596755486e-07, 1.8800325563e-07, 2.0182962146e-07, 1.5876452153e-07, 1.14677597196e-07, 6.01735905548e-08, 4.76119268455e-08, 2.8724137735e-08, 2.00536156569e-08, 1.49671492977e-08, 8.13664513544e-09, 5.84873749432e-09, 2.68891509059e-09],
        "median": [2.69665215455e-05, 0.000102294630778, 0.000240150649915, 0.000429025996709, 0.000437004811829, 0.000358613382559, 0.000144265868585, 0.000125598991872, 5.53185527679e-05, 4.97330584039e-05, 3.181070133e-05, 1.44010300573e-05, 2.78466886812e-05, 7.04457215761e-06, 1.1689123312e-05, 8.44330952532e-06, 7.47124568079e-06, 6.38418805465e-06, 4.69001452075e-06, 4.19910429628e-06, 2.22981998377e-06, 1.46672016399e-06, 1.25656902128e-06, 7.24091819393e-07, 6.27158613042e-07, 4.57804929965e-07, 2.39341574115e-07, 1.41497778827e-07, 6.54071357076e-08, 5.08201623006e-08, 3.47193847006e-08, 2.36601103154e-08, 1.72473200166e-08, 1.40335805199e-08, 8.58848459018e-09, 5.87085491333e-09, 4.7616977028e-09, 3.59257379401e-09, 2.85395507227e-09, 1.80402992545e-09],
        "min": [1.26879810911e-12, 5.18936716515e-12, 1.43930804775e-11, 1.59615570761e-10, 6.34326619009e-11, 5.51191349507e-11, 4.42922261368e-11, 1.31250002186e-11, 4.39432821728e-12, 8.03931747562e-12, 1.48542497747e-11, 8.23481040302e-12, 6.31029646939e-12, 2.35601772466e-12, 2.4386998497e-12, 2.24042919633e-12, 9.70426213345e-13, 5.12177702593e-13, 1.22693272642e-12, 1.00240584062e-12, 5.47235488261e-13, 1.44379723021e-12, 2.01295447325e-12, 1.12823826345e-13, 5.21704478663e-13, 2.46706003066e-13, 1.90800039613e-13, 3.51360840379e-13, 9.97792953404e-14, 9.15516984055e-14, 7.89910061731e-14, 9.86593958114e-14, 9.94204176451e-14, 8.02512827784e-14, 1.07566089553e-13, 1.11078938474e-13, 7.61168200952e-14, 9.49911265098e-14, 7.25481754207e-14, 8.00946087882e-14],
        "var": [2.11296002917e-09, 1.99748804164e-08, 7.47536716972e-08, 3.13817594133e-07, 4.49569597549e-07, 2.33268664829e-07, 3.4630573964e-07, 2.432145493e-06, 7.42121983421e-07, 4.06159301747e-08, 4.50004250752e-07, 4.01588344801e-08, 1.48768570796e-08, 7.72260477788e-09, 2.29413377184e-09, 5.54171730727e-09, 2.48624374422e-08, 7.51643813857e-09, 1.8674308766e-09, 1.19818030497e-10, 1.85370788164e-10, 3.92986823639e-11, 7.04166542784e-12, 1.61878965094e-11, 7.49701342673e-12, 1.37921098153e-12, 1.93567059083e-12, 1.42690655298e-12, 3.48559912487e-13, 4.16817134193e-13, 3.6896307949e-13, 2.20011603879e-13, 1.69634299012e-13, 4.61336020384e-14, 2.55378028024e-14, 7.4864464942e-15, 3.35371387575e-15, 9.51411229158e-16, 2.59945332378e-16, 4.62932854043e-17]
    },
    "mfcc": {
        "mean": [-741.262390137, 198.551513672, -25.8199310303, 12.2566633224, -5.02809619904, -7.36088418961, -15.1950950623, -10.5685949326, -11.7839221954, -4.13425016403, -6.12222576141, -8.07025909424, -6.50823640823],
        "cov": [[5537.92626953, 942.671508789, -805.43371582, 8.67209911346, -469.233154297, 127.111686707, -67.1955947876, 62.4624557495, 108.667495728, 245.550765991, 118.500221252, 60.4305992126, -53.1457595825], [942.671508789, 548.127563477, -138.167282104, 76.3559799194, 13.2501621246, 0.15271705389, 3.49247097969, -7.38209438324, -10.0936174393, 6.45400953293, 7.87555456161, -0.152158275247, 16.6996040344], [-805.43371582, -138.167282104, 251.629928589, 65.7030029297, 103.832115173, -1.81246864796, 14.718791008, 4.99913167953, -27.6985988617, -49.6391601562, -36.6878967285, -21.8670749664, 22.0113716125], [8.67209911346, 76.3559799194, 65.7030029297, 136.552856445, 71.7259902954, 12.6605081558, 14.99376297, 9.39058494568, -19.6529121399, -28.1499042511, -24.2735824585, -20.3767242432, 16.0962810516], [-469.233154297, 13.2501621246, 103.832115173, 71.7259902954, 142.83543396, 11.8672475815, 20.1594333649, 2.68062496185, -23.8819007874, -38.243560791, -29.9730091095, -22.5122241974, 18.6001720428], [127.111686707, 0.15271705389, -1.81246864796, 12.6605081558, 11.8672475815, 52.2697257996, 22.2906856537, 11.5225315094, 0.897259116173, 5.32229614258, -2.00523138046, -4.18970537186, 3.76743268967], [-67.1955947876, 3.49247097969, 14.718791008, 14.99376297, 20.1594333649, 22.2906856537, 51.1951026917, 19.1727523804, -3.51920366287, -8.66612052917, -5.27834939957, -2.05018544197, 7.12374162674], [62.4624557495, -7.38209438324, 4.99913167953, 9.39058494568, 2.68062496185, 11.5225315094, 19.1727523804, 45.39427948, 17.135389328, 1.26796960831, -0.983011543751, 1.50666213036, 6.40454006195], [108.667495728, -10.0936174393, -27.6985988617, -19.6529121399, -23.8819007874, 0.897259116173, -3.51920366287, 17.135389328, 54.0833206177, 34.0831718445, 13.0279874802, 7.9276881218, 0.116827808321], [245.550765991, 6.45400953293, -49.6391601562, -28.1499042511, -38.243560791, 5.32229614258, -8.66612052917, 1.26796960831, 34.0831718445, 72.6739730835, 34.69323349, 11.1290454865, -2.31788802147], [118.500221252, 7.87555456161, -36.6878967285, -24.2735824585, -29.9730091095, -2.00523138046, -5.27834939957, -0.983011543751, 13.0279874802, 34.69323349, 60.0741539001, 29.0726737976, -3.25600075722], [60.4305992126, -0.152158275247, -21.8670749664, -20.3767242432, -22.5122241974, -4.18970537186, -2.05018544197, 1.50666213036, 7.9276881218, 11.1290454865, 29.0726737976, 54.642993927, 15.142824173], [-53.1457595825, 16.6996040344, 22.0113716125, 16.0962810516, 18.6001720428, 3.76743268967, 7.12374162674, 6.40454006195, 0.116827808321, -2.31788802147, -3.25600075722, 15.142824173, 47.2589645386]],
