{
"lowlevel": {
    "average_loudness": 0.926887750626,
    "barkbands_crest": {
        "dmean": 3.03534221649,
        "dmean2": 4.86351156235,
        "dvar": 6.28932523727,
        "dvar2": 15.5915975571,
        "max": 23.4727802277,
        "mean": 10.0310316086,
        "median": 9.30996608734,
        "min": 2.31258511543,
        "var": 20.2672519684
    },
    "barkbands_flatness_db": {
        "dmean": 0.0242177546024,
        "dmean2": 0.0389606468379,
        "dvar": 0.000460843439214,
        "dvar2": 0.00115374824964,
        "max": 0.341883212328,
        "mean": 0.143417716026,
        "median": 0.13161572814,
        "min": 0.0640346631408,
        "var": 0.00233053299598
    },
    "barkbands_kurtosis": {
        "dmean": 4.14682817459,
        "dmean2": 7.07941818237,
        "dvar": 72.8022460938,
        "dvar2": 198.596313477,
        "max": 132.485107422,
        "mean": 4.6963558197,
        "median": 0.155461788177,
        "min": -1.85139608383,
        "var": 162.817123413
    },
    "barkbands_skewness": {
        "dmean": 0.736840367317,
        "dmean2": 1.1836732626,
        "dvar": 0.64608579874,
        "dvar2": 1.55131781101,
        "max": 10.815785408,
        "mean": 1.53592085838,
        "median": 1.07195234299,
        "min": -1.6074192524,
        "var": 2.82893443108
    },
    "barkbands_spread": {
        "dmean": 10.1559457779,
        "dmean2": 15.8894987106,
        "dvar": 84.9892730713,
        "dvar2": 192.360778809,
        "max": 94.4706726074,
        "mean": 35.8871002197,
        "median": 36.3662605286,
        "min": 2.23426055908,
        "var": 268.493682861
    },
    "dissonance": {
        "dmean": 0.0153039814904,
        "dmean2": 0.0253736097366,
        "dvar": 0.000270457589068,
        "dvar2": 0.000706687336788,
        "max": 0.499992758036,
        "mean": 0.472937971354,
        "median": 0.477481871843,
        "min": 0.273649066687,
        "var": 0.000385254068533
    },
    "dynamic_complexity": 3.864184618,
    "erbbands_crest": {
        "dmean": 3.36335396767,
        "dmean2": 5.59590625763,
        "dvar": 16.0293598175,
        "dvar2": 41.4355125427,
        "max": 28.9850597382,
        "mean": 8.39021873474,
        "median": 6.33999633789,
        "min": 2.14752984047,
        "var": 29.7259941101
    },
    "erbbands_flatness_db": {
        "dmean": 0.0176009070128,
        "dmean2": 0.0259686093777,
        "dvar": 0.000340581056662,
        "dvar2": 0.000760713941418,
        "max": 0.335103809834,
        "mean": 0.155055582523,
        "median": 0.145632520318,
        "min": 0.0961887314916,
        "var": 0.0013534752652
    },
    "erbbands_kurtosis": {
        "dmean": 0.797706902027,
        "dmean2": 1.34466433525,
        "dvar": 2.400649786,
        "dvar2": 6.55787038803,
        "max": 16.7325935364,
        "mean": -0.391132295132,
        "median": -0.761678218842,
        "min": -1.71022462845,
        "var": 2.1381278038
    },
    "erbbands_skewness": {
        "dmean": 0.410145908594,
        "dmean2": 0.616883575916,
        "dvar": 0.151698678732,
        "dvar2": 0.34243246913,
        "max": 2.43826580048,
        "mean": -0.0312676168978,
        "median": -0.0665477216244,
        "min": -2.45266747475,
        "var": 0.379634857178
    },
    "erbbands_spread": {
        "dmean": 11.8574666977,
        "dmean2": 18.3038005829,
        "dvar": 131.105606079,
        "dvar2": 308.8203125,
        "max": 138.225540161,
        "mean": 57.9725265503,
        "median": 54.0998687744,
        "min": 6.56851959229,
        "var": 581.04309082
    },
    "hfc": {
        "dmean": 10.7370519638,
        "dmean2": 12.3193149567,
        "dvar": 257.633300781,
        "dvar2": 351.490234375,
        "max": 193.351776123,
        "mean": 20.8563518524,
        "median": 9.15831947327,
        "min": 6.92397516104e-05,
        "var": 758.218688965
    },
    "melbands_crest": {
        "dmean": 3.92369318008,
        "dmean2": 6.53447961807,
        "dvar": 8.93126678467,
        "dvar2": 24.7851772308,
        "max": 30.2148113251,
        "mean": 15.15442276,
        "median": 14.7559432983,
        "min": 3.27955675125,
        "var": 28.5491485596
    },
    "melbands_flatness_db": {
        "dmean": 0.0322703868151,
        "dmean2": 0.0508698225021,
        "dvar": 0.000804847630206,
        "dvar2": 0.00192333362065,
        "max": 0.40845516324,
        "mean": 0.161300197244,
        "median": 0.150389194489,
        "min": 0.0307672638446,
        "var": 0.00512909842655
    },
    "melbands_kurtosis": {
        "dmean": 17.0111217499,
        "dmean2": 28.7028617859,
        "dvar": 1084.31311035,
        "dvar2": 2884.15478516,
        "max": 591.851379395,
        "mean": 27.7060317993,
        "median": 8.43192481995,
        "min": -1.64717626572,
        "var": 2757.68139648
    },
    "melbands_skewness": {
        "dmean": 1.22612833977,
        "dmean2": 1.93740713596,
        "dvar": 1.84499704838,
        "dvar2": 4.45842504501,
        "max": 19.8437423706,
        "mean": 3.58938360214,
        "median": 2.70286440849,
        "min": -0.972059607506,
        "var": 8.49259853363
    },
    "melbands_spread": {
        "dmean": 13.6096506119,
        "dmean2": 21.2801609039,
        "dvar": 220.000457764,
        "dvar2": 491.849487305,
        "max": 205.135574341,
        "mean": 36.7704086304,
        "median": 33.4153938293,
        "min": 1.01666593552,
        "var": 642.611755371
    },
    "pitch_salience": {
        "dmean": 0.0813536271453,
        "dmean2": 0.13240647316,
        "dvar": 0.00467325374484,
        "dvar2": 0.012357420288,
        "max": 0.859596669674,
        "mean": 0.505398094654,
        "median": 0.518407404423,
        "min": 0.127585113049,
        "var": 0.0138947060332
    },
    "silence_rate_20dB": {
        "dmean": 0,
        "dmean2": 0,
        "dvar": 0,
        "dvar2": 0,
        "max": 1,
        "mean": 1,
        "median": 1,
        "min": 1,
        "var": 0
    },
    "silence_rate_30dB": {
        "dmean": 0.0100697129965,
        "dmean2": 0.0201472304761,
        "dvar": 0.00996806751937,
        "dvar2": 0.0212899930775,
        "max": 1,
        "mean": 0.989934206009,
        "median": 1,
        "min": 0,
        "var": 0.00996428355575
    },
    "silence_rate_60dB": {
        "dmean": 0.089078232646,
        "dmean2": 0.178225487471,
        "dvar": 0.0811428278685,
        "dvar2": 0.173584878445,
        "max": 1,
        "mean": 0.15873016417,
        "median": 0,
        "min": 0,
        "var": 0.133535727859
    },
    "spectral_centroid": {
        "dmean": 360.520935059,
        "dmean2": 552.256408691,
        "dvar": 100774.546875,
        "dvar2": 220228.140625,
        "max": 4116.74755859,
        "mean": 1985.87939453,
        "median": 2036.4597168,
        "min": 298.253143311,
        "var": 427812.625
    },
    "spectral_complexity": {
        "dmean": 4.7180480957,
        "dmean2": 5.84385919571,
        "dvar": 30.5121459961,
        "dvar2": 38.6704940796,
        "max": 55,
        "mean": 14.3441734314,
        "median": 9,
        "min": 0,
        "var": 145.799987793
    },
    "spectral_decrease": {
        "dmean": 2.39125452772e-09,
        "dmean2": 3.45354100872e-09,
        "dvar": 1.42425926559e-17,
        "dvar2": 3.06268419445e-17,
        "max": -2.68398635429e-14,
        "mean": -4.44197922889e-09,
        "median": -2.36676278575e-09,
        "min": -4.28794706409e-08,
        "var": 3.19539407408e-17
    },
    "spectral_energy": {
        "dmean": 0.00986294075847,
        "dmean2": 0.013843790628,
        "dvar": 0.000227839002036,
        "dvar2": 0.000468681450002,
        "max": 0.176413521171,
        "mean": 0.0186567753553,
        "median": 0.0103402789682,
        "min": 1.07580270026e-07,
        "var": 0.000537786632776
    },
    "spectral_energyband_high": {
        "dmean": 0.000904041808099,
        "dmean2": 0.00107699120417,
        "dvar": 1.88482056274e-06,
        "dvar2": 2.95918016491e-06,
        "max": 0.0201297048479,
        "mean": 0.00165737501811,
        "median": 0.000687345047481,
        "min": 7.29070537275e-09,
        "var": 4.96154007124e-06
    },
    "spectral_energyband_low": {
        "dmean": 0.00582371652126,
        "dmean2": 0.00987973809242,
        "dvar": 0.000139160474646,
        "dvar2": 0.000365820276784,
        "max": 0.158737942576,
        "mean": 0.00860851909965,
        "median": 0.00247231428511,
        "min": 8.65029008423e-08,
        "var": 0.000222536444198
    },
    "spectral_energyband_middle_high": {
        "dmean": 0.00346776260994,
        "dmean2": 0.00435527926311,
        "dvar": 5.33575221198e-05,
        "dvar2": 8.03685470601e-05,
        "max": 0.0945267602801,
        "mean": 0.00521449046209,
        "median": 0.0013521927176,
        "min": 4.18205781116e-09,
        "var": 0.000115488728625
    },
    "spectral_energyband_middle_low": {
        "dmean": 0.00188002095092,
        "dmean2": 0.00263731344603,
        "dvar": 1.28282190417e-05,
        "dvar2": 1.98591351364e-05,
        "max": 0.0793328881264,
        "mean": 0.00379065354355,
        "median": 0.00205712765455,
        "min": 1.00547605797e-08,
        "var": 3.57283643098e-05
    },
    "spectral_entropy": {
        "dmean": 0.133608996868,
        "dmean2": 0.202881380916,
        "dvar": 0.0155922658741,
        "dvar2": 0.0360337719321,
        "max": 8.38277244568,
        "mean": 7.85495758057,
        "median": 7.9181804657,
        "min": 6.30957365036,
        "var": 0.0747480019927
    },
    "spectral_flux": {
        "dmean": 0.022658733651,
        "dmean2": 0.0356539860368,
        "dvar": 0.000699566444382,
        "dvar2": 0.00164294638671,
        "max": 0.312175661325,
        "mean": 0.0716945901513,
        "median": 0.0613463260233,
        "min": 0.000327994319377,
        "var": 0.00182063761167
    },
    "spectral_kurtosis": {
        "dmean": 0.620074152946,
        "dmean2": 1.07550942898,
        "dvar": 0.385619729757,
        "dvar2": 1.13538300991,
        "max": 8.49391174316,
        "mean": 0.754773020744,
        "median": 0.61708688736,
        "min": -0.885865926743,
        "var": 0.514962613583
    },
    "spectral_rms": {
        "dmean": 0.000991186592728,
        "dmean2": 0.0013421557378,
        "dvar": 1.12742259262e-06,
        "dvar2": 2.11471524381e-06,
        "max": 0.0131190987304,
        "mean": 0.00368625111878,
        "median": 0.00317617342807,
        "min": 1.02448211692e-05,
        "var": 4.6132990974e-06
    },
    "spectral_rolloff": {
        "dmean": 1069.6105957,
        "dmean2": 1707.94421387,
        "dvar": 1465325,
        "dvar2": 3284893.25,
        "max": 8807.08007812,
        "mean": 2528.78833008,
        "median": 2239.453125,
        "min": 86.1328125,
        "var": 3999664
    },
    "spectral_skewness": {
        "dmean": 0.132858455181,
        "dmean2": 0.218685746193,
        "dvar": 0.014726890251,
        "dvar2": 0.0402769595385,
        "max": 2.10392570496,
        "mean": 0.759931147099,
        "median": 0.736488223076,
        "min": 0.274894624949,
        "var": 0.0339922867715
    },
    "spectral_spread": {
        "dmean": 435421.40625,
        "dmean2": 647196.1875,
        "dvar": 166465814528,
        "dvar2": 379192344576,
        "max": 7959130.5,
        "mean": 5185388,
        "median": 5105332,
        "min": 2998702,
        "var": 589805977600
    },
    "spectral_strongpeak": {
        "dmean": 0.70345723629,
        "dmean2": 1.09257352352,
        "dvar": 1.60134708881,
        "dvar2": 3.23305225372,
        "max": 13.6164646149,
        "mean": 0.966252326965,
        "median": 0.307095438242,
        "min": 0,
        "var": 2.74303221703
    },
    "zerocrossingrate": {
        "dmean": 0.0153360404074,
        "dmean2": 0.0179296266288,
        "dvar": 0.000176888512215,
        "dvar2": 0.000226443706197,
        "max": 0.25244140625,
        "mean": 0.0911789163947,
        "median": 0.091796875,
        "min": 0.00830078125,
        "var": 0.00147301959805
    },
    "barkbands": {
        "dmean": [0.000107277926872, 0.00394246215001, 0.00222863722593, 0.000728570681531, 0.000432920671301, 0.000120371987578, 9.28118897718e-05, 0.0003159227781, 0.000693670706823, 0.000780862930696, 0.000997731927782, 0.000628884241451, 0.00033272523433, 0.000338760262821, 0.000188601756236, 0.000263635185547, 0.000252475758316, 0.000189177779248, 0.000201207294594, 0.000202279436053, 0.000244639173616, 0.000258006824879, 0.00017963386199, 0.000169781211298, 3.57887802238e-05, 3.30584306596e-08, 6.68984534435e-10],
        "dmean2": [0.000194046908291, 0.00647672871128, 0.00387090188451, 0.00126147072297, 0.000701875716913, 0.000177370282472, 0.000138486066135, 0.000419954507379, 0.000860459229443, 0.00100468890741, 0.00124470994342, 0.000911035924219, 0.000479904003441, 0.000520304834936, 0.000279889267404, 0.000398838892579, 0.000430846441304, 0.000277078972431, 0.000294440629659, 0.00028096040478, 0.000330054375809, 0.000334085605573, 0.000232051941566, 0.000225768584642, 5.05930911459e-05, 5.07738988631e-08, 1.23323129486e-09],
        "dvar": [2.12209609884e-08, 6.694370677e-05, 2.07816265174e-05, 1.88827857528e-06, 4.57729498748e-07, 1.53011313841e-07, 4.79307615819e-08, 5.63946173315e-07, 7.90814374341e-06, 1.15690891107e-05, 1.52569436978e-05, 8.57756913319e-06, 3.66264202967e-06, 2.25442113333e-06, 4.32376111803e-07, 6.12537348843e-07, 3.47390880506e-07, 1.11974102879e-07, 1.3867067139e-07, 2.13820840145e-07, 3.17469982747e-07, 1.98354626946e-07, 8.24085262252e-08, 8.46463237281e-08, 2.4689166267e-09, 3.77645531424e-15, 1.44927533731e-18],
        "dvar2": [6.4418735235e-08, 0.000176099201781, 5.80279738642e-05, 5.36664401807e-06, 1.09110294488e-06, 2.28698851856e-07, 8.861732681e-08, 9.6746998679e-07, 1.0595211279e-05, 1.63003696798e-05, 2.23581391765e-05, 1.57285703608e-05, 7.64300966694e-06, 5.19678951605e-06, 9.90130047285e-07, 1.23848121802e-06, 9.77358581622e-07, 2.43435692937e-07, 3.19129725312e-07, 4.48874743597e-07, 5.69688040741e-07, 3.40355569506e-07, 1.48444357251e-07, 1.66337102314e-07, 5.04185049266e-09, 9.4440963364e-15, 4.57991004094e-18],
        "max": [0.00143723515794, 0.116355478764, 0.0675619989634, 0.0160930491984, 0.0104991532862, 0.013881072402, 0.00406451197341, 0.0134982028976, 0.0668983459473, 0.082256115973, 0.07668428123, 0.0697011351585, 0.0477595962584, 0.0485355444252, 0.015380308032, 0.0116691309959, 0.00709407869726, 0.00528221623972, 0.004838607274, 0.0119162360206, 0.0175412651151, 0.00853104051203, 0.00484602805227, 0.00449284492061, 0.000777202832978, 1.22560209093e-06, 1.58364681369e-08],
        "mean": [0.000123553269077, 0.00534158293158, 0.00262238737196, 0.000875297177117, 0.000739663199056, 0.000225682437303, 0.000145741840242, 0.000481253257021, 0.00110650213901, 0.0010749080684, 0.00119020661805, 0.000671549350955, 0.000428015948273, 0.000380420533475, 0.000222280068556, 0.000336774770403, 0.000290534109809, 0.000296018552035, 0.000302170228679, 0.000335570017342, 0.000393336231355, 0.000424491765443, 0.000310661649564, 0.000282148044789, 5.59944492124e-05, 4.30494146997e-08, 5.55714418926e-10],
        "median": [6.47079505143e-05, 0.00107930146623, 0.000786488992162, 0.000440245697973, 0.000476890098071, 7.06980281393e-05, 3.55824231519e-05, 8.45123795443e-05, 0.000102522128145, 6.54743416817e-05, 5.43293281225e-05, 6.08456284681e-05, 5.44763206562e-05, 6.25967295491e-05, 4.94192099723e-05, 6.99160664226e-05, 7.21083633834e-05, 9.27540459088e-05, 9.88757383311e-05, 9.65932340478e-05, 0.00012264533143, 0.000141338998219, 0.000125074526295, 0.000136313959956, 2.95627341984e-05, 1.96986800205e-08, 1.72244274399e-10],
        "min": [8.31231883325e-09, 6.76891289686e-08, 1.01362775951e-08, 1.41422007438e-09, 5.89787330085e-09, 5.19908893715e-10, 1.74533859587e-10, 6.20345941282e-10, 1.32443411793e-09, 6.81322109841e-10, 1.02355811327e-10, 2.5694957273e-10, 1.44956852077e-10, 6.50233422661e-10, 9.60494739299e-11, 1.0047981891e-10, 1.71698066875e-09, 1.96897692595e-10, 1.44827885795e-10, 4.52403892126e-10, 4.51114340327e-10, 1.84273918347e-09, 1.73705738682e-09, 2.71739764024e-09, 1.63618354976e-10, 1.35687034525e-11, 1.54940782426e-11],
        "var": [2.596113724e-08, 0.00010034810839, 2.46931685979e-05, 1.84148416338e-06, 7.79826166308e-07, 6.19519710199e-07, 1.14554808306e-07, 1.28495844365e-06, 2.13608600461e-05, 2.63942765741e-05, 2.83751687675e-05, 1.18198604468e-05, 5.89845876675e-06, 3.01250133816e-06, 4.70477488079e-07, 8.68812890076e-07, 3.3135924582e-07, 2.31075915735e-07, 2.48897151778e-07, 4.92855804168e-07, 5.35515482625e-07, 4.25869075116e-07, 1.86613306141e-07, 1.60660860615e-07, 4.79056083691e-09, 4.52794082746e-15, 1.16014459055e-18]
    },
    "erbbands": {
        "dmean": [0.0573051273823, 1.07370328903, 2.98911166191, 2.11432027817, 1.58090293407, 1.63150501251, 1.30106127262, 1.02676928043, 1.18383252621, 3.6553542614, 6.6223783493, 12.7325944901, 24.8251953125, 35.4862785339, 34.4090003967, 19.9279155731, 15.6080513, 14.1957235336, 13.7984895706, 10.8590812683, 12.4578256607, 15.4450550079, 9.97289848328, 9.90943241119, 10.4862194061, 9.72459793091, 9.30207061768, 10.2691049576, 9.13576984406, 7.31434106827, 5.05915594101, 3.6164522171, 2.82071900368, 0.76765704155, 0.0460808947682, 0.00207763235085, 0.000129356005345, 2.13722414628e-05, 9.63995444181e-06, 1.31488604893e-05],
        "dmean2": [0.100671626627, 1.75529253483, 5.04119682312, 3.6430273056, 2.63217711449, 2.6898226738, 2.0713133812, 1.52659976482, 1.70415186882, 5.04685735703, 8.64475059509, 16.1044654846, 30.417930603, 43.306842804, 44.556678772, 29.2901287079, 22.5359210968, 21.6460819244, 19.9488620758, 15.9166765213, 18.4648361206, 26.0318832397, 14.9475793839, 14.311662674, 15.4193077087, 13.3577194214, 12.7538471222, 13.7483234406, 11.7515201569, 9.62769126892, 6.58140707016, 4.81230115891, 3.846981287, 1.05043554306, 0.0685429722071, 0.00302087375894, 0.000170639963471, 2.65479811787e-05, 1.1885582353e-05, 1.73998832906e-05],
        "dvar": [0.0119899632409, 5.09667015076, 37.8353652954, 13.4778118134, 7.12933492661, 8.87955570221, 10.2452707291, 9.86192131042, 8.76612091064, 85.7479705811, 238.887268066, 1390.89587402, 10174.5419922, 17443.8496094, 18553.4707031, 6363.69384766, 7799.77001953, 2838.54296875, 2589.62597656, 974.896484375, 948.671203613, 1362.68603516, 321.248687744, 375.056762695, 431.502075195, 528.235961914, 355.134643555, 756.600524902, 287.053649902, 141.658233643, 77.0871582031, 35.5214271545, 30.3356170654, 1.11353647709, 0.00648605730385, 1.17675290312e-05, 3.2837871089e-08, 8.59043280954e-10, 1.57953469748e-10, 3.479659616e-10],
        "dvar2": [0.0370808206499, 13.1540164948, 99.6122665405, 38.6981048584, 18.409198761, 21.7702255249, 18.6188049316, 15.4616184235, 14.8063459396, 156.620040894, 394.203613281, 2020.28479004, 13923.5556641, 24251.5175781, 27626.0488281, 13041.4384766, 15927.0517578, 6742.32470703, 5603.68554688, 2116.07958984, 1925.16674805, 3803.34179688, 745.137573242, 831.559753418, 980.239807129, 1125.28381348, 717.465209961, 1333.51855469, 502.131866455, 257.794494629, 148.229248047, 68.2838821411, 63.4834289551, 2.17899823189, 0.0146342534572, 2.58320178546e-05, 6.21203355422e-08, 1.47060152944e-09, 2.32331612282e-10, 6.32492003216e-10],
        "max": [1.55511844158, 32.0174446106, 86.1811599731, 42.4322242737, 42.7018051147, 45.8611106873, 120.593315125, 124.44229126, 72.6511459351, 181.578781128, 244.471237183, 661.04864502, 1901.79052734, 2551.94702148, 3756.44091797, 1595.20910645, 2163.40698242, 915.44921875, 2089.59790039, 602.824645996, 404.243835449, 494.519012451, 378.078186035, 350.116577148, 399.562683105, 654.323730469, 421.355682373, 1036.97033691, 387.431945801, 157.463272095, 173.400863647, 76.989654541, 92.5810775757, 16.4248352051, 1.31702828407, 0.0529542416334, 0.00231943349354, 0.000403387006372, 0.000152551656356, 0.00022411653481],
        "mean": [0.0681757181883, 1.44673573971, 3.70295214653, 2.85909461975, 2.3273692131, 2.48555970192, 2.35466384888, 2.01898908615, 2.07420372963, 5.55537557602, 10.693944931, 20.805431366, 36.7153778076, 45.9179267883, 40.8586082458, 21.4785728455, 20.5126113892, 16.6434783936, 17.2352600098, 13.9360237122, 16.6826152802, 18.0319919586, 16.0321807861, 15.4876098633, 15.7990999222, 15.9580974579, 14.9751710892, 16.4829044342, 14.9431791306, 12.2755498886, 8.51974105835, 6.01972770691, 4.53158664703, 1.28006470203, 0.0614409632981, 0.00292834383436, 0.000220660760533, 3.89071174141e-05, 1.98251636903e-05, 2.60796314251e-05],
        "median": [0.0192718021572, 0.287583827972, 0.953907728195, 1.39146983624, 1.32802498341, 1.42944347858, 1.24040043354, 0.555413663387, 0.55275452137, 1.13320612907, 2.05489301682, 2.48668789864, 2.84226179123, 2.92741274834, 2.84523653984, 3.02331900597, 2.92314839363, 3.02495956421, 3.68913054466, 3.55790114403, 4.08281040192, 4.51312541962, 5.08503675461, 5.18198537827, 5.22495794296, 4.74678182602, 4.57587718964, 5.20602989197, 4.82018089294, 4.58165407181, 3.39551949501, 2.6949532032, 2.18223118782, 0.689193248749, 0.0284486208111, 0.00142168230377, 0.000116293522296, 2.00054400921e-05, 1.16294004329e-05, 1.56337482622e-05],
        "min": [2.3549287107e-06, 1.32481554829e-05, 1.71404317371e-05, 5.19063542015e-06, 1.15344264486e-05, 2.4080483854e-05, 1.10828923425e-05, 4.34041976405e-06, 2.72742863672e-06, 7.27821543478e-06, 1.39176290759e-05, 2.93960365525e-05, 2.66261504294e-05, 1.14553922685e-05, 5.71859482079e-06, 1.1443209587e-05, 5.44931617696e-06, 2.41245197685e-05, 1.97666940949e-05, 4.49357730758e-06, 1.80738497875e-05, 0.00010821736214, 1.9464210709e-05, 5.98481483394e-06, 9.45274769037e-06, 2.00715221581e-05, 2.46863946813e-05, 1.52843949763e-05, 2.9097265724e-05, 0.000146299615153, 2.41620400629e-05, 3.23756503349e-05, 5.41541885468e-05, 4.69952874482e-06, 2.6701283673e-07, 4.91590377294e-08, 2.38071162784e-08, 1.16250973292e-08, 1.93263183235e-09, 3.93233529072e-10],
        "var": [0.0152660347521, 7.5820851326, 51.0976333618, 16.8565330505, 9.97313976288, 12.097366333, 25.5215740204, 54.3455657959, 26.7116966248, 180.17149353, 605.094543457, 3960.40185547, 24667.0292969, 36127.0117188, 33206.5703125, 7651.40478516, 12464.4726562, 3208.65185547, 4138.70605469, 1258.32324219, 1395.74035645, 1315.40881348, 683.585266113, 699.116516113, 691.931335449, 1148.4979248, 643.385192871, 1202.2878418, 585.283203125, 307.181762695, 156.620285034, 71.7601852417, 48.9380378723, 2.33812212944, 0.00924843735993, 1.82629974006e-05, 7.16861094929e-08, 2.16427542554e-09, 4.87519635772e-10, 9.36329236367e-10]
    },
    "gfcc": {
        "mean": [-34.6097602844, 83.6282730103, -136.106689453, 82.1909866333, -76.7142410278, 41.2069091797, -30.2048435211, 5.70545864105, -11.2494058609, -20.4175300598, -2.65234231949, -20.5015983582, 3.05495810509],
        "cov": [[3921.77001953, -444.052246094, -774.987731934, -295.640136719, -177.732208252, 89.2642440796, 193.419677734, 133.407485962, 83.5584716797, -36.5588684082, -97.4379501343, 1.22689950466, -32.6734466553], [-444.052246094, 415.654907227, 256.796386719, 79.7644119263, 96.7360305786, -34.0803489685, 58.4489746094, -1.5112555027, 61.5968589783, -39.9959220886, 52.4647750854, -17.5315170288, 21.8594722748], [-774.987731934, 256.796386719, 624.579162598, 218.846893311, 144.207901001, 27.6162128448, -45.2803382874, 17.943561554, 9.1207857132, 39.5181121826, 41.5806045532, -34.9965553284, 1.71806263924], [-295.640136719, 79.7644119263, 218.846893311, 165.354537964, 103.905937195, 10.9003629684, -11.8560314178, -16.7559700012, 11.174908638, 9.44499397278, 26.0078544617, -16.1014938354, -4.88106870651], [-177.732208252, 96.7360305786, 144.207901001, 103.905937195, 152.843505859, 59.4858627319, 29.5735263824, -23.5955505371, 7.83297538757, 10.9947500229, 36.9325332642, -14.0241346359, 12.0320205688], [89.2642440796, -34.0803489685, 27.6162128448, 10.9003629684, 59.4858627319, 105.236938477, 52.5687446594, -23.2407875061, -30.5219783783, 18.0961112976, 22.6394691467, -0.0263387244195, 4.5722079277], [193.419677734, 58.4489746094, -45.2803382874, -11.8560314178, 29.5735263824, 52.5687446594, 148.629714966, 33.0061569214, 10.6766214371, -51.8979721069, 8.87296295166, 3.23011064529, 18.4940433502], [133.407485962, -1.5112555027, 17.943561554, -16.7559700012, -23.5955505371, -23.2407875061, 33.0061569214, 142.297393799, 61.7291755676, -37.3050193787, -65.241355896, -3.20914936066, 9.06538772583], [83.5584716797, 61.5968589783, 9.1207857132, 11.174908638, 7.83297538757, -30.5219783783, 10.6766214371, 61.7291755676, 134.389312744, 21.6773014069, -35.3912467957, -50.7133636475, -13.3023395538], [-36.5588684082, -39.9959220886, 39.5181121826, 9.44499397278, 10.9947500229, 18.0961112976, -51.8979721069, -37.3050193787, 21.6773014069, 145.24597168, 37.3336334229, -46.8793106079, -43.0794944763], [-97.4379501343, 52.4647750854, 41.5806045532, 26.0078544617, 36.9325332642, 22.6394691467, 8.87296295166, -65.241355896, -35.3912467957, 37.3336334229, 118.820281982, 43.9585456848, -3.93515229225], [1.22689950466, -17.5315170288, -34.9965553284, -16.1014938354, -14.0241346359, -0.0263387244195, 3.23011064529, -3.20914936066, -50.7133636475, -46.8793106079, 43.9585456848, 108.378547668, 45.6408653259], [-32.6734466553, 21.8594722748, 1.71806263924, -4.88106870651, 12.0320205688, 4.5722079277, 18.4940433502, 9.06538772583, -13.3023395538, -43.0794944763, -3.93515229225, 45.6408653259, 81.0460891724]],
        "icov": [[0.000409193628002, 0.000166413286934, 0.000444571254775, -4.26996775786e-05, 0.000275209837127, -0.000667367421556, -0.000119509626529, -0.000409880536608, -0.000353485316737, 0.000140401782119, -0.000257880921708, 0.000143694778671, 0.000101163357613], [0.000166413286934, 0.0105479639024, -0.00673743244261, 0.00881542172283, -0.00759406760335, 0.0123089617118, -0.00817163474858, 0.00657101115212, -0.00552339572459, 0.00375088071451, -0.00282729882747, 0.000405781291192, 0.000179958515218], [0.000444571254775, -0.00673743244261, 0.00910159945488, -0.0107993585989, 0.00590000627562, -0.0110702281818, 0.00824934896082, -0.00884567108005, 0.0044835912995, -0.00134456052911, -0.00247966707684, 0.00400202954188, -0.00234421947971], [-4.26996775786e-05, 0.00881542172283, -0.0107993585989, 0.0260760597885, -0.0173874814063, 0.0163932368159, -0.00810353271663, 0.00966614764184, -0.00562556227669, 0.00335593242198, 0.00105809129309, -0.00349879986607, 0.00471115997061], [0.000275209837127, -0.00759406760335, 0.00590000627562, -0.0173874814063, 0.0258936025202, -0.0209560226649, 0.00786283425987, -0.00590261025354, 0.000411459419411, 0.00101008615457, -0.00530901504681, 0.00635325629264, -0.00604011164978], [-0.000667367421556, 0.0123089617118, -0.0110702281818, 0.0163932368159, -0.0209560226649, 0.0405786372721, -0.0219596195966, 0.0132870776579, 0.000590563227888, -0.00595012400299, 0.00687586888671, -0.00729358568788, 0.00335504068062], [-0.000119509626529, -0.00817163474858, 0.00824934896082, -0.00810353271663, 0.00786283425987, -0.0219596195966, 0.0250106919557, -0.013439825736, 0.00207009259611, 0.00854186713696, -0.0115212462842, 0.0113215278834, -0.00469440547749], [-0.000409880536608, 0.00657101115212, -0.00884567108005, 0.00966614764184, -0.00590261025354, 0.0132870776579, -0.013439825736, 0.0235047433525, -0.00994890648872, -0.000906643515918, 0.0130324391648, -0.0124166598544, 0.00490688625723], [-0.000353485316737, -0.00552339572459, 0.0044835912995, -0.00562556227669, 0.000411459419411, 0.000590563227888, 0.00207009259611, -0.00994890648872, 0.018074048683, -0.00615334045142, 0.0011514845537, 0.00555588677526, -0.00191764137708], [0.000140401782119, 0.00375088071451, -0.00134456052911, 0.00335593242198, 0.00101008615457, -0.00595012400299, 0.00854186713696, -0.000906643515918, -0.00615334045142, 0.0203578118235, -0.0150946676731, 0.0127788521349, -0.000504703901242], [-0.000257880921708, -0.00282729882747, -0.00247966707684, 0.00105809129309, -0.00530901504681, 0.00687586888671, -0.0115212462842, 0.0130324391648, 0.0011514845537, -0.0150946676731, 0.0329691916704, -0.024618063122, 0.0099763981998], [0.000143694778671, 0.000405781291192, 0.00400202954188, -0.00349879986607, 0.00635325629264, -0.00729358568788, 0.0113215278834, -0.0124166598544, 0.00555588677526, 0.0127788521349, -0.024618063122, 0.0346375666559, -0.0150703648105], [0.000101163357613, 0.000179958515218, -0.00234421947971, 0.00471115997061, -0.00604011164978, 0.00335504068062, -0.00469440547749, 0.00490688625723, -0.00191764137708, -0.000504703901242, 0.0099763981998, -0.0150703648105, 0.0222823433578]]
    },
    "melbands": {
        "dmean": [0.000800337293185, 0.00154478964396, 0.000335646152962, 0.000105258754047, 5.18083470524e-05, 2.29131710512e-05, 1.77133606485e-05, 5.07589138579e-05, 5.29215139977e-05, 9.45298161241e-05, 0.00012793498172, 0.000142715551192, 0.000114122005471, 8.60303989612e-05, 2.79522100755e-05, 4.10880165873e-05, 2.67536634055e-05, 2.64459486061e-05, 1.61851185112e-05, 1.89462516573e-05, 1.33317134896e-05, 1.57171452884e-05, 1.27927287394e-05, 8.29409327707e-06, 8.34738602862e-06, 8.51789445733e-06, 6.87779538566e-06, 7.02342185832e-06, 6.11129917161e-06, 5.99289614911e-06, 6.26270639259e-06, 5.64644187762e-06, 4.81119650431e-06, 3.91872617911e-06, 3.19846640195e-06, 2.35938796322e-06, 2.29899205806e-06, 2.49420440923e-06, 1.21076834603e-06, 4.53795848898e-07],
        "dmean2": [0.00134977104608, 0.00256106862798, 0.000573937955778, 0.000171795269125, 8.29848650028e-05, 3.37177407346e-05, 2.58752552327e-05, 6.92326793796e-05, 6.91594250384e-05, 0.000118610842037, 0.000158334849402, 0.000175548324478, 0.000145461366628, 0.000121363875223, 4.2010222387e-05, 5.95546807745e-05, 4.19455973315e-05, 3.97251387767e-05, 2.44777438638e-05, 2.91492324322e-05, 1.99088590307e-05, 2.67421801254e-05, 2.08007641049e-05, 1.23299732877e-05, 1.22625879158e-05, 1.2881974726e-05, 1.00302977444e-05, 1.00145307442e-05, 8.62742945174e-06, 8.37284278532e-06, 8.6773716248e-06, 7.50858362153e-06, 6.63490300212e-06, 5.28629971086e-06, 4.33681179857e-06, 3.17766875924e-06, 3.20864114656e-06, 3.52266692971e-06, 1.65635958638e-06, 6.66480332256e-07],
        "dvar": [2.53580128629e-06, 1.02582334875e-05, 3.40817706501e-07, 2.92746697994e-08, 1.10834532663e-08, 4.55460069659e-09, 1.88904736298e-09, 1.63035647205e-08, 1.70529528276e-08, 1.06830206903e-07, 2.87845892899e-07, 2.88417680849e-07, 1.62510616519e-07, 1.60587603659e-07, 1.7138228614e-08, 6.45906794716e-08, 1.25923786953e-08, 1.34609612346e-08, 4.6867554282e-09, 4.43948966478e-09, 9.19187670423e-10, 1.40572431473e-09, 6.01726224403e-10, 2.24717050523e-10, 3.0334729173e-10, 2.680541622e-10, 2.30579472182e-10, 4.11018608037e-10, 2.06823197457e-10, 2.41045683413e-10, 2.27265928299e-10, 1.40840672458e-10, 6.76643810427e-11, 4.03814516547e-11, 3.55314423717e-11, 1.62555108263e-11, 1.59527408644e-11, 3.36803571144e-11, 2.73434400122e-12, 4.80960377861e-13],
        "dvar2": [7.20217349226e-06, 2.61925579252e-05, 9.44649116263e-07, 6.84910475002e-08, 2.26816005977e-08, 6.99962487971e-09, 3.28395910465e-09, 2.89155721589e-08, 2.78152327837e-08, 1.49705158492e-07, 3.93900819518e-07, 4.01888883061e-07, 2.41774159804e-07, 2.87441480396e-07, 3.62710679269e-08, 1.34808402663e-07, 3.08801908488e-08, 2.95007893669e-08, 1.0760094149e-08, 9.20967124785e-09, 1.90690174762e-09, 3.86789578144e-09, 1.59765622954e-09, 4.99322583281e-10, 6.90615897803e-10, 6.34724384163e-10, 5.10739062154e-10, 8.94468388246e-10, 4.32243157933e-10, 4.4860637427e-10, 4.15053019731e-10, 2.62596139278e-10, 1.23371507454e-10, 7.87666945556e-11, 7.41740835419e-11, 3.26056820432e-11, 3.2157693175e-11, 7.41549113781e-11, 5.40075753216e-12, 1.02645572164e-12],
        "max": [0.0229101441801, 0.0405042357743, 0.00632937625051, 0.00222573406063, 0.00319399312139, 0.00241566007026, 0.000932928058319, 0.00221713352948, 0.00224484154023, 0.00696702999994, 0.00939461402595, 0.00943122897297, 0.0102744493634, 0.00978787429631, 0.00335518876091, 0.00652153883129, 0.00180983613245, 0.00480850925669, 0.00159570050891, 0.00106349762063, 0.000374725786969, 0.000547935720533, 0.000259211490629, 0.000258720829152, 0.000310013041599, 0.000249307049671, 0.000372094596969, 0.000628204958048, 0.000438817281974, 0.000457036745502, 0.000506759388372, 0.000304167362629, 0.000110384185973, 8.41628498165e-05, 0.000128574960399, 6.44013271085e-05, 5.48217903997e-05, 9.39458332141e-05, 2.50610719377e-05, 9.34154650167e-06],
        "mean": [0.00105428160168, 0.00206729699858, 0.000491417187732, 0.000166964688106, 9.28120207391e-05, 4.43365061074e-05, 2.97952119581e-05, 7.54928551032e-05, 8.51232398418e-05, 0.00015195501328, 0.000186538585695, 0.000185048163985, 0.000136220754939, 9.26796346903e-05, 3.26600238623e-05, 5.12991209689e-05, 2.92639997497e-05, 3.15450270136e-05, 1.82044095709e-05, 2.37658241531e-05, 1.71795400092e-05, 1.80203933269e-05, 1.68938113347e-05, 1.27229841382e-05, 1.22921283037e-05, 1.20901586342e-05, 1.02914755189e-05, 1.08794047264e-05, 9.40181507758e-06, 9.10724520509e-06, 9.76294722932e-06, 8.7007692855e-06, 7.71842769609e-06, 6.35849846731e-06, 5.12069982506e-06, 3.85796192859e-06, 3.65108689948e-06, 3.6842402551e-06, 2.11485985346e-06, 6.50354991194e-07],
        "median": [0.000243859059992, 0.000498491688631, 0.000253679550951, 9.5468989457e-05, 5.16165637237e-05, 1.21617467812e-05, 7.68577501731e-06, 1.32036484501e-05, 1.54548979481e-05, 1.43908846439e-05, 1.05032977444e-05, 9.30309670366e-06, 7.65194454289e-06, 7.19512991054e-06, 4.93218885822e-06, 5.75210196985e-06, 4.96979328091e-06, 5.67820006836e-06, 3.92607898902e-06, 4.72406372864e-06, 3.96267569158e-06, 4.38511597167e-06, 4.39289487986e-06, 3.95255938201e-06, 3.84536815545e-06, 3.81476547773e-06, 3.21210404763e-06, 2.87378452413e-06, 2.60442516264e-06, 2.78501261164e-06, 3.0433034226e-06, 2.535249223e-06, 2.62150228991e-06, 2.4424714411e-06, 2.00496992875e-06, 1.52117991092e-06, 1.62206242749e-06, 1.57108763688e-06, 1.16208093459e-06, 3.20450283198e-07],
        "min": [2.03136369947e-08, 1.22788117451e-08, 1.15021214775e-09, 1.34078892433e-09, 5.75751113452e-10, 9.33105120948e-11, 3.63122969194e-11, 9.97065763286e-11, 1.14205950252e-10, 1.97576580097e-10, 1.38612218925e-10, 5.65621542659e-11, 1.49694649038e-11, 3.22314189227e-11, 1.35307416313e-11, 1.80421285551e-11, 5.14842057875e-11, 4.30169858068e-11, 6.58213067384e-12, 4.09552383326e-12, 1.75914352529e-11, 1.43146716702e-10, 2.2895005336e-11, 9.84967836459e-12, 3.87951823444e-12, 5.99804277426e-12, 7.68506265569e-12, 1.56589168715e-11, 1.88260847883e-11, 7.91534286032e-12, 9.42803300708e-12, 9.15324240014e-12, 4.80986639406e-11, 8.65495453084e-11, 1.12448540063e-11, 5.47189290406e-12, 2.64013585299e-11, 5.65413375841e-11, 7.62216071509e-12, 1.53595474013e-12],
        "var": [3.68128553419e-06, 1.51805206769e-05, 4.60457613372e-07, 4.81712625344e-08, 2.46432261264e-08, 2.33234125346e-08, 5.29308818997e-09, 3.49195410365e-08, 4.44382237674e-08, 2.9789873679e-07, 6.97424525242e-07, 6.05507523233e-07, 2.98745476357e-07, 2.26228351607e-07, 2.12302442293e-08, 1.03982870314e-07, 1.28579129566e-08, 2.10367829823e-08, 4.7273811532e-09, 6.2117009314e-09, 1.38296252228e-09, 1.41394573827e-09, 8.21933410222e-10, 4.53522192023e-10, 5.1991105865e-10, 4.51617937491e-10, 3.52986084806e-10, 8.81894113292e-10, 3.59699464658e-10, 3.67526148404e-10, 3.70909358782e-10, 2.49075898795e-10, 1.40862196907e-10, 8.20106899058e-11, 6.31180108179e-11, 3.19206813759e-11, 2.9080743022e-11, 4.67344669908e-11, 6.22844614426e-12, 8.13133902659e-13]
    },
    "mfcc": {
        "mean": [-650.991760254, 68.2874832153, 18.5117855072, 29.0592479706, 7.53481960297, 17.5361499786, 7.40168571472, 15.495018959, 5.01051664352, 5.55103111267, -1.47550499439, 0.010839403607, -6.59490156174],
        "cov": [[4287.31640625, -491.690307617, -733.274902344, -360.684051514, -364.738220215, -74.1339111328, -102.182235718, 138.11618042, 109.807090759, 81.278137207, 2.11076712608, -6.46021795273, 23.310760498], [-491.690307617, 379.06942749, 186.542098999, 98.8875045776, 67.6556472778, 7.39597606659, 29.3330879211, 33.8159370422, 26.5440578461, 21.3376750946, 2.81461262703, 22.874753952, 27.1615486145], [-733.274902344, 186.542098999, 419.54019165, 159.033691406, 160.836914062, 29.4752044678, 50.0196876526, -19.2550296783, 9.92974948883, 21.1416454315, 23.4099884033, 7.75170135498, 21.261100769], [-360.684051514, 98.8875045776, 159.033691406, 161.02015686, 105.573684692, 18.8392848969, 16.0141067505, 13.1068096161, 7.23155641556, 5.88051795959, 8.89348602295, 17.3316802979, 10.0345897675], [-364.738220215, 67.6556472778, 160.836914062, 105.573684692, 165.102661133, 54.5813140869, 19.0036678314, -25.9802780151, -2.92991495132, 8.65199375153, 19.0284442902, 16.0674858093, 3.84462738037], [-74.1339111328, 7.39597606659, 29.4752044678, 18.8392848969, 54.5813140869, 147.455490112, 77.584777832, -41.8898124695, -47.5005683899, 6.69468450546, 17.8294811249, 28.7741336823, -6.08563089371], [-102.182235718, 29.3330879211, 50.0196876526, 16.0141067505, 19.0036678314, 77.584777832, 135.718078613, 29.696023941, -28.4523563385, -23.4965553284, -17.8073139191, 1.25338542461, 14.7612543106], [138.11618042, 33.8159370422, -19.2550296783, 13.1068096161, -25.9802780151, -41.8898124695, 29.696023941, 164.886123657, 69.6846237183, -18.3052101135, -46.7149887085, -34.2140007019, 8.79305267334], [109.807090759, 26.5440578461, 9.92974948883, 7.23155641556, -2.92991495132, -47.5005683899, -28.4523563385, 69.6846237183, 139.31791687, 59.4553146362, 3.50699281693, -28.3903827667, -20.036190033], [81.278137207, 21.3376750946, 21.1416454315, 5.88051795959, 8.65199375153, 6.69468450546, -23.4965553284, -18.3052101135, 59.4553146362, 123.879959106, 57.549030304, 4.40986633301, -26.0971984863], [2.11076712608, 2.81461262703, 23.4099884033, 8.89348602295, 19.0284442902, 17.8294811249, -17.8073139191, -46.7149887085, 3.50699281693, 57.549030304, 101.982086182, 42.8639183044, -13.4797410965], [-6.46021795273, 22.874753952, 7.75170135498, 17.3316802979, 16.0674858093, 28.7741336823, 1.25338542461, -34.2140007019, -28.3903827667, 4.40986633301, 42.8639183044, 89.7417373657, 29.5779590607], [23.310760498, 27.1615486145, 21.261100769, 10.0345897675, 3.84462738037, -6.08563089371, 14.7612543106, 8.79305267334, -20.036190033, -26.0971984863, -13.4797410965, 29.5779590607, 93.0152893066]],
