{
"lowlevel": {
    "average_loudness": 0.976589977741,
    "barkbands_crest": {
        "dmean": 2.99338006973,
        "dmean2": 3.89838266373,
        "dvar": 5.6836476326,
        "dvar2": 11.5005950928,
        "max": 26.2552757263,
        "mean": 13.0386762619,
        "median": 11.6259841919,
        "min": 2.97875094414,
        "var": 32.7443733215
    },
    "barkbands_flatness_db": {
        "dmean": 0.0323908403516,
        "dmean2": 0.0411446020007,
        "dvar": 0.000842585926875,
        "dvar2": 0.00182241760194,
        "max": 0.439886629581,
        "mean": 0.190920516849,
        "median": 0.178043529391,
        "min": 0.0460263714194,
        "var": 0.00410137372091
    },
    "barkbands_kurtosis": {
        "dmean": 7.47927188873,
        "dmean2": 9.24658870697,
        "dvar": 230.384963989,
        "dvar2": 290.323394775,
        "max": 447.067199707,
        "mean": 13.768245697,
        "median": 5.48694992065,
        "min": -1.96111035347,
        "var": 933.949279785
    },
    "barkbands_skewness": {
        "dmean": 0.823656916618,
        "dmean2": 1.03642940521,
        "dvar": 0.759283721447,
        "dvar2": 1.20934069157,
        "max": 17.3538532257,
        "mean": 2.69231987,
        "median": 2.27741789818,
        "min": -1.06817173958,
        "var": 4.52287244797
    },
    "barkbands_spread": {
        "dmean": 8.23251914978,
        "dmean2": 11.9209051132,
        "dvar": 86.2787857056,
        "dvar2": 197.647689819,
        "max": 108.189361572,
        "mean": 22.0955371857,
        "median": 18.5724620819,
        "min": 0.36308324337,
        "var": 276.401397705
    },
    "dissonance": {
        "dmean": 0.0191394295543,
        "dmean2": 0.0323824211955,
        "dvar": 0.0003438332933,
        "dvar2": 0.000958938384429,
        "max": 0.498483538628,
        "mean": 0.460975885391,
        "median": 0.46520408988,
        "min": 0.319186449051,
        "var": 0.000687311752699
    },
    "dynamic_complexity": 1.99347686768,
    "erbbands_crest": {
        "dmean": 2.88483428955,
        "dmean2": 4.50098323822,
        "dvar": 7.08281183243,
        "dvar2": 16.5419616699,
        "max": 31.2638702393,
        "mean": 10.5228738785,
        "median": 9.3313741684,
        "min": 2.34202218056,
        "var": 29.9167556763
    },
    "erbbands_flatness_db": {
        "dmean": 0.0163820516318,
        "dmean2": 0.0241001304239,
        "dvar": 0.000235975763644,
        "dvar2": 0.000485406024382,
        "max": 0.317026525736,
        "mean": 0.161596149206,
        "median": 0.157148614526,
        "min": 0.0987817943096,
        "var": 0.00111894088332
    },
    "erbbands_kurtosis": {
        "dmean": 1.18607342243,
        "dmean2": 1.76430392265,
        "dvar": 5.40443086624,
        "dvar2": 9.11140346527,
        "max": 56.8427848816,
        "mean": 0.695675194263,
        "median": -0.277962684631,
        "min": -1.84125816822,
        "var": 15.9372653961
    },
    "erbbands_skewness": {
        "dmean": 0.421852201223,
        "dmean2": 0.61116951704,
        "dvar": 0.1793846488,
        "dvar2": 0.382541239262,
        "max": 6.51631689072,
        "mean": 0.49460119009,
        "median": 0.474718242884,
        "min": -5.28216028214,
        "var": 0.986414730549
    },
    "erbbands_spread": {
        "dmean": 13.1466341019,
        "dmean2": 19.6144752502,
        "dvar": 193.600585938,
        "dvar2": 434.552276611,
        "max": 165.974945068,
        "mean": 56.696395874,
        "median": 53.5280418396,
        "min": 4.44174337387,
        "var": 685.788391113
    },
    "hfc": {
        "dmean": 12.99609375,
        "dmean2": 20.1651344299,
        "dvar": 577.84967041,
        "dvar2": 1244.25146484,
        "max": 558.418640137,
        "mean": 30.2126979828,
        "median": 22.8130569458,
        "min": 1.00699925423,
        "var": 1095.18676758
    },
    "melbands_crest": {
        "dmean": 3.69423985481,
        "dmean2": 5.2919344902,
        "dvar": 10.7041692734,
        "dvar2": 19.7595157623,
        "max": 35.0255737305,
        "mean": 18.1394729614,
        "median": 16.7844715118,
        "min": 4.92322969437,
        "var": 50.7777175903
    },
    "melbands_flatness_db": {
        "dmean": 0.0424489416182,
        "dmean2": 0.0520249605179,
        "dvar": 0.00158825458493,
        "dvar2": 0.00383320916444,
        "max": 0.530221581459,
        "mean": 0.231757253408,
        "median": 0.220553174615,
        "min": 0.0337850265205,
        "var": 0.00697031896561
    },
    "melbands_kurtosis": {
        "dmean": 22.666097641,
        "dmean2": 29.2689094543,
        "dvar": 2018.71008301,
        "dvar2": 3566.26879883,
        "max": 920.897033691,
        "mean": 46.5113601685,
        "median": 21.4021587372,
        "min": -1.34643769264,
        "var": 6357.90771484
    },
    "melbands_skewness": {
        "dmean": 1.25924134254,
        "dmean2": 1.66846048832,
        "dvar": 2.2075483799,
        "dvar2": 4.06416845322,
        "max": 21.661567688,
        "mean": 4.58929109573,
        "median": 3.78388786316,
        "min": -0.34351053834,
        "var": 10.8373937607
    },
    "melbands_spread": {
        "dmean": 8.43268299103,
        "dmean2": 12.8373012543,
        "dvar": 163.107757568,
        "dvar2": 371.703491211,
        "max": 174.911346436,
        "mean": 18.5832080841,
        "median": 13.2526855469,
        "min": 0.429877698421,
        "var": 329.720550537
    },
    "pitch_salience": {
        "dmean": 0.0812148600817,
        "dmean2": 0.112193629146,
        "dvar": 0.00631555821747,
        "dvar2": 0.0110995629802,
        "max": 0.839920520782,
        "mean": 0.453532636166,
        "median": 0.469211131334,
        "min": 0.0400446206331,
        "var": 0.0241050757468
    },
    "silence_rate_20dB": {
        "dmean": 0,
        "dmean2": 0,
        "dvar": 0,
        "dvar2": 0,
        "max": 1,
        "mean": 1,
        "median": 1,
        "min": 1,
        "var": 0
    },
    "silence_rate_30dB": {
        "dmean": 0.0992248058319,
        "dmean2": 0.198603570461,
        "dvar": 0.0893777236342,
        "dvar2": 0.159160941839,
        "max": 1,
        "mean": 0.796281933784,
        "median": 1,
        "min": 0,
        "var": 0.162218391895
    },
    "silence_rate_60dB": {
        "dmean": 0.00155038759112,
        "dmean2": 0.00310318078846,
        "dvar": 0.00154798314907,
        "dvar2": 0.00464513804764,
        "max": 1,
        "mean": 0.000774593325332,
        "median": 0,
        "min": 0,
        "var": 0.00077399314614
    },
    "spectral_centroid": {
        "dmean": 327.443572998,
        "dmean2": 498.066558838,
        "dvar": 143237,
        "dvar2": 336154.375,
        "max": 5856.63232422,
        "mean": 1289.16638184,
        "median": 1157.52307129,
        "min": 155.282165527,
        "var": 496459
    },
    "spectral_complexity": {
        "dmean": 4.8542637825,
        "dmean2": 7.79596567154,
        "dvar": 34.5214080811,
        "dvar2": 82.317527771,
        "max": 47,
        "mean": 16.2424468994,
        "median": 14,
        "min": 2,
        "var": 68.4486160278
    },
    "spectral_decrease": {
        "dmean": 5.51300027851e-09,
        "dmean2": 6.33955465901e-09,
        "dvar": 4.3652412037e-17,
        "dvar2": 8.28626590438e-17,
        "max": -5.98290750276e-10,
        "mean": -1.58035753373e-08,
        "median": -1.06473461159e-08,
        "min": -6.47528892728e-08,
        "var": 1.81670130985e-16
    },
    "spectral_energy": {
        "dmean": 0.0213217120618,
        "dmean2": 0.0249919779599,
        "dvar": 0.000624588865321,
        "dvar2": 0.00119734415784,
        "max": 0.248452469707,
        "mean": 0.0623867288232,
        "median": 0.043187610805,
        "min": 0.00274254148826,
        "var": 0.00263975327834
    },
    "spectral_energyband_high": {
        "dmean": 0.00134696892928,
        "dmean2": 0.00202213437296,
        "dvar": 1.09977236207e-05,
        "dvar2": 2.1697680495e-05,
        "max": 0.078465975821,
        "mean": 0.00205945852213,
        "median": 0.000885520188604,
        "min": 1.65024866874e-05,
        "var": 2.08317378565e-05
    },
    "spectral_energyband_low": {
        "dmean": 0.0193742346019,
        "dmean2": 0.0206925775856,
        "dvar": 0.000704305421095,
        "dvar2": 0.00117675599176,
        "max": 0.228915005922,
        "mean": 0.0418907850981,
        "median": 0.0180576052517,
        "min": 0.000175257620867,
        "var": 0.00261615146883
    },
    "spectral_energyband_middle_high": {
        "dmean": 0.00220157741569,
        "dmean2": 0.00368977407925,
        "dvar": 1.16546434583e-05,
        "dvar2": 3.06703404931e-05,
        "max": 0.0566690042615,
        "mean": 0.00515368068591,
        "median": 0.00237867934629,
        "min": 4.68078287668e-05,
        "var": 4.03537342208e-05
    },
    "spectral_energyband_middle_low": {
        "dmean": 0.00627756118774,
        "dmean2": 0.00969521421939,
        "dvar": 7.21495962352e-05,
        "dvar2": 0.00017121862038,
        "max": 0.101419821382,
        "mean": 0.0151679515839,
        "median": 0.0122892679647,
        "min": 0.000311487005092,
        "var": 0.000157879825565
    },
    "spectral_entropy": {
        "dmean": 0.217964828014,
        "dmean2": 0.312674760818,
        "dvar": 0.0511391684413,
        "dvar2": 0.124568551779,
        "max": 8.49031543732,
        "mean": 7.60683107376,
        "median": 7.62755012512,
        "min": 6.02214717865,
        "var": 0.162473797798
    },
    "spectral_flux": {
        "dmean": 0.0323628149927,
        "dmean2": 0.0481743365526,
        "dvar": 0.00101014925167,
        "dvar2": 0.00186649616808,
        "max": 0.324452131987,
        "mean": 0.11848217994,
        "median": 0.096876308322,
        "min": 0.0300728268921,
        "var": 0.00412419065833
    },
    "spectral_kurtosis": {
        "dmean": 1.02364122868,
        "dmean2": 1.66231143475,
        "dvar": 1.27764034271,
        "dvar2": 3.09022974968,
        "max": 10.6020708084,
        "mean": 1.56352853775,
        "median": 1.14304161072,
        "min": -1.19353687763,
        "var": 2.58056592941
    },
    "spectral_rms": {
        "dmean": 0.00123203615658,
        "dmean2": 0.00139328453224,
        "dvar": 1.18554191886e-06,
        "dvar2": 2.09057861866e-06,
        "max": 0.0155689641833,
        "mean": 0.00722938030958,
        "median": 0.0064910906367,
        "min": 0.00163574144244,
        "var": 8.60116688273e-06
    },
    "spectral_rolloff": {
        "dmean": 649.553466797,
        "dmean2": 1087.43603516,
        "dvar": 1262943.625,
        "dvar2": 2735546.5,
        "max": 9991.40625,
        "mean": 1105.34716797,
        "median": 473.73046875,
        "min": 64.599609375,
        "var": 2363741
    },
    "spectral_skewness": {
        "dmean": 0.198546648026,
        "dmean2": 0.296808153391,
        "dvar": 0.0432052984834,
        "dvar2": 0.0925049260259,
        "max": 2.56609964371,
        "mean": 1.07723546028,
        "median": 1.05929648876,
        "min": -0.396597862244,
        "var": 0.172018393874
    },
    "spectral_spread": {
        "dmean": 612479.5,
        "dmean2": 864839.6875,
        "dvar": 308829323264,
        "dvar2": 642802122752,
        "max": 11247889,
        "mean": 5390051,
        "median": 5354978.5,
        "min": 2750256.25,
        "var": 1.22364690432e+12
    },
    "spectral_strongpeak": {
        "dmean": 0.482563853264,
        "dmean2": 0.780459463596,
        "dvar": 0.659215271473,
        "dvar2": 1.68526899815,
        "max": 7.89659833908,
        "mean": 0.964299559593,
        "median": 0.664763331413,
        "min": 0.0377051010728,
        "var": 1.01023495197
    },
    "zerocrossingrate": {
        "dmean": 0.0145333698019,
        "dmean2": 0.0158284194767,
        "dvar": 0.00019229996542,
        "dvar2": 0.000209051111597,
        "max": 0.2451171875,
        "mean": 0.0542381741107,
        "median": 0.04931640625,
        "min": 0.0029296875,
        "var": 0.00131318892818
    },
    "barkbands": {
        "dmean": [0.000594074896071, 0.0162790436298, 0.0062305200845, 0.00276197586209, 0.00218588649295, 0.0010181851685, 0.00197781366296, 0.000506822485477, 0.000462558440631, 0.000701377226505, 0.00024933979148, 0.000284452689812, 0.000272869510809, 0.000497325265314, 0.000159751652973, 0.000175205161213, 0.000222278176807, 0.000216336935409, 0.000206304583116, 0.000164247772773, 0.000252583326073, 0.000368608976714, 0.000376615935238, 0.000310743489536, 8.90544542926e-05, 9.25108309957e-08, 1.78827459507e-08],
        "dmean2": [0.000776950095315, 0.0201234593987, 0.00859116762877, 0.00490835215896, 0.00347465882078, 0.00158229516819, 0.00306019675918, 0.000763653486501, 0.000735692796297, 0.00106034846976, 0.000406628474593, 0.00051433336921, 0.000464628421469, 0.000809293531347, 0.000268595118541, 0.000296932732454, 0.000401049444918, 0.000374576775357, 0.000347490247805, 0.000265150651103, 0.000422058918048, 0.000544500246178, 0.000591636751778, 0.000459419476101, 0.00013547463459, 1.40767326684e-07, 3.18581427905e-08],
        "dvar": [9.33586818519e-07, 0.000746520876419, 0.000153240878717, 3.99959135393e-05, 1.24565531223e-05, 6.96201959727e-06, 1.35831869557e-05, 1.33063610974e-06, 1.16381568205e-06, 2.43329918703e-06, 4.67286355388e-07, 3.06141572537e-07, 2.76116594478e-07, 1.67620407865e-06, 6.4121771004e-08, 1.18826868345e-07, 1.9674392604e-07, 1.26301884507e-07, 1.0994478572e-07, 1.44756043596e-07, 5.14108648986e-07, 2.29444003708e-06, 1.01130979147e-06, 5.22492541677e-07, 5.52180310365e-08, 6.27743435575e-14, 2.66669688718e-14],
        "dvar2": [1.72594957348e-06, 0.00116650247946, 0.000274731370155, 0.000114546368422, 2.77033632301e-05, 1.52494785652e-05, 3.20936887874e-05, 2.46340368903e-06, 2.74717831417e-06, 5.6343851611e-06, 9.85835072242e-07, 8.2292137904e-07, 6.62519767047e-07, 4.10161146647e-06, 1.65431657706e-07, 2.83349066876e-07, 5.50587515136e-07, 3.42567716416e-07, 2.82901595483e-07, 3.42298733358e-07, 1.04668527001e-06, 4.81429242427e-06, 2.47177422352e-06, 8.53399797052e-07, 7.97588555201e-08, 1.2807880841e-13, 6.64670548418e-14],
        "max": [0.00928476080298, 0.185650616884, 0.0803476423025, 0.0431660450995, 0.0586830191314, 0.0622535683215, 0.0585712343454, 0.0184937417507, 0.020272243768, 0.0268691852689, 0.0252508986741, 0.00533367786556, 0.0119077954441, 0.0325158722699, 0.00319697614759, 0.00805156305432, 0.00412942050025, 0.00358200538903, 0.00433438830078, 0.00697695137933, 0.0173281896859, 0.0429050810635, 0.019224325195, 0.0245837587863, 0.00733825145289, 7.092011856e-06, 3.87484624298e-06],
        "mean": [0.000838648411445, 0.0315439738333, 0.00769049627706, 0.00306329596788, 0.00421329401433, 0.00182543427218, 0.00413262704387, 0.000950098386966, 0.000896022189409, 0.00162237673067, 0.000348028144799, 0.00034856464481, 0.000404225487728, 0.000913265394047, 0.000212650746107, 0.00027812976623, 0.000277790240943, 0.000320325256325, 0.000350566348061, 0.000275343365502, 0.000335287128109, 0.000471653358545, 0.000460609415313, 0.000472489889944, 0.000141418873682, 1.24595587181e-07, 1.27742749712e-08],
        "median": [0.000329476722982, 0.0107374349609, 0.00232169288211, 0.00136272376403, 0.00143445411231, 0.000677753298078, 0.00110458233394, 0.000145429497934, 0.000182418123586, 0.000272490520729, 7.4207680882e-05, 8.62012093421e-05, 0.000126836428535, 0.000152685301146, 9.98959731078e-05, 0.000108165368147, 9.96571252472e-05, 0.000157877700985, 0.000176810382982, 0.000137501920108, 0.000137696464662, 0.000119570941024, 0.000160660478286, 0.000216390035348, 5.69079129491e-05, 4.77473491856e-08, 1.22895227328e-09],
        "min": [2.01766525265e-07, 6.81279198034e-05, 1.35970378778e-06, 2.37451286011e-06, 1.21401362776e-05, 7.14391853762e-06, 1.00748820842e-05, 3.71484406969e-06, 2.54508881881e-06, 2.8066226605e-06, 2.33165565078e-06, 7.20897787687e-07, 1.67476412116e-06, 1.75563923221e-06, 1.53142195813e-06, 1.52233712924e-06, 1.57234535436e-06, 1.74618787696e-06, 2.39928112933e-06, 2.07710877476e-06, 2.81694542537e-06, 1.75884963483e-06, 1.00199986264e-06, 1.69425254626e-06, 2.98603481497e-07, 5.27163590558e-10, 1.41072631007e-11],
        "var": [1.74777835582e-06, 0.00203685858287, 0.000216439788346, 2.81186003122e-05, 3.88025036955e-05, 1.5834959413e-05, 5.23474845977e-05, 6.06074991083e-06, 4.90155252919e-06, 1.2144098946e-05, 1.59378510034e-06, 4.42342866336e-07, 8.22802405764e-07, 5.4927149904e-06, 8.21834049702e-08, 3.77231913262e-07, 2.22660148097e-07, 1.75621266862e-07, 2.30431624004e-07, 1.98367644089e-07, 7.18698458968e-07, 3.63178287444e-06, 1.25898338865e-06, 1.26432337311e-06, 1.64035114381e-07, 1.20571819672e-13, 1.9415895893e-14]
    },
    "erbbands": {
        "dmean": [0.482556194067, 4.20170402527, 7.87225961685, 7.0308432579, 7.6682434082, 7.82030725479, 10.6928720474, 7.77060317993, 28.8239879608, 17.4447555542, 9.88697719574, 10.8923997879, 15.818901062, 18.2921409607, 10.1788778305, 10.8451080322, 11.4007520676, 19.600528717, 15.2535505295, 8.47308540344, 9.40609836578, 11.986489296, 11.8723773956, 11.837231636, 7.46295881271, 7.81751441956, 9.54036712646, 11.1288843155, 12.0000524521, 12.1958255768, 11.2324447632, 7.43982172012, 5.10528039932, 1.82020425797, 0.109574869275, 0.00500724930316, 0.000300671439618, 5.05328680447e-05, 1.94174845092e-05, 2.56559069385e-05],
        "dmean2": [0.503702759743, 5.17051887512, 11.4016809464, 10.7459392548, 13.0760097504, 12.0805521011, 16.3547611237, 12.2643213272, 44.9556083679, 25.7501945496, 15.0177555084, 17.3475799561, 24.1305942535, 27.8194026947, 16.7399539948, 19.54429245, 19.3893165588, 32.5404891968, 25.7975635529, 14.6703205109, 16.1189308167, 21.4059734344, 20.9152965546, 20.137834549, 12.6278419495, 12.5616464615, 15.859208107, 19.0592460632, 18.640411377, 17.710811615, 17.9886951447, 11.6022148132, 7.31882381439, 2.72878336906, 0.160152763128, 0.00728553021327, 0.000440835166955, 7.52521154936e-05, 2.78848965536e-05, 3.23988570017e-05],
        "dvar": [0.530761182308, 53.9489021301, 257.611602783, 171.712905884, 289.228729248, 181, 530.722717285, 639.450317383, 3246.88793945, 1588.16394043, 549.189025879, 744.066650391, 1123.29382324, 1411.17504883, 541.443359375, 444.02935791, 455.398010254, 2779.14526367, 1391.34594727, 235.847946167, 352.544769287, 540.507873535, 462.984100342, 368.155731201, 144.372085571, 362.528900146, 806.893981934, 811.447875977, 1937.51904297, 3078.54589844, 944.33215332, 384.094146729, 102.80368042, 21.9032230377, 0.165988743305, 0.000318705802783, 7.11466384473e-07, 2.17286988402e-08, 1.60867874577e-09, 8.21300416565e-10],
        "dvar2": [0.64758092165, 90.9504318237, 446.444915771, 405.698791504, 770.380249023, 426.82635498, 1215.03369141, 1383.08618164, 7573.77441406, 3326.68505859, 968.091125488, 1681.52697754, 2354.30615234, 3296.77880859, 1168.67712402, 1223.22009277, 1050.95019531, 6930.44628906, 3623.89575195, 599.960144043, 918.465087891, 1508.91479492, 1271.93859863, 976.764648438, 378.428924561, 821.745910645, 1562.88366699, 1849.34411621, 4158.26171875, 6769.9921875, 2445.63256836, 698.309509277, 166.433944702, 29.4743900299, 0.220246419311, 0.000431502034189, 1.02640285604e-06, 3.92367347501e-08, 3.54538642888e-09, 1.62898383671e-09],
        "max": [6.66082572937, 49.1302070618, 97.0885009766, 110.189575195, 270.823760986, 178.76739502, 512.844726562, 719.598205566, 969.426757812, 804.27166748, 509.720977783, 513.114685059, 627.014831543, 742.542053223, 764.91619873, 170.124771118, 609.773986816, 962.088378906, 1191.05004883, 212.730682373, 546.973083496, 265.961547852, 234.037948608, 195.201629639, 165.543380737, 348.486480713, 740.147033691, 552.96862793, 1162.24462891, 1436.99682617, 694.314697266, 602.234741211, 302.295043945, 141.980194092, 14.0105667114, 0.610268652439, 0.0245303343982, 0.00447111902758, 0.00126320519485, 0.000516601197887],
        "mean": [0.908154547215, 6.88314294815, 10.6322898865, 9.911652565, 9.21521663666, 14.6150407791, 20.9661445618, 15.1553287506, 59.0994644165, 36.2257270813, 19.2642669678, 19.9195270538, 39.0905227661, 36.2502174377, 15.0947904587, 13.4737443924, 18.5010871887, 31.9356212616, 32.4769515991, 12.6692762375, 14.8691682816, 16.6901226044, 17.4997959137, 19.6182308197, 13.4878015518, 13.5238018036, 13.8646411896, 13.2607002258, 15.6050348282, 15.9234409332, 13.2555675507, 10.4446220398, 7.78282165527, 3.06724977493, 0.15516936779, 0.0072728106752, 0.00049719971139, 8.07049073046e-05, 4.8376241466e-05, 7.63094212743e-05],
        "median": [0.209659337997, 2.42962241173, 3.53852963448, 5.05512952805, 4.52391672134, 4.14506483078, 5.77971839905, 6.62064647675, 14.2260656357, 9.43450450897, 5.23901796341, 6.02331447601, 6.92863512039, 10.0444641113, 5.09744644165, 4.17220163345, 6.42359542847, 6.76198291779, 9.1142206192, 6.71363925934, 6.24628925323, 6.03437805176, 8.32200813293, 10.5085468292, 7.52816963196, 6.4992017746, 6.59321451187, 4.61824607849, 4.00046300888, 4.60040998459, 4.43286132812, 4.7397646904, 3.52482318878, 1.29763686657, 0.0448257550597, 0.00226725358516, 0.00021297186322, 3.52730094164e-05, 3.52571914846e-05, 5.694621359e-05],
        "min": [0.00122497754637, 0.0205920375884, 0.0299414526671, 0.0290244948119, 0.0292682591826, 0.0445363372564, 0.139523535967, 0.144347429276, 0.261691212654, 0.266223192215, 0.167617246509, 0.209859251976, 0.158588767052, 0.164525985718, 0.143184050918, 0.130346745253, 0.0916014462709, 0.10958198458, 0.137343347073, 0.0961851030588, 0.0859634876251, 0.123160555959, 0.116446830332, 0.172337904572, 0.11381419003, 0.0945078134537, 0.0779611617327, 0.115111075342, 0.0701195448637, 0.0712017044425, 0.0340419188142, 0.0324795953929, 0.0308295562863, 0.00905701331794, 0.000258164916886, 2.06251988857e-05, 6.03464104643e-06, 8.6090659579e-07, 1.9666551907e-06, 4.10112352256e-06],
        "var": [1.88154399395, 116.22277832, 382.603485107, 202.851394653, 261.608276367, 586.264404297, 2294.22412109, 1102.9609375, 12283.828125, 6547.18994141, 2178.87963867, 2249.50170898, 6441.21435547, 5160.20361328, 1521.42297363, 508.108673096, 1571.33996582, 6872.81201172, 6354.25830078, 377.423065186, 1066.6229248, 776.260375977, 599.550720215, 624.230102539, 267.272979736, 525.850158691, 1198.27832031, 1014.96594238, 3213.38525391, 4256.63037109, 1093.39855957, 706.280456543, 296.29989624, 69.6118240356, 0.413242846727, 0.000801240268629, 1.92092556972e-06, 4.42172414239e-08, 3.16421511215e-09, 3.46599726697e-09]
    },
    "gfcc": {
        "mean": [11.9040956497, 107.93031311, -118.108634949, 73.2869110107, -75.1617355347, 33.8423309326, -34.2794723511, 8.14370155334, -2.77758216858, -11.3970880508, 11.4507789612, -18.545715332, 7.61949777603],
        "cov": [[1552.28125, -479.42678833, -300.965881348, 28.0094623566, -155.481521606, 120.521278381, -113.928123474, -3.04316949844, -108.708274841, -54.0217895508, -126.883911133, 27.8865184784, -135.484390259], [-479.42678833, 634.981567383, 19.4404754639, -142.549255371, 179.142669678, -111.496292114, 97.0062789917, -21.5162010193, 52.4568557739, -47.061340332, 83.0137023926, -106.095275879, 28.9514408112], [-300.965881348, 19.4404754639, 682.774902344, 220.138778687, 14.8781337738, -55.7392082214, -111.144393921, 15.7049474716, 19.0544261932, 24.3644485474, -25.9282512665, 20.3494701385, 24.1071662903], [28.0094623566, -142.549255371, 220.138778687, 331.106536865, 86.6751022339, -23.6460018158, 5.7120847702, -22.6497268677, 11.3201847076, -13.0702705383, -43.4407424927, 13.9665126801, 4.65205574036], [-155.481521606, 179.142669678, 14.8781337738, 86.6751022339, 313.638916016, 41.1118621826, 149.578796387, 46.2387390137, 48.8185539246, -17.8499221802, 47.418598175, -52.6254043579, 44.9224014282], [120.521278381, -111.496292114, -55.7392082214, -23.6460018158, 41.1118621826, 226.541091919, 117.485137939, -53.0068206787, -12.9725990295, 16.1735496521, -18.2960529327, -27.340839386, -7.49311113358], [-113.928123474, 97.0062789917, -111.144393921, 5.7120847702, 149.578796387, 117.485137939, 271.928009033, 11.3834552765, 83.4804000854, 16.8521099091, 66.0669021606, -35.047744751, 24.9834651947], [-3.04316949844, -21.5162010193, 15.7049474716, -22.6497268677, 46.2387390137, -53.0068206787, 11.3834552765, 204.122116089, 75.9190750122, 25.4489440918, 55.7801132202, 49.8442497253, 24.1676769257], [-108.708274841, 52.4568557739, 19.0544261932, 11.3201847076, 48.8185539246, -12.9725990295, 83.4804000854, 75.9190750122, 154.16418457, 59.8462142944, 80.5392456055, 29.9790782928, 25.892332077], [-54.0217895508, -47.061340332, 24.3644485474, -13.0702705383, -17.8499221802, 16.1735496521, 16.8521099091, 25.4489440918, 59.8462142944, 105.91859436, 50.847530365, 21.0469894409, 17.0189266205], [-126.883911133, 83.0137023926, -25.9282512665, -43.4407424927, 47.418598175, -18.2960529327, 66.0669021606, 55.7801132202, 80.5392456055, 50.847530365, 128.446456909, 39.915725708, 28.3427658081], [27.8865184784, -106.095275879, 20.3494701385, 13.9665126801, -52.6254043579, -27.340839386, -35.047744751, 49.8442497253, 29.9790782928, 21.0469894409, 39.915725708, 105.375717163, 36.0787696838], [-135.484390259, 28.9514408112, 24.1071662903, 4.65205574036, 44.9224014282, -7.49311113358, 24.9834651947, 24.1676769257, 25.892332077, 17.0189266205, 28.3427658081, 36.0787696838, 90.1569900513]],
        "icov": [[0.00118074845523, 0.00026498970692, 0.000728920625988, -0.000565862457734, 9.45089050219e-05, -0.000987304607406, 0.000861526816152, -0.000566461123526, -5.97807702434e-05, 0.000411995104514, 0.000283495959593, -0.000388189830119, 0.00131315877661], [0.00026498970692, 0.0100539308041, -0.00324220512994, 0.00884920172393, -0.00578435929492, 0.00926075316966, -0.00371765368618, 0.00626979582012, -0.00361769553274, 0.00548367667943, -0.00285618030466, 0.0061711743474, -0.000986499479041], [0.000728920625988, -0.00324220512994, 0.00394025724381, -0.00539015419781, 0.00252465601079, -0.00466346507892, 0.00382180442102, -0.00308582535945, 0.000471399282105, -0.0015432946384, 8.16018073238e-05, -0.000517666921951, -0.000178886504727], [-0.000565862457734, 0.00884920172393, -0.00539015419781, 0.0152710331604, -0.00944382324815, 0.011939521879, -0.0066294032149, 0.00874773599207, -0.00364411110058, 0.00244710943662, 0.00392644805834, -0.00155088631436, 0.00212216936052], [9.45089050219e-05, -0.00578435929492, 0.00252465601079, -0.00944382324815, 0.0125296721235, -0.00817215908319, 0.00208595045842, -0.00733550172299, 0.00206632330082, 0.00146291521378, -0.00511010503396, 0.00613413983956, -0.00544013362378], [-0.000987304607406, 0.00926075316966, -0.00466346507892, 0.011939521879, -0.00817215908319, 0.019148118794, -0.0107630137354, 0.00913992524147, -0.000685903942212, -0.000236189647694, 0.00357409450226, 0.000308842834784, 0.00136360665783], [0.000861526816152, -0.00371765368618, 0.00382180442102, -0.0066294032149, 0.00208595045842, -0.0107630137354, 0.0137895308435, -0.00357893016189, -0.00385109568015, 0.00196981034242, -0.00521207135171, 0.00415401719511, -0.00227675493807], [-0.000566461123526, 0.00626979582012, -0.00308582535945, 0.00874773599207, -0.00733550172299, 0.00913992524147, -0.00357893016189, 0.0128079559654, -0.00498284725472, 0.00180787837598, 0.000876214064192, -0.00233904458582, 0.00123256724328], [-5.97807702434e-05, -0.00361769553274, 0.000471399282105, -0.00364411110058, 0.00206632330082, -0.000685903942212, -0.00385109568015, -0.00498284725472, 0.016125401482, -0.00763768982142, -0.00167082401458, -0.00424173567444, 0.00148356612772], [0.000411995104514, 0.00548367667943, -0.0015432946384, 0.00244710943662, 0.00146291521378, -0.000236189647694, 0.00196981034242, 0.00180787837598, -0.00763768982142, 0.0203610491008, -0.0101285725832, 0.00947247911245, -0.0048910533078], [0.000283495959593, -0.00285618030466, 8.16018073238e-05, 0.00392644805834, -0.00511010503396, 0.00357409450226, -0.00521207135171, 0.000876214064192, -0.00167082401458, -0.0101285725832, 0.0246705524623, -0.0162695329636, 0.00631828280166], [-0.000388189830119, 0.0061711743474, -0.000517666921951, -0.00155088631436, 0.00613413983956, 0.000308842834784, 0.00415401719511, -0.00233904458582, -0.00424173567444, 0.00947247911245, -0.0162695329636, 0.0320806205273, -0.0141946962103], [0.00131315877661, -0.000986499479041, -0.000178886504727, 0.00212216936052, -0.00544013362378, 0.00136360665783, -0.00227675493807, 0.00123256724328, 0.00148356612772, -0.0048910533078, 0.00631828280166, -0.0141946962103, 0.0206360556185]]
    },
    "melbands": {
        "dmean": [0.00430978368968, 0.00494155753404, 0.00122873019427, 0.000498256704304, 0.000362280115951, 0.000193366664462, 0.000419180520112, 0.000168570084497, 7.72348503233e-05, 6.6723296186e-05, 8.61856387928e-05, 8.50158830872e-05, 3.64281695511e-05, 3.10512114083e-05, 2.61936711468e-05, 3.12576157739e-05, 3.8247610064e-05, 3.11749572575e-05, 1.12211728265e-05, 1.26448048832e-05, 1.11854033094e-05, 1.25682454382e-05, 1.24481884995e-05, 1.12357765829e-05, 1.02752492239e-05, 7.74238378654e-06, 4.54199425803e-06, 5.81435688218e-06, 6.22819379714e-06, 5.27599740963e-06, 7.52087316869e-06, 6.61940066493e-06, 8.40492521093e-06, 6.16391753283e-06, 6.43711609882e-06, 5.88028069615e-06, 4.38164033767e-06, 4.00276667278e-06, 2.72898637377e-06, 1.22301821648e-06],
        "dmean2": [0.00458361953497, 0.0057354667224, 0.00187783618458, 0.000784897070844, 0.000568155781366, 0.000303643435473, 0.00065566675039, 0.000249554548645, 0.000118224030302, 0.000106966144813, 0.000131565146148, 0.000128710351419, 5.87468384765e-05, 5.61436318094e-05, 4.49947947345e-05, 5.43353853573e-05, 6.30520589766e-05, 5.28623313585e-05, 1.89565853361e-05, 2.13415714825e-05, 1.93680061784e-05, 2.21047775995e-05, 2.26916181418e-05, 1.93156374735e-05, 1.74918513949e-05, 1.30677926791e-05, 7.69857615524e-06, 9.31126214709e-06, 1.05667459138e-05, 8.35689297674e-06, 1.30945445562e-05, 1.0725591892e-05, 1.22558394651e-05, 9.31088106881e-06, 1.03086395029e-05, 9.7929569165e-06, 6.66742198518e-06, 5.91582329434e-06, 4.04641286877e-06, 1.78549964858e-06],
        "dvar": [4.07695442846e-05, 6.81989258737e-05, 5.43226906302e-06, 8.05952765859e-07, 4.92011736242e-07, 2.93677771879e-07, 6.43646217213e-07, 1.4122747416e-07, 3.35915899541e-08, 2.65321258297e-08, 3.52383509039e-08, 3.06632124136e-08, 9.97499061128e-09, 4.01907440661e-09, 2.1371504566e-09, 5.1861697159e-09, 9.53317780272e-09, 7.56089235665e-09, 3.47749357088e-10, 6.44051645349e-10, 5.29738530819e-10, 5.64062130337e-10, 6.95052460031e-10, 3.29371668828e-10, 2.78742084969e-10, 1.51550938465e-10, 8.7126937609e-11, 1.95336635755e-10, 3.48073264655e-10, 2.05768665995e-10, 3.68612002033e-10, 4.06476546866e-10, 1.97307015171e-09, 6.89754142691e-10, 3.33723326751e-10, 1.63789662389e-10, 2.29034208266e-10, 6.67522981335e-11, 3.2394673749e-11, 1.56023007014e-11],
        "dvar2": [5.19015593454e-05, 0.000131860972033, 1.3116032278e-05, 1.8036663505e-06, 1.14719966859e-06, 6.41905387511e-07, 1.5202006125e-06, 2.9157953918e-07, 5.93497198054e-08, 5.98706719757e-08, 7.44511083894e-08, 7.29921723064e-08, 2.03665315723e-08, 1.07720072862e-08, 5.06525177357e-09, 1.39103919494e-08, 2.37260699976e-08, 1.98687715169e-08, 9.22635745582e-10, 1.34522770701e-09, 1.3662220244e-09, 1.5494557859e-09, 1.91052551557e-09, 8.88286777467e-10, 7.30564830853e-10, 3.77009229391e-10, 2.28339069874e-10, 4.45549597217e-10, 6.85518641852e-10, 4.10217970703e-10, 8.99507524021e-10, 9.42451672259e-10, 4.00890121099e-09, 1.60510904568e-09, 8.13187461812e-10, 4.40348285613e-10, 4.47308357021e-10, 1.24072377372e-10, 5.25200126444e-11, 2.17223478788e-11],
        "max": [0.0530341565609, 0.0580855160952, 0.0186622329056, 0.0153239360079, 0.0148682920262, 0.0145254088566, 0.0132539840415, 0.00732046738267, 0.00429245596752, 0.00287716765888, 0.00352587574162, 0.00313393236138, 0.00372141157277, 0.000654890318401, 0.00105712504592, 0.00139142363332, 0.0016297288239, 0.00285406969488, 0.000294933764962, 0.00069387460826, 0.000636456767097, 0.000306438741973, 0.000233238111832, 0.000165293517057, 0.000176581597771, 0.000204567637411, 0.000181919866009, 0.000240400899202, 0.000442122254753, 0.000394045811845, 0.000372422102373, 0.000434601068264, 0.00126589159481, 0.000552752346266, 0.000396524730604, 0.000250052078627, 0.000502404756844, 0.000223964379984, 0.000144254474435, 0.000136350150569],
        "mean": [0.00848599616438, 0.00705884816125, 0.00170522381086, 0.00082445127191, 0.000744634249713, 0.000376692361897, 0.000860269705299, 0.000341817853041, 0.00014334754087, 0.000122330602608, 0.000211726612179, 0.000174210508703, 5.30466495547e-05, 3.58231882274e-05, 4.09691856476e-05, 4.51949708804e-05, 6.24246022198e-05, 6.69193032081e-05, 1.41592063301e-05, 1.92608076759e-05, 1.58047714649e-05, 1.75584900717e-05, 1.41474192787e-05, 1.7243264665e-05, 1.58772418217e-05, 1.27837547552e-05, 7.30068222765e-06, 9.5173054433e-06, 8.90330647962e-06, 7.07454501025e-06, 8.04651608632e-06, 8.06000934972e-06, 1.05717999759e-05, 7.95597043179e-06, 7.39321967558e-06, 7.24161827748e-06, 6.06960611549e-06, 5.64243919143e-06, 4.60988212581e-06, 1.80383653969e-06],
        "median": [0.00262871105224, 0.0027184560895, 0.000912930932827, 0.000298642000416, 0.000209303601878, 0.000143256751471, 0.000212789076613, 6.83109901729e-05, 3.52145070792e-05, 2.66987117357e-05, 3.17898193316e-05, 4.15191498178e-05, 1.2922924725e-05, 9.15509554034e-06, 1.29277514134e-05, 1.08957347038e-05, 1.20513886941e-05, 1.46594347825e-05, 6.90021170158e-06, 8.01240094006e-06, 6.29001215202e-06, 5.65767641092e-06, 5.54681992071e-06, 8.14365466795e-06, 7.9505443864e-06, 6.27350709692e-06, 3.92762376578e-06, 4.24104064223e-06, 4.33404647993e-06, 2.89918261842e-06, 2.54185306403e-06, 2.12424970414e-06, 2.34501067098e-06, 2.50741709351e-06, 2.25580879487e-06, 3.23206108988e-06, 2.64345385403e-06, 2.52550148616e-06, 2.06248682844e-06, 6.12656663179e-07],
        "min": [1.70894236362e-05, 3.1214342016e-05, 5.32099329575e-06, 2.22959215535e-06, 2.71676026387e-06, 3.60525996257e-06, 1.97367057808e-06, 1.82487224265e-06, 7.46509329019e-07, 4.74322803257e-07, 7.81598316735e-07, 5.91467312461e-07, 4.38663818159e-07, 2.74341914519e-07, 1.78613518642e-07, 1.85766353411e-07, 1.52791869823e-07, 2.38971779254e-07, 9.53102343715e-08, 1.35001826607e-07, 6.7684879923e-08, 7.97232431182e-08, 8.79381119034e-08, 7.85276128568e-08, 1.09371313783e-07, 8.24674657451e-08, 4.72693812981e-08, 5.38716768972e-08, 4.19283487929e-08, 6.0908398325e-08, 2.29792913586e-08, 1.00251407176e-08, 4.4040845637e-08, 2.98098576934e-08, 1.0224851188e-08, 7.97428234556e-11, 2.21782823218e-08, 2.23252811793e-08, 1.64916560408e-08, 2.67305821922e-09],
        "var": [0.000146123100421, 0.00013008005044, 6.13484326095e-06, 1.78046138899e-06, 2.25966073231e-06, 6.09225423887e-07, 2.43019417212e-06, 6.02564512064e-07, 1.20129087122e-07, 9.27203629431e-08, 1.9984092603e-07, 1.23210483594e-07, 3.30536558124e-08, 5.93980420405e-09, 6.95635504755e-09, 1.3385815123e-08, 2.44197249089e-08, 3.47750663821e-08, 3.97995608692e-10, 1.98068694779e-09, 1.46802947576e-09, 1.02605413055e-09, 6.80127232311e-10, 5.02493047172e-10, 4.79745632109e-10, 3.29388849529e-10, 1.08913753016e-10, 2.90922785862e-10, 5.0390575046e-10, 3.10075465304e-10, 4.0787534461e-10, 6.34736485594e-10, 2.89714052748e-09, 8.58790649705e-10, 4.11692180347e-10, 1.76908224181e-10, 3.71631669882e-10, 1.57527102473e-10, 1.06792991117e-10, 4.17894781279e-11]
    },
    "mfcc": {
        "mean": [-611.920776367, 97.2364425659, 31.3771152496, 27.6279582977, 12.8572044373, 9.7456073761, 5.18962097168, 7.84752559662, -0.22900608182, 10.3868837357, 1.79330992699, 4.96002531052, -2.01305794716],
        "cov": [[1871.90856934, -621.162475586, -282.283905029, -183.457687378, -131.649169922, 58.2387542725, -83.0958480835, 58.7657661438, -97.4377212524, -54.3077926636, -55.820892334, -60.9862518311, -38.9984931946], [-621.162475586, 728.526306152, -84.1354675293, -9.21499156952, 58.9406776428, -89.5430603027, 79.7124252319, -27.3534755707, -8.684882164, 81.6991195679, 10.8778400421, 9.49387645721, -25.9927024841], [-282.283905029, -84.1354675293, 553.392211914, 120.166221619, 81.7237472534, -1.77925622463, -91.9199523926, -60.0295829773, 37.7195510864, -113.561058044, 2.82213568687, 53.223690033, 25.5987586975], [-183.457687378, -9.21499156952, 120.166221619, 348.629119873, 134.844100952, -18.783323288, 7.74808311462, 23.6049747467, 69.8493804932, -43.7931289673, 5.19294261932, 61.0393486023, 12.4274091721], [-131.649169922, 58.9406776428, 81.7237472534, 134.844100952, 192.87361145, -34.2706832886, 30.3767204285, 17.4905757904, 42.0844421387, -12.0109014511, -9.287150383, 24.3662757874, 11.5397205353], [58.2387542725, -89.5430603027, -1.77925622463, -18.783323288, -34.2706832886, 307.650146484, 91.2562866211, 11.0716695786, 15.5517482758, 63.7619132996, 14.7079048157, -78.8600845337, -22.9306125641], [-83.0958480835, 79.7124252319, -91.9199523926, 7.74808311462, 30.3767204285, 91.2562866211, 164.938705444, 51.0746192932, 22.5414962769, 79.7906265259, 16.2837524414, -35.6141433716, -15.2700109482], [58.7657661438, -27.3534755707, -60.0295829773, 23.6049747467, 17.4905757904, 11.0716695786, 51.0746192932, 124.347793579, 27.7874145508, 31.8032855988, 11.7654247284, 18.113866806, 14.7623605728], [-97.4377212524, -8.684882164, 37.7195510864, 69.8493804932, 42.0844421387, 15.5517482758, 22.5414962769, 27.7874145508, 108.802642822, 21.325345993, 16.7252521515, 17.4539299011, 25.9740619659], [-54.3077926636, 81.6991195679, -113.561058044, -43.7931289673, -12.0109014511, 63.7619132996, 79.7906265259, 31.8032855988, 21.325345993, 157.519226074, 33.7399520874, -22.4780273438, 23.9165344238], [-55.820892334, 10.8778400421, 2.82213568687, 5.19294261932, -9.287150383, 14.7079048157, 16.2837524414, 11.7654247284, 16.7252521515, 33.7399520874, 77.5997619629, 36.1926040649, 24.8995628357], [-60.9862518311, 9.49387645721, 53.223690033, 61.0393486023, 24.3662757874, -78.8600845337, -35.6141433716, 18.113866806, 17.4539299011, -22.4780273438, 36.1926040649, 131.669143677, 60.7809104919], [-38.9984931946, -25.9927024841, 25.5987586975, 12.4274091721, 11.5397205353, -22.9306125641, -15.2700109482, 14.7623605728, 25.9740619659, 23.9165344238, 24.8995628357, 60.7809104919, 115.370056152]],
