{
"lowlevel": {
    "average_loudness": 0.50381320715,
    "barkbands_crest": {
        "dmean": 2.02123332024,
        "dmean2": 3.07031178474,
        "dvar": 4.42101287842,
        "dvar2": 9.79868125916,
        "max": 25.2314720154,
        "mean": 12.4969406128,
        "median": 11.2558860779,
        "min": 4.04049825668,
        "var": 25.5012187958
    },
    "barkbands_flatness_db": {
        "dmean": 0.0174297578633,
        "dmean2": 0.0269716493785,
        "dvar": 0.000402203731937,
        "dvar2": 0.000786307966337,
        "max": 0.518951654434,
        "mean": 0.293026566505,
        "median": 0.280204683542,
        "min": 0.143980234861,
        "var": 0.00280723557808
    },
    "barkbands_kurtosis": {
        "dmean": 1.99378800392,
        "dmean2": 3.08402895927,
        "dvar": 19.2516098022,
        "dvar2": 42.6669921875,
        "max": 90.9254379272,
        "mean": 3.26710605621,
        "median": 1.06462574005,
        "min": -1.60435163975,
        "var": 47.2445983887
    },
    "barkbands_skewness": {
        "dmean": 0.437072694302,
        "dmean2": 0.684340834618,
        "dvar": 0.305735737085,
        "dvar2": 0.728054404259,
        "max": 4.33977794647,
        "mean": 0.120588995516,
        "median": 0.205702468753,
        "min": -7.56303215027,
        "var": 1.26809203625
    },
    "barkbands_spread": {
        "dmean": 2.30030822754,
        "dmean2": 3.63064789772,
        "dvar": 6.10907506943,
        "dvar2": 14.4031105042,
        "max": 33.3104553223,
        "mean": 9.22993278503,
        "median": 8.39284133911,
        "min": 0.528173267841,
        "var": 31.4253177643
    },
    "dissonance": {
        "dmean": 0.045234169811,
        "dmean2": 0.0767571628094,
        "dvar": 0.00163644633722,
        "dvar2": 0.00442067394033,
        "max": 0.493760257959,
        "mean": 0.362529337406,
        "median": 0.368596225977,
        "min": 0.118737481534,
        "var": 0.00418002530932
    },
    "dynamic_complexity": 6.55198287964,
    "erbbands_crest": {
        "dmean": 2.57351565361,
        "dmean2": 3.69731664658,
        "dvar": 8.47101306915,
        "dvar2": 17.153383255,
        "max": 34.1897010803,
        "mean": 17.0783786774,
        "median": 15.6862354279,
        "min": 4.75124835968,
        "var": 50.8002700806
    },
    "erbbands_flatness_db": {
        "dmean": 0.0156569480896,
        "dmean2": 0.0228572785854,
        "dvar": 0.000414523557993,
        "dvar2": 0.000752115971409,
        "max": 0.571452438831,
        "mean": 0.352336466312,
        "median": 0.341843485832,
        "min": 0.212120547891,
        "var": 0.00322204269469
    },
    "erbbands_kurtosis": {
        "dmean": 1.75946891308,
        "dmean2": 2.4716989994,
        "dvar": 14.4697475433,
        "dvar2": 24.4073524475,
        "max": 96.0501327515,
        "mean": 3.1644513607,
        "median": 1.03622770309,
        "min": -1.72963106632,
        "var": 46.1716423035
    },
    "erbbands_skewness": {
        "dmean": 0.357752948999,
        "dmean2": 0.495963394642,
        "dvar": 0.154781520367,
        "dvar2": 0.282497406006,
        "max": 4.33046579361,
        "mean": 0.464237928391,
        "median": 0.364313870668,
        "min": -4.59026527405,
        "var": 1.24524950981
    },
    "erbbands_spread": {
        "dmean": 2.2425057888,
        "dmean2": 3.2416870594,
        "dvar": 7.23703145981,
        "dvar2": 14.5983581543,
        "max": 34.3969650269,
        "mean": 11.2136898041,
        "median": 10.0702857971,
        "min": 0.244278892875,
        "var": 46.5512008667
    },
    "hfc": {
        "dmean": 5.19456624985,
        "dmean2": 7.47589588165,
        "dvar": 892.17565918,
        "dvar2": 2101.75708008,
        "max": 594.054870605,
        "mean": 10.7376508713,
        "median": 2.03624486923,
        "min": 0.165607631207,
        "var": 1269.54431152
    },
    "melbands_crest": {
        "dmean": 2.67699551582,
        "dmean2": 4.22439670563,
        "dvar": 7.46907234192,
        "dvar2": 17.1666851044,
        "max": 33.0087432861,
        "mean": 15.7304849625,
        "median": 14.1324100494,
        "min": 5.18179368973,
        "var": 39.3746604919
    },
    "melbands_flatness_db": {
        "dmean": 0.0170794427395,
        "dmean2": 0.02555700019,
        "dvar": 0.00037264826824,
        "dvar2": 0.000684241764247,
        "max": 0.577029049397,
        "mean": 0.358513891697,
        "median": 0.349052548409,
        "min": 0.232812151313,
        "var": 0.00320806587115
    },
    "melbands_kurtosis": {
        "dmean": 1.92652630806,
        "dmean2": 3.03198838234,
        "dvar": 10.790096283,
        "dvar2": 24.759721756,
        "max": 49.2767028809,
        "mean": 2.89788627625,
        "median": 1.56021022797,
        "min": -1.76289665699,
        "var": 24.4273319244
    },
    "melbands_skewness": {
        "dmean": 0.443418860435,
        "dmean2": 0.683619320393,
        "dvar": 0.285537093878,
        "dvar2": 0.685560107231,
        "max": 3.77345395088,
        "mean": 0.401432663202,
        "median": 0.45092651248,
        "min": -6.4399728775,
        "var": 1.31804728508
    },
    "melbands_spread": {
        "dmean": 3.28367900848,
        "dmean2": 5.21406698227,
        "dvar": 13.1718702316,
        "dvar2": 30.0684089661,
        "max": 54.6928329468,
        "mean": 14.7067146301,
        "median": 13.1810207367,
        "min": 0.989794015884,
        "var": 72.6605529785
    },
    "pitch_salience": {
        "dmean": 0.0524863116443,
        "dmean2": 0.0833738446236,
        "dvar": 0.00303115136921,
        "dvar2": 0.0073846783489,
        "max": 0.820792019367,
        "mean": 0.461840033531,
        "median": 0.469751298428,
        "min": 0.0682017728686,
        "var": 0.0100540984422
    },
    "silence_rate_20dB": {
        "dmean": 0.00620155036449,
        "dmean2": 0.0124127231538,
        "dvar": 0.00616313517094,
        "dvar2": 0.0184651594609,
        "max": 1,
        "mean": 0.996901631355,
        "median": 1,
        "min": 0,
        "var": 0.00308876414783
    },
    "silence_rate_30dB": {
        "dmean": 0.0139534883201,
        "dmean2": 0.0279286261648,
        "dvar": 0.0137587217614,
        "dvar2": 0.0302517507225,
        "max": 1,
        "mean": 0.973663806915,
        "median": 1,
        "min": 0,
        "var": 0.0256427917629
    },
    "silence_rate_60dB": {
        "dmean": 0.0565891489387,
        "dmean2": 0.112490303814,
        "dvar": 0.0533860661089,
        "dvar2": 0.112249828875,
        "max": 1,
        "mean": 0.489542990923,
        "median": 0,
        "min": 0,
        "var": 0.249889746308
    },
    "spectral_centroid": {
        "dmean": 54.0689620972,
        "dmean2": 78.8077011108,
        "dvar": 4553.93261719,
        "dvar2": 8739.38964844,
        "max": 1753.57043457,
        "mean": 774.317016602,
        "median": 740.23260498,
        "min": 371.779968262,
        "var": 50371.0546875
    },
    "spectral_complexity": {
        "dmean": 1.16124033928,
        "dmean2": 1.85802948475,
        "dvar": 1.46392059326,
        "dvar2": 2.99074673653,
        "max": 21,
        "mean": 7.06041812897,
        "median": 7,
        "min": 1,
        "var": 8.76010894775
    },
    "spectral_decrease": {
        "dmean": 1.40227129908e-09,
        "dmean2": 1.98522065453e-09,
        "dvar": 4.96087841181e-17,
        "dvar2": 1.15348245308e-16,
        "max": -6.79189968156e-11,
        "mean": -3.28825100482e-09,
        "median": -7.95145560506e-10,
        "min": -1.37564313718e-07,
        "var": 7.76150384727e-17
    },
    "spectral_energy": {
        "dmean": 0.00575876701623,
        "dmean2": 0.00816139020026,
        "dvar": 0.000856503669638,
        "dvar2": 0.00199426314794,
        "max": 0.573081672192,
        "mean": 0.0133845480159,
        "median": 0.00322778779082,
        "min": 0.000274750724202,
        "var": 0.00132733711507
    },
    "spectral_energyband_high": {
        "dmean": 3.73876559934e-07,
        "dmean2": 5.85878922266e-07,
        "dvar": 2.42845370549e-12,
        "dvar2": 4.30748622535e-12,
        "max": 3.77743999707e-05,
        "mean": 8.55548194068e-07,
        "median": 4.89697015382e-07,
        "min": 2.8816280917e-08,
        "var": 3.32421785411e-12
    },
    "spectral_energyband_low": {
        "dmean": 0.000343387626344,
        "dmean2": 0.000584660214372,
        "dvar": 1.89226739167e-07,
        "dvar2": 5.12107362738e-07,
        "max": 0.00544355344027,
        "mean": 0.000455712288385,
        "median": 0.000301602500258,
        "min": 5.26682106283e-06,
        "var": 2.53006959383e-07
    },
    "spectral_energyband_middle_high": {
        "dmean": 0.00398755678907,
        "dmean2": 0.00587616302073,
        "dvar": 0.000758099253289,
        "dvar2": 0.0017965612933,
        "max": 0.554280161858,
        "mean": 0.00687594991177,
        "median": 0.000681176083162,
        "min": 4.81349452457e-05,
        "var": 0.00100575259421
    },
    "spectral_energyband_middle_low": {
        "dmean": 0.00205296254717,
        "dmean2": 0.00266355532221,
        "dvar": 7.55118308007e-05,
        "dvar2": 0.000150090607349,
        "max": 0.151983946562,
        "mean": 0.00659700250253,
        "median": 0.00170923932455,
        "min": 6.71446468914e-05,
        "var": 0.000202884562896
    },
    "spectral_entropy": {
        "dmean": 0.117016367614,
        "dmean2": 0.16624955833,
        "dvar": 0.026209037751,
        "dvar2": 0.0427589789033,
        "max": 8.1602678299,
        "mean": 5.96077108383,
        "median": 6.03534269333,
        "min": 4.18918609619,
        "var": 0.173090189695
    },
    "spectral_flux": {
        "dmean": 0.0139919342473,
        "dmean2": 0.0220878794789,
        "dvar": 0.00150187581312,
        "dvar2": 0.00336757674813,
        "max": 0.61089515686,
        "mean": 0.028810583055,
        "median": 0.0179449189454,
        "min": 0.00615513091907,
        "var": 0.00196592975408
    },
    "spectral_kurtosis": {
        "dmean": 18.0608825684,
        "dmean2": 31.4255752563,
        "dvar": 271.088378906,
        "dvar2": 749.612915039,
        "max": 198.812286377,
        "mean": 44.0127677917,
        "median": 38.5807037354,
        "min": 2.86942911148,
        "var": 816.762207031
    },
    "spectral_rms": {
        "dmean": 0.000447602709755,
        "dmean2": 0.00058969645761,
        "dvar": 1.47914670379e-06,
        "dvar2": 2.76355444839e-06,
        "max": 0.0236453823745,
        "mean": 0.00264809420332,
        "median": 0.00177455949597,
        "min": 0.000517734966706,
        "var": 6.04568140261e-06
    },
    "spectral_rolloff": {
        "dmean": 107.265197754,
        "dmean2": 191.192489624,
        "dvar": 34745.3789062,
        "dvar2": 76104.1640625,
        "max": 2368.65234375,
        "mean": 951.817382812,
        "median": 947.4609375,
        "min": 322.998046875,
        "var": 108192.546875
    },
    "spectral_skewness": {
        "dmean": 1.17837750912,
        "dmean2": 2.0715379715,
        "dvar": 0.936118423939,
        "dvar2": 2.68062233925,
        "max": 10.4841766357,
        "mean": 4.22152519226,
        "median": 3.92812633514,
        "min": 1.33621108532,
        "var": 2.81614327431
    },
    "spectral_spread": {
        "dmean": 277060.71875,
        "dmean2": 468578.0625,
        "dvar": 424502788096,
        "dvar2": 441222299648,
        "max": 26505780,
        "mean": 1363745.5,
        "median": 1347442.375,
        "min": 391414.34375,
        "var": 606220124160
    },
    "spectral_strongpeak": {
        "dmean": 0.51338082552,
        "dmean2": 0.729801177979,
        "dvar": 2.21128058434,
        "dvar2": 4.32781267166,
        "max": 30.5404624939,
        "mean": 1.72168254852,
        "median": 0.81438267231,
        "min": 0.0141611360013,
        "var": 7.71777486801
    },
    "zerocrossingrate": {
        "dmean": 0.00266283610836,
        "dmean2": 0.00333917699754,
        "dvar": 7.67627352616e-06,
        "dvar2": 1.04342798295e-05,
        "max": 0.076171875,
        "mean": 0.0346021577716,
        "median": 0.03369140625,
        "min": 0.00927734375,
        "var": 8.9522844064e-05
    },
    "barkbands": {
        "dmean": [6.62436013954e-06, 0.000277467159322, 9.48241431615e-05, 1.47237706187e-05, 0.000137660666951, 0.000152968685143, 0.000137711424031, 0.00107337092049, 0.000395917071728, 0.00064129056409, 0.00277508446015, 0.000713690766133, 0.000219434732571, 3.68555920431e-05, 6.0506270529e-05, 1.75602490344e-05, 2.65206854237e-05, 2.52149061453e-06, 3.67253915101e-06, 4.58562027461e-07, 1.91491523083e-07, 4.8510010231e-08, 1.67465845635e-08, 7.71013297651e-09, 3.04749581126e-09, 2.55530241411e-09, 2.70029754112e-09],
        "dmean2": [1.14277436296e-05, 0.000469810969662, 0.000165888865013, 2.52655481745e-05, 0.000187613535672, 0.000204710377147, 0.000207035860512, 0.00144430855289, 0.000551734585315, 0.000787809549365, 0.00411332864314, 0.00107108883094, 0.000377167831175, 5.53990794288e-05, 8.8680862973e-05, 2.86953236355e-05, 4.06102881243e-05, 4.25795133197e-06, 5.35486196895e-06, 7.42151826216e-07, 3.1432281844e-07, 7.73770452156e-08, 2.54882461803e-08, 1.08359623496e-08, 3.61837360074e-09, 2.92952595515e-09, 3.1001192724e-09],
        "dvar": [1.31160346473e-10, 1.31958543648e-07, 1.31733042252e-08, 1.70376246444e-09, 1.05390860483e-07, 1.42436434203e-07, 5.91284106122e-07, 5.2844901802e-05, 1.91446565623e-06, 1.425071423e-05, 0.00057073275093, 2.35455136135e-05, 1.19729002108e-05, 2.90821979831e-08, 2.31796093431e-08, 2.18858153822e-09, 1.72185359304e-08, 4.35843722224e-11, 1.36805705653e-10, 1.0388054349e-12, 1.30324050163e-12, 3.60445688867e-14, 1.14446094339e-14, 8.74918542427e-15, 5.95824277977e-15, 4.58677065378e-15, 4.89797945244e-15],
        "dvar2": [3.68993086086e-10, 3.62657914366e-07, 3.5269394516e-08, 4.3197880828e-09, 2.07224303495e-07, 2.7850617812e-07, 1.40893746448e-06, 0.000112181223813, 3.52748133992e-06, 2.13417133637e-05, 0.00140856776852, 5.47268500668e-05, 3.35690892825e-05, 5.56868364754e-08, 4.45499033219e-08, 4.34205205124e-09, 4.20002095325e-08, 1.169465913e-10, 2.54154142176e-10, 2.28825812465e-12, 2.44767400792e-12, 6.15526442207e-14, 1.28619505115e-14, 9.05481015824e-15, 5.69876990649e-15, 4.39086463857e-15, 4.69046527421e-15],
        "max": [0.000196815730305, 0.00433389144018, 0.000983806792647, 0.000575592624955, 0.00693033309653, 0.0116525888443, 0.0205179397017, 0.130856513977, 0.0374574810266, 0.0896977856755, 0.471502363682, 0.0838475972414, 0.0983419716358, 0.00325783039443, 0.0053739650175, 0.000884834502358, 0.00250467960723, 0.00013996216876, 0.000268040137598, 2.24801151489e-05, 3.2015665056e-05, 4.59007515019e-06, 3.75302829525e-06, 3.36447033078e-06, 2.84101020043e-06, 2.48746823672e-06, 2.56545558841e-06],
        "mean": [7.0245414463e-06, 0.000339896330843, 0.000103786034742, 1.45987869473e-05, 0.000577685015742, 0.000644485815428, 0.000306658243062, 0.00245379144326, 0.00150098325685, 0.00150433205999, 0.00441604759544, 0.000968806445599, 0.000216179440031, 8.19972556201e-05, 0.00017014927289, 2.7945070542e-05, 3.83920523745e-05, 4.01646502723e-06, 6.49143885312e-06, 8.08215872894e-07, 3.2670368455e-07, 9.97487887844e-08, 3.50435733765e-08, 1.47876804135e-08, 3.56108387223e-09, 2.5536810444e-09, 2.7143967074e-09],
        "median": [3.7854420043e-06, 0.000199552334379, 6.35220421827e-05, 5.01343265569e-06, 0.000115618116979, 0.000216961750994, 9.75803777692e-05, 0.000184461096069, 0.000174209460965, 5.64329602639e-05, 0.000125118982396, 6.59795114188e-05, 2.9481432648e-05, 5.27295196662e-06, 3.98825977754e-05, 7.92106857261e-06, 7.89884779806e-06, 2.15200043385e-06, 2.08543701774e-06, 4.15371971485e-07, 1.10357682104e-07, 4.566778955e-08, 1.85341644254e-08, 6.20001205931e-09, 6.94548696334e-10, 1.15658885247e-10, 1.42978698325e-10],
        "min": [1.22052412621e-08, 1.51667643422e-06, 5.65677453324e-07, 5.63287159139e-08, 9.48602917106e-07, 1.78693642283e-06, 2.36951734678e-07, 5.14349210334e-07, 5.39311599823e-07, 2.77218035194e-08, 9.64638644518e-08, 8.23601965294e-07, 6.11361940628e-07, 2.6630313954e-08, 8.11023255665e-07, 9.07823789476e-08, 6.27824405797e-08, 1.04459338957e-07, 1.89654052463e-08, 2.57999950293e-08, 9.08768349461e-09, 3.1527982447e-09, 1.65183777767e-09, 3.53698265121e-10, 5.4528048743e-11, 3.98243833744e-11, 5.62898685996e-11],
        "var": [1.2155791651e-10, 1.72567013124e-07, 1.46540113377e-08, 1.62456059716e-09, 1.06727054572e-06, 1.52976008394e-06, 1.02752119346e-06, 0.000118495161587, 1.93104460777e-05, 4.26989099651e-05, 0.000715916394256, 2.80577205558e-05, 8.22755737317e-06, 1.0432896147e-07, 2.4971970447e-07, 5.07374320335e-09, 2.63604587047e-08, 4.59491993066e-11, 3.06098729697e-10, 2.00161957321e-12, 1.77375442893e-12, 5.68504119648e-14, 1.27255917596e-14, 9.20674838722e-15, 6.25039418416e-15, 4.81175658061e-15, 5.13733952839e-15]
    },
    "erbbands": {
        "dmean": [0.00430615618825, 0.0743084847927, 0.144604891539, 0.0492790453136, 0.133469000459, 0.628037810326, 0.870165944099, 1.48578131199, 1.51895439625, 9.3017168045, 22.0995616913, 12.8732967377, 19.9836483002, 17.1784725189, 143.067092896, 25.4872550964, 10.1217269897, 4.28259181976, 3.59992551804, 1.3282610178, 1.03038191795, 0.942918002605, 0.285279154778, 0.157954245806, 0.151520982385, 0.0288465730846, 0.0119242435321, 0.00378033611923, 0.00174563820474, 0.000863004825078, 0.0004882592184, 0.000226527292398, 9.76881783572e-05, 4.4147232984e-05, 2.16499192902e-05, 1.26756176542e-05, 6.30975682725e-06, 2.19412368097e-06, 3.29225667883e-06, 6.7549058258e-06],
        "dmean2": [0.00736915459856, 0.126116096973, 0.249153703451, 0.084807433188, 0.201963171363, 0.889045834541, 1.07506477833, 2.04290390015, 2.18405938148, 11.5999279022, 31.5633792877, 17.8386497498, 24.2198600769, 23.5186862946, 213.011367798, 37.6332359314, 17.0178928375, 6.89554643631, 5.32183551788, 2.02955245972, 1.54282414913, 1.4879424572, 0.481373518705, 0.245701313019, 0.212550595403, 0.0458005145192, 0.0190904904157, 0.00602002814412, 0.00281212269329, 0.00136027659755, 0.000751527550165, 0.00033413345227, 0.000132454166305, 5.45805487491e-05, 2.48695287155e-05, 1.47522887346e-05, 7.44435101296e-06, 2.59822854787e-06, 4.5381198106e-06, 9.59544740908e-06],
        "dvar": [4.28088569606e-05, 0.00922490935773, 0.0306653548032, 0.00730396294966, 0.146588623524, 2.85740661621, 3.87100887299, 19.6320762634, 27.7355918884, 8029.0078125, 25938, 1912.48510742, 20433.6347656, 5192.71728516, 1530052, 26201.8535156, 20605.9433594, 2067.99975586, 93.1169815063, 7.05755901337, 10.662730217, 26.6563072205, 1.416680336, 0.33811339736, 0.424440592527, 0.00329874549061, 0.00630622263998, 0.000148208331666, 4.50809930044e-05, 2.21725804295e-05, 9.18182740861e-06, 4.83018266095e-06, 2.03771969609e-06, 8.30835915622e-07, 2.7209952691e-07, 7.52389510694e-08, 1.55508601551e-08, 1.92616522732e-09, 3.31358968042e-10, 1.2168288599e-09],
        "dvar2": [0.000121833007142, 0.0251030214131, 0.0823264718056, 0.0182224977762, 0.26006680727, 6.31725168228, 4.30341386795, 39.2324066162, 49.9581604004, 13893.3193359, 62957.7148438, 3780.62915039, 30330.0917969, 11471.3105469, 3676178.75, 59197.4257812, 57757.828125, 5740.60302734, 189.726379395, 16.1089820862, 22.6756305695, 70.4039764404, 3.88174700737, 0.670519113541, 0.790395319462, 0.00723259942606, 0.011852171272, 0.000320319086313, 7.30898609618e-05, 3.81989011657e-05, 1.06226616481e-05, 5.3730750551e-06, 1.96631776817e-06, 7.96416429694e-07, 2.60993544998e-07, 7.24447488665e-08, 1.50505687913e-08, 1.86411641678e-09, 6.56529774989e-10, 2.83956969049e-09],
        "max": [0.101889498532, 1.17409324646, 1.7339246273, 1.275629282, 11.7530374527, 33.7895507812, 51.5990905762, 147.574737549, 155.585067749, 2489.88452148, 3593.07275391, 1069.59667969, 3516.49072266, 1096.56970215, 24886.0292969, 3113.57104492, 4066.20800781, 1276.72131348, 324.068878174, 39.6404876709, 58.4310569763, 101.897186279, 32.2156143188, 16.7988433838, 18.8595352173, 1.34188604355, 2.25739121437, 0.194093167782, 0.168864190578, 0.128013595939, 0.105003342032, 0.0772418826818, 0.0524097681046, 0.0335909724236, 0.0192213300616, 0.0100934915245, 0.00457980344072, 0.00160834891722, 0.000367583066691, 0.000685481005348],
        "mean": [0.00535605009645, 0.0891893208027, 0.166383132339, 0.0680381283164, 0.470964372158, 2.63432621956, 3.54904437065, 6.15528202057, 4.73354053497, 21.8980007172, 52.8049049377, 47.2860145569, 50.6177139282, 33.9830780029, 225.183731079, 40.0512771606, 10.8204784393, 6.99151802063, 10.2280483246, 3.03683376312, 1.77337133884, 1.32888829708, 0.427438318729, 0.286195397377, 0.261670678854, 0.0560076646507, 0.0221941806376, 0.00717102503404, 0.00379585730843, 0.00181300833356, 0.000964924693108, 0.000433909153799, 0.000195779997739, 6.96245624567e-05, 2.93939883704e-05, 1.80975584954e-05, 9.5182840596e-06, 3.1013159969e-06, 7.27134010958e-06, 1.56496753334e-05],
        "median": [0.00297319656238, 0.0523758903146, 0.107326366007, 0.0405933633447, 0.0381106436253, 0.383446097374, 1.15405774117, 1.60006523132, 1.30397117138, 2.12469983101, 4.96783542633, 6.414686203, 3.24357914925, 3.72877335548, 4.40768814087, 3.51592302322, 1.95166003704, 1.06080973148, 2.07435727119, 1.23086965084, 0.515866398811, 0.291717380285, 0.234818860888, 0.108707495034, 0.0755154937506, 0.0280375555158, 0.0088608302176, 0.00332949007861, 0.00163707800675, 0.000953477225266, 0.000437396287452, 0.00020138459513, 8.70810254128e-05, 2.17269425775e-05, 4.26131373388e-06, 2.58350883087e-06, 1.47154901242e-06, 4.1802081796e-07, 1.67274799878e-06, 3.73042780666e-06],
        "min": [2.49077947956e-05, 0.000441681273514, 0.00114105746616, 0.00132267724257, 0.00172755727544, 0.0035634895321, 0.0118681946769, 0.023684989661, 0.00976966973394, 0.0319529734552, 0.0422986857593, 0.0342650748789, 0.0351995192468, 0.0220351740718, 0.0713413059711, 0.0641562715173, 0.0536225698888, 0.0256247427315, 0.0410360358655, 0.0400285497308, 0.0283429529518, 0.00538611179218, 0.0110314982012, 0.00380120170303, 0.00141477095895, 0.00186719943304, 0.000680043944158, 0.000299148930935, 0.000135054360726, 7.96875974629e-05, 4.48310929642e-05, 2.95177560474e-05, 9.19415288081e-06, 2.33649120673e-06, 8.92076513992e-07, 3.81179972919e-07, 2.2367075303e-07, 6.36382395669e-08, 1.53439316364e-07, 3.21179015828e-07],
        "var": [5.0752874813e-05, 0.0120071806014, 0.0360304526985, 0.00907954480499, 1.59798288345, 26.0742149353, 36.6013793945, 229.036911011, 125.46395874, 22615.1640625, 44551.09375, 15861.2470703, 60784.265625, 11048.5537109, 1989388.875, 36941.5, 14125.2158203, 1631.42578125, 900.818725586, 26.1600990295, 22.5274105072, 30.8639678955, 1.2374689579, 0.729065716267, 0.879046499729, 0.0071868468076, 0.00845168158412, 0.00019549964054, 7.80121117714e-05, 2.27098898904e-05, 1.03360907815e-05, 5.06271089762e-06, 2.16715352508e-06, 8.7570759888e-07, 2.86882368528e-07, 7.95819872224e-08, 1.6507895495e-08, 2.03787564601e-09, 4.80720019347e-10, 1.87043602828e-09]
    },
    "gfcc": {
        "mean": [-208.145507812, 214.990753174, -165.559371948, -18.3149280548, -29.9155368805, -13.1658325195, -5.81538200378, -6.43949460983, 4.63426780701, -11.9364471436, 7.27983188629, -8.29288291931, 3.94392943382],
        "cov": [[2680.72143555, -84.6178207397, -130.501815796, -693.435241699, -27.9513587952, -47.4587440491, 250.84854126, 24.9043941498, -152.924026489, -81.3682861328, -200.381439209, 9.06229496002, -0.897543907166], [-84.6178207397, 263.781280518, 177.197158813, -22.7101821899, 36.9932174683, -95.3262176514, -99.1586761475, -81.1346054077, -16.4692707062, 32.2183265686, 40.2873382568, 49.3012161255, 15.2165937424], [-130.501815796, 177.197158813, 261.932067871, -18.8312282562, -15.2160787582, -89.9946060181, -93.1201095581, -43.6731071472, -8.58029937744, 43.9329032898, 33.6757507324, 35.6761779785, -6.43985271454], [-693.435241699, -22.7101821899, -18.8312282562, 541.467651367, 50.6163787842, 34.5710258484, -118.651161194, -52.8742256165, 29.1935386658, -22.8608551025, 65.2323303223, -32.6887550354, 18.9568805695], [-27.9513587952, 36.9932174683, -15.2160787582, 50.6163787842, 174.687088013, 50.547203064, -10.862118721, -30.5687046051, -25.8837203979, 7.7124786377, 0.786361098289, 6.86296272278, -7.27574396133], [-47.4587440491, -95.3262176514, -89.9946060181, 34.5710258484, 50.547203064, 170.825836182, 98.5572433472, 29.7165660858, -1.49082624912, -24.9639110565, -5.3926820755, -7.28725910187, 14.9254131317], [250.84854126, -99.1586761475, -93.1201095581, -118.651161194, -10.862118721, 98.5572433472, 207.47064209, 119.413978577, 10.9259700775, -32.757484436, -46.6744232178, -11.3330717087, -3.00876665115], [24.9043941498, -81.1346054077, -43.6731071472, -52.8742256165, -30.5687046051, 29.7165660858, 119.413978577, 155.04649353, 74.6553955078, -5.91747283936, -33.0804901123, -23.4908008575, -12.7780990601], [-152.924026489, -16.4692707062, -8.58029937744, 29.1935386658, -25.8837203979, -1.49082624912, 10.9259700775, 74.6553955078, 111.931587219, 44.5195770264, -0.734450161457, -29.1388988495, -15.9894247055], [-81.3682861328, 32.2183265686, 43.9329032898, -22.8608551025, 7.7124786377, -24.9639110565, -32.757484436, -5.91747283936, 44.5195770264, 92.6115493774, 42.5965156555, -5.9802312851, -28.0431995392], [-200.381439209, 40.2873382568, 33.6757507324, 65.2323303223, 0.786361098289, -5.3926820755, -46.6744232178, -33.0804901123, -0.734450161457, 42.5965156555, 105.460426331, 52.1357879639, -4.87257862091], [9.06229496002, 49.3012161255, 35.6761779785, -32.6887550354, 6.86296272278, -7.28725910187, -11.3330717087, -23.4908008575, -29.1388988495, -5.9802312851, 52.1357879639, 109.211891174, 43.279750824], [-0.897543907166, 15.2165937424, -6.43985271454, 18.9568805695, -7.27574396133, 14.9254131317, -3.00876665115, -12.7780990601, -15.9894247055, -28.0431995392, -4.87257862091, 43.279750824, 92.8286361694]],
        "icov": [[0.000765672593843, 0.000542348134331, 4.4726915803e-05, 0.000770313723478, -0.000442102900706, 0.00116715894546, -0.00138149468694, 0.0013191747712, -6.85233972035e-05, 0.000361051555956, 0.000456176174339, 2.03761137527e-05, -0.000209492573049], [0.000542348134331, 0.0162602234632, -0.0101089514792, 0.00403443025425, -0.00961199589074, 0.0108343670145, -0.00944292545319, 0.0158796776086, -0.0151105159894, 0.0128555446863, -0.0114607447758, 0.00572105962783, -0.00678893271834], [4.4726915803e-05, -0.0101089514792, 0.0121776163578, -0.00254162098281, 0.00681907078251, -0.00542815262452, 0.00798606779426, -0.0114252194762, 0.0123903844506, -0.0120812701061, 0.00976754631847, -0.00669005932286, 0.00523102562875], [0.000770313723478, 0.00403443025425, -0.00254162098281, 0.00592148397118, -0.00457328977063, 0.00289485417306, -0.00148200523108, 0.00581168895587, -0.00775003805757, 0.0101693971083, -0.00930343940854, 0.00682804500684, -0.00404596189037], [-0.000442102900706, -0.00961199589074, 0.00681907078251, -0.00457328977063, 0.0147575596347, -0.0110566336662, 0.00883324909955, -0.0118504203856, 0.0148363308981, -0.0151622146368, 0.0140648186207, -0.00908255018294, 0.00751570193097], [0.00116715894546, 0.0108343670145, -0.00542815262452, 0.00289485417306, -0.0110566336662, 0.0216730069369, -0.017794592306, 0.0177190992981, -0.0147710302845, 0.0131813064218, -0.0127959726378, 0.00786575023085, -0.00812256988138], [-0.00138149468694, -0.00944292545319, 0.00798606779426, -0.00148200523108, 0.00883324909955, -0.017794592306, 0.0292587205768, -0.0284360423684, 0.0197001639754, -0.0121321305633, 0.0110677322373, -0.00673695094883, 0.00642882660031], [0.0013191747712, 0.0158796776086, -0.0114252194762, 0.00581168895587, -0.0118504203856, 0.0177190992981, -0.0284360423684, 0.0457167737186, -0.037095990032, 0.0245653335005, -0.015439376235, 0.00848001521081, -0.00670874631032], [-6.85233972035e-05, -0.0151105159894, 0.0123903844506, -0.00775003805757, 0.0148363308981, -0.0147710302845, 0.0197001639754, -0.037095990032, 0.0481777116656, -0.0351565517485, 0.022700663656, -0.0103444997221, 0.00768075278029], [0.000361051555956, 0.0128555446863, -0.0120812701061, 0.0101693971083, -0.0151622146368, 0.0131813064218, -0.0121321305633, 0.0245653335005, -0.0351565517485, 0.047939222306, -0.0328134894371, 0.0188687052578, -0.00743106380105], [0.000456176174339, -0.0114607447758, 0.00976754631847, -0.00930343940854, 0.0140648186207, -0.0127959726378, 0.0110677322373, -0.015439376235, 0.022700663656, -0.0328134894371, 0.0444613061845, -0.0276981592178, 0.0150986406952], [2.03761137527e-05, 0.00572105962783, -0.00669005932286, 0.00682804500684, -0.00908255018294, 0.00786575023085, -0.00673695094883, 0.00848001521081, -0.0103444997221, 0.0188687052578, -0.0276981592178, 0.0307350326329, -0.0156889222562], [-0.000209492573049, -0.00678893271834, 0.00523102562875, -0.00404596189037, 0.00751570193097, -0.00812256988138, 0.00642882660031, -0.00670874631032, 0.00768075278029, -0.00743106380105, 0.0150986406952, -0.0156889222562, 0.0214377492666]]
    },
    "melbands": {
        "dmean": [5.8901929151e-05, 8.57598206494e-05, 9.51761103352e-06, 2.67472696578e-05, 2.98956128972e-05, 3.11661206069e-05, 2.32911552303e-05, 0.000123442325275, 0.000176043555257, 6.99413867551e-05, 9.79264004854e-05, 4.60276423837e-05, 0.000378837139579, 0.00020575329836, 1.3860188119e-05, 2.65701073658e-05, 5.41688723388e-06, 5.39647089681e-06, 3.04647960547e-06, 1.79836831649e-06, 1.29418674533e-06, 1.27973794406e-06, 5.61015497169e-07, 1.31663909997e-07, 1.41022354683e-07, 1.18249644743e-07, 5.81733630156e-08, 1.65044422573e-08, 7.97462806901e-09, 5.44267075853e-09, 2.00070870982e-09, 1.21547216736e-09, 7.27868321171e-10, 4.58932974956e-10, 2.85582502091e-10, 2.58664589747e-10, 1.11008431614e-10, 7.81109898984e-11, 5.2037440329e-11, 3.05967369496e-11],
        "dmean2": [0.000100040313555, 0.000146244608914, 1.64147531905e-05, 3.86130377592e-05, 3.76336211048e-05, 4.27754639531e-05, 3.43864012393e-05, 0.000153154440341, 0.000252949015703, 9.45785432123e-05, 0.000119892385555, 6.00942257734e-05, 0.000567599199712, 0.000303815468214, 2.19912526518e-05, 4.47772326879e-05, 8.51955155667e-06, 8.04535011412e-06, 4.43281123808e-06, 2.9297762012e-06, 1.87536284102e-06, 1.96243854589e-06, 9.68433369053e-07, 2.16886036242e-07, 2.18476046143e-07, 1.72629952999e-07, 8.22144130552e-08, 2.75096923019e-08, 1.27490693558e-08, 8.89486528877e-09, 3.361214862e-09, 1.98100802429e-09, 1.19572973745e-09, 7.38489658314e-10, 4.44031200697e-10, 4.10793010719e-10, 1.59605634265e-10, 1.08650838326e-10, 7.02360530846e-11, 3.70322730814e-11],
        "dvar": [6.61490373588e-09, 1.11335403119e-08, 3.37998296018e-10, 6.28674801106e-09, 3.79864140143e-09, 7.65470886677e-09, 6.92781298994e-09, 1.256144742e-06, 1.56389455697e-06, 5.18265288463e-08, 5.0248735306e-07, 4.28492441529e-08, 1.07842952275e-05, 2.5267916044e-06, 9.15176290306e-09, 1.86204260899e-07, 1.3080806438e-09, 2.03381672614e-10, 5.27019886065e-11, 1.81497490648e-11, 2.76703954888e-11, 5.75562757177e-11, 1.00172691322e-11, 5.78672784061e-14, 3.57217700515e-13, 1.97469861643e-13, 5.38064838724e-14, 6.94200780878e-16, 2.87259323248e-15, 4.13598750136e-16, 3.08272942767e-17, 2.45712892537e-17, 1.18834834751e-17, 4.73273248629e-18, 2.8569732683e-18, 2.91354642514e-18, 1.53794392909e-18, 1.05453782136e-18, 7.55788153148e-19, 5.41334703405e-19],
        "dvar2": [1.85039912282e-08, 2.98494562401e-08, 8.5515228232e-10, 1.25073347235e-08, 4.90206586434e-09, 1.53360097954e-08, 1.40986733399e-08, 2.16021749111e-06, 3.81215181733e-06, 9.76220562166e-08, 7.46907971916e-07, 8.06439857115e-08, 2.62095636572e-05, 5.7239058151e-06, 2.32856365301e-08, 5.16602995049e-07, 3.42908390571e-09, 4.16192108554e-10, 1.04073652474e-10, 3.74827634209e-11, 5.82247028369e-11, 1.48808271261e-10, 2.78684002958e-11, 1.44303948131e-13, 7.01213935007e-13, 3.73255815362e-13, 9.89201261051e-14, 1.90079063803e-15, 5.50079416628e-15, 7.97718636126e-16, 6.97746301976e-17, 4.37947665117e-17, 2.15519840649e-17, 7.23839366984e-18, 3.05809458282e-18, 3.94007342942e-18, 1.57795486212e-18, 1.02718388908e-18, 7.27912424999e-19, 5.17670875538e-19],
        "max": [0.00092787516769, 0.00123342243023, 0.000246666575549, 0.00198889127932, 0.00142243283335, 0.00284442515112, 0.0023996590171, 0.0309898070991, 0.0280460398644, 0.00579613773152, 0.0173925682902, 0.00415133079514, 0.0661280527711, 0.0323007032275, 0.00169177469797, 0.0123947663233, 0.000854122801684, 0.000470545550343, 0.000217035572859, 7.81075505074e-05, 0.000103740458144, 0.000156420806888, 8.66127084009e-05, 3.37485948876e-06, 1.74307915586e-05, 1.30531498144e-05, 6.54555560686e-06, 3.33028850719e-07, 1.50654898334e-06, 5.2769382819e-07, 9.79758425501e-08, 1.0225640068e-07, 8.17012733023e-08, 6.7440986129e-08, 6.07619554671e-08, 5.42025482275e-08, 4.4694903778e-08, 3.754777822e-08, 3.19861470643e-08, 2.70830220472e-08],
        "mean": [7.40276955185e-05, 0.000104577477032, 1.34994825203e-05, 0.000114651658805, 0.000124626370962, 0.000129832827952, 6.63603568682e-05, 0.000293524994049, 0.000436542584794, 0.000255765393376, 0.000240588429733, 9.75024959189e-05, 0.000594137178268, 0.000325390748912, 1.73243952304e-05, 2.67760042334e-05, 1.0620447938e-05, 1.50860623762e-05, 8.03424518381e-06, 3.0076191706e-06, 2.11087353819e-06, 1.79697644853e-06, 6.6411229227e-07, 2.17910681499e-07, 2.33375033076e-07, 1.97786675926e-07, 9.55134140668e-08, 2.83373982057e-08, 1.30342341365e-08, 8.98542751315e-09, 3.21211479637e-09, 2.37102848466e-09, 1.37117206478e-09, 8.41505587434e-10, 5.42199452003e-10, 4.04263789111e-10, 2.06620373588e-10, 1.43574527267e-10, 8.16799891612e-11, 3.65473901143e-11],
        "median": [4.26798324042e-05, 6.81438104948e-05, 6.99393285686e-06, 5.69743724554e-06, 4.05032988056e-05, 3.56995260518e-05, 1.98654270207e-05, 2.56117891695e-05, 3.70090347133e-05, 3.45574007952e-05, 9.88428928395e-06, 9.97668939817e-06, 1.31341839733e-05, 1.36631679197e-05, 3.10147174787e-06, 2.95038580589e-06, 8.87789667559e-07, 2.86189197141e-06, 2.12587838178e-06, 9.95982986751e-07, 4.79313769119e-07, 3.19139019211e-07, 1.99222654373e-07, 1.13438112237e-07, 5.18531209082e-08, 7.26769613379e-08, 2.06741361808e-08, 1.75616303721e-08, 4.98785945879e-09, 3.58135054945e-09, 1.40184652775e-09, 9.43840561263e-10, 6.53047838028e-10, 4.56869736487e-10, 2.50132164981e-10, 1.65083544057e-10, 9.67209437541e-11, 6.356051796e-11, 3.03262623347e-11, 7.60693678187e-12],
        "min": [3.99220766667e-07, 1.22508015465e-06, 2.91325136459e-07, 9.79265450951e-08, 2.57097781287e-07, 3.46817017771e-07, 1.14646489635e-07, 2.08469487006e-07, 2.23665992394e-07, 1.1737904515e-07, 1.07254045645e-07, 1.40906779578e-08, 3.66465613411e-08, 7.33975369371e-08, 9.00957530803e-08, 5.62671651494e-08, 3.03483327357e-09, 2.07790336049e-08, 2.55555647755e-08, 2.05212749571e-10, 7.96006016657e-09, 3.47186923655e-09, 2.97528379711e-09, 3.80948605994e-09, 7.37701844056e-10, 4.93828811177e-10, 4.38664632396e-10, 6.05462846526e-10, 3.21699250572e-10, 1.94339044857e-10, 2.04930655778e-11, 6.37033967243e-11, 3.38313613235e-11, 3.18380599662e-11, 2.28105485889e-11, 1.49379796727e-11, 6.42098787335e-12, 4.19014172318e-12, 8.020353587e-13, 5.24497491879e-13],
        "var": [8.39538571995e-09, 1.41262805897e-08, 4.95755603236e-10, 6.5555333606e-08, 3.76004720692e-08, 8.70313883183e-08, 2.58586236868e-08, 3.62809691978e-06, 2.62806497631e-06, 4.70021092269e-07, 1.49476488787e-06, 1.33971653327e-07, 1.36646422106e-05, 3.6034346067e-06, 8.74124683747e-09, 1.32485027393e-07, 1.95824312321e-09, 1.9077504021e-09, 4.58115961832e-10, 4.31909369381e-11, 6.0328679552e-11, 7.38718669568e-11, 8.00973176673e-12, 9.12177505839e-14, 7.63826502048e-13, 4.09974625862e-13, 1.10641883025e-13, 1.10267945508e-15, 3.70472348206e-15, 5.84255374929e-16, 4.17266296919e-17, 4.68256720814e-17, 1.27049441337e-17, 4.94856706916e-18, 3.28297955557e-18, 3.02197139868e-18, 1.61932981597e-18, 1.12116980464e-18, 7.98872113847e-19, 5.68004092028e-19]
    },
    "mfcc": {
        "mean": [-825.208251953, 218.166809082, -30.6597576141, -13.2315034866, 4.93077421188, -11.4334974289, 1.50071179867, 2.51809501648, 3.22767138481, 6.54147195816, 0.419309109449, 2.09075498581, 9.00346183777],
        "cov": [[1622.28625488, 582.156433105, -498.67364502, -67.7324447632, -340.229614258, -54.5634307861, 93.4076156616, -14.7528944016, 102.211288452, -8.57130241394, -109.839157104, -100.920982361, -27.0107021332], [582.156433105, 415.477081299, -37.1537475586, -84.6044464111, -108.013404846, -50.3725891113, -28.134929657, -40.0993690491, -20.1046352386, -37.1791877747, -26.498550415, -26.1033496857, 5.00025272369], [-498.67364502, -37.1537475586, 340.304626465, 59.1743888855, 116.045921326, -8.9134054184, -96.5901489258, -50.4660606384, -90.7195587158, -41.4533805847, 38.8199119568, 48.2849578857, 24.5805187225], [-67.7324447632, -84.6044464111, 59.1743888855, 191.770111084, 101.599494934, 11.0013456345, -15.5776071548, -44.9055137634, -27.6322364807, -25.1158771515, -24.2959098816, 19.6249866486, 14.1781263351], [-340.229614258, -108.013404846, 116.045921326, 101.599494934, 232.677947998, 80.7296066284, -35.7467002869, -38.345123291, -73.966796875, -44.1508255005, -3.43289852142, 28.7829399109, 16.6798934937], [-54.5634307861, -50.3725891113, -8.9134054184, 11.0013456345, 80.7296066284, 127.722953796, 54.022605896, -10.0392570496, -21.6959495544, -23.6586360931, -14.1710767746, -8.66360378265, -16.7228870392], [93.4076156616, -28.134929657, -96.5901489258, -15.5776071548, -35.7467002869, 54.022605896, 132.065216064, 76.0937957764, 35.3055686951, 12.2742795944, -20.1019496918, -21.6457099915, -7.20208644867], [-14.7528944016, -40.0993690491, -50.4660606384, -44.9055137634, -38.345123291, -10.0392570496, 76.0937957764, 147.156097412, 88.1505203247, 16.2626037598, -8.12556362152, -18.5683917999, 6.34666824341], [102.211288452, -20.1046352386, -90.7195587158, -27.6322364807, -73.966796875, -21.6959495544, 35.3055686951, 88.1505203247, 153.866119385, 82.8606185913, -12.4539022446, -34.9975395203, -24.8481273651], [-8.57130241394, -37.1791877747, -41.4533805847, -25.1158771515, -44.1508255005, -23.6586360931, 12.2742795944, 16.2626037598, 82.8606185913, 139.329971313, 59.2023086548, -17.5174560547, -23.4609508514], [-109.839157104, -26.498550415, 38.8199119568, -24.2959098816, -3.43289852142, -14.1710767746, -20.1019496918, -8.12556362152, -12.4539022446, 59.2023086548, 112.342453003, 59.8492126465, -0.993809819221], [-100.920982361, -26.1033496857, 48.2849578857, 19.6249866486, 28.7829399109, -8.66360378265, -21.6457099915, -18.5683917999, -34.9975395203, -17.5174560547, 59.8492126465, 127.251670837, 62.072681427], [-27.0107021332, 5.00025272369, 24.5805187225, 14.1781263351, 16.6798934937, -16.7228870392, -7.20208644867, 6.34666824341, -24.8481273651, -23.4609508514, -0.993809819221, 62.072681427, 117.407295227]],
