{
"lowlevel": {
    "average_loudness": 0.954585909843,
    "barkbands_crest": {
        "dmean": 2.52269220352,
        "dmean2": 4.00444841385,
        "dvar": 5.24159049988,
        "dvar2": 11.9580535889,
        "max": 26.6369304657,
        "mean": 13.5011949539,
        "median": 12.8445129395,
        "min": 3.71824574471,
        "var": 19.5183792114
    },
    "barkbands_flatness_db": {
        "dmean": 0.0232431702316,
        "dmean2": 0.0337732434273,
        "dvar": 0.000590628595091,
        "dvar2": 0.00112795992754,
        "max": 0.452768981457,
        "mean": 0.280059069395,
        "median": 0.281537622213,
        "min": 0.0660695657134,
        "var": 0.00388268963434
    },
    "barkbands_kurtosis": {
        "dmean": 6.33457183838,
        "dmean2": 9.71204090118,
        "dvar": 182.04246521,
        "dvar2": 346.923583984,
        "max": 368.109924316,
        "mean": 13.6419553757,
        "median": 8.00878238678,
        "min": -1.75404012203,
        "var": 450.878417969
    },
    "barkbands_skewness": {
        "dmean": 0.623661637306,
        "dmean2": 0.96281260252,
        "dvar": 0.662331879139,
        "dvar2": 1.521656394,
        "max": 14.1699571609,
        "mean": 2.03638029099,
        "median": 1.88959622383,
        "min": -1.75623452663,
        "var": 2.2287876606
    },
    "barkbands_spread": {
        "dmean": 1.78022623062,
        "dmean2": 2.62769055367,
        "dvar": 20.2761268616,
        "dvar2": 33.2565917969,
        "max": 80.2695922852,
        "mean": 5.945104599,
        "median": 3.73984313011,
        "min": 0.26200658083,
        "var": 72.2242279053
    },
    "dissonance": {
        "dmean": 0.0396089926362,
        "dmean2": 0.0629695206881,
        "dvar": 0.00120181718376,
        "dvar2": 0.0031838316936,
        "max": 0.496148645878,
        "mean": 0.362946510315,
        "median": 0.368106722832,
        "min": 0.144917726517,
        "var": 0.00447271903977
    },
    "dynamic_complexity": 3.42571687698,
    "erbbands_crest": {
        "dmean": 2.98164844513,
        "dmean2": 4.59653186798,
        "dvar": 7.01275348663,
        "dvar2": 15.6960372925,
        "max": 30.7173614502,
        "mean": 15.2166337967,
        "median": 14.3637628555,
        "min": 3.29261827469,
        "var": 30.9967651367
    },
    "erbbands_flatness_db": {
        "dmean": 0.0211862940341,
        "dmean2": 0.0303034875542,
        "dvar": 0.000501242815517,
        "dvar2": 0.000963644008152,
        "max": 0.429584830999,
        "mean": 0.277030557394,
        "median": 0.280761986971,
        "min": 0.0646205917001,
        "var": 0.00293144024909
    },
    "erbbands_kurtosis": {
        "dmean": 3.7191529274,
        "dmean2": 5.52213478088,
        "dvar": 57.6497077942,
        "dvar2": 108.986671448,
        "max": 168.399505615,
        "mean": 7.61938667297,
        "median": 3.74378108978,
        "min": -1.80790150166,
        "var": 192.081832886
    },
    "erbbands_skewness": {
        "dmean": 0.501754164696,
        "dmean2": 0.756452381611,
        "dvar": 0.282031446695,
        "dvar2": 0.563097178936,
        "max": 10.1681594849,
        "mean": 1.71771144867,
        "median": 1.53879630566,
        "min": -2.43738150597,
        "var": 1.95875608921
    },
    "erbbands_spread": {
        "dmean": 4.31420230865,
        "dmean2": 6.49910449982,
        "dvar": 53.0814933777,
        "dvar2": 108.849899292,
        "max": 120.307785034,
        "mean": 15.4786996841,
        "median": 12.0059309006,
        "min": 0.935659885406,
        "var": 172.204086304
    },
    "hfc": {
        "dmean": 3.06650280952,
        "dmean2": 4.46118831635,
        "dvar": 19.8362579346,
        "dvar2": 37.7122802734,
        "max": 94.1141433716,
        "mean": 13.2698440552,
        "median": 10.9897890091,
        "min": 1.5839825096e-07,
        "var": 115.322738647
    },
    "melbands_crest": {
        "dmean": 2.81393957138,
        "dmean2": 4.4717206955,
        "dvar": 7.00230932236,
        "dvar2": 15.4775476456,
        "max": 32.6025085449,
        "mean": 15.5620937347,
        "median": 14.4385080338,
        "min": 5.82341909409,
        "var": 26.7703132629
    },
    "melbands_flatness_db": {
        "dmean": 0.0244586244226,
        "dmean2": 0.0343629382551,
        "dvar": 0.000735807640012,
        "dvar2": 0.00132272019982,
        "max": 0.565119862556,
        "mean": 0.363823711872,
        "median": 0.363984256983,
        "min": 0.0627253577113,
        "var": 0.00593486288562
    },
    "melbands_kurtosis": {
        "dmean": 7.33224344254,
        "dmean2": 11.8654317856,
        "dvar": 898.289672852,
        "dvar2": 2558.11376953,
        "max": 774.905273438,
        "mean": 14.6575613022,
        "median": 8.28674125671,
        "min": -1.71667075157,
        "var": 746.458557129
    },
    "melbands_skewness": {
        "dmean": 0.611473202705,
        "dmean2": 0.953681528568,
        "dvar": 1.00421380997,
        "dvar2": 2.68188977242,
        "max": 20.1913776398,
        "mean": 1.99503576756,
        "median": 1.78363215923,
        "min": -0.90942966938,
        "var": 2.10893011093
    },
    "melbands_spread": {
        "dmean": 2.17830872536,
        "dmean2": 3.11529660225,
        "dvar": 33.3727684021,
        "dvar2": 45.6995773315,
        "max": 158.294586182,
        "mean": 8.0739030838,
        "median": 5.01138830185,
        "min": 0.435070544481,
        "var": 202.934967041
    },
    "pitch_salience": {
        "dmean": 0.0637001618743,
        "dmean2": 0.100864566863,
        "dvar": 0.00385101255961,
        "dvar2": 0.00895775295794,
        "max": 0.873103499413,
        "mean": 0.559860408306,
        "median": 0.5619328022,
        "min": 0.0701870322227,
        "var": 0.0191408544779
    },
    "silence_rate_20dB": {
        "dmean": 0,
        "dmean2": 0,
        "dvar": 0,
        "dvar2": 0,
        "max": 1,
        "mean": 1,
        "median": 1,
        "min": 1,
        "var": 0
    },
    "silence_rate_30dB": {
        "dmean": 0,
        "dmean2": 0,
        "dvar": 0,
        "dvar2": 0,
        "max": 1,
        "mean": 1,
        "median": 1,
        "min": 1,
        "var": 0
    },
    "silence_rate_60dB": {
        "dmean": 0.0108359130099,
        "dmean2": 0.0216886140406,
        "dvar": 0.0107184108347,
        "dvar2": 0.0227676276118,
        "max": 1,
        "mean": 0.0556844547391,
        "median": 0,
        "min": 0,
        "var": 0.0525840334594
    },
    "spectral_centroid": {
        "dmean": 86.7063827515,
        "dmean2": 120.013069153,
        "dvar": 123556.28125,
        "dvar2": 145656.34375,
        "max": 11380.734375,
        "mean": 557.404541016,
        "median": 439.094940186,
        "min": 175.430709839,
        "var": 285389.03125
    },
    "spectral_complexity": {
        "dmean": 1.43343651295,
        "dmean2": 2.23702549934,
        "dvar": 2.46539974213,
        "dvar2": 5.15838813782,
        "max": 31,
        "mean": 8.62103652954,
        "median": 9,
        "min": 0,
        "var": 16.4162826538
    },
    "spectral_decrease": {
        "dmean": 1.75260284063e-09,
        "dmean2": 2.65815724987e-09,
        "dvar": 4.70137282849e-18,
        "dvar2": 9.93706710957e-18,
        "max": -1.58709506313e-17,
        "mean": -7.3905912501e-09,
        "median": -7.30783256131e-09,
        "min": -2.55771990254e-08,
        "var": 2.24347015838e-17
    },
    "spectral_energy": {
        "dmean": 0.00685443961993,
        "dmean2": 0.0103875407949,
        "dvar": 7.16720969649e-05,
        "dvar2": 0.000151599306264,
        "max": 0.0986573547125,
        "mean": 0.0290973875672,
        "median": 0.0286370664835,
        "min": 7.4267994532e-11,
        "var": 0.000345183245372
    },
    "spectral_energyband_high": {
        "dmean": 4.95207168569e-05,
        "dmean2": 6.2598985096e-05,
        "dvar": 8.18335337271e-08,
        "dvar2": 1.16938792871e-07,
        "max": 0.011936721392,
        "mean": 0.000101449077192,
        "median": 9.05848901311e-06,
        "min": 9.79524187456e-12,
        "var": 4.14159245565e-07
    },
    "spectral_energyband_low": {
        "dmean": 0.00118216627743,
        "dmean2": 0.00182769063395,
        "dvar": 3.38705990544e-06,
        "dvar2": 8.50725791679e-06,
        "max": 0.0217998418957,
        "mean": 0.00258720782585,
        "median": 0.0013502567308,
        "min": 6.92322718251e-12,
        "var": 9.61820023804e-06
    },
    "spectral_energyband_middle_high": {
        "dmean": 0.000737616501283,
        "dmean2": 0.00101342331618,
        "dvar": 1.91917479242e-06,
        "dvar2": 3.05174648929e-06,
        "max": 0.0283279642463,
        "mean": 0.00219717854634,
        "median": 0.000972699548583,
        "min": 3.93679663521e-12,
        "var": 1.08151280074e-05
    },
    "spectral_energyband_middle_low": {
        "dmean": 0.00645596673712,
        "dmean2": 0.00981278251857,
        "dvar": 6.57988202875e-05,
        "dvar2": 0.000139845869853,
        "max": 0.0961370542645,
        "mean": 0.0249259695411,
        "median": 0.0233123451471,
        "min": 5.5695895812e-11,
        "var": 0.000304380198941
    },
    "spectral_entropy": {
        "dmean": 0.22092731297,
        "dmean2": 0.316650241613,
        "dvar": 0.0662711560726,
        "dvar2": 0.118845045567,
        "max": 9.7908411026,
        "mean": 6.03395366669,
        "median": 6.02046632767,
        "min": 3.99341225624,
        "var": 0.418083697557
    },
    "spectral_flux": {
        "dmean": 0.025810206309,
        "dmean2": 0.0415794663131,
        "dvar": 0.000700621458236,
        "dvar2": 0.00183119962458,
        "max": 0.260094076395,
        "mean": 0.067433796823,
        "median": 0.0619600489736,
        "min": 2.11925180338e-05,
        "var": 0.00173015217297
    },
    "spectral_kurtosis": {
        "dmean": 8.79669189453,
        "dmean2": 14.5507087708,
        "dvar": 95.1864395142,
        "dvar2": 241.772964478,
        "max": 139.790634155,
        "mean": 24.9721450806,
        "median": 19.5805473328,
        "min": -1.18771374226,
        "var": 353.972503662
    },
    "spectral_rms": {
        "dmean": 0.000622827094048,
        "dmean2": 0.000919661542866,
        "dvar": 4.87229044666e-07,
        "dvar2": 9.56810367825e-07,
        "max": 0.00981076341122,
        "mean": 0.00496164988726,
        "median": 0.00528569798917,
        "min": 2.6917760465e-07,
        "var": 3.76977595806e-06
    },
    "spectral_rolloff": {
        "dmean": 129.748809814,
        "dmean2": 203.205551147,
        "dvar": 250958.1875,
        "dvar2": 441257.4375,
        "max": 10034.4726562,
        "mean": 671.792175293,
        "median": 473.73046875,
        "min": 107.666015625,
        "var": 1005177.25
    },
    "spectral_skewness": {
        "dmean": 0.640128135681,
        "dmean2": 1.02692127228,
        "dvar": 0.391673773527,
        "dvar2": 0.953993022442,
        "max": 9.36382484436,
        "mean": 3.69207763672,
        "median": 3.44826674461,
        "min": -0.023031141609,
        "var": 1.97149932384
    },
    "spectral_spread": {
        "dmean": 493201.71875,
        "dmean2": 744645.375,
        "dvar": 1.42866081382e+12,
        "dvar2": 1.78985553101e+12,
        "max": 41025096,
        "mean": 2607427,
        "median": 2357107.75,
        "min": 654468.875,
        "var": 2.62595385754e+12
    },
    "spectral_strongpeak": {
        "dmean": 0.463925987482,
        "dmean2": 0.733485221863,
        "dvar": 0.339818626642,
        "dvar2": 0.703806221485,
        "max": 7.74639749527,
        "mean": 1.55143094063,
        "median": 1.27211987972,
        "min": 1.35707432491e-05,
        "var": 1.29258143902
    },
    "zerocrossingrate": {
        "dmean": 0.00445084227249,
        "dmean2": 0.00482532335445,
        "dvar": 0.000173916923814,
        "dvar2": 0.000141854558024,
        "max": 0.36083984375,
        "mean": 0.027085069567,
        "median": 0.0205078125,
        "min": 0.005859375,
        "var": 0.000951261841692
    },
    "barkbands": {
        "dmean": [5.31067416887e-06, 0.000261349225184, 0.000740610295907, 0.000810190627817, 0.00248149363324, 0.00353398127481, 0.00227869930677, 0.00143871793989, 0.000432120199548, 0.000232320453506, 0.00016346713528, 0.000223679686314, 0.00017868593568, 8.30019780551e-05, 5.24424613104e-05, 7.31514810468e-05, 6.25324246357e-05, 2.92628410534e-05, 5.29438766534e-05, 2.14512056118e-05, 1.49268935274e-05, 7.48034972275e-06, 5.75789681534e-06, 7.47734475226e-06, 7.11385428076e-06, 5.04790978084e-06, 4.49614304898e-07],
        "dmean2": [9.26288612391e-06, 0.000381935969926, 0.00117977638729, 0.00123939767946, 0.00378602952696, 0.00536480825394, 0.00331310299225, 0.00209539337084, 0.000627221190371, 0.000331897288561, 0.000234909181017, 0.000326571724145, 0.000238215914578, 0.000126294864458, 7.49851678847e-05, 0.000101504643681, 9.17830184335e-05, 4.46460071544e-05, 8.30304270494e-05, 2.84866855509e-05, 2.21294903895e-05, 1.11963981908e-05, 7.83659288572e-06, 9.36430751608e-06, 1.03992178992e-05, 7.25051995687e-06, 7.27768735942e-07],
        "dvar": [1.37163308489e-10, 3.54342432729e-07, 1.91434787666e-06, 1.87837406429e-06, 2.15106356336e-05, 2.90315856546e-05, 2.25684470934e-05, 1.47235650729e-05, 1.2319887901e-06, 4.89896763156e-07, 2.08743600183e-07, 7.95025016487e-07, 4.10686766372e-07, 8.44182181936e-08, 5.90560311764e-08, 5.27287973284e-08, 4.41765806158e-08, 8.25479240518e-09, 9.89353878822e-08, 3.13526342666e-08, 1.13941851509e-08, 1.72735836745e-09, 7.85044751428e-10, 2.46913578472e-09, 1.1058561844e-09, 6.49225784244e-10, 8.12783087362e-12],
        "dvar2": [3.54069745745e-10, 7.46961234199e-07, 4.70177246825e-06, 4.15546628574e-06, 4.86307872052e-05, 6.27644403721e-05, 4.61846102553e-05, 2.96968519251e-05, 2.25791791308e-06, 7.65934260016e-07, 4.35941558408e-07, 1.2490129393e-06, 4.93551226555e-07, 1.88409671864e-07, 1.20912346802e-07, 1.0237103254e-07, 8.84074893293e-08, 2.01590939497e-08, 2.44244688474e-07, 4.93708505189e-08, 1.6207376774e-08, 3.26252336258e-09, 1.17878939943e-09, 3.5204859028e-09, 2.39512942812e-09, 1.22058108065e-09, 1.97020698367e-11],
        "max": [0.000237581727561, 0.00788400694728, 0.0197717230767, 0.0197629127651, 0.0821690931916, 0.0652451142669, 0.0514789484441, 0.0481533482671, 0.0216773375869, 0.022885452956, 0.00906578078866, 0.0258452724665, 0.0198961719871, 0.00619713962078, 0.00642569921911, 0.00498247891665, 0.00767049007118, 0.00153191701975, 0.00894471537322, 0.00645662890747, 0.00380348740146, 0.00138232810423, 0.000875945901498, 0.00185652845539, 0.000936606957112, 0.00059387111105, 5.31254372618e-05],
        "mean": [5.13427767146e-06, 0.000413444649894, 0.00153876608238, 0.00164980895352, 0.00604441668838, 0.00804050825536, 0.00455717043951, 0.00326753943227, 0.00119188730605, 0.000470900617074, 0.000323873537127, 0.000469894614071, 0.000383009872166, 0.000141101525514, 7.3895760579e-05, 0.000142230623169, 0.00013656936062, 4.95007298014e-05, 7.43081182009e-05, 3.54737967427e-05, 2.69283918897e-05, 1.40773490784e-05, 1.10343407869e-05, 1.38596342367e-05, 1.30119133246e-05, 8.60445834405e-06, 4.98715280628e-07],
        "median": [1.68410520018e-06, 4.60421724711e-05, 0.000494633917697, 0.000607174646575, 0.00292214401998, 0.00470023229718, 0.000841719098389, 0.000382729311241, 0.000179448252311, 7.79455222073e-05, 3.22814630636e-05, 3.02187690977e-05, 2.81483371509e-05, 1.42455892274e-05, 7.3160977081e-06, 1.49516099555e-05, 1.4619447029e-05, 9.6402482086e-06, 8.90501542017e-06, 1.21811331155e-06, 1.54792007834e-06, 1.22163714877e-06, 9.46788532019e-07, 6.99697693562e-07, 1.19360777262e-06, 3.22802691244e-07, 7.96046073503e-09],
        "min": [4.68431717027e-13, 1.51865445133e-13, 3.0750629907e-12, 9.86963288874e-12, 3.84458159752e-11, 1.31760509621e-12, 5.13171666619e-12, 6.71189720556e-13, 2.5162619384e-13, 1.53507116957e-13, 3.54395332525e-13, 2.26219027235e-13, 2.08770649965e-13, 3.48039549654e-13, 3.40250424407e-13, 9.66757273194e-13, 3.21236879328e-13, 4.70483732268e-13, 3.27579407827e-13, 5.37688274981e-13, 7.69486416859e-13, 8.10787147056e-13, 7.17277691235e-13, 1.26377196468e-12, 1.64609873041e-12, 1.91192482853e-12, 2.56153540219e-12],
        "var": [1.30044613966e-10, 9.27856603994e-07, 5.29964336238e-06, 5.84655026614e-06, 7.53640561015e-05, 8.74968973221e-05, 6.04362758168e-05, 5.8795158111e-05, 7.82508868724e-06, 1.72392276454e-06, 6.95165113029e-07, 3.01486898024e-06, 2.92403774438e-06, 2.40174813371e-07, 8.67526850357e-08, 2.01692941459e-07, 1.82306834517e-07, 1.40725040509e-08, 1.10536845455e-07, 9.46029601323e-08, 4.23249133519e-08, 7.43183914409e-09, 3.718721997e-09, 1.06050190851e-08, 3.92356103163e-09, 2.21730678263e-09, 1.09473463281e-11]
    },
    "erbbands": {
        "dmean": [0.00184212182648, 0.0836259871721, 0.687936067581, 1.69238567352, 6.90389871597, 8.21289157867, 17.0316619873, 33.3414421082, 28.0272006989, 33.8660125732, 23.690984726, 10.1805324554, 7.99994182587, 7.71064186096, 5.55331277847, 8.45836162567, 7.59743118286, 4.77676153183, 3.19372320175, 2.69409155846, 3.8863389492, 3.01894617081, 1.72094273567, 2.29589033127, 2.27420043945, 0.932168662548, 0.642908275127, 0.543290376663, 0.285621464252, 0.203941226006, 0.16945682466, 0.138507142663, 0.138595953584, 0.0890724882483, 0.0506823994219, 0.0271429028362, 0.00785070192069, 0.00137120555155, 3.62392893294e-05, 8.11986228655e-06],
        "dmean2": [0.00283145089634, 0.123790055513, 1.08422040939, 2.59454751015, 10.8121519089, 12.1852312088, 25.066192627, 49.5724105835, 42.1030311584, 47.9305915833, 34.0366859436, 13.8437404633, 10.8608140945, 11.0170059204, 7.97414731979, 12.3998184204, 9.91633987427, 6.7270154953, 4.36278772354, 3.94162034988, 5.30883359909, 4.27940225601, 2.54027986526, 3.54761552811, 3.47461724281, 1.05761837959, 0.970137298107, 0.748171806335, 0.438684493303, 0.309810966253, 0.231793910265, 0.185415670276, 0.173912912607, 0.13081716001, 0.0735618248582, 0.0396517105401, 0.0116092972457, 0.00201625726186, 5.31387340743e-05, 1.2282798707e-05],
        "dvar": [1.46799875438e-05, 0.0327211543918, 1.6988298893, 6.63922309875, 277.401855469, 217.8384552, 718.994262695, 3721.45654297, 3588.31420898, 6136.41210938, 4505.28417969, 600.319213867, 674.937255859, 454.119140625, 191.6121521, 1127.36694336, 842.943603516, 250.11541748, 144.386520386, 131.40802002, 152.119949341, 86.9689941406, 19.9650745392, 144.251296997, 224.527435303, 39.1772613525, 22.7805290222, 13.6164903641, 3.25571942329, 1.1231546402, 0.686979472637, 0.778058171272, 0.898530066013, 0.263211935759, 0.0422055758536, 0.0187795124948, 0.00183699931949, 5.08978409925e-05, 3.57745157942e-08, 1.00630240252e-10],
        "dvar2": [3.27618945448e-05, 0.0717653110623, 4.09727478027, 15.4261474609, 642.074829102, 454.437805176, 1601.05493164, 7885.14501953, 7615.28662109, 11615.9472656, 8917.82421875, 989.273071289, 934.30090332, 770.961486816, 365.022949219, 1730.93237305, 880.596740723, 511.243408203, 280.741455078, 301.842071533, 289.36050415, 170.991653442, 44.9833641052, 367.405090332, 542.819030762, 53.1104774475, 37.2048912048, 18.8571128845, 6.57866668701, 2.05571627617, 1.21608901024, 1.08111429214, 1.44065976143, 0.644030272961, 0.0794733986259, 0.0355425700545, 0.00347714312375, 0.000103726240923, 7.53152491484e-08, 2.2195624505e-10],
        "max": [0.0449336282909, 2.32683873177, 15.5331888199, 34.3623886108, 329.584106445, 304.837860107, 314.668670654, 810.284790039, 911.709899902, 1067.39343262, 1273.87109375, 560.110046387, 872.292114258, 490.002349854, 266.561431885, 1029.98522949, 1020.99090576, 354.867218018, 315.819976807, 282.481018066, 219.117141724, 346.415710449, 62.0859146118, 331.059417725, 420.740661621, 242.930999756, 163.092132568, 138.561065674, 54.5953865051, 32.9215927124, 27.2882061005, 29.7570724487, 35.1001701355, 15.6113729477, 3.7539601326, 2.61361312866, 1.1213093996, 0.135275304317, 0.00372717226855, 0.000137461640406],
        "mean": [0.00302937440574, 0.148505419493, 1.50766479969, 3.78769254684, 14.7327737808, 20.6860942841, 37.2150230408, 70.8122711182, 59.5349617004, 75.4596405029, 64.0926895142, 28.6391830444, 19.8183193207, 16.2705192566, 12.0898208618, 20.1266727448, 18.0389556885, 9.00005817413, 5.52189350128, 4.8836812973, 8.57749271393, 6.72687578201, 3.33707904816, 3.44636869431, 3.28830075264, 1.58999025822, 1.13483977318, 0.958373367786, 0.555458068848, 0.39123415947, 0.305641949177, 0.258162677288, 0.245961159468, 0.149241387844, 0.0915030241013, 0.0458792597055, 0.0137123744935, 0.00218558497727, 6.6865082772e-05, 3.44811014656e-05],
        "median": [0.000891893578228, 0.0308052841574, 0.549421429634, 2.43009805679, 6.45533418655, 8.36497402191, 16.6263027191, 36.5621528625, 21.737991333, 12.6436386108, 10.9734191895, 5.03396129608, 4.25237321854, 2.77007460594, 2.24075889587, 1.77428936958, 1.71220231056, 1.02618312836, 0.634876668453, 0.531618118286, 1.06941080093, 1.17464113235, 0.666876196861, 0.652780175209, 0.348574072123, 0.078496016562, 0.0629524961114, 0.0552631542087, 0.0413943715394, 0.0345791876316, 0.0230798404664, 0.013401363045, 0.0120745589957, 0.0121539784595, 0.00800485908985, 0.00237284577452, 0.000475542386994, 5.90079071117e-05, 1.77140118467e-05, 3.43756182701e-05],
        "min": [6.8808999297e-12, 8.38574418238e-11, 2.49416975961e-09, 1.9619417202e-08, 5.15391036515e-08, 1.37350426144e-07, 2.83322361128e-08, 1.36578659493e-08, 7.28990983134e-08, 3.68445824961e-08, 1.58234794156e-08, 5.78520076289e-09, 1.50777046404e-09, 1.15838911796e-08, 1.38116984516e-08, 1.03754480563e-08, 9.53944123694e-09, 1.87623090397e-08, 1.53141357373e-08, 4.15288852196e-08, 3.6003708459e-08, 1.57584647553e-08, 2.25103686802e-08, 2.08324610895e-08, 1.72364682527e-08, 2.7347125453e-08, 2.90356805266e-08, 3.22986366541e-08, 2.64961457219e-08, 2.86490511314e-08, 1.74990635315e-08, 2.58885854976e-08, 1.96175076184e-08, 1.66872222707e-08, 1.3144445532e-08, 6.5154472928e-09, 3.85497189725e-09, 1.12522491325e-09, 3.62316177061e-10, 4.21232250469e-11],
        "var": [3.35017575708e-05, 0.0926814749837, 5.17969036102, 19.0977687836, 650.827087402, 1050.45373535, 2505.41796875, 9471.99023438, 9652.83496094, 20542.96875, 24528.7773438, 3793.62792969, 3111.65258789, 1518.94543457, 676.134277344, 5062.44189453, 7056.71630859, 834.058227539, 306.800109863, 337.888061523, 539.064025879, 379.485961914, 48.1514587402, 170.42779541, 299.817962646, 145.692611694, 80.5601272583, 50.8587112427, 12.2150850296, 5.12554740906, 2.91161346436, 3.54415726662, 3.3226082325, 0.735518872738, 0.150117605925, 0.0552252866328, 0.00646706297994, 0.000149039697135, 9.09562771767e-08, 4.96057861454e-10]
    },
    "gfcc": {
        "mean": [-103.68687439, 148.514556885, -95.9645462036, -3.27767491341, -65.7675552368, -19.0549201965, -54.6168441772, -3.51047849655, -28.0273761749, -9.76321220398, -13.8241586685, -3.68370127678, -13.0115213394],
        "cov": [[8763.3203125, -990.086120605, -1192.69702148, 8.42820644379, -407.157318115, -169.636535645, -227.816757202, 392.176391602, -217.751785278, 149.952835083, -108.521789551, -81.107170105, -242.034393311], [-990.086120605, 1593.70336914, 186.739685059, -315.289672852, 302.166931152, -58.4542694092, 189.512390137, -77.4639511108, 132.578491211, -286.604949951, 122.493919373, -26.0363769531, 154.094696045], [-1192.69702148, 186.739685059, 1114.78662109, 348.851348877, 6.74658346176, 116.120437622, -50.6825828552, -108.127258301, -50.4719734192, -17.5948619843, 47.7489280701, 99.8367767334, 166.725723267], [8.42820644379, -315.289672852, 348.851348877, 739.71697998, 181.954727173, -0.145328044891, -136.815109253, -49.4946556091, 36.1280822754, 56.1741676331, -49.2737083435, -13.809346199, 58.5570030212], [-407.157318115, 302.166931152, 6.74658346176, 181.954727173, 478.102539062, 41.6415367126, -17.5251407623, -51.9935417175, 90.5221939087, 18.9329242706, -1.86546015739, -9.54988384247, 74.6878585815], [-169.636535645, -58.4542694092, 116.120437622, -0.145328044891, 41.6415367126, 227.556381226, 56.2042121887, -30.8569049835, -20.7530326843, 55.3896560669, 32.3163032532, 26.2782897949, -20.9752902985], [-227.816757202, 189.512390137, -50.6825828552, -136.815109253, -17.5251407623, 56.2042121887, 302.063964844, 74.1521759033, -23.6464614868, -70.8180160522, 59.0018157959, 14.4326171875, -27.3928012848], [392.176391602, -77.4639511108, -108.127258301, -49.4946556091, -51.9935417175, -30.8569049835, 74.1521759033, 257.328216553, 34.1491470337, -26.0676212311, 1.68167769909, -20.1260528564, -63.5731315613], [-217.751785278, 132.578491211, -50.4719734192, 36.1280822754, 90.5221939087, -20.7530326843, -23.6464614868, 34.1491470337, 232.232940674, 34.0164985657, -36.3786659241, -27.0946502686, 12.8698768616], [149.952835083, -286.604949951, -17.5948619843, 56.1741676331, 18.9329242706, 55.3896560669, -70.8180160522, -26.0676212311, 34.0164985657, 231.258972168, 22.398733139, -7.61589956284, -43.4900817871], [-108.521789551, 122.493919373, 47.7489280701, -49.2737083435, -1.86546015739, 32.3163032532, 59.0018157959, 1.68167769909, -36.3786659241, 22.398733139, 203.681930542, 45.5800247192, -36.8662223816], [-81.107170105, -26.0363769531, 99.8367767334, -13.809346199, -9.54988384247, 26.2782897949, 14.4326171875, -20.1260528564, -27.0946502686, -7.61589956284, 45.5800247192, 128.688858032, 46.8953704834], [-242.034393311, 154.094696045, 166.725723267, 58.5570030212, 74.6878585815, -20.9752902985, -27.3928012848, -63.5731315613, 12.8698768616, -43.4900817871, -36.8662223816, 46.8953704834, 183.834655762]],
        "icov": [[0.000192264924408, -0.000210461366805, 0.000359795929398, -0.000300290907035, 0.000322859501466, -0.000163629971212, 0.000280512787867, -0.000426089565735, 0.000428857310908, -0.000335756340064, 0.00017825057148, -0.000241162080783, -6.86904677423e-05], [-0.000210461366805, 0.00295330863446, -0.00150051421952, 0.0022624374833, -0.00235585169867, 0.00122513016686, -0.00113671063446, 0.00171067286283, -0.00242572254501, 0.00340996054001, -0.0024427853059, 0.00268667424098, -0.000792015227489], [0.000359795929398, -0.00150051421952, 0.00265921279788, -0.00213760952465, 0.00199618889019, -0.00174977735151, 0.00106552685611, -0.0012068876531, 0.00163476262242, -0.00150106905494, 0.000568015733734, -0.00168235518504, -0.00119509280194], [-0.000300290907035, 0.0022624374833, -0.00213760952465, 0.00390398106538, -0.00280313543044, 0.00146494805813, -0.000499155372381, 0.00140257074963, -0.0019394827541, 0.00224848417565, -0.00133053038735, 0.00233738124371, -7.53782951506e-05], [0.000322859501466, -0.00235585169867, 0.00199618889019, -0.00280313543044, 0.00502167269588, -0.00207883142866, 0.000993573688902, -0.00123974843882, 0.00110063538887, -0.00258406647481, 0.00116309977602, -0.00155013648327, -0.00113546859939], [-0.000163629971212, 0.00122513016686, -0.00174977735151, 0.00146494805813, -0.00207883142866, 0.00689732097089, -0.00227853003889, 0.00166521582287, -0.000585628906265, -0.000436620175606, -0.000279366475297, -3.372435458e-05, 0.00163611641619], [0.000280512787867, -0.00113671063446, 0.00106552685611, -0.000499155372381, 0.000993573688902, -0.00227853003889, 0.00552408257499, -0.00228439201601, 0.00131307775155, 0.000326193607179, -0.000319467653753, -0.000982712488621, 5.61411034141e-05], [-0.000426089565735, 0.00171067286283, -0.0012068876531, 0.00140257074963, -0.00123974843882, 0.00166521582287, -0.00228439201601, 0.00655136490241, -0.00289370585233, 0.00256923702545, -0.00114907952957, 0.0014201386366, 0.00148943718523], [0.000428857310908, -0.00242572254501, 0.00163476262242, -0.0019394827541, 0.00110063538887, -0.000585628906265, 0.00131307775155, -0.00289370585233, 0.00766045926139, -0.00402922881767, 0.00274464325048, -0.00165571481921, -0.000102641410194], [-0.000335756340064, 0.00340996054001, -0.00150106905494, 0.00224848417565, -0.00258406647481, -0.000436620175606, 0.000326193607179, 0.00256923702545, -0.00402922881767, 0.00994731951505, -0.00385410385206, 0.00312571646646, 0.000346987770172], [0.00017825057148, -0.0024427853059, 0.000568015733734, -0.00133053038735, 0.00116309977602, -0.000279366475297, -0.000319467653753, -0.00114907952957, 0.00274464325048, -0.00385410385206, 0.00874181650579, -0.00485237920657, 0.00312854233198], [-0.000241162080783, 0.00268667424098, -0.00168235518504, 0.00233738124371, -0.00155013648327, -3.372435458e-05, -0.000982712488621, 0.0014201386366, -0.00165571481921, 0.00312571646646, -0.00485237920657, 0.0130515769124, -0.00426480220631], [-6.86904677423e-05, -0.000792015227489, -0.00119509280194, -7.53782951506e-05, -0.00113546859939, 0.00163611641619, 5.61411034141e-05, 0.00148943718523, -0.000102641410194, 0.000346987770172, 0.00312854233198, -0.00426480220631, 0.0100970342755]]
    },
    "melbands": {
        "dmean": [4.17406372435e-05, 0.000271556025837, 0.00040920873289, 0.000588677590713, 0.000499153684359, 0.000706300488673, 0.000438210292486, 0.000364060542779, 0.00017002223467, 6.20964347036e-05, 4.05217469961e-05, 3.14747012453e-05, 1.90944592759e-05, 2.90686803055e-05, 1.72172185557e-05, 1.54199733515e-05, 9.00256782188e-06, 5.71202645006e-06, 3.54963208338e-06, 4.24967629442e-06, 5.33756565346e-06, 3.68225869352e-06, 2.12678673961e-06, 1.43637316796e-06, 1.97853182726e-06, 2.07630159821e-06, 1.23420500131e-06, 5.49386584225e-07, 3.98523070544e-07, 4.46108060714e-07, 3.02304897559e-07, 1.82374833457e-07, 1.21750090898e-07, 1.21832172795e-07, 1.10019790611e-07, 8.4480873852e-08, 9.34432478061e-08, 9.95638558265e-08, 9.97016940119e-08, 7.28289464291e-08],
        "dmean2": [6.11028954154e-05, 0.00042474779184, 0.000629297923297, 0.000891381234396, 0.000736930291168, 0.00104780448601, 0.000642984115984, 0.000520678120665, 0.000242890338995, 8.55733087519e-05, 5.55839687877e-05, 4.55087829323e-05, 2.77087383438e-05, 4.19008101744e-05, 2.33043592743e-05, 2.04865336855e-05, 1.32606228362e-05, 8.0900881585e-06, 5.16751742907e-06, 6.09917879046e-06, 7.58859459893e-06, 5.4795386859e-06, 3.08403241434e-06, 2.24535460802e-06, 3.06116180582e-06, 3.19352238876e-06, 1.80795120741e-06, 7.00124985542e-07, 6.33850959275e-07, 7.05696209025e-07, 4.18105798872e-07, 2.84526350924e-07, 1.75422627535e-07, 1.88064788631e-07, 1.59069074357e-07, 1.19568881018e-07, 1.28676063582e-07, 1.2999716148e-07, 1.49308505115e-07, 1.11355504373e-07],
        "dvar": [8.8249505481e-09, 2.58957499e-07, 5.30667989551e-07, 1.29980696784e-06, 5.8349792198e-07, 1.45578371757e-06, 7.59531474159e-07, 6.94267384915e-07, 2.11706080222e-07, 2.35234978163e-08, 1.74523080432e-08, 7.39471284206e-09, 2.02934447024e-09, 1.75727663532e-08, 3.29301252933e-09, 3.25768922949e-09, 1.10702835787e-09, 4.28647894957e-10, 3.06242836645e-10, 2.83161105674e-10, 3.26638133208e-10, 1.8229293075e-10, 3.95045940405e-11, 3.15112762272e-11, 1.05499435576e-10, 1.71499314749e-10, 9.74961431033e-11, 1.47904778702e-11, 1.00755827293e-11, 1.06512567863e-11, 3.79910339299e-12, 1.46131804574e-12, 3.87377087872e-13, 4.15371648752e-13, 3.48753930466e-13, 2.20303349131e-13, 4.0323351754e-13, 4.8445833933e-13, 5.84294819559e-13, 1.26847398687e-13],
        "dvar2": [1.8658164791e-08, 6.34922798781e-07, 1.20300433082e-06, 2.95357835967e-06, 1.27432122099e-06, 3.09260599352e-06, 1.59184776294e-06, 1.33924811507e-06, 4.09005707525e-07, 3.98668866808e-08, 2.41157902536e-08, 1.28816957101e-08, 4.4235197727e-09, 2.77655392011e-08, 4.50059944868e-09, 3.82033782387e-09, 2.4362583062e-09, 8.71650474021e-10, 6.67369826068e-10, 5.73793845771e-10, 6.6438321511e-10, 3.79948184026e-10, 7.26236432103e-11, 8.01855803978e-11, 2.68643968182e-10, 4.05503741696e-10, 2.13534079307e-10, 2.65159109947e-11, 1.88123457784e-11, 2.21620152785e-11, 5.06444972764e-12, 2.90750539964e-12, 6.93868519499e-13, 8.2860053454e-13, 7.92342970748e-13, 4.46538368348e-13, 5.70524964078e-13, 6.63179147015e-13, 1.56477738752e-12, 2.96370214611e-13],
        "max": [0.00121146067977, 0.00585233606398, 0.0127064296976, 0.020649831742, 0.0106959510595, 0.0158044956625, 0.0116793047637, 0.00974487792701, 0.00904920417815, 0.00306992442347, 0.00435379426926, 0.00183880666737, 0.000630390597507, 0.00387630448677, 0.00175689009484, 0.00174662680365, 0.000795716361608, 0.000408161868108, 0.000411478133174, 0.000437051057816, 0.000295368285151, 0.000515044259373, 0.000175672117621, 0.00010233894136, 0.000278984109173, 0.000375643343432, 0.000331593852025, 0.000149390049046, 0.000104002298031, 0.000119919437566, 7.63580828789e-05, 3.77064243366e-05, 2.40102563112e-05, 1.76506055141e-05, 1.91050439753e-05, 1.24116086226e-05, 2.24444083869e-05, 2.49593558692e-05, 2.26130541705e-05, 9.65049093793e-06],
        "mean": [6.52612798149e-05, 0.00058031413937, 0.000938456272706, 0.00139315519482, 0.00119104632176, 0.00157371303067, 0.000926679000258, 0.000826332427096, 0.000452524138382, 0.000167504767887, 9.54287243076e-05, 6.47552951705e-05, 3.9923346776e-05, 6.07853216934e-05, 3.86646715924e-05, 3.39645921485e-05, 1.50340229084e-05, 9.41819962463e-06, 5.28332338945e-06, 8.24998278404e-06, 1.07589075924e-05, 7.93584422354e-06, 4.01709166908e-06, 2.28647718359e-06, 2.82085284198e-06, 2.87752459371e-06, 1.75569903149e-06, 8.72109296779e-07, 6.88444799835e-07, 6.54552081869e-07, 5.22090829236e-07, 3.41423145755e-07, 2.08134480317e-07, 2.15702087303e-07, 1.83612300475e-07, 1.39228220064e-07, 1.6791288715e-07, 1.81596675475e-07, 1.45938969354e-07, 1.1847397019e-07],
        "median": [9.36644573812e-06, 0.000185972996405, 0.000591995776631, 0.000630864233244, 0.00066232244717, 0.000876974663697, 0.000323563290294, 0.000129355874378, 7.43081400287e-05, 2.5590408768e-05, 1.77037800313e-05, 1.00301358543e-05, 6.90272827342e-06, 3.81916288461e-06, 3.5491516428e-06, 2.53314033216e-06, 1.64497271271e-06, 9.20228728774e-07, 5.10739141646e-07, 7.04731064616e-07, 1.19819878819e-06, 7.99573911081e-07, 6.11215568824e-07, 3.87062044638e-07, 3.54074387587e-07, 3.11259299224e-07, 7.9319882218e-08, 2.35857235964e-08, 3.22946362985e-08, 3.1507035203e-08, 2.86573307307e-08, 2.0624550956e-08, 1.5645511553e-08, 1.62236322154e-08, 1.2451981668e-08, 6.92386237233e-09, 6.22054230348e-09, 7.33469951442e-09, 7.04901070847e-09, 8.67488925138e-09],
        "min": [7.29864573727e-14, 8.44877661756e-13, 5.33789158708e-12, 9.92001879946e-12, 1.78111377643e-12, 3.08645524503e-13, 1.10607237345e-12, 3.24132945961e-13, 1.19768818886e-13, 2.75770820567e-14, 4.8542657761e-15, 4.35452387581e-14, 4.37995824234e-14, 3.41058866533e-14, 2.56035223947e-14, 2.23412766423e-14, 3.46552586703e-14, 2.0387352898e-14, 3.31911486685e-14, 7.64704123049e-14, 3.64531775804e-14, 1.781755658e-14, 1.1934287651e-14, 2.67206453497e-14, 1.53875444152e-14, 1.45440656182e-14, 1.26025686943e-14, 1.99414662842e-14, 1.43970799909e-14, 2.03539137313e-14, 1.7452671727e-14, 1.56337074363e-14, 1.41804419972e-14, 1.75900723295e-14, 1.11759263478e-14, 9.29976022812e-15, 1.79867327765e-14, 1.26535338197e-14, 1.59298115199e-14, 1.28164614541e-14],
        "var": [2.2152581991e-08, 8.0943817693e-07, 1.34694221288e-06, 4.35642823504e-06, 2.21294430958e-06, 4.04667116527e-06, 2.15876025322e-06, 2.44413058681e-06, 1.22538961023e-06, 1.56538376928e-07, 7.81436639841e-08, 2.40748487812e-08, 7.35881711122e-09, 6.17396480607e-08, 2.1439349851e-08, 2.20764455605e-08, 3.17044901443e-09, 9.65189039803e-10, 4.7208076337e-10, 1.03714881128e-09, 9.45722500312e-10, 7.082769371e-10, 1.36845923482e-10, 4.26634873263e-11, 1.25685739594e-10, 1.96419297493e-10, 1.92848931269e-10, 4.58427323879e-11, 3.34286209824e-11, 2.52629601266e-11, 1.42100480688e-11, 4.89039321191e-12, 1.56523448716e-12, 1.5634563956e-12, 1.0824727616e-12, 6.86648329341e-13, 1.78365492948e-12, 1.98304914156e-12, 1.06899732122e-12, 3.86159230677e-13]
    },
    "mfcc": {
        "mean": [-761.301452637, 189.778808594, 14.3992595673, 13.0076131821, -0.494080096483, -19.0545406342, -18.0949363708, -8.77313804626, -15.215798378, -17.6064453125, -3.40928173065, -5.07862710953, -5.99569177628],
        "cov": [[6534.08984375, -509.809753418, -1072.00097656, -27.320941925, -376.341186523, -525.192504883, -244.807983398, -59.8389854431, -126.261528015, -6.39922523499, 259.565124512, -111.399559021, -1.58810222149], [-509.809753418, 1836.71716309, 8.59385967255, -223.377105713, 55.6474380493, -77.6693267822, 78.2520751953, 212.897979736, 11.2937774658, -110.322418213, -40.1307640076, -9.73280239105, 15.9199428558], [-1072.00097656, 8.59385967255, 943.140075684, 179.379455566, 87.3085250854, 139.921432495, 85.08177948, 17.7569179535, -6.71760511398, -22.9098033905, -103.663696289, -57.1685066223, 8.0100440979], [-27.320941925, -223.377105713, 179.379455566, 602.036254883, 308.930786133, 108.550552368, -29.9020442963, -26.9977722168, 82.1533508301, 42.5843429565, -25.8068065643, -64.0880508423, 2.30834364891], [-376.341186523, 55.6474380493, 87.3085250854, 308.930786133, 503.069610596, 195.663742065, -59.2531509399, -67.8977890015, 79.2884979248, 24.7339477539, -13.5889787674, 7.3344078064, 9.53359127045], [-525.192504883, -77.6693267822, 139.921432495, 108.550552368, 195.663742065, 370.211700439, 41.484210968, -90.3762893677, 39.2627754211, 12.0321388245, -45.036605835, 57.5943908691, -2.71586823463], [-244.807983398, 78.2520751953, 85.08177948, -29.9020442963, -59.2531509399, 41.484210968, 319.492889404, 102.593978882, -76.9652404785, 36.0649833679, -16.7538337708, 10.1681852341, 40.3055839539], [-59.8389854431, 212.897979736, 17.7569179535, -26.9977722168, -67.8977890015, -90.3762893677, 102.593978882, 281.669464111, 10.3230676651, 15.7111024857, 17.8471508026, -21.7889595032, 45.6324958801], [-126.261528015, 11.2937774658, -6.71760511398, 82.1533508301, 79.2884979248, 39.2627754211, -76.9652404785, 10.3230676651, 236.938903809, 41.36668396, -54.5896911621, 13.667093277, -10.514840126], [-6.39922523499, -110.322418213, -22.9098033905, 42.5843429565, 24.7339477539, 12.0321388245, 36.0649833679, 15.7111024857, 41.36668396, 212.437240601, 67.3660812378, 11.5035009384, 5.5275683403], [259.565124512, -40.1307640076, -103.663696289, -25.8068065643, -13.5889787674, -45.036605835, -16.7538337708, 17.8471508026, -54.5896911621, 67.3660812378, 252.291534424, 38.8393859863, -3.50444316864], [-111.399559021, -9.73280239105, -57.1685066223, -64.0880508423, 7.3344078064, 57.5943908691, 10.1681852341, -21.7889595032, 13.667093277, 11.5035009384, 38.8393859863, 175.92578125, 57.1964607239], [-1.58810222149, 15.9199428558, 8.0100440979, 2.30834364891, 9.53359127045, -2.71586823463, 40.3055839539, 45.6324958801, -10.514840126, 5.5275683403, -3.50444316864, 57.1964607239, 178.006790161]],
