{
"lowlevel": {
    "average_loudness": 0.894347548485,
    "barkbands_crest": {
        "dmean": 2.15430164337,
        "dmean2": 3.49266147614,
        "dvar": 4.5482134819,
        "dvar2": 11.737906456,
        "max": 23.5736732483,
        "mean": 12.3591117859,
        "median": 11.7562971115,
        "min": 4.72525167465,
        "var": 15.6874980927
    },
    "barkbands_flatness_db": {
        "dmean": 0.0292696915567,
        "dmean2": 0.0407587774098,
        "dvar": 0.00100218399893,
        "dvar2": 0.00189615110867,
        "max": 0.463083446026,
        "mean": 0.246455669403,
        "median": 0.237369954586,
        "min": 0.0537206456065,
        "var": 0.00508383568376
    },
    "barkbands_kurtosis": {
        "dmean": 8.84685993195,
        "dmean2": 13.8047122955,
        "dvar": 187.988372803,
        "dvar2": 470.372650146,
        "max": 144.97052002,
        "mean": 18.7823505402,
        "median": 12.2501602173,
        "min": -1.89569926262,
        "var": 474.976837158
    },
    "barkbands_skewness": {
        "dmean": 0.773678719997,
        "dmean2": 1.14241778851,
        "dvar": 0.821136891842,
        "dvar2": 1.83568239212,
        "max": 9.63551235199,
        "mean": 2.7724237442,
        "median": 2.60743904114,
        "min": -3.93076300621,
        "var": 3.31065654755
    },
    "barkbands_spread": {
        "dmean": 3.01678037643,
        "dmean2": 4.59846925735,
        "dvar": 50.8098297119,
        "dvar2": 116.921287537,
        "max": 107.863014221,
        "mean": 8.84834957123,
        "median": 5.98341083527,
        "min": 0.550554394722,
        "var": 96.3982925415
    },
    "dissonance": {
        "dmean": 0.0269153434783,
        "dmean2": 0.0438962392509,
        "dvar": 0.000578219536692,
        "dvar2": 0.00149003730621,
        "max": 0.499419748783,
        "mean": 0.417856812477,
        "median": 0.424946814775,
        "min": 0.231917664409,
        "var": 0.00212403014302
    },
    "dynamic_complexity": 4.39873695374,
    "erbbands_crest": {
        "dmean": 2.49872851372,
        "dmean2": 3.92498517036,
        "dvar": 7.87477636337,
        "dvar2": 18.8499298096,
        "max": 31.1398086548,
        "mean": 11.893699646,
        "median": 10.713886261,
        "min": 2.75509595871,
        "var": 28.5102005005
    },
    "erbbands_flatness_db": {
        "dmean": 0.0244590528309,
        "dmean2": 0.0333178825676,
        "dvar": 0.000676046358421,
        "dvar2": 0.00131973950192,
        "max": 0.373114794493,
        "mean": 0.192232996225,
        "median": 0.194636166096,
        "min": 0.0635237321258,
        "var": 0.00277457479388
    },
    "erbbands_kurtosis": {
        "dmean": 2.68464779854,
        "dmean2": 4.17000198364,
        "dvar": 26.8558731079,
        "dvar2": 63.046710968,
        "max": 78.826385498,
        "mean": 4.10661792755,
        "median": 1.11218214035,
        "min": -1.78817903996,
        "var": 67.1309051514
    },
    "erbbands_skewness": {
        "dmean": 0.504006326199,
        "dmean2": 0.746285557747,
        "dvar": 0.412045419216,
        "dvar2": 0.857954621315,
        "max": 7.68704414368,
        "mean": 1.21813261509,
        "median": 0.974287390709,
        "min": -5.49792766571,
        "var": 1.83161103725
    },
    "erbbands_spread": {
        "dmean": 9.35082626343,
        "dmean2": 14.0299110413,
        "dvar": 217.746871948,
        "dvar2": 517.713500977,
        "max": 161.436798096,
        "mean": 31.4796581268,
        "median": 26.8790874481,
        "min": 1.92631745338,
        "var": 460.920959473
    },
    "hfc": {
        "dmean": 3.00209951401,
        "dmean2": 3.9317419529,
        "dvar": 26.2560901642,
        "dvar2": 41.2430000305,
        "max": 109.322868347,
        "mean": 10.6212434769,
        "median": 5.19369077682,
        "min": 1.634255932e-05,
        "var": 175.301742554
    },
    "melbands_crest": {
        "dmean": 2.56497168541,
        "dmean2": 4.10501670837,
        "dvar": 6.7208237648,
        "dvar2": 17.4000015259,
        "max": 32.8909721375,
        "mean": 16.5055618286,
        "median": 15.7767305374,
        "min": 5.24599123001,
        "var": 27.4619064331
    },
    "melbands_flatness_db": {
        "dmean": 0.0315466709435,
        "dmean2": 0.0437289625406,
        "dvar": 0.0012485292973,
        "dvar2": 0.00230338820256,
        "max": 0.587492644787,
        "mean": 0.33487573266,
        "median": 0.327590167522,
        "min": 0.112258769572,
        "var": 0.00772325647995
    },
    "melbands_kurtosis": {
        "dmean": 16.5404968262,
        "dmean2": 25.7407455444,
        "dvar": 876.333557129,
        "dvar2": 2191.87695312,
        "max": 334.226135254,
        "mean": 35.4402961731,
        "median": 22.7882480621,
        "min": -1.90657329559,
        "var": 1755.32531738
    },
    "melbands_skewness": {
        "dmean": 0.944244384766,
        "dmean2": 1.42683279514,
        "dvar": 1.5799227953,
        "dvar2": 3.60170125961,
        "max": 14.6019172668,
        "mean": 3.61056780815,
        "median": 3.20034337044,
        "min": -0.760832369328,
        "var": 5.14176797867
    },
    "melbands_spread": {
        "dmean": 3.04645895958,
        "dmean2": 4.12433862686,
        "dvar": 95.0630569458,
        "dvar2": 107.674545288,
        "max": 289.373138428,
        "mean": 9.72307300568,
        "median": 4.83566904068,
        "min": 0.522885560989,
        "var": 404.359680176
    },
    "pitch_salience": {
        "dmean": 0.0630013421178,
        "dmean2": 0.102168828249,
        "dvar": 0.0042504039593,
        "dvar2": 0.0111867878586,
        "max": 0.828629612923,
        "mean": 0.480366200209,
        "median": 0.480218946934,
        "min": 0.123543709517,
        "var": 0.0130682447925
    },
    "silence_rate_20dB": {
        "dmean": 0,
        "dmean2": 0,
        "dvar": 0,
        "dvar2": 0,
        "max": 1,
        "mean": 1,
        "median": 1,
        "min": 1,
        "var": 0
    },
    "silence_rate_30dB": {
        "dmean": 0.00833333376795,
        "dmean2": 0.016680566594,
        "dvar": 0.00826404429972,
        "dvar2": 0.0214067120105,
        "max": 1,
        "mean": 0.994171500206,
        "median": 1,
        "min": 0,
        "var": 0.00579440174624
    },
    "silence_rate_60dB": {
        "dmean": 0.0433333329856,
        "dmean2": 0.0867389515042,
        "dvar": 0.0414549820125,
        "dvar2": 0.0842190012336,
        "max": 1,
        "mean": 0.130724400282,
        "median": 0,
        "min": 0,
        "var": 0.113635927439
    },
    "spectral_centroid": {
        "dmean": 132.049835205,
        "dmean2": 184.635498047,
        "dvar": 65382.8085938,
        "dvar2": 100740.734375,
        "max": 6449.32519531,
        "mean": 574.42401123,
        "median": 424.9815979,
        "min": 142.637496948,
        "var": 294447.71875
    },
    "spectral_complexity": {
        "dmean": 1.63166666031,
        "dmean2": 2.3369474411,
        "dvar": 4.57430410385,
        "dvar2": 8.32517623901,
        "max": 39,
        "mean": 7.71024131775,
        "median": 7,
        "min": 0,
        "var": 21.0017929077
    },
    "spectral_decrease": {
        "dmean": 2.14844542157e-09,
        "dmean2": 3.15301740272e-09,
        "dvar": 1.19830991819e-17,
        "dvar2": 2.54971293523e-17,
        "max": -6.40897484551e-15,
        "mean": -7.01342184328e-09,
        "median": -5.68786928667e-09,
        "min": -4.61223947923e-08,
        "var": 3.5719399238e-17
    },
    "spectral_energy": {
        "dmean": 0.00831768102944,
        "dmean2": 0.0121810398996,
        "dvar": 0.000177621259354,
        "dvar2": 0.00037727234303,
        "max": 0.177406996489,
        "mean": 0.0274336282164,
        "median": 0.0222758203745,
        "min": 2.56712393565e-08,
        "var": 0.000544670794625
    },
    "spectral_energyband_high": {
        "dmean": 0.000114089489216,
        "dmean2": 0.000150812309585,
        "dvar": 1.58556886731e-07,
        "dvar2": 2.27950906151e-07,
        "max": 0.0120954569429,
        "mean": 0.000195240412722,
        "median": 4.33205314039e-05,
        "min": 7.77091335724e-10,
        "var": 6.69321423175e-07
    },
    "spectral_energyband_low": {
        "dmean": 0.0038932566531,
        "dmean2": 0.00578045658767,
        "dvar": 4.84547708766e-05,
        "dvar2": 0.000101342491689,
        "max": 0.0790438354015,
        "mean": 0.0113266920671,
        "median": 0.0101469997317,
        "min": 1.20454846098e-08,
        "var": 0.000109018619696
    },
    "spectral_energyband_middle_high": {
        "dmean": 0.000722626748029,
        "dmean2": 0.000877701502759,
        "dvar": 3.43353531207e-06,
        "dvar2": 4.82525229017e-06,
        "max": 0.0460283569992,
        "mean": 0.0025828925427,
        "median": 0.000452475389466,
        "min": 5.20065501775e-09,
        "var": 2.41879024543e-05
    },
    "spectral_energyband_middle_low": {
        "dmean": 0.00631077121943,
        "dmean2": 0.00987079553306,
        "dvar": 0.000125347622088,
        "dvar2": 0.000313608557917,
        "max": 0.149774044752,
        "mean": 0.0149300917983,
        "median": 0.00843461602926,
        "min": 1.0421941532e-08,
        "var": 0.000285932066618
    },
    "spectral_entropy": {
        "dmean": 0.306094884872,
        "dmean2": 0.438494026661,
        "dvar": 0.122438713908,
        "dvar2": 0.24139522016,
        "max": 8.7456073761,
        "mean": 6.58356952667,
        "median": 6.56040906906,
        "min": 4.65651035309,
        "var": 0.467674285173
    },
    "spectral_flux": {
        "dmean": 0.0254571158439,
        "dmean2": 0.0380406044424,
        "dvar": 0.000926712760702,
        "dvar2": 0.00202885782346,
        "max": 0.330614715815,
        "mean": 0.0581647753716,
        "median": 0.0421922318637,
        "min": 0.000505941861775,
        "var": 0.00238296505995
    },
    "spectral_kurtosis": {
        "dmean": 3.99771165848,
        "dmean2": 6.18376541138,
        "dvar": 24.8726768494,
        "dvar2": 50.2366218567,
        "max": 54.4854736328,
        "mean": 10.4295911789,
        "median": 7.85485553741,
        "min": -1.16029465199,
        "var": 75.8113021851
    },
    "spectral_rms": {
        "dmean": 0.000742520554923,
        "dmean2": 0.00103366654366,
        "dvar": 9.66318225437e-07,
        "dvar2": 1.79155119895e-06,
        "max": 0.0131559874862,
        "mean": 0.00465019885451,
        "median": 0.004661813844,
        "min": 5.00450914842e-06,
        "var": 5.14021667186e-06
    },
    "spectral_rolloff": {
        "dmean": 168.909469604,
        "dmean2": 295.734802246,
        "dvar": 506276.09375,
        "dvar2": 1157625,
        "max": 10788.1347656,
        "mean": 598.250549316,
        "median": 301.46484375,
        "min": 107.666015625,
        "var": 1132932.875
    },
    "spectral_skewness": {
        "dmean": 0.415623128414,
        "dmean2": 0.627206861973,
        "dvar": 0.209312215447,
        "dvar2": 0.397176623344,
        "max": 5.98462104797,
        "mean": 2.4639134407,
        "median": 2.30423259735,
        "min": -0.660826861858,
        "var": 0.898560166359
    },
    "spectral_spread": {
        "dmean": 833789.0625,
        "dmean2": 1133770,
        "dvar": 1.01625298944e+12,
        "dvar2": 1.75720746189e+12,
        "max": 12883685,
        "mean": 4179827.25,
        "median": 3776786.5,
        "min": 1339451.25,
        "var": 3.02923277926e+12
    },
    "spectral_strongpeak": {
        "dmean": 0.277326911688,
        "dmean2": 0.456059724092,
        "dvar": 0.311932504177,
        "dvar2": 0.690987288952,
        "max": 11.0386362076,
        "mean": 0.793187379837,
        "median": 0.481326460838,
        "min": 8.73646931723e-05,
        "var": 0.773607552052
    },
    "zerocrossingrate": {
        "dmean": 0.006735839881,
        "dmean2": 0.00776851782575,
        "dvar": 0.000167956284713,
        "dvar2": 0.000147484330228,
        "max": 0.3828125,
        "mean": 0.0273628588766,
        "median": 0.02197265625,
        "min": 0.00341796875,
        "var": 0.00106065825094
    },
    "barkbands": {
        "dmean": [7.54930078983e-06, 0.00191261386499, 0.00166386191268, 0.00296070473269, 0.0032328334637, 0.000766896584537, 0.000246509560384, 0.000303747219732, 0.000343022984453, 0.000194687119802, 0.000151718559209, 0.000179809358087, 8.72450182214e-05, 0.000141239215736, 0.000145848491229, 5.14948733326e-05, 4.02459263569e-05, 4.92581239087e-05, 4.23078781751e-05, 2.48381675192e-05, 2.20986603381e-05, 2.11397364183e-05, 1.95434531634e-05, 2.66015194939e-05, 2.24470804824e-05, 5.78727349421e-06, 2.96121527299e-07],
        "dmean2": [1.30350781546e-05, 0.00285475631244, 0.0025017154403, 0.00501967780292, 0.00523248687387, 0.00108394538984, 0.00033265815, 0.000398983625928, 0.000440511794295, 0.000286695809336, 0.000191192521015, 0.000249996577622, 0.000119619602629, 0.000192287174286, 0.000192647319636, 6.85550185153e-05, 5.51315679331e-05, 6.66355408612e-05, 6.09509079368e-05, 3.51878261426e-05, 3.23942731484e-05, 3.21054176311e-05, 2.66089591605e-05, 3.53601899405e-05, 2.9858580092e-05, 8.39963558974e-06, 4.89426611239e-07],
        "dvar": [2.32338995265e-10, 1.10952087198e-05, 1.24435964608e-05, 3.98353440687e-05, 4.4335705752e-05, 2.84885072688e-06, 1.01529360563e-06, 9.96630774353e-07, 1.19505341445e-06, 1.04780178845e-06, 2.23259391419e-07, 3.14626106501e-07, 1.74008988552e-07, 2.89003082798e-07, 2.51585902333e-07, 3.29144249633e-08, 2.46066793608e-08, 2.98816651423e-08, 2.85076513507e-08, 5.37511235521e-09, 5.19668752474e-09, 7.53011697441e-09, 7.00089097805e-09, 2.64108646064e-08, 1.40808351645e-08, 2.52202730922e-10, 5.32932422151e-13],
        "dvar2": [6.51941722829e-10, 2.42494515987e-05, 2.86029844574e-05, 0.000107308653241, 0.000113761205284, 6.01549072599e-06, 1.62666185588e-06, 1.60852926001e-06, 2.25933854381e-06, 2.33014065998e-06, 3.5269891896e-07, 5.054491794e-07, 4.14229759826e-07, 4.80693699956e-07, 4.66882738692e-07, 4.53028761171e-08, 3.67401042922e-08, 5.61336719329e-08, 5.34242126093e-08, 8.76746941714e-09, 1.28472548155e-08, 1.7926977236e-08, 1.23748993275e-08, 3.81839981856e-08, 1.93500220291e-08, 5.11333642095e-10, 1.3430229151e-12],
        "max": [0.000244841532549, 0.0394044704735, 0.0377350971103, 0.0541937239468, 0.0898044779897, 0.0493486262858, 0.0223173629493, 0.01788767986, 0.0228093955666, 0.0212447084486, 0.0148050924763, 0.013716946356, 0.0105138849467, 0.0113056059927, 0.0110330954194, 0.00521486671641, 0.00458490708843, 0.00480421772227, 0.00362588046119, 0.00185281678569, 0.00144406862091, 0.00185624673031, 0.0026301916223, 0.00581566011533, 0.00444453349337, 0.000533190381248, 7.0639630394e-06],
        "mean": [1.08830927275e-05, 0.00570510979742, 0.00404121493921, 0.00356767862104, 0.00574774015695, 0.00303395232186, 0.000626615365036, 0.000884853419848, 0.00101296056528, 0.000350116315531, 0.000547581410501, 0.000460046023363, 0.000156869951752, 0.000290675932774, 0.000404178514145, 0.000100093369838, 0.000102005848021, 0.000101033860119, 7.98360051704e-05, 3.96490650019e-05, 3.2019597711e-05, 2.48594769801e-05, 2.69275114988e-05, 4.48384125775e-05, 3.51472408511e-05, 6.53478173263e-06, 2.39790466594e-07],
        "median": [4.19082834924e-06, 0.00447250669822, 0.00184017489664, 0.00126493198331, 0.00174469547346, 0.000349656271283, 0.00013758392015, 2.39173659793e-05, 3.5778277379e-05, 4.43624157924e-05, 3.67526990885e-05, 6.49195717415e-05, 1.58371040015e-05, 2.21332520596e-05, 1.15481143439e-05, 6.26267274129e-06, 5.68545692659e-06, 5.92582955505e-06, 6.8016656769e-06, 9.14445445233e-06, 7.39795768823e-06, 2.7252167456e-06, 2.89674585474e-06, 5.16065620104e-06, 4.91165201311e-06, 6.65515869969e-07, 5.29000354632e-09],
        "min": [9.20980305907e-12, 3.14460701922e-09, 4.93042717764e-09, 4.90585527757e-09, 2.57241605794e-09, 1.74353786964e-09, 3.74618697174e-10, 1.18562992757e-10, 4.94916940763e-10, 5.0864040757e-10, 1.80091519475e-09, 1.53521906299e-09, 3.49269335675e-10, 2.20933465966e-10, 1.05397211791e-10, 6.75699080022e-11, 4.5181285796e-11, 9.9314497598e-12, 5.38246704151e-11, 5.92674936906e-11, 1.28219226903e-10, 9.92132070943e-11, 5.77064090956e-11, 7.13213446635e-11, 1.29236080171e-10, 1.98233669063e-11, 2.17402762459e-11],
        "var": [2.90363372235e-10, 3.43382416759e-05, 2.61878885794e-05, 4.04044949391e-05, 7.7569289715e-05, 4.3478430598e-05, 3.76231491828e-06, 5.76553020437e-06, 6.94691516401e-06, 1.73215084942e-06, 2.88202204501e-06, 2.01940633815e-06, 3.05846413085e-07, 7.11760890226e-07, 1.89388299532e-06, 1.50464813942e-07, 2.04141144877e-07, 1.23539734886e-07, 7.05427751768e-08, 1.22278427384e-08, 7.18268156064e-09, 9.65580060353e-09, 2.10068460405e-08, 1.13715003636e-07, 5.69510838488e-08, 4.7966419725e-10, 4.85053295272e-13]
    },
    "erbbands": {
        "dmean": [0.0197880286723, 0.540645301342, 1.81686377525, 5.5735783577, 10.8735656738, 10.5227470398, 12.1431436539, 4.59227085114, 3.81366872787, 3.86821818352, 7.11649513245, 6.45225000381, 6.34542322159, 7.09732675552, 5.69782018661, 5.33322000504, 3.70591378212, 6.26315546036, 6.20196151733, 6.3183631897, 3.03948903084, 2.55095720291, 2.41611194611, 2.71055960655, 1.57372534275, 1.21022319794, 1.12565863132, 0.652093052864, 0.807458877563, 0.576575636864, 0.61804831028, 0.476150304079, 0.498733788729, 0.339118808508, 0.114381663501, 0.0357173755765, 0.00867692008615, 0.00141832989175, 3.35148215527e-05, 9.88855208561e-06],
        "dmean2": [0.0300467032939, 0.810119271278, 2.69812035561, 9.16469192505, 18.1864299774, 16.9965934753, 17.8825550079, 6.48762702942, 4.91106081009, 5.20283460617, 9.23924350739, 8.26368427277, 8.45274353027, 10.3919839859, 7.65345573425, 7.37177610397, 4.91316699982, 8.96505641937, 8.44613361359, 8.36252307892, 3.85814070702, 3.29604268074, 3.1206305027, 3.71922230721, 2.24184751511, 1.68885028362, 1.61110818386, 0.994876801968, 1.23516404629, 0.848878860474, 0.820212364197, 0.641549408436, 0.729599952698, 0.437444984913, 0.15423476696, 0.0491458885372, 0.0129838725552, 0.00223603192717, 5.08485863975e-05, 1.41545697261e-05],
        "dvar": [0.00134902109858, 0.885368525982, 12.453792572, 144.764541626, 600.437744141, 618.333740234, 673.553710938, 95.0227050781, 239.915023804, 238.023574829, 471.856201172, 446.335479736, 514.005004883, 1642.61779785, 217.769790649, 244.798431396, 214.099273682, 1017.82330322, 511.115325928, 400.442749023, 138.036254883, 101.100898743, 80.9708709717, 118.099662781, 28.6338024139, 14.7231750488, 15.0957717896, 4.72891569138, 10.4104614258, 4.98690032959, 8.09671592712, 4.32037973404, 14.2932548523, 4.09495735168, 0.259218662977, 0.0176932606846, 0.000270489224931, 8.62831893755e-06, 4.56006965521e-09, 2.19588833228e-10],
        "dvar2": [0.00301918527111, 1.91865229607, 26.9649524689, 355.690704346, 1621.69848633, 1595.88354492, 1491.97253418, 214.376800537, 402.213653564, 385.279937744, 798.835327148, 879.453063965, 899.939086914, 4352.73388672, 411.664733887, 401.193756104, 467.55279541, 2052.43652344, 1106.18408203, 710.429504395, 186.717895508, 125.176773071, 150.412414551, 244.222503662, 55.229385376, 20.7456302643, 37.9196815491, 11.1431398392, 25.1506519318, 11.0532093048, 13.7733888626, 6.68541717529, 22.9486274719, 6.07126808167, 0.327854007483, 0.0330141782761, 0.000562611501664, 1.97866156668e-05, 1.01762811511e-08, 4.60184834683e-10],
        "max": [0.425431221724, 10.8031644821, 41.2110900879, 112.753684998, 345.244232178, 299.052520752, 511.10357666, 260.826019287, 402.45904541, 393.182922363, 368.836914062, 382.383514404, 447.327697754, 926.456726074, 255.299911499, 405.779876709, 356.183410645, 747.722412109, 508.963928223, 393.307281494, 344.627716064, 331.975372314, 246.451873779, 225.226882935, 113.913047791, 106.855262756, 88.925163269, 44.372467041, 66.4803085327, 49.4823188782, 86.0157470703, 63.2558631897, 137.197692871, 74.7422637939, 17.4676055908, 5.15483236313, 0.251829504967, 0.0322825796902, 0.000980576616712, 0.000196293738554],
        "mean": [0.0597498342395, 1.62086415291, 5.014295578, 8.2640838623, 14.1012783051, 17.6752586365, 38.05078125, 16.1132659912, 9.9967508316, 9.96476745605, 24.6491603851, 18.561920166, 14.3285140991, 21.3139266968, 15.7625627518, 14.0969686508, 8.22473907471, 13.0595397949, 14.7652330399, 16.718711853, 6.78720664978, 6.99598073959, 5.26828670502, 5.32360649109, 2.92979645729, 2.04488039017, 1.85164403915, 0.821252286434, 0.911604702473, 0.717042148113, 0.845089912415, 0.710585951805, 0.880925774574, 0.527392864227, 0.176089018583, 0.0448069609702, 0.00903647672385, 0.00129486445803, 4.40263538621e-05, 3.23843632941e-05],
        "median": [0.0434014461935, 1.31503450871, 3.29769873619, 4.35486221313, 4.66393327713, 5.63895988464, 4.30618143082, 3.19568157196, 2.83963799477, 1.61596524715, 0.876717925072, 0.953755319118, 2.04245281219, 1.99752247334, 3.09908890724, 2.62447428703, 1.24603104591, 1.08863377571, 0.825680077076, 0.545567750931, 0.367170214653, 0.356050640345, 0.302954405546, 0.369682282209, 0.359781742096, 0.478957802057, 0.387682825327, 0.223275631666, 0.107597209513, 0.0673214569688, 0.0903022140265, 0.107081979513, 0.0819223746657, 0.0547731257975, 0.0280279312283, 0.00546195963398, 0.000906025117729, 8.84827459231e-05, 1.83694810403e-05, 2.62844641838e-05],
        "min": [3.13972527977e-08, 1.2012795878e-06, 5.13711574968e-06, 1.24263988255e-05, 1.19089781947e-05, 1.00719371403e-05, 5.7754896261e-06, 1.63062741194e-05, 7.71802206145e-06, 5.19287232237e-06, 8.47652790981e-06, 9.78668322205e-06, 1.27751500258e-05, 2.75503498415e-05, 6.78136857459e-05, 5.2010971558e-05, 1.51021931742e-05, 1.86992056115e-05, 6.24327549303e-06, 5.04322542838e-06, 3.8490247789e-06, 2.79708774542e-06, 7.02339036707e-07, 2.56706584878e-06, 2.93174093713e-06, 3.58764827979e-06, 5.27219663127e-06, 5.02537704961e-06, 2.89049330604e-06, 1.89271668205e-06, 1.65165079125e-06, 1.659062832e-06, 1.48645426634e-06, 1.05325045752e-06, 3.05944780621e-07, 8.73646683885e-08, 3.01744655928e-08, 9.56946433206e-09, 2.27704655131e-09, 4.36480879218e-10],
        "var": [0.00385605357587, 2.68794775009, 29.334695816, 165.142425537, 676.413452148, 968.11895752, 4540.36767578, 1141.30993652, 859.59161377, 1220.68676758, 3160.1237793, 2380.80004883, 1990.7052002, 4738.07861328, 1102.65319824, 1611.20727539, 557.951782227, 1742.91418457, 1707.72436523, 2685.27929688, 705.767028809, 1016.31140137, 382.39239502, 291.891113281, 78.4857940674, 37.8648071289, 24.3045940399, 4.91165399551, 12.19871521, 10.1494703293, 23.5043411255, 14.6126565933, 58.8374862671, 16.2140045166, 0.954528868198, 0.0421978421509, 0.000400597782573, 9.56504572969e-06, 6.74664457634e-09, 7.50200790378e-10]
    },
    "gfcc": {
        "mean": [-88.4225082397, 131.446533203, -79.3493347168, 33.755241394, -49.1845092773, 17.9475688934, -35.8271865845, 0.342784434557, -33.8255195618, -3.1428000927, -10.7456493378, -6.55299139023, -2.58578443527],
        "cov": [[9615.86035156, -1128.68310547, -1250.77880859, -321.108337402, -386.982543945, 28.4332675934, -602.946655273, 648.325195312, -178.018371582, 194.981689453, -268.984191895, -350.653839111, 5.89162349701], [-1128.68310547, 1273.13952637, -75.3578414917, -189.75553894, 272.015777588, -123.158554077, 295.554107666, -132.031112671, 116.815803528, -110.3621521, 229.147918701, -122.287620544, 130.096832275], [-1250.77880859, -75.3578414917, 1223.26794434, 316.690826416, 101.328590393, 118.62437439, 137.74206543, -99.6945343018, 28.6369819641, 29.1703681946, -68.477935791, 155.605102539, -121.641494751], [-321.108337402, -189.75553894, 316.690826416, 470.975769043, 62.9529380798, 56.4028701782, 13.7869901657, -35.3117103577, 64.6240921021, -36.3804206848, -42.7165794373, 42.5995674133, -20.911775589], [-386.982543945, 272.015777588, 101.328590393, 62.9529380798, 285.836730957, -22.4022254944, 80.1432723999, 1.58895814419, 40.0247802734, -41.2710418701, -0.591613650322, -4.58445835114, 12.1771707535], [28.4332675934, -123.158554077, 118.62437439, 56.4028701782, -22.4022254944, 229.462921143, 102.11164093, -5.00511407852, -13.0979690552, 16.3981513977, 5.35590553284, 21.4300937653, -38.9192581177], [-602.946655273, 295.554107666, 137.74206543, 13.7869901657, 80.1432723999, 102.11164093, 324.06161499, -49.0211181641, -0.482447445393, -0.00996370986104, 79.1457977295, 17.8134326935, -45.3102111816], [648.325195312, -132.031112671, -99.6945343018, -35.3117103577, 1.58895814419, -5.00511407852, -49.0211181641, 210.308364868, 22.7027130127, 16.8479747772, -37.9913597107, -54.5196075439, -6.71579694748], [-178.018371582, 116.815803528, 28.6369819641, 64.6240921021, 40.0247802734, -13.0979690552, -0.482447445393, 22.7027130127, 133.675445557, -10.7961053848, 24.3224391937, -1.2601647377, 29.1707382202], [194.981689453, -110.3621521, 29.1703681946, -36.3804206848, -41.2710418701, 16.3981513977, -0.00996370986104, 16.8479747772, -10.7961053848, 103.146240234, 10.2668304443, 27.5626888275, -25.6791553497], [-268.984191895, 229.147918701, -68.477935791, -42.7165794373, -0.591613650322, 5.35590553284, 79.1457977295, -37.9913597107, 24.3224391937, 10.2668304443, 136.618499756, -9.39198875427, 27.777551651], [-350.653839111, -122.287620544, 155.605102539, 42.5995674133, -4.58445835114, 21.4300937653, 17.8134326935, -54.5196075439, -1.2601647377, 27.5626888275, -9.39198875427, 175.837310791, -48.4194221497], [5.89162349701, 130.096832275, -121.641494751, -20.911775589, 12.1771707535, -38.9192581177, -45.3102111816, -6.71579694748, 29.1707382202, -25.6791553497, 27.777551651, -48.4194221497, 117.594413757]],
        "icov": [[0.000191132086911, -0.000119925767649, 0.000173456486664, -0.000117838695587, 0.000133316512802, -0.000236578620388, 0.000302585423924, -0.000431893888162, 0.000275890954072, -0.000436278263805, 0.000314505363349, 0.000157515285537, 0.000108248343167], [-0.000119925767649, 0.00489986967295, -0.000701167911757, 0.00275710248388, -0.00284364051186, 0.00281876185909, -0.0036726987455, 0.00274345348589, -0.00346335279755, 0.00347797269933, -0.00423716241494, 0.0025791709777, -0.001999422675], [0.000173456486664, -0.000701167911757, 0.0015292793978, -0.00104697176721, 0.000145513462485, -0.000758329639211, 0.000335857563186, -0.000145087120472, 0.000310904084472, -0.00137563073076, 0.00155085639562, -0.000645925989375, 0.00100801314693], [-0.000117838695587, 0.00275710248388, -0.00104697176721, 0.00462576095015, -0.00188377697486, 0.000890945259016, -0.00176293123513, 0.00214772624895, -0.00353896222077, 0.00307775964029, -0.00169159448706, 0.00133701507002, -0.000871344236657], [0.000133316512802, -0.00284364051186, 0.000145513462485, -0.00188377697486, 0.00627966970205, -0.000553701771423, 0.00044352497207, -0.0022507912945, 0.00124507630244, -0.000763875548728, 0.00335854990408, -0.00151289871428, 0.000271706347121], [-0.000236578620388, 0.00281876185909, -0.000758329639211, 0.000890945259016, -0.000553701771423, 0.00757334800437, -0.00443683378398, 0.00133709644433, -0.00160110602155, 0.00183900457341, -0.0022225601133, 0.00117852480616, -0.00099293445237], [0.000302585423924, -0.0036726987455, 0.000335857563186, -0.00176293123513, 0.00044352497207, -0.00443683378398, 0.00864336825907, -0.00185719330329, 0.00313369953074, -0.00233764806762, -0.000267302559223, -0.0012269282015, 0.00406201090664], [-0.000431893888162, 0.00274345348589, -0.000145087120472, 0.00214772624895, -0.0022507912945, 0.00133709644433, -0.00185719330329, 0.00896244589239, -0.00463746860623, 0.000757648202125, -0.000448092905572, 0.00336067285389, 0.000495637650602], [0.000275890954072, -0.00346335279755, 0.000310904084472, -0.00353896222077, 0.00124507630244, -0.00160110602155, 0.00313369953074, -0.00463746860623, 0.0127459736541, -0.00230243103579, 0.000295599980745, -0.00261617545038, -0.00101783021819], [-0.000436278263805, 0.00347797269933, -0.00137563073076, 0.00307775964029, -0.000763875548728, 0.00183900457341, -0.00233764806762, 0.000757648202125, -0.00230243103579, 0.0155103653669, -0.00577089749277, -0.000433007488027, 0.00027178475284], [0.000314505363349, -0.00423716241494, 0.00155085639562, -0.00169159448706, 0.00335854990408, -0.0022225601133, -0.000267302559223, -0.000448092905572, 0.000295599980745, -0.00577089749277, 0.0158964339644, -0.00154445494991, -0.000961069832556], [0.000157515285537, 0.0025791709777, -0.000645925989375, 0.00133701507002, -0.00151289871428, 0.00117852480616, -0.0012269282015, 0.00336067285389, -0.00261617545038, -0.000433007488027, -0.00154445494991, 0.00948815234005, 0.00180020323023], [0.000108248343167, -0.001999422675, 0.00100801314693, -0.000871344236657, 0.000271706347121, -0.00099293445237, 0.00406201090664, 0.000495637650602, -0.00101783021819, 0.00027178475284, -0.000961069832556, 0.00180020323023, 0.0141148967668]]
    },
    "melbands": {
        "dmean": [0.000356638454832, 0.000875214929692, 0.00118146254681, 0.00067681731889, 0.000462338735815, 0.000112343506771, 5.25947543792e-05, 4.74033622595e-05, 5.6449251133e-05, 4.22622142651e-05, 3.3383614209e-05, 2.99961066048e-05, 2.04711905099e-05, 2.08225792449e-05, 1.04726977952e-05, 9.18192836252e-06, 1.28661586132e-05, 1.07202877189e-05, 1.31202041302e-05, 4.44179568149e-06, 3.7071049519e-06, 2.96328198601e-06, 1.88111732768e-06, 2.61123659584e-06, 2.26019210459e-06, 1.70139014699e-06, 7.65729112118e-07, 8.57304939927e-07, 8.50871174407e-07, 4.26820776056e-07, 3.85186467611e-07, 4.78685080907e-07, 4.33766501828e-07, 2.93101834359e-07, 3.31893204475e-07, 3.86826769727e-07, 2.85945191081e-07, 3.20212961924e-07, 3.97579498213e-07, 2.62907576598e-07],
        "dmean2": [0.000532756734174, 0.00130203436129, 0.00194706569891, 0.00110538187437, 0.00070612464333, 0.000159392948262, 6.9385569077e-05, 6.28480920568e-05, 7.29120874894e-05, 5.52568053536e-05, 4.47840029665e-05, 4.50116276625e-05, 2.65788021352e-05, 2.90821208182e-05, 1.41689815791e-05, 1.31765991682e-05, 1.85188364412e-05, 1.49605557453e-05, 1.74701290234e-05, 6.19380716671e-06, 4.81454617329e-06, 3.94516064262e-06, 2.50104312727e-06, 3.44955560649e-06, 3.17784952131e-06, 2.48156152338e-06, 1.13440967198e-06, 1.22514745726e-06, 1.20574088669e-06, 6.77269554217e-07, 5.97720031692e-07, 7.37805862627e-07, 6.6657116804e-07, 4.50458372825e-07, 4.5842833174e-07, 5.15165936577e-07, 4.14056870568e-07, 4.86017484036e-07, 5.7127783748e-07, 3.58296773584e-07],
        "dvar": [3.95603962033e-07, 2.51698861575e-06, 5.93300865148e-06, 2.10283201341e-06, 1.07039249997e-06, 5.63607862603e-08, 4.21854338128e-08, 2.99272890913e-08, 2.63488075802e-08, 2.23442633285e-08, 1.49044065978e-08, 3.15063495293e-08, 3.02232638916e-09, 5.90701709768e-09, 8.95052421068e-10, 2.71728883838e-09, 3.92574284191e-09, 1.84303250439e-09, 2.52465981454e-09, 1.73450573349e-10, 2.82919410122e-10, 1.49392442861e-10, 3.70089688062e-11, 1.3260184617e-10, 9.79517578159e-11, 4.19739486224e-11, 5.78499227688e-12, 9.57502480081e-12, 6.68839072668e-12, 4.13527372067e-12, 2.11492498861e-12, 3.49248212815e-12, 3.98973172208e-12, 1.31673112084e-12, 2.32634549645e-12, 3.29371274178e-12, 1.90141652423e-12, 5.85360536084e-12, 1.0462475504e-11, 2.29037275257e-12],
        "dvar2": [8.69401162618e-07, 5.41880717719e-06, 1.5231064026e-05, 5.4582451412e-06, 2.65062885774e-06, 1.27219564661e-07, 6.75167086683e-08, 4.55467912275e-08, 4.22314236914e-08, 4.55626469886e-08, 2.60627803783e-08, 8.3176630028e-08, 5.3297908309e-09, 9.94693927225e-09, 1.41982703372e-09, 6.57829479778e-09, 7.73145014676e-09, 3.99735933243e-09, 4.63327554101e-09, 3.53733264902e-10, 4.16995077357e-10, 2.03600178383e-10, 6.1855486011e-11, 2.43417536128e-10, 2.10984119065e-10, 9.12487099769e-11, 1.21546748361e-11, 1.367236966e-11, 1.42638565889e-11, 1.1767488893e-11, 4.78221672331e-12, 8.54786207094e-12, 9.67533258373e-12, 3.30330597945e-12, 4.01903510472e-12, 5.45180567357e-12, 3.73378671731e-12, 1.04079097771e-11, 1.53748732495e-11, 4.38434358263e-12],
        "max": [0.0074854157865, 0.0197811275721, 0.0244594309479, 0.0243023317307, 0.0162757225335, 0.0057493573986, 0.00517184566706, 0.00396448420361, 0.00301988073625, 0.00273094931617, 0.00230330461636, 0.0039156395942, 0.0010359325679, 0.00166310730856, 0.000866569287609, 0.00132531905547, 0.00132300367113, 0.000951511319727, 0.00122378917877, 0.000199872956728, 0.000522171671037, 0.000419972988311, 0.000152253167471, 0.00039178688894, 0.000225186595344, 0.000142849356052, 4.30682594015e-05, 9.25199710764e-05, 5.92096730543e-05, 5.06448704982e-05, 3.25682703988e-05, 3.49797992385e-05, 4.32630949945e-05, 2.98243576253e-05, 4.35056172137e-05, 5.16915933986e-05, 4.62923890154e-05, 8.03434013505e-05, 0.000112923553388, 4.68821490358e-05],
        "mean": [0.00107846991159, 0.00259677809663, 0.00170152017381, 0.0010218458483, 0.00127787119709, 0.000415505463025, 0.000133585141157, 0.00012700278603, 0.000213285718928, 0.0001139054948, 7.11569737177e-05, 8.36758918012e-05, 6.0920152464e-05, 5.28512791789e-05, 2.53180005529e-05, 1.61875959748e-05, 2.58525742538e-05, 1.96790097107e-05, 3.8613408833e-05, 8.04714727565e-06, 6.89421403877e-06, 7.27230008124e-06, 4.2454234972e-06, 5.22433401784e-06, 4.20030346504e-06, 3.09685583488e-06, 1.13737451102e-06, 1.37166750847e-06, 1.4181135839e-06, 5.56242525818e-07, 4.41773750026e-07, 5.20207947829e-07, 4.81891220261e-07, 3.49466489524e-07, 4.53731615835e-07, 5.16110446824e-07, 4.04493675887e-07, 5.43422856936e-07, 7.05875322637e-07, 3.68469642353e-07],
        "median": [0.000807148171589, 0.00207360880449, 0.000843383953907, 0.000355369178578, 0.000170237763086, 6.88688814989e-05, 3.35956574418e-05, 8.13775204733e-06, 5.54707230549e-06, 4.42514601673e-06, 7.48101592762e-06, 7.52144478611e-06, 9.29674115469e-06, 5.10250765728e-06, 3.62573905477e-06, 1.52691779931e-06, 1.87300474863e-06, 1.22393851143e-06, 8.09296409443e-07, 4.99909219798e-07, 3.55045273182e-07, 3.37681086648e-07, 2.57163804918e-07, 2.77017193184e-07, 2.65765294216e-07, 2.82302124788e-07, 2.13846348629e-07, 3.15971618647e-07, 2.52468737472e-07, 1.48884879536e-07, 8.29910078437e-08, 5.88717234962e-08, 4.025555711e-08, 3.24152829023e-08, 4.37286473698e-08, 5.74829783773e-08, 6.33009662465e-08, 5.32872768133e-08, 5.04572668092e-08, 4.32080149437e-08],
        "min": [5.32291211108e-10, 2.37542918669e-09, 2.1751178636e-09, 7.89221410447e-10, 2.29478505642e-10, 3.57830182152e-10, 1.14313204735e-10, 4.9963280041e-11, 7.80982917226e-11, 6.33735910971e-11, 6.76107433928e-11, 9.52281170585e-11, 3.05249020505e-10, 9.38647770621e-11, 3.11534235908e-11, 3.53251837504e-11, 3.12846970552e-11, 8.34681802842e-12, 7.85904414463e-12, 3.00212394007e-12, 3.42494630746e-12, 3.41283598604e-12, 7.8599572597e-13, 5.24760573536e-13, 2.13979333384e-12, 1.64826962842e-12, 1.19361822943e-12, 1.92682892211e-12, 3.32197355561e-12, 3.27090698277e-12, 2.30839544528e-12, 1.42525336151e-12, 1.39381204061e-12, 8.74802671708e-13, 7.57737568437e-13, 1.37765298301e-12, 7.88330826399e-13, 7.8010671924e-13, 1.1888125033e-12, 7.36810027054e-13],
        "var": [1.21926916563e-06, 6.20698619969e-06, 6.82227300786e-06, 2.83289091385e-06, 4.41756583314e-06, 7.4678899864e-07, 1.52819609411e-07, 1.67732892464e-07, 2.22177234832e-07, 1.03236764915e-07, 5.55658594692e-08, 7.25073832086e-08, 2.14724860115e-08, 3.04969987042e-08, 6.41912745181e-09, 4.03778521729e-09, 7.05606284512e-09, 3.80812048562e-09, 2.06450927465e-08, 4.89889517841e-10, 9.71781988213e-10, 1.21415033583e-09, 2.56487775463e-10, 5.15654130506e-10, 2.14726750269e-10, 1.01765020022e-10, 1.07760605994e-11, 2.20572449194e-11, 1.62946843518e-11, 2.97229883935e-12, 2.19472855688e-12, 3.76361268539e-12, 5.15268643725e-12, 2.48541660343e-12, 6.76219410328e-12, 8.1655819259e-12, 5.349035017e-12, 2.17238501493e-11, 4.13385645159e-11, 6.6191227846e-12]
    },
    "mfcc": {
        "mean": [-745.433288574, 158.471206665, 31.5572414398, 27.3368053436, 15.4864969254, 12.4949016571, 15.7394065857, -0.632814824581, -3.30187916756, -2.81600761414, -10.4890127182, -4.40012216568, -3.70228147507],
        "cov": [[9405.74121094, -881.958862305, -1253.35388184, -447.93447876, -7.06716489792, -657.662414551, -103.062469482, -283.181243896, 45.5511665344, 411.1847229, -1.27040016651, -122.524116516, -447.774414062], [-881.958862305, 1291.69287109, -148.697036743, -8.10718154907, -21.5890140533, 4.15217113495, 189.331481934, 10.637670517, -0.446241259575, 18.0364494324, -15.7675418854, 52.2264404297, 53.0967216492], [-1253.35388184, -148.697036743, 942.332092285, 182.010665894, -2.72666454315, 265.100952148, -4.24538755417, 111.84437561, 42.4971923828, -91.0267791748, 58.6253967285, 63.4031105042, 137.304992676], [-447.93447876, -8.10718154907, 182.010665894, 352.865936279, 108.84362793, 84.8045959473, -35.6751060486, 55.7464256287, 51.1318626404, -32.420841217, 6.33779096603, 20.8865127563, 40.4698295593], [-7.06716489792, -21.5890140533, -2.72666454315, 108.84362793, 281.845428467, -57.5704498291, -66.5660018921, 3.74664545059, 66.46459198, 43.017578125, -55.6904029846, 1.97424888611, -33.0189552307], [-657.662414551, 4.15217113495, 265.100952148, 84.8045959473, -57.5704498291, 310.82800293, 50.9917526245, 84.0078125, -15.3450746536, -63.7171554565, 50.5185470581, -3.70838618279, 83.2766876221], [-103.062469482, 189.331481934, -4.24538755417, -35.6751060486, -66.5660018921, 50.9917526245, 227.375, 28.595790863, -9.86387443542, 59.9559364319, 37.907333374, -4.04936933517, 5.73515605927], [-283.181243896, 10.637670517, 111.84437561, 55.7464256287, 3.74664545059, 84.0078125, 28.595790863, 155.289413452, 46.5001487732, -33.0657730103, 39.7391204834, 37.0989341736, 38.9940032959], [45.5511665344, -0.446241259575, 42.4971923828, 51.1318626404, 66.46459198, -15.3450746536, -9.86387443542, 46.5001487732, 115.279571533, 35.1279373169, -2.70717954636, 28.3620147705, -1.85599446297], [411.1847229, 18.0364494324, -91.0267791748, -32.420841217, 43.017578125, -63.7171554565, 59.9559364319, -33.0657730103, 35.1279373169, 173.554046631, -0.892086684704, -40.1559257507, -38.9568099976], [-1.27040016651, -15.7675418854, 58.6253967285, 6.33779096603, -55.6904029846, 50.5185470581, 37.907333374, 39.7391204834, -2.70717954636, -0.892086684704, 115.671615601, 29.9226589203, 12.7353954315], [-122.524116516, 52.2264404297, 63.4031105042, 20.8865127563, 1.97424888611, -3.70838618279, -4.04936933517, 37.0989341736, 28.3620147705, -40.1559257507, 29.9226589203, 130.444763184, 39.2202606201], [-447.774414062, 53.0967216492, 137.304992676, 40.4698295593, -33.0189552307, 83.2766876221, 5.73515605927, 38.9940032959, -1.85599446297, -38.9568099976, 12.7353954315, 39.2202606201, 115.837280273]],
