{
"lowlevel": {
    "average_loudness": 0.680934607983,
    "barkbands_crest": {
        "dmean": 1.95204842091,
        "dmean2": 2.94591164589,
        "dvar": 4.01665449142,
        "dvar2": 7.63727855682,
        "max": 26.3636569977,
        "mean": 11.8862056732,
        "median": 10.7784986496,
        "min": 3.85167336464,
        "var": 22.8137722015
    },
    "barkbands_flatness_db": {
        "dmean": 0.0150897288695,
        "dmean2": 0.0216561052948,
        "dvar": 0.00027540102019,
        "dvar2": 0.000480238872115,
        "max": 0.454478234053,
        "mean": 0.242010712624,
        "median": 0.237443044782,
        "min": 0.0423744432628,
        "var": 0.00493175443262
    },
    "barkbands_kurtosis": {
        "dmean": 2.04352927208,
        "dmean2": 3.10272312164,
        "dvar": 17.5950527191,
        "dvar2": 36.1587982178,
        "max": 80.1089477539,
        "mean": 3.91486907005,
        "median": 1.87183046341,
        "min": -1.77504885197,
        "var": 66.6965103149
    },
    "barkbands_skewness": {
        "dmean": 0.403329700232,
        "dmean2": 0.580481231213,
        "dvar": 0.217044353485,
        "dvar2": 0.407733082771,
        "max": 4.77719259262,
        "mean": 0.494169563055,
        "median": 0.539548099041,
        "min": -6.70364141464,
        "var": 1.68028354645
    },
    "barkbands_spread": {
        "dmean": 1.41666328907,
        "dmean2": 2.04206681252,
        "dvar": 6.68906974792,
        "dvar2": 7.02311992645,
        "max": 81.6997146606,
        "mean": 7.27883481979,
        "median": 6.75725412369,
        "min": 0.314165979624,
        "var": 22.3242015839
    },
    "dissonance": {
        "dmean": 0.0443988144398,
        "dmean2": 0.0756089314818,
        "dvar": 0.0017318520695,
        "dvar2": 0.00462619634345,
        "max": 0.499866127968,
        "mean": 0.386402666569,
        "median": 0.393868744373,
        "min": 0.143321231008,
        "var": 0.0038800528273
    },
    "dynamic_complexity": 5.34177684784,
    "erbbands_crest": {
        "dmean": 2.72305393219,
        "dmean2": 4.02531862259,
        "dvar": 7.67053556442,
        "dvar2": 14.8342370987,
        "max": 33.5471801758,
        "mean": 15.3526124954,
        "median": 13.9380626678,
        "min": 3.18196725845,
        "var": 42.2084960938
    },
    "erbbands_flatness_db": {
        "dmean": 0.0160265583545,
        "dmean2": 0.0220617223531,
        "dvar": 0.000356338161509,
        "dvar2": 0.000612693780567,
        "max": 0.529527842999,
        "mean": 0.292978793383,
        "median": 0.290399581194,
        "min": 0.065256908536,
        "var": 0.0056012510322
    },
    "erbbands_kurtosis": {
        "dmean": 2.06285357475,
        "dmean2": 3.16705179214,
        "dvar": 13.7428045273,
        "dvar2": 30.3217411041,
        "max": 49.0742454529,
        "mean": 3.3338932991,
        "median": 1.26423072815,
        "min": -1.60983276367,
        "var": 41.0722045898
    },
    "erbbands_skewness": {
        "dmean": 0.422349154949,
        "dmean2": 0.605511367321,
        "dvar": 0.218678623438,
        "dvar2": 0.382004827261,
        "max": 4.2889418602,
        "mean": 0.263130962849,
        "median": 0.419332027435,
        "min": -6.07197475433,
        "var": 1.64363563061
    },
    "erbbands_spread": {
        "dmean": 2.03215527534,
        "dmean2": 2.92550373077,
        "dvar": 6.68032026291,
        "dvar2": 10.5581474304,
        "max": 77.6753082275,
        "mean": 10.9379224777,
        "median": 10.452205658,
        "min": 0.482689142227,
        "var": 40.5420684814
    },
    "hfc": {
        "dmean": 4.38370847702,
        "dmean2": 5.81021595001,
        "dvar": 186.025177002,
        "dvar2": 376.166656494,
        "max": 234.146987915,
        "mean": 11.538433075,
        "median": 5.48710727692,
        "min": 6.46058481379e-07,
        "var": 463.701141357
    },
    "melbands_crest": {
        "dmean": 2.33177757263,
        "dmean2": 3.60564303398,
        "dvar": 5.54570436478,
        "dvar2": 11.0952033997,
        "max": 32.4933204651,
        "mean": 13.9589271545,
        "median": 12.6848344803,
        "min": 4.74212837219,
        "var": 28.3668861389
    },
    "melbands_flatness_db": {
        "dmean": 0.0146602103487,
        "dmean2": 0.0208859927952,
        "dvar": 0.000243216010858,
        "dvar2": 0.000399437645683,
        "max": 0.542600214481,
        "mean": 0.331920355558,
        "median": 0.323837399483,
        "min": 0.0343408770859,
        "var": 0.00650907075033
    },
    "melbands_kurtosis": {
        "dmean": 1.73730671406,
        "dmean2": 2.56631135941,
        "dvar": 7.75535297394,
        "dvar2": 15.7748355865,
        "max": 43.6318359375,
        "mean": 3.29516434669,
        "median": 1.56720876694,
        "min": -1.79395246506,
        "var": 31.1276550293
    },
    "melbands_skewness": {
        "dmean": 0.37372815609,
        "dmean2": 0.539923191071,
        "dvar": 0.15960355103,
        "dvar2": 0.313235163689,
        "max": 5.3496222496,
        "mean": 0.658383250237,
        "median": 0.757427036762,
        "min": -5.17540836334,
        "var": 1.34923911095
    },
    "melbands_spread": {
        "dmean": 2.26377010345,
        "dmean2": 3.33278155327,
        "dvar": 12.6303386688,
        "dvar2": 17.4165821075,
        "max": 113.009994507,
        "mean": 11.6597728729,
        "median": 10.3433885574,
        "min": 0.766280353069,
        "var": 45.7970581055
    },
    "pitch_salience": {
        "dmean": 0.0544826872647,
        "dmean2": 0.0822246149182,
        "dvar": 0.00284837838262,
        "dvar2": 0.00582163548097,
        "max": 0.855062007904,
        "mean": 0.513104736805,
        "median": 0.523315250874,
        "min": 0.0917961448431,
        "var": 0.0139925340191
    },
    "silence_rate_20dB": {
        "dmean": 0,
        "dmean2": 0,
        "dvar": 0,
        "dvar2": 0,
        "max": 1,
        "mean": 1,
        "median": 1,
        "min": 1,
        "var": 0
    },
    "silence_rate_30dB": {
        "dmean": 0.0123839005828,
        "dmean2": 0.0247869864106,
        "dvar": 0.0122305937111,
        "dvar2": 0.0272708423436,
        "max": 1,
        "mean": 0.978344917297,
        "median": 1,
        "min": 0,
        "var": 0.0211861710995
    },
    "silence_rate_60dB": {
        "dmean": 0.0216718260199,
        "dmean2": 0.0433772280812,
        "dvar": 0.0212017707527,
        "dvar2": 0.0461424030364,
        "max": 1,
        "mean": 0.213457077742,
        "median": 0,
        "min": 0,
        "var": 0.167892754078
    },
    "spectral_centroid": {
        "dmean": 67.4179840088,
        "dmean2": 93.1082687378,
        "dvar": 87782.96875,
        "dvar2": 89354.703125,
        "max": 10720.6464844,
        "mean": 671.273803711,
        "median": 637.254699707,
        "min": 321.626403809,
        "var": 121943.710938
    },
    "spectral_complexity": {
        "dmean": 1.35139322281,
        "dmean2": 2.23702549934,
        "dvar": 1.57777535915,
        "dvar2": 3.7563726902,
        "max": 20,
        "mean": 9.00077342987,
        "median": 9,
        "min": 0,
        "var": 11.9497385025
    },
    "spectral_decrease": {
        "dmean": 1.33273658776e-09,
        "dmean2": 1.78486203595e-09,
        "dvar": 1.54939961543e-17,
        "dvar2": 3.19213994555e-17,
        "max": -3.1522417986e-18,
        "mean": -4.38729630403e-09,
        "median": -2.63294497316e-09,
        "min": -6.92599684271e-08,
        "var": 4.25713101375e-17
    },
    "spectral_energy": {
        "dmean": 0.00542035652325,
        "dmean2": 0.00724567845464,
        "dvar": 0.000257280626101,
        "dvar2": 0.000529831566382,
        "max": 0.275525867939,
        "mean": 0.0176051799208,
        "median": 0.010545141995,
        "min": 7.0496657123e-11,
        "var": 0.000700013886672
    },
    "spectral_energyband_high": {
        "dmean": 1.36679341267e-06,
        "dmean2": 2.31480362345e-06,
        "dvar": 1.17899830523e-11,
        "dvar2": 2.84720441668e-11,
        "max": 8.95863340702e-05,
        "mean": 5.44841986994e-06,
        "median": 2.61048489847e-06,
        "min": 4.3749639328e-11,
        "var": 5.06632964747e-11
    },
    "spectral_energyband_low": {
        "dmean": 0.00034874927951,
        "dmean2": 0.000566449773032,
        "dvar": 6.04821252637e-07,
        "dvar2": 1.44531782098e-06,
        "max": 0.0181818269193,
        "mean": 0.00146556377877,
        "median": 0.000375570292817,
        "min": 3.49628637673e-12,
        "var": 6.38034680378e-06
    },
    "spectral_energyband_middle_high": {
        "dmean": 0.00284743658267,
        "dmean2": 0.0037559682969,
        "dvar": 9.75908624241e-05,
        "dvar2": 0.000183336625923,
        "max": 0.18163344264,
        "mean": 0.00609660428017,
        "median": 0.00120766297914,
        "min": 7.74214806848e-12,
        "var": 0.000268934410997
    },
    "spectral_energyband_middle_low": {
        "dmean": 0.00300311250612,
        "dmean2": 0.00438746530563,
        "dvar": 0.000124390804558,
        "dvar2": 0.000267634633929,
        "max": 0.270655184984,
        "mean": 0.0103061143309,
        "median": 0.00594304176047,
        "min": 8.50750806608e-12,
        "var": 0.000331685616402
    },
    "spectral_entropy": {
        "dmean": 0.12424467504,
        "dmean2": 0.177984759212,
        "dvar": 0.0225110966712,
        "dvar2": 0.0352160036564,
        "max": 9.80805015564,
        "mean": 6.21876621246,
        "median": 6.25415039062,
        "min": 4.47350597382,
        "var": 0.317284733057
    },
    "spectral_flux": {
        "dmean": 0.0142337633297,
        "dmean2": 0.0230449177325,
        "dvar": 0.00101001467556,
        "dvar2": 0.00235739629716,
        "max": 0.392139047384,
        "mean": 0.0378524847329,
        "median": 0.0295476540923,
        "min": 1.96531018446e-05,
        "var": 0.00144990242552
    },
    "spectral_kurtosis": {
        "dmean": 11.7044286728,
        "dmean2": 20.3595199585,
        "dvar": 197.801956177,
        "dvar2": 592.184326172,
        "max": 175.617736816,
        "mean": 40.7177734375,
        "median": 26.3453369141,
        "min": -1.2127995491,
        "var": 1199.35009766
    },
    "spectral_rms": {
        "dmean": 0.000472381943837,
        "dmean2": 0.000631902890746,
        "dvar": 8.51385721035e-07,
        "dvar2": 1.59645730946e-06,
        "max": 0.0163952950388,
        "mean": 0.00348930410109,
        "median": 0.00320748239756,
        "min": 2.62254133077e-07,
        "var": 5.00054693475e-06
    },
    "spectral_rolloff": {
        "dmean": 115.865737915,
        "dmean2": 180.755004883,
        "dvar": 397278.3125,
        "dvar2": 419006.46875,
        "max": 18453.9550781,
        "mean": 882.077941895,
        "median": 882.861328125,
        "min": 301.46484375,
        "var": 460363.34375
    },
    "spectral_skewness": {
        "dmean": 0.68058013916,
        "dmean2": 1.18501019478,
        "dvar": 0.482922106981,
        "dvar2": 1.49035441875,
        "max": 10.6413879395,
        "mean": 4.50070047379,
        "median": 3.84287524223,
        "min": 0.0087833115831,
        "var": 4.04528045654
    },
    "spectral_spread": {
        "dmean": 262656,
        "dmean2": 415172.0625,
        "dvar": 920777785344,
        "dvar2": 830131732480,
        "max": 41326472,
        "mean": 1981455.5,
        "median": 1836518.5,
        "min": 499562.25,
        "var": 2.05349899469e+12
    },
    "spectral_strongpeak": {
        "dmean": 0.626193284988,
        "dmean2": 0.919329941273,
        "dvar": 1.57887244225,
        "dvar2": 2.96200728416,
        "max": 17.3992767334,
        "mean": 1.83137750626,
        "median": 0.929452598095,
        "min": 0,
        "var": 5.68071842194
    },
    "zerocrossingrate": {
        "dmean": 0.00322862737812,
        "dmean2": 0.00360972597264,
        "dvar": 0.000133286070195,
        "dvar2": 0.000125947088236,
        "max": 0.4794921875,
        "mean": 0.0326045751572,
        "median": 0.03125,
        "min": 0.01220703125,
        "var": 0.000259503780399
    },
    "barkbands": {
        "dmean": [4.18148520112e-05, 0.000248537369771, 9.43545965129e-05, 0.000115162525617, 0.000511420017574, 0.000677771749906, 0.000450699648354, 0.00131549756043, 0.000877930724528, 0.000351216789568, 0.00125560804736, 0.000942964747082, 0.000559343898203, 0.000122691824799, 1.71892061189e-05, 9.94292076939e-06, 6.23804407951e-06, 4.9773552746e-06, 8.54318955135e-07, 1.33912476485e-06, 8.68351605732e-07, 3.37098640557e-07, 2.12384634324e-07, 1.25173031051e-07, 7.27984712512e-08, 2.56378420715e-08, 7.95555763489e-08],
        "dmean2": [6.95596972946e-05, 0.000419125979533, 0.000150613996084, 0.000172325831954, 0.0007401809562, 0.000981003860943, 0.000616052479018, 0.00181373604573, 0.00149123952724, 0.000523386348505, 0.00164675398264, 0.00127511727624, 0.000795539352112, 0.000190153674339, 2.91165197268e-05, 1.47631581058e-05, 1.03449719973e-05, 8.58653766045e-06, 1.46089655573e-06, 2.33773880609e-06, 1.45173873989e-06, 5.74312423396e-07, 3.57726889888e-07, 2.16112169937e-07, 1.28685087475e-07, 4.34649898295e-08, 1.40624720757e-07],
        "dvar": [2.39149766657e-08, 3.75799885433e-07, 4.38204814657e-08, 9.58613171065e-08, 1.39021904033e-06, 2.63598485617e-06, 6.90888555255e-07, 5.8672248997e-05, 5.21147121617e-05, 2.35648985836e-06, 4.97487671964e-05, 4.13101697632e-05, 9.32723924052e-06, 2.98977653301e-07, 1.0111008697e-09, 1.15617870833e-09, 3.17217502266e-10, 1.4545820104e-10, 3.5219099772e-12, 6.46061546275e-12, 7.2731894292e-12, 5.47781221424e-13, 1.29573204922e-13, 7.58151950508e-14, 1.93661462599e-14, 6.89850949056e-16, 3.56465133764e-15],
        "dvar2": [6.36430357304e-08, 9.72469706539e-07, 1.00500045619e-07, 1.79833307357e-07, 2.70268469649e-06, 3.75506124328e-06, 1.41497582717e-06, 8.73087556101e-05, 0.000149297324242, 3.86726378565e-06, 9.35744756134e-05, 8.67713461048e-05, 1.4528029169e-05, 6.39210327336e-07, 2.7369386757e-09, 1.4489742739e-09, 5.70257674415e-10, 4.15718598434e-10, 8.86446818726e-12, 1.96423658588e-11, 1.88535194401e-11, 1.27140203747e-12, 3.66153776136e-13, 2.22450015222e-13, 6.10993189636e-14, 1.93718150279e-15, 1.09108753391e-14],
        "max": [0.00334498938173, 0.0126413628459, 0.00550727592781, 0.0101612117141, 0.0438955761492, 0.0505506508052, 0.0179768130183, 0.259197056293, 0.171037122607, 0.0357058532536, 0.162903741002, 0.149234220386, 0.0533934794366, 0.0181131698191, 0.000423904159106, 0.00127596757375, 0.000409296015278, 0.000132563276566, 3.83974402212e-05, 3.0772494938e-05, 6.35052783764e-05, 1.68924871105e-05, 5.36616971658e-06, 3.62751507055e-06, 2.34340495808e-06, 5.79993354677e-07, 5.42571171991e-07],
        "mean": [0.000111051369458, 0.000895986333489, 0.000219016787014, 0.000329972594045, 0.00174282561056, 0.00195724610239, 0.00124988669995, 0.00350234378129, 0.00143702072091, 0.00072616583202, 0.00283316615969, 0.00160576810595, 0.00074594427133, 0.000174367218278, 2.84126708721e-05, 1.75692894118e-05, 1.13906935439e-05, 7.86979308032e-06, 2.03186687031e-06, 2.67146333499e-06, 2.08545998248e-06, 8.95545952062e-07, 6.69297548939e-07, 3.24958648434e-07, 2.46623017119e-07, 9.88661312817e-08, 2.23220624207e-07],
        "median": [8.70572694112e-06, 0.000226775024203, 4.98664012412e-05, 3.76626885554e-05, 0.000683117192239, 0.000704245932866, 0.000658524339087, 0.000505999312736, 0.000347476656316, 8.10131750768e-05, 0.000237938933424, 5.74159093958e-05, 6.25144602964e-05, 3.20164108416e-05, 1.39816629598e-05, 6.84722954247e-06, 5.26559233549e-06, 2.76927698906e-06, 1.06309335024e-06, 9.67245227912e-07, 7.36588162908e-07, 3.93912415575e-07, 2.76102468888e-07, 1.67463610978e-07, 1.29257401227e-07, 8.02010475809e-08, 2.218169044e-07],
        "min": [3.81934588123e-12, 1.97388091115e-12, 4.49461770428e-14, 3.19224898251e-13, 8.70217526511e-13, 1.66038634664e-12, 1.62679114971e-12, 1.43360128456e-12, 2.40553367156e-12, 1.20866229351e-12, 6.71641182341e-13, 1.04321455988e-12, 8.85875682706e-13, 9.70507528508e-13, 4.07549265603e-13, 4.82876596781e-13, 5.8502887864e-13, 5.62555590219e-13, 7.12949827213e-13, 8.25847474174e-13, 2.16962580714e-12, 3.89790717065e-12, 5.31180828489e-12, 3.31166149191e-12, 5.38443291689e-12, 1.04956798461e-11, 1.51478204979e-11],
        "var": [1.17731119076e-07, 2.90115053758e-06, 1.80078131962e-07, 7.0070603897e-07, 9.91842807707e-06, 1.69022096088e-05, 3.09119081976e-06, 0.000233047132497, 4.01003635488e-05, 7.78976664151e-06, 0.000156292051543, 7.87827157183e-05, 1.57769209181e-05, 6.05383263519e-07, 1.75961811788e-09, 2.96458879667e-09, 8.1059847723e-10, 2.32447311399e-10, 1.14296514961e-11, 1.54887665194e-11, 1.84989228796e-11, 1.77150687782e-12, 6.82058196814e-13, 1.52468708774e-13, 8.30491477997e-14, 5.28706784841e-15, 6.76665060112e-15]
    },
    "erbbands": {
        "dmean": [0.0112694129348, 0.0451336279511, 0.084564447403, 0.289256989956, 0.515934348106, 2.0847992897, 5.67086982727, 4.7577791214, 4.43527460098, 14.0811014175, 31.8484115601, 20.2439746857, 9.08940124512, 23.9707221985, 48.5188064575, 39.636631012, 31.1757144928, 8.42719650269, 0.806703805923, 1.23979008198, 0.46130284667, 0.248185709119, 0.261059373617, 0.120099268854, 0.0466089881957, 0.0841612294316, 0.0463218614459, 0.0191679261625, 0.0119960717857, 0.00786549597979, 0.00450526736677, 0.00398906040937, 0.00151370640378, 0.0011769477278, 0.000445738987764, 8.16247047624e-05, 5.59111686016e-05, 0.000123275327496, 5.41490362593e-06, 6.31715329291e-06],
        "dmean2": [0.0187003929168, 0.0744972899556, 0.135632961988, 0.432845830917, 0.757503569126, 3.01003909111, 6.85868597031, 7.66122436523, 6.91376161575, 18.3299674988, 47.4260177612, 34.7919616699, 12.8873195648, 34.3713302612, 63.3981781006, 51.3934135437, 43.725769043, 13.2820234299, 1.26653683186, 2.09732747078, 0.648218333721, 0.397755652666, 0.446384131908, 0.207599073648, 0.0805977061391, 0.146433711052, 0.0773111656308, 0.0330181568861, 0.0203751157969, 0.0135336369276, 0.00749997235835, 0.00679015088826, 0.00259018107317, 0.00205991137773, 0.000788403500337, 0.000137071067002, 9.39043675316e-05, 0.000217036140384, 8.5913861767e-06, 8.42336066853e-06],
        "dvar": [0.000780644884799, 0.0121052684262, 0.0316330082715, 0.712935566902, 0.916158080101, 12.4858455658, 450.68145752, 67.8060150146, 85.4508285522, 2161.98486328, 28082.2421875, 32136.3183594, 1132.51452637, 9034.11328125, 60860.6484375, 65657.7734375, 27038.4863281, 1116.46044922, 4.00282430649, 6.97995328903, 4.93605804443, 0.422175437212, 0.429998546839, 0.0789747536182, 0.00903658661991, 0.0271160881966, 0.0162250231951, 0.00291454303078, 0.000603669323027, 0.000255571882008, 6.22466250206e-05, 5.90285344515e-05, 9.76723185886e-06, 7.7558652265e-06, 1.0899643712e-06, 8.63575877474e-09, 2.93063617818e-09, 8.70427108168e-09, 6.84343900992e-11, 3.50614287603e-10],
        "dvar2": [0.00198288680986, 0.032720759511, 0.0692651569843, 1.34743177891, 1.95222902298, 28.0980701447, 503.076690674, 150.734970093, 203.169128418, 2746.42285156, 50591.7617188, 92280.875, 2245.52539062, 16664.4746094, 117543.929688, 124448.992188, 42497.59375, 2600.8125, 8.94592857361, 18.5723075867, 5.63609790802, 0.760924696922, 0.98124563694, 0.221502661705, 0.0249380767345, 0.0825641974807, 0.0411536768079, 0.00758460070938, 0.00149268680252, 0.000627867528237, 0.000167304853676, 0.000170451399754, 2.75713227893e-05, 2.39854871324e-05, 3.55815541297e-06, 2.47729481373e-08, 8.29358715038e-09, 2.68250559543e-08, 1.46176112881e-10, 7.21107618062e-10],
        "max": [0.505817532539, 2.24496841431, 4.01368379593, 29.4876270294, 17.784822464, 99.1153564453, 809.812927246, 120.977348328, 234.253112793, 1561.32702637, 5192.93408203, 4361.48974609, 939.829406738, 1639.48498535, 5319.71533203, 7694.51757812, 2863.13793945, 1006.92706299, 43.2306175232, 36.742603302, 87.5258102417, 15.062582016, 15.8591127396, 3.86784410477, 2.05366420746, 1.98075222969, 2.68233537674, 1.50794768333, 0.442168593407, 0.356772094965, 0.163161188364, 0.091799326241, 0.0355160310864, 0.0483951345086, 0.0195403192192, 0.00219277525321, 0.00104538782034, 0.00101471750531, 0.000145543672261, 0.000312625954393],
        "mean": [0.039256632328, 0.14871032536, 0.211972460151, 0.940103888512, 1.49850094318, 6.6894698143, 18.3207263947, 11.9211654663, 11.4861555099, 39.6116638184, 77.4826049805, 31.2236042023, 24.7717189789, 54.4282188416, 108.776077271, 71.60887146, 43.5719070435, 12.276881218, 1.61933946609, 1.99532055855, 0.864216148853, 0.502922236919, 0.45719113946, 0.226908579469, 0.116331659257, 0.166241109371, 0.10174524039, 0.0490542985499, 0.0330275371671, 0.0230421647429, 0.0160554982722, 0.0108626736328, 0.00415840419009, 0.00347389071248, 0.00151956337504, 0.000372564973077, 0.000217447333853, 0.000390039611375, 2.0141749701e-05, 2.0421906811e-05],
        "median": [0.00871008634567, 0.037261903286, 0.0659554153681, 0.13044783473, 0.499325037003, 2.95806765556, 3.68271303177, 5.69124221802, 5.27018642426, 15.9760303497, 10.1887969971, 8.49865531921, 7.45061302185, 8.02303504944, 13.4329090118, 4.96613168716, 4.03946208954, 2.41937947273, 0.823878824711, 0.6998244524, 0.389705717564, 0.272684216499, 0.204635024071, 0.0955114066601, 0.0594932548702, 0.0598227269948, 0.033644516021, 0.0223741047084, 0.015603355132, 0.0111369332299, 0.00698611326516, 0.00495065981522, 0.00210618134588, 0.00166973960586, 0.000706657534465, 0.000294647266855, 0.000182877818588, 0.000388435233617, 1.76132925844e-05, 1.2193360817e-05],
        "min": [9.01668462117e-11, 3.47833706282e-10, 1.29364602364e-10, 5.41456934844e-10, 1.05012842866e-09, 2.91230661809e-09, 9.38074506962e-09, 1.76095120707e-08, 1.64393991753e-08, 2.53283491958e-08, 4.39988916412e-08, 5.10790627573e-08, 3.48494531011e-08, 4.67781333668e-08, 2.54196290683e-08, 4.36258709158e-08, 4.26962287747e-08, 4.86264646327e-08, 3.21863922181e-08, 2.38834161337e-08, 3.05719929372e-08, 2.98335187665e-08, 3.37585603916e-08, 3.16099075803e-08, 3.67883536967e-08, 3.93763635032e-08, 8.31246609323e-08, 9.24419012449e-08, 1.36534580975e-07, 1.53434001504e-07, 1.45277283536e-07, 8.48612629056e-08, 4.98884382694e-08, 4.01665936067e-08, 5.25257490835e-08, 4.97138259448e-08, 1.70784915099e-08, 4.00263333589e-09, 2.00147809437e-09, 2.66912131286e-10],
        "var": [0.00700419349596, 0.0704653784633, 0.139284804463, 5.39818572998, 5.8515663147, 99.8506774902, 3305.06103516, 286.580932617, 287.139343262, 9843.45898438, 93390.1875, 21913.3828125, 4976.03759766, 28405.0527344, 177630.984375, 143055.859375, 45946.3867188, 2188.0090332, 10.7923221588, 12.8429861069, 12.1108093262, 1.08798670769, 0.891474187374, 0.145737797022, 0.0268369726837, 0.0634884908795, 0.0470510683954, 0.0061227180995, 0.0020448283758, 0.00100879883394, 0.000421801552875, 0.000166607525898, 2.25191561185e-05, 2.56216226262e-05, 5.06024844071e-06, 8.20358181386e-08, 1.95020888327e-08, 2.11498480951e-08, 2.13905407276e-10, 9.4511776183e-10]
    },
    "gfcc": {
        "mean": [-138.082550049, 162.874099731, -111.826133728, -33.7320022583, -56.7033500671, -1.34329426289, -21.831407547, -5.12367868423, -15.1246500015, 0.552597939968, -3.1427795887, 5.20721530914, -5.69180107117],
        "cov": [[5881.14648438, 700.238586426, -474.327697754, 236.140884399, 128.670700073, 180.077468872, 197.462554932, 15.4253063202, 52.3658103943, -85.8855361938, 80.6521530151, -170.612762451, -88.0214691162], [700.238586426, 1140.25939941, 470.515777588, -399.714141846, 206.02355957, 21.2571239471, 151.036209106, -97.8513717651, 17.9302883148, -155.700759888, 50.0806999207, -36.4872550964, 41.3333587646], [-474.327697754, 470.515777588, 601.234985352, -1.70319533348, 44.3976287842, -58.8341369629, -7.09181499481, -35.1447715759, 23.0325107574, -30.1600074768, -9.28038883209, 10.8212108612, 35.46875], [236.140884399, -399.714141846, -1.70319533348, 684.634155273, -62.5263938904, -0.320696860552, -142.907730103, 16.2442169189, -12.4554767609, 96.3205032349, -17.3711395264, -24.5808162689, -36.6876525879], [128.670700073, 206.02355957, 44.3976287842, -62.5263938904, 140.664321899, 71.6792068481, 51.0449638367, -26.370092392, -11.568693161, -33.45287323, 25.7958621979, 2.62036633492, 2.4369931221], [180.077468872, 21.2571239471, -58.8341369629, -0.320696860552, 71.6792068481, 153.938476562, 90.2912902832, -1.03363466263, -27.4043445587, -10.3070058823, 31.648897171, -7.84287786484, -12.082865715], [197.462554932, 151.036209106, -7.09181499481, -142.907730103, 51.0449638367, 90.2912902832, 183.103225708, 71.0891342163, 26.2750968933, -29.0715370178, 18.9433574677, -3.0938642025, 4.70775938034], [15.4253063202, -97.8513717651, -35.1447715759, 16.2442169189, -26.370092392, -1.03363466263, 71.0891342163, 147.375610352, 87.8852157593, 35.8192405701, -30.4467544556, -13.4701681137, -3.57171678543], [52.3658103943, 17.9302883148, 23.0325107574, -12.4554767609, -11.568693161, -27.4043445587, 26.2750968933, 87.8852157593, 124.038757324, 67.9949264526, -11.0165929794, -34.3299102783, -20.5274562836], [-85.8855361938, -155.700759888, -30.1600074768, 96.3205032349, -33.45287323, -10.3070058823, -29.0715370178, 35.8192405701, 67.9949264526, 131.073410034, 26.4544639587, -12.3509235382, -32.029083252], [80.6521530151, 50.0806999207, -9.28038883209, -17.3711395264, 25.7958621979, 31.648897171, 18.9433574677, -30.4467544556, -11.0165929794, 26.4544639587, 83.3478546143, 23.8273792267, -8.21396064758], [-170.612762451, -36.4872550964, 10.8212108612, -24.5808162689, 2.62036633492, -7.84287786484, -3.0938642025, -13.4701681137, -34.3299102783, -12.3509235382, 23.8273792267, 111.819030762, 65.7102966309], [-88.0214691162, 41.3333587646, 35.46875, -36.6876525879, 2.4369931221, -12.082865715, 4.70775938034, -3.57171678543, -20.5274562836, -32.029083252, -8.21396064758, 65.7102966309, 88.6974563599]],
        "icov": [[0.000412016961491, -0.00111663877033, 0.00111057062168, -0.000736266258173, 0.000648178625852, -0.000240912500885, -4.25042198913e-05, -0.00018545515195, -0.000202892842935, 5.88464063185e-05, 0.000183364070836, -0.000396160408854, 0.000409520289395], [-0.00111663877033, 0.0079309893772, -0.00563007267192, 0.00278999959119, -0.00527015700936, 0.00296659441665, -0.003420954803, 0.00544275669381, -0.00445437151939, 0.00467871874571, -0.00457994127646, 0.00564262224361, -0.00439470075071], [0.00111057062168, -0.00563007267192, 0.00654451781884, -0.00297907413915, 0.00266325310804, -0.000203628573217, 0.000375541858375, -0.00108053092845, 0.000360059901141, -0.00186000566464, 0.00305540137924, -0.00358569249511, 0.00206314143725], [-0.000736266258173, 0.00278999959119, -0.00297907413915, 0.00407128175721, -0.00141593604349, -0.00124288559891, 0.00308439694345, -0.00208543404005, 0.00216844584793, -0.00101754651405, -0.0011393855093, 0.00222350819968, -0.00115198711865], [0.000648178625852, -0.00527015700936, 0.00266325310804, -0.00141593604349, 0.0160428248346, -0.00876733101904, 0.00293494551443, -0.000434812653111, -0.00240317219868, 0.00137959222775, 0.00113999983296, -0.00514753209427, 0.00350114167668], [-0.000240912500885, 0.00296659441665, -0.000203628573217, -0.00124288559891, -0.00876733101904, 0.0188943389803, -0.0125748515129, 0.00460460269824, 0.00459865666926, -0.00260560703464, -0.00187206710689, 0.00476148538291, -0.00196402077563], [-4.25042198913e-05, -0.003420954803, 0.000375541858375, 0.00308439694345, 0.00293494551443, -0.0125748515129, 0.0230340976268, -0.0168399419636, 0.00330549362116, 0.00259579904377, -0.0046269800514, -0.00131956965197, 0.00123471731786], [-0.00018545515195, 0.00544275669381, -0.00108053092845, -0.00208543404005, -0.000434812653111, 0.00460460269824, -0.0168399419636, 0.0306172929704, -0.0205834284425, 0.00469230860472, 0.00562194921076, -0.00102804182097, -0.00217197439633], [-0.000202892842935, -0.00445437151939, 0.000360059901141, 0.00216844584793, -0.00240317219868, 0.00459865666926, 0.00330549362116, -0.0205834284425, 0.0361379235983, -0.0198025349528, 0.00398938637227, 0.00431510899216, 0.000700871401932], [5.88464063185e-05, 0.00467871874571, -0.00186000566464, -0.00101754651405, 0.00137959222775, -0.00260560703464, 0.00259579904377, 0.00469230860472, -0.0198025349528, 0.0261089168489, -0.0127492919564, 0.00109855178744, 0.000709917861968], [0.000183364070836, -0.00457994127646, 0.00305540137924, -0.0011393855093, 0.00113999983296, -0.00187206710689, -0.0046269800514, 0.00562194921076, 0.00398938637227, -0.0127492919564, 0.0272205173969, -0.012657770887, 0.00902634952217], [-0.000396160408854, 0.00564262224361, -0.00358569249511, 0.00222350819968, -0.00514753209427, 0.00476148538291, -0.00131956965197, -0.00102804182097, 0.00431510899216, 0.00109855178744, -0.012657770887, 0.0269797928631, -0.0196148063987], [0.000409520289395, -0.00439470075071, 0.00206314143725, -0.00115198711865, 0.00350114167668, -0.00196402077563, 0.00123471731786, -0.00217197439633, 0.000700871401932, 0.000709917861968, 0.00902634952217, -0.0196148063987, 0.0276961922646]]
    },
    "melbands": {
        "dmean": [8.20265704533e-05, 4.44339893875e-05, 4.83114781673e-05, 8.41663495521e-05, 0.000169411199749, 0.000109843851533, 7.35396242817e-05, 0.000190756574739, 0.000248864496825, 0.000117764568131, 4.28876228398e-05, 8.75953992363e-05, 0.000198227426154, 0.000116832983622, 7.29354869691e-05, 4.73381478514e-05, 1.25626711451e-05, 1.06250456611e-06, 1.14384238259e-06, 1.23632253235e-06, 5.7124259456e-07, 2.35945762483e-07, 3.32408518489e-07, 3.45881915109e-07, 7.04987641598e-08, 3.93018808609e-08, 4.21357526648e-08, 5.42910960633e-08, 3.77348570169e-08, 1.66475402352e-08, 9.54837098277e-09, 6.66725696874e-09, 8.83171225041e-09, 5.20677456706e-09, 2.38996133994e-09, 3.68028429953e-09, 2.71262967644e-09, 1.46154466307e-09, 7.41367689461e-10, 1.02623132214e-09],
        "dmean2": [0.000138254559715, 7.21013930161e-05, 7.24400379113e-05, 0.000124046055134, 0.000208231198485, 0.000173268839717, 0.000112570574856, 0.000242167778197, 0.000384624116123, 0.000200302005396, 5.90222080064e-05, 0.000127796723973, 0.000255429098615, 0.000162583339261, 9.39503006521e-05, 6.89263106324e-05, 2.03534218599e-05, 1.68192184447e-06, 1.92235233953e-06, 2.07200309887e-06, 7.85838210504e-07, 3.78490199182e-07, 5.62757861644e-07, 6.07267793384e-07, 1.20223702993e-07, 6.76961917634e-08, 7.32054914465e-08, 9.34592705448e-08, 6.36069898974e-08, 2.84311152399e-08, 1.64400635327e-08, 1.13628084719e-08, 1.5458452296e-08, 9.09076014466e-09, 4.05507316614e-09, 6.10721739847e-09, 4.70470462588e-09, 2.49803400187e-09, 1.27373345205e-09, 1.78471060153e-09],
        "dvar": [4.04535498433e-08, 9.435171755e-09, 1.51212873334e-08, 1.74136403075e-08, 3.47788841282e-07, 3.94308088403e-08, 2.10024904135e-08, 8.21953506147e-07, 1.64461164331e-06, 9.86480586107e-07, 2.55127883264e-08, 1.176349258e-07, 1.18581408515e-06, 6.5802402105e-07, 1.32860805024e-07, 5.59651383014e-08, 3.17348280987e-09, 7.58666914014e-12, 4.85902464098e-12, 6.81046625345e-12, 8.89110139679e-12, 4.11856746624e-13, 1.65992003129e-12, 7.72471713331e-13, 2.34333748559e-14, 8.58272142728e-15, 5.26171488175e-15, 1.15873361795e-14, 9.86957792646e-15, 1.08049911385e-14, 2.49226686296e-16, 2.10722514042e-16, 4.1178003805e-16, 1.10723769671e-16, 1.50404033936e-17, 5.65851426863e-17, 4.19452535278e-17, 1.16143048417e-17, 2.43105714372e-18, 5.32083639512e-18],
        "dvar2": [1.04004620027e-07, 2.24112888247e-08, 2.92613702157e-08, 4.09828757597e-08, 4.04755382988e-07, 8.08197953006e-08, 4.96997607513e-08, 1.05528806671e-06, 3.44799241248e-06, 2.82006453745e-06, 4.83642708105e-08, 2.11109295378e-07, 2.24006339522e-06, 1.45263061313e-06, 2.2200627825e-07, 9.07377994963e-08, 7.54448592488e-09, 1.30607399895e-11, 1.29216750147e-11, 1.76219993459e-11, 1.0182877111e-11, 7.0063648893e-13, 2.90319873177e-12, 2.28897261388e-12, 6.16594110297e-14, 2.15679609724e-14, 1.58344322219e-14, 3.5531507478e-14, 2.45225237008e-14, 2.83817616625e-14, 6.76301545334e-16, 4.58108981556e-16, 1.17249678103e-15, 3.05154789495e-16, 4.26311550004e-17, 1.48458538223e-16, 1.22225041109e-16, 3.27096330961e-17, 7.5984902059e-18, 1.6360902943e-17],
        "max": [0.00402586720884, 0.00232783984393, 0.00402619689703, 0.00270049856044, 0.0228677261621, 0.00395621126518, 0.00364279421046, 0.0317561253905, 0.0341659151018, 0.0239637866616, 0.00473588798195, 0.00614884682, 0.0250602792948, 0.0212404597551, 0.00942144822329, 0.00401019444689, 0.00174752133898, 8.58408529893e-05, 3.07291047648e-05, 3.80378805858e-05, 0.00011644805636, 1.96431137738e-05, 4.14754067606e-05, 9.98985888145e-06, 2.6919069569e-06, 1.6466345869e-06, 8.06515004115e-07, 1.26966267544e-06, 2.44057355303e-06, 3.24861002809e-06, 2.09660697692e-07, 3.39528440918e-07, 2.78789883623e-07, 1.62933901038e-07, 7.24718702827e-08, 1.37720576276e-07, 7.70526824567e-08, 3.80704143765e-08, 3.03119875866e-08, 3.77343241098e-08],
        "mean": [0.000298010651022, 0.000138206523843, 0.000154127832502, 0.000254410842899, 0.000570175994653, 0.000284864509013, 0.000195479471586, 0.000533512386028, 0.000559924170375, 0.000186720935744, 0.000118206109619, 0.000194282634766, 0.000449555373052, 0.000198056994122, 0.00011697064474, 6.49334615446e-05, 1.7761502022e-05, 2.01269017452e-06, 1.95350071408e-06, 1.96719975065e-06, 9.46103284605e-07, 4.75853852322e-07, 5.01626686855e-07, 4.99588452385e-07, 1.35459842454e-07, 8.74864198863e-08, 9.13117403911e-08, 9.91631452507e-08, 7.2765480752e-08, 3.53018059229e-08, 2.42024889019e-08, 1.75918621892e-08, 1.84239130618e-08, 1.20936274328e-08, 7.97638133321e-09, 1.03376525118e-08, 5.60463098154e-09, 3.12510373135e-09, 2.2447121939e-09, 2.81615664122e-09],
        "median": [7.15017522452e-05, 4.29395113315e-05, 3.10904324579e-05, 0.000115611546789, 0.000145819445606, 0.00012688167044, 9.88642786979e-05, 0.000162485433975, 7.11042375769e-05, 4.81669412693e-05, 3.22837004205e-05, 2.31021767831e-05, 4.3101645133e-05, 9.33037517825e-06, 8.04606224847e-06, 6.7393630161e-06, 3.2058655961e-06, 8.67318647124e-07, 8.86577538495e-07, 6.90178126206e-07, 3.41442756735e-07, 2.35492422007e-07, 1.620547323e-07, 1.41792511954e-07, 6.0643273514e-08, 3.87635559207e-08, 3.85154272919e-08, 3.27129257016e-08, 1.91530293847e-08, 1.36550415419e-08, 1.02783577205e-08, 8.33211544204e-09, 6.1770055737e-09, 4.81483075632e-09, 3.63999652642e-09, 4.11625578067e-09, 2.56466425874e-09, 1.43423939392e-09, 1.22942800385e-09, 1.31969779549e-09],
        "min": [8.63063743736e-13, 2.00496235825e-13, 1.09225291572e-13, 1.2843307147e-13, 2.98296950292e-13, 3.7193994629e-13, 2.72261786683e-13, 2.93168592701e-13, 3.61289150723e-13, 3.30831580663e-13, 1.61071961433e-13, 1.92347372296e-13, 9.15731452797e-14, 9.76811269674e-14, 1.21712671408e-13, 7.84668960667e-14, 9.49651463153e-14, 5.7450511091e-14, 3.55186969517e-14, 2.73385101449e-14, 4.06716862608e-14, 3.30905347069e-14, 2.88512330617e-14, 2.5666929587e-14, 2.54047932187e-14, 2.76770234742e-14, 2.52247580598e-14, 2.3245292884e-14, 5.39228086011e-14, 4.38985226479e-14, 5.79728796977e-14, 7.75807708548e-14, 7.53426794152e-14, 9.44922579852e-14, 8.49330100607e-14, 6.67335788409e-14, 5.0138580489e-14, 3.52687273646e-14, 2.79527530273e-14, 3.56514066858e-14],
        "var": [3.46256797457e-07, 4.96607235334e-08, 1.12633486538e-07, 1.28945146116e-07, 2.57752412836e-06, 1.89705701814e-07, 7.46496553461e-08, 3.60411536349e-06, 4.36674781668e-06, 7.27481619833e-07, 1.23901727989e-07, 3.7634902128e-07, 3.66992230738e-06, 1.16534522476e-06, 2.8399091434e-07, 9.42735098874e-08, 6.14856832115e-09, 2.99201462217e-11, 9.20589125764e-12, 1.33595964152e-11, 2.18103885646e-11, 1.18569693994e-12, 4.02474061023e-12, 1.13576780359e-12, 4.8920550499e-14, 2.56789405142e-14, 1.45230981646e-14, 2.54692744488e-14, 3.07533912344e-14, 1.33952297496e-14, 9.68082319867e-16, 5.67461146804e-16, 1.03296356132e-15, 3.04408738757e-16, 8.39715972253e-17, 2.81273066124e-16, 6.6799777695e-17, 1.85004022886e-17, 8.4865058166e-18, 1.77034518188e-17]
    },
    "mfcc": {
        "mean": [-792.11126709, 212.728759766, -3.23512649536, -13.6231031418, -17.3745994568, -3.62514424324, -3.77164363861, -1.57120037079, -6.5286989212, -3.44326114655, -1.70338201523, 3.86429214478, 2.30131101608],
        "cov": [[3647.2097168, 690.246032715, -484.030090332, 165.474700928, -24.2120780945, 205.216064453, 119.112594604, 134.652084351, -33.8327407837, 63.1566352844, 62.3127670288, 165.474838257, 27.5669746399], [690.246032715, 1688.49169922, 238.943649292, -355.475799561, 24.5849742889, -7.93219852448, 135.999984741, 102.864852905, 30.1749343872, -20.3717823029, -31.624835968, -31.9060535431, -26.3754348755], [-484.030090332, 238.943649292, 433.708557129, 108.548156738, 89.1500854492, -11.1355113983, -17.7036190033, -32.889591217, 4.94458770752, 25.0012226105, -9.04238033295, -50.7337265015, -54.1918830872], [165.474700928, -355.475799561, 108.548156738, 369.496398926, 91.6783294678, 34.2780303955, -69.510383606, -55.562789917, -23.890745163, 34.6265945435, 19.4749908447, 7.46914815903, -27.8844127655], [-24.2120780945, 24.5849742889, 89.1500854492, 91.6783294678, 129.024917603, 45.8866462708, -9.44161319733, -29.9809684753, -25.2740421295, -10.2473373413, 2.31166028976, -18.053445816, -17.8646335602], [205.216064453, -7.93219852448, -11.1355113983, 34.2780303955, 45.8866462708, 127.128677368, 70.8236312866, 10.5940380096, -40.3005180359, -15.3718223572, 4.69979667664, 29.738073349, -7.87725782394], [119.112594604, 135.999984741, -17.7036190033, -69.510383606, -9.44161319733, 70.8236312866, 143.555831909, 80.4220657349, -9.88393688202, -23.8013515472, -9.65058612823, 30.0180339813, 12.4981460571], [134.652084351, 102.864852905, -32.889591217, -55.562789917, -29.9809684753, 10.5940380096, 80.4220657349, 121.560348511, 58.2949333191, 0.875120818615, -16.9799594879, 6.75598239899, 21.6878032684], [-33.8327407837, 30.1749343872, 4.94458770752, -23.890745163, -25.2740421295, -40.3005180359, -9.88393688202, 58.2949333191, 124.290718079, 67.1111221313, 7.50139522552, -18.965763092, 16.5134391785], [63.1566352844, -20.3717823029, 25.0012226105, 34.6265945435, -10.2473373413, -15.3718223572, -23.8013515472, 0.875120818615, 67.1111221313, 133.751602173, 77.110786438, 12.3311691284, -22.8690013885], [62.3127670288, -31.624835968, -9.04238033295, 19.4749908447, 2.31166028976, 4.69979667664, -9.65058612823, -16.9799594879, 7.50139522552, 77.110786438, 138.5546875, 65.3254776001, -6.73700666428], [165.474838257, -31.9060535431, -50.7337265015, 7.46914815903, -18.053445816, 29.738073349, 30.0180339813, 6.75598239899, -18.965763092, 12.3311691284, 65.3254776001, 116.71660614, 36.4655151367], [27.5669746399, -26.3754348755, -54.1918830872, -27.8844127655, -17.8646335602, -7.87725782394, 12.4981460571, 21.6878032684, 16.5134391785, -22.8690013885, -6.73700666428, 36.4655151367, 103.480430603]],
