{
"lowlevel": {
    "average_loudness": 0.930865049362,
    "barkbands_crest": {
        "dmean": 2.44693160057,
        "dmean2": 3.90297102928,
        "dvar": 5.221367836,
        "dvar2": 12.5924854279,
        "max": 24.3601455688,
        "mean": 12.9186973572,
        "median": 12.476644516,
        "min": 3.68709540367,
        "var": 18.3578624725
    },
    "barkbands_flatness_db": {
        "dmean": 0.0274575538933,
        "dmean2": 0.0396617278457,
        "dvar": 0.000667518936098,
        "dvar2": 0.00131710025016,
        "max": 0.432733923197,
        "mean": 0.214361101389,
        "median": 0.20820902288,
        "min": 0.046668831259,
        "var": 0.00364405964501
    },
    "barkbands_kurtosis": {
        "dmean": 7.03863286972,
        "dmean2": 10.9678993225,
        "dvar": 94.2355117798,
        "dvar2": 218.389907837,
        "max": 120.165687561,
        "mean": 15.060965538,
        "median": 10.6820459366,
        "min": -1.9457552433,
        "var": 281.080566406
    },
    "barkbands_skewness": {
        "dmean": 0.747686207294,
        "dmean2": 1.13704240322,
        "dvar": 0.569598853588,
        "dvar2": 1.1993086338,
        "max": 8.76735973358,
        "mean": 2.77369165421,
        "median": 2.70063209534,
        "min": -2.08791518211,
        "var": 2.56678390503
    },
    "barkbands_spread": {
        "dmean": 4.73877191544,
        "dmean2": 7.01538038254,
        "dvar": 64.394203186,
        "dvar2": 126.702308655,
        "max": 105.879135132,
        "mean": 13.0286865234,
        "median": 8.01354789734,
        "min": 0.591924905777,
        "var": 195.046951294
    },
    "dissonance": {
        "dmean": 0.0236612837762,
        "dmean2": 0.0396003499627,
        "dvar": 0.000561138323974,
        "dvar2": 0.00150282424875,
        "max": 0.499633580446,
        "mean": 0.447021096945,
        "median": 0.454598665237,
        "min": 0.209687277675,
        "var": 0.00121222250164
    },
    "dynamic_complexity": 3.03447818756,
    "erbbands_crest": {
        "dmean": 2.67070531845,
        "dmean2": 4.33812904358,
        "dvar": 6.51226758957,
        "dvar2": 15.5142841339,
        "max": 28.3421440125,
        "mean": 9.74009037018,
        "median": 8.69488716125,
        "min": 2.52751040459,
        "var": 17.6308612823
    },
    "erbbands_flatness_db": {
        "dmean": 0.0211094785482,
        "dmean2": 0.0311273168772,
        "dvar": 0.000418121548137,
        "dvar2": 0.000863542954903,
        "max": 0.331817626953,
        "mean": 0.165229856968,
        "median": 0.162521407008,
        "min": 0.0371653661132,
        "var": 0.00156252260786
    },
    "erbbands_kurtosis": {
        "dmean": 1.48539042473,
        "dmean2": 2.3649559021,
        "dvar": 4.51235103607,
        "dvar2": 10.4984359741,
        "max": 35.4034996033,
        "mean": 1.44956624508,
        "median": 0.558166265488,
        "min": -1.88888704777,
        "var": 9.70777702332
    },
    "erbbands_skewness": {
        "dmean": 0.477993935347,
        "dmean2": 0.711096644402,
        "dvar": 0.234574899077,
        "dvar2": 0.470958828926,
        "max": 5.15348529816,
        "mean": 0.759839057922,
        "median": 0.820200145245,
        "min": -3.79204392433,
        "var": 0.993233919144
    },
    "erbbands_spread": {
        "dmean": 11.1104545593,
        "dmean2": 16.7710227966,
        "dvar": 186.670684814,
        "dvar2": 404.495117188,
        "max": 152.561187744,
        "mean": 40.6463432312,
        "median": 36.0259208679,
        "min": 3.77830767632,
        "var": 504.509887695
    },
    "hfc": {
        "dmean": 4.86770820618,
        "dmean2": 6.4125623703,
        "dvar": 76.3430023193,
        "dvar2": 125.35093689,
        "max": 143.818496704,
        "mean": 14.1477327347,
        "median": 7.91573810577,
        "min": 1.15574111937e-16,
        "var": 286.0546875
    },
    "melbands_crest": {
        "dmean": 2.94022631645,
        "dmean2": 4.73047208786,
        "dvar": 7.46204900742,
        "dvar2": 17.8068084717,
        "max": 30.8020095825,
        "mean": 17.445098877,
        "median": 16.9313488007,
        "min": 1.89470005035,
        "var": 30.8585662842
    },
    "melbands_flatness_db": {
        "dmean": 0.0339350700378,
        "dmean2": 0.0466956235468,
        "dvar": 0.00103194138501,
        "dvar2": 0.00186194444541,
        "max": 0.556287944317,
        "mean": 0.290562897921,
        "median": 0.28878185153,
        "min": 0.00712013663724,
        "var": 0.00662926444784
    },
    "melbands_kurtosis": {
        "dmean": 15.1926488876,
        "dmean2": 23.8819847107,
        "dvar": 448.070556641,
        "dvar2": 1039.15270996,
        "max": 306.78717041,
        "mean": 33.8544921875,
        "median": 23.3821811676,
        "min": -1.61973690987,
        "var": 1303.29772949
    },
    "melbands_skewness": {
        "dmean": 0.982703208923,
        "dmean2": 1.50686359406,
        "dvar": 1.04573583603,
        "dvar2": 2.24141979218,
        "max": 13.8418426514,
        "mean": 3.95446515083,
        "median": 3.6891579628,
        "min": -0.591681361198,
        "var": 4.12488937378
    },
    "melbands_spread": {
        "dmean": 4.6720366478,
        "dmean2": 6.88608074188,
        "dvar": 105.708137512,
        "dvar2": 219.196044922,
        "max": 183.154327393,
        "mean": 11.8966302872,
        "median": 6.29660415649,
        "min": 0.576594531536,
        "var": 244.093429565
    },
    "pitch_salience": {
        "dmean": 0.0750343576074,
        "dmean2": 0.119566716254,
        "dvar": 0.00452098343521,
        "dvar2": 0.0111486772075,
        "max": 0.933327257633,
        "mean": 0.505195558071,
        "median": 0.506367981434,
        "min": 0.170489743352,
        "var": 0.0146205341443
    },
    "silence_rate_20dB": {
        "dmean": 0,
        "dmean2": 0,
        "dvar": 0,
        "dvar2": 0,
        "max": 1,
        "mean": 1,
        "median": 1,
        "min": 1,
        "var": 0
    },
    "silence_rate_30dB": {
        "dmean": 0.00154559500515,
        "dmean2": 0.00309238489717,
        "dvar": 0.00154320220463,
        "dvar2": 0.00385589688085,
        "max": 1,
        "mean": 0.998454988003,
        "median": 1,
        "min": 0,
        "var": 0.00154260871932
    },
    "silence_rate_60dB": {
        "dmean": 0.00850077252835,
        "dmean2": 0.0170081183314,
        "dvar": 0.00842859689146,
        "dvar2": 0.0190384034067,
        "max": 1,
        "mean": 0.0486674383283,
        "median": 0,
        "min": 0,
        "var": 0.0462976768613
    },
    "spectral_centroid": {
        "dmean": 216.702758789,
        "dmean2": 305.392822266,
        "dvar": 142712.234375,
        "dvar2": 201106.671875,
        "max": 10879.4619141,
        "mean": 787.752502441,
        "median": 553.34942627,
        "min": 152.023284912,
        "var": 441396.46875
    },
    "spectral_complexity": {
        "dmean": 2.63987636566,
        "dmean2": 3.91418623924,
        "dvar": 9.54574871063,
        "dvar2": 17.9323768616,
        "max": 48,
        "mean": 11.9482421875,
        "median": 10,
        "min": 0,
        "var": 44.3743896484
    },
    "spectral_decrease": {
        "dmean": 2.10343364948e-09,
        "dmean2": 3.20443027668e-09,
        "dvar": 6.120406546e-18,
        "dvar2": 1.4032212502e-17,
        "max": 2.96136189801e-25,
        "mean": -8.25923507364e-09,
        "median": -7.86877141223e-09,
        "min": -4.25343067434e-08,
        "var": 2.64787826355e-17
    },
    "spectral_energy": {
        "dmean": 0.00821724813432,
        "dmean2": 0.0124198431149,
        "dvar": 9.25388885662e-05,
        "dvar2": 0.000209053978324,
        "max": 0.163618564606,
        "mean": 0.0324554406106,
        "median": 0.0311367567629,
        "min": 1.06931657269e-20,
        "var": 0.000411178159993
    },
    "spectral_energyband_high": {
        "dmean": 0.00030928265187,
        "dmean2": 0.000434703833889,
        "dvar": 8.95583696092e-07,
        "dvar2": 1.82983433206e-06,
        "max": 0.0216946993023,
        "mean": 0.000480808957946,
        "median": 9.12686591619e-05,
        "min": 8.07448881431e-21,
        "var": 1.65703238508e-06
    },
    "spectral_energyband_low": {
        "dmean": 0.00571489799768,
        "dmean2": 0.00912812910974,
        "dvar": 5.21626825503e-05,
        "dvar2": 0.000128427840536,
        "max": 0.0695520415902,
        "mean": 0.0171138364822,
        "median": 0.0155761959031,
        "min": 3.59849093999e-23,
        "var": 0.000155070854817
    },
    "spectral_energyband_middle_high": {
        "dmean": 0.0011383324163,
        "dmean2": 0.00148247368634,
        "dvar": 5.45714283362e-06,
        "dvar2": 8.206043276e-06,
        "max": 0.0439121983945,
        "mean": 0.00306124496274,
        "median": 0.000875260448083,
        "min": 1.28024203492e-21,
        "var": 3.09271053993e-05
    },
    "spectral_energyband_middle_low": {
        "dmean": 0.00521051231772,
        "dmean2": 0.00788559950888,
        "dvar": 5.97610269324e-05,
        "dvar2": 0.000129114661831,
        "max": 0.150081828237,
        "mean": 0.0132594946772,
        "median": 0.00975192151964,
        "min": 2.3418619606e-22,
        "var": 0.000162467040354
    },
    "spectral_entropy": {
        "dmean": 0.251115471125,
        "dmean2": 0.357690781355,
        "dvar": 0.0666419789195,
        "dvar2": 0.128510504961,
        "max": 9.80720329285,
        "mean": 7.11826992035,
        "median": 7.14126873016,
        "min": 4.83900594711,
        "var": 0.285286396742
    },
    "spectral_flux": {
        "dmean": 0.0250293072313,
        "dmean2": 0.0381373390555,
        "dvar": 0.000666914333124,
        "dvar2": 0.00152385921683,
        "max": 0.296737015247,
        "mean": 0.0736286044121,
        "median": 0.0650914758444,
        "min": 1.0340776152e-10,
        "var": 0.00203119101934
    },
    "spectral_kurtosis": {
        "dmean": 2.51312804222,
        "dmean2": 3.99798154831,
        "dvar": 9.35970211029,
        "dvar2": 21.9202346802,
        "max": 48.3767089844,
        "mean": 5.76348209381,
        "median": 4.70398330688,
        "min": -1.24494552612,
        "var": 23.0325717926
    },
    "spectral_rms": {
        "dmean": 0.000704236561432,
        "dmean2": 0.00104826339521,
        "dvar": 5.36406048468e-07,
        "dvar2": 1.14997055789e-06,
        "max": 0.0126343928277,
        "mean": 0.00529129989445,
        "median": 0.00551156280562,
        "min": 3.22991590071e-12,
        "var": 3.666018074e-06
    },
    "spectral_rolloff": {
        "dmean": 293.868255615,
        "dmean2": 486.016174316,
        "dvar": 726936.3125,
        "dvar2": 1351949,
        "max": 19401.4160156,
        "mean": 751.831420898,
        "median": 322.998046875,
        "min": 86.1328125,
        "var": 1689645.875
    },
    "spectral_skewness": {
        "dmean": 0.338890045881,
        "dmean2": 0.504180788994,
        "dvar": 0.119974330068,
        "dvar2": 0.251904845238,
        "max": 5.66120767593,
        "mean": 1.77489805222,
        "median": 1.71812748909,
        "min": -0.180932149291,
        "var": 0.504481554031
    },
    "spectral_spread": {
        "dmean": 766785.0625,
        "dmean2": 1109759.25,
        "dvar": 1.50071699046e+12,
        "dvar2": 2.18018834022e+12,
        "max": 42807324,
        "mean": 4380938,
        "median": 3996348,
        "min": 1481588.875,
        "var": 3.21289191424e+12
    },
    "spectral_strongpeak": {
        "dmean": 0.319556623697,
        "dmean2": 0.549105286598,
        "dvar": 0.57067990303,
        "dvar2": 1.44465637207,
        "max": 11.3789453506,
        "mean": 0.738313853741,
        "median": 0.507795155048,
        "min": 0,
        "var": 0.814280092716
    },
    "zerocrossingrate": {
        "dmean": 0.00866548251361,
        "dmean2": 0.00991737563163,
        "dvar": 0.000288086564979,
        "dvar2": 0.000369179353584,
        "max": 0.51123046875,
        "mean": 0.032540012151,
        "median": 0.02490234375,
        "min": 0.00341796875,
        "var": 0.00100796110928
    },
    "barkbands": {
        "dmean": [8.86212365003e-05, 0.00337549112737, 0.00257482123561, 0.00136249838397, 0.00323825282976, 0.00110118230805, 0.000606496061664, 0.000734391913284, 0.000631136004813, 0.000198652240215, 0.000216287036892, 0.00025274802465, 0.000106434126792, 0.000204563853913, 0.00019763209275, 0.000207205986953, 0.000205982112675, 0.000140147720231, 0.000100868681329, 6.77333591739e-05, 7.44557619328e-05, 9.10114395083e-05, 6.46101107122e-05, 5.74988007429e-05, 1.57543327077e-05, 9.46488762565e-06, 2.04620098643e-09],
        "dmean2": [0.00013231021876, 0.00555119104683, 0.00412228936329, 0.00216809497215, 0.005290877074, 0.00175737752579, 0.00092898576986, 0.00115081574768, 0.000966143212281, 0.000289372721454, 0.000326144479914, 0.000383789069019, 0.000160198076628, 0.000300416053506, 0.000289719988359, 0.000322038831655, 0.00028980182833, 0.000205779957469, 0.000143235345604, 9.86528320936e-05, 0.000107032581582, 0.000130074782646, 9.42788974498e-05, 8.23818554636e-05, 2.26283282245e-05, 1.53868895723e-05, 3.63943986059e-09],
        "dvar": [3.1180068305e-08, 2.641352512e-05, 1.70456205524e-05, 1.1996730791e-05, 3.17450067087e-05, 3.59667751582e-06, 2.8663600915e-06, 5.99303575655e-06, 4.61767831439e-06, 5.07527431637e-07, 5.703936381e-07, 6.23381424703e-07, 1.50098287577e-07, 5.20619778399e-07, 4.95464576034e-07, 7.07679191692e-07, 6.27829592759e-07, 2.49751565207e-07, 9.48636085241e-08, 2.68885376187e-08, 5.46246567978e-08, 7.38979508697e-08, 7.4743958578e-08, 9.47395122353e-08, 3.17828430241e-09, 7.19724335685e-10, 3.05439584472e-17],
        "dvar2": [6.39583248585e-08, 6.60589139443e-05, 3.74521987396e-05, 2.4803348424e-05, 7.89383411757e-05, 8.24336984806e-06, 6.39953304926e-06, 1.28479823616e-05, 8.84416203917e-06, 9.24456571738e-07, 1.1384180425e-06, 1.17767751817e-06, 2.84563384412e-07, 1.03181071154e-06, 1.13460339435e-06, 1.63594529567e-06, 1.10795826913e-06, 4.57790122255e-07, 1.68764927366e-07, 5.33698951699e-08, 1.29177607278e-07, 1.53598520569e-07, 1.71610281541e-07, 1.87590629253e-07, 5.4275508532e-09, 1.90245308396e-09, 8.24668299597e-17],
        "max": [0.00246272538789, 0.0603981465101, 0.0437277778983, 0.122265838087, 0.0926648750901, 0.0333933718503, 0.0412602052093, 0.0383420735598, 0.0355849228799, 0.0157961864024, 0.0200210660696, 0.0198849178851, 0.0124948723242, 0.0133597785607, 0.0166003629565, 0.0174261964858, 0.0225598216057, 0.0147021636367, 0.00837454386055, 0.00359915732406, 0.00623441440985, 0.0060063265264, 0.00718776835129, 0.00862411409616, 0.00231026462279, 0.000599143619183, 1.55149379566e-07],
        "mean": [0.000108386811917, 0.0080630518496, 0.00757635710761, 0.00271855201572, 0.00546938041225, 0.00168695312459, 0.00105791096576, 0.001078737434, 0.00106877321377, 0.000353001028998, 0.000420092663262, 0.000438066839706, 0.000165939127328, 0.000364142237231, 0.00028909437242, 0.000331920804456, 0.000337052973919, 0.000226231466513, 0.000165653284057, 0.000110438879346, 0.000115528251627, 0.000120737648103, 8.53507444845e-05, 7.57276575314e-05, 1.97879671759e-05, 8.61446096678e-06, 1.82339898736e-09],
        "median": [2.82070559479e-05, 0.00509747676551, 0.00341979763471, 0.000970996916294, 0.00323364674114, 0.000939722289331, 0.000358029355993, 0.00020100819529, 0.000146013800986, 7.27336955606e-05, 8.05925228633e-05, 0.000127868785057, 4.48663449788e-05, 2.67832401732e-05, 2.16023163375e-05, 2.70204182016e-05, 2.79785163002e-05, 4.76787135995e-05, 2.9722621548e-05, 3.13761993311e-05, 1.85276439879e-05, 2.13656185224e-05, 1.08603035187e-05, 7.38745075068e-06, 3.44647037309e-06, 1.49881327616e-06, 7.08599234844e-10],
        "min": [3.64576358751e-23, 1.64762908614e-23, 2.92106712949e-24, 8.58897080792e-24, 5.06118263096e-23, 2.40274804386e-23, 3.42805375489e-23, 2.75466157581e-23, 1.52183401298e-23, 3.87660448322e-23, 2.01500476515e-23, 6.32521232472e-23, 7.42474243163e-23, 8.3519878412e-23, 1.02650209748e-22, 7.09551354165e-23, 1.18936621789e-22, 1.6111608038e-22, 1.45669641119e-22, 2.97732412963e-22, 5.37744088061e-22, 6.65068106187e-22, 5.8963346514e-22, 8.75673167196e-22, 9.655520155e-22, 2.0332297366e-21, 2.09208860511e-21],
        "var": [4.86225353313e-08, 6.87048959662e-05, 7.94555890025e-05, 3.50748741766e-05, 4.58942740806e-05, 5.76643878958e-06, 7.22619915905e-06, 1.10689916255e-05, 1.3507418771e-05, 1.49964910179e-06, 2.53868597611e-06, 1.6969859189e-06, 3.02785963413e-07, 1.75784487055e-06, 1.23635334148e-06, 1.76267201368e-06, 1.39824544476e-06, 5.60986961773e-07, 2.23589907478e-07, 5.66313786976e-08, 8.91654892143e-08, 1.13217652142e-07, 1.10646986684e-07, 1.67586165389e-07, 5.61601432025e-09, 5.68511848709e-10, 2.26727128789e-17]
    },
    "erbbands": {
        "dmean": [0.0514649227262, 0.922472417355, 3.06122636795, 3.28869771957, 6.20916414261, 15.3666906357, 8.87544631958, 9.61535930634, 9.18585586548, 9.11147499084, 18.2818107605, 14.4824352264, 8.0656785965, 4.98459243774, 10.8501462936, 8.1512556076, 4.82864379883, 8.56499195099, 8.26993083954, 13.1820440292, 9.7080116272, 10.5076370239, 7.55687475204, 5.55058050156, 4.39102745056, 3.13560724258, 2.67596793175, 3.28165006638, 3.14900183678, 2.71082139015, 1.76400756836, 1.45688724518, 0.786254942417, 0.220189720392, 0.098526917398, 0.0453358367085, 0.0177755858749, 0.00167792476714, 3.31754672516e-05, 1.01477407952e-05],
        "dmean2": [0.0824746713042, 1.52251148224, 4.97210407257, 5.09302186966, 10.3595399857, 25.3116531372, 13.9261131287, 15.4766588211, 14.4090690613, 13.6585845947, 28.916217804, 21.2380313873, 11.7231216431, 7.25593996048, 15.8696756363, 12.3630771637, 7.27588129044, 12.1051597595, 12.1647462845, 19.7371177673, 14.4700756073, 14.9119319916, 10.4831132889, 7.91316461563, 6.11596393585, 4.59114122391, 3.88209462166, 4.67233181, 4.48486280441, 3.98021650314, 2.56010508537, 2.12228035927, 1.10774457455, 0.312866598368, 0.145080193877, 0.0714367628098, 0.0296050049365, 0.00282352883369, 5.40839755558e-05, 1.51300901052e-05],
        "dvar": [0.0107857408002, 1.76689112186, 19.5605621338, 42.5794563293, 139.34413147, 896.00402832, 235.851379395, 343.357177734, 667.34954834, 591.946289062, 4099.53369141, 2225.95922852, 895.621643066, 225.911605835, 1217.90490723, 524.064819336, 295.789916992, 1039.78613281, 924.886108398, 2463.82641602, 1718.75109863, 1324.6505127, 772.540649414, 388.610595703, 144.394775391, 51.1333274841, 71.7342987061, 92.734588623, 78.6261901855, 105.954490662, 63.79164505, 69.5604095459, 21.4391384125, 0.948003828526, 0.0648025497794, 0.0133125064895, 0.00303852185607, 2.1936635676e-05, 7.26454052469e-09, 1.46345088825e-10],
        "dvar2": [0.0275537893176, 4.43083333969, 46.1652412415, 86.9953079224, 312.715515137, 2302.87255859, 535.189086914, 775.236022949, 1511.33837891, 1138.22497559, 8861.88671875, 4082.14770508, 1674.76477051, 477.485321045, 2237.61035156, 1088.8449707, 550.951599121, 1796.33007812, 2040.47180176, 6053.05273438, 4115.29638672, 2451.56152344, 1278.73474121, 676.465209961, 230.215820312, 102.642173767, 169.779769897, 212.943435669, 162.130950928, 239.279891968, 150.231903076, 143.950897217, 44.1664466858, 1.59449422359, 0.134970337152, 0.0338543914258, 0.00816522631794, 5.69130643271e-05, 1.87914341865e-08, 3.27371962872e-10],
        "max": [1.40989327431, 14.231004715, 48.0515708923, 190.560150146, 258.593658447, 523.222717285, 388.248657227, 396.875915527, 732.342773438, 541.479187012, 1043.31884766, 1131.37390137, 604.733459473, 372.61529541, 755.146972656, 592.602172852, 636.027954102, 745.512207031, 675.517822266, 1267.90576172, 1162.39733887, 883.955200195, 920.924682617, 673.881347656, 310.195587158, 139.221160889, 240.127090454, 231.07333374, 166.495849609, 244.615737915, 218.142227173, 263.948944092, 141.944030762, 42.1366195679, 4.96285533905, 2.30915307999, 1.29040324688, 0.0740159228444, 0.00150736270007, 0.000183404190466],
        "mean": [0.104153372347, 2.30099153519, 8.98973083496, 8.4781036377, 12.2797746658, 22.1946468353, 15.2633981705, 13.7525920868, 14.7371072769, 16.689617157, 28.4434566498, 26.4242649078, 13.9254465103, 10.296918869, 20.6103496552, 15.0653562546, 8.71950626373, 15.321395874, 13.7811069489, 21.7463550568, 16.6365127563, 18.38646698, 13.8043766022, 9.47069454193, 7.60631465912, 5.24764633179, 4.245470047, 4.99136734009, 4.33089494705, 3.42067480087, 2.28739929199, 1.87267136574, 1.02256727219, 0.290025323629, 0.1159459427, 0.0448880195618, 0.0153057556599, 0.00142540887464, 4.4312877435e-05, 3.86483516195e-05],
        "median": [0.0516741611063, 1.67908167839, 5.74161148071, 5.16135931015, 7.7045712471, 10.7051286697, 8.7075881958, 6.5460190773, 5.4241399765, 5.60751676559, 4.22675943375, 3.76912975311, 2.70674085617, 2.85563230515, 5.46648359299, 5.1856880188, 2.67100095749, 1.5350035429, 1.36684060097, 1.38362574577, 1.50775289536, 1.80184972286, 2.34223628044, 1.87148964405, 1.57861995697, 1.58678293228, 0.857261896133, 0.792046248913, 0.770521223545, 0.489647358656, 0.282419592142, 0.184314668179, 0.10076957196, 0.0493389256299, 0.020013121888, 0.00747291697189, 0.00252701132558, 0.000261571811279, 2.37511103478e-05, 3.59052719432e-05],
        "min": [8.92625825915e-22, 2.24701129435e-21, 3.64625939606e-21, 2.46107897258e-20, 1.03494376088e-19, 9.34306317992e-20, 1.09390616429e-19, 1.96843666306e-19, 3.18001237142e-19, 6.39214313204e-19, 7.15786577605e-19, 3.69695036493e-19, 6.29006180662e-19, 1.46843563203e-18, 2.01958297224e-18, 3.26328335121e-18, 3.0897919371e-18, 3.14147459536e-18, 5.99649861255e-18, 3.91209776751e-18, 6.15769378006e-18, 6.32244499703e-18, 7.66420722402e-18, 8.83526501519e-18, 8.88746011184e-18, 1.43912469382e-17, 1.63643986083e-17, 2.41392958331e-17, 2.42968803573e-17, 1.88049751533e-17, 1.97928306367e-17, 1.51383415782e-17, 1.57608578548e-17, 1.12221881441e-17, 6.98501997641e-18, 6.38516224466e-18, 3.92751972285e-18, 1.28558973577e-18, 3.45450269342e-19, 2.8399485342e-20],
        "var": [0.0180491283536, 4.69123983383, 78.8767852783, 143.040557861, 258.947174072, 1130.41918945, 447.968414307, 503.165710449, 1587.11962891, 1546.25854492, 8257.05957031, 8280.97167969, 2330.53833008, 816.63458252, 3801.79101562, 1229.78466797, 706.812316895, 3164.90234375, 2052.27856445, 8392.85546875, 3199.6003418, 3370.49682617, 2077.76757812, 952.390136719, 388.01272583, 106.629440308, 112.283843994, 159.04309082, 128.553833008, 151.981414795, 87.0191040039, 104.733184814, 36.1527786255, 1.77680742741, 0.101707920432, 0.01261064969, 0.00221685273573, 1.72028921952e-05, 6.28987306683e-09, 6.03746108663e-10]
    },
    "gfcc": {
        "mean": [-42.0132446289, 122.935134888, -89.1370010376, 46.9679794312, -56.1313438416, 10.5585775375, -31.1018276215, 3.02206325531, -25.9394798279, -5.02846574783, -13.5644359589, 1.73311877251, -13.1259403229],
        "cov": [[8016.01708984, -756.235046387, -1192.59851074, 277.647644043, -276.518127441, 173.669128418, -337.944396973, 103.826774597, 58.917552948, 191.523178101, -216.402404785, -85.2832946777, -28.950963974], [-756.235046387, 1094.53820801, 17.9028606415, -312.019500732, 302.558959961, -174.708007812, 228.905258179, -30.2638015747, 54.263759613, -96.8998718262, 128.823501587, -48.0597305298, -9.07955551147], [-1192.59851074, 17.9028606415, 1013.52325439, 7.90885066986, -91.2116317749, 81.1497879028, 66.503692627, 3.81773948669, -132.15461731, 11.8271589279, 69.7413482666, 114.937232971, -50.7311820984], [277.647644043, -312.019500732, 7.90885066986, 361.36416626, -33.7612457275, 53.172164917, -56.2661933899, 6.07036781311, 27.0952529907, -13.3179941177, -0.545653104782, -5.80762195587, 62.3063468933], [-276.518127441, 302.558959961, -91.2116317749, -33.7612457275, 313.309997559, -51.3121070862, 63.6640014648, 3.75207161903, 35.0215339661, -28.8962860107, 11.449798584, -11.9767665863, 18.368637085], [173.669128418, -174.708007812, 81.1497879028, 53.172164917, -51.3121070862, 199.655761719, 57.1244506836, -5.21490716934, -33.1900520325, 25.7051925659, -0.36520254612, 7.11817979813, 10.2767448425], [-337.944396973, 228.905258179, 66.503692627, -56.2661933899, 63.6640014648, 57.1244506836, 242.837249756, 25.2433719635, -14.5292701721, -25.9813480377, 43.5790710449, 5.31720781326, -1.10500133038], [103.826774597, -30.2638015747, 3.81773948669, 6.07036781311, 3.75207161903, -5.21490716934, 25.2433719635, 109.718147278, 43.9892959595, 3.44305944443, -9.82882022858, 0.130156636238, -0.803150117397], [58.917552948, 54.263759613, -132.15461731, 27.0952529907, 35.0215339661, -33.1900520325, -14.5292701721, 43.9892959595, 143.534698486, 5.68978500366, -18.0056591034, -48.7243270874, 14.7192735672], [191.523178101, -96.8998718262, 11.8271589279, -13.3179941177, -28.8962860107, 25.7051925659, -25.9813480377, 3.44305944443, 5.68978500366, 97.5895996094, 7.99256467819, 6.52323436737, -23.4708080292], [-216.402404785, 128.823501587, 69.7413482666, -0.545653104782, 11.449798584, -0.36520254612, 43.5790710449, -9.82882022858, -18.0056591034, 7.99256467819, 114.787506104, 25.6570835114, 1.09288156033], [-85.2832946777, -48.0597305298, 114.937232971, -5.80762195587, -11.9767665863, 7.11817979813, 5.31720781326, 0.130156636238, -48.7243270874, 6.52323436737, 25.6570835114, 108.681991577, 8.72880077362], [-28.950963974, -9.07955551147, -50.7311820984, 62.3063468933, 18.368637085, 10.2767448425, -1.10500133038, -0.803150117397, 14.7192735672, -23.4708080292, 1.09288156033, 8.72880077362, 80.0134429932]],
        "icov": [[0.00025290044141, -0.000532660982572, 0.000474365457194, -0.000603658321779, 0.000409088097513, -0.000615663593635, 0.00054474879289, -0.000687379331794, 0.000591045769397, -0.000650667177979, 0.000700831413269, -0.00041492638411, 0.000523776921909], [-0.000532660982572, 0.00607923232019, -0.00188132282346, 0.00499180052429, -0.0034759901464, 0.00436444208026, -0.00410697376356, 0.00414212513715, -0.00401808554307, 0.0044301468879, -0.00611306168139, 0.00364122493193, -0.00263557792641], [0.000474365457194, -0.00188132282346, 0.00238819699734, -0.00202811951749, 0.00144572230056, -0.00201866496354, 0.00136257125996, -0.00210407702252, 0.00230182451196, -0.00152110611089, 0.00166086980607, -0.00232292944565, 0.00233780872077], [-0.000603658321779, 0.00499180052429, -0.00202811951749, 0.00798436067998, -0.00275779864751, 0.00240660761483, -0.00213141879067, 0.00324520003051, -0.00418333616108, 0.00462122773752, -0.00582840153947, 0.00356977176853, -0.00501281768084], [0.000409088097513, -0.0034759901464, 0.00144572230056, -0.00275779864751, 0.00593573460355, -0.00147561158519, 0.0010842254851, -0.0020241169259, 0.00163065921515, -0.00232897372916, 0.00350445159711, -0.00221698381938, 0.000850066891871], [-0.000615663593635, 0.00436444208026, -0.00201866496354, 0.00240660761483, -0.00147561158519, 0.0107978563756, -0.00604665279388, 0.00396088883281, -0.00147370365448, 0.000226495132665, -0.00299214897677, 0.00348290149122, -0.00397481815889], [0.00054474879289, -0.00410697376356, 0.00136257125996, -0.00213141879067, 0.0010842254851, -0.00604665279388, 0.00944456458092, -0.00516838813201, 0.00318222935311, -0.000627380504739, 0.00160681502894, -0.00198252382688, 0.00228587188758], [-0.000687379331794, 0.00414212513715, -0.00210407702252, 0.00324520003051, -0.0020241169259, 0.00396088883281, -0.00516838813201, 0.0149693656713, -0.00764986826107, 0.00291215674952, -0.00271373195574, 0.000589675095398, -0.00137069367338], [0.000591045769397, -0.00401808554307, 0.00230182451196, -0.00418333616108, 0.00163065921515, -0.00147370365448, 0.00318222935311, -0.00764986826107, 0.0145530588925, -0.00542228296399, 0.00439193798229, 0.00199503684416, -0.000288377894321], [-0.000650667177979, 0.0044301468879, -0.00152110611089, 0.00462122773752, -0.00232897372916, 0.000226495132665, -0.000627380504739, 0.00291215674952, -0.00542228296399, 0.0170560497791, -0.00682307966053, 0.00103830418084, 0.00221100472845], [0.000700831413269, -0.00611306168139, 0.00166086980607, -0.00582840153947, 0.00350445159711, -0.00299214897677, 0.00160681502894, -0.00271373195574, 0.00439193798229, -0.00682307966053, 0.0170361083001, -0.00554148247465, 0.00228869589046], [-0.00041492638411, 0.00364122493193, -0.00232292944565, 0.00356977176853, -0.00221698381938, 0.00348290149122, -0.00198252382688, 0.000589675095398, 0.00199503684416, 0.00103830418084, -0.00554148247465, 0.0153478784487, -0.00561044784263], [0.000523776921909, -0.00263557792641, 0.00233780872077, -0.00501281768084, 0.000850066891871, -0.00397481815889, 0.00228587188758, -0.00137069367338, -0.000288377894321, 0.00221100472845, 0.00228869589046, -0.00561044784263, 0.0193896517158]]
    },
    "melbands": {
        "dmean": [0.00068751804065, 0.00148548511788, 0.000621617073193, 0.000763874850236, 0.000394279893953, 0.000211171107367, 0.000134980873554, 0.000107479667349, 0.000154754845425, 8.47834307933e-05, 3.861530422e-05, 1.94628137251e-05, 3.50650880137e-05, 3.39043617714e-05, 1.34453021019e-05, 1.02695694295e-05, 1.83960182767e-05, 1.50364794536e-05, 1.67343969224e-05, 1.67833641171e-05, 1.29963027575e-05, 1.15458933578e-05, 1.02734356915e-05, 6.091490377e-06, 4.61593390355e-06, 3.87481850339e-06, 2.77298750007e-06, 2.13875409827e-06, 1.66480310781e-06, 1.85715327916e-06, 1.99492706088e-06, 1.88347109997e-06, 1.77055665063e-06, 1.42369094647e-06, 1.06959703317e-06, 8.92265404673e-07, 9.36635046855e-07, 6.52581718441e-07, 3.16225822417e-07, 1.40814762517e-07],
        "dmean2": [0.00112075684592, 0.00241423095576, 0.000973243906628, 0.00125852553174, 0.000618696445599, 0.00033922327566, 0.000210630925721, 0.000160448500537, 0.000245543807978, 0.000123936406453, 5.70169868297e-05, 2.88152477879e-05, 5.14037055837e-05, 5.17865519214e-05, 2.07697357837e-05, 1.5724081095e-05, 2.61465302174e-05, 2.2484398869e-05, 2.49419808824e-05, 2.51891287917e-05, 1.96551882254e-05, 1.59119954333e-05, 1.46638212755e-05, 8.84350811248e-06, 6.72151008985e-06, 5.53183235752e-06, 3.9188480514e-06, 3.24818779518e-06, 2.47080697591e-06, 2.70496866506e-06, 2.89420540867e-06, 2.74982789961e-06, 2.60800470642e-06, 2.18390960072e-06, 1.57196575401e-06, 1.30508101392e-06, 1.39423116252e-06, 9.54287884269e-07, 4.63435640086e-07, 2.0419805935e-07],
        "dvar": [1.35463051265e-06, 3.70891984858e-06, 1.58143109275e-06, 1.71006354321e-06, 4.82398320401e-07, 1.52028263756e-07, 1.39974318358e-07, 8.49973460504e-08, 2.90597739649e-07, 7.58510836363e-08, 2.25451799452e-08, 3.60512464326e-09, 1.40105482771e-08, 1.07311537434e-08, 1.68234781661e-09, 1.48490808538e-09, 4.83268358664e-09, 3.57975471488e-09, 3.69744812545e-09, 5.60220980717e-09, 3.7973544309e-09, 1.57800617018e-09, 1.41221767613e-09, 5.55521129098e-10, 3.05493241815e-10, 1.34361799464e-10, 6.75945480144e-11, 2.45728108e-11, 2.4513346214e-11, 3.4504742813e-11, 3.37428245067e-11, 2.94904517473e-11, 4.06762540317e-11, 3.09631764672e-11, 2.28100802135e-11, 1.7734334834e-11, 3.38267192035e-11, 1.67666141387e-11, 4.40324079282e-12, 1.69698903909e-13],
        "dvar2": [3.40619726558e-06, 9.23037259781e-06, 3.34548030878e-06, 4.31556509284e-06, 1.14673355256e-06, 3.45827203319e-07, 3.16601159511e-07, 1.70656704768e-07, 6.25504355867e-07, 1.38826919738e-07, 4.22824371071e-08, 7.67042873662e-09, 2.60627874837e-08, 2.04742729437e-08, 3.5133658205e-09, 3.06872660616e-09, 8.46047676362e-09, 8.26709278812e-09, 8.89263063186e-09, 1.34492514903e-08, 9.62491863987e-09, 2.77118084036e-09, 2.75252709514e-09, 1.0373679693e-09, 5.6077181787e-10, 2.59330390495e-10, 1.14724105216e-10, 5.54790380303e-11, 5.71638292257e-11, 7.95100166262e-11, 7.54756881993e-11, 6.51403445073e-11, 9.02713181983e-11, 7.16708706272e-11, 5.35942575042e-11, 3.92413046502e-11, 7.04658137396e-11, 3.72128543258e-11, 7.59196004674e-12, 3.04016496222e-13],
        "max": [0.0149312838912, 0.0183050632477, 0.0402182601392, 0.0200811848044, 0.0113896969706, 0.00782733876258, 0.00997706875205, 0.00538726430386, 0.00915303267539, 0.00709430593997, 0.00292600365356, 0.00145463063382, 0.0030076301191, 0.00235624262132, 0.00111924321391, 0.00107587850653, 0.00148324796464, 0.00138046965003, 0.0013723053271, 0.00163786113262, 0.00167130981572, 0.000869102892466, 0.0010039358167, 0.000857637554873, 0.000590987387113, 0.000347691646311, 0.000233671074966, 7.55728469812e-05, 0.000136899499921, 0.000141415890539, 0.000130883214297, 9.91683555185e-05, 0.000172804662725, 0.000125050195493, 0.000127658349811, 9.11297756829e-05, 0.000183098658454, 0.00012634047016, 8.83688699105e-05, 1.58985621965e-05],
        "mean": [0.00161503977142, 0.00425499631092, 0.00161286361981, 0.00127438688651, 0.000651840877254, 0.000306351779727, 0.000223508555791, 0.000184645221452, 0.000245224684477, 0.000148549399455, 6.39345089439e-05, 3.80496385333e-05, 6.83146208758e-05, 5.75389385631e-05, 2.31669528148e-05, 1.566759056e-05, 3.18398924719e-05, 2.35024926951e-05, 2.49035001616e-05, 2.55624563579e-05, 1.92259685718e-05, 1.8531229216e-05, 1.75467885128e-05, 9.59117915045e-06, 7.44740282244e-06, 6.02952741247e-06, 4.44867646365e-06, 3.27308225678e-06, 2.51278243013e-06, 2.81781262856e-06, 2.92551499115e-06, 2.57633200818e-06, 2.09846643884e-06, 1.80483482382e-06, 1.36489893521e-06, 1.10179848889e-06, 1.17780268738e-06, 8.18311946205e-07, 4.04852841029e-07, 1.81041698966e-07],
        "median": [0.000915701733902, 0.00356589606963, 0.00112549611367, 0.000768398633227, 0.000343409337802, 0.000151486965478, 7.99882982392e-05, 5.58028914384e-05, 3.31003102474e-05, 2.13237599382e-05, 1.11050876512e-05, 9.50392677623e-06, 1.53087694343e-05, 1.57936483447e-05, 8.17519048724e-06, 3.83169481211e-06, 2.26142879001e-06, 1.84891746358e-06, 1.78686309482e-06, 1.65906749316e-06, 1.70452324255e-06, 1.5501254893e-06, 2.3624181722e-06, 1.96348037207e-06, 1.36471487622e-06, 1.1007938383e-06, 1.02381409306e-06, 1.0269119457e-06, 5.36982497579e-07, 4.26055720482e-07, 4.35845436186e-07, 4.5371973556e-07, 3.38252618803e-07, 2.40674836505e-07, 1.7118080109e-07, 1.14438719834e-07, 1.09531519854e-07, 7.20958297507e-08, 4.87410574124e-08, 3.63288314986e-08],
        "min": [7.18566141045e-24, 2.15508930419e-24, 7.68820209468e-24, 1.10024284274e-23, 3.65737530449e-24, 5.07025910676e-24, 5.57757437162e-24, 6.9540352826e-24, 5.1858055357e-24, 1.92634685738e-24, 3.17934610631e-24, 5.94794338333e-24, 5.12719119829e-24, 6.12604411547e-24, 8.69049010667e-24, 6.67559420433e-24, 5.1406862418e-24, 1.08370484718e-23, 8.43542771019e-24, 1.89907534424e-24, 9.50069522141e-24, 6.39743396054e-24, 5.51183149264e-24, 6.35287160244e-24, 6.89378287552e-24, 5.66592797629e-24, 9.58907209748e-24, 9.28986504474e-24, 1.05361146026e-23, 1.13339906102e-23, 1.36723841703e-23, 1.1224499872e-23, 1.18116498326e-23, 7.49483335415e-24, 1.1453102296e-23, 7.4349517117e-24, 9.90770327229e-24, 1.23834004395e-23, 8.00837785915e-24, 9.17957124613e-24],
        "var": [3.17565127261e-06, 1.19437863759e-05, 4.48446553492e-06, 2.46405716098e-06, 7.99290489795e-07, 2.26807898684e-07, 3.50720796405e-07, 1.94948512444e-07, 6.21381047949e-07, 2.7916641443e-07, 5.82124499715e-08, 1.21105774298e-08, 5.47979439602e-08, 2.82421908082e-08, 3.39854455689e-09, 2.893832729e-09, 1.49600456467e-08, 8.02662825095e-09, 8.94993412714e-09, 1.38074449652e-08, 5.31899813083e-09, 3.85215948029e-09, 3.19750381728e-09, 1.23509469319e-09, 6.80208223081e-10, 2.77298489726e-10, 1.57381011001e-10, 4.13348417994e-11, 3.75902885208e-11, 6.31531077433e-11, 5.70645024289e-11, 4.5706695373e-11, 5.2281980828e-11, 4.57093911332e-11, 3.16378034881e-11, 2.54262097488e-11, 4.91567966887e-11, 2.47914778984e-11, 7.65717003692e-12, 3.16582995713e-13]
    },
    "mfcc": {
        "mean": [-689.623474121, 144.592254639, 26.4648323059, 41.1729049683, 4.08845376968, 10.4912567139, 3.06228017807, 10.0576868057, -4.74040746689, -5.90408802032, -1.78888952732, 1.47713577747, 1.01116394997],
        "cov": [[6840.77050781, -1067.9041748, -1011.84039307, -43.4975204468, -66.3095779419, 44.840965271, -329.930053711, -173.748168945, 87.7637557983, 206.954910278, 18.3335914612, -34.1082611084, -168.852981567], [-1067.9041748, 1451.11364746, -148.372589111, -32.2125930786, -12.924074173, -77.1783447266, 154.203720093, 85.2055969238, -40.5406608582, -33.6797599792, 105.987358093, 5.62804746628, 44.7153587341], [-1011.84039307, -148.372589111, 921.435058594, 13.867562294, -50.4327049255, 50.9232025146, 109.792259216, 39.1977005005, -65.8515701294, -79.3752593994, -21.8594818115, 50.9132843018, 51.0408744812], [-43.4975204468, -32.2125930786, 13.867562294, 229.812179565, 79.5269012451, -13.5662670135, -6.91628503799, 30.6124515533, 15.2618942261, -7.69159030914, -22.7847042084, 8.41035175323, 21.8389263153], [-66.3095779419, -12.924074173, -50.4327049255, 79.5269012451, 199.355697632, -5.36076164246, -45.6340789795, -16.4786586761, 15.1577939987, 10.3696956635, -25.2844657898, -6.32649469376, 15.8228969574], [44.840965271, -77.1783447266, 50.9232025146, -13.5662670135, -5.36076164246, 165.384811401, 72.8848800659, -2.86169576645, 6.13987731934, -7.46841335297, 2.15533638, 2.05775666237, -16.811504364], [-329.930053711, 154.203720093, 109.792259216, -6.91628503799, -45.6340789795, 72.8848800659, 219.788085938, 60.3521652222, -13.8908424377, -37.5986061096, 17.0173168182, 25.0528469086, 15.8836536407], [-173.748168945, 85.2055969238, 39.1977005005, 30.6124515533, -16.4786586761, -2.86169576645, 60.3521652222, 130.808654785, 39.1105918884, -10.7543535233, 0.496846109629, 2.86892390251, 12.2158079147], [87.7637557983, -40.5406608582, -65.8515701294, 15.2618942261, 15.1577939987, 6.13987731934, -13.8908424377, 39.1105918884, 118.276687622, 48.9917678833, -4.60812711716, -11.7694330215, -15.6682901382], [206.954910278, -33.6797599792, -79.3752593994, -7.69159030914, 10.3696956635, -7.46841335297, -37.5986061096, -10.7543535233, 48.9917678833, 116.784339905, 27.0908241272, -10.0092897415, -7.91244506836], [18.3335914612, 105.987358093, -21.8594818115, -22.7847042084, -25.2844657898, 2.15533638, 17.0173168182, 0.496846109629, -4.60812711716, 27.0908241272, 95.6808929443, 30.7178993225, -9.07348442078], [-34.1082611084, 5.62804746628, 50.9132843018, 8.41035175323, -6.32649469376, 2.05775666237, 25.0528469086, 2.86892390251, -11.7694330215, -10.0092897415, 30.7178993225, 80.2808303833, 24.8083972931], [-168.852981567, 44.7153587341, 51.0408744812, 21.8389263153, 15.8228969574, -16.811504364, 15.8836536407, 12.2158079147, -15.6682901382, -7.91244506836, -9.07348442078, 24.8083972931, 88.860748291]],
