{
"lowlevel": {
    "average_loudness": 0.0559794716537,
    "barkbands_crest": {
        "dmean": 1.45270490646,
        "dmean2": 2.27827739716,
        "dvar": 1.77101349831,
        "dvar2": 4.56204175949,
        "max": 22.7972354889,
        "mean": 10.3339967728,
        "median": 9.6973361969,
        "min": 4.25195217133,
        "var": 11.3047189713
    },
    "barkbands_flatness_db": {
        "dmean": 0.0109492372721,
        "dmean2": 0.0172160547227,
        "dvar": 9.84178550425e-05,
        "dvar2": 0.000203387025977,
        "max": 0.427854478359,
        "mean": 0.345775395632,
        "median": 0.345970213413,
        "min": 0.0300533156842,
        "var": 0.00120336515829
    },
    "barkbands_kurtosis": {
        "dmean": 0.701150596142,
        "dmean2": 1.06456613541,
        "dvar": 3.09504580498,
        "dvar2": 5.06344079971,
        "max": 58.284450531,
        "mean": 1.39544522762,
        "median": 0.781311750412,
        "min": -1.51462757587,
        "var": 8.90492153168
    },
    "barkbands_skewness": {
        "dmean": 0.215536817908,
        "dmean2": 0.332840830088,
        "dvar": 0.0618340745568,
        "dvar2": 0.103434838355,
        "max": 6.13802242279,
        "mean": 0.871158242226,
        "median": 0.896495759487,
        "min": -1.73580038548,
        "var": 0.364216208458
    },
    "barkbands_spread": {
        "dmean": 0.734758019447,
        "dmean2": 1.13169765472,
        "dvar": 5.979616642,
        "dvar2": 13.7174310684,
        "max": 87.7458877563,
        "mean": 5.24548816681,
        "median": 5.14132499695,
        "min": 1.53728532791,
        "var": 12.3887195587
    },
    "dissonance": {
        "dmean": 0.0340656377375,
        "dmean2": 0.0567972138524,
        "dvar": 0.000888105423655,
        "dvar2": 0.00245232810266,
        "max": 0.492266774178,
        "mean": 0.377007901669,
        "median": 0.383690685034,
        "min": 0.184404373169,
        "var": 0.00255874707364
    },
    "dynamic_complexity": 4.81838464737,
    "erbbands_crest": {
        "dmean": 1.63645303249,
        "dmean2": 2.57107925415,
        "dvar": 3.13373446465,
        "dvar2": 7.4045343399,
        "max": 26.0375232697,
        "mean": 10.7440242767,
        "median": 9.55497074127,
        "min": 3.01089739799,
        "var": 16.9229049683
    },
    "erbbands_flatness_db": {
        "dmean": 0.00864627026021,
        "dmean2": 0.0130380280316,
        "dvar": 8.20922141429e-05,
        "dvar2": 0.000142644348671,
        "max": 0.483392208815,
        "mean": 0.362812787294,
        "median": 0.36045730114,
        "min": 0.0524513237178,
        "var": 0.00113618571777
    },
    "erbbands_kurtosis": {
        "dmean": 0.459819465876,
        "dmean2": 0.693151116371,
        "dvar": 0.871843934059,
        "dvar2": 1.48936641216,
        "max": 24.0141963959,
        "mean": 0.120974004269,
        "median": -0.258890151978,
        "min": -1.4208676815,
        "var": 2.33327150345
    },
    "erbbands_skewness": {
        "dmean": 0.190907284617,
        "dmean2": 0.288960158825,
        "dvar": 0.0423422344029,
        "dvar2": 0.0804963856936,
        "max": 4.20349740982,
        "mean": 0.248681604862,
        "median": 0.204753741622,
        "min": -2.35827064514,
        "var": 0.338479548693
    },
    "erbbands_spread": {
        "dmean": 1.1064041853,
        "dmean2": 1.67217648029,
        "dvar": 5.21230506897,
        "dvar2": 11.0595979691,
        "max": 71.3662338257,
        "mean": 10.5673484802,
        "median": 10.4968338013,
        "min": 2.45886206627,
        "var": 14.6789236069
    },
    "hfc": {
        "dmean": 1.01926207542,
        "dmean2": 1.3077892065,
        "dvar": 11.4577636719,
        "dvar2": 14.6689367294,
        "max": 132.011734009,
        "mean": 5.89377069473,
        "median": 2.13986849785,
        "min": 1.17610604136e-16,
        "var": 187.701217651
    },
    "melbands_crest": {
        "dmean": 1.61260092258,
        "dmean2": 2.57772350311,
        "dvar": 2.2330994606,
        "dvar2": 5.23633623123,
        "max": 27.8639984131,
        "mean": 12.0740661621,
        "median": 11.2705564499,
        "min": 2.05347847939,
        "var": 14.565776825
    },
    "melbands_flatness_db": {
        "dmean": 0.0113138128072,
        "dmean2": 0.0170783884823,
        "dvar": 0.000133684065077,
        "dvar2": 0.000228967983276,
        "max": 0.572404801846,
        "mean": 0.470178484917,
        "median": 0.471713960171,
        "min": 0.00586697924882,
        "var": 0.00166609452572
    },
    "melbands_kurtosis": {
        "dmean": 0.888132750988,
        "dmean2": 1.34756410122,
        "dvar": 3.78919100761,
        "dvar2": 5.11657857895,
        "max": 64.3037033081,
        "mean": 2.45217204094,
        "median": 1.9534406662,
        "min": -1.60059034824,
        "var": 11.2439155579
    },
    "melbands_skewness": {
        "dmean": 0.218834012747,
        "dmean2": 0.343732088804,
        "dvar": 0.0561838075519,
        "dvar2": 0.10426595062,
        "max": 5.24797677994,
        "mean": 1.19131696224,
        "median": 1.2132641077,
        "min": -1.1027251482,
        "var": 0.330108582973
    },
    "melbands_spread": {
        "dmean": 1.08081483841,
        "dmean2": 1.54697811604,
        "dvar": 14.6505966187,
        "dvar2": 10.5879392624,
        "max": 135.5572052,
        "mean": 7.42297029495,
        "median": 7.11970806122,
        "min": 1.95735633373,
        "var": 28.0199813843
    },
    "pitch_salience": {
        "dmean": 0.0435090884566,
        "dmean2": 0.0703814998269,
        "dvar": 0.00157422525808,
        "dvar2": 0.00389661733061,
        "max": 0.823913276196,
        "mean": 0.613385498524,
        "median": 0.618426203728,
        "min": 0.282529860735,
        "var": 0.00779669405892
    },
    "silence_rate_20dB": {
        "dmean": 0,
        "dmean2": 0,
        "dvar": 0,
        "dvar2": 0,
        "max": 1,
        "mean": 1,
        "median": 1,
        "min": 1,
        "var": 0
    },
    "silence_rate_30dB": {
        "dmean": 0.00464396271855,
        "dmean2": 0.00929511990398,
        "dvar": 0.00462236069143,
        "dvar2": 0.0092088393867,
        "max": 1,
        "mean": 0.979891717434,
        "median": 1,
        "min": 0,
        "var": 0.0197039432824
    },
    "silence_rate_60dB": {
        "dmean": 0.0340557284653,
        "dmean2": 0.0681642144918,
        "dvar": 0.0328958258033,
        "dvar2": 0.0759112387896,
        "max": 1,
        "mean": 0.126836806536,
        "median": 0,
        "min": 0,
        "var": 0.110750436783
    },
    "spectral_centroid": {
        "dmean": 33.9854354858,
        "dmean2": 44.6175079346,
        "dvar": 97974.7734375,
        "dvar2": 85984.1875,
        "max": 12233.5263672,
        "mean": 432.515411377,
        "median": 409.53692627,
        "min": 215.466949463,
        "var": 121831.921875
    },
    "spectral_complexity": {
        "dmean": 0.945820450783,
        "dmean2": 1.62044930458,
        "dvar": 1.02646946907,
        "dvar2": 2.45393943787,
        "max": 26,
        "mean": 8.90255260468,
        "median": 9,
        "min": 0,
        "var": 11.1923513412
    },
    "spectral_decrease": {
        "dmean": 6.11317163557e-10,
        "dmean2": 8.72893812787e-10,
        "dvar": 3.00004325423e-18,
        "dvar2": 5.37233086979e-18,
        "max": -3.56172546396e-29,
        "mean": -3.47771078602e-09,
        "median": -1.56547885766e-09,
        "min": -6.33456949117e-08,
        "var": 4.66182350361e-17
    },
    "spectral_energy": {
        "dmean": 0.00239483034238,
        "dmean2": 0.00340699893422,
        "dvar": 4.66500641778e-05,
        "dvar2": 8.23262234917e-05,
        "max": 0.251055091619,
        "mean": 0.0136602465063,
        "median": 0.00607930822298,
        "min": 1.08020579153e-20,
        "var": 0.000729064049665
    },
    "spectral_energyband_high": {
        "dmean": 3.02107352468e-08,
        "dmean2": 5.09292981121e-08,
        "dvar": 4.2117114104e-14,
        "dvar2": 1.1190390113e-13,
        "max": 5.07128379468e-06,
        "mean": 8.52404298257e-08,
        "median": 4.44665992916e-08,
        "min": 7.56000266814e-21,
        "var": 7.84808077358e-14
    },
    "spectral_energyband_low": {
        "dmean": 0.000585020985454,
        "dmean2": 0.00094597984571,
        "dvar": 7.21340086329e-07,
        "dvar2": 1.76227570137e-06,
        "max": 0.0115991933271,
        "mean": 0.00192169926595,
        "median": 0.00150925701018,
        "min": 2.35910936299e-23,
        "var": 3.04246600535e-06
    },
    "spectral_energyband_middle_high": {
        "dmean": 0.00032708409708,
        "dmean2": 0.00046062018373,
        "dvar": 1.7276104245e-06,
        "dvar2": 3.01589238916e-06,
        "max": 0.0449396893382,
        "mean": 0.00135467050131,
        "median": 0.000534321065061,
        "min": 1.89503099953e-21,
        "var": 1.26121212816e-05
    },
    "spectral_energyband_middle_low": {
        "dmean": 0.0020663049072,
        "dmean2": 0.00295628374442,
        "dvar": 3.71292662749e-05,
        "dvar2": 6.83391917846e-05,
        "max": 0.226386338472,
        "mean": 0.0110267959535,
        "median": 0.00429590186104,
        "min": 2.68442449314e-22,
        "var": 0.000562365923543
    },
    "spectral_entropy": {
        "dmean": 0.0807034671307,
        "dmean2": 0.117650344968,
        "dvar": 0.00860383734107,
        "dvar2": 0.0112019991502,
        "max": 9.79293251038,
        "mean": 5.71962022781,
        "median": 5.71080446243,
        "min": 5.0380358696,
        "var": 0.0890799164772
    },
    "spectral_flux": {
        "dmean": 0.00730722304434,
        "dmean2": 0.011643672362,
        "dvar": 0.000119992604596,
        "dvar2": 0.000265637383563,
        "max": 0.250154316425,
        "mean": 0.0258127190173,
        "median": 0.0182906314731,
        "min": 1.03932952522e-10,
        "var": 0.000607608817518
    },
    "spectral_kurtosis": {
        "dmean": 31.3352355957,
        "dmean2": 54.5365333557,
        "dvar": 672.369689941,
        "dvar2": 1884.38366699,
        "max": 292.959136963,
        "mean": 132.142547607,
        "median": 136.870758057,
        "min": -1.16299402714,
        "var": 1602.87109375
    },
    "spectral_rms": {
        "dmean": 0.000247973628575,
        "dmean2": 0.000360522477422,
        "dvar": 1.5809332865e-07,
        "dvar2": 2.62284714836e-07,
        "max": 0.0156502965838,
        "mean": 0.00299823679961,
        "median": 0.00243537104689,
        "min": 3.24631987958e-12,
        "var": 4.33763761976e-06
    },
    "spectral_rolloff": {
        "dmean": 80.3160247803,
        "dmean2": 121.026000977,
        "dvar": 336760.28125,
        "dvar2": 334004.28125,
        "max": 18690.8203125,
        "mean": 643.614624023,
        "median": 602.9296875,
        "min": 150.732421875,
        "var": 654010.875
    },
    "spectral_skewness": {
        "dmean": 1.45776748657,
        "dmean2": 2.52783989906,
        "dvar": 1.36107051373,
        "dvar2": 3.85667109489,
        "max": 13.6360454559,
        "mean": 8.52889156342,
        "median": 8.79383850098,
        "min": -0.130529776216,
        "var": 3.40887641907
    },
    "spectral_spread": {
        "dmean": 217588.625,
        "dmean2": 344573.8125,
        "dvar": 784917135360,
        "dvar2": 774803095552,
        "max": 40684112,
        "mean": 820063.6875,
        "median": 701042.875,
        "min": 318650.5625,
        "var": 1.63356750643e+12
    },
    "spectral_strongpeak": {
        "dmean": 0.168869286776,
        "dmean2": 0.265809029341,
        "dvar": 0.0985508784652,
        "dvar2": 0.200689002872,
        "max": 7.13728046417,
        "mean": 0.714062929153,
        "median": 0.404847919941,
        "min": 0,
        "var": 0.838918268681
    },
    "zerocrossingrate": {
        "dmean": 0.0023061085958,
        "dmean2": 0.00267779338174,
        "dvar": 0.000251677702181,
        "dvar2": 0.00023716443684,
        "max": 0.50341796875,
        "mean": 0.0210410319269,
        "median": 0.01953125,
        "min": 0.0078125,
        "var": 0.000400357530452
    },
    "barkbands": {
        "dmean": [1.22039023154e-06, 0.000112685680506, 0.000447529746452, 0.000210127531318, 0.000578858540393, 0.00113871006761, 0.000414208770962, 0.000744661083445, 0.000180971459486, 0.000233900209423, 8.77240672708e-05, 8.36595645524e-05, 4.81037968711e-05, 7.21123069525e-06, 8.35542141431e-06, 3.07676145894e-06, 3.49610718331e-06, 1.07365769964e-06, 6.02372665526e-07, 7.93676377953e-08, 7.31613170046e-09, 2.31931451822e-09, 1.2172370889e-09, 1.28596455706e-09, 1.36830990982e-09, 1.78843528875e-09, 1.31190369679e-09],
        "dmean2": [2.15223280975e-06, 0.000199980902835, 0.00075517577352, 0.000305880210362, 0.000914024363738, 0.00193535129074, 0.000694196205586, 0.000909949594643, 0.000231008205446, 0.000328416383127, 0.000130039625219, 0.000117680749099, 7.1300950367e-05, 1.03722586573e-05, 1.39418007166e-05, 4.46224476036e-06, 6.00495559411e-06, 1.59107821673e-06, 8.98783071079e-07, 1.09109336677e-07, 1.0998531863e-08, 3.59759866342e-09, 2.06938977065e-09, 2.19668061519e-09, 2.3826145501e-09, 2.96550162204e-09, 2.12824668999e-09],
        "dvar": [2.88951523299e-12, 4.65587639553e-08, 3.768504655e-07, 1.83449074598e-07, 1.5379253e-06, 1.51729327627e-05, 2.1023699901e-06, 9.79337619356e-06, 3.75615684334e-07, 4.80035225792e-07, 5.25436519183e-07, 1.72235701257e-07, 1.08395219911e-07, 9.98397586827e-10, 9.3710617044e-10, 2.23415758116e-10, 3.73214015248e-10, 3.31612723392e-11, 4.87663416593e-11, 4.11523381561e-13, 1.70437502663e-15, 1.0503682355e-16, 3.07022725446e-18, 2.10192094401e-18, 1.81216784724e-18, 2.31011217123e-18, 1.66411864761e-18],
        "dvar2": [8.29325323692e-12, 1.35686462954e-07, 9.60696524999e-07, 3.64063765801e-07, 4.41624933956e-06, 4.69748956675e-05, 5.42527959624e-06, 1.28598230731e-05, 6.82624033743e-07, 8.89311877472e-07, 8.78041532815e-07, 3.24138028418e-07, 2.07828961152e-07, 1.73205250142e-09, 2.2785389131e-09, 3.71043112901e-10, 1.08074538208e-09, 7.38823793811e-11, 1.10227514616e-10, 6.46449365392e-13, 3.30528709634e-15, 2.03878448124e-16, 7.85210709043e-18, 5.56427482221e-18, 5.44071802693e-18, 6.70760262411e-18, 4.6173424452e-18],
        "max": [1.94214371732e-05, 0.00359820341691, 0.00991625431925, 0.0117875169963, 0.0190552808344, 0.110166572034, 0.0363003239036, 0.122689276934, 0.0218935813755, 0.0154435429722, 0.0327107049525, 0.0149364257231, 0.011342484504, 0.0011173740495, 0.000897322839592, 0.000491165439598, 0.00051215919666, 0.000122873141663, 0.000190036284039, 2.91252054012e-05, 1.35558639158e-06, 2.69877745041e-07, 3.78974398529e-08, 3.12981391914e-08, 1.83811526e-08, 1.60699844542e-08, 1.43078811021e-08],
        "mean": [1.2349617009e-06, 0.000207314194995, 0.00128632388078, 0.000666094361804, 0.00188785034698, 0.00377970375121, 0.00118463183753, 0.00248191086575, 0.00063255027635, 0.000871544936672, 0.000241508430918, 0.000236517575104, 0.000118244381156, 2.21821155719e-05, 2.48261003435e-05, 7.56550798542e-06, 6.6028587753e-06, 2.28412591241e-06, 1.16881392387e-06, 1.6688055382e-07, 1.68964060521e-08, 6.43765130093e-09, 4.51594894813e-09, 5.38103384073e-09, 6.35166497176e-09, 8.45035064145e-09, 3.61769103563e-09],
        "median": [7.05728098183e-07, 8.39957137941e-05, 0.000897669699043, 0.000388731947169, 0.00130311981775, 0.000915380544029, 0.000281942135189, 0.000320285354974, 0.000225117066293, 0.000480841757962, 4.66587298433e-05, 5.46595692867e-05, 1.37722026921e-05, 3.23735457641e-06, 6.76308764014e-06, 1.07975733954e-06, 2.61361464027e-07, 1.10261154873e-07, 1.81012413947e-08, 1.34060629264e-08, 5.64179192253e-09, 4.21987511601e-09, 4.11971257108e-09, 5.22019316662e-09, 6.31924645944e-09, 9.00371510681e-09, 3.53335272152e-09],
        "min": [5.05966233822e-24, 7.51377784879e-24, 1.36081156723e-23, 5.8184061118e-24, 5.88836324351e-23, 1.36312671622e-23, 7.9021597893e-23, 1.41806961609e-23, 8.43192658772e-23, 8.95896203414e-23, 9.00878333347e-23, 1.13807397696e-22, 1.48637436819e-22, 1.06761241604e-22, 1.47211428738e-22, 1.61805014697e-22, 2.06728472304e-22, 4.42708134165e-22, 1.97335372977e-22, 4.01160256547e-22, 3.62283146411e-22, 4.18168198638e-22, 7.20499052212e-22, 7.06073575667e-22, 1.39774489886e-21, 1.6704127901e-21, 2.32463480353e-21],
        "var": [2.71046054524e-12, 1.26487549323e-07, 1.54250153628e-06, 1.42693181715e-06, 4.51959658676e-06, 0.00010123832908, 1.13083697215e-05, 9.04447952053e-05, 2.88830869977e-06, 2.84534166894e-06, 2.60748606706e-06, 8.88861507065e-07, 4.20254082201e-07, 5.69991387422e-09, 4.86490092655e-09, 9.15635400833e-10, 9.25266196994e-10, 1.0285752805e-10, 9.23312953871e-11, 1.80268159341e-12, 4.16324952147e-15, 2.35481009158e-16, 7.93253799729e-18, 4.54137335056e-18, 3.9521701187e-18, 9.09248592565e-18, 2.5925649855e-18]
    },
    "erbbands": {
        "dmean": [0.000850449141581, 0.0365227684379, 0.378674685955, 0.683904051781, 0.561939418316, 2.85530591011, 4.09555625916, 12.5664958954, 6.70386791229, 15.3788852692, 7.31943893433, 4.98126220703, 4.39424991608, 8.86014080048, 1.914534688, 4.00428009033, 2.59176182747, 0.347479134798, 0.529393553734, 0.260096639395, 0.186061605811, 0.136069133878, 0.0801741704345, 0.0172234419733, 0.0340798422694, 0.00502964947373, 0.000900890736375, 0.000214594620047, 0.000105058956251, 4.72002720926e-05, 3.59424884664e-05, 3.0890947528e-05, 2.26173997362e-05, 1.75437799044e-05, 1.09462625915e-05, 6.55223129797e-06, 4.28460089097e-06, 2.12941176869e-06, 1.12948862352e-06, 2.67301288659e-06],
        "dmean2": [0.00144590216223, 0.0647242963314, 0.653283178806, 0.990922927856, 0.939824044704, 4.57083320618, 7.08132171631, 21.0112171173, 11.1352453232, 21.0112915039, 8.71382904053, 6.32141017914, 6.39218711853, 12.5725393295, 2.79842615128, 5.53545475006, 3.78948044777, 0.445681393147, 0.778700232506, 0.389147102833, 0.279015153646, 0.227031514049, 0.133365362883, 0.0260770786554, 0.0505033582449, 0.00726388813928, 0.00149454351049, 0.000316025456414, 0.000165254066815, 7.88369798101e-05, 6.14879827481e-05, 5.1840688684e-05, 3.87440013583e-05, 3.01067320834e-05, 1.89319216588e-05, 1.1105548765e-05, 7.02531906427e-06, 3.44150134879e-06, 1.5905654891e-06, 3.78515505872e-06],
        "dvar": [2.63355900643e-06, 0.00457419035956, 0.330595523119, 1.23535180092, 1.15984690189, 41.8663520813, 117.643379211, 1905.39819336, 527.122375488, 4544.31445312, 925.517700195, 293.528137207, 83.4295272827, 1358.82080078, 72.0740966797, 460.241485596, 280.01348877, 2.01663208008, 5.3084487915, 0.804494261742, 0.96096009016, 0.453109890223, 0.192123055458, 0.0206257104874, 0.158270522952, 0.00249960669316, 4.45611694886e-05, 1.50225821471e-06, 3.14684797331e-07, 1.18785754566e-08, 2.41990205652e-09, 1.65254065987e-09, 5.55493484544e-10, 3.28845312092e-10, 1.12233326799e-10, 3.96329635777e-11, 1.44293509433e-11, 3.27289757796e-12, 1.0721102825e-11, 5.89814794227e-11],
        "dvar2": [7.49624723539e-06, 0.0131517313421, 0.856344342232, 2.46380209923, 3.08521080017, 120.46055603, 384.635864258, 5630.41748047, 1432.22033691, 8425.77636719, 1314.16748047, 503.167602539, 161.988525391, 2539.84228516, 127.371910095, 854.316345215, 507.67868042, 2.61598396301, 9.14235019684, 1.70458304882, 1.95598757267, 1.26251268387, 0.514831900597, 0.04705286026, 0.348766535521, 0.00493901735172, 0.000117837342259, 2.61508807853e-06, 6.49563787647e-07, 2.41396289624e-08, 5.84324544306e-09, 4.29737179175e-09, 1.49504353342e-09, 9.21981491153e-10, 3.16093123898e-10, 1.04346725704e-10, 3.69458005856e-11, 7.94028991863e-12, 1.82401385662e-11, 1.02345937281e-10],
        "max": [0.0278241392225, 1.16530168056, 9.2718706131, 22.3037929535, 24.203918457, 91.6280212402, 243.017196655, 1356.57751465, 526.367919922, 2169.39282227, 1005.01293945, 645.340209961, 338.455047607, 1188.39343262, 349.724365234, 778.139038086, 592.245544434, 48.5506057739, 80.7311477661, 35.1513710022, 29.6424293518, 18.5288200378, 8.12835884094, 4.04051780701, 10.4503917694, 1.51003968716, 0.18132469058, 0.0318139828742, 0.0145084140822, 0.00328017189167, 0.00131660373881, 0.000924423336983, 0.000477407040307, 0.000341382692568, 0.00024870361085, 0.000169472186826, 9.27616420086e-05, 2.23472252401e-05, 0.000122275494505, 0.000283922709059],
        "mean": [0.00194947933778, 0.0751390829682, 0.954580962658, 2.46358466148, 1.48353266716, 8.30927467346, 13.8775463104, 43.603843689, 19.0745697021, 48.1659011841, 25.6852703094, 19.1981506348, 21.2988643646, 24.3497924805, 6.29651117325, 11.5278987885, 7.02546596527, 1.47570192814, 1.50109350681, 0.843082427979, 0.465990006924, 0.283976405859, 0.163099691272, 0.0407176651061, 0.0647694319487, 0.0111107835546, 0.0017989911139, 0.000539791537449, 0.000270944292424, 0.000162511118106, 0.000136417496833, 0.000119445227028, 9.92258064798e-05, 7.79573529144e-05, 5.36493389518e-05, 3.44108666468e-05, 1.99732021429e-05, 7.88253510109e-06, 6.78126161802e-06, 1.53110158863e-05],
        "median": [0.000944174127653, 0.0411765314639, 0.702039182186, 1.84152543545, 0.674609601498, 5.38965988159, 6.88170337677, 10.2938156128, 6.0698800087, 6.95221805573, 3.44432616234, 6.89120674133, 13.0990953445, 7.72195196152, 1.50220119953, 2.39459085464, 1.11880362034, 0.310655325651, 0.287590026855, 0.235610157251, 0.048309225589, 0.0161817353219, 0.00869535654783, 0.00210879114456, 0.000984547892585, 0.000655285723042, 0.000320569030009, 0.00017749312974, 0.000157033719006, 0.000130191445351, 0.000121572316857, 0.000110231914732, 9.34788185987e-05, 7.29948151275e-05, 4.99851375935e-05, 3.23931162711e-05, 1.97150475287e-05, 7.92806713434e-06, 3.17154353979e-06, 6.79638878864e-06],
        "min": [4.5507101081e-22, 1.00394240477e-21, 1.20879675308e-20, 1.47734182752e-20, 5.99084912407e-20, 1.38069420631e-19, 4.43952332552e-19, 1.1364114863e-19, 9.74039602674e-19, 7.02841769705e-19, 7.10847740661e-19, 1.87324190058e-18, 2.5192652027e-18, 3.93786072128e-18, 3.2705029836e-18, 4.81793581169e-18, 5.67451235526e-18, 6.35652442467e-18, 7.970412116e-18, 8.9812880359e-18, 8.92188571457e-18, 1.08251753645e-17, 2.1184583524e-17, 1.38543372374e-17, 1.36330440897e-17, 1.87514929636e-17, 1.52635171659e-17, 1.47523013494e-17, 1.47018863454e-17, 1.34503008672e-17, 2.02822419723e-17, 1.77296866791e-17, 1.29502379269e-17, 1.40125487645e-17, 1.12109087093e-17, 6.97481422201e-18, 2.74711809949e-18, 1.26272687723e-18, 3.23825777726e-19, 3.2995720878e-20],
        "var": [9.4133465609e-06, 0.0114645930007, 0.998683929443, 7.01473140717, 6.78145170212, 110.01121521, 575.68548584, 14959.0517578, 2164.43920898, 33180.5429688, 8219.84082031, 2644.28686523, 1078.5559082, 5803.86523438, 437.739471436, 2415.29589844, 1153.35473633, 21.2115573883, 24.3995494843, 5.29752779007, 3.57473611832, 1.34665763378, 0.500474572182, 0.0517010390759, 0.324979245663, 0.00789619237185, 0.000110459171992, 4.82536461277e-06, 6.18832643795e-07, 3.78836695347e-08, 8.28907076311e-09, 4.0538772339e-09, 1.90745841344e-09, 1.16710496822e-09, 5.62322299835e-10, 2.51900139636e-10, 7.34651645073e-11, 9.81720520848e-12, 1.69169761532e-10, 9.27787624505e-10]
    },
    "gfcc": {
        "mean": [-229.078643799, 241.137420654, -82.3111343384, -66.8993682861, -38.1879043579, -9.06080818176, -34.0413284302, -11.7648611069, -17.9848480225, -14.9189825058, -12.5374326706, -8.14015293121, -3.74403858185],
        "cov": [[5690.45849609, 1541.88012695, -1133.46057129, -202.068069458, 540.72869873, -544.242492676, 3.6733276844, 57.3993911743, 143.201385498, -51.3851280212, 261.922058105, -152.369186401, 47.5869369507], [1541.88012695, 540.18737793, -195.082168579, -83.6914520264, 151.820785522, -90.1501083374, -8.31296539307, -5.48870658875, 48.5256462097, -18.6398963928, 49.8245620728, -50.7322654724, 8.8327331543], [-1133.46057129, -195.082168579, 566.465393066, 57.3157234192, -156.14704895, 232.484863281, -13.4733285904, -75.3743591309, -47.2286643982, 2.25898981094, -126.304458618, 8.05952453613, -23.4781665802], [-202.068069458, -83.6914520264, 57.3157234192, 117.946098328, 41.7928085327, 20.7448043823, 21.9229011536, 7.44414377213, -9.77464771271, 7.14324617386, -4.23077392578, -2.86886548996, -12.3498086929], [540.72869873, 151.820785522, -156.14704895, 41.7928085327, 161.705780029, -44.731262207, 6.99858903885, 20.5436191559, 24.0518798828, -6.79542207718, 35.8529205322, -20.4936008453, 1.14960885048], [-544.242492676, -90.1501083374, 232.484863281, 20.7448043823, -44.731262207, 164.752929688, 4.75930356979, -28.111038208, -24.6508731842, 0.886966466904, -72.3691558838, 4.67024564743, -12.1536006927], [3.6733276844, -8.31296539307, -13.4733285904, 21.9229011536, 6.99858903885, 4.75930356979, 54.2162094116, 32.5207824707, 6.18376970291, 8.95485782623, 7.2392988205, -8.03872776031, -9.39546203613], [57.3993911743, -5.48870658875, -75.3743591309, 7.44414377213, 20.5436191559, -28.111038208, 32.5207824707, 59.5388679504, 26.9448261261, 5.28203630447, 18.2743377686, -1.80622684956, -7.80041790009], [143.201385498, 48.5256462097, -47.2286643982, -9.77464771271, 24.0518798828, -24.6508731842, 6.18376970291, 26.9448261261, 50.0284156799, 21.796377182, 15.6702709198, -13.388428688, -2.36546349525], [-51.3851280212, -18.6398963928, 2.25898981094, 7.14324617386, -6.79542207718, 0.886966466904, 8.95485782623, 5.28203630447, 21.796377182, 46.8824119568, 22.3624744415, -5.16127586365, -7.64609146118], [261.922058105, 49.8245620728, -126.304458618, -4.23077392578, 35.8529205322, -72.3691558838, 7.2392988205, 18.2743377686, 15.6702709198, 22.3624744415, 82.6938095093, 14.9176607132, -1.95302391052], [-152.369186401, -50.7322654724, 8.05952453613, -2.86886548996, -20.4936008453, 4.67024564743, -8.03872776031, -1.80622684956, -13.388428688, -5.16127586365, 14.9176607132, 45.9123649597, 11.9624700546], [47.5869369507, 8.8327331543, -23.4781665802, -12.3498086929, 1.14960885048, -12.1536006927, -9.39546203613, -7.80041790009, -2.36546349525, -7.64609146118, -1.95302391052, 11.9624700546, 33.4049949646]],
        "icov": [[0.00218270975165, -0.00609646132216, 0.00283695897087, -0.00255688023753, 0.00162659119815, 0.00161921582185, -5.47307754459e-05, 0.000303106557112, 0.00180620548781, -0.00112665968481, 0.00151489302516, 0.000325800356222, -1.83125230251e-05], [-0.00609646132216, 0.0226478148252, -0.0101673249155, 0.0143664935604, -0.0119518693537, -0.00204034242779, -0.00403646985069, 0.00406172731891, -0.00837688706815, 0.00670777913183, -0.00692850071937, 0.00235388078727, 3.79458106181e-05], [0.00283695897087, -0.0101673249155, 0.0139816999435, -0.0135747389868, 0.0138925127685, -0.00866664480418, 0.00212168740109, 0.00703875208274, -0.00459218025208, 0.00273741828278, 0.0026274449192, 7.42119518691e-05, 0.00249278591946], [-0.00255688023753, 0.0143664935604, -0.0135747389868, 0.0315111801028, -0.02521680668, 0.010828236118, -0.0105141308159, -0.00131304061506, 0.00801024865359, -0.00795249920338, 0.00320174824446, -0.00302242347971, 0.00351268076338], [0.00162659119815, -0.0119518693537, 0.0138925127685, -0.02521680668, 0.032491825521, -0.0153356390074, 0.00940556358546, 0.000566968636122, -0.00996440928429, 0.0129171675071, -0.0097455335781, 0.00868081208318, -0.00406270287931], [0.00161921582185, -0.00204034242779, -0.00866664480418, 0.010828236118, -0.0153356390074, 0.030351024121, -0.0108518134803, 0.00180915219244, 0.0108441943303, -0.0172942299396, 0.0226739123464, -0.0148146944121, 0.00852560717613], [-5.47307754459e-05, -0.00403646985069, 0.00212168740109, -0.0105141308159, 0.00940556358546, -0.0108518134803, 0.0428445525467, -0.0319249369204, 0.0146525092423, -0.00519694620743, -0.00906475353986, 0.0142600610852, -0.00671537499875], [0.000303106557112, 0.00406172731891, 0.00703875208274, -0.00131304061506, 0.000566968636122, 0.00180915219244, -0.0319249369204, 0.0602832436562, -0.0380271598697, 0.0184517037123, 0.0029779789038, -0.0128642218187, 0.0150036690757], [0.00180620548781, -0.00837688706815, -0.00459218025208, 0.00801024865359, -0.00996440928429, 0.0108441943303, 0.0146525092423, -0.0380271598697, 0.0633081793785, -0.03737334162, 0.0104891657829, 0.00617757253349, -0.00676490459591], [-0.00112665968481, 0.00670777913183, 0.00273741828278, -0.00795249920338, 0.0129171675071, -0.0172942299396, -0.00519694620743, 0.0184517037123, -0.03737334162, 0.0597569234669, -0.0332950241864, 0.0172371137887, -0.00216232286766], [0.00151489302516, -0.00692850071937, 0.0026274449192, 0.00320174824446, -0.0097455335781, 0.0226739123464, -0.00906475353986, 0.0029779789038, 0.0104891657829, -0.0332950241864, 0.0533559247851, -0.0336554609239, 0.0177283361554], [0.000325800356222, 0.00235388078727, 7.42119518691e-05, -0.00302242347971, 0.00868081208318, -0.0148146944121, 0.0142600610852, -0.0128642218187, 0.00617757253349, 0.0172371137887, -0.0336554609239, 0.0534456819296, -0.0235575493425], [-1.83125230251e-05, 3.79458106181e-05, 0.00249278591946, 0.00351268076338, -0.00406270287931, 0.00852560717613, -0.00671537499875, 0.0150036690757, -0.00676490459591, -0.00216232286766, 0.0177283361554, -0.0235575493425, 0.0463573299348]]
    },
    "melbands": {
        "dmean": [1.80587339855e-05, 0.000145115773194, 0.000107364365249, 9.40013414947e-05, 0.000158436960191, 0.000253717560554, 9.43431223277e-05, 0.000181505543878, 4.78180554637e-05, 3.04265304294e-05, 2.20317797357e-05, 3.71092683054e-05, 8.03371131042e-06, 8.29481086839e-06, 8.95044649951e-06, 3.68510040971e-06, 5.24970459992e-07, 9.36259880291e-07, 6.15853650743e-07, 2.63403762801e-07, 2.43419179924e-07, 1.68116301325e-07, 1.46500980236e-07, 2.63803894285e-08, 1.37294353664e-08, 2.10291766223e-08, 1.73051635244e-08, 1.4805424664e-09, 7.84338149984e-10, 1.68929550903e-10, 1.0031696307e-10, 6.87992579573e-11, 4.00503172293e-11, 2.65570464925e-11, 2.33839978631e-11, 2.25973788293e-11, 2.07898386007e-11, 1.77486653846e-11, 1.79515742549e-11, 1.63109022816e-11],
        "dmean2": [3.14976168738e-05, 0.000249861710472, 0.000162054057, 0.000153592496645, 0.000264605390839, 0.000427166407462, 0.000157469592523, 0.000237403452047, 5.64314941585e-05, 3.86684369005e-05, 3.19400460285e-05, 5.26276999153e-05, 1.20348795463e-05, 1.18647949421e-05, 1.28963747557e-05, 4.99334873894e-06, 7.30476244826e-07, 1.34469485147e-06, 1.01750288195e-06, 3.84050224511e-07, 3.81730671961e-07, 2.6946207754e-07, 2.63282885271e-07, 3.63198324749e-08, 2.15712248064e-08, 3.1363299513e-08, 2.46564386686e-08, 2.50901099896e-09, 1.33818800485e-09, 2.50705151084e-10, 1.56558294107e-10, 1.09665818093e-10, 6.45288752987e-11, 4.5218957051e-11, 4.03454214482e-11, 3.8405542635e-11, 3.56301203819e-11, 3.03991207207e-11, 3.08831224483e-11, 2.85709737119e-11],
        "dvar": [1.17814336065e-09, 4.89759415245e-08, 2.92482855713e-08, 4.42246097521e-08, 1.45330119494e-07, 7.65317565765e-07, 1.03998438306e-07, 6.24335712018e-07, 4.50704931154e-08, 9.56640278105e-09, 1.98683691721e-09, 2.19499689535e-08, 2.87129608978e-09, 2.02993488685e-09, 1.43154565979e-09, 5.20174459062e-10, 2.53771873307e-12, 1.84661157893e-11, 4.44506497582e-12, 9.96087544045e-13, 1.83990800026e-12, 8.51716375379e-13, 8.58499469431e-13, 3.47342394105e-14, 1.24924323883e-14, 6.43087471296e-14, 3.56819642464e-14, 1.32515353218e-16, 3.19309682808e-17, 1.04620459707e-18, 2.3450012019e-19, 1.44044947527e-19, 2.00949894264e-20, 1.71776696166e-21, 8.87820968804e-22, 1.02157552859e-21, 6.04041523636e-22, 2.95079921812e-22, 3.20238450506e-22, 2.4205857351e-22],
        "dvar2": [3.34813998748e-09, 1.28703078417e-07, 6.14088406792e-08, 1.25002443951e-07, 4.70385799645e-07, 2.30159366765e-06, 2.77675809457e-07, 1.04062155515e-06, 7.20143589206e-08, 1.67447620214e-08, 3.82045239888e-09, 4.12977314568e-08, 5.12007369835e-09, 3.92767995905e-09, 2.78258394104e-09, 8.61622662107e-10, 3.89948967214e-12, 3.046512001e-11, 1.21268108402e-11, 1.65391788806e-12, 4.22280396414e-12, 2.36740293168e-12, 2.57713880618e-12, 6.34908250106e-14, 2.86567949546e-14, 1.4912790241e-13, 7.34403044021e-14, 2.99301050676e-16, 9.56231243674e-17, 1.78656888202e-18, 4.23756769595e-19, 3.3223375846e-19, 3.99683202981e-20, 4.56460193602e-21, 2.18350963231e-21, 2.62665347013e-21, 1.60506117982e-21, 8.23301385896e-22, 9.26394121368e-22, 6.94800866928e-22],
        "max": [0.000594476005062, 0.0034501273185, 0.00410154554993, 0.00332480645739, 0.00767757557333, 0.0263849180192, 0.00730836810544, 0.0275967288762, 0.00739809498191, 0.00343996612355, 0.00162715779152, 0.00438770186156, 0.00235368101858, 0.00156680459622, 0.000987757812254, 0.000813130231109, 4.77920693811e-05, 0.000156682697707, 6.40991565888e-05, 3.48543508153e-05, 3.53679897671e-05, 2.89887975669e-05, 1.8008015104e-05, 6.01477813689e-06, 2.83855456473e-06, 7.08093648427e-06, 4.97954260936e-06, 4.21858203481e-07, 1.44041464978e-07, 3.39758869927e-08, 1.38622899826e-08, 1.01713073519e-08, 5.0736588264e-09, 1.09040321217e-09, 7.87334641927e-10, 7.69455776872e-10, 5.67580704658e-10, 2.49458953494e-10, 2.60189925161e-10, 2.16312440182e-10],
        "mean": [3.63359213225e-05, 0.000390747940401, 0.000397399504436, 0.000284318550257, 0.000558611762244, 0.000872239179444, 0.000268633186352, 0.00058145087678, 0.000172804007889, 0.000111721055873, 0.000103011159808, 9.97971801553e-05, 2.26713164011e-05, 2.32126749324e-05, 2.54443184531e-05, 1.022485867e-05, 1.9467547645e-06, 2.48127912528e-06, 1.88061142126e-06, 6.32986143501e-07, 5.28996963567e-07, 3.34076560193e-07, 2.20999297085e-07, 7.58969704862e-08, 2.68255746505e-08, 3.84282614618e-08, 3.42673516229e-08, 2.82181722433e-09, 1.33185562579e-09, 3.65506319655e-10, 2.38267988673e-10, 1.52966875278e-10, 1.0438878234e-10, 7.83296622009e-11, 7.35914038041e-11, 7.15734277401e-11, 6.68691629846e-11, 6.32790486677e-11, 6.18657347573e-11, 5.75925765411e-11],
        "median": [1.46821357703e-05, 0.00030362533289, 0.00029203252052, 0.000174593777047, 0.000311920273816, 0.000215841617319, 8.13706938061e-05, 8.19833076093e-05, 2.42092228291e-05, 4.29668252764e-05, 6.39607169433e-05, 3.04573768517e-05, 4.59631746708e-06, 4.17687169829e-06, 6.43456587568e-06, 1.12680061193e-06, 4.17112147488e-07, 4.14699115936e-07, 4.99436168866e-07, 1.28752816408e-07, 3.53189264501e-08, 1.60191202525e-08, 8.91137297288e-09, 4.67796645864e-09, 1.09554887384e-09, 6.29027496757e-10, 6.48574305373e-10, 3.4580599495e-10, 2.33257663185e-10, 1.01303868072e-10, 9.84864481635e-11, 8.84099737863e-11, 7.43809597248e-11, 6.78994221959e-11, 6.5810280836e-11, 6.62822574604e-11, 6.27227644823e-11, 6.10604344864e-11, 5.98303351307e-11, 5.59458521177e-11],
        "min": [2.91990829282e-24, 4.56721789029e-24, 4.084042558e-24, 5.95591166733e-24, 1.45213168334e-23, 3.05134080267e-24, 1.4496575e-23, 5.93177922895e-24, 7.63839420599e-24, 1.12488070431e-23, 1.23001401153e-23, 1.57882479576e-23, 1.07243525918e-23, 1.50413512971e-23, 9.30263118077e-24, 1.40787453552e-23, 1.17595179597e-23, 1.32490971858e-23, 8.70461545004e-24, 1.53369138124e-23, 1.04421731017e-23, 1.11537737587e-23, 1.4706552418e-23, 2.14292644954e-23, 9.72531389784e-24, 9.11605374377e-24, 1.21442604115e-23, 1.27385385193e-23, 8.58962556247e-24, 9.73522909055e-24, 8.09669083748e-24, 8.27298862803e-24, 7.83688107607e-24, 7.47373132494e-24, 1.01015729395e-23, 1.51478459416e-23, 9.33094734296e-24, 7.46742911516e-24, 1.16970299208e-23, 1.15168564566e-23],
        "var": [3.96496924182e-09, 1.47929867467e-07, 2.10717558957e-07, 1.53534088554e-07, 7.27643737264e-07, 5.68745781493e-06, 4.41681095253e-07, 5.02565990246e-06, 3.80478894613e-07, 7.7271806731e-08, 2.40174991006e-08, 9.08603681182e-08, 1.36897266856e-08, 9.4442755838e-09, 6.69161881461e-09, 2.66926147852e-09, 2.65811313932e-11, 7.76051237161e-11, 2.76627991347e-11, 4.21934319081e-12, 5.58508621296e-12, 2.41058215056e-12, 1.08799644641e-12, 1.83201910131e-13, 2.65705324767e-14, 1.16006691558e-13, 8.98387741695e-14, 4.04451773688e-16, 6.02246976768e-17, 3.08900528834e-18, 6.41757635094e-19, 2.11619464341e-19, 4.56162319724e-20, 4.15328274136e-21, 2.37124651182e-21, 1.79409416411e-21, 1.01308157924e-21, 6.29986540342e-22, 5.63768672433e-22, 4.57760660466e-22]
    },
    "mfcc": {
        "mean": [-856.98059082, 257.292938232, 33.9057197571, -33.3316078186, -4.85576486588, -0.674203515053, -10.0536251068, -6.20781564713, -3.09778475761, -7.51174736023, -10.4981555939, -8.20861911774, -5.27052688599],
        "cov": [[3074.4921875, 1676.91796875, -1034.31726074, -116.023826599, 339.850311279, -294.107635498, -138.066650391, 46.3810577393, -63.4013710022, -0.403530448675, 75.6069335938, 147.392105103, 164.581008911], [1676.91796875, 1128.90600586, -331.688995361, -136.072738647, 161.054138184, -65.0030441284, -81.2848205566, 6.0616607666, -6.4519033432, 3.04951691628, 19.9021949768, 44.3087463379, 53.1263656616], [-1034.31726074, -331.688995361, 641.951171875, 9.24548339844, -156.81010437, 196.450317383, 65.3497390747, -43.21925354, 39.6031532288, 11.9777364731, -45.5712928772, -94.4915008545, -97.7061843872], [-116.023826599, -136.072738647, 9.24548339844, 110.541381836, 17.5246582031, -18.2175235748, 33.4477577209, 7.43527984619, -18.4657859802, 3.06185245514, 9.3406496048, 8.19612121582, 9.47762775421], [339.850311279, 161.054138184, -156.81010437, 17.5246582031, 133.101013184, 4.49183130264, -23.5414428711, 24.7693748474, 7.55449724197, -10.7026386261, 6.93982648849, 34.1566162109, 33.7060546875], [-294.107635498, -65.0030441284, 196.450317383, -18.2175235748, 4.49183130264, 134.292007446, 32.4639091492, -11.3013963699, 30.8383350372, 6.08404493332, -21.0227355957, -30.4830722809, -30.2034568787], [-138.066650391, -81.2848205566, 65.3497390747, 33.4477577209, -23.5414428711, 32.4639091492, 59.1535339355, 11.6662149429, -4.54663228989, 7.92835855484, 4.91136074066, -4.82012748718, -6.72774839401], [46.3810577393, 6.0616607666, -43.21925354, 7.43527984619, 24.7693748474, -11.3013963699, 11.6662149429, 51.881603241, 25.9548511505, -11.823964119, -2.29796290398, 24.0107078552, 18.8863162994], [-63.4013710022, -6.4519033432, 39.6031532288, -18.4657859802, 7.55449724197, 30.8383350372, -4.54663228989, 25.9548511505, 60.0569419861, 18.7046146393, -14.2306451797, -7.05575227737, -0.496850728989], [-0.403530448675, 3.04951691628, 11.9777364731, 3.06185245514, -10.7026386261, 6.08404493332, 7.92835855484, -11.823964119, 18.7046146393, 66.3674468994, 41.2246513367, -16.5737266541, -16.4431743622], [75.6069335938, 19.9021949768, -45.5712928772, 9.3406496048, 6.93982648849, -21.0227355957, 4.91136074066, -2.29796290398, -14.2306451797, 41.2246513367, 71.5988922119, 28.3095302582, -0.56496655941], [147.392105103, 44.3087463379, -94.4915008545, 8.19612121582, 34.1566162109, -30.4830722809, -4.82012748718, 24.0107078552, -7.05575227737, -16.5737266541, 28.3095302582, 74.8874816895, 53.3263168335], [164.581008911, 53.1263656616, -97.7061843872, 9.47762775421, 33.7060546875, -30.2034568787, -6.72774839401, 18.8863162994, -0.496850728989, -16.4431743622, -0.56496655941, 53.3263168335, 66.7886734009]],
