{
"lowlevel": {
    "average_loudness": 0.94080632925,
    "barkbands_crest": {
        "dmean": 2.46995711327,
        "dmean2": 3.7088561058,
        "dvar": 4.96920633316,
        "dvar2": 9.67452716827,
        "max": 25.8538303375,
        "mean": 12.1390447617,
        "median": 11.3631849289,
        "min": 2.71572709084,
        "var": 22.255317688
    },
    "barkbands_flatness_db": {
        "dmean": 0.0247603580356,
        "dmean2": 0.0344865359366,
        "dvar": 0.000552983139642,
        "dvar2": 0.000979771604761,
        "max": 0.401961684227,
        "mean": 0.221778020263,
        "median": 0.221300333738,
        "min": 0.0229677464813,
        "var": 0.00349673395976
    },
    "barkbands_kurtosis": {
        "dmean": 5.55208110809,
        "dmean2": 8.10015964508,
        "dvar": 62.7563743591,
        "dvar2": 132.393936157,
        "max": 143.191375732,
        "mean": 11.6988039017,
        "median": 8.06393718719,
        "min": -1.85125732422,
        "var": 180.425872803
    },
    "barkbands_skewness": {
        "dmean": 0.679664075375,
        "dmean2": 0.954186856747,
        "dvar": 0.559832036495,
        "dvar2": 1.04035615921,
        "max": 10.4773378372,
        "mean": 2.30637741089,
        "median": 2.29766845703,
        "min": -4.80456924438,
        "var": 2.70296525955
    },
    "barkbands_spread": {
        "dmean": 4.22750663757,
        "dmean2": 6.22615098953,
        "dvar": 42.1609764099,
        "dvar2": 81.8516921997,
        "max": 84.0019989014,
        "mean": 12.7000904083,
        "median": 9.09175872803,
        "min": 0.765155613422,
        "var": 134.47946167
    },
    "dissonance": {
        "dmean": 0.024433657527,
        "dmean2": 0.0396421737969,
        "dvar": 0.000529364333488,
        "dvar2": 0.00140230101533,
        "max": 0.499343276024,
        "mean": 0.440059453249,
        "median": 0.446331650019,
        "min": 0.278869211674,
        "var": 0.00141912919935
    },
    "dynamic_complexity": 3.8551595211,
    "erbbands_crest": {
        "dmean": 3.14670872688,
        "dmean2": 4.93116044998,
        "dvar": 7.93242120743,
        "dvar2": 19.6768093109,
        "max": 26.6334476471,
        "mean": 11.5850801468,
        "median": 10.7041902542,
        "min": 3.35527801514,
        "var": 23.7587795258
    },
    "erbbands_flatness_db": {
        "dmean": 0.0198195055127,
        "dmean2": 0.0271128434688,
        "dvar": 0.000351931084879,
        "dvar2": 0.000704145699274,
        "max": 0.355813890696,
        "mean": 0.226088091731,
        "median": 0.222978591919,
        "min": 0.0728668347001,
        "var": 0.00182632985525
    },
    "erbbands_kurtosis": {
        "dmean": 1.92882299423,
        "dmean2": 3.004570961,
        "dvar": 10.3675642014,
        "dvar2": 26.8987827301,
        "max": 43.5835952759,
        "mean": 1.95742475986,
        "median": 0.377628326416,
        "min": -1.87032091618,
        "var": 21.2525501251
    },
    "erbbands_skewness": {
        "dmean": 0.520339429379,
        "dmean2": 0.752033472061,
        "dvar": 0.319153755903,
        "dvar2": 0.655943572521,
        "max": 5.5421037674,
        "mean": 0.842623531818,
        "median": 0.874769032001,
        "min": -4.48452758789,
        "var": 1.49069368839
    },
    "erbbands_spread": {
        "dmean": 8.59450244904,
        "dmean2": 12.4935932159,
        "dvar": 81.7552032471,
        "dvar2": 188.298019409,
        "max": 97.5275802612,
        "mean": 34.6879272461,
        "median": 33.723865509,
        "min": 2.63494729996,
        "var": 233.529846191
    },
    "hfc": {
        "dmean": 3.28363466263,
        "dmean2": 4.21288776398,
        "dvar": 28.6448097229,
        "dvar2": 45.2499923706,
        "max": 98.2581253052,
        "mean": 10.0921106339,
        "median": 6.32493591309,
        "min": 1.13215323703e-16,
        "var": 137.78565979
    },
    "melbands_crest": {
        "dmean": 3.14626407623,
        "dmean2": 4.95048141479,
        "dvar": 8.37328529358,
        "dvar2": 18.3213481903,
        "max": 32.3185195923,
        "mean": 15.3287200928,
        "median": 14.7513217926,
        "min": 1.98752510548,
        "var": 29.606426239
    },
    "melbands_flatness_db": {
        "dmean": 0.0298440810293,
        "dmean2": 0.0402099601924,
        "dvar": 0.000931685441174,
        "dvar2": 0.00153703615069,
        "max": 0.512247979641,
        "mean": 0.271896123886,
        "median": 0.275034159422,
        "min": 0.00450340658426,
        "var": 0.00616030255333
    },
    "melbands_kurtosis": {
        "dmean": 9.85096549988,
        "dmean2": 14.6633787155,
        "dvar": 185.325057983,
        "dvar2": 438.84197998,
        "max": 161.690139771,
        "mean": 21.9188957214,
        "median": 16.2267780304,
        "min": -1.7645226717,
        "var": 459.520935059
    },
    "melbands_skewness": {
        "dmean": 0.85570371151,
        "dmean2": 1.25408327579,
        "dvar": 0.795454859734,
        "dvar2": 1.70118165016,
        "max": 10.0030832291,
        "mean": 3.16521763802,
        "median": 3.00763607025,
        "min": -2.81749129295,
        "var": 3.06146407127
    },
    "melbands_spread": {
        "dmean": 6.59721088409,
        "dmean2": 9.38153934479,
        "dvar": 187.306930542,
        "dvar2": 356.704681396,
        "max": 160.900939941,
        "mean": 15.9171895981,
        "median": 8.72783756256,
        "min": 0.81871253252,
        "var": 446.587097168
    },
    "pitch_salience": {
        "dmean": 0.0676173195243,
        "dmean2": 0.105906009674,
        "dvar": 0.00436305301264,
        "dvar2": 0.0102002089843,
        "max": 0.839819431305,
        "mean": 0.52332419157,
        "median": 0.528727173805,
        "min": 0.126928925514,
        "var": 0.0150415301323
    },
    "silence_rate_20dB": {
        "dmean": 0,
        "dmean2": 0,
        "dvar": 0,
        "dvar2": 0,
        "max": 1,
        "mean": 1,
        "median": 1,
        "min": 1,
        "var": 0
    },
    "silence_rate_30dB": {
        "dmean": 0,
        "dmean2": 0,
        "dvar": 0,
        "dvar2": 0,
        "max": 1,
        "mean": 1,
        "median": 1,
        "min": 1,
        "var": 0
    },
    "silence_rate_60dB": {
        "dmean": 0.0526315793395,
        "dmean2": 0.105344690382,
        "dvar": 0.0498610921204,
        "dvar2": 0.10509224236,
        "max": 1,
        "mean": 0.136890947819,
        "median": 0,
        "min": 0,
        "var": 0.118151150644
    },
    "spectral_centroid": {
        "dmean": 238.263793945,
        "dmean2": 329.528808594,
        "dvar": 212225.8125,
        "dvar2": 301462.84375,
        "max": 10848.7998047,
        "mean": 951.790527344,
        "median": 667.494567871,
        "min": 200.609802246,
        "var": 697729.4375
    },
    "spectral_complexity": {
        "dmean": 2.41176462173,
        "dmean2": 3.36483335495,
        "dvar": 6.05954313278,
        "dvar2": 10.6515522003,
        "max": 38,
        "mean": 10.1500387192,
        "median": 9,
        "min": 0,
        "var": 34.3471984863
    },
    "spectral_decrease": {
        "dmean": 1.49334256072e-09,
        "dmean2": 2.04658134884e-09,
        "dvar": 2.8384051315e-18,
        "dvar2": 4.96753969728e-18,
        "max": -7.59866932688e-29,
        "mean": -4.96211782774e-09,
        "median": -4.09629974385e-09,
        "min": -2.03621048911e-08,
        "var": 1.70989962036e-17
    },
    "spectral_energy": {
        "dmean": 0.00587701424956,
        "dmean2": 0.0080245565623,
        "dvar": 4.36270420323e-05,
        "dvar2": 7.58590249461e-05,
        "max": 0.081592105329,
        "mean": 0.0196435470134,
        "median": 0.0164357349277,
        "min": 1.05557495398e-20,
        "var": 0.00026530501782
    },
    "spectral_energyband_high": {
        "dmean": 0.000148774604895,
        "dmean2": 0.00019473436987,
        "dvar": 2.53520369142e-07,
        "dvar2": 4.6657794428e-07,
        "max": 0.0124095696956,
        "mean": 0.000252549711149,
        "median": 7.066289254e-05,
        "min": 7.86612331048e-21,
        "var": 6.04607635069e-07
    },
    "spectral_energyband_low": {
        "dmean": 0.00107306730933,
        "dmean2": 0.00156193738803,
        "dvar": 3.01153045257e-06,
        "dvar2": 6.49870116831e-06,
        "max": 0.0179138481617,
        "mean": 0.00245189433917,
        "median": 0.00133801368065,
        "min": 8.48166773878e-23,
        "var": 8.41859764478e-06
    },
    "spectral_energyband_middle_high": {
        "dmean": 0.000795163854491,
        "dmean2": 0.00100279832259,
        "dvar": 2.57347141996e-06,
        "dvar2": 4.29615010944e-06,
        "max": 0.0335120819509,
        "mean": 0.00200872123241,
        "median": 0.000829463882837,
        "min": 1.5851102943e-21,
        "var": 1.31321048684e-05
    },
    "spectral_energyband_middle_low": {
        "dmean": 0.00514784548432,
        "dmean2": 0.00726715335622,
        "dvar": 3.52098650183e-05,
        "dvar2": 6.71344751026e-05,
        "max": 0.0691483989358,
        "mean": 0.0154935847968,
        "median": 0.0127464486286,
        "min": 2.24799508594e-22,
        "var": 0.000190230945009
    },
    "spectral_entropy": {
        "dmean": 0.215261682868,
        "dmean2": 0.297581642866,
        "dvar": 0.0509421154857,
        "dvar2": 0.087772578001,
        "max": 9.80306911469,
        "mean": 6.93188667297,
        "median": 6.97069358826,
        "min": 4.92388916016,
        "var": 0.276521503925
    },
    "spectral_flux": {
        "dmean": 0.0208598859608,
        "dmean2": 0.033447150141,
        "dvar": 0.000397933210479,
        "dvar2": 0.000997369061224,
        "max": 0.2233145684,
        "mean": 0.0631708204746,
        "median": 0.0574077628553,
        "min": 1.02741176677e-10,
        "var": 0.00131352583412
    },
    "spectral_kurtosis": {
        "dmean": 3.2914814949,
        "dmean2": 5.63444280624,
        "dvar": 11.1126012802,
        "dvar2": 30.344379425,
        "max": 37.0632209778,
        "mean": 5.27885293961,
        "median": 4.0293340683,
        "min": -1.20098400116,
        "var": 20.2963848114
    },
    "spectral_rms": {
        "dmean": 0.000665290921461,
        "dmean2": 0.000877840793692,
        "dvar": 4.33281570622e-07,
        "dvar2": 6.62509933136e-07,
        "max": 0.00892199855298,
        "mean": 0.00393598340452,
        "median": 0.00400435552001,
        "min": 3.20909509903e-12,
        "var": 3.67249958799e-06
    },
    "spectral_rolloff": {
        "dmean": 324.047302246,
        "dmean2": 500.868560791,
        "dvar": 726501.625,
        "dvar2": 1021189.5625,
        "max": 18712.3535156,
        "mean": 970.944335938,
        "median": 452.197265625,
        "min": 172.265625,
        "var": 1605614.5
    },
    "spectral_skewness": {
        "dmean": 0.382250458002,
        "dmean2": 0.612977981567,
        "dvar": 0.129223495722,
        "dvar2": 0.308215349913,
        "max": 4.89452028275,
        "mean": 1.457914114,
        "median": 1.41792714596,
        "min": -0.347776323557,
        "var": 0.446428179741
    },
    "spectral_spread": {
        "dmean": 398956.6875,
        "dmean2": 586397.25,
        "dvar": 1.07327848448e+12,
        "dvar2": 1.1122549719e+12,
        "max": 40707932,
        "mean": 3249637,
        "median": 3169349.25,
        "min": 1341468.875,
        "var": 1.55098297139e+12
    },
    "spectral_strongpeak": {
        "dmean": 0.376474589109,
        "dmean2": 0.605308353901,
        "dvar": 0.272689193487,
        "dvar2": 0.612500071526,
        "max": 6.09178876877,
        "mean": 0.903832733631,
        "median": 0.650089859962,
        "min": 0,
        "var": 0.781399726868
    },
    "zerocrossingrate": {
        "dmean": 0.0085747782141,
        "dmean2": 0.00908293854445,
        "dvar": 0.000383700942621,
        "dvar2": 0.000347994006006,
        "max": 0.49072265625,
        "mean": 0.039041351527,
        "median": 0.029296875,
        "min": 0.0078125,
        "var": 0.00129416387063
    },
    "barkbands": {
        "dmean": [1.47877817653e-05, 0.000711748143658, 0.000263421505224, 0.00143477343954, 0.00287510338239, 0.00127215741668, 0.00144708133303, 0.000508130993694, 0.00028556023608, 0.000112603149319, 0.000120903227071, 0.000182578660315, 0.000121712662803, 6.28562629572e-05, 0.000109183682071, 9.69668253674e-05, 0.000130125044961, 0.000140936273965, 0.000105533843453, 0.000108001710032, 6.45087711746e-05, 1.7746577214e-05, 2.0729001335e-05, 8.76462945598e-06, 3.84101866757e-07, 2.26882441723e-08, 2.60005927899e-09],
        "dmean2": [2.43178092205e-05, 0.0010469983099, 0.000435848924099, 0.00227046268992, 0.00417716149241, 0.00187103019562, 0.00213335105218, 0.000757018628065, 0.00039207257214, 0.000161170610227, 0.000171330495505, 0.000248487776844, 0.000167199308635, 9.63921556831e-05, 0.000159601026098, 0.000141206663102, 0.000186955774552, 0.000213448962313, 0.000158528680913, 0.00015617403551, 8.92619500519e-05, 2.48456253757e-05, 3.00981373584e-05, 1.3258524632e-05, 5.72510089114e-07, 3.43972708094e-08, 4.31975299975e-09],
        "dvar": [8.71741623332e-10, 1.78668744866e-06, 2.51540711815e-07, 4.64485401608e-06, 1.33340217872e-05, 5.26287021785e-06, 9.3124281193e-06, 3.90259992855e-06, 5.98805286245e-07, 1.37713897175e-07, 2.207539751e-07, 9.89092541204e-07, 1.50970507207e-07, 3.95739334635e-08, 7.82332278959e-08, 1.43427882904e-07, 1.13835838533e-07, 1.5436367562e-07, 1.69753207047e-07, 2.35436047547e-07, 4.18512513534e-08, 3.09676928545e-09, 4.03632149926e-09, 1.00085584265e-09, 1.49499401574e-12, 4.07762169028e-15, 5.14862392631e-17],
        "dvar2": [2.07765160631e-09, 3.97256326323e-06, 6.23538028321e-07, 1.22719720821e-05, 2.71843491646e-05, 8.92717707757e-06, 1.7768714315e-05, 7.76434717409e-06, 1.33372782329e-06, 2.52948098023e-07, 3.32818075321e-07, 1.8239553583e-06, 2.72650254374e-07, 9.02541970049e-08, 1.66786804812e-07, 2.97877278399e-07, 1.95384473045e-07, 3.50095263002e-07, 3.04077502733e-07, 4.17329999891e-07, 8.61937010654e-08, 4.91921392509e-09, 9.21372134144e-09, 2.56912668917e-09, 3.8529804347e-12, 8.97772338377e-15, 1.23393298067e-16],
        "max": [0.000364373379853, 0.0122059797868, 0.00546186137944, 0.0214490443468, 0.0485699176788, 0.0343638435006, 0.046137034893, 0.0409201085567, 0.011402959004, 0.0104640461504, 0.0202939771116, 0.0251112412661, 0.00891536381096, 0.00426783738658, 0.0046205939725, 0.00675811152905, 0.00956725329161, 0.00680366484448, 0.010431391187, 0.0126792779192, 0.00452603073791, 0.00139630399644, 0.00147969601676, 0.000620728940703, 2.68567710009e-05, 1.22760093291e-06, 1.07362353674e-07],
        "mean": [2.08995734283e-05, 0.00151713425294, 0.000403883605031, 0.00226854882203, 0.00690731499344, 0.00233046733774, 0.00261896825396, 0.00076125212945, 0.000520188652445, 0.000191865721717, 0.000216951128095, 0.000266207993263, 0.000200762660825, 9.11761599127e-05, 0.000155270303367, 0.000160308933118, 0.000229502285947, 0.000256636238191, 0.000173481384991, 0.000181197436177, 0.000102878460893, 2.97640199278e-05, 2.78454790532e-05, 1.05495746539e-05, 4.89336741794e-07, 2.72383093858e-08, 2.78411937948e-09],
        "median": [3.87417958336e-06, 0.000577406142838, 0.000162569791428, 0.00113735254854, 0.00434031663463, 0.000600265571848, 0.000532204459887, 8.10755009297e-05, 0.000154104171088, 5.36253828614e-05, 3.74275514332e-05, 3.59526129614e-05, 3.76240423066e-05, 2.67032646661e-05, 4.15352551499e-05, 1.80293209269e-05, 6.48376881145e-05, 3.83608494303e-05, 3.2660067518e-05, 3.07148766296e-05, 2.72599936579e-05, 8.84850305738e-06, 5.62677041671e-06, 1.61605737503e-06, 1.08804513843e-07, 5.50067946747e-09, 1.01513453199e-09],
        "min": [7.47429378276e-24, 5.4513690119e-23, 1.23001322267e-23, 1.85650304554e-23, 4.76242586002e-23, 4.70621636508e-23, 4.62467875529e-23, 3.69007201129e-23, 1.91525898348e-23, 5.2196966568e-23, 4.79005460882e-23, 1.80585672392e-22, 1.04678270161e-22, 1.20657398791e-22, 2.44315346787e-22, 1.05186296584e-22, 1.42381441674e-22, 2.31942397966e-22, 2.33170420893e-22, 3.04559959922e-22, 5.55296281068e-22, 5.06271440951e-22, 8.1887013331e-22, 6.80190153221e-22, 1.51164823466e-21, 1.54612233974e-21, 2.33269395799e-21],
        "var": [2.01589545057e-09, 4.33880268247e-06, 3.92206374045e-07, 8.4798593889e-06, 5.77654100198e-05, 2.03313447855e-05, 3.0925104511e-05, 8.46192779136e-06, 1.26089844343e-06, 4.256014563e-07, 1.38318728204e-06, 2.0357606445e-06, 4.54144327477e-07, 7.5125086596e-08, 1.26707064396e-07, 3.24408262031e-07, 3.5244221408e-07, 3.73604848392e-07, 4.71683136993e-07, 6.35888795841e-07, 8.93084859399e-08, 7.9863005098e-09, 6.81273792935e-09, 1.04469044526e-09, 1.55575921069e-12, 5.62534358491e-15, 5.42904907275e-17]
    },
    "erbbands": {
        "dmean": [0.0172191075981, 0.170172989368, 0.336974263191, 1.99987137318, 10.7188253403, 9.53308773041, 5.64776086807, 11.4330015182, 23.2990283966, 13.2440547943, 12.3055791855, 5.59060287476, 3.00320005417, 3.30243587494, 5.01261997223, 7.32547664642, 4.95590782166, 3.32205057144, 3.44109177589, 6.0493183136, 5.48218393326, 6.61691236496, 7.93671751022, 4.68280029297, 6.17980098724, 4.94844102859, 2.7709710598, 2.42561602592, 0.769895851612, 0.460423320532, 0.546281158924, 0.346824198961, 0.0647642463446, 0.00908004306257, 0.00131022150163, 0.000160167779541, 4.30519285146e-05, 1.09730599434e-05, 3.19174910146e-06, 6.71283760312e-06],
        "dmean2": [0.0256849881262, 0.25461345911, 0.542532265186, 3.12983322144, 16.6828517914, 13.4174575806, 8.37941265106, 16.9368076324, 33.9780082703, 19.0609321594, 17.9943065643, 7.81264972687, 4.13051605225, 4.59041881561, 6.48166227341, 10.0553913116, 6.54804801941, 4.76654911041, 5.17272567749, 8.50514411926, 7.89945411682, 9.53365516663, 11.8168201447, 6.77162885666, 9.21395206451, 7.20664930344, 3.81882882118, 3.44709348679, 1.10118412971, 0.647115945816, 0.769006252289, 0.517241179943, 0.0957743376493, 0.0130832530558, 0.0018544140039, 0.000229727767874, 6.19613565505e-05, 1.66617137438e-05, 4.21547019869e-06, 9.11022470973e-06],
        "dvar": [0.000959108001553, 0.11687297374, 0.399493038654, 8.19966125488, 213.746368408, 188.915084839, 140.177856445, 519.322998047, 2278.3449707, 1578.4486084, 2322.0246582, 238.180725098, 92.3957824707, 133.386489868, 521.214111328, 1919.0390625, 288.65411377, 92.2908401489, 203.860778809, 237.125549316, 327.978485107, 314.896606445, 487.15411377, 188.516296387, 881.786010742, 490.974945068, 82.3700637817, 76.3947753906, 6.34546661377, 3.68374609947, 2.33149147034, 1.37435746193, 0.0358147770166, 0.000722465687431, 1.40529991768e-05, 1.91782646652e-07, 1.11215179288e-08, 8.77517392084e-10, 1.41489875372e-11, 5.64336147257e-11],
        "dvar2": [0.00217308918945, 0.257605522871, 0.972952961922, 21.0146102905, 535.645629883, 355.979095459, 314.815307617, 898.249145508, 4472.06396484, 3073.32666016, 4728.51025391, 526.003173828, 157.754226685, 226.377258301, 644.845397949, 3937.28735352, 438.275421143, 163.205200195, 538.145263672, 505.393066406, 650.404846191, 593.91192627, 1112.86877441, 315.751525879, 1524.91931152, 902.549743652, 164.242660522, 169.777236938, 10.8430786133, 6.95725727081, 5.03697919846, 3.5024459362, 0.0821666941047, 0.00181344046723, 3.12566480716e-05, 4.18813982606e-07, 2.4021906242e-08, 2.09989581279e-09, 2.39377961897e-11, 9.70363719932e-11],
        "max": [0.300607532263, 3.29164552689, 7.31316566467, 27.8877468109, 190.156646729, 186.387130737, 294.957855225, 347.993774414, 680.782104492, 778.19317627, 1172.29040527, 270.186553955, 428.757354736, 422.385955811, 848.424499512, 1118.58618164, 394.185668945, 162.882720947, 322.976623535, 262.675506592, 419.376434326, 424.868865967, 397.18182373, 321.519500732, 781.263183594, 506.717407227, 193.45552063, 196.068862915, 61.7640991211, 60.8521347046, 25.4446105957, 22.1157417297, 3.26656866074, 0.55547696352, 0.0518677718937, 0.00822770129889, 0.00184419227298, 0.000368324079318, 5.12001352035e-05, 9.37931617955e-05],
        "mean": [0.0343235172331, 0.365897089243, 0.605224013329, 3.66213726997, 22.9006195068, 20.3450088501, 9.16036128998, 21.8042869568, 43.8584671021, 19.8028316498, 21.1269836426, 10.6410827637, 6.14583826065, 6.02324676514, 9.40676403046, 11.1837825775, 9.23279953003, 5.50891971588, 5.44661140442, 9.78448104858, 9.85441207886, 12.7344093323, 15.1379041672, 8.48689460754, 10.3330202103, 8.49606227875, 4.67919826508, 3.59787750244, 1.28246819973, 0.727811813354, 0.746191561222, 0.429316818714, 0.0818099826574, 0.0117091014981, 0.00167726166546, 0.000211602338823, 6.09976377746e-05, 1.43663792187e-05, 1.05518865894e-05, 2.25963012781e-05],
        "median": [0.0088986326009, 0.142948299646, 0.31690621376, 2.19345545769, 13.5912303925, 9.39471244812, 3.56484222412, 5.96970319748, 9.55099964142, 4.32745599747, 4.05048561096, 3.32986092567, 1.85252869129, 1.68332338333, 1.23162317276, 1.72651171684, 1.79437243938, 1.7513769865, 1.93806827068, 2.82281970978, 1.93527245522, 3.62118864059, 2.76657223701, 2.18511795998, 1.37864816189, 1.46757173538, 1.21383690834, 0.842561364174, 0.372796088457, 0.18581981957, 0.137790247798, 0.0628144666553, 0.0146866599098, 0.00247073825449, 0.000311607785989, 4.66566416435e-05, 1.87914174603e-05, 4.86709313918e-06, 8.45692375151e-06, 1.89206384675e-05],
        "min": [1.86404504804e-21, 1.0553663009e-20, 1.65677119643e-20, 4.79213904692e-20, 5.10071166585e-20, 2.00366111547e-19, 2.09534568532e-19, 5.61965259967e-19, 5.52853451929e-19, 7.7431911852e-19, 7.84877820545e-19, 3.23781420166e-19, 1.21467585205e-18, 1.59769728519e-18, 5.36910321104e-18, 5.72545468688e-18, 4.65737426453e-18, 6.29287701244e-18, 8.66122786867e-18, 1.16085451831e-17, 5.89661324487e-18, 8.29159394014e-18, 1.21000550759e-17, 1.20076738907e-17, 1.26075130109e-17, 1.32824038824e-17, 2.06320864319e-17, 2.06446943188e-17, 1.49709715074e-17, 2.39056437799e-17, 2.27425798621e-17, 1.62025888456e-17, 1.30948588765e-17, 1.49341619701e-17, 1.16661707205e-17, 5.53003202639e-18, 2.58475515975e-18, 1.16288721127e-18, 2.9745135654e-19, 3.79022073049e-20],
        "var": [0.00256788777187, 0.271010428667, 0.672387003899, 17.6830921173, 715.444824219, 749.590820312, 337.200958252, 1820.13806152, 7991.92480469, 2877.62426758, 5199.22412109, 541.648803711, 509.955047607, 562.080749512, 2661.17626953, 3682.8918457, 1165.46960449, 217.693344116, 296.746582031, 427.4140625, 934.39855957, 992.781494141, 1152.31848145, 498.977874756, 2457.57470703, 1317.23156738, 183.658676147, 139.075576782, 14.4955759048, 8.10593318939, 4.12875843048, 1.4788172245, 0.0512578710914, 0.000868417264428, 1.80514998647e-05, 2.81286304471e-07, 1.65840567945e-08, 9.84939241278e-10, 7.7303954904e-11, 3.44225647986e-10]
    },
    "gfcc": {
        "mean": [-100.035217285, 149.907180786, -138.139389038, 58.004524231, -65.3813781738, -14.3134183884, -31.9202613831, -19.6208515167, -6.54220724106, -20.0417308807, -2.06585621834, -15.3010559082, -3.61275982857],
        "cov": [[9126.65332031, 159.114715576, -619.900512695, 326.816497803, -453.043670654, 75.2301254272, -67.5207977295, 200.941772461, 188.166213989, -45.4222068787, 181.793518066, -22.8733615875, 70.5747756958], [159.114715576, 991.45916748, 333.465362549, -335.354919434, 184.406951904, -81.0596237183, 41.0169754028, -144.573471069, 55.7522125244, -46.0080223083, 32.7761573792, 44.3052978516, -21.7258396149], [-619.900512695, 333.465362549, 878.958618164, 47.1002426147, 59.1330680847, 189.442169189, 11.3855752945, -46.2676315308, -5.06907987595, 17.7610321045, 46.9421005249, 45.623714447, -2.13545203209], [326.816497803, -335.354919434, 47.1002426147, 467.072174072, 15.677324295, 21.0357227325, -25.5722141266, 79.0664596558, 46.9870681763, 28.2986011505, 11.7300405502, -18.7216529846, 75.2896957397], [-453.043670654, 184.406951904, 59.1330680847, 15.677324295, 266.82244873, -56.1437034607, -21.0667381287, -22.8323440552, 42.1407814026, 6.80203914642, -32.9952125549, 16.6027698517, 12.4011554718], [75.2301254272, -81.0596237183, 189.442169189, 21.0357227325, -56.1437034607, 357.62802124, 70.3413696289, 73.3206176758, -19.1134376526, 48.1223068237, 27.4892845154, -29.7818145752, -32.0757446289], [-67.5207977295, 41.0169754028, 11.3855752945, -25.5722141266, -21.0667381287, 70.3413696289, 169.826599121, 48.8814430237, -28.1996421814, -6.38662958145, 25.7648086548, -2.66933846474, -30.4373874664], [200.941772461, -144.573471069, -46.2676315308, 79.0664596558, -22.8323440552, 73.3206176758, 48.8814430237, 212.714080811, 77.8008346558, 38.0857276917, 19.1854095459, 3.40524578094, -11.7964887619], [188.166213989, 55.7522125244, -5.06907987595, 46.9870681763, 42.1407814026, -19.1134376526, -28.1996421814, 77.8008346558, 159.622787476, 52.4795303345, -8.39653778076, 0.496639668941, 24.6836223602], [-45.4222068787, -46.0080223083, 17.7610321045, 28.2986011505, 6.80203914642, 48.1223068237, -6.38662958145, 38.0857276917, 52.4795303345, 115.32359314, 18.6195335388, -4.76680326462, 5.88229417801], [181.793518066, 32.7761573792, 46.9421005249, 11.7300405502, -32.9952125549, 27.4892845154, 25.7648086548, 19.1854095459, -8.39653778076, 18.6195335388, 122.920661926, 58.0820732117, -12.7322416306], [-22.8733615875, 44.3052978516, 45.623714447, -18.7216529846, 16.6027698517, -29.7818145752, -2.66933846474, 3.40524578094, 0.496639668941, -4.76680326462, 58.0820732117, 107.568161011, 18.7657356262], [70.5747756958, -21.7258396149, -2.13545203209, 75.2896957397, 12.4011554718, -32.0757446289, -30.4373874664, -11.7964887619, 24.6836223602, 5.88229417801, -12.7322416306, 18.7657356262, 91.3239822388]],
        "icov": [[0.000196980749024, -0.000481175608002, 0.00036018868559, -0.000503925024532, 0.000569003634155, -0.000267250114121, 0.000356001546606, -0.000192606268683, 2.34291128436e-05, 9.58520686254e-05, -1.60224426509e-05, -0.00015127005463, 9.61564655881e-05], [-0.000481175608002, 0.00470422161743, -0.00229897140525, 0.00411788979545, -0.00344442180358, 0.0014627694618, -0.00257495976985, 0.00239359377883, -0.00344337150455, 0.00192743143998, -0.00300172972493, 0.00245741615072, -0.00164210563526], [0.00036018868559, -0.00229897140525, 0.00276289042085, -0.0024078420829, 0.00149915774819, -0.00196595187299, 0.00131247600075, -0.00010369996744, 0.000876016099937, -0.000491911487188, 0.00109281390905, -0.00212164013647, 0.00113761157263], [-0.000503925024532, 0.00411788979545, -0.0024078420829, 0.00678618764505, -0.00360344350338, 0.00154046143871, -0.00163478159811, 0.000237707674387, -0.00222237943672, 0.00164807145484, -0.00408478546888, 0.00445222761482, -0.00475553888828], [0.000569003634155, -0.00344442180358, 0.00149915774819, -0.00360344350338, 0.00746208429337, -0.000657596683595, 0.00157596194185, -0.000666586274747, 0.00057714432478, -0.00151575042401, 0.0039592301473, -0.00358340027742, 0.00217151921242], [-0.000267250114121, 0.0014627694618, -0.00196595187299, 0.00154046143871, -0.000657596683595, 0.00512386392802, -0.00173423998058, -0.0011946024606, 0.000828745949548, -0.00146040832624, -0.00115123880096, 0.00258498894982, -0.000426417769631], [0.000356001546606, -0.00257495976985, 0.00131247600075, -0.00163478159811, 0.00157596194185, -0.00173423998058, 0.00917970854789, -0.00376906408928, 0.00362546206452, 1.37073457154e-05, -0.00024647905957, -0.000184585369425, 0.00126304558944], [-0.000192606268683, 0.00239359377883, -0.00010369996744, 0.000237707674387, -0.000666586274747, -0.0011946024606, -0.00376906408928, 0.0102107618004, -0.00697549339384, 0.000900230079424, -0.000700406264514, -0.00153690949082, 0.00229912740178], [2.34291128436e-05, -0.00344337150455, 0.000876016099937, -0.00222237943672, 0.00057714432478, 0.000828745949548, 0.00362546206452, -0.00697549339384, 0.0144125679508, -0.00583692872897, 0.00307261291891, -0.000618998252321, -0.00142859178595], [9.58520686254e-05, 0.00192743143998, -0.000491911487188, 0.00164807145484, -0.00151575042401, -0.00146040832624, 1.37073457154e-05, 0.000900230079424, -0.00583692872897, 0.0132140917704, -0.00488787237555, 0.00308229820803, -0.00176033249591], [-1.60224426509e-05, -0.00300172972493, 0.00109281390905, -0.00408478546888, 0.0039592301473, -0.00115123880096, -0.00024647905957, -0.000700406264514, 0.00307261291891, -0.00488787237555, 0.0174060780555, -0.0115054938942, 0.00585210276768], [-0.00015127005463, 0.00245741615072, -0.00212164013647, 0.00445222761482, -0.00358340027742, 0.00258498894982, -0.000184585369425, -0.00153690949082, -0.000618998252321, 0.00308229820803, -0.0115054938942, 0.0188824906945, -0.00739951664582], [9.61564655881e-05, -0.00164210563526, 0.00113761157263, -0.00475553888828, 0.00217151921242, -0.000426417769631, 0.00126304558944, 0.00229912740178, -0.00142859178595, -0.00176033249591, 0.00585210276768, -0.00739951664582, 0.0175414364785]]
    },
    "melbands": {
        "dmean": [0.000181409195648, 0.000188430291018, 0.000647241366096, 0.000739317212719, 0.000217520297156, 0.00026934107882, 0.000325492204865, 0.000129426000058, 0.000105877756141, 3.00550345855e-05, 1.51732010636e-05, 1.37825609272e-05, 1.72311520146e-05, 1.99517926376e-05, 1.54438421305e-05, 1.27924886328e-05, 6.05543573329e-06, 5.22823074789e-06, 1.01303312476e-05, 7.96367203293e-06, 6.3251809479e-06, 7.11281245458e-06, 8.09640278021e-06, 6.26933933745e-06, 3.81812515116e-06, 4.56182897324e-06, 4.60619276055e-06, 3.36150174007e-06, 1.92100014829e-06, 1.83913050478e-06, 1.20776917356e-06, 4.8315314416e-07, 2.6315916557e-07, 3.01653528822e-07, 3.14861267725e-07, 3.83213887289e-07, 1.43123799035e-07, 5.16872553646e-08, 1.58172692721e-08, 4.54510207248e-09],
        "dmean2": [0.000265204260359, 0.000296806683764, 0.00101682951208, 0.00107677397318, 0.00031303204014, 0.000397792988224, 0.000475287350127, 0.000188727848581, 0.000152782202349, 4.164029815e-05, 2.11838596442e-05, 1.91765775526e-05, 2.24445284402e-05, 2.79794658127e-05, 2.04184361792e-05, 1.70579569385e-05, 9.10222570383e-06, 8.34862112242e-06, 1.4370442841e-05, 1.15823140732e-05, 9.13242911338e-06, 1.04982527773e-05, 1.20736494864e-05, 9.18689147511e-06, 5.72981798541e-06, 6.81387609802e-06, 6.57868395137e-06, 4.9253681027e-06, 2.75901538771e-06, 2.62024582298e-06, 1.77660479039e-06, 7.0560037102e-07, 3.62261033615e-07, 4.59432044408e-07, 4.46092144557e-07, 5.80180824272e-07, 2.12093993923e-07, 7.97657051521e-08, 2.30191243844e-08, 7.04256697404e-09],
        "dvar": [1.05889220947e-07, 1.31841147777e-07, 8.12426208086e-07, 8.92404102615e-07, 1.46886236507e-07, 2.57008935023e-07, 4.25090235012e-07, 1.53133740355e-07, 1.69565893771e-07, 6.87170498281e-09, 2.36543118426e-09, 2.34760144657e-09, 5.31497335032e-09, 1.51206709376e-08, 4.51617454544e-09, 1.85053938839e-09, 3.28799709681e-10, 7.94232513091e-10, 6.13918471615e-10, 9.91174808895e-10, 3.56228213594e-10, 4.79425776856e-10, 6.05499483886e-10, 2.97899649393e-10, 1.33945785019e-10, 4.21258888883e-10, 5.69643443527e-10, 2.27005497733e-10, 5.01029703837e-11, 3.15787465621e-11, 2.05703735295e-11, 2.22125486407e-12, 1.01455063968e-12, 2.04384968151e-12, 8.3750351489e-13, 1.87781452714e-12, 2.41483292781e-13, 2.47424439471e-14, 2.10494823645e-15, 2.44063438147e-16],
        "dvar2": [2.38843938405e-07, 2.97818218087e-07, 2.22645530812e-06, 1.85803844488e-06, 3.17549989859e-07, 4.3924876536e-07, 8.0640785427e-07, 2.881192529e-07, 3.52705512796e-07, 1.53342263332e-08, 4.17844647771e-09, 3.98467214779e-09, 7.38582262017e-09, 2.9669942947e-08, 6.63874155649e-09, 3.23723092777e-09, 6.5908201119e-10, 2.18582041356e-09, 1.2857447329e-09, 2.27010699128e-09, 6.84864331912e-10, 8.61122839702e-10, 1.50757817341e-09, 5.70607727735e-10, 2.33790625748e-10, 7.73237363028e-10, 9.5250729526e-10, 4.56908316737e-10, 1.14239000204e-10, 6.12973977132e-11, 4.79671753706e-11, 4.33019158724e-12, 1.50443351353e-12, 4.9775240353e-12, 1.73094307984e-12, 4.93221219075e-12, 5.89593423996e-13, 5.71758216944e-14, 5.097326539e-15, 6.57489949427e-16],
        "max": [0.00312563870102, 0.00430346606299, 0.00874028448015, 0.0121335061267, 0.00767811760306, 0.00790450442582, 0.00945530459285, 0.00731346383691, 0.00981945451349, 0.00176881952211, 0.00209652259946, 0.00175126525573, 0.00332994759083, 0.00341123854741, 0.00211163214408, 0.00121564860456, 0.000311619893182, 0.000633793883026, 0.000420942611527, 0.000667753338348, 0.000436916045146, 0.000608020811342, 0.000473945459817, 0.000309899565764, 0.000264800473815, 0.000528082076926, 0.000738501257729, 0.000378979573725, 0.00014951954654, 0.000130112151965, 9.52382324613e-05, 3.53902796633e-05, 3.03713677567e-05, 4.32775414083e-05, 1.62299147632e-05, 2.23379865929e-05, 8.10778146842e-06, 2.73079967883e-06, 8.56924657455e-07, 3.42263291486e-07],
        "mean": [0.000376639887691, 0.000378812546842, 0.00122006819583, 0.00176459213253, 0.000373679940822, 0.000522673886735, 0.000636375625618, 0.000185025724932, 0.000180273171281, 5.63715257158e-05, 2.94951605611e-05, 2.30675959756e-05, 2.98804752674e-05, 3.01475065498e-05, 2.39872988459e-05, 1.99650803552e-05, 8.80861716723e-06, 7.581286809e-06, 1.456888549e-05, 1.22271458167e-05, 1.11052559078e-05, 1.29344616653e-05, 1.42582321132e-05, 1.1956563867e-05, 6.05456989433e-06, 7.11766824679e-06, 7.39412143957e-06, 5.25169252796e-06, 2.88884530164e-06, 2.90550656246e-06, 1.67605719525e-06, 7.46980333588e-07, 4.28985856615e-07, 4.1460307898e-07, 4.30697838283e-07, 4.53843227888e-07, 1.77506464638e-07, 6.23411224865e-08, 1.94321270186e-08, 5.30098898111e-09],
        "median": [0.000133805646328, 0.000179816473974, 0.000806779833511, 0.00109424488619, 0.000138605420943, 0.000133195033413, 0.000143685130752, 2.84136676783e-05, 3.17584999721e-05, 1.86875822692e-05, 8.38912728796e-06, 6.24454423814e-06, 4.31118087363e-06, 3.27996644955e-06, 4.30074533142e-06, 2.5911767807e-06, 2.91996275337e-06, 1.73636317413e-06, 3.62940772902e-06, 2.2567483029e-06, 2.07771063288e-06, 3.64109700968e-06, 2.60537717622e-06, 1.85013732334e-06, 1.55284226366e-06, 8.04490582595e-07, 9.52337586568e-07, 8.79336027992e-07, 6.81851815898e-07, 6.97195901012e-07, 3.24412667396e-07, 2.11167460407e-07, 1.10430683264e-07, 9.54426440103e-08, 8.49480912279e-08, 5.49453389453e-08, 2.86465429156e-08, 1.12372697814e-08, 3.43187345209e-09, 1.23691334952e-09],
        "min": [1.57045829477e-23, 1.0972627629e-23, 8.05756728089e-24, 7.41005920583e-24, 9.54821383575e-24, 1.10487298294e-23, 9.46972217568e-24, 9.31315300752e-24, 5.74652550055e-24, 2.02535284529e-24, 6.36759332465e-24, 6.44438459504e-24, 1.25001573755e-23, 2.08726489738e-23, 1.31276425831e-23, 7.93858339056e-24, 1.25236890963e-23, 1.23806378486e-23, 1.8614288508e-23, 1.05164908987e-23, 6.26260343234e-24, 7.9075969342e-24, 1.26512684151e-23, 8.4321302716e-24, 9.71107101419e-24, 8.80531433345e-24, 9.15807636419e-24, 8.82045730739e-24, 1.16648869944e-23, 1.57580677171e-23, 1.08992698757e-23, 8.09244992126e-24, 1.05082023371e-23, 1.34738909893e-23, 1.18200322686e-23, 1.31601294529e-23, 9.49847063365e-24, 8.46953016712e-24, 1.20386808457e-23, 1.23584361473e-23],
        "var": [2.64901501623e-07, 2.70753218956e-07, 1.83248948815e-06, 3.8046730424e-06, 3.92472827571e-07, 1.00978490991e-06, 1.60163301643e-06, 2.93201395607e-07, 3.57519866157e-07, 1.5078862603e-08, 1.22460193097e-08, 8.22121482003e-09, 2.85208088258e-08, 2.91878698988e-08, 1.14620171132e-08, 5.56952350905e-09, 5.87814352748e-10, 1.04515818222e-09, 1.01143904363e-09, 1.61253776998e-09, 1.16738740896e-09, 1.29120447667e-09, 1.17767018359e-09, 8.77327321902e-10, 2.92063623286e-10, 1.13466758211e-09, 1.54308033018e-09, 4.95346152984e-10, 8.06405844878e-11, 7.11986372637e-11, 3.40080220929e-11, 4.46490500822e-12, 2.6141907649e-12, 3.20517657554e-12, 1.59133155871e-12, 1.78225858551e-12, 2.90253200164e-13, 3.35793404801e-14, 2.62138337736e-15, 2.19100358105e-16]
    },
    "mfcc": {
        "mean": [-723.331665039, 148.277709961, -4.71468925476, 51.5276374817, -6.38713026047, 4.95811128616, -16.1058444977, -0.282835483551, -11.4188747406, -2.12938809395, -11.194190979, 4.39868497849, -9.70359516144],
        "cov": [[6481.33105469, 98.8819198608, -515.329284668, 265.975006104, -347.438720703, -25.804058075, -247.180358887, 238.677444458, -117.02167511, 199.458007812, -25.0036468506, 253.445266724, -70.6242294312], [98.8819198608, 1446.29223633, 115.367416382, -156.650543213, 61.603477478, 45.9622764587, -40.1667327881, 7.6958732605, -36.5493545532, -149.707824707, 43.1069946289, 34.2975959778, 34.0753555298], [-515.329284668, 115.367416382, 804.348937988, -35.4112129211, 91.0461654663, 169.868270874, 114.093940735, 50.037361145, -24.5964355469, 53.9679145813, -19.84034729, 75.790435791, 29.4224948883], [265.975006104, -156.650543213, -35.4112129211, 412.978942871, 108.50528717, -39.3127975464, -55.075843811, -9.77873897552, 50.1812171936, -6.38702011108, -55.2028236389, -4.78794527054, 63.6244125366], [-347.438720703, 61.603477478, 91.0461654663, 108.50528717, 277.413421631, 44.3285980225, -48.9684944153, -21.6656341553, 59.6205444336, 6.89551019669, -8.07395362854, 10.8054256439, 38.5587387085], [-25.804058075, 45.9622764587, 169.868270874, -39.3127975464, 44.3285980225, 181.816436768, 69.0126800537, -4.74062347412, -1.76944768429, 27.4439373016, -8.50633335114, 12.4721622467, -3.61650204659], [-247.180358887, -40.1667327881, 114.093940735, -55.075843811, -48.9684944153, 69.0126800537, 200.252105713, 52.0141601562, -34.1235694885, 21.3460025787, 38.4089241028, -1.36955726147, -18.9410629272], [238.677444458, 7.6958732605, 50.037361145, -9.77873897552, -21.6656341553, -4.74062347412, 52.0141601562, 169.240524292, -0.102870337665, 39.279624939, 38.7739067078, 33.5685577393, -3.74903249741], [-117.02167511, -36.5493545532, -24.5964355469, 50.1812171936, 59.6205444336, -1.76944768429, -34.1235694885, -0.102870337665, 155.958557129, 61.1293525696, -2.95743346214, 11.0392246246, 12.9532461166], [199.458007812, -149.707824707, 53.9679145813, -6.38702011108, 6.89551019669, 27.4439373016, 21.3460025787, 39.279624939, 61.1293525696, 188.92124939, 48.685874939, 35.6853218079, -30.1159515381], [-25.0036468506, 43.1069946289, -19.84034729, -55.2028236389, -8.07395362854, -8.50633335114, 38.4089241028, 38.7739067078, -2.95743346214, 48.685874939, 122.918548584, 43.660446167, -15.0340070724], [253.445266724, 34.2975959778, 75.790435791, -4.78794527054, 10.8054256439, 12.4721622467, -1.36955726147, 33.5685577393, 11.0392246246, 35.6853218079, 43.660446167, 133.920623779, 37.4689369202], [-70.6242294312, 34.0753555298, 29.4224948883, 63.6244125366, 38.5587387085, -3.61650204659, -18.9410629272, -3.74903249741, 12.9532461166, -30.1159515381, -15.0340070724, 37.4689369202, 111.606651306]],
