{
"lowlevel": {
    "average_loudness": 0.739419996738,
    "barkbands_crest": {
        "dmean": 2.3198697567,
        "dmean2": 3.67026019096,
        "dvar": 5.1283159256,
        "dvar2": 12.3894691467,
        "max": 25.0524330139,
        "mean": 12.9331598282,
        "median": 12.5088472366,
        "min": 4.04118490219,
        "var": 18.4984951019
    },
    "barkbands_flatness_db": {
        "dmean": 0.0245464611799,
        "dmean2": 0.0351533032954,
        "dvar": 0.000809838995337,
        "dvar2": 0.00164403941017,
        "max": 0.427168637514,
        "mean": 0.269441068172,
        "median": 0.268650233746,
        "min": 0.0580214485526,
        "var": 0.00420872587711
    },
    "barkbands_kurtosis": {
        "dmean": 6.69944143295,
        "dmean2": 10.3758964539,
        "dvar": 135.397781372,
        "dvar2": 295.480102539,
        "max": 213.44581604,
        "mean": 14.9769392014,
        "median": 7.87602233887,
        "min": -1.8728209734,
        "var": 388.256530762
    },
    "barkbands_skewness": {
        "dmean": 0.663244187832,
        "dmean2": 0.962153375149,
        "dvar": 0.531456291676,
        "dvar2": 1.12362587452,
        "max": 11.3907976151,
        "mean": 2.16189718246,
        "median": 2.02474355698,
        "min": -2.94777464867,
        "var": 3.2165081501
    },
    "barkbands_spread": {
        "dmean": 1.94727885723,
        "dmean2": 2.93424081802,
        "dvar": 17.2135257721,
        "dvar2": 34.177406311,
        "max": 92.4385147095,
        "mean": 6.56234025955,
        "median": 4.47708415985,
        "min": 0.436568230391,
        "var": 64.5616226196
    },
    "dissonance": {
        "dmean": 0.0398043617606,
        "dmean2": 0.0666848346591,
        "dvar": 0.00142749107908,
        "dvar2": 0.00384070840664,
        "max": 0.499999850988,
        "mean": 0.393891751766,
        "median": 0.407007932663,
        "min": 0.11080211401,
        "var": 0.00438244175166
    },
    "dynamic_complexity": 4.63741731644,
    "erbbands_crest": {
        "dmean": 2.81406855583,
        "dmean2": 4.30526733398,
        "dvar": 8.67257118225,
        "dvar2": 18.3186035156,
        "max": 31.6083335876,
        "mean": 14.390868187,
        "median": 12.8607320786,
        "min": 2.66669082642,
        "var": 42.9445571899
    },
    "erbbands_flatness_db": {
        "dmean": 0.0208963491023,
        "dmean2": 0.0287500284612,
        "dvar": 0.000494635489304,
        "dvar2": 0.000950254325289,
        "max": 0.433623582125,
        "mean": 0.234869524837,
        "median": 0.233818978071,
        "min": 0.0565882585943,
        "var": 0.00334526714869
    },
    "erbbands_kurtosis": {
        "dmean": 3.17352056503,
        "dmean2": 4.77781200409,
        "dvar": 33.7471656799,
        "dvar2": 63.7672195435,
        "max": 107.637878418,
        "mean": 6.25059366226,
        "median": 3.07519960403,
        "min": -1.71559512615,
        "var": 105.074638367
    },
    "erbbands_skewness": {
        "dmean": 0.503614485264,
        "dmean2": 0.751749396324,
        "dvar": 0.33495080471,
        "dvar2": 0.651827454567,
        "max": 8.90011119843,
        "mean": 1.12815177441,
        "median": 1.09630787373,
        "min": -6.24538373947,
        "var": 2.33465051651
    },
    "erbbands_spread": {
        "dmean": 5.12918949127,
        "dmean2": 7.65663290024,
        "dvar": 63.6731987,
        "dvar2": 139.32434082,
        "max": 102.827629089,
        "mean": 19.2651367188,
        "median": 15.114654541,
        "min": 1.30598020554,
        "var": 237.844543457
    },
    "hfc": {
        "dmean": 2.88083529472,
        "dmean2": 3.95094823837,
        "dvar": 57.3943138123,
        "dvar2": 93.7698135376,
        "max": 223.735748291,
        "mean": 9.08201122284,
        "median": 3.99348640442,
        "min": 1.18591097712e-16,
        "var": 297.802459717
    },
    "melbands_crest": {
        "dmean": 2.74211502075,
        "dmean2": 4.27995204926,
        "dvar": 8.04283428192,
        "dvar2": 18.2245063782,
        "max": 34.0515975952,
        "mean": 17.3153152466,
        "median": 16.5988006592,
        "min": 1.95705676079,
        "var": 33.7815055847
    },
    "melbands_flatness_db": {
        "dmean": 0.0276267342269,
        "dmean2": 0.0390695035458,
        "dvar": 0.00116161478218,
        "dvar2": 0.00221198424697,
        "max": 0.546186983585,
        "mean": 0.372575491667,
        "median": 0.371732294559,
        "min": 0.00503925420344,
        "var": 0.00633164169267
    },
    "melbands_kurtosis": {
        "dmean": 9.56026268005,
        "dmean2": 14.474653244,
        "dvar": 312.778259277,
        "dvar2": 759.561767578,
        "max": 285.289215088,
        "mean": 20.8030395508,
        "median": 12.2377138138,
        "min": -1.92967355251,
        "var": 710.843139648
    },
    "melbands_skewness": {
        "dmean": 0.726323485374,
        "dmean2": 1.06895208359,
        "dvar": 0.71760892868,
        "dvar2": 1.62133944035,
        "max": 11.7894830704,
        "mean": 2.5942633152,
        "median": 2.4115395546,
        "min": -1.65622544289,
        "var": 3.76851511002
    },
    "melbands_spread": {
        "dmean": 2.4598505497,
        "dmean2": 3.53297233582,
        "dvar": 54.6104393005,
        "dvar2": 75.4638366699,
        "max": 187.759674072,
        "mean": 8.21131801605,
        "median": 4.63321065903,
        "min": 0.43036159873,
        "var": 214.957382202
    },
    "pitch_salience": {
        "dmean": 0.0660137310624,
        "dmean2": 0.10541895777,
        "dvar": 0.00427983189002,
        "dvar2": 0.00977566279471,
        "max": 0.897026538849,
        "mean": 0.493336290121,
        "median": 0.500243127346,
        "min": 0.0853539928794,
        "var": 0.0178382042795
    },
    "silence_rate_20dB": {
        "dmean": 0,
        "dmean2": 0,
        "dvar": 0,
        "dvar2": 0,
        "max": 1,
        "mean": 1,
        "median": 1,
        "min": 1,
        "var": 0
    },
    "silence_rate_30dB": {
        "dmean": 0.0139103550464,
        "dmean2": 0.0278422273695,
        "dvar": 0.0137166241184,
        "dvar2": 0.0301602333784,
        "max": 1,
        "mean": 0.979150593281,
        "median": 1,
        "min": 0,
        "var": 0.0204148590565
    },
    "silence_rate_60dB": {
        "dmean": 0.0324574969709,
        "dmean2": 0.0649651959538,
        "dvar": 0.0314036235213,
        "dvar2": 0.0669311061502,
        "max": 1,
        "mean": 0.147490352392,
        "median": 0,
        "min": 0,
        "var": 0.125736564398
    },
    "spectral_centroid": {
        "dmean": 94.3742294312,
        "dmean2": 131.634735107,
        "dvar": 132296.4375,
        "dvar2": 147659.484375,
        "max": 11575.0917969,
        "mean": 489.647827148,
        "median": 359.617614746,
        "min": 135.733505249,
        "var": 298669.25
    },
    "spectral_complexity": {
        "dmean": 1.31684696674,
        "dmean2": 2.07733941078,
        "dvar": 2.12372016907,
        "dvar2": 4.20901155472,
        "max": 33,
        "mean": 7.22857141495,
        "median": 7,
        "min": 0,
        "var": 14.83893013
    },
    "spectral_decrease": {
        "dmean": 1.97744909336e-09,
        "dmean2": 2.89173840429e-09,
        "dvar": 1.35347866135e-17,
        "dvar2": 2.90323652871e-17,
        "max": -9.42240882656e-29,
        "mean": -6.33306740383e-09,
        "median": -4.22776347264e-09,
        "min": -5.2065438183e-08,
        "var": 4.79278836302e-17
    },
    "spectral_energy": {
        "dmean": 0.00769222714007,
        "dmean2": 0.0112366713583,
        "dvar": 0.000202883107704,
        "dvar2": 0.000432342116255,
        "max": 0.204570367932,
        "mean": 0.0247261933982,
        "median": 0.0166033599526,
        "min": 1.11121698656e-20,
        "var": 0.000729022023734
    },
    "spectral_energyband_high": {
        "dmean": 0.000102650883491,
        "dmean2": 0.000153858345584,
        "dvar": 8.9095436806e-07,
        "dvar2": 1.7000452317e-06,
        "max": 0.0330501943827,
        "mean": 0.000215253676288,
        "median": 4.64761114927e-06,
        "min": 7.80570277505e-21,
        "var": 3.88033095078e-06
    },
    "spectral_energyband_low": {
        "dmean": 0.00420689024031,
        "dmean2": 0.00637147761881,
        "dvar": 0.000117476563901,
        "dvar2": 0.000287743867375,
        "max": 0.174069136381,
        "mean": 0.0104911280796,
        "median": 0.00505147315562,
        "min": 5.3478275471e-23,
        "var": 0.000255739403656
    },
    "spectral_energyband_middle_high": {
        "dmean": 0.000709469371941,
        "dmean2": 0.000961429381277,
        "dvar": 7.84072653914e-06,
        "dvar2": 1.41944592542e-05,
        "max": 0.0602093413472,
        "mean": 0.00177750585135,
        "median": 0.000211338381632,
        "min": 1.84614636208e-21,
        "var": 3.31654919137e-05
    },
    "spectral_energyband_middle_low": {
        "dmean": 0.00442392285913,
        "dmean2": 0.00642544170842,
        "dvar": 7.85923257354e-05,
        "dvar2": 0.000143509780173,
        "max": 0.18958799541,
        "mean": 0.0130966706201,
        "median": 0.00674997409806,
        "min": 3.87708272225e-22,
        "var": 0.000351067341398
    },
    "spectral_entropy": {
        "dmean": 0.236127853394,
        "dmean2": 0.335785239935,
        "dvar": 0.0743508934975,
        "dvar2": 0.137769475579,
        "max": 9.81200885773,
        "mean": 6.25479888916,
        "median": 6.18281698227,
        "min": 4.52988767624,
        "var": 0.342422276735
    },
    "spectral_flux": {
        "dmean": 0.0211324263364,
        "dmean2": 0.0342153087258,
        "dvar": 0.000968092354015,
        "dvar2": 0.00241736252792,
        "max": 0.357930362225,
        "mean": 0.0524367392063,
        "median": 0.040755674243,
        "min": 1.05414274532e-10,
        "var": 0.00184368900955
    },
    "spectral_kurtosis": {
        "dmean": 6.53423500061,
        "dmean2": 10.3968963623,
        "dvar": 64.6802978516,
        "dvar2": 165.901916504,
        "max": 119.396469116,
        "mean": 19.5136814117,
        "median": 14.4753818512,
        "min": -1.22753846645,
        "var": 275.72454834
    },
    "spectral_rms": {
        "dmean": 0.000695836963132,
        "dmean2": 0.000983800040558,
        "dvar": 9.38486778068e-07,
        "dvar2": 1.86606291663e-06,
        "max": 0.0141273085028,
        "mean": 0.00428385613486,
        "median": 0.00402472354472,
        "min": 3.29258885781e-12,
        "var": 5.77169339522e-06
    },
    "spectral_rolloff": {
        "dmean": 126.203453064,
        "dmean2": 193.481948853,
        "dvar": 537649.6875,
        "dvar2": 598765.5,
        "max": 18432.421875,
        "mean": 554.608459473,
        "median": 344.53125,
        "min": 129.19921875,
        "var": 1093467.25
    },
    "spectral_skewness": {
        "dmean": 0.523367524147,
        "dmean2": 0.801271677017,
        "dvar": 0.28068330884,
        "dvar2": 0.699085175991,
        "max": 9.38109779358,
        "mean": 3.35369729996,
        "median": 3.17624926567,
        "min": -0.0662565156817,
        "var": 1.60411405563
    },
    "spectral_spread": {
        "dmean": 522029.40625,
        "dmean2": 760229,
        "dvar": 1.27369818931e+12,
        "dvar2": 1.50556626125e+12,
        "max": 42095004,
        "mean": 3079543.5,
        "median": 2877995,
        "min": 877757.875,
        "var": 2.8073155625e+12
    },
    "spectral_strongpeak": {
        "dmean": 0.374320805073,
        "dmean2": 0.579461395741,
        "dvar": 0.692763864994,
        "dvar2": 1.26485061646,
        "max": 18.3730754852,
        "mean": 0.944585800171,
        "median": 0.57240998745,
        "min": 0,
        "var": 1.74510455132
    },
    "zerocrossingrate": {
        "dmean": 0.00499865645543,
        "dmean2": 0.00561617827043,
        "dvar": 0.00037060296745,
        "dvar2": 0.000344367872458,
        "max": 0.51123046875,
        "mean": 0.0233779251575,
        "median": 0.017578125,
        "min": 0.0048828125,
        "var": 0.000946749234572
    },
    "barkbands": {
        "dmean": [3.82369944418e-05, 0.00121217628475, 0.00304518616758, 0.00104223191738, 0.00235000927933, 0.000801963557024, 0.000467695906991, 0.000879262224771, 0.000317050726153, 0.000267632771283, 0.000185847195098, 0.000109041662654, 0.000126446349896, 0.000261326611508, 3.58386823791e-05, 1.46671873154e-05, 1.26375707623e-05, 1.26594777612e-05, 5.60170974495e-06, 1.11068566184e-05, 7.27544247638e-05, 1.01049581644e-05, 6.12843950876e-06, 4.66706342195e-06, 1.52117609105e-05, 8.98731650523e-06, 4.24772480301e-07],
        "dmean2": [6.160644989e-05, 0.00191039661877, 0.00462164357305, 0.00176551996265, 0.00355355720967, 0.00120897917077, 0.000671840971336, 0.00123963993974, 0.000435345922597, 0.000352924427716, 0.00024490559008, 0.000145528712892, 0.000193415602553, 0.000373568473151, 5.55547449039e-05, 2.38232751144e-05, 1.88098729268e-05, 1.94651693164e-05, 8.69901577971e-06, 1.65711880982e-05, 0.000116076851555, 1.64560606208e-05, 9.20690126804e-06, 6.29130954621e-06, 2.10580055864e-05, 1.29502295749e-05, 7.02882971382e-07],
        "dvar": [1.11912008549e-07, 8.18404623715e-06, 6.77494608681e-05, 4.75382421428e-06, 1.83790471056e-05, 3.48578601006e-06, 2.60113688455e-06, 2.49065997195e-05, 7.71456882376e-07, 1.54472331815e-06, 1.21763650895e-06, 3.9344496372e-07, 1.52300492573e-06, 2.28626277021e-06, 2.25447198687e-08, 2.27877738901e-09, 3.00503977257e-09, 3.15720516397e-09, 2.81580814221e-10, 9.93820670203e-09, 7.28320515009e-07, 8.07647015932e-09, 6.01644567499e-10, 9.34858856994e-10, 1.99102760945e-08, 6.28127461155e-09, 5.55956496118e-12],
        "dvar2": [2.62900528014e-07, 1.99042897293e-05, 0.000163087956025, 1.25815959109e-05, 3.93736299884e-05, 7.14730231266e-06, 5.08823904966e-06, 3.58075667464e-05, 1.14010583729e-06, 2.64674736172e-06, 2.16120247387e-06, 7.17391458238e-07, 3.56633586307e-06, 4.74082844448e-06, 4.51434516435e-08, 6.1760716541e-09, 6.02985217313e-09, 7.38648475718e-09, 6.096094185e-10, 1.89639148829e-08, 1.73722753516e-06, 2.33776624725e-08, 1.3229281004e-09, 1.46561296432e-09, 2.4399305687e-08, 1.12113411888e-08, 1.45518397679e-11],
        "max": [0.0110871614888, 0.0578242726624, 0.131389379501, 0.036342035979, 0.076685115695, 0.022642608732, 0.0385784581304, 0.130317211151, 0.0230180490762, 0.0282096918672, 0.028927532956, 0.0191604048014, 0.0372396968305, 0.031878951937, 0.00306318630464, 0.00113357428927, 0.00165500247385, 0.00124727189541, 0.000277153332718, 0.00349134532735, 0.0248010102659, 0.00300884246826, 0.000579878687859, 0.00133624917362, 0.00572807667777, 0.00306294159964, 3.41714949172e-05],
        "mean": [4.25536818511e-05, 0.00260307081044, 0.00712870899588, 0.00159567093942, 0.00597932748497, 0.0015190213453, 0.000937877630349, 0.00194913637824, 0.000742294359952, 0.000714029476512, 0.000333039060934, 0.000209870835533, 0.00016208938905, 0.000434597634012, 7.12572000339e-05, 2.64916761807e-05, 2.26335560001e-05, 2.30889472732e-05, 1.06584166133e-05, 1.86654306162e-05, 0.000118518903037, 1.69835602719e-05, 1.00396937341e-05, 7.41425674278e-06, 3.26739827869e-05, 1.60982672242e-05, 4.27051986662e-07],
        "median": [1.39286639751e-05, 0.00147685594857, 0.0024523937609, 0.000895190518349, 0.00199853884988, 0.000440743606305, 0.000237031272263, 0.000221408772632, 6.19251586613e-05, 4.1117589717e-05, 1.35723048516e-05, 1.15212624223e-05, 6.97256973581e-06, 1.10926375783e-05, 5.16307045473e-06, 5.06628293806e-06, 2.65270841737e-06, 1.54752865456e-06, 1.39147471145e-06, 1.07860989829e-06, 1.18918069347e-06, 7.33196543479e-07, 3.92301956254e-07, 3.3644394648e-07, 2.66332705223e-07, 1.22203616115e-07, 9.74542579968e-09],
        "min": [1.99663109026e-23, 2.88132455374e-23, 1.31056160089e-23, 1.87025210225e-23, 7.91197700549e-23, 7.16589318726e-23, 5.39432300886e-23, 8.57134670866e-23, 4.87382974369e-23, 6.57360821547e-23, 8.04168214661e-23, 1.70890609732e-22, 2.03328784725e-22, 1.95574269405e-22, 1.35166191669e-22, 1.58456887066e-22, 2.2028959711e-22, 2.1187259009e-22, 2.5324393957e-22, 3.18133845341e-22, 5.88909631617e-22, 5.18360223142e-22, 6.08655791952e-22, 8.18573016739e-22, 1.20902766087e-21, 1.71553341245e-21, 2.51468278043e-21],
        "var": [1.12707112976e-07, 1.54821100296e-05, 0.000156737296493, 6.08159916737e-06, 0.00010508219566, 8.50800552143e-06, 6.59876195641e-06, 8.53941455716e-05, 4.63792730443e-06, 7.89598470874e-06, 3.76193020202e-06, 1.18469756671e-06, 1.61687398759e-06, 4.92732988278e-06, 7.45958104176e-08, 5.48244338816e-09, 8.7752907163e-09, 7.34105576328e-09, 8.32110824689e-10, 1.99786587274e-08, 1.61776119967e-06, 1.27926318427e-08, 2.02156891227e-09, 3.95027877076e-09, 1.08774052876e-07, 3.02142240116e-08, 6.17390947394e-12]
    },
    "erbbands": {
        "dmean": [0.0189746133983, 0.35769534111, 2.87998604774, 3.46749639511, 5.13558721542, 7.85926771164, 11.6637897491, 5.05637645721, 5.73642539978, 16.9446296692, 11.0125665665, 7.95647668839, 8.46944236755, 6.17085790634, 6.1215763092, 3.82197022438, 5.4849729538, 13.0495386124, 4.50179672241, 1.43376064301, 0.66273111105, 0.687464177608, 0.733629822731, 0.364251315594, 0.254573613405, 0.467456012964, 1.82910740376, 3.2821521759, 0.382329195738, 0.257324576378, 0.171336054802, 0.0862827897072, 0.0867243856192, 0.142403125763, 0.127056717873, 0.0599519014359, 0.0118200937286, 0.00160382082686, 5.21444417245e-05, 9.52063146542e-06],
        "dmean2": [0.0306001417339, 0.554592549801, 4.2264714241, 5.80948400497, 7.97853755951, 12.1958475113, 17.4887714386, 7.82622098923, 9.00791358948, 22.5051193237, 15.4093236923, 10.5597829819, 11.3937473297, 7.38318109512, 8.00583171844, 4.95158243179, 8.25675296783, 18.7822628021, 6.68535375595, 2.21843099594, 1.03704845905, 1.03319394588, 1.10329937935, 0.562062859535, 0.373845636845, 0.738401174545, 2.84469079971, 4.54872655869, 0.558229446411, 0.382223576307, 0.251611024141, 0.117935448885, 0.121902003884, 0.191854432225, 0.179197847843, 0.0848967134953, 0.0162775292993, 0.00236109271646, 7.55982764531e-05, 1.35225227496e-05],
        "dvar": [0.00379604566842, 0.718438506126, 58.3228492737, 65.5105514526, 112.155166626, 305.693206787, 514.562683105, 180.700317383, 297.185638428, 10494.7695312, 2195.63061523, 488.696044922, 1258.66601562, 1542.46044922, 1122.95483398, 356.679351807, 2207.35913086, 5398.37304688, 398.285888672, 46.8257102966, 5.20006942749, 10.1507720947, 10.3398017883, 1.04918086529, 0.688647568226, 15.0034379959, 349.622344971, 1829.66833496, 11.4501285553, 1.16545391083, 0.575854837894, 0.266906350851, 0.299472689629, 1.43564248085, 1.59189987183, 0.367419183254, 0.00905988179147, 7.55159926484e-05, 7.0005611974e-08, 3.44002049069e-10],
        "dvar2": [0.00830903463066, 1.77953445911, 136.899810791, 165.832504272, 242.291305542, 690.918151855, 1042.75952148, 399.774902344, 636.472717285, 17022.25, 3163.51782227, 757.102844238, 1782.55505371, 2146.07592773, 1573.8145752, 582.093688965, 5104.27685547, 11072.1640625, 854.646850586, 102.208488464, 12.3292579651, 22.1084346771, 22.9238128662, 2.12179255486, 1.3492307663, 24.778585434, 747.008239746, 4373.88378906, 23.3794555664, 2.28072047234, 1.21136569977, 0.337355941534, 0.477040827274, 2.15800714493, 1.94607186317, 0.740919172764, 0.0128009524196, 0.000137451497721, 1.41852737556e-07, 6.25715035341e-10],
        "max": [1.91710186005, 12.2513542175, 123.666503906, 113.686912537, 157.761016846, 356.837402344, 307.242736816, 281.576263428, 347.76473999, 2666.85644531, 1598.20300293, 564.394165039, 1062.88330078, 1057.84997559, 1116.95996094, 628.933898926, 1388.70422363, 1496.18054199, 382.160949707, 192.14074707, 60.9412002563, 96.9039001465, 89.2684402466, 18.2772350311, 22.4039783478, 139.670028687, 620.835144043, 1362.23864746, 118.027557373, 19.9784355164, 20.9488811493, 21.3698787689, 23.7106742859, 46.6068305969, 50.0320892334, 22.4443492889, 4.18784952164, 0.280404537916, 0.00858027208596, 0.000450148043456],
        "mean": [0.0403491444886, 0.834012210369, 7.30454444885, 6.41951560974, 11.1646566391, 20.5423717499, 23.4380893707, 9.98166370392, 11.1050281525, 37.2521324158, 24.9620857239, 18.0179157257, 26.1625328064, 15.2424211502, 14.3024673462, 8.26996994019, 7.29249954224, 22.131772995, 8.4158372879, 2.6366443634, 1.28758120537, 1.26017010212, 1.41764628887, 0.708397746086, 0.538004159927, 0.910181701183, 3.32082152367, 4.23615837097, 0.644219756126, 0.512648701668, 0.295858412981, 0.150225907564, 0.143024146557, 0.256818324327, 0.290845513344, 0.10919418931, 0.0220251008868, 0.00228911777958, 7.69072285038e-05, 3.02161151922e-05],
        "median": [0.0252436250448, 0.404139280319, 2.82413721085, 3.97069549561, 4.11481332779, 5.08351135254, 5.16352891922, 3.25048804283, 3.94978427887, 5.36358594894, 4.89389753342, 2.69963860512, 1.6184977293, 1.01160025597, 0.81860524416, 0.520311534405, 0.390968739986, 0.672490894794, 0.480801790953, 0.423683226109, 0.268071740866, 0.159398928285, 0.12571208179, 0.0935501158237, 0.058195527643, 0.0541068539023, 0.0497382059693, 0.0391747169197, 0.0278811547905, 0.0172304529697, 0.011348974891, 0.00791331287473, 0.00546242203563, 0.00316895684227, 0.00161472184118, 0.000630743510555, 0.000220763482503, 4.17978480982e-05, 9.9225599115e-06, 1.88485391845e-05],
        "min": [5.2289406551e-22, 7.34418365307e-21, 2.10989653546e-20, 2.96831694863e-20, 2.09213467358e-19, 2.97031872571e-19, 9.68952131714e-20, 7.87074605457e-19, 1.09694850874e-18, 7.37110466616e-19, 2.26418855118e-18, 8.23343321691e-19, 1.66249220373e-18, 2.66894188018e-18, 4.51017333862e-18, 7.39371420064e-18, 1.06106675793e-17, 1.15627863788e-17, 4.19672275807e-18, 1.23216096127e-17, 7.59386130319e-18, 1.29832440877e-17, 1.20886664532e-17, 1.27698505148e-17, 1.26521989619e-17, 1.63827884876e-17, 1.62196800514e-17, 2.43044755297e-17, 2.02444183116e-17, 1.58262398648e-17, 1.82055537593e-17, 1.94273044871e-17, 1.40142428304e-17, 1.26783891545e-17, 8.083493496e-18, 5.9892392755e-18, 3.83463892059e-18, 1.26031936805e-18, 3.60692778188e-19, 3.31920987253e-20],
        "var": [0.00512429885566, 1.54497563839, 154.292510986, 86.5261230469, 329.723175049, 1986.84484863, 1721.54382324, 495.459655762, 580.554443359, 29994.1835938, 8637.83300781, 2145.35839844, 7024.25634766, 7156.47314453, 5628.15185547, 1132.85595703, 2437.33447266, 11734.6142578, 899.652099609, 91.034538269, 13.1826839447, 27.9941329956, 29.8222064972, 2.78663396835, 3.27724862099, 42.9043083191, 983.182067871, 2917.91918945, 30.3437232971, 4.88968706131, 2.0886528492, 1.466979146, 1.28680920601, 6.55880260468, 8.91263008118, 1.47363436222, 0.051630821079, 0.000289493240416, 2.15533418668e-07, 1.61083979489e-09]
    },
    "gfcc": {
        "mean": [-124.617218018, 155.24118042, -72.5623474121, 18.2491073608, -50.8273353577, 3.343760252, -33.760723114, -0.459071576595, -18.4820804596, 0.636173129082, -20.1559391022, -9.47625827789, -9.58035373688],
        "cov": [[9011.3984375, -768.63293457, -653.937744141, 64.2823257446, -243.382919312, 93.8309173584, -378.358886719, 46.9471740723, -515.403381348, 168.379776001, -202.014556885, 29.2575626373, 62.9745826721], [-768.63293457, 1386.56335449, 133.228515625, -320.416656494, 158.05368042, -93.1161270142, 255.825668335, -108.047271729, 313.171142578, -167.290512085, 123.342941284, -187.150817871, -57.4609718323], [-653.937744141, 133.228515625, 726.196777344, 216.856674194, 34.9079093933, -84.4235229492, 7.25793838501, 0.402716130018, 80.8528518677, -49.1194038391, 17.595954895, -20.5284118652, -19.3548069], [64.2823257446, -320.416656494, 216.856674194, 668.313781738, 24.1446437836, -31.6016654968, 33.9257545471, -41.8503036499, 81.5531005859, -4.2205491066, 11.9633588791, -3.00027561188, -67.583732605], [-243.382919312, 158.05368042, 34.9079093933, 24.1446437836, 313.310974121, 94.8831558228, -5.03848981857, -39.7774658203, 14.7882537842, -14.124710083, 39.7894172668, -23.152305603, -27.8123912811], [93.8309173584, -93.1161270142, -84.4235229492, -31.6016654968, 94.8831558228, 194.676620483, 38.994758606, -7.7177529335, -53.4049682617, 21.9337272644, -5.60931253433, 1.38266670704, -16.4504356384], [-378.358886719, 255.825668335, 7.25793838501, 33.9257545471, -5.03848981857, 38.994758606, 279.180145264, 28.2285480499, 120.210105896, -38.850063324, 6.04996490479, -74.9638366699, -41.3714370728], [46.9471740723, -108.047271729, 0.402716130018, -41.8503036499, -39.7774658203, -7.7177529335, 28.2285480499, 152.12097168, -23.7356452942, 9.67807483673, -39.4598388672, 34.647354126, 41.4249420166], [-515.403381348, 313.171142578, 80.8528518677, 81.5531005859, 14.7882537842, -53.4049682617, 120.210105896, -23.7356452942, 241.689743042, -18.3129367828, 43.2424888611, -84.9944000244, -63.9365959167], [168.379776001, -167.290512085, -49.1194038391, -4.2205491066, -14.124710083, 21.9337272644, -38.850063324, 9.67807483673, -18.3129367828, 107.030570984, 2.31732821465, 0.518958747387, -4.22439241409], [-202.014556885, 123.342941284, 17.595954895, 11.9633588791, 39.7894172668, -5.60931253433, 6.04996490479, -39.4598388672, 43.2424888611, 2.31732821465, 96.2337265015, 4.4482049942, -22.3081607819], [29.2575626373, -187.150817871, -20.5284118652, -3.00027561188, -23.152305603, 1.38266670704, -74.9638366699, 34.647354126, -84.9944000244, 0.518958747387, 4.4482049942, 128.951477051, 46.5002555847], [62.9745826721, -57.4609718323, -19.3548069, -67.583732605, -27.8123912811, -16.4504356384, -41.3714370728, 41.4249420166, -63.9365959167, -4.22439241409, -22.3081607819, 46.5002555847, 112.371269226]],
        "icov": [[0.000169976687175, -0.000277466111584, 0.000183287775144, -0.00032284235931, 0.00026979210088, -0.000209336765693, 0.000381970137823, -0.000269245239906, 0.000536939885933, -0.000297800288536, 0.000245378731051, 0.000226905831369, 0.000125403792481], [-0.000277466111584, 0.00425247196108, -0.000810349127278, 0.00322498101741, -0.00227972748689, 0.00253339903429, -0.00288946111687, 0.00243026716635, -0.00341656641103, 0.0041784979403, -0.00290304515511, 0.00162462680601, -0.00105851422995], [0.000183287775144, -0.000810349127278, 0.00196294765919, -0.00123426516075, 0.000263404770521, 4.05619684898e-05, 0.000987376784906, -0.00101654685568, 0.000707356492057, -0.000105631581391, 0.000351988797775, 0.000336242053891, 0.000217312655877], [-0.00032284235931, 0.00322498101741, -0.00123426516075, 0.00441739149392, -0.00203013606369, 0.00231125415303, -0.00275746593252, 0.00265496200882, -0.00324339023791, 0.00265793385915, -0.00145734811667, -0.00020349008264, 0.000165530771483], [0.00026979210088, -0.00227972748689, 0.000263404770521, -0.00203013606369, 0.00597361987457, -0.00456972466782, 0.00322147668339, -0.0017348555848, 0.00147112761624, -0.000618147838395, -0.000535288825631, 0.000904246990103, 0.000475898035802], [-0.000209336765693, 0.00253339903429, 4.05619684898e-05, 0.00231125415303, -0.00456972466782, 0.0106549123302, -0.00525272125378, 0.0028074523434, 0.00107398966793, -0.000314163655275, -0.000180492221261, -0.000638437748421, 0.0010973950848], [0.000381970137823, -0.00288946111687, 0.000987376784906, -0.00275746593252, 0.00322147668339, -0.00525272125378, 0.00935882236809, -0.00488433660939, -0.000189635786228, 0.000548849522602, 0.000622702238616, 0.0026838441845, 0.00102036306635], [-0.000269245239906, 0.00243026716635, -0.00101654685568, 0.00265496200882, -0.0017348555848, 0.0028074523434, -0.00488433660939, 0.0116112306714, -0.00246987910941, -0.000337771140039, 0.0027897269465, -0.003573683789, -0.00266711087897], [0.000536939885933, -0.00341656641103, 0.000707356492057, -0.00324339023791, 0.00147112761624, 0.00107398966793, -0.000189635786228, -0.00246987910941, 0.0121412193403, -0.00366391940042, -0.000558133644518, 0.00270888302475, 0.00302377552725], [-0.000297800288536, 0.0041784979403, -0.000105631581391, 0.00265793385915, -0.000618147838395, -0.000314163655275, 0.000548849522602, -0.000337771140039, -0.00366391940042, 0.0160661730915, -0.00523058185354, 0.00428054248914, -0.000278880266706], [0.000245378731051, -0.00290304515511, 0.000351988797775, -0.00145734811667, -0.000535288825631, -0.000180492221261, 0.000622702238616, 0.0027897269465, -0.000558133644518, -0.00523058185354, 0.0172414723784, -0.00645807618275, 0.00218510255218], [0.000226905831369, 0.00162462680601, 0.000336242053891, -0.00020349008264, 0.000904246990103, -0.000638437748421, 0.0026838441845, -0.003573683789, 0.00270888302475, 0.00428054248914, -0.00645807618275, 0.0159034263343, -0.00308586261235], [0.000125403792481, -0.00105851422995, 0.000217312655877, 0.000165530771483, 0.000475898035802, 0.0010973950848, 0.00102036306635, -0.00266711087897, 0.00302377552725, -0.000278880266706, 0.00218510255218, -0.00308586261235, 0.0134825464338]]
    },
    "melbands": {
        "dmean": [0.000246422103373, 0.00112765177619, 0.000633394462056, 0.000430704676546, 0.000423054472776, 0.000122178578749, 8.72385789989e-05, 0.000195073633222, 7.83101932029e-05, 4.9229060096e-05, 4.20100368501e-05, 2.51230649155e-05, 2.1954476324e-05, 1.65617329912e-05, 7.27001634004e-06, 1.36330672831e-05, 2.82193559542e-05, 9.45376996242e-06, 2.51467986345e-06, 1.4373401882e-06, 6.90632134592e-07, 7.17550847185e-07, 9.41803932619e-07, 5.39971665603e-07, 2.97609517474e-07, 1.80024841256e-07, 2.06101603339e-07, 4.00473425088e-07, 9.19623118989e-07, 2.56520593211e-06, 1.40715962971e-06, 2.06661439961e-07, 1.48636004837e-07, 1.4901330303e-07, 1.13677458558e-07, 6.88812420435e-08, 5.52717835944e-08, 5.45391962703e-08, 8.37397848841e-08, 1.36534822559e-07],
        "dmean2": [0.000392626854591, 0.00166529067792, 0.00103521009441, 0.000662681064568, 0.000633930729236, 0.000189174053958, 0.000132378569106, 0.000273024255875, 0.000110235792818, 6.46552653052e-05, 5.67831848457e-05, 2.97854130622e-05, 2.8516366001e-05, 2.26125430345e-05, 1.09731663542e-05, 2.09720110433e-05, 4.05042956118e-05, 1.38435016197e-05, 4.10828170061e-06, 2.25537678489e-06, 1.08398353404e-06, 1.0792359717e-06, 1.42533156122e-06, 8.18470596187e-07, 4.59359227989e-07, 2.85127072175e-07, 3.23585283013e-07, 5.94700054535e-07, 1.27711655296e-06, 4.25653297498e-06, 1.99404871637e-06, 3.45886633113e-07, 2.17827320625e-07, 2.27181601531e-07, 1.65294977705e-07, 1.10595500757e-07, 7.4536643524e-08, 7.84497089512e-08, 1.21679676113e-07, 1.95312765072e-07],
        "dvar": [3.71924414821e-07, 8.80250081536e-06, 1.76408980224e-06, 7.87699718785e-07, 6.16033275946e-07, 9.26490528741e-08, 6.70687185789e-08, 1.46787294852e-06, 9.24378227296e-08, 2.02057623966e-08, 3.14858965567e-08, 2.52883278762e-08, 1.57167789894e-08, 1.00540828996e-08, 2.29138752417e-09, 2.56713637015e-08, 2.73665641259e-08, 2.13044959452e-09, 1.30035121559e-10, 2.85141164152e-11, 6.10106496574e-12, 1.07106051458e-11, 2.49432922234e-11, 3.46622166733e-12, 7.43886126742e-13, 4.77807084263e-13, 5.81918844708e-13, 1.32188322788e-11, 1.23173221622e-10, 9.40432842711e-10, 4.17257145502e-10, 4.44916933157e-12, 5.3751854313e-13, 3.64106341648e-13, 2.69623055436e-13, 1.32259681722e-13, 1.46332747894e-13, 1.00648615419e-13, 3.97100944792e-13, 1.59782788129e-12],
        "dvar2": [8.64433616243e-07, 2.10560247069e-05, 4.44876150141e-06, 1.71158671947e-06, 1.2897646684e-06, 2.11575056142e-07, 1.33223068133e-07, 2.22808853323e-06, 1.44172659589e-07, 2.87716890313e-08, 4.4278436917e-08, 3.49570257185e-08, 2.33584813714e-08, 2.02460253007e-08, 5.21057508251e-09, 6.02150791451e-08, 5.59044615045e-08, 4.6952748356e-09, 2.6955304655e-10, 6.83053058559e-11, 1.37487174423e-11, 2.43569955871e-11, 5.53822578075e-11, 8.2973159593e-12, 1.49431487149e-12, 1.07572501254e-12, 1.32544366108e-12, 2.41587774091e-11, 2.55864968102e-10, 2.40702613397e-09, 9.54463619252e-10, 1.32946726544e-11, 1.08293257174e-12, 7.94952591168e-13, 5.86661849742e-13, 3.14143595035e-13, 2.28993283754e-13, 1.6965445162e-13, 8.09203669783e-13, 2.57644426627e-12],
        "max": [0.0162666197866, 0.0480497851968, 0.0173857230693, 0.0111833317205, 0.0142348464578, 0.0053893532604, 0.00522079970688, 0.0313245765865, 0.0104288225994, 0.00409768568352, 0.00533646112308, 0.00435462826863, 0.00436262832955, 0.00295215751976, 0.00142763496842, 0.0050492673181, 0.00346271181479, 0.000934724637773, 0.000247820018558, 0.000118533462228, 6.87636784278e-05, 9.30384849198e-05, 0.000114040885819, 4.70817976748e-05, 1.53448381752e-05, 1.77940673893e-05, 2.52444842772e-05, 0.000126019207528, 0.000391002278775, 0.000955743307713, 0.00069244671613, 7.06849823473e-05, 1.98855377675e-05, 1.0542855307e-05, 1.45213307405e-05, 1.248776789e-05, 1.58957900567e-05, 1.27067323774e-05, 2.628340917e-05, 4.60067603854e-05],
        "mean": [0.000515967607498, 0.00286732264794, 0.0013119635405, 0.00109568540938, 0.000921182101592, 0.000234167207964, 0.000172424566699, 0.000446523074061, 0.000169543985976, 0.00011584803724, 0.000129000851302, 6.03023181611e-05, 4.67617101094e-05, 3.12989977829e-05, 1.28727260744e-05, 1.61574989761e-05, 4.79487716802e-05, 1.66893933056e-05, 4.47961247119e-06, 2.52778886534e-06, 1.24315988614e-06, 1.19724290926e-06, 1.56820442498e-06, 1.00187196495e-06, 5.27624536062e-07, 3.42777525475e-07, 4.05512821544e-07, 6.12478970652e-07, 1.25371434478e-06, 4.31419084634e-06, 1.57358522301e-06, 3.00003961229e-07, 2.73568986131e-07, 2.63150070623e-07, 1.85969099675e-07, 1.08099158069e-07, 8.56259134707e-08, 8.28200725778e-08, 1.42477816212e-07, 2.38630519789e-07],
        "median": [0.000340920640156, 0.00117522000801, 0.000894452619832, 0.00028718993417, 0.000212142636883, 7.04532212694e-05, 5.91076604906e-05, 6.05774766882e-05, 3.27147536154e-05, 1.1473432096e-05, 6.70705003358e-06, 3.30173247676e-06, 2.16250100493e-06, 1.80431914032e-06, 7.29559019419e-07, 7.71710858771e-07, 1.21897721783e-06, 7.13533381713e-07, 3.71993081671e-07, 4.64321857407e-07, 2.25956654276e-07, 1.44134887137e-07, 1.42490662824e-07, 8.0598205443e-08, 6.9017985993e-08, 3.72638204738e-08, 3.86250356144e-08, 3.00510301088e-08, 2.72246793998e-08, 3.00983735713e-08, 1.81136012856e-08, 1.57383723831e-08, 1.27994006505e-08, 7.75077957371e-09, 6.52555787184e-09, 5.34529309704e-09, 4.2274357348e-09, 3.39161876362e-09, 3.17374437842e-09, 2.41876496609e-09],
        "min": [7.12048651133e-24, 1.11126188853e-23, 1.0094724838e-23, 2.08924746261e-23, 4.45893332041e-24, 1.76881247845e-23, 1.53654910876e-23, 1.09604428835e-23, 1.74345107367e-23, 4.98715616027e-24, 7.84874554409e-24, 9.71981159302e-24, 1.28106269954e-23, 1.79604458799e-23, 1.98319663127e-23, 2.34826079005e-23, 2.10563573237e-23, 5.48890758916e-24, 1.21800502419e-23, 1.33539951758e-23, 9.11402084922e-24, 1.27371485464e-23, 1.40773995585e-23, 9.28869279743e-24, 1.04788937879e-23, 8.72807696222e-24, 1.04235504623e-23, 1.06334269061e-23, 1.05837562792e-23, 8.56166517654e-24, 1.71953028666e-23, 1.03687601281e-23, 1.13574978763e-23, 7.48319055605e-24, 8.84780474839e-24, 1.38466766764e-23, 1.13306584617e-23, 8.19670262305e-24, 1.33324119414e-23, 9.52347752435e-24],
        "var": [6.12444807757e-07, 2.20345264097e-05, 2.72906845566e-06, 3.45671742252e-06, 3.06514652948e-06, 2.41294202397e-07, 1.52779477958e-07, 4.55816780232e-06, 3.38955288726e-07, 1.07001838501e-07, 1.81174598879e-07, 1.2914107117e-07, 6.4706206615e-08, 2.58887737914e-08, 4.52899406866e-09, 2.51740601698e-08, 6.08069328223e-08, 4.29532454049e-09, 2.62331684153e-10, 6.69609853676e-11, 1.36217339491e-11, 2.63776587378e-11, 5.28406832179e-11, 1.03298376797e-11, 1.73973888681e-12, 1.58909886118e-12, 2.40440826971e-12, 2.47812204784e-11, 1.8630823273e-10, 2.15880180399e-09, 5.49640277736e-10, 6.68975378565e-12, 1.81608829537e-12, 1.2171498618e-12, 8.46704162945e-13, 4.81665434534e-13, 6.28738435014e-13, 4.19200590039e-13, 1.34934847584e-12, 6.3605171477e-12]
    },
    "mfcc": {
        "mean": [-785.354675293, 189.101455688, 32.8670272827, 27.2717990875, 6.57099056244, 7.18301773071, -4.06636190414, -3.77169251442, 3.95096254349, 0.684291303158, 1.41441738605, -2.60257005692, -5.31609153748],
        "cov": [[6820.09716797, -443.633209229, -702.800109863, -42.0563087463, -165.286605835, -2.29518461227, 74.5014877319, -208.517684937, -38.6254997253, -248.968048096, -55.3158493042, -178.198760986, -1.75956511497], [-443.633209229, 1494.55859375, 25.3720474243, -217.496139526, -9.92261600494, -30.9680557251, -9.38061904907, 63.8448486328, 5.74856758118, 102.502380371, 96.1666946411, 23.9732265472, -90.215057373], [-702.800109863, 25.3720474243, 625.202575684, 227.4506073, 4.61671638489, -14.2446670532, -73.8696594238, 27.8434638977, 7.43664169312, 91.8985671997, 0.510511279106, 50.1140327454, 46.6696357727], [-42.0563087463, -217.496139526, 227.4506073, 458.095245361, 67.3401412964, 51.7860908508, -64.8951263428, 51.5621376038, 8.87308883667, 70.9023590088, -16.0420589447, 49.1662979126, 57.7026405334], [-165.286605835, -9.92261600494, 4.61671638489, 67.3401412964, 287.461883545, 51.2529830933, 21.2401790619, -13.1477088928, -37.6664085388, -52.6343269348, -23.4172611237, 1.23111188412, 7.48657655716], [-2.29518461227, -30.9680557251, -14.2446670532, 51.7860908508, 51.2529830933, 204.48979187, 47.232963562, 37.639667511, -37.2356529236, 52.7626495361, 33.1034889221, -8.48168087006, -8.48190498352], [74.5014877319, -9.38061904907, -73.8696594238, -64.8951263428, 21.2401790619, 47.232963562, 171.660644531, 18.302778244, 30.5435962677, -35.2437362671, -3.92224097252, -3.88662481308, -13.454703331], [-208.517684937, 63.8448486328, 27.8434638977, 51.5621376038, -13.1477088928, 37.639667511, 18.302778244, 146.468704224, 31.1119689941, 37.6552352905, 0.768013775349, 26.2350578308, 22.8799591064], [-38.6254997253, 5.74856758118, 7.43664169312, 8.87308883667, -37.6664085388, -37.2356529236, 30.5435962677, 31.1119689941, 136.153411865, 21.4008235931, -10.0714025497, -11.6121311188, -5.0302400589], [-248.968048096, 102.502380371, 91.8985671997, 70.9023590088, -52.6343269348, 52.7626495361, -35.2437362671, 37.6552352905, 21.4008235931, 193.653213501, 75.3993453979, 4.81093120575, -41.0743331909], [-55.3158493042, 96.1666946411, 0.510511279106, -16.0420589447, -23.4172611237, 33.1034889221, -3.92224097252, 0.768013775349, -10.0714025497, 75.3993453979, 106.474655151, 19.8939800262, -29.3381347656], [-178.198760986, 23.9732265472, 50.1140327454, 49.1662979126, 1.23111188412, -8.48168087006, -3.88662481308, 26.2350578308, -11.6121311188, 4.81093120575, 19.8939800262, 106.079780579, 46.262046814], [-1.75956511497, -90.215057373, 46.6696357727, 57.7026405334, 7.48657655716, -8.48190498352, -13.454703331, 22.8799591064, -5.0302400589, -41.0743331909, -29.3381347656, 46.262046814, 112.144836426]],
