{
"lowlevel": {
    "average_loudness": 0.954491794109,
    "barkbands_crest": {
        "dmean": 2.70195055008,
        "dmean2": 4.39866113663,
        "dvar": 5.3313536644,
        "dvar2": 12.9820356369,
        "max": 23.5451374054,
        "mean": 8.96559047699,
        "median": 8.51861953735,
        "min": 2.61814665794,
        "var": 11.0714530945
    },
    "barkbands_flatness_db": {
        "dmean": 0.0209156572819,
        "dmean2": 0.0330110862851,
        "dvar": 0.000373513088562,
        "dvar2": 0.000884802779183,
        "max": 0.345336616039,
        "mean": 0.157224595547,
        "median": 0.153511822224,
        "min": 0.0742293894291,
        "var": 0.00145422492642
    },
    "barkbands_kurtosis": {
        "dmean": 2.06046843529,
        "dmean2": 3.25358533859,
        "dvar": 10.7736291885,
        "dvar2": 25.6159706116,
        "max": 75.3477554321,
        "mean": 1.93799078465,
        "median": 0.703398704529,
        "min": -1.81676340103,
        "var": 17.1579437256
    },
    "barkbands_skewness": {
        "dmean": 0.520973145962,
        "dmean2": 0.800044775009,
        "dvar": 0.276588916779,
        "dvar2": 0.65059709549,
        "max": 6.92895269394,
        "mean": 1.24809145927,
        "median": 1.14255905151,
        "min": -0.994669675827,
        "var": 0.749853074551
    },
    "barkbands_spread": {
        "dmean": 4.84287118912,
        "dmean2": 7.54316711426,
        "dvar": 25.3523654938,
        "dvar2": 61.5962791443,
        "max": 64.5120162964,
        "mean": 21.0283718109,
        "median": 20.2366027832,
        "min": 1.10944104195,
        "var": 70.2342376709
    },
    "dissonance": {
        "dmean": 0.0155879408121,
        "dmean2": 0.0264250598848,
        "dvar": 0.000207927063457,
        "dvar2": 0.000529394485056,
        "max": 0.5,
        "mean": 0.474121421576,
        "median": 0.478019803762,
        "min": 0.333146929741,
        "var": 0.000347707042238
    },
    "dynamic_complexity": 2.41809439659,
    "erbbands_crest": {
        "dmean": 2.35043239594,
        "dmean2": 3.85610890388,
        "dvar": 5.34852647781,
        "dvar2": 13.4438705444,
        "max": 30.3142108917,
        "mean": 7.22353935242,
        "median": 6.53192234039,
        "min": 2.61491012573,
        "var": 9.26012706757
    },
    "erbbands_flatness_db": {
        "dmean": 0.0177094060928,
        "dmean2": 0.0267027709633,
        "dvar": 0.000301160820527,
        "dvar2": 0.000619650585577,
        "max": 0.340973526239,
        "mean": 0.194872781634,
        "median": 0.188740730286,
        "min": 0.110955618322,
        "var": 0.00152072601486
    },
    "erbbands_kurtosis": {
        "dmean": 0.600353002548,
        "dmean2": 0.971754491329,
        "dvar": 0.854212760925,
        "dvar2": 2.08887076378,
        "max": 17.9254894257,
        "mean": -0.104964025319,
        "median": -0.395090103149,
        "min": -1.58443546295,
        "var": 1.31342875957
    },
    "erbbands_skewness": {
        "dmean": 0.31577411294,
        "dmean2": 0.483874469995,
        "dvar": 0.0880999416113,
        "dvar2": 0.197630316019,
        "max": 3.99522447586,
        "mean": 0.0713690519333,
        "median": 0.123135775328,
        "min": -1.9854285717,
        "var": 0.344589710236
    },
    "erbbands_spread": {
        "dmean": 7.3086309433,
        "dmean2": 11.206949234,
        "dvar": 48.2405776978,
        "dvar2": 113.071022034,
        "max": 85.667175293,
        "mean": 33.7106552124,
        "median": 32.5181236267,
        "min": 4.59066486359,
        "var": 128.535064697
    },
    "hfc": {
        "dmean": 8.1583147049,
        "dmean2": 11.6930818558,
        "dvar": 111.2786026,
        "dvar2": 246.760406494,
        "max": 105.84362793,
        "mean": 19.1568260193,
        "median": 15.686876297,
        "min": 0.000182965464774,
        "var": 225.813903809
    },
    "melbands_crest": {
        "dmean": 3.9035987854,
        "dmean2": 6.19171285629,
        "dvar": 10.8182153702,
        "dvar2": 25.9370365143,
        "max": 34.6143760681,
        "mean": 13.7374801636,
        "median": 13.0506248474,
        "min": 3.13994789124,
        "var": 25.2404880524
    },
    "melbands_flatness_db": {
        "dmean": 0.0266163926572,
        "dmean2": 0.0400151126087,
        "dvar": 0.000679961638525,
        "dvar2": 0.00141640449874,
        "max": 0.444743186235,
        "mean": 0.186811223626,
        "median": 0.18262130022,
        "min": 0.0287316422909,
        "var": 0.00314901699312
    },
    "melbands_kurtosis": {
        "dmean": 5.10981178284,
        "dmean2": 8.1131696701,
        "dvar": 53.609790802,
        "dvar2": 127.742614746,
        "max": 88.7471694946,
        "mean": 7.77727031708,
        "median": 4.99111843109,
        "min": -1.58865177631,
        "var": 85.7068939209
    },
    "melbands_skewness": {
        "dmean": 0.698998034,
        "dmean2": 1.07835650444,
        "dvar": 0.511933088303,
        "dvar2": 1.16680777073,
        "max": 7.60893011093,
        "mean": 2.20467782021,
        "median": 2.03857970238,
        "min": -0.546068549156,
        "var": 1.31604588032
    },
    "melbands_spread": {
        "dmean": 6.828332901,
        "dmean2": 10.564453125,
        "dvar": 54.7441253662,
        "dvar2": 125.630821228,
        "max": 124.103507996,
        "mean": 23.7677841187,
        "median": 22.1218166351,
        "min": 1.32475697994,
        "var": 144.689666748
    },
    "pitch_salience": {
        "dmean": 0.0743668302894,
        "dmean2": 0.121983148158,
        "dvar": 0.00395424943417,
        "dvar2": 0.0101790996268,
        "max": 0.819674193859,
        "mean": 0.580022096634,
        "median": 0.586869299412,
        "min": 0.236606612802,
        "var": 0.00824304111302
    },
    "silence_rate_20dB": {
        "dmean": 0,
        "dmean2": 0,
        "dvar": 0,
        "dvar2": 0,
        "max": 1,
        "mean": 1,
        "median": 1,
        "min": 1,
        "var": 0
    },
    "silence_rate_30dB": {
        "dmean": 0.0518977530301,
        "dmean2": 0.103835724294,
        "dvar": 0.0492041446269,
        "dvar2": 0.131797999144,
        "max": 1,
        "mean": 0.967479646206,
        "median": 1,
        "min": 0,
        "var": 0.0314626730978
    },
    "silence_rate_60dB": {
        "dmean": 0.0271107666194,
        "dmean2": 0.0542425401509,
        "dvar": 0.0263743344694,
        "dvar2": 0.0551762655377,
        "max": 1,
        "mean": 0.0452961660922,
        "median": 0,
        "min": 0,
        "var": 0.0432449132204
    },
    "spectral_centroid": {
        "dmean": 238.652297974,
        "dmean2": 366.025085449,
        "dvar": 60964.4609375,
        "dvar2": 134701.5,
        "max": 3475.66015625,
        "mean": 1304.6282959,
        "median": 1268.62854004,
        "min": 232.916000366,
        "var": 193622.421875
    },
    "spectral_complexity": {
        "dmean": 4.51587915421,
        "dmean2": 6.65788459778,
        "dvar": 20.0251579285,
        "dvar2": 39.6042518616,
        "max": 60,
        "mean": 24.77003479,
        "median": 25,
        "min": 0,
        "var": 100.218299866
    },
    "spectral_decrease": {
        "dmean": 4.50888393289e-09,
        "dmean2": 7.10758429889e-09,
        "dvar": 5.93706833252e-17,
        "dvar2": 1.59106218826e-16,
        "max": -1.20234226221e-13,
        "mean": -8.11703326775e-09,
        "median": -5.97281690773e-09,
        "min": -6.22039166842e-08,
        "var": 6.6802722458e-17
    },
    "spectral_energy": {
        "dmean": 0.0176698733121,
        "dmean2": 0.0277119204402,
        "dvar": 0.000886043126229,
        "dvar2": 0.00236866809428,
        "max": 0.242659389973,
        "mean": 0.0323731228709,
        "median": 0.0242112260312,
        "min": 4.70387163887e-07,
        "var": 0.00101343961433
    },
    "spectral_energyband_high": {
        "dmean": 0.000402722682338,
        "dmean2": 0.000587665301282,
        "dvar": 4.3741005129e-07,
        "dvar2": 8.45916417802e-07,
        "max": 0.00793755147606,
        "mean": 0.000612840580288,
        "median": 0.000259392836597,
        "min": 7.08156111529e-09,
        "var": 9.235940297e-07
    },
    "spectral_energyband_low": {
        "dmean": 0.00997622404248,
        "dmean2": 0.0164249334484,
        "dvar": 0.000408948864788,
        "dvar2": 0.00108493224252,
        "max": 0.154627144337,
        "mean": 0.0140184350312,
        "median": 0.00593713577837,
        "min": 3.27776660924e-07,
        "var": 0.000460551324068
    },
    "spectral_energyband_middle_high": {
        "dmean": 0.00190547690727,
        "dmean2": 0.00286266952753,
        "dvar": 5.04066565554e-06,
        "dvar2": 1.11003328129e-05,
        "max": 0.027621421963,
        "mean": 0.00570422178134,
        "median": 0.00512350583449,
        "min": 4.56856099618e-08,
        "var": 1.36031794682e-05
    },
    "spectral_energyband_middle_low": {
        "dmean": 0.00927431229502,
        "dmean2": 0.0149414436892,
        "dvar": 0.000297523103654,
        "dvar2": 0.000807190896012,
        "max": 0.145386397839,
        "mean": 0.0134960636497,
        "median": 0.00929541978985,
        "min": 1.08521469144e-07,
        "var": 0.000255906226812
    },
    "spectral_entropy": {
        "dmean": 0.129745334387,
        "dmean2": 0.19935773313,
        "dvar": 0.0165697354823,
        "dvar2": 0.0383575297892,
        "max": 8.49781227112,
        "mean": 7.63430356979,
        "median": 7.64921188354,
        "min": 5.73856163025,
        "var": 0.0687632784247
    },
    "spectral_flux": {
        "dmean": 0.0401743650436,
        "dmean2": 0.0664726495743,
        "dvar": 0.00296479999088,
        "dvar2": 0.00610999204218,
        "max": 0.424423724413,
        "mean": 0.100028894842,
        "median": 0.085727006197,
        "min": 0.00068584777182,
        "var": 0.00434000464156
    },
    "spectral_kurtosis": {
        "dmean": 2.33828043938,
        "dmean2": 4.07800722122,
        "dvar": 7.00319814682,
        "dvar2": 20.6774539948,
        "max": 38.2993125916,
        "mean": 3.95206594467,
        "median": 3.07995080948,
        "min": -0.695189714432,
        "var": 9.99347877502
    },
    "spectral_rms": {
        "dmean": 0.00133448117413,
        "dmean2": 0.00197302503511,
        "dvar": 2.79537039205e-06,
        "dvar2": 6.89434546075e-06,
        "max": 0.0153863858432,
        "mean": 0.00508355908096,
        "median": 0.00486011430621,
        "min": 2.14222854993e-05,
        "var": 5.74093655814e-06
    },
    "spectral_rolloff": {
        "dmean": 400.616699219,
        "dmean2": 654.323303223,
        "dvar": 255030.265625,
        "dvar2": 561140.0625,
        "max": 7988.81835938,
        "mean": 1338.85498047,
        "median": 1356.59179688,
        "min": 64.599609375,
        "var": 608620.375
    },
    "spectral_skewness": {
        "dmean": 0.258310586214,
        "dmean2": 0.432928770781,
        "dvar": 0.0624477639794,
        "dvar2": 0.176095217466,
        "max": 4.5094294548,
        "mean": 1.33217835426,
        "median": 1.29703307152,
        "min": 0.28996565938,
        "var": 0.137015432119
    },
    "spectral_spread": {
        "dmean": 396235.34375,
        "dmean2": 595446.125,
        "dvar": 169173958656,
        "dvar2": 361587900416,
        "max": 7152516,
        "mean": 3359675,
        "median": 3380061.25,
        "min": 1432203.75,
        "var": 661414543360
    },
    "spectral_strongpeak": {
        "dmean": 0.468143135309,
        "dmean2": 0.780712425709,
        "dvar": 0.33299985528,
        "dvar2": 0.829168915749,
        "max": 6.40746879578,
        "mean": 0.678234398365,
        "median": 0.390686631203,
        "min": 0,
        "var": 0.475253224373
    },
    "zerocrossingrate": {
        "dmean": 0.00800104252994,
        "dmean2": 0.00957890134305,
        "dvar": 5.67317256355e-05,
        "dvar2": 7.56937588449e-05,
        "max": 0.2265625,
        "mean": 0.0507655590773,
        "median": 0.04931640625,
        "min": 0.0068359375,
        "var": 0.000393882917706
    },
    "barkbands": {
        "dmean": [0.00117997510824, 0.00433634081855, 0.00454638618976, 0.00326754036359, 0.00161405513063, 0.00328932423145, 0.00123356992844, 0.00109395408072, 0.000832861638628, 0.000349908339558, 0.000533665705007, 0.000449391867733, 0.000372949143639, 0.000387589388993, 0.000442942604423, 0.000234393854043, 0.000221945854719, 0.000183346564882, 0.000152811859152, 0.000150881431182, 0.000127129838802, 0.000102433754364, 6.76119379932e-05, 5.78800281801e-05, 1.20438162412e-05, 9.70072822071e-09, 1.25692667385e-09],
        "dmean2": [0.00183138041757, 0.00701782060787, 0.00747512234375, 0.00590664381161, 0.00273805856705, 0.00511672906578, 0.00199119560421, 0.00173533591442, 0.00130359968171, 0.000585236062761, 0.000870365009177, 0.000737218011636, 0.000592310563661, 0.000639345031232, 0.000730183033738, 0.000391199020669, 0.000364877399988, 0.00029517931398, 0.000237394648138, 0.000233684637351, 0.000193538347958, 0.000151882923092, 0.000102816164144, 9.15607452043e-05, 1.91434992303e-05, 1.52803423248e-08, 2.34174035718e-09],
        "dvar": [5.42232828593e-06, 5.98511614953e-05, 0.000117264542496, 0.000110605084046, 9.19826470636e-06, 2.95740173897e-05, 4.13884208683e-06, 6.45835143587e-06, 2.7949579362e-06, 2.09258317341e-07, 4.98333861287e-07, 3.2919183468e-07, 3.10514309376e-07, 2.80592388435e-07, 4.31612789953e-07, 8.48193053571e-08, 9.0630770444e-08, 8.88289619638e-08, 8.5052207055e-08, 7.27919697852e-08, 5.2713044596e-08, 2.77379985647e-08, 1.78132726347e-08, 1.15938627587e-08, 6.04001626492e-10, 3.70956967519e-16, 4.166151817e-18],
        "dvar2": [1.27903531393e-05, 0.000157498143381, 0.000309612747515, 0.000316127261613, 2.53282614722e-05, 6.78688738844e-05, 1.02442290881e-05, 1.52134261953e-05, 6.47512842988e-06, 5.87868214552e-07, 1.23679001263e-06, 8.0210111264e-07, 6.87525869125e-07, 7.16632541753e-07, 1.1435382703e-06, 2.23654552656e-07, 2.21544496526e-07, 2.1765481506e-07, 1.97884077124e-07, 1.61376135566e-07, 1.17373986086e-07, 5.77908707555e-08, 3.61455008147e-08, 2.54015724011e-08, 1.37071598516e-09, 8.66899840334e-16, 1.33017384021e-17],
        "max": [0.0222047977149, 0.0748503059149, 0.0914269164205, 0.0881286486983, 0.0417494624853, 0.0487107746303, 0.0268932059407, 0.0283092968166, 0.0280407797545, 0.00583905400708, 0.0100616198033, 0.00803488399833, 0.0112112406641, 0.0105615137145, 0.0133323539048, 0.00450405012816, 0.00378937041387, 0.00538803217933, 0.00591950211674, 0.0035346201621, 0.00248692161404, 0.0027081517037, 0.00294869299978, 0.00210308353417, 0.00036853927304, 2.12170675695e-07, 2.60684949183e-08],
        "mean": [0.00141833722591, 0.00686535937712, 0.00441425805911, 0.00260183517821, 0.00223038648255, 0.0036352861207, 0.00212927069515, 0.00148696161341, 0.0011553944787, 0.000587948423345, 0.000852991710417, 0.000742484466173, 0.000609587761573, 0.000635049073026, 0.000804454495665, 0.000439978786744, 0.00041222004802, 0.000358814111678, 0.00025255876244, 0.000229480487178, 0.000184601871297, 0.000144458637806, 9.43586273934e-05, 7.36134170438e-05, 1.34283245643e-05, 1.10486153559e-08, 9.69913704907e-10],
        "median": [0.000257175473962, 0.00229721423239, 0.000720347685274, 0.00056794739794, 0.00135249213781, 0.00114671210758, 0.00105403189082, 0.000627767643891, 0.000445520330686, 0.000378436176106, 0.000557989580557, 0.000515490653925, 0.000412919878727, 0.000465255259769, 0.000594454060774, 0.00034171124571, 0.000296668935334, 0.000215288135223, 0.000151291576913, 0.000106779625639, 7.95663072495e-05, 5.7887591538e-05, 3.5978777305e-05, 2.78870957118e-05, 4.31690841651e-06, 3.82730114268e-09, 3.21969367834e-10],
        "min": [1.29513253455e-08, 2.07510368e-07, 7.56094493681e-08, 4.37422258415e-08, 2.77260845394e-08, 1.48619561102e-08, 2.46093856404e-09, 8.98561758333e-09, 9.92905313524e-09, 1.38322786558e-09, 8.13295819579e-10, 3.73643027629e-09, 8.18784506862e-09, 8.86413875634e-09, 8.9288390015e-09, 2.35909203283e-09, 6.29353413828e-09, 2.96495894503e-09, 1.48033496572e-09, 1.82565074169e-09, 2.06932848634e-09, 2.34133734622e-09, 9.3056190531e-10, 9.03156105458e-10, 8.02413691048e-11, 6.42276596491e-12, 7.38932699751e-12],
        "var": [7.07786557541e-06, 9.80572076514e-05, 0.00010071676661, 6.69322325848e-05, 8.37316929392e-06, 3.50738555426e-05, 8.00076213636e-06, 7.48764296077e-06, 4.02852538173e-06, 4.22846767378e-07, 9.35591401685e-07, 6.26593475772e-07, 4.99297698298e-07, 4.25961189876e-07, 6.29840485544e-07, 1.43172570688e-07, 1.64774803579e-07, 1.71703447904e-07, 1.24145103086e-07, 1.15467450712e-07, 8.63395968054e-08, 5.50598890925e-08, 3.73929722741e-08, 1.88374809085e-08, 7.87443832362e-10, 4.64540026268e-16, 3.10838695727e-18]
    },
    "erbbands": {
        "dmean": [0.158417493105, 0.9586135149, 4.40561723709, 9.06653785706, 7.53772878647, 4.81388473511, 18.4351501465, 25.3865680695, 17.4162979126, 18.0276737213, 26.5779495239, 19.0555076599, 12.6703958511, 16.6919288635, 16.8278141022, 19.0505161285, 17.0622673035, 21.4062900543, 21.0607719421, 14.1411170959, 11.494301796, 11.1217222214, 10.4174842834, 7.51769590378, 9.1669511795, 6.63228988647, 5.39487838745, 4.59300088882, 3.57773137093, 2.77467703819, 2.08195137978, 1.34543550014, 0.877807617188, 0.273673564196, 0.0210962872952, 0.000939983467106, 5.63560934097e-05, 8.95032462722e-06, 9.97863753582e-06, 2.03106847039e-05],
        "dmean2": [0.252528935671, 1.56967520714, 7.21141815186, 15.9341249466, 13.2758436203, 8.07993125916, 28.2804088593, 40.8158187866, 28.7572364807, 28.0701065063, 42.3766517639, 29.7303886414, 20.798500061, 27.1878261566, 27.603351593, 31.1156406403, 27.4440040588, 35.1620407104, 34.8813400269, 23.1303653717, 18.6067581177, 18.2073802948, 16.6263961792, 11.8138875961, 14.4967384338, 10.2229309082, 8.18673229218, 6.85851144791, 5.25788354874, 4.24686813354, 3.25347971916, 2.06413412094, 1.40900719166, 0.436419725418, 0.0343836136162, 0.00152071751654, 8.79231665749e-05, 1.35901636895e-05, 1.49466686707e-05, 3.14453827741e-05],
        "dvar": [0.0838331207633, 4.04797887802, 105.848976135, 684.661254883, 505.958953857, 68.8647766113, 1114.32910156, 2309.93603516, 755.311157227, 1142.69775391, 4221.84570312, 1745.54260254, 356.18862915, 564.206665039, 611.435119629, 651.679260254, 578.440185547, 900.201782227, 929.786682129, 379.472961426, 194.963745117, 219.262832642, 310.323760986, 110.869262695, 321.765167236, 151.698699951, 101.384902954, 62.7486763, 33.2263641357, 26.6572761536, 18.0634174347, 6.31984710693, 3.00931692123, 0.30844476819, 0.00189285445958, 3.68259020433e-06, 1.0955401919e-08, 2.37532993275e-10, 2.30251970268e-10, 1.10394715591e-09],
        "dvar2": [0.22107295692, 10.4461984634, 275.482452393, 1917.90722656, 1430.62060547, 189.783309937, 2395.96459961, 5732.44824219, 2005.52514648, 2672.87158203, 10074.4150391, 4034.7644043, 924.340087891, 1433.43664551, 1520.6920166, 1571.66955566, 1284.40771484, 2313.74609375, 2469.98461914, 979.997070312, 488.946228027, 546.616699219, 750.055969238, 249.533370972, 776.506225586, 330.309387207, 210.927764893, 141.562713623, 64.3703231812, 56.5329322815, 41.0099601746, 13.1343574524, 7.30165433884, 0.714767336845, 0.00461708847433, 8.90512274054e-06, 2.5203750198e-08, 5.14925435624e-10, 5.89832183095e-10, 2.929281262e-09],
        "max": [3.18441534042, 19.3035068512, 89.9099960327, 207.156326294, 262.802276611, 168.973770142, 275.999633789, 569.791870117, 270.49899292, 412.274780273, 773.651123047, 744.28125, 211.40612793, 382.574676514, 450.148193359, 382.244262695, 476.450378418, 618.16192627, 518.045043945, 472.614929199, 190.323699951, 208.357452393, 337.255310059, 207.651275635, 364.259307861, 167.19909668, 153.684066772, 99.7638320923, 86.0387802124, 115.275672913, 97.5058441162, 51.2456359863, 27.1067085266, 8.7925567627, 0.665110528469, 0.0287953112274, 0.00156587827951, 0.000220328496653, 0.000133177731186, 0.000277156854281],
        "mean": [0.272418677807, 1.26416826248, 4.47444295883, 7.88315868378, 7.65969181061, 6.76679801941, 19.9040584564, 28.0174789429, 28.7560825348, 30.6046142578, 37.055015564, 26.9065647125, 19.770526886, 27.5915660858, 28.969045639, 32.4849891663, 30.2697544098, 35.9709854126, 39.6409568787, 30.6170482635, 23.8812179565, 22.3488845825, 20.3885784149, 14.5264453888, 14.1355304718, 10.2460250854, 7.9707069397, 6.61171674728, 5.20419931412, 3.83250808716, 2.77884340286, 1.77944052219, 1.04951179028, 0.312466293573, 0.0216380953789, 0.00100878160447, 7.45522702346e-05, 1.36446060424e-05, 1.90601349459e-05, 3.81869649573e-05],
        "median": [0.0909580588341, 0.267899870872, 0.830752313137, 1.60056126118, 3.21151304245, 4.30280208588, 6.05890464783, 9.42759418488, 14.8822584152, 15.0797462463, 13.6445665359, 11.5891551971, 10.9216690063, 17.9894046783, 19.4504108429, 23.2816028595, 22.1292819977, 26.442150116, 28.9563846588, 26.2190246582, 18.5925617218, 16.3358268738, 12.0638427734, 9.49358844757, 8.18544101715, 4.72568416595, 3.25260543823, 2.89900279045, 2.15039515495, 1.46732294559, 1.07839024067, 0.711069405079, 0.37519043684, 0.103483267128, 0.0065668290481, 0.000334674230544, 3.4344568121e-05, 7.04695321474e-06, 1.44326777445e-05, 2.90424341074e-05],
        "min": [6.20934451945e-06, 4.49938415841e-05, 9.24838313949e-05, 0.000125906328321, 0.000102712183434, 8.08379700175e-05, 0.000156346723088, 0.000103290200059, 5.22740665474e-05, 7.74048021412e-05, 0.000214847648749, 0.00022791090305, 0.000113666399557, 3.09755232593e-05, 2.9425471439e-05, 0.000190751932678, 0.000421174598159, 0.000269874581136, 0.000680143362843, 0.000237125772401, 0.000186975346878, 0.000298376893625, 0.000225481533562, 6.87570282025e-05, 9.69855318544e-05, 8.29931232147e-05, 8.22017973405e-05, 8.59436186147e-05, 0.000105925500975, 2.26221673074e-05, 3.2241052395e-05, 1.539483128e-05, 1.53854562086e-05, 3.43827105098e-06, 1.65267508123e-07, 2.72459264039e-08, 1.43347094195e-08, 4.25361434964e-09, 1.31233590661e-09, 6.43382791488e-10],
        "var": [0.162736475468, 4.71866321564, 95.5625839233, 455.115661621, 330.88949585, 69.2411346436, 1341.35253906, 2407.92773438, 1497.03051758, 1826.81591797, 4999.05517578, 2268.64404297, 659.164428711, 973.323486328, 1308.78759766, 1122.37402344, 953.876586914, 1364.7487793, 1557.7857666, 571.8125, 409.878143311, 437.419769287, 603.116516113, 252.76008606, 404.995513916, 245.727890015, 180.671569824, 105.156967163, 70.9654083252, 52.4845504761, 31.9265880585, 11.4796667099, 3.97026753426, 0.400770813227, 0.00212725880556, 4.30333375334e-06, 1.54310875189e-08, 4.01089939039e-10, 3.148511174e-10, 1.31657240665e-09]
    },
    "gfcc": {
        "mean": [-18.8775348663, 139.642852783, -166.932220459, 50.2058067322, -66.8650054932, 14.96281147, -34.4682693481, -8.5081911087, -2.43900847435, -14.6057891846, 9.11126708984, -18.286026001, 5.84573888779],
        "cov": [[4774.38916016, -997.604980469, 522.218688965, 508.800354004, -692.938659668, 632.318237305, -81.0942306519, 529.146057129, 102.370010376, 188.260299683, 89.8092880249, 138.048171997, 118.950836182], [-997.604980469, 899.006103516, 156.984085083, -18.1600437164, 545.327392578, -158.569320679, 227.673294067, -137.050598145, 54.5314445496, -89.6158905029, -0.620471775532, -71.4567718506, -20.4603786469], [522.218688965, 156.984085083, 574.323547363, 305.658630371, 71.1603546143, 215.670501709, 75.3823165894, 120.89037323, 70.583656311, 40.1725845337, 34.779132843, 14.7682771683, 40.2982444763], [508.800354004, -18.1600437164, 305.658630371, 329.774505615, 64.387512207, 165.111221313, 43.4077606201, 75.3647155762, 38.2970428467, 37.3294029236, 16.0456886292, 14.6617670059, 24.0663909912], [-692.938659668, 545.327392578, 71.1603546143, 64.387512207, 473.483917236, -60.4549179077, 162.490264893, -94.4869918823, 21.6242160797, -45.4177131653, -18.7345123291, -56.8768997192, -28.2091884613], [632.318237305, -158.569320679, 215.670501709, 165.111221313, -60.4549179077, 256.303924561, 32.8065681458, 136.399139404, 51.7730369568, 59.7143249512, 34.0294647217, 27.7848510742, 27.614397049], [-81.0942306519, 227.673294067, 75.3823165894, 43.4077606201, 162.490264893, 32.8065681458, 151.581970215, 26.7201843262, 51.1725845337, -7.99510526657, 9.58737468719, -16.596660614, -3.94209980965], [529.146057129, -137.050598145, 120.89037323, 75.3647155762, -94.4869918823, 136.399139404, 26.7201843262, 175.001754761, 68.7537002563, 40.3382148743, 29.0769081116, 23.2797241211, 17.9844398499], [102.370010376, 54.5314445496, 70.583656311, 38.2970428467, 21.6242160797, 51.7730369568, 51.1725845337, 68.7537002563, 91.6140136719, 24.5956916809, 33.3504219055, 11.167345047, 9.03176403046], [188.260299683, -89.6158905029, 40.1725845337, 37.3294029236, -45.4177131653, 59.7143249512, -7.99510526657, 40.3382148743, 24.5956916809, 78.0682220459, 38.4670829773, 22.5939941406, 15.2869491577], [89.8092880249, -0.620471775532, 34.779132843, 16.0456886292, -18.7345123291, 34.0294647217, 9.58737468719, 29.0769081116, 33.3504219055, 38.4670829773, 66.8524703979, 38.3737602234, 22.6850013733], [138.048171997, -71.4567718506, 14.7682771683, 14.6617670059, -56.8768997192, 27.7848510742, -16.596660614, 23.2797241211, 11.167345047, 22.5939941406, 38.3737602234, 67.5237884521, 44.3248252869], [118.950836182, -20.4603786469, 40.2982444763, 24.0663909912, -28.2091884613, 27.614397049, -3.94209980965, 17.9844398499, 9.03176403046, 15.2869491577, 22.6850013733, 44.3248252869, 62.9548454285]],
        "icov": [[0.000479492067825, -0.000380122219212, 0.000314122036798, -0.000782197690569, 0.000908247195184, -0.000570762378629, -2.06777604035e-05, -0.000871872762218, 0.000539917848073, -0.000211199221667, 0.000231408135733, -8.71078591445e-05, -7.47009398765e-05], [-0.000380122219212, 0.0183173809201, -0.0107651697472, 0.0093932710588, -0.0142378499731, 0.0099093541503, -0.00862191431224, 0.0070387404412, -0.00768710300326, 0.00926439277828, -0.0110458740965, 0.00858776364475, -0.00651856558397], [0.000314122036798, -0.0107651697472, 0.0104424590245, -0.00851359870285, 0.00815831869841, -0.00718799605966, 0.00505472440273, -0.00492626894265, 0.00412307493389, -0.00436362950131, 0.00497227953747, -0.00286549213342, 0.0017042796826], [-0.000782197690569, 0.0093932710588, -0.00851359870285, 0.0127677517012, -0.00956933014095, 0.00298917503096, -0.00314577808604, 0.00451964884996, -0.00422541750595, 0.00330419349484, -0.00341094913892, 0.00216741370969, -0.00248066964559], [0.000908247195184, -0.0142378499731, 0.00815831869841, -0.00956933014095, 0.0174705069512, -0.00712273595855, 0.000770826649386, -0.00235184235498, 0.00525087630376, -0.00662167510018, 0.00827219896019, -0.00448704697192, 0.00479823490605], [-0.000570762378629, 0.0099093541503, -0.00718799605966, 0.00298917503096, -0.00712273595855, 0.0159289315343, -0.00645699817687, -0.000649616355076, -0.00267516076565, 0.00152945367154, -0.00575980264693, 0.00413818471134, -0.00346567877568], [-2.06777604035e-05, -0.00862191431224, 0.00505472440273, -0.00314577808604, 0.000770826649386, -0.00645699817687, 0.0194920860231, -0.00611913902685, -0.000955822237302, -0.00151649070904, 0.00308236200362, -0.00162252981681, 0.00188726978377], [-0.000871872762218, 0.0070387404412, -0.00492626894265, 0.00451964884996, -0.00235184235498, -0.000649616355076, -0.00611913902685, 0.0196066722274, -0.0119740720838, 0.00331278773956, -0.00203900970519, 0.00225482857786, -0.00133196730167], [0.000539917848073, -0.00768710300326, 0.00412307493389, -0.00422541750595, 0.00525087630376, -0.00267516076565, -0.000955822237302, -0.0119740720838, 0.0258990265429, -0.00554357282817, -0.00311341113411, -0.00220352853648, 0.00264852144755], [-0.000211199221667, 0.00926439277828, -0.00436362950131, 0.00330419349484, -0.00662167510018, 0.00152945367154, -0.00151649070904, 0.00331278773956, -0.00554357282817, 0.0267738532275, -0.0174864567816, 0.00759499659762, -0.00449164491147], [0.000231408135733, -0.0110458740965, 0.00497227953747, -0.00341094913892, 0.00827219896019, -0.00575980264693, 0.00308236200362, -0.00203900970519, -0.00311341113411, -0.0174864567816, 0.0411162339151, -0.023780638352, 0.00772296451032], [-8.71078591445e-05, 0.00858776364475, -0.00286549213342, 0.00216741370969, -0.00448704697192, 0.00413818471134, -0.00162252981681, 0.00225482857786, -0.00220352853648, 0.00759499659762, -0.023780638352, 0.0459063202143, -0.0258906669915], [-7.47009398765e-05, -0.00651856558397, 0.0017042796826, -0.00248066964559, 0.00479823490605, -0.00346567877568, 0.00188726978377, -0.00133196730167, 0.00264852144755, -0.00449164491147, 0.00772296451032, -0.0258906669915, 0.0340900309384]]
    },
    "melbands": {
        "dmean": [0.00122318591457, 0.00193410250358, 0.00153912627138, 0.000376684212824, 0.000539296714123, 0.000585855275858, 0.000266566086793, 0.000191849365365, 0.000220909263589, 0.000117983399832, 6.19586135144e-05, 6.3972947828e-05, 5.88070906815e-05, 4.58492831967e-05, 4.54641740362e-05, 4.31626831414e-05, 4.36592090409e-05, 3.21696898027e-05, 3.30873226631e-05, 1.8316146452e-05, 1.48138897202e-05, 1.31219812829e-05, 1.03507200038e-05, 8.85437566467e-06, 6.18836565991e-06, 6.60776686345e-06, 6.41293991066e-06, 4.32257138527e-06, 3.18556749335e-06, 3.97884832637e-06, 2.25058511205e-06, 2.16711578105e-06, 1.8991242996e-06, 1.35775474064e-06, 1.29799161641e-06, 9.69591610556e-07, 8.02239810582e-07, 7.02878992342e-07, 4.01189367949e-07, 1.82032067642e-07],
        "dmean2": [0.00196069735102, 0.00315459864214, 0.00269374647178, 0.00065144879045, 0.000831141951494, 0.000931258895434, 0.000435194233432, 0.000299406849081, 0.000351391092408, 0.000184518736205, 0.000102089994471, 0.000104375525552, 9.63143174886e-05, 7.48596139601e-05, 7.44367134757e-05, 6.90271772328e-05, 7.25077843526e-05, 5.32728008693e-05, 5.47036870557e-05, 3.11591866193e-05, 2.41721409111e-05, 2.16392563743e-05, 1.67599173437e-05, 1.42776707435e-05, 9.89987529465e-06, 1.04104829006e-05, 1.03334477899e-05, 6.75182809573e-06, 4.80648077428e-06, 6.19099864707e-06, 3.39299731422e-06, 3.26474605572e-06, 2.84666020889e-06, 2.10989628613e-06, 2.05602577807e-06, 1.50994594605e-06, 1.24839266391e-06, 1.144812245e-06, 6.39457880425e-07, 2.95073363077e-07],
        "dvar": [4.46335889137e-06, 1.93127671082e-05, 2.00015638256e-05, 7.54046197926e-07, 8.35978255509e-07, 1.04218850083e-06, 1.69480216528e-07, 1.30622836991e-07, 2.61361122966e-07, 8.02361910246e-08, 8.28353030613e-09, 8.16660250536e-09, 5.929434721e-09, 3.92809651473e-09, 3.39407812966e-09, 4.89657203673e-09, 4.07639921818e-09, 2.09354555913e-09, 2.87503043594e-09, 5.90377136067e-10, 3.35888428182e-10, 3.05811126422e-10, 3.35195565748e-10, 1.91083621148e-10, 7.52343395916e-11, 1.81412801448e-10, 1.46707881954e-10, 7.45581096862e-11, 4.1401479467e-11, 5.52158319067e-11, 1.47509851556e-11, 1.22345909445e-11, 1.18924575049e-11, 7.59540000339e-12, 7.21873776033e-12, 3.98141372301e-12, 2.22637533409e-12, 2.05975189162e-12, 6.47852865104e-13, 1.53477409818e-13],
        "dvar2": [1.16200235425e-05, 4.99381167174e-05, 5.62287095818e-05, 2.11223277802e-06, 1.83529323294e-06, 2.54506744568e-06, 4.33979096215e-07, 3.00741930914e-07, 6.19019886017e-07, 1.84135870995e-07, 2.16965201361e-08, 2.08689829861e-08, 1.47685916829e-08, 9.55705914407e-09, 8.31455437833e-09, 1.09672635418e-08, 1.04307931181e-08, 5.52930368158e-09, 7.52803241966e-09, 1.57220603203e-09, 8.5561374652e-10, 7.78662856415e-10, 8.71792416035e-10, 4.5231465795e-10, 1.7740194036e-10, 4.40587760719e-10, 3.57823964903e-10, 1.58002971817e-10, 8.34810970352e-11, 1.33531227742e-10, 3.21961866889e-11, 2.41127812162e-11, 2.690027541e-11, 1.64062426838e-11, 1.6834238864e-11, 9.09260253895e-12, 4.60091340027e-12, 5.20663937312e-12, 1.45712380963e-12, 3.74830998488e-13],
        "max": [0.0203004684299, 0.0391423888505, 0.0384632796049, 0.0101276440546, 0.00872571114451, 0.0118381297216, 0.00420461269096, 0.00495699746534, 0.00595285883173, 0.00518448511139, 0.00103911012411, 0.00142367335502, 0.0011764774099, 0.000995601643808, 0.00080330990022, 0.0011824319372, 0.00137044943403, 0.000763102783822, 0.00139434728771, 0.000348066707375, 0.000217318578507, 0.000283332628896, 0.000367707601981, 0.000186088247574, 0.000182866031537, 0.000294916593703, 0.000210677302675, 0.000128217026941, 0.000112801681098, 8.56592596392e-05, 4.62410389446e-05, 4.02664736612e-05, 6.51831214782e-05, 6.11341820331e-05, 5.9028792748e-05, 4.8135407269e-05, 3.23591775668e-05, 2.44351667789e-05, 1.72248783201e-05, 4.77684170619e-06],
        "mean": [0.00215895590372, 0.00215045665391, 0.00139134423807, 0.000477385794511, 0.000611521711107, 0.000662256672513, 0.0004549928708, 0.000318584061461, 0.000302857195493, 0.000160012335982, 9.32342954911e-05, 0.000103510086774, 9.80896438705e-05, 7.97692046035e-05, 7.76009183028e-05, 6.55298863421e-05, 6.7029708589e-05, 5.75620433665e-05, 5.95707933826e-05, 3.22541673086e-05, 2.72536763077e-05, 2.43458180194e-05, 1.86898814718e-05, 1.71368174051e-05, 1.09841757876e-05, 9.90915214061e-06, 9.51054607867e-06, 6.235427918e-06, 4.62829802927e-06, 5.2066175158e-06, 3.24657344208e-06, 3.10580890073e-06, 2.50809284807e-06, 1.86482327535e-06, 1.65472329172e-06, 1.297397489e-06, 1.01115062989e-06, 8.12297344055e-07, 4.71206277552e-07, 1.91196306787e-07],
        "median": [0.000865715788677, 0.000449287501397, 0.000362501654308, 0.000263862137217, 0.000229564728215, 0.000221176407649, 0.000229800207308, 0.000155658606673, 0.000100144345197, 6.47472479613e-05, 5.03699302499e-05, 6.66909181746e-05, 6.6268214141e-05, 5.44892136531e-05, 5.50673212274e-05, 3.92661168007e-05, 4.59344810224e-05, 4.02416299039e-05, 4.49612707598e-05, 2.50926095759e-05, 2.00534468604e-05, 1.78713089554e-05, 1.19393953355e-05, 9.13022449822e-06, 7.17434249964e-06, 5.40874179933e-06, 5.05605112266e-06, 2.56958583122e-06, 1.74638410044e-06, 2.16826674659e-06, 1.41752195759e-06, 1.26011832435e-06, 9.71086137724e-07, 6.91121499585e-07, 6.09326150425e-07, 5.24900656274e-07, 3.80378224918e-07, 2.88115700187e-07, 1.59945244604e-07, 5.72746259309e-08],
        "min": [5.81228292162e-08, 5.40265858717e-08, 2.1985977483e-08, 5.46389333778e-09, 5.51833601037e-09, 2.41911335408e-09, 6.90657420144e-10, 1.0568076414e-09, 1.78017156571e-09, 1.44902068122e-09, 5.35739730356e-10, 1.15845097404e-10, 9.91091098079e-11, 2.38893405058e-10, 8.22039769588e-10, 7.66712360267e-10, 5.20359866307e-10, 1.167218322e-09, 6.29335084046e-10, 1.83944692811e-10, 2.31537983231e-10, 3.31334570891e-10, 2.86100726443e-10, 1.1518805354e-10, 4.34134811433e-11, 7.19750925526e-11, 7.66332206026e-11, 4.59342772152e-11, 4.98880867172e-11, 4.7967799871e-11, 4.99519731134e-11, 7.84327325309e-11, 1.71391303927e-11, 9.99073480196e-12, 2.12505638086e-11, 1.13661371981e-11, 8.52635149984e-12, 1.08384750827e-11, 9.68055583611e-12, 7.14955059131e-13],
        "var": [8.99704718904e-06, 1.83497013495e-05, 1.31058131956e-05, 5.88128614254e-07, 1.01270518371e-06, 1.17992806281e-06, 3.51699384282e-07, 2.02243001013e-07, 3.26598666334e-07, 9.95586049157e-08, 1.5417517929e-08, 1.40530165282e-08, 1.2580250619e-08, 8.05796851466e-09, 6.27232754624e-09, 7.2265193829e-09, 5.86994852725e-09, 3.65900176824e-09, 3.59867535771e-09, 8.29837143446e-10, 6.42188691113e-10, 5.20578080643e-10, 5.06681030465e-10, 4.44620645856e-10, 1.55533114166e-10, 2.31204125289e-10, 1.82266965409e-10, 1.17793483301e-10, 7.45755054932e-11, 7.252791423e-11, 2.65656489862e-11, 2.51760643583e-11, 2.0396373826e-11, 1.47052110072e-11, 1.21607272863e-11, 6.61912104988e-12, 3.81912947447e-12, 2.41643922753e-12, 9.15364355494e-13, 1.70915392299e-13]
    },
    "mfcc": {
        "mean": [-629.544433594, 134.356552124, -22.3684978485, 20.6317481995, 1.96648085117, 8.88690662384, -6.37157154083, 0.0567733347416, -5.64854049683, 2.46122717857, -1.91335022449, 3.60013151169, -0.759366095066],
        "cov": [[4798.62207031, -1344.31713867, 874.544555664, -176.865371704, -188.602325439, -15.626282692, -65.7694778442, 264.076446533, 68.2637481689, 204.927627563, 67.0711517334, 107.081237793, 115.428314209], [-1344.31713867, 1055.12854004, -296.031158447, 226.743240356, 179.24256897, 85.6146240234, 136.760787964, -3.9622926712, 51.6081542969, -15.2896614075, 13.3596591949, -26.8097763062, -48.2999687195], [874.544555664, -296.031158447, 654.218017578, 57.2811584473, 62.0639877319, 84.419708252, 29.7535037994, 123.519790649, 64.2443771362, 94.1541595459, 21.5825424194, 58.3528022766, 80.8944320679], [-176.865371704, 226.743240356, 57.2811584473, 255.970687866, 141.23664856, 100.992576599, 80.5420608521, 24.3983230591, 48.4669075012, 9.97557544708, 7.69126033783, 3.91873836517, -2.40696167946], [-188.602325439, 179.24256897, 62.0639877319, 141.23664856, 177.026123047, 102.614242554, 75.2130889893, 31.9619483948, 48.2450942993, 18.3219470978, 16.6853961945, 14.2618780136, 8.29876708984], [-15.626282692, 85.6146240234, 84.419708252, 100.992576599, 102.614242554, 144.724685669, 80.5750350952, 30.2112483978, 40.4902153015, 23.8879756927, 11.7816829681, 17.4091415405, 17.9279403687], [-65.7694778442, 136.760787964, 29.7535037994, 80.5420608521, 75.2130889893, 80.5750350952, 110.323478699, 37.8461761475, 44.2778205872, 26.103219986, 18.971540451, 8.24450778961, 4.24932432175], [264.076446533, -3.9622926712, 123.519790649, 24.3983230591, 31.9619483948, 30.2112483978, 37.8461761475, 131.740859985, 57.7099761963, 60.0690460205, 29.5089263916, 25.9869346619, 16.121471405], [68.2637481689, 51.6081542969, 64.2443771362, 48.4669075012, 48.2450942993, 40.4902153015, 44.2778205872, 57.7099761963, 79.0642547607, 43.8360328674, 22.6315288544, 15.6790351868, 5.41525411606], [204.927627563, -15.2896614075, 94.1541595459, 9.97557544708, 18.3219470978, 23.8879756927, 26.103219986, 60.0690460205, 43.8360328674, 92.8415374756, 44.6232719421, 24.107919693, 18.1118221283], [67.0711517334, 13.3596591949, 21.5825424194, 7.69126033783, 16.6853961945, 11.7816829681, 18.971540451, 29.5089263916, 22.6315288544, 44.6232719421, 61.6589660645, 29.2708206177, 11.9737234116], [107.081237793, -26.8097763062, 58.3528022766, 3.91873836517, 14.2618780136, 17.4091415405, 8.24450778961, 25.9869346619, 15.6790351868, 24.107919693, 29.2708206177, 54.2146453857, 35.7544975281], [115.428314209, -48.2999687195, 80.8944320679, -2.40696167946, 8.29876708984, 17.9279403687, 4.24932432175, 16.121471405, 5.41525411606, 18.1118221283, 11.9737234116, 35.7544975281, 62.2289047241]],
