{
"lowlevel": {
    "average_loudness": 0.772187650204,
    "barkbands_crest": {
        "dmean": 1.70217752457,
        "dmean2": 2.56577348709,
        "dvar": 3.00030517578,
        "dvar2": 6.76872348785,
        "max": 24.0687580109,
        "mean": 13.0539608002,
        "median": 12.4174766541,
        "min": 4.45088481903,
        "var": 20.3239097595
    },
    "barkbands_flatness_db": {
        "dmean": 0.0203935131431,
        "dmean2": 0.0307865217328,
        "dvar": 0.000458849739516,
        "dvar2": 0.000939171644859,
        "max": 0.457990467548,
        "mean": 0.262670129538,
        "median": 0.26198849082,
        "min": 0.0813329294324,
        "var": 0.00258727208711
    },
    "barkbands_kurtosis": {
        "dmean": 2.43605923653,
        "dmean2": 3.63460230827,
        "dvar": 12.3524923325,
        "dvar2": 28.0750999451,
        "max": 58.5782241821,
        "mean": 6.33301067352,
        "median": 4.67635726929,
        "min": -1.91717815399,
        "var": 42.5868797302
    },
    "barkbands_skewness": {
        "dmean": 0.410629421473,
        "dmean2": 0.575382292271,
        "dvar": 0.230460390449,
        "dvar2": 0.433578968048,
        "max": 6.47672986984,
        "mean": 1.68907558918,
        "median": 1.7169200182,
        "min": -3.81141924858,
        "var": 1.6092799902
    },
    "barkbands_spread": {
        "dmean": 2.98469543457,
        "dmean2": 4.51943969727,
        "dvar": 53.2980041504,
        "dvar2": 110.114280701,
        "max": 105.156898499,
        "mean": 10.9392690659,
        "median": 7.63227272034,
        "min": 0.77828168869,
        "var": 164.621520996
    },
    "dissonance": {
        "dmean": 0.0368940830231,
        "dmean2": 0.0607431903481,
        "dvar": 0.00117700733244,
        "dvar2": 0.00311585818417,
        "max": 0.499386250973,
        "mean": 0.39462724328,
        "median": 0.40197956562,
        "min": 0.0206331443042,
        "var": 0.00365145481192
    },
    "dynamic_complexity": 4.55726385117,
    "erbbands_crest": {
        "dmean": 2.25115799904,
        "dmean2": 3.44804334641,
        "dvar": 4.48415803909,
        "dvar2": 10.7178611755,
        "max": 28.8428134918,
        "mean": 11.7730321884,
        "median": 11.1408500671,
        "min": 3.01453447342,
        "var": 18.6087474823
    },
    "erbbands_flatness_db": {
        "dmean": 0.0168539900333,
        "dmean2": 0.023534744978,
        "dvar": 0.000375281029847,
        "dvar2": 0.000693642359693,
        "max": 0.47673150897,
        "mean": 0.262274473906,
        "median": 0.263052642345,
        "min": 0.0999865755439,
        "var": 0.00310041219927
    },
    "erbbands_kurtosis": {
        "dmean": 1.26704454422,
        "dmean2": 1.9136903286,
        "dvar": 2.71299529076,
        "dvar2": 6.15870189667,
        "max": 27.3318367004,
        "mean": 2.36453127861,
        "median": 1.47129774094,
        "min": -1.74744856358,
        "var": 10.6682100296
    },
    "erbbands_skewness": {
        "dmean": 0.339185863733,
        "dmean2": 0.492148935795,
        "dvar": 0.152976423502,
        "dvar2": 0.281123995781,
        "max": 3.63503313065,
        "mean": 0.774824500084,
        "median": 0.800656497478,
        "min": -3.46363544464,
        "var": 0.827512979507
    },
    "erbbands_spread": {
        "dmean": 5.49017333984,
        "dmean2": 8.13643836975,
        "dvar": 75.6751403809,
        "dvar2": 174.213180542,
        "max": 116.331062317,
        "mean": 22.921377182,
        "median": 18.2378826141,
        "min": 1.88698709011,
        "var": 238.129135132
    },
    "hfc": {
        "dmean": 4.14185476303,
        "dmean2": 5.19593477249,
        "dvar": 143.194122314,
        "dvar2": 200.912796021,
        "max": 284.320037842,
        "mean": 16.5438556671,
        "median": 8.04866409302,
        "min": 4.52062707268e-08,
        "var": 612.645690918
    },
    "melbands_crest": {
        "dmean": 2.0120871067,
        "dmean2": 2.98640584946,
        "dvar": 4.55538082123,
        "dvar2": 9.88931274414,
        "max": 31.1808185577,
        "mean": 17.1877155304,
        "median": 16.6213264465,
        "min": 5.76448965073,
        "var": 34.2686080933
    },
    "melbands_flatness_db": {
        "dmean": 0.0215740669519,
        "dmean2": 0.0297677479684,
        "dvar": 0.000705967948306,
        "dvar2": 0.00133139395621,
        "max": 0.491216391325,
        "mean": 0.294911086559,
        "median": 0.295285284519,
        "min": 0.0784172490239,
        "var": 0.00436794618145
    },
    "melbands_kurtosis": {
        "dmean": 4.11485719681,
        "dmean2": 6.11119890213,
        "dvar": 37.9497909546,
        "dvar2": 84.0138092041,
        "max": 95.8051986694,
        "mean": 11.0713386536,
        "median": 7.61345100403,
        "min": -1.88446760178,
        "var": 134.273651123
    },
    "melbands_skewness": {
        "dmean": 0.475931823254,
        "dmean2": 0.687167167664,
        "dvar": 0.327860414982,
        "dvar2": 0.654527902603,
        "max": 7.47755384445,
        "mean": 2.19171571732,
        "median": 2.09623861313,
        "min": -1.19931042194,
        "var": 2.37392139435
    },
    "melbands_spread": {
        "dmean": 4.03244352341,
        "dmean2": 5.59620189667,
        "dvar": 190.15133667,
        "dvar2": 294.10333252,
        "max": 266.291320801,
        "mean": 15.0297527313,
        "median": 9.12282466888,
        "min": 1.34723854065,
        "var": 707.928649902
    },
    "pitch_salience": {
        "dmean": 0.0478842705488,
        "dmean2": 0.0716744363308,
        "dvar": 0.00242169084959,
        "dvar2": 0.00520662497729,
        "max": 0.865728139877,
        "mean": 0.523444235325,
        "median": 0.522253870964,
        "min": 0.151106312871,
        "var": 0.0217895805836
    },
    "silence_rate_20dB": {
        "dmean": 0,
        "dmean2": 0,
        "dvar": 0,
        "dvar2": 0,
        "max": 1,
        "mean": 1,
        "median": 1,
        "min": 1,
        "var": 0
    },
    "silence_rate_30dB": {
        "dmean": 0.000773993786424,
        "dmean2": 0.00154858687893,
        "dvar": 0.000773394596763,
        "dvar2": 0.00154618779197,
        "max": 1,
        "mean": 0.999226331711,
        "median": 1,
        "min": 0,
        "var": 0.000773095642217
    },
    "silence_rate_60dB": {
        "dmean": 0.0232198145241,
        "dmean2": 0.0464576072991,
        "dvar": 0.0226802863181,
        "dvar2": 0.0520409531891,
        "max": 1,
        "mean": 0.133849129081,
        "median": 0,
        "min": 0,
        "var": 0.115931794047
    },
    "spectral_centroid": {
        "dmean": 143.153808594,
        "dmean2": 198.14831543,
        "dvar": 101115.578125,
        "dvar2": 152317.578125,
        "max": 5270.83544922,
        "mean": 816.889770508,
        "median": 656.734436035,
        "min": 244.070404053,
        "var": 465960.65625
    },
    "spectral_complexity": {
        "dmean": 1.53792572021,
        "dmean2": 2.4165699482,
        "dvar": 3.00865459442,
        "dvar2": 5.91092443466,
        "max": 44,
        "mean": 10.6305608749,
        "median": 11,
        "min": 0,
        "var": 23.2201290131
    },
    "spectral_decrease": {
        "dmean": 9.86772219491e-10,
        "dmean2": 1.33295396942e-09,
        "dvar": 2.76363441478e-18,
        "dvar2": 5.20166903376e-18,
        "max": -2.15618242055e-17,
        "mean": -6.11026340636e-09,
        "median": -4.99012564603e-09,
        "min": -3.84686451582e-08,
        "var": 2.54382043141e-17
    },
    "spectral_energy": {
        "dmean": 0.00402725441381,
        "dmean2": 0.00540528772399,
        "dvar": 4.27669292549e-05,
        "dvar2": 7.9775134509e-05,
        "max": 0.146606996655,
        "mean": 0.0245621632785,
        "median": 0.020152149722,
        "min": 8.54798107297e-11,
        "var": 0.000404473510571
    },
    "spectral_energyband_high": {
        "dmean": 0.00030409503961,
        "dmean2": 0.000388658547308,
        "dvar": 2.39957398662e-06,
        "dvar2": 3.22915138895e-06,
        "max": 0.0345230810344,
        "mean": 0.000563472567592,
        "median": 4.23701894761e-05,
        "min": 1.50003664004e-12,
        "var": 8.41252131067e-06
    },
    "spectral_energyband_low": {
        "dmean": 0.000961912213825,
        "dmean2": 0.00156668771524,
        "dvar": 1.68726710399e-05,
        "dvar2": 4.20166688855e-05,
        "max": 0.135372698307,
        "mean": 0.00492595741525,
        "median": 0.00477943429723,
        "min": 3.39449232611e-11,
        "var": 4.20305404987e-05
    },
    "spectral_energyband_middle_high": {
        "dmean": 0.00105894065928,
        "dmean2": 0.00125335925259,
        "dvar": 3.66780932382e-06,
        "dvar2": 4.75952447232e-06,
        "max": 0.0533958375454,
        "mean": 0.00429472047836,
        "median": 0.00128890958149,
        "min": 1.24657827463e-11,
        "var": 4.63249707536e-05
    },
    "spectral_energyband_middle_low": {
        "dmean": 0.00311177805997,
        "dmean2": 0.00417789816856,
        "dvar": 2.36535179283e-05,
        "dvar2": 3.90443747165e-05,
        "max": 0.0717000514269,
        "mean": 0.0151217374951,
        "median": 0.00898408982903,
        "min": 3.64719261736e-11,
        "var": 0.000224117437028
    },
    "spectral_entropy": {
        "dmean": 0.203911796212,
        "dmean2": 0.275259822607,
        "dvar": 0.0636688247323,
        "dvar2": 0.117374196649,
        "max": 8.57170677185,
        "mean": 6.54181146622,
        "median": 6.46791124344,
        "min": 4.64132261276,
        "var": 0.35744163394
    },
    "spectral_flux": {
        "dmean": 0.0162324942648,
        "dmean2": 0.0252452082932,
        "dvar": 0.000437478767708,
        "dvar2": 0.00106481567491,
        "max": 0.267062216997,
        "mean": 0.0464371070266,
        "median": 0.0370641127229,
        "min": 0.000629447575193,
        "var": 0.00127128674649
    },
    "spectral_kurtosis": {
        "dmean": 5.70302820206,
        "dmean2": 9.51096248627,
        "dvar": 43.5862312317,
        "dvar2": 107.699562073,
        "max": 103.229034424,
        "mean": 12.45200634,
        "median": 9.49240493774,
        "min": -1.18911254406,
        "var": 142.009399414
    },
    "spectral_rms": {
        "dmean": 0.000392580259359,
        "dmean2": 0.000517111737281,
        "dvar": 2.94389849387e-07,
        "dvar2": 4.73278447544e-07,
        "max": 0.0119595658034,
        "mean": 0.00441282289103,
        "median": 0.00443403143436,
        "min": 2.88781819791e-07,
        "var": 4.49009075965e-06
    },
    "spectral_rolloff": {
        "dmean": 226.581939697,
        "dmean2": 367.784515381,
        "dvar": 641630.4375,
        "dvar2": 1200785.25,
        "max": 9948.33984375,
        "mean": 995.46887207,
        "median": 667.529296875,
        "min": 86.1328125,
        "var": 2073071
    },
    "spectral_skewness": {
        "dmean": 0.52321267128,
        "dmean2": 0.829402327538,
        "dvar": 0.268277347088,
        "dvar2": 0.62891805172,
        "max": 8.31167221069,
        "mean": 2.51059150696,
        "median": 2.41766548157,
        "min": -0.285315275192,
        "var": 1.28779137135
    },
    "spectral_spread": {
        "dmean": 480172.78125,
        "dmean2": 707698.875,
        "dvar": 385361313792,
        "dvar2": 623465791488,
        "max": 19906798,
        "mean": 3006645.5,
        "median": 2734020.5,
        "min": 994911.8125,
        "var": 1.64348533146e+12
    },
    "spectral_strongpeak": {
        "dmean": 0.387530714273,
        "dmean2": 0.619028270245,
        "dvar": 0.713088989258,
        "dvar2": 1.65421545506,
        "max": 16.9694519043,
        "mean": 1.32607424259,
        "median": 0.59936439991,
        "min": 0,
        "var": 2.2095925808
    },
    "zerocrossingrate": {
        "dmean": 0.00679209781811,
        "dmean2": 0.007245012559,
        "dvar": 0.000242579480982,
        "dvar2": 0.000189932979993,
        "max": 0.34619140625,
        "mean": 0.0371828526258,
        "median": 0.0283203125,
        "min": 0.001953125,
        "var": 0.00176940311212
    },
    "barkbands": {
        "dmean": [3.99672171625e-05, 0.000699092517607, 0.000268066913122, 0.000131333465106, 0.00114242080599, 0.000462613621494, 0.00148189580068, 0.000723267556168, 0.000960609293543, 0.000498879409861, 0.000307378417347, 0.000216555505176, 0.000239138127654, 0.000100835510239, 8.27713010949e-05, 8.79558647284e-05, 7.33252381906e-05, 2.20512083615e-05, 4.56944326288e-05, 4.8408168368e-05, 5.77328355575e-05, 3.02816861222e-05, 6.66347768856e-05, 0.000135066671646, 2.96353300655e-05, 2.8554326903e-08, 1.01680508457e-09],
        "dmean2": [7.20808966435e-05, 0.00113498268183, 0.000457317946712, 0.00020655762637, 0.00157156819478, 0.000715170172043, 0.00205056858249, 0.000921239494346, 0.00129537738394, 0.00061727425782, 0.000394871283788, 0.000298003084026, 0.000312240357744, 0.000143578115967, 0.000123803052702, 0.00012951278768, 0.000106238345325, 3.27182024193e-05, 6.87661740812e-05, 7.29418388801e-05, 8.40814827825e-05, 4.058837294e-05, 9.45554565988e-05, 0.000178522823262, 4.21084005211e-05, 4.42748735452e-08, 1.87678184105e-09],
        "dvar": [3.33696803523e-08, 1.32533286887e-05, 5.63115179375e-07, 2.13664222315e-07, 4.19634261561e-06, 1.2727551848e-06, 1.25108699649e-05, 4.34026833318e-06, 4.912442364e-06, 1.19500737128e-06, 6.83752887198e-07, 4.85737302824e-07, 4.00219164476e-07, 9.49295682062e-08, 3.72751038924e-08, 4.81464255131e-08, 7.61488507806e-08, 9.51459000476e-09, 5.65154998355e-08, 2.97909412694e-08, 1.22796805613e-07, 2.16510560591e-08, 1.43942557429e-07, 6.39748350295e-07, 3.75507873684e-08, 4.62135280673e-14, 3.08694312707e-18],
        "dvar2": [9.83492682849e-08, 3.21929073834e-05, 1.64178482009e-06, 4.67669025284e-07, 7.41119447412e-06, 2.59575722339e-06, 2.25842086365e-05, 6.68493112244e-06, 8.1750085883e-06, 1.71298722762e-06, 9.92293962554e-07, 8.34294326069e-07, 5.94695507061e-07, 1.89000417095e-07, 7.5563242774e-08, 8.68993623726e-08, 1.71114947989e-07, 1.95768699029e-08, 1.2123886961e-07, 5.36413047314e-08, 2.26538944048e-07, 3.55215377112e-08, 2.577178293e-07, 9.57023075898e-07, 7.55776952133e-08, 1.09323689695e-13, 9.03842388235e-18],
        "max": [0.00393120246008, 0.121384732425, 0.0136237181723, 0.00836916361004, 0.0428095497191, 0.0250766128302, 0.0545426420867, 0.0642665997148, 0.037267241627, 0.0296232663095, 0.0231134928763, 0.027952587232, 0.0161354728043, 0.00875570159405, 0.00362612167373, 0.0065405536443, 0.0087376954034, 0.00437711458653, 0.0100960908458, 0.00423058494925, 0.00878373999149, 0.00414077471942, 0.00954928994179, 0.020453652367, 0.00454815384001, 6.11703580944e-06, 2.28287753146e-08],
        "mean": [4.8404570407e-05, 0.00317994155921, 0.00159262761008, 0.000301440275507, 0.00375660695136, 0.0012276697671, 0.00392474373803, 0.00245488691144, 0.00295049836859, 0.00164379528724, 0.000808285083622, 0.000549135787878, 0.000667132146191, 0.000235062019783, 0.00015927774075, 0.000188988517039, 0.000163083750522, 3.72998474631e-05, 7.41826661397e-05, 8.46600378281e-05, 8.52137818583e-05, 5.13921695529e-05, 0.000111729656055, 0.000222541071707, 4.35264482803e-05, 3.56710998517e-08, 8.42080183361e-10],
        "median": [3.41973918694e-06, 0.000283623783616, 0.00013344961917, 2.89277704724e-05, 0.00194613006897, 0.0007049816777, 0.000812075391877, 0.000306609930703, 0.000330658192979, 0.000254727026913, 7.28582017473e-05, 5.06436554133e-05, 7.0391834015e-05, 2.73429068329e-05, 5.79413463129e-05, 5.56464183319e-05, 2.16352418647e-05, 9.60764373303e-06, 1.38587574838e-05, 1.69510531123e-05, 2.93457833322e-06, 3.80621008844e-06, 6.7668711381e-06, 4.52667336504e-06, 4.77290200251e-07, 8.34774915859e-10, 2.48461001773e-10],
        "min": [1.10226498068e-11, 1.55401143342e-11, 8.97376530723e-12, 7.47895755743e-12, 1.18279682923e-11, 4.73276279278e-12, 2.69667578198e-12, 3.47143906503e-12, 5.13557599224e-12, 3.28042237471e-12, 2.50300865104e-12, 2.43046099739e-12, 4.11442825339e-13, 1.50659216006e-13, 6.87661299431e-13, 2.20364286714e-12, 8.67419417544e-13, 3.27902391654e-13, 1.7147114078e-13, 2.81938914489e-13, 4.22710342207e-13, 1.78689203191e-13, 1.41698976229e-13, 1.38422666341e-13, 1.204145697e-13, 1.18795110467e-13, 1.27264816524e-13],
        "var": [2.57180268193e-08, 3.66829044651e-05, 4.8330325626e-06, 8.78730588738e-07, 2.39097553276e-05, 4.34511639469e-06, 5.18811175425e-05, 4.93746374559e-05, 3.61106685887e-05, 1.25927799672e-05, 4.13451925851e-06, 3.34198057317e-06, 2.89605827675e-06, 4.85112138904e-07, 1.15775556253e-07, 2.31666632544e-07, 2.52017997582e-07, 2.12911821507e-08, 1.45173970623e-07, 7.97605750336e-08, 2.75951890671e-07, 6.71184565704e-08, 3.61740831067e-07, 1.92751554096e-06, 8.25322743481e-08, 6.84828238497e-14, 2.70666814035e-18]
    },
    "erbbands": {
        "dmean": [0.0195567086339, 0.164115250111, 0.318447500467, 0.35120421648, 1.92218220234, 4.75459480286, 3.62332344055, 4.30477190018, 17.8694000244, 20.6571273804, 11.888007164, 26.4834709167, 11.0433931351, 15.5722856522, 14.0093164444, 6.99942541122, 11.8988981247, 5.94676351547, 4.62597751617, 3.53195905685, 3.702450037, 4.02355527878, 1.48513793945, 1.52791178226, 2.61426997185, 2.23957753181, 2.3925101757, 2.09413766861, 1.06192994118, 1.13190102577, 2.22562837601, 3.12875366211, 1.98215425014, 0.62698674202, 0.0382007360458, 0.00174586917274, 0.000102276797406, 1.50054002006e-05, 5.14246539751e-06, 5.63064304515e-06],
        "dmean2": [0.0303443707526, 0.270555049181, 0.546001255512, 0.572951316833, 2.75475215912, 6.46527004242, 5.32088804245, 6.78938007355, 24.5553855896, 27.197725296, 15.2255964279, 34.9661102295, 14.7108516693, 17.8561439514, 18.9885120392, 9.02617835999, 15.1981725693, 8.22653484344, 6.78025341034, 5.32590961456, 5.11683225632, 5.79197788239, 2.16283392906, 2.20725345612, 3.92935585976, 3.30530118942, 3.44709014893, 2.9412548542, 1.40252614021, 1.59737443924, 2.97825074196, 4.09387636185, 2.67897772789, 0.871565043926, 0.0561582706869, 0.00251285429113, 0.000141779586556, 2.03704876185e-05, 6.8102235673e-06, 7.52024789108e-06],
        "dvar": [0.0127921653911, 0.662386357784, 0.95299243927, 0.994504272938, 17.7663650513, 79.8740386963, 57.2189483643, 113.202377319, 1866.16137695, 2117.54614258, 770.856567383, 4024.91381836, 853.831726074, 1273.00549316, 1196.38171387, 485.929473877, 1011.88244629, 260.031219482, 120.181304932, 67.466293335, 79.6625518799, 273.301452637, 39.2105102539, 77.5520019531, 107.933822632, 71.4250946045, 175.467086792, 180.477615356, 26.7903270721, 31.4999675751, 156.581283569, 381.710235596, 147.732666016, 16.7391452789, 0.0837835818529, 0.000163625038113, 4.35007507349e-07, 7.85435894102e-09, 4.3591250054e-10, 1.19290438638e-10],
        "dvar2": [0.0296319071203, 1.69198417664, 2.81788063049, 2.49860692024, 34.1106109619, 134.56590271, 128.237289429, 237.094970703, 3398.56396484, 3621.55737305, 1255.17346191, 6654.42822266, 1521.27941895, 1581.59997559, 1945.62426758, 782.012878418, 1476.65478516, 521.172668457, 244.903045654, 128.779937744, 128.16784668, 627.106872559, 76.549041748, 165.253723145, 212.872283936, 135.456100464, 354.307556152, 297.68649292, 40.5118942261, 64.9388504028, 246.690963745, 611.08782959, 244.000946045, 32.1391029358, 0.177137762308, 0.000337873992976, 8.1075182834e-07, 1.31221602473e-08, 6.78312128688e-10, 1.97264732327e-10],
        "max": [3.82382297516, 25.6883850098, 20.8760318756, 16.0686531067, 68.0398406982, 192.971603394, 131.250213623, 234.081314087, 679.87878418, 1076.69482422, 799.395996094, 1165.29296875, 1007.53485107, 1049.47790527, 913.382568359, 1127.86633301, 783.138916016, 414.640960693, 266.396270752, 191.071029663, 276.816375732, 547.813964844, 285.73324585, 350.069915771, 373.857818604, 221.351135254, 387.305786133, 433.240234375, 146.783935547, 123.727020264, 326.242736816, 493.990509033, 317.283843994, 99.2475967407, 7.46499013901, 0.320939928293, 0.0165365897119, 0.00231660204008, 0.000552680867258, 0.000235704705119],
        "mean": [0.0855077877641, 0.747728526592, 1.87323594093, 1.32002604008, 5.76270341873, 15.7466907501, 9.21346378326, 11.6875238419, 51.2755088806, 63.4204406738, 39.1792488098, 83.6656646729, 38.8120727539, 47.8243904114, 43.7036514282, 21.154384613, 32.475276947, 15.6200466156, 9.80537033081, 7.85643672943, 8.98166561127, 8.55701255798, 3.08057951927, 2.80295038223, 4.16292381287, 3.85352015495, 3.53331565857, 3.18662238121, 1.81296575069, 1.87731659412, 3.75449037552, 4.9431438446, 3.32788276672, 0.98038816452, 0.0534262806177, 0.00252210022882, 0.000170360581251, 2.69017473329e-05, 1.81405157491e-05, 3.01873969875e-05],
        "median": [0.0025618718937, 0.190648421645, 0.583050191402, 0.44213411212, 1.47215414047, 6.6312713623, 5.0802693367, 6.84162425995, 12.7521085739, 15.3481760025, 9.46498966217, 10.8859395981, 5.72346401215, 8.90610790253, 5.27934551239, 2.7528591156, 3.52311754227, 2.55372047424, 3.23859071732, 3.02143549919, 2.80273365974, 1.20475137234, 0.807926893234, 0.46113845706, 0.997875392437, 0.760265946388, 0.24128818512, 0.134499803185, 0.129011884332, 0.154820755124, 0.202655225992, 0.104388691485, 0.0669768899679, 0.0160281248391, 0.000530956138391, 5.04398740304e-05, 1.34600377351e-05, 2.77909703073e-06, 1.09354205051e-05, 2.37616604863e-05],
        "min": [5.83585124669e-10, 3.08128744742e-09, 9.45126732432e-09, 1.96921448037e-08, 3.16455022187e-08, 4.05502831313e-08, 4.20139336654e-08, 3.71217012685e-08, 3.59945495632e-08, 5.26184855687e-08, 8.76098553704e-08, 1.15970792081e-07, 1.12552157816e-07, 9.89645840832e-08, 1.08108011432e-07, 9.03534100871e-08, 2.55226275669e-08, 7.80871900474e-09, 1.10203366432e-08, 9.21936731402e-08, 9.61215320672e-08, 5.17347586992e-08, 2.36794974739e-08, 1.08060884685e-08, 6.55269616345e-09, 1.05347872648e-08, 2.59583590179e-08, 1.0823255181e-08, 6.4178600212e-09, 4.44198455796e-09, 4.39323510903e-09, 2.96204172301e-09, 2.271758337e-09, 1.27295463059e-09, 8.5778023573e-10, 4.69638605782e-10, 2.20528359463e-10, 7.90284851448e-11, 1.74790806828e-11, 1.89566027806e-12],
        "var": [0.0410892777145, 1.6506690979, 5.35867595673, 4.05254459381, 80.7114486694, 463.505218506, 150.801376343, 394.136474609, 8175.54052734, 17196.3242188, 7083.92431641, 29182.3164062, 7671.14892578, 11888.6992188, 9115.99707031, 3472.23706055, 6605.99462891, 1615.82653809, 383.216491699, 275.749237061, 451.45513916, 828.530944824, 108.090606689, 238.009384155, 259.31427002, 178.062606812, 368.176452637, 432.489837646, 84.2832870483, 80.917175293, 424.050720215, 1025.99511719, 429.879730225, 39.5825424194, 0.149483174086, 0.000313825381454, 1.0580978369e-06, 2.22965539365e-08, 1.39719658065e-09, 7.28031135377e-10]
    },
    "gfcc": {
        "mean": [-99.3745727539, 153.662918091, -145.350799561, 17.0900039673, -85.3647994995, 3.40800023079, -37.9031448364, -12.2840204239, -0.470338433981, -24.3465595245, 9.17835426331, -23.6508426666, 6.47673082352],
        "cov": [[7865.75683594, -894.827758789, -121.590316772, 866.096740723, -43.4915809631, 969.79675293, 181.133010864, 666.768310547, 32.4887084961, -85.8357467651, 144.405166626, -109.628616333, 7.28888654709], [-894.827758789, 1666.91601562, 146.660400391, -258.810394287, 643.203308105, -89.5414428711, 349.092041016, -102.327774048, 213.061248779, -132.249343872, 88.8137588501, -34.3072853088, -83.8467788696], [-121.590316772, 146.660400391, 681.077087402, 483.12097168, 257.263549805, 198.594314575, 159.716461182, 152.686309814, 18.0649986267, 142.660354614, 6.38748884201, 31.0808544159, 71.0477523804], [866.096740723, -258.810394287, 483.12097168, 1150.70166016, 474.631347656, 244.487487793, 210.367218018, 311.361541748, 49.2717399597, 226.453536987, -4.04504919052, 26.7140235901, 102.855445862], [-43.4915809631, 643.203308105, 257.263549805, 474.631347656, 750.535095215, 135.812805176, 289.799682617, 141.732452393, 127.143295288, 57.7076072693, 9.72436237335, -16.1460571289, 11.2258424759], [969.79675293, -89.5414428711, 198.594314575, 244.487487793, 135.812805176, 521.799682617, 278.393249512, 204.683120728, 52.6566352844, 78.7851104736, 72.6983261108, -18.761882782, -1.51579415798], [181.133010864, 349.092041016, 159.716461182, 210.367218018, 289.799682617, 278.393249512, 492.241424561, 191.355728149, 112.695251465, 90.2725219727, 122.196777344, 31.2251148224, -10.3076610565], [666.768310547, -102.327774048, 152.686309814, 311.361541748, 141.732452393, 204.683120728, 191.355728149, 311.039123535, 42.8797874451, 84.1655044556, 76.8627166748, 51.1761131287, 73.0758743286], [32.4887084961, 213.061248779, 18.0649986267, 49.2717399597, 127.143295288, 52.6566352844, 112.695251465, 42.8797874451, 175.74786377, 33.8183517456, 41.8846206665, 34.6083564758, -19.2985477448], [-85.8357467651, -132.249343872, 142.660354614, 226.453536987, 57.7076072693, 78.7851104736, 90.2725219727, 84.1655044556, 33.8183517456, 230.149551392, 68.8889770508, 32.937828064, 68.6647033691], [144.405166626, 88.8137588501, 6.38748884201, -4.04504919052, 9.72436237335, 72.6983261108, 122.196777344, 76.8627166748, 41.8846206665, 68.8889770508, 186.313552856, 77.7715759277, 11.8982830048], [-109.628616333, -34.3072853088, 31.0808544159, 26.7140235901, -16.1460571289, -18.761882782, 31.2251148224, 51.1761131287, 34.6083564758, 32.937828064, 77.7715759277, 170.241119385, 86.8798294067], [7.28888654709, -83.8467788696, 71.0477523804, 102.855445862, 11.2258424759, -1.51579415798, -10.3076610565, 73.0758743286, -19.2985477448, 68.6647033691, 11.8982830048, 86.8798294067, 212.806350708]],
        "icov": [[0.000289423507638, -0.000218182729441, 0.000410960783483, -0.000488139223307, 0.000401410507038, -0.000658645993099, 0.000419328222051, -0.000492017774377, -9.97629376798e-06, 0.000395000592107, -0.000216766740778, 0.000226819058298, -4.2588730139e-05], [-0.000218182729441, 0.0046545593068, -0.00277907564305, 0.00291959801689, -0.00438124965876, 0.00299427076243, -0.00289245252497, 0.0026259070728, -0.00325066759251, 0.00340998568572, -0.00376136717387, 0.00320357503369, -0.00192392466124], [0.000410960783483, -0.00277907564305, 0.00430128443986, -0.00268283346668, 0.00244302093051, -0.00287554156967, 0.001886751852, -0.00179897248745, 0.00232229521498, -0.00224870862439, 0.00247998675331, -0.00224305852316, 0.00102465949021], [-0.000488139223307, 0.00291959801689, -0.00268283346668, 0.00444740522653, -0.00403548544273, 0.00235233944841, -0.00165934534743, 0.000546381226741, -0.00134243222419, -0.000124558820971, -0.000698290532455, 0.000990504631773, -0.000572060758714], [0.000401410507038, -0.00438124965876, 0.00244302093051, -0.00403548544273, 0.00694753834978, -0.00261231069453, 0.00150649191346, -0.00233100168407, 0.00148998189252, -0.00174278614577, 0.00313632329926, -0.00157528265845, 0.00104838749394], [-0.000658645993099, 0.00299427076243, -0.00287554156967, 0.00235233944841, -0.00261231069453, 0.00638767937198, -0.0038702620659, 0.00104174704757, -0.00209478149191, 0.00141063285992, -0.00219799415208, 0.00287120440044, -0.0010309178615], [0.000419328222051, -0.00289245252497, 0.001886751852, -0.00165934534743, 0.00150649191346, -0.0038702620659, 0.00676292227581, -0.00324341957457, 0.00111985718831, -0.00218580337241, 0.000551932142116, -0.00199426454492, 0.00194254028611], [-0.000492017774377, 0.0026259070728, -0.00179897248745, 0.000546381226741, -0.00233100168407, 0.00104174704757, -0.00324341957457, 0.0088087618351, -0.00193666853011, 0.002114524832, -0.00326220178977, 0.001218027086, -0.00283635454252], [-9.97629376798e-06, -0.00325066759251, 0.00232229521498, -0.00134243222419, 0.00148998189252, -0.00209478149191, 0.00111985718831, -0.00193666853011, 0.0104880472645, -0.00423407880589, 0.00342719675973, -0.00524513330311, 0.00348587799817], [0.000395000592107, 0.00340998568572, -0.00224870862439, -0.000124558820971, -0.00174278614577, 0.00141063285992, -0.00218580337241, 0.002114524832, -0.00423407880589, 0.0112200770527, -0.00681835738942, 0.00512944208458, -0.0043062036857], [-0.000216766740778, -0.00376136717387, 0.00247998675331, -0.000698290532455, 0.00313632329926, -0.00219799415208, 0.000551932142116, -0.00326220178977, 0.00342719675973, -0.00681835738942, 0.0137440068647, -0.00801063608378, 0.00401359191164], [0.000226819058298, 0.00320357503369, -0.00224305852316, 0.000990504631773, -0.00157528265845, 0.00287120440044, -0.00199426454492, 0.001218027086, -0.00524513330311, 0.00512944208458, -0.00801063608378, 0.0140345171094, -0.00629927450791], [-4.2588730139e-05, -0.00192392466124, 0.00102465949021, -0.000572060758714, 0.00104838749394, -0.0010309178615, 0.00194254028611, -0.00283635454252, 0.00348587799817, -0.0043062036857, 0.00401359191164, -0.00629927450791, 0.00893524754792]]
    },
    "melbands": {
        "dmean": [0.000186597462744, 0.000184389384231, 8.08646291262e-05, 0.000268857838819, 0.000136532442411, 9.52731788857e-05, 0.000291153992293, 0.000218026019866, 0.000109174696263, 0.000161980045959, 5.39150896657e-05, 6.70839726808e-05, 4.00224707846e-05, 3.3580159652e-05, 1.80472979991e-05, 2.38155698753e-05, 1.16402134154e-05, 7.644973266e-06, 5.25234281668e-06, 7.47749527363e-06, 3.88075613955e-06, 4.66103665531e-06, 2.59125954472e-06, 8.44934675115e-07, 1.32654940899e-06, 2.03446415981e-06, 1.77127446932e-06, 1.61965488132e-06, 1.62109620305e-06, 1.56335397605e-06, 1.11595738872e-06, 6.30805004675e-07, 5.9022613641e-07, 6.47982290047e-07, 1.15962154723e-06, 1.65966696386e-06, 2.23005054067e-06, 1.64764458077e-06, 9.03990496681e-07, 4.10594822142e-07],
        "dmean2": [0.000294640631182, 0.000310860370519, 0.000127221166622, 0.000366908992874, 0.000195460292161, 0.000149879153469, 0.000401262950618, 0.000285039946903, 0.000141323645948, 0.000214015803067, 7.27730730432e-05, 7.75436201366e-05, 5.27935917489e-05, 4.37695089204e-05, 2.4380387913e-05, 3.13065393129e-05, 1.64947068697e-05, 1.11795980047e-05, 7.54589927965e-06, 1.15176435429e-05, 5.32040712642e-06, 6.83045618644e-06, 3.75557965526e-06, 1.29328122966e-06, 1.96633209271e-06, 3.01908676192e-06, 2.65628864327e-06, 2.47510570262e-06, 2.39311475525e-06, 2.34319782066e-06, 1.4984717609e-06, 8.49416778692e-07, 8.44314854476e-07, 9.35856064643e-07, 1.56029182108e-06, 2.38144139075e-06, 2.97405858873e-06, 2.27856594393e-06, 1.30892215111e-06, 5.91114940107e-07],
        "dvar": [1.04993193872e-06, 4.72230681225e-07, 4.19774082161e-08, 3.07109218056e-07, 6.24790388315e-08, 5.81370755981e-08, 4.97982000525e-07, 2.45542253197e-07, 5.69442129006e-08, 1.43962068933e-07, 2.18684093056e-08, 2.3771038471e-08, 9.94494975259e-09, 7.54687956572e-09, 2.25161578271e-09, 5.46325829021e-09, 1.16994913757e-09, 4.45860459664e-10, 2.17296597382e-10, 3.86548348885e-10, 1.0360506203e-10, 3.22614879256e-10, 1.35020550296e-10, 1.30459809622e-11, 6.33714053455e-11, 1.27285681994e-10, 2.81145592917e-11, 4.85024173602e-11, 8.33630733887e-11, 1.06712763626e-10, 5.33826836902e-11, 1.01311199013e-11, 8.35652120418e-12, 1.01181658538e-11, 3.96737573349e-11, 1.06849175341e-10, 1.92708918267e-10, 1.06524282451e-10, 2.81999458507e-11, 8.84783565858e-12],
        "dvar2": [2.4425621632e-06, 1.33693890803e-06, 9.98060016855e-08, 5.18928914062e-07, 1.31083254473e-07, 1.22519253409e-07, 8.98177802355e-07, 4.03543964467e-07, 9.60673816053e-08, 2.40026082565e-07, 3.88051866196e-08, 2.96309412562e-08, 1.56431614329e-08, 1.13089404508e-08, 3.77062692181e-09, 8.30524893303e-09, 2.47087572625e-09, 8.97620366924e-10, 4.05276756599e-10, 7.23400950253e-10, 1.75781444955e-10, 7.34961702609e-10, 2.7615471021e-10, 2.45924617476e-11, 1.382392395e-10, 2.77972839191e-10, 5.66051025497e-11, 1.02564616522e-10, 1.73780392854e-10, 2.09973163856e-10, 9.27768140091e-11, 1.71444438507e-11, 1.64869611019e-11, 2.22230341768e-11, 6.33073940493e-11, 1.85597662239e-10, 3.27748217455e-10, 1.84567319761e-10, 5.36462853307e-11, 1.81324261161e-11],
        "max": [0.0353083051741, 0.0179985836148, 0.00419824570417, 0.0115341180936, 0.00435570627451, 0.00554904155433, 0.0110145136714, 0.0136391539127, 0.00636989390478, 0.0074129588902, 0.00503714988008, 0.00473124301061, 0.00222085812129, 0.00418022368103, 0.00149497005623, 0.00208758818917, 0.000945660634898, 0.000664504070301, 0.000380503712222, 0.000631823553704, 0.000277780636679, 0.000551125791389, 0.000441393320216, 0.000148537816131, 0.000297356105875, 0.000463944830699, 0.000169975974131, 0.000173194726813, 0.000279939820757, 0.000253325590165, 0.000277660088614, 9.14261472644e-05, 7.87984245108e-05, 7.88258839748e-05, 0.000159223694936, 0.000258484156802, 0.000364221545169, 0.000272904610028, 0.000117154508189, 7.58376918384e-05],
        "mean": [0.000842110719532, 0.000993265886791, 0.000283035275061, 0.000907762441784, 0.000382166268537, 0.000250180688454, 0.000818289467134, 0.000693148991559, 0.000344722764567, 0.000485515833134, 0.000176592220669, 0.000197593777557, 0.000117424686323, 9.7461110272e-05, 5.4303331126e-05, 5.64598194615e-05, 2.76157079497e-05, 1.43425577335e-05, 1.01243967947e-05, 1.505297314e-05, 9.06490095076e-06, 9.5600307759e-06, 5.065563073e-06, 1.55779662236e-06, 2.24341192734e-06, 3.04052150568e-06, 2.68620260613e-06, 2.62711660071e-06, 2.26504721468e-06, 2.24544442062e-06, 1.63324796176e-06, 1.01755540527e-06, 9.47798184825e-07, 9.98455448098e-07, 1.95523239199e-06, 2.66921392722e-06, 3.21949710269e-06, 2.65375979325e-06, 1.44287912462e-06, 5.8003098502e-07],
        "median": [4.02426667279e-05, 0.00108255329542, 0.000124979487737, 0.00037280988181, 0.000229142053286, 0.000132892208057, 0.00017423844838, 0.000140099204145, 6.10533388681e-05, 5.95289166085e-05, 2.57698720816e-05, 3.25883374899e-05, 1.40947031468e-05, 1.1718902897e-05, 3.65168261851e-06, 7.95665891928e-06, 3.1474799016e-06, 4.5034530558e-06, 3.47392710864e-06, 4.69804990644e-06, 2.56047269431e-06, 1.04314779037e-06, 8.79075685134e-07, 4.08728681123e-07, 2.84158602426e-07, 5.95323513153e-07, 5.30846477886e-07, 3.85475146913e-07, 1.37943743539e-07, 6.08911321365e-08, 6.48193960728e-08, 5.99899507847e-08, 7.43136752135e-08, 8.0461369123e-08, 1.23680834463e-07, 7.96500287947e-08, 4.63016505137e-08, 4.21418988594e-08, 2.91450046319e-08, 4.13038314662e-09],
        "min": [5.29094216356e-12, 4.73163392148e-12, 3.77186086184e-12, 2.65115750533e-12, 1.56370760524e-12, 8.42325883522e-13, 5.51924445816e-13, 6.09494984864e-13, 7.47918220412e-13, 7.32750232019e-13, 5.54348342403e-13, 3.96936742373e-13, 3.55155060092e-13, 3.01123736406e-13, 1.42480740205e-13, 2.1476196811e-14, 1.4184574671e-14, 8.84971214149e-15, 7.02354976479e-14, 1.67911976099e-13, 9.44097976337e-14, 4.93158268942e-14, 4.32742695302e-14, 9.14734003739e-15, 8.6529582463e-15, 6.03059082841e-15, 2.07438919354e-15, 8.19954489777e-15, 2.19700915582e-14, 7.93839701683e-15, 5.0210770566e-15, 3.52250996621e-15, 3.08741031703e-15, 2.37752513295e-15, 2.644274231e-15, 1.99343867829e-15, 1.83683350953e-15, 1.65049610789e-15, 1.24461178973e-15, 1.01404740978e-15],
        "var": [3.18032834912e-06, 1.26966642711e-06, 1.79161844471e-07, 1.80982794973e-06, 2.18102030658e-07, 2.21404420131e-07, 2.15945419768e-06, 2.50480297836e-06, 4.95746405704e-07, 9.75911802925e-07, 1.9390928685e-07, 2.28671439118e-07, 7.053767348e-08, 7.3588189764e-08, 1.9628940251e-08, 2.56851748759e-08, 6.73265887485e-09, 1.04924768873e-09, 6.07098982197e-10, 1.67073155311e-09, 4.87783424763e-10, 9.74438529866e-10, 3.50598799992e-10, 3.4324949133e-11, 1.79311399062e-10, 2.58105592454e-10, 6.00536079198e-11, 1.01824257359e-10, 1.5268719622e-10, 2.20343757129e-10, 1.17939394362e-10, 2.84088776809e-11, 2.23709020059e-11, 2.26611594073e-11, 1.02586980577e-10, 2.77065981269e-10, 4.71255146017e-10, 2.92261298496e-10, 7.128579671e-11, 1.76740653363e-11]
    },
    "mfcc": {
        "mean": [-725.914916992, 159.932815552, 3.03826880455, -2.41874670982, -10.8779811859, -8.62612438202, -16.2706184387, -2.97342324257, -11.5891218185, 6.48838949203, -12.7612380981, -1.99595606327, 2.04896306992],
        "cov": [[7809.25634766, -1029.4486084, -169.18951416, 108.313674927, 209.483642578, 391.0675354, 386.25112915, 791.768066406, 95.6337585449, 550.28704834, -244.130630493, 482.193511963, 113.861854553], [-1029.4486084, 1912.83764648, -270.801940918, -121.010917664, 129.257659912, 79.4352035522, 67.3934326172, 172.691543579, -17.8063354492, 60.067024231, 53.6968231201, -56.1268081665, 105.005744934], [-169.18951416, -270.801940918, 643.080688477, 211.045471191, 78.130027771, 137.514602661, 190.020141602, 12.8834762573, 148.474609375, 30.2819366455, 72.5557022095, 85.7747039795, 40.302646637], [108.313674927, -121.010917664, 211.045471191, 968.602539062, 450.113525391, 217.198486328, 253.84375, 81.6409301758, 325.249481201, 79.7746810913, 79.0161819458, 61.5731964111, 129.272598267], [209.483642578, 129.257659912, 78.130027771, 450.113525391, 454.955780029, 189.574066162, 156.272201538, 92.2822265625, 184.710723877, 91.2087402344, 19.1529598236, 18.8839302063, 61.5617256165], [391.0675354, 79.4352035522, 137.514602661, 217.198486328, 189.574066162, 389.631958008, 241.982055664, 149.607040405, 158.853103638, 167.252578735, 112.625556946, 108.855484009, 6.42767095566], [386.25112915, 67.3934326172, 190.020141602, 253.84375, 156.272201538, 241.982055664, 481.265625, 206.015716553, 205.311386108, 151.599655151, 125.778358459, 175.248855591, 56.3460006714], [791.768066406, 172.691543579, 12.8834762573, 81.6409301758, 92.2822265625, 149.607040405, 206.015716553, 386.689147949, 104.027038574, 119.401435852, 44.5293121338, 152.207641602, 68.9272994995], [95.6337585449, -17.8063354492, 148.474609375, 325.249481201, 184.710723877, 158.853103638, 205.311386108, 104.027038574, 339.475219727, 76.2070770264, 14.0903081894, 73.4600143433, 80.6382751465], [550.28704834, 60.067024231, 30.2819366455, 79.7746810913, 91.2087402344, 167.252578735, 151.599655151, 119.401435852, 76.2070770264, 240.115692139, 63.0001831055, 83.0791320801, -1.55602002144], [-244.130630493, 53.6968231201, 72.5557022095, 79.0161819458, 19.1529598236, 112.625556946, 125.778358459, 44.5293121338, 14.0903081894, 63.0001831055, 255.846557617, 95.7693710327, -4.59273433685], [482.193511963, -56.1268081665, 85.7747039795, 61.5731964111, 18.8839302063, 108.855484009, 175.248855591, 152.207641602, 73.4600143433, 83.0791320801, 95.7693710327, 262.846130371, 74.7768478394], [113.861854553, 105.005744934, 40.302646637, 129.272598267, 61.5617256165, 6.42767095566, 56.3460006714, 68.9272994995, 80.6382751465, -1.55602002144, -4.59273433685, 74.7768478394, 223.073791504]],
