{
"lowlevel": {
    "average_loudness": 0.942700564861,
    "barkbands_crest": {
        "dmean": 2.51269769669,
        "dmean2": 4.1171336174,
        "dvar": 6.18215990067,
        "dvar2": 15.7428894043,
        "max": 23.7022018433,
        "mean": 10.8110761642,
        "median": 10.1245613098,
        "min": 3.0318543911,
        "var": 15.0922307968
    },
    "barkbands_flatness_db": {
        "dmean": 0.0272296983749,
        "dmean2": 0.037238214165,
        "dvar": 0.000680120370816,
        "dvar2": 0.00127903639805,
        "max": 0.379586905241,
        "mean": 0.168009012938,
        "median": 0.168261036277,
        "min": 0.0285446550697,
        "var": 0.00322092766874
    },
    "barkbands_kurtosis": {
        "dmean": 4.50330781937,
        "dmean2": 7.25258922577,
        "dvar": 64.6601257324,
        "dvar2": 163.27255249,
        "max": 114.011863708,
        "mean": 7.97638750076,
        "median": 5.22348594666,
        "min": -1.79960501194,
        "var": 113.070594788
    },
    "barkbands_skewness": {
        "dmean": 0.628238618374,
        "dmean2": 0.954013824463,
        "dvar": 0.486103504896,
        "dvar2": 1.06626701355,
        "max": 9.589594841,
        "mean": 1.81767058372,
        "median": 1.87533962727,
        "min": -1.39518451691,
        "var": 2.25100541115
    },
    "barkbands_spread": {
        "dmean": 5.38285112381,
        "dmean2": 7.69325590134,
        "dvar": 67.6660766602,
        "dvar2": 122.900146484,
        "max": 101.320869446,
        "mean": 16.320268631,
        "median": 10.9022197723,
        "min": 1.02094614506,
        "var": 252.541915894
    },
    "dissonance": {
        "dmean": 0.0302032586187,
        "dmean2": 0.0481451041996,
        "dvar": 0.0010130397277,
        "dvar2": 0.00255310488865,
        "max": 0.499828457832,
        "mean": 0.428852260113,
        "median": 0.440110087395,
        "min": 0.16528660059,
        "var": 0.00242258654907
    },
    "dynamic_complexity": 5.08334732056,
    "erbbands_crest": {
        "dmean": 2.46459507942,
        "dmean2": 3.77845048904,
        "dvar": 6.67847490311,
        "dvar2": 15.2389307022,
        "max": 28.8183021545,
        "mean": 10.3552150726,
        "median": 8.88707351685,
        "min": 2.60485029221,
        "var": 27.8720569611
    },
    "erbbands_flatness_db": {
        "dmean": 0.0227371938527,
        "dmean2": 0.0273710917681,
        "dvar": 0.00046968049719,
        "dvar2": 0.000661828438751,
        "max": 0.317500263453,
        "mean": 0.165861427784,
        "median": 0.165542170405,
        "min": 0.0474568493664,
        "var": 0.00349978706799
    },
    "erbbands_kurtosis": {
        "dmean": 1.43878543377,
        "dmean2": 2.13688254356,
        "dvar": 3.54393744469,
        "dvar2": 7.49473285675,
        "max": 23.3263168335,
        "mean": 2.34120249748,
        "median": 1.17984676361,
        "min": -1.80778646469,
        "var": 13.8137598038
    },
    "erbbands_skewness": {
        "dmean": 0.382355004549,
        "dmean2": 0.553108811378,
        "dvar": 0.156000226736,
        "dvar2": 0.31616717577,
        "max": 4.13702058792,
        "mean": 0.749568879604,
        "median": 0.785612404346,
        "min": -2.24540281296,
        "var": 0.706955373287
    },
    "erbbands_spread": {
        "dmean": 9.22935199738,
        "dmean2": 12.2506942749,
        "dvar": 151.478637695,
        "dvar2": 253.961151123,
        "max": 141.578720093,
        "mean": 36.0212554932,
        "median": 28.5601730347,
        "min": 3.31091094017,
        "var": 739.926940918
    },
    "hfc": {
        "dmean": 5.61102342606,
        "dmean2": 7.04403686523,
        "dvar": 77.8048858643,
        "dvar2": 138.13885498,
        "max": 141.366836548,
        "mean": 18.2813358307,
        "median": 9.64601039886,
        "min": 5.219542345e-06,
        "var": 418.428649902
    },
    "melbands_crest": {
        "dmean": 3.30229592323,
        "dmean2": 5.36752510071,
        "dvar": 10.1690740585,
        "dvar2": 24.167131424,
        "max": 33.2869262695,
        "mean": 14.6586351395,
        "median": 13.6349458694,
        "min": 4.55543899536,
        "var": 30.1155223846
    },
    "melbands_flatness_db": {
        "dmean": 0.0304884836078,
        "dmean2": 0.0426712371409,
        "dvar": 0.000967914646026,
        "dvar2": 0.00185172725469,
        "max": 0.484110563993,
        "mean": 0.248203977942,
        "median": 0.246024042368,
        "min": 0.0611606240273,
        "var": 0.00469557382166
    },
    "melbands_kurtosis": {
        "dmean": 8.98947143555,
        "dmean2": 13.9452610016,
        "dvar": 352.464508057,
        "dvar2": 845.313903809,
        "max": 333.238861084,
        "mean": 17.5039844513,
        "median": 11.1034431458,
        "min": -1.6221549511,
        "var": 635.379760742
    },
    "melbands_skewness": {
        "dmean": 0.781001091003,
        "dmean2": 1.14543235302,
        "dvar": 0.838157057762,
        "dvar2": 1.67064368725,
        "max": 14.210144043,
        "mean": 2.62844109535,
        "median": 2.50799036026,
        "min": -1.07660150528,
        "var": 3.94916582108
    },
    "melbands_spread": {
        "dmean": 4.55871295929,
        "dmean2": 6.66304445267,
        "dvar": 43.9176177979,
        "dvar2": 83.3418045044,
        "max": 105.919075012,
        "mean": 15.3965101242,
        "median": 11.203546524,
        "min": 1.09465825558,
        "var": 155.720611572
    },
    "pitch_salience": {
        "dmean": 0.0707175806165,
        "dmean2": 0.115153685212,
        "dvar": 0.00418987451121,
        "dvar2": 0.0100917192176,
        "max": 0.816328942776,
        "mean": 0.561081767082,
        "median": 0.568313837051,
        "min": 0.147374123335,
        "var": 0.0129777211696
    },
    "silence_rate_20dB": {
        "dmean": 0,
        "dmean2": 0,
        "dvar": 0,
        "dvar2": 0,
        "max": 1,
        "mean": 1,
        "median": 1,
        "min": 1,
        "var": 0
    },
    "silence_rate_30dB": {
        "dmean": 0.00464396271855,
        "dmean2": 0.00929511990398,
        "dvar": 0.00462232483551,
        "dvar2": 0.0138559835032,
        "max": 1,
        "mean": 0.997679829597,
        "median": 1,
        "min": 0,
        "var": 0.00231485604309
    },
    "silence_rate_60dB": {
        "dmean": 0.0170278642327,
        "dmean2": 0.0340821072459,
        "dvar": 0.0167378857732,
        "dvar2": 0.0406670384109,
        "max": 1,
        "mean": 0.0881670564413,
        "median": 0,
        "min": 0,
        "var": 0.0803943797946
    },
    "spectral_centroid": {
        "dmean": 184.907867432,
        "dmean2": 258.209014893,
        "dvar": 152065.15625,
        "dvar2": 199927.8125,
        "max": 11248.8154297,
        "mean": 841.209777832,
        "median": 713.875549316,
        "min": 210.398117065,
        "var": 331767.59375
    },
    "spectral_complexity": {
        "dmean": 2.72600626945,
        "dmean2": 4.06506586075,
        "dvar": 20.2623710632,
        "dvar2": 33.7478141785,
        "max": 52,
        "mean": 11.9969062805,
        "median": 11,
        "min": 0,
        "var": 59.6349449158
    },
    "spectral_decrease": {
        "dmean": 2.16959961108e-09,
        "dmean2": 3.403493265e-09,
        "dvar": 1.20345986197e-17,
        "dvar2": 2.97836636589e-17,
        "max": -7.31736685947e-15,
        "mean": -6.56222232109e-09,
        "median": -4.48027615008e-09,
        "min": -3.85474976383e-08,
        "var": 3.50024685663e-17
    },
    "spectral_energy": {
        "dmean": 0.00853754673153,
        "dmean2": 0.0132827777416,
        "dvar": 0.000179608890903,
        "dvar2": 0.000436376372818,
        "max": 0.149073675275,
        "mean": 0.0264255460352,
        "median": 0.0176883470267,
        "min": 3.26474278722e-08,
        "var": 0.000559546810109
    },
    "spectral_energyband_high": {
        "dmean": 0.000295240664855,
        "dmean2": 0.000374855328118,
        "dvar": 3.68408620943e-07,
        "dvar2": 6.29318662959e-07,
        "max": 0.0110942944884,
        "mean": 0.000535029161256,
        "median": 0.000113995913125,
        "min": 3.15404896645e-10,
        "var": 1.20931679248e-06
    },
    "spectral_energyband_low": {
        "dmean": 0.00532788177952,
        "dmean2": 0.00911237485707,
        "dvar": 0.000154624620336,
        "dvar2": 0.000418572453782,
        "max": 0.113407075405,
        "mean": 0.00849067978561,
        "median": 0.00413761474192,
        "min": 2.71072320146e-09,
        "var": 0.00019154365873
    },
    "spectral_energyband_middle_high": {
        "dmean": 0.00231704348698,
        "dmean2": 0.00307895615697,
        "dvar": 3.01088421111e-05,
        "dvar2": 4.57322130387e-05,
        "max": 0.0786905288696,
        "mean": 0.00697403820232,
        "median": 0.000944879779126,
        "min": 3.32952748705e-10,
        "var": 0.000166670128237
    },
    "spectral_energyband_middle_low": {
        "dmean": 0.00346701871604,
        "dmean2": 0.00526153761894,
        "dvar": 2.54802598647e-05,
        "dvar2": 5.56652048544e-05,
        "max": 0.0708223283291,
        "mean": 0.011656999588,
        "median": 0.00869759637862,
        "min": 1.00239239131e-09,
        "var": 0.000105826758954
    },
    "spectral_entropy": {
        "dmean": 0.249490723014,
        "dmean2": 0.318872332573,
        "dvar": 0.0701651349664,
        "dvar2": 0.104136191308,
        "max": 9.79811763763,
        "mean": 7.18268156052,
        "median": 7.15079784393,
        "min": 5.55729150772,
        "var": 0.380957573652
    },
    "spectral_flux": {
        "dmean": 0.0294194053859,
        "dmean2": 0.0473582036793,
        "dvar": 0.00119751645252,
        "dvar2": 0.00284823193215,
        "max": 0.277967989445,
        "mean": 0.0778808891773,
        "median": 0.0591614060104,
        "min": 0.000188824706129,
        "var": 0.00357637228444
    },
    "spectral_kurtosis": {
        "dmean": 2.74314188957,
        "dmean2": 3.95856428146,
        "dvar": 13.2121181488,
        "dvar2": 28.539434433,
        "max": 58.3341712952,
        "mean": 7.31554603577,
        "median": 5.62690353394,
        "min": -1.17922723293,
        "var": 39.3828125
    },
    "spectral_rms": {
        "dmean": 0.000734996574465,
        "dmean2": 0.00110642565414,
        "dvar": 8.85138831563e-07,
        "dvar2": 1.94033918888e-06,
        "max": 0.0120597565547,
        "mean": 0.00453826179728,
        "median": 0.00415414525196,
        "min": 5.64368247069e-06,
        "var": 5.18520801052e-06
    },
    "spectral_rolloff": {
        "dmean": 396.546447754,
        "dmean2": 633.72064209,
        "dvar": 970532.0625,
        "dvar2": 1988156.5,
        "max": 10357.4707031,
        "mean": 1095.76403809,
        "median": 624.462890625,
        "min": 64.599609375,
        "var": 2267521.75
    },
    "spectral_skewness": {
        "dmean": 0.340414255857,
        "dmean2": 0.474409967661,
        "dvar": 0.139002248645,
        "dvar2": 0.247161209583,
        "max": 6.10350513458,
        "mean": 2.13482785225,
        "median": 2.05160713196,
        "min": -0.035701263696,
        "var": 0.67247325182
    },
    "spectral_spread": {
        "dmean": 974180.375,
        "dmean2": 1184399,
        "dvar": 1.87092841267e+12,
        "dvar2": 2.18969604096e+12,
        "max": 40426800,
        "mean": 5167010.5,
        "median": 4573398,
        "min": 1666956.875,
        "var": 6.84171198464e+12
    },
    "spectral_strongpeak": {
        "dmean": 0.539486050606,
        "dmean2": 0.845366418362,
        "dvar": 0.981011629105,
        "dvar2": 2.10292077065,
        "max": 10.9766616821,
        "mean": 1.22871255875,
        "median": 0.452016830444,
        "min": 0,
        "var": 3.10046219826
    },
    "zerocrossingrate": {
        "dmean": 0.0112478537485,
        "dmean2": 0.0120459096506,
        "dvar": 0.000189707643585,
        "dvar2": 0.000186359378858,
        "max": 0.26123046875,
        "mean": 0.0489697381854,
        "median": 0.03955078125,
        "min": 0.005859375,
        "var": 0.00139952427708
    },
    "barkbands": {
        "dmean": [0.000452254753327, 0.00346478400752, 0.00167634850368, 0.000927367655095, 0.00131486263126, 0.00112432823516, 0.00081105728168, 0.000433247565525, 0.0010889491532, 0.000937361095566, 0.00114917720202, 0.000686130311806, 0.000423222605605, 0.000350101909135, 0.000246087060077, 0.000196407592739, 0.000123924473883, 0.00013380360906, 7.57628222345e-05, 5.72496719542e-05, 4.64441363874e-05, 5.57706516702e-05, 4.95509739267e-05, 4.65814555355e-05, 5.82203174417e-05, 5.34582031833e-05, 3.78570871362e-06],
        "dmean2": [0.000656332238577, 0.00606415234506, 0.00295627699234, 0.00157841877081, 0.00201780814677, 0.00168926804326, 0.0011926140869, 0.000688422762323, 0.00162815931253, 0.00133175507654, 0.00152723432984, 0.000891962787136, 0.000652611721307, 0.00049926788779, 0.000392537825974, 0.000322770822095, 0.000190972001292, 0.000195699380129, 0.000119373675261, 8.35481769172e-05, 6.52945891488e-05, 7.57897214498e-05, 6.86567291268e-05, 6.35793476249e-05, 7.73819047026e-05, 7.41399053368e-05, 6.07660786045e-06],
        "dvar": [1.33088406074e-06, 8.63597451826e-05, 2.9734113923e-05, 2.65382504949e-06, 5.25913083038e-06, 6.58718408886e-06, 6.24980293651e-06, 2.16489183913e-06, 1.07986134026e-05, 1.20594058899e-05, 1.42814278661e-05, 4.67741574539e-06, 2.59819944404e-06, 9.68568770077e-07, 1.33395303692e-06, 1.02140711533e-06, 2.3492285095e-07, 1.71244053604e-07, 7.21241946167e-08, 2.81068182062e-08, 1.54348196446e-08, 1.66680376168e-08, 1.33435076322e-08, 1.56813566576e-08, 2.01918766152e-08, 2.05145251897e-08, 1.92489371664e-10],
        "dvar2": [2.53156485996e-06, 0.000236804131418, 8.49829302751e-05, 7.51215839045e-06, 1.11391918836e-05, 1.25393935377e-05, 1.19518808788e-05, 4.78177207697e-06, 2.60518008872e-05, 2.32987003983e-05, 2.43213980866e-05, 7.94130664872e-06, 6.18661215412e-06, 1.98220345737e-06, 3.41817053595e-06, 2.80398944597e-06, 5.3710107295e-07, 3.52647589352e-07, 1.78397073114e-07, 6.28161060945e-08, 3.51141160593e-08, 3.5026864964e-08, 2.82296781506e-08, 2.55194709808e-08, 3.1702835912e-08, 4.49795791724e-08, 4.62478638719e-10],
        "max": [0.0129685001448, 0.0808436572552, 0.0675626844168, 0.0207816530019, 0.0409980863333, 0.0355013422668, 0.0500768758357, 0.0281317736953, 0.0597114041448, 0.0541168749332, 0.0521051436663, 0.0477503202856, 0.0324441939592, 0.0152849601582, 0.0214367024601, 0.017409350723, 0.00940179731697, 0.00860412232578, 0.00274635385722, 0.00170783535577, 0.00144441809971, 0.00187828578055, 0.00157222792041, 0.00341512844898, 0.00412559695542, 0.00361606525257, 0.000293338351185],
        "mean": [0.000576099089812, 0.00425094040111, 0.00266000023112, 0.0017063531559, 0.00277359737083, 0.00267326552421, 0.00169857440051, 0.00068524305243, 0.00176135369111, 0.00117472326383, 0.00217840611003, 0.00153332005721, 0.000631076400168, 0.000594506098423, 0.000310122355586, 0.000202461116714, 0.000171035673702, 0.000190115955775, 8.11689096736e-05, 7.59827962611e-05, 6.67782878736e-05, 8.39693311718e-05, 8.42903464218e-05, 8.44464520924e-05, 9.78427196969e-05, 7.62643758208e-05, 3.61667139259e-06],
        "median": [4.15034191974e-05, 0.00100136641413, 0.0013161537936, 0.000874835648574, 0.00169014779385, 0.00115084880963, 0.000624481122941, 0.000165659555933, 0.000361275393516, 9.63124475675e-05, 0.000120866418001, 9.5696443168e-05, 5.47247036593e-05, 7.80636983109e-05, 4.51495288871e-05, 3.7681988033e-05, 3.93128175347e-05, 2.21830996452e-05, 1.20792701637e-05, 1.79230901267e-05, 1.25292153825e-05, 1.75989316631e-05, 1.44624982568e-05, 1.23698509924e-05, 1.68959613802e-05, 6.50036008665e-06, 3.8278692216e-08],
        "min": [3.66303307131e-11, 2.26438756634e-10, 1.05390673966e-09, 4.0267733592e-10, 2.49553433473e-10, 2.8130780691e-11, 1.60501612001e-10, 1.23680198028e-11, 9.8858716352e-12, 1.97792407453e-11, 9.8492611636e-12, 3.95770742567e-11, 1.56260403922e-11, 3.01645548817e-11, 3.60426376245e-11, 1.17802044161e-11, 1.74427590427e-11, 6.14156685577e-12, 8.54622709406e-12, 2.42304232234e-11, 1.86763538662e-11, 3.12541763303e-11, 5.73478417532e-11, 4.54180616727e-11, 1.76622050319e-11, 1.8471104854e-11, 9.28846496245e-12],
        "var": [2.40333679358e-06, 0.000102638783574, 2.3075086574e-05, 5.16702857567e-06, 1.53559140017e-05, 1.93283522094e-05, 1.94032381842e-05, 2.95340646517e-06, 1.53333039634e-05, 1.87128334801e-05, 4.3388834456e-05, 2.29273446166e-05, 4.06223716709e-06, 2.47621369454e-06, 1.61397190368e-06, 7.98010376002e-07, 3.49622922613e-07, 3.12142589109e-07, 6.99061288856e-08, 3.64780490258e-08, 2.39514061917e-08, 3.32028093908e-08, 3.38492469609e-08, 6.27380742912e-08, 7.94990242525e-08, 4.73387480326e-08, 1.90754315121e-10]
    },
    "erbbands": {
        "dmean": [0.156315267086, 0.594743728638, 1.63843715191, 2.69316029549, 3.33910417557, 5.1953754425, 7.13302564621, 9.60137081146, 10.6021604538, 11.2786903381, 12.6810379028, 24.2818393707, 22.0827865601, 37.4332504272, 30.8683605194, 30.0309848785, 18.870059967, 16.6874389648, 12.8917093277, 10.5024461746, 10.8164768219, 6.70588302612, 8.16840648651, 3.92658400536, 3.40757036209, 2.60726547241, 2.17498278618, 1.73744297028, 1.97629034519, 1.59842646122, 1.47718667984, 0.986770689487, 0.843626320362, 0.655889391899, 0.445641487837, 0.295801877975, 0.0789419934154, 0.0161995775998, 0.000347118038917, 1.73635198735e-05],
        "dmean2": [0.268114626408, 1.0575325489, 2.85152363777, 4.63166713715, 5.40193223953, 8.02962589264, 11.0841550827, 14.1895713806, 16.2936973572, 16.198682785, 19.3109874725, 35.6260719299, 30.6420764923, 51.6756324768, 42.8525657654, 38.0696182251, 27.8232784271, 24.242067337, 19.6967144012, 15.5120029449, 17.4456005096, 10.1777334213, 11.8948097229, 5.91119623184, 5.22775316238, 3.8409113884, 3.14940357208, 2.39546751976, 2.69798660278, 2.22421574593, 2.0761077404, 1.3391109705, 1.14531075954, 0.87315261364, 0.626376867294, 0.414890140295, 0.109711110592, 0.024220854044, 0.000517979671713, 2.41965790337e-05],
        "dvar": [0.207243084908, 2.26057004929, 27.0295257568, 35.2680664062, 33.7131309509, 98.9339141846, 331.476623535, 650.659851074, 1139.35498047, 1442.37060547, 1689.87097168, 5538.96337891, 6101.32763672, 15999.0126953, 12940.9140625, 8892.13769531, 4016.21484375, 2006.74841309, 2526.9831543, 2344.82104492, 3353.9934082, 544.350158691, 725.235900879, 136.163482666, 138.195373535, 66.5710906982, 37.443862915, 20.1738376617, 23.4307537079, 11.1979255676, 12.0597639084, 8.52021312714, 4.85414791107, 4.25516796112, 0.919187307358, 1.06039273739, 0.0300930012017, 0.00199145660736, 9.68472932072e-07, 9.04113950373e-10],
        "dvar2": [0.54838091135, 6.45568084717, 75.8492736816, 102.707000732, 77.0967330933, 189.748565674, 748.976196289, 1224.94519043, 2201.9309082, 2882.16967773, 3574.3215332, 13081.0146484, 11131.8105469, 27639.984375, 25477.734375, 14475.7304688, 8827.04882812, 3877.22924805, 6329.83691406, 5471.75195312, 8944.61035156, 1145.88928223, 1499.34289551, 318.094848633, 339.968597412, 152.259262085, 89.0916061401, 43.4572677612, 48.9670600891, 22.8893108368, 25.7760791779, 17.6445674896, 7.12376785278, 7.20090723038, 1.77609956264, 2.54756712914, 0.0584596954286, 0.00447113579139, 2.20483070734e-06, 1.7567518551e-09],
        "max": [3.76586294174, 13.1003417969, 58.8257026672, 80.5339202881, 79.1640472412, 234.897796631, 330.952453613, 443.115112305, 708.791320801, 674.184143066, 638.898681641, 1178.11584473, 1534.35900879, 2063.90234375, 1732.34240723, 1808.27209473, 1398.64550781, 642.239379883, 898.762207031, 1060.04260254, 1032.92236328, 400.306732178, 581.783813477, 135.5259552, 131.884246826, 95.2495193481, 72.423614502, 58.6303100586, 78.5709075928, 40.6509399414, 47.1268577576, 60.9453926086, 60.7397727966, 67.0280075073, 18.3554954529, 31.0590000153, 2.66919827461, 0.695023715496, 0.0166619867086, 0.000437412323663],
        "mean": [0.177213490009, 0.760339558125, 2.66597795486, 5.1319360733, 6.31911611557, 10.8416032791, 14.3765420914, 23.3121700287, 21.5232086182, 23.0188884735, 20.8835830688, 42.0199279785, 36.5617446899, 77.3802108765, 49.8037071228, 69.5798339844, 31.8842754364, 31.4805812836, 20.7019462585, 14.6395721436, 12.5669813156, 10.0106601715, 11.6454257965, 5.1442284584, 3.9293627739, 3.39035344124, 2.96316313744, 2.60225486755, 2.94639730453, 2.61550521851, 2.44261240959, 1.72135365009, 1.51881587505, 1.13613331318, 0.676666855812, 0.428794533014, 0.109877608716, 0.0181782655418, 0.000405690516345, 4.43510543846e-05],
        "median": [0.0146333277225, 0.291177272797, 1.29582226276, 3.05113577843, 3.81862854958, 6.23346233368, 6.68147373199, 8.43152236938, 8.69555854797, 7.83559131622, 5.70971155167, 9.67348098755, 6.02498817444, 4.67684841156, 4.42847204208, 4.25569152832, 3.26222729683, 4.34806442261, 2.97013497353, 2.637996912, 2.07634758949, 2.22737812996, 1.4578319788, 0.8787368536, 0.807736992836, 0.705451726913, 0.639676868916, 0.438028097153, 0.610504865646, 0.545203149319, 0.411808669567, 0.22812217474, 0.240584239364, 0.175030454993, 0.111977986991, 0.0388415046036, 0.00912313349545, 0.000843889429234, 3.94802482333e-05, 2.80211643258e-05],
        "min": [5.44253042634e-09, 7.89030067949e-08, 1.01142677522e-06, 1.71063243215e-06, 7.55871099045e-07, 9.81407538347e-07, 8.34951720208e-07, 2.01528791877e-07, 1.94947074306e-06, 4.00322505811e-06, 3.36426666081e-07, 1.79062809025e-07, 6.40343046143e-07, 1.57232636866e-06, 1.16770172554e-06, 1.20073673315e-06, 8.44553653678e-07, 3.04440482068e-06, 1.76421383458e-06, 1.93608798327e-06, 8.4481405338e-07, 8.66607479111e-07, 4.05968705763e-07, 2.30654634947e-07, 9.58448367783e-07, 7.33909075734e-07, 1.11131078029e-06, 6.83817006575e-07, 7.9129392816e-07, 1.31387787405e-06, 1.91966682905e-06, 8.3800637185e-07, 8.93553590231e-07, 2.59150453985e-07, 9.00792613834e-08, 1.32066887204e-07, 2.64675907857e-08, 8.10562195142e-09, 1.18320264697e-09, 1.92114463227e-10],
        "var": [0.254086911678, 2.34352445602, 21.8903160095, 41.0712966919, 67.9448928833, 329.023406982, 691.571411133, 2114.85180664, 2327.8449707, 3689.01269531, 2607.46728516, 9061.58007812, 12615.3574219, 51430.7929688, 25273.1835938, 46437.7460938, 8057.31542969, 5746.63378906, 3584.83569336, 3494.11181641, 3171.56738281, 890.916748047, 1254.01257324, 177.666992188, 138.610397339, 80.1859588623, 49.9472351074, 36.5711021423, 45.8311309814, 26.3826217651, 29.2528877258, 25.8062953949, 20.4822444916, 16.0463562012, 2.6959810257, 2.1772916317, 0.072539716959, 0.00267893634737, 1.26493489461e-06, 2.38923592022e-09]
    },
    "gfcc": {
        "mean": [-39.9324531555, 107.253913879, -91.2493515015, 19.5626659393, -59.9476013184, 19.1297035217, -44.2065124512, 6.84763288498, -26.0129852295, 3.78365850449, -18.7695636749, 0.414836645126, -12.9155082703],
        "cov": [[11479.3779297, -1798.78833008, -416.693450928, -749.861450195, -352.211791992, 391.99520874, 50.9270858765, 367.010620117, -424.469055176, 103.004936218, -182.662139893, 484.431549072, -201.374572754], [-1798.78833008, 1751.14941406, -362.793762207, -280.009735107, 210.098129272, -82.3385009766, 129.859420776, -184.222869873, 123.576286316, -205.851028442, 162.664810181, -214.815383911, 186.677307129], [-416.693450928, -362.793762207, 943.358642578, 206.828857422, -101.630516052, 18.5304660797, -91.150428772, 18.0435409546, 22.1591377258, 141.606277466, -20.7688522339, 53.9911346436, -40.6418876648], [-749.861450195, -280.009735107, 206.828857422, 539.310668945, -25.908121109, -140.788085938, -94.8201141357, -13.6314973831, 107.741874695, 67.880027771, 8.46539783478, -15.6254310608, 27.9077949524], [-352.211791992, 210.098129272, -101.630516052, -25.908121109, 255.248855591, 43.880771637, 44.9605369568, -3.3831346035, 35.5742874146, -6.14842224121, 25.3440475464, -13.6284074783, 21.2059192657], [391.99520874, -82.3385009766, 18.5304660797, -140.788085938, 43.880771637, 255.137329102, 96.0516738892, 5.16890954971, -60.4047203064, 10.3063688278, 17.0278491974, 21.6232910156, -20.5498466492], [50.9270858765, 129.859420776, -91.150428772, -94.8201141357, 44.9605369568, 96.0516738892, 190.73576355, 9.16570186615, -22.5865459442, -12.8538599014, 32.7186965942, 2.58365368843, 2.45924139023], [367.010620117, -184.222869873, 18.0435409546, -13.6314973831, -3.3831346035, 5.16890954971, 9.16570186615, 130.406829834, 20.8647594452, 21.9805526733, -18.7986373901, 43.1022911072, -18.0038414001], [-424.469055176, 123.576286316, 22.1591377258, 107.741874695, 35.5742874146, -60.4047203064, -22.5865459442, 20.8647594452, 134.45425415, 13.4808826447, 24.0692367554, -2.42331361771, 38.8677597046], [103.004936218, -205.851028442, 141.606277466, 67.880027771, -6.14842224121, 10.3063688278, -12.8538599014, 21.9805526733, 13.4808826447, 111.296485901, 3.1485581398, 31.1125679016, -25.3013896942], [-182.662139893, 162.664810181, -20.7688522339, 8.46539783478, 25.3440475464, 17.0278491974, 32.7186965942, -18.7986373901, 24.0692367554, 3.1485581398, 96.602645874, 4.32234382629, 25.9435310364], [484.431549072, -214.815383911, 53.9911346436, -15.6254310608, -13.6284074783, 21.6232910156, 2.58365368843, 43.1022911072, -2.42331361771, 31.1125679016, 4.32234382629, 121.073287964, -10.1893291473], [-201.374572754, 186.677307129, -40.6418876648, 27.9077949524, 21.2059192657, -20.5498466492, 2.45924139023, -18.0038414001, 38.8677597046, -25.3013896942, 25.9435310364, -10.1893291473, 95.3072738647]],
        "icov": [[0.000156300608069, 0.000101003191958, 0.000126940911287, 0.000176531932084, 0.000152686436195, -9.35164280236e-05, 7.81334747444e-05, -0.000209076344618, 0.000240455017774, -0.000124257465359, 4.4326447096e-05, -0.000350080896169, -0.000141336262459], [0.000101003191958, 0.00328530627303, -0.000425598991569, 0.00290082884021, -0.00123083591461, 0.0021269840654, -0.00156029418577, 0.00268999603577, -0.00316721084528, 0.00261980993673, -0.00343667389825, 0.00370911462232, -0.00265234569088], [0.000126940911287, -0.000425598991569, 0.00169668649323, -0.000707846367732, 0.000850825337693, -0.00102490524296, 0.000845028320327, -0.000445385172497, 0.000504161813296, -0.00196290621534, 0.000841854489408, -0.00117056828458, 0.000435375928646], [0.000176531932084, 0.00290082884021, -0.000707846367732, 0.00552129605785, -0.000843228888698, 0.00286844349466, -0.000931309943553, 0.00277241249569, -0.00415881723166, 0.000747188227251, -0.00301251071505, 0.00349224545062, -0.00278578698635], [0.000152686436195, -0.00123083591461, 0.000850825337693, -0.000843228888698, 0.00543213682249, -0.0020692020189, 0.000240718130954, -0.00107202527579, -0.000282071909169, -0.00169714156073, 0.001289384556, -0.00148765719496, 0.000634100229945], [-9.35164280236e-05, 0.0021269840654, -0.00102490524296, 0.00286844349466, -0.0020692020189, 0.0077998181805, -0.00345304771326, 0.00198654294945, -0.000269076495897, 0.00104482355528, -0.00317225395702, 0.00242687831633, -0.00152406224515], [7.81334747444e-05, -0.00156029418577, 0.000845028320327, -0.000931309943553, 0.000240718130954, -0.00345304771326, 0.00832506641746, -0.00261682108976, 0.00236408878118, -0.00121686677448, -0.000488572637551, -0.00171787792351, 0.00100921536796], [-0.000209076344618, 0.00268999603577, -0.000445385172497, 0.00277241249569, -0.00107202527579, 0.00198654294945, -0.00261682108976, 0.0130092287436, -0.00656495196745, 0.00149994739331, -0.000270838063443, 0.000581592496019, -0.000309114751872], [0.000240455017774, -0.00316721084528, 0.000504161813296, -0.00415881723166, -0.000282071909169, -0.000269076495897, 0.00236408878118, -0.00656495196745, 0.0163093339652, -0.00386519031599, 0.000942896294873, -0.00388039043173, -0.00150080141611], [-0.000124257465359, 0.00261980993673, -0.00196290621534, 0.000747188227251, -0.00169714156073, 0.00104482355528, -0.00121686677448, 0.00149994739331, -0.00386519031599, 0.0159263741225, -0.00420379824936, 0.00134285865352, 0.00156003574375], [4.4326447096e-05, -0.00343667389825, 0.000841854489408, -0.00301251071505, 0.001289384556, -0.00317225395702, -0.000488572637551, -0.000270838063443, 0.000942896294873, -0.00420379824936, 0.0170785821974, -0.00570613471791, 0.000297198683256], [-0.000350080896169, 0.00370911462232, -0.00117056828458, 0.00349224545062, -0.00148765719496, 0.00242687831633, -0.00171787792351, 0.000581592496019, -0.00388039043173, 0.00134285865352, -0.00570613471791, 0.0159440003335, -0.00332116265781], [-0.000141336262459, -0.00265234569088, 0.000435375928646, -0.00278578698635, 0.000634100229945, -0.00152406224515, 0.00100921536796, -0.000309114751872, -0.00150080141611, 0.00156003574375, 0.000297198683256, -0.00332116265781, 0.016426352784]]
    },
    "melbands": {
        "dmean": [0.00113108323421, 0.000780663453043, 0.000453268876299, 0.000308776187012, 0.000233187092817, 0.000214318817598, 0.000160853596753, 0.000110094828415, 0.000121121236589, 0.00015800971596, 0.000115389797429, 0.000154863504576, 0.000134193658596, 7.72077182774e-05, 6.80870216456e-05, 4.2452771595e-05, 3.38569880114e-05, 2.4344673875e-05, 1.97580357053e-05, 1.19844207802e-05, 1.23848458315e-05, 7.58553869673e-06, 7.83161067375e-06, 5.66302833249e-06, 3.28508690473e-06, 2.61372701971e-06, 2.30864839068e-06, 1.68857252447e-06, 1.5108585103e-06, 1.04975720205e-06, 1.0197887832e-06, 1.11585404738e-06, 1.19886999528e-06, 8.27743008358e-07, 8.92782679784e-07, 8.12671771655e-07, 5.58658484806e-07, 6.54059874705e-07, 5.44845363493e-07, 5.80930873184e-07],
        "dmean2": [0.00196711695753, 0.00134935230017, 0.000770851387642, 0.000479993352201, 0.000363629747881, 0.000316909980029, 0.000244279101025, 0.000162007447216, 0.000184004762559, 0.00023134892399, 0.000160417373991, 0.000215838343138, 0.000181633367902, 0.00010131142335, 9.34902345762e-05, 6.29891728749e-05, 4.95859640068e-05, 3.71051537513e-05, 3.16653386108e-05, 1.82655476237e-05, 2.03843283089e-05, 1.21543798741e-05, 1.18970910989e-05, 8.5946994659e-06, 4.96375560033e-06, 4.10759912484e-06, 3.47086620422e-06, 2.54014503298e-06, 2.26863608077e-06, 1.50310017943e-06, 1.43841577938e-06, 1.58136629125e-06, 1.69284851381e-06, 1.14563215448e-06, 1.31525905545e-06, 1.18185539577e-06, 7.94706636498e-07, 9.0976499223e-07, 7.35978289867e-07, 7.96804556558e-07],
        "dvar": [1.00785682662e-05, 4.61866420665e-06, 8.53569872561e-07, 2.8872412372e-07, 3.09753033889e-07, 2.79350587107e-07, 2.38461495883e-07, 1.28128149868e-07, 1.605982618e-07, 2.22686495022e-07, 1.78355236358e-07, 2.70255412715e-07, 2.00542643825e-07, 5.56294104115e-08, 7.04541633922e-08, 1.99037746285e-08, 8.82418138559e-09, 8.92846951928e-09, 1.18137064575e-08, 2.26517959945e-09, 4.8052828383e-09, 9.21924314667e-10, 6.80898837313e-10, 2.75841599562e-10, 1.0740342643e-10, 9.19083975592e-11, 4.70801835017e-11, 2.86002940081e-11, 1.9501723153e-11, 7.06758219657e-12, 7.68208500285e-12, 8.50491985865e-12, 6.83971412493e-12, 3.30603144687e-12, 4.33472745545e-12, 5.12729875918e-12, 3.05518826384e-12, 2.78336988874e-12, 2.39764761864e-12, 3.65355532286e-12],
        "dvar2": [2.71571898338e-05, 1.27696703203e-05, 2.39305381911e-06, 6.03986791248e-07, 7.1440439342e-07, 5.06584854065e-07, 4.58076158338e-07, 2.5928355285e-07, 3.40504556107e-07, 5.25553161879e-07, 3.25416351643e-07, 4.82377288336e-07, 3.67973370885e-07, 9.89344144386e-08, 1.13443825001e-07, 4.55807693811e-08, 1.69586549248e-08, 2.21201865713e-08, 3.17529682548e-08, 5.09607778199e-09, 1.26955024271e-08, 2.12039164005e-09, 1.45651080086e-09, 5.95952398541e-10, 2.5720514607e-10, 2.31257013539e-10, 1.10762558847e-10, 6.65062172001e-11, 4.77643792574e-11, 1.57472750117e-11, 1.69705343528e-11, 1.87313168448e-11, 1.45272596036e-11, 7.05535716655e-12, 9.57918553507e-12, 1.09634636439e-11, 6.43531278613e-12, 4.69933163563e-12, 3.60191087026e-12, 6.54720418505e-12],
        "max": [0.0265563707799, 0.0241472069174, 0.0134268244728, 0.0102531062439, 0.0118571529165, 0.00865877233446, 0.0109770223498, 0.00584526034072, 0.00789259374142, 0.00643995590508, 0.00823830533773, 0.00763704208657, 0.00570494309068, 0.00369555293582, 0.0068940455094, 0.00219801603816, 0.00141550658736, 0.00186811352614, 0.00223007146269, 0.000768379948568, 0.00126806471962, 0.00053710519569, 0.000515885069035, 0.000281203974737, 0.000123462566989, 0.000101940131572, 7.08473889972e-05, 6.39567588223e-05, 5.69641197217e-05, 3.25362925651e-05, 4.38170391135e-05, 4.53426364402e-05, 4.15966460423e-05, 2.53883863479e-05, 2.72495890385e-05, 4.33974964835e-05, 4.05757673434e-05, 4.30718573625e-05, 4.84862248413e-05, 6.23749729129e-05],
        "mean": [0.00134783808608, 0.00125527463388, 0.000894411990885, 0.000632690265775, 0.000492096820381, 0.000520053785294, 0.000348655361449, 0.000221812762902, 0.000187257726793, 0.000268904521363, 0.000173407810507, 0.000297857215628, 0.000214571147808, 0.000155010275193, 0.000124468046124, 6.93546244293e-05, 5.85854832025e-05, 3.70676934836e-05, 2.55520317296e-05, 1.45170934047e-05, 1.4324179574e-05, 1.04251157609e-05, 1.11160134111e-05, 7.80112532084e-06, 3.84014629162e-06, 2.80644667328e-06, 2.74996682492e-06, 2.13005887417e-06, 1.95515121959e-06, 1.53096073063e-06, 1.45488297676e-06, 1.62236358392e-06, 1.71156898432e-06, 1.34301524213e-06, 1.42119063185e-06, 1.29362740608e-06, 9.58646069193e-07, 1.09517225155e-06, 9.64177161222e-07, 9.61110799835e-07],
        "median": [0.000214974104892, 0.000640667276457, 0.000586845271755, 0.000373299990315, 0.00026588284527, 0.000210510275792, 0.000139339274028, 7.15909918654e-05, 3.98075426347e-05, 5.11574762641e-05, 2.19964058488e-05, 1.65627043316e-05, 1.37428405651e-05, 1.01128343886e-05, 8.48248237162e-06, 6.21285744273e-06, 8.20788955025e-06, 4.47685988547e-06, 3.82524331144e-06, 3.19922014569e-06, 1.86721308637e-06, 2.32062529903e-06, 1.47003629536e-06, 9.6167900665e-07, 6.0987906636e-07, 4.44044303549e-07, 6.63456034999e-07, 3.75703820055e-07, 4.36669296278e-07, 2.76081578932e-07, 2.08457819895e-07, 2.85560133761e-07, 3.63046950724e-07, 2.52096526765e-07, 2.43554808321e-07, 1.78672820539e-07, 1.15336028728e-07, 1.63287054988e-07, 1.5973535028e-07, 1.42704465134e-07],
        "min": [5.33191442387e-11, 4.89225160383e-10, 2.71729055923e-10, 5.11585079854e-11, 3.71902023066e-11, 3.67523459582e-12, 2.44283378248e-11, 3.53466804437e-11, 1.30670658755e-12, 1.27550465849e-12, 2.93218791261e-12, 5.78374067389e-12, 1.70131693022e-12, 5.15583496036e-12, 1.27894515724e-12, 1.96190546448e-12, 3.44722319266e-12, 2.47909440372e-12, 3.81196810229e-12, 1.12087205836e-12, 9.85032476593e-13, 9.99680481624e-13, 4.48546744452e-13, 3.21812753312e-13, 1.37043425653e-13, 4.06695781652e-13, 9.79951796792e-13, 3.57785253247e-13, 9.33057342327e-13, 3.26754275764e-13, 3.77826920141e-13, 3.59380331483e-13, 7.63895890987e-13, 6.57225521835e-13, 1.36435296654e-12, 5.69814486394e-13, 5.11940695998e-13, 7.64325777149e-13, 3.39030696963e-13, 1.20292908664e-13],
        "var": [1.22954716062e-05, 4.14133637605e-06, 1.08384767827e-06, 8.88558190582e-07, 6.15906856183e-07, 8.9441664386e-07, 6.23268590516e-07, 3.10534005621e-07, 2.56081335692e-07, 3.88491514514e-07, 3.53664489694e-07, 7.6661649473e-07, 4.41319372158e-07, 2.17224865651e-07, 2.16173148715e-07, 4.33837179514e-08, 2.33303012465e-08, 1.32091590999e-08, 1.28639312535e-08, 2.79263900893e-09, 4.93931295864e-09, 1.21925181062e-09, 1.1787265608e-09, 4.61342103408e-10, 1.24295698734e-10, 8.64427765479e-11, 5.43570084777e-11, 3.3349122075e-11, 2.34085945072e-11, 1.21249789722e-11, 1.28048769504e-11, 1.55304154953e-11, 1.30413180255e-11, 7.64371118483e-12, 9.53583826485e-12, 1.28750838116e-11, 8.89462635489e-12, 1.02635790492e-11, 1.00752357846e-11, 1.2715607213e-11]
    },
    "mfcc": {
        "mean": [-692.19317627, 142.440948486, 22.3259277344, 10.8556194305, 7.82875585556, 7.46520042419, -2.96499943733, -0.0440153703094, -2.48806071281, -1.43485343456, -0.667970776558, -1.94829046726, -1.10028457642],
        "cov": [[9513.60644531, -693.272766113, -763.317932129, -649.054321289, -363.382781982, -148.362518311, 145.390594482, 289.151306152, -71.6157150269, -181.869750977, 54.5375213623, -58.2025756836, -17.074256897], [-693.272766113, 1729.91870117, -390.353790283, -270.876800537, -7.96536159515, 40.6172180176, 78.9672546387, 12.2955465317, -19.2354564667, -19.649438858, -23.5299472809, -45.5477600098, 2.12879705429], [-763.317932129, -390.353790283, 884.176879883, 166.615631104, 48.708568573, 15.8084316254, -63.337272644, -91.3443908691, -0.46131208539, 36.3231506348, 10.8479747772, 51.5926132202, -13.4869422913], [-649.054321289, -270.876800537, 166.615631104, 457.282745361, 76.9822769165, -42.7394561768, -144.441940308, -78.8366775513, 26.1403923035, 55.3892326355, -26.0708332062, 46.5660133362, 11.792386055], [-363.382781982, -7.96536159515, 48.708568573, 76.9822769165, 205.09614563, 12.5742311478, -42.5131111145, -19.6860961914, 27.7274990082, 14.5467348099, -2.84723258018, 20.1733551025, 20.3337268829], [-148.362518311, 40.6172180176, 15.8084316254, -42.7394561768, 12.5742311478, 177.425842285, 82.1690750122, 4.18401813507, -7.99739313126, 7.04037714005, 20.884098053, -5.82934331894, 1.11855614185], [145.390594482, 78.9672546387, -63.337272644, -144.441940308, -42.5131111145, 82.1690750122, 204.051513672, 48.3161239624, -8.93561840057, -8.86724853516, 38.6166114807, -14.4111232758, -12.445151329], [289.151306152, 12.2955465317, -91.3443908691, -78.8366775513, -19.6860961914, 4.18401813507, 48.3161239624, 123.358345032, 15.9295215607, -12.5835123062, 6.27582979202, 5.86800527573, 15.086766243], [-71.6157150269, -19.2354564667, -0.46131208539, 26.1403923035, 27.7274990082, -7.99739313126, -8.93561840057, 15.9295215607, 88.9734115601, 19.044883728, -0.268379807472, 3.38695502281, 4.029504776], [-181.869750977, -19.649438858, 36.3231506348, 55.3892326355, 14.5467348099, 7.04037714005, -8.86724853516, -12.5835123062, 19.044883728, 95.3642272949, 12.3173732758, 8.71259880066, -3.41058206558], [54.5375213623, -23.5299472809, 10.8479747772, -26.0708332062, -2.84723258018, 20.884098053, 38.6166114807, 6.27582979202, -0.268379807472, 12.3173732758, 76.6052856445, 11.4537734985, -2.86053490639], [-58.2025756836, -45.5477600098, 51.5926132202, 46.5660133362, 20.1733551025, -5.82934331894, -14.4111232758, 5.86800527573, 3.38695502281, 8.71259880066, 11.4537734985, 92.4077224731, 25.025762558], [-17.074256897, 2.12879705429, -13.4869422913, 11.792386055, 20.3337268829, 1.11855614185, -12.445151329, 15.086766243, 4.029504776, -3.41058206558, -2.86053490639, 25.025762558, 74.4569168091]],
