{
"lowlevel": {
    "average_loudness": 0.824229121208,
    "barkbands_crest": {
        "dmean": 2.48375296593,
        "dmean2": 3.9612288475,
        "dvar": 4.76103401184,
        "dvar2": 11.7982969284,
        "max": 25.4359855652,
        "mean": 10.2620592117,
        "median": 9.57207489014,
        "min": 3.17259526253,
        "var": 15.5102062225
    },
    "barkbands_flatness_db": {
        "dmean": 0.0184481721371,
        "dmean2": 0.0281828586012,
        "dvar": 0.000261272536591,
        "dvar2": 0.000572653138079,
        "max": 0.473268538713,
        "mean": 0.209072247148,
        "median": 0.205107033253,
        "min": 0.102171294391,
        "var": 0.00234834034927
    },
    "barkbands_kurtosis": {
        "dmean": 1.99282693863,
        "dmean2": 3.03200101852,
        "dvar": 14.1027898788,
        "dvar2": 30.8178386688,
        "max": 117.578155518,
        "mean": 3.11442303658,
        "median": 1.30864524841,
        "min": -1.80260193348,
        "var": 38.1597328186
    },
    "barkbands_skewness": {
        "dmean": 0.423255115747,
        "dmean2": 0.635232448578,
        "dvar": 0.185400426388,
        "dvar2": 0.421126127243,
        "max": 8.30967617035,
        "mean": 1.17996394634,
        "median": 1.10634994507,
        "min": -1.93368268013,
        "var": 1.03679978848
    },
    "barkbands_spread": {
        "dmean": 3.42854046822,
        "dmean2": 4.99027347565,
        "dvar": 14.818148613,
        "dvar2": 28.6617717743,
        "max": 71.3834533691,
        "mean": 15.852973938,
        "median": 14.1022043228,
        "min": 0.620463788509,
        "var": 95.8595046997
    },
    "dissonance": {
        "dmean": 0.0257161390036,
        "dmean2": 0.0432133935392,
        "dvar": 0.000584907946177,
        "dvar2": 0.00160817033611,
        "max": 0.499923169613,
        "mean": 0.439292490482,
        "median": 0.447777658701,
        "min": 0.146033495665,
        "var": 0.00170578144025
    },
    "dynamic_complexity": 3.6152074337,
    "erbbands_crest": {
        "dmean": 2.93748760223,
        "dmean2": 4.65653467178,
        "dvar": 6.2448515892,
        "dvar2": 15.4251527786,
        "max": 27.0923156738,
        "mean": 11.2969961166,
        "median": 10.4480247498,
        "min": 3.27213954926,
        "var": 17.908241272
    },
    "erbbands_flatness_db": {
        "dmean": 0.0157723370939,
        "dmean2": 0.0223027803004,
        "dvar": 0.000206413329579,
        "dvar2": 0.000376775802579,
        "max": 0.426259636879,
        "mean": 0.254242241383,
        "median": 0.253573447466,
        "min": 0.111561402678,
        "var": 0.00199054321274
    },
    "erbbands_kurtosis": {
        "dmean": 1.09878575802,
        "dmean2": 1.6722714901,
        "dvar": 2.7347676754,
        "dvar2": 5.91910457611,
        "max": 37.4505004883,
        "mean": 0.941413164139,
        "median": 0.0591497421265,
        "min": -1.85322666168,
        "var": 7.92067432404
    },
    "erbbands_skewness": {
        "dmean": 0.362387388945,
        "dmean2": 0.537683129311,
        "dvar": 0.110163442791,
        "dvar2": 0.239603146911,
        "max": 4.95355606079,
        "mean": 0.659975409508,
        "median": 0.618111371994,
        "min": -2.00027394295,
        "var": 0.719181716442
    },
    "erbbands_spread": {
        "dmean": 5.41805028915,
        "dmean2": 7.97156667709,
        "dvar": 34.5917205811,
        "dvar2": 64.4220809937,
        "max": 101.329139709,
        "mean": 27.6890850067,
        "median": 25.4701099396,
        "min": 3.89770007133,
        "var": 202.333679199
    },
    "hfc": {
        "dmean": 3.04051113129,
        "dmean2": 3.87159514427,
        "dvar": 20.6097698212,
        "dvar2": 32.3211021423,
        "max": 144.56463623,
        "mean": 15.2554960251,
        "median": 7.10729885101,
        "min": 5.92667674937e-05,
        "var": 335.742675781
    },
    "melbands_crest": {
        "dmean": 3.21359157562,
        "dmean2": 5.2275800705,
        "dvar": 8.12457847595,
        "dvar2": 19.7694702148,
        "max": 30.9945011139,
        "mean": 13.4661445618,
        "median": 12.4187936783,
        "min": 3.77723431587,
        "var": 26.0156402588
    },
    "melbands_flatness_db": {
        "dmean": 0.019584428519,
        "dmean2": 0.0284611880779,
        "dvar": 0.000353443669155,
        "dvar2": 0.000717315648217,
        "max": 0.518472969532,
        "mean": 0.21228967607,
        "median": 0.203828245401,
        "min": 0.0612458325922,
        "var": 0.0043874476105
    },
    "melbands_kurtosis": {
        "dmean": 3.40400910378,
        "dmean2": 5.19835281372,
        "dvar": 32.8423194885,
        "dvar2": 74.8047332764,
        "max": 101.208389282,
        "mean": 6.86132287979,
        "median": 4.17875146866,
        "min": -1.54546415806,
        "var": 85.8168029785
    },
    "melbands_skewness": {
        "dmean": 0.503556847572,
        "dmean2": 0.767269432545,
        "dvar": 0.274095028639,
        "dvar2": 0.611564517021,
        "max": 8.29516220093,
        "mean": 1.74574708939,
        "median": 1.56171178818,
        "min": -0.899410307407,
        "var": 1.24782884121
    },
    "melbands_spread": {
        "dmean": 5.3202457428,
        "dmean2": 7.87583827972,
        "dvar": 39.5348167419,
        "dvar2": 84.0178146362,
        "max": 123.99181366,
        "mean": 23.1459999084,
        "median": 18.6279125214,
        "min": 0.801037013531,
        "var": 273.315155029
    },
    "pitch_salience": {
        "dmean": 0.0624818168581,
        "dmean2": 0.0997221395373,
        "dvar": 0.00278719235212,
        "dvar2": 0.00685099512339,
        "max": 0.807123839855,
        "mean": 0.548638522625,
        "median": 0.552095174789,
        "min": 0.162799075246,
        "var": 0.00989471655339
    },
    "silence_rate_20dB": {
        "dmean": 0,
        "dmean2": 0,
        "dvar": 0,
        "dvar2": 0,
        "max": 1,
        "mean": 1,
        "median": 1,
        "min": 1,
        "var": 0
    },
    "silence_rate_30dB": {
        "dmean": 0,
        "dmean2": 0,
        "dvar": 0,
        "dvar2": 0,
        "max": 1,
        "mean": 1,
        "median": 1,
        "min": 1,
        "var": 0
    },
    "silence_rate_60dB": {
        "dmean": 0.0480247884989,
        "dmean2": 0.0960867851973,
        "dvar": 0.0457180663943,
        "dvar2": 0.0992519706488,
        "max": 1,
        "mean": 0.150987222791,
        "median": 0,
        "min": 0,
        "var": 0.128190070391
    },
    "spectral_centroid": {
        "dmean": 204.691421509,
        "dmean2": 293.12399292,
        "dvar": 50485.5,
        "dvar2": 94540.2890625,
        "max": 4338.02294922,
        "mean": 1528.20300293,
        "median": 1351.62109375,
        "min": 286.82723999,
        "var": 688366.1875
    },
    "spectral_complexity": {
        "dmean": 1.80325329304,
        "dmean2": 2.80666399002,
        "dvar": 3.25796604156,
        "dvar2": 7.23217821121,
        "max": 35,
        "mean": 12.0530395508,
        "median": 11,
        "min": 0,
        "var": 31.1249847412
    },
    "spectral_decrease": {
        "dmean": 7.14447168093e-10,
        "dmean2": 1.04840114368e-09,
        "dvar": 8.45215838244e-19,
        "dvar2": 1.80519533506e-18,
        "max": -4.00548328229e-14,
        "mean": -2.91122081997e-09,
        "median": -2.13929629567e-09,
        "min": -1.73539032033e-08,
        "var": 6.03883743862e-18
    },
    "spectral_energy": {
        "dmean": 0.00292207393795,
        "dmean2": 0.0042240396142,
        "dvar": 1.36022781589e-05,
        "dvar2": 2.84277994069e-05,
        "max": 0.0742349773645,
        "mean": 0.0123713342473,
        "median": 0.00885073374957,
        "min": 1.56552076191e-07,
        "var": 0.000113597881864
    },
    "spectral_energyband_high": {
        "dmean": 0.000263456022367,
        "dmean2": 0.000356028438546,
        "dvar": 3.20597592918e-07,
        "dvar2": 6.11548216511e-07,
        "max": 0.0205732937902,
        "mean": 0.000929510570131,
        "median": 0.000153361324919,
        "min": 6.38840036427e-10,
        "var": 2.56340217675e-06
    },
    "spectral_energyband_low": {
        "dmean": 0.00060731288977,
        "dmean2": 0.000930442474782,
        "dvar": 3.12751285492e-06,
        "dvar2": 6.98039366398e-06,
        "max": 0.0255099572241,
        "mean": 0.0010552656604,
        "median": 0.000118592382933,
        "min": 5.94028826129e-08,
        "var": 6.46645185043e-06
    },
    "spectral_energyband_middle_high": {
        "dmean": 0.00130204786547,
        "dmean2": 0.00186450860929,
        "dvar": 4.95975928061e-06,
        "dvar2": 1.03348547782e-05,
        "max": 0.0567200183868,
        "mean": 0.0051729013212,
        "median": 0.00185212655924,
        "min": 7.86689646759e-09,
        "var": 5.70427764615e-05
    },
    "spectral_energyband_middle_low": {
        "dmean": 0.00192743178923,
        "dmean2": 0.0029657795094,
        "dvar": 7.4694162322e-06,
        "dvar2": 1.72766121977e-05,
        "max": 0.0433480776846,
        "mean": 0.00549410236999,
        "median": 0.00393707351759,
        "min": 9.10564992296e-08,
        "var": 2.54147089436e-05
    },
    "spectral_entropy": {
        "dmean": 0.1492292732,
        "dmean2": 0.198865801096,
        "dvar": 0.0189348571002,
        "dvar2": 0.0321918167174,
        "max": 8.32890415192,
        "mean": 6.95321178436,
        "median": 6.97232723236,
        "min": 4.31089401245,
        "var": 0.225442796946
    },
    "spectral_flux": {
        "dmean": 0.0140098361298,
        "dmean2": 0.0220277328044,
        "dvar": 0.000224181741942,
        "dvar2": 0.000501750677358,
        "max": 0.219034284353,
        "mean": 0.0512304641306,
        "median": 0.0439941063523,
        "min": 0.000395666633267,
        "var": 0.000944000203162
    },
    "spectral_kurtosis": {
        "dmean": 2.85068917274,
        "dmean2": 4.98699760437,
        "dvar": 9.4717130661,
        "dvar2": 27.1634120941,
        "max": 63.6282119751,
        "mean": 5.22631883621,
        "median": 3.93280124664,
        "min": -1.06014072895,
        "var": 29.1193370819
    },
    "spectral_rms": {
        "dmean": 0.000406230363296,
        "dmean2": 0.00057554099476,
        "dvar": 1.82951112038e-07,
        "dvar2": 3.59156842933e-07,
        "max": 0.00851025059819,
        "mean": 0.00316746183671,
        "median": 0.00293851364404,
        "min": 1.23585487017e-05,
        "var": 2.03679610422e-06
    },
    "spectral_rolloff": {
        "dmean": 375.423614502,
        "dmean2": 625.198425293,
        "dvar": 400209.8125,
        "dvar2": 808597.25,
        "max": 9410.00976562,
        "mean": 1787.00488281,
        "median": 1270.45898438,
        "min": 129.19921875,
        "var": 1874000.5
    },
    "spectral_skewness": {
        "dmean": 0.30941516161,
        "dmean2": 0.515985369682,
        "dvar": 0.0818144381046,
        "dvar2": 0.215841412544,
        "max": 6.62159633636,
        "mean": 1.42143499851,
        "median": 1.26664936543,
        "min": -0.478699892759,
        "var": 0.509337246418
    },
    "spectral_spread": {
        "dmean": 286672.625,
        "dmean2": 405271.75,
        "dvar": 118120595456,
        "dvar2": 155291435008,
        "max": 10760751,
        "mean": 3274365.5,
        "median": 3122786.75,
        "min": 1122824.25,
        "var": 953909248000
    },
    "spectral_strongpeak": {
        "dmean": 0.725035965443,
        "dmean2": 1.19829678535,
        "dvar": 1.24465429783,
        "dvar2": 3.11133170128,
        "max": 17.0769233704,
        "mean": 1.65703070164,
        "median": 0.917679011822,
        "min": 0.000372833019355,
        "var": 3.93025112152
    },
    "zerocrossingrate": {
        "dmean": 0.00733461976051,
        "dmean2": 0.00828034989536,
        "dvar": 6.66091000312e-05,
        "dvar2": 6.7470187787e-05,
        "max": 0.2138671875,
        "mean": 0.0608988627791,
        "median": 0.0546875,
        "min": 0.00927734375,
        "var": 0.000986443948932
    },
    "barkbands": {
        "dmean": [1.99124974642e-06, 0.000180078408448, 0.000418779964093, 0.00014594248205, 0.000557494466193, 0.000540492299479, 0.000560827378649, 0.000531080644578, 0.000559019041248, 0.000429028412327, 0.000304007728118, 0.000303747568978, 0.000423560850322, 0.000225111696636, 0.000184363336302, 0.000124974350911, 9.00088489288e-05, 0.000161566917086, 0.000116861978313, 0.000190851700609, 0.000157966569532, 1.20697586681e-05, 8.98293001228e-06, 1.06204088297e-05, 5.93510458202e-06, 5.83514436769e-09, 5.2748916346e-10],
        "dmean2": [3.47166701431e-06, 0.00028585959808, 0.000642524741124, 0.000247373187449, 0.000922287581488, 0.000854872690979, 0.000872098025866, 0.000808157783467, 0.000866517424583, 0.000661025987938, 0.000438333576312, 0.000477080990095, 0.000643183884677, 0.000300038664136, 0.000267488707323, 0.000186377743375, 0.000133741777972, 0.000220844929572, 0.000169829290826, 0.000257188105024, 0.000226724063396, 1.67713296833e-05, 1.17835970741e-05, 1.39122603287e-05, 8.26333871373e-06, 9.03885677417e-09, 9.87102621863e-10],
        "dvar": [1.38229870258e-11, 2.78124815623e-07, 1.78699121989e-06, 1.84754085808e-07, 2.40275767283e-06, 1.39152325573e-06, 1.11532051505e-06, 9.55494670052e-07, 1.4558966086e-06, 1.48609558437e-06, 7.17679199624e-07, 1.13805970159e-06, 1.53084204157e-06, 8.8391124109e-07, 3.34090572096e-07, 1.27369574443e-07, 8.31264657108e-08, 1.83276014809e-07, 8.64706777293e-08, 2.43100373609e-07, 1.51850656493e-07, 8.7190982212e-10, 5.24060628226e-10, 1.66385005773e-09, 8.90224671757e-10, 6.76168878799e-16, 7.45194399345e-19],
        "dvar2": [3.9318066164e-11, 6.39630798105e-07, 4.1004736886e-06, 4.91655669066e-07, 6.16346824245e-06, 2.97566862173e-06, 2.43014437729e-06, 1.9775166038e-06, 3.26316376231e-06, 3.57351655111e-06, 1.45158787745e-06, 2.46492595579e-06, 3.59668706551e-06, 1.36962319175e-06, 6.97419238804e-07, 2.70058166052e-07, 1.85229168892e-07, 3.28684848228e-07, 2.00488770474e-07, 4.47702149131e-07, 2.87584526859e-07, 1.67292812936e-09, 9.3214924668e-10, 2.32426056179e-09, 1.76010639397e-09, 1.59592749257e-15, 2.42138388684e-18],
        "max": [5.59479303774e-05, 0.00700097437948, 0.018358182162, 0.00502481590956, 0.0228472258896, 0.0364124812186, 0.0250053144991, 0.0230202488601, 0.0227653235197, 0.0325755253434, 0.0299474336207, 0.0360861867666, 0.0349102914333, 0.0217218156904, 0.0164709631354, 0.00982266664505, 0.00911417230964, 0.0121320812032, 0.00783748179674, 0.0192606355995, 0.00944290217012, 0.000750134058762, 0.000863570487127, 0.00142439850606, 0.000928274122998, 7.45083980291e-07, 8.14595768617e-09],
        "mean": [2.28053818319e-06, 0.000314691395033, 0.000648032699246, 0.000171404739376, 0.00089238747023, 0.00116931740195, 0.0010128369322, 0.000890908937436, 0.00103791023139, 0.000953349692281, 0.000774655665737, 0.000583415559959, 0.000913408992346, 0.000475539156469, 0.000364553532563, 0.000253176811384, 0.000192272796994, 0.000401705270633, 0.000332622847054, 0.000510882760864, 0.000388346757973, 2.68489293376e-05, 2.08776236832e-05, 2.90235821012e-05, 1.0884979929e-05, 8.31036928162e-09, 4.15359718842e-10],
        "median": [7.52482662847e-07, 2.76286027656e-05, 4.94599516969e-05, 2.99826970149e-05, 0.000340743863489, 0.000411796645494, 0.000456551060779, 0.000448856095318, 0.000284476554953, 0.000134236819576, 9.76424853434e-05, 9.5119496109e-05, 6.36142285657e-05, 2.05541127798e-05, 4.2995387048e-05, 3.84306222259e-05, 6.61156300339e-05, 7.90339545347e-05, 5.25111245224e-05, 6.5507083491e-05, 5.48489770154e-05, 9.02276315173e-06, 4.07666357205e-06, 3.98723250328e-06, 9.60100237535e-07, 9.71468461231e-10, 1.3794508591e-10],
        "min": [8.31878843588e-10, 2.68472746257e-08, 2.23730367566e-09, 2.00840433173e-09, 2.34743460226e-08, 1.5693121469e-08, 1.57777524379e-08, 1.17367422448e-08, 1.98498568693e-08, 8.81385575635e-10, 1.28217103601e-09, 1.66784441813e-09, 9.14756048687e-10, 1.36147162988e-10, 2.96339813799e-10, 2.24362639578e-09, 2.35098107648e-10, 7.64265595254e-11, 5.29427196527e-11, 2.09332551293e-10, 3.35226957304e-10, 7.09654210396e-11, 2.76683224942e-11, 5.47001229034e-11, 2.00463153022e-11, 6.23432468844e-12, 7.05090499875e-12],
        "var": [1.91049363829e-11, 6.22553898211e-07, 3.55104998562e-06, 2.1091695146e-07, 3.77481660507e-06, 4.88328487336e-06, 3.20055914926e-06, 2.34881667893e-06, 4.23556321039e-06, 7.38986273063e-06, 5.46142655367e-06, 3.54497797161e-06, 7.00713826518e-06, 4.09070617025e-06, 1.40213546729e-06, 5.57616488095e-07, 2.57211553389e-07, 1.02390970369e-06, 6.14012662936e-07, 1.16596174848e-06, 6.89097248596e-07, 2.73462918976e-09, 2.33561880947e-09, 7.2368497861e-09, 1.88048865368e-09, 9.85567938635e-16, 5.68531471368e-19]
    },
    "erbbands": {
        "dmean": [0.0020692308899, 0.0560684911907, 0.423999458551, 0.451077520847, 1.06593680382, 2.10654354095, 2.43201088905, 5.67159938812, 7.39788627625, 9.96147346497, 8.62142467499, 13.6384735107, 13.8963871002, 12.4793176651, 11.6128292084, 11.9268550873, 17.8591060638, 13.8637275696, 9.5700378418, 8.41162395477, 5.88796281815, 4.59331321716, 8.13704013824, 9.19783782959, 2.49389886856, 6.37686634064, 9.89181900024, 1.94511675835, 0.464652746916, 0.334142416716, 0.244869068265, 0.150410071015, 0.233460649848, 0.118385970592, 0.00872472207993, 0.000383785984013, 1.92233364942e-05, 2.77376534541e-06, 1.95449797502e-06, 3.56485384145e-06],
        "dmean2": [0.00331842224114, 0.087247222662, 0.640885949135, 0.736308932304, 1.77547478676, 3.47117376328, 3.82492136955, 8.92185688019, 11.3373222351, 15.6490869522, 13.2917051315, 21.1185474396, 20.6111030579, 18.5279045105, 17.0272636414, 18.7397327423, 26.8252773285, 18.5244045258, 13.2570314407, 11.8153047562, 8.96558952332, 6.56919336319, 11.2387342453, 13.2633619308, 3.65831780434, 8.90341091156, 13.4573431015, 2.72229480743, 0.645831108093, 0.439247280359, 0.330040097237, 0.18989226222, 0.318602651358, 0.159298688173, 0.0120101338252, 0.000521806417964, 2.50417615462e-05, 3.51965627488e-06, 2.57544456872e-06, 4.99635507367e-06],
        "dvar": [3.68678956875e-05, 0.026682510972, 1.80132472515, 1.61287808418, 12.8032608032, 32.1544876099, 63.2014961243, 140.727005005, 210.612487793, 382.299987793, 232.581665039, 871.234985352, 1304.42907715, 1109.84069824, 1251.5748291, 1971.00537109, 2633.30859375, 1726.56958008, 882.344909668, 659.272460938, 380.561798096, 189.554901123, 522.641235352, 519.181396484, 26.6055870056, 286.648956299, 496.666290283, 23.5916786194, 1.27448379993, 0.635213553905, 0.453514009714, 0.218625470996, 0.932311475277, 0.358013391495, 0.0023758681491, 4.43674889539e-06, 8.56075565991e-09, 1.09980073659e-10, 8.15014548905e-12, 1.92780860719e-11],
        "dvar2": [8.57894920046e-05, 0.0588204674423, 3.84089517593, 4.17292022705, 33.8139877319, 85.337310791, 137.613739014, 310.745513916, 462.649993896, 862.433044434, 525.396118164, 1985.88208008, 3113.47070312, 2415.37548828, 2594.30541992, 4281.52050781, 6121.89404297, 3022.00976562, 1599.29003906, 1304.84729004, 847.161010742, 386.490539551, 847.227905273, 1168.18713379, 56.4748039246, 544.91192627, 984.604003906, 50.4297904968, 2.7190694809, 0.977987706661, 0.973353564739, 0.299136430025, 1.42422926426, 0.667305588722, 0.00417264271528, 7.6673059084e-06, 1.40922713499e-08, 1.73675740456e-10, 1.36527638153e-11, 3.81331320687e-11],
        "max": [0.13190920651, 2.3498980999, 18.7504844666, 18.9938850403, 55.7367095947, 84.7937774658, 374.177185059, 258.955566406, 336.089416504, 388.000915527, 321.731506348, 601.258972168, 919.703125, 1026.56652832, 1417.6854248, 1551.80126953, 1753.26794434, 1149.16003418, 748.849487305, 804.281005859, 502.039733887, 425.797851562, 689.203125, 490.536193848, 124.839439392, 632.481018066, 515.237182617, 118.266288757, 30.3036708832, 28.203792572, 26.8395214081, 22.3776855469, 30.4346561432, 20.6606082916, 1.73392319679, 0.07561185956, 0.00343160540797, 0.000385605293559, 7.88070974522e-05, 0.000107695748738],
        "mean": [0.00350267486647, 0.0999919399619, 0.689478218555, 0.646510243416, 1.21914505959, 3.30553865433, 5.5734577179, 11.9832868576, 14.8384466171, 16.8756027222, 16.116809845, 25.804058075, 30.1256408691, 33.1120681763, 25.6311702728, 25.3770713806, 40.2247390747, 29.1187725067, 21.4685134888, 17.5575027466, 12.8835067749, 11.309296608, 21.4349269867, 26.6935882568, 8.30079364777, 21.012462616, 31.0229301453, 5.29252099991, 1.11570012569, 0.787615776062, 0.56720328331, 0.380779504776, 0.615933835506, 0.248630076647, 0.0152105512097, 0.000704678997863, 4.76492350572e-05, 9.10033395485e-06, 9.04725948203e-06, 1.60170748131e-05],
        "median": [0.000396310293581, 0.00906493887305, 0.055739402771, 0.09718170017, 0.318167775869, 1.26019132137, 1.91954636574, 4.10191297531, 6.67792081833, 9.22726631165, 8.18434429169, 8.6864490509, 6.36335229874, 6.38147115707, 6.18533325195, 4.67313241959, 4.14510059357, 3.07721281052, 2.86432671547, 3.14480900764, 3.01195645332, 3.90608668327, 5.30308055878, 4.54903841019, 2.04617834091, 2.9430809021, 3.80960869789, 1.2521879673, 0.408703565598, 0.193259507418, 0.111280106008, 0.0727767497301, 0.0668280273676, 0.0219809245318, 0.000687223742716, 4.59785260318e-05, 9.05010256247e-06, 2.39894507104e-06, 5.46771980225e-06, 1.10535311251e-05],
        "min": [6.50575998407e-07, 9.19208196137e-06, 2.07007142308e-05, 1.796406832e-05, 1.98492125492e-05, 9.44602870732e-05, 0.000190894090338, 9.5379560662e-05, 0.000218779110583, 0.000150188119733, 0.000428407132858, 0.000388755695894, 7.4325260357e-05, 4.09628082707e-05, 8.83157117642e-05, 5.10469144501e-05, 3.64108818758e-05, 1.41386062751e-05, 1.08639933387e-05, 5.31855366717e-05, 9.99221083475e-05, 1.7459733499e-05, 4.68895814265e-06, 4.24435165769e-06, 3.75552599508e-06, 9.9790540844e-06, 1.40949423439e-05, 1.09216061901e-05, 3.18133970723e-06, 9.56133362706e-07, 7.30076806121e-07, 8.97257621091e-07, 1.14019348985e-06, 4.16783251467e-07, 4.15280219102e-08, 2.55167105223e-08, 1.12215099435e-08, 3.32038130324e-09, 1.05551023477e-09, 2.90216822796e-10],
        "var": [9.26983339014e-05, 0.0609897151589, 3.94385647774, 2.27600669861, 11.0557441711, 48.9483299255, 238.403945923, 491.07913208, 691.546936035, 743.829345703, 593.24786377, 2351.68725586, 5354.45458984, 6838.98632812, 6706.57275391, 6537.80859375, 13586.5107422, 7348.38037109, 4003.05932617, 2777.62744141, 1496.66430664, 772.011108398, 2570.87255859, 3317.2121582, 227.626373291, 1857.84362793, 3345.93969727, 86.9692611694, 3.95102715492, 3.00525569916, 1.69491481781, 1.02896928787, 3.56292533875, 0.821524322033, 0.00552319083363, 1.05343078758e-05, 2.33297310359e-08, 3.9061393009e-10, 8.52238904447e-11, 2.07229511329e-10]
    },
    "gfcc": {
        "mean": [-94.9361877441, 122.937110901, -179.715316772, 31.4185333252, -88.5756607056, -7.85708522797, -29.0458469391, -4.9553027153, -10.3131952286, -13.5835695267, 8.07285499573, -22.8007564545, 9.59086036682],
        "cov": [[5799.37255859, -1660.28430176, -976.280212402, 650.367675781, 133.997055054, 570.666564941, 133.657318115, 317.888366699, -433.205352783, 218.650344849, -9.89654922485, -175.866485596, -12.091296196], [-1660.28430176, 2110.63256836, 1058.23400879, 124.880599976, 239.064559937, -360.32333374, 85.1235961914, -317.146911621, 325.241455078, -393.028381348, -99.9443359375, 60.7112236023, -48.2621040344], [-976.280212402, 1058.23400879, 1262.56542969, 306.713897705, -1.49679398537, -9.1496887207, -81.2850799561, -158.229049683, 143.632369995, -158.887649536, -162.495895386, 34.9160919189, -15.5734090805], [650.367675781, 124.880599976, 306.713897705, 532.059265137, 152.975692749, 71.3885879517, -15.5590600967, 18.6171016693, 43.5113754272, -29.883184433, -85.994682312, -16.5539150238, -25.8940563202], [133.997055054, 239.064559937, -1.49679398537, 152.975692749, 305.857269287, 29.8816814423, 27.569776535, 25.442483902, 62.9189147949, 2.37843871117, 16.4631252289, -19.3813591003, -15.3216533661], [570.666564941, -360.32333374, -9.1496887207, 71.3885879517, 29.8816814423, 423.541259766, 71.5654067993, 22.5360794067, -75.1201553345, 116.742874146, 11.0855102539, -43.1417045593, -45.4835777283], [133.657318115, 85.1235961914, -81.2850799561, -15.5590600967, 27.569776535, 71.5654067993, 226.882965088, 2.49207448959, -11.5249605179, -13.3183755875, 27.1325092316, -12.5157670975, -34.6195831299], [317.888366699, -317.146911621, -158.229049683, 18.6171016693, 25.442483902, 22.5360794067, 2.49207448959, 203.034637451, -3.72595095634, 65.896446228, 4.81676054001, -0.666634500027, 21.8014354706], [-433.205352783, 325.241455078, 143.632369995, 43.5113754272, 62.9189147949, -75.1201553345, -11.5249605179, -3.72595095634, 221.917556763, -36.359287262, -21.1818618774, 35.8988113403, -17.9078407288], [218.650344849, -393.028381348, -158.887649536, -29.883184433, 2.37843871117, 116.742874146, -13.3183755875, 65.896446228, -36.359287262, 220.701126099, 69.0740432739, -27.8631629944, 42.8764762878], [-9.89654922485, -99.9443359375, -162.495895386, -85.994682312, 16.4631252289, 11.0855102539, 27.1325092316, 4.81676054001, -21.1818618774, 69.0740432739, 137.767944336, 18.8345603943, -4.14996385574], [-175.866485596, 60.7112236023, 34.9160919189, -16.5539150238, -19.3813591003, -43.1417045593, -12.5157670975, -0.666634500027, 35.8988113403, -27.8631629944, 18.8345603943, 90.9036636353, 28.4296188354], [-12.091296196, -48.2621040344, -15.5734090805, -25.8940563202, -15.3216533661, -45.4835777283, -34.6195831299, 21.8014354706, -17.9078407288, 42.8764762878, -4.14996385574, 28.4296188354, 131.609222412]],
        "icov": [[0.000424408906838, -0.00016582236276, 0.000575050828047, -0.000859652180225, 0.000337412639055, -0.000501135713421, 9.90491244011e-05, -0.000392678630305, 0.000566432834603, 0.000118254603876, 3.25280416291e-05, 0.000262252404355, -0.000182790288818], [-0.00016582236276, 0.00548537215218, -0.00433815037832, 0.00234996411018, -0.00495989853516, 0.00339667778462, -0.00369893363677, 0.00423830654472, -0.00342657277361, 0.00438980571926, -0.00178832362872, 0.00171076622792, -0.00145564577542], [0.000575050828047, -0.00433815037832, 0.00522822374478, -0.00335275311954, 0.00445253960788, -0.00341888633557, 0.00322978314944, -0.00268803955987, 0.00247490173206, -0.00278919073753, 0.00215086177923, -0.00134008005261, 0.000655413488857], [-0.000859652180225, 0.00234996411018, -0.00335275311954, 0.00550174945965, -0.0041116354987, 0.00198774016462, -0.00143816543277, 0.00177768548019, -0.00187757599633, 0.00097540387651, 0.000967459229287, -0.000391877285438, 0.000545911956578], [0.000337412639055, -0.00495989853516, 0.00445253960788, -0.0041116354987, 0.00937136262655, -0.00378552661277, 0.00315681495704, -0.00435725832358, 0.00136006285902, -0.00253066397272, -0.000824751507025, 0.000955435680225, 4.21162840212e-05], [-0.000501135713421, 0.00339667778462, -0.00341888633557, 0.00198774016462, -0.00378552661277, 0.00644766306505, -0.00359158613719, 0.00311092659831, -0.000897326041013, -0.000883837114088, 0.000578381645028, -0.000374269468011, 0.00177849258762], [9.90491244011e-05, -0.00369893363677, 0.00322978314944, -0.00143816543277, 0.00315681495704, -0.00359158613719, 0.00781634356827, -0.00309696653858, 0.00195355247706, -0.00108908768743, -0.000378659577109, -0.000188259626157, 0.00109661975875], [-0.000392678630305, 0.00423830654472, -0.00268803955987, 0.00177768548019, -0.00435725832358, 0.00311092659831, -0.00309696653858, 0.00985980499536, -0.00310604739934, 0.000970941095147, 0.000572199351154, -0.000328573980369, -0.000980205368251], [0.000566432834603, -0.00342657277361, 0.00247490173206, -0.00187757599633, 0.00136006285902, -0.000897326041013, 0.00195355247706, -0.00310604739934, 0.00937266647816, -0.00434622494504, 0.00328186177649, -0.00456753140315, 0.00337696680799], [0.000118254603876, 0.00438980571926, -0.00278919073753, 0.00097540387651, -0.00253066397272, -0.000883837114088, -0.00108908768743, 0.000970941095147, -0.00434622494504, 0.0145747205243, -0.00812877994031, 0.00742786703631, -0.00676536466926], [3.25280416291e-05, -0.00178832362872, 0.00215086177923, 0.000967459229287, -0.000824751507025, 0.000578381645028, -0.000378659577109, 0.000572199351154, 0.00328186177649, -0.00812877994031, 0.0150049040094, -0.00778708234429, 0.00495160836726], [0.000262252404355, 0.00171076622792, -0.00134008005261, -0.000391877285438, 0.000955435680225, -0.000374269468011, -0.000188259626157, -0.000328573980369, -0.00456753140315, 0.00742786703631, -0.00778708234429, 0.0186634398997, -0.00691596744582], [-0.000182790288818, -0.00145564577542, 0.000655413488857, 0.000545911956578, 4.21162840212e-05, 0.00177849258762, 0.00109661975875, -0.000980205368251, 0.00337696680799, -0.00676536466926, 0.00495160836726, -0.00691596744582, 0.0126166585833]]
    },
    "melbands": {
        "dmean": [3.36528100888e-05, 0.000168337210198, 8.75332261785e-05, 0.000122848679894, 8.51969889482e-05, 0.00011913011258, 0.000114621499961, 0.000114582879178, 6.47793131066e-05, 9.4200586318e-05, 7.02740580891e-05, 5.24596835021e-05, 3.69897643395e-05, 3.10066279781e-05, 3.33855969075e-05, 4.74521839351e-05, 2.55742943409e-05, 1.6671814592e-05, 1.4904055206e-05, 1.00535489764e-05, 7.03833802618e-06, 5.26772873854e-06, 5.83291148359e-06, 8.77611819305e-06, 8.57474788063e-06, 2.59197236119e-06, 1.72824616129e-06, 6.01766578257e-06, 8.55204689287e-06, 3.42738280779e-06, 6.36501567897e-07, 2.89082208837e-07, 2.24874966648e-07, 1.96204226199e-07, 1.64986090567e-07, 1.01903737004e-07, 9.40691577966e-08, 1.67729979239e-07, 1.81692684009e-07, 8.5204753475e-08],
        "dmean2": [5.36805600859e-05, 0.000254416954704, 0.000142206423334, 0.000207573830266, 0.000133918074425, 0.000188472986338, 0.000176182336872, 0.000177722293301, 0.000100729710539, 0.000144132776768, 0.000104354396171, 7.72615821916e-05, 5.3710922657e-05, 4.63609285362e-05, 5.31964069523e-05, 7.19345043763e-05, 3.30170514644e-05, 2.3000413421e-05, 2.15538657358e-05, 1.45637632158e-05, 1.04795335574e-05, 7.91996990301e-06, 8.36406979943e-06, 1.2098098523e-05, 1.25479500639e-05, 3.84106715501e-06, 2.59531952906e-06, 8.37122934172e-06, 1.15363945952e-05, 4.99468978887e-06, 9.26678865198e-07, 4.20934441081e-07, 3.17341829259e-07, 2.6436691769e-07, 2.28166811667e-07, 1.41114213648e-07, 1.2652124326e-07, 2.2848342951e-07, 2.4582280389e-07, 1.17867784866e-07],
        "dvar": [9.69256497285e-09, 2.66482487632e-07, 5.67495277437e-08, 1.49256749182e-07, 5.71007916506e-08, 5.84056216724e-08, 4.83985083122e-08, 5.03380803707e-08, 1.39766891394e-08, 4.33519353749e-08, 3.39723804643e-08, 2.05958716748e-08, 1.24910650712e-08, 8.74246630644e-09, 1.96312619494e-08, 2.07740082914e-08, 8.30777580063e-09, 3.74080544319e-09, 2.66777999691e-09, 7.75955466548e-10, 7.45818518055e-10, 2.88400470172e-10, 2.35104463675e-10, 6.48970099881e-10, 4.68002692156e-10, 4.9158087323e-11, 1.45185027195e-11, 2.88664925296e-10, 3.97540472763e-10, 7.42531591769e-11, 3.29672899223e-12, 6.09836942229e-13, 3.1598272718e-13, 2.47037958666e-13, 2.14025872762e-13, 7.67120809692e-14, 9.452770462e-14, 4.21113773193e-13, 8.18318232187e-13, 1.78114386304e-13],
        "dvar2": [2.29239383032e-08, 5.70344980133e-07, 1.45943445773e-07, 3.98463441798e-07, 1.2607715405e-07, 1.29017138306e-07, 1.05007430307e-07, 1.10326013214e-07, 3.336220189e-08, 9.73076055288e-08, 8.13367861952e-08, 4.44757795037e-08, 2.59952912529e-08, 1.58651953797e-08, 4.80378190559e-08, 5.23081347126e-08, 1.35331221784e-08, 6.32698027303e-09, 5.6896998224e-09, 1.50973655799e-09, 1.60167545893e-09, 6.46510622815e-10, 4.18727164053e-10, 1.13421183556e-09, 1.04186614891e-09, 1.05279167328e-10, 3.40540165511e-11, 5.41569011858e-10, 7.81847753206e-10, 1.53256532465e-10, 7.88840260474e-12, 1.41868862578e-12, 6.44669972787e-13, 4.30443441307e-13, 4.94581155544e-13, 1.33933147775e-13, 1.51870093649e-13, 7.34089980643e-13, 1.56816074882e-12, 3.24049841864e-13],
        "max": [0.00168016413227, 0.00709890387952, 0.0028978518676, 0.00527482759207, 0.00985686480999, 0.00501054292545, 0.0054657170549, 0.00484037818387, 0.00259613338858, 0.00423840479925, 0.00454040244222, 0.00478023197502, 0.00435746507719, 0.00380999851041, 0.00549121573567, 0.00297916610725, 0.00263848458417, 0.00166187179275, 0.00176911940798, 0.00100361229852, 0.000757646979764, 0.000356281292625, 0.000544547103345, 0.000622740422841, 0.000470465660328, 0.000152812353917, 8.37749321363e-05, 0.000638941884972, 0.000580345513299, 0.000200971378945, 4.89397971251e-05, 2.08995606954e-05, 1.51368913066e-05, 2.10717025766e-05, 1.80545921467e-05, 1.07467367343e-05, 1.40232405101e-05, 2.04090029001e-05, 3.19964929076e-05, 1.4645011106e-05],
        "mean": [5.80695414101e-05, 0.000283317203866, 0.000123891484691, 0.000163097967743, 0.000195056505618, 0.000255141465459, 0.000224929099204, 0.00019208494632, 0.000117450385005, 0.000174049011548, 0.000150546911755, 0.000133174136863, 8.73118478921e-05, 6.06317007623e-05, 7.11506654625e-05, 0.000100318044133, 4.98924855492e-05, 3.55402480636e-05, 3.00283645629e-05, 1.91220369743e-05, 1.33457042466e-05, 1.08414842543e-05, 1.44158757394e-05, 2.07744087675e-05, 2.31733283726e-05, 7.20027856005e-06, 4.08666937801e-06, 1.76941648533e-05, 2.50072571362e-05, 8.76158901519e-06, 1.22016376736e-06, 5.78453921207e-07, 4.59000318642e-07, 4.25077331556e-07, 3.57273876261e-07, 2.21909104425e-07, 2.1957134777e-07, 4.39367795479e-07, 3.90183629406e-07, 1.52060408709e-07],
        "median": [5.6759358813e-06, 2.41462003032e-05, 2.31861522479e-05, 5.22311602253e-05, 7.56591325626e-05, 9.06085915631e-05, 0.000104088387161, 0.000100366072729, 5.64279107493e-05, 4.74083462905e-05, 2.52470272244e-05, 2.08295823541e-05, 1.51647072926e-05, 1.42907583722e-05, 6.21365143161e-06, 5.76267939323e-06, 3.872396519e-06, 2.94475444207e-06, 3.23003609992e-06, 3.37008123097e-06, 2.86723138743e-06, 3.63091794497e-06, 4.09964286519e-06, 3.90184868593e-06, 3.18935326504e-06, 1.10893006422e-06, 1.10343921733e-06, 1.88226431419e-06, 2.73296836895e-06, 1.22273775105e-06, 3.63686382343e-07, 1.92234693941e-07, 1.24555057823e-07, 8.84752253683e-08, 6.42107309545e-08, 4.65375364911e-08, 3.97291479715e-08, 4.49279617953e-08, 4.0684021485e-08, 8.60348059462e-09],
        "min": [6.38017239041e-09, 1.36719648935e-08, 1.7116892348e-09, 3.37962591246e-09, 6.68832456086e-09, 2.3052932896e-09, 3.35468786083e-09, 1.54080037618e-09, 4.20436707671e-09, 2.23651719367e-09, 3.20997506353e-10, 1.54122770102e-10, 2.24808241467e-10, 1.96353933113e-10, 1.4692722039e-10, 6.04585340125e-11, 2.00974271947e-11, 1.41603473738e-11, 2.40443515792e-11, 1.6328960406e-10, 9.24389800816e-11, 1.70750583811e-11, 4.7662694104e-12, 3.49321808459e-12, 3.53147979609e-12, 1.66958851258e-12, 5.10398017253e-12, 6.80510248846e-12, 9.43756010841e-12, 6.14387273695e-12, 6.58575190909e-12, 2.09860536067e-12, 5.31937449817e-13, 4.47637830666e-13, 3.01501851914e-13, 6.45571595313e-13, 4.73656433086e-13, 7.98891118189e-13, 7.00527038721e-13, 2.24886353029e-13],
        "var": [2.20446523258e-08, 5.84854603858e-07, 7.55042961487e-08, 1.44836292293e-07, 2.3127451243e-07, 2.07693716447e-07, 1.56955806574e-07, 1.05562939723e-07, 3.39726220489e-08, 1.23089819226e-07, 1.44626838505e-07, 1.22158425597e-07, 7.67884529296e-08, 2.98223383766e-08, 7.32709537488e-08, 7.99284123332e-08, 3.60472398597e-08, 1.72838472423e-08, 1.2336849764e-08, 2.91710744449e-09, 2.34457275816e-09, 7.64731611369e-10, 1.16721510235e-09, 3.09682723909e-09, 2.87004686683e-09, 3.08220698964e-10, 5.17930906496e-11, 1.58046531418e-09, 2.39492914389e-09, 3.45434708615e-10, 5.84874553303e-12, 1.38557600723e-12, 9.04592210599e-13, 1.10985905796e-12, 7.02327573269e-13, 3.21929033995e-13, 3.70129518397e-13, 1.84757417698e-12, 1.73780976588e-12, 4.04983961947e-13]
    },
    "mfcc": {
        "mean": [-709.397644043, 124.075820923, -26.6153583527, 17.2504711151, -23.6901626587, -16.3242969513, -5.52437019348, -10.7582817078, -2.89341783524, -2.8258728981, -6.66202402115, 7.7009806633, -4.53391504288],
        "cov": [[5998.0859375, -1673.11254883, -969.000793457, 157.545913696, -7.02664995193, 176.125823975, 611.37298584, 32.0220222473, 70.782119751, 216.23815918, -28.1137924194, 90.0917739868, -118.684761047], [-1673.11254883, 1920.63439941, 616.739135742, 315.041259766, 75.3924713135, 83.7577056885, -318.979919434, 201.036193848, 16.0950317383, -129.309066772, -44.3177070618, -144.280227661, 9.74455356598], [-969.000793457, 616.739135742, 1102.71496582, 206.078598022, 107.907073975, 237.401092529, -186.305633545, 89.7987747192, 66.365852356, -74.9759368896, -31.2558250427, -103.962493896, 8.35308837891], [157.545913696, 315.041259766, 206.078598022, 498.876068115, 185.33265686, 27.2391338348, -83.7966308594, 78.9050445557, 60.4927978516, 7.58073234558, -46.5879516602, -53.2806510925, 34.1189956665], [-7.02664995193, 75.3924713135, 107.907073975, 185.33265686, 340.364562988, 66.6429824829, -32.1702919006, -8.91631126404, 47.9757499695, 39.1906661987, 6.95494890213, 6.48846721649, 25.2569332123], [176.125823975, 83.7577056885, 237.401092529, 27.2391338348, 66.6429824829, 341.860015869, 63.7337989807, 44.8540115356, 2.4873509407, 39.4133033752, 42.1219139099, -16.3735313416, -7.28470182419], [611.37298584, -318.979919434, -186.305633545, -83.7966308594, -32.1702919006, 63.7337989807, 323.644989014, -37.9260253906, -10.5452747345, 53.6427497864, 28.3447265625, 50.7632751465, -0.0128286583349], [32.0220222473, 201.036193848, 89.7987747192, 78.9050445557, -8.91631126404, 44.8540115356, -37.9260253906, 240.675247192, 26.712934494, -19.7165031433, 19.868976593, -30.7284164429, 24.3588905334], [70.782119751, 16.0950317383, 66.365852356, 60.4927978516, 47.9757499695, 2.4873509407, -10.5452747345, 26.712934494, 169.285018921, 16.4141311646, -3.79963493347, -6.41163682938, -0.502542197704], [216.23815918, -129.309066772, -74.9759368896, 7.58073234558, 39.1906661987, 39.4133033752, 53.6427497864, -19.7165031433, 16.4141311646, 146.638092041, 42.6759414673, 3.11954331398, 5.12825107574], [-28.1137924194, -44.3177070618, -31.2558250427, -46.5879516602, 6.95494890213, 42.1219139099, 28.3447265625, 19.868976593, -3.79963493347, 42.6759414673, 122.794876099, 40.5777397156, 2.92971038818], [90.0917739868, -144.280227661, -103.962493896, -53.2806510925, 6.48846721649, -16.3735313416, 50.7632751465, -30.7284164429, -6.41163682938, 3.11954331398, 40.5777397156, 154.218811035, 32.4651489258], [-118.684761047, 9.74455356598, 8.35308837891, 34.1189956665, 25.2569332123, -7.28470182419, -0.0128286583349, 24.3588905334, -0.502542197704, 5.12825107574, 2.92971038818, 32.4651489258, 153.841552734]],
