{
"lowlevel": {
    "average_loudness": 0.972076177597,
    "barkbands_crest": {
        "dmean": 3.11827230453,
        "dmean2": 5.12020015717,
        "dvar": 6.98486661911,
        "dvar2": 19.1538009644,
        "max": 23.5750370026,
        "mean": 10.5742053986,
        "median": 9.74781131744,
        "min": 2.38594031334,
        "var": 20.7126674652
    },
    "barkbands_flatness_db": {
        "dmean": 0.025433273986,
        "dmean2": 0.0409294329584,
        "dvar": 0.000565749360248,
        "dvar2": 0.00143242592458,
        "max": 0.318315088749,
        "mean": 0.135651677847,
        "median": 0.130093947053,
        "min": 0.0225578751415,
        "var": 0.00315214763395
    },
    "barkbands_kurtosis": {
        "dmean": 3.24406909943,
        "dmean2": 5.44437026978,
        "dvar": 27.8419494629,
        "dvar2": 72.8302536011,
        "max": 69.7693939209,
        "mean": 4.34954214096,
        "median": 1.74928665161,
        "min": -1.73832678795,
        "var": 57.2926940918
    },
    "barkbands_skewness": {
        "dmean": 0.609447658062,
        "dmean2": 0.987471878529,
        "dvar": 0.385158509016,
        "dvar2": 0.946153283119,
        "max": 7.4546880722,
        "mean": 1.6221165657,
        "median": 1.3780169487,
        "min": -1.99312853813,
        "var": 1.46137166023
    },
    "barkbands_spread": {
        "dmean": 6.10562133789,
        "dmean2": 9.6695356369,
        "dvar": 43.8316802979,
        "dvar2": 100.366317749,
        "max": 96.2008361816,
        "mean": 21.867099762,
        "median": 18.9682064056,
        "min": 1.78502810001,
        "var": 190.740982056
    },
    "dissonance": {
        "dmean": 0.0196583718061,
        "dmean2": 0.0327724926174,
        "dvar": 0.000373424874851,
        "dvar2": 0.000934630515985,
        "max": 0.499858945608,
        "mean": 0.460671931505,
        "median": 0.466610968113,
        "min": 0.158703491092,
        "var": 0.000756775203627
    },
    "dynamic_complexity": 2.36138963699,
    "erbbands_crest": {
        "dmean": 2.76685380936,
        "dmean2": 4.56863880157,
        "dvar": 6.79044055939,
        "dvar2": 17.5708293915,
        "max": 30.0325241089,
        "mean": 8.67906951904,
        "median": 7.52808380127,
        "min": 2.11612248421,
        "var": 18.8783149719
    },
    "erbbands_flatness_db": {
        "dmean": 0.0185479167849,
        "dmean2": 0.0275680851191,
        "dvar": 0.000322281906847,
        "dvar2": 0.000671758898534,
        "max": 0.304383963346,
        "mean": 0.15340667963,
        "median": 0.15320572257,
        "min": 0.0427245385945,
        "var": 0.00184173253365
    },
    "erbbands_kurtosis": {
        "dmean": 0.780523300171,
        "dmean2": 1.24646770954,
        "dvar": 1.33667600155,
        "dvar2": 2.93453240395,
        "max": 30.8402709961,
        "mean": 0.273921579123,
        "median": -0.291830539703,
        "min": -1.67641723156,
        "var": 4.19552946091
    },
    "erbbands_skewness": {
        "dmean": 0.35081076622,
        "dmean2": 0.561030566692,
        "dvar": 0.0941216945648,
        "dvar2": 0.228536099195,
        "max": 4.84152698517,
        "mean": 0.309754580259,
        "median": 0.236009657383,
        "min": -1.78675305843,
        "var": 0.392221003771
    },
    "erbbands_spread": {
        "dmean": 8.04609394073,
        "dmean2": 12.464217186,
        "dvar": 74.1724395752,
        "dvar2": 156.56690979,
        "max": 122.312431335,
        "mean": 37.3817481995,
        "median": 33.5982589722,
        "min": 4.79965400696,
        "var": 314.010437012
    },
    "hfc": {
        "dmean": 7.6828789711,
        "dmean2": 11.5548124313,
        "dvar": 112.562583923,
        "dvar2": 255.727752686,
        "max": 143.687515259,
        "mean": 28.0527553558,
        "median": 20.597038269,
        "min": 1.18553457685e-16,
        "var": 541.65222168
    },
    "melbands_crest": {
        "dmean": 4.5115571022,
        "dmean2": 7.51876878738,
        "dvar": 13.9239616394,
        "dvar2": 36.9434700012,
        "max": 33.8802337646,
        "mean": 16.0129756927,
        "median": 15.1704015732,
        "min": 2.28639626503,
        "var": 41.3013458252
    },
    "melbands_flatness_db": {
        "dmean": 0.0311774741858,
        "dmean2": 0.050373043865,
        "dvar": 0.000886919908226,
        "dvar2": 0.0021462412551,
        "max": 0.436457812786,
        "mean": 0.208027884364,
        "median": 0.200145483017,
        "min": 0.00416496302933,
        "var": 0.00464671896771
    },
    "melbands_kurtosis": {
        "dmean": 7.98569583893,
        "dmean2": 13.4749698639,
        "dvar": 168.437240601,
        "dvar2": 438.279876709,
        "max": 181.425506592,
        "mean": 13.6592025757,
        "median": 6.90517520905,
        "min": -1.3549541235,
        "var": 344.460998535
    },
    "melbands_skewness": {
        "dmean": 0.838258624077,
        "dmean2": 1.35217142105,
        "dvar": 0.773958384991,
        "dvar2": 1.88368105888,
        "max": 10.9858999252,
        "mean": 2.68320226669,
        "median": 2.2309076786,
        "min": -0.641363918781,
        "var": 3.00360894203
    },
    "melbands_spread": {
        "dmean": 6.73717927933,
        "dmean2": 10.854180336,
        "dvar": 55.2306175232,
        "dvar2": 130.381729126,
        "max": 136.297393799,
        "mean": 21.5306797028,
        "median": 19.3984355927,
        "min": 1.50148928165,
        "var": 187.343032837
    },
    "pitch_salience": {
        "dmean": 0.091607786715,
        "dmean2": 0.154804125428,
        "dvar": 0.00659559294581,
        "dvar2": 0.0172944292426,
        "max": 0.927860200405,
        "mean": 0.524551570415,
        "median": 0.531009495258,
        "min": 0.14683611691,
        "var": 0.0151971811429
    },
    "silence_rate_20dB": {
        "dmean": 0,
        "dmean2": 0,
        "dvar": 0,
        "dvar2": 0,
        "max": 1,
        "mean": 1,
        "median": 1,
        "min": 1,
        "var": 0
    },
    "silence_rate_30dB": {
        "dmean": 0.00515463901684,
        "dmean2": 0.0103145949543,
        "dvar": 0.00512811541557,
        "dvar2": 0.0133027564734,
        "max": 1,
        "mean": 0.996393620968,
        "median": 1,
        "min": 0,
        "var": 0.0035933284089
    },
    "silence_rate_60dB": {
        "dmean": 0.00670103076845,
        "dmean2": 0.0134089738131,
        "dvar": 0.00665609817952,
        "dvar2": 0.0142604131252,
        "max": 1,
        "mean": 0.0164863467216,
        "median": 0,
        "min": 0,
        "var": 0.0162149537355
    },
    "spectral_centroid": {
        "dmean": 257.856750488,
        "dmean2": 418.341247559,
        "dvar": 109139.03125,
        "dvar2": 209635.828125,
        "max": 10851.3105469,
        "mean": 1269.56811523,
        "median": 1238.56262207,
        "min": 312.920013428,
        "var": 264095.5625
    },
    "spectral_complexity": {
        "dmean": 3.77474236488,
        "dmean2": 6.16761207581,
        "dvar": 18.3910579681,
        "dvar2": 42.4488296509,
        "max": 56,
        "mean": 22.4920139313,
        "median": 22,
        "min": 0,
        "var": 83.9660263062
    },
    "spectral_decrease": {
        "dmean": 3.53540974274e-09,
        "dmean2": 5.7070557169e-09,
        "dvar": 1.63591013436e-17,
        "dvar2": 3.8478367527e-17,
        "max": 7.71606498849e-29,
        "mean": -1.02528563417e-08,
        "median": -9.44787803547e-09,
        "min": -3.93675385624e-08,
        "var": 3.6064780231e-17
    },
    "spectral_energy": {
        "dmean": 0.0136714875698,
        "dmean2": 0.0219691582024,
        "dvar": 0.000239232133026,
        "dvar2": 0.00056058075279,
        "max": 0.150500625372,
        "mean": 0.0412411317229,
        "median": 0.0380410216749,
        "min": 1.04619267404e-20,
        "var": 0.000548833166249
    },
    "spectral_energyband_high": {
        "dmean": 0.000541360117495,
        "dmean2": 0.000832895864733,
        "dvar": 1.10993084945e-06,
        "dvar2": 2.55245845437e-06,
        "max": 0.0139077110216,
        "mean": 0.00121068849694,
        "median": 0.000389707507566,
        "min": 7.94940440385e-21,
        "var": 3.57910721505e-06
    },
    "spectral_energyband_low": {
        "dmean": 0.0107803391293,
        "dmean2": 0.0180630143732,
        "dvar": 0.00024458905682,
        "dvar2": 0.000583725573961,
        "max": 0.139307707548,
        "mean": 0.0191487744451,
        "median": 0.0130923781544,
        "min": 3.73930450484e-23,
        "var": 0.000423881370807
    },
    "spectral_energyband_middle_high": {
        "dmean": 0.00246291211806,
        "dmean2": 0.00382803427055,
        "dvar": 1.45263538798e-05,
        "dvar2": 3.48847206624e-05,
        "max": 0.0654497295618,
        "mean": 0.00749279884622,
        "median": 0.00493653304875,
        "min": 1.26817622436e-21,
        "var": 5.91464922763e-05
    },
    "spectral_energyband_middle_low": {
        "dmean": 0.00635311426595,
        "dmean2": 0.0102747017518,
        "dvar": 5.66811177123e-05,
        "dvar2": 0.00013638434757,
        "max": 0.0758852437139,
        "mean": 0.0147098461166,
        "median": 0.0117427902296,
        "min": 3.38979740887e-22,
        "var": 0.000135247842991
    },
    "spectral_entropy": {
        "dmean": 0.167422011495,
        "dmean2": 0.260199844837,
        "dvar": 0.030597679317,
        "dvar2": 0.0657441541553,
        "max": 9.81275653839,
        "mean": 7.56855726242,
        "median": 7.52967071533,
        "min": 6.25558614731,
        "var": 0.147309944034
    },
    "spectral_flux": {
        "dmean": 0.0318714529276,
        "dmean2": 0.0499999411404,
        "dvar": 0.00119139405433,
        "dvar2": 0.00266174925491,
        "max": 0.36271956563,
        "mean": 0.11039994657,
        "median": 0.101024456322,
        "min": 1.02283563563e-10,
        "var": 0.00258499407209
    },
    "spectral_kurtosis": {
        "dmean": 1.7330480814,
        "dmean2": 2.93265748024,
        "dvar": 3.8798699379,
        "dvar2": 10.7782745361,
        "max": 33.7801437378,
        "mean": 4.55398845673,
        "median": 4.17838954926,
        "min": -1.15930759907,
        "var": 8.50394439697
    },
    "spectral_rms": {
        "dmean": 0.00103024707641,
        "dmean2": 0.00162241631187,
        "dvar": 1.11255496904e-06,
        "dvar2": 2.46217155109e-06,
        "max": 0.0121173374355,
        "mean": 0.00605743937194,
        "median": 0.00609205989167,
        "min": 3.19480162811e-12,
        "var": 3.54268513547e-06
    },
    "spectral_rolloff": {
        "dmean": 520.039916992,
        "dmean2": 870.169555664,
        "dvar": 1032770.5625,
        "dvar2": 2103104.25,
        "max": 18970.7519531,
        "mean": 1323.43273926,
        "median": 1033.59375,
        "min": 64.599609375,
        "var": 2332530.5
    },
    "spectral_skewness": {
        "dmean": 0.236323356628,
        "dmean2": 0.380741178989,
        "dvar": 0.0566165186465,
        "dvar2": 0.139123946428,
        "max": 4.53102016449,
        "mean": 1.55898571014,
        "median": 1.54163110256,
        "min": 0.00463737268001,
        "var": 0.182841002941
    },
    "spectral_spread": {
        "dmean": 598646.3125,
        "dmean2": 837646.5,
        "dvar": 976505667584,
        "dvar2": 1.43332671488e+12,
        "max": 39470344,
        "mean": 4439055,
        "median": 3898194,
        "min": 1938221,
        "var": 4.07648862208e+12
    },
    "spectral_strongpeak": {
        "dmean": 0.592085838318,
        "dmean2": 1.01372146606,
        "dvar": 0.974799454212,
        "dvar2": 2.61186957359,
        "max": 10.6265220642,
        "mean": 0.885929346085,
        "median": 0.391751617193,
        "min": 0,
        "var": 1.45775067806
    },
    "zerocrossingrate": {
        "dmean": 0.0103470319882,
        "dmean2": 0.0118665685877,
        "dvar": 0.000269393349299,
        "dvar2": 0.000289837131277,
        "max": 0.4921875,
        "mean": 0.0552205592394,
        "median": 0.046875,
        "min": 0.00390625,
        "var": 0.00151893810835
    },
    "barkbands": {
        "dmean": [0.00118565815501, 0.00783085916191, 0.00393636524677, 0.00170661881566, 0.00236375955865, 0.00106791395228, 0.00216099526733, 0.00127257115673, 0.000973852875177, 0.00106406665873, 0.000662780134007, 0.000495484273415, 0.00057470833417, 0.00068835366983, 0.000597904145252, 0.000271859113127, 0.000301645224681, 0.000135545007652, 0.00014632375678, 0.000122163823107, 0.000140067335451, 0.000118819967611, 0.000103423379187, 9.18731238926e-05, 9.32139009819e-05, 7.28102895664e-05, 6.80110588291e-06],
        "dmean2": [0.00199638330378, 0.0128066493198, 0.00705154566094, 0.00293216737919, 0.00385971181095, 0.00182968971785, 0.00342430174351, 0.00211293948814, 0.00161159166601, 0.0016338910209, 0.00109309551772, 0.000810709607322, 0.000944122730289, 0.00109287397936, 0.000972935522441, 0.000438888586359, 0.000498921901453, 0.000225789030083, 0.000243934773607, 0.000209276709938, 0.000245710689342, 0.000193623724044, 0.000162464290042, 0.000139367839438, 0.000138328061439, 0.000105486804387, 1.09910806714e-05],
        "dvar": [3.85290650229e-06, 0.000119159478345, 7.68105819589e-05, 6.32010687696e-06, 1.29804393509e-05, 6.56125075693e-06, 2.00213580683e-05, 6.68792381475e-06, 5.112126928e-06, 5.73311262997e-06, 3.35322420142e-06, 1.51603148879e-06, 1.84718317087e-06, 3.58687111657e-06, 1.57317776939e-06, 2.51418526886e-07, 2.94090824582e-07, 5.63253905739e-08, 5.11021411853e-08, 5.31478860921e-08, 1.19866058412e-07, 4.62550922009e-08, 4.46821672995e-08, 8.66344009864e-08, 6.3189560251e-08, 3.95397528052e-08, 5.2833781794e-10],
        "dvar2": [9.95091340883e-06, 0.000294450524962, 0.000217490363866, 1.66828685906e-05, 3.20391955029e-05, 1.87749410543e-05, 4.82885880047e-05, 1.79420276254e-05, 1.31706538014e-05, 1.34623487611e-05, 8.67746530275e-06, 4.33179957327e-06, 4.77897810924e-06, 9.04567150428e-06, 3.9212163756e-06, 6.51712070976e-07, 7.85832753536e-07, 1.47707552856e-07, 1.37327191396e-07, 1.49442513475e-07, 3.35634382509e-07, 1.19014430311e-07, 1.09925728964e-07, 1.64264832847e-07, 1.2982026476e-07, 8.18093965904e-08, 1.33363353694e-09],
        "max": [0.0224950965494, 0.11276870966, 0.0703370943666, 0.0272999219596, 0.0360833257437, 0.057109374553, 0.0545767359436, 0.0379014089704, 0.0317089408636, 0.0414497517049, 0.0273541528732, 0.0207710135728, 0.0231467019767, 0.0344883538783, 0.0194450821728, 0.0083152865991, 0.00955212768167, 0.00475716404617, 0.00294130016118, 0.00315504381433, 0.00437769806013, 0.00243096845224, 0.00307714776136, 0.00626212591305, 0.00525475014001, 0.00371175655164, 0.000368376349797],
        "mean": [0.00135947414674, 0.0130511550233, 0.00382552784868, 0.00208610459231, 0.00336931669153, 0.00151732994709, 0.00331526203081, 0.00190400134306, 0.00147869554348, 0.00178123067599, 0.000975992705207, 0.000793076353148, 0.000935335352551, 0.00104487524368, 0.000945064995904, 0.000499099260196, 0.000506954325829, 0.000261699344264, 0.000288283481495, 0.000211451610085, 0.000201320537599, 0.000241680987529, 0.000188704580069, 0.000154315668624, 0.000174833767232, 0.000122452212963, 7.90742069512e-06],
        "median": [0.000582889944781, 0.0087434258312, 0.00129826529883, 0.00103782664519, 0.00193947134539, 0.000865321781021, 0.00121359387413, 0.000726100057364, 0.000710074789822, 0.000801327230874, 0.000321380968671, 0.000349062320311, 0.000388250453398, 0.000292380253086, 0.000420181633672, 0.000229525379837, 0.000290947180474, 0.000182281524758, 0.0002160371223, 0.000116040035209, 6.84450860717e-05, 7.38351300242e-05, 4.77324902022e-05, 2.08524488698e-05, 1.56568985403e-05, 3.52020515493e-06, 6.3739463485e-08],
        "min": [8.26159826542e-24, 2.19322043432e-23, 5.4885415577e-24, 2.14272181902e-23, 5.04735547701e-23, 6.27378301132e-23, 4.34962757009e-23, 1.27501750065e-23, 1.36950708633e-22, 3.81648286928e-23, 2.60474771156e-23, 9.60306065237e-23, 1.05859996418e-22, 9.92650372093e-23, 1.161652209e-22, 9.73745667598e-23, 1.36806908756e-22, 1.52137265557e-22, 2.56249057857e-22, 2.51688078673e-22, 5.22281606525e-22, 4.81256699512e-22, 6.96078341967e-22, 7.91465484116e-22, 1.29589172261e-21, 1.81348221946e-21, 2.35325917052e-21],
        "var": [4.44386978415e-06, 0.00021807331359, 6.03748085268e-05, 7.90033209341e-06, 1.80611150427e-05, 6.06362937106e-06, 4.0411046939e-05, 1.03858956209e-05, 7.05355205355e-06, 1.08214680949e-05, 5.23500966665e-06, 2.07051971302e-06, 3.12070096697e-06, 6.31571128906e-06, 2.90085836241e-06, 6.14736734406e-07, 4.67720781216e-07, 8.37183549152e-08, 9.33002439751e-08, 8.15493308437e-08, 1.32907246098e-07, 1.35256811973e-07, 1.04389137334e-07, 1.61130785159e-07, 1.96210095282e-07, 1.2056965204e-07, 6.48690934302e-10]
    },
    "erbbands": {
        "dmean": [0.35481312871, 1.4858597517, 4.28675079346, 4.73375654221, 7.63603258133, 7.46494054794, 9.21336174011, 8.48159408569, 20.9300479889, 43.7677497864, 18.1509189606, 19.8673191071, 35.3514518738, 24.9260578156, 25.3818473816, 22.7617263794, 27.0726528168, 35.1385993958, 30.3646965027, 22.1429023743, 15.7732362747, 12.9834747314, 8.49349689484, 5.62602186203, 8.19455242157, 6.41726875305, 5.82529592514, 4.919277668, 4.42488384247, 3.61887717247, 2.83547115326, 2.26455450058, 1.37285661697, 1.0919444561, 0.680725693703, 0.34533983469, 0.134187400341, 0.0265721864998, 0.000665710598696, 2.95961417578e-05],
        "dmean2": [0.582877933979, 2.49004340172, 7.51191711426, 8.39999198914, 12.6460075378, 12.4341049194, 15.7241611481, 14.5451440811, 33.6380348206, 69.7655181885, 29.6597957611, 32.7229385376, 53.1496696472, 40.2363052368, 41.2825164795, 37.355091095, 44.199016571, 55.8621788025, 49.4053649902, 35.9206466675, 25.4926204681, 21.2890644073, 14.0863647461, 9.27549934387, 13.7479372025, 11.027598381, 9.96856117249, 8.74429512024, 7.17652702332, 5.81534433365, 4.48635864258, 3.53812742233, 2.03138160706, 1.66012048721, 1.017354846, 0.506067276001, 0.200869992375, 0.0407962948084, 0.00105501967482, 4.44917932327e-05],
        "dvar": [0.239592686296, 5.40635347366, 89.5762329102, 59.1254348755, 240.923370361, 130.140441895, 508.331848145, 236.940185547, 1707.30053711, 8342.13867188, 1290.57128906, 1920.77075195, 7926.56787109, 7128.70263672, 4583.41259766, 3049.61499023, 4784.6484375, 9898.97558594, 4009.63793945, 3319.49389648, 673.137878418, 588.53338623, 206.553619385, 98.2354507446, 165.722473145, 129.458984375, 178.033325195, 145.87727356, 62.9917449951, 45.9468002319, 35.7344436646, 47.725643158, 17.6985321045, 7.89316701889, 3.75183224678, 0.94183665514, 0.144979849458, 0.00644950475544, 4.86420776724e-06, 2.65338018224e-09],
        "dvar2": [0.647250592709, 13.4817075729, 245.296859741, 175.300064087, 566.575256348, 329.638153076, 1331.20861816, 701.248962402, 4222.96582031, 19401.7539062, 3409.54980469, 5131.10644531, 17271.8574219, 18353.3730469, 12149.5830078, 8585.64550781, 12468.4345703, 26430.4921875, 10254.3955078, 8554.58496094, 1708.65197754, 1587.34069824, 548.848083496, 241.491867065, 460.365234375, 363.62802124, 483.50894165, 415.133758545, 158.612701416, 115.774627686, 87.6242675781, 100.392471313, 31.884262085, 16.9291992188, 7.2883477211, 1.96731412411, 0.309016942978, 0.0147177400067, 1.18652988021e-05, 6.01236704867e-09],
        "max": [5.16651725769, 23.277759552, 79.1812515259, 60.2288169861, 187.253540039, 186.32244873, 483.215026855, 271.034820557, 643.929138184, 1486.13037109, 483.223724365, 698.766235352, 2042.37109375, 1982.43981934, 1142.43237305, 988.932800293, 1230.22717285, 1989.9588623, 926.198913574, 1145.20629883, 538.545593262, 453.01651001, 316.658203125, 208.780029297, 158.08934021, 144.021240234, 169.736846924, 139.325622559, 93.7925033569, 85.0505523682, 88.6672592163, 138.222854614, 89.5282363892, 37.4710655212, 49.901386261, 20.8278770447, 7.30738639832, 1.30053305626, 0.0331944860518, 0.000913182680961],
        "mean": [0.533110320568, 2.291877985, 4.63049411774, 5.69704961777, 9.44750595093, 10.9772281647, 12.9552984238, 12.4144067764, 32.052772522, 65.1398010254, 30.8041534424, 33.281955719, 62.3650474548, 37.4552612305, 43.5846748352, 38.9910736084, 47.1023521423, 57.2268562317, 49.1818504333, 37.2727127075, 31.1914863586, 23.8626918793, 16.7758865356, 12.8422937393, 14.7531700134, 11.3735237122, 8.99421787262, 7.45316410065, 8.83316993713, 6.87230730057, 5.19116544724, 3.60493159294, 2.36286115646, 1.98537492752, 1.20655703545, 0.557716488838, 0.223474875093, 0.0394465066493, 0.000958036864176, 7.61386036174e-05],
        "median": [0.323336005211, 1.22282338142, 1.50129616261, 2.89898681641, 4.47442960739, 6.52648925781, 7.33209562302, 7.06734848022, 15.0906524658, 17.6228904724, 15.6328468323, 18.2026023865, 22.0548362732, 18.1430416107, 18.1559791565, 18.2712955475, 20.784116745, 16.8571987152, 21.9092998505, 14.0691423416, 17.5827770233, 14.3994903564, 12.7352313995, 9.14264583588, 10.0806531906, 6.7521314621, 3.51883125305, 2.48568916321, 2.68792390823, 1.89092588425, 1.24582052231, 0.579301059246, 0.270017296076, 0.211100533605, 0.0839584246278, 0.0193507447839, 0.0059957546182, 0.000809306744486, 5.25660434505e-05, 5.16885847901e-05],
        "min": [4.6062933737e-22, 5.34307501987e-21, 1.00666248805e-20, 3.71336369624e-20, 1.75236597182e-19, 1.26091302524e-19, 2.65920963498e-19, 4.46183031869e-19, 7.041816989e-19, 5.14370683388e-19, 4.56607782334e-19, 3.08171513881e-18, 1.96675322127e-18, 1.3422014599e-18, 1.52245755706e-18, 4.15377471349e-18, 4.97118384147e-18, 5.42668945733e-18, 4.85936515267e-18, 5.53202677244e-18, 5.263532631e-18, 8.00457632966e-18, 9.45590028315e-18, 1.26966681917e-17, 1.07797664576e-17, 1.13109702664e-17, 2.00208909491e-17, 1.94681374309e-17, 1.71986615412e-17, 2.26005198637e-17, 1.61546156788e-17, 1.2089366248e-17, 1.66956116517e-17, 1.34691233621e-17, 9.56734384554e-18, 5.77432120874e-18, 3.57776790753e-18, 1.54932841586e-18, 2.64729978513e-19, 4.08773627107e-20],
        "var": [0.377349555492, 8.80436038971, 80.7974700928, 55.0567321777, 295.365386963, 189.843505859, 499.798034668, 265.262023926, 2948.73828125, 19249.8613281, 2044.86242676, 2532.13476562, 19034.0644531, 7225.88574219, 8807.2265625, 4454.20703125, 7814.62841797, 17489.8144531, 6881.85888672, 5798.40234375, 1776.54663086, 996.516723633, 297.35369873, 187.991043091, 266.533447266, 205.369445801, 229.281036377, 169.247558594, 180.754760742, 122.365646362, 82.2535095215, 77.1194839478, 38.2637138367, 22.0460929871, 11.4690284729, 2.61959218979, 0.422354489565, 0.012470850721, 7.42183192415e-06, 6.99602331622e-09]
    },
    "gfcc": {
        "mean": [24.4971618652, 104.186325073, -120.317527771, 31.7873954773, -52.2629203796, 16.9306468964, -31.083360672, 9.68011379242, -16.7847423553, 6.1261677742, -12.4632520676, 1.74004280567, -9.81568908691],
        "cov": [[4774.01074219, -1651.82543945, 273.675598145, -149.586746216, -392.416534424, 437.333251953, -300.690002441, 269.832641602, -156.670837402, 164.084075928, -377.04397583, 75.7743606567, -260.712768555], [-1651.82543945, 1562.13269043, -343.918426514, 254.563064575, 239.118713379, -260.569641113, 240.698165894, -201.115447998, 170.609481812, -143.157058716, 283.608184814, -90.2790222168, 209.654006958], [273.675598145, -343.918426514, 592.644958496, 90.9649047852, 67.1122055054, 106.772529602, -28.8831062317, 97.0658035278, -43.065196991, 70.1734695435, -38.3803825378, 61.19008255, -61.5649375916], [-149.586746216, 254.563064575, 90.9649047852, 475.951202393, 124.031410217, -13.8296442032, 83.1941757202, -26.2786579132, 89.0361328125, -22.679101944, 81.530632019, -20.1882476807, 90.5815429688], [-392.416534424, 239.118713379, 67.1122055054, 124.031410217, 350.923370361, -16.5928211212, 114.099716187, 35.5268554688, 24.550151825, 26.5691585541, 34.4998245239, 10.7380743027, 43.7195587158], [437.333251953, -260.569641113, 106.772529602, -13.8296442032, -16.5928211212, 225.194549561, 8.30032157898, 49.4096565247, 1.87786793709, 30.9282665253, -14.9575414658, 24.2567977905, -22.6112594604], [-300.690002441, 240.698165894, -28.8831062317, 83.1941757202, 114.099716187, 8.30032157898, 207.114379883, 12.2768955231, 35.1933746338, -4.50920295715, 64.408454895, 12.855178833, 33.2933959961], [269.832641602, -201.115447998, 97.0658035278, -26.2786579132, 35.5268554688, 49.4096565247, 12.2768955231, 141.965103149, 18.7028007507, 41.1186447144, -33.5773773193, 16.7253875732, -31.1541652679], [-156.670837402, 170.609481812, -43.065196991, 89.0361328125, 24.550151825, 1.87786793709, 35.1933746338, 18.7028007507, 152.106567383, 17.8224468231, 60.0507698059, -14.261762619, 45.3990364075], [164.084075928, -143.157058716, 70.1734695435, -22.679101944, 26.5691585541, 30.9282665253, -4.50920295715, 41.1186447144, 17.8224468231, 92.4441680908, -3.20814919472, 23.0793170929, -14.151055336], [-377.04397583, 283.608184814, -38.3803825378, 81.530632019, 34.4998245239, -14.9575414658, 64.408454895, -33.5773773193, 60.0507698059, -3.20814919472, 138.788009644, 10.7337350845, 57.4167137146], [75.7743606567, -90.2790222168, 61.19008255, -20.1882476807, 10.7380743027, 24.2567977905, 12.855178833, 16.7253875732, -14.261762619, 23.0793170929, 10.7337350845, 69.3369979858, 3.28478431702], [-260.712768555, 209.654006958, -61.5649375916, 90.5815429688, 43.7195587158, -22.6112594604, 33.2933959961, -31.1541652679, 45.3990364075, -14.151055336, 57.4167137146, 3.28478431702, 113.063102722]],
        "icov": [[0.000462977099232, -6.48412387818e-05, 0.00030014954973, -0.000497007626109, 0.000481721712276, -0.000725203193724, 0.000392807531171, -0.000637207587715, 0.000375636620447, -0.000689366192091, 0.000915599579457, -0.000595957739279, 0.000442113843746], [-6.48412387818e-05, 0.00325179798529, -0.000201123009901, 0.00088766933186, -0.00174066040199, 0.00223791738972, -0.00185713381507, 0.00253207236528, -0.00201268610545, 0.00329492473975, -0.00391777651384, 0.00312851625495, -0.00151559675578], [0.00030014954973, -0.000201123009901, 0.0030843031127, -0.0016728079645, -4.24841455242e-05, -0.00132966169622, 0.00132446584757, -0.00177637534216, 0.00146505236626, -0.00162988016382, 0.000608461850788, -0.00248577049933, 0.00192668498494], [-0.000497007626109, 0.00088766933186, -0.0016728079645, 0.00426794681698, -0.0015447223559, 0.0014025864657, -0.00159063003957, 0.00220834650099, -0.00245697237551, 0.0027084518224, -0.00228840229101, 0.00300705712289, -0.00276722502895], [0.000481721712276, -0.00174066040199, -4.24841455242e-05, -0.0015447223559, 0.00553213478997, -0.00109380681533, -0.000783338968176, -0.00286369607784, 0.00211693299934, -0.00381955388002, 0.00316347763874, -0.00161423278041, -0.000251073710388], [-0.000725203193724, 0.00223791738972, -0.00132966169622, 0.0014025864657, -0.00109380681533, 0.00787257775664, -0.00256371754222, 0.0016204896383, -0.00221399799921, 0.00247852993198, -0.00354860024527, 0.0021293729078, -0.00153149769176], [0.000392807531171, -0.00185713381507, 0.00132446584757, -0.00159063003957, -0.000783338968176, -0.00256371754222, 0.00872751884162, -0.00323843513615, 0.00148501701187, -0.00105904100928, 2.60218657786e-05, -0.0037407099735, 0.00203952635638], [-0.000637207587715, 0.00253207236528, -0.00177637534216, 0.00220834650099, -0.00286369607784, 0.0016204896383, -0.00323843513615, 0.0138184800744, -0.00554229132831, 0.00151165772695, -0.00066443689866, 0.00180769769941, -8.88409340405e-06], [0.000375636620447, -0.00201268610545, 0.00146505236626, -0.00245697237551, 0.00211693299934, -0.00221399799921, 0.00148501701187, -0.00554229132831, 0.0126411570236, -0.00578279141337, -0.00102294783574, 0.00120796798728, -0.00117658847012], [-0.000689366192091, 0.00329492473975, -0.00162988016382, 0.0027084518224, -0.00381955388002, 0.00247852993198, -0.00105904100928, 0.00151165772695, -0.00578279141337, 0.0194222982973, -0.0053912573494, 3.36944613082e-05, -0.000566035800148], [0.000915599579457, -0.00391777651384, 0.000608461850788, -0.00228840229101, 0.00316347763874, -0.00354860024527, 2.60218657786e-05, -0.00066443689866, -0.00102294783574, -0.0053912573494, 0.0188697054982, -0.00772527558729, -0.000205100688618], [-0.000595957739279, 0.00312851625495, -0.00248577049933, 0.00300705712289, -0.00161423278041, 0.0021293729078, -0.0037407099735, 0.00180769769941, 0.00120796798728, 3.36944613082e-05, -0.00772527558729, 0.0236741360277, -0.00553397694603], [0.000442113843746, -0.00151559675578, 0.00192668498494, -0.00276722502895, -0.000251073710388, -0.00153149769176, 0.00203952635638, -8.88409340405e-06, -0.00117658847012, -0.000566035800148, -0.000205100688618, -0.00553397694603, 0.0157948937267]]
    },
    "melbands": {
        "dmean": [0.00254226033576, 0.00200714636594, 0.000893983291462, 0.000534424267244, 0.000321154249832, 0.000189654529095, 0.000356152537279, 0.000445039506303, 0.000135208276333, 0.000135205962579, 0.000175598645001, 0.000102106459963, 8.8950364443e-05, 5.42223751836e-05, 6.87502615619e-05, 5.72090029891e-05, 6.8961569923e-05, 5.03877163283e-05, 3.64073894161e-05, 2.43212343776e-05, 2.00259328267e-05, 1.57426547958e-05, 1.26776185425e-05, 6.61733292873e-06, 4.86376666231e-06, 6.94811342328e-06, 4.24086647399e-06, 4.59642342321e-06, 3.59377577297e-06, 3.8996654439e-06, 2.72116039923e-06, 2.67184555014e-06, 2.51065580414e-06, 2.05856781577e-06, 1.77584104222e-06, 1.62346509569e-06, 1.40527606618e-06, 1.02773026356e-06, 1.02828971649e-06, 9.48447279825e-07],
        "dmean2": [0.00415453501046, 0.00342819746584, 0.00154269870836, 0.000879790983163, 0.000544283248018, 0.000324572989484, 0.000569584604818, 0.0007156781503, 0.00022075085144, 0.000222099784878, 0.000263816968072, 0.000164808385307, 0.000144882142195, 8.7982371042e-05, 0.000114885049697, 9.37788136071e-05, 0.00010965061665, 8.15416642581e-05, 5.83246983297e-05, 3.98542906623e-05, 3.25489381794e-05, 2.61659079115e-05, 2.12657978409e-05, 1.12834031825e-05, 8.11204972706e-06, 1.18304524221e-05, 7.10751282895e-06, 7.96879703557e-06, 6.09840299148e-06, 6.93050105838e-06, 4.77362527818e-06, 4.36966047346e-06, 4.09946005675e-06, 3.3475193959e-06, 2.89864215119e-06, 2.56430507761e-06, 2.20972333409e-06, 1.55496059051e-06, 1.51392589487e-06, 1.4963383137e-06],
        "dvar": [1.21777557069e-05, 1.5586232621e-05, 1.97262147594e-06, 7.58724866046e-07, 4.32119094285e-07, 1.36876778356e-07, 5.13988027251e-07, 8.14812096905e-07, 8.09239253385e-08, 8.9858289698e-08, 1.92122172393e-07, 1.19756265349e-07, 5.46588552197e-08, 1.23244303651e-08, 2.50942537861e-08, 1.94800602316e-08, 3.68750967539e-08, 1.34027375864e-08, 7.25250481892e-09, 3.04896063952e-09, 1.14733655909e-09, 1.13536213764e-09, 4.14590028974e-10, 1.47593659516e-10, 7.15003889429e-11, 1.11623259247e-10, 6.66747837497e-11, 6.91980292511e-11, 5.72855374248e-11, 1.05244334081e-10, 4.05324732111e-11, 2.40769765236e-11, 2.32442676218e-11, 1.69622614565e-11, 1.51868188164e-11, 1.53029689615e-11, 2.38168842287e-11, 1.07798709195e-11, 8.21627575004e-12, 6.18613667236e-12],
        "dvar2": [3.1833864341e-05, 4.12081899412e-05, 5.42343013876e-06, 1.86753163689e-06, 1.10469215997e-06, 4.01229755198e-07, 1.28205999772e-06, 1.95243364942e-06, 2.19084796527e-07, 2.32080935803e-07, 4.18750857989e-07, 3.06969553776e-07, 1.41739633364e-07, 3.2653076687e-08, 7.2296415965e-08, 5.1370793841e-08, 9.58907264703e-08, 3.4153270434e-08, 1.7244852657e-08, 8.00309596372e-09, 2.93458368716e-09, 3.07281622369e-09, 1.09554776362e-09, 4.01139815809e-10, 1.7703401245e-10, 3.12816855752e-10, 1.8361798193e-10, 1.96276356279e-10, 1.50703838298e-10, 2.99221869504e-10, 1.16146765816e-10, 6.15242301549e-11, 6.10579919957e-11, 4.23287654927e-11, 3.94124767544e-11, 3.44918087147e-11, 5.27022765706e-11, 2.04377122864e-11, 1.63036754236e-11, 1.43347295839e-11],
        "max": [0.0371869429946, 0.0366792753339, 0.0125842634588, 0.00900310557336, 0.0129971187562, 0.0072088171728, 0.0102955661714, 0.0140592250973, 0.00438602082431, 0.00438233837485, 0.0101276673377, 0.00783875398338, 0.00344659760594, 0.00192594563123, 0.00274652498774, 0.00196324312128, 0.0040179588832, 0.00212926254608, 0.00137530930806, 0.0010022923816, 0.000736755726393, 0.000669671746437, 0.000271975935902, 0.000251617020695, 0.000169088234543, 0.000144340359839, 0.000101944133348, 0.000106070714537, 8.77577185747e-05, 0.000151138738147, 7.53835120122e-05, 6.15608587395e-05, 5.20977155247e-05, 5.2257317293e-05, 6.28878333373e-05, 6.37266857666e-05, 0.000115861745144, 7.14827183401e-05, 5.40065666428e-05, 3.63483995898e-05],
        "mean": [0.00408428907394, 0.00262102507986, 0.0011259795865, 0.000747111334931, 0.000472050654935, 0.000273740151897, 0.000544251233805, 0.000664484978188, 0.000225401920034, 0.000216255139094, 0.000305139750708, 0.000142753866385, 0.000140486445162, 9.35339994612e-05, 0.000112229812657, 9.38341472647e-05, 0.000105728518975, 7.5522759289e-05, 5.78925137233e-05, 4.1293027607e-05, 3.66414387827e-05, 2.57163774222e-05, 2.09574045584e-05, 1.20396871353e-05, 9.61956993706e-06, 1.20990562209e-05, 7.46579280531e-06, 7.57106909077e-06, 5.48790694666e-06, 4.98047893416e-06, 4.12331201005e-06, 5.06693277202e-06, 4.60621868115e-06, 3.56913392352e-06, 3.07963750856e-06, 2.53984558185e-06, 2.08675783142e-06, 1.60409308592e-06, 1.69978955e-06, 1.66425843418e-06],
        "median": [0.00280754873529, 0.0011075376533, 0.000594736891799, 0.000414310808992, 0.000279401312582, 0.000155729008839, 0.000237211104832, 0.00018682910013, 0.00011490797624, 0.00011018825171, 0.000103397709609, 6.47576380288e-05, 4.88750156364e-05, 4.6107244998e-05, 5.18744054716e-05, 3.40916230925e-05, 2.9189439374e-05, 3.08163726004e-05, 2.33615428442e-05, 1.51415706569e-05, 2.06583426916e-05, 1.25904316519e-05, 1.32249997478e-05, 7.09029200152e-06, 6.04792785452e-06, 8.38052801555e-06, 4.46719695901e-06, 4.2018041313e-06, 2.21139816858e-06, 1.37385745802e-06, 1.3864516859e-06, 1.55455256845e-06, 1.2039295143e-06, 8.94488209724e-07, 7.04262220097e-07, 5.22362256561e-07, 2.78805259768e-07, 1.69554041918e-07, 1.71631285184e-07, 1.70740804606e-07],
        "min": [5.43273911499e-24, 6.07375092049e-24, 1.04156342431e-23, 1.25147726015e-23, 7.26790015982e-24, 1.08591499878e-23, 1.14238868324e-23, 5.32057847705e-24, 4.61808719133e-24, 2.13325406821e-23, 9.45938415352e-24, 5.30976832164e-24, 4.29037464978e-24, 8.40141123909e-24, 1.50482270087e-23, 9.73565270886e-24, 9.81509257974e-24, 6.49110409329e-24, 1.01731857325e-23, 6.45883337138e-24, 6.17257468153e-24, 7.65064127154e-24, 8.66114605872e-24, 7.62269350739e-24, 1.08109087769e-23, 8.74075080153e-24, 8.75864216686e-24, 6.12744276585e-24, 1.2271489476e-23, 1.21566486832e-23, 1.09670219834e-23, 9.35469363393e-24, 9.48140283911e-24, 1.45689466772e-23, 9.0372978153e-24, 9.02198918057e-24, 6.4481999208e-24, 1.18494962234e-23, 1.14588270596e-23, 1.16051552355e-23],
        "var": [2.07726352528e-05, 1.76537596417e-05, 2.1317541723e-06, 1.04134426238e-06, 4.78116930935e-07, 1.45225058645e-07, 8.97704751424e-07, 1.80191580057e-06, 1.15820988356e-07, 1.24967925785e-07, 4.62877437712e-07, 1.22199466546e-07, 9.88576687178e-08, 2.11862385413e-08, 4.08706988253e-08, 3.30418430394e-08, 6.40291020204e-08, 2.02341663424e-08, 1.36568676368e-08, 6.06574657169e-09, 2.69142330644e-09, 1.7348161796e-09, 6.09744754687e-10, 2.04244746116e-10, 1.29635177593e-10, 1.82697648676e-10, 9.53226109157e-11, 1.02938803315e-10, 8.24745272077e-11, 1.02197902918e-10, 4.92247770323e-11, 6.2621539898e-11, 5.61878425731e-11, 3.78517946154e-11, 3.07602068816e-11, 2.64294610502e-11, 3.33926740426e-11, 2.00382002657e-11, 1.90393378147e-11, 1.58776568282e-11]
    },
    "mfcc": {
        "mean": [-617.073852539, 132.365341187, -5.21022129059, 21.7073173523, 3.22366738319, 10.0736179352, -0.754943609238, 5.44444608688, 1.59241044521, 4.91652727127, 3.29110527039, 1.28609573841, 3.65185952187],
        "cov": [[3829.79223633, -1302.00024414, 287.1690979, -507.924926758, -56.8740577698, 8.63984107971, -104.171577454, 30.3788719177, 65.6307449341, 45.8636169434, 96.0901870728, -98.0973129272, -60.6680984497], [-1302.00024414, 1105.72814941, -316.086791992, 255.088363647, -13.993927002, 8.71236228943, 54.6844100952, -0.733032107353, -37.7000236511, -22.3509254456, -39.6983909607, 57.0427246094, 51.3523025513], [287.1690979, -316.086791992, 493.43939209, 0.711013257504, 69.1669006348, 33.2123718262, -2.3447098732, 25.2443637848, -2.51356625557, -9.37277412415, 32.844959259, 27.9528255463, 4.24052190781], [-507.924926758, 255.088363647, 0.711013257504, 507.360107422, 102.800239563, 64.3340148926, 60.9213600159, 18.9431114197, 53.2201385498, 8.06701755524, -42.3523178101, 66.7030639648, 24.2673625946], [-56.8740577698, -13.993927002, 69.1669006348, 102.800239563, 221.303039551, 31.1766433716, 31.826335907, -1.52304446697, 56.5475769043, 25.0553817749, 4.5875825882, 18.6829948425, 6.62875032425], [8.63984107971, 8.71236228943, 33.2123718262, 64.3340148926, 31.1766433716, 150.64692688, 54.4837646484, 30.4664955139, 13.771780014, 2.97680616379, 17.1738681793, 13.2571372986, 3.9547085762], [-104.171577454, 54.6844100952, -2.3447098732, 60.9213600159, 31.826335907, 54.4837646484, 154.781585693, 46.6054763794, 14.7707967758, 7.89080858231, 6.47783088684, 18.671163559, -6.54829359055], [30.3788719177, -0.733032107353, 25.2443637848, 18.9431114197, -1.52304446697, 30.4664955139, 46.6054763794, 107.530006409, 20.0768909454, 23.1066303253, 21.5295181274, 6.61666250229, 10.2668266296], [65.6307449341, -37.7000236511, -2.51356625557, 53.2201385498, 56.5475769043, 13.771780014, 14.7707967758, 20.0768909454, 105.489753723, 41.8721580505, 11.9286975861, 0.991983354092, 7.16935014725], [45.8636169434, -22.3509254456, -9.37277412415, 8.06701755524, 25.0553817749, 2.97680616379, 7.89080858231, 23.1066303253, 41.8721580505, 80.7127532959, 33.6269607544, 2.56472253799, 4.82017755508], [96.0901870728, -39.6983909607, 32.844959259, -42.3523178101, 4.5875825882, 17.1738681793, 6.47783088684, 21.5295181274, 11.9286975861, 33.6269607544, 95.3514633179, 16.2578411102, 5.70672130585], [-98.0973129272, 57.0427246094, 27.9528255463, 66.7030639648, 18.6829948425, 13.2571372986, 18.671163559, 6.61666250229, 0.991983354092, 2.56472253799, 16.2578411102, 78.4851379395, 29.0093460083], [-60.6680984497, 51.3523025513, 4.24052190781, 24.2673625946, 6.62875032425, 3.9547085762, -6.54829359055, 10.2668266296, 7.16935014725, 4.82017755508, 5.70672130585, 29.0093460083, 72.230758667]],
