{
"lowlevel": {
    "average_loudness": 0.301880866289,
    "barkbands_crest": {
        "dmean": 2.45608115196,
        "dmean2": 3.76896238327,
        "dvar": 7.75571537018,
        "dvar2": 21.2602043152,
        "max": 26.0650043488,
        "mean": 14.8697900772,
        "median": 14.4657554626,
        "min": 2.71385622025,
        "var": 23.9045944214
    },
    "barkbands_flatness_db": {
        "dmean": 0.0231870785356,
        "dmean2": 0.0334933809936,
        "dvar": 0.000736997812055,
        "dvar2": 0.00161082355771,
        "max": 0.54866951704,
        "mean": 0.323529750109,
        "median": 0.320540487766,
        "min": 0.0140528250486,
        "var": 0.00517357699573
    },
    "barkbands_kurtosis": {
        "dmean": 7.69909858704,
        "dmean2": 12.0527067184,
        "dvar": 250.516525269,
        "dvar2": 630.493408203,
        "max": 287.070922852,
        "mean": 15.7774934769,
        "median": 7.58931827545,
        "min": -1.97069811821,
        "var": 498.661682129
    },
    "barkbands_skewness": {
        "dmean": 0.712840139866,
        "dmean2": 1.03736793995,
        "dvar": 0.990266680717,
        "dvar2": 2.44889950752,
        "max": 13.6398534775,
        "mean": 2.25730156898,
        "median": 1.84041655064,
        "min": -1.89193022251,
        "var": 3.71625185013
    },
    "barkbands_spread": {
        "dmean": 1.99253284931,
        "dmean2": 2.97331762314,
        "dvar": 30.9422988892,
        "dvar2": 62.4901885986,
        "max": 90.7247772217,
        "mean": 6.16268253326,
        "median": 3.11573004723,
        "min": 0.234572887421,
        "var": 101.512519836
    },
    "dissonance": {
        "dmean": 0.0379030033946,
        "dmean2": 0.0614980906248,
        "dvar": 0.00128657289315,
        "dvar2": 0.00343154883012,
        "max": 0.495591402054,
        "mean": 0.373420804739,
        "median": 0.37809163332,
        "min": 0.13142414391,
        "var": 0.00352487363853
    },
    "dynamic_complexity": 10.0016269684,
    "erbbands_crest": {
        "dmean": 2.4282708168,
        "dmean2": 3.70051145554,
        "dvar": 7.68400096893,
        "dvar2": 20.1153621674,
        "max": 31.7411975861,
        "mean": 13.610669136,
        "median": 12.4955787659,
        "min": 3.6313393116,
        "var": 28.1703510284
    },
    "erbbands_flatness_db": {
        "dmean": 0.018822459504,
        "dmean2": 0.0245906561613,
        "dvar": 0.000460064300569,
        "dvar2": 0.000875999976415,
        "max": 0.523237407207,
        "mean": 0.32312476635,
        "median": 0.324144363403,
        "min": 0.0535893589258,
        "var": 0.00442000525072
    },
    "erbbands_kurtosis": {
        "dmean": 2.82560300827,
        "dmean2": 4.18710231781,
        "dvar": 19.8699817657,
        "dvar2": 48.4559707642,
        "max": 70.5870056152,
        "mean": 5.94300556183,
        "median": 3.84884262085,
        "min": -1.87610208988,
        "var": 53.5699539185
    },
    "erbbands_skewness": {
        "dmean": 0.498461067677,
        "dmean2": 0.717872202396,
        "dvar": 0.354906111956,
        "dvar2": 0.818949580193,
        "max": 6.25286006927,
        "mean": 1.34717702866,
        "median": 1.28949558735,
        "min": -3.350045681,
        "var": 1.6316639185
    },
    "erbbands_spread": {
        "dmean": 4.4466085434,
        "dmean2": 6.38273668289,
        "dvar": 77.1441955566,
        "dvar2": 170.054718018,
        "max": 153.970657349,
        "mean": 15.6580018997,
        "median": 10.304725647,
        "min": 1.20173358917,
        "var": 308.227874756
    },
    "hfc": {
        "dmean": 2.0007019043,
        "dmean2": 2.44322371483,
        "dvar": 20.8449687958,
        "dvar2": 32.4257736206,
        "max": 116.51084137,
        "mean": 7.61547660828,
        "median": 0.868772864342,
        "min": 1.13445518141e-16,
        "var": 267.428161621
    },
    "melbands_crest": {
        "dmean": 2.36407971382,
        "dmean2": 3.68470788002,
        "dvar": 7.23921775818,
        "dvar2": 19.9680938721,
        "max": 31.2290668488,
        "mean": 15.3193473816,
        "median": 14.6662521362,
        "min": 1.61026203632,
        "var": 21.8679008484
    },
    "melbands_flatness_db": {
        "dmean": 0.0254629850388,
        "dmean2": 0.0350858606398,
        "dvar": 0.000955861643888,
        "dvar2": 0.00189681886695,
        "max": 0.665716767311,
        "mean": 0.391788780689,
        "median": 0.386671632528,
        "min": 0.00452703703195,
        "var": 0.00906578451395
    },
    "melbands_kurtosis": {
        "dmean": 8.0252828598,
        "dmean2": 12.3064842224,
        "dvar": 282.307067871,
        "dvar2": 736.289123535,
        "max": 266.534332275,
        "mean": 16.8941783905,
        "median": 8.21188926697,
        "min": -1.67659950256,
        "var": 558.15447998
    },
    "melbands_skewness": {
        "dmean": 0.664744377136,
        "dmean2": 0.95254856348,
        "dvar": 0.828781843185,
        "dvar2": 2.01426410675,
        "max": 11.3464794159,
        "mean": 2.21429157257,
        "median": 1.83543133736,
        "min": -1.68567311764,
        "var": 3.59310603142
    },
    "melbands_spread": {
        "dmean": 2.74680089951,
        "dmean2": 3.92771100998,
        "dvar": 82.0465545654,
        "dvar2": 146.412796021,
        "max": 200.438476562,
        "mean": 8.25706481934,
        "median": 4.22307872772,
        "min": 0.503940522671,
        "var": 229.38911438
    },
    "pitch_salience": {
        "dmean": 0.056014046073,
        "dmean2": 0.0841168090701,
        "dvar": 0.00348857673816,
        "dvar2": 0.00940332282335,
        "max": 0.850594162941,
        "mean": 0.525605201721,
        "median": 0.531232774258,
        "min": 0.179707348347,
        "var": 0.0129442522302
    },
    "silence_rate_20dB": {
        "dmean": 0,
        "dmean2": 0,
        "dvar": 0,
        "dvar2": 0,
        "max": 1,
        "mean": 1,
        "median": 1,
        "min": 1,
        "var": 0
    },
    "silence_rate_30dB": {
        "dmean": 0.00618556700647,
        "dmean2": 0.0123775145039,
        "dvar": 0.00614725705236,
        "dvar2": 0.0132556920871,
        "max": 1,
        "mean": 0.993302404881,
        "median": 1,
        "min": 0,
        "var": 0.00665270537138
    },
    "silence_rate_60dB": {
        "dmean": 0.0587628856301,
        "dmean2": 0.117586381733,
        "dvar": 0.0553106404841,
        "dvar2": 0.107884600759,
        "max": 1,
        "mean": 0.558475017548,
        "median": 1,
        "min": 0,
        "var": 0.246580079198
    },
    "spectral_centroid": {
        "dmean": 96.2428665161,
        "dmean2": 132.720565796,
        "dvar": 80919.03125,
        "dvar2": 109340.765625,
        "max": 10874.5917969,
        "mean": 586.059936523,
        "median": 407.376342773,
        "min": 174.36656189,
        "var": 229860.625
    },
    "spectral_complexity": {
        "dmean": 0.884536087513,
        "dmean2": 1.32181537151,
        "dvar": 1.67945230007,
        "dvar2": 2.88663458824,
        "max": 28,
        "mean": 5.57599163055,
        "median": 5,
        "min": 0,
        "var": 20.735666275
    },
    "spectral_decrease": {
        "dmean": 9.16018982888e-10,
        "dmean2": 1.27204147216e-09,
        "dvar": 4.66068133262e-18,
        "dvar2": 1.04895253243e-17,
        "max": -2.20112848155e-28,
        "mean": -2.83701595549e-09,
        "median": -5.36059807654e-10,
        "min": -4.33656062171e-08,
        "var": 2.72715475715e-17
    },
    "spectral_energy": {
        "dmean": 0.00362913892604,
        "dmean2": 0.00500662624836,
        "dvar": 7.18053197488e-05,
        "dvar2": 0.000159736999194,
        "max": 0.169001549482,
        "mean": 0.0113983042538,
        "median": 0.00210987846367,
        "min": 1.11205951525e-20,
        "var": 0.000443710596301
    },
    "spectral_energyband_high": {
        "dmean": 1.45722142406e-05,
        "dmean2": 1.95218581212e-05,
        "dvar": 5.19234610863e-09,
        "dvar2": 9.80236514181e-09,
        "max": 0.00248771696351,
        "mean": 3.41663544532e-05,
        "median": 3.25759572206e-07,
        "min": 8.45085599302e-21,
        "var": 2.32964314506e-08
    },
    "spectral_energyband_low": {
        "dmean": 0.000253085047007,
        "dmean2": 0.000310039933538,
        "dvar": 9.87148609966e-07,
        "dvar2": 1.64115044754e-06,
        "max": 0.0276741590351,
        "mean": 0.000430823798524,
        "median": 1.97237204702e-05,
        "min": 1.03393695373e-22,
        "var": 2.49784147854e-06
    },
    "spectral_energyband_middle_high": {
        "dmean": 0.00110778131057,
        "dmean2": 0.00129408785142,
        "dvar": 1.30744210765e-05,
        "dvar2": 1.64035809576e-05,
        "max": 0.112636089325,
        "mean": 0.00357520231046,
        "median": 6.7850232881e-05,
        "min": 1.47374585368e-21,
        "var": 0.000118556527013
    },
    "spectral_energyband_middle_low": {
        "dmean": 0.00288335676305,
        "dmean2": 0.00427283439785,
        "dvar": 5.54400394321e-05,
        "dvar2": 0.000135901282192,
        "max": 0.147958800197,
        "mean": 0.0079674385488,
        "median": 0.00174186332151,
        "min": 3.83494947198e-22,
        "var": 0.000228822711506
    },
    "spectral_entropy": {
        "dmean": 0.208266496658,
        "dmean2": 0.285880476236,
        "dvar": 0.0676557347178,
        "dvar2": 0.129607483745,
        "max": 9.81121730804,
        "mean": 5.81290864944,
        "median": 5.77419185638,
        "min": 4.16056632996,
        "var": 0.521691918373
    },
    "spectral_flux": {
        "dmean": 0.0125908758491,
        "dmean2": 0.0199902169406,
        "dvar": 0.00050564459525,
        "dvar2": 0.00113105354831,
        "max": 0.322495728731,
        "mean": 0.0281977653503,
        "median": 0.0141936596483,
        "min": 1.05454235622e-10,
        "var": 0.00127687631175
    },
    "spectral_kurtosis": {
        "dmean": 13.9837379456,
        "dmean2": 21.4722251892,
        "dvar": 310.95715332,
        "dvar2": 708.134887695,
        "max": 308.72668457,
        "mean": 39.2548217773,
        "median": 23.7728118896,
        "min": -1.64827919006,
        "var": 1935.85412598
    },
    "spectral_rms": {
        "dmean": 0.000432189379353,
        "dmean2": 0.000575766316615,
        "dvar": 5.44949671166e-07,
        "dvar2": 1.14133194984e-06,
        "max": 0.0128405438736,
        "mean": 0.0023565525189,
        "median": 0.00143471872434,
        "min": 3.29383677451e-12,
        "var": 5.56694158149e-06
    },
    "spectral_rolloff": {
        "dmean": 165.805343628,
        "dmean2": 273.023986816,
        "dvar": 564694.25,
        "dvar2": 1040119.0625,
        "max": 17420.3613281,
        "mean": 797.727355957,
        "median": 409.130859375,
        "min": 215.33203125,
        "var": 1523365.625
    },
    "spectral_skewness": {
        "dmean": 0.849949777126,
        "dmean2": 1.29806149006,
        "dvar": 0.737786829472,
        "dvar2": 1.57808482647,
        "max": 14.5072631836,
        "mean": 4.25295305252,
        "median": 3.63214421272,
        "min": -0.336000800133,
        "var": 6.18305015564
    },
    "spectral_spread": {
        "dmean": 469451.96875,
        "dmean2": 661272.6875,
        "dvar": 1.05067629773e+12,
        "dvar2": 1.19780907418e+12,
        "max": 41808692,
        "mean": 2435004.5,
        "median": 1878262.625,
        "min": 372810.25,
        "var": 5.12157496115e+12
    },
    "spectral_strongpeak": {
        "dmean": 0.296838879585,
        "dmean2": 0.442096143961,
        "dvar": 0.384879857302,
        "dvar2": 0.732668995857,
        "max": 11.8255996704,
        "mean": 1.01230752468,
        "median": 0.368920624256,
        "min": 0,
        "var": 2.80591440201
    },
    "zerocrossingrate": {
        "dmean": 0.00509675033391,
        "dmean2": 0.00565892551094,
        "dvar": 0.000241781643126,
        "dvar2": 0.000332129216986,
        "max": 0.4912109375,
        "mean": 0.0306399632245,
        "median": 0.02099609375,
        "min": 0.00390625,
        "var": 0.00114594248589
    },
    "barkbands": {
        "dmean": [9.03609986835e-08, 7.2037477139e-07, 0.000161922493135, 0.000122076598927, 0.00199485803023, 0.000211024060263, 0.000206795171835, 0.000435735506471, 0.000357746728696, 0.000812156999018, 0.0002879256499, 0.000237482599914, 0.000188339254237, 6.51480440865e-05, 4.09633466916e-05, 2.1927182388e-05, 2.81252778223e-05, 1.71705250978e-05, 1.6785785192e-05, 1.41836790135e-05, 2.81711299976e-06, 1.16384853754e-06, 1.31971842166e-06, 5.17921762366e-06, 4.65330185762e-06, 1.1891215479e-07, 8.30698732024e-10],
        "dmean2": [1.6225790489e-07, 1.27677685668e-06, 0.000185636032256, 0.00018003693549, 0.00318161561154, 0.000247208256042, 0.000273128738627, 0.000635595759377, 0.000420666823629, 0.000862810760736, 0.000385358493077, 0.000308821327053, 0.000221370792133, 8.44246096676e-05, 5.04623931192e-05, 3.08023372781e-05, 3.47796521964e-05, 2.50747179962e-05, 2.26441115956e-05, 2.17168071686e-05, 4.08884534409e-06, 1.64362324995e-06, 1.77222841558e-06, 7.31945101506e-06, 6.902628229e-06, 1.72567169443e-07, 1.52704127121e-09],
        "dvar": [2.1160902349e-13, 1.18726304829e-11, 3.8934638269e-07, 2.55895656665e-07, 4.17153933086e-05, 2.21542194367e-07, 5.23304038325e-07, 2.09961626751e-06, 1.79120979737e-06, 1.0367680261e-05, 1.6944819663e-06, 1.58559771535e-06, 1.20973356843e-06, 7.63009779803e-08, 1.25892825054e-07, 2.00643590631e-08, 2.03815258004e-08, 4.70799399466e-09, 4.82554929349e-09, 2.80244005779e-09, 2.28925475798e-10, 5.13398594471e-11, 7.42929398556e-11, 8.77818540079e-10, 1.35589384165e-09, 3.81673913395e-13, 3.41235196822e-17],
        "dvar2": [6.21166638091e-13, 3.42859698965e-11, 5.86286432736e-07, 5.4704764807e-07, 0.000107830310299, 3.40060239523e-07, 1.02457192952e-06, 4.71271960123e-06, 2.54503243013e-06, 1.05864419311e-05, 2.90751017928e-06, 2.65589528681e-06, 1.44373245803e-06, 1.19339816251e-07, 1.53398630687e-07, 3.68141996887e-08, 2.45932731957e-08, 8.91308626905e-09, 7.67394681134e-09, 6.3007603579e-09, 4.65141175576e-10, 9.42930108994e-11, 1.331042776e-10, 1.55542489999e-09, 3.54971008143e-09, 7.2950722069e-13, 1.001433951e-16],
        "max": [1.30698672365e-05, 6.82128011249e-05, 0.0182974208146, 0.0114721599966, 0.110187925398, 0.0104458611459, 0.0172291714698, 0.0304643698037, 0.0441114418209, 0.0947652757168, 0.039349000901, 0.0425263307989, 0.0346036404371, 0.00886241998523, 0.016765775159, 0.00453595211729, 0.00768221076578, 0.00201421324164, 0.00231496943161, 0.0013167981524, 0.000400378688937, 0.000222992806812, 0.00039130114601, 0.00129041704349, 0.00112653442193, 1.89200709428e-05, 1.58915639759e-07],
        "mean": [1.25310705812e-07, 7.82362690188e-07, 0.000302383326925, 0.000191969040316, 0.00329045997933, 0.000647829321679, 0.000501972506754, 0.000969588698354, 0.00111590721644, 0.00235699233599, 0.000646742002573, 0.000583942630328, 0.000339251855621, 0.00011628150969, 8.40642751427e-05, 5.87215399719e-05, 6.41310616629e-05, 3.14551180054e-05, 3.92071451643e-05, 2.75065249298e-05, 4.61377203465e-06, 2.3018731099e-06, 2.54263272836e-06, 1.17816871352e-05, 7.57322868594e-06, 1.7680702058e-07, 8.21584411614e-10],
        "median": [8.20204562046e-08, 4.02256254972e-08, 1.37587494464e-05, 1.86815705092e-05, 0.00067756162025, 0.000183888041647, 6.44970932626e-05, 5.8074874687e-05, 6.66992536935e-06, 9.47880289459e-06, 5.41952522326e-06, 1.72506361196e-06, 7.65977517858e-07, 2.73784735327e-06, 5.91079185597e-07, 3.43365172739e-07, 5.90152865243e-07, 5.51514460767e-07, 2.82936213125e-07, 1.13131562784e-07, 5.58975159493e-08, 2.27799805685e-08, 1.7714295808e-08, 1.41239286933e-08, 4.13364054097e-09, 9.29838206432e-10, 2.9362101639e-10],
        "min": [4.83718904791e-23, 1.16909146711e-23, 5.44134227425e-23, 3.41473178747e-23, 5.8278172224e-23, 7.88921489739e-23, 3.69310092162e-23, 5.66332962625e-23, 1.11358003518e-22, 5.70149093031e-23, 1.37692439832e-22, 9.84101644235e-23, 1.39877420456e-22, 1.40793685553e-22, 3.84594429973e-23, 1.15561698132e-22, 1.52232080327e-22, 2.71310772809e-22, 1.28757485675e-22, 3.65521262654e-22, 6.64010502459e-22, 8.08723084906e-22, 6.40528650287e-22, 1.09801309584e-21, 1.47549008194e-21, 1.63554993436e-21, 2.08943823442e-21],
        "var": [1.28570588963e-13, 9.78676428093e-12, 1.16908086056e-06, 4.60930721147e-07, 7.87048920756e-05, 1.34510560201e-06, 1.98224779524e-06, 9.14053453016e-06, 1.65770907188e-05, 7.51264087739e-05, 6.56524889564e-06, 8.09768971521e-06, 4.33438390246e-06, 2.18528725782e-07, 5.64475271858e-07, 1.29645769675e-07, 1.39628255624e-07, 1.29455477449e-08, 2.60398405061e-08, 8.4387918875e-09, 5.65004543152e-10, 1.76731393409e-10, 3.01067698549e-10, 4.3979202502e-09, 2.3064865573e-09, 9.56486626014e-13, 1.97036440231e-17]
    },
    "erbbands": {
        "dmean": [3.72106005671e-05, 0.00187211716548, 0.101745858788, 0.444007247686, 1.59268903732, 9.82853126526, 4.91893053055, 1.75216531754, 2.08649563789, 9.47441577911, 4.97260570526, 4.33761310577, 21.9740200043, 18.3331928253, 10.8494024277, 10.8647079468, 7.57427120209, 4.08327627182, 2.20603370667, 1.09483611584, 1.06161284447, 1.53798258305, 1.01190257072, 0.579522192478, 1.06819295883, 0.597817599773, 0.163098931313, 0.0841166302562, 0.0456854589283, 0.0425912626088, 0.0381863191724, 0.0701319724321, 0.118327222764, 0.0832218006253, 0.0109442863613, 0.00118641264271, 0.000157248126925, 1.09859211079e-05, 2.09333120438e-06, 4.15217482441e-06],
        "dmean2": [4.72904248454e-05, 0.0022290404886, 0.117536962032, 0.587897956371, 2.57125806808, 16.0515213013, 7.15402889252, 2.02066326141, 2.29220223427, 14.5623884201, 6.34631967545, 5.10479927063, 22.642288208, 20.5399017334, 14.2701663971, 13.6640233994, 9.12618923187, 5.42533969879, 2.82794499397, 1.40285813808, 1.31062936783, 1.93463385105, 1.46518301964, 0.737243294716, 1.4801261425, 0.950536668301, 0.223379343748, 0.130512431264, 0.0663277581334, 0.0605096668005, 0.0518399327993, 0.094448775053, 0.176460117102, 0.123376294971, 0.0151482429355, 0.00160163734108, 0.000236596635659, 1.70377479662e-05, 2.82672226604e-06, 5.68307859794e-06],
        "dvar": [1.86493256393e-08, 4.95492095069e-05, 0.15094140172, 3.08006191254, 39.4136199951, 1120.54602051, 167.656906128, 15.3867492676, 37.9372215271, 1231.95214844, 367.667419434, 229.839614868, 6883.07275391, 10283.3808594, 2587.46655273, 2573.74047852, 1813.28527832, 336.400512695, 267.704071045, 50.3325157166, 34.0467300415, 52.6459541321, 13.0957889557, 4.81395721436, 18.1219673157, 4.20226812363, 0.652610421181, 0.289779186249, 0.0870511382818, 0.0964975580573, 0.0526000261307, 0.143140926957, 0.538922727108, 0.475625663996, 0.00454022129998, 3.26433837472e-05, 8.77163870427e-07, 6.60763221916e-09, 2.2541428793e-11, 9.01248520258e-11],
        "dvar2": [2.92174764382e-08, 7.43009295547e-05, 0.225358530879, 5.60475254059, 101.195777893, 2903.97045898, 364.79876709, 24.0112113953, 54.2440223694, 3094.1809082, 447.908996582, 386.776153564, 6533.72412109, 11358.0078125, 5042.70800781, 4514.42822266, 2279.35009766, 566.246337891, 352.620391846, 88.0141448975, 45.0190505981, 74.7226715088, 25.841293335, 7.48050737381, 32.2103805542, 9.44585227966, 1.20882403851, 0.797296822071, 0.182371765375, 0.217349946499, 0.0984380841255, 0.210421830416, 1.14186143875, 1.27749478817, 0.007927804254, 5.57826424483e-05, 1.76234698301e-06, 1.65175908506e-08, 4.94196558676e-11, 1.97933586188e-10],
        "max": [0.003530574264, 0.19109813869, 11.2266178131, 44.986579895, 139.656646729, 631.146179199, 350.651062012, 90.1091003418, 157.250335693, 760.733459473, 839.434448242, 712.989257812, 3037.08447266, 4397.99267578, 1488.23986816, 1712.68359375, 1218.14038086, 588.14630127, 729.124389648, 271.39956665, 272.518951416, 332.149902344, 94.0472564697, 85.0222091675, 136.933853149, 42.1737365723, 26.619468689, 15.8560438156, 8.91336727142, 12.7308177948, 8.2250919342, 16.7630615234, 28.8152503967, 22.1556377411, 2.3559615612, 0.169524610043, 0.0284839048982, 0.00247931294143, 8.25094030006e-05, 0.000188179212273],
        "mean": [7.48976890463e-05, 0.00378607935272, 0.194176778197, 0.742037713528, 2.56965994835, 14.544965744, 10.6320981979, 5.29932880402, 6.16173791885, 19.1342735291, 14.9058656693, 17.1054019928, 77.6068725586, 55.0260772705, 25.3739776611, 29.5722694397, 16.5080165863, 7.90976381302, 4.5425658226, 2.82821321487, 2.91234517097, 3.54875802994, 1.96276247501, 1.33610081673, 2.46684408188, 1.30306553841, 0.288290858269, 0.133641019464, 0.0855854451656, 0.0743114650249, 0.0720414966345, 0.145090281963, 0.249095901847, 0.137051433325, 0.0207683928311, 0.00211210781708, 0.000242854977841, 1.53223518282e-05, 6.6443135438e-06, 1.33094445118e-05],
        "median": [6.32522960586e-06, 0.000201848044526, 0.00931962486356, 0.0558949373662, 0.443644046783, 2.62697148323, 2.53322887421, 1.52079427242, 1.52808094025, 0.929395258427, 1.03643965721, 0.282980173826, 0.261098772287, 0.506349921227, 0.238543197513, 0.0970193073153, 0.0607127770782, 0.162922605872, 0.0686952918768, 0.0308152809739, 0.027870375663, 0.0393089279532, 0.0399720817804, 0.0231447871774, 0.00881846621633, 0.0053983819671, 0.0046807685867, 0.00205925293267, 0.00109172693919, 0.000676970405038, 0.000478326866869, 0.000347050372511, 0.000238735476159, 8.24038070277e-05, 1.87790228665e-05, 7.46155001252e-06, 2.88515502689e-06, 6.98276835465e-07, 1.20671393233e-06, 2.50258563028e-06],
        "min": [5.40893574205e-22, 2.93318830862e-21, 4.10890530929e-20, 1.13301875332e-19, 9.71937155126e-20, 1.82545022237e-19, 4.59178401183e-19, 7.28409146957e-19, 6.72337158172e-19, 6.06918338657e-19, 1.56783503111e-18, 2.43754120575e-18, 1.94849899951e-18, 4.84121060618e-18, 3.91210273059e-18, 4.8168302848e-18, 7.3832412669e-18, 6.1715585679e-18, 4.11469125673e-18, 2.87671620837e-18, 7.41703159492e-18, 1.0043175357e-17, 1.16148656702e-17, 1.10554558296e-17, 9.83798824298e-18, 1.67266789011e-17, 2.42368303535e-17, 2.45111449513e-17, 3.13843871844e-17, 2.29328065876e-17, 1.65202890665e-17, 1.87711236139e-17, 1.96284351074e-17, 1.6083253153e-17, 1.20642034138e-17, 6.38979114737e-18, 3.04338503679e-18, 1.31187846621e-18, 3.16185291354e-19, 2.57556981665e-20],
        "var": [5.93252451608e-08, 0.000165952325915, 0.468818962574, 6.96908950806, 60.3706130981, 1908.21398926, 655.10723877, 87.9629058838, 185.526123047, 3961.36816406, 3872.80126953, 2774.95678711, 71418.9609375, 79250.9921875, 9958.29101562, 17141.296875, 7183.46142578, 1082.59753418, 1128.52770996, 320.797576904, 297.300384521, 307.208526611, 38.2525672913, 22.2444458008, 103.063140869, 16.7976970673, 1.51206707954, 0.528735220432, 0.249030098319, 0.281280070543, 0.213268339634, 0.693964898586, 2.09915328026, 0.748613357544, 0.0165427736938, 0.000121958502859, 2.01795592147e-06, 9.5874810313e-09, 1.4068803067e-10, 5.97350890974e-10]
    },
    "gfcc": {
        "mean": [-258.137756348, 159.088806152, -120.559402466, -15.7444372177, -78.1295623779, -30.6469535828, -53.7510528564, -20.4910964966, -35.7895851135, -26.5296878815, -4.31931591034, -18.4982204437, -1.2937425375],
        "cov": [[17126.1816406, -1280.71228027, -4049.50854492, -439.88671875, -706.867004395, 544.287536621, 247.122970581, 1301.98547363, -597.905090332, -879.364746094, 565.416015625, -1223.89172363, 609.968688965], [-1280.71228027, 2444.79760742, 771.613708496, -153.585739136, 771.065185547, -462.034057617, 320.19619751, -438.742645264, 486.263366699, -108.151657104, 17.7794151306, -23.2921028137, -239.78527832], [-4049.50854492, 771.613708496, 2826.52172852, 551.644775391, 150.428833008, -116.306053162, -287.279418945, -168.503509521, 244.018966675, 316.09979248, -367.859710693, 244.845291138, -218.235855103], [-439.88671875, -153.585739136, 551.644775391, 810.757629395, 30.3841953278, 25.9452857971, -160.666412354, -111.781089783, 70.6473617554, 61.9733963013, -143.666931152, 118.875343323, -73.1919250488], [-706.867004395, 771.065185547, 150.428833008, 30.3841953278, 574.148193359, -123.7134552, 41.516620636, -121.351425171, 171.107925415, -39.6287155151, -20.4606246948, 28.9480609894, -115.587409973], [544.287536621, -462.034057617, -116.306053162, 25.9452857971, -123.7134552, 356.390838623, -25.0452079773, 58.0601196289, -135.668289185, 4.00926065445, -15.1140708923, -39.6764411926, 53.5104904175], [247.122970581, 320.19619751, -287.279418945, -160.666412354, 41.516620636, -25.0452079773, 352.351226807, -92.9269332886, -25.7214126587, -81.5719528198, 74.750617981, -14.3007936478, -14.6217794418], [1301.98547363, -438.742645264, -168.503509521, -111.781089783, -121.351425171, 58.0601196289, -92.9269332886, 482.328674316, -143.874633789, -86.9313201904, -2.69942975044, -145.512359619, 101.782798767], [-597.905090332, 486.263366699, 244.018966675, 70.6473617554, 171.107925415, -135.668289185, -25.7214126587, -143.874633789, 288.732177734, 27.4842910767, -50.3279914856, 34.0233459473, -93.3354492188], [-879.364746094, -108.151657104, 316.09979248, 61.9733963013, -39.6287155151, 4.00926065445, -81.5719528198, -86.9313201904, 27.4842910767, 225.411010742, -47.0249824524, 29.0978221893, -40.5747337341], [565.416015625, 17.7794151306, -367.859710693, -143.666931152, -20.4606246948, -15.1140708923, 74.750617981, -2.69942975044, -50.3279914856, -47.0249824524, 215.115478516, -48.3353271484, -22.5513267517], [-1223.89172363, -23.2921028137, 244.845291138, 118.875343323, 28.9480609894, -39.6764411926, -14.3007936478, -145.512359619, 34.0233459473, 29.0978221893, -48.3353271484, 239.352966309, -64.7989425659], [609.968688965, -239.78527832, -218.235855103, -73.1919250488, -115.587409973, 53.5104904175, -14.6217794418, 101.782798767, -93.3354492188, -40.5747337341, -22.5513267517, -64.7989425659, 171.313919067]],
        "icov": [[0.000198348716367, -0.000209134290344, 0.000273122801445, -0.000258070533164, 0.000312758755172, -0.00022414191335, 0.000100734163425, -0.000355659169145, 4.5962195145e-05, 0.000237498577917, -5.61547130928e-05, 0.000512758968398, 7.51090237827e-06], [-0.000209134290344, 0.00331950886175, -0.00161528377794, 0.00118740624748, -0.00263165659271, 0.00202228897251, -0.00190315803047, 0.00256180181168, -0.00188939808868, 0.00235775858164, -0.000505405303556, 0.0023171172943, 8.76882768353e-05], [0.000273122801445, -0.00161528377794, 0.00158278644085, -0.000883201137185, 0.00140696181916, -0.000917815952562, 0.00107530667447, -0.00151146762073, 0.000839488755446, -0.00129513139836, 0.00103544583544, -0.000693176756613, 0.000656117510516], [-0.000258070533164, 0.00118740624748, -0.000883201137185, 0.00234386557713, -0.000960324483458, 0.000656374671962, 0.000115525457659, 0.00164438597858, -0.000352595583536, 0.00100182858296, 0.000811102974694, 8.08816184872e-05, 0.00081960496027], [0.000312758755172, -0.00263165659271, 0.00140696181916, -0.000960324483458, 0.00467198435217, -0.00130458781496, 0.00151824194472, -0.00175821827725, 0.000789211539086, -0.000560576794669, 0.000987226958387, -0.000836236809846, 0.00142974709161], [-0.00022414191335, 0.00202228897251, -0.000917815952562, 0.000656374671962, -0.00130458781496, 0.00505018187687, -0.000724134093616, 0.00219008373097, 0.000883745960891, 0.0013774225954, 0.000813288905192, 0.00197514193133, 0.000581063563004], [0.000100734163425, -0.00190315803047, 0.00107530667447, 0.000115525457659, 0.00151824194472, -0.000724134093616, 0.00543357850984, 0.000288104027277, 0.00240565044805, 0.00044002715731, 0.000681259727571, -0.000555008999072, 0.00123446353246], [-0.000355659169145, 0.00256180181168, -0.00151146762073, 0.00164438597858, -0.00175821827725, 0.00219008373097, 0.000288104027277, 0.0063112792559, 0.00071980629582, 0.00349487154745, 0.000981156015769, 0.0034467135556, 0.000686412036885], [4.5962195145e-05, -0.00188939808868, 0.000839488755446, -0.000352595583536, 0.000789211539086, 0.000883745960891, 0.00240565044805, 0.00071980629582, 0.00804469641298, -0.000475130451377, 0.0026738718152, 0.000226389878662, 0.00285268411972], [0.000237498577917, 0.00235775858164, -0.00129513139836, 0.00100182858296, -0.000560576794669, 0.0013774225954, 0.00044002715731, 0.00349487154745, -0.000475130451377, 0.00944434013218, 0.000721853110008, 0.0043532657437, 0.00210494059138], [-5.61547130928e-05, -0.000505405303556, 0.00103544583544, 0.000811102974694, 0.000987226958387, 0.000813288905192, 0.000681259727571, 0.000981156015769, 0.0026738718152, 0.000721853110008, 0.0085988715291, 0.00128454237711, 0.00429094349965], [0.000512758968398, 0.0023171172943, -0.000693176756613, 8.08816184872e-05, -0.000836236809846, 0.00197514193133, -0.000555008999072, 0.0034467135556, 0.000226389878662, 0.0043532657437, 0.00128454237711, 0.0105931432918, 0.00262303440832], [7.51090237827e-06, 8.76882768353e-05, 0.000656117510516, 0.00081960496027, 0.00142974709161, 0.000581063563004, 0.00123446353246, 0.000686412036885, 0.00285268411972, 0.00210494059138, 0.00429094349965, 0.00262303440832, 0.0112096844241]]
    },
    "melbands": {
        "dmean": [1.17625972962e-07, 3.94932831114e-05, 7.92447972344e-05, 0.000393493508454, 0.000268642528681, 4.09351450799e-05, 3.24136271956e-05, 0.000107116051367, 3.42051462212e-05, 3.84324957849e-05, 0.000108755863039, 7.52926644054e-05, 3.73068469344e-05, 2.51477504207e-05, 3.28576861648e-05, 1.00058505268e-05, 7.88663237472e-06, 3.12605993713e-06, 2.83004919766e-06, 1.7128215859e-06, 1.2784005321e-06, 1.73748674115e-06, 1.22970868688e-06, 7.99064082457e-07, 4.74596077993e-07, 6.98443102465e-07, 8.79858248481e-07, 3.12176752004e-07, 1.23263916407e-07, 6.26570439977e-08, 4.59011033627e-08, 2.87080119676e-08, 2.31108980842e-08, 2.57673811177e-08, 2.22448015563e-08, 2.70765649901e-08, 5.90047228854e-08, 9.50537852873e-08, 9.50892555807e-08, 6.4645618636e-08],
        "dmean2": [2.04044056318e-07, 4.51918276667e-05, 0.000107264510007, 0.000651954207569, 0.000408750434872, 4.59319089714e-05, 3.6790050217e-05, 0.000164182274602, 4.18112504121e-05, 4.44610341219e-05, 0.000113289708679, 8.4746920038e-05, 4.9981787015e-05, 3.25478940795e-05, 4.01670004067e-05, 1.26361455841e-05, 1.03529810076e-05, 4.12879262512e-06, 3.4020520161e-06, 2.49747472481e-06, 1.58347143042e-06, 2.12757072404e-06, 1.76352818926e-06, 1.19586889014e-06, 6.34087427898e-07, 9.78115735961e-07, 1.33148091663e-06, 4.97156690926e-07, 1.64515881806e-07, 9.89188677636e-08, 7.38505647746e-08, 4.16847605322e-08, 3.14964694326e-08, 3.84557417021e-08, 3.3448959158e-08, 3.99569373144e-08, 7.97068082647e-08, 1.44719891182e-07, 1.42489611221e-07, 9.52473158122e-08],
        "dvar": [3.01687792586e-13, 2.28575167682e-08, 9.80390524319e-08, 2.00535919248e-06, 5.89070339174e-07, 8.87258178039e-09, 9.43824307598e-09, 1.50796225284e-07, 2.1579127818e-08, 1.85603745706e-08, 1.70617099116e-07, 1.82385164749e-07, 2.5279929261e-08, 2.03723313774e-08, 2.71071503022e-08, 2.95384516846e-09, 1.08946218713e-09, 4.47277048732e-10, 6.01619476459e-10, 1.73840844497e-10, 5.132315406e-11, 8.91784840418e-11, 1.99131232337e-11, 1.16912772866e-11, 3.64902682723e-12, 8.47324727743e-12, 1.1951874386e-11, 1.11235532504e-12, 4.53533152873e-13, 1.64137556628e-13, 9.47395102906e-14, 3.55736829425e-14, 1.82382609042e-14, 4.56724976307e-14, 2.12757820395e-14, 2.42756271492e-14, 1.16715976619e-13, 3.86800509157e-13, 3.6184873457e-13, 3.33447950241e-13],
        "dvar2": [8.79047377424e-13, 3.3857435966e-08, 1.88820493463e-07, 5.1646798056e-06, 1.44573277794e-06, 1.25094006265e-08, 1.48447085735e-08, 3.83009023608e-07, 2.35363266654e-08, 2.89978334678e-08, 1.63391376873e-07, 2.03815758937e-07, 5.08276585265e-08, 3.0339776913e-08, 4.49209984765e-08, 3.96335364528e-09, 1.81805637212e-09, 6.27652985141e-10, 7.03248903555e-10, 3.55952683995e-10, 6.55508355929e-11, 1.02547526026e-10, 3.63461344355e-11, 2.43671870875e-11, 6.07473142969e-12, 1.34802195448e-11, 2.86136340316e-11, 2.60614013009e-12, 8.29905317645e-13, 4.28139159325e-13, 2.69646474203e-13, 7.84670044869e-14, 3.06804921908e-14, 1.07561129328e-13, 4.83691252741e-14, 5.20090697939e-14, 1.82930317487e-13, 8.38493933574e-13, 9.97540158115e-13, 8.59974797537e-13],
        "max": [1.05603066913e-05, 0.00441808486357, 0.00715552736074, 0.0258837528527, 0.0185955446213, 0.0023792355787, 0.00229962076992, 0.00855727214366, 0.00648691598326, 0.00534628424793, 0.0150287663564, 0.0183217227459, 0.00420274864882, 0.00456361239776, 0.00513127585873, 0.0014119920088, 0.000987030565739, 0.000894141965546, 0.00120842736214, 0.000485086755361, 0.000351545575541, 0.000510081415996, 0.000103067708551, 0.000101896948763, 6.73501126585e-05, 9.65512808762e-05, 8.22846923256e-05, 1.75138247869e-05, 2.36919895542e-05, 1.14949216368e-05, 8.79728759173e-06, 5.50335835214e-06, 3.99325381295e-06, 9.35251318879e-06, 4.216274192e-06, 5.40010250916e-06, 1.59264000104e-05, 2.34142898989e-05, 1.81351279025e-05, 1.83448228199e-05],
        "mean": [1.3540790178e-07, 7.51452535042e-05, 0.000150999083417, 0.000568332092371, 0.000519720313605, 0.0001251266076, 9.20475649764e-05, 0.000213012244785, 0.000106486899313, 0.000145024067024, 0.00038083360414, 0.000216182452277, 8.4734041593e-05, 6.10461793258e-05, 8.08156401035e-05, 1.78364480234e-05, 1.41846348924e-05, 5.8994983192e-06, 5.99801478529e-06, 4.55121653431e-06, 3.06215360979e-06, 4.05272248827e-06, 2.23904203267e-06, 1.42278258863e-06, 9.6305234365e-07, 1.60832166785e-06, 1.80520066806e-06, 6.12002565958e-07, 1.9350760283e-07, 9.47035161403e-08, 6.53032756759e-08, 4.77865320647e-08, 4.22087822471e-08, 4.24581649838e-08, 3.83238436541e-08, 4.30772182369e-08, 1.16762272739e-07, 1.88325671502e-07, 1.63625330174e-07, 9.80153842534e-08],
        "median": [1.14305871435e-08, 3.42299608747e-06, 1.60423733178e-05, 0.000104480655864, 0.000113937145215, 3.44386789948e-05, 2.09578975046e-05, 9.93321737042e-06, 6.99631345924e-06, 1.00995623598e-06, 1.08121957965e-06, 1.74408683051e-06, 6.62015395392e-07, 2.58157172084e-07, 2.01956524393e-07, 6.39343369357e-08, 3.25554509573e-07, 9.92147661805e-08, 4.63917437799e-08, 2.59491059751e-08, 2.55833363383e-08, 3.23866586882e-08, 4.33134630384e-08, 2.3117085135e-08, 1.46682346269e-08, 4.76565542584e-09, 3.29992611015e-09, 2.9368498744e-09, 2.52196175055e-09, 1.03112884897e-09, 7.33239524653e-10, 4.45424308548e-10, 2.70506839151e-10, 2.56893090134e-10, 2.50620052489e-10, 2.01324235061e-10, 1.56827717479e-10, 1.41943776177e-10, 1.03897369874e-10, 4.39405144215e-11],
        "min": [6.06090589837e-24, 1.63616315066e-23, 1.91462237273e-23, 8.74646688765e-24, 1.4784659114e-23, 1.58573016858e-23, 1.00033211026e-23, 7.24050144286e-24, 1.27520469734e-23, 1.63183041102e-23, 8.94152773482e-24, 1.822010418e-23, 1.50616881312e-23, 1.22149368266e-23, 1.35018150876e-23, 1.32815840556e-23, 1.18806822616e-23, 7.90755039141e-24, 3.2266294429e-24, 5.91414384898e-24, 8.59741793049e-24, 9.01485630026e-24, 1.36980174165e-23, 9.89827480675e-24, 9.06149612356e-24, 4.68164413675e-24, 1.17282774901e-23, 1.0442778158e-23, 1.37817897115e-23, 1.5905898673e-23, 1.3901198009e-23, 1.74704607058e-23, 1.57296213928e-23, 1.20408107701e-23, 7.96451403737e-24, 1.29281144166e-23, 1.06091852105e-23, 1.2710591544e-23, 1.58514057394e-23, 1.21668312997e-23],
        "var": [2.64201936153e-13, 7.10486318667e-08, 2.45203665372e-07, 3.03399087898e-06, 1.72945692611e-06, 5.08977322511e-08, 4.21764774217e-08, 4.69560006877e-07, 2.45922990416e-07, 2.38238143879e-07, 1.74247986706e-06, 1.40529698456e-06, 9.88870496599e-08, 9.39904438724e-08, 1.28772597918e-07, 9.46007627789e-09, 3.3868721161e-09, 1.73265979342e-09, 2.87101387109e-09, 1.0120800864e-09, 3.73371195073e-10, 5.99421901004e-10, 5.7201184761e-11, 2.77870695203e-11, 1.4050005083e-11, 4.34892920287e-11, 4.81263223717e-11, 3.43857364457e-12, 9.86005873303e-13, 2.54020952493e-13, 1.49455927777e-13, 8.24241187997e-14, 6.83905582448e-14, 1.13057885265e-13, 6.48351882707e-14, 7.22773620468e-14, 4.89439868842e-13, 1.35316107278e-12, 8.01223670743e-13, 4.77262110041e-13]
    },
    "mfcc": {
        "mean": [-881.779724121, 164.090042114, 15.2444391251, -5.94248247147, -11.5444049835, -32.4068489075, -15.3119049072, -21.534040451, -26.9771595001, -21.498506546, -21.6247901917, -15.533577919, -16.8465023041],
        "cov": [[12522.8408203, 1296.61779785, -3988.02246094, -1248.21557617, -456.253479004, -1557.6439209, 1126.46838379, 356.290710449, -111.185752869, 560.112243652, -450.013000488, -68.3745422363, -215.973617554], [1296.61779785, 2071.76025391, -401.596099854, -140.831390381, 45.1766967773, -125.256721497, 30.3631801605, 101.63860321, -53.1862564087, 72.9208221436, 77.8163986206, -44.6973381042, -13.6375865936], [-3988.02246094, -401.596099854, 2688.77099609, 824.13659668, 288.15246582, 546.503967285, -511.480682373, -245.110229492, 189.306503296, -175.799499512, 164.797210693, 79.6669616699, 6.21528768539], [-1248.21557617, -140.831390381, 824.13659668, 688.494018555, 238.561279297, 238.013687134, -247.063095093, -53.8264884949, 61.1284751892, -120.856170654, 100.757469177, 46.5876731873, 0.425578147173], [-456.253479004, 45.1766967773, 288.15246582, 238.561279297, 498.570556641, 71.2434539795, -160.322631836, 1.41876232624, 83.497718811, -12.2759628296, 45.9464569092, 35.6827430725, -26.2243709564], [-1557.6439209, -125.256721497, 546.503967285, 238.013687134, 71.2434539795, 658.234680176, -188.339141846, -62.6708869934, 2.52273082733, -154.785369873, 121.164588928, -1.52547502518, -13.3903036118], [1126.46838379, 30.3631801605, -511.480682373, -247.063095093, -160.322631836, -188.339141846, 436.113616943, 84.5270843506, -68.4341583252, 84.3323669434, -87.9835205078, -23.5390415192, 7.45136547089], [356.290710449, 101.63860321, -245.110229492, -53.8264884949, 1.41876232624, -62.6708869934, 84.5270843506, 229.621429443, -11.0659236908, -40.409072876, -11.1246566772, -11.962428093, -20.3084564209], [-111.185752869, -53.1862564087, 189.306503296, 61.1284751892, 83.497718811, 2.52273082733, -68.4341583252, -11.0659236908, 226.617416382, 16.4383621216, -46.0235061646, -42.9072303772, -4.66804456711], [560.112243652, 72.9208221436, -175.799499512, -120.856170654, -12.2759628296, -154.785369873, 84.3323669434, -40.409072876, 16.4383621216, 217.235839844, -21.4185771942, -26.7335109711, 16.6338272095], [-450.013000488, 77.8163986206, 164.797210693, 100.757469177, 45.9464569092, 121.164588928, -87.9835205078, -11.1246566772, -46.0235061646, -21.4185771942, 175.620132446, 23.0004901886, -13.7099142075], [-68.3745422363, -44.6973381042, 79.6669616699, 46.5876731873, 35.6827430725, -1.52547502518, -23.5390415192, -11.962428093, -42.9072303772, -26.7335109711, 23.0004901886, 147.40133667, 16.6340618134], [-215.973617554, -13.6375865936, 6.21528768539, 0.425578147173, -26.2243709564, -13.3903036118, 7.45136547089, -20.3084564209, -4.66804456711, 16.6338272095, -13.7099142075, 16.6340618134, 138.221511841]],
