{
"lowlevel": {
    "average_loudness": 0.924324274063,
    "barkbands_crest": {
        "dmean": 2.50473332405,
        "dmean2": 3.91379523277,
        "dvar": 6.99720907211,
        "dvar2": 14.6939754486,
        "max": 23.6604862213,
        "mean": 10.2405653,
        "median": 9.31012248993,
        "min": 2.9300236702,
        "var": 18.1079540253
    },
    "barkbands_flatness_db": {
        "dmean": 0.0227458849549,
        "dmean2": 0.0325116254389,
        "dvar": 0.000589029747061,
        "dvar2": 0.001249464578,
        "max": 0.403338640928,
        "mean": 0.152498155832,
        "median": 0.14770437777,
        "min": 0.0445075072348,
        "var": 0.00261423247866
    },
    "barkbands_kurtosis": {
        "dmean": 3.00556397438,
        "dmean2": 4.38891935349,
        "dvar": 104.738555908,
        "dvar2": 188.292999268,
        "max": 428.78515625,
        "mean": 4.83741664886,
        "median": 1.60587120056,
        "min": -1.88105332851,
        "var": 363.095062256
    },
    "barkbands_skewness": {
        "dmean": 0.511723458767,
        "dmean2": 0.722180187702,
        "dvar": 0.38012829423,
        "dvar2": 0.716077566147,
        "max": 15.6651830673,
        "mean": 1.62174212933,
        "median": 1.48602020741,
        "min": -4.03247261047,
        "var": 2.02722668648
    },
    "barkbands_spread": {
        "dmean": 5.23392057419,
        "dmean2": 7.85901451111,
        "dvar": 36.7874679565,
        "dvar2": 83.3299865723,
        "max": 79.1768264771,
        "mean": 22.3785648346,
        "median": 21.1093120575,
        "min": 0.501860558987,
        "var": 137.757385254
    },
    "dissonance": {
        "dmean": 0.0148517293856,
        "dmean2": 0.0240083970129,
        "dvar": 0.000388899003156,
        "dvar2": 0.000917585974094,
        "max": 0.49943292141,
        "mean": 0.464888334274,
        "median": 0.472120970488,
        "min": 0.0784005448222,
        "var": 0.00075535941869
    },
    "dynamic_complexity": 3.18574500084,
    "erbbands_crest": {
        "dmean": 2.34695529938,
        "dmean2": 3.68973970413,
        "dvar": 4.68236207962,
        "dvar2": 11.3124008179,
        "max": 29.9194412231,
        "mean": 8.7931137085,
        "median": 8.00973796844,
        "min": 2.45773077011,
        "var": 14.9523162842
    },
    "erbbands_flatness_db": {
        "dmean": 0.0199502855539,
        "dmean2": 0.025529012084,
        "dvar": 0.000495077751111,
        "dvar2": 0.000781324226409,
        "max": 0.325349837542,
        "mean": 0.16758351028,
        "median": 0.16586779058,
        "min": 0.0631506666541,
        "var": 0.0026815016754
    },
    "erbbands_kurtosis": {
        "dmean": 0.733017086983,
        "dmean2": 1.13791286945,
        "dvar": 1.32909953594,
        "dvar2": 2.8431019783,
        "max": 20.4454021454,
        "mean": 0.035647906363,
        "median": -0.473136663437,
        "min": -1.71710216999,
        "var": 3.52390289307
    },
    "erbbands_skewness": {
        "dmean": 0.343406498432,
        "dmean2": 0.504220426083,
        "dvar": 0.110701061785,
        "dvar2": 0.222367405891,
        "max": 4.09687376022,
        "mean": -0.178341239691,
        "median": -0.199226498604,
        "min": -3.90391039848,
        "var": 0.700532793999
    },
    "erbbands_spread": {
        "dmean": 7.26533031464,
        "dmean2": 10.5506772995,
        "dvar": 62.7868881226,
        "dvar2": 129.187042236,
        "max": 152.892852783,
        "mean": 39.4009208679,
        "median": 36.5617523193,
        "min": 6.15424203873,
        "var": 305.548248291
    },
    "hfc": {
        "dmean": 6.26716852188,
        "dmean2": 9.19198799133,
        "dvar": 100.881881714,
        "dvar2": 238.805007935,
        "max": 104.452545166,
        "mean": 20.2541828156,
        "median": 14.9516506195,
        "min": 1.15403011282e-16,
        "var": 317.664031982
    },
    "melbands_crest": {
        "dmean": 3.05614495277,
        "dmean2": 4.66187381744,
        "dvar": 9.36357402802,
        "dvar2": 19.7861232758,
        "max": 36.4474067688,
        "mean": 15.0596914291,
        "median": 14.1544237137,
        "min": 1.86073613167,
        "var": 34.9798355103
    },
    "melbands_flatness_db": {
        "dmean": 0.0263929683715,
        "dmean2": 0.0375456362963,
        "dvar": 0.000841209082864,
        "dvar2": 0.00178868602961,
        "max": 0.514650166035,
        "mean": 0.224247798324,
        "median": 0.220042288303,
        "min": 0.00747915217653,
        "var": 0.00454455520958
    },
    "melbands_kurtosis": {
        "dmean": 8.38275814056,
        "dmean2": 12.3586387634,
        "dvar": 946.068725586,
        "dvar2": 1655.01452637,
        "max": 1304.62524414,
        "mean": 17.8261108398,
        "median": 8.40768051147,
        "min": -1.8291208744,
        "var": 3252.70898438
    },
    "melbands_skewness": {
        "dmean": 0.721170246601,
        "dmean2": 1.0267355442,
        "dvar": 0.908194899559,
        "dvar2": 1.63873279095,
        "max": 25.5284252167,
        "mean": 2.98866462708,
        "median": 2.69063043594,
        "min": -1.65678751469,
        "var": 4.4231595993
    },
    "melbands_spread": {
        "dmean": 6.54616308212,
        "dmean2": 9.52600479126,
        "dvar": 81.3265533447,
        "dvar2": 153.667648315,
        "max": 165.74357605,
        "mean": 23.6213359833,
        "median": 18.879945755,
        "min": 0.236764028668,
        "var": 359.658660889
    },
    "pitch_salience": {
        "dmean": 0.0739526674151,
        "dmean2": 0.113049082458,
        "dvar": 0.00469922088087,
        "dvar2": 0.0109889730811,
        "max": 0.97339874506,
        "mean": 0.535790920258,
        "median": 0.532973587513,
        "min": 0.115294642746,
        "var": 0.0150411687791
    },
    "silence_rate_20dB": {
        "dmean": 0,
        "dmean2": 0,
        "dvar": 0,
        "dvar2": 0,
        "max": 1,
        "mean": 1,
        "median": 1,
        "min": 1,
        "var": 0
    },
    "silence_rate_30dB": {
        "dmean": 0.0319587625563,
        "dmean2": 0.0639504864812,
        "dvar": 0.0309371966869,
        "dvar2": 0.0856470987201,
        "max": 1,
        "mean": 0.98093765974,
        "median": 1,
        "min": 0,
        "var": 0.0186990965158
    },
    "silence_rate_60dB": {
        "dmean": 0.0376288667321,
        "dmean2": 0.0752965435386,
        "dvar": 0.0362133644521,
        "dvar2": 0.079943202436,
        "max": 1,
        "mean": 0.0978876873851,
        "median": 0,
        "min": 0,
        "var": 0.08830601722
    },
    "spectral_centroid": {
        "dmean": 256.689971924,
        "dmean2": 371.354156494,
        "dvar": 121933.515625,
        "dvar2": 200733.484375,
        "max": 11272.7050781,
        "mean": 1411.9284668,
        "median": 1332.67419434,
        "min": 285.563812256,
        "var": 477118.59375
    },
    "spectral_complexity": {
        "dmean": 4.53041219711,
        "dmean2": 6.73697805405,
        "dvar": 33.9696807861,
        "dvar2": 71.5783233643,
        "max": 56,
        "mean": 19.6573925018,
        "median": 19,
        "min": 0,
        "var": 108.84046936
    },
    "spectral_decrease": {
        "dmean": 2.94988744542e-09,
        "dmean2": 4.24715596026e-09,
        "dvar": 2.4153483635e-17,
        "dvar2": 5.02527541511e-17,
        "max": -8.86881410667e-29,
        "mean": -8.6447000669e-09,
        "median": -7.69339969509e-09,
        "min": -3.99163226916e-08,
        "var": 5.4584914086e-17
    },
    "spectral_energy": {
        "dmean": 0.0115366932005,
        "dmean2": 0.0166123136878,
        "dvar": 0.000364338426152,
        "dvar2": 0.000758164504077,
        "max": 0.155161365867,
        "mean": 0.0344642624259,
        "median": 0.0304126478732,
        "min": 1.08021168842e-20,
        "var": 0.000839903892484
    },
    "spectral_energyband_high": {
        "dmean": 0.00045610460802,
        "dmean2": 0.00069479981903,
        "dvar": 1.12001339403e-06,
        "dvar2": 2.73778937299e-06,
        "max": 0.015532114543,
        "mean": 0.000754223845433,
        "median": 0.000148156017531,
        "min": 7.93395615968e-21,
        "var": 2.04346906685e-06
    },
    "spectral_energyband_low": {
        "dmean": 0.00843146536499,
        "dmean2": 0.0120445648208,
        "dvar": 0.000261312699877,
        "dvar2": 0.000532721285708,
        "max": 0.136791557074,
        "mean": 0.0179891493171,
        "median": 0.0132712619379,
        "min": 1.95438427557e-23,
        "var": 0.00047677764087
    },
    "spectral_energyband_middle_high": {
        "dmean": 0.00156156450976,
        "dmean2": 0.00231330911629,
        "dvar": 4.79151913169e-06,
        "dvar2": 1.02372787296e-05,
        "max": 0.0308055579662,
        "mean": 0.00509289745241,
        "median": 0.00337994727306,
        "min": 1.7120114325e-21,
        "var": 2.58826476056e-05
    },
    "spectral_energyband_middle_low": {
        "dmean": 0.00428245775402,
        "dmean2": 0.00674158148468,
        "dvar": 4.81466377096e-05,
        "dvar2": 0.000122515280964,
        "max": 0.0820508673787,
        "mean": 0.0118295950815,
        "median": 0.00886954832822,
        "min": 3.18170246539e-22,
        "var": 0.000119967895444
    },
    "spectral_entropy": {
        "dmean": 0.17199921608,
        "dmean2": 0.231346845627,
        "dvar": 0.0408399365842,
        "dvar2": 0.0773893073201,
        "max": 9.79242420197,
        "mean": 7.44352340698,
        "median": 7.43233537674,
        "min": 6.12878322601,
        "var": 0.187108933926
    },
    "spectral_flux": {
        "dmean": 0.0279160309583,
        "dmean2": 0.0427389852703,
        "dvar": 0.00153653114103,
        "dvar2": 0.00308068213053,
        "max": 0.351974785328,
        "mean": 0.0828934386373,
        "median": 0.0692885965109,
        "min": 1.03933230078e-10,
        "var": 0.00323527608998
    },
    "spectral_kurtosis": {
        "dmean": 2.61314296722,
        "dmean2": 4.32876682281,
        "dvar": 10.7596292496,
        "dvar2": 30.1591453552,
        "max": 36.4362220764,
        "mean": 6.60953187943,
        "median": 5.43003845215,
        "min": -1.16662955284,
        "var": 23.7840976715
    },
    "spectral_rms": {
        "dmean": 0.000887789705303,
        "dmean2": 0.0012407960603,
        "dvar": 1.67591463196e-06,
        "dvar2": 3.14694284498e-06,
        "max": 0.0123035339639,
        "mean": 0.00522539950907,
        "median": 0.00544709805399,
        "min": 3.24632877004e-12,
        "var": 6.31885632174e-06
    },
    "spectral_rolloff": {
        "dmean": 397.699615479,
        "dmean2": 637.745361328,
        "dvar": 462475.625,
        "dvar2": 789706.5,
        "max": 18432.421875,
        "mean": 1334.88879395,
        "median": 925.927734375,
        "min": 64.599609375,
        "var": 1396543
    },
    "spectral_skewness": {
        "dmean": 0.302166998386,
        "dmean2": 0.479680746794,
        "dvar": 0.102228522301,
        "dvar2": 0.253635078669,
        "max": 4.33983612061,
        "mean": 1.63973510265,
        "median": 1.63295853138,
        "min": -0.599415123463,
        "var": 0.37431114912
    },
    "spectral_spread": {
        "dmean": 533226.5625,
        "dmean2": 703935.25,
        "dvar": 760235294720,
        "dvar2": 1.22692226253e+12,
        "max": 39272340,
        "mean": 3772429.25,
        "median": 3594355.5,
        "min": 1365090.125,
        "var": 2.99660004557e+12
    },
    "spectral_strongpeak": {
        "dmean": 0.413591980934,
        "dmean2": 0.72069054842,
        "dvar": 0.691740334034,
        "dvar2": 1.83606779575,
        "max": 7.28368425369,
        "mean": 0.703005969524,
        "median": 0.432633578777,
        "min": 0,
        "var": 0.825461924076
    },
    "zerocrossingrate": {
        "dmean": 0.00874803680927,
        "dmean2": 0.00974346511066,
        "dvar": 0.000192511404748,
        "dvar2": 0.000219525609282,
        "max": 0.48974609375,
        "mean": 0.0525082200766,
        "median": 0.04833984375,
        "min": 0.00390625,
        "var": 0.000904279702809
    },
    "barkbands": {
        "dmean": [0.000336856173817, 0.00688540609553, 0.00223486451432, 0.00112894328777, 0.00202528666705, 0.0010596254142, 0.000710614956915, 0.000869970186614, 0.000460146606201, 0.000428326049587, 0.000148618593812, 0.000193383035366, 0.000239760076511, 0.000308582442813, 0.000267774943495, 0.000337594625307, 0.00040496487054, 0.00023458157375, 0.000225478084758, 0.000154974724865, 0.000150977793965, 0.000151146712597, 5.54721082153e-05, 3.40802980645e-05, 2.79663836409e-05, 1.72677227965e-05, 1.90857986127e-06],
        "dmean2": [0.000514955434483, 0.0101295430213, 0.00375799159519, 0.00190093636047, 0.0033283138182, 0.00164945528377, 0.00108394538984, 0.0013193016639, 0.000703124096617, 0.000657240336295, 0.000248438474955, 0.000307495793095, 0.000383947248338, 0.000496303371619, 0.000395532086259, 0.000514846586157, 0.000635931093711, 0.00037042418262, 0.000344620755641, 0.000258330168435, 0.000240001085331, 0.000249120930675, 8.90667361091e-05, 5.22216578247e-05, 3.70187226508e-05, 2.24728119065e-05, 2.99083649224e-06],
        "dvar": [5.40051701137e-07, 0.000216889078729, 1.61333682627e-05, 4.7956700655e-06, 1.88511712622e-05, 2.73051614386e-06, 2.85461737803e-06, 4.90490401717e-06, 1.34273193453e-06, 1.31735623654e-06, 8.21876042778e-08, 1.43968449606e-07, 4.71229981258e-07, 4.46977992397e-07, 3.42907242157e-07, 5.01230658756e-07, 5.31521038738e-07, 1.59028815006e-07, 2.50841850402e-07, 1.49024728557e-07, 1.74004910036e-07, 1.50907524699e-07, 1.44027456628e-08, 4.84833995174e-09, 2.94304025594e-09, 1.41594758141e-09, 2.80863509533e-11],
        "dvar2": [1.28968997615e-06, 0.000443002907559, 4.48913306172e-05, 1.28305891849e-05, 5.18862325407e-05, 6.68457687425e-06, 7.05024922354e-06, 1.07005425889e-05, 3.44004547514e-06, 3.26705981024e-06, 2.16583785573e-07, 3.30054632514e-07, 1.08856147563e-06, 1.13538249025e-06, 6.99214353972e-07, 1.14554518404e-06, 1.22392532376e-06, 3.98742770358e-07, 5.66786411582e-07, 4.03761248435e-07, 4.25108453328e-07, 3.63462731912e-07, 3.77696736109e-08, 1.20625101019e-08, 5.48934275812e-09, 2.44945375094e-09, 6.92570098493e-11],
        "max": [0.0080250389874, 0.125318035483, 0.0404573082924, 0.0246508680284, 0.0572872422636, 0.0335395224392, 0.0341477580369, 0.0414123386145, 0.0288913492113, 0.0249195862561, 0.00429472001269, 0.0075858887285, 0.0141124641523, 0.0122417267412, 0.0126393865794, 0.0121459905058, 0.013554838486, 0.00841304473579, 0.0119302179664, 0.0069827651605, 0.00826821289957, 0.00608727429062, 0.00213137525134, 0.00092845846666, 0.000938323093578, 0.000654664589092, 8.49157731864e-05],
        "mean": [0.000481972063426, 0.0123062841594, 0.00428985664621, 0.00177044200245, 0.00336008938029, 0.00223380420357, 0.00133280525915, 0.00178179156501, 0.0008295046282, 0.000811219390016, 0.000225585958106, 0.000305637455313, 0.000436817703303, 0.000594778975938, 0.000501439673826, 0.000699167954735, 0.000828382850159, 0.000423169636633, 0.000391341804061, 0.000211254868191, 0.000207970457268, 0.000207131874049, 9.22044491745e-05, 6.10051647527e-05, 4.98348999827e-05, 2.86727808998e-05, 2.11552651308e-06],
        "median": [2.76366772596e-05, 0.00704557308927, 0.00204477016814, 0.000544501817785, 0.00201195501722, 0.00147626234684, 0.000521836511325, 0.00039232702693, 0.000323094864143, 0.000231892045122, 6.91835739417e-05, 0.000108170876047, 9.46703876252e-05, 0.000245382107096, 0.000209907535464, 0.000243312562816, 0.000429580948548, 0.000200775699341, 0.000126241066027, 4.57157257188e-05, 3.17279409501e-05, 2.79834021057e-05, 1.40873507917e-05, 1.02727080957e-05, 8.94060212886e-06, 3.75626314053e-06, 1.21765438621e-07],
        "min": [6.34755822981e-24, 8.63096660707e-24, 6.63730368485e-24, 1.3855458276e-23, 5.01369667545e-23, 2.44110892973e-23, 5.23784392861e-23, 4.8523907131e-23, 1.23886364249e-22, 4.16158648057e-23, 1.7073837851e-22, 9.05367835422e-23, 7.28066613808e-23, 4.90781860465e-23, 6.14973999823e-23, 1.76110508653e-22, 2.12024202845e-22, 2.96783356496e-22, 3.62159427777e-22, 4.88032774874e-22, 5.17704092817e-22, 6.26317743909e-22, 5.5832000385e-22, 1.02173143275e-21, 9.76483179022e-22, 1.67048700613e-21, 2.54604576957e-21],
        "var": [7.41079702493e-07, 0.000322772422805, 2.75119455182e-05, 7.58687110647e-06, 2.0531068003e-05, 7.01011867932e-06, 5.78971776122e-06, 1.55498000822e-05, 2.79191408481e-06, 3.30517741531e-06, 1.74103618633e-07, 3.53318569069e-07, 1.58250588811e-06, 1.13636076549e-06, 9.98656446427e-07, 1.684276981e-06, 1.30677744892e-06, 4.48946053666e-07, 6.34035529856e-07, 1.87184056699e-07, 2.90042180495e-07, 2.22742841061e-07, 3.48019142393e-08, 1.18579697173e-08, 8.86298234803e-09, 3.99366317794e-09, 3.59547183693e-11]
    },
    "erbbands": {
        "dmean": [0.231960654259, 1.58934378624, 2.77389097214, 2.90475082397, 7.00643873215, 5.91461372375, 6.41632556915, 9.75161933899, 12.2789449692, 11.7317552567, 18.0880241394, 10.9927396774, 15.7761707306, 6.71572113037, 6.30461883545, 7.55223417282, 10.54500103, 13.4300861359, 12.7086410522, 15.6865272522, 18.154882431, 20.7653923035, 14.2040948868, 9.97317695618, 10.7014970779, 6.96405744553, 6.74030256271, 5.51264476776, 6.54311084747, 2.7643404007, 1.36517238617, 0.862225711346, 0.508683979511, 0.332684993744, 0.19864153862, 0.0897070094943, 0.0290626902133, 0.00627531157807, 0.000186850520549, 1.59165738296e-05],
        "dmean2": [0.330822765827, 2.41153120995, 4.65082788467, 4.81900405884, 11.7029533386, 9.55811500549, 9.99273014069, 15.263127327, 18.3605575562, 18.4114532471, 28.0058803558, 16.6368045807, 24.1576690674, 10.9258289337, 10.4182491302, 12.0808019638, 16.9926280975, 21.5801696777, 19.5364208221, 22.9631557465, 27.7164459229, 31.8737068176, 22.2804489136, 15.5328226089, 16.3905792236, 11.3759803772, 11.0124425888, 8.74649810791, 11.0384054184, 4.32911109924, 2.0923666954, 1.36593782902, 0.739646732807, 0.465579658747, 0.267076194286, 0.126512229443, 0.0384708307683, 0.00864219944924, 0.000278689374682, 2.21540412895e-05],
        "dvar": [0.265215039253, 12.1330156326, 26.2623195648, 25.950799942, 309.65335083, 133.344406128, 109.441841125, 235.989456177, 555.387390137, 982.336975098, 2286.9230957, 785.997436523, 1902.7401123, 187.886077881, 170.498275757, 207.96685791, 975.33581543, 684.320739746, 920.599731445, 830.291992188, 1628.51867676, 1296.95117188, 569.555786133, 433.333984375, 644.194519043, 281.440948486, 298.484222412, 275.922851562, 303.433044434, 37.8172950745, 7.27090883255, 3.55161571503, 0.908435761929, 0.38554084301, 0.166086658835, 0.0368240252137, 0.00423985393718, 0.000217738866922, 2.87715124614e-07, 6.49653997264e-10],
        "dvar2": [0.508561849594, 29.4364738464, 73.3807754517, 68.7726135254, 856.558044434, 357.324523926, 255.153671265, 589.85345459, 1218.4329834, 2286.72094727, 4927.39501953, 1837.3984375, 4646.36816406, 487.52746582, 451.636291504, 470.19619751, 2224.19482422, 1617.74938965, 2179.9543457, 1682.68884277, 3552.20605469, 2950.61108398, 1389.54162598, 990.46862793, 1445.21826172, 754.351867676, 774.303039551, 641.509033203, 748.605163574, 95.9247741699, 17.6519069672, 9.28187942505, 2.09167575836, 0.799042761326, 0.313633590937, 0.0699967816472, 0.00748933199793, 0.000423094723374, 6.9432815053e-07, 1.29066013432e-09],
        "max": [4.24076032639, 29.1730098724, 52.4993476868, 58.7510719299, 217.790802002, 137.921539307, 161.3384552, 301.443634033, 415.467468262, 668.21496582, 909.869750977, 645.75769043, 953.876037598, 250.975097656, 283.783752441, 227.875305176, 749.378479004, 510.917938232, 699.206604004, 802.822937012, 821.020812988, 703.157897949, 533.640014648, 402.730041504, 555.501953125, 300.668060303, 305.036193848, 328.928497314, 269.316009521, 100.13394928, 47.4621887207, 23.995759964, 13.867975235, 10.8569736481, 6.69867372513, 3.1793794632, 1.10875964165, 0.240553319454, 0.00924430880696, 0.00023834714375],
        "mean": [0.363120466471, 2.66915202141, 5.62795209885, 5.28159761429, 9.54380512238, 10.0144710541, 12.976811409, 18.7733058929, 23.8712921143, 22.8528804779, 36.9855308533, 22.5043716431, 29.9620475769, 12.2724199295, 11.3059082031, 12.4488010406, 21.1708698273, 28.1770896912, 26.6984634399, 32.5478935242, 40.7254600525, 44.0568466187, 28.420217514, 18.2689857483, 18.2955226898, 9.83869934082, 8.99813079834, 7.76737928391, 8.33571815491, 4.42055654526, 2.33216071129, 1.44421243668, 0.931615531445, 0.587328016758, 0.332427799702, 0.143072932959, 0.0469835326076, 0.00922242272645, 0.000255791295785, 4.70334089187e-05],
        "median": [0.075616389513, 1.59837245941, 3.08076334, 2.47868800163, 4.66528987885, 4.91141414642, 7.05915689468, 11.0841016769, 10.8423624039, 6.71788883209, 10.6846818924, 9.79866409302, 8.53371334076, 4.52448701859, 3.45165872574, 4.82657289505, 4.77786540985, 11.5678834915, 11.3857278824, 14.9568099976, 17.5103340149, 23.3732471466, 14.8922357559, 7.95471954346, 5.23396921158, 2.35801911354, 1.37299048901, 1.17170035839, 1.08443760872, 0.694549798965, 0.368193477392, 0.225262776017, 0.165994003415, 0.102026127279, 0.0570718534291, 0.0202846769243, 0.00583863537759, 0.000899592065252, 3.85538914998e-05, 3.84617087548e-05],
        "min": [3.1327428546e-22, 1.78093864003e-21, 7.72159288548e-21, 2.07789870137e-20, 1.69908287417e-19, 1.42454990067e-19, 9.62213711649e-20, 2.60767886776e-19, 5.0350571774e-19, 1.11289344902e-18, 1.1019890372e-18, 2.10470275241e-18, 1.99749993823e-18, 4.49834382868e-18, 5.14890731839e-18, 3.8817758078e-18, 3.74681384623e-18, 2.87519254168e-18, 2.34634764514e-18, 3.93895135892e-18, 1.41021208443e-17, 1.17306147076e-17, 1.52973025308e-17, 1.57796662876e-17, 2.05078736824e-17, 2.41827691374e-17, 1.87661969262e-17, 2.19190620053e-17, 1.80030698715e-17, 2.34718338707e-17, 1.70675633403e-17, 2.32092569658e-17, 1.37705181988e-17, 9.41768371167e-18, 8.43911663931e-18, 5.94446812484e-18, 3.25646945092e-18, 1.14724326133e-18, 3.44050524649e-19, 3.92774823149e-20],
        "var": [0.394851237535, 14.8945713043, 44.5650367737, 44.8905181885, 272.869628906, 201.068267822, 302.73727417, 522.012145996, 1509.19665527, 2275.80517578, 6783.60742188, 1895.39733887, 4644.78369141, 466.805297852, 568.329284668, 414.33770752, 3747.7644043, 2009.08068848, 3794.94580078, 2638.26367188, 5432.02978516, 3523.20703125, 1711.1986084, 1029.68518066, 1613.67492676, 363.71661377, 446.486480713, 459.49319458, 405.459289551, 82.4404373169, 19.1073722839, 7.68540620804, 2.5447499752, 1.12855052948, 0.453399002552, 0.0941984802485, 0.011305260472, 0.000493429484777, 4.09815640978e-07, 1.75413272796e-09]
    },
    "gfcc": {
        "mean": [-11.6224327087, 109.394966125, -120.05330658, 38.6706924438, -42.3366165161, 4.02589607239, -43.171710968, 14.2780580521, -12.9236307144, 2.57522296906, -16.6329936981, 0.336344301701, -11.1228647232],
        "cov": [[7095.51708984, -1347.90893555, 722.00201416, 403.380218506, -431.558258057, 477.767944336, 166.212463379, 209.243270874, -248.526321411, 316.689483643, -263.604003906, 283.37411499, -99.1412963867], [-1347.90893555, 1705.96057129, -290.269470215, -314.835723877, 453.78503418, -263.186950684, 76.1828613281, -96.3143539429, 164.756164551, -218.583007812, 182.767227173, -194.015930176, 112.7473526], [722.00201416, -290.269470215, 833.611633301, 156.604782104, 35.0341911316, 235.319976807, 20.1603450775, 90.9279785156, -39.4984855652, 116.218864441, -70.9320144653, 102.921852112, -49.5789871216], [403.380218506, -314.835723877, 156.604782104, 616.51361084, -70.6914672852, 129.649490356, 161.228088379, -42.3650779724, 39.3760795593, 40.8540611267, 0.641794979572, -11.4014472961, 31.7624702454], [-431.558258057, 453.78503418, 35.0341911316, -70.6914672852, 414.725311279, 4.16505050659, 8.79317474365, 55.7813873291, 47.6772956848, -42.1418113708, 23.0294876099, -47.9831771851, 7.97046756744], [477.767944336, -263.186950684, 235.319976807, 129.649490356, 4.16505050659, 314.650665283, 103.352836609, 33.0186195374, -39.2412452698, 60.3975028992, -32.5351638794, 9.76445579529, -31.7752246857], [166.212463379, 76.1828613281, 20.1603450775, 161.228088379, 8.79317474365, 103.352836609, 256.567230225, 14.3527669907, 31.4071846008, 10.7474975586, 34.3324966431, -24.704410553, 15.2484617233], [209.243270874, -96.3143539429, 90.9279785156, -42.3650779724, 55.7813873291, 33.0186195374, 14.3527669907, 157.926193237, 28.7631168365, 26.7573890686, -28.8709163666, 33.4883460999, -14.003493309], [-248.526321411, 164.756164551, -39.4984855652, 39.3760795593, 47.6772956848, -39.2412452698, 31.4071846008, 28.7631168365, 136.298568726, 4.09204149246, 24.6201782227, -30.2554321289, 22.8220272064], [316.689483643, -218.583007812, 116.218864441, 40.8540611267, -42.1418113708, 60.3975028992, 10.7474975586, 26.7573890686, 4.09204149246, 117.683418274, 1.86008286476, 31.7326641083, -31.3527259827], [-263.604003906, 182.767227173, -70.9320144653, 0.641794979572, 23.0294876099, -32.5351638794, 34.3324966431, -28.8709163666, 24.6201782227, 1.86008286476, 119.428451538, -2.37764334679, 14.9373550415], [283.37411499, -194.015930176, 102.921852112, -11.4014472961, -47.9831771851, 9.76445579529, -24.704410553, 33.4883460999, -30.2554321289, 31.7326641083, -2.37764334679, 115.170890808, 6.10552930832], [-99.1412963867, 112.7473526, -49.5789871216, 31.7624702454, 7.97046756744, -31.7752246857, 15.2484617233, -14.003493309, 22.8220272064, -31.3527259827, 14.9373550415, 6.10552930832, 89.0616607666]],
        "icov": [[0.000235753454035, -0.000239207380218, 8.19258202682e-05, -0.000252998899668, 0.000291366013698, -0.000195524669834, -1.49468114614e-05, -0.000386981439078, 0.000514535000548, -0.000632305978797, 0.00061558408197, -0.000518527638633, 0.000124831160065], [-0.000239207380218, 0.00364390178584, -0.0012837392278, 0.00247198599391, -0.00264643668197, 0.001927574398, -0.00204648519866, 0.00280566117726, -0.00278228358366, 0.00394456740469, -0.00370230362751, 0.00382590549998, -0.00229916535318], [8.19258202682e-05, -0.0012837392278, 0.00251273019239, -0.00133449595887, 0.000366996158846, -0.00173020234797, 0.00104553462006, -0.00120743468869, 0.00100130098872, -0.00232771295123, 0.00211224285886, -0.00299020344391, 0.00134677172173], [-0.000252998899668, 0.00247198599391, -0.00133449595887, 0.00414582109079, -0.00144403113518, 0.000872289936524, -0.00257009454072, 0.00319335679524, -0.00298465951346, 0.00239956867881, -0.00218520872295, 0.0028750274796, -0.00247093290091], [0.000291366013698, -0.00264643668197, 0.000366996158846, -0.00144403113518, 0.00521806254983, -0.00174565892667, 0.00167662126478, -0.0036177621223, 0.00160300265998, -0.00156762555707, 0.00159082573373, -0.00109513453208, 0.00129383022431], [-0.000195524669834, 0.001927574398, -0.00173020234797, 0.000872289936524, -0.00174565892667, 0.00666958047077, -0.00314974668436, 0.00106627121568, 0.000581493659411, 0.000477698922623, -0.00107411853969, 0.00311866006814, -0.000703895231709], [-1.49468114614e-05, -0.00204648519866, 0.00104553462006, -0.00257009454072, 0.00167662126478, -0.00314974668436, 0.00735824881122, -0.00295149348676, 0.000837255851366, -0.00140631396789, -0.000501296832226, -0.000626373861451, 0.000492413993925], [-0.000386981439078, 0.00280566117726, -0.00120743468869, 0.00319335679524, -0.0036177621223, 0.00106627121568, -0.00295149348676, 0.0123270722106, -0.00598478550091, 0.00235742586665, 0.000142837991007, -0.000947409425862, -0.000241377099883], [0.000514535000548, -0.00278228358366, 0.00100130098872, -0.00298465951346, 0.00160300265998, 0.000581493659411, 0.000837255851366, -0.00598478550091, 0.0137338759378, -0.00598316639662, 0.00159921741579, 0.000750695588067, -0.00124878517818], [-0.000632305978797, 0.00394456740469, -0.00232771295123, 0.00239956867881, -0.00156762555707, 0.000477698922623, -0.00140631396789, 0.00235742586665, -0.00598316639662, 0.018054543063, -0.00667062029243, 0.00205084355548, 0.00194031908177], [0.00061558408197, -0.00370230362751, 0.00211224285886, -0.00218520872295, 0.00159082573373, -0.00107411853969, -0.000501296832226, 0.000142837991007, 0.00159921741579, -0.00667062029243, 0.0156331546605, -0.00677557662129, 0.00199446640909], [-0.000518527638633, 0.00382590549998, -0.00299020344391, 0.0028750274796, -0.00109513453208, 0.00311866006814, -0.000626373861451, -0.000947409425862, 0.000750695588067, 0.00205084355548, -0.00677557662129, 0.0186205171049, -0.00655209133402], [0.000124831160065, -0.00229916535318, 0.00134677172173, -0.00247093290091, 0.00129383022431, -0.000703895231709, 0.000492413993925, -0.000241377099883, -0.00124878517818, 0.00194031908177, 0.00199446640909, -0.00655209133402, 0.0165372360498]]
    },
    "melbands": {
        "dmean": [0.00194342562463, 0.00161349482369, 0.000601768726483, 0.000478996691527, 0.00022122329392, 0.000222631002543, 0.000174820044776, 0.000141626878758, 0.000137761860969, 6.78641590639e-05, 7.8721655882e-05, 2.77253129752e-05, 2.03006711672e-05, 2.19348512474e-05, 1.92117840925e-05, 2.61709974438e-05, 2.76004011539e-05, 2.34917442867e-05, 1.99153091671e-05, 2.43896938628e-05, 2.31395242736e-05, 2.3919641535e-05, 1.92314037122e-05, 1.02758549474e-05, 8.63863351697e-06, 9.10122798814e-06, 6.394342563e-06, 4.68495682071e-06, 4.25300504503e-06, 4.10334541812e-06, 3.04271111418e-06, 4.40782287114e-06, 2.26806901082e-06, 1.43009401654e-06, 8.71997826835e-07, 6.22773654868e-07, 5.32783531071e-07, 4.16335154796e-07, 2.92997242468e-07, 3.04940101614e-07],
        "dmean2": [0.00281339138746, 0.00263025867753, 0.00100322964136, 0.000789806770626, 0.00034676559153, 0.000346481887391, 0.000264456059085, 0.0002209260565, 0.000216792250285, 0.000103390841105, 0.000121046097775, 4.50234765594e-05, 3.39693542628e-05, 3.48613757524e-05, 3.0225575756e-05, 4.19630887336e-05, 4.44596371381e-05, 3.61682614312e-05, 2.93765406241e-05, 3.76735588361e-05, 3.52704846591e-05, 3.70371344616e-05, 3.0684950616e-05, 1.60432882694e-05, 1.37243550853e-05, 1.39181947816e-05, 1.02453350337e-05, 7.76383512857e-06, 7.07582648829e-06, 6.60217529003e-06, 4.85907457914e-06, 7.52727464715e-06, 3.58456804861e-06, 2.32173874792e-06, 1.34902109039e-06, 1.00775230294e-06, 8.56618612488e-07, 6.29615556136e-07, 4.35170392166e-07, 4.42684125801e-07],
        "dvar": [1.77178826561e-05, 1.00420538729e-05, 1.26878387618e-06, 1.29070338062e-06, 1.1827637536e-07, 1.18001857174e-07, 1.16266463124e-07, 1.32629693894e-07, 1.25788076843e-07, 2.95869178046e-08, 4.79317812108e-08, 3.51923312714e-09, 1.59707158609e-09, 1.9647548033e-09, 2.41215158958e-09, 4.97446173142e-09, 3.14028381077e-09, 3.48899931168e-09, 1.69175706777e-09, 1.88624293962e-09, 2.59736454566e-09, 1.78646253346e-09, 1.41544831411e-09, 2.63647381704e-10, 3.61196905718e-10, 5.21852727697e-10, 2.29535779273e-10, 1.40548420124e-10, 1.34001781893e-10, 1.12782880257e-10, 9.2598338719e-11, 1.48373272002e-10, 2.71405172642e-11, 1.15216577598e-11, 3.00516057351e-12, 1.92808746399e-12, 1.4041690987e-12, 6.51373757449e-13, 2.83778805576e-13, 3.87225814564e-13],
        "dvar2": [3.34655705956e-05, 2.66061997536e-05, 3.42801945408e-06, 3.57791941497e-06, 2.85982281412e-07, 2.90634119438e-07, 2.68187449137e-07, 2.94305550597e-07, 2.6722798907e-07, 7.3367623088e-08, 1.1769510877e-07, 9.16039244458e-09, 4.26995594438e-09, 4.71177497019e-09, 5.16265830086e-09, 1.16472174128e-08, 7.60018448176e-09, 8.60190318974e-09, 3.60834451207e-09, 4.18812629022e-09, 5.63168578438e-09, 4.01782207504e-09, 3.57938589879e-09, 6.28655127954e-10, 8.50614689796e-10, 1.17619736173e-09, 6.0103799715e-10, 3.73871877901e-10, 3.57563784137e-10, 2.7810659331e-10, 2.12923109699e-10, 3.70326852517e-10, 6.61740662267e-11, 3.22681846521e-11, 7.24625220938e-12, 5.0986923017e-12, 3.75608441919e-12, 1.57822767442e-12, 6.49700670867e-13, 8.61538813381e-13],
        "max": [0.0345603749156, 0.0287397913635, 0.0119506362826, 0.0152085032314, 0.00513866590336, 0.00662811193615, 0.00524875381961, 0.00851553957909, 0.00662928074598, 0.00469214143232, 0.00476582115516, 0.00117972434964, 0.000634391850326, 0.00086781947175, 0.00118871498853, 0.00192340440117, 0.00106012332253, 0.00131618778687, 0.00102920050267, 0.000653508177493, 0.00102133140899, 0.000604628527071, 0.000799492874648, 0.000264903879724, 0.00036611314863, 0.00059541472001, 0.000243300470174, 0.000204959185794, 0.000217997367145, 0.000201690170798, 0.000181596289622, 0.000212670274777, 8.48385461723e-05, 5.33465426997e-05, 3.32117342623e-05, 1.54521003424e-05, 1.75324257725e-05, 1.05816779978e-05, 6.10802317169e-06, 1.10198880066e-05],
        "mean": [0.00330576952547, 0.00322596821934, 0.00106142926961, 0.000718122464605, 0.000449309474789, 0.000442443124484, 0.000343481078744, 0.000278906169115, 0.000281334563624, 0.000129871448735, 0.000147053040564, 4.83138283016e-05, 3.32017516484e-05, 3.68132023141e-05, 3.20677318086e-05, 4.89126978209e-05, 5.37778250873e-05, 4.45893638243e-05, 3.72947324649e-05, 4.97427245136e-05, 4.7608747991e-05, 4.76113564218e-05, 3.57267927029e-05, 1.78128157131e-05, 1.41492128023e-05, 1.50826244862e-05, 9.42105998547e-06, 5.91025718677e-06, 5.43576197742e-06, 5.34425589649e-06, 4.17282353737e-06, 5.10199106429e-06, 3.44481145476e-06, 2.12369309338e-06, 1.42914745993e-06, 9.3223195563e-07, 8.70076974024e-07, 7.06029254616e-07, 5.05510342919e-07, 4.92556068821e-07],
        "median": [0.00146501825657, 0.00230230134912, 0.000612011470366, 0.000374345137971, 0.000257193634752, 0.000269089825451, 0.000157437214511, 6.94031987223e-05, 8.69043360581e-05, 5.29151438968e-05, 3.96091345465e-05, 1.66373374668e-05, 1.02984904515e-05, 1.22145129353e-05, 9.98290215648e-06, 1.15518341772e-05, 2.17112028622e-05, 1.61735442816e-05, 1.59348091984e-05, 1.88637714018e-05, 2.00385584321e-05, 2.40645895246e-05, 1.78594309546e-05, 8.43729048938e-06, 5.30131683263e-06, 4.27226677857e-06, 2.20308038479e-06, 1.23420272757e-06, 7.59589227073e-07, 7.8334284126e-07, 5.75050023599e-07, 5.92930689436e-07, 5.30870693183e-07, 3.14271574098e-07, 2.13204884858e-07, 1.39690044421e-07, 1.3023658596e-07, 1.26095827113e-07, 8.92299567568e-08, 8.64472085027e-08],
        "min": [2.88985328397e-24, 3.44171848238e-24, 9.01297250042e-24, 1.14696770525e-23, 4.38766604851e-24, 5.21321371899e-24, 9.26616687428e-24, 1.20392622362e-23, 9.78823107705e-24, 1.5702942117e-23, 9.58544097073e-24, 1.67972799415e-23, 1.9751283197e-23, 8.21844836276e-24, 1.42867474655e-23, 5.46233954274e-24, 5.40204572046e-24, 3.32706228297e-24, 4.55767464549e-24, 6.56637483428e-24, 1.95467568079e-23, 1.33035222773e-23, 1.14021884243e-23, 1.25210369459e-23, 1.27970333443e-23, 1.31368635782e-23, 1.51584450767e-23, 1.70545148609e-23, 1.09319539607e-23, 1.358396864e-23, 1.15157899167e-23, 8.32913580296e-24, 1.4764230772e-23, 1.17116017594e-23, 8.93466937811e-24, 1.14281277486e-23, 1.567266248e-23, 9.16844830737e-24, 8.64057493289e-24, 7.82281331955e-24],
        "var": [2.71781518677e-05, 1.43576162372e-05, 1.70879491179e-06, 1.25248823224e-06, 3.17732826716e-07, 2.81598801166e-07, 2.99096825529e-07, 3.6148765048e-07, 3.74538245751e-07, 7.05308451643e-08, 1.16276652307e-07, 8.5570643904e-09, 4.15822754007e-09, 5.27663335248e-09, 6.40270991781e-09, 1.72863341419e-08, 8.17124146124e-09, 1.27197914424e-08, 4.45279013661e-09, 7.12740577669e-09, 8.11873324125e-09, 4.65598182231e-09, 2.91562507471e-09, 6.44409636763e-10, 7.78714759342e-10, 1.19823451161e-09, 4.13828249446e-10, 1.64815244785e-10, 1.79700976322e-10, 1.73129843795e-10, 1.51315807106e-10, 1.76624284642e-10, 5.0470704005e-11, 2.25515179447e-11, 7.5784161932e-12, 3.22835031277e-12, 2.96262797281e-12, 1.53734967465e-12, 7.53403632883e-13, 9.24748884239e-13]
    },
    "mfcc": {
        "mean": [-653.865112305, 137.674423218, -11.3172340393, 35.271320343, 18.191614151, 0.131797358394, -10.6263065338, 5.47644233704, 3.34730052948, 2.66701197624, 4.87571239471, 1.36343646049, -1.6808308363],
        "cov": [[6089.97851562, -1437.49304199, 716.002258301, 56.379573822, -394.540588379, 270.012023926, 216.012237549, 63.219493866, 156.271942139, 23.3361816406, 2.41982126236, -82.9975814819, 106.754249573], [-1437.49304199, 1902.90893555, -541.015380859, -143.814559937, 289.781433105, -218.182647705, -29.6053276062, 21.7110118866, -59.1806945801, 11.337893486, 20.3232727051, -24.9997386932, -44.6466598511], [716.002258301, -541.015380859, 769.861877441, 76.943901062, -27.1735038757, 192.940093994, 85.9220123291, 27.7826042175, 66.6237106323, -6.15458774567, 18.5902862549, 33.9480056763, 50.0428543091], [56.379573822, -143.814559937, 76.943901062, 394.702209473, -5.94395637512, 93.1240310669, 17.507982254, 25.8327884674, 45.5715370178, 33.9049453735, 1.61013436317, 8.73844337463, 26.3266868591], [-394.540588379, 289.781433105, -27.1735038757, -5.94395637512, 337.01940918, -15.7884340286, 3.02216434479, 20.3819999695, 26.0385398865, 28.2431030273, -1.52119767666, 0.825838088989, -5.26538896561], [270.012023926, -218.182647705, 192.940093994, 93.1240310669, -15.7884340286, 268.945465088, 126.22883606, 25.4670009613, 36.1896934509, 32.646068573, 24.1754436493, 26.3983688354, -7.43127155304], [216.012237549, -29.6053276062, 85.9220123291, 17.507982254, 3.02216434479, 126.22883606, 199.454910278, 64.7994155884, 18.9283466339, 31.2357711792, 33.0532455444, 10.9692640305, -9.47959327698], [63.219493866, 21.7110118866, 27.7826042175, 25.8327884674, 20.3819999695, 25.4670009613, 64.7994155884, 118.21787262, 53.8354949951, 14.3687963486, 18.6667804718, 11.9090385437, -3.50476670265], [156.271942139, -59.1806945801, 66.6237106323, 45.5715370178, 26.0385398865, 36.1896934509, 18.9283466339, 53.8354949951, 135.651870728, 48.9586791992, 1.52762413025, 5.29668617249, 0.781983673573], [23.3361816406, 11.337893486, -6.15458774567, 33.9049453735, 28.2431030273, 32.646068573, 31.2357711792, 14.3687963486, 48.9586791992, 111.00164032, 40.1041946411, -1.57197403908, -10.1570091248], [2.41982126236, 20.3232727051, 18.5902862549, 1.61013436317, -1.52119767666, 24.1754436493, 33.0532455444, 18.6667804718, 1.52762413025, 40.1041946411, 117.759437561, 33.6943626404, -11.0084495544], [-82.9975814819, -24.9997386932, 33.9480056763, 8.73844337463, 0.825838088989, 26.3983688354, 10.9692640305, 11.9090385437, 5.29668617249, -1.57197403908, 33.6943626404, 86.0810470581, 28.1502723694], [106.754249573, -44.6466598511, 50.0428543091, 26.3266868591, -5.26538896561, -7.43127155304, -9.47959327698, -3.50476670265, 0.781983673573, -10.1570091248, -11.0084495544, 28.1502723694, 92.0915679932]],
