{
"lowlevel": {
    "average_loudness": 0.901725530624,
    "barkbands_crest": {
        "dmean": 1.95542037487,
        "dmean2": 3.12103486061,
        "dvar": 3.63616585732,
        "dvar2": 9.02409744263,
        "max": 24.4917850494,
        "mean": 10.3209600449,
        "median": 9.67041873932,
        "min": 3.52616286278,
        "var": 16.0759544373
    },
    "barkbands_flatness_db": {
        "dmean": 0.0189245883375,
        "dmean2": 0.028151601553,
        "dvar": 0.000344017404132,
        "dvar2": 0.000661104975734,
        "max": 0.438269674778,
        "mean": 0.215196669102,
        "median": 0.207070291042,
        "min": 0.0600273013115,
        "var": 0.0046048052609
    },
    "barkbands_kurtosis": {
        "dmean": 2.84355974197,
        "dmean2": 4.48136043549,
        "dvar": 39.7553253174,
        "dvar2": 101.35068512,
        "max": 183.842346191,
        "mean": 6.19756984711,
        "median": 0.616816401482,
        "min": -1.92896604538,
        "var": 164.603866577
    },
    "barkbands_skewness": {
        "dmean": 0.478148788214,
        "dmean2": 0.709414124489,
        "dvar": 0.270280390978,
        "dvar2": 0.56942653656,
        "max": 11.7958955765,
        "mean": 1.41628241539,
        "median": 0.903398513794,
        "min": -2.62591362,
        "var": 2.84353947639
    },
    "barkbands_spread": {
        "dmean": 3.54216003418,
        "dmean2": 5.2274646759,
        "dvar": 35.6638259888,
        "dvar2": 61.7171058655,
        "max": 102.541870117,
        "mean": 16.3245048523,
        "median": 14.1502361298,
        "min": 0.672904729843,
        "var": 170.32182312
    },
    "dissonance": {
        "dmean": 0.0303702410311,
        "dmean2": 0.0508472286165,
        "dvar": 0.000845998467412,
        "dvar2": 0.00226096971892,
        "max": 0.499936968088,
        "mean": 0.428480297327,
        "median": 0.436978697777,
        "min": 0.216265559196,
        "var": 0.00211889320053
    },
    "dynamic_complexity": 3.50606441498,
    "erbbands_crest": {
        "dmean": 2.43821835518,
        "dmean2": 3.8082113266,
        "dvar": 5.24556827545,
        "dvar2": 12.0790815353,
        "max": 28.7881317139,
        "mean": 12.5706253052,
        "median": 11.9661808014,
        "min": 3.04446983337,
        "var": 21.7211589813
    },
    "erbbands_flatness_db": {
        "dmean": 0.0166564676911,
        "dmean2": 0.0238264854997,
        "dvar": 0.000261224980932,
        "dvar2": 0.000490250997245,
        "max": 0.36608722806,
        "mean": 0.225941687822,
        "median": 0.227285817266,
        "min": 0.0588244125247,
        "var": 0.00258366251364
    },
    "erbbands_kurtosis": {
        "dmean": 1.19005823135,
        "dmean2": 1.76487052441,
        "dvar": 2.02603149414,
        "dvar2": 4.60473394394,
        "max": 22.6525650024,
        "mean": 1.67953300476,
        "median": 1.13981509209,
        "min": -1.7132076025,
        "var": 6.95296907425
    },
    "erbbands_skewness": {
        "dmean": 0.35771420598,
        "dmean2": 0.524672448635,
        "dvar": 0.125844597816,
        "dvar2": 0.25493901968,
        "max": 4.43522548676,
        "mean": -0.0112796584144,
        "median": -0.0107976589352,
        "min": -3.69755864143,
        "var": 1.20675599575
    },
    "erbbands_spread": {
        "dmean": 5.82717227936,
        "dmean2": 8.6166343689,
        "dvar": 59.7622261047,
        "dvar2": 126.809288025,
        "max": 134.902862549,
        "mean": 26.2087020874,
        "median": 21.7373008728,
        "min": 3.7567820549,
        "var": 271.533477783
    },
    "hfc": {
        "dmean": 5.53474187851,
        "dmean2": 7.19026517868,
        "dvar": 174.049606323,
        "dvar2": 279.908538818,
        "max": 339.662078857,
        "mean": 16.4458446503,
        "median": 8.34453582764,
        "min": 1.15510650641e-16,
        "var": 577.362182617
    },
    "melbands_crest": {
        "dmean": 2.60934281349,
        "dmean2": 4.10968017578,
        "dvar": 6.0578789711,
        "dvar2": 15.7928724289,
        "max": 30.9944381714,
        "mean": 14.4798374176,
        "median": 13.8995761871,
        "min": 2.33668541908,
        "var": 26.6123752594
    },
    "melbands_flatness_db": {
        "dmean": 0.0226009115577,
        "dmean2": 0.0326604545116,
        "dvar": 0.00055544677889,
        "dvar2": 0.00095801538555,
        "max": 0.547342658043,
        "mean": 0.276838630438,
        "median": 0.267598390579,
        "min": 0.00495941797271,
        "var": 0.00772055611014
    },
    "melbands_kurtosis": {
        "dmean": 5.23781251907,
        "dmean2": 8.16030406952,
        "dvar": 117.104644775,
        "dvar2": 276.702972412,
        "max": 237.466598511,
        "mean": 12.8068523407,
        "median": 2.60216903687,
        "min": -1.82708859444,
        "var": 521.469360352
    },
    "melbands_skewness": {
        "dmean": 0.580838799477,
        "dmean2": 0.852197885513,
        "dvar": 0.427433311939,
        "dvar2": 0.923182427883,
        "max": 10.4197978973,
        "mean": 2.20980882645,
        "median": 1.6946849823,
        "min": -1.36606693268,
        "var": 3.81422901154
    },
    "melbands_spread": {
        "dmean": 5.57128238678,
        "dmean2": 8.02273464203,
        "dvar": 106.909225464,
        "dvar2": 189.217102051,
        "max": 187.234649658,
        "mean": 22.8542079926,
        "median": 20.1743202209,
        "min": 0.697503149509,
        "var": 390.92098999
    },
    "pitch_salience": {
        "dmean": 0.0584891997278,
        "dmean2": 0.0900215506554,
        "dvar": 0.00300922384486,
        "dvar2": 0.00731963198632,
        "max": 0.878073751926,
        "mean": 0.482099413872,
        "median": 0.471991837025,
        "min": 0.14305716753,
        "var": 0.0142811546102
    },
    "silence_rate_20dB": {
        "dmean": 0,
        "dmean2": 0,
        "dvar": 0,
        "dvar2": 0,
        "max": 1,
        "mean": 1,
        "median": 1,
        "min": 1,
        "var": 0
    },
    "silence_rate_30dB": {
        "dmean": 0,
        "dmean2": 0,
        "dvar": 0,
        "dvar2": 0,
        "max": 1,
        "mean": 1,
        "median": 1,
        "min": 1,
        "var": 0
    },
    "silence_rate_60dB": {
        "dmean": 0.0221763793379,
        "dmean2": 0.0443756431341,
        "dvar": 0.0216847937554,
        "dvar2": 0.0475658550858,
        "max": 1,
        "mean": 0.0391752570868,
        "median": 0,
        "min": 0,
        "var": 0.037639811635
    },
    "spectral_centroid": {
        "dmean": 172.897964478,
        "dmean2": 235.2709198,
        "dvar": 119877.96875,
        "dvar2": 157372.984375,
        "max": 11516.5996094,
        "mean": 992.017272949,
        "median": 893.99786377,
        "min": 173.877792358,
        "var": 431935.78125
    },
    "spectral_complexity": {
        "dmean": 1.78442502022,
        "dmean2": 2.66408658028,
        "dvar": 6.53218173981,
        "dvar2": 10.9600419998,
        "max": 46,
        "mean": 11.0206184387,
        "median": 9,
        "min": 0,
        "var": 41.0531845093
    },
    "spectral_decrease": {
        "dmean": 1.10706177558e-09,
        "dmean2": 1.56735546764e-09,
        "dvar": 2.2921083784e-18,
        "dvar2": 4.2466790904e-18,
        "max": -2.72532158628e-30,
        "mean": -4.14311207564e-09,
        "median": -3.26374305359e-09,
        "min": -2.23362306428e-08,
        "var": 1.04429732537e-17
    },
    "spectral_energy": {
        "dmean": 0.0045726778917,
        "dmean2": 0.00642182677984,
        "dvar": 4.04739876103e-05,
        "dvar2": 7.40440518712e-05,
        "max": 0.0925664901733,
        "mean": 0.0171287488192,
        "median": 0.0132219251245,
        "min": 1.0487441708e-20,
        "var": 0.000188973746845
    },
    "spectral_energyband_high": {
        "dmean": 0.000312125572236,
        "dmean2": 0.000412184104789,
        "dvar": 2.41454290517e-06,
        "dvar2": 3.23598919749e-06,
        "max": 0.0495538525283,
        "mean": 0.000515182560775,
        "median": 2.5061017368e-05,
        "min": 7.75200550548e-21,
        "var": 5.90410218138e-06
    },
    "spectral_energyband_low": {
        "dmean": 0.00161259353627,
        "dmean2": 0.00253266305663,
        "dvar": 6.566088814e-06,
        "dvar2": 1.44788637044e-05,
        "max": 0.0399924255908,
        "mean": 0.0038460905198,
        "median": 0.0023966007866,
        "min": 1.4137898248e-22,
        "var": 1.91376875591e-05
    },
    "spectral_energyband_middle_high": {
        "dmean": 0.00203438941389,
        "dmean2": 0.00278102583252,
        "dvar": 1.22374158309e-05,
        "dvar2": 2.39327418967e-05,
        "max": 0.0508351773024,
        "mean": 0.00669065816328,
        "median": 0.00408191140741,
        "min": 1.45458539417e-21,
        "var": 6.49994253763e-05
    },
    "spectral_energyband_middle_low": {
        "dmean": 0.00269119953737,
        "dmean2": 0.00386938033625,
        "dvar": 1.72829986695e-05,
        "dvar2": 3.53903997166e-05,
        "max": 0.0707943812013,
        "mean": 0.00743373390287,
        "median": 0.00519930105656,
        "min": 3.53151519764e-22,
        "var": 4.86681637994e-05
    },
    "spectral_entropy": {
        "dmean": 0.183986783028,
        "dmean2": 0.266812741756,
        "dvar": 0.0432262867689,
        "dvar2": 0.0739294141531,
        "max": 9.81601142883,
        "mean": 6.68885231018,
        "median": 6.67431259155,
        "min": 4.72716236115,
        "var": 0.433260649443
    },
    "spectral_flux": {
        "dmean": 0.0161824654788,
        "dmean2": 0.0251607820392,
        "dvar": 0.000298713886878,
        "dvar2": 0.000615259807091,
        "max": 0.274948090315,
        "mean": 0.0520343184471,
        "median": 0.0417984798551,
        "min": 1.02408213853e-10,
        "var": 0.00138816249091
    },
    "spectral_kurtosis": {
        "dmean": 4.12784767151,
        "dmean2": 6.71982097626,
        "dvar": 27.0000514984,
        "dvar2": 67.8524246216,
        "max": 85.5773010254,
        "mean": 11.9825239182,
        "median": 9.69418239594,
        "min": -1.20576119423,
        "var": 91.0955734253
    },
    "spectral_rms": {
        "dmean": 0.00052208971465,
        "dmean2": 0.000727484526578,
        "dvar": 3.29803128807e-07,
        "dvar2": 5.76364641347e-07,
        "max": 0.0095030926168,
        "mean": 0.00379853090271,
        "median": 0.00359157891944,
        "min": 3.19869521495e-12,
        "var": 2.28211683861e-06
    },
    "spectral_rolloff": {
        "dmean": 325.341308594,
        "dmean2": 538.73260498,
        "dvar": 886469.75,
        "dvar2": 1587279.25,
        "max": 18518.5546875,
        "mean": 1398.50915527,
        "median": 1162.79296875,
        "min": 129.19921875,
        "var": 2146869.25
    },
    "spectral_skewness": {
        "dmean": 0.390490740538,
        "dmean2": 0.607824921608,
        "dvar": 0.169240191579,
        "dvar2": 0.403232038021,
        "max": 7.60691738129,
        "mean": 2.4408595562,
        "median": 2.38813495636,
        "min": -0.139322549105,
        "var": 0.875687539577
    },
    "spectral_spread": {
        "dmean": 488760.46875,
        "dmean2": 698426.8125,
        "dvar": 792034410496,
        "dvar2": 988347891712,
        "max": 40174972,
        "mean": 3516948.25,
        "median": 3153913,
        "min": 1148888.75,
        "var": 3.88926039654e+12
    },
    "spectral_strongpeak": {
        "dmean": 0.611403286457,
        "dmean2": 1.04242420197,
        "dvar": 0.932576417923,
        "dvar2": 2.31463646889,
        "max": 11.7238073349,
        "mean": 1.28102147579,
        "median": 0.551310658455,
        "min": 0,
        "var": 1.97947132587
    },
    "zerocrossingrate": {
        "dmean": 0.00780947832391,
        "dmean2": 0.00858095102012,
        "dvar": 0.000279354688246,
        "dvar2": 0.000276383128949,
        "max": 0.482421875,
        "mean": 0.0464964546263,
        "median": 0.03955078125,
        "min": 0.00537109375,
        "var": 0.00147377757821
    },
    "barkbands": {
        "dmean": [1.52676534526e-06, 8.23953378131e-05, 0.0010016906308, 0.0010625742143, 0.00101001071744, 0.000567908165976, 0.000726318045054, 0.000305404944811, 0.000224347604671, 0.000473397609312, 0.000670926936436, 0.000212946659303, 0.000389523047488, 0.000326750654494, 0.00024201720953, 0.000168294311152, 0.00022656256624, 0.000306301168166, 6.53442984913e-05, 3.83362348657e-05, 4.66139608761e-05, 0.000112389156129, 7.7218079241e-05, 4.78113688587e-05, 4.06349936384e-05, 1.57762333401e-05, 7.50133040128e-07],
        "dmean2": [2.58168847722e-06, 0.000128944666358, 0.0015596288722, 0.00172704958823, 0.00153031549416, 0.000806184834801, 0.00109637295827, 0.000450708845165, 0.000321250437992, 0.000719050178304, 0.00101017765701, 0.00030009020702, 0.000521825801115, 0.000452917622169, 0.000349399226252, 0.000237020067289, 0.000335710297804, 0.000413630885305, 9.36578726396e-05, 5.46774572285e-05, 6.30731374258e-05, 0.000148043895024, 0.000103585065517, 6.66542327963e-05, 5.83707405895e-05, 2.25561161642e-05, 1.2836710539e-06],
        "dvar": [5.18895933166e-11, 9.66800115521e-08, 3.28235068991e-06, 2.1872981506e-06, 2.74420585811e-06, 3.5563784877e-06, 4.61616764369e-06, 1.77362858267e-06, 7.36361357667e-07, 1.88666001577e-06, 2.32022716773e-06, 7.72427256379e-07, 7.18793273791e-07, 5.89317266986e-07, 2.99868958109e-07, 4.20347902264e-07, 5.27030124431e-07, 9.27975463583e-07, 6.71788669138e-08, 5.61676607447e-08, 1.05059569933e-07, 2.89812220444e-07, 2.03775940122e-07, 6.65071127059e-08, 4.37403073761e-08, 5.21750598281e-09, 1.41587635713e-11],
        "dvar2": [1.00532658587e-10, 2.25716775049e-07, 6.4249065872e-06, 5.80292589802e-06, 6.79010418025e-06, 7.13579720468e-06, 1.12458719741e-05, 4.11857536164e-06, 1.51207802901e-06, 4.643923603e-06, 5.42491125088e-06, 1.68739654782e-06, 1.36105722959e-06, 1.19943103982e-06, 5.54337361791e-07, 8.1029577359e-07, 1.28490671614e-06, 1.91500453184e-06, 1.30921733899e-07, 1.208428273e-07, 1.43966374822e-07, 4.09905965171e-07, 2.79906998912e-07, 1.26283666191e-07, 7.85557858762e-08, 1.17808216515e-08, 3.76151401693e-11],
        "max": [0.000221787558985, 0.00564192794263, 0.0328553915024, 0.0166955403984, 0.0340710505843, 0.0408997349441, 0.0283934529871, 0.0273109618574, 0.0207680538297, 0.0196016039699, 0.0228506680578, 0.0215366594493, 0.0121234385297, 0.0132447211072, 0.00906973518431, 0.0176137071103, 0.0116623481736, 0.0168412495404, 0.00687373662367, 0.00780506618321, 0.00890074763447, 0.0194639861584, 0.0178907364607, 0.00639046076685, 0.00614268239588, 0.00159214716405, 5.80363048357e-05],
        "mean": [1.39687358569e-06, 0.000164782337379, 0.00241079227999, 0.00202046986669, 0.0022323699668, 0.000928013876546, 0.00116054422688, 0.00043407198973, 0.000434533227235, 0.000891751085874, 0.00178925599903, 0.000432694418123, 0.000894254131708, 0.000840790336952, 0.000671318615787, 0.000276096310699, 0.00038091870374, 0.000508244847879, 0.000108521671791, 5.99813502049e-05, 6.97387149557e-05, 0.000168704849784, 0.000109195469122, 6.34973839624e-05, 5.524608423e-05, 2.08877554542e-05, 6.81345227349e-07],
        "median": [3.07865263949e-07, 5.60224361834e-05, 0.00112820905633, 0.00136286509223, 0.00149250938557, 0.000284142035525, 0.000325188593706, 3.90940767829e-05, 5.29144599568e-05, 5.86672467762e-05, 0.000128901388962, 1.1445700693e-05, 8.06620300864e-05, 3.58847173629e-05, 0.000126822764287, 5.60235894227e-05, 6.07222755207e-05, 5.38697495358e-05, 1.07408122858e-05, 5.87776321481e-06, 3.11123631036e-06, 4.00586031901e-06, 4.78045330965e-06, 1.84223586075e-06, 2.73296086561e-06, 1.11806048153e-06, 1.50950079103e-08],
        "min": [2.84529475184e-23, 5.28307847509e-23, 6.52477330781e-23, 1.96769803884e-23, 2.45249692576e-23, 4.31449233647e-23, 1.00480608755e-22, 2.71270679743e-23, 1.18641676163e-22, 5.1985349897e-23, 8.05744863621e-23, 1.01261347549e-22, 4.44827620401e-23, 7.01125562391e-23, 1.19397215583e-22, 1.6808881561e-22, 2.5072112453e-22, 1.78189125583e-22, 2.08680000587e-22, 3.40662854514e-22, 2.9050586647e-22, 5.12383409027e-22, 6.02844525031e-22, 8.97970491076e-22, 1.16141024959e-21, 2.06347837451e-21, 2.21396688291e-21],
        "var": [7.05075997587e-11, 2.02893673418e-07, 1.288549538e-05, 4.52021595265e-06, 5.71870987187e-06, 4.83436042487e-06, 6.68551501803e-06, 2.31727403843e-06, 1.93900996237e-06, 5.05533807882e-06, 7.10735685061e-06, 2.03229183171e-06, 2.88458454634e-06, 2.72086276709e-06, 1.3651658719e-06, 8.24145899969e-07, 8.4993132532e-07, 2.00646331905e-06, 1.64711821071e-07, 1.01558121912e-07, 2.46640837531e-07, 6.8989521651e-07, 4.40234998678e-07, 1.22445428019e-07, 8.56615969269e-08, 9.57865786688e-09, 1.44177655925e-11]
    },
    "erbbands": {
        "dmean": [0.000927466084249, 0.0332215204835, 0.706837236881, 2.87126278877, 3.23464465141, 3.94936561584, 2.62592220306, 4.95017766953, 10.2189397812, 8.40517234802, 6.55456209183, 3.89945435524, 10.7776517868, 20.2738227844, 21.7188053131, 9.3705329895, 14.4819908142, 18.8729972839, 10.7187108994, 11.9380207062, 10.0128946304, 12.6819887161, 16.8337116241, 7.22620487213, 2.08945155144, 1.83487987518, 1.68877184391, 2.1305565834, 4.03380680084, 3.49130034447, 2.08388543129, 1.36405551434, 0.634760081768, 0.536529660225, 0.23624008894, 0.094175092876, 0.024973327294, 0.00360036105849, 8.12753423816e-05, 7.93210256234e-06],
        "dmean2": [0.00144778389949, 0.0514134280384, 1.09781825542, 4.5718870163, 5.18325614929, 6.05081987381, 3.76714110374, 7.05972909927, 15.4556083679, 11.971323967, 9.71759986877, 5.35521602631, 14.9406576157, 29.2710208893, 31.929681778, 12.8757562637, 18.8507766724, 26.8972682953, 14.9948034286, 17.5662479401, 13.7372398376, 18.007270813, 23.0952205658, 10.2509880066, 3.08805131912, 2.62155008316, 2.32141232491, 2.88850808144, 5.63296365738, 4.74344158173, 2.81667423248, 1.8854932785, 0.866725206375, 0.792174935341, 0.344702064991, 0.142007783055, 0.0354096293449, 0.00549145275727, 0.000125690086861, 1.11581339297e-05],
        "dvar": [1.77089441422e-05, 0.00774277793244, 1.62199068069, 17.880109787, 23.2517948151, 55.4349098206, 37.6195526123, 329.396209717, 1445.15014648, 655.354125977, 862.924499512, 176.751815796, 1233.53417969, 2794.83789062, 2712.46459961, 1071.13330078, 1124.74536133, 1816.94250488, 700.892272949, 957.823059082, 1465.08728027, 1533.54382324, 3105.93945312, 654.489807129, 101.376525879, 117.614990234, 131.199295044, 173.52734375, 329.627227783, 379.48614502, 209.210540771, 71.7164611816, 10.1049966812, 7.63599872589, 1.6163611412, 0.232521146536, 0.0133625930175, 0.000325071654515, 1.57089345976e-07, 2.75811540273e-10],
        "dvar2": [4.40126095782e-05, 0.0177923087031, 3.05684947968, 44.4691543579, 54.2019081116, 142.311035156, 77.0761871338, 653.528625488, 3514.94165039, 1404.48986816, 2044.24145508, 309.974853516, 2286.80786133, 6498.34912109, 6288.95703125, 2498.27880859, 1901.74047852, 4082.12573242, 1411.45275879, 2069.38427734, 2657.14794922, 3580.44970703, 6445.47558594, 1337.56872559, 225.672119141, 240.555007935, 207.140975952, 269.165527344, 532.558349609, 557.551269531, 317.95211792, 140.336425781, 17.0672149658, 14.5032138824, 2.88296580315, 0.539593040943, 0.0267697386444, 0.000766037963331, 3.75057908286e-07, 5.40776479152e-10],
        "max": [0.119623079896, 1.51355612278, 22.5111465454, 48.2803611755, 70.4841766357, 134.152053833, 115.809776306, 418.640808105, 602.285888672, 579.907531738, 507.333251953, 292.026824951, 683.49017334, 1275.76342773, 932.159912109, 1006.05554199, 566.709350586, 674.524047852, 566.814208984, 640.153137207, 1157.40161133, 600.145019531, 1071.4083252, 591.588134766, 319.912353516, 331.931060791, 351.141479492, 401.115356445, 518.723205566, 781.13269043, 569.016967773, 241.72013855, 85.1427154541, 68.7199020386, 38.8138122559, 11.4450092316, 3.17934417725, 0.373548179865, 0.00803654175252, 0.000407602929045],
        "mean": [0.00200103782117, 0.0852006226778, 1.87323236465, 6.05966377258, 6.6274561882, 8.46803188324, 5.32383489609, 8.0998916626, 15.0046329498, 15.138835907, 9.64423847198, 8.23045539856, 20.9233570099, 46.3150062561, 59.402141571, 23.0864524841, 36.2206039429, 54.5282859802, 26.6288089752, 32.966003418, 18.0454921722, 22.1327495575, 28.2377738953, 12.7673768997, 3.93485450745, 2.99839448929, 2.49802446365, 3.21165299416, 6.04536724091, 5.0042886734, 2.90918946266, 1.74580931664, 0.870126605034, 0.72488451004, 0.319396257401, 0.119939722121, 0.0328432656825, 0.0044212420471, 0.000108949338028, 2.50356915785e-05],
        "median": [0.000826182658784, 0.0394755601883, 0.956296682358, 4.14234399796, 4.00832080841, 5.20123577118, 2.63499355316, 2.02927589417, 2.61939954758, 6.12661933899, 0.973829269409, 1.37266731262, 2.50658655167, 22.4634075165, 8.07879161835, 4.86639499664, 5.63362884521, 4.79237556458, 5.84260129929, 7.08983707428, 4.7095117569, 3.22799754143, 3.31149864197, 1.53695201874, 0.520716547966, 0.340827584267, 0.140473544598, 0.108622439206, 0.13405919075, 0.156014710665, 0.121741637588, 0.0451187714934, 0.0293110888451, 0.0309660993516, 0.0167317502201, 0.00591572001576, 0.00164927495643, 0.000256958126556, 1.48632771015e-05, 1.64291886904e-05],
        "min": [2.66640034674e-21, 8.60231244007e-21, 6.13918910353e-20, 6.90127318681e-20, 1.21890349461e-19, 4.81550916104e-20, 2.77192152374e-19, 2.61730337268e-19, 7.26346158509e-19, 1.48892355163e-18, 8.362152343e-19, 2.00662146564e-18, 3.16949906093e-18, 1.94259727263e-18, 3.46373733778e-18, 4.06659318565e-18, 2.15093325646e-18, 3.27865526213e-18, 4.96836356917e-18, 6.38046675391e-18, 1.0689595499e-17, 1.45133834643e-17, 9.25045839749e-18, 9.39731852499e-18, 1.47443604155e-17, 1.53746273745e-17, 1.01932532171e-17, 1.25715984831e-17, 1.74364031754e-17, 1.91699140046e-17, 1.70368881745e-17, 1.66013064444e-17, 1.64660690317e-17, 1.27762363492e-17, 8.02555114845e-18, 6.82823864464e-18, 3.72123328579e-18, 1.40769741401e-18, 2.95590381107e-19, 3.60464114447e-20],
        "var": [3.27016714436e-05, 0.0204818844795, 7.2793970108, 38.0238265991, 63.8352470398, 104.557502747, 76.7918014526, 440.831451416, 1830.02185059, 1094.34204102, 1155.8223877, 598.071899414, 3969.17016602, 7762.15429688, 8222.77929688, 3626.25927734, 4989.93457031, 9643.5078125, 2888.29223633, 4033.18798828, 3118.22314453, 2815.89770508, 6352.22851562, 1525.953125, 211.242172241, 236.410095215, 292.336090088, 397.881469727, 769.462524414, 842.888244629, 377.89163208, 114.006362915, 21.1144237518, 14.5113601685, 3.06379246712, 0.378077149391, 0.023762376979, 0.000437557202531, 2.18413390485e-07, 8.29939783564e-10]
    },
    "gfcc": {
        "mean": [-73.2122116089, 119.0365448, -122.727630615, 13.4200286865, -44.2242927551, 8.76339054108, -54.1644134521, -7.1448802948, -32.5513114929, -17.798582077, -22.2141227722, -4.7855052948, -17.914522171],
        "cov": [[7442.02246094, -2546.87158203, -1264.77648926, -78.6764144897, -930.100219727, 419.323913574, -217.402481079, 171.820556641, -313.507781982, 70.3332061768, -170.52645874, 702.385375977, -540.531616211], [-2546.87158203, 1978.46264648, -11.2017288208, -167.374160767, 655.68170166, -172.327941895, 223.402526855, -82.2631225586, 192.957626343, -157.044036865, 224.865463257, -365.855834961, 293.57244873], [-1264.77648926, -11.2017288208, 1243.08166504, 299.187316895, -145.796173096, -108.341491699, 4.59066963196, 54.6161117554, 12.7174358368, 113.428237915, -124.76486969, -16.0624084473, 23.8241462708], [-78.6764144897, -167.374160767, 299.187316895, 629.658081055, -37.2543983459, -156.807571411, 26.7658100128, -27.0531349182, 42.6877365112, 23.2127914429, -52.5328178406, -3.9423763752, 83.114906311], [-930.100219727, 655.68170166, -145.796173096, -37.2543983459, 629.6171875, 59.999797821, 32.5855178833, -46.702671051, 34.8196105957, 5.66517353058, 104.753211975, -198.181671143, 133.688049316], [419.323913574, -172.327941895, -108.341491699, -156.807571411, 59.999797821, 326.461120605, 20.2504577637, 19.7887401581, -56.2205085754, 5.70066165924, 39.2737159729, 4.73834323883, -42.8293952942], [-217.402481079, 223.402526855, 4.59066963196, 26.7658100128, 32.5855178833, 20.2504577637, 227.076934814, 65.5308227539, -19.075340271, -53.2636032104, 35.3012504578, -15.9517660141, 64.9559173584], [171.820556641, -82.2631225586, 54.6161117554, -27.0531349182, -46.702671051, 19.7887401581, 65.5308227539, 179.055389404, 6.02748394012, -4.19029331207, -21.2328948975, 11.5289907455, -22.7882156372], [-313.507781982, 192.957626343, 12.7174358368, 42.6877365112, 34.8196105957, -56.2205085754, -19.075340271, 6.02748394012, 202.497467041, -0.0600495748222, -37.7118415833, -82.5809783936, -10.4989509583], [70.3332061768, -157.044036865, 113.428237915, 23.2127914429, 5.66517353058, 5.70066165924, -53.2636032104, -4.19029331207, -0.0600495748222, 128.512359619, -18.169084549, 8.99076080322, -28.1434001923], [-170.52645874, 224.865463257, -124.76486969, -52.5328178406, 104.753211975, 39.2737159729, 35.3012504578, -21.2328948975, -37.7118415833, -18.169084549, 149.808685303, -13.333782196, 28.9334850311], [702.385375977, -365.855834961, -16.0624084473, -3.9423763752, -198.181671143, 4.73834323883, -15.9517660141, 11.5289907455, -82.5809783936, 8.99076080322, -13.333782196, 216.537445068, -68.8082275391], [-540.531616211, 293.57244873, 23.8241462708, 83.114906311, 133.688049316, -42.8293952942, 64.9559173584, -22.7882156372, -10.4989509583, -28.1434001923, 28.9334850311, -68.8082275391, 180.324829102]],
        "icov": [[0.000525585201103, -5.58004103368e-05, 0.00077630468877, -0.000550356460735, 0.000451820029411, -0.000656940566842, 0.000346170068951, -0.000597986509092, 0.000579289568122, -0.000506269745529, 0.000711517233867, -0.000766301294789, 0.000674294540659], [-5.58004103368e-05, 0.00333540793508, -0.00117526191752, 0.00216842466034, -0.00210204324685, 0.00251865782775, -0.00241769221611, 0.00174636766315, -0.00304256030358, 0.00277919927612, -0.00361310341395, 0.00144689530134, -0.00180492876098], [0.00077630468877, -0.00117526191752, 0.00261875893921, -0.00190003134776, 0.00163745426107, -0.00165638676845, 0.00113744160626, -0.00173303904012, 0.00211168034002, -0.00263958633877, 0.0027852198109, -0.00110995164141, 0.00137457496021], [-0.000550356460735, 0.00216842466034, -0.00190003134776, 0.00409408239648, -0.00171476905234, 0.00290198903531, -0.00227268203162, 0.00219167000614, -0.00297525851056, 0.00190535129514, -0.00262196525, 0.00121609598864, -0.00275091640651], [0.000451820029411, -0.00210204324685, 0.00163745426107, -0.00171476905234, 0.00461702933535, -0.00258368789218, 0.00186150881927, -0.00134939269628, 0.00221922644414, -0.00312198442407, 0.00146443943959, 0.000673969858326, 0.000137035007356], [-0.000656940566842, 0.00251865782775, -0.00165638676845, 0.00290198903531, -0.00258368789218, 0.00659198546782, -0.0028189921286, 0.00178886228241, -0.00177827931475, 0.00223482283764, -0.00372236641124, 0.002262924565, -0.000759705668315], [0.000346170068951, -0.00241769221611, 0.00113744160626, -0.00227268203162, 0.00186150881927, -0.0028189921286, 0.00861110445112, -0.00435707671568, 0.00271858461201, -4.67024692625e-05, 0.00160681887064, -0.00156544370111, -0.00053530553123], [-0.000597986509092, 0.00174636766315, -0.00173303904012, 0.00219167000614, -0.00134939269628, 0.00178886228241, -0.00435707671568, 0.00866683479398, -0.00258312909864, 0.00164562475402, -0.0014856888447, 0.00146584981121, -0.000422643555794], [0.000579289568122, -0.00304256030358, 0.00211168034002, -0.00297525851056, 0.00221922644414, -0.00177827931475, 0.00271858461201, -0.00258312909864, 0.0104257157072, -0.0027326841373, 0.00544386776164, 0.00124736991711, 0.00419180840254], [-0.000506269745529, 0.00277919927612, -0.00263958633877, 0.00190535129514, -0.00312198442407, 0.00223482283764, -4.67024692625e-05, 0.00164562475402, -0.0027326841373, 0.0128097236156, -0.00333533994853, 0.00118596397806, -0.00067367212614], [0.000711517233867, -0.00361310341395, 0.0027852198109, -0.00262196525, 0.00146443943959, -0.00372236641124, 0.00160681887064, -0.0014856888447, 0.00544386776164, -0.00333533994853, 0.0138831548393, -0.00272324308753, 0.00264887674712], [-0.000766301294789, 0.00144689530134, -0.00110995164141, 0.00121609598864, 0.000673969858326, 0.002262924565, -0.00156544370111, 0.00146584981121, 0.00124736991711, 0.00118596397806, -0.00272324308753, 0.0102211758494, 0.000315337791108], [0.000674294540659, -0.00180492876098, 0.00137457496021, -0.00275091640651, 0.000137035007356, -0.000759705668315, -0.00053530553123, -0.000422643555794, 0.00419180840254, -0.00067367212614, 0.00264887674712, 0.000315337791108, 0.011283182539]]
    },
    "melbands": {
        "dmean": [1.43336374094e-05, 0.000270186370471, 0.000479517620988, 0.000256401515799, 9.9469179986e-05, 0.000118171126815, 0.000153983361088, 8.61253211042e-05, 4.53360225947e-05, 2.98768281937e-05, 5.58600477234e-05, 8.2948783529e-05, 9.06125133042e-05, 2.97548631352e-05, 2.9970149626e-05, 3.64392362826e-05, 3.47066306858e-05, 1.79404160008e-05, 1.52255952344e-05, 1.37385322887e-05, 1.24307825899e-05, 1.36779608511e-05, 1.44440418808e-05, 1.50668984134e-05, 5.44771410205e-06, 1.84495218036e-06, 1.39386247611e-06, 1.20372294532e-06, 1.0177546983e-06, 1.04333810214e-06, 1.38556561069e-06, 2.23748202188e-06, 2.47208436122e-06, 1.75384707291e-06, 1.21014829801e-06, 1.10245082396e-06, 7.64525680097e-07, 4.24232382557e-07, 4.98193287513e-07, 4.53051029581e-07],
        "dmean2": [2.26561842283e-05, 0.000419871881604, 0.0007692334475, 0.000400708173402, 0.000144522608025, 0.000168904502061, 0.000232114573009, 0.000122026074678, 6.75212722854e-05, 4.19019706897e-05, 7.81899943831e-05, 0.000121142074931, 0.000136104950798, 4.18636518589e-05, 3.9361515519e-05, 4.99909765495e-05, 4.95907261211e-05, 2.49187814916e-05, 2.17895740207e-05, 2.03832241823e-05, 1.70670391526e-05, 2.01123075385e-05, 2.01043949346e-05, 2.07900684472e-05, 7.96232870925e-06, 2.68546568805e-06, 2.06344770959e-06, 1.78637503723e-06, 1.44003615787e-06, 1.45800743212e-06, 1.97995336748e-06, 3.21554421134e-06, 3.32181753038e-06, 2.52839004133e-06, 1.63003755915e-06, 1.61562195444e-06, 1.0739370282e-06, 6.0534404156e-07, 7.43909879475e-07, 6.78308822444e-07],
        "dvar": [3.76168074467e-09, 2.34155692169e-07, 4.1150508423e-07, 1.88313251215e-07, 3.40194787896e-08, 1.91823730233e-07, 2.69080146609e-07, 6.69653985597e-08, 4.22080219664e-08, 1.20187282349e-08, 3.15992210176e-08, 4.82660276191e-08, 4.33782290088e-08, 1.44732075213e-08, 6.52702691895e-09, 5.8694524796e-09, 6.53464926614e-09, 2.15121875868e-09, 1.87691528986e-09, 1.47353018676e-09, 2.85225221219e-09, 1.99359617703e-09, 2.44247710945e-09, 2.13147322015e-09, 4.93864060758e-10, 7.19654197345e-11, 7.04160618703e-11, 5.09278071104e-11, 4.37159614064e-11, 6.08736325236e-11, 7.21394124992e-11, 9.21961326728e-11, 1.74673747688e-10, 8.76246297743e-11, 5.49667429628e-11, 7.41983141594e-11, 1.96059505436e-11, 4.63113792107e-12, 6.9212417915e-12, 5.63313154803e-12],
        "dvar2": [8.72864625023e-09, 4.48036303169e-07, 1.03320041944e-06, 4.74157985764e-07, 7.05729874539e-08, 3.87416093872e-07, 6.48387640467e-07, 1.45610385971e-07, 9.95400100123e-08, 2.229016971e-08, 5.9433727273e-08, 1.16133328731e-07, 1.02309776651e-07, 3.11906909189e-08, 1.16756968538e-08, 1.2644726155e-08, 1.43474316872e-08, 4.41579617316e-09, 3.43076367315e-09, 3.36907612919e-09, 4.99538455045e-09, 4.78286343863e-09, 5.34760546955e-09, 4.25104174084e-09, 1.07391928683e-09, 1.44320833062e-10, 1.64929112034e-10, 1.07536993199e-10, 7.35973434973e-11, 8.72111896588e-11, 1.34681196751e-10, 1.63574279122e-10, 2.41991510164e-10, 1.41583980651e-10, 7.49743739314e-11, 1.44514414324e-10, 3.96075533482e-11, 8.37052302471e-12, 1.38212895989e-11, 1.08118453426e-11],
        "max": [0.00127656653058, 0.00866317749023, 0.00864816177636, 0.0094007384032, 0.00308834016323, 0.00943862367421, 0.0077829696238, 0.00538231991231, 0.00348200160079, 0.00250758137554, 0.00335362832993, 0.0050787711516, 0.00333522818983, 0.00315837538801, 0.001484299195, 0.00129120331258, 0.00134709663689, 0.000929326750338, 0.000964551349171, 0.000804289535154, 0.00172739452682, 0.000820937682875, 0.000886501336936, 0.000710685155354, 0.0004784828634, 0.000227357988479, 0.000285432994133, 0.000204461728572, 0.00023153424263, 0.000205784846912, 0.000263797584921, 0.000221373527893, 0.000517676584423, 0.000345419772202, 0.000286884227535, 0.000308243383188, 9.51858382905e-05, 5.11156649736e-05, 6.83739999658e-05, 6.17607802269e-05],
        "mean": [2.86237718683e-05, 0.000698934774846, 0.00104835175443, 0.000551572942641, 0.000220740461373, 0.000186183024198, 0.000236465057242, 0.000148778824951, 6.5086001996e-05, 6.03601183684e-05, 0.000105624283606, 0.000178372589289, 0.000249687087489, 6.37931298115e-05, 6.36796030449e-05, 9.80787517619e-05, 9.54259667196e-05, 3.94288217649e-05, 3.92755246139e-05, 3.27479465341e-05, 2.00324793695e-05, 2.35679272009e-05, 2.26327883865e-05, 2.56390976574e-05, 8.64042885951e-06, 3.30896864398e-06, 2.12688019019e-06, 1.85921214779e-06, 1.43182774082e-06, 1.61113553077e-06, 1.91309482034e-06, 3.33462685376e-06, 3.50781124325e-06, 2.47281650445e-06, 1.70789280673e-06, 1.33692731197e-06, 9.54122583607e-07, 5.59541831535e-07, 6.38743188119e-07, 6.04643048518e-07],
        "median": [9.71035115072e-06, 0.000343453197274, 0.000758374924771, 0.000350299902493, 0.000126858329168, 4.80615162815e-05, 4.96056236443e-05, 5.55102888029e-05, 4.67276959171e-06, 8.82766380528e-06, 1.10477976705e-05, 8.16574029159e-05, 1.97329936782e-05, 3.31435285261e-06, 4.19351727032e-06, 7.48069487599e-06, 3.49282095158e-06, 2.59597254626e-06, 8.47242245072e-06, 6.43284784019e-06, 3.19218906952e-06, 2.89180115942e-06, 1.830562951e-06, 2.98751047012e-06, 7.95605956228e-07, 3.83816882277e-07, 2.21204530249e-07, 1.66444209526e-07, 7.74704886908e-08, 5.4065171895e-08, 5.32368638062e-08, 6.65324648708e-08, 8.39957010612e-08, 8.81779840256e-08, 7.26089481873e-08, 3.1857602778e-08, 2.25313385727e-08, 1.63041171675e-08, 2.43130635624e-08, 2.43223645668e-08],
        "min": [1.9382342418e-23, 2.47643664542e-23, 1.51138633915e-23, 5.93786647413e-24, 7.83851165156e-24, 6.87594357501e-24, 1.48174993935e-23, 1.44263584908e-23, 6.77411898709e-24, 1.4861052404e-23, 1.57851130244e-23, 7.34564871292e-24, 1.23088104855e-23, 1.26722576372e-23, 6.14098514101e-24, 4.61347117175e-24, 6.02428342528e-24, 7.08969253703e-24, 9.7660341089e-24, 1.09315279759e-23, 1.23746882597e-23, 1.52325096494e-23, 1.01901115321e-23, 8.43284103528e-24, 7.22197583337e-24, 9.27005043652e-24, 1.36190903052e-23, 9.14554688643e-24, 7.15508200632e-24, 4.64841179339e-24, 8.5350450653e-24, 8.84856205486e-24, 1.20638155319e-23, 1.03385704213e-23, 1.05243148211e-23, 8.47303980929e-24, 1.0984100822e-23, 1.07373916737e-23, 1.25529353255e-23, 1.01051441128e-23],
        "var": [8.09037192795e-09, 1.02495653209e-06, 9.7818156064e-07, 3.71540863853e-07, 8.25328498877e-08, 2.46920279778e-07, 3.62657004871e-07, 1.06398339028e-07, 5.63442199564e-08, 3.67163615067e-08, 9.96440547851e-08, 1.29793008341e-07, 1.38026521768e-07, 3.83520593061e-08, 2.35185115827e-08, 2.7854575535e-08, 3.18391961684e-08, 7.91382159804e-09, 5.75760994437e-09, 4.03424982309e-09, 6.07034111866e-09, 3.28327698362e-09, 5.04220665221e-09, 4.64334259931e-09, 9.78687131337e-10, 1.5162712752e-10, 1.09156295114e-10, 1.00267773251e-10, 9.01431915223e-11, 1.47195242106e-10, 1.39928901799e-10, 2.11358999747e-10, 3.89309390281e-10, 1.97063032559e-10, 1.15151284341e-10, 9.87201362324e-11, 3.24060257795e-11, 9.14577788502e-12, 1.18624814832e-11, 1.04861570815e-11]
    },
    "mfcc": {
        "mean": [-724.823913574, 152.450805664, -10.4302978516, 11.5794439316, 19.2535419464, 2.79621458054, -11.373260498, 2.26353621483, -12.2756061554, -14.9017438889, -8.8967590332, -15.8279523849, -5.38042736053],
        "cov": [[7272.14746094, -2353.03320312, -953.698120117, -585.109924316, -800.98034668, -53.8469772339, -322.643859863, 504.27432251, -319.173095703, -385.059692383, 243.346099854, -103.842811584, 20.5790348053], [-2353.03320312, 1810.60119629, -234.041702271, -41.3094367981, 339.254211426, -15.6292562485, 200.238265991, -54.7837028503, 77.6247558594, 195.313613892, -19.9108505249, 6.05873155594, -26.7923297882], [-953.698120117, -234.041702271, 1092.31164551, 276.262115479, -102.885528564, -1.10955679417, -40.0161972046, -58.3998832703, 83.1016159058, 4.85528039932, -28.2121601105, 38.0460281372, 50.1868667603], [-585.109924316, -41.3094367981, 276.262115479, 671.565734863, 99.9642791748, 18.0695495605, 24.4664039612, -110.767799377, 149.939529419, -61.659236908, -18.0124912262, 37.9796562195, 46.1850700378], [-800.98034668, 339.254211426, -102.885528564, 99.9642791748, 439.895843506, 91.3960723877, 93.7612609863, -127.535964966, 60.2337722778, 107.802627563, -28.673948288, 32.4291191101, -10.9353380203], [-53.8469772339, -15.6292562485, -1.10955679417, 18.0695495605, 91.3960723877, 188.944503784, 53.294380188, -19.5348300934, 3.21587491035, 33.3546447754, -2.44202780724, 5.68078327179, -6.68472337723], [-322.643859863, 200.238265991, -40.0161972046, 24.4664039612, 93.7612609863, 53.294380188, 357.014190674, 1.91052401066, 51.1929702759, 8.93982982635, -59.5311584473, 50.2762145996, 15.5992898941], [504.27432251, -54.7837028503, -58.3998832703, -110.767799377, -127.535964966, -19.5348300934, 1.91052401066, 250.64112854, -26.393245697, 5.12020015717, 52.2099151611, -13.8030147552, -11.5016460419], [-319.173095703, 77.6247558594, 83.1016159058, 149.939529419, 60.2337722778, 3.21587491035, 51.1929702759, -26.393245697, 192.048782349, 44.8394012451, -18.7253646851, 7.50621175766, -11.1660709381], [-385.059692383, 195.313613892, 4.85528039932, -61.659236908, 107.802627563, 33.3546447754, 8.93982982635, 5.12020015717, 44.8394012451, 226.593154907, 30.8397388458, 1.13429987431, -48.1612091064], [243.346099854, -19.9108505249, -28.2121601105, -18.0124912262, -28.673948288, -2.44202780724, -59.5311584473, 52.2099151611, -18.7253646851, 30.8397388458, 160.911697388, 18.305519104, -13.6898002625], [-103.842811584, 6.05873155594, 38.0460281372, 37.9796562195, 32.4291191101, 5.68078327179, 50.2762145996, -13.8030147552, 7.50621175766, 1.13429987431, 18.305519104, 116.391166687, 15.5701627731], [20.5790348053, -26.7923297882, 50.1868667603, 46.1850700378, -10.9353380203, -6.68472337723, 15.5992898941, -11.5016460419, -11.1660709381, -48.1612091064, -13.6898002625, 15.5701627731, 132.57824707]],
