{
"lowlevel": {
    "average_loudness": 0.945326328278,
    "barkbands_crest": {
        "dmean": 1.72340524197,
        "dmean2": 2.80146193504,
        "dvar": 2.39941072464,
        "dvar2": 5.99365758896,
        "max": 20.3632793427,
        "mean": 8.02091217041,
        "median": 7.25773906708,
        "min": 2.55090332031,
        "var": 10.1235656738
    },
    "barkbands_flatness_db": {
        "dmean": 0.0160098895431,
        "dmean2": 0.0238502509892,
        "dvar": 0.000243717178819,
        "dvar2": 0.000498895184137,
        "max": 0.405534952879,
        "mean": 0.161183267832,
        "median": 0.153788149357,
        "min": 0.0281669981778,
        "var": 0.00247709313408
    },
    "barkbands_kurtosis": {
        "dmean": 1.06974625587,
        "dmean2": 1.66894650459,
        "dvar": 4.73609876633,
        "dvar2": 9.26985645294,
        "max": 57.4432487488,
        "mean": 1.24191009998,
        "median": 0.00269949436188,
        "min": -1.63990855217,
        "var": 17.1280612946
    },
    "barkbands_skewness": {
        "dmean": 0.328182458878,
        "dmean2": 0.513932585716,
        "dvar": 0.117099761963,
        "dvar2": 0.251759409904,
        "max": 6.50125837326,
        "mean": 0.902660131454,
        "median": 0.735184550285,
        "min": -1.83740901947,
        "var": 0.667876780033
    },
    "barkbands_spread": {
        "dmean": 3.45865035057,
        "dmean2": 5.1972193718,
        "dvar": 15.9436292648,
        "dvar2": 33.5676422119,
        "max": 65.92527771,
        "mean": 19.342294693,
        "median": 18.9108772278,
        "min": 1.30283141136,
        "var": 76.6303939819
    },
    "dissonance": {
        "dmean": 0.0199943762273,
        "dmean2": 0.0339030623436,
        "dvar": 0.000414701469708,
        "dvar2": 0.00103843293618,
        "max": 0.499729603529,
        "mean": 0.46138599515,
        "median": 0.466183185577,
        "min": 0.0610254183412,
        "var": 0.000708657607902
    },
    "dynamic_complexity": 2.18948864937,
    "erbbands_crest": {
        "dmean": 2.23615670204,
        "dmean2": 3.68177223206,
        "dvar": 3.9267539978,
        "dvar2": 10.4767122269,
        "max": 21.7270088196,
        "mean": 8.59499835968,
        "median": 8.13006591797,
        "min": 3.32611870766,
        "var": 8.79377746582
    },
    "erbbands_flatness_db": {
        "dmean": 0.0132337082177,
        "dmean2": 0.0196566898376,
        "dvar": 0.000139691765071,
        "dvar2": 0.000297754246276,
        "max": 0.324632257223,
        "mean": 0.211863443255,
        "median": 0.214754551649,
        "min": 0.10109308362,
        "var": 0.00115790392738
    },
    "erbbands_kurtosis": {
        "dmean": 0.552602529526,
        "dmean2": 0.895336389542,
        "dvar": 0.356735706329,
        "dvar2": 0.926955401897,
        "max": 6.40280056,
        "mean": 0.143255844712,
        "median": -0.0273547172546,
        "min": -1.65569162369,
        "var": 0.978451132774
    },
    "erbbands_skewness": {
        "dmean": 0.2797729671,
        "dmean2": 0.437954634428,
        "dvar": 0.0607493519783,
        "dvar2": 0.148379847407,
        "max": 2.24791407585,
        "mean": 0.194494619966,
        "median": 0.161665469408,
        "min": -1.67555320263,
        "var": 0.249163553119
    },
    "erbbands_spread": {
        "dmean": 4.52465057373,
        "dmean2": 7.02481508255,
        "dvar": 22.8683815002,
        "dvar2": 50.6368293762,
        "max": 72.2372131348,
        "mean": 25.7874126434,
        "median": 23.0644359589,
        "min": 8.688621521,
        "var": 107.029907227
    },
    "hfc": {
        "dmean": 4.50804901123,
        "dmean2": 6.92434215546,
        "dvar": 47.4932785034,
        "dvar2": 120.289321899,
        "max": 95.5652160645,
        "mean": 20.27891922,
        "median": 16.1561660767,
        "min": 1.22251709412e-16,
        "var": 194.505523682
    },
    "melbands_crest": {
        "dmean": 2.28840398788,
        "dmean2": 3.77329230309,
        "dvar": 4.58649206161,
        "dvar2": 11.3083553314,
        "max": 28.9105606079,
        "mean": 11.7847824097,
        "median": 10.9491167068,
        "min": 1.98318707943,
        "var": 21.4133148193
    },
    "melbands_flatness_db": {
        "dmean": 0.0198226720095,
        "dmean2": 0.0284352786839,
        "dvar": 0.00046490933164,
        "dvar2": 0.000890410039574,
        "max": 0.537864565849,
        "mean": 0.221373572946,
        "median": 0.210811138153,
        "min": 0.00650651007891,
        "var": 0.00510945683345
    },
    "melbands_kurtosis": {
        "dmean": 2.27075409889,
        "dmean2": 3.55593514442,
        "dvar": 23.7820014954,
        "dvar2": 50.5909614563,
        "max": 114.240356445,
        "mean": 4.48225688934,
        "median": 2.09817075729,
        "min": -1.23297476768,
        "var": 67.9341278076
    },
    "melbands_skewness": {
        "dmean": 0.411765635014,
        "dmean2": 0.651211857796,
        "dvar": 0.188309937716,
        "dvar2": 0.416941940784,
        "max": 7.86727142334,
        "mean": 1.61194193363,
        "median": 1.43037605286,
        "min": -0.203399196267,
        "var": 0.973653614521
    },
    "melbands_spread": {
        "dmean": 5.12629985809,
        "dmean2": 7.99137735367,
        "dvar": 46.4412994385,
        "dvar2": 105.277542114,
        "max": 124.139274597,
        "mean": 24.7129192352,
        "median": 24.4618453979,
        "min": 1.42060947418,
        "var": 149.770263672
    },
    "pitch_salience": {
        "dmean": 0.0541515350342,
        "dmean2": 0.0893138870597,
        "dvar": 0.00219440762885,
        "dvar2": 0.00560301588848,
        "max": 0.935082197189,
        "mean": 0.579184770584,
        "median": 0.581238090992,
        "min": 0.253325492144,
        "var": 0.00789295788854
    },
    "silence_rate_20dB": {
        "dmean": 0,
        "dmean2": 0,
        "dvar": 0,
        "dvar2": 0,
        "max": 1,
        "mean": 1,
        "median": 1,
        "min": 1,
        "var": 0
    },
    "silence_rate_30dB": {
        "dmean": 0,
        "dmean2": 0,
        "dvar": 0,
        "dvar2": 0,
        "max": 1,
        "mean": 1,
        "median": 1,
        "min": 1,
        "var": 0
    },
    "silence_rate_60dB": {
        "dmean": 0.00103145954199,
        "dmean2": 0.00154798757285,
        "dvar": 0.00103040458634,
        "dvar2": 0.00154557928909,
        "max": 1,
        "mean": 0.00154639175162,
        "median": 0,
        "min": 0,
        "var": 0.00154399336316
    },
    "spectral_centroid": {
        "dmean": 181.265762329,
        "dmean2": 269.275421143,
        "dvar": 87953.53125,
        "dvar2": 132603.40625,
        "max": 10747.5214844,
        "mean": 1239.75695801,
        "median": 1232.58398438,
        "min": 193.570388794,
        "var": 305605.3125
    },
    "spectral_complexity": {
        "dmean": 3.1449201107,
        "dmean2": 4.91176462173,
        "dvar": 9.19460773468,
        "dvar2": 20.2724399567,
        "max": 47,
        "mean": 23.1180419922,
        "median": 23,
        "min": 0,
        "var": 59.8711662292
    },
    "spectral_decrease": {
        "dmean": 1.43881395687e-09,
        "dmean2": 2.22792495563e-09,
        "dvar": 2.47779491628e-18,
        "dvar2": 5.35620043425e-18,
        "max": 1.27164977367e-28,
        "mean": -7.04178892974e-09,
        "median": -6.19272721991e-09,
        "min": -2.65568935731e-08,
        "var": 1.69361723174e-17
    },
    "spectral_energy": {
        "dmean": 0.00572718959302,
        "dmean2": 0.00888522714376,
        "dvar": 3.8949528971e-05,
        "dvar2": 8.3941660705e-05,
        "max": 0.105913065374,
        "mean": 0.0284166671336,
        "median": 0.0249002128839,
        "min": 1.06086349768e-20,
        "var": 0.000268955918727
    },
    "spectral_energyband_high": {
        "dmean": 0.000214889383642,
        "dmean2": 0.000337328732712,
        "dvar": 5.27207419054e-07,
        "dvar2": 1.3602115132e-06,
        "max": 0.00931785814464,
        "mean": 0.000343430205248,
        "median": 0.000146658465383,
        "min": 7.69363272675e-21,
        "var": 5.1031008752e-07
    },
    "spectral_energyband_low": {
        "dmean": 0.00293023511767,
        "dmean2": 0.00476227747276,
        "dvar": 1.51118956637e-05,
        "dvar2": 3.77891992684e-05,
        "max": 0.0526271425188,
        "mean": 0.00819999258965,
        "median": 0.00676448224112,
        "min": 4.04540430863e-23,
        "var": 4.80467751913e-05
    },
    "spectral_energyband_middle_high": {
        "dmean": 0.00212065107189,
        "dmean2": 0.00331309926696,
        "dvar": 7.71347094997e-06,
        "dvar2": 1.94004041987e-05,
        "max": 0.0390612818301,
        "mean": 0.0081553729251,
        "median": 0.00621620565653,
        "min": 1.47483405259e-21,
        "var": 4.28128951171e-05
    },
    "spectral_energyband_middle_low": {
        "dmean": 0.00377225107513,
        "dmean2": 0.00591484410688,
        "dvar": 2.05929336516e-05,
        "dvar2": 4.5487031457e-05,
        "max": 0.0823670178652,
        "mean": 0.0144047746435,
        "median": 0.0114543894306,
        "min": 2.74457633623e-22,
        "var": 0.000142998498632
    },
    "spectral_entropy": {
        "dmean": 0.115549691021,
        "dmean2": 0.16577847302,
        "dvar": 0.0193329751492,
        "dvar2": 0.0338160283864,
        "max": 9.79008102417,
        "mean": 7.32042455673,
        "median": 7.3612947464,
        "min": 5.38414096832,
        "var": 0.158159017563
    },
    "spectral_flux": {
        "dmean": 0.0157366450876,
        "dmean2": 0.0248690936714,
        "dvar": 0.000271626020549,
        "dvar2": 0.000656302145217,
        "max": 0.229615524411,
        "mean": 0.0751258358359,
        "median": 0.0716368556023,
        "min": 1.02998228002e-10,
        "var": 0.00096947257407
    },
    "spectral_kurtosis": {
        "dmean": 4.13220930099,
        "dmean2": 7.12022781372,
        "dvar": 40.6353988647,
        "dvar2": 110.571647644,
        "max": 107.303443909,
        "mean": 8.61790561676,
        "median": 5.91593599319,
        "min": -1.19722521305,
        "var": 119.511489868
    },
    "spectral_rms": {
        "dmean": 0.000526545685716,
        "dmean2": 0.000811270147096,
        "dvar": 2.73618610436e-07,
        "dvar2": 5.67542031149e-07,
        "max": 0.0101651279256,
        "mean": 0.00504945125431,
        "median": 0.00492878165096,
        "min": 3.2171240498e-12,
        "var": 2.22661310545e-06
    },
    "spectral_rolloff": {
        "dmean": 302.408691406,
        "dmean2": 493.187591553,
        "dvar": 407631.15625,
        "dvar2": 742020.8125,
        "max": 19293.75,
        "mean": 1365.79138184,
        "median": 1313.52539062,
        "min": 172.265625,
        "var": 711778.375
    },
    "spectral_skewness": {
        "dmean": 0.369477748871,
        "dmean2": 0.614712655544,
        "dvar": 0.179684326053,
        "dvar2": 0.468075841665,
        "max": 8.64723587036,
        "mean": 1.73398935795,
        "median": 1.53775501251,
        "min": 0.0764811858535,
        "var": 0.8222848773
    },
    "spectral_spread": {
        "dmean": 304109.1875,
        "dmean2": 423624.03125,
        "dvar": 630322561024,
        "dvar2": 657212768256,
        "max": 40302292,
        "mean": 2772179.75,
        "median": 2476197,
        "min": 718352.375,
        "var": 2.16171020288e+12
    },
    "spectral_strongpeak": {
        "dmean": 0.524426758289,
        "dmean2": 0.913905441761,
        "dvar": 0.655264437199,
        "dvar2": 1.74913179874,
        "max": 6.08266782761,
        "mean": 0.95693051815,
        "median": 0.492228507996,
        "min": 0,
        "var": 1.0591738224
    },
    "zerocrossingrate": {
        "dmean": 0.00602381443605,
        "dmean2": 0.00701406691223,
        "dvar": 0.000183162293979,
        "dvar2": 0.000214114072151,
        "max": 0.52294921875,
        "mean": 0.0465613938868,
        "median": 0.044921875,
        "min": 0.00634765625,
        "var": 0.000500773487147
    },
    "barkbands": {
        "dmean": [5.12032784172e-05, 0.00129122380167, 0.0014522735728, 0.00152817554772, 0.000834860897157, 0.00098472146783, 0.000699444382917, 0.000979114905931, 0.0009298963123, 0.00126521976199, 0.000508677971084, 0.000699134659953, 0.000370780384401, 0.000641928927507, 0.00033253460424, 0.000208247482078, 0.000215833133552, 0.000153344823048, 0.000136411588755, 0.000106424020487, 8.92796888365e-05, 6.03748558206e-05, 3.05344547087e-05, 1.14860258691e-05, 5.1473689382e-06, 4.97251960496e-07, 2.42965807473e-08],
        "dmean2": [9.00403028936e-05, 0.00210491288453, 0.00239616353065, 0.00245365244336, 0.00135673861951, 0.00161165778991, 0.00113026762847, 0.00155272742268, 0.00150870345533, 0.00197631609626, 0.000790778896771, 0.0011763968505, 0.000580406631343, 0.00105220789555, 0.00054354959866, 0.000337412639055, 0.000364549108781, 0.00025880523026, 0.000213632709347, 0.000157633519848, 0.000143398763612, 0.000104945749626, 4.79180707771e-05, 1.82691619557e-05, 8.20617515274e-06, 8.08471384062e-07, 4.29382573941e-08],
        "dvar": [8.95144847135e-09, 4.589549917e-06, 5.50554341316e-06, 7.79774563853e-06, 1.27763416913e-06, 1.82288658834e-06, 1.00343538634e-06, 3.19837022289e-06, 3.28248938786e-06, 4.03541343985e-06, 8.38854020913e-07, 2.57787496594e-06, 6.12560086211e-07, 1.66116547007e-06, 3.81393022053e-07, 1.14498512005e-07, 1.25242621607e-07, 1.07943840533e-07, 5.61516522168e-08, 3.84623888294e-08, 1.25535322582e-07, 7.51278150801e-08, 1.3927309972e-08, 1.66390046186e-09, 2.63820743029e-10, 1.75133269432e-12, 2.37587892441e-15],
        "dvar2": [2.61975330318e-08, 1.21943357954e-05, 1.28860110635e-05, 1.61693078553e-05, 3.19404216498e-06, 4.75450542581e-06, 2.45308706326e-06, 8.09171251603e-06, 8.39319454826e-06, 1.0245199519e-05, 1.75950310677e-06, 6.83006010149e-06, 1.50841435698e-06, 4.73945283375e-06, 9.53466610554e-07, 2.92660047307e-07, 3.51235769358e-07, 3.07884164386e-07, 1.40588241493e-07, 8.23212147338e-08, 3.24123959672e-07, 2.09220374359e-07, 3.42953718757e-08, 4.24856505532e-09, 6.80581091483e-10, 4.48213948595e-12, 6.42365816165e-15],
        "max": [0.000900015758816, 0.0274011492729, 0.0386232063174, 0.0569281801581, 0.0195201411843, 0.0201088413596, 0.0159641094506, 0.0438747182488, 0.0264671947807, 0.024729738012, 0.0230023767799, 0.025455839932, 0.0131197581068, 0.0163868702948, 0.0133761027828, 0.00592893734574, 0.00438855262473, 0.00423715310171, 0.00496149715036, 0.00563670042902, 0.00481258518994, 0.00334708276205, 0.00168881274294, 0.000555702776182, 0.000211351114558, 1.90066220966e-05, 7.77988020673e-07],
        "mean": [9.12358300411e-05, 0.0028058681637, 0.00359202572145, 0.00378694315441, 0.00198243604973, 0.00189803517424, 0.00125463982113, 0.00196873862296, 0.00175253278576, 0.00238486914895, 0.00107805954758, 0.00121359655168, 0.000754784618039, 0.00112960580736, 0.00071401707828, 0.000429055595305, 0.000455444678664, 0.000287347909762, 0.000329275004333, 0.000283094675979, 0.000110288361611, 5.48152493138e-05, 3.66379354091e-05, 1.56546229846e-05, 7.0250389399e-06, 6.49400362818e-07, 2.1860103061e-08],
        "median": [3.14591015922e-05, 0.00157860782929, 0.00156740657985, 0.00128525600303, 0.00124626990873, 0.00125040742569, 0.000727631035261, 0.000819480861537, 0.000818645465188, 0.00147474906407, 0.000607596361078, 0.000426777929533, 0.000335479940986, 0.000455030472949, 0.000385530525818, 0.000276934151771, 0.00027027487522, 0.000170639890712, 0.000135387177579, 0.000120949189295, 2.98812192341e-05, 6.54627638141e-06, 5.13610802955e-06, 3.1549900541e-06, 2.04823436434e-06, 1.97725597673e-07, 7.73029107393e-09],
        "min": [5.22949423036e-24, 1.67270161006e-23, 1.58491259314e-23, 6.53417629314e-24, 2.50628130451e-23, 3.35415862954e-23, 5.02837264373e-23, 8.08242712791e-23, 5.55051241938e-23, 1.08987318726e-22, 1.52428626599e-22, 2.54608975014e-23, 1.55122403574e-22, 7.33286348646e-23, 6.54271894677e-23, 1.35611790796e-22, 1.68397859758e-22, 2.01583584589e-22, 2.39025939755e-22, 2.88445260811e-22, 4.67243298661e-22, 3.50372078805e-22, 5.42295802863e-22, 1.03381774107e-21, 1.14844475894e-21, 1.68530547425e-21, 2.54309308213e-21],
        "var": [1.49547432216e-08, 1.0543712051e-05, 2.43669746851e-05, 6.17923724349e-05, 4.54172777609e-06, 4.3470545279e-06, 2.28526482715e-06, 1.11812041723e-05, 7.62330455473e-06, 8.60069394548e-06, 2.29794977713e-06, 5.44668864677e-06, 1.60032504937e-06, 3.00245301332e-06, 1.13533815238e-06, 2.60726693568e-07, 3.11546415332e-07, 1.37250239618e-07, 2.33874729361e-07, 1.71268197846e-07, 1.10951368981e-07, 5.30172350466e-08, 1.43152272258e-08, 2.13250905823e-09, 3.26159321773e-10, 2.48256124859e-12, 1.96353269778e-15]
    },
    "erbbands": {
        "dmean": [0.032740958035, 0.324931353331, 1.30467569828, 3.72876667976, 3.87626314163, 3.12595558167, 3.27726125717, 9.30925273895, 11.1039476395, 10.5986804962, 25.8062019348, 19.3883419037, 48.6188850403, 15.5045146942, 20.24659729, 30.4336986542, 17.294178009, 29.7417011261, 19.7255172729, 16.0877876282, 10.6922264099, 10.7720966339, 7.97557067871, 7.09783840179, 6.67309570312, 4.7750916481, 2.56166028976, 4.30503368378, 2.55433964729, 0.956226766109, 0.931364774704, 0.312626808882, 0.183265641332, 0.0691100507975, 0.0298962276429, 0.00644406862557, 0.000605220091529, 9.14613046916e-05, 4.98584768138e-06, 6.81659867041e-06],
        "dmean2": [0.0527610331774, 0.531539320946, 2.14162492752, 6.06981563568, 6.26455974579, 4.99415969849, 5.26785230637, 15.1098842621, 18.1171646118, 16.9438152313, 40.615737915, 30.8191566467, 76.4572525024, 24.3448429108, 31.3681907654, 50.9668731689, 27.6786003113, 48.0765075684, 32.4683799744, 26.0524463654, 17.0990619659, 18.1263751984, 13.3504638672, 11.727602005, 10.2819986343, 7.10958051682, 4.02389574051, 7.0764503479, 4.43450498581, 1.52605378628, 1.45619356632, 0.490483015776, 0.301100939512, 0.111780501902, 0.0486510619521, 0.0105390576646, 0.000986361294053, 0.000156966139912, 7.90464400779e-06, 1.05619983515e-05],
        "dvar": [0.00363343651406, 0.275291770697, 3.92251062393, 32.8745002747, 46.4893798828, 19.8912067413, 26.6761360168, 172.693557739, 288.361297607, 298.903839111, 2352.53344727, 1347.88378906, 6797.34814453, 559.828857422, 1236.06237793, 4849.88427734, 1164.19665527, 3481.94628906, 1377.74023438, 987.69519043, 307.897521973, 337.849945068, 366.697570801, 156.963699341, 149.313949585, 67.3602752686, 30.1713962555, 383.640411377, 135.751541138, 12.9433412552, 14.0900125504, 1.14720094204, 0.520182967186, 0.0404402799904, 0.0111074838787, 0.000441087642685, 2.08459982787e-06, 2.53850593879e-08, 7.72340941202e-11, 5.62759318312e-11],
        "dvar2": [0.010365081951, 0.716625750065, 9.46416854858, 79.1813812256, 100.942962646, 44.4171180725, 64.5785369873, 455.654388428, 724.760620117, 758.945678711, 6017.36279297, 3428.890625, 17945.5019531, 1304.33178711, 2564.03735352, 13530.3144531, 2965.58837891, 9723.07714844, 3309.7800293, 2641.81274414, 760.542419434, 937.621643066, 1030.16503906, 424.539886475, 344.098724365, 149.623825073, 74.8032531738, 986.866516113, 377.429779053, 33.1604537964, 35.1003837585, 2.81186246872, 1.40968728065, 0.104041539133, 0.0292319916189, 0.00112736562733, 5.28710324943e-06, 6.67954580535e-08, 2.03491196116e-10, 1.25086260794e-10],
        "max": [0.814028263092, 6.30184984207, 28.8153114319, 90.2192077637, 135.492584229, 90.5185241699, 89.470741272, 199.393920898, 223.137359619, 316.946746826, 953.758972168, 607.231079102, 903.221313477, 379.657836914, 803.696105957, 1048.73522949, 665.498291016, 963.743652344, 846.333435059, 584.568847656, 350.167266846, 276.604522705, 283.533111572, 174.830551147, 248.452636719, 156.854400635, 76.0613555908, 270.899200439, 147.022247314, 56.5417022705, 56.2545585632, 16.6079826355, 11.2601776123, 3.16433167458, 1.66153359413, 0.241310760379, 0.0237251743674, 0.00233682477847, 0.000169556224137, 0.000121670178487],
        "mean": [0.062538638711, 0.715804815292, 3.46388578415, 8.92268848419, 9.29400348663, 7.54972362518, 7.33986377716, 17.7814407349, 19.4906291962, 21.2692871094, 51.1845474243, 39.8642616272, 96.0956497192, 34.7263870239, 44.8625106812, 54.3292999268, 38.8855171204, 56.4116172791, 42.9316101074, 33.639125824, 24.404340744, 24.1594028473, 16.575969696, 15.6194238663, 17.5172901154, 12.9933929443, 5.66066265106, 4.3417634964, 2.24779486656, 1.14429199696, 1.09197509289, 0.426017522812, 0.227204874158, 0.0961416214705, 0.0374262556434, 0.00758859328926, 0.000781309965532, 9.97583556455e-05, 1.84528180398e-05, 3.36305529345e-05],
        "median": [0.0320339128375, 0.435862183571, 2.29090642929, 4.19771575928, 3.88916635513, 4.3485212326, 4.81704425812, 11.1335906982, 10.7681789398, 12.861782074, 22.2218971252, 20.1170845032, 56.3369064331, 21.2264175415, 25.2616348267, 21.7425041199, 19.2487335205, 24.3320770264, 23.0776481628, 19.1057109833, 16.6867866516, 14.5171718597, 10.0123767853, 8.26295661926, 6.67149496078, 5.74250507355, 2.64629197121, 0.670055389404, 0.259297251701, 0.190528333187, 0.139599114656, 0.0741490125656, 0.0492091104388, 0.0268406607211, 0.00943091697991, 0.00151354889385, 0.000300762912957, 4.62871212221e-05, 1.60018335009e-05, 2.95279387501e-05],
        "min": [1.29508178334e-22, 4.8925281579e-21, 2.01676149149e-20, 2.39990072679e-20, 5.77141426343e-20, 8.30085567467e-20, 1.48078732558e-19, 3.57022939702e-19, 8.41672506692e-19, 7.77617552911e-19, 1.67417768085e-18, 1.11502416288e-18, 3.23126711881e-18, 4.64063874638e-18, 4.2107844149e-18, 1.32728522211e-18, 7.07134868103e-18, 4.22376866897e-18, 4.15465979675e-18, 6.77571143498e-18, 4.95910038708e-18, 1.05003531185e-17, 9.41739750718e-18, 1.27638509738e-17, 1.29706792142e-17, 1.46683540977e-17, 1.53422631059e-17, 2.00547209817e-17, 1.3513048307e-17, 1.57759241225e-17, 1.53781677075e-17, 2.62746940173e-17, 1.13410374545e-17, 9.98855165807e-18, 9.7749355736e-18, 6.17025782639e-18, 3.08389910242e-18, 1.16705702873e-18, 3.48796292468e-19, 4.06994671802e-20],
        "var": [0.00629907799885, 0.629452049732, 14.4873628616, 178.835647583, 319.321014404, 90.676361084, 66.3906860352, 405.425354004, 602.322387695, 832.643615723, 6627.92675781, 3094.13964844, 14372.9267578, 1605.78344727, 3503.52368164, 9669.44921875, 3370.57714844, 6906.63037109, 4138.20117188, 2085.52294922, 765.963684082, 873.611206055, 486.510223389, 397.384765625, 679.063476562, 333.711242676, 60.8807144165, 319.042449951, 94.6475601196, 12.8334388733, 14.030960083, 1.6336838007, 0.479774296284, 0.0609088428319, 0.0110321948305, 0.000476703193272, 2.98623695016e-06, 2.56819792099e-08, 1.42737030528e-10, 3.61304375307e-10]
    },
    "gfcc": {
        "mean": [-17.857717514, 150.889801025, -152.656707764, 24.7865047455, -47.7830848694, 5.71624231339, -25.0876274109, 5.64451885223, -18.3095016479, -7.60016584396, -8.99644947052, -15.5265312195, -4.44099283218],
        "cov": [[3144.47705078, -900.976196289, -612.345703125, 353.660095215, -359.889343262, 146.047622681, -92.2441329956, 277.720489502, -200.707366943, 210.932876587, 35.0410270691, -116.135040283, -12.9742326736], [-900.976196289, 1155.18457031, 253.169616699, -282.059326172, 437.054351807, -278.082946777, 164.317092896, -154.027191162, 70.5641937256, -137.697250366, 117.241287231, -60.6696395874, 4.48238754272], [-612.345703125, 253.169616699, 648.209106445, 11.777923584, -5.55821180344, 52.7727813721, -48.9441413879, -87.2591705322, -10.1809415817, -36.7102775574, -57.0832557678, 31.5679340363, -2.76195693016], [353.660095215, -282.059326172, 11.777923584, 286.738006592, -94.1067886353, 78.1201629639, -39.0731811523, 31.8368282318, 9.80609703064, 26.9474391937, -48.8749923706, 14.2414960861, 28.4846668243], [-359.889343262, 437.054351807, -5.55821180344, -94.1067886353, 331.580627441, -128.843948364, 92.8146743774, -15.9976243973, 38.465461731, -38.3849868774, 40.3623733521, -21.470949173, 0.0179318580776], [146.047622681, -278.082946777, 52.7727813721, 78.1201629639, -128.843948364, 270.284637451, -22.1791934967, 19.1581058502, 16.8915348053, 19.3859176636, -43.0448265076, 28.0752849579, -7.76204824448], [-92.2441329956, 164.317092896, -48.9441413879, -39.0731811523, 92.8146743774, -22.1791934967, 135.101791382, -1.58201885223, 18.189535141, -16.0982608795, 38.0064735413, -6.54983663559, -14.0660829544], [277.720489502, -154.027191162, -87.2591705322, 31.8368282318, -15.9976243973, 19.1581058502, -1.58201885223, 132.686325073, -18.9513244629, 53.575428009, 14.2605934143, -12.3667516708, 25.4246082306], [-200.707366943, 70.5641937256, -10.1809415817, 9.80609703064, 38.465461731, 16.8915348053, 18.189535141, -18.9513244629, 122.455680847, -13.2239456177, -10.6737070084, 31.7580108643, 1.93340659142], [210.932876587, -137.697250366, -36.7102775574, 26.9474391937, -38.3849868774, 19.3859176636, -16.0982608795, 53.575428009, -13.2239456177, 106.514007568, 20.4157390594, -6.33538246155, 9.37387561798], [35.0410270691, 117.241287231, -57.0832557678, -48.8749923706, 40.3623733521, -43.0448265076, 38.0064735413, 14.2605934143, -10.6737070084, 20.4157390594, 115.50440979, -12.4413146973, 12.1077165604], [-116.135040283, -60.6696395874, 31.5679340363, 14.2414960861, -21.470949173, 28.0752849579, -6.54983663559, -12.3667516708, 31.7580108643, -6.33538246155, -12.4413146973, 104.752105713, 6.91052389145], [-12.9742326736, 4.48238754272, -2.76195693016, 28.4846668243, 0.0179318580776, -7.76204824448, -14.0660829544, 25.4246082306, 1.93340659142, 9.37387561798, 12.1077165604, 6.91052389145, 66.0445022583]],
        "icov": [[0.000879126426298, -0.000992456218228, 0.00117289577611, -0.00143396179192, 0.00103696167935, -0.000598106184043, 0.000778955582064, -0.00138754502404, 0.00157015770674, -0.000945644918829, 0.000174356770003, -0.000119362972328, 0.00160582480021], [-0.000992456218228, 0.00845985207707, -0.00471555022523, 0.00485232332721, -0.0059590600431, 0.00379814836197, -0.00430911360309, 0.005682956893, -0.00537626119331, 0.00469248462468, -0.00457924138755, 0.00447896542028, -0.00585436774418], [0.00117289577611, -0.00471555022523, 0.00502538494766, -0.0034092576243, 0.00312926946208, -0.00279508205131, 0.00322608067654, -0.0023847038392, 0.00442862091586, -0.00296358554624, 0.00285198446363, -0.00258805346675, 0.00354570569471], [-0.00143396179192, 0.00485232332721, -0.0034092576243, 0.008325971663, -0.00297292764299, 0.00175750430208, -0.00288213742897, 0.00361293973401, -0.00466820970178, 0.00238665612414, -0.000387579464586, 0.00222470238805, -0.00650567328557], [0.00103696167935, -0.0059590600431, 0.00312926946208, -0.00297292764299, 0.00953608751297, -0.000684669066686, 0.000352319417289, -0.00494371773675, 0.00236292276531, -0.00256495503709, 0.00297513930127, -0.00203809142113, 0.00387905095704], [-0.000598106184043, 0.00379814836197, -0.00279508205131, 0.00175750430208, -0.000684669066686, 0.00703742308542, -0.0029777335003, 0.00152927578893, -0.0038326641079, 0.001895451569, -0.001014535781, 0.00138021900784, -0.00176105054561], [0.000778955582064, -0.00430911360309, 0.00322608067654, -0.00288213742897, 0.000352319417289, -0.0029777335003, 0.0131694357842, -0.00378595083021, 0.00231228373013, -0.000891687406693, -0.001112591126, -0.00226415111683, 0.00623538577929], [-0.00138754502404, 0.005682956893, -0.0023847038392, 0.00361293973401, -0.00494371773675, 0.00152927578893, -0.00378595083021, 0.016124740243, -0.0026814728044, -0.00132747949101, -0.00217948341742, 0.00328033068217, -0.00882567558438], [0.00157015770674, -0.00537626119331, 0.00442862091586, -0.00466820970178, 0.00236292276531, -0.0038326641079, 0.00231228373013, -0.0026814728044, 0.0148366447538, -0.00360099319369, 0.00353652145714, -0.00528830615804, 0.00392732722685], [-0.000945644918829, 0.00469248462468, -0.00296358554624, 0.00238665612414, -0.00256495503709, 0.001895451569, -0.000891687406693, -0.00132747949101, -0.00360099319369, 0.0159446410835, -0.00548009108752, 0.00256413384341, -0.00253425026312], [0.000174356770003, -0.00457924138755, 0.00285198446363, -0.000387579464586, 0.00297513930127, -0.001014535781, -0.001112591126, -0.00217948341742, 0.00353652145714, -0.00548009108752, 0.0148351406679, -0.0023068964947, -0.000690533779562], [-0.000119362972328, 0.00447896542028, -0.00258805346675, 0.00222470238805, -0.00203809142113, 0.00138021900784, -0.00226415111683, 0.00328033068217, -0.00528830615804, 0.00256413384341, -0.0023068964947, 0.0137048950419, -0.00419762823731], [0.00160582480021, -0.00585436774418, 0.00354570569471, -0.00650567328557, 0.00387905095704, -0.00176105054561, 0.00623538577929, -0.00882567558438, 0.00392732722685, -0.00253425026312, -0.000690533779562, -0.00419762823731, 0.0241363011301]]
    },
    "melbands": {
        "dmean": [0.000324062857544, 0.000583857123274, 0.000637661491055, 0.000216396598262, 0.000117259427498, 0.000211417485843, 0.000161870135344, 0.000122472003568, 0.000213086852455, 0.000126254642964, 0.000243113958277, 6.15983008174e-05, 7.68363388488e-05, 7.72445928305e-05, 5.8476387494e-05, 3.61641359632e-05, 6.32687369944e-05, 3.6577705032e-05, 2.18598233914e-05, 1.77779165824e-05, 1.385597443e-05, 1.29525251396e-05, 9.78988828138e-06, 7.46457817513e-06, 6.15256112724e-06, 5.59167574465e-06, 5.04178387928e-06, 3.05520302391e-06, 1.74774856987e-06, 2.25274857257e-06, 2.4698431389e-06, 1.64953974036e-06, 7.74633122091e-07, 4.88293323997e-07, 6.74328418881e-07, 2.98379632113e-07, 1.53237493805e-07, 1.39035265079e-07, 1.02630060894e-07, 4.57280471267e-08],
        "dmean2": [0.000527082185727, 0.000948018976487, 0.00102880038321, 0.000346126354998, 0.000187989193364, 0.000343889492797, 0.000262439192738, 0.000195282860659, 0.000335262942826, 0.000203226591111, 0.000382575031836, 9.69774773694e-05, 0.000118642135931, 0.00012974072888, 9.69199099927e-05, 5.77328355575e-05, 0.000103266298538, 6.07063084317e-05, 3.57835306204e-05, 2.91158467007e-05, 2.2243391868e-05, 2.17656288442e-05, 1.6771537048e-05, 1.25256010506e-05, 1.0246909369e-05, 8.9201676019e-06, 7.81650123827e-06, 4.61248282591e-06, 2.77630988421e-06, 3.59598720934e-06, 4.11465953221e-06, 2.92674235425e-06, 1.29931379433e-06, 7.65907088862e-07, 1.05646688553e-06, 4.8092238103e-07, 2.40392296291e-07, 2.30777757793e-07, 1.70392951304e-07, 7.22907600448e-08],
        "dvar": [3.2379139725e-07, 6.90658282565e-07, 1.04733180706e-06, 8.72778826988e-08, 3.24551336917e-08, 8.59246469531e-08, 5.68211042662e-08, 3.67407260171e-08, 1.58501578085e-07, 5.80754431212e-08, 1.6834201233e-07, 9.449379057e-09, 1.80354362556e-08, 3.4598102161e-08, 1.39317473113e-08, 4.73038852533e-09, 1.72791256858e-08, 5.53942092196e-09, 1.6240764289e-09, 1.02357788911e-09, 5.16193643385e-10, 4.14974443697e-10, 4.89126017467e-10, 2.18740775493e-10, 1.21631607564e-10, 1.11481122944e-10, 1.14544297658e-10, 2.64667281147e-11, 8.80738884601e-12, 7.84761283734e-11, 1.3733475468e-10, 6.07112068951e-11, 1.27134223288e-11, 2.98508353452e-12, 7.66632243798e-12, 1.27644227653e-12, 2.57062627478e-13, 3.10413776931e-13, 1.27154729346e-13, 1.3335773966e-14],
        "dvar2": [8.95967843917e-07, 1.70649639131e-06, 2.30887144426e-06, 2.07369851069e-07, 7.84439322388e-08, 2.27691998589e-07, 1.4263258663e-07, 9.13827804538e-08, 4.06235642458e-07, 1.48216457774e-07, 4.43030131692e-07, 2.2189961868e-08, 3.76581787975e-08, 8.79502124462e-08, 3.74717146201e-08, 1.20947678539e-08, 4.85112217063e-08, 1.38565443564e-08, 3.99537736229e-09, 2.78017275868e-09, 1.30378752239e-09, 1.13687548264e-09, 1.38329958599e-09, 6.19381379519e-10, 3.26683957663e-10, 2.74538503042e-10, 2.45437753454e-10, 5.92120102949e-11, 2.15810251614e-11, 1.98292618436e-10, 3.60756369222e-10, 1.71253011771e-10, 3.46068521062e-11, 7.40426990553e-12, 1.90647254927e-11, 3.32462508044e-12, 6.18788711677e-13, 8.52271541101e-13, 3.34697493245e-13, 3.3933451074e-14],
        "max": [0.00769278360531, 0.0113696772605, 0.0191757250577, 0.00521481595933, 0.00352394091897, 0.00415795436129, 0.00359381595626, 0.00559308473021, 0.00887327361852, 0.00367802078836, 0.004604219459, 0.00161190191284, 0.00335983862169, 0.00347142782994, 0.00197697361, 0.00110830075573, 0.00215644831769, 0.00168733508326, 0.00084899488138, 0.000446346675744, 0.000421679578722, 0.000243442555075, 0.000335705903126, 0.000207988865441, 0.000153847824549, 0.000205569493119, 0.000352089293301, 9.09619338927e-05, 4.23224664701e-05, 0.000126859958982, 0.000179650771315, 0.00010814874986, 6.27556801192e-05, 1.98200086743e-05, 3.76283060177e-05, 1.64288703672e-05, 8.23272876005e-06, 9.22341223486e-06, 4.47834736406e-06, 2.13197927224e-06],
        "mean": [0.000661757600028, 0.00156026473269, 0.00167486304417, 0.000548970070668, 0.000288868584903, 0.000401709374273, 0.000290975527605, 0.000251521589234, 0.000411293556681, 0.000250431068707, 0.000475628767163, 0.000126190294395, 0.000159823059221, 0.000135473528644, 0.000109539541882, 7.80698101153e-05, 0.000110845845484, 7.22759068594e-05, 4.77029752801e-05, 3.53064933734e-05, 2.8230717362e-05, 2.66521092271e-05, 1.82631920325e-05, 1.371205326e-05, 1.22484925669e-05, 1.26720924527e-05, 1.21831153592e-05, 7.75320131652e-06, 3.94627022615e-06, 2.70195550911e-06, 2.23532401833e-06, 1.36009930429e-06, 7.88878935509e-07, 5.93219283473e-07, 7.63169907714e-07, 3.5075396454e-07, 2.15506091195e-07, 1.60642073865e-07, 1.28524007437e-07, 6.41592876605e-08],
        "median": [0.000378296012059, 0.00125955953263, 0.000789478421211, 0.000313559023198, 0.000191800150787, 0.000253401260125, 0.000166025944054, 0.000142378965393, 0.000178237518412, 0.000121467426652, 0.0002795898763, 7.13520421414e-05, 9.16405115277e-05, 4.92628241773e-05, 4.5588305511e-05, 3.82235266443e-05, 4.37784183305e-05, 3.42897474184e-05, 2.74469748547e-05, 2.11779424717e-05, 1.78641730599e-05, 1.58583552547e-05, 8.80184325069e-06, 7.7699751273e-06, 5.95482833887e-06, 4.74538865092e-06, 4.45569367002e-06, 3.47057607542e-06, 1.71403871718e-06, 6.77236585034e-07, 2.12069252825e-07, 1.30805489107e-07, 1.04623147479e-07, 9.93767130808e-08, 8.24143953082e-08, 5.69034170894e-08, 3.80051758953e-08, 3.1415439139e-08, 3.007898286e-08, 1.90012112711e-08],
        "min": [2.97066044801e-24, 9.63110339537e-24, 3.97706118633e-24, 6.87953920302e-24, 4.19875871083e-24, 8.7149171846e-24, 1.08505592925e-23, 1.01351168829e-23, 1.27737887688e-23, 7.44010455113e-24, 1.67785886712e-23, 1.8795948975e-23, 1.75718025109e-23, 4.4724993614e-24, 5.14359358866e-24, 1.8768091141e-23, 6.15137562243e-24, 6.70468581679e-24, 6.53318824486e-24, 1.09869296772e-23, 4.25405076054e-24, 1.12888543558e-23, 7.39898833189e-24, 1.08703218359e-23, 9.93850829064e-24, 9.49660655533e-24, 9.88270742565e-24, 9.17434898694e-24, 8.83522083923e-24, 9.03416761522e-24, 1.32546381447e-23, 7.44831659315e-24, 6.06752089149e-24, 1.10426201017e-23, 9.11862306374e-24, 1.13844682418e-23, 1.78075409706e-23, 7.48510117716e-24, 7.68063928518e-24, 8.16447055532e-24],
        "var": [6.17363298261e-07, 2.1845567062e-06, 7.22210779713e-06, 4.59276122911e-07, 9.50331511262e-08, 2.00759401991e-07, 1.26260005118e-07, 1.45962829379e-07, 4.08664760698e-07, 1.33518881285e-07, 3.57836199782e-07, 2.52846792392e-08, 4.79267434628e-08, 7.01247415691e-08, 3.32189458163e-08, 1.37304780878e-08, 3.14857473427e-08, 1.38351490264e-08, 4.54868320787e-09, 2.00275684925e-09, 1.13969045312e-09, 1.00911801137e-09, 9.09057995546e-10, 2.98217339711e-10, 2.87100371255e-10, 4.20580098526e-10, 4.08350714354e-10, 1.18520235293e-10, 2.85394156224e-11, 7.26616961044e-11, 1.07016152884e-10, 4.01098911029e-11, 1.01461946483e-11, 3.15475618719e-12, 7.67035046589e-12, 1.31372712188e-12, 4.23680784466e-13, 2.62290921404e-13, 1.44100971932e-13, 2.48601832208e-14]
    },
    "mfcc": {
        "mean": [-647.524291992, 172.430450439, -34.9010696411, 21.8588161469, -0.864305078983, 0.232767343521, 5.23948812485, 3.58461403847, -0.399608284235, 8.98583507538, -5.08844852448, -1.74947488308, -1.91256475449],
        "cov": [[2914.76318359, -1276.55371094, -403.205993652, 52.4145774841, -232.658889771, -142.335083008, 136.600631714, -84.7195663452, -29.2568759918, 190.985321045, 39.5784645081, 71.9135131836, 31.2965126038], [-1276.55371094, 1470.9732666, -91.6877975464, 75.1975479126, 180.167556763, -84.8782424927, 123.910652161, -22.501707077, -72.5419616699, 1.42706751823, -10.7578287125, -46.5022163391, 31.8307151794], [-403.205993652, -91.6877975464, 671.01348877, -52.445690155, 29.6731815338, 139.708648682, -75.5480575562, 11.6698131561, 22.2976722717, -106.683685303, -7.71097183228, -8.68083667755, -47.7050361633], [52.4145774841, 75.1975479126, -52.445690155, 241.878143311, 34.5263786316, -40.252532959, 11.2909946442, -17.076177597, 16.8224411011, 19.3049259186, -48.588924408, 8.36700057983, 12.8237314224], [-232.658889771, 180.167556763, 29.6731815338, 34.5263786316, 156.31211853, 4.72047376633, 2.05184936523, 1.81776237488, 29.2930297852, 2.84781479836, -5.86020755768, -9.58044338226, -1.67035794258], [-142.335083008, -84.8782424927, 139.708648682, -40.252532959, 4.72047376633, 206.955108643, -61.9385147095, 68.1459503174, 27.0953731537, -26.4483127594, 31.2902317047, -15.8924226761, -45.7101364136], [136.600631714, 123.910652161, -75.5480575562, 11.2909946442, 2.05184936523, -61.9385147095, 179.472381592, -25.3377666473, -35.4767799377, 52.5897521973, 12.627532959, 3.86991596222, 26.7658672333], [-84.7195663452, -22.501707077, 11.6698131561, -17.076177597, 1.81776237488, 68.1459503174, -25.3377666473, 122.837631226, 28.8382568359, -24.3086853027, 12.1014680862, -2.14855861664, -11.3501529694], [-29.2568759918, -72.5419616699, 22.2976722717, 16.8224411011, 29.2930297852, 27.0953731537, -35.4767799377, 28.8382568359, 95.8081359863, 9.09214687347, -1.22941565514, -1.71929621696, -6.0892868042], [190.985321045, 1.42706751823, -106.683685303, 19.3049259186, 2.84781479836, -26.4483127594, 52.5897521973, -24.3086853027, 9.09214687347, 123.788513184, 19.9203414917, -12.3576164246, 16.5314006805], [39.5784645081, -10.7578287125, -7.71097183228, -48.588924408, -5.86020755768, 31.2902317047, 12.627532959, 12.1014680862, -1.22941565514, 19.9203414917, 78.5960235596, 5.69231987, 3.05602192879], [71.9135131836, -46.5022163391, -8.68083667755, 8.36700057983, -9.58044338226, -15.8924226761, 3.86991596222, -2.14855861664, -1.71929621696, -12.3576164246, 5.69231987, 81.0678863525, 13.8632459641], [31.2965126038, 31.8307151794, -47.7050361633, 12.8237314224, -1.67035794258, -45.7101364136, 26.7658672333, -11.3501529694, -6.0892868042, 16.5314006805, 3.05602192879, 13.8632459641, 73.3713989258]],
