{
"lowlevel": {
    "average_loudness": 0.950443506241,
    "barkbands_crest": {
        "dmean": 1.48908042908,
        "dmean2": 2.2855079174,
        "dvar": 4.1024980545,
        "dvar2": 8.80819797516,
        "max": 25.9684238434,
        "mean": 13.6183681488,
        "median": 13.280582428,
        "min": 3.53792786598,
        "var": 25.5952663422
    },
    "barkbands_flatness_db": {
        "dmean": 0.0225770026445,
        "dmean2": 0.0317016877234,
        "dvar": 0.000710364547558,
        "dvar2": 0.00132616050541,
        "max": 0.581271886826,
        "mean": 0.277594000101,
        "median": 0.256240487099,
        "min": 0.0460822805762,
        "var": 0.0112918587402
    },
    "barkbands_kurtosis": {
        "dmean": 2.95135831833,
        "dmean2": 4.42272233963,
        "dvar": 54.5929718018,
        "dvar2": 112.331375122,
        "max": 161.47883606,
        "mean": 7.71292352676,
        "median": 2.56182909012,
        "min": -1.65971505642,
        "var": 208.555099487
    },
    "barkbands_skewness": {
        "dmean": 0.412671923637,
        "dmean2": 0.599226474762,
        "dvar": 0.349122464657,
        "dvar2": 0.685483813286,
        "max": 8.96320056915,
        "mean": 1.9594296217,
        "median": 1.70499396324,
        "min": -1.97863221169,
        "var": 2.31281089783
    },
    "barkbands_spread": {
        "dmean": 2.16024637222,
        "dmean2": 3.25244379044,
        "dvar": 15.5844173431,
        "dvar2": 35.1410560608,
        "max": 60.9761924744,
        "mean": 9.6117515564,
        "median": 8.50345993042,
        "min": 0.376050174236,
        "var": 55.00963974
    },
    "dissonance": {
        "dmean": 0.0351095832884,
        "dmean2": 0.0590272247791,
        "dvar": 0.00126280332915,
        "dvar2": 0.00342672993429,
        "max": 0.499999970198,
        "mean": 0.404330343008,
        "median": 0.423897236586,
        "min": 0.0921217054129,
        "var": 0.00523891765624
    },
    "dynamic_complexity": 2.93369293213,
    "erbbands_crest": {
        "dmean": 1.73059892654,
        "dmean2": 2.59252095222,
        "dvar": 3.78529667854,
        "dvar2": 8.47073459625,
        "max": 27.4993877411,
        "mean": 11.755241394,
        "median": 11.1917457581,
        "min": 3.41678619385,
        "var": 17.919626236
    },
    "erbbands_flatness_db": {
        "dmean": 0.0165576860309,
        "dmean2": 0.0223850049078,
        "dvar": 0.000327348796418,
        "dvar2": 0.000572810415179,
        "max": 0.486782997847,
        "mean": 0.273377418518,
        "median": 0.272200167179,
        "min": 0.0995269715786,
        "var": 0.00480475649238
    },
    "erbbands_kurtosis": {
        "dmean": 0.804651856422,
        "dmean2": 1.19567894936,
        "dvar": 2.99591255188,
        "dvar2": 6.97178602219,
        "max": 49.3955039978,
        "mean": 0.734058260918,
        "median": -0.0164524316788,
        "min": -1.79099059105,
        "var": 8.92073440552
    },
    "erbbands_skewness": {
        "dmean": 0.277762234211,
        "dmean2": 0.401111751795,
        "dvar": 0.119872905314,
        "dvar2": 0.262127757072,
        "max": 6.12923145294,
        "mean": 0.403149813414,
        "median": 0.264045864344,
        "min": -1.57039523125,
        "var": 0.741766870022
    },
    "erbbands_spread": {
        "dmean": 4.22960519791,
        "dmean2": 6.0769777298,
        "dvar": 54.4475784302,
        "dvar2": 123.921340942,
        "max": 126.609420776,
        "mean": 22.6589374542,
        "median": 20.4540786743,
        "min": 2.98129296303,
        "var": 185.233901978
    },
    "hfc": {
        "dmean": 2.73064613342,
        "dmean2": 3.82019853592,
        "dvar": 30.5912780762,
        "dvar2": 66.876953125,
        "max": 97.2570571899,
        "mean": 14.4540777206,
        "median": 12.7029809952,
        "min": 1.26151277047e-16,
        "var": 123.15637207
    },
    "melbands_crest": {
        "dmean": 1.90891826153,
        "dmean2": 2.9584441185,
        "dvar": 8.06285381317,
        "dvar2": 17.5942001343,
        "max": 34.2853736877,
        "mean": 18.9337825775,
        "median": 19.5994415283,
        "min": 3.1720187664,
        "var": 42.750579834
    },
    "melbands_flatness_db": {
        "dmean": 0.0250939913094,
        "dmean2": 0.0340986475348,
        "dvar": 0.00101532263216,
        "dvar2": 0.00196972489357,
        "max": 0.6682279706,
        "mean": 0.351758539677,
        "median": 0.326552629471,
        "min": 0.00636310921982,
        "var": 0.0171654187143
    },
    "melbands_kurtosis": {
        "dmean": 4.80249023438,
        "dmean2": 6.91499137878,
        "dvar": 147.179367065,
        "dvar2": 277.826690674,
        "max": 334.909088135,
        "mean": 13.9203662872,
        "median": 6.55329847336,
        "min": -1.25269782543,
        "var": 628.458679199
    },
    "melbands_skewness": {
        "dmean": 0.484176158905,
        "dmean2": 0.687140107155,
        "dvar": 0.482290893793,
        "dvar2": 0.993408024311,
        "max": 15.2265110016,
        "mean": 2.63260984421,
        "median": 2.40722990036,
        "min": -0.760601103306,
        "var": 3.0797791481
    },
    "melbands_spread": {
        "dmean": 2.75207996368,
        "dmean2": 4.29316520691,
        "dvar": 40.1478118896,
        "dvar2": 91.1136245728,
        "max": 138.661346436,
        "mean": 12.2153186798,
        "median": 10.5664615631,
        "min": 0.422252476215,
        "var": 99.0298843384
    },
    "pitch_salience": {
        "dmean": 0.0489920601249,
        "dmean2": 0.074540682137,
        "dvar": 0.00407339213416,
        "dvar2": 0.00879413634539,
        "max": 0.97771024704,
        "mean": 0.417992949486,
        "median": 0.405934900045,
        "min": 0.084677785635,
        "var": 0.0206525437534
    },
    "silence_rate_20dB": {
        "dmean": 0,
        "dmean2": 0,
        "dvar": 0,
        "dvar2": 0,
        "max": 1,
        "mean": 1,
        "median": 1,
        "min": 1,
        "var": 0
    },
    "silence_rate_30dB": {
        "dmean": 0,
        "dmean2": 0,
        "dvar": 0,
        "dvar2": 0,
        "max": 1,
        "mean": 1,
        "median": 1,
        "min": 1,
        "var": 0
    },
    "silence_rate_60dB": {
        "dmean": 0.0170190818608,
        "dmean2": 0.0340557284653,
        "dvar": 0.0167296603322,
        "dvar2": 0.0390877760947,
        "max": 1,
        "mean": 0.0463917516172,
        "median": 0,
        "min": 0,
        "var": 0.0442390069366
    },
    "spectral_centroid": {
        "dmean": 116.878067017,
        "dmean2": 176.288299561,
        "dvar": 98971.1953125,
        "dvar2": 166541.84375,
        "max": 11218.6669922,
        "mean": 626.26776123,
        "median": 532.738891602,
        "min": 162.19909668,
        "var": 224369.296875
    },
    "spectral_complexity": {
        "dmean": 1.94584834576,
        "dmean2": 2.99277615547,
        "dvar": 7.37040090561,
        "dvar2": 15.321928978,
        "max": 49,
        "mean": 12.344329834,
        "median": 11,
        "min": 0,
        "var": 48.0576667786
    },
    "spectral_decrease": {
        "dmean": 1.08018483047e-09,
        "dmean2": 1.49546930395e-09,
        "dvar": 2.76653637116e-18,
        "dvar2": 4.80408715388e-18,
        "max": 7.8863412697e-29,
        "mean": -8.02494959373e-09,
        "median": -7.70476837886e-09,
        "min": -2.10936796918e-08,
        "var": 2.41754138474e-17
    },
    "spectral_energy": {
        "dmean": 0.0042537371628,
        "dmean2": 0.00586531450972,
        "dvar": 4.23670280725e-05,
        "dvar2": 7.32296248316e-05,
        "max": 0.0820429027081,
        "mean": 0.0315989851952,
        "median": 0.0305259283632,
        "min": 1.11446407436e-20,
        "var": 0.000370471447241
    },
    "spectral_energyband_high": {
        "dmean": 0.000161890202435,
        "dmean2": 0.000251472782111,
        "dvar": 4.17286486254e-07,
        "dvar2": 1.01600448943e-06,
        "max": 0.00905597861856,
        "mean": 0.000178820278961,
        "median": 1.31314427563e-05,
        "min": 8.32675385954e-21,
        "var": 4.49245163736e-07
    },
    "spectral_energyband_low": {
        "dmean": 0.00122212723363,
        "dmean2": 0.00190519518219,
        "dvar": 9.29859743337e-06,
        "dvar2": 1.59694372996e-05,
        "max": 0.0501827485859,
        "mean": 0.00693744095042,
        "median": 0.00217148801312,
        "min": 7.51102677527e-23,
        "var": 0.000106750725536
    },
    "spectral_energyband_middle_high": {
        "dmean": 0.00111719954293,
        "dmean2": 0.00161279249005,
        "dvar": 3.08914104608e-06,
        "dvar2": 6.34918205833e-06,
        "max": 0.025522813201,
        "mean": 0.00533528951928,
        "median": 0.00384013168514,
        "min": 1.44853007262e-21,
        "var": 2.70285217994e-05
    },
    "spectral_energyband_middle_low": {
        "dmean": 0.00349270389415,
        "dmean2": 0.00494263973087,
        "dvar": 3.29317845171e-05,
        "dvar2": 6.08945229033e-05,
        "max": 0.0744372680783,
        "mean": 0.022510079667,
        "median": 0.017915751785,
        "min": 2.44842936961e-22,
        "var": 0.000305903056869
    },
    "spectral_entropy": {
        "dmean": 0.198567301035,
        "dmean2": 0.267525464296,
        "dvar": 0.0606252215803,
        "dvar2": 0.117890678346,
        "max": 9.81075286865,
        "mean": 6.28724431992,
        "median": 6.46143722534,
        "min": 3.726354599,
        "var": 0.90467441082
    },
    "spectral_flux": {
        "dmean": 0.0174826811999,
        "dmean2": 0.0276741627604,
        "dvar": 0.000639831763692,
        "dvar2": 0.00151127262507,
        "max": 0.237352475524,
        "mean": 0.0437719747424,
        "median": 0.0331440791488,
        "min": 1.05568179198e-10,
        "var": 0.00127337721642
    },
    "spectral_kurtosis": {
        "dmean": 11.9495801926,
        "dmean2": 19.4570579529,
        "dvar": 251.026473999,
        "dvar2": 636.815124512,
        "max": 251.479980469,
        "mean": 37.3767318726,
        "median": 15.4308700562,
        "min": -1.2367067337,
        "var": 1995.03942871
    },
    "spectral_rms": {
        "dmean": 0.000425174017437,
        "dmean2": 0.00058593810536,
        "dvar": 4.81721770029e-07,
        "dvar2": 8.39070537495e-07,
        "max": 0.00894661154598,
        "mean": 0.00521092303097,
        "median": 0.00545723317191,
        "min": 3.2973959934e-12,
        "var": 3.67459074369e-06
    },
    "spectral_rolloff": {
        "dmean": 190.233200073,
        "dmean2": 321.932250977,
        "dvar": 384811.28125,
        "dvar2": 701503.5,
        "max": 18755.4199219,
        "mean": 818.793762207,
        "median": 732.12890625,
        "min": 107.666015625,
        "var": 649735.8125
    },
    "spectral_skewness": {
        "dmean": 0.776966869831,
        "dmean2": 1.25745379925,
        "dvar": 0.667827129364,
        "dvar2": 1.64085578918,
        "max": 13.246635437,
        "mean": 3.8890516758,
        "median": 2.75912308693,
        "min": -0.0469170175493,
        "var": 7.10724973679
    },
    "spectral_spread": {
        "dmean": 426125.15625,
        "dmean2": 618259.8125,
        "dvar": 599461003264,
        "dvar2": 718328889344,
        "max": 41775732,
        "mean": 2459163,
        "median": 2078345,
        "min": 380530.53125,
        "var": 3.06887550566e+12
    },
    "spectral_strongpeak": {
        "dmean": 0.281910151243,
        "dmean2": 0.485551506281,
        "dvar": 0.329205751419,
        "dvar2": 0.862129747868,
        "max": 5.93341159821,
        "mean": 1.16806340218,
        "median": 1.08444333076,
        "min": 2.89155005495e-10,
        "var": 0.607072174549
    },
    "zerocrossingrate": {
        "dmean": 0.00459699565545,
        "dmean2": 0.00544264772907,
        "dvar": 0.000163861899637,
        "dvar2": 0.000184795047971,
        "max": 0.49951171875,
        "mean": 0.0288871210068,
        "median": 0.025390625,
        "min": 0.00390625,
        "var": 0.000510390673298
    },
    "barkbands": {
        "dmean": [8.16053398012e-06, 0.000173048058059, 0.000574734003749, 0.0012894970132, 0.0019714855589, 0.000554661557544, 0.000634068099316, 0.000170342347701, 0.000386794970836, 0.000361841608537, 0.00056288135238, 0.000313104159432, 0.000228991862969, 0.000194140302483, 0.000143604789628, 0.00011647901556, 8.18566695671e-05, 3.6890636693e-05, 2.26676238526e-05, 3.53931063728e-05, 6.48454588372e-05, 4.18440504291e-05, 2.67656632786e-05, 1.04122827906e-05, 9.27436849452e-06, 1.44394425661e-06, 6.47988613878e-08],
        "dmean2": [1.41591872307e-05, 0.000295837380691, 0.000903579522856, 0.001900774776, 0.00299336202443, 0.000811969453935, 0.000840068852995, 0.000268484087428, 0.000565667345654, 0.000521144247614, 0.000843701825943, 0.000448297796538, 0.000338993646437, 0.000295096164336, 0.000188549660379, 0.000166332669323, 0.000122238954646, 5.85149100516e-05, 3.62376849807e-05, 6.13445736235e-05, 0.000104366328742, 6.88706786605e-05, 4.2640902393e-05, 1.6531905203e-05, 1.44226451084e-05, 2.38753955273e-06, 1.18282983408e-07],
        "dvar": [5.77641323662e-10, 4.44770847707e-07, 3.65538858205e-06, 1.03988650153e-05, 1.53968594532e-05, 9.182768963e-07, 1.37592780902e-06, 2.37758058574e-07, 7.09984703917e-07, 9.16597230116e-07, 9.03219699921e-07, 4.26696630029e-07, 3.09625960426e-07, 2.14134573184e-07, 8.60767883637e-08, 7.61111564884e-08, 2.90127459834e-08, 6.62887478242e-09, 3.10618308852e-09, 3.4199018728e-08, 8.07280997606e-08, 2.52900456132e-08, 1.37885942664e-08, 1.92992333226e-09, 2.14530060383e-09, 5.8898795563e-11, 1.45822278406e-13],
        "dvar2": [1.55779233957e-09, 9.7448366887e-07, 5.95928213443e-06, 1.80073784577e-05, 2.98781978927e-05, 1.99946202883e-06, 2.27342297876e-06, 5.72642420593e-07, 1.38031248298e-06, 1.70031751168e-06, 2.10421353586e-06, 8.12382495496e-07, 6.55382280002e-07, 5.43439284684e-07, 1.39030646551e-07, 1.42054261687e-07, 5.90587490024e-08, 1.62491406996e-08, 7.91287391166e-09, 9.94205464622e-08, 2.02964173468e-07, 6.26366869483e-08, 3.19878346033e-08, 4.93382668054e-09, 5.09478459421e-09, 1.52688958699e-10, 4.06676753904e-13],
        "max": [0.000540191307664, 0.0145567227155, 0.03610528633, 0.0521566048265, 0.0568896085024, 0.0148302679881, 0.033588398248, 0.00876307953149, 0.0150758912787, 0.0188747830689, 0.0135780991986, 0.0138652203605, 0.0133895678446, 0.00821578223258, 0.00686771562323, 0.00662765605375, 0.00253376108594, 0.0011638791766, 0.000695603899658, 0.00480807852, 0.00404632976279, 0.00258657033555, 0.00173032283783, 0.000607530411799, 0.000735680689104, 0.000143341894727, 7.74807085691e-06],
        "mean": [7.58453461458e-06, 0.000654743344057, 0.00340642011724, 0.00732182804495, 0.0091411722824, 0.00170895759948, 0.00171574531123, 0.000419603689807, 0.00134978443384, 0.00123918848112, 0.00158789323177, 0.000986340339296, 0.00058020389406, 0.000446321530035, 0.000357249344233, 0.000221558701014, 0.000146732316352, 6.83301841491e-05, 3.82009457098e-05, 3.69618865079e-05, 6.94038753863e-05, 4.37503695139e-05, 3.00882002193e-05, 1.01684017864e-05, 9.47601529333e-06, 1.2769321529e-06, 4.88392544185e-08],
        "median": [1.61320292591e-06, 6.55748226563e-05, 0.000222774222493, 0.001203679014, 0.00272130221128, 0.00105113629252, 0.000873197102919, 7.39845709177e-05, 0.000517186941579, 0.000186735560419, 0.00058969121892, 0.000279717729427, 0.000183822412509, 0.000101052653918, 8.93801188795e-05, 3.96757459384e-05, 2.74515841738e-05, 1.13731002784e-05, 6.43466955808e-06, 4.60285582449e-06, 4.58546855953e-06, 2.69035103884e-06, 1.23099744087e-06, 5.98525275564e-07, 2.20855852717e-07, 7.17248269666e-08, 3.57472407231e-09],
        "min": [1.8487198283e-23, 2.31355359235e-23, 3.67555160638e-23, 1.19736810737e-23, 2.66877797351e-23, 3.1036943455e-23, 5.4225118489e-23, 2.98551919537e-23, 3.3247470551e-23, 2.26961441858e-22, 5.28191380085e-23, 5.40647462224e-23, 1.32421372238e-22, 6.53033319947e-23, 1.22242415988e-22, 1.4838116431e-22, 1.31103457033e-22, 2.37261365195e-22, 1.78169170558e-22, 3.70445597482e-22, 3.41314718679e-22, 4.89164897558e-22, 6.68497391827e-22, 1.03712838203e-21, 1.36751857624e-21, 1.81480134635e-21, 2.63138067808e-21],
        "var": [4.69229377575e-10, 3.80164328817e-06, 5.19832465216e-05, 0.000119381569675, 0.00015308347065, 3.74563546757e-06, 6.40195139567e-06, 7.18207218142e-07, 3.96581481255e-06, 7.52268806536e-06, 4.76134528071e-06, 2.9075583825e-06, 1.18582318009e-06, 7.03372450062e-07, 4.08124208207e-07, 2.38318307311e-07, 7.7950979005e-08, 1.6826245286e-08, 5.49309620013e-09, 2.25794298814e-08, 8.04097908258e-08, 2.48486813348e-08, 1.67835434439e-08, 1.77113523847e-09, 2.21351759144e-09, 4.92932465679e-11, 9.49671724181e-14]
    },
    "erbbands": {
        "dmean": [0.00300763989799, 0.0502188391984, 0.44397637248, 2.60185742378, 5.33439159393, 8.28253364563, 5.22606229782, 4.4453420639, 6.05416727066, 8.6396856308, 3.87173295021, 9.30983352661, 12.60663414, 17.1404266357, 12.4013442993, 12.6375141144, 9.61723041534, 9.88637638092, 6.70782375336, 6.566883564, 6.29767799377, 3.90395832062, 2.13139820099, 1.4457577467, 1.51805138588, 1.40646183491, 2.11062121391, 2.51373171806, 1.47534132004, 1.4110956192, 0.604925394058, 0.268444687128, 0.154842838645, 0.084121607244, 0.0846789628267, 0.012688530609, 0.00180570036173, 0.000260063592577, 1.00673050838e-05, 5.29472026756e-06],
        "dmean2": [0.00530651258305, 0.0845593288541, 0.706459283829, 3.89957976341, 7.97439718246, 12.4949731827, 8.17255115509, 6.37297677994, 8.75766849518, 11.1934051514, 6.06973791122, 13.3924837112, 17.3412876129, 25.4393520355, 18.6638526917, 17.5471096039, 13.8281555176, 14.4477109909, 9.90706157684, 8.65441989899, 8.87150192261, 5.94788742065, 3.32800579071, 2.27609968185, 2.60228610039, 2.41188311577, 3.40537691116, 4.0718998909, 2.40071797371, 2.2306535244, 0.951334297657, 0.428323596716, 0.249894082546, 0.135037571192, 0.129225045443, 0.0204583741724, 0.00308168702759, 0.000452785898233, 1.65223864315e-05, 7.30670126359e-06],
        "dvar": [7.17370639904e-05, 0.034308437258, 1.93569266796, 39.5618362427, 153.517456055, 343.877624512, 138.591339111, 71.5743026733, 98.6648635864, 295.895233154, 110.355712891, 444.086639404, 1027.63146973, 995.491149902, 580.551818848, 820.324523926, 497.297515869, 449.611907959, 284.33706665, 159.563354492, 201.286254883, 72.6331329346, 21.0551586151, 12.2724065781, 47.1333427429, 45.5275344849, 68.3130493164, 137.893371582, 29.5584850311, 40.5546722412, 7.20870018005, 1.20044779778, 0.510200560093, 0.187994033098, 0.185608640313, 0.00461778789759, 8.92973257578e-05, 2.12869963434e-06, 2.56749332905e-09, 7.18194323457e-11],
        "dvar2": [0.000197876302991, 0.0725101307034, 3.38455677032, 68.2941360474, 297.060089111, 659.175720215, 296.230834961, 152.095504761, 216.322509766, 474.167816162, 274.625640869, 825.76171875, 1819.22595215, 2188.58325195, 1272.9810791, 1396.03588867, 1036.32849121, 1066.74023438, 743.423217773, 270.109527588, 379.452484131, 156.634063721, 47.7053718567, 31.4678535461, 135.967956543, 129.625930786, 172.641113281, 356.557159424, 77.1516723633, 94.8721466064, 17.2285137177, 3.05819797516, 1.33286333084, 0.478587627411, 0.427703410387, 0.0116477785632, 0.000235082028667, 5.74904697714e-06, 6.8817684884e-09, 1.32493849225e-10],
        "max": [0.166680470109, 3.99699473381, 23.2439670563, 106.173431396, 174.388183594, 301.733001709, 277.953125, 124.016387939, 201.864685059, 486.744659424, 225.463607788, 406.975219727, 710.419433594, 478.316650391, 451.329803467, 717.602416992, 555.480895996, 405.637359619, 386.648895264, 270.795349121, 209.489334106, 182.888977051, 64.156578064, 42.1929359436, 164.440246582, 170.077514648, 120.291343689, 180.706283569, 61.0132904053, 98.0571594238, 44.8269882202, 15.152557373, 11.60252285, 8.18574810028, 7.08260822296, 1.17604362965, 0.155413240194, 0.025052273646, 0.00112250098027, 0.000129919382744],
        "mean": [0.00670470623299, 0.228198319674, 2.72494888306, 14.9193639755, 28.6130237579, 33.1084213257, 20.9191570282, 14.3415441513, 17.4620418549, 24.3617324829, 12.1091337204, 32.3865890503, 48.4560279846, 53.1220245361, 35.9796218872, 43.1239852905, 27.6846923828, 25.2119140625, 17.2256946564, 17.8443565369, 12.4754476547, 7.50107908249, 4.32564401627, 2.49475121498, 1.90702629089, 1.57155835629, 2.35403990746, 2.57125425339, 1.46970593929, 1.54559707642, 0.675047278404, 0.26187440753, 0.149208247662, 0.0818353071809, 0.087503194809, 0.0119679355994, 0.00149099668488, 0.000205714706681, 2.24310297199e-05, 3.62062455679e-05],
        "median": [0.00236461404711, 0.0301038585603, 0.496363699436, 3.58535051346, 8.67272281647, 7.45457363129, 5.87707090378, 8.86964988708, 11.2572965622, 10.1674766541, 4.20140457153, 14.4819812775, 11.3511161804, 21.3848495483, 16.8076171875, 12.6575202942, 11.8133268356, 9.6622838974, 7.13908910751, 5.08795070648, 3.03974628448, 1.48572087288, 0.795002698898, 0.412831246853, 0.293919503689, 0.2266099751, 0.201865315437, 0.158530622721, 0.101002246141, 0.0596147626638, 0.0326767228544, 0.0156516544521, 0.00815263483673, 0.0030769163277, 0.0013946343679, 0.000374000053853, 0.000119402335258, 1.90740865946e-05, 1.66984700627e-05, 3.50783921022e-05],
        "min": [3.67463097415e-22, 6.83019026098e-21, 3.85744918854e-20, 4.29564973363e-20, 7.78497866953e-20, 7.59799643077e-20, 1.75056142562e-19, 2.4179595659e-19, 6.80601261178e-19, 5.39900010332e-19, 8.04473522461e-19, 9.92741742734e-19, 6.08212173212e-18, 3.81077186479e-18, 2.7929062687e-18, 2.65864803105e-18, 5.23522113376e-18, 4.11463831717e-18, 6.62277111639e-18, 4.46300212342e-18, 8.25416815333e-18, 8.33457589913e-18, 1.49455820257e-17, 7.80803159867e-18, 1.04758611277e-17, 1.67541958914e-17, 1.68044256069e-17, 1.42001615992e-17, 1.27015832989e-17, 2.45639058395e-17, 1.85606789399e-17, 2.30574593972e-17, 1.50868479307e-17, 1.7858215657e-17, 7.92542837993e-18, 5.77888186905e-18, 3.55791474565e-18, 1.53690530044e-18, 3.85393657899e-19, 3.71428975078e-20],
        "var": [0.000192691615666, 0.307203382254, 23.1289329529, 423.838500977, 1536.32141113, 3168.05932617, 1817.10791016, 266.913391113, 395.192352295, 1437.53173828, 365.316436768, 2382.95678711, 9846.640625, 5579.921875, 2587.01953125, 6432.57519531, 1946.26525879, 1650.79492188, 694.33782959, 828.415344238, 524.217346191, 178.072052002, 64.1792144775, 22.7706947327, 34.5798149109, 32.3259887695, 70.0853805542, 125.375724792, 26.8103923798, 44.6530380249, 8.28837680817, 1.12721896172, 0.437471628189, 0.166537508368, 0.201222062111, 0.00417683739215, 6.77873977111e-05, 1.48239632836e-06, 2.02129490923e-09, 4.92072660396e-10]
    },
    "gfcc": {
        "mean": [-94.2022705078, 170.49230957, -122.156402588, -7.56638002396, -55.8805618286, 6.58321762085, -35.3274116516, -23.0540866852, -23.426902771, -16.9389743805, -17.6986923218, -11.9122304916, -4.02095508575],
        "cov": [[9616.20410156, -3170.19433594, -2756.26611328, 1533.91870117, -758.937988281, -212.6065979, -499.775543213, 673.105834961, -239.642120361, 111.639228821, -360.839691162, 292.902313232, -208.182571411], [-3170.19433594, 2286.54370117, 976.774414062, -1107.12402344, 797.222717285, -82.773475647, 180.024978638, -407.660522461, 159.218276978, -232.135055542, 205.841125488, -224.080230713, 16.0874404907], [-2756.26611328, 976.774414062, 1582.64233398, -244.888397217, 119.588378906, 224.38130188, 234.521118164, -198.853378296, -3.57700538635, 30.7818565369, 64.9297790527, -127.39201355, 3.60471177101], [1533.91870117, -1107.12402344, -244.888397217, 940.327758789, -398.59979248, 129.03692627, 36.9732666016, 255.294082642, -41.2916183472, 129.811172485, -84.7426223755, 67.0615539551, -21.1928691864], [-758.937988281, 797.222717285, 119.588378906, -398.59979248, 609.319213867, -50.4115066528, 32.7761726379, -99.2144470215, 70.0442123413, -106.59790802, 59.5972137451, -65.5851364136, -44.8111495972], [-212.6065979, -82.773475647, 224.38130188, 129.03692627, -50.4115066528, 331.564178467, 148.608917236, 94.1476287842, 35.6376342773, 100.045547485, -15.1040382385, 2.84439969063, 13.5155153275], [-499.775543213, 180.024978638, 234.521118164, 36.9732666016, 32.7761726379, 148.608917236, 214.517669678, 50.9905891418, 37.7583084106, 17.5438137054, 29.9487895966, -19.5999202728, -6.62485551834], [673.105834961, -407.660522461, -198.853378296, 255.294082642, -99.2144470215, 94.1476287842, 50.9905891418, 237.081222534, 33.8577346802, 66.5729293823, -34.431224823, 62.557346344, 1.78092265129], [-239.642120361, 159.218276978, -3.57700538635, -41.2916183472, 70.0442123413, 35.6376342773, 37.7583084106, 33.8577346802, 114.628219604, 18.4946174622, 14.5082349777, -6.82149648666, 24.22240448], [111.639228821, -232.135055542, 30.7818565369, 129.811172485, -106.59790802, 100.045547485, 17.5438137054, 66.5729293823, 18.4946174622, 141.614318848, 4.93417453766, 45.8613014221, 13.4295024872], [-360.839691162, 205.841125488, 64.9297790527, -84.7426223755, 59.5972137451, -15.1040382385, 29.9487895966, -34.431224823, 14.5082349777, 4.93417453766, 111.25819397, 13.7869882584, 16.6166744232], [292.902313232, -224.080230713, -127.39201355, 67.0615539551, -65.5851364136, 2.84439969063, -19.5999202728, 62.557346344, -6.82149648666, 45.8613014221, 13.7869882584, 104.779067993, 32.0708465576], [-208.182571411, 16.0874404907, 3.60471177101, -21.1928691864, -44.8111495972, 13.5155153275, -6.62485551834, 1.78092265129, 24.22240448, 13.4295024872, 16.6166744232, 32.0708465576, 89.1246109009]],
        "icov": [[0.000435056426795, -0.000444365956355, 0.000712336855941, -0.000595991674345, 0.000267082301434, -0.000265129463514, 0.000742027594242, -0.000551227421965, 0.000872303091455, -0.000183848111192, 0.000620544480626, -0.000537889078259, 0.00103506038431], [-0.000444365956355, 0.00645078439265, -0.00277231680229, 0.00395207293332, -0.00313871377148, 0.0015153355198, -0.00360642024316, 0.00266907387413, -0.00577246397734, 0.00339682563208, -0.00457453820854, 0.00452034594491, -0.00299652875401], [0.000712336855941, -0.00277231680229, 0.00298371980898, -0.0019852751866, 0.00133390189148, -0.00125667289831, 0.000997078954242, -0.000531367375515, 0.00370789109729, -0.00223534321412, 0.00236606388353, -0.00131570338272, 0.00187896098942], [-0.000595991674345, 0.00395207293332, -0.0019852751866, 0.00480010081083, -0.00101232994348, 0.0010163920233, -0.00289189512841, 0.000256682396866, -0.0031719005201, 0.00131480698474, -0.00268578203395, 0.00340766226873, -0.00182856130414], [0.000267082301434, -0.00313871377148, 0.00133390189148, -0.00101232994348, 0.00461589777842, -0.00118555699009, 0.00199116114527, -0.00133538839873, 0.000677607429679, 0.000296962360153, 0.0011531598866, -0.00257672648877, 0.00405437406152], [-0.000265129463514, 0.0015153355198, -0.00125667289831, 0.0010163920233, -0.00118555699009, 0.00712401932105, -0.00491859298199, -0.0004121355596, -0.000879593950231, -0.00352064101025, 0.0010501811048, 0.00243871356361, -0.00293791736476], [0.000742027594242, -0.00360642024316, 0.000997078954242, -0.00289189512841, 0.00199116114527, -0.00491859298199, 0.0126849934459, -0.00464276922867, 0.00183875509538, 0.0015375741059, -0.00103929790203, -0.00203382363543, 0.00463317520916], [-0.000551227421965, 0.00266907387413, -0.000531367375515, 0.000256682396866, -0.00133538839873, -0.0004121355596, -0.00464276922867, 0.0117586022243, -0.00607521831989, 0.000796855485532, 0.000508302007802, -0.0029728510417, -0.000369792018319], [0.000872303091455, -0.00577246397734, 0.00370789109729, -0.0031719005201, 0.000677607429679, -0.000879593950231, 0.00183875509538, -0.00607521831989, 0.019761601463, -0.00702111190185, 0.00407738145441, 0.000741582422052, -0.00243244483136], [-0.000183848111192, 0.00339682563208, -0.00223534321412, 0.00131480698474, 0.000296962360153, -0.00352064101025, 0.0015375741059, 0.000796855485532, -0.00702111190185, 0.0161223690957, -0.00504889246076, -0.00304443296045, 0.00165774440393], [0.000620544480626, -0.00457453820854, 0.00236606388353, -0.00268578203395, 0.0011531598866, 0.0010501811048, -0.00103929790203, 0.000508302007802, 0.00407738145441, -0.00504889246076, 0.0163885317743, -0.00667502870783, 0.000873070093803], [-0.000537889078259, 0.00452034594491, -0.00131570338272, 0.00340766226873, -0.00257672648877, 0.00243871356361, -0.00203382363543, -0.0029728510417, 0.000741582422052, -0.00304443296045, -0.00667502870783, 0.0217526387423, -0.00929183699191], [0.00103506038431, -0.00299652875401, 0.00187896098942, -0.00182856130414, 0.00405437406152, -0.00293791736476, 0.00463317520916, -0.000369792018319, -0.00243244483136, 0.00165774440393, 0.000873070093803, -0.00929183699191, 0.0200960244983]]
    },
    "melbands": {
        "dmean": [3.80580495403e-05, 0.000178239613888, 0.000533625192475, 0.000470598955872, 0.000222683825996, 0.000100645978819, 0.000106906612928, 8.1590442278e-05, 3.39668513334e-05, 6.3526640588e-05, 6.38374476694e-05, 6.51823866065e-05, 5.22959635418e-05, 3.37251585734e-05, 2.80242766166e-05, 2.50272423727e-05, 1.95659704332e-05, 1.16820019684e-05, 1.26856330098e-05, 8.62870729179e-06, 7.15041278454e-06, 5.19606373928e-06, 2.10087159758e-06, 1.63850677382e-06, 1.2430177776e-06, 8.33852823234e-07, 1.50410062361e-06, 8.05549518645e-07, 1.0035635114e-06, 2.03306876756e-06, 1.23780159811e-06, 8.86685427304e-07, 7.78995172368e-07, 7.91209515683e-07, 3.96258030833e-07, 2.14743735683e-07, 1.42757656363e-07, 1.09507865886e-07, 9.37780129107e-08, 6.02040017839e-08],
        "dmean2": [6.57593482174e-05, 0.000284020439722, 0.000782842223998, 0.000699984375387, 0.000350407062797, 0.000145196594531, 0.0001471752621, 0.0001083051975, 5.34689570486e-05, 9.10921953619e-05, 8.79705185071e-05, 9.72976195044e-05, 7.98617402324e-05, 4.9276779464e-05, 4.07885345339e-05, 3.57607350452e-05, 2.9133831049e-05, 1.81470368261e-05, 1.59321571118e-05, 1.23299550978e-05, 1.02287422123e-05, 7.92655646364e-06, 3.22361051985e-06, 2.60089950643e-06, 1.97084023057e-06, 1.39722669701e-06, 2.64825121121e-06, 1.38018572216e-06, 1.66346467267e-06, 3.30912894242e-06, 2.01472812478e-06, 1.48512151554e-06, 1.26792201627e-06, 1.27166742914e-06, 6.30567740245e-07, 3.49802320443e-07, 2.30687987823e-07, 1.77479378749e-07, 1.55944178459e-07, 9.76751124426e-08],
        "dvar": [1.704305852e-08, 3.01926917246e-07, 1.47337527778e-06, 8.65114600401e-07, 2.59287077142e-07, 3.20309005986e-08, 3.31409424348e-08, 2.58493031424e-08, 8.58218918154e-09, 2.17014086701e-08, 2.65842370339e-08, 1.45531027229e-08, 7.32524929603e-09, 5.70288838375e-09, 4.28774349359e-09, 5.15686648939e-09, 2.06954497983e-09, 1.1279999157e-09, 8.13697664803e-10, 4.24816931632e-10, 2.41758307817e-10, 1.25395568928e-10, 1.82336142712e-11, 1.47409220247e-11, 8.78595200066e-12, 6.37861725244e-12, 7.17049475352e-11, 1.37174889503e-11, 1.67140138535e-11, 8.41540170882e-11, 3.26751611879e-11, 1.13111768216e-11, 1.0436824148e-11, 1.33345235895e-11, 3.21791465002e-12, 9.71284142524e-13, 3.26217758318e-13, 2.32229329083e-13, 2.89086869677e-13, 9.13188524364e-14],
        "dvar2": [4.14651424308e-08, 5.19690900092e-07, 2.60552019427e-06, 1.63034610523e-06, 5.30244108177e-07, 6.87625245632e-08, 6.24411740091e-08, 4.36786606883e-08, 2.07292760734e-08, 4.04299846934e-08, 4.72919587935e-08, 3.18490052109e-08, 1.75205627784e-08, 1.15349161334e-08, 8.56120419002e-09, 1.03005053376e-08, 4.94036767051e-09, 3.1198377215e-09, 1.11351805554e-09, 7.74104835788e-10, 4.50488396586e-10, 2.7223834298e-10, 4.27510908618e-11, 3.67929714473e-11, 2.22448795495e-11, 1.75595735868e-11, 2.10927844635e-10, 3.82176651437e-11, 4.45580621011e-11, 2.12521264475e-10, 8.62887331032e-11, 3.07259079291e-11, 2.55952949807e-11, 3.05688460656e-11, 7.80872502076e-12, 2.55895803679e-12, 8.36198189684e-13, 6.11177829266e-13, 7.7284028786e-13, 2.29563655411e-13],
        "max": [0.00275746476837, 0.00926531292498, 0.017490381375, 0.0145413829014, 0.0122270388529, 0.00238211499527, 0.00472017331049, 0.00427522929385, 0.00169529032428, 0.00284874206409, 0.00357573665679, 0.00177020276897, 0.00118156673852, 0.00170305359643, 0.00115300167818, 0.00184314802755, 0.000933406234253, 0.000817397376522, 0.000773986219428, 0.0006261394592, 0.000229179961025, 0.000206656666705, 7.40972827771e-05, 5.0525093684e-05, 3.27415473294e-05, 4.60204137198e-05, 0.000218993372982, 8.41929868329e-05, 7.69185862737e-05, 0.000139734256663, 9.33915725909e-05, 4.13703091908e-05, 6.00676139584e-05, 5.42825400771e-05, 3.14789540425e-05, 1.59708761203e-05, 9.06693367142e-06, 7.10022050043e-06, 9.94737274596e-06, 6.28361658528e-06],
        "mean": [0.000115826180263, 0.00106066314038, 0.00316573330201, 0.00220791157335, 0.000932373630349, 0.000319770566421, 0.000306136382278, 0.000232072779909, 0.00010412773554, 0.000217250111746, 0.000236189793213, 0.00019706657622, 0.000143928511534, 0.000105477833131, 8.50919459481e-05, 6.4350424509e-05, 4.57410387753e-05, 2.61598324869e-05, 3.26545014104e-05, 1.86400393432e-05, 1.29428544824e-05, 8.96670735528e-06, 4.18689478465e-06, 2.95190602628e-06, 1.96842734113e-06, 1.21160519484e-06, 1.53548558046e-06, 8.88140107236e-07, 1.1144227301e-06, 2.11445399145e-06, 1.22333779018e-06, 8.3802183326e-07, 8.07000844816e-07, 8.81055086666e-07, 4.4224617568e-07, 1.99771335474e-07, 1.37424393643e-07, 1.03982088717e-07, 8.77786661135e-08, 5.81973473857e-08],
        "median": [1.76298071892e-05, 7.62662821217e-05, 0.00125060789287, 0.000834282953292, 0.000230122052017, 0.000198606619961, 0.000183258322068, 9.29299421841e-05, 2.10263606277e-05, 9.40509999054e-05, 4.33563036495e-05, 7.39987444831e-05, 6.03856606176e-05, 2.894552199e-05, 1.91692415683e-05, 1.21485809359e-05, 1.41375176099e-05, 7.98892051534e-06, 6.63118498778e-06, 3.68646942661e-06, 2.93630114356e-06, 1.56233204507e-06, 8.35027208268e-07, 4.87372744828e-07, 2.97449957998e-07, 2.06583081308e-07, 1.79777032372e-07, 1.20427586126e-07, 1.14938885076e-07, 1.07400808247e-07, 8.17232290728e-08, 5.82353933964e-08, 4.04037265866e-08, 2.90796258184e-08, 1.98025311704e-08, 1.2287179274e-08, 8.36936742132e-09, 6.25275475841e-09, 3.59130702954e-09, 2.08181605288e-09],
        "min": [6.08201344961e-24, 1.68216872979e-23, 8.80530802257e-24, 5.42187452817e-24, 5.2894314875e-24, 5.64665413223e-24, 1.14472828691e-23, 5.62691367694e-24, 6.5014310714e-24, 5.42027866256e-24, 3.21138016995e-23, 1.76471261055e-23, 8.36895513487e-24, 6.85802065525e-24, 1.1788956671e-23, 1.09457014397e-23, 6.20238100198e-24, 1.07777016771e-23, 6.38367701521e-24, 7.34431159369e-24, 9.66664236801e-24, 7.09938763756e-24, 1.43470969025e-23, 1.00166560074e-23, 5.87385277825e-24, 6.71660550507e-24, 7.92714096313e-24, 1.27423282071e-23, 1.12139386022e-23, 9.24402985956e-24, 8.03385964411e-24, 6.21929023548e-24, 1.21267074675e-23, 1.311867639e-23, 1.05314177247e-23, 1.1075313653e-23, 1.54638746643e-23, 9.98566087353e-24, 1.17031688364e-23, 1.63644792944e-23],
        "var": [1.06463609484e-07, 3.7415618408e-06, 1.60036961461e-05, 7.78605226515e-06, 3.64025527233e-06, 1.23103959027e-07, 1.45494112758e-07, 1.26639761788e-07, 3.9200553914e-08, 1.15802606615e-07, 2.51055098488e-07, 7.95499772721e-08, 3.37093482017e-08, 3.64845185175e-08, 2.37495925148e-08, 2.09387707173e-08, 7.6143695793e-09, 2.27491248062e-09, 4.4615653394e-09, 1.73581471419e-09, 5.77965064696e-10, 2.86684398443e-10, 5.84529577519e-11, 3.17722376186e-11, 1.53507536543e-11, 6.98836778376e-12, 4.5497015877e-11, 1.01954885506e-11, 1.49248009784e-11, 8.24755680418e-11, 2.80008759235e-11, 9.15177482408e-12, 1.02781949618e-11, 1.55881835218e-11, 3.73138108953e-12, 8.0487515524e-13, 3.0238604589e-13, 1.97805611951e-13, 2.23046922728e-13, 8.342486451e-14]
    },
    "mfcc": {
        "mean": [-736.940979004, 195.658294678, -3.75115084648, -3.68369698524, -6.28445863724, 11.8965501785, -8.74614048004, -5.62258243561, -7.47405958176, -12.1878681183, -14.9548664093, -11.9929962158, -8.98952388763],
        "cov": [[9907.41113281, -3258.76757812, -2574.48681641, 939.166809082, -521.739318848, -434.619934082, -571.895996094, 344.579101562, 70.3649139404, 47.1032104492, 41.5224952698, 169.6355896, -12.6966094971], [-3258.76757812, 2482.9074707, 328.235473633, -610.512451172, 486.348693848, 14.0359134674, 155.543518066, -157.479476929, -128.288040161, -46.2292556763, -110.356636047, -108.159339905, 1.69853651524], [-2574.48681641, 328.235473633, 1540.23449707, -98.8080444336, -54.4582061768, 314.237518311, 276.740020752, -60.9138641357, 67.6582489014, 41.8325004578, 78.7401580811, -9.84816741943, 7.5736207962], [939.166809082, -610.512451172, -98.8080444336, 431.086730957, -62.628364563, -12.6988353729, -12.4461479187, 78.9751663208, 30.1775455475, 25.0686302185, 40.8320198059, 38.3564834595, -3.19171833992], [-521.739318848, 486.348693848, -54.4582061768, -62.628364563, 299.917785645, 31.1659126282, 37.5871810913, -2.6801378727, -5.57787561417, 13.5021343231, -24.8622894287, -21.340461731, 10.6803884506], [-434.619934082, 14.0359134674, 314.237518311, -12.6988353729, 31.1659126282, 224.418777466, 112.285415649, 20.2124328613, 63.8939857483, 45.578742981, 51.0928382874, 24.1756248474, 15.5269918442], [-571.895996094, 155.543518066, 276.740020752, -12.4461479187, 37.5871810913, 112.285415649, 200.694152832, 49.6836433411, 15.9852838516, 39.5969696045, 46.5324745178, 14.1484565735, 16.2672691345], [344.579101562, -157.479476929, -60.9138641357, 78.9751663208, -2.6801378727, 20.2124328613, 49.6836433411, 144.41229248, 80.0601425171, 41.0634880066, 33.5511474609, 35.5185775757, 20.4976768494], [70.3649139404, -128.288040161, 67.6582489014, 30.1775455475, -5.57787561417, 63.8939857483, 15.9852838516, 80.0601425171, 155.1537323, 68.8958282471, 35.4895133972, 25.2536659241, 24.2758865356], [47.1032104492, -46.2292556763, 41.8325004578, 25.0686302185, 13.5021343231, 45.578742981, 39.5969696045, 41.0634880066, 68.8958282471, 105.066146851, 52.2558174133, 17.5866527557, 19.7091255188], [41.5224952698, -110.356636047, 78.7401580811, 40.8320198059, -24.8622894287, 51.0928382874, 46.5324745178, 33.5511474609, 35.4895133972, 52.2558174133, 94.9527740479, 47.8027038574, 18.1911239624], [169.6355896, -108.159339905, -9.84816741943, 38.3564834595, -21.340461731, 24.1756248474, 14.1484565735, 35.5185775757, 25.2536659241, 17.5866527557, 47.8027038574, 86.4485549927, 43.1704597473], [-12.6966094971, 1.69853651524, 7.5736207962, -3.19171833992, 10.6803884506, 15.5269918442, 16.2672691345, 20.4976768494, 24.2758865356, 19.7091255188, 18.1911239624, 43.1704597473, 80.827255249]],
