{
"lowlevel": {
    "average_loudness": 0.938563227654,
    "barkbands_crest": {
        "dmean": 2.6146876812,
        "dmean2": 4.100461483,
        "dvar": 6.90709161758,
        "dvar2": 14.8083028793,
        "max": 26.1131000519,
        "mean": 9.77743721008,
        "median": 7.9271736145,
        "min": 2.60707712173,
        "var": 30.357717514
    },
    "barkbands_flatness_db": {
        "dmean": 0.0207079555839,
        "dmean2": 0.0300608687103,
        "dvar": 0.000357292738045,
        "dvar2": 0.000758635345846,
        "max": 0.329731613398,
        "mean": 0.129828080535,
        "median": 0.121153339744,
        "min": 0.0398763902485,
        "var": 0.00192868930753
    },
    "barkbands_kurtosis": {
        "dmean": 2.42276740074,
        "dmean2": 3.64488601685,
        "dvar": 25.4097900391,
        "dvar2": 46.892490387,
        "max": 110.774719238,
        "mean": 2.91148257256,
        "median": 0.396254301071,
        "min": -1.73262023926,
        "var": 66.2455749512
    },
    "barkbands_skewness": {
        "dmean": 0.512437641621,
        "dmean2": 0.770463347435,
        "dvar": 0.316279739141,
        "dvar2": 0.655617713928,
        "max": 9.85236930847,
        "mean": 1.2488604784,
        "median": 1.02042341232,
        "min": -2.01670241356,
        "var": 1.19996535778
    },
    "barkbands_spread": {
        "dmean": 4.46431589127,
        "dmean2": 6.83405017853,
        "dvar": 21.9734249115,
        "dvar2": 50.3785629272,
        "max": 67.7049331665,
        "mean": 20.4037151337,
        "median": 20.705821991,
        "min": 0.987475514412,
        "var": 95.2331008911
    },
    "dissonance": {
        "dmean": 0.0182869173586,
        "dmean2": 0.0305832363665,
        "dvar": 0.000461602845462,
        "dvar2": 0.00115606281906,
        "max": 0.499919593334,
        "mean": 0.463661789894,
        "median": 0.47196406126,
        "min": 0.122160978615,
        "var": 0.00089595746249
    },
    "dynamic_complexity": 2.86353683472,
    "erbbands_crest": {
        "dmean": 2.99614691734,
        "dmean2": 4.57002305984,
        "dvar": 10.3115921021,
        "dvar2": 21.1061191559,
        "max": 33.2189025879,
        "mean": 10.5359296799,
        "median": 7.58986949921,
        "min": 2.57277560234,
        "var": 48.9649429321
    },
    "erbbands_flatness_db": {
        "dmean": 0.0174443311989,
        "dmean2": 0.0239133890718,
        "dvar": 0.000292174780043,
        "dvar2": 0.00051643140614,
        "max": 0.373838156462,
        "mean": 0.184230402112,
        "median": 0.179011285305,
        "min": 0.0982256680727,
        "var": 0.00170377269387
    },
    "erbbands_kurtosis": {
        "dmean": 1.24639427662,
        "dmean2": 1.8420188427,
        "dvar": 7.56998062134,
        "dvar2": 13.6627264023,
        "max": 59.6392402649,
        "mean": 0.826152980328,
        "median": -0.528358578682,
        "min": -1.60833215714,
        "var": 19.8502407074
    },
    "erbbands_skewness": {
        "dmean": 0.441123276949,
        "dmean2": 0.653945982456,
        "dvar": 0.215460762382,
        "dvar2": 0.435003340244,
        "max": 7.195125103,
        "mean": 0.489547759295,
        "median": 0.22007407248,
        "min": -1.5395847559,
        "var": 1.16912662983
    },
    "erbbands_spread": {
        "dmean": 5.75444507599,
        "dmean2": 8.63982772827,
        "dvar": 31.0947055817,
        "dvar2": 67.2578201294,
        "max": 97.0634994507,
        "mean": 32.2521438599,
        "median": 33.2130050659,
        "min": 2.86102437973,
        "var": 141.299362183
    },
    "hfc": {
        "dmean": 4.56415462494,
        "dmean2": 6.16880941391,
        "dvar": 28.0511665344,
        "dvar2": 54.3570518494,
        "max": 79.8507614136,
        "mean": 16.8534889221,
        "median": 13.8946151733,
        "min": 1.21277052422e-16,
        "var": 140.847824097
    },
    "melbands_crest": {
        "dmean": 3.143450737,
        "dmean2": 5.06109380722,
        "dvar": 10.2101573944,
        "dvar2": 23.1488704681,
        "max": 33.8840179443,
        "mean": 12.484205246,
        "median": 10.5440731049,
        "min": 2.61723065376,
        "var": 38.6537361145
    },
    "melbands_flatness_db": {
        "dmean": 0.02210752666,
        "dmean2": 0.0330114066601,
        "dvar": 0.000477978494018,
        "dvar2": 0.00106235907879,
        "max": 0.356843858957,
        "mean": 0.157637089491,
        "median": 0.148891270161,
        "min": 0.00734502356499,
        "var": 0.00214189710096
    },
    "melbands_kurtosis": {
        "dmean": 4.68962669373,
        "dmean2": 7.14003753662,
        "dvar": 87.4702377319,
        "dvar2": 170.024230957,
        "max": 251.46937561,
        "mean": 7.87550783157,
        "median": 4.06854057312,
        "min": -1.41466581821,
        "var": 203.936691284
    },
    "melbands_skewness": {
        "dmean": 0.568306148052,
        "dmean2": 0.866619765759,
        "dvar": 0.413066238165,
        "dvar2": 0.892614245415,
        "max": 12.6437425613,
        "mean": 1.95435845852,
        "median": 1.76560163498,
        "min": -0.705438554287,
        "var": 1.18308961391
    },
    "melbands_spread": {
        "dmean": 7.41418838501,
        "dmean2": 11.4159698486,
        "dvar": 66.9488220215,
        "dvar2": 148.485855103,
        "max": 139.236206055,
        "mean": 26.8354454041,
        "median": 25.5682735443,
        "min": 1.02937984467,
        "var": 240.317810059
    },
    "pitch_salience": {
        "dmean": 0.0732036083937,
        "dmean2": 0.114992730319,
        "dvar": 0.00506822299212,
        "dvar2": 0.0117195891216,
        "max": 0.954691946507,
        "mean": 0.587053894997,
        "median": 0.617896437645,
        "min": 0.0621227361262,
        "var": 0.0204260125756
    },
    "silence_rate_20dB": {
        "dmean": 0,
        "dmean2": 0,
        "dvar": 0,
        "dvar2": 0,
        "max": 1,
        "mean": 1,
        "median": 1,
        "min": 1,
        "var": 0
    },
    "silence_rate_30dB": {
        "dmean": 0.00103145954199,
        "dmean2": 0.00206398358569,
        "dvar": 0.00103040190879,
        "dvar2": 0.00205974536948,
        "max": 1,
        "mean": 0.998969078064,
        "median": 1,
        "min": 0,
        "var": 0.00102987210266
    },
    "silence_rate_60dB": {
        "dmean": 0.0221763793379,
        "dmean2": 0.0443756431341,
        "dvar": 0.0216847918928,
        "dvar2": 0.0455018207431,
        "max": 1,
        "mean": 0.031443297863,
        "median": 0,
        "min": 0,
        "var": 0.0304541084915
    },
    "spectral_centroid": {
        "dmean": 261.741241455,
        "dmean2": 399.510894775,
        "dvar": 109605.609375,
        "dvar2": 186089.84375,
        "max": 11284.1865234,
        "mean": 1577.34851074,
        "median": 1553.64404297,
        "min": 366.673706055,
        "var": 347750.15625
    },
    "spectral_complexity": {
        "dmean": 3.56369256973,
        "dmean2": 5.44014453888,
        "dvar": 10.699760437,
        "dvar2": 21.5167961121,
        "max": 44,
        "mean": 21.3999996185,
        "median": 22,
        "min": 0,
        "var": 43.048210144
    },
    "spectral_decrease": {
        "dmean": 1.65451985445e-09,
        "dmean2": 2.34441177582e-09,
        "dvar": 4.85623840996e-18,
        "dvar2": 9.99173299471e-18,
        "max": 1.81043649971e-28,
        "mean": -4.75758277219e-09,
        "median": -3.13412984454e-09,
        "min": -3.20648538832e-08,
        "var": 1.87090999572e-17
    },
    "spectral_energy": {
        "dmean": 0.00660996278748,
        "dmean2": 0.00932535994798,
        "dvar": 7.61315968703e-05,
        "dvar2": 0.000156049398356,
        "max": 0.128262892365,
        "mean": 0.0194848943502,
        "median": 0.0130547899753,
        "min": 1.03168882132e-20,
        "var": 0.000299715669826
    },
    "spectral_energyband_high": {
        "dmean": 0.000118000207294,
        "dmean2": 0.000165719233337,
        "dvar": 3.89408789658e-08,
        "dvar2": 7.91436960412e-08,
        "max": 0.00439962185919,
        "mean": 0.000374314899091,
        "median": 0.000312299758662,
        "min": 7.16522345066e-21,
        "var": 8.84948008206e-08
    },
    "spectral_energyband_low": {
        "dmean": 0.000487496348796,
        "dmean2": 0.00079172779806,
        "dvar": 6.92384162448e-07,
        "dvar2": 1.74513741058e-06,
        "max": 0.00812390819192,
        "mean": 0.000872044591233,
        "median": 0.000630484079011,
        "min": 9.34247465182e-23,
        "var": 8.92946104614e-07
    },
    "spectral_energyband_middle_high": {
        "dmean": 0.00123128795531,
        "dmean2": 0.00173279712908,
        "dvar": 3.02596822621e-06,
        "dvar2": 5.83638666285e-06,
        "max": 0.0322170928121,
        "mean": 0.00399360293522,
        "median": 0.0032685068436,
        "min": 1.47732599477e-21,
        "var": 9.68711719906e-06
    },
    "spectral_energyband_middle_low": {
        "dmean": 0.00610143691301,
        "dmean2": 0.00887185521424,
        "dvar": 7.67822202761e-05,
        "dvar2": 0.000161282572662,
        "max": 0.126535251737,
        "mean": 0.0145669309422,
        "median": 0.00754617806524,
        "min": 2.42122010548e-22,
        "var": 0.0002737280156
    },
    "spectral_entropy": {
        "dmean": 0.123655535281,
        "dmean2": 0.18031232059,
        "dvar": 0.0143421627581,
        "dvar2": 0.0276420749724,
        "max": 9.8042974472,
        "mean": 7.54258537292,
        "median": 7.58797454834,
        "min": 6.13729095459,
        "var": 0.0684850886464
    },
    "spectral_flux": {
        "dmean": 0.0223259758204,
        "dmean2": 0.0336864739656,
        "dvar": 0.000630516384263,
        "dvar2": 0.00144332565833,
        "max": 0.251526117325,
        "mean": 0.0719624906778,
        "median": 0.0618232265115,
        "min": 1.01572084077e-10,
        "var": 0.00158796017058
    },
    "spectral_kurtosis": {
        "dmean": 1.39761996269,
        "dmean2": 2.41170692444,
        "dvar": 1.52635383606,
        "dvar2": 4.43331861496,
        "max": 19.5178394318,
        "mean": 4.26685810089,
        "median": 4.01451063156,
        "min": -1.20941507816,
        "var": 2.77509140968
    },
    "spectral_rms": {
        "dmean": 0.000698744785041,
        "dmean2": 0.000965713057667,
        "dvar": 6.2467807993e-07,
        "dvar2": 1.19178923796e-06,
        "max": 0.0111863547936,
        "mean": 0.00399235030636,
        "median": 0.00356880621985,
        "min": 3.17257895302e-12,
        "var": 3.0707985843e-06
    },
    "spectral_rolloff": {
        "dmean": 471.355102539,
        "dmean2": 763.174072266,
        "dvar": 474358.875,
        "dvar2": 832793.9375,
        "max": 19745.9472656,
        "mean": 1829.00671387,
        "median": 1744.18945312,
        "min": 236.865234375,
        "var": 1092910.5
    },
    "spectral_skewness": {
        "dmean": 0.197698131204,
        "dmean2": 0.320343136787,
        "dvar": 0.0301032550633,
        "dvar2": 0.0759078860283,
        "max": 3.17184138298,
        "mean": 1.37481212616,
        "median": 1.3759752512,
        "min": -0.0215413719416,
        "var": 0.0982878804207
    },
    "spectral_spread": {
        "dmean": 345991.09375,
        "dmean2": 487416.21875,
        "dvar": 463389949952,
        "dvar2": 321749614592,
        "max": 40424900,
        "mean": 3673932.5,
        "median": 3606167.25,
        "min": 2067237.625,
        "var": 1.13665481114e+12
    },
    "spectral_strongpeak": {
        "dmean": 0.635260522366,
        "dmean2": 0.955664515495,
        "dvar": 0.622808814049,
        "dvar2": 1.31054222584,
        "max": 7.82868242264,
        "mean": 1.47784471512,
        "median": 0.861576676369,
        "min": 8.63941529428e-10,
        "var": 2.39417243004
    },
    "zerocrossingrate": {
        "dmean": 0.0081164482981,
        "dmean2": 0.00958548020571,
        "dvar": 0.000186283417861,
        "dvar2": 0.000220529167564,
        "max": 0.50830078125,
        "mean": 0.0632120370865,
        "median": 0.0625,
        "min": 0.005859375,
        "var": 0.000519923516549
    },
    "barkbands": {
        "dmean": [2.25464846153e-05, 0.000127625142341, 0.000249616918154, 0.000474693457363, 0.00132245814893, 0.00125392863993, 0.000918275443837, 0.00206003151834, 0.00280860136263, 0.000307758455165, 0.000262202025624, 0.000207138378755, 0.000289872812573, 0.00028753420338, 0.000191717161215, 0.000134486341267, 0.000198222973268, 0.000147405269672, 0.000147048878716, 9.97636016109e-05, 4.10581742472e-05, 2.37997028307e-05, 1.87266468856e-05, 2.11159112951e-05, 8.12896632851e-06, 4.17873616243e-06, 1.17750516893e-07],
        "dmean2": [3.90575805795e-05, 0.000202441107831, 0.000424520781962, 0.000806576572359, 0.00217280047946, 0.00195126072504, 0.00151822448242, 0.00289121386595, 0.00415898812935, 0.000435617810581, 0.000417955830926, 0.00032522508991, 0.000463970995042, 0.000427719176514, 0.000290330819553, 0.000208347919397, 0.000321773957694, 0.000237766143982, 0.0002297883766, 0.000156275578775, 6.38623532723e-05, 3.54711955879e-05, 2.63504571194e-05, 2.97056922136e-05, 1.155787686e-05, 6.17543855697e-06, 1.99775996634e-07],
        "dvar": [7.59335705425e-09, 6.82852174805e-08, 1.96398971752e-07, 8.09616153674e-07, 8.27619805932e-06, 8.67988819664e-06, 5.61883734918e-06, 3.20178478432e-05, 4.10251086578e-05, 1.11070380626e-06, 6.43423675228e-07, 2.65496765905e-07, 4.1103322701e-07, 6.04120089065e-07, 1.40409653682e-07, 3.21271507175e-08, 7.25366362531e-08, 4.33784208553e-08, 3.89836003478e-08, 1.63693538724e-08, 2.93193336276e-09, 1.72524616815e-09, 2.40602626711e-09, 5.83870596316e-09, 3.81342818434e-10, 7.03186606166e-11, 8.51731134081e-14],
        "dvar2": [2.06705017547e-08, 1.57316094374e-07, 5.44314048057e-07, 2.15344061871e-06, 1.92459265236e-05, 1.96417640836e-05, 1.41729278766e-05, 4.96905013279e-05, 9.03440159163e-05, 1.96163750843e-06, 1.57549754931e-06, 6.1356297465e-07, 1.00045213003e-06, 1.17873685213e-06, 2.94513313293e-07, 6.94450150718e-08, 1.90383346421e-07, 1.02628114007e-07, 8.77490506923e-08, 3.96649681988e-08, 6.98235025354e-09, 3.80815867729e-09, 4.75165506941e-09, 1.22073791076e-08, 8.7736917731e-10, 1.59081664508e-10, 2.19850247491e-13],
        "max": [0.000957093492616, 0.00289724231698, 0.00539075257257, 0.00948937237263, 0.0538878366351, 0.0692154541612, 0.0334265716374, 0.121361851692, 0.080419562757, 0.0287005417049, 0.0219642538577, 0.012116914615, 0.0130837205797, 0.0119593655691, 0.00817471183836, 0.00299775227904, 0.00489446846768, 0.00448763091117, 0.00439060200006, 0.00202837632969, 0.001427707728, 0.000845997943543, 0.00127204786986, 0.00174884719308, 0.000609155569691, 0.000113330643217, 4.41482370661e-06],
        "mean": [1.60581657838e-05, 0.000183825322893, 0.000423023477197, 0.000641180900857, 0.00205961894244, 0.00200054561719, 0.00119154830463, 0.00355992396362, 0.00496201263741, 0.000558485276997, 0.000403997313697, 0.000345205480698, 0.00043973675929, 0.000457021815237, 0.000410350068705, 0.000278940919088, 0.000393557915231, 0.000328936293954, 0.00031871261308, 0.00024959386792, 0.000109434593469, 5.44864269614e-05, 3.87246145692e-05, 3.89198903576e-05, 1.49558336489e-05, 5.97735106567e-06, 1.09003856608e-07],
        "median": [8.34314676013e-07, 9.25852364162e-05, 0.000255579303484, 0.000272855511867, 0.000690328481141, 0.000898810685612, 0.000422137381975, 0.00048513856018, 0.00100865750574, 0.000140285876114, 0.000207986537134, 0.000164928016602, 0.000235707557295, 0.000194839289179, 0.0002444255515, 0.000186043223948, 0.000305074907374, 0.000250082026469, 0.000232127320487, 0.000195415879716, 8.4889921709e-05, 3.98641495849e-05, 2.56627463386e-05, 2.33934260905e-05, 8.94048389455e-06, 1.98465340873e-06, 1.09424220796e-08],
        "min": [1.09023424889e-23, 5.06286164251e-23, 2.4542384151e-23, 1.43079189145e-23, 3.47214098207e-23, 6.43159952635e-24, 3.75230272375e-23, 5.17987148732e-23, 5.93567848952e-23, 8.06311581295e-23, 4.0855658484e-23, 4.57132998553e-23, 4.12924570781e-23, 4.09713338917e-23, 6.62612300147e-23, 1.34767747492e-22, 1.89702544184e-22, 4.17812163624e-22, 2.23579487872e-22, 3.36811421004e-22, 2.82012977342e-22, 5.55552351628e-22, 4.76868613395e-22, 8.8978168574e-22, 1.02926249218e-21, 1.53108990731e-21, 2.47910997513e-21],
        "var": [5.0752189118e-09, 8.01643622594e-08, 2.38537666064e-07, 8.98137386685e-07, 1.44815167005e-05, 1.31242622956e-05, 8.69507221068e-06, 0.000113236652396, 0.000118936979561, 3.65805863112e-06, 7.27214626295e-07, 4.69575383022e-07, 5.50520667275e-07, 9.57299903348e-07, 3.1127319744e-07, 9.13234714517e-08, 1.14314453015e-07, 1.02847998562e-07, 1.01839304989e-07, 4.47563444084e-08, 9.10391317888e-09, 3.0597280265e-09, 3.54309004358e-09, 7.42597316972e-09, 5.10260333986e-10, 1.03187604295e-10, 7.95456772283e-14]
    },
    "erbbands": {
        "dmean": [0.00452787755057, 0.0276955030859, 0.210138514638, 0.933178663254, 3.1236679554, 5.14549970627, 9.08421897888, 9.83044242859, 10.347278595, 19.5963039398, 58.6012992859, 70.3421401978, 13.3010883331, 8.48702907562, 8.91323184967, 8.25384616852, 12.6822147369, 10.1166124344, 14.934138298, 7.75573015213, 8.13559818268, 9.62900066376, 8.14740371704, 6.73530817032, 7.18334245682, 4.56846427917, 2.57190036774, 0.96834820509, 0.873806118965, 0.739433884621, 0.493010491133, 0.441487103701, 0.360305070877, 0.136169463396, 0.0381817407906, 0.0242981966585, 0.0066017084755, 0.000765279401094, 1.76425746758e-05, 7.77908735472e-06],
        "dmean2": [0.00735870515928, 0.0445499755442, 0.354238003492, 1.58828377724, 5.01015901566, 8.6376619339, 14.4495477676, 15.3440923691, 17.761089325, 31.1797065735, 80.5364608765, 100.61126709, 19.1231098175, 12.4151277542, 14.1412668228, 12.7716026306, 20.0457611084, 15.5469512939, 21.8343715668, 11.7809791565, 12.9405241013, 15.3420877457, 13.0272960663, 10.8560619354, 11.3774461746, 7.22990894318, 3.9900329113, 1.48130249977, 1.32724535465, 1.06532895565, 0.700903236866, 0.614919900894, 0.515597224236, 0.195146769285, 0.0542172379792, 0.0363338030875, 0.0097077107057, 0.00113361864351, 2.51327055594e-05, 1.07887117338e-05],
        "dvar": [0.000199217844056, 0.00191276881378, 0.124435529113, 2.85114836693, 48.1278114319, 177.483551025, 401.024047852, 551.860412598, 626.045959473, 3887.30322266, 21065.8886719, 26274.8261719, 1766.15307617, 498.588928223, 529.172546387, 367.330932617, 912.374328613, 517.278076172, 1680.82653809, 93.0703353882, 111.014289856, 143.274398804, 118.872238159, 94.1514053345, 88.8835754395, 32.0291938782, 12.0310125351, 1.76938426495, 2.38664913177, 2.7214038372, 1.65341114998, 2.3389570713, 1.61803042889, 0.143653824925, 0.00465139979497, 0.00237167975865, 0.000173396212631, 2.49695722232e-06, 1.21303234124e-09, 9.85121220709e-11],
        "dvar2": [0.000488566816784, 0.00452419742942, 0.344360649586, 7.59287405014, 116.020851135, 410.861328125, 905.24005127, 1259.1027832, 1680.61364746, 7703.3828125, 33197.5039062, 56832.8867188, 3772.04614258, 1014.93328857, 1339.06005859, 845.72857666, 2195.17578125, 974.255065918, 3355.81835938, 198.404174805, 266.483184814, 362.671478271, 271.22052002, 211.212280273, 207.258270264, 75.7993469238, 27.8776073456, 4.17565727234, 5.58708810806, 5.44825410843, 3.24132657051, 4.78408718109, 3.47186684608, 0.323423713446, 0.00938863120973, 0.00546949356794, 0.000391228095395, 5.67229926673e-06, 2.82912870908e-09, 1.95466406949e-10],
        "max": [0.117801420391, 0.573919177055, 4.04699230194, 17.2968597412, 106.085090637, 304.085296631, 372.076599121, 548.455078125, 271.26663208, 1617.15515137, 3350.89233398, 2436.0703125, 949.615478516, 492.168029785, 484.656341553, 380.680633545, 686.041442871, 489.485778809, 696.707641602, 153.587341309, 190.402679443, 189.933853149, 220.805206299, 207.701431274, 149.898574829, 78.5206451416, 93.7843093872, 22.9611949921, 28.8693771362, 37.8377418518, 35.1727561951, 33.8893089294, 30.6183109283, 11.5226488113, 1.19631671906, 0.700297951698, 0.192275673151, 0.0238177273422, 0.000550549419131, 0.000148429899127],
        "mean": [0.00440923636779, 0.0495019294322, 0.394171208143, 1.38399708271, 4.16678190231, 6.97622680664, 14.6899137497, 14.7129936218, 13.510766983, 31.1970386505, 112.792709351, 128.078475952, 24.0714321136, 16.6655712128, 15.3092384338, 14.7189006805, 20.1073226929, 18.2059307098, 27.1165142059, 18.3809089661, 17.6170501709, 21.0441551208, 19.3296794891, 15.266910553, 16.2431507111, 12.023938179, 7.30638885498, 2.6185028553, 1.98019123077, 1.58187520504, 1.0261926651, 0.803172707558, 0.631577134132, 0.245602846146, 0.0704592987895, 0.0340223647654, 0.0096446024254, 0.00106720335316, 3.37549463438e-05, 2.44877428486e-05],
        "median": [0.00150971417315, 0.0300880372524, 0.23806989193, 0.813972234726, 1.42935371399, 2.37771701813, 5.2463312149, 7.06559181213, 6.39562654495, 9.24621295929, 19.1068649292, 27.416015625, 8.43612957001, 7.34308385849, 8.72553634644, 7.44965076447, 11.0939407349, 9.40651988983, 13.3089580536, 12.7705106735, 12.6663665771, 16.8145446777, 15.2596168518, 11.1300373077, 12.560131073, 9.77494239807, 5.97238063812, 1.95753955841, 1.45956337452, 1.09742546082, 0.680093407631, 0.488147318363, 0.354511260986, 0.144810348749, 0.0388343967497, 0.012593508698, 0.00335178431123, 0.000299752980936, 1.95975444512e-05, 1.71277715708e-05],
        "min": [2.26384066357e-21, 8.31634059267e-21, 2.42173005546e-20, 4.69195228822e-20, 4.34064674336e-20, 1.99113915196e-19, 5.26617686892e-20, 8.5604436917e-20, 6.1464156894e-19, 6.43067578992e-19, 1.00488237598e-18, 1.36406673862e-18, 2.44731434468e-18, 2.40299793657e-18, 1.30185014206e-18, 2.01508889998e-18, 1.99603893047e-18, 2.07645639565e-18, 2.65926758933e-18, 4.9980448775e-18, 7.43495494444e-18, 1.41951621196e-17, 1.910884326e-17, 1.66672095782e-17, 1.11568756173e-17, 1.65162805493e-17, 9.57986405129e-18, 1.41635075719e-17, 1.74486603378e-17, 1.89709456345e-17, 1.26728214018e-17, 1.86650393547e-17, 1.4687347819e-17, 1.1388147872e-17, 7.5145834861e-18, 5.10781422633e-18, 3.00019256033e-18, 1.35392995041e-18, 3.32452806226e-19, 3.76808944858e-20],
        "var": [0.000166433732375, 0.00312313647009, 0.174522593617, 3.09011125565, 57.1995925903, 286.456756592, 974.774780273, 751.020629883, 565.767272949, 9683.36328125, 85660.0546875, 78497, 4076.09790039, 1351.94848633, 635.520446777, 636.420776367, 1212.61938477, 911.461181641, 2732.57006836, 358.314605713, 264.808013916, 266.111450195, 283.086730957, 263.116790771, 206.867507935, 92.9900741577, 38.7897377014, 5.04668998718, 4.03191757202, 4.2843003273, 2.48780679703, 3.05452013016, 1.98919641972, 0.17906434834, 0.00871222652495, 0.00326110539027, 0.000262385117821, 3.69465442418e-06, 1.83782777885e-09, 4.11089523533e-10]
    },
    "gfcc": {
        "mean": [-11.4432163239, 90.4711532593, -152.942443848, 27.1501941681, -73.8685760498, -4.16016674042, -46.1582221985, 8.83935070038, -25.1772480011, -1.83312225342, -16.6691169739, -11.3813505173, -13.2080602646],
        "cov": [[2429.81201172, -69.5762405396, 60.1598358154, -141.475692749, -167.736465454, 52.5354804993, -93.2749557495, 58.1459541321, -40.9349632263, -0.169308319688, -106.179672241, -11.4470090866, -72.7498474121], [-69.5762405396, 375.402404785, -55.7394714355, 47.06508255, 26.7008533478, -42.8072090149, 55.4031028748, -71.0243148804, 18.7499446869, -72.5064163208, 39.6972808838, -35.2738876343, 51.2901115417], [60.1598358154, -55.7394714355, 410.898956299, -21.5144405365, 44.7737388611, 8.50496959686, -97.2889328003, 25.4694519043, -69.4554672241, 44.3365097046, -48.1846389771, 87.7758789062, -63.0330467224], [-141.475692749, 47.06508255, -21.5144405365, 279.248199463, 126.090293884, 17.4659519196, -4.8394446373, -28.0639743805, -5.28846979141, 6.40206336975, 32.5532455444, -11.7040948868, 12.1423664093], [-167.736465454, 26.7008533478, 44.7737388611, 126.090293884, 181.797012329, 36.89270401, -1.71587431431, -2.7251458168, -30.915271759, 25.1394367218, -2.60199332237, 32.2483329773, -9.64580249786], [52.5354804993, -42.8072090149, 8.50496959686, 17.4659519196, 36.89270401, 116.773902893, 36.5987052917, 30.2309551239, -4.12096357346, -3.79047846794, -9.6342086792, -1.82630372047, -1.58205282688], [-93.2749557495, 55.4031028748, -97.2889328003, -4.8394446373, -1.71587431431, 36.5987052917, 153.028991699, 39.5486030579, 35.2324333191, -29.3573932648, -6.87345170975, -44.525177002, 10.394821167], [58.1459541321, -71.0243148804, 25.4694519043, -28.0639743805, -2.7251458168, 30.2309551239, 39.5486030579, 118.854698181, 35.0631484985, 9.38919353485, -23.2192192078, -10.2146596909, -18.2145709991], [-40.9349632263, 18.7499446869, -69.4554672241, -5.28846979141, -30.915271759, -4.12096357346, 35.2324333191, 35.0631484985, 109.800872803, 6.95110321045, 1.51330304146, -55.2064247131, 9.76230430603], [-0.169308319688, -72.5064163208, 44.3365097046, 6.40206336975, 25.1394367218, -3.79047846794, -29.3573932648, 9.38919353485, 6.95110321045, 84.8161468506, 4.94688749313, 21.7624053955, -25.9552345276], [-106.179672241, 39.6972808838, -48.1846389771, 32.5532455444, -2.60199332237, -9.6342086792, -6.87345170975, -23.2192192078, 1.51330304146, 4.94688749313, 73.7955932617, 10.3510770798, 19.8407382965], [-11.4470090866, -35.2738876343, 87.7758789062, -11.7040948868, 32.2483329773, -1.82630372047, -44.525177002, -10.2146596909, -55.2064247131, 21.7624053955, 10.3510770798, 98.714012146, 0.831908762455], [-72.7498474121, 51.2901115417, -63.0330467224, 12.1423664093, -9.64580249786, -1.58205282688, 10.394821167, -18.2145709991, 9.76230430603, -25.9552345276, 19.8407382965, 0.831908762455, 68.3577880859]],
        "icov": [[0.00061738374643, -0.000694723683409, 0.000497255066875, -0.000272474891972, 0.00124275498092, -0.000918774981983, 0.0010007295059, -0.000753480358981, 0.000668200140353, -0.000625122745987, 0.00135715701617, -0.000337930134265, 0.000763802672736], [-0.000694723683409, 0.0066457008943, -0.00245474325493, 0.00117942097131, -0.00452532805502, 0.00393703160807, -0.00410453649238, 0.0045545483008, -0.00288783735596, 0.00544621422887, -0.00515798293054, 0.00253799627535, -0.00296192918904], [0.000497255066875, -0.00245474325493, 0.00551360938698, -0.00073269137647, 0.0020089240279, -0.00211508153006, 0.00388601492159, -0.00297148921527, 0.00191194785293, -0.00209901737981, 0.00476787937805, -0.00406106654555, 0.00403264770284], [-0.000272474891972, 0.00117942097131, -0.00073269137647, 0.00679909577593, -0.00623914040625, 0.000897975871339, -9.2831607617e-05, 0.0015498152934, -0.000549063144717, 0.00134072755463, -0.00429288158193, 0.00388270802796, -0.0017045577988], [0.00124275498092, -0.00452532805502, 0.0020089240279, -0.00623914040625, 0.0150298615918, -0.00551638612524, 0.00220470619388, -0.00329251214862, 0.00366537459195, -0.00621701357886, 0.00747967511415, -0.00575046800077, 0.00347429327667], [-0.000918774981983, 0.00393703160807, -0.00211508153006, 0.000897975871339, -0.00551638612524, 0.0134519804269, -0.0051820455119, 0.000537521322258, -0.000551162636839, 0.00346798100509, -0.00368120451458, 0.00239642406814, -0.00314271566458], [0.0010007295059, -0.00410453649238, 0.00388601492159, -9.2831607617e-05, 0.00220470619388, -0.0051820455119, 0.0135815506801, -0.00607988098636, 0.00150569248945, -0.000750857579987, 0.00426851352677, 0.000402556732297, 0.0025064330548], [-0.000753480358981, 0.0045545483008, -0.00297148921527, 0.0015498152934, -0.00329251214862, 0.000537521322258, -0.00607988098636, 0.0158301144838, -0.00718845427036, 0.00331714819185, -0.00191642215941, -0.000205686868867, 0.000300737650832], [0.000668200140353, -0.00288783735596, 0.00191194785293, -0.000549063144717, 0.00366537459195, -0.000551162636839, 0.00150569248945, -0.00718845427036, 0.0186374299228, -0.00788024067879, 0.00181974028237, 0.00800441578031, -0.00318079954013], [-0.000625122745987, 0.00544621422887, -0.00209901737981, 0.00134072755463, -0.00621701357886, 0.00346798100509, -0.000750857579987, 0.00331714819185, -0.00788024067879, 0.0219697393477, -0.00681080063805, -0.00257760612294, 0.0047511337325], [0.00135715701617, -0.00515798293054, 0.00476787937805, -0.00429288158193, 0.00747967511415, -0.00368120451458, 0.00426851352677, -0.00191642215941, 0.00181974028237, -0.00681080063805, 0.0241591427475, -0.0072373226285, 0.000514020852279], [-0.000337930134265, 0.00253799627535, -0.00406106654555, 0.00388270802796, -0.00575046800077, 0.00239642406814, 0.000402556732297, -0.000205686868867, 0.00800441578031, -0.00257760612294, -0.0072373226285, 0.0230226609856, -0.00787175260484], [0.000763802672736, -0.00296192918904, 0.00403264770284, -0.0017045577988, 0.00347429327667, -0.00314271566458, 0.0025064330548, 0.000300737650832, -0.00318079954013, 0.0047511337325, 0.000514020852279, -0.00787175260484, 0.0240068435669]]
    },
    "melbands": {
        "dmean": [3.68174296455e-05, 8.19218403194e-05, 0.00021572705009, 0.000286298833089, 0.0002878040832, 0.000227308526519, 0.000167971054907, 0.000235139406868, 0.000533571874257, 0.000392801564885, 5.66226663068e-05, 3.6116613046e-05, 3.62943064829e-05, 2.38056272792e-05, 2.75006641459e-05, 2.51205219683e-05, 2.0225175831e-05, 2.95260106213e-05, 1.27183648146e-05, 8.79355775396e-06, 1.16305336633e-05, 1.09510838229e-05, 1.04723476397e-05, 7.29730663807e-06, 5.90997888139e-06, 5.72852286496e-06, 4.85865757582e-06, 2.9557572816e-06, 2.14597253034e-06, 1.03920740457e-06, 4.94030530263e-07, 5.37185826488e-07, 5.20341870924e-07, 4.19730326939e-07, 2.95157292385e-07, 2.93806579066e-07, 2.85364563979e-07, 2.79137964299e-07, 2.03227983775e-07, 9.50341814132e-08],
        "dmean2": [5.88028015045e-05, 0.000136753878905, 0.000353099341737, 0.000481687573483, 0.00045592256356, 0.000356452568667, 0.000288159761112, 0.000373126473278, 0.000749289814848, 0.00056554650655, 8.38124251459e-05, 5.20383546245e-05, 5.81916392548e-05, 3.72649374185e-05, 4.31935077359e-05, 3.95297065552e-05, 3.13347845804e-05, 4.30156687798e-05, 1.94153435586e-05, 1.36440785354e-05, 1.87905407074e-05, 1.77212823473e-05, 1.6867157683e-05, 1.19100759548e-05, 9.65530853136e-06, 9.09656864678e-06, 7.71877057559e-06, 4.73320642413e-06, 3.38808786182e-06, 1.66536494817e-06, 7.62873810345e-07, 8.34443937947e-07, 7.97042673639e-07, 6.17591183527e-07, 4.29004757052e-07, 4.34943871142e-07, 4.13100480046e-07, 4.06477369097e-07, 3.03624773323e-07, 1.40421732908e-07],
        "dvar": [9.1073157904e-09, 1.77216641362e-08, 1.65296114574e-07, 4.44047117298e-07, 3.69516016008e-07, 2.89876538773e-07, 1.76738865321e-07, 4.98753252032e-07, 1.42179146678e-06, 8.69715734098e-07, 4.20073682506e-08, 9.60355173163e-09, 1.08502975493e-08, 3.91151111501e-09, 4.5996135789e-09, 2.49045228884e-09, 2.23979701452e-09, 7.5814030609e-09, 2.97505409197e-10, 1.85639656425e-10, 2.54360782437e-10, 1.90327253957e-10, 2.98613356264e-10, 8.48719011737e-11, 7.80587192106e-11, 6.0609774144e-11, 4.68710001367e-11, 1.23190312118e-11, 9.61399796578e-12, 1.53082960804e-12, 5.13774352923e-13, 7.43804486319e-13, 1.03892415504e-12, 1.00674113143e-12, 5.24650039125e-13, 8.0110711901e-13, 9.81905095426e-13, 9.1125999975e-13, 5.03813841774e-13, 5.96328271051e-14],
        "dvar2": [2.17700986127e-08, 4.76738364341e-08, 4.11204126749e-07, 1.04073592411e-06, 8.4615214746e-07, 6.71104260164e-07, 4.73890139574e-07, 9.56046505962e-07, 2.48784795076e-06, 1.9040829784e-06, 8.74684147334e-08, 1.80054531285e-08, 2.70487809928e-08, 8.5663822702e-09, 1.12291180798e-08, 5.80161430008e-09, 4.30978053245e-09, 1.5106147444e-08, 6.1676075358e-10, 3.64965890842e-10, 6.28566143579e-10, 4.89628393385e-10, 7.32106875123e-10, 2.1517654325e-10, 1.77942161006e-10, 1.40998740461e-10, 1.18025506035e-10, 2.90139856585e-11, 2.17400160374e-11, 3.85479191969e-12, 1.1995921834e-12, 1.80906559264e-12, 2.26718123442e-12, 2.08343368599e-12, 1.03346313712e-12, 1.72795144079e-12, 1.98441675418e-12, 1.86413991882e-12, 1.18455104666e-12, 1.46333683018e-13],
        "max": [0.000844528665766, 0.00149922876153, 0.00381895108148, 0.012191738002, 0.0106032509357, 0.0124220019206, 0.00480062188581, 0.0171554498374, 0.026184508577, 0.0137137556449, 0.00457603624091, 0.00205681147054, 0.00267683458515, 0.00148166459985, 0.00144166033715, 0.000946401967667, 0.00095935491845, 0.0014128962066, 0.000327023415593, 0.000314471952152, 0.000277803948848, 0.000253978010733, 0.000379174860427, 0.000110765533464, 0.000194286869373, 0.00015007777256, 0.000106763895019, 4.45377663709e-05, 8.8941436843e-05, 1.70351049746e-05, 1.34921692734e-05, 1.62111355166e-05, 2.01374205062e-05, 2.41467369051e-05, 2.18799486902e-05, 1.74185825017e-05, 2.24664927373e-05, 2.19280318561e-05, 1.60032814165e-05, 7.92809532868e-06],
        "mean": [4.39009054389e-05, 0.000157545466209, 0.000323771644616, 0.000389137014281, 0.000477736291941, 0.000345520325936, 0.000213188337511, 0.000385367893614, 0.00105005444493, 0.000687902618665, 9.45419669733e-05, 6.85722770868e-05, 5.76517850277e-05, 4.07198785979e-05, 4.15322974732e-05, 3.97269359382e-05, 3.31168048433e-05, 4.84926094941e-05, 2.70918189926e-05, 1.88147405424e-05, 2.21641748794e-05, 2.16954776988e-05, 2.07420307561e-05, 1.54722674779e-05, 1.18798889162e-05, 1.13653477456e-05, 1.09354195956e-05, 7.2762545642e-06, 5.38461790711e-06, 2.52916515819e-06, 1.13741884888e-06, 1.13979558591e-06, 1.00608212961e-06, 8.25430959139e-07, 5.92626008711e-07, 5.07764013946e-07, 4.89122442104e-07, 4.73345778573e-07, 3.36496157161e-07, 1.62775336321e-07],
        "median": [2.02221417567e-05, 0.000100152486993, 0.000165203120559, 0.000134614529088, 0.000176575151272, 0.000165742909303, 9.39972233027e-05, 9.47728767642e-05, 0.000179537179065, 0.000139260635478, 2.55931190623e-05, 2.52992358583e-05, 3.07537629851e-05, 1.91937651834e-05, 1.89557376871e-05, 2.19869034481e-05, 1.55935595103e-05, 2.06709319173e-05, 1.75244040292e-05, 1.21147004393e-05, 1.52884858835e-05, 1.67862162925e-05, 1.45271833389e-05, 1.21236571431e-05, 8.07211563369e-06, 8.12874714029e-06, 8.50288597576e-06, 5.8366099438e-06, 4.24735526394e-06, 1.97863300855e-06, 7.83975053764e-07, 8.25239112601e-07, 6.34794446341e-07, 5.37673145118e-07, 3.81921438475e-07, 3.04781679006e-07, 2.87948438427e-07, 2.64549925078e-07, 1.788849886e-07, 9.71610489842e-08],
        "min": [1.68260433878e-23, 1.21476012375e-23, 7.21977096714e-24, 9.16357235812e-24, 3.27947010734e-24, 2.49912909711e-24, 8.18668251183e-24, 8.51653602188e-24, 7.4359969524e-24, 9.38491647293e-24, 1.21602947983e-23, 9.60476806291e-24, 4.72943451367e-24, 5.91337747061e-24, 4.03980915489e-24, 3.83495972717e-24, 3.88833563374e-24, 3.92699257911e-24, 5.12698333344e-24, 8.44630689093e-24, 8.43402117119e-24, 1.21667011377e-23, 2.32911056049e-23, 1.34370101643e-23, 1.38780859622e-23, 7.6915310877e-24, 1.03127959689e-23, 1.07041396088e-23, 5.47385020663e-24, 6.12817364548e-24, 9.45666731656e-24, 9.96437503972e-24, 1.16967766965e-23, 9.28109054489e-24, 5.89719438357e-24, 1.03949156003e-23, 1.16172800276e-23, 1.01860496873e-23, 1.05929654414e-23, 9.0299164438e-24],
        "var": [8.48326475733e-09, 2.59308592376e-08, 1.94847572743e-07, 6.55284850382e-07, 8.71021427429e-07, 3.88217927139e-07, 1.66213126818e-07, 1.19843627999e-06, 5.8181485656e-06, 2.4213402412e-06, 1.03931931505e-07, 3.0247882421e-08, 1.21380328011e-08, 7.56506235433e-09, 5.73115466196e-09, 3.78332210005e-09, 3.79993370103e-09, 1.17406857569e-08, 9.62003587901e-10, 5.46875711382e-10, 5.24040755234e-10, 3.19570675478e-10, 5.39640498953e-10, 1.74000508446e-10, 2.0438888082e-10, 1.2810048855e-10, 1.00774541489e-10, 3.41498149203e-11, 2.82911038346e-11, 4.2937975224e-12, 1.19496448327e-12, 1.27902571347e-12, 1.6421881216e-12, 1.4419148384e-12, 7.94881304875e-13, 1.00762779197e-12, 1.27989470151e-12, 1.18496965712e-12, 5.47692587897e-13, 6.80372235331e-14]
    },
    "mfcc": {
        "mean": [-639.118774414, 113.460174561, -24.8189811707, 20.65574646, -8.42976284027, -14.356098175, -9.66707992554, -6.66614294052, -6.97338867188, 3.47289180756, -3.92901587486, -0.570131540298, -6.08457326889],
        "cov": [[1407.69494629, -27.8592338562, 50.8071098328, -141.718917847, -68.3450241089, -24.8718509674, -32.5534286499, -2.43281078339, 20.9956569672, 38.6909484863, 29.6801433563, -54.8942298889, -45.1688156128], [-27.8592338562, 331.271575928, 18.0839290619, 11.726234436, -26.582567215, -3.34036922455, -2.49698829651, 10.7657327652, -5.99475002289, -45.3191375732, -29.4563808441, -14.9945058823, 6.0100069046], [50.8071098328, 18.0839290619, 259.251647949, -23.8743591309, 45.2085533142, -20.2725715637, -22.4822120667, -3.11203026772, -25.3672657013, -26.589471817, -5.78035354614, -0.899217903614, 2.49700641632], [-141.718917847, 11.726234436, -23.8743591309, 228.633087158, 83.7599105835, 49.1295204163, 22.1560897827, -11.6409978867, -12.7067995071, 0.66160094738, -24.0902748108, 17.7226428986, 19.9941310883], [-68.3450241089, -26.582567215, 45.2085533142, 83.7599105835, 170.006835938, 41.8140678406, 10.7193632126, -2.45154261589, -16.3451385498, -4.61438846588, -13.2491579056, -2.03666639328, 15.7269220352], [-24.8718509674, -3.34036922455, -20.2725715637, 49.1295204163, 41.8140678406, 111.150413513, 36.7947273254, 3.18030500412, -0.498535066843, -1.45255529881, -14.4481115341, -1.26737201214, 4.37433052063], [-32.5534286499, -2.49698829651, -22.4822120667, 22.1560897827, 10.7193632126, 36.7947273254, 106.614967346, 44.871761322, 10.7229375839, -5.01083993912, -5.96378469467, -0.0162076819688, 8.46063327789], [-2.43281078339, 10.7657327652, -3.11203026772, -11.6409978867, -2.45154261589, 3.18030500412, 44.871761322, 90.1281509399, 39.8150901794, 8.91510391235, 2.41484761238, -8.6564950943, 1.79609167576], [20.9956569672, -5.99475002289, -25.3672657013, -12.7067995071, -16.3451385498, -0.498535066843, 10.7229375839, 39.8150901794, 96.0026473999, 48.966545105, 14.0194835663, -3.12478661537, 2.02552485466], [38.6909484863, -45.3191375732, -26.589471817, 0.66160094738, -4.61438846588, -1.45255529881, -5.01083993912, 8.91510391235, 48.966545105, 88.4356002808, 37.4261283875, 3.90250754356, -6.70242404938], [29.6801433563, -29.4563808441, -5.78035354614, -24.0902748108, -13.2491579056, -14.4481115341, -5.96378469467, 2.41484761238, 14.0194835663, 37.4261283875, 86.4303817749, 21.5379314423, -8.99313926697], [-54.8942298889, -14.9945058823, -0.899217903614, 17.7226428986, -2.03666639328, -1.26737201214, -0.0162076819688, -8.6564950943, -3.12478661537, 3.90250754356, 21.5379314423, 63.4806976318, 16.4999504089], [-45.1688156128, 6.0100069046, 2.49700641632, 19.9941310883, 15.7269220352, 4.37433052063, 8.46063327789, 1.79609167576, 2.02552485466, -6.70242404938, -8.99313926697, 16.4999504089, 55.8641242981]],
