{
"lowlevel": {
    "average_loudness": 0.983928561211,
    "barkbands_crest": {
        "dmean": 2.29805231094,
        "dmean2": 3.97806119919,
        "dvar": 4.14353322983,
        "dvar2": 11.6545696259,
        "max": 21.5352230072,
        "mean": 8.39029407501,
        "median": 8.0939617157,
        "min": 2.72884392738,
        "var": 7.63143014908
    },
    "barkbands_flatness_db": {
        "dmean": 0.0233780406415,
        "dmean2": 0.0383492857218,
        "dvar": 0.000531952362508,
        "dvar2": 0.00143341708463,
        "max": 0.28394344449,
        "mean": 0.153627365828,
        "median": 0.152067780495,
        "min": 0.0392037220299,
        "var": 0.00106383883394
    },
    "barkbands_kurtosis": {
        "dmean": 3.10720849037,
        "dmean2": 5.20238018036,
        "dvar": 19.7022800446,
        "dvar2": 51.7884674072,
        "max": 41.2336158752,
        "mean": 4.11915588379,
        "median": 2.79019761086,
        "min": -1.69520866871,
        "var": 28.0944786072
    },
    "barkbands_skewness": {
        "dmean": 0.544718980789,
        "dmean2": 0.887066066265,
        "dvar": 0.309415966272,
        "dvar2": 0.763311564922,
        "max": 5.18848705292,
        "mean": 1.79864537716,
        "median": 1.79933905602,
        "min": -1.87576496601,
        "var": 0.822586894035
    },
    "barkbands_spread": {
        "dmean": 4.82228422165,
        "dmean2": 7.63467931747,
        "dvar": 21.9272575378,
        "dvar2": 51.3939781189,
        "max": 62.0774993896,
        "mean": 18.1217689514,
        "median": 17.6882286072,
        "min": 2.52195215225,
        "var": 59.356464386
    },
    "dissonance": {
        "dmean": 0.0149179501459,
        "dmean2": 0.0251238122582,
        "dvar": 0.00037062636693,
        "dvar2": 0.000955188355874,
        "max": 0.499622672796,
        "mean": 0.473155498505,
        "median": 0.476277291775,
        "min": 0.0100311860442,
        "var": 0.000371764181182
    },
    "dynamic_complexity": 1.89458858967,
    "erbbands_crest": {
        "dmean": 2.29660582542,
        "dmean2": 3.89914631844,
        "dvar": 4.42692804337,
        "dvar2": 12.2113876343,
        "max": 21.0016593933,
        "mean": 6.99160671234,
        "median": 6.27811050415,
        "min": 2.38622808456,
        "var": 8.14093112946
    },
    "erbbands_flatness_db": {
        "dmean": 0.014695529826,
        "dmean2": 0.0221465565264,
        "dvar": 0.00016544375103,
        "dvar2": 0.000401269091526,
        "max": 0.251682192087,
        "mean": 0.171691074967,
        "median": 0.170927420259,
        "min": 0.0867223963141,
        "var": 0.000806361204013
    },
    "erbbands_kurtosis": {
        "dmean": 0.460456818342,
        "dmean2": 0.779821157455,
        "dvar": 0.256669163704,
        "dvar2": 0.677705109119,
        "max": 3.47795534134,
        "mean": -0.64404708147,
        "median": -0.785363674164,
        "min": -1.65356063843,
        "var": 0.422318845987
    },
    "erbbands_skewness": {
        "dmean": 0.320082873106,
        "dmean2": 0.515254855156,
        "dvar": 0.0833913907409,
        "dvar2": 0.204958364367,
        "max": 2.03221917152,
        "mean": 0.0275227539241,
        "median": -0.0149748241529,
        "min": -1.84857130051,
        "var": 0.211556792259
    },
    "erbbands_spread": {
        "dmean": 6.43213129044,
        "dmean2": 10.4644842148,
        "dvar": 30.4779682159,
        "dvar2": 76.0062713623,
        "max": 80.5688247681,
        "mean": 39.9428062439,
        "median": 40.2152481079,
        "min": 13.4270610809,
        "var": 108.922782898
    },
    "hfc": {
        "dmean": 4.29715251923,
        "dmean2": 6.54467058182,
        "dvar": 26.4955883026,
        "dvar2": 57.3975753784,
        "max": 53.0967483521,
        "mean": 16.4300746918,
        "median": 15.0167350769,
        "min": 1.14894844453e-16,
        "var": 89.7102279663
    },
    "melbands_crest": {
        "dmean": 3.12710046768,
        "dmean2": 5.3260269165,
        "dvar": 7.55633640289,
        "dvar2": 21.5488014221,
        "max": 25.4732017517,
        "mean": 12.9650783539,
        "median": 12.5068664551,
        "min": 1.75049722195,
        "var": 14.1664600372
    },
    "melbands_flatness_db": {
        "dmean": 0.0284438487142,
        "dmean2": 0.0465360507369,
        "dvar": 0.00081502168905,
        "dvar2": 0.00208878074773,
        "max": 0.399549424648,
        "mean": 0.235240787268,
        "median": 0.231978684664,
        "min": 0.00823461730033,
        "var": 0.00180208554957
    },
    "melbands_kurtosis": {
        "dmean": 7.17503643036,
        "dmean2": 12.0390396118,
        "dvar": 88.8182525635,
        "dvar2": 236.581497192,
        "max": 78.4431915283,
        "mean": 13.6355552673,
        "median": 11.0394830704,
        "min": -1.24246537685,
        "var": 143.600326538
    },
    "melbands_skewness": {
        "dmean": 0.732171297073,
        "dmean2": 1.19481086731,
        "dvar": 0.521006047726,
        "dvar2": 1.32141923904,
        "max": 7.47704124451,
        "mean": 2.99992108345,
        "median": 2.98384261131,
        "min": -0.0794291347265,
        "var": 1.48375105858
    },
    "melbands_spread": {
        "dmean": 5.56740474701,
        "dmean2": 8.8827791214,
        "dvar": 38.6162948608,
        "dvar2": 83.4531097412,
        "max": 132.731796265,
        "mean": 17.5281848907,
        "median": 14.9771366119,
        "min": 2.11410856247,
        "var": 105.537635803
    },
    "pitch_salience": {
        "dmean": 0.073261551559,
        "dmean2": 0.125154584646,
        "dvar": 0.00353773403913,
        "dvar2": 0.0103548076004,
        "max": 0.947281360626,
        "mean": 0.605262935162,
        "median": 0.608420789242,
        "min": 0.337395012379,
        "var": 0.00634927442297
    },
    "silence_rate_20dB": {
        "dmean": 0,
        "dmean2": 0,
        "dvar": 0,
        "dvar2": 0,
        "max": 1,
        "mean": 1,
        "median": 1,
        "min": 1,
        "var": 0
    },
    "silence_rate_30dB": {
        "dmean": 0.0123775145039,
        "dmean2": 0.0247678011656,
        "dvar": 0.0122239245102,
        "dvar2": 0.0365372858942,
        "max": 1,
        "mean": 0.993814408779,
        "median": 1,
        "min": 0,
        "var": 0.00614721095189
    },
    "silence_rate_60dB": {
        "dmean": 0.000515729770996,
        "dmean2": 0.00103199179284,
        "dvar": 0.000515436171554,
        "dvar2": 0.00103093462531,
        "max": 1,
        "mean": 0.00103092787322,
        "median": 0,
        "min": 0,
        "var": 0.00102987512946
    },
    "spectral_centroid": {
        "dmean": 271.768981934,
        "dmean2": 424.559020996,
        "dvar": 102838.726562,
        "dvar2": 188874.53125,
        "max": 10609.7617188,
        "mean": 1156.47741699,
        "median": 1123.17492676,
        "min": 269.761199951,
        "var": 235322.78125
    },
    "spectral_complexity": {
        "dmean": 3.49922633171,
        "dmean2": 5.30856561661,
        "dvar": 8.62853717804,
        "dvar2": 17.5705909729,
        "max": 51,
        "mean": 24.2824745178,
        "median": 24,
        "min": 0,
        "var": 56.7470436096
    },
    "spectral_decrease": {
        "dmean": 4.35708624735e-09,
        "dmean2": 7.33501526184e-09,
        "dvar": 4.48389662298e-17,
        "dvar2": 1.13390963925e-16,
        "max": -2.80624754506e-29,
        "mean": -9.24218390708e-09,
        "median": -7.20205450833e-09,
        "min": -4.56742057509e-08,
        "var": 4.58176069212e-17
    },
    "spectral_energy": {
        "dmean": 0.0167513359338,
        "dmean2": 0.0281480718404,
        "dvar": 0.000658261473291,
        "dvar2": 0.00166256411467,
        "max": 0.176337301731,
        "mean": 0.0363723859191,
        "median": 0.0287287011743,
        "min": 1.05272215022e-20,
        "var": 0.000682145939209
    },
    "spectral_energyband_high": {
        "dmean": 7.69929902162e-05,
        "dmean2": 0.00011438101501,
        "dvar": 1.1147663237e-08,
        "dvar2": 2.49003413444e-08,
        "max": 0.00208319583908,
        "mean": 0.00019930084818,
        "median": 0.000161627860507,
        "min": 7.75339975718e-21,
        "var": 2.90899784261e-08
    },
    "spectral_energyband_low": {
        "dmean": 0.00893121492118,
        "dmean2": 0.0150989256799,
        "dvar": 0.000194209278561,
        "dvar2": 0.000516316911671,
        "max": 0.13287755847,
        "mean": 0.0158435311168,
        "median": 0.0121974647045,
        "min": 4.44895809538e-23,
        "var": 0.000193699481315
    },
    "spectral_energyband_middle_high": {
        "dmean": 0.00148372852709,
        "dmean2": 0.00219999928959,
        "dvar": 2.98596955872e-06,
        "dvar2": 6.84083033775e-06,
        "max": 0.0198668967932,
        "mean": 0.00518852751702,
        "median": 0.00354597251862,
        "min": 1.44312239956e-21,
        "var": 1.56848709594e-05
    },
    "spectral_energyband_middle_low": {
        "dmean": 0.0115303071216,
        "dmean2": 0.0194474253803,
        "dvar": 0.000374223222025,
        "dvar2": 0.000956010597292,
        "max": 0.160219952464,
        "mean": 0.0179582554847,
        "median": 0.0122410375625,
        "min": 3.45699371673e-22,
        "var": 0.00036141986493
    },
    "spectral_entropy": {
        "dmean": 0.138414740562,
        "dmean2": 0.226277321577,
        "dvar": 0.0208300966769,
        "dvar2": 0.0522974915802,
        "max": 9.78821849823,
        "mean": 7.42281341553,
        "median": 7.43846845627,
        "min": 6.53357028961,
        "var": 0.0397029705346
    },
    "spectral_flux": {
        "dmean": 0.0329994373024,
        "dmean2": 0.0534187704325,
        "dvar": 0.00192434503697,
        "dvar2": 0.00418995460495,
        "max": 0.360362797976,
        "mean": 0.105807930231,
        "median": 0.0924355536699,
        "min": 1.02602246144e-10,
        "var": 0.00314800464548
    },
    "spectral_kurtosis": {
        "dmean": 2.49976396561,
        "dmean2": 4.37808656693,
        "dvar": 4.72372484207,
        "dvar2": 13.896115303,
        "max": 22.5670623779,
        "mean": 5.38354301453,
        "median": 5.07545471191,
        "min": -1.20656871796,
        "var": 7.22496271133
    },
    "spectral_rms": {
        "dmean": 0.00122067995835,
        "dmean2": 0.00199867994525,
        "dvar": 2.47798971031e-06,
        "dvar2": 5.94481844018e-06,
        "max": 0.0131162647158,
        "mean": 0.00566906435415,
        "median": 0.00529414787889,
        "min": 3.2047559051e-12,
        "var": 3.34694209414e-06
    },
    "spectral_rolloff": {
        "dmean": 344.175689697,
        "dmean2": 582.253112793,
        "dvar": 322352.5,
        "dvar2": 552591.375,
        "max": 18733.8867188,
        "mean": 873.915344238,
        "median": 602.9296875,
        "min": 107.666015625,
        "var": 542900.1875
    },
    "spectral_skewness": {
        "dmean": 0.291455537081,
        "dmean2": 0.480163067579,
        "dvar": 0.0627304539084,
        "dvar2": 0.164734482765,
        "max": 3.62778687477,
        "mean": 1.40491092205,
        "median": 1.3801265955,
        "min": 0.0413003303111,
        "var": 0.161145299673
    },
    "spectral_spread": {
        "dmean": 326622.15625,
        "dmean2": 492112.84375,
        "dvar": 737091256320,
        "dvar2": 677091672064,
        "max": 41387496,
        "mean": 2978647,
        "median": 2844233.5,
        "min": 1930418,
        "var": 1.18180151296e+12
    },
    "spectral_strongpeak": {
        "dmean": 0.359199345112,
        "dmean2": 0.625675499439,
        "dvar": 0.255951792002,
        "dvar2": 0.66590732336,
        "max": 4.48635005951,
        "mean": 0.480418145657,
        "median": 0.270514547825,
        "min": 0,
        "var": 0.312215358019
    },
    "zerocrossingrate": {
        "dmean": 0.00649371230975,
        "dmean2": 0.00839223992079,
        "dvar": 0.000144541656482,
        "dvar2": 0.000177034526132,
        "max": 0.48828125,
        "mean": 0.0404405109584,
        "median": 0.0390625,
        "min": 0.00927734375,
        "var": 0.000261570588918
    },
    "barkbands": {
        "dmean": [0.000287384405965, 0.00465416489169, 0.00341812218539, 0.0061122099869, 0.00533573841676, 0.00164203171153, 0.000890745606739, 0.000813368242234, 0.000490003731102, 0.000435349531472, 0.000283629400656, 0.00054059852846, 0.00034984620288, 0.000250278972089, 0.000240507652052, 0.000197451343411, 0.000205468313652, 0.000193538347958, 0.00015612639254, 8.24204471428e-05, 3.68756591342e-05, 1.32509967443e-05, 7.48169304643e-06, 6.46486432743e-06, 6.05412424193e-06, 3.72074873667e-06, 1.35030040838e-06],
        "dmean2": [0.000504737778101, 0.00812454149127, 0.00578789552674, 0.0107439951971, 0.00926874764264, 0.0026884698309, 0.00147493300028, 0.00133923895191, 0.000806445081253, 0.000702095101587, 0.00046413144446, 0.000890719995368, 0.000550988595933, 0.000402534584282, 0.000389007735066, 0.000317110709148, 0.000331303075654, 0.000308119691908, 0.000246759795118, 0.000125312566524, 5.82976790611e-05, 1.99868482014e-05, 1.19044034363e-05, 1.03395723272e-05, 9.97939150693e-06, 6.18957938059e-06, 2.32423144553e-06],
        "dvar": [1.94968365008e-07, 6.25010070507e-05, 2.90557400149e-05, 0.000145519239595, 7.2287490184e-05, 6.87685815137e-06, 1.35694210712e-06, 1.4022899677e-06, 5.24108543232e-07, 7.02010595433e-07, 3.18322577186e-07, 1.01973114397e-06, 4.17214351955e-07, 1.48325213445e-07, 1.11581627493e-07, 7.72285559947e-08, 8.25439343544e-08, 7.23601161212e-08, 5.12134370467e-08, 1.52123398323e-08, 2.7569777572e-09, 4.03859889975e-10, 2.33683572493e-10, 1.64187829998e-10, 3.69406949474e-10, 1.84280646298e-10, 4.19428658471e-11],
        "dvar2": [5.30399404397e-07, 0.000182027899427, 7.72131243139e-05, 0.000393136957427, 0.000187187106349, 1.68298811332e-05, 3.51184644387e-06, 3.83333690479e-06, 1.34546496611e-06, 1.77081221864e-06, 8.09209097952e-07, 2.7063520065e-06, 9.52976108692e-07, 3.62541072718e-07, 2.724548267e-07, 1.80120451887e-07, 1.9820289765e-07, 1.75960892079e-07, 1.2595478438e-07, 3.51256801423e-08, 6.65560673241e-09, 9.01620500482e-10, 5.40613220856e-10, 3.93312160618e-10, 9.31442478702e-10, 4.84834505876e-10, 1.07397840621e-10],
        "max": [0.00432298053056, 0.0790333673358, 0.0420947819948, 0.0996497794986, 0.0688000544906, 0.0330271087587, 0.0129055371508, 0.0146397696808, 0.00707330182195, 0.0115686580539, 0.00883241929114, 0.0148037094623, 0.00861212331802, 0.00610569305718, 0.00604077149183, 0.00443539535627, 0.00648613646626, 0.00386011297815, 0.00451240036637, 0.00189747253899, 0.000985858379863, 0.000361530605005, 0.000286968279397, 0.000177139692823, 0.000429744948633, 0.000189774742466, 7.3161056207e-05],
        "mean": [0.000404102815082, 0.00762994028628, 0.00507209263742, 0.00605847453699, 0.00597891258076, 0.00246406090446, 0.00131720956415, 0.00117334292736, 0.000813948223367, 0.00072390306741, 0.000420791504439, 0.000883072149009, 0.000588267692365, 0.00043850421207, 0.000451213447377, 0.000405682367273, 0.000422466837335, 0.000450717750937, 0.000357720709872, 0.000175942986971, 8.19253837108e-05, 2.67311806965e-05, 1.27613175209e-05, 8.96546771401e-06, 7.0077444434e-06, 3.53342989001e-06, 1.13933822377e-06],
        "median": [0.000312767282594, 0.00590753229335, 0.00368213583715, 0.00245574209839, 0.00319425622001, 0.00135818345007, 0.000790197751485, 0.000663080019876, 0.000347269058693, 0.000297187565593, 0.000186115023098, 0.000374527124222, 0.000217644424993, 0.000237635103986, 0.000322222651448, 0.00028795999242, 0.000303045439068, 0.000279487285297, 0.000239913948462, 0.000110343979031, 6.18871272309e-05, 1.60924319061e-05, 7.1788126661e-06, 3.83778024116e-06, 1.4850925254e-06, 4.87666966364e-07, 2.08707966465e-08],
        "min": [1.37550934752e-24, 3.05200533909e-23, 1.27249906221e-23, 1.58201676364e-24, 1.69876494328e-23, 8.60296172939e-23, 6.92461534623e-23, 3.41934851703e-23, 1.08384048393e-22, 6.16045588476e-23, 1.44651972686e-23, 7.66010697132e-23, 9.35687546542e-23, 1.17129322523e-22, 1.18843586689e-22, 1.72571375709e-22, 1.670357431e-22, 2.19817542744e-22, 2.65871822992e-22, 2.15969946254e-22, 3.87521268015e-22, 6.80251646506e-22, 7.84130213657e-22, 8.66833078296e-22, 1.39966855826e-21, 1.61099028363e-21, 2.06106408148e-21],
        "var": [1.88525561384e-07, 5.36842489964e-05, 2.75506954495e-05, 0.000115370610729, 6.51632217341e-05, 1.02362701e-05, 2.17601063923e-06, 2.14471947402e-06, 1.12055329282e-06, 1.69416932749e-06, 4.9570394367e-07, 2.00955923901e-06, 9.62629314927e-07, 3.35124212825e-07, 2.07796986729e-07, 1.62395252801e-07, 1.73255074287e-07, 2.22990763632e-07, 1.40969760309e-07, 3.84278457943e-08, 6.28624130528e-09, 1.10230879979e-09, 4.29516755496e-10, 2.34567198998e-10, 3.97892524484e-10, 1.57715243643e-10, 3.38306709036e-11]
    },
    "erbbands": {
        "dmean": [0.119718141854, 1.15802764893, 3.68794941902, 11.6987304688, 23.2268104553, 14.6779642105, 17.1471576691, 10.0937738419, 11.9849796295, 11.6835451126, 20.3043460846, 10.5980501175, 9.06242656708, 18.081029892, 8.9893693924, 24.6055297852, 16.0532398224, 14.2259998322, 12.2649517059, 9.67726135254, 9.39121055603, 10.4243106842, 10.642083168, 8.57879161835, 6.6120967865, 3.729991436, 2.12347316742, 0.890581548214, 0.554446458817, 0.258049249649, 0.207277804613, 0.109089165926, 0.13355563581, 0.112328782678, 0.0274660680443, 0.00827828608453, 0.00397122185677, 0.00549486093223, 0.000117119358038, 1.92797997443e-05],
        "dmean2": [0.211270198226, 2.01014924049, 6.3532743454, 20.5182514191, 40.7521934509, 25.1759662628, 28.5030860901, 16.252204895, 19.8238773346, 19.2917003632, 33.3208694458, 17.3395671844, 14.4994182587, 29.9016914368, 14.4906225204, 40.1005630493, 25.2625408173, 22.5400867462, 20.0259933472, 15.2583770752, 14.7667360306, 16.457868576, 17.0021781921, 13.7554225922, 10.2294054031, 5.66480255127, 3.29571890831, 1.37499654293, 0.822108924389, 0.404222518206, 0.33062723279, 0.177584037185, 0.210046991706, 0.178514152765, 0.0459659770131, 0.0143216503784, 0.00672750268131, 0.00911134760827, 0.000191901926883, 3.15723264066e-05],
        "dvar": [0.0284680705518, 4.31567955017, 41.9480247498, 435.149871826, 1951.17041016, 491.805206299, 741.864318848, 214.92590332, 283.169311523, 322.974395752, 974.938293457, 238.174468994, 229.879196167, 1569.92834473, 269.452911377, 2051.36303711, 887.251647949, 475.523071289, 321.734283447, 174.304718018, 160.990737915, 210.004989624, 211.095428467, 143.21282959, 98.4554977417, 37.0408439636, 8.19760608673, 1.55103874207, 0.821617245674, 0.187221780419, 0.199889615178, 0.0366531051695, 0.115423098207, 0.169357031584, 0.00501748733222, 0.000393740861909, 0.000141287295264, 0.000629173475318, 2.62525617245e-07, 8.89621709632e-10],
        "dvar2": [0.0869527980685, 12.4520797729, 114.799636841, 1159.19311523, 5205.64257812, 1248.51123047, 1915.07641602, 516.752990723, 752.859375, 803.024047852, 2620.86816406, 621.510192871, 554.346923828, 4309.48730469, 703.316101074, 5481.86962891, 2129.18115234, 1114.28186035, 796.511047363, 383.121795654, 358.429504395, 507.823547363, 520.934631348, 338.98223877, 229.257324219, 84.6810760498, 19.8405628204, 3.63328385353, 1.77891898155, 0.445103794336, 0.477668583393, 0.0950085371733, 0.263478040695, 0.420603126287, 0.0133591424674, 0.0010846182704, 0.000360543635907, 0.00161924865097, 6.7104849677e-07, 2.1849007048e-09],
        "max": [1.45165872574, 21.0284767151, 57.8470726013, 171.108337402, 361.712799072, 179.36529541, 263.604125977, 182.826690674, 221.715744019, 235.576568604, 390.097930908, 210.223892212, 267.782745361, 557.397277832, 254.457122803, 702.962585449, 426.743560791, 346.493255615, 258.761901855, 268.151885986, 225.052520752, 287.775482178, 233.658996582, 173.443771362, 173.629760742, 110.729118347, 42.6907615662, 22.5873298645, 18.4463672638, 8.55849552155, 8.3523273468, 2.09605455399, 4.83717870712, 9.84048461914, 0.900179386139, 0.274685382843, 0.128393754363, 0.341708779335, 0.00688986619934, 0.00025062620989],
        "mean": [0.217717781663, 1.7120667696, 5.8344540596, 13.3014335632, 22.7935409546, 16.9524097443, 23.9077472687, 15.6715087891, 18.3970184326, 17.6482658386, 29.6984500885, 18.1758880615, 17.6444129944, 29.5657253265, 16.6381092072, 39.8717575073, 29.0187568665, 26.7013092041, 22.3291091919, 22.2873039246, 22.2079524994, 23.217382431, 25.352853775, 20.7488994598, 15.242729187, 8.18880271912, 4.61980485916, 2.05665302277, 1.16680467129, 0.478998064995, 0.342024236917, 0.155499324203, 0.180700033903, 0.131880804896, 0.028533808887, 0.00736591313034, 0.00419747130945, 0.00487412279472, 0.000118048243166, 4.34270004916e-05],
        "median": [0.182021543384, 1.21778011322, 4.31955766678, 6.7104473114, 9.20882987976, 8.89336395264, 11.835562706, 9.08825874329, 11.9629974365, 10.2809257507, 15.9046173096, 9.60082054138, 7.87100887299, 10.3251285553, 9.13901329041, 17.258731842, 11.7640037537, 14.4715013504, 15.2241783142, 16.9091873169, 16.4068260193, 16.5324115753, 17.1527290344, 13.9543991089, 9.78502464294, 5.18517303467, 3.57148098946, 1.5406267643, 0.67527616024, 0.310423493385, 0.180236920714, 0.0852919146419, 0.0586514994502, 0.0224407166243, 0.00732710398734, 0.00180804496631, 0.000714009278454, 0.000153201370267, 2.16216758417e-05, 3.40515107382e-05],
        "min": [8.05337723042e-22, 7.00571572514e-21, 1.31379432637e-20, 1.19525167055e-20, 2.62613139315e-20, 4.84222515612e-20, 2.03607134434e-19, 7.49514660286e-19, 8.70465940032e-19, 1.25835274615e-18, 8.53107761673e-19, 2.26894566688e-18, 2.64982139353e-18, 1.15935649422e-18, 7.39667540383e-19, 3.54972441681e-18, 4.77518587686e-18, 6.85061098508e-18, 4.83682241303e-18, 4.3621026323e-18, 1.16302636373e-17, 1.01858143818e-17, 1.18634880381e-17, 1.26830511444e-17, 1.31021364115e-17, 1.08516343908e-17, 1.34316107213e-17, 1.87421193529e-17, 2.11963394149e-17, 2.77077943547e-17, 2.02004917124e-17, 1.52254569316e-17, 1.70973418424e-17, 1.55735510769e-17, 9.60983776796e-18, 6.27754687415e-18, 2.90667979208e-18, 1.122101727e-18, 2.81220341012e-19, 3.26484504236e-20],
        "var": [0.0289800725877, 3.55832600594, 37.0077857971, 366.461547852, 1549.03173828, 502.963226318, 1036.11022949, 350.173522949, 409.137054443, 501.844940186, 1561.12817383, 464.688171387, 722.74432373, 3307.34155273, 481.036712646, 3990.19946289, 2088.68774414, 1175.15563965, 586.816711426, 395.202697754, 404.068359375, 485.930358887, 672.342956543, 401.688720703, 285.568267822, 86.9719848633, 18.893743515, 4.02145004272, 2.47522902489, 0.352413594723, 0.346364498138, 0.0457247756422, 0.168373122811, 0.182289987803, 0.00481489254162, 0.000306439877022, 0.000140832504258, 0.00052928365767, 2.24841315344e-07, 1.0342462442e-09]
    },
    "gfcc": {
        "mean": [-2.54893684387, 145.294815063, -133.668487549, 45.4357299805, -35.503692627, 0.49610376358, -27.32954216, 3.25948929787, -18.9701251984, -3.45054030418, -7.2550201416, -7.41044616699, -7.38113307953],
        "cov": [[2070.640625, -161.448135376, 7.20875549316, -82.9369277954, -56.1935844421, -40.6607017517, -85.3210830688, 45.4602012634, -182.077850342, 7.09422445297, -44.3492507935, -8.73258590698, -78.6215057373], [-161.448135376, 488.691741943, -252.529190063, 61.7962112427, 35.1664581299, -55.7627601624, 120.571578979, -90.3401641846, 102.55140686, -80.1178817749, 73.2658538818, -46.4371528625, 60.1855621338], [7.20875549316, -252.529190063, 558.060302734, -62.0359764099, 64.5169448853, 34.4835281372, -182.981277466, 44.3907203674, -86.5030441284, 72.4492340088, -75.377456665, 26.5060939789, -29.0584068298], [-82.9369277954, 61.7962112427, -62.0359764099, 185.436691284, -19.4507808685, 14.1584367752, 27.0233402252, -46.7011909485, 61.7781982422, -16.7056350708, 18.1977443695, -16.6039791107, 22.6811733246], [-56.1935844421, 35.1664581299, 64.5169448853, -19.4507808685, 124.760292053, -23.5405235291, 2.35907626152, -2.73985219002, -6.35424613953, 15.2786178589, -3.39098930359, 1.66324067116, -5.52292728424], [-40.6607017517, -55.7627601624, 34.4835281372, 14.1584367752, -23.5405235291, 120.577514648, 13.8823070526, 31.2865657806, -4.9771323204, -4.91579866409, -0.827871859074, -0.857763171196, -4.24034070969], [-85.3210830688, 120.571578979, -182.981277466, 27.0233402252, 2.35907626152, 13.8823070526, 163.908416748, -6.13001441956, 34.1844978333, -33.1409301758, 18.9832839966, -10.1788845062, 9.89667701721], [45.4602012634, -90.3401641846, 44.3907203674, -46.7011909485, -2.73985219002, 31.2865657806, -6.13001441956, 87.0245056152, -14.3519134521, 20.9174404144, -10.7322788239, 1.26872193813, -10.3865680695], [-182.077850342, 102.55140686, -86.5030441284, 61.7781982422, -6.35424613953, -4.9771323204, 34.1844978333, -14.3519134521, 108.293281555, 0.719118773937, 23.5726318359, -7.97185754776, 12.1694059372], [7.09422445297, -80.1178817749, 72.4492340088, -16.7056350708, 15.2786178589, -4.91579866409, -33.1409301758, 20.9174404144, 0.719118773937, 86.7376937866, 2.72067499161, 5.57375955582, -11.7942781448], [-44.3492507935, 73.2658538818, -75.377456665, 18.1977443695, -3.39098930359, -0.827871859074, 18.9832839966, -10.7322788239, 23.5726318359, 2.72067499161, 77.6954956055, 2.30797529221, 12.414056778], [-8.73258590698, -46.4371528625, 26.5060939789, -16.6039791107, 1.66324067116, -0.857763171196, -10.1788845062, 1.26872193813, -7.97185754776, 5.57375955582, 2.30797529221, 70.1743774414, 0.488782256842], [-78.6215057373, 60.1855621338, -29.0584068298, 22.6811733246, -5.52292728424, -4.24034070969, 9.89667701721, -10.3865680695, 12.1694059372, -11.7942781448, 12.414056778, 0.488782256842, 64.1652145386]],
        "icov": [[0.000665577477776, -0.000336903060088, 0.000313513883157, -0.000389380875276, 0.000368768320186, 0.000295057281619, 0.000475819339044, -0.000655165349599, 0.00153773534112, -0.000308611954097, 0.000312680174829, -9.21154132811e-05, 0.000874793622643], [-0.000336903060088, 0.0067163775675, 4.15759604948e-05, 0.00217857118696, -0.0025174152106, 0.00111377250869, -0.00237549073063, 0.00469214655459, -0.00532788783312, 0.00447583245113, -0.00388959352858, 0.00374071719125, -0.0039238310419], [0.000313513883157, 4.15759604948e-05, 0.00461354618892, -0.000455223897006, -0.00235308147967, -0.0019048525719, 0.00433005904779, -0.00062709330814, 0.00205584871583, -0.00184100866318, 0.0028852999676, -0.000828532443848, 0.000217394772335], [-0.000389380875276, 0.00217857118696, -0.000455223897006, 0.00926194339991, -3.72434296878e-05, -0.00185184669681, -0.00127043330576, 0.00620740326121, -0.00637608440593, 0.00162523449399, -0.00143753690645, 0.00265422137454, -0.00315955583937], [0.000368768320186, -0.0025174152106, -0.00235308147967, -3.72434296878e-05, 0.0110897263512, 0.00237306882627, -0.0021290841978, -0.00103651219979, 0.00208094273694, -0.00246317777783, 0.000337159115588, -0.000857778941281, 0.00212649558671], [0.000295057281619, 0.00111377250869, -0.0019048525719, -0.00185184669681, 0.00237306882627, 0.0116666322574, -0.00301363063045, -0.00405779248103, 0.000518889166415, 0.00242138444446, -0.00226310058497, 0.000714045774657, 0.000671068031806], [0.000475819339044, -0.00237549073063, 0.00433005904779, -0.00127043330576, -0.0021290841978, -0.00301363063045, 0.0123859485611, -0.00280718505383, 0.00181344512384, -0.000274898484349, 0.00272402213886, -0.00146054348443, 0.00156365102157], [-0.000655165349599, 0.00469214655459, -0.00062709330814, 0.00620740326121, -0.00103651219979, -0.00405779248103, -0.00280718505383, 0.020205790177, -0.00534903490916, -0.000445439829491, -0.00143210950773, 0.00342830060981, -0.00315217440948], [0.00153773534112, -0.00532788783312, 0.00205584871583, -0.00637608440593, 0.00208094273694, 0.000518889166415, 0.00181344512384, -0.00534903490916, 0.0200002789497, -0.00586876226589, 0.00189480942208, -0.00265413080342, 0.00391600700095], [-0.000308611954097, 0.00447583245113, -0.00184100866318, 0.00162523449399, -0.00246317777783, 0.00242138444446, -0.000274898484349, -0.000445439829491, -0.00586876226589, 0.0181162171066, -0.00546386418864, 0.00213765841909, -0.000582473934628], [0.000312680174829, -0.00388959352858, 0.0028852999676, -0.00143753690645, 0.000337159115588, -0.00226310058497, 0.00272402213886, -0.00143210950773, 0.00189480942208, -0.00546386418864, 0.0186823941767, -0.00354566122405, 0.000122621553601], [-9.21154132811e-05, 0.00374071719125, -0.000828532443848, 0.00265422137454, -0.000857778941281, 0.000714045774657, -0.00146054348443, 0.00342830060981, -0.00265413080342, 0.00213765841909, -0.00354566122405, 0.0170746464282, -0.00272922590375], [0.000874793622643, -0.0039238310419, 0.000217394772335, -0.00315955583937, 0.00212649558671, 0.000671068031806, 0.00156365102157, -0.00315217440948, 0.00391600700095, -0.000582473934628, 0.000122621553601, -0.00272922590375, 0.0201756730676]]
    },
    "melbands": {
        "dmean": [0.0011550890049, 0.00175079260953, 0.0024570892565, 0.00132280320395, 0.00057237688452, 0.000246031471761, 0.000180435235961, 0.000122511512018, 0.000164516430232, 6.56002594042e-05, 4.62743628304e-05, 7.43826094549e-05, 3.12240481435e-05, 5.55391416128e-05, 5.32880003448e-05, 3.4389893699e-05, 2.68376170425e-05, 1.92480583792e-05, 1.60756571859e-05, 1.59758656082e-05, 1.18880598166e-05, 1.26303402794e-05, 1.12784755402e-05, 9.69038501353e-06, 7.70367387304e-06, 5.94542734689e-06, 4.28794783147e-06, 2.25891130867e-06, 1.49964978391e-06, 9.82927303994e-07, 4.6713574875e-07, 3.98400146651e-07, 1.94964130174e-07, 1.48513706222e-07, 1.41105957141e-07, 7.84176066304e-08, 6.80287755017e-08, 9.35627113563e-08, 8.00701442927e-08, 9.99132652169e-08],
        "dmean2": [0.00201013404876, 0.00297730765305, 0.00426399242133, 0.00232526496984, 0.000939819321502, 0.00039810774615, 0.000298518425552, 0.000201414412004, 0.000269691401627, 0.000107984611532, 7.37164518796e-05, 0.000122816476505, 5.09558631165e-05, 9.11524402909e-05, 8.52093071444e-05, 5.43388487131e-05, 4.32876331615e-05, 3.12704542011e-05, 2.56114708463e-05, 2.62081703113e-05, 1.90090395336e-05, 2.01514121727e-05, 1.84169166459e-05, 1.53861510626e-05, 1.25706819745e-05, 9.37069489737e-06, 6.61549665892e-06, 3.52571396434e-06, 2.34774392993e-06, 1.58698071573e-06, 7.22382708318e-07, 5.87537897445e-07, 3.15657729288e-07, 2.3643036684e-07, 2.27607145575e-07, 1.26820552282e-07, 1.12354733517e-07, 1.48406670064e-07, 1.26915224996e-07, 1.6010478987e-07],
        "dvar": [3.28895816892e-06, 9.77005038294e-06, 2.15176223719e-05, 4.84477732243e-06, 7.27481335616e-07, 1.28073352812e-07, 5.92095261709e-08, 3.45625323916e-08, 6.62732944079e-08, 9.51065981525e-09, 6.22332452238e-09, 2.63804444955e-08, 2.96912361364e-09, 1.14158336117e-08, 1.03287458586e-08, 3.39293149132e-09, 1.8317717343e-09, 8.81968831301e-10, 5.26874044393e-10, 5.17884068962e-10, 2.77378148228e-10, 3.53986062684e-10, 2.46700437856e-10, 1.99645452947e-10, 1.18937373839e-10, 8.2904003107e-11, 4.02777498854e-11, 1.53969389322e-11, 3.91657192789e-12, 2.37022792886e-12, 4.16681852867e-13, 4.95316353037e-13, 1.06028175877e-13, 7.21479896226e-14, 1.14347713156e-13, 2.01502073897e-14, 1.46051282234e-14, 4.31641315301e-14, 6.33907802552e-14, 1.39528376374e-13],
        "dvar2": [9.72351699602e-06, 2.72484066954e-05, 5.75292397116e-05, 1.25946944536e-05, 1.84624332178e-06, 3.0901367154e-07, 1.55259698431e-07, 8.73283241276e-08, 1.77365961918e-07, 2.49768845606e-08, 1.4944799176e-08, 7.2010060137e-08, 7.68119967631e-09, 2.91680173348e-08, 2.69827111765e-08, 7.68291119613e-09, 4.3848364939e-09, 2.18373497063e-09, 1.23977150768e-09, 1.21331500402e-09, 6.34965191537e-10, 8.62844073968e-10, 6.26857510344e-10, 5.04582597927e-10, 2.90626217536e-10, 1.91575588726e-10, 9.25576906785e-11, 3.59728809241e-11, 9.80597113925e-12, 5.82023188325e-12, 9.92233422162e-13, 1.03048613479e-12, 2.68946621701e-13, 1.68831908089e-13, 2.80839045595e-13, 5.15358290981e-14, 3.86395220832e-14, 1.01110919225e-13, 1.47858084825e-13, 3.4449672932e-13],
        "max": [0.0168802812696, 0.0302900671959, 0.03744392097, 0.0161657575518, 0.0090209832415, 0.00402790447697, 0.00303875491954, 0.0026383290533, 0.00279317284003, 0.00122613017447, 0.00134815613274, 0.00224528554827, 0.000637219054624, 0.00175871374086, 0.00149571010843, 0.000936671625823, 0.000638353114482, 0.000469805061584, 0.000462682306534, 0.00037116749445, 0.000280606123852, 0.000402874691645, 0.000246478244662, 0.000186164790648, 0.000150500243763, 0.000190032922546, 0.000116690556752, 8.36146282381e-05, 2.44735711021e-05, 3.6869514588e-05, 1.00630850284e-05, 1.52937791427e-05, 5.89520277572e-06, 4.90380807605e-06, 6.66920277581e-06, 2.2153728878e-06, 1.30067883219e-06, 2.8895815376e-06, 4.89891408506e-06, 9.01403655007e-06],
        "mean": [0.00198720069602, 0.00280132261105, 0.00272404099815, 0.00139722437598, 0.00081209547352, 0.000384341197787, 0.000279236643109, 0.000188604346476, 0.000237725005718, 0.000109545420855, 8.56790938997e-05, 0.000120104108646, 5.13774575666e-05, 8.96912679309e-05, 8.81034866325e-05, 5.92003598285e-05, 4.7043129598e-05, 3.29479917127e-05, 3.12161137117e-05, 3.15651959681e-05, 2.5050199838e-05, 2.46818563028e-05, 2.37139865931e-05, 2.10452344618e-05, 1.64971152117e-05, 1.23870486277e-05, 8.97514655662e-06, 4.3791724238e-06, 2.96826897284e-06, 1.97482063413e-06, 9.30463841087e-07, 7.90457590938e-07, 3.04618794189e-07, 2.51202720847e-07, 2.25345218041e-07, 1.13917664635e-07, 8.53725907746e-08, 1.24488778397e-07, 1.0287547525e-07, 1.13762027354e-07],
        "median": [0.00157283095177, 0.00208541704342, 0.00130976038054, 0.000670917215757, 0.000424556899816, 0.000229803903494, 0.00018002546858, 0.000110974251584, 0.000123669713503, 5.14649946126e-05, 3.68653054466e-05, 4.1149865865e-05, 2.57982301264e-05, 4.00468561566e-05, 3.37687924912e-05, 2.71208355116e-05, 2.45822448051e-05, 2.15923537326e-05, 2.2658463422e-05, 2.34664912568e-05, 1.75262193807e-05, 1.67171638168e-05, 1.52742286446e-05, 1.26876657305e-05, 1.08814992927e-05, 7.33586557544e-06, 5.53944937565e-06, 2.71251360573e-06, 2.18165996557e-06, 1.39197334192e-06, 6.48430727779e-07, 4.09895733355e-07, 1.84301427453e-07, 1.46859960637e-07, 1.14620931413e-07, 6.09534680507e-08, 4.16605487885e-08, 4.53541630918e-08, 2.08632897625e-08, 1.73404774984e-08],
        "min": [8.06765760073e-24, 8.28074313073e-24, 2.47367452785e-24, 2.65317430481e-24, 5.79299966306e-24, 1.75300875462e-23, 1.51265435417e-23, 1.312017917e-23, 7.42891061488e-24, 1.58145312252e-23, 1.32527559226e-23, 4.70773452789e-24, 2.06417328208e-24, 5.14968122827e-24, 1.46229473616e-23, 9.46507578495e-24, 1.23647438791e-23, 5.86477377809e-24, 1.02430062335e-23, 3.46117968091e-24, 1.67704712925e-23, 8.95562783464e-24, 1.39803791335e-23, 8.43609587537e-24, 1.06740145885e-23, 9.79065130231e-24, 1.0425854725e-23, 5.67272125198e-24, 8.35523289942e-24, 8.42002046785e-24, 1.18015492576e-23, 1.23459626787e-23, 1.27478699549e-23, 1.63527615545e-23, 1.28931229134e-23, 7.55327611431e-24, 9.90089382495e-24, 1.22645601219e-23, 1.1987591058e-23, 1.37606908377e-23],
        "var": [3.03681440528e-06, 8.46932562126e-06, 1.75141267391e-05, 4.19669640905e-06, 1.02504611732e-06, 2.07552574238e-07, 9.12331188374e-08, 5.39807167854e-08, 1.05195347544e-07, 1.939114469e-08, 1.80335142375e-08, 5.63111726137e-08, 5.28606092232e-09, 2.09893524783e-08, 2.16516049534e-08, 7.65291030547e-09, 4.15662659847e-09, 1.59065438599e-09, 9.94031301715e-10, 9.62352308953e-10, 6.18451012624e-10, 6.89345081017e-10, 6.38408714781e-10, 5.26987287142e-10, 2.83159301562e-10, 2.30020114067e-10, 1.05426750663e-10, 2.95885815849e-11, 8.11789958172e-12, 4.85135369377e-12, 9.73075678194e-13, 1.53796235729e-12, 1.75663181375e-13, 1.29424777644e-13, 1.83010358712e-13, 2.84810830519e-14, 1.63815206381e-14, 6.16553452715e-14, 8.55291992828e-14, 1.47641786492e-13]
    },
    "mfcc": {
        "mean": [-637.963867188, 164.567169189, -25.8486843109, 45.5732498169, 10.3851337433, 5.88590288162, 5.3639922142, 2.67635464668, -1.62650501728, 1.2747348547, 0.640923321247, 1.42834293842, -0.88859051466],
        "cov": [[1316.81982422, -63.0622825623, -108.49042511, -22.8679180145, -102.950164795, -74.4754943848, 59.2232666016, -0.0853015258908, -69.7685928345, -16.9986381531, -12.843337059, -8.36151695251, -30.1776332855], [-63.0622825623, 368.266693115, -130.180297852, 38.1754608154, -9.95419406891, 5.61503171921, 0.705696046352, 9.46016025543, -0.619071543217, -10.8116035461, 0.654922246933, 4.36684989929, -6.45206546783], [-108.49042511, -130.180297852, 366.662628174, -50.1097145081, 142.060821533, -10.329375267, -10.9564027786, -57.1039428711, 10.3159713745, -11.5443239212, -27.5720329285, -27.5558052063, 14.1427059174], [-22.8679180145, 38.1754608154, -50.1097145081, 150.065689087, -9.11531257629, 40.2326507568, -36.0839424133, -6.69857645035, -5.06591129303, 12.8064966202, -4.54045438766, -3.49071264267, -2.52657651901], [-102.950164795, -9.95419406891, 142.060821533, -9.11531257629, 176.152191162, -23.2133159637, -4.0902428627, -63.4805831909, 10.1049613953, -18.5744400024, 6.46750831604, -33.0076255798, 30.8293514252], [-74.4754943848, 5.61503171921, -10.329375267, 40.2326507568, -23.2133159637, 107.700454712, -14.7472791672, 37.362197876, -9.51551532745, 18.8595504761, -4.54640197754, 20.768913269, -21.736951828], [59.2232666016, 0.705696046352, -10.9564027786, -36.0839424133, -4.0902428627, -14.7472791672, 115.368659973, -2.62883734703, 21.0325298309, -19.3994255066, 7.77839517593, 0.190619960427, 4.08216524124], [-0.0853015258908, 9.46016025543, -57.1039428711, -6.69857645035, -63.4805831909, 37.362197876, -2.62883734703, 130.931549072, -12.465760231, 17.9557151794, -11.0473737717, 17.4746246338, -27.7993717194], [-69.7685928345, -0.619071543217, 10.3159713745, -5.06591129303, 10.1049613953, -9.51551532745, 21.0325298309, -12.465760231, 90.4668197632, -10.826212883, 20.741361618, -14.6567544937, 1.14350640774], [-16.9986381531, -10.8116035461, -11.5443239212, 12.8064966202, -18.5744400024, 18.8595504761, -19.3994255066, 17.9557151794, -10.826212883, 104.201423645, -14.0101728439, 18.1473350525, -16.193567276], [-12.843337059, 0.654922246933, -27.5720329285, -4.54045438766, 6.46750831604, -4.54640197754, 7.77839517593, -11.0473737717, 20.741361618, -14.0101728439, 84.1032562256, 1.51390337944, 18.4239997864], [-8.36151695251, 4.36684989929, -27.5558052063, -3.49071264267, -33.0076255798, 20.768913269, 0.190619960427, 17.4746246338, -14.6567544937, 18.1473350525, 1.51390337944, 71.4336776733, 3.9517121315], [-30.1776332855, -6.45206546783, 14.1427059174, -2.52657651901, 30.8293514252, -21.736951828, 4.08216524124, -27.7993717194, 1.14350640774, -16.193567276, 18.4239997864, 3.9517121315, 78.1995544434]],
