{
"lowlevel": {
    "average_loudness": 0.817398369312,
    "barkbands_crest": {
        "dmean": 2.67220163345,
        "dmean2": 4.10353946686,
        "dvar": 5.80124330521,
        "dvar2": 13.728225708,
        "max": 26.5752696991,
        "mean": 14.2764158249,
        "median": 13.8813581467,
        "min": 4.44997596741,
        "var": 20.9534072876
    },
    "barkbands_flatness_db": {
        "dmean": 0.0340464524925,
        "dmean2": 0.0478881374002,
        "dvar": 0.00111512420699,
        "dvar2": 0.00206291396171,
        "max": 0.570378184319,
        "mean": 0.283989757299,
        "median": 0.280578762293,
        "min": 0.068735294044,
        "var": 0.0052670747973
    },
    "barkbands_kurtosis": {
        "dmean": 7.14439058304,
        "dmean2": 10.7576580048,
        "dvar": 109.078186035,
        "dvar2": 243.885696411,
        "max": 157.206878662,
        "mean": 13.7397937775,
        "median": 8.13397979736,
        "min": -1.90391027927,
        "var": 280.60357666
    },
    "barkbands_skewness": {
        "dmean": 0.755691230297,
        "dmean2": 1.08683633804,
        "dvar": 0.597028553486,
        "dvar2": 1.34226119518,
        "max": 10.5866136551,
        "mean": 2.53864407539,
        "median": 2.44260263443,
        "min": -6.71265983582,
        "var": 2.75982618332
    },
    "barkbands_spread": {
        "dmean": 2.76128530502,
        "dmean2": 4.11120414734,
        "dvar": 22.8264884949,
        "dvar2": 45.699962616,
        "max": 83.9117889404,
        "mean": 7.5092086792,
        "median": 4.71668815613,
        "min": 0.249176353216,
        "var": 65.5792312622
    },
    "dissonance": {
        "dmean": 0.0384462364018,
        "dmean2": 0.0632049590349,
        "dvar": 0.00124003633391,
        "dvar2": 0.00326602626592,
        "max": 0.499774336815,
        "mean": 0.405886411667,
        "median": 0.413001745939,
        "min": 0.00620436063036,
        "var": 0.00292088510469
    },
    "dynamic_complexity": 4.53401708603,
    "erbbands_crest": {
        "dmean": 3.27587389946,
        "dmean2": 5.01629924774,
        "dvar": 8.25221157074,
        "dvar2": 20.1123695374,
        "max": 32.678730011,
        "mean": 13.640162468,
        "median": 12.7521934509,
        "min": 2.82644939423,
        "var": 29.1155929565
    },
    "erbbands_flatness_db": {
        "dmean": 0.0293459631503,
        "dmean2": 0.0397262535989,
        "dvar": 0.000929824309424,
        "dvar2": 0.00160507543478,
        "max": 0.559957563877,
        "mean": 0.304501444101,
        "median": 0.30046197772,
        "min": 0.0967823565006,
        "var": 0.00466069160029
    },
    "erbbands_kurtosis": {
        "dmean": 2.70320773125,
        "dmean2": 4.17802190781,
        "dvar": 20.1520271301,
        "dvar2": 46.5758743286,
        "max": 60.4430198669,
        "mean": 3.65390396118,
        "median": 1.69043111801,
        "min": -1.90029370785,
        "var": 37.7026672363
    },
    "erbbands_skewness": {
        "dmean": 0.551137149334,
        "dmean2": 0.802700102329,
        "dvar": 0.325167685747,
        "dvar2": 0.653429865837,
        "max": 6.03258609772,
        "mean": 1.37376749516,
        "median": 1.31951785088,
        "min": -4.1160364151,
        "var": 1.36174201965
    },
    "erbbands_spread": {
        "dmean": 5.75142860413,
        "dmean2": 8.75285625458,
        "dvar": 64.8713912964,
        "dvar2": 146.814712524,
        "max": 134.601577759,
        "mean": 19.6064434052,
        "median": 16.4534473419,
        "min": 0.491654098034,
        "var": 181.914199829
    },
    "hfc": {
        "dmean": 2.83747577667,
        "dmean2": 3.67123794556,
        "dvar": 19.3367462158,
        "dvar2": 33.9221687317,
        "max": 109.091438293,
        "mean": 8.38179111481,
        "median": 4.49171876907,
        "min": 1.10140746305e-16,
        "var": 134.936218262
    },
    "melbands_crest": {
        "dmean": 3.32510614395,
        "dmean2": 5.19874763489,
        "dvar": 8.82903575897,
        "dvar2": 22.251083374,
        "max": 33.2356376648,
        "mean": 16.81599617,
        "median": 16.3381061554,
        "min": 1.86774528027,
        "var": 26.4621047974
    },
    "melbands_flatness_db": {
        "dmean": 0.0387202166021,
        "dmean2": 0.053114309907,
        "dvar": 0.00148054328747,
        "dvar2": 0.00270586553961,
        "max": 0.609436154366,
        "mean": 0.338590741158,
        "median": 0.34113663435,
        "min": 0.00736043928191,
        "var": 0.00738463038579
    },
    "melbands_kurtosis": {
        "dmean": 8.97311019897,
        "dmean2": 13.3380699158,
        "dvar": 172.715103149,
        "dvar2": 401.975830078,
        "max": 300.962890625,
        "mean": 18.285943985,
        "median": 12.6588506699,
        "min": -1.54201495647,
        "var": 421.949127197
    },
    "melbands_skewness": {
        "dmean": 0.779992699623,
        "dmean2": 1.15605413914,
        "dvar": 0.673142552376,
        "dvar2": 1.5618519783,
        "max": 14.5171833038,
        "mean": 2.77417993546,
        "median": 2.73207640648,
        "min": -5.98987817764,
        "var": 2.71288084984
    },
    "melbands_spread": {
        "dmean": 3.8346323967,
        "dmean2": 5.62307071686,
        "dvar": 71.0140228271,
        "dvar2": 123.485359192,
        "max": 196.606536865,
        "mean": 10.1221227646,
        "median": 5.91155004501,
        "min": 0.620611131191,
        "var": 172.415145874
    },
    "pitch_salience": {
        "dmean": 0.0748746320605,
        "dmean2": 0.118122860789,
        "dvar": 0.00479210494086,
        "dvar2": 0.0113955074921,
        "max": 0.961722910404,
        "mean": 0.508016228676,
        "median": 0.517278730869,
        "min": 0.0762431621552,
        "var": 0.0161017943174
    },
    "silence_rate_20dB": {
        "dmean": 0,
        "dmean2": 0,
        "dvar": 0,
        "dvar2": 0,
        "max": 1,
        "mean": 1,
        "median": 1,
        "min": 1,
        "var": 0
    },
    "silence_rate_30dB": {
        "dmean": 0,
        "dmean2": 0,
        "dvar": 0,
        "dvar2": 0,
        "max": 1,
        "mean": 1,
        "median": 1,
        "min": 1,
        "var": 0
    },
    "silence_rate_60dB": {
        "dmean": 0.0804123729467,
        "dmean2": 0.160391956568,
        "dvar": 0.0739478692412,
        "dvar2": 0.140855744481,
        "max": 1,
        "mean": 0.2210200876,
        "median": 0,
        "min": 0,
        "var": 0.172171488404
    },
    "spectral_centroid": {
        "dmean": 153.374969482,
        "dmean2": 222.104537964,
        "dvar": 109259,
        "dvar2": 210517.46875,
        "max": 10967.6542969,
        "mean": 766.794616699,
        "median": 530.450439453,
        "min": 275.941864014,
        "var": 405493.5625
    },
    "spectral_complexity": {
        "dmean": 1.58969068527,
        "dmean2": 2.31098508835,
        "dvar": 2.86257529259,
        "dvar2": 5.10133552551,
        "max": 29,
        "mean": 8.07676410675,
        "median": 8,
        "min": 0,
        "var": 18.3789691925
    },
    "spectral_decrease": {
        "dmean": 1.64916214018e-09,
        "dmean2": 2.29948882158e-09,
        "dvar": 7.00956904262e-18,
        "dvar2": 1.62595021804e-17,
        "max": 9.80103762583e-29,
        "mean": -3.85047371765e-09,
        "median": -2.23660778786e-09,
        "min": -2.86153216678e-08,
        "var": 1.92569334051e-17
    },
    "spectral_energy": {
        "dmean": 0.00646921759471,
        "dmean2": 0.00899411737919,
        "dvar": 0.000106613544631,
        "dvar2": 0.000245958857704,
        "max": 0.111216716468,
        "mean": 0.0152928335592,
        "median": 0.00880257319659,
        "min": 1.05603305371e-20,
        "var": 0.000302624481265
    },
    "spectral_energyband_high": {
        "dmean": 3.7248893932e-05,
        "dmean2": 5.17805528943e-05,
        "dvar": 1.11584732565e-08,
        "dvar2": 2.24814495908e-08,
        "max": 0.00364275602624,
        "mean": 7.89175537648e-05,
        "median": 2.4778421448e-06,
        "min": 7.60339087621e-21,
        "var": 6.87974122116e-08
    },
    "spectral_energyband_low": {
        "dmean": 8.94482072908e-05,
        "dmean2": 0.000132036526338,
        "dvar": 3.64468455416e-08,
        "dvar2": 8.35350135731e-08,
        "max": 0.00467008119449,
        "mean": 0.000165563033079,
        "median": 4.79789669043e-05,
        "min": 4.83405443022e-23,
        "var": 1.43701754496e-07
    },
    "spectral_energyband_middle_high": {
        "dmean": 0.000672923575621,
        "dmean2": 0.000817319960333,
        "dvar": 3.06343235934e-06,
        "dvar2": 4.02680734624e-06,
        "max": 0.0585752986372,
        "mean": 0.00226101232693,
        "median": 0.000572759250645,
        "min": 1.44215183559e-21,
        "var": 3.26651279465e-05
    },
    "spectral_energyband_middle_low": {
        "dmean": 0.00603325245902,
        "dmean2": 0.00855516828597,
        "dvar": 0.000101614190498,
        "dvar2": 0.000239852568484,
        "max": 0.110692098737,
        "mean": 0.0128652947024,
        "median": 0.00714702391997,
        "min": 3.87509605495e-22,
        "var": 0.000240450171987
    },
    "spectral_entropy": {
        "dmean": 0.316765785217,
        "dmean2": 0.449823707342,
        "dvar": 0.112314127386,
        "dvar2": 0.20696593821,
        "max": 9.80151748657,
        "mean": 6.20746135712,
        "median": 6.1991109848,
        "min": 3.84878325462,
        "var": 0.439252436161
    },
    "spectral_flux": {
        "dmean": 0.021292982623,
        "dmean2": 0.0322392433882,
        "dvar": 0.000652823306154,
        "dvar2": 0.00150678213686,
        "max": 0.277325391769,
        "mean": 0.0509054288268,
        "median": 0.0390652641654,
        "min": 6.78889652828e-11,
        "var": 0.00161472533364
    },
    "spectral_kurtosis": {
        "dmean": 11.894534111,
        "dmean2": 19.3310432434,
        "dvar": 184.945663452,
        "dvar2": 416.377441406,
        "max": 136.620223999,
        "mean": 22.7013988495,
        "median": 15.5187454224,
        "min": -1.34661602974,
        "var": 472.090423584
    },
    "spectral_rms": {
        "dmean": 0.000748960883357,
        "dmean2": 0.000968631065916,
        "dvar": 7.76217234488e-07,
        "dvar2": 1.54026452037e-06,
        "max": 0.010416531004,
        "mean": 0.00330495345406,
        "median": 0.00293050799519,
        "min": 3.20979159051e-12,
        "var": 3.99713917432e-06
    },
    "spectral_rolloff": {
        "dmean": 243.923629761,
        "dmean2": 418.41583252,
        "dvar": 496910.71875,
        "dvar2": 962944.75,
        "max": 19035.3515625,
        "mean": 880.266296387,
        "median": 538.330078125,
        "min": 279.931640625,
        "var": 1081615.625
    },
    "spectral_skewness": {
        "dmean": 0.87175744772,
        "dmean2": 1.39817166328,
        "dvar": 0.713459014893,
        "dvar2": 1.6959015131,
        "max": 9.2771654129,
        "mean": 3.00800132751,
        "median": 2.71477890015,
        "min": -0.039030265063,
        "var": 2.28311538696
    },
    "spectral_spread": {
        "dmean": 597334.0625,
        "dmean2": 879570,
        "dvar": 1.4046101504e+12,
        "dvar2": 2.4849046569e+12,
        "max": 41404496,
        "mean": 2483902.5,
        "median": 2011960.375,
        "min": 557287.5625,
        "var": 4.45426486477e+12
    },
    "spectral_strongpeak": {
        "dmean": 0.411811798811,
        "dmean2": 0.628326296806,
        "dvar": 0.349812984467,
        "dvar2": 0.758339345455,
        "max": 10.165933609,
        "mean": 1.11817455292,
        "median": 0.795888602734,
        "min": 0,
        "var": 1.31888663769
    },
    "zerocrossingrate": {
        "dmean": 0.00624823803082,
        "dmean2": 0.00747606670484,
        "dvar": 0.00024108159414,
        "dvar2": 0.00035494970507,
        "max": 0.50732421875,
        "mean": 0.0345512442291,
        "median": 0.0263671875,
        "min": 0.0009765625,
        "var": 0.000867626687977
    },
    "barkbands": {
        "dmean": [1.54847782596e-06, 6.66710775477e-06, 6.06216744927e-05, 0.000112426991109, 0.00242336397059, 0.00313664413989, 0.000877635553479, 0.000501983158756, 0.000164679833688, 0.000174094646354, 0.000138064337079, 0.000219118388486, 0.00016748275084, 0.000144992460264, 9.64913560892e-05, 9.51786933001e-05, 4.74066473544e-05, 2.53608232015e-05, 5.5203865486e-05, 4.30799918831e-05, 9.11024926609e-06, 2.39201244767e-06, 3.98907104682e-06, 2.924231012e-06, 1.57540125656e-06, 2.44291129547e-07, 2.32297314717e-09],
        "dmean2": [2.73931937045e-06, 1.14448739623e-05, 8.75723126228e-05, 0.000170293656993, 0.00364952767268, 0.00467263488099, 0.00130267557688, 0.000670427340083, 0.000232634571148, 0.00025282043498, 0.000183343232493, 0.000276037288131, 0.000227294498472, 0.000184314529179, 0.000135365175083, 0.000138315401273, 6.7265224061e-05, 3.73240109184e-05, 7.61429837439e-05, 5.63700923522e-05, 1.27616713144e-05, 3.56642317456e-06, 5.89983619648e-06, 4.33988179793e-06, 2.21231061914e-06, 3.10088580591e-07, 3.78263154133e-09],
        "dvar": [9.480196142e-12, 1.77038619875e-10, 2.00543066597e-08, 8.52358681414e-08, 2.06255226658e-05, 4.2602288886e-05, 2.61771606347e-06, 1.99203395823e-06, 1.84908401479e-07, 2.9335373597e-07, 4.98486713241e-07, 1.48177548454e-06, 5.81708661684e-07, 6.0543464997e-07, 1.80612360623e-07, 1.45979740296e-07, 3.1334128181e-08, 7.69757324548e-09, 3.59352618773e-08, 2.11849116027e-08, 1.0979067655e-09, 3.48851988963e-11, 9.35292884807e-11, 1.53876508757e-10, 5.69577718323e-11, 2.48569979704e-12, 2.30772940633e-15],
        "dvar2": [2.87325007536e-11, 4.93460494688e-10, 4.06379854212e-08, 1.65892060977e-07, 4.66855053673e-05, 0.000109021246317, 5.73034640183e-06, 3.14726526085e-06, 3.75596954427e-07, 6.16405088749e-07, 9.38484902235e-07, 2.28311068895e-06, 1.02011495073e-06, 9.48520437305e-07, 3.0431786513e-07, 3.29167733071e-07, 6.32028047676e-08, 1.73737504383e-08, 7.97050603296e-08, 3.41939951909e-08, 2.37348474208e-09, 8.07497679833e-11, 2.03508584984e-10, 2.66096922275e-10, 1.26372967646e-10, 2.34352207779e-12, 5.77822202046e-15],
        "max": [3.92262154492e-05, 0.000230300298426, 0.00419182516634, 0.00661565735936, 0.0472887381911, 0.0872627347708, 0.0231591276824, 0.0269650090486, 0.00897572841495, 0.0113344248384, 0.022443652153, 0.0472967661917, 0.0234953667969, 0.0225570928305, 0.0133378570899, 0.0124950520694, 0.00336953648366, 0.0022147144191, 0.00365051929839, 0.00452444842085, 0.00123647565488, 8.16422034404e-05, 0.000149918021634, 0.000490775040817, 0.000255863909842, 8.11737918411e-05, 1.49536003846e-06],
        "mean": [1.68865130945e-06, 1.00638126241e-05, 0.000109401837108, 0.000171527135535, 0.00416743615642, 0.00531190726906, 0.00173313589767, 0.00110052898526, 0.000321574625559, 0.000354549643816, 0.000200431386475, 0.000485069322167, 0.000356612290489, 0.00027785426937, 0.000181275347131, 0.000133723850013, 7.79270558269e-05, 4.390140748e-05, 0.000110216031317, 0.000110585613584, 1.6521264115e-05, 2.68966164185e-06, 6.69511109663e-06, 4.51931009593e-06, 2.61821787717e-06, 3.96073090769e-07, 1.671970562e-09],
        "median": [5.90254103372e-07, 3.75996296498e-06, 1.83422962436e-05, 3.98749762098e-05, 0.00170877657365, 0.0015654132003, 0.000580216641538, 0.000149688596139, 8.62010419951e-05, 5.00686583109e-05, 3.49658512278e-05, 3.46905508195e-05, 3.74200462829e-05, 1.84125055966e-05, 2.32773763855e-05, 1.31204506033e-05, 1.15910834211e-05, 6.32794217381e-06, 8.79980234458e-06, 3.27957877744e-06, 6.76678666878e-07, 2.07312041312e-07, 1.4850419916e-07, 1.11182004048e-07, 3.33492202742e-08, 2.1701378472e-09, 4.47984149776e-10],
        "min": [7.45258196407e-24, 2.59983405475e-23, 8.83264875825e-25, 6.36587636889e-24, 3.02416265121e-23, 6.20624263388e-23, 6.17441367408e-23, 3.97227721826e-23, 8.34201663936e-23, 3.65180689313e-23, 6.07559527729e-23, 3.29397043574e-23, 5.10011985861e-23, 8.07631818906e-23, 1.98788707199e-22, 1.39133556177e-22, 1.8605948355e-22, 1.79517390643e-22, 2.92754536568e-22, 2.81614533165e-22, 2.95558589987e-22, 4.82520896444e-22, 7.0949725724e-22, 7.90803800211e-22, 9.57601913162e-22, 1.799639465e-21, 2.07906131826e-21],
        "var": [1.10190979605e-11, 3.06605518752e-10, 1.01227740856e-07, 2.14883172589e-07, 4.03867488785e-05, 8.81139421836e-05, 7.00196187609e-06, 9.31348040467e-06, 4.40585921524e-07, 7.66094387927e-07, 1.04980802007e-06, 7.28469558453e-06, 2.32959837376e-06, 2.51846290666e-06, 6.73222132264e-07, 2.48296544214e-07, 6.73031905762e-08, 1.70605272132e-08, 1.28881609385e-07, 1.5307546164e-07, 3.77576014898e-09, 4.27412966131e-11, 2.55413412642e-10, 3.61831231643e-10, 1.6268215941e-10, 1.42981147755e-11, 1.15541974978e-15]
    },
    "erbbands": {
        "dmean": [0.000189824073459, 0.00232490268536, 0.0465796738863, 0.217126309872, 2.05317950249, 8.16162776947, 34.2518234253, 15.6234989166, 8.52350711823, 16.6357135773, 8.36553859711, 3.07330298424, 5.17423820496, 5.62012290955, 6.07061195374, 8.44054317474, 6.93411111832, 4.30915212631, 8.39182853699, 3.51410222054, 4.86732959747, 2.31110262871, 1.36323475838, 2.30284404755, 2.47039461136, 2.17321944237, 0.699448049068, 0.15455262363, 0.0853732079268, 0.104446284473, 0.110234193504, 0.0692293643951, 0.0442862063646, 0.0256692543626, 0.00568514643237, 0.00176248431671, 0.000284277368337, 1.20773811432e-05, 3.51705057255e-06, 7.28269651518e-06],
        "dmean2": [0.000322359876009, 0.0036649457179, 0.0672369897366, 0.326147019863, 3.16318893433, 12.5972471237, 52.2084770203, 22.567325592, 12.4525461197, 24.1074924469, 10.7802381516, 4.3201713562, 7.34274244308, 7.81226587296, 8.01477050781, 9.8512878418, 9.10649394989, 6.02444171906, 9.79305362701, 5.08089637756, 7.06852960587, 3.27414894104, 1.88473856449, 3.15751028061, 3.46985673904, 2.76545739174, 0.932978510857, 0.218686208129, 0.126647397876, 0.156539618969, 0.164714694023, 0.103378459811, 0.0641371533275, 0.0364393889904, 0.00782262440771, 0.00237860274501, 0.000344831409166, 1.57948652486e-05, 4.73155250802e-06, 1.00810157164e-05],
        "dvar": [1.83375718166e-07, 2.11407223105e-05, 0.010987168178, 0.221629947424, 23.4569129944, 221.362228394, 4709.39990234, 839.911315918, 204.673583984, 1092.9921875, 543.442199707, 61.9086837769, 357.164459229, 142.901031494, 1174.74035645, 2786.5390625, 664.310913086, 565.539672852, 1785.58093262, 138.774703979, 381.109863281, 94.6648635864, 15.5867147446, 70.4259796143, 92.2932434082, 56.8563690186, 6.34932994843, 0.172165960073, 0.0457071848214, 0.069767832756, 0.0738001093268, 0.0729912295938, 0.0319197736681, 0.0117338718846, 0.000991406734101, 0.000105424696812, 4.76118111692e-06, 8.09909650457e-09, 7.0856695511e-11, 1.32130473229e-10],
        "dvar2": [5.22480604559e-07, 5.07656441187e-05, 0.0212836358696, 0.479217261076, 47.6201934814, 524.977600098, 12645.2548828, 1916.14807129, 444.956329346, 2208.38842773, 787.209472656, 125.575935364, 800.833068848, 240.378814697, 1956.62243652, 3906.80786133, 1100.74499512, 1305.20581055, 1818.99157715, 298.065612793, 905.332885742, 188.620635986, 29.8709011078, 164.416702271, 214.785736084, 90.3473205566, 12.4568758011, 0.338013827801, 0.104656867683, 0.161940544844, 0.161313027143, 0.140712469816, 0.0523181445897, 0.0242769997567, 0.00203072302975, 0.000131137989229, 5.14079101777e-06, 1.10241478168e-08, 1.67064070911e-10, 3.02111474726e-10],
        "max": [0.0055530727841, 0.099856197834, 3.2083594799, 8.62993240356, 69.3882369995, 166.27482605, 877.314697266, 336.577484131, 239.504730225, 505.296508789, 460.497436523, 206.323257446, 452.524536133, 283.606201172, 1140.04797363, 2358.00732422, 937.85736084, 881.688659668, 1463.39160156, 239.100326538, 641.555419922, 238.863265991, 91.6269607544, 225.668548584, 253.1431427, 310.394805908, 123.804580688, 13.2956180573, 2.50552153587, 3.31779694557, 4.19951248169, 9.28302764893, 7.86912918091, 3.57001709938, 1.19867837429, 0.492816358805, 0.106831379235, 0.00407026475295, 0.000214321131352, 0.000122977275169],
        "mean": [0.000242072244873, 0.00434019230306, 0.0879645124078, 0.391921341419, 3.4516453743, 14.1497650146, 53.0872344971, 28.506483078, 18.8759498596, 31.4478092194, 20.0503425598, 6.3024764061, 9.37738990784, 11.8018007278, 11.9591703415, 19.4324321747, 16.7956447601, 8.54664611816, 18.0782012939, 6.02116823196, 7.56478738785, 4.2281537056, 2.54615426064, 4.49064350128, 5.50277328491, 5.30802059174, 1.67840754986, 0.267407804728, 0.0978844165802, 0.149768009782, 0.188840597868, 0.112423956394, 0.0688757523894, 0.044123146683, 0.00879748165607, 0.00276778405532, 0.000450601015473, 1.91495055333e-05, 8.43523957883e-06, 1.75600998773e-05],
        "median": [0.000102589197922, 0.00153124250937, 0.0205238871276, 0.122476868331, 1.0715777874, 6.63496589661, 16.9104747772, 10.7554426193, 8.29724884033, 9.04862308502, 3.75826954842, 2.44545531273, 2.65967583656, 2.8795144558, 1.70511591434, 1.79323112965, 2.12785387039, 1.49291336536, 1.23310983181, 1.19717288017, 1.12196826935, 0.809077084064, 0.519709169865, 0.408701181412, 0.446264594793, 0.153466448188, 0.0466880500317, 0.0192514080554, 0.00857814401388, 0.00660332804546, 0.00386170740239, 0.00284638931043, 0.00156906899065, 0.000601732288487, 0.000130384069053, 2.54384867731e-05, 8.04458795756e-06, 1.45660067119e-06, 4.75687784274e-06, 1.02579160739e-05],
        "min": [7.42984087122e-22, 1.79697293843e-21, 1.44785768545e-21, 1.03948015184e-20, 4.66234794646e-20, 7.47996874335e-20, 3.12541534906e-19, 5.82417042118e-19, 3.86812479445e-19, 8.8622590205e-19, 1.42154503785e-18, 1.45885739752e-18, 1.03171373691e-18, 2.22627534819e-18, 1.60379949997e-18, 1.58159652476e-18, 2.14468804283e-18, 2.78578651838e-18, 5.69525514989e-18, 1.24948791356e-17, 7.54673847806e-18, 1.08050823202e-17, 9.53410607416e-18, 1.1702344983e-17, 1.33649515445e-17, 1.56864297977e-17, 1.59006728851e-17, 1.36549056461e-17, 1.86480556823e-17, 1.41977363057e-17, 1.90184853586e-17, 1.70463775905e-17, 1.25423295243e-17, 9.78772378587e-18, 7.4820554357e-18, 6.36618093115e-18, 3.62244393241e-18, 1.26703927995e-18, 3.06593537615e-19, 2.824288325e-20],
        "var": [2.03713923952e-07, 7.26902217139e-05, 0.0589125864208, 0.56274998188, 55.3132286072, 404.951416016, 7743.98535156, 1971.2565918, 701.620544434, 2909.13061523, 2662.83618164, 148.838012695, 621.533996582, 602.972961426, 3437.21289062, 13790.6591797, 4063.94067383, 1116.73498535, 9222.06054688, 326.905029297, 637.329528809, 203.832061768, 40.8761672974, 171.54246521, 368.708312988, 402.986785889, 42.4146194458, 0.677592456341, 0.0560464896262, 0.142822355032, 0.207507357001, 0.166616618633, 0.084669046104, 0.0370073206723, 0.0031103764195, 0.000571656681132, 2.1721882149e-05, 3.18263957411e-08, 1.21436347089e-10, 3.95286692267e-10]
    },
    "gfcc": {
        "mean": [-163.988372803, 159.208587646, -152.531906128, -4.30607223511, -67.4640426636, -31.6681861877, -51.7953338623, -18.0256538391, -24.7251739502, -17.4240493774, 4.48468637466, -14.8222637177, 4.14975690842],
        "cov": [[9555.99316406, -1064.11401367, -681.020996094, 760.220703125, -1583.74145508, -24.4916934967, -753.216064453, -462.789398193, -351.397338867, 265.022674561, 137.540008545, -473.600158691, -0.0615158863366], [-1064.11401367, 2035.7989502, 179.450027466, -621.255065918, 541.639892578, -648.909362793, 155.152664185, -312.207305908, 275.295684814, -223.752349854, -4.84689283371, -42.7940673828, -15.5009651184], [-681.020996094, 179.450027466, 1058.59899902, 77.5398712158, -340.446563721, 100.611534119, -202.980361938, -133.460998535, 36.9508285522, 84.1053543091, -157.994125366, 7.89619731903, -32.7009239197], [760.220703125, -621.255065918, 77.5398712158, 603.79119873, -242.839035034, 191.236190796, -54.8085212708, 36.8898963928, -143.687515259, 30.0684318542, -51.6076469421, -21.3478431702, 47.1117477417], [-1583.74145508, 541.639892578, -340.446563721, -242.839035034, 870.15435791, -163.915435791, 301.828155518, 120.991416931, 61.167678833, -194.954406738, 20.927532196, 135.595977783, 13.3108625412], [-24.4916934967, -648.909362793, 100.611534119, 191.236190796, -163.915435791, 497.026611328, -24.6942863464, 88.6190261841, -101.468940735, 91.3620300293, -12.4590263367, 8.23439884186, -5.25072717667], [-753.216064453, 155.152664185, -202.980361938, -54.8085212708, 301.828155518, -24.6942863464, 331.846435547, 87.8548660278, -22.7637996674, -90.9538421631, 10.8655414581, 28.0543689728, 28.9712505341], [-462.789398193, -312.207305908, -133.460998535, 36.8898963928, 120.991416931, 88.6190261841, 87.8548660278, 289.292907715, 31.2141075134, -8.58135700226, -26.2058830261, 49.4067573547, -10.4733839035], [-351.397338867, 275.295684814, 36.9508285522, -143.687515259, 61.167678833, -101.468940735, -22.7637996674, 31.2141075134, 222.134353638, 21.9222068787, -23.3045749664, -17.5687961578, -49.749786377], [265.022674561, -223.752349854, 84.1053543091, 30.0684318542, -194.954406738, 91.3620300293, -90.9538421631, -8.58135700226, 21.9222068787, 194.21685791, 26.5853271484, -59.4149551392, -47.6636810303], [137.540008545, -4.84689283371, -157.994125366, -51.6076469421, 20.927532196, -12.4590263367, 10.8655414581, -26.2058830261, -23.3045749664, 26.5853271484, 149.196594238, 8.3595905304, -4.997194767], [-473.600158691, -42.7940673828, 7.89619731903, -21.3478431702, 135.595977783, 8.23439884186, 28.0543689728, 49.4067573547, -17.5687961578, -59.4149551392, 8.3595905304, 167.449462891, 29.4901657104], [-0.0615158863366, -15.5009651184, -32.7009239197, 47.1117477417, 13.3108625412, -5.25072717667, 28.9712505341, -10.4733839035, -49.749786377, -47.6636810303, -4.997194767, 29.4901657104, 110.574325562]],
        "icov": [[0.000311903044349, -0.000174080661964, 0.000561443332117, -0.000298035913147, 0.000552807061467, 6.09661401541e-05, 0.000535409199074, 0.000142700097058, 0.000416532333475, 1.55035661464e-06, 0.000173729509697, 0.000186792807654, 0.000224484596401], [-0.000174080661964, 0.0030337900389, -0.00160124339163, 0.00143257912714, -0.00164292333648, 0.00175652315374, -0.0012685272377, 0.00250059668906, -0.00233115279116, 0.00208457652479, -0.000890533090569, 0.00188784475904, -0.000502322567627], [0.000561443332117, -0.00160124339163, 0.00320293218829, -0.00105587951839, 0.0020246563945, -0.00096212211065, 0.00153478246648, 0.000138055285788, 0.00130818178877, -0.00137674983125, 0.00258304551244, -0.00166204990819, 0.00104960508179], [-0.000298035913147, 0.00143257912714, -0.00105587951839, 0.00331937428564, -0.000610644055996, 0.000309006078169, -0.000715766218491, 0.000384718412533, 4.63325668534e-05, 0.00091584463371, 0.000336735305609, 0.00097869662568, -0.00104388350155], [0.000552807061467, -0.00164292333648, 0.0020246563945, -0.000610644055996, 0.00421541277319, -0.000490460079163, -0.000237395783188, -0.00104112189729, 0.0010965380352, 0.000303587003145, 0.000851106713526, -0.00211896467954, 0.00128959096037], [6.09661401541e-05, 0.00175652315374, -0.00096212211065, 0.000309006078169, -0.000490460079163, 0.0041650859639, -0.000667789950967, 0.00043593274313, 0.000257829902694, -0.000123938269098, -0.000351158902049, 0.000861134321894, 0.000120207449072], [0.000535409199074, -0.0012685272377, 0.00153478246648, -0.000715766218491, -0.000237395783188, -0.000667789950967, 0.00642729038373, -0.00178189517464, 0.0023800120689, 0.000180175775313, 0.000305833877064, 0.00106884981506, -0.000397339230403], [0.000142700097058, 0.00250059668906, 0.000138055285788, 0.000384718412533, -0.00104112189729, 0.00043593274313, -0.00178189517464, 0.00780511461198, -0.00328285177238, 0.00113309849985, 0.0012337731896, -0.000226088726777, 0.000707183906343], [0.000416532333475, -0.00233115279116, 0.00130818178877, 4.63325668534e-05, 0.0010965380352, 0.000257829902694, 0.0023800120689, -0.00328285177238, 0.00933929812163, -0.00278060464188, 0.00210279459134, -0.000297018676065, 0.00216389587149], [1.55035661464e-06, 0.00208457652479, -0.00137674983125, 0.00091584463371, 0.000303587003145, -0.000123938269098, 0.000180175775313, 0.00113309849985, -0.00278060464188, 0.010806184262, -0.00343697378412, 0.00350656430237, 0.0018290351145], [0.000173729509697, -0.000890533090569, 0.00258304551244, 0.000336735305609, 0.000851106713526, -0.000351158902049, 0.000305833877064, 0.0012337731896, 0.00210279459134, -0.00343697378412, 0.0105334771797, -0.00261207576841, 0.00105053395964], [0.000186792807654, 0.00188784475904, -0.00166204990819, 0.00097869662568, -0.00211896467954, 0.000861134321894, 0.00106884981506, -0.000226088726777, -0.000297018676065, 0.00350656430237, -0.00261207576841, 0.010474961251, -0.0021830839105], [0.000224484596401, -0.000502322567627, 0.00104960508179, -0.00104388350155, 0.00128959096037, 0.000120207449072, -0.000397339230403, 0.000707183906343, 0.00216389587149, 0.0018290351145, 0.00105053395964, -0.0021830839105, 0.0121418265626]]
    },
    "melbands": {
        "dmean": [1.65453411682e-06, 1.73630742211e-05, 6.99213633197e-05, 0.000325968896504, 0.00100235943682, 0.000398631003918, 0.000145261175931, 0.000173771768459, 5.72471144551e-05, 2.04387742997e-05, 2.68489056907e-05, 2.40135759668e-05, 1.86582856259e-05, 2.56738130702e-05, 2.1507128622e-05, 1.15844895845e-05, 9.22857361729e-06, 1.60704112204e-05, 6.26708560958e-06, 5.62263539905e-06, 5.63910998608e-06, 2.55944223682e-06, 1.87739897228e-06, 1.1339853927e-06, 2.11154633689e-06, 2.37576637119e-06, 1.78390087058e-06, 1.47554021623e-06, 6.13092481672e-07, 1.87220109638e-07, 6.80439455891e-08, 5.21968459566e-08, 4.05145073046e-08, 7.09193841431e-08, 7.41165422369e-08, 5.28301136171e-08, 4.26816058052e-08, 3.39705117369e-08, 2.99398834613e-08, 1.96872740332e-08],
        "dmean2": [2.83945678348e-06, 2.51887395279e-05, 0.000105077851913, 0.000505374802742, 0.00150981394108, 0.000579871528316, 0.000212693659705, 0.000247045973083, 7.42599659134e-05, 2.92064250971e-05, 3.8107024011e-05, 3.37338278769e-05, 2.37431540882e-05, 3.11626317853e-05, 2.77324706985e-05, 1.54949429998e-05, 1.30906091727e-05, 1.88168232853e-05, 8.60830914462e-06, 8.62275737745e-06, 8.20584227768e-06, 3.61011780114e-06, 2.62436992671e-06, 1.65402707353e-06, 2.92263712254e-06, 3.30589045916e-06, 2.47846651291e-06, 1.96157725441e-06, 8.75589307725e-07, 2.70801109536e-07, 1.00961578653e-07, 7.98127430812e-08, 6.09786070527e-08, 1.07892205392e-07, 1.12826292309e-07, 7.97112704731e-08, 6.53770229064e-08, 4.90860969649e-08, 4.38586127416e-08, 2.80899214999e-08],
        "dvar": [1.134423111e-11, 1.5467835901e-09, 3.1143688517e-08, 3.9684024955e-07, 3.7397592223e-06, 5.90319302773e-07, 5.89282045382e-08, 1.14098220649e-07, 2.42081981128e-08, 3.17443249465e-09, 9.06851749249e-09, 2.84183476751e-09, 1.00473105391e-08, 2.2506803532e-08, 1.20448628849e-08, 1.36234645787e-09, 3.3031237745e-09, 7.94624988032e-09, 4.31223307062e-10, 8.08414502007e-10, 5.08029895929e-10, 1.23454788059e-10, 5.03266317509e-11, 1.41932264552e-11, 6.64546681572e-11, 8.29224744425e-11, 4.76038861108e-11, 2.91894529381e-11, 8.03851950282e-12, 4.1080680524e-13, 2.97781886497e-14, 1.84246589746e-14, 1.16254365685e-14, 3.55448736579e-14, 3.33100585418e-14, 2.23613208299e-14, 4.66941379497e-14, 2.38318242365e-14, 1.17728948403e-14, 8.83046501183e-15],
        "dvar2": [3.22205838399e-11, 3.04215741487e-09, 5.88001505264e-08, 9.46515342548e-07, 9.78272419161e-06, 1.38440907449e-06, 1.30740716031e-07, 2.20384123395e-07, 3.50291600171e-08, 6.32195673589e-09, 2.0059415462e-08, 4.94868102052e-09, 1.5310510193e-08, 3.09230330231e-08, 1.58564574804e-08, 2.42861930566e-09, 7.40180050585e-09, 8.19117218498e-09, 6.32874697093e-10, 1.72062386561e-09, 1.21191801039e-09, 2.40383601913e-10, 1.07887199174e-10, 2.71522925671e-11, 1.5916012952e-10, 1.85666676478e-10, 8.464075274e-11, 5.19662715637e-11, 1.89867687544e-11, 7.86387177164e-13, 6.68359478547e-14, 4.37003237145e-14, 2.73396333106e-14, 8.0876894537e-14, 7.51453885011e-14, 4.97406579629e-14, 8.64670951484e-14, 4.12242600624e-14, 1.97366316947e-14, 2.14504588679e-14],
        "max": [4.91153004987e-05, 0.00119369197637, 0.00346308201551, 0.00735871400684, 0.0232610553503, 0.00965701323003, 0.00316879828461, 0.00517128780484, 0.00301211187616, 0.00139483483508, 0.00227700243704, 0.00113368267193, 0.00329517014325, 0.00668603973463, 0.00414937315509, 0.000935704330914, 0.00200983439572, 0.0029956002254, 0.000748168851715, 0.000780240632594, 0.000593180127908, 0.000272329023574, 0.000196006571059, 0.000115546950838, 0.00021347036818, 0.000218884757487, 0.000188414094737, 0.000195530272322, 0.000127483348479, 1.87121113413e-05, 3.41790905622e-06, 1.54097006089e-06, 1.63153856647e-06, 2.7418125228e-06, 2.64214168055e-06, 2.72352917818e-06, 7.70121823734e-06, 6.88110822011e-06, 4.13690440837e-06, 3.27335260408e-06],
        "mean": [2.2951749088e-06, 3.21809457091e-05, 0.00012282357784, 0.000547339848708, 0.00160845112987, 0.000721233896911, 0.000309721915983, 0.000340408587363, 0.000135230118758, 3.83758524549e-05, 4.82966170239e-05, 4.9477792345e-05, 3.18345446431e-05, 5.40976107004e-05, 5.44621980225e-05, 2.3642071028e-05, 1.43511924762e-05, 3.36304838129e-05, 1.08098211058e-05, 7.69411053625e-06, 8.69837367645e-06, 4.17497903982e-06, 3.15787974614e-06, 1.96886003323e-06, 3.71127202925e-06, 4.94705682286e-06, 3.7955053358e-06, 3.37226197189e-06, 1.29477336941e-06, 3.51200952764e-07, 8.19269203589e-08, 5.4249134962e-08, 4.61117295458e-08, 1.01743964365e-07, 1.20869515285e-07, 8.33327078453e-08, 6.30204297636e-08, 4.68417553634e-08, 5.08231217111e-08, 3.23246389655e-08],
        "median": [9.67805362961e-07, 6.57357577438e-06, 3.26489680447e-05, 0.000232979160501, 0.000567985349335, 0.000246959854849, 0.000130898959469, 8.95715202205e-05, 2.11473980016e-05, 1.1128049664e-05, 1.18712068797e-05, 1.04577520688e-05, 5.17768057762e-06, 3.43665715263e-06, 3.13182295031e-06, 4.61672971142e-06, 1.79035748715e-06, 1.35515540478e-06, 1.87358534731e-06, 7.8852463048e-07, 1.05830145003e-06, 6.53010602036e-07, 4.64143852241e-07, 2.67150028321e-07, 2.8335279012e-07, 3.28052067289e-07, 1.92429624235e-07, 4.84594018246e-08, 2.62496282488e-08, 1.38472309175e-08, 7.47308792626e-09, 4.37117320118e-09, 3.25388582745e-09, 3.28469140776e-09, 2.06359329624e-09, 1.94845806156e-09, 1.44048650785e-09, 1.14163312137e-09, 8.04761979278e-10, 4.09287742587e-10],
        "min": [8.09681389979e-24, 1.04730998018e-24, 4.97945332796e-24, 3.07637057033e-24, 1.10535371478e-23, 1.21542552792e-23, 8.08885034895e-24, 8.50744045564e-24, 1.11575737017e-23, 1.0406623085e-23, 4.43575303714e-24, 8.54662081022e-24, 6.88512907139e-24, 2.94274601324e-24, 5.78518402364e-24, 4.43509749373e-24, 4.82592009099e-24, 6.34622702703e-24, 1.60683866645e-23, 1.29267930746e-23, 8.16958237399e-24, 1.03276312871e-23, 1.03759056302e-23, 8.27541358645e-24, 8.95154232401e-24, 1.24204011714e-23, 6.35931422945e-24, 9.91540965447e-24, 1.12992215658e-23, 6.10765971207e-24, 9.1198284432e-24, 1.0651082402e-23, 8.90424853502e-24, 7.58274716887e-24, 1.03837019425e-23, 1.24977947371e-23, 9.27791380202e-24, 8.96036257779e-24, 7.48317556769e-24, 8.46217325032e-24],
        "var": [1.58054125343e-11, 8.16002643234e-09, 7.9641587547e-08, 7.27638507669e-07, 6.33825720797e-06, 1.39093344842e-06, 1.85676512388e-07, 3.73547862864e-07, 1.17766411734e-07, 7.20170456603e-09, 1.65323097434e-08, 1.15400311529e-08, 2.71758704429e-08, 9.76991714197e-08, 8.75635919328e-08, 5.71054092902e-09, 4.95459273608e-09, 3.93979213698e-08, 1.79665582412e-09, 1.26192678529e-09, 8.89421758465e-10, 2.53353976687e-10, 9.80111894422e-11, 3.64966321054e-11, 1.34597957779e-10, 3.38299860347e-10, 2.23440668745e-10, 1.75310488348e-10, 3.12135456371e-11, 2.01528247215e-12, 4.55989379014e-14, 1.9990563702e-14, 1.40653183612e-14, 8.01925122444e-14, 9.00790265946e-14, 5.32942661085e-14, 9.3599437825e-14, 5.34652786724e-14, 3.82439949663e-14, 2.38766068684e-14]
    },
    "mfcc": {
        "mean": [-793.552124023, 175.540771484, -16.7966709137, 5.72382116318, -5.86073493958, -26.6683330536, -15.8187627792, -20.1457195282, -25.8768520355, -10.0369567871, -16.4402275085, -10.3566875458, -1.56567311287],
        "cov": [[8417.51269531, -378.854675293, -782.465026855, 381.374542236, -675.007263184, -242.111557007, -227.010681152, -853.716186523, -668.832702637, 297.01373291, -217.942062378, -28.9281597137, -134.838775635], [-378.854675293, 2086.43847656, -186.75994873, -106.262832642, 74.9660491943, -177.767349243, -288.360137939, -135.779678345, -27.371006012, -203.227294922, 132.192398071, -8.69469642639, -107.905578613], [-782.465026855, -186.75994873, 977.281616211, -23.9239730835, -52.5007553101, 211.877029419, -83.4283676147, -58.6106338501, 61.3687667847, -32.5204315186, -37.2527427673, -27.7260875702, -73.1265029907], [381.374542236, -106.262832642, -23.9239730835, 371.340057373, -26.9470443726, -31.3477134705, 49.4854011536, 0.454701960087, 34.094707489, -31.259557724, -78.7486572266, -5.89746236801, -17.0551548004], [-675.007263184, 74.9660491943, -52.5007553101, -26.9470443726, 256.873718262, 10.6993942261, -9.0320110321, 130.851409912, 65.2164230347, -56.3435287476, 35.6187591553, 24.2930469513, 36.547504425], [-242.111557007, -177.767349243, 211.877029419, -31.3477134705, 10.6993942261, 255.97744751, 79.5199356079, 5.8050532341, 25.1079711914, 3.60084176064, -33.0804138184, -12.7172756195, 23.6851196289], [-227.010681152, -288.360137939, -83.4283676147, 49.4854011536, -9.0320110321, 79.5199356079, 302.611755371, 108.161895752, 10.189748764, 37.5140647888, -90.1585388184, -46.4836044312, 78.7712860107], [-853.716186523, -135.779678345, -58.6106338501, 0.454701960087, 130.851409912, 5.8050532341, 108.161895752, 332.645385742, 136.587158203, -59.4099807739, -10.3637466431, -36.5861816406, 52.0022010803], [-668.832702637, -27.371006012, 61.3687667847, 34.094707489, 65.2164230347, 25.1079711914, 10.189748764, 136.587158203, 212.338760376, 2.47777223587, 14.9732236862, -12.9937610626, -42.4988212585], [297.01373291, -203.227294922, -32.5204315186, -31.259557724, -56.3435287476, 3.60084176064, 37.5140647888, -59.4099807739, 2.47777223587, 214.405456543, 61.6688575745, -14.4168958664, -60.0913047791], [-217.942062378, 132.192398071, -37.2527427673, -78.7486572266, 35.6187591553, -33.0804138184, -90.1585388184, -10.3637466431, 14.9732236862, 61.6688575745, 214.509994507, 57.3734321594, -58.9332542419], [-28.9281597137, -8.69469642639, -27.7260875702, -5.89746236801, 24.2930469513, -12.7172756195, -46.4836044312, -36.5861816406, -12.9937610626, -14.4168958664, 57.3734321594, 177.145126343, 53.3934745789], [-134.838775635, -107.905578613, -73.1265029907, -17.0551548004, 36.547504425, 23.6851196289, 78.7712860107, 52.0022010803, -42.4988212585, -60.0913047791, -58.9332542419, 53.3934745789, 225.106567383]],
