{
"lowlevel": {
    "average_loudness": 0.915577173233,
    "barkbands_crest": {
        "dmean": 2.05496668816,
        "dmean2": 3.30993843079,
        "dvar": 4.16857242584,
        "dvar2": 10.5223779678,
        "max": 24.0508804321,
        "mean": 9.68886089325,
        "median": 8.75695037842,
        "min": 3.4591858387,
        "var": 16.373249054
    },
    "barkbands_flatness_db": {
        "dmean": 0.0156315341592,
        "dmean2": 0.0240995138884,
        "dvar": 0.000211898150155,
        "dvar2": 0.000458849855931,
        "max": 0.519817113876,
        "mean": 0.22986574471,
        "median": 0.222799137235,
        "min": 0.0475306473672,
        "var": 0.00248938752338
    },
    "barkbands_kurtosis": {
        "dmean": 1.36019086838,
        "dmean2": 2.0363535881,
        "dvar": 11.020693779,
        "dvar2": 22.439912796,
        "max": 102.352668762,
        "mean": 2.3040034771,
        "median": 0.401738882065,
        "min": -1.43505907059,
        "var": 70.587387085
    },
    "barkbands_skewness": {
        "dmean": 0.316722810268,
        "dmean2": 0.479707330465,
        "dvar": 0.117916814983,
        "dvar2": 0.249385938048,
        "max": 8.15905380249,
        "mean": 0.746098875999,
        "median": 0.600120902061,
        "min": -2.13816523552,
        "var": 1.03347826004
    },
    "barkbands_spread": {
        "dmean": 1.79399502277,
        "dmean2": 2.7925722599,
        "dvar": 3.26604604721,
        "dvar2": 7.33596134186,
        "max": 30.6885471344,
        "mean": 10.2267656326,
        "median": 10.149887085,
        "min": 0.360726118088,
        "var": 21.4328613281
    },
    "dissonance": {
        "dmean": 0.0281769745052,
        "dmean2": 0.0471414662898,
        "dvar": 0.000732982822228,
        "dvar2": 0.00184998637997,
        "max": 0.499815821648,
        "mean": 0.43446624279,
        "median": 0.440410852432,
        "min": 0.0731312632561,
        "var": 0.00151796906721
    },
    "dynamic_complexity": 3.34801030159,
    "erbbands_crest": {
        "dmean": 2.57432723045,
        "dmean2": 4.13388442993,
        "dvar": 6.64062213898,
        "dvar2": 16.1192016602,
        "max": 30.6703720093,
        "mean": 11.4562749863,
        "median": 10.353509903,
        "min": 3.2286221981,
        "var": 22.8633213043
    },
    "erbbands_flatness_db": {
        "dmean": 0.0132027324289,
        "dmean2": 0.0197618938982,
        "dvar": 0.000146889156895,
        "dvar2": 0.000310364150209,
        "max": 0.387481957674,
        "mean": 0.272623300552,
        "median": 0.271514713764,
        "min": 0.100357286632,
        "var": 0.00142400455661
    },
    "erbbands_kurtosis": {
        "dmean": 0.831365168095,
        "dmean2": 1.30753934383,
        "dvar": 0.99403744936,
        "dvar2": 2.29086375237,
        "max": 18.8864860535,
        "mean": 0.993919193745,
        "median": 0.516939878464,
        "min": -1.71536874771,
        "var": 3.94593787193
    },
    "erbbands_skewness": {
        "dmean": 0.310631424189,
        "dmean2": 0.478844165802,
        "dvar": 0.0829671248794,
        "dvar2": 0.214509487152,
        "max": 3.94785118103,
        "mean": 0.240232288837,
        "median": 0.16281324625,
        "min": -1.72548782825,
        "var": 0.435895234346
    },
    "erbbands_spread": {
        "dmean": 2.50808000565,
        "dmean2": 3.83310103416,
        "dvar": 7.18046665192,
        "dvar2": 16.7401256561,
        "max": 55.8860473633,
        "mean": 14.8873624802,
        "median": 13.8969230652,
        "min": 2.28505754471,
        "var": 43.6570129395
    },
    "hfc": {
        "dmean": 2.57067370415,
        "dmean2": 3.658670187,
        "dvar": 14.377076149,
        "dvar2": 27.9135742188,
        "max": 85.5021209717,
        "mean": 13.7055997849,
        "median": 8.5129108429,
        "min": 1.21196094601e-16,
        "var": 179.763763428
    },
    "melbands_crest": {
        "dmean": 2.84356021881,
        "dmean2": 4.41703128815,
        "dvar": 6.88331365585,
        "dvar2": 16.5990161896,
        "max": 32.1890296936,
        "mean": 13.6383543015,
        "median": 12.1618795395,
        "min": 3.77987360954,
        "var": 35.4963302612
    },
    "melbands_flatness_db": {
        "dmean": 0.0173125453293,
        "dmean2": 0.0250616967678,
        "dvar": 0.000287050177576,
        "dvar2": 0.000560011598282,
        "max": 0.655182540417,
        "mean": 0.290286183357,
        "median": 0.280944645405,
        "min": 0.0098032290116,
        "var": 0.0045745302923
    },
    "melbands_kurtosis": {
        "dmean": 2.08218932152,
        "dmean2": 3.12349486351,
        "dvar": 33.6201210022,
        "dvar2": 64.4794845581,
        "max": 217.86479187,
        "mean": 4.53444385529,
        "median": 1.24292230606,
        "min": -1.51832032204,
        "var": 249.142181396
    },
    "melbands_skewness": {
        "dmean": 0.358909040689,
        "dmean2": 0.536846280098,
        "dvar": 0.170313134789,
        "dvar2": 0.35092112422,
        "max": 11.6508598328,
        "mean": 1.15083765984,
        "median": 0.89019382,
        "min": -1.39417946339,
        "var": 1.73419499397
    },
    "melbands_spread": {
        "dmean": 2.81422114372,
        "dmean2": 4.3616065979,
        "dvar": 12.6702814102,
        "dvar2": 19.5222434998,
        "max": 156.171142578,
        "mean": 15.5553607941,
        "median": 15.3775005341,
        "min": 0.306207597256,
        "var": 61.7620544434
    },
    "pitch_salience": {
        "dmean": 0.0553999356925,
        "dmean2": 0.0878790169954,
        "dvar": 0.00273542292416,
        "dvar2": 0.00691168662161,
        "max": 0.939551591873,
        "mean": 0.560484111309,
        "median": 0.578110277653,
        "min": 0.0531030669808,
        "var": 0.0133106959984
    },
    "silence_rate_20dB": {
        "dmean": 0,
        "dmean2": 0,
        "dvar": 0,
        "dvar2": 0,
        "max": 1,
        "mean": 1,
        "median": 1,
        "min": 1,
        "var": 0
    },
    "silence_rate_30dB": {
        "dmean": 0.00206291908398,
        "dmean2": 0.00412796717137,
        "dvar": 0.00205869134516,
        "dvar2": 0.00514288945124,
        "max": 1,
        "mean": 0.996907234192,
        "median": 1,
        "min": 0,
        "var": 0.00308319577016
    },
    "silence_rate_60dB": {
        "dmean": 0.00567302713171,
        "dmean2": 0.0113519094884,
        "dvar": 0.00564084621146,
        "dvar2": 0.0132872145623,
        "max": 1,
        "mean": 0.0252577327192,
        "median": 0,
        "min": 0,
        "var": 0.0246191676706
    },
    "spectral_centroid": {
        "dmean": 78.0250320435,
        "dmean2": 117.647018433,
        "dvar": 46692.3398438,
        "dvar2": 43294.8867188,
        "max": 10957.9667969,
        "mean": 759.791748047,
        "median": 751.50982666,
        "min": 115.958473206,
        "var": 105954.851562
    },
    "spectral_complexity": {
        "dmean": 1.8597215414,
        "dmean2": 3.06604743004,
        "dvar": 2.71471524239,
        "dvar2": 6.26083040237,
        "max": 30,
        "mean": 15.3778352737,
        "median": 16,
        "min": 0,
        "var": 19.1226711273
    },
    "spectral_decrease": {
        "dmean": 1.13022469161e-09,
        "dmean2": 1.60102819891e-09,
        "dvar": 2.12603387925e-18,
        "dvar2": 4.61248772218e-18,
        "max": 3.1545712348e-29,
        "mean": -5.62069679688e-09,
        "median": -3.88722387612e-09,
        "min": -3.07311651682e-08,
        "var": 2.27761567776e-17
    },
    "spectral_energy": {
        "dmean": 0.00447580916807,
        "dmean2": 0.00634061638266,
        "dvar": 3.36403645633e-05,
        "dvar2": 7.27678707335e-05,
        "max": 0.123277761042,
        "mean": 0.0224569197744,
        "median": 0.0155074428767,
        "min": 1.08737754437e-20,
        "var": 0.000364142906619
    },
    "spectral_energyband_high": {
        "dmean": 3.16095838571e-06,
        "dmean2": 4.66496658191e-06,
        "dvar": 2.85839789338e-11,
        "dvar2": 5.17835288538e-11,
        "max": 0.000108872467536,
        "mean": 9.84341841104e-06,
        "median": 6.75459386912e-06,
        "min": 8.05114034905e-21,
        "var": 1.20641038825e-10
    },
    "spectral_energyband_low": {
        "dmean": 0.00135036243591,
        "dmean2": 0.00162316509522,
        "dvar": 6.30683598501e-06,
        "dvar2": 7.45545230529e-06,
        "max": 0.0979751944542,
        "mean": 0.00429909536615,
        "median": 0.00163503305521,
        "min": 1.5332742316e-22,
        "var": 7.81509952503e-05
    },
    "spectral_energyband_middle_high": {
        "dmean": 0.00140514445957,
        "dmean2": 0.0020357274916,
        "dvar": 5.75570084038e-06,
        "dvar2": 1.28358542497e-05,
        "max": 0.0541764572263,
        "mean": 0.00557524338365,
        "median": 0.00384267885238,
        "min": 1.54278887861e-21,
        "var": 3.57110402547e-05
    },
    "spectral_energyband_middle_low": {
        "dmean": 0.00375840603374,
        "dmean2": 0.00583632430062,
        "dvar": 3.55804477294e-05,
        "dvar2": 9.37870063353e-05,
        "max": 0.111158892512,
        "mean": 0.0133511992171,
        "median": 0.00761723425239,
        "min": 2.43084976211e-22,
        "var": 0.000214981278987
    },
    "spectral_entropy": {
        "dmean": 0.116102963686,
        "dmean2": 0.175515398383,
        "dvar": 0.0141837485135,
        "dvar2": 0.0273432694376,
        "max": 9.80946922302,
        "mean": 6.73193073273,
        "median": 6.75028991699,
        "min": 4.68617391586,
        "var": 0.137648940086
    },
    "spectral_flux": {
        "dmean": 0.016479820013,
        "dmean2": 0.0268956478685,
        "dvar": 0.000373796676286,
        "dvar2": 0.00100704457145,
        "max": 0.313150048256,
        "mean": 0.058781709522,
        "median": 0.0484416782856,
        "min": 1.04277399215e-10,
        "var": 0.00144518329762
    },
    "spectral_kurtosis": {
        "dmean": 8.32094669342,
        "dmean2": 14.3904895782,
        "dvar": 56.0980033875,
        "dvar2": 156.428573608,
        "max": 104.894744873,
        "mean": 22.2073059082,
        "median": 19.7325344086,
        "min": -1.17853629589,
        "var": 164.771224976
    },
    "spectral_rms": {
        "dmean": 0.000451464758953,
        "dmean2": 0.000632200855762,
        "dvar": 2.3906864044e-07,
        "dvar2": 4.3989868459e-07,
        "max": 0.0109668131918,
        "mean": 0.00431590806693,
        "median": 0.00388962868601,
        "min": 3.25707863458e-12,
        "var": 3.2821521927e-06
    },
    "spectral_rolloff": {
        "dmean": 144.190826416,
        "dmean2": 237.120040894,
        "dvar": 163672.578125,
        "dvar2": 181445.421875,
        "max": 18712.3535156,
        "mean": 1000.84521484,
        "median": 990.52734375,
        "min": 107.666015625,
        "var": 287583.59375
    },
    "spectral_skewness": {
        "dmean": 0.563527643681,
        "dmean2": 0.963927090168,
        "dvar": 0.232421472669,
        "dvar2": 0.631149709225,
        "max": 8.32904911041,
        "mean": 3.259765625,
        "median": 3.10035228729,
        "min": -0.00537753943354,
        "var": 0.945121705532
    },
    "spectral_spread": {
        "dmean": 236848.34375,
        "dmean2": 356131.90625,
        "dvar": 452519591936,
        "dvar2": 442254688256,
        "max": 39753732,
        "mean": 1906229.5,
        "median": 1729405.5,
        "min": 842908.75,
        "var": 1.36506428621e+12
    },
    "spectral_strongpeak": {
        "dmean": 0.517948687077,
        "dmean2": 0.849447488785,
        "dvar": 0.423775881529,
        "dvar2": 1.00125992298,
        "max": 9.10643482208,
        "mean": 1.36467754841,
        "median": 0.944188058376,
        "min": 0,
        "var": 1.84291279316
    },
    "zerocrossingrate": {
        "dmean": 0.00337138189934,
        "dmean2": 0.00415618531406,
        "dvar": 0.000120411910757,
        "dvar2": 0.000135479975143,
        "max": 0.48291015625,
        "mean": 0.034398406744,
        "median": 0.03466796875,
        "min": 0.00439453125,
        "var": 0.000218831293751
    },
    "barkbands": {
        "dmean": [1.50557821144e-06, 0.000346468033968, 0.000991793582216, 0.000297471095109, 0.000682869518641, 0.000433921144577, 0.00156825955492, 0.000960251956712, 0.00193977763411, 0.00084737315774, 0.000399399927119, 0.000496587308589, 0.000523733324371, 0.000227503842325, 7.41672047297e-05, 7.16325521353e-05, 3.29329959641e-05, 1.56593287102e-05, 1.1795712453e-05, 1.77075548891e-06, 7.22810113984e-07, 6.71547525144e-07, 1.24312691696e-06, 8.03335979072e-07, 1.58950427931e-07, 4.39351133252e-08, 4.92222529402e-09],
        "dmean2": [2.56973362411e-06, 0.000438347837189, 0.0011744851945, 0.000489005527925, 0.00111837114673, 0.000646862841677, 0.00253867404535, 0.00137338228524, 0.00303846178576, 0.00132723839488, 0.000601419247687, 0.000766132201534, 0.000822600792162, 0.000351900293026, 0.000117820694868, 0.000114553324238, 5.35654944542e-05, 2.5426134016e-05, 1.91134167835e-05, 2.94712504001e-06, 1.18356979328e-06, 1.08285860279e-06, 1.89219440472e-06, 1.18645596103e-06, 2.56835392065e-07, 7.31766647277e-08, 8.33242719267e-09],
        "dvar": [2.36415886867e-11, 5.09418327965e-07, 3.45371108779e-06, 2.32956296031e-07, 1.00857118923e-06, 8.50261187679e-07, 1.30537291625e-05, 6.67695621814e-06, 2.73041241599e-05, 3.26061081068e-06, 8.77509705788e-07, 1.86207637398e-06, 1.50109724473e-06, 2.10642340903e-07, 2.25227179129e-08, 1.12034594935e-08, 2.45684850242e-09, 6.2372790266e-10, 4.90882612336e-10, 6.54128140543e-12, 1.10153563788e-12, 8.42810359263e-13, 8.09155693837e-12, 3.89683858099e-12, 5.63515434402e-14, 3.42553443463e-15, 1.20184710793e-15],
        "dvar2": [6.16772605211e-11, 6.31038858501e-07, 4.13346606365e-06, 6.32092906017e-07, 2.71090266324e-06, 1.8292042796e-06, 3.54764160875e-05, 1.37139941216e-05, 6.90222223056e-05, 7.1964673225e-06, 1.99932878786e-06, 4.93787183586e-06, 3.78536105927e-06, 5.02967566263e-07, 5.28720036641e-08, 2.9679545932e-08, 6.35366737001e-09, 1.55973167715e-09, 1.24849430794e-09, 1.74905818995e-11, 2.83514401192e-12, 2.06789468361e-12, 1.60321981385e-11, 6.9919191964e-12, 1.35744808948e-13, 9.68387442311e-15, 3.14365944571e-15],
        "max": [0.000103348007542, 0.0306639727205, 0.0670558810234, 0.00714617408812, 0.0142325684428, 0.0173570085317, 0.0663349106908, 0.0607548393309, 0.10068269074, 0.0395182073116, 0.0230857264251, 0.0227934066206, 0.0197527632117, 0.00802902691066, 0.00343744689599, 0.00203394633718, 0.000903364212718, 0.000438978226157, 0.00038370405673, 3.53912873834e-05, 1.64128068718e-05, 1.3687757928e-05, 6.58380085952e-05, 4.33493732999e-05, 4.30936324847e-06, 1.18742775612e-06, 1.22622554954e-06],
        "mean": [1.42777491874e-06, 0.0010210191831, 0.00304447137751, 0.000608961679973, 0.0013284314191, 0.000986335566267, 0.00315981870517, 0.00176819192711, 0.0045225629583, 0.00211929949, 0.000928367429879, 0.000993034453131, 0.00102842133492, 0.000466154742753, 0.000152898486704, 0.000169043167261, 8.36807666929e-05, 3.53277173417e-05, 2.76094124274e-05, 3.84878148907e-06, 1.63175195667e-06, 1.59751482443e-06, 2.72182182925e-06, 1.71703993601e-06, 3.17376247949e-07, 7.64563381495e-08, 4.98049157471e-09],
        "median": [3.6321563357e-07, 0.000218015833525, 0.00118937017396, 0.000300713349134, 0.000857584062032, 0.000323985004798, 0.0012749931775, 0.000504678464495, 0.000804254959803, 0.00111144594848, 0.000388845859561, 0.000291603966616, 0.000491954677273, 0.000249338452704, 8.64149333211e-05, 0.000105730789073, 4.52320782642e-05, 2.27913587878e-05, 1.53028377099e-05, 2.3374277589e-06, 1.0088236877e-06, 1.07355549517e-06, 1.44023306348e-06, 7.44206772652e-07, 2.11136310213e-07, 6.04668102255e-08, 1.44955714099e-09],
        "min": [2.74599956753e-23, 1.00152676122e-22, 1.93581543649e-23, 2.7320786969e-23, 7.59944419879e-23, 5.27321045625e-23, 3.07716305999e-23, 2.67071446926e-23, 1.93434689303e-23, 3.13812812401e-23, 2.35526713707e-23, 8.58126111252e-23, 3.42216475046e-23, 5.01238053992e-23, 1.68634467543e-22, 1.63951662992e-22, 1.23373251251e-22, 3.03311994591e-22, 3.62545603589e-22, 3.78226669016e-22, 4.86617672006e-22, 5.35056811299e-22, 6.64997121327e-22, 8.45788945161e-22, 9.74319100056e-22, 1.83275435643e-21, 2.77302425082e-21],
        "var": [2.10378606896e-11, 7.74893669586e-06, 3.84368249797e-05, 7.2067371093e-07, 2.12387226384e-06, 3.37988080901e-06, 3.50147856807e-05, 1.64044213307e-05, 0.000124014070025, 1.20516460811e-05, 3.7011132008e-06, 4.37509243056e-06, 3.05731009576e-06, 5.0560231557e-07, 6.98133035826e-08, 4.04662507947e-08, 9.4170955478e-09, 1.61328650439e-09, 1.35663158485e-09, 1.85378084411e-11, 3.32304041055e-12, 2.72466966524e-12, 2.25516185587e-11, 1.33347707876e-11, 1.21721751602e-13, 5.55727305265e-15, 8.78537278936e-16]
    },
    "erbbands": {
        "dmean": [0.00168864289299, 0.122595600784, 1.10560142994, 0.741369843483, 1.94949364662, 2.50385904312, 2.2581949234, 4.12771654129, 17.1054267883, 25.6115951538, 23.7542610168, 49.916519165, 28.6280517578, 18.0014724731, 17.0148963928, 18.4140052795, 23.5226783752, 11.1683607101, 6.04524278641, 4.34403562546, 2.84540557861, 1.51710486412, 0.850259840488, 0.878526806831, 0.263101965189, 0.0837579369545, 0.040683336556, 0.0234462264925, 0.0220495518297, 0.0316370166838, 0.0370880253613, 0.0226458534598, 0.0101741235703, 0.00281431968324, 0.000712154433131, 0.000253624690231, 8.07395772426e-05, 1.69880877365e-05, 2.39615997089e-06, 5.07652794113e-06],
        "dmean2": [0.00227547227405, 0.149763330817, 1.28420984745, 1.13535428047, 3.20575475693, 4.16179037094, 3.34069514275, 6.15669631958, 27.5267772675, 39.5704116821, 34.3156738281, 77.9282455444, 43.9673461914, 27.7488136292, 26.110578537, 28.1408786774, 36.6669769287, 16.9054450989, 9.36374473572, 6.78234481812, 4.632853508, 2.45847153664, 1.36021411419, 1.39293920994, 0.413118511438, 0.139364808798, 0.0670873597264, 0.0378318764269, 0.0359550788999, 0.0494875907898, 0.0568439811468, 0.0327053703368, 0.0156295094639, 0.00435272092, 0.00116012687795, 0.00042922020657, 0.000136908740387, 2.88617575279e-05, 3.39604662258e-06, 7.18356568541e-06],
        "dvar": [1.08763288154e-05, 0.0623467378318, 4.58685779572, 0.956070959568, 10.6110992432, 15.9849700928, 27.8061275482, 84.5280838013, 1553.66760254, 3356.26147461, 4804.95410156, 21280.7304688, 3052.24121094, 2527.90332031, 1727.7989502, 2517.23730469, 2946.28710938, 556.376220703, 129.015853882, 48.1105651855, 24.4246940613, 5.68654441833, 1.51675391197, 3.23899912834, 0.172364920378, 0.0137612661347, 0.00391365541145, 0.000966107938439, 0.000776990375016, 0.00307719502598, 0.00780003378168, 0.00337422406301, 0.000628391979262, 2.00082267838e-05, 9.27788278204e-07, 1.06624767682e-07, 1.20790506486e-08, 9.0482310533e-10, 3.34191216367e-11, 4.40136677105e-11],
        "dvar2": [1.66350091604e-05, 0.0738513916731, 5.22814893723, 2.09744429588, 27.0796508789, 46.2678489685, 53.8594245911, 165.249313354, 4192.21679688, 7978.72412109, 10297.0341797, 48903.7851562, 6502.94335938, 5973.26367188, 4060.77368164, 6635.47167969, 7537.20751953, 1149.31054688, 313.262908936, 114.398925781, 70.3944091797, 14.5232715607, 3.87430930138, 8.22347831726, 0.424346715212, 0.0371290743351, 0.0102294851094, 0.002454506699, 0.00200027832761, 0.00683969818056, 0.0153127675876, 0.00582694914192, 0.00128335284535, 4.33562599937e-05, 2.25265034715e-06, 3.00229800132e-07, 3.33172884837e-08, 2.45455678005e-09, 8.1923169637e-11, 9.47337278068e-11],
        "max": [0.129489138722, 10.5847091675, 81.2960586548, 20.1887645721, 57.0201759338, 69.7963409424, 157.07043457, 180.955230713, 598.84564209, 1078.1184082, 1210.24719238, 3215.46240234, 1230.86730957, 1479.69458008, 858.059448242, 1062.41394043, 810.552001953, 510.03213501, 216.955718994, 161.545394897, 79.5929946899, 36.7323074341, 17.0812397003, 29.6893844604, 8.41959571838, 1.74271464348, 0.99728935957, 0.520016551018, 0.353980481625, 0.971287310123, 2.14171719551, 1.19776332378, 0.677180111408, 0.0838025957346, 0.0158649068326, 0.00471961032599, 0.00223258789629, 0.00077334936941, 0.000187265875866, 0.000141333774081],
        "mean": [0.00484392466024, 0.371517747641, 3.43674087524, 2.13595080376, 3.66685605049, 4.73690986633, 5.08248472214, 9.18556499481, 31.3805503845, 54.6895256042, 51.0132827759, 114.952270508, 73.4630279541, 46.9163970947, 43.5334625244, 40.1116867065, 50.3139457703, 25.6656742096, 14.8799104691, 10.3031787872, 7.39334440231, 3.97168421745, 2.22886538506, 1.98986899853, 0.714668095112, 0.193975970149, 0.0952877923846, 0.0547257401049, 0.052047777921, 0.0724280104041, 0.080099709332, 0.0484117567539, 0.0215702801943, 0.0056440946646, 0.00145780597813, 0.000425755948527, 0.000126725251903, 2.46503495873e-05, 1.18505786304e-05, 2.57376286754e-05],
        "median": [0.00139093829785, 0.0915199071169, 1.21139955521, 1.44968771935, 2.19450235367, 3.04678821564, 1.80950903893, 3.52374148369, 12.8591527939, 22.447467804, 11.1174240112, 19.8784255981, 34.5716247559, 24.6589317322, 20.6502876282, 13.6849536896, 25.7294921875, 12.9705257416, 9.07097244263, 6.60856246948, 4.99952363968, 2.35988664627, 1.48132050037, 1.06060147285, 0.434431493282, 0.12698879838, 0.0596387162805, 0.0346488170326, 0.0355041176081, 0.0426454208791, 0.0416359677911, 0.0209982749075, 0.00971698947251, 0.00329253682867, 0.001064339187, 0.000317057623761, 8.98891521501e-05, 1.5307288777e-05, 8.23437676445e-06, 1.76909416041e-05],
        "min": [5.78691679133e-21, 1.15291391724e-20, 1.63426768325e-20, 5.80901673085e-20, 1.39603672646e-19, 3.01188920439e-19, 3.28977432732e-19, 4.49259523362e-19, 6.16369704336e-19, 2.95784484208e-19, 5.88291368636e-19, 5.34353919421e-19, 7.18478740306e-19, 1.25842677881e-18, 9.43745146715e-19, 3.85635199808e-18, 1.90596268407e-18, 2.30801444119e-18, 6.22818280314e-18, 9.90931354566e-18, 7.3484219262e-18, 8.47715950286e-18, 1.54223391522e-17, 1.32975512138e-17, 2.13603825653e-17, 2.05213401827e-17, 2.02600586426e-17, 1.95193382564e-17, 2.22776745794e-17, 1.65356316125e-17, 2.06363348315e-17, 1.46531422463e-17, 1.44029548526e-17, 1.19617380698e-17, 6.48516217686e-18, 6.6383564399e-18, 3.66918542729e-18, 1.68576007058e-18, 3.37456654396e-19, 3.81947998283e-20],
        "var": [0.000139609648613, 0.910007894039, 54.6397094727, 5.66678905487, 21.6721134186, 30.1606788635, 115.264205933, 304.389373779, 3208.82128906, 10815.34375, 13759.5771484, 94262.5546875, 14270.5449219, 6370.38818359, 6698.81835938, 6696.03466797, 6435.05761719, 1636.22973633, 395.442565918, 168.976287842, 86.2587432861, 22.2175979614, 5.26364564896, 7.54553508759, 0.768677890301, 0.0418888702989, 0.0107328156009, 0.00350184179842, 0.00262869428843, 0.00933501962572, 0.0213229935616, 0.0109330778942, 0.00203629629686, 5.67475144635e-05, 1.89298714304e-06, 1.61420231848e-07, 1.85387314389e-08, 1.12963227661e-09, 1.13364539978e-10, 4.7724602048e-10]
    },
    "gfcc": {
        "mean": [-86.5748062134, 174.223083496, -145.239013672, -14.643040657, -51.4196472168, 11.355890274, -34.2348518372, -1.60429704189, -10.5585346222, -20.9078197479, -7.09770965576, -16.9166297913, -15.9341230392],
        "cov": [[2747.45410156, 138.061920166, -845.868652344, -301.479187012, -268.863616943, -234.688247681, -19.0426807404, -37.7074546814, 55.7479362488, -32.779460907, 23.2625007629, -90.1522674561, 20.7395935059], [138.061920166, 396.266265869, 293.188690186, -51.0116424561, 154.010818481, -14.8997383118, 51.3906173706, -28.0739078522, 14.2553758621, 31.2884731293, 4.44891691208, 35.5886726379, 12.5810995102], [-845.868652344, 293.188690186, 854.512939453, 74.8860321045, 221.906570435, 145.301300049, 102.779525757, 16.2931480408, -9.22385692596, 74.0082550049, -11.7253599167, 82.3600692749, 2.08782601357], [-301.479187012, -51.0116424561, 74.8860321045, 358.921081543, 43.5208854675, 105.752197266, -57.5169181824, 20.1913547516, 12.4143924713, -84.4630661011, 57.2935066223, -41.5090827942, 24.7702255249], [-268.863616943, 154.010818481, 221.906570435, 43.5208854675, 270.972015381, 30.2949333191, 40.1281929016, 11.9025745392, -18.4837036133, 43.6422615051, -43.5738258362, 43.3336906433, -18.6929073334], [-234.688247681, -14.8997383118, 145.301300049, 105.752197266, 30.2949333191, 197.772293091, 46.6867179871, 14.3906784058, 4.63286733627, -22.6495723724, 14.4199352264, -21.3283863068, 5.62599515915], [-19.0426807404, 51.3906173706, 102.779525757, -57.5169181824, 40.1281929016, 46.6867179871, 154.04977417, 24.484746933, -5.55839920044, 16.7211112976, -16.0473079681, 12.2858171463, -17.3311061859], [-37.7074546814, -28.0739078522, 16.2931480408, 20.1913547516, 11.9025745392, 14.3906784058, 24.484746933, 75.0324859619, 2.35822749138, -4.21260547638, -7.54073905945, -8.24459838867, -3.74719166756], [55.7479362488, 14.2553758621, -9.22385692596, 12.4143924713, -18.4837036133, 4.63286733627, -5.55839920044, 2.35822749138, 86.6432342529, 15.5731172562, 8.59078884125, -26.9256534576, 14.4250621796], [-32.779460907, 31.2884731293, 74.0082550049, -84.4630661011, 43.6422615051, -22.6495723724, 16.7211112976, -4.21260547638, 15.5731172562, 104.199424744, -14.3771286011, 12.369811058, -26.622215271], [23.2625007629, 4.44891691208, -11.7253599167, 57.2935066223, -43.5738258362, 14.4199352264, -16.0473079681, -7.54073905945, 8.59078884125, -14.3771286011, 87.3155212402, -12.678185463, 5.6132311821], [-90.1522674561, 35.5886726379, 82.3600692749, -41.5090827942, 43.3336906433, -21.3283863068, 12.2858171463, -8.24459838867, -26.9256534576, 12.369811058, -12.678185463, 90.9729690552, 4.52575492859], [20.7395935059, 12.5810995102, 2.08782601357, 24.7702255249, -18.6929073334, 5.62599515915, -17.3311061859, -3.74719166756, 14.4250621796, -26.622215271, 5.6132311821, 4.52575492859, 76.6853103638]],
        "icov": [[0.000940154772252, -0.00174298207276, 0.00140766450204, -7.44826320442e-05, 0.00105515716132, -0.000178473710548, -0.000293518329272, -0.000515014166012, 0.000156525318744, -0.000682266545482, 0.000405694183428, -4.58719950984e-05, -9.70667606452e-05], [-0.00174298207276, 0.00938016176224, -0.00481957523152, 0.0028824263718, -0.00605961168185, 0.00254373229109, -0.000166553058079, 0.00354148168117, -0.00250254455023, 0.00491933664307, -0.00428598886356, 0.00215229275636, -0.00103042100091], [0.00140766450204, -0.00481957523152, 0.00496150227264, -0.0017294442514, 0.00219966145232, -0.0022712086793, -0.000974882335868, -0.00168574799318, 0.00110143062193, -0.00409537367523, 0.00170341285411, -0.00246298825368, -0.00037460232852], [-7.44826320442e-05, 0.0028824263718, -0.0017294442514, 0.00781443156302, -0.0044400235638, -0.00123554037418, 0.00307394680567, -0.000491153215989, -0.00216590729542, 0.00694709457457, -0.00516846030951, 0.00300098862499, -0.00023035358754], [0.00105515716132, -0.00605961168185, 0.00219966145232, -0.0044400235638, 0.0103494040668, -0.00127714232076, -0.00106528564356, -0.00217500259168, 0.00265958020464, -0.00629595993087, 0.00634232722223, -0.00342634692788, 0.00140447623562], [-0.000178473710548, 0.00254373229109, -0.0022712086793, -0.00123554037418, -0.00127714232076, 0.00888305250555, -0.00312124262564, 0.00151413038839, -0.000594898185227, 0.00220678397454, -0.0012265132973, 0.00295838131569, -0.000709374784492], [-0.000293518329272, -0.000166553058079, -0.000974882335868, 0.00307394680567, -0.00106528564356, -0.00312124262564, 0.010046524927, -0.00320268422365, -0.000332926225383, 0.00169150368311, -0.00036108965287, -0.000286126887659, 0.00191685883328], [-0.000515014166012, 0.00354148168117, -0.00168574799318, -0.000491153215989, -0.00217500259168, 0.00151413038839, -0.00320268422365, 0.0164039991796, -0.00128016993403, 0.00196716655046, 0.000303562061163, 0.00211354508065, -2.39192413574e-05], [0.000156525318744, -0.00250254455023, 0.00110143062193, -0.00216590729542, 0.00265958020464, -0.000594898185227, -0.000332926225383, -0.00128016993403, 0.0157505422831, -0.00662482623011, 0.00104183214717, 0.00357595901005, -0.00395796773955], [-0.000682266545482, 0.00491933664307, -0.00409537367523, 0.00694709457457, -0.00629595993087, 0.00220678397454, 0.00169150368311, 0.00196716655046, -0.00662482623011, 0.0207203458995, -0.00412414502352, 0.00215932005085, 0.0046406891197], [0.000405694183428, -0.00428598886356, 0.00170341285411, -0.00516846030951, 0.00634232722223, -0.0012265132973, -0.00036108965287, 0.000303562061163, 0.00104183214717, -0.00412414502352, 0.0174026675522, -0.00180894334335, 0.000990953762084], [-4.58719950984e-05, 0.00215229275636, -0.00246298825368, 0.00300098862499, -0.00342634692788, 0.00295838131569, -0.000286126887659, 0.00211354508065, 0.00357595901005, 0.00215932005085, -0.00180894334335, 0.0169240180403, -0.00304606533609], [-9.70667606452e-05, -0.00103042100091, -0.00037460232852, -0.00023035358754, 0.00140447623562, -0.000709374784492, 0.00191685883328, -2.39192413574e-05, -0.00395796773955, 0.0046406891197, 0.000990953762084, -0.00304606533609, 0.0166094899178]]
    },
    "melbands": {
        "dmean": [4.91211758344e-05, 0.000426237966167, 0.00015688064741, 0.000172561500221, 7.72802595748e-05, 9.52855698415e-05, 0.00027868655161, 0.000258786079939, 0.00023767692619, 0.000301792053506, 0.000141024953336, 7.7847384091e-05, 5.8034544054e-05, 5.86857859162e-05, 5.63026114833e-05, 4.20494106947e-05, 2.13961484405e-05, 1.24588759718e-05, 5.76824459131e-06, 5.71945338379e-06, 3.32386048285e-06, 1.81984160008e-06, 1.36465325795e-06, 7.00797727404e-07, 8.22113747745e-07, 3.05916188381e-07, 9.06628514485e-08, 5.32681738719e-08, 3.2559469787e-08, 1.89217850277e-08, 1.33289432824e-08, 1.35963826864e-08, 1.4607682175e-08, 2.00933776284e-08, 2.45545432875e-08, 1.89595201761e-08, 1.34416096031e-08, 8.84832473957e-09, 3.82368359197e-09, 2.16616102833e-09],
        "dmean2": [6.35478063487e-05, 0.000497940985952, 0.000244542578002, 0.000285641755909, 0.00011770119454, 0.000142861783388, 0.000446078571258, 0.000394299189793, 0.000350949121639, 0.000465034565423, 0.000217594497371, 0.000119463409646, 8.84049804881e-05, 9.27574656089e-05, 8.63369350554e-05, 6.53044771752e-05, 3.25910805259e-05, 1.93841951841e-05, 9.13308758754e-06, 8.98687630979e-06, 5.4953925428e-06, 2.99253815683e-06, 2.22769836e-06, 1.13031819637e-06, 1.32302602651e-06, 4.89582362206e-07, 1.4822404637e-07, 8.98253773585e-08, 5.44676161951e-08, 3.11048715673e-08, 2.17615010456e-08, 2.25578755675e-08, 2.37801263125e-08, 3.21696020933e-08, 3.78584736893e-08, 2.78789968888e-08, 2.00475316348e-08, 1.37979911941e-08, 5.92368820662e-09, 3.52038909135e-09],
        "dvar": [1.00742187925e-08, 6.86558223606e-07, 4.80840860462e-08, 6.66684769612e-08, 2.22366978164e-08, 4.09686364833e-08, 4.20448458271e-07, 3.37393061045e-07, 4.70427750088e-07, 7.36085041808e-07, 7.74184982788e-08, 5.0203968982e-08, 1.877602962e-08, 2.80862177959e-08, 1.92907094743e-08, 7.84464226911e-09, 2.15073980847e-09, 6.21696971681e-10, 1.40277039984e-10, 6.89121815167e-11, 3.59521024063e-11, 8.15554394851e-12, 4.70128103114e-12, 1.32057830383e-12, 3.01764169208e-12, 2.37786759684e-13, 2.03414945342e-14, 5.83783154061e-15, 2.82436592932e-15, 7.83332205033e-16, 3.20885858922e-16, 3.01337979626e-16, 4.95311886209e-16, 1.40347906585e-15, 2.93939215653e-15, 3.1062426123e-15, 1.1091933502e-15, 4.70994311447e-16, 7.97331767062e-17, 1.08992287088e-17],
        "dvar2": [1.32919275586e-08, 7.86035116107e-07, 1.20442649632e-07, 1.7962436516e-07, 4.67395651071e-08, 8.42867535766e-08, 1.15086902497e-06, 7.78841922511e-07, 1.09491861622e-06, 1.67212522229e-06, 1.63973894018e-07, 1.18111159964e-07, 4.42426788538e-08, 7.49579456283e-08, 4.61203200075e-08, 1.97467713292e-08, 4.56088899981e-09, 1.545757633e-09, 3.1152713742e-10, 1.63548646848e-10, 1.03516903383e-10, 2.09584155586e-11, 1.28582778106e-11, 3.19658297228e-12, 7.77729269874e-12, 5.92402591825e-13, 5.2259347701e-14, 1.58348675968e-14, 7.49609589353e-15, 2.10118296324e-15, 8.27820598884e-16, 7.94560950238e-16, 1.21240960878e-15, 3.24221787012e-15, 6.16610720613e-15, 6.33274018619e-15, 2.06388894961e-15, 9.87042517117e-16, 1.8340550297e-16, 2.69067394146e-17],
        "max": [0.00424406910315, 0.0322957225144, 0.00372033892199, 0.00375448237173, 0.00414560036734, 0.00364904617891, 0.0108425319195, 0.00940552633256, 0.0124560818076, 0.0201466083527, 0.0059527750127, 0.00648941192776, 0.00349482218735, 0.00301104178652, 0.00259068328887, 0.00129245989956, 0.000986656639725, 0.000512077473104, 0.000259228749201, 0.000178512127604, 0.000107367282908, 4.18975068897e-05, 3.0857470847e-05, 2.1994987037e-05, 3.00135361613e-05, 9.48755405261e-06, 2.24178006647e-06, 1.08900701434e-06, 9.3918595212e-07, 4.36427740169e-07, 2.51623845315e-07, 2.32245099596e-07, 3.56108046162e-07, 6.98777569141e-07, 1.11606948394e-06, 1.49665697791e-06, 7.6817838135e-07, 5.13304030392e-07, 2.69533643404e-07, 6.00606000489e-08],
        "mean": [0.000143142795423, 0.00132304348517, 0.000443637371063, 0.00033540930599, 0.000174898974365, 0.000210417536437, 0.000525205978192, 0.000544821494259, 0.000492829072755, 0.000684370868839, 0.000345645239577, 0.000189161131857, 0.000145124678966, 0.000119018332043, 0.000109880806122, 8.74963297974e-05, 4.43106837338e-05, 2.71374319709e-05, 1.26167033159e-05, 1.30940288727e-05, 7.84186158853e-06, 4.29846568295e-06, 2.86156182483e-06, 1.57432441483e-06, 1.68995791228e-06, 7.34700620342e-07, 2.00063340117e-07, 1.04309783922e-07, 6.72310633831e-08, 3.70272239536e-08, 2.8989088463e-08, 2.89715362811e-08, 3.16766524122e-08, 4.26461141956e-08, 4.93195706497e-08, 3.74812927362e-08, 2.68142255067e-08, 1.74076575377e-08, 7.33480787218e-09, 3.80710352132e-09],
        "median": [3.16383775498e-05, 0.000446183083113, 0.000293174904073, 0.000219240027945, 7.70732513047e-05, 7.81193739385e-05, 0.000206616314244, 0.000206411088584, 8.74035540619e-05, 0.00012170564878, 0.0001601933036, 9.40213067224e-05, 6.88528089086e-05, 3.44429718098e-05, 4.71364328405e-05, 4.46217782155e-05, 2.06412169064e-05, 1.51801405082e-05, 7.59805561756e-06, 7.74545333115e-06, 4.57526493847e-06, 2.41128395828e-06, 1.62379615176e-06, 9.92576588033e-07, 8.29647888168e-07, 4.20541027779e-07, 1.22401658587e-07, 6.18601063707e-08, 4.01470217071e-08, 2.15051549901e-08, 1.73962391159e-08, 1.96129672503e-08, 1.97924912015e-08, 2.4184892311e-08, 2.58533177089e-08, 1.59210316042e-08, 1.09365121403e-08, 7.34344052233e-09, 3.59222074309e-09, 2.40280462194e-09],
        "min": [3.91848226878e-23, 9.9667644994e-24, 1.33414680646e-23, 1.44636132359e-23, 1.32990447028e-23, 1.06315533614e-23, 8.84425093001e-24, 3.96964155509e-24, 4.67684549586e-24, 3.03302976333e-24, 3.71804620228e-24, 5.16162339908e-24, 2.85345662231e-24, 8.15031444638e-24, 7.49461168424e-24, 3.48866359485e-24, 4.19249042208e-24, 8.91721267514e-24, 1.18028958431e-23, 1.50823294657e-23, 7.24488672064e-24, 7.2617281121e-24, 1.38363993965e-23, 1.26953491736e-23, 1.01297912829e-23, 1.53390689804e-23, 1.39806789006e-23, 1.31236493692e-23, 1.30850535605e-23, 1.07126245967e-23, 1.05369413288e-23, 1.52145330871e-23, 6.58914530431e-24, 1.0972684427e-23, 1.42223338172e-23, 8.42783097967e-24, 8.53322674091e-24, 1.03214868495e-23, 9.0418519093e-24, 1.11261462721e-23],
        "var": [1.50049274339e-07, 8.53193978401e-06, 2.29068461977e-07, 1.35131301704e-07, 9.28043135673e-08, 1.50114559005e-07, 9.34340107506e-07, 1.03219849734e-06, 1.44360217291e-06, 3.29107456309e-06, 3.5066003079e-07, 1.20151568694e-07, 8.19901657678e-08, 6.47420392852e-08, 4.35987637104e-08, 1.79187420457e-08, 5.75816594406e-09, 1.58720814269e-09, 4.34212860112e-10, 2.53695703334e-10, 1.08770450979e-10, 2.67581512503e-11, 1.27799507088e-11, 3.49913110639e-12, 6.35853609349e-12, 9.59470567233e-13, 5.88222030221e-14, 1.39869610374e-14, 6.35447759272e-15, 1.91835407795e-15, 1.0532814465e-15, 8.83418412174e-16, 1.36408409287e-15, 3.77073741832e-15, 7.62948155987e-15, 7.09527863234e-15, 3.52650033842e-15, 1.47348093911e-15, 1.7790015939e-16, 2.16796924797e-17]
    },
    "mfcc": {
        "mean": [-723.594116211, 209.346588135, -28.0155124664, -15.311372757, 2.07538819313, -0.776797175407, -7.83654642105, 12.1570720673, -9.64309215546, 4.87252664566, -0.243487909436, -2.36870789528, -4.92527580261],
        "cov": [[2558.75439453, -154.487945557, -811.201293945, -201.968109131, -382.060852051, -264.060028076, -237.857345581, -85.1646957397, -95.2111587524, 45.2063789368, -54.6531677246, 31.7007408142, -50.4749412537], [-154.487945557, 686.994506836, 138.377822876, 26.4382801056, 44.7755775452, 77.0559158325, 59.1572761536, -36.6723937988, 78.6425933838, -61.5311965942, 67.6003952026, 14.1322507858, 24.7732219696], [-811.201293945, 138.377822876, 616.436035156, 73.7103118896, 147.087081909, 139.789108276, 121.464294434, 55.3147392273, 51.7721786499, 5.08371543884, 19.1006641388, 27.8034629822, 33.9725418091], [-201.968109131, 26.4382801056, 73.7103118896, 188.567245483, 126.344657898, 23.5624847412, 25.894367218, 27.7668571472, 1.06862413883, 3.01899051666, -9.62809944153, -13.0066595078, 14.6617593765], [-382.060852051, 44.7755775452, 147.087081909, 126.344657898, 249.620620728, 76.8801269531, 35.6273765564, 27.2275695801, 14.5741977692, 15.6827383041, -18.5540027618, -11.6499433517, 24.1349124908], [-264.060028076, 77.0559158325, 139.789108276, 23.5624847412, 76.8801269531, 160.082565308, 69.5880050659, 29.6742763519, 33.0313453674, 5.88776826859, 26.4175033569, 0.561026215553, 7.68969726562], [-237.857345581, 59.1572761536, 121.464294434, 25.894367218, 35.6273765564, 69.5880050659, 149.841262817, 60.0730895996, 19.9977817535, 2.06361222267, 32.4048233032, 2.25921869278, 0.493910133839], [-85.1646957397, -36.6723937988, 55.3147392273, 27.7668571472, 27.2275695801, 29.6742763519, 60.0730895996, 119.711921692, 10.9517803192, 0.823758065701, -7.9349527359, -11.1912975311, 1.72919130325], [-95.2111587524, 78.6425933838, 51.7721786499, 1.06862413883, 14.5741977692, 33.0313453674, 19.9977817535, 10.9517803192, 117.947227478, 11.5677042007, 6.90203762054, 3.98879146576, 2.36349630356], [45.2063789368, -61.5311965942, 5.08371543884, 3.01899051666, 15.6827383041, 5.88776826859, 2.06361222267, 0.823758065701, 11.5677042007, 97.2084960938, 16.5020580292, -0.636506974697, -6.44742870331], [-54.6531677246, 67.6003952026, 19.1006641388, -9.62809944153, -18.5540027618, 26.4175033569, 32.4048233032, -7.9349527359, 6.90203762054, 16.5020580292, 103.741836548, 10.4321594238, -10.2370738983], [31.7007408142, 14.1322507858, 27.8034629822, -13.0066595078, -11.6499433517, 0.561026215553, 2.25921869278, -11.1912975311, 3.98879146576, -0.636506974697, 10.4321594238, 74.9463882446, 18.5277957916], [-50.4749412537, 24.7732219696, 33.9725418091, 14.6617593765, 24.1349124908, 7.68969726562, 0.493910133839, 1.72919130325, 2.36349630356, -6.44742870331, -10.2370738983, 18.5277957916, 59.156539917]],
