{
"lowlevel": {
    "average_loudness": 0.822219312191,
    "barkbands_crest": {
        "dmean": 1.49927294254,
        "dmean2": 2.17995071411,
        "dvar": 3.80875325203,
        "dvar2": 9.00241851807,
        "max": 25.4871711731,
        "mean": 13.4687099457,
        "median": 12.8666801453,
        "min": 5.79629564285,
        "var": 15.7356796265
    },
    "barkbands_flatness_db": {
        "dmean": 0.0238850973547,
        "dmean2": 0.0396173335612,
        "dvar": 0.000535076076631,
        "dvar2": 0.00130367651582,
        "max": 0.58419829607,
        "mean": 0.424567937851,
        "median": 0.426070898771,
        "min": 0.0794860944152,
        "var": 0.00194043829106
    },
    "barkbands_kurtosis": {
        "dmean": 1.54142844677,
        "dmean2": 2.25714683533,
        "dvar": 6.77659845352,
        "dvar2": 15.0889463425,
        "max": 38.368938446,
        "mean": 5.58158111572,
        "median": 4.44152259827,
        "min": -1.01620256901,
        "var": 21.0937709808
    },
    "barkbands_skewness": {
        "dmean": 0.292671501637,
        "dmean2": 0.445626139641,
        "dvar": 0.136486515403,
        "dvar2": 0.269716441631,
        "max": 3.79988956451,
        "mean": 0.965544760227,
        "median": 1.07854962349,
        "min": -5.03178167343,
        "var": 0.870504021645
    },
    "barkbands_spread": {
        "dmean": 0.332469552755,
        "dmean2": 0.496138900518,
        "dvar": 0.39586392045,
        "dvar2": 0.547574341297,
        "max": 24.7450904846,
        "mean": 2.28192710876,
        "median": 2.20355200768,
        "min": 0.380193054676,
        "var": 1.0400686264
    },
    "dissonance": {
        "dmean": 0.0470566414297,
        "dmean2": 0.0815578997135,
        "dvar": 0.0023419209756,
        "dvar2": 0.00631224690005,
        "max": 0.499982297421,
        "mean": 0.341617017984,
        "median": 0.346063941717,
        "min": 0.145397394896,
        "var": 0.00474733905867
    },
    "dynamic_complexity": 3.43411040306,
    "erbbands_crest": {
        "dmean": 2.05803108215,
        "dmean2": 3.04368948936,
        "dvar": 7.37003898621,
        "dvar2": 15.9381017685,
        "max": 32.7401924133,
        "mean": 16.95977211,
        "median": 15.9694843292,
        "min": 3.89545583725,
        "var": 33.191619873
    },
    "erbbands_flatness_db": {
        "dmean": 0.0157937947661,
        "dmean2": 0.0251212231815,
        "dvar": 0.000327991263475,
        "dvar2": 0.000685949169565,
        "max": 0.584126353264,
        "mean": 0.463755309582,
        "median": 0.463388234377,
        "min": 0.105175130069,
        "var": 0.00158997997642
    },
    "erbbands_kurtosis": {
        "dmean": 1.59244596958,
        "dmean2": 2.41436004639,
        "dvar": 8.99334049225,
        "dvar2": 20.7420806885,
        "max": 39.3251037598,
        "mean": 4.12403392792,
        "median": 2.87166309357,
        "min": -1.23569524288,
        "var": 21.3410873413
    },
    "erbbands_skewness": {
        "dmean": 0.250099718571,
        "dmean2": 0.36351749301,
        "dvar": 0.14185538888,
        "dvar2": 0.264811426401,
        "max": 4.56037807465,
        "mean": 1.11323368549,
        "median": 1.18816351891,
        "min": -3.80939459801,
        "var": 1.01795089245
    },
    "erbbands_spread": {
        "dmean": 0.808156371117,
        "dmean2": 1.19547605515,
        "dvar": 1.34661459923,
        "dvar2": 2.40953993797,
        "max": 35.3015060425,
        "mean": 5.19341993332,
        "median": 5.1113781929,
        "min": 0.619900166988,
        "var": 4.9256811142
    },
    "hfc": {
        "dmean": 4.12739086151,
        "dmean2": 5.26352930069,
        "dvar": 122.502342224,
        "dvar2": 240.266082764,
        "max": 264.675750732,
        "mean": 10.9932508469,
        "median": 5.67065858841,
        "min": 1.21837298542e-16,
        "var": 368.209472656
    },
    "melbands_crest": {
        "dmean": 2.1283853054,
        "dmean2": 3.10664987564,
        "dvar": 6.90665435791,
        "dvar2": 14.6703414917,
        "max": 32.3550758362,
        "mean": 17.2912979126,
        "median": 16.5839309692,
        "min": 1.9457514286,
        "var": 30.7830677032
    },
    "melbands_flatness_db": {
        "dmean": 0.0258011873811,
        "dmean2": 0.0426254495978,
        "dvar": 0.000659817887936,
        "dvar2": 0.001502520754,
        "max": 0.701143205166,
        "mean": 0.528918623924,
        "median": 0.533861994743,
        "min": 0.00610378943384,
        "var": 0.00251870113425
    },
    "melbands_kurtosis": {
        "dmean": 1.59623861313,
        "dmean2": 2.39723062515,
        "dvar": 6.67304229736,
        "dvar2": 15.335234642,
        "max": 38.8739242554,
        "mean": 5.4107708931,
        "median": 4.44210004807,
        "min": -1.4623786211,
        "var": 19.0163078308
    },
    "melbands_skewness": {
        "dmean": 0.282219052315,
        "dmean2": 0.443935513496,
        "dvar": 0.115264184773,
        "dvar2": 0.25924924016,
        "max": 3.53612065315,
        "mean": 0.938430428505,
        "median": 1.00679326057,
        "min": -3.55898356438,
        "var": 0.629459619522
    },
    "melbands_spread": {
        "dmean": 0.579961180687,
        "dmean2": 0.853619813919,
        "dvar": 7.06849241257,
        "dvar2": 7.25042676926,
        "max": 119.746528625,
        "mean": 3.82311248779,
        "median": 3.64359545708,
        "min": 0.452218264341,
        "var": 8.89783382416
    },
    "pitch_salience": {
        "dmean": 0.043710693717,
        "dmean2": 0.069664157927,
        "dvar": 0.00371802574955,
        "dvar2": 0.00885383598506,
        "max": 0.829425632954,
        "mean": 0.526301145554,
        "median": 0.531963407993,
        "min": 0.118360504508,
        "var": 0.0115820048377
    },
    "silence_rate_20dB": {
        "dmean": 0,
        "dmean2": 0,
        "dvar": 0,
        "dvar2": 0,
        "max": 1,
        "mean": 1,
        "median": 1,
        "min": 1,
        "var": 0
    },
    "silence_rate_30dB": {
        "dmean": 0.0103092780337,
        "dmean2": 0.0206291899085,
        "dvar": 0.010202890262,
        "dvar2": 0.0222666673362,
        "max": 1,
        "mean": 0.981968045235,
        "median": 1,
        "min": 0,
        "var": 0.0177063439041
    },
    "silence_rate_60dB": {
        "dmean": 0.041752576828,
        "dmean2": 0.0835482180119,
        "dvar": 0.0400086194277,
        "dvar2": 0.0827557817101,
        "max": 1,
        "mean": 0.0726429671049,
        "median": 0,
        "min": 0,
        "var": 0.0673669427633
    },
    "spectral_centroid": {
        "dmean": 21.4748153687,
        "dmean2": 28.6986865997,
        "dvar": 58910.6757812,
        "dvar2": 59143.6640625,
        "max": 11109.5019531,
        "mean": 532.671936035,
        "median": 511.284637451,
        "min": 362.878356934,
        "var": 64953.671875
    },
    "spectral_complexity": {
        "dmean": 1.0438144207,
        "dmean2": 1.66941726208,
        "dvar": 1.54603886604,
        "dvar2": 2.8876311779,
        "max": 17,
        "mean": 8.15455913544,
        "median": 8,
        "min": 0,
        "var": 6.56033468246
    },
    "spectral_decrease": {
        "dmean": 1.74502789996e-09,
        "dmean2": 2.28155050408e-09,
        "dvar": 1.70845619019e-17,
        "dvar2": 3.65806464569e-17,
        "max": 9.07053480534e-29,
        "mean": -4.7431401029e-09,
        "median": -2.83337997509e-09,
        "min": -7.59220455393e-08,
        "var": 4.19288687342e-17
    },
    "spectral_energy": {
        "dmean": 0.00695958454162,
        "dmean2": 0.00908702705055,
        "dvar": 0.000274626159808,
        "dvar2": 0.000585141417105,
        "max": 0.310554176569,
        "mean": 0.0188988447189,
        "median": 0.0112242763862,
        "min": 1.07086608231e-20,
        "var": 0.000682566140313
    },
    "spectral_energyband_high": {
        "dmean": 3.23775225297e-07,
        "dmean2": 4.12341933043e-07,
        "dvar": 1.24334808942e-12,
        "dvar2": 2.41542159538e-12,
        "max": 1.7940375983e-05,
        "mean": 5.06411652168e-07,
        "median": 2.75859779464e-08,
        "min": 7.69059784632e-21,
        "var": 2.32493950307e-12
    },
    "spectral_energyband_low": {
        "dmean": 5.27681004314e-05,
        "dmean2": 8.6689949967e-05,
        "dvar": 8.90757601013e-09,
        "dvar2": 2.36262120978e-08,
        "max": 0.00110425415915,
        "mean": 7.3986237112e-05,
        "median": 2.43539143412e-05,
        "min": 3.36906652293e-23,
        "var": 1.50659236198e-08
    },
    "spectral_energyband_middle_high": {
        "dmean": 0.00123847054783,
        "dmean2": 0.00136201980058,
        "dvar": 8.46673428896e-05,
        "dvar2": 0.000140627016663,
        "max": 0.286345601082,
        "mean": 0.00383587670512,
        "median": 0.000556865648832,
        "min": 1.61521797223e-21,
        "var": 0.000336857454386
    },
    "spectral_energyband_middle_low": {
        "dmean": 0.0058576958254,
        "dmean2": 0.00796268880367,
        "dvar": 0.00017906188441,
        "dvar2": 0.000425897480454,
        "max": 0.263841450214,
        "mean": 0.0152350692078,
        "median": 0.0101301688701,
        "min": 2.79789424575e-22,
        "var": 0.0003158293257
    },
    "spectral_entropy": {
        "dmean": 0.124508462846,
        "dmean2": 0.191619858146,
        "dvar": 0.0382674299181,
        "dvar2": 0.0679051578045,
        "max": 9.79272270203,
        "mean": 5.2051987648,
        "median": 5.21768665314,
        "min": 4.14697599411,
        "var": 0.105940967798
    },
    "spectral_flux": {
        "dmean": 0.0239828098565,
        "dmean2": 0.0365758016706,
        "dvar": 0.00186455994844,
        "dvar2": 0.00432011671364,
        "max": 0.480200171471,
        "mean": 0.0376538708806,
        "median": 0.0200873725116,
        "min": 1.03482659941e-10,
        "var": 0.0022649327293
    },
    "spectral_kurtosis": {
        "dmean": 47.4570236206,
        "dmean2": 82.0677642822,
        "dvar": 1973.14208984,
        "dvar2": 5339.91894531,
        "max": 404.350250244,
        "mean": 173.539932251,
        "median": 177.340896606,
        "min": -1.21063840389,
        "var": 4791.19482422
    },
    "spectral_rms": {
        "dmean": 0.000668777443934,
        "dmean2": 0.000836674880702,
        "dvar": 1.26751979224e-06,
        "dvar2": 2.57779174717e-06,
        "max": 0.0174063127488,
        "mean": 0.00377901713364,
        "median": 0.00330915604718,
        "min": 3.23225539216e-12,
        "var": 4.1569064706e-06
    },
    "spectral_rolloff": {
        "dmean": 27.6378269196,
        "dmean2": 41.1227722168,
        "dvar": 172512.484375,
        "dvar2": 172207.75,
        "max": 18841.5527344,
        "mean": 649.321960449,
        "median": 645.99609375,
        "min": 409.130859375,
        "var": 184600.4375
    },
    "spectral_skewness": {
        "dmean": 2.02207255363,
        "dmean2": 3.55531096458,
        "dvar": 3.54951429367,
        "dvar2": 9.45481300354,
        "max": 15.2204093933,
        "mean": 9.56902503967,
        "median": 10.1682128906,
        "min": 0.0145889874548,
        "var": 7.11663627625
    },
    "spectral_spread": {
        "dmean": 344652.5625,
        "dmean2": 586125.6875,
        "dvar": 946262900736,
        "dvar2": 890080985088,
        "max": 41141748,
        "mean": 751369.375,
        "median": 659418.25,
        "min": 190238.5,
        "var": 1.28131530752e+12
    },
    "spectral_strongpeak": {
        "dmean": 0.41697281599,
        "dmean2": 0.562156438828,
        "dvar": 0.559238731861,
        "dvar2": 1.20139396191,
        "max": 15.4505643845,
        "mean": 1.61283493042,
        "median": 1.2668043375,
        "min": 3.5729259551e-09,
        "var": 1.96257305145
    },
    "zerocrossingrate": {
        "dmean": 0.00147390458733,
        "dmean2": 0.00186549127102,
        "dvar": 0.000125639213366,
        "dvar2": 0.000130562344566,
        "max": 0.5068359375,
        "mean": 0.0251778028905,
        "median": 0.02392578125,
        "min": 0.01171875,
        "var": 0.000139943877002
    },
    "barkbands": {
        "dmean": [3.13292844112e-06, 2.28888711717e-05, 3.24379288941e-05, 8.4959783635e-06, 0.000150219362695, 0.000695420370903, 0.00193727714941, 0.00286108138971, 0.00101348815951, 0.00111983495299, 0.000169199396623, 3.09207171085e-05, 6.97207215126e-05, 8.46877992444e-06, 1.126717234e-05, 9.28090503294e-06, 2.85391070065e-06, 1.13869714369e-06, 6.95598771472e-07, 1.5757873939e-07, 1.62341933674e-07, 1.41147804555e-08, 2.74658074062e-09, 1.78561943009e-09, 1.7039215594e-09, 1.66131786106e-09, 1.7701985433e-09],
        "dmean2": [4.83109579363e-06, 3.48392568412e-05, 5.64197034691e-05, 1.47801411003e-05, 0.000214455358218, 0.00106411497109, 0.0026586742606, 0.00416333181784, 0.00153071584646, 0.00125432107598, 0.000185833618161, 3.95384413423e-05, 9.24310879782e-05, 1.30789421746e-05, 1.78994614544e-05, 1.3026270608e-05, 3.69543863599e-06, 1.45340163726e-06, 9.5036273251e-07, 1.98934031914e-07, 2.16211901716e-07, 2.03760066597e-08, 3.23818660775e-09, 1.83568282797e-09, 1.75405812097e-09, 1.71341507649e-09, 1.82532489124e-09],
        "dvar": [3.24822148345e-11, 1.85240944806e-09, 3.96410682058e-09, 3.69981240089e-10, 1.13119412504e-07, 2.06805020753e-06, 2.19711837417e-05, 7.79192268965e-05, 1.41134278238e-05, 8.04465307738e-05, 2.38842949329e-06, 9.04687436076e-09, 3.92638703772e-08, 2.98188251868e-09, 7.34306782046e-10, 6.93149926345e-10, 7.32187088737e-11, 1.74089839766e-11, 5.37216538615e-12, 2.32965475253e-13, 4.34127289239e-13, 4.41927793527e-15, 1.30058976199e-15, 1.14548490034e-15, 1.04840941887e-15, 9.94275966728e-16, 1.12903287353e-15],
        "dvar2": [7.19929393878e-11, 4.06312983259e-09, 1.12638840477e-08, 1.01588482071e-09, 2.36372486029e-07, 4.67688141725e-06, 5.06648430019e-05, 0.000186328587006, 3.55426054739e-05, 0.000132435394335, 3.06009906126e-06, 1.87997706291e-08, 7.43986561247e-08, 8.24997314908e-09, 1.66908731281e-09, 1.34193034462e-09, 1.34644989602e-10, 3.35020934605e-11, 1.11655814802e-11, 4.49086758449e-13, 8.84388753637e-13, 7.15116544269e-15, 6.81696509934e-16, 5.42496121234e-16, 4.96290897477e-16, 4.70378730253e-16, 5.34205892141e-16],
        "max": [0.000100345445389, 0.000694058835506, 0.0007629574975, 0.000221864422201, 0.00658321660012, 0.0168413128704, 0.0771895572543, 0.179307103157, 0.0780353397131, 0.28345438838, 0.0837596058846, 0.0015739853261, 0.00339283794165, 0.00152835599147, 0.000390605593566, 0.000446351768915, 0.000144498146256, 8.90337469173e-05, 3.76736679755e-05, 6.4423816184e-06, 1.08164413177e-05, 2.68050553132e-06, 2.22122093874e-06, 2.10905477616e-06, 2.01770080821e-06, 1.96494625015e-06, 2.09390236705e-06],
        "mean": [3.69998315364e-06, 3.10341529257e-05, 3.4710890759e-05, 8.64897356223e-06, 0.000934987270739, 0.00225379876792, 0.00427975552157, 0.00534999743104, 0.00190970650874, 0.00332429609261, 0.000474905100418, 7.71710183471e-05, 0.000135406269692, 1.98733177967e-05, 2.64372902166e-05, 2.46116214839e-05, 5.82112306802e-06, 2.16489502236e-06, 1.2843344166e-06, 2.91944900255e-07, 2.19775301957e-07, 1.44657752443e-08, 3.3041323011e-09, 2.26298735306e-09, 2.16133932973e-09, 2.13608686295e-09, 2.31090302449e-09],
        "median": [1.30095099848e-06, 7.71290160628e-06, 9.27903693082e-06, 1.75737443442e-06, 0.000535397732165, 0.00159641355276, 0.00204718997702, 0.00173059944063, 0.000416313589085, 0.000177022622665, 0.000125891325297, 3.28034766426e-05, 4.8764544772e-05, 6.00797648076e-06, 8.45229897095e-06, 6.25192660664e-06, 1.1944380276e-06, 2.62367905179e-07, 1.78249834448e-07, 2.60503441041e-08, 3.5928480191e-09, 8.37586056068e-10, 3.44298867194e-10, 2.81146855796e-10, 2.72605993334e-10, 2.93966184728e-10, 3.45775158506e-10],
        "min": [4.07234801062e-23, 8.02701233145e-24, 6.74399554456e-24, 2.09549855419e-23, 2.9484525147e-23, 5.20506833572e-23, 2.1751787121e-23, 4.00992923372e-23, 1.07772447688e-22, 4.56443755003e-23, 2.43120683211e-23, 1.85427536545e-22, 8.37807200035e-23, 5.99663093177e-23, 1.49321877784e-22, 1.52234188163e-22, 2.21575705442e-22, 2.53371697171e-22, 2.64878817507e-22, 3.73860746735e-22, 3.81741782722e-22, 4.8614056893e-22, 3.29338144063e-22, 1.16801285128e-21, 9.8478800371e-22, 1.62805138863e-21, 2.86181126514e-21],
        "var": [4.64706884085e-11, 3.70935637761e-09, 4.44336389904e-09, 3.70571129338e-10, 1.22825622384e-06, 4.95515632792e-06, 3.98815100198e-05, 0.00013562181266, 1.72254476638e-05, 0.000318361853715, 1.16425626402e-05, 2.13733564181e-08, 7.86780205431e-08, 5.95017990435e-09, 1.85579362988e-09, 2.0248456245e-09, 1.81839390767e-10, 3.85812111425e-11, 9.76494492905e-12, 5.3795265768e-13, 6.84553704954e-13, 6.95106830846e-15, 3.16680758561e-15, 2.82595475138e-15, 2.58611885467e-15, 2.45224529735e-15, 2.78467693003e-15]
    },
    "erbbands": {
        "dmean": [0.000295049365377, 0.00659402552992, 0.0326864868402, 0.0351209267974, 0.0626659691334, 0.560378730297, 2.21252250671, 6.50509929657, 15.8604917526, 72.4451065063, 35.1041870117, 26.116350174, 14.4835176468, 37.8355102539, 6.95478487015, 1.81558942795, 3.48849701881, 0.701740205288, 0.405719429255, 0.8725502491, 0.247800886631, 0.107047341764, 0.108618825674, 0.0332499034703, 0.0239941142499, 0.00927416421473, 0.00698250997812, 0.00474593043327, 0.000645793625154, 0.00023302702175, 6.61690937704e-05, 4.19983298343e-05, 3.01024465443e-05, 2.12037102756e-05, 1.41902564792e-05, 8.77733691595e-06, 4.53274515166e-06, 1.38085601975e-06, 3.50927712134e-06, 7.90384001448e-06],
        "dmean2": [0.00041618628893, 0.0101715326309, 0.0568095035851, 0.0611030273139, 0.101330146194, 0.781614005566, 3.76403069496, 10.2445840836, 19.1452541351, 104.740936279, 54.8142623901, 37.4611473083, 17.972650528, 40.8576660156, 7.09796667099, 2.13876795769, 4.57231283188, 0.986584544182, 0.609326243401, 1.36869060993, 0.331541895866, 0.138165086508, 0.135945275426, 0.0453943572938, 0.0319418460131, 0.0116724483669, 0.00907530635595, 0.00630778027698, 0.000894777243957, 0.000326482433593, 7.21405158401e-05, 4.26665428677e-05, 3.03328051814e-05, 2.13423954847e-05, 1.44579262269e-05, 9.12394898478e-06, 4.79453456137e-06, 1.4122894072e-06, 4.47963384431e-06, 1.03224610939e-05],
        "dvar": [2.22506386649e-07, 0.000156246795086, 0.00392289832234, 0.00467461533844, 0.0363311246037, 2.0012421608, 23.4449825287, 184.786727905, 970.345031738, 52162.390625, 9634.74121094, 8099.88671875, 4420.57470703, 115122.15625, 2751.1640625, 24.7029647827, 96.556678772, 8.17632102966, 1.61310696602, 6.94836854935, 0.408125519753, 0.0958732739091, 0.133190333843, 0.0132893742993, 0.00581799959764, 0.000832157791592, 0.000615807366557, 0.000372074864572, 7.19208583178e-06, 2.11847191167e-06, 9.82789288173e-07, 5.60652608783e-07, 2.91276819553e-07, 1.33489479026e-07, 5.15269213963e-08, 1.56156225728e-08, 3.36000582912e-09, 4.27476914977e-10, 8.12938188988e-11, 3.58657437083e-10],
        "dvar2": [3.7647919271e-07, 0.000359402649337, 0.0111037744209, 0.0128741627559, 0.0914353132248, 4.00307893753, 66.8743896484, 429.976989746, 1839.59619141, 130661.929688, 24038.0839844, 19386.6425781, 8079.35107422, 185762.40625, 3524.98632812, 44.0272407532, 182.188400269, 21.7188663483, 3.63427686691, 15.2271900177, 0.763978362083, 0.180558726192, 0.240197405219, 0.0310274790972, 0.0116413701326, 0.00162648037076, 0.0012506598141, 0.000750224920921, 1.21155817396e-05, 2.09120912587e-06, 4.76389033111e-07, 2.6682428711e-07, 1.38526118576e-07, 6.36240713447e-08, 2.46817197791e-08, 7.55630669147e-09, 1.64822855364e-09, 2.06744898978e-10, 1.49529916227e-10, 7.62154506173e-10],
        "max": [0.0119045078754, 0.179427579045, 0.7262185812, 0.948580384254, 4.8936085701, 27.4224319458, 89.4124298096, 154.741027832, 365.234832764, 4866.15576172, 1294.16430664, 1883.91711426, 1949.44970703, 10845.3378906, 2753.55517578, 96.1409912109, 169.093643188, 73.9723129272, 22.1129245758, 48.9012565613, 14.7593641281, 5.11816644669, 6.44315671921, 2.15795135498, 1.23312282562, 0.484026014805, 0.399744868279, 0.290584206581, 0.097886428237, 0.0781790837646, 0.0617304518819, 0.0467312186956, 0.033710706979, 0.0228417553008, 0.0142083084211, 0.00783233810216, 0.00363609031774, 0.00129714678042, 0.000297518417938, 0.000363653234672],
        "mean": [0.000476743240142, 0.00869422033429, 0.03612594679, 0.0414492487907, 0.134447306395, 3.59370923042, 10.5230541229, 20.0646457672, 41.58568573, 139.822891235, 65.2659988403, 55.5363044739, 40.4842376709, 112.961303711, 22.3142604828, 5.18338489532, 6.88444662094, 1.7086212635, 1.07726061344, 2.0135011673, 0.663837909698, 0.233803600073, 0.215314164758, 0.0627411827445, 0.0448304452002, 0.0172407533973, 0.0103049902245, 0.00644521741197, 0.000752891995944, 0.00025279741385, 9.34601848712e-05, 6.46147673251e-05, 4.90396305395e-05, 3.716408537e-05, 2.70493346761e-05, 1.81733666977e-05, 9.91488013824e-06, 2.76834180113e-06, 9.54069128056e-06, 2.15175896301e-05],
        "median": [0.000198598019779, 0.00185906607658, 0.00954814814031, 0.0120057016611, 0.0557528138161, 1.35043025017, 8.30966567993, 14.2144231796, 23.9704704285, 45.4216499329, 28.1411895752, 17.2235469818, 7.31688499451, 4.21427297592, 5.96393632889, 2.33724999428, 2.5918815136, 0.692804515362, 0.352311581373, 0.532949328423, 0.243877977133, 0.066628061235, 0.0278465989977, 0.0123012596741, 0.00628817174584, 0.00148222409189, 0.000406008359278, 0.000138671239256, 4.5109209168e-05, 2.57560150203e-05, 1.79500384547e-05, 1.5227973563e-05, 1.34848987727e-05, 1.16521596283e-05, 9.63659385889e-06, 7.29939392841e-06, 4.24643712904e-06, 9.97117467705e-07, 5.49089463675e-06, 1.27163784782e-05],
        "min": [2.60016506079e-22, 2.08103839301e-21, 7.48079770111e-21, 3.22145101818e-20, 1.0092387356e-19, 1.03354937993e-19, 2.36027793534e-19, 3.46238598315e-19, 4.00763345765e-19, 5.5982668789e-19, 9.86874757444e-19, 2.63589084483e-18, 1.5005896934e-18, 1.54648063981e-18, 1.50146702184e-18, 8.87207537963e-18, 4.50956618805e-18, 2.39120420219e-18, 5.69685615797e-18, 9.0408665467e-18, 8.56640319197e-18, 1.31486942723e-17, 1.38501864451e-17, 1.11860519319e-17, 1.62203004368e-17, 1.74753815803e-17, 1.27807188409e-17, 2.16256924749e-17, 1.69585409356e-17, 1.06526792555e-17, 1.16034770475e-17, 2.58316593899e-17, 1.64817093627e-17, 1.17260892025e-17, 6.79080334525e-18, 4.52135640692e-18, 3.31421906538e-18, 1.59174623768e-18, 4.13200445714e-19, 3.92406630842e-20],
        "var": [6.65858408411e-07, 0.000297088117804, 0.00459459982812, 0.00569262122735, 0.0458931736648, 24.284368515, 88.2859344482, 400.130096436, 2604.18188477, 79572.65625, 13185.2636719, 11571.8046875, 16901.7089844, 460464.1875, 13725.2705078, 76.6634368896, 194.390823364, 17.5102787018, 4.19182157516, 16.2129802704, 1.34711408615, 0.233797580004, 0.326843321323, 0.0203917697072, 0.0112775685266, 0.00196904572658, 0.00103201565798, 0.000594770768657, 1.15157781693e-05, 4.39752602688e-06, 2.42896044256e-06, 1.38933978633e-06, 7.22950233012e-07, 3.32178842655e-07, 1.28745440975e-07, 3.92561787521e-08, 8.49839221218e-09, 1.07767417212e-09, 2.30919700028e-10, 9.09055886122e-10]
    },
    "gfcc": {
        "mean": [-245.086669922, 239.203460693, -142.384063721, -95.0534515381, -42.6488761902, -51.4462432861, -29.0586299896, -5.00841569901, -3.42511630058, 0.340638965368, 7.92787408829, -4.43670082092, 6.08109331131],
        "cov": [[4020.46240234, -100.752174377, -570.583862305, 832.317504883, 60.3895149231, -190.47114563, 561.160461426, 3.46642875671, -26.3942775726, 95.8024902344, -356.225585938, -229.139678955, -85.8850708008], [-100.752174377, 272.870452881, 133.79196167, -89.926361084, 93.4808654785, -16.8610916138, -101.558410645, -21.2061920166, -35.6610183716, -26.9796581268, 43.7996902466, -25.2487335205, -8.57655715942], [-570.583862305, 133.79196167, 370.035675049, -242.225692749, 4.92530345917, 113.345863342, -177.026977539, -9.97289848328, -10.6201534271, -55.4901542664, 107.863616943, 21.0180072784, -30.8996353149], [832.317504883, -89.926361084, -242.225692749, 477.394561768, 56.9511146545, -126.922683716, 164.932846069, -33.7300453186, -7.5483417511, 68.4268951416, -132.565811157, -59.3597984314, -14.4143514633], [60.3895149231, 93.4808654785, 4.92530345917, 56.9511146545, 101.810302734, -10.2953948975, 12.8477468491, 13.8999843597, -5.0905919075, 17.5686531067, 8.45406341553, -24.2890377045, -7.69216394424], [-190.47114563, -16.8610916138, 113.345863342, -126.922683716, -10.2953948975, 168.043792725, 39.2996673584, 46.8483963013, 26.9216136932, -15.526140213, 47.1503219604, 40.5359954834, 4.92773199081], [561.160461426, -101.558410645, -177.026977539, 164.932846069, 12.8477468491, 39.2996673584, 265.377532959, 82.3923492432, 31.4546051025, 46.2383041382, -61.597366333, -6.14006757736, 17.3328151703], [3.46642875671, -21.2061920166, -9.97289848328, -33.7300453186, 13.8999843597, 46.8483963013, 82.3923492432, 98.1876831055, 53.3367919922, 22.7314376831, 19.2956771851, 5.39640378952, -0.0114901317284], [-26.3942775726, -35.6610183716, -10.6201534271, -7.5483417511, -5.0905919075, 26.9216136932, 31.4546051025, 53.3367919922, 74.9394607544, 35.3113212585, 1.23275125027, -0.11551746726, -13.3670949936], [95.8024902344, -26.9796581268, -55.4901542664, 68.4268951416, 17.5686531067, -15.526140213, 46.2383041382, 22.7314376831, 35.3113212585, 60.903881073, 6.04482030869, -15.2916784286, -11.6125173569], [-356.225585938, 43.7996902466, 107.863616943, -132.565811157, 8.45406341553, 47.1503219604, -61.597366333, 19.2956771851, 1.23275125027, 6.04482030869, 102.010978699, 38.9436225891, -3.35533952713], [-229.139678955, -25.2487335205, 21.0180072784, -59.3597984314, -24.2890377045, 40.5359954834, -6.14006757736, 5.39640378952, -0.11551746726, -15.2916784286, 38.9436225891, 74.7951812744, 44.8593635559], [-85.8850708008, -8.57655715942, -30.8996353149, -14.4143514633, -7.69216394424, 4.92773199081, 17.3328151703, -0.0114901317284, -13.3670949936, -11.6125173569, -3.35533952713, 44.8593635559, 71.887046814]],
        "icov": [[0.000631851900835, -0.000699346535839, 0.00021754798945, -0.000740471412428, 0.00098328338936, 3.49462206941e-05, -0.00135535153095, 0.000451559957583, -0.000173783060745, 0.000820550252683, -0.000213256731513, 0.00128537311684, 0.00033434573561], [-0.000699346535839, 0.0124173071235, -0.00346975773573, 0.00343501125462, -0.0130260316655, 0.00633829040453, -0.00408261734992, 0.00954951532185, -0.00923797022551, 0.0116938930005, -0.00980098452419, 0.00848858524114, -0.00658244779333], [0.00021754798945, -0.00346975773573, 0.0113205192611, -0.00376453832723, 0.00403310637921, -0.0089472681284, 0.0059752385132, -0.00103362638038, -0.00337331625633, 0.00999198108912, -0.0108377691358, 0.00848044641316, -0.00124995631631], [-0.000740471412428, 0.00343501125462, -0.00376453832723, 0.0131236724555, -0.0105136437342, 0.00539305759594, -0.00116962112952, -0.00044212146895, 0.0126000754535, -0.0225371830165, 0.0239888392389, -0.0201430786401, 0.0117175541818], [0.00098328338936, -0.0130260316655, 0.00403310637921, -0.0105136437342, 0.0305411033332, -0.00849231611937, 0.00466353725642, -0.0125049352646, 0.00677887024358, -0.00330932880752, -0.00593554321676, 0.00945617537946, -0.00348220579326], [3.49462206941e-05, 0.00633829040453, -0.0089472681284, 0.00539305759594, -0.00849231611937, 0.0238844044507, -0.0191592145711, 0.0174245834351, -0.0202691033483, 0.0184124018997, -0.0135689005256, 0.00335194775835, -0.00340984854847], [-0.00135535153095, -0.00408261734992, 0.0059752385132, -0.00116962112952, 0.00466353725642, -0.0191592145711, 0.0358667187393, -0.0416874103248, 0.0428303778172, -0.0443030074239, 0.0408961884677, -0.0291410144418, 0.0142863607034], [0.000451559957583, 0.00954951532185, -0.00103362638038, -0.00044212146895, -0.0125049352646, 0.0174245834351, -0.0416874103248, 0.0787094607949, -0.0813478901982, 0.0758341252804, -0.0750200599432, 0.0559365078807, -0.0326062962413], [-0.000173783060745, -0.00923797022551, -0.00337331625633, 0.0126000754535, 0.00677887024358, -0.0202691033483, 0.0428303778172, -0.0813478901982, 0.124169245362, -0.125401735306, 0.114737838507, -0.0881456062198, 0.054733697325], [0.000820550252683, 0.0116938930005, 0.00999198108912, -0.0225371830165, -0.00330932880752, 0.0184124018997, -0.0443030074239, 0.0758341252804, -0.125401735306, 0.169247463346, -0.144767850637, 0.112341731787, -0.0616099238396], [-0.000213256731513, -0.00980098452419, -0.0108377691358, 0.0239888392389, -0.00593554321676, -0.0135689005256, 0.0408961884677, -0.0750200599432, 0.114737838507, -0.144767850637, 0.157153591514, -0.12080141902, 0.0698178038001], [0.00128537311684, 0.00848858524114, 0.00848044641316, -0.0201430786401, 0.00945617537946, 0.00335194775835, -0.0291410144418, 0.0559365078807, -0.0881456062198, 0.112341731787, -0.12080141902, 0.125783249736, -0.0724013149738], [0.00033434573561, -0.00658244779333, -0.00124995631631, 0.0117175541818, -0.00348220579326, -0.00340984854847, 0.0142863607034, -0.0326062962413, 0.054733697325, -0.0616099238396, 0.0698178038001, -0.0724013149738, 0.0604125745595]]
    },
    "melbands": {
        "dmean": [4.51699179393e-06, 1.40372867463e-05, 5.85548514209e-06, 1.72479612957e-05, 6.67464410071e-05, 0.000148094943142, 0.000269089621725, 0.000801752845291, 0.000261077599134, 0.000146430989844, 6.98311196174e-05, 0.000163806864293, 2.5869365345e-05, 4.79517848362e-06, 6.45164755042e-06, 5.64925994695e-06, 1.01625425941e-06, 5.94772984641e-07, 8.11262964362e-07, 1.08877281946e-06, 1.7381792361e-07, 8.99086600725e-08, 1.93784885028e-07, 3.84980047841e-08, 2.59478873943e-08, 2.70220574805e-08, 5.6051305819e-09, 6.86746481904e-09, 2.95088198321e-09, 7.25262161438e-09, 1.13287279557e-09, 3.81748216371e-10, 1.42884579168e-10, 1.05195518962e-10, 3.42857756075e-11, 2.93067341228e-11, 2.32209442647e-11, 2.03644635877e-11, 1.78162155168e-11, 1.57429607545e-11],
        "dmean2": [6.55057829135e-06, 2.37886433752e-05, 9.98490577331e-06, 2.44726325036e-05, 0.000111060617201, 0.000225198411499, 0.000333640462486, 0.00115643104073, 0.000416935683461, 0.000208748489968, 8.66976042744e-05, 0.000177595793502, 2.7275782486e-05, 5.63455614611e-06, 8.51860386319e-06, 7.25807967683e-06, 1.53910048084e-06, 9.01869725567e-07, 1.2682327224e-06, 1.63835602507e-06, 2.16178918322e-07, 1.15723672423e-07, 2.52922006894e-07, 4.72541863417e-08, 3.68533754624e-08, 3.58062592909e-08, 7.49751993823e-09, 8.65352323132e-09, 3.76383502143e-09, 9.69801394746e-09, 1.5052120661e-09, 5.54293666521e-10, 2.02201366761e-10, 1.45519873929e-10, 3.67074912133e-11, 3.10008685389e-11, 2.38486921184e-11, 2.09713409832e-11, 1.8328217416e-11, 1.6201606029e-11],
        "dvar": [6.28440632866e-11, 6.9146299797e-10, 1.28139707178e-10, 2.04727834685e-09, 1.90584685811e-08, 9.68189013406e-08, 2.68433495876e-07, 6.41785482003e-06, 6.04305796514e-07, 2.59873246478e-07, 1.22509149492e-07, 2.23073038796e-06, 5.59631487818e-08, 1.99816940771e-10, 3.31966620859e-10, 2.37301650552e-10, 3.78238794452e-11, 4.39703481958e-12, 4.70910636874e-12, 9.30869270555e-12, 2.61366476422e-13, 9.95880420772e-14, 4.87386986239e-13, 3.38046919016e-14, 1.07043416015e-14, 8.98915832856e-15, 3.89150070556e-16, 4.89827506694e-16, 1.02444102021e-16, 1.05004122784e-15, 5.40882847724e-17, 2.62707103155e-18, 8.28922293032e-19, 5.33264108964e-19, 3.3821507562e-19, 2.54897877107e-19, 1.93479406433e-19, 1.48182026737e-19, 1.14561529234e-19, 8.9393305401e-20],
        "dvar2": [1.220042678e-10, 1.89359772307e-09, 3.31294935929e-10, 4.29937552227e-09, 5.22755776444e-08, 2.08779027844e-07, 5.27238569248e-07, 1.58753264259e-05, 1.57501676767e-06, 6.1628622916e-07, 2.27130755093e-07, 3.61009801964e-06, 7.0870186164e-08, 4.60080362696e-10, 6.4418959056e-10, 4.49468434693e-10, 1.04597490391e-10, 1.05285806115e-11, 1.0309287278e-11, 1.95222640137e-11, 4.90441129548e-13, 2.01748204731e-13, 8.50386384574e-13, 6.27065809217e-14, 2.58803835838e-14, 1.75333126517e-14, 7.9406109492e-16, 9.51423405256e-16, 1.93896111901e-16, 2.15015777298e-15, 1.05529101894e-16, 4.72907138489e-18, 8.44451368261e-19, 4.37571616403e-19, 1.62105337602e-19, 1.21776108063e-19, 9.1689235664e-20, 7.015065451e-20, 5.42286103281e-20, 4.23100233758e-20],
        "max": [0.000162105308846, 0.000301162916003, 0.000157228903845, 0.000805159041192, 0.00238320836797, 0.0036370230373, 0.00553234992549, 0.0546415187418, 0.0113932788372, 0.010437685065, 0.00970174744725, 0.047659534961, 0.0128863714635, 0.000344634696376, 0.000356460863259, 0.000271823199, 0.000169095554156, 4.51390551461e-05, 3.92211914004e-05, 5.38544481969e-05, 1.07628156911e-05, 6.07020683674e-06, 1.39932790262e-05, 4.1310281631e-06, 2.09184236155e-06, 1.62819446814e-06, 3.31995863689e-07, 3.64474487924e-07, 1.26269924294e-07, 5.55592578166e-07, 1.54391656793e-07, 5.66864990503e-08, 4.82550959191e-08, 4.14329761611e-08, 3.62104763951e-08, 3.14233474796e-08, 2.74102180953e-08, 2.39876190022e-08, 2.10918180699e-08, 1.86315674e-08],
        "mean": [6.85416262058e-06, 1.71292631421e-05, 6.98792882758e-06, 9.38297453104e-05, 0.000354868971044, 0.000458119873656, 0.000683115620632, 0.00153599516489, 0.000460685463622, 0.000311107258312, 0.000195794389583, 0.000487300683744, 7.62579511502e-05, 1.45821686601e-05, 1.32082832351e-05, 1.14044914881e-05, 2.4178473268e-06, 1.48984054249e-06, 2.01286547963e-06, 2.60495630755e-06, 4.5314129693e-07, 1.91348476619e-07, 3.79386023042e-07, 7.31425089384e-08, 4.74557921848e-08, 5.06400894551e-08, 1.06931086208e-08, 1.24068701979e-08, 4.57832483036e-09, 9.77109770872e-09, 1.49001833094e-09, 3.94584587227e-10, 1.44626324805e-10, 1.09497515222e-10, 4.34060322407e-11, 3.74244420176e-11, 2.93781249328e-11, 2.57619949678e-11, 2.2563680091e-11, 1.99303646503e-11],
        "median": [2.32084107665e-06, 4.44014767709e-06, 1.85599992619e-06, 1.076112585e-05, 0.000286142720142, 0.000305149762426, 0.000404791411711, 0.00047552169417, 0.000199703281396, 7.67146557337e-05, 2.87174188998e-05, 1.28697920445e-05, 1.81038776645e-05, 7.35215689929e-06, 4.98861572851e-06, 4.16797320213e-06, 7.61756496104e-07, 3.99605283974e-07, 5.98448309574e-07, 6.21708807103e-07, 1.15231443942e-07, 5.40857207909e-08, 3.18539790101e-08, 7.60681473366e-09, 8.78473382926e-09, 4.65286431606e-09, 1.75741832198e-09, 4.9641735167e-10, 1.66184094263e-10, 1.04519046196e-10, 3.79864820155e-11, 2.02227574964e-11, 9.25054390727e-12, 7.89004885732e-12, 5.25709250437e-12, 4.44611838665e-12, 3.59069631667e-12, 3.18473871407e-12, 2.78106812752e-12, 2.45176752164e-12],
        "min": [4.42401912561e-24, 3.67049721679e-24, 8.84401584946e-24, 7.00607801424e-24, 7.28801690177e-24, 8.49976326131e-24, 6.31388806865e-24, 7.1249909071e-24, 9.40516101034e-24, 1.66225930049e-23, 7.26396532163e-24, 6.34694410159e-24, 3.25939182237e-24, 1.76388020453e-23, 1.86832759719e-23, 6.74219299739e-24, 4.21813274023e-24, 8.57197006655e-24, 1.16054352811e-23, 1.18757637138e-23, 8.61138155737e-24, 1.31108903329e-23, 1.41125464673e-23, 1.15151201738e-23, 8.33676251019e-24, 1.11871149648e-23, 1.21890069687e-23, 1.18334515815e-23, 8.86851313601e-24, 6.86616012207e-24, 1.45932530594e-23, 1.00650202806e-23, 7.42231179341e-24, 5.10233616332e-24, 5.00238590891e-24, 1.36631481868e-23, 1.51523850472e-23, 1.2413041888e-23, 8.54877361163e-24, 1.00850360483e-23],
        "var": [1.54047052892e-10, 9.6748409284e-10, 1.71780492608e-10, 2.17118127921e-08, 8.97114560416e-08, 2.46699528361e-07, 6.64770141157e-07, 1.01930627352e-05, 6.80083360294e-07, 3.78544115165e-07, 4.61530675011e-07, 8.88746217242e-06, 2.75936116623e-07, 5.02379859935e-10, 6.51500797755e-10, 5.10583852975e-10, 7.93622667583e-11, 9.97872617869e-12, 1.14920416933e-11, 2.41324842054e-11, 8.3728927654e-13, 2.21159299641e-13, 1.25544865302e-12, 7.6812674602e-14, 1.49734469479e-14, 1.7681274061e-14, 7.94505204882e-16, 1.16353697239e-15, 2.03447453938e-16, 1.63828909257e-15, 8.93292857575e-17, 3.839314559e-18, 1.68755102e-18, 1.1747126887e-18, 8.34352320163e-19, 6.28129472611e-19, 4.7738831708e-19, 3.65533232338e-19, 2.82600104123e-19, 2.20510738273e-19]
    },
    "mfcc": {
        "mean": [-847.818054199, 238.593795776, -4.51298761368, -50.0221786499, -24.6091079712, -30.2074222565, -30.0310211182, -18.2746295929, -8.23409938812, -3.78923034668, -0.492579638958, 6.365254879, 10.5315847397],
        "cov": [[1885.6619873, 663.169799805, -607.880554199, 496.832214355, 180.413116455, -140.53868103, 250.159454346, 75.3181686401, 77.1533966064, 153.907806396, 13.0704364777, -14.9652900696, -84.8597564697], [663.169799805, 410.409118652, -91.9632797241, 101.138130188, 100.049041748, -14.1020946503, 54.1980323792, 31.7901058197, 0.322784811258, 25.1656169891, -2.03004074097, -29.6197528839, -27.4571495056], [-607.880554199, -91.9632797241, 335.048095703, -160.765075684, -29.9645404816, 90.3425445557, -92.0637741089, -40.1247596741, -54.076007843, -83.0172195435, -20.321390152, -5.90652227402, 28.7028083801], [496.832214355, 101.138130188, -160.765075684, 284.558135986, 101.077339172, -43.7483253479, 75.4953460693, -23.8085250854, -6.83636665344, 39.9242935181, 1.85683691502, 24.601140976, -12.2405443192], [180.413116455, 100.049041748, -29.9645404816, 101.077339172, 124.183036804, 5.61801052094, -12.5373849869, -22.5587444305, -38.0706481934, 0.308092296124, 6.61599779129, -0.936368942261, 1.05695569515], [-140.53868103, -14.1020946503, 90.3425445557, -43.7483253479, 5.61801052094, 78.8785400391, 10.5856513977, -12.6212930679, -7.4620308876, -18.8972244263, -9.5687494278, 2.98510837555, 10.5137796402], [250.159454346, 54.1980323792, -92.0637741089, 75.4953460693, -12.5373849869, 10.5856513977, 126.536911011, 61.5577392578, 49.8965110779, 45.0474510193, -1.03266453743, 13.6998500824, 7.68613433838], [75.3181686401, 31.7901058197, -40.1247596741, -23.8085250854, -22.5587444305, -12.6212930679, 61.5577392578, 103.706710815, 73.9957199097, 37.475227356, 11.3954401016, -3.40494441986, 7.6314997673], [77.1533966064, 0.322784811258, -54.076007843, -6.83636665344, -38.0706481934, -7.4620308876, 49.8965110779, 73.9957199097, 104.70275116, 67.6901473999, 13.9338150024, 1.38217246532, -2.3379099369], [153.907806396, 25.1656169891, -83.0172195435, 39.9242935181, 0.308092296124, -18.8972244263, 45.0474510193, 37.475227356, 67.6901473999, 94.8413543701, 48.0993843079, 9.87811279297, -5.13954925537], [13.0704364777, -2.03004074097, -20.321390152, 1.85683691502, 6.61599779129, -9.5687494278, -1.03266453743, 11.3954401016, 13.9338150024, 48.0993843079, 78.7003555298, 42.4537010193, -5.44760370255], [-14.9652900696, -29.6197528839, -5.90652227402, 24.601140976, -0.936368942261, 2.98510837555, 13.6998500824, -3.40494441986, 1.38217246532, 9.87811279297, 42.4537010193, 80.440574646, 39.5965957642], [-84.8597564697, -27.4571495056, 28.7028083801, -12.2405443192, 1.05695569515, 10.5137796402, 7.68613433838, 7.6314997673, -2.3379099369, -5.13954925537, -5.44760370255, 39.5965957642, 83.5382995605]],
