{
"lowlevel": {
    "average_loudness": 0.631235122681,
    "barkbands_crest": {
        "dmean": 1.74286961555,
        "dmean2": 2.74222826958,
        "dvar": 4.22138166428,
        "dvar2": 11.4512805939,
        "max": 26.3670864105,
        "mean": 11.8752031326,
        "median": 11.0170984268,
        "min": 4.1410741806,
        "var": 22.7937316895
    },
    "barkbands_flatness_db": {
        "dmean": 0.0171825159341,
        "dmean2": 0.0260752029717,
        "dvar": 0.00041687398334,
        "dvar2": 0.000883341534063,
        "max": 0.496771365404,
        "mean": 0.27423620224,
        "median": 0.269863665104,
        "min": 0.0844674259424,
        "var": 0.00247638323344
    },
    "barkbands_kurtosis": {
        "dmean": 1.957716465,
        "dmean2": 2.81539416313,
        "dvar": 27.5937995911,
        "dvar2": 49.5893363953,
        "max": 139.3409729,
        "mean": 6.53417348862,
        "median": 3.91376137733,
        "min": -1.59440422058,
        "var": 158.945892334
    },
    "barkbands_skewness": {
        "dmean": 0.29319241643,
        "dmean2": 0.421945333481,
        "dvar": 0.181436881423,
        "dvar2": 0.352767825127,
        "max": 9.86649131775,
        "mean": 2.02350711823,
        "median": 1.88590204716,
        "min": -1.85348784924,
        "var": 1.30964577198
    },
    "barkbands_spread": {
        "dmean": 1.74021828175,
        "dmean2": 2.7044813633,
        "dvar": 6.25596475601,
        "dvar2": 14.203496933,
        "max": 38.3366394043,
        "mean": 9.72022438049,
        "median": 8.83825016022,
        "min": 0.409033000469,
        "var": 26.7161312103
    },
    "dissonance": {
        "dmean": 0.0243117753416,
        "dmean2": 0.0394194237888,
        "dvar": 0.000625617976766,
        "dvar2": 0.00159243762027,
        "max": 0.499996513128,
        "mean": 0.411916673183,
        "median": 0.420955687761,
        "min": 0.191520601511,
        "var": 0.00249865907244
    },
    "dynamic_complexity": 5.95486164093,
    "erbbands_crest": {
        "dmean": 1.54528856277,
        "dmean2": 2.31788349152,
        "dvar": 4.55053806305,
        "dvar2": 9.2013463974,
        "max": 32.0168762207,
        "mean": 11.1480731964,
        "median": 9.69801139832,
        "min": 3.34663486481,
        "var": 32.0667419434
    },
    "erbbands_flatness_db": {
        "dmean": 0.0113135389984,
        "dmean2": 0.0162062682211,
        "dvar": 0.000239600485656,
        "dvar2": 0.000420358759584,
        "max": 0.486908495426,
        "mean": 0.309601008892,
        "median": 0.303561329842,
        "min": 0.104567617178,
        "var": 0.00201528542675
    },
    "erbbands_kurtosis": {
        "dmean": 0.763188481331,
        "dmean2": 1.1104003191,
        "dvar": 5.54191541672,
        "dvar2": 9.12462425232,
        "max": 74.1355285645,
        "mean": 0.936492681503,
        "median": -0.405187010765,
        "min": -1.64637887478,
        "var": 33.8487205505
    },
    "erbbands_skewness": {
        "dmean": 0.248140573502,
        "dmean2": 0.376538306475,
        "dvar": 0.133962035179,
        "dvar2": 0.254123538733,
        "max": 7.56829071045,
        "mean": 0.753876566887,
        "median": 0.635272800922,
        "min": -1.46443533897,
        "var": 1.08015418053
    },
    "erbbands_spread": {
        "dmean": 3.38852262497,
        "dmean2": 4.64308595657,
        "dvar": 18.9070625305,
        "dvar2": 32.5702514648,
        "max": 58.0567932129,
        "mean": 26.1167602539,
        "median": 25.5441474915,
        "min": 1.32087528706,
        "var": 125.447692871
    },
    "hfc": {
        "dmean": 2.65372681618,
        "dmean2": 3.54933929443,
        "dvar": 24.951581955,
        "dvar2": 46.731338501,
        "max": 109.933197021,
        "mean": 9.77395915985,
        "median": 5.75214862823,
        "min": 1.25046666675e-16,
        "var": 139.385360718
    },
    "melbands_crest": {
        "dmean": 2.0588657856,
        "dmean2": 3.09670829773,
        "dvar": 5.98387384415,
        "dvar2": 14.4392356873,
        "max": 34.0341491699,
        "mean": 16.0612468719,
        "median": 14.6982984543,
        "min": 2.14675045013,
        "var": 38.388710022
    },
    "melbands_flatness_db": {
        "dmean": 0.0187268070877,
        "dmean2": 0.026967516169,
        "dvar": 0.000595309538767,
        "dvar2": 0.00118765956722,
        "max": 0.560501754284,
        "mean": 0.342660814524,
        "median": 0.338894784451,
        "min": 0.00578616885468,
        "var": 0.00350541924126
    },
    "melbands_kurtosis": {
        "dmean": 3.0169172287,
        "dmean2": 4.10926008224,
        "dvar": 55.8746566772,
        "dvar2": 86.461730957,
        "max": 222.575088501,
        "mean": 12.3679227829,
        "median": 8.41071128845,
        "min": -1.36696720123,
        "var": 373.476593018
    },
    "melbands_skewness": {
        "dmean": 0.348753422499,
        "dmean2": 0.473322182894,
        "dvar": 0.231429591775,
        "dvar2": 0.407831072807,
        "max": 11.4390077591,
        "mean": 2.57898497581,
        "median": 2.39887046814,
        "min": -1.10480427742,
        "var": 1.87065827847
    },
    "melbands_spread": {
        "dmean": 2.16579580307,
        "dmean2": 3.31961917877,
        "dvar": 15.8424968719,
        "dvar2": 28.5793380737,
        "max": 123.483108521,
        "mean": 11.7504062653,
        "median": 10.4724559784,
        "min": 0.481039702892,
        "var": 50.1411552429
    },
    "pitch_salience": {
        "dmean": 0.0430541113019,
        "dmean2": 0.0653913617134,
        "dvar": 0.00257216696627,
        "dvar2": 0.00599593482912,
        "max": 0.916510999203,
        "mean": 0.517536103725,
        "median": 0.535207211971,
        "min": 0.0591944940388,
        "var": 0.016793500632
    },
    "silence_rate_20dB": {
        "dmean": 0,
        "dmean2": 0,
        "dvar": 0,
        "dvar2": 0,
        "max": 1,
        "mean": 1,
        "median": 1,
        "min": 1,
        "var": 0
    },
    "silence_rate_30dB": {
        "dmean": 0.00206291908398,
        "dmean2": 0.00412796717137,
        "dvar": 0.00205869111232,
        "dvar2": 0.00411084247753,
        "max": 1,
        "mean": 0.99742269516,
        "median": 1,
        "min": 0,
        "var": 0.00257070269436
    },
    "silence_rate_60dB": {
        "dmean": 0.0603403821588,
        "dmean2": 0.12022703886,
        "dvar": 0.0566983632743,
        "dvar2": 0.111963368952,
        "max": 1,
        "mean": 0.277835041285,
        "median": 0,
        "min": 0,
        "var": 0.200637206435
    },
    "spectral_centroid": {
        "dmean": 97.7941055298,
        "dmean2": 147.616012573,
        "dvar": 72502.75,
        "dvar2": 99795.0234375,
        "max": 10770.1220703,
        "mean": 764.668823242,
        "median": 698.201171875,
        "min": 371.265655518,
        "var": 123726.273438
    },
    "spectral_complexity": {
        "dmean": 2.12274360657,
        "dmean2": 2.98245620728,
        "dvar": 10.0385284424,
        "dvar2": 16.2750930786,
        "max": 46,
        "mean": 12.5046396255,
        "median": 12,
        "min": 0,
        "var": 77.8355407715
    },
    "spectral_decrease": {
        "dmean": 1.22096965871e-09,
        "dmean2": 1.65338465141e-09,
        "dvar": 3.51077703126e-18,
        "dvar2": 7.17404398126e-18,
        "max": 5.67736703104e-29,
        "mean": -4.53598181238e-09,
        "median": -3.03628677756e-09,
        "min": -2.94170856563e-08,
        "var": 2.37153343363e-17
    },
    "spectral_energy": {
        "dmean": 0.00483109941706,
        "dmean2": 0.00653922138736,
        "dvar": 5.58472529519e-05,
        "dvar2": 0.000113034504466,
        "max": 0.120604120195,
        "mean": 0.0180063471198,
        "median": 0.0120115149766,
        "min": 1.11278200582e-20,
        "var": 0.000376631767722
    },
    "spectral_energyband_high": {
        "dmean": 2.27200125664e-05,
        "dmean2": 3.06079273287e-05,
        "dvar": 9.90149029434e-09,
        "dvar2": 2.16400568576e-08,
        "max": 0.00262289633974,
        "mean": 3.87451145798e-05,
        "median": 4.48344235338e-06,
        "min": 8.37835652039e-21,
        "var": 1.72520149277e-08
    },
    "spectral_energyband_low": {
        "dmean": 0.000800580775831,
        "dmean2": 0.000816692830995,
        "dvar": 2.82595374301e-06,
        "dvar2": 3.15983402288e-06,
        "max": 0.0269188918173,
        "mean": 0.00241486961022,
        "median": 0.000706386519596,
        "min": 3.67795605442e-23,
        "var": 1.58836955961e-05
    },
    "spectral_energyband_middle_high": {
        "dmean": 0.00071316229878,
        "dmean2": 0.00090638891561,
        "dvar": 2.11740211853e-06,
        "dvar2": 3.81757263312e-06,
        "max": 0.0365870855749,
        "mean": 0.00230395514518,
        "median": 0.00124138128012,
        "min": 1.55521860018e-21,
        "var": 1.00863944681e-05
    },
    "spectral_energyband_middle_low": {
        "dmean": 0.00410143379122,
        "dmean2": 0.00580995017663,
        "dvar": 4.01792349294e-05,
        "dvar2": 9.25706990529e-05,
        "max": 0.0927112922072,
        "mean": 0.0146906077862,
        "median": 0.00994188897312,
        "min": 2.0942367554e-22,
        "var": 0.000246334006079
    },
    "spectral_entropy": {
        "dmean": 0.169849142432,
        "dmean2": 0.249278321862,
        "dvar": 0.0700304210186,
        "dvar2": 0.141482904553,
        "max": 9.79155921936,
        "mean": 6.37944602966,
        "median": 6.46990299225,
        "min": 4.00338840485,
        "var": 0.322841912508
    },
    "spectral_flux": {
        "dmean": 0.0159957576543,
        "dmean2": 0.0242975074798,
        "dvar": 0.000602416694164,
        "dvar2": 0.00141029478982,
        "max": 0.280179381371,
        "mean": 0.0358271412551,
        "median": 0.0273323003203,
        "min": 1.05488486002e-10,
        "var": 0.00118156359531
    },
    "spectral_kurtosis": {
        "dmean": 10.5566825867,
        "dmean2": 18.6406345367,
        "dvar": 86.8534393311,
        "dvar2": 246.434738159,
        "max": 84.0537185669,
        "mean": 18.7564029694,
        "median": 14.6226015091,
        "min": -1.198554039,
        "var": 221.789764404
    },
    "spectral_rms": {
        "dmean": 0.000538650492672,
        "dmean2": 0.00068171066232,
        "dvar": 5.05379773585e-07,
        "dvar2": 9.05368096937e-07,
        "max": 0.0108472369611,
        "mean": 0.00352473789826,
        "median": 0.00342323677614,
        "min": 3.29490666522e-12,
        "var": 5.14339262736e-06
    },
    "spectral_rolloff": {
        "dmean": 144.657485962,
        "dmean2": 241.564544678,
        "dvar": 239178.9375,
        "dvar2": 327357.78125,
        "max": 18863.0859375,
        "mean": 778.102539062,
        "median": 602.9296875,
        "min": 236.865234375,
        "var": 330462.21875
    },
    "spectral_skewness": {
        "dmean": 0.832615792751,
        "dmean2": 1.46403229237,
        "dvar": 0.509230494499,
        "dvar2": 1.38561892509,
        "max": 7.45818042755,
        "mean": 2.40385842323,
        "median": 2.10538768768,
        "min": 0.00918360427022,
        "var": 1.54603827
    },
    "spectral_spread": {
        "dmean": 257997.96875,
        "dmean2": 419008.1875,
        "dvar": 998532907008,
        "dvar2": 998061834240,
        "max": 41041488,
        "mean": 1861122.875,
        "median": 1793904.75,
        "min": 822636.5625,
        "var": 1.26382689485e+12
    },
    "spectral_strongpeak": {
        "dmean": 0.235252425075,
        "dmean2": 0.368355870247,
        "dvar": 0.12345418334,
        "dvar2": 0.307560831308,
        "max": 3.96953940392,
        "mean": 0.89804571867,
        "median": 0.646095633507,
        "min": 5.94291371669e-09,
        "var": 0.567279160023
    },
    "zerocrossingrate": {
        "dmean": 0.00338875758462,
        "dmean2": 0.00423555029556,
        "dvar": 0.000133044450195,
        "dvar2": 0.000142875491292,
        "max": 0.50244140625,
        "mean": 0.0325623191893,
        "median": 0.03125,
        "min": 0.0078125,
        "var": 0.000197864574147
    },
    "barkbands": {
        "dmean": [3.00148803944e-06, 3.34393225785e-05, 0.000306057918351, 0.000678145734128, 0.00122497021221, 0.00141965353396, 0.00141751673073, 0.000375910720322, 0.000180496062967, 7.6733485912e-05, 5.54110229132e-05, 0.000116219533083, 0.000105880804767, 0.000105123901449, 0.00011778876069, 0.000138576113386, 0.000109560016426, 0.000100224970083, 7.36510919523e-05, 1.86358138308e-05, 1.18402886073e-05, 2.72619467978e-06, 9.99084932118e-07, 1.46605884765e-07, 1.39708822289e-08, 2.75923994764e-09, 2.85465850958e-09],
        "dmean2": [4.2560827751e-06, 4.64356126031e-05, 0.000343415595125, 0.000687934749294, 0.00158671080135, 0.00245810556225, 0.00228298432194, 0.000479654117953, 0.000236177627812, 0.000104868049675, 7.58548922022e-05, 0.000172870059032, 0.000155084140715, 0.000146285892697, 0.000154792127432, 0.000214027459151, 0.000166565732798, 0.000146013800986, 0.000109633147076, 2.64587979473e-05, 1.64169705386e-05, 3.97016265197e-06, 1.4502296608e-06, 2.45615495942e-07, 2.36368684625e-08, 4.53781634491e-09, 4.69315297735e-09],
        "dvar": [1.88302096138e-10, 3.08214076483e-08, 4.54483114254e-07, 1.98302905119e-06, 8.47693445394e-06, 1.367900677e-05, 1.06313646029e-05, 1.94326457859e-06, 2.61871377916e-07, 2.48459350871e-08, 1.5080978244e-08, 1.39655597309e-07, 4.32757296664e-08, 7.74793562641e-08, 6.47962536959e-08, 1.14041050381e-07, 1.14088003045e-07, 6.15947968186e-08, 7.58212763685e-08, 4.20544665758e-09, 3.48766682201e-09, 1.3279845279e-10, 2.92888942266e-11, 1.54641848372e-12, 1.46447320958e-14, 3.92134157041e-15, 4.47278415951e-15],
        "dvar2": [4.81696904586e-10, 5.88896398312e-08, 6.07852030043e-07, 1.99255350708e-06, 1.55379002535e-05, 4.75129018014e-05, 2.69159463642e-05, 3.81643121727e-06, 4.47481454557e-07, 4.91104934497e-08, 2.88057364628e-08, 3.27971520164e-07, 8.7409766536e-08, 1.30395378051e-07, 1.31036500761e-07, 2.9862465567e-07, 2.29528382079e-07, 1.25986900912e-07, 1.87207447766e-07, 8.30624014014e-09, 7.52137907511e-09, 3.01773106504e-10, 6.56961360312e-11, 3.6377337774e-12, 4.03195407834e-14, 1.02319775848e-14, 1.16707790892e-14],
        "max": [0.000487359997351, 0.00453204661608, 0.0125111732632, 0.0258059166372, 0.0637017264962, 0.0469827800989, 0.065007135272, 0.0360505916178, 0.00853486265987, 0.00361564871855, 0.00290841562673, 0.0108014065772, 0.00308657740243, 0.00953576993197, 0.00380288157612, 0.00651245610788, 0.00830182153732, 0.00469045620412, 0.00782763212919, 0.00140252849087, 0.00179606047459, 0.00019411444373, 0.000127534978674, 3.10103641823e-05, 3.03140336655e-06, 2.24472069021e-06, 2.39751693698e-06],
        "mean": [5.56252825845e-06, 8.2007223682e-05, 0.000914483971428, 0.00196901033632, 0.00358525267802, 0.00318696629256, 0.00384991872124, 0.00136757828295, 0.000660943624098, 0.000223004084546, 0.000190270351595, 0.000282276159851, 0.000269156880677, 0.000216400920181, 0.00027058343403, 0.00030364189297, 0.000203450836125, 0.000215578882489, 0.0001478036138, 3.80039709853e-05, 1.92564712052e-05, 3.64786887985e-06, 1.38026553032e-06, 1.57791603783e-07, 1.46378154042e-08, 2.62573673915e-09, 2.79917911072e-09],
        "median": [3.76227603738e-07, 2.64396226157e-06, 0.000221874070121, 0.000576376682147, 0.00111945695244, 0.000697220442817, 0.00108248321339, 0.000315654993756, 0.000138439703733, 0.000109994289232, 6.6262728069e-05, 8.05291492725e-05, 0.000103571976069, 8.27654876048e-05, 0.000106569939817, 0.000117455238069, 4.85169002786e-05, 6.76235358696e-05, 3.74790033675e-05, 5.43733403902e-06, 1.60448325914e-06, 1.3698924306e-07, 3.6545721116e-08, 3.26683258223e-09, 1.16646492465e-09, 7.84354192707e-10, 7.84293463507e-10],
        "min": [3.38244071294e-24, 1.69923321112e-23, 1.66222111962e-23, 5.88856385084e-24, 7.14128009593e-23, 2.44114332407e-23, 5.54198767289e-23, 2.63957513166e-23, 2.15678152916e-23, 1.00468163686e-22, 1.24153731298e-22, 6.4451703005e-23, 7.98222917118e-23, 7.7284620843e-23, 2.03507092533e-22, 1.41489296789e-22, 1.4139050616e-22, 2.76625549609e-22, 2.55753476503e-22, 2.64539720913e-22, 5.62719601025e-22, 6.70257977906e-22, 5.53282502192e-22, 9.30892218871e-22, 1.15601893435e-21, 1.81764720309e-21, 2.72394251174e-21],
        "var": [5.95743010479e-10, 1.11231244659e-07, 2.52252016253e-06, 1.12286761578e-05, 3.46173474099e-05, 3.22696359945e-05, 3.4384909668e-05, 9.97003735392e-06, 1.69306531461e-06, 1.15848912685e-07, 8.6830318935e-08, 3.21630949429e-07, 1.63637153605e-07, 2.24777195967e-07, 1.90240726283e-07, 3.05154372882e-07, 2.52827277336e-07, 1.75691411641e-07, 1.73322803221e-07, 1.1604099015e-08, 5.82592729614e-09, 1.75179662443e-10, 4.27622104393e-11, 1.72283563284e-12, 1.11614547899e-14, 2.80361044574e-15, 3.19847137125e-15]
    },
    "erbbands": {
        "dmean": [0.000266983057372, 0.0126350531355, 0.230810835958, 1.74381291866, 2.90803217888, 4.99828624725, 5.54753541946, 11.927942276, 21.1249237061, 12.0018787384, 8.7368555069, 3.42218470573, 3.12533926964, 2.97133350372, 1.82967567444, 5.55474185944, 4.86414718628, 6.14954805374, 6.07494258881, 5.31704092026, 9.19884109497, 4.5419921875, 4.36052513123, 4.66668462753, 2.77086138725, 0.994612216949, 0.554953634739, 0.416049927473, 0.108455844223, 0.0551877096295, 0.0206720847636, 0.00751799205318, 0.000837449566461, 0.000282860070001, 3.99540913349e-05, 1.35099489853e-05, 6.07803804087e-06, 2.04736011256e-06, 2.7017431421e-06, 5.52551910005e-06],
        "dmean2": [0.000362071499694, 0.0164059754461, 0.261831313372, 1.73007309437, 3.85164761543, 6.13644933701, 9.22662258148, 20.6114120483, 33.7105865479, 18.5500240326, 11.1404342651, 4.47079324722, 4.12637805939, 3.94140148163, 2.56206703186, 8.16704845428, 7.11450719833, 8.48257637024, 7.92034196854, 7.08962059021, 14.7392950058, 6.73676586151, 6.38441181183, 6.70881175995, 3.85077428818, 1.36554169655, 0.782449364662, 0.589956223965, 0.153879135847, 0.0796503648162, 0.030378209427, 0.0120090544224, 0.00133022782393, 0.000472424464533, 6.43883977318e-05, 2.13675848499e-05, 9.41569578572e-06, 3.20681601806e-06, 3.68823725694e-06, 7.471466688e-06],
        "dvar": [1.12197801627e-06, 0.00330324983224, 0.320897728205, 12.8890323639, 34.9395141602, 178.070541382, 169.452194214, 1146.96496582, 2209.31225586, 917.996337891, 607.49786377, 73.3884887695, 88.3852005005, 32.6106719971, 18.1216220856, 346.049743652, 94.0055923462, 162.646286011, 226.609863281, 131.684051514, 459.206115723, 149.031066895, 105.169334412, 162.413909912, 129.177642822, 13.1134567261, 5.1332988739, 6.04477357864, 0.204965978861, 0.095668874681, 0.0156210083514, 0.00350182713009, 4.0391645598e-05, 5.2213545132e-06, 2.43108445375e-07, 6.21368130282e-08, 1.34582949229e-08, 1.71865743859e-09, 1.05415710883e-10, 7.54807882863e-11],
        "dvar2": [2.06043614526e-06, 0.00605120137334, 0.445488512516, 13.0649280548, 65.7771530151, 311.687683105, 553.210266113, 3984.75561523, 5412.30566406, 2088.45019531, 1074.43359375, 145.094055176, 157.706420898, 58.9699516296, 39.7044792175, 807.095153809, 191.723068237, 297.318267822, 417.060791016, 247.63041687, 1346.72265625, 295.93963623, 211.644363403, 330.49822998, 309.510955811, 28.4112625122, 10.4214029312, 14.2020587921, 0.454370111227, 0.22021228075, 0.0369969084859, 0.00844846200198, 9.31675313041e-05, 1.39305257107e-05, 6.39551444692e-07, 1.62104072388e-07, 3.51133486731e-08, 4.48398607134e-09, 2.6576496559e-10, 1.51133675019e-10],
        "max": [0.0362997166812, 1.51685082912, 12.7475881577, 61.3175888062, 90.8279800415, 317.153625488, 204.019363403, 457.076721191, 943.609130859, 576.503295898, 713.150390625, 182.345932007, 188.657913208, 133.845443726, 147.549743652, 545.930297852, 144.952392578, 276.448547363, 432.958404541, 242.297363281, 355.734954834, 291.984527588, 175.00769043, 324.65423584, 277.168182373, 94.2955856323, 56.0752105713, 66.0166625977, 8.84357261658, 6.81472110748, 2.83630514145, 1.34555804729, 0.149637892842, 0.0608600750566, 0.01615691185, 0.00893753767014, 0.00416250806302, 0.00148695579264, 0.000350510352291, 0.000145787285874],
        "mean": [0.000741033232771, 0.0369706116617, 0.747651696205, 5.13935804367, 8.14773082733, 14.0860204697, 13.070394516, 26.5539875031, 60.7467460632, 32.2691917419, 35.7400360107, 13.7504482269, 10.0930528641, 9.7782125473, 6.21470832825, 13.8738002777, 12.9312992096, 13.64564991, 13.3476066589, 14.8000707626, 16.7913398743, 9.6971912384, 10.2463302612, 9.55847454071, 5.83761024475, 1.98991072178, 0.975286245346, 0.627288758755, 0.152835220098, 0.0761400833726, 0.0269925631583, 0.00832026917487, 0.000970472057816, 0.000323109241435, 5.13835220772e-05, 2.22216876864e-05, 1.11601921162e-05, 3.32106424139e-06, 9.340975339e-06, 2.0583604055e-05],
        "median": [0.000167637088452, 0.00424378458411, 0.179822459817, 1.51177608967, 2.85893034935, 3.27137899399, 5.82150554657, 4.60718536377, 17.4466323853, 9.78202629089, 10.0939035416, 5.12993955612, 3.25433015823, 5.22796630859, 3.09631967545, 4.05992507935, 5.09174776077, 6.30002880096, 5.22265529633, 6.5449385643, 6.63510322571, 2.65474081039, 3.51732444763, 2.96523690224, 1.04519677162, 0.338505327702, 0.128917306662, 0.0390120670199, 0.00722500262782, 0.00253767007962, 0.000724131241441, 0.000151947810082, 4.45449441031e-05, 2.39370310737e-05, 1.69058621395e-05, 1.12497000373e-05, 5.69608437218e-06, 1.46697948367e-06, 5.97066173214e-06, 1.35031132231e-05],
        "min": [9.11494066103e-22, 2.40249156309e-21, 1.20231784478e-20, 2.21771581246e-20, 7.6891892159e-20, 3.13716570816e-19, 2.42398169925e-19, 1.81768609835e-19, 5.65062999662e-19, 1.00873807161e-18, 4.47615398497e-19, 4.92022899875e-19, 1.5724346723e-18, 5.32128265906e-18, 3.95180243691e-18, 3.17996827235e-18, 3.01439070196e-18, 4.21889285285e-18, 7.7478500732e-18, 9.57326894026e-18, 9.10966067671e-18, 9.29581353766e-18, 1.52090622118e-17, 1.33740149624e-17, 1.09327758458e-17, 1.26877975068e-17, 2.79449139491e-17, 1.76056327482e-17, 2.12733052622e-17, 2.27637920818e-17, 1.59961510344e-17, 1.96516143626e-17, 1.44267065167e-17, 1.30667521065e-17, 8.45319029025e-18, 6.13866531725e-18, 3.38616454673e-18, 1.57875898507e-18, 3.66870576593e-19, 4.04231888556e-20],
        "var": [5.49345531908e-06, 0.0140150850639, 1.9769166708, 73.4114608765, 150.215454102, 712.812805176, 430.412994385, 2475.74951172, 8552.91796875, 3390.828125, 4834.4375, 491.19909668, 482.711578369, 160.638763428, 100.599250793, 804.213684082, 378.347229004, 502.983093262, 658.29284668, 569.12701416, 833.823608398, 390.999053955, 327.340637207, 459.391662598, 315.405761719, 31.201751709, 10.0716667175, 8.24442768097, 0.294244498014, 0.132195100188, 0.0189482849091, 0.003619894851, 4.62739553768e-05, 4.3458012442e-06, 1.76291138132e-07, 4.46439756274e-08, 9.68014912672e-09, 1.23382648543e-09, 1.62945601456e-10, 4.99106866947e-10]
    },
    "gfcc": {
        "mean": [-168.284912109, 198.285339355, -180.848205566, -3.91038894653, -33.2646865845, -53.255771637, -30.3586578369, -24.3621501923, -15.4730644226, -16.7370357513, -9.89885997772, -17.9686737061, -13.168545723],
        "cov": [[12484.8554688, 1021.44714355, -1256.94970703, 2419.65893555, -442.149597168, -678.962646484, 834.212890625, -1206.13793945, 378.028076172, -497.254211426, 10.1150226593, -140.294616699, -152.901000977], [1021.44714355, 713.834899902, 70.745513916, 156.079147339, 323.920349121, -133.201309204, 118.618812561, -135.278869629, -134.877990723, -121.330871582, -39.7260437012, -62.5041809082, -58.7063217163], [-1256.94970703, 70.745513916, 428.787841797, -131.948287964, 146.225143433, 125.916351318, -122.214027405, 134.161514282, -52.7921447754, 18.2783679962, -1.74735665321, -6.72436666489, -16.0824699402], [2419.65893555, 156.079147339, -131.948287964, 752.480712891, -21.1461105347, -48.0105171204, 196.944000244, -217.713516235, 40.6989593506, -150.518737793, -5.74485874176, -53.7633781433, -52.7165336609], [-442.149597168, 323.920349121, 146.225143433, -21.1461105347, 387.156555176, 42.1617507935, 0.677649140358, 49.9802131653, -156.181365967, -64.8089065552, -36.1744155884, -40.1358528137, -29.8985176086], [-678.962646484, -133.201309204, 125.916351318, -48.0105171204, 42.1617507935, 258.573242188, -53.2402954102, 74.8088912964, -36.6089134216, -13.5328226089, 9.91050052643, 6.27783632278, 13.3419780731], [834.212890625, 118.618812561, -122.214027405, 196.944000244, 0.677649140358, -53.2402954102, 195.845413208, -45.5478820801, 15.2178668976, -20.444393158, -8.99897289276, -30.7040367126, -22.650182724], [-1206.13793945, -135.278869629, 134.161514282, -217.713516235, 49.9802131653, 74.8088912964, -45.5478820801, 220.498046875, 14.458741188, 71.8757781982, 4.62418317795, -6.31395959854, 8.08040046692], [378.028076172, -134.877990723, -52.7921447754, 40.6989593506, -156.181365967, -36.6089134216, 15.2178668976, 14.458741188, 197.533081055, 69.7417755127, 13.2823848724, 17.6702461243, -0.0550415292382], [-497.254211426, -121.330871582, 18.2783679962, -150.518737793, -64.8089065552, -13.5328226089, -20.444393158, 71.8757781982, 69.7417755127, 118.481674194, 25.0711364746, 18.8560523987, 14.7670345306], [10.1150226593, -39.7260437012, -1.74735665321, -5.74485874176, -36.1744155884, 9.91050052643, -8.99897289276, 4.62418317795, 13.2823848724, 25.0711364746, 59.9771461487, 31.1280860901, 10.3856296539], [-140.294616699, -62.5041809082, -6.72436666489, -53.7633781433, -40.1358528137, 6.27783632278, -30.7040367126, -6.31395959854, 17.6702461243, 18.8560523987, 31.1280860901, 98.3927841187, 36.1799964905], [-152.901000977, -58.7063217163, -16.0824699402, -52.7165336609, -29.8985176086, 13.3419780731, -22.650182724, 8.08040046692, -0.0550415292382, 14.7670345306, 10.3856296539, 36.1799964905, 68.1161346436]],
        "icov": [[0.000955275027081, -0.00173749204259, 0.0017597094411, -0.00203155935742, 0.00105332571547, -0.000138787712785, 0.000494491832796, 0.000972097855993, -0.00158784235828, 0.000501325470395, -0.000858642510138, 0.000455105764559, -0.000192087420146], [-0.00173749204259, 0.0110257780179, -0.00740607827902, 0.00681947916746, -0.00850552879274, 0.00448802905157, -0.00745591521263, 0.00580778345466, -0.000121541881526, 0.00519577832893, -0.00252414843999, 0.00203507533297, -0.000471637991723], [0.0017597094411, -0.00740607827902, 0.00991134345531, -0.00633790018037, 0.0042716874741, -0.00355788320303, 0.00728531461209, -0.00426277192309, -0.000579137471505, -0.00394474761561, 0.00114095734898, -0.00117808254436, 0.00180872296914], [-0.00203155935742, 0.00681947916746, -0.00633790018037, 0.00954945664853, -0.00503423716873, 0.00167916703504, -0.00682408828288, 0.00362017913722, -0.000750925624743, 0.00629763212055, -0.00246407371014, 0.00187410297804, -1.15613056551e-05], [0.00105332571547, -0.00850552879274, 0.0042716874741, -0.00503423716873, 0.0116410618648, -0.0032595875673, 0.00522594386712, -0.00682278675959, 0.00422212667763, -0.00352410320193, 0.00409502070397, -0.00224183523096, 0.00177535694093], [-0.000138787712785, 0.00448802905157, -0.00355788320303, 0.00167916703504, -0.0032595875673, 0.00755224004388, -0.00302775320597, 0.00187763001304, -0.00080723798601, 0.00523886969313, -0.00324336299673, 0.00141694617923, -0.00151803006884], [0.000494491832796, -0.00745591521263, 0.00728531461209, -0.00682408828288, 0.00522594386712, -0.00302775320597, 0.0153503213078, -0.00778780458495, 0.0030154210981, -0.00814820919186, 0.00439584907144, -0.00178393325768, 0.00208412809297], [0.000972097855993, 0.00580778345466, -0.00426277192309, 0.00362017913722, -0.00682278675959, 0.00187763001304, -0.00778780458495, 0.0184021536261, -0.00712641235441, 0.00404508039355, -0.00583326257765, 0.00577355036512, -0.00221224757843], [-0.00158784235828, -0.000121541881526, -0.000579137471505, -0.000750925624743, 0.00422212667763, -0.00080723798601, 0.0030154210981, -0.00712641235441, 0.015203894116, -0.0106257926673, 0.00663800584152, -0.00449032662436, 0.00316136400215], [0.000501325470395, 0.00519577832893, -0.00394474761561, 0.00629763212055, -0.00352410320193, 0.00523886969313, -0.00814820919186, 0.00404508039355, -0.0106257926673, 0.0276583358645, -0.0117294462398, 0.00448596570641, -0.00281550572254], [-0.000858642510138, -0.00252414843999, 0.00114095734898, -0.00246407371014, 0.00409502070397, -0.00324336299673, 0.00439584907144, -0.00583326257765, 0.00663800584152, -0.0117294462398, 0.0270625744015, -0.00959719251841, 0.00236551952548], [0.000455105764559, 0.00203507533297, -0.00117808254436, 0.00187410297804, -0.00224183523096, 0.00141694617923, -0.00178393325768, 0.00577355036512, -0.00449032662436, 0.00448596570641, -0.00959719251841, 0.0175763722509, -0.00744046270847], [-0.000192087420146, -0.000471637991723, 0.00180872296914, -1.15613056551e-05, 0.00177535694093, -0.00151803006884, 0.00208412809297, -0.00221224757843, 0.00316136400215, -0.00281550572254, 0.00236551952548, -0.00744046270847, 0.0204975772649]]
    },
    "melbands": {
        "dmean": [5.18236083735e-06, 8.43059679028e-05, 0.000287303089863, 0.000326217821566, 0.000171606734511, 0.00027506519109, 0.000337705714628, 0.00011589252972, 6.77797361277e-05, 2.1640680643e-05, 1.55728212121e-05, 1.21005232359e-05, 6.46852913633e-06, 1.21209759527e-05, 1.07095756903e-05, 1.31210308609e-05, 1.12404313768e-05, 8.83303619048e-06, 8.16605461296e-06, 7.82493316365e-06, 1.20247250379e-05, 5.75804551772e-06, 3.74204273612e-06, 5.49372680325e-06, 3.94526659875e-06, 2.18936429519e-06, 1.40015504257e-06, 5.59649038223e-07, 3.91766832308e-07, 3.06921094761e-07, 1.9283655206e-07, 6.69902533446e-08, 3.23024558213e-08, 3.09720427083e-08, 1.20931513692e-08, 9.49308276432e-09, 2.45779507857e-09, 4.82626327791e-10, 3.66332492119e-10, 1.79152623292e-10],
        "dmean2": [7.29154817236e-06, 9.80517215794e-05, 0.000300784333376, 0.000414088863181, 0.000275149242952, 0.000471810897579, 0.000546249444596, 0.000176786852535, 8.65192778292e-05, 2.84481920971e-05, 2.06218683161e-05, 1.61339648912e-05, 8.78406990523e-06, 1.80635106517e-05, 1.60377367138e-05, 1.87463901966e-05, 1.57053254952e-05, 1.16375522339e-05, 1.05274129965e-05, 1.09404718387e-05, 1.95365519176e-05, 8.61951320985e-06, 5.86840496908e-06, 7.93472736405e-06, 5.82422899242e-06, 3.17022181662e-06, 1.92971720026e-06, 8.17888292204e-07, 5.69766314129e-07, 4.41481631697e-07, 2.77783357205e-07, 9.76722702717e-08, 4.68797800579e-08, 4.63673330842e-08, 1.81968751178e-08, 1.48131169553e-08, 4.05378441926e-09, 7.61415319683e-10, 6.21573903459e-10, 3.025835138e-10],
        "dvar": [6.72477629138e-10, 4.74212598078e-08, 2.95204728218e-07, 6.38484834781e-07, 1.44683724557e-07, 5.80084645208e-07, 5.46056696749e-07, 1.03904838511e-07, 3.58748053486e-08, 3.81090936585e-09, 2.25110818874e-09, 5.65407831665e-10, 2.23826610024e-10, 1.67803360096e-09, 8.09789013623e-10, 6.61704524507e-10, 5.95754889865e-10, 6.46393438775e-10, 3.02217806336e-10, 3.42408629228e-10, 8.01795074779e-10, 3.34959504578e-10, 9.70110450305e-11, 1.986114051e-10, 1.21927926089e-10, 9.06175551263e-11, 3.19793080905e-11, 4.32700403286e-12, 2.28077474441e-12, 3.37093352364e-12, 1.00674785349e-12, 7.37871000194e-14, 2.57171417002e-14, 3.09463961618e-14, 4.68865982348e-15, 6.13090197574e-15, 3.52502025423e-16, 1.30760024672e-17, 9.04682969174e-18, 2.82353593961e-18],
        "dvar2": [1.27181609688e-09, 7.07052905113e-08, 3.05525077238e-07, 1.16061517019e-06, 4.47092588729e-07, 1.98479392566e-06, 1.37033202918e-06, 2.29729295143e-07, 6.37152695049e-08, 7.30132221349e-09, 3.98819999248e-09, 1.01816388653e-09, 4.14746459398e-10, 3.96172783468e-09, 1.98316296718e-09, 1.23782195605e-09, 1.10359976713e-09, 1.0808206552e-09, 5.54066514891e-10, 6.72599642648e-10, 2.25498864026e-09, 6.60881516179e-10, 2.33329328081e-10, 4.06970096511e-10, 2.59304855366e-10, 2.21679327672e-10, 7.6124301307e-11, 1.00158475264e-11, 4.63403360823e-12, 7.78663938883e-12, 2.3465027664e-12, 1.66318930741e-13, 5.85597718862e-14, 7.02899855833e-14, 1.11186160986e-14, 1.5132045397e-14, 8.16666551397e-16, 2.98544372321e-17, 2.20817138379e-17, 7.65016996903e-18],
        "max": [0.000727760256268, 0.0050948522985, 0.00925579946488, 0.017885517329, 0.00569235347211, 0.0104356436059, 0.0145123181865, 0.00719996308908, 0.00557385850698, 0.00114294141531, 0.000956899602897, 0.000592982862145, 0.000409902189858, 0.00121486803982, 0.000726166996174, 0.00039981547161, 0.000552839774173, 0.000911060953513, 0.000330499839038, 0.000512661354151, 0.000418704730691, 0.000459217873868, 0.000197595945792, 0.000300989893731, 0.000272391975159, 0.000308812770527, 0.000146081176354, 5.25497889612e-05, 3.49567853846e-05, 5.50035802007e-05, 2.51984220085e-05, 4.58632530353e-06, 2.78373704532e-06, 3.93034042645e-06, 1.4708642766e-06, 1.65383664807e-06, 4.23122315851e-07, 7.87074796449e-08, 6.72656739198e-08, 4.9688150483e-08],
        "mean": [1.27641960717e-05, 0.000262976391241, 0.0008514978108, 0.000913535419386, 0.000432116183219, 0.000623743399046, 0.000941732898355, 0.000309383816784, 0.000276206090348, 7.95786691015e-05, 4.88325422339e-05, 3.82732068829e-05, 2.23697606998e-05, 2.96470116155e-05, 2.75979509752e-05, 3.18525417242e-05, 2.35434144997e-05, 1.84788659681e-05, 2.05181640922e-05, 1.99787609745e-05, 2.0216595658e-05, 1.08627791633e-05, 8.07280503068e-06, 1.0841801668e-05, 7.70969018049e-06, 4.48174341727e-06, 2.86852719e-06, 9.94686843114e-07, 6.64897754632e-07, 4.74049841159e-07, 2.84462117861e-07, 9.18156075613e-08, 3.89505636633e-08, 4.30748627878e-08, 1.54500998661e-08, 1.00223855881e-08, 2.71010169861e-09, 5.31218735667e-10, 4.00923044763e-10, 1.83278323074e-10],
        "median": [7.37758170999e-07, 5.56943668926e-05, 0.000374767259927, 0.00019633420743, 0.000188711521332, 0.000104040962469, 0.000265945738647, 9.11388196982e-05, 7.45621946407e-05, 2.17591568799e-05, 1.43314337038e-05, 1.97896479222e-05, 8.73073258845e-06, 9.0097228167e-06, 1.23601639643e-05, 1.07235509859e-05, 8.83212669578e-06, 6.04641263635e-06, 8.09750054032e-06, 7.96199310571e-06, 6.79333425069e-06, 2.31263675232e-06, 2.49506206274e-06, 3.21857623931e-06, 2.23637425734e-06, 7.91767149622e-07, 4.30448437783e-07, 1.46905534848e-07, 8.62922604483e-08, 3.36718066762e-08, 1.53590171692e-08, 3.79645781479e-09, 1.42733314057e-09, 1.14025189291e-09, 3.22033372191e-10, 1.03099376259e-10, 5.29609342492e-11, 2.41780033494e-11, 1.41037528878e-11, 1.03687405884e-11],
        "min": [6.16863274359e-24, 5.39703053725e-24, 4.80553908065e-24, 1.4401244315e-23, 1.02110975987e-23, 4.01014680156e-24, 1.01936432623e-23, 1.02722493072e-23, 2.96430005975e-24, 3.17536137266e-24, 8.12403827849e-24, 2.1443722738e-23, 1.3028994738e-23, 9.43495155356e-24, 6.10424433878e-24, 8.32404449467e-24, 7.37721655977e-24, 1.13100329045e-23, 1.50395574274e-23, 9.82417079103e-24, 1.04550173349e-23, 8.38316409749e-24, 1.55249672082e-23, 1.00132544391e-23, 1.14576272022e-23, 8.29610777458e-24, 7.49554332897e-24, 7.98112271487e-24, 1.80622389134e-23, 1.14215423378e-23, 9.85605733768e-24, 1.01625755533e-23, 1.55571243341e-23, 1.0923626745e-23, 8.66876645506e-24, 1.09480285794e-23, 1.21042525419e-23, 1.10967107162e-23, 7.50973414779e-24, 1.20292429138e-23],
        "var": [2.63671240397e-09, 2.64357311153e-07, 1.66674556112e-06, 2.6073812478e-06, 4.15716300495e-07, 1.4416709746e-06, 1.98739667212e-06, 3.59067598765e-07, 2.83246748722e-07, 2.17991296125e-08, 1.23700161225e-08, 2.70945887948e-09, 1.39747569072e-09, 3.77908992988e-09, 1.93040650132e-09, 2.54320520199e-09, 1.83854498292e-09, 1.85993864754e-09, 1.07588193909e-09, 1.2122755022e-09, 1.41536871112e-09, 7.60314755599e-10, 2.52330073502e-10, 5.05255559613e-10, 3.20427878675e-10, 2.34824354406e-10, 6.93946219932e-11, 8.42282060071e-12, 4.48753057283e-12, 4.78654268998e-12, 1.40406653318e-12, 1.03340648755e-13, 3.07202891868e-14, 4.62610771088e-14, 5.86976256514e-15, 5.8283320661e-15, 4.08037184744e-16, 1.5648963479e-17, 8.66193593527e-18, 2.1551254078e-18]
    },
    "mfcc": {
        "mean": [-776.442260742, 196.334915161, -54.7306365967, 18.6947841644, -0.567410111427, -22.6693134308, -17.0581798553, -17.1897010803, -15.3844871521, -9.41728115082, -6.61266565323, -7.64992904663, -5.66640853882],
        "cov": [[10352.8652344, 1959.48986816, -1988.83630371, 2515.96801758, -820.409606934, 305.474731445, 96.1538772583, -189.679153442, -203.31993103, -264.757965088, -35.2206611633, -200.878326416, -250.957702637], [1959.48986816, 992.285583496, -370.884185791, 416.892272949, 97.4483718872, -67.1763458252, 164.481048584, -41.0726737976, -105.98815155, -92.5290985107, -32.2988357544, -122.328109741, -139.147918701], [-1988.83630371, -370.884185791, 609.397705078, -420.391693115, 182.578308105, 20.8854560852, -37.4439811707, 76.900642395, 26.5434856415, 71.9809341431, 14.1381397247, 26.554523468, 52.5370979309], [2515.96801758, 416.892272949, -420.391693115, 807.897827148, -165.405853271, 84.5090637207, 63.4833755493, -25.237739563, -30.3998966217, -37.5175132751, 2.72817492485, -48.5969047546, -37.2890167236], [-820.409606934, 97.4483718872, 182.578308105, -165.405853271, 355.62677002, -12.540760994, 91.8014755249, 81.0626068115, -34.2324981689, 10.9369249344, -36.337310791, -51.6120376587, -45.7098693848], [305.474731445, -67.1763458252, 20.8854560852, 84.5090637207, -12.540760994, 195.510986328, 12.2984399796, 47.0810966492, 6.165558815, -11.2117395401, 3.76097941399, -24.6977920532, -13.8477783203], [96.1538772583, 164.481048584, -37.4439811707, 63.4833755493, 91.8014755249, 12.2984399796, 223.657287598, 61.3539543152, -29.9861602783, 22.0958156586, -20.2689838409, -56.0233917236, -52.2127761841], [-189.679153442, -41.0726737976, 76.900642395, -25.237739563, 81.0626068115, 47.0810966492, 61.3539543152, 121.111038208, 10.5943202972, 3.39080548286, -1.14007353783, -19.9095687866, -9.99504756927], [-203.31993103, -105.98815155, 26.5434856415, -30.3998966217, -34.2324981689, 6.165558815, -29.9861602783, 10.5943202972, 105.912902832, 46.214969635, 29.1970558167, 47.2871856689, 33.4874305725], [-264.757965088, -92.5290985107, 71.9809341431, -37.5175132751, 10.9369249344, -11.2117395401, 22.0958156586, 3.39080548286, 46.214969635, 127.793716431, 28.0636539459, 28.9999008179, 31.2992172241], [-35.2206611633, -32.2988357544, 14.1381397247, 2.72817492485, -36.337310791, 3.76097941399, -20.2689838409, -1.14007353783, 29.1970558167, 28.0636539459, 85.8922653198, 60.1226501465, 28.4998931885], [-200.878326416, -122.328109741, 26.554523468, -48.5969047546, -51.6120376587, -24.6977920532, -56.0233917236, -19.9095687866, 47.2871856689, 28.9999008179, 60.1226501465, 142.301773071, 87.3046798706], [-250.957702637, -139.147918701, 52.5370979309, -37.2890167236, -45.7098693848, -13.8477783203, -52.2127761841, -9.99504756927, 33.4874305725, 31.2992172241, 28.4998931885, 87.3046798706, 123.080665588]],
