{
"lowlevel": {
    "average_loudness": 0.613930583,
    "barkbands_crest": {
        "dmean": 1.46847653389,
        "dmean2": 2.00349760056,
        "dvar": 2.6039788723,
        "dvar2": 5.61586427689,
        "max": 26.4941692352,
        "mean": 14.2298679352,
        "median": 13.0345659256,
        "min": 2.90083503723,
        "var": 26.0819473267
    },
    "barkbands_flatness_db": {
        "dmean": 0.0154476538301,
        "dmean2": 0.0220041591674,
        "dvar": 0.000379986595362,
        "dvar2": 0.000706073653419,
        "max": 0.567254662514,
        "mean": 0.346464633942,
        "median": 0.342905640602,
        "min": 0.0307613909245,
        "var": 0.00397056620568
    },
    "barkbands_kurtosis": {
        "dmean": 2.54551529884,
        "dmean2": 3.27415323257,
        "dvar": 24.3229179382,
        "dvar2": 39.7574958801,
        "max": 114.844825745,
        "mean": 8.17435073853,
        "median": 3.92470121384,
        "min": -1.75109696388,
        "var": 208.486968994
    },
    "barkbands_skewness": {
        "dmean": 0.364070564508,
        "dmean2": 0.487029790878,
        "dvar": 0.209959715605,
        "dvar2": 0.405248403549,
        "max": 9.15717124939,
        "mean": 1.54556274414,
        "median": 1.4124122858,
        "min": -3.09120726585,
        "var": 2.95230603218
    },
    "barkbands_spread": {
        "dmean": 1.16889679432,
        "dmean2": 1.73285257816,
        "dvar": 15.1576271057,
        "dvar2": 35.7914161682,
        "max": 87.5767059326,
        "mean": 5.48485946655,
        "median": 4.58337688446,
        "min": 0.356517583132,
        "var": 29.2072486877
    },
    "dissonance": {
        "dmean": 0.0412716269493,
        "dmean2": 0.0703212544322,
        "dvar": 0.00173555768561,
        "dvar2": 0.00478797731921,
        "max": 0.497854322195,
        "mean": 0.355508327484,
        "median": 0.375008523464,
        "min": 0,
        "var": 0.00718727102503
    },
    "dynamic_complexity": 4.46989154816,
    "erbbands_crest": {
        "dmean": 2.00766277313,
        "dmean2": 2.63124966621,
        "dvar": 4.60145235062,
        "dvar2": 8.52292251587,
        "max": 29.2759113312,
        "mean": 15.2354288101,
        "median": 14.3532686234,
        "min": 3.54392290115,
        "var": 30.1569786072
    },
    "erbbands_flatness_db": {
        "dmean": 0.0130442343652,
        "dmean2": 0.0179269984365,
        "dvar": 0.00033756881021,
        "dvar2": 0.000593072501943,
        "max": 0.510339379311,
        "mean": 0.368870019913,
        "median": 0.368198513985,
        "min": 0.095193400979,
        "var": 0.00297876284458
    },
    "erbbands_kurtosis": {
        "dmean": 1.46666705608,
        "dmean2": 2.04139304161,
        "dvar": 8.34348583221,
        "dvar2": 16.2118473053,
        "max": 73.0067062378,
        "mean": 3.48062539101,
        "median": 1.39230394363,
        "min": -1.82347619534,
        "var": 35.4984397888
    },
    "erbbands_skewness": {
        "dmean": 0.309912413359,
        "dmean2": 0.422944456339,
        "dvar": 0.155925437808,
        "dvar2": 0.303245931864,
        "max": 6.67726945877,
        "mean": 0.910547435284,
        "median": 0.886142790318,
        "min": -3.22424006462,
        "var": 1.709166646
    },
    "erbbands_spread": {
        "dmean": 2.04083609581,
        "dmean2": 2.90412521362,
        "dvar": 26.0360240936,
        "dvar2": 55.7528800964,
        "max": 111.410209656,
        "mean": 12.4479885101,
        "median": 10.6473932266,
        "min": 1.43824112415,
        "var": 77.4897155762
    },
    "hfc": {
        "dmean": 2.17153477669,
        "dmean2": 3.01935005188,
        "dvar": 12.3809871674,
        "dvar2": 27.4922523499,
        "max": 80.4707183838,
        "mean": 12.0085201263,
        "median": 7.83590602875,
        "min": 1.26818130205e-16,
        "var": 146.447021484
    },
    "melbands_crest": {
        "dmean": 1.82311487198,
        "dmean2": 2.52292823792,
        "dvar": 4.10383033752,
        "dvar2": 9.50443649292,
        "max": 32.3983268738,
        "mean": 16.5996723175,
        "median": 15.8578500748,
        "min": 2.22432518005,
        "var": 34.4814414978
    },
    "melbands_flatness_db": {
        "dmean": 0.0156375877559,
        "dmean2": 0.0211231317371,
        "dvar": 0.000531939498615,
        "dvar2": 0.000960475590546,
        "max": 0.715379834175,
        "mean": 0.426454216242,
        "median": 0.413423061371,
        "min": 0.0054918830283,
        "var": 0.00587991531938
    },
    "melbands_kurtosis": {
        "dmean": 2.92988348007,
        "dmean2": 3.78397059441,
        "dvar": 33.4050445557,
        "dvar2": 63.7606315613,
        "max": 114.422279358,
        "mean": 10.1103372574,
        "median": 4.84509897232,
        "min": -1.58756446838,
        "var": 248.042144775
    },
    "melbands_skewness": {
        "dmean": 0.345918625593,
        "dmean2": 0.454965025187,
        "dvar": 0.175398096442,
        "dvar2": 0.33811929822,
        "max": 8.53758430481,
        "mean": 1.81903874874,
        "median": 1.67162632942,
        "min": -2.56766939163,
        "var": 2.64217710495
    },
    "melbands_spread": {
        "dmean": 1.35449516773,
        "dmean2": 1.86225748062,
        "dvar": 13.0944795609,
        "dvar2": 23.6197071075,
        "max": 142.626983643,
        "mean": 7.75926065445,
        "median": 6.73180818558,
        "min": 0.647108912468,
        "var": 49.0052185059
    },
    "pitch_salience": {
        "dmean": 0.0423218458891,
        "dmean2": 0.0563979744911,
        "dvar": 0.00171554263216,
        "dvar2": 0.00348654878326,
        "max": 0.935445666313,
        "mean": 0.493081450462,
        "median": 0.503177762032,
        "min": 0.0776905491948,
        "var": 0.0206067021936
    },
    "silence_rate_20dB": {
        "dmean": 0,
        "dmean2": 0,
        "dvar": 0,
        "dvar2": 0,
        "max": 1,
        "mean": 1,
        "median": 1,
        "min": 1,
        "var": 0
    },
    "silence_rate_30dB": {
        "dmean": 0,
        "dmean2": 0,
        "dvar": 0,
        "dvar2": 0,
        "max": 1,
        "mean": 1,
        "median": 1,
        "min": 1,
        "var": 0
    },
    "silence_rate_60dB": {
        "dmean": 0.0164948459715,
        "dmean2": 0.0324909761548,
        "dvar": 0.0162227693945,
        "dvar2": 0.0345292910933,
        "max": 1,
        "mean": 0.152498707175,
        "median": 0,
        "min": 0,
        "var": 0.129242226481
    },
    "spectral_centroid": {
        "dmean": 42.8130569458,
        "dmean2": 60.9044113159,
        "dvar": 64166.7304688,
        "dvar2": 127937.125,
        "max": 11301.7353516,
        "mean": 579.447814941,
        "median": 516.225463867,
        "min": 205.625686646,
        "var": 165515.015625
    },
    "spectral_complexity": {
        "dmean": 0.803092777729,
        "dmean2": 1.32800412178,
        "dvar": 0.907616019249,
        "dvar2": 1.95639765263,
        "max": 19,
        "mean": 8.67181873322,
        "median": 8,
        "min": 0,
        "var": 17.1086235046
    },
    "spectral_decrease": {
        "dmean": 8.07037658923e-10,
        "dmean2": 1.07354591883e-09,
        "dvar": 1.33636125458e-18,
        "dvar2": 3.20479589164e-18,
        "max": 1.54844093453e-28,
        "mean": -5.28633492536e-09,
        "median": -4.05778610713e-09,
        "min": -2.28914185385e-08,
        "var": 2.12213401217e-17
    },
    "spectral_energy": {
        "dmean": 0.0032297950238,
        "dmean2": 0.0043079406023,
        "dvar": 2.13195526158e-05,
        "dvar2": 5.10843892698e-05,
        "max": 0.0915051549673,
        "mean": 0.0210410375148,
        "median": 0.0161275994033,
        "min": 1.0923067815e-20,
        "var": 0.000337631383445
    },
    "spectral_energyband_high": {
        "dmean": 1.70576167875e-05,
        "dmean2": 2.25906933338e-05,
        "dvar": 2.86476193878e-08,
        "dvar2": 4.7632518374e-08,
        "max": 0.00636608013883,
        "mean": 2.09794725379e-05,
        "median": 8.13418125745e-07,
        "min": 7.79600682887e-21,
        "var": 5.11939468595e-08
    },
    "spectral_energyband_low": {
        "dmean": 7.84109215601e-05,
        "dmean2": 6.75443297951e-05,
        "dvar": 2.50053844297e-08,
        "dvar2": 1.90224564989e-08,
        "max": 0.00948371458799,
        "mean": 0.000508160737809,
        "median": 8.98070502444e-05,
        "min": 4.97725193272e-23,
        "var": 1.31989327201e-06
    },
    "spectral_energyband_middle_high": {
        "dmean": 0.00137944100425,
        "dmean2": 0.00194884324446,
        "dvar": 7.81149265094e-06,
        "dvar2": 1.57143367687e-05,
        "max": 0.0425278991461,
        "mean": 0.00501956604421,
        "median": 0.00115911872126,
        "min": 1.30121649586e-21,
        "var": 5.6898832554e-05
    },
    "spectral_energyband_middle_low": {
        "dmean": 0.00244705961086,
        "dmean2": 0.00305190240033,
        "dvar": 1.51948161147e-05,
        "dvar2": 3.84610721085e-05,
        "max": 0.0717164054513,
        "mean": 0.0158399827778,
        "median": 0.0110002048314,
        "min": 2.57200411487e-22,
        "var": 0.000216884844122
    },
    "spectral_entropy": {
        "dmean": 0.109412834048,
        "dmean2": 0.152839258313,
        "dvar": 0.0324237495661,
        "dvar2": 0.0633319094777,
        "max": 9.80492782593,
        "mean": 5.44215774536,
        "median": 5.5231294632,
        "min": 3.86597704887,
        "var": 0.276717990637
    },
    "spectral_flux": {
        "dmean": 0.0109258536249,
        "dmean2": 0.017636096105,
        "dvar": 0.000214253755985,
        "dvar2": 0.000542487425264,
        "max": 0.176595106721,
        "mean": 0.0294050090015,
        "median": 0.0239731539041,
        "min": 7.23390444768e-11,
        "var": 0.000535453960765
    },
    "spectral_kurtosis": {
        "dmean": 21.6769504547,
        "dmean2": 37.0569839478,
        "dvar": 548.32043457,
        "dvar2": 1356.5994873,
        "max": 467.234039307,
        "mean": 72.8838195801,
        "median": 58.5830383301,
        "min": -1.20409584045,
        "var": 3179.66381836
    },
    "spectral_rms": {
        "dmean": 0.00033127158531,
        "dmean2": 0.000430867628893,
        "dvar": 1.80407724315e-07,
        "dvar2": 4.04186096148e-07,
        "max": 0.00944845564663,
        "mean": 0.00404127454385,
        "median": 0.00396664114669,
        "min": 3.26445272723e-12,
        "var": 4.19592834078e-06
    },
    "spectral_rolloff": {
        "dmean": 109.585891724,
        "dmean2": 202.737670898,
        "dvar": 581332.8125,
        "dvar2": 1283614,
        "max": 19250.6835938,
        "mean": 778.04473877,
        "median": 645.99609375,
        "min": 193.798828125,
        "var": 786968
    },
    "spectral_skewness": {
        "dmean": 1.22095561028,
        "dmean2": 2.13308763504,
        "dvar": 1.24058115482,
        "dvar2": 3.22945737839,
        "max": 18.6355895996,
        "mean": 5.92416858673,
        "median": 5.42019510269,
        "min": 0.00425455300137,
        "var": 6.47069358826
    },
    "spectral_spread": {
        "dmean": 372406.71875,
        "dmean2": 627669.0625,
        "dvar": 1.10963209011e+12,
        "dvar2": 1.93309140582e+12,
        "max": 40635024,
        "mean": 1403587.625,
        "median": 1219296.125,
        "min": 182763.8125,
        "var": 2.58629854822e+12
    },
    "spectral_strongpeak": {
        "dmean": 0.424589753151,
        "dmean2": 0.645894944668,
        "dvar": 0.550716400146,
        "dvar2": 1.21916341782,
        "max": 9.60842323303,
        "mean": 1.87436807156,
        "median": 1.24222421646,
        "min": 0,
        "var": 3.30449676514
    },
    "zerocrossingrate": {
        "dmean": 0.00341469678096,
        "dmean2": 0.00442575709894,
        "dvar": 0.000182648203918,
        "dvar2": 0.000340025493642,
        "max": 0.513671875,
        "mean": 0.0292493291199,
        "median": 0.025390625,
        "min": 0.00146484375,
        "var": 0.000502465700265
    },
    "barkbands": {
        "dmean": [4.29356623499e-06, 1.43414149534e-06, 2.22488524741e-05, 0.000111951434519, 0.00044096034253, 0.00102519476786, 0.00138443731703, 0.000338406476658, 0.000234577222727, 0.000331734219799, 0.000199321497348, 0.000939197838306, 3.86142273783e-05, 1.910269566e-05, 3.85248276871e-05, 1.20016557048e-05, 1.2010545106e-05, 1.21852981465e-05, 3.9040937736e-06, 1.13718328976e-06, 4.94535470352e-07, 3.2875155398e-07, 1.26783095311e-06, 7.98414112069e-06, 5.80179494136e-06, 1.36257961003e-06, 2.73968154829e-08],
        "dmean2": [6.73170870868e-06, 2.45116439146e-06, 2.14009487536e-05, 0.000106822437374, 0.000482293311507, 0.00110239186324, 0.00185373274144, 0.000344788073562, 0.000253182835877, 0.00041639484698, 0.000234416816966, 0.00141634198371, 6.10627103015e-05, 2.72436427622e-05, 5.32218145963e-05, 1.71698629856e-05, 1.56644200615e-05, 1.5757201254e-05, 5.06409696754e-06, 1.40244583235e-06, 6.42204497581e-07, 5.21840320289e-07, 1.72900149664e-06, 8.6082272901e-06, 8.90892897587e-06, 2.45625460593e-06, 4.14967722406e-08],
        "dvar": [3.98410922309e-11, 1.9028783757e-11, 3.13371351091e-09, 2.92043704775e-08, 7.51716640934e-07, 6.06826824878e-06, 8.9862569439e-06, 5.11594066666e-07, 4.14589294451e-07, 1.19491232908e-06, 9.86571990325e-07, 6.26497057965e-06, 8.01111355031e-09, 1.18144916073e-09, 1.73075633825e-08, 2.0938824008e-09, 1.98562988274e-09, 2.40730124723e-09, 1.68959707336e-10, 3.32865193742e-11, 2.53525898192e-11, 1.82610211674e-11, 3.61125962467e-10, 1.75523862112e-08, 8.94481555491e-09, 1.70143357736e-10, 1.59423160979e-13],
        "dvar2": [9.54299486655e-11, 5.07446029641e-11, 2.94586222083e-09, 3.20826636369e-08, 1.31208037146e-06, 9.24176583794e-06, 2.87279344775e-05, 4.7382090429e-07, 4.19002162744e-07, 1.92550146494e-06, 1.48959622948e-06, 1.32884297273e-05, 2.08212203034e-08, 2.61153298986e-09, 3.72451616215e-08, 4.18908552291e-09, 4.24858459525e-09, 3.65257557533e-09, 2.72933065038e-10, 3.71629393925e-11, 3.11306154466e-11, 4.81490750048e-11, 7.23209769848e-10, 2.63612953688e-08, 1.84347879184e-08, 4.93710627936e-10, 3.95805160565e-13],
        "max": [0.000315966462949, 0.000111975576147, 0.00318919960409, 0.0074731791392, 0.0423835627735, 0.0513426475227, 0.0492271259427, 0.0306873079389, 0.0247964411974, 0.0266561694443, 0.0302720349282, 0.0414149872959, 0.00343670253642, 0.000628218636848, 0.00319319218397, 0.00125517800916, 0.00113175879233, 0.00116576207802, 0.000583021726925, 0.000313319615088, 0.000236006468185, 0.000151014275616, 0.000762653071433, 0.0062071220018, 0.00384694663808, 0.000336860568495, 1.14545719043e-05],
        "mean": [2.43764898187e-05, 4.77302137369e-06, 0.000145836427691, 0.000609268841799, 0.00300466874614, 0.00504194106907, 0.00487545784563, 0.00127835664898, 0.00100388051942, 0.000935187097639, 0.000560388667509, 0.00307490793057, 0.000164541808772, 6.09423950664e-05, 0.000111784946057, 2.86656195385e-05, 3.72722097381e-05, 3.72254762624e-05, 1.64312059496e-05, 5.25663699591e-06, 9.09239190605e-07, 4.10111709925e-07, 1.41947646171e-06, 9.32869807002e-06, 6.90630577083e-06, 9.26534255541e-07, 1.91629148105e-08],
        "median": [6.958846825e-06, 5.85464192682e-07, 7.79548099672e-06, 0.000220173824346, 0.000873754906934, 0.00241007236764, 0.00203253119253, 0.00029285644996, 0.000159268674906, 1.83806478162e-05, 3.15759207297e-05, 0.000310543109663, 5.69655385334e-05, 3.13893142447e-05, 1.92378302017e-05, 7.83024643169e-06, 1.52142265506e-05, 2.12985128201e-06, 1.14403019325e-06, 4.72141010732e-07, 1.43662873597e-07, 6.99541757854e-08, 4.4968142987e-08, 4.86522644394e-08, 2.38360176041e-08, 7.81948550355e-09, 4.84504714127e-10],
        "min": [1.08880175638e-23, 1.27502736141e-23, 1.44697726619e-23, 6.21433816115e-24, 1.59190489843e-23, 2.62279053818e-23, 2.48874887089e-23, 1.52287988477e-23, 3.31952511145e-23, 6.1573812205e-23, 5.4126220575e-23, 7.41965206998e-23, 5.08455058424e-23, 8.32587086544e-23, 1.08328840751e-22, 5.67622087561e-23, 1.43241539875e-22, 1.74266227587e-22, 2.20142048566e-22, 1.83235841136e-22, 4.12191132088e-22, 5.42562627175e-22, 7.26591734216e-22, 7.70936016458e-22, 9.94615620245e-22, 1.45056682312e-21, 2.86077749133e-21],
        "var": [2.45802356247e-09, 6.18519749307e-11, 1.48333896277e-07, 9.75761963673e-07, 2.7495332688e-05, 5.98100778006e-05, 4.46321901109e-05, 7.16504609954e-06, 5.03593128087e-06, 6.31380635241e-06, 6.47120714348e-06, 4.63754549855e-05, 1.17268328381e-07, 6.47727071978e-09, 4.94863883205e-08, 6.66269484029e-09, 4.77061945503e-09, 1.04293764736e-08, 2.09430295328e-09, 4.77999306803e-10, 5.64896636412e-11, 1.49175064662e-11, 4.90472717996e-10, 3.23326432294e-08, 1.34382860395e-08, 1.10995955482e-10, 9.0343192454e-14]
    },
    "erbbands": {
        "dmean": [4.04843704018e-05, 0.0004867122625, 0.0155163528398, 0.225054606795, 0.666140973568, 1.81219828129, 5.27514123917, 9.84624099731, 17.7207870483, 12.4851694107, 7.47432899475, 4.6940870285, 5.43320226669, 11.9679307938, 18.809803009, 31.9930458069, 2.4698767662, 1.11011993885, 1.69504058361, 0.980211436749, 0.788497209549, 0.789497494698, 0.654636919498, 0.227909758687, 0.140367925167, 0.0297163035721, 0.0257981512696, 0.0203584190458, 0.0102524161339, 0.0511438511312, 0.0361729264259, 0.300926715136, 0.0459734387696, 0.102133020759, 0.0155004980043, 0.00861235614866, 0.000581751752179, 4.70506529382e-05, 4.97898918184e-06, 3.89995329897e-06],
        "dmean2": [6.77413045196e-05, 0.000686613493599, 0.0148463705555, 0.201370581985, 0.769365370274, 2.05625200272, 5.24948644638, 10.8135986328, 23.9368000031, 14.9497814178, 8.21824073792, 5.04431295395, 6.3375248909, 15.3606567383, 27.5343437195, 44.1285057068, 3.67546916008, 1.54875075817, 2.34665298462, 1.41148149967, 1.12058365345, 0.990787684917, 0.846592962742, 0.303235918283, 0.16681458056, 0.0383895523846, 0.0319711379707, 0.0241733249277, 0.0148922093213, 0.0676744058728, 0.0503305643797, 0.322474002838, 0.0599896870553, 0.158316463232, 0.0243971291929, 0.0152039183304, 0.000989605206996, 7.19301315257e-05, 7.1132217272e-06, 5.25824543729e-06],
        "dvar": [1.16244951442e-08, 1.55095722221e-06, 0.00128712528385, 0.145047813654, 1.59492361546, 17.3035583496, 139.889144897, 484.043914795, 1279.28674316, 715.871887207, 203.915527344, 100.361915588, 260.372894287, 1886.68518066, 2332.16601562, 7893.02880859, 25.0880489349, 3.40001296997, 30.5615901947, 11.6894187927, 9.89848136902, 8.98529911041, 4.65087890625, 0.718758583069, 0.144198700786, 0.0130227003247, 0.0271219611168, 0.0879859626293, 0.00672941748053, 1.00876200199, 0.173495724797, 25.9954376221, 0.335234165192, 3.23060488701, 0.0144256949425, 0.00617508264259, 4.85004566144e-05, 1.24650313182e-07, 2.86338375233e-09, 5.62639899948e-11],
        "dvar2": [3.04851148769e-08, 3.66266772289e-06, 0.00121454021428, 0.127130165696, 2.6051158905, 35.1395950317, 205.850357056, 742.634338379, 3900.49853516, 1838.13952637, 228.832962036, 108.761962891, 302.937530518, 3116.94702148, 4776.79638672, 13073.1523438, 57.8377532959, 6.72215652466, 58.1288452148, 29.3249721527, 19.9515419006, 18.2496452332, 6.97143983841, 1.10451543331, 0.186615809798, 0.0180779509246, 0.0318018421531, 0.106636092067, 0.0115501238033, 1.83111059666, 0.34026658535, 39.3489685059, 0.582084298134, 6.63455104828, 0.0318972766399, 0.0177877396345, 0.000128640298499, 2.94195274364e-07, 7.07515068754e-09, 1.31217717247e-10],
        "max": [0.00305209076032, 0.0374209694564, 2.04467368126, 21.048915863, 30.7804832458, 158.920089722, 227.382369995, 443.528625488, 526.498291016, 549.245483398, 575.498413086, 312.881164551, 540.471862793, 1180.38513184, 1174.64282227, 1530.4630127, 146.675704956, 41.4892654419, 156.985748291, 112.340789795, 86.5531463623, 75.7672119141, 50.1766891479, 38.7289810181, 19.3877658844, 5.74704885483, 8.89543533325, 14.0725021362, 2.54157090187, 43.8102645874, 12.3933143616, 238.352386475, 19.4968204498, 73.0553741455, 2.60695981979, 2.05438446999, 0.241040691733, 0.00710654538125, 0.00163747637998, 0.000197094675968],
        "mean": [0.000167134945514, 0.00266251713037, 0.102780841291, 1.36958014965, 3.17640280724, 12.1445331573, 29.1210460663, 45.4892730713, 61.4250946045, 50.7005882263, 29.5222911835, 20.6205005646, 20.7847919464, 33.7434806824, 65.1922836304, 90.4223709106, 10.1938562393, 4.46444988251, 4.59864521027, 3.34037971497, 1.95891988277, 2.38420796394, 2.41906714439, 1.13895905018, 0.521060883999, 0.126963183284, 0.0584258623421, 0.0326830409467, 0.0173410698771, 0.0585764572024, 0.0441830195487, 0.352704286575, 0.0546701587737, 0.120365686715, 0.0172442402691, 0.00637129368261, 0.000591350253671, 4.53898974229e-05, 1.32331661007e-05, 2.42068126681e-05],
        "median": [0.000107506180939, 0.00111038226169, 0.0185871683061, 0.396725058556, 1.62050175667, 2.53147935867, 13.5180988312, 22.2937107086, 27.7787322998, 18.3222408295, 9.82588386536, 4.21032857895, 1.18934381008, 2.72918367386, 9.18857860565, 9.35699462891, 2.97681903839, 2.34153532982, 2.21782183647, 1.33837842941, 0.757155537605, 0.922154963017, 0.432660609484, 0.112648561597, 0.0606586299837, 0.0296774469316, 0.0090783778578, 0.00438163429499, 0.00314215291291, 0.00155179342255, 0.00147357303649, 0.00124723091722, 0.000632663839497, 0.00031967216637, 0.00016750190116, 7.09238520358e-05, 1.53193832375e-05, 2.03813260669e-06, 8.45622889756e-06, 1.8315451598e-05],
        "min": [4.06146816723e-22, 3.03651096233e-21, 1.78640283844e-20, 2.66944318394e-20, 3.36416649259e-20, 8.84223439959e-20, 1.17033571419e-19, 2.80675461633e-19, 3.25516069609e-19, 4.11852684153e-19, 5.9623385348e-19, 8.41537624554e-19, 9.22785423969e-19, 2.55473574134e-18, 3.04268544878e-18, 3.05136795008e-18, 2.57497705773e-18, 4.31577224619e-18, 6.43279378587e-18, 4.73319570743e-18, 5.19340053635e-18, 6.35860478392e-18, 1.02692868318e-17, 1.10485116483e-17, 9.55095491606e-18, 8.34449379468e-18, 1.16540897476e-17, 1.72355868838e-17, 1.48474056131e-17, 1.70081502656e-17, 1.99572129311e-17, 1.48150727773e-17, 1.39273359265e-17, 9.77496617929e-18, 7.82575394329e-18, 5.9470981456e-18, 2.49384718325e-18, 1.2383656844e-18, 4.09127279131e-19, 3.91829381559e-20],
        "var": [3.65605750119e-08, 1.57928334374e-05, 0.0605094395578, 6.72670030594, 18.4038887024, 522.715209961, 1634.75708008, 4618.65283203, 5843.26025391, 7045.17626953, 2834.5769043, 1264.01794434, 3146.67431641, 7454.36132812, 16395.1621094, 44389.9257812, 311.152801514, 33.4894981384, 82.5987243652, 30.3752346039, 29.2290935516, 21.8107433319, 35.2275238037, 10.2644014359, 2.13746833801, 0.167916461825, 0.1178535074, 0.193876802921, 0.0115415500477, 1.51788330078, 0.252798438072, 47.4756011963, 0.573269188404, 4.87030172348, 0.022983469069, 0.00422955537215, 4.96258944622e-05, 1.09385595692e-07, 1.65521540918e-09, 4.65078309198e-10]
    },
    "gfcc": {
        "mean": [-182.701324463, 190.37727356, -140.110641479, -46.5584907532, -55.9452323914, -35.1031837463, -56.6292037964, -20.005947113, -23.3075675964, -18.0102996826, 3.44072031975, -7.57619714737, -6.59903049469],
        "cov": [[8747.59765625, -742.785949707, -2070.03442383, 381.196014404, -619.147460938, 76.5043640137, 364.188781738, -20.4368572235, -489.607849121, -245.577865601, 76.0932922363, -220.647872925, 24.3445129395], [-742.785949707, 1375.19543457, 460.784057617, -288.118469238, 111.036987305, -219.801605225, 150.545974731, -98.2177124023, 152.315841675, -223.781341553, -90.1194915771, -184.805999756, 184.00642395], [-2070.03442383, 460.784057617, 1444.79187012, -0.261164277792, 92.2719573975, 71.1282196045, -186.738815308, 128.072738647, 166.463012695, -29.0150909424, -297.928924561, 18.5232696533, 64.4803543091], [381.196014404, -288.118469238, -0.261164277792, 471.41217041, 117.520576477, 76.6940155029, -94.2810745239, -14.7152795792, -17.9959125519, 52.6731987, -17.6187210083, -11.3595609665, -16.2434425354], [-619.147460938, 111.036987305, 92.2719573975, 117.520576477, 326.113037109, -81.8769226074, -117.325164795, -44.6704101562, 34.801399231, 66.5052871704, 7.2147808075, 76.2204666138, -55.0925827026], [76.5043640137, -219.801605225, 71.1282196045, 76.6940155029, -81.8769226074, 304.007202148, -34.0004730225, -8.05310726166, -28.9037914276, 50.9910430908, -30.2007522583, -66.2247924805, 48.8678665161], [364.188781738, 150.545974731, -186.738815308, -94.2810745239, -117.325164795, -34.0004730225, 329.977539062, 6.23266887665, -94.3418807983, -117.828575134, 35.1383666992, -63.3875198364, -20.3836097717], [-20.4368572235, -98.2177124023, 128.072738647, -14.7152795792, -44.6704101562, -8.05310726166, 6.23266887665, 259.619445801, 7.71367549896, -43.1320838928, -111.160316467, 35.7328300476, -10.7240409851], [-489.607849121, 152.315841675, 166.463012695, -17.9959125519, 34.801399231, -28.9037914276, -94.3418807983, 7.71367549896, 181.622879028, 13.6914396286, -54.492099762, -2.06869316101, 33.5334243774], [-245.577865601, -223.781341553, -29.0150909424, 52.6731987, 66.5052871704, 50.9910430908, -117.828575134, -43.1320838928, 13.6914396286, 223.299728394, 5.76547956467, 2.38298153877, -3.48783731461], [76.0932922363, -90.1194915771, -297.928924561, -17.6187210083, 7.2147808075, -30.2007522583, 35.1383666992, -111.160316467, -54.492099762, 5.76547956467, 230.420974731, 21.3500442505, -68.3800964355], [-220.647872925, -184.805999756, 18.5232696533, -11.3595609665, 76.2204666138, -66.2247924805, -63.3875198364, 35.7328300476, -2.06869316101, 2.38298153877, 21.3500442505, 200.130477905, -86.1454086304], [24.3445129395, 184.00642395, 64.4803543091, -16.2434425354, -55.0925827026, 48.8678665161, -20.3836097717, -10.7240409851, 33.5334243774, -3.48783731461, -68.3800964355, -86.1454086304, 227.579483032]],
        "icov": [[0.000376335607143, -0.000476430170238, 0.000761101895478, -0.000677988922689, 0.00111454236321, -5.8901248849e-05, 0.000620933133177, 3.81900244975e-05, 0.000913258991204, 0.0001431885903, 0.00087301817257, -0.000282435357803, 0.000443821161753], [-0.000476430170238, 0.00530885765329, -0.00231790123507, 0.00360394734889, -0.00556217646226, 0.00246757944115, -0.00252588372678, 0.00201608636416, -0.00311996066011, 0.00390420784242, -0.000871226307936, 0.00525623280555, -0.00308765051886], [0.000761101895478, -0.00231790123507, 0.00304530072026, -0.00192502920981, 0.00305826449767, -0.00121726258658, 0.00221576471813, -0.000468343612738, 0.00197486463003, -0.000339424383128, 0.00301554170437, -0.00198436202481, 0.0018293207977], [-0.000677988922689, 0.00360394734889, -0.00192502920981, 0.00558889703825, -0.00566436769441, 0.000653131108265, -0.0013388430234, 0.00107869633939, -0.00215913495049, 0.00242147804238, -0.000942245300394, 0.00408110814169, -0.00186067773029], [0.00111454236321, -0.00556217646226, 0.00305826449767, -0.00566436769441, 0.0120346527547, -0.000553728430532, 0.00420214468613, -0.000592263473663, 0.00435444153845, -0.00417093187571, 0.00255769840442, -0.00621266150847, 0.0041992184706], [-5.8901248849e-05, 0.00246757944115, -0.00121726258658, 0.000653131108265, -0.000553728430532, 0.00595994666219, -0.000223316368647, 0.00132635829505, 0.000139190306072, 0.000963441678323, 0.000141098425956, 0.00352638983168, -0.00159715092741], [0.000620933133177, -0.00252588372678, 0.00221576471813, -0.0013388430234, 0.00420214468613, -0.000223316368647, 0.00756721710786, -0.000537567655556, 0.00470670033246, 0.001150593278, 0.001931815641, -5.28434247826e-05, 0.00285469903611], [3.81900244975e-05, 0.00201608636416, -0.000468343612738, 0.00107869633939, -0.000592263473663, 0.00132635829505, -0.000537567655556, 0.0066563365981, -0.000409989006585, 0.00254739960656, 0.00346170039847, 0.000857282895595, -0.000123062753119], [0.000913258991204, -0.00311996066011, 0.00197486463003, -0.00215913495049, 0.00435444153845, 0.000139190306072, 0.00470670033246, -0.000409989006585, 0.0108637781814, -0.000981177552603, 0.00312446593307, -0.00164625281468, 0.00183759443462], [0.0001431885903, 0.00390420784242, -0.000339424383128, 0.00242147804238, -0.00417093187571, 0.000963441678323, 0.001150593278, 0.00254739960656, -0.000981177552603, 0.0100100534037, 0.00118815992028, 0.00489511480555, -0.00138856575359], [0.00087301817257, -0.000871226307936, 0.00301554170437, -0.000942245300394, 0.00255769840442, 0.000141098425956, 0.001931815641, 0.00346170039847, 0.00312446593307, 0.00118815992028, 0.0105328243226, -0.000928624824155, 0.00298548070714], [-0.000282435357803, 0.00525623280555, -0.00198436202481, 0.00408110814169, -0.00621266150847, 0.00352638983168, -5.28434247826e-05, 0.000857282895595, -0.00164625281468, 0.00489511480555, -0.000928624824155, 0.0130827557296, -0.000600870756898], [0.000443821161753, -0.00308765051886, 0.0018293207977, -0.00186067773029, 0.0041992184706, -0.00159715092741, 0.00285469903611, -0.000123062753119, 0.00183759443462, -0.00138856575359, 0.00298548070714, -0.000600870756898, 0.00817889906466]]
    },
    "melbands": {
        "dmean": [5.05304853959e-07, 5.18108799952e-06, 4.56048801425e-05, 8.62904562382e-05, 0.000162958152941, 0.000210582846194, 0.000281193089904, 0.000122619152535, 5.46942392248e-05, 2.98186041618e-05, 2.9256050766e-05, 5.0526632549e-05, 4.57220885437e-05, 0.000143219876918, 1.31822489493e-05, 4.73385807709e-06, 1.58061732236e-06, 2.40947269958e-06, 3.22856203638e-06, 4.50114697514e-07, 9.49551235863e-07, 6.49392291052e-07, 1.09133327442e-06, 3.41260772529e-07, 1.78234031978e-07, 1.68659923361e-07, 5.553881266e-08, 1.62392517211e-08, 2.44369999791e-08, 5.27802868078e-09, 1.52422501287e-08, 4.5383803382e-09, 1.31013342397e-08, 2.91479551606e-08, 1.65093734239e-08, 4.30558841913e-08, 2.35971043594e-07, 3.88937948514e-09, 7.44562811406e-08, 8.12657319216e-08],
        "dmean2": [8.56705355545e-07, 5.16618956681e-06, 4.51168598374e-05, 0.000100347700936, 0.000163770615472, 0.000228823206271, 0.000381880468922, 0.000144567282405, 6.00723287789e-05, 3.21150728269e-05, 3.381843635e-05, 6.45976106171e-05, 5.78187209612e-05, 0.000212273691432, 1.70724215423e-05, 7.38259450372e-06, 2.18079298975e-06, 3.37857863997e-06, 4.57427040601e-06, 6.29774547178e-07, 1.35697882797e-06, 8.17963837108e-07, 1.37550205181e-06, 4.40608658892e-07, 2.47262164521e-07, 1.98274165086e-07, 7.3635241904e-08, 2.36732518033e-08, 2.9595456752e-08, 7.95050691949e-09, 1.78191026379e-08, 6.95551216623e-09, 1.78580883414e-08, 3.87280572056e-08, 2.74170943726e-08, 4.6633129358e-08, 2.5280090199e-07, 6.80473011272e-09, 1.13976128091e-07, 1.2786134107e-07],
        "dvar": [1.3225720432e-12, 1.67571734266e-10, 4.48023573796e-09, 3.66898476045e-08, 1.18318219222e-07, 2.27135117825e-07, 3.54436366479e-07, 6.33238244063e-08, 9.79638858922e-09, 5.84980552887e-09, 7.73456676484e-09, 3.3884870021e-08, 2.74570304271e-08, 1.53648429091e-07, 1.09444131535e-09, 1.4901291312e-10, 8.02915633286e-12, 5.65355193216e-11, 1.27767477154e-10, 1.32173232862e-12, 1.60811260141e-11, 8.05038761348e-12, 1.88455744066e-11, 1.17617157333e-12, 5.74288446659e-13, 1.78291084153e-13, 7.26139661638e-14, 5.18852276478e-15, 2.97240361393e-14, 1.07120244021e-15, 6.05356015966e-14, 6.47730171111e-16, 5.08340216438e-14, 3.63364069736e-13, 9.2256619553e-14, 4.84371928417e-13, 1.61726621678e-11, 2.15928518826e-15, 2.44540954326e-12, 1.68605114679e-12],
        "dvar2": [3.506401983e-12, 1.69306582642e-10, 5.50257084342e-09, 7.50385424908e-08, 1.72915960661e-07, 3.46739795987e-07, 1.14584076982e-06, 1.51335100895e-07, 1.09516573588e-08, 6.0946589997e-09, 9.02487329313e-09, 5.60254811433e-08, 4.24876631655e-08, 3.10893568667e-07, 1.50794343678e-09, 3.87104487354e-10, 1.53774059458e-11, 1.05914423065e-10, 3.03342934105e-10, 2.58217058846e-12, 3.1817735946e-11, 1.63534463749e-11, 2.79129150349e-11, 1.6364698225e-12, 9.10399468486e-13, 2.64569507795e-13, 8.95998160107e-14, 9.0690801223e-15, 3.2879108507e-14, 2.16013200945e-15, 7.33573968172e-14, 1.60076330954e-15, 8.97965038373e-14, 6.64146689033e-13, 2.04220388972e-13, 7.36499294711e-13, 2.43426910573e-11, 6.02794850913e-15, 5.08372424018e-12, 3.38970171376e-12],
        "max": [2.99464372802e-05, 0.00072412629379, 0.00292787887156, 0.00634908815846, 0.00897406321019, 0.00988814886659, 0.00941405072808, 0.0069494699128, 0.00373605941422, 0.00289681204595, 0.00273394910619, 0.00496523361653, 0.00501942401752, 0.00636345567182, 0.00056317524286, 0.000478368339827, 5.37258529221e-05, 0.000219200752326, 0.00034408972715, 3.62558021152e-05, 0.000113043111924, 7.39376919228e-05, 0.000104146813101, 4.11548135162e-05, 3.59488694812e-05, 1.26347713376e-05, 1.81935629371e-05, 3.31833985001e-06, 9.71893587121e-06, 9.66636207522e-07, 1.16821956908e-05, 8.38581399876e-07, 9.72426823864e-06, 2.62115117948e-05, 1.12120178528e-05, 3.27053276123e-05, 0.000187999525224, 1.17157833301e-06, 6.54301256873e-05, 4.92674444104e-05],
        "mean": [2.09462336898e-06, 3.38878307957e-05, 0.000254464743193, 0.000510179495905, 0.000965392275248, 0.00101220386568, 0.000967766449321, 0.000503441726323, 0.000219603694859, 0.000125782724353, 0.000107077037683, 0.000140947275213, 0.000140140749863, 0.00045068867621, 2.89798845188e-05, 1.96713044716e-05, 5.60615490031e-06, 5.68767973164e-06, 1.02466947283e-05, 1.3560025991e-06, 2.19631965592e-06, 2.13319412978e-06, 2.85159649138e-06, 1.46766183207e-06, 8.98484927347e-07, 5.35733647666e-07, 2.70118846402e-07, 3.94852825991e-08, 5.04926056522e-08, 1.02207531327e-08, 2.19142819446e-08, 8.21696310993e-09, 1.50694869916e-08, 3.30491083389e-08, 1.99617069541e-08, 5.09773308011e-08, 2.76730389714e-07, 3.37475536405e-09, 8.66208793582e-08, 9.57249213229e-08],
        "median": [1.04680896129e-06, 3.69909844267e-06, 0.000103992366348, 0.000100219447631, 0.000414424488554, 0.000501754693687, 0.000435049994849, 0.000155606961926, 6.82738464093e-05, 2.06850891118e-05, 4.78888523503e-06, 5.33051752427e-06, 2.04602365557e-05, 2.8603908504e-05, 3.6556791656e-06, 4.9068298722e-06, 2.96289476864e-06, 2.73011937679e-06, 1.75873833541e-06, 3.47174989201e-07, 6.23808716682e-07, 6.19023239778e-07, 6.96815391166e-07, 1.04055750683e-07, 5.1283986835e-08, 4.27277520032e-08, 2.07160084642e-08, 8.83358630688e-09, 5.27986188104e-09, 1.87675319729e-09, 1.73236092138e-09, 1.51294610173e-09, 6.61128818358e-10, 6.31383778593e-10, 7.66023966481e-10, 6.4386895815e-10, 6.5409283545e-10, 3.72242209279e-10, 2.37085850952e-10, 1.84968054762e-10],
        "min": [4.27541666373e-24, 7.08315288013e-24, 7.74546787438e-24, 3.56972654704e-24, 4.24838673924e-24, 5.62485672213e-24, 5.0783689913e-24, 4.55068454901e-24, 6.73506327253e-24, 4.89573783098e-24, 5.16609150725e-24, 1.00620265535e-23, 8.52895427025e-24, 7.65890932269e-24, 8.86698511244e-24, 6.91548365016e-24, 7.48818798989e-24, 9.03674166836e-24, 6.90001882098e-24, 6.21971740366e-24, 6.31046717334e-24, 6.9924646416e-24, 5.68618986865e-24, 6.49362332059e-24, 9.13811266126e-24, 7.75602914417e-24, 5.8099818662e-24, 5.27685980569e-24, 5.74582735865e-24, 1.01144692376e-23, 9.85986280269e-24, 7.1554819588e-24, 8.68184498001e-24, 1.1301698589e-23, 1.07441182906e-23, 1.28363809374e-23, 7.8584974426e-24, 9.34839615732e-24, 9.80744693984e-24, 7.85271272558e-24],
        "var": [7.48644288923e-12, 7.49829798252e-09, 1.46911318666e-07, 8.22816673463e-07, 1.71911688085e-06, 2.26099427891e-06, 1.47824528085e-06, 7.3929396649e-07, 1.41834405554e-07, 6.93732076229e-08, 9.0864837432e-08, 1.38720082532e-07, 1.69508297176e-07, 1.06627453533e-06, 4.38982672435e-09, 2.20534590589e-09, 5.92763407803e-11, 1.48905318631e-10, 3.68089808633e-10, 1.08974738955e-11, 4.78472435284e-11, 2.35558378359e-11, 5.59444920945e-11, 1.48895010904e-11, 7.73138410931e-12, 1.53832469766e-12, 1.38556581573e-12, 1.93469423289e-14, 1.34549570921e-13, 1.55186843854e-15, 1.32911043282e-13, 6.99847790719e-16, 7.81914273997e-14, 5.42749872823e-13, 1.14295685004e-13, 8.80928413983e-13, 2.96893412632e-11, 1.37907318791e-15, 3.65316197432e-12, 2.52378543411e-12]
    },
    "mfcc": {
        "mean": [-819.678955078, 219.578781128, -17.2201118469, -17.2034606934, -6.91859865189, -28.5238265991, -22.2412471771, -19.2790584564, -28.1353359222, -21.2382526398, -9.57984638214, -0.962870180607, -0.992611527443],
        "cov": [[5042.30908203, 1230.0111084, -1976.32873535, -97.5613021851, -363.307250977, -490.980834961, 368.570587158, 195.153625488, -198.530441284, 33.2982749939, -85.7674102783, -274.27557373, -221.842025757], [1230.0111084, 1053.52819824, -160.120391846, -146.693618774, -105.62600708, -205.712661743, 21.3598365784, 116.465187073, 96.9034576416, 5.95110225677, -85.2008590698, -230.221725464, -192.628967285], [-1976.32873535, -160.120391846, 1520.36120605, 68.6874084473, 20.2134742737, 178.987670898, -160.113952637, -13.8476963043, 333.986206055, 96.8018264771, -75.2169723511, -36.3098754883, -91.6471786499], [-97.5613021851, -146.693618774, 68.6874084473, 394.893615723, 164.443023682, 40.1054840088, 23.0590286255, -16.0206050873, 0.467413127422, -0.13631939888, 13.3593149185, 33.7308349609, -32.4716072083], [-363.307250977, -105.62600708, 20.2134742737, 164.443023682, 444.9894104, 144.662811279, -132.757339478, -106.086601257, -30.0974693298, -83.8531188965, -15.115940094, 115.179550171, 32.8789634705], [-490.980834961, -205.712661743, 178.987670898, 40.1054840088, 144.662811279, 245.618362427, -20.6281204224, -131.030441284, 34.7949714661, 43.3163070679, -45.1115188599, 55.803730011, 37.2910766602], [368.570587158, 21.3598365784, -160.113952637, 23.0590286255, -132.757339478, -20.6281204224, 219.556686401, 37.5397338867, -64.2932662964, 29.4310932159, 17.6213607788, -53.8915481567, 8.12828636169], [195.153625488, 116.465187073, -13.8476963043, -16.0206050873, -106.086601257, -131.030441284, 37.5397338867, 266.239685059, -7.56948137283, -55.5580177307, 39.731086731, -42.8121490479, -12.1962251663], [-198.530441284, 96.9034576416, 333.986206055, 0.467413127422, -30.0974693298, 34.7949714661, -64.2932662964, -7.56948137283, 338.465332031, 121.870201111, -97.3620986938, -50.432975769, -94.5540847778], [33.2982749939, 5.95110225677, 96.8018264771, -0.13631939888, -83.8531188965, 43.3163070679, 29.4310932159, -55.5580177307, 121.870201111, 183.600601196, -49.1630439758, -37.6413764954, -60.7713127136], [-85.7674102783, -85.2008590698, -75.2169723511, 13.3593149185, -15.115940094, -45.1115188599, 17.6213607788, 39.731086731, -97.3620986938, -49.1630439758, 168.444061279, 12.3938789368, 51.7958335876], [-274.27557373, -230.221725464, -36.3098754883, 33.7308349609, 115.179550171, 55.803730011, -53.8915481567, -42.8121490479, -50.432975769, -37.6413764954, 12.3938789368, 188.712646484, 72.213394165], [-221.842025757, -192.628967285, -91.6471786499, -32.4716072083, 32.8789634705, 37.2910766602, 8.12828636169, -12.1962251663, -94.5540847778, -60.7713127136, 51.7958335876, 72.213394165, 190.298446655]],
