{
"lowlevel": {
    "average_loudness": 0.367025136948,
    "barkbands_crest": {
        "dmean": 1.46993076801,
        "dmean2": 2.23180818558,
        "dvar": 2.84203290939,
        "dvar2": 5.79835605621,
        "max": 26.8814067841,
        "mean": 17.3095588684,
        "median": 16.9828071594,
        "min": 5.78438568115,
        "var": 31.09856987
    },
    "barkbands_flatness_db": {
        "dmean": 0.0243639927357,
        "dmean2": 0.0404110997915,
        "dvar": 0.000490987265948,
        "dvar2": 0.00128494587261,
        "max": 0.697981476784,
        "mean": 0.48748677969,
        "median": 0.487567901611,
        "min": 0.0639585033059,
        "var": 0.00526273390278
    },
    "barkbands_kurtosis": {
        "dmean": 8.7929315567,
        "dmean2": 13.4501171112,
        "dvar": 849.490905762,
        "dvar2": 1704.77307129,
        "max": 896.357421875,
        "mean": 32.0632705688,
        "median": 5.54779243469,
        "min": -1.64936852455,
        "var": 8674.01171875
    },
    "barkbands_skewness": {
        "dmean": 0.687986433506,
        "dmean2": 1.12699246407,
        "dvar": 1.42881321907,
        "dvar2": 4.20834255219,
        "max": 23.2657871246,
        "mean": 1.10070884228,
        "median": 0.568199455738,
        "min": -4.55385065079,
        "var": 7.97538614273
    },
    "barkbands_spread": {
        "dmean": 0.379450649023,
        "dmean2": 0.540424644947,
        "dvar": 0.881889283657,
        "dvar2": 1.10603380203,
        "max": 30.4205112457,
        "mean": 1.85071361065,
        "median": 1.4195100069,
        "min": 0.0237594768405,
        "var": 3.73233699799
    },
    "dissonance": {
        "dmean": 0.0592249929905,
        "dmean2": 0.10345184803,
        "dvar": 0.0038929823786,
        "dvar2": 0.00979731697589,
        "max": 0.497581601143,
        "mean": 0.311102122068,
        "median": 0.332137525082,
        "min": 0.0315325930715,
        "var": 0.0108238067478
    },
    "dynamic_complexity": 9.4163646698,
    "erbbands_crest": {
        "dmean": 1.80447089672,
        "dmean2": 2.81850266457,
        "dvar": 3.9000544548,
        "dvar2": 9.13069725037,
        "max": 32.0831756592,
        "mean": 20.1088867188,
        "median": 20.3560409546,
        "min": 3.22282242775,
        "var": 30.7460346222
    },
    "erbbands_flatness_db": {
        "dmean": 0.017554635182,
        "dmean2": 0.0285122729838,
        "dvar": 0.000294142664643,
        "dvar2": 0.000685160921421,
        "max": 0.662377774715,
        "mean": 0.498632252216,
        "median": 0.501962780952,
        "min": 0.0954813435674,
        "var": 0.00423816591501
    },
    "erbbands_kurtosis": {
        "dmean": 2.52835536003,
        "dmean2": 3.47956252098,
        "dvar": 12.0534963608,
        "dvar2": 24.0751399994,
        "max": 76.249420166,
        "mean": 9.84899520874,
        "median": 5.78914737701,
        "min": -1.57109630108,
        "var": 146.535125732
    },
    "erbbands_skewness": {
        "dmean": 0.366325855255,
        "dmean2": 0.51642781496,
        "dvar": 0.16930937767,
        "dvar2": 0.340757697821,
        "max": 5.91126871109,
        "mean": 1.17991125584,
        "median": 1.00166451931,
        "min": -2.66545176506,
        "var": 2.37658452988
    },
    "erbbands_spread": {
        "dmean": 0.592765748501,
        "dmean2": 0.874072372913,
        "dvar": 1.69567573071,
        "dvar2": 2.90718102455,
        "max": 36.257194519,
        "mean": 3.32970690727,
        "median": 2.74743080139,
        "min": 0.259660810232,
        "var": 7.75943231583
    },
    "hfc": {
        "dmean": 1.28301465511,
        "dmean2": 1.6940933466,
        "dvar": 19.4350090027,
        "dvar2": 34.3501739502,
        "max": 114.610458374,
        "mean": 5.48168945312,
        "median": 0.995678126812,
        "min": 1.22915770008e-16,
        "var": 137.709838867
    },
    "melbands_crest": {
        "dmean": 1.91383123398,
        "dmean2": 2.89644527435,
        "dvar": 4.1859536171,
        "dvar2": 8.97165966034,
        "max": 31.852930069,
        "mean": 20.4772701263,
        "median": 20.529712677,
        "min": 2.06874465942,
        "var": 32.5602874756
    },
    "melbands_flatness_db": {
        "dmean": 0.0266511905938,
        "dmean2": 0.0445567592978,
        "dvar": 0.000625988293905,
        "dvar2": 0.0015074898256,
        "max": 0.819165229797,
        "mean": 0.607511222363,
        "median": 0.611590206623,
        "min": 0.00655787391588,
        "var": 0.0053084930405
    },
    "melbands_kurtosis": {
        "dmean": 2.7425198555,
        "dmean2": 4.17607116699,
        "dvar": 17.2429542542,
        "dvar2": 39.3383598328,
        "max": 88.8595275879,
        "mean": 9.7488079071,
        "median": 4.81437253952,
        "min": -1.63502848148,
        "var": 144.51902771
    },
    "melbands_skewness": {
        "dmean": 0.440996021032,
        "dmean2": 0.687384366989,
        "dvar": 0.251665592194,
        "dvar2": 0.643866181374,
        "max": 4.75847768784,
        "mean": 0.584864318371,
        "median": 0.601518392563,
        "min": -4.06840467453,
        "var": 2.09953999519
    },
    "melbands_spread": {
        "dmean": 0.743563055992,
        "dmean2": 1.02678072453,
        "dvar": 20.0969314575,
        "dvar2": 18.9021244049,
        "max": 153.586853027,
        "mean": 3.19320416451,
        "median": 2.45539689064,
        "min": 0.245285004377,
        "var": 28.9976806641
    },
    "pitch_salience": {
        "dmean": 0.0439538285136,
        "dmean2": 0.0696106925607,
        "dvar": 0.00275723892264,
        "dvar2": 0.00707325199619,
        "max": 0.988225758076,
        "mean": 0.367649465799,
        "median": 0.399216413498,
        "min": 0.0318843089044,
        "var": 0.0184868890792
    },
    "silence_rate_20dB": {
        "dmean": 0,
        "dmean2": 0,
        "dvar": 0,
        "dvar2": 0,
        "max": 1,
        "mean": 1,
        "median": 1,
        "min": 1,
        "var": 0
    },
    "silence_rate_30dB": {
        "dmean": 0.00723140500486,
        "dmean2": 0.0144702838734,
        "dvar": 0.00717922626063,
        "dvar2": 0.0173620581627,
        "max": 1,
        "mean": 0.984512150288,
        "median": 1,
        "min": 0,
        "var": 0.0152483517304
    },
    "silence_rate_60dB": {
        "dmean": 0.0361570231616,
        "dmean2": 0.0723514184356,
        "dvar": 0.0348495841026,
        "dvar2": 0.0722841620445,
        "max": 1,
        "mean": 0.551368117332,
        "median": 1,
        "min": 0,
        "var": 0.247359514236
    },
    "spectral_centroid": {
        "dmean": 21.0951080322,
        "dmean2": 27.6366920471,
        "dvar": 51202.3710938,
        "dvar2": 44393.6054688,
        "max": 11106.3476562,
        "mean": 467.748687744,
        "median": 431.571044922,
        "min": 317.339172363,
        "var": 67344.1328125
    },
    "spectral_complexity": {
        "dmean": 0.477272719145,
        "dmean2": 0.834108531475,
        "dvar": 0.758774995804,
        "dvar2": 1.45723664761,
        "max": 14,
        "mean": 3.33866810799,
        "median": 3,
        "min": 0,
        "var": 6.19608449936
    },
    "spectral_decrease": {
        "dmean": 6.81546930004e-10,
        "dmean2": 9.08226716057e-10,
        "dvar": 4.84315158548e-18,
        "dvar2": 8.41332514781e-18,
        "max": 3.25907730934e-29,
        "mean": -2.91548851727e-09,
        "median": -5.87992265988e-10,
        "min": -5.77651348976e-08,
        "var": 3.36065284907e-17
    },
    "spectral_energy": {
        "dmean": 0.00268814060837,
        "dmean2": 0.00358105730265,
        "dvar": 7.55774817662e-05,
        "dvar2": 0.000131290042191,
        "max": 0.228414520621,
        "mean": 0.0115009173751,
        "median": 0.00231429911219,
        "min": 1.10258199645e-20,
        "var": 0.000525691895746
    },
    "spectral_energyband_high": {
        "dmean": 1.23918058037e-08,
        "dmean2": 2.06027692684e-08,
        "dvar": 8.9110356328e-15,
        "dvar2": 1.99117218753e-14,
        "max": 2.50953985415e-06,
        "mean": 1.64317093265e-08,
        "median": 1.23324950252e-09,
        "min": 8.23747651452e-21,
        "var": 1.12040520768e-14
    },
    "spectral_energyband_low": {
        "dmean": 0.000101898767753,
        "dmean2": 0.000146422229591,
        "dvar": 1.68013045254e-07,
        "dvar2": 2.94197917583e-07,
        "max": 0.0172020215541,
        "mean": 0.000444147881353,
        "median": 1.05622384581e-05,
        "min": 1.68356195281e-22,
        "var": 2.02560863727e-06
    },
    "spectral_energyband_middle_high": {
        "dmean": 9.74512149696e-05,
        "dmean2": 0.000131799562951,
        "dvar": 1.65343089975e-06,
        "dvar2": 3.99894088332e-06,
        "max": 0.0510657355189,
        "mean": 0.000230091318372,
        "median": 2.13675466512e-05,
        "min": 1.29329890721e-21,
        "var": 2.40076974478e-06
    },
    "spectral_energyband_middle_low": {
        "dmean": 0.00262915855274,
        "dmean2": 0.0035274233669,
        "dvar": 7.05358906998e-05,
        "dvar2": 0.000125083082821,
        "max": 0.221547931433,
        "mean": 0.0110292714089,
        "median": 0.00219024997205,
        "min": 2.5801479362e-22,
        "var": 0.000481573661091
    },
    "spectral_entropy": {
        "dmean": 0.131458893418,
        "dmean2": 0.202250406146,
        "dvar": 0.0308722127229,
        "dvar2": 0.0572964288294,
        "max": 9.79668331146,
        "mean": 4.53128433228,
        "median": 4.59071016312,
        "min": 3.03608059883,
        "var": 0.325940966606
    },
    "spectral_flux": {
        "dmean": 0.00898177642375,
        "dmean2": 0.0147656640038,
        "dvar": 0.000557161169127,
        "dvar2": 0.00126218469813,
        "max": 0.282697290182,
        "mean": 0.0168608743697,
        "median": 0.0100201601163,
        "min": 1.05003901407e-10,
        "var": 0.000738002941944
    },
    "spectral_kurtosis": {
        "dmean": 93.3381958008,
        "dmean2": 165.432006836,
        "dvar": 9696.04882812,
        "dvar2": 29606.7558594,
        "max": 1153.22839355,
        "mean": 262.514251709,
        "median": 246.009185791,
        "min": -1.21489918232,
        "var": 16134.7714844
    },
    "spectral_rms": {
        "dmean": 0.000303767912555,
        "dmean2": 0.000406406790717,
        "dvar": 4.93575953442e-07,
        "dvar2": 8.09596144791e-07,
        "max": 0.0149279413745,
        "mean": 0.00238463422284,
        "median": 0.00150261539966,
        "min": 3.27977098605e-12,
        "var": 5.53391737412e-06
    },
    "spectral_rolloff": {
        "dmean": 41.0975837708,
        "dmean2": 60.8268318176,
        "dvar": 280338.375,
        "dvar2": 270789.1875,
        "max": 18884.6191406,
        "mean": 569.734680176,
        "median": 559.86328125,
        "min": 322.998046875,
        "var": 310117.125
    },
    "spectral_skewness": {
        "dmean": 2.09569382668,
        "dmean2": 3.65393137932,
        "dvar": 3.83673930168,
        "dvar2": 11.4308872223,
        "max": 27.5134086609,
        "mean": 13.1138849258,
        "median": 13.358496666,
        "min": -0.00100884470157,
        "var": 11.570681572
    },
    "spectral_spread": {
        "dmean": 417972.0625,
        "dmean2": 725208.5,
        "dvar": 948705034240,
        "dvar2": 1.45739926733e+12,
        "max": 39767924,
        "mean": 830758.9375,
        "median": 679814.4375,
        "min": 86312.1796875,
        "var": 1.93671908557e+12
    },
    "spectral_strongpeak": {
        "dmean": 0.221279650927,
        "dmean2": 0.328045517206,
        "dvar": 0.201485186815,
        "dvar2": 0.392740279436,
        "max": 9.04780483246,
        "mean": 1.12554776669,
        "median": 0.613219976425,
        "min": 6.4196052918e-09,
        "var": 1.75731861591
    },
    "zerocrossingrate": {
        "dmean": 0.00150191877037,
        "dmean2": 0.00182468304411,
        "dvar": 0.000235923798755,
        "dvar2": 0.000245636765612,
        "max": 0.50927734375,
        "mean": 0.0218443460763,
        "median": 0.0205078125,
        "min": 0.00732421875,
        "var": 0.000251279096119
    },
    "barkbands": {
        "dmean": [1.09808786419e-06, 2.01367238333e-05, 6.12816729699e-05, 4.2188748921e-05, 0.000209465157241, 0.000680489989463, 0.000874506251421, 0.000757325207815, 0.000452237960417, 2.95270583592e-05, 5.70996126044e-05, 1.8517324861e-05, 3.77062519874e-06, 4.18140643887e-06, 7.54776522172e-07, 1.13049748052e-06, 6.56293025258e-07, 1.29946812422e-07, 7.0992506096e-08, 1.49076342382e-08, 5.77495651299e-09, 9.82903425317e-10, 5.21662990582e-10, 4.40510489197e-10, 4.22433393821e-10, 4.25024793138e-10, 4.34097952029e-10],
        "dmean2": [1.81054542736e-06, 3.2145253499e-05, 9.63928323472e-05, 5.93568911427e-05, 0.000312444375595, 0.0010797851719, 0.00122258765623, 0.00100056501105, 0.000520091794897, 3.49237816408e-05, 7.5981784903e-05, 3.01012059936e-05, 5.19847390024e-06, 5.44416343473e-06, 1.03606964785e-06, 1.92446259462e-06, 9.57338556873e-07, 2.02242844694e-07, 1.13094692722e-07, 2.44189752863e-08, 9.20447185138e-09, 1.6675266723e-09, 9.25188314849e-10, 7.9291079258e-10, 7.63379526258e-10, 7.67321761685e-10, 7.86871512393e-10],
        "dvar": [5.00380882562e-11, 1.01584713974e-08, 6.18128623842e-08, 3.13656443041e-08, 7.6338864119e-07, 8.37248899188e-06, 1.52826032718e-05, 1.93472696992e-05, 5.59665340916e-06, 3.23766577992e-08, 1.0398014183e-06, 6.00616729685e-08, 3.28581190034e-10, 1.18718312958e-09, 2.37644799672e-11, 1.12322429136e-10, 1.25151373639e-11, 2.20433198604e-12, 3.70747947316e-13, 1.17286068756e-14, 2.93623844111e-15, 3.07921159396e-17, 2.31481448621e-18, 1.16349632639e-18, 1.06801962457e-18, 1.02113750899e-18, 1.17353840242e-18],
        "dvar2": [1.22112459033e-10, 2.20345821589e-08, 1.26514450471e-07, 5.63139543885e-08, 1.61877915161e-06, 1.85000681086e-05, 3.17139019899e-05, 3.04000714095e-05, 1.00491242847e-05, 6.85465479933e-08, 2.41002862822e-06, 1.67465188383e-07, 7.10827063877e-10, 2.43261166766e-09, 3.72225722467e-11, 3.19162890561e-10, 2.84074534729e-11, 3.83317422942e-12, 7.08603531754e-13, 2.43039739538e-14, 7.42678488153e-15, 6.77173062828e-17, 6.16197485332e-18, 3.50135296254e-18, 3.23942601478e-18, 3.10200257051e-18, 3.56096207902e-18],
        "max": [0.000139507610584, 0.00179774116259, 0.0096895750612, 0.00801970250905, 0.0169442147017, 0.063767388463, 0.0799774900079, 0.19030533731, 0.0907831192017, 0.00711293239146, 0.04116826877, 0.00878920406103, 0.000419754331233, 0.00120649544988, 0.000150865264004, 0.000261214852799, 8.52556113387e-05, 5.08473603986e-05, 1.60430408869e-05, 2.95963536701e-06, 1.64279833825e-06, 1.45701804399e-07, 2.70906994615e-08, 1.89097235648e-08, 1.81166779356e-08, 1.77416534797e-08, 1.89641315984e-08],
        "mean": [9.12337668524e-07, 2.56764706137e-05, 0.000240788314841, 0.000192284656805, 0.000408167310525, 0.00232181861065, 0.00326198409311, 0.0024966110941, 0.00229540443979, 0.000101925237686, 0.000104811551864, 2.69529227808e-05, 8.11912832432e-06, 1.03791107904e-05, 1.88099920706e-06, 1.56776889071e-06, 1.306077138e-06, 1.9600904011e-07, 1.13582544259e-07, 2.43833717661e-08, 7.15854353572e-09, 1.28453858661e-09, 5.54090495708e-10, 4.59466159564e-10, 4.69887462273e-10, 5.2105098014e-10, 4.61425703202e-10],
        "median": [5.71885792056e-08, 2.11785936699e-06, 4.48172886536e-06, 2.35481343225e-06, 1.98180950974e-05, 0.000188724050531, 9.76441297098e-05, 6.95073031238e-05, 7.56059307605e-05, 6.56093970974e-06, 1.89712170595e-06, 1.60805780069e-06, 7.60299371905e-07, 1.60454064257e-07, 9.8546642846e-08, 2.34805082044e-08, 2.04078141053e-08, 2.93353408232e-09, 1.70125236121e-09, 4.35535746357e-10, 1.95880311971e-10, 1.23460713874e-10, 1.09311906749e-10, 1.30024394029e-10, 1.81227435836e-10, 2.69736954994e-10, 1.3890358308e-10],
        "min": [1.23247992761e-22, 8.86450256717e-23, 6.45869689844e-24, 9.26207268619e-24, 5.73870875673e-23, 1.82003873905e-23, 3.65508129698e-23, 4.33315899429e-23, 8.34564855497e-23, 3.92097948686e-23, 9.33529791085e-23, 5.75854513751e-23, 7.19740407835e-23, 1.0409635587e-22, 2.24632850684e-22, 7.73599223495e-23, 1.33391544933e-22, 1.75372160089e-22, 1.91398001907e-22, 3.38427184843e-22, 4.5172366573e-22, 6.48723716024e-22, 5.25876388872e-22, 1.04688289325e-21, 1.31728886154e-21, 1.77492259744e-21, 2.77295841564e-21],
        "var": [4.29103870492e-11, 1.56989337086e-08, 6.1272567109e-07, 4.32197793998e-07, 2.07053039958e-06, 3.5380537156e-05, 8.01406858955e-05, 0.000103985388705, 8.43576417537e-05, 1.25520543293e-07, 1.62514550084e-06, 5.03815336117e-08, 7.11405490073e-10, 2.80560175092e-09, 8.79576966817e-11, 1.06263289834e-10, 3.04093139558e-11, 3.85033324668e-12, 6.11847053057e-13, 2.01189417096e-14, 3.40154137936e-15, 4.16046668736e-17, 2.66491619893e-18, 1.17859588809e-18, 1.01795182966e-18, 9.57866153747e-19, 1.12351331071e-18]
    },
    "erbbands": {
        "dmean": [0.000167090416653, 0.00605766009539, 0.0493521653116, 0.145392656326, 0.0847538039088, 0.737858295441, 3.73096203804, 6.12362718582, 13.7181358337, 12.7820158005, 15.72539711, 7.5016374588, 1.20153558254, 0.523153185844, 2.9027428627, 0.651068866253, 0.212548494339, 0.211065456271, 0.0859190523624, 0.0473038181663, 0.0537202619016, 0.041807629168, 0.0126620884985, 0.005052623339, 0.00123418343719, 0.000553861202206, 0.000434804096585, 8.44101596158e-05, 3.86214524042e-05, 2.41358702624e-05, 1.46209977174e-05, 1.04240871224e-05, 7.49504988562e-06, 5.34313676326e-06, 3.66416566067e-06, 2.30948126045e-06, 1.22404264857e-06, 3.52939224513e-07, 1.28271130961e-06, 3.01994828078e-06],
        "dmean2": [0.000275457452517, 0.0094642797485, 0.0769216939807, 0.200611010194, 0.126262202859, 1.09774935246, 5.37304496765, 9.80831718445, 19.2355175018, 16.1074047089, 20.6633338928, 9.15918254852, 1.38414549828, 0.64488273859, 4.04880714417, 0.93488496542, 0.279777914286, 0.289218962193, 0.103942848742, 0.0702120214701, 0.0898696780205, 0.06205303967, 0.0190522875637, 0.00805819407105, 0.00182463822421, 0.00088683393551, 0.000709742307663, 0.000138144328957, 6.46193002467e-05, 4.0323844587e-05, 2.55159557128e-05, 1.80749884748e-05, 1.28261572172e-05, 8.90007595444e-06, 5.95896744926e-06, 3.64581842405e-06, 1.88835326753e-06, 5.73456702568e-07, 1.69298971286e-06, 4.02004479838e-06],
        "dvar": [6.08078437381e-07, 0.0008978357655, 0.0405219905078, 0.382294714451, 0.302747696638, 12.7387132645, 294.114624023, 944.011413574, 3930.96850586, 5450.41796875, 5389.63671875, 1423.92175293, 45.0879859924, 14.0255098343, 2986.57543945, 60.9673118591, 1.02607524395, 2.96173810959, 0.376244574785, 0.072966247797, 0.318025767803, 0.0535378530622, 0.0115761617199, 0.00199862802401, 4.34081921412e-05, 1.25417864183e-05, 1.587427505e-05, 3.49927773868e-07, 4.02906294994e-08, 1.62997562114e-08, 1.85460613533e-09, 6.53032627973e-10, 3.27540050638e-10, 1.64463831442e-10, 7.77781936079e-11, 3.35450174582e-11, 1.01905914263e-11, 6.99114485921e-13, 1.72838184737e-11, 9.57732435025e-11],
        "dvar2": [1.53099517775e-06, 0.00184178433847, 0.0778736248612, 0.659170031548, 0.69220918417, 26.6726894379, 527.041259766, 2164.64672852, 8039.27783203, 7772.46435547, 10455.3222656, 2835.74365234, 90.7114028931, 34.8586845398, 7113.31787109, 153.783660889, 2.11458563805, 6.47409296036, 0.537358820438, 0.159301504493, 0.904695212841, 0.12295883894, 0.020347410813, 0.00383424689062, 8.38682171889e-05, 2.59136977547e-05, 3.86500068998e-05, 8.57118891417e-07, 8.4673423828e-08, 3.85639147282e-08, 4.96500218716e-09, 1.7773036376e-09, 8.69893879152e-10, 4.05981359641e-10, 1.69818770157e-10, 6.32073560158e-11, 1.75942663216e-11, 1.47653352219e-12, 2.95101339198e-11, 1.6625588406e-10],
        "max": [0.0140961725265, 0.557714164257, 5.89766836166, 30.1488990784, 17.2683467865, 96.3055038452, 557.425170898, 804.489013672, 1463.38659668, 3367.14038086, 2233.32299805, 1347.30615234, 273.610443115, 131.232894897, 2194.0234375, 305.085662842, 22.5941772461, 63.217464447, 27.3033561707, 6.11162757874, 17.7911529541, 6.03777980804, 3.5593624115, 1.19460761547, 0.13751681149, 0.0782890021801, 0.10999738425, 0.0146398609504, 0.00495081581175, 0.00391284795478, 0.000884914421476, 0.000489768630359, 0.000378809898393, 0.000281991611701, 0.000200680471607, 0.00014109199401, 8.247277583e-05, 1.88809353858e-05, 0.000110324603156, 0.000257400097325],
        "mean": [0.00024937253329, 0.00961000937968, 0.16201390326, 0.716621100903, 0.214920207858, 1.68132102489, 12.162314415, 20.2881240845, 44.5805664062, 48.9505157471, 66.0710296631, 35.8688087463, 4.75649404526, 1.64011609554, 4.92380952835, 1.12076687813, 0.473626583815, 0.521781563759, 0.219896167517, 0.102796167135, 0.0807866379619, 0.0848010331392, 0.022323159501, 0.00804951414466, 0.00218586623669, 0.00093275558902, 0.000561663124245, 0.000119420990814, 5.80119085498e-05, 3.13135278702e-05, 2.06707300094e-05, 1.68739807123e-05, 1.43862862387e-05, 1.22400242617e-05, 1.00727165773e-05, 7.55066139391e-06, 4.40070743934e-06, 9.96810513243e-07, 5.53742393095e-06, 1.2929793229e-05],
        "median": [2.60931738012e-05, 0.000875359692145, 0.00485645793378, 0.00879533495754, 0.00946148205549, 0.116326138377, 0.822199046612, 1.85384976864, 2.20783805847, 2.64112186432, 2.99288272858, 1.91241300106, 0.543635070324, 0.235148951411, 0.0850895568728, 0.0740271657705, 0.0528549440205, 0.0215187110007, 0.0115265138447, 0.00610464205965, 0.00244974601083, 0.00176789204124, 0.000612865260337, 0.000153331668116, 5.57682651561e-05, 2.43581398536e-05, 1.30641583382e-05, 8.10422989161e-06, 6.43567136649e-06, 5.15438887305e-06, 4.78312040286e-06, 4.22061657446e-06, 3.89745764551e-06, 3.34621427101e-06, 2.81793813883e-06, 2.08175424632e-06, 1.17838078495e-06, 2.94872364748e-07, 1.11070266939e-06, 2.59125931734e-06],
        "min": [4.87090715919e-21, 1.18654034395e-20, 7.88194556308e-21, 2.93007277e-20, 4.4310666316e-20, 2.7503558912e-19, 1.80443983482e-19, 1.82541041431e-19, 4.46437596702e-19, 8.7939214942e-19, 1.06202184135e-18, 1.68033697109e-18, 1.46250815916e-18, 1.93432753446e-18, 3.97762163896e-18, 2.25680265549e-18, 3.18783310561e-18, 5.5770791645e-18, 8.50271855661e-18, 9.45701863134e-18, 5.55490327946e-18, 7.84472533064e-18, 9.79912398908e-18, 8.2042246423e-18, 1.17071881255e-17, 1.56154841709e-17, 2.13701565314e-17, 1.52603474098e-17, 2.00488479994e-17, 2.11040905786e-17, 1.54832891285e-17, 2.0829493085e-17, 1.69082549718e-17, 1.23863604839e-17, 1.10767118898e-17, 5.60840159917e-18, 3.49394638734e-18, 1.39734318069e-18, 3.40397100528e-19, 4.16829978533e-20],
        "var": [8.94520439942e-07, 0.00156546686776, 0.261260390282, 5.95881080627, 0.720053553581, 34.9706764221, 1783.31762695, 2941.29003906, 16101.8447266, 34074.2460938, 52361.3789062, 18273.8515625, 199.207366943, 26.6348934174, 4386.48828125, 77.4287872314, 2.33071184158, 6.3745341301, 1.2167634964, 0.174562633038, 0.282639592886, 0.134888440371, 0.0210893061012, 0.00322177889757, 9.14035917958e-05, 2.24517261813e-05, 1.88823141798e-05, 4.00812098178e-07, 5.95100821954e-08, 1.72426481981e-08, 2.56338772431e-09, 1.24626353681e-09, 7.97920618467e-10, 5.37265787415e-10, 3.49275497413e-10, 1.938765537e-10, 6.61042817707e-11, 3.39017746168e-12, 1.22596044427e-10, 6.68255228931e-10]
    },
    "gfcc": {
        "mean": [-381.058990479, 231.382385254, -72.327041626, -89.6642608643, -59.0401573181, -33.6512641907, -33.3791656494, -4.2903676033, 0.895857810974, -4.41102838516, -3.57510900497, -10.8263273239, -6.93509912491],
        "cov": [[12801.3759766, 2168.19750977, -2496.33569336, -446.621643066, 1805.5847168, -821.639709473, 18.7291164398, -120.007171631, 383.021942139, -213.666595459, 439.475494385, -280.581848145, 91.9456863403], [2168.19750977, 1020.68121338, -239.508590698, -177.989761353, 490.716339111, -3.93731427193, -98.0733947754, -248.013824463, -57.7919273376, -156.078979492, -2.34947395325, -125.959991455, 60.0788192749], [-2496.33569336, -239.508590698, 1199.45800781, 155.136444092, -639.863220215, 201.572372437, -34.4918823242, -165.292068481, -262.410827637, -46.7318115234, -157.934661865, 23.3959312439, 3.89551281929], [-446.621643066, -177.989761353, 155.136444092, 367.703979492, -8.07310009003, 62.0691375732, 40.0857124329, 11.0532102585, -139.605316162, -40.4228553772, -112.667312622, -31.3624210358, -63.0421905518], [1805.5847168, 490.716339111, -639.863220215, -8.07310009003, 630.942932129, -32.7404212952, -4.36980342865, 9.31399440765, 81.2166290283, -66.8959503174, 20.8477840424, -95.2402191162, -23.6960601807], [-821.639709473, -3.93731427193, 201.572372437, 62.0691375732, -32.7404212952, 206.563308716, 39.1245994568, -34.7784576416, -64.9322738647, -13.3564920425, -100.826255798, -53.3225631714, -51.2690200806], [18.7291164398, -98.0733947754, -34.4918823242, 40.0857124329, -4.36980342865, 39.1245994568, 135.116073608, 104.82900238, 38.3428459167, 26.8219909668, -13.3568601608, -37.710319519, -52.558177948], [-120.007171631, -248.013824463, -165.292068481, 11.0532102585, 9.31399440765, -34.7784576416, 104.82900238, 258.367614746, 158.791763306, 36.2675552368, -19.211359024, -4.68698883057, -56.4099159241], [383.021942139, -57.7919273376, -262.410827637, -139.605316162, 81.2166290283, -64.9322738647, 38.3428459167, 158.791763306, 249.905593872, 81.5390548706, 41.7861557007, -11.9541959763, -13.30651474], [-213.666595459, -156.078979492, -46.7318115234, -40.4228553772, -66.8959503174, -13.3564920425, 26.8219909668, 36.2675552368, 81.5390548706, 141.399459839, 117.855705261, 48.0791015625, 0.17896977067], [439.475494385, -2.34947395325, -157.934661865, -112.667312622, 20.8477840424, -100.826255798, -13.3568601608, -19.211359024, 41.7861557007, 117.855705261, 281.915374756, 149.818740845, 62.5260620117], [-280.581848145, -125.959991455, 23.3959312439, -31.3624210358, -95.2402191162, -53.3225631714, -37.710319519, -4.68698883057, -11.9541959763, 48.0791015625, 149.818740845, 171.009872437, 88.9304504395], [91.9456863403, 60.0788192749, 3.89551281929, -63.0421905518, -23.6960601807, -51.2690200806, -52.558177948, -56.4099159241, -13.30651474, 0.17896977067, 62.5260620117, 88.9304504395, 122.426475525]],
        "icov": [[0.000446072575869, -0.000816418614704, 0.000714235531632, -0.000715515983757, 0.000530985184014, 0.00122470816132, -0.00112982117571, 0.000894862227142, -0.000989172956906, 0.00129827763885, -0.000995635171421, 0.000758698850404, 6.53578754282e-05], [-0.000816418614704, 0.00720948772505, -0.00337002193555, 0.00410679355264, -0.00629938021302, -0.00169681035914, 0.000920550141018, 0.00191584520508, 0.00153353798669, 0.00171457231045, -0.00103392964229, 0.00366177852266, -0.00332238711417], [0.000714235531632, -0.00337002193555, 0.00611494062468, -0.00474056461826, 0.00838724523783, -0.00283620483242, 0.00092942250194, 0.000593889562879, -0.00304525438696, 0.00609364034608, -0.0052849734202, 0.0043100300245, -0.00118153961375], [-0.000715515983757, 0.00410679355264, -0.00474056461826, 0.0118911620229, -0.0099776731804, 0.00489394180477, -0.00332082086243, -0.000265550246695, 0.0102885011584, -0.0117844594643, 0.0133914109319, -0.0105651728809, 0.00533704645932], [0.000530985184014, -0.00629938021302, 0.00838724523783, -0.0099776731804, 0.0173484217376, -0.00824633520097, 0.00568396551535, -0.00312926876359, -0.007159861736, 0.0126742040738, -0.0139328408986, 0.0117468601093, -0.00402326090261], [0.00122470816132, -0.00169681035914, -0.00283620483242, 0.00489394180477, -0.00824633520097, 0.0207108166069, -0.0137155931443, 0.00886745657772, 0.00273088621907, -0.0112920543179, 0.0167509075254, -0.0159900654107, 0.0111713372171], [-0.00112982117571, 0.000920550141018, 0.00092942250194, -0.00332082086243, 0.00568396551535, -0.0137155931443, 0.0254165884107, -0.0169581547379, 0.0045313667506, 0.00217757653445, -0.0137391835451, 0.0184120796621, -0.00875694677234], [0.000894862227142, 0.00191584520508, 0.000593889562879, -0.000265550246695, -0.00312926876359, 0.00886745657772, -0.0169581547379, 0.0249458402395, -0.0137708792463, 0.0058358781971, 0.00807555951178, -0.0143399704248, 0.010340760462], [-0.000989172956906, 0.00153353798669, -0.00304525438696, 0.0102885011584, -0.007159861736, 0.00273088621907, 0.0045313667506, -0.0137708792463, 0.0242179539055, -0.0209038946778, 0.0116638587788, -0.00325595424511, -0.000185898461496], [0.00129827763885, 0.00171457231045, 0.00609364034608, -0.0117844594643, 0.0126742040738, -0.0112920543179, 0.00217757653445, 0.0058358781971, -0.0209038946778, 0.0451176837087, -0.035619687289, 0.0271454900503, -0.0105951270089], [-0.000995635171421, -0.00103392964229, -0.0052849734202, 0.0133914109319, -0.0139328408986, 0.0167509075254, -0.0137391835451, 0.00807555951178, 0.0116638587788, -0.035619687289, 0.0475099533796, -0.0463823489845, 0.0212072655559], [0.000758698850404, 0.00366177852266, 0.0043100300245, -0.0105651728809, 0.0117468601093, -0.0159900654107, 0.0184120796621, -0.0143399704248, -0.00325595424511, 0.0271454900503, -0.0463823489845, 0.062520802021, -0.0331899486482], [6.53578754282e-05, -0.00332238711417, -0.00118153961375, 0.00533704645932, -0.00402326090261, 0.0111713372171, -0.00875694677234, 0.010340760462, -0.000185898461496, -0.0105951270089, 0.0212072655559, -0.0331899486482, 0.0307135414332]]
    },
    "melbands": {
        "dmean": [3.42531461683e-06, 1.99255027837e-05, 2.07033190236e-05, 2.21259815589e-05, 0.000110021785076, 0.000146862570546, 0.000190406819456, 0.000150881081936, 0.000139530267916, 3.98914089601e-05, 5.16809041073e-06, 1.81130633337e-06, 7.90713693277e-06, 4.24977633884e-06, 8.9896946065e-07, 3.77479381086e-07, 4.3123981186e-07, 1.66106559618e-07, 7.84418361377e-08, 7.85036107231e-08, 5.37967181913e-08, 4.54635724623e-08, 1.90990387949e-08, 5.68429481262e-09, 4.5719685815e-09, 1.08007192079e-09, 7.07030212155e-10, 2.65838906444e-10, 3.51353973693e-10, 9.82935260962e-11, 3.43074804676e-11, 2.19508092258e-11, 1.62826401667e-11, 1.19240277374e-11, 8.47258027625e-12, 6.89665121886e-12, 5.88914420702e-12, 5.03593217474e-12, 4.44483685968e-12, 3.95707164952e-12],
        "dmean2": [5.5228401834e-06, 3.07343070745e-05, 2.85502082988e-05, 3.3067764889e-05, 0.000159429080668, 0.000229367782595, 0.000269709475106, 0.000190889681107, 0.000179391587153, 4.81198294437e-05, 5.89243109061e-06, 2.1371904495e-06, 1.0973901226e-05, 6.20896480541e-06, 1.17369438613e-06, 5.01912552409e-07, 5.96994595981e-07, 1.98180146072e-07, 1.06394196564e-07, 1.32283176413e-07, 9.03892640736e-08, 6.71642013117e-08, 2.79756964261e-08, 8.65185967314e-09, 7.39616456968e-09, 1.58135693429e-09, 1.11092302024e-09, 4.40167541305e-10, 5.83460557646e-10, 1.59581112213e-10, 5.77499610632e-11, 3.77410255825e-11, 2.756019718e-11, 2.03329957038e-11, 1.52062789444e-11, 1.22629502039e-11, 1.05710856735e-11, 9.06227003161e-12, 8.00872996393e-12, 7.13310834011e-12],
        "dvar": [2.85606566175e-10, 6.61639187882e-09, 7.06824865304e-09, 1.93762890177e-08, 2.17946706016e-07, 4.67316965569e-07, 7.36977654014e-07, 8.63212619606e-07, 4.5994715947e-07, 3.87283094483e-08, 1.08138842325e-09, 6.31495550296e-11, 2.16703472944e-08, 5.35012034675e-09, 2.67892236172e-11, 4.01660605817e-12, 1.53274597875e-11, 1.79855414416e-12, 2.91830931165e-13, 4.7127297724e-13, 4.8669900575e-13, 7.07304698209e-14, 1.22947162637e-14, 3.25357277029e-15, 1.93738394366e-15, 4.41131946516e-17, 2.03249459986e-17, 4.67690399879e-18, 1.08988275262e-17, 1.06697913476e-18, 3.40633751731e-20, 1.52181958755e-20, 6.7762684248e-21, 3.63632959364e-21, 6.50703113186e-22, 2.95837455473e-22, 2.06241082482e-22, 1.49922156757e-22, 1.1572343355e-22, 9.01315551615e-23],
        "dvar2": [6.56054821579e-10, 1.23722596612e-08, 1.24052670358e-08, 3.98964701276e-08, 3.91115406728e-07, 1.04201637896e-06, 1.53179132667e-06, 1.23137715491e-06, 8.87944281658e-07, 7.6052806719e-08, 2.17995377305e-09, 1.36315000954e-10, 5.18107832193e-08, 1.31526451952e-08, 4.88654637587e-11, 8.75469662043e-12, 3.37032589337e-11, 2.44006355919e-12, 4.42666221604e-13, 1.33055534906e-12, 1.39044862863e-12, 1.63180829526e-13, 2.39668379001e-14, 5.67266816271e-15, 3.75656401602e-15, 8.63198637227e-17, 4.43647435846e-17, 9.57079153433e-18, 2.49662067848e-17, 2.758010207e-18, 8.1482602387e-20, 3.15628275684e-20, 1.52147966802e-20, 8.84568771709e-21, 1.85945758837e-21, 8.48585425516e-22, 6.18051339903e-22, 4.5234995818e-22, 3.5078359914e-22, 2.7275392126e-22],
        "max": [0.000310592819005, 0.00229917420074, 0.00411196472123, 0.00448348280042, 0.0143940523267, 0.0176389589906, 0.0191269591451, 0.0430551506579, 0.02318617329, 0.00707807810977, 0.00136525405105, 0.00017573707737, 0.00590032851323, 0.00291958777234, 0.000175506196683, 4.99233174196e-05, 0.000143782395753, 6.23019368504e-05, 1.70651346707e-05, 2.05658070627e-05, 2.38214925048e-05, 6.95262770023e-06, 2.63065498984e-06, 1.92356947082e-06, 1.1883305433e-06, 1.41509872265e-07, 9.49142417994e-08, 6.55539267314e-08, 7.72798571802e-08, 2.763444229e-08, 4.39499503457e-09, 3.27916582776e-09, 2.34581287728e-09, 1.93729166043e-09, 5.34596589219e-10, 2.79079259702e-10, 2.46482501076e-10, 2.16162643341e-10, 1.88512594423e-10, 1.67123259676e-10],
        "mean": [4.3976501729e-06, 6.55986877973e-05, 9.87814564724e-05, 4.41379052063e-05, 0.000347503199009, 0.00049269903684, 0.000657544936985, 0.000535436149221, 0.000622586929239, 0.00019157990755, 1.86142697203e-05, 6.15731096332e-06, 1.35078780659e-05, 6.99641032043e-06, 1.6637321778e-06, 8.11792403965e-07, 1.05439551135e-06, 4.15819215505e-07, 1.95631500333e-07, 1.13708459537e-07, 7.7055197778e-08, 9.17776148412e-08, 3.59670977446e-08, 8.88130191612e-09, 6.84613210566e-09, 1.83813853027e-09, 1.16513831916e-09, 4.07505362787e-10, 4.42274744605e-10, 1.1645344411e-10, 4.98646471336e-11, 3.01577166018e-11, 1.90740045286e-11, 1.2509265325e-11, 8.44468679012e-12, 6.96390558066e-12, 5.9837989598e-12, 5.25583309513e-12, 4.65236876801e-12, 4.25676811508e-12],
        "median": [3.82495386475e-07, 2.27405735131e-06, 1.25455358102e-06, 2.12376949094e-06, 2.97395909001e-05, 3.80724013667e-05, 2.31800495385e-05, 1.86782526725e-05, 1.49432617036e-05, 9.50434696279e-06, 1.40693725825e-06, 6.9000776648e-07, 2.38632281935e-07, 1.77113577138e-07, 1.33948901748e-07, 4.41788827743e-08, 1.89610140922e-08, 1.16439249354e-08, 7.66564856036e-09, 2.98852076419e-09, 1.39145095446e-09, 1.30408306376e-09, 6.4579530612e-10, 1.75204850628e-10, 8.3725450184e-11, 3.31852705038e-11, 1.96847312756e-11, 9.93541793975e-12, 7.29845003877e-12, 4.23769005997e-12, 3.57015719071e-12, 2.8054492323e-12, 2.43733223708e-12, 1.9978805936e-12, 1.821054375e-12, 1.67317939018e-12, 1.62800263721e-12, 1.59992093358e-12, 1.59491875002e-12, 1.60165403076e-12],
        "min": [4.05785663579e-23, 8.25515090524e-24, 4.48487856116e-24, 1.08906263268e-23, 8.77157317481e-24, 4.47689765538e-24, 6.43919783459e-24, 1.01314116032e-23, 1.02227467077e-23, 1.04308845021e-23, 7.19180505918e-24, 6.91326221786e-24, 1.37810623817e-23, 7.99344629993e-24, 4.01407887874e-24, 1.0095427713e-23, 9.32532749787e-24, 1.1845817765e-23, 1.63429276145e-23, 7.90926616387e-24, 6.462558767e-24, 7.64605404538e-24, 1.01917121308e-23, 6.54832806335e-24, 6.64567192133e-24, 7.16521176921e-24, 9.58639707015e-24, 1.06649474213e-23, 1.29799181234e-23, 1.24120037471e-23, 7.61478202137e-24, 9.82636382435e-24, 1.59108968957e-23, 1.00859179948e-23, 7.83401908871e-24, 1.04462901667e-23, 1.40191200926e-23, 1.00592284638e-23, 1.27501300414e-23, 9.501718374e-24],
        "var": [4.26503915518e-10, 4.15386018915e-08, 1.11193180885e-07, 4.48403802977e-08, 1.28260319343e-06, 1.61689945344e-06, 3.28609758071e-06, 4.99897123518e-06, 5.36851348443e-06, 5.10146207944e-07, 4.53065318595e-09, 2.84852558208e-10, 3.12941317304e-08, 7.34881799858e-09, 6.24832199869e-11, 8.59360499428e-12, 3.21666651648e-11, 6.01914611903e-12, 1.10241004693e-12, 5.03319174533e-13, 4.12046725949e-13, 1.76952351968e-13, 2.82625163642e-14, 5.65287215569e-15, 3.04380993134e-15, 9.9852551779e-17, 4.10390573144e-17, 6.84792471604e-18, 1.30750081962e-17, 1.07527337816e-18, 4.97439827825e-20, 2.16636873749e-20, 7.85354596464e-21, 3.49635310487e-21, 6.13185039995e-22, 3.16069554125e-22, 2.12568251813e-22, 1.50136449244e-22, 1.11648847068e-22, 8.71507401015e-23]
    },
    "mfcc": {
        "mean": [-950.245117188, 189.542663574, 52.0498580933, -20.3444232941, -29.4759979248, -27.2930107117, -23.8079338074, -14.7954130173, -6.49586343765, -1.26150846481, 3.16573262215, 4.31061315536, 0.388976365328],
        "cov": [[4283.13720703, 3185.71826172, -664.559936523, -709.615600586, 400.861114502, 272.387786865, -10.2613515854, 32.5456008911, -39.0296325684, -157.880218506, -102.638206482, 34.1781616211, 35.6376838684], [3185.71826172, 2547.06152344, -252.402267456, -552.776306152, 194.947998047, 218.651535034, 4.8978061676, -20.5661621094, -69.3813018799, -143.951126099, -114.761238098, -20.7074947357, 0.651945829391], [-664.559936523, -252.402267456, 477.320709229, 151.17414856, -190.901306152, -41.4373588562, 28.0130596161, -55.7915115356, -51.8261566162, -15.4309091568, -46.2315711975, -81.4621734619, -55.747505188], [-709.615600586, -552.776306152, 151.17414856, 271.976013184, 22.8679580688, -50.573059082, 16.4228496552, 23.6760520935, 13.6464567184, 15.9792976379, -10.1531095505, -40.3992500305, -46.4719161987], [400.861114502, 194.947998047, -190.901306152, 22.8679580688, 240.926574707, 127.255828857, 21.1738357544, 31.4409179688, 22.7827606201, -17.8713531494, -36.3720092773, -30.9625873566, -36.220287323], [272.387786865, 218.651535034, -41.4373588562, -50.573059082, 127.255828857, 187.306564331, 76.8171920776, -20.0223083496, -28.9635486603, -26.3059425354, -48.1386871338, -55.2594985962, -34.4905281067], [-10.2613515854, 4.8978061676, 28.0130596161, 16.4228496552, 21.1738357544, 76.8171920776, 90.2569351196, 25.6017284393, -17.3465442657, -7.82539987564, -5.46771097183, -15.6188030243, -11.3156108856], [32.5456008911, -20.5661621094, -55.7915115356, 23.6760520935, 31.4409179688, -20.0223083496, 25.6017284393, 98.7311782837, 80.7785797119, 34.213924408, 34.0185394287, 34.7707176208, -6.7277712822], [-39.0296325684, -69.3813018799, -51.8261566162, 13.6464567184, 22.7827606201, -28.9635486603, -17.3465442657, 80.7785797119, 138.097305298, 100.924491882, 57.3292007446, 30.6059570312, -30.9895744324], [-157.880218506, -143.951126099, -15.4309091568, 15.9792976379, -17.8713531494, -26.3059425354, -7.82539987564, 34.213924408, 100.924491882, 134.936721802, 105.366294861, 40.7904624939, -26.9283599854], [-102.638206482, -114.761238098, -46.2315711975, -10.1531095505, -36.3720092773, -48.1386871338, -5.46771097183, 34.0185394287, 57.3292007446, 105.366294861, 145.506713867, 108.757232666, 27.7463378906], [34.1781616211, -20.7074947357, -81.4621734619, -40.3992500305, -30.9625873566, -55.2594985962, -15.6188030243, 34.7707176208, 30.6059570312, 40.7904624939, 108.757232666, 146.257217407, 100.849052429], [35.6376838684, 0.651945829391, -55.747505188, -46.4719161987, -36.220287323, -34.4905281067, -11.3156108856, -6.7277712822, -30.9895744324, -26.9283599854, 27.7463378906, 100.849052429, 149.929977417]],
