{
"lowlevel": {
    "average_loudness": 0.856578230858,
    "barkbands_crest": {
        "dmean": 2.54565358162,
        "dmean2": 3.9049115181,
        "dvar": 5.05861234665,
        "dvar2": 11.6579523087,
        "max": 22.8844242096,
        "mean": 11.8609008789,
        "median": 11.1780405045,
        "min": 3.78165626526,
        "var": 17.5909042358
    },
    "barkbands_flatness_db": {
        "dmean": 0.0284918546677,
        "dmean2": 0.0402493067086,
        "dvar": 0.00100103230216,
        "dvar2": 0.00191905512474,
        "max": 0.440652757883,
        "mean": 0.198620989919,
        "median": 0.194515645504,
        "min": 0.0468079969287,
        "var": 0.0040985122323
    },
    "barkbands_kurtosis": {
        "dmean": 4.58872747421,
        "dmean2": 6.98517084122,
        "dvar": 111.780761719,
        "dvar2": 288.490325928,
        "max": 229.762268066,
        "mean": 8.29147052765,
        "median": 4.06016683578,
        "min": -1.72499358654,
        "var": 234.040145874
    },
    "barkbands_skewness": {
        "dmean": 0.600441753864,
        "dmean2": 0.870807766914,
        "dvar": 0.381921261549,
        "dvar2": 0.875429332256,
        "max": 11.3273382187,
        "mean": 1.97453701496,
        "median": 1.74962258339,
        "min": -1.91906058788,
        "var": 1.99332416058
    },
    "barkbands_spread": {
        "dmean": 2.81595516205,
        "dmean2": 3.98113012314,
        "dvar": 11.9429740906,
        "dvar2": 22.0826435089,
        "max": 60.7740859985,
        "mean": 10.0495662689,
        "median": 8.53855991364,
        "min": 0.790955483913,
        "var": 48.8546714783
    },
    "dissonance": {
        "dmean": 0.0296979174018,
        "dmean2": 0.0484545752406,
        "dvar": 0.000660124409478,
        "dvar2": 0.00157558533829,
        "max": 0.499496370554,
        "mean": 0.427996575832,
        "median": 0.432608157396,
        "min": 0.211152613163,
        "var": 0.00167173508089
    },
    "dynamic_complexity": 2.74343895912,
    "erbbands_crest": {
        "dmean": 2.64340114594,
        "dmean2": 4.1132774353,
        "dvar": 5.58465766907,
        "dvar2": 12.7305526733,
        "max": 32.05103302,
        "mean": 11.2175521851,
        "median": 10.0769872665,
        "min": 2.63725209236,
        "var": 26.4808616638
    },
    "erbbands_flatness_db": {
        "dmean": 0.0227829907089,
        "dmean2": 0.0308302678168,
        "dvar": 0.000763912510592,
        "dvar2": 0.00125481176656,
        "max": 0.437082439661,
        "mean": 0.208381101489,
        "median": 0.206045091152,
        "min": 0.042283769697,
        "var": 0.00417537009344
    },
    "erbbands_kurtosis": {
        "dmean": 1.28659462929,
        "dmean2": 1.97415292263,
        "dvar": 3.12707090378,
        "dvar2": 7.00032901764,
        "max": 32.0842857361,
        "mean": 1.69431078434,
        "median": 0.910927057266,
        "min": -1.6422317028,
        "var": 8.08616638184
    },
    "erbbands_skewness": {
        "dmean": 0.379439949989,
        "dmean2": 0.546943664551,
        "dvar": 0.12486872077,
        "dvar2": 0.265075981617,
        "max": 5.17127799988,
        "mean": 0.677139520645,
        "median": 0.638097465038,
        "min": -3.01499581337,
        "var": 0.670623838902
    },
    "erbbands_spread": {
        "dmean": 5.60020112991,
        "dmean2": 8.13433837891,
        "dvar": 41.9465904236,
        "dvar2": 87.3189926147,
        "max": 119.578994751,
        "mean": 23.5141334534,
        "median": 20.0797176361,
        "min": 2.79687047005,
        "var": 191.375061035
    },
    "hfc": {
        "dmean": 4.17900180817,
        "dmean2": 6.06801080704,
        "dvar": 24.3063182831,
        "dvar2": 55.3717765808,
        "max": 80.032951355,
        "mean": 14.0958900452,
        "median": 11.8690795898,
        "min": 1.17351703221e-16,
        "var": 106.646659851
    },
    "melbands_crest": {
        "dmean": 3.10904169083,
        "dmean2": 4.88805103302,
        "dvar": 7.19917106628,
        "dvar2": 18.7122650146,
        "max": 30.8495063782,
        "mean": 14.9239721298,
        "median": 14.4081277847,
        "min": 2.84556627274,
        "var": 25.0305137634
    },
    "melbands_flatness_db": {
        "dmean": 0.0331294350326,
        "dmean2": 0.0468808971345,
        "dvar": 0.00129163183738,
        "dvar2": 0.00259817158803,
        "max": 0.568190991879,
        "mean": 0.271040588617,
        "median": 0.269785284996,
        "min": 0.0113153820857,
        "var": 0.00548541499302
    },
    "melbands_kurtosis": {
        "dmean": 6.65133857727,
        "dmean2": 9.94692420959,
        "dvar": 183.709320068,
        "dvar2": 490.721740723,
        "max": 329.331512451,
        "mean": 12.6650009155,
        "median": 6.17381572723,
        "min": -1.73442137241,
        "var": 403.115966797
    },
    "melbands_skewness": {
        "dmean": 0.665659964085,
        "dmean2": 0.972343444824,
        "dvar": 0.412823677063,
        "dvar2": 0.988040685654,
        "max": 10.4527845383,
        "mean": 2.32643461227,
        "median": 2.00953936577,
        "min": -1.15549504757,
        "var": 2.36946487427
    },
    "melbands_spread": {
        "dmean": 3.40165710449,
        "dmean2": 4.93717479706,
        "dvar": 22.2271118164,
        "dvar2": 36.3106460571,
        "max": 143.175247192,
        "mean": 11.5784349442,
        "median": 10.3282241821,
        "min": 0.513254642487,
        "var": 55.7686882019
    },
    "pitch_salience": {
        "dmean": 0.0704568326473,
        "dmean2": 0.108833581209,
        "dvar": 0.00391926569864,
        "dvar2": 0.00989412423223,
        "max": 0.957744896412,
        "mean": 0.518018007278,
        "median": 0.524518191814,
        "min": 0.121673867106,
        "var": 0.0127736544237
    },
    "silence_rate_20dB": {
        "dmean": 0,
        "dmean2": 0,
        "dvar": 0,
        "dvar2": 0,
        "max": 1,
        "mean": 1,
        "median": 1,
        "min": 1,
        "var": 0
    },
    "silence_rate_30dB": {
        "dmean": 0.00309278350323,
        "dmean2": 0.00618875725195,
        "dvar": 0.00308321346529,
        "dvar2": 0.0092448098585,
        "max": 1,
        "mean": 0.998454391956,
        "median": 1,
        "min": 0,
        "var": 0.00154320546426
    },
    "silence_rate_60dB": {
        "dmean": 0.0149484537542,
        "dmean2": 0.0299123264849,
        "dvar": 0.014724759385,
        "dvar2": 0.0341741852462,
        "max": 1,
        "mean": 0.0257599167526,
        "median": 0,
        "min": 0,
        "var": 0.0250964779407
    },
    "spectral_centroid": {
        "dmean": 152.797943115,
        "dmean2": 219.197036743,
        "dvar": 87286.0703125,
        "dvar2": 124225.609375,
        "max": 11425.6835938,
        "mean": 676.413818359,
        "median": 607.065795898,
        "min": 143.435653687,
        "var": 159745.078125
    },
    "spectral_complexity": {
        "dmean": 3.22938156128,
        "dmean2": 4.75090265274,
        "dvar": 17.1872386932,
        "dvar2": 37.7217445374,
        "max": 42,
        "mean": 13.4920148849,
        "median": 13,
        "min": 0,
        "var": 36.9268951416
    },
    "spectral_decrease": {
        "dmean": 2.12656159349e-09,
        "dmean2": 3.19063064858e-09,
        "dvar": 5.81519220281e-18,
        "dvar2": 1.42523732395e-17,
        "max": -4.79390715529e-29,
        "mean": -6.75015865426e-09,
        "median": -5.62464919085e-09,
        "min": -3.41687069749e-08,
        "var": 2.0647617575e-17
    },
    "spectral_energy": {
        "dmean": 0.00835659448057,
        "dmean2": 0.012525498867,
        "dvar": 8.79417857504e-05,
        "dvar2": 0.000214686137042,
        "max": 0.132367640734,
        "mean": 0.0267551857978,
        "median": 0.0222180727869,
        "min": 1.08250808397e-20,
        "var": 0.000319754966768
    },
    "spectral_energyband_high": {
        "dmean": 9.8474069091e-05,
        "dmean2": 0.000140665550134,
        "dvar": 3.51820155231e-08,
        "dvar2": 5.85845008061e-08,
        "max": 0.00138048152439,
        "mean": 0.000158525741426,
        "median": 5.9628746385e-05,
        "min": 7.83962768148e-21,
        "var": 7.08729501753e-08
    },
    "spectral_energyband_low": {
        "dmean": 0.00306904711761,
        "dmean2": 0.00518673146144,
        "dvar": 4.25375292252e-05,
        "dvar2": 0.000118161551654,
        "max": 0.0648368522525,
        "mean": 0.00504010403529,
        "median": 0.000838554813527,
        "min": 1.34240258293e-22,
        "var": 6.30368595012e-05
    },
    "spectral_energyband_middle_high": {
        "dmean": 0.00173856061883,
        "dmean2": 0.00267360825092,
        "dvar": 5.94512630414e-06,
        "dvar2": 1.39567991937e-05,
        "max": 0.0538132488728,
        "mean": 0.00497899483889,
        "median": 0.00344634149224,
        "min": 1.62477215065e-21,
        "var": 3.15129072987e-05
    },
    "spectral_energyband_middle_low": {
        "dmean": 0.0057950085029,
        "dmean2": 0.00825032312423,
        "dvar": 4.88657969981e-05,
        "dvar2": 0.000101854719105,
        "max": 0.127093464136,
        "mean": 0.0174905750901,
        "median": 0.0132050840184,
        "min": 2.80625844326e-22,
        "var": 0.000241104426095
    },
    "spectral_entropy": {
        "dmean": 0.263156950474,
        "dmean2": 0.372057467699,
        "dvar": 0.0902489945292,
        "dvar2": 0.176407963037,
        "max": 9.80711936951,
        "mean": 6.90077495575,
        "median": 6.84108114243,
        "min": 5.28627061844,
        "var": 0.299951314926
    },
    "spectral_flux": {
        "dmean": 0.0221923757344,
        "dmean2": 0.0352362580597,
        "dvar": 0.000640277110506,
        "dvar2": 0.00133408000693,
        "max": 0.253147900105,
        "mean": 0.0678129270673,
        "median": 0.0598812028766,
        "min": 1.04043648697e-10,
        "var": 0.00127864920069
    },
    "spectral_kurtosis": {
        "dmean": 5.22640800476,
        "dmean2": 8.15073490143,
        "dvar": 66.3744430542,
        "dvar2": 157.878509521,
        "max": 102.536651611,
        "mean": 13.1358366013,
        "median": 10.0568065643,
        "min": -1.23162746429,
        "var": 138.535339355
    },
    "spectral_rms": {
        "dmean": 0.0007832373376,
        "dmean2": 0.00114929885603,
        "dvar": 5.84876318044e-07,
        "dvar2": 1.4266463495e-06,
        "max": 0.0113639412448,
        "mean": 0.0048302076757,
        "median": 0.00465576723218,
        "min": 3.24977761715e-12,
        "var": 2.77165258922e-06
    },
    "spectral_rolloff": {
        "dmean": 196.750366211,
        "dmean2": 317.112792969,
        "dvar": 250105.6875,
        "dvar2": 353991.40625,
        "max": 18432.421875,
        "mean": 824.391723633,
        "median": 775.1953125,
        "min": 107.666015625,
        "var": 368350.5
    },
    "spectral_skewness": {
        "dmean": 0.493911921978,
        "dmean2": 0.733514428139,
        "dvar": 0.312296748161,
        "dvar2": 0.747737765312,
        "max": 8.12454319,
        "mean": 2.68887019157,
        "median": 2.59890794754,
        "min": -0.071270853281,
        "var": 0.805794358253
    },
    "spectral_spread": {
        "dmean": 620038.9375,
        "dmean2": 848702,
        "dvar": 1.00179089818e+12,
        "dvar2": 1.32009675981e+12,
        "max": 42040576,
        "mean": 3729286.25,
        "median": 3444502,
        "min": 621648.125,
        "var": 3.95071769805e+12
    },
    "spectral_strongpeak": {
        "dmean": 0.479137122631,
        "dmean2": 0.773240625858,
        "dvar": 0.369418650866,
        "dvar2": 0.874159395695,
        "max": 7.90706968307,
        "mean": 1.20004153252,
        "median": 0.87182199955,
        "min": 0,
        "var": 1.0664255619
    },
    "zerocrossingrate": {
        "dmean": 0.00686739897355,
        "dmean2": 0.00756420427933,
        "dvar": 0.000186644072528,
        "dvar2": 0.000202002716833,
        "max": 0.50439453125,
        "mean": 0.0372105017304,
        "median": 0.03271484375,
        "min": 0.00390625,
        "var": 0.00055058876751
    },
    "barkbands": {
        "dmean": [9.71519330051e-06, 0.000504202849697, 0.00222848611884, 0.00109756493475, 0.00289212539792, 0.00209489907138, 0.0008517105598, 0.000733692024369, 0.000783959229011, 0.000311562267598, 0.000906760862563, 0.000385928869946, 0.000334056501742, 0.000231545680435, 0.000130386528326, 5.6115550251e-05, 6.04885135544e-05, 7.35071371309e-05, 5.74929763388e-05, 3.99430318794e-05, 3.01421114273e-05, 1.42496664921e-05, 1.24045272969e-05, 1.59310839081e-05, 1.2786451407e-05, 8.27385974844e-06, 8.51931190482e-07],
        "dmean2": [1.76489975274e-05, 0.000722754106391, 0.00384589331225, 0.00194375950377, 0.00395866204053, 0.00312474323437, 0.00113692495506, 0.00104237394407, 0.00108904589433, 0.000473525724374, 0.00137505389284, 0.000536287261639, 0.000591428135522, 0.000360779697075, 0.000216161832213, 9.20812162803e-05, 9.70133696683e-05, 0.000127144463477, 9.26113061723e-05, 6.40181751805e-05, 4.91642240377e-05, 1.91622857528e-05, 1.79189446499e-05, 2.16236803681e-05, 1.64469020092e-05, 9.75234434009e-06, 1.4636814285e-06],
        "dvar": [5.65495472671e-09, 1.13922158107e-06, 2.46547242568e-05, 5.7530119193e-06, 2.93266766676e-05, 1.28300171127e-05, 2.51386654782e-06, 2.52703307524e-06, 2.11241513171e-06, 3.34856594009e-07, 2.10384428101e-06, 5.39556481272e-07, 7.41687870232e-07, 1.90749915419e-07, 3.78506719301e-08, 7.03969282867e-09, 8.83312090139e-09, 1.84352018096e-08, 1.07083062417e-08, 6.10244921262e-09, 3.55231466465e-09, 7.19665993465e-10, 6.11596162603e-10, 1.16527987259e-09, 6.35721308928e-10, 1.82938858506e-10, 3.0795923537e-12],
        "dvar2": [1.83218933358e-08, 2.27264081332e-06, 7.08647276042e-05, 1.56283349497e-05, 6.38344863546e-05, 2.90491261694e-05, 3.76996240448e-06, 5.64646416024e-06, 3.76272600988e-06, 6.15439319063e-07, 4.90179309054e-06, 7.26564053366e-07, 2.08162032322e-06, 5.0965832088e-07, 9.77009406711e-08, 1.83912867158e-08, 2.35655228664e-08, 5.02623969112e-08, 2.43089122165e-08, 1.49355674495e-08, 8.54162784947e-09, 1.32432909083e-09, 9.1687302195e-10, 1.65954117115e-09, 9.16566877951e-10, 2.4834251322e-10, 8.21880497687e-12],
        "max": [0.00209591514431, 0.0173309538513, 0.0487969443202, 0.01904816553, 0.111248709261, 0.058770686388, 0.0424497053027, 0.0298891365528, 0.0367680713534, 0.010744035244, 0.029200900346, 0.0324367135763, 0.00930343475193, 0.00690754363313, 0.00225532660261, 0.00107628584374, 0.00144192506559, 0.000743593787774, 0.000765067816246, 0.000541423854884, 0.000334017822752, 0.000239753106143, 0.000214492640225, 0.000309900584398, 0.000245973176789, 0.00014885890414, 1.49245461216e-05],
        "mean": [1.03096535895e-05, 0.000794256513473, 0.00341620156541, 0.00129630009178, 0.00617446983233, 0.00456537120044, 0.00240063201636, 0.00147171260323, 0.00136049475987, 0.000523628899828, 0.00244781910442, 0.000832917226944, 0.000369286950445, 0.000420211872552, 0.000177680456545, 8.46099283081e-05, 8.57054474181e-05, 7.38030867069e-05, 6.92146277288e-05, 4.43476710643e-05, 3.26240478898e-05, 1.67586185853e-05, 1.68637725437e-05, 2.56588973571e-05, 2.48249380093e-05, 1.86532324733e-05, 8.44073781536e-07],
        "median": [8.84786402366e-07, 0.0001212223724, 0.000397404161049, 0.000350759015419, 0.00225597782992, 0.00253682909533, 0.000727390637621, 0.000601651961915, 0.000656187010463, 0.000184959571925, 0.000914917967748, 0.000357096781954, 0.000142111544847, 0.000141814729432, 9.98366667773e-05, 5.04506169818e-05, 4.41743140982e-05, 2.74617359537e-05, 2.37152435147e-05, 1.63847162185e-05, 9.4653778433e-06, 4.86438966618e-06, 4.37505059381e-06, 7.53473932491e-06, 9.70189648797e-06, 5.62773266211e-06, 1.33853859552e-07],
        "min": [6.78043492304e-23, 6.77934250846e-23, 2.31202083561e-23, 1.71116836107e-23, 4.0994210858e-23, 2.550879753e-24, 1.29677196516e-22, 2.62049305968e-23, 4.59980660203e-23, 8.0765346525e-23, 3.48670051448e-23, 5.2965945023e-23, 2.2598691465e-22, 8.47603022321e-23, 7.29283668413e-23, 2.81437853566e-22, 1.91667855446e-22, 1.72682295863e-22, 2.18737068361e-22, 4.57667006899e-22, 3.38216729375e-22, 5.78757635478e-22, 6.21407065841e-22, 8.78754394783e-22, 1.48945743856e-21, 1.40306220001e-21, 2.4730604091e-21],
        "var": [4.3128651761e-09, 3.84715667678e-06, 3.47354180121e-05, 6.12581879977e-06, 9.67390369624e-05, 3.79554912797e-05, 2.32389083976e-05, 6.58675389786e-06, 4.72756619274e-06, 8.94975073606e-07, 1.5606830857e-05, 2.8008157642e-06, 5.75761021082e-07, 4.84980944293e-07, 5.37476623208e-08, 1.14390754646e-08, 1.54539403496e-08, 1.53206887177e-08, 1.29433121998e-08, 6.21378015708e-09, 3.72594000098e-09, 1.17055132254e-09, 1.19033738422e-09, 2.45986364611e-09, 1.71578296015e-09, 8.73329464302e-10, 3.49559769151e-12]
    },
    "erbbands": {
        "dmean": [0.00662793358788, 0.159907355905, 1.9113483429, 3.83422398567, 4.58219766617, 14.4847726822, 12.6304998398, 19.0488510132, 11.2042350769, 18.867181778, 17.3335609436, 15.8070468903, 15.9111852646, 13.6092128754, 31.3692626953, 14.8512010574, 14.1353387833, 15.7163305283, 6.42430353165, 5.31404590607, 3.31159591675, 2.72599768639, 3.77399778366, 3.15647697449, 2.70582604408, 1.82832574844, 1.37291228771, 1.08372855186, 0.570195257664, 0.309368342161, 0.373179763556, 0.348084688187, 0.273776769638, 0.16633464396, 0.0836960375309, 0.0375361926854, 0.017521508038, 0.00340208853595, 7.1973852755e-05, 1.03724287328e-05],
        "dmean2": [0.00834241416305, 0.235337391496, 3.2629699707, 6.70800685883, 7.14571714401, 19.1643238068, 17.0480003357, 29.6023292542, 17.5519828796, 24.0024585724, 24.7575874329, 22.3783721924, 22.0017662048, 21.1394901276, 47.8421974182, 20.5768184662, 24.4439506531, 25.8083934784, 10.3431062698, 8.87310028076, 5.33629369736, 4.26219940186, 6.46579313278, 5.17236042023, 4.33592700958, 2.93846678734, 2.18355059624, 1.80779492855, 0.79665094614, 0.435015976429, 0.516428112984, 0.459968805313, 0.384367108345, 0.210142105818, 0.111371107399, 0.0488772056997, 0.0211659446359, 0.00480983685702, 0.000101671212178, 1.53024247993e-05],
        "dvar": [0.000391947367461, 0.103003695607, 17.6239471436, 69.7002487183, 105.038131714, 764.899536133, 697.455505371, 1177.37451172, 323.942108154, 1561.17724609, 1635.99694824, 1054.04516602, 813.617553711, 420.877166748, 2410.15698242, 1098.36157227, 1322.31799316, 1106.96716309, 109.743896484, 59.4341278076, 29.1009941101, 15.3590507507, 47.3369522095, 32.4285850525, 25.9434700012, 12.5204772949, 6.89889383316, 4.95848035812, 1.11426687241, 0.384205669165, 0.579815983772, 0.462941348553, 0.348524332047, 0.08826816082, 0.0307980999351, 0.00412566494197, 0.000873624987435, 4.19894167862e-05, 1.78544219409e-08, 1.26572974324e-10],
        "dvar2": [0.000439445051597, 0.228671461344, 51.0467987061, 199.285522461, 222.706497192, 1585.78271484, 1299.26135254, 2865.97875977, 745.098083496, 2300.56689453, 3726.06103516, 1812.00695801, 1484.87060547, 956.751098633, 5696.16894531, 1246.2076416, 3664.04077148, 3062.5559082, 279.846710205, 158.156356812, 73.6251983643, 38.038318634, 127.281410217, 84.217628479, 59.8545265198, 30.6733055115, 16.0901813507, 11.6000509262, 2.26552152634, 0.612387359142, 0.84238165617, 0.673444449902, 0.522711575031, 0.127392426133, 0.046798273921, 0.00672291405499, 0.00133827934042, 9.37726144912e-05, 3.96006711867e-08, 2.93462892875e-10],
        "max": [0.567933559418, 5.18816900253, 43.0031089783, 66.2337036133, 356.97769165, 581.155334473, 681.563354492, 613.560302734, 386.077819824, 1121.16516113, 763.165893555, 697.014038086, 853.761962891, 346.045227051, 1024.18188477, 1598.70043945, 379.738006592, 508.003234863, 137.522567749, 112.490737915, 72.4660949707, 45.5146789551, 37.9516639709, 34.4201087952, 35.954624176, 25.9768886566, 18.0606918335, 14.1463947296, 8.35426902771, 5.78663635254, 6.71911096573, 6.23663663864, 5.22279834747, 2.92380595207, 1.71468126774, 0.727869689465, 0.348856031895, 0.060625385493, 0.00127542298287, 0.000146964041051],
        "mean": [0.0153974564746, 0.25799715519, 2.85957670212, 5.20612764359, 7.73301315308, 28.4065933228, 30.0856513977, 37.3943061829, 21.6480922699, 56.7629127502, 32.9411964417, 28.6870918274, 27.416387558, 37.5079574585, 88.5961380005, 32.1601600647, 16.8543262482, 26.8298816681, 9.51308822632, 7.31068181992, 5.41460037231, 3.96188855171, 3.98117995262, 3.62021303177, 3.25978422165, 2.12313699722, 1.51782643795, 1.17958009243, 0.650156497955, 0.392056286335, 0.514703035355, 0.497449696064, 0.451366603374, 0.313738375902, 0.153141930699, 0.0804725214839, 0.0373241119087, 0.00548497727141, 0.000126965212985, 3.42416715284e-05],
        "median": [0.00200591306202, 0.0473570004106, 0.35645416379, 1.08197331429, 3.11593675613, 8.00867176056, 12.3583965302, 19.4097614288, 11.6386985779, 15.0265731812, 14.7904024124, 13.4652366638, 13.0850095749, 20.1879959106, 37.2898178101, 15.877696991, 7.30332708359, 8.04433441162, 5.49928331375, 4.27275514603, 3.01477885246, 2.30979800224, 1.56710481644, 1.4946283102, 1.12536394596, 0.816603958607, 0.41411164403, 0.315473735332, 0.186722919345, 0.106827192008, 0.138925626874, 0.138785362244, 0.134996235371, 0.13706111908, 0.0542688928545, 0.0270862281322, 0.00974466186017, 0.00129953632131, 4.30062536907e-05, 2.91744709102e-05],
        "min": [4.62694744352e-21, 5.86156539875e-21, 2.49254786345e-20, 3.65467167748e-20, 6.36765961989e-20, 2.41853885082e-19, 4.93060132664e-20, 3.01477800343e-20, 6.44593623824e-19, 2.45060693711e-18, 5.85101760194e-19, 8.87884605974e-19, 2.23630718787e-18, 1.99742487159e-18, 1.64927954441e-18, 2.82061971436e-18, 7.82316155925e-18, 7.240904163e-18, 4.71796400363e-18, 7.12023422806e-18, 1.59015000657e-17, 1.00595138285e-17, 9.68561578388e-18, 1.07925794853e-17, 1.2973719103e-17, 2.14713058311e-17, 1.63754977177e-17, 1.42949366451e-17, 1.92071073537e-17, 1.67658657555e-17, 1.99739186708e-17, 1.61160789884e-17, 1.73081024993e-17, 1.69225784313e-17, 9.3288991078e-18, 4.55250223852e-18, 3.22239705431e-18, 1.26801628365e-18, 3.77523887401e-19, 3.33620520295e-20],
        "var": [0.00268179434352, 0.27277225256, 24.2981357574, 72.3957138062, 362.702728271, 2209.58740234, 2892.25439453, 2723.97241211, 877.800048828, 15169.8759766, 3748.16137695, 2444.2277832, 1835.19616699, 2309.66821289, 18212.53125, 5326.84619141, 1052.69958496, 2238.40454102, 162.123092651, 83.5968017578, 54.8539733887, 24.6122970581, 41.6259765625, 31.1089458466, 30.5626754761, 13.1785678864, 7.99155712128, 5.10091638565, 1.64885306358, 0.680442273617, 1.15358865261, 0.964203953743, 0.726911723614, 0.248427256942, 0.0739688947797, 0.0159810334444, 0.00364456581883, 9.8999182228e-05, 4.22083772378e-08, 4.75513628473e-10]
    },
    "gfcc": {
        "mean": [-39.0550117493, 117.622909546, -114.129592896, -11.7960863113, -64.5461654663, 1.14473962784, -45.7875976562, 1.8561154604, -38.1782073975, -1.50142931938, -15.4286718369, -1.75964212418, -9.01701641083],
        "cov": [[4490.21679688, -1351.04162598, -142.387756348, 176.715270996, -408.369262695, 154.645492554, -313.691101074, 86.6797714233, -320.640563965, 212.49810791, -146.7059021, 163.44229126, -228.765579224], [-1351.04162598, 1959.19165039, -206.170349121, -78.4482269287, 464.805755615, -209.108459473, 357.729370117, -210.419296265, 210.597198486, -291.321746826, 160.998855591, -182.058502197, 237.205734253], [-142.387756348, -206.170349121, 1229.99865723, 477.457946777, 225.697937012, 482.095306396, 27.7063808441, 170.432601929, -31.3770523071, 9.22438907623, -159.868255615, -14.1136407852, -135.468780518], [176.715270996, -78.4482269287, 477.457946777, 580.06048584, 195.878723145, 206.675949097, 93.5603179932, 113.96232605, 53.4244346619, -9.35109996796, -82.8125152588, -63.3313217163, -98.6942596436], [-408.369262695, 464.805755615, 225.697937012, 195.878723145, 323.331359863, 143.634155273, 169.399703979, 31.3290023804, 81.6819152832, -62.0927963257, 2.37331604958, -71.2129745483, 1.59595274925], [154.645492554, -209.108459473, 482.095306396, 206.675949097, 143.634155273, 396.595703125, 80.3702774048, 150.553939819, -12.4491539001, 27.7188777924, -54.6642074585, 4.93707370758, -89.8141479492], [-313.691101074, 357.729370117, 27.7063808441, 93.5603179932, 169.399703979, 80.3702774048, 267.333099365, 71.8157119751, 113.984397888, -38.9916763306, 43.5107192993, -43.3168869019, 3.00825595856], [86.6797714233, -210.419296265, 170.432601929, 113.96232605, 31.3290023804, 150.553939819, 71.8157119751, 209.021789551, 77.3140792847, 76.4980773926, -21.329656601, -7.3792886734, -78.9222259521], [-320.640563965, 210.597198486, -31.3770523071, 53.4244346619, 81.6819152832, -12.4491539001, 113.984397888, 77.3140792847, 166.001800537, 26.8139915466, 38.8293228149, -57.935710907, -15.1758899689], [212.49810791, -291.321746826, 9.22438907623, -9.35109996796, -62.0927963257, 27.7188777924, -38.9916763306, 76.4980773926, 26.8139915466, 135.311355591, 16.2843856812, 26.8059635162, -49.1874237061], [-146.7059021, 160.998855591, -159.868255615, -82.8125152588, 2.37331604958, -54.6642074585, 43.5107192993, -21.329656601, 38.8293228149, 16.2843856812, 97.3354034424, 17.6244239807, 43.6653938293], [163.44229126, -182.058502197, -14.1136407852, -63.3313217163, -71.2129745483, 4.93707370758, -43.3168869019, -7.3792886734, -57.935710907, 26.8059635162, 17.6244239807, 92.3513717651, 30.9004573822], [-228.765579224, 237.205734253, -135.468780518, -98.6942596436, 1.59595274925, -89.8141479492, 3.00825595856, -78.9222259521, -15.1758899689, -49.1874237061, 43.6653938293, 30.9004573822, 116.484939575]],
        "icov": [[0.000492533203214, -0.000613267708104, 0.000661886762828, -0.000722607888747, 0.000877973041497, -0.00068080535857, 0.000231700352742, -9.61370533332e-05, 0.00107626710087, -0.00109351216815, 0.001069489168, -0.00134012463968, 0.00139862322249], [-0.000613267708104, 0.0049952911213, -0.0020940573886, 0.00252867932431, -0.00513012101874, 0.00317913200706, -0.00195034663193, 0.00109131447971, -0.00262151681818, 0.00535892508924, -0.0058604395017, 0.00738616380841, -0.00619938131422], [0.000661886762828, -0.0020940573886, 0.00350692821667, -0.00231676432304, 0.00177053955849, -0.00372097920626, 0.00163916638121, -6.12807634752e-05, 0.00110631831922, -0.00261035794392, 0.00477077858523, -0.00454045878723, 0.00316053279676], [-0.000722607888747, 0.00252867932431, -0.00231676432304, 0.00496835121885, -0.00419296883047, 0.00244215526618, -0.00129799148999, 9.84683865681e-05, -0.00239736679941, 0.00338555080816, -0.00214221212082, 0.00399431027472, -0.00215186411515], [0.000877973041497, -0.00513012101874, 0.00177053955849, -0.00419296883047, 0.0139908324927, -0.00650352472439, -0.000689802516717, 0.00115339376498, 0.00120313942898, -0.00498039275408, 0.00520725687966, -0.00324218673632, 0.00323248188943], [-0.00068080535857, 0.00317913200706, -0.00372097920626, 0.00244215526618, -0.00650352472439, 0.0109058003873, -0.00285150739364, -0.00388612435199, 0.00275231082924, 0.00345746171661, -0.00537091167644, 0.00349004007876, -0.00122454017401], [0.000231700352742, -0.00195034663193, 0.00163916638121, -0.00129799148999, -0.000689802516717, -0.00285150739364, 0.0104626985267, -0.00314172101207, -0.00331647344865, 0.00330660259351, -0.00175651814789, -0.00447905622423, 0.00345603376627], [-9.61370533332e-05, 0.00109131447971, -6.12807634752e-05, 9.84683865681e-05, 0.00115339376498, -0.00388612435199, -0.00314172101207, 0.0147013496608, -0.00825806893408, -0.00340897240676, 0.00420781504363, -0.00219066790305, 0.00111908873077], [0.00107626710087, -0.00262151681818, 0.00110631831922, -0.00239736679941, 0.00120313942898, 0.00275231082924, -0.00331647344865, -0.00825806893408, 0.0226794071496, -0.00870553217828, -0.00269131571986, 0.00667669903487, 0.00182003469672], [-0.00109351216815, 0.00535892508924, -0.00261035794392, 0.00338555080816, -0.00498039275408, 0.00345746171661, 0.00330660259351, -0.00340897240676, -0.00870553217828, 0.0243005827069, -0.0133130177855, 0.00141605606768, 0.000853360455949], [0.001069489168, -0.0058604395017, 0.00477077858523, -0.00214221212082, 0.00520725687966, -0.00537091167644, -0.00175651814789, 0.00420781504363, -0.00269131571986, -0.0133130177855, 0.0308845490217, -0.0150582594797, 0.00289637851529], [-0.00134012463968, 0.00738616380841, -0.00454045878723, 0.00399431027472, -0.00324218673632, 0.00349004007876, -0.00447905622423, -0.00219066790305, 0.00667669903487, 0.00141605606768, -0.0150582594797, 0.0386344902217, -0.0213383827358], [0.00139862322249, -0.00619938131422, 0.00316053279676, -0.00215186411515, 0.00323248188943, -0.00122454017401, 0.00345603376627, 0.00111908873077, 0.00182003469672, 0.000853360455949, 0.00289637851529, -0.0213383827358, 0.0306609291583]]
    },
    "melbands": {
        "dmean": [9.65218132478e-05, 0.000724138633814, 0.000628637615591, 0.000647465523798, 0.000471698440379, 0.00041363076889, 0.000175209410372, 0.000187971512787, 0.000137749593705, 0.000103353617305, 7.932898734e-05, 4.95580206916e-05, 0.000140048738103, 4.92106482852e-05, 2.54674796452e-05, 3.91900503018e-05, 2.60482829617e-05, 1.00030410977e-05, 8.53790515976e-06, 5.19126251675e-06, 4.28041221312e-06, 3.2038738027e-06, 2.53929806604e-06, 4.34303638031e-06, 2.40203507929e-06, 2.30687919611e-06, 1.51044639551e-06, 1.19438402635e-06, 9.59509975473e-07, 6.24918243375e-07, 6.91972729783e-07, 3.28666828864e-07, 2.24619540745e-07, 1.572764603e-07, 2.13585366282e-07, 2.32491416341e-07, 2.15658289449e-07, 2.15114695834e-07, 1.63231106853e-07, 1.40166136475e-07],
        "dmean2": [0.00013500834757, 0.00120466924272, 0.00107910961378, 0.00092569476692, 0.000624780892394, 0.000638407596853, 0.000267040129984, 0.000244348018896, 0.00019792902458, 0.00014446991554, 0.000110308006697, 7.69444013713e-05, 0.000213018400245, 6.90229862812e-05, 3.87012150895e-05, 6.86295315973e-05, 4.2188923544e-05, 1.57848808158e-05, 1.41162900036e-05, 8.69282666827e-06, 6.94897744324e-06, 5.11929420099e-06, 4.04671618526e-06, 7.653297871e-06, 3.95074494008e-06, 3.71800319954e-06, 2.42717851506e-06, 1.9349829472e-06, 1.56362511916e-06, 9.96153971755e-07, 1.18858315545e-06, 4.55164439472e-07, 3.27910441911e-07, 2.32370737763e-07, 3.08073850874e-07, 3.14454098316e-07, 2.9394132639e-07, 3.01317271578e-07, 2.27523969443e-07, 1.82292964723e-07],
        "dvar": [5.03419386177e-08, 2.33469972954e-06, 1.66673919466e-06, 1.65981271039e-06, 7.3596453376e-07, 5.26299231751e-07, 6.90065675713e-08, 1.38772563218e-07, 9.32835533263e-08, 3.96658528246e-08, 2.06514005896e-08, 6.26948359894e-09, 5.06028072778e-08, 8.33404811829e-09, 3.05565683867e-09, 9.40280564521e-09, 2.84106094206e-09, 2.47949771826e-10, 1.60753257927e-10, 5.39706057623e-11, 4.94161309095e-11, 2.36452680352e-11, 1.47347169188e-11, 6.56656951037e-11, 1.88150085789e-11, 1.66598835422e-11, 8.62314473299e-12, 5.47637846529e-12, 3.4303521395e-12, 1.60103083135e-12, 2.06894072187e-12, 3.98944576376e-13, 1.85368606857e-13, 1.06927081122e-13, 2.1798448463e-13, 1.81247974528e-13, 2.01900277638e-13, 2.16967665622e-13, 1.18111304157e-13, 5.9470704999e-14],
        "dvar2": [8.36714235675e-08, 6.61266631141e-06, 4.62041816718e-06, 3.80670871891e-06, 1.37983045079e-06, 1.25956921693e-06, 1.48114580156e-07, 2.14000095866e-07, 2.09516642258e-07, 6.89063668347e-08, 3.76936881707e-08, 1.41882132709e-08, 1.19688778e-07, 1.24812862268e-08, 6.10447470351e-09, 2.66766164714e-08, 7.78786812816e-09, 6.23667284483e-10, 4.03851008191e-10, 1.48889303664e-10, 1.27410526574e-10, 6.09855152489e-11, 3.6515002827e-11, 1.80265580241e-10, 4.8227057764e-11, 3.74362069122e-11, 2.09278289143e-11, 1.3499524415e-11, 8.46571597546e-12, 3.17575002753e-12, 5.15036277515e-12, 8.02493271487e-13, 3.70985523118e-13, 1.70962541541e-13, 3.38444658583e-13, 3.09389639559e-13, 3.06374473317e-13, 3.42333637566e-13, 1.99279476384e-13, 9.65231516134e-14],
        "max": [0.00500795524567, 0.0169607102871, 0.0109203588217, 0.0278895739466, 0.0204279236495, 0.0126305315644, 0.00524036958814, 0.0102071594447, 0.00586394127458, 0.00409806985408, 0.00427318923175, 0.00146172603127, 0.00456728739664, 0.00367943034507, 0.00169877370354, 0.00116498582065, 0.000831190496683, 0.000204640178708, 0.000138628412969, 9.70332112047e-05, 9.79432661552e-05, 6.69625660521e-05, 4.41479314759e-05, 5.09330675413e-05, 2.87563580059e-05, 3.09312308673e-05, 2.24622617679e-05, 1.69108952832e-05, 1.30853832161e-05, 8.62256547407e-06, 8.57897339301e-06, 5.09871961185e-06, 4.15812246501e-06, 2.67372888629e-06, 4.011742476e-06, 3.72077079192e-06, 4.33039031122e-06, 4.24637073593e-06, 2.97731321552e-06, 2.573272468e-06],
        "mean": [0.000175251378096, 0.00113272620365, 0.000933233648539, 0.00123005185742, 0.0011467380682, 0.000834484351799, 0.000383576058084, 0.00054833170725, 0.000244651018875, 0.000182296178536, 0.000132239321829, 0.000127587845782, 0.000382581347367, 0.000107156040031, 3.65431042155e-05, 5.08217308379e-05, 4.5261636842e-05, 1.39234789458e-05, 1.14533595479e-05, 6.90632487022e-06, 6.65309107717e-06, 4.40304393123e-06, 3.09959409606e-06, 4.19413163399e-06, 2.6959958177e-06, 2.81054099105e-06, 1.70080591033e-06, 1.3448336631e-06, 1.01772218386e-06, 6.74680961765e-07, 7.41179121633e-07, 3.76136625846e-07, 2.55657283788e-07, 2.04402027748e-07, 2.95665131489e-07, 2.93629028647e-07, 3.15858756039e-07, 3.38674681188e-07, 2.65727209126e-07, 2.63276433543e-07],
        "median": [2.30666155403e-05, 0.000150942869368, 0.000270723889116, 0.000420751399361, 0.00048965960741, 0.000446714344434, 0.000202091265237, 0.00015707249986, 0.000100399956864, 8.67988637765e-05, 5.8809579059e-05, 6.5891072154e-05, 0.00014867867867, 4.16288203269e-05, 1.69647119037e-05, 1.69338436535e-05, 1.37978704515e-05, 7.26072858015e-06, 6.46480793876e-06, 4.09419180869e-06, 3.33918637807e-06, 2.2709480163e-06, 1.32570016831e-06, 1.33773164634e-06, 1.04884941265e-06, 8.91590218544e-07, 6.0164467186e-07, 4.89639603529e-07, 2.53969773212e-07, 1.42220557109e-07, 1.92838498947e-07, 1.11220437304e-07, 5.40231468449e-08, 5.87023691878e-08, 7.8059500197e-08, 7.01027147443e-08, 8.65202665068e-08, 1.06130343624e-07, 7.50484261403e-08, 1.26361086927e-07],
        "min": [3.10655002198e-23, 9.70627158445e-24, 7.15575884898e-24, 1.11163273204e-23, 3.40174019499e-24, 4.92697179244e-25, 1.54301887259e-23, 2.26561277964e-23, 3.220750457e-24, 6.63493000239e-24, 1.18672432272e-23, 8.93115815822e-24, 4.85427885167e-24, 5.08388865105e-24, 1.14061327288e-23, 2.22640576157e-23, 1.22588180033e-23, 8.05547758835e-24, 5.30430703759e-24, 1.21584386086e-23, 2.14964707113e-23, 9.40216886093e-24, 1.04204841599e-23, 8.15295555269e-24, 8.72469038236e-24, 8.50154214265e-24, 1.22787556738e-23, 1.50171963762e-23, 1.00233068936e-23, 9.64707625098e-24, 8.2297030413e-24, 1.1306576116e-23, 1.00024801769e-23, 8.45755368086e-24, 1.13740379229e-23, 1.01415035008e-23, 1.05330569777e-23, 1.32303861939e-23, 1.20620871376e-23, 1.46202636568e-23],
        "var": [2.4932066367e-07, 3.60272701982e-06, 2.09286986319e-06, 4.53163693237e-06, 3.18864590554e-06, 1.29563625251e-06, 2.74425133284e-07, 1.27038867959e-06, 2.17720739215e-07, 8.99403147514e-08, 4.58783659951e-08, 2.68707687212e-08, 3.71389916154e-07, 4.30857021172e-08, 7.15796089068e-09, 9.4365297798e-09, 6.2217062613e-09, 3.78181930216e-10, 2.23102716856e-10, 7.32172586448e-11, 9.75116376534e-11, 3.78101577825e-11, 1.95962690519e-11, 5.48204537321e-11, 1.81968762974e-11, 2.141657858e-11, 8.91593830016e-12, 5.67464478185e-12, 3.72901492671e-12, 2.02594733524e-12, 1.90136036256e-12, 5.83658013413e-13, 2.79659596262e-13, 1.85898917245e-13, 4.1065208959e-13, 3.34503827632e-13, 4.10190951301e-13, 4.21459904736e-13, 2.49542736735e-13, 1.61153398568e-13]
    },
    "mfcc": {
        "mean": [-689.266906738, 164.277679443, -3.28542590141, -5.84296512604, -5.63620424271, -12.1597280502, 0.260223001242, -9.67157649994, -9.82088088989, -9.11775493622, -9.97314071655, -6.34099674225, -4.28085231781],
        "cov": [[3770.03735352, -1133.03723145, -271.01159668, -19.8056144714, -257.546478271, -71.0536117554, -80.8387832642, -170.735656738, -185.779205322, -64.7196731567, -38.6629219055, 47.0867767334, -74.7724761963], [-1133.03723145, 1576.95141602, -275.51739502, 47.468914032, 41.1088981628, 40.6499061584, 68.8012313843, 83.4517364502, 53.3852920532, -11.6679115295, -99.7564620972, -51.7744522095, 91.6460876465], [-271.01159668, -275.51739502, 935.189331055, 170.650131226, 362.959899902, 252.602386475, 185.042892456, 166.351745605, 143.739318848, 73.9674682617, 50.0375518799, 6.31575775146, -52.3667793274], [-19.8056144714, 47.468914032, 170.650131226, 397.137786865, 146.177764893, 120.119369507, 59.7700996399, 97.6790771484, 91.1886291504, 86.6955413818, 30.6004981995, 11.3717889786, -2.90040302277], [-257.546478271, 41.1088981628, 362.959899902, 146.177764893, 310.805999756, 181.848327637, 118.722122192, 102.845878601, 97.8840637207, 70.2974243164, 30.9399032593, -2.9842414856, -20.1489677429], [-71.0536117554, 40.6499061584, 252.602386475, 120.119369507, 181.848327637, 212.831634521, 145.731109619, 113.474647522, 77.6957550049, 50.6480064392, 18.444683075, 11.5579242706, -7.24964570999], [-80.8387832642, 68.8012313843, 185.042892456, 59.7700996399, 118.722122192, 145.731109619, 183.781890869, 138.221130371, 85.7951278687, 46.3607330322, 21.3335666656, 29.293504715, 24.3585777283], [-170.735656738, 83.4517364502, 166.351745605, 97.6790771484, 102.845878601, 113.474647522, 138.221130371, 192.871887207, 126.601226807, 71.412361145, 34.0846176147, 36.7894821167, 31.9708957672], [-185.779205322, 53.3852920532, 143.739318848, 91.1886291504, 97.8840637207, 77.6957550049, 85.7951278687, 126.601226807, 143.180328369, 91.9997253418, 50.1288833618, 39.7403869629, 30.003993988], [-64.7196731567, -11.6679115295, 73.9674682617, 86.6955413818, 70.2974243164, 50.6480064392, 46.3607330322, 71.412361145, 91.9997253418, 135.091690063, 91.3147888184, 60.2047195435, 25.1396217346], [-38.6629219055, -99.7564620972, 50.0375518799, 30.6004981995, 30.9399032593, 18.444683075, 21.3335666656, 34.0846176147, 50.1288833618, 91.3147888184, 121.386886597, 72.5144729614, 18.8141765594], [47.0867767334, -51.7744522095, 6.31575775146, 11.3717889786, -2.9842414856, 11.5579242706, 29.293504715, 36.7894821167, 39.7403869629, 60.2047195435, 72.5144729614, 97.8275299072, 54.2743759155], [-74.7724761963, 91.6460876465, -52.3667793274, -2.90040302277, -20.1489677429, -7.24964570999, 24.3585777283, 31.9708957672, 30.003993988, 25.1396217346, 18.8141765594, 54.2743759155, 94.7780303955]],
