{
"lowlevel": {
    "average_loudness": 0.958414852619,
    "barkbands_crest": {
        "dmean": 2.98885130882,
        "dmean2": 4.82739019394,
        "dvar": 7.72174596786,
        "dvar2": 17.9638977051,
        "max": 24.4955749512,
        "mean": 10.314663887,
        "median": 9.26037120819,
        "min": 2.61876821518,
        "var": 18.5199565887
    },
    "barkbands_flatness_db": {
        "dmean": 0.0204679723829,
        "dmean2": 0.0314515940845,
        "dvar": 0.000313334923703,
        "dvar2": 0.000713482033461,
        "max": 0.28500276804,
        "mean": 0.130148977041,
        "median": 0.130087658763,
        "min": 0.03249046579,
        "var": 0.00157383875921
    },
    "barkbands_kurtosis": {
        "dmean": 1.91789865494,
        "dmean2": 3.09673905373,
        "dvar": 8.91892051697,
        "dvar2": 20.7303466797,
        "max": 52.9286308289,
        "mean": 2.05212640762,
        "median": 1.13014364243,
        "min": -1.76698493958,
        "var": 13.8844690323
    },
    "barkbands_skewness": {
        "dmean": 0.49417090416,
        "dmean2": 0.77764070034,
        "dvar": 0.2467161268,
        "dvar2": 0.547206521034,
        "max": 6.5346736908,
        "mean": 1.18828320503,
        "median": 1.13055610657,
        "min": -2.23694682121,
        "var": 0.751524806023
    },
    "barkbands_spread": {
        "dmean": 5.19153594971,
        "dmean2": 8.02162742615,
        "dvar": 26.3741588593,
        "dvar2": 64.9273147583,
        "max": 76.762550354,
        "mean": 20.2847442627,
        "median": 18.7567481995,
        "min": 2.96019554138,
        "var": 77.4268493652
    },
    "dissonance": {
        "dmean": 0.020546099171,
        "dmean2": 0.0343680381775,
        "dvar": 0.000420905562351,
        "dvar2": 0.00109457725193,
        "max": 0.5,
        "mean": 0.461198657751,
        "median": 0.465510636568,
        "min": 0.104460537434,
        "var": 0.000746617675759
    },
    "dynamic_complexity": 1.62318754196,
    "erbbands_crest": {
        "dmean": 2.908816576,
        "dmean2": 4.65051746368,
        "dvar": 6.78690719604,
        "dvar2": 16.7266330719,
        "max": 30.3859577179,
        "mean": 9.84809589386,
        "median": 8.8387966156,
        "min": 2.69560956955,
        "var": 20.8809890747
    },
    "erbbands_flatness_db": {
        "dmean": 0.0203053746372,
        "dmean2": 0.028311599046,
        "dvar": 0.000426644575782,
        "dvar2": 0.000700799981132,
        "max": 0.363528579473,
        "mean": 0.169157475233,
        "median": 0.166014567018,
        "min": 0.0527127720416,
        "var": 0.00276032881811
    },
    "erbbands_kurtosis": {
        "dmean": 0.722611486912,
        "dmean2": 1.16259551048,
        "dvar": 0.742995679379,
        "dvar2": 1.79669928551,
        "max": 12.2226018906,
        "mean": 0.141919270158,
        "median": -0.175951004028,
        "min": -1.60881090164,
        "var": 1.66379773617
    },
    "erbbands_skewness": {
        "dmean": 0.352332830429,
        "dmean2": 0.562096118927,
        "dvar": 0.0990304201841,
        "dvar2": 0.243043318391,
        "max": 2.65024113655,
        "mean": 0.423614025116,
        "median": 0.402132242918,
        "min": -1.5209748745,
        "var": 0.282869398594
    },
    "erbbands_spread": {
        "dmean": 7.25022697449,
        "dmean2": 10.815861702,
        "dvar": 62.6345100403,
        "dvar2": 124.13571167,
        "max": 119.515563965,
        "mean": 32.6136131287,
        "median": 29.3291435242,
        "min": 4.11548900604,
        "var": 210.784484863
    },
    "hfc": {
        "dmean": 8.7149438858,
        "dmean2": 13.6241903305,
        "dvar": 192.365097046,
        "dvar2": 477.685211182,
        "max": 154.135787964,
        "mean": 26.9537258148,
        "median": 22.7575950623,
        "min": 1.24792265623e-16,
        "var": 336.687438965
    },
    "melbands_crest": {
        "dmean": 3.24562144279,
        "dmean2": 5.26021671295,
        "dvar": 8.74012851715,
        "dvar2": 21.6066112518,
        "max": 27.2945022583,
        "mean": 12.6422529221,
        "median": 12.0356655121,
        "min": 2.17123651505,
        "var": 20.1024723053
    },
    "melbands_flatness_db": {
        "dmean": 0.0234146472067,
        "dmean2": 0.0356862694025,
        "dvar": 0.000487626995891,
        "dvar2": 0.00105281558353,
        "max": 0.368553459644,
        "mean": 0.181935086846,
        "median": 0.183666676283,
        "min": 0.00581147987396,
        "var": 0.00263058510609
    },
    "melbands_kurtosis": {
        "dmean": 4.84578418732,
        "dmean2": 7.68517637253,
        "dvar": 93.5210342407,
        "dvar2": 194.703384399,
        "max": 215.047393799,
        "mean": 7.46573734283,
        "median": 4.3184504509,
        "min": -1.30378293991,
        "var": 150.894683838
    },
    "melbands_skewness": {
        "dmean": 0.666789412498,
        "dmean2": 1.02998590469,
        "dvar": 0.580754637718,
        "dvar2": 1.17885398865,
        "max": 12.7151832581,
        "mean": 1.94430553913,
        "median": 1.69932055473,
        "min": -1.04076993465,
        "var": 1.67844796181
    },
    "melbands_spread": {
        "dmean": 6.67667913437,
        "dmean2": 10.519244194,
        "dvar": 50.7120933533,
        "dvar2": 111.937515259,
        "max": 142.967269897,
        "mean": 23.6932678223,
        "median": 21.629322052,
        "min": 1.87952280045,
        "var": 175.884765625
    },
    "pitch_salience": {
        "dmean": 0.0701691135764,
        "dmean2": 0.112737119198,
        "dvar": 0.00405681319535,
        "dvar2": 0.00948610343039,
        "max": 0.944170176983,
        "mean": 0.518556892872,
        "median": 0.522755622864,
        "min": 0.163726434112,
        "var": 0.0131391491741
    },
    "silence_rate_20dB": {
        "dmean": 0,
        "dmean2": 0,
        "dvar": 0,
        "dvar2": 0,
        "max": 1,
        "mean": 1,
        "median": 1,
        "min": 1,
        "var": 0
    },
    "silence_rate_30dB": {
        "dmean": 0.00515463901684,
        "dmean2": 0.0103145949543,
        "dvar": 0.00512810889632,
        "dvar2": 0.0122713735327,
        "max": 1,
        "mean": 0.994332790375,
        "median": 1,
        "min": 0,
        "var": 0.00563498446718
    },
    "silence_rate_60dB": {
        "dmean": 0.010824742727,
        "dmean2": 0.021660650149,
        "dvar": 0.0107070598751,
        "dvar2": 0.0253173355013,
        "max": 1,
        "mean": 0.0133951567113,
        "median": 0,
        "min": 0,
        "var": 0.0132156470791
    },
    "spectral_centroid": {
        "dmean": 232.752731323,
        "dmean2": 359.744873047,
        "dvar": 86536.34375,
        "dvar2": 138852.71875,
        "max": 11432.1933594,
        "mean": 1390.75170898,
        "median": 1288.61804199,
        "min": 447.40335083,
        "var": 305625.15625
    },
    "spectral_complexity": {
        "dmean": 3.57731962204,
        "dmean2": 5.48014450073,
        "dvar": 13.4450473785,
        "dvar2": 29.1151008606,
        "max": 53,
        "mean": 21.2905712128,
        "median": 21,
        "min": 0,
        "var": 55.3374938965
    },
    "spectral_decrease": {
        "dmean": 2.93909918625e-09,
        "dmean2": 4.61761207049e-09,
        "dvar": 1.79840281738e-17,
        "dvar2": 4.1472278271e-17,
        "max": 7.67265753681e-29,
        "mean": -8.3498434833e-09,
        "median": -7.20481052596e-09,
        "min": -8.18219660914e-08,
        "var": 3.49990705083e-17
    },
    "spectral_energy": {
        "dmean": 0.0116605022922,
        "dmean2": 0.0183274988085,
        "dvar": 0.000276714446954,
        "dvar2": 0.000641510181595,
        "max": 0.314744114876,
        "mean": 0.0339590162039,
        "median": 0.0296613201499,
        "min": 1.10294477654e-20,
        "var": 0.000533223152161
    },
    "spectral_energyband_high": {
        "dmean": 0.0004559266672,
        "dmean2": 0.000661028840113,
        "dvar": 8.04754165529e-07,
        "dvar2": 1.80605934474e-06,
        "max": 0.0132405655459,
        "mean": 0.000843964808155,
        "median": 0.000411746150348,
        "min": 8.14708845335e-21,
        "var": 1.50745449901e-06
    },
    "spectral_energyband_low": {
        "dmean": 0.00610032398254,
        "dmean2": 0.00908691715449,
        "dvar": 0.000193596555619,
        "dvar2": 0.000406753155403,
        "max": 0.266300261021,
        "mean": 0.0101813068613,
        "median": 0.00242279563099,
        "min": 2.56786104895e-23,
        "var": 0.000358990306268
    },
    "spectral_energyband_middle_high": {
        "dmean": 0.00372487585992,
        "dmean2": 0.00592270074412,
        "dvar": 7.12328110239e-05,
        "dvar2": 0.000193467887584,
        "max": 0.126640722156,
        "mean": 0.00907245464623,
        "median": 0.00691875582561,
        "min": 1.66125008864e-21,
        "var": 8.93794203876e-05
    },
    "spectral_energyband_middle_low": {
        "dmean": 0.00550113758072,
        "dmean2": 0.0088719651103,
        "dvar": 5.19615095982e-05,
        "dvar2": 0.000129265157739,
        "max": 0.0875578671694,
        "mean": 0.0142435654998,
        "median": 0.0122806215659,
        "min": 2.23965360762e-22,
        "var": 0.000112840680231
    },
    "spectral_entropy": {
        "dmean": 0.152575090528,
        "dmean2": 0.217102333903,
        "dvar": 0.0229964200407,
        "dvar2": 0.0412403382361,
        "max": 9.79199695587,
        "mean": 7.55385541916,
        "median": 7.53000497818,
        "min": 6.09458303452,
        "var": 0.128009214997
    },
    "spectral_flux": {
        "dmean": 0.0279176514596,
        "dmean2": 0.0467769652605,
        "dvar": 0.00111230881885,
        "dvar2": 0.00288965785876,
        "max": 0.467249393463,
        "mean": 0.0944133847952,
        "median": 0.088419906795,
        "min": 1.05021179253e-10,
        "var": 0.00180493679363
    },
    "spectral_kurtosis": {
        "dmean": 1.73035097122,
        "dmean2": 2.9888458252,
        "dvar": 4.09808921814,
        "dvar2": 11.8988351822,
        "max": 27.6076507568,
        "mean": 4.74880361557,
        "median": 4.14944839478,
        "min": -1.15959465504,
        "var": 8.01885128021
    },
    "spectral_rms": {
        "dmean": 0.000932987546548,
        "dmean2": 0.00145666243043,
        "dvar": 1.13135718038e-06,
        "dvar2": 2.58309842138e-06,
        "max": 0.0175233390182,
        "mean": 0.00546393310651,
        "median": 0.00537939323112,
        "min": 3.28031048505e-12,
        "var": 3.2761431612e-06
    },
    "spectral_rolloff": {
        "dmean": 558.777587891,
        "dmean2": 934.789794922,
        "dvar": 1080905.125,
        "dvar2": 2236211.5,
        "max": 19035.3515625,
        "mean": 1743.65258789,
        "median": 1248.92578125,
        "min": 86.1328125,
        "var": 4131422.25
    },
    "spectral_skewness": {
        "dmean": 0.208411976695,
        "dmean2": 0.34836769104,
        "dvar": 0.0413860939443,
        "dvar2": 0.114181526005,
        "max": 4.48491621017,
        "mean": 1.56096875668,
        "median": 1.55712974072,
        "min": -0.0166768301278,
        "var": 0.117392472923
    },
    "spectral_spread": {
        "dmean": 638386.6875,
        "dmean2": 927520,
        "dvar": 1.27999305318e+12,
        "dvar2": 2.54932130202e+12,
        "max": 38735904,
        "mean": 4373826,
        "median": 3981878.75,
        "min": 1471094.125,
        "var": 3.81906845696e+12
    },
    "spectral_strongpeak": {
        "dmean": 0.728854835033,
        "dmean2": 1.25923073292,
        "dvar": 0.98642295599,
        "dvar2": 2.70814633369,
        "max": 13.3217802048,
        "mean": 1.35493290424,
        "median": 0.933172166348,
        "min": 0,
        "var": 1.64631652832
    },
    "zerocrossingrate": {
        "dmean": 0.0107963010669,
        "dmean2": 0.0126799512655,
        "dvar": 0.000296393176541,
        "dvar2": 0.000351574737579,
        "max": 0.52197265625,
        "mean": 0.0674655735493,
        "median": 0.0537109375,
        "min": 0.0078125,
        "var": 0.00262760324404
    },
    "barkbands": {
        "dmean": [2.96751932183e-05, 0.00550047075376, 0.000873991928529, 0.000581471365876, 0.00264612096362, 0.000756227469537, 0.00233815680258, 0.00151917897165, 0.000595575547777, 0.00127021258231, 0.00126072857529, 0.000905160792172, 0.00042425681022, 0.00044853851432, 0.000474744912935, 0.000467720150482, 0.000295472505968, 0.00019259628607, 0.000225892828894, 0.000122472134535, 9.06541899894e-05, 7.37180380384e-05, 6.85394334141e-05, 6.85925188009e-05, 7.80615300755e-05, 8.91438030521e-05, 1.74945416802e-05],
        "dmean2": [5.12814804097e-05, 0.00835448596627, 0.00147502776235, 0.00101643218659, 0.00441024173051, 0.00118627166376, 0.00362366926856, 0.00238709989935, 0.00091364531545, 0.00201688706875, 0.00211353111081, 0.00145577138755, 0.000688041734975, 0.0007259605336, 0.000760482798796, 0.000759891059715, 0.000489463855047, 0.00031184143154, 0.000362204911653, 0.000196944733034, 0.000142135599162, 0.000112375986646, 0.000103559243144, 0.000106001345557, 0.00012293276086, 0.000136996168294, 2.88560968329e-05],
        "dvar": [2.99736768739e-09, 0.000171000589035, 4.6618356464e-06, 1.11193196517e-06, 2.7550080631e-05, 2.55398413174e-06, 1.20351833175e-05, 7.53559652367e-06, 1.09770746803e-06, 5.92713013248e-06, 3.23014355672e-05, 3.73418606614e-06, 8.33096066799e-07, 8.0253323631e-07, 8.9641963541e-07, 5.63971468637e-07, 2.94482049412e-07, 9.99880001018e-08, 2.79921948731e-07, 4.36331681897e-08, 1.7927778373e-08, 2.05988026636e-08, 1.85369035677e-08, 2.09050075028e-08, 3.72670534432e-08, 6.43984705562e-08, 3.86420895282e-09],
        "dvar2": [8.38476843512e-09, 0.000371845584596, 1.2463301573e-05, 3.09609640681e-06, 7.30326719349e-05, 5.00237320011e-06, 2.92175682262e-05, 1.57673985086e-05, 2.39400469582e-06, 1.52868797159e-05, 9.1356363555e-05, 9.46290310821e-06, 2.12525765164e-06, 1.93866685549e-06, 2.23179472414e-06, 1.44205716879e-06, 7.76310628225e-07, 2.67074085514e-07, 7.07340859663e-07, 1.08175726155e-07, 4.14997174403e-08, 4.538979681e-08, 4.22675192624e-08, 4.72421390896e-08, 9.53874419451e-08, 1.53501417799e-07, 1.03158841469e-08],
        "max": [0.00078732665861, 0.232030183077, 0.0370897725224, 0.0180553197861, 0.0777361392975, 0.0498182475567, 0.0529800802469, 0.0602397732437, 0.0168423037976, 0.0361479520798, 0.0963825210929, 0.0281145945191, 0.0225843563676, 0.0185496974736, 0.0169768966734, 0.0134092308581, 0.00899876095355, 0.00389492395334, 0.0132978735492, 0.00329203647561, 0.00135208468419, 0.00158580043353, 0.00228955014609, 0.00187030562665, 0.0028100151103, 0.0052649457939, 0.000894518336281],
        "mean": [3.75528143195e-05, 0.00862568244338, 0.00126121134963, 0.000702961464413, 0.00387599528767, 0.00142183015123, 0.00432839943096, 0.00267435051501, 0.00102470663842, 0.00200515263714, 0.00144446443301, 0.00136435334571, 0.000757629983127, 0.000740922580007, 0.000739093928132, 0.000743105949368, 0.000476319692098, 0.000324518739944, 0.000437690643594, 0.000221048379899, 0.000176352579729, 0.000132205794216, 0.000113736685307, 0.000103511833004, 0.000103579557617, 0.000107207757537, 1.54294102686e-05],
        "median": [1.33366356749e-05, 0.00149434013292, 0.000356143020326, 0.000333727424731, 0.00189614167903, 0.000720387208275, 0.00244497391395, 0.00139207940083, 0.000505711708684, 0.000834902923089, 0.000410519976867, 0.000496211636346, 0.000274553894997, 0.000363632949302, 0.000382609665394, 0.000414383219322, 0.000279928528471, 0.00019648358284, 0.000221143433009, 0.00015199862537, 0.000111300796561, 6.15485769231e-05, 5.06669312017e-05, 3.59123332601e-05, 2.18560435314e-05, 8.72438431543e-06, 2.7003252967e-07],
        "min": [1.45614690646e-24, 1.32044350367e-23, 5.73958391902e-24, 6.49933901228e-24, 3.72728542009e-23, 2.86371717833e-23, 6.40231937613e-23, 2.49920537996e-23, 4.07122057061e-23, 7.53815917279e-23, 6.27499596385e-23, 5.03585861818e-23, 1.2303566927e-22, 6.21185553699e-23, 1.78750756683e-22, 9.94552789052e-23, 1.75097447167e-22, 2.57082296921e-22, 4.71533641756e-22, 2.15686587417e-22, 5.44393541782e-22, 6.04023651203e-22, 6.92561865109e-22, 8.15083499991e-22, 1.24411942511e-21, 1.51906852539e-21, 2.84323847545e-21],
        "var": [4.18193346619e-09, 0.000289505755063, 6.29002170172e-06, 1.10750067961e-06, 3.2576306694e-05, 6.11533778283e-06, 3.07782574964e-05, 1.46247239172e-05, 2.63456922767e-06, 1.09873462861e-05, 2.66883071163e-05, 5.36612515134e-06, 2.9688928862e-06, 1.36370169912e-06, 1.35417076308e-06, 9.99410531222e-07, 4.01573061026e-07, 1.61396684462e-07, 6.58734563785e-07, 6.06817351922e-08, 3.53598359482e-08, 3.73432804679e-08, 3.03702805127e-08, 3.39856356391e-08, 5.8643664147e-08, 1.0661084815e-07, 3.23745386055e-09]
    },
    "erbbands": {
        "dmean": [0.0926000252366, 1.43227422237, 1.57712256908, 1.28542542458, 8.03540611267, 7.90664863586, 5.61788320541, 6.9681596756, 25.6408653259, 39.9809837341, 28.0380115509, 12.9992570877, 20.9539813995, 44.1996116638, 60.1829414368, 31.7614402771, 21.1917915344, 16.9397087097, 23.7236309052, 27.5316200256, 25.4661083221, 14.9771938324, 10.3995981216, 8.20026397705, 12.3843050003, 5.79917049408, 4.11775493622, 3.37539744377, 2.72592830658, 2.16176748276, 1.92932415009, 1.4652787447, 1.18728423119, 0.794275641441, 0.625942051411, 0.382174700499, 0.153095752001, 0.0520561672747, 0.00174034351949, 4.48903556389e-05],
        "dmean2": [0.14914393425, 2.16257166862, 2.46657752991, 2.22792220116, 13.7079973221, 13.5640029907, 8.65201568604, 11.0911798477, 40.5485458374, 60.9400596619, 44.1029129028, 20.0320091248, 32.8162002563, 70.2934417725, 101.37310791, 51.4884872437, 33.9450073242, 27.400472641, 38.7704582214, 43.3182144165, 41.1607246399, 24.5266284943, 16.7791957855, 13.1059131622, 19.9312095642, 9.21808242798, 6.49200820923, 5.14510583878, 4.22376394272, 3.19499254227, 2.98714017868, 2.27209949493, 1.83602797985, 1.23851776123, 1.00861644745, 0.603383719921, 0.239255383611, 0.082465685904, 0.00286945607513, 7.02637335053e-05],
        "dvar": [0.0464898124337, 11.5911102295, 13.193110466, 7.28839111328, 251.02507019, 253.938568115, 131.223342896, 175.290084839, 1667.19299316, 4937.67724609, 2045.33251953, 547.870178223, 1719.28405762, 8363.39648438, 78146.3984375, 4168.765625, 2068.33544922, 1572.9473877, 2228.16064453, 2831.41015625, 2057.67578125, 596.201843262, 281.502075195, 188.936706543, 1235.85400391, 83.5006408691, 43.0028419495, 30.3419036865, 30.5400085449, 18.3169612885, 15.1123819351, 8.83044719696, 6.95377969742, 3.45198440552, 2.88920402527, 1.47372853756, 0.190223202109, 0.0279626268893, 4.11750843341e-05, 1.2580011699e-08],
        "dvar2": [0.116663701832, 24.6114501953, 28.6759128571, 20.2205524445, 656.893249512, 694.450256348, 223.163253784, 422.268493652, 3943.12963867, 11417.1767578, 4627.05273438, 1133.34484863, 4397.59960938, 21997.8554688, 221562.34375, 10408.7929688, 5194.45654297, 3927.57861328, 5698.11621094, 6804.375, 5216.52441406, 1604.13061523, 756.630004883, 476.221282959, 3142.19799805, 206.336639404, 100.897079468, 70.7795639038, 70.9613800049, 40.5673065186, 35.2231636047, 20.2252502441, 16.2949142456, 8.59474849701, 7.56614971161, 3.61000466347, 0.469616144896, 0.0736046731472, 0.000112492096378, 3.32388978563e-08],
        "max": [3.89682173729, 59.395149231, 64.1025848389, 52.4918441772, 210.102401733, 231.834457397, 428.401885986, 341.826782227, 683.841064453, 1459.24658203, 635.351745605, 489.214172363, 712.782348633, 1388.0246582, 4902.72363281, 767.581604004, 1228.41723633, 890.716796875, 814.258605957, 856.375244141, 909.47857666, 311.637268066, 229.628936768, 320.348968506, 911.181945801, 138.522979736, 88.2011489868, 56.7430648804, 70.2096099854, 68.5663909912, 65.7608947754, 39.1198730469, 38.1933784485, 26.5383396149, 28.8794727325, 35.7984657288, 6.11931180954, 2.24282765388, 0.0896121039987, 0.00156887760386],
        "mean": [0.134101673961, 2.25223708153, 2.6448636055, 1.79193997383, 9.7745475769, 11.451464653, 10.5917768478, 13.4500026703, 45.9851150513, 72.284942627, 52.1283493042, 24.2558288574, 36.6418418884, 68.1825790405, 72.4319915771, 51.7576637268, 41.2311630249, 29.7086410522, 42.0923576355, 43.5249252319, 41.5568389893, 26.5626926422, 18.6823253632, 16.8029460907, 23.512594223, 11.3422222137, 7.73200321198, 6.49769926071, 4.79933738708, 3.68646478653, 3.14983129501, 2.23516273499, 1.70790350437, 1.0663497448, 0.79277908802, 0.476027071476, 0.176946654916, 0.0513301417232, 0.00157388835214, 7.40964605939e-05],
        "median": [0.0280242599547, 0.363981932402, 0.576076209545, 1.10467422009, 3.75171971321, 5.36442136765, 5.63410615921, 6.94365644455, 23.1130962372, 40.6627006531, 26.6347141266, 13.8841047287, 17.6829719543, 31.6700344086, 26.2864723206, 23.6709804535, 16.4201774597, 16.3699893951, 23.0205745697, 20.5697364807, 22.001663208, 17.4935684204, 11.8690872192, 10.7593259811, 11.5464344025, 7.82404470444, 4.88187456131, 3.85260844231, 2.3079366684, 1.69534277916, 1.37722551823, 0.868061542511, 0.52164888382, 0.2754778862, 0.130989536643, 0.0495009832084, 0.0142219970003, 0.00183648185339, 6.3299179601e-05, 4.32997658208e-05],
        "min": [3.23905808056e-22, 3.32739015565e-21, 4.57177716238e-21, 2.44014177112e-20, 9.46012022259e-20, 9.98692053545e-20, 1.81217074237e-19, 2.41709386969e-19, 9.24255427315e-19, 4.92042235221e-19, 5.74792453123e-19, 8.90920255424e-19, 1.90536980237e-18, 3.38561715996e-18, 2.04149188474e-18, 1.7238426388e-18, 5.93127955716e-18, 4.17738327535e-18, 6.41991789246e-18, 8.47947809012e-18, 6.43586676185e-18, 1.11240563993e-17, 1.47938737926e-17, 1.73184174416e-17, 2.22605932997e-17, 1.07091153071e-17, 1.54105898788e-17, 2.28253128127e-17, 2.54948446794e-17, 1.92085896614e-17, 1.6771885976e-17, 1.8956067964e-17, 1.34058779596e-17, 1.33988915922e-17, 8.90766978857e-18, 5.19052360218e-18, 3.14863053484e-18, 1.35331380425e-18, 3.63242743372e-19, 4.36220610743e-20],
        "var": [0.0641204714775, 20.2185401917, 25.3663349152, 6.60726976395, 280.545013428, 292.26940918, 332.765258789, 423.55682373, 4306.14941406, 12294.78125, 4637.02099609, 1385.13769531, 3287.85107422, 12870.6757812, 63791.4335938, 6448.37109375, 8306.01074219, 2318.93115234, 3564.37670898, 5049.09667969, 3618.27172852, 886.664428711, 480.249847412, 420.819824219, 2633.83789062, 139.881484985, 72.0744247437, 59.1003494263, 49.5038986206, 31.7609233856, 23.7890911102, 14.2442626953, 10.5412712097, 4.81128549576, 4.49219322205, 2.50781655312, 0.267491489649, 0.0288424212486, 3.39862453984e-05, 1.31112640744e-08]
    },
    "gfcc": {
        "mean": [24.8103065491, 88.1058959961, -134.098876953, 19.6063461304, -59.1419143677, 8.06098747253, -35.6233673096, 11.8009147644, -21.0164299011, 6.83736896515, -15.0043478012, 1.63387775421, -11.0234041214],
        "cov": [[3292.71191406, -519.082885742, 831.051940918, 218.928756714, -67.4476089478, 339.062866211, -186.436981201, 85.3084945679, -127.902900696, 78.5682525635, -127.692321777, 171.768539429, -143.716491699], [-519.082885742, 2007.37585449, -506.381164551, 271.418731689, 94.6063995361, -222.664993286, 201.380340576, -103.894058228, 189.952301025, -147.623199463, 200.835037231, -115.551109314, 208.885940552], [831.051940918, -506.381164551, 1035.47961426, 239.851898193, 42.2583465576, 348.037078857, -87.2533721924, 159.876358032, 6.36201953888, 113.486282349, -59.2225570679, 116.940437317, -95.9234466553], [218.928756714, 271.418731689, 239.851898193, 360.442901611, 84.9683685303, 150.209762573, 55.9924316406, 58.6060409546, 75.3728713989, 1.23728632927, 38.0352554321, 1.4712895155, 25.8259086609], [-67.4476089478, 94.6063995361, 42.2583465576, 84.9683685303, 245.617767334, 89.6823120117, 112.30103302, 64.5302581787, 42.6280937195, 39.1805992126, 29.7365074158, 7.26788234711, -4.16727352142], [339.062866211, -222.664993286, 348.037078857, 150.209762573, 89.6823120117, 315.037445068, 43.4671401978, 129.1043396, 39.9775161743, 67.9635620117, -14.6623067856, 48.8273506165, -24.3007335663], [-186.436981201, 201.380340576, -87.2533721924, 55.9924316406, 112.30103302, 43.4671401978, 187.498474121, 60.8086471558, 53.7383766174, -2.76713895798, 29.9253673553, -14.2663106918, 34.745388031], [85.3084945679, -103.894058228, 159.876358032, 58.6060409546, 64.5302581787, 129.1043396, 60.8086471558, 169.817169189, 88.9304275513, 55.0461120605, -10.0519485474, 16.998468399, -14.2702198029], [-127.902900696, 189.952301025, 6.36201953888, 75.3728713989, 42.6280937195, 39.9775161743, 53.7383766174, 88.9304275513, 164.809906006, 47.6938819885, 26.4601707458, -17.3871154785, 21.9413471222], [78.5682525635, -147.623199463, 113.486282349, 1.23728632927, 39.1805992126, 67.9635620117, -2.76713895798, 55.0461120605, 47.6938819885, 108.335128784, 24.6454200745, 17.1351299286, -38.4706497192], [-127.692321777, 200.835037231, -59.2225570679, 38.0352554321, 29.7365074158, -14.6623067856, 29.9253673553, -10.0519485474, 26.4601707458, 24.6454200745, 105.392410278, 12.4987239838, 17.2919788361], [171.768539429, -115.551109314, 116.940437317, 1.4712895155, 7.26788234711, 48.8273506165, -14.2663106918, 16.998468399, -17.3871154785, 17.1351299286, 12.4987239838, 78.7177352905, 6.63170003891], [-143.716491699, 208.885940552, -95.9234466553, 25.8259086609, -4.16727352142, -24.3007335663, 34.745388031, -14.2702198029, 21.9413471222, -38.4706497192, 17.2919788361, 6.63170003891, 96.5414581299]],
        "icov": [[0.000519824563526, -0.000251552119153, 1.68308215507e-05, -0.000420597731136, 0.000322948704707, -0.00023751151457, 0.000233905040659, -0.000195245869691, 0.000673783593811, -0.000664610706735, 0.00107132387348, -0.00125970679801, 0.00076513865497], [-0.000251552119153, 0.00160064164083, -0.000134469431941, -0.000393656344386, -0.000585313362535, 0.000747830141336, -0.000566844304558, 0.00106831488665, -0.00211751414463, 0.00240059266798, -0.00276336376555, 0.0019407592481, -0.00154166959692], [1.68308215507e-05, -0.000134469431941, 0.00276350323111, -0.00186769769061, 0.000329415663145, -0.0011460884707, 0.00130580225959, -0.00115931825712, 0.000930219888687, -0.00166190718301, 0.00201827543788, -0.00302668311633, 0.00161860184744], [-0.000420597731136, -0.000393656344386, -0.00186769769061, 0.00664698379114, -0.00122379232198, -0.00237340014428, -4.56690795545e-05, 0.0010885077063, -0.00250758603215, 0.00387875409797, -0.00355610065162, 0.0036145625636, -0.00137696112506], [0.000322948704707, -0.000585313362535, 0.000329415663145, -0.00122379232198, 0.00700141303241, -0.000819901644718, -0.00360329076648, -0.000462602096377, 0.00148806243669, -0.00312632252462, 0.00129118247423, -0.00209026923403, 0.0020544861909], [-0.00023751151457, 0.000747830141336, -0.0011460884707, -0.00237340014428, -0.000819901644718, 0.00831178575754, -0.00160262431018, -0.0027495007962, 0.000852903933264, -0.00200235750526, 0.00064046215266, -0.000781530223321, -0.00130111293402], [0.000233905040659, -0.000566844304558, 0.00130580225959, -4.56690795545e-05, -0.00360329076648, -0.00160262431018, 0.0111092980951, -0.00443368591368, 0.00102720735595, 0.00147936225403, -0.00111752387602, 0.00125493481755, -0.00185820192564], [-0.000195245869691, 0.00106831488665, -0.00115931825712, 0.0010885077063, -0.000462602096377, -0.0027495007962, -0.00443368591368, 0.0159511696547, -0.00899001676589, 0.000892823038157, 0.00117153313477, -0.00129400985315, 0.00147423264571], [0.000673783593811, -0.00211751414463, 0.000930219888687, -0.00250758603215, 0.00148806243669, 0.000852903933264, 0.00102720735595, -0.00899001676589, 0.0170240141451, -0.0102573120967, 0.00327448081225, 0.00126231485046, -0.00286963069811], [-0.000664610706735, 0.00240059266798, -0.00166190718301, 0.00387875409797, -0.00312632252462, -0.00200235750526, 0.00147936225403, 0.000892823038157, -0.0102573120967, 0.0249007735401, -0.0117210419849, 0.00279353465885, 0.00424958672374], [0.00107132387348, -0.00276336376555, 0.00201827543788, -0.00355610065162, 0.00129118247423, 0.00064046215266, -0.00111752387602, 0.00117153313477, 0.00327448081225, -0.0117210419849, 0.0213431287557, -0.0106493718922, 0.00281662773341], [-0.00125970679801, 0.0019407592481, -0.00302668311633, 0.0036145625636, -0.00209026923403, -0.000781530223321, 0.00125493481755, -0.00129400985315, 0.00126231485046, 0.00279353465885, -0.0106493718922, 0.0261220801622, -0.010039226152], [0.00076513865497, -0.00154166959692, 0.00161860184744, -0.00137696112506, 0.0020544861909, -0.00130111293402, -0.00185820192564, 0.00147423264571, -0.00286963069811, 0.00424958672374, 0.00281662773341, -0.010039226152, 0.0199881438166]]
    },
    "melbands": {
        "dmean": [0.00125514308456, 0.0012748214649, 0.000373019342078, 0.00066071213223, 0.000198502530111, 0.000161206888151, 0.000404947146308, 0.000416807975853, 0.000201766917598, 8.00417546998e-05, 0.000112323461508, 0.000186061370187, 0.000191367449588, 0.000133041656227, 5.32001613465e-05, 4.15359027102e-05, 3.2964759157e-05, 4.26595033787e-05, 3.39603575412e-05, 3.19688479067e-05, 3.24833308696e-05, 1.74511569639e-05, 1.19913393064e-05, 9.71764166025e-06, 6.92102275934e-06, 1.00152074083e-05, 6.91087052473e-06, 3.69793133359e-06, 2.96677853839e-06, 2.13096018342e-06, 2.10300686376e-06, 1.74533397512e-06, 1.3028467265e-06, 1.28010765366e-06, 1.22563778859e-06, 9.69934944806e-07, 9.25924155126e-07, 8.74190902778e-07, 7.71993711624e-07, 6.65898369334e-07],
        "dmean2": [0.00194497848861, 0.0019009601092, 0.000641095510218, 0.00111550441943, 0.000312671851134, 0.000254385522567, 0.000636691169348, 0.000638585537672, 0.000319086248055, 0.000122965138871, 0.000176251036464, 0.000295629753964, 0.000320767896483, 0.000219962996198, 8.34304228192e-05, 6.67411732138e-05, 5.33304482815e-05, 7.01799435774e-05, 5.42010748177e-05, 5.07672120875e-05, 5.26602307218e-05, 2.86183840217e-05, 1.97584977286e-05, 1.58371749421e-05, 1.11806939458e-05, 1.61471416504e-05, 1.12315938168e-05, 5.90360787101e-06, 4.72697547593e-06, 3.36177777172e-06, 3.21139555126e-06, 2.74073909168e-06, 1.9784442884e-06, 1.9349406557e-06, 1.93836467588e-06, 1.47738001033e-06, 1.47285527419e-06, 1.36958772146e-06, 1.23237271055e-06, 1.0608142702e-06],
        "dvar": [8.70076382853e-06, 8.637598512e-06, 4.11032203829e-07, 1.88273315871e-06, 1.23953938669e-07, 8.82706032712e-08, 3.83632482226e-07, 5.21895287875e-07, 9.87091013371e-08, 2.08825596815e-08, 4.79848125678e-08, 1.48351929852e-07, 6.94774996646e-07, 1.39388518505e-07, 1.24670629376e-08, 7.37862215772e-09, 6.40896224979e-09, 7.02913238726e-09, 5.53354784216e-09, 2.86662471538e-09, 3.71047459424e-09, 9.89139103957e-10, 5.26113930199e-10, 2.62761229441e-10, 1.62794167036e-10, 5.54401968778e-10, 2.71912492522e-10, 3.88288533271e-11, 2.50585663331e-11, 1.05757486102e-11, 1.28439316474e-11, 1.28453289672e-11, 6.17034721928e-12, 6.36445193422e-12, 5.77092020004e-12, 3.9165194525e-12, 3.61161599759e-12, 3.502187906e-12, 3.92296395021e-12, 2.4046329164e-12],
        "dvar2": [1.98094894586e-05, 1.75404329639e-05, 1.09264522052e-06, 4.98347162647e-06, 2.41405103907e-07, 2.06230183153e-07, 9.04489638742e-07, 1.16661669836e-06, 2.27069833159e-07, 4.50412080966e-08, 1.21708808365e-07, 3.87039193583e-07, 1.97417057279e-06, 3.73871756665e-07, 3.0926372574e-08, 1.88314022154e-08, 1.59484194739e-08, 1.77202341689e-08, 1.35438993354e-08, 6.91636570238e-09, 9.42827593775e-09, 2.6563040656e-09, 1.36296751663e-09, 6.97885527146e-10, 4.2714629056e-10, 1.39095002183e-09, 6.95990542976e-10, 9.77255013024e-11, 5.9208735137e-11, 2.52402890255e-11, 3.05933715861e-11, 3.12287140591e-11, 1.36410171353e-11, 1.46058633937e-11, 1.39018839843e-11, 8.87475856692e-12, 8.64547235885e-12, 8.16095194894e-12, 9.94641521923e-12, 6.08888677325e-12],
        "max": [0.0523826554418, 0.0540773421526, 0.00933658797294, 0.0206652134657, 0.0111804287881, 0.00800063833594, 0.0104832388461, 0.014143217355, 0.00415805401281, 0.00260703265667, 0.00356331304647, 0.00610044645146, 0.0146015584469, 0.00558938737959, 0.00179580156691, 0.00226694252342, 0.00184008956421, 0.00123726227321, 0.00176510447636, 0.000841925269924, 0.00127620471176, 0.000467049598228, 0.000331789429765, 0.000233346028836, 0.000291375472443, 0.000548440089915, 0.000410900247516, 0.000123030593386, 7.29396997485e-05, 3.69471927115e-05, 4.14315472881e-05, 5.23112830706e-05, 2.86475224129e-05, 4.24894024036e-05, 3.86542051274e-05, 2.90824391413e-05, 2.44541788561e-05, 2.11785645661e-05, 4.16388757003e-05, 1.86967554328e-05],
        "mean": [0.00191279640421, 0.00212531490251, 0.000493907660712, 0.000892757147085, 0.00037643223186, 0.000304210145259, 0.000744113116525, 0.000761537870858, 0.000368581793737, 0.000138226285344, 0.000190752340131, 0.00028715172084, 0.000226835312787, 0.00018527841894, 9.46059153648e-05, 7.43997370591e-05, 5.26233125129e-05, 7.17881775927e-05, 5.26959993294e-05, 5.04993113282e-05, 4.92212966492e-05, 2.79813775705e-05, 1.92102925212e-05, 1.58430048032e-05, 1.2593161955e-05, 1.86422385013e-05, 1.21735683933e-05, 6.38645906292e-06, 5.01679187437e-06, 3.82117787012e-06, 3.79596826861e-06, 2.87580132863e-06, 2.13525345316e-06, 2.0580293949e-06, 1.94134941012e-06, 1.43319596191e-06, 1.34432775667e-06, 1.22333051422e-06, 1.03141223917e-06, 8.46173065838e-07],
        "median": [0.000369716843124, 0.000402594509069, 0.000289582647383, 0.000358541874448, 0.000220583038754, 0.000156843045261, 0.000402532285079, 0.000454991532024, 0.000186597899301, 6.83390680933e-05, 8.68554707267e-05, 0.000128776533529, 7.65334043535e-05, 5.87803151575e-05, 3.96300056309e-05, 3.03832239297e-05, 2.63830479525e-05, 3.52639108314e-05, 2.7832467822e-05, 2.53848666034e-05, 2.24468767556e-05, 1.61970492627e-05, 9.93525463855e-06, 9.28766439756e-06, 7.50215576772e-06, 9.26172378968e-06, 6.86150815454e-06, 4.38044480688e-06, 2.91599712909e-06, 2.26378347179e-06, 2.03239324037e-06, 1.34297954446e-06, 9.33720002649e-07, 9.18645753245e-07, 8.89874513632e-07, 5.28018688328e-07, 5.01249473928e-07, 3.65833187743e-07, 2.7834573757e-07, 2.04797217407e-07],
        "min": [3.85104538989e-24, 3.17263546381e-24, 5.15321177525e-24, 8.3027357839e-24, 5.51042455921e-24, 5.69511977409e-24, 1.40822589417e-23, 5.23069724324e-24, 4.65430971195e-24, 6.20559916004e-24, 9.92054119466e-24, 1.36519463619e-23, 7.04880272087e-24, 6.34876715915e-24, 6.66399952675e-24, 1.28063355921e-23, 7.0165493539e-24, 8.83298994059e-24, 1.33205506288e-23, 8.34642368969e-24, 6.83118755155e-24, 1.20489305154e-23, 1.10604010265e-23, 1.28874557367e-23, 1.31448642055e-23, 2.07694470347e-23, 9.05597488609e-24, 6.55869172349e-24, 8.39254996454e-24, 9.49369092543e-24, 1.59907296193e-23, 1.46411684708e-23, 1.28775192447e-23, 1.00674263064e-23, 7.80695879308e-24, 1.44573197036e-23, 1.0554453252e-23, 8.69049010667e-24, 1.02542861556e-23, 1.12304344726e-23],
        "var": [1.3838387531e-05, 1.68367423612e-05, 4.53383592003e-07, 2.15294903683e-06, 3.09893266603e-07, 2.12389437593e-07, 1.02045703443e-06, 1.24375389987e-06, 2.28014272352e-07, 5.08222761653e-08, 9.51344532041e-08, 2.40901016468e-07, 5.68236146137e-07, 1.55670051072e-07, 2.41492674746e-08, 2.69485198601e-08, 8.88472051486e-09, 1.19896448325e-08, 8.01403743367e-09, 5.36463984346e-09, 6.4045786452e-09, 1.37140176992e-09, 8.50877257541e-10, 4.09699330017e-10, 3.08280512229e-10, 1.25352206393e-09, 5.28718624437e-10, 5.18625732637e-11, 3.79539490114e-11, 1.90747591333e-11, 2.38627624605e-11, 1.88629754178e-11, 1.10332055991e-11, 1.02159634918e-11, 8.65202093997e-12, 6.17942632827e-12, 5.42682522184e-12, 5.16652866323e-12, 5.0130758919e-12, 3.11277566223e-12]
    },
    "mfcc": {
        "mean": [-615.344604492, 122.595367432, -17.4431610107, 15.1773633957, -4.29670524597, -0.978109121323, -3.19937705994, 0.779914975166, 0.0773434937, 3.79387712479, -1.83464050293, 1.5168544054, 5.11857843399],
        "cov": [[2121.93774414, -253.514297485, 636.581481934, 16.752910614, 157.578353882, 135.688034058, 13.6422739029, 65.4278945923, -5.48075008392, -74.3866958618, -10.4808969498, 11.665143013, 24.2687702179], [-253.514297485, 1280.81481934, -367.854980469, 264.782867432, -85.1175994873, -26.5546245575, -5.53475666046, 1.47718822956, -11.7002925873, 3.24733877182, -61.2185096741, 16.3161830902, 93.3006973267], [636.581481934, -367.854980469, 939.016418457, 38.5787162781, 246.8228302, 147.458587646, 22.6421203613, 105.649185181, 55.7558135986, 41.0417861938, 38.7118988037, 68.567855835, 22.0253639221], [16.752910614, 264.782867432, 38.5787162781, 241.991531372, 59.0852394104, 52.6053504944, 38.2131767273, 43.9097518921, 27.7787590027, 19.9424591064, -3.50356411934, 33.8953819275, 45.6325378418], [157.578353882, -85.1175994873, 246.8228302, 59.0852394104, 214.048553467, 104.549598694, 57.5540275574, 67.4339294434, 51.4378585815, 45.0148925781, 52.7533683777, 60.1195220947, 34.8720359802], [135.688034058, -26.5546245575, 147.458587646, 52.6053504944, 104.549598694, 156.391296387, 81.2518692017, 57.8903503418, 39.5446891785, 27.7482414246, 30.3470535278, 39.3803520203, 29.6324615479], [13.6422739029, -5.53475666046, 22.6421203613, 38.2131767273, 57.5540275574, 81.2518692017, 152.60206604, 67.9056472778, 31.4916400909, 19.204416275, 26.400472641, 19.2383956909, 26.2008953094], [65.4278945923, 1.47718822956, 105.649185181, 43.9097518921, 67.4339294434, 57.8903503418, 67.9056472778, 135.052459717, 88.9734115601, 43.8255882263, 15.7682933807, 33.5922470093, 27.0527038574], [-5.48075008392, -11.7002925873, 55.7558135986, 27.7787590027, 51.4378585815, 39.5446891785, 31.4916400909, 88.9734115601, 150.775558472, 76.0879440308, 18.4696712494, 28.5387248993, 17.3938064575], [-74.3866958618, 3.24733877182, 41.0417861938, 19.9424591064, 45.0148925781, 27.7482414246, 19.204416275, 43.8255882263, 76.0879440308, 124.048835754, 58.1294822693, 28.6916694641, 12.4534645081], [-10.4808969498, -61.2185096741, 38.7118988037, -3.50356411934, 52.7533683777, 30.3470535278, 26.400472641, 15.7682933807, 18.4696712494, 58.1294822693, 118.671089172, 52.5090179443, 8.86721992493], [11.665143013, 16.3161830902, 68.567855835, 33.8953819275, 60.1195220947, 39.3803520203, 19.2383956909, 33.5922470093, 28.5387248993, 28.6916694641, 52.5090179443, 111.47756958, 54.0436592102], [24.2687702179, 93.3006973267, 22.0253639221, 45.6325378418, 34.8720359802, 29.6324615479, 26.2008953094, 27.0527038574, 17.3938064575, 12.4534645081, 8.86721992493, 54.0436592102, 108.872695923]],
