{
"lowlevel": {
    "average_loudness": 0.10573156178,
    "barkbands_crest": {
        "dmean": 1.13194227219,
        "dmean2": 1.51545464993,
        "dvar": 2.4756128788,
        "dvar2": 5.4212012291,
        "max": 26.7235603333,
        "mean": 16.6916332245,
        "median": 16.5614318848,
        "min": 4.13178157806,
        "var": 30.9257659912
    },
    "barkbands_flatness_db": {
        "dmean": 0.019184442237,
        "dmean2": 0.0312422644347,
        "dvar": 0.00040534013533,
        "dvar2": 0.000988736399449,
        "max": 0.638932585716,
        "mean": 0.455942511559,
        "median": 0.44527131319,
        "min": 0.0655606016517,
        "var": 0.00534284766763
    },
    "barkbands_kurtosis": {
        "dmean": 1.87989413738,
        "dmean2": 2.38107180595,
        "dvar": 26.0808868408,
        "dvar2": 40.5363922119,
        "max": 228.160217285,
        "mean": 6.19788360596,
        "median": 2.24150943756,
        "min": -1.93395459652,
        "var": 239.412597656
    },
    "barkbands_skewness": {
        "dmean": 0.332085996866,
        "dmean2": 0.443485438824,
        "dvar": 0.347310513258,
        "dvar2": 0.705865502357,
        "max": 10.2348051071,
        "mean": 0.889346063137,
        "median": 0.761312901974,
        "min": -7.36168384552,
        "var": 2.91448616982
    },
    "barkbands_spread": {
        "dmean": 0.458202838898,
        "dmean2": 0.604995727539,
        "dvar": 0.661009609699,
        "dvar2": 1.2438300848,
        "max": 24.2337665558,
        "mean": 3.66486954689,
        "median": 3.12213873863,
        "min": 0.0951941013336,
        "var": 6.45942640305
    },
    "dissonance": {
        "dmean": 0.0542852990329,
        "dmean2": 0.0934801101685,
        "dvar": 0.00259203719907,
        "dvar2": 0.0076157595031,
        "max": 0.499259263277,
        "mean": 0.308090031147,
        "median": 0.302628010511,
        "min": 0.0320073887706,
        "var": 0.00910958275199
    },
    "dynamic_complexity": 9.17463874817,
    "erbbands_crest": {
        "dmean": 1.38675928116,
        "dmean2": 1.83976697922,
        "dvar": 4.36502027512,
        "dvar2": 9.10479450226,
        "max": 33.8689041138,
        "mean": 18.8196544647,
        "median": 19.1136379242,
        "min": 3.76547861099,
        "var": 49.5209503174
    },
    "erbbands_flatness_db": {
        "dmean": 0.0123595912009,
        "dmean2": 0.0191082712263,
        "dvar": 0.000226501069847,
        "dvar2": 0.00045533789671,
        "max": 0.640910029411,
        "mean": 0.472935825586,
        "median": 0.477925628424,
        "min": 0.102367289364,
        "var": 0.00399884814397
    },
    "erbbands_kurtosis": {
        "dmean": 1.15572464466,
        "dmean2": 1.35660016537,
        "dvar": 6.89436817169,
        "dvar2": 10.2524223328,
        "max": 75.6899032593,
        "mean": 2.99198722839,
        "median": 0.85634636879,
        "min": -1.84750139713,
        "var": 36.0225868225
    },
    "erbbands_skewness": {
        "dmean": 0.248708307743,
        "dmean2": 0.317195683718,
        "dvar": 0.204457297921,
        "dvar2": 0.341795504093,
        "max": 4.38078022003,
        "mean": 0.423940181732,
        "median": 0.466571122408,
        "min": -5.71960687637,
        "var": 1.55798995495
    },
    "erbbands_spread": {
        "dmean": 0.817091226578,
        "dmean2": 1.05336332321,
        "dvar": 1.77094590664,
        "dvar2": 3.26689100266,
        "max": 33.9368591309,
        "mean": 7.28630018234,
        "median": 6.79394865036,
        "min": 0.327327370644,
        "var": 18.8061256409
    },
    "hfc": {
        "dmean": 2.07640099525,
        "dmean2": 2.45867490768,
        "dvar": 62.6519775391,
        "dvar2": 101.077819824,
        "max": 214.65473938,
        "mean": 7.55822086334,
        "median": 1.92706429958,
        "min": 1.18910018851e-16,
        "var": 242.664291382
    },
    "melbands_crest": {
        "dmean": 1.36751568317,
        "dmean2": 1.87921714783,
        "dvar": 4.4140996933,
        "dvar2": 9.3204574585,
        "max": 34.8800315857,
        "mean": 20.043586731,
        "median": 19.2322101593,
        "min": 2.00248861313,
        "var": 52.7359962463
    },
    "melbands_flatness_db": {
        "dmean": 0.0207053385675,
        "dmean2": 0.0339654162526,
        "dvar": 0.00049327686429,
        "dvar2": 0.00114668579772,
        "max": 0.725873947144,
        "mean": 0.55161678791,
        "median": 0.542313396931,
        "min": 0.00658130599186,
        "var": 0.00466189486906
    },
    "melbands_kurtosis": {
        "dmean": 1.41524934769,
        "dmean2": 1.79626274109,
        "dvar": 7.94654464722,
        "dvar2": 12.2493162155,
        "max": 86.0981674194,
        "mean": 5.46412277222,
        "median": 2.44713497162,
        "min": -1.94282472134,
        "var": 82.8031311035
    },
    "melbands_skewness": {
        "dmean": 0.288138628006,
        "dmean2": 0.36504149437,
        "dvar": 0.231674715877,
        "dvar2": 0.375384569168,
        "max": 6.34750127792,
        "mean": 1.10258555412,
        "median": 1.01035523415,
        "min": -4.99087238312,
        "var": 2.4836704731
    },
    "melbands_spread": {
        "dmean": 0.853279054165,
        "dmean2": 1.10579395294,
        "dvar": 9.04656124115,
        "dvar2": 10.146355629,
        "max": 133.986160278,
        "mean": 6.32937383652,
        "median": 5.28671312332,
        "min": 0.247489348054,
        "var": 27.885433197
    },
    "pitch_salience": {
        "dmean": 0.0315089337528,
        "dmean2": 0.0451112911105,
        "dvar": 0.00224912585691,
        "dvar2": 0.00517127709463,
        "max": 0.959610998631,
        "mean": 0.446242660284,
        "median": 0.447356104851,
        "min": 0.0652258992195,
        "var": 0.0208642091602
    },
    "silence_rate_20dB": {
        "dmean": 0,
        "dmean2": 0,
        "dvar": 0,
        "dvar2": 0,
        "max": 1,
        "mean": 1,
        "median": 1,
        "min": 1,
        "var": 0
    },
    "silence_rate_30dB": {
        "dmean": 0.0072164949961,
        "dmean2": 0.0144404331222,
        "dvar": 0.00716466177255,
        "dvar2": 0.0162944290787,
        "max": 1,
        "mean": 0.990726411343,
        "median": 1,
        "min": 0,
        "var": 0.00918743293732
    },
    "silence_rate_60dB": {
        "dmean": 0.0309278350323,
        "dmean2": 0.0618875697255,
        "dvar": 0.029971562326,
        "dvar2": 0.0601203925908,
        "max": 1,
        "mean": 0.493044823408,
        "median": 0,
        "min": 0,
        "var": 0.249945446849
    },
    "spectral_centroid": {
        "dmean": 31.9826889038,
        "dmean2": 39.5471153259,
        "dvar": 52470.0859375,
        "dvar2": 49734.0625,
        "max": 10948.8916016,
        "mean": 585.301879883,
        "median": 531.903198242,
        "min": 323.49407959,
        "var": 91656.9140625
    },
    "spectral_complexity": {
        "dmean": 0.722680389881,
        "dmean2": 1.20474469662,
        "dvar": 1.30863821507,
        "dvar2": 2.96831130981,
        "max": 24,
        "mean": 6.26429653168,
        "median": 4,
        "min": 0,
        "var": 29.2813549042
    },
    "spectral_decrease": {
        "dmean": 7.97054366952e-10,
        "dmean2": 1.00283181759e-09,
        "dvar": 6.29516251247e-18,
        "dvar2": 1.11229504589e-17,
        "max": 2.80004514786e-29,
        "mean": -3.56301499416e-09,
        "median": -8.31426483217e-10,
        "min": -6.83275018787e-08,
        "var": 3.66485712201e-17
    },
    "spectral_energy": {
        "dmean": 0.00319425784983,
        "dmean2": 0.00400569289923,
        "dvar": 0.000103133585071,
        "dvar2": 0.000180769944564,
        "max": 0.277353256941,
        "mean": 0.0141331795603,
        "median": 0.00329204415902,
        "min": 1.06798128992e-20,
        "var": 0.00058422802249
    },
    "spectral_energyband_high": {
        "dmean": 1.15673984169e-07,
        "dmean2": 1.76132374463e-07,
        "dvar": 1.34954894482e-12,
        "dvar2": 2.40377249355e-12,
        "max": 4.29816027463e-05,
        "mean": 2.00942153583e-07,
        "median": 2.54863308236e-09,
        "min": 7.77829595491e-21,
        "var": 2.54333663505e-12
    },
    "spectral_energyband_low": {
        "dmean": 0.000201546848984,
        "dmean2": 0.000293066143058,
        "dvar": 4.63754361135e-07,
        "dvar2": 9.78577872957e-07,
        "max": 0.023628719151,
        "mean": 0.00125176040456,
        "median": 1.18843320251e-06,
        "min": 9.28599599754e-23,
        "var": 9.79936612566e-06
    },
    "spectral_energyband_middle_high": {
        "dmean": 0.00123750558123,
        "dmean2": 0.00140516262036,
        "dvar": 4.47351412731e-05,
        "dvar2": 6.81988676661e-05,
        "max": 0.177572190762,
        "mean": 0.00314730778337,
        "median": 0.000450583786005,
        "min": 1.55406496999e-21,
        "var": 0.000140769188874
    },
    "spectral_energyband_middle_low": {
        "dmean": 0.0020607910119,
        "dmean2": 0.00282769347541,
        "dvar": 3.78820586775e-05,
        "dvar2": 8.07572432677e-05,
        "max": 0.144326999784,
        "mean": 0.00993571430445,
        "median": 0.00226149475202,
        "min": 2.3079404368e-22,
        "var": 0.00026288969093
    },
    "spectral_entropy": {
        "dmean": 0.121048666537,
        "dmean2": 0.178404018283,
        "dvar": 0.043683681637,
        "dvar2": 0.0907064527273,
        "max": 9.79428386688,
        "mean": 4.94837188721,
        "median": 4.99384403229,
        "min": 3.16435050964,
        "var": 0.596113324165
    },
    "spectral_flux": {
        "dmean": 0.0108871944249,
        "dmean2": 0.0178956091404,
        "dvar": 0.000746362144127,
        "dvar2": 0.00183002487756,
        "max": 0.390235632658,
        "mean": 0.0209130924195,
        "median": 0.00913414359093,
        "min": 1.03343181235e-10,
        "var": 0.00107110361569
    },
    "spectral_kurtosis": {
        "dmean": 44.1824264526,
        "dmean2": 75.9801559448,
        "dvar": 2147.15625,
        "dvar2": 5910.10058594,
        "max": 619.879211426,
        "mean": 164.461837769,
        "median": 159.302841187,
        "min": -1.23217356205,
        "var": 6880.88525391
    },
    "spectral_rms": {
        "dmean": 0.000311273528496,
        "dmean2": 0.00036799244117,
        "dvar": 4.37134275444e-07,
        "dvar2": 7.53985943902e-07,
        "max": 0.0164495762438,
        "mean": 0.00273332442157,
        "median": 0.00179213576484,
        "min": 3.22789863415e-12,
        "var": 6.31739749224e-06
    },
    "spectral_rolloff": {
        "dmean": 48.327457428,
        "dmean2": 77.9923934937,
        "dvar": 169661.390625,
        "dvar2": 176908.625,
        "max": 18540.0878906,
        "mean": 758.993408203,
        "median": 710.595703125,
        "min": 366.064453125,
        "var": 236793.234375
    },
    "spectral_skewness": {
        "dmean": 1.69207918644,
        "dmean2": 2.98117280006,
        "dvar": 2.95155525208,
        "dvar2": 8.26369476318,
        "max": 20.4607219696,
        "mean": 9.50418281555,
        "median": 9.86783790588,
        "min": 0.015906130895,
        "var": 10.1282129288
    },
    "spectral_spread": {
        "dmean": 336313.625,
        "dmean2": 581751.625,
        "dvar": 641498021888,
        "dvar2": 991679086592,
        "max": 41973972,
        "mean": 944912.25,
        "median": 761866.4375,
        "min": 148000.5625,
        "var": 1.82404225434e+12
    },
    "spectral_strongpeak": {
        "dmean": 0.261357545853,
        "dmean2": 0.329981684685,
        "dvar": 0.454202830791,
        "dvar2": 0.762134075165,
        "max": 12.6937084198,
        "mean": 1.20999956131,
        "median": 0.692045688629,
        "min": 3.68272190521e-09,
        "var": 2.27308511734
    },
    "zerocrossingrate": {
        "dmean": 0.00203593145125,
        "dmean2": 0.00234042597003,
        "dvar": 0.000131140681333,
        "dvar2": 0.000136854607263,
        "max": 0.5,
        "mean": 0.0274853799492,
        "median": 0.025390625,
        "min": 0.00439453125,
        "var": 0.000223990442464
    },
    "barkbands": {
        "dmean": [3.58891952601e-07, 8.79765575519e-05, 0.000135279842652, 9.37952427194e-05, 0.000562363013159, 0.000426446407801, 0.000504495634232, 0.000625131535344, 0.000409856555052, 0.000486077042297, 0.000508925237227, 0.000231857848121, 5.95132441958e-05, 5.38196327398e-05, 1.58754955919e-05, 9.94900801743e-06, 3.73955958821e-06, 1.53227449573e-06, 5.83010546507e-07, 1.82725258924e-07, 2.40420092723e-08, 9.06266439671e-09, 9.92243509579e-10, 5.46575062987e-10, 5.36141298024e-10, 5.39896793939e-10, 5.3764598329e-10],
        "dmean2": [6.36194045001e-07, 0.000128508720081, 0.000190514721908, 0.000125897247926, 0.000888846523594, 0.000574912177399, 0.000793223502114, 0.000768098921981, 0.000503887364175, 0.000574997684453, 0.000585737638175, 0.000285496993456, 7.72842613515e-05, 7.46331352275e-05, 2.06548593269e-05, 1.46086404129e-05, 5.4121201174e-06, 2.35462653109e-06, 8.29350824461e-07, 2.65025761337e-07, 3.43450139439e-08, 1.17547314105e-08, 1.77753001207e-09, 1.0042964238e-09, 9.83811254684e-10, 9.90075244012e-10, 9.89491377723e-10],
        "dvar": [5.68282996615e-13, 9.59282502322e-08, 2.18952862951e-07, 1.54684528297e-07, 3.81069253308e-06, 2.31993294619e-06, 8.77485854289e-06, 8.63679360918e-06, 7.33381421014e-06, 1.68356691574e-05, 1.38702553159e-05, 2.15526711145e-06, 1.33464922669e-07, 1.92067474813e-07, 6.93113078043e-09, 5.63887336824e-09, 4.2334447059e-10, 7.45971895366e-11, 1.34532706156e-11, 2.08190149148e-12, 3.12899899946e-14, 2.32781611505e-14, 4.12768949015e-17, 1.72303417315e-18, 1.58945722213e-18, 1.50034184941e-18, 1.74867387701e-18],
        "dvar2": [1.58608759807e-12, 1.98532802642e-07, 4.72017518405e-07, 2.57518223634e-07, 1.01879140857e-05, 4.2584520088e-06, 2.34106100834e-05, 1.33470657602e-05, 1.38179084388e-05, 2.59823827946e-05, 2.02208557312e-05, 3.68957353203e-06, 2.22188745624e-07, 3.97110682115e-07, 1.07927755622e-08, 1.16737508549e-08, 7.96329446828e-10, 1.56858151468e-10, 2.92616243736e-11, 3.84608187312e-12, 6.2382736509e-14, 3.26375685917e-14, 1.21989618889e-16, 5.5477593341e-18, 5.1166514104e-18, 4.836652841e-18, 5.64560239285e-18],
        "max": [1.45107187564e-05, 0.00999840348959, 0.0215511210263, 0.0174884349108, 0.031048996374, 0.0496477484703, 0.0865580514073, 0.0850149318576, 0.0900038331747, 0.142784938216, 0.119679361582, 0.0374038554728, 0.0104420557618, 0.0151578448713, 0.00284265563823, 0.00271007884294, 0.000635370321106, 0.000224205025006, 6.7039487476e-05, 4.4096417696e-05, 5.5494215303e-06, 6.53494907965e-06, 1.89735260392e-07, 1.61211595184e-08, 1.55399799695e-08, 1.52024490774e-08, 1.62520983338e-08],
        "mean": [4.66425660761e-07, 0.000353492068825, 0.000755203829613, 0.000310329720378, 0.00195187493227, 0.0021097115241, 0.00204065721482, 0.00202453066595, 0.00139306124765, 0.00119104166515, 0.00123881280888, 0.000443572091172, 0.000131108492496, 0.00010823278717, 4.28999010182e-05, 2.37999738602e-05, 9.85992573987e-06, 3.08258290715e-06, 1.07490120627e-06, 3.03292267745e-07, 4.13613712169e-08, 1.5159272948e-08, 1.09163134088e-09, 5.80707260056e-10, 6.32242203036e-10, 6.91809942666e-10, 6.06680483628e-10],
        "median": [9.92299646896e-08, 1.25054668842e-07, 4.40622670794e-07, 5.74901264372e-07, 6.25867505732e-06, 0.00051285274094, 0.000120223936392, 0.000156755064381, 0.000101021629234, 4.5909997425e-05, 0.000103730017145, 4.19473362854e-05, 6.84456608724e-06, 3.92679112338e-06, 4.54843473108e-07, 6.96170786796e-07, 7.85932385838e-08, 1.27542412187e-08, 1.04589288341e-08, 6.64865329458e-10, 3.14851617e-10, 1.9437126908e-10, 1.98406499563e-10, 2.38884578785e-10, 3.23914894906e-10, 4.34160235541e-10, 2.45713505098e-10],
        "min": [6.9217905931e-24, 4.32543036623e-23, 3.52052971e-23, 9.08813201203e-24, 1.35107954802e-23, 6.27533612067e-23, 4.71484271685e-23, 5.21837799691e-23, 1.96134123989e-23, 7.04712481372e-23, 2.89436757995e-23, 1.08878847196e-22, 9.66184025614e-23, 1.09374870311e-22, 1.648128088e-22, 1.73738801497e-22, 1.59561645743e-22, 2.69068312624e-22, 2.73245943273e-22, 2.85847144264e-22, 3.88102879383e-22, 7.08412390479e-22, 4.77708870166e-22, 9.5388091307e-22, 1.06906338999e-21, 1.76361550698e-21, 2.48074494931e-21],
        "var": [1.00446419845e-12, 1.08712470137e-06, 5.26338044438e-06, 1.33413198e-06, 1.76708235813e-05, 2.31992962654e-05, 4.36014379375e-05, 4.3228334107e-05, 2.84251818812e-05, 5.49063915969e-05, 4.63044525532e-05, 4.79133814224e-06, 3.02980794231e-07, 3.16842971415e-07, 2.56988315073e-08, 1.45306202626e-08, 1.53086754384e-09, 1.51966411677e-10, 2.35219795031e-11, 3.94333090487e-12, 7.32135909515e-14, 6.31075392139e-14, 3.42157536293e-17, 1.43960259742e-18, 1.32331423818e-18, 1.21844903641e-18, 1.45032027321e-18]
    },
    "erbbands": {
        "dmean": [0.000757414731197, 0.0256053414196, 0.127674013376, 0.208724230528, 0.498633086681, 2.66657447815, 3.0799934864, 4.12013101578, 5.12076759338, 12.8384523392, 11.0824623108, 9.6043586731, 11.9906892776, 16.4455165863, 16.4884300232, 7.18277168274, 3.22096896172, 2.80038285255, 1.19636440277, 0.992716729641, 0.295544475317, 0.224188640714, 0.109559237957, 0.0388256832957, 0.0242686495185, 0.00895930919796, 0.00222664722241, 0.000578164355829, 0.000315698300255, 5.016220166e-05, 2.79425275949e-05, 1.32714230858e-05, 9.63033562584e-06, 6.99207657817e-06, 4.82913219457e-06, 3.07906316266e-06, 1.64410812431e-06, 5.1501785947e-07, 1.58715067755e-06, 3.65894948118e-06],
        "dmean2": [0.00108125666156, 0.0377026461065, 0.18629668653, 0.29290831089, 0.760718822479, 4.3517742157, 4.636302948, 5.27320766449, 7.52909564972, 18.3505840302, 13.386756897, 11.4123859406, 14.2479314804, 18.3830966949, 19.6599693298, 8.80109119415, 4.03998565674, 3.74410462379, 1.66532123089, 1.30570232868, 0.421868473291, 0.318678379059, 0.159354180098, 0.0570347607136, 0.033668614924, 0.0131587292999, 0.00347506976686, 0.000711349886842, 0.000411357003031, 8.30561257317e-05, 4.91935024911e-05, 2.35158240685e-05, 1.68272326846e-05, 1.18835732792e-05, 7.919456948e-06, 4.81117422169e-06, 2.46714375862e-06, 8.0478844211e-07, 1.96879977921e-06, 4.57052055935e-06],
        "dvar": [1.00278011814e-05, 0.00781909748912, 0.200814932585, 0.609084129333, 3.08379173279, 100.652618408, 97.0734329224, 252.044113159, 972.213134766, 3891.31762695, 2836.83178711, 4224.90087891, 7785.60302734, 13000.9238281, 18282.4140625, 1934.05932617, 397.32925415, 672.802246094, 27.0413646698, 51.0996742249, 1.88886320591, 1.68742489815, 0.287348628044, 0.0731630921364, 0.0252376683056, 0.00701873051003, 0.000188382429769, 2.50116227107e-05, 2.76627833955e-05, 1.30508809093e-07, 3.79003992634e-08, 1.02799890822e-09, 4.87489604239e-10, 2.48468412511e-10, 1.19471960103e-10, 5.19909809649e-11, 1.60529402271e-11, 1.58141728879e-12, 2.64927611099e-11, 1.38468972399e-10],
        "dvar2": [1.55557390826e-05, 0.0168936606497, 0.471005141735, 1.08532249928, 7.11265277863, 272.970977783, 235.588516235, 442.568481445, 2325.88500977, 8433.875, 5238.31494141, 7224.78027344, 12032.9570312, 17995.5820312, 29493.8496094, 3220.1105957, 643.921020508, 1447.2154541, 44.6677436829, 92.3898239136, 3.85998892784, 3.1380610466, 0.60172355175, 0.155348360538, 0.0512512475252, 0.0125880884007, 0.000391382258385, 4.2459465476e-05, 3.99322561861e-05, 3.17034789532e-07, 1.09444783902e-07, 3.08159431306e-09, 1.42459111174e-09, 6.79548028959e-10, 2.93690599618e-10, 1.11175305073e-10, 3.13391500251e-11, 3.26869889662e-12, 4.52772541681e-11, 2.40506142779e-10],
        "max": [0.191223278642, 2.59061384201, 19.6648979187, 30.3673973083, 49.1995010376, 179.615783691, 185.175018311, 533.90423584, 1021.49420166, 1527.00268555, 1480.81530762, 2533.81835938, 3052.58959961, 4023.60327148, 5358.50341797, 999.081787109, 549.537353516, 914.577514648, 196.858642578, 249.851348877, 36.1809654236, 44.5053596497, 8.90901279449, 7.29762172699, 3.6747572422, 3.05671334267, 0.326482653618, 0.161308035254, 0.222066104412, 0.00965198967606, 0.00612815283239, 0.000401055382099, 0.000305120222038, 0.000225543844863, 0.00020140579727, 0.000161109841429, 9.77483941824e-05, 2.78723091469e-05, 0.000141444557812, 0.000322164822137],
        "mean": [0.00456851068884, 0.110261537135, 0.724430561066, 1.01902508736, 1.96668636799, 8.57946109772, 12.4451084137, 22.0499286652, 27.1721782684, 38.1883468628, 38.00522995, 32.6264419556, 33.7413330078, 43.39686203, 37.7565727234, 14.6689777374, 6.93626832962, 5.64645719528, 3.01434445381, 2.67347693443, 0.829945445061, 0.590694010258, 0.247266992927, 0.0744875371456, 0.0459888167679, 0.0154933705926, 0.00389081984758, 0.00104592950083, 0.000553400081117, 7.18895098544e-05, 3.80125711672e-05, 2.24283776333e-05, 1.90380033018e-05, 1.62852484209e-05, 1.33068997457e-05, 9.87075054582e-06, 5.68873520024e-06, 1.40002066473e-06, 6.92638741384e-06, 1.60113722814e-05],
        "median": [4.56961424788e-06, 4.0208818973e-05, 0.000467562495032, 0.00251827784814, 0.00837131869048, 0.0620254389942, 1.31045937538, 5.3077673912, 2.71886467934, 3.244566679, 3.51333165169, 3.27452158928, 3.14456129074, 2.68638706207, 4.92823553085, 1.79945743084, 0.573448359966, 0.304780304432, 0.161706373096, 0.0502911545336, 0.0378363467753, 0.00776079203933, 0.00240173074417, 0.00135917402804, 0.000244065697188, 4.43692733825e-05, 2.53901489486e-05, 1.4211742382e-05, 1.02101921584e-05, 9.03192994883e-06, 8.32037858345e-06, 7.60537750466e-06, 6.61783451505e-06, 5.76036200073e-06, 4.66486972073e-06, 3.21597508446e-06, 1.84469934084e-06, 5.05249374783e-07, 1.68452527305e-06, 3.77266178475e-06],
        "min": [1.14269246095e-21, 9.42716660715e-21, 4.28055788797e-20, 3.85379085303e-20, 1.16254120097e-20, 5.32145482895e-20, 4.62726127132e-19, 3.88438018595e-19, 5.50136318713e-19, 1.3805241173e-18, 4.63061445473e-19, 3.68955692122e-19, 2.22170848403e-18, 1.44769097624e-18, 1.99004104385e-18, 3.68579934989e-18, 5.14273655102e-18, 5.8933094855e-18, 6.94919064817e-18, 9.1021391234e-18, 9.53998732832e-18, 1.10778575349e-17, 1.36185386505e-17, 1.81058784955e-17, 1.1621313543e-17, 1.37434594666e-17, 1.28261409827e-17, 1.74306178742e-17, 2.58615272275e-17, 1.69620961578e-17, 1.7198628454e-17, 1.81221110878e-17, 1.65265045016e-17, 1.2411050998e-17, 8.02565041012e-18, 6.6252323923e-18, 3.08342967742e-18, 1.34643600425e-18, 3.59150008797e-19, 3.35122305471e-20],
        "var": [0.000212292245124, 0.0886364132166, 4.40495347977, 7.38778734207, 20.30210495, 451.525543213, 587.877624512, 2685.99560547, 9862.02734375, 12586.6044922, 13480.9384766, 16905.5839844, 25600.6777344, 50520.4648438, 44618.6601562, 4290.59960938, 847.253845215, 992.553588867, 98.7308044434, 155.159454346, 6.14458799362, 5.97400045395, 0.788624703884, 0.119995906949, 0.0457733161747, 0.013086322695, 0.00038485287223, 6.63486935082e-05, 7.40796458558e-05, 2.02543688488e-07, 2.95233970604e-08, 1.63674218623e-09, 9.87118942142e-10, 6.64807875417e-10, 4.25859930653e-10, 2.34445324265e-10, 7.90494267267e-11, 5.60230247609e-12, 1.43556902477e-10, 7.61464225008e-10]
    },
    "gfcc": {
        "mean": [-334.313201904, 216.925506592, -128.410217285, -107.998779297, -46.8195343018, -25.4119319916, -34.2102813721, -11.1864767075, -12.5380334854, -10.1876773834, 2.39429235458, 3.39362740517, 7.88627576828],
        "cov": [[20743.6191406, 6924.60449219, -1101.82922363, 2621.37402344, 4506.96923828, -1335.42651367, 391.533752441, 57.7927284241, -184.214187622, -985.360351562, -601.223632812, -2184.17773438, -966.975463867], [6924.60449219, 2917.53344727, 1.21765518188, 758.170593262, 1603.28076172, -440.488067627, -63.0747261047, -105.442657471, -15.4953346252, -394.53112793, -225.739746094, -745.042785645, -318.946716309], [-1101.82922363, 1.21765518188, 906.653564453, 107.510818481, -393.184814453, 87.8281707764, -39.8262176514, -54.8470840454, -0.716341137886, 54.4559593201, -19.3994026184, 151.273269653, 114.90057373], [2621.37402344, 758.170593262, 107.510818481, 1048.51574707, 726.891845703, -180.001602173, 181.855514526, 123.512016296, -143.092041016, -87.8262939453, -120.246086121, -295.842834473, -121.435997009], [4506.96923828, 1603.28076172, -393.184814453, 726.891845703, 1396.3449707, -180.279632568, 30.3251495361, 31.3285217285, -52.0040588379, -235.998336792, -113.550315857, -516.75213623, -260.811340332], [-1335.42651367, -440.488067627, 87.8281707764, -180.001602173, -180.279632568, 334.910522461, 66.093208313, -7.91212654114, 9.37686157227, 71.3028945923, 33.6560325623, 143.66267395, 43.632434845], [391.533752441, -63.0747261047, -39.8262176514, 181.855514526, 30.3251495361, 66.093208313, 342.217468262, 197.872314453, -43.7433891296, -10.4276943207, -42.4667778015, -122.176986694, -82.6518859863], [57.7927284241, -105.442657471, -54.8470840454, 123.512016296, 31.3285217285, -7.91212654114, 197.872314453, 289.618560791, 57.5673446655, -4.96695995331, -24.8544902802, -92.6688919067, -92.6247329712], [-184.214187622, -15.4953346252, -0.716341137886, -143.092041016, -52.0040588379, 9.37686157227, -43.7433891296, 57.5673446655, 159.447967529, 50.5242004395, -8.60956764221, -14.4536886215, -22.6582393646], [-985.360351562, -394.53112793, 54.4559593201, -87.8262939453, -235.998336792, 71.3028945923, -10.4276943207, -4.96695995331, 50.5242004395, 185.423873901, 83.7516555786, 68.3049621582, 5.62041568756], [-601.223632812, -225.739746094, -19.3994026184, -120.246086121, -113.550315857, 33.6560325623, -42.4667778015, -24.8544902802, -8.60956764221, 83.7516555786, 145.887741089, 112.965621948, -11.525387764], [-2184.17773438, -745.042785645, 151.273269653, -295.842834473, -516.75213623, 143.66267395, -122.176986694, -92.6688919067, -14.4536886215, 68.3049621582, 112.965621948, 426.094146729, 225.862380981], [-966.975463867, -318.946716309, 114.90057373, -121.435997009, -260.811340332, 43.632434845, -82.6518859863, -92.6247329712, -22.6582393646, 5.62041568756, -11.525387764, 225.862380981, 249.146438599]],
        "icov": [[0.00075627467595, -0.00152098410763, 0.00106334476732, -0.00108638487291, 0.000378267199267, 0.000388257962186, -0.00130220432766, 0.00102036655881, -0.00121193111409, 0.000842084118631, -0.00110150466207, 0.000662405975163, -0.000537124462426], [-0.00152098410763, 0.00740728992969, -0.00575664173812, 0.00469968933612, -0.00678604422137, 0.00393439875916, -0.000732842832804, 0.00186935800593, 5.13345621584e-05, 0.000434937712271, 0.00266303610988, -0.000696882139891, 0.00193369528279], [0.00106334476732, -0.00575664173812, 0.00707813398913, -0.00682680867612, 0.00897888932377, -0.00618992140517, 0.00258006691001, -0.000501630594954, -0.00301322690211, 0.00422782450914, -0.00648328242823, 0.00449291197583, -0.00342374085449], [-0.00108638487291, 0.00469968933612, -0.00682680867612, 0.0113090099767, -0.0119788376614, 0.00883509032428, -0.0034815275576, -0.00266865734011, 0.00979153160006, -0.0131332660094, 0.0156999919564, -0.0112406769767, 0.00632954761386], [0.000378267199267, -0.00678604422137, 0.00897888932377, -0.0119788376614, 0.0183937828988, -0.0138680273667, 0.00864370912313, -0.00208790739998, -0.00577947916463, 0.0127924038097, -0.0169234387577, 0.0138155119494, -0.00754507258534], [0.000388257962186, 0.00393439875916, -0.00618992140517, 0.00883509032428, -0.0138680273667, 0.0161985643208, -0.0105895604938, 0.00427093496546, 0.00277248164639, -0.0104842726141, 0.0142259560525, -0.0131593747064, 0.00750145735219], [-0.00130220432766, -0.000732842832804, 0.00258006691001, -0.0034815275576, 0.00864370912313, -0.0105895604938, 0.0159691069275, -0.0102499192581, 0.00614759605378, 0.00224542315118, -0.00414231466129, 0.00775975640863, -0.00320682954043], [0.00102036655881, 0.00186935800593, -0.000501630594954, -0.00266865734011, -0.00208790739998, 0.00427093496546, -0.0102499192581, 0.0156566016376, -0.0133900297806, 0.00929315388203, -0.00630600843579, 0.00275009544566, 0.000558408675715], [-0.00121193111409, 5.13345621584e-05, -0.00301322690211, 0.00979153160006, -0.00577947916463, 0.00277248164639, 0.00614759605378, -0.0133900297806, 0.0259829442948, -0.0215430799872, 0.0212062764913, -0.0124189592898, 0.00713823130354], [0.000842084118631, 0.000434937712271, 0.00422782450914, -0.0131332660094, 0.0127924038097, -0.0104842726141, 0.00224542315118, 0.00929315388203, -0.0215430799872, 0.0364087447524, -0.0341172553599, 0.025143487379, -0.0122512467206], [-0.00110150466207, 0.00266303610988, -0.00648328242823, 0.0156999919564, -0.0169234387577, 0.0142259560525, -0.00414231466129, -0.00630600843579, 0.0212062764913, -0.0341172553599, 0.0481531694531, -0.0334112383425, 0.021065087989], [0.000662405975163, -0.000696882139891, 0.00449291197583, -0.0112406769767, 0.0138155119494, -0.0131593747064, 0.00775975640863, 0.00275009544566, -0.0124189592898, 0.025143487379, -0.0334112383425, 0.033847052604, -0.0194345861673], [-0.000537124462426, 0.00193369528279, -0.00342374085449, 0.00632954761386, -0.00754507258534, 0.00750145735219, -0.00320682954043, 0.000558408675715, 0.00713823130354, -0.0122512467206, 0.021065087989, -0.0194345861673, 0.0185185503215]]
    },
    "melbands": {
        "dmean": [1.52171032823e-05, 5.36938314326e-05, 3.65774358215e-05, 0.000104517770524, 0.000118663178, 9.04706175788e-05, 8.09712946648e-05, 0.000149235376739, 8.37959378259e-05, 6.15781682427e-05, 6.46562839393e-05, 7.14591515134e-05, 5.60969565413e-05, 3.3533990063e-05, 1.34867696033e-05, 6.57084683553e-06, 4.76410787087e-06, 2.16736475522e-06, 1.42219016652e-06, 1.00878060039e-06, 2.37218401367e-07, 2.39223908238e-07, 1.42695185446e-07, 7.71689485646e-08, 2.79969896155e-08, 2.39020874204e-08, 9.40037292452e-09, 5.44899059207e-09, 1.57596402595e-09, 7.24402815511e-10, 2.23343538108e-10, 2.70639094468e-10, 3.52574948403e-11, 2.20044329979e-11, 1.87800296148e-11, 8.63520106115e-12, 7.24673055938e-12, 6.3488199073e-12, 5.61859239689e-12, 5.07145887785e-12],
        "dmean2": [2.18443801714e-05, 7.98541732365e-05, 5.14074345119e-05, 0.000167084712302, 0.000183171359822, 0.000118295269203, 0.000124621394207, 0.000202748356969, 0.000104832040961, 7.28299564798e-05, 7.66399098211e-05, 7.97912944108e-05, 6.58886638121e-05, 4.09493586631e-05, 1.68567021319e-05, 8.51194727147e-06, 6.43848034088e-06, 3.08143057737e-06, 1.78188236077e-06, 1.42832277561e-06, 3.6179673657e-07, 3.44691017062e-07, 1.99941297296e-07, 1.17976341585e-07, 4.20444337124e-08, 3.34142207237e-08, 1.30980017943e-08, 8.39997493784e-09, 2.5148165772e-09, 9.63674362531e-10, 2.89534202169e-10, 3.43003486725e-10, 6.03178132441e-11, 3.86553428156e-11, 3.35256197803e-11, 1.58272648459e-11, 1.32930767088e-11, 1.16562107189e-11, 1.02883509004e-11, 9.28726887062e-12],
        "dvar": [3.15145198826e-09, 3.41377841551e-08, 2.11249400195e-08, 1.54611356606e-07, 1.37536105171e-07, 1.1464915417e-07, 2.34404780031e-07, 4.76304848007e-07, 2.19386535605e-07, 1.83800167974e-07, 2.54003481359e-07, 2.40982927835e-07, 1.6357554955e-07, 6.20379125849e-08, 1.54854813417e-08, 2.33606911593e-09, 1.9884303093e-09, 1.11421601112e-10, 7.49644166187e-11, 6.31403332396e-11, 8.47624108489e-13, 1.8251348783e-12, 6.42486226981e-13, 2.27053781592e-13, 4.83034565037e-14, 2.51865907552e-14, 4.18856733626e-15, 4.77125273562e-15, 9.99820684106e-17, 4.03354773377e-17, 1.02420676266e-17, 2.34799948346e-17, 8.32310877185e-20, 1.764488853e-20, 2.75885736919e-20, 5.02735425586e-22, 2.91296746859e-22, 2.23298501929e-22, 1.72668285694e-22, 1.34990660651e-22],
        "dvar2": [5.95121729674e-09, 8.05127200465e-08, 3.82336473592e-08, 4.11509034848e-07, 3.50798273985e-07, 2.13710407593e-07, 5.97569453475e-07, 9.23277923448e-07, 4.69959502425e-07, 3.04283588548e-07, 3.90934786765e-07, 3.43291674199e-07, 2.53118912497e-07, 1.03736446988e-07, 2.44859315046e-08, 4.37897851313e-09, 4.28082636006e-09, 1.84467760511e-10, 1.18937498739e-10, 1.2354618717e-10, 1.71972310524e-12, 3.55135972713e-12, 1.19288259826e-12, 4.76060705613e-13, 1.08167266105e-13, 4.93930051482e-14, 8.32215969315e-15, 8.54837000611e-15, 2.19315160367e-16, 7.57258704502e-17, 1.60284392025e-17, 3.25615148269e-17, 2.18189462679e-19, 5.05805467251e-20, 7.99128462289e-20, 1.56945495205e-21, 9.37023775941e-22, 7.19036491472e-22, 5.54905914826e-22, 4.34326569088e-22],
        "max": [0.00242795469239, 0.00710184406489, 0.00612418306991, 0.00820190552622, 0.00641706306487, 0.0104509042576, 0.0135236009955, 0.0194090642035, 0.0162812396884, 0.0174266751856, 0.0175921991467, 0.0147267952561, 0.0137286763638, 0.00749994581565, 0.00427617644891, 0.00143385923002, 0.00157270266209, 0.000437617884018, 0.00032017720514, 0.000292816403089, 1.90274440683e-05, 4.54377186543e-05, 2.1266976546e-05, 1.3190192476e-05, 5.11706002726e-06, 3.79776292903e-06, 1.25385554384e-06, 2.65394942289e-06, 2.31106099591e-07, 2.49241480788e-07, 1.2653821102e-07, 2.0866174566e-07, 8.17360223948e-09, 3.10961500993e-09, 5.36569988441e-09, 3.78997888628e-10, 2.09266798334e-10, 1.8390185208e-10, 1.61844995739e-10, 1.43301231992e-10],
        "mean": [7.14491179679e-05, 0.000305544381263, 0.000190733175259, 0.000364852166967, 0.00044835935114, 0.000480755610624, 0.000387523061363, 0.000449974759249, 0.000279898929875, 0.000205303935218, 0.000175513094291, 0.000185274751857, 0.00013331923401, 6.98544681654e-05, 2.26874271902e-05, 1.44279620145e-05, 9.34600757319e-06, 5.215422334e-06, 3.89187925975e-06, 2.48175661e-06, 6.67502490614e-07, 6.16112401985e-07, 3.61533608384e-07, 1.40637084201e-07, 5.04534511947e-08, 4.5086057554e-08, 1.57868988993e-08, 9.07338737477e-09, 2.57158938588e-09, 1.15115339483e-09, 4.05924904801e-10, 4.63660720929e-10, 3.60891976026e-11, 2.49586080969e-11, 1.91222471885e-11, 8.62250548739e-12, 7.4352954349e-12, 6.67303278606e-12, 6.17506566714e-12, 5.67607202559e-12],
        "median": [4.8266301178e-08, 1.36938552942e-07, 5.91320144849e-07, 7.2692807862e-07, 4.33633395005e-05, 0.000116066970804, 3.37135788868e-05, 3.22187734128e-05, 1.95556403924e-05, 1.73354674189e-05, 1.2961036191e-05, 7.99836561782e-06, 1.485899611e-05, 7.90788271843e-06, 7.84083965755e-07, 5.54595089852e-07, 4.09364531606e-07, 2.08443879046e-07, 3.13550962971e-08, 5.31252268843e-08, 2.65391797427e-08, 5.56080825831e-09, 2.20969020859e-09, 7.41469607934e-10, 6.69039934564e-10, 8.40504610355e-11, 1.88569420495e-11, 1.86665648216e-11, 1.25841845625e-11, 7.46391143336e-12, 5.08170068525e-12, 4.12434105965e-12, 3.76499699473e-12, 3.56246217421e-12, 3.30216106195e-12, 3.04100646574e-12, 2.99349846127e-12, 2.85333345493e-12, 2.86730188204e-12, 2.81259325725e-12],
        "min": [1.01606609879e-23, 2.00164950779e-23, 5.74949990059e-24, 1.40516105122e-24, 1.28961442507e-23, 9.70131201593e-24, 8.12300408184e-24, 1.52761399683e-23, 2.78370100512e-24, 2.72413806247e-24, 1.14139416629e-23, 6.19709366176e-24, 5.61494744586e-24, 9.14683982945e-24, 1.10294358694e-23, 1.1062837029e-23, 1.09047209046e-23, 1.02093329169e-23, 1.07764836758e-23, 1.32371080777e-23, 9.35499340107e-24, 1.12213041965e-23, 1.02650675175e-23, 1.25682597374e-23, 1.52569343607e-23, 9.23134339848e-24, 7.93076183468e-24, 9.52543863256e-24, 7.08071845537e-24, 9.72413297306e-24, 9.79004230169e-24, 1.43117306904e-23, 1.52934333771e-23, 6.53616580035e-24, 9.92049386301e-24, 9.67076968827e-24, 1.10792122036e-23, 1.11306838e-23, 1.09240266975e-23, 1.05878599336e-23],
        "var": [4.75976413838e-08, 6.63590810746e-07, 2.5611421961e-07, 8.44859073368e-07, 7.01496617239e-07, 1.19373612506e-06, 1.80022891527e-06, 1.78869493084e-06, 8.64080107021e-07, 7.53406709464e-07, 8.31704312532e-07, 8.99751796624e-07, 4.66079825401e-07, 1.45031890497e-07, 2.97378441871e-08, 4.71658800905e-09, 2.95410962359e-09, 3.95686122756e-10, 2.67138561272e-10, 1.7156191745e-10, 3.63785303964e-12, 6.44862288568e-12, 2.32181439873e-12, 3.83029762421e-13, 7.23427394378e-14, 5.05210666867e-14, 7.66656550933e-15, 8.5678314351e-15, 2.3447671925e-16, 9.74614704131e-17, 2.62194598591e-17, 6.41846825844e-17, 7.14864865758e-20, 2.02267502507e-20, 1.84898826063e-20, 4.0389988843e-22, 2.46371206659e-22, 1.86041434412e-22, 1.45358148347e-22, 1.1326307105e-22]
    },
    "mfcc": {
        "mean": [-912.819885254, 193.022583008, 1.25015544891, -50.0327835083, -28.2319202423, -21.991350174, -17.3269786835, -9.88905715942, -10.0482826233, -12.4929151535, -10.6312274933, -3.02762722969, 5.40620231628],
        "cov": [[11298.6630859, 8028.92480469, -1027.7434082, 647.155761719, 2507.0859375, 693.45715332, 224.58416748, 487.007415771, 305.466003418, 418.554962158, 310.028259277, -253.470474243, -735.191467285], [8028.92480469, 6002.46435547, -430.75579834, 313.575561523, 1695.70263672, 557.667602539, 106.006828308, 303.720855713, 212.050582886, 266.458007812, 231.139266968, -165.615829468, -547.871704102], [-1027.7434082, -430.75579834, 501.766723633, -32.3329658508, -274.309967041, -18.0954475403, -53.4951324463, -83.5157928467, -43.9780845642, -75.674621582, -35.4432983398, 22.1321182251, 38.4242744446], [647.155761719, 313.575561523, -32.3329658508, 505.214263916, 453.861541748, 41.4471549988, 51.5852012634, 67.6062927246, -1.13479959965, 24.7838878632, 1.70825207233, -55.7641067505, -72.235710144], [2507.0859375, 1695.70263672, -274.309967041, 453.861541748, 1016.48071289, 345.11151123, 63.3594284058, 134.959945679, 62.0513496399, 80.2194595337, 84.2218551636, -89.0985412598, -243.400650024], [693.45715332, 557.667602539, -18.0954475403, 41.4471549988, 345.11151123, 306.620330811, 100.013031006, 28.0340671539, 15.6646156311, 16.892786026, 39.8386306763, -27.9909191132, -114.273208618], [224.58416748, 106.006828308, -53.4951324463, 51.5852012634, 63.3594284058, 100.013031006, 186.430603027, 113.06892395, 28.8670120239, 44.4162864685, 38.0011520386, -12.9596633911, -41.0931625366], [487.007415771, 303.720855713, -83.5157928467, 67.6062927246, 134.959945679, 28.0340671539, 113.06892395, 215.445617676, 141.228347778, 51.7271347046, 18.1224517822, -30.1515579224, -61.4907684326], [305.466003418, 212.050582886, -43.9780845642, -1.13479959965, 62.0513496399, 15.6646156311, 28.8670120239, 141.228347778, 195.823394775, 106.271408081, -10.610622406, -61.5576019287, -60.5457344055], [418.554962158, 266.458007812, -75.674621582, 24.7838878632, 80.2194595337, 16.892786026, 44.4162864685, 51.7271347046, 106.271408081, 212.377212524, 136.169281006, -34.4363098145, -96.7624969482], [310.028259277, 231.139266968, -35.4432983398, 1.70825207233, 84.2218551636, 39.8386306763, 38.0011520386, 18.1224517822, -10.610622406, 136.169281006, 246.182189941, 98.6080551147, -83.6397857666], [-253.470474243, -165.615829468, 22.1321182251, -55.7641067505, -89.0985412598, -27.9909191132, -12.9596633911, -30.1515579224, -61.5576019287, -34.4363098145, 98.6080551147, 171.850204468, 80.0480270386], [-735.191467285, -547.871704102, 38.4242744446, -72.235710144, -243.400650024, -114.273208618, -41.0931625366, -61.4907684326, -60.5457344055, -96.7624969482, -83.6397857666, 80.0480270386, 215.318344116]],
