{
"lowlevel": {
    "average_loudness": 0.475572645664,
    "barkbands_crest": {
        "dmean": 3.79050350189,
        "dmean2": 5.88670158386,
        "dvar": 10.046754837,
        "dvar2": 22.8853683472,
        "max": 26.7145347595,
        "mean": 16.4300174713,
        "median": 16.1600723267,
        "min": 4.12881088257,
        "var": 31.9609222412
    },
    "barkbands_flatness_db": {
        "dmean": 0.0339461043477,
        "dmean2": 0.055337805301,
        "dvar": 0.000796131964307,
        "dvar2": 0.00201851828024,
        "max": 0.519801497459,
        "mean": 0.343845784664,
        "median": 0.343134939671,
        "min": 0.0325874835253,
        "var": 0.00307687395252
    },
    "barkbands_kurtosis": {
        "dmean": 9.42172336578,
        "dmean2": 15.1332597733,
        "dvar": 234.028320312,
        "dvar2": 548.245178223,
        "max": 237.078659058,
        "mean": 14.1900873184,
        "median": 8.23886299133,
        "min": -1.48966133595,
        "var": 441.853210449
    },
    "barkbands_skewness": {
        "dmean": 0.864672243595,
        "dmean2": 1.40842938423,
        "dvar": 0.728810250759,
        "dvar2": 1.8414388895,
        "max": 10.4359283447,
        "mean": 2.00492858887,
        "median": 1.78953909874,
        "min": -1.7583373785,
        "var": 1.57839930058
    },
    "barkbands_spread": {
        "dmean": 1.50965940952,
        "dmean2": 2.46551132202,
        "dvar": 3.51432585716,
        "dvar2": 9.11052417755,
        "max": 39.4104309082,
        "mean": 3.57378172874,
        "median": 2.64883708954,
        "min": 0.133813560009,
        "var": 9.22371387482
    },
    "dissonance": {
        "dmean": 0.0456383600831,
        "dmean2": 0.0759996622801,
        "dvar": 0.00134526926558,
        "dvar2": 0.00378475524485,
        "max": 0.498754024506,
        "mean": 0.396195858717,
        "median": 0.404923975468,
        "min": 0.187904149294,
        "var": 0.0030012477655
    },
    "dynamic_complexity": 5.28857851028,
    "erbbands_crest": {
        "dmean": 3.24908924103,
        "dmean2": 4.67530870438,
        "dvar": 6.22805643082,
        "dvar2": 14.4321479797,
        "max": 27.6938285828,
        "mean": 14.1531867981,
        "median": 13.3369607925,
        "min": 2.80815672874,
        "var": 28.4021091461
    },
    "erbbands_flatness_db": {
        "dmean": 0.0223213229328,
        "dmean2": 0.0341000892222,
        "dvar": 0.000389982655179,
        "dvar2": 0.000813657126855,
        "max": 0.448063999414,
        "mean": 0.309132874012,
        "median": 0.310873299837,
        "min": 0.0885646492243,
        "var": 0.00182410562411
    },
    "erbbands_kurtosis": {
        "dmean": 3.01445579529,
        "dmean2": 4.82963037491,
        "dvar": 18.6884346008,
        "dvar2": 40.895778656,
        "max": 50.6379089355,
        "mean": 3.14575028419,
        "median": 0.70462346077,
        "min": -1.76590931416,
        "var": 43.4362030029
    },
    "erbbands_skewness": {
        "dmean": 0.700122535229,
        "dmean2": 1.0901402235,
        "dvar": 0.330166310072,
        "dvar2": 0.793425858021,
        "max": 5.94376754761,
        "mean": 1.24958992004,
        "median": 1.08001971245,
        "min": -1.84824049473,
        "var": 1.59154164791
    },
    "erbbands_spread": {
        "dmean": 3.82651734352,
        "dmean2": 6.11456918716,
        "dvar": 11.3004112244,
        "dvar2": 27.5478076935,
        "max": 41.9428062439,
        "mean": 14.9501047134,
        "median": 15.151892662,
        "min": 1.69393074512,
        "var": 44.7535858154
    },
    "hfc": {
        "dmean": 2.02644300461,
        "dmean2": 3.26161289215,
        "dvar": 12.7712936401,
        "dvar2": 30.8610744476,
        "max": 42.4761428833,
        "mean": 4.92618560791,
        "median": 3.06546473503,
        "min": 1.21941761528e-16,
        "var": 36.2103118896
    },
    "melbands_crest": {
        "dmean": 4.53975152969,
        "dmean2": 7.02453994751,
        "dvar": 14.1766147614,
        "dvar2": 30.4859466553,
        "max": 34.6587944031,
        "mean": 21.5576477051,
        "median": 20.8844985962,
        "min": 2.31647586823,
        "var": 45.7559165955
    },
    "melbands_flatness_db": {
        "dmean": 0.0361073948443,
        "dmean2": 0.0589794404805,
        "dvar": 0.000940530153457,
        "dvar2": 0.00239146128297,
        "max": 0.633929610252,
        "mean": 0.462294578552,
        "median": 0.463727146387,
        "min": 0.0067451223731,
        "var": 0.00392853748053
    },
    "melbands_kurtosis": {
        "dmean": 10.9688358307,
        "dmean2": 17.4359836578,
        "dvar": 146.679885864,
        "dvar2": 342.529266357,
        "max": 155.07611084,
        "mean": 20.2619972229,
        "median": 15.3164024353,
        "min": -1.34182024002,
        "var": 359.22946167
    },
    "melbands_skewness": {
        "dmean": 0.909049630165,
        "dmean2": 1.47635698318,
        "dvar": 0.587624907494,
        "dvar2": 1.49487268925,
        "max": 8.93830680847,
        "mean": 2.99014735222,
        "median": 2.81162261963,
        "min": 0.218769967556,
        "var": 1.5082603693
    },
    "melbands_spread": {
        "dmean": 1.94195115566,
        "dmean2": 3.16694021225,
        "dvar": 11.2953567505,
        "dvar2": 18.454706192,
        "max": 133.691574097,
        "mean": 4.16118192673,
        "median": 2.87550497055,
        "min": 0.294690519571,
        "var": 22.3478450775
    },
    "pitch_salience": {
        "dmean": 0.104048527777,
        "dmean2": 0.163096368313,
        "dvar": 0.00707112951204,
        "dvar2": 0.0160251874477,
        "max": 0.911816239357,
        "mean": 0.507490754128,
        "median": 0.542644739151,
        "min": 0.0805377587676,
        "var": 0.0223101302981
    },
    "silence_rate_20dB": {
        "dmean": 0,
        "dmean2": 0,
        "dvar": 0,
        "dvar2": 0,
        "max": 1,
        "mean": 1,
        "median": 1,
        "min": 1,
        "var": 0
    },
    "silence_rate_30dB": {
        "dmean": 0.021649485454,
        "dmean2": 0.043321300298,
        "dvar": 0.02118088305,
        "dvar2": 0.0548535995185,
        "max": 1,
        "mean": 0.980422437191,
        "median": 1,
        "min": 0,
        "var": 0.019194085151
    },
    "silence_rate_60dB": {
        "dmean": 0.0737113431096,
        "dmean2": 0.147498711944,
        "dvar": 0.0682769715786,
        "dvar2": 0.142248660326,
        "max": 1,
        "mean": 0.252962380648,
        "median": 0,
        "min": 0,
        "var": 0.18897613883
    },
    "spectral_centroid": {
        "dmean": 54.2136039734,
        "dmean2": 86.9533996582,
        "dvar": 45830.5625,
        "dvar2": 39649.1015625,
        "max": 10698.3056641,
        "mean": 301.661010742,
        "median": 264.993499756,
        "min": 161.321166992,
        "var": 65261.84375
    },
    "spectral_complexity": {
        "dmean": 1.36958765984,
        "dmean2": 2.18463134766,
        "dvar": 1.57009899616,
        "dvar2": 3.75034451485,
        "max": 19,
        "mean": 6.93920660019,
        "median": 7,
        "min": 0,
        "var": 17.163734436
    },
    "spectral_decrease": {
        "dmean": 2.73997291522e-09,
        "dmean2": 4.52267245876e-09,
        "dvar": 2.63983608276e-17,
        "dvar2": 6.90989758384e-17,
        "max": 5.69678341414e-30,
        "mean": -5.25129317808e-09,
        "median": -2.67668309739e-09,
        "min": -5.79347734231e-08,
        "var": 5.04853937353e-17
    },
    "spectral_energy": {
        "dmean": 0.0105188889429,
        "dmean2": 0.0173489414155,
        "dvar": 0.000388171523809,
        "dvar2": 0.00101483007893,
        "max": 0.222511768341,
        "mean": 0.0202663820237,
        "median": 0.010374433361,
        "min": 1.10389732671e-20,
        "var": 0.000748132239096
    },
    "spectral_energyband_high": {
        "dmean": 3.46193303358e-07,
        "dmean2": 5.3200955108e-07,
        "dvar": 1.22750561885e-12,
        "dvar2": 2.48179558501e-12,
        "max": 4.34599824075e-05,
        "mean": 8.53707206261e-07,
        "median": 3.67878470797e-07,
        "min": 7.88733112279e-21,
        "var": 5.25636565524e-12
    },
    "spectral_energyband_low": {
        "dmean": 0.00486639142036,
        "dmean2": 0.00829207431525,
        "dvar": 0.000127240404254,
        "dvar2": 0.00035457444028,
        "max": 0.102906085551,
        "mean": 0.00491590378806,
        "median": 0.00140150822699,
        "min": 8.91395972831e-23,
        "var": 0.00011190220539
    },
    "spectral_energyband_middle_high": {
        "dmean": 0.000364327279385,
        "dmean2": 0.000656736781821,
        "dvar": 3.24684975794e-07,
        "dvar2": 1.02426008652e-06,
        "max": 0.00525475479662,
        "mean": 0.000861655862536,
        "median": 0.000379099539714,
        "min": 1.65305259953e-21,
        "var": 9.51693209572e-07
    },
    "spectral_energyband_middle_low": {
        "dmean": 0.00776113709435,
        "dmean2": 0.0126904090866,
        "dvar": 0.000194589025341,
        "dvar2": 0.0004827476223,
        "max": 0.183547124267,
        "mean": 0.0156214591116,
        "median": 0.0073159779422,
        "min": 3.83927116756e-22,
        "var": 0.000475761626149
    },
    "spectral_entropy": {
        "dmean": 0.281879663467,
        "dmean2": 0.448531389236,
        "dvar": 0.0600292123854,
        "dvar2": 0.13649186492,
        "max": 9.80948638916,
        "mean": 5.68242835999,
        "median": 5.70814847946,
        "min": 3.85005664825,
        "var": 0.319726794958
    },
    "spectral_flux": {
        "dmean": 0.0241103116423,
        "dmean2": 0.0377461612225,
        "dvar": 0.0010012491839,
        "dvar2": 0.00201465329155,
        "max": 0.36333245039,
        "mean": 0.0643138214946,
        "median": 0.052907794714,
        "min": 1.05066517986e-10,
        "var": 0.00259927893057
    },
    "spectral_kurtosis": {
        "dmean": 17.7272510529,
        "dmean2": 29.1327037811,
        "dvar": 222.33883667,
        "dvar2": 577.941955566,
        "max": 159.417068481,
        "mean": 52.499546051,
        "median": 48.7447624207,
        "min": -1.18910384178,
        "var": 724.620605469
    },
    "spectral_rms": {
        "dmean": 0.000980694196187,
        "dmean2": 0.00156942405738,
        "dvar": 1.38652103487e-06,
        "dvar2": 3.48703133568e-06,
        "max": 0.014733793214,
        "mean": 0.00369039434008,
        "median": 0.00318141444586,
        "min": 3.28172666993e-12,
        "var": 6.15306316831e-06
    },
    "spectral_rolloff": {
        "dmean": 114.358680725,
        "dmean2": 193.098693848,
        "dvar": 146169.65625,
        "dvar2": 150379.71875,
        "max": 18690.8203125,
        "mean": 344.365661621,
        "median": 236.865234375,
        "min": 129.19921875,
        "var": 226723.953125
    },
    "spectral_skewness": {
        "dmean": 1.02763950825,
        "dmean2": 1.69544279575,
        "dvar": 0.667910635471,
        "dvar2": 1.81516444683,
        "max": 10.7319231033,
        "mean": 5.3656244278,
        "median": 5.24572181702,
        "min": 0.0642911791801,
        "var": 2.74437642097
    },
    "spectral_spread": {
        "dmean": 395838.78125,
        "dmean2": 663291.6875,
        "dvar": 742053773312,
        "dvar2": 1.01605860966e+12,
        "max": 40846740,
        "mean": 1555553.75,
        "median": 1447355.875,
        "min": 579146.625,
        "var": 1.81172921958e+12
    },
    "spectral_strongpeak": {
        "dmean": 0.266145437956,
        "dmean2": 0.406651288271,
        "dvar": 0.0868576616049,
        "dvar2": 0.200892984867,
        "max": 3.63357806206,
        "mean": 0.656002759933,
        "median": 0.478706002235,
        "min": 0,
        "var": 0.349613636732
    },
    "zerocrossingrate": {
        "dmean": 0.00218468112871,
        "dmean2": 0.00279420777224,
        "dvar": 0.000125227583339,
        "dvar2": 0.00012903723109,
        "max": 0.4990234375,
        "mean": 0.0137604251504,
        "median": 0.01220703125,
        "min": 0.00390625,
        "var": 0.000143209574162
    },
    "barkbands": {
        "dmean": [5.02309594594e-05, 0.00128192908596, 0.00288959685713, 0.0020156330429, 0.00648042745888, 0.000452077714726, 0.00028354045935, 3.90361601603e-05, 0.00026971421903, 0.000312279851642, 0.00013970847067, 0.000145632395288, 7.01886820025e-05, 3.02042212752e-06, 2.60613614955e-06, 2.3047321065e-06, 2.10028360925e-06, 7.54113784751e-07, 1.9170718133e-06, 5.0478047342e-07, 1.41869165304e-07, 6.8457808311e-08, 3.18328545745e-08, 1.67073359592e-08, 1.42032350325e-08, 9.37076460872e-09, 2.05389816266e-09],
        "dmean2": [8.68864517543e-05, 0.00219964352436, 0.0051270602271, 0.0034876705613, 0.0107466829941, 0.000711219094228, 0.000441526819486, 6.33999807178e-05, 0.000432994303992, 0.000593830540311, 0.000247431482421, 0.000259267864749, 0.000112834452011, 4.93137349622e-06, 4.30495401815e-06, 3.94677999793e-06, 3.65110327039e-06, 1.32133448005e-06, 3.30414127347e-06, 9.07112109871e-07, 2.17857675011e-07, 1.08846300861e-07, 5.02097954325e-08, 2.78055658498e-08, 2.32940813305e-08, 1.54436232691e-08, 3.35781602523e-09],
        "dvar": [2.16417355148e-08, 7.28247368897e-06, 5.20785652043e-05, 3.76059542759e-05, 0.0001184667708, 1.31573551698e-06, 4.88770353968e-07, 1.52493413452e-08, 4.57258551023e-07, 2.24586614195e-07, 7.37763485859e-08, 6.17007671622e-08, 1.56579549326e-08, 8.59284240984e-11, 2.37445930973e-11, 8.71248767575e-11, 1.61058770487e-11, 1.92925102976e-12, 1.4326639701e-11, 7.7741703049e-13, 3.72782723744e-13, 8.5110331326e-14, 1.51914020778e-14, 7.12206393172e-15, 4.28835205261e-15, 9.84784962554e-16, 4.83070599142e-17],
        "dvar2": [5.47237810622e-08, 2.08145647775e-05, 0.00014797275071, 0.000104759965325, 0.000296042097034, 3.08477797262e-06, 1.12332395474e-06, 3.82554645739e-08, 1.17124398002e-06, 7.26617258806e-07, 2.19570878812e-07, 1.84963738548e-07, 3.84415805854e-08, 2.12871983929e-10, 5.71665284554e-11, 2.36744929216e-10, 4.43982905995e-11, 5.5348733409e-12, 4.05746720944e-11, 2.5711117263e-12, 7.50842855772e-13, 2.21262271742e-13, 3.56731551037e-14, 1.83880129412e-14, 1.14084572206e-14, 2.35728993935e-15, 3.66214132263e-17],
        "max": [0.00542209995911, 0.0270427465439, 0.0643960982561, 0.11252386868, 0.149933844805, 0.0225974433124, 0.0107867382467, 0.00259253336117, 0.00857991259545, 0.00382656953298, 0.00362038542517, 0.00164701568428, 0.00118742475752, 0.000207894016057, 8.90691953828e-05, 0.000241034416831, 3.8925667468e-05, 2.08952951652e-05, 6.92361936672e-05, 1.26880531752e-05, 2.09086247196e-05, 9.93390131043e-06, 4.16597958974e-06, 3.20239382745e-06, 2.31216813518e-06, 8.06071966508e-07, 4.1482388724e-07],
        "mean": [5.71365017095e-05, 0.00138619728386, 0.00239699403755, 0.0018634092994, 0.0124014616013, 0.000626568391453, 0.000302815402392, 4.74737789773e-05, 0.000301203806885, 0.000314647710184, 0.000214870349737, 0.000198673340492, 0.000129368316266, 4.13547968492e-06, 4.30380032412e-06, 3.0895753298e-06, 2.88574460683e-06, 1.53441783368e-06, 8.06852040114e-06, 9.98583800538e-07, 2.82665240547e-07, 1.4085688349e-07, 6.7387233571e-08, 3.92265704363e-08, 3.115334124e-08, 1.53799799563e-08, 2.4625617101e-09],
        "median": [2.63554302364e-05, 0.000336380704539, 0.000549908319954, 0.000473071821034, 0.00510864844546, 0.000185199693078, 7.95236846898e-05, 1.4025834389e-05, 7.06416903995e-05, 9.77302406682e-05, 4.8806607083e-05, 3.08956659865e-05, 1.16062237794e-05, 1.87032003396e-06, 2.36821074395e-06, 1.15021543934e-06, 9.13821963877e-07, 6.63440005155e-07, 5.83730752624e-07, 3.03617866848e-07, 8.5778282255e-08, 3.90891905511e-08, 1.96336849001e-08, 1.43222553817e-08, 1.50315209169e-08, 9.74993952241e-09, 1.25244103977e-09],
        "min": [1.96532293642e-23, 4.74204548076e-23, 3.03140060779e-23, 7.76409130263e-24, 6.5574536063e-23, 3.66906212103e-23, 1.75016226048e-22, 2.95014604129e-23, 6.63719987076e-23, 4.90236883798e-23, 9.8572833853e-23, 2.11590657514e-22, 1.10303050363e-22, 1.07581530727e-22, 1.04721474495e-22, 1.56545597e-22, 2.86981816547e-22, 1.35378174372e-22, 2.42742219303e-22, 2.8174892982e-22, 4.02045143913e-22, 5.44621238593e-22, 5.50804443965e-22, 8.66629009446e-22, 1.09524882625e-21, 2.13809426628e-21, 2.28101637429e-21],
        "var": [2.59698698102e-08, 7.31088857719e-06, 3.79571320082e-05, 2.75554193649e-05, 0.000341745821061, 1.85535225228e-06, 5.29541125616e-07, 1.50750736339e-08, 4.7137714887e-07, 2.13887417999e-07, 1.08386991826e-07, 9.5331607497e-08, 4.48264287911e-08, 8.69872368581e-11, 4.08122945161e-11, 7.20604964588e-11, 2.0083146951e-11, 4.07505669833e-12, 1.848526332e-10, 1.9207936023e-12, 9.76387048469e-13, 2.85167560139e-13, 5.69910397629e-14, 2.35254066797e-14, 1.13014693361e-14, 1.59576740334e-15, 1.14032551678e-16]
    },
    "erbbands": {
        "dmean": [0.0227133892477, 0.374259918928, 2.58805394173, 5.73453378677, 18.5329284668, 22.1862239838, 3.56703829765, 3.32807183266, 3.62067317963, 2.61814856529, 1.32917761803, 7.83478927612, 8.58523464203, 5.21233177185, 5.40640163422, 6.61649370193, 3.29878425598, 0.275750309229, 0.146565213799, 0.111794054508, 0.108536742628, 0.132992744446, 0.050517603755, 0.101705878973, 0.0642455294728, 0.0259410813451, 0.00689249206334, 0.00502359541133, 0.00249040825292, 0.00135208200663, 0.000826569274068, 0.00045743008377, 0.00023591434001, 0.000166451573023, 0.000113135050924, 5.42048110219e-05, 1.64340308402e-05, 3.70715406461e-06, 4.70653230877e-06, 1.1469900528e-05],
        "dmean2": [0.0380981042981, 0.644687056541, 4.60058259964, 9.8936214447, 32.6498794556, 32.1867790222, 5.71302080154, 4.93442392349, 5.72659492493, 3.94605994225, 2.11447739601, 12.5926179886, 16.0615215302, 9.36662578583, 9.671916008, 11.698843956, 5.52377939224, 0.47719502449, 0.237974882126, 0.183303773403, 0.188299819827, 0.23216111958, 0.0899889096618, 0.178185537457, 0.115939423442, 0.047405809164, 0.0108418166637, 0.00779116759077, 0.00393126625568, 0.00216427491978, 0.00130930473097, 0.000747177284211, 0.000371979986085, 0.000270020507742, 0.000189794212929, 8.99037331692e-05, 2.73134555755e-05, 6.26003929938e-06, 7.70028691477e-06, 1.89003112609e-05],
        "dvar": [0.00185545254499, 0.628027737141, 38.3293876648, 251.628005981, 1105.59277344, 1305.76757812, 63.1430091858, 63.8997459412, 80.2202453613, 30.068857193, 8.62722015381, 414.614074707, 171.764190674, 59.0538825989, 113.572647095, 124.592445374, 32.238445282, 0.512991189957, 0.0858428925276, 0.0581932850182, 0.330720901489, 0.0666766092181, 0.00725763756782, 0.0449953749776, 0.00948350690305, 0.00201794318855, 0.000990155967884, 0.000461518298835, 9.43599516177e-05, 2.53380239883e-05, 1.1257557162e-05, 5.11964208272e-06, 1.20676202187e-06, 5.43873568404e-07, 2.19041197624e-07, 2.67301469847e-08, 3.33525540519e-09, 7.71202268712e-11, 7.60743690265e-11, 4.60250421108e-10],
        "dvar2": [0.00508930115029, 1.80991852283, 108.573387146, 689.2265625, 3154.25097656, 2523.13012695, 164.892791748, 128.729309082, 186.34513855, 63.98387146, 21.8542022705, 1062.37304688, 560.013977051, 179.780014038, 344.013061523, 380.835968018, 79.0756912231, 1.32041287422, 0.214552670717, 0.133693739772, 0.917439460754, 0.183665379882, 0.0215453673154, 0.130262434483, 0.0293969623744, 0.00673640659079, 0.00246240431443, 0.00102888932452, 0.0002288876276, 5.84397457715e-05, 2.68308194791e-05, 1.32749964905e-05, 2.80806989394e-06, 1.37502468078e-06, 5.96892220983e-07, 5.9508437289e-08, 8.89156837047e-09, 1.80279041695e-10, 1.96727453772e-10, 1.20152865435e-09],
        "max": [0.434144169092, 8.03396987915, 60.6792831421, 239.834442139, 387.959350586, 649.404724121, 174.854003906, 129.109069824, 142.414413452, 77.4841918945, 44.5838088989, 263.629180908, 87.8686141968, 71.7821273804, 147.862289429, 78.9655761719, 52.0785255432, 13.5326137543, 4.79493570328, 5.20554733276, 15.3739042282, 2.38945960999, 1.2676409483, 3.88175106049, 1.31926226616, 0.468729764223, 1.19833087921, 0.740710318089, 0.331318765879, 0.154176369309, 0.119438365102, 0.0823596864939, 0.0485116429627, 0.0286497529596, 0.0147485230118, 0.00544203259051, 0.00123539660126, 0.000256812520092, 0.000100278441096, 0.000242922411417],
        "mean": [0.0282620545477, 0.38076543808, 2.24654865265, 5.68437242508, 26.4950199127, 49.0082054138, 6.91855335236, 4.82008266449, 3.79442024231, 3.16181159019, 1.69142866135, 8.6534948349, 8.3931312561, 8.40849399567, 8.18455028534, 9.56330394745, 6.60223960876, 0.537217497826, 0.242759034038, 0.196723237634, 0.151577338576, 0.178933471441, 0.115681305528, 0.408296197653, 0.186301097274, 0.0512166209519, 0.014381355606, 0.00976410508156, 0.00534912431613, 0.00289464555681, 0.00180158251897, 0.000989270512946, 0.000607298046816, 0.000385333230952, 0.000217677399633, 0.000104034144897, 2.52515965258e-05, 5.36228071724e-06, 9.50994490267e-06, 2.22683611355e-05],
        "median": [0.00764854857698, 0.0841517671943, 0.555117249489, 1.7031737566, 11.1695766449, 19.598443985, 3.24779009819, 1.45263111591, 0.972733199596, 0.947678506374, 0.624800443649, 2.08085918427, 2.09267807007, 3.65376543999, 1.98413813114, 1.71186554432, 0.661648094654, 0.206377595663, 0.152366235852, 0.0896676182747, 0.0557836666703, 0.0556217133999, 0.0426986217499, 0.0275996215641, 0.0334339104593, 0.0214690696448, 0.00597170786932, 0.00285553652793, 0.00154863519128, 0.000833286205307, 0.000531553523615, 0.000331730407197, 0.000247712683631, 0.000191201092093, 0.000104595193989, 5.78307226533e-05, 1.63251388585e-05, 3.00169881484e-06, 4.95655513078e-06, 1.15594511954e-05],
        "min": [1.20267890831e-21, 1.13859747263e-20, 3.34350345627e-20, 3.49052608598e-20, 1.3483199081e-19, 2.4353970502e-19, 2.24408697662e-19, 2.95543645402e-19, 1.39409256768e-18, 2.57464453112e-18, 1.23531907481e-18, 1.40475151365e-18, 6.00847091455e-19, 2.70406376219e-18, 8.05883110604e-18, 6.21752830326e-18, 4.36336615069e-18, 4.8985437352e-18, 5.9807486801e-18, 6.86244008143e-18, 9.62052659584e-18, 1.539033388e-17, 9.63728196633e-18, 6.74693630301e-18, 1.57654817945e-17, 1.26806738274e-17, 1.54412121051e-17, 1.64592563722e-17, 1.74796035101e-17, 1.86460257811e-17, 1.62863226846e-17, 1.11538382101e-17, 1.75378767299e-17, 1.23953866787e-17, 9.06984185638e-18, 8.28347268089e-18, 3.99076429813e-18, 1.38647206289e-18, 3.19335143428e-19, 3.30443952872e-20],
        "var": [0.00250765564851, 0.591667771339, 29.1861972809, 199.651412964, 1643.09448242, 5567.17822266, 101.178100586, 109.373931885, 84.9397506714, 41.3731498718, 10.1061983109, 414.776702881, 164.819671631, 108.884040833, 154.322982788, 210.730957031, 106.515937805, 0.706999182701, 0.12320907414, 0.102640926838, 0.240090712905, 0.0790657103062, 0.0206176061183, 0.538746237755, 0.0575767196715, 0.00458865473047, 0.00209745112807, 0.00120611523744, 0.000369935500203, 8.97146092029e-05, 4.48746468464e-05, 1.51845733853e-05, 5.28670852873e-06, 1.66586266914e-06, 4.88272178245e-07, 7.48336219658e-08, 3.24804716456e-09, 9.27525001249e-11, 1.55202212193e-10, 8.96375085269e-10]
    },
    "gfcc": {
        "mean": [-209.37322998, 210.151000977, -75.4633636475, -4.15875005722, -34.3634567261, -2.20889139175, -18.3684597015, -15.4363737106, -39.0523529053, -25.3286151886, -7.7420463562, -10.5003147125, -3.06669259071],
        "cov": [[6644.43017578, 1401.69812012, -2040.60412598, 253.265655518, 259.351257324, -558.149780273, 724.94720459, 67.6281051636, -240.965072632, -554.220336914, 662.439697266, -165.010818481, 191.954544067], [1401.69812012, 586.665466309, -358.834289551, -48.179813385, 141.510620117, -211.448364258, 186.697540283, 45.0355033875, -2.4949259758, -148.832382202, 169.859390259, -89.6869812012, 52.2581253052], [-2040.60412598, -358.834289551, 1051.27966309, -93.4673461914, -94.7041549683, 149.845458984, -309.137634277, -35.4198112488, 136.715042114, 185.555465698, -300.257598877, 37.4051399231, -76.5980911255], [253.265655518, -48.179813385, -93.4673461914, 154.057266235, 19.6906032562, 29.3483581543, 42.4472503662, 12.2248868942, -8.70100879669, -20.393535614, 35.9809532166, 16.4947872162, 12.1965665817], [259.351257324, 141.510620117, -94.7041549683, 19.6906032562, 171.773803711, -13.4373931885, 82.7227630615, 2.41357135773, -37.7666130066, -49.6383705139, 61.2943496704, -14.7422962189, 11.2872009277], [-558.149780273, -211.448364258, 149.845458984, 29.3483581543, -13.4373931885, 221.126251221, -46.8036842346, -46.8231735229, -6.51714420319, 101.818687439, -46.6495437622, 51.0524711609, -22.4565658569], [724.94720459, 186.697540283, -309.137634277, 42.4472503662, 82.7227630615, -46.8036842346, 171.777297974, 33.5422668457, -47.344833374, -80.1913528442, 116.630622864, -15.0675525665, 28.2064208984], [67.6281051636, 45.0355033875, -35.4198112488, 12.2248868942, 2.41357135773, -46.8231735229, 33.5422668457, 149.389129639, 74.8494567871, -3.5550673008, -13.8120155334, -2.60582900047, 2.1993689537], [-240.965072632, -2.4949259758, 136.715042114, -8.70100879669, -37.7666130066, -6.51714420319, -47.344833374, 74.8494567871, 133.448959351, 60.4109191895, -60.5564308167, -7.47790622711, -10.0401058197], [-554.220336914, -148.832382202, 185.555465698, -20.393535614, -49.6383705139, 101.818687439, -80.1913528442, -3.5550673008, 60.4109191895, 153.270492554, -48.5912704468, 33.0267868042, -39.7222290039], [662.439697266, 169.859390259, -300.257598877, 35.9809532166, 61.2943496704, -46.6495437622, 116.630622864, -13.8120155334, -60.5564308167, -48.5912704468, 161.636459351, -4.12760972977, 19.1368560791], [-165.010818481, -89.6869812012, 37.4051399231, 16.4947872162, -14.7422962189, 51.0524711609, -15.0675525665, -2.60582900047, -7.47790622711, 33.0267868042, -4.12760972977, 52.8174934387, 0.719142198563], [191.954544067, 52.2581253052, -76.5980911255, 12.1965665817, 11.2872009277, -22.4565658569, 28.2064208984, 2.1993689537, -10.0401058197, -39.7222290039, 19.1368560791, 0.719142198563, 51.1741333008]],
        "icov": [[0.00110148650128, -0.0031828796491, 0.00155509519391, -0.00253379764035, 0.00134291814175, 0.000381689984351, -2.57623851212e-05, 0.000615712546278, 0.00134318356868, -0.00032459149952, 0.0021842524875, -0.00169608439319, 0.00112782139331], [-0.0031828796491, 0.0176569968462, -0.00520872930065, 0.011877710931, -0.00678890012205, 0.00125037261751, -0.00411318521947, -0.000348721572664, -0.0103617319837, 0.00420537078753, -0.0135644897819, 0.0106522589922, -0.00623698718846], [0.00155509519391, -0.00520872930065, 0.00536681292579, -0.00357410125434, 0.000588166003581, 0.000257272447925, 0.00292846257798, 0.00193805701565, 0.000850784766953, -0.000968354404904, 0.00727564096451, -0.00457632355392, 0.00341539504007], [-0.00253379764035, 0.011877710931, -0.00357410125434, 0.0166818723083, -0.00466681923717, -0.00251165335067, -0.00231375033036, -0.00105921621434, -0.00899574439973, 0.00610298244283, -0.0108140157536, 0.00410331506282, -0.0037440424785], [0.00134291814175, -0.00678890012205, 0.000588166003581, -0.00466681923717, 0.0113709745929, -0.00159764173441, -0.00269227614626, -0.000518913730048, 0.00512667559087, -0.000106181672891, 0.00247931201011, -0.0014110537013, 0.00220125587657], [0.000381689984351, 0.00125037261751, 0.000257272447925, -0.00251165335067, -0.00159764173441, 0.0117342052981, -0.00490580359474, 0.0039298417978, 0.00151953764725, -0.00740662775934, 0.00435489043593, -0.00387924164534, -0.000713151646778], [-2.57623851212e-05, -0.00411318521947, 0.00292846257798, -0.00231375033036, -0.00269227614626, -0.00490580359474, 0.0241003595293, -0.00742038525641, 0.00446368101984, 0.0034753754735, -0.00534886214882, 0.000120310061902, 0.000279876578134], [0.000615712546278, -0.000348721572664, 0.00193805701565, -0.00105921621434, -0.000518913730048, 0.0039298417978, -0.00742038525641, 0.0156458988786, -0.0105709470809, 0.00146887474693, 0.00558472052217, -0.0070253778249, 0.00353295728564], [0.00134318356868, -0.0103617319837, 0.000850784766953, -0.00899574439973, 0.00512667559087, 0.00151953764725, 0.00446368101984, -0.0105709470809, 0.0281584654003, -0.0139208510518, 0.0100879408419, 0.00303763640113, -0.00260573648848], [-0.00032459149952, 0.00420537078753, -0.000968354404904, 0.00610298244283, -0.000106181672891, -0.00740662775934, 0.0034753754735, 0.00146887474693, -0.0139208510518, 0.0235806591809, -0.00993408542126, -0.0045033050701, 0.00816428661346], [0.0021842524875, -0.0135644897819, 0.00727564096451, -0.0108140157536, 0.00247931201011, 0.00435489043593, -0.00534886214882, 0.00558472052217, 0.0100879408419, -0.00993408542126, 0.0318554081023, -0.0127009321004, 0.0057328552939], [-0.00169608439319, 0.0106522589922, -0.00457632355392, 0.00410331506282, -0.0014110537013, -0.00387924164534, 0.000120310061902, -0.0070253778249, 0.00303763640113, -0.0045033050701, -0.0127009321004, 0.0391448587179, -0.0121992807835], [0.00112782139331, -0.00623698718846, 0.00341539504007, -0.0037440424785, 0.00220125587657, -0.000713151646778, 0.000279876578134, 0.00353295728564, -0.00260573648848, 0.00816428661346, 0.0057328552939, -0.0121992807835, 0.0304333530366]]
    },
    "melbands": {
        "dmean": [0.000276058504824, 0.00106522324495, 0.00116064492613, 0.0018047275953, 0.00017822170048, 7.52724226913e-05, 5.85588095419e-05, 2.39131804847e-05, 1.41157379403e-05, 4.8403191613e-05, 4.56082452729e-05, 2.44344755629e-05, 2.07801076613e-05, 1.23615309349e-05, 1.79838407348e-05, 2.98113945973e-06, 3.83212807264e-07, 2.38942760689e-07, 1.95575637463e-07, 1.48906664776e-07, 1.26922259369e-07, 1.32622929527e-07, 8.56247410752e-08, 3.95049148949e-08, 1.01024994592e-07, 6.50159677207e-08, 3.72977133622e-08, 1.46551490943e-08, 5.01885644155e-09, 3.47892670227e-09, 2.96408697587e-09, 1.78221470915e-09, 9.03704777677e-10, 7.5999945226e-10, 5.37545008505e-10, 3.41257300196e-10, 2.82686957176e-10, 1.87705795351e-10, 1.59256510757e-10, 1.53077578391e-10],
        "dmean2": [0.000466422818135, 0.00188180943951, 0.00204270728864, 0.0029594162479, 0.000250689452514, 0.00011400601943, 9.26168431761e-05, 3.61549646186e-05, 2.35791922023e-05, 7.72903295001e-05, 8.59936335473e-05, 4.46509184258e-05, 3.69767767552e-05, 2.23909555643e-05, 3.05769935949e-05, 4.89558669869e-06, 6.32841249626e-07, 3.87167744975e-07, 3.24661613149e-07, 2.48934526326e-07, 2.22411273398e-07, 2.31702912856e-07, 1.52184441049e-07, 6.93287844911e-08, 1.77308038474e-07, 1.13407537583e-07, 6.97390163396e-08, 2.64841428788e-08, 8.05743560761e-09, 5.35602229235e-09, 4.88456963765e-09, 2.81662759782e-09, 1.48369116992e-09, 1.2275913619e-09, 8.55820692092e-10, 5.44153833104e-10, 4.69184691099e-10, 2.96822122436e-10, 2.5724203323e-10, 2.51521720118e-10],
        "dvar": [3.12537224545e-07, 6.06477942711e-06, 9.02627834876e-06, 9.13711028261e-06, 8.76504415714e-08, 3.42371038187e-08, 2.14431050694e-08, 2.47115350405e-09, 8.99893826123e-10, 1.567289587e-08, 4.86906914787e-09, 1.36471178802e-09, 1.80748926937e-09, 4.68285299426e-10, 9.02165897543e-10, 2.51107051819e-11, 1.32023721382e-12, 2.43453586284e-13, 1.56964515712e-13, 1.62447244783e-13, 4.55060576894e-13, 6.12133634796e-14, 2.66218152395e-14, 5.77376323903e-15, 4.52939213371e-14, 1.4455775986e-14, 4.79620293812e-15, 6.42458661564e-16, 7.50306708057e-16, 1.81732665839e-16, 1.66651164804e-16, 6.20891826299e-17, 1.15658734168e-17, 7.90382407669e-18, 4.90981944772e-18, 1.89047951737e-18, 2.44228798169e-18, 8.11027584647e-19, 3.57288412979e-19, 5.90657570477e-19],
        "dvar2": [8.83376628735e-07, 1.72602358361e-05, 2.49951172009e-05, 2.24374907702e-05, 1.77350315766e-07, 7.25359754483e-08, 5.01019599142e-08, 5.31175503582e-09, 2.40705388954e-09, 3.98637531873e-08, 1.59136668287e-08, 4.19615986402e-09, 5.43558087429e-09, 1.33777866562e-09, 2.64540589434e-09, 6.53676418549e-11, 3.30032203823e-12, 6.19227054615e-13, 3.65221172532e-13, 4.06331543933e-13, 1.2681727413e-12, 1.67649138387e-13, 7.65330249804e-14, 1.69022510831e-14, 1.31390788549e-13, 4.14944805133e-14, 1.62788890441e-14, 2.05930904246e-15, 1.99121542856e-15, 3.87180957182e-16, 4.0553724641e-16, 1.67257190408e-16, 2.90563435986e-17, 1.84997603965e-17, 1.20509528075e-17, 4.48707183848e-18, 6.50453185168e-18, 1.77731666008e-18, 9.16782367468e-19, 1.60082547548e-18],
        "max": [0.00592169724405, 0.0251927673817, 0.0457002259791, 0.0428913682699, 0.00480109732598, 0.00312289153226, 0.00226886686869, 0.000656132819131, 0.000312989926897, 0.00164676457644, 0.000464459735667, 0.000371693400666, 0.000581269268878, 0.000186814097106, 0.000262213114183, 5.21467482031e-05, 2.10548805626e-05, 7.33366277927e-06, 7.81167000241e-06, 8.98840880836e-06, 1.79775270226e-05, 2.48232117883e-06, 1.73539558546e-06, 1.43802071761e-06, 3.71125565835e-06, 1.71754504663e-06, 5.26262510903e-07, 2.88178569008e-07, 1.08778465346e-06, 4.25422712169e-07, 3.78288603997e-07, 2.93460459488e-07, 1.04604993112e-07, 7.89048115735e-08, 7.09237113483e-08, 5.12297084754e-08, 5.2742116452e-08, 3.82346101446e-08, 1.8462618101e-08, 2.80089231808e-08],
        "mean": [0.000322721258271, 0.00096093461616, 0.00118346523959, 0.0035004185047, 0.000424929632572, 0.000106774736196, 6.01582178206e-05, 2.89612726192e-05, 1.62536707649e-05, 5.30195247848e-05, 4.14402493334e-05, 3.5095581552e-05, 3.02004045807e-05, 1.91567050933e-05, 2.89443323709e-05, 6.15825547357e-06, 4.9073895525e-07, 3.52273872295e-07, 3.24150619235e-07, 2.25001159038e-07, 1.60646010272e-07, 1.81689301826e-07, 1.23692245779e-07, 9.15071112217e-08, 3.90783043258e-07, 2.15314074126e-07, 5.96444635903e-08, 2.45856721648e-08, 8.39890557103e-09, 6.32232843856e-09, 5.41966738155e-09, 3.3851577097e-09, 1.82056558717e-09, 1.47905421244e-09, 1.09438824669e-09, 7.30435878449e-10, 5.4508136893e-10, 4.40729230888e-10, 3.36618399821e-10, 3.05352715335e-10],
        "median": [8.49957432365e-05, 0.000233619561186, 0.000413959845901, 0.00142977281939, 0.000206743890885, 3.05269204546e-05, 1.50400992425e-05, 8.49842035677e-06, 5.46935370949e-06, 1.19944625112e-05, 9.07768207981e-06, 1.46233551277e-05, 6.8999929681e-06, 4.23042683906e-06, 2.45925934905e-06, 8.46492810069e-07, 2.07731716273e-07, 1.91250691728e-07, 1.553870419e-07, 8.45752055056e-08, 5.26140588875e-08, 5.89373811977e-08, 4.38615721521e-08, 2.7874397901e-08, 2.12309601011e-08, 2.311222147e-08, 1.34608795221e-08, 7.98441490701e-09, 2.80403478214e-09, 1.8161586679e-09, 1.46302370219e-09, 8.99831931189e-10, 5.53425583139e-10, 4.07233302635e-10, 3.07894237883e-10, 2.24394142156e-10, 1.82438841811e-10, 1.65945951425e-10, 1.5788050034e-10, 1.50376475161e-10],
        "min": [1.29070092319e-23, 1.73416539195e-23, 8.05500821611e-24, 1.50627262722e-23, 7.8821482814e-24, 7.52798128939e-24, 2.63251624651e-23, 2.28310009042e-23, 1.12270155494e-23, 8.35258627109e-24, 2.46087190701e-24, 9.99364256816e-24, 2.13199409957e-23, 2.24939127508e-23, 1.5839101087e-23, 8.70747428196e-24, 8.68941331154e-24, 9.86453128153e-24, 8.25097704219e-24, 9.43741043301e-24, 1.22875309626e-23, 1.57797187935e-23, 1.42252810015e-23, 5.57848156166e-24, 4.69527880863e-24, 1.21796274125e-23, 9.97289000433e-24, 7.73950645251e-24, 9.98737033511e-24, 9.2169056662e-24, 9.02657009584e-24, 8.94203418352e-24, 1.21393655296e-23, 9.97455371198e-24, 1.12432881722e-23, 5.5400060543e-24, 7.28636897134e-24, 1.20956389696e-23, 1.1959370348e-23, 1.01333600897e-23],
        "var": [3.53907552153e-07, 4.82574205307e-06, 7.10897529643e-06, 2.75106849585e-05, 3.28617204559e-07, 5.54423280619e-08, 2.2260341126e-08, 3.38550099066e-09, 9.59916590659e-10, 1.58407420514e-08, 4.34037339403e-09, 2.02581618147e-09, 2.40581887745e-09, 8.04640742924e-10, 2.06571337813e-09, 8.81557535304e-11, 1.28794772156e-12, 3.04530597788e-13, 2.71237432471e-13, 1.99510872233e-13, 3.20067567285e-13, 7.90485163221e-14, 3.25879222966e-14, 1.65624943095e-14, 5.2168821563e-13, 1.11842365881e-13, 7.93945750208e-15, 1.24703737445e-15, 1.19415107245e-15, 4.54847004736e-16, 4.08560783454e-16, 1.83595728041e-16, 3.43387553864e-17, 2.44227226526e-17, 1.72077638367e-17, 7.89160331032e-18, 5.14444964207e-18, 3.3368139174e-18, 1.25849212608e-18, 1.27243952858e-18]
    },
    "mfcc": {
        "mean": [-856.138183594, 230.147140503, 33.6059188843, 10.9901390076, 5.10058879852, 5.25084495544, 20.3996620178, 6.92928695679, -11.9813146591, -12.5586614609, -12.4922075272, -12.8226566315, -6.50467586517],
        "cov": [[5531.23339844, 1718.45568848, -2170.56591797, 388.005554199, -226.701080322, -644.549987793, 664.287658691, 460.480651855, -322.024780273, -139.641662598, -0.558081924915, -76.7722702026, 188.690658569], [1718.45568848, 829.947692871, -572.493286133, 92.3013076782, -16.037946701, -271.593444824, 182.85887146, 142.762893677, -91.7080230713, -1.4092758894, 2.37764644623, -50.6932258606, 53.6259231567], [-2170.56591797, -572.493286133, 1082.14257812, -114.517616272, 91.5104980469, 259.478942871, -357.26171875, -206.401260376, 169.163909912, 80.3198242188, 12.133184433, 13.7146978378, -95.2816772461], [388.005554199, 92.3013076782, -114.517616272, 128.145965576, 13.4197587967, -70.3315353394, 36.1797294617, 56.363697052, -6.51829195023, 0.707680761814, 8.96314907074, -37.5557632446, 0.115820884705], [-226.701080322, -16.037946701, 91.5104980469, 13.4197587967, 100.26865387, 34.1796569824, -16.7454013824, 4.25342512131, 20.9050426483, 25.24559021, 2.43231225014, -15.5132741928, -9.53808498383], [-644.549987793, -271.593444824, 259.478942871, -70.3315353394, 34.1796569824, 259.162597656, -13.9245939255, -88.7981948853, 14.1660757065, -36.9689445496, -11.9505596161, 73.7672195435, -2.73172497749], [664.287658691, 182.85887146, -357.26171875, 36.1797294617, -16.7454013824, -13.9245939255, 246.310470581, 94.1624221802, -106.85043335, -67.3147964478, -22.5863132477, 16.7538585663, 44.0226516724], [460.480651855, 142.762893677, -206.401260376, 56.363697052, 4.25342512131, -88.7981948853, 94.1624221802, 121.727607727, -1.31180775166, -0.418994247913, -0.942475557327, -43.8931007385, 6.39055156708], [-322.024780273, -91.7080230713, 169.163909912, -6.51829195023, 20.9050426483, 14.1660757065, -106.85043335, -1.31180775166, 117.670021057, 68.8731460571, 16.9798030853, -18.5651817322, -22.3223972321], [-139.641662598, -1.4092758894, 80.3198242188, 0.707680761814, 25.24559021, -36.9689445496, -67.3147964478, -0.418994247913, 68.8731460571, 90.9483413696, 37.0178337097, -18.2678050995, -2.91689109802], [-0.558081924915, 2.37764644623, 12.133184433, 8.96314907074, 2.43231225014, -11.9505596161, -22.5863132477, -0.942475557327, 16.9798030853, 37.0178337097, 51.407699585, 25.7118492126, 11.7248516083], [-76.7722702026, -50.6932258606, 13.7146978378, -37.5557632446, -15.5132741928, 73.7672195435, 16.7538585663, -43.8931007385, -18.5651817322, -18.2678050995, 25.7118492126, 107.934745789, 48.1828308105], [188.690658569, 53.6259231567, -95.2816772461, 0.115820884705, -9.53808498383, -2.73172497749, 44.0226516724, 6.39055156708, -22.3223972321, -2.91689109802, 11.7248516083, 48.1828308105, 61.5467643738]],
