{
"lowlevel": {
    "average_loudness": 0.909434854984,
    "barkbands_crest": {
        "dmean": 2.64105439186,
        "dmean2": 4.19148826599,
        "dvar": 5.8527598381,
        "dvar2": 14.5969638824,
        "max": 25.5302410126,
        "mean": 13.4083662033,
        "median": 13.0016241074,
        "min": 4.74855613708,
        "var": 18.425327301
    },
    "barkbands_flatness_db": {
        "dmean": 0.02456953004,
        "dmean2": 0.0370951890945,
        "dvar": 0.000613371666986,
        "dvar2": 0.00130815326702,
        "max": 0.366003513336,
        "mean": 0.224849611521,
        "median": 0.22339515388,
        "min": 0.0724440068007,
        "var": 0.0025934940204
    },
    "barkbands_kurtosis": {
        "dmean": 10.50598526,
        "dmean2": 16.4147987366,
        "dvar": 342.324920654,
        "dvar2": 812.243347168,
        "max": 359.844390869,
        "mean": 20.1026992798,
        "median": 10.8243646622,
        "min": -1.95036375523,
        "var": 750.687011719
    },
    "barkbands_skewness": {
        "dmean": 0.926721870899,
        "dmean2": 1.34031176567,
        "dvar": 1.22787892818,
        "dvar2": 2.56912779808,
        "max": 14.4874324799,
        "mean": 2.62438988686,
        "median": 2.34950256348,
        "min": -3.67845153809,
        "var": 4.38962697983
    },
    "barkbands_spread": {
        "dmean": 5.23963975906,
        "dmean2": 8.19300460815,
        "dvar": 156.754577637,
        "dvar2": 326.662811279,
        "max": 101.961624146,
        "mean": 11.637383461,
        "median": 6.33900308609,
        "min": 0.516012370586,
        "var": 296.01272583
    },
    "dissonance": {
        "dmean": 0.0383138023317,
        "dmean2": 0.0631005167961,
        "dvar": 0.00126315932721,
        "dvar2": 0.00328085641377,
        "max": 0.498426944017,
        "mean": 0.390209525824,
        "median": 0.398353755474,
        "min": 0.124265119433,
        "var": 0.00389344245195
    },
    "dynamic_complexity": 3.69282722473,
    "erbbands_crest": {
        "dmean": 3.20741534233,
        "dmean2": 5.1146197319,
        "dvar": 8.35797786713,
        "dvar2": 19.5468463898,
        "max": 31.1489162445,
        "mean": 14.0301237106,
        "median": 13.4292163849,
        "min": 3.34431648254,
        "var": 24.3785152435
    },
    "erbbands_flatness_db": {
        "dmean": 0.0215522870421,
        "dmean2": 0.0318291895092,
        "dvar": 0.000480295420857,
        "dvar2": 0.00103407388087,
        "max": 0.353361546993,
        "mean": 0.219231888652,
        "median": 0.221865236759,
        "min": 0.0726922899485,
        "var": 0.00218001333997
    },
    "erbbands_kurtosis": {
        "dmean": 4.12436676025,
        "dmean2": 6.45017337799,
        "dvar": 33.7013969421,
        "dvar2": 81.7536087036,
        "max": 80.7816696167,
        "mean": 7.15695619583,
        "median": 4.55375814438,
        "min": -1.88347566128,
        "var": 64.3360900879
    },
    "erbbands_skewness": {
        "dmean": 0.710003912449,
        "dmean2": 0.986918568611,
        "dvar": 0.70611166954,
        "dvar2": 1.19276368618,
        "max": 7.71164274216,
        "mean": 1.42537593842,
        "median": 1.5070258379,
        "min": -6.37630271912,
        "var": 2.68191432953
    },
    "erbbands_spread": {
        "dmean": 10.3807611465,
        "dmean2": 16.7446689606,
        "dvar": 385.081695557,
        "dvar2": 982.194213867,
        "max": 161.826522827,
        "mean": 25.5790176392,
        "median": 17.3510894775,
        "min": 2.99948811531,
        "var": 584.735168457
    },
    "hfc": {
        "dmean": 5.35933923721,
        "dmean2": 7.48758459091,
        "dvar": 94.5813064575,
        "dvar2": 190.387588501,
        "max": 161.892318726,
        "mean": 15.050069809,
        "median": 10.2942800522,
        "min": 1.15171255127e-16,
        "var": 281.541442871
    },
    "melbands_crest": {
        "dmean": 3.08990621567,
        "dmean2": 4.94125366211,
        "dvar": 7.84528207779,
        "dvar2": 20.1672153473,
        "max": 30.7576160431,
        "mean": 15.9749479294,
        "median": 15.4653596878,
        "min": 1.71027779579,
        "var": 24.3010349274
    },
    "melbands_flatness_db": {
        "dmean": 0.0276270266622,
        "dmean2": 0.0397350303829,
        "dvar": 0.000944296421949,
        "dvar2": 0.00173524301499,
        "max": 0.473750919104,
        "mean": 0.297653138638,
        "median": 0.296833515167,
        "min": 0.00461449008435,
        "var": 0.00453295558691
    },
    "melbands_kurtosis": {
        "dmean": 15.3381271362,
        "dmean2": 24.0625801086,
        "dvar": 744.576293945,
        "dvar2": 1823.89465332,
        "max": 331.349945068,
        "mean": 26.9643421173,
        "median": 13.2402019501,
        "min": -1.93121552467,
        "var": 1304.42993164
    },
    "melbands_skewness": {
        "dmean": 1.00300228596,
        "dmean2": 1.51458919048,
        "dvar": 1.63395941257,
        "dvar2": 3.68693137169,
        "max": 13.2827510834,
        "mean": 2.86000561714,
        "median": 2.33324289322,
        "min": -1.26030182838,
        "var": 4.78970193863
    },
    "melbands_spread": {
        "dmean": 8.16598415375,
        "dmean2": 11.8758716583,
        "dvar": 585.276794434,
        "dvar2": 1036.55700684,
        "max": 254.042053223,
        "mean": 16.3725566864,
        "median": 7.19103002548,
        "min": 0.627181649208,
        "var": 1170.02880859
    },
    "pitch_salience": {
        "dmean": 0.0681349486113,
        "dmean2": 0.10963576287,
        "dvar": 0.00397160323337,
        "dvar2": 0.00961522664875,
        "max": 0.85405677557,
        "mean": 0.521405994892,
        "median": 0.516044735909,
        "min": 0.160333573818,
        "var": 0.0114967618138
    },
    "silence_rate_20dB": {
        "dmean": 0,
        "dmean2": 0,
        "dvar": 0,
        "dvar2": 0,
        "max": 1,
        "mean": 1,
        "median": 1,
        "min": 1,
        "var": 0
    },
    "silence_rate_30dB": {
        "dmean": 0.00412371149287,
        "dmean2": 0.00825167633593,
        "dvar": 0.00410670414567,
        "dvar2": 0.00921514444053,
        "max": 1,
        "mean": 0.996393620968,
        "median": 1,
        "min": 0,
        "var": 0.00359339336865
    },
    "silence_rate_60dB": {
        "dmean": 0.0515463910997,
        "dmean2": 0.103145949543,
        "dvar": 0.0488891676068,
        "dvar2": 0.105913624167,
        "max": 1,
        "mean": 0.0911901071668,
        "median": 0,
        "min": 0,
        "var": 0.0828749611974
    },
    "spectral_centroid": {
        "dmean": 240.427017212,
        "dmean2": 331.246582031,
        "dvar": 339260.21875,
        "dvar2": 524058.03125,
        "max": 10855.7119141,
        "mean": 795.999023438,
        "median": 542.780578613,
        "min": 198.546264648,
        "var": 748621
    },
    "spectral_complexity": {
        "dmean": 1.39484536648,
        "dmean2": 2.15471887589,
        "dvar": 2.01523661613,
        "dvar2": 4.18545866013,
        "max": 19,
        "mean": 8.05409622192,
        "median": 7,
        "min": 0,
        "var": 16.4766845703
    },
    "spectral_decrease": {
        "dmean": 1.8571079119e-09,
        "dmean2": 2.81249845635e-09,
        "dvar": 9.53035894599e-18,
        "dvar2": 2.30189773008e-17,
        "max": -5.69787698124e-29,
        "mean": -5.80924508498e-09,
        "median": -4.98172036956e-09,
        "min": -5.17200611228e-08,
        "var": 2.5070156918e-17
    },
    "spectral_energy": {
        "dmean": 0.00741113675758,
        "dmean2": 0.0111990431324,
        "dvar": 0.000145304657053,
        "dvar2": 0.000350621936377,
        "max": 0.199873566628,
        "mean": 0.0232904925942,
        "median": 0.0198330003768,
        "min": 1.06614202475e-20,
        "var": 0.000392591638956
    },
    "spectral_energyband_high": {
        "dmean": 0.000297101854812,
        "dmean2": 0.000414983951487,
        "dvar": 1.45852050082e-06,
        "dvar2": 2.7962933018e-06,
        "max": 0.0243577603251,
        "mean": 0.000430802290794,
        "median": 8.09448902146e-05,
        "min": 7.99563766086e-21,
        "var": 2.91863125312e-06
    },
    "spectral_energyband_low": {
        "dmean": 0.000867868715432,
        "dmean2": 0.0013398793526,
        "dvar": 3.04964328279e-06,
        "dvar2": 7.20805292076e-06,
        "max": 0.0185557417572,
        "mean": 0.00145607814193,
        "median": 0.000766869517975,
        "min": 7.41976124833e-23,
        "var": 4.19727530243e-06
    },
    "spectral_energyband_middle_high": {
        "dmean": 0.00141306722071,
        "dmean2": 0.00186101801228,
        "dvar": 7.66232278693e-06,
        "dvar2": 1.37364177135e-05,
        "max": 0.0557718649507,
        "mean": 0.0038209897466,
        "median": 0.000516365864314,
        "min": 1.52805149278e-21,
        "var": 4.70358681923e-05
    },
    "spectral_energyband_middle_low": {
        "dmean": 0.00650998298079,
        "dmean2": 0.010035328567,
        "dvar": 0.000133406530949,
        "dvar2": 0.000325406435877,
        "max": 0.185993626714,
        "mean": 0.0185195039958,
        "median": 0.0155905019492,
        "min": 2.96609428444e-22,
        "var": 0.000293499382678
    },
    "spectral_entropy": {
        "dmean": 0.245806410909,
        "dmean2": 0.357213199139,
        "dvar": 0.0936928763986,
        "dvar2": 0.158863559365,
        "max": 9.79799365997,
        "mean": 6.50159740448,
        "median": 6.41954946518,
        "min": 5.13384437561,
        "var": 0.441648453474
    },
    "spectral_flux": {
        "dmean": 0.0232034400105,
        "dmean2": 0.0363891161978,
        "dvar": 0.000646605796646,
        "dvar2": 0.00146484619472,
        "max": 0.313860446215,
        "mean": 0.0629665255547,
        "median": 0.0543289296329,
        "min": 1.03254155226e-10,
        "var": 0.00158601894509
    },
    "spectral_kurtosis": {
        "dmean": 2.59471487999,
        "dmean2": 4.05715465546,
        "dvar": 8.10997390747,
        "dvar2": 17.8402481079,
        "max": 62.4959411621,
        "mean": 8.54587745667,
        "median": 7.87859725952,
        "min": -1.20023143291,
        "var": 34.1308250427
    },
    "spectral_rms": {
        "dmean": 0.000737826165278,
        "dmean2": 0.00107015436515,
        "dvar": 7.50836761654e-07,
        "dvar2": 1.57640226917e-06,
        "max": 0.0139641901478,
        "mean": 0.00434515764937,
        "median": 0.00439878040925,
        "min": 3.22511787242e-12,
        "var": 3.84201212e-06
    },
    "spectral_rolloff": {
        "dmean": 430.555297852,
        "dmean2": 763.013244629,
        "dvar": 2087438.875,
        "dvar2": 3897730.5,
        "max": 18303.2226562,
        "mean": 1149.55786133,
        "median": 559.86328125,
        "min": 172.265625,
        "var": 3612820.25
    },
    "spectral_skewness": {
        "dmean": 0.354033112526,
        "dmean2": 0.4996098876,
        "dvar": 0.146085456014,
        "dvar2": 0.225781187415,
        "max": 6.75175476074,
        "mean": 2.31001281738,
        "median": 2.38082385063,
        "min": -0.510687708855,
        "var": 0.912165164948
    },
    "spectral_spread": {
        "dmean": 663400.4375,
        "dmean2": 966607.6875,
        "dvar": 1.14583509402e+12,
        "dvar2": 1.55914888806e+12,
        "max": 40856356,
        "mean": 4535423.5,
        "median": 3998589.5,
        "min": 1435430.875,
        "var": 3.90501315379e+12
    },
    "spectral_strongpeak": {
        "dmean": 0.595994651318,
        "dmean2": 0.970734715462,
        "dvar": 0.832993328571,
        "dvar2": 1.95392394066,
        "max": 9.84819889069,
        "mean": 1.51121592522,
        "median": 0.926168262959,
        "min": 0,
        "var": 2.37470006943
    },
    "zerocrossingrate": {
        "dmean": 0.0125417811796,
        "dmean2": 0.0136484559625,
        "dvar": 0.000732030253857,
        "dvar2": 0.000708482402842,
        "max": 0.51025390625,
        "mean": 0.0462669767439,
        "median": 0.0322265625,
        "min": 0.00390625,
        "var": 0.00274270353839
    },
    "barkbands": {
        "dmean": [6.13230213276e-06, 2.17559518205e-05, 0.000450118968729, 0.000978237949312, 0.00364006962627, 0.000368322478607, 0.000752660795115, 0.00293090753257, 0.000117926749226, 0.000483812007587, 0.000562804518268, 0.000492876744829, 0.000135645197588, 0.000163198434166, 4.28369021392e-05, 5.82877582929e-05, 1.8375532818e-05, 3.56927121175e-05, 4.0050392272e-05, 5.35833569302e-05, 2.21076170419e-05, 9.16519275052e-05, 0.000104534025013, 6.49072826491e-05, 1.8667873519e-05, 9.93132107396e-06, 2.23632991947e-06],
        "dmean2": [1.10164419311e-05, 3.3670974517e-05, 0.000670468085445, 0.00160082709044, 0.00595449795946, 0.000550724333152, 0.00106728100218, 0.00427596084774, 0.000172327228938, 0.000691539200488, 0.000774269399699, 0.000662083155476, 0.000190989012481, 0.000229288183618, 6.62319434923e-05, 7.88518664194e-05, 2.73599416687e-05, 5.13027443958e-05, 6.08229092904e-05, 7.64793949202e-05, 3.38309509971e-05, 0.000134476023959, 0.000156968933879, 9.32704206207e-05, 2.65091639449e-05, 1.45038920891e-05, 3.60819262823e-06],
        "dvar": [1.5388516017e-09, 8.03459798693e-10, 9.39328060667e-07, 2.97519363812e-06, 6.36902987026e-05, 7.12680161996e-07, 6.11277891949e-06, 6.23443411314e-05, 1.19282574929e-07, 1.04941148038e-06, 3.18529168908e-06, 3.24031543641e-06, 4.64366280539e-07, 5.1007947377e-07, 4.32508038273e-08, 5.05362791614e-08, 1.83266313236e-09, 7.86342546633e-09, 8.30405166852e-09, 1.34342785785e-08, 9.40987288089e-09, 2.01344946049e-07, 2.46216586675e-07, 7.5225393914e-08, 6.63453780803e-09, 2.02320959986e-09, 1.06191090643e-10],
        "dvar2": [4.99838748169e-09, 2.08474792984e-09, 2.09859786082e-06, 7.62793433751e-06, 0.000172637635842, 1.37253709909e-06, 1.17701847557e-05, 0.000138542673085, 2.81114353129e-07, 2.07602715818e-06, 6.17567457084e-06, 5.86739179198e-06, 1.01632269889e-06, 9.39953736179e-07, 8.69272582804e-08, 9.79126326683e-08, 3.8625551646e-09, 1.55708193006e-08, 1.93908089585e-08, 2.62851003185e-08, 2.03622931849e-08, 4.19429454723e-07, 5.42541158666e-07, 1.4692901118e-07, 1.29590480569e-08, 3.58425666924e-09, 2.79083811616e-10],
        "max": [0.00122514460236, 0.000365500774933, 0.0102608976886, 0.0180839598179, 0.163390263915, 0.0200602952391, 0.0615426935256, 0.144162863493, 0.0107091246173, 0.020790271461, 0.0308274738491, 0.0426934920251, 0.0239974036813, 0.0171422362328, 0.00929527357221, 0.00501298997551, 0.000953367445618, 0.00155659148004, 0.00144980673213, 0.00224052928388, 0.00197737012058, 0.0122301466763, 0.00945706106722, 0.00535125890747, 0.00177259463817, 0.00120653386693, 0.000198787689442],
        "mean": [6.28546467851e-06, 6.5029686084e-05, 0.000725215126295, 0.0016345694894, 0.00755055900663, 0.000787275785115, 0.00121625990141, 0.00657093059272, 0.000212401515455, 0.00104395742528, 0.000878988299519, 0.00117765704636, 0.000231602796703, 0.000327246903908, 6.73082031426e-05, 0.000101825760794, 3.68691071344e-05, 6.34206589893e-05, 7.78120884206e-05, 0.000106327563117, 2.34433082369e-05, 0.000101799552795, 0.000141327342135, 9.75874354481e-05, 2.61861459876e-05, 1.61756979651e-05, 2.46502327172e-06],
        "median": [9.33395028824e-07, 5.76443671889e-05, 0.000295253063086, 0.000899746839423, 0.00573441013694, 0.00024553554249, 0.000204899668461, 0.00166693946812, 6.68926295475e-05, 0.000130068801809, 1.5373365386e-05, 1.46079710248e-05, 1.08263257061e-05, 9.4439192253e-06, 5.20908179169e-06, 8.02369231678e-06, 8.36740855448e-06, 9.17355828278e-06, 1.19012347568e-05, 1.50195546667e-05, 3.18288880408e-06, 2.51029291576e-06, 1.89583770407e-05, 2.03645868169e-05, 4.62876460006e-06, 3.07971890834e-06, 2.34475706407e-07],
        "min": [1.53494141024e-23, 4.20482804886e-23, 2.11125210647e-23, 5.81093323245e-24, 6.638574382e-23, 4.66321902813e-23, 3.60251223735e-23, 2.67010010439e-23, 1.085094331e-22, 3.77437158089e-23, 1.00822236014e-22, 1.10173677175e-22, 1.01303674669e-22, 1.0485814938e-22, 1.15864469258e-22, 1.38231768256e-22, 2.71995100178e-22, 1.37135037027e-22, 2.91087755517e-22, 4.26650763154e-22, 5.55155724987e-22, 3.35812407554e-22, 7.41662486359e-22, 8.40455690084e-22, 1.29234631665e-21, 1.72051325784e-21, 2.39670776116e-21],
        "var": [1.6240102596e-09, 1.52126000685e-09, 1.40126098813e-06, 4.79965501654e-06, 7.24307901692e-05, 2.20193942368e-06, 1.0490493878e-05, 0.000140556847327, 2.05941105946e-07, 4.62708658233e-06, 8.90216688276e-06, 1.68484275491e-05, 1.1501682593e-06, 1.8386880356e-06, 1.50693551859e-07, 1.43791595519e-07, 5.98361626913e-09, 2.34199220017e-08, 2.09330348611e-08, 4.59400055774e-08, 1.06949240575e-08, 3.24015644537e-07, 3.99408463636e-07, 1.53828779048e-07, 1.33684103787e-08, 5.38163869024e-09, 1.26144247825e-10]
    },
    "erbbands": {
        "dmean": [0.000531438970938, 0.00910203997046, 0.305674374104, 2.09009218216, 8.28103733063, 14.6502437592, 8.70924568176, 2.02935600281, 4.6372795105, 37.3046264648, 48.5517730713, 4.45526409149, 15.2643556595, 8.40185451508, 30.5693511963, 17.0709533691, 5.19769048691, 7.09003543854, 3.71325683594, 2.81398296356, 3.15170168877, 1.1299444437, 1.40136194229, 1.6836117506, 3.02610516548, 2.6416041851, 0.802536725998, 1.33096885681, 3.17987728119, 3.31115841866, 2.98791670799, 1.79920804501, 0.7788823843, 0.248484313488, 0.115305110812, 0.0509183630347, 0.0183862168342, 0.00496897287667, 0.000148591163452, 1.12677116704e-05],
        "dmean2": [0.000845486298203, 0.0134917171672, 0.457333654165, 3.26923704147, 13.6268672943, 23.5270500183, 13.8387155533, 2.81028318405, 6.74215221405, 52.9448890686, 69.0491790771, 6.3273024559, 21.5923366547, 12.5039768219, 42.0063476562, 22.2625236511, 7.40173101425, 9.9983291626, 5.10238838196, 4.13207435608, 4.12722826004, 1.57001614571, 1.97736048698, 2.42935943604, 4.43432474136, 3.8577978611, 1.21217751503, 2.03943634033, 4.75037240982, 4.79415512085, 4.4001660347, 2.56889271736, 1.11536228657, 0.355821639299, 0.168884649873, 0.0743017271161, 0.0271815508604, 0.00779580231756, 0.000235213519773, 1.68742135429e-05],
        "dvar": [5.42545706139e-07, 0.000198488254682, 0.397118091583, 15.4681682587, 474.081939697, 855.659973145, 192.891937256, 37.758392334, 313.35256958, 6696.64404297, 24432.296875, 154.430419922, 1215.43591309, 499.630645752, 6534.15185547, 3702.47387695, 512.609924316, 1011.88275146, 270.920257568, 205.011520386, 163.822967529, 6.73376607895, 14.015048027, 16.804807663, 43.1693191528, 35.9517326355, 9.79462146759, 37.7571334839, 307.097564697, 211.369949341, 194.311889648, 58.8467597961, 10.0036735535, 1.30543804169, 0.211202174425, 0.0521086491644, 0.00770332058892, 0.000509875826538, 3.94648367319e-07, 4.15584650026e-10],
        "dvar2": [1.41881616855e-06, 0.000470977101941, 0.894390523434, 37.9185752869, 1293.81811523, 2253.97827148, 418.235443115, 59.6002655029, 610.520874023, 14098.3720703, 52622.9296875, 359.015930176, 2391.59521484, 1082.53955078, 12634.2548828, 6461.35986328, 1166.80078125, 2066.87036133, 448.123199463, 374.474060059, 320.263031006, 12.4013442993, 26.9403152466, 34.5362663269, 100.691207886, 69.3893814087, 20.8419513702, 83.0666809082, 675.423461914, 425.618530273, 413.543395996, 116.462898254, 19.0994853973, 2.57412552834, 0.41572034359, 0.0959369391203, 0.0147546119988, 0.00115115777589, 9.39416793244e-07, 9.38005562112e-10],
        "max": [0.0170058663934, 0.187002524734, 6.64656448364, 44.7463684082, 445.894073486, 508.537353516, 256.710998535, 180.351654053, 373.209869385, 1332.1262207, 3628.57373047, 312.881469727, 735.97064209, 503.195404053, 1251.25378418, 1452.99060059, 859.109191895, 782.78503418, 496.079040527, 682.562744141, 290.876495361, 66.7718658447, 96.7793502808, 79.9105453491, 97.294342041, 121.960891724, 64.1267166138, 118.193626404, 530.285766602, 271.194244385, 267.47644043, 150.964355469, 65.8858413696, 23.2441711426, 11.5680866241, 6.74525928497, 2.45282769203, 0.529703259468, 0.0125692384318, 0.000369332439732],
        "mean": [0.00215016910806, 0.0232424996793, 0.512096047401, 3.56742310524, 12.5991573334, 27.7589664459, 23.5454082489, 5.14021492004, 8.25668430328, 83.3439559937, 105.444900513, 10.1302804947, 33.3121795654, 16.5396366119, 54.8942718506, 40.3628845215, 10.3246259689, 14.1904802322, 8.58117103577, 5.16218233109, 5.52669715881, 2.36234641075, 2.77096104622, 3.23616123199, 5.96810531616, 5.16626977921, 1.06735134125, 1.39758050442, 3.42108845711, 4.07830667496, 4.0680642128, 2.70546269417, 1.16266822815, 0.343436688185, 0.162892833352, 0.0785593166947, 0.0281889270991, 0.00694110849872, 0.000201305068913, 3.21597290167e-05],
        "median": [0.00192732911091, 0.0184109117836, 0.236434713006, 2.03004097939, 6.50742959976, 18.6928195953, 14.6543045044, 2.12257814407, 3.033608675, 32.5243453979, 16.7415657043, 5.04700374603, 3.62610840797, 3.35144209862, 1.74164772034, 0.875716686249, 0.572223186493, 0.610317111015, 0.310386419296, 0.376600295305, 0.517375171185, 0.471184521914, 0.480302333832, 0.564547300339, 0.878117024899, 0.744579017162, 0.274288386106, 0.1002484411, 0.0832502543926, 0.233326867223, 0.581464707851, 0.563159763813, 0.236454457045, 0.0566793829203, 0.0344307385385, 0.0160074103624, 0.00436462974176, 0.00102420907933, 4.10787833971e-05, 2.62181238213e-05],
        "min": [1.18146715801e-21, 9.54292100191e-21, 2.43954545791e-20, 2.42508013695e-20, 1.46819272527e-19, 2.65448436573e-19, 2.42301803384e-19, 3.3985087698e-19, 3.90601509488e-19, 6.75899359781e-19, 8.52540522568e-19, 2.83306836899e-18, 1.49369245466e-18, 1.38592240137e-18, 6.45874244169e-18, 3.18338204674e-18, 4.49106257134e-18, 5.47984739222e-18, 6.34003044326e-18, 4.82638794319e-18, 8.6084405107e-18, 1.57162926722e-17, 9.21194569535e-18, 9.87201183593e-18, 1.72693987185e-17, 2.02349669459e-17, 2.34038809834e-17, 2.1198144323e-17, 1.34516334552e-17, 1.57812081523e-17, 1.89236788799e-17, 1.81957582865e-17, 1.50694324701e-17, 1.41198589054e-17, 9.16727959664e-18, 4.77972668484e-18, 3.66469755887e-18, 1.43864575624e-18, 3.18023596868e-19, 3.4250492475e-20],
        "var": [1.32321656565e-06, 0.000340381462593, 0.604558646679, 22.3225803375, 452.002807617, 1131.38818359, 893.784606934, 138.694091797, 525.243591309, 15787.9003906, 57252.6875, 286.429443359, 5102.87548828, 1209.0793457, 19463.8730469, 19780.2011719, 1451.97253418, 3376.60180664, 1154.31433105, 760.571044922, 418.548858643, 24.8685817719, 46.7998046875, 48.4028778076, 123.422660828, 110.37247467, 12.0256614685, 45.5054779053, 443.039886475, 382.296173096, 331.345336914, 120.34312439, 20.0409889221, 2.50865316391, 0.42909014225, 0.134994611144, 0.017103401944, 0.000960197416134, 6.5220677925e-07, 1.01099673078e-09]
    },
    "gfcc": {
        "mean": [-69.1340484619, 101.448783875, -80.6159820557, 11.6412553787, -82.2137832642, -1.32374167442, -49.2342681885, 3.78238558769, -34.721988678, -17.0717830658, -16.6755447388, -11.6589412689, -20.3332118988],
        "cov": [[4988.68554688, -663.777587891, -1363.89306641, -744.245666504, -318.534545898, -242.823013306, -28.3288421631, 333.217803955, -333.194366455, -108.777740479, 171.256866455, -196.667190552, -296.581207275], [-663.777587891, 1556.74804688, -291.265045166, -592.231262207, 210.381332397, -187.088088989, 16.5249500275, 48.5827140808, -114.455276489, -175.372344971, 221.132766724, -135.331588745, 19.2447681427], [-1363.89306641, -291.265045166, 1167.42236328, 602.280212402, -154.447723389, 139.810455322, -93.8003311157, -174.026153564, 231.561248779, 63.2927513123, -230.126144409, 160.425018311, 76.4587783813], [-744.245666504, -592.231262207, 602.280212402, 866.945678711, -41.3965644836, 83.6758804321, -52.2608566284, -136.37260437, 194.285507202, 65.6084823608, -228.680450439, 119.356025696, 91.5146636963], [-318.534545898, 210.381332397, -154.447723389, -41.3965644836, 281.404388428, -15.8819408417, -28.2024364471, -26.6859664917, -15.6033506393, 25.5850982666, -12.9790248871, -43.5325317383, 24.4122180939], [-242.823013306, -187.088088989, 139.810455322, 83.6758804321, -15.8819408417, 256.289825439, 98.6106872559, -103.723983765, -31.0713214874, 47.9383125305, -25.2899742126, 29.924697876, 7.11207866669], [-28.3288421631, 16.5249500275, -93.8003311157, -52.2608566284, -28.2024364471, 98.6106872559, 248.417327881, -16.8859901428, -148.091766357, -8.06482028961, 61.678981781, 6.54461717606, -31.1093063354], [333.217803955, 48.5827140808, -174.026153564, -136.37260437, -26.6859664917, -103.723983765, -16.8859901428, 173.358734131, -23.9481697083, -55.8861923218, 48.7069892883, -19.6340942383, -11.9332933426], [-333.194366455, -114.455276489, 231.561248779, 194.285507202, -15.6033506393, -31.0713214874, -148.091766357, -23.9481697083, 242.710617065, 50.8333320618, -130.008453369, 10.1012201309, 53.9471549988], [-108.777740479, -175.372344971, 63.2927513123, 65.6084823608, 25.5850982666, 47.9383125305, -8.06482028961, -55.8861923218, 50.8333320618, 140.874252319, -62.9624176025, -14.731628418, 16.4228172302], [171.256866455, 221.132766724, -230.126144409, -228.680450439, -12.9790248871, -25.2899742126, 61.678981781, 48.7069892883, -130.008453369, -62.9624176025, 194.722549438, -19.3292446136, -53.4994316101], [-196.667190552, -135.331588745, 160.425018311, 119.356025696, -43.5325317383, 29.924697876, 6.54461717606, -19.6340942383, 10.1012201309, -14.731628418, -19.3292446136, 114.274871826, 1.35855031013], [-296.581207275, 19.2447681427, 76.4587783813, 91.5146636963, 24.4122180939, 7.11207866669, -31.1093063354, -11.9332933426, 53.9471549988, 16.4228172302, -53.4994316101, 1.35855031013, 90.2885665894]],
        "icov": [[0.000951594091021, 0.000483095995151, 0.00117709278129, 0.000211357895751, 0.00169079925399, 0.000228798991884, 0.00143478624523, 5.72115241084e-05, 0.00168070814107, 0.000537606421858, 0.00182300922461, 0.00105612154584, 0.00180086691398], [0.000483095995151, 0.00231934105977, -0.000363709928934, 0.00167545187287, -0.000823122856673, 0.00173702277243, -0.000527664262336, 0.00151442259084, -0.000102638186945, 0.00278953346424, -0.000841317407321, 0.00210103625432, -0.00116980168968], [0.00117709278129, -0.000363709928934, 0.00386991235428, -0.00103391346056, 0.0037824199535, -0.000931056740228, 0.00282283080742, 0.000444407865871, 0.00194054318126, -0.000251873629168, 0.00381425581872, -0.000752409046981, 0.00295462668873], [0.000211357895751, 0.00167545187287, -0.00103391346056, 0.00360267213546, -0.000941928650718, 0.00153631472494, -0.00120038841851, 0.00188965024427, -0.000993128982373, 0.0021820710972, 0.000473429448903, 0.00014168083726, -0.00199419888668], [0.00169079925399, -0.000823122856673, 0.0037824199535, -0.000941928650718, 0.00911254622042, -0.000578230072279, 0.00474209710956, 0.000565273570828, 0.00508910045028, -0.00149717775639, 0.00566382100806, 0.00133273808751, 0.00333897257224], [0.000228798991884, 0.00173702277243, -0.000931056740228, 0.00153631472494, -0.000578230072279, 0.00798413343728, -0.00300069549121, 0.00416786642745, 0.000286938127829, 0.000864912057295, -0.000574481557123, 0.000743220909499, -0.00202337908559], [0.00143478624523, -0.000527664262336, 0.00282283080742, -0.00120038841851, 0.00474209710956, -0.00300069549121, 0.0109216896817, -0.000799411791377, 0.00798775162548, -0.00126130704302, 0.00405899062753, 0.000733702734578, 0.00411420501769], [5.72115241084e-05, 0.00151442259084, 0.000444407865871, 0.00188965024427, 0.000565273570828, 0.00416786642745, -0.000799411791377, 0.0109670683742, -0.000666081439704, 0.00393210910261, -0.000710949418135, 0.000823446898721, -0.00248449295759], [0.00168070814107, -0.000102638186945, 0.00194054318126, -0.000993128982373, 0.00508910045028, 0.000286938127829, 0.00798775162548, -0.000666081439704, 0.0143462149426, -0.00190024124458, 0.0076203471981, 0.00212262221612, 0.00242881570011], [0.000537606421858, 0.00278953346424, -0.000251873629168, 0.0021820710972, -0.00149717775639, 0.000864912057295, -0.00126130704302, 0.00393210910261, -0.00190024124458, 0.0133744860068, 0.00126220856328, 0.00437201699242, -0.00102047331166], [0.00182300922461, -0.000841317407321, 0.00381425581872, 0.000473429448903, 0.00566382100806, -0.000574481557123, 0.00405899062753, -0.000710949418135, 0.0076203471981, 0.00126220856328, 0.0162342172116, 0.000395962269977, 0.00710686063394], [0.00105612154584, 0.00210103625432, -0.000752409046981, 0.00014168083726, 0.00133273808751, 0.000743220909499, 0.000733702734578, 0.000823446898721, 0.00212262221612, 0.00437201699242, 0.000395962269977, 0.0148036731407, 0.00140601082239], [0.00180086691398, -0.00116980168968, 0.00295462668873, -0.00199419888668, 0.00333897257224, -0.00202337908559, 0.00411420501769, -0.00248449295759, 0.00242881570011, -0.00102047331166, 0.00710686063394, 0.00140601082239, 0.0200298000127]]
    },
    "melbands": {
        "dmean": [5.16910540682e-06, 0.000113267211418, 0.000495461456012, 0.00085546966875, 0.00037679169327, 4.64232034574e-05, 9.05559863895e-05, 0.000505923235323, 0.000319903338095, 2.04317893804e-05, 7.73995488998e-05, 3.13299351546e-05, 9.82942583505e-05, 7.8024881077e-05, 1.43875486174e-05, 1.37789365908e-05, 1.45987351061e-05, 8.55951930134e-06, 3.24340248881e-06, 4.33278501077e-06, 3.31931664732e-06, 1.1092636214e-06, 1.03670083718e-06, 1.8969070652e-06, 1.37135305067e-06, 1.95912548406e-06, 2.71479393632e-06, 1.53460484853e-06, 4.88573050461e-07, 5.06463607053e-07, 8.76460376276e-07, 1.93753135136e-06, 1.75206821496e-06, 2.01296779778e-06, 1.80838583219e-06, 1.41883629112e-06, 1.11042197659e-06, 7.1618291031e-07, 2.45408671162e-07, 2.16812466647e-07],
        "dmean2": [8.10679284768e-06, 0.000168721337104, 0.000791242870037, 0.00140078703407, 0.000597931793891, 6.5502092184e-05, 0.000128644736833, 0.000726451806258, 0.000454623688711, 2.97405622405e-05, 0.000109442284156, 4.73511972814e-05, 0.000133009147248, 0.000104510603705, 1.97501212824e-05, 1.976942076e-05, 2.07352713915e-05, 1.14071481221e-05, 4.99202951687e-06, 6.20691389486e-06, 4.38408596892e-06, 1.5942259779e-06, 1.54951612785e-06, 2.68392045655e-06, 2.02467299459e-06, 2.96848406833e-06, 3.90788591176e-06, 2.30994214689e-06, 7.68024051467e-07, 7.66482799008e-07, 1.38096834235e-06, 2.96117991638e-06, 2.50941116064e-06, 3.01417003357e-06, 2.71827889264e-06, 2.17720230467e-06, 1.60658203185e-06, 1.04939817902e-06, 3.78203282025e-07, 3.15623793767e-07],
        "dvar": [4.69190589159e-11, 5.6753805211e-08, 8.94896402315e-07, 4.44201259597e-06, 2.731827351e-07, 1.60703450547e-08, 1.05506430259e-07, 1.30407249799e-06, 1.09463121589e-06, 3.85704268524e-09, 3.03246601163e-08, 8.72529870577e-09, 8.36068352328e-08, 7.18635533303e-08, 2.4858051173e-09, 6.91484025594e-09, 4.17481071935e-09, 1.62311397656e-09, 2.2487202378e-10, 3.01242752965e-10, 1.98561334042e-10, 7.88452202832e-12, 5.87456819301e-12, 2.79525777525e-11, 1.25828089267e-11, 2.08928534196e-11, 3.32678121162e-11, 1.37372084194e-11, 3.75310242953e-12, 4.63483765256e-12, 1.80796939919e-11, 1.23807894492e-10, 6.92394683255e-11, 8.58648707691e-11, 7.82523143505e-11, 3.76894210286e-11, 2.42763222719e-11, 8.90955972194e-12, 1.18275983625e-12, 1.0862873101e-12],
        "dvar2": [1.23964449816e-10, 1.26903529463e-07, 2.21224513552e-06, 1.20574832181e-05, 6.35003800653e-07, 2.65437591906e-08, 1.97756889975e-07, 2.89120202979e-06, 2.35860488829e-06, 9.26040044646e-09, 5.96007545539e-08, 1.86161770444e-08, 1.57661517619e-07, 1.32536627007e-07, 4.63676474993e-09, 1.57062629569e-08, 8.2888984565e-09, 2.67572652923e-09, 4.84425444203e-10, 5.33646293821e-10, 3.91421645096e-10, 1.51720545849e-11, 1.21364446271e-11, 5.30471083726e-11, 2.63398261535e-11, 4.89319348929e-11, 7.15817197183e-11, 2.79485271731e-11, 8.25444140123e-12, 9.64217681393e-12, 4.22382927245e-11, 2.690072054e-10, 1.46064355055e-10, 1.89915763671e-10, 1.73179776075e-10, 8.05487343492e-11, 4.9257493917e-11, 1.77605239543e-11, 2.66778092672e-12, 2.2630695061e-12],
        "max": [0.000129938387545, 0.00254133483395, 0.0156717896461, 0.0434592142701, 0.00841199140996, 0.00347924535163, 0.00612655701116, 0.0169817432761, 0.0244187153876, 0.00202276697382, 0.00357332848944, 0.00214387173764, 0.00510601140559, 0.00656987633556, 0.00128632911947, 0.00307654985227, 0.00182072806638, 0.00111647497397, 0.000599061779212, 0.000602929037996, 0.000326093781041, 6.71626985422e-05, 5.83135879424e-05, 0.000117270436021, 6.81425444782e-05, 7.17357324902e-05, 8.3087135863e-05, 7.36630245228e-05, 3.66822023352e-05, 4.69208207505e-05, 7.76766901254e-05, 0.000346903398167, 0.000198579684366, 0.000161389238201, 0.000167281759786, 0.000109346765385, 0.000117682975542, 6.66022824589e-05, 2.61319310084e-05, 2.29248234973e-05],
        "mean": [1.8333472326e-05, 0.000189817234059, 0.000853756500874, 0.00142761925235, 0.00101448292844, 0.000106522216811, 0.000146212303662, 0.00116519303992, 0.000677482166793, 3.95067108911e-05, 0.000169568345882, 6.01973806624e-05, 0.000156015375978, 0.000182510339073, 2.40630633925e-05, 2.44803468377e-05, 2.87429120363e-05, 1.91473864106e-05, 5.13710210726e-06, 7.88017587183e-06, 5.49537844563e-06, 2.18894319914e-06, 2.01516422749e-06, 3.26854205923e-06, 2.28819430959e-06, 3.75622403226e-06, 5.34131550012e-06, 2.71700173471e-06, 5.70448548842e-07, 5.42866814612e-07, 8.64208175244e-07, 1.98021302822e-06, 2.01524903787e-06, 2.41062548412e-06, 2.34176309277e-06, 2.04821003535e-06, 1.59937849276e-06, 1.01945158804e-06, 3.11827449195e-07, 2.74380823839e-07],
        "median": [1.62103242474e-05, 8.33633530419e-05, 0.000506150943693, 0.000903755309992, 0.000764003547374, 3.30977673002e-05, 3.52001843567e-05, 0.000441756303189, 7.53838248784e-05, 1.47472910612e-05, 1.66938862094e-05, 1.16065320981e-05, 4.39806763097e-06, 3.02020794152e-06, 9.96858716462e-07, 1.12023019483e-06, 1.03620220671e-06, 3.87653784628e-07, 4.30790493056e-07, 5.07143511186e-07, 5.96622555804e-07, 4.43862717248e-07, 3.69109585563e-07, 4.33804814293e-07, 3.61207810329e-07, 5.36041568466e-07, 6.76584420489e-07, 3.95241869455e-07, 1.21011538567e-07, 6.789806406e-08, 3.95970296552e-08, 3.61028398288e-08, 5.10947408827e-08, 1.40092922152e-07, 2.77163991314e-07, 4.12705588815e-07, 3.07747541228e-07, 1.90706288095e-07, 4.79623487593e-08, 3.66675756425e-08],
        "min": [1.21202088314e-23, 1.3347193617e-23, 6.66654675861e-24, 1.70848292077e-23, 8.28348363351e-24, 8.84179993918e-24, 5.76552166558e-24, 7.08914585642e-24, 7.14956392429e-24, 1.81117430906e-23, 6.8798018937e-24, 4.81483620084e-24, 1.78260476475e-23, 1.57582712432e-23, 4.85865150767e-24, 1.20724227932e-23, 1.01466807949e-23, 1.03169374886e-23, 7.79069248121e-24, 6.31829937883e-24, 9.85780308687e-24, 1.34800551484e-23, 1.52901911588e-23, 6.52691561737e-24, 7.3604477435e-24, 1.34328923103e-23, 9.17201080322e-24, 1.49830986524e-23, 1.68364500409e-23, 1.11243476692e-23, 1.27976257788e-23, 7.72883237561e-24, 5.45310316483e-24, 1.1175646505e-23, 1.17097960568e-23, 1.08245915693e-23, 1.109832867e-23, 1.07829980892e-23, 9.2804768111e-24, 1.34393436148e-23],
        "var": [1.13723704065e-10, 8.6870855398e-08, 1.25651138205e-06, 4.26914903073e-06, 1.1706646319e-06, 5.874812814e-08, 1.84032401762e-07, 3.00666920339e-06, 2.54442988989e-06, 6.541244435e-09, 1.31359215061e-07, 2.2974932179e-08, 2.32308451587e-07, 3.51870056647e-07, 6.78889078287e-09, 1.71023124551e-08, 1.47605137002e-08, 6.72688482695e-09, 7.42275352295e-10, 1.04222308561e-09, 4.40155301096e-10, 2.6583610313e-11, 2.19625290176e-11, 7.88517515171e-11, 3.09938567866e-11, 5.39017858125e-11, 1.11661888069e-10, 3.50203130384e-11, 4.43020316612e-12, 5.63590623823e-12, 1.9788545802e-11, 1.68123293065e-10, 1.20372406487e-10, 1.34054892187e-10, 1.22493223897e-10, 6.71007624464e-11, 4.66866545423e-11, 1.68542142048e-11, 1.70227894281e-12, 1.9268336926e-12]
    },
    "mfcc": {
        "mean": [-729.43572998, 139.649520874, 38.4072036743, 11.1889438629, -3.61599898338, -16.7771492004, -6.1569852829, 4.2147397995, -22.2965602875, 7.66866731644, -20.2119903564, -6.6981678009, -6.90442562103],
        "cov": [[4473.50537109, -440.611572266, -1269.43554688, -602.848632812, -367.268951416, -702.583007812, 294.317016602, 75.8331375122, -449.312988281, 306.041046143, -156.610473633, 68.6909713745, 89.8592758179], [-440.611572266, 1888.97424316, -631.288269043, -418.879425049, 16.0394763947, -423.027770996, 251.26234436, 6.38502645493, -249.320281982, 41.7047996521, -100.476226807, 75.4086074829, 13.0700426102], [-1269.43554688, -631.288269043, 1283.3079834, 396.178741455, 16.6575622559, 404.264953613, -339.649505615, 25.3356113434, 273.502807617, -205.396652222, 78.8392410278, -14.4974527359, -16.6249828339], [-602.848632812, -418.879425049, 396.178741455, 518.521057129, 108.002357483, 160.321273804, -204.699264526, -9.28829860687, 175.649017334, -82.2704620361, 20.7466201782, -59.201007843, -12.2583332062], [-367.268951416, 16.0394763947, 16.6575622559, 108.002357483, 298.059204102, 28.0029678345, -167.427871704, -73.9320907593, 86.0827255249, 22.4402332306, -4.45696544647, -31.241973877, -41.6846580505], [-702.583007812, -423.027770996, 404.264953613, 160.321273804, 28.0029678345, 524.018005371, -62.6437034607, -84.8566055298, 171.243545532, -95.011390686, 106.368370056, -77.0096664429, -57.7149772644], [294.317016602, 251.26234436, -339.649505615, -204.699264526, -167.427871704, -62.6437034607, 425.059356689, 53.9866981506, -168.642089844, -1.38298928738, -19.8187046051, 35.2245178223, 18.4999046326], [75.8331375122, 6.38502645493, 25.3356113434, -9.28829860687, -73.9320907593, -84.8566055298, 53.9866981506, 184.436935425, -77.5212936401, -44.9621963501, -25.1712245941, 12.3294448853, 37.3599128723], [-449.312988281, -249.320281982, 273.502807617, 175.649017334, 86.0827255249, 171.243545532, -168.642089844, -77.5212936401, 292.893493652, -17.4728107452, 11.1440477371, -45.0439414978, -33.7836914062], [306.041046143, 41.7047996521, -205.396652222, -82.2704620361, 22.4402332306, -95.011390686, -1.38298928738, -44.9621963501, -17.4728107452, 153.080047607, -18.2265014648, -8.15296077728, -11.9480314255], [-156.610473633, -100.476226807, 78.8392410278, 20.7466201782, -4.45696544647, 106.368370056, -19.8187046051, -25.1712245941, 11.1440477371, -18.2265014648, 103.435424805, -19.7332763672, -18.9663925171], [68.6909713745, 75.4086074829, -14.4974527359, -59.201007843, -31.241973877, -77.0096664429, 35.2245178223, 12.3294448853, -45.0439414978, -8.15296077728, -19.7332763672, 113.769493103, 22.3967571259], [89.8592758179, 13.0700426102, -16.6249828339, -12.2583332062, -41.6846580505, -57.7149772644, 18.4999046326, 37.3599128723, -33.7836914062, -11.9480314255, -18.9663925171, 22.3967571259, 89.8917007446]],
