{
"lowlevel": {
    "average_loudness": 0.381567567587,
    "barkbands_crest": {
        "dmean": 1.10155344009,
        "dmean2": 1.55469501019,
        "dvar": 1.76726222038,
        "dvar2": 3.51382684708,
        "max": 24.8903694153,
        "mean": 12.2942667007,
        "median": 11.0049610138,
        "min": 4.65273618698,
        "var": 19.1256980896
    },
    "barkbands_flatness_db": {
        "dmean": 0.0230682771653,
        "dmean2": 0.0398492179811,
        "dvar": 0.000454723340226,
        "dvar2": 0.00121564848814,
        "max": 0.612470567226,
        "mean": 0.497008919716,
        "median": 0.497056424618,
        "min": 0.0719797387719,
        "var": 0.00184848788194
    },
    "barkbands_kurtosis": {
        "dmean": 0.999442994595,
        "dmean2": 1.50529789925,
        "dvar": 1.67838346958,
        "dvar2": 3.43773770332,
        "max": 27.1755580902,
        "mean": 2.73032832146,
        "median": 1.37103700638,
        "min": -1.78702676296,
        "var": 17.7717781067
    },
    "barkbands_skewness": {
        "dmean": 0.341196268797,
        "dmean2": 0.53858268261,
        "dvar": 0.115290269256,
        "dvar2": 0.263425171375,
        "max": 3.90661883354,
        "mean": -0.16386513412,
        "median": -0.336065411568,
        "min": -3.91719794273,
        "var": 1.52287125587
    },
    "barkbands_spread": {
        "dmean": 0.669935941696,
        "dmean2": 1.02069044113,
        "dvar": 0.744011163712,
        "dvar2": 1.37061297894,
        "max": 26.5676193237,
        "mean": 2.96031332016,
        "median": 2.5658364296,
        "min": 0.613557338715,
        "var": 2.83247566223
    },
    "dissonance": {
        "dmean": 0.0381210073829,
        "dmean2": 0.0649568364024,
        "dvar": 0.0022154992912,
        "dvar2": 0.00552687980235,
        "max": 0.493645519018,
        "mean": 0.275934666395,
        "median": 0.278260678053,
        "min": 0.0585050471127,
        "var": 0.00668592285365
    },
    "dynamic_complexity": 4.77485370636,
    "erbbands_crest": {
        "dmean": 1.3078674078,
        "dmean2": 1.7355479002,
        "dvar": 3.66989636421,
        "dvar2": 7.34153079987,
        "max": 32.760509491,
        "mean": 16.4032974243,
        "median": 14.5741443634,
        "min": 3.47548103333,
        "var": 40.9373855591
    },
    "erbbands_flatness_db": {
        "dmean": 0.0173763018101,
        "dmean2": 0.0293627157807,
        "dvar": 0.000286207447061,
        "dvar2": 0.000671564717777,
        "max": 0.597062349319,
        "mean": 0.489356964827,
        "median": 0.494365274906,
        "min": 0.0960930734873,
        "var": 0.00195585354231
    },
    "erbbands_kurtosis": {
        "dmean": 0.740226924419,
        "dmean2": 0.956908583641,
        "dvar": 2.54624080658,
        "dvar2": 4.57927846909,
        "max": 37.3013763428,
        "mean": 2.00188064575,
        "median": 0.345275163651,
        "min": -1.76386058331,
        "var": 23.203338623
    },
    "erbbands_skewness": {
        "dmean": 0.177335724235,
        "dmean2": 0.226751640439,
        "dvar": 0.0608022026718,
        "dvar2": 0.10432574898,
        "max": 3.6198785305,
        "mean": -0.323473006487,
        "median": -0.147984877229,
        "min": -4.14382505417,
        "var": 0.979365408421
    },
    "erbbands_spread": {
        "dmean": 0.441240340471,
        "dmean2": 0.58551377058,
        "dvar": 0.788465261459,
        "dvar2": 1.20812392235,
        "max": 32.6679382324,
        "mean": 5.23516702652,
        "median": 4.47354078293,
        "min": 0.549521625042,
        "var": 10.8504514694
    },
    "hfc": {
        "dmean": 1.74249100685,
        "dmean2": 1.91383481026,
        "dvar": 32.2794685364,
        "dvar2": 42.5102386475,
        "max": 297.809661865,
        "mean": 9.34749031067,
        "median": 4.68723535538,
        "min": 1.20179337427e-16,
        "var": 382.02130127
    },
    "melbands_crest": {
        "dmean": 1.15120625496,
        "dmean2": 1.61174297333,
        "dvar": 2.51306891441,
        "dvar2": 4.74809026718,
        "max": 31.1701545715,
        "mean": 15.013127327,
        "median": 13.1492443085,
        "min": 2.67889404297,
        "var": 39.8784790039
    },
    "melbands_flatness_db": {
        "dmean": 0.0298699978739,
        "dmean2": 0.0519963093102,
        "dvar": 0.0007283706218,
        "dvar2": 0.00193576875608,
        "max": 0.801757633686,
        "mean": 0.656769871712,
        "median": 0.657890379429,
        "min": 0.00751754827797,
        "var": 0.0028644001577
    },
    "melbands_kurtosis": {
        "dmean": 0.570430338383,
        "dmean2": 0.813699662685,
        "dvar": 0.768511652946,
        "dvar2": 1.48781847954,
        "max": 37.2494544983,
        "mean": 2.69037508965,
        "median": 0.237642526627,
        "min": -1.72682273388,
        "var": 54.4918479919
    },
    "melbands_skewness": {
        "dmean": 0.199634850025,
        "dmean2": 0.296057283878,
        "dvar": 0.0641502067447,
        "dvar2": 0.13419508934,
        "max": 5.04551553726,
        "mean": 0.584953904152,
        "median": 0.401592314243,
        "min": -2.82708239555,
        "var": 1.95020496845
    },
    "melbands_spread": {
        "dmean": 0.629697740078,
        "dmean2": 0.899901926517,
        "dvar": 10.0455169678,
        "dvar2": 10.1874990463,
        "max": 148.025085449,
        "mean": 4.66759157181,
        "median": 4.23099756241,
        "min": 0.572258591652,
        "var": 16.0356731415
    },
    "pitch_salience": {
        "dmean": 0.0376347899437,
        "dmean2": 0.0559670589864,
        "dvar": 0.00168620375916,
        "dvar2": 0.00341359060258,
        "max": 0.861830413342,
        "mean": 0.553301095963,
        "median": 0.582405328751,
        "min": 0.169433265924,
        "var": 0.0175264943391
    },
    "silence_rate_20dB": {
        "dmean": 0.00103092787322,
        "dmean2": 0.00206291908398,
        "dvar": 0.00102986767888,
        "dvar2": 0.00205867318437,
        "max": 1,
        "mean": 0.998454391956,
        "median": 1,
        "min": 0,
        "var": 0.0015432049986
    },
    "silence_rate_30dB": {
        "dmean": 0.00412371149287,
        "dmean2": 0.00825167633593,
        "dvar": 0.00410675257444,
        "dvar2": 0.00818354915828,
        "max": 1,
        "mean": 0.976816058159,
        "median": 1,
        "min": 0,
        "var": 0.0226464997977
    },
    "silence_rate_60dB": {
        "dmean": 0.0144329899922,
        "dmean2": 0.0283651370555,
        "dvar": 0.0142244305462,
        "dvar2": 0.029623741284,
        "max": 1,
        "mean": 0.0829469338059,
        "median": 0,
        "min": 0,
        "var": 0.0760678574443
    },
    "spectral_centroid": {
        "dmean": 17.831609726,
        "dmean2": 21.6017189026,
        "dvar": 54402.5976562,
        "dvar2": 52147.8320312,
        "max": 10952.2060547,
        "mean": 383.114440918,
        "median": 372.604064941,
        "min": 139.778610229,
        "var": 69313.0625
    },
    "spectral_complexity": {
        "dmean": 0.619587600231,
        "dmean2": 1.05673027039,
        "dvar": 0.718173861504,
        "dvar2": 1.45216500759,
        "max": 19,
        "mean": 6.40082454681,
        "median": 6,
        "min": 0,
        "var": 5.4910826683
    },
    "spectral_decrease": {
        "dmean": 9.09003483596e-10,
        "dmean2": 1.09949682692e-09,
        "dvar": 5.33987519768e-18,
        "dvar2": 7.99293458972e-18,
        "max": 4.87622862335e-29,
        "mean": -5.54326540225e-09,
        "median": -3.44378636719e-09,
        "min": -1.14166269327e-07,
        "var": 6.85822725057e-17
    },
    "spectral_energy": {
        "dmean": 0.0035822938662,
        "dmean2": 0.00430778553709,
        "dvar": 8.45781396492e-05,
        "dvar2": 0.00012530470849,
        "max": 0.457902193069,
        "mean": 0.0217694174498,
        "median": 0.0134778199717,
        "min": 1.07165747766e-20,
        "var": 0.00108874926809
    },
    "spectral_energyband_high": {
        "dmean": 1.82893398204e-08,
        "dmean2": 3.2936714689e-08,
        "dvar": 3.12164099366e-14,
        "dvar2": 1.01088150979e-13,
        "max": 4.90213824378e-06,
        "mean": 2.02862562304e-08,
        "median": 5.0082400449e-09,
        "min": 7.84289924543e-21,
        "var": 2.53464140139e-14
    },
    "spectral_energyband_low": {
        "dmean": 0.000813249323983,
        "dmean2": 0.00124088604935,
        "dvar": 4.9591080824e-06,
        "dvar2": 1.12770658234e-05,
        "max": 0.0523748323321,
        "mean": 0.0020358315669,
        "median": 0.000589010596741,
        "min": 1.24438579504e-22,
        "var": 2.24345349125e-05
    },
    "spectral_energyband_middle_high": {
        "dmean": 0.000291787990136,
        "dmean2": 0.000317916157655,
        "dvar": 1.22375213323e-05,
        "dvar2": 1.57314298121e-05,
        "max": 0.184532016516,
        "mean": 0.00100829359144,
        "median": 3.50422487827e-05,
        "min": 1.44037983942e-21,
        "var": 8.14036829979e-05
    },
    "spectral_energyband_middle_low": {
        "dmean": 0.00309837213717,
        "dmean2": 0.00366494478658,
        "dvar": 5.72766657569e-05,
        "dvar2": 9.72637644736e-05,
        "max": 0.24780139327,
        "mean": 0.0186586920172,
        "median": 0.0114913983271,
        "min": 3.08675239005e-22,
        "var": 0.000666738545988
    },
    "spectral_entropy": {
        "dmean": 0.0798333287239,
        "dmean2": 0.122801959515,
        "dvar": 0.0207503642887,
        "dvar2": 0.0310099497437,
        "max": 9.80573558807,
        "mean": 4.71964788437,
        "median": 4.69560718536,
        "min": 4.01233911514,
        "var": 0.090861260891
    },
    "spectral_flux": {
        "dmean": 0.0115741407499,
        "dmean2": 0.0192363001406,
        "dvar": 0.00038011817378,
        "dvar2": 0.000935244781431,
        "max": 0.352785855532,
        "mean": 0.0289151445031,
        "median": 0.0193222034723,
        "min": 1.03520893247e-10,
        "var": 0.000909458147362
    },
    "spectral_kurtosis": {
        "dmean": 159.201477051,
        "dmean2": 285.679107666,
        "dvar": 20767.5097656,
        "dvar2": 65237.8632812,
        "max": 1008.42041016,
        "mean": 411.174835205,
        "median": 379.550292969,
        "min": -1.19677042961,
        "var": 30795.3710938
    },
    "spectral_rms": {
        "dmean": 0.000317595578963,
        "dmean2": 0.000379184872145,
        "dvar": 2.95378555393e-07,
        "dvar2": 4.40298066451e-07,
        "max": 0.0211360789835,
        "mean": 0.00400225585327,
        "median": 0.0036261677742,
        "min": 3.23344931559e-12,
        "var": 5.22039727002e-06
    },
    "spectral_rolloff": {
        "dmean": 26.0062427521,
        "dmean2": 37.3803443909,
        "dvar": 169270.4375,
        "dvar2": 168882.515625,
        "max": 18755.4199219,
        "mean": 504.681182861,
        "median": 559.86328125,
        "min": 129.19921875,
        "var": 197585.453125
    },
    "spectral_skewness": {
        "dmean": 2.7233042717,
        "dmean2": 4.84272623062,
        "dvar": 5.57486724854,
        "dvar2": 16.8507843018,
        "max": 25.6999282837,
        "mean": 16.7553920746,
        "median": 16.7257614136,
        "min": 0.00696389796212,
        "var": 11.5848321915
    },
    "spectral_spread": {
        "dmean": 348658.9375,
        "dmean2": 586129.375,
        "dvar": 674219098112,
        "dvar2": 480660389888,
        "max": 40784752,
        "mean": 592892.8125,
        "median": 480960.28125,
        "min": 92698.2421875,
        "var": 1.57578166272e+12
    },
    "spectral_strongpeak": {
        "dmean": 0.260151833296,
        "dmean2": 0.369524598122,
        "dvar": 0.212835490704,
        "dvar2": 0.39504468441,
        "max": 15.5032663345,
        "mean": 1.35436582565,
        "median": 0.722146570683,
        "min": 0,
        "var": 2.41406083107
    },
    "zerocrossingrate": {
        "dmean": 0.00130527140573,
        "dmean2": 0.00163003848866,
        "dvar": 0.000131850494654,
        "dvar2": 0.000136621543788,
        "max": 0.51123046875,
        "mean": 0.0174525957555,
        "median": 0.01708984375,
        "min": 0.00439453125,
        "var": 0.000164585464518
    },
    "barkbands": {
        "dmean": [0.00035226700129, 0.000467702222522, 0.000231363766943, 0.00022669993632, 0.000759653339628, 0.000607413181569, 0.000718896393664, 0.00116187718231, 0.000810936675407, 0.000289221905405, 2.19127450691e-05, 1.01202904261e-05, 9.73368696577e-06, 2.77171011476e-06, 1.3726897123e-05, 8.51862637319e-07, 4.66939553689e-07, 2.01751959139e-07, 1.17952019707e-07, 8.48566639178e-09, 4.57996351955e-09, 2.53932541661e-09, 1.88871829288e-09, 1.44050971151e-09, 1.0525887939e-09, 1.09926712177e-09, 1.09595110764e-09],
        "dmean2": [0.00054369593272, 0.000720156822354, 0.00036407096195, 0.000387156702345, 0.00105742679443, 0.000828280171845, 0.0010258720722, 0.00135116814636, 0.000841227185447, 0.000323571905028, 3.61532074749e-05, 1.58477014338e-05, 1.4967916286e-05, 3.67315715266e-06, 1.80146253115e-05, 1.31799356495e-06, 6.58525095787e-07, 3.06628152202e-07, 1.88166254134e-07, 1.47996530586e-08, 8.35517166564e-09, 4.73939998358e-09, 3.49530004939e-09, 2.61489874198e-09, 1.8498629295e-09, 1.91093230129e-09, 1.92347715533e-09],
        "dvar": [2.63376875864e-07, 2.573873644e-06, 6.84571887177e-07, 2.61849436356e-07, 2.91262745122e-06, 2.59313037532e-06, 9.56503117777e-06, 1.60592062457e-05, 1.31591859827e-05, 1.2642089132e-05, 2.8469466784e-08, 5.02786035028e-09, 4.22174073478e-09, 2.19677637192e-10, 4.42857590599e-08, 7.93854912362e-11, 3.17507339864e-11, 6.59952561349e-12, 2.86259991406e-12, 1.29988183303e-14, 3.77718418609e-15, 1.45046218349e-15, 6.75147515883e-16, 1.81048183808e-16, 9.5753492995e-18, 7.1491723146e-18, 7.29461134581e-18],
        "dvar2": [5.66856499518e-07, 5.97426333115e-06, 1.41620159866e-06, 7.24749497749e-07, 6.86167641106e-06, 5.97013104198e-06, 2.25412495638e-05, 2.48661490332e-05, 1.38264267662e-05, 1.7520333131e-05, 8.04015911626e-08, 1.28579493719e-08, 8.7678699856e-09, 3.16628778751e-10, 8.29391026969e-08, 1.58408314244e-10, 7.45892236864e-11, 1.94725346958e-11, 6.4346379787e-12, 4.03435965191e-14, 1.18675626306e-14, 4.33551823525e-15, 1.98519493013e-15, 5.22873861857e-16, 2.15407856938e-17, 1.53814549233e-17, 1.54279143496e-17],
        "max": [0.0081051858142, 0.039271902293, 0.0320400446653, 0.011215031147, 0.0330414287746, 0.0375790633261, 0.0972752124071, 0.187051817775, 0.177128225565, 0.177639394999, 0.00554229272529, 0.00197273795493, 0.00166090892162, 0.000586765294429, 0.0100166257471, 0.000284901936539, 0.000211448525079, 9.16058343137e-05, 4.37795060861e-05, 3.40549422617e-06, 1.94689960153e-06, 1.24306359339e-06, 8.31589034078e-07, 4.31505867482e-07, 1.03590650724e-07, 1.00264095693e-07, 1.06543737388e-07],
        "mean": [0.000453828863101, 0.000720401993021, 0.000980047509074, 0.000968333508354, 0.00357013638131, 0.00359067157842, 0.00252230954356, 0.0047759367153, 0.00311183510348, 0.000973176269326, 2.70007094514e-05, 2.21880945901e-05, 2.11986043723e-05, 6.24751373834e-06, 2.31178855756e-05, 1.94865219783e-06, 6.36582342395e-07, 2.53727677091e-07, 1.24552457237e-07, 8.1422522058e-09, 4.72380623506e-09, 1.96112859285e-09, 1.49333245769e-09, 1.30996213876e-09, 1.29811883465e-09, 1.88461046768e-09, 1.64440638883e-09],
        "median": [0.000219422377995, 0.000204557698453, 5.21788533661e-05, 0.000570778269321, 0.00266457698308, 0.00216940650716, 0.000709011859726, 0.00125971704256, 0.00011941203411, 1.54650297191e-05, 3.89836213799e-06, 1.30233706841e-06, 1.78932805284e-06, 2.93180278277e-07, 2.89071579118e-07, 7.01285571836e-08, 8.90208884385e-09, 2.35528285764e-09, 8.10549238839e-10, 5.79172099169e-10, 4.91275631287e-10, 3.8738950936e-10, 3.72521569147e-10, 4.50605525115e-10, 6.95499102754e-10, 1.42957679028e-09, 1.0775854653e-09],
        "min": [1.22817707002e-23, 3.77917132618e-23, 5.45746911551e-23, 5.35138310097e-23, 7.05892806613e-23, 2.27390323444e-23, 1.8486586127e-23, 3.35646178784e-23, 8.21387849154e-23, 7.84600046591e-23, 4.59774641289e-23, 5.67033029346e-23, 1.46122800689e-22, 4.25783508407e-23, 9.09757877914e-23, 1.72297382229e-22, 1.19086682066e-22, 1.77458615142e-22, 3.22512944755e-22, 4.90306208894e-22, 4.7772305704e-22, 5.18477757106e-22, 5.44211889203e-22, 8.509826539e-22, 1.12678831828e-21, 1.62803573763e-21, 2.66154308403e-21],
        "var": [5.10953100274e-07, 4.01022134611e-06, 1.17304616651e-05, 1.50680557454e-06, 1.07744335764e-05, 1.43375445987e-05, 2.71847311524e-05, 0.000151708591147, 0.000134408808663, 7.70681654103e-05, 2.21041691617e-08, 1.12206759439e-08, 1.38179805376e-08, 1.32721134083e-09, 1.02853775275e-07, 1.36245292826e-10, 4.11418885071e-11, 8.15482924243e-12, 3.12709233508e-12, 9.39200889234e-15, 3.64687409638e-15, 8.22084332947e-16, 3.67453401021e-16, 1.06406561853e-16, 1.2385170171e-17, 1.01919652969e-17, 1.091537362e-17]
    },
    "erbbands": {
        "dmean": [0.00978647917509, 0.122817777097, 0.330263286829, 0.361534893513, 2.53823876381, 2.07899951935, 4.47114562988, 5.2568731308, 10.2155275345, 8.72249984741, 32.9101448059, 23.1147518158, 6.23063230515, 9.48140525818, 0.882296681404, 0.418170541525, 0.481413245201, 0.179325684905, 0.769438266754, 0.206627860665, 0.0238362848759, 0.0190625097603, 0.016913741827, 0.00514354417101, 0.00496335886419, 0.00068972830195, 0.000275942205917, 0.000128147788928, 9.42529804888e-05, 7.08598818164e-05, 5.20360663359e-05, 3.52229071723e-05, 2.20309320866e-05, 1.32309787659e-05, 7.96315180196e-06, 4.82461155116e-06, 2.61838363258e-06, 9.03381021544e-07, 1.72958721123e-06, 4.02426576329e-06],
        "dmean2": [0.0155534520745, 0.187004700303, 0.508925795555, 0.605501115322, 3.90705275536, 2.93234729767, 4.81627845764, 7.92064142227, 14.8778820038, 11.3600225449, 37.2813339233, 23.4427394867, 7.51383256912, 9.56869888306, 1.02982676029, 0.651814818382, 0.715634822845, 0.240593209863, 0.975923240185, 0.302416265011, 0.0343738459051, 0.0274894181639, 0.023916233331, 0.00818719156086, 0.00804225541651, 0.00121868809219, 0.000500716152601, 0.000235210216488, 0.0001755830599, 0.000131101493025, 9.56668227445e-05, 6.38458150206e-05, 3.89898232243e-05, 2.25470375881e-05, 1.31475389935e-05, 7.80115533416e-06, 4.10022903452e-06, 1.49093887103e-06, 2.06726667784e-06, 4.80892867927e-06],
        "dvar": [0.000277920364169, 0.206076085567, 1.30500841141, 0.675303161144, 34.141418457, 28.0118598938, 64.2125091553, 252.278701782, 2343.73046875, 732.456420898, 12248.2646484, 9931.62207031, 2210.25732422, 16428.765625, 30.1036567688, 9.80160713196, 10.3475961685, 0.936897277832, 149.856796265, 4.7450261116, 0.0420225076377, 0.0530757643282, 0.0575043261051, 0.00394453201443, 0.00708402181044, 0.000131724882522, 2.11650803976e-05, 3.06491983793e-06, 1.94523499886e-06, 1.09755785616e-06, 4.88181854053e-07, 1.51790331415e-07, 2.80714225198e-08, 2.6877229331e-09, 3.81000564431e-10, 1.27202443023e-10, 3.91098993469e-11, 4.55831119378e-12, 2.05233954831e-11, 1.09208996013e-10],
        "dvar2": [0.000605232955422, 0.479715675116, 2.94553303719, 1.72467243671, 90.8813705444, 65.2309799194, 135.582626343, 626.826477051, 5683.62011719, 1362.28149414, 18962.5898438, 10200.0195312, 3990.54614258, 21770.3183594, 32.2237281799, 24.6739234924, 20.3614940643, 1.47676825523, 280.830810547, 9.48244285583, 0.0983308926225, 0.129064112902, 0.148406177759, 0.00943159498274, 0.0182091332972, 0.0003773290955, 6.23292362434e-05, 9.57210431807e-06, 5.83976498092e-06, 3.23068934449e-06, 1.42953285831e-06, 4.39934666474e-07, 7.88183243117e-08, 6.55448628706e-09, 7.46012307484e-10, 2.40954506348e-10, 7.21509380019e-11, 8.97159690288e-12, 2.93359815606e-11, 1.59850910286e-10],
        "max": [0.392452538013, 10.9251194, 33.7102508545, 15.2214021683, 112.018699646, 112.164299011, 187.140899658, 364.797393799, 1595.12561035, 549.391479492, 5053.45166016, 4997.79736328, 1705.0345459, 6557.03613281, 318.113250732, 102.070281982, 85.7450332642, 31.3639297485, 590.779541016, 80.5863647461, 6.50706577301, 8.54649829865, 9.12161064148, 1.74104940891, 2.87955546379, 0.387056827545, 0.168478742242, 0.0578781999648, 0.046104285866, 0.0338253006339, 0.0226373467594, 0.0127736777067, 0.00564974173903, 0.0017940858379, 0.000727411592379, 0.000401461642468, 0.000256022642134, 7.97530010459e-05, 0.000231454803725, 0.000524782924913],
        "mean": [0.014373909682, 0.200289219618, 1.14783918858, 1.6558419466, 10.7844934464, 7.35227870941, 26.1454734802, 25.1540317535, 41.1559371948, 31.1020011902, 140.446853638, 95.017326355, 17.5224876404, 32.5955162048, 2.4547727108, 0.866446435452, 1.10330045223, 0.443526118994, 1.32569086552, 0.377663701773, 0.0475181341171, 0.0265679117292, 0.0214603431523, 0.00603506853804, 0.00496947253123, 0.000725437072106, 0.000324607943185, 0.000116745271953, 8.26356481411e-05, 6.40148427919e-05, 5.22074114997e-05, 4.17806113546e-05, 3.35445256496e-05, 2.72287106782e-05, 2.18344612222e-05, 1.65562123584e-05, 1.00124389064e-05, 2.7628486805e-06, 1.04854752863e-05, 2.43707181653e-05],
        "median": [0.00773240672424, 0.0321175269783, 0.0957713276148, 1.05049741268, 8.68052864075, 4.4906039238, 13.0929985046, 16.1459903717, 15.3871507645, 10.4718904495, 39.9574737549, 8.85653781891, 1.09462559223, 0.712790489197, 0.213082805276, 0.0906425788999, 0.0972495302558, 0.0327767916024, 0.0188814532012, 0.00939252227545, 0.00266310595907, 0.000584087392781, 0.000177335270564, 7.37583468435e-05, 4.53788707091e-05, 3.48819921783e-05, 2.82497640001e-05, 2.24890063691e-05, 1.98826619453e-05, 1.91895178432e-05, 1.88380035979e-05, 1.79555881914e-05, 1.68820115505e-05, 1.58596049005e-05, 1.38282885018e-05, 1.08870071927e-05, 6.88075624566e-06, 1.96665405383e-06, 6.44480724077e-06, 1.5011079995e-05],
        "min": [9.84399656952e-22, 9.95017901441e-21, 5.41967121758e-20, 1.20508738118e-19, 2.7516868765e-19, 2.33443319409e-19, 9.84200366201e-20, 2.52423805745e-19, 1.46918831469e-19, 5.6160243787e-19, 9.10380403118e-19, 1.27217762252e-18, 3.22488810872e-18, 1.53658973103e-18, 3.1023057322e-18, 2.65519972187e-18, 5.95880192409e-18, 2.47708023223e-18, 3.51424209085e-18, 5.19587008407e-18, 1.02436839375e-17, 6.59383344343e-18, 8.91606567178e-18, 1.65969852529e-17, 1.34590143878e-17, 2.29519525101e-17, 2.05761309721e-17, 2.18059235499e-17, 1.50585666255e-17, 1.90254369845e-17, 1.56992113925e-17, 1.56093928129e-17, 1.45909399186e-17, 1.07814241275e-17, 9.29436762595e-18, 6.83337584984e-18, 2.80742287486e-18, 1.29817663296e-18, 3.78185269999e-19, 3.73470947968e-20],
        "var": [0.000548454816453, 0.349788546562, 13.6818742752, 3.90113377571, 106.588790894, 70.6076583862, 954.642700195, 855.37878418, 6662.98144531, 3127.20874023, 118469.804688, 105697.945312, 7214.80322266, 101476.367188, 267.158111572, 20.6259384155, 37.2138671875, 5.08582782745, 352.235809326, 9.26234436035, 0.063595764339, 0.0651149153709, 0.0660199224949, 0.00491725699976, 0.00646760547534, 0.000104807746538, 1.94351414393e-05, 1.95107577383e-06, 1.144887392e-06, 6.05253148933e-07, 2.74040758086e-07, 9.03758134996e-08, 2.02298053864e-08, 3.79982756371e-09, 1.23859023038e-09, 5.65475166692e-10, 1.89429832931e-10, 1.42708336467e-11, 2.64489458113e-10, 1.40884215405e-09]
    },
    "gfcc": {
        "mean": [-298.592651367, 273.723358154, -15.7376899719, -79.6914672852, -51.9797668457, -20.4238567352, -30.9415721893, -15.6108551025, -0.1137323156, -5.63282346725, -11.3390550613, -17.3499202728, -2.95985412598],
        "cov": [[5720.10449219, 788.460388184, -1900.14904785, -732.740661621, 199.72328186, -520.466186523, -169.009460449, 259.16027832, 289.80255127, -240.396453857, 53.6519927979, 18.2533435822, 223.776382446], [788.460388184, 347.461181641, -186.22177124, -263.789123535, 62.4526824951, -49.5588340759, -77.1812438965, -25.5496826172, 53.9290847778, -34.4532165527, 20.5034790039, 17.42537117, 52.659286499], [-1900.14904785, -186.22177124, 952.966308594, 293.414031982, -134.802780151, 226.475509644, 90.2932739258, -146.25692749, -106.879707336, 118.681900024, 4.47873353958, -20.8290233612, -97.8054504395], [-732.740661621, -263.789123535, 293.414031982, 362.383514404, 24.1971321106, 108.416870117, 123.460159302, 51.3311309814, -49.9761161804, 32.4350509644, -16.4260025024, -28.9859619141, -72.6990356445], [199.72328186, 62.4526824951, -134.802780151, 24.1971321106, 233.492675781, 91.8623046875, 56.1605987549, 101.930160522, 40.0372428894, -34.8272361755, -13.3728895187, -9.91792583466, -6.42706775665], [-520.466186523, -49.5588340759, 226.475509644, 108.416870117, 91.8623046875, 209.010864258, 115.071022034, 6.21375894547, -24.0257530212, 31.5351333618, -4.65303707123, -12.2558574677, -41.6354904175], [-169.009460449, -77.1812438965, 90.2932739258, 123.460159302, 56.1605987549, 115.071022034, 141.316177368, 80.9505004883, -2.74953436852, 6.76221370697, -8.52580833435, -25.0473442078, -36.7290725708], [259.16027832, -25.5496826172, -146.25692749, 51.3311309814, 101.930160522, 6.21375894547, 80.9505004883, 176.323654175, 76.2242050171, -35.3662643433, -38.5035972595, -26.1711273193, -9.71135234833], [289.80255127, 53.9290847778, -106.879707336, -49.9761161804, 40.0372428894, -24.0257530212, -2.74953436852, 76.2242050171, 103.880729675, 9.28235149384, -19.1539821625, -22.7642230988, 7.84660148621], [-240.396453857, -34.4532165527, 118.681900024, 32.4350509644, -34.8272361755, 31.5351333618, 6.76221370697, -35.3662643433, 9.28235149384, 73.7109832764, 29.6051445007, -10.9130182266, -23.7018795013], [53.6519927979, 20.5034790039, 4.47873353958, -16.4260025024, -13.3728895187, -4.65303707123, -8.52580833435, -38.5035972595, -19.1539821625, 29.6051445007, 63.7828178406, 30.7618465424, -4.21667337418], [18.2533435822, 17.42537117, -20.8290233612, -28.9859619141, -9.91792583466, -12.2558574677, -25.0473442078, -26.1711273193, -22.7642230988, -10.9130182266, 30.7618465424, 55.3624267578, 26.9648227692], [223.776382446, 52.659286499, -97.8054504395, -72.6990356445, -6.42706775665, -41.6354904175, -36.7290725708, -9.71135234833, 7.84660148621, -23.7018795013, -4.21667337418, 26.9648227692, 55.4632301331]],
        "icov": [[0.00141507037915, -0.00311148795299, 0.00295510026626, -0.00257060024887, 0.0028131864965, -0.00128247146495, -0.000436331058154, 0.00065402162727, -0.00265031424351, 0.00408001616597, -0.00500472215936, 0.00406097853556, -0.00196099421009], [-0.00311148795299, 0.0183066353202, -0.00934232119471, 0.0135571388528, -0.0122883943841, 0.00583377759904, -0.00198644958436, 0.00393970683217, -0.00115833047312, 0.000614542223047, 0.00148305192124, -0.00256243627518, 0.000583114044275], [0.00295510026626, -0.00934232119471, 0.0103965038434, -0.00956893991679, 0.0106692612171, -0.00834137760103, 0.00169282464776, 0.00174152082764, -0.00500385370106, 0.00609778007492, -0.00715318694711, 0.00617284700274, -0.00109255802818], [-0.00257060024887, 0.0135571388528, -0.00956893991679, 0.019198037684, -0.0155564695597, 0.0146756656468, -0.0116705885157, 0.00210937485099, 0.00764825334772, -0.0136267580092, 0.0169250238687, -0.014048082754, 0.0088558588177], [0.0028131864965, -0.0122883943841, 0.0106692612171, -0.0155564695597, 0.0327747389674, -0.0365991927683, 0.0311398804188, -0.0222429782152, -0.00295895058662, 0.0263513475657, -0.0382369682193, 0.032890111208, -0.015426799655], [-0.00128247146495, 0.00583377759904, -0.00834137760103, 0.0146756656468, -0.0365991927683, 0.0618348494172, -0.0604407712817, 0.0382559522986, -0.00187236152124, -0.0372187308967, 0.0602617934346, -0.0544266290963, 0.0284149982035], [-0.000436331058154, -0.00198644958436, 0.00169282464776, -0.0116705885157, 0.0311398804188, -0.0604407712817, 0.0819246321917, -0.0568697117269, 0.0178768821061, 0.0270957536995, -0.0611681714654, 0.0592237152159, -0.0305278357118], [0.00065402162727, 0.00393970683217, 0.00174152082764, 0.00210937485099, -0.0222429782152, 0.0382559522986, -0.0568697117269, 0.0626400411129, -0.0347882993519, 0.00126738671679, 0.0357027947903, -0.0375679209828, 0.0253470204771], [-0.00265031424351, -0.00115833047312, -0.00500385370106, 0.00764825334772, -0.00295895058662, -0.00187236152124, 0.0178768821061, -0.0347882993519, 0.0498853176832, -0.0390693768859, 0.0190988127142, -0.00151652633213, -0.00457140058279], [0.00408001616597, 0.000614542223047, 0.00609778007492, -0.0136267580092, 0.0263513475657, -0.0372187308967, 0.0270957536995, 0.00126738671679, -0.0390693768859, 0.0921154767275, -0.0885595530272, 0.0664470344782, -0.0250195395201], [-0.00500472215936, 0.00148305192124, -0.00715318694711, 0.0169250238687, -0.0382369682193, 0.0602617934346, -0.0611681714654, 0.0357027947903, 0.0190988127142, -0.0885595530272, 0.139487326145, -0.113310649991, 0.0600522123277], [0.00406097853556, -0.00256243627518, 0.00617284700274, -0.014048082754, 0.032890111208, -0.0544266290963, 0.0592237152159, -0.0375679209828, -0.00151652633213, 0.0664470344782, -0.113310649991, 0.122744962573, -0.0655646175146], [-0.00196099421009, 0.000583114044275, -0.00109255802818, 0.0088558588177, -0.015426799655, 0.0284149982035, -0.0305278357118, 0.0253470204771, -0.00457140058279, -0.0250195395201, 0.0600522123277, -0.0655646175146, 0.0652307644486]]
    },
    "melbands": {
        "dmean": [0.000122309211292, 0.000177612528205, 0.000125553793623, 0.000181733994395, 0.0001305386686, 0.000120637509099, 0.000152437234647, 0.000109559798148, 0.000271396536846, 0.000119049247587, 2.86174472421e-05, 4.17219343944e-05, 2.63735864792e-06, 1.31271212922e-06, 1.1985666788e-06, 6.79727406805e-07, 2.92822448955e-07, 1.08950223421e-06, 6.50789900192e-07, 1.14242986626e-07, 1.60910058611e-08, 1.44253586853e-08, 3.74831863326e-08, 4.83905049364e-09, 3.90723320365e-09, 4.95374230525e-09, 1.47444745302e-09, 3.37061267786e-10, 1.71204564414e-10, 1.05448955123e-10, 6.41860453676e-11, 5.5495174428e-11, 4.48875450698e-11, 3.69902199149e-11, 3.08307997188e-11, 2.49538237296e-11, 1.99380668225e-11, 1.56952107561e-11, 1.24811315796e-11, 1.00946950451e-11],
        "dmean2": [0.000190076607396, 0.000270863180049, 0.000202257957426, 0.000270050426479, 0.00014282191114, 0.000179593989742, 0.000218969275011, 0.000139559124364, 0.000300080282614, 0.000121919598314, 3.54816947947e-05, 4.16134207626e-05, 4.00185490435e-06, 2.04743446375e-06, 1.83286431366e-06, 9.78794560069e-07, 3.85277274972e-07, 1.3642753629e-06, 9.09154323381e-07, 1.77402597501e-07, 2.30328520701e-08, 2.14739248605e-08, 5.09437221297e-08, 8.31626056907e-09, 6.23786311493e-09, 7.9265198849e-09, 2.48256060154e-09, 5.62001722937e-10, 3.15438036802e-10, 1.89936746886e-10, 1.19739315685e-10, 1.03675776297e-10, 8.35214813977e-11, 6.86645254544e-11, 5.70097059838e-11, 4.5887040695e-11, 3.63894261945e-11, 2.83184482808e-11, 2.22809201644e-11, 1.77627183795e-11],
        "dvar": [8.61107380956e-08, 3.79835029207e-07, 7.64980825352e-08, 1.91145304029e-07, 5.52322099168e-08, 1.26434471781e-07, 4.85166708586e-07, 8.42781204824e-08, 7.72026794493e-07, 2.89151358857e-07, 5.66081652664e-08, 3.25744991869e-07, 2.14669101939e-10, 7.17615550316e-11, 6.60611565451e-11, 1.75698535582e-11, 2.63073894266e-12, 2.99110403112e-10, 9.4063666578e-11, 1.58099108891e-12, 1.52759308837e-14, 1.78352765093e-14, 3.38551831968e-13, 8.55366904422e-15, 2.41470225603e-15, 5.22179337191e-15, 1.37256808075e-15, 1.63655119934e-17, 9.49926853548e-18, 1.62846416468e-18, 9.56461807862e-19, 6.568567832e-19, 4.66516889084e-19, 2.90503272039e-19, 1.78786106739e-19, 9.4361927309e-20, 4.40142060769e-20, 1.64224399848e-20, 4.78780256871e-21, 1.13653848761e-21],
        "dvar2": [1.8965342008e-07, 8.87081512246e-07, 2.04324848596e-07, 4.85010048124e-07, 1.13103787669e-07, 3.03580208083e-07, 1.14651197691e-06, 1.44632892329e-07, 1.19386254482e-06, 3.03557982306e-07, 1.0035250142e-07, 4.31190954941e-07, 4.55327497928e-10, 1.84288209693e-10, 1.45870385215e-10, 3.35447017386e-11, 3.73430106282e-12, 5.60870572208e-10, 1.77632381027e-10, 3.42409152247e-12, 3.5928244158e-14, 4.27950996038e-14, 7.98237127439e-13, 2.19348482113e-14, 5.26458081773e-15, 1.11547564534e-14, 3.78704619069e-15, 4.55025602957e-17, 2.81966117746e-17, 5.20188451431e-18, 2.88975174764e-18, 1.98567187585e-18, 1.37531722214e-18, 8.56021350284e-19, 5.25539586211e-19, 2.76276360039e-19, 1.28011563542e-19, 4.70067968991e-20, 1.31340739325e-20, 2.73387574729e-21],
        "max": [0.00765964854509, 0.0124114984646, 0.00570539198816, 0.00772705161944, 0.00520857144147, 0.00777954841033, 0.0231051780283, 0.00904433615506, 0.037183098495, 0.0268293730915, 0.00855705607682, 0.0292061027139, 0.000555477105081, 0.00024559738813, 0.000233645623666, 0.000118528587336, 6.98035728419e-05, 0.000839109707158, 0.000440053758211, 4.12539302488e-05, 2.83223471342e-06, 4.36232448919e-06, 2.13893963519e-05, 3.71027113033e-06, 1.39748033234e-06, 1.99606461138e-06, 1.35288155434e-06, 1.03147002051e-07, 1.13716176031e-07, 3.71048827219e-08, 3.1517409127e-08, 2.68726267905e-08, 2.17852260675e-08, 1.72503415996e-08, 1.35203492846e-08, 9.83377468344e-09, 6.72455202633e-09, 4.10549327867e-09, 2.17227857924e-09, 9.56919654627e-10],
        "mean": [0.000190921753529, 0.000484218209749, 0.00062550016446, 0.000634546449874, 0.000744136283174, 0.000590794254094, 0.000624951440841, 0.000385529914638, 0.00117258680984, 0.000469764752779, 6.99749216437e-05, 0.000142321761814, 5.48809111933e-06, 2.84630414171e-06, 2.20503989112e-06, 1.6434388499e-06, 6.70074484788e-07, 1.87843318145e-06, 1.11660949642e-06, 2.24821704364e-07, 2.71039208855e-08, 1.94555660471e-08, 4.77330068804e-08, 5.08835018564e-09, 4.46132020215e-09, 5.3189994631e-09, 1.25948862451e-09, 3.54708706851e-10, 1.85684481679e-10, 1.07953278261e-10, 4.90349080784e-11, 4.36387072311e-11, 3.32928094815e-11, 2.84797220529e-11, 2.42916745746e-11, 2.03671367965e-11, 1.72620442246e-11, 1.47748098478e-11, 1.28303730487e-11, 1.163318053e-11],
        "median": [8.55031466926e-05, 4.43587596237e-05, 0.000450105784694, 0.000489599595312, 0.000363534665667, 0.000378370867111, 0.000225364885409, 0.000140082906, 0.000314290809911, 2.32985130424e-05, 2.02948103833e-06, 2.31231751968e-06, 6.66686617024e-07, 1.47813608464e-07, 1.83769088835e-07, 1.68594795014e-07, 3.15840971155e-08, 2.20055991207e-08, 1.56496469117e-08, 6.69195365788e-09, 1.02539499114e-09, 4.05435407469e-10, 1.62683241878e-10, 6.29573546074e-11, 4.19661215501e-11, 2.73324262529e-11, 2.00598808398e-11, 1.83714311125e-11, 1.4704083437e-11, 1.16748832824e-11, 9.46266068974e-12, 8.16181844332e-12, 7.18609850445e-12, 6.58877553211e-12, 6.24980883018e-12, 5.71500268984e-12, 5.63966234823e-12, 5.60040468861e-12, 5.61036763921e-12, 5.9616378674e-12],
        "min": [1.14622522936e-23, 2.31156629396e-23, 2.78045890513e-23, 1.76134969652e-23, 5.30252736739e-24, 5.21387754545e-24, 2.45976651566e-24, 6.44991372112e-24, 7.86333237109e-24, 9.45497205448e-24, 1.63699650332e-23, 6.21868754575e-24, 8.51934752215e-24, 7.37791706825e-24, 1.40403499172e-23, 1.02661506236e-23, 3.77953712098e-24, 5.03713523178e-24, 6.20630006295e-24, 8.33609592272e-24, 1.27903658919e-23, 5.61171232729e-24, 8.78462330077e-24, 8.60734732271e-24, 1.39656321677e-23, 1.33013513321e-23, 8.81156526727e-24, 1.65359823884e-23, 1.39663894742e-23, 1.25549303547e-23, 1.24967400301e-23, 8.53544344006e-24, 8.53934593495e-24, 1.11432976859e-23, 8.21758298235e-24, 1.06605668767e-23, 8.98149221714e-24, 1.01372176195e-23, 9.52997773821e-24, 9.10167044288e-24],
        "var": [1.52526908437e-07, 2.11069573197e-06, 3.68015577124e-07, 3.88649141314e-07, 7.70336214373e-07, 4.39776073335e-07, 1.50627226958e-06, 5.02191880969e-07, 7.58250416766e-06, 3.0013666219e-06, 1.89234967252e-07, 1.99899432118e-06, 7.39251715398e-10, 1.80151962792e-10, 1.66739982932e-10, 6.62711552302e-11, 1.63270560266e-11, 7.06279590368e-10, 2.09938566531e-10, 2.28391199182e-12, 2.8382440983e-14, 2.72902275729e-14, 3.69586116268e-13, 9.50081620365e-15, 2.99098789796e-15, 6.07384075422e-15, 1.06729031266e-15, 1.54953295695e-17, 8.39057519942e-18, 1.53692856489e-18, 5.27337670067e-19, 3.94336902038e-19, 2.49705664402e-19, 1.57239861239e-19, 9.71182611311e-20, 5.20736044996e-20, 2.50488545616e-20, 1.00503260297e-20, 3.50501830646e-21, 1.25883419273e-21]
    },
    "mfcc": {
        "mean": [-902.532836914, 251.266921997, 93.3012924194, -3.1402990818, -18.30119133, -12.9484453201, -16.8635349274, -16.773683548, -5.516518116, 4.17076778412, 3.46251702309, -1.39599168301, -3.81239080429],
        "cov": [[2358.39916992, 1619.96447754, -764.526367188, -917.952026367, -154.6277771, -63.9625053406, -218.931640625, -95.8303527832, 96.3179473877, 92.4709396362, -62.7228927612, -116.138145447, -12.7070484161], [1619.96447754, 1221.30407715, -395.164306641, -667.901733398, -180.916412354, -45.7130432129, -161.440582275, -118.072998047, 25.2311897278, 45.4438705444, -50.1998901367, -80.9469528198, -3.43417692184], [-764.526367188, -395.164306641, 440.864562988, 302.972961426, -32.8768615723, 11.6291151047, 69.3083190918, -21.2970809937, -83.9983673096, -52.2305870056, 17.1359195709, 41.7567329407, 13.2733392715], [-917.952026367, -667.901733398, 302.972961426, 470.936157227, 139.222503662, 26.531332016, 107.695335388, 89.1675262451, -2.97385001183, -12.7831869125, 47.7673034668, 60.5833396912, 6.2302737236], [-154.6277771, -180.916412354, -32.8768615723, 139.222503662, 148.427947998, 59.2230453491, 47.0703315735, 80.8495178223, 71.4475860596, 44.8921318054, 36.3152618408, 24.6698703766, 0.056658860296], [-63.9625053406, -45.7130432129, 11.6291151047, 26.531332016, 59.2230453491, 96.0530471802, 80.2299880981, 41.7190856934, 20.5402927399, 14.6039609909, 15.320230484, 15.7312097549, 12.8241147995], [-218.931640625, -161.440582275, 69.3083190918, 107.695335388, 47.0703315735, 80.2299880981, 135.666549683, 87.6464614868, 1.09700512886, -20.7441596985, 6.81466960907, 23.8466129303, 19.9407405853], [-95.8303527832, -118.072998047, -21.2970809937, 89.1675262451, 80.8495178223, 41.7190856934, 87.6464614868, 127.149047852, 79.3606567383, 21.0010738373, 10.8190937042, 15.8419713974, 7.29475736618], [96.3179473877, 25.2311897278, -83.9983673096, -2.97385001183, 71.4475860596, 20.5402927399, 1.09700512886, 79.3606567383, 129.933425903, 91.3772277832, 29.5529842377, -1.4388705492, -9.27671051025], [92.4709396362, 45.4438705444, -52.2305870056, -12.7831869125, 44.8921318054, 14.6039609909, -20.7441596985, 21.0010738373, 91.3772277832, 107.351570129, 59.7170906067, 4.96621751785, -15.6814022064], [-62.7228927612, -50.1998901367, 17.1359195709, 47.7673034668, 36.3152618408, 15.320230484, 6.81466960907, 10.8190937042, 29.5529842377, 59.7170906067, 70.5362854004, 40.5515975952, -1.66070318222], [-116.138145447, -80.9469528198, 41.7567329407, 60.5833396912, 24.6698703766, 15.7312097549, 23.8466129303, 15.8419713974, -1.4388705492, 4.96621751785, 40.5515975952, 59.4592552185, 31.3098564148], [-12.7070484161, -3.43417692184, 13.2733392715, 6.2302737236, 0.056658860296, 12.8241147995, 19.9407405853, 7.29475736618, -9.27671051025, -15.6814022064, -1.66070318222, 31.3098564148, 49.1409378052]],
