{
"lowlevel": {
    "average_loudness": 0.897569596767,
    "barkbands_crest": {
        "dmean": 1.696434021,
        "dmean2": 2.63029909134,
        "dvar": 2.93862271309,
        "dvar2": 7.10701322556,
        "max": 25.1639709473,
        "mean": 10.1851816177,
        "median": 9.20873737335,
        "min": 3.77171945572,
        "var": 15.6932554245
    },
    "barkbands_flatness_db": {
        "dmean": 0.0163508597761,
        "dmean2": 0.0262135230005,
        "dvar": 0.000253402919043,
        "dvar2": 0.000619153201114,
        "max": 0.500118553638,
        "mean": 0.319606125355,
        "median": 0.316447556019,
        "min": 0.0789822563529,
        "var": 0.00251481262967
    },
    "barkbands_kurtosis": {
        "dmean": 1.07618176937,
        "dmean2": 1.60171079636,
        "dvar": 1.80447554588,
        "dvar2": 4.05844974518,
        "max": 33.0601768494,
        "mean": 2.44008302689,
        "median": 1.73106265068,
        "min": -1.63307750225,
        "var": 10.4081430435
    },
    "barkbands_skewness": {
        "dmean": 0.276072025299,
        "dmean2": 0.405497729778,
        "dvar": 0.0765560269356,
        "dvar2": 0.157071635127,
        "max": 4.4130692482,
        "mean": 0.899063706398,
        "median": 0.88632619381,
        "min": -2.32062244415,
        "var": 0.426692456007
    },
    "barkbands_spread": {
        "dmean": 0.914560675621,
        "dmean2": 1.36101090908,
        "dvar": 0.849273741245,
        "dvar2": 1.75012969971,
        "max": 25.05509758,
        "mean": 6.15766191483,
        "median": 6.06430721283,
        "min": 0.668569386005,
        "var": 4.48950195312
    },
    "dissonance": {
        "dmean": 0.0336619392037,
        "dmean2": 0.0569628812373,
        "dvar": 0.000926949083805,
        "dvar2": 0.00243612984195,
        "max": 0.500000059605,
        "mean": 0.4282540977,
        "median": 0.434377729893,
        "min": 0.182827353477,
        "var": 0.0021134770941
    },
    "dynamic_complexity": 2.69737315178,
    "erbbands_crest": {
        "dmean": 2.13161897659,
        "dmean2": 3.23377108574,
        "dvar": 4.35847139359,
        "dvar2": 9.82709121704,
        "max": 31.0785121918,
        "mean": 11.9557065964,
        "median": 10.7336292267,
        "min": 3.5869178772,
        "var": 22.8369598389
    },
    "erbbands_flatness_db": {
        "dmean": 0.0118913017213,
        "dmean2": 0.0172923915088,
        "dvar": 0.000141143231303,
        "dvar2": 0.000279228028376,
        "max": 0.495641767979,
        "mean": 0.32838460803,
        "median": 0.325803756714,
        "min": 0.0993087142706,
        "var": 0.00165283877868
    },
    "erbbands_kurtosis": {
        "dmean": 1.0214676857,
        "dmean2": 1.52195262909,
        "dvar": 3.20622301102,
        "dvar2": 5.82656049728,
        "max": 50.1603355408,
        "mean": 1.55145442486,
        "median": 0.74557352066,
        "min": -1.44316208363,
        "var": 12.5037136078
    },
    "erbbands_skewness": {
        "dmean": 0.25479927659,
        "dmean2": 0.364994585514,
        "dvar": 0.0643517747521,
        "dvar2": 0.132269799709,
        "max": 5.64022684097,
        "mean": 0.752367317677,
        "median": 0.689533770084,
        "min": -3.48812866211,
        "var": 0.476717323065
    },
    "erbbands_spread": {
        "dmean": 1.99009251595,
        "dmean2": 2.95573663712,
        "dvar": 3.46979308128,
        "dvar2": 7.37035608292,
        "max": 40.1058807373,
        "mean": 12.9658594131,
        "median": 12.9042301178,
        "min": 1.13437664509,
        "var": 16.2026920319
    },
    "hfc": {
        "dmean": 2.15149497986,
        "dmean2": 3.0879805088,
        "dvar": 8.13247299194,
        "dvar2": 16.247674942,
        "max": 39.8071174622,
        "mean": 11.2533502579,
        "median": 9.87035751343,
        "min": 1.25344239937e-16,
        "var": 57.9740562439
    },
    "melbands_crest": {
        "dmean": 2.12744259834,
        "dmean2": 3.32734727859,
        "dvar": 4.3763012886,
        "dvar2": 10.5940856934,
        "max": 31.8991851807,
        "mean": 13.7257814407,
        "median": 12.7070512772,
        "min": 2.48956751823,
        "var": 23.5625419617
    },
    "melbands_flatness_db": {
        "dmean": 0.0158086065203,
        "dmean2": 0.0241243932396,
        "dvar": 0.000325347529724,
        "dvar2": 0.000689695472829,
        "max": 0.626650989056,
        "mean": 0.426411032677,
        "median": 0.41918772459,
        "min": 0.00813520886004,
        "var": 0.00470251450315
    },
    "melbands_kurtosis": {
        "dmean": 1.42496836185,
        "dmean2": 2.10921168327,
        "dvar": 2.37563920021,
        "dvar2": 5.21470832825,
        "max": 37.6583824158,
        "mean": 3.89107561111,
        "median": 3.07036757469,
        "min": -1.85797345638,
        "var": 14.2547283173
    },
    "melbands_skewness": {
        "dmean": 0.295561760664,
        "dmean2": 0.435854136944,
        "dvar": 0.0683638527989,
        "dvar2": 0.142922401428,
        "max": 4.9113984108,
        "mean": 1.31426799297,
        "median": 1.27534639835,
        "min": -1.81084060669,
        "var": 0.541070699692
    },
    "melbands_spread": {
        "dmean": 1.26005542278,
        "dmean2": 1.81596767902,
        "dvar": 7.87104415894,
        "dvar2": 8.16202259064,
        "max": 126.716041565,
        "mean": 8.08833312988,
        "median": 7.79066753387,
        "min": 1.06718218327,
        "var": 15.7379522324
    },
    "pitch_salience": {
        "dmean": 0.0487360283732,
        "dmean2": 0.07756447047,
        "dvar": 0.00197937479243,
        "dvar2": 0.00481208087876,
        "max": 0.973913729191,
        "mean": 0.581833839417,
        "median": 0.593728661537,
        "min": 0.175583422184,
        "var": 0.00942880753428
    },
    "silence_rate_20dB": {
        "dmean": 0,
        "dmean2": 0,
        "dvar": 0,
        "dvar2": 0,
        "max": 1,
        "mean": 1,
        "median": 1,
        "min": 1,
        "var": 0
    },
    "silence_rate_30dB": {
        "dmean": 0.00103145954199,
        "dmean2": 0.00206398358569,
        "dvar": 0.00103039771784,
        "dvar2": 0.00309172272682,
        "max": 1,
        "mean": 0.999484539032,
        "median": 1,
        "min": 0,
        "var": 0.000515191582963
    },
    "silence_rate_60dB": {
        "dmean": 0.00773594621569,
        "dmean2": 0.0154798757285,
        "dvar": 0.00767631363124,
        "dvar2": 0.0162727721035,
        "max": 1,
        "mean": 0.0211340207607,
        "median": 0,
        "min": 0,
        "var": 0.0206870995462
    },
    "spectral_centroid": {
        "dmean": 35.0036239624,
        "dmean2": 47.8560752869,
        "dvar": 51514.9335938,
        "dvar2": 44289.8085938,
        "max": 11019.5205078,
        "mean": 442.984436035,
        "median": 423.198303223,
        "min": 255.929901123,
        "var": 68088.3125
    },
    "spectral_complexity": {
        "dmean": 1.61165547371,
        "dmean2": 2.66769862175,
        "dvar": 2.16119122505,
        "dvar2": 4.97729587555,
        "max": 28,
        "mean": 13.5685567856,
        "median": 14,
        "min": 0,
        "var": 17.3370628357
    },
    "spectral_decrease": {
        "dmean": 1.463535515e-09,
        "dmean2": 2.20963070063e-09,
        "dvar": 3.39344787202e-18,
        "dvar2": 7.92681804336e-18,
        "max": 1.57323367145e-28,
        "mean": -8.45343439693e-09,
        "median": -8.03876076816e-09,
        "min": -3.09853369629e-08,
        "var": 2.67404976182e-17
    },
    "spectral_energy": {
        "dmean": 0.00569980312139,
        "dmean2": 0.00858932826668,
        "dvar": 5.15670981258e-05,
        "dvar2": 0.000119791286124,
        "max": 0.119978621602,
        "mean": 0.0329259485006,
        "median": 0.0312536284328,
        "min": 1.07753151014e-20,
        "var": 0.000406306731747
    },
    "spectral_energyband_high": {
        "dmean": 2.46372769652e-06,
        "dmean2": 3.66230210602e-06,
        "dvar": 1.83274562193e-10,
        "dvar2": 3.67364333398e-10,
        "max": 0.000423679390224,
        "mean": 6.36071172266e-06,
        "median": 1.34974402499e-06,
        "min": 7.83845153405e-21,
        "var": 4.80941841907e-10
    },
    "spectral_energyband_low": {
        "dmean": 0.00228099385276,
        "dmean2": 0.00372791662812,
        "dvar": 9.79623109743e-06,
        "dvar2": 2.51496148849e-05,
        "max": 0.06003677845,
        "mean": 0.00982896890491,
        "median": 0.00759320612997,
        "min": 7.19069244976e-23,
        "var": 6.79635122651e-05
    },
    "spectral_energyband_middle_high": {
        "dmean": 0.000467901088996,
        "dmean2": 0.000673003029078,
        "dvar": 4.86128897137e-07,
        "dvar2": 9.45667068208e-07,
        "max": 0.0166181307286,
        "mean": 0.00186820386443,
        "median": 0.00140355085023,
        "min": 1.52264220413e-21,
        "var": 2.80289805232e-06
    },
    "spectral_energyband_middle_low": {
        "dmean": 0.00485037826002,
        "dmean2": 0.00731521379203,
        "dvar": 3.93092122977e-05,
        "dvar2": 9.17851357372e-05,
        "max": 0.0963011533022,
        "mean": 0.0219371560961,
        "median": 0.0194855239242,
        "min": 1.92252988289e-22,
        "var": 0.000234195045778
    },
    "spectral_entropy": {
        "dmean": 0.106337502599,
        "dmean2": 0.164632886648,
        "dvar": 0.0181469060481,
        "dvar2": 0.0378455743194,
        "max": 9.79623603821,
        "mean": 6.02995824814,
        "median": 6.06569957733,
        "min": 4.37024354935,
        "var": 0.122522167861
    },
    "spectral_flux": {
        "dmean": 0.0139424065128,
        "dmean2": 0.0226990859956,
        "dvar": 0.000236093474086,
        "dvar2": 0.00055878655985,
        "max": 0.197640106082,
        "mean": 0.0547059811652,
        "median": 0.0503771305084,
        "min": 1.03804215223e-10,
        "var": 0.000827206938993
    },
    "spectral_kurtosis": {
        "dmean": 27.2667045593,
        "dmean2": 47.7029647827,
        "dvar": 749.998718262,
        "dvar2": 2191.46240234,
        "max": 272.646148682,
        "mean": 67.7095870972,
        "median": 55.0331268311,
        "min": -1.23912167549,
        "var": 2532.78662109
    },
    "spectral_rms": {
        "dmean": 0.000468991114758,
        "dmean2": 0.000693952315487,
        "dvar": 2.58636163153e-07,
        "dvar2": 5.68766097331e-07,
        "max": 0.0108190719038,
        "mean": 0.00535517046228,
        "median": 0.00552189676091,
        "min": 3.2422990074e-12,
        "var": 3.44493446391e-06
    },
    "spectral_rolloff": {
        "dmean": 56.4146156311,
        "dmean2": 88.4878921509,
        "dvar": 172761.484375,
        "dvar2": 160874.890625,
        "max": 19272.2167969,
        "mean": 537.311157227,
        "median": 538.330078125,
        "min": 215.33203125,
        "var": 199931.203125
    },
    "spectral_skewness": {
        "dmean": 1.46538543701,
        "dmean2": 2.5544052124,
        "dvar": 1.6325057745,
        "dvar2": 4.72531032562,
        "max": 12.635307312,
        "mean": 5.33171415329,
        "median": 4.89123773575,
        "min": 0.00103660416789,
        "var": 4.88334560394
    },
    "spectral_spread": {
        "dmean": 232229.96875,
        "dmean2": 389364.4375,
        "dvar": 637992435712,
        "dvar2": 838621921280,
        "max": 41285396,
        "mean": 1081340.25,
        "median": 1023749,
        "min": 259193.859375,
        "var": 1.58383118746e+12
    },
    "spectral_strongpeak": {
        "dmean": 0.370260447264,
        "dmean2": 0.602402210236,
        "dvar": 0.277411729097,
        "dvar2": 0.663343667984,
        "max": 7.90643787384,
        "mean": 0.970179200172,
        "median": 0.710194647312,
        "min": 3.43288775184e-09,
        "var": 0.653315722942
    },
    "zerocrossingrate": {
        "dmean": 0.00213972455822,
        "dmean2": 0.00280547561124,
        "dvar": 0.000122671801364,
        "dvar2": 0.000127768231323,
        "max": 0.4970703125,
        "mean": 0.0196759719402,
        "median": 0.01904296875,
        "min": 0.00439453125,
        "var": 0.000145310768858
    },
    "barkbands": {
        "dmean": [0.000181823066669, 0.00106145942118, 0.00139166892041, 0.000800546142273, 0.00210252823308, 0.00186050054617, 0.000811706355307, 0.0016232234193, 0.000704633421265, 0.000200826354558, 0.000129136518808, 0.000197996225324, 7.79807014624e-05, 7.97630855232e-05, 3.41153790941e-05, 2.73317928077e-05, 8.3149288912e-06, 6.1849946178e-06, 3.53105315298e-06, 1.79397022748e-06, 1.41688985877e-06, 1.63680681453e-07, 6.60271410879e-08, 2.4940238319e-08, 7.13718195655e-09, 2.67622501937e-09, 2.139969979e-09],
        "dmean2": [0.000293896126095, 0.00180435657967, 0.00217445683666, 0.00128100859001, 0.00335096684285, 0.00297192740254, 0.00110455520917, 0.00230681919493, 0.000858510844409, 0.000277503044344, 0.000166459314642, 0.000312724034302, 0.00012778652308, 0.000127261897433, 5.12877013534e-05, 4.44473007519e-05, 1.36907374326e-05, 9.96458493319e-06, 5.68030418435e-06, 2.81872030428e-06, 2.1587302399e-06, 2.56771443219e-07, 9.35010930903e-08, 3.5518723962e-08, 1.03717967548e-08, 4.45213244049e-09, 3.71718567038e-09],
        "dvar": [5.29576524855e-08, 1.71455667441e-06, 5.8553891904e-06, 1.28109047637e-06, 1.24626749312e-05, 1.23846375573e-05, 2.33582363762e-06, 7.46847717892e-06, 1.76460787316e-06, 1.61012849276e-07, 5.52631469475e-08, 9.47745775193e-08, 1.90120807986e-08, 1.89218170021e-08, 4.53886439544e-09, 2.97314306508e-09, 4.29061369767e-10, 1.53759463495e-10, 5.96732108171e-11, 3.64819355281e-11, 7.45637024346e-11, 1.66448303166e-13, 3.62548770031e-14, 4.62848744994e-15, 9.8382347428e-16, 7.21886423336e-16, 7.98739257887e-16],
        "dvar2": [1.35555481506e-07, 4.62593743578e-06, 1.50148744069e-05, 3.37667529493e-06, 3.54962903657e-05, 3.29586473526e-05, 4.07426614402e-06, 1.3920863239e-05, 2.78105858342e-06, 2.80950786191e-07, 9.27461556444e-08, 2.09278127272e-07, 4.90488396565e-08, 4.69449830121e-08, 1.00284625049e-08, 7.43607708742e-09, 1.07302056129e-09, 3.83638287804e-10, 1.40184988617e-10, 7.88731996382e-11, 1.45831596798e-10, 3.92214987701e-13, 5.84099012647e-14, 8.96427250057e-15, 2.36783189965e-15, 1.87762958088e-15, 2.08574854064e-15],
        "max": [0.00255421921611, 0.0232302695513, 0.0487568750978, 0.0169711187482, 0.0777164176106, 0.0571336261928, 0.0443759039044, 0.0409499593079, 0.022979574278, 0.0139182535931, 0.00597251905128, 0.00575814768672, 0.00242148269899, 0.00177659757901, 0.000920762075111, 0.000984558602795, 0.000412005727412, 0.000190015271073, 0.000190834776731, 0.000164166034665, 0.000268473639153, 8.6687541625e-06, 5.83964310863e-06, 1.49345851241e-06, 9.82622964329e-07, 9.58097643888e-07, 1.01376042494e-06],
        "mean": [0.00024091382511, 0.00345110637136, 0.00544889038429, 0.00225061760284, 0.00617347564548, 0.00529855675995, 0.00276634842157, 0.00357524235733, 0.00181712477934, 0.000523387221619, 0.00032854519668, 0.000574621721171, 0.000146466511069, 0.000148615727085, 8.37186671561e-05, 5.33118400199e-05, 1.67873877217e-05, 1.23946938402e-05, 8.1132266132e-06, 4.15659451392e-06, 2.88322848974e-06, 4.05808094683e-07, 1.92268515775e-07, 6.55937313354e-08, 1.66132831936e-08, 3.23695603655e-09, 1.70235237018e-09],
        "median": [0.00014119799016, 0.00369264581241, 0.00321574602276, 0.0012412793003, 0.00365432491526, 0.00300167454407, 0.00135131110437, 0.00192913389765, 0.000648863613605, 0.000297418679111, 0.000164948505699, 0.000327738001943, 8.74790566741e-05, 8.0791876826e-05, 3.90583081753e-05, 2.30202604143e-05, 6.62200045554e-06, 5.16773161507e-06, 2.87935881715e-06, 1.09092957246e-06, 5.16828947639e-07, 7.63796776937e-08, 2.86814696437e-08, 9.7746752914e-09, 3.71459485393e-09, 8.44603165184e-10, 3.95750432425e-10],
        "min": [2.07626328542e-23, 1.82367349456e-23, 4.42035179015e-23, 6.41433293885e-24, 2.45749530623e-23, 1.56930766225e-23, 5.58868760739e-23, 2.01267399672e-23, 5.45050000273e-23, 1.37370900127e-22, 2.66519749164e-23, 1.40291906909e-22, 2.38403989195e-22, 9.5077277586e-23, 1.06286826966e-22, 6.73961484218e-23, 1.87263260048e-22, 1.99668735182e-22, 2.48136639499e-22, 2.4471169575e-22, 2.27185427868e-22, 6.09829263569e-22, 4.65080128463e-22, 9.01398968923e-22, 1.22884223123e-21, 1.87116292105e-21, 2.80810349426e-21],
        "var": [8.07392552815e-08, 6.35489823253e-06, 3.81292484235e-05, 6.50550782666e-06, 5.2109520766e-05, 4.25724902016e-05, 1.60577983479e-05, 2.39812234213e-05, 8.69441282703e-06, 7.75672845066e-07, 2.66456567033e-07, 4.38979981254e-07, 3.47551853963e-08, 3.86337397629e-08, 1.44191050211e-08, 7.03489488885e-09, 9.13709052863e-10, 3.70247055237e-10, 2.02099600943e-10, 1.13591080986e-10, 1.59624757856e-10, 6.48731448335e-13, 2.44138910477e-13, 2.1636077668e-14, 1.84734836478e-15, 5.44327671163e-16, 5.74301890766e-16]
    },
    "erbbands": {
        "dmean": [0.0313245169818, 0.263763666153, 1.36053454876, 2.090539217, 4.05313301086, 8.72844314575, 11.1617517471, 20.3012123108, 11.2827978134, 19.7938556671, 26.7876205444, 17.2874069214, 7.17126369476, 5.14024925232, 5.5844039917, 7.08984565735, 3.59701943398, 2.10920500755, 3.39382147789, 1.80014002323, 1.36660385132, 0.4898673594, 0.410234719515, 0.192714959383, 0.124133840203, 0.0804474204779, 0.089492700994, 0.0233386680484, 0.00756668439135, 0.00365533330478, 0.00137338542845, 0.000598207756411, 0.000347660825355, 0.000103173893876, 4.2179664888e-05, 1.47400041897e-05, 5.33606998943e-06, 1.46687114011e-06, 2.76475998362e-06, 6.3315828811e-06],
        "dmean2": [0.0545414201915, 0.444775491953, 2.14091849327, 3.40975236893, 6.55494880676, 13.8720493317, 17.7083797455, 32.0346565247, 15.9929943085, 28.6268825531, 37.4319610596, 21.234418869, 9.55160427094, 6.69100189209, 7.58603477478, 11.1038150787, 5.9855670929, 3.37423157692, 5.30204677582, 2.66806530952, 2.23154902458, 0.802447378635, 0.67572504282, 0.30872836709, 0.198559567332, 0.125635817647, 0.134757965803, 0.0367424152792, 0.0121644185856, 0.00516142323613, 0.00200224015862, 0.00088634446729, 0.000482608011225, 0.000146877689986, 6.21200233581e-05, 2.2949086997e-05, 8.68304323376e-06, 2.46660215453e-06, 4.14969963458e-06, 9.5189361673e-06],
        "dvar": [0.00147306139115, 0.117529951036, 5.42701005936, 8.01544952393, 46.0587997437, 337.445739746, 235.713699341, 1758.73095703, 508.231872559, 940.350158691, 2310.52392578, 1111.13208008, 127.031585693, 60.55052948, 132.342895508, 119.79082489, 36.0293426514, 11.1939353943, 36.5656204224, 11.1392602921, 7.01113653183, 1.4042069912, 0.670642018318, 0.20775449276, 0.0970362052321, 0.0755053758621, 0.359626859426, 0.00785832945257, 0.000365843356121, 0.000119910633657, 1.14525118988e-05, 2.24346695177e-06, 1.52124960096e-06, 1.48923433585e-07, 4.56035671448e-08, 1.20522001268e-08, 2.47535147935e-09, 3.07610298345e-10, 2.90842089995e-11, 6.42206912649e-11],
        "dvar2": [0.004255480133, 0.307671815157, 13.8227939606, 21.9916248322, 118.933319092, 966.330078125, 620.205871582, 4843.109375, 946.600891113, 1965.33227539, 4082.3503418, 1760.00439453, 225.865859985, 104.651283264, 229.269363403, 262.201049805, 94.1000976562, 28.0263175964, 88.2573699951, 21.7461013794, 17.5929851532, 3.24857926369, 1.7586773634, 0.480954706669, 0.209752842784, 0.164707928896, 0.704312682152, 0.0167843718082, 0.000916499120649, 0.000211014092201, 2.31903923122e-05, 4.69329006592e-06, 2.54106089415e-06, 3.49883066519e-07, 1.11273827486e-07, 3.10289429706e-08, 6.42307140808e-09, 8.02650668152e-10, 7.12907094469e-11, 1.48164841507e-10],
        "max": [0.540072858334, 6.16620922089, 50.317565918, 39.3669776917, 94.2787094116, 419.357208252, 217.761947632, 715.352111816, 455.414855957, 629.855224609, 815.882873535, 627.437561035, 298.69744873, 207.107330322, 281.426574707, 235.554626465, 99.903137207, 46.5715637207, 78.9612426758, 57.6205215454, 31.437921524, 28.8450222015, 11.7958507538, 8.46992397308, 10.3082170486, 7.23194313049, 18.7551383972, 2.43482732773, 0.42121347785, 0.263742297888, 0.0850961282849, 0.0319968089461, 0.0421271547675, 0.0110943382606, 0.006938776467, 0.00387544976547, 0.0017750847619, 0.000629794434644, 0.000163276374224, 0.000132251007017],
        "mean": [0.100751273334, 0.865317165852, 5.4573931694, 6.41880226135, 11.9665746689, 25.4244670868, 26.5812568665, 59.1874198914, 37.8571357727, 56.2147064209, 65.4428100586, 45.1471328735, 19.8326396942, 15.7160787582, 16.0304012299, 23.0881462097, 8.10493946075, 4.9404759407, 6.9718837738, 4.59802103043, 2.91314077377, 1.06349003315, 0.827371776104, 0.484510779381, 0.303841084242, 0.188051208854, 0.197702527046, 0.0520281940699, 0.0164045654237, 0.012281216681, 0.00411335751414, 0.00158397224732, 0.000949743727688, 0.000267689552857, 0.000106503430288, 3.76924399461e-05, 1.42495337059e-05, 2.64807954409e-06, 1.55446286954e-05, 3.65585219697e-05],
        "median": [0.103917360306, 0.823266267776, 3.3946223259, 4.62278079987, 7.51835727692, 11.165266037, 18.8137245178, 32.3462486267, 19.2041091919, 38.0224914551, 30.0506229401, 18.0591812134, 11.0012235641, 10.2548885345, 8.23119354248, 13.0370006561, 5.58915901184, 3.37346506119, 3.75052404404, 2.33064317703, 1.46325564384, 0.501125812531, 0.376711457968, 0.189784035087, 0.108454674482, 0.0479312837124, 0.0320621617138, 0.0129569601268, 0.00388088729233, 0.00169670558535, 0.000681166537106, 0.000284370791633, 0.000149040424731, 7.60513794376e-05, 3.71230198652e-05, 2.123952072e-05, 1.11163171823e-05, 1.85188036994e-06, 1.46782040247e-05, 3.46569759131e-05],
        "min": [3.27474741009e-22, 5.79364167277e-21, 4.67041812731e-20, 3.04346242987e-20, 3.34442821834e-20, 6.58164801318e-20, 2.21607192024e-19, 7.94775036574e-20, 3.95855812437e-19, 1.0148141268e-18, 6.59804906602e-19, 1.37179818901e-18, 2.98932175272e-18, 2.73534731937e-18, 2.05090106421e-18, 5.851706023e-18, 1.04692048053e-17, 6.38031165755e-18, 5.34995770217e-18, 5.00070095444e-18, 4.11046932688e-18, 9.87746295617e-18, 1.07794719813e-17, 1.19765214417e-17, 1.23103756728e-17, 9.86732089468e-18, 1.26232120717e-17, 1.08449739325e-17, 2.44758028325e-17, 1.12940031377e-17, 1.59407100811e-17, 1.39102513381e-17, 1.70502487957e-17, 1.26747462511e-17, 9.62492388798e-18, 5.81569761017e-18, 3.53193920646e-18, 1.49864757672e-18, 3.47368914773e-19, 4.30523985885e-20],
        "var": [0.00714206555858, 0.441506832838, 35.2211227417, 38.4622268677, 150.019058228, 1473.4720459, 704.581481934, 5792.49707031, 2486.66748047, 3825.05957031, 9212.15527344, 5376.13916016, 650.996398926, 320.342041016, 625.141235352, 723.1328125, 77.6094665527, 29.0917453766, 83.7290420532, 39.9387741089, 16.6648597717, 3.11899518967, 1.46997690201, 0.668929576874, 0.382204562426, 0.222468703985, 0.842717349529, 0.016708465293, 0.00100028491579, 0.000938152370509, 6.77380958223e-05, 9.89479212876e-06, 7.23959874449e-06, 3.32672158265e-07, 6.74699123238e-08, 1.07567004193e-08, 1.89949322937e-09, 2.22464810462e-10, 1.01153654897e-10, 5.01763464111e-10]
    },
    "gfcc": {
        "mean": [-134.756469727, 250.558807373, -118.354469299, -15.6499986649, -26.4112663269, -21.5684337616, -14.5877981186, -15.5697097778, -4.48774194717, -8.74106311798, -1.34546339512, -13.5346460342, 1.56011164188],
        "cov": [[5408.53369141, -661.077514648, -957.096435547, 1124.27722168, -480.035675049, 16.7890949249, 119.356903076, 55.8149108887, 197.510879517, 64.4645767212, 77.5226898193, -166.388717651, -141.482025146], [-661.077514648, 663.99017334, 294.474609375, -416.020782471, 365.758178711, -82.7680130005, 4.75814580917, -48.3870697021, -76.2638702393, 43.5104522705, 21.244594574, 34.031791687, 20.9701442719], [-957.096435547, 294.474609375, 445.892547607, -242.91796875, 167.124938965, 41.4564857483, -42.1123809814, -32.0352897644, -50.3485908508, -20.1619281769, -4.54340362549, 36.8224449158, 14.7745904922], [1124.27722168, -416.020782471, -242.91796875, 492.751556396, -225.385818481, 59.5359992981, 33.8737030029, 10.4438066483, 72.8252258301, -28.6572856903, 4.01585531235, -43.9727859497, -37.7759780884], [-480.035675049, 365.758178711, 167.124938965, -225.385818481, 293.692657471, -51.9347000122, 3.1740834713, -8.85142421722, -61.0876083374, 42.6461639404, 14.0780925751, 15.4028253555, 7.73559761047], [16.7890949249, -82.7680130005, 41.4564857483, 59.5359992981, -51.9347000122, 102.559776306, 9.37988758087, 12.8994703293, 22.865983963, -29.5682888031, -9.50983047485, -9.15546607971, -10.5074720383], [119.356903076, 4.75814580917, -42.1123809814, 33.8737030029, 3.1740834713, 9.37988758087, 81.7869186401, 26.4906330109, 9.98279380798, -2.5097026825, -19.2245864868, -8.25231456757, -1.69463860989], [55.8149108887, -48.3870697021, -32.0352897644, 10.4438066483, -8.85142421722, 12.8994703293, 26.4906330109, 83.4259338379, 18.0626926422, -3.20988321304, -20.7531070709, -22.6429786682, -0.203099012375], [197.510879517, -76.2638702393, -50.3485908508, 72.8252258301, -61.0876083374, 22.865983963, 9.98279380798, 18.0626926422, 74.3537979126, 16.5061779022, 0.647728562355, -4.98385763168, -12.1265249252], [64.4645767212, 43.5104522705, -20.1619281769, -28.6572856903, 42.6461639404, -29.5682888031, -2.5097026825, -3.20988321304, 16.5061779022, 77.1985931396, 37.3260154724, 12.7650976181, -0.199809238315], [77.5226898193, 21.244594574, -4.54340362549, 4.01585531235, 14.0780925751, -9.50983047485, -19.2245864868, -20.7531070709, 0.647728562355, 37.3260154724, 68.8707427979, 37.5077819824, -3.78018498421], [-166.388717651, 34.031791687, 36.8224449158, -43.9727859497, 15.4028253555, -9.15546607971, -8.25231456757, -22.6429786682, -4.98385763168, 12.7650976181, 37.5077819824, 74.5477905273, 25.2419452667], [-141.482025146, 20.9701442719, 14.7745904922, -37.7759780884, 7.73559761047, -10.5074720383, -1.69463860989, -0.203099012375, -12.1265249252, -0.199809238315, -3.78018498421, 25.2419452667, 60.461807251]],
        "icov": [[0.000793661747593, -0.00241831457242, 0.00137385050766, -0.00253240112215, 0.0018841214478, -0.000842995010316, 0.00114211079199, -0.00139406626113, 0.00133229070343, -0.00182766339276, 0.000687597610522, -0.000320448656566, 0.000855712452903], [-0.00241831457242, 0.0187008678913, -0.00674392702058, 0.0133628044277, -0.0152706196532, 0.0075511103496, -0.0105904303491, 0.0111086480319, -0.0112251108512, 0.0125458659604, -0.0111146941781, 0.00809336639941, -0.00542523059994], [0.00137385050766, -0.00674392702058, 0.00790335424244, -0.00418274244294, 0.00285478471778, -0.00673705758527, 0.00591718917713, -0.00274502276443, 0.00401322962716, -0.00342708127573, 0.0049022170715, -0.00428639957681, 0.00251939962618], [-0.00253240112215, 0.0133628044277, -0.00418274244294, 0.0153941949829, -0.00902846176177, 0.00383999221958, -0.00885953661054, 0.00918636657298, -0.00973513629287, 0.0115189133212, -0.0101471021771, 0.00735493609682, -0.00393474055454], [0.0018841214478, -0.0152706196532, 0.00285478471778, -0.00902846176177, 0.0205895788968, -0.00374177284539, 0.00552289607003, -0.00975035689771, 0.0135069992393, -0.0145064275712, 0.00801697745919, -0.0051355464384, 0.00551058910787], [-0.000842995010316, 0.0075511103496, -0.00673705758527, 0.00383999221958, -0.00374177284539, 0.0196965243667, -0.00730737764388, 0.00259320461191, -0.00936507061124, 0.010995419696, -0.00913590565324, 0.00613757641986, -0.00181601429358], [0.00114211079199, -0.0105904303491, 0.00591718917713, -0.00885953661054, 0.00552289607003, -0.00730737764388, 0.0232546888292, -0.0101053006947, 0.00689314585179, -0.0092758750543, 0.0150850843638, -0.0104130329564, 0.00464799813926], [-0.00139406626113, 0.0111086480319, -0.00274502276443, 0.00918636657298, -0.00975035689771, 0.00259320461191, -0.0101053006947, 0.0226447600871, -0.0107836360112, 0.00825568195432, -0.0061172703281, 0.00956621207297, -0.00572543591261], [0.00133229070343, -0.0112251108512, 0.00401322962716, -0.00973513629287, 0.0135069992393, -0.00936507061124, 0.00689314585179, -0.0107836360112, 0.0314051285386, -0.0205677691847, 0.0144628295675, -0.0105404257774, 0.00828458648175], [-0.00182766339276, 0.0125458659604, -0.00342708127573, 0.0115189133212, -0.0145064275712, 0.010995419696, -0.0092758750543, 0.00825568195432, -0.0205677691847, 0.0378584414721, -0.0257455743849, 0.0122387614101, -0.00777838239446], [0.000687597610522, -0.0111146941781, 0.0049022170715, -0.0101471021771, 0.00801697745919, -0.00913590565324, 0.0150850843638, -0.0061172703281, 0.0144628295675, -0.0257455743849, 0.0470154583454, -0.0274182390422, 0.0129169300199], [-0.000320448656566, 0.00809336639941, -0.00428639957681, 0.00735493609682, -0.0051355464384, 0.00613757641986, -0.0104130329564, 0.00956621207297, -0.0105404257774, 0.0122387614101, -0.0274182390422, 0.0350590534508, -0.0148747060448], [0.000855712452903, -0.00542523059994, 0.00251939962618, -0.00393474055454, 0.00551058910787, -0.00181601429358, 0.00464799813926, -0.00572543591261, 0.00828458648175, -0.00777838239446, 0.0129169300199, -0.0148747060448, 0.0250932369381]]
    },
    "melbands": {
        "dmean": [0.000264539994532, 0.000566465372685, 0.00037143737427, 0.000455944042187, 0.000381014979212, 0.000408807827625, 0.000166903206264, 0.000278117106063, 0.000186028220924, 0.000113648595288, 3.56434866262e-05, 2.32119800785e-05, 1.54790668603e-05, 2.39769997279e-05, 1.34785341288e-05, 8.89813600224e-06, 4.07618790632e-06, 7.31550835553e-06, 3.05605203721e-06, 2.10393977795e-06, 1.56554006026e-06, 5.31651664915e-07, 4.14394975223e-07, 2.52403964396e-07, 1.70030716617e-07, 1.45006509911e-07, 5.1450726346e-08, 6.60305587985e-08, 6.03610814665e-08, 3.92702901308e-08, 7.68047492272e-09, 5.78497294512e-09, 2.04524397418e-09, 2.24538609928e-09, 1.06495345875e-09, 4.4326056714e-10, 4.10192463329e-10, 3.26303928322e-10, 1.15456706695e-10, 8.5304645292e-11],
        "dmean2": [0.000453779211966, 0.000902130792383, 0.000590047391597, 0.000739723211154, 0.000602886662818, 0.000643660663627, 0.000235658182646, 0.000399500713684, 0.000259390537394, 0.000138953488204, 4.80643866467e-05, 3.03734796034e-05, 2.04328534892e-05, 3.55086485797e-05, 2.33570699493e-05, 1.42299550134e-05, 6.64898516334e-06, 1.15235234261e-05, 4.68961025035e-06, 3.22626283378e-06, 2.57264377979e-06, 8.638047575e-07, 7.00167390733e-07, 4.07654113133e-07, 2.72862052952e-07, 2.35551510741e-07, 8.33109652376e-08, 1.03301410093e-07, 9.07730779431e-08, 5.9750085768e-08, 1.24552039793e-08, 9.46349665298e-09, 3.12043368922e-09, 3.18103032804e-09, 1.57030421999e-09, 7.21648241164e-10, 6.00060445777e-10, 4.51968268367e-10, 1.73678696425e-10, 1.24825996761e-10],
        "dvar": [1.00915748646e-07, 7.7651304764e-07, 2.5868882858e-07, 8.05136721738e-07, 2.6744729098e-07, 6.75312094245e-07, 1.01875919256e-07, 1.94022732103e-07, 1.09289921113e-07, 5.16174445409e-08, 3.32393934599e-09, 1.44471989927e-09, 9.58668477935e-10, 1.60910329505e-09, 4.61252397388e-10, 2.96771801578e-10, 4.43200511013e-11, 1.76977182909e-10, 4.0318911404e-11, 1.92368551644e-11, 1.02997124718e-11, 2.02323552877e-12, 7.28956120726e-13, 2.41193810801e-13, 1.68541924666e-13, 1.00222625609e-13, 2.18164126765e-14, 5.68494497354e-14, 1.30062193654e-13, 6.54017177871e-14, 4.14198581812e-16, 2.33033613336e-16, 3.03875286672e-17, 4.59665722234e-17, 7.5529018008e-18, 1.21956221472e-18, 1.36380142044e-18, 1.43719612222e-18, 1.52589322589e-19, 1.03558482585e-19],
        "dvar2": [2.78251320651e-07, 1.98427005671e-06, 6.71335897096e-07, 2.29854913414e-06, 7.08197774202e-07, 1.83973020285e-06, 1.87768392834e-07, 3.88814783037e-07, 1.9428637188e-07, 8.09680145153e-08, 5.98808069796e-09, 2.43731745897e-09, 1.63866376024e-09, 3.34721783624e-09, 1.31819755111e-09, 7.46786688044e-10, 1.1286240692e-10, 4.32427677e-10, 9.57651319355e-11, 4.51548728964e-11, 2.63747929746e-11, 4.75658054611e-12, 1.97051901706e-12, 6.02596477491e-13, 3.96132508306e-13, 2.35730570263e-13, 5.56955638564e-14, 1.23239824379e-13, 2.5481805793e-13, 1.31148455811e-13, 1.04583232113e-15, 6.02690888207e-16, 5.69270594468e-17, 7.73543508483e-17, 1.50817971659e-17, 3.15757008252e-18, 2.55560986445e-18, 2.26320958293e-18, 3.60901925636e-19, 2.47892975638e-19],
        "max": [0.00477938260883, 0.0183732137084, 0.00830704253167, 0.019626641646, 0.00607869494706, 0.013765130192, 0.00689820200205, 0.00591419124976, 0.00549669004977, 0.00436460459605, 0.00171342259273, 0.00117044767831, 0.000804223062005, 0.000828700081911, 0.000273410638329, 0.000332038733177, 0.000100009572634, 0.000178174901521, 9.14404590731e-05, 9.57175070653e-05, 3.98982301704e-05, 3.30126676999e-05, 1.71814972418e-05, 7.77969580668e-06, 8.11362588138e-06, 7.62056015446e-06, 4.84610291096e-06, 6.24814356343e-06, 1.16088049253e-05, 7.51506195229e-06, 5.97769826527e-07, 3.12816013093e-07, 1.24400330037e-07, 1.84766903999e-07, 6.9813360426e-08, 1.85749886583e-08, 3.16345385443e-08, 4.2923865351e-08, 1.04962429859e-08, 8.92808316166e-09],
        "mean": [0.000925488187931, 0.00224073091522, 0.00133355450816, 0.00136158359237, 0.00101265264675, 0.00120327714831, 0.000565331196412, 0.000719845178537, 0.000457858783193, 0.000285602320218, 9.58522214205e-05, 6.80148150423e-05, 4.22659140895e-05, 7.22465847502e-05, 3.24207248923e-05, 1.54859135364e-05, 8.51492131915e-06, 1.33884059323e-05, 6.97664336258e-06, 4.5972137741e-06, 3.08539711114e-06, 9.97675897452e-07, 8.41703126753e-07, 5.1112760957e-07, 3.88952287267e-07, 3.1665217648e-07, 1.11692330051e-07, 1.35184848205e-07, 1.45062898582e-07, 6.72624693721e-08, 1.69799623251e-08, 1.05191846345e-08, 5.19273113397e-09, 7.15029901954e-09, 2.80331380331e-09, 9.34374355666e-10, 9.56186685386e-10, 8.3127621453e-10, 2.67027067125e-10, 1.78623699165e-10],
        "median": [0.00103978847619, 0.001478477614, 0.000976104463916, 0.000699260504916, 0.00072375376476, 0.000674947747029, 0.000288349750917, 0.00046439608559, 0.000197092551389, 0.000100199875305, 5.39238535566e-05, 4.21339354943e-05, 1.9901421183e-05, 3.99469499825e-05, 2.02380415431e-05, 8.5198898887e-06, 5.3592993936e-06, 6.61608737573e-06, 3.06134916173e-06, 1.95212396648e-06, 1.46716934069e-06, 3.72260899439e-07, 3.71117238274e-07, 2.30575636806e-07, 1.15250472277e-07, 1.04785826238e-07, 3.61957646078e-08, 2.71510991467e-08, 2.24590230857e-08, 1.28842980729e-08, 4.21888834978e-09, 1.98675742524e-09, 8.64036231452e-10, 8.38213554122e-10, 4.15690093458e-10, 1.62528143721e-10, 1.36688646513e-10, 9.63301938217e-11, 5.72134596644e-11, 4.12991585375e-11],
        "min": [4.89059288015e-24, 1.85295916681e-23, 5.93430121726e-24, 2.91810061805e-24, 6.89079624814e-24, 2.11534471685e-24, 8.04797709887e-24, 1.00004859365e-23, 6.12598652862e-24, 8.27221948864e-24, 1.63895035401e-23, 1.34877228764e-23, 4.92264942633e-24, 1.34313840083e-23, 2.09753697077e-23, 2.35201703014e-23, 9.95883329186e-24, 8.55925599534e-24, 6.81341057106e-24, 5.81082949724e-24, 4.65414444559e-24, 9.32948242826e-24, 1.18230039076e-23, 9.49236090594e-24, 9.48606106275e-24, 1.07651619441e-23, 6.84319716998e-24, 6.8430575416e-24, 8.5289290267e-24, 6.37707424944e-24, 6.51792812508e-24, 1.48510322928e-23, 9.55161934828e-24, 4.9303297761e-24, 1.09130165658e-23, 5.71009511509e-24, 9.75100315321e-24, 1.08033357122e-23, 1.22147080569e-23, 1.09196461529e-23],
        "var": [4.75214989137e-07, 5.05236403114e-06, 1.50761593432e-06, 3.23048493556e-06, 9.14205429581e-07, 2.26901170208e-06, 5.78048172883e-07, 6.44103522518e-07, 4.78031779494e-07, 2.50159644111e-07, 1.68177027859e-08, 7.66558549969e-09, 4.79863437874e-09, 7.01401514647e-09, 1.34940991714e-09, 5.01625574412e-10, 1.01183103562e-10, 3.63133439985e-10, 1.13482362396e-10, 5.41772252061e-11, 2.11763159091e-11, 3.87647943259e-12, 1.51128057551e-12, 5.86583461925e-13, 5.16578533422e-13, 3.2271749292e-13, 6.90381047686e-14, 1.56361821277e-13, 3.7094204661e-13, 1.17047769589e-13, 1.1568170365e-15, 5.4973131785e-16, 1.68171218367e-16, 3.65320333832e-16, 4.04099136666e-17, 3.54920039789e-18, 6.13310749072e-18, 7.14327534402e-18, 3.69513263554e-19, 2.06177636962e-19]
    },
    "mfcc": {
        "mean": [-765.2421875, 262.190826416, -2.329464674, 5.87644958496, 4.83555984497, -1.27186799049, -1.76025879383, -6.59359407425, -1.32800662518, 0.767275989056, -2.45977520943, 1.08132553101, 2.4241092205],
        "cov": [[3397.74438477, 227.693878174, -1213.34277344, 830.514587402, -249.986846924, -119.255638123, 47.044418335, -70.0500488281, 9.12787723541, 155.942779541, 182.717391968, 143.085952759, -34.7516593933], [227.693878174, 457.819335938, -10.8012447357, -67.4974136353, 144.521728516, -7.79793977737, 41.9686317444, -21.3893146515, -28.7005901337, -9.37810611725, 25.8640460968, 31.5922908783, -8.17646503448], [-1213.34277344, -10.8012447357, 590.771789551, -295.604492188, 91.6781158447, 100.993850708, -21.9211711884, 43.9913520813, -10.1585235596, -62.3911552429, -59.8279151917, -64.0534133911, 0.668687462807], [830.514587402, -67.4974136353, -295.604492188, 326.613891602, -73.7567596436, -26.6064281464, 21.1030063629, -12.1617975235, 5.05133676529, 33.9994277954, 52.0182991028, 29.9145507812, -27.909330368], [-249.986846924, 144.521728516, 91.6781158447, -73.7567596436, 158.126190186, 16.6281414032, 15.9622125626, -0.491245508194, -31.8456325531, -20.2231464386, -1.93635249138, 4.90133428574, -3.61367201805], [-119.255638123, -7.79793977737, 100.993850708, -26.6064281464, 16.6281414032, 82.517288208, 6.88580560684, 5.12072467804, -2.75979042053, -9.02705383301, -2.56461334229, -12.1444063187, 4.31235837936], [47.044418335, 41.9686317444, -21.9211711884, 21.1030063629, 15.9622125626, 6.88580560684, 64.7912750244, 19.4854984283, 3.15556001663, 0.163063362241, -2.17164540291, 6.50977373123, -13.1843271255], [-70.0500488281, -21.3893146515, 43.9913520813, -12.1617975235, -0.491245508194, 5.12072467804, 19.4854984283, 71.7072525024, 29.2559242249, -4.06212282181, -2.35360002518, -14.2118940353, -15.6026697159], [9.12787723541, -28.7005901337, -10.1585235596, 5.05133676529, -31.8456325531, -2.75979042053, 3.15556001663, 29.2559242249, 78.8869552612, 38.2944831848, -14.2154922485, -12.659620285, -3.60242152214], [155.942779541, -9.37810611725, -62.3911552429, 33.9994277954, -20.2231464386, -9.02705383301, 0.163063362241, -4.06212282181, 38.2944831848, 79.8473129272, 19.1012992859, -11.1868925095, -6.64781188965], [182.717391968, 25.8640460968, -59.8279151917, 52.0182991028, -1.93635249138, -2.56461334229, -2.17164540291, -2.35360002518, -14.2154922485, 19.1012992859, 76.7350006104, 23.8539409637, -17.6635723114], [143.085952759, 31.5922908783, -64.0534133911, 29.9145507812, 4.90133428574, -12.1444063187, 6.50977373123, -14.2118940353, -12.659620285, -11.1868925095, 23.8539409637, 68.2129516602, 26.6056804657], [-34.7516593933, -8.17646503448, 0.668687462807, -27.909330368, -3.61367201805, 4.31235837936, -13.1843271255, -15.6026697159, -3.60242152214, -6.64781188965, -17.6635723114, 26.6056804657, 67.5626296997]],
