{
"lowlevel": {
    "average_loudness": 0.614606618881,
    "barkbands_crest": {
        "dmean": 1.5532399416,
        "dmean2": 2.39285898209,
        "dvar": 2.84680771828,
        "dvar2": 5.93096637726,
        "max": 24.0945053101,
        "mean": 9.72877788544,
        "median": 8.65636730194,
        "min": 2.57894659042,
        "var": 18.2048664093
    },
    "barkbands_flatness_db": {
        "dmean": 0.0212185159326,
        "dmean2": 0.0334090963006,
        "dvar": 0.000373353919713,
        "dvar2": 0.000816787069198,
        "max": 0.315766900778,
        "mean": 0.140907511115,
        "median": 0.134028688073,
        "min": 0.0362050309777,
        "var": 0.00276216748171
    },
    "barkbands_kurtosis": {
        "dmean": 2.98255085945,
        "dmean2": 4.80242347717,
        "dvar": 13.2311735153,
        "dvar2": 32.3862457275,
        "max": 50.1905212402,
        "mean": 6.84732866287,
        "median": 4.42530870438,
        "min": -1.7995980978,
        "var": 56.2865371704
    },
    "barkbands_skewness": {
        "dmean": 0.521438777447,
        "dmean2": 0.850017428398,
        "dvar": 0.297704577446,
        "dvar2": 0.765164077282,
        "max": 5.33597898483,
        "mean": 1.91393887997,
        "median": 1.8493783474,
        "min": -1.53663849831,
        "var": 1.31632840633
    },
    "barkbands_spread": {
        "dmean": 7.53982448578,
        "dmean2": 12.6427812576,
        "dvar": 97.5944824219,
        "dvar2": 262.236419678,
        "max": 78.3835449219,
        "mean": 18.9559955597,
        "median": 14.8190660477,
        "min": 1.98599731922,
        "var": 203.150756836
    },
    "dissonance": {
        "dmean": 0.0247689932585,
        "dmean2": 0.0414166636765,
        "dvar": 0.000553070218302,
        "dvar2": 0.00143897801172,
        "max": 0.496910572052,
        "mean": 0.430325776339,
        "median": 0.439774960279,
        "min": 0.215434804559,
        "var": 0.0019943586085
    },
    "dynamic_complexity": 4.44629526138,
    "erbbands_crest": {
        "dmean": 2.05187010765,
        "dmean2": 3.15804457664,
        "dvar": 5.40020942688,
        "dvar2": 11.0519895554,
        "max": 31.7856044769,
        "mean": 11.993979454,
        "median": 10.2059612274,
        "min": 3.05108904839,
        "var": 35.4805908203
    },
    "erbbands_flatness_db": {
        "dmean": 0.0193422660232,
        "dmean2": 0.0306983925402,
        "dvar": 0.000320213759551,
        "dvar2": 0.00069286179496,
        "max": 0.320794254541,
        "mean": 0.164204224944,
        "median": 0.15276183188,
        "min": 0.0737916380167,
        "var": 0.00221727858298
    },
    "erbbands_kurtosis": {
        "dmean": 1.62495958805,
        "dmean2": 2.57502961159,
        "dvar": 4.75112628937,
        "dvar2": 11.0494194031,
        "max": 31.6010437012,
        "mean": 2.48554849625,
        "median": 1.28836917877,
        "min": -1.74880325794,
        "var": 15.2737102509
    },
    "erbbands_skewness": {
        "dmean": 0.42152300477,
        "dmean2": 0.689149796963,
        "dvar": 0.212158516049,
        "dvar2": 0.535568833351,
        "max": 4.67695665359,
        "mean": 1.05373191833,
        "median": 1.04691576958,
        "min": -2.7406373024,
        "var": 0.654292345047
    },
    "erbbands_spread": {
        "dmean": 10.5805110931,
        "dmean2": 17.4611225128,
        "dvar": 142.712219238,
        "dvar2": 374.922058105,
        "max": 116.186592102,
        "mean": 34.3563499451,
        "median": 31.7512950897,
        "min": 3.74749946594,
        "var": 354.508880615
    },
    "hfc": {
        "dmean": 4.70963764191,
        "dmean2": 7.67315530777,
        "dvar": 83.6675186157,
        "dvar2": 221.837417603,
        "max": 101.558509827,
        "mean": 10.983663559,
        "median": 5.81271505356,
        "min": 0.337150096893,
        "var": 166.491271973
    },
    "melbands_crest": {
        "dmean": 1.78074455261,
        "dmean2": 2.79155826569,
        "dvar": 3.10289311409,
        "dvar2": 6.96205615997,
        "max": 31.4860401154,
        "mean": 13.5164117813,
        "median": 12.6485490799,
        "min": 4.60229253769,
        "var": 21.4972782135
    },
    "melbands_flatness_db": {
        "dmean": 0.0261804554611,
        "dmean2": 0.0412439145148,
        "dvar": 0.000612519157585,
        "dvar2": 0.00146370346192,
        "max": 0.360476821661,
        "mean": 0.192017555237,
        "median": 0.190260082483,
        "min": 0.032242231071,
        "var": 0.00398132065311
    },
    "melbands_kurtosis": {
        "dmean": 4.65779781342,
        "dmean2": 7.58080387115,
        "dvar": 30.9277973175,
        "dvar2": 77.3490600586,
        "max": 72.1578521729,
        "mean": 12.46022892,
        "median": 9.69595813751,
        "min": -1.61340165138,
        "var": 107.10899353
    },
    "melbands_skewness": {
        "dmean": 0.540851771832,
        "dmean2": 0.871229588985,
        "dvar": 0.287968754768,
        "dvar2": 0.712768733501,
        "max": 6.42372465134,
        "mean": 2.37216496468,
        "median": 2.36619973183,
        "min": -1.52933180332,
        "var": 1.46283948421
    },
    "melbands_spread": {
        "dmean": 8.22235488892,
        "dmean2": 14.0010166168,
        "dvar": 228.123794556,
        "dvar2": 609.649353027,
        "max": 158.066879272,
        "mean": 20.1802215576,
        "median": 14.3151388168,
        "min": 2.5430867672,
        "var": 337.086547852
    },
    "pitch_salience": {
        "dmean": 0.0514472611248,
        "dmean2": 0.0833417624235,
        "dvar": 0.0030446886085,
        "dvar2": 0.00772176263854,
        "max": 0.904088556767,
        "mean": 0.577146470547,
        "median": 0.584647834301,
        "min": 0.175593212247,
        "var": 0.010642000474
    },
    "silence_rate_20dB": {
        "dmean": 0,
        "dmean2": 0,
        "dvar": 0,
        "dvar2": 0,
        "max": 1,
        "mean": 1,
        "median": 1,
        "min": 1,
        "var": 0
    },
    "silence_rate_30dB": {
        "dmean": 0.00103092787322,
        "dmean2": 0.00206291908398,
        "dvar": 0.00102987501305,
        "dvar2": 0.0020586992614,
        "max": 1,
        "mean": 0.994332790375,
        "median": 1,
        "min": 0,
        "var": 0.00563537003472
    },
    "silence_rate_60dB": {
        "dmean": 0.0597938150167,
        "dmean2": 0.11964930594,
        "dvar": 0.0562193095684,
        "dvar2": 0.123898118734,
        "max": 1,
        "mean": 0.227202475071,
        "median": 0,
        "min": 0,
        "var": 0.175585389137
    },
    "spectral_centroid": {
        "dmean": 305.676116943,
        "dmean2": 517.370056152,
        "dvar": 213728.03125,
        "dvar2": 561044,
        "max": 3793.87207031,
        "mean": 1014.85717773,
        "median": 838.499633789,
        "min": 332.525512695,
        "var": 388131.40625
    },
    "spectral_complexity": {
        "dmean": 1.54845356941,
        "dmean2": 2.77411031723,
        "dvar": 10.0600385666,
        "dvar2": 27.6983184814,
        "max": 42,
        "mean": 9.25811481476,
        "median": 9,
        "min": 2,
        "var": 11.1167316437
    },
    "spectral_decrease": {
        "dmean": 7.25923099409e-10,
        "dmean2": 9.28988219684e-10,
        "dvar": 2.41637158592e-18,
        "dvar2": 3.50119786618e-18,
        "max": -1.45628370474e-10,
        "mean": -3.84516418706e-09,
        "median": -1.76013981168e-09,
        "min": -3.45059234519e-08,
        "var": 2.42665426811e-17
    },
    "spectral_energy": {
        "dmean": 0.00308195780963,
        "dmean2": 0.00404684152454,
        "dvar": 3.89560991607e-05,
        "dvar2": 5.81624444749e-05,
        "max": 0.138723358512,
        "mean": 0.0155087765306,
        "median": 0.00737130502239,
        "min": 0.000580215069931,
        "var": 0.000381075631594
    },
    "spectral_energyband_high": {
        "dmean": 0.00041738699656,
        "dmean2": 0.000748952210415,
        "dvar": 9.90184958027e-07,
        "dvar2": 2.79854907603e-06,
        "max": 0.00961482711136,
        "mean": 0.000386887259083,
        "median": 0.000157882634085,
        "min": 5.49888773094e-06,
        "var": 6.66509379244e-07
    },
    "spectral_energyband_low": {
        "dmean": 0.000342001265381,
        "dmean2": 0.000549125252292,
        "dvar": 3.20906281104e-07,
        "dvar2": 6.72747773933e-07,
        "max": 0.0133052142337,
        "mean": 0.00115114008076,
        "median": 0.000599029124714,
        "min": 1.39985859278e-05,
        "var": 2.2274721232e-06
    },
    "spectral_energyband_middle_high": {
        "dmean": 0.00109714188147,
        "dmean2": 0.00142231141217,
        "dvar": 8.03475722932e-06,
        "dvar2": 1.24776934172e-05,
        "max": 0.0761576592922,
        "mean": 0.00312511413358,
        "median": 0.00089520070469,
        "min": 9.03589680092e-05,
        "var": 4.60174524051e-05
    },
    "spectral_energyband_middle_low": {
        "dmean": 0.00213005207479,
        "dmean2": 0.00273671094328,
        "dvar": 2.59417847701e-05,
        "dvar2": 3.96198811359e-05,
        "max": 0.100229874253,
        "mean": 0.0119831869379,
        "median": 0.0049027716741,
        "min": 0.000378189433832,
        "var": 0.000255002902122
    },
    "spectral_entropy": {
        "dmean": 0.270607084036,
        "dmean2": 0.42837113142,
        "dvar": 0.0598807856441,
        "dvar2": 0.148668661714,
        "max": 8.75709629059,
        "mean": 7.49589014053,
        "median": 7.56388092041,
        "min": 5.87373590469,
        "var": 0.316701620817
    },
    "spectral_flux": {
        "dmean": 0.0113838100806,
        "dmean2": 0.0185336302966,
        "dvar": 0.000325749395415,
        "dvar2": 0.000700881995726,
        "max": 0.182270869613,
        "mean": 0.0322318188846,
        "median": 0.0252106171101,
        "min": 0.00778251932934,
        "var": 0.000538078602403
    },
    "spectral_kurtosis": {
        "dmean": 1.60814678669,
        "dmean2": 2.62546038628,
        "dvar": 2.82465720177,
        "dvar2": 7.33374118805,
        "max": 20.7566280365,
        "mean": 3.64418005943,
        "median": 2.80710363388,
        "min": -0.648492574692,
        "var": 8.37694740295
    },
    "spectral_rms": {
        "dmean": 0.000349742826074,
        "dmean2": 0.000464473385364,
        "dvar": 2.81954584125e-07,
        "dvar2": 4.10868494782e-07,
        "max": 0.0116335656494,
        "mean": 0.0033350745216,
        "median": 0.00268170027994,
        "min": 0.000752371910494,
        "var": 4.00779390475e-06
    },
    "spectral_rolloff": {
        "dmean": 868.143188477,
        "dmean2": 1570.8807373,
        "dvar": 2905387.25,
        "dvar2": 7870003,
        "max": 14491.8457031,
        "mean": 1570.64758301,
        "median": 904.39453125,
        "min": 301.46484375,
        "var": 3111575.5
    },
    "spectral_skewness": {
        "dmean": 0.31801083684,
        "dmean2": 0.509565412998,
        "dvar": 0.0787710174918,
        "dvar2": 0.200539156795,
        "max": 3.81718707085,
        "mean": 1.62665474415,
        "median": 1.54299330711,
        "min": 0.365993559361,
        "var": 0.301478147507
    },
    "spectral_spread": {
        "dmean": 1103465.5,
        "dmean2": 1821248.75,
        "dvar": 1.00088093082e+12,
        "dvar2": 2.71827468288e+12,
        "max": 14886291,
        "mean": 6136398.5,
        "median": 6076904,
        "min": 2618578.75,
        "var": 2.18867905331e+12
    },
    "spectral_strongpeak": {
        "dmean": 0.293146401644,
        "dmean2": 0.429907858372,
        "dvar": 0.420648008585,
        "dvar2": 0.775391697884,
        "max": 10.8821563721,
        "mean": 1.24186730385,
        "median": 0.758418142796,
        "min": 0.0206028260291,
        "var": 1.91546428204
    },
    "zerocrossingrate": {
        "dmean": 0.00870550051332,
        "dmean2": 0.0109078856185,
        "dvar": 7.80941118137e-05,
        "dvar2": 0.000108856416773,
        "max": 0.19580078125,
        "mean": 0.0593081861734,
        "median": 0.0537109375,
        "min": 0.0068359375,
        "var": 0.000757684931159
    },
    "barkbands": {
        "dmean": [1.24342875552e-06, 3.42189305229e-05, 0.000118204618047, 0.000365143903764, 0.000656320829876, 0.000701942946762, 0.000722482684068, 0.000302723608911, 0.000126556260511, 0.000490217236802, 0.000180017290404, 0.000201806862606, 0.000112813046144, 0.000106937106466, 0.000120482131024, 1.83198371815e-05, 4.3097010348e-05, 4.69334881927e-05, 4.93136212754e-05, 7.60202237871e-05, 8.06390526122e-05, 6.83938123984e-05, 6.44744432066e-05, 7.71043560235e-05, 6.43985185889e-05, 3.56853961421e-05, 3.50227264789e-06],
        "dmean2": [2.25027133638e-06, 5.92034011788e-05, 0.000188522637472, 0.000591553049162, 0.000982852187008, 0.000927156477701, 0.000963157101069, 0.000358853460057, 0.000165503748576, 0.000552401761524, 0.000265571288764, 0.000283413886791, 0.000147426733747, 0.00016462423082, 0.000169858758454, 3.15170218528e-05, 7.40365067031e-05, 8.48015843076e-05, 9.0698893473e-05, 0.000140288248076, 0.000146863778355, 0.000122158773593, 0.000114798349387, 0.000138316085213, 0.00011713441927, 6.49501162115e-05, 6.48257082503e-06],
        "dvar": [1.03237999746e-11, 8.798820339e-09, 4.45725092391e-08, 4.11616014162e-07, 3.06259812533e-06, 5.41253075426e-06, 7.01664339431e-06, 1.27563032493e-06, 2.59697600313e-07, 4.28339990322e-06, 1.27529347083e-06, 6.57395105463e-07, 1.10154815047e-06, 6.33405250028e-07, 2.05034240253e-07, 1.72042924351e-09, 2.41071074214e-08, 2.53805225725e-08, 2.77584515374e-08, 9.08718007508e-08, 4.1748801749e-08, 3.27559988023e-08, 2.5932045844e-08, 5.06081008211e-08, 2.5396733605e-08, 1.51519436997e-08, 1.28808033684e-10],
        "dvar2": [3.01035620043e-11, 2.67195208181e-08, 9.43915239304e-08, 9.29106477088e-07, 5.86600435781e-06, 8.53231722431e-06, 1.19392143461e-05, 1.34497247473e-06, 3.83965954143e-07, 5.10565450895e-06, 2.6683253509e-06, 1.33360776999e-06, 1.79604876394e-06, 1.25872361423e-06, 2.99648633018e-07, 4.2485206464e-09, 6.19740561092e-08, 7.28463334099e-08, 7.95023993305e-08, 2.63422009539e-07, 1.19676712984e-07, 9.23297704958e-08, 7.28334086375e-08, 1.4282561267e-07, 7.16879213769e-08, 4.35371063645e-08, 3.65763003218e-10],
        "max": [4.31780572399e-05, 0.00157711096108, 0.00448761461303, 0.010818798095, 0.0384577400982, 0.055138759315, 0.0513545684516, 0.0593778751791, 0.0180960763246, 0.0726295411587, 0.0340880528092, 0.0202616136521, 0.0399123542011, 0.023663667962, 0.0200161784887, 0.000908604240976, 0.00270948233083, 0.00154606450815, 0.0020697012078, 0.00528594106436, 0.00233961921185, 0.0031940753106, 0.00220714998432, 0.00308306398802, 0.00195325538516, 0.00233922130428, 0.000268591946224],
        "mean": [1.0352910067e-06, 4.28114508395e-05, 0.0003085489152, 0.0013150247978, 0.00250097131357, 0.00319603271782, 0.0029925131239, 0.00110202946234, 0.000370612600818, 0.00159272516612, 0.000329495698679, 0.000454594381154, 0.000181484123459, 0.000209140940569, 0.000326279347064, 3.09727292915e-05, 5.63046451134e-05, 4.34235953435e-05, 4.14880050812e-05, 6.15933458903e-05, 6.89072694513e-05, 6.47361666779e-05, 6.21771469014e-05, 6.88942454872e-05, 5.54421094421e-05, 2.91653304885e-05, 2.37576955442e-06],
        "median": [3.73871870352e-07, 1.44512669067e-05, 9.50716930674e-05, 0.000736568064895, 0.00065876415465, 0.000816896092147, 0.000517427863088, 0.000407668587286, 0.000102454869193, 5.6644767028e-05, 3.40835686075e-05, 0.000194143882254, 2.41872039624e-05, 2.3074735509e-05, 0.000152424938278, 2.06119384529e-05, 2.05066498893e-05, 1.22534447655e-05, 1.35469472298e-05, 1.82305229828e-05, 2.19659959839e-05, 2.64723184955e-05, 2.59474145423e-05, 2.58767668129e-05, 2.1196079615e-05, 1.07530349851e-05, 4.96498557823e-07],
        "min": [4.96189866972e-10, 2.961208736e-07, 5.52592439362e-07, 7.04184185452e-06, 8.93919786904e-06, 1.40323963933e-05, 1.02646731648e-06, 2.5139772788e-06, 2.06594268093e-06, 1.47965658925e-06, 7.93955791778e-07, 1.97008944269e-06, 1.24104474253e-06, 1.28837007196e-06, 4.56223915535e-06, 2.61690092884e-06, 2.65906055574e-06, 1.58446175647e-06, 1.31559181682e-06, 5.52679637167e-07, 7.86572286415e-07, 8.78336436472e-07, 1.16484784485e-06, 9.60045554166e-07, 6.78768742546e-07, 4.4937957e-07, 2.13228060209e-10],
        "var": [6.48665669789e-12, 1.12904299243e-08, 2.59133003055e-07, 2.3639245228e-06, 1.98064099095e-05, 3.62276368833e-05, 5.34154823981e-05, 9.91461092781e-06, 1.17683271128e-06, 3.79386838176e-05, 2.93906805382e-06, 1.71021474671e-06, 2.49096160587e-06, 1.1610745787e-06, 9.85361907624e-07, 2.01502081687e-09, 2.36851782631e-08, 1.67560383346e-08, 1.69697038643e-08, 5.28762384988e-08, 2.7055795826e-08, 2.21960068103e-08, 1.80331660715e-08, 3.28045111075e-08, 1.6551622295e-08, 8.97170426839e-09, 7.78353007047e-11]
    },
    "erbbands": {
        "dmean": [0.000524682516698, 0.00977745186538, 0.0868997648358, 0.809548079967, 0.798740386963, 2.78355789185, 6.69524288177, 4.14373636246, 7.60391283035, 9.32318401337, 7.64189481735, 3.46477150917, 10.0611467361, 12.9638795853, 6.86131858826, 9.83820438385, 5.66716337204, 5.81256866455, 7.49380970001, 1.6166960001, 1.4033652544, 2.09438705444, 2.59718227386, 2.12610220909, 2.93411517143, 3.588763237, 3.55246138573, 2.91520690918, 2.55126523972, 2.06839466095, 1.84401679039, 1.57707393169, 1.3189406395, 0.83532500267, 0.410094738007, 0.170955717564, 0.0595699772239, 0.0132088316604, 0.000406878825743, 1.25396663861e-05],
        "dmean2": [0.000892109062988, 0.0168505273759, 0.141140535474, 1.30471241474, 1.26360762119, 4.31187915802, 8.91356372833, 5.58460330963, 10.0453796387, 12.4385385513, 8.83047389984, 4.29734802246, 12.167131424, 14.7052354813, 9.6703004837, 13.5378198624, 7.26025676727, 8.89767932892, 10.3973169327, 2.52503728867, 2.32878470421, 3.70012235641, 4.7277097702, 3.90542602539, 5.40468263626, 6.61917591095, 6.47287940979, 5.26805925369, 4.56904315948, 3.7047188282, 3.28357887268, 2.82406067848, 2.38379502296, 1.51163852215, 0.742625534534, 0.311953693628, 0.108548052609, 0.0239616129547, 0.000747941725422, 2.1531001039e-05],
        "dvar": [1.35570212478e-06, 0.000717740331311, 0.0238544810563, 1.8918646574, 2.2191016674, 71.5483703613, 532.064575195, 235.202545166, 900.441711426, 1975.18322754, 938.675109863, 185.701385498, 2667.98632812, 3294.74658203, 1197.11413574, 1330.90014648, 2636.10864258, 2139.35400391, 711.462890625, 16.781785965, 19.1553688049, 55.4901809692, 90.3136825562, 50.2323265076, 90.9634780884, 209.578735352, 98.4015655518, 52.4409866333, 44.3164253235, 32.9064445496, 21.3065948486, 17.139881134, 18.36186409, 4.51877832413, 1.05532026291, 0.280703186989, 0.0501636229455, 0.00220485893078, 1.71516580849e-06, 9.8214991695e-10],
        "dvar2": [3.71288456336e-06, 0.0021844941657, 0.0550769232213, 4.14202594757, 4.78143787384, 142.438659668, 783.59173584, 381.32321167, 1480.16125488, 3226.11889648, 968.932556152, 258.044799805, 3747.93432617, 3416.59643555, 2486.31469727, 2619.30737305, 4286.71679688, 4213.82958984, 956.940185547, 31.5010242462, 44.4459838867, 155.583404541, 261.272827148, 144.007034302, 260.689239502, 606.739196777, 282.641693115, 149.20854187, 125.105552673, 93.0973205566, 59.7587127686, 47.5952758789, 52.3625602722, 12.7861671448, 2.97654414177, 0.808634281158, 0.143872305751, 0.00629869895056, 4.85667760586e-06, 2.7448407991e-09],
        "max": [0.017275640741, 0.446976482868, 2.79648256302, 29.8488121033, 31.7016239166, 219.906646729, 819.203613281, 389.740692139, 780.428527832, 1211.48706055, 1653.97338867, 501.489776611, 1873.45373535, 2687.84228516, 992.458251953, 985.653503418, 1947.44250488, 1380.7713623, 1239.86523438, 134.042785645, 87.7634963989, 98.9533538818, 102.245193481, 98.3948135376, 119.505226135, 261.812774658, 138.970123291, 95.5997695923, 111.660125732, 85.6485137939, 62.8034095764, 47.6831550598, 65.0302047729, 30.7680473328, 12.9279165268, 7.65927553177, 4.43243026733, 0.951843202114, 0.0283664613962, 0.000548074312974],
        "mean": [0.000699903874192, 0.0144599135965, 0.239210873842, 2.915589571, 3.06917476654, 10.1606893539, 30.0765399933, 19.1337947845, 32.2703819275, 39.4777107239, 27.4449958801, 11.7939748764, 32.6326255798, 39.6360778809, 14.4423751831, 22.5304927826, 10.3346395493, 11.6377544403, 21.159122467, 3.83151125908, 2.39559483528, 2.49673438072, 2.37401080132, 1.94443273544, 2.48002123833, 2.9154510498, 2.90853524208, 2.59167981148, 2.37268733978, 1.98591136932, 1.76475584507, 1.47007405758, 1.12749814987, 0.709647715092, 0.347772926092, 0.139831706882, 0.0479129515588, 0.0104724764824, 0.000309577735607, 2.60363976849e-05],
        "median": [0.000315355020575, 0.006009218283, 0.106387369335, 1.58244359493, 1.44971430302, 2.70201539993, 7.2525806427, 3.80852937698, 3.80192685127, 7.28438043594, 11.0161657333, 4.11810970306, 1.93099296093, 2.78607416153, 3.03901934624, 9.88304710388, 1.96416664124, 2.1093723774, 10.1382331848, 2.08082199097, 1.22486615181, 0.988678097725, 0.729543745518, 0.68375223875, 0.79118001461, 0.850197911263, 0.832565009594, 0.907958805561, 0.948536336422, 0.821964263916, 0.733255326748, 0.582917273045, 0.392091274261, 0.256039112806, 0.128867849708, 0.0528814382851, 0.0168871115893, 0.00340596470051, 8.99708538782e-05, 1.48240678755e-05],
        "min": [1.98856523639e-05, 0.000144094010466, 0.00239406269975, 0.0174874775112, 0.0159806814045, 0.0320818461478, 0.12860879302, 0.0576177760959, 0.0354148708284, 0.127002418041, 0.256188094616, 0.101448401809, 0.096896789968, 0.113126210868, 0.208428278565, 0.185310304165, 0.113890618086, 0.13056665659, 0.446074604988, 0.210372269154, 0.172519981861, 0.166464999318, 0.0717075392604, 0.0905089825392, 0.0628447085619, 0.023905551061, 0.030502749607, 0.0290226191282, 0.0298803206533, 0.0425578206778, 0.0322050265968, 0.0181037448347, 0.0176022574306, 0.0100526195019, 0.00317353545688, 0.00177102256566, 0.000313547381666, 1.96579439944e-05, 4.74748048873e-06, 1.73709497631e-06],
        "var": [1.59776823239e-06, 0.00098549714312, 0.118127889931, 12.2832765579, 16.3404750824, 477.254608154, 3730.52905273, 1679.81628418, 8252.22949219, 14484.1806641, 7191.43652344, 913.809326172, 20272.8359375, 30668.7636719, 2788.92578125, 3539.13500977, 5988.51708984, 3790.69116211, 3638.33129883, 62.0934143066, 22.6396541595, 41.9343681335, 55.6444625854, 31.0115375519, 56.1880569458, 122.232635498, 61.5266685486, 35.0452346802, 29.8429698944, 22.5973510742, 14.7039442062, 11.9066047668, 11.3008184433, 2.92885708809, 0.686653614044, 0.165877342224, 0.0297103188932, 0.00133507128339, 1.05138997242e-06, 1.07981801278e-09]
    },
    "gfcc": {
        "mean": [-36.9181594849, 65.7514953613, -105.043434143, 3.75035810471, -84.4505157471, 8.11902141571, -57.5101890564, -8.73550128937, -35.1685333252, 3.58339285851, -25.9435844421, -5.94540262222, -20.2730922699],
        "cov": [[1321.00036621, 135.503173828, 75.8073806763, -52.3561134338, -130.815139771, -133.073440552, -26.2647304535, -54.3386802673, -60.7223854065, -43.7508773804, 78.6855773926, 67.4097213745, 105.107803345], [135.503173828, 1010.99658203, 90.8409194946, -234.0756073, -17.8762207031, -100.041038513, -56.4737815857, -169.821670532, 35.8039703369, -96.1501464844, 62.0087013245, 34.2799530029, 125.049926758], [75.8073806763, 90.8409194946, 347.301300049, -9.34243202209, -16.1781578064, -65.2203140259, -55.2502098083, -59.4552078247, -50.9247589111, 3.87580108643, -11.742518425, 32.5059967041, 10.5920934677], [-52.3561134338, -234.0756073, -9.34243202209, 276.104644775, -12.9691476822, 22.0962123871, -14.5180492401, 19.5442008972, -20.2215709686, 30.9484062195, 16.8881187439, -26.8620204926, -38.4499740601], [-130.815139771, -17.8762207031, -16.1781578064, -12.9691476822, 153.337982178, 51.8871498108, 21.6242694855, 8.66817188263, 8.68592262268, 22.2267951965, 1.80246567726, 7.49594783783, -35.8066368103], [-133.073440552, -100.041038513, -65.2203140259, 22.0962123871, 51.8871498108, 159.588897705, 51.126449585, 35.1679840088, -8.43176078796, 0.565725743771, -6.89605665207, 0.683715820312, -2.24864697456], [-26.2647304535, -56.4737815857, -55.2502098083, -14.5180492401, 21.6242694855, 51.126449585, 104.216308594, 41.4547920227, -7.17596292496, -14.3234100342, -12.2520446777, 12.338227272, 16.2979221344], [-54.3386802673, -169.821670532, -59.4552078247, 19.5442008972, 8.66817188263, 35.1679840088, 41.4547920227, 98.8344268799, 12.7797689438, 6.79965019226, -24.0452861786, -11.7850217819, -8.76779651642], [-60.7223854065, 35.8039703369, -50.9247589111, -20.2215709686, 8.68592262268, -8.43176078796, -7.17596292496, 12.7797689438, 80.982673645, 17.4225463867, 1.93826246262, -21.2462863922, -18.8212757111], [-43.7508773804, -96.1501464844, 3.87580108643, 30.9484062195, 22.2267951965, 0.565725743771, -14.3234100342, 6.79965019226, 17.4225463867, 74.1767730713, 18.4326171875, -13.1182918549, -42.90832901], [78.6855773926, 62.0087013245, -11.742518425, 16.8881187439, 1.80246567726, -6.89605665207, -12.2520446777, -24.0452861786, 1.93826246262, 18.4326171875, 74.2123336792, 17.1138820648, -3.25747179985], [67.4097213745, 34.2799530029, 32.5059967041, -26.8620204926, 7.49594783783, 0.683715820312, 12.338227272, -11.7850217819, -21.2462863922, -13.1182918549, 17.1138820648, 56.0517921448, 25.6984462738], [105.107803345, 125.049926758, 10.5920934677, -38.4499740601, -35.8066368103, -2.24864697456, 16.2979221344, -8.76779651642, -18.8212757111, -42.90832901, -3.25747179985, 25.6984462738, 86.9018554688]],
        "icov": [[0.00108473899309, 0.000304501561914, -6.34586831438e-05, 0.000311495590722, 0.000367754662875, 0.0008099800325, 1.97399585886e-05, 0.000132304805447, 0.000398498843424, 0.000358901306754, -0.00150056683924, -0.000104034152173, -0.001184439403], [0.000304501561914, 0.00307838735171, -0.000697800132912, 0.00167152786162, -0.00115268852096, 0.000838088977616, 0.000162399810506, 0.00361398258246, -0.00233261962421, 0.00316614331678, -0.00357385817915, 0.00257457327098, -0.00392970815301], [-6.34586831438e-05, -0.000697800132912, 0.00452199578285, -0.000454134889878, 0.000203857096494, 0.000978489173576, 0.001640699571, 0.000831743585877, 0.00280042202212, -0.0025359983556, 0.0034908100497, -0.00349662429653, 0.000733521068469], [0.000311495590722, 0.00167152786162, -0.000454134889878, 0.00559766031802, 0.000331240706146, -0.000279302854324, 0.000781687325798, 0.00060178223066, 0.00120025454089, 0.000979233416729, -0.00393308978528, 0.0036661720369, -0.000694751681294], [0.000367754662875, -0.00115268852096, 0.000203857096494, 0.000331240706146, 0.00978049170226, -0.00282839382999, -0.00132664456032, -0.000535501225386, 0.000302230153466, -0.00246728607453, 0.00148282968439, -0.00430245138705, 0.00566221866757], [0.0008099800325, 0.000838088977616, 0.000978489173576, -0.000279302854324, -0.00282839382999, 0.00969281978905, -0.00260632275604, -0.000268119591055, 0.00144327827729, 0.000587978109252, -0.00139068719, 0.000887513509952, -0.00259302486666], [1.97399585886e-05, 0.000162399810506, 0.001640699571, 0.000781687325798, -0.00132664456032, -0.00260632275604, 0.0152707407251, -0.00486001092941, 0.00150468281936, 0.00118882022798, 0.00100622570608, -0.00335236848332, -0.00213807914406], [0.000132304805447, 0.00361398258246, 0.000831743585877, 0.00060178223066, -0.000535501225386, -0.000268119591055, -0.00486001092941, 0.019885674119, -0.00484608858824, 0.000815911334939, 0.00168294238392, 0.00233548996039, -0.00377964531071], [0.000398498843424, -0.00233261962421, 0.00280042202212, 0.00120025454089, 0.000302230153466, 0.00144327827729, 0.00150468281936, -0.00484608858824, 0.0193633493036, -0.00511828716844, 0.000744006771129, 0.00289498758502, 0.00329340738244], [0.000358901306754, 0.00316614331678, -0.0025359983556, 0.000979233416729, -0.00246728607453, 0.000587978109252, 0.00118882022798, 0.000815911334939, -0.00511828716844, 0.0254857428372, -0.0102449841797, 0.00502451788634, 0.00421558320522], [-0.00150056683924, -0.00357385817915, 0.0034908100497, -0.00393308978528, 0.00148282968439, -0.00139068719, 0.00100622570608, 0.00168294238392, 0.000744006771129, -0.0102449841797, 0.0256050527096, -0.0122025525197, 0.00501895416528], [-0.000104034152173, 0.00257457327098, -0.00349662429653, 0.0036661720369, -0.00430245138705, 0.000887513509952, -0.00335236848332, 0.00233548996039, 0.00289498758502, 0.00502451788634, -0.0122025525197, 0.0322308540344, -0.00929684191942], [-0.001184439403, -0.00392970815301, 0.000733521068469, -0.000694751681294, 0.00566221866757, -0.00259302486666, -0.00213807914406, -0.00377964531071, 0.00329340738244, 0.00421558320522, 0.00501895416528, -0.00929684191942, 0.0262154974043]]
    },
    "melbands": {
        "dmean": [7.09882715455e-06, 3.33450079779e-05, 0.000129860942252, 0.000108861080662, 0.000212775397813, 0.000100761797512, 0.000126655519125, 8.6158142949e-05, 5.95793389948e-05, 1.82997373486e-05, 5.24169699929e-05, 5.61619708606e-05, 2.66288116109e-05, 2.38680477196e-05, 1.73333228304e-05, 1.09475067802e-05, 1.06136467366e-05, 1.13817523015e-05, 5.36668585482e-06, 1.38064081057e-06, 1.99992496164e-06, 2.34086155615e-06, 2.34735239246e-06, 2.29701140597e-06, 1.64534219493e-06, 1.97868644136e-06, 2.29098441196e-06, 2.47342973125e-06, 2.22035259867e-06, 2.12109466702e-06, 1.56781140959e-06, 1.48298454405e-06, 1.29042030039e-06, 1.12145414732e-06, 1.09623545086e-06, 9.71927647697e-07, 9.97915208245e-07, 9.44670887293e-07, 8.12888458768e-07, 6.97454197507e-07],
        "dmean2": [1.22253632071e-05, 5.46149349248e-05, 0.000208666635444, 0.000172404790646, 0.00028970168205, 0.000134489688207, 0.000168740953086, 0.000115483257105, 6.80397643009e-05, 2.33337268583e-05, 6.28941197647e-05, 6.26756591373e-05, 3.88824810216e-05, 3.36936973326e-05, 2.2232567062e-05, 1.54872323037e-05, 1.64364773809e-05, 1.59475275723e-05, 7.86204873293e-06, 2.37640028899e-06, 3.26425515595e-06, 4.0424602048e-06, 4.33309423897e-06, 4.08685991715e-06, 3.03037359117e-06, 3.62295827472e-06, 4.24085965278e-06, 4.56459338238e-06, 4.05645732826e-06, 3.88756643588e-06, 2.81218171949e-06, 2.66078609457e-06, 2.32028605751e-06, 2.01036732506e-06, 1.96831592802e-06, 1.71812348526e-06, 1.79294147529e-06, 1.7150715621e-06, 1.4683766949e-06, 1.26906934383e-06],
        "dvar": [3.27037563697e-10, 4.12483958101e-09, 5.03851254052e-08, 9.04521826328e-08, 4.40275329083e-07, 1.27117147031e-07, 2.32868600847e-07, 1.60388708537e-07, 6.17417796889e-08, 5.25363086368e-09, 7.06950160634e-08, 6.43240554155e-08, 2.69304898382e-08, 1.05852659971e-08, 1.04761088693e-08, 7.38360306229e-09, 6.34455377124e-09, 1.57318413851e-09, 3.75867420521e-10, 6.74837659712e-12, 5.06684902368e-11, 6.60890092652e-11, 9.31839397311e-11, 5.34561214738e-11, 3.3361806373e-11, 4.18363815813e-11, 5.47755729663e-11, 1.19982079827e-10, 4.46535065868e-11, 3.55375937011e-11, 1.46094525366e-11, 1.40388907097e-11, 1.60650173719e-11, 9.05724106826e-12, 8.17880659032e-12, 6.9975184501e-12, 7.64302076489e-12, 1.05899195663e-11, 5.27733716102e-12, 3.24154266797e-12],
        "dvar2": [9.63933155518e-10, 1.02513677547e-08, 1.09889704447e-07, 1.89109826465e-07, 6.69104451845e-07, 2.04536547699e-07, 3.92915097791e-07, 2.61483961594e-07, 6.49710685252e-08, 7.30230897972e-09, 9.93957414153e-08, 6.48579074891e-08, 5.6506287649e-08, 2.20709068799e-08, 1.69789355908e-08, 1.28809745092e-08, 1.25807941842e-08, 2.0886370411e-09, 6.17241036061e-10, 1.83428706252e-11, 1.1597591637e-10, 1.75530534552e-10, 2.71974498478e-10, 1.49896359214e-10, 9.60682158824e-11, 1.18851387065e-10, 1.58372134851e-10, 3.47929018929e-10, 1.28031404922e-10, 1.02901409615e-10, 4.1176003579e-11, 3.95728796954e-11, 4.57215827698e-11, 2.55844425506e-11, 2.31432199793e-11, 1.9612252794e-11, 2.13951790312e-11, 3.02753412618e-11, 1.49331293858e-11, 9.22738881831e-12],
        "max": [0.000300724816043, 0.00103510147892, 0.00415879115462, 0.00744212511927, 0.0224919561297, 0.00898217316717, 0.01189401187, 0.0109435282648, 0.0134341455996, 0.00269778235815, 0.00948830135167, 0.0119577208534, 0.00491203600541, 0.00250943470746, 0.00383279076777, 0.0023948692251, 0.00236031622626, 0.00186024711002, 0.000722211610992, 4.12198824051e-05, 0.000160034440341, 0.000119208743854, 0.000124465295812, 7.22966942703e-05, 8.67236012709e-05, 8.47025512485e-05, 9.69660686678e-05, 0.000206443786738, 0.000109688560769, 8.62485103426e-05, 5.99508894084e-05, 5.49897631572e-05, 7.57223824621e-05, 4.19796197093e-05, 4.09264284826e-05, 3.84114682674e-05, 2.97934875562e-05, 5.12259903189e-05, 2.82299970422e-05, 2.52164263657e-05],
        "mean": [8.77931506693e-06, 8.18316402729e-05, 0.0004868619435, 0.000397036084905, 0.00094351376174, 0.000457491201814, 0.000525343581103, 0.000361524464097, 0.000205308926525, 5.75092963118e-05, 0.000169077684404, 0.000172567888512, 4.93105726491e-05, 5.2887648053e-05, 3.74906048819e-05, 1.79438393388e-05, 2.08423334698e-05, 3.23702879541e-05, 1.37277338581e-05, 2.26295992434e-06, 3.14906787935e-06, 2.96859820992e-06, 1.95813868231e-06, 2.26307975026e-06, 1.43466968439e-06, 1.67989662714e-06, 1.89251056781e-06, 1.95884217646e-06, 1.80083839041e-06, 1.72155125711e-06, 1.42515489188e-06, 1.35877712637e-06, 1.20470394904e-06, 1.06602828964e-06, 1.02531589619e-06, 9.34556055654e-07, 8.89140380878e-07, 7.99903659754e-07, 6.86672137817e-07, 5.77460184559e-07],
        "median": [3.16014575219e-06, 2.77673025266e-05, 0.0002682718914, 0.000115849346912, 0.000270993448794, 0.000101556732261, 6.9283087214e-05, 7.33786291676e-05, 8.1631798821e-05, 1.5876677935e-05, 7.00186137692e-06, 1.02687245089e-05, 5.47237732462e-06, 2.25656076509e-05, 1.22895962704e-05, 2.43865520133e-06, 2.58986619883e-06, 1.5114856069e-05, 6.22478319201e-06, 1.53942346515e-06, 1.40679492233e-06, 1.08423000711e-06, 6.55990220366e-07, 5.74091473027e-07, 5.02721093198e-07, 5.36723689493e-07, 6.1147869701e-07, 5.36196125722e-07, 4.93643199206e-07, 4.92543676955e-07, 5.35064543783e-07, 5.39527150067e-07, 4.74210338552e-07, 4.38153364257e-07, 4.17553479792e-07, 3.88938929063e-07, 3.3025591506e-07, 2.6754338478e-07, 2.41359487063e-07, 2.0086943664e-07],
        "min": [9.85963453104e-08, 5.07815343553e-07, 3.61338970833e-06, 1.13014243652e-06, 4.78473657495e-06, 1.51997551256e-06, 3.109828981e-07, 1.42288786265e-06, 3.83870599308e-07, 3.61436235607e-07, 2.45009744049e-07, 2.96187295135e-07, 1.66879459584e-07, 2.57053642372e-07, 3.30868999754e-07, 1.06959447521e-07, 8.68218776873e-08, 5.19639911545e-07, 2.89779876539e-07, 9.23136411757e-08, 1.77497341269e-07, 1.49698621499e-07, 4.79078607896e-08, 6.91330583891e-08, 7.18657915399e-08, 4.53556481261e-08, 3.55918281514e-08, 1.12511413519e-08, 1.63863287383e-08, 2.17082849474e-08, 1.48317162996e-08, 1.35147075753e-08, 2.30750067942e-08, 2.30033379012e-08, 1.9660909345e-08, 9.48681755375e-09, 1.28168000657e-08, 1.45806531293e-08, 8.9850180629e-09, 6.3912604098e-09],
        "var": [3.86664672503e-10, 1.66827422987e-08, 3.23566297311e-07, 6.19518516487e-07, 3.04281047647e-06, 8.95919413324e-07, 1.98765246751e-06, 1.18100660984e-06, 4.67893698897e-07, 2.51247751493e-08, 5.34410844466e-07, 6.12804853972e-07, 6.0658969403e-08, 2.56444270264e-08, 2.52885765661e-08, 1.55663268941e-08, 1.14976446142e-08, 8.14186851272e-09, 1.65314228973e-09, 7.08318473319e-12, 5.96263871611e-11, 6.26653381963e-11, 5.3738218736e-11, 4.21822507479e-11, 1.99236443316e-11, 2.66444245139e-11, 3.28721563858e-11, 6.90070015019e-11, 2.76140013633e-11, 2.16945888337e-11, 1.00949604578e-11, 9.45637144978e-12, 1.04049468694e-11, 6.2966108022e-12, 5.40095485696e-12, 4.85828998559e-12, 5.1087367843e-12, 6.39789566811e-12, 3.39995891684e-12, 2.05140396857e-12]
    },
    "mfcc": {
        "mean": [-687.708312988, 106.495223999, 17.8908977509, -4.11044597626, -9.94965362549, -0.438680946827, -16.2691402435, -18.1986217499, -13.4554796219, -6.42313432693, -8.91931343079, -7.22982501984, -4.92500257492],
        "cov": [[1285.10620117, 23.8724346161, 81.2538986206, 49.7564201355, -117.287384033, -96.0996627808, 0.873574018478, -17.667798996, -62.6577835083, -86.9335479736, -66.0781478882, -42.9210700989, -36.1895561218], [23.8724346161, 1039.69372559, 84.525642395, -144.097488403, -18.5467319489, -10.165514946, -104.375221252, -30.9743976593, -53.5303001404, -83.4607391357, -101.152244568, -111.451919556, -24.6132621765], [81.2538986206, 84.525642395, 237.523452759, 31.626991272, -7.44383621216, -17.2828273773, -31.1267032623, -46.3480262756, -37.1982765198, -33.2001686096, -47.6348648071, -50.5675582886, -10.2432613373], [49.7564201355, -144.097488403, 31.626991272, 162.024032593, 11.2495632172, -16.2831783295, -3.04563522339, -31.2466945648, -24.6344833374, 2.2415831089, 12.9336004257, 26.0363388062, 14.6199216843], [-117.287384033, -18.5467319489, -7.44383621216, 11.2495632172, 111.160491943, 40.8754959106, 9.88422775269, -5.95560836792, -8.96375179291, 9.22922801971, 30.0455303192, 36.2721290588, 18.5999908447], [-96.0996627808, -10.165514946, -17.2828273773, -16.2831783295, 40.8754959106, 111.970184326, 45.9287948608, 15.9734725952, -0.398250877857, 7.18555307388, 15.0759267807, 17.9489440918, 8.73110103607], [0.873574018478, -104.375221252, -31.1267032623, -3.04563522339, 9.88422775269, 45.9287948608, 120.322181702, 43.3519172668, 21.1696205139, 6.98633003235, 1.43421757221, 4.29291725159, -0.162537768483], [-17.667798996, -30.9743976593, -46.3480262756, -31.2466945648, -5.95560836792, 15.9734725952, 43.3519172668, 93.085067749, 47.6803855896, 11.8861122131, -10.1261816025, -10.6527957916, -7.49442481995], [-62.6577835083, -53.5303001404, -37.1982765198, -24.6344833374, -8.96375179291, -0.398250877857, 21.1696205139, 47.6803855896, 91.0353546143, 37.0050125122, -3.04529380798, -21.0839920044, -15.4160766602], [-86.9335479736, -83.4607391357, -33.2001686096, 2.2415831089, 9.22922801971, 7.18555307388, 6.98633003235, 11.8861122131, 37.0050125122, 81.5198822021, 36.2735290527, 13.5490674973, -0.401488155127], [-66.0781478882, -101.152244568, -47.6348648071, 12.9336004257, 30.0455303192, 15.0759267807, 1.43421757221, -10.1261816025, -3.04529380798, 36.2735290527, 97.3882980347, 64.9345016479, 13.9194774628], [-42.9210700989, -111.451919556, -50.5675582886, 26.0363388062, 36.2721290588, 17.9489440918, 4.29291725159, -10.6527957916, -21.0839920044, 13.5490674973, 64.9345016479, 112.967498779, 43.4666404724], [-36.1895561218, -24.6132621765, -10.2432613373, 14.6199216843, 18.5999908447, 8.73110103607, -0.162537768483, -7.49442481995, -15.4160766602, -0.401488155127, 13.9194774628, 43.4666404724, 66.2142486572]],
