{
"lowlevel": {
    "average_loudness": 0.941338777542,
    "barkbands_crest": {
        "dmean": 2.36074566841,
        "dmean2": 3.7172358036,
        "dvar": 4.61176109314,
        "dvar2": 10.9064779282,
        "max": 24.1369171143,
        "mean": 13.6186332703,
        "median": 13.6542339325,
        "min": 4.34819078445,
        "var": 16.6207637787
    },
    "barkbands_flatness_db": {
        "dmean": 0.0334161370993,
        "dmean2": 0.0533938445151,
        "dvar": 0.00142038485501,
        "dvar2": 0.00298045319505,
        "max": 0.738197863102,
        "mean": 0.426104038954,
        "median": 0.423225045204,
        "min": 0.0546771027148,
        "var": 0.00624072132632
    },
    "barkbands_kurtosis": {
        "dmean": 3.40656661987,
        "dmean2": 5.32446575165,
        "dvar": 24.1775989532,
        "dvar2": 54.1470413208,
        "max": 79.017036438,
        "mean": 6.67083024979,
        "median": 4.14953613281,
        "min": -1.81479656696,
        "var": 72.7283782959
    },
    "barkbands_skewness": {
        "dmean": 0.526835620403,
        "dmean2": 0.802295148373,
        "dvar": 0.287112206221,
        "dvar2": 0.614483714104,
        "max": 6.63924789429,
        "mean": 1.73557782173,
        "median": 1.63316059113,
        "min": -2.69405627251,
        "var": 1.42877995968
    },
    "barkbands_spread": {
        "dmean": 1.43828833103,
        "dmean2": 2.16654372215,
        "dvar": 4.2497677803,
        "dvar2": 9.04223442078,
        "max": 28.4585266113,
        "mean": 5.01057720184,
        "median": 4.16292381287,
        "min": 0.213762253523,
        "var": 15.3285493851
    },
    "dissonance": {
        "dmean": 0.0535562485456,
        "dmean2": 0.0894361436367,
        "dvar": 0.00221065012738,
        "dvar2": 0.00600815936923,
        "max": 0.497129291296,
        "mean": 0.34519046545,
        "median": 0.34907490015,
        "min": 0.151188582182,
        "var": 0.00534795876592
    },
    "dynamic_complexity": 2.08860421181,
    "erbbands_crest": {
        "dmean": 3.03638124466,
        "dmean2": 4.920109272,
        "dvar": 8.57122612,
        "dvar2": 19.9533462524,
        "max": 32.433139801,
        "mean": 14.2183551788,
        "median": 12.8145914078,
        "min": 3.19302535057,
        "var": 30.6422176361
    },
    "erbbands_flatness_db": {
        "dmean": 0.0248680468649,
        "dmean2": 0.0376967154443,
        "dvar": 0.000853831646964,
        "dvar2": 0.00181444024201,
        "max": 0.501203775406,
        "mean": 0.381387114525,
        "median": 0.385348767042,
        "min": 0.0706823021173,
        "var": 0.00204102997668
    },
    "erbbands_kurtosis": {
        "dmean": 1.50749647617,
        "dmean2": 2.30915856361,
        "dvar": 8.32270050049,
        "dvar2": 19.4432315826,
        "max": 56.0926551819,
        "mean": 1.67407941818,
        "median": 0.265329957008,
        "min": -1.88822293282,
        "var": 24.0035114288
    },
    "erbbands_skewness": {
        "dmean": 0.445253193378,
        "dmean2": 0.664296746254,
        "dvar": 0.260766685009,
        "dvar2": 0.557895541191,
        "max": 4.98916101456,
        "mean": 0.451969653368,
        "median": 0.588532447815,
        "min": -5.0985751152,
        "var": 1.40104353428
    },
    "erbbands_spread": {
        "dmean": 3.27945232391,
        "dmean2": 5.03358697891,
        "dvar": 15.0053396225,
        "dvar2": 34.4275016785,
        "max": 51.4585723877,
        "mean": 15.6069002151,
        "median": 14.0148458481,
        "min": 1.05996155739,
        "var": 71.1810684204
    },
    "hfc": {
        "dmean": 3.62881612778,
        "dmean2": 5.22933006287,
        "dvar": 20.7485351562,
        "dvar2": 43.7485351562,
        "max": 43.3757209778,
        "mean": 10.6355552673,
        "median": 8.2987575531,
        "min": 1.27181573514e-16,
        "var": 62.8769035339
    },
    "melbands_crest": {
        "dmean": 3.09488797188,
        "dmean2": 4.90452814102,
        "dvar": 10.4058799744,
        "dvar2": 22.7022781372,
        "max": 30.6728115082,
        "mean": 19.4306430817,
        "median": 19.8474750519,
        "min": 2.39967107773,
        "var": 40.844127655
    },
    "melbands_flatness_db": {
        "dmean": 0.0359689556062,
        "dmean2": 0.0558898337185,
        "dvar": 0.00187485385686,
        "dvar2": 0.003734102007,
        "max": 0.901457190514,
        "mean": 0.559539914131,
        "median": 0.554822087288,
        "min": 0.00574533967301,
        "var": 0.00885558314621
    },
    "melbands_kurtosis": {
        "dmean": 5.72188949585,
        "dmean2": 8.80733299255,
        "dvar": 66.448387146,
        "dvar2": 146.069122314,
        "max": 94.3670654297,
        "mean": 13.2589483261,
        "median": 8.46915531158,
        "min": -1.87483537197,
        "var": 214.544311523
    },
    "melbands_skewness": {
        "dmean": 0.62438839674,
        "dmean2": 0.946705520153,
        "dvar": 0.427000164986,
        "dvar2": 0.922091186047,
        "max": 8.29775524139,
        "mean": 2.52083754539,
        "median": 2.36128616333,
        "min": -1.86527013779,
        "var": 2.33336257935
    },
    "melbands_spread": {
        "dmean": 1.8962893486,
        "dmean2": 2.77282738686,
        "dvar": 10.8982162476,
        "dvar2": 16.0881843567,
        "max": 119.017433167,
        "mean": 6.06946611404,
        "median": 4.86391496658,
        "min": 0.272546768188,
        "var": 33.1397361755
    },
    "pitch_salience": {
        "dmean": 0.0690174028277,
        "dmean2": 0.112110979855,
        "dvar": 0.00465920381248,
        "dvar2": 0.011538548395,
        "max": 0.894551753998,
        "mean": 0.468725323677,
        "median": 0.46741348505,
        "min": 0.115353733301,
        "var": 0.015242212452
    },
    "silence_rate_20dB": {
        "dmean": 0,
        "dmean2": 0,
        "dvar": 0,
        "dvar2": 0,
        "max": 1,
        "mean": 1,
        "median": 1,
        "min": 1,
        "var": 0
    },
    "silence_rate_30dB": {
        "dmean": 0.0515729747713,
        "dmean2": 0.10319917649,
        "dvar": 0.0489138625562,
        "dvar2": 0.119381159544,
        "max": 1,
        "mean": 0.93298971653,
        "median": 1,
        "min": 0,
        "var": 0.0625214576721
    },
    "silence_rate_60dB": {
        "dmean": 0.00257864873856,
        "dmean2": 0.00515995873138,
        "dvar": 0.00257202540524,
        "dvar2": 0.00616535497829,
        "max": 1,
        "mean": 0.00309278350323,
        "median": 0,
        "min": 0,
        "var": 0.00308318971656
    },
    "spectral_centroid": {
        "dmean": 56.7240829468,
        "dmean2": 79.7102432251,
        "dvar": 49480.1679688,
        "dvar2": 40994.0859375,
        "max": 11038.5644531,
        "mean": 353.69619751,
        "median": 339.773132324,
        "min": 96.7341308594,
        "var": 80569.546875
    },
    "spectral_complexity": {
        "dmean": 1.45074784756,
        "dmean2": 2.35964918137,
        "dvar": 2.58794736862,
        "dvar2": 5.5440454483,
        "max": 20,
        "mean": 8.56958770752,
        "median": 9,
        "min": 0,
        "var": 10.4441156387
    },
    "spectral_decrease": {
        "dmean": 4.24442614388e-09,
        "dmean2": 6.46674713778e-09,
        "dvar": 3.47929172473e-17,
        "dvar2": 7.93179585085e-17,
        "max": 1.13749515117e-28,
        "mean": -1.15158691472e-08,
        "median": -8.63221139014e-09,
        "min": -5.37936237777e-08,
        "var": 8.51963671624e-17
    },
    "spectral_energy": {
        "dmean": 0.0163117367774,
        "dmean2": 0.0248409751803,
        "dvar": 0.000510334328283,
        "dvar2": 0.00116135145072,
        "max": 0.206131890416,
        "mean": 0.0444281958044,
        "median": 0.0332403853536,
        "min": 1.11064377625e-20,
        "var": 0.00125242338981
    },
    "spectral_energyband_high": {
        "dmean": 4.17945585696e-07,
        "dmean2": 6.95453024946e-07,
        "dvar": 1.97810929962e-12,
        "dvar2": 5.30591369452e-12,
        "max": 1.35661975946e-05,
        "mean": 3.77858839329e-07,
        "median": 6.028673738e-08,
        "min": 7.93956305483e-21,
        "var": 1.44594264947e-12
    },
    "spectral_energyband_low": {
        "dmean": 0.0121851619333,
        "dmean2": 0.0196774937212,
        "dvar": 0.000384441402275,
        "dvar2": 0.000902140629478,
        "max": 0.188150390983,
        "mean": 0.0253712758422,
        "median": 0.0164205711335,
        "min": 2.09487235641e-23,
        "var": 0.000828472140711
    },
    "spectral_energyband_middle_high": {
        "dmean": 0.000901352148503,
        "dmean2": 0.00126060959883,
        "dvar": 3.40879591931e-06,
        "dvar2": 7.46784553485e-06,
        "max": 0.0249110776931,
        "mean": 0.00190623092931,
        "median": 0.00111166841816,
        "min": 1.71759530553e-21,
        "var": 7.48824459151e-06
    },
    "spectral_energyband_middle_low": {
        "dmean": 0.00786666572094,
        "dmean2": 0.0114883473143,
        "dvar": 0.000131865119329,
        "dvar2": 0.000312913878588,
        "max": 0.128341719508,
        "mean": 0.0196340717375,
        "median": 0.0120425932109,
        "min": 2.80461836989e-22,
        "var": 0.000360028672731
    },
    "spectral_entropy": {
        "dmean": 0.2441496104,
        "dmean2": 0.3751283288,
        "dvar": 0.085892021656,
        "dvar2": 0.186877712607,
        "max": 9.81647586823,
        "mean": 5.26629018784,
        "median": 5.30942058563,
        "min": 3.76873612404,
        "var": 0.268019884825
    },
    "spectral_flux": {
        "dmean": 0.0372148603201,
        "dmean2": 0.0575723983347,
        "dvar": 0.00212740059942,
        "dvar2": 0.00456481799483,
        "max": 0.360442757607,
        "mean": 0.0818330645561,
        "median": 0.0636357292533,
        "min": 1.05387087945e-10,
        "var": 0.0036860704422
    },
    "spectral_kurtosis": {
        "dmean": 52.0148468018,
        "dmean2": 86.4899597168,
        "dvar": 2215.63818359,
        "dvar2": 5311.37255859,
        "max": 438.219207764,
        "mean": 154.893539429,
        "median": 151.375411987,
        "min": -1.22960484028,
        "var": 5489.82568359
    },
    "spectral_rms": {
        "dmean": 0.00115208234638,
        "dmean2": 0.00170218304265,
        "dvar": 1.94490576177e-06,
        "dvar2": 4.03922194891e-06,
        "max": 0.0141811240464,
        "mean": 0.00611513340846,
        "median": 0.00569470273331,
        "min": 3.29173949383e-12,
        "var": 5.94970606471e-06
    },
    "spectral_rolloff": {
        "dmean": 108.487289429,
        "dmean2": 180.242370605,
        "dvar": 198704.578125,
        "dvar2": 219889.09375,
        "max": 19078.4179688,
        "mean": 435.358642578,
        "median": 344.53125,
        "min": 107.666015625,
        "var": 267186.09375
    },
    "spectral_skewness": {
        "dmean": 2.2383825779,
        "dmean2": 3.77364563942,
        "dvar": 3.51124191284,
        "dvar2": 8.8707780838,
        "max": 17.9800434113,
        "mean": 9.06221485138,
        "median": 9.17445373535,
        "min": 0.00611901748925,
        "var": 8.60827159882
    },
    "spectral_spread": {
        "dmean": 343736.4375,
        "dmean2": 583545.375,
        "dvar": 685993951232,
        "dvar2": 863222038528,
        "max": 41640808,
        "mean": 815077.375,
        "median": 710341.0625,
        "min": 160703.875,
        "var": 1.66132174029e+12
    },
    "spectral_strongpeak": {
        "dmean": 0.384324401617,
        "dmean2": 0.619604229927,
        "dvar": 0.280872195959,
        "dvar2": 0.67856490612,
        "max": 6.88925695419,
        "mean": 1.03161025047,
        "median": 0.836949706078,
        "min": 0,
        "var": 0.600038051605
    },
    "zerocrossingrate": {
        "dmean": 0.00277960207313,
        "dmean2": 0.00331794423983,
        "dvar": 0.000147835060488,
        "dvar2": 0.000153373825015,
        "max": 0.525390625,
        "mean": 0.0152278309688,
        "median": 0.0146484375,
        "min": 0.0009765625,
        "var": 0.000194620239199
    },
    "barkbands": {
        "dmean": [5.16231011716e-05, 0.00417012814432, 0.00857199542224, 0.00373698701151, 0.00309400260448, 0.00152231520042, 0.00141303124838, 0.000478195695905, 0.000730882922653, 0.000263463909505, 7.98380133347e-05, 0.000274157908279, 0.000412674591644, 0.00011546931637, 2.86314771074e-05, 3.59914884029e-06, 3.65264941138e-06, 7.09440428182e-07, 3.91793918197e-07, 1.63123374364e-07, 8.99261820564e-08, 1.21497947703e-07, 6.27944771736e-08, 5.28489643159e-08, 2.47795437502e-08, 6.87562096147e-09, 3.10487591193e-09],
        "dmean2": [8.94152763067e-05, 0.00639942055568, 0.0135491937399, 0.00621892232448, 0.00467182556167, 0.00222526164725, 0.00209123059176, 0.000755220884457, 0.000988401239738, 0.000389741035178, 0.000125990816741, 0.00039034881047, 0.000617970072199, 0.000165871882928, 4.45462537755e-05, 5.4873848967e-06, 5.52142500965e-06, 1.10835298983e-06, 6.33715558251e-07, 2.66329806209e-07, 1.46935562384e-07, 2.14635747398e-07, 1.04091391506e-07, 9.2082572678e-08, 4.25336494914e-08, 1.19317435932e-08, 5.38691447005e-09],
        "dvar": [1.00211838827e-08, 6.99129450368e-05, 0.000195170228835, 5.72082644794e-05, 2.03233921638e-05, 8.03073726274e-06, 1.28353030959e-05, 1.64545281223e-06, 4.61032141175e-06, 3.62745225857e-07, 2.77763732015e-08, 5.62078980693e-07, 3.04142918139e-06, 1.45852467881e-07, 4.52319603994e-09, 6.79866787867e-11, 1.33438871064e-10, 2.59242995994e-12, 2.21155147147e-12, 2.66535925275e-13, 8.71015363784e-14, 2.17269548164e-13, 4.68349724237e-14, 4.2577788219e-14, 8.75706367772e-15, 2.34055701524e-15, 2.01667109796e-15],
        "dvar2": [2.62104773441e-08, 0.000136343966005, 0.000474426808069, 0.000150918640429, 4.46728154202e-05, 1.96493056137e-05, 2.86665035674e-05, 4.20659807787e-06, 9.58349482971e-06, 6.15908163581e-07, 6.48044604645e-08, 9.80576373877e-07, 7.32629177946e-06, 2.63498975528e-07, 1.07676330074e-08, 1.56396715023e-10, 3.09076514382e-10, 6.29113384651e-12, 5.60883674575e-12, 7.22620585331e-13, 2.28038399795e-13, 6.05943897489e-13, 1.23703347912e-13, 1.15889665486e-13, 2.32672056264e-14, 6.25896869868e-15, 5.26667044801e-15],
        "max": [0.00168759725057, 0.0983263999224, 0.155493825674, 0.0808310806751, 0.0629294365644, 0.039269991219, 0.0609425380826, 0.015797836706, 0.0537625402212, 0.00814817473292, 0.00202114367858, 0.0128922415897, 0.0214948654175, 0.0068601090461, 0.000603621534538, 0.000164262964972, 0.000191694547539, 2.33425416809e-05, 3.33171628881e-05, 6.36288132227e-06, 3.08026073981e-06, 4.63416108687e-06, 2.47135221798e-06, 1.83451720659e-06, 1.53180292273e-06, 1.50626408413e-06, 1.60838135344e-06],
        "mean": [0.000114804475743, 0.0070420387201, 0.0157433524728, 0.00481993565336, 0.00686545763165, 0.00269007845782, 0.00321379839443, 0.00082853261847, 0.00117764680181, 0.000513047794811, 0.000140130097861, 0.000509759353008, 0.000488137971843, 0.000232014615904, 3.62550090358e-05, 5.46429464521e-06, 5.98284213993e-06, 1.0035963669e-06, 3.66122804962e-07, 1.59670250355e-07, 7.71481154516e-08, 9.36192066092e-08, 5.39541140654e-08, 4.11709351056e-08, 2.09345287772e-08, 5.46180078942e-09, 2.40784503447e-09],
        "median": [7.87047174526e-05, 0.00207439274527, 0.00916672311723, 0.00166170811281, 0.0040332544595, 0.00136593636125, 0.000421739328885, 0.000101237164927, 0.000238769760472, 0.000139952404425, 3.04735622194e-05, 9.69399552559e-05, 4.15088688897e-05, 2.80335152638e-05, 7.31180534785e-06, 1.24987741401e-06, 7.44014641896e-07, 2.35819271666e-07, 6.36695460798e-08, 1.85983459744e-08, 1.05073887369e-08, 1.03478150493e-08, 7.46580663957e-09, 5.75429570659e-09, 3.87541465585e-09, 1.05892494773e-09, 4.81631290405e-10],
        "min": [1.46871503841e-24, 1.11847326049e-23, 7.79760132502e-24, 5.82280953338e-24, 4.27105134414e-23, 6.28251286164e-23, 5.52022520933e-23, 3.77877626464e-23, 3.69205142108e-23, 1.16947165073e-22, 4.60185322276e-23, 2.00956938729e-22, 4.11354516699e-23, 1.12911365304e-22, 9.32763523156e-23, 1.81201375173e-22, 1.30724235819e-22, 2.78511217473e-22, 3.5011833065e-22, 3.98169299892e-22, 3.61844161094e-22, 4.55911671478e-22, 5.95540152676e-22, 8.82292328658e-22, 1.09222858708e-21, 1.9156773953e-21, 2.80476205617e-21],
        "var": [2.43644162623e-08, 0.000198582813027, 0.000344577303622, 7.8060584201e-05, 6.98346848367e-05, 1.45426811287e-05, 6.21930958005e-05, 3.49995957549e-06, 1.15293496492e-05, 1.01448711121e-06, 5.95353029098e-08, 1.2203560118e-06, 3.72740146304e-06, 4.11636989384e-07, 5.26603427531e-09, 1.19572698964e-10, 2.60694771326e-10, 3.38830634557e-12, 1.79207072359e-12, 2.08251208704e-13, 6.77583735106e-14, 1.39501244215e-13, 3.56538292e-14, 2.89912713248e-14, 6.33960369416e-15, 1.60788166855e-15, 1.4433686002e-15]
    },
    "erbbands": {
        "dmean": [0.0342224538326, 1.30071759224, 8.7022485733, 10.1565694809, 10.9278144836, 11.3105869293, 14.6568479538, 10.2645606995, 18.7304458618, 15.2363185883, 11.1134414673, 16.4610862732, 8.93813896179, 8.32349205017, 5.90306997299, 10.4284791946, 21.3433704376, 4.26998281479, 4.12956762314, 0.652565300465, 0.229237779975, 0.147971153259, 0.0510288029909, 0.0256471596658, 0.0164036061615, 0.0082204984501, 0.00443493900821, 0.00346021889709, 0.0046021444723, 0.00275223399512, 0.00152135500684, 0.00147935538553, 0.000617284909822, 0.000350878108293, 0.000110664121166, 4.83623043692e-05, 1.04272021417e-05, 2.48348374043e-06, 7.57749558034e-06, 1.7852318706e-05],
        "dmean2": [0.052089702338, 2.01830816269, 14.2115812302, 15.998290062, 17.4333744049, 17.1239051819, 21.6774120331, 14.6222248077, 27.5991268158, 21.9513263702, 16.1090984344, 22.0396938324, 12.9879102707, 11.9555549622, 8.24134349823, 15.1182384491, 31.8653507233, 6.03476524353, 5.9203748703, 0.990487098694, 0.336714148521, 0.226914510131, 0.0759607776999, 0.0402423329651, 0.0267751291394, 0.0131248449907, 0.00723744137213, 0.00588941946626, 0.00813801120967, 0.00474525801837, 0.00248330249451, 0.00258683692664, 0.00105243443977, 0.000602284504566, 0.000183245210792, 8.07845572126e-05, 1.67053203768e-05, 4.22641687692e-06, 1.14778522402e-05, 2.71655953838e-05],
        "dvar": [0.0044883126393, 6.24325037003, 216.672271729, 298.648254395, 370.58001709, 307.137023926, 936.907836914, 304.734161377, 2497.44458008, 2973.87475586, 844.381530762, 2158.09570312, 1255.51306152, 450.248596191, 193.843307495, 575.809997559, 8037.20019531, 112.453536987, 196.36088562, 2.80529236794, 0.237405106425, 0.16217045486, 0.0122720617801, 0.00741788512096, 0.00266562402248, 0.000563321984373, 0.0002173945104, 0.000145884987433, 0.000313576601911, 0.000120422548207, 2.54942133324e-05, 3.30385482812e-05, 5.53433801542e-06, 1.69209829437e-06, 2.09853340039e-07, 5.23371284089e-08, 7.05702429826e-09, 8.40238212341e-10, 1.4918034863e-10, 6.06795058644e-10],
        "dvar2": [0.00930311530828, 12.4973773956, 506.627380371, 768.785583496, 992.399841309, 639.298339844, 2351.39160156, 688.448425293, 5427.14501953, 6476.02783203, 2012.69311523, 4212.75146484, 2596.79370117, 730.266967773, 337.635070801, 1126.12731934, 19280.6210938, 224.016067505, 347.311889648, 6.31045436859, 0.519101023674, 0.378116101027, 0.0275405291468, 0.0185981504619, 0.00690298201516, 0.00148637103848, 0.000566329981666, 0.000396577175707, 0.000876174424775, 0.000329585454892, 6.58822682453e-05, 9.03223626665e-05, 1.47629898493e-05, 4.50956622444e-06, 5.51581081254e-07, 1.40869985898e-07, 1.87157205289e-08, 2.21851692572e-09, 3.52759821354e-10, 1.37831324132e-09],
        "max": [1.37274944782, 28.8815784454, 155.970779419, 193.046783447, 244.136505127, 198.298217773, 491.594604492, 222.736480713, 895.14453125, 1635.64135742, 400.468780518, 1386.43457031, 704.022949219, 304.122039795, 241.328018188, 345.325927734, 1103.52453613, 230.850280762, 269.024841309, 18.9369487762, 6.37862110138, 6.73296403885, 1.40515589714, 1.88577771187, 0.861488819122, 0.264124244452, 0.144284471869, 0.133036911488, 0.174084842205, 0.186048895121, 0.0475318394601, 0.0520894937217, 0.0259150024503, 0.0174565725029, 0.0108740311116, 0.0060296994634, 0.00281418045051, 0.000997293973342, 0.000269736920018, 0.000224630071898],
        "mean": [0.0654968246818, 2.27033090591, 16.603313446, 16.8798274994, 18.7034416199, 22.5240936279, 27.9747600555, 20.3354148865, 40.1637077332, 37.4352874756, 19.4896793365, 27.2542438507, 14.7722578049, 18.3231143951, 11.7607955933, 19.9513969421, 26.0052547455, 8.3406047821, 7.93456935883, 0.907762467861, 0.392724692822, 0.250237196684, 0.0799052938819, 0.0268199704587, 0.0162837840617, 0.00859698932618, 0.00393568631262, 0.00295909284614, 0.00351967476308, 0.00223177764565, 0.00137249822728, 0.00113658374175, 0.000537692802027, 0.00031671335455, 0.000119810865726, 5.57606144866e-05, 1.81442774192e-05, 3.17218587043e-06, 2.05348151212e-05, 4.88018340548e-05],
        "median": [0.0153606198728, 0.892556905746, 8.84595584869, 9.22642230988, 8.98660469055, 10.9418315887, 9.6593875885, 11.1363353729, 7.04142618179, 5.47847509384, 4.29586315155, 6.47622966766, 3.90006685257, 4.27927684784, 4.36504268646, 5.40099811554, 3.39371013641, 1.81315851212, 1.71351027489, 0.313441157341, 0.105858050287, 0.0541153103113, 0.0186494570225, 0.00641572847962, 0.00390365626663, 0.0011218842119, 0.000631336704828, 0.000465371937025, 0.000401752593461, 0.000266851275228, 0.000227065873332, 0.000151696644025, 0.000111397268483, 7.38769740565e-05, 4.1191586206e-05, 2.36967407545e-05, 1.1365442333e-05, 1.70296630131e-06, 1.54029548867e-05, 3.6648587411e-05],
        "min": [5.44718476744e-22, 1.7558150484e-21, 9.05884343677e-21, 1.27259548121e-20, 1.32837761751e-19, 1.10015292888e-19, 1.92111702064e-19, 6.92113547353e-19, 7.38512951344e-19, 6.82956709671e-19, 1.01238066484e-18, 9.46366585474e-19, 3.00768268078e-18, 2.69937054619e-18, 2.99345496745e-18, 8.68586627039e-18, 2.36517861858e-18, 3.83867432121e-18, 6.09994706073e-18, 7.35148001292e-18, 7.88667414105e-18, 7.81664172167e-18, 1.27505027603e-17, 2.12346990886e-17, 1.53270214759e-17, 1.68468086871e-17, 1.4633392482e-17, 1.40228951396e-17, 1.63017727641e-17, 1.97414478314e-17, 1.37543691517e-17, 1.59610074389e-17, 1.65957742605e-17, 1.20353596258e-17, 7.82832564782e-18, 5.99812030015e-18, 3.70211052439e-18, 1.59245171934e-18, 3.70734207987e-19, 4.03477377053e-20],
        "var": [0.023634750396, 17.2978057861, 420.673797607, 445.999053955, 622.556762695, 956.821411133, 2842.890625, 713.648986816, 10352.4580078, 19392.1464844, 1597.55505371, 5282.6875, 2452.95385742, 1362.64282227, 440.171875, 1302.72033691, 9878.35058594, 356.960418701, 535.194030762, 3.22036314011, 0.522335410118, 0.315433144569, 0.0199583638459, 0.00627105962485, 0.00215492304415, 0.000502849114127, 0.000169284248841, 0.000102625905129, 0.000199126268853, 8.24708986329e-05, 2.03500585485e-05, 2.21364934987e-05, 3.99123518946e-06, 1.22309529615e-06, 1.57193611017e-07, 3.66005075136e-08, 4.98366992119e-09, 5.89287174613e-10, 2.88490870082e-10, 1.49030565666e-09]
    },
    "gfcc": {
        "mean": [-191.357635498, 257.811798096, -68.6828308105, -37.3898391724, -14.5803890228, 4.97888469696, -24.6546268463, -24.838722229, -11.0007677078, -17.6155033112, -4.93933439255, -17.7784347534, -6.13536500931],
        "cov": [[4627.02832031, 17.0745067596, -1509.94628906, -35.880279541, -332.063262939, -182.47479248, -178.668884277, 79.8904876709, 93.9084320068, 68.7329483032, 130.496032715, 39.6774864197, -147.437988281], [17.0745067596, 402.102813721, 37.3414611816, -296.321075439, 70.5857620239, -103.419830322, -44.2184524536, -48.1003990173, -11.7850618362, -11.2861375809, 5.65301370621, 15.7961874008, 2.6142270565], [-1509.94628906, 37.3414611816, 1255.94189453, 228.365142822, 169.444885254, 138.419372559, 122.516899109, -22.1041049957, -46.7881164551, -23.3666038513, -68.9302749634, -26.6672077179, 64.9670028687], [-35.880279541, -296.321075439, 228.365142822, 477.682922363, 108.178695679, 130.855407715, 79.8085098267, 6.22772741318, 0.712862849236, 35.5451507568, 17.4143257141, -20.6595935822, -12.9251670837], [-332.063262939, 70.5857620239, 169.444885254, 108.178695679, 411.317687988, 86.9056091309, 46.3698959351, -89.559135437, -29.339931488, 53.5977554321, 30.4096088409, -15.4292602539, -57.5864906311], [-182.47479248, -103.419830322, 138.419372559, 130.855407715, 86.9056091309, 223.549423218, 121.309776306, -33.1689224243, -56.955619812, -38.3285331726, -30.4588851929, 1.77893030643, 43.8687515259], [-178.668884277, -44.2184524536, 122.516899109, 79.8085098267, 46.3698959351, 121.309776306, 188.94078064, 47.9350738525, -52.6917533875, -70.5489120483, -45.8286895752, 8.91075706482, 31.7373142242], [79.8904876709, -48.1003990173, -22.1041049957, 6.22772741318, -89.559135437, -33.1689224243, 47.9350738525, 159.955474854, 68.6586914062, -49.2593650818, -49.3004112244, -4.77501773834, 10.1743793488], [93.9084320068, -11.7850618362, -46.7881164551, 0.712862849236, -29.339931488, -56.955619812, -52.6917533875, 68.6586914062, 128.867660522, 52.9719657898, -3.18109154701, -31.5803184509, -26.820520401], [68.7329483032, -11.2861375809, -23.3666038513, 35.5451507568, 53.5977554321, -38.3285331726, -70.5489120483, -49.2593650818, 52.9719657898, 150.911712646, 95.6433944702, -24.6494693756, -77.6110076904], [130.496032715, 5.65301370621, -68.9302749634, 17.4143257141, 30.4096088409, -30.4588851929, -45.8286895752, -49.3004112244, -3.18109154701, 95.6433944702, 135.252502441, 43.0764770508, -65.0506973267], [39.6774864197, 15.7961874008, -26.6672077179, -20.6595935822, -15.4292602539, 1.77893030643, 8.91075706482, -4.77501773834, -31.5803184509, -24.6494693756, 43.0764770508, 110.720863342, 48.7735061646], [-147.437988281, 2.6142270565, 64.9670028687, -12.9251670837, -57.5864906311, 43.8687515259, 31.7373142242, 10.1743793488, -26.820520401, -77.6110076904, -65.0506973267, 48.7735061646, 142.617752075]],
        "icov": [[0.000571600743569, -0.00146408728324, 0.000870368094184, -0.0013397608418, 0.000824385031592, -0.000832682999317, 0.000767493853346, -0.000878140097484, 0.000838170584757, -0.00109846808482, 0.0013471331913, -0.00102417077869, 0.00110526999924], [-0.00146408728324, 0.0124618522823, -0.00340225035325, 0.00916009396315, -0.00514929834753, 0.00663988431916, -0.00502064917237, 0.00663311872631, -0.00632923282683, 0.00826133880764, -0.00907193496823, 0.00551405036822, -0.00555770657957], [0.000870368094184, -0.00340225035325, 0.00248212204315, -0.00317450426519, 0.00134812830947, -0.00177430047188, 0.0012233776506, -0.0019272902282, 0.0022047047969, -0.00300473277457, 0.00344995525666, -0.00181779859122, 0.0014738595346], [-0.0013397608418, 0.00916009396315, -0.00317450426519, 0.00991385895759, -0.00431199232116, 0.00306580029428, -0.00371504295617, 0.00341071444564, -0.00442949961871, 0.0052523096092, -0.00811463221908, 0.00521853892133, -0.00476979184896], [0.000824385031592, -0.00514929834753, 0.00134812830947, -0.00431199232116, 0.0060955141671, -0.00317885004915, 0.000459418282844, 0.000452804408269, 0.00138449401129, -0.00449300324544, 0.00617311196402, -0.00455951923504, 0.00543655408546], [-0.000832682999317, 0.00663988431916, -0.00177430047188, 0.00306580029428, -0.00317885004915, 0.0141025390476, -0.00992317870259, 0.00950091518462, -0.00602651434019, 0.00672870734707, -0.00593727827072, 0.00466156424955, -0.0057614017278], [0.000767493853346, -0.00502064917237, 0.0012233776506, -0.00371504295617, 0.000459418282844, -0.00992317870259, 0.017938895151, -0.0142829455435, 0.0125028062612, -0.0057416902855, 0.00629082135856, -0.0035195981618, 0.00355598446913], [-0.000878140097484, 0.00663311872631, -0.0019272902282, 0.00341071444564, 0.000452804408269, 0.00950091518462, -0.0142829455435, 0.0273743905127, -0.0219893567264, 0.0160460919142, -0.00594563921914, 0.00136793265119, 6.06531175436e-05], [0.000838170584757, -0.00632923282683, 0.0022047047969, -0.00442949961871, 0.00138449401129, -0.00602651434019, 0.0125028062612, -0.0219893567264, 0.0311220977455, -0.0230495072901, 0.0158375203609, -0.00512242363766, 0.00306105823256], [-0.00109846808482, 0.00826133880764, -0.00300473277457, 0.0052523096092, -0.00449300324544, 0.00672870734707, -0.0057416902855, 0.0160460919142, -0.0230495072901, 0.0409010462463, -0.0339950956404, 0.0188265256584, -0.00721421930939], [0.0013471331913, -0.00907193496823, 0.00344995525666, -0.00811463221908, 0.00617311196402, -0.00593727827072, 0.00629082135856, -0.00594563921914, 0.0158375203609, -0.0339950956404, 0.0517242960632, -0.032438699156, 0.0217598024756], [-0.00102417077869, 0.00551405036822, -0.00181779859122, 0.00521853892133, -0.00455951923504, 0.00466156424955, -0.0035195981618, 0.00136793265119, -0.00512242363766, 0.0188265256584, -0.032438699156, 0.0325401835144, -0.0190905220807], [0.00110526999924, -0.00555770657957, 0.0014738595346, -0.00476979184896, 0.00543655408546, -0.0057614017278, 0.00355598446913, 6.06531175436e-05, 0.00306105823256, -0.00721421930939, 0.0217598024756, -0.0190905220807, 0.0234278459102]]
    },
    "melbands": {
        "dmean": [0.000695388473105, 0.00349179585464, 0.00172566995025, 0.000759655318689, 0.000478700647363, 0.000247881951509, 0.000277403101791, 0.00014649447985, 9.32354887482e-05, 0.000100736462628, 4.48854734714e-05, 3.6349214497e-05, 1.49692687046e-05, 3.61760830856e-05, 3.96876166633e-05, 2.99977764371e-05, 7.36839274396e-06, 8.58155817696e-06, 1.97617373487e-06, 2.32990146287e-07, 2.98013617339e-07, 1.9157344866e-07, 8.45844851938e-08, 3.038665497e-08, 1.9787739447e-08, 1.56750736835e-08, 7.79971909282e-09, 4.76115546988e-09, 2.62748467428e-09, 2.26829954819e-09, 2.04944572424e-09, 3.26870441825e-09, 1.41156542011e-09, 1.5031685896e-09, 8.20205459107e-10, 7.97036603384e-10, 1.03535391371e-09, 4.59551258158e-10, 3.73761327443e-10, 2.61703825277e-10],
        "dmean2": [0.00107687187847, 0.00570078426972, 0.00274510146119, 0.0011432794854, 0.00068714551162, 0.000353528303094, 0.000412561901612, 0.000213751118281, 0.000131270746351, 0.000137301234645, 6.66889027343e-05, 5.23487651662e-05, 2.18251025217e-05, 5.05263415107e-05, 5.94087177888e-05, 4.46859448857e-05, 1.09050106403e-05, 1.22883793665e-05, 3.06858737531e-06, 3.68892330016e-07, 4.38968385197e-07, 2.92268083513e-07, 1.24255080891e-07, 4.7034706796e-08, 3.14853885186e-08, 2.5497493894e-08, 1.29719284203e-08, 7.54421147775e-09, 4.26812585275e-09, 3.84774123674e-09, 3.50150641815e-09, 5.84688786276e-09, 2.42930964234e-09, 2.58542298681e-09, 1.3099030749e-09, 1.35447864036e-09, 1.84726023367e-09, 7.90790044558e-10, 6.44611364287e-10, 4.49771275779e-10],
        "dvar": [1.90263585864e-06, 3.53916620952e-05, 8.57392751641e-06, 1.21707569178e-06, 8.98773862446e-07, 1.86897892718e-07, 5.2435126463e-07, 2.58069775327e-07, 5.56696662102e-08, 8.6653130893e-08, 3.17922683735e-08, 8.91988261031e-09, 9.18386477977e-10, 1.12839737554e-08, 2.30481536079e-08, 1.42528548963e-08, 4.74704331399e-10, 1.07774278391e-09, 3.02100809646e-11, 3.21450169e-13, 5.28122196582e-13, 4.07362945459e-13, 4.44264105213e-14, 4.76357438195e-15, 5.57281864833e-15, 2.84104040817e-15, 5.39959310496e-16, 1.88192800839e-16, 7.86085882675e-17, 6.21592547539e-17, 5.37708558667e-17, 1.72976965672e-16, 3.85614429303e-17, 3.37904041234e-17, 6.52219298494e-18, 8.42324221617e-18, 1.74663818552e-17, 3.15333884689e-18, 2.02477477136e-18, 9.90228251045e-19],
        "dvar2": [3.93042182623e-06, 8.05852323538e-05, 2.28443386732e-05, 2.55767895396e-06, 2.22924040827e-06, 4.21969502895e-07, 1.16313265153e-06, 5.72193641801e-07, 1.24121939393e-07, 1.80807759875e-07, 6.54289351587e-08, 1.44372602762e-08, 1.87630533333e-09, 1.91643962921e-08, 5.5207515004e-08, 3.41415606897e-08, 9.46333678087e-10, 1.90703319802e-09, 6.79547668136e-11, 8.03551723858e-13, 1.17203870307e-12, 9.42247907303e-13, 9.03099209998e-14, 1.07324004149e-14, 1.40444127411e-14, 7.33464717862e-15, 1.43213503749e-15, 4.87619238861e-16, 2.01717322968e-16, 1.68386060333e-16, 1.48057944578e-16, 4.87602827598e-16, 1.05295532558e-16, 9.24880436714e-17, 1.6374761527e-17, 2.24814687213e-17, 4.81554774126e-17, 8.45680093362e-18, 5.38991921115e-18, 2.66736196521e-18],
        "max": [0.0156790483743, 0.0581397339702, 0.0322017297149, 0.0128931077197, 0.016540998593, 0.00552986422554, 0.0126999085769, 0.0150602832437, 0.00390521530062, 0.00785407982767, 0.00346994679421, 0.00134150753729, 0.000378827622626, 0.00187618436757, 0.00192552292719, 0.00146409950685, 0.000397535739467, 0.000632182927802, 4.59918192064e-05, 1.50783007484e-05, 8.71546944836e-06, 1.09022475954e-05, 3.61602587873e-06, 7.50595859245e-07, 1.71251690517e-06, 9.57178031058e-07, 2.50085292919e-07, 1.50652809339e-07, 9.18077986967e-08, 7.93408787558e-08, 7.57261346962e-08, 1.37173699954e-07, 1.3132560639e-07, 8.84725253059e-08, 2.75359024471e-08, 2.44229330093e-08, 3.96644672662e-08, 1.83806658782e-08, 1.609200595e-08, 1.42319915852e-08],
        "mean": [0.00119797163643, 0.00680188369006, 0.00308750709519, 0.00154932122678, 0.00097232387634, 0.00048435269855, 0.000602653657552, 0.000347471795976, 0.000159078917932, 0.000163538716151, 7.10659660399e-05, 7.80603222665e-05, 2.85595669993e-05, 6.70127265039e-05, 5.33650163561e-05, 3.72184367734e-05, 1.46452002809e-05, 1.63902514032e-05, 2.29471356761e-06, 3.45972893001e-07, 4.96093718994e-07, 3.10235094503e-07, 1.25479274971e-07, 3.92171592978e-08, 1.85864870161e-08, 1.47285827978e-08, 7.60601004401e-09, 5.0263779805e-09, 2.28549956738e-09, 1.86993620588e-09, 1.70869607352e-09, 2.41844233528e-09, 1.16444121012e-09, 1.2096057489e-09, 7.64993346447e-10, 6.55059673171e-10, 7.41612937727e-10, 3.79070164147e-10, 3.11489972704e-10, 2.1899379532e-10],
        "median": [0.000318526581395, 0.00374840106815, 0.00173252215609, 0.000868699746206, 0.00033793959301, 0.000249865843216, 0.000102417863673, 4.36737391283e-05, 4.66776582471e-05, 3.3283198718e-05, 1.7505040887e-05, 1.64387602126e-05, 8.79816980159e-06, 1.20859194794e-05, 8.18053922558e-06, 4.38304641648e-06, 2.18760010284e-06, 2.12968006963e-06, 4.98979034091e-07, 9.89790436279e-08, 7.04135203478e-08, 3.92483947564e-08, 1.96011846754e-08, 8.07298583538e-09, 3.34258043466e-09, 2.58831978073e-09, 1.178822151e-09, 5.30320287684e-10, 2.97848551378e-10, 2.37436070805e-10, 2.59542887182e-10, 2.26732771447e-10, 1.28970556457e-10, 1.37612227169e-10, 1.30539079546e-10, 8.23479895384e-11, 7.59702717401e-11, 6.41667968759e-11, 4.92385021644e-11, 4.28136276431e-11],
        "min": [3.64113896934e-24, 3.64694814105e-24, 5.03703386316e-24, 1.11441528111e-23, 5.92373324215e-24, 1.43035786018e-23, 1.08560450313e-23, 6.98020100997e-24, 7.97316626378e-24, 5.59818888479e-24, 1.55461670562e-23, 1.13689182156e-23, 7.16969249915e-24, 2.38459241013e-23, 1.21608943326e-23, 3.43731229979e-24, 8.29334833913e-24, 1.06357792893e-23, 8.23752380831e-24, 1.32765432344e-23, 7.45876426698e-24, 6.88372884329e-24, 9.5925099533e-24, 1.53923675786e-23, 1.77160457274e-23, 1.26028449773e-23, 1.14196593268e-23, 1.16832185441e-23, 8.39581111553e-24, 9.68213244075e-24, 7.57717623316e-24, 7.84304444632e-24, 1.11531978902e-23, 1.16719086453e-23, 7.47372738063e-24, 9.19485148187e-24, 1.03455258079e-23, 1.21209053956e-23, 1.03576387671e-23, 9.84520734479e-24],
        "var": [5.46362480236e-06, 7.69718462834e-05, 1.37062470458e-05, 3.40757219419e-06, 3.05860839944e-06, 4.49210688203e-07, 2.11554402085e-06, 1.62508308676e-06, 1.13838900972e-07, 2.10761356811e-07, 6.04422396577e-08, 2.66742343769e-08, 2.02853711606e-09, 2.41101911769e-08, 2.95611961576e-08, 1.75584595752e-08, 1.3896043205e-09, 2.91129254038e-09, 3.1249128285e-11, 4.32776779908e-13, 1.14790685637e-12, 7.87361495447e-13, 8.4096866569e-14, 6.34317266749e-15, 4.53573734222e-15, 2.26853189791e-15, 4.3014328883e-16, 1.87491259035e-16, 6.3234080007e-17, 4.43076581962e-17, 3.66369940003e-17, 1.06094271393e-16, 2.65457693758e-17, 2.3290509263e-17, 5.58883588255e-18, 6.1901138834e-18, 1.12666615098e-17, 2.23097993793e-18, 1.46671933565e-18, 6.9763037675e-19]
    },
    "mfcc": {
        "mean": [-834.313232422, 270.687805176, 43.1322364807, -13.7899751663, 16.2390232086, 19.7610702515, 4.25232076645, -2.25324368477, -5.37017774582, -3.31922674179, -1.36754667759, -4.38391590118, -5.99665212631],
        "cov": [[2872.82568359, 857.682495117, -1358.87451172, -452.106842041, 3.50885558128, -279.651031494, -322.411468506, -45.0475311279, -143.483016968, -91.0326690674, 110.724685669, 169.104110718, 82.7381286621], [857.682495117, 647.833618164, -351.850860596, -329.144683838, -26.080783844, -130.958770752, -162.822113037, -67.0452194214, -69.0983581543, -88.9537963867, 14.3979301453, 90.2356872559, 52.1581611633], [-1358.87451172, -351.850860596, 962.130249023, 373.035888672, -35.8419494629, 156.604675293, 177.179077148, 37.3944740295, 97.4380950928, 52.8284454346, -78.5298995972, -96.3807678223, -50.396987915], [-452.106842041, -329.144683838, 373.035888672, 435.58895874, 130.015823364, 108.161354065, 118.543052673, 57.5775527954, 33.3867073059, 66.275894165, 47.828414917, -10.6282291412, -21.6963157654], [3.50885558128, -26.080783844, -35.8419494629, 130.015823364, 218.754684448, 126.235931396, 34.3486442566, -23.8576412201, -43.8231163025, 13.2101478577, 77.5879821777, 51.5247993469, 13.0671701431], [-279.651031494, -130.958770752, 156.604675293, 108.161354065, 126.235931396, 264.580566406, 185.986083984, -7.20101308823, -32.2464599609, 12.2408208847, 4.15120983124, -14.0598058701, -19.8369407654], [-322.411468506, -162.822113037, 177.179077148, 118.543052673, 34.3486442566, 185.986083984, 249.410430908, 98.1421890259, 13.8942518234, 3.55727410316, -23.6941280365, -23.8552818298, -23.9704723358], [-45.0475311279, -67.0452194214, 37.3944740295, 57.5775527954, -23.8576412201, -7.20101308823, 98.1421890259, 167.095718384, 108.815513611, -5.59647989273, -60.7096557617, -41.2879981995, -8.72487258911], [-143.483016968, -69.0983581543, 97.4380950928, 33.3867073059, -43.8231163025, -32.2464599609, 13.8942518234, 108.815513611, 162.641586304, 61.3242492676, -76.2450332642, -95.8707580566, -23.5740890503], [-91.0326690674, -88.9537963867, 52.8284454346, 66.275894165, 13.2101478577, 12.2408208847, 3.55727410316, -5.59647989273, 61.3242492676, 139.803268433, 54.368434906, -74.2250289917, -52.5617904663], [110.724685669, 14.3979301453, -78.5298995972, 47.828414917, 77.5879821777, 4.15120983124, -23.6941280365, -60.7096557617, -76.2450332642, 54.368434906, 163.779922485, 87.0754547119, -6.34019136429], [169.104110718, 90.2356872559, -96.3807678223, -10.6282291412, 51.5247993469, -14.0598058701, -23.8552818298, -41.2879981995, -95.8707580566, -74.2250289917, 87.0754547119, 207.146057129, 101.476524353], [82.7381286621, 52.1581611633, -50.396987915, -21.6963157654, 13.0671701431, -19.8369407654, -23.9704723358, -8.72487258911, -23.5740890503, -52.5617904663, -6.34019136429, 101.476524353, 119.242507935]],
