{
"lowlevel": {
    "average_loudness": 0.121492765844,
    "barkbands_crest": {
        "dmean": 3.2117972374,
        "dmean2": 5.46896028519,
        "dvar": 9.34259319305,
        "dvar2": 25.4136829376,
        "max": 26.5766468048,
        "mean": 14.7518033981,
        "median": 13.9971456528,
        "min": 2.68828082085,
        "var": 33.5246772766
    },
    "barkbands_flatness_db": {
        "dmean": 0.0380279123783,
        "dmean2": 0.060484573245,
        "dvar": 0.00131087237969,
        "dvar2": 0.00290087563917,
        "max": 0.67351859808,
        "mean": 0.32675743103,
        "median": 0.323597282171,
        "min": 0.0654645264149,
        "var": 0.0115118725225
    },
    "barkbands_kurtosis": {
        "dmean": 8.41737651825,
        "dmean2": 14.1935882568,
        "dvar": 347.780273438,
        "dvar2": 946.749694824,
        "max": 370.636749268,
        "mean": 13.9208154678,
        "median": 4.81341123581,
        "min": -1.76879560947,
        "var": 862.902282715
    },
    "barkbands_skewness": {
        "dmean": 0.984545588493,
        "dmean2": 1.6336170435,
        "dvar": 1.46195328236,
        "dvar2": 3.89976072311,
        "max": 16.2077083588,
        "mean": 1.40487861633,
        "median": 1.17266607285,
        "min": -6.30187702179,
        "var": 3.43062758446
    },
    "barkbands_spread": {
        "dmean": 1.56572401524,
        "dmean2": 2.5940144062,
        "dvar": 4.46446323395,
        "dvar2": 11.6321992874,
        "max": 27.918964386,
        "mean": 4.49860429764,
        "median": 3.39441204071,
        "min": 0.0634114071727,
        "var": 15.3988714218
    },
    "dissonance": {
        "dmean": 0.0652261599898,
        "dmean2": 0.112175606191,
        "dvar": 0.00368379964493,
        "dvar2": 0.0106840021908,
        "max": 0.500000059605,
        "mean": 0.354627013206,
        "median": 0.36780834198,
        "min": 0.0674081295729,
        "var": 0.00944578181952
    },
    "dynamic_complexity": 7.69047021866,
    "erbbands_crest": {
        "dmean": 3.63797950745,
        "dmean2": 6.14531183243,
        "dvar": 12.7176589966,
        "dvar2": 34.6662979126,
        "max": 33.8714599609,
        "mean": 16.4355373383,
        "median": 15.009226799,
        "min": 3.57053232193,
        "var": 55.0380706787
    },
    "erbbands_flatness_db": {
        "dmean": 0.033616155386,
        "dmean2": 0.05265064165,
        "dvar": 0.0011841567466,
        "dvar2": 0.00257638888434,
        "max": 0.580076277256,
        "mean": 0.351056516171,
        "median": 0.355214744806,
        "min": 0.134739786386,
        "var": 0.0102503178641
    },
    "erbbands_kurtosis": {
        "dmean": 4.40707540512,
        "dmean2": 7.07475996017,
        "dvar": 67.7341537476,
        "dvar2": 140.647399902,
        "max": 154.498275757,
        "mean": 9.29943275452,
        "median": 2.52731084824,
        "min": -1.69365513325,
        "var": 459.806518555
    },
    "erbbands_skewness": {
        "dmean": 0.674221992493,
        "dmean2": 1.10705149174,
        "dvar": 0.455732882023,
        "dvar2": 1.19966268539,
        "max": 8.86144638062,
        "mean": 1.20573043823,
        "median": 0.91334092617,
        "min": -1.99384725094,
        "var": 2.01713895798
    },
    "erbbands_spread": {
        "dmean": 3.32814359665,
        "dmean2": 5.52876138687,
        "dvar": 22.5806694031,
        "dvar2": 55.0121574402,
        "max": 52.4767951965,
        "mean": 9.9695558548,
        "median": 8.26907157898,
        "min": 0.246154293418,
        "var": 70.3344421387
    },
    "hfc": {
        "dmean": 3.48217129707,
        "dmean2": 5.71697950363,
        "dvar": 98.9505310059,
        "dvar2": 237.50743103,
        "max": 143.920654297,
        "mean": 5.98382663727,
        "median": 2.27975654602,
        "min": 0.00718016782776,
        "var": 157.360183716
    },
    "melbands_crest": {
        "dmean": 3.89947199821,
        "dmean2": 6.73942565918,
        "dvar": 13.4294948578,
        "dvar2": 38.9948387146,
        "max": 33.9329910278,
        "mean": 17.1951580048,
        "median": 16.0580463409,
        "min": 3.2665207386,
        "var": 45.4936676025
    },
    "melbands_flatness_db": {
        "dmean": 0.0400518067181,
        "dmean2": 0.0641317591071,
        "dvar": 0.00137628032826,
        "dvar2": 0.00316054793075,
        "max": 0.777305483818,
        "mean": 0.397367805243,
        "median": 0.392834663391,
        "min": 0.131097406149,
        "var": 0.0121698006988
    },
    "melbands_kurtosis": {
        "dmean": 6.56638002396,
        "dmean2": 10.9536724091,
        "dvar": 135.425827026,
        "dvar2": 404.14050293,
        "max": 255.126800537,
        "mean": 10.562166214,
        "median": 4.31644868851,
        "min": -1.67364895344,
        "var": 273.920043945
    },
    "melbands_skewness": {
        "dmean": 0.833171904087,
        "dmean2": 1.38638663292,
        "dvar": 0.762331724167,
        "dvar2": 2.0435256958,
        "max": 9.78306007385,
        "mean": 1.17983114719,
        "median": 1.09996819496,
        "min": -5.64916181564,
        "var": 2.8920340538
    },
    "melbands_spread": {
        "dmean": 2.4237382412,
        "dmean2": 4.1342291832,
        "dvar": 11.4770011902,
        "dvar2": 31.6230335236,
        "max": 46.9817695618,
        "mean": 6.59485816956,
        "median": 5.13868236542,
        "min": 0.250200659037,
        "var": 30.5215816498
    },
    "pitch_salience": {
        "dmean": 0.105875745416,
        "dmean2": 0.182091861963,
        "dvar": 0.00998203270137,
        "dvar2": 0.0280114710331,
        "max": 0.969455897808,
        "mean": 0.521570563316,
        "median": 0.54268938303,
        "min": 0.0564499162138,
        "var": 0.0277867857367
    },
    "silence_rate_20dB": {
        "dmean": 0.00103092787322,
        "dmean2": 0.00206291908398,
        "dvar": 0.00102987117134,
        "dvar2": 0.00205868505873,
        "max": 1,
        "mean": 0.998969614506,
        "median": 1,
        "min": 0,
        "var": 0.00102934183087
    },
    "silence_rate_30dB": {
        "dmean": 0.0175257734954,
        "dmean2": 0.0350696220994,
        "dvar": 0.0172185879201,
        "dvar2": 0.0410585328937,
        "max": 1,
        "mean": 0.977846443653,
        "median": 1,
        "min": 0,
        "var": 0.0216633304954
    },
    "silence_rate_60dB": {
        "dmean": 0.0639175251126,
        "dmean2": 0.127385243773,
        "dvar": 0.0598307549953,
        "dvar2": 0.127659603953,
        "max": 1,
        "mean": 0.430705815554,
        "median": 0,
        "min": 0,
        "var": 0.245200276375
    },
    "spectral_centroid": {
        "dmean": 81.4784622192,
        "dmean2": 138.869430542,
        "dvar": 14569.3330078,
        "dvar2": 40122.1210938,
        "max": 2117.89819336,
        "mean": 563.258422852,
        "median": 552.887634277,
        "min": 224.698486328,
        "var": 46671.0234375
    },
    "spectral_complexity": {
        "dmean": 1.33711338043,
        "dmean2": 2.27127385139,
        "dvar": 2.87194299698,
        "dvar2": 6.7504901886,
        "max": 19,
        "mean": 4.14322519302,
        "median": 4,
        "min": 0,
        "var": 10.2350139618
    },
    "spectral_decrease": {
        "dmean": 2.2912194364e-09,
        "dmean2": 3.88079746116e-09,
        "dvar": 5.04035624116e-17,
        "dvar2": 1.29258617414e-16,
        "max": -3.57451047928e-12,
        "mean": -3.51762530215e-09,
        "median": -1.04971120685e-09,
        "min": -1.02464028373e-07,
        "var": 7.81165150647e-17
    },
    "spectral_energy": {
        "dmean": 0.00895688775927,
        "dmean2": 0.0151543430984,
        "dvar": 0.000763863965403,
        "dvar2": 0.00195469311439,
        "max": 0.398260086775,
        "mean": 0.013819062151,
        "median": 0.00415977183729,
        "min": 1.41592572618e-05,
        "var": 0.00118547340389
    },
    "spectral_energyband_high": {
        "dmean": 2.6892068945e-06,
        "dmean2": 4.5215388127e-06,
        "dvar": 1.14491444103e-10,
        "dvar2": 2.11761844171e-10,
        "max": 0.000352989300154,
        "mean": 3.43507053913e-06,
        "median": 2.20897206304e-07,
        "min": 2.04262224912e-08,
        "var": 2.26710622497e-10
    },
    "spectral_energyband_low": {
        "dmean": 0.000175597146153,
        "dmean2": 0.000311139388941,
        "dvar": 5.66575408811e-07,
        "dvar2": 1.42322971897e-06,
        "max": 0.0166368130594,
        "mean": 0.000174253393197,
        "median": 2.15884647332e-05,
        "min": 2.91685893217e-07,
        "var": 7.1481372288e-07
    },
    "spectral_energyband_middle_high": {
        "dmean": 0.000748199643567,
        "dmean2": 0.00126618880313,
        "dvar": 6.18734702584e-06,
        "dvar2": 1.59314586199e-05,
        "max": 0.0516777522862,
        "mean": 0.001323382603,
        "median": 0.000257836654782,
        "min": 5.85039288126e-07,
        "var": 1.03395632323e-05
    },
    "spectral_energyband_middle_low": {
        "dmean": 0.00846680626273,
        "dmean2": 0.0143819786608,
        "dvar": 0.000719862990081,
        "dvar2": 0.00184794375673,
        "max": 0.39035692811,
        "mean": 0.0126194693148,
        "median": 0.00300685875118,
        "min": 7.50797971705e-06,
        "var": 0.00112178863492
    },
    "spectral_entropy": {
        "dmean": 0.366002857685,
        "dmean2": 0.596788346767,
        "dvar": 0.112596161664,
        "dvar2": 0.276542931795,
        "max": 7.94724082947,
        "mean": 5.9632229805,
        "median": 5.96479988098,
        "min": 3.17520713806,
        "var": 0.845081627369
    },
    "spectral_flux": {
        "dmean": 0.0237967073917,
        "dmean2": 0.0402433611453,
        "dvar": 0.00254493905231,
        "dvar2": 0.00675207050517,
        "max": 0.485270768404,
        "mean": 0.0466595217586,
        "median": 0.0260326229036,
        "min": 0.00216656364501,
        "var": 0.00389151833951
    },
    "spectral_kurtosis": {
        "dmean": 23.3360347748,
        "dmean2": 39.2155075073,
        "dvar": 1113.09765625,
        "dvar2": 2840.85791016,
        "max": 420.033843994,
        "mean": 48.1840934753,
        "median": 26.9329204559,
        "min": 1.19894218445,
        "var": 3160.81958008
    },
    "spectral_rms": {
        "dmean": 0.000860345899127,
        "dmean2": 0.00141162017826,
        "dvar": 2.87739999294e-06,
        "dvar2": 7.03656132828e-06,
        "max": 0.0197115819901,
        "mean": 0.00259318714961,
        "median": 0.00201452570036,
        "min": 0.000117532588774,
        "var": 6.75739147482e-06
    },
    "spectral_rolloff": {
        "dmean": 136.069351196,
        "dmean2": 249.790969849,
        "dvar": 48729.1367188,
        "dvar2": 141316.15625,
        "max": 2325.5859375,
        "mean": 668.051269531,
        "median": 624.462890625,
        "min": 129.19921875,
        "var": 83528.6796875
    },
    "spectral_skewness": {
        "dmean": 1.29031395912,
        "dmean2": 2.16866374016,
        "dvar": 1.86704957485,
        "dvar2": 4.81518983841,
        "max": 17.0964241028,
        "mean": 4.56031560898,
        "median": 3.77348279953,
        "min": 0.768342852592,
        "var": 7.66087436676
    },
    "spectral_spread": {
        "dmean": 490168.625,
        "dmean2": 836860.75,
        "dvar": 283668873216,
        "dvar2": 784479682560,
        "max": 5409708.5,
        "mean": 1819615.875,
        "median": 1597044.125,
        "min": 232394.484375,
        "var": 934822936576
    },
    "spectral_strongpeak": {
        "dmean": 0.347947388887,
        "dmean2": 0.547845542431,
        "dvar": 0.337952852249,
        "dvar2": 0.761116683483,
        "max": 8.87791824341,
        "mean": 0.951373875141,
        "median": 0.600535929203,
        "min": 0.003738271771,
        "var": 1.18047213554
    },
    "zerocrossingrate": {
        "dmean": 0.00236615049653,
        "dmean2": 0.00316211837344,
        "dvar": 7.60367629482e-06,
        "dvar2": 1.22461815408e-05,
        "max": 0.0673828125,
        "mean": 0.0249267444015,
        "median": 0.02490234375,
        "min": 0.0048828125,
        "var": 8.05148374639e-05
    },
    "barkbands": {
        "dmean": [2.73821751762e-06, 5.83222863497e-05, 9.02617248357e-05, 0.00011505598377, 0.00532037112862, 0.00184435525443, 0.000695769849699, 0.00102544797119, 0.000336563127348, 0.000800806854386, 0.000187515368452, 5.47948366147e-05, 4.02263067372e-05, 2.0097812012e-05, 3.77790856874e-05, 1.80364186235e-05, 1.89534930541e-05, 5.81795620747e-06, 3.57436852028e-06, 2.16941680264e-06, 1.26131055822e-06, 3.75758389737e-07, 2.24840050578e-07, 1.57817112267e-07, 1.16220874702e-07, 4.67221390466e-08, 1.21743104486e-08],
        "dmean2": [4.88524165121e-06, 0.000103559257695, 0.000158160939463, 0.000217494132812, 0.00933171249926, 0.00315836560912, 0.00115485617425, 0.00151298462879, 0.000570043979678, 0.00130085623823, 0.000324397784425, 0.000101731217001, 6.58595236018e-05, 3.45035914506e-05, 6.60458972561e-05, 3.30147704517e-05, 3.03804845316e-05, 1.08785689008e-05, 6.66567348162e-06, 3.75853733203e-06, 2.05993273994e-06, 6.37335858755e-07, 3.81661578785e-07, 2.64261302618e-07, 1.96238374883e-07, 7.59169509479e-08, 2.10381614352e-08],
        "dvar": [2.35361868883e-10, 7.81470106404e-08, 2.07194688073e-07, 3.73216948901e-07, 0.000534747086931, 2.52649588219e-05, 1.41462414831e-05, 2.55062750512e-05, 1.30466696646e-06, 6.22429570285e-06, 1.48320714288e-06, 5.95684525706e-07, 5.89309330223e-08, 6.13657480386e-09, 1.29502907953e-07, 5.18596854349e-09, 8.16912137935e-09, 3.48845796694e-09, 3.58884394425e-10, 8.30152266373e-11, 7.71195191041e-11, 1.37820733558e-12, 5.71697745567e-13, 3.68279679756e-13, 4.31948747603e-13, 7.38491909226e-14, 9.42275364723e-15],
        "dvar2": [6.62058907697e-10, 1.83279610155e-07, 5.21758465766e-07, 1.12862346668e-06, 0.00140343222301, 6.15792450844e-05, 3.5877499613e-05, 4.71418934467e-05, 3.59067803402e-06, 1.36159424073e-05, 3.70989710063e-06, 1.74304318534e-06, 1.06066700312e-07, 1.45020626618e-08, 3.69030516367e-07, 1.69781504411e-08, 1.93638545198e-08, 1.02734674101e-08, 1.05283592955e-09, 1.8104040489e-10, 1.1526703203e-10, 3.71180126565e-12, 1.37721919372e-12, 9.13187819633e-13, 1.08171002537e-12, 1.65456041337e-13, 2.61449170554e-14],
        "max": [0.000335521239322, 0.00746488990262, 0.0146058481187, 0.0126368887722, 0.351637303829, 0.110760673881, 0.0807831734419, 0.142314165831, 0.0245888587087, 0.0479700118303, 0.037922129035, 0.0248614363372, 0.00522218085825, 0.00173513416667, 0.0112712541595, 0.00117144314572, 0.00246895337477, 0.00165390886832, 0.000398550357204, 0.000268419506028, 0.000346614746377, 2.15635918721e-05, 2.09160098166e-05, 1.49503539433e-05, 1.70203747984e-05, 7.93924573372e-06, 2.5898923468e-06],
        "mean": [2.17520209844e-06, 5.67805109313e-05, 8.10707060737e-05, 8.63888926688e-05, 0.00614736322314, 0.00229978607967, 0.000856648257468, 0.002071675146, 0.000376770942239, 0.00137891271152, 0.000234540289966, 6.55552139506e-05, 5.43124915566e-05, 2.17493725359e-05, 3.24047869071e-05, 1.78698028321e-05, 2.28712779062e-05, 4.47102956969e-06, 2.87295506496e-06, 2.04317643693e-06, 1.41405450904e-06, 5.01862075453e-07, 3.52295785433e-07, 2.69586024615e-07, 1.95294873606e-07, 8.21434866793e-08, 1.09609885612e-08],
        "median": [8.89131968052e-08, 6.66439336783e-06, 8.99497354112e-06, 6.91783134243e-06, 0.000155137866386, 0.000242658061325, 4.13194065914e-05, 0.000129880747409, 8.58390631038e-05, 0.000149882791447, 1.40257925523e-05, 6.5289846134e-06, 4.19296702603e-06, 2.02790010917e-06, 1.73103387624e-06, 9.33164301387e-07, 1.395994218e-06, 2.73654450211e-07, 1.85858070267e-07, 1.45097430959e-07, 7.54862412577e-08, 3.24495097459e-08, 1.28497470442e-08, 3.879890631e-09, 1.24536858603e-09, 2.44403886018e-10, 2.38811359576e-10],
        "min": [5.01174213241e-10, 1.11564055771e-07, 2.40840112298e-08, 4.77744634964e-08, 4.47460308806e-07, 2.74946728496e-07, 3.89842895743e-08, 7.75712791778e-08, 2.17890843146e-07, 6.05932228837e-08, 2.04697521156e-08, 1.98283398589e-08, 8.55940829325e-09, 2.00488141644e-08, 1.40730689324e-08, 1.08954347766e-08, 1.46805421153e-08, 7.83166509422e-09, 6.42611119872e-09, 8.67887628431e-09, 4.69921390689e-09, 3.63565622052e-09, 1.15516907151e-09, 5.68269147017e-11, 6.73022887421e-11, 9.20886839006e-11, 1.38588182597e-10],
        "var": [2.07706671307e-10, 9.67738884583e-08, 2.37843309492e-07, 2.45533300358e-07, 0.000794517283794, 3.90831082768e-05, 1.42594308272e-05, 5.31507503183e-05, 1.13803821478e-06, 1.23478075693e-05, 1.45896490267e-06, 3.47824141045e-07, 1.01470583047e-07, 8.270307994e-09, 7.92652770087e-08, 6.25059115578e-09, 1.02137818203e-08, 1.91975324526e-09, 2.07848335765e-10, 1.00943177428e-10, 1.41126124675e-10, 2.95662517906e-12, 2.08509359952e-12, 1.51344659461e-12, 1.13738283115e-12, 2.81971196609e-13, 1.01363628117e-14]
    },
    "erbbands": {
        "dmean": [0.000987731618807, 0.0161614697427, 0.0918220132589, 0.273558914661, 2.95831656456, 23.7894172668, 21.5866584778, 17.2249774933, 12.1378355026, 10.6776132584, 25.705827713, 7.51525783539, 27.6603870392, 12.4785041809, 5.65999984741, 2.39773201942, 1.70162987709, 1.18430495262, 2.10009121895, 1.14498078823, 1.04561471939, 0.758235037327, 0.355584591627, 0.223441392183, 0.159163534641, 0.118456937373, 0.0626266300678, 0.0346729382873, 0.0144661460072, 0.00904712360352, 0.00598697876558, 0.00418223068118, 0.00221730256453, 0.00132036267314, 0.000838109990582, 0.000310752220685, 7.50498511479e-05, 2.27970158448e-05, 5.41598046766e-06, 9.97810093395e-06],
        "dmean2": [0.00179473834578, 0.0285309106112, 0.161589801311, 0.504908144474, 5.37910556793, 42.1578369141, 37.7566108704, 29.4088935852, 20.8976516724, 16.8187103271, 37.1226348877, 12.030538559, 44.190284729, 21.3397960663, 10.0265569687, 4.36694860458, 2.79363918304, 1.88660156727, 3.71417927742, 2.04006075859, 1.78862762451, 1.20912396908, 0.650398790836, 0.418318390846, 0.292038112879, 0.201923578978, 0.0986596122384, 0.0607821382582, 0.0246587265283, 0.0154279358685, 0.00977884419262, 0.00712297623977, 0.00359245575964, 0.00214958633296, 0.00142292771488, 0.000516510510352, 0.00011741011258, 3.96158975491e-05, 9.25621407077e-06, 1.6863903511e-05],
        "dvar": [2.1465937607e-05, 0.00618705945089, 0.190434426069, 1.68777513504, 186.573806763, 11341.8486328, 7513.86328125, 2877.5690918, 2466.07470703, 3405.32543945, 16362.5957031, 653.173278809, 10792.8779297, 1688.50280762, 932.260070801, 845.226867676, 104.636421204, 23.5479755402, 360.631500244, 44.2241859436, 16.2885837555, 11.3440237045, 7.06432056427, 2.48587846756, 0.583222746849, 0.321620762348, 0.220616430044, 0.0213332679123, 0.00198800489306, 0.000923989980947, 0.000411638407968, 0.000257981999312, 7.02670877217e-05, 3.22978376062e-05, 3.99495293095e-05, 4.34988714915e-06, 1.82294883189e-07, 2.30879297902e-08, 3.06434294606e-10, 9.38608524237e-10],
        "dvar2": [6.47804699838e-05, 0.0139065301046, 0.471826612949, 4.85028982162, 520.607421875, 29863.0957031, 20328.1757812, 6595.00146484, 6609.66650391, 8280.86328125, 27424.75, 1549.28369141, 23085.6171875, 4394.02636719, 2449.71679688, 2443.98583984, 194.669784546, 44.6297798157, 1035.79199219, 130.105331421, 43.8622512817, 24.2146034241, 20.7108631134, 7.29721498489, 1.68927967548, 0.643256783485, 0.30456340313, 0.055038407445, 0.00529052736238, 0.00253730732948, 0.000956206873525, 0.000674247159623, 0.000158215960255, 7.74763393565e-05, 0.000100462020782, 1.06435063572e-05, 3.76545074232e-07, 6.27458547342e-08, 8.21763934677e-10, 2.39560238313e-09],
        "max": [0.08943233639, 2.21310424805, 11.5525369644, 29.7669029236, 188.918106079, 1655.4119873, 1177.11706543, 1357.85974121, 975.981994629, 1173.68566895, 3917.42504883, 560.499084473, 2004.27880859, 1052.46643066, 771.040588379, 939.343200684, 195.87020874, 150.78565979, 594.547790527, 189.856048584, 75.8084182739, 86.3174285889, 68.3184814453, 37.639591217, 16.3885917664, 18.8528823853, 19.8726654053, 4.36348295212, 0.945221185684, 0.747681200504, 0.581111609936, 0.343535631895, 0.253799885511, 0.154485315084, 0.197570636868, 0.0568977296352, 0.0144423171878, 0.00471979007125, 0.000344207364833, 0.000440530537162],
        "mean": [0.000868934497703, 0.0161940380931, 0.0856574550271, 0.248042792082, 3.19796681404, 27.2240314484, 25.874879837, 21.2449836731, 13.3459768295, 15.7688217163, 54.6150054932, 12.5009012222, 39.8631248474, 27.1538391113, 7.28896379471, 3.11735701561, 2.21939301491, 1.54884898663, 1.80638599396, 1.10186719894, 1.13520264626, 0.893091738224, 0.303408503532, 0.174929663539, 0.132385596633, 0.112097643316, 0.0699421614408, 0.0347868055105, 0.0187761876732, 0.013106174767, 0.0096224443987, 0.006369787734, 0.0041563292034, 0.00232514576055, 0.00130596291274, 0.000519427005202, 0.00011900372192, 2.82759592665e-05, 7.8152252172e-06, 1.55089237523e-05],
        "median": [0.000114511247375, 0.00198507658206, 0.0105497036129, 0.0249342303723, 0.136613667011, 0.545056581497, 1.44531106949, 1.61135041714, 0.90399068594, 2.36371564865, 3.57057476044, 3.24601817131, 3.81245803833, 2.92961502075, 1.03351569176, 0.42063716054, 0.226670101285, 0.16708125174, 0.12428689003, 0.0880412757397, 0.0780122056603, 0.0642478242517, 0.0238953586668, 0.0122069781646, 0.00821257010102, 0.00730676064268, 0.00438456423581, 0.0021557493601, 0.00122299732175, 0.000868943054229, 0.000276058155578, 0.00011402193195, 5.68248142372e-05, 2.64050631813e-05, 1.09756465463e-05, 5.3908343034e-06, 2.693927172e-06, 6.1145840391e-07, 2.34962203649e-06, 4.74562102681e-06],
        "min": [2.38466896008e-06, 2.8716520319e-05, 6.33756862953e-05, 0.000371961767087, 0.00108652422205, 0.000781386566814, 0.0028986451216, 0.00423485785723, 0.00226014829241, 0.00349435978569, 0.00501682469621, 0.00562026631087, 0.00316995941103, 0.00421005254611, 0.00118739705067, 0.00167451461311, 0.00116135727149, 0.00126910069957, 0.000877267622855, 0.00053755112458, 0.000889823830221, 0.00103450426832, 0.000627287779935, 0.000442045682576, 0.000336815603077, 0.000398143078201, 0.000348918547388, 0.000146890000906, 0.000124665282783, 9.17038341868e-05, 2.62652720266e-05, 3.63010826732e-06, 1.63700553912e-06, 1.2154215483e-06, 6.49429125588e-07, 3.6937024106e-07, 2.01677224254e-07, 7.44727941537e-08, 3.33411271924e-08, 1.90202644745e-08],
        "var": [1.72457057488e-05, 0.0081392666325, 0.232982292771, 1.4532674551, 194.141830444, 16759.0898438, 10672.5458984, 4649.72753906, 2182.125, 3959.42041016, 37816.8828125, 910.406005859, 16201.1650391, 6483.62792969, 878.590270996, 525.627868652, 167.164901733, 49.4477272034, 217.339859009, 31.7588272095, 17.705198288, 16.5935840607, 4.04121875763, 1.39220011234, 0.362823963165, 0.433689177036, 0.413444429636, 0.0210477728397, 0.00407505827025, 0.00236395816319, 0.00168700003996, 0.00077845522901, 0.000392001296859, 0.000144932419062, 6.52141679893e-05, 9.74675003818e-06, 7.05597187789e-07, 4.73011922963e-08, 4.09474149032e-10, 1.45947598451e-09]
    },
    "gfcc": {
        "mean": [-251.695755005, 187.443008423, -130.286453247, -21.5615177155, -68.2316589355, -27.9709377289, -21.4456005096, -11.347360611, -10.2385864258, -18.5315341949, -10.4709100723, -8.22264957428, 4.7445731163],
        "cov": [[7889.2890625, -492.700073242, -845.858459473, -1192.89904785, -299.566741943, -218.683670044, -610.458496094, -109.329460144, -408.14465332, -75.3383483887, -188.550918579, 4.32208585739, 265.803009033], [-492.700073242, 1056.51452637, 67.1691513062, -557.493896484, 104.524406433, -561.872802734, 83.6664428711, -291.888336182, 25.8468914032, -157.837280273, 96.8223800659, 7.16149187088, 67.9327087402], [-845.858459473, 67.1691513062, 1363.02783203, 416.595031738, -277.280944824, 36.6149139404, -181.948791504, -81.9723358154, -76.8133544922, 21.1047210693, -44.6926345825, -62.5629577637, -48.111492157], [-1192.89904785, -557.493896484, 416.595031738, 1491.14758301, 63.383266449, 525.734741211, -66.6166381836, 49.1312179565, -55.5307273865, 132.258651733, 28.5775680542, -57.108341217, -97.3196334839], [-299.566741943, 104.524406433, -277.280944824, 63.383266449, 303.437652588, 27.8871803284, 75.7018661499, 5.26964044571, 20.349111557, -20.1252307892, -7.08020830154, 4.11760520935, -13.7816858292], [-218.683670044, -561.872802734, 36.6149139404, 525.734741211, 27.8871803284, 669.602355957, 71.1416931152, 251.911010742, 24.5095424652, 71.7718505859, -65.4446487427, -45.3520011902, -65.7331542969], [-610.458496094, 83.6664428711, -181.948791504, -66.6166381836, 75.7018661499, 71.1416931152, 284.634094238, 137.794509888, 129.235702515, -1.74366497993, 19.425447464, -12.1511201859, -51.9483566284], [-109.329460144, -291.888336182, -81.9723358154, 49.1312179565, 5.26964044571, 251.911010742, 137.794509888, 307.620056152, 123.611068726, 55.9022712708, -48.0992164612, -27.2544136047, -65.2146453857], [-408.14465332, 25.8468914032, -76.8133544922, -55.5307273865, 20.349111557, 24.5095424652, 129.235702515, 123.611068726, 176.887985229, 45.0581665039, 20.193195343, -26.2092437744, -51.4996109009], [-75.3383483887, -157.837280273, 21.1047210693, 132.258651733, -20.1252307892, 71.7718505859, -1.74366497993, 55.9022712708, 45.0581665039, 143.098129272, 27.5434780121, -13.3722333908, -63.1417503357], [-188.550918579, 96.8223800659, -44.6926345825, 28.5775680542, -7.08020830154, -65.4446487427, 19.425447464, -48.0992164612, 20.193195343, 27.5434780121, 115.147377014, 41.0263786316, 7.6191277504], [4.32208585739, 7.16149187088, -62.5629577637, -57.108341217, 4.11760520935, -45.3520011902, -12.1511201859, -27.2544136047, -26.2092437744, -13.3722333908, 41.0263786316, 117.863288879, 63.6546325684], [265.803009033, 67.9327087402, -48.111492157, -97.3196334839, -13.7816858292, -65.7331542969, -51.9483566284, -65.2146453857, -51.4996109009, -63.1417503357, 7.6191277504, 63.6546325684, 122.623428345]],
        "icov": [[0.000288469833322, 6.29471251159e-05, 0.000252745056059, 0.000257746636635, 0.000222468777793, -2.89322069875e-05, 0.000584012130275, -0.000305113237118, 0.000633009360172, -0.000195809785509, -6.68995880915e-06, 0.000539589673281, -0.000376471376512], [6.29471251159e-05, 0.00517841987312, -0.00166710966732, 0.00149302429054, -0.00307781086303, 0.00184998731129, -0.0026098578237, 0.00336092547514, -0.00149070902262, 0.00262487633154, -0.00393783394247, 0.00317022087984, -0.00182231422514], [0.000252745056059, -0.00166710966732, 0.00201046210714, -0.000726394937374, 0.00245538284071, -0.000473588268505, 0.00175932166167, -0.000981626100838, 0.00077109655831, -0.000576781108975, 0.00214766222052, -0.000750970037188, 0.00111661106348], [0.000257746636635, 0.00149302429054, -0.000726394937374, 0.00202986365184, -0.00146642513573, -0.000734473811463, 7.49409955461e-05, 0.00100897310767, 0.000583475106396, -3.75694362447e-05, -0.00241297902539, 0.0018022620352, -0.000609953422099], [0.000222468777793, -0.00307781086303, 0.00245538284071, -0.00146642513573, 0.00710589392111, -0.00103040831164, 0.00113060744479, -0.000956105650403, 0.000681539648212, -0.000676442112308, 0.00436835037544, -0.00265751266852, 0.00228519877419], [-2.89322069875e-05, 0.00184998731129, -0.000473588268505, -0.000734473811463, -0.00103040831164, 0.00436711590737, -0.00159780902322, -0.00174466543831, 0.000907420704607, 0.000483283831272, -0.000363701459719, 0.00147313938942, -0.00122260290664], [0.000584012130275, -0.0026098578237, 0.00175932166167, 7.49409955461e-05, 0.00113060744479, -0.00159780902322, 0.0100009785965, -0.00428006518632, -0.00134749023709, 0.00159180769697, -0.000452911917819, -0.00109253986739, 0.00300981476903], [-0.000305113237118, 0.00336092547514, -0.000981626100838, 0.00100897310767, -0.000956105650403, -0.00174466543831, -0.00428006518632, 0.0123020177707, -0.0067589096725, 0.000589033181313, 0.00223983009346, -0.00110917305574, 0.00080301752314], [0.000633009360172, -0.00149070902262, 0.00077109655831, 0.000583475106396, 0.000681539648212, 0.000907420704607, -0.00134749023709, -0.0067589096725, 0.0149268582463, -0.00396735128015, -0.00248154089786, 0.00358131341636, -0.000861851905938], [-0.000195809785509, 0.00262487633154, -0.000576781108975, -3.75694362447e-05, -0.000676442112308, 0.000483283831272, 0.00159180769697, 0.000589033181313, -0.00396735128015, 0.0143779600039, -0.00542437564582, -0.000761467264965, 0.00635448656976], [-6.68995880915e-06, -0.00393783394247, 0.00214766222052, -0.00241297902539, 0.00436835037544, -0.000363701459719, -0.000452911917819, 0.00223983009346, -0.00248154089786, -0.00542437564582, 0.0190877337009, -0.0083608943969, 0.00173780368641], [0.000539589673281, 0.00317022087984, -0.000750970037188, 0.0018022620352, -0.00265751266852, 0.00147313938942, -0.00109253986739, -0.00110917305574, 0.00358131341636, -0.000761467264965, -0.0083608943969, 0.0181291550398, -0.0101314084604], [-0.000376471376512, -0.00182231422514, 0.00111661106348, -0.000609953422099, 0.00228519877419, -0.00122260290664, 0.00300981476903, 0.00080301752314, -0.000861851905938, 0.00635448656976, 0.00173780368641, -0.0101314084604, 0.0192996896803]]
    },
    "melbands": {
        "dmean": [1.22979727166e-05, 3.8599337131e-05, 7.54546563257e-05, 0.000873065902852, 0.000963372469414, 0.000366572494386, 0.000184121134225, 0.000123947218526, 0.000193587329704, 4.71126259072e-05, 0.000136497357744, 5.02473340021e-05, 2.51309029409e-05, 6.66883261147e-06, 5.53613381271e-06, 2.80677841147e-06, 2.09115410144e-06, 3.16145974466e-06, 2.27070154324e-06, 1.45310900734e-06, 1.28741714889e-06, 1.00888087218e-06, 3.15283273267e-07, 3.78071376872e-07, 1.52700948775e-07, 1.4218483102e-07, 9.2461405643e-08, 6.92069974662e-08, 4.82501576471e-08, 2.59136854197e-08, 1.67708762433e-08, 8.71156302651e-09, 6.05190697556e-09, 4.84036588588e-09, 3.79868358991e-09, 2.83469003826e-09, 2.57704924067e-09, 1.67219671443e-09, 1.3413263833e-09, 1.08820874534e-09],
        "dmean2": [2.19522244151e-05, 6.79957011016e-05, 0.000138030736707, 0.00155899056699, 0.00167394930031, 0.000624165229965, 0.000315627170494, 0.000194111198653, 0.000279821077129, 7.71116901888e-05, 0.000218369707, 8.74449979165e-05, 4.41995325673e-05, 1.22766605273e-05, 9.58925556915e-06, 4.381540748e-06, 3.42092857863e-06, 5.66352264286e-06, 3.98387692258e-06, 2.67582231572e-06, 2.14626425077e-06, 1.58974114584e-06, 5.63720277569e-07, 7.08925540494e-07, 2.866923694e-07, 2.64994667987e-07, 1.62356357691e-07, 1.18871014365e-07, 7.24678130837e-08, 4.55527242593e-08, 2.96775493069e-08, 1.48980472403e-08, 1.03334674151e-08, 8.302665222e-09, 6.26921581315e-09, 4.78947193017e-09, 4.41513003935e-09, 2.72172839821e-09, 2.23306217961e-09, 1.80544768025e-09],
        "dvar": [3.09958370082e-09, 3.40657457798e-08, 1.24477125496e-07, 1.35388354465e-05, 1.76131252374e-05, 1.22915128031e-06, 6.0381307776e-07, 4.40893529685e-07, 9.1332304919e-07, 2.6848411494e-08, 2.5955472438e-07, 2.81183041295e-08, 2.24024070405e-08, 8.76086492241e-09, 1.61926783093e-09, 1.65759142523e-10, 7.41384453828e-11, 7.57330809176e-10, 3.6870034803e-10, 4.4140378852e-11, 3.18499081275e-11, 2.45957733347e-11, 2.06938632896e-12, 1.83900585732e-11, 9.8826014646e-13, 5.97184682347e-13, 1.51572669888e-13, 9.84962708183e-14, 1.97448475755e-13, 1.23895695542e-14, 3.79919137261e-15, 7.13067698624e-16, 4.52321946581e-16, 2.88546485103e-16, 1.84003852338e-16, 1.10332268396e-16, 1.12135131702e-16, 4.17214614674e-17, 3.01782618983e-17, 2.5537944098e-17],
        "dvar2": [8.27011259474e-09, 8.25306258889e-08, 3.73454867031e-07, 3.6443467252e-05, 4.59770344605e-05, 2.88669434667e-06, 1.61559148637e-06, 1.11965994165e-06, 1.51819460825e-06, 6.97505697644e-08, 5.56917370886e-07, 7.38172403203e-08, 5.67945370733e-08, 2.562447321e-08, 3.79140896456e-09, 2.93540691754e-10, 1.48407383604e-10, 2.19015827696e-09, 1.02941444258e-09, 1.51233636725e-10, 8.23024773333e-11, 5.18427904772e-11, 5.69484867249e-12, 5.41415107191e-11, 2.90320502014e-12, 1.75498938298e-12, 3.71619672968e-13, 2.09724273538e-13, 2.61026958511e-13, 3.32489535849e-14, 1.01260222334e-14, 1.89869677259e-15, 1.23877213283e-15, 7.7899211409e-16, 4.38436800174e-16, 2.87183979668e-16, 3.10504543711e-16, 9.78905190707e-17, 7.2145654088e-17, 6.31038553088e-17],
        "max": [0.0011348829139, 0.00433302344754, 0.00477762147784, 0.0507241934538, 0.0635776594281, 0.0268627107143, 0.0153630608693, 0.0152731100097, 0.029968354851, 0.00351622723974, 0.00990124698728, 0.00406022462994, 0.00429592048749, 0.0030209091492, 0.000913678959478, 0.000272074481472, 0.000250991812209, 0.000855201738887, 0.000591569289099, 0.000122096855193, 0.000139620940899, 0.000126766666654, 2.81128377537e-05, 0.000121848468552, 2.29120105359e-05, 2.04686475627e-05, 9.07128651306e-06, 9.59503631748e-06, 1.92948482436e-05, 3.15791885441e-06, 1.5050239881e-06, 4.79361006001e-07, 4.72042472666e-07, 4.72749917435e-07, 4.11362719888e-07, 2.68604765097e-07, 2.32434715031e-07, 1.80843983344e-07, 1.47885572233e-07, 1.33226578214e-07],
        "mean": [1.16410783448e-05, 3.70325833501e-05, 6.85044215061e-05, 0.000998192583211, 0.00114583061077, 0.000452210806543, 0.000207060293178, 0.000191874743905, 0.000410913053202, 6.27489644103e-05, 0.000196841880097, 0.000111107139674, 3.08155249513e-05, 7.85445354268e-06, 6.97000905348e-06, 3.87658974432e-06, 2.63967081082e-06, 2.64509571934e-06, 1.97524514078e-06, 1.51806705162e-06, 1.40826432471e-06, 1.23317840917e-06, 2.77608450006e-07, 2.86360091195e-07, 1.16467788303e-07, 1.16438464204e-07, 8.20254726364e-08, 6.44371098701e-08, 5.42382601054e-08, 2.4304116053e-08, 1.69646767745e-08, 1.07766684465e-08, 8.61314131129e-09, 6.78333433868e-09, 5.76427661159e-09, 4.46548442667e-09, 3.67280073021e-09, 3.03028468984e-09, 2.32312769022e-09, 1.83672399512e-09],
        "median": [1.4495076357e-06, 4.4128173613e-06, 5.72654153075e-06, 2.14811625483e-05, 5.22571099282e-05, 3.54199728463e-05, 1.01096702565e-05, 2.80949625449e-05, 2.31140147662e-05, 1.49382958625e-05, 1.62771993928e-05, 9.58246255323e-06, 2.95153904517e-06, 8.87509941094e-07, 5.84595795772e-07, 3.8101305222e-07, 2.29812769703e-07, 1.80104237302e-07, 1.11032704808e-07, 9.02183572293e-08, 8.70064624792e-08, 7.68688224184e-08, 2.79991567709e-08, 1.32242989892e-08, 8.75366890085e-09, 6.4976344305e-09, 5.14333375889e-09, 4.66212135564e-09, 2.8487228132e-09, 1.7406952546e-09, 9.96694837774e-10, 6.49249431994e-10, 6.05567485046e-10, 4.00339511542e-10, 1.52083970417e-10, 8.29259785839e-11, 5.8771258693e-11, 4.06183628399e-11, 2.13022238738e-11, 1.36928385297e-11],
        "min": [3.27550679913e-08, 2.79469958286e-08, 5.63250637242e-08, 6.28731342545e-08, 8.12563598629e-08, 6.9748317344e-08, 2.66807784755e-08, 1.9941426288e-08, 3.41205534937e-08, 3.04810967577e-08, 1.20557297478e-08, 1.25099779424e-08, 2.84022538821e-09, 3.01543434666e-09, 1.53977097739e-09, 1.90000326583e-09, 2.07826822418e-09, 8.86382411913e-10, 9.352825181e-10, 4.61795435225e-10, 7.39199756961e-10, 8.37670766085e-10, 6.67234489882e-10, 3.45165007687e-10, 3.08570086149e-10, 2.16634377104e-10, 1.74231684635e-10, 2.69851307966e-10, 1.85098159022e-10, 1.05894105984e-10, 6.09227460147e-11, 5.8736793207e-11, 6.20739640245e-11, 3.56604433482e-11, 1.08105425653e-11, 2.50468526128e-12, 4.65802038867e-13, 6.3384220832e-13, 5.2657395588e-13, 4.92337778619e-13],
        "var": [3.26820570606e-09, 4.26135073894e-08, 1.01707577471e-07, 1.88291451195e-05, 2.63540514425e-05, 1.94258200281e-06, 5.43926091723e-07, 4.68778551976e-07, 2.13725593312e-06, 2.76288982803e-08, 3.89247361454e-07, 1.24280447267e-07, 2.2202053529e-08, 5.08864461679e-09, 1.92968507839e-09, 3.11968173516e-10, 1.45464362777e-10, 4.4834647106e-10, 2.38994157797e-10, 5.94598190129e-11, 3.15428481945e-11, 3.66146904462e-11, 1.45120883626e-12, 1.01468304245e-11, 5.52504168718e-13, 3.53358618407e-13, 1.48485851436e-13, 1.22346563761e-13, 3.7330005081e-13, 1.06513867957e-14, 3.76634767008e-15, 1.31598829158e-15, 1.0505201191e-15, 6.80981402368e-16, 6.39951602859e-16, 3.75201846665e-16, 2.719298692e-16, 2.08532033901e-16, 1.35887761957e-16, 9.88363173831e-17]
    },
    "mfcc": {
        "mean": [-873.889831543, 193.399993896, 10.3246212006, -11.0425863266, -16.6806697845, -23.0482883453, -14.5799703598, -4.09333753586, -0.963863670826, -4.9484038353, -11.0006017685, -7.3054356575, -6.02923727036],
        "cov": [[6188.74853516, 1135.35656738, -1880.51940918, -300.186584473, -516.262145996, -255.79284668, -322.74105835, -311.079803467, -180.889755249, -130.691513062, -398.449829102, -369.983215332, -127.499893188], [1135.35656738, 1125.21130371, -240.313919067, -403.725097656, -276.662475586, -341.977600098, -265.849639893, -169.467727661, -138.471405029, -149.419387817, -148.163726807, -102.918144226, -42.1425247192], [-1880.51940918, -240.313919067, 1530.50048828, 377.101470947, 77.7832565308, 149.964599609, -37.4045410156, -41.035446167, -86.5317001343, -27.8621349335, 90.5414581299, 7.03473615646, -92.2817764282], [-300.186584473, -403.725097656, 377.101470947, 629.229919434, 212.339508057, 189.328109741, 86.0265274048, -73.5431594849, -85.547203064, 9.30438995361, 27.9645614624, -27.0208892822, -55.8831634521], [-516.262145996, -276.662475586, 77.7832565308, 212.339508057, 287.224121094, 176.230529785, 105.048706055, 47.0892181396, 17.8698596954, 28.8465557098, 31.0585021973, 23.054983139, -4.5701713562], [-255.79284668, -341.977600098, 149.964599609, 189.328109741, 176.230529785, 287.56854248, 143.272644043, 49.6847839355, 31.2614631653, 43.2711791992, 39.0569038391, 7.4257683754, -31.9887561798], [-322.74105835, -265.849639893, -37.4045410156, 86.0265274048, 105.048706055, 143.272644043, 213.453567505, 126.848991394, 69.6824493408, 64.8257751465, 58.5748291016, 55.3242149353, 29.6698513031], [-311.079803467, -169.467727661, -41.035446167, -73.5431594849, 47.0892181396, 49.6847839355, 126.848991394, 222.105438232, 162.914596558, 63.2935409546, 44.4622383118, 77.8668365479, 60.2942390442], [-180.889755249, -138.471405029, -86.5317001343, -85.547203064, 17.8698596954, 31.2614631653, 69.6824493408, 162.914596558, 201.113449097, 107.344665527, 58.7895088196, 70.3850708008, 51.6836204529], [-130.691513062, -149.419387817, -27.8621349335, 9.30438995361, 28.8465557098, 43.2711791992, 64.8257751465, 63.2935409546, 107.344665527, 167.525756836, 128.543106079, 56.707988739, 25.9298210144], [-398.449829102, -148.163726807, 90.5414581299, 27.9645614624, 31.0585021973, 39.0569038391, 58.5748291016, 44.4622383118, 58.7895088196, 128.543106079, 174.892089844, 103.775947571, 34.9899330139], [-369.983215332, -102.918144226, 7.03473615646, -27.0208892822, 23.054983139, 7.4257683754, 55.3242149353, 77.8668365479, 70.3850708008, 56.707988739, 103.775947571, 141.159667969, 87.8706436157], [-127.499893188, -42.1425247192, -92.2817764282, -55.8831634521, -4.5701713562, -31.9887561798, 29.6698513031, 60.2942390442, 51.6836204529, 25.9298210144, 34.9899330139, 87.8706436157, 120.810600281]],
