{
"lowlevel": {
    "average_loudness": 0.401845186949,
    "barkbands_crest": {
        "dmean": 2.0459394455,
        "dmean2": 3.10691857338,
        "dvar": 4.5372800827,
        "dvar2": 10.0557699203,
        "max": 25.6293697357,
        "mean": 13.3969106674,
        "median": 13.0547618866,
        "min": 3.8586461544,
        "var": 19.8021831512
    },
    "barkbands_flatness_db": {
        "dmean": 0.0204009767622,
        "dmean2": 0.0293548181653,
        "dvar": 0.000460643932456,
        "dvar2": 0.000825847440865,
        "max": 0.458579808474,
        "mean": 0.252397924662,
        "median": 0.250849425793,
        "min": 0.0273012686521,
        "var": 0.00540509121493
    },
    "barkbands_kurtosis": {
        "dmean": 4.06290149689,
        "dmean2": 6.01309347153,
        "dvar": 29.7514019012,
        "dvar2": 64.5716934204,
        "max": 96.3765640259,
        "mean": 10.356133461,
        "median": 6.99124622345,
        "min": -1.89187920094,
        "var": 151.303436279
    },
    "barkbands_skewness": {
        "dmean": 0.552406311035,
        "dmean2": 0.801545858383,
        "dvar": 0.336082994938,
        "dvar2": 0.65234619379,
        "max": 7.92307758331,
        "mean": 2.15027999878,
        "median": 1.9345382452,
        "min": -3.64066576958,
        "var": 2.46741557121
    },
    "barkbands_spread": {
        "dmean": 3.03677845001,
        "dmean2": 4.61351442337,
        "dvar": 34.3352279663,
        "dvar2": 66.5489730835,
        "max": 86.0924758911,
        "mean": 10.3757781982,
        "median": 6.15617036819,
        "min": 0.820509374142,
        "var": 129.848403931
    },
    "dissonance": {
        "dmean": 0.0270259510726,
        "dmean2": 0.0439685359597,
        "dvar": 0.000709737301804,
        "dvar2": 0.00177282874938,
        "max": 0.498755842447,
        "mean": 0.408391207457,
        "median": 0.417316913605,
        "min": 0.189300388098,
        "var": 0.00303337024525
    },
    "dynamic_complexity": 4.98413467407,
    "erbbands_crest": {
        "dmean": 2.45284128189,
        "dmean2": 3.7325425148,
        "dvar": 6.62382411957,
        "dvar2": 15.5817728043,
        "max": 31.4628734589,
        "mean": 14.0954465866,
        "median": 13.0377845764,
        "min": 3.50641679764,
        "var": 32.850276947
    },
    "erbbands_flatness_db": {
        "dmean": 0.0174719728529,
        "dmean2": 0.0248504076153,
        "dvar": 0.000398562144255,
        "dvar2": 0.000720570445992,
        "max": 0.415619254112,
        "mean": 0.271921753883,
        "median": 0.272661745548,
        "min": 0.0790153592825,
        "var": 0.00427373033017
    },
    "erbbands_kurtosis": {
        "dmean": 1.73495578766,
        "dmean2": 2.60222792625,
        "dvar": 5.43041992188,
        "dvar2": 11.1592731476,
        "max": 32.2835884094,
        "mean": 2.967202425,
        "median": 1.42170238495,
        "min": -1.84502744675,
        "var": 24.8400211334
    },
    "erbbands_skewness": {
        "dmean": 0.429614186287,
        "dmean2": 0.6247651577,
        "dvar": 0.195273831487,
        "dvar2": 0.395672261715,
        "max": 5.00633430481,
        "mean": 1.1442284584,
        "median": 1.15615200996,
        "min": -4.48665952682,
        "var": 1.63669502735
    },
    "erbbands_spread": {
        "dmean": 5.54990005493,
        "dmean2": 8.44633579254,
        "dvar": 59.1808395386,
        "dvar2": 120.612548828,
        "max": 116.539550781,
        "mean": 24.7709751129,
        "median": 20.4200668335,
        "min": 2.05180883408,
        "var": 293.404602051
    },
    "hfc": {
        "dmean": 2.46453428268,
        "dmean2": 3.39976501465,
        "dvar": 29.0872306824,
        "dvar2": 59.7147750854,
        "max": 200.472961426,
        "mean": 10.8963937759,
        "median": 3.08029747009,
        "min": 1.27041720433e-16,
        "var": 356.350891113
    },
    "melbands_crest": {
        "dmean": 2.57356739044,
        "dmean2": 3.8867456913,
        "dvar": 7.21187782288,
        "dvar2": 15.6055355072,
        "max": 32.9686431885,
        "mean": 17.0183029175,
        "median": 16.2984313965,
        "min": 3.55832743645,
        "var": 35.8894042969
    },
    "melbands_flatness_db": {
        "dmean": 0.0216091349721,
        "dmean2": 0.0301002208143,
        "dvar": 0.000601448642556,
        "dvar2": 0.000997907598503,
        "max": 0.550384819508,
        "mean": 0.309056818485,
        "median": 0.306229948997,
        "min": 0.0117897512391,
        "var": 0.00860554538667
    },
    "melbands_kurtosis": {
        "dmean": 6.28739881516,
        "dmean2": 9.36765766144,
        "dvar": 84.4416351318,
        "dvar2": 183.017181396,
        "max": 157.005126953,
        "mean": 17.0365486145,
        "median": 10.334523201,
        "min": -1.87449789047,
        "var": 378.760314941
    },
    "melbands_skewness": {
        "dmean": 0.615355014801,
        "dmean2": 0.904508113861,
        "dvar": 0.464289605618,
        "dvar2": 0.935603797436,
        "max": 10.8335638046,
        "mean": 2.66367173195,
        "median": 2.43369960785,
        "min": -1.16563558578,
        "var": 3.12449908257
    },
    "melbands_spread": {
        "dmean": 4.80090522766,
        "dmean2": 6.84302711487,
        "dvar": 149.852645874,
        "dvar2": 245.335784912,
        "max": 215.452011108,
        "mean": 14.9525852203,
        "median": 7.14475250244,
        "min": 0.957321643829,
        "var": 690.693603516
    },
    "pitch_salience": {
        "dmean": 0.0560659393668,
        "dmean2": 0.0849859341979,
        "dvar": 0.00327516091056,
        "dvar2": 0.00733729964122,
        "max": 0.867382407188,
        "mean": 0.523170590401,
        "median": 0.527294456959,
        "min": 0.119849532843,
        "var": 0.0187098439783
    },
    "silence_rate_20dB": {
        "dmean": 0,
        "dmean2": 0,
        "dvar": 0,
        "dvar2": 0,
        "max": 1,
        "mean": 1,
        "median": 1,
        "min": 1,
        "var": 0
    },
    "silence_rate_30dB": {
        "dmean": 0.00206185574643,
        "dmean2": 0.00412583816797,
        "dvar": 0.00205760495737,
        "dvar2": 0.00514027569443,
        "max": 1,
        "mean": 0.992272019386,
        "median": 1,
        "min": 0,
        "var": 0.00766825862229
    },
    "silence_rate_60dB": {
        "dmean": 0.0701030939817,
        "dmean2": 0.139762759209,
        "dvar": 0.0651878938079,
        "dvar2": 0.131573408842,
        "max": 1,
        "mean": 0.225656881928,
        "median": 0,
        "min": 0,
        "var": 0.174738511443
    },
    "spectral_centroid": {
        "dmean": 153.098999023,
        "dmean2": 215.941207886,
        "dvar": 129131.984375,
        "dvar2": 172493.4375,
        "max": 11421.7099609,
        "mean": 872.817932129,
        "median": 655.572631836,
        "min": 240.361846924,
        "var": 553918
    },
    "spectral_complexity": {
        "dmean": 1.45979380608,
        "dmean2": 2.26611661911,
        "dvar": 3.50199818611,
        "dvar2": 6.78430509567,
        "max": 39,
        "mean": 8.47346687317,
        "median": 7,
        "min": 0,
        "var": 29.6516170502
    },
    "spectral_decrease": {
        "dmean": 7.7881301408e-10,
        "dmean2": 1.04603414819e-09,
        "dvar": 2.31268656409e-18,
        "dvar2": 4.50092918169e-18,
        "max": 5.96327855352e-29,
        "mean": -3.4769724877e-09,
        "median": -1.70657510346e-09,
        "min": -5.208380216e-08,
        "var": 2.51247194056e-17
    },
    "spectral_energy": {
        "dmean": 0.00313119287603,
        "dmean2": 0.00421620951965,
        "dvar": 3.7696758227e-05,
        "dvar2": 7.37501322874e-05,
        "max": 0.214759886265,
        "mean": 0.0141112143174,
        "median": 0.00678125815466,
        "min": 1.12979946978e-20,
        "var": 0.00042041222332
    },
    "spectral_energyband_high": {
        "dmean": 6.88120999257e-05,
        "dmean2": 9.8357340903e-05,
        "dvar": 1.15348001373e-07,
        "dvar2": 2.31101068948e-07,
        "max": 0.0091779306531,
        "mean": 0.000139591676998,
        "median": 5.31780688107e-06,
        "min": 8.19915236433e-21,
        "var": 3.64792668961e-07
    },
    "spectral_energyband_low": {
        "dmean": 0.000171456995304,
        "dmean2": 0.000264655594947,
        "dvar": 1.63980757861e-07,
        "dvar2": 3.72372511492e-07,
        "max": 0.00748826283962,
        "mean": 0.000449737446615,
        "median": 0.000100275799923,
        "min": 8.53162346001e-23,
        "var": 6.44958447538e-07
    },
    "spectral_energyband_middle_high": {
        "dmean": 0.00100808718707,
        "dmean2": 0.00140713097062,
        "dvar": 1.80595270649e-05,
        "dvar2": 3.76990610675e-05,
        "max": 0.209375023842,
        "mean": 0.00414381781593,
        "median": 0.00031520111952,
        "min": 1.35906047273e-21,
        "var": 0.000237619213294
    },
    "spectral_energyband_middle_low": {
        "dmean": 0.00259820139036,
        "dmean2": 0.00341345230117,
        "dvar": 2.20516576519e-05,
        "dvar2": 3.85567400372e-05,
        "max": 0.0864162445068,
        "mean": 0.00961480941623,
        "median": 0.00555729866028,
        "min": 4.0689990752e-22,
        "var": 0.000149302184582
    },
    "spectral_entropy": {
        "dmean": 0.178430721164,
        "dmean2": 0.253352403641,
        "dvar": 0.0405863560736,
        "dvar2": 0.0691599622369,
        "max": 9.79826450348,
        "mean": 6.491086483,
        "median": 6.51075983047,
        "min": 4.92888784409,
        "var": 0.501154065132
    },
    "spectral_flux": {
        "dmean": 0.0152643704787,
        "dmean2": 0.0242631267756,
        "dvar": 0.000578232458793,
        "dvar2": 0.00146607402712,
        "max": 0.390507102013,
        "mean": 0.0393990203738,
        "median": 0.0246857665479,
        "min": 1.06292023794e-10,
        "var": 0.001515837037
    },
    "spectral_kurtosis": {
        "dmean": 7.76124715805,
        "dmean2": 13.5460824966,
        "dvar": 103.234085083,
        "dvar2": 304.951019287,
        "max": 119.403869629,
        "mean": 16.9082355499,
        "median": 11.1005716324,
        "min": -1.22533857822,
        "var": 286.041870117
    },
    "spectral_rms": {
        "dmean": 0.00039382034447,
        "dmean2": 0.000499487505294,
        "dvar": 2.53625927371e-07,
        "dvar2": 3.99876910251e-07,
        "max": 0.0144748687744,
        "mean": 0.0031481415499,
        "median": 0.00257213180885,
        "min": 3.32000507815e-12,
        "var": 3.85626390198e-06
    },
    "spectral_rolloff": {
        "dmean": 290.431396484,
        "dmean2": 470.778045654,
        "dvar": 823989.625,
        "dvar2": 1658637.375,
        "max": 19444.4824219,
        "mean": 1142.43505859,
        "median": 538.330078125,
        "min": 172.265625,
        "var": 2423571.5
    },
    "spectral_skewness": {
        "dmean": 0.608590424061,
        "dmean2": 1.03489649296,
        "dvar": 0.419289708138,
        "dvar2": 1.25639712811,
        "max": 8.5742816925,
        "mean": 2.58835887909,
        "median": 2.30637836456,
        "min": -0.15059299767,
        "var": 1.71252298355
    },
    "spectral_spread": {
        "dmean": 431888.40625,
        "dmean2": 629295.0625,
        "dvar": 912141058048,
        "dvar2": 1.37130855629e+12,
        "max": 40607264,
        "mean": 2857063.5,
        "median": 2463577.5,
        "min": 642356.625,
        "var": 3.81236176486e+12
    },
    "spectral_strongpeak": {
        "dmean": 0.366792887449,
        "dmean2": 0.561256110668,
        "dvar": 0.441840231419,
        "dvar2": 1.0582793951,
        "max": 14.1170473099,
        "mean": 1.34017395973,
        "median": 0.723214864731,
        "min": 0,
        "var": 2.87479114532
    },
    "zerocrossingrate": {
        "dmean": 0.007080078125,
        "dmean2": 0.00741865159944,
        "dvar": 0.000322161387885,
        "dvar2": 0.000261387816863,
        "max": 0.50634765625,
        "mean": 0.0411406494677,
        "median": 0.02880859375,
        "min": 0.00830078125,
        "var": 0.00214067427441
    },
    "barkbands": {
        "dmean": [3.24800396356e-07, 2.67115865427e-05, 0.000101824414742, 0.000131624634378, 0.000629318063147, 0.000494128325954, 0.000892182462849, 0.000823966402095, 0.00046108814422, 0.000660569814499, 0.000310577946948, 0.000226037838729, 0.000153991044499, 0.000144838893902, 0.000126712242491, 8.76855629031e-05, 0.000100863762782, 5.2096296713e-05, 5.17575645063e-05, 3.16464029311e-05, 1.02437770693e-05, 1.54237350216e-05, 2.38088086917e-05, 1.18243342513e-05, 6.34421303403e-06, 2.94333790407e-06, 4.59596918745e-07],
        "dmean2": [5.77226558107e-07, 3.81050449505e-05, 0.000163227407029, 0.000201400413061, 0.000842294772156, 0.000619503029156, 0.00124735326972, 0.00114302232396, 0.000620941747911, 0.000959839031566, 0.000429185951361, 0.000308886868879, 0.000212701153941, 0.000229221754125, 0.000189496291569, 0.000134802467073, 0.000148173305206, 7.60102921049e-05, 7.6580705354e-05, 4.93013540108e-05, 1.57692975336e-05, 2.34303042816e-05, 3.50029476976e-05, 1.67438774952e-05, 8.7747202997e-06, 4.50813740827e-06, 7.33459842195e-07],
        "dvar": [2.02930294096e-12, 4.45451053821e-09, 6.2684499369e-08, 1.18020281548e-07, 1.35748359753e-06, 7.44837791444e-07, 9.36910601013e-06, 8.83792199602e-06, 3.18173124469e-06, 2.70846485364e-05, 7.85708198237e-06, 1.29891907363e-06, 5.14809130436e-07, 4.10790107708e-07, 1.34157730258e-07, 6.13039006225e-08, 7.33701241984e-08, 4.7229850253e-08, 3.38092895902e-08, 1.26844836856e-08, 4.38121849911e-09, 5.04988806327e-09, 3.60322580661e-08, 8.07253375257e-09, 3.10558201377e-09, 2.67833394352e-10, 1.43909432981e-11],
        "dvar2": [4.6458379678e-12, 9.27424359531e-09, 1.79215987828e-07, 2.36786775076e-07, 2.76644118458e-06, 1.41275654642e-06, 1.63851145771e-05, 1.57603171829e-05, 5.71221289647e-06, 6.47565611871e-05, 1.31179140226e-05, 2.19038042815e-06, 9.51418144268e-07, 9.20896525258e-07, 2.95129552796e-07, 1.3221662698e-07, 1.63365967865e-07, 8.48653414209e-08, 6.54838530068e-08, 3.16322505967e-08, 1.04696136205e-08, 1.06198649874e-08, 8.29847550676e-08, 1.56935655582e-08, 6.05679728594e-09, 6.83195500173e-10, 3.32615844589e-11],
        "max": [3.20232611557e-05, 0.00119299977086, 0.00311800162308, 0.00631229300052, 0.0242930892855, 0.014725449495, 0.0685954168439, 0.0712689161301, 0.0418117009103, 0.185868158937, 0.0866317600012, 0.028948770836, 0.0186081025749, 0.0139462314546, 0.00702423136681, 0.004548355937, 0.00751257734373, 0.00683865044266, 0.00571614317596, 0.00269411830232, 0.00155624665786, 0.00143118039705, 0.00609542615712, 0.00331230740994, 0.00234422646463, 0.000364652369171, 8.925505972e-05],
        "mean": [3.42795345887e-07, 7.28710729163e-05, 0.000238709457335, 0.000250602373853, 0.00179517571814, 0.00162163260393, 0.0024407512974, 0.00205141329207, 0.00115729460958, 0.00157134432811, 0.000787569966633, 0.000581906875595, 0.00028089818079, 0.000227840238949, 0.000240178589593, 0.000173252352397, 0.000218263856368, 0.000100260629551, 0.000120528253319, 5.81130916544e-05, 1.4705016838e-05, 2.65818198386e-05, 4.44861107098e-05, 2.11309070437e-05, 9.61867772276e-06, 5.09115943714e-06, 6.7653621727e-07],
        "median": [9.40345330491e-08, 4.9355394367e-06, 3.87463405787e-05, 7.10852837074e-05, 0.0011741342023, 0.000783843104728, 0.000364035571693, 0.000148754319525, 2.61094155576e-05, 4.05347927881e-05, 1.35508307721e-05, 2.69575011771e-05, 1.27954517666e-05, 7.63819934946e-06, 4.30446016253e-05, 1.55723555508e-05, 2.34619783441e-05, 1.29128138724e-05, 9.11671668291e-06, 1.86721035789e-06, 9.87814019027e-07, 1.03957302144e-06, 6.04609340371e-07, 2.57163634387e-07, 2.35474033161e-07, 8.94513334515e-08, 7.16739279039e-10],
        "min": [2.97426656787e-23, 5.43954430247e-23, 4.11464128922e-24, 1.24050357387e-23, 2.24000802705e-22, 4.73083229631e-23, 5.89447281345e-23, 2.4783338559e-23, 3.34946743151e-23, 2.55407775567e-23, 7.54948784648e-23, 1.03936507407e-22, 1.61044085778e-22, 1.00180791124e-22, 2.20888626527e-22, 2.45117712991e-22, 9.97523954765e-23, 1.19544789371e-22, 1.50719941256e-22, 3.12001934862e-22, 6.09716121983e-22, 4.62474741774e-22, 7.18808744173e-22, 9.72789340989e-22, 1.00558434617e-21, 1.74867415327e-21, 2.60598405223e-21],
        "var": [1.91906603456e-12, 3.44603634517e-08, 2.12755367102e-07, 3.22714697631e-07, 4.81191955259e-06, 4.74547323392e-06, 5.09741694259e-05, 4.57768292108e-05, 1.46342599692e-05, 0.000136547125294, 1.80570186785e-05, 6.02437285124e-06, 1.33179901241e-06, 7.1556058856e-07, 3.85419411941e-07, 2.26893533295e-07, 3.00013596188e-07, 1.14829013853e-07, 1.68453567539e-07, 2.47553000321e-08, 7.00769575701e-09, 1.03514219418e-08, 8.44037799652e-08, 2.7711596573e-08, 5.14946307817e-09, 6.49799769548e-10, 3.09266605381e-11]
    },
    "erbbands": {
        "dmean": [0.000233910701354, 0.00873713474721, 0.088102184236, 0.290994763374, 0.806410491467, 2.36975193024, 5.21633672714, 2.89298081398, 6.40362691879, 22.8425655365, 13.4887456894, 7.46323060989, 17.2800045013, 19.2718238831, 6.67551660538, 8.89560031891, 5.81295537949, 6.95236873627, 6.20153331757, 5.65379285812, 3.9897582531, 5.45582580566, 2.74249863625, 1.87446963787, 2.89971899986, 1.3216227293, 0.509833693504, 0.406859457493, 0.461702674627, 0.607496798038, 0.729032874107, 0.389417976141, 0.126796618104, 0.0741089358926, 0.0442200452089, 0.0151786133647, 0.00508082984015, 0.00128535751719, 3.90591667383e-05, 4.30237332694e-06],
        "dmean2": [0.00035483049578, 0.012749241665, 0.141324847937, 0.44542697072, 1.23722088337, 3.09308648109, 6.49100875854, 4.14376497269, 8.85803890228, 30.582567215, 19.0773563385, 10.3763856888, 21.8944454193, 25.4508914948, 8.06279468536, 12.0870552063, 7.76996660233, 10.4705457687, 9.1964225769, 9.12288951874, 6.28624296188, 7.88881349564, 3.95651340485, 2.72578310966, 4.22043228149, 2.02556061745, 0.790313661098, 0.612046003342, 0.682941675186, 0.898099243641, 1.09548199177, 0.562406241894, 0.182521909475, 0.0991627648473, 0.0639687925577, 0.0230450648814, 0.0078804558143, 0.00187424069736, 5.86194983043e-05, 5.9459230215e-06],
        "dvar": [5.85002510434e-07, 0.000467049248982, 0.0463682673872, 0.571429491043, 2.39520859718, 25.6933307648, 124.628265381, 30.5593128204, 310.562530518, 6191.13183594, 2859.34130859, 808.56854248, 7453.71142578, 29503.8945312, 759.489074707, 2285.05126953, 538.296813965, 836.293640137, 564.13067627, 166.233612061, 101.710281372, 283.151367188, 147.781219482, 48.3704566956, 139.852935791, 22.043296814, 14.7140378952, 6.27114105225, 5.25235509872, 10.0195026398, 42.1049079895, 10.6356582642, 0.854880332947, 0.469178378582, 0.119865633547, 0.00654483027756, 0.000792321166955, 8.51791410241e-05, 9.10921542641e-08, 7.86224765847e-11],
        "dvar2": [1.39784390285e-06, 0.00106156384572, 0.13648968935, 1.06662201881, 5.33421754837, 44.5946769714, 290.64831543, 63.1993255615, 535.706848145, 10677.0527344, 5580.56054688, 1551.09130859, 14049.9472656, 53596.671875, 1115.83532715, 3912.62768555, 963.550109863, 1946.97753906, 1266.31628418, 435.30947876, 250.153106689, 604.870727539, 260.509033203, 103.432067871, 288.661651611, 57.0773773193, 39.6347045898, 12.8893823624, 10.8871192932, 20.5785198212, 101.689849854, 19.8427314758, 1.71510136127, 0.905074238777, 0.248922541738, 0.0162251424044, 0.00201002135873, 0.000181992145372, 1.95878442355e-07, 1.66951397151e-10],
        "max": [0.0220374967903, 0.396006911993, 3.05445861816, 15.3878622055, 34.6061248779, 141.965026855, 256.33291626, 119.30267334, 429.855682373, 1748.98706055, 1522.30175781, 707.084228516, 2638.49584961, 7938.86132812, 770.886230469, 1313.68579102, 681.174377441, 633.642578125, 445.055206299, 275.645477295, 250.009048462, 414.098571777, 423.574462891, 234.144973755, 368.903167725, 111.647727966, 112.851753235, 72.0755081177, 45.9867553711, 82.1440887451, 208.866134644, 121.500358582, 30.7153186798, 28.9244098663, 13.784365654, 1.95962166786, 0.592709183693, 0.272311121225, 0.00915092416108, 0.000254711165326],
        "mean": [0.000519591965713, 0.0241451729089, 0.212063893676, 0.680224299431, 1.83806967735, 6.52629375458, 15.8301496506, 9.32155036926, 18.2427940369, 62.2628669739, 36.0657691956, 20.4323272705, 40.6223602295, 59.2938079834, 22.0469417572, 25.8887004852, 13.7757301331, 14.8620414734, 12.8677549362, 11.7790241241, 9.04761314392, 12.0126276016, 6.63739919662, 4.35054206848, 6.6289601326, 2.65074682236, 0.786332845688, 0.598202884197, 0.824099302292, 1.20131123066, 1.2842041254, 0.765339851379, 0.205090373755, 0.114314839244, 0.0640032961965, 0.0250326246023, 0.00829205103219, 0.00227265548892, 7.26468424546e-05, 1.82356525329e-05],
        "median": [9.36685100896e-05, 0.00275691831484, 0.0376289635897, 0.205037042499, 0.723198950291, 3.06527614594, 7.58914136887, 4.32153367996, 6.36636734009, 3.08250641823, 3.80807995796, 1.01433563232, 1.60234475136, 0.795469343662, 0.615344464779, 1.40832364559, 0.742695271969, 0.55349957943, 0.667663693428, 3.01363682747, 1.47106933594, 1.07173717022, 0.792887151241, 0.583367109299, 0.311547935009, 0.0993260890245, 0.0449306853116, 0.0496101938188, 0.0431030504405, 0.0219700764865, 0.0165265016258, 0.0062694712542, 0.00437232060358, 0.0029817649629, 0.00129313580692, 0.000510799931362, 0.00013155900524, 1.30340849864e-05, 5.09759775014e-06, 8.52141238283e-06],
        "min": [3.35379975463e-21, 5.3780674255e-21, 4.72870721863e-21, 2.49461985395e-20, 2.81712901217e-19, 8.63972365428e-19, 8.2277763355e-19, 2.97095384533e-19, 4.49321975498e-19, 1.07932201367e-18, 6.23964256335e-19, 7.8581884189e-19, 9.12279299611e-19, 1.75197929074e-18, 3.62504624262e-18, 3.59035718286e-18, 7.36792188196e-18, 6.04480141083e-18, 7.79554778887e-18, 1.34675955595e-17, 1.24867032824e-17, 5.71199314959e-18, 7.48716575752e-18, 6.52194813948e-18, 7.48313242485e-18, 1.87092753195e-17, 2.40767808312e-17, 1.99713147062e-17, 2.05478794455e-17, 1.53672141819e-17, 2.02239538633e-17, 2.47842717178e-17, 1.2284944832e-17, 1.10863195926e-17, 8.49055321134e-18, 6.31466164105e-18, 2.8873769121e-18, 1.61815625348e-18, 3.31598742244e-19, 3.78517719057e-20],
        "var": [1.27630016777e-06, 0.00332726445049, 0.155036360025, 1.97800254822, 10.9313821793, 114.369758606, 531.455566406, 167.657546997, 1200.32141113, 40307.6445312, 14778.1708984, 3674.99853516, 30424.8007812, 196272.375, 5642.18408203, 11682.6875, 1981.3137207, 2640.5480957, 1524.7442627, 690.239135742, 408.402923584, 958.747680664, 418.794830322, 146.314208984, 588.168151855, 45.6683197021, 14.8269357681, 11.8518781662, 10.5309944153, 28.7444534302, 83.6249008179, 37.1092910767, 2.21541023254, 0.806080639362, 0.192989900708, 0.0132207181305, 0.00193077896256, 0.000275926053291, 2.45659975917e-07, 6.81352974041e-10]
    },
    "gfcc": {
        "mean": [-136.548202515, 137.86151123, -143.066268921, 4.591547966, -61.7930145264, -31.5995769501, -53.4904289246, -11.262096405, -19.3502063751, -13.3049592972, -14.7640895844, -3.62788820267, -7.95434427261],
        "cov": [[6885.046875, -3342.67236328, -773.889709473, -674.251586914, -868.80065918, 824.037414551, -362.601928711, 815.125366211, -649.273132324, 226.164138794, -281.896789551, -165.913543701, -672.545959473], [-3342.67236328, 3862.75341797, 22.5023536682, -127.254371643, 904.037414551, -768.663085938, 670.849182129, -502.744903564, 508.503082275, -262.586486816, 378.237335205, -17.8652629852, 492.102874756], [-773.889709473, 22.5023536682, 1097.97021484, 465.665039062, 2.60488724709, 89.4303283691, -79.9426116943, -29.4219512939, 79.1875762939, 68.8857498169, -54.2209815979, 154.77532959, 42.3791160583], [-674.251586914, -127.254371643, 465.665039062, 728.607177734, 18.7115783691, 6.77499294281, -152.809066772, -91.3584976196, 116.275009155, -1.71591746807, -57.0540885925, 74.1938400269, 65.0115280151], [-868.80065918, 904.037414551, 2.60488724709, 18.7115783691, 424.278808594, -170.400039673, 170.12322998, -109.294273376, 126.904556274, -48.5516624451, 51.0103607178, 23.0550251007, 127.905677795], [824.037414551, -768.663085938, 89.4303283691, 6.77499294281, -170.400039673, 458.044830322, -95.181137085, 140.673156738, -167.663406372, 18.7148284912, -80.401008606, -23.8003482819, -116.964675903], [-362.601928711, 670.849182129, -79.9426116943, -152.809066772, 170.12322998, -95.181137085, 374.83001709, -18.2783260345, 32.1163253784, -14.8285331726, 90.2599868774, 21.0171279907, 54.0135879517], [815.125366211, -502.744903564, -29.4219512939, -91.3584976196, -109.294273376, 140.673156738, -18.2783260345, 259.248840332, -114.567443848, 61.201751709, -31.2634353638, -31.8580226898, -97.4748764038], [-649.273132324, 508.503082275, 79.1875762939, 116.275009155, 126.904556274, -167.663406372, 32.1163253784, -114.567443848, 284.423522949, -4.55400276184, 32.2848167419, 36.6103630066, 77.4722290039], [226.164138794, -262.586486816, 68.8857498169, -1.71591746807, -48.5516624451, 18.7148284912, -14.8285331726, 61.201751709, -4.55400276184, 141.287857056, -19.9229545593, 9.50436878204, -46.2179641724], [-281.896789551, 378.237335205, -54.2209815979, -57.0540885925, 51.0103607178, -80.401008606, 90.2599868774, -31.2634353638, 32.2848167419, -19.9229545593, 166.43157959, -1.15760707855, 54.1156921387], [-165.913543701, -17.8652629852, 154.77532959, 74.1938400269, 23.0550251007, -23.8003482819, 21.0171279907, -31.8580226898, 36.6103630066, 9.50436878204, -1.15760707855, 148.600997925, 41.0152168274], [-672.545959473, 492.102874756, 42.3791160583, 65.0115280151, 127.905677795, -116.964675903, 54.0135879517, -97.4748764038, 77.4722290039, -46.2179641724, 54.1156921387, 41.0152168274, 189.259231567]],
        "icov": [[0.000418852258008, 0.000103803213278, 0.000241542395088, 0.000162530850503, 0.00018231998547, -0.000189625381608, 8.04999435786e-05, -0.000639571051579, 5.40233995707e-05, -2.43344238697e-05, 0.000119674332382, -0.000208212630241, 0.000498665205669], [0.000103803213278, 0.00201316107996, -0.000837042054627, 0.000753728847485, -0.0017470701132, 0.00108294666279, -0.00169777451083, 0.000978831434622, -0.00119748478755, 0.00185251748189, -0.00137326761615, 0.00225954689085, -0.00125291571021], [0.000241542395088, -0.000837042054627, 0.00204688357189, -0.00104221713264, 0.000842550885864, -0.00104309991002, 0.000795771775302, -0.000884102017153, 0.000443202763563, -0.00154094409663, 0.000727463630028, -0.00225751986727, 0.000761428265832], [0.000162530850503, 0.000753728847485, -0.00104221713264, 0.00260875793174, -0.000650112633593, 0.000206165655982, 0.000231328798691, 0.000503730843775, -0.00101829541381, 0.000895180623047, -5.17592525284e-05, 0.000672862806823, -0.000780379166827], [0.00018231998547, -0.0017470701132, 0.000842550885864, -0.000650112633593, 0.00561752682552, -0.000627509085461, 3.32351737597e-05, -0.00098457117565, 0.000292920070933, -0.00113456207328, 0.00191382272169, -0.00171889970079, -4.73325162602e-05], [-0.000189625381608, 0.00108294666279, -0.00104309991002, 0.000206165655982, -0.000627509085461, 0.00431447662413, -0.000898740836419, -4.03133417421e-05, 0.000619026191998, 0.00182186788879, -0.000151808009832, 0.00156773987692, -0.000105531085865], [8.04999435786e-05, -0.00169777451083, 0.000795771775302, 0.000231328798691, 3.32351737597e-05, -0.000898740836419, 0.00561009068042, -0.0014525068691, 0.00115122552961, -0.00169730372727, -0.000307718059048, -0.00285919639282, 0.0013376865536], [-0.000639571051579, 0.000978831434622, -0.000884102017153, 0.000503730843775, -0.00098457117565, -4.03133417421e-05, -0.0014525068691, 0.00779884913936, 0.000461362447822, -0.000955519091804, -0.000971016357653, 0.00212667533197, -0.000326680659782], [5.40233995707e-05, -0.00119748478755, 0.000443202763563, -0.00101829541381, 0.000292920070933, 0.000619026191998, 0.00115122552961, 0.000461362447822, 0.0062630479224, -0.00193904829212, 0.000554493162781, -0.00168801133987, 0.000819833425339], [-2.43344238697e-05, 0.00185251748189, -0.00154094409663, 0.000895180623047, -0.00113456207328, 0.00182186788879, -0.00169730372727, -0.000955519091804, -0.00193904829212, 0.0107510033995, -0.000923887477256, 0.00153753906488, 0.000369373185094], [0.000119674332382, -0.00137326761615, 0.000727463630028, -5.17592525284e-05, 0.00191382272169, -0.000151808009832, -0.000307718059048, -0.000971016357653, 0.000554493162781, -0.000923887477256, 0.0088814906776, -0.00106137513649, -0.000710750289727], [-0.000208212630241, 0.00225954689085, -0.00225751986727, 0.000672862806823, -0.00171889970079, 0.00156773987692, -0.00285919639282, 0.00212667533197, -0.00168801133987, 0.00153753906488, -0.00106137513649, 0.0114102205262, -0.00340165058151], [0.000498665205669, -0.00125291571021, 0.000761428265832, -0.000780379166827, -4.73325162602e-05, -0.000105531085865, 0.0013376865536, -0.000326680659782, 0.000819833425339, 0.000369373185094, -0.000710750289727, -0.00340165058151, 0.0105229085311]]
    },
    "melbands": {
        "dmean": [4.46144667876e-06, 3.42865605489e-05, 6.15218887106e-05, 9.96346861939e-05, 0.000170218554558, 7.24927158444e-05, 0.000124394107843, 0.000239115965087, 9.78193056653e-05, 5.35528015462e-05, 9.01190433069e-05, 8.05142626632e-05, 2.92027380056e-05, 2.41759953497e-05, 2.10190810321e-05, 1.53061318997e-05, 1.29981244754e-05, 1.09599395728e-05, 7.17776902093e-06, 7.63440948504e-06, 4.7260800784e-06, 6.24218182566e-06, 4.33894911112e-06, 1.79607309292e-06, 1.53288124238e-06, 2.39162159232e-06, 1.67905227499e-06, 8.00663713107e-07, 3.58066245099e-07, 2.51262719075e-07, 2.4961329359e-07, 2.77578607211e-07, 3.47590486172e-07, 3.54412065917e-07, 4.44670718025e-07, 4.43647707016e-07, 2.06358407695e-07, 9.22836136397e-08, 7.1682137559e-08, 6.29865155588e-08],
        "dmean2": [6.4414634835e-06, 5.4138530686e-05, 9.42610713537e-05, 0.000135966314701, 0.000214746891288, 9.88182364381e-05, 0.000171442108694, 0.000317204830935, 0.000138816685649, 7.42559350329e-05, 0.000114827656944, 0.000110801978735, 3.7730569602e-05, 3.21488550981e-05, 2.72440083791e-05, 2.1018409825e-05, 1.91742929019e-05, 1.62917349371e-05, 1.12800726129e-05, 1.16888859338e-05, 7.50140998207e-06, 9.2859063443e-06, 6.03297075941e-06, 2.70865575658e-06, 2.30751015806e-06, 3.49480410478e-06, 2.42918349613e-06, 1.27999044253e-06, 5.63496485029e-07, 4.13735307347e-07, 3.73374803075e-07, 4.17234133465e-07, 5.39869517979e-07, 5.57977728022e-07, 6.93444917488e-07, 6.43936687084e-07, 2.98704094348e-07, 1.33223664989e-07, 1.06557976665e-07, 8.33072490991e-08],
        "dvar": [1.23586779699e-10, 6.86312562337e-09, 1.85018240728e-08, 3.61356384815e-08, 1.20651435509e-07, 1.81560473322e-08, 1.38449422593e-07, 6.50589242923e-07, 1.78188216182e-07, 4.1663284378e-08, 2.1220517965e-07, 5.45534476259e-07, 2.91452977308e-08, 2.09806430007e-08, 9.34471078295e-09, 5.8901461486e-09, 3.25086535469e-09, 2.01064009886e-09, 3.88323179168e-10, 3.43099548772e-10, 1.38896574797e-10, 4.39039166134e-10, 2.28578808659e-10, 6.65696039959e-11, 3.34784769351e-11, 1.04004825585e-10, 3.45672379609e-11, 1.10656067642e-11, 6.74861425423e-12, 3.69294785724e-12, 2.30588443305e-12, 2.26251222618e-12, 2.33223293108e-12, 3.8831394697e-12, 1.4699666831e-11, 1.41101158535e-11, 3.08309194147e-12, 4.80267464253e-13, 4.4864047373e-13, 3.23507225782e-13],
        "dvar2": [2.63378291399e-10, 1.9654258665e-08, 3.73507340612e-08, 6.7309372298e-08, 2.79608656228e-07, 3.51347111405e-08, 2.34411402289e-07, 1.09414554572e-06, 3.24244268768e-07, 7.86923806118e-08, 3.87098708643e-07, 1.08910046492e-06, 4.45589520837e-08, 3.48743824929e-08, 1.36204292289e-08, 1.04990771632e-08, 7.07920122522e-09, 4.47415127169e-09, 8.62162286008e-10, 7.69571795178e-10, 3.47762318942e-10, 1.02930763912e-09, 4.58278526239e-10, 1.15431990355e-10, 7.6653794423e-11, 1.86960363857e-10, 7.85108367207e-11, 3.03418332126e-11, 1.82675645444e-11, 9.7088856052e-12, 4.27919331913e-12, 5.00071555345e-12, 5.02774341257e-12, 8.58354273076e-12, 3.73799081965e-11, 3.08499406576e-11, 6.3353385038e-12, 9.70562605979e-13, 1.04947203271e-12, 5.80286253077e-13],
        "max": [0.000177508060005, 0.00120524759404, 0.00242544990033, 0.00534465443343, 0.00822571385652, 0.00284746102989, 0.00983276776969, 0.0173896122724, 0.0140982363373, 0.00422897841781, 0.0127782234922, 0.0337999872863, 0.00522767752409, 0.00426872400567, 0.00304497545585, 0.0024835432414, 0.00145713053644, 0.000857913400978, 0.000467357021989, 0.000374430237571, 0.000320685328916, 0.000600672967266, 0.000427415623562, 0.000230247766012, 0.0002016430808, 0.000379670062102, 0.000157159010996, 8.31327924971e-05, 7.93740255176e-05, 4.55738845631e-05, 4.73551735922e-05, 2.86920112558e-05, 3.51215676346e-05, 4.91522077937e-05, 0.00011035582429, 0.000121675693663, 6.85782651999e-05, 2.72971647064e-05, 2.56615621765e-05, 2.44989605562e-05],
        "mean": [1.14562080853e-05, 8.65361071192e-05, 0.000141987518873, 0.000257795210928, 0.000513979117386, 0.000238726846874, 0.000339280319167, 0.000641583290417, 0.000249253673246, 0.000143483208376, 0.000207770135603, 0.000247288728133, 9.2053473054e-05, 5.44333015569e-05, 5.41634835827e-05, 3.0183184208e-05, 2.4978788133e-05, 2.05757969525e-05, 1.38282066473e-05, 1.52525817612e-05, 9.86900977296e-06, 1.30660555442e-05, 9.36420292419e-06, 3.75330569113e-06, 3.18974934999e-06, 5.35402477908e-06, 3.55775227945e-06, 1.32601940095e-06, 4.95723611493e-07, 3.37290913421e-07, 3.42340626958e-07, 4.22206852591e-07, 6.05186301073e-07, 6.72873284202e-07, 7.08710558683e-07, 7.32908858936e-07, 3.72432936047e-07, 1.41556427025e-07, 1.02275166114e-07, 9.25780838656e-08],
        "median": [9.87052885648e-07, 1.42627213791e-05, 5.43537316844e-05, 0.000104182690848, 0.000273249170277, 0.000105572704342, 0.000104929211375, 3.07462833007e-05, 2.37592448684e-05, 4.55299004898e-06, 7.53802669351e-06, 2.82888800029e-06, 1.95849156626e-06, 2.903118002e-06, 2.24931909543e-06, 1.47778314386e-06, 8.9908951395e-07, 6.31630200587e-07, 2.9368354717e-06, 3.06421361529e-06, 1.43629063132e-06, 1.16343653644e-06, 7.72335056354e-07, 5.02416980908e-07, 4.21818413088e-07, 2.07106452876e-07, 1.15909294607e-07, 4.39682068532e-08, 1.93263449688e-08, 1.94373406259e-08, 2.5954163263e-08, 2.76424501067e-08, 9.0946024045e-09, 1.07076747469e-08, 1.02086241682e-08, 5.02370101074e-09, 2.174218805e-09, 2.42716469145e-09, 2.21293605662e-09, 1.84956916449e-09],
        "min": [2.31596498236e-23, 3.6689171284e-24, 9.61851790849e-24, 4.12216678559e-23, 3.36302763493e-23, 7.02925711422e-24, 9.07941667675e-24, 1.04598112426e-23, 4.29819186692e-24, 5.25676436299e-24, 4.44142652477e-24, 6.40098699006e-24, 1.17911702147e-23, 1.12709480021e-23, 7.28568345121e-24, 2.0175373242e-23, 9.8996963341e-24, 1.13028858247e-23, 1.77920950741e-23, 1.9462206696e-23, 1.25201818207e-23, 5.8821429175e-24, 6.08042428932e-24, 5.66661112984e-24, 5.40508007393e-24, 5.32132434504e-24, 5.05783257535e-24, 1.39885059785e-23, 1.5839350367e-23, 9.75303447005e-24, 1.23513647981e-23, 1.16763885864e-23, 1.02884548768e-23, 8.21829769033e-24, 8.70738829612e-24, 2.07013273179e-23, 1.25191776008e-23, 8.25536389768e-24, 8.33502464961e-24, 9.57031692946e-24],
        "var": [7.71008923373e-10, 2.64647663784e-08, 6.30149443737e-08, 1.66013606417e-07, 4.53333854011e-07, 1.09697907646e-07, 5.81585709369e-07, 4.10410257246e-06, 8.8354346417e-07, 2.058026638e-07, 9.00910151813e-07, 3.69333042727e-06, 1.36766757919e-07, 7.61789777926e-08, 4.31195985584e-08, 1.71902865276e-08, 8.63932925199e-09, 4.72000216689e-09, 1.23387622342e-09, 1.38682987316e-09, 5.40602451693e-10, 1.30269384169e-09, 6.99706570462e-10, 1.60607124822e-10, 8.00915514465e-11, 4.56403220772e-10, 1.30772906393e-10, 1.44376793507e-11, 6.30455453468e-12, 4.26080178084e-12, 4.55428880372e-12, 3.625018688e-12, 5.13235764651e-12, 1.04608847626e-11, 2.52848193771e-11, 3.29585456149e-11, 1.02434293686e-11, 1.21844992863e-12, 6.03072008564e-13, 5.80155931976e-13]
    },
    "mfcc": {
        "mean": [-772.297668457, 164.125228882, -21.1362323761, 15.2979040146, 1.52376389503, -23.2050647736, -27.5021266937, -9.16356277466, -15.7772464752, -15.2436218262, -8.68768310547, -10.887301445, -0.012804467231],
        "cov": [[5220.40722656, -1703.20336914, -1227.14611816, -695.645568848, -695.317321777, -173.26399231, 208.21963501, 183.164764404, -320.610870361, 550.366638184, 64.0195388794, -226.997589111, 221.583267212], [-1703.20336914, 2426.45385742, -64.391494751, -50.4484977722, 247.01210022, -146.4034729, 207.749954224, -2.84667396545, 162.769943237, -207.094985962, 133.577041626, 67.8315124512, -44.2016677856], [-1227.14611816, -64.391494751, 1131.5859375, 408.696075439, 222.666427612, 212.389221191, -155.038406372, 30.5564994812, 113.474487305, -128.356903076, -37.3463401794, 130.504272461, -30.1475334167], [-695.645568848, -50.4484977722, 408.696075439, 509.890716553, 178.842407227, 65.2960205078, -120.262084961, -12.3319787979, 71.5417251587, -64.1515350342, -57.2597961426, 78.9202346802, -19.2663879395], [-695.317321777, 247.01210022, 222.666427612, 178.842407227, 347.608093262, 78.97681427, -110.089332581, -9.79719352722, 90.0235824585, -56.5582733154, -14.9854545593, 23.4188499451, -17.3634223938], [-173.26399231, -146.4034729, 212.389221191, 65.2960205078, 78.97681427, 244.062545776, -24.8536262512, 33.7133674622, 33.4353256226, -20.492767334, -13.9312648773, -1.66753315926, -15.8017606735], [208.21963501, 207.749954224, -155.038406372, -120.262084961, -110.089332581, -24.8536262512, 356.526672363, 45.0518531799, 9.48905086517, -5.48996305466, 43.0175209045, 5.77198219299, -18.1365375519], [183.164764404, -2.84667396545, 30.5564994812, -12.3319787979, -9.79719352722, 33.7133674622, 45.0518531799, 175.807159424, 10.8837308884, 1.79249501228, 35.159488678, -34.7922515869, 27.5298709869], [-320.610870361, 162.769943237, 113.474487305, 71.5417251587, 90.0235824585, 33.4353256226, 9.48905086517, 10.8837308884, 156.303710938, -28.9518795013, 5.38214302063, 17.776550293, -0.419453471899], [550.366638184, -207.094985962, -128.356903076, -64.1515350342, -56.5582733154, -20.492767334, -5.48996305466, 1.79249501228, -28.9518795013, 217.654266357, 21.9070835114, -14.9035329819, 43.2589035034], [64.0195388794, 133.577041626, -37.3463401794, -57.2597961426, -14.9854545593, -13.9312648773, 43.0175209045, 35.159488678, 5.38214302063, 21.9070835114, 144.225708008, 5.262570858, 13.885055542], [-226.997589111, 67.8315124512, 130.504272461, 78.9202346802, 23.4188499451, -1.66753315926, 5.77198219299, -34.7922515869, 17.776550293, -14.9035329819, 5.262570858, 152.146179199, -9.98622131348], [221.583267212, -44.2016677856, -30.1475334167, -19.2663879395, -17.3634223938, -15.8017606735, -18.1365375519, 27.5298709869, -0.419453471899, 43.2589035034, 13.885055542, -9.98622131348, 120.691497803]],
