{
"lowlevel": {
    "average_loudness": 0.921339392662,
    "barkbands_crest": {
        "dmean": 2.2174077034,
        "dmean2": 3.51209878922,
        "dvar": 4.24614810944,
        "dvar2": 10.2806415558,
        "max": 24.5033626556,
        "mean": 10.6137571335,
        "median": 9.88108158112,
        "min": 3.21777462959,
        "var": 15.5675554276
    },
    "barkbands_flatness_db": {
        "dmean": 0.0200712047517,
        "dmean2": 0.0287038777024,
        "dvar": 0.000366697378922,
        "dvar2": 0.000790251709986,
        "max": 0.339903235435,
        "mean": 0.180881366134,
        "median": 0.179910242558,
        "min": 0.0401074141264,
        "var": 0.00196952768601
    },
    "barkbands_kurtosis": {
        "dmean": 3.39851045609,
        "dmean2": 5.11246299744,
        "dvar": 20.4125652313,
        "dvar2": 46.8067398071,
        "max": 66.3389968872,
        "mean": 8.3442029953,
        "median": 6.12051200867,
        "min": -1.93099403381,
        "var": 65.2144546509
    },
    "barkbands_skewness": {
        "dmean": 0.492305099964,
        "dmean2": 0.71690261364,
        "dvar": 0.276007890701,
        "dvar2": 0.558550179005,
        "max": 7.19254255295,
        "mean": 2.17168545723,
        "median": 2.03732872009,
        "min": -1.79301249981,
        "var": 1.11219263077
    },
    "barkbands_spread": {
        "dmean": 4.69836950302,
        "dmean2": 6.84635210037,
        "dvar": 67.8889312744,
        "dvar2": 130.331237793,
        "max": 97.3102874756,
        "mean": 15.6615152359,
        "median": 11.0884342194,
        "min": 1.35301041603,
        "var": 231.999145508
    },
    "dissonance": {
        "dmean": 0.0241497121751,
        "dmean2": 0.0393091589212,
        "dvar": 0.00050636427477,
        "dvar2": 0.00128028553445,
        "max": 0.499999761581,
        "mean": 0.434404373169,
        "median": 0.440742492676,
        "min": 0.258123427629,
        "var": 0.00149545422755
    },
    "dynamic_complexity": 2.15061306953,
    "erbbands_crest": {
        "dmean": 2.7200293541,
        "dmean2": 4.19866704941,
        "dvar": 6.64419984818,
        "dvar2": 14.0719223022,
        "max": 32.1692123413,
        "mean": 11.1533975601,
        "median": 9.6220998764,
        "min": 2.16914176941,
        "var": 31.5158233643
    },
    "erbbands_flatness_db": {
        "dmean": 0.0172197651118,
        "dmean2": 0.0234002321959,
        "dvar": 0.000302461208776,
        "dvar2": 0.000521303038113,
        "max": 0.344928175211,
        "mean": 0.178994983435,
        "median": 0.181878134608,
        "min": 0.065457277,
        "var": 0.00188176974189
    },
    "erbbands_kurtosis": {
        "dmean": 1.44391906261,
        "dmean2": 2.22810983658,
        "dvar": 4.36348342896,
        "dvar2": 9.00451660156,
        "max": 57.0006065369,
        "mean": 2.06703853607,
        "median": 1.14407873154,
        "min": -1.81421351433,
        "var": 17.3439559937
    },
    "erbbands_skewness": {
        "dmean": 0.388694912195,
        "dmean2": 0.571991741657,
        "dvar": 0.149005651474,
        "dvar2": 0.276849359274,
        "max": 6.16396760941,
        "mean": 1.08727657795,
        "median": 1.12850260735,
        "min": -4.21898698807,
        "var": 0.964194715023
    },
    "erbbands_spread": {
        "dmean": 8.96985530853,
        "dmean2": 13.2246599197,
        "dvar": 126.137382507,
        "dvar2": 261.144500732,
        "max": 139.220657349,
        "mean": 39.5044593811,
        "median": 32.7565078735,
        "min": 3.13022065163,
        "var": 519.970703125
    },
    "hfc": {
        "dmean": 5.15121746063,
        "dmean2": 7.16694021225,
        "dvar": 90.0656051636,
        "dvar2": 152.09135437,
        "max": 209.482711792,
        "mean": 18.101858139,
        "median": 13.1335258484,
        "min": 1.10803715023e-16,
        "var": 374.519866943
    },
    "melbands_crest": {
        "dmean": 2.86965084076,
        "dmean2": 4.49059152603,
        "dvar": 6.85793590546,
        "dvar2": 16.6026363373,
        "max": 30.5605220795,
        "mean": 14.3206920624,
        "median": 13.3504047394,
        "min": 2.30229735374,
        "var": 24.8753986359
    },
    "melbands_flatness_db": {
        "dmean": 0.0211677532643,
        "dmean2": 0.0302173625678,
        "dvar": 0.000444395845989,
        "dvar2": 0.000917658500839,
        "max": 0.433938980103,
        "mean": 0.239635422826,
        "median": 0.238218635321,
        "min": 0.00516331195831,
        "var": 0.00267680850811
    },
    "melbands_kurtosis": {
        "dmean": 7.34922122955,
        "dmean2": 11.1710605621,
        "dvar": 122.698890686,
        "dvar2": 286.900543213,
        "max": 162.679885864,
        "mean": 18.5886154175,
        "median": 12.587266922,
        "min": -1.65658891201,
        "var": 312.592529297
    },
    "melbands_skewness": {
        "dmean": 0.65550082922,
        "dmean2": 0.970212161541,
        "dvar": 0.54127985239,
        "dvar2": 1.16571509838,
        "max": 9.79405117035,
        "mean": 2.93551778793,
        "median": 2.57391142845,
        "min": -0.0815822929144,
        "var": 2.26077795029
    },
    "melbands_spread": {
        "dmean": 5.16768884659,
        "dmean2": 7.37340736389,
        "dvar": 184.18057251,
        "dvar2": 320.939758301,
        "max": 230.892410278,
        "mean": 15.9311275482,
        "median": 11.0566806793,
        "min": 1.50986242294,
        "var": 572.275268555
    },
    "pitch_salience": {
        "dmean": 0.0651352331042,
        "dmean2": 0.103612795472,
        "dvar": 0.00345600279979,
        "dvar2": 0.00852900929749,
        "max": 0.97403049469,
        "mean": 0.566579937935,
        "median": 0.57602506876,
        "min": 0.20422591269,
        "var": 0.0117035396397
    },
    "silence_rate_20dB": {
        "dmean": 0,
        "dmean2": 0,
        "dvar": 0,
        "dvar2": 0,
        "max": 1,
        "mean": 1,
        "median": 1,
        "min": 1,
        "var": 0
    },
    "silence_rate_30dB": {
        "dmean": 0.0247422680259,
        "dmean2": 0.0495100580156,
        "dvar": 0.0241295136511,
        "dvar2": 0.0604669526219,
        "max": 1,
        "mean": 0.981968045235,
        "median": 1,
        "min": 0,
        "var": 0.0177062787116
    },
    "silence_rate_60dB": {
        "dmean": 0.00360824749805,
        "dmean2": 0.00722021656111,
        "dvar": 0.00359511747956,
        "dvar2": 0.00819977466017,
        "max": 1,
        "mean": 0.00360638834536,
        "median": 0,
        "min": 0,
        "var": 0.0035932851024
    },
    "spectral_centroid": {
        "dmean": 191.880630493,
        "dmean2": 272.733337402,
        "dvar": 132116.9375,
        "dvar2": 183976.0625,
        "max": 11175.0556641,
        "mean": 929.867797852,
        "median": 768.708984375,
        "min": 214.640945435,
        "var": 461789.34375
    },
    "spectral_complexity": {
        "dmean": 2.34845352173,
        "dmean2": 3.65755534172,
        "dvar": 7.83117866516,
        "dvar2": 17.8496723175,
        "max": 39,
        "mean": 13.5110769272,
        "median": 13,
        "min": 0,
        "var": 20.2457809448
    },
    "spectral_decrease": {
        "dmean": 2.39028397075e-09,
        "dmean2": 3.56743679042e-09,
        "dvar": 2.3303992307e-17,
        "dvar2": 5.25913889574e-17,
        "max": -7.7995281719e-29,
        "mean": -7.5218817841e-09,
        "median": -5.91479665246e-09,
        "min": -6.38261568042e-08,
        "var": 4.04746984522e-17
    },
    "spectral_energy": {
        "dmean": 0.00933048129082,
        "dmean2": 0.0139072947204,
        "dvar": 0.000342230516253,
        "dvar2": 0.00077191775199,
        "max": 0.24462646246,
        "mean": 0.0300312098116,
        "median": 0.0237564947456,
        "min": 1.03445914936e-20,
        "var": 0.000607087335084
    },
    "spectral_energyband_high": {
        "dmean": 0.00044349336531,
        "dmean2": 0.000594583456405,
        "dvar": 1.46088734709e-06,
        "dvar2": 2.22707240027e-06,
        "max": 0.0280565861613,
        "mean": 0.00100297806785,
        "median": 0.000336217170116,
        "min": 7.45780304943e-21,
        "var": 6.25485972705e-06
    },
    "spectral_energyband_low": {
        "dmean": 0.00513251312077,
        "dmean2": 0.0080280713737,
        "dvar": 0.000299517560052,
        "dvar2": 0.000701894401573,
        "max": 0.208206266165,
        "mean": 0.00851828977466,
        "median": 0.00383918406442,
        "min": 7.30254977068e-23,
        "var": 0.000330590090016
    },
    "spectral_energyband_middle_high": {
        "dmean": 0.000632007198874,
        "dmean2": 0.000949313049205,
        "dvar": 8.53349831687e-07,
        "dvar2": 2.05169317269e-06,
        "max": 0.0187026690692,
        "mean": 0.00206063874066,
        "median": 0.0014950936893,
        "min": 1.50348275436e-21,
        "var": 3.73459283765e-06
    },
    "spectral_energyband_middle_low": {
        "dmean": 0.00556163024157,
        "dmean2": 0.00815405324101,
        "dvar": 3.8594360376e-05,
        "dvar2": 8.51719159982e-05,
        "max": 0.10352088511,
        "mean": 0.0199623536319,
        "median": 0.0172210074961,
        "min": 3.70929491072e-22,
        "var": 0.000205161937629
    },
    "spectral_entropy": {
        "dmean": 0.172846466303,
        "dmean2": 0.234647646546,
        "dvar": 0.0306456312537,
        "dvar2": 0.0529638789594,
        "max": 9.78971672058,
        "mean": 7.16367530823,
        "median": 7.12717247009,
        "min": 5.58597660065,
        "var": 0.212666481733
    },
    "spectral_flux": {
        "dmean": 0.0239277072251,
        "dmean2": 0.0386042296886,
        "dvar": 0.00115893385373,
        "dvar2": 0.00295185181312,
        "max": 0.430857777596,
        "mean": 0.0735570639372,
        "median": 0.0643751770258,
        "min": 1.01708363953e-10,
        "var": 0.00201188540086
    },
    "spectral_kurtosis": {
        "dmean": 1.66199123859,
        "dmean2": 2.77852892876,
        "dvar": 2.91581726074,
        "dvar2": 8.12235546112,
        "max": 26.0468788147,
        "mean": 3.81501507759,
        "median": 3.21988630295,
        "min": -1.25098323822,
        "var": 10.0104598999
    },
    "spectral_rms": {
        "dmean": 0.000750976381823,
        "dmean2": 0.00108889723197,
        "dvar": 1.10604082693e-06,
        "dvar2": 2.24721293307e-06,
        "max": 0.0154486233369,
        "mean": 0.00509097892791,
        "median": 0.00481425691396,
        "min": 3.17683553075e-12,
        "var": 3.38066865879e-06
    },
    "spectral_rolloff": {
        "dmean": 384.158447266,
        "dmean2": 633.593994141,
        "dvar": 1378705.625,
        "dvar2": 2748822,
        "max": 18410.8886719,
        "mean": 1048.57739258,
        "median": 581.396484375,
        "min": 107.666015625,
        "var": 2863208
    },
    "spectral_skewness": {
        "dmean": 0.231787323952,
        "dmean2": 0.359111100435,
        "dvar": 0.0410741455853,
        "dvar2": 0.0959914550185,
        "max": 3.8218126297,
        "mean": 1.48959958553,
        "median": 1.48894333839,
        "min": -0.230622366071,
        "var": 0.349134415388
    },
    "spectral_spread": {
        "dmean": 501187,
        "dmean2": 717760.5,
        "dvar": 1.00551655424e+12,
        "dvar2": 1.43351637606e+12,
        "max": 41920344,
        "mean": 4729416.5,
        "median": 4310303,
        "min": 2258443,
        "var": 3.26033814323e+12
    },
    "spectral_strongpeak": {
        "dmean": 0.446659177542,
        "dmean2": 0.724574625492,
        "dvar": 0.327122479677,
        "dvar2": 0.804322183132,
        "max": 8.18704223633,
        "mean": 1.13589179516,
        "median": 0.752863645554,
        "min": 0,
        "var": 1.05002367496
    },
    "zerocrossingrate": {
        "dmean": 0.0105443578213,
        "dmean2": 0.0113508393988,
        "dvar": 0.000389548600651,
        "dvar2": 0.000365047279047,
        "max": 0.4970703125,
        "mean": 0.0493574105203,
        "median": 0.0361328125,
        "min": 0.00390625,
        "var": 0.00206727162004
    },
    "barkbands": {
        "dmean": [0.000102045931271, 0.00274025578983, 0.00224597472697, 0.00157124560792, 0.00218344572932, 0.00140111811925, 0.00230446923524, 0.00107070757076, 0.00075658474816, 0.000219043591642, 0.000170943618286, 0.000190331033082, 0.000201167451451, 0.00012507327483, 6.0496320657e-05, 2.61218028754e-05, 3.19237988151e-05, 5.11936523253e-05, 4.47178026661e-05, 0.000125669132103, 7.29947059881e-05, 9.66786319623e-05, 8.31387078506e-05, 0.000143512501381, 3.195111276e-05, 2.05809737963e-05, 1.07873102024e-05],
        "dmean2": [0.000151896383613, 0.00438957847655, 0.00346402660944, 0.00242030131631, 0.00326731149107, 0.00210043322295, 0.00331120449118, 0.00159977562726, 0.00116483832244, 0.000353326264303, 0.000274628342595, 0.000301938765915, 0.000317076337524, 0.000195581160369, 9.17647630558e-05, 4.03569138143e-05, 5.00512251165e-05, 7.84666626714e-05, 7.06053178874e-05, 0.000189913669601, 0.00010371398821, 0.000136752816616, 0.000119795520732, 0.00019769181381, 4.07687293773e-05, 3.20203871524e-05, 1.68025835592e-05],
        "dvar": [1.78024251341e-07, 0.000103888538433, 5.01806571265e-05, 6.37283892502e-06, 9.01260955288e-06, 5.81915583098e-06, 1.33146868393e-05, 1.10859127744e-05, 2.04675188797e-06, 2.06218089716e-07, 1.94348345417e-07, 1.08675045851e-07, 1.49812677819e-07, 9.13148241466e-08, 3.59933629568e-08, 3.60636520647e-09, 4.80484230181e-09, 8.83029827037e-09, 7.20379267349e-09, 4.58019755456e-08, 4.95831393721e-08, 1.0277737772e-07, 5.73267548987e-08, 3.16668746336e-07, 1.5470996928e-08, 6.57266197024e-09, 2.82516321448e-09],
        "dvar2": [4.04833201628e-07, 0.000253965408774, 0.000115240698506, 1.50457963173e-05, 1.99940368475e-05, 1.31729366331e-05, 2.44249604293e-05, 2.43159320235e-05, 4.965613698e-06, 5.66834899018e-07, 4.58172422668e-07, 2.55837818486e-07, 3.59509215286e-07, 2.24547562766e-07, 8.6252185838e-08, 8.39373370809e-09, 1.21812187004e-08, 2.05984882484e-08, 1.62270783477e-08, 8.53044426208e-08, 8.93383713674e-08, 2.0348844032e-07, 1.26268204781e-07, 5.41908832474e-07, 2.57260186487e-08, 1.56857549172e-08, 6.87954448964e-09],
        "max": [0.00518554262817, 0.116636328399, 0.0904023498297, 0.0408831462264, 0.0436856374145, 0.0353279933333, 0.0859759151936, 0.0834124833345, 0.0188831612468, 0.00895251892507, 0.0152997272089, 0.00736421206966, 0.0061110323295, 0.00708249071613, 0.006552294828, 0.00106230087113, 0.000934368756134, 0.00196954025887, 0.00207893992774, 0.00543204788119, 0.00537636969239, 0.00957052502781, 0.00493840686977, 0.01597876288, 0.00383372674696, 0.00120678602252, 0.00084078242071],
        "mean": [9.75729635684e-05, 0.00355878379196, 0.00342141720466, 0.00326136918738, 0.00455274898559, 0.00275909295306, 0.00560184661299, 0.00204676389694, 0.0016028174432, 0.000373888964532, 0.00025351086515, 0.000375133298803, 0.000409458501963, 0.000220813177293, 0.000101547040686, 4.28827297583e-05, 5.00225869473e-05, 9.65448125498e-05, 8.79122599144e-05, 0.000283985078568, 0.000151718923007, 0.000210888785659, 0.000148236722453, 0.00023803570366, 4.92564795422e-05, 2.36660216615e-05, 1.13045352919e-05],
        "median": [2.11435144593e-06, 0.00119960471056, 0.000867452705279, 0.00204877578653, 0.00258082873188, 0.00106653082184, 0.00210661138408, 0.00046033973922, 0.000632657669485, 0.000143656536238, 0.000134823538247, 0.000193788684555, 0.00010024860967, 6.03757180215e-05, 3.81238714908e-05, 1.93391751964e-05, 2.27717810048e-05, 4.37470334873e-05, 4.89075719088e-05, 0.000169101374922, 3.03346914734e-05, 5.37206724402e-05, 2.92746826744e-05, 1.90036080312e-05, 3.84813483834e-06, 1.39243286412e-06, 5.72820457734e-09],
        "min": [9.93690216983e-24, 2.45678864463e-23, 3.83294544974e-23, 1.00588734764e-23, 3.52019460189e-23, 7.5293655825e-23, 7.43719381216e-23, 1.41993574545e-23, 1.58137884338e-22, 1.5952154321e-23, 5.42786158801e-23, 4.09849338537e-23, 1.47117648953e-22, 1.08674828833e-22, 1.16084504653e-22, 1.5317627741e-22, 9.93540522738e-23, 3.55255620057e-22, 3.10675133928e-22, 3.11546238316e-22, 6.95410953019e-22, 5.28665195188e-22, 4.05209599481e-22, 9.6454681738e-22, 1.10609163735e-21, 1.62452193659e-21, 2.1644238937e-21],
        "var": [1.87336510749e-07, 0.000101774705399, 6.39611535007e-05, 1.37377783176e-05, 2.97213773592e-05, 1.6643140043e-05, 8.91883173608e-05, 3.26033223246e-05, 6.65665857014e-06, 4.62192787154e-07, 2.45157366408e-07, 3.18647835229e-07, 5.0213736813e-07, 2.05327964409e-07, 5.17721900906e-08, 6.24263618576e-09, 6.64777610737e-09, 2.29024781362e-08, 1.72652097064e-08, 1.46346209817e-07, 1.91443533026e-07, 3.11603486125e-07, 1.42768385558e-07, 9.65993308455e-07, 4.52256578853e-08, 7.64594876301e-09, 2.84867995859e-09]
    },
    "erbbands": {
        "dmean": [0.0471239387989, 0.735335290432, 2.59511995316, 3.60052013397, 5.52151679993, 9.69520950317, 9.28237247467, 10.910323143, 22.8071804047, 37.821849823, 22.2506351471, 16.3716602325, 10.91746521, 5.10736751556, 6.0819683075, 7.64593791962, 8.02387237549, 7.83994626999, 3.41541719437, 2.09230208397, 1.3526763916, 1.79480624199, 2.56523418427, 2.41379642487, 2.39014029503, 6.43530797958, 3.51205086708, 3.19298148155, 3.57641100883, 3.09996080399, 2.13077497482, 3.13090085983, 2.00633382797, 0.503050982952, 0.172075882554, 0.0871300324798, 0.0318472422659, 0.023370468989, 0.000765317294281, 2.29898596444e-05],
        "dmean2": [0.0846048817039, 1.14841020107, 4.03051805496, 5.38128995895, 8.54492664337, 14.6351003647, 14.0066137314, 16.2324962616, 33.6186599731, 54.7166099548, 33.3120002747, 24.9556808472, 16.3221530914, 8.30109596252, 9.75363922119, 12.0866317749, 12.542093277, 12.4407863617, 5.24498844147, 3.10613560677, 2.08217072487, 2.81043314934, 3.90830683708, 3.7734773159, 3.72188568115, 9.68220710754, 5.11554145813, 4.5661907196, 5.22598075867, 4.49526977539, 3.03547096252, 4.36713695526, 2.7636950016, 0.622006118298, 0.242883563042, 0.129898011684, 0.0498849526048, 0.0361788123846, 0.00120263721328, 3.45613916579e-05],
        "dvar": [0.0358859375119, 7.13030862808, 72.5665893555, 46.9221458435, 65.3107376099, 227.294662476, 314.067901611, 371.721405029, 2087.81396484, 5971.34472656, 6532.45166016, 923.441772461, 441.741455078, 109.41544342, 301.083557129, 165.593551636, 219.541397095, 336.904754639, 70.3548736572, 34.9193687439, 8.67154693604, 14.9268331528, 22.3608074188, 21.82903862, 17.353597641, 132.111297607, 84.5229034424, 105.355705261, 127.054908752, 102.727882385, 38.4588699341, 190.431777954, 56.2340545654, 5.06463718414, 0.39153239131, 0.088816203177, 0.0179193224758, 0.0131726795807, 1.51525546244e-05, 4.59264359876e-09],
        "dvar2": [0.101698972285, 17.0260887146, 170.001068115, 102.585945129, 164.993667603, 523.500305176, 649.925048828, 823.28918457, 4192.44140625, 11120.1904297, 13877.2236328, 2225.83325195, 955.694213867, 292.552886963, 780.084716797, 398.421386719, 487.225036621, 855.810302734, 159.290771484, 70.1372070312, 21.0914287567, 38.5494232178, 52.5309677124, 47.8624305725, 42.6167526245, 273.258575439, 150.592773438, 197.623062134, 258.229888916, 219.21875, 74.1563110352, 326.551116943, 99.8251113892, 8.24791908264, 0.82747900486, 0.191975697875, 0.0448395609856, 0.031263127923, 3.63907383871e-05, 1.08863362769e-08],
        "max": [1.84725666046, 30.874956131, 108.372505188, 97.9536972046, 96.6865615845, 245.084152222, 345.361022949, 393.121551514, 955.217285156, 2042.5880127, 2220.65161133, 509.12020874, 442.562774658, 218.911972046, 572.135009766, 311.151184082, 279.921630859, 434.448150635, 281.008361816, 125.618026733, 65.9141082764, 50.5469207764, 105.980224609, 106.608360291, 83.7883911133, 290.391265869, 313.765045166, 268.414672852, 258.365570068, 337.585205078, 153.031219482, 427.928039551, 193.376556396, 74.7485122681, 11.538435936, 5.68814563751, 2.33665943146, 1.77067279816, 0.0759506225586, 0.00116622867063],
        "mean": [0.0476594716311, 0.993726670742, 3.77082872391, 7.64852952957, 11.2559156418, 19.4054985046, 18.1580085754, 22.7573833466, 53.5339241028, 91.8707885742, 45.2469940186, 34.44298172, 23.2978916168, 9.78050613403, 10.5135297775, 16.7435455322, 18.5333003998, 15.7884464264, 6.39069318771, 3.88757944107, 2.50665259361, 3.08247089386, 4.88333034515, 5.06242132187, 5.68764925003, 14.0484981537, 7.450735569, 6.66134786606, 7.65242290497, 6.17984342575, 4.0127363205, 5.26594638824, 3.26379346848, 0.846980452538, 0.235625982285, 0.113961115479, 0.0337499342859, 0.0247387960553, 0.000807867618278, 5.06479409523e-05],
        "median": [0.0114468997344, 0.358361452818, 1.21772289276, 4.79510688782, 7.85948705673, 9.07259082794, 8.06139755249, 9.97715187073, 18.0411224365, 30.3707561493, 13.5280094147, 14.8455734253, 10.4200391769, 5.5546169281, 6.43155956268, 8.79041481018, 6.34764289856, 4.63197183609, 2.87013053894, 1.28482806683, 1.28196239471, 1.54911577702, 2.26681613922, 2.38691139221, 3.91642713547, 8.09567928314, 2.40475153923, 1.73716580868, 1.92560231686, 1.56783163548, 0.851817429066, 0.549747049809, 0.216778934002, 0.06201345101, 0.0213036257774, 0.00883126165718, 0.00172649114393, 0.000122626268421, 2.00414688152e-05, 3.1875239074e-05],
        "min": [5.69473209629e-22, 6.57052097991e-21, 4.035041958e-20, 3.62813856687e-20, 9.33474484489e-20, 1.17555625783e-19, 3.37013414835e-19, 6.42292252264e-19, 6.17573872513e-19, 1.1579792385e-18, 6.6958528337e-19, 3.7384870326e-18, 1.63386389632e-18, 1.5752761411e-18, 1.32570964984e-18, 2.31362541408e-18, 5.81883014315e-18, 7.17726336821e-18, 5.40981249129e-18, 8.11064900833e-18, 6.87767633472e-18, 7.43744144936e-18, 1.71210356038e-17, 1.48965252523e-17, 1.65220278002e-17, 1.80095880547e-17, 1.94237128689e-17, 3.12556481026e-17, 2.09035257499e-17, 1.32027372904e-17, 1.09590653e-17, 1.80077235896e-17, 1.52375436947e-17, 9.72325663765e-18, 1.03126873442e-17, 6.07905744154e-18, 3.01158428493e-18, 1.08703919519e-18, 3.3667271982e-19, 3.09705630187e-20],
        "var": [0.0267486795783, 7.2268986702, 79.9768829346, 84.5175094604, 119.967300415, 734.98828125, 914.849060059, 1151.47399902, 10524.9042969, 36513.1914062, 17318.4628906, 2961.19335938, 1585.02844238, 239.745941162, 306.609741211, 567.43170166, 877.177612305, 849.969360352, 147.078659058, 91.2578582764, 14.5197553635, 21.1853599548, 55.6880531311, 62.2452507019, 40.9095687866, 368.145050049, 295.62991333, 385.77166748, 394.600128174, 257.942657471, 116.986663818, 539.984619141, 170.310913086, 16.1147212982, 0.753470301628, 0.168514534831, 0.0175682231784, 0.01346331276, 1.48792832988e-05, 5.21902299155e-09]
    },
    "gfcc": {
        "mean": [-16.0098457336, 115.715400696, -103.248527527, 38.6095352173, -84.1166915894, 6.39418983459, -30.4984760284, -3.08771848679, -23.0679149628, -2.02189016342, -8.34831047058, -12.7905292511, -17.1501178741],
        "cov": [[3428.00610352, -963.12677002, 17.7553672791, -144.270889282, -128.853210449, 154.336105347, -41.1587028503, 11.4948749542, -97.46849823, 156.481781006, -122.620834351, 166.229263306, -319.599731445], [-963.12677002, 1511.02856445, -492.83380127, -61.8775596619, 171.051757812, -146.103561401, 169.62461853, -31.4659557343, 99.5883407593, -57.4110794067, 225.496536255, -156.637649536, 110.405570984], [17.7553672791, -492.83380127, 633.55645752, 13.8976659775, 56.4979820251, 125.42779541, -94.1966781616, 34.9902877808, -85.8533935547, -0.571197152138, -89.8541107178, 137.702041626, 11.3553562164], [-144.270889282, -61.8775596619, 13.8976659775, 511.073638916, -12.4728918076, -30.9824695587, -30.0784721375, 10.1730422974, 79.0787658691, -29.6956138611, -33.456073761, -34.9684486389, 172.324996948], [-128.853210449, 171.051757812, 56.4979820251, -12.4728918076, 222.627487183, 12.250957489, 4.28719854355, 26.1894550323, 6.22874689102, -12.9191484451, 2.41171789169, 28.1895866394, 32.982460022], [154.336105347, -146.103561401, 125.42779541, -30.9824695587, 12.250957489, 209.172363281, 40.5463027954, 24.810880661, -63.4113883972, 32.0342636108, -40.5905151367, 34.4497947693, -36.2210464478], [-41.1587028503, 169.62461853, -94.1966781616, -30.0784721375, 4.28719854355, 40.5463027954, 133.742965698, 13.9599466324, -10.0046215057, 10.2194623947, 27.3249950409, -21.485868454, -43.4356040955], [11.4948749542, -31.4659557343, 34.9902877808, 10.1730422974, 26.1894550323, 24.810880661, 13.9599466324, 82.6825027466, 4.77871322632, 6.13347196579, -13.2715530396, 10.6402692795, 7.56232070923], [-97.46849823, 99.5883407593, -85.8533935547, 79.0787658691, 6.22874689102, -63.4113883972, -10.0046215057, 4.77871322632, 148.745330811, -0.0729608684778, 16.601606369, -47.7946128845, 51.3877906799], [156.481781006, -57.4110794067, -0.571197152138, -29.6956138611, -12.9191484451, 32.0342636108, 10.2194623947, 6.13347196579, -0.0729608684778, 98.6146087646, 8.19990062714, 9.60188007355, -34.0603561401], [-122.620834351, 225.496536255, -89.8541107178, -33.456073761, 2.41171789169, -40.5905151367, 27.3249950409, -13.2715530396, 16.601606369, 8.19990062714, 125.8907547, -18.0773200989, 9.36163234711], [166.229263306, -156.637649536, 137.702041626, -34.9684486389, 28.1895866394, 34.4497947693, -21.485868454, 10.6402692795, -47.7946128845, 9.60188007355, -18.0773200989, 131.789398193, -16.942281723], [-319.599731445, 110.405570984, 11.3553562164, 172.324996948, 32.982460022, -36.2210464478, -43.4356040955, 7.56232070923, 51.3877906799, -34.0603561401, 9.36163234711, -16.942281723, 179.069107056]],
        "icov": [[0.000473448191769, 0.000256219791481, 0.000375157658709, -0.000141014286783, -7.89220066508e-05, -0.000230890378589, 0.000320887105772, -5.29658282176e-05, -6.20404825895e-05, -0.000294953671983, -1.58331768034e-05, -0.000493353174534, 0.000762700394262], [0.000256219791481, 0.00201716576703, 0.000930858426727, 0.000520468165632, -0.00153636687901, 0.000357739714673, -0.00178025756031, 0.000655286305118, -2.98324107462e-06, 0.000419802760007, -0.00179737247527, 0.000698035641108, -0.00120972876903], [0.000375157658709, 0.000930858426727, 0.00340808276087, -8.44090754981e-05, -0.00101652380545, -0.00145644776057, 0.00156631402206, -0.00046463336912, 0.000591104617342, 0.000330440845573, -9.92303976091e-05, -0.0018859867705, -2.70820328296e-05], [-0.000141014286783, 0.000520468165632, -8.44090754981e-05, 0.00349327828735, 0.000234265447943, 0.000368484703358, -0.00155572476797, 0.000344881118508, -0.000797035347205, 0.000110249042336, 0.000780709262472, 0.000677302188706, -0.00401651486754], [-7.89220066508e-05, -0.00153636687901, -0.00101652380545, 0.000234265447943, 0.00640786066651, -0.000434591958765, 0.000622031860985, -0.0016880602343, -0.000661340716761, 0.000242677444476, 0.0012850749772, -0.00175392255187, -0.00039775998448], [-0.000230890378589, 0.000357739714673, -0.00145644776057, 0.000368484703358, -0.000434591958765, 0.00800527818501, -0.00412089284509, -0.000511616060976, 0.00222063926049, -0.00215814774856, 0.00166848953813, 0.000738016795367, -0.00123872689437], [0.000320887105772, -0.00178025756031, 0.00156631402206, -0.00155572476797, 0.000622031860985, -0.00412089284509, 0.0141726126894, -0.00323928846046, 0.000484429008793, 0.000212546990952, -0.00109435827471, -0.000320831313729, 0.00562284793705], [-5.29658282176e-05, 0.000655286305118, -0.00046463336912, 0.000344881118508, -0.0016880602343, -0.000511616060976, -0.00323928846046, 0.0142200514674, -0.00131734495517, -0.000711928529199, 0.00091723940568, -0.000291847536573, -0.00181274779607], [-6.20404825895e-05, -2.98324107462e-06, 0.000591104617342, -0.000797035347205, -0.000661340716761, 0.00222063926049, 0.000484429008793, -0.00131734495517, 0.0098313447088, -0.00167377805337, -7.87237804616e-05, 0.00247090356424, -0.00153701822273], [-0.000294953671983, 0.000419802760007, 0.000330440845573, 0.000110249042336, 0.000242677444476, -0.00215814774856, 0.000212546990952, -0.000711928529199, -0.00167377805337, 0.0124428682029, -0.00237338780425, -0.000472228741273, 0.00161453464534], [-1.58331768034e-05, -0.00179737247527, -9.92303976091e-05, 0.000780709262472, 0.0012850749772, 0.00166848953813, -0.00109435827471, 0.00091723940568, -7.87237804616e-05, -0.00237338780425, 0.012218484655, -0.00108209101018, -0.00103848951403], [-0.000493353174534, 0.000698035641108, -0.0018859867705, 0.000677302188706, -0.00175392255187, 0.000738016795367, -0.000320831313729, -0.000291847536573, 0.00247090356424, -0.000472228741273, -0.00108209101018, 0.0119914580137, -0.00104404613376], [0.000762700394262, -0.00120972876903, -2.70820328296e-05, -0.00401651486754, -0.00039775998448, -0.00123872689437, 0.00562284793705, -0.00181274779607, -0.00153701822273, 0.00161453464534, -0.00103848951403, -0.00104404613376, 0.0135253574699]]
    },
    "melbands": {
        "dmean": [0.000583586923312, 0.00124851823784, 0.000690527318511, 0.000512023107149, 0.000348206987837, 0.000262381887296, 0.000375947274733, 0.000369955319911, 0.000171657564351, 0.000100308010587, 5.58030915272e-05, 2.19157336687e-05, 2.51699966611e-05, 1.70647235791e-05, 2.4319617296e-05, 1.89063739526e-05, 1.40928113979e-05, 6.13893553236e-06, 3.21129959957e-06, 2.18966829379e-06, 1.64276389114e-06, 1.97613667297e-06, 2.22869107347e-06, 2.67035602519e-06, 2.09205973078e-06, 1.62683431881e-06, 2.83414624391e-06, 5.03117826156e-06, 2.62106891569e-06, 1.73371904566e-06, 2.0543732262e-06, 2.22977178055e-06, 1.91834465113e-06, 1.77096080733e-06, 1.25471979118e-06, 1.40042857311e-06, 2.33129003391e-06, 1.91023582374e-06, 6.50345725717e-07, 3.52873485099e-07],
        "dmean2": [0.000987707055174, 0.00191565614659, 0.00103777984623, 0.000777059351094, 0.000523329246789, 0.000390831177356, 0.000549088115804, 0.000537610088941, 0.000259355816524, 0.000153136687004, 8.39181957417e-05, 3.5625322198e-05, 4.06875951739e-05, 2.6757879823e-05, 3.75131276087e-05, 2.95142890536e-05, 2.23397073569e-05, 9.44912972045e-06, 4.93666721013e-06, 3.24549728248e-06, 2.56034263657e-06, 3.19374134961e-06, 3.50519553649e-06, 4.13042380387e-06, 3.29707268065e-06, 2.5252852538e-06, 4.47141110271e-06, 7.58995065553e-06, 3.94624566979e-06, 2.56811608779e-06, 3.05971525449e-06, 3.40684641742e-06, 2.7846415378e-06, 2.69209408543e-06, 1.8335825871e-06, 1.99088231057e-06, 3.4416800645e-06, 2.78344691651e-06, 8.29294720006e-07, 4.69114610269e-07],
        "dvar": [5.06765945829e-06, 1.80086626642e-05, 1.44508339872e-06, 5.14070450208e-07, 3.04278415797e-07, 2.0954527713e-07, 4.34375920122e-07, 5.6722797126e-07, 3.39628940083e-07, 3.56931586509e-08, 1.16517426818e-08, 2.29935848139e-09, 5.15414688707e-09, 6.5970162666e-10, 2.2935242594e-09, 1.3766027207e-09, 1.14728804235e-09, 1.83172754742e-10, 2.15708853557e-10, 2.84209444174e-11, 1.23439748007e-11, 1.87713160987e-11, 2.30818177072e-11, 2.49738684593e-11, 1.88028967396e-11, 1.10723843288e-11, 2.07004118707e-11, 9.51586170972e-11, 4.43084423318e-11, 3.14926175415e-11, 4.76225031631e-11, 5.41503543394e-11, 4.2592117333e-11, 3.70587276144e-11, 1.2066139754e-11, 3.55041725186e-11, 1.04844098681e-10, 4.62180675675e-11, 1.02861235154e-11, 2.50310449451e-12],
        "dvar2": [1.31421929837e-05, 4.18594208895e-05, 3.19274477079e-06, 1.16360047286e-06, 6.36801871678e-07, 4.65562038698e-07, 8.64704418291e-07, 1.10619589577e-06, 7.24990854906e-07, 8.49463646091e-08, 2.5579382168e-08, 6.29137897334e-09, 1.28005392952e-08, 1.53251500379e-09, 4.9908144284e-09, 3.47674777856e-09, 2.85950707557e-09, 3.85188686503e-10, 5.68535385437e-10, 5.63117712182e-11, 2.85805025479e-11, 4.99367110163e-11, 5.29635883761e-11, 5.71851038744e-11, 4.19924719997e-11, 2.66963916251e-11, 5.16084536217e-11, 1.97135530122e-10, 7.98785482203e-11, 6.37683308935e-11, 9.76373773498e-11, 1.21582868773e-10, 9.09647149272e-11, 8.56826623541e-11, 2.65864431165e-11, 6.206313935e-11, 2.01953856416e-10, 9.64552396288e-11, 1.61917076968e-11, 4.60378263289e-12],
        "max": [0.0245685018599, 0.0535165369511, 0.0171187352389, 0.00886314734817, 0.00974914990366, 0.00797674059868, 0.0146369729191, 0.0184329394251, 0.0158726703376, 0.00335653172806, 0.0021860525012, 0.00104361446574, 0.00243355054408, 0.000403674319386, 0.000857457751408, 0.00066184689058, 0.000806067604572, 0.000350309361238, 0.000477499241242, 0.000107750944153, 8.04857772891e-05, 5.69768453715e-05, 0.000106209256046, 8.13986407593e-05, 9.18125806493e-05, 9.83121790341e-05, 9.746728756e-05, 0.000234766557696, 0.000228437042097, 0.000151736894622, 0.000164566954481, 0.000181591458386, 0.000188648758922, 0.000172486048541, 7.04098856659e-05, 0.000198663314222, 0.000281737797195, 0.000139950003359, 0.000100440964161, 4.99298366776e-05],
        "mean": [0.000718936091289, 0.0018260817742, 0.00147898774594, 0.00109901966061, 0.000705317419488, 0.000540454755537, 0.000898296304513, 0.000875415920746, 0.000328618392814, 0.000212985425605, 0.000114265152661, 3.85557868867e-05, 3.80611454602e-05, 3.46008055203e-05, 4.97742476e-05, 3.94642629544e-05, 2.64386453637e-05, 1.03992770164e-05, 5.25744690094e-06, 3.85131352232e-06, 2.74385843113e-06, 3.04089553538e-06, 3.6970666315e-06, 4.91296304972e-06, 4.0234140215e-06, 3.06800916405e-06, 6.26089831712e-06, 1.0327250493e-05, 5.11062080477e-06, 3.50576283381e-06, 3.91994035454e-06, 4.48770333605e-06, 3.89064962292e-06, 3.16885461871e-06, 2.16380863094e-06, 2.4264422791e-06, 3.67496932085e-06, 2.8186009331e-06, 1.11575877781e-06, 5.47596130218e-07],
        "median": [0.000224226881983, 0.000622022547759, 0.00100424943957, 0.000647175998893, 0.000399473909056, 0.000220048314077, 0.000346901186276, 0.000289488350973, 7.36591391615e-05, 8.63999375724e-05, 4.64792210551e-05, 1.89922684513e-05, 2.13951916521e-05, 1.80731803994e-05, 1.93829055206e-05, 1.12600528155e-05, 6.73147178532e-06, 4.19670686824e-06, 1.75807065261e-06, 1.28991393922e-06, 1.40749784805e-06, 1.45615535985e-06, 1.5734177623e-06, 1.99393889488e-06, 1.67679206697e-06, 1.77698962034e-06, 3.85067187381e-06, 5.26945723323e-06, 1.23348900161e-06, 6.2182698457e-07, 1.00585452856e-06, 1.02481249087e-06, 1.03889396996e-06, 6.44086469492e-07, 4.65066335664e-07, 4.21977716769e-07, 2.88664750769e-07, 1.75628287025e-07, 6.0158114934e-08, 4.08257960771e-08],
        "min": [6.55569996851e-24, 1.70582209294e-23, 7.83823397252e-24, 9.02182036433e-24, 1.05655935457e-23, 1.43491542518e-23, 1.11355692156e-23, 1.04055462898e-23, 7.38306596338e-24, 2.42395562267e-23, 7.54490314467e-24, 5.89504749862e-24, 5.64979892623e-24, 4.96783971772e-24, 7.95817790658e-24, 1.56483750305e-23, 1.21482394259e-23, 9.01872645186e-24, 7.04084863636e-24, 1.27889206987e-23, 6.75800886968e-24, 5.76439398891e-24, 1.33070753068e-23, 1.64399606613e-23, 1.13495524693e-23, 1.22484649928e-23, 1.00244736189e-23, 1.24294359953e-23, 1.25765104337e-23, 1.06760451165e-23, 2.08256754623e-23, 1.06913277188e-23, 1.09252857195e-23, 6.08602875162e-24, 5.46311341528e-24, 7.8619297764e-24, 1.273413352e-23, 9.60035517501e-24, 1.14268284947e-23, 6.73490155605e-24],
        "var": [4.52966924058e-06, 1.9653552954e-05, 2.62071694124e-06, 1.69143720541e-06, 9.53385097091e-07, 7.06876733148e-07, 2.36581536228e-06, 3.141939942e-06, 8.88404883881e-07, 1.21511249063e-07, 4.10940792506e-08, 4.68755256833e-09, 5.39995292925e-09, 2.20658091798e-09, 6.94058677198e-09, 4.62150406833e-09, 2.76050315939e-09, 4.45695896856e-10, 2.21603485562e-10, 7.85220846677e-11, 1.9805759463e-11, 2.23024428786e-11, 4.61542193353e-11, 6.45894795981e-11, 4.79366546458e-11, 2.20648967847e-11, 5.31979287011e-11, 2.51404841389e-10, 1.46813491919e-10, 1.09382294888e-10, 1.43922068707e-10, 1.43919501316e-10, 1.08659359288e-10, 7.04628855264e-11, 2.83677682039e-11, 9.73472760735e-11, 2.64103600101e-10, 1.086599144e-10, 3.43966799488e-11, 6.65156645041e-12]
    },
    "mfcc": {
        "mean": [-658.069763184, 135.332901001, 28.6468925476, 27.121131897, -18.5141811371, 5.33172369003, -2.6569545269, -0.468963176012, -14.7370586395, 6.40693473816, -0.988932549953, 1.96419858932, -3.69115281105],
        "cov": [[2490.52368164, -690.833190918, -108.689376831, -150.61605835, -137.619598389, 99.550163269, -41.2246780396, 25.4048061371, -89.3666305542, 16.3908004761, 165.06388855, 16.7305335999, -81.2788772583], [-690.833190918, 1343.4510498, -421.746643066, -94.1450653076, -33.2203063965, -65.705619812, 106.001846313, 36.0338134766, -119.835853577, 21.9015617371, 140.077636719, -26.8105964661, 124.952133179], [-108.689376831, -421.746643066, 491.968139648, 3.43144917488, 93.4400100708, 42.2934455872, 19.0121326447, -4.0047211647, 84.0035018921, -83.0130233765, -85.8930969238, 16.1314163208, -2.41091609001], [-150.61605835, -94.1450653076, 3.43144917488, 378.064208984, 74.4497375488, -11.5180997849, -64.3047103882, -20.2716693878, 97.3140563965, 21.0090026855, -105.357391357, 34.2720527649, -6.20055437088], [-137.619598389, -33.2203063965, 93.4400100708, 74.4497375488, 234.900726318, -3.51890349388, -9.15208530426, -1.54416906834, 85.6619567871, -8.8560333252, -99.5901641846, 10.5353755951, 9.38643074036], [99.550163269, -65.705619812, 42.2934455872, -11.5180997849, -3.51890349388, 137.425292969, 38.4326324463, 11.1559286118, 28.6385593414, -20.0119590759, 40.8391838074, -6.84793806076, -23.3324432373], [-41.2246780396, 106.001846313, 19.0121326447, -64.3047103882, -9.15208530426, 38.4326324463, 166.365325928, 36.8470916748, -19.0727481842, -25.7675266266, 52.0738372803, -14.2886123657, 5.55041360855], [25.4048061371, 36.0338134766, -4.0047211647, -20.2716693878, -1.54416906834, 11.1559286118, 36.8470916748, 102.876869202, 1.93297016621, -30.8021793365, 23.560552597, -4.59011745453, 3.31360554695], [-89.3666305542, -119.835853577, 84.0035018921, 97.3140563965, 85.6619567871, 28.6385593414, -19.0727481842, 1.93297016621, 173.623825073, -1.16149389744, -58.6560821533, 2.46935224533, -3.90592765808], [16.3908004761, 21.9015617371, -83.0130233765, 21.0090026855, -8.8560333252, -20.0119590759, -25.7675266266, -30.8021793365, -1.16149389744, 161.408233643, -14.9978923798, 4.81586408615, -6.49863815308], [165.06388855, 140.077636719, -85.8930969238, -105.357391357, -99.5901641846, 40.8391838074, 52.0738372803, 23.560552597, -58.6560821533, -14.9978923798, 200.86831665, -19.4753112793, -8.71061325073], [16.7305335999, -26.8105964661, 16.1314163208, 34.2720527649, 10.5353755951, -6.84793806076, -14.2886123657, -4.59011745453, 2.46935224533, 4.81586408615, -19.4753112793, 86.6935348511, 17.4095516205], [-81.2788772583, 124.952133179, -2.41091609001, -6.20055437088, 9.38643074036, -23.3324432373, 5.55041360855, 3.31360554695, -3.90592765808, -6.49863815308, -8.71061325073, 17.4095516205, 104.408226013]],
