{
"lowlevel": {
    "average_loudness": 0.0113058630377,
    "barkbands_crest": {
        "dmean": 2.21944093704,
        "dmean2": 3.31992101669,
        "dvar": 4.78280878067,
        "dvar2": 10.8381757736,
        "max": 26.1891326904,
        "mean": 14.2012405396,
        "median": 13.7061948776,
        "min": 4.39409637451,
        "var": 23.373998642
    },
    "barkbands_flatness_db": {
        "dmean": 0.0200837049633,
        "dmean2": 0.0293423701078,
        "dvar": 0.000368049979443,
        "dvar2": 0.000706966209691,
        "max": 0.436024844646,
        "mean": 0.27176463604,
        "median": 0.264983683825,
        "min": 0.0748725384474,
        "var": 0.00281793065369
    },
    "barkbands_kurtosis": {
        "dmean": 3.06575608253,
        "dmean2": 4.38367938995,
        "dvar": 44.8432884216,
        "dvar2": 86.1268539429,
        "max": 165.919250488,
        "mean": 6.17362785339,
        "median": 2.54673194885,
        "min": -1.73826646805,
        "var": 156.310928345
    },
    "barkbands_skewness": {
        "dmean": 0.4815505445,
        "dmean2": 0.684807896614,
        "dvar": 0.29942420125,
        "dvar2": 0.598409354687,
        "max": 10.4378061295,
        "mean": 1.25493454933,
        "median": 1.07704114914,
        "min": -3.54205608368,
        "var": 1.96033751965
    },
    "barkbands_spread": {
        "dmean": 1.83208763599,
        "dmean2": 2.56692576408,
        "dvar": 4.68660497665,
        "dvar2": 8.88415336609,
        "max": 40.0207290649,
        "mean": 8.99927139282,
        "median": 7.15786743164,
        "min": 0.633140444756,
        "var": 43.9592132568
    },
    "dissonance": {
        "dmean": 0.0360008776188,
        "dmean2": 0.0599201135337,
        "dvar": 0.00117584667169,
        "dvar2": 0.00324581027962,
        "max": 0.498684674501,
        "mean": 0.37868565321,
        "median": 0.381319046021,
        "min": 0.151168614626,
        "var": 0.00279751350172
    },
    "dynamic_complexity": 6.0634970665,
    "erbbands_crest": {
        "dmean": 2.69808506966,
        "dmean2": 4.02660989761,
        "dvar": 7.85092258453,
        "dvar2": 17.7107925415,
        "max": 33.7887496948,
        "mean": 15.9798774719,
        "median": 14.7814264297,
        "min": 2.7525074482,
        "var": 38.6320648193
    },
    "erbbands_flatness_db": {
        "dmean": 0.0172015987337,
        "dmean2": 0.0247327201068,
        "dvar": 0.0002972468792,
        "dvar2": 0.00060447078431,
        "max": 0.479627072811,
        "mean": 0.291521966457,
        "median": 0.288615077734,
        "min": 0.0723278149962,
        "var": 0.00283164600842
    },
    "erbbands_kurtosis": {
        "dmean": 1.80650734901,
        "dmean2": 2.73061680794,
        "dvar": 12.6730356216,
        "dvar2": 27.6499462128,
        "max": 56.1973228455,
        "mean": 2.52261304855,
        "median": 0.763725280762,
        "min": -1.90366566181,
        "var": 35.6352157593
    },
    "erbbands_skewness": {
        "dmean": 0.405031174421,
        "dmean2": 0.560835778713,
        "dvar": 0.195637285709,
        "dvar2": 0.400164723396,
        "max": 6.19898319244,
        "mean": 0.727530181408,
        "median": 0.67602789402,
        "min": -2.37182831764,
        "var": 1.12851071358
    },
    "erbbands_spread": {
        "dmean": 3.16303443909,
        "dmean2": 4.56568241119,
        "dvar": 13.8442373276,
        "dvar2": 26.2449932098,
        "max": 98.9598617554,
        "mean": 16.5939941406,
        "median": 15.6718263626,
        "min": 0.874745488167,
        "var": 68.197265625
    },
    "hfc": {
        "dmean": 1.38140809536,
        "dmean2": 1.72856879234,
        "dvar": 13.5266036987,
        "dvar2": 22.9389724731,
        "max": 104.392593384,
        "mean": 6.11108016968,
        "median": 1.84909260273,
        "min": 1.16815200493e-16,
        "var": 187.817520142
    },
    "melbands_crest": {
        "dmean": 2.84349370003,
        "dmean2": 4.26301622391,
        "dvar": 7.85433864594,
        "dvar2": 17.861038208,
        "max": 34.6690368652,
        "mean": 18.2797603607,
        "median": 17.577999115,
        "min": 3.1573638916,
        "var": 39.6231193542
    },
    "melbands_flatness_db": {
        "dmean": 0.0196568164974,
        "dmean2": 0.0274128951132,
        "dvar": 0.000385845720302,
        "dvar2": 0.000705936399754,
        "max": 0.506831288338,
        "mean": 0.338543355465,
        "median": 0.333210855722,
        "min": 0.00711579946801,
        "var": 0.00308425165713
    },
    "melbands_kurtosis": {
        "dmean": 3.51131176949,
        "dmean2": 4.96677398682,
        "dvar": 45.2009506226,
        "dvar2": 97.1358642578,
        "max": 149.288543701,
        "mean": 7.69023609161,
        "median": 3.69079637527,
        "min": -1.71584045887,
        "var": 201.815887451
    },
    "melbands_skewness": {
        "dmean": 0.491904020309,
        "dmean2": 0.714146256447,
        "dvar": 0.272928863764,
        "dvar2": 0.561002194881,
        "max": 10.3651857376,
        "mean": 1.53356289864,
        "median": 1.40905451775,
        "min": -3.37895417213,
        "var": 1.89980947971
    },
    "melbands_spread": {
        "dmean": 2.72981643677,
        "dmean2": 3.80616974831,
        "dvar": 17.1327991486,
        "dvar2": 24.4603919983,
        "max": 138.620071411,
        "mean": 13.3141622543,
        "median": 10.661280632,
        "min": 0.671444237232,
        "var": 110.450416565
    },
    "pitch_salience": {
        "dmean": 0.056017935276,
        "dmean2": 0.0835089311004,
        "dvar": 0.00287844217382,
        "dvar2": 0.00604338664562,
        "max": 0.833042740822,
        "mean": 0.464202970266,
        "median": 0.462514311075,
        "min": 0.0978327319026,
        "var": 0.0150872915983
    },
    "silence_rate_20dB": {
        "dmean": 0,
        "dmean2": 0,
        "dvar": 0,
        "dvar2": 0,
        "max": 1,
        "mean": 1,
        "median": 1,
        "min": 1,
        "var": 0
    },
    "silence_rate_30dB": {
        "dmean": 0.00412371149287,
        "dmean2": 0.00825167633593,
        "dvar": 0.00410685362294,
        "dvar2": 0.00818323995918,
        "max": 1,
        "mean": 0.982998430729,
        "median": 1,
        "min": 0,
        "var": 0.0167132671922
    },
    "silence_rate_60dB": {
        "dmean": 0.0659793838859,
        "dmean2": 0.132026821375,
        "dvar": 0.0616274699569,
        "dvar2": 0.131095975637,
        "max": 1,
        "mean": 0.528593480587,
        "median": 1,
        "min": 0,
        "var": 0.249184504151
    },
    "spectral_centroid": {
        "dmean": 89.7792282104,
        "dmean2": 116.282249451,
        "dvar": 68823.7578125,
        "dvar2": 74559.859375,
        "max": 11343.1953125,
        "mean": 756.397033691,
        "median": 684.33996582,
        "min": 251.709457397,
        "var": 187210.28125
    },
    "spectral_complexity": {
        "dmean": 0.920618534088,
        "dmean2": 1.5420320034,
        "dvar": 0.874113082886,
        "dvar2": 1.81191325188,
        "max": 15,
        "mean": 5.53941249847,
        "median": 5,
        "min": 0,
        "var": 6.31233358383
    },
    "spectral_decrease": {
        "dmean": 6.23010643075e-10,
        "dmean2": 8.46552550282e-10,
        "dvar": 2.74158033208e-18,
        "dvar2": 6.10661951314e-18,
        "max": 2.94851260463e-30,
        "mean": -2.64681565554e-09,
        "median": -7.28398452665e-10,
        "min": -4.70505625572e-08,
        "var": 3.43647983408e-17
    },
    "spectral_energy": {
        "dmean": 0.00247010914609,
        "dmean2": 0.00333853135817,
        "dvar": 4.27297673014e-05,
        "dvar2": 9.43307240959e-05,
        "max": 0.185944661498,
        "mean": 0.0105439918116,
        "median": 0.00292454194278,
        "min": 1.05843543178e-20,
        "var": 0.000543855538126
    },
    "spectral_energyband_high": {
        "dmean": 1.51145820837e-06,
        "dmean2": 2.11805058825e-06,
        "dvar": 2.7555761492e-11,
        "dvar2": 4.1787382582e-11,
        "max": 0.000194851294509,
        "mean": 3.84101304007e-06,
        "median": 1.25339624901e-06,
        "min": 7.94199936022e-21,
        "var": 7.55191881252e-11
    },
    "spectral_energyband_low": {
        "dmean": 0.000106302162749,
        "dmean2": 0.000160073046573,
        "dvar": 7.14783041644e-08,
        "dvar2": 1.58365523362e-07,
        "max": 0.00824374705553,
        "mean": 0.000276000064332,
        "median": 0.000115523791465,
        "min": 7.12820078212e-23,
        "var": 1.94484655935e-07
    },
    "spectral_energyband_middle_high": {
        "dmean": 0.000870035262778,
        "dmean2": 0.00102281698491,
        "dvar": 6.47497472528e-06,
        "dvar2": 8.78370701685e-06,
        "max": 0.0746116712689,
        "mean": 0.0028442516923,
        "median": 0.000631918373983,
        "min": 1.36150525996e-21,
        "var": 5.75991398364e-05
    },
    "spectral_energyband_middle_low": {
        "dmean": 0.00203469698317,
        "dmean2": 0.0028570368886,
        "dvar": 3.56482669304e-05,
        "dvar2": 8.22680303827e-05,
        "max": 0.174412623048,
        "mean": 0.00822131894529,
        "median": 0.00171992974356,
        "min": 3.34236250844e-22,
        "var": 0.000411979970522
    },
    "spectral_entropy": {
        "dmean": 0.165184512734,
        "dmean2": 0.238356351852,
        "dvar": 0.0289098583162,
        "dvar2": 0.0517262369394,
        "max": 9.78511619568,
        "mean": 6.01237535477,
        "median": 6.06300067902,
        "min": 4.63638019562,
        "var": 0.190745949745
    },
    "spectral_flux": {
        "dmean": 0.00906797870994,
        "dmean2": 0.0150399161503,
        "dvar": 0.000160353156389,
        "dvar2": 0.000469335238449,
        "max": 0.236724361777,
        "mean": 0.02331209369,
        "median": 0.0162698347121,
        "min": 1.02880294561e-10,
        "var": 0.000483731710119
    },
    "spectral_kurtosis": {
        "dmean": 9.0891046524,
        "dmean2": 15.6300230026,
        "dvar": 66.7964935303,
        "dvar2": 187.211547852,
        "max": 101.96421051,
        "mean": 24.4721908569,
        "median": 21.5374279022,
        "min": -1.21222412586,
        "var": 169.047302246
    },
    "spectral_rms": {
        "dmean": 0.000312169693643,
        "dmean2": 0.000408731080825,
        "dvar": 2.02311710495e-07,
        "dvar2": 4.00168602255e-07,
        "max": 0.0134688317776,
        "mean": 0.00241681374609,
        "median": 0.0016891452251,
        "min": 3.2134403645e-12,
        "var": 4.44583793069e-06
    },
    "spectral_rolloff": {
        "dmean": 130.852661133,
        "dmean2": 221.472702026,
        "dvar": 221874.921875,
        "dvar2": 279723.375,
        "max": 18475.4882812,
        "mean": 949.757202148,
        "median": 861.328125,
        "min": 236.865234375,
        "var": 482281.96875
    },
    "spectral_skewness": {
        "dmean": 0.674351274967,
        "dmean2": 1.15315508842,
        "dvar": 0.313058704138,
        "dvar2": 0.868785381317,
        "max": 7.77678108215,
        "mean": 3.46184587479,
        "median": 3.34407138824,
        "min": -0.032825447619,
        "var": 0.891497254372
    },
    "spectral_spread": {
        "dmean": 317765.9375,
        "dmean2": 503705.34375,
        "dvar": 644029415424,
        "dvar2": 718956855296,
        "max": 41095796,
        "mean": 2192111.5,
        "median": 2065931.625,
        "min": 821294.625,
        "var": 1.8486034432e+12
    },
    "spectral_strongpeak": {
        "dmean": 0.309066295624,
        "dmean2": 0.47494712472,
        "dvar": 0.303319990635,
        "dvar2": 0.621373653412,
        "max": 10.1972856522,
        "mean": 1.03573822975,
        "median": 0.67854654789,
        "min": 0,
        "var": 1.45642268658
    },
    "zerocrossingrate": {
        "dmean": 0.00383527297527,
        "dmean2": 0.00436456454918,
        "dvar": 0.000133865614771,
        "dvar2": 0.000138809380587,
        "max": 0.50048828125,
        "mean": 0.0324894450605,
        "median": 0.0302734375,
        "min": 0.00341796875,
        "var": 0.000328394758981
    },
    "barkbands": {
        "dmean": [1.21887842397e-05, 9.34192503337e-05, 1.31170163513e-05, 5.9510293795e-06, 0.00106746400706, 0.000555635662749, 0.000219322479097, 0.000458428403363, 5.31810619577e-05, 0.000679392192978, 0.000242776601226, 1.93966843653e-05, 6.77276239003e-06, 7.89704881754e-06, 6.67966669425e-05, 8.15109888208e-05, 4.17576557084e-05, 9.46866475715e-06, 1.41863642966e-06, 3.2623199786e-07, 7.41841517993e-07, 4.32051393773e-07, 1.91604456745e-07, 1.89705360754e-07, 1.29240291358e-07, 5.32651469598e-08, 7.93926702158e-09],
        "dmean2": [1.97206081793e-05, 0.000141866708873, 1.96060082089e-05, 8.45779777592e-06, 0.00157730723731, 0.000717565300874, 0.000264287751634, 0.000673570670187, 7.39427487133e-05, 0.00084481772501, 0.000284287903924, 2.44379752985e-05, 8.52249559102e-06, 1.16881046779e-05, 9.36548021855e-05, 0.00010260722047, 5.30613579031e-05, 1.30441030706e-05, 2.05279025067e-06, 5.01458885083e-07, 1.12432473998e-06, 6.14261466581e-07, 2.84363295577e-07, 2.72966360626e-07, 1.83296748446e-07, 7.99267851903e-08, 1.38281093243e-08],
        "dvar": [2.26378293888e-08, 3.82050480141e-08, 2.9916499833e-10, 1.41397268894e-10, 1.45873036672e-05, 3.11712824441e-06, 3.02873957025e-07, 4.66851815872e-06, 1.73275722659e-08, 5.62249033464e-06, 1.96461814994e-06, 1.29767343537e-08, 2.53501081238e-10, 2.35078378985e-09, 1.26559839941e-07, 6.89752468475e-08, 1.81162551627e-08, 5.8503228928e-09, 2.8513904779e-11, 5.99854638617e-13, 2.76992990177e-12, 2.83699669659e-12, 2.05770708632e-12, 1.43241570948e-12, 1.03994644927e-12, 7.63500116537e-14, 3.01655246404e-16],
        "dvar2": [3.97221810999e-08, 8.04104516305e-08, 6.67200794613e-10, 2.38607411607e-10, 3.50654845533e-05, 4.52194626632e-06, 3.93475460214e-07, 1.13861387945e-05, 3.24896411996e-08, 8.11842346593e-06, 2.22629182645e-06, 2.09583568278e-08, 3.24706511678e-10, 4.50421300258e-09, 2.26888246857e-07, 9.58941441809e-08, 2.38338575542e-08, 1.05504049941e-08, 5.40338017385e-11, 1.28927370082e-12, 5.93597350093e-12, 5.73694087028e-12, 4.18851195047e-12, 2.76892636424e-12, 1.86367674765e-12, 1.23518152629e-13, 8.04769920714e-16],
        "max": [0.00595684163272, 0.00375922350213, 0.0001904117089, 0.000219895300688, 0.0971596240997, 0.0828420445323, 0.0179582610726, 0.0442970842123, 0.00329754012637, 0.0943640246987, 0.0636871531606, 0.00422734487802, 0.00060110015329, 0.0018806346925, 0.0109535744414, 0.00979757215828, 0.00502569973469, 0.00323548261076, 0.000201645962079, 1.46021438923e-05, 4.36667323811e-05, 5.45495968254e-05, 5.52271339984e-05, 3.49266010744e-05, 3.90805580537e-05, 1.1914503375e-05, 5.57992734684e-07],
        "mean": [1.19853775686e-05, 0.00023091355979, 2.54245824181e-05, 1.61996322277e-05, 0.003166354727, 0.00168283178937, 0.000776400673203, 0.00125579582527, 0.000109922759293, 0.00199184659868, 0.0005962033174, 4.21434124291e-05, 2.60147844529e-05, 1.3858300008e-05, 0.000188074933249, 0.000259407883277, 0.000126196086057, 1.76619942067e-05, 2.68682879323e-06, 6.02403417815e-07, 1.45963974774e-06, 8.81613004822e-07, 3.73290873767e-07, 4.01414382623e-07, 2.63732971462e-07, 9.57583736749e-08, 7.90046428278e-09],
        "median": [1.10665030206e-06, 6.39307909296e-05, 1.37781944431e-05, 3.01235377265e-06, 0.000206667726161, 0.00022184154659, 0.000154144159751, 2.29210490943e-05, 3.02995413222e-05, 0.000235037339735, 6.64406343276e-06, 1.12858208468e-06, 3.3201952192e-06, 9.07647404347e-07, 1.46116935866e-05, 1.97420376935e-05, 1.47335194924e-05, 9.21931643916e-07, 7.16435408776e-07, 2.30309467497e-07, 5.59465149763e-07, 1.97230036747e-07, 5.30927373177e-08, 5.08510247244e-08, 6.06971397588e-08, 4.60224285348e-08, 3.81229536828e-09],
        "min": [7.29973763933e-23, 1.87276588641e-23, 1.25505292997e-23, 7.18617890321e-24, 2.82557638466e-23, 6.60876427502e-23, 1.31022046588e-22, 4.00179229126e-23, 4.31961993235e-23, 3.24216941108e-23, 6.78029292808e-23, 5.74226115516e-23, 1.36286929513e-22, 9.77061723299e-23, 1.16233895975e-22, 7.22902225452e-23, 8.72241104766e-23, 3.18394989856e-22, 2.26429080654e-22, 3.41619559776e-22, 4.15574954096e-22, 6.63908518521e-22, 7.03011886587e-22, 9.02840779466e-22, 1.07400385544e-21, 1.75067263456e-21, 2.4100813895e-21],
        "var": [2.98640898677e-08, 1.57405054324e-07, 8.76232919556e-10, 1.42370670808e-09, 8.4505743871e-05, 4.42830751126e-05, 2.44601255872e-06, 1.88702870219e-05, 4.39678409236e-08, 4.6559565817e-05, 1.30252683448e-05, 5.14830276188e-08, 3.53949425325e-09, 5.50480905304e-09, 8.49486184507e-07, 5.62457103115e-07, 1.46595397155e-07, 9.63285362587e-09, 5.86174581096e-11, 1.53807641536e-12, 8.18149541171e-12, 6.49969921634e-12, 3.75204511557e-12, 4.19643052946e-12, 2.08293994032e-12, 1.45108168645e-13, 3.10731442662e-16]
    },
    "erbbands": {
        "dmean": [0.00294040841982, 0.0204631350935, 0.0185513328761, 0.0220295842737, 0.433607012033, 3.73539185524, 9.04683589935, 2.62649559975, 2.98405051231, 4.05272054672, 9.95914649963, 2.2937707901, 16.3395271301, 14.027349472, 10.1487522125, 0.803086698055, 0.332537740469, 0.411759763956, 2.15500402451, 3.25320124626, 3.86893177032, 1.44854688644, 0.748076975346, 0.154727429152, 0.0474082604051, 0.016566708684, 0.0327507480979, 0.0280964095145, 0.0135663188994, 0.00496252439916, 0.00513243349269, 0.00305861094967, 0.00395747320727, 0.00191435834859, 0.000736103917006, 0.000273062818451, 0.000112745248771, 2.47821153607e-05, 1.59966168667e-06, 2.79723235508e-06],
        "dmean2": [0.00468378420919, 0.030493427068, 0.027321010828, 0.0292870085686, 0.597686707973, 5.39481592178, 13.0515642166, 3.40684127808, 3.42144227028, 5.56401014328, 14.8196516037, 3.15581083298, 19.5878734589, 18.1349258423, 11.8638114929, 0.978745102882, 0.416285634041, 0.593141436577, 2.96992635727, 4.16443586349, 4.86743974686, 1.88097965717, 1.03211331367, 0.197439178824, 0.0725792944431, 0.0250165648758, 0.0524760521948, 0.0388857200742, 0.018799783662, 0.00705205043778, 0.00769079988822, 0.00437537301332, 0.00579982018098, 0.00269134808332, 0.00109940231778, 0.000413456029491, 0.000174349232111, 4.18067538703e-05, 2.32314323512e-06, 3.75610056835e-06],
        "dvar": [7.80662667239e-05, 0.00141875178088, 0.000644599029329, 0.00142538058572, 1.02356100082, 148.258163452, 1189.24951172, 56.0281524658, 59.8985099792, 289.436981201, 2527.93969727, 52.9318733215, 6664.00097656, 1290.35778809, 2716.60595703, 10.7386293411, 0.621659576893, 5.07075595856, 93.859954834, 192.709259033, 103.196304321, 15.9278488159, 19.1314640045, 0.988360643387, 0.0137378424406, 0.00162853416987, 0.00423074420542, 0.00731320120394, 0.00429838430136, 0.00159454753157, 0.00125436880626, 0.000285950460238, 0.000718806346413, 0.000169397389982, 4.96766115248e-05, 3.03665819956e-06, 3.09163510792e-07, 4.46455805658e-09, 1.13690801565e-11, 5.43209019432e-11],
        "dvar2": [0.000191130166058, 0.00260285753757, 0.00139729410876, 0.00215020030737, 1.66052126884, 325.421966553, 2569.85595703, 82.9082565308, 63.0321159363, 642.72277832, 5892.41796875, 103.019958496, 9104.29199219, 2244.96826172, 3158.73925781, 14.758184433, 0.773381352425, 9.74919891357, 162.975997925, 279.293121338, 149.461044312, 23.9049015045, 34.2852210999, 1.73477089405, 0.0229098144919, 0.00369177758694, 0.0101308207959, 0.0148022351786, 0.00882301758975, 0.00252765067853, 0.00240469677374, 0.00051627663197, 0.00156957679428, 0.000331131945131, 8.46453986014e-05, 4.91376022183e-06, 5.55940687264e-07, 8.45970760111e-09, 2.37343703718e-11, 1.18397264215e-10],
        "max": [0.259275346994, 0.490720361471, 0.299061924219, 1.13291764259, 38.6664619446, 389.081207275, 1336.70361328, 227.055419922, 267.389282227, 608.970458984, 1239.28283691, 184.203262329, 3492.00634766, 1060.03259277, 2252.35473633, 82.9242401123, 30.9152545929, 86.8312759399, 317.762329102, 410.848205566, 345.163421631, 140.455993652, 180.869995117, 45.0212364197, 4.61345624924, 0.83264195919, 1.95071494579, 2.09657502174, 2.26569199562, 1.67679190636, 1.27861070633, 0.472505480051, 0.815415084362, 0.447639375925, 0.276849329472, 0.0727615877986, 0.0221994202584, 0.00216205185279, 9.05161577975e-05, 0.000210317914025],
        "mean": [0.00631742179394, 0.0528186112642, 0.0438024736941, 0.0767840966582, 1.48260867596, 11.7308301926, 27.1036319733, 7.25745296478, 11.4727230072, 13.668712616, 24.6820201874, 6.65178918839, 56.0910758972, 31.6818389893, 24.9544811249, 2.16253423691, 1.37159717083, 0.888983130455, 6.00789833069, 11.1467866898, 12.9745426178, 4.50701761246, 1.84614014626, 0.370247960091, 0.0961683467031, 0.0341800898314, 0.0554391443729, 0.062128521502, 0.0297501720488, 0.0097103221342, 0.0111892269924, 0.00671331956983, 0.00798332411796, 0.00402173865587, 0.00129969406407, 0.00047963813995, 0.000187516576261, 3.20465915138e-05, 6.05232844464e-06, 1.20599779621e-05],
        "median": [0.00130420480855, 0.0161008369178, 0.0309721659869, 0.0227498859167, 0.22616225481, 0.828288495541, 1.40150475502, 2.11801671982, 2.82908344269, 2.17699217796, 0.808067023754, 1.22999346256, 2.63317322731, 8.70921421051, 0.879645586014, 0.244027078152, 0.233361706138, 0.160798236728, 0.679536998272, 0.788753092289, 1.3099834919, 1.04125356674, 0.281448483467, 0.0443983860314, 0.0351565927267, 0.0154507225379, 0.0254776403308, 0.0152412690222, 0.0065952995792, 0.00240913988091, 0.00141519319732, 0.00110889365897, 0.00083708827151, 0.000642209663056, 0.00043151108548, 0.000262444489636, 6.54448958812e-05, 1.71371902979e-05, 2.29635020332e-06, 3.37004166795e-06],
        "min": [1.49807831248e-21, 1.55791743848e-21, 1.19088586944e-20, 1.71254643417e-20, 4.38027903446e-20, 1.11733502117e-19, 1.60583893962e-19, 7.49478522833e-19, 2.03301969411e-18, 9.85550544681e-19, 1.16832395924e-18, 1.09591908246e-18, 1.04569009073e-18, 1.91454964601e-18, 1.8032735877e-18, 2.48804926754e-18, 5.58112655924e-18, 5.9916542293e-18, 5.84854495229e-18, 5.07630195371e-18, 3.90875347629e-18, 6.79920708668e-18, 1.86942719175e-17, 9.79875341216e-18, 1.36176866545e-17, 1.5067769837e-17, 1.40069123558e-17, 1.9476230566e-17, 2.16745755404e-17, 2.35889361757e-17, 2.12608049088e-17, 2.03670428744e-17, 1.45688839747e-17, 1.16346807817e-17, 6.80762116788e-18, 5.74833781134e-18, 3.21357145076e-18, 1.27485934207e-18, 3.71814660963e-19, 3.56074758075e-20],
        "var": [0.000167480597156, 0.00754935899749, 0.00183201942127, 0.0201107431203, 18.3515281677, 1098.01599121, 11349.3867188, 392.424957275, 538.199279785, 2057.27661133, 8496.01367188, 263.488067627, 62042.1757812, 4482.01464844, 17330.5898438, 65.7317810059, 9.0800447464, 12.8641853333, 647.248901367, 1623.9831543, 881.864868164, 125.680549622, 38.3851165771, 2.40715670586, 0.0468779988587, 0.00412402115762, 0.00982701312751, 0.0213250350207, 0.00906583014876, 0.0025453728158, 0.00311252963729, 0.000890407303814, 0.00185769598465, 0.000460462266346, 7.23198463675e-05, 4.87507577418e-06, 6.44055148769e-07, 7.89320964145e-09, 1.34218303138e-10, 7.05409508583e-10]
    },
    "gfcc": {
        "mean": [-183.417114258, 158.147705078, -125.639358521, -10.2446546555, -48.2127723694, -15.1014719009, -39.8546600342, 8.69600296021, -7.93114089966, -6.64850473404, -21.3548927307, 12.5930681229, 19.2789516449],
        "cov": [[3302.63696289, 393.402038574, -949.163513184, -232.110412598, -39.6433563232, -283.393280029, -120.459571838, -172.426269531, 196.003433228, -326.180786133, -30.4921474457, -5.581782341, 189.095214844], [393.402038574, 505.456237793, -25.1493148804, -107.626960754, 65.5688858032, -98.6064453125, 50.2268791199, -80.7134552002, 37.8728599548, -84.517906189, -28.54180336, -54.6581993103, 78.4019622803], [-949.163513184, -25.1493148804, 1111.68615723, 128.480514526, -152.816055298, 131.110733032, -42.4487762451, -21.0912151337, -230.289215088, 83.8361129761, -49.7425308228, -75.3163604736, -38.1377182007], [-232.110412598, -107.626960754, 128.480514526, 311.283050537, 59.3843078613, 100.129608154, 1.99575376511, 44.6426467896, -5.2837638855, 77.5378799438, 27.9436149597, -30.5137290955, -55.9797554016], [-39.6433563232, 65.5688858032, -152.816055298, 59.3843078613, 196.340652466, 35.104309082, 45.3684158325, 25.9836502075, 53.9511528015, 36.4522018433, 8.67515182495, 20.6268558502, -27.1889629364], [-283.393280029, -98.6064453125, 131.110733032, 100.129608154, 35.104309082, 225.672668457, 65.5653381348, 45.8419265747, -54.8836135864, 42.4989242554, 59.8228607178, 8.05572795868, -16.4878311157], [-120.459571838, 50.2268791199, -42.4487762451, 1.99575376511, 45.3684158325, 65.5653381348, 201.340621948, 72.1998519897, -6.08282279968, -7.2440533638, 8.64789009094, 32.7747306824, 23.8503131866], [-172.426269531, -80.7134552002, -21.0912151337, 44.6426467896, 25.9836502075, 45.8419265747, 72.1998519897, 159.244873047, 49.581577301, 33.5930709839, -1.79787170887, 24.4974956512, -34.6832313538], [196.003433228, 37.8728599548, -230.289215088, -5.2837638855, 53.9511528015, -54.8836135864, -6.08282279968, 49.581577301, 170.331771851, 31.5932178497, -2.52477002144, -5.27081918716, -10.3689279556], [-326.180786133, -84.517906189, 83.8361129761, 77.5378799438, 36.4522018433, 42.4989242554, -7.2440533638, 33.5930709839, 31.5932178497, 173.786712646, 40.8504142761, 9.27880764008, -60.9456291199], [-30.4921474457, -28.54180336, -49.7425308228, 27.9436149597, 8.67515182495, 59.8228607178, 8.64789009094, -1.79787170887, -2.52477002144, 40.8504142761, 149.614868164, 61.8504905701, -2.37228679657], [-5.581782341, -54.6581993103, -75.3163604736, -30.5137290955, 20.6268558502, 8.05572795868, 32.7747306824, 24.4974956512, -5.27081918716, 9.27880764008, 61.8504905701, 131.486038208, 25.9109077454], [189.095214844, 78.4019622803, -38.1377182007, -55.9797554016, -27.1889629364, -16.4878311157, 23.8503131866, -34.6832313538, -10.3689279556, -60.9456291199, -2.37228679657, 25.9109077454, 150.216323853]],
        "icov": [[0.000622773543, -0.00057028158335, 0.00058549962705, -0.000317094440106, 0.000751528714318, -0.00026007037377, 0.000527659722138, 0.000291848409688, -0.000321343512041, 0.000609129201621, 0.000308688118821, -0.000425652135164, -6.14963355474e-05], [-0.00057028158335, 0.00544779840857, -0.00208960287273, 0.00186074187513, -0.00451422296464, 0.00304318452254, -0.0030974119436, 0.00181285489816, -0.00189698266331, 0.00173375976738, -0.00306335953064, 0.00400947965682, -0.00170275790151], [0.00058549962705, -0.00208960287273, 0.00290035037324, -0.00120877858717, 0.00303990091197, -0.00167561159469, 0.00168164714705, -0.000754623441026, 0.00277940323576, -0.0016604718985, 0.00220941565931, -0.000983055797406, 0.000287169299554], [-0.000317094440106, 0.00186074187513, -0.00120877858717, 0.00541942380369, -0.00323620997369, -5.46077208128e-05, -0.000315271201544, -0.00083984003868, -0.000144187331898, -0.000464102544356, -0.00209219870158, 0.00315554253757, -0.000370477559045], [0.000751528714318, -0.00451422296464, 0.00303990091197, -0.00323620997369, 0.0119231352583, -0.00434729363769, 0.000890547817107, 0.000971398025285, -0.000821615278255, -0.0020705962088, 0.00481949280947, -0.00558326160535, 0.00288201193325], [-0.00026007037377, 0.00304318452254, -0.00167561159469, -5.46077208128e-05, -0.00434729363769, 0.00994718261063, -0.00315530435182, -0.00157452118583, 0.00213066791184, 0.000544966431335, -0.00555711938068, 0.0044397264719, -0.00174970517401], [0.000527659722138, -0.0030974119436, 0.00168164714705, -0.000315271201544, 0.000890547817107, -0.00315530435182, 0.00947369728237, -0.00485848588869, 0.00277615291998, -0.000479782203911, 0.00183896312956, -0.00227477937005, -0.00113083445467], [0.000291848409688, 0.00181285489816, -0.000754623441026, -0.00083984003868, 0.000971398025285, -0.00157452118583, -0.00485848588869, 0.0129952002317, -0.00672682467848, 0.00144826248288, 0.00209591444582, -0.00300348014571, 0.00263114506379], [-0.000321343512041, -0.00189698266331, 0.00277940323576, -0.000144187331898, -0.000821615278255, 0.00213066791184, 0.00277615291998, -0.00672682467848, 0.0143329519778, -0.00493484269828, 1.84633317986e-05, 0.00248708669096, -0.00130376848392], [0.000609129201621, 0.00173375976738, -0.0016604718985, -0.000464102544356, -0.0020705962088, 0.000544966431335, -0.000479782203911, 0.00144826248288, -0.00493484269828, 0.0110611608252, -0.00310678547248, -7.0246613177e-05, 0.00193954363931], [0.000308688118821, -0.00306335953064, 0.00220941565931, -0.00209219870158, 0.00481949280947, -0.00555711938068, 0.00183896312956, 0.00209591444582, 1.84633317986e-05, -0.00310678547248, 0.0134125063196, -0.00819089915603, 0.00181130133569], [-0.000425652135164, 0.00400947965682, -0.000983055797406, 0.00315554253757, -0.00558326160535, 0.0044397264719, -0.00227477937005, -0.00300348014571, 0.00248708669096, -7.0246613177e-05, -0.00819089915603, 0.0159433670342, -0.00422228546813], [-6.14963355474e-05, -0.00170275790151, 0.000287169299554, -0.000370477559045, 0.00288201193325, -0.00174970517401, -0.00113083445467, 0.00263114506379, -0.00130376848392, 0.00193954363931, 0.00181130133569, -0.00422228546813, 0.0101285036653]]
    },
    "melbands": {
        "dmean": [2.74737103609e-05, 1.51658596224e-05, 6.46606031296e-06, 0.000125486156321, 0.000305435882183, 6.61632002448e-05, 4.66195851914e-05, 5.37587584404e-05, 7.42131087463e-05, 1.0704727174e-05, 8.39783024276e-05, 5.88936272834e-05, 3.77444084734e-05, 5.51293851458e-06, 5.86127498536e-07, 5.44571719274e-07, 8.43864256694e-07, 2.31105468629e-06, 6.23860705673e-06, 6.25821212452e-06, 4.21208869739e-06, 1.84918769719e-06, 1.14101067084e-06, 6.15786632352e-07, 7.17414749829e-08, 4.91088165688e-08, 1.07790656401e-08, 1.15189884298e-08, 2.74999223393e-08, 1.22709735706e-08, 2.00216501156e-08, 9.84467263265e-09, 3.78489550812e-09, 2.91987500844e-09, 2.85689094603e-09, 3.52253515246e-09, 1.70216896134e-09, 3.16895354402e-09, 2.65072697125e-09, 1.42319800389e-09],
        "dmean2": [4.22764569521e-05, 2.26496358664e-05, 9.21148875932e-06, 0.000175116234459, 0.000443244614871, 8.47620103741e-05, 5.41909248568e-05, 7.56968001951e-05, 0.000110554894491, 1.44585847011e-05, 0.000100893128547, 7.71681952756e-05, 4.37660382886e-05, 6.9391062425e-06, 7.36273079838e-07, 6.86034923092e-07, 1.24470909668e-06, 3.14143494506e-06, 8.63808963913e-06, 7.70848055254e-06, 5.33428010385e-06, 2.41922703026e-06, 1.58325212851e-06, 7.98809026037e-07, 9.91474919942e-08, 7.60345884032e-08, 1.64446714024e-08, 1.81042025815e-08, 4.46835706214e-08, 1.81115638043e-08, 2.79463829855e-08, 1.36370434944e-08, 5.76970826671e-09, 4.24544754907e-09, 4.10767819758e-09, 5.69634073244e-09, 2.43860664995e-09, 4.80048933937e-09, 3.80263198707e-09, 2.02943462035e-09],
        "dvar": [5.2455302324e-09, 6.0607108221e-10, 1.62698646222e-10, 1.19245882502e-07, 1.30693820211e-06, 3.65895758137e-08, 1.47113174975e-08, 6.38119530549e-08, 1.46468195794e-07, 8.28469959302e-10, 1.71746975752e-07, 2.42312694354e-08, 4.94661662742e-08, 8.53486725738e-10, 1.80868395348e-12, 1.70479754445e-12, 2.66685024758e-11, 7.84650469599e-11, 1.27489463431e-09, 6.47428277656e-10, 1.04101262333e-10, 3.82328058102e-11, 1.05436952572e-11, 3.60876536987e-11, 1.19419773549e-13, 1.78578075856e-14, 5.46771202397e-16, 9.14043417777e-16, 2.72627422008e-15, 1.13858444056e-15, 3.42691192196e-15, 1.55257179353e-15, 8.01866556468e-16, 7.86128049034e-16, 4.51134988724e-16, 4.47794714297e-16, 8.73346488982e-17, 4.98034726557e-16, 2.82808180992e-16, 1.17266351417e-16],
        "dvar2": [1.18649472469e-08, 1.13380205224e-09, 2.93874258261e-10, 2.35083675193e-07, 2.98884583572e-06, 5.28567909441e-08, 1.65478617475e-08, 1.53635056677e-07, 3.34612963115e-07, 1.40668932058e-09, 2.35936454374e-07, 4.34084483913e-08, 5.5359787865e-08, 1.21786702945e-09, 2.01616414536e-12, 2.4544524399e-12, 5.16441230058e-11, 1.32761357463e-10, 2.30385333033e-09, 8.2250517508e-10, 1.50708390212e-10, 5.44594612462e-11, 2.38254312113e-11, 6.65644345199e-11, 2.24772538906e-13, 2.87455097973e-14, 1.32594325805e-15, 2.00562451778e-15, 6.80957314869e-15, 2.19156476685e-15, 6.8917336505e-15, 3.00357163118e-15, 1.76190878666e-15, 1.60954397071e-15, 8.15878175482e-16, 1.20256443895e-15, 1.37400814264e-16, 1.10714268343e-15, 5.95785399165e-16, 2.33036048556e-16],
        "max": [0.00212568766437, 0.000329913164023, 0.000452611362562, 0.0106573849916, 0.0374909341335, 0.0062707006, 0.00413445523009, 0.00796310137957, 0.00994157511741, 0.000845861504786, 0.0176983978599, 0.00480272155255, 0.0101706422865, 0.000829958356917, 5.28219752596e-05, 4.05041646445e-05, 0.000201562186703, 0.000299041537801, 0.0010507137049, 0.00104874907993, 0.000308627117192, 0.000225413386943, 9.09030422918e-05, 0.000256546103628, 1.4159985767e-05, 5.78400022277e-06, 4.85356963509e-07, 6.63409934987e-07, 1.33028481741e-06, 8.24901974283e-07, 1.36982134791e-06, 1.24042549032e-06, 1.05025037556e-06, 1.15664420264e-06, 8.32050830013e-07, 5.56812324248e-07, 2.78442627177e-07, 7.02821978393e-07, 4.87017075557e-07, 3.9929696527e-07],
        "mean": [6.46501575829e-05, 4.00672324758e-05, 1.90858354472e-05, 0.000414478417952, 0.000909952505026, 0.000183991403901, 0.000172330503119, 0.000172262443812, 0.000180377304787, 2.97349415632e-05, 0.000285581627395, 0.000127502469695, 9.21398604987e-05, 1.38931764013e-05, 2.36202640735e-06, 1.92989705283e-06, 1.4997699509e-06, 6.08798336543e-06, 1.75338373083e-05, 2.01864113478e-05, 1.33043613459e-05, 5.28409418621e-06, 2.84252246274e-06, 1.16663045446e-06, 1.44113187162e-07, 9.00134153881e-08, 2.26423058081e-08, 2.00595859923e-08, 3.95331447578e-08, 2.64668340577e-08, 4.08880289626e-08, 2.05541663689e-08, 7.22520043794e-09, 4.55465354321e-09, 6.02190741716e-09, 6.27763752092e-09, 3.42297634681e-09, 5.78985259736e-09, 5.5936681953e-09, 2.61516031053e-09],
        "median": [1.53662531375e-05, 2.14471438085e-05, 5.02079774378e-06, 3.64363004337e-05, 5.01393878949e-05, 4.12014451285e-05, 3.10095347231e-05, 2.154781032e-05, 5.67524011785e-06, 5.71714463149e-06, 1.29398222271e-05, 3.58149773092e-05, 1.81532482202e-06, 2.34628330986e-07, 4.52645480209e-07, 3.13482814818e-07, 8.10671849649e-08, 8.94456604783e-07, 9.20635670809e-07, 1.14430122267e-06, 1.45030446674e-06, 5.21780236795e-07, 4.27376107837e-07, 3.01180769213e-08, 1.61726614323e-08, 3.17030242059e-08, 8.71915872835e-09, 8.00931321265e-09, 1.83835506817e-08, 7.25861903916e-09, 9.14825992737e-09, 4.26059543202e-09, 1.55163593085e-09, 1.10355402594e-09, 8.33624114183e-10, 6.2155325331e-10, 6.77314537789e-10, 5.97880800424e-10, 4.74367045644e-10, 5.80191117372e-10],
        "min": [1.35317002942e-23, 4.7169618339e-24, 3.84120553339e-24, 5.77568456062e-24, 5.64423785128e-24, 1.52789940671e-23, 3.14788601787e-23, 9.00931770785e-24, 1.01855187839e-23, 6.35622505014e-24, 5.06075254399e-24, 7.32093606734e-24, 7.98088053457e-24, 5.52310037067e-24, 6.59954682978e-24, 1.61559707354e-23, 1.04695828627e-23, 9.33337782341e-24, 8.62302751092e-24, 5.59869493906e-24, 4.02705011861e-24, 5.45729517168e-24, 1.71528069297e-23, 1.1815436365e-23, 7.27963288807e-24, 9.36995967017e-24, 1.06547845262e-23, 1.01611808472e-23, 8.11186378814e-24, 1.12934045055e-23, 9.64567838945e-24, 1.05870679173e-23, 1.59986482051e-23, 1.13712524551e-23, 1.16527148706e-23, 1.09392430355e-23, 1.40075743243e-23, 7.91587208509e-24, 1.48401744113e-23, 8.03303922876e-24],
        "var": [1.49894106016e-08, 2.70176880868e-09, 2.09506012538e-09, 1.16533431083e-06, 1.04786849988e-05, 3.35071376867e-07, 1.28730178517e-07, 3.81431647156e-07, 4.75613120443e-07, 5.41149658417e-09, 1.58823559104e-06, 7.36461132078e-08, 3.23467588714e-07, 5.21687359978e-09, 2.77705879126e-11, 1.73538908937e-11, 6.12838391145e-11, 5.23495802263e-10, 8.40289171578e-09, 5.56731061252e-09, 8.29788682211e-10, 2.88513435365e-10, 4.0972503168e-11, 5.67690269793e-11, 2.51441364474e-13, 5.9071345905e-14, 1.74051951068e-15, 1.99571783219e-15, 4.61009412949e-15, 4.06345506424e-15, 9.52451449144e-15, 3.88211886276e-15, 1.23445829991e-15, 9.24819900328e-16, 1.00843793409e-15, 9.83124777978e-16, 2.5747228734e-16, 1.0493285555e-15, 1.08337102141e-15, 2.0873153663e-16]
    },
    "mfcc": {
        "mean": [-836.395263672, 195.446472168, -12.4661655426, 8.24318408966, 4.38874673843, -17.0664749146, -25.1353797913, 0.666906356812, 22.8553791046, -9.96314239502, -19.4517250061, -4.26000404358, 0.697953999043],
        "cov": [[2829.62255859, 345.792358398, -1054.3215332, -7.68021345139, -157.14730835, -158.558898926, -353.572235107, 115.995101929, 84.9151763916, -275.499816895, 36.8844528198, -75.0694580078, -143.656402588], [345.792358398, 547.685058594, -53.3870391846, -30.8295631409, -42.2171859741, -45.4448356628, -68.4925689697, -7.80448293686, 57.7808609009, -43.0046691895, -56.4952850342, -82.1717758179, -31.6805438995], [-1054.3215332, -53.3870391846, 982.27166748, 11.802274704, 85.7729949951, 82.0532302856, 212.755859375, -98.6097717285, -134.841827393, 148.108169556, -125.866203308, -38.0675506592, -10.6259746552], [-7.68021345139, -30.8295631409, 11.802274704, 185.270767212, 33.7817955017, 29.7419242859, 11.9491815567, 14.0047101974, 26.1473045349, 11.963104248, 52.7781219482, 6.53612709045, -7.19199323654], [-157.14730835, -42.2171859741, 85.7729949951, 33.7817955017, 150.409484863, 55.1300849915, 16.4891452789, -33.1640701294, -21.9650554657, 37.6552619934, 11.4017276764, 46.8479232788, 28.9207763672], [-158.558898926, -45.4448356628, 82.0532302856, 29.7419242859, 55.1300849915, 135.110290527, 96.2915878296, -18.1310749054, -9.14300918579, 26.0496959686, -1.40350651741, 22.5607776642, 39.3179664612], [-353.572235107, -68.4925689697, 212.755859375, 11.9491815567, 16.4891452789, 96.2915878296, 223.74559021, 49.8986816406, -39.1453170776, 33.585521698, -23.0296001434, 20.600112915, 14.4303512573], [115.995101929, -7.80448293686, -98.6097717285, 14.0047101974, -33.1640701294, -18.1310749054, 49.8986816406, 157.144561768, 56.3521118164, -30.3089485168, 32.2372131348, 7.80229330063, -30.4635047913], [84.9151763916, 57.7808609009, -134.841827393, 26.1473045349, -21.9650554657, -9.14300918579, -39.1453170776, 56.3521118164, 148.120101929, 34.4900360107, 15.0835342407, -18.6899642944, -5.3498210907], [-275.499816895, -43.0046691895, 148.108169556, 11.963104248, 37.6552619934, 26.0496959686, 33.585521698, -30.3089485168, 34.4900360107, 152.00163269, 39.8087882996, -3.74824476242, -0.207706987858], [36.8844528198, -56.4952850342, -125.866203308, 52.7781219482, 11.4017276764, -1.40350651741, -23.0296001434, 32.2372131348, 15.0835342407, 39.8087882996, 181.902664185, 81.3095092773, -16.2674064636], [-75.0694580078, -82.1717758179, -38.0675506592, 6.53612709045, 46.8479232788, 22.5607776642, 20.600112915, 7.80229330063, -18.6899642944, -3.74824476242, 81.3095092773, 155.005493164, 73.7338562012], [-143.656402588, -31.6805438995, -10.6259746552, -7.19199323654, 28.9207763672, 39.3179664612, 14.4303512573, -30.4635047913, -5.3498210907, -0.207706987858, -16.2674064636, 73.7338562012, 171.726852417]],
