{
"lowlevel": {
    "average_loudness": 0.865321934223,
    "barkbands_crest": {
        "dmean": 2.21674156189,
        "dmean2": 3.49978709221,
        "dvar": 4.34935379028,
        "dvar2": 10.4086389542,
        "max": 24.5956535339,
        "mean": 9.69294834137,
        "median": 8.87642097473,
        "min": 3.04946613312,
        "var": 15.6973552704
    },
    "barkbands_flatness_db": {
        "dmean": 0.017301235348,
        "dmean2": 0.0260801594704,
        "dvar": 0.000238341715885,
        "dvar2": 0.000553205201868,
        "max": 0.304624170065,
        "mean": 0.155619472265,
        "median": 0.150470972061,
        "min": 0.0607631281018,
        "var": 0.00132768310141
    },
    "barkbands_kurtosis": {
        "dmean": 1.58010649681,
        "dmean2": 2.55511951447,
        "dvar": 55.5402107239,
        "dvar2": 158.187408447,
        "max": 187.745452881,
        "mean": 2.08363485336,
        "median": 0.107733368874,
        "min": -1.33662903309,
        "var": 125.837966919
    },
    "barkbands_skewness": {
        "dmean": 0.34069108963,
        "dmean2": 0.50836032629,
        "dvar": 0.190909698606,
        "dvar2": 0.468779832125,
        "max": 12.1108646393,
        "mean": 0.307162851095,
        "median": 0.11821231246,
        "min": -2.2478454113,
        "var": 1.46348619461
    },
    "barkbands_spread": {
        "dmean": 2.70969390869,
        "dmean2": 4.06217384338,
        "dvar": 6.0737195015,
        "dvar2": 13.4383201599,
        "max": 41.4664344788,
        "mean": 15.0170278549,
        "median": 14.3448476791,
        "min": 1.74432396889,
        "var": 30.438539505
    },
    "dissonance": {
        "dmean": 0.0210592616349,
        "dmean2": 0.0356709361076,
        "dvar": 0.00043243568507,
        "dvar2": 0.00111192988697,
        "max": 0.499983310699,
        "mean": 0.458063870668,
        "median": 0.464407294989,
        "min": 0.255316734314,
        "var": 0.000832451856695
    },
    "dynamic_complexity": 5.76106500626,
    "erbbands_crest": {
        "dmean": 2.69230008125,
        "dmean2": 4.30269575119,
        "dvar": 5.88069391251,
        "dvar2": 14.5652446747,
        "max": 28.8930492401,
        "mean": 11.7432126999,
        "median": 10.9204349518,
        "min": 3.07691025734,
        "var": 19.7875232697
    },
    "erbbands_flatness_db": {
        "dmean": 0.0156364794821,
        "dmean2": 0.0236122515053,
        "dvar": 0.00019970953872,
        "dvar2": 0.000446109566838,
        "max": 0.338859915733,
        "mean": 0.235523313284,
        "median": 0.239455476403,
        "min": 0.0439481586218,
        "var": 0.00166192452889
    },
    "erbbands_kurtosis": {
        "dmean": 0.745230317116,
        "dmean2": 1.15146744251,
        "dvar": 0.74620705843,
        "dvar2": 1.74931168556,
        "max": 14.2051029205,
        "mean": 0.79135632515,
        "median": 0.495601058006,
        "min": -1.52495920658,
        "var": 2.11226701736
    },
    "erbbands_skewness": {
        "dmean": 0.290586799383,
        "dmean2": 0.427967905998,
        "dvar": 0.0725840032101,
        "dvar2": 0.155255377293,
        "max": 3.36533498764,
        "mean": 0.249562516809,
        "median": 0.194202691317,
        "min": -1.86096918583,
        "var": 0.308303117752
    },
    "erbbands_spread": {
        "dmean": 3.29885196686,
        "dmean2": 5.02765035629,
        "dvar": 14.2944946289,
        "dvar2": 32.1868553162,
        "max": 124.825439453,
        "mean": 19.2375831604,
        "median": 17.3277168274,
        "min": 4.45540475845,
        "var": 104.183937073
    },
    "hfc": {
        "dmean": 5.96678543091,
        "dmean2": 7.33448028564,
        "dvar": 62.9598503113,
        "dvar2": 103.074523926,
        "max": 127.208984375,
        "mean": 18.203836441,
        "median": 10.8747062683,
        "min": 1.14944991451e-16,
        "var": 438.512634277
    },
    "melbands_crest": {
        "dmean": 2.64472222328,
        "dmean2": 4.08409738541,
        "dvar": 6.56222724915,
        "dvar2": 15.0245256424,
        "max": 30.3383560181,
        "mean": 12.0040721893,
        "median": 10.5802078247,
        "min": 1.86294913292,
        "var": 26.8592453003
    },
    "melbands_flatness_db": {
        "dmean": 0.0155533663929,
        "dmean2": 0.0225988794118,
        "dvar": 0.00022481950873,
        "dvar2": 0.000483103678562,
        "max": 0.431913673878,
        "mean": 0.173039913177,
        "median": 0.161235123873,
        "min": 0.00598133448511,
        "var": 0.00251582334749
    },
    "melbands_kurtosis": {
        "dmean": 2.56461572647,
        "dmean2": 4.03081798553,
        "dvar": 198.858139038,
        "dvar2": 508.693756104,
        "max": 475.118499756,
        "mean": 4.75161600113,
        "median": 0.507561445236,
        "min": -1.37954938412,
        "var": 698.102905273
    },
    "melbands_skewness": {
        "dmean": 0.358067244291,
        "dmean2": 0.540788292885,
        "dvar": 0.23399835825,
        "dvar2": 0.525337159634,
        "max": 16.2898216248,
        "mean": 0.730437219143,
        "median": 0.462352097034,
        "min": -1.58033752441,
        "var": 2.14974284172
    },
    "melbands_spread": {
        "dmean": 5.01770973206,
        "dmean2": 7.49477958679,
        "dvar": 25.659614563,
        "dvar2": 50.4889450073,
        "max": 132.456344604,
        "mean": 28.8850383759,
        "median": 29.1526947021,
        "min": 0.721583306789,
        "var": 111.032142639
    },
    "pitch_salience": {
        "dmean": 0.0623359233141,
        "dmean2": 0.0969412252307,
        "dvar": 0.00318217510357,
        "dvar2": 0.00762322777882,
        "max": 0.86727899313,
        "mean": 0.552083313465,
        "median": 0.551971018314,
        "min": 0.172047197819,
        "var": 0.0107256276533
    },
    "silence_rate_20dB": {
        "dmean": 0,
        "dmean2": 0,
        "dvar": 0,
        "dvar2": 0,
        "max": 1,
        "mean": 1,
        "median": 1,
        "min": 1,
        "var": 0
    },
    "silence_rate_30dB": {
        "dmean": 0,
        "dmean2": 0,
        "dvar": 0,
        "dvar2": 0,
        "max": 1,
        "mean": 1,
        "median": 1,
        "min": 1,
        "var": 0
    },
    "silence_rate_60dB": {
        "dmean": 0.0783909261227,
        "dmean2": 0.156862750649,
        "dvar": 0.072245799005,
        "dvar2": 0.141545057297,
        "max": 1,
        "mean": 0.315979391336,
        "median": 0,
        "min": 0,
        "var": 0.216142326593
    },
    "spectral_centroid": {
        "dmean": 163.166549683,
        "dmean2": 237.428543091,
        "dvar": 59423.3203125,
        "dvar2": 80026.390625,
        "max": 10651.0605469,
        "mean": 1920.41333008,
        "median": 1969.4609375,
        "min": 232.003555298,
        "var": 214876.953125
    },
    "spectral_complexity": {
        "dmean": 2.2568333149,
        "dmean2": 2.94169235229,
        "dvar": 5.10274934769,
        "dvar2": 8.45942974091,
        "max": 42,
        "mean": 12.8989686966,
        "median": 13,
        "min": 0,
        "var": 65.8556442261
    },
    "spectral_decrease": {
        "dmean": 8.44147862722e-10,
        "dmean2": 1.02803898727e-09,
        "dvar": 1.1584313961e-18,
        "dvar2": 1.85301464627e-18,
        "max": -1.20061004212e-28,
        "mean": -2.60601029645e-09,
        "median": -1.71407110727e-09,
        "min": -1.63420317278e-08,
        "var": 8.16808181262e-18
    },
    "spectral_energy": {
        "dmean": 0.0037150150165,
        "dmean2": 0.00451953941956,
        "dvar": 2.25146977755e-05,
        "dvar2": 3.60501544492e-05,
        "max": 0.0732167288661,
        "mean": 0.0114868246019,
        "median": 0.00746632739902,
        "min": 1.08789857122e-20,
        "var": 0.000160081777722
    },
    "spectral_energyband_high": {
        "dmean": 0.000186699835467,
        "dmean2": 0.000253641919699,
        "dvar": 1.06931096866e-07,
        "dvar2": 2.20621018343e-07,
        "max": 0.0077980319038,
        "mean": 0.000466179597424,
        "median": 0.000237472529989,
        "min": 7.46267808361e-21,
        "var": 4.18561882043e-07
    },
    "spectral_energyband_low": {
        "dmean": 2.997100637e-05,
        "dmean2": 4.40907169832e-05,
        "dvar": 2.56843391e-09,
        "dvar2": 4.23337276345e-09,
        "max": 0.00105703563895,
        "mean": 6.70588342473e-05,
        "median": 2.70187447313e-05,
        "min": 1.1477464214e-22,
        "var": 1.49833159213e-08
    },
    "spectral_energyband_middle_high": {
        "dmean": 0.00318212294951,
        "dmean2": 0.0040795262903,
        "dvar": 1.80704464583e-05,
        "dvar2": 3.01349209622e-05,
        "max": 0.0606357976794,
        "mean": 0.00886530987918,
        "median": 0.00543720275164,
        "min": 2.07052536364e-21,
        "var": 0.000104414000816
    },
    "spectral_energyband_middle_low": {
        "dmean": 0.000739751150832,
        "dmean2": 0.000874664168805,
        "dvar": 1.27387932025e-06,
        "dvar2": 1.80825759344e-06,
        "max": 0.0232721846551,
        "mean": 0.00221062754281,
        "median": 0.00118468899745,
        "min": 3.10433300729e-22,
        "var": 8.64172852744e-06
    },
    "spectral_entropy": {
        "dmean": 0.157461196184,
        "dmean2": 0.216347783804,
        "dvar": 0.0245128646493,
        "dvar2": 0.0437755174935,
        "max": 9.79655075073,
        "mean": 6.96821689606,
        "median": 7.07396459579,
        "min": 5.11590099335,
        "var": 0.21970552206
    },
    "spectral_flux": {
        "dmean": 0.0126704806462,
        "dmean2": 0.0201439317316,
        "dvar": 0.000193982879864,
        "dvar2": 0.000464274868136,
        "max": 0.164058208466,
        "mean": 0.0426089204848,
        "median": 0.0408499836922,
        "min": 1.04302379234e-10,
        "var": 0.000834197795484
    },
    "spectral_kurtosis": {
        "dmean": 2.3360145092,
        "dmean2": 4.09514665604,
        "dvar": 4.26225471497,
        "dvar2": 12.4486322403,
        "max": 25.140871048,
        "mean": 6.38770198822,
        "median": 5.97675609589,
        "min": -1.19618296623,
        "var": 7.13770580292
    },
    "spectral_rms": {
        "dmean": 0.000517900567502,
        "dmean2": 0.000599986466113,
        "dvar": 2.85184881932e-07,
        "dvar2": 4.23275110961e-07,
        "max": 0.00845168344676,
        "mean": 0.00283197802491,
        "median": 0.00269892951474,
        "min": 3.25785882646e-12,
        "var": 3.1865629353e-06
    },
    "spectral_rolloff": {
        "dmean": 236.220504761,
        "dmean2": 403.1769104,
        "dvar": 270900.28125,
        "dvar2": 410199.3125,
        "max": 18755.4199219,
        "mean": 2138.04101562,
        "median": 2110.25390625,
        "min": 21.533203125,
        "var": 553350
    },
    "spectral_skewness": {
        "dmean": 0.259981781244,
        "dmean2": 0.440163195133,
        "dvar": 0.050268497318,
        "dvar2": 0.138693168759,
        "max": 3.75191998482,
        "mean": 1.61500287056,
        "median": 1.58430302143,
        "min": 0.0358791463077,
        "var": 0.117647700012
    },
    "spectral_spread": {
        "dmean": 295126.1875,
        "dmean2": 442942.875,
        "dvar": 714084843520,
        "dvar2": 759196286976,
        "max": 40465796,
        "mean": 3159731,
        "median": 2962040.5,
        "min": 1905485.375,
        "var": 1.47121478042e+12
    },
    "spectral_strongpeak": {
        "dmean": 0.913431763649,
        "dmean2": 1.39277923107,
        "dvar": 1.30989682674,
        "dvar2": 2.97376275063,
        "max": 13.7832536697,
        "mean": 2.34987902641,
        "median": 1.78373396397,
        "min": 0,
        "var": 4.63860845566
    },
    "zerocrossingrate": {
        "dmean": 0.00565262977034,
        "dmean2": 0.00682031642646,
        "dvar": 0.000128648185637,
        "dvar2": 0.000151163083501,
        "max": 0.47802734375,
        "mean": 0.0762491449714,
        "median": 0.0771484375,
        "min": 0.0068359375,
        "var": 0.000380238314392
    },
    "barkbands": {
        "dmean": [6.51104073768e-06, 1.03851580207e-05, 1.20596332636e-05, 3.37405508617e-05, 0.000127579813125, 0.000174838351086, 9.65352301137e-05, 0.000180062081199, 0.000330731389113, 0.00054941221606, 0.000671542831697, 0.000583593966439, 0.000764018855989, 0.00035915322951, 0.00104358885437, 0.000525798997842, 0.000361644808436, 0.000139228286571, 0.000121169323393, 9.7498530522e-05, 0.000108421496407, 5.25146751897e-05, 5.85708085055e-06, 5.44211843589e-06, 4.32489150626e-06, 3.3237183743e-06, 1.8222324627e-07],
        "dmean2": [1.12510679173e-05, 1.81648974831e-05, 1.70779767359e-05, 4.39599934907e-05, 0.000149910862092, 0.000249136588536, 0.000120975877508, 0.000223262453801, 0.000406333361752, 0.000785006152, 0.000864896923304, 0.000775242049713, 0.00104574847501, 0.000503851391841, 0.00160735240206, 0.000730912550353, 0.000508537341375, 0.000197906832909, 0.000169040024048, 0.000141936878208, 0.000155236382852, 7.3247749242e-05, 8.40285520098e-06, 7.42013935451e-06, 6.09758808423e-06, 4.507196536e-06, 2.98295930179e-07],
        "dvar": [1.23864862811e-10, 1.45290321441e-10, 1.29766053458e-09, 5.57676127499e-09, 1.29510866032e-07, 6.86199186362e-08, 6.264361474e-08, 3.28038595399e-07, 5.24528843471e-07, 2.12563008972e-06, 1.94286644728e-06, 2.34369872487e-06, 2.38260281549e-06, 7.20839011592e-07, 3.95586857849e-06, 1.91157528207e-06, 5.66359062759e-07, 5.60452733112e-08, 6.5472484323e-08, 2.66356341427e-08, 3.25763451769e-08, 2.31857590904e-08, 1.19536477938e-10, 1.21850141088e-10, 8.02356930896e-11, 3.65403853009e-11, 1.29850625153e-13],
        "dvar2": [3.11605879988e-10, 4.07402056535e-10, 2.0077490781e-09, 8.89276119409e-09, 1.77532143653e-07, 1.32041165557e-07, 8.53870929518e-08, 5.34126627372e-07, 6.84549775087e-07, 4.35794981968e-06, 3.14484009323e-06, 4.16710963691e-06, 4.44100851382e-06, 1.29115085201e-06, 9.69190932665e-06, 3.75798072128e-06, 1.15469561024e-06, 1.16625507474e-07, 1.11436044392e-07, 5.94908016183e-08, 6.81146943293e-08, 4.95910015275e-08, 2.52150050839e-10, 2.08377745614e-10, 1.49324261289e-10, 6.16835332812e-11, 3.09301710763e-13],
        "max": [0.000151462998474, 0.00016517273616, 0.000839448010083, 0.00133255496621, 0.00565290078521, 0.00294500938617, 0.00941035617143, 0.0113614061847, 0.0185479260981, 0.0303055625409, 0.0245273541659, 0.0388723537326, 0.0264796745032, 0.0217863526195, 0.0321268588305, 0.0356338694692, 0.015338409692, 0.00301707861945, 0.0118972463533, 0.00284787081182, 0.003347317921, 0.0048620570451, 0.000176693385583, 0.000304134329781, 0.000217962733586, 0.000139935495099, 5.21794163433e-06],
        "mean": [6.56303382129e-06, 1.43502702485e-05, 2.5536179237e-05, 7.3174283898e-05, 0.000245183706284, 0.000314421049552, 0.000176891160663, 0.000410954875406, 0.000756784633268, 0.000881704210769, 0.00131860130932, 0.00100720557384, 0.00123865611386, 0.000553814403247, 0.00175186851993, 0.00091180781601, 0.000654951028991, 0.000268283620244, 0.000310164381517, 0.000214490981307, 0.000216951957555, 9.9066128314e-05, 1.12262168841e-05, 1.03250704342e-05, 7.83355335443e-06, 5.82394704907e-06, 2.06327030128e-07],
        "median": [3.49063270733e-06, 1.02359927041e-05, 3.74324690711e-06, 3.71489068129e-06, 1.9102171791e-05, 0.000137051276397, 3.23672284139e-05, 3.33231073455e-05, 0.00014694526908, 0.000177365116542, 0.000240039327764, 0.000231084603001, 0.000329940841766, 0.000100558187114, 0.000536568579264, 0.000159282557433, 0.000148611725308, 7.81301496318e-05, 7.48472521082e-05, 9.26966094994e-05, 9.42471815506e-05, 2.66959523287e-05, 3.68832525055e-06, 3.47836316905e-06, 2.71164299193e-06, 1.65681649378e-06, 3.58488811969e-08],
        "min": [2.05678094542e-23, 4.77231281152e-23, 4.36189782816e-23, 2.00347319643e-23, 1.11384433514e-22, 4.64718621909e-23, 2.86774699538e-23, 3.44107059091e-23, 5.3728899736e-23, 7.01240672974e-23, 1.08070662354e-22, 2.94988666382e-23, 1.48345331092e-22, 2.29345063969e-22, 7.23139262376e-23, 2.65450280968e-22, 2.11206210885e-22, 1.53225073191e-22, 4.60392603368e-22, 5.26569374779e-22, 4.03206397652e-22, 5.13833146044e-22, 5.87774025324e-22, 8.7700744022e-22, 1.13291311008e-21, 1.49863659881e-21, 2.41680667484e-21],
        "var": [1.20238485835e-10, 1.95641780554e-10, 8.54252579785e-09, 2.37876776055e-08, 4.26128906383e-07, 1.77462041506e-07, 2.7143147463e-07, 1.19272658594e-06, 2.572156518e-06, 4.58103841083e-06, 7.12618384568e-06, 6.77603611621e-06, 6.2456078922e-06, 1.69389386429e-06, 1.00919714896e-05, 4.52717040389e-06, 1.73567536876e-06, 1.89666110373e-07, 7.20412742794e-07, 1.1412283385e-07, 9.88295454363e-08, 5.21027097022e-08, 3.81100012659e-10, 3.52713441787e-10, 1.96636110172e-10, 9.84023904027e-11, 1.94315456737e-13]
    },
    "erbbands": {
        "dmean": [0.000426297832746, 0.00220221653581, 0.0101823173463, 0.0605122335255, 0.158943533897, 0.466393172741, 1.16563475132, 1.40319526196, 1.21565294266, 1.88057899475, 5.12348175049, 9.12379550934, 8.29647827148, 22.9452819824, 23.1936969757, 29.4223823547, 34.7000617981, 22.6759147644, 46.1783676147, 38.3451766968, 23.6067790985, 14.4244289398, 9.72782230377, 7.53287267685, 5.17069625854, 4.6687836647, 4.34763669968, 4.06339979172, 1.99498105049, 0.621410727501, 0.211290940642, 0.0934940204024, 0.104463689029, 0.0638563036919, 0.0284394659102, 0.017059173435, 0.00586798693985, 0.000749628758058, 1.94529184228e-05, 5.21573338119e-06],
        "dmean2": [0.000747736834455, 0.00377782899886, 0.0149467680603, 0.0793297514319, 0.195591196418, 0.531269669533, 1.47454965115, 2.01991462708, 1.58471941948, 2.28813028336, 6.23227119446, 11.0126590729, 11.5074930191, 31.7864093781, 30.3253860474, 39.1091804504, 48.0113754272, 31.2825622559, 73.1005325317, 53.9035339355, 31.9985713959, 20.1180839539, 13.3452634811, 10.3299026489, 7.67676544189, 6.72834777832, 6.31554174423, 5.80134296417, 2.8332824707, 0.855481088161, 0.300005733967, 0.132273733616, 0.14612275362, 0.0905781760812, 0.0400738306344, 0.0236798152328, 0.00816286355257, 0.00111510686111, 2.80585281871e-05, 6.28601310382e-06],
        "dvar": [2.49749433578e-07, 6.72991063766e-06, 0.000666696752887, 0.0150778032839, 0.193174302578, 2.62490081787, 5.37350559235, 4.3356218338, 8.80013275146, 32.5849571228, 231.322769165, 391.004669189, 322.381713867, 3121.18017578, 2210.81567383, 5692.92041016, 4901.0078125, 3213.23022461, 13030.3310547, 5005.16210938, 2241.22314453, 810.221740723, 265.743560791, 314.146453857, 97.4679412842, 62.2686195374, 55.5629844666, 54.8687896729, 25.7022914886, 2.88617062569, 0.171074807644, 0.0301618985832, 0.0512137375772, 0.0226522479206, 0.00241268938407, 0.00112595886458, 9.79701144388e-05, 1.92060201698e-06, 1.12630438309e-09, 4.40852770955e-11],
        "dvar2": [7.02829368038e-07, 1.89511956705e-05, 0.00113974744454, 0.024347897619, 0.260410666466, 3.52442002296, 8.51876068115, 8.46505260468, 12.9755868912, 44.0659103394, 364.671386719, 522.243286133, 647.448791504, 6054.73974609, 3720.12280273, 10155.1884766, 9438.81933594, 5167.36181641, 34319.2929688, 10065.1835938, 4351.49365234, 1640.40930176, 510.729034424, 510.176513672, 230.5027771, 148.521865845, 124.86566925, 117.857017517, 57.4155654907, 5.24765777588, 0.3607634902, 0.0607732832432, 0.0872009322047, 0.0426756553352, 0.00482543837279, 0.00192769570276, 0.000182183692232, 4.02133719035e-06, 2.37294983663e-09, 6.90373175294e-11],
        "max": [0.0051462687552, 0.0415830165148, 0.586047410965, 1.90685689449, 7.84393358231, 27.0068798065, 35.6199684143, 30.6472969055, 73.8410186768, 222.367660522, 313.861633301, 496.123352051, 316.352386475, 1125.28161621, 1114.38830566, 1998.17236328, 1235.77734375, 1703.62731934, 1590.60131836, 1021.48730469, 999.194152832, 616.017272949, 272.482543945, 836.425598145, 141.826965332, 137.259384155, 108.523757935, 157.91696167, 145.042495728, 42.8113174438, 6.39407396317, 2.91607165337, 6.66108798981, 3.39270472527, 0.830851554871, 0.778650581837, 0.183866366744, 0.0212335009128, 0.000514674640726, 0.000102264217276],
        "mean": [0.000522695307154, 0.00317195593379, 0.021320451051, 0.134253427386, 0.345511078835, 0.896791160107, 2.21934056282, 2.58660173416, 2.1708676815, 3.94696307182, 12.7163743973, 20.9142990112, 16.0827102661, 40.0883789062, 49.0315933228, 55.0555496216, 59.5059814453, 37.8642311096, 74.4323959351, 71.219291687, 45.1113548279, 27.909948349, 20.002456665, 20.5087013245, 10.1039466858, 10.2231912613, 8.86445808411, 8.01474475861, 3.87212562561, 1.16153013706, 0.404936671257, 0.186031371355, 0.182853519917, 0.112413145602, 0.0507559627295, 0.0287625938654, 0.0100264670327, 0.00118533836212, 3.55412666977e-05, 1.61369662237e-05],
        "median": [0.000360912003089, 0.00204074685462, 0.00568085722625, 0.012777867727, 0.0246391184628, 0.0690643414855, 0.544955134392, 1.25513505936, 0.542083621025, 0.961436510086, 1.92840480804, 4.44190120697, 5.3773021698, 9.44345855713, 14.6549034119, 17.8741703033, 18.4428253174, 12.2091579437, 23.1004676819, 21.524307251, 12.8402061462, 8.01354789734, 6.94660949707, 5.15441799164, 3.75827074051, 4.66990613937, 4.30869293213, 3.08770918846, 1.22489976883, 0.34192687273, 0.124441444874, 0.0692894011736, 0.0586770772934, 0.0354619733989, 0.0164786539972, 0.00832276232541, 0.00282151577994, 0.000322493957356, 1.42651988426e-05, 1.02473695733e-05],
        "min": [1.81656799088e-21, 9.7905824316e-21, 4.59743236295e-20, 6.04908780907e-20, 1.51102025998e-19, 4.2360425817e-19, 6.04804737096e-19, 2.55837502584e-19, 3.50512588841e-19, 4.58916650218e-19, 7.99356841686e-19, 1.35264988841e-18, 1.40168805026e-18, 3.10515247428e-18, 4.50686627053e-18, 2.00082251595e-18, 6.96250660167e-18, 8.20004820739e-18, 8.21456357278e-18, 5.52367721134e-18, 1.63187481646e-17, 1.03643613171e-17, 9.56314673111e-18, 1.91290578998e-17, 2.23863876186e-17, 2.79831793243e-17, 1.82370064749e-17, 1.48723583435e-17, 1.91439024831e-17, 1.28287697627e-17, 1.92189989022e-17, 1.7751985814e-17, 1.43798335001e-17, 1.09895502143e-17, 1.01634374919e-17, 6.98725501842e-18, 2.41844739567e-18, 1.1506579663e-18, 3.25275153256e-19, 3.62729716909e-20],
        "var": [2.86278606154e-07, 1.12757370516e-05, 0.00392052205279, 0.0664890855551, 0.778772294521, 8.69568061829, 18.5961990356, 11.5185728073, 26.0031032562, 111.260177612, 937.596252441, 1903.34655762, 1023.24078369, 8040.22753906, 8792.43359375, 17143.4667969, 12348.0849609, 8681.86035156, 25373.3730469, 14103.2275391, 6462.22265625, 2468.59057617, 983.014526367, 3641.34619141, 290.452789307, 243.481369019, 153.335281372, 179.893157959, 57.3174743652, 7.23489093781, 0.523517549038, 0.0885673984885, 0.134087651968, 0.0523835197091, 0.00659232400358, 0.00276404805481, 0.000262580404524, 4.03547801398e-06, 2.67815325472e-09, 3.1743541129e-10]
    },
    "gfcc": {
        "mean": [-90.8695068359, 57.0409584045, -183.216598511, 6.82900428772, -55.4955253601, 8.57678794861, -29.5646743774, 2.25138521194, -25.7280712128, 12.8530397415, -20.3572902679, 4.50118541718, -3.28578138351],
        "cov": [[11485.2324219, -1410.70617676, -3169.61938477, -979.583312988, -940.287353516, -641.082763672, -531.02545166, -406.901763916, -522.319030762, -42.6839866638, -228.129776001, 298.618011475, 337.504394531], [-1410.70617676, 768.89465332, 446.716278076, 155.396972656, 152.715835571, -6.81348371506, 19.8501625061, -94.1742172241, -22.707529068, -107.025283813, 11.2392368317, -106.149650574, -64.7759170532], [-3169.61938477, 446.716278076, 1329.28967285, 308.245391846, 263.40447998, 202.385253906, 84.5101242065, 113.93547821, 12.587428093, -122.13217926, -18.5188846588, -66.1011123657, -146.299850464], [-979.583312988, 155.396972656, 308.245391846, 259.022277832, 94.5030212402, 81.2839126587, 56.7567443848, 41.1599769592, 55.1463088989, -57.5909767151, -7.13662958145, -55.0710601807, -60.9491882324], [-940.287353516, 152.715835571, 263.40447998, 94.5030212402, 228.384735107, 54.0613594055, 43.4791564941, 36.7157821655, 8.9977684021, -27.0652294159, 1.21319460869, 23.7760238647, -15.3371295929], [-641.082763672, -6.81348371506, 202.385253906, 81.2839126587, 54.0613594055, 170.09526062, 78.3654785156, 54.906665802, 47.7858161926, -12.449344635, 8.59195232391, -8.22648429871, -28.2658061981], [-531.02545166, 19.8501625061, 84.5101242065, 56.7567443848, 43.4791564941, 78.3654785156, 157.722991943, 70.0750656128, 54.5798950195, 22.2784233093, 4.18590307236, -33.0899391174, -48.3564033508], [-406.901763916, -94.1742172241, 113.93547821, 41.1599769592, 36.7157821655, 54.906665802, 70.0750656128, 159.265533447, 77.6621322632, 30.0736865997, -2.01541757584, -35.9828987122, -29.5512828827], [-522.319030762, -22.707529068, 12.587428093, 55.1463088989, 8.9977684021, 47.7858161926, 54.5798950195, 77.6621322632, 204.334503174, 131.831054688, 33.1318969727, -88.069984436, -35.3722190857], [-42.6839866638, -107.025283813, -122.13217926, -57.5909767151, -27.0652294159, -12.449344635, 22.2784233093, 30.0736865997, 131.831054688, 293.798126221, 85.2706756592, -95.9741897583, -22.41147995], [-228.129776001, 11.2392368317, -18.5188846588, -7.13662958145, 1.21319460869, 8.59195232391, 4.18590307236, -2.01541757584, 33.1318969727, 85.2706756592, 135.762573242, 38.277015686, 23.7373256683], [298.618011475, -106.149650574, -66.1011123657, -55.0710601807, 23.7760238647, -8.22648429871, -33.0899391174, -35.9828987122, -88.069984436, -95.9741897583, 38.277015686, 307.699371338, 162.915054321], [337.504394531, -64.7759170532, -146.299850464, -60.9491882324, -15.3371295929, -28.2658061981, -48.3564033508, -29.5512828827, -35.3722190857, -22.41147995, 23.7373256683, 162.915054321, 186.266571045]],
        "icov": [[0.000676593161188, 5.43313544767e-05, 0.00141419121064, 7.73670981289e-05, 0.00101926235948, -0.000262115849182, 0.00122780061793, -0.000564421003219, 0.00144775712397, -0.000374030787498, 0.00120515120216, -0.000632755982224, 0.000832141435239], [5.43313544767e-05, 0.00356648559682, -0.00111956766341, 0.000149525832967, -0.00180714414455, 0.00228528748266, -0.00185328663792, 0.00387644674629, -0.00113851297647, 0.00259270356037, -0.00228755990975, 0.00305521744303, -0.00164165138267], [0.00141419121064, -0.00111956766341, 0.00482552032918, -0.000892566051334, 0.00180684996303, -0.00240464229137, 0.00393973523751, -0.00321220536716, 0.00409550126642, -0.00158713292331, 0.00317738088779, -0.00241852202453, 0.00314051192254], [7.73670981289e-05, 0.000149525832967, -0.000892566051334, 0.0073917186819, -0.0013596090721, -0.000511994992848, -0.000850329757668, 0.00101587630343, -0.00283934106119, 0.00306780473329, -0.00119353551418, 0.0014859730145, 6.25566972303e-05], [0.00101926235948, -0.00180714414455, 0.00180684996303, -0.0013596090721, 0.00886432733387, -0.00147894176189, 0.00198132335208, -0.00327723426744, 0.00316524854861, -0.00263962382451, 0.00353659829125, -0.00391341280192, 0.0022544641979], [-0.000262115849182, 0.00228528748266, -0.00240464229137, -0.000511994992848, -0.00147894176189, 0.0112737147138, -0.00533808860928, 0.00236377329566, -0.0030774390325, 0.00281525589526, -0.0027103133034, 0.0017592102522, -0.00164729519747], [0.00122780061793, -0.00185328663792, 0.00393973523751, -0.000850329757668, 0.00198132335208, -0.00533808860928, 0.0136235263199, -0.00609366549179, 0.00324876978993, -0.00284040346742, 0.0036936069373, -0.00369194941595, 0.00490365596488], [-0.000564421003219, 0.00387644674629, -0.00321220536716, 0.00101587630343, -0.00327723426744, 0.00236377329566, -0.00609366549179, 0.0143438084051, -0.00593145983294, 0.00353250349872, -0.00276598031633, 0.00398292578757, -0.00286972802132], [0.00144775712397, -0.00113851297647, 0.00409550126642, -0.00283934106119, 0.00316524854861, -0.0030774390325, 0.00324876978993, -0.00593145983294, 0.0140945930034, -0.00612136442214, 0.00339199183509, -0.00120024371427, 0.00152205687482], [-0.000374030787498, 0.00259270356037, -0.00158713292331, 0.00306780473329, -0.00263962382451, 0.00281525589526, -0.00284040346742, 0.00353250349872, -0.00612136442214, 0.0103793349117, -0.00706355180591, 0.00552973337471, -0.00248043821193], [0.00120515120216, -0.00228755990975, 0.00317738088779, -0.00119353551418, 0.00353659829125, -0.0027103133034, 0.0036936069373, -0.00276598031633, 0.00339199183509, -0.00706355180591, 0.0148297576234, -0.00647830870003, 0.0030964165926], [-0.000632755982224, 0.00305521744303, -0.00241852202453, 0.0014859730145, -0.00391341280192, 0.0017592102522, -0.00369194941595, 0.00398292578757, -0.00120024371427, 0.00552973337471, -0.00647830870003, 0.0118862045929, -0.00871928688139], [0.000832141435239, -0.00164165138267, 0.00314051192254, 6.25566972303e-05, 0.0022544641979, -0.00164729519747, 0.00490365596488, -0.00286972802132, 0.00152205687482, -0.00248043821193, 0.0030964165926, -0.00871928688139, 0.01375267189]]
    },
    "melbands": {
        "dmean": [3.35950403496e-06, 4.30947920904e-06, 1.43087554534e-05, 1.84898217412e-05, 3.98434494855e-05, 3.13863165502e-05, 1.91558083316e-05, 2.23415008804e-05, 4.82497525809e-05, 5.37104860996e-05, 4.28222592745e-05, 9.49245804804e-05, 8.73814060469e-05, 7.11322645657e-05, 7.10908570909e-05, 7.04660487827e-05, 4.06674662372e-05, 7.29065795895e-05, 5.26377552887e-05, 5.45783514099e-05, 2.51992896665e-05, 1.57739632414e-05, 1.63444055943e-05, 6.30195472695e-06, 6.35919332126e-06, 4.54852806797e-06, 3.09179176838e-06, 3.36429184244e-06, 3.17182662002e-06, 2.74113085652e-06, 2.60579918177e-06, 1.46052548189e-06, 6.59192608055e-07, 2.06283786497e-07, 1.5194005698e-07, 7.70785177906e-08, 5.21569063494e-08, 7.7810419441e-08, 8.08717999234e-08, 5.0233587956e-08],
        "dmean2": [5.85396674069e-06, 6.51196660328e-06, 1.82857129403e-05, 2.15352974919e-05, 4.85499076603e-05, 4.51641935797e-05, 2.47866264544e-05, 2.77066646959e-05, 5.80914274906e-05, 6.64676699671e-05, 6.01513311267e-05, 0.000132995424792, 0.000112655412522, 9.44407292991e-05, 9.93914800347e-05, 9.68982203631e-05, 5.72161225136e-05, 0.000115549162729, 7.84268195275e-05, 7.65667718952e-05, 3.4784196032e-05, 2.21543650696e-05, 2.23464394367e-05, 8.92432763067e-06, 8.77246839082e-06, 6.99007068761e-06, 4.54064320365e-06, 4.9178588597e-06, 4.73766476716e-06, 4.00523867938e-06, 3.79844436793e-06, 2.1097600893e-06, 9.48863942085e-07, 2.85015630652e-07, 2.2207809991e-07, 1.13240439248e-07, 7.67882184505e-08, 1.10677611076e-07, 1.1689105861e-07, 7.31901224071e-08],
        "dvar": [1.45942164603e-11, 9.7025332213e-11, 9.00363006373e-10, 2.68694511085e-09, 6.51784803907e-09, 2.13819650874e-09, 2.14259121556e-09, 3.94089427758e-09, 1.522315074e-08, 1.28387878107e-08, 8.77894823503e-09, 5.9007508213e-08, 3.34699485904e-08, 3.12280725723e-08, 1.75717094208e-08, 2.94905575515e-08, 1.11477707065e-08, 3.36367449449e-08, 1.08130535637e-08, 1.85443749245e-08, 2.23328178173e-09, 1.14986509203e-09, 1.55695756288e-09, 1.20642343338e-10, 2.78738060411e-10, 1.04369894671e-10, 2.96009571021e-11, 3.70802555327e-11, 3.65535171576e-11, 2.4556788894e-11, 3.07764785878e-11, 1.98992992223e-11, 2.69125889109e-12, 2.96799314726e-13, 1.13184723367e-13, 2.3031908344e-14, 1.22215148293e-14, 3.09063924897e-14, 3.81869659321e-14, 1.39917018808e-14],
        "dvar2": [4.06098071837e-11, 1.63872693193e-10, 1.34548627795e-09, 3.60625662665e-09, 9.73137925797e-09, 4.15608436555e-09, 3.22385274032e-09, 5.92592730442e-09, 2.3240440683e-08, 1.82538055782e-08, 1.79661387989e-08, 1.16303546349e-07, 5.56413333186e-08, 5.5781367081e-08, 3.4885946576e-08, 5.21990592972e-08, 1.97706633287e-08, 8.8884263505e-08, 2.17202664743e-08, 3.6929293401e-08, 4.35988933845e-09, 2.28186580742e-09, 2.99780955615e-09, 2.66246497072e-10, 4.4197434601e-10, 2.53484760959e-10, 6.28845031603e-11, 9.12397796204e-11, 8.66513735764e-11, 5.44050290929e-11, 6.7405366011e-11, 4.49602091668e-11, 5.13354202897e-12, 5.23795742023e-13, 2.50033717689e-13, 5.23013164895e-14, 2.68211559733e-14, 5.4539790788e-14, 6.88648560377e-14, 2.82097495997e-14],
        "max": [4.63195392513e-05, 0.000225426629186, 0.000464445969556, 0.000812882673927, 0.00108016177546, 0.000615333439782, 0.00110409932677, 0.00198010425083, 0.00232870271429, 0.00267403502949, 0.00156614847947, 0.0049988059327, 0.00350089021958, 0.00435053231195, 0.00231608771719, 0.00357429683208, 0.00284048076719, 0.00249835848808, 0.0026132168714, 0.0034834840335, 0.000931205519009, 0.000897395773791, 0.000801144284196, 0.000191408442333, 0.000809915596619, 0.000156231893925, 9.57844385994e-05, 0.000103703976492, 9.52908740146e-05, 6.72492387821e-05, 0.000148819366586, 0.000133721987368, 4.05061873607e-05, 1.23580603031e-05, 5.22820027982e-06, 2.81132111013e-06, 2.08300320992e-06, 4.85849659526e-06, 4.74511716675e-06, 2.86579938802e-06],
        "mean": [4.66491974294e-06, 8.66855134518e-06, 3.22562445945e-05, 3.6538553104e-05, 7.73317733547e-05, 5.70503580093e-05, 3.41711202054e-05, 4.76772220281e-05, 0.000115947259474, 0.000121683908219, 7.65426375438e-05, 0.000158069422469, 0.000170100131072, 0.000131655659061, 0.000133694717078, 0.000113670415885, 6.16270117462e-05, 0.000109414388135, 9.91424531094e-05, 9.41753241932e-05, 4.52829190181e-05, 2.92550357699e-05, 2.86568083538e-05, 1.3346243577e-05, 1.70550283656e-05, 7.75772241468e-06, 5.93966751694e-06, 6.98757185091e-06, 6.00036082687e-06, 4.80486505694e-06, 4.82790119349e-06, 2.64174082076e-06, 1.08820825062e-06, 3.6064386677e-07, 2.57099486589e-07, 1.34622936798e-07, 9.35108417366e-08, 1.28163890167e-07, 1.28062438876e-07, 8.30923312378e-08],
        "median": [3.34141668645e-06, 2.81759935206e-06, 2.26487031796e-06, 3.05551952806e-06, 1.69817285496e-05, 2.78445440927e-05, 7.07455728843e-06, 1.00598545032e-05, 1.65486162587e-05, 2.43434315053e-05, 2.07721241168e-05, 2.71116932709e-05, 3.28707828885e-05, 3.28760070261e-05, 4.54412656836e-05, 2.39950641117e-05, 1.13187743409e-05, 2.77727485809e-05, 3.09620554617e-05, 1.78171994776e-05, 1.16246392281e-05, 7.33212937121e-06, 5.42498310097e-06, 3.62049604519e-06, 2.73136902251e-06, 2.43090539698e-06, 1.69498105151e-06, 2.95294057651e-06, 2.63324818661e-06, 1.77634365173e-06, 1.67642940596e-06, 6.68285963457e-07, 2.51803669471e-07, 9.58453796329e-08, 6.47320490543e-08, 4.38267235836e-08, 3.10389864921e-08, 3.67456962636e-08, 3.69167594272e-08, 2.34570087798e-08],
        "min": [1.56753635398e-23, 1.99864662987e-23, 1.1580249319e-23, 2.20912970774e-23, 2.08982538211e-23, 6.84800212175e-24, 5.3608269493e-24, 5.73555047321e-24, 6.35351728509e-24, 8.85010585565e-24, 6.40905190952e-24, 1.15891808022e-23, 1.53847913585e-23, 5.65072899323e-24, 1.05006505717e-23, 1.36792867032e-23, 1.73982294459e-23, 1.64351060113e-23, 5.68360595475e-24, 1.32045446884e-23, 2.05282323026e-23, 1.04880540408e-23, 9.71992045583e-24, 7.57378728671e-24, 1.64530383974e-23, 1.58214779344e-23, 1.91767873542e-23, 1.77700448341e-23, 9.83065759426e-24, 1.21074994933e-23, 7.26605422531e-24, 1.27908581411e-23, 6.96130621357e-24, 6.67469726948e-24, 1.09704661501e-23, 1.12293292785e-23, 1.11231138907e-23, 1.00039553468e-23, 9.50246779186e-24, 9.02297052353e-24],
        "var": [1.88545446617e-11, 5.90578974613e-10, 3.91405130529e-09, 9.09594710663e-09, 2.4139348298e-08, 5.52804202414e-09, 7.23160908933e-09, 1.24739178986e-08, 6.401803887e-08, 6.20350917302e-08, 2.5499076628e-08, 1.44048257766e-07, 1.17280208656e-07, 9.3252772615e-08, 5.57876589369e-08, 7.20198514159e-08, 2.69801656572e-08, 6.12081336726e-08, 4.15898604444e-08, 4.30902886706e-08, 6.76788580734e-09, 3.40967454271e-09, 4.73558525727e-09, 5.15834708281e-10, 3.28510751935e-09, 2.35344715938e-10, 1.13804556057e-10, 1.23396889928e-10, 8.3794450545e-11, 5.86799706048e-11, 9.40440711417e-11, 3.80138559519e-11, 6.10187898473e-12, 8.18581801735e-13, 2.73475279965e-13, 5.8189482963e-14, 2.74486379806e-14, 7.25255020428e-14, 8.66897428408e-14, 3.08249926235e-14]
    },
    "mfcc": {
        "mean": [-723.106811523, 95.0271072388, -61.7906112671, 3.31951880455, -17.2866954803, 7.35751581192, -1.28067839146, -9.88269615173, 7.50614261627, -5.75870370865, -3.70642089844, -0.3832000494, 0.201355025172],
        "cov": [[12185.3046875, -547.285766602, -3161.09667969, -1003.06506348, -1122.37524414, -605.362182617, -669.938354492, -580.848876953, -288.247192383, -669.553161621, -598.834716797, -239.424301147, -271.748718262], [-547.285766602, 581.955078125, 82.583480835, 75.6981506348, 86.876991272, 44.8660507202, 40.5485267639, 11.0711545944, -84.688369751, -61.2383575439, -86.5743942261, -32.4940299988, -61.1502799988], [-3161.09667969, 82.583480835, 1213.2076416, 271.431243896, 320.044006348, 147.93951416, 177.247238159, 197.162872314, 59.0447120667, 173.755447388, 152.211746216, 4.36515569687, 45.1273155212], [-1003.06506348, 75.6981506348, 271.431243896, 234.951141357, 113.011100769, 51.4726715088, 55.2255477905, 41.8545951843, 13.1675987244, 61.5779762268, 48.7190132141, -1.72375440598, -6.29456233978], [-1122.37524414, 86.876991272, 320.044006348, 113.011100769, 241.770309448, 50.1970939636, 54.0085144043, 92.0613555908, 16.6215572357, 21.0800228119, -5.15066480637, 7.19319248199, 7.78508710861], [-605.362182617, 44.8660507202, 147.93951416, 51.4726715088, 50.1970939636, 146.592285156, 48.4550933838, 62.8234634399, 7.36179637909, 11.559094429, 31.0601081848, -13.1559686661, 14.9775629044], [-669.938354492, 40.5485267639, 177.247238159, 55.2255477905, 54.0085144043, 48.4550933838, 144.245407104, 49.8866348267, 2.30162096024, 45.9008522034, 41.4189529419, -0.830559790134, 11.08436203], [-580.848876953, 11.0711545944, 197.162872314, 41.8545951843, 92.0613555908, 62.8234634399, 49.8866348267, 290.763214111, 16.1223278046, -55.8605728149, -88.1201934814, -107.485267639, -12.7512197495], [-288.247192383, -84.688369751, 59.0447120667, 13.1675987244, 16.6215572357, 7.36179637909, 2.30162096024, 16.1223278046, 151.554489136, 60.4684715271, 54.0382232666, 33.5432281494, 17.4895133972], [-669.553161621, -61.2383575439, 173.755447388, 61.5779762268, 21.0800228119, 11.559094429, 45.9008522034, -55.8605728149, 60.4684715271, 237.350784302, 163.437194824, 55.7651100159, 16.3716049194], [-598.834716797, -86.5743942261, 152.211746216, 48.7190132141, -5.15066480637, 31.0601081848, 41.4189529419, -88.1201934814, 54.0382232666, 163.437194824, 248.694320679, 92.2979125977, 46.9234199524], [-239.424301147, -32.4940299988, 4.36515569687, -1.72375440598, 7.19319248199, -13.1559686661, -0.830559790134, -107.485267639, 33.5432281494, 55.7651100159, 92.2979125977, 198.624725342, 68.8158416748], [-271.748718262, -61.1502799988, 45.1273155212, -6.29456233978, 7.78508710861, 14.9775629044, 11.08436203, -12.7512197495, 17.4895133972, 16.3716049194, 46.9234199524, 68.8158416748, 121.088005066]],
