{
"lowlevel": {
    "average_loudness": 0.973722398281,
    "barkbands_crest": {
        "dmean": 2.58879995346,
        "dmean2": 4.08140277863,
        "dvar": 9.19753360748,
        "dvar2": 21.9645347595,
        "max": 26.8828544617,
        "mean": 17.9435062408,
        "median": 18.0720596313,
        "min": 2.98189973831,
        "var": 24.4790840149
    },
    "barkbands_flatness_db": {
        "dmean": 0.031667213887,
        "dmean2": 0.0495034195483,
        "dvar": 0.000925897853449,
        "dvar2": 0.00207334663719,
        "max": 0.599882483482,
        "mean": 0.424161165953,
        "median": 0.429223120213,
        "min": 0.0606639236212,
        "var": 0.0030814583879
    },
    "barkbands_kurtosis": {
        "dmean": 5.39072990417,
        "dmean2": 7.24205827713,
        "dvar": 172.811401367,
        "dvar2": 312.144470215,
        "max": 513.580627441,
        "mean": 10.8225193024,
        "median": 3.68922948837,
        "min": -1.62073552608,
        "var": 729.26965332
    },
    "barkbands_skewness": {
        "dmean": 0.735782027245,
        "dmean2": 1.0931956768,
        "dvar": 0.826572537422,
        "dvar2": 1.8062274456,
        "max": 7.7071146965,
        "mean": 0.743049025536,
        "median": 0.710008323193,
        "min": -9.45244789124,
        "var": 3.44968605042
    },
    "barkbands_spread": {
        "dmean": 0.936301350594,
        "dmean2": 1.43700754642,
        "dvar": 1.77524220943,
        "dvar2": 3.93686795235,
        "max": 33.7023887634,
        "mean": 3.35815167427,
        "median": 3.2331495285,
        "min": 0.0789954215288,
        "var": 3.96020960808
    },
    "dissonance": {
        "dmean": 0.0652101933956,
        "dmean2": 0.111156500876,
        "dvar": 0.00322790746577,
        "dvar2": 0.00867850426584,
        "max": 0.499285101891,
        "mean": 0.321631133556,
        "median": 0.316673725843,
        "min": 0.0768228247762,
        "var": 0.00567898945883
    },
    "dynamic_complexity": 3.8656141758,
    "erbbands_crest": {
        "dmean": 3.00669527054,
        "dmean2": 4.52032518387,
        "dvar": 11.9729213715,
        "dvar2": 26.9032936096,
        "max": 34.389377594,
        "mean": 21.8465557098,
        "median": 21.1945610046,
        "min": 3.02449679375,
        "var": 41.4368896484
    },
    "erbbands_flatness_db": {
        "dmean": 0.02087790519,
        "dmean2": 0.030915055424,
        "dvar": 0.000485653639771,
        "dvar2": 0.000966740946751,
        "max": 0.601096749306,
        "mean": 0.471888244152,
        "median": 0.471927165985,
        "min": 0.0902675539255,
        "var": 0.00165471364744
    },
    "erbbands_kurtosis": {
        "dmean": 3.25440382957,
        "dmean2": 4.39015054703,
        "dvar": 37.3534240723,
        "dvar2": 65.3215179443,
        "max": 96.0937957764,
        "mean": 5.99718475342,
        "median": 1.01695632935,
        "min": -1.75159430504,
        "var": 151.487564087
    },
    "erbbands_skewness": {
        "dmean": 0.501926064491,
        "dmean2": 0.700506448746,
        "dvar": 0.389659792185,
        "dvar2": 0.680351495743,
        "max": 5.82179021835,
        "mean": 0.814880728722,
        "median": 0.65294522047,
        "min": -5.14562606812,
        "var": 2.04724311829
    },
    "erbbands_spread": {
        "dmean": 1.48973739147,
        "dmean2": 2.13036227226,
        "dvar": 3.77487015724,
        "dvar2": 7.09867238998,
        "max": 40.1181182861,
        "mean": 6.64288187027,
        "median": 6.66278743744,
        "min": 0.294252127409,
        "var": 17.5417327881
    },
    "hfc": {
        "dmean": 6.18483304977,
        "dmean2": 8.11403751373,
        "dvar": 84.3607177734,
        "dvar2": 151.769287109,
        "max": 106.168952942,
        "mean": 15.4687728882,
        "median": 11.2891521454,
        "min": 1.19081741546e-16,
        "var": 223.733581543
    },
    "melbands_crest": {
        "dmean": 2.98731684685,
        "dmean2": 4.70264339447,
        "dvar": 14.1103343964,
        "dvar2": 32.2478027344,
        "max": 35.4897689819,
        "mean": 21.4621543884,
        "median": 21.222700119,
        "min": 2.50153374672,
        "var": 43.8805084229
    },
    "melbands_flatness_db": {
        "dmean": 0.0318199396133,
        "dmean2": 0.0487781912088,
        "dvar": 0.00106668379158,
        "dvar2": 0.00224051508121,
        "max": 0.675679981709,
        "mean": 0.505255877972,
        "median": 0.512956619263,
        "min": 0.00526803126559,
        "var": 0.00373958027922
    },
    "melbands_kurtosis": {
        "dmean": 4.15902233124,
        "dmean2": 5.77587938309,
        "dvar": 35.933467865,
        "dvar2": 59.8117904663,
        "max": 122.504348755,
        "mean": 9.00604438782,
        "median": 3.85654091835,
        "min": -1.57480108738,
        "var": 187.098464966
    },
    "melbands_skewness": {
        "dmean": 0.704287469387,
        "dmean2": 1.02655470371,
        "dvar": 0.592732012272,
        "dvar2": 1.24810254574,
        "max": 5.44588327408,
        "mean": 0.88720458746,
        "median": 0.682346701622,
        "min": -4.91441774368,
        "var": 3.44268035889
    },
    "melbands_spread": {
        "dmean": 1.74159276485,
        "dmean2": 2.73070764542,
        "dvar": 11.7796401978,
        "dvar2": 18.0613899231,
        "max": 135.674972534,
        "mean": 5.91094303131,
        "median": 5.29656219482,
        "min": 0.259241878986,
        "var": 20.4374961853
    },
    "pitch_salience": {
        "dmean": 0.0674923583865,
        "dmean2": 0.102844625711,
        "dvar": 0.00610570330173,
        "dvar2": 0.0136723583564,
        "max": 0.924977064133,
        "mean": 0.398044407368,
        "median": 0.423749238253,
        "min": 0.049980904907,
        "var": 0.0172129143029
    },
    "silence_rate_20dB": {
        "dmean": 0,
        "dmean2": 0,
        "dvar": 0,
        "dvar2": 0,
        "max": 1,
        "mean": 1,
        "median": 1,
        "min": 1,
        "var": 0
    },
    "silence_rate_30dB": {
        "dmean": 0.00722021656111,
        "dmean2": 0.0144478846341,
        "dvar": 0.00716812256724,
        "dvar2": 0.0142390225083,
        "max": 1,
        "mean": 0.990721642971,
        "median": 1,
        "min": 0,
        "var": 0.009192250669
    },
    "silence_rate_60dB": {
        "dmean": 0.0526044368744,
        "dmean2": 0.104747161269,
        "dvar": 0.0498374886811,
        "dvar2": 0.095838598907,
        "max": 1,
        "mean": 0.126804128289,
        "median": 0,
        "min": 0,
        "var": 0.110727012157
    },
    "spectral_centroid": {
        "dmean": 52.4048919678,
        "dmean2": 76.1321563721,
        "dvar": 64598.7382812,
        "dvar2": 65540.0234375,
        "max": 11780.7109375,
        "mean": 693.638793945,
        "median": 653.265380859,
        "min": 348.947021484,
        "var": 91014.953125
    },
    "spectral_complexity": {
        "dmean": 1.7431665659,
        "dmean2": 2.72136211395,
        "dvar": 4.31255483627,
        "dvar2": 8.33003234863,
        "max": 21,
        "mean": 6.94639158249,
        "median": 6,
        "min": 0,
        "var": 13.587887764
    },
    "spectral_decrease": {
        "dmean": 2.17400208946e-09,
        "dmean2": 2.88380053171e-09,
        "dvar": 8.08977510557e-18,
        "dvar2": 1.39740054567e-17,
        "max": -1.10246802253e-28,
        "mean": -5.75184921914e-09,
        "median": -4.38823022364e-09,
        "min": -3.62754803973e-08,
        "var": 2.79712447624e-17
    },
    "spectral_energy": {
        "dmean": 0.00876047648489,
        "dmean2": 0.0116117829457,
        "dvar": 0.00013270394993,
        "dvar2": 0.000229741141084,
        "max": 0.145225286484,
        "mean": 0.0231118835509,
        "median": 0.0174724906683,
        "min": 1.12171604111e-20,
        "var": 0.000451059750048
    },
    "spectral_energyband_high": {
        "dmean": 2.02538316785e-07,
        "dmean2": 3.21649196167e-07,
        "dvar": 1.06508270085e-12,
        "dvar2": 2.76182787577e-12,
        "max": 1.59398259711e-05,
        "mean": 2.41684716684e-07,
        "median": 6.49385540896e-08,
        "min": 8.01151403563e-21,
        "var": 9.12106002705e-13
    },
    "spectral_energyband_low": {
        "dmean": 6.70807858114e-05,
        "dmean2": 0.000110253356979,
        "dvar": 1.52309276302e-08,
        "dvar2": 3.46390045536e-08,
        "max": 0.00158711033873,
        "mean": 9.61077894317e-05,
        "median": 4.07731931773e-05,
        "min": 1.34690565341e-22,
        "var": 2.5916733648e-08
    },
    "spectral_energyband_middle_high": {
        "dmean": 0.00245924037881,
        "dmean2": 0.00320477015339,
        "dvar": 3.65332962247e-05,
        "dvar2": 6.81895253365e-05,
        "max": 0.0859566107392,
        "mean": 0.00506239244714,
        "median": 0.00249853078276,
        "min": 1.67509940643e-21,
        "var": 7.3503171734e-05
    },
    "spectral_energyband_middle_low": {
        "dmean": 0.0070800553076,
        "dmean2": 0.00940841529518,
        "dvar": 9.38340017456e-05,
        "dvar2": 0.000156336260261,
        "max": 0.141010224819,
        "mean": 0.0184820946306,
        "median": 0.0134487496689,
        "min": 4.41790682621e-22,
        "var": 0.000364017905667
    },
    "spectral_entropy": {
        "dmean": 0.286723792553,
        "dmean2": 0.418946295977,
        "dvar": 0.112453535199,
        "dvar2": 0.250940144062,
        "max": 9.79419898987,
        "mean": 5.08873653412,
        "median": 5.0599565506,
        "min": 3.32241344452,
        "var": 0.274129152298
    },
    "spectral_flux": {
        "dmean": 0.030714167282,
        "dmean2": 0.0488597899675,
        "dvar": 0.00153668597341,
        "dvar2": 0.00364728551358,
        "max": 0.290080547333,
        "mean": 0.0495571233332,
        "median": 0.0359825640917,
        "min": 1.05911099335e-10,
        "var": 0.00195724680088
    },
    "spectral_kurtosis": {
        "dmean": 39.7166099548,
        "dmean2": 68.294883728,
        "dvar": 1167.07861328,
        "dvar2": 3338.47265625,
        "max": 312.545593262,
        "mean": 138.861587524,
        "median": 140.045288086,
        "min": -1.17835056782,
        "var": 2239.28295898
    },
    "spectral_rms": {
        "dmean": 0.000888107868377,
        "dmean2": 0.00113568885718,
        "dvar": 9.90461217043e-07,
        "dvar2": 1.69676366113e-06,
        "max": 0.0119030755013,
        "mean": 0.00425373949111,
        "median": 0.00412871968001,
        "min": 3.30810704351e-12,
        "var": 4.45388104708e-06
    },
    "spectral_rolloff": {
        "dmean": 103.812240601,
        "dmean2": 185.342773438,
        "dvar": 193922.359375,
        "dvar2": 252460.046875,
        "max": 18324.7558594,
        "mean": 837.288269043,
        "median": 710.595703125,
        "min": 301.46484375,
        "var": 227748.390625
    },
    "spectral_skewness": {
        "dmean": 1.85241508484,
        "dmean2": 3.22509765625,
        "dvar": 2.81703805923,
        "dvar2": 7.67983675003,
        "max": 13.5938148499,
        "mean": 8.53255939484,
        "median": 9.06122684479,
        "min": -0.0684569403529,
        "var": 4.91221046448
    },
    "spectral_spread": {
        "dmean": 405813.28125,
        "dmean2": 705596.125,
        "dvar": 634345422848,
        "dvar2": 658515427328,
        "max": 40681880,
        "mean": 872197.5,
        "median": 773768.6875,
        "min": 259635.78125,
        "var": 1.02124414566e+12
    },
    "spectral_strongpeak": {
        "dmean": 0.762744784355,
        "dmean2": 1.05385649204,
        "dvar": 1.05848884583,
        "dvar2": 2.14192223549,
        "max": 13.4645185471,
        "mean": 2.47180962563,
        "median": 2.07473707199,
        "min": 0,
        "var": 2.9148414135
    },
    "zerocrossingrate": {
        "dmean": 0.00269876746461,
        "dmean2": 0.00314636551775,
        "dvar": 0.00012519316806,
        "dvar2": 0.00013279945415,
        "max": 0.484375,
        "mean": 0.0320493727922,
        "median": 0.03076171875,
        "min": 0.0029296875,
        "var": 0.000175413792022
    },
    "barkbands": {
        "dmean": [1.97807867153e-06, 3.94362941734e-05, 3.3812259062e-05, 2.73254700005e-05, 0.000135083741043, 0.00104702054523, 0.00152548518963, 0.00199857610278, 0.00299661443569, 0.000761979841627, 0.000804078474175, 0.00112889974844, 0.000128337502247, 0.000187222060049, 3.78920412913e-05, 1.84205746336e-05, 1.54180725076e-05, 8.4208431872e-07, 3.56206840024e-07, 9.65660973407e-08, 2.88864310249e-08, 4.68075675997e-08, 3.82186655656e-08, 2.03588612635e-08, 1.97503577937e-08, 1.98232008586e-09, 1.02726327444e-09],
        "dmean2": [3.50917184733e-06, 6.63460959913e-05, 5.92075448367e-05, 4.77483918075e-05, 0.00019387708744, 0.00147285021376, 0.00209644669667, 0.00289813918062, 0.00395698100328, 0.000953064125497, 0.00102738605347, 0.00155335431919, 0.000196612891159, 0.00024117268913, 4.89655285492e-05, 2.39588098339e-05, 2.24111699936e-05, 1.23712629829e-06, 5.2620112001e-07, 1.5807286502e-07, 4.52772042081e-08, 6.64903510028e-08, 6.55968150909e-08, 3.26697744413e-08, 3.63547165705e-08, 3.48090933855e-09, 1.90950211199e-09],
        "dvar": [9.58254916389e-12, 5.96455240753e-09, 4.22418278134e-09, 5.91671556194e-09, 2.85871095684e-07, 6.94714117344e-06, 1.21818375192e-05, 2.1938521968e-05, 4.63422657049e-05, 1.27302810142e-05, 5.03690398546e-06, 2.84733723674e-05, 7.57236193749e-08, 2.25565727874e-07, 5.46735279272e-09, 2.7365250066e-09, 2.11350847934e-09, 4.53053870461e-12, 1.20965780795e-12, 1.36025535996e-13, 1.51826522275e-14, 5.26527707881e-14, 6.95995520873e-14, 1.97909468355e-14, 2.62963784049e-14, 4.76615976474e-17, 2.84924078394e-18],
        "dvar2": [2.94539843904e-11, 1.46805145818e-08, 1.23067236402e-08, 1.68622769081e-08, 4.75016264545e-07, 1.20787626656e-05, 2.20562378672e-05, 4.82257819385e-05, 7.2525748692e-05, 1.87589994312e-05, 8.98470898392e-06, 5.56855775358e-05, 1.72843030555e-07, 4.12283668538e-07, 1.02770654209e-08, 5.30202903803e-09, 4.89098184175e-09, 9.64183594077e-12, 2.67229012356e-12, 3.67209328266e-13, 3.88672621377e-14, 9.61379820153e-14, 1.87051220867e-13, 4.99643864693e-14, 7.52608018224e-14, 1.23450486025e-16, 9.22234004693e-18],
        "max": [3.77100950573e-05, 0.00100805051625, 0.000650223111734, 0.00107121944893, 0.0194990597665, 0.0510121770203, 0.0367989689112, 0.0685077756643, 0.105495080352, 0.0683479458094, 0.0309643950313, 0.0847040638328, 0.00313628464937, 0.00609196024016, 0.00106663955376, 0.000667315733153, 0.000572323449887, 4.54187502328e-05, 3.72343565687e-05, 4.45743580713e-06, 2.62347452917e-06, 3.70625957657e-06, 4.11961082136e-06, 2.20158676711e-06, 2.27839404943e-06, 9.60392654292e-08, 2.3590430942e-08],
        "mean": [2.15457885133e-06, 4.68323451059e-05, 3.62571445294e-05, 2.82782348222e-05, 0.000231275102124, 0.0036477278918, 0.00360691477545, 0.00365873565897, 0.00625144690275, 0.00146422744729, 0.00136478804052, 0.00189451815095, 0.000222992210183, 0.000511886377353, 8.58485000208e-05, 2.83942881651e-05, 2.74591220659e-05, 1.34277172492e-06, 5.46247974853e-07, 1.17846617798e-07, 4.06095672645e-08, 5.78620529268e-08, 3.30633227463e-08, 1.78020318486e-08, 1.36509914483e-08, 1.59481117201e-09, 8.96963670005e-10],
        "median": [1.01761997939e-06, 1.8568656742e-05, 1.26004233607e-05, 9.55936411628e-06, 2.90628977382e-05, 0.000152371110744, 0.000284430745523, 0.000226884469157, 0.000772826839238, 3.3521460864e-05, 0.000144321238622, 4.01942816097e-05, 6.35217729723e-05, 9.26969150896e-05, 1.98198686121e-05, 9.36571632337e-06, 2.33113132708e-06, 3.58337842954e-07, 2.30891288311e-07, 3.76143383107e-08, 1.22941585801e-08, 9.31096000301e-09, 2.524990661e-09, 1.16488574342e-09, 4.31073621243e-10, 3.33983812828e-10, 3.52052859087e-10],
        "min": [1.09809791416e-22, 7.09873524959e-23, 6.46245818724e-24, 1.24789685716e-23, 6.06942449174e-23, 5.13203748638e-23, 9.80091895808e-23, 4.94968534616e-23, 1.0230538918e-22, 1.48047810624e-22, 1.30856953777e-22, 6.01249145358e-23, 1.47286237995e-22, 1.17632893459e-22, 1.34430127647e-22, 1.29359216152e-22, 3.12316721917e-22, 1.55230016824e-22, 2.62416536497e-22, 3.83031677587e-22, 4.81044704188e-22, 4.56656709582e-22, 6.43744173555e-22, 9.35809763184e-22, 1.22009978437e-21, 1.92314201371e-21, 2.27147471668e-21],
        "var": [1.09673685064e-11, 7.30035365493e-09, 4.92028062737e-09, 4.60277638226e-09, 1.66425684256e-06, 5.05211646669e-05, 5.26827352587e-05, 6.28097623121e-05, 0.000156976602739, 3.48247449438e-05, 1.32252253024e-05, 4.61785821244e-05, 1.43830604316e-07, 8.39048482248e-07, 2.04374899226e-08, 4.59592452984e-09, 4.22586854398e-09, 8.23373313974e-12, 1.5054678424e-12, 1.06133255396e-13, 1.53175320599e-14, 7.8010318203e-14, 4.89786129135e-14, 1.66849210636e-14, 1.57006348976e-14, 3.78126757311e-17, 2.23082422117e-18]
    },
    "erbbands": {
        "dmean": [0.000684580300003, 0.0106981247663, 0.0372096784413, 0.0597511231899, 0.118870399892, 0.461267471313, 4.18640851974, 9.71160793304, 10.0139198303, 45.4648132324, 39.2735671997, 81.4780654907, 36.7072219849, 12.0511751175, 36.5320777893, 58.2028656006, 9.85191726685, 10.1523303986, 3.10288119316, 1.50209021568, 0.803578436375, 0.529098212719, 0.0518322139978, 0.0249031092972, 0.0211963374168, 0.00570831028745, 0.00131770467851, 0.00171753205359, 0.00180041452404, 0.000893273914699, 0.00140944949817, 0.000663151557092, 0.000260203960352, 0.000271634024102, 8.28427073429e-05, 2.01787224796e-05, 4.0107283894e-06, 1.13711166705e-06, 4.40933035861e-06, 1.00949282569e-05],
        "dmean2": [0.00108670047484, 0.0180888194591, 0.0626129582524, 0.10459625721, 0.196458116174, 0.690631687641, 5.75375509262, 13.7594280243, 15.2499008179, 58.2170295715, 57.1757965088, 104.106201172, 44.9522590637, 17.0386829376, 44.0715065002, 80.518951416, 14.1033935547, 13.380408287, 3.81993436813, 2.04077291489, 1.07241034508, 0.775873720646, 0.0746839568019, 0.0367024615407, 0.0315835513175, 0.00933656468987, 0.00204659788869, 0.00263904361054, 0.00249623367563, 0.00141922011971, 0.0023977807723, 0.00110104039777, 0.000437487760792, 0.000500697351526, 0.000143824348925, 3.28035566781e-05, 5.81270751354e-06, 1.70851717485e-06, 5.80014648222e-06, 1.33641769935e-05],
        "dvar": [1.8179058543e-06, 0.000415665796027, 0.00452665099874, 0.0300533734262, 0.0446849986911, 1.58478879929, 196.723007202, 648.37487793, 604.315124512, 10237.4326172, 8922.13671875, 36465.3945312, 19071.4101562, 1114.30810547, 11086.0419922, 76255.0859375, 579.092773438, 660.618103027, 29.5628948212, 15.4672851562, 3.23837614059, 2.39967393875, 0.00970391556621, 0.00364568736404, 0.00601549912244, 0.00053532270249, 2.88857027044e-05, 5.16892978339e-05, 7.56976442062e-05, 1.93409232452e-05, 0.000107004256279, 1.81423292815e-05, 2.23005804401e-06, 5.1017750593e-06, 3.16335871275e-07, 8.0203701458e-09, 2.8763758736e-11, 2.3102934496e-12, 3.43142111947e-11, 1.78513051563e-10],
        "dvar2": [4.08539426644e-06, 0.00102466740645, 0.0123207299039, 0.0868328884244, 0.114595964551, 2.96088218689, 293.711212158, 1145.43615723, 1383.63891602, 17149.3691406, 22173.0058594, 55313.7773438, 27888.8769531, 2200.82592773, 17249.3632812, 151061.40625, 1172.48583984, 1230.50244141, 53.679889679, 33.5471611023, 6.4482049942, 5.6002240181, 0.0204101074487, 0.00791731197387, 0.0135270413011, 0.00148047984112, 6.76179479342e-05, 0.00013131587184, 0.000129772044602, 5.07420918439e-05, 0.000286969996523, 4.76197019452e-05, 5.89673800278e-06, 1.47212522279e-05, 8.77567345015e-07, 2.08836716808e-08, 5.89881615776e-11, 4.97453770884e-12, 5.91965435004e-11, 3.09784170538e-10],
        "max": [0.0179044008255, 0.258490204811, 0.744527280331, 2.57058143616, 2.36617612839, 39.4656600952, 452.649047852, 427.094604492, 349.299468994, 1197.52856445, 1186.2677002, 3008.60522461, 2554.19238281, 655.924987793, 1587.79296875, 4345.18701172, 315.125183105, 330.312683105, 96.9219360352, 52.7528305054, 23.2487659454, 19.4054756165, 1.71708405018, 1.24943780899, 2.67027926445, 0.307897627354, 0.0808808729053, 0.128717914224, 0.143825858831, 0.0720898583531, 0.157933011651, 0.0876743420959, 0.0208730697632, 0.029823794961, 0.00910988915712, 0.00115849124268, 6.97333889548e-05, 1.93966170627e-05, 7.3392118793e-05, 0.00016612689069],
        "mean": [0.000854125013575, 0.0124541064724, 0.0433441624045, 0.0657916516066, 0.145561590791, 0.805414199829, 14.1505918503, 32.2203178406, 22.8598022461, 112.18057251, 69.3345031738, 177.325057983, 70.1277160645, 25.910194397, 65.3519058228, 98.4370422363, 18.8065624237, 27.0882606506, 8.5864572525, 2.70665669441, 1.43643915653, 0.968378424644, 0.0975888743997, 0.0417222157121, 0.0313014909625, 0.00704646250233, 0.00200042547658, 0.00225271936506, 0.00225280481391, 0.000958640070166, 0.00121476745699, 0.000583434884902, 0.000235393847106, 0.000203117408091, 7.17439907021e-05, 2.58188410953e-05, 9.50311550696e-06, 2.52711606663e-06, 1.16448927656e-05, 2.65593043878e-05],
        "median": [0.000324105232721, 0.00490308366716, 0.0163631252944, 0.0227799601853, 0.0606381483376, 0.146414130926, 0.643314957619, 1.65695238113, 4.92934131622, 8.23073959351, 27.6995944977, 26.0189323425, 7.97440624237, 4.77721261978, 11.1531381607, 5.33984041214, 9.45118522644, 5.9780960083, 4.23285102844, 1.3963830471, 0.459940582514, 0.120241865516, 0.0454958863556, 0.0133659094572, 0.0101755503565, 0.00285849021748, 0.000690378365107, 0.000521632318851, 0.00041306798812, 0.000182933275937, 9.16657591006e-05, 5.1674694987e-05, 3.11818366754e-05, 2.23328643187e-05, 1.73731023096e-05, 1.26385548356e-05, 7.12698147254e-06, 1.88735225493e-06, 8.70749954629e-06, 1.99479327421e-05],
        "min": [3.45982871874e-21, 1.13892850644e-20, 1.00379562868e-20, 3.44097408988e-20, 3.43465714418e-20, 3.5172518392e-19, 3.02966634972e-19, 4.50486697499e-19, 1.25769462057e-18, 1.22783722617e-18, 1.0713720842e-18, 2.44949355201e-18, 4.67398694636e-18, 4.43442923711e-18, 5.29440797454e-18, 2.81079777176e-18, 5.02918740038e-18, 6.10569886112e-18, 8.04924160119e-18, 7.59105550655e-18, 6.9856345716e-18, 1.72616993213e-17, 1.09670236047e-17, 1.32716182744e-17, 1.0086216873e-17, 2.01477126262e-17, 2.17213625302e-17, 1.64643600766e-17, 1.48962506283e-17, 1.73889660217e-17, 1.90372954458e-17, 1.85234657385e-17, 1.54748386514e-17, 1.34809379828e-17, 8.75976493196e-18, 6.17199738722e-18, 3.7571660116e-18, 1.32206819399e-18, 3.25630996016e-19, 3.43881469611e-20],
        "var": [2.49353865911e-06, 0.000511953316163, 0.00626917788759, 0.0234285630286, 0.0505639128387, 7.64094018936, 1497.82470703, 4020.21411133, 1559.10290527, 49185.9335938, 13656.6123047, 125451.742188, 47502.203125, 4268.99609375, 31799.0371094, 121351.539062, 1009.03796387, 2353.03686523, 128.056869507, 22.0120296478, 6.55843687057, 4.79530477524, 0.0217760335654, 0.00638164300472, 0.00698949722573, 0.000381494493922, 3.39913131029e-05, 5.09494675498e-05, 0.000116747840366, 1.68763581314e-05, 7.55200017011e-05, 1.40127176564e-05, 1.77064987383e-06, 2.99238604384e-06, 2.05307159717e-07, 6.37068531262e-09, 7.81370246283e-11, 5.7620574978e-12, 1.13767308074e-10, 5.95216653743e-10]
    },
    "gfcc": {
        "mean": [-228.123245239, 216.386810303, -157.311523438, -85.6796722412, -30.1862773895, -16.8199462891, -19.4940605164, -9.64820957184, 8.09325790405, -2.75293469429, -2.02706170082, -11.2644414902, -4.63123083115],
        "cov": [[5168.18896484, 250.229629517, -278.664031982, -61.5939216614, -65.6529846191, 218.402206421, -92.4132919312, -264.644256592, -221.376342773, 12.8665895462, 288.23815918, -49.1569633484, -136.672058105], [250.229629517, 387.114624023, 35.0847473145, -140.676376343, 58.9713554382, -201.592819214, -135.461242676, -133.632705688, -47.1799545288, 37.1236381531, 80.1512908936, 108.805969238, 54.7806282043], [-278.664031982, 35.0847473145, 211.146850586, -77.162147522, -58.5029296875, -48.0281524658, -76.3180847168, -38.7178421021, 20.6948318481, 35.7703514099, 7.33595466614, 24.6651268005, 65.9953460693], [-61.5939216614, -140.676376343, -77.162147522, 297.10748291, 71.9641418457, 148.219650269, 134.811508179, 63.4522094727, -12.5460500717, -42.2273979187, -30.8824310303, -44.2452125549, -84.0600128174], [-65.6529846191, 58.9713554382, -58.5029296875, 71.9641418457, 189.529266357, 32.2185668945, 70.9223861694, 37.6916275024, -0.969124436378, 13.2790584564, 25.6160125732, -19.189245224, -88.4899368286], [218.402206421, -201.592819214, -48.0281524658, 148.219650269, 32.2185668945, 373.59552002, 212.567611694, 65.6614608765, -31.409412384, -95.9424819946, -34.4227256775, -12.1391277313, -2.28976225853], [-92.4132919312, -135.461242676, -76.3180847168, 134.811508179, 70.9223861694, 212.567611694, 340.343444824, 156.328796387, -33.8622283936, -151.305053711, -143.059143066, -9.21974945068, -1.1098716259], [-264.644256592, -133.632705688, -38.7178421021, 63.4522094727, 37.6916275024, 65.6614608765, 156.328796387, 223.919784546, 67.5274429321, -71.2915649414, -89.3671035767, -49.9850311279, -33.0864715576], [-221.376342773, -47.1799545288, 20.6948318481, -12.5460500717, -0.969124436378, -31.409412384, -33.8622283936, 67.5274429321, 171.122619629, 116.784706116, -5.22673082352, -104.96786499, -101.805931091], [12.8665895462, 37.1236381531, 35.7703514099, -42.2273979187, 13.2790584564, -95.9424819946, -151.305053711, -71.2915649414, 116.784706116, 235.403045654, 118.901924133, -105.75189209, -143.157974243], [288.23815918, 80.1512908936, 7.33595466614, -30.8824310303, 25.6160125732, -34.4227256775, -143.059143066, -89.3671035767, -5.22673082352, 118.901924133, 210.986114502, 19.0692634583, -74.9487609863], [-49.1569633484, 108.805969238, 24.6651268005, -44.2452125549, -19.189245224, -12.1391277313, -9.21974945068, -49.9850311279, -104.96786499, -105.75189209, 19.0692634583, 226.451950073, 193.563812256], [-136.672058105, 54.7806282043, 65.9953460693, -84.0600128174, -88.4899368286, -2.28976225853, -1.1098716259, -33.0864715576, -101.805931091, -143.157974243, -74.9487609863, 193.563812256, 293.66998291]],
        "icov": [[0.000340992381098, -0.000715980189852, 0.000526681018528, 9.02057654457e-05, 0.000737796130124, -0.000626551627647, 0.000119723867101, -0.000164348050021, 0.000588658032939, -2.23123552132e-05, -0.000350227608578, 0.000544899026863, 0.000143736397149], [-0.000715980189852, 0.00932481791824, -0.00148479896598, 0.00184175767936, -0.00642920378596, 0.00538689270616, -0.00184232660104, 0.00571186700836, -0.00416852114722, 0.00325191975571, -0.00143623840995, -0.00268424977548, -0.000927649554797], [0.000526681018528, -0.00148479896598, 0.00707319239154, 0.000523520808201, 0.00202714302577, -0.00126798253041, 0.000553889432922, -0.000335228425683, 0.000184452466783, -0.00168572273105, -0.000475130043924, 0.00138072494883, -0.00214146263897], [9.02057654457e-05, 0.00184175767936, 0.000523520808201, 0.00597978197038, -0.0016034275759, -0.00113129604142, 0.000107128616946, 0.000410354638007, 0.00118666142225, 0.000144526798977, 0.00144420238212, -0.00185665627941, 0.00292126229033], [0.000737796130124, -0.00642920378596, 0.00202714302577, -0.0016034275759, 0.012746790424, -0.00356754963286, -0.000450939580332, -0.00522521650419, 0.0052507892251, -0.0044584912248, 0.000757443893235, -0.000995293143205, 0.00434702355415], [-0.000626551627647, 0.00538689270616, -0.00126798253041, -0.00113129604142, -0.00356754963286, 0.00969977770001, -0.00674505811185, 0.00619500828907, -0.00653445487842, 0.00583959929645, -0.00647424580529, 0.00247991620563, -0.00436769984663], [0.000119723867101, -0.00184232660104, 0.000553889432922, 0.000107128616946, -0.000450939580332, -0.00674505811185, 0.0134245250374, -0.0077107232064, 0.00720312539488, -0.00336088845506, 0.00985267478973, -0.00464493408799, 0.00573394773528], [-0.000164348050021, 0.00571186700836, -0.000335228425683, 0.000410354638007, -0.00522521650419, 0.00619500828907, -0.0077107232064, 0.018360177055, -0.0155374165624, 0.0136000299826, -0.00732372654602, 0.00375130632892, -0.00353421107866], [0.000588658032939, -0.00416852114722, 0.000184452466783, 0.00118666142225, 0.0052507892251, -0.00653445487842, 0.00720312539488, -0.0155374165624, 0.0270156785846, -0.0192655660212, 0.0118206245825, -0.00392759265378, 0.00673715025187], [-2.23123552132e-05, 0.00325191975571, -0.00168572273105, 0.000144526798977, -0.0044584912248, 0.00583959929645, -0.00336088845506, 0.0136000299826, -0.0192655660212, 0.0275021977723, -0.0137583548203, 0.0085795391351, -0.00241344491951], [-0.000350227608578, -0.00143623840995, -0.000475130043924, 0.00144420238212, 0.000757443893235, -0.00647424580529, 0.00985267478973, -0.00732372654602, 0.0118206245825, -0.0137583548203, 0.021926144138, -0.0135323833674, 0.0119211934507], [0.000544899026863, -0.00268424977548, 0.00138072494883, -0.00185665627941, -0.000995293143205, 0.00247991620563, -0.00464493408799, 0.00375130632892, -0.00392759265378, 0.0085795391351, -0.0135323833674, 0.0225218720734, -0.0154404100031], [0.000143736397149, -0.000927649554797, -0.00214146263897, 0.00292126229033, 0.00434702355415, -0.00436769984663, 0.00573394773528, -0.00353421107866, 0.00673715025187, -0.00241344491951, 0.0119211934507, -0.0154404100031, 0.0202404316515]]
    },
    "melbands": {
        "dmean": [8.58793737279e-06, 1.69092563738e-05, 1.13430651254e-05, 1.58426755661e-05, 0.000121160599519, 0.000210746089579, 0.000191419516341, 0.000491293903906, 0.000328133639414, 0.000507151649799, 0.000165062025189, 4.16980001319e-05, 0.000114813548862, 0.000139242838486, 7.42317788536e-05, 1.59324517881e-05, 1.88884478121e-05, 5.24051210959e-06, 2.13683051697e-06, 1.94574067791e-06, 9.39196581839e-07, 8.43316854571e-07, 4.19346548597e-08, 4.93605085694e-08, 1.69669664984e-08, 1.48312153669e-08, 8.85105855275e-09, 3.36075722807e-09, 1.0278414786e-09, 9.38829902708e-10, 9.51714818065e-10, 1.38040001652e-09, 4.88070306393e-10, 4.3508913139e-10, 6.49416909138e-10, 9.34011312737e-10, 2.313105818e-10, 1.47532319694e-10, 3.06238923109e-10, 1.70216882256e-10],
        "dmean2": [1.40540232678e-05, 2.81003922282e-05, 1.9237966626e-05, 2.58803083852e-05, 0.000164477576618, 0.000298701925203, 0.000287188857328, 0.000646477681585, 0.000481520430185, 0.000641407561488, 0.000202996350708, 6.06923094892e-05, 0.000147086568177, 0.000181317751412, 0.00010516079783, 2.33406899497e-05, 2.46616436925e-05, 6.39333120489e-06, 2.82282894659e-06, 2.54797009802e-06, 1.30684964006e-06, 1.23318898204e-06, 6.49242721806e-08, 6.99587232589e-08, 2.523672471e-08, 2.20166533893e-08, 1.33334436825e-08, 5.66549429593e-09, 1.51640711099e-09, 1.39467470905e-09, 1.47773238091e-09, 1.86701942795e-09, 7.92361565249e-10, 7.05655645028e-10, 1.11481734955e-09, 1.57988888638e-09, 3.75907804884e-10, 2.34808117394e-10, 5.73039726781e-10, 3.1151170532e-10],
        "dvar": [2.91681262476e-10, 8.82992290396e-10, 9.31034249696e-10, 1.07573949748e-09, 1.56153433295e-07, 2.91002294261e-07, 1.84382798807e-07, 1.12327518309e-06, 5.52822086775e-07, 1.51759172695e-06, 4.60267955305e-07, 1.86812645353e-08, 9.88455113315e-08, 3.26423389652e-07, 1.11239224054e-07, 1.06400921407e-09, 2.48011589044e-09, 1.0668337741e-10, 1.86828504056e-11, 2.83683770919e-11, 5.4015841279e-12, 6.41199766893e-12, 6.57702321763e-15, 2.03678118479e-14, 1.53123873935e-15, 2.54678116229e-15, 9.40802459131e-16, 2.93789274939e-16, 2.97734959548e-17, 1.3930191354e-17, 1.97123972483e-17, 5.86696510648e-17, 4.41050924175e-18, 5.56727087039e-18, 2.2959815689e-17, 3.73788128823e-17, 2.59751090518e-18, 7.23071402163e-19, 6.64773708164e-18, 1.76764443718e-18],
        "dvar2": [6.96803559297e-10, 2.22312190878e-09, 2.67188293712e-09, 2.63253308042e-09, 2.31473080703e-07, 5.21212712101e-07, 4.07045178008e-07, 1.92557763512e-06, 1.33819776238e-06, 2.22025710173e-06, 6.72042119731e-07, 3.54888349818e-08, 1.83508319651e-07, 6.26046414709e-07, 2.2085673379e-07, 2.25603691284e-09, 4.52914372673e-09, 1.88993182215e-10, 3.83368094214e-11, 5.69894374747e-11, 1.21395263633e-11, 1.4910782678e-11, 1.65328413801e-14, 4.20450959747e-14, 3.42423678015e-15, 5.64115472542e-15, 2.17556304392e-15, 8.19358210346e-16, 6.88003504024e-17, 3.17572206475e-17, 4.91718706272e-17, 9.83108194661e-17, 1.16122220009e-17, 1.50958195316e-17, 6.13718317503e-17, 1.00308308444e-16, 6.77471757747e-18, 1.84289760699e-18, 1.925769772e-17, 5.06051479813e-18],
        "max": [0.000227987213293, 0.00035092048347, 0.000425136589911, 0.000448037491878, 0.0124825965613, 0.00905271712691, 0.00542867928743, 0.0152332801372, 0.00889450497925, 0.0205560866743, 0.0126932142302, 0.00284894113429, 0.00415650010109, 0.0090829404071, 0.00512581504881, 0.000350936606992, 0.000701764132828, 0.000198128574993, 7.26796934032e-05, 6.12181320321e-05, 2.74486828857e-05, 3.14890967275e-05, 1.12894315407e-06, 3.0813655485e-06, 7.76089223109e-07, 1.72026818746e-06, 9.98630184768e-07, 2.34750643813e-07, 8.98865195609e-08, 9.52781604724e-08, 6.16092137307e-08, 1.28283105028e-07, 4.14434211393e-08, 3.38088987917e-08, 7.43144994431e-08, 1.04759074304e-07, 3.66580223954e-08, 1.19933796228e-08, 3.36321832606e-08, 1.78892172187e-08],
        "mean": [1.05464214357e-05, 2.091353781e-05, 1.37208262458e-05, 1.68573114934e-05, 0.000417375587858, 0.000713457702659, 0.000425498583354, 0.00116761913523, 0.000572731776629, 0.00108695251402, 0.000306259637, 8.77432175912e-05, 0.00019475845329, 0.000240199340624, 0.000123830017401, 3.34944597853e-05, 5.10768732056e-05, 1.44747564264e-05, 4.47622142019e-06, 3.05563366965e-06, 1.689822966e-06, 1.50046116687e-06, 7.07148473111e-08, 7.80313484938e-08, 2.69402846698e-08, 2.17219593424e-08, 1.24017276448e-08, 3.60631902119e-09, 1.1946945655e-09, 1.45612966129e-09, 1.10787812257e-09, 1.71598768528e-09, 5.02920816103e-10, 4.4813142086e-10, 5.5473575733e-10, 7.62567398116e-10, 2.03744604521e-10, 1.39940850574e-10, 2.05964093003e-10, 1.2124205806e-10],
        "median": [4.11586142945e-06, 8.28944121167e-06, 5.32428339284e-06, 4.74282933283e-06, 1.68856022356e-05, 2.99959410768e-05, 3.79198900191e-05, 7.12338078301e-05, 0.000144615245517, 0.000128771760501, 1.73489115696e-05, 9.29292218643e-06, 2.19426929107e-05, 1.11124973046e-05, 1.40563406603e-05, 9.05159868125e-06, 8.21505273052e-06, 5.30991792402e-06, 1.52340373916e-06, 1.04817740976e-06, 2.33732507127e-07, 1.08117909292e-07, 3.7111693274e-08, 1.17853442561e-08, 9.08690989121e-09, 6.87746570804e-09, 3.46179040989e-09, 6.44983066955e-10, 2.06642897238e-10, 3.31887017868e-10, 2.33836117136e-10, 2.03087213713e-10, 6.92492313492e-11, 6.88789303371e-11, 3.97276586628e-11, 2.6325049779e-11, 1.62472656856e-11, 1.03821708175e-11, 5.48945784662e-12, 4.01446757781e-12],
        "min": [3.06457978192e-23, 8.42224426674e-24, 4.73662261424e-24, 1.26952963199e-23, 1.27878462702e-23, 9.98199977006e-24, 2.03358685708e-23, 1.33327085531e-23, 7.8501718046e-24, 1.67293669061e-23, 2.34576546524e-23, 1.73855792724e-23, 1.62120193027e-23, 9.90445158764e-24, 9.23868532693e-24, 1.27674723596e-23, 1.12950114152e-23, 1.33103948335e-23, 9.88257410815e-24, 9.97116239895e-24, 8.45087124013e-24, 1.84794201145e-23, 1.71475909814e-23, 4.44403647108e-24, 1.19343587241e-23, 8.13017403861e-24, 7.43343157673e-24, 1.53494803667e-23, 1.32867558276e-23, 1.12911081314e-23, 9.09156197924e-24, 7.57819070828e-24, 9.16298623446e-24, 9.82403905126e-24, 1.26885689141e-23, 8.73371810656e-24, 1.28655159372e-23, 1.23941242146e-23, 8.51620548916e-24, 1.22870402911e-23],
        "var": [3.69063224426e-10, 1.33655730927e-09, 7.84410536525e-10, 1.1478219486e-09, 1.21976154333e-06, 1.87701266441e-06, 5.36863012712e-07, 5.26964504388e-06, 9.01159239675e-07, 5.41038070878e-06, 1.14078352453e-06, 7.29978282266e-08, 2.53936633499e-07, 5.63694129596e-07, 1.75195708607e-07, 2.74466960271e-09, 9.33130728242e-09, 4.78664885506e-10, 5.02065750085e-11, 4.61675628283e-11, 1.10148747762e-11, 1.2845386213e-11, 9.97470064445e-15, 3.85497704722e-14, 2.47987826495e-15, 3.05962657757e-15, 1.04670730616e-15, 2.02378498358e-16, 3.07975058485e-17, 1.98046212692e-17, 1.82729607074e-17, 9.14905035573e-17, 3.86326102415e-18, 4.50894249387e-18, 1.63551771988e-17, 2.63845237503e-17, 2.12205348614e-18, 6.54887938246e-19, 3.84719221357e-18, 1.06080164655e-18]
    },
    "mfcc": {
        "mean": [-847.874267578, 229.380950928, -23.346736908, -58.9891090393, -7.64135789871, -7.54962778091, -18.531671524, -9.26818943024, 1.53913080692, 8.11227416992, 6.46498680115, 2.96054840088, 4.07020282745],
        "cov": [[2599.70898438, 1357.12182617, -696.94744873, -185.776550293, 145.715316772, 15.2775945663, 103.203865051, -71.5327453613, -377.52444458, -190.440597534, 27.0248031616, 78.3692398071, 193.997192383], [1357.12182617, 928.098388672, -289.425689697, -157.452789307, 84.0080337524, -14.9863300323, -27.8982105255, -130.53527832, -261.81362915, -140.776443481, 1.49735951424, -8.82367897034, 53.9823989868], [-696.94744873, -289.425689697, 303.817199707, 58.8918190002, -51.0039482117, -6.72410106659, -66.4198455811, -29.380399704, 67.5613021851, 35.7186889648, -27.0323085785, -62.217250824, -82.53150177], [-185.776550293, -157.452789307, 58.8918190002, 147.805038452, 39.5819091797, -26.7136039734, 16.3964042664, 21.1009502411, 14.239159584, 43.6193466187, 62.6772346497, 45.6916999817, -1.54279828072], [145.715316772, 84.0080337524, -51.0039482117, 39.5819091797, 93.3311157227, 24.7827396393, -12.0904407501, -46.4681739807, -48.4979362488, 13.3402872086, 54.7334022522, 52.8863258362, 38.5441474915], [15.2775945663, -14.9863300323, -6.72410106659, -26.7136039734, 24.7827396393, 141.872238159, 100.64440155, 30.6039867401, 33.6992645264, 3.19563937187, -39.497341156, 24.8083839417, 85.0526123047], [103.203865051, -27.8982105255, -66.4198455811, 16.3964042664, -12.0904407501, 100.64440155, 253.129058838, 210.498382568, 73.8592758179, -38.3277168274, -68.5886230469, 36.5032310486, 96.5277328491], [-71.5327453613, -130.53527832, -29.380399704, 21.1009502411, -46.4681739807, 30.6039867401, 210.498382568, 305.482452393, 186.553115845, -45.5489654541, -109.483047485, -6.16822862625, 18.0194034576], [-377.52444458, -261.81362915, 67.5613021851, 14.239159584, -48.4979362488, 33.6992645264, 73.8592758179, 186.553115845, 254.171218872, 74.1593780518, -72.1591949463, -37.7430725098, -25.4944820404], [-190.440597534, -140.776443481, 35.7186889648, 43.6193466187, 13.3402872086, 3.19563937187, -38.3277168274, -45.5489654541, 74.1593780518, 206.307510376, 149.903503418, 29.1863918304, -23.4342079163], [27.0248031616, 1.49735951424, -27.0323085785, 62.6772346497, 54.7334022522, -39.497341156, -68.5886230469, -109.483047485, -72.1591949463, 149.903503418, 279.627044678, 141.454681396, -5.03854990005], [78.3692398071, -8.82367897034, -62.217250824, 45.6916999817, 52.8863258362, 24.8083839417, 36.5032310486, -6.16822862625, -37.7430725098, 29.1863918304, 141.454681396, 204.25642395, 149.724456787], [193.997192383, 53.9823989868, -82.53150177, -1.54279828072, 38.5441474915, 85.0526123047, 96.5277328491, 18.0194034576, -25.4944820404, -23.4342079163, -5.03854990005, 149.724456787, 270.683227539]],
