{
"lowlevel": {
    "average_loudness": 0.948266506195,
    "barkbands_crest": {
        "dmean": 1.25625360012,
        "dmean2": 1.89146733284,
        "dvar": 1.36456215382,
        "dvar2": 3.64807963371,
        "max": 23.7923030853,
        "mean": 12.909406662,
        "median": 12.4392681122,
        "min": 4.73132514954,
        "var": 14.6195735931
    },
    "barkbands_flatness_db": {
        "dmean": 0.011676909402,
        "dmean2": 0.0189149230719,
        "dvar": 0.000143378245411,
        "dvar2": 0.000324542692397,
        "max": 0.455223590136,
        "mean": 0.354956954718,
        "median": 0.360546886921,
        "min": 0.0357429720461,
        "var": 0.00218680989929
    },
    "barkbands_kurtosis": {
        "dmean": 1.40362036228,
        "dmean2": 2.04682946205,
        "dvar": 2.50002241135,
        "dvar2": 5.73592996597,
        "max": 27.7674179077,
        "mean": 6.43782806396,
        "median": 5.28983688354,
        "min": -1.22640228271,
        "var": 29.4995861053
    },
    "barkbands_skewness": {
        "dmean": 0.240891084075,
        "dmean2": 0.364363908768,
        "dvar": 0.0607160925865,
        "dvar2": 0.149041131139,
        "max": 4.46054792404,
        "mean": 1.41946077347,
        "median": 1.32657158375,
        "min": -1.8456505537,
        "var": 0.640094339848
    },
    "barkbands_spread": {
        "dmean": 0.477364569902,
        "dmean2": 0.680514931679,
        "dvar": 0.666429579258,
        "dvar2": 1.55800497532,
        "max": 41.4299125671,
        "mean": 3.83552050591,
        "median": 3.16839694977,
        "min": 0.951947569847,
        "var": 6.85469675064
    },
    "dissonance": {
        "dmean": 0.0328083112836,
        "dmean2": 0.055981464684,
        "dvar": 0.000963091268204,
        "dvar2": 0.00258785160258,
        "max": 0.499999791384,
        "mean": 0.405154824257,
        "median": 0.414394646883,
        "min": 0.197521239519,
        "var": 0.00284178298898
    },
    "dynamic_complexity": 2.04489588737,
    "erbbands_crest": {
        "dmean": 1.19761276245,
        "dmean2": 1.7975757122,
        "dvar": 1.31406652927,
        "dvar2": 3.25040698051,
        "max": 24.9277248383,
        "mean": 11.2032756805,
        "median": 10.6958360672,
        "min": 3.37442564964,
        "var": 9.33923912048
    },
    "erbbands_flatness_db": {
        "dmean": 0.00739645725116,
        "dmean2": 0.0113475713879,
        "dvar": 8.90108276508e-05,
        "dvar2": 0.000171590305399,
        "max": 0.43219986558,
        "mean": 0.34442576766,
        "median": 0.347263514996,
        "min": 0.0680388137698,
        "var": 0.00109992572106
    },
    "erbbands_kurtosis": {
        "dmean": 0.645395994186,
        "dmean2": 0.881814956665,
        "dvar": 0.623845100403,
        "dvar2": 1.22007369995,
        "max": 15.4331684113,
        "mean": 2.24906849861,
        "median": 1.61912727356,
        "min": -1.52767300606,
        "var": 7.10988330841
    },
    "erbbands_skewness": {
        "dmean": 0.164687201381,
        "dmean2": 0.220230683684,
        "dvar": 0.0238370969892,
        "dvar2": 0.04686813429,
        "max": 3.48863363266,
        "mean": 1.1609210968,
        "median": 1.1947555542,
        "min": -1.06626415253,
        "var": 0.521535992622
    },
    "erbbands_spread": {
        "dmean": 1.07976341248,
        "dmean2": 1.51695239544,
        "dvar": 1.58770012856,
        "dvar2": 3.1921441555,
        "max": 44.9435539246,
        "mean": 11.8282079697,
        "median": 11.0645952225,
        "min": 2.7757601738,
        "var": 24.4349937439
    },
    "hfc": {
        "dmean": 1.12845134735,
        "dmean2": 1.63365674019,
        "dvar": 2.55978703499,
        "dvar2": 4.51285409927,
        "max": 39.6074867249,
        "mean": 9.48048591614,
        "median": 8.75523757935,
        "min": 1.22749314799e-16,
        "var": 26.8887405396
    },
    "melbands_crest": {
        "dmean": 1.35632038116,
        "dmean2": 2.10604500771,
        "dvar": 1.67286908627,
        "dvar2": 4.2019200325,
        "max": 27.8791847229,
        "mean": 13.052274704,
        "median": 12.5919456482,
        "min": 2.36392951012,
        "var": 10.9844694138
    },
    "melbands_flatness_db": {
        "dmean": 0.0113562103361,
        "dmean2": 0.0177324041724,
        "dvar": 0.000157417540322,
        "dvar2": 0.000301190069877,
        "max": 0.590198934078,
        "mean": 0.463195353746,
        "median": 0.470971494913,
        "min": 0.00482130609453,
        "var": 0.0035070956219
    },
    "melbands_kurtosis": {
        "dmean": 1.55708301067,
        "dmean2": 2.30846810341,
        "dvar": 2.77482509613,
        "dvar2": 6.44088554382,
        "max": 41.1545333862,
        "mean": 7.55858755112,
        "median": 6.61618518829,
        "min": -1.31382274628,
        "var": 28.4353103638
    },
    "melbands_skewness": {
        "dmean": 0.229236781597,
        "dmean2": 0.346270173788,
        "dvar": 0.0501727685332,
        "dvar2": 0.125992074609,
        "max": 5.07361507416,
        "mean": 1.68872904778,
        "median": 1.63431787491,
        "min": -0.251695454121,
        "var": 0.500350952148
    },
    "melbands_spread": {
        "dmean": 0.659284830093,
        "dmean2": 0.916805267334,
        "dvar": 6.30002212524,
        "dvar2": 6.23701238632,
        "max": 137.941543579,
        "mean": 5.07237243652,
        "median": 4.04527664185,
        "min": 1.34514510632,
        "var": 19.1979999542
    },
    "pitch_salience": {
        "dmean": 0.0366524904966,
        "dmean2": 0.0583942010999,
        "dvar": 0.00116632843856,
        "dvar2": 0.00307023292407,
        "max": 0.854505002499,
        "mean": 0.590977430344,
        "median": 0.601126551628,
        "min": 0.207493960857,
        "var": 0.00994672719389
    },
    "silence_rate_20dB": {
        "dmean": 0,
        "dmean2": 0,
        "dvar": 0,
        "dvar2": 0,
        "max": 1,
        "mean": 1,
        "median": 1,
        "min": 1,
        "var": 0
    },
    "silence_rate_30dB": {
        "dmean": 0.00206185574643,
        "dmean2": 0.00412583816797,
        "dvar": 0.00205761939287,
        "dvar2": 0.00617178762332,
        "max": 1,
        "mean": 0.998969614506,
        "median": 1,
        "min": 0,
        "var": 0.00102933915332
    },
    "silence_rate_60dB": {
        "dmean": 0.00360824749805,
        "dmean2": 0.00722021656111,
        "dvar": 0.00359510444105,
        "dvar2": 0.00716834608465,
        "max": 1,
        "mean": 0.0170015450567,
        "median": 0,
        "min": 0,
        "var": 0.0167132094502
    },
    "spectral_centroid": {
        "dmean": 21.9215946198,
        "dmean2": 30.0373497009,
        "dvar": 40241.96875,
        "dvar2": 33336.0117188,
        "max": 10465.8613281,
        "mean": 351.976806641,
        "median": 331.526245117,
        "min": 204.307891846,
        "var": 61247
    },
    "spectral_complexity": {
        "dmean": 0.962371110916,
        "dmean2": 1.61732852459,
        "dvar": 1.06817495823,
        "dvar2": 2.23623347282,
        "max": 23,
        "mean": 9.99845409393,
        "median": 10,
        "min": 0,
        "var": 7.59973335266
    },
    "spectral_decrease": {
        "dmean": 1.16723741783e-09,
        "dmean2": 1.7929884244e-09,
        "dvar": 2.08638711249e-18,
        "dvar2": 4.57183427662e-18,
        "max": 6.83006619541e-29,
        "mean": -8.37779712271e-09,
        "median": -7.72140662519e-09,
        "min": -3.30293303819e-08,
        "var": 2.06956800774e-17
    },
    "spectral_energy": {
        "dmean": 0.00450078397989,
        "dmean2": 0.00690716458485,
        "dvar": 3.11948315357e-05,
        "dvar2": 6.794413639e-05,
        "max": 0.128252655268,
        "mean": 0.0324796289206,
        "median": 0.0299247000366,
        "min": 1.08759443695e-20,
        "var": 0.000309819384711
    },
    "spectral_energyband_high": {
        "dmean": 5.54320251922e-07,
        "dmean2": 8.07526930657e-07,
        "dvar": 3.85850422793e-12,
        "dvar2": 8.510080661e-12,
        "max": 8.01289861556e-05,
        "mean": 2.14207375393e-06,
        "median": 2.69259174956e-07,
        "min": 7.68172988854e-21,
        "var": 3.63008199888e-11
    },
    "spectral_energyband_low": {
        "dmean": 0.0015517633874,
        "dmean2": 0.00251836539246,
        "dvar": 5.41147164768e-06,
        "dvar2": 1.82122203114e-05,
        "max": 0.0329863354564,
        "mean": 0.00528229866177,
        "median": 0.00415977649391,
        "min": 5.43297340668e-23,
        "var": 2.00648319151e-05
    },
    "spectral_energyband_middle_high": {
        "dmean": 0.000191514074686,
        "dmean2": 0.000233590690186,
        "dvar": 1.29476802613e-07,
        "dvar2": 1.80776922321e-07,
        "max": 0.0150417936966,
        "mean": 0.00120648916345,
        "median": 0.00071328523336,
        "min": 1.52208866359e-21,
        "var": 2.38220377469e-06
    },
    "spectral_energyband_middle_low": {
        "dmean": 0.00401619449258,
        "dmean2": 0.00601712567732,
        "dvar": 2.69799802481e-05,
        "dvar2": 5.58925021323e-05,
        "max": 0.124797523022,
        "mean": 0.027305515483,
        "median": 0.024826746434,
        "min": 4.35419008914e-22,
        "var": 0.000275340717053
    },
    "spectral_entropy": {
        "dmean": 0.0801910310984,
        "dmean2": 0.125698462129,
        "dvar": 0.0113486517221,
        "dvar2": 0.0205419752747,
        "max": 9.79926586151,
        "mean": 5.56957292557,
        "median": 5.55983638763,
        "min": 4.9111571312,
        "var": 0.0994779542089
    },
    "spectral_flux": {
        "dmean": 0.0102469120175,
        "dmean2": 0.017199119553,
        "dvar": 0.000156354217324,
        "dvar2": 0.000382488971809,
        "max": 0.226746335626,
        "mean": 0.0401259623468,
        "median": 0.0360355302691,
        "min": 1.04287793679e-10,
        "var": 0.0004626379814
    },
    "spectral_kurtosis": {
        "dmean": 28.9147167206,
        "dmean2": 50.1819763184,
        "dvar": 681.757385254,
        "dvar2": 1869.01135254,
        "max": 216.955917358,
        "mean": 85.629486084,
        "median": 79.7191238403,
        "min": -1.247631073,
        "var": 2320.19628906
    },
    "spectral_rms": {
        "dmean": 0.000382235244615,
        "dmean2": 0.000578175589908,
        "dvar": 1.91172901509e-07,
        "dvar2": 3.98405944679e-07,
        "max": 0.0111859077588,
        "mean": 0.00540722347796,
        "median": 0.00540322391316,
        "min": 3.25740346155e-12,
        "var": 2.44937405114e-06
    },
    "spectral_rolloff": {
        "dmean": 36.6616592407,
        "dmean2": 56.8698539734,
        "dvar": 149336.890625,
        "dvar2": 145690.828125,
        "max": 18863.0859375,
        "mean": 441.968688965,
        "median": 387.59765625,
        "min": 215.33203125,
        "var": 205700.75
    },
    "spectral_skewness": {
        "dmean": 1.47060143948,
        "dmean2": 2.53726506233,
        "dvar": 1.44026219845,
        "dvar2": 3.96548342705,
        "max": 11.6765136719,
        "mean": 6.42142629623,
        "median": 6.27654457092,
        "min": 0.051758710295,
        "var": 5.03276538849
    },
    "spectral_spread": {
        "dmean": 223264.453125,
        "dmean2": 378169.5,
        "dvar": 727643455488,
        "dvar2": 1.12566114714e+12,
        "max": 41913736,
        "mean": 996283,
        "median": 888167.25,
        "min": 378746.40625,
        "var": 1.71060795802e+12
    },
    "spectral_strongpeak": {
        "dmean": 0.309850871563,
        "dmean2": 0.539903700352,
        "dvar": 0.12715703249,
        "dvar2": 0.354974061251,
        "max": 4.26220703125,
        "mean": 1.03940069675,
        "median": 0.919583916664,
        "min": 0,
        "var": 0.429270118475
    },
    "zerocrossingrate": {
        "dmean": 0.00162869482301,
        "dmean2": 0.00207601371221,
        "dvar": 0.000129029242089,
        "dvar2": 0.000141102049383,
        "max": 0.498046875,
        "mean": 0.0163824521005,
        "median": 0.01513671875,
        "min": 0,
        "var": 0.000145337515278
    },
    "barkbands": {
        "dmean": [0.000100080251286, 0.000545581104234, 0.000796607753728, 0.00137099111453, 0.00247968826443, 0.00120002788026, 0.000327357149217, 0.000165598074091, 9.50548928813e-05, 0.000162795520737, 4.71643943456e-05, 4.09188214689e-05, 3.28811838699e-05, 3.58183388016e-05, 1.66926474776e-05, 7.17139346307e-06, 4.37194694314e-06, 8.87688997864e-07, 8.661148172e-07, 7.75555292876e-07, 2.0726695027e-07, 3.78584061878e-08, 1.50633727714e-08, 1.36157130015e-08, 3.87322884876e-09, 2.28230434551e-09, 1.34625799397e-09],
        "dmean2": [0.000181042109034, 0.000825488357805, 0.00130016403273, 0.0022496113088, 0.00356160057709, 0.00163238390815, 0.000420919357566, 0.000232209655223, 0.000129712221678, 0.000188954392797, 6.05652130616e-05, 5.19974419149e-05, 4.73239924759e-05, 4.63151627628e-05, 2.61521945504e-05, 1.13866026368e-05, 6.50250376566e-06, 1.35085792863e-06, 1.31159470129e-06, 1.14688043595e-06, 3.17938912531e-07, 5.92828257595e-08, 2.37804922421e-08, 2.02241441372e-08, 5.81436943037e-09, 3.3640030761e-09, 1.76889902725e-09],
        "dvar": [5.06912734011e-08, 6.42837051146e-07, 2.22890980695e-06, 3.52699112227e-06, 1.10812688945e-05, 3.96005953007e-06, 3.68152626606e-07, 1.40218190836e-07, 2.13795026127e-08, 9.83042767189e-08, 7.97753241244e-09, 1.29182513575e-08, 5.00064745168e-09, 1.03429593779e-08, 1.61356095152e-09, 1.67696287412e-10, 9.25552620656e-11, 4.12615818249e-12, 4.0377692509e-12, 5.58343865933e-12, 4.34976517695e-13, 3.59872992951e-14, 9.16985417313e-15, 3.33518037135e-15, 2.32184330457e-16, 2.13434766479e-16, 2.37745339984e-16],
        "dvar2": [1.70502957531e-07, 1.63982906543e-06, 7.82207644079e-06, 9.4363149401e-06, 2.29775996559e-05, 6.5295839704e-06, 6.45970601454e-07, 2.34973654756e-07, 4.21342889467e-08, 1.38506919711e-07, 1.35364022213e-08, 1.61969175849e-08, 9.58268131512e-09, 1.19002638854e-08, 3.02061131663e-09, 4.32745866918e-10, 2.16359277716e-10, 9.9856945629e-12, 7.9195755856e-12, 1.22409036032e-11, 1.04755266961e-12, 8.96107867814e-14, 2.25806210481e-14, 5.67124091219e-15, 1.4241064357e-16, 1.11361102407e-16, 1.13286487705e-16],
        "max": [0.00590891763568, 0.0128988139331, 0.020558051765, 0.0197906717658, 0.0751256942749, 0.0539681427181, 0.0156014980748, 0.00736438389868, 0.004262029659, 0.012624181807, 0.00150444731116, 0.00393785443157, 0.00202469457872, 0.00400293944404, 0.0015583926579, 0.00026177498512, 0.000257537787547, 4.85515265609e-05, 3.65173691534e-05, 8.50165743032e-05, 1.84259861271e-05, 6.06219055044e-06, 3.22449295709e-06, 1.93611481336e-06, 9.20430807128e-07, 9.03553484477e-07, 9.60596253208e-07],
        "mean": [0.000427164544817, 0.00156863755547, 0.00223564868793, 0.00279228226282, 0.0149009022862, 0.00620733015239, 0.00174275564495, 0.000696380971931, 0.00043803389417, 0.00084619957488, 0.000144937555888, 0.000160860989126, 9.64879145613e-05, 0.00013532488083, 4.92595609103e-05, 1.63600907399e-05, 1.28326209961e-05, 2.38028133026e-06, 2.49206595981e-06, 2.56636667473e-06, 6.33821173324e-07, 9.38579134413e-08, 3.5603409998e-08, 4.00470021589e-08, 1.05830899599e-08, 3.93090626716e-09, 1.52399592945e-09],
        "median": [4.81097486045e-05, 0.000939776771702, 0.00148802180775, 0.00149401673116, 0.012876146473, 0.00382917979732, 0.000843380461447, 0.000312396587105, 0.000179881564691, 0.000382637459552, 6.63255414111e-05, 2.86372142e-05, 4.36591471953e-05, 3.75068666472e-05, 1.96891141968e-05, 8.2045498857e-06, 4.14943679061e-06, 9.82879214462e-07, 5.86660803492e-07, 1.83918061225e-07, 9.82555619089e-08, 4.31089794972e-08, 1.71977436736e-08, 1.6038805839e-08, 7.46907247162e-09, 2.25182938962e-09, 3.89930171485e-10],
        "min": [1.68184474461e-24, 2.39655027927e-23, 1.63532443374e-23, 1.72498210438e-23, 7.63882602845e-23, 5.32353378666e-23, 7.58740113267e-23, 1.44863627223e-22, 3.85422860141e-23, 9.2440670938e-23, 5.62114260721e-23, 6.32055741429e-23, 7.10113275565e-23, 9.37824476071e-23, 1.09017459523e-22, 1.99742017204e-22, 1.50675613584e-22, 2.66830623469e-22, 2.08581475016e-22, 3.63686384811e-22, 3.33355755856e-22, 4.55048089668e-22, 7.89730091099e-22, 9.95434319025e-22, 9.7711315703e-22, 1.76212633954e-21, 2.56676002e-21],
        "var": [9.34059585234e-07, 3.51432800016e-06, 5.45260081708e-06, 9.53760536504e-06, 0.000126167098642, 4.68501384603e-05, 4.83828080178e-06, 9.52943025823e-07, 3.48793463445e-07, 2.13882708522e-06, 3.97597794688e-08, 1.18324017251e-07, 2.67383430952e-08, 1.58169370934e-07, 1.11753815091e-08, 5.59484958362e-10, 3.96632671151e-10, 1.2615855409e-11, 2.01467748734e-11, 4.95359309127e-11, 2.14649587167e-12, 5.21228602e-14, 9.39670569003e-15, 1.35592170223e-14, 6.06974704398e-16, 5.29408138709e-16, 5.85244338834e-16]
    },
    "erbbands": {
        "dmean": [0.0202796626836, 0.111114144325, 0.624351739883, 2.61554718018, 7.4779047966, 8.46879577637, 10.9902086258, 10.3963890076, 6.89725542068, 4.4425945282, 2.10359430313, 2.55721092224, 5.26304244995, 2.64050889015, 1.68232381344, 1.87313628197, 1.5417393446, 1.53129649162, 1.01864874363, 0.923846840858, 0.27694657445, 0.158606573939, 0.0752571895719, 0.0472441986203, 0.040565662086, 0.0418862327933, 0.0135746775195, 0.00415445538238, 0.00160729128402, 0.00075049494626, 0.000380138022592, 0.000400303048082, 0.000147121478221, 5.20576832059e-05, 2.6843370506e-05, 1.36230446515e-05, 4.13305997427e-06, 1.03801664864e-06, 2.08143728742e-06, 4.93349079989e-06],
        "dmean2": [0.0310957599431, 0.168454214931, 0.998367369175, 4.36482524872, 11.984126091, 12.2134103775, 14.4443302155, 15.5620622635, 8.20453357697, 6.34952259064, 3.07987332344, 3.43612742424, 6.337433815, 2.95461630821, 2.1442463398, 2.39516806602, 2.22049093246, 2.0598180294, 1.32760250568, 1.48612105846, 0.422298252583, 0.239401385188, 0.115021906793, 0.0706787630916, 0.0622332952917, 0.061734162271, 0.0203803628683, 0.00630333693698, 0.0024906178005, 0.00119822053239, 0.000587220536545, 0.000605112174526, 0.000219040259253, 7.91184429545e-05, 4.05136634072e-05, 2.08524324989e-05, 5.93485810896e-06, 1.42538021919e-06, 3.14637372867e-06, 7.56522376832e-06],
        "dvar": [0.00102086900733, 0.0334350503981, 1.18544137478, 15.2201023102, 109.647735596, 156.628692627, 532.846923828, 284.253540039, 151.264694214, 52.9188957214, 50.7332458496, 17.373916626, 114.886581421, 47.8338851929, 10.2336797714, 24.5113143921, 10.3840532303, 22.9020118713, 6.54460573196, 7.40598487854, 0.212273091078, 0.112197704613, 0.0207610502839, 0.0101059665903, 0.0114964609966, 0.015617813915, 0.00184845749754, 0.000261697627138, 5.46741575818e-05, 1.90903501789e-05, 3.94185235564e-06, 3.18180923387e-06, 2.19799701995e-07, 3.12455803453e-08, 1.12696483257e-08, 3.49564377444e-09, 7.16758596919e-10, 9.08689512524e-11, 9.2665181084e-12, 3.73461227221e-11],
        "dvar2": [0.00282231438905, 0.078358374536, 3.6969602108, 48.4804992676, 329.984466553, 312.93069458, 812.012329102, 625.796813965, 237.537826538, 108.559806824, 92.2341079712, 33.1204223633, 185.127105713, 39.767326355, 17.6727962494, 31.1351451874, 20.9295406342, 28.3215808868, 7.79145812988, 15.273317337, 0.480415612459, 0.261154145002, 0.0478758253157, 0.0201593022794, 0.024025991559, 0.0343331806362, 0.00424768868834, 0.000589753384702, 0.000132187473355, 4.74450644106e-05, 9.48873457673e-06, 6.04577007834e-06, 3.1132640288e-07, 2.26411387416e-08, 6.7731718012e-09, 2.14969486656e-09, 3.83120035696e-10, 4.45384076841e-11, 1.62282149524e-11, 8.16703996098e-11],
        "max": [0.553139269352, 3.44924712181, 16.3302669525, 53.2278060913, 193.957702637, 291.073577881, 730.055053711, 376.654876709, 270.581085205, 157.684585571, 175.378738403, 129.39666748, 288.1300354, 487.193054199, 90.3196716309, 175.362426758, 95.8527374268, 210.7081604, 127.001838684, 103.961784363, 8.8610534668, 8.84519958496, 2.52902793884, 1.87231445312, 2.04074859619, 4.51321077347, 1.68328177929, 0.516175866127, 0.20578853786, 0.156057834625, 0.0639947131276, 0.0593958795071, 0.0150858517736, 0.010358273983, 0.0064823362045, 0.00360410171561, 0.00167021981906, 0.000595035438892, 0.000136493676109, 0.000141663360409],
        "mean": [0.063890054822, 0.298909723759, 1.74594402313, 7.1230802536, 30.6640872955, 46.0526847839, 53.4730796814, 50.1265258789, 40.9568405151, 19.2600822449, 9.12961673737, 12.3314418793, 24.9660549164, 15.0318889618, 5.75658082962, 7.81957960129, 4.7816157341, 5.21036577225, 4.54730176926, 2.53536629677, 0.860217154026, 0.49791058898, 0.227208986878, 0.128973707557, 0.117536775768, 0.142722457647, 0.0530658215284, 0.0121813444421, 0.0040632863529, 0.00190855329856, 0.00102829898242, 0.00113304029219, 0.000448354752734, 0.000162499054568, 8.40173888719e-05, 4.15488502767e-05, 1.36799244501e-05, 2.32828574553e-06, 1.51153435581e-05, 3.58506185876e-05],
        "median": [0.030197750777, 0.143058136106, 1.13806712627, 4.52713918686, 19.9586238861, 34.446018219, 38.4163970947, 31.5324668884, 19.6207046509, 12.1089582443, 5.40994358063, 5.45649147034, 13.2474842072, 5.01499557495, 2.84083533287, 1.94430720806, 2.4137005806, 2.13851737976, 1.65466344357, 0.966242969036, 0.439171046019, 0.192697048187, 0.0812846794724, 0.0524013079703, 0.0169894937426, 0.00920336414129, 0.00567945232615, 0.00278270547278, 0.00170123716816, 0.000931299757212, 0.00052098109154, 0.000381858437322, 0.000250763900112, 0.000117366063932, 6.79839504301e-05, 3.22370215144e-05, 1.13774576675e-05, 1.63556683219e-06, 1.3938462871e-05, 3.31329356413e-05],
        "min": [7.04047427453e-22, 5.19252087824e-21, 1.41791730156e-20, 5.27144109804e-20, 5.34842770238e-20, 2.46998405655e-19, 5.5635030627e-19, 5.53037603013e-19, 7.80854258949e-19, 1.93589007864e-18, 2.82390920486e-18, 1.10235764956e-18, 2.44302934231e-18, 2.8159205013e-18, 1.48726422732e-18, 2.77535287572e-18, 3.40634609931e-18, 5.08057103285e-18, 6.4228729952e-18, 6.42508653052e-18, 8.41774394664e-18, 9.26124565986e-18, 1.32695594219e-17, 1.29781081233e-17, 1.25599765955e-17, 1.84760136955e-17, 9.19708787719e-18, 1.75510520627e-17, 1.71919134018e-17, 1.94411184034e-17, 2.073364105e-17, 1.31417227941e-17, 2.21469320661e-17, 1.09865665738e-17, 7.00737122374e-18, 6.02611209207e-18, 3.42900298988e-18, 1.32821486972e-18, 3.65800127332e-19, 3.5524512177e-20],
        "var": [0.00690529076383, 0.184171766043, 3.46798443794, 52.4935340881, 941.85357666, 1693.03308105, 3511.2800293, 2620.56396484, 2458.25170898, 394.433227539, 200.353805542, 260.299102783, 1350.63061523, 1957.42382812, 59.1300201416, 236.642944336, 51.830696106, 183.52571106, 143.727752686, 41.7616653442, 1.14649653435, 0.487919747829, 0.106506280601, 0.043047670275, 0.0578796491027, 0.145311549306, 0.0197711605579, 0.000771055812947, 9.23503830563e-05, 2.24679370149e-05, 5.10939071319e-06, 1.25599244711e-05, 8.27235908218e-07, 8.55096473629e-08, 2.96425568536e-08, 9.10948738664e-09, 1.79952830415e-09, 2.25051144387e-10, 7.59857315957e-11, 3.75164649347e-10]
    },
    "gfcc": {
        "mean": [-154.151626587, 243.770080566, -98.8964538574, -18.4292507172, -31.4352779388, -21.380525589, -31.8950557709, -25.3813095093, -13.7767906189, -16.2219657898, -4.79614400864, -15.0277347565, 7.69414949417],
        "cov": [[2262.16162109, -33.8579902649, -497.612854004, 243.570602417, -61.8826065063, -126.668045044, 56.1488800049, 67.2864990234, -21.8990440369, 63.2821159363, 69.1779403687, -49.5707588196, 83.5516281128], [-33.8579902649, 384.61907959, 294.060791016, -195.879959106, 103.887580872, 36.0047416687, -28.1643733978, -56.3032341003, 50.8826217651, -41.2813529968, 10.7580547333, 72.1949768066, -32.8741607666], [-497.612854004, 294.060791016, 654.701416016, -80.5065155029, 74.742477417, 80.3111343384, -35.2974128723, -87.4099197388, 42.956401825, -7.56469535828, -12.7252721786, 40.6792221069, -34.6334342957], [243.570602417, -195.879959106, -80.5065155029, 315.974609375, -46.3428840637, -26.1375141144, 87.9393920898, 83.2720413208, 11.4204063416, 92.5568008423, 6.79167222977, -87.6974487305, 48.8604011536], [-61.8826065063, 103.887580872, 74.742477417, -46.3428840637, 108.657363892, 37.1094589233, -28.1637802124, -24.120054245, 14.2165222168, -12.4914827347, 8.84053325653, 30.5697841644, -13.8322353363], [-126.668045044, 36.0047416687, 80.3111343384, -26.1375141144, 37.1094589233, 97.4426879883, 2.98412394524, -5.78500270844, 5.74978876114, -13.6355581284, 6.44746112823, 16.1509037018, -17.1239910126], [56.1488800049, -28.1643733978, -35.2974128723, 87.9393920898, -28.1637802124, 2.98412394524, 124.589012146, 68.3219451904, -3.98185873032, 19.2792301178, -4.16747283936, -11.7471427917, 24.977848053], [67.2864990234, -56.3032341003, -87.4099197388, 83.2720413208, -24.120054245, -5.78500270844, 68.3219451904, 135.176803589, 44.3612518311, 30.1405849457, 23.1754951477, -25.6247425079, 14.3049573898], [-21.8990440369, 50.8826217651, 42.956401825, 11.4204063416, 14.2165222168, 5.74978876114, -3.98185873032, 44.3612518311, 85.5185394287, 44.2346916199, 20.8201351166, -2.43056917191, -2.78234791756], [63.2821159363, -41.2813529968, -7.56469535828, 92.5568008423, -12.4914827347, -13.6355581284, 19.2792301178, 30.1405849457, 44.2346916199, 96.2754211426, 28.3859329224, -26.4697914124, 18.3647785187], [69.1779403687, 10.7580547333, -12.7252721786, 6.79167222977, 8.84053325653, 6.44746112823, -4.16747283936, 23.1754951477, 20.8201351166, 28.3859329224, 63.440486908, 22.4668369293, -6.91367292404], [-49.5707588196, 72.1949768066, 40.6792221069, -87.6974487305, 30.5697841644, 16.1509037018, -11.7471427917, -25.6247425079, -2.43056917191, -26.4697914124, 22.4668369293, 78.7948684692, -7.53195524216], [83.5516281128, -32.8741607666, -34.6334342957, 48.8604011536, -13.8322353363, -17.1239910126, 24.977848053, 14.3049573898, -2.78234791756, 18.3647785187, -6.91367292404, -7.53195524216, 52.6031036377]],
        "icov": [[0.00101451051887, -0.00269562611356, 0.00151708733756, -0.00231947633438, 0.00147739856038, -0.000275622529443, 0.0015878068516, -0.00023001410591, 0.00155739707407, -0.000262231886154, -0.000318061793223, -0.000607678666711, -0.000490248552524], [-0.00269562611356, 0.0192948896438, -0.00782956182957, 0.0134601695463, -0.0116039030254, 0.00562166469172, -0.0135405808687, 0.00679030595347, -0.0145387155935, 0.00712019205093, -0.00665415450931, 0.00692389439791, -0.00109378341585], [0.00151708733756, -0.00782956182957, 0.0056653060019, -0.00597463734448, 0.00424700416625, -0.00317005603574, 0.00443576509133, 8.50857686601e-05, 0.00308257807046, -0.00210503838025, 0.00251769227907, -0.00301547767594, 0.000729324645363], [-0.00231947633438, 0.0134601695463, -0.00597463734448, 0.0178877320141, -0.00879851728678, 0.00371695146896, -0.0122280837968, 0.00264521618374, -0.00678397901356, -0.000541561690625, -0.00591425038874, 0.0118295047432, -0.00372256431729], [0.00147739856038, -0.0116039030254, 0.00424700416625, -0.00879851728678, 0.0198672041297, -0.00727171450853, 0.010285246186, -0.0029816289898, 0.0059029571712, -0.00312303029932, 0.00431352853775, -0.00808194093406, 0.000966539373621], [-0.000275622529443, 0.00562166469172, -0.00317005603574, 0.00371695146896, -0.00727171450853, 0.0157360620797, -0.00689148670062, 0.00284621515311, -0.00508660636842, 0.00488801859319, -0.00516701163724, 0.00308392196894, 0.00190709333401], [0.0015878068516, -0.0135405808687, 0.00443576509133, -0.0122280837968, 0.010285246186, -0.00689148670062, 0.0272575579584, -0.0167400129139, 0.0184549130499, -0.0106462817639, 0.0133332246915, -0.0132698798552, -8.96909914445e-05], [-0.00023001410591, 0.00679030595347, 8.50857686601e-05, 0.00264521618374, -0.0029816289898, 0.00284621515311, -0.0167400129139, 0.0257496852428, -0.0215864218771, 0.0136333582923, -0.01471688319, 0.0108099421486, -0.00299109355547], [0.00155739707407, -0.0145387155935, 0.00308257807046, -0.00678397901356, 0.0059029571712, -0.00508660636842, 0.0184549130499, -0.0215864218771, 0.0403137914836, -0.0228365883231, 0.0117881242186, -0.00976123288274, 0.00403147190809], [-0.000262231886154, 0.00712019205093, -0.00210503838025, -0.000541561690625, -0.00312303029932, 0.00488801859319, -0.0106462817639, 0.0136333582923, -0.0228365883231, 0.0330937504768, -0.0194375701249, 0.0120911421254, -0.00748390844092], [-0.000318061793223, -0.00665415450931, 0.00251769227907, -0.00591425038874, 0.00431352853775, -0.00516701163724, 0.0133332246915, -0.01471688319, 0.0117881242186, -0.0194375701249, 0.0380685403943, -0.021466743201, 0.00996026862413], [-0.000607678666711, 0.00692389439791, -0.00301547767594, 0.0118295047432, -0.00808194093406, 0.00308392196894, -0.0132698798552, 0.0108099421486, -0.00976123288274, 0.0120911421254, -0.021466743201, 0.0338302515447, -0.00815583579242], [-0.000490248552524, -0.00109378341585, 0.000729324645363, -0.00372256431729, 0.000966539373621, 0.00190709333401, -8.96909914445e-05, -0.00299109355547, 0.00403147190809, -0.00748390844092, 0.00996026862413, -0.00815583579242, 0.0277415756136]]
    },
    "melbands": {
        "dmean": [0.000159686169354, 0.000256244413322, 0.000617599696852, 0.000483987823827, 0.000420653086621, 0.00022793658718, 9.56543735811e-05, 4.69648002763e-05, 1.60298186529e-05, 1.54042845679e-05, 2.62688372459e-05, 1.09419552246e-05, 6.89176431479e-06, 4.76869627164e-06, 3.82753023587e-06, 2.77719391306e-06, 3.36842299475e-06, 2.01916759579e-06, 1.26511383769e-06, 1.03361128367e-06, 2.73737697398e-07, 1.87920136341e-07, 1.61046955327e-07, 4.80239883416e-08, 4.23646682179e-08, 2.80019758492e-08, 2.78793681474e-08, 3.01238927136e-08, 1.1697641078e-08, 5.19793408316e-09, 1.78507930659e-09, 1.05843656062e-09, 6.04881922328e-10, 4.00355693042e-10, 2.53745247036e-10, 2.40480357849e-10, 2.78731260295e-10, 1.25252988536e-10, 6.07958544618e-11, 4.38097648436e-11],
        "dmean2": [0.000242297086515, 0.000410134496633, 0.00102527521085, 0.000754100154154, 0.00053488049889, 0.000327160203597, 0.000113977162982, 6.69422879582e-05, 2.26693518925e-05, 2.11521000892e-05, 3.17220619763e-05, 1.23833606267e-05, 8.74232955539e-06, 6.09873995927e-06, 5.31840532858e-06, 3.94553035221e-06, 4.49864228358e-06, 2.5189160624e-06, 1.98532643481e-06, 1.66580161931e-06, 4.08714754485e-07, 2.75043817055e-07, 2.45637608032e-07, 7.25992634898e-08, 6.41959445602e-08, 4.27791633228e-08, 4.3665586702e-08, 4.37763105765e-08, 1.72839431656e-08, 7.93891796746e-09, 2.77441425389e-09, 1.66526148426e-09, 9.41132394239e-10, 6.35786201464e-10, 4.02036320901e-10, 3.74818648341e-10, 4.22439777603e-10, 1.85950685405e-10, 9.42620911881e-11, 6.83670065005e-11],
        "dvar": [5.65144553377e-08, 1.95039376649e-07, 7.06744060608e-07, 3.29194563164e-07, 6.60294574573e-07, 1.37817139034e-07, 2.92215638353e-08, 6.4080318829e-09, 2.64810595674e-09, 6.26983853724e-10, 2.86042700637e-09, 9.21041298785e-10, 1.68543470846e-10, 1.86973006522e-10, 6.3009895912e-11, 3.99808137985e-11, 1.08878052407e-10, 3.58458124294e-11, 8.80397577757e-12, 5.95009371634e-12, 2.87856517052e-13, 2.18784774911e-13, 9.71226612047e-14, 1.14061499029e-14, 8.45775442141e-15, 6.52209355452e-15, 5.3921905664e-15, 9.33592768794e-15, 1.57699778851e-15, 5.16985182928e-16, 4.0118686534e-17, 2.3930050571e-17, 6.26805911252e-18, 8.23508096069e-18, 2.77529000999e-18, 6.73145985714e-19, 2.03576696772e-18, 1.47734858068e-19, 3.02644609683e-20, 2.06026537559e-20],
        "dvar2": [1.51735292775e-07, 5.98141070896e-07, 2.10827397495e-06, 8.85637746251e-07, 1.07551090878e-06, 2.75334059552e-07, 4.62286529057e-08, 1.23904904115e-08, 4.82898432352e-09, 1.22304266714e-09, 4.61999904999e-09, 7.72545472039e-10, 2.86273005301e-10, 2.38983999257e-10, 1.04360332875e-10, 7.00521099462e-11, 1.31026661743e-10, 4.03049225939e-11, 1.72261562653e-11, 1.3355699359e-11, 6.20576235798e-13, 5.22003772672e-13, 2.2548580841e-13, 2.72926399227e-14, 1.6919344208e-14, 1.30744244912e-14, 1.21540503492e-14, 2.04634909956e-14, 3.57787309843e-15, 1.19678682722e-15, 9.49472251627e-17, 5.91250040658e-17, 1.41887299632e-17, 2.08661983976e-17, 6.88188627045e-18, 1.46247176321e-18, 3.93303784472e-18, 2.40333113526e-19, 2.79553313584e-20, 1.5192246315e-20],
        "max": [0.00368289812468, 0.00640165153891, 0.00929762329906, 0.0117270741612, 0.0235816650093, 0.00864112284034, 0.00378223857842, 0.00187630066648, 0.0012851691572, 0.0008234003908, 0.00143750023562, 0.0021382633131, 0.000204747848329, 0.000524495029822, 0.000208103156183, 0.000212114464375, 0.000483521114802, 0.000310564006213, 0.000106202918687, 7.84228177508e-05, 1.2875028915e-05, 1.41681121022e-05, 6.52070821161e-06, 2.49918298323e-06, 1.69833560903e-06, 1.82865198894e-06, 1.66451320638e-06, 3.5776436107e-06, 1.68773431142e-06, 8.69983182383e-07, 1.90708860259e-07, 1.29199762e-07, 9.01894097183e-08, 1.02800278512e-07, 5.77092400533e-08, 2.70057913809e-08, 5.14367535231e-08, 1.2352899148e-08, 9.51612921796e-09, 8.45285441642e-09],
        "mean": [0.000515383086167, 0.000770909711719, 0.00193669402506, 0.00265392847359, 0.00221732049249, 0.00117949617561, 0.000563551555388, 0.000196322667762, 7.0242844231e-05, 7.30526007828e-05, 0.000122465382447, 6.03162843618e-05, 2.05771684705e-05, 1.8744951376e-05, 1.39625344673e-05, 8.46728380566e-06, 1.08984222607e-05, 9.07218327484e-06, 3.61599427379e-06, 2.38190773416e-06, 8.38539506276e-07, 5.65112372897e-07, 3.82026570378e-07, 1.23467543744e-07, 1.01115816165e-07, 7.6129587967e-08, 8.29960598026e-08, 9.95719133812e-08, 4.4607723737e-08, 1.24890444653e-08, 4.44743486483e-09, 2.30052199512e-09, 1.4920162883e-09, 8.41724911993e-10, 5.61082957873e-10, 6.14871153992e-10, 7.15560777298e-10, 3.28388982673e-10, 1.63631455607e-10, 1.0565241737e-10],
        "median": [0.000292319920845, 0.000500602182001, 0.0012928500073, 0.00225793709978, 0.00156774779316, 0.000722033495549, 0.000261057604803, 0.000115386450489, 3.72503636754e-05, 3.38856916642e-05, 6.32172013866e-05, 1.66674853972e-05, 9.91329852695e-06, 3.94557719119e-06, 5.0845583246e-06, 3.49686524714e-06, 3.81534800908e-06, 2.48879018727e-06, 1.36128744543e-06, 8.9891227617e-07, 3.42264058872e-07, 2.0619589236e-07, 1.04859971373e-07, 4.89341154264e-08, 3.73982871338e-08, 1.29793260584e-08, 7.3849117932e-09, 5.3800270905e-09, 3.49338669103e-09, 2.52577936344e-09, 1.28043819991e-09, 9.62112944869e-10, 6.86827594798e-10, 3.97714361444e-10, 2.95860974608e-10, 2.37531883052e-10, 2.15240519852e-10, 1.68604200046e-10, 1.13621306808e-10, 7.28302973485e-11],
        "min": [6.49649792973e-24, 7.78059663935e-24, 8.28734510764e-24, 8.78221727501e-24, 1.96783530063e-23, 1.08060375608e-23, 1.35766259227e-23, 2.51011043534e-23, 2.09222241485e-23, 5.74182822829e-24, 1.22679774673e-23, 1.17249524414e-23, 6.22968387234e-24, 5.6328478831e-24, 6.83810822828e-24, 9.39977387922e-24, 8.86762093433e-24, 9.81601712472e-24, 8.33559105174e-24, 1.1637620806e-23, 9.14159074899e-24, 8.09695668361e-24, 1.19914446436e-23, 1.30714362436e-23, 1.03533150204e-23, 8.23757271769e-24, 1.17764776803e-23, 1.19217645598e-23, 4.89226447641e-24, 7.80351620409e-24, 1.10732413154e-23, 1.06039487518e-23, 7.31374244475e-24, 1.32129791892e-23, 1.29455545535e-23, 9.45128965177e-24, 7.13006249385e-24, 1.65933593975e-23, 1.40549738207e-23, 7.14668063768e-24],
        "var": [3.93103050556e-07, 6.59579086459e-07, 3.04919126393e-06, 3.86120882467e-06, 5.10147128807e-06, 1.54666395247e-06, 4.81906738514e-07, 4.95170588977e-08, 1.13337090824e-08, 8.77648798081e-09, 3.36656107436e-08, 3.75517039686e-08, 7.63795027225e-10, 1.64955293869e-09, 4.85349760382e-10, 2.18178961009e-10, 9.57608214947e-10, 8.39301128597e-10, 6.01931560151e-11, 2.7988984394e-11, 1.62984599775e-12, 7.49531513244e-13, 4.59027889484e-13, 3.6430260257e-14, 3.29190715214e-14, 2.89471883421e-14, 3.32025836133e-14, 8.47949233615e-14, 1.74168371511e-14, 1.10279316925e-15, 9.90389236936e-17, 3.93107957733e-17, 1.03190996483e-17, 8.00545479547e-18, 2.75299128863e-18, 1.92123512652e-18, 7.60602168538e-18, 4.88340446884e-19, 8.4688935387e-20, 5.32778502245e-20]
    },
    "mfcc": {
        "mean": [-797.753540039, 265.398101807, 12.9362182617, 3.62415194511, 14.9763755798, -2.28377103806, -7.19796895981, -12.8424329758, -6.5966219902, -5.71010160446, -12.934044838, -9.02583694458, -7.296438694],
        "cov": [[1437.42138672, 93.409576416, -690.77557373, 332.309387207, -137.764373779, -158.972213745, 111.16583252, -80.1778869629, 15.4640979767, 112.38583374, 3.08697485924, 46.1664237976, -30.1515312195], [93.409576416, 446.163818359, 209.740875244, -164.030105591, 121.07800293, 54.6652069092, -61.7430458069, 55.4200363159, -55.6487884521, -98.5997161865, 23.3002109528, -6.94056606293, 14.2012958527], [-690.77557373, 209.740875244, 615.587463379, -150.659317017, 117.012161255, 141.48248291, -73.3768615723, 42.6389045715, -6.48510360718, -65.1137313843, 25.2100353241, -1.10712754726, 26.9578056335], [332.309387207, -164.030105591, -150.659317017, 343.316162109, -77.177696228, -69.7602844238, 86.6636581421, -82.4012069702, 76.5808181763, 153.258712769, 15.2709712982, 45.7858695984, -16.8903827667], [-137.764373779, 121.07800293, 117.012161255, -77.177696228, 143.058044434, 59.3165054321, -46.2829475403, 27.2803516388, -39.1505813599, -37.6202201843, 21.6682071686, -8.22210025787, 3.17473244667], [-158.972213745, 54.6652069092, 141.48248291, -69.7602844238, 59.3165054321, 127.693756104, -4.25802850723, -0.820250153542, -10.4283313751, -57.8755645752, -16.7297134399, 2.97950315475, 17.3013153076], [111.16583252, -61.7430458069, -73.3768615723, 86.6636581421, -46.2829475403, -4.25802850723, 93.0584564209, 13.1547727585, 24.643497467, 36.0645523071, -9.93480873108, 11.4694747925, 1.79086065292], [-80.1778869629, 55.4200363159, 42.6389045715, -82.4012069702, 27.2803516388, -0.820250153542, 13.1547727585, 105.529846191, 2.90421724319, -34.5334510803, 12.8710641861, -16.7432308197, 11.9777622223], [15.4640979767, -55.6487884521, -6.48510360718, 76.5808181763, -39.1505813599, -10.4283313751, 24.643497467, 2.90421724319, 92.30103302, 66.2464065552, -6.60040092468, 19.3222751617, 4.19195365906], [112.38583374, -98.5997161865, -65.1137313843, 153.258712769, -37.6202201843, -57.8755645752, 36.0645523071, -34.5334510803, 66.2464065552, 161.149490356, 45.4490699768, 24.0197181702, -7.41567564011], [3.08697485924, 23.3002109528, 25.2100353241, 15.2709712982, 21.6682071686, -16.7297134399, -9.93480873108, 12.8710641861, -6.60040092468, 45.4490699768, 71.8404083252, 19.922914505, 1.69717526436], [46.1664237976, -6.94056606293, -1.10712754726, 45.7858695984, -8.22210025787, 2.97950315475, 11.4694747925, -16.7432308197, 19.3222751617, 24.0197181702, 19.922914505, 70.6368026733, 42.0901908875], [-30.1515312195, 14.2012958527, 26.9578056335, -16.8903827667, 3.17473244667, 17.3013153076, 1.79086065292, 11.9777622223, 4.19195365906, -7.41567564011, 1.69717526436, 42.0901908875, 97.1931533813]],
