{
"lowlevel": {
    "average_loudness": 0.365563362837,
    "barkbands_crest": {
        "dmean": 1.49419045448,
        "dmean2": 2.19110870361,
        "dvar": 3.11275291443,
        "dvar2": 7.39455509186,
        "max": 26.5463314056,
        "mean": 13.300652504,
        "median": 12.4445447922,
        "min": 3.66146397591,
        "var": 33.3010406494
    },
    "barkbands_flatness_db": {
        "dmean": 0.0203674323857,
        "dmean2": 0.0320866145194,
        "dvar": 0.00128267752007,
        "dvar2": 0.0030915196985,
        "max": 0.567188322544,
        "mean": 0.290435016155,
        "median": 0.232277467847,
        "min": 0.0484858900309,
        "var": 0.0180726852268
    },
    "barkbands_kurtosis": {
        "dmean": 1.81040775776,
        "dmean2": 2.4987475872,
        "dvar": 30.0999450684,
        "dvar2": 54.1870918274,
        "max": 131.63999939,
        "mean": 4.62838792801,
        "median": 1.77191877365,
        "min": -1.94535911083,
        "var": 149.034484863
    },
    "barkbands_skewness": {
        "dmean": 0.348887503147,
        "dmean2": 0.478299468756,
        "dvar": 0.303307920694,
        "dvar2": 0.656870603561,
        "max": 9.6664018631,
        "mean": 0.703153729439,
        "median": 0.746986150742,
        "min": -3.33293867111,
        "var": 2.26813840866
    },
    "barkbands_spread": {
        "dmean": 2.63971567154,
        "dmean2": 3.86072421074,
        "dvar": 22.4629478455,
        "dvar2": 50.6133613586,
        "max": 125.219795227,
        "mean": 15.7093029022,
        "median": 10.236123085,
        "min": 0.287611097097,
        "var": 470.967559814
    },
    "dissonance": {
        "dmean": 0.0337750092149,
        "dmean2": 0.0582266189158,
        "dvar": 0.00160568044521,
        "dvar2": 0.00454399874434,
        "max": 0.499973833561,
        "mean": 0.432479947805,
        "median": 0.44499489665,
        "min": 0.117697149515,
        "var": 0.0032320600003
    },
    "dynamic_complexity": 13.1028003693,
    "erbbands_crest": {
        "dmean": 2.03140306473,
        "dmean2": 2.98063182831,
        "dvar": 7.46065998077,
        "dvar2": 17.4491767883,
        "max": 33.661315918,
        "mean": 15.6289720535,
        "median": 15.0844640732,
        "min": 2.47381591797,
        "var": 53.3934593201
    },
    "erbbands_flatness_db": {
        "dmean": 0.0179033316672,
        "dmean2": 0.0274964049459,
        "dvar": 0.00106545549352,
        "dvar2": 0.00245156697929,
        "max": 0.627829194069,
        "mean": 0.319927990437,
        "median": 0.267037987709,
        "min": 0.0685915797949,
        "var": 0.0168720874935
    },
    "erbbands_kurtosis": {
        "dmean": 1.47038424015,
        "dmean2": 1.90897357464,
        "dvar": 13.872631073,
        "dvar2": 21.6353569031,
        "max": 109.992622375,
        "mean": 3.83313107491,
        "median": 1.07691717148,
        "min": -1.91004526615,
        "var": 95.4347839355
    },
    "erbbands_skewness": {
        "dmean": 0.343545347452,
        "dmean2": 0.459192454815,
        "dvar": 0.235221251845,
        "dvar2": 0.51171630621,
        "max": 8.31349468231,
        "mean": 0.665128827095,
        "median": 0.674443542957,
        "min": -2.68557262421,
        "var": 2.01953673363
    },
    "erbbands_spread": {
        "dmean": 3.52992343903,
        "dmean2": 5.12595367432,
        "dvar": 27.6509132385,
        "dvar2": 57.6003189087,
        "max": 86.5777130127,
        "mean": 18.9397926331,
        "median": 17.6140041351,
        "min": 0.46542301774,
        "var": 132.164016724
    },
    "hfc": {
        "dmean": 2.56105232239,
        "dmean2": 3.77589392662,
        "dvar": 19.2088489532,
        "dvar2": 43.3774986267,
        "max": 52.6194572449,
        "mean": 11.3461008072,
        "median": 3.71251010895,
        "min": 1.16044479921e-16,
        "var": 151.409500122
    },
    "melbands_crest": {
        "dmean": 1.99500107765,
        "dmean2": 3.06795501709,
        "dvar": 6.56101799011,
        "dvar2": 16.3689556122,
        "max": 38.3282051086,
        "mean": 15.8008327484,
        "median": 15.1371088028,
        "min": 1.81267738342,
        "var": 44.2290878296
    },
    "melbands_flatness_db": {
        "dmean": 0.0226116776466,
        "dmean2": 0.0346391759813,
        "dvar": 0.00232416740619,
        "dvar2": 0.00531938485801,
        "max": 0.539793014526,
        "mean": 0.312187790871,
        "median": 0.279671490192,
        "min": 0.00393636990339,
        "var": 0.0151752252132
    },
    "melbands_kurtosis": {
        "dmean": 2.64044952393,
        "dmean2": 3.55774021149,
        "dvar": 143.192062378,
        "dvar2": 295.583404541,
        "max": 364.227722168,
        "mean": 8.23680019379,
        "median": 2.73307657242,
        "min": -1.87501597404,
        "var": 696.949829102
    },
    "melbands_skewness": {
        "dmean": 0.355619341135,
        "dmean2": 0.504742205143,
        "dvar": 0.477859348059,
        "dvar2": 1.00446915627,
        "max": 17.5547237396,
        "mean": 1.20245337486,
        "median": 1.06600451469,
        "min": -3.13330626488,
        "var": 3.8217792511
    },
    "melbands_spread": {
        "dmean": 5.15748167038,
        "dmean2": 7.55204391479,
        "dvar": 135.062225342,
        "dvar2": 275.325469971,
        "max": 184.339920044,
        "mean": 25.2625160217,
        "median": 15.6665344238,
        "min": 0.946650028229,
        "var": 960.426818848
    },
    "pitch_salience": {
        "dmean": 0.0476889722049,
        "dmean2": 0.0757670551538,
        "dvar": 0.00559828057885,
        "dvar2": 0.0150553165004,
        "max": 0.902623295784,
        "mean": 0.459249764681,
        "median": 0.462559551001,
        "min": 0.0264121536165,
        "var": 0.0252878684551
    },
    "silence_rate_20dB": {
        "dmean": 0,
        "dmean2": 0,
        "dvar": 0,
        "dvar2": 0,
        "max": 1,
        "mean": 1,
        "median": 1,
        "min": 1,
        "var": 0
    },
    "silence_rate_30dB": {
        "dmean": 0.00206185574643,
        "dmean2": 0.00412583816797,
        "dvar": 0.00205764151178,
        "dvar2": 0.00410887552425,
        "max": 1,
        "mean": 0.997939229012,
        "median": 1,
        "min": 0,
        "var": 0.00205658772029
    },
    "silence_rate_60dB": {
        "dmean": 0.00618556700647,
        "dmean2": 0.0123775145039,
        "dvar": 0.00614724680781,
        "dvar2": 0.0153184840456,
        "max": 1,
        "mean": 0.533230304718,
        "median": 1,
        "min": 0,
        "var": 0.248890250921
    },
    "spectral_centroid": {
        "dmean": 145.670547485,
        "dmean2": 215.177230835,
        "dvar": 131943,
        "dvar2": 214248.0625,
        "max": 10874.3466797,
        "mean": 1594.88317871,
        "median": 1195.17712402,
        "min": 455.372039795,
        "var": 958427.3125
    },
    "spectral_complexity": {
        "dmean": 0.983505129814,
        "dmean2": 1.63383185863,
        "dvar": 2.10383915901,
        "dvar2": 5.44485616684,
        "max": 27,
        "mean": 9.49562072754,
        "median": 2,
        "min": 0,
        "var": 90.918182373
    },
    "spectral_decrease": {
        "dmean": 8.98536078875e-10,
        "dmean2": 1.35515421107e-09,
        "dvar": 2.52953030731e-18,
        "dvar2": 6.23271492572e-18,
        "max": -2.90568962755e-29,
        "mean": -4.74299310937e-09,
        "median": -1.57315938054e-10,
        "min": -2.86297670016e-08,
        "var": 3.43122988416e-17
    },
    "spectral_energy": {
        "dmean": 0.0035935707856,
        "dmean2": 0.00540388328955,
        "dvar": 3.86192732549e-05,
        "dvar2": 9.47926819208e-05,
        "max": 0.112628854811,
        "mean": 0.0189303047955,
        "median": 0.00119456450921,
        "min": 1.06352558138e-20,
        "var": 0.000535799132194
    },
    "spectral_energyband_high": {
        "dmean": 8.9076529548e-05,
        "dmean2": 0.000138115763548,
        "dvar": 9.24463492424e-08,
        "dvar2": 2.08428744486e-07,
        "max": 0.00448585301638,
        "mean": 0.000126303260913,
        "median": 4.75988090329e-05,
        "min": 7.57262686601e-21,
        "var": 1.07444243724e-07
    },
    "spectral_energyband_low": {
        "dmean": 0.00117264001165,
        "dmean2": 0.00207548239268,
        "dvar": 6.27022745903e-06,
        "dvar2": 2.07156917895e-05,
        "max": 0.0331419222057,
        "mean": 0.00262152357027,
        "median": 5.85280872656e-07,
        "min": 8.45801327122e-23,
        "var": 1.92612515093e-05
    },
    "spectral_energyband_middle_high": {
        "dmean": 0.000883327738848,
        "dmean2": 0.0013525665272,
        "dvar": 2.24037080443e-06,
        "dvar2": 4.87072338728e-06,
        "max": 0.0226869359612,
        "mean": 0.00313003663905,
        "median": 0.000571228330955,
        "min": 1.49843757867e-21,
        "var": 1.48396093209e-05
    },
    "spectral_energyband_middle_low": {
        "dmean": 0.00315634487197,
        "dmean2": 0.00437750760466,
        "dvar": 3.33747193508e-05,
        "dvar2": 7.52553241909e-05,
        "max": 0.0974533185363,
        "mean": 0.0135110579431,
        "median": 8.82243257365e-05,
        "min": 3.48797916335e-22,
        "var": 0.000319640763337
    },
    "spectral_entropy": {
        "dmean": 0.208663493395,
        "dmean2": 0.318144857883,
        "dvar": 0.320629537106,
        "dvar2": 0.714479744434,
        "max": 9.80736923218,
        "mean": 6.05400800705,
        "median": 6.49883747101,
        "min": 3.46028614044,
        "var": 1.69544482231
    },
    "spectral_flux": {
        "dmean": 0.0082602314651,
        "dmean2": 0.0134630147368,
        "dvar": 0.000143952594954,
        "dvar2": 0.000378200114937,
        "max": 0.189920514822,
        "mean": 0.037876252085,
        "median": 0.0204283110797,
        "min": 1.03127374695e-10,
        "var": 0.00155010889284
    },
    "spectral_kurtosis": {
        "dmean": 4.72918844223,
        "dmean2": 8.09427261353,
        "dvar": 33.9992523193,
        "dvar2": 88.8135528564,
        "max": 69.8219680786,
        "mean": 12.184923172,
        "median": 9.90193939209,
        "min": -1.15964543819,
        "var": 101.869407654
    },
    "spectral_rms": {
        "dmean": 0.000316691148328,
        "dmean2": 0.00046194231254,
        "dvar": 2.15086018329e-07,
        "dvar2": 5.20131891335e-07,
        "max": 0.0104824528098,
        "mean": 0.00306045170873,
        "median": 0.00107955024578,
        "min": 3.2211579324e-12,
        "var": 9.10218841454e-06
    },
    "spectral_rolloff": {
        "dmean": 460.72277832,
        "dmean2": 798.005249023,
        "dvar": 2280783.5,
        "dvar2": 3852361,
        "max": 19121.484375,
        "mean": 2626.20849609,
        "median": 1313.52539062,
        "min": 21.533203125,
        "var": 10481633
    },
    "spectral_skewness": {
        "dmean": 0.43676918745,
        "dmean2": 0.735306978226,
        "dvar": 0.264607548714,
        "dvar2": 0.647311627865,
        "max": 7.09333086014,
        "mean": 2.41751718521,
        "median": 2.27180886269,
        "min": -0.0050459834747,
        "var": 0.977598428726
    },
    "spectral_spread": {
        "dmean": 461919.6875,
        "dmean2": 676722,
        "dvar": 1.24214417818e+12,
        "dvar2": 1.7172683817e+12,
        "max": 39963352,
        "mean": 3597034.25,
        "median": 2614474,
        "min": 894814.9375,
        "var": 5.55596801638e+12
    },
    "spectral_strongpeak": {
        "dmean": 0.743636667728,
        "dmean2": 1.23371553421,
        "dvar": 4.36046028137,
        "dvar2": 10.0948429108,
        "max": 25.2420864105,
        "mean": 1.45595431328,
        "median": 1.01473760605,
        "min": 0,
        "var": 4.7360124588
    },
    "zerocrossingrate": {
        "dmean": 0.0126291178167,
        "dmean2": 0.0134303783998,
        "dvar": 0.000980333192274,
        "dvar2": 0.00109169376083,
        "max": 0.5029296875,
        "mean": 0.0849327594042,
        "median": 0.0537109375,
        "min": 0,
        "var": 0.00615281797945
    },
    "barkbands": {
        "dmean": [9.69949837781e-07, 0.000759126443882, 0.000418022333179, 0.000468909711344, 0.000861961976625, 0.000656317628454, 0.00170525745489, 0.00101590412669, 0.000632113078609, 0.000451431755209, 0.000313741795253, 0.000219228269998, 0.000259959284449, 7.46899095247e-05, 0.000152625711053, 9.43830382312e-05, 0.000103928789031, 3.22351443174e-05, 5.47079871467e-05, 3.34610631398e-05, 9.69685515884e-06, 1.02677622635e-05, 5.6139751905e-06, 1.03501861304e-05, 3.10303585138e-05, 1.48348053699e-05, 3.49724274429e-07],
        "dmean2": [1.74205365511e-06, 0.00133344973437, 0.000738600327168, 0.000829396012705, 0.00147315498907, 0.00087779230671, 0.00198732083663, 0.00156566279475, 0.000801387242973, 0.000615354860201, 0.00048577747657, 0.000324108987115, 0.000417710834881, 0.000112855472253, 0.000256288680248, 0.000163469376275, 0.000173985084984, 5.47846393602e-05, 9.53707203735e-05, 5.6177683291e-05, 1.63982476806e-05, 1.61329371622e-05, 9.24601863517e-06, 1.85920252989e-05, 4.6191347792e-05, 2.22027574637e-05, 4.9445662853e-07],
        "dvar": [4.74927562555e-12, 2.77751064459e-06, 8.50198148328e-07, 1.291947342e-06, 3.39393659488e-06, 2.2367062229e-06, 1.14379872684e-05, 6.14184409642e-06, 1.52491475092e-06, 9.85396695796e-07, 6.46923467684e-07, 3.34947912961e-07, 4.40552526015e-07, 2.00629433067e-08, 9.70175975112e-08, 4.0824904346e-08, 3.48073641021e-08, 1.12531592933e-08, 1.14949179064e-08, 7.67502505994e-09, 2.75802686245e-10, 6.0329269358e-10, 5.91599269573e-10, 6.4861187532e-09, 4.46747741023e-08, 1.625903856e-08, 1.17832896218e-11],
        "dvar2": [1.41593004682e-11, 9.09906884772e-06, 2.7176090498e-06, 3.80780784326e-06, 1.00445658973e-05, 3.84679742638e-06, 1.64272350958e-05, 1.64873599715e-05, 2.42344231083e-06, 1.73834087036e-06, 1.42014528137e-06, 8.0203676589e-07, 1.04919035948e-06, 4.43463008537e-08, 2.67934211706e-07, 1.1993519422e-07, 9.90935262735e-08, 3.02782972028e-08, 3.28143485717e-08, 2.06383212742e-08, 6.9957728499e-10, 1.33468158747e-09, 1.49219481216e-09, 1.83053678882e-08, 9.62219743883e-08, 3.66498369431e-08, 2.44380939096e-11],
        "max": [2.3099286409e-05, 0.0226923152804, 0.010911013931, 0.0202241800725, 0.0358285494149, 0.0537402704358, 0.0928325951099, 0.0352078452706, 0.0190024487674, 0.0208821408451, 0.0166872497648, 0.0129406098276, 0.0114856595173, 0.00212913751602, 0.00392086617649, 0.00254084728658, 0.00244702445343, 0.00274475314654, 0.00139849737752, 0.00132478808518, 0.000194849999389, 0.000383373931982, 0.000453513144748, 0.00115700205788, 0.0037535415031, 0.00213164347224, 7.1857808507e-05],
        "mean": [9.20654372294e-07, 0.00166112498846, 0.000641044112854, 0.00065703940345, 0.00164153391961, 0.00238547194749, 0.00516124255955, 0.00195934460498, 0.0014606860932, 0.000994699308649, 0.000528345117345, 0.000413242640207, 0.000377896853024, 0.000162639218615, 0.000255867111264, 0.000157887479872, 0.000180488234037, 5.13689738e-05, 8.92385360203e-05, 5.17860607943e-05, 1.9022003471e-05, 1.80922252184e-05, 8.05506533652e-06, 8.84928704181e-06, 3.02585558529e-05, 1.37845918289e-05, 3.57996015055e-07],
        "median": [1.9095161008e-08, 1.71503558022e-07, 2.20780520976e-07, 1.24884621755e-07, 2.7564683478e-06, 4.63367632619e-06, 4.37221530092e-07, 4.61178342448e-06, 4.97565379192e-05, 6.06683861406e-05, 1.69099712366e-05, 1.42522358146e-05, 2.78368383988e-06, 2.59845535311e-07, 9.09695954761e-05, 5.09270794282e-05, 8.75918194652e-05, 7.36172114557e-06, 2.71759381576e-06, 9.91875276668e-06, 6.40826920062e-06, 7.92858099885e-06, 2.27568148148e-06, 1.24614246033e-06, 6.5420493911e-07, 1.3616839567e-07, 4.64751598317e-10],
        "min": [2.22014189043e-23, 4.06183028594e-23, 4.22491891617e-24, 5.90704914955e-23, 7.94432408914e-23, 6.25334204754e-23, 2.45619636786e-23, 2.07452652926e-23, 8.03697990453e-23, 4.52600929544e-23, 9.59632378024e-23, 7.012778441e-23, 9.5442362413e-23, 1.1367050193e-22, 2.51347265518e-22, 9.95982520556e-23, 2.04765306744e-22, 2.05430158715e-22, 2.44482156159e-22, 3.47067294348e-22, 5.3340896291e-22, 5.9578294513e-22, 5.8952683639e-22, 6.06971087981e-22, 1.28079820079e-21, 1.91490595245e-21, 2.03829177499e-21],
        "var": [4.16666354197e-12, 1.05875114969e-05, 1.33056937557e-06, 2.28716089623e-06, 1.05183198684e-05, 2.9872993764e-05, 8.43894376885e-05, 1.63163822435e-05, 6.24947233518e-06, 4.40991834694e-06, 1.31369733936e-06, 8.1516748196e-07, 6.96465178862e-07, 8.06241473583e-08, 1.64326863228e-07, 6.82227749849e-08, 6.12206463302e-08, 1.49349332901e-08, 2.19362874532e-08, 1.24990018335e-08, 7.23205439979e-10, 1.06800357447e-09, 6.28490759436e-10, 3.940403559e-09, 5.24914796074e-08, 1.72754237582e-08, 1.46918172073e-11]
    },
    "erbbands": {
        "dmean": [0.0057413475588, 0.215274214745, 0.555867373943, 1.04132568836, 1.43082439899, 4.35482311249, 3.38322710991, 5.86057949066, 15.2958946228, 39.8529510498, 12.6162614822, 17.4720840454, 7.69351243973, 15.497959137, 12.5523920059, 9.16216468811, 13.5926532745, 3.74637031555, 7.56722402573, 6.63383960724, 4.49977445602, 4.11488056183, 2.36698722839, 2.20593953133, 2.33167028427, 2.22552514076, 0.439992636442, 0.397411167622, 0.300103843212, 0.258141249418, 0.144820407033, 0.0960509479046, 0.282004207373, 0.269359409809, 0.146562919021, 0.112177200615, 0.0323902145028, 0.00124416011386, 4.52331878478e-05, 6.41893075226e-06],
        "dmean2": [0.0095646828413, 0.37834790349, 0.977855503559, 1.87963604927, 2.45106244087, 7.57341241837, 4.77725696564, 8.11046123505, 16.5989990234, 57.4827651978, 16.9208965302, 22.4304161072, 9.74843406677, 22.1614341736, 19.1342754364, 14.187456131, 21.842874527, 5.94457912445, 12.4552993774, 11.1467142105, 7.68402910233, 6.9888420105, 3.9436545372, 3.81679701805, 4.09421730042, 3.73464870453, 0.74811321497, 0.665173828602, 0.469478756189, 0.394210040569, 0.237304061651, 0.166193127632, 0.505542933941, 0.445692181587, 0.212906703353, 0.158679515123, 0.0473103225231, 0.00175973703153, 6.40474827378e-05, 9.49848163145e-06],
        "dvar": [0.000164389493875, 0.222104012966, 1.4562908411, 6.18673706055, 8.14377498627, 97.7677612305, 39.1774749756, 187.130859375, 1376.32495117, 8909.53125, 710.046264648, 1215.36669922, 456.301605225, 1171.69006348, 862.714172363, 725.979980469, 1206.82653809, 51.7403068542, 300.575408936, 219.27696228, 76.4966888428, 58.2409820557, 29.0934562683, 23.8410930634, 24.4041557312, 36.0298271179, 0.592129588127, 0.623283922672, 0.462752103806, 0.85714006424, 0.412795901299, 0.147642344236, 5.78875303268, 4.2925453186, 1.34740507603, 0.724121451378, 0.0827778801322, 6.14264645264e-05, 8.25506347724e-08, 2.59256976998e-10],
        "dvar2": [0.000456621928606, 0.732722043991, 4.84065580368, 18.9186458588, 22.5992107391, 295.880981445, 80.4562454224, 373.786102295, 1464.45336914, 20679.6074219, 1272.01916504, 1942.76062012, 631.136901855, 2189.57714844, 1904.95141602, 1840.48413086, 2885.07397461, 119.623901367, 813.386657715, 637.890258789, 225.053741455, 168.531768799, 78.0366744995, 67.5642318726, 72.6079483032, 96.7846069336, 1.61567723751, 1.54344594479, 1.0204539299, 1.88930428028, 1.03829216957, 0.408089488745, 16.3916568756, 10.9310779572, 2.81857252121, 1.49703168869, 0.187363415956, 0.00013234418293, 1.77387022404e-07, 5.76219294501e-10],
        "max": [0.232341840863, 6.39585161209, 14.4332685471, 42.7463035583, 46.2765426636, 211.583526611, 143.031204224, 462.886749268, 1379.17675781, 1668.65087891, 638.850524902, 544.890808105, 682.618774414, 787.427856445, 615.14251709, 669.389404297, 604.757873535, 115.05166626, 241.72605896, 233.710296631, 114.528518677, 95.9523544312, 120.899139404, 61.4058876038, 52.0858879089, 90.7537536621, 7.92835235596, 11.4125757217, 11.3077507019, 15.3216257095, 12.2765741348, 6.00402784348, 34.4948883057, 37.8358764648, 22.4567298889, 16.0259494781, 4.83268165588, 0.122477337718, 0.00494259875268, 0.000198310255655],
        "mean": [0.0182713344693, 0.463199287653, 0.949753761292, 1.47915065289, 2.66914606094, 7.51403808594, 9.91072750092, 21.3387565613, 52.9227676392, 91.0608062744, 34.4014396667, 40.2906303406, 20.1143703461, 32.2252044678, 25.188117981, 17.9006652832, 20.0008354187, 8.49296188354, 13.8526239395, 11.4892959595, 8.04655456543, 7.27844572067, 4.30083179474, 3.80956554413, 4.05382442474, 3.5569331646, 0.843005180359, 0.797352969646, 0.602697134018, 0.403852820396, 0.209773257375, 0.135515674949, 0.20473138988, 0.229148209095, 0.149763450027, 0.116176858544, 0.0306776743382, 0.00125739001669, 5.34496466571e-05, 2.40115696215e-05],
        "median": [2.14552733269e-06, 5.24031602254e-05, 0.000252919911873, 0.000411983957747, 0.000515797117259, 0.00543018290773, 0.0576971359551, 0.0168769415468, 0.00724568683654, 0.0194802898914, 0.176634013653, 1.39927077293, 1.86306059361, 0.613968849182, 0.820491850376, 0.735785067081, 0.20436732471, 0.331079572439, 4.95051002502, 4.27170228958, 3.33864855766, 4.01963615417, 1.69619810581, 0.257136434317, 0.170780748129, 0.491738468409, 0.28136613965, 0.302313864231, 0.281186074018, 0.156161993742, 0.0758533030748, 0.0352411605418, 0.0157715510577, 0.00884156022221, 0.00345873786137, 0.00112576445099, 0.000217824548599, 1.81667310244e-05, 1.24333264466e-05, 6.24926042292e-06],
        "min": [2.13619029685e-21, 5.49947839471e-21, 5.63759453489e-21, 1.04468775462e-19, 2.63354403003e-19, 2.56334146994e-19, 4.19945974362e-19, 4.50661697898e-19, 2.50499654393e-19, 4.24278849809e-19, 5.34809075553e-19, 1.84909174222e-18, 1.90357089133e-18, 2.68413739483e-18, 4.02942258405e-18, 2.43687180983e-18, 4.66702373997e-18, 6.18024851383e-18, 1.35078147352e-17, 7.44657186896e-18, 6.09751266819e-18, 1.23791069371e-17, 1.25847638897e-17, 8.42267890618e-18, 1.41870871825e-17, 1.70996496763e-17, 2.61850458369e-17, 1.72151075462e-17, 2.06289861589e-17, 1.75733743587e-17, 1.50239342277e-17, 1.38014117403e-17, 1.13967348339e-17, 1.32832418164e-17, 9.54276830954e-18, 6.98829230291e-18, 3.49586668713e-18, 1.38192184574e-18, 2.47012467725e-19, 3.21408555644e-20],
        "var": [0.0014173934469, 0.794805288315, 2.57548475266, 9.0730342865, 23.3906993866, 289.770233154, 312.436004639, 2225.59692383, 14818.2265625, 30440.7089844, 3986.07104492, 4860.01513672, 2009.70727539, 4701.31494141, 2131.3046875, 1574.01220703, 1884.74865723, 189.862960815, 528.688293457, 333.51574707, 137.346511841, 93.9384384155, 45.6694488525, 45.5673103333, 45.1241950989, 58.8375473022, 1.32015573978, 1.58941316605, 1.11576843262, 1.228556633, 0.422390311956, 0.123651914299, 3.48600292206, 3.53475546837, 1.68101155758, 0.897915005684, 0.0867507308722, 7.17733419151e-05, 9.6338936828e-08, 8.60336191177e-10]
    },
    "gfcc": {
        "mean": [-262.217590332, 45.1708869934, -173.162399292, -6.62751054764, -63.3374099731, 16.9150257111, -22.5797405243, 12.666683197, -4.76481533051, -9.43039989471, -22.9744167328, 1.82477355003, 1.69223773479],
        "cov": [[72610.1171875, 23565.6953125, 4394.36132812, 4799.79296875, -842.673950195, -5527.06152344, -2200.58496094, -1981.05419922, -1453.70422363, 1859.28686523, 3084.10400391, -2325.03881836, -1651.97692871], [23565.6953125, 13453.6367188, 2820.80200195, 1978.51953125, 5.99485635757, -2519.22998047, -545.363952637, -1294.45214844, -425.772827148, 862.428039551, 1971.58007812, -1282.8581543, -730.212463379], [4394.36132812, 2820.80200195, 2362.06835938, 833.684082031, 120.881561279, -718.678894043, -328.565124512, -324.332275391, -504.554016113, 489.216888428, 613.910644531, -122.957611084, -445.568786621], [4799.79296875, 1978.51953125, 833.684082031, 822.642089844, -67.2098083496, -759.040893555, -166.105773926, -62.7643814087, -165.156982422, 124.865249634, 288.148345947, -145.579803467, -134.34576416], [-842.673950195, 5.99485635757, 120.881561279, -67.2098083496, 554.894897461, 79.5700912476, -274.702667236, -30.3940315247, -16.369134903, 38.6817436218, 99.0947113037, 77.4046707153, -27.8168830872], [-5527.06152344, -2519.22998047, -718.678894043, -759.040893555, 79.5700912476, 1159.00231934, 240.848709106, 10.1548910141, 71.4529571533, -144.568130493, -232.147583008, 236.853347778, 107.072181702], [-2200.58496094, -545.363952637, -328.565124512, -166.105773926, -274.702667236, 240.848709106, 577.78717041, 122.202453613, 59.3140678406, -141.149871826, -106.682807922, 65.5999145508, 40.9698600769], [-1981.05419922, -1294.45214844, -324.332275391, -62.7643814087, -30.3940315247, 10.1548910141, 122.202453613, 439.614044189, 72.5648269653, -301.08114624, -194.602203369, 247.903366089, 33.9340553284], [-1453.70422363, -425.772827148, -504.554016113, -165.156982422, -16.369134903, 71.4529571533, 59.3140678406, 72.5648269653, 329.714782715, -38.0427055359, -229.524215698, -50.3587265015, 183.701293945], [1859.28686523, 862.428039551, 489.216888428, 124.865249634, 38.6817436218, -144.568130493, -141.149871826, -301.08114624, -38.0427055359, 755.206970215, 48.6627349854, -553.495239258, 15.7723913193], [3084.10400391, 1971.58007812, 613.910644531, 288.148345947, 99.0947113037, -232.147583008, -106.682807922, -194.602203369, -229.524215698, 48.6627349854, 681.494384766, -54.7808990479, -324.573669434], [-2325.03881836, -1282.8581543, -122.957611084, -145.579803467, 77.4046707153, 236.853347778, 65.5999145508, 247.903366089, -50.3587265015, -553.495239258, -54.7808990479, 691.907409668, -32.8473014832], [-1651.97692871, -730.212463379, -445.568786621, -134.34576416, -27.8168830872, 107.072181702, 40.9698600769, 33.9340553284, 183.701293945, 15.7723913193, -324.573669434, -32.8473014832, 357.183044434]],
        "icov": [[9.75800430751e-05, -0.000265055103227, 0.000359229452442, -0.000372649810743, 0.000321647297824, -0.000211419115658, 0.000437355716713, -0.000281251152046, 0.00040727306623, -0.000510468962602, 0.0003454379912, -0.000416153721744, 0.000371087429812], [-0.000265055103227, 0.001224179985, -0.00118727621157, 0.0010287433397, -0.00107563717756, 0.00143950944766, -0.00155538180843, 0.0019349467475, -0.00152105197776, 0.00204243184999, -0.00179538410157, 0.0017944755964, -0.00111240998376], [0.000359229452442, -0.00118727621157, 0.00286470958963, -0.00230689882301, 0.00114029052202, -0.000894174852874, 0.00171003409196, -0.00108405936044, 0.00242560030892, -0.003592627123, 0.00162283272948, -0.00302485958673, 0.00231145881116], [-0.000372649810743, 0.0010287433397, -0.00230689882301, 0.00573135353625, -0.00081964302808, 0.00292831263505, -0.00160155689809, 0.000817722873762, -0.000959812896326, 0.0026360868942, -0.00204544723965, 0.00215935544111, -0.0024609467946], [0.000321647297824, -0.00107563717756, 0.00114029052202, -0.00081964302808, 0.00408721948043, -0.00142209150363, 0.00315669644624, -0.00196720985696, 0.00100020924583, -0.00255904230289, 0.000583259388804, -0.00233426713385, 0.000886149005964], [-0.000211419115658, 0.00143950944766, -0.000894174852874, 0.00292831263505, -0.00142209150363, 0.00461614690721, -0.00233951536939, 0.00336656835862, -0.000852983270306, 0.00181631697342, -0.0020655808039, 0.00118994840886, -0.00100405828562], [0.000437355716713, -0.00155538180843, 0.00171003409196, -0.00160155689809, 0.00315669644624, -0.00233951536939, 0.00517333624884, -0.00295605859719, 0.00182140967809, -0.00261262059212, 0.00173798494507, -0.00217634369619, 0.00156618177425], [-0.000281251152046, 0.0019349467475, -0.00108405936044, 0.000817722873762, -0.00196720985696, 0.00336656835862, -0.00295605859719, 0.00791350845248, -0.00223893136717, 0.00371995824389, -0.00135570857674, 0.00183802214451, -4.0624581743e-05], [0.00040727306623, -0.00152105197776, 0.00242560030892, -0.000959812896326, 0.00100020924583, -0.000852983270306, 0.00182140967809, -0.00223893136717, 0.00780036626384, -0.00230285711586, 0.00279022869654, -0.00145371595863, 0.000267970375717], [-0.000510468962602, 0.00204243184999, -0.003592627123, 0.0026360868942, -0.00255904230289, 0.00181631697342, -0.00261262059212, 0.00371995824389, -0.00230285711586, 0.00909713376313, -0.00202120351605, 0.00738156400621, -0.0028482764028], [0.0003454379912, -0.00179538410157, 0.00162283272948, -0.00204544723965, 0.000583259388804, -0.0020655808039, 0.00173798494507, -0.00135570857674, 0.00279022869654, -0.00202120351605, 0.00648703472689, -0.00205100234598, 0.00413676397875], [-0.000416153721744, 0.0017944755964, -0.00302485958673, 0.00215935544111, -0.00233426713385, 0.00118994840886, -0.00217634369619, 0.00183802214451, -0.00145371595863, 0.00738156400621, -0.00205100234598, 0.00821671914309, -0.00236724503338], [0.000371087429812, -0.00111240998376, 0.00231145881116, -0.0024609467946, 0.000886149005964, -0.00100405828562, 0.00156618177425, -4.0624581743e-05, 0.000267970375717, -0.0028482764028, 0.00413676397875, -0.00236724503338, 0.00792316999286]]
    },
    "melbands": {
        "dmean": [0.00012979847088, 0.000303309614537, 0.000176919333171, 0.000197488727281, 0.000135480222525, 0.000132495013531, 0.000257570820395, 0.000396443181671, 0.000100610974187, 9.61385740084e-05, 3.89392116631e-05, 6.61886733724e-05, 4.85456112074e-05, 2.8377142371e-05, 2.74284084298e-05, 1.90368700714e-05, 7.17982084097e-06, 1.16320006782e-05, 8.26264385978e-06, 8.71271458891e-06, 5.19370996699e-06, 4.61223044113e-06, 4.23150686402e-06, 1.99143664759e-06, 1.79585333626e-06, 2.42332362177e-06, 1.03045363176e-06, 1.51778328927e-06, 3.11706372713e-07, 1.70155274759e-07, 2.99261529335e-07, 1.75509413225e-07, 1.94917717522e-07, 1.35021949177e-07, 1.03555365172e-07, 5.89321018651e-08, 4.62670008972e-08, 1.81497185281e-07, 1.77278323577e-07, 2.52132593914e-07],
        "dmean2": [0.000224137285841, 0.000535459199455, 0.00031181430677, 0.000338959594956, 0.000207315053558, 0.000179576745722, 0.000281568965875, 0.000585149216931, 0.000128761937958, 0.000123844802147, 4.93779771205e-05, 9.43338964134e-05, 7.44911303627e-05, 4.17400442529e-05, 4.42398486484e-05, 3.09571223625e-05, 1.11058716357e-05, 1.88766043721e-05, 1.3830239368e-05, 1.48878534674e-05, 8.83126267581e-06, 7.87339195085e-06, 6.9922948569e-06, 3.39024677487e-06, 3.12564247906e-06, 4.22893162977e-06, 1.77897288722e-06, 2.53779103332e-06, 5.40137023108e-07, 2.91615350534e-07, 5.04951174207e-07, 2.82403135543e-07, 2.96820644508e-07, 2.12796493315e-07, 1.69282330376e-07, 1.01584099355e-07, 8.22132335543e-08, 3.29079711037e-07, 3.0616106983e-07, 4.15463460968e-07],
        "dvar": [8.11880696006e-08, 4.3085972834e-07, 1.69434954955e-07, 1.67968366327e-07, 7.43165742279e-08, 9.9902493389e-08, 3.32464708208e-07, 9.06607567686e-07, 3.96292527682e-08, 3.61049572462e-08, 1.12979794409e-08, 2.23980851644e-08, 1.51475116894e-08, 4.75078154594e-09, 3.95011534593e-09, 2.21786344845e-09, 2.00651634197e-10, 6.70744348952e-10, 2.45255316056e-10, 3.93644644658e-10, 1.10449420443e-10, 1.07831250873e-10, 8.23412657502e-11, 6.66590185827e-11, 1.87686931968e-11, 2.39347430764e-11, 4.08125313059e-12, 1.70674602923e-11, 4.12444058941e-13, 1.19138843214e-13, 3.90531411463e-13, 1.77011440987e-13, 4.46588458488e-13, 2.45568349726e-13, 2.85312463759e-13, 6.97109064267e-14, 3.33958866962e-14, 2.6428943669e-12, 1.4135190414e-12, 4.12766435615e-12],
        "dvar2": [2.53648494208e-07, 1.45469539348e-06, 5.02177442741e-07, 4.97870871641e-07, 1.92564073132e-07, 1.79728402827e-07, 3.68309684973e-07, 2.21154095925e-06, 6.1633443238e-08, 5.86296877714e-08, 1.57738320183e-08, 4.19676844388e-08, 3.31614167237e-08, 1.1175425918e-08, 9.48634593101e-09, 5.32351807081e-09, 4.40761094289e-10, 1.80233261649e-09, 6.83407330726e-10, 1.15505294218e-09, 3.24682114528e-10, 3.18046311509e-10, 2.13618886469e-10, 1.79933304367e-10, 5.35482422293e-11, 6.91339971381e-11, 1.13437020194e-11, 4.57902778195e-11, 1.1438168121e-12, 3.19386227535e-13, 9.90769423968e-13, 4.19758086796e-13, 9.63879041686e-13, 5.85694578774e-13, 6.9842027127e-13, 1.83695018832e-13, 9.64707778722e-14, 7.49301315439e-12, 3.76760775356e-12, 1.06459363894e-11],
        "max": [0.00420677149668, 0.0081989383325, 0.00691423006356, 0.00748502183706, 0.0049205343239, 0.0123882154003, 0.02138967067, 0.0165061429143, 0.00522255292162, 0.00285528157838, 0.00339874369092, 0.00344136124477, 0.00256200134754, 0.00136515358463, 0.000970808614511, 0.000831037759781, 0.000257906096522, 0.000373630231479, 0.000197594228666, 0.000232022095588, 0.000131013526698, 0.000135280046379, 8.77157071955e-05, 0.000214924817556, 5.76149795961e-05, 5.13526465511e-05, 2.70482687483e-05, 6.13756128587e-05, 7.73641113483e-06, 4.36439449913e-06, 8.1854959717e-06, 5.89762430536e-06, 1.22161582112e-05, 7.35698540666e-06, 1.10462688099e-05, 4.67860445497e-06, 2.39306700678e-06, 2.33389400819e-05, 1.46732290887e-05, 3.49336951331e-05],
        "mean": [0.000329800095642, 0.00057621015003, 0.000281561835436, 0.000366916356143, 0.000367092259694, 0.000483726325911, 0.00087655155221, 0.000873278302606, 0.000268772535492, 0.000218816465349, 9.35354764806e-05, 0.000133071443997, 8.64155372255e-05, 5.69914482185e-05, 4.28638195444e-05, 2.93247976515e-05, 1.49242623593e-05, 2.16007083509e-05, 1.45548865476e-05, 1.46337524711e-05, 8.70543317433e-06, 7.68531845097e-06, 7.13070539859e-06, 2.96930898003e-06, 2.86588169729e-06, 3.87589489037e-06, 1.74259116648e-06, 2.30316163652e-06, 4.97174994507e-07, 2.94916503663e-07, 5.5560144574e-07, 3.34615378961e-07, 3.10405368964e-07, 1.92930087906e-07, 1.39669310784e-07, 8.62794209411e-08, 6.46531717052e-08, 1.26695752556e-07, 1.4410318272e-07, 2.10129215361e-07],
        "median": [3.90321304167e-08, 1.19405399346e-07, 7.06847060883e-08, 6.12772979025e-08, 1.60976412644e-06, 4.94896085002e-07, 9.54173913215e-08, 2.9072742791e-07, 1.0421680372e-06, 9.42633414525e-06, 8.38308005768e-06, 2.37914787249e-06, 2.41445832216e-06, 2.73988848676e-06, 1.59917044584e-06, 2.28752554676e-07, 1.67063163303e-08, 6.48598006592e-06, 6.02842783337e-06, 4.98909184898e-06, 2.35863785747e-06, 3.21486436405e-06, 1.51590506903e-06, 1.18571898966e-08, 7.31286275979e-09, 9.34751085424e-08, 1.0879065826e-07, 2.23171412017e-07, 9.9360605077e-08, 6.90142698545e-08, 9.14806506103e-08, 1.28013937228e-07, 5.68993598904e-08, 3.23829532078e-08, 3.50658844184e-08, 1.79961574531e-08, 1.53827190985e-08, 7.3674488732e-09, 7.67784680278e-09, 5.39830802282e-09],
        "min": [1.60767233466e-23, 3.78378553139e-24, 2.31070233349e-23, 2.01743161683e-23, 1.3739251176e-23, 1.06423970435e-23, 3.89497626484e-24, 4.70104064868e-24, 4.03930112846e-24, 1.2995334832e-23, 9.28722788273e-24, 9.85429028926e-24, 1.26528477146e-23, 8.28863647294e-24, 8.67448648549e-24, 1.01719338102e-23, 1.03914130578e-23, 2.20438344722e-23, 1.14754807022e-23, 8.77107855903e-24, 6.10914987032e-24, 1.39437270781e-23, 9.60017925902e-24, 1.10766965262e-23, 5.82397231435e-24, 1.0641713101e-23, 8.04010032273e-24, 1.26326907407e-23, 1.85531028785e-23, 1.12275574969e-23, 9.84668645899e-24, 1.10993746995e-23, 1.18558970408e-23, 8.55670955234e-24, 7.28969954208e-24, 1.27815756148e-23, 6.19739421776e-24, 6.75831968088e-24, 1.02574526432e-23, 1.18295396202e-23],
        "var": [4.35300876234e-07, 9.88151214187e-07, 3.15520026106e-07, 5.1169422477e-07, 4.03561159601e-07, 1.32243053486e-06, 3.43621059073e-06, 2.84605539491e-06, 2.36089235273e-07, 1.42223711919e-07, 4.89274221138e-08, 8.79171295765e-08, 3.19927160319e-08, 1.29426496187e-08, 7.41571426488e-09, 3.59048968335e-09, 7.43832329064e-10, 1.24657384415e-09, 4.39784791917e-10, 6.16591666613e-10, 1.95836916128e-10, 1.64819533022e-10, 1.65180980005e-10, 8.32256208394e-11, 3.57958801489e-11, 4.35303008917e-11, 7.05656410041e-12, 2.76930162829e-11, 7.422631303e-13, 2.37220779045e-13, 9.27385338662e-13, 3.91211883851e-13, 6.99307040226e-13, 3.16412315186e-13, 3.00123993583e-13, 7.76156686122e-14, 2.51650574836e-14, 1.58671903741e-12, 1.02183073201e-12, 3.32141150521e-12]
    },
    "mfcc": {
        "mean": [-858.559204102, 91.0492935181, -25.9309196472, -6.70584583282, -12.006272316, -2.0633494854, -9.92820930481, 9.17317295074, 13.2803182602, 1.66063511372, -7.7902507782, -6.34645414352, 2.7694439888],
        "cov": [[44235.0234375, 17466.3808594, 367.809967041, 4398.36181641, -416.225189209, -591.807373047, -4.48358821869, -2299.91308594, -2939.95532227, 826.616638184, 1506.12744141, 1264.81237793, 868.145324707], [17466.3808594, 8628.53515625, 406.386749268, 2029.42541504, -120.072067261, -265.118438721, 58.8517723083, -1136.75549316, -1501.02404785, 425.482208252, 758.817626953, 621.018310547, 370.20022583], [367.809967041, 406.386749268, 367.873809814, 136.206558228, -29.3164997101, -30.2715454102, 48.3016281128, -110.304412842, -171.412872314, 17.8791313171, 108.314575195, 42.8565750122, -8.36765384674], [4398.36181641, 2029.42541504, 136.206558228, 752.938903809, -49.2656669617, -169.825820923, -3.84098601341, -266.372955322, -347.765228271, 97.7663497925, 195.845947266, 228.508117676, 49.8723068237], [-416.225189209, -120.072067261, -29.3164997101, -49.2656669617, 293.279541016, 29.0841579437, -74.2192687988, -96.1532287598, 4.9105629921, 6.11873149872, 37.0087280273, 29.3983745575, 50.8116836548], [-591.807373047, -265.118438721, -30.2715454102, -169.825820923, 29.0841579437, 207.92427063, 62.7898025513, -37.9730453491, -9.33306980133, 29.3301467896, -10.6017208099, -107.751525879, 56.4804801941], [-4.48358821869, 58.8517723083, 48.3016281128, -3.84098601341, -74.2192687988, 62.7898025513, 250.231185913, -1.71169090271, -177.397598267, 17.2549991608, 46.7815666199, 14.2046079636, -27.6920089722], [-2299.91308594, -1136.75549316, -110.304412842, -266.372955322, -96.1532287598, -37.9730453491, -1.71169090271, 698.260192871, 168.024200439, -325.011749268, -275.60055542, 126.018287659, -23.0108127594], [-2939.95532227, -1501.02404785, -171.412872314, -347.765228271, 4.9105629921, -9.33306980133, -177.397598267, 168.024200439, 684.173706055, -5.40702009201, -191.669952393, -277.113067627, -66.1387863159], [826.616638184, 425.482208252, 17.8791313171, 97.7663497925, 6.11873149872, 29.3301467896, 17.2549991608, -325.011749268, -5.40702009201, 327.497589111, 150.912689209, -135.875946045, -83.6214752197], [1506.12744141, 758.817626953, 108.314575195, 195.845947266, 37.0087280273, -10.6017208099, 46.7815666199, -275.60055542, -191.669952393, 150.912689209, 248.244415283, 24.3611526489, -28.1669998169], [1264.81237793, 621.018310547, 42.8565750122, 228.508117676, 29.3983745575, -107.751525879, 14.2046079636, 126.018287659, -277.113067627, -135.875946045, 24.3611526489, 360.958892822, 51.714138031], [868.145324707, 370.20022583, -8.36765384674, 49.8723068237, 50.8116836548, 56.4804801941, -27.6920089722, -23.0108127594, -66.1387863159, -83.6214752197, -28.1669998169, 51.714138031, 250.915100098]],
