{
"lowlevel": {
    "average_loudness": 0.882217049599,
    "barkbands_crest": {
        "dmean": 2.22759366035,
        "dmean2": 3.69929218292,
        "dvar": 5.0530166626,
        "dvar2": 14.8476657867,
        "max": 26.6086044312,
        "mean": 13.178609848,
        "median": 12.5802116394,
        "min": 4.43547058105,
        "var": 20.3159809113
    },
    "barkbands_flatness_db": {
        "dmean": 0.0219734366983,
        "dmean2": 0.0365082547069,
        "dvar": 0.000429965235526,
        "dvar2": 0.00109077477828,
        "max": 0.596011936665,
        "mean": 0.3762126863,
        "median": 0.375611901283,
        "min": 0.0583580844104,
        "var": 0.00167831627186
    },
    "barkbands_kurtosis": {
        "dmean": 1.49438977242,
        "dmean2": 2.36987781525,
        "dvar": 8.01685237885,
        "dvar2": 14.8232364655,
        "max": 99.7610092163,
        "mean": 2.16043305397,
        "median": 0.779439687729,
        "min": -1.76142680645,
        "var": 28.2277984619
    },
    "barkbands_skewness": {
        "dmean": 0.363154262304,
        "dmean2": 0.54862511158,
        "dvar": 0.173827409744,
        "dvar2": 0.36730247736,
        "max": 4.2046380043,
        "mean": 0.52221763134,
        "median": 0.599992871284,
        "min": -9.3504743576,
        "var": 1.33286380768
    },
    "barkbands_spread": {
        "dmean": 0.888316810131,
        "dmean2": 1.46688652039,
        "dvar": 1.08347666264,
        "dvar2": 2.50093007088,
        "max": 33.23670578,
        "mean": 5.06612253189,
        "median": 4.8494181633,
        "min": 0.321113169193,
        "var": 4.34722900391
    },
    "dissonance": {
        "dmean": 0.0515838600695,
        "dmean2": 0.0880702733994,
        "dvar": 0.00236844690517,
        "dvar2": 0.00655124569312,
        "max": 0.497423917055,
        "mean": 0.346980333328,
        "median": 0.350331842899,
        "min": 0.101033218205,
        "var": 0.005345672369
    },
    "dynamic_complexity": 5.31017160416,
    "erbbands_crest": {
        "dmean": 2.2235262394,
        "dmean2": 3.41974973679,
        "dvar": 5.30796098709,
        "dvar2": 12.155292511,
        "max": 32.758556366,
        "mean": 16.5428676605,
        "median": 15.7371826172,
        "min": 3.13031315804,
        "var": 30.3568248749
    },
    "erbbands_flatness_db": {
        "dmean": 0.0170583408326,
        "dmean2": 0.026720719412,
        "dvar": 0.000328454771079,
        "dvar2": 0.000710663036443,
        "max": 0.600383877754,
        "mean": 0.404748558998,
        "median": 0.402060776949,
        "min": 0.0919244661927,
        "var": 0.0017151189968
    },
    "erbbands_kurtosis": {
        "dmean": 1.24413990974,
        "dmean2": 1.9027030468,
        "dvar": 5.06391954422,
        "dvar2": 9.94328975677,
        "max": 46.61561203,
        "mean": 1.84305334091,
        "median": 0.385672807693,
        "min": -1.74155712128,
        "var": 23.485250473
    },
    "erbbands_skewness": {
        "dmean": 0.360745847225,
        "dmean2": 0.549928724766,
        "dvar": 0.144333034754,
        "dvar2": 0.3276732862,
        "max": 3.89742302895,
        "mean": 0.0517846755683,
        "median": 0.10022136569,
        "min": -4.42539358139,
        "var": 1.21117317677
    },
    "erbbands_spread": {
        "dmean": 1.22318804264,
        "dmean2": 1.87115359306,
        "dvar": 1.91237926483,
        "dvar2": 3.86526870728,
        "max": 37.9326591492,
        "mean": 8.47525119781,
        "median": 8.39806842804,
        "min": 0.423721343279,
        "var": 10.6718597412
    },
    "hfc": {
        "dmean": 3.12218999863,
        "dmean2": 3.63333082199,
        "dvar": 39.8898582458,
        "dvar2": 53.1227607727,
        "max": 88.4182739258,
        "mean": 8.79078292847,
        "median": 3.8324136734,
        "min": 1.14729950961e-16,
        "var": 158.921203613
    },
    "melbands_crest": {
        "dmean": 2.35594749451,
        "dmean2": 3.88280630112,
        "dvar": 5.59406328201,
        "dvar2": 15.9188337326,
        "max": 32.1533546448,
        "mean": 15.0651187897,
        "median": 14.3680505753,
        "min": 2.00291728973,
        "var": 29.5498466492
    },
    "melbands_flatness_db": {
        "dmean": 0.0213311184198,
        "dmean2": 0.0349405780435,
        "dvar": 0.000494967098348,
        "dvar2": 0.00117978965864,
        "max": 0.653992950916,
        "mean": 0.464707911015,
        "median": 0.468170106411,
        "min": 0.00623891269788,
        "var": 0.00169354921672
    },
    "melbands_kurtosis": {
        "dmean": 1.50169122219,
        "dmean2": 2.41561126709,
        "dvar": 6.43935251236,
        "dvar2": 15.6465673447,
        "max": 45.2541885376,
        "mean": 2.31518626213,
        "median": 0.926380157471,
        "min": -1.79062747955,
        "var": 20.0185127258
    },
    "melbands_skewness": {
        "dmean": 0.335546404123,
        "dmean2": 0.50548094511,
        "dvar": 0.143918901682,
        "dvar2": 0.313135743141,
        "max": 4.76167201996,
        "mean": 0.710460603237,
        "median": 0.746621787548,
        "min": -6.1265912056,
        "var": 1.01531934738
    },
    "melbands_spread": {
        "dmean": 1.54733479023,
        "dmean2": 2.50594806671,
        "dvar": 12.1880187988,
        "dvar2": 17.0942821503,
        "max": 149.24571228,
        "mean": 8.53198337555,
        "median": 8.02193450928,
        "min": 1.15186297894,
        "var": 23.8425312042
    },
    "pitch_salience": {
        "dmean": 0.0477641746402,
        "dmean2": 0.0771332979202,
        "dvar": 0.00304778921418,
        "dvar2": 0.00767717463896,
        "max": 0.863522768021,
        "mean": 0.478842258453,
        "median": 0.48409512639,
        "min": 0.0795914679766,
        "var": 0.013256881386
    },
    "silence_rate_20dB": {
        "dmean": 0,
        "dmean2": 0,
        "dvar": 0,
        "dvar2": 0,
        "max": 1,
        "mean": 1,
        "median": 1,
        "min": 1,
        "var": 0
    },
    "silence_rate_30dB": {
        "dmean": 0.00103092787322,
        "dmean2": 0.00206291908398,
        "dvar": 0.0010298686102,
        "dvar2": 0.00205867621116,
        "max": 1,
        "mean": 0.998969614506,
        "median": 1,
        "min": 0,
        "var": 0.0010293390369
    },
    "silence_rate_60dB": {
        "dmean": 0.0288659799844,
        "dmean2": 0.0572460033,
        "dvar": 0.0280322935432,
        "dvar2": 0.0591272749007,
        "max": 1,
        "mean": 0.236476048827,
        "median": 0,
        "min": 0,
        "var": 0.180553689599
    },
    "spectral_centroid": {
        "dmean": 40.5422592163,
        "dmean2": 58.0312194824,
        "dvar": 60823.1367188,
        "dvar2": 61322.6445312,
        "max": 11412.9697266,
        "mean": 546.054992676,
        "median": 502.475921631,
        "min": 316.143768311,
        "var": 80673.2265625
    },
    "spectral_complexity": {
        "dmean": 0.996907234192,
        "dmean2": 1.64053630829,
        "dvar": 1.88452517986,
        "dvar2": 3.69287061691,
        "max": 17,
        "mean": 7.80422449112,
        "median": 8,
        "min": 0,
        "var": 12.3759069443
    },
    "spectral_decrease": {
        "dmean": 1.28176402825e-09,
        "dmean2": 1.63245728046e-09,
        "dvar": 5.1034421632e-18,
        "dvar2": 7.68382960252e-18,
        "max": -1.57659706735e-28,
        "mean": -3.9906109528e-09,
        "median": -1.95157556782e-09,
        "min": -2.70676263625e-08,
        "var": 2.34805738611e-17
    },
    "spectral_energy": {
        "dmean": 0.00511636678129,
        "dmean2": 0.00648185191676,
        "dvar": 8.2219397882e-05,
        "dvar2": 0.0001227472967,
        "max": 0.110179357231,
        "mean": 0.0158588327467,
        "median": 0.00772166717798,
        "min": 1.1001396326e-20,
        "var": 0.000374765630113
    },
    "spectral_energyband_high": {
        "dmean": 1.01182742185e-07,
        "dmean2": 1.52099900674e-07,
        "dvar": 1.19406166812e-13,
        "dvar2": 2.49173267739e-13,
        "max": 1.05425779111e-05,
        "mean": 1.73821291582e-07,
        "median": 3.77966387077e-08,
        "min": 7.67683627511e-21,
        "var": 2.14974468348e-13
    },
    "spectral_energyband_low": {
        "dmean": 0.000369575223885,
        "dmean2": 0.000585700385273,
        "dvar": 6.29633632343e-07,
        "dvar2": 1.45527314999e-06,
        "max": 0.0136877242476,
        "mean": 0.00104998738971,
        "median": 0.000387618900277,
        "min": 1.83050313673e-22,
        "var": 2.59266994362e-06
    },
    "spectral_energyband_middle_high": {
        "dmean": 0.00135420414153,
        "dmean2": 0.00146949710324,
        "dvar": 1.71067476913e-05,
        "dvar2": 1.9916018573e-05,
        "max": 0.0792263969779,
        "mean": 0.00347547070123,
        "median": 0.000922618433833,
        "min": 1.72176776125e-21,
        "var": 7.25745485397e-05
    },
    "spectral_energyband_middle_low": {
        "dmean": 0.00399582693353,
        "dmean2": 0.00550117436796,
        "dvar": 6.26944893156e-05,
        "dvar2": 0.00010572145402,
        "max": 0.0984457358718,
        "mean": 0.0118504809216,
        "median": 0.00484581338242,
        "min": 4.24425796748e-22,
        "var": 0.000251398829278
    },
    "spectral_entropy": {
        "dmean": 0.169506520033,
        "dmean2": 0.270121663809,
        "dvar": 0.0420765914023,
        "dvar2": 0.0942889899015,
        "max": 9.79061412811,
        "mean": 5.4902973175,
        "median": 5.48886299133,
        "min": 3.83976769447,
        "var": 0.149630129337
    },
    "spectral_flux": {
        "dmean": 0.0148676577955,
        "dmean2": 0.0243867635727,
        "dvar": 0.000631999922916,
        "dvar2": 0.0014411911834,
        "max": 0.211859017611,
        "mean": 0.0324301943183,
        "median": 0.0219982322305,
        "min": 1.04887543095e-10,
        "var": 0.00104292482138
    },
    "spectral_kurtosis": {
        "dmean": 34.2690658569,
        "dmean2": 58.8010559082,
        "dvar": 896.017028809,
        "dvar2": 2546.73339844,
        "max": 280.162200928,
        "mean": 113.225753784,
        "median": 119.287864685,
        "min": -1.23107981682,
        "var": 1788.45812988
    },
    "spectral_rms": {
        "dmean": 0.000541947258171,
        "dmean2": 0.000693432521075,
        "dvar": 5.94481889493e-07,
        "dvar2": 8.04922990483e-07,
        "max": 0.0103678377345,
        "mean": 0.00330586615019,
        "median": 0.00274469191208,
        "min": 3.27613630668e-12,
        "var": 4.54327209809e-06
    },
    "spectral_rolloff": {
        "dmean": 66.6860351562,
        "dmean2": 115.594718933,
        "dvar": 176034.34375,
        "dvar2": 198725.796875,
        "max": 18497.0214844,
        "mean": 750.336975098,
        "median": 753.662109375,
        "min": 387.59765625,
        "var": 210117.625
    },
    "spectral_skewness": {
        "dmean": 1.7809138298,
        "dmean2": 3.09754157066,
        "dvar": 2.11372160912,
        "dvar2": 6.1967959404,
        "max": 13.1952676773,
        "mean": 7.58924865723,
        "median": 7.85579442978,
        "min": -0.0309232547879,
        "var": 3.82107639313
    },
    "spectral_spread": {
        "dmean": 324236.1875,
        "dmean2": 542768.6875,
        "dvar": 728485527552,
        "dvar2": 688130949120,
        "max": 40832208,
        "mean": 911822.3125,
        "median": 801176,
        "min": 289604.53125,
        "var": 1.61549988659e+12
    },
    "spectral_strongpeak": {
        "dmean": 0.459730386734,
        "dmean2": 0.649996101856,
        "dvar": 0.725443661213,
        "dvar2": 1.28149342537,
        "max": 9.68408489227,
        "mean": 1.41053533554,
        "median": 0.952828705311,
        "min": 0,
        "var": 2.37937569618
    },
    "zerocrossingrate": {
        "dmean": 0.00217335484922,
        "dmean2": 0.00251795980148,
        "dvar": 0.000126897924929,
        "dvar2": 0.000131800945383,
        "max": 0.490234375,
        "mean": 0.0261674467474,
        "median": 0.02392578125,
        "min": 0,
        "var": 0.000175762950676
    },
    "barkbands": {
        "dmean": [5.95247570345e-07, 0.000105089668068, 0.000267518771579, 8.91116942512e-05, 0.000465065415483, 0.00184600101784, 0.000706153572537, 0.000192623221665, 0.00104568351526, 0.000751868356019, 0.000603276479524, 0.000329114904162, 3.53155410266e-05, 3.45451844623e-05, 1.09128704935e-05, 3.88642274629e-06, 3.03352658193e-06, 8.79839717527e-07, 7.05468153228e-07, 1.67656040162e-07, 3.67358836684e-08, 1.1039082537e-08, 4.44552972212e-09, 3.19493542733e-09, 1.57610213769e-09, 7.10575709384e-10, 6.17326689767e-10],
        "dmean2": [9.71529857452e-07, 0.000182435396709, 0.000421327393269, 0.000139948911965, 0.00062447640812, 0.0030555294361, 0.000815939623863, 0.000269520358415, 0.00137318682391, 0.000934903568123, 0.000637252989691, 0.000319119426422, 4.70981540275e-05, 3.81891732104e-05, 1.59248374985e-05, 5.3261692301e-06, 4.18417221226e-06, 1.42246665291e-06, 1.08161850676e-06, 2.5022313821e-07, 5.69261722205e-08, 1.72077943006e-08, 8.13143063993e-09, 5.81475356753e-09, 2.84481749269e-09, 1.23538668184e-09, 1.0632412728e-09],
        "dvar": [1.19431591353e-11, 4.80010129422e-08, 3.92803826799e-07, 3.09072660798e-08, 3.42153771271e-06, 1.39780431709e-05, 3.86924557461e-06, 4.15722382741e-07, 2.03212111956e-05, 8.65067067934e-06, 1.17550516734e-05, 2.46610511567e-06, 1.04443280691e-08, 6.30478780295e-09, 2.81671685975e-09, 1.2575220032e-10, 5.66142549507e-11, 4.49973521985e-12, 9.3467482018e-12, 2.26033926819e-13, 2.40806283063e-14, 1.85361704386e-15, 5.30405361186e-16, 1.72221584337e-16, 2.66657039472e-17, 3.71891014904e-18, 3.48617378471e-18],
        "dvar2": [2.26989208679e-11, 1.36526594474e-07, 8.64739604367e-07, 7.26509128413e-08, 5.50250979359e-06, 3.45777843904e-05, 4.80655762658e-06, 8.78603486854e-07, 3.36700468324e-05, 1.31931437863e-05, 1.29714735522e-05, 2.00610816137e-06, 1.54352566284e-08, 7.58186313732e-09, 6.5285514772e-09, 2.08697129023e-10, 1.01069430603e-10, 1.22646727843e-11, 1.64066659564e-11, 5.21689354042e-13, 5.51940966347e-14, 4.3173282027e-15, 1.57800903997e-15, 5.03191092563e-16, 7.31024175066e-17, 6.24686260933e-18, 4.98798884279e-18],
        "max": [0.000131528271595, 0.00345116574317, 0.0102398134768, 0.00297195743769, 0.0509140901268, 0.0471019856632, 0.046697601676, 0.0150046506897, 0.0719843655825, 0.0621840544045, 0.0787719488144, 0.042027246207, 0.00349586177617, 0.00194475823082, 0.00176585372537, 0.000377806311008, 0.000143508339534, 3.5785833461e-05, 9.65708313743e-05, 7.36358379072e-06, 3.84971690437e-06, 9.28046063109e-07, 4.58851104668e-07, 2.4637179763e-07, 9.21597944625e-08, 8.92097986593e-08, 9.46085307874e-08],
        "mean": [8.7612443167e-07, 0.000209029109101, 0.000706633611117, 0.00017705000937, 0.00170586246531, 0.00433909706771, 0.00232979143038, 0.000572981545702, 0.00179850531276, 0.00171480316203, 0.00128013559151, 0.000784069648944, 0.000106650368252, 9.27070868784e-05, 2.23095539695e-05, 8.04488263384e-06, 6.9803477345e-06, 1.7827933334e-06, 1.14972033316e-06, 3.09393414e-07, 5.09980644381e-08, 1.41227314288e-08, 4.82303263993e-09, 3.77303210897e-09, 1.70198366511e-09, 6.38383901297e-10, 5.60035795516e-10],
        "median": [1.10433774125e-07, 5.63577450521e-05, 0.000209509424167, 9.41330436035e-05, 0.000428150990047, 0.00105405016802, 0.000366061343811, 5.94651173742e-05, 0.000351024791598, 0.000340123282513, 2.953155672e-05, 7.7425444033e-05, 2.79071864497e-05, 1.86934084923e-05, 5.33974434802e-06, 2.17969022742e-06, 1.85881276593e-06, 6.68282950755e-07, 1.62737123333e-07, 4.00065722772e-08, 6.70630573296e-09, 3.11488923543e-09, 2.45824893774e-09, 2.19041096372e-09, 9.27356025304e-10, 2.14051568137e-10, 1.30927782505e-10],
        "min": [1.09487708975e-22, 4.28156591337e-23, 6.2224944307e-23, 3.18278049115e-23, 6.6324401996e-23, 3.81818176012e-23, 6.37953139339e-23, 1.19033620126e-22, 8.92234752854e-23, 3.33337750894e-23, 2.65559453007e-23, 5.85667817194e-23, 1.33334873166e-22, 1.56476543272e-22, 2.15454750663e-22, 1.74912765363e-22, 1.62939144243e-22, 3.35721379316e-22, 2.98435269097e-22, 3.58676221916e-22, 3.23206107366e-22, 4.58926155121e-22, 6.61818251693e-22, 8.52513422709e-22, 1.69391261568e-21, 1.56117617871e-21, 2.18812395111e-21],
        "var": [1.68115434768e-11, 1.61506818586e-07, 1.39390965614e-06, 6.54478142792e-08, 2.57432402577e-05, 5.42505404155e-05, 3.12454467348e-05, 1.99522696676e-06, 4.00966891902e-05, 2.27992641157e-05, 4.64547629235e-05, 1.37300830829e-05, 6.00873235612e-08, 2.93275057572e-08, 5.13986453399e-09, 4.05348005161e-10, 1.79812081891e-10, 7.52614116861e-12, 2.52431131553e-11, 4.16469918448e-13, 2.80699485059e-14, 2.04734639615e-15, 2.88190519507e-16, 9.93866902754e-17, 1.94664814153e-17, 6.2404511324e-18, 6.59135769186e-18]
    },
    "erbbands": {
        "dmean": [0.00156623788644, 0.0312024559826, 0.230440884829, 0.35967451334, 0.287790745497, 2.26653862, 2.34093546867, 18.664560318, 16.2567005157, 8.48438739777, 2.90426278114, 14.9312582016, 39.9324035645, 15.3468141556, 22.8845787048, 16.5048179626, 2.55541658401, 2.07844877243, 0.694072782993, 0.321238040924, 0.212941139936, 0.120831109583, 0.057655133307, 0.0532074533403, 0.0177680253983, 0.00764054944739, 0.00217650039122, 0.000760493450798, 0.000396332296077, 0.000183685595402, 0.000120153359603, 8.04756928119e-05, 4.73832697026e-05, 2.4321496312e-05, 1.00139650385e-05, 5.0933035709e-06, 2.17173214878e-06, 6.08161087712e-07, 2.52429890679e-06, 5.83379232921e-06],
        "dmean2": [0.00246173120104, 0.0537302792072, 0.374926477671, 0.548686683178, 0.405969202518, 2.94858956337, 3.65249967575, 30.1613712311, 23.5543346405, 11.143081665, 3.78161239624, 20.3421993256, 49.4085388184, 18.4362049103, 24.284330368, 14.6457862854, 2.84257507324, 2.27405619621, 0.964024245739, 0.469841808081, 0.281293183565, 0.167214617133, 0.0872905477881, 0.0870169475675, 0.0245475750417, 0.0112326769158, 0.00332874595188, 0.00120077154133, 0.000604077882599, 0.000322578649502, 0.000219522218686, 0.000145593701745, 8.47503979458e-05, 4.26386432082e-05, 1.6462390704e-05, 7.72381736169e-06, 2.93817652164e-06, 8.3588582811e-07, 3.12944757752e-06, 7.34288369131e-06],
        "dvar": [1.35724649226e-05, 0.00410081259906, 0.307494431734, 0.515645623207, 0.51217186451, 92.9195022583, 40.5470809937, 1442.33288574, 1418.22729492, 988.610412598, 38.0009841919, 3359.41870117, 18942.0507812, 3533.58740234, 15076.6347656, 6429.78173828, 55.4975547791, 21.43816185, 10.4038438797, 1.55960381031, 0.225539967418, 0.0708891004324, 0.0288861878216, 0.0263848099858, 0.00506753707305, 0.000524427508935, 7.83908762969e-05, 7.19202762411e-06, 2.55274926531e-06, 7.23440564343e-07, 3.98277222757e-07, 1.24582811623e-07, 3.23763842403e-08, 6.24027407525e-09, 7.29256766085e-10, 1.1961889812e-10, 1.97110695821e-11, 1.99460695356e-12, 2.03993020392e-11, 1.08233290386e-10],
        "dvar2": [3.11888434226e-05, 0.0116443540901, 0.703219890594, 1.07162630558, 0.967642664909, 141.641448975, 82.0028915405, 3307.80566406, 2339.47265625, 1819.11071777, 62.3699874878, 6007.14599609, 28093.4238281, 5762.75195312, 17541.4199219, 4721.21386719, 57.9888114929, 25.2300624847, 24.4087524414, 2.5265879631, 0.349389493465, 0.132137015462, 0.0578007139266, 0.0619005896151, 0.00783342123032, 0.0011551650241, 0.000173626161995, 1.65920773725e-05, 5.85558791499e-06, 2.13832140616e-06, 1.18784998904e-06, 3.66801828022e-07, 9.40191569043e-08, 1.76991434842e-08, 1.81936610222e-09, 2.3206908617e-10, 2.52197169398e-11, 2.51142964931e-12, 2.95603992673e-11, 1.59930152455e-10],
        "max": [0.0946212038398, 0.969038546085, 10.8585186005, 11.6591739655, 18.2074813843, 290.209411621, 169.177322388, 489.289886475, 743.770446777, 608.15411377, 116.942626953, 899.163513184, 2483.29516602, 1330.39160156, 2625.38256836, 2164.91479492, 209.930969238, 104.111671448, 106.584411621, 50.6846504211, 8.24678421021, 5.32679128647, 4.46291351318, 3.87562870979, 2.37211632729, 0.586774408817, 0.202755138278, 0.0531485229731, 0.0359717719257, 0.0156241422519, 0.0129447262734, 0.00668109813705, 0.00330699654296, 0.00126152310986, 0.00064539880259, 0.00035568480962, 0.000165193181601, 5.87983886362e-05, 5.70274860365e-05, 0.00012848325423],
        "mean": [0.00493916496634, 0.0619055368006, 0.55758357048, 0.955224454403, 0.933323800564, 8.24080181122, 8.37655162811, 44.1737709045, 48.5788497925, 25.0394229889, 9.7032289505, 27.7034873962, 74.575553894, 42.2099990845, 48.0598716736, 39.5406494141, 7.82745027542, 5.75578594208, 1.58152139187, 0.722329258919, 0.459585726261, 0.314120471478, 0.136589065194, 0.0876686945558, 0.0340098291636, 0.0144714107737, 0.00337972375564, 0.00113651773427, 0.000549110467546, 0.000220633664867, 0.000142435965245, 0.00010098706116, 6.71574962325e-05, 3.73215116269e-05, 1.78446971404e-05, 1.12858560897e-05, 6.02766476732e-06, 1.4576293097e-06, 7.78543835622e-06, 1.79995167855e-05],
        "median": [0.0007119984366, 0.0224559623748, 0.186640784144, 0.38875412941, 0.31621670723, 1.72809386253, 3.58622550964, 9.91078472137, 9.828748703, 4.48484706879, 2.36149287224, 7.11693382263, 21.0081520081, 6.08111190796, 4.18790006638, 4.2455906868, 2.58724498749, 1.38248455524, 0.485012859106, 0.283028185368, 0.147579580545, 0.098566442728, 0.0480093285441, 0.0215934291482, 0.00539920339361, 0.00243550376035, 0.00055147142848, 0.000211031190702, 0.000123132034787, 9.48236702243e-05, 7.84189978731e-05, 5.92623146076e-05, 4.33329951193e-05, 2.31637877732e-05, 9.01835937839e-06, 5.68808809476e-06, 2.91096262117e-06, 6.34984530734e-07, 3.79208540835e-06, 8.70621897775e-06],
        "min": [3.13493111689e-21, 4.13846174889e-21, 5.32144222737e-20, 1.13667321142e-19, 9.6431520277e-20, 2.6989352424e-19, 4.94084544154e-19, 2.01779995858e-19, 9.43581675147e-19, 1.65964918397e-18, 1.83841635602e-18, 2.08872741324e-18, 1.93818964074e-18, 9.30595663313e-19, 1.71688729062e-18, 2.00687582367e-18, 5.83395969014e-18, 1.01446737269e-17, 8.82881300641e-18, 8.72335326858e-18, 1.05365406159e-17, 9.30847105539e-18, 2.13142689005e-17, 1.27659222341e-17, 1.5919688113e-17, 1.65364257059e-17, 1.30143444244e-17, 1.56499544414e-17, 1.4402485014e-17, 2.28294884204e-17, 1.66694578551e-17, 1.58670876978e-17, 1.53335065719e-17, 2.25178266179e-17, 1.00863608024e-17, 6.90202522323e-18, 2.73474202996e-18, 1.13855538336e-18, 2.71809507183e-19, 3.24321943922e-20],
        "var": [0.000112713831186, 0.011823900044, 0.941825389862, 1.99803352356, 3.45670175552, 652.825012207, 283.913360596, 5906.56103516, 9975.13574219, 4290.01806641, 266.075500488, 6363.19628906, 40121.1132812, 16315.2490234, 52783.5039062, 35832.40625, 326.709350586, 103.420394897, 18.2201404572, 6.19713973999, 0.690845608711, 0.28341704607, 0.0701685994864, 0.0554423853755, 0.0142568796873, 0.00106692209374, 0.000102415804577, 9.04204898688e-06, 2.94672963719e-06, 4.22918532195e-07, 2.15911441614e-07, 7.03771192434e-08, 1.94684819377e-08, 4.3447494491e-09, 8.42599767736e-10, 2.60711258138e-10, 6.94937302148e-11, 5.99192310352e-12, 9.22698584205e-11, 4.88814433375e-10]
    },
    "gfcc": {
        "mean": [-235.597946167, 244.71434021, -121.728614807, -57.352355957, -33.941318512, -18.2589187622, -22.3072967529, -11.608133316, -12.5255584717, -18.8237457275, 5.73902130127, -8.5324306488, 1.12939345837],
        "cov": [[6079.4765625, 760.97265625, -1155.59936523, -459.95614624, 815.534362793, -916.1875, 327.007995605, 65.5573577881, -217.521392822, 233.689620972, 82.0912857056, 55.7486877441, 63.459186554], [760.97265625, 504.656188965, 66.003112793, -39.6071357727, 262.178619385, -72.6035461426, 17.2364654541, 29.9746742249, -0.259606570005, -77.1137695312, -30.3716697693, -53.5787887573, -22.4955177307], [-1155.59936523, 66.003112793, 594.666015625, 207.578613281, -125.926818848, 253.483764648, -79.0353851318, 2.33344221115, 44.8641090393, -117.523628235, -62.4151191711, -37.511680603, -26.9932346344], [-459.95614624, -39.6071357727, 207.578613281, 292.941711426, -55.916973114, 63.2865867615, -35.7847747803, 6.30749702454, 22.0041389465, -13.7436847687, -29.1901683807, -44.748752594, -6.68537473679], [815.534362793, 262.178619385, -125.926818848, -55.916973114, 299.856231689, -101.535980225, 66.4597625732, 32.9930992126, -35.8994064331, -10.0866098404, 3.77195477486, 1.16604530811, 8.23328208923], [-916.1875, -72.6035461426, 253.483764648, 63.2865867615, -101.535980225, 335.730834961, -14.2900247574, -8.88065910339, 23.5421562195, -92.5894241333, -47.8426933289, 8.8383102417, 15.5501594543], [327.007995605, 17.2364654541, -79.0353851318, -35.7847747803, 66.4597625732, -14.2900247574, 108.976974487, 33.0329437256, -27.2226772308, 12.6626911163, -1.22531735897, 33.3439826965, 43.2964668274], [65.5573577881, 29.9746742249, 2.33344221115, 6.30749702454, 32.9930992126, -8.88065910339, 33.0329437256, 89.8866882324, 39.4211082458, -12.360748291, -10.2894792557, -1.29942274094, 13.0785484314], [-217.521392822, -0.259606570005, 44.8641090393, 22.0041389465, -35.8994064331, 23.5421562195, -27.2226772308, 39.4211082458, 86.2088546753, 5.0562787056, -4.89284181595, -16.0207481384, -8.22955799103], [233.689620972, -77.1137695312, -117.523628235, -13.7436847687, -10.0866098404, -92.5894241333, 12.6626911163, -12.360748291, 5.0562787056, 121.145729065, 66.0718917847, 23.2180366516, -5.80686426163], [82.0912857056, -30.3716697693, -62.4151191711, -29.1901683807, 3.77195477486, -47.8426933289, -1.22531735897, -10.2894792557, -4.89284181595, 66.0718917847, 113.00075531, 56.1103973389, -9.00158977509], [55.7486877441, -53.5787887573, -37.511680603, -44.748752594, 1.16604530811, 8.8383102417, 33.3439826965, -1.29942274094, -16.0207481384, 23.2180366516, 56.1103973389, 99.4414367676, 49.0014533997], [63.459186554, -22.4955177307, -26.9932346344, -6.68537473679, 8.23328208923, 15.5501594543, 43.2964668274, 13.0785484314, -8.22955799103, -5.80686426163, -9.00158977509, 49.0014533997, 92.8331451416]],
        "icov": [[0.000706889026333, -0.00132658041548, 0.000974487222265, -0.000110145265353, 8.07143951533e-05, 0.000665376137476, -0.000320090854075, -0.000606390531175, 0.00130101875402, -0.00129687262233, 0.00125138333533, -0.00110888190102, 0.000327717600157], [-0.00132658041548, 0.00957642681897, -0.00490239355713, 0.00215255259536, -0.00661049224436, 0.00134098075796, -0.00127636769321, 0.00433842465281, -0.00646452698857, 0.00696607492864, -0.0052765882574, 0.00670407293364, -0.00188500643708], [0.000974487222265, -0.00490239355713, 0.00660718884319, -0.00316808209755, 0.00334906158969, -0.00191168603487, 0.00146694376599, -0.00255081243813, 0.00297929416411, -0.00135484931525, 0.00313932285644, -0.00473173800856, 0.00251871277578], [-0.000110145265353, 0.00215255259536, -0.00316808209755, 0.00592105416581, -0.00169717601966, 0.000476567220176, 0.000530184537638, -0.00028727267636, -5.45670809515e-05, -0.00098657887429, -0.00139912369195, 0.00488497596234, -0.00281471037306], [8.07143951533e-05, -0.00661049224436, 0.00334906158969, -0.00169717601966, 0.0108439773321, -0.000855457561556, -0.00111581315286, -0.00392016861588, 0.00478169927374, -0.0015834455844, 0.0013730059145, -0.00327648897655, 0.0016362417955], [0.000665376137476, 0.00134098075796, -0.00191168603487, 0.000476567220176, -0.000855457561556, 0.00769201852381, -0.00412607984617, 0.00378793710843, -0.00341343134642, 0.00459467340261, 0.000409789878177, -0.00139288313221, 0.000286449416308], [-0.000320090854075, -0.00127636769321, 0.00146694376599, 0.000530184537638, -0.00111581315286, -0.00412607984617, 0.0224007554352, -0.0126257948577, 0.0114218434319, -0.00837198738009, 0.00526197813451, -0.00402944209054, -0.00437839189544], [-0.000606390531175, 0.00433842465281, -0.00255081243813, -0.00028727267636, -0.00392016861588, 0.00378793710843, -0.0126257948577, 0.026062855497, -0.0190344899893, 0.010608852841, -0.00450749648735, 0.00309700262733, -0.000462246185634], [0.00130101875402, -0.00646452698857, 0.00297929416411, -5.45670809515e-05, 0.00478169927374, -0.00341343134642, 0.0114218434319, -0.0190344899893, 0.0292003788054, -0.0129565177485, 0.00546734035015, -0.00192095269449, -0.000768975645769], [-0.00129687262233, 0.00696607492864, -0.00135484931525, -0.00098657887429, -0.0015834455844, 0.00459467340261, -0.00837198738009, 0.010608852841, -0.0129565177485, 0.0262230038643, -0.0141536900774, 0.00591239053756, -0.000111164627015], [0.00125138333533, -0.0052765882574, 0.00313932285644, -0.00139912369195, 0.0013730059145, 0.000409789878177, 0.00526197813451, -0.00450749648735, 0.00546734035015, -0.0141536900774, 0.0275090672076, -0.0211891308427, 0.0101198134944], [-0.00110888190102, 0.00670407293364, -0.00473173800856, 0.00488497596234, -0.00327648897655, -0.00139288313221, -0.00402944209054, 0.00309700262733, -0.00192095269449, 0.00591239053756, -0.0211891308427, 0.0348680689931, -0.0169346053153], [0.000327717600157, -0.00188500643708, 0.00251871277578, -0.00281471037306, 0.0016362417955, 0.000286449416308, -0.00437839189544, -0.000462246185634, -0.000768975645769, -0.000111164627015, 0.0101198134944, -0.0169346053153, 0.0223799291998]]
    },
    "melbands": {
        "dmean": [2.21497884922e-05, 9.16115895961e-05, 5.58672945772e-05, 7.88976176409e-05, 9.29915258894e-05, 0.000407891144278, 0.000242389258347, 8.06623938843e-05, 2.03118270292e-05, 0.000132968532853, 0.000200887225219, 5.66443377465e-05, 8.94119148143e-05, 4.30130894529e-05, 1.95451466425e-05, 3.55209704139e-06, 3.9392070903e-06, 1.06601623884e-06, 6.13924726167e-07, 2.93364109893e-07, 2.7354835197e-07, 1.41443734947e-07, 9.79591519013e-08, 4.58629827449e-08, 4.68231498019e-08, 1.61789390773e-08, 9.79190417638e-09, 3.85163367866e-09, 1.33159916427e-09, 8.39877167813e-10, 3.57607637946e-10, 2.74312655923e-10, 1.26246693655e-10, 9.26356769071e-11, 7.07622987983e-11, 5.91226095858e-11, 4.66302413349e-11, 3.57759967484e-11, 2.50767913379e-11, 1.80170999647e-11],
        "dmean2": [3.75023300876e-05, 0.00014945793373, 8.46565089887e-05, 0.000103435078927, 0.000134359695949, 0.000665803556331, 0.000351512659108, 0.000108290318167, 2.71888584393e-05, 0.000177266876562, 0.000248892290983, 7.02779361745e-05, 9.32687980821e-05, 4.62814459752e-05, 1.74044780579e-05, 4.20239393861e-06, 4.37600283476e-06, 1.50298569679e-06, 8.99621738881e-07, 4.294411724e-07, 3.60693150014e-07, 1.97158840365e-07, 1.44021470305e-07, 7.67443921745e-08, 7.71390844534e-08, 2.07926511564e-08, 1.43506877492e-08, 5.79264991529e-09, 2.04189309905e-09, 1.33831012938e-09, 5.54766066418e-10, 4.17768403205e-10, 2.09273182117e-10, 1.67873756562e-10, 1.29942487326e-10, 1.08232221796e-10, 8.49094683453e-11, 6.50077075504e-11, 4.51665163603e-11, 3.24767747417e-11],
        "dvar": [2.27142638032e-09, 4.58251712132e-08, 1.10908437989e-08, 1.01772954508e-07, 1.00709186768e-07, 7.01927149294e-07, 2.99004057069e-07, 9.27873102796e-08, 2.0812596091e-09, 2.9435332749e-07, 4.75587199844e-07, 5.80873269485e-08, 2.55050025544e-07, 3.91565961877e-08, 8.2037487914e-09, 6.93268220608e-11, 8.6299016544e-11, 2.28165403238e-11, 5.42199141487e-12, 1.57972170501e-12, 3.85819766977e-13, 1.09512266334e-13, 1.72094895843e-13, 1.43078315173e-14, 2.33792816378e-14, 1.2103915316e-14, 9.46337395925e-16, 2.07891531409e-16, 4.05661217622e-17, 1.34212585559e-17, 1.19773157419e-18, 1.56695687549e-18, 2.82378238773e-19, 2.02594148376e-19, 1.41315329053e-19, 8.40850741528e-20, 3.73101333944e-20, 1.96707814815e-20, 7.8472855645e-21, 3.58018390177e-21],
        "dvar2": [6.12252426535e-09, 1.07080019518e-07, 2.32128485322e-08, 1.53274569925e-07, 1.80407681682e-07, 1.64505343037e-06, 5.00162457229e-07, 1.77582620609e-07, 3.72058717168e-09, 5.09613698796e-07, 7.07280946699e-07, 1.00648342993e-07, 2.74972478564e-07, 4.32656577232e-08, 5.02905406208e-09, 9.32524682473e-11, 1.07155243012e-10, 5.34726499191e-11, 1.17091596835e-11, 2.48167480489e-12, 5.86444955097e-13, 1.94690441611e-13, 3.33760363097e-13, 4.13204152426e-14, 5.65051511711e-14, 1.571185639e-14, 2.24169281194e-15, 4.81524201531e-16, 9.14547693549e-17, 3.28318936994e-17, 2.66092567286e-18, 3.38657379433e-18, 8.25108266625e-19, 5.99877635777e-19, 4.22480481609e-19, 2.49188598971e-19, 1.0920477221e-19, 5.69026073675e-20, 2.26785329734e-20, 1.01033051708e-20],
        "max": [0.000942396232858, 0.00409890618175, 0.00166995008476, 0.00982319191098, 0.00842625740916, 0.0104671344161, 0.0114242937416, 0.00574246607721, 0.000978752272204, 0.00855094380677, 0.0122123137116, 0.00590288778767, 0.0118660656735, 0.00461168168113, 0.00254404172301, 0.000233614526223, 0.000239012020756, 0.000154377688887, 7.39690221963e-05, 5.36288862349e-05, 1.10015535029e-05, 5.64787796975e-06, 1.14796748676e-05, 1.53552264237e-06, 3.50576306118e-06, 3.99856662625e-06, 5.81603444516e-07, 4.05148313121e-07, 1.46913819776e-07, 7.80142244139e-08, 2.20804210471e-08, 3.16631165731e-08, 9.81718528692e-09, 8.30394064621e-09, 7.88287035647e-09, 5.79789594113e-09, 3.40026917733e-09, 2.50083709297e-09, 1.46822454195e-09, 9.61454249548e-10],
        "mean": [5.29630269739e-05, 0.000229968281928, 0.000152343287482, 0.000292220705887, 0.000342212297255, 0.000980477780104, 0.000716109469067, 0.000234187653405, 6.7862260039e-05, 0.000231335492572, 0.000374820345314, 0.00016081467038, 0.000189587910427, 9.64557111729e-05, 4.97208893648e-05, 1.06918923848e-05, 1.03565007521e-05, 2.25487042371e-06, 1.26556278701e-06, 6.5065370336e-07, 5.47987610844e-07, 3.46755115288e-07, 2.14018328393e-07, 8.51603587648e-08, 7.24021802512e-08, 3.02360767535e-08, 1.80722512511e-08, 6.83780365662e-09, 1.84124471225e-09, 1.09541131721e-09, 5.16279130558e-10, 3.50741546917e-10, 1.55219712084e-10, 9.79316142069e-11, 7.66771646177e-11, 6.44174644182e-11, 5.22867721342e-11, 4.1936988604e-11, 3.07806627409e-11, 1.95991747137e-11],
        "median": [1.09680313471e-05, 8.63932073116e-05, 7.8115510405e-05, 7.137596549e-05, 0.000118818228657, 0.000216880202061, 0.000156736219651, 3.13615310006e-05, 1.33178837132e-05, 5.37872583664e-05, 0.000104941900645, 1.76261492015e-05, 7.935593203e-06, 1.06198422145e-05, 7.27818405721e-06, 2.47085154115e-06, 1.94244853446e-06, 4.65938740035e-07, 3.94135156512e-07, 1.99811751145e-07, 1.39974630997e-07, 9.10674060606e-08, 5.08492910001e-08, 2.95895237201e-08, 1.47626222358e-08, 3.29779692443e-09, 2.52463605577e-09, 1.0310722276e-09, 2.16997392277e-10, 1.55742585495e-10, 8.82676848279e-11, 6.42631850511e-11, 5.34121913365e-11, 4.55295350033e-11, 4.03931020576e-11, 3.54862181307e-11, 2.92769940236e-11, 2.47947131576e-11, 1.99504059106e-11, 1.13613094627e-11],
        "min": [2.4495090362e-23, 2.01872850416e-23, 1.85594989627e-23, 1.17589728568e-23, 1.65480235612e-23, 5.67061814881e-24, 1.31675321236e-23, 2.17030670715e-23, 1.21956649547e-23, 1.42883583195e-23, 9.23659090122e-24, 3.551178455e-24, 4.86300759759e-24, 7.06797282973e-24, 6.24191279409e-24, 1.67156028611e-23, 1.78724216246e-23, 1.12626239418e-23, 1.61797391145e-23, 8.96068601076e-24, 1.35115890742e-23, 8.62263702477e-24, 1.20052623312e-23, 2.17438101595e-23, 8.53648631417e-24, 1.19779685327e-23, 1.0365902085e-23, 1.17774298354e-23, 8.10175374677e-24, 7.49236421952e-24, 1.02187740042e-23, 8.63815628536e-24, 8.49752762951e-24, 1.4626841179e-23, 1.00593996466e-23, 8.98746626077e-24, 9.15986944503e-24, 8.99529570526e-24, 1.52069426674e-23, 2.01369194283e-23],
        "var": [1.14806093521e-08, 1.4676274418e-07, 4.37179821233e-08, 7.0551624276e-07, 7.74978275331e-07, 2.88693649964e-06, 2.11184988075e-06, 3.89588308281e-07, 1.41062272974e-08, 5.57804753498e-07, 1.00786940038e-06, 2.74456908755e-07, 1.01514797279e-06, 1.80708624953e-07, 4.71124828039e-08, 4.03043903807e-10, 3.80098480468e-10, 3.95256882779e-11, 1.19667825996e-11, 6.49317665607e-12, 1.17125851119e-12, 4.27458903777e-13, 3.84011914064e-13, 1.96345964119e-14, 4.62465894573e-14, 3.81988582746e-14, 1.54067235705e-15, 3.8168421628e-16, 4.78378896882e-17, 1.38323226526e-17, 1.70781260231e-18, 1.86602578372e-18, 1.9011765395e-19, 1.13128012307e-19, 7.61784294936e-20, 4.58454320879e-20, 2.13444198923e-20, 1.16281011545e-20, 4.82651930658e-21, 2.39087407796e-21]
    },
    "mfcc": {
        "mean": [-849.26965332, 243.181655884, 9.78741550446, -30.3055858612, -4.13380622864, -9.85511112213, -5.0308675766, -0.678584814072, -9.75785923004, -9.50361251831, -3.81537699699, -3.86628222466, -3.96422576904],
        "cov": [[3646.10961914, 1776.38439941, -1442.95898438, -120.831977844, 324.226989746, -361.367645264, 25.0526256561, 84.1990280151, -182.882049561, 8.04795360565, 104.852050781, 33.4083175659, 13.5769052505], [1776.38439941, 1042.57958984, -521.934570312, -82.7470779419, 207.681091309, -100.735466003, 1.89993226528, 80.2031478882, -39.6556015015, -5.96966409683, 42.9036483765, 9.5033826828, -28.9983692169], [-1442.95898438, -521.934570312, 842.691650391, 139.964920044, -69.6358337402, 208.25189209, -4.78736305237, -2.04743671417, 115.43913269, 2.33374357224, -46.3649253845, -43.1292724609, -67.8466644287], [-120.831977844, -82.7470779419, 139.964920044, 212.453674316, 48.3446235657, -21.8807830811, 15.7948665619, -13.0691661835, -22.2408294678, 22.4323749542, 11.8906440735, -35.7509918213, -38.3548622131], [324.226989746, 207.681091309, -69.6358337402, 48.3446235657, 140.365066528, 20.5257606506, -0.86061924696, 34.8964653015, 1.53130853176, -3.06378555298, 6.82944107056, -10.478559494, -22.9618263245], [-361.367645264, -100.735466003, 208.25189209, -21.8807830811, 20.5257606506, 156.391967773, 44.7141342163, 25.601228714, 60.5158157349, -14.316906929, -49.0524406433, -15.2619724274, -1.062063694], [25.0526256561, 1.89993226528, -4.78736305237, 15.7948665619, -0.86061924696, 44.7141342163, 94.704864502, 40.8966407776, -4.09577322006, -10.2776546478, -31.1940746307, -12.9597501755, 31.1652870178], [84.1990280151, 80.2031478882, -2.04743671417, -13.0691661835, 34.8964653015, 25.601228714, 40.8966407776, 102.135826111, 72.6600723267, -11.014875412, -33.739200592, -6.77758550644, 10.1889371872], [-182.882049561, -39.6556015015, 115.43913269, -22.2408294678, 1.53130853176, 60.5158157349, -4.09577322006, 72.6600723267, 151.561965942, 37.1706848145, -46.4685935974, -31.5534095764, -24.5632915497], [8.04795360565, -5.96966409683, 2.33374357224, 22.4323749542, -3.06378555298, -14.316906929, -10.2776546478, -11.014875412, 37.1706848145, 88.3920059204, 46.0803451538, -29.8659133911, -40.4494247437], [104.852050781, 42.9036483765, -46.3649253845, 11.8906440735, 6.82944107056, -49.0524406433, -31.1940746307, -33.739200592, -46.4685935974, 46.0803451538, 113.623962402, 47.022567749, -24.1969337463], [33.4083175659, 9.5033826828, -43.1292724609, -35.7509918213, -10.478559494, -15.2619724274, -12.9597501755, -6.77758550644, -31.5534095764, -29.8659133911, 47.022567749, 106.405181885, 63.2030982971], [13.5769052505, -28.9983692169, -67.8466644287, -38.3548622131, -22.9618263245, -1.062063694, 31.1652870178, 10.1889371872, -24.5632915497, -40.4494247437, -24.1969337463, 63.2030982971, 125.584640503]],
