{
"lowlevel": {
    "average_loudness": 0.911103785038,
    "barkbands_crest": {
        "dmean": 2.4477391243,
        "dmean2": 3.92024087906,
        "dvar": 4.64200925827,
        "dvar2": 11.4280853271,
        "max": 24.7614250183,
        "mean": 8.51189136505,
        "median": 7.91592168808,
        "min": 2.68079948425,
        "var": 11.7632551193
    },
    "barkbands_flatness_db": {
        "dmean": 0.0185575243086,
        "dmean2": 0.0273925382644,
        "dvar": 0.000253621052252,
        "dvar2": 0.000505511416122,
        "max": 0.287066936493,
        "mean": 0.129434928298,
        "median": 0.126416534185,
        "min": 0.048451282084,
        "var": 0.00120507390238
    },
    "barkbands_kurtosis": {
        "dmean": 1.20162677765,
        "dmean2": 1.93636655807,
        "dvar": 2.29970169067,
        "dvar2": 5.7333688736,
        "max": 17.8018245697,
        "mean": 1.2741484642,
        "median": 0.888558149338,
        "min": -1.43898105621,
        "var": 4.08310937881
    },
    "barkbands_skewness": {
        "dmean": 0.37743216753,
        "dmean2": 0.589238107204,
        "dvar": 0.109045691788,
        "dvar2": 0.259592026472,
        "max": 3.42164921761,
        "mean": 0.688209474087,
        "median": 0.671234726906,
        "min": -1.99500417709,
        "var": 0.412834823132
    },
    "barkbands_spread": {
        "dmean": 3.56627655029,
        "dmean2": 5.39914894104,
        "dvar": 9.5179605484,
        "dvar2": 18.2896366119,
        "max": 50.093421936,
        "mean": 17.0768508911,
        "median": 16.1985301971,
        "min": 2.79671955109,
        "var": 50.0590820312
    },
    "dissonance": {
        "dmean": 0.0260347221047,
        "dmean2": 0.0433443635702,
        "dvar": 0.000558965082746,
        "dvar2": 0.00143640604801,
        "max": 0.500000059605,
        "mean": 0.450789570808,
        "median": 0.457220584154,
        "min": 0.139774441719,
        "var": 0.00110453541856
    },
    "dynamic_complexity": 2.35416483879,
    "erbbands_crest": {
        "dmean": 2.43486237526,
        "dmean2": 4.09761190414,
        "dvar": 5.34339332581,
        "dvar2": 14.582072258,
        "max": 31.1552772522,
        "mean": 8.88087081909,
        "median": 8.11767292023,
        "min": 2.9760415554,
        "var": 11.989689827
    },
    "erbbands_flatness_db": {
        "dmean": 0.0184818394482,
        "dmean2": 0.0261419769377,
        "dvar": 0.000255519407801,
        "dvar2": 0.000456670532003,
        "max": 0.351644843817,
        "mean": 0.192519903183,
        "median": 0.189426958561,
        "min": 0.0977455750108,
        "var": 0.00173519027885
    },
    "erbbands_kurtosis": {
        "dmean": 1.1010787487,
        "dmean2": 1.796839118,
        "dvar": 3.14630913734,
        "dvar2": 8.06837272644,
        "max": 35.0477714539,
        "mean": 1.16704201698,
        "median": 0.695503950119,
        "min": -1.23603498936,
        "var": 4.29683876038
    },
    "erbbands_skewness": {
        "dmean": 0.362938404083,
        "dmean2": 0.574864089489,
        "dvar": 0.103247247636,
        "dvar2": 0.266260892153,
        "max": 4.4647436142,
        "mean": 0.426995158195,
        "median": 0.410928964615,
        "min": -2.39793419838,
        "var": 0.317200273275
    },
    "erbbands_spread": {
        "dmean": 4.50652122498,
        "dmean2": 6.9728512764,
        "dvar": 16.1742401123,
        "dvar2": 35.5000114441,
        "max": 63.9911651611,
        "mean": 22.7376174927,
        "median": 20.892742157,
        "min": 3.12251377106,
        "var": 97.7816772461
    },
    "hfc": {
        "dmean": 6.73845052719,
        "dmean2": 9.18287944794,
        "dvar": 63.0178489685,
        "dvar2": 117.076797485,
        "max": 149.471694946,
        "mean": 23.7867622375,
        "median": 19.8089084625,
        "min": 1.17230074584e-16,
        "var": 300.729431152
    },
    "melbands_crest": {
        "dmean": 2.72068667412,
        "dmean2": 4.46577167511,
        "dvar": 5.69528722763,
        "dvar2": 14.4119615555,
        "max": 30.7525024414,
        "mean": 9.89805221558,
        "median": 9.056016922,
        "min": 2.1132941246,
        "var": 13.9691743851
    },
    "melbands_flatness_db": {
        "dmean": 0.0187080409378,
        "dmean2": 0.0277738086879,
        "dvar": 0.000262560060946,
        "dvar2": 0.000520768924616,
        "max": 0.324731677771,
        "mean": 0.163056582212,
        "median": 0.162539243698,
        "min": 0.00714280363172,
        "var": 0.0013016910525
    },
    "melbands_kurtosis": {
        "dmean": 1.8847026825,
        "dmean2": 2.96449232101,
        "dvar": 5.53563308716,
        "dvar2": 13.0213546753,
        "max": 45.7032279968,
        "mean": 2.81242346764,
        "median": 1.88637733459,
        "min": -1.56709289551,
        "var": 12.1564302444
    },
    "melbands_skewness": {
        "dmean": 0.435162693262,
        "dmean2": 0.669064760208,
        "dvar": 0.143053144217,
        "dvar2": 0.336591899395,
        "max": 4.95040273666,
        "mean": 1.03555071354,
        "median": 0.9180098176,
        "min": -2.21347093582,
        "var": 0.637292921543
    },
    "melbands_spread": {
        "dmean": 5.94014549255,
        "dmean2": 9.22254371643,
        "dvar": 32.955116272,
        "dvar2": 61.8387184143,
        "max": 131.491165161,
        "mean": 26.3074188232,
        "median": 23.9962787628,
        "min": 4.71485233307,
        "var": 133.525543213
    },
    "pitch_salience": {
        "dmean": 0.0611511804163,
        "dmean2": 0.0980781242251,
        "dvar": 0.00271669984795,
        "dvar2": 0.00662693940103,
        "max": 0.9395840168,
        "mean": 0.530767142773,
        "median": 0.52809047699,
        "min": 0.196890428662,
        "var": 0.0080149685964
    },
    "silence_rate_20dB": {
        "dmean": 0,
        "dmean2": 0,
        "dvar": 0,
        "dvar2": 0,
        "max": 1,
        "mean": 1,
        "median": 1,
        "min": 1,
        "var": 0
    },
    "silence_rate_30dB": {
        "dmean": 0.00206185574643,
        "dmean2": 0.00412583816797,
        "dvar": 0.00205760635436,
        "dvar2": 0.00617174152285,
        "max": 1,
        "mean": 0.998969614506,
        "median": 1,
        "min": 0,
        "var": 0.00102933554444
    },
    "silence_rate_60dB": {
        "dmean": 0.0309278350323,
        "dmean2": 0.0613718405366,
        "dvar": 0.0299718175083,
        "dvar2": 0.0730787217617,
        "max": 1,
        "mean": 0.0329726934433,
        "median": 0,
        "min": 0,
        "var": 0.0318855009973
    },
    "spectral_centroid": {
        "dmean": 205.560241699,
        "dmean2": 304.44418335,
        "dvar": 85790.1171875,
        "dvar2": 116729.71875,
        "max": 11180.53125,
        "mean": 1471.36572266,
        "median": 1379.3112793,
        "min": 561.820068359,
        "var": 250830.546875
    },
    "spectral_complexity": {
        "dmean": 3.21443295479,
        "dmean2": 4.55131530762,
        "dvar": 11.8983411789,
        "dvar2": 19.4686660767,
        "max": 48,
        "mean": 18.2235965729,
        "median": 17,
        "min": 0,
        "var": 49.3554344177
    },
    "spectral_decrease": {
        "dmean": 1.62348168242e-09,
        "dmean2": 2.31636376746e-09,
        "dvar": 3.78433765395e-18,
        "dvar2": 8.10924528283e-18,
        "max": -2.72520351022e-29,
        "mean": -5.13507059097e-09,
        "median": -4.05835542949e-09,
        "min": -2.9652813538e-08,
        "var": 1.58996455267e-17
    },
    "spectral_energy": {
        "dmean": 0.00669540930539,
        "dmean2": 0.00946015119553,
        "dvar": 6.27362023806e-05,
        "dvar2": 0.000133572320919,
        "max": 0.119991332293,
        "mean": 0.0215384829789,
        "median": 0.0170895382762,
        "min": 1.07359731314e-20,
        "var": 0.000271848053671
    },
    "spectral_energyband_high": {
        "dmean": 0.00019862697809,
        "dmean2": 0.000250614597462,
        "dvar": 1.29588116238e-07,
        "dvar2": 2.07596301038e-07,
        "max": 0.00481951003894,
        "mean": 0.00049607740948,
        "median": 0.000307848444209,
        "min": 7.7514255097e-21,
        "var": 3.59832085906e-07
    },
    "spectral_energyband_low": {
        "dmean": 0.00099669105839,
        "dmean2": 0.00146192754619,
        "dvar": 8.22700258141e-06,
        "dvar2": 1.7576119717e-05,
        "max": 0.0326608978212,
        "mean": 0.00120550137945,
        "median": 0.000347298569977,
        "min": 4.05214054967e-23,
        "var": 1.01849227576e-05
    },
    "spectral_energyband_middle_high": {
        "dmean": 0.00408830540255,
        "dmean2": 0.00629180530086,
        "dvar": 2.17227952817e-05,
        "dvar2": 5.29924400325e-05,
        "max": 0.0740774422884,
        "mean": 0.0117935370654,
        "median": 0.00955280195922,
        "min": 1.57639410074e-21,
        "var": 9.24136475078e-05
    },
    "spectral_energyband_middle_low": {
        "dmean": 0.0036262110807,
        "dmean2": 0.00567759620026,
        "dvar": 2.78717980109e-05,
        "dvar2": 6.37169141555e-05,
        "max": 0.0884784907103,
        "mean": 0.00862957909703,
        "median": 0.00592631613836,
        "min": 4.23883312881e-22,
        "var": 7.24389246898e-05
    },
    "spectral_entropy": {
        "dmean": 0.156844601035,
        "dmean2": 0.22979670763,
        "dvar": 0.0210144557059,
        "dvar2": 0.0403434075415,
        "max": 9.79553794861,
        "mean": 7.28289175034,
        "median": 7.30822181702,
        "min": 6.07405281067,
        "var": 0.0990193858743
    },
    "spectral_flux": {
        "dmean": 0.0187401529402,
        "dmean2": 0.0290324483067,
        "dvar": 0.000359595054761,
        "dvar2": 0.000843229237944,
        "max": 0.236696943641,
        "mean": 0.0763054564595,
        "median": 0.0712921619415,
        "min": 1.03614540559e-10,
        "var": 0.00129310577177
    },
    "spectral_kurtosis": {
        "dmean": 1.88473308086,
        "dmean2": 3.17779326439,
        "dvar": 3.37113547325,
        "dvar2": 9.50303173065,
        "max": 24.7733478546,
        "mean": 6.82125902176,
        "median": 6.2361574173,
        "min": -1.18250775337,
        "var": 8.6252040863
    },
    "spectral_rms": {
        "dmean": 0.000684390484821,
        "dmean2": 0.00094368448481,
        "dvar": 4.27747835374e-07,
        "dvar2": 8.56149654282e-07,
        "max": 0.0108196446672,
        "mean": 0.00427257362753,
        "median": 0.00408322410658,
        "min": 3.23637449305e-12,
        "var": 2.75825823337e-06
    },
    "spectral_rolloff": {
        "dmean": 306.171142578,
        "dmean2": 519.462768555,
        "dvar": 283337.75,
        "dvar2": 405059.71875,
        "max": 18776.953125,
        "mean": 1831.64074707,
        "median": 1679.58984375,
        "min": 301.46484375,
        "var": 495173.5625
    },
    "spectral_skewness": {
        "dmean": 0.238437741995,
        "dmean2": 0.378262937069,
        "dvar": 0.0440706275403,
        "dvar2": 0.108421757817,
        "max": 3.9777405262,
        "mean": 1.99945867062,
        "median": 1.97772181034,
        "min": -0.0173433106393,
        "var": 0.178303912282
    },
    "spectral_spread": {
        "dmean": 459239.5625,
        "dmean2": 694112.9375,
        "dvar": 549611208704,
        "dvar2": 560226959360,
        "max": 39666244,
        "mean": 3886642.75,
        "median": 3801731.5,
        "min": 2026716.625,
        "var": 1.56024884429e+12
    },
    "spectral_strongpeak": {
        "dmean": 0.953544855118,
        "dmean2": 1.5472663641,
        "dvar": 1.04367136955,
        "dvar2": 2.40694379807,
        "max": 9.88553905487,
        "mean": 1.94298648834,
        "median": 1.5842539072,
        "min": 0,
        "var": 2.35273861885
    },
    "zerocrossingrate": {
        "dmean": 0.00716212950647,
        "dmean2": 0.00870847981423,
        "dvar": 0.000146687321831,
        "dvar2": 0.000177778056241,
        "max": 0.48388671875,
        "mean": 0.0724268779159,
        "median": 0.0693359375,
        "min": 0.0126953125,
        "var": 0.000378488824936
    },
    "barkbands": {
        "dmean": [4.22673874709e-05, 0.000526183866896, 0.000332114112098, 0.000421041622758, 0.000800393288955, 0.00126163521782, 0.000983925070614, 0.000439589581219, 0.00130974594504, 0.00186533667147, 0.00108954822645, 0.00174403283745, 0.000476999412058, 0.00103620276786, 0.000581406813581, 0.000418916431954, 0.000102614685602, 9.04772387003e-05, 0.000317602884024, 8.49374264362e-05, 9.16926801438e-05, 2.85946043732e-05, 3.2692005334e-05, 1.81280902325e-05, 2.92994463962e-05, 1.09774155135e-05, 7.67284518588e-07],
        "dmean2": [7.17665607226e-05, 0.000828176096547, 0.000550448603462, 0.00069251540117, 0.00129621103406, 0.00196474813856, 0.00157335435506, 0.000721072836313, 0.0022895548027, 0.00324076111428, 0.00178897660226, 0.00294005312026, 0.000741278461646, 0.00163812877145, 0.000928043213207, 0.000692227738909, 0.000155019995873, 0.000139148178278, 0.000461848714622, 0.000125207923702, 0.000132616289193, 4.07310471928e-05, 4.88136138301e-05, 2.80704298348e-05, 4.41561096522e-05, 1.71371029865e-05, 1.33259732138e-06],
        "dvar": [3.41518422431e-08, 4.5245515139e-06, 1.11506949452e-06, 1.04912862753e-06, 1.74614456228e-06, 6.81379651724e-06, 4.27337954534e-06, 9.83660015663e-07, 6.96949928169e-06, 6.83300822857e-06, 6.22202696832e-06, 1.23647378132e-05, 7.33766910344e-07, 1.75450475126e-06, 8.13084795936e-07, 4.18778739686e-07, 3.77171716082e-08, 2.87035941682e-08, 5.48500167952e-07, 2.62628851999e-08, 4.21847801135e-08, 1.70237912656e-09, 2.64694710594e-09, 6.81917133871e-10, 1.54147916653e-09, 6.50179632355e-10, 3.99384041463e-12],
        "dvar2": [8.49029007099e-08, 1.00802662928e-05, 3.12764063892e-06, 2.82730366052e-06, 4.79568916489e-06, 1.561695899e-05, 1.10964292617e-05, 2.54789711107e-06, 1.97087720153e-05, 1.96765886358e-05, 1.51678850671e-05, 3.29856193275e-05, 1.61257491982e-06, 4.13441557612e-06, 2.08357437259e-06, 1.14728004519e-06, 7.71714709913e-08, 6.62696351128e-08, 9.60606826084e-07, 5.29580148623e-08, 8.1219667436e-08, 3.34421024206e-09, 6.40237729499e-09, 1.51911661028e-09, 3.53446338863e-09, 1.60046875752e-09, 1.08900596874e-11],
        "max": [0.00235376623459, 0.0241843909025, 0.0141984522343, 0.0221252888441, 0.0152368266135, 0.0308425724506, 0.0352041125298, 0.0123720541596, 0.0354735851288, 0.0339209549129, 0.0307207945734, 0.0468457937241, 0.0140455951914, 0.024726735428, 0.0100936861709, 0.00797554943711, 0.00248222891241, 0.00289366394281, 0.0091044055298, 0.00191702693701, 0.00276290415786, 0.000574020319618, 0.000900419661775, 0.000369573885109, 0.000603545689955, 0.000457185698906, 3.29565591528e-05],
        "mean": [3.3135398553e-05, 0.000491727492772, 0.000372680457076, 0.000523290946148, 0.00133152282797, 0.00225494708866, 0.00156742299441, 0.000526663905475, 0.00199170364067, 0.00265774293803, 0.00143679464236, 0.00246140849777, 0.000826733768918, 0.00190511334222, 0.00104234553874, 0.000722930708434, 0.0001851060224, 0.00014131484204, 0.000496409251355, 0.000153647604748, 0.000158588896738, 5.24924216734e-05, 7.83459472586e-05, 4.19886782765e-05, 6.48816203466e-05, 1.87815330719e-05, 7.58994644912e-07],
        "median": [1.12064367386e-06, 4.15917893406e-05, 0.000108607899165, 0.000220335175982, 0.000714436173439, 0.000901050574612, 0.000761217437685, 0.000171662803041, 0.000563710113056, 0.00143654306885, 0.000365937070455, 0.000951864523813, 0.000319333455991, 0.00123181659728, 0.000443897064542, 0.000297260732623, 7.34194691177e-05, 6.33719901089e-05, 0.000185542347026, 6.67206695653e-05, 6.48351051495e-05, 2.84073194052e-05, 5.08116245328e-05, 3.07018126477e-05, 4.67610443593e-05, 1.33660032589e-05, 2.45576757152e-07],
        "min": [3.80238411052e-24, 1.57449095172e-23, 1.35654035875e-23, 2.27018328196e-23, 5.07909955538e-23, 5.47177589688e-23, 1.52151831084e-22, 1.53061040609e-23, 8.20468731536e-23, 7.56004091212e-23, 9.55973956689e-23, 1.22023529174e-22, 2.88183889105e-23, 1.0236550038e-22, 1.41677815612e-22, 2.42599896174e-22, 2.20594261502e-22, 1.88917949439e-22, 2.06506934918e-22, 3.24425850409e-22, 3.57886881384e-22, 6.85013942993e-22, 6.68312962458e-22, 8.1265456571e-22, 1.42252538016e-21, 1.30741994655e-21, 2.5671251427e-21],
        "var": [2.72571547555e-08, 4.39919085693e-06, 9.07539003947e-07, 9.94666947918e-07, 3.11556141241e-06, 1.19260002975e-05, 6.24071162747e-06, 1.03014451724e-06, 1.31970436996e-05, 1.1547658687e-05, 9.31237445911e-06, 1.80220049515e-05, 1.77076663022e-06, 4.86699718749e-06, 1.88249191524e-06, 9.94590209302e-07, 8.11314606608e-08, 4.95491896402e-08, 9.17085287711e-07, 5.37419246882e-08, 8.56187654108e-08, 4.17700096733e-09, 7.49078665763e-09, 1.72932512754e-09, 4.00596977812e-09, 6.90932033809e-10, 3.14224926461e-12]
    },
    "erbbands": {
        "dmean": [0.0166929587722, 0.125898808241, 0.330536842346, 1.06422114372, 2.12330436707, 2.55836296082, 9.0058298111, 7.79996871948, 8.13775920868, 16.0301532745, 8.7336359024, 19.9645595551, 56.7878913879, 65.1986846924, 46.6226043701, 42.7968521118, 19.7044734955, 38.3073616028, 36.1786766052, 20.2422008514, 28.6390323639, 6.03647899628, 4.63354587555, 17.7467517853, 6.42984294891, 3.17251324654, 5.88382577896, 1.50200080872, 1.23770236969, 0.726703941822, 0.860684335232, 0.486792057753, 0.346548169851, 0.444644093513, 0.125840306282, 0.0423464216292, 0.0236527342349, 0.00432212464511, 8.87559290277e-05, 9.43650047702e-06],
        "dmean2": [0.0262996647507, 0.206259265542, 0.561176717281, 1.73052251339, 3.61621379852, 4.10996198654, 14.0584106445, 12.0650920868, 12.9361610413, 25.8740539551, 13.970659256, 34.757434845, 98.8774185181, 113.046867371, 78.7405776978, 71.4865875244, 29.1947174072, 60.3045539856, 57.0210800171, 32.8867683411, 46.8726348877, 9.28701019287, 7.00740289688, 25.5632534027, 9.35260772705, 4.34278964996, 8.01484680176, 2.18321633339, 1.73935031891, 1.08080601692, 1.29886245728, 0.755202710629, 0.522574841976, 0.661716341972, 0.202629685402, 0.0694037899375, 0.0367085188627, 0.00703850015998, 0.000143199169543, 1.30061625896e-05],
        "dvar": [0.00502088293433, 0.27443215251, 1.49244248867, 5.15921878815, 17.2280387878, 21.9758625031, 355.204315186, 239.256973267, 235.38420105, 1313.98010254, 322.678161621, 1385.68652344, 5344.73828125, 11887.9980469, 5502.86425781, 7504.91992188, 1289.53430176, 3052.30834961, 2474.70898438, 936.60559082, 1967.35351562, 88.8500289917, 68.3629837036, 1719.85180664, 145.050704956, 35.7262573242, 212.241775513, 7.30361318588, 3.48646688461, 1.21209812164, 2.9033331871, 0.37886095047, 0.269612491131, 0.371547907591, 0.0499454215169, 0.0102324653417, 0.00323101948015, 9.75707662292e-05, 4.54263044958e-08, 1.33265912194e-10],
        "dvar2": [0.0113618513569, 0.678251385689, 4.14266872406, 13.4744319916, 47.9706687927, 60.5077705383, 847.911682129, 521.942993164, 608.130615234, 3425.05761719, 811.081726074, 4197.18310547, 15105.5566406, 33504.6992188, 15353.9707031, 19555.2207031, 2441.42944336, 7287.15332031, 5993.99707031, 2545.60449219, 5336.62158203, 193.946105957, 149.631408691, 3046.99462891, 241.673095703, 68.111946106, 366.331542969, 14.9854927063, 6.76056575775, 2.55507159233, 7.36524534225, 0.906377017498, 0.562290489674, 0.838611483574, 0.126513764262, 0.0253346785903, 0.00812963116914, 0.000253159698332, 1.17884113138e-07, 2.73147754415e-10],
        "max": [0.932945847511, 5.28885793686, 15.6898546219, 45.1504173279, 55.3826942444, 64.2322235107, 203.138641357, 206.941894531, 277.0184021, 575.395751953, 226.765716553, 429.650543213, 741.059265137, 1151.68127441, 1045.87451172, 1132.2088623, 687.920043945, 1020.60186768, 916.163696289, 374.438842773, 586.650695801, 109.048217773, 142.221710205, 514.450256348, 136.656799316, 70.3790588379, 176.229034424, 38.500087738, 25.0269737244, 18.0178928375, 31.0199985504, 9.95729732513, 7.59048271179, 10.215174675, 3.95499038696, 1.71956086159, 0.983299851418, 0.151657059789, 0.00346591696143, 0.000154749650392],
        "mean": [0.0142346192151, 0.110211074352, 0.334530413151, 1.38119661808, 2.80442762375, 4.48565769196, 15.6950531006, 14.4343128204, 14.1135568619, 24.1952552795, 12.7059383392, 30.7893810272, 89.6883392334, 92.1305847168, 68.6004257202, 64.5296630859, 39.1823577881, 74.5012741089, 72.0069503784, 40.1541023254, 49.1488800049, 12.2517843246, 8.40763378143, 28.5107479095, 11.2981338501, 6.1390171051, 10.2110357285, 2.76628708839, 2.2031443119, 1.32619094849, 1.96148085594, 1.40103566647, 0.785742580891, 0.961713075638, 0.276402592659, 0.0666631311178, 0.0375454165041, 0.00636981893331, 0.000140683609061, 3.12039555865e-05],
        "median": [0.000678764423355, 0.0126521550119, 0.101198576391, 0.616943597794, 1.03829681873, 2.31310367584, 7.20533943176, 6.17151498795, 7.24240398407, 11.0286579132, 6.20282316208, 12.8288154602, 53.1884536743, 44.113117218, 40.1122322083, 28.0069408417, 19.5089111328, 43.192489624, 46.9038162231, 24.1161518097, 19.3510971069, 7.41915750504, 4.45288276672, 10.8748846054, 5.95609474182, 2.99646687508, 3.76386618614, 1.37054848671, 1.13690447807, 0.634667575359, 1.1381675005, 1.06714844704, 0.572350859642, 0.675103664398, 0.187769412994, 0.0440821535885, 0.0232580117881, 0.00329412263818, 8.17318723421e-05, 2.47432562901e-05],
        "min": [7.01536300176e-22, 2.50218964708e-21, 1.56954063875e-20, 4.2039545009e-20, 1.2021786781e-19, 1.83002815008e-19, 2.32739362858e-19, 5.06631116287e-19, 1.02349642131e-18, 2.57080165679e-18, 4.29097668015e-19, 1.27136584815e-18, 3.62088097465e-18, 1.87592258615e-18, 4.83190730583e-18, 4.77300915108e-18, 1.61639870147e-18, 3.72230862059e-18, 7.3954694779e-18, 5.83664389123e-18, 1.80213422912e-17, 1.14818219404e-17, 9.04656416676e-18, 1.33523974243e-17, 1.12394059086e-17, 1.36964425206e-17, 1.37220909098e-17, 1.61564983418e-17, 2.55041587331e-17, 2.05261808437e-17, 1.70352635917e-17, 1.47330958699e-17, 1.6752984899e-17, 1.55559900325e-17, 9.74523234499e-18, 5.49733109524e-18, 2.32603891353e-18, 1.03777800477e-18, 3.70704170991e-19, 3.95739554787e-20],
        "var": [0.0046839392744, 0.227127313614, 1.08903753757, 5.96564483643, 22.4780235291, 42.7320480347, 563.121154785, 505.054260254, 392.851470947, 1691.52148438, 407.649169922, 2267.65332031, 10360.9414062, 17707.9960938, 8150.92773438, 10919.1962891, 3358.45947266, 8693.44628906, 6020.66308594, 2106.67236328, 4651.47070312, 194.639083862, 135.502822876, 2908.53857422, 280.978424072, 78.2302703857, 459.784362793, 15.1023082733, 7.97377157211, 2.94903755188, 6.66681146622, 1.54774975777, 0.627235651016, 1.04186630249, 0.0873112976551, 0.0102281784639, 0.00340785668232, 0.00010146209388, 4.53793020938e-08, 5.38297240116e-10]
    },
    "gfcc": {
        "mean": [0.279249340296, 68.9575271606, -151.620605469, -6.69886636734, -68.6977310181, 12.9431591034, -50.6438140869, 2.90760993958, -37.1084251404, 0.943095862865, -18.6561164856, -3.37797570229, -6.02750635147],
        "cov": [[3330.00732422, 252.500900269, 129.597686768, 193.762557983, 0.737146615982, -41.5821075439, 15.7810535431, -53.5801887512, -80.7358398438, -3.5071618557, -167.742355347, 52.7076873779, -88.2142410278], [252.500900269, 581.302124023, 232.440429688, 161.48399353, 131.471557617, -0.566551268101, 13.3068599701, -7.12124967575, 57.1642456055, -23.3615550995, 6.42202854156, -22.372215271, 5.76580238342], [129.597686768, 232.440429688, 554.376464844, 184.585037231, 83.0688171387, 70.6325302124, -24.3437576294, -4.76185798645, 4.6146607399, 70.0244369507, -7.2983546257, 20.6854057312, -53.9494514465], [193.762557983, 161.48399353, 184.585037231, 446.01473999, 104.04875946, -4.70661640167, 24.393529892, -3.40055656433, -31.5643730164, 8.33455276489, 46.8336296082, -27.8757572174, -68.6653671265], [0.737146615982, 131.471557617, 83.0688171387, 104.04875946, 251.359573364, 100.316978455, 72.1495437622, 9.34840106964, -20.5628757477, -4.47644329071, -1.64439022541, 18.8492527008, 27.659330368], [-41.5821075439, -0.566551268101, 70.6325302124, -4.70661640167, 100.316978455, 180.393051147, 62.3192100525, 24.4712581635, 3.18607616425, -8.19817066193, 0.0911500900984, -3.8421061039, 11.2473697662], [15.7810535431, 13.3068599701, -24.3437576294, 24.393529892, 72.1495437622, 62.3192100525, 120.448402405, 25.1455078125, -0.196627959609, -3.55332565308, 1.16620635986, -3.24010372162, 0.706457197666], [-53.5801887512, -7.12124967575, -4.76185798645, -3.40055656433, 9.34840106964, 24.4712581635, 25.1455078125, 72.3090515137, 28.9659023285, 11.1079835892, 14.3300905228, -6.23701143265, 9.033203125], [-80.7358398438, 57.1642456055, 4.6146607399, -31.5643730164, -20.5628757477, 3.18607616425, -0.196627959609, 28.9659023285, 103.873718262, 27.7344989777, 9.88995456696, -6.62844562531, 8.61637401581], [-3.5071618557, -23.3615550995, 70.0244369507, 8.33455276489, -4.47644329071, -8.19817066193, -3.55332565308, 11.1079835892, 27.7344989777, 98.9197540283, 21.8330116272, 11.7405261993, 3.87386226654], [-167.742355347, 6.42202854156, -7.2983546257, 46.8336296082, -1.64439022541, 0.0911500900984, 1.16620635986, 14.3300905228, 9.88995456696, 21.8330116272, 93.9375991821, 21.7777919769, 4.09685897827], [52.7076873779, -22.372215271, 20.6854057312, -27.8757572174, 18.8492527008, -3.8421061039, -3.24010372162, -6.23701143265, -6.62844562531, 11.7405261993, 21.7777919769, 91.7883148193, 38.063129425], [-88.2142410278, 5.76580238342, -53.9494514465, -68.6653671265, 27.659330368, 11.2473697662, 0.706457197666, 9.033203125, 8.61637401581, 3.87386226654, 4.09685897827, 38.063129425, 92.0007400513]],
        "icov": [[0.000492186576594, -0.000680766999722, 0.000593991833739, -0.000422974640969, 0.000613488198724, -0.000632952898741, 0.000159811679623, -0.000351692870026, 0.000754445616622, -0.000952090485953, 0.00169652141631, -0.00152118108235, 0.000996703281999], [-0.000680766999722, 0.00493981875479, -0.00337847834453, 0.000467275473056, -0.00308082485572, 0.00378804374486, -0.00147106568329, 0.00223147822544, -0.00462801335379, 0.00513329915702, -0.00412900839001, 0.00504777766764, -0.00402664300054], [0.000593991833739, -0.00337847834453, 0.00571917789057, -0.00184751034249, 0.00171871425118, -0.00477437255904, 0.00320393103175, -0.00170000211801, 0.00279513071291, -0.00610630773008, 0.00519501417875, -0.00597660755739, 0.00520207360387], [-0.000422974640969, 0.000467275473056, -0.00184751034249, 0.00454309722409, -0.00260788202286, 0.0025461143814, -0.000935232033953, 0.000280953448964, 0.000336363213137, 0.00151285668835, -0.00445504393429, 0.00321323494427, 0.00109868356958], [0.000613488198724, -0.00308082485572, 0.00171871425118, -0.00260788202286, 0.00954284705222, -0.00542856566608, -0.00184885005001, -0.000840228633024, 0.00376812997274, -0.00316225830466, 0.00451819924638, -0.00467510009184, -0.000752604857553], [-0.000632952898741, 0.00378804374486, -0.00477437255904, 0.0025461143814, -0.00542856566608, 0.0127060851082, -0.0047948169522, 0.000430007203249, -0.00355629855767, 0.00622653029859, -0.00556865753606, 0.0066040144302, -0.00408379128203], [0.000159811679623, -0.00147106568329, 0.00320393103175, -0.000935232033953, -0.00184885005001, -0.0047948169522, 0.0135155320168, -0.00407854607329, 0.00146955880336, -0.00285476655699, 0.00252079847269, -0.00282282545231, 0.00390309863724], [-0.000351692870026, 0.00223147822544, -0.00170000211801, 0.000280953448964, -0.000840228633024, 0.000430007203249, -0.00407854607329, 0.0191378202289, -0.00625742133707, 0.00177066505421, -0.00459594232962, 0.00468826992437, -0.00413548946381], [0.000754445616622, -0.00462801335379, 0.00279513071291, 0.000336363213137, 0.00376812997274, -0.00355629855767, 0.00146955880336, -0.00625742133707, 0.0166195742786, -0.00757262296975, 0.00333745963871, -0.00313586858101, 0.00271968962625], [-0.000952090485953, 0.00513329915702, -0.00610630773008, 0.00151285668835, -0.00316225830466, 0.00622653029859, -0.00285476655699, 0.00177066505421, -0.00757262296975, 0.0190360993147, -0.00833498965949, 0.00598270306364, -0.00584504613653], [0.00169652141631, -0.00412900839001, 0.00519501417875, -0.00445504393429, 0.00451819924638, -0.00556865753606, 0.00252079847269, -0.00459594232962, 0.00333745963871, -0.00833498965949, 0.0214455313981, -0.0118946637958, 0.00536564784124], [-0.00152118108235, 0.00504777766764, -0.00597660755739, 0.00321323494427, -0.00467510009184, 0.0066040144302, -0.00282282545231, 0.00468826992437, -0.00313586858101, 0.00598270306364, -0.0118946637958, 0.0235369410366, -0.011888272129], [0.000996703281999, -0.00402664300054, 0.00520207360387, 0.00109868356958, -0.000752604857553, -0.00408379128203, 0.00390309863724, -0.00413548946381, 0.00271968962625, -0.00584504613653, 0.00536564784124, -0.011888272129, 0.0217205882072]]
    },
    "melbands": {
        "dmean": [0.000144665231346, 0.000168800354004, 0.000193725209101, 0.000180089540663, 0.000253653852269, 0.000190146820387, 0.000153788700118, 0.000160816693096, 6.30690701655e-05, 0.000167199905263, 0.000304070243146, 0.000282556458842, 0.000134609101224, 0.000236726016738, 2.7593519917e-05, 6.47321357974e-05, 7.38968083169e-05, 6.89700100338e-05, 5.97211655986e-05, 1.33480098157e-05, 3.66758395103e-05, 6.2866006374e-06, 3.45838748217e-06, 5.39758593732e-06, 1.65896926774e-05, 8.81276446307e-06, 2.8959498195e-06, 1.88235617316e-06, 5.46863748241e-06, 1.11656061108e-06, 7.16642773568e-07, 8.43638190418e-07, 5.07738889155e-07, 4.90513230034e-07, 4.91305740979e-07, 5.85933548791e-07, 2.53225465485e-07, 2.41251171929e-07, 3.70088457657e-07, 4.2379932097e-07],
        "dmean2": [0.000224540228373, 0.000282876659185, 0.000316677964292, 0.00030036867247, 0.000391025911085, 0.000294589670375, 0.000245121365879, 0.000260319677182, 0.000100152719824, 0.000293649965897, 0.000529633718543, 0.000489875325002, 0.000225555704674, 0.000399032956921, 4.11650944443e-05, 9.99110779958e-05, 0.000116415889352, 0.000108743537567, 9.60185570875e-05, 2.1275041945e-05, 6.0638103605e-05, 9.75727652985e-06, 5.3717112678e-06, 8.53449000715e-06, 2.41161324084e-05, 1.29355521494e-05, 4.44688203061e-06, 2.62150774688e-06, 7.49800619815e-06, 1.67717689692e-06, 1.06607956241e-06, 1.22001210912e-06, 7.53417850774e-07, 7.61256728765e-07, 7.47419335312e-07, 8.99306712654e-07, 4.02609686034e-07, 3.83937873494e-07, 5.54700648081e-07, 6.46520334158e-07],
        "dvar": [3.43884238418e-07, 4.15813047994e-07, 1.63881281878e-07, 1.13318485262e-07, 2.57191629771e-07, 1.41742859228e-07, 9.22504810319e-08, 1.28225664753e-07, 1.57076893714e-08, 1.11055207697e-07, 1.55148626391e-07, 1.82656322067e-07, 3.93556547351e-08, 2.4441021651e-07, 3.57138008056e-09, 1.09526299141e-08, 1.11137721248e-08, 1.18598091348e-08, 9.22704490591e-09, 3.25002441626e-10, 3.29205751548e-09, 1.32021782395e-10, 3.97316207712e-11, 1.15425301261e-10, 1.57174784299e-09, 3.56159463033e-10, 2.79103198886e-11, 1.47191061423e-11, 2.00271702e-10, 4.02496135379e-12, 1.40941056569e-12, 1.78181709838e-12, 8.51562906561e-13, 6.22626082636e-13, 1.39151429095e-12, 6.84128101391e-13, 1.11421790305e-13, 1.12596509807e-13, 4.08074453135e-13, 3.79070743978e-13],
        "dvar2": [7.44428348298e-07, 1.0894366369e-06, 4.24004781507e-07, 3.12527021151e-07, 6.07345327808e-07, 3.11857775159e-07, 2.40854404865e-07, 3.35746989322e-07, 3.93372801e-08, 3.29048077674e-07, 4.38861064822e-07, 5.15954013736e-07, 1.00660209057e-07, 6.43358077923e-07, 6.19458662143e-09, 2.57982541996e-08, 2.43270026345e-08, 2.96731368365e-08, 2.41729729566e-08, 7.73910879825e-10, 9.17940923273e-09, 2.81169254546e-10, 9.2613840208e-11, 2.76767886387e-10, 2.81200973618e-09, 6.12672190758e-10, 6.39452241158e-11, 2.88278897281e-11, 3.47837370018e-10, 8.44314462095e-12, 3.09811659834e-12, 3.64410715145e-12, 1.73645624789e-12, 1.44258747743e-12, 3.47959725269e-12, 1.70719785964e-12, 2.74811613353e-13, 2.64921006139e-13, 8.47477144884e-13, 8.89907180064e-13],
        "max": [0.00762132043019, 0.00747173232958, 0.00793313700706, 0.00408004410565, 0.00574945984408, 0.0042852377519, 0.00549030955881, 0.0054638069123, 0.0016836670693, 0.00413271319121, 0.00409069471061, 0.00426365621388, 0.00217614672147, 0.00640775915235, 0.00147157546598, 0.00174566172063, 0.0024001840502, 0.00198797881603, 0.00109748449177, 0.000219133435166, 0.000728987914044, 0.000141585478559, 0.000107588122773, 0.000134681802592, 0.000493058760185, 0.000223721333896, 5.56748709641e-05, 4.56867855974e-05, 0.000173398366314, 2.70724995062e-05, 1.70384482772e-05, 1.65069923241e-05, 1.36061735247e-05, 1.34674173751e-05, 2.17085762415e-05, 1.69227023434e-05, 3.91861294702e-06, 3.77867968382e-06, 7.97308530309e-06, 1.0565678167e-05],
        "mean": [0.000134334914037, 0.000171655541635, 0.000261860259343, 0.000266373273917, 0.000463886040961, 0.000353361712769, 0.000258356827544, 0.000239357308601, 8.96303463378e-05, 0.000248728320003, 0.000469063903438, 0.000389227032429, 0.000191641782294, 0.000328869762598, 5.2107963711e-05, 0.000114312650112, 0.000141052121762, 0.000123831312521, 0.00010333222599, 2.27325308515e-05, 6.14692617091e-05, 1.05401795736e-05, 6.67188942316e-06, 8.06208481663e-06, 2.60627166426e-05, 1.39051935548e-05, 4.65303082819e-06, 3.36314133165e-06, 9.14872452995e-06, 1.80705353614e-06, 1.26930103761e-06, 1.42196802244e-06, 7.87352348652e-07, 7.67177596117e-07, 9.17254965316e-07, 1.58143109275e-06, 6.06835783401e-07, 5.44769932276e-07, 6.26222231404e-07, 9.24795813262e-07],
        "median": [9.46609543462e-06, 4.66399542347e-05, 0.000118994837976, 0.00011342515063, 0.000235277708271, 0.000145105004776, 0.000136484813993, 0.000112253517727, 4.30272848462e-05, 7.70885453676e-05, 0.000273289711913, 0.000196902634343, 0.000106094616058, 0.000114892704005, 2.37615131482e-05, 4.85074924654e-05, 8.32321675261e-05, 6.04736305831e-05, 4.17593801103e-05, 1.36367016239e-05, 2.28626922762e-05, 4.86796125188e-06, 2.66100050794e-06, 3.34706032845e-06, 9.31785598368e-06, 5.93667300564e-06, 2.1393618681e-06, 1.39498285989e-06, 2.89746503768e-06, 8.80228242295e-07, 6.67756694384e-07, 7.0570627031e-07, 2.58490842953e-07, 3.17331739552e-07, 3.65939030189e-07, 6.53065967526e-07, 3.92609905475e-07, 2.95561989105e-07, 2.38470164504e-07, 5.25021391695e-07],
        "min": [4.83008803759e-24, 6.44489025488e-24, 9.9274090177e-24, 1.12790148937e-23, 8.89596076235e-24, 1.11250536997e-23, 2.11854149678e-23, 2.27696212149e-23, 2.78991091817e-24, 1.03635907226e-23, 1.78916019887e-23, 6.25691101205e-24, 1.57395499962e-23, 1.63206754261e-23, 6.31411368287e-24, 2.2797614733e-24, 8.20260803579e-24, 1.14344299584e-23, 1.1322569482e-23, 9.47521185872e-24, 2.31177187111e-23, 1.36339556001e-23, 7.08974617957e-24, 9.07100584178e-24, 1.1406489294e-23, 5.97073988577e-24, 1.12809223594e-23, 8.63912737313e-24, 7.95828834711e-24, 9.95644619876e-24, 9.10322292114e-24, 1.52482679348e-23, 1.29543172204e-23, 1.18235537437e-23, 1.0229975829e-23, 9.21660511019e-24, 8.47937909552e-24, 1.0853409447e-23, 1.27283077822e-23, 1.39575668538e-23],
        "var": [3.46125546002e-07, 3.31288845246e-07, 1.97152687065e-07, 1.74640987893e-07, 4.36778833546e-07, 2.83167850057e-07, 1.43463225299e-07, 1.57266683232e-07, 2.04834904594e-08, 1.89886605995e-07, 2.89349742388e-07, 2.70595023721e-07, 6.04985359587e-08, 3.51839645418e-07, 8.93418494741e-09, 2.67588973202e-08, 3.61510394953e-08, 2.73235603032e-08, 2.00463841082e-08, 6.60964727395e-10, 7.66261010199e-09, 2.24050916708e-10, 1.20923923652e-10, 1.74597947211e-10, 2.59539323366e-09, 6.14972683888e-10, 4.31917800137e-11, 3.04741509805e-11, 4.31601948625e-10, 7.17256592661e-12, 2.80693242087e-12, 3.70825462351e-12, 1.74991119685e-12, 1.18926960294e-12, 2.326164001e-12, 3.76377748412e-12, 3.89595067362e-13, 3.38905227666e-13, 8.43903289263e-13, 1.21864703658e-12]
    },
    "mfcc": {
        "mean": [-640.817443848, 116.010803223, -29.236579895, -16.3974781036, -8.05407428741, -5.98269987106, -0.185889363289, -11.3782167435, -8.72490406036, 0.136797770858, -12.8138360977, -13.8985042572, -6.22626304626],
        "cov": [[2631.79638672, 92.0423736572, 72.015914917, 235.031982422, -22.5322170258, 49.8239021301, -45.9367904663, 28.663942337, 57.8121452332, -156.72517395, 102.777565002, -92.5151062012, 28.5925178528], [92.0423736572, 496.843139648, 117.976844788, 45.7188491821, 99.0340423584, 35.2702789307, -24.268037796, 27.324678421, 51.1430244446, 5.89277601242, -25.0030422211, 26.2061405182, -12.8485889435], [72.015914917, 117.976844788, 407.853637695, 131.333282471, 111.507102966, 62.4101867676, 5.17312574387, -10.7781906128, 3.5141658783, -8.1765794754, 65.3742904663, 62.3560600281, -15.5285367966], [235.031982422, 45.7188491821, 131.333282471, 365.044952393, 119.365516663, 51.7809906006, 32.5224990845, -2.50302672386, -30.1521053314, -38.1134109497, 70.4077987671, 34.4570808411, 24.6560287476], [-22.5322170258, 99.0340423584, 111.507102966, 119.365516663, 190.221710205, 85.6389541626, 64.828704834, 22.9520168304, 21.5642414093, 0.59600174427, -7.25096035004, 28.0204391479, 14.7839775085], [49.8239021301, 35.2702789307, 62.4101867676, 51.7809906006, 85.6389541626, 149.776565552, 89.1468048096, 45.101776123, 19.8748893738, 24.8466777802, 11.6554479599, -23.5086841583, 1.01676249504], [-45.9367904663, -24.268037796, 5.17312574387, 32.5224990845, 64.828704834, 89.1468048096, 169.748031616, 43.6946678162, 16.1356182098, 13.8626070023, 6.75164890289, -30.618106842, -0.271877139807], [28.663942337, 27.324678421, -10.7781906128, -2.50302672386, 22.9520168304, 45.101776123, 43.6946678162, 114.738586426, -0.211012512445, 36.5282440186, -16.8991012573, -7.69199943542, -1.94761741161], [57.8121452332, 51.1430244446, 3.5141658783, -30.1521053314, 21.5642414093, 19.8748893738, 16.1356182098, -0.211012512445, 117.350898743, -10.6366300583, -8.9343662262, -6.5924243927, 13.5678844452], [-156.72517395, 5.89277601242, -8.1765794754, -38.1134109497, 0.59600174427, 24.8466777802, 13.8626070023, 36.5282440186, -10.6366300583, 159.206558228, 9.9350233078, -5.82644224167, -42.1585960388], [102.777565002, -25.0030422211, 65.3742904663, 70.4077987671, -7.25096035004, 11.6554479599, 6.75164890289, -16.8991012573, -8.9343662262, 9.9350233078, 133.017837524, 1.29606997967, -22.6266727448], [-92.5151062012, 26.2061405182, 62.3560600281, 34.4570808411, 28.0204391479, -23.5086841583, -30.618106842, -7.69199943542, -6.5924243927, -5.82644224167, 1.29606997967, 137.584243774, 26.4687023163], [28.5925178528, -12.8485889435, -15.5285367966, 24.6560287476, 14.7839775085, 1.01676249504, -0.271877139807, -1.94761741161, 13.5678844452, -42.1585960388, -22.6266727448, 26.4687023163, 102.842720032]],
