{
"lowlevel": {
    "average_loudness": 0.514503061771,
    "barkbands_crest": {
        "dmean": 2.15148019791,
        "dmean2": 3.51341795921,
        "dvar": 4.38351678848,
        "dvar2": 10.7241859436,
        "max": 26.6710147858,
        "mean": 11.0941810608,
        "median": 9.92515659332,
        "min": 3.66645479202,
        "var": 23.4934253693
    },
    "barkbands_flatness_db": {
        "dmean": 0.0175094623119,
        "dmean2": 0.0256393067539,
        "dvar": 0.00035360531183,
        "dvar2": 0.000644460611511,
        "max": 0.531241118908,
        "mean": 0.202677085996,
        "median": 0.18280762434,
        "min": 0.0658496320248,
        "var": 0.0047605088912
    },
    "barkbands_kurtosis": {
        "dmean": 2.5528819561,
        "dmean2": 3.58166027069,
        "dvar": 86.2453842163,
        "dvar2": 130.123153687,
        "max": 261.389953613,
        "mean": 4.61482667923,
        "median": 1.15222740173,
        "min": -1.68016791344,
        "var": 260.240570068
    },
    "barkbands_skewness": {
        "dmean": 0.389068514109,
        "dmean2": 0.626564025879,
        "dvar": 0.181767135859,
        "dvar2": 0.460103780031,
        "max": 5.8931927681,
        "mean": 0.97664898634,
        "median": 0.865413188934,
        "min": -1.68986749649,
        "var": 0.848656356335
    },
    "barkbands_spread": {
        "dmean": 2.77718758583,
        "dmean2": 4.30467128754,
        "dvar": 8.38648223877,
        "dvar2": 18.4450187683,
        "max": 41.2926216125,
        "mean": 13.6853141785,
        "median": 12.9805831909,
        "min": 0.113208308816,
        "var": 60.7474060059
    },
    "dissonance": {
        "dmean": 0.032202899456,
        "dmean2": 0.0563193410635,
        "dvar": 0.00129921943881,
        "dvar2": 0.00359125784598,
        "max": 0.499999940395,
        "mean": 0.448387265205,
        "median": 0.458145946264,
        "min": 0.107095330954,
        "var": 0.002075772034
    },
    "dynamic_complexity": 6.59601306915,
    "erbbands_crest": {
        "dmean": 2.36438465118,
        "dmean2": 3.56326675415,
        "dvar": 5.77120494843,
        "dvar2": 13.3128480911,
        "max": 33.3903656006,
        "mean": 12.7445583344,
        "median": 11.2638225555,
        "min": 2.81663703918,
        "var": 33.0867843628
    },
    "erbbands_flatness_db": {
        "dmean": 0.0156795606017,
        "dmean2": 0.0217455681413,
        "dvar": 0.000313293363433,
        "dvar2": 0.000571421929635,
        "max": 0.571416199207,
        "mean": 0.268793135881,
        "median": 0.242633551359,
        "min": 0.0967155694962,
        "var": 0.00509331282228
    },
    "erbbands_kurtosis": {
        "dmean": 1.61755633354,
        "dmean2": 2.14560604095,
        "dvar": 20.2955970764,
        "dvar2": 28.4049472809,
        "max": 140.390136719,
        "mean": 2.51211309433,
        "median": 0.318516016006,
        "min": -1.58252620697,
        "var": 82.5376815796
    },
    "erbbands_skewness": {
        "dmean": 0.350121051073,
        "dmean2": 0.508094906807,
        "dvar": 0.143840059638,
        "dvar2": 0.293628722429,
        "max": 5.59269380569,
        "mean": 0.70427685976,
        "median": 0.460671573877,
        "min": -2.23255300522,
        "var": 0.969847619534
    },
    "erbbands_spread": {
        "dmean": 3.90207862854,
        "dmean2": 6.01970720291,
        "dvar": 14.657242775,
        "dvar2": 32.9139518738,
        "max": 52.965385437,
        "mean": 21.258644104,
        "median": 21.3822536469,
        "min": 0.317584395409,
        "var": 110.483909607
    },
    "hfc": {
        "dmean": 3.23860812187,
        "dmean2": 4.51314020157,
        "dvar": 54.345249176,
        "dvar2": 99.2055282593,
        "max": 283.92880249,
        "mean": 14.3138370514,
        "median": 9.90492534637,
        "min": 1.151083894e-16,
        "var": 330.607574463
    },
    "melbands_crest": {
        "dmean": 2.30018281937,
        "dmean2": 3.72958540916,
        "dvar": 4.84614419937,
        "dvar2": 10.7896595001,
        "max": 33.4811058044,
        "mean": 12.7521944046,
        "median": 11.5303077698,
        "min": 2.00130677223,
        "var": 29.9032096863
    },
    "melbands_flatness_db": {
        "dmean": 0.017987953499,
        "dmean2": 0.0270153302699,
        "dvar": 0.000404900027206,
        "dvar2": 0.00073369970778,
        "max": 0.552189946175,
        "mean": 0.244194984436,
        "median": 0.232092455029,
        "min": 0.00418241787702,
        "var": 0.00411160057411
    },
    "melbands_kurtosis": {
        "dmean": 2.53203964233,
        "dmean2": 3.72786617279,
        "dvar": 14.7750759125,
        "dvar2": 26.5053405762,
        "max": 91.7885437012,
        "mean": 5.94215488434,
        "median": 3.2297129631,
        "min": -1.661434412,
        "var": 79.1524505615
    },
    "melbands_skewness": {
        "dmean": 0.40397465229,
        "dmean2": 0.62767469883,
        "dvar": 0.14446093142,
        "dvar2": 0.34046626091,
        "max": 4.90826320648,
        "mean": 1.33676767349,
        "median": 1.3225414753,
        "min": -3.80182886124,
        "var": 0.775844454765
    },
    "melbands_spread": {
        "dmean": 4.67916822433,
        "dmean2": 7.28703117371,
        "dvar": 36.6174850464,
        "dvar2": 79.5476989746,
        "max": 127.092735291,
        "mean": 20.0679302216,
        "median": 18.7799358368,
        "min": 0.347186028957,
        "var": 165.097061157
    },
    "pitch_salience": {
        "dmean": 0.0553226955235,
        "dmean2": 0.0856360718608,
        "dvar": 0.00253195594996,
        "dvar2": 0.00560957472771,
        "max": 0.903346657753,
        "mean": 0.514740467072,
        "median": 0.52150118351,
        "min": 0.0726162865758,
        "var": 0.0137355430052
    },
    "silence_rate_20dB": {
        "dmean": 0,
        "dmean2": 0,
        "dvar": 0,
        "dvar2": 0,
        "max": 1,
        "mean": 1,
        "median": 1,
        "min": 1,
        "var": 0
    },
    "silence_rate_30dB": {
        "dmean": 0.00309278350323,
        "dmean2": 0.00618875725195,
        "dvar": 0.00308319367468,
        "dvar2": 0.00615039095283,
        "max": 1,
        "mean": 0.994848012924,
        "median": 1,
        "min": 0,
        "var": 0.00512554170564
    },
    "silence_rate_60dB": {
        "dmean": 0.0195876285434,
        "dmean2": 0.0391954630613,
        "dvar": 0.0192039590329,
        "dvar2": 0.0376592576504,
        "max": 1,
        "mean": 0.274085521698,
        "median": 0,
        "min": 0,
        "var": 0.198962792754
    },
    "spectral_centroid": {
        "dmean": 229.656616211,
        "dmean2": 353.305084229,
        "dvar": 115586.15625,
        "dvar2": 243023.984375,
        "max": 11450.3125,
        "mean": 1428.13232422,
        "median": 1357.48046875,
        "min": 404.960357666,
        "var": 468128.75
    },
    "spectral_complexity": {
        "dmean": 1.41340208054,
        "dmean2": 2.34399175644,
        "dvar": 2.45795440674,
        "dvar2": 5.59022712708,
        "max": 29,
        "mean": 11.8227720261,
        "median": 14,
        "min": 0,
        "var": 54.1450271606
    },
    "spectral_decrease": {
        "dmean": 9.08388475551e-10,
        "dmean2": 1.33639666e-09,
        "dvar": 3.57736134826e-18,
        "dvar2": 7.27681372775e-18,
        "max": 1.67692871883e-29,
        "mean": -4.13953626932e-09,
        "median": -2.91893487159e-09,
        "min": -7.36461842621e-08,
        "var": 2.38767172739e-17
    },
    "spectral_energy": {
        "dmean": 0.00367238814943,
        "dmean2": 0.00536769861355,
        "dvar": 5.88498842262e-05,
        "dvar2": 0.000117864605272,
        "max": 0.303710609674,
        "mean": 0.0169218946248,
        "median": 0.0123816663399,
        "min": 1.08935922355e-20,
        "var": 0.000395398645196
    },
    "spectral_energyband_high": {
        "dmean": 4.49649123766e-05,
        "dmean2": 7.08893931005e-05,
        "dvar": 1.85710540279e-08,
        "dvar2": 4.98662906523e-08,
        "max": 0.00284450058825,
        "mean": 0.000142962482641,
        "median": 3.7149497075e-05,
        "min": 7.4877059517e-21,
        "var": 7.46619619463e-08
    },
    "spectral_energyband_low": {
        "dmean": 0.000473157182569,
        "dmean2": 0.00079117435962,
        "dvar": 9.60426405072e-07,
        "dvar2": 2.65578933067e-06,
        "max": 0.0156801231205,
        "mean": 0.000999315292574,
        "median": 0.000315779849188,
        "min": 5.60268452421e-23,
        "var": 2.35468564824e-06
    },
    "spectral_energyband_middle_high": {
        "dmean": 0.00198420020752,
        "dmean2": 0.00257196067832,
        "dvar": 3.95783281419e-05,
        "dvar2": 7.02937468304e-05,
        "max": 0.273761183023,
        "mean": 0.00633506197482,
        "median": 0.00376532715745,
        "min": 1.89016222575e-21,
        "var": 0.000141146112583
    },
    "spectral_energyband_middle_low": {
        "dmean": 0.00233067665249,
        "dmean2": 0.00386538007297,
        "dvar": 1.82733365364e-05,
        "dvar2": 4.64352087874e-05,
        "max": 0.0802593454719,
        "mean": 0.00960362330079,
        "median": 0.00531901745126,
        "min": 3.38516849929e-22,
        "var": 0.000143761149957
    },
    "spectral_entropy": {
        "dmean": 0.135070219636,
        "dmean2": 0.201497897506,
        "dvar": 0.0271534901112,
        "dvar2": 0.0512562803924,
        "max": 9.80433654785,
        "mean": 6.47068357468,
        "median": 6.54306411743,
        "min": 4.16392230988,
        "var": 0.183627232909
    },
    "spectral_flux": {
        "dmean": 0.0113806491718,
        "dmean2": 0.0182739328593,
        "dvar": 0.000298301427392,
        "dvar2": 0.000720424461178,
        "max": 0.266217529774,
        "mean": 0.0413165725768,
        "median": 0.0373389050364,
        "min": 6.62754504055e-11,
        "var": 0.00103640521411
    },
    "spectral_kurtosis": {
        "dmean": 5.38402366638,
        "dmean2": 9.28412055969,
        "dvar": 35.3081741333,
        "dvar2": 100.016189575,
        "max": 121.14315033,
        "mean": 10.8139400482,
        "median": 8.18338394165,
        "min": -1.22542119026,
        "var": 90.6792449951
    },
    "spectral_rms": {
        "dmean": 0.000381351303076,
        "dmean2": 0.000555052654818,
        "dvar": 2.72475062957e-07,
        "dvar2": 5.43914779882e-07,
        "max": 0.01721345447,
        "mean": 0.0033939415589,
        "median": 0.00347558269277,
        "min": 3.26004522856e-12,
        "var": 4.99032603329e-06
    },
    "spectral_rolloff": {
        "dmean": 343.721130371,
        "dmean2": 605.629211426,
        "dvar": 470605.8125,
        "dvar2": 999926.0625,
        "max": 19099.9511719,
        "mean": 1526.07666016,
        "median": 1313.52539062,
        "min": 387.59765625,
        "var": 954144.9375
    },
    "spectral_skewness": {
        "dmean": 0.470604449511,
        "dmean2": 0.806488513947,
        "dvar": 0.202945590019,
        "dvar2": 0.586697399616,
        "max": 8.54958057404,
        "mean": 2.08764219284,
        "median": 1.91440141201,
        "min": -0.0410773716867,
        "var": 0.693871617317
    },
    "spectral_spread": {
        "dmean": 286807.59375,
        "dmean2": 469745.21875,
        "dvar": 720317513728,
        "dvar2": 1.34351788442e+12,
        "max": 41222620,
        "mean": 2558118.25,
        "median": 2508438,
        "min": 693108.375,
        "var": 1.84047802778e+12
    },
    "spectral_strongpeak": {
        "dmean": 0.691455602646,
        "dmean2": 1.14238202572,
        "dvar": 1.28728878498,
        "dvar2": 3.15267252922,
        "max": 16.1184139252,
        "mean": 1.70915961266,
        "median": 1.05786406994,
        "min": 6.06233452327e-10,
        "var": 3.32754635811
    },
    "zerocrossingrate": {
        "dmean": 0.00566506944597,
        "dmean2": 0.00707768602297,
        "dvar": 0.000144062243635,
        "dvar2": 0.000275952857919,
        "max": 0.48779296875,
        "mean": 0.0566459074616,
        "median": 0.0546875,
        "min": 0.0146484375,
        "var": 0.000584113469813
    },
    "barkbands": {
        "dmean": [1.92729276023e-05, 0.000226168878726, 0.00025507362443, 0.000160778377904, 0.00126268866006, 0.000989379477687, 0.000302271830151, 0.00029577082023, 0.000549842661712, 0.000800530891865, 0.000218133398448, 0.000552217999939, 0.000454624852864, 0.000316746823955, 5.85322268307e-05, 0.000175880762981, 1.91672988876e-05, 7.59070753702e-05, 0.000215089647099, 0.000215787178604, 2.25834646699e-05, 2.7494983442e-05, 7.00366081219e-06, 2.37784502133e-06, 7.74974694195e-07, 1.86040239214e-07, 1.7671549557e-08],
        "dmean2": [3.05746907543e-05, 0.000390549015719, 0.000426111539127, 0.000228280769079, 0.00214515789412, 0.0016997482162, 0.000410994893173, 0.000436792877736, 0.000923774612602, 0.00104510574602, 0.000274346559308, 0.000758941692766, 0.000578194390982, 0.00041157566011, 8.30755234347e-05, 0.000295597361401, 2.63767160504e-05, 0.000115613511298, 0.000308458489599, 0.000318683829391, 3.37594938173e-05, 4.42053751613e-05, 1.15347820611e-05, 3.98691690862e-06, 1.1966776583e-06, 3.00384584762e-07, 2.9286908898e-08],
        "dvar": [1.18696474871e-09, 1.68775329712e-07, 4.89477031351e-07, 1.74347718485e-07, 9.45273495745e-06, 4.13939460486e-06, 4.56092834611e-07, 6.84665394601e-07, 9.7606118743e-07, 3.30536531692e-05, 7.74071224896e-07, 2.09157997233e-06, 4.5782712732e-06, 4.46724783387e-07, 1.22140207282e-07, 2.56373965613e-07, 2.92044912698e-08, 2.12613766593e-08, 4.54934223626e-07, 6.62985712552e-07, 3.52346285482e-09, 1.17833733881e-08, 9.14384179485e-10, 7.24204932134e-11, 6.79197149911e-12, 6.3581811257e-13, 3.10043429563e-15],
        "dvar2": [2.98527580433e-09, 5.05338050516e-07, 1.42807220982e-06, 3.75131179453e-07, 2.92678778351e-05, 1.09856373456e-05, 7.31642387564e-07, 1.34766730753e-06, 2.62041362475e-06, 5.72721437493e-05, 9.77958393378e-07, 4.10678194385e-06, 8.62319666339e-06, 6.74593820804e-07, 1.87738095292e-07, 7.25097720533e-07, 4.59816611453e-08, 4.30318465305e-08, 8.80383652202e-07, 1.6150885358e-06, 8.49084536014e-09, 3.1071721196e-08, 2.49606069147e-09, 1.90606183614e-10, 1.77604164014e-11, 1.68325715779e-12, 8.20880212085e-15],
        "max": [0.000582609325647, 0.00388938887045, 0.0134286852553, 0.00853787921369, 0.0432973727584, 0.0470224581659, 0.0161230545491, 0.0199635662138, 0.0190891362727, 0.249799728394, 0.0226009488106, 0.0330335088074, 0.0787335187197, 0.0216453764588, 0.0122383618727, 0.00683912821114, 0.0069263651967, 0.00233646761626, 0.00954352319241, 0.0251275543123, 0.00148739898577, 0.0024715475738, 0.000925836153328, 0.000148770399392, 6.04684828431e-05, 1.97855679289e-05, 8.95929701983e-07],
        "mean": [4.95126732858e-05, 0.000407968647778, 0.000417794770328, 0.000316605728585, 0.00310273491777, 0.00302915461361, 0.00102477439214, 0.000611565832514, 0.00137775891926, 0.00159278628416, 0.000444137462182, 0.00125505542383, 0.000904930464458, 0.000949944893364, 0.000133450608701, 0.000274732446996, 3.57010139851e-05, 0.000162612675922, 0.000333187286742, 0.000366132386262, 4.68851612823e-05, 6.1671838921e-05, 1.60745639732e-05, 4.89943158755e-06, 1.52690574851e-06, 2.79083508303e-07, 2.11419806107e-08],
        "median": [1.76123758138e-05, 9.72918351181e-05, 0.000100182922324, 5.88423718e-05, 0.00122090592049, 0.000683442456648, 0.000194371023099, 0.00023716747819, 0.00040638219798, 0.000278823048575, 5.97230391577e-05, 0.000186261429917, 0.000189088270417, 0.000132284854772, 3.99941054638e-05, 4.37700400653e-05, 4.56731459053e-06, 2.98960840155e-05, 5.67078168388e-05, 6.37970515527e-05, 1.07793484858e-05, 5.58558804187e-06, 3.74469505005e-06, 8.72092812187e-07, 3.31427600031e-07, 3.54681830572e-08, 3.94882765375e-10],
        "min": [1.12010738586e-23, 2.89564963669e-23, 5.66055070593e-24, 1.47534880642e-23, 5.07960631963e-23, 6.22422613816e-23, 1.91171336925e-23, 5.45419628938e-23, 4.22713451091e-23, 8.65820534304e-23, 3.54739073936e-23, 5.61575437168e-23, 9.99428706752e-23, 3.87693233381e-23, 2.45818120501e-22, 1.19747697017e-22, 2.07109044048e-22, 2.05525023972e-22, 3.86301575459e-22, 3.43195640756e-22, 3.9317736284e-22, 4.48147462635e-22, 4.74713824055e-22, 8.25721333474e-22, 1.17148262757e-21, 1.67054557117e-21, 2.09006346664e-21],
        "var": [6.10425532344e-09, 3.56201155682e-07, 8.70003702858e-07, 3.9766507598e-07, 2.28341687034e-05, 3.0874467484e-05, 3.58447528015e-06, 2.02499040824e-06, 5.0411013035e-06, 8.12757571111e-05, 2.68711050921e-06, 8.59070951265e-06, 1.14811919047e-05, 3.75647618966e-06, 2.87111930675e-07, 4.87461363718e-07, 5.18874223587e-08, 8.67549800887e-08, 8.50959622767e-07, 9.49387185756e-07, 8.29514057443e-09, 3.03748706187e-08, 1.38837630281e-09, 1.3612952432e-10, 1.06625246826e-11, 6.30597299638e-13, 5.10107465979e-15]
    },
    "erbbands": {
        "dmean": [0.00271925656125, 0.0651168227196, 0.281705439091, 0.393146216869, 0.76528096199, 5.79077672958, 8.21895599365, 7.35094642639, 5.66959285736, 3.60039544106, 6.91572284698, 8.08255195618, 17.3084354401, 26.279756546, 13.0442943573, 20.3358898163, 20.2037792206, 20.2866973877, 2.19082093239, 3.94707465172, 11.7997131348, 1.19567680359, 3.24304175377, 10.9295072556, 11.4165525436, 7.18375015259, 1.55569946766, 0.564057528973, 1.31382846832, 0.230735898018, 0.146195575595, 0.0723663643003, 0.0322702042758, 0.0109066814184, 0.00472267577425, 0.0010874462314, 0.000325722037815, 5.25083996763e-05, 2.75840989161e-06, 4.3221634769e-06],
        "dmean2": [0.00461902841926, 0.112262547016, 0.481197029352, 0.58887809515, 1.18536233902, 9.64776992798, 14.2601861954, 12.3665618896, 7.70024490356, 5.78427553177, 9.98885726929, 13.824303627, 26.198797226, 34.3920021057, 17.6875228882, 27.5486946106, 25.5448169708, 26.8438644409, 3.24252510071, 5.70144844055, 19.8323173523, 1.82253611088, 5.01862812042, 15.7816152573, 17.2684497833, 10.532948494, 2.35198354721, 0.871362328529, 2.08116459846, 0.389469236135, 0.247860386968, 0.120863832533, 0.0503264777362, 0.017376165837, 0.00740028917789, 0.00175710034091, 0.000507739488967, 8.91002127901e-05, 4.22742868977e-06, 6.27009967502e-06],
        "dvar": [2.50433640758e-05, 0.0138723384589, 0.459609955549, 1.0574157238, 2.60135817528, 204.704437256, 237.624435425, 304.619934082, 154.451400757, 62.5412788391, 448.069671631, 184.386871338, 2035.2623291, 38992.7578125, 1025.84545898, 3266.5246582, 11288.2548828, 1876.76416016, 31.5818634033, 587.598083496, 1134.04418945, 19.9054508209, 35.4216651917, 1598.74621582, 561.240112305, 2332.03173828, 12.3355836868, 6.99941062927, 26.3329200745, 1.10527133942, 1.14330101013, 0.0743079930544, 0.00977694429457, 0.00151628896128, 0.000180332077434, 2.10225825867e-05, 2.04446860153e-06, 2.88587447272e-08, 3.92142707195e-11, 8.12858808041e-11],
        "dvar2": [7.38900635042e-05, 0.0417727716267, 1.39341509342, 2.41136431694, 6.03283166885, 625.683898926, 677.477539062, 675.838806152, 275.267791748, 162.404937744, 846.848449707, 519.649414062, 3994.88647461, 70767.9140625, 1739.91882324, 6414.46826172, 21369.0683594, 3147.10229492, 68.9343414307, 930.088256836, 3206.43115234, 34.8185806274, 74.6197509766, 3068.02026367, 1445.18103027, 5642.86035156, 31.1706447601, 16.9246444702, 65.5482711792, 3.07617950439, 3.20560741425, 0.203501567245, 0.0244305822998, 0.00387858087197, 0.000442805700004, 5.70402080484e-05, 5.32475087311e-06, 8.01727395583e-08, 9.49801418071e-11, 1.59576990511e-10],
        "max": [0.05440922454, 1.12140715122, 11.1217870712, 22.1546630859, 19.9635219574, 179.029205322, 254.665527344, 449.372009277, 286.667236328, 136.925811768, 539.43182373, 234.33392334, 2083.16625977, 8172.18847656, 639.907104492, 1291.28662109, 3878.69433594, 1325.39147949, 163.910018921, 834.334472656, 441.483703613, 167.3722229, 110.47769928, 580.437744141, 489.269287109, 1609.9510498, 67.9387512207, 92.5150680542, 106.586853027, 28.4100875854, 36.2548980713, 5.48371744156, 1.47934257984, 0.716574549675, 0.226376116276, 0.092918202281, 0.0334420315921, 0.0025387275964, 0.0001707613701, 0.000361600308679],
        "mean": [0.00507478788495, 0.117520071566, 0.472179621458, 0.821733951569, 2.08297681808, 13.6449098587, 23.7423706055, 23.3689479828, 18.810760498, 9.68631839752, 14.0706615448, 19.6142730713, 44.9157676697, 51.4481658936, 29.7126731873, 49.9081001282, 42.4927940369, 60.4422225952, 6.62172842026, 8.22668170929, 18.5406093597, 2.41418004036, 7.37008094788, 17.1432380676, 23.4437122345, 11.6034955978, 2.96526002884, 1.51762855053, 2.7930970192, 0.527013540268, 0.32739469409, 0.164734825492, 0.0648535490036, 0.0207453314215, 0.00826963502914, 0.00182765664067, 0.000449032377219, 6.95763374097e-05, 1.11322642624e-05, 2.02764040296e-05],
        "median": [0.00210418156348, 0.026288157329, 0.140154033899, 0.209733396769, 0.739405453205, 4.55235958099, 8.36077022552, 5.40078258514, 3.74298453331, 3.66251730919, 5.5370759964, 8.20889854431, 15.5605802536, 8.34074306488, 10.1929121017, 9.6179227829, 12.1808099747, 8.1608953476, 4.38225078583, 2.51967644691, 3.30293750763, 0.889202415943, 1.99206399918, 3.43011426926, 5.58998250961, 2.24256801605, 0.718140006065, 0.475983470678, 0.335857748985, 0.11193036288, 0.087573133409, 0.0369741022587, 0.0115058235824, 0.00428773462772, 0.00169062823988, 0.000412900059018, 4.17268456658e-05, 4.507925496e-06, 8.19901742943e-06, 1.49621864693e-05],
        "min": [6.51220403991e-22, 3.80572430852e-21, 5.32732668038e-21, 3.53592085326e-20, 5.62245842215e-20, 1.28548196964e-19, 4.49794450724e-19, 3.68153016735e-19, 2.6781058006e-19, 6.21340801323e-19, 1.27569065858e-18, 1.11263195655e-18, 1.06294011523e-18, 2.55831247031e-18, 1.44981383188e-18, 3.22616403482e-18, 4.87965837464e-18, 3.34549993422e-18, 7.512036597e-18, 7.7744480658e-18, 8.20669543079e-18, 1.23875102649e-17, 1.08611527581e-17, 1.42836985693e-17, 1.71242566451e-17, 1.71216311739e-17, 1.66843024384e-17, 1.60129973948e-17, 1.90972528053e-17, 1.26646141158e-17, 1.62050488807e-17, 1.91711001816e-17, 1.0201089099e-17, 1.19003885653e-17, 9.13512543187e-18, 5.79161341945e-18, 3.16111972132e-18, 1.07418491187e-18, 3.28694407715e-19, 3.27273007693e-20],
        "var": [5.57001440029e-05, 0.0292523577809, 0.819031119347, 2.48941731453, 9.70920181274, 494.062927246, 1371.75769043, 2322.44775391, 1162.70898438, 219.092910767, 1317.91784668, 793.603271484, 8515.3515625, 92302.8046875, 3554.83764648, 14660.7617188, 27659.5488281, 14900.5244141, 115.001586914, 1324.61462402, 2105.58642578, 40.3876228333, 152.034240723, 2736.26489258, 2020.78710938, 2662.69238281, 29.8257923126, 10.6974105835, 65.7414321899, 1.77777194977, 0.956389784813, 0.121513389051, 0.0285383425653, 0.00229525309987, 0.000330061157001, 2.08069595828e-05, 1.88675096524e-06, 3.38794308163e-08, 1.70618935647e-10, 5.56914514505e-10]
    },
    "gfcc": {
        "mean": [-124.054862976, 125.856483459, -177.5859375, 10.55311203, -72.1660614014, -4.65654945374, -21.3921489716, -10.5408554077, -29.1377048492, -8.34866714478, 3.18643116951, -8.7730550766, 1.2701625824],
        "cov": [[20817.1640625, 2518.7043457, 3219.13867188, 2970.33666992, 61.0128440857, -179.223464966, -1038.91149902, -254.128585815, -48.0584335327, 270.400817871, -273.374603271, -102.652679443, -643.401123047], [2518.7043457, 1570.22924805, 792.161315918, 400.211700439, 214.918289185, -192.881912231, -112.255989075, -182.404159546, 135.533203125, -63.9187545776, 77.1801528931, -106.209983826, -27.2218284607], [3219.13867188, 792.161315918, 1076.72485352, 630.415039062, 51.3225479126, -41.305973053, -274.481994629, -68.6592941284, 62.0173377991, 39.788860321, -100.955841064, 25.8615245819, -133.042114258], [2970.33666992, 400.211700439, 630.415039062, 854.637817383, 31.9837398529, 40.4486465454, -233.38822937, -69.7513275146, -1.05279242992, 35.6166801453, -50.5346107483, -7.71946048737, -153.739562988], [61.0128440857, 214.918289185, 51.3225479126, 31.9837398529, 143.12286377, -9.63203716278, 28.6890048981, -23.261423111, 12.1952619553, -7.55671977997, 31.2754459381, -19.9044780731, -14.238822937], [-179.223464966, -192.881912231, -41.305973053, 40.4486465454, -9.63203716278, 146.151672363, 1.61067092419, 2.8913538456, -6.98189544678, -1.71150994301, -48.7414093018, 47.6173439026, 9.60951900482], [-1038.91149902, -112.255989075, -274.481994629, -233.38822937, 28.6890048981, 1.61067092419, 193.605667114, 7.74397754669, -46.99376297, -18.8115634918, 58.6197166443, -21.8683776855, 57.5743865967], [-254.128585815, -182.404159546, -68.6592941284, -69.7513275146, -23.261423111, 2.8913538456, 7.74397754669, 104.562309265, 0.94753998518, -4.06400918961, -12.7099189758, 0.337176948786, -4.17412471771], [-48.0584335327, 135.533203125, 62.0173377991, -1.05279242992, 12.1952619553, -6.98189544678, -46.99376297, 0.94753998518, 113.642906189, -18.839006424, -30.0681743622, 8.17433738708, 17.2567863464], [270.400817871, -63.9187545776, 39.788860321, 35.6166801453, -7.55671977997, -1.71150994301, -18.8115634918, -4.06400918961, -18.839006424, 97.1420211792, 12.7912187576, -18.4125022888, -43.8276367188], [-273.374603271, 77.1801528931, -100.955841064, -50.5346107483, 31.2754459381, -48.7414093018, 58.6197166443, -12.7099189758, -30.0681743622, 12.7912187576, 133.386459351, -27.0468654633, -7.15829467773], [-102.652679443, -106.209983826, 25.8615245819, -7.71946048737, -19.9044780731, 47.6173439026, -21.8683776855, 0.337176948786, 8.17433738708, -18.4125022888, -27.0468654633, 129.183319092, 13.3333864212], [-643.401123047, -27.2218284607, -133.042114258, -153.739562988, -14.238822937, 9.60951900482, 57.5743865967, -4.17412471771, 17.2567863464, -43.8276367188, -7.15829467773, 13.3333864212, 121.372673035]],
        "icov": [[0.000138255243655, -0.000235897576204, -1.6703394067e-05, -0.000309910683427, 0.000181174924364, 0.000103744278022, 0.000134441041155, -0.000242252150201, 0.000415071554016, -0.000341830222169, 0.00031183034298, -0.000101795027149, 5.71833479626e-05], [-0.000235897576204, 0.00435970397666, -0.00308591779321, 0.000581517582759, -0.00280231772922, 0.00193012331147, -0.000899536069483, 0.00446720607579, -0.00390676315874, 0.00409038551152, -0.00368654052727, 0.00293769966811, -0.00132759299595], [-1.6703394067e-05, -0.00308591779321, 0.00479263998568, -0.0012737181969, 0.000887063506525, 1.97294666577e-05, 0.00169232464395, -0.00267103640363, 0.00221531442367, -0.00336867780425, 0.00395659403875, -0.00306923524477, 0.00110637350008], [-0.000309910683427, 0.000581517582759, -0.0012737181969, 0.00384704233147, -0.00058622576762, -0.0022489214316, 0.00195255782455, 0.00171944638714, 0.000169530481799, 0.00199928251095, -0.00160807033535, 0.00154974556062, 0.00163929117844], [0.000181174924364, -0.00280231772922, 0.000887063506525, -0.00058622576762, 0.0112573504448, -0.00215670675971, -0.0029288334772, -0.00135772011708, -0.000141622222145, -0.0010765613988, 0.000259549560724, -0.000748014543205, 0.00312460609712], [0.000103744278022, 0.00193012331147, 1.97294666577e-05, -0.0022489214316, -0.00215670675971, 0.0120652625337, -0.00198659091257, 0.00182599178515, -0.000869345152751, -0.000286674970994, 0.00342202978209, -0.00270128482953, -0.00152862537652], [0.000134441041155, -0.000899536069483, 0.00169232464395, 0.00195255782455, -0.0029288334772, -0.00198659091257, 0.0136322500184, -0.000819264736492, 0.00595741160214, 0.000345396983903, -0.00186782877427, 0.00130802486092, -0.00281802727841], [-0.000242252150201, 0.00446720607579, -0.00267103640363, 0.00171944638714, -0.00135772011708, 0.00182599178515, -0.000819264736492, 0.0158908534795, -0.00438997894526, 0.00535672018304, -0.00230850931257, 0.00344367697835, 0.00164316303562], [0.000415071554016, -0.00390676315874, 0.00221531442367, 0.000169530481799, -0.000141622222145, -0.000869345152751, 0.00595741160214, -0.00438997894526, 0.0161831490695, -0.00238752691075, 0.00488173915073, -0.00217470549978, -0.00159382622223], [-0.000341830222169, 0.00409038551152, -0.00336867780425, 0.00199928251095, -0.0010765613988, -0.000286674970994, 0.000345396983903, 0.00535672018304, -0.00238752691075, 0.0176561027765, -0.00536547414958, 0.00503100967035, 0.0037079541944], [0.00031183034298, -0.00368654052727, 0.00395659403875, -0.00160807033535, 0.000259549560724, 0.00342202978209, -0.00186782877427, -0.00230850931257, 0.00488173915073, -0.00536547414958, 0.0155228320509, -0.00326756504364, 0.00233534839936], [-0.000101795027149, 0.00293769966811, -0.00306923524477, 0.00154974556062, -0.000748014543205, -0.00270128482953, 0.00130802486092, 0.00344367697835, -0.00217470549978, 0.00503100967035, -0.00326756504364, 0.0121552217752, -0.0010601048125], [5.71833479626e-05, -0.00132759299595, 0.00110637350008, 0.00163929117844, 0.00312460609712, -0.00152862537652, -0.00281802727841, 0.00164316303562, -0.00159382622223, 0.0037079541944, 0.00233534839936, -0.0010601048125, 0.0152342580259]]
    },
    "melbands": {
        "dmean": [4.35519832536e-05, 0.000125365288113, 6.87892534188e-05, 0.000202808718313, 0.000309099094011, 0.000171943334863, 7.5734584243e-05, 4.12832960137e-05, 5.23067246831e-05, 6.88536601956e-05, 9.23129700823e-05, 0.000117012008559, 3.7796493416e-05, 7.07870349288e-05, 4.37870148744e-05, 4.65095508844e-05, 3.37926394423e-05, 3.101857601e-06, 3.64572133549e-06, 7.87960652815e-06, 1.352828167e-05, 7.79051447353e-07, 5.54382665996e-07, 5.82489747103e-06, 9.99886196951e-06, 6.42879558654e-06, 1.11377676149e-05, 3.16828050018e-06, 1.28797000798e-06, 1.39843464808e-07, 4.74272923157e-07, 1.0693203194e-06, 1.71209819655e-07, 1.64182367257e-07, 1.00827953986e-07, 8.79601458337e-08, 3.22577378142e-08, 2.74566538394e-08, 1.44192000562e-08, 8.54961790253e-09],
        "dmean2": [7.47843660065e-05, 0.000215417603613, 9.88281317404e-05, 0.000331712915795, 0.000543910311535, 0.000290440075332, 0.000103303238575, 6.65612824378e-05, 7.51436818973e-05, 0.000117967392725, 0.000137975657708, 0.000152198903379, 4.92080398544e-05, 9.66034276644e-05, 5.52704368602e-05, 5.99183767918e-05, 4.48309256171e-05, 4.76415198136e-06, 5.20707726537e-06, 1.23682675621e-05, 2.28274438996e-05, 1.07896801183e-06, 6.98538201505e-07, 8.9613149612e-06, 1.42703320307e-05, 9.89215550362e-06, 1.67843681993e-05, 4.56478392152e-06, 1.96226255866e-06, 2.10740566331e-07, 7.0767782745e-07, 1.66996949247e-06, 3.05104663312e-07, 2.75984348264e-07, 1.70549270706e-07, 1.34067690283e-07, 5.43812497256e-08, 4.29788862277e-08, 2.25249667807e-08, 1.39865825588e-08],
        "dvar": [6.20699802667e-09, 7.39483780876e-08, 2.77589631281e-08, 2.32999298078e-07, 3.89631537701e-07, 1.45685660868e-07, 2.7442643713e-08, 8.27828205985e-09, 2.60236205918e-08, 1.49246268677e-08, 7.3403072065e-08, 8.05532124559e-07, 1.5262980213e-08, 3.44974502298e-08, 4.00534716505e-08, 2.15928519509e-08, 5.33467670039e-09, 9.87550041742e-11, 6.18733508873e-10, 7.22445603341e-10, 1.49167966867e-09, 4.30043431421e-11, 1.45558929493e-11, 1.24516452704e-10, 1.54306156741e-09, 2.22734705679e-10, 8.80060635478e-10, 8.80704731365e-10, 7.66616718023e-12, 1.0840912586e-12, 2.46700121269e-12, 1.3545674131e-11, 6.01518097484e-12, 2.39844521197e-13, 9.24259258538e-13, 4.48468200781e-14, 1.98069676166e-14, 6.79186126624e-15, 5.47977885534e-15, 9.89455502225e-16],
        "dvar2": [1.8357750875e-08, 2.23206058081e-07, 5.9185552459e-08, 6.88952241035e-07, 1.1738094372e-06, 3.43751565879e-07, 4.90380394069e-08, 2.10834425474e-08, 4.6941682541e-08, 4.16773602296e-08, 1.33855408535e-07, 1.44102466493e-06, 1.97849630013e-08, 6.56493881479e-08, 7.10271450544e-08, 4.15098924123e-08, 8.87698714536e-09, 2.25074431315e-10, 9.96533078279e-10, 1.47271661532e-09, 4.22743706707e-09, 6.55867860022e-11, 2.2338630945e-11, 2.59637561451e-10, 2.9433446791e-09, 5.19019438538e-10, 2.2309389891e-09, 2.12482276218e-09, 1.92988177522e-11, 2.77777302028e-12, 5.75660916505e-12, 3.09675687871e-11, 1.69304952002e-11, 6.49654429644e-13, 2.60079653126e-12, 1.01500188462e-13, 5.43296825714e-14, 1.66018254374e-14, 1.51713307851e-14, 2.5352483852e-15],
        "max": [0.000778261804953, 0.00415093870834, 0.00351252988912, 0.00568968104199, 0.0098362211138, 0.00954057183117, 0.00369594665244, 0.00201255013235, 0.00417487602681, 0.00219884002581, 0.013067166321, 0.0376323722303, 0.00320477853529, 0.00421840371564, 0.00750404875726, 0.00484704039991, 0.00223912321962, 0.00022613958572, 0.000848191499244, 0.000659052748233, 0.000506084004883, 0.000277619314147, 0.000136217655381, 0.000173501088284, 0.000569753872696, 0.000214638537727, 0.000706576160155, 0.000988359912299, 3.82361722586e-05, 3.16625155392e-05, 4.91562568641e-05, 5.66343260289e-05, 7.46603982407e-05, 8.05569470685e-06, 3.24387547153e-05, 3.69225381291e-06, 3.16280215884e-06, 1.47243031279e-06, 2.03446370506e-06, 6.11255529748e-07],
        "mean": [8.25413517305e-05, 0.000222065398702, 0.000157830145326, 0.000498565495946, 0.000849655189086, 0.000554433325306, 0.000251207849942, 0.000101890538645, 0.00010529843712, 0.000164567463798, 0.000236503154156, 0.0002248838573, 8.3308579633e-05, 0.000156364738359, 9.09085065359e-05, 0.000117084586236, 0.000100602512248, 7.17065631761e-06, 8.58095427247e-06, 1.37213055496e-05, 2.09607915167e-05, 1.51848382757e-06, 1.05609422008e-06, 1.23430518215e-05, 1.41772516145e-05, 1.23345871543e-05, 2.15406271309e-05, 4.10011080021e-06, 2.38245729633e-06, 1.93609537291e-07, 1.15767272746e-06, 2.37161566474e-06, 1.51705975782e-07, 3.49120739429e-07, 1.73946958171e-07, 1.9726749656e-07, 5.56878561042e-08, 5.43363363192e-08, 2.17482440945e-08, 1.36539641815e-08],
        "median": [2.76203172689e-05, 6.18879857939e-05, 4.38997521996e-05, 0.0001638578251, 0.000318691309076, 0.000125792590552, 5.03407354699e-05, 4.3763917347e-05, 3.68110595446e-05, 5.51644152438e-05, 7.94087245595e-05, 2.95821701002e-05, 2.03344043257e-05, 2.45302562689e-05, 1.19778515e-05, 2.11451588257e-05, 1.24637863337e-05, 3.49399920196e-06, 2.20319520849e-06, 2.95095583169e-06, 3.07396544486e-06, 2.32728609717e-07, 1.07424064311e-07, 2.25703001888e-06, 1.70897681073e-06, 3.22949972542e-06, 3.25378368871e-06, 2.1862413746e-07, 4.16429116967e-07, 3.82872684668e-08, 3.27118101495e-07, 1.72113999497e-07, 1.9088863823e-08, 6.83392826772e-08, 4.34742517541e-08, 3.85300218397e-08, 1.17560166046e-08, 6.9702270622e-09, 4.34399183291e-09, 2.53115528537e-09],
        "min": [9.97839309801e-24, 3.673297673e-24, 5.84156115152e-24, 1.08832504773e-23, 1.4365412675e-23, 9.2446364936e-24, 3.96389549226e-24, 8.14979774249e-24, 1.00300508655e-23, 6.80116192778e-24, 5.13947928461e-24, 9.50678443873e-24, 4.37458397369e-24, 4.98266793615e-24, 1.73394798188e-23, 9.03523494403e-24, 5.51457791188e-24, 7.66051781007e-24, 1.31449998896e-23, 7.90823196723e-24, 8.84156722521e-24, 1.15442386075e-23, 1.25735940149e-23, 5.59224324015e-24, 1.19596819481e-23, 1.62874044285e-23, 1.0665873544e-23, 1.10907169511e-23, 1.11828677377e-23, 7.82683335472e-24, 9.3277966325e-24, 1.1556820939e-23, 6.61721691962e-24, 6.40553201216e-24, 8.27171303994e-24, 1.30106040237e-23, 1.09499983651e-23, 6.17014459552e-24, 8.07953390166e-24, 9.09534930045e-24],
        "var": [1.38054225829e-08, 1.40547314231e-07, 7.60218625828e-08, 6.02764146151e-07, 1.62028095474e-06, 1.12052532586e-06, 2.07590588275e-07, 2.62223878167e-08, 8.0216828735e-08, 6.74954847568e-08, 2.86297193952e-07, 1.91348067347e-06, 5.59047883542e-08, 1.34752283998e-07, 1.19304246482e-07, 7.06979221832e-08, 4.25977084717e-08, 2.16675316578e-10, 1.36023603492e-09, 1.51538370741e-09, 2.72512545862e-09, 7.98841895411e-11, 3.31364068129e-11, 4.91077678522e-10, 2.58076293669e-09, 5.84840620377e-10, 2.11162687336e-09, 9.74058944614e-10, 2.17824508431e-11, 9.12990277997e-13, 5.03293543994e-12, 4.92203118541e-11, 3.62955672462e-12, 7.36726814537e-13, 6.46692064048e-13, 1.54099132001e-13, 1.94598450445e-14, 2.53124378283e-14, 4.63714836183e-15, 1.28080031949e-15]
    },
    "mfcc": {
        "mean": [-753.34588623, 149.229324341, -31.8616695404, 1.1361746788, -28.8419971466, -2.0936217308, 7.2587928772, -4.68887996674, -20.9741134644, 5.00555610657, -7.49126529694, -13.7345466614, 3.01510477066],
        "cov": [[15074.3261719, 3044.35302734, 1557.85986328, 2897.79345703, 563.520019531, 871.693603516, -602.62677002, -247.628372192, -751.194091797, 465.070129395, 434.1222229, -453.930603027, -1044.09851074], [3044.35302734, 1664.89916992, 367.033935547, 769.676452637, 225.451309204, 142.880737305, -198.24130249, -86.8942642212, -177.500839233, 23.0086154938, 106.214759827, -44.7826042175, -231.07585144], [1557.85986328, 367.033935547, 539.403747559, 417.701446533, 151.010757446, 145.350814819, -160.511795044, -25.3211288452, -60.3626899719, 52.4093093872, 63.1360549927, -83.5984039307, -167.016571045], [2897.79345703, 769.676452637, 417.701446533, 806.629577637, 192.216552734, 216.503295898, -121.294235229, -66.0486297607, -203.637405396, 94.48046875, 131.032714844, -99.1303482056, -247.393493652], [563.520019531, 225.451309204, 151.010757446, 192.216552734, 171.345535278, 81.2763137817, -68.0079727173, 2.61878824234, -34.491394043, 2.86586809158, 30.3005027771, -9.00193214417, -29.7281990051], [871.693603516, 142.880737305, 145.350814819, 216.503295898, 81.2763137817, 206.259185791, -25.1330776215, -7.48175525665, -42.6358642578, 37.5543746948, 15.840587616, -69.6616592407, -58.8836021423], [-602.62677002, -198.24130249, -160.511795044, -121.294235229, -68.0079727173, -25.1330776215, 193.034210205, 16.5833148956, -11.2297792435, -4.74233293533, -19.2633094788, 18.0782604218, 38.3497467041], [-247.628372192, -86.8942642212, -25.3211288452, -66.0486297607, 2.61878824234, -7.48175525665, 16.5833148956, 102.238037109, 31.7813625336, -36.2491149902, -32.578086853, 2.96031451225, 36.1031684875], [-751.194091797, -177.500839233, -60.3626899719, -203.637405396, -34.491394043, -42.6358642578, -11.2297792435, 31.7813625336, 139.754638672, -14.2451944351, -61.3447914124, -11.191072464, 47.35546875], [465.070129395, 23.0086154938, 52.4093093872, 94.48046875, 2.86586809158, 37.5543746948, -4.74233293533, -36.2491149902, -14.2451944351, 133.674545288, 53.6076049805, -85.7057113647, -95.5412521362], [434.1222229, 106.214759827, 63.1360549927, 131.032714844, 30.3005027771, 15.840587616, -19.2633094788, -32.578086853, -61.3447914124, 53.6076049805, 135.647247314, -4.82123422623, -101.50605011], [-453.930603027, -44.7826042175, -83.5984039307, -99.1303482056, -9.00193214417, -69.6616592407, 18.0782604218, 2.96031451225, -11.191072464, -85.7057113647, -4.82123422623, 195.546981812, 93.4554824829], [-1044.09851074, -231.07585144, -167.016571045, -247.393493652, -29.7281990051, -58.8836021423, 38.3497467041, 36.1031684875, 47.35546875, -95.5412521362, -101.50605011, 93.4554824829, 267.82144165]],
