{
"lowlevel": {
    "average_loudness": 0.944017887115,
    "barkbands_crest": {
        "dmean": 1.66964483261,
        "dmean2": 2.61196780205,
        "dvar": 4.44482374191,
        "dvar2": 10.8416347504,
        "max": 25.8280010223,
        "mean": 16.9555397034,
        "median": 16.6208553314,
        "min": 3.88977622986,
        "var": 19.8679981232
    },
    "barkbands_flatness_db": {
        "dmean": 0.0251381546259,
        "dmean2": 0.0359723940492,
        "dvar": 0.000789273995906,
        "dvar2": 0.00176441227086,
        "max": 0.408484578133,
        "mean": 0.262619882822,
        "median": 0.265508413315,
        "min": 0.0361029952765,
        "var": 0.0032209858764
    },
    "barkbands_kurtosis": {
        "dmean": 6.61440372467,
        "dmean2": 9.53807258606,
        "dvar": 224.412353516,
        "dvar2": 451.78527832,
        "max": 281.227508545,
        "mean": 17.9850139618,
        "median": 8.13743877411,
        "min": -1.59567189217,
        "var": 991.594116211
    },
    "barkbands_skewness": {
        "dmean": 0.581528127193,
        "dmean2": 0.85007661581,
        "dvar": 0.824258327484,
        "dvar2": 1.66500937939,
        "max": 13.7657136917,
        "mean": 3.08317661285,
        "median": 2.48361444473,
        "min": -1.80675113201,
        "var": 4.87859487534
    },
    "barkbands_spread": {
        "dmean": 2.17648053169,
        "dmean2": 3.30657315254,
        "dvar": 11.128950119,
        "dvar2": 26.1195735931,
        "max": 34.8831062317,
        "mean": 9.18065834045,
        "median": 7.77767372131,
        "min": 0.600128650665,
        "var": 35.2602386475
    },
    "dissonance": {
        "dmean": 0.0210036337376,
        "dmean2": 0.0348139181733,
        "dvar": 0.000430956482887,
        "dvar2": 0.00110394251533,
        "max": 0.499003052711,
        "mean": 0.445183575153,
        "median": 0.446507751942,
        "min": 0.172913148999,
        "var": 0.000903967709746
    },
    "dynamic_complexity": 1.62728977203,
    "erbbands_crest": {
        "dmean": 1.86687791348,
        "dmean2": 2.83700156212,
        "dvar": 3.93365192413,
        "dvar2": 8.80429267883,
        "max": 26.7457370758,
        "mean": 14.4792509079,
        "median": 13.8577613831,
        "min": 2.78895521164,
        "var": 25.7830505371
    },
    "erbbands_flatness_db": {
        "dmean": 0.0180626157671,
        "dmean2": 0.0227102860808,
        "dvar": 0.000378170632757,
        "dvar2": 0.000713221204933,
        "max": 0.34298184514,
        "mean": 0.214526191354,
        "median": 0.212434411049,
        "min": 0.0807946398854,
        "var": 0.00262613012455
    },
    "erbbands_kurtosis": {
        "dmean": 0.498666644096,
        "dmean2": 0.806687176228,
        "dvar": 0.435780316591,
        "dvar2": 1.1296223402,
        "max": 11.9709062576,
        "mean": -0.0433308929205,
        "median": -0.170383572578,
        "min": -1.6676671505,
        "var": 1.00553965569
    },
    "erbbands_skewness": {
        "dmean": 0.255480855703,
        "dmean2": 0.392262041569,
        "dvar": 0.0703737363219,
        "dvar2": 0.16561794281,
        "max": 2.42950892448,
        "mean": 0.616775989532,
        "median": 0.660205900669,
        "min": -1.79169952869,
        "var": 0.401211321354
    },
    "erbbands_spread": {
        "dmean": 5.04837369919,
        "dmean2": 7.33669805527,
        "dvar": 41.9455413818,
        "dvar2": 81.2324981689,
        "max": 120.79737854,
        "mean": 36.4560241699,
        "median": 33.2160644531,
        "min": 8.947057724,
        "var": 232.138153076
    },
    "hfc": {
        "dmean": 3.84771823883,
        "dmean2": 5.99378871918,
        "dvar": 43.118270874,
        "dvar2": 109.352035522,
        "max": 100.130989075,
        "mean": 18.2561225891,
        "median": 17.4273109436,
        "min": 1.17642235522e-16,
        "var": 77.9602279663
    },
    "melbands_crest": {
        "dmean": 1.70714044571,
        "dmean2": 2.52618193626,
        "dvar": 4.69055461884,
        "dvar2": 10.8317394257,
        "max": 32.1313781738,
        "mean": 20.0162506104,
        "median": 19.4088478088,
        "min": 2.08468031883,
        "var": 28.6102409363
    },
    "melbands_flatness_db": {
        "dmean": 0.0272648073733,
        "dmean2": 0.0380893535912,
        "dvar": 0.000973146408796,
        "dvar2": 0.00209647556767,
        "max": 0.510805606842,
        "mean": 0.330511659384,
        "median": 0.328556537628,
        "min": 0.00595796434209,
        "var": 0.00469988863915
    },
    "melbands_kurtosis": {
        "dmean": 12.8064260483,
        "dmean2": 18.4786472321,
        "dvar": 746.454101562,
        "dvar2": 1414.16882324,
        "max": 398.137878418,
        "mean": 40.2301101685,
        "median": 17.6506767273,
        "min": -1.1911188364,
        "var": 3977.97875977
    },
    "melbands_skewness": {
        "dmean": 0.720038831234,
        "dmean2": 1.04088997841,
        "dvar": 1.18821048737,
        "dvar2": 2.32273697853,
        "max": 14.5313739777,
        "mean": 4.22719955444,
        "median": 3.21054005623,
        "min": -0.0621089525521,
        "var": 8.06591320038
    },
    "melbands_spread": {
        "dmean": 2.08864355087,
        "dmean2": 3.22733092308,
        "dvar": 15.6298046112,
        "dvar2": 30.4408016205,
        "max": 123.179229736,
        "mean": 8.76208114624,
        "median": 7.09237957001,
        "min": 0.477200120687,
        "var": 52.9423179626
    },
    "pitch_salience": {
        "dmean": 0.0436071194708,
        "dmean2": 0.0673648640513,
        "dvar": 0.00381497456692,
        "dvar2": 0.00914934463799,
        "max": 0.922674775124,
        "mean": 0.350569427013,
        "median": 0.37783062458,
        "min": 0.0487068220973,
        "var": 0.0161976981908
    },
    "silence_rate_20dB": {
        "dmean": 0.00103145954199,
        "dmean2": 0.00206398358569,
        "dvar": 0.00103040179238,
        "dvar2": 0.00309173692949,
        "max": 1,
        "mean": 0.999484539032,
        "median": 1,
        "min": 0,
        "var": 0.000515179417562
    },
    "silence_rate_30dB": {
        "dmean": 0.0897369757295,
        "dmean2": 0.179566562176,
        "dvar": 0.0816836059093,
        "dvar2": 0.17415612936,
        "max": 1,
        "mean": 0.74742269516,
        "median": 1,
        "min": 0,
        "var": 0.188780620694
    },
    "silence_rate_60dB": {
        "dmean": 0.000515729770996,
        "dmean2": 0.00103199179284,
        "dvar": 0.000515436171554,
        "dvar2": 0.00103093462531,
        "max": 1,
        "mean": 0.00103092787322,
        "median": 0,
        "min": 0,
        "var": 0.00102987512946
    },
    "spectral_centroid": {
        "dmean": 119.336143494,
        "dmean2": 176.644577026,
        "dvar": 78809.8671875,
        "dvar2": 107975.625,
        "max": 11128.3916016,
        "mean": 686.15246582,
        "median": 592.26940918,
        "min": 168.9712677,
        "var": 154299.203125
    },
    "spectral_complexity": {
        "dmean": 2.43372869492,
        "dmean2": 3.74251794815,
        "dvar": 11.3193101883,
        "dvar2": 23.4336528778,
        "max": 45,
        "mean": 11.1319589615,
        "median": 10,
        "min": 0,
        "var": 20.9629974365
    },
    "spectral_decrease": {
        "dmean": 4.94722662836e-09,
        "dmean2": 7.45858041995e-09,
        "dvar": 1.02329150385e-16,
        "dvar2": 2.28799507391e-16,
        "max": -4.19730702159e-29,
        "mean": -1.88408009194e-08,
        "median": -1.33587834128e-08,
        "min": -1.14821659736e-07,
        "var": 2.3075242126e-16
    },
    "spectral_energy": {
        "dmean": 0.0189611483365,
        "dmean2": 0.0285782516003,
        "dvar": 0.00147579621989,
        "dvar2": 0.00329912360758,
        "max": 0.437329500914,
        "mean": 0.0727653726935,
        "median": 0.0523431003094,
        "min": 1.0828918667e-20,
        "var": 0.00333865964785
    },
    "spectral_energyband_high": {
        "dmean": 9.96704038698e-05,
        "dmean2": 0.000147501952597,
        "dvar": 5.99687766112e-08,
        "dvar2": 1.48652091525e-07,
        "max": 0.00353909446858,
        "mean": 0.000156283480464,
        "median": 7.45178185753e-05,
        "min": 7.95272766659e-21,
        "var": 6.40158361875e-08
    },
    "spectral_energyband_low": {
        "dmean": 0.0168694090098,
        "dmean2": 0.0250274538994,
        "dvar": 0.00152884353884,
        "dvar2": 0.00338834756985,
        "max": 0.41248100996,
        "mean": 0.0476486980915,
        "median": 0.0221480205655,
        "min": 5.19716458053e-23,
        "var": 0.0032551959157
    },
    "spectral_energyband_middle_high": {
        "dmean": 0.00127769692335,
        "dmean2": 0.00200593727641,
        "dvar": 7.56522968004e-06,
        "dvar2": 2.01225775527e-05,
        "max": 0.0364564098418,
        "mean": 0.00454798294231,
        "median": 0.00379155576229,
        "min": 1.5873552536e-21,
        "var": 1.23124982565e-05
    },
    "spectral_energyband_middle_low": {
        "dmean": 0.00403048750013,
        "dmean2": 0.00647889822721,
        "dvar": 3.48579815181e-05,
        "dvar2": 0.000100494216895,
        "max": 0.0702472180128,
        "mean": 0.020785190165,
        "median": 0.0240523219109,
        "min": 2.85964829689e-22,
        "var": 0.000192908453755
    },
    "spectral_entropy": {
        "dmean": 0.216566979885,
        "dmean2": 0.283648431301,
        "dvar": 0.0473896153271,
        "dvar2": 0.0965667888522,
        "max": 9.80480575562,
        "mean": 6.85561418533,
        "median": 6.81094551086,
        "min": 5.59243583679,
        "var": 0.268513560295
    },
    "spectral_flux": {
        "dmean": 0.0319320037961,
        "dmean2": 0.0483815968037,
        "dvar": 0.00268494221382,
        "dvar2": 0.0059838113375,
        "max": 0.462872117758,
        "mean": 0.0629338696599,
        "median": 0.0390897653997,
        "min": 1.04062092277e-10,
        "var": 0.00432732561603
    },
    "spectral_kurtosis": {
        "dmean": 2.53315019608,
        "dmean2": 4.13084554672,
        "dvar": 5.59594488144,
        "dvar2": 15.1243991852,
        "max": 27.262670517,
        "mean": 6.42836999893,
        "median": 5.43979787827,
        "min": -1.19795179367,
        "var": 14.3609170914
    },
    "spectral_rms": {
        "dmean": 0.000933887728024,
        "dmean2": 0.00135735655203,
        "dvar": 2.31207832257e-06,
        "dvar2": 4.72793726658e-06,
        "max": 0.0206558201462,
        "mean": 0.00788322463632,
        "median": 0.00714607862756,
        "min": 3.25035354534e-12,
        "var": 8.84532528289e-06
    },
    "spectral_rolloff": {
        "dmean": 125.78956604,
        "dmean2": 226.420562744,
        "dvar": 220654.546875,
        "dvar2": 313152.21875,
        "max": 18367.8222656,
        "mean": 481.033050537,
        "median": 366.064453125,
        "min": 86.1328125,
        "var": 324105.71875
    },
    "spectral_skewness": {
        "dmean": 0.270317584276,
        "dmean2": 0.430346935987,
        "dvar": 0.0517789982259,
        "dvar2": 0.137998908758,
        "max": 3.71978926659,
        "mean": 1.79056286812,
        "median": 1.72887063026,
        "min": 0.00701886974275,
        "var": 0.174613684416
    },
    "spectral_spread": {
        "dmean": 397089.34375,
        "dmean2": 534813.125,
        "dvar": 487375503360,
        "dvar2": 539855290368,
        "max": 40271568,
        "mean": 3745368.75,
        "median": 3512920,
        "min": 2047800.625,
        "var": 1.82578407014e+12
    },
    "spectral_strongpeak": {
        "dmean": 0.255399167538,
        "dmean2": 0.425738275051,
        "dvar": 0.177516266704,
        "dvar2": 0.410867154598,
        "max": 3.91862416267,
        "mean": 1.41991055012,
        "median": 1.15183234215,
        "min": 0,
        "var": 0.694659948349
    },
    "zerocrossingrate": {
        "dmean": 0.00405809795484,
        "dmean2": 0.00497805001214,
        "dvar": 0.000137223192723,
        "dvar2": 0.000151302825543,
        "max": 0.49462890625,
        "mean": 0.0224184021354,
        "median": 0.021484375,
        "min": 0.00341796875,
        "var": 0.00025122257648
    },
    "barkbands": {
        "dmean": [5.57591993129e-05, 0.0142399445176, 0.00384464743547, 0.000224406801863, 0.00144792022184, 0.00232998305, 0.000629522604868, 5.9872505517e-05, 4.66143646918e-05, 0.000202118273592, 0.000304946705, 0.000177718931809, 0.00039178255247, 5.98421065661e-05, 0.000273537589237, 0.000143405937706, 9.80176628218e-05, 7.33001361368e-05, 6.88794316375e-05, 3.32760573656e-05, 2.69694664894e-05, 2.29378292715e-05, 1.94853055291e-05, 1.3025573935e-05, 7.45937541069e-06, 1.79271137313e-06, 8.03692312701e-09],
        "dmean2": [9.37232834985e-05, 0.0221780147403, 0.00487962085754, 0.000379512930522, 0.00229928642511, 0.00372128770687, 0.000914704112802, 0.000104196391476, 8.04820010671e-05, 0.000290755880997, 0.000402460835176, 0.00026925894781, 0.000675895949826, 9.78474126896e-05, 0.000460320618004, 0.000231387748499, 0.000150160587509, 0.000118746087537, 0.000117432166007, 5.31528858119e-05, 4.2579624278e-05, 3.62522987416e-05, 3.03479318973e-05, 2.02720730158e-05, 1.13804553621e-05, 2.79217238131e-06, 1.48424472712e-08],
        "dvar": [1.05868629419e-08, 0.00124732416589, 7.36902438803e-05, 4.71514084666e-07, 1.10693245006e-05, 1.83536722034e-05, 3.77498895432e-06, 7.74257387093e-08, 1.59640194397e-08, 2.32700955394e-07, 3.68496728242e-07, 1.7366927807e-07, 1.67830796727e-06, 9.34816490883e-09, 3.99166083298e-07, 5.92691691281e-08, 4.20618704311e-08, 7.03601443774e-08, 3.7385987639e-08, 4.00160171665e-09, 2.78970047063e-09, 5.04869301921e-09, 2.74319966742e-09, 1.22531784719e-09, 2.91634799643e-10, 1.66928432882e-11, 6.93669585341e-16],
        "dvar2": [2.97138900152e-08, 0.00295035797171, 0.000117304771265, 1.22773781186e-06, 2.34719809669e-05, 5.48168354726e-05, 8.53347683005e-06, 2.13942868754e-07, 4.39045884093e-08, 5.08275718403e-07, 5.61633441976e-07, 3.67703478332e-07, 4.82468385599e-06, 2.4657227371e-08, 1.12473537683e-06, 1.6768244393e-07, 1.02795709722e-07, 1.85432952549e-07, 1.00558970928e-07, 1.01054231649e-08, 6.71322464285e-09, 1.33796751456e-08, 7.04726232925e-09, 3.14945269864e-09, 7.4925193827e-10, 4.20534891632e-11, 1.9440949857e-15],
        "max": [0.0016498293262, 0.376545101404, 0.109082698822, 0.00832028687, 0.0574837997556, 0.0595494657755, 0.0410543233156, 0.0045368517749, 0.00133618433028, 0.00745432451367, 0.0145995942876, 0.0084822345525, 0.0137991011143, 0.00118440855294, 0.00622814754024, 0.00292857340537, 0.0034921807237, 0.00476201064885, 0.00266177509911, 0.000745718716644, 0.00064449099591, 0.00121286674403, 0.000787172059063, 0.000548880721908, 0.000247036979999, 4.30335603596e-05, 3.3488737472e-07],
        "mean": [9.09724694793e-05, 0.0379415526986, 0.00931881181896, 0.000535989296623, 0.00581782218069, 0.011713238433, 0.00245532998815, 5.65462978557e-05, 5.20923058502e-05, 0.000854452198837, 0.0011272826232, 0.000467974925414, 0.000575787271373, 0.000138690927997, 0.000540589040611, 0.000380464131013, 0.000279235391645, 0.000123814796098, 0.000111073808512, 5.65858317714e-05, 4.14179048676e-05, 3.07653244818e-05, 2.56685871136e-05, 1.71408264578e-05, 9.98499672278e-06, 2.15429213313e-06, 5.75712766349e-09],
        "median": [6.39077406959e-05, 0.0168985053897, 0.00318102631718, 0.000127022271045, 0.00108477182221, 0.00257579516619, 3.82963480661e-05, 1.82186486199e-05, 2.54108090303e-05, 0.000199551184778, 0.000155165616889, 7.81147828093e-05, 0.000296810700092, 7.46984151192e-05, 0.00028299013502, 0.000314252742101, 0.000162155964063, 8.21300272946e-05, 8.02929498604e-05, 3.32723939209e-05, 2.25117164518e-05, 1.28939918795e-05, 9.75922921498e-06, 5.03439332533e-06, 2.50783932643e-06, 4.89499257128e-07, 1.17226695018e-09],
        "min": [8.27406700088e-24, 1.17632950257e-23, 2.22748602769e-23, 1.24155465214e-23, 1.91746795179e-23, 1.64024329703e-23, 8.6281636265e-23, 4.47623974538e-23, 8.70756973413e-23, 4.15952502926e-23, 1.48539870502e-22, 8.42283070594e-23, 1.03906309811e-22, 9.13516516137e-23, 1.75167851425e-22, 1.36974286107e-22, 1.864809246e-22, 1.47316959394e-22, 2.44722853398e-22, 3.73901313118e-22, 4.13878511875e-22, 6.46344713482e-22, 6.03219189785e-22, 1.16378708118e-21, 1.36255014094e-21, 1.69818220858e-21, 2.09625419459e-21],
        "var": [1.3880750771e-08, 0.00247761560604, 0.000255328428466, 7.40467783089e-07, 0.00011440012895, 0.000159453120432, 4.56009765912e-05, 5.04580555116e-08, 1.15682894375e-08, 1.89761340152e-06, 4.45709702035e-06, 1.34310255362e-06, 1.25093936276e-06, 2.47269174025e-08, 4.60749646436e-07, 1.10666611874e-07, 1.07759930756e-07, 5.68026869985e-08, 2.78033631673e-08, 4.64925875576e-09, 3.20505044726e-09, 4.22388080068e-09, 2.63563859626e-09, 1.22842624961e-09, 3.39805822369e-10, 1.9262615808e-11, 4.33999459261e-16]
    },
    "erbbands": {
        "dmean": [0.224442437291, 3.75722956657, 6.05857229233, 1.26666688919, 1.64418315887, 5.7613863945, 14.7192373276, 18.2228393555, 13.5256576538, 3.98196792603, 0.889842331409, 1.04015731812, 3.18018174171, 12.6292295456, 7.32541418076, 9.23400878906, 17.1347332001, 4.65481472015, 4.69979333878, 17.4430904388, 5.84695339203, 4.25479412079, 3.93881869316, 3.09135437012, 3.49471068382, 1.66755056381, 1.16435086727, 1.01660180092, 0.836003124714, 0.707779765129, 0.560709357262, 0.331260085106, 0.190881490707, 0.106121517718, 0.0422510839999, 0.0133682452142, 0.00249225459993, 0.000159128263476, 1.10649316412e-05, 2.08096134884e-05],
        "dmean2": [0.347921222448, 5.84657096863, 8.1105260849, 1.74650132656, 2.77705430984, 9.0250453949, 23.7415943146, 29.022359848, 20.8580951691, 5.68082094193, 1.48268461227, 1.76226985455, 4.75413751602, 16.341468811, 11.071931839, 14.4462280273, 29.2886962891, 7.41024017334, 7.54136991501, 29.9060134888, 9.09645843506, 6.3959774971, 6.38632917404, 5.16195678711, 5.92862081528, 2.65880656242, 1.8465461731, 1.61452722549, 1.3115016222, 1.11941301823, 0.872062444687, 0.514581024647, 0.293493390083, 0.166166231036, 0.0622137784958, 0.0207773968577, 0.00394555553794, 0.000271401077043, 1.65796063811e-05, 3.13689197355e-05],
        "dvar": [0.346333533525, 85.2090988159, 177.290054321, 7.5732460022, 28.7663784027, 209.336853027, 800.590942383, 1595.12097168, 1498.00683594, 238.266418457, 8.8816652298, 7.67725276947, 65.404510498, 614.81036377, 188.710327148, 537.966918945, 3121.83374023, 65.3914489746, 59.4503211975, 2014.96801758, 80.5824890137, 81.183303833, 242.867095947, 57.2025375366, 83.6863861084, 12.5270032883, 4.96042156219, 4.95180654526, 5.48211526871, 6.50964164734, 2.32404303551, 0.776066541672, 0.255938202143, 0.0535441301763, 0.00976143311709, 0.00093646440655, 3.74422888854e-05, 2.78963597111e-07, 4.08538008978e-10, 1.71666136861e-09],
        "dvar2": [0.787326276302, 201.304290771, 304.615509033, 13.9329423904, 75.5870895386, 467.312316895, 2274.50244141, 4660.84033203, 4129.90722656, 389.136901855, 23.9928855896, 20.8776168823, 161.124771118, 1020.2890625, 467.838592529, 1354.63623047, 8884.17480469, 167.990402222, 157.237045288, 5750.49365234, 206.625076294, 191.636520386, 646.017944336, 150.984832764, 224.112182617, 32.0540771484, 11.9011621475, 12.3194627762, 14.3881406784, 17.7421283722, 6.02471971512, 1.99064493179, 0.658062636852, 0.13674120605, 0.0248747617006, 0.00235204212368, 9.88646133919e-05, 7.86153407262e-07, 9.79046843597e-10, 3.83092713108e-09],
        "max": [6.39412879944, 98.9308319092, 139.121871948, 30.5365715027, 62.7832489014, 236.36378479, 340.351074219, 645.021057129, 743.271911621, 384.988616943, 47.2728118896, 27.891040802, 120.576377869, 576.022155762, 222.715652466, 284.94631958, 596.473937988, 108.382606506, 96.0293426514, 428.984954834, 151.494171143, 150.363555908, 276.988342285, 116.270950317, 116.485740662, 46.4492797852, 29.5699501038, 28.4673595428, 38.0169181824, 45.5547904968, 23.832611084, 13.3097238541, 8.436170578, 3.09720158577, 1.35309612751, 0.326618939638, 0.0645506009459, 0.00674547255039, 0.00020170903008, 0.000474021479022],
        "mean": [0.528114616871, 10.1997785568, 16.5282592773, 3.73345994949, 2.68740534782, 24.6956634521, 63.8085403442, 104.742195129, 53.985748291, 12.8552265167, 1.33743357658, 1.45683908463, 11.3248748779, 58.9046401978, 23.0906734467, 20.6799983978, 24.9701690674, 13.1389122009, 13.8810253143, 32.65284729, 18.7342014313, 13.3290777206, 7.09743022919, 5.50702667236, 5.45816802979, 2.78428411484, 1.86894762516, 1.49123728275, 1.13227581978, 0.921723127365, 0.721634328365, 0.427481114864, 0.254500299692, 0.136955052614, 0.0569862909615, 0.0166502725333, 0.00281048379838, 0.000151636631927, 3.80341843993e-05, 8.06725001894e-05],
        "median": [0.188224434853, 4.30763626099, 9.80735778809, 2.42932844162, 0.788407146931, 3.96212935448, 34.2961349487, 17.4112663269, 3.25766706467, 0.997926473618, 0.579712510109, 0.680708944798, 4.74011898041, 5.11241006851, 9.56850814819, 5.7455868721, 11.831987381, 6.11554288864, 9.36756134033, 21.0671806335, 16.4671707153, 6.6617898941, 4.94835138321, 4.18110895157, 3.68929934502, 1.69679236412, 1.05143475533, 0.740852832794, 0.480131447315, 0.361925840378, 0.270627081394, 0.140572890639, 0.0700138285756, 0.0360743552446, 0.0137829314917, 0.00408455217257, 0.000540808076039, 2.26914380619e-05, 3.04990135191e-05, 5.85728230362e-05],
        "min": [4.69852522369e-22, 2.51751995339e-21, 1.62873720537e-20, 5.13663133771e-20, 1.56531151631e-20, 6.51171764721e-20, 1.45253910766e-19, 1.65659668071e-19, 9.30958485409e-19, 1.11449352652e-18, 1.33202351945e-18, 1.53914623611e-18, 1.60619087912e-18, 2.18437099874e-18, 5.98317397366e-18, 4.16431878476e-18, 5.0741690685e-18, 3.98503400443e-18, 6.86792883839e-18, 1.05418155467e-17, 8.06591673516e-18, 9.84399357422e-18, 8.45558911403e-18, 7.79748421868e-18, 1.84818585537e-17, 1.80851096447e-17, 1.97624085882e-17, 1.45788498467e-17, 2.68053187997e-17, 1.53519526996e-17, 1.76596360617e-17, 2.67633559273e-17, 1.60873443883e-17, 1.32582038864e-17, 1.11584604954e-17, 5.36693682501e-18, 3.54476050596e-18, 1.08146875415e-18, 3.28009140277e-19, 3.11165991709e-20],
        "var": [0.670165240765, 171.381317139, 533.545593262, 20.5414657593, 25.5676383972, 2146.26904297, 5312.88818359, 17963.0019531, 15504.3535156, 2258.67114258, 8.77433490753, 6.29208755493, 228.640396118, 7909.45800781, 784.607910156, 1714.02490234, 2383.82739258, 279.375946045, 192.134063721, 1800.70507812, 194.151519775, 240.917175293, 189.607925415, 46.9623603821, 65.8017959595, 12.8417892456, 5.70572137833, 5.26141786575, 4.8409743309, 4.97148942947, 2.15601587296, 0.755254864693, 0.266686111689, 0.0629803240299, 0.0116041442379, 0.00110608839896, 3.68958790204e-05, 1.88075631513e-07, 7.63158980455e-10, 3.89921650523e-09]
    },
    "gfcc": {
        "mean": [-29.3771648407, 126.508674622, -119.781532288, 52.9013519287, -30.491689682, 20.5010929108, -39.2033996582, -5.25832462311, -19.8931465149, -3.56696510315, 4.3183054924, 9.13901424408, 14.008936882],
        "cov": [[2441.19067383, -167.695724487, 192.506942749, 139.533081055, -146.093856812, 234.671920776, -24.8948574066, 126.816940308, -95.1966629028, 123.045928955, -74.8556442261, 86.4296569824, -61.023639679], [-167.695724487, 614.124633789, 24.5989379883, 28.9263839722, 280.303863525, -69.4964294434, 67.7841110229, -159.48475647, 61.0480537415, -133.623031616, 96.0655975342, -29.4184894562, 188.534713745], [192.506942749, 24.5989379883, 640.027770996, 310.106658936, 204.79838562, 287.06060791, 213.261886597, 84.5158004761, 7.62447118759, 4.70694494247, -80.9709854126, -85.8366470337, -69.4526519775], [139.533081055, 28.9263839722, 310.106658936, 249.192047119, 162.521530151, 170.942077637, 136.09161377, 54.4975585938, 30.9178371429, 13.3648757935, -27.4043483734, -80.0107955933, -56.7084083557], [-146.093856812, 280.303863525, 204.79838562, 162.521530151, 330.451599121, 186.31741333, 188.055023193, -28.7292575836, 17.7316856384, -94.7828369141, -38.869342804, -110.358474731, 69.7489089966], [234.671920776, -69.4964294434, 287.06060791, 170.942077637, 186.31741333, 401.26852417, 242.317443848, 89.318687439, -80.8700180054, -86.402015686, -188.278579712, -115.806297302, 7.20675420761], [-24.8948574066, 67.7841110229, 213.261886597, 136.09161377, 188.055023193, 242.317443848, 239.010360718, 60.8962135315, -12.8891038895, -81.888710022, -100.204856873, -102.941467285, 5.26216936111], [126.816940308, -159.48475647, 84.5158004761, 54.4975585938, -28.7292575836, 89.318687439, 60.8962135315, 133.095367432, 18.0055618286, 38.6783409119, -36.0245132446, 7.5638923645, -63.4014930725], [-95.1966629028, 61.0480537415, 7.62447118759, 30.9178371429, 17.7316856384, -80.8700180054, -12.8891038895, 18.0055618286, 122.666488647, 87.8668060303, 96.8008651733, -8.36598205566, -61.5516700745], [123.045928955, -133.623031616, 4.70694494247, 13.3648757935, -94.7828369141, -86.402015686, -81.888710022, 38.6783409119, 87.8668060303, 201.153945923, 104.24382782, 0.0978225171566, -166.369293213], [-74.8556442261, 96.0655975342, -80.9709854126, -27.4043483734, -38.869342804, -188.278579712, -100.204856873, -36.0245132446, 96.8008651733, 104.24382782, 201.924301147, 83.6552734375, -35.4509048462], [86.4296569824, -29.4184894562, -85.8366470337, -80.0107955933, -110.358474731, -115.806297302, -102.941467285, 7.5638923645, -8.36598205566, 0.0978225171566, 83.6552734375, 208.590087891, 100.044342041], [-61.023639679, 188.534713745, -69.4526519775, -56.7084083557, 69.7489089966, 7.20675420761, 5.26216936111, -63.4014930725, -61.5516700745, -166.369293213, -35.4509048462, 100.044342041, 275.061340332]],
        "icov": [[0.00102073850576, -0.002718528267, 0.0007882588543, -0.00190980941989, 0.00250952783972, -0.00235425308347, 0.0012267283164, -0.00103454117198, 0.00164050399326, -0.00245082052425, 0.00165538326837, -0.00148144317791, 0.000695418857504], [-0.002718528267, 0.0174115970731, -0.0041313841939, 0.00773678254336, -0.0127627225593, 0.0100979879498, -0.00574028305709, 0.00746944639832, -0.00780671928078, 0.0109508037567, -0.0106790419668, 0.00766808586195, -0.00647112680599], [0.0007882588543, -0.0041313841939, 0.00584142189473, -0.00721406890079, 0.00304010999389, -0.00317291053943, -0.000658146454953, 0.00062688451726, 0.00145962217357, -0.0041967430152, 0.00508405687287, -0.00507156690583, 0.00275173317641], [-0.00190980941989, 0.00773678254336, -0.00721406890079, 0.0191068202257, -0.0105564547703, 0.00335834198631, -0.000262668385403, -0.00110567943193, -0.00468744942918, 0.00662850961089, -0.00792854093015, 0.00617858674377, -0.00157885521185], [0.00250952783972, -0.0127627225593, 0.00304010999389, -0.0105564547703, 0.0240159891546, -0.0126623986289, -0.000259783555521, 0.000666595064104, 0.000583063287195, -0.00543189188465, 0.00251165637746, -0.00101644091774, -0.000165145669598], [-0.00235425308347, 0.0100979879498, -0.00317291053943, 0.00335834198631, -0.0126623986289, 0.023194655776, -0.0129969595, -0.000745817262214, 0.0058510270901, -0.000835259794258, 0.000705699960236, 0.00488509284332, -0.00575435254723], [0.0012267283164, -0.00574028305709, -0.000658146454953, -0.000262668385403, -0.000259783555521, -0.0129969595, 0.0257936697453, -0.0112814977765, -0.00200416706502, 0.008091728203, -0.00201728218235, 0.00265298737213, 0.00451976247132], [-0.00103454117198, 0.00746944639832, 0.00062688451726, -0.00110567943193, 0.000666595064104, -0.000745817262214, -0.0112814977765, 0.0291215218604, -0.0160142686218, 0.00188754417468, 0.00689193885773, -0.0105180600658, 0.00363181577995], [0.00164050399326, -0.00780671928078, 0.00145962217357, -0.00468744942918, 0.000583063287195, 0.0058510270901, -0.00200416706502, -0.0160142686218, 0.0344059243798, -0.0162302404642, -0.00488171773031, 0.00517880776897, -0.00346743222326], [-0.00245082052425, 0.0109508037567, -0.0041967430152, 0.00662850961089, -0.00543189188465, -0.000835259794258, 0.008091728203, 0.00188754417468, -0.0162302404642, 0.0340071618557, -0.0156899616122, 0.00647197151557, 0.00649773422629], [0.00165538326837, -0.0106790419668, 0.00508405687287, -0.00792854093015, 0.00251165637746, 0.000705699960236, -0.00201728218235, 0.00689193885773, -0.00488171773031, -0.0156899616122, 0.0338952466846, -0.0211403016001, 0.00978311430663], [-0.00148144317791, 0.00766808586195, -0.00507156690583, 0.00617858674377, -0.00101644091774, 0.00488509284332, 0.00265298737213, -0.0105180600658, 0.00517880776897, 0.00647197151557, -0.0211403016001, 0.0266494527459, -0.0152808055282], [0.000695418857504, -0.00647112680599, 0.00275173317641, -0.00157885521185, -0.000165145669598, -0.00575435254723, 0.00451976247132, 0.00363181577995, -0.00346743222326, 0.00649773422629, 0.00978311430663, -0.0152808055282, 0.0195108950138]]
    },
    "melbands": {
        "dmean": [0.00317539996468, 0.00387182901613, 0.00024680790375, 0.000232978811255, 0.000466637109639, 0.000420773489168, 0.000188112200703, 3.51662674802e-05, 6.23590995019e-06, 6.90316210239e-06, 1.63107033586e-05, 4.97915571032e-05, 2.85220376099e-05, 1.8608827304e-05, 4.73939326184e-05, 2.3933200282e-05, 7.6186570368e-06, 4.69109272672e-06, 2.35827901633e-05, 1.81651230378e-05, 6.1825226112e-06, 5.65303753319e-06, 3.33583534484e-06, 3.56872919838e-06, 2.38492043536e-06, 3.28885948875e-06, 1.48704100411e-06, 1.14466683954e-06, 7.70971610109e-07, 6.80118887431e-07, 5.83295275192e-07, 4.80285336835e-07, 4.51413399105e-07, 3.90838096109e-07, 3.43655244706e-07, 2.65743835826e-07, 1.89197706391e-07, 1.43413913634e-07, 1.15476659346e-07, 8.32774418313e-08],
        "dmean2": [0.00496293371543, 0.0055763926357, 0.000341827369994, 0.000375596398953, 0.000745290832128, 0.000674458919093, 0.000289797433652, 5.05928328494e-05, 1.05432409327e-05, 1.17766985568e-05, 2.43706108449e-05, 6.48747518426e-05, 4.0920356696e-05, 2.77014623862e-05, 8.13671649667e-05, 3.91500834667e-05, 1.22204683066e-05, 7.35689081921e-06, 3.98413794755e-05, 3.02658809233e-05, 9.55082214205e-06, 8.58474959387e-06, 5.23518383488e-06, 5.87712202105e-06, 3.98328165829e-06, 5.67290271647e-06, 2.46006084126e-06, 1.84376619927e-06, 1.24042298921e-06, 1.09148254523e-06, 9.34617389703e-07, 7.68718166455e-07, 7.38283176815e-07, 6.19820411885e-07, 5.42248244528e-07, 4.17494788962e-07, 3.00528995467e-07, 2.26559151884e-07, 1.8219897413e-07, 1.32488096938e-07],
        "dvar": [6.47178749205e-05, 7.69347898313e-05, 3.13747335667e-07, 2.85515568521e-07, 7.61142871397e-07, 7.50680158035e-07, 2.76903847407e-07, 2.08226520471e-08, 3.46129624962e-10, 3.57480628432e-10, 1.84724480157e-09, 9.45210221204e-09, 2.78496736783e-09, 1.99590388661e-09, 2.61349057951e-08, 4.19223544768e-09, 1.47597642441e-10, 4.00641811393e-11, 3.17653059412e-09, 1.47157463992e-09, 1.41825412525e-10, 1.0535142897e-10, 2.12421011336e-10, 1.25050234057e-10, 3.00096024419e-11, 7.83346026934e-11, 1.4003641996e-11, 5.47967183781e-12, 2.0278830698e-12, 1.65573327618e-12, 1.79154456027e-12, 1.74703535059e-12, 1.8130557819e-12, 1.85618556116e-12, 9.24466774833e-13, 3.82415074e-13, 3.00017091249e-13, 1.41303554144e-13, 8.05460028102e-14, 3.0185601333e-14],
        "dvar2": [0.00015273981262, 0.000159636867465, 5.98910560257e-07, 6.90164881689e-07, 1.97933013624e-06, 2.25207577387e-06, 7.52640801238e-07, 3.63085383981e-08, 9.27544319129e-10, 9.8491237388e-10, 4.51467929707e-09, 1.61901745344e-08, 5.70583003068e-09, 4.00793975786e-09, 7.52862590048e-08, 1.13362395027e-08, 3.82141290833e-10, 1.02937533497e-10, 8.94174778665e-09, 4.21907531134e-09, 3.55150575615e-10, 2.45930165121e-10, 5.35763433618e-10, 3.39286682083e-10, 7.92360274615e-11, 2.14532669407e-10, 3.62527334541e-11, 1.42504497785e-11, 4.90357797769e-12, 4.02762241961e-12, 4.57039918064e-12, 4.54528168575e-12, 4.90745118154e-12, 5.03931228343e-12, 2.45230051543e-12, 9.29890170941e-13, 7.97669005501e-13, 3.60355517127e-13, 2.08413473111e-13, 7.77315630482e-14],
        "max": [0.0841619893909, 0.0867799371481, 0.00580834923312, 0.00738052558154, 0.0132249053568, 0.0136219672859, 0.00959719438106, 0.00340512394905, 0.000282129010884, 0.00020700020832, 0.000654542585835, 0.00216716807336, 0.00115705979988, 0.00120949221309, 0.00179802300408, 0.00075894605834, 0.000176028828719, 8.12899379525e-05, 0.000552721612621, 0.000425454985816, 0.000199932852411, 0.000157737697009, 0.000251004879829, 0.000198878828087, 8.73486424098e-05, 9.15075579542e-05, 5.84791596339e-05, 3.2654570532e-05, 1.74210163095e-05, 1.5849906049e-05, 1.79377111635e-05, 2.15628824662e-05, 2.26670035772e-05, 2.39776181843e-05, 1.48957169586e-05, 9.51364381763e-06, 8.10307301435e-06, 6.76617810313e-06, 3.86169449484e-06, 2.21405548473e-06],
        "mean": [0.00807837303728, 0.0111193442717, 0.000655900686979, 0.00077471206896, 0.00217523262836, 0.00230525480583, 0.00073571165558, 9.521200991e-05, 6.90116030455e-06, 9.27371183934e-06, 5.45464572497e-05, 0.000232306934777, 9.6051946457e-05, 5.25354698766e-05, 6.94313130225e-05, 4.36559676018e-05, 2.10135731322e-05, 1.4553173969e-05, 4.54791115772e-05, 4.07954430557e-05, 1.80827209988e-05, 1.75299119292e-05, 5.54066627956e-06, 5.90768422626e-06, 4.05778155255e-06, 4.73213822261e-06, 2.43091426455e-06, 1.75187449258e-06, 1.17920842513e-06, 1.01969021671e-06, 7.9742625303e-07, 6.35834510376e-07, 5.70054680793e-07, 4.88909108753e-07, 4.29974079452e-07, 3.41567954365e-07, 2.30849366289e-07, 1.83533416021e-07, 1.49413139638e-07, 1.03281472263e-07],
        "median": [0.00347371632233, 0.0062777348794, 0.000444122473709, 8.22168658487e-05, 0.00109751243144, 0.000425825826824, 1.77871843334e-05, 4.91256741952e-06, 3.21245943269e-06, 3.64664310837e-06, 6.57276450511e-06, 1.50997038872e-05, 2.44064158323e-05, 1.18633943202e-05, 1.76414359885e-05, 1.7984673832e-05, 9.23868174141e-06, 7.19179479347e-06, 2.20644142246e-05, 2.91267460852e-05, 1.42622011481e-05, 8.3460672613e-06, 2.91633796223e-06, 4.15678869103e-06, 3.03804017676e-06, 3.12889460474e-06, 1.49361676449e-06, 1.02442345451e-06, 6.66924961479e-07, 5.31646207946e-07, 3.76215211872e-07, 2.62430148723e-07, 2.3338640176e-07, 1.78689319341e-07, 1.6211674847e-07, 1.26389480215e-07, 6.94919606303e-08, 5.30541122146e-08, 3.92369656765e-08, 2.7117259549e-08],
        "min": [4.54303299266e-24, 7.1708134705e-24, 7.17486427125e-24, 2.38872387191e-24, 5.21800959887e-24, 3.81000805674e-24, 1.60282052455e-23, 1.18616328484e-23, 1.24098919664e-23, 1.04774951375e-23, 7.89507297847e-24, 7.36156003738e-24, 2.13622349842e-23, 9.68070302479e-24, 1.13989627721e-23, 1.08196525111e-23, 7.11691454915e-24, 1.09459877962e-23, 1.25699266005e-23, 1.16795905728e-23, 9.75779918991e-24, 1.03366353454e-23, 9.12871101699e-24, 6.36017645442e-24, 5.46568510184e-24, 1.21460448149e-23, 1.46984839487e-23, 1.02634235314e-23, 1.48292818199e-23, 7.58069691938e-24, 9.06619615684e-24, 1.81306820632e-23, 8.12668254024e-24, 8.84752628049e-24, 7.82420802563e-24, 1.75119405899e-23, 1.47560108413e-23, 1.06318444511e-23, 1.14659993829e-23, 1.10486233332e-23],
        "var": [0.000124967060401, 0.000182737378054, 7.80017444413e-07, 1.92112929653e-06, 5.883137419e-06, 7.43181999496e-06, 2.87386706077e-06, 1.76184926204e-07, 2.63479543738e-10, 3.02864455737e-10, 6.33135144312e-09, 1.21634542438e-07, 2.10316386529e-08, 1.82048705e-08, 2.52316585403e-08, 5.09255393411e-09, 7.49303230574e-10, 2.43466746763e-10, 3.55080076453e-09, 1.80889314638e-09, 3.50028644958e-10, 4.48409837039e-10, 1.97989624695e-10, 9.38831859476e-11, 2.54917007642e-11, 5.85012940868e-11, 1.28418482445e-11, 5.51865064063e-12, 2.29265868443e-12, 1.93128542672e-12, 1.77137070203e-12, 1.56917252629e-12, 1.43606318243e-12, 1.45455717783e-12, 8.10049889579e-13, 4.13804136356e-13, 2.61983197723e-13, 1.4426323634e-13, 8.74541663588e-14, 3.51058530932e-14]
    },
    "mfcc": {
        "mean": [-672.539367676, 139.252731323, -7.77632331848, 41.0681724548, 31.2271785736, 26.4729099274, 6.7462015152, 6.0347442627, -5.87548446655, -7.29545783997, -13.9672822952, -3.26821660995, 9.83598899841],
        "cov": [[1784.70788574, -214.108825684, 238.273254395, -132.73475647, -92.8182296753, 0.424338579178, 56.2431678772, 24.9512710571, 29.7768001556, 44.131072998, 45.9578552246, 15.115187645, -4.91228103638], [-214.108825684, 523.579833984, -92.7696228027, 129.629806519, 151.298690796, 117.565628052, 31.9985256195, 22.3381290436, -5.46719837189, -9.68314933777, -72.1130599976, -91.8636169434, -32.5877456665], [238.273254395, -92.7696228027, 443.409545898, 106.612014771, 73.1011810303, 135.100952148, 150.077148438, 107.226860046, 103.264556885, 106.31388855, 107.921447754, 23.6884727478, -45.7250137329], [-132.73475647, 129.629806519, 106.612014771, 186.993591309, 100.717025757, 52.4338645935, 20.8103084564, 6.26728773117, -2.97898435593, 16.8867664337, 43.6291046143, 70.0664367676, 53.4031829834], [-92.8182296753, 151.298690796, 73.1011810303, 100.717025757, 158.620346069, 129.998031616, 81.9136734009, 45.1432685852, 50.7760734558, 56.5797042847, 6.15047931671, -55.6428985596, -44.5940361023], [0.424338579178, 117.565628052, 135.100952148, 52.4338645935, 129.998031616, 262.950622559, 204.171112061, 116.343261719, 123.484275818, 161.631011963, 37.1120376587, -145.22555542, -176.897354126], [56.2431678772, 31.9985256195, 150.077148438, 20.8103084564, 81.9136734009, 204.171112061, 234.95765686, 152.79699707, 140.766464233, 152.590637207, 44.3027381897, -123.833885193, -164.210678101], [24.9512710571, 22.3381290436, 107.226860046, 6.26728773117, 45.1432685852, 116.343261719, 152.79699707, 192.359039307, 142.648147583, 79.6616668701, -5.5131072998, -114.143875122, -125.195335388], [29.7768001556, -5.46719837189, 103.264556885, -2.97898435593, 50.7760734558, 123.484275818, 140.766464233, 142.648147583, 171.90145874, 126.229148865, 17.921787262, -128.247390747, -159.57081604], [44.131072998, -9.68314933777, 106.31388855, 16.8867664337, 56.5797042847, 161.631011963, 152.590637207, 79.6616668701, 126.229148865, 225.176315308, 112.933792114, -82.4641494751, -170.570175171], [45.9578552246, -72.1130599976, 107.921447754, 43.6291046143, 6.15047931671, 37.1120376587, 44.3027381897, -5.5131072998, 17.921787262, 112.933792114, 187.558242798, 133.217208862, 16.7163581848], [15.115187645, -91.8636169434, 23.6884727478, 70.0664367676, -55.6428985596, -145.22555542, -123.833885193, -114.143875122, -128.247390747, -82.4641494751, 133.217208862, 367.199279785, 288.626861572], [-4.91228103638, -32.5877456665, -45.7250137329, 53.4031829834, -44.5940361023, -176.897354126, -164.210678101, -125.195335388, -159.57081604, -170.570175171, 16.7163581848, 288.626861572, 352.680023193]],
