{
"lowlevel": {
    "average_loudness": 0.792473912239,
    "barkbands_crest": {
        "dmean": 1.74838614464,
        "dmean2": 2.53021407127,
        "dvar": 3.09024071693,
        "dvar2": 7.00433444977,
        "max": 24.8253250122,
        "mean": 12.6784658432,
        "median": 11.7008457184,
        "min": 4.14393472672,
        "var": 19.6451969147
    },
    "barkbands_flatness_db": {
        "dmean": 0.0165543612093,
        "dmean2": 0.0242262817919,
        "dvar": 0.0002642928157,
        "dvar2": 0.000550191733055,
        "max": 0.471285521984,
        "mean": 0.286523461342,
        "median": 0.285233855247,
        "min": 0.076937995851,
        "var": 0.00249584484845
    },
    "barkbands_kurtosis": {
        "dmean": 0.716890633106,
        "dmean2": 1.07257533073,
        "dvar": 1.05424380302,
        "dvar2": 2.37701869011,
        "max": 17.4778461456,
        "mean": 0.510851681232,
        "median": -0.0984380245209,
        "min": -1.70476102829,
        "var": 3.83840823174
    },
    "barkbands_skewness": {
        "dmean": 0.278277605772,
        "dmean2": 0.398297578096,
        "dvar": 0.0839166641235,
        "dvar2": 0.179007798433,
        "max": 3.17081952095,
        "mean": 0.0420122407377,
        "median": 0.021744966507,
        "min": -3.19897413254,
        "var": 0.842993140221
    },
    "barkbands_spread": {
        "dmean": 1.26318216324,
        "dmean2": 1.77279388905,
        "dvar": 1.7206953764,
        "dvar2": 3.46487188339,
        "max": 25.1707401276,
        "mean": 9.65183544159,
        "median": 9.22640800476,
        "min": 1.51497042179,
        "var": 14.1551084518
    },
    "dissonance": {
        "dmean": 0.0237830244005,
        "dmean2": 0.0406961031258,
        "dvar": 0.000681815785356,
        "dvar2": 0.00182915129699,
        "max": 0.499999970198,
        "mean": 0.444669127464,
        "median": 0.449321627617,
        "min": 0.206079214811,
        "var": 0.00107733707409
    },
    "dynamic_complexity": 3.18024110794,
    "erbbands_crest": {
        "dmean": 2.11631655693,
        "dmean2": 3.07296466827,
        "dvar": 5.1051940918,
        "dvar2": 10.5194692612,
        "max": 33.5545654297,
        "mean": 15.867102623,
        "median": 14.435883522,
        "min": 3.66346502304,
        "var": 39.324596405
    },
    "erbbands_flatness_db": {
        "dmean": 0.0139400633052,
        "dmean2": 0.0203830767423,
        "dvar": 0.000210564336157,
        "dvar2": 0.000410695705796,
        "max": 0.495273798704,
        "mean": 0.364116251469,
        "median": 0.362797707319,
        "min": 0.0981371924281,
        "var": 0.0019717682153
    },
    "erbbands_kurtosis": {
        "dmean": 0.865323483944,
        "dmean2": 1.29958510399,
        "dvar": 1.88341701031,
        "dvar2": 4.66832685471,
        "max": 26.5542221069,
        "mean": 1.24712300301,
        "median": 0.497051239014,
        "min": -1.8240916729,
        "var": 7.54216146469
    },
    "erbbands_skewness": {
        "dmean": 0.275538951159,
        "dmean2": 0.394162088633,
        "dvar": 0.0848564878106,
        "dvar2": 0.182903334498,
        "max": 2.41011786461,
        "mean": -0.259567588568,
        "median": -0.217264086008,
        "min": -4.40897941589,
        "var": 0.958510935307
    },
    "erbbands_spread": {
        "dmean": 1.92678487301,
        "dmean2": 2.7401061058,
        "dvar": 4.10426425934,
        "dvar2": 8.46434879303,
        "max": 35.7851104736,
        "mean": 12.8675775528,
        "median": 12.2916326523,
        "min": 1.68351221085,
        "var": 27.8533363342
    },
    "hfc": {
        "dmean": 5.05090427399,
        "dmean2": 6.42531204224,
        "dvar": 69.0861587524,
        "dvar2": 119.876922607,
        "max": 226.86869812,
        "mean": 21.2448596954,
        "median": 13.5347309113,
        "min": 1.23779968607e-16,
        "var": 495.22064209
    },
    "melbands_crest": {
        "dmean": 1.92316603661,
        "dmean2": 2.75916743279,
        "dvar": 4.00411748886,
        "dvar2": 8.56626033783,
        "max": 31.2255172729,
        "mean": 14.4961185455,
        "median": 13.0673208237,
        "min": 2.42179608345,
        "var": 29.8371582031
    },
    "melbands_flatness_db": {
        "dmean": 0.013577840291,
        "dmean2": 0.018839340657,
        "dvar": 0.000208535042475,
        "dvar2": 0.000380501092877,
        "max": 0.470798164606,
        "mean": 0.27126994729,
        "median": 0.2696839571,
        "min": 0.00339425657876,
        "var": 0.00220567313954
    },
    "melbands_kurtosis": {
        "dmean": 0.848324656487,
        "dmean2": 1.24859046936,
        "dvar": 1.86801290512,
        "dvar2": 3.97026085854,
        "max": 22.0509204865,
        "mean": 0.858048677444,
        "median": -0.0246098041534,
        "min": -1.80245995522,
        "var": 8.06814861298
    },
    "melbands_skewness": {
        "dmean": 0.290671467781,
        "dmean2": 0.414095163345,
        "dvar": 0.08724860847,
        "dvar2": 0.175330474973,
        "max": 4.59115552902,
        "mean": 0.484488338232,
        "median": 0.372742325068,
        "min": -2.28282094002,
        "var": 0.891783952713
    },
    "melbands_spread": {
        "dmean": 2.54719996452,
        "dmean2": 3.54418110847,
        "dvar": 13.2266626358,
        "dvar2": 19.0866451263,
        "max": 136.333709717,
        "mean": 21.0041828156,
        "median": 21.1737995148,
        "min": 3.62753558159,
        "var": 64.6527481079
    },
    "pitch_salience": {
        "dmean": 0.0434017181396,
        "dmean2": 0.064293473959,
        "dvar": 0.00204430310987,
        "dvar2": 0.00451936060563,
        "max": 0.971854031086,
        "mean": 0.482037186623,
        "median": 0.461831957102,
        "min": 0.181627452374,
        "var": 0.0149319777265
    },
    "silence_rate_20dB": {
        "dmean": 0,
        "dmean2": 0,
        "dvar": 0,
        "dvar2": 0,
        "max": 1,
        "mean": 1,
        "median": 1,
        "min": 1,
        "var": 0
    },
    "silence_rate_30dB": {
        "dmean": 0.00103092787322,
        "dmean2": 0.00206291908398,
        "dvar": 0.00102986802813,
        "dvar2": 0.00309013342485,
        "max": 1,
        "mean": 0.999484777451,
        "median": 1,
        "min": 0,
        "var": 0.000514924875461
    },
    "silence_rate_60dB": {
        "dmean": 0.0577319599688,
        "dmean2": 0.115007735789,
        "dvar": 0.0543997623026,
        "dvar2": 0.110034584999,
        "max": 1,
        "mean": 0.133436366916,
        "median": 0,
        "min": 0,
        "var": 0.115632265806
    },
    "spectral_centroid": {
        "dmean": 99.7512359619,
        "dmean2": 142.103057861,
        "dvar": 57502.8203125,
        "dvar2": 68001.921875,
        "max": 11093.9941406,
        "mean": 1850.36950684,
        "median": 1837.24816895,
        "min": 991.088195801,
        "var": 128526.96875
    },
    "spectral_complexity": {
        "dmean": 1.07731962204,
        "dmean2": 1.62661170959,
        "dvar": 1.38268172741,
        "dvar2": 2.41343045235,
        "max": 22,
        "mean": 9.12261676788,
        "median": 9,
        "min": 0,
        "var": 11.3265733719
    },
    "spectral_decrease": {
        "dmean": 6.52120024647e-10,
        "dmean2": 7.95429666578e-10,
        "dvar": 1.06193353982e-18,
        "dvar2": 1.60148866753e-18,
        "max": 1.40452196758e-28,
        "mean": -3.07399417032e-09,
        "median": -2.09765982362e-09,
        "min": -2.77246670066e-08,
        "var": 8.51898175463e-18
    },
    "spectral_energy": {
        "dmean": 0.0029114515055,
        "dmean2": 0.00357286771759,
        "dvar": 2.13606690522e-05,
        "dvar2": 3.29532922478e-05,
        "max": 0.125216722488,
        "mean": 0.0135289188474,
        "median": 0.00915602501482,
        "min": 1.06971117984e-20,
        "var": 0.00016864007921
    },
    "spectral_energyband_high": {
        "dmean": 4.63988435513e-05,
        "dmean2": 5.79331463086e-05,
        "dvar": 5.56451018596e-09,
        "dvar2": 6.57994725373e-09,
        "max": 0.00142000685446,
        "mean": 0.000150963634951,
        "median": 9.27615183173e-05,
        "min": 8.00622945011e-21,
        "var": 3.06454808197e-08
    },
    "spectral_energyband_low": {
        "dmean": 5.65425295918e-07,
        "dmean2": 9.66268089542e-07,
        "dvar": 3.30097169217e-13,
        "dvar2": 9.20890642388e-13,
        "max": 5.56605982638e-06,
        "mean": 9.57813995228e-07,
        "median": 7.56015595016e-07,
        "min": 6.19610103808e-23,
        "var": 5.05095368742e-13
    },
    "spectral_energyband_middle_high": {
        "dmean": 0.00272905733436,
        "dmean2": 0.00342767103575,
        "dvar": 1.91281396837e-05,
        "dvar2": 3.13319687848e-05,
        "max": 0.117733247578,
        "mean": 0.0114300092682,
        "median": 0.00720202550292,
        "min": 1.33606077234e-21,
        "var": 0.000141048920341
    },
    "spectral_energyband_middle_low": {
        "dmean": 0.000350861548213,
        "dmean2": 0.000411753047956,
        "dvar": 3.06559456931e-07,
        "dvar2": 3.49388898258e-07,
        "max": 0.0146395852789,
        "mean": 0.00196631555445,
        "median": 0.00127885339316,
        "min": 2.7600680498e-22,
        "var": 4.51198229712e-06
    },
    "spectral_entropy": {
        "dmean": 0.135958850384,
        "dmean2": 0.198613807559,
        "dvar": 0.0301666501909,
        "dvar2": 0.0593769140542,
        "max": 9.79199123383,
        "mean": 6.1100692749,
        "median": 6.14261674881,
        "min": 4.42893457413,
        "var": 0.227303698659
    },
    "spectral_flux": {
        "dmean": 0.0102164335549,
        "dmean2": 0.016186799854,
        "dvar": 0.000181020848686,
        "dvar2": 0.000421818927862,
        "max": 0.160106867552,
        "mean": 0.0264498125762,
        "median": 0.0201549679041,
        "min": 1.03426843479e-10,
        "var": 0.00037803905434
    },
    "spectral_kurtosis": {
        "dmean": 5.88873147964,
        "dmean2": 10.250711441,
        "dvar": 25.9115219116,
        "dvar2": 74.773399353,
        "max": 46.7728919983,
        "mean": 12.1488008499,
        "median": 10.3861198425,
        "min": -1.22372686863,
        "var": 56.4567298889
    },
    "spectral_rms": {
        "dmean": 0.000376849638997,
        "dmean2": 0.000453584070783,
        "dvar": 2.26792039371e-07,
        "dvar2": 3.0623573366e-07,
        "max": 0.0110527221113,
        "mean": 0.00329860020429,
        "median": 0.00298876361921,
        "min": 3.23051177822e-12,
        "var": 2.31818307839e-06
    },
    "spectral_rolloff": {
        "dmean": 150.254821777,
        "dmean2": 264.539306641,
        "dvar": 237717.6875,
        "dvar2": 343497.3125,
        "max": 19207.6171875,
        "mean": 2113.66015625,
        "median": 2024.12109375,
        "min": 839.794921875,
        "var": 342928.125
    },
    "spectral_skewness": {
        "dmean": 0.501480460167,
        "dmean2": 0.87058287859,
        "dvar": 0.184511005878,
        "dvar2": 0.537540137768,
        "max": 4.51453781128,
        "mean": 1.95431888103,
        "median": 1.82901036739,
        "min": 0.00204764259979,
        "var": 0.412009388208
    },
    "spectral_spread": {
        "dmean": 214914.046875,
        "dmean2": 340645.75,
        "dvar": 666587430912,
        "dvar2": 527343058944,
        "max": 40827132,
        "mean": 2118485.5,
        "median": 2071044.25,
        "min": 1144867.375,
        "var": 954499727360
    },
    "spectral_strongpeak": {
        "dmean": 0.912161171436,
        "dmean2": 1.33578276634,
        "dvar": 1.60446429253,
        "dvar2": 3.05852651596,
        "max": 24.5937309265,
        "mean": 4.12442159653,
        "median": 2.78165340424,
        "min": 3.87655152423e-09,
        "var": 13.0388679504
    },
    "zerocrossingrate": {
        "dmean": 0.00451232260093,
        "dmean2": 0.00523989507928,
        "dvar": 0.000147561819176,
        "dvar2": 0.000168098165886,
        "max": 0.5166015625,
        "mean": 0.0757185593247,
        "median": 0.0751953125,
        "min": 0.0107421875,
        "var": 0.000317634636303
    },
    "barkbands": {
        "dmean": [9.15881983587e-08, 3.0501900028e-07, 2.78936568066e-07, 2.94718688565e-07, 1.07918322101e-05, 3.11172188958e-05, 0.000109043947305, 2.99502917187e-05, 0.000222539689275, 0.000307527749101, 0.00027755839983, 0.000340879691066, 0.000337543955538, 0.000521671958268, 0.000731805863325, 0.000861966458615, 0.000205349933822, 5.95808269281e-05, 5.96186728217e-05, 2.92085787805e-05, 3.41234372172e-05, 7.31855379854e-06, 6.28082489129e-07, 2.5798618708e-07, 1.39904869911e-07, 6.30471674867e-08, 5.13146147796e-09],
        "dmean2": [1.51901716094e-07, 5.22658581303e-07, 4.92739161473e-07, 5.25021732756e-07, 1.32728864628e-05, 4.06322942581e-05, 0.000143377255881, 4.10075044783e-05, 0.000247646443313, 0.000338157144142, 0.000316479126923, 0.000381616293453, 0.000424861180363, 0.000650587549899, 0.00100111891516, 0.00125135201961, 0.00028641850804, 7.79816982686e-05, 8.59156643855e-05, 4.09168787883e-05, 4.34581379523e-05, 9.63566799328e-06, 8.8990640279e-07, 3.49913705122e-07, 2.01948807899e-07, 9.85493784356e-08, 8.56427906371e-09],
        "dvar": [1.615754141e-14, 1.12300671692e-13, 1.08035067979e-13, 1.39107367118e-13, 2.88840640295e-09, 6.0932721091e-09, 8.54116066762e-08, 3.79180287169e-09, 2.06781393786e-07, 5.74220280214e-07, 1.248334911e-06, 1.14036288323e-06, 1.10665814645e-06, 1.1732998928e-06, 4.05008995585e-06, 6.91304148859e-06, 2.46343830668e-07, 2.41158950587e-08, 2.50994816042e-08, 3.43068462527e-09, 3.57555540731e-09, 2.550318845e-10, 2.06534572431e-12, 4.37556322555e-13, 8.67328127721e-14, 1.347892084e-14, 5.99253112346e-17],
        "dvar2": [3.93816381415e-14, 3.05291355347e-13, 3.0728685655e-13, 4.01789034985e-13, 4.76140771255e-09, 1.00596366792e-08, 1.31770292455e-07, 6.86945877959e-09, 2.46677615223e-07, 7.038519243e-07, 1.48405945311e-06, 1.55867223839e-06, 1.82945257166e-06, 1.66313350292e-06, 1.02198519016e-05, 1.43332672451e-05, 6.37043513052e-07, 2.86138934769e-08, 4.34843236974e-08, 5.44440581507e-09, 4.67840699514e-09, 3.9072459157e-10, 3.83970893275e-12, 5.74612026797e-13, 1.80733222442e-13, 2.78502722051e-14, 1.46992006554e-16],
        "max": [1.39463782034e-06, 3.9709552766e-06, 2.80449057755e-06, 3.77175774702e-06, 0.00173249025829, 0.00275414390489, 0.00748505908996, 0.00195137783885, 0.01329722628, 0.0247410107404, 0.0335586182773, 0.0375916585326, 0.0277489796281, 0.0238203089684, 0.0408640354872, 0.0717550292611, 0.00889738183469, 0.00465520191938, 0.00542148482054, 0.00131589372177, 0.00123170181178, 0.000360216770787, 3.06332440232e-05, 2.75516758848e-05, 7.07713661541e-06, 2.58561931332e-06, 1.00372695044e-07],
        "mean": [1.08670995758e-07, 4.07656216339e-07, 3.1184299587e-07, 3.13073996949e-07, 4.5925116865e-05, 0.000103313788713, 0.000453908811323, 0.000173187378095, 0.00115571869537, 0.00145047984552, 0.000799147703219, 0.00125346821733, 0.00077777937986, 0.00143648171797, 0.00206980900839, 0.00269984360784, 0.0005847652792, 0.000162417883985, 0.000155520508997, 8.55681209941e-05, 9.79863980319e-05, 1.97462941287e-05, 1.56807141138e-06, 6.50243009659e-07, 3.43599566577e-07, 1.59322226523e-07, 6.37274988335e-09],
        "median": [5.01672481334e-08, 2.83408468249e-07, 2.135806767e-07, 2.08538011748e-07, 8.2945689428e-07, 1.4053468476e-05, 2.88377977995e-05, 1.68332062458e-05, 0.0001606286678, 0.000123645499116, 3.37617275363e-05, 8.82267049747e-05, 0.000188400648767, 0.000355173018761, 0.000577969825827, 0.000341841456247, 0.000126234546769, 6.63111204631e-05, 4.37685594079e-05, 3.61774182238e-05, 5.93726981606e-05, 8.50247124617e-06, 6.69591713631e-07, 3.04084778691e-07, 1.67471526424e-07, 7.84902596251e-08, 1.60656687953e-09],
        "min": [2.78949262467e-23, 1.04105965773e-23, 2.35010435799e-23, 1.78240123863e-23, 6.72917284815e-23, 3.07457528068e-23, 3.30782504205e-23, 4.11862259132e-23, 4.18792339075e-23, 1.49736225397e-22, 3.82245265306e-23, 8.65027066451e-23, 7.20119818376e-23, 1.01356238049e-22, 8.54260566599e-23, 1.09246582595e-22, 1.56828400479e-22, 1.63104565219e-22, 3.00832926621e-22, 2.48687832391e-22, 4.69102637504e-22, 5.81058080095e-22, 4.75585382827e-22, 8.5278272089e-22, 1.15640758403e-21, 1.84220513727e-21, 2.71869468084e-21],
        "var": [2.30834909564e-14, 1.55469211181e-13, 1.04608690959e-13, 1.20969491477e-13, 3.80150169121e-08, 6.47002451615e-08, 7.73098520312e-07, 8.92223681603e-08, 3.49734159499e-06, 8.38224968902e-06, 6.65089191898e-06, 1.03292704807e-05, 3.55472866431e-06, 8.13844781078e-06, 1.95662814804e-05, 4.43157332484e-05, 1.20802758374e-06, 1.28605762484e-07, 1.364370803e-07, 1.89964790565e-08, 1.70406906363e-08, 1.06381070619e-09, 7.0290917184e-12, 2.3573146473e-12, 3.02701494512e-13, 6.1986819757e-14, 1.11386301637e-16]
    },
    "erbbands": {
        "dmean": [1.17279087135e-05, 6.74971161061e-05, 0.000266819173703, 0.000666509848088, 0.00282347318716, 0.0426173321903, 0.191810429096, 0.263864278793, 1.29253828526, 1.26487672329, 1.40809714794, 4.28262710571, 6.74671125412, 10.4570980072, 13.152504921, 9.89126873016, 15.2064065933, 21.00548172, 23.972366333, 38.8385467529, 57.5258483887, 15.3113975525, 4.02619743347, 3.92936491966, 1.86314415932, 1.33815693855, 1.58704137802, 0.975469231606, 0.306307703257, 0.0688716620207, 0.0129637466744, 0.00513581326231, 0.0042538237758, 0.00212804810144, 0.00100462127011, 0.000334821728757, 0.000114986374683, 2.02812607313e-05, 2.17488695853e-06, 3.83904762202e-06],
        "dmean2": [2.00417507585e-05, 0.000117152638268, 0.000469622609671, 0.0011786656687, 0.00440062815323, 0.0545412898064, 0.244349136949, 0.34360563755, 1.77389585972, 1.53916394711, 1.74102640152, 4.84364366531, 7.31140041351, 11.4861431122, 14.7720785141, 11.2385454178, 18.4129600525, 25.6507968903, 32.1023368835, 52.5913543701, 83.6895980835, 21.3891048431, 5.3896651268, 5.30885314941, 2.71011734009, 1.80352973938, 2.0434088707, 1.26442122459, 0.396381556988, 0.0954187512398, 0.0178858619183, 0.00760575709864, 0.0055938619189, 0.00289494777098, 0.00147687247954, 0.00051120162243, 0.000178368587513, 3.25871042151e-05, 2.73864270639e-06, 4.73802174383e-06],
        "dvar": [2.03590311276e-10, 5.96135940611e-09, 9.55374517275e-08, 7.15824398867e-07, 0.000205740972888, 0.0649957209826, 0.319804042578, 0.295064240694, 16.6129283905, 16.0812721252, 11.9024391174, 92.7453842163, 223.379592896, 559.937316895, 1562.81750488, 639.216796875, 2336.58691406, 2972.04492188, 2173.21679688, 9207.9765625, 32951.7460938, 1136.17358398, 59.117023468, 88.1898117065, 12.1287956238, 9.14033699036, 7.93067121506, 3.52143406868, 0.357991695404, 0.0168893449008, 0.000509115867317, 0.000115952578199, 0.000135124282679, 2.84269790427e-05, 6.10733104622e-06, 4.88050034164e-07, 4.14826040185e-08, 7.90406518014e-10, 1.07400329949e-11, 3.75140370157e-11],
        "dvar2": [5.15044729088e-10, 1.68347966678e-08, 2.70777803735e-07, 2.03929016607e-06, 0.000409954722272, 0.110978834331, 0.539976358414, 0.461939394474, 28.2547054291, 20.1149158478, 17.448638916, 114.856842041, 241.725402832, 725.702453613, 1972.64990234, 919.138061523, 3756.11425781, 3889.53857422, 5239.41015625, 17913.3183594, 68277.96875, 2916.65332031, 93.7038803101, 127.979324341, 22.5707206726, 13.3348989487, 10.2009267807, 5.37410211563, 0.528738737106, 0.0309104472399, 0.000960819947068, 0.000238725173404, 0.000178646892891, 4.70759805467e-05, 1.30300904857e-05, 1.08870472104e-06, 8.72611849445e-08, 1.68102731735e-09, 1.65713900935e-11, 5.91793350435e-11],
        "max": [0.00019607268041, 0.000852240773384, 0.00302086956799, 0.00893287081271, 0.519255161285, 9.55021572113, 18.9461460114, 21.8121852875, 114.42742157, 119.282554626, 137.662643433, 301.600799561, 556.925048828, 510.506591797, 1002.32904053, 867.358764648, 1341.47558594, 1484.97546387, 894.820739746, 2401.7265625, 4952.61474609, 594.959472656, 206.092773438, 244.165176392, 100.259910583, 74.5873947144, 65.6665496826, 43.1300506592, 12.308760643, 2.41841197014, 0.40888389945, 0.237746521831, 0.474033981562, 0.212451860309, 0.0572876594961, 0.0174773018807, 0.00360548379831, 0.000473507563584, 8.89652001206e-05, 0.000166897953022],
        "mean": [1.4741405721e-05, 8.30099888844e-05, 0.000322736537782, 0.000873600482009, 0.00640471233055, 0.157036498189, 0.753392875195, 0.933377385139, 4.8548541069, 6.39849948883, 7.71401691437, 20.8865070343, 33.9866409302, 46.2890434265, 45.2505683899, 35.6752815247, 38.5781478882, 58.5404777527, 70.5583267212, 112.882423401, 182.077087402, 44.7654533386, 13.3493700027, 11.1352758408, 5.5583691597, 3.72213244438, 4.45377159119, 2.77427268028, 0.87599748373, 0.193641081452, 0.036182127893, 0.0126597573981, 0.0102555565536, 0.00497719878331, 0.00252274982631, 0.000910415314138, 0.000255763006862, 3.96487266698e-05, 9.67498635873e-06, 1.75735949597e-05],
        "median": [8.57268150867e-06, 5.82644315728e-05, 0.000229136639973, 0.000609735434409, 0.00143307331018, 0.00386712909676, 0.0356464907527, 0.307958871126, 0.398351222277, 0.673197865486, 2.24279642105, 4.35445356369, 7.78152036667, 10.2612752914, 8.24774265289, 7.09322452545, 11.7442207336, 15.480091095, 26.2915229797, 40.6176223755, 17.5714035034, 17.6949424744, 6.61128425598, 3.88095593452, 2.65208244324, 1.69938230515, 2.24418091774, 1.50665688515, 0.406395465136, 0.0926552712917, 0.019712837413, 0.00670142984018, 0.00423553073779, 0.0023641420994, 0.00105504435487, 0.000461590534542, 0.000136219576234, 2.00285485334e-05, 6.60966588839e-06, 1.17775953186e-05],
        "min": [6.45486483304e-22, 1.5241116816e-21, 1.87770919934e-20, 6.11921850785e-20, 1.04456555161e-19, 3.35496753332e-19, 9.56970937529e-20, 3.00760234086e-19, 4.3747959256e-19, 6.60438526952e-19, 1.06420797631e-18, 1.22604110687e-18, 4.24394236334e-18, 1.92675345518e-18, 2.36651823758e-18, 3.68858405342e-18, 3.10718940654e-18, 5.7499053186e-18, 4.35838569622e-18, 4.30179165307e-18, 6.68024610689e-18, 1.00741995931e-17, 1.028755677e-17, 1.1969593804e-17, 1.31796647416e-17, 1.23646676723e-17, 1.77328713244e-17, 1.7798168962e-17, 2.31257845158e-17, 1.54817522269e-17, 1.37685031868e-17, 1.74017128749e-17, 1.59494103668e-17, 1.26692504631e-17, 7.68705477972e-18, 7.14755848523e-18, 3.45977576303e-18, 1.28791400989e-18, 3.41322095248e-19, 4.49539737257e-20],
        "var": [2.97807806193e-10, 6.74308697768e-09, 9.51534033788e-08, 8.68495078521e-07, 0.000994659378193, 0.495771378279, 4.09286212921, 3.3231253624, 131.714141846, 196.08380127, 233.897781372, 1184.78356934, 3469.25610352, 6596.03613281, 9402.69628906, 5757.81933594, 7797.91601562, 20496.0175781, 12770.7314453, 45244.234375, 211908.625, 5011.39355469, 396.417724609, 486.179107666, 71.4176330566, 37.6732826233, 41.8224754333, 15.8891143799, 1.66868007183, 0.0769693255424, 0.00207869359292, 0.000397360592615, 0.000681102916133, 0.000112581416033, 2.51168803516e-05, 2.22350854528e-06, 1.36981043397e-07, 2.73410538654e-09, 8.21391496486e-11, 2.90625662425e-10]
    },
    "gfcc": {
        "mean": [-141.082351685, 51.1161460876, -250.929443359, -19.7099266052, -57.0812950134, -14.5101194382, -20.9303016663, -1.63139915466, -7.6205906868, 8.23425865173, -17.9793796539, -0.0763773098588, 6.16892910004],
        "cov": [[2543.93945312, -173.79675293, -551.972351074, -230.700424194, -215.248519897, -201.267166138, -356.805145264, -313.239135742, -22.0192985535, 148.738357544, 102.11869812, 96.8636474609, 196.532943726], [-173.79675293, 458.806488037, 208.372772217, -45.7608985901, 13.1175575256, -83.716003418, -136.477798462, -146.523681641, -122.857025146, 16.2664299011, 58.1154899597, 53.6777610779, 73.5058059692], [-551.972351074, 208.372772217, 381.128570557, 86.3552703857, -17.189863205, -15.9076414108, -62.1794319153, -17.4065341949, -58.5752334595, 87.7251663208, 36.5656280518, 28.1150035858, -84.5155410767], [-230.700424194, -45.7608985901, 86.3552703857, 205.916702271, 13.3334474564, 42.8356437683, 51.0595664978, 58.7097969055, 63.9653205872, 30.6625061035, 6.32805681229, -44.1153793335, -91.1788101196], [-215.248519897, 13.1175575256, -17.189863205, 13.3334474564, 188.021759033, 60.0179824829, 56.9884147644, 5.68317508698, -49.4301452637, -65.7177124023, -23.3778686523, 25.2023086548, 32.1876335144], [-201.267166138, -83.716003418, -15.9076414108, 42.8356437683, 60.0179824829, 193.435089111, 158.035888672, 72.9398117065, -15.0566339493, -119.860076904, -41.8704910278, -26.3007507324, -25.6129608154], [-356.805145264, -136.477798462, -62.1794319153, 51.0595664978, 56.9884147644, 158.035888672, 394.903991699, 255.806930542, -36.189868927, -243.160842896, -148.329910278, -77.7295532227, -33.9236297607], [-313.239135742, -146.523681641, -17.4065341949, 58.7097969055, 5.68317508698, 72.9398117065, 255.806930542, 375.921081543, 156.687545776, -158.78767395, -201.546051025, -117.343902588, -36.4088516235], [-22.0192985535, -122.857025146, -58.5752334595, 63.9653205872, -49.4301452637, -15.0566339493, -36.189868927, 156.687545776, 408.490203857, 152.502090454, -47.0859222412, -131.223709106, -91.5081100464], [148.738357544, 16.2664299011, 87.7251663208, 30.6625061035, -65.7177124023, -119.860076904, -243.160842896, -158.78767395, 152.502090454, 531.176391602, 247.030319214, 15.9110994339, -172.469192505], [102.11869812, 58.1154899597, 36.5656280518, 6.32805681229, -23.3778686523, -41.8704910278, -148.329910278, -201.546051025, -47.0859222412, 247.030319214, 309.879516602, 119.174003601, -74.6443862915], [96.8636474609, 53.6777610779, 28.1150035858, -44.1153793335, 25.2023086548, -26.3007507324, -77.7295532227, -117.343902588, -131.223709106, 15.9110994339, 119.174003601, 218.004852295, 85.178817749], [196.532943726, 73.5058059692, -84.5155410767, -91.1788101196, 32.1876335144, -25.6129608154, -33.9236297607, -36.4088516235, -91.5081100464, -172.469192505, -74.6443862915, 85.178817749, 249.257522583]],
        "icov": [[0.0011715645669, -0.000300254730973, 0.00253109796904, -0.000406379404012, 0.0015048594214, -0.000322316249367, 0.00139182410203, -0.000231893878663, 0.000973559566773, -0.000664605526254, 0.000948820379563, -0.00066321803024, 0.000210800513742], [-0.000300254730973, 0.00530852144584, -0.00487106945366, 0.00175853888504, -0.00160852947738, 0.00217941519804, -0.00126042717602, 0.00200079847127, -0.000939804245718, 0.00131137145218, -0.00236402964219, 0.00262202974409, -0.00282632885501], [0.00253109796904, -0.00487106945366, 0.0131141878664, -0.00405636942014, 0.00459717959166, -0.00296302465722, 0.00618821522221, -0.0039178407751, 0.00498015573248, -0.00309534324333, 0.00501912645996, -0.00450941221789, 0.00450599566102], [-0.000406379404012, 0.00175853888504, -0.00405636942014, 0.00772698456421, -0.00175646401476, 0.000327030342305, -0.0017329811817, 0.000952548754867, -0.00211366545409, 0.00123706622981, -0.00198728404939, 0.00155019166414, 0.000371804810129], [0.0015048594214, -0.00160852947738, 0.00459717959166, -0.00175646401476, 0.00870097056031, -0.00279364758171, 0.00150792254135, -0.000307107606204, 0.00191228964832, -0.00166829058435, 0.00269913556986, -0.00245181121863, 0.00014762704086], [-0.000322316249367, 0.00217941519804, -0.00296302465722, 0.000327030342305, -0.00279364758171, 0.0104100890458, -0.00489736488089, 0.0031705731526, -0.00238536624238, 0.00283327349462, -0.00205550272949, 0.00105037551839, 6.36606710032e-05], [0.00139182410203, -0.00126042717602, 0.00618821522221, -0.0017329811817, 0.00150792254135, -0.00489736488089, 0.0127788921818, -0.00811214372516, 0.00575993908569, 0.000152450447786, 0.00110977631994, -0.000476130866446, 0.00331002124585], [-0.000231893878663, 0.00200079847127, -0.0039178407751, 0.000952548754867, -0.000307107606204, 0.0031705731526, -0.00811214372516, 0.0120762903243, -0.00600716052577, 0.00162855430972, 0.0023435447365, -0.000453633838333, -0.000583470158745], [0.000973559566773, -0.000939804245718, 0.00498015573248, -0.00211366545409, 0.00191228964832, -0.00238536624238, 0.00575993908569, -0.00600716052577, 0.00811760034412, -0.00329947890714, 0.00161511485931, 0.00102229160257, 0.000670828099828], [-0.000664605526254, 0.00131137145218, -0.00309534324333, 0.00123706622981, -0.00166829058435, 0.00283327349462, 0.000152450447786, 0.00162855430972, -0.00329947890714, 0.00716612394899, -0.00430557271466, 0.000983852078207, 0.00242705526762], [0.000948820379563, -0.00236402964219, 0.00501912645996, -0.00198728404939, 0.00269913556986, -0.00205550272949, 0.00110977631994, 0.0023435447365, 0.00161511485931, -0.00430557271466, 0.0122221689671, -0.00694710109383, 0.00450545363128], [-0.00066321803024, 0.00262202974409, -0.00450941221789, 0.00155019166414, -0.00245181121863, 0.00105037551839, -0.000476130866446, -0.000453633838333, 0.00102229160257, 0.000983852078207, -0.00694710109383, 0.0118041476235, -0.00597695680335], [0.000210800513742, -0.00282632885501, 0.00450599566102, 0.000371804810129, 0.00014762704086, 6.36606710032e-05, 0.00331002124585, -0.000583470158745, 0.000670828099828, 0.00242705526762, 0.00450545363128, -0.00597695680335, 0.0120131513104]]
    },
    "melbands": {
        "dmean": [9.13118327617e-08, 1.16541272632e-07, 1.25544389107e-07, 1.21800451325e-06, 5.84887175137e-06, 6.45165073365e-06, 2.00021331693e-05, 1.15399143397e-05, 1.69556024048e-05, 2.75918191619e-05, 3.66571148334e-05, 4.54233195342e-05, 4.69127917313e-05, 3.95770184696e-05, 3.19785067404e-05, 3.46258821082e-05, 4.09601670981e-05, 3.63800390915e-05, 6.09447270108e-05, 4.15740651079e-05, 6.80056764395e-05, 1.51524764078e-05, 5.58915917281e-06, 3.51724679604e-06, 3.34812852998e-06, 2.10484063246e-06, 1.13226599296e-06, 8.78906519119e-07, 1.09112102109e-06, 7.71315001202e-07, 5.12101735239e-07, 2.14096516515e-07, 9.19743854411e-08, 2.3393340598e-08, 8.59060911296e-09, 4.38716662998e-09, 3.29078631012e-09, 3.24219784353e-09, 3.24393889528e-09, 1.56118074024e-09],
        "dmean2": [1.55216525854e-07, 2.0348079488e-07, 2.23143842959e-07, 1.64753566878e-06, 7.30663714421e-06, 8.42859026307e-06, 2.70444052148e-05, 1.40583006214e-05, 2.04623320315e-05, 3.10468712996e-05, 3.97726616939e-05, 4.97663386341e-05, 5.29894568899e-05, 4.33996574429e-05, 3.87288746424e-05, 4.23288911406e-05, 5.02484072058e-05, 4.80595044792e-05, 8.53386591189e-05, 5.68095820199e-05, 9.90402331809e-05, 2.10892285395e-05, 7.77430523158e-06, 4.71795419799e-06, 4.56876023236e-06, 3.03667934531e-06, 1.71999909071e-06, 1.18825789741e-06, 1.44754358189e-06, 9.98877339953e-07, 6.81211190567e-07, 2.7778625622e-07, 1.32065679281e-07, 3.37434116204e-08, 1.20039471696e-08, 6.58696341915e-09, 4.92781371264e-09, 4.40704983617e-09, 4.51464465812e-09, 2.40493713832e-09],
        "dvar": [1.07720440979e-14, 1.7234326962e-14, 2.69647958205e-14, 7.17497242175e-11, 2.88403079196e-10, 1.80267578642e-10, 3.71599462312e-09, 1.30632615836e-09, 1.93512317281e-09, 3.42634121075e-09, 6.96765001251e-09, 1.02579820194e-08, 2.77301577256e-08, 2.16815632115e-08, 1.06933022437e-08, 8.52640891225e-09, 1.01721893131e-08, 5.04931252365e-09, 3.96133081892e-08, 7.92206211742e-09, 4.93027449977e-08, 1.89799020944e-09, 1.72051498049e-10, 9.88173570748e-11, 7.42358050032e-11, 2.73476154916e-11, 6.07626449156e-12, 4.13960402415e-12, 3.76716496539e-12, 2.25670263726e-12, 9.63729963888e-13, 2.32641054858e-13, 3.16850461612e-14, 2.92402613183e-15, 2.21493993805e-16, 1.02403517231e-16, 6.12303441609e-17, 6.52920259617e-17, 1.32752972429e-16, 1.23802145319e-17],
        "dvar2": [2.77534173757e-14, 4.91287444212e-14, 7.71815608386e-14, 1.2508778735e-10, 4.71678862635e-10, 2.87256302078e-10, 6.08905903476e-09, 1.64570224115e-09, 2.6833955058e-09, 4.20554480129e-09, 7.62187024606e-09, 1.32882824744e-08, 3.32334870734e-08, 2.92391231227e-08, 1.82321286957e-08, 1.18716334541e-08, 1.35195419304e-08, 8.49376657897e-09, 1.08407036237e-07, 1.36154900687e-08, 1.01380010165e-07, 4.9424344617e-09, 4.03190453246e-10, 1.3007997457e-10, 1.1139087569e-10, 4.60153477821e-11, 1.3175601235e-11, 6.3784641631e-12, 5.10439520512e-12, 3.40026661341e-12, 1.50042955491e-12, 3.54339170852e-13, 6.13678351842e-14, 5.47056991314e-15, 4.37644294973e-16, 2.2549928174e-16, 1.28343821831e-16, 1.03360929159e-16, 1.81751763785e-16, 3.04170325452e-17],
        "max": [1.40632391776e-06, 1.31947456339e-06, 1.74990736923e-06, 0.000331994000589, 0.000491187965963, 0.000500622263644, 0.00174241198692, 0.00108289683703, 0.00155062985141, 0.00162675895263, 0.00316555215977, 0.00224803993478, 0.00491448864341, 0.00528539996594, 0.00307645578869, 0.00211250293069, 0.00303568737581, 0.00182391912676, 0.00458022998646, 0.00203278381377, 0.00607063015923, 0.000837588740978, 0.000416303955717, 0.000359555444447, 0.000232895079535, 0.000190303253476, 7.34279383323e-05, 4.7292553063e-05, 3.5543624108e-05, 3.36947923643e-05, 2.07055691135e-05, 1.14730637506e-05, 3.51637800122e-06, 9.69279199126e-07, 3.1678985124e-07, 1.97986864237e-07, 2.09455109257e-07, 3.10957091187e-07, 4.86879059736e-07, 7.14151724424e-08],
        "mean": [1.25471274259e-07, 1.48716139847e-07, 1.5922391583e-07, 3.68061751033e-06, 2.3605502065e-05, 2.20108468056e-05, 7.76448359829e-05, 6.10680581303e-05, 8.46962648211e-05, 0.000138881092425, 0.000181337003596, 0.000204251191462, 0.000147768121678, 0.000151478714542, 7.79612673796e-05, 9.05546112335e-05, 0.000110219145427, 0.000100910561741, 0.000171955151018, 0.000121285622299, 0.000214199841139, 3.86985229852e-05, 1.87643145182e-05, 9.56836811383e-06, 8.89521015779e-06, 5.6807339206e-06, 3.11416761178e-06, 2.13955354411e-06, 2.91273931907e-06, 2.05912624551e-06, 1.40023280437e-06, 5.5475999261e-07, 2.21635957587e-07, 5.95011542259e-08, 2.13675850347e-08, 8.87270967809e-09, 6.9069727715e-09, 6.9856525009e-09, 7.15628578618e-09, 3.14002424062e-09],
        "median": [8.12056271116e-08, 1.0831880104e-07, 1.17279419953e-07, 1.33947352765e-07, 5.5582972891e-07, 5.68560244574e-06, 5.68345512875e-06, 1.93906339518e-06, 1.50857986227e-05, 1.88840058399e-05, 2.74184112641e-05, 3.78015902243e-05, 2.29485885939e-05, 6.36538288745e-06, 1.76359262696e-05, 1.65897472471e-05, 2.573340862e-05, 2.73327950708e-05, 3.95391616621e-05, 4.25148355134e-05, 7.39426786822e-06, 6.32587216387e-06, 4.54693918073e-06, 3.19540004057e-06, 2.12236204788e-06, 1.8491858782e-06, 1.03994455003e-06, 6.63414937208e-07, 1.4162530988e-06, 9.93726871457e-07, 6.59037652895e-07, 1.88301683579e-07, 7.61127907367e-08, 1.98436556076e-08, 1.01644852535e-08, 3.88053411626e-09, 3.40185191128e-09, 2.74504508013e-09, 2.42136333206e-09, 1.36479005874e-09],
        "min": [5.70236348935e-24, 7.40640599098e-24, 1.05742102734e-23, 1.60241410341e-23, 5.97454061761e-24, 6.82009143406e-24, 7.04780717841e-24, 7.16969171029e-24, 9.31004016239e-24, 6.37856992971e-24, 2.25450293597e-23, 9.53914745737e-24, 5.83172563376e-24, 9.93096283608e-24, 8.28523017155e-24, 8.40205179415e-24, 1.02795462706e-23, 6.68088036126e-24, 6.15718282198e-24, 4.7860932649e-24, 8.37643038081e-24, 9.65790100032e-24, 9.52448016656e-24, 8.88410970497e-24, 9.296839364e-24, 1.20649806794e-23, 6.83781792746e-24, 8.58534756978e-24, 9.53292176711e-24, 1.17705036367e-23, 1.00699877377e-23, 1.22874315661e-23, 1.28836676266e-23, 7.39506374888e-24, 7.54241271079e-24, 8.6855660369e-24, 1.13149230533e-23, 1.09236133344e-23, 1.22859769066e-23, 9.60301994714e-24],
        "var": [1.65654436782e-14, 1.82848053647e-14, 2.39273272013e-14, 4.35614627703e-10, 4.1313223953e-09, 1.99332528261e-09, 3.03061824525e-08, 1.64911053702e-08, 3.3021859025e-08, 5.14269018481e-08, 1.07188895981e-07, 1.34137948749e-07, 1.48871592387e-07, 2.01665898203e-07, 3.33510996597e-08, 4.92547442832e-08, 6.8110082907e-08, 3.55590721313e-08, 1.99156218628e-07, 4.0426193948e-08, 3.24260440721e-07, 7.77228947868e-09, 1.8085900555e-09, 5.47362433156e-10, 4.06489397697e-10, 1.51589032993e-10, 3.71308296609e-11, 1.73212087035e-11, 1.91086868551e-11, 9.90080326752e-12, 4.5303552576e-12, 1.01656367785e-12, 1.2980835482e-13, 1.05755688766e-14, 8.38202152323e-16, 2.45004041765e-16, 1.70638625342e-16, 2.69500287539e-16, 6.05121819826e-16, 2.73433700097e-17]
    },
    "mfcc": {
        "mean": [-767.126953125, 92.4746170044, -122.185722351, -8.92310333252, -37.3698425293, -4.03119421005, -14.2507829666, -13.4114112854, 11.9355545044, -3.01125144958, -1.58814454079, -4.1362953186, -0.357908904552],
        "cov": [[2270.69897461, -98.1840286255, -648.888549805, -201.098175049, -92.1173553467, 40.2983779907, -319.758880615, -440.568084717, -213.860168457, -203.679351807, -120.110580444, 79.4120483398, 6.9152598381], [-98.1840286255, 497.054748535, 46.0741577148, -34.8335723877, 70.8396224976, -11.8374423981, 20.9986248016, -152.283538818, -155.218292236, -154.799530029, -120.973548889, -7.60688877106, -19.6115684509], [-648.888549805, 46.0741577148, 466.091217041, 88.7801742554, 2.9095864296, -41.0733032227, 16.5427265167, 41.0456123352, 4.39684915543, 52.8149261475, 98.727180481, 58.684879303, 20.0785121918], [-201.098175049, -34.8335723877, 88.7801742554, 211.371932983, 12.0288314819, -24.7790279388, 23.8145141602, -40.5858078003, -6.07924795151, -6.9128537178, 79.3353652954, 113.82245636, 7.42221212387], [-92.1173553467, 70.8396224976, 2.9095864296, 12.0288314819, 198.024612427, 56.1282691956, -96.8858108521, -87.9096374512, -36.8767356873, -36.2882499695, 0.068525351584, 75.1735458374, 69.9131546021], [40.2983779907, -11.8374423981, -41.0733032227, -24.7790279388, 56.1282691956, 166.925720215, 19.0080356598, -73.7076950073, -92.4174499512, -48.3455429077, -17.2327194214, 36.4803848267, 50.0861053467], [-319.758880615, 20.9986248016, 16.5427265167, 23.8145141602, -96.8858108521, 19.0080356598, 388.990997314, 226.085525513, -28.7414073944, -48.8239707947, -107.970581055, -143.836593628, -88.1441802979], [-440.568084717, -152.283538818, 41.0456123352, -40.5858078003, -87.9096374512, -73.7076950073, 226.085525513, 612.188903809, 291.204162598, 119.299575806, -98.8044509888, -357.432067871, -129.284973145], [-213.860168457, -155.218292236, 4.39684915543, -6.07924795151, -36.8767356873, -92.4174499512, -28.7414073944, 291.204162598, 437.043395996, 246.331481934, 40.7495193481, -180.227432251, -130.571929932], [-203.679351807, -154.799530029, 52.8149261475, -6.9128537178, -36.2882499695, -48.3455429077, -48.8239707947, 119.299575806, 246.331481934, 344.706085205, 138.367736816, -97.5181732178, -44.7341995239], [-120.110580444, -120.973548889, 98.727180481, 79.3353652954, 0.068525351584, -17.2327194214, -107.970581055, -98.8044509888, 40.7495193481, 138.367736816, 316.196136475, 218.221099854, 28.4489574432], [79.4120483398, -7.60688877106, 58.684879303, 113.82245636, 75.1735458374, 36.4803848267, -143.836593628, -357.432067871, -180.227432251, -97.5181732178, 218.221099854, 568.259460449, 167.888504028], [6.9152598381, -19.6115684509, 20.0785121918, 7.42221212387, 69.9131546021, 50.0861053467, -88.1441802979, -129.284973145, -130.571929932, -44.7341995239, 28.4489574432, 167.888504028, 267.54296875]],
