{
"lowlevel": {
    "average_loudness": 0.784646391869,
    "barkbands_crest": {
        "dmean": 2.16029953957,
        "dmean2": 3.41357159615,
        "dvar": 3.66124939919,
        "dvar2": 8.56513118744,
        "max": 24.6638031006,
        "mean": 14.2090492249,
        "median": 14.0507392883,
        "min": 4.54060602188,
        "var": 25.1196556091
    },
    "barkbands_flatness_db": {
        "dmean": 0.0215706136078,
        "dmean2": 0.0326249338686,
        "dvar": 0.000323655258399,
        "dvar2": 0.000677052827086,
        "max": 0.465623557568,
        "mean": 0.256391406059,
        "median": 0.250395059586,
        "min": 0.0819562003016,
        "var": 0.00351368775591
    },
    "barkbands_kurtosis": {
        "dmean": 9.52066326141,
        "dmean2": 15.0238571167,
        "dvar": 332.094696045,
        "dvar2": 811.17364502,
        "max": 352.177764893,
        "mean": 23.4063129425,
        "median": 11.5665607452,
        "min": -1.03203952312,
        "var": 1307.03540039
    },
    "barkbands_skewness": {
        "dmean": 0.737556576729,
        "dmean2": 1.15507042408,
        "dvar": 0.563787043095,
        "dvar2": 1.40537703037,
        "max": 13.9622917175,
        "mean": 3.24301171303,
        "median": 2.74433207512,
        "min": -1.62602329254,
        "var": 3.73403644562
    },
    "barkbands_spread": {
        "dmean": 1.71623814106,
        "dmean2": 2.58189940453,
        "dvar": 3.3264977932,
        "dvar2": 6.89175844193,
        "max": 26.433599472,
        "mean": 6.17508459091,
        "median": 5.42935371399,
        "min": 0.251686304808,
        "var": 15.9634895325
    },
    "dissonance": {
        "dmean": 0.0335397049785,
        "dmean2": 0.0580839626491,
        "dvar": 0.000728259736206,
        "dvar2": 0.00202306895517,
        "max": 0.500000059605,
        "mean": 0.433318048716,
        "median": 0.43714979291,
        "min": 0.269059658051,
        "var": 0.00120366737247
    },
    "dynamic_complexity": 2.45983552933,
    "erbbands_crest": {
        "dmean": 2.69657039642,
        "dmean2": 4.48188018799,
        "dvar": 5.75927639008,
        "dvar2": 14.9622631073,
        "max": 29.2058601379,
        "mean": 9.92420387268,
        "median": 9.18798923492,
        "min": 2.99947118759,
        "var": 12.9040021896
    },
    "erbbands_flatness_db": {
        "dmean": 0.0135839059949,
        "dmean2": 0.0220295842737,
        "dvar": 0.0001278030104,
        "dvar2": 0.000321262923535,
        "max": 0.30183506012,
        "mean": 0.200286746025,
        "median": 0.197510942817,
        "min": 0.0895330011845,
        "var": 0.000730055849999
    },
    "erbbands_kurtosis": {
        "dmean": 1.65448713303,
        "dmean2": 2.6514146328,
        "dvar": 4.63867235184,
        "dvar2": 10.842912674,
        "max": 45.3208847046,
        "mean": 2.6735458374,
        "median": 1.36721229553,
        "min": -1.45408678055,
        "var": 19.2009716034
    },
    "erbbands_skewness": {
        "dmean": 0.411616057158,
        "dmean2": 0.631802558899,
        "dvar": 0.136732310057,
        "dvar2": 0.308563441038,
        "max": 5.93013143539,
        "mean": 1.18123567104,
        "median": 1.05353355408,
        "min": -0.970615744591,
        "var": 0.848102271557
    },
    "erbbands_spread": {
        "dmean": 5.86421442032,
        "dmean2": 9.47401714325,
        "dvar": 26.9346313477,
        "dvar2": 68.6337127686,
        "max": 70.8674926758,
        "mean": 28.4861240387,
        "median": 28.1344108582,
        "min": 5.47962856293,
        "var": 95.2647247314
    },
    "hfc": {
        "dmean": 2.49158978462,
        "dmean2": 3.78065156937,
        "dvar": 7.15803956985,
        "dvar2": 16.2333679199,
        "max": 56.5623397827,
        "mean": 10.8503274918,
        "median": 9.3410282135,
        "min": 1.17087561291e-16,
        "var": 52.6216392517
    },
    "melbands_crest": {
        "dmean": 3.19783997536,
        "dmean2": 5.22332143784,
        "dvar": 6.16851329803,
        "dvar2": 15.8147335052,
        "max": 30.3224067688,
        "mean": 19.5877475739,
        "median": 19.8393325806,
        "min": 2.70660114288,
        "var": 32.3409309387
    },
    "melbands_flatness_db": {
        "dmean": 0.0250016599894,
        "dmean2": 0.0371333770454,
        "dvar": 0.000433042179793,
        "dvar2": 0.000832516292576,
        "max": 0.587917387486,
        "mean": 0.354356586933,
        "median": 0.348489701748,
        "min": 0.0121593568474,
        "var": 0.00485989730805
    },
    "melbands_kurtosis": {
        "dmean": 14.1525526047,
        "dmean2": 23.135843277,
        "dvar": 449.712982178,
        "dvar2": 1150.30578613,
        "max": 431.960510254,
        "mean": 34.4691772461,
        "median": 19.9895439148,
        "min": -1.10930669308,
        "var": 1591.91699219
    },
    "melbands_skewness": {
        "dmean": 0.854055166245,
        "dmean2": 1.38295054436,
        "dvar": 0.60387891531,
        "dvar2": 1.57195794582,
        "max": 14.8738193512,
        "mean": 3.79722237587,
        "median": 3.45172309875,
        "min": -0.493963241577,
        "var": 3.10111546516
    },
    "melbands_spread": {
        "dmean": 1.94567036629,
        "dmean2": 2.91558480263,
        "dvar": 9.79052352905,
        "dvar2": 14.4678344727,
        "max": 114.959609985,
        "mean": 6.07518148422,
        "median": 4.90955352783,
        "min": 0.322368323803,
        "var": 26.1905574799
    },
    "pitch_salience": {
        "dmean": 0.0771750509739,
        "dmean2": 0.126534283161,
        "dvar": 0.00373040116392,
        "dvar2": 0.0094874445349,
        "max": 0.854687273502,
        "mean": 0.436679571867,
        "median": 0.444673657417,
        "min": 0.074591293931,
        "var": 0.0201871264726
    },
    "silence_rate_20dB": {
        "dmean": 0,
        "dmean2": 0,
        "dvar": 0,
        "dvar2": 0,
        "max": 1,
        "mean": 1,
        "median": 1,
        "min": 1,
        "var": 0
    },
    "silence_rate_30dB": {
        "dmean": 0.041258379817,
        "dmean2": 0.0825593397021,
        "dvar": 0.0395553484559,
        "dvar2": 0.0994793176651,
        "max": 1,
        "mean": 0.879896879196,
        "median": 1,
        "min": 0,
        "var": 0.105677947402
    },
    "silence_rate_60dB": {
        "dmean": 0.000515729770996,
        "dmean2": 0.00103199179284,
        "dvar": 0.000515436171554,
        "dvar2": 0.00103093462531,
        "max": 1,
        "mean": 0.00103092787322,
        "median": 0,
        "min": 0,
        "var": 0.00102987512946
    },
    "spectral_centroid": {
        "dmean": 82.7428817749,
        "dmean2": 121.551879883,
        "dvar": 60365.1992188,
        "dvar2": 66528.078125,
        "max": 10841.7255859,
        "mean": 433.715240479,
        "median": 396.372528076,
        "min": 129.294235229,
        "var": 89157.3515625
    },
    "spectral_complexity": {
        "dmean": 1.68592059612,
        "dmean2": 2.73168206215,
        "dvar": 2.30722260475,
        "dvar2": 5.3077340126,
        "max": 29,
        "mean": 10.5953607559,
        "median": 10,
        "min": 0,
        "var": 9.59246826172
    },
    "spectral_decrease": {
        "dmean": 3.56486218323e-09,
        "dmean2": 5.6204410015e-09,
        "dvar": 1.48877786445e-17,
        "dvar2": 3.76828679319e-17,
        "max": -6.88871437333e-29,
        "mean": -1.31060353681e-08,
        "median": -9.29588495069e-09,
        "min": -9.23875163039e-08,
        "var": 1.22350600508e-16
    },
    "spectral_energy": {
        "dmean": 0.0136345271021,
        "dmean2": 0.0214887391776,
        "dvar": 0.000217123772018,
        "dvar2": 0.000549306569155,
        "max": 0.352610379457,
        "mean": 0.0504493489861,
        "median": 0.035904660821,
        "min": 1.08801885169e-20,
        "var": 0.00178985565435
    },
    "spectral_energyband_high": {
        "dmean": 2.54646784015e-05,
        "dmean2": 4.19552852691e-05,
        "dvar": 9.36661637141e-10,
        "dvar2": 2.21440576986e-09,
        "max": 0.000537631625775,
        "mean": 8.24526650831e-05,
        "median": 7.00899690855e-05,
        "min": 7.71781887394e-21,
        "var": 2.43883024886e-09
    },
    "spectral_energyband_low": {
        "dmean": 0.0123040406033,
        "dmean2": 0.0193212032318,
        "dvar": 0.000199883099413,
        "dvar2": 0.000503734336235,
        "max": 0.348016500473,
        "mean": 0.0363152548671,
        "median": 0.0208313390613,
        "min": 2.87692838969e-23,
        "var": 0.00152122799773
    },
    "spectral_energyband_middle_high": {
        "dmean": 0.000643143197522,
        "dmean2": 0.000919984246138,
        "dvar": 1.09725112907e-06,
        "dvar2": 2.01684247259e-06,
        "max": 0.0175151918083,
        "mean": 0.0016099329805,
        "median": 0.000895082484931,
        "min": 1.82285201899e-21,
        "var": 3.73819989363e-06
    },
    "spectral_energyband_middle_low": {
        "dmean": 0.00474757049233,
        "dmean2": 0.00780293392017,
        "dvar": 3.02160024148e-05,
        "dvar2": 7.8756158473e-05,
        "max": 0.0819201767445,
        "mean": 0.0139119103551,
        "median": 0.0105465035886,
        "min": 3.26557516658e-22,
        "var": 0.000114841059258
    },
    "spectral_entropy": {
        "dmean": 0.171650841832,
        "dmean2": 0.26827737689,
        "dvar": 0.0209175404161,
        "dvar2": 0.044625647366,
        "max": 9.80937099457,
        "mean": 6.56482791901,
        "median": 6.60856342316,
        "min": 5.02183198929,
        "var": 0.160178914666
    },
    "spectral_flux": {
        "dmean": 0.0230254735798,
        "dmean2": 0.0383448712528,
        "dvar": 0.000389047869248,
        "dvar2": 0.00103666679934,
        "max": 0.218069255352,
        "mean": 0.0810102969408,
        "median": 0.0756755843759,
        "min": 1.04308145454e-10,
        "var": 0.000865795882419
    },
    "spectral_kurtosis": {
        "dmean": 3.26878118515,
        "dmean2": 5.83095550537,
        "dvar": 7.89640617371,
        "dvar2": 25.1854782104,
        "max": 30.7891960144,
        "mean": 8.49320220947,
        "median": 7.40734672546,
        "min": -1.19935631752,
        "var": 20.7815742493
    },
    "spectral_rms": {
        "dmean": 0.000924624211621,
        "dmean2": 0.00145498418715,
        "dvar": 6.09325297773e-07,
        "dvar2": 1.50822575051e-06,
        "max": 0.0185475107282,
        "mean": 0.00647386163473,
        "median": 0.00591852515936,
        "min": 3.25803902086e-12,
        "var": 7.30806141291e-06
    },
    "spectral_rolloff": {
        "dmean": 119.315063477,
        "dmean2": 196.78704834,
        "dvar": 183860.5625,
        "dvar2": 208871.75,
        "max": 18367.8222656,
        "mean": 391.715179443,
        "median": 344.53125,
        "min": 129.19921875,
        "var": 228258.046875
    },
    "spectral_skewness": {
        "dmean": 0.33226403594,
        "dmean2": 0.576308012009,
        "dvar": 0.0737186595798,
        "dvar2": 0.216002896428,
        "max": 4.30214357376,
        "mean": 2.24554753304,
        "median": 2.14522528648,
        "min": 0.0554157011211,
        "var": 0.290351450443
    },
    "spectral_spread": {
        "dmean": 328902.03125,
        "dmean2": 532104.375,
        "dvar": 594602688512,
        "dvar2": 417787084800,
        "max": 40648548,
        "mean": 3421387.75,
        "median": 3366763,
        "min": 1767429.875,
        "var": 1.26535349043e+12
    },
    "spectral_strongpeak": {
        "dmean": 0.252117604017,
        "dmean2": 0.416149705648,
        "dvar": 0.111701570451,
        "dvar2": 0.290732949972,
        "max": 5.80457782745,
        "mean": 0.79160875082,
        "median": 0.666731059551,
        "min": 0,
        "var": 0.281668692827
    },
    "zerocrossingrate": {
        "dmean": 0.00348218320869,
        "dmean2": 0.00436555687338,
        "dvar": 0.000127726365463,
        "dvar2": 0.000134895846713,
        "max": 0.4951171875,
        "mean": 0.0182201899588,
        "median": 0.0166015625,
        "min": 0.001953125,
        "var": 0.000194264604943
    },
    "barkbands": {
        "dmean": [9.11362167244e-06, 0.00321085611358, 0.00945381540805, 0.00167593732476, 0.00262414501049, 0.00130880682264, 0.0013925305102, 0.000293449411402, 0.000466051511467, 0.000165827805176, 0.000140729083796, 0.000296329060802, 0.000149733896251, 0.000115033282782, 8.14619270386e-05, 3.47421992046e-05, 2.70423824986e-05, 1.87623572856e-05, 1.58118891704e-05, 1.03924712676e-05, 2.32059719565e-05, 1.08919130071e-05, 2.06415779758e-06, 3.89923997091e-07, 3.67567082549e-07, 2.45213414019e-07, 4.54371118508e-08],
        "dmean2": [1.59990322572e-05, 0.00564194284379, 0.0142603889108, 0.00278574088588, 0.00442933244631, 0.00212576752529, 0.00234010955319, 0.000502937356941, 0.000730624888092, 0.000264120142674, 0.000216980246478, 0.000441187614342, 0.000227499709581, 0.00016694975784, 0.000127019506181, 5.25668947375e-05, 3.93240588892e-05, 2.85765690933e-05, 2.35377137869e-05, 1.72975451278e-05, 3.95888564526e-05, 1.807753506e-05, 3.47656077793e-06, 6.62226796067e-07, 6.0895763454e-07, 3.93604807414e-07, 7.67542047697e-08],
        "dvar": [5.2032961273e-10, 1.53574801516e-05, 0.000121961616969, 6.11449650023e-06, 1.18875168482e-05, 2.56083239947e-06, 3.25527003042e-06, 2.74120202448e-06, 2.2415267722e-06, 1.06866522742e-07, 2.75087188584e-07, 3.04335742385e-07, 8.23950898621e-08, 1.38720793075e-07, 4.17889900461e-08, 5.20439424889e-09, 9.45173361799e-09, 2.93746893476e-09, 1.281966866e-09, 1.57551263702e-10, 8.22901802255e-10, 1.64482219511e-10, 1.42119302438e-11, 2.00731236646e-13, 1.44555632113e-13, 8.37913112918e-14, 8.59213789256e-15],
        "dvar2": [1.23469556801e-09, 4.79894333694e-05, 0.000272362900432, 1.49375146066e-05, 3.29123977281e-05, 6.43062776362e-06, 8.93343531061e-06, 7.24482242731e-06, 5.37769938092e-06, 2.24486996103e-07, 6.62269883378e-07, 6.01871818162e-07, 1.69076884049e-07, 2.44471920041e-07, 8.97148169088e-08, 1.13230615995e-08, 1.65450071421e-08, 6.11508177428e-09, 2.82669376794e-09, 3.87983783989e-10, 2.05131889253e-09, 4.21653101323e-10, 3.84553673627e-11, 5.11808694384e-13, 3.81192771575e-13, 1.8514794461e-13, 2.28448224828e-14],
        "max": [0.000587040849496, 0.0323790460825, 0.31586009264, 0.0427914708853, 0.0549113638699, 0.0184364449233, 0.0264619663358, 0.0622105374932, 0.0264384038746, 0.00608052127063, 0.0128183253109, 0.00674716662616, 0.00546465627849, 0.0084986500442, 0.00345397205092, 0.00106497248635, 0.00341990683228, 0.00113336532377, 0.000829008698929, 0.000191299259313, 0.000369331159163, 0.000141319847899, 3.7967638491e-05, 1.12813886517e-05, 5.68493715036e-06, 6.84582346366e-06, 3.04672516904e-06],
        "mean": [9.58782129601e-06, 0.00443933624774, 0.0304664280266, 0.0030590526294, 0.00453906273469, 0.00266911019571, 0.00237622181885, 0.000405050464906, 0.00073038454866, 0.0002616335114, 0.000188745296327, 0.000451356376288, 0.000314217730192, 0.000195582659217, 0.000116753995826, 4.68329635623e-05, 3.71137248294e-05, 2.81257216557e-05, 2.53786329267e-05, 1.96536384465e-05, 4.39497962361e-05, 1.92459465325e-05, 3.55924157702e-06, 1.14010333618e-06, 1.12443115086e-06, 7.10202243681e-07, 6.03009979727e-08],
        "median": [3.92903439206e-06, 0.0030053507071, 0.0162848029286, 0.00193477817811, 0.00281459279358, 0.0017702342011, 0.00131568615325, 0.000209436198929, 0.000230320787523, 9.85155929811e-05, 3.08205708279e-05, 9.02202664292e-05, 0.000133954250487, 1.40505690069e-05, 3.33930875058e-05, 1.0893732906e-05, 6.23803452982e-06, 6.23528012511e-06, 7.51618517825e-06, 1.39346439028e-05, 3.42365347024e-05, 1.51506501425e-05, 2.40884128289e-06, 9.80677896223e-07, 9.88249439615e-07, 6.3072161538e-07, 4.77345096783e-08],
        "min": [2.36694559168e-23, 6.59573071515e-24, 1.04208495997e-24, 1.77930133082e-23, 5.95485664476e-23, 7.14759098317e-24, 1.10072273839e-22, 3.19036239108e-23, 8.4770380719e-23, 1.0698377611e-22, 1.41650893367e-22, 1.98498734552e-23, 1.6177694387e-22, 1.01806816466e-22, 3.27611838724e-22, 1.29672122563e-22, 1.6287247603e-22, 2.41907970497e-22, 3.04352079296e-22, 2.44957492186e-22, 5.54621975388e-22, 4.04674890627e-22, 7.72107468591e-22, 8.40456548364e-22, 1.15160545322e-21, 1.70119669222e-21, 2.3854883163e-21],
        "var": [8.53923154409e-10, 2.09135887417e-05, 0.00124067347497, 1.49616689669e-05, 3.02602948068e-05, 7.61002638683e-06, 7.95593314251e-06, 2.60128922491e-06, 4.08140795116e-06, 2.57827508676e-07, 3.57858368716e-07, 6.08667221513e-07, 2.6099340289e-07, 4.18911128008e-07, 5.70837848102e-08, 8.45617176282e-09, 1.73691265815e-08, 5.24561194482e-09, 2.42383446647e-09, 3.38688771473e-10, 1.48580237003e-09, 2.23079096862e-10, 1.50924932274e-11, 4.75912224126e-13, 3.40804261981e-13, 2.21082009579e-13, 7.18789448535e-15]
    },
    "erbbands": {
        "dmean": [0.0179923474789, 1.11844325066, 10.0749902725, 6.93512678146, 7.92543983459, 9.13440418243, 9.4184589386, 12.5386638641, 21.1445293427, 11.2751178741, 6.37334251404, 12.1240272522, 7.13108634949, 3.11668252945, 9.15728473663, 9.93890857697, 7.10091161728, 5.16288805008, 3.67014479637, 3.86102700233, 1.90045952797, 1.36523711681, 0.99647539854, 0.9373934865, 0.528291881084, 0.428928256035, 1.14303219318, 0.672725617886, 0.525380730629, 0.115541063249, 0.0338660143316, 0.0096739679575, 0.00722308177501, 0.00372060271911, 0.0037313294597, 0.00136815523729, 0.000525558541995, 0.000124159356346, 7.4268782555e-06, 1.48588260345e-05],
        "dmean2": [0.0313488803804, 1.92373251915, 15.7368268967, 10.7237901688, 12.8121728897, 15.3387622833, 15.4530906677, 20.5653076172, 34.9295196533, 19.8879680634, 11.1059627533, 18.8629989624, 11.3489217758, 5.03632926941, 13.4471063614, 14.7940063477, 10.6633033752, 7.51463079453, 5.31830072403, 5.95306873322, 2.85114073753, 1.91899824142, 1.48447406292, 1.41198849678, 0.793334662914, 0.707351088524, 1.94109547138, 1.16908085346, 0.857811629772, 0.19965493679, 0.0553155504167, 0.015762373805, 0.0122123928741, 0.00620141578838, 0.00615010084584, 0.00217929133214, 0.000844348280225, 0.000213206629269, 1.19230280688e-05, 2.33984064835e-05],
        "dvar": [0.000438266346464, 1.82915091515, 140.537765503, 72.936050415, 170.718811035, 158.753219604, 156.262420654, 295.869018555, 802.116577148, 306.416778564, 2105.29980469, 1884.37805176, 169.391464233, 63.0679283142, 864.396789551, 335.975524902, 167.419342041, 177.023239136, 113.077514648, 119.285957336, 15.6210613251, 21.603061676, 9.0577955246, 5.87413215637, 1.06800556183, 0.305938273668, 2.76148724556, 0.508867561817, 0.530367612839, 0.0203629191965, 0.00284357601777, 0.000176571571501, 4.64134973299e-05, 1.66901591001e-05, 1.32897293952e-05, 2.23985784942e-06, 3.85800660752e-07, 1.76829324516e-08, 1.99255584254e-10, 2.58404769804e-10],
        "dvar2": [0.00138522486668, 5.64819002151, 359.356872559, 177.262573242, 413.229278564, 432.471008301, 418.702667236, 741.830566406, 2049.34570312, 999.176818848, 5757.33349609, 4344.41992188, 358.892150879, 165.560424805, 1884.35546875, 662.370178223, 338.498748779, 328.703552246, 182.01739502, 257.801239014, 32.9211502075, 38.0641098022, 19.0244178772, 13.276591301, 1.82325387001, 0.740613102913, 6.91290855408, 1.32973647118, 1.34887397289, 0.0565035305917, 0.00694084074348, 0.000407264451496, 0.000122908997582, 4.48153659818e-05, 3.36268240062e-05, 4.8682909437e-06, 9.63471052273e-07, 4.91137548408e-08, 5.18720288945e-10, 6.53899767666e-10],
        "max": [0.309388160706, 12.6520624161, 274.594390869, 239.73765564, 228.666152954, 214.940414429, 232.16317749, 203.571243286, 489.979797363, 259.295257568, 1716.89672852, 776.708068848, 223.7631073, 223.267700195, 678.579223633, 311.646972656, 283.538726807, 272.779663086, 249.252075195, 198.481246948, 54.2612609863, 176.284637451, 79.1409912109, 55.6978607178, 26.6105327606, 9.85744667053, 23.2608985901, 12.0328464508, 7.2917509079, 1.44929206371, 0.961235105991, 0.294079214334, 0.0844594910741, 0.0659436434507, 0.0466167144477, 0.0373576581478, 0.013052014634, 0.00259921117686, 0.000456406443845, 0.000382674305001],
        "mean": [0.0376398712397, 1.9137301445, 27.8109760284, 23.4489326477, 14.9728240967, 13.5094585419, 19.3559398651, 21.6188983917, 36.3446044922, 19.709356308, 10.2703962326, 18.1181240082, 11.2222986221, 5.81358671188, 13.2825155258, 16.8638896942, 15.8271808624, 9.79292964935, 6.30911922455, 5.59418678284, 2.78767347336, 2.0698428154, 1.54773294926, 1.47998762131, 0.994885027409, 0.88722550869, 1.80709862709, 1.5396361351, 0.888650596142, 0.240235283971, 0.0746426805854, 0.0270511228591, 0.0185862760991, 0.00951009895653, 0.00938862748444, 0.00352064240724, 0.00132208096329, 0.000288196926704, 2.9967584851e-05, 5.55621845706e-05],
        "median": [0.0285835564137, 1.30995130539, 14.9603157043, 14.8503780365, 8.46764945984, 8.09527587891, 10.6695213318, 12.5701951981, 20.9681911469, 11.3965053558, 4.94256877899, 4.84158563614, 4.34953784943, 2.85805845261, 1.96014583111, 5.54420852661, 7.82061958313, 2.40925908089, 1.8197581768, 1.51225709915, 0.701601982117, 0.448802441359, 0.335190832615, 0.411851793528, 0.387756466866, 0.614429593086, 1.19587993622, 1.29027366638, 0.647472023964, 0.199822664261, 0.0539787635207, 0.0215200930834, 0.016273740679, 0.00822838768363, 0.00813705474138, 0.00295634102076, 0.00117491185665, 0.000267944356892, 2.35767274717e-05, 3.98116681026e-05],
        "min": [3.82730496805e-22, 9.4866791826e-22, 2.48959533757e-21, 3.47473953786e-20, 5.6146441503e-20, 2.92217190268e-19, 1.78271057561e-19, 7.43186883697e-20, 1.04131513247e-18, 1.35681391562e-18, 7.65457997907e-19, 1.67778036261e-18, 3.05968980064e-18, 5.63601288801e-18, 2.91495656129e-18, 1.18109717886e-18, 7.20978562835e-18, 6.23656255634e-18, 1.0802864649e-17, 1.42308715066e-17, 7.78894192449e-18, 8.10849916592e-18, 1.30014660494e-17, 1.60072650332e-17, 1.36017187599e-17, 1.27687809703e-17, 2.15953316377e-17, 2.05377133958e-17, 1.62641956032e-17, 1.69674298184e-17, 2.05216991791e-17, 1.63463594535e-17, 1.49258173721e-17, 1.34342122043e-17, 7.74239233552e-18, 6.90195615365e-18, 2.80990379632e-18, 1.54413051629e-18, 3.35567865015e-19, 3.24242327788e-20],
        "var": [0.00110520015005, 3.620241642, 1032.78430176, 573.08416748, 546.624389648, 336.256896973, 676.182678223, 616.402099609, 1930.39367676, 620.707275391, 2023.60498047, 3394.96166992, 410.577514648, 92.0100097656, 1447.87353516, 731.21697998, 501.315002441, 604.002929688, 265.22177124, 167.271286011, 27.7386512756, 42.7729797363, 17.8414134979, 10.571846962, 2.76538801193, 0.70573836565, 4.13968038559, 0.945969700813, 0.642018914223, 0.0248939581215, 0.00515417568386, 0.000463305972517, 0.000101551508124, 3.33564858011e-05, 2.92102813546e-05, 6.4880255195e-06, 8.49524838031e-07, 2.2602625549e-08, 4.74973338438e-10, 2.11812167805e-09]
    },
    "gfcc": {
        "mean": [-53.7746238708, 152.715927124, -84.0862808228, 33.1978645325, -54.5979537964, 1.63320910931, -19.6612854004, -17.6878414154, -22.8114528656, 10.7598028183, -21.2422275543, -6.70007419586, -14.7498493195],
        "cov": [[1971.24462891, 274.84677124, -652.051269531, -84.5600585938, 271.407562256, -12.5983610153, -116.680488586, 16.0463848114, -28.3572978973, -67.9092788696, 47.9220924377, 43.7845001221, 28.9393043518], [274.84677124, 196.306747437, 30.8167953491, -52.4216384888, 27.5325202942, -13.7375059128, 29.5521125793, -25.3964672089, 17.2427005768, -13.8389110565, 21.3044719696, -30.8049106598, 6.21774768829], [-652.051269531, 30.8167953491, 794.303527832, 198.657730103, -124.114715576, 16.3948955536, 133.006866455, -52.6655654907, 65.7819824219, 19.0047473907, -61.7947425842, -121.178771973, -31.1039047241], [-84.5600585938, -52.4216384888, 198.657730103, 179.839385986, 41.4024047852, -7.08330583572, 6.66243171692, -1.96209573746, 20.4840660095, -8.25823688507, -26.2501182556, -30.4800014496, 3.26921892166], [271.407562256, 27.5325202942, -124.114715576, 41.4024047852, 193.006210327, 16.1347389221, -37.607749939, -1.57434058189, 11.9864702225, -22.4752445221, 13.1483612061, 0.053659491241, 15.026268959], [-12.5983610153, -13.7375059128, 16.3948955536, -7.08330583572, 16.1347389221, 80.4594497681, 29.4381389618, -10.7697792053, 4.15578842163, 13.1642055511, -0.425791531801, -5.86843967438, -8.26826477051], [-116.680488586, 29.5521125793, 133.006866455, 6.66243171692, -37.607749939, 29.4381389618, 107.069625854, 20.394361496, 6.23558950424, -8.16896438599, -5.78061771393, -26.0058269501, -8.33084487915], [16.0463848114, -25.3964672089, -52.6655654907, -1.96209573746, -1.57434058189, -10.7697792053, 20.394361496, 82.6940689087, 22.0594100952, -19.8895950317, -12.7683124542, 9.92854499817, 2.57105851173], [-28.3572978973, 17.2427005768, 65.7819824219, 20.4840660095, 11.9864702225, 4.15578842163, 6.23558950424, 22.0594100952, 70.5895385742, 17.708782196, -16.3275604248, -24.9227657318, -8.82041549683], [-67.9092788696, -13.8389110565, 19.0047473907, -8.25823688507, -22.4752445221, 13.1642055511, -8.16896438599, -19.8895950317, 17.708782196, 81.1595153809, 17.0999984741, -13.0196399689, -14.5452232361], [47.9220924377, 21.3044719696, -61.7947425842, -26.2501182556, 13.1483612061, -0.425791531801, -5.78061771393, -12.7683124542, -16.3275604248, 17.0999984741, 62.2594833374, 22.2729263306, -8.85299873352], [43.7845001221, -30.8049106598, -121.178771973, -30.4800014496, 0.053659491241, -5.86843967438, -26.0058269501, 9.92854499817, -24.9227657318, -13.0196399689, 22.2729263306, 78.0322494507, 13.4320688248], [28.9393043518, 6.21774768829, -31.1039047241, 3.26921892166, 15.026268959, -8.26826477051, -8.33084487915, 2.57105851173, -8.82041549683, -14.5452232361, -8.85299873352, 13.4320688248, 53.5144920349]],
        "icov": [[0.00176277093124, -0.00490471767262, 0.00217017601244, -0.00333886244334, 0.000407451443607, -0.00209464831278, 0.00174143095501, -0.0015499467263, 0.00180786079727, -0.000553794612642, 0.00186292000581, -0.00055926933419, 0.00158547610044], [-0.00490471767262, 0.0260501950979, -0.00695733865723, 0.0163928214461, -0.00490488205105, 0.0121117765084, -0.0106742316857, 0.0116843208671, -0.012206485495, 0.00665153656155, -0.0110005196184, 0.00623000506312, -0.00798167288303], [0.00217017601244, -0.00695733865723, 0.00790127832443, -0.00992288254201, 0.00468226196244, -0.002490805462, -0.00249051768333, 0.00362942321226, -0.00220547895879, 0.000551155186258, 0.00317245931365, 0.000975515809841, 0.00263799843378], [-0.00333886244334, 0.0163928214461, -0.00992288254201, 0.022686874494, -0.00906072743237, 0.00896213203669, -0.00297064636834, 0.00218746392056, -0.003321781056, 0.00201111380011, -0.00427965354174, 0.00260959938169, -0.00525502860546], [0.000407451443607, -0.00490488205105, 0.00468226196244, -0.00906072743237, 0.012602834031, -0.00671848747879, 0.0036293391604, 0.000887040630914, -0.00374002568424, 0.00443278858438, -0.00337299960665, 0.00284959468991, -0.00111473875586], [-0.00209464831278, 0.0121117765084, -0.002490805462, 0.00896213203669, -0.00671848747879, 0.0238516498357, -0.0140547547489, 0.0106719331816, -0.00636722287163, -0.00164861697704, 0.000268951349426, -0.000933333823923, -0.000617538637016], [0.00174143095501, -0.0106742316857, -0.00249051768333, -0.00297064636834, 0.0036293391604, -0.0140547547489, 0.0260303877294, -0.0167829524726, 0.0104348128662, 0.000554722733796, -0.00163347274065, 0.00316433631815, 0.00150660495274], [-0.0015499467263, 0.0116843208671, 0.00362942321226, 0.00218746392056, 0.000887040630914, 0.0106719331816, -0.0167829524726, 0.0311479326338, -0.0194587260485, 0.00844372902066, -0.000939141085837, -0.000961571291555, -0.00207914086059], [0.00180786079727, -0.012206485495, -0.00220547895879, -0.003321781056, -0.00374002568424, -0.00636722287163, 0.0104348128662, -0.0194587260485, 0.0330715291202, -0.0124659864232, 0.0100070089102, -0.000453710876172, 0.00581940868869], [-0.000553794612642, 0.00665153656155, 0.000551155186258, 0.00201111380011, 0.00443278858438, -0.00164861697704, 0.000554722733796, 0.00844372902066, -0.0124659864232, 0.0227438211441, -0.0119069293141, 0.00706800818443, -0.00171134120319], [0.00186292000581, -0.0110005196184, 0.00317245931365, -0.00427965354174, -0.00337299960665, 0.000268951349426, -0.00163347274065, -0.000939141085837, 0.0100070089102, -0.0119069293141, 0.0317211225629, -0.0120751876384, 0.00984717160463], [-0.00055926933419, 0.00623000506312, 0.000975515809841, 0.00260959938169, 0.00284959468991, -0.000933333823923, 0.00316433631815, -0.000961571291555, -0.000453710876172, 0.00706800818443, -0.0120751876384, 0.024881767109, -0.00681598717347], [0.00158547610044, -0.00798167288303, 0.00263799843378, -0.00525502860546, -0.00111473875586, -0.000617538637016, 0.00150660495274, -0.00207914086059, 0.00581940868869, -0.00171134120319, 0.00984717160463, -0.00681598717347, 0.0249967090786]]
    },
    "melbands": {
        "dmean": [0.000473443156807, 0.00388951110654, 0.00117443106137, 0.000634520780295, 0.000312406569719, 0.00027482691803, 0.000315984885674, 0.000107044135802, 5.63610410609e-05, 7.68779282225e-05, 3.3978583815e-05, 1.25762753669e-05, 2.32732618315e-05, 3.49090514646e-05, 2.18560180656e-05, 1.20241984405e-05, 1.08416561488e-05, 7.15819169272e-06, 7.08700872565e-06, 2.75290358331e-06, 2.51047595157e-06, 1.60171555308e-06, 1.25435633436e-06, 7.45286229176e-07, 8.35179889691e-07, 5.35712160854e-07, 3.02162874277e-07, 3.20401966292e-07, 6.92667470048e-07, 6.73577687849e-07, 3.97773362693e-07, 3.59720871757e-07, 1.37542841117e-07, 7.10472392029e-08, 2.27510792428e-08, 1.03364508064e-08, 5.47461898037e-09, 5.97162985727e-09, 4.57743132287e-09, 3.49171758174e-09],
        "dmean2": [0.000834261998534, 0.00615455769002, 0.00179784721695, 0.00105799979065, 0.000523365044501, 0.000449469371233, 0.000528454722371, 0.00018890183128, 9.75737857516e-05, 0.000118976924568, 5.42952438991e-05, 2.03163745027e-05, 3.45707740053e-05, 5.13655286341e-05, 3.23444983223e-05, 1.78676418727e-05, 1.58832226589e-05, 1.02875237644e-05, 1.09556413008e-05, 4.24856125392e-06, 3.78879099117e-06, 2.34415665545e-06, 1.88661817901e-06, 1.16219734991e-06, 1.28523220155e-06, 7.98768041932e-07, 4.78763524825e-07, 5.33010506842e-07, 1.17229956231e-06, 1.14104250315e-06, 6.83881808072e-07, 5.80955997975e-07, 2.36483884919e-07, 1.21160027788e-07, 3.73488653338e-08, 1.66948925795e-08, 9.26722343308e-09, 1.0124598937e-08, 7.63939667081e-09, 5.84043391427e-09],
        "dvar": [3.07324398818e-07, 2.07440098166e-05, 2.09375184568e-06, 7.99638883109e-07, 1.72739589743e-07, 1.29279627004e-07, 1.66639111399e-07, 3.18055093373e-08, 1.29244227765e-07, 7.24594855228e-08, 3.92453136655e-09, 1.01257613405e-09, 5.91654281124e-09, 4.85309481491e-09, 1.85971638089e-09, 6.8969235878e-10, 9.75801328629e-10, 7.02280233966e-10, 3.88745591273e-10, 4.29623663034e-11, 3.18197447557e-11, 2.69777585687e-11, 2.2627498833e-11, 5.21152348706e-12, 5.22090487162e-12, 1.16453602404e-12, 2.67415131922e-13, 1.72558514244e-13, 8.73554700798e-13, 8.01134061434e-13, 1.51571585686e-13, 2.30844802909e-13, 2.55434338774e-14, 1.69290918632e-14, 1.4437311303e-15, 4.18540499169e-16, 3.680997401e-17, 3.04902115597e-17, 2.10329298849e-17, 1.6002945496e-17],
        "dvar2": [9.61495743468e-07, 5.4683208873e-05, 4.71516796097e-06, 2.15089949052e-06, 4.90136471853e-07, 3.23457328477e-07, 4.4798062504e-07, 1.01723607315e-07, 3.64055750879e-07, 1.65475327663e-07, 8.23837176256e-09, 2.62205812618e-09, 1.33307924699e-08, 9.51041023711e-09, 3.68651997817e-09, 1.26758803454e-09, 1.81295967128e-09, 1.10498266093e-09, 8.2049639305e-10, 9.88153656123e-11, 6.7046049268e-11, 4.78814765614e-11, 4.48290259081e-11, 1.27542186881e-11, 1.22309610356e-11, 2.24647384028e-12, 5.68097652254e-13, 4.37051545128e-13, 2.1859267868e-12, 2.09249674879e-12, 4.11404661423e-13, 5.825237211e-13, 6.95479440639e-14, 4.64579174013e-14, 3.5803633753e-15, 9.32587827729e-16, 9.35372924999e-17, 8.4311045679e-17, 5.60701201846e-17, 4.4477048242e-17],
        "max": [0.00470990920439, 0.0998754799366, 0.0377545766532, 0.0158180128783, 0.007242328953, 0.00406491244212, 0.00629211170599, 0.00258344574831, 0.0130522614345, 0.00491904979572, 0.00114115898032, 0.000873764976859, 0.00180806848221, 0.000873213342857, 0.000824505696073, 0.000669774133712, 0.000621030689217, 0.000619820901193, 0.000323542277329, 0.000112835798063, 8.0107456597e-05, 0.000142851422424, 0.000182750023669, 6.20269493083e-05, 4.90555212309e-05, 2.13640869333e-05, 1.27477678689e-05, 5.91724983678e-06, 1.37677052408e-05, 1.3246247363e-05, 4.28253224527e-06, 6.22951802143e-06, 1.36095877679e-06, 1.27747387069e-06, 7.15238797966e-07, 4.83260521378e-07, 1.26619994489e-07, 6.67959696443e-08, 5.54669270514e-08, 5.9311805245e-08],
        "mean": [0.000711940054316, 0.0104901045561, 0.00417725229636, 0.00101905944757, 0.000627484463621, 0.000495630083606, 0.000554325291887, 0.000181110881385, 8.56794140418e-05, 0.000114161106467, 5.23656053701e-05, 2.21851259994e-05, 3.35959339282e-05, 5.22007030668e-05, 4.17369337811e-05, 2.6296973374e-05, 1.86619545275e-05, 1.07741325337e-05, 9.77109630185e-06, 4.07464858654e-06, 3.34335982188e-06, 2.23649931286e-06, 1.74464616975e-06, 1.09677012006e-06, 1.23500547033e-06, 8.68418624123e-07, 5.28022098933e-07, 5.80870050726e-07, 1.06532320387e-06, 1.08584060854e-06, 8.24269648092e-07, 5.57568228032e-07, 2.1758349078e-07, 1.10682599086e-07, 4.38732215002e-08, 2.25581775481e-08, 1.32307160783e-08, 1.37965407987e-08, 9.37656796651e-09, 7.414161729e-09],
        "median": [0.000503620773088, 0.00572864105925, 0.00273203616962, 0.000567064504139, 0.000377781572752, 0.000297219929053, 0.000329796515871, 0.00010368967196, 3.72137146769e-05, 2.93537050311e-05, 2.00677532121e-05, 9.69292068476e-06, 4.37698236055e-06, 7.52179312258e-06, 1.46799193317e-05, 1.28848741952e-05, 1.72829413714e-06, 1.78339325885e-06, 2.80229005512e-06, 8.58904400047e-07, 6.85113775489e-07, 4.02884097639e-07, 3.06485333113e-07, 2.6906968742e-07, 3.26927903416e-07, 2.67832319878e-07, 2.62836977072e-07, 3.98600661811e-07, 7.27310066395e-07, 7.59848489906e-07, 6.91296406785e-07, 3.96505299705e-07, 1.6829910976e-07, 7.64087246807e-08, 3.04832354914e-08, 1.59152655499e-08, 1.09306697027e-08, 1.20236549606e-08, 7.95012589094e-09, 6.2382472521e-09],
        "min": [3.9229642609e-24, 1.08928162046e-24, 6.19833927313e-24, 1.12600522553e-23, 9.20180292417e-24, 1.16273709391e-24, 1.9509461042e-23, 1.38419482441e-23, 5.206175502e-24, 1.22057292421e-23, 1.58496434241e-23, 2.30790960812e-23, 1.49986881216e-23, 2.4567102713e-24, 4.120047353e-24, 2.22790365065e-23, 8.39864707048e-24, 1.30211392611e-23, 2.96273594579e-23, 1.08785599104e-23, 8.83826820891e-24, 9.18894685799e-24, 8.43119152713e-24, 1.27337162126e-23, 1.31186408913e-23, 1.05958345285e-23, 8.47998336297e-24, 7.86100838686e-24, 1.29536813985e-23, 1.17005458739e-23, 1.18471469956e-23, 9.3492339276e-24, 7.01933639948e-24, 1.14391765344e-23, 1.19673812305e-23, 1.17004165007e-23, 9.60443674133e-24, 1.03414568633e-23, 1.02249918058e-23, 1.21505381666e-23],
        "var": [4.85569444209e-07, 0.000137456867378, 1.6535848772e-05, 2.13595239984e-06, 5.81946892453e-07, 2.92236592259e-07, 4.02937928357e-07, 5.73884619826e-08, 1.28298907498e-07, 1.33319545625e-07, 9.59435908499e-09, 1.56723178879e-09, 9.55123358182e-09, 1.00673984704e-08, 6.22853857379e-09, 1.83045090196e-09, 3.2333671296e-09, 1.57026036618e-09, 5.16025500108e-10, 7.64467794623e-11, 5.22528513514e-11, 5.00658958735e-11, 4.5953844896e-11, 7.66626692683e-12, 8.28598561292e-12, 2.64472948749e-12, 5.59208495482e-13, 3.30134547087e-13, 1.40714371578e-12, 1.28449280292e-12, 2.51899277262e-13, 2.97247957585e-13, 2.83850837258e-14, 1.58736549296e-14, 2.32531677493e-15, 7.96126055366e-16, 8.01780079698e-17, 6.0121875818e-17, 3.7323514204e-17, 2.84951048618e-17]
    },
    "mfcc": {
        "mean": [-711.178894043, 182.95954895, 24.633808136, 44.9013519287, -14.0145120621, 25.8486442566, -1.9337362051, -11.1212787628, 2.93308877945, -6.22084379196, 3.92298173904, 3.58126783371, -3.44106197357],
        "cov": [[1562.11425781, 223.901855469, -856.251037598, -102.086326599, 211.711135864, -63.0647010803, 8.33264160156, 57.1102752686, -94.9729995728, -66.4591827393, -75.6368560791, -44.0135307312, 61.1918525696], [223.901855469, 262.839813232, -0.654186725616, -36.7428588867, -18.5556354523, 11.6201324463, 12.281452179, -8.61616897583, 1.30417466164, -5.57516717911, 16.1656513214, 18.0012989044, 11.8312215805], [-856.251037598, -0.654186725616, 783.83605957, 153.093719482, -104.392219543, 89.1479568481, 13.221326828, -27.7711181641, 99.0160293579, 70.9185333252, 65.2464065552, 33.9903907776, -74.2229919434], [-102.086326599, -36.7428588867, 153.093719482, 174.953536987, 60.2821121216, 21.0128517151, 0.433203697205, 5.84674453735, 27.4656772614, 15.3316831589, 11.3138637543, -8.18612670898, -25.2405757904], [211.711135864, -18.5556354523, -104.392219543, 60.2821121216, 160.464767456, 27.3477210999, -15.8733568192, 3.6358165741, 4.15623903275, -3.11352467537, -8.37505626678, -6.68397855759, -4.61814975739], [-63.0647010803, 11.6201324463, 89.1479568481, 21.0128517151, 27.3477210999, 96.7148666382, 16.1461734772, -17.0191249847, 8.85074806213, 9.91038227081, 13.6970977783, 1.83805048466, -10.2615728378], [8.33264160156, 12.281452179, 13.221326828, 0.433203697205, -15.8733568192, 16.1461734772, 80.2952575684, 12.9502296448, -2.55148935318, 3.29174304008, -9.4356918335, 0.178837656975, 2.27023267746], [57.1102752686, -8.61616897583, -27.7711181641, 5.84674453735, 3.6358165741, -17.0191249847, 12.9502296448, 103.526702881, 17.0103588104, 0.111952550709, -11.1059942245, -11.969294548, 1.05186080933], [-94.9729995728, 1.30417466164, 99.0160293579, 27.4656772614, 4.15623903275, 8.85074806213, -2.55148935318, 17.0103588104, 92.3065872192, 37.7905578613, 2.47700285912, -0.00260203285143, -19.5312461853], [-66.4591827393, -5.57516717911, 70.9185333252, 15.3316831589, -3.11352467537, 9.91038227081, 3.29174304008, 0.111952550709, 37.7905578613, 83.6138076782, 24.7411823273, -7.24086523056, -23.3306751251], [-75.6368560791, 16.1656513214, 65.2464065552, 11.3138637543, -8.37505626678, 13.6970977783, -9.4356918335, -11.1059942245, 2.47700285912, 24.7411823273, 83.2966079712, 25.3694953918, -18.3981647491], [-44.0135307312, 18.0012989044, 33.9903907776, -8.18612670898, -6.68397855759, 1.83805048466, 0.178837656975, -11.969294548, -0.00260203285143, -7.24086523056, 25.3694953918, 84.5037460327, 15.4654455185], [61.1918525696, 11.8312215805, -74.2229919434, -25.2405757904, -4.61814975739, -10.2615728378, 2.27023267746, 1.05186080933, -19.5312461853, -23.3306751251, -18.3981647491, 15.4654455185, 83.5808944702]],
