{
"lowlevel": {
    "average_loudness": 0.824306249619,
    "barkbands_crest": {
        "dmean": 2.79894018173,
        "dmean2": 4.28368806839,
        "dvar": 5.47677230835,
        "dvar2": 12.6295185089,
        "max": 25.5887145996,
        "mean": 13.4168977737,
        "median": 12.8999328613,
        "min": 4.52408075333,
        "var": 16.8901767731
    },
    "barkbands_flatness_db": {
        "dmean": 0.0392211787403,
        "dmean2": 0.0634392946959,
        "dvar": 0.00140404573176,
        "dvar2": 0.00329279527068,
        "max": 0.485530972481,
        "mean": 0.327336490154,
        "median": 0.347147911787,
        "min": 0.0305446851999,
        "var": 0.00650044111535
    },
    "barkbands_kurtosis": {
        "dmean": 3.43315386772,
        "dmean2": 5.1993021965,
        "dvar": 25.7890262604,
        "dvar2": 57.1296348572,
        "max": 109.664985657,
        "mean": 4.36180591583,
        "median": 2.42790126801,
        "min": -1.87609803677,
        "var": 49.5580558777
    },
    "barkbands_skewness": {
        "dmean": 0.63328486681,
        "dmean2": 0.934912383556,
        "dvar": 0.318712115288,
        "dvar2": 0.636463701725,
        "max": 8.22906684875,
        "mean": 1.50856757164,
        "median": 1.41370236874,
        "min": -1.98087775707,
        "var": 1.30208110809
    },
    "barkbands_spread": {
        "dmean": 2.19746804237,
        "dmean2": 3.09834551811,
        "dvar": 14.0945978165,
        "dvar2": 22.2506542206,
        "max": 72.7057647705,
        "mean": 7.15094327927,
        "median": 5.03098106384,
        "min": 0.388699889183,
        "var": 54.8537483215
    },
    "dissonance": {
        "dmean": 0.042162720114,
        "dmean2": 0.0716021060944,
        "dvar": 0.00139109604061,
        "dvar2": 0.00376764149405,
        "max": 0.495675235987,
        "mean": 0.363433539867,
        "median": 0.368300557137,
        "min": 0.177654236555,
        "var": 0.00367140118033
    },
    "dynamic_complexity": 1.93944442272,
    "erbbands_crest": {
        "dmean": 3.2095117569,
        "dmean2": 4.94739866257,
        "dvar": 7.66117954254,
        "dvar2": 15.8179912567,
        "max": 30.7495155334,
        "mean": 14.3616485596,
        "median": 13.5245161057,
        "min": 2.86304998398,
        "var": 25.5986824036
    },
    "erbbands_flatness_db": {
        "dmean": 0.033155657351,
        "dmean2": 0.0531411208212,
        "dvar": 0.00134078983683,
        "dvar2": 0.00302948220633,
        "max": 0.543878912926,
        "mean": 0.365804284811,
        "median": 0.39565461874,
        "min": 0.0752530023456,
        "var": 0.00732876267284
    },
    "erbbands_kurtosis": {
        "dmean": 1.54756999016,
        "dmean2": 2.44340991974,
        "dvar": 5.09290266037,
        "dvar2": 12.5740222931,
        "max": 40.5862121582,
        "mean": 1.09804677963,
        "median": 0.292763710022,
        "min": -1.83604323864,
        "var": 9.01856708527
    },
    "erbbands_skewness": {
        "dmean": 0.511252403259,
        "dmean2": 0.756222963333,
        "dvar": 0.214705809951,
        "dvar2": 0.451899558306,
        "max": 5.55211448669,
        "mean": 0.688898801804,
        "median": 0.768221497536,
        "min": -3.64319634438,
        "var": 0.930374801159
    },
    "erbbands_spread": {
        "dmean": 3.48652124405,
        "dmean2": 5.06644392014,
        "dvar": 36.0122947693,
        "dvar2": 59.2599487305,
        "max": 116.032264709,
        "mean": 14.9606657028,
        "median": 12.2734479904,
        "min": 1.65521872044,
        "var": 149.220504761
    },
    "hfc": {
        "dmean": 6.13716363907,
        "dmean2": 8.82515144348,
        "dvar": 85.0267791748,
        "dvar2": 183.581085205,
        "max": 121.002876282,
        "mean": 15.3701190948,
        "median": 11.7710170746,
        "min": 1.19890485957e-16,
        "var": 175.84727478
    },
    "melbands_crest": {
        "dmean": 3.24281573296,
        "dmean2": 4.87252902985,
        "dvar": 7.31683492661,
        "dvar2": 16.8062725067,
        "max": 33.3182945251,
        "mean": 16.3139820099,
        "median": 15.822268486,
        "min": 2.27414250374,
        "var": 25.6585865021
    },
    "melbands_flatness_db": {
        "dmean": 0.0382091850042,
        "dmean2": 0.0615418180823,
        "dvar": 0.00152668531518,
        "dvar2": 0.00341890077107,
        "max": 0.603969573975,
        "mean": 0.399414002895,
        "median": 0.421345323324,
        "min": 0.0042713410221,
        "var": 0.00826989579946
    },
    "melbands_kurtosis": {
        "dmean": 5.02018547058,
        "dmean2": 7.50188493729,
        "dvar": 48.0199050903,
        "dvar2": 88.7587356567,
        "max": 172.77180481,
        "mean": 7.89153957367,
        "median": 4.59333848953,
        "min": -1.78320717812,
        "var": 127.146820068
    },
    "melbands_skewness": {
        "dmean": 0.703859388828,
        "dmean2": 1.0344067812,
        "dvar": 0.395629882812,
        "dvar2": 0.78343719244,
        "max": 10.4919538498,
        "mean": 1.91667580605,
        "median": 1.79271888733,
        "min": -1.55474174023,
        "var": 1.65391802788
    },
    "melbands_spread": {
        "dmean": 3.17245650291,
        "dmean2": 4.5462603569,
        "dvar": 22.3963298798,
        "dvar2": 34.6835823059,
        "max": 131.056106567,
        "mean": 9.35459041595,
        "median": 6.97265911102,
        "min": 0.614543378353,
        "var": 71.318901062
    },
    "pitch_salience": {
        "dmean": 0.0720049962401,
        "dmean2": 0.117212153971,
        "dvar": 0.00492588058114,
        "dvar2": 0.0118708787486,
        "max": 0.954018771648,
        "mean": 0.453660368919,
        "median": 0.456116139889,
        "min": 0.133794978261,
        "var": 0.0097238169983
    },
    "silence_rate_20dB": {
        "dmean": 0,
        "dmean2": 0,
        "dvar": 0,
        "dvar2": 0,
        "max": 1,
        "mean": 1,
        "median": 1,
        "min": 1,
        "var": 0
    },
    "silence_rate_30dB": {
        "dmean": 0.00824742298573,
        "dmean2": 0.0165033526719,
        "dvar": 0.00817939266562,
        "dvar2": 0.0172624737024,
        "max": 1,
        "mean": 0.98145288229,
        "median": 1,
        "min": 0,
        "var": 0.0182031281292
    },
    "silence_rate_60dB": {
        "dmean": 0.00567010324448,
        "dmean2": 0.0113460542634,
        "dvar": 0.00563818914816,
        "dvar2": 0.0143108572811,
        "max": 1,
        "mean": 0.00566718168557,
        "median": 0,
        "min": 0,
        "var": 0.00563533511013
    },
    "spectral_centroid": {
        "dmean": 107.223136902,
        "dmean2": 149.326919556,
        "dvar": 72365.625,
        "dvar2": 81141.953125,
        "max": 11345.7109375,
        "mean": 657.589050293,
        "median": 575.825256348,
        "min": 239.376266479,
        "var": 140103.125
    },
    "spectral_complexity": {
        "dmean": 1.61340200901,
        "dmean2": 2.58690047264,
        "dvar": 5.68557786942,
        "dvar2": 10.871594429,
        "max": 46,
        "mean": 10.3055124283,
        "median": 10,
        "min": 0,
        "var": 12.6645536423
    },
    "spectral_decrease": {
        "dmean": 3.14861625661e-09,
        "dmean2": 4.46380088448e-09,
        "dvar": 1.44644441506e-17,
        "dvar2": 2.98379002373e-17,
        "max": 2.42267512437e-29,
        "mean": -6.86024881347e-09,
        "median": -4.84642415088e-09,
        "min": -6.80738452274e-08,
        "var": 4.50245690156e-17
    },
    "spectral_energy": {
        "dmean": 0.0124007277191,
        "dmean2": 0.017596155405,
        "dvar": 0.00022160501976,
        "dvar2": 0.000461067858851,
        "max": 0.259145468473,
        "mean": 0.0272862445563,
        "median": 0.0195035431534,
        "min": 1.0782982678e-20,
        "var": 0.000679152668454
    },
    "spectral_energyband_high": {
        "dmean": 0.000121676996059,
        "dmean2": 0.000164155440871,
        "dvar": 5.55547160275e-07,
        "dvar2": 1.06664163013e-06,
        "max": 0.0135859316215,
        "mean": 0.000163371922099,
        "median": 7.00979001067e-07,
        "min": 8.00106037908e-21,
        "var": 9.08166782665e-07
    },
    "spectral_energyband_low": {
        "dmean": 0.0014389201533,
        "dmean2": 0.00149504246656,
        "dvar": 6.17789482931e-05,
        "dvar2": 5.36869883945e-05,
        "max": 0.238381996751,
        "mean": 0.00305951922201,
        "median": 9.3955284683e-05,
        "min": 7.58000540391e-23,
        "var": 0.000348800444044
    },
    "spectral_energyband_middle_high": {
        "dmean": 0.00144136568997,
        "dmean2": 0.00213615363464,
        "dvar": 1.00387360362e-05,
        "dvar2": 2.10162961594e-05,
        "max": 0.0585365593433,
        "mean": 0.00446787383407,
        "median": 0.00225546187721,
        "min": 1.39712895626e-21,
        "var": 4.63478827442e-05
    },
    "spectral_energyband_middle_low": {
        "dmean": 0.0111154960468,
        "dmean2": 0.0164726749063,
        "dvar": 0.000192229330423,
        "dvar2": 0.000464468379505,
        "max": 0.180433511734,
        "mean": 0.0200861152261,
        "median": 0.014633147046,
        "min": 4.45786736423e-22,
        "var": 0.000267913535936
    },
    "spectral_entropy": {
        "dmean": 0.263484954834,
        "dmean2": 0.425838708878,
        "dvar": 0.0835466384888,
        "dvar2": 0.183111339808,
        "max": 9.79461765289,
        "mean": 5.89279413223,
        "median": 5.76774930954,
        "min": 4.39410972595,
        "var": 0.39058816433
    },
    "spectral_flux": {
        "dmean": 0.0340051725507,
        "dmean2": 0.0561902932823,
        "dvar": 0.00124934897758,
        "dvar2": 0.00287855928764,
        "max": 0.419224739075,
        "mean": 0.0663402676582,
        "median": 0.0548009872437,
        "min": 1.03841144017e-10,
        "var": 0.00210689869709
    },
    "spectral_kurtosis": {
        "dmean": 31.0811786652,
        "dmean2": 52.8522872925,
        "dvar": 941.909484863,
        "dvar2": 2456.92553711,
        "max": 239.901687622,
        "mean": 66.6525878906,
        "median": 58.4990005493,
        "min": -1.23197543621,
        "var": 2309.16918945
    },
    "spectral_rms": {
        "dmean": 0.00111177400686,
        "dmean2": 0.00155121763237,
        "dvar": 1.16513854209e-06,
        "dvar2": 2.5181352612e-06,
        "max": 0.0159004665911,
        "mean": 0.00476884935051,
        "median": 0.0043620923534,
        "min": 3.24345238167e-12,
        "var": 3.87879208574e-06
    },
    "spectral_rolloff": {
        "dmean": 242.447692871,
        "dmean2": 399.757995605,
        "dvar": 420181.6875,
        "dvar2": 625012.3125,
        "max": 18992.2851562,
        "mean": 944.973571777,
        "median": 753.662109375,
        "min": 64.599609375,
        "var": 728723.875
    },
    "spectral_skewness": {
        "dmean": 1.59671628475,
        "dmean2": 2.74415111542,
        "dvar": 2.02505803108,
        "dvar2": 5.53628921509,
        "max": 12.0524578094,
        "mean": 5.27843475342,
        "median": 5.02352952957,
        "min": -0.0135078486055,
        "var": 5.84836864471
    },
    "spectral_spread": {
        "dmean": 507551.6875,
        "dmean2": 791830.25,
        "dvar": 1.04568900813e+12,
        "dvar2": 1.53605111808e+12,
        "max": 41697080,
        "mean": 1664247.375,
        "median": 1077580.875,
        "min": 323415.21875,
        "var": 4.26711239885e+12
    },
    "spectral_strongpeak": {
        "dmean": 0.798465192318,
        "dmean2": 1.24306941032,
        "dvar": 1.11048102379,
        "dvar2": 2.87249493599,
        "max": 16.3320713043,
        "mean": 1.86828958988,
        "median": 1.53622603416,
        "min": 3.7412739573e-09,
        "var": 1.92661762238
    },
    "zerocrossingrate": {
        "dmean": 0.00604109605774,
        "dmean2": 0.00649497145787,
        "dvar": 0.000202800598345,
        "dvar2": 0.000199406116735,
        "max": 0.51220703125,
        "mean": 0.0340667366982,
        "median": 0.02880859375,
        "min": 0.00537109375,
        "var": 0.000528452568687
    },
    "barkbands": {
        "dmean": [7.12991895853e-05, 0.00124016823247, 0.00058735877974, 0.00056467280956, 0.000920915161259, 0.00744250882417, 0.00252734706737, 0.000238710126723, 0.000936052470934, 0.000758183014113, 0.000178320202394, 6.21964863967e-05, 0.000414100184571, 0.00039546386688, 3.2525320421e-05, 2.68588337349e-05, 5.85358902754e-05, 6.28519628663e-05, 2.61888617388e-05, 1.52525735757e-05, 1.61765583471e-05, 1.94132771867e-05, 3.12583360937e-05, 2.87796210614e-05, 1.48309536598e-05, 1.0136882338e-05, 5.43737087355e-07],
        "dmean2": [9.38508746913e-05, 0.00124358932953, 0.00100787729025, 0.000882327498402, 0.00158777670003, 0.0112480847165, 0.00375069584697, 0.000434825371485, 0.00123792432714, 0.0010568088619, 0.000264392845565, 0.000100328565168, 0.00062603346305, 0.000612043135334, 5.35558174306e-05, 4.48780010629e-05, 0.000101979036117, 9.31259637582e-05, 3.84938139177e-05, 2.43183876592e-05, 2.39812543441e-05, 2.74035137409e-05, 4.45626174042e-05, 3.90989916923e-05, 1.97990357265e-05, 1.5068153516e-05, 8.62392369072e-07],
        "dvar": [2.07600507451e-07, 6.71997622703e-05, 2.71457483905e-05, 1.01118657767e-05, 2.53964226431e-05, 9.3778478913e-05, 1.53526270879e-05, 2.68958274319e-07, 1.28904650865e-06, 7.46953855923e-06, 1.08118996422e-07, 5.48954908197e-08, 9.14662223295e-07, 7.81359233315e-07, 6.70160327232e-09, 1.24503758414e-08, 9.29148811224e-08, 5.08860409809e-07, 9.59204768947e-08, 1.65126898821e-08, 1.18777450098e-08, 1.44536675961e-08, 4.18146086645e-08, 3.16482982043e-08, 8.87062956423e-09, 3.77086717407e-09, 1.53685432436e-11],
        "dvar2": [2.2277275491e-07, 6.96211718605e-05, 7.195858052e-05, 2.55957475019e-05, 7.16159775038e-05, 0.000217280437937, 3.61961647286e-05, 7.86458087987e-07, 2.33735590882e-06, 1.42268963828e-05, 2.45058828341e-07, 1.54551742071e-07, 1.96835571842e-06, 1.64924881574e-06, 1.8342079855e-08, 3.4294611595e-08, 2.692881651e-07, 1.14096746984e-06, 1.8575536842e-07, 3.72584381125e-08, 2.57101575585e-08, 2.76619740447e-08, 8.64479687834e-08, 6.34967847191e-08, 1.61346385141e-08, 8.46634407026e-09, 3.60580905412e-11],
        "max": [0.0202275048941, 0.230868548155, 0.0855141952634, 0.052304059267, 0.116515025496, 0.0819780603051, 0.0364935621619, 0.011591446586, 0.0214908272028, 0.0574513189495, 0.00712893530726, 0.00642234412953, 0.0235354676843, 0.0252162795514, 0.00201511592604, 0.00241658464074, 0.0089449416846, 0.0242744460702, 0.0111990831792, 0.00256944471039, 0.00184474245179, 0.00205337954685, 0.00420749234036, 0.00352479889989, 0.00155463523697, 0.00128598883748, 6.15135431872e-05],
        "mean": [9.0145469585e-05, 0.00225397385657, 0.000435308553278, 0.000619362806901, 0.00113911903463, 0.0110223051161, 0.0039800782688, 0.000332493480528, 0.00254825339653, 0.00212374515831, 0.000365921325283, 0.000107570871478, 0.000693264300935, 0.00102709652856, 7.36472939025e-05, 4.92485196446e-05, 0.00014887812722, 7.06180217094e-05, 3.38769132213e-05, 1.74213528226e-05, 1.83785832633e-05, 2.53131020145e-05, 4.2705283704e-05, 3.70814086637e-05, 1.8373302737e-05, 1.16451074064e-05, 4.59689232457e-07],
        "median": [2.50792641054e-06, 3.84922968806e-05, 3.17010490107e-05, 1.03393276731e-05, 0.000405727332691, 0.00665931170806, 0.002205705503, 0.000222963775741, 0.00179685733747, 0.000337431556545, 0.000152067412273, 4.74853404739e-05, 0.000176474044565, 0.000345349515555, 3.67326574633e-05, 7.79808851803e-06, 6.27749932391e-06, 3.22006167153e-06, 1.33594539875e-06, 6.52278743019e-07, 1.70950457345e-07, 5.52271401943e-08, 3.10508028178e-08, 1.45263836515e-08, 6.06865402375e-09, 2.325774906e-09, 5.78147862917e-10],
        "min": [2.89557579931e-23, 2.58628836638e-23, 3.05985923826e-23, 1.72705381089e-23, 3.78613980787e-23, 9.58933889024e-23, 4.43191964646e-23, 1.48155587956e-22, 7.13956290351e-23, 1.15728179337e-22, 7.03319857885e-23, 8.56964844891e-23, 7.71319163044e-23, 7.63893710006e-23, 1.61591214459e-22, 1.46790845969e-22, 1.43707762981e-22, 2.61895105749e-22, 1.84042839532e-22, 2.58236002839e-22, 5.31308346226e-22, 5.51242015642e-22, 6.66496184239e-22, 7.46340015009e-22, 1.00957080742e-21, 1.93154811551e-21, 2.53996469959e-21],
        "var": [6.49636149319e-07, 0.000264967326075, 1.92689931282e-05, 1.04482933239e-05, 1.69861286849e-05, 0.000150951149408, 2.33805003518e-05, 2.06564280347e-07, 5.07942468175e-06, 3.86597275792e-05, 3.49437470959e-07, 6.45318891657e-08, 2.44051375375e-06, 4.56277848571e-06, 1.57663606615e-08, 1.74625132132e-08, 5.75238971123e-07, 5.57809755719e-07, 1.25325200884e-07, 1.8528114154e-08, 1.5808367948e-08, 2.41123903066e-08, 6.99591637954e-08, 4.83129483086e-08, 1.39044891156e-08, 4.69796379576e-09, 1.4613301888e-11]
    },
    "erbbands": {
        "dmean": [0.0461008772254, 0.274915724993, 0.619634151459, 1.28218364716, 2.15663671494, 3.84399580956, 6.09709835052, 76.2993087769, 68.4192962646, 15.9963550568, 5.26261234283, 21.0859451294, 19.0059909821, 21.121881485, 6.90504026413, 4.14485549927, 21.800579071, 19.4893054962, 5.54748106003, 2.17719697952, 0.943536520004, 2.284542799, 3.65378928185, 2.8524851799, 0.699078857899, 0.72200602293, 0.725121557713, 0.586337089539, 0.641377151012, 1.18108928204, 0.835021972656, 0.655563116074, 0.420724123716, 0.20408731699, 0.0856240913272, 0.0519245453179, 0.0194209869951, 0.0022706403397, 6.261717499e-05, 1.56331861945e-05],
        "dmean2": [0.0479733087122, 0.296782642603, 0.96848154068, 2.06711173058, 3.67809176445, 6.42758274078, 9.45461273193, 114.983634949, 101.33404541, 25.6567840576, 8.08264446259, 27.3568248749, 25.8745079041, 30.2118434906, 10.3855371475, 6.46820211411, 32.8836784363, 30.3819026947, 8.33682250977, 3.56143593788, 1.57081282139, 3.98001670837, 5.66704320908, 4.25148773193, 1.0788475275, 1.1388682127, 1.0961149931, 0.898124992847, 0.984926342964, 1.58751785755, 1.19194459915, 0.90250068903, 0.594658374786, 0.271852225065, 0.121889837086, 0.078047297895, 0.0285900272429, 0.00353320944123, 9.42483966355e-05, 2.22272974497e-05],
        "dvar": [0.104519836605, 3.60051345825, 26.6595344543, 61.5525588989, 254.615066528, 270.518341064, 113.586837769, 10812.8828125, 9693.87109375, 575.106445312, 112.66418457, 554.206420898, 1290.0480957, 9911.57226562, 193.040664673, 137.568878174, 2532.03295898, 2347.07080078, 123.679786682, 37.8187828064, 33.7028770447, 128.020339966, 917.481384277, 1395.66418457, 21.6641654968, 34.8360977173, 22.5593090057, 19.8420524597, 19.4427433014, 60.2565078735, 25.4050579071, 18.3860759735, 6.09574127197, 1.56340897083, 0.346972465515, 0.142505317926, 0.0108917979524, 0.000205614574952, 1.36147221497e-07, 4.71742422903e-10],
        "dvar2": [0.0987407937646, 4.76180696487, 65.2004470825, 156.188186646, 716.981689453, 732.454528809, 268.777923584, 24806.6835938, 21923.1835938, 1379.26928711, 309.138458252, 992.593566895, 2297.9375, 18913.8378906, 463.595611572, 378.232025146, 5423.01513672, 5048.49121094, 269.466949463, 95.3223876953, 96.2014694214, 373.107086182, 2113.17163086, 2812.23486328, 42.8945236206, 74.1661682129, 51.0715026855, 42.5252304077, 44.1029815674, 124.640396118, 49.5782585144, 37.5404968262, 11.8400449753, 2.80044198036, 0.701898097992, 0.333057016134, 0.0236687809229, 0.000461165502202, 3.15565330311e-07, 1.00682140403e-09],
        "max": [11.4992465973, 39.3397369385, 94.1815948486, 124.331794739, 358.358184814, 392.600189209, 163.127029419, 964.32824707, 939.142700195, 249.233505249, 274.060760498, 333.999481201, 542.985534668, 2140.1809082, 331.324493408, 299.459472656, 1254.27294922, 1345.25073242, 264.243255615, 156.93347168, 160.129989624, 298.316375732, 1037.24584961, 1311.70715332, 84.1272583008, 123.609855652, 67.4825744629, 82.9002838135, 69.2294387817, 159.445266724, 83.0182037354, 86.1838150024, 49.4778289795, 22.8578720093, 9.79357242584, 8.26285362244, 1.56003534794, 0.235744997859, 0.00644764723256, 0.000351151014911],
        "mean": [0.081218264997, 0.437916755676, 0.562756419182, 1.33063900471, 2.05389785767, 5.80515241623, 9.67608642578, 113.367599487, 95.3577651978, 38.9216041565, 13.0708990097, 58.7467422485, 46.1960601807, 65.643119812, 16.182636261, 8.07575511932, 38.3277664185, 48.6947288513, 16.432806015, 5.21016263962, 1.81509947777, 5.4798746109, 6.3295173645, 3.46098470688, 1.02937781811, 0.847118914127, 0.817704081535, 0.669232428074, 0.744176030159, 1.45330321789, 1.16650354862, 0.826609790325, 0.551794290543, 0.264998912811, 0.0970270857215, 0.0580671913922, 0.0215153899044, 0.00232024118304, 7.01067765476e-05, 3.33391435561e-05],
        "median": [0.000739993702155, 0.00981710385531, 0.0366993658245, 0.0434705540538, 0.263452351093, 2.12278866768, 5.56682491302, 63.0477142334, 52.7385978699, 29.5738925934, 9.91602993011, 41.9586143494, 21.0931854248, 8.70015525818, 6.85620450974, 4.04739141464, 11.776465416, 12.3786087036, 6.14223766327, 1.65964543819, 0.424208164215, 0.281371504068, 0.193963348866, 0.110432475805, 0.0576500371099, 0.0351254194975, 0.0121126202866, 0.00499115418643, 0.00236189318821, 0.00143874750938, 0.00077472924022, 0.000415529764723, 0.00023478041112, 0.000110305198177, 5.82002794545e-05, 3.00142801279e-05, 1.34676984089e-05, 2.80282711174e-06, 1.12424149847e-05, 2.34110484598e-05],
        "min": [8.09387394141e-22, 5.57778186412e-21, 3.2257232768e-20, 5.1686206092e-20, 8.04856688031e-20, 1.28137708585e-19, 2.75982581674e-19, 1.04213890096e-18, 7.09308564336e-19, 1.79562940486e-18, 2.53915103822e-18, 1.20714850847e-18, 2.93250292324e-18, 4.49326121741e-18, 2.67202726386e-18, 3.03319458523e-18, 3.4481249241e-18, 4.8489195159e-18, 6.97260151387e-18, 6.84799874871e-18, 9.71382429713e-18, 8.10165755507e-18, 1.46027586752e-17, 1.15693004261e-17, 7.87667270026e-18, 1.45187783363e-17, 1.59609875866e-17, 2.43625766959e-17, 2.00907314625e-17, 1.96990118117e-17, 1.91598985018e-17, 1.4905844269e-17, 1.2960772072e-17, 8.09798652751e-18, 9.63703960241e-18, 7.10470556642e-18, 3.34330811239e-18, 1.40174005924e-18, 3.45449959149e-19, 3.98115921902e-20],
        "var": [0.407853901386, 10.341629982, 24.4435348511, 56.0368919373, 168.256118774, 226.417312622, 164.724975586, 18190.4570312, 14372.9785156, 1257.40063477, 139.084396362, 2501.296875, 4165.13330078, 53000.5234375, 676.038818359, 220.116622925, 6687.10058594, 12875.9697266, 874.185119629, 172.748458862, 26.2775650024, 660.292724609, 1348.03369141, 1737.49829102, 35.4511260986, 42.0735321045, 27.9440612793, 25.8696231842, 24.7450580597, 90.6986083984, 48.878528595, 25.9967212677, 9.99023151398, 2.66544342041, 0.462255358696, 0.162536233664, 0.0141080934554, 0.000228131408221, 1.43871815794e-07, 1.11709741457e-09]
    },
    "gfcc": {
        "mean": [-141.901016235, 192.975494385, -147.577041626, -52.1487503052, -53.9587593079, -25.2077770233, -33.2675552368, -13.1313962936, -5.30857849121, 4.73098897934, 7.33272504807, -8.58928966522, -0.6846113801],
        "cov": [[6327.33251953, -3174.80297852, 878.154663086, 1783.90466309, -1032.96252441, 952.530944824, -583.874694824, 451.004241943, -461.232391357, -71.4131469727, -405.627716064, 383.563446045, -317.796508789], [-3174.80297852, 2659.29296875, -600.122314453, -1194.17260742, 813.724487305, -600.739501953, 452.470855713, -367.840362549, 319.813079834, -15.9152555466, 341.026672363, -212.420700073, 318.981872559], [878.154663086, -600.122314453, 768.427490234, 382.701080322, -243.409942627, 378.419494629, -51.9302330017, 72.6230163574, -164.19732666, 21.9211502075, -204.197143555, 35.3624916077, -69.2766647339], [1783.90466309, -1194.17260742, 382.701080322, 854.924926758, -319.622711182, 360.414581299, -189.553268433, 227.696228027, -147.324386597, -45.3634414673, -169.578735352, 80.1105651855, -177.471969604], [-1032.96252441, 813.724487305, -243.409942627, -319.622711182, 426.54788208, -162.673599243, 146.301467896, -77.0555343628, 108.672843933, -15.7957763672, 98.4240493774, -72.6676559448, 52.8852920532], [952.530944824, -600.739501953, 378.419494629, 360.414581299, -162.673599243, 440.271484375, -28.9341754913, 56.2188682556, -119.075248718, 25.555803299, -127.831787109, 28.7032337189, -80.5818023682], [-583.874694824, 452.470855713, -51.9302330017, -189.553268433, 146.301467896, -28.9341754913, 213.645568848, -8.27276325226, 58.4813346863, 15.3441562653, 58.8898887634, -35.2132453918, 44.8123970032], [451.004241943, -367.840362549, 72.6230163574, 227.696228027, -77.0555343628, 56.2188682556, -8.27276325226, 204.41986084, -0.608404755592, -28.2303009033, -42.8247680664, 35.0745811462, -65.7645339966], [-461.232391357, 319.813079834, -164.19732666, -147.324386597, 108.672843933, -119.075248718, 58.4813346863, -0.608404755592, 150.91192627, 39.443523407, 91.2808227539, -20.3972644806, 34.4632835388], [-71.4131469727, -15.9152555466, 21.9211502075, -45.3634414673, -15.7957763672, 25.555803299, 15.3441562653, -28.2303009033, 39.443523407, 151.960983276, 45.5099983215, -11.7592182159, -17.4242134094], [-405.627716064, 341.026672363, -204.197143555, -169.578735352, 98.4240493774, -127.831787109, 58.8898887634, -42.8247680664, 91.2808227539, 45.5099983215, 188.033370972, 27.5306777954, 40.815372467], [383.563446045, -212.420700073, 35.3624916077, 80.1105651855, -72.6676559448, 28.7032337189, -35.2132453918, 35.0745811462, -20.3972644806, -11.7592182159, 27.5306777954, 130.284042358, 19.0406532288], [-317.796508789, 318.981872559, -69.2766647339, -177.471969604, 52.8852920532, -80.5818023682, 44.8123970032, -65.7645339966, 34.4632835388, -17.4242134094, 40.815372467, 19.0406532288, 149.285614014]],
        "icov": [[0.000628795707598, -0.000181977578904, 0.000361472426448, -0.000748377526179, 0.000571689393837, -0.000700956210494, 0.000658317061607, -0.000375288771465, 0.000489858328365, -0.000267617055215, 0.00032483562245, -0.00104409852065, -3.8320042222e-05], [-0.000181977578904, 0.00494980532676, -0.00195937859826, 0.0019072588766, -0.00405069487169, 0.00235364865512, -0.00379512947984, 0.00361336418428, -0.00249731959775, 0.00327936559916, -0.00365386926569, 0.0042686117813, -0.00275537394919], [0.000361472426448, -0.00195937859826, 0.00385579955764, -0.00140096608084, 0.00220564054325, -0.00249948049895, 0.000953529495746, -0.00149699498434, 0.00210798205808, -0.00251321541145, 0.0036248494871, -0.00275041162968, 0.000583507004194], [-0.000748377526179, 0.0019072588766, -0.00140096608084, 0.00561121292412, -0.0014139051782, -0.000665000465233, 0.00040744789294, -0.00132332753856, -0.00119484122843, 0.00265726540238, -0.00224987231195, 0.00249726674519, 0.000671369489282], [0.000571689393837, -0.00405069487169, 0.00220564054325, -0.0014139051782, 0.00821463763714, -0.0023991484195, 0.00146031833719, -0.00202082539909, 0.000546280993149, -0.000945333216805, 0.00257220095955, -0.00296696578152, 0.00311991921626], [-0.000700956210494, 0.00235364865512, -0.00249948049895, -0.000665000465233, -0.0023991484195, 0.0076244706288, -0.00467683980241, 0.00365463807248, -0.000349295820342, -3.7109330151e-05, -0.000324462424032, 0.00181480217725, -0.000558853149414], [0.000658317061607, -0.00379512947984, 0.000953529495746, 0.00040744789294, 0.00146031833719, -0.00467683980241, 0.0125314444304, -0.00682738283649, 0.00234313751571, -0.00239413045347, -7.1296315582e-05, -0.00140005070716, 3.98475140173e-06], [-0.000375288771465, 0.00361336418428, -0.00149699498434, -0.00132332753856, -0.00202082539909, 0.00365463807248, -0.00682738283649, 0.0133505295962, -0.00631402945146, 0.00412409566343, 0.000245041097514, -7.39627867006e-05, 0.00171320373192], [0.000489858328365, -0.00249731959775, 0.00210798205808, -0.00119484122843, 0.000546280993149, -0.000349295820342, 0.00234313751571, -0.00631402945146, 0.015993969515, -0.00578018603846, -0.00187600473873, 2.97786414194e-06, -0.00178467726801], [-0.000267617055215, 0.00327936559916, -0.00251321541145, 0.00265726540238, -0.000945333216805, -3.7109330151e-05, -0.00239413045347, 0.00412409566343, -0.00578018603846, 0.0125560173765, -0.0057879248634, 0.00419513136148, 0.00111348985229], [0.00032483562245, -0.00365386926569, 0.0036248494871, -0.00224987231195, 0.00257220095955, -0.000324462424032, -7.1296315582e-05, 0.000245041097514, -0.00187600473873, -0.0057879248634, 0.0161245986819, -0.00977639574558, 0.00314518739469], [-0.00104409852065, 0.0042686117813, -0.00275041162968, 0.00249726674519, -0.00296696578152, 0.00181480217725, -0.00140005070716, -7.39627867006e-05, 2.97786414194e-06, 0.00419513136148, -0.00977639574558, 0.0178801771253, -0.00635137874633], [-3.8320042222e-05, -0.00275537394919, 0.000583507004194, 0.000671369489282, 0.00311991921626, -0.000558853149414, 3.98475140173e-06, 0.00171320373192, -0.00178467726801, 0.00111348985229, 0.00314518739469, -0.00635137874633, 0.0134121244773]]
    },
    "melbands": {
        "dmean": [0.000373307557311, 0.000272425852017, 0.000242268826696, 0.00021668766567, 0.000190075545106, 0.00172432663385, 0.000945183448493, 0.000137044786243, 6.87542196829e-05, 0.000126156417537, 9.64516802924e-05, 9.1670837719e-05, 2.7221536584e-05, 8.19784872874e-06, 3.41173217748e-05, 4.27961276728e-05, 3.42722014466e-05, 1.11522622319e-05, 2.02716728381e-06, 2.49178901868e-06, 1.07583775844e-06, 1.64694188243e-06, 4.35889342043e-06, 3.95947699872e-06, 2.16490911953e-06, 4.81678910091e-07, 5.22883340182e-07, 4.82705104332e-07, 5.1543383961e-07, 3.6118422031e-07, 3.3396344179e-07, 3.62219140015e-07, 4.35722228076e-07, 7.26064683931e-07, 5.87458714563e-07, 3.33034250843e-07, 4.15707262391e-07, 3.00917122331e-07, 2.64206022393e-07, 1.47421502561e-07],
        "dmean2": [0.000365423387848, 0.000352899514837, 0.000376692216378, 0.000369693472749, 0.000308326300001, 0.00258837989531, 0.00140111858491, 0.000224251722102, 9.67098385445e-05, 0.000163966295077, 0.000132174944156, 0.000131463704747, 4.05313403462e-05, 1.29209838633e-05, 5.18596025358e-05, 6.58590506646e-05, 5.30098841409e-05, 1.68378519447e-05, 3.30200077769e-06, 4.17757883042e-06, 1.79643666343e-06, 2.8516628845e-06, 7.62015770306e-06, 5.68894256503e-06, 3.26839995068e-06, 6.76867159655e-07, 8.84399298684e-07, 8.02761292107e-07, 7.93153617451e-07, 5.22332015862e-07, 5.4967961205e-07, 5.86910971379e-07, 5.70377835629e-07, 9.95509253698e-07, 8.52025891618e-07, 4.84733845951e-07, 5.90457716498e-07, 4.42084115093e-07, 3.75007147113e-07, 1.97024036197e-07],
        "dvar": [6.10822235103e-06, 3.98758402298e-06, 2.07572020372e-06, 1.72071565885e-06, 1.39739327665e-07, 5.15907186127e-06, 1.77997526407e-06, 4.53540707213e-08, 9.70425340086e-09, 2.13503614788e-08, 3.3805928723e-08, 1.94696667677e-07, 2.39311059858e-09, 4.8449283474e-10, 6.96174584647e-09, 6.82991396772e-09, 7.75840458545e-09, 5.48902034936e-10, 3.03796605927e-11, 7.18380702147e-11, 5.42302765194e-11, 6.09167508103e-11, 5.49570666752e-10, 2.89579160651e-09, 1.06363917673e-09, 7.41820407185e-12, 2.06340153297e-11, 1.6368394487e-11, 1.17300691729e-11, 6.43106878515e-12, 7.21549035798e-12, 7.27032236497e-12, 6.76262257998e-12, 2.36697501876e-11, 1.26905196421e-11, 4.67897508932e-12, 7.31821200861e-12, 3.10559043759e-12, 2.39582399059e-12, 8.40041957436e-13],
        "dvar2": [5.74034811507e-06, 7.04648118699e-06, 5.09966639584e-06, 4.87573015562e-06, 3.37065046097e-07, 1.19195810839e-05, 4.0460827222e-06, 1.10546743315e-07, 2.34912604924e-08, 3.80084976825e-08, 6.06887837762e-08, 3.71909948171e-07, 5.39202549277e-09, 1.27814159256e-09, 1.57707287229e-08, 1.48261811717e-08, 1.61260924614e-08, 1.15157516856e-09, 7.77371292338e-11, 1.90552892909e-10, 1.56541654639e-10, 1.78005152285e-10, 1.60233137869e-09, 6.52488285624e-09, 2.11557460439e-09, 1.20258282499e-11, 5.24262785961e-11, 3.41586411934e-11, 2.757939363e-11, 1.36020561134e-11, 1.6041761669e-11, 1.77359169018e-11, 1.26086727864e-11, 5.05963569652e-11, 2.52865731826e-11, 9.85560938416e-12, 1.51484189775e-11, 6.37520591873e-12, 4.39088262277e-12, 1.54976758423e-12],
        "max": [0.0770439207554, 0.0408023819327, 0.0246192067862, 0.0319454781711, 0.00486678164452, 0.0194963533431, 0.012763238512, 0.00227050879039, 0.00214254320599, 0.0026161945425, 0.00270305946469, 0.00949397217482, 0.000997205148451, 0.000469341670396, 0.00189723842777, 0.00174383621197, 0.00273503386416, 0.000581609609071, 0.000114763315651, 0.000174392262124, 0.00021182623459, 0.000166363694007, 0.000692649744451, 0.00189650128596, 0.00121426372789, 7.3265771789e-05, 9.06226559891e-05, 8.09927441878e-05, 4.93615625601e-05, 5.54980542802e-05, 5.19130699104e-05, 4.7437959438e-05, 5.1014656492e-05, 0.000100400277006, 6.11192226643e-05, 4.40809672e-05, 5.35800209036e-05, 3.82907855965e-05, 2.38160519075e-05, 1.82771182153e-05],
        "mean": [0.000673729344271, 0.000391013803892, 0.000255179998931, 0.000266497721896, 0.000300328945741, 0.00255142943934, 0.00136118498631, 0.000322837906424, 0.000162717391504, 0.000354658841388, 0.00022737015388, 0.000282425549813, 5.83651708439e-05, 1.50701398525e-05, 5.7201643358e-05, 8.15079474705e-05, 8.7020554929e-05, 3.15495235554e-05, 4.82898121845e-06, 5.09348456035e-06, 1.65074527558e-06, 3.59488944923e-06, 1.09638031063e-05, 4.31085345554e-06, 2.5636072678e-06, 6.91921513862e-07, 6.38630069716e-07, 5.43238570572e-07, 5.49641981706e-07, 4.22061674499e-07, 3.74361945887e-07, 3.83424321626e-07, 5.53020413463e-07, 8.78629975887e-07, 8.17552290755e-07, 4.02883586048e-07, 5.16900399816e-07, 3.86921158224e-07, 3.42480035442e-07, 1.82709953833e-07],
        "median": [9.4992292361e-06, 1.7396911062e-05, 7.7751083154e-06, 9.0304594778e-05, 0.000169193852344, 0.00148170359898, 0.000790041871369, 0.000236817242694, 0.000106147126644, 0.000257577514276, 9.80482946034e-05, 3.28249152517e-05, 2.48595060839e-05, 6.0692268562e-06, 1.07180621853e-05, 2.93707980745e-05, 1.82590538316e-05, 7.54843586037e-06, 2.11532415051e-06, 6.25784082331e-07, 3.89400071299e-07, 2.53057635291e-07, 2.7932520652e-07, 1.36882803758e-07, 8.01855790655e-08, 5.62308706265e-08, 2.16221351934e-08, 2.25300116341e-08, 7.94111176816e-09, 3.55329654589e-09, 2.19807838597e-09, 1.21456911195e-09, 9.0524021612e-10, 7.30257576631e-10, 4.67543670446e-10, 3.16754150687e-10, 2.1943380446e-10, 1.49293716278e-10, 9.12290867849e-11, 6.49724093971e-11],
        "min": [7.47029031367e-24, 1.41815891514e-23, 9.74649954631e-24, 7.36832373078e-24, 9.44649732177e-24, 2.18601687208e-23, 1.05792226956e-23, 2.46839121082e-23, 1.84896074642e-23, 8.61950524698e-24, 1.49876156699e-23, 1.85044270052e-23, 9.27077145539e-24, 9.19974241948e-24, 6.13424274686e-24, 9.40847738159e-24, 8.30817340212e-24, 1.00291381535e-23, 1.12259466429e-23, 8.53268479347e-24, 1.24895187973e-23, 8.72883111325e-24, 9.67433691728e-24, 1.30449573384e-23, 9.58485326936e-24, 5.16567064996e-24, 6.07819220739e-24, 1.0569765831e-23, 9.70365493282e-24, 1.04721797928e-23, 1.54546039709e-23, 1.14450582813e-23, 1.00024596665e-23, 1.06062340818e-23, 1.01686134947e-23, 1.14375562141e-23, 7.94213247577e-24, 1.01148108143e-23, 6.95467189335e-24, 6.48159713609e-24],
        "var": [2.49713666562e-05, 7.96601398179e-06, 2.01539864975e-06, 1.12819634523e-06, 1.88766819065e-07, 8.34105776448e-06, 2.65665084953e-06, 9.73847633645e-08, 2.53195864275e-08, 9.07388653104e-08, 1.13008390201e-07, 1.04018965885e-06, 7.81894371471e-09, 9.76907665873e-10, 1.7944733699e-08, 1.92074374183e-08, 4.97898930973e-08, 4.22205603812e-09, 1.05707040343e-10, 2.25391635911e-10, 3.58539031797e-11, 2.23801213672e-10, 3.39698646989e-09, 3.14349501984e-09, 1.34110778038e-09, 1.34834443957e-11, 2.42246622068e-11, 1.87234672211e-11, 1.31374945644e-11, 8.90439805223e-12, 8.90917201124e-12, 7.94048073821e-12, 1.14275732974e-11, 3.43504981404e-11, 2.51874372054e-11, 6.24865957588e-12, 1.01960904997e-11, 4.80339682959e-12, 4.20863604383e-12, 1.34778971837e-12]
    },
    "mfcc": {
        "mean": [-774.254638672, 224.705535889, -21.3336315155, -29.8541584015, -13.6977424622, -20.2489566803, -18.1520118713, -19.719335556, -17.7199325562, 3.65159749985, 7.4462351799, 0.250920027494, -6.42849493027],
        "cov": [[4029.48071289, -2128.80126953, 409.359558105, 926.800598145, 1.73682284355, 170.894088745, 70.4871749878, 303.271728516, 73.982093811, -104.817474365, -225.82510376, 41.3515396118, -122.871902466], [-2128.80126953, 2026.03393555, -504.277191162, -517.796508789, 23.8416461945, -97.8566360474, 26.2754268646, -160.46812439, -36.905960083, -2.41678953171, 82.9506454468, -35.1162490845, 128.083679199], [409.359558105, -504.277191162, 757.280639648, 60.0579299927, -31.714050293, 225.731903076, 69.743927002, 64.4004669189, 47.9400558472, 39.6554450989, -32.6873397827, -95.4549179077, -49.6445884705], [926.800598145, -517.796508789, 60.0579299927, 443.089630127, 32.9393730164, 1.24230444431, 2.73275327682, 95.8971557617, 33.7197151184, -13.9561872482, -35.1780776978, 45.702495575, -37.0719451904], [1.73682284355, 23.8416461945, -31.714050293, 32.9393730164, 163.73034668, 39.3531227112, 2.70147538185, 30.7688007355, 17.3232097626, 3.42292952538, 10.2091264725, 18.2036571503, 0.393716394901], [170.894088745, -97.8566360474, 225.731903076, 1.24230444431, 39.3531227112, 234.220687866, 87.0941390991, 11.4974136353, 17.4631710052, 15.4536848068, 4.16847276688, -21.184337616, -8.18469238281], [70.4871749878, 26.2754268646, 69.743927002, 2.73275327682, 2.70147538185, 87.0941390991, 123.643936157, 49.6843032837, 11.0084028244, 8.02138519287, 0.767050564289, -3.61389517784, 11.6350746155], [303.271728516, -160.46812439, 64.4004669189, 95.8971557617, 30.7688007355, 11.4974136353, 49.6843032837, 150.780288696, 66.8066635132, -15.4925718307, -27.3215084076, 5.11209964752, 6.5727391243], [73.982093811, -36.905960083, 47.9400558472, 33.7197151184, 17.3232097626, 17.4631710052, 11.0084028244, 66.8066635132, 102.37638092, 38.7812805176, -23.5433712006, -21.0186958313, 6.62206172943], [-104.817474365, -2.41678953171, 39.6554450989, -13.9561872482, 3.42292952538, 15.4536848068, 8.02138519287, -15.4925718307, 38.7812805176, 114.371620178, 50.7929916382, -17.0817089081, -8.71051120758], [-225.82510376, 82.9506454468, -32.6873397827, -35.1780776978, 10.2091264725, 4.16847276688, 0.767050564289, -27.3215084076, -23.5433712006, 50.7929916382, 147.023620605, 76.6087799072, 1.91160392761], [41.3515396118, -35.1162490845, -95.4549179077, 45.702495575, 18.2036571503, -21.184337616, -3.61389517784, 5.11209964752, -21.0186958313, -17.0817089081, 76.6087799072, 180.37449646, 52.3086929321], [-122.871902466, 128.083679199, -49.6445884705, -37.0719451904, 0.393716394901, -8.18469238281, 11.6350746155, 6.5727391243, 6.62206172943, -8.71051120758, 1.91160392761, 52.3086929321, 111.372306824]],
