{
"lowlevel": {
    "average_loudness": 0.958937764168,
    "barkbands_crest": {
        "dmean": 2.66344022751,
        "dmean2": 4.47195005417,
        "dvar": 6.66043233871,
        "dvar2": 18.6600589752,
        "max": 25.6270656586,
        "mean": 13.9698371887,
        "median": 13.6737928391,
        "min": 4.97764539719,
        "var": 16.2873401642
    },
    "barkbands_flatness_db": {
        "dmean": 0.0344196930528,
        "dmean2": 0.0515409111977,
        "dvar": 0.00110033771489,
        "dvar2": 0.00232761609368,
        "max": 0.645358622074,
        "mean": 0.251882225275,
        "median": 0.242260918021,
        "min": 0.0519005656242,
        "var": 0.00718877371401
    },
    "barkbands_kurtosis": {
        "dmean": 11.0183229446,
        "dmean2": 18.1162185669,
        "dvar": 226.520599365,
        "dvar2": 586.274475098,
        "max": 187.568634033,
        "mean": 22.4539718628,
        "median": 17.2711200714,
        "min": -1.72956037521,
        "var": 497.7890625
    },
    "barkbands_skewness": {
        "dmean": 0.933495402336,
        "dmean2": 1.50628757477,
        "dvar": 0.947083950043,
        "dvar2": 2.43961644173,
        "max": 12.3944301605,
        "mean": 3.53867673874,
        "median": 3.37238383293,
        "min": -1.71122360229,
        "var": 2.91880774498
    },
    "barkbands_spread": {
        "dmean": 5.08708095551,
        "dmean2": 8.29224681854,
        "dvar": 79.1838760376,
        "dvar2": 195.140945435,
        "max": 76.1046676636,
        "mean": 11.760137558,
        "median": 6.94340419769,
        "min": 0.472147315741,
        "var": 164.503829956
    },
    "dissonance": {
        "dmean": 0.0217840969563,
        "dmean2": 0.0353703945875,
        "dvar": 0.000643600767944,
        "dvar2": 0.00155935517978,
        "max": 0.499591618776,
        "mean": 0.440306335688,
        "median": 0.449064701796,
        "min": 0.00112176919356,
        "var": 0.00145661213901
    },
    "dynamic_complexity": 3.00770688057,
    "erbbands_crest": {
        "dmean": 2.10619878769,
        "dmean2": 3.40404343605,
        "dvar": 4.93563938141,
        "dvar2": 12.5645847321,
        "max": 29.204126358,
        "mean": 10.2057771683,
        "median": 8.98549842834,
        "min": 2.91753649712,
        "var": 21.7790908813
    },
    "erbbands_flatness_db": {
        "dmean": 0.0224711764604,
        "dmean2": 0.0310675874352,
        "dvar": 0.000469877792057,
        "dvar2": 0.000896669749636,
        "max": 0.444970041513,
        "mean": 0.162451282144,
        "median": 0.150777041912,
        "min": 0.0681003108621,
        "var": 0.00329012866132
    },
    "erbbands_kurtosis": {
        "dmean": 1.76553356647,
        "dmean2": 2.80035686493,
        "dvar": 11.4775047302,
        "dvar2": 24.7801456451,
        "max": 65.753112793,
        "mean": 2.47787427902,
        "median": 0.259726285934,
        "min": -1.82059204578,
        "var": 39.9343414307
    },
    "erbbands_skewness": {
        "dmean": 0.444346159697,
        "dmean2": 0.702150642872,
        "dvar": 0.285507291555,
        "dvar2": 0.667860865593,
        "max": 6.31371545792,
        "mean": 1.01091504097,
        "median": 0.924350857735,
        "min": -2.47279858589,
        "var": 1.45203053951
    },
    "erbbands_spread": {
        "dmean": 13.8767471313,
        "dmean2": 20.6982898712,
        "dvar": 300.498687744,
        "dvar2": 642.662658691,
        "max": 170.864013672,
        "mean": 51.3449516296,
        "median": 46.433177948,
        "min": 2.06922674179,
        "var": 888.630859375
    },
    "hfc": {
        "dmean": 8.27033615112,
        "dmean2": 12.740029335,
        "dvar": 373.264312744,
        "dvar2": 953.115905762,
        "max": 218.732055664,
        "mean": 18.8685264587,
        "median": 11.2132043839,
        "min": 1.20118324585e-16,
        "var": 591.937866211
    },
    "melbands_crest": {
        "dmean": 3.13813924789,
        "dmean2": 5.32667779922,
        "dvar": 8.0991973877,
        "dvar2": 23.1745510101,
        "max": 31.2869186401,
        "mean": 18.3724079132,
        "median": 18.0320091248,
        "min": 2.74416232109,
        "var": 17.7753810883
    },
    "melbands_flatness_db": {
        "dmean": 0.0392760075629,
        "dmean2": 0.0593867041171,
        "dvar": 0.00161777343601,
        "dvar2": 0.00348365399987,
        "max": 0.817396461964,
        "mean": 0.341977447271,
        "median": 0.330284655094,
        "min": 0.00658176885918,
        "var": 0.0105202775449
    },
    "melbands_kurtosis": {
        "dmean": 28.375541687,
        "dmean2": 46.042098999,
        "dvar": 1929.30786133,
        "dvar2": 4855.63916016,
        "max": 556.009338379,
        "mean": 58.5817146301,
        "median": 39.306728363,
        "min": -1.47913098335,
        "var": 4386.36621094
    },
    "melbands_skewness": {
        "dmean": 1.32719564438,
        "dmean2": 2.11779737473,
        "dvar": 2.30036520958,
        "dvar2": 5.58241701126,
        "max": 19.7940063477,
        "mean": 5.14415454865,
        "median": 4.64488697052,
        "min": -0.485468029976,
        "var": 6.73374700546
    },
    "melbands_spread": {
        "dmean": 3.41810011864,
        "dmean2": 5.67947292328,
        "dvar": 43.2268562317,
        "dvar2": 106.94052887,
        "max": 122.847984314,
        "mean": 7.76635217667,
        "median": 4.36717510223,
        "min": 0.350415885448,
        "var": 88.0417480469
    },
    "pitch_salience": {
        "dmean": 0.0834676325321,
        "dmean2": 0.138769418001,
        "dvar": 0.00605093641207,
        "dvar2": 0.0166854504496,
        "max": 0.843299269676,
        "mean": 0.435547858477,
        "median": 0.430601894855,
        "min": 0.119181551039,
        "var": 0.0129211442545
    },
    "silence_rate_20dB": {
        "dmean": 0,
        "dmean2": 0,
        "dvar": 0,
        "dvar2": 0,
        "max": 1,
        "mean": 1,
        "median": 1,
        "min": 1,
        "var": 0
    },
    "silence_rate_30dB": {
        "dmean": 0.0639175251126,
        "dmean2": 0.127900972962,
        "dvar": 0.0598308444023,
        "dvar2": 0.137328058481,
        "max": 1,
        "mean": 0.927357017994,
        "median": 1,
        "min": 0,
        "var": 0.0673664212227
    },
    "silence_rate_60dB": {
        "dmean": 0.0149484537542,
        "dmean2": 0.0299123264849,
        "dvar": 0.0147248357534,
        "dvar2": 0.0310813207179,
        "max": 1,
        "mean": 0.0577022135258,
        "median": 0,
        "min": 0,
        "var": 0.0543712452054
    },
    "spectral_centroid": {
        "dmean": 200.956375122,
        "dmean2": 318.918334961,
        "dvar": 150646.25,
        "dvar2": 318685.90625,
        "max": 11070.8183594,
        "mean": 711.686584473,
        "median": 493.984741211,
        "min": 115.021331787,
        "var": 375670.6875
    },
    "spectral_complexity": {
        "dmean": 2.16855669022,
        "dmean2": 3.64672517776,
        "dvar": 15.7227125168,
        "dvar2": 40.1446342468,
        "max": 44,
        "mean": 9.65739345551,
        "median": 9,
        "min": 0,
        "var": 28.7156066895
    },
    "spectral_decrease": {
        "dmean": 4.43490355551e-09,
        "dmean2": 7.38475680606e-09,
        "dvar": 3.51297021794e-17,
        "dvar2": 9.46894161269e-17,
        "max": -1.6766297483e-28,
        "mean": -1.43256304597e-08,
        "median": -1.34420590214e-08,
        "min": -6.1792192696e-08,
        "var": 7.98396910993e-17
    },
    "spectral_energy": {
        "dmean": 0.0171280857176,
        "dmean2": 0.028471827507,
        "dvar": 0.000523145601619,
        "dvar2": 0.00139996281359,
        "max": 0.241624668241,
        "mean": 0.0557796172798,
        "median": 0.0521642677486,
        "min": 1.15278951703e-20,
        "var": 0.00121289887466
    },
    "spectral_energyband_high": {
        "dmean": 0.000920633785427,
        "dmean2": 0.00144799449481,
        "dvar": 6.39467953079e-06,
        "dvar2": 1.66233530763e-05,
        "max": 0.0316119641066,
        "mean": 0.00116183399223,
        "median": 0.000178075992153,
        "min": 8.17036340939e-21,
        "var": 7.92513219494e-06
    },
    "spectral_energyband_low": {
        "dmean": 0.015521209687,
        "dmean2": 0.0262650586665,
        "dvar": 0.000444311765023,
        "dvar2": 0.00122605182696,
        "max": 0.216258332133,
        "mean": 0.0393501371145,
        "median": 0.0346035398543,
        "min": 5.06263602829e-23,
        "var": 0.00077228655573
    },
    "spectral_energyband_middle_high": {
        "dmean": 0.000637044664472,
        "dmean2": 0.0009081325843,
        "dvar": 2.03960530598e-06,
        "dvar2": 3.62006267096e-06,
        "max": 0.0325465612113,
        "mean": 0.00214431760833,
        "median": 0.00072344369255,
        "min": 2.05564479639e-21,
        "var": 1.22021911011e-05
    },
    "spectral_energyband_middle_low": {
        "dmean": 0.00683974055573,
        "dmean2": 0.011739615351,
        "dvar": 0.000177186724613,
        "dvar2": 0.000485612283228,
        "max": 0.133440002799,
        "mean": 0.0153006268665,
        "median": 0.0121840471402,
        "min": 3.09284088162e-22,
        "var": 0.000207969234907
    },
    "spectral_entropy": {
        "dmean": 0.341192275286,
        "dmean2": 0.487828373909,
        "dvar": 0.130200818181,
        "dvar2": 0.258199512959,
        "max": 9.78639221191,
        "mean": 6.75442886353,
        "median": 6.78712129593,
        "min": 3.94754290581,
        "var": 0.595110535622
    },
    "spectral_flux": {
        "dmean": 0.0328202135861,
        "dmean2": 0.0499919243157,
        "dvar": 0.00156623031944,
        "dvar2": 0.00322082825005,
        "max": 0.421831965446,
        "mean": 0.0883432626724,
        "median": 0.0705902352929,
        "min": 1.07368038071e-10,
        "var": 0.00433131493628
    },
    "spectral_kurtosis": {
        "dmean": 4.12796831131,
        "dmean2": 6.22366809845,
        "dvar": 74.2607574463,
        "dvar2": 144.954376221,
        "max": 305.821472168,
        "mean": 9.27066898346,
        "median": 4.01743412018,
        "min": -1.19131553173,
        "var": 402.530517578
    },
    "spectral_rms": {
        "dmean": 0.00104632577859,
        "dmean2": 0.00171646440867,
        "dvar": 1.42055944252e-06,
        "dvar2": 3.72032718587e-06,
        "max": 0.0153535464779,
        "mean": 0.00693330541253,
        "median": 0.0071338606067,
        "min": 3.35361404445e-12,
        "var": 6.34847037873e-06
    },
    "spectral_rolloff": {
        "dmean": 296.358673096,
        "dmean2": 538.575439453,
        "dvar": 864762.1875,
        "dvar2": 2238976,
        "max": 18044.8242188,
        "mean": 493.576690674,
        "median": 236.865234375,
        "min": 64.599609375,
        "var": 813663.4375
    },
    "spectral_skewness": {
        "dmean": 0.446526736021,
        "dmean2": 0.654562294483,
        "dvar": 0.314388871193,
        "dvar2": 0.632130920887,
        "max": 15.1002445221,
        "mean": 2.10379862785,
        "median": 1.759786129,
        "min": 0.0182132665068,
        "var": 2.08398461342
    },
    "spectral_spread": {
        "dmean": 1167126.625,
        "dmean2": 1601657.75,
        "dvar": 1.8781569024e+12,
        "dvar2": 3.43283911885e+12,
        "max": 40629820,
        "mean": 5383599,
        "median": 5230103.5,
        "min": 533813.3125,
        "var": 6.24623039283e+12
    },
    "spectral_strongpeak": {
        "dmean": 0.241164043546,
        "dmean2": 0.432000666857,
        "dvar": 1.14695453644,
        "dvar2": 3.43502259254,
        "max": 31.485124588,
        "mean": 0.578668177128,
        "median": 0.509162247181,
        "min": 0,
        "var": 0.746346116066
    },
    "zerocrossingrate": {
        "dmean": 0.00892321392894,
        "dmean2": 0.0109348306432,
        "dvar": 0.000213552964851,
        "dvar2": 0.000275737605989,
        "max": 0.4873046875,
        "mean": 0.0304754413664,
        "median": 0.02392578125,
        "min": 0,
        "var": 0.000605542270932
    },
    "barkbands": {
        "dmean": [0.000214796600631, 0.0115696173161, 0.00614044396207, 0.00330924941227, 0.0041517498903, 0.000960505800322, 0.000451698200777, 0.000127614592202, 7.04555568518e-05, 6.62175079924e-05, 4.14909736719e-05, 0.00011801817891, 2.33180835494e-05, 9.74092254182e-05, 0.000157717106049, 0.000102786609204, 7.82131028245e-05, 5.88181064813e-05, 8.14897939563e-05, 7.34335335437e-05, 0.000159365517902, 0.00038790286635, 0.00014207586355, 0.000127879786305, 0.000108380889287, 3.00871070067e-05, 1.45406818319e-06],
        "dmean2": [0.000353067414835, 0.0195993352681, 0.0104128560051, 0.0058362018317, 0.00735136447474, 0.00158987811301, 0.000757785455789, 0.000208510798984, 0.000113997659355, 9.460743604e-05, 5.533431613e-05, 0.000165938792634, 3.62442988262e-05, 0.000146008387674, 0.000227402983001, 0.000152505570441, 0.000118900999951, 8.98144935491e-05, 0.000141521275509, 0.000111592693429, 0.000265547219897, 0.000637645251118, 0.000227623822866, 0.000200803115149, 0.000168098922586, 4.71435268992e-05, 2.46085096478e-06],
        "dvar": [1.39981978009e-07, 0.000265070935711, 0.000138011833769, 4.01747165597e-05, 8.35174578242e-05, 4.8631682148e-06, 1.0741658798e-06, 3.00901376704e-07, 1.01049032253e-07, 3.24773381521e-08, 6.07061494406e-08, 1.84475425158e-07, 3.04691694097e-09, 1.3081617567e-07, 4.24627472739e-07, 1.06079312445e-07, 6.74168987302e-08, 2.53995775523e-08, 6.20845241883e-08, 3.92233019397e-08, 2.72806659041e-07, 1.71040778696e-06, 1.19076496219e-07, 8.85560851316e-08, 6.27891409977e-08, 7.45681383307e-09, 5.79009722113e-11],
        "dvar2": [3.72376860014e-07, 0.000779180089012, 0.00036968360655, 0.000117327843327, 0.000238489970798, 1.30295029521e-05, 2.58113368545e-06, 6.56368513319e-07, 2.43513795795e-07, 5.48819976132e-08, 8.10794915651e-08, 2.63537714318e-07, 6.92440238481e-09, 2.47372781814e-07, 6.62218326397e-07, 1.77450544925e-07, 1.29667213855e-07, 4.993317404e-08, 1.74026268951e-07, 8.56889457168e-08, 7.32562966732e-07, 4.33104196418e-06, 2.96445335835e-07, 2.13949078898e-07, 1.47879390511e-07, 1.62217101973e-08, 1.46176765137e-10],
        "max": [0.00380575680174, 0.148648828268, 0.148065626621, 0.0777681395411, 0.09105207026, 0.0352749973536, 0.0204987879843, 0.0127848451957, 0.0103794597089, 0.00440852669999, 0.00994575116783, 0.0132113834843, 0.00109643815085, 0.00819348730147, 0.0281349550933, 0.00843077339232, 0.00855815131217, 0.0051168766804, 0.00225860113278, 0.00415764283389, 0.00740973651409, 0.0254521947354, 0.00357740023173, 0.00452286936343, 0.00319701666012, 0.0021002443973, 0.000145333076944],
        "mean": [0.000350577989593, 0.026219656691, 0.0106229316443, 0.00409648567438, 0.00687941815704, 0.00244427961297, 0.00120329216588, 0.00044002130744, 0.00020271120593, 0.000189534330275, 9.86693412415e-05, 0.000378091441235, 5.12920851179e-05, 0.000275283993687, 0.000475159904454, 0.000252023746725, 0.000151332336827, 0.000106413805042, 0.000103972444776, 0.000132671848405, 0.000186857112567, 0.000454031658592, 0.000177039153641, 0.00014590669889, 0.000112715264549, 2.82679338852e-05, 1.09417908334e-06],
        "median": [0.000150772248162, 0.0223497971892, 0.00630585523322, 0.00201272405684, 0.00457395333797, 0.00114724796731, 0.00024906694307, 5.73194229219e-05, 3.88797197957e-05, 2.49769673246e-05, 1.23157169583e-05, 3.44541331287e-05, 1.07110463432e-05, 2.36651139858e-05, 8.01352871349e-05, 3.58371144102e-05, 2.30795267271e-05, 2.70023356279e-05, 1.98533361981e-05, 2.35066218011e-05, 2.2976715627e-05, 3.19593927998e-05, 2.76001628663e-05, 2.88012706733e-05, 1.66241279658e-05, 3.84505392503e-06, 1.14338991608e-08],
        "min": [4.64667661494e-23, 2.98749639634e-23, 7.60829679587e-24, 4.84763427627e-24, 4.72407933142e-23, 4.83010507698e-23, 8.40994639854e-23, 3.48393539924e-23, 8.07109088116e-23, 1.66805282119e-22, 1.51770552521e-22, 1.19969007211e-22, 1.10837973788e-22, 6.85108656789e-23, 1.45379908286e-22, 1.41197241549e-22, 3.57121446492e-22, 2.14460937384e-22, 3.4026784346e-22, 3.46524255123e-22, 5.72300991984e-22, 4.21075876826e-22, 6.66425199379e-22, 1.10261105682e-21, 1.44900768056e-21, 1.84391927522e-21, 2.18029138274e-21],
        "var": [2.24934296966e-07, 0.000425107689807, 0.000173555963556, 4.41364427388e-05, 7.4385170592e-05, 1.37576553243e-05, 5.55705355509e-06, 2.06375125344e-06, 5.13092459187e-07, 2.39984302652e-07, 3.59504184644e-07, 1.40419513173e-06, 1.25622428016e-08, 6.12965720848e-07, 2.69492352345e-06, 5.25807479335e-07, 1.93897420786e-07, 6.9701847849e-08, 6.12478316953e-08, 9.36520834216e-08, 2.75236459402e-07, 2.29646366279e-06, 1.60112122671e-07, 1.1095890784e-07, 7.42022763234e-08, 8.63852367416e-09, 4.7171960782e-11]
    },
    "erbbands": {
        "dmean": [0.232991039753, 2.98433804512, 7.14311742783, 8.48657512665, 12.9564666748, 14.3402318954, 11.4432163239, 6.55143737793, 7.46996355057, 3.74988651276, 2.84405446053, 1.6521422863, 1.44675505161, 2.18761301041, 2.87356328964, 3.47434592247, 1.24772512913, 3.57268643379, 8.280210495, 4.63884496689, 7.45277404785, 3.83618760109, 2.80266714096, 4.70187091827, 3.23290896416, 3.29087352753, 3.26304388046, 9.84866905212, 13.5820589066, 8.83079719543, 4.37013101578, 2.71481966972, 2.2605984211, 1.59474515915, 0.527416288853, 0.166420817375, 0.0532863177359, 0.00638850033283, 0.000176161920535, 2.32978345593e-05],
        "dmean2": [0.391378134489, 5.07029867172, 11.9820070267, 14.6288843155, 22.4990177155, 25.5489273071, 19.7041530609, 10.7513208389, 12.6146125793, 5.87545681, 4.63042211533, 2.61940646172, 2.17179846764, 3.08980727196, 3.82305431366, 4.91367769241, 1.87805080414, 5.25551319122, 11.8094425201, 7.04333972931, 10.8909540176, 5.87058973312, 4.23730754852, 8.01523685455, 5.27716970444, 5.0173830986, 5.09508705139, 16.5151367188, 21.944688797, 14.8365764618, 7.04048728943, 4.32168674469, 3.52927446365, 2.49005913734, 0.807680130005, 0.255524903536, 0.0870687440038, 0.0106216538697, 0.000290923053399, 3.82224970963e-05],
        "dvar": [0.158699840307, 17.1953334808, 136.165802002, 302.705505371, 702.497802734, 1028.13037109, 535.664245605, 276.016143799, 267.815063477, 200.338592529, 179.760070801, 71.7836532593, 10.8139286041, 41.7539520264, 120.226173401, 126.587982178, 11.4223146439, 132.99331665, 1426.42834473, 158.485916138, 540.59185791, 88.8226470947, 45.4702186584, 206.913024902, 73.4319763184, 79.1844482422, 75.7114562988, 1130.25500488, 2380.08007812, 1135.14880371, 125.435035706, 46.3943405151, 29.8200283051, 14.0036211014, 1.40266263485, 0.291872829199, 0.0204237755388, 0.0003067223588, 4.2503134523e-07, 1.16696241559e-09],
        "dvar2": [0.447694808245, 50.4256591797, 365.223510742, 852.105041504, 1990.0970459, 2963.84936523, 1508.13500977, 695.887268066, 693.081176758, 348.53137207, 387.931976318, 174.279937744, 22.4768276215, 63.479801178, 163.40423584, 195.12461853, 24.2028408051, 230.639892578, 2200.14306641, 303.376373291, 903.840881348, 187.387588501, 91.0546798706, 573.789978027, 189.362548828, 166.323425293, 182.774459839, 2996.30444336, 5338.03613281, 3065.43237305, 326.936462402, 118.55544281, 66.9118041992, 33.7103309631, 3.11226987839, 0.617392063141, 0.0467396713793, 0.000722377910279, 1.04809555523e-06, 2.84481105339e-09],
        "max": [3.73431944847, 40.8357505798, 138.449310303, 180.757720947, 271.518066406, 346.043823242, 337.095367432, 279.170501709, 253.072280884, 525.418334961, 351.751861572, 283.403045654, 93.8650512695, 168.558074951, 319.234558105, 304.327087402, 101.641098022, 364.660461426, 1694.35913086, 238.110290527, 585.473510742, 220.630599976, 178.133880615, 141.760482788, 101.94418335, 210.94480896, 103.998977661, 488.042510986, 1365.0032959, 928.818664551, 100.01625061, 113.783531189, 121.541488647, 48.2332267761, 23.2954902649, 16.0883522034, 2.91918468475, 0.26263666153, 0.0118498243392, 0.000392016168917],
        "mean": [0.551663458347, 6.51266717911, 14.1462602615, 12.5374641418, 18.7238864899, 22.6796474457, 22.9881858826, 18.687002182, 19.9073219299, 11.4538612366, 10.0853538513, 5.13383102417, 4.32548666, 6.44315338135, 9.16825008392, 10.8591938019, 3.2976205349, 10.4840145111, 25.8122577667, 13.1777963638, 18.3775691986, 7.85819244385, 5.7002620697, 6.67611217499, 5.27901411057, 5.99631929398, 4.8533782959, 11.6812896729, 15.9226932526, 9.63924407959, 5.19131326675, 3.21702837944, 2.48775887489, 1.62563455105, 0.570894837379, 0.170522332191, 0.0467935688794, 0.00535162491724, 0.000173184613232, 6.94891641615e-05],
        "median": [0.475263863802, 5.5390663147, 9.55891227722, 7.45138406754, 11.5234632492, 13.7558746338, 10.8608627319, 8.40228462219, 4.94141149521, 3.0582921505, 1.49945437908, 1.02393436432, 1.20304274559, 1.3173122406, 1.58465516567, 1.40039241314, 0.925086438656, 1.41964256763, 4.04676675797, 4.0143198967, 3.17203688622, 1.88310849667, 1.7450196743, 1.4574739933, 1.14453935623, 1.14841079712, 0.922274529934, 0.951845347881, 1.10247647762, 0.871588170528, 0.791442275047, 0.684151172638, 0.408582806587, 0.214535608888, 0.101771779358, 0.0268232952803, 0.00535743916407, 0.000493896775879, 4.32515698776e-05, 6.10161696386e-05],
        "min": [1.27170365691e-21, 5.51608097589e-21, 7.76237030474e-21, 1.15732358154e-20, 7.92388426637e-20, 1.68400479332e-19, 3.5490295334e-19, 4.09534277842e-19, 8.11475347853e-19, 1.29488124879e-18, 1.12784380801e-18, 1.58799807552e-18, 1.98816810015e-18, 8.07271202389e-18, 6.01417215352e-18, 5.21024648312e-18, 5.68865300783e-18, 2.86120243598e-18, 6.34188001911e-18, 6.16100622483e-18, 9.97211971521e-18, 2.31891697118e-17, 1.17083362522e-17, 1.72367680977e-17, 1.81333028415e-17, 1.49961757007e-17, 1.43076735722e-17, 2.54956503533e-17, 1.64864904667e-17, 1.43152455835e-17, 2.14817283068e-17, 2.07028699312e-17, 1.84471335116e-17, 1.45305209923e-17, 1.180734729e-17, 8.12255296452e-18, 3.10610952225e-18, 1.1973043354e-18, 3.22780841817e-19, 3.15403579826e-20],
        "var": [0.268491387367, 27.2612495422, 206.996856689, 300.127166748, 639.611633301, 975.251953125, 1484.90393066, 1036.01696777, 1141.19616699, 1278.49719238, 1201.77233887, 385.080810547, 89.1211471558, 309.869842529, 846.929504395, 897.928833008, 56.7655563354, 763.073364258, 9430.69628906, 745.437194824, 2608.56689453, 269.513885498, 137.419342041, 228.144195557, 129.720443726, 203.266845703, 121.405357361, 1277.79272461, 3801.2434082, 1365.17431641, 148.881149292, 52.9565582275, 41.8641777039, 16.3188114166, 1.77749931812, 0.343107014894, 0.0217906422913, 0.000304753775708, 3.78588197236e-07, 2.43051490045e-09]
    },
    "gfcc": {
        "mean": [-37.130317688, 113.895751953, -67.0442962646, 63.0342178345, -42.9685401917, 22.4418754578, -45.1126899719, 0.654115796089, -15.5133666992, 0.41023209691, -12.417927742, -1.23401343822, -2.73810696602],
        "cov": [[9959.59570312, -2849.98242188, -685.637329102, 535.523376465, -936.169311523, 589.013549805, -375.207550049, 580.373474121, -277.512268066, 686.505554199, -407.895935059, 496.655181885, -185.184188843], [-2849.98242188, 1816.81408691, 50.4334220886, -369.875305176, 510.383361816, -335.347320557, 227.796646118, -265.34765625, 236.418640137, -277.818756104, 250.785980225, -182.561401367, 138.165725708], [-685.637329102, 50.4334220886, 1086.43676758, -10.3012371063, 18.9676399231, -54.9613418579, -68.3780517578, 57.2646255493, 61.5729370117, 40.5136871338, -17.1280860901, 18.8262386322, -32.9298934937], [535.523376465, -369.875305176, -10.3012371063, 288.105194092, -70.5526275635, 36.2757034302, -41.7211303711, 29.6484680176, -18.5668258667, 20.3055782318, -40.3558387756, 4.82867717743, 1.01497268677], [-936.169311523, 510.383361816, 18.9676399231, -70.5526275635, 350.122467041, -74.6982879639, 67.3062591553, -69.4250869751, 63.892993927, -84.4636230469, 79.2608566284, -43.8001785278, 71.8500518799], [589.013549805, -335.347320557, -54.9613418579, 36.2757034302, -74.6982879639, 199.547073364, -3.08786535263, 48.250995636, -50.3240966797, 68.6397094727, -23.3809509277, 26.6219005585, -20.5834636688], [-375.207550049, 227.796646118, -68.3780517578, -41.7211303711, 67.3062591553, -3.08786535263, 159.267059326, -29.5340194702, 29.4984760284, -32.9682159424, 45.5900154114, -26.9597835541, -4.11944580078], [580.373474121, -265.34765625, 57.2646255493, 29.6484680176, -69.4250869751, 48.250995636, -29.5340194702, 150.133209229, -12.5894346237, 46.1146469116, -49.8090667725, 41.8104934692, -2.12214851379], [-277.512268066, 236.418640137, 61.5729370117, -18.5668258667, 63.892993927, -50.3240966797, 29.4984760284, -12.5894346237, 151.616439819, 15.5291023254, 12.5725507736, -28.9601764679, 25.5205097198], [686.505554199, -277.818756104, 40.5136871338, 20.3055782318, -84.4636230469, 68.6397094727, -32.9682159424, 46.1146469116, 15.5291023254, 176.323883057, 7.62157392502, 46.8093147278, -43.0912361145], [-407.895935059, 250.785980225, -17.1280860901, -40.3558387756, 79.2608566284, -23.3809509277, 45.5900154114, -49.8090667725, 12.5725507736, 7.62157392502, 170.982345581, 18.7424411774, -3.0790643692], [496.655181885, -182.561401367, 18.8262386322, 4.82867717743, -43.8001785278, 26.6219005585, -26.9597835541, 41.8104934692, -28.9601764679, 46.8093147278, 18.7424411774, 130.297210693, 8.14445781708], [-185.184188843, 138.165725708, -32.9298934937, 1.01497268677, 71.8500518799, -20.5834636688, -4.11944580078, -2.12214851379, 25.5205097198, -43.0912361145, -3.0790643692, 8.14445781708, 120.375434875]],
        "icov": [[0.000322878011502, -0.000371660629753, 0.000309172522975, -0.000602637301199, 0.000250820477959, -0.000386711006286, 0.000328587047989, -0.00066062505357, 0.000378168246243, -0.00102950353175, 0.000894137017895, -0.00103276001755, 0.000440757925389], [-0.000371660629753, 0.00694221863523, -0.000865064677782, 0.00588664645329, -0.00211798632517, 0.00426920782775, -0.0028861372266, 0.00376588385552, -0.0055626006797, 0.00603738380596, -0.006870187819, 0.00549796316773, -0.00407160772011], [0.000309172522975, -0.000865064677782, 0.00138705479912, -0.000939015415497, 0.000120659431559, -0.000392622809159, 0.00106132694054, -0.00133624952286, 0.000252367783105, -0.00137453852221, 0.00137468089815, -0.00151744612958, 0.00132178643253], [-0.000602637301199, 0.00588664645329, -0.000939015415497, 0.00909281522036, -0.00138041435275, 0.00332609401084, -0.00192726776004, 0.00339763890952, -0.00474912906066, 0.00574202183634, -0.00602876208723, 0.00571670057252, -0.00410928763449], [0.000250820477959, -0.00211798632517, 0.000120659431559, -0.00138041435275, 0.00551198236644, -0.00115899881348, 0.000133692607051, -0.000744183431379, 0.000786737073213, -0.000949469802435, 0.000502712558955, -0.00102383585181, -0.00105977407657], [-0.000386711006286, 0.00426920782775, -0.000392622809159, 0.00332609401084, -0.00115899881348, 0.0100354645401, -0.00341438408941, 0.00137563282624, -0.000641453370918, 0.000809074786957, -0.00371571676806, 0.00410642568022, -0.00326258013956], [0.000328587047989, -0.0028861372266, 0.00106132694054, -0.00192726776004, 0.000133692607051, -0.00341438408941, 0.00985562521964, -0.00203407625668, 0.000116171991976, -0.000699804164469, 0.00123499997426, -0.00207287375815, 0.00365923671052], [-0.00066062505357, 0.00376588385552, -0.00133624952286, 0.00339763890952, -0.000744183431379, 0.00137563282624, -0.00203407625668, 0.0121366987005, -0.00323314708658, 0.00310038798489, -0.00196300819516, 0.00166989932768, -0.00327705149539], [0.000378168246243, -0.0055626006797, 0.000252367783105, -0.00474912906066, 0.000786737073213, -0.000641453370918, 0.000116171991976, -0.00323314708658, 0.0144078684971, -0.0091401245445, 0.00612129643559, -0.00205912766978, 0.000412643101299], [-0.00102950353175, 0.00603738380596, -0.00137453852221, 0.00574202183634, -0.000949469802435, 0.000809074786957, -0.000699804164469, 0.00310038798489, -0.0091401245445, 0.017146140337, -0.00898227840662, 0.00388437882066, -0.000619006168563], [0.000894137017895, -0.006870187819, 0.00137468089815, -0.00602876208723, 0.000502712558955, -0.00371571676806, 0.00123499997426, -0.00196300819516, 0.00612129643559, -0.00898227840662, 0.0161922946572, -0.00926800258458, 0.00528824701905], [-0.00103276001755, 0.00549796316773, -0.00151744612958, 0.00571670057252, -0.00102383585181, 0.00410642568022, -0.00207287375815, 0.00166989932768, -0.00205912766978, 0.00388437882066, -0.00926800258458, 0.017070138827, -0.00665577547625], [0.000440757925389, -0.00407160772011, 0.00132178643253, -0.00410928763449, -0.00105977407657, -0.00326258013956, 0.00365923671052, -0.00327705149539, 0.000412643101299, -0.000619006168563, 0.00528824701905, -0.00665577547625, 0.0144736366346]]
    },
    "melbands": {
        "dmean": [0.00269641494378, 0.00365608232096, 0.00149628764484, 0.000997757888399, 0.000426001002779, 0.000151549378643, 0.000106985469756, 3.57026474376e-05, 2.15189465962e-05, 9.72476573224e-06, 7.55609244152e-06, 9.3816242952e-06, 8.19078195491e-06, 1.38675432027e-05, 5.35024037163e-06, 2.94988399219e-06, 7.17888042345e-06, 1.3075525203e-05, 1.08118956632e-05, 3.86480905945e-06, 9.8614318631e-06, 3.87384534406e-06, 3.22028927258e-06, 3.32454828822e-06, 4.11889323004e-06, 2.80850872514e-06, 2.57365149992e-06, 2.19051230488e-06, 1.90487583041e-06, 2.86871340904e-06, 6.92147705195e-06, 8.73585122463e-06, 6.30151953374e-06, 3.9394558371e-06, 2.55433656093e-06, 2.04847469831e-06, 1.59583350978e-06, 1.58876707701e-06, 1.62446633567e-06, 1.30471528337e-06],
        "dmean2": [0.00452794320881, 0.00613006576896, 0.00254807155579, 0.00175624201074, 0.000736728834454, 0.000248419120908, 0.000179866503458, 5.59215150133e-05, 3.53553805326e-05, 1.53409619088e-05, 1.13230671559e-05, 1.33396351885e-05, 1.06163734017e-05, 1.90282371477e-05, 8.48134095577e-06, 4.01320266974e-06, 1.07565365397e-05, 1.88496014744e-05, 1.56959031301e-05, 5.9943577071e-06, 1.43800934893e-05, 5.94168704993e-06, 4.92946765007e-06, 5.13675377078e-06, 7.14388579581e-06, 4.73493128084e-06, 3.96858558815e-06, 3.39495363733e-06, 2.95302470477e-06, 4.77397816212e-06, 1.17311155918e-05, 1.38136119858e-05, 1.10245973701e-05, 6.56920519759e-06, 4.19747811975e-06, 3.25638711729e-06, 2.57951933236e-06, 2.49331583291e-06, 2.58482509707e-06, 2.05991523217e-06],
        "dvar": [1.67295456777e-05, 2.68066996796e-05, 8.31889883557e-06, 5.10470681547e-06, 6.61832189053e-07, 1.37506219744e-07, 5.29742472111e-08, 1.79591079785e-08, 1.04266248968e-08, 2.12531747756e-09, 3.02672609198e-10, 7.65894403454e-10, 1.49025491947e-09, 3.28592486554e-09, 5.5682219946e-10, 7.53382911611e-11, 6.36109220853e-10, 3.41665074011e-09, 1.33809996417e-09, 1.15139030255e-10, 9.61826174262e-10, 1.27575242037e-10, 8.58573975804e-11, 1.05750332102e-10, 1.66796368384e-10, 6.3674510109e-11, 4.83509864091e-11, 4.57105117646e-11, 2.51309875687e-11, 8.70064992275e-11, 5.79658987476e-10, 1.22465870778e-09, 5.3025739355e-10, 2.03775066265e-10, 4.23861605536e-11, 2.72642915189e-11, 1.5489070096e-11, 1.47307235854e-11, 1.66030487969e-11, 9.90451991256e-12],
        "dvar2": [4.9005731853e-05, 7.31004183763e-05, 2.27346572501e-05, 1.45866306411e-05, 1.87266550711e-06, 3.55171380306e-07, 1.34520035999e-07, 3.17931778682e-08, 2.30217960251e-08, 5.11911180112e-09, 6.34166663627e-10, 1.18027732032e-09, 1.95355132071e-09, 4.44857262138e-09, 1.16483045431e-09, 1.28909355412e-10, 1.10984521573e-09, 5.42902922618e-09, 2.20781681826e-09, 2.25795090958e-10, 1.62968150086e-09, 2.46834747086e-10, 1.87656973294e-10, 1.98453573019e-10, 4.69928818081e-10, 1.70187544613e-10, 1.02912116329e-10, 9.50795275845e-11, 5.67424510156e-11, 2.34823438472e-10, 1.52402346298e-09, 2.36657338171e-09, 1.48849166326e-09, 5.4163706853e-10, 1.10710871026e-10, 6.7910663204e-11, 3.95520526053e-11, 3.35223931947e-11, 3.85689258309e-11, 2.37175105944e-11],
        "max": [0.0376715585589, 0.05549018085, 0.0347720086575, 0.021678224206, 0.00931247975677, 0.00609514722601, 0.00337670277804, 0.00476330379024, 0.00272578699514, 0.00152155151591, 0.00046340120025, 0.00074220134411, 0.0015116565628, 0.00186847755685, 0.000836183666252, 0.000300902902381, 0.000835890765302, 0.00245542009361, 0.00114930386189, 0.000222092174226, 0.000746994221117, 0.000370960042346, 0.000246412266279, 0.000358009623596, 0.000124590631458, 8.71459415066e-05, 0.000157807560754, 0.000201364076929, 8.64180037752e-05, 9.23697079998e-05, 0.000355752097676, 0.00119092257228, 0.00047371169785, 0.000404468475608, 6.23562882538e-05, 6.62113016006e-05, 6.91899185767e-05, 6.7330802267e-05, 7.45578217902e-05, 4.36473892478e-05],
        "mean": [0.00626019202173, 0.00815610680729, 0.0023858519271, 0.0015678688651, 0.000829809345305, 0.000423297082307, 0.000292095530313, 0.000113032801892, 7.40081814001e-05, 2.83787994704e-05, 2.15164782276e-05, 2.67592731689e-05, 2.37258027482e-05, 4.67322752229e-05, 1.21451912491e-05, 7.85770407674e-06, 2.02328919841e-05, 3.9522190491e-05, 3.10726827593e-05, 9.94160018308e-06, 2.32644633797e-05, 7.16419663149e-06, 6.29409078101e-06, 5.83459404879e-06, 5.4012448345e-06, 4.01296483687e-06, 4.40578241978e-06, 3.76103844246e-06, 2.93155653708e-06, 3.31934802489e-06, 8.01495298219e-06, 1.06112256617e-05, 6.49267440167e-06, 4.36731579612e-06, 2.96250186693e-06, 2.42650753535e-06, 1.8133945332e-06, 1.74765455085e-06, 1.63207596415e-06, 1.30867636017e-06],
        "median": [0.00541053712368, 0.00686604483053, 0.00148484681267, 0.000930338748731, 0.000438959978055, 0.000195749627892, 7.15195710654e-05, 2.59739990724e-05, 9.1146921477e-06, 5.09401843374e-06, 5.12095493832e-06, 4.11515839005e-06, 3.96559426008e-06, 2.9235063721e-06, 1.65006247244e-06, 1.30559317313e-06, 1.82480414423e-06, 5.02491138832e-06, 5.07871482114e-06, 2.4374116947e-06, 2.96594043903e-06, 1.33625542276e-06, 1.3458666217e-06, 1.21815571674e-06, 1.0016115084e-06, 7.36808090096e-07, 6.92245635037e-07, 6.32122578281e-07, 5.3119651966e-07, 4.24244007036e-07, 5.22858783825e-07, 6.11905875303e-07, 4.87834768137e-07, 4.19222430992e-07, 4.27894860877e-07, 3.95381221097e-07, 3.81315061304e-07, 2.65014932666e-07, 2.32097207231e-07, 1.56787351102e-07],
        "min": [1.14829204494e-23, 5.21222843172e-24, 3.14679928308e-24, 1.05391777494e-23, 1.05445017717e-23, 9.26991633017e-24, 1.34422986878e-23, 1.28069998129e-23, 1.03793395417e-23, 1.02232129245e-23, 1.02556840171e-23, 3.28089901054e-23, 2.09776353162e-23, 1.31470745937e-23, 1.37132613647e-23, 1.04677795266e-23, 4.12471543741e-24, 8.79805444654e-24, 1.23638019792e-23, 6.03479341912e-24, 1.15693180734e-23, 2.63284220384e-23, 1.28885664528e-23, 9.8907877279e-24, 1.44876403614e-23, 1.26340602033e-23, 1.52053602125e-23, 8.09970901931e-24, 5.73250941442e-24, 1.61777985166e-23, 1.43937990458e-23, 9.84770803386e-24, 6.92835076039e-24, 8.29828345295e-24, 1.32122960357e-23, 1.17686750571e-23, 1.28180856752e-23, 1.12468088584e-23, 1.58647217115e-23, 1.11047279096e-23],
        "var": [2.70203272521e-05, 4.41295705969e-05, 9.24921732803e-06, 4.42616465079e-06, 1.43053239299e-06, 4.65621639023e-07, 2.42126304784e-07, 1.15034495707e-07, 6.66511823511e-08, 1.12128635266e-08, 2.26413465754e-09, 5.73087177713e-09, 9.31547994298e-09, 2.62812562823e-08, 2.68689115401e-09, 5.10924413888e-10, 3.48898399061e-09, 2.18154045939e-08, 7.00912261564e-09, 5.39380262676e-10, 4.41383729566e-09, 3.67203489837e-10, 2.40558822862e-10, 2.97948554717e-10, 1.62056992825e-10, 9.02942096093e-11, 1.15937912049e-10, 1.17505671859e-10, 4.79183880076e-11, 8.44645742237e-11, 6.99376223601e-10, 2.34827224332e-09, 5.29719601516e-10, 2.57757176714e-10, 4.9823749293e-11, 3.42952853616e-11, 1.70162130914e-11, 2.02364704854e-11, 2.06412144321e-11, 1.15535419773e-11]
    },
    "mfcc": {
        "mean": [-693.835998535, 130.186752319, 47.8868293762, 45.9985466003, 31.5589199066, 20.8958683014, -2.53433656693, 3.19839644432, 1.59746432304, 1.56695389748, -3.2783677578, -3.68551921844, 1.12197005749],
        "cov": [[9057.41992188, -2673.56103516, -290.758087158, -45.0800857544, -513.126220703, -13.41659832, -153.56048584, -26.1076622009, 65.510017395, 95.9844360352, 109.831535339, -57.6167755127, 211.881118774], [-2673.56103516, 1780.28344727, -133.190963745, -17.9554977417, 190.176574707, -38.6352043152, 4.16379070282, 19.7344112396, -37.8983879089, -9.06634235382, -24.2115192413, 24.1210289001, -32.3239974976], [-290.758087158, -133.190963745, 776.809753418, 33.8117866516, 48.8597679138, -10.0759134293, -58.9406776428, -32.1550292969, 42.5129318237, 42.8619155884, 39.340473175, 41.5100669861, -14.6574220657], [-45.0800857544, -17.9554977417, 33.8117866516, 201.005783081, 42.1455421448, -4.35920715332, -19.885974884, 8.74111652374, 8.11905765533, 1.36820340157, 8.08839511871, 6.38475084305, -8.17443084717], [-513.126220703, 190.176574707, 48.8597679138, 42.1455421448, 218.150405884, 1.10361897945, 6.01561784744, 4.62562942505, 9.48877048492, 1.33809351921, -30.9720153809, -7.67516565323, -16.2592468262], [-13.41659832, -38.6352043152, -10.0759134293, -4.35920715332, 1.10361897945, 125.506866455, 28.0534610748, -12.6665887833, -10.0284748077, 3.98338890076, 36.4750823975, 20.2230052948, -0.168104305863], [-153.56048584, 4.16379070282, -58.9406776428, -19.885974884, 6.01561784744, 28.0534610748, 151.597518921, 34.4672393799, -43.3702659607, -16.54114151, 5.31979990005, 1.77148675919, -8.89275741577], [-26.1076622009, 19.7344112396, -32.1550292969, 8.74111652374, 4.62562942505, -12.6665887833, 34.4672393799, 101.265930176, 15.796661377, -21.4959144592, -19.0417137146, -8.73693752289, 1.46503424644], [65.510017395, -37.8983879089, 42.5129318237, 8.11905765533, 9.48877048492, -10.0284748077, -43.3702659607, 15.796661377, 166.599319458, 31.6892757416, -67.8304519653, 6.18192243576, 0.21027494967], [95.9844360352, -9.06634235382, 42.8619155884, 1.36820340157, 1.33809351921, 3.98338890076, -16.54114151, -21.4959144592, 31.6892757416, 120.540275574, 16.4147644043, -23.1296730042, -1.78792083263], [109.831535339, -24.2115192413, 39.340473175, 8.08839511871, -30.9720153809, 36.4750823975, 5.31979990005, -19.0417137146, -67.8304519653, 16.4147644043, 157.68989563, 29.150844574, -6.03792238235], [-57.6167755127, 24.1210289001, 41.5100669861, 6.38475084305, -7.67516565323, 20.2230052948, 1.77148675919, -8.73693752289, 6.18192243576, -23.1296730042, 29.150844574, 122.356964111, 23.6769618988], [211.881118774, -32.3239974976, -14.6574220657, -8.17443084717, -16.2592468262, -0.168104305863, -8.89275741577, 1.46503424644, 0.21027494967, -1.78792083263, -6.03792238235, 23.6769618988, 111.328079224]],
