{
"lowlevel": {
    "average_loudness": 0.968328118324,
    "barkbands_crest": {
        "dmean": 2.33506345749,
        "dmean2": 3.94229245186,
        "dvar": 4.21967983246,
        "dvar2": 11.3732194901,
        "max": 23.0155754089,
        "mean": 9.96111679077,
        "median": 9.56583976746,
        "min": 2.66016173363,
        "var": 14.1020812988
    },
    "barkbands_flatness_db": {
        "dmean": 0.0231058914214,
        "dmean2": 0.0371709391475,
        "dvar": 0.000448123726528,
        "dvar2": 0.00107591284905,
        "max": 0.30726096034,
        "mean": 0.140588894486,
        "median": 0.135559529066,
        "min": 0.0292112808675,
        "var": 0.00220739841461
    },
    "barkbands_kurtosis": {
        "dmean": 5.68625450134,
        "dmean2": 9.24667263031,
        "dvar": 115.471008301,
        "dvar2": 304.341796875,
        "max": 126.933944702,
        "mean": 8.67629909515,
        "median": 0.725733280182,
        "min": -1.79937434196,
        "var": 286.593292236
    },
    "barkbands_skewness": {
        "dmean": 0.758244156837,
        "dmean2": 1.18598210812,
        "dvar": 0.673233389854,
        "dvar2": 1.58502519131,
        "max": 9.59922504425,
        "mean": 2.07462477684,
        "median": 1.36723840237,
        "min": -1.77993059158,
        "var": 4.25101470947
    },
    "barkbands_spread": {
        "dmean": 5.59818267822,
        "dmean2": 9.1256313324,
        "dvar": 32.9009284973,
        "dvar2": 80.5330810547,
        "max": 69.9061126709,
        "mean": 27.4034957886,
        "median": 26.9859390259,
        "min": 1.70077955723,
        "var": 255.241165161
    },
    "dissonance": {
        "dmean": 0.0136918788776,
        "dmean2": 0.023585435003,
        "dvar": 0.000359876663424,
        "dvar2": 0.00094065326266,
        "max": 0.500000119209,
        "mean": 0.478242516518,
        "median": 0.482728362083,
        "min": 0.0515554919839,
        "var": 0.000386904022889
    },
    "dynamic_complexity": 2.07536220551,
    "erbbands_crest": {
        "dmean": 2.47336411476,
        "dmean2": 4.12319374084,
        "dvar": 5.92202758789,
        "dvar2": 16.0799045563,
        "max": 28.7401847839,
        "mean": 7.992831707,
        "median": 7.00841617584,
        "min": 2.38763904572,
        "var": 12.1719999313
    },
    "erbbands_flatness_db": {
        "dmean": 0.0160725470632,
        "dmean2": 0.0244394131005,
        "dvar": 0.000237193409703,
        "dvar2": 0.000507369812112,
        "max": 0.273589789867,
        "mean": 0.144054859877,
        "median": 0.145657449961,
        "min": 0.0560976006091,
        "var": 0.00167061376851
    },
    "erbbands_kurtosis": {
        "dmean": 0.662461400032,
        "dmean2": 1.09980499744,
        "dvar": 0.649987995625,
        "dvar2": 1.67469906807,
        "max": 10.5439910889,
        "mean": -0.0103795165196,
        "median": -0.286060810089,
        "min": -1.82588863373,
        "var": 1.57346248627
    },
    "erbbands_skewness": {
        "dmean": 0.342039555311,
        "dmean2": 0.560491263866,
        "dvar": 0.105851940811,
        "dvar2": 0.276741683483,
        "max": 1.65525484085,
        "mean": -0.36635196209,
        "median": -0.398116827011,
        "min": -2.44465017319,
        "var": 0.434536218643
    },
    "erbbands_spread": {
        "dmean": 9.4233751297,
        "dmean2": 14.827665329,
        "dvar": 92.3760147095,
        "dvar2": 210.310806274,
        "max": 134.859222412,
        "mean": 48.3776473999,
        "median": 40.2929840088,
        "min": 14.1177034378,
        "var": 594.482055664
    },
    "hfc": {
        "dmean": 5.75859308243,
        "dmean2": 9.20098972321,
        "dvar": 65.7546386719,
        "dvar2": 156.07484436,
        "max": 110.145072937,
        "mean": 24.3196487427,
        "median": 20.3304786682,
        "min": 1.1615263544e-16,
        "var": 338.216552734
    },
    "melbands_crest": {
        "dmean": 3.90296006203,
        "dmean2": 6.40771722794,
        "dvar": 11.8445472717,
        "dvar2": 30.6416721344,
        "max": 31.2039089203,
        "mean": 19.4493179321,
        "median": 19.7678852081,
        "min": 1.92288434505,
        "var": 42.8227996826
    },
    "melbands_flatness_db": {
        "dmean": 0.0283684935421,
        "dmean2": 0.0447784885764,
        "dvar": 0.000614409451373,
        "dvar2": 0.00147635769099,
        "max": 0.425850212574,
        "mean": 0.215965241194,
        "median": 0.214677616954,
        "min": 0.00403456110507,
        "var": 0.00481254048645
    },
    "melbands_kurtosis": {
        "dmean": 21.0020999908,
        "dmean2": 33.763923645,
        "dvar": 1467.17199707,
        "dvar2": 3695.79223633,
        "max": 429.595611572,
        "mean": 37.1056480408,
        "median": 8.92281723022,
        "min": -1.34340274334,
        "var": 3776.22802734
    },
    "melbands_skewness": {
        "dmean": 1.263412714,
        "dmean2": 1.96757233143,
        "dvar": 2.13134217262,
        "dvar2": 4.94593954086,
        "max": 17.244178772,
        "mean": 4.20603990555,
        "median": 2.90996479988,
        "min": -0.140413850546,
        "var": 11.063583374
    },
    "melbands_spread": {
        "dmean": 8.2457075119,
        "dmean2": 13.0566539764,
        "dvar": 96.1844177246,
        "dvar2": 226.662139893,
        "max": 136.472412109,
        "mean": 27.8212032318,
        "median": 22.6820697784,
        "min": 0.80310177803,
        "var": 528.858703613
    },
    "pitch_salience": {
        "dmean": 0.100950494409,
        "dmean2": 0.162615209818,
        "dvar": 0.00785842817277,
        "dvar2": 0.0198445413262,
        "max": 0.951187133789,
        "mean": 0.449274003506,
        "median": 0.455598205328,
        "min": 0.0641620755196,
        "var": 0.0228186417371
    },
    "silence_rate_20dB": {
        "dmean": 0,
        "dmean2": 0,
        "dvar": 0,
        "dvar2": 0,
        "max": 1,
        "mean": 1,
        "median": 1,
        "min": 1,
        "var": 0
    },
    "silence_rate_30dB": {
        "dmean": 0,
        "dmean2": 0,
        "dvar": 0,
        "dvar2": 0,
        "max": 1,
        "mean": 1,
        "median": 1,
        "min": 1,
        "var": 0
    },
    "silence_rate_60dB": {
        "dmean": 0.000515463936608,
        "dmean2": 0.00103145954199,
        "dvar": 0.000515170919243,
        "dvar2": 0.00103040458634,
        "max": 1,
        "mean": 0.0010303966701,
        "median": 0,
        "min": 0,
        "var": 0.00102934613824
    },
    "spectral_centroid": {
        "dmean": 276.803405762,
        "dmean2": 445.014984131,
        "dvar": 98496.65625,
        "dvar2": 192884.578125,
        "max": 10774.1669922,
        "mean": 1749.45898438,
        "median": 1715.64794922,
        "min": 305.634185791,
        "var": 663830.0625
    },
    "spectral_complexity": {
        "dmean": 4.55309295654,
        "dmean2": 7.02836513519,
        "dvar": 20.5966472626,
        "dvar2": 44.2224884033,
        "max": 62,
        "mean": 22.1978359222,
        "median": 19,
        "min": 0,
        "var": 194.129425049
    },
    "spectral_decrease": {
        "dmean": 2.93221336101e-09,
        "dmean2": 4.99455321545e-09,
        "dvar": 1.26838758435e-17,
        "dvar2": 3.43073556103e-17,
        "max": -1.84871098697e-29,
        "mean": -7.85980525109e-09,
        "median": -7.23153714688e-09,
        "min": -4.55640432051e-08,
        "var": 1.6457011404e-17
    },
    "spectral_energy": {
        "dmean": 0.0114237936214,
        "dmean2": 0.0194172356278,
        "dvar": 0.000193401137949,
        "dvar2": 0.000521802459843,
        "max": 0.181959673762,
        "mean": 0.0318705700338,
        "median": 0.0296825189143,
        "min": 1.06051590411e-20,
        "var": 0.000260218250332
    },
    "spectral_energyband_high": {
        "dmean": 0.000339505233569,
        "dmean2": 0.000539916800335,
        "dvar": 4.54094333691e-07,
        "dvar2": 1.0925659808e-06,
        "max": 0.0131491608918,
        "mean": 0.00127278023865,
        "median": 0.000524971284904,
        "min": 7.5916261707e-21,
        "var": 2.62538515017e-06
    },
    "spectral_energyband_low": {
        "dmean": 0.0077155684121,
        "dmean2": 0.0131041640416,
        "dvar": 6.23460146016e-05,
        "dvar2": 0.000175653796759,
        "max": 0.0832125917077,
        "mean": 0.0176139194518,
        "median": 0.0168240815401,
        "min": 1.01209175444e-22,
        "var": 0.00011265547073
    },
    "spectral_energyband_middle_high": {
        "dmean": 0.00177297391929,
        "dmean2": 0.00283295568079,
        "dvar": 5.90076342633e-06,
        "dvar2": 1.35872751343e-05,
        "max": 0.0280935280025,
        "mean": 0.00683253863826,
        "median": 0.00558426510543,
        "min": 1.57820355833e-21,
        "var": 3.77180185751e-05
    },
    "spectral_energyband_middle_low": {
        "dmean": 0.00534783490002,
        "dmean2": 0.00919922441244,
        "dvar": 0.000106348641566,
        "dvar2": 0.00028849116643,
        "max": 0.115108720958,
        "mean": 0.00709303142503,
        "median": 0.00417861435562,
        "min": 3.41361368757e-22,
        "var": 8.9238761575e-05
    },
    "spectral_entropy": {
        "dmean": 0.122804932296,
        "dmean2": 0.198221921921,
        "dvar": 0.0122792236507,
        "dvar2": 0.0290423277766,
        "max": 9.79655742645,
        "mean": 7.65121841431,
        "median": 7.70009422302,
        "min": 6.35591650009,
        "var": 0.0633860081434
    },
    "spectral_flux": {
        "dmean": 0.0290272068232,
        "dmean2": 0.0452871061862,
        "dvar": 0.000845525413752,
        "dvar2": 0.00160807766952,
        "max": 0.354031950235,
        "mean": 0.0991599261761,
        "median": 0.0956232920289,
        "min": 1.02981352612e-10,
        "var": 0.001880208496
    },
    "spectral_kurtosis": {
        "dmean": 1.35455811024,
        "dmean2": 2.31223940849,
        "dvar": 1.67558085918,
        "dvar2": 4.89320516586,
        "max": 15.7791366577,
        "mean": 3.77925729752,
        "median": 3.36881256104,
        "min": -1.22054970264,
        "var": 3.89996194839
    },
    "spectral_rms": {
        "dmean": 0.000963814614806,
        "dmean2": 0.00160715065431,
        "dvar": 9.7294389434e-07,
        "dvar2": 2.55770896729e-06,
        "max": 0.0133237242699,
        "mean": 0.00541220325977,
        "median": 0.00538131548092,
        "min": 3.21659712754e-12,
        "var": 1.80134338734e-06
    },
    "spectral_rolloff": {
        "dmean": 431.632446289,
        "dmean2": 713.806640625,
        "dvar": 414305.90625,
        "dvar2": 839096.3125,
        "max": 18949.21875,
        "mean": 1615.46704102,
        "median": 1421.19140625,
        "min": 86.1328125,
        "var": 2141372.5
    },
    "spectral_skewness": {
        "dmean": 0.192257106304,
        "dmean2": 0.315463095903,
        "dvar": 0.0305087193847,
        "dvar2": 0.0769342035055,
        "max": 3.04994463921,
        "mean": 1.17035222054,
        "median": 1.15345168114,
        "min": 0.0145053779706,
        "var": 0.165701851249
    },
    "spectral_spread": {
        "dmean": 400534.875,
        "dmean2": 586456.5625,
        "dvar": 627971981312,
        "dvar2": 523027120128,
        "max": 41568268,
        "mean": 4058661.5,
        "median": 3698778,
        "min": 2137004.5,
        "var": 2.27679351603e+12
    },
    "spectral_strongpeak": {
        "dmean": 0.314823836088,
        "dmean2": 0.555005192757,
        "dvar": 0.463058024645,
        "dvar2": 1.23019278049,
        "max": 9.95602989197,
        "mean": 0.62298977375,
        "median": 0.501888990402,
        "min": 0,
        "var": 0.483640521765
    },
    "zerocrossingrate": {
        "dmean": 0.00844273529947,
        "dmean2": 0.0107849966735,
        "dvar": 0.000172944462975,
        "dvar2": 0.000230998528423,
        "max": 0.51171875,
        "mean": 0.0568320639431,
        "median": 0.05126953125,
        "min": 0.0048828125,
        "var": 0.00107538281009
    },
    "barkbands": {
        "dmean": [0.000105536055344, 0.00437932508066, 0.00449735717848, 0.00114047538955, 0.00245962222107, 0.0011733842548, 0.000968402076978, 0.000300364452414, 0.000486609176733, 0.000668576394673, 0.000441343931016, 0.00029229914071, 0.000280385051155, 0.00028479564935, 0.000381870631827, 0.000396670599002, 0.000427275284892, 0.000376586976927, 0.000332209398039, 0.000126456317957, 0.000232923455769, 0.000104462793388, 2.10732232517e-05, 1.28462306748e-05, 6.68795519232e-06, 1.17137860798e-05, 2.75770503322e-06],
        "dmean2": [0.000171432620846, 0.00729851564392, 0.00803552754223, 0.00185992754996, 0.00435297284275, 0.0020121675916, 0.0017629043432, 0.000514491926879, 0.000803699193057, 0.00109390984289, 0.0007785736816, 0.00046188334818, 0.00046119390754, 0.000467530131573, 0.000634486787021, 0.000659816840198, 0.000719963689335, 0.000607014459092, 0.000552778248675, 0.000205277261557, 0.000386957428418, 0.00016472338757, 3.34991964337e-05, 1.97969147848e-05, 1.02311514638e-05, 1.78584414243e-05, 4.62741536467e-06],
        "dvar": [3.45368889043e-08, 2.41658217419e-05, 2.02138253371e-05, 3.83569386031e-06, 2.39022210735e-05, 6.26672272119e-06, 1.02326448541e-05, 4.84073325424e-07, 1.89680793028e-06, 2.17958881876e-06, 1.01557770904e-06, 2.59800572167e-07, 3.64295289046e-07, 3.81705149266e-07, 5.79630238917e-07, 4.2528174049e-07, 8.48507170303e-07, 2.8018095577e-07, 3.71207079297e-07, 4.83141207042e-08, 1.97041472916e-07, 5.02584391882e-08, 1.55628676612e-09, 7.39291905472e-10, 3.62680024901e-10, 5.4266413585e-10, 3.77962140752e-11],
        "dvar2": [8.25004917715e-08, 6.12041549175e-05, 6.05047898716e-05, 9.52941536525e-06, 6.52654271107e-05, 1.69223785633e-05, 2.91388478217e-05, 1.28976580527e-06, 4.8782230806e-06, 5.22640220879e-06, 3.22333244185e-06, 5.64483855214e-07, 9.25028246002e-07, 9.27839153064e-07, 1.46483682784e-06, 1.06354559648e-06, 2.30647833632e-06, 6.92749438258e-07, 9.87987391454e-07, 1.24547696601e-07, 5.077998253e-07, 1.15648546739e-07, 3.4053739828e-09, 1.67222091729e-09, 6.72545297231e-10, 1.20070664522e-09, 1.04029708459e-10],
        "max": [0.0028063908685, 0.0379994213581, 0.0444959402084, 0.0303631648421, 0.0507224500179, 0.0317286849022, 0.0383571609855, 0.00836037192494, 0.0245348084718, 0.0197360403836, 0.0108534395695, 0.00748912338167, 0.0140812369063, 0.0119262048975, 0.0102781839669, 0.00830583833158, 0.0183851011097, 0.00573796173558, 0.0093694338575, 0.00401303125545, 0.00693204719573, 0.00494049815461, 0.000916296849027, 0.000880481093191, 0.000786143704318, 0.000574513105676, 7.12686887709e-05],
        "mean": [0.000103338701592, 0.00884885247797, 0.0078562349081, 0.00147219852079, 0.00208597700112, 0.00148112536408, 0.000919884245377, 0.000327083544107, 0.000556931481697, 0.000975264818408, 0.0006732189795, 0.000462340860395, 0.000422336044721, 0.000403104524594, 0.000635221076664, 0.000855392660014, 0.000839938758872, 0.000803490693215, 0.000745722325519, 0.000291012576781, 0.000747953657992, 0.000232932929066, 5.54587022634e-05, 3.50824557245e-05, 1.7013935576e-05, 2.03899289772e-05, 3.08769017465e-06],
        "median": [3.93860937038e-05, 0.0082342363894, 0.00708706537262, 0.000604045984801, 0.000712806824595, 0.000458452966996, 0.000240708395722, 0.000137793613249, 0.000170169674675, 0.000189144164324, 0.000107444808236, 0.000135164009407, 0.000171431340277, 0.000175806329935, 0.000252277852269, 0.000401811179472, 0.000587187183555, 0.000490213220473, 0.000314675213303, 0.000132176312036, 0.000189165322809, 9.38668235904e-05, 3.06952242681e-05, 1.80652041308e-05, 1.06028228402e-05, 1.03092825157e-05, 1.11939027647e-06],
        "min": [4.26591017984e-23, 3.12307129369e-23, 4.48628226025e-23, 5.84720111257e-24, 7.17963072661e-23, 5.02746797805e-23, 6.16861207543e-23, 8.9825603348e-23, 5.48686207284e-23, 3.99775300788e-23, 5.27687266412e-23, 1.39797259567e-22, 1.24881780493e-22, 2.45638209727e-22, 1.47061595653e-22, 9.79369173001e-23, 8.43576423825e-23, 3.1587113983e-22, 2.13876170572e-22, 3.62508823738e-22, 4.50665557132e-22, 4.14848318539e-22, 5.64883831453e-22, 6.55774542173e-22, 1.42048196536e-21, 1.6100774769e-21, 2.44244765824e-21],
        "var": [3.59120591042e-08, 4.31782355008e-05, 3.03747710859e-05, 5.07570166519e-06, 1.74735032488e-05, 1.03521933852e-05, 7.33853948987e-06, 4.06938880815e-07, 1.89863260402e-06, 4.64396089228e-06, 2.05547075893e-06, 7.00906298334e-07, 5.111696737e-07, 5.64915012546e-07, 1.09157372208e-06, 1.33262108193e-06, 1.05307503873e-06, 7.42952863675e-07, 9.37645722843e-07, 1.17918290243e-07, 1.34274148422e-06, 1.14171022858e-07, 4.77490891271e-09, 2.77280798322e-09, 1.32993582813e-09, 1.30797239706e-09, 3.92112071979e-11]
    },
    "erbbands": {
        "dmean": [0.0689004734159, 1.22848176956, 5.32169008255, 3.365026474, 7.90999889374, 7.06695890427, 6.08112430573, 10.9408941269, 11.3760433197, 13.7662258148, 6.42440080643, 9.86105251312, 19.2483482361, 17.0250911713, 18.2923221588, 10.4961919785, 11.7571220398, 11.759264946, 15.1091098785, 21.8018817902, 19.4498691559, 20.9922580719, 22.2092761993, 18.6793384552, 12.3220615387, 5.7034869194, 6.16011095047, 12.3165025711, 4.07915496826, 1.00706958771, 0.592963576317, 0.356889247894, 0.184764847159, 0.0917546823621, 0.0454246252775, 0.0337851680815, 0.026234280318, 0.00786541588604, 0.000234240782447, 1.51564154294e-05],
        "dmean2": [0.116364322603, 2.0498213768, 9.32752037048, 5.66194295883, 13.7416467667, 12.6394701004, 10.5585069656, 18.8402099609, 19.919462204, 25.4966583252, 10.7823600769, 16.2735519409, 31.5500354767, 28.1027259827, 32.233959198, 17.3672523499, 19.3411064148, 19.214805603, 25.383682251, 34.5875015259, 31.7955608368, 35.0031433105, 36.4941101074, 30.4658241272, 20.2879905701, 9.39187526703, 10.0837059021, 20.1720046997, 6.46086215973, 1.60818850994, 0.937682271004, 0.550262868404, 0.289470881224, 0.142151385546, 0.0715042799711, 0.053073618561, 0.0407251566648, 0.0125314351171, 0.000388009328162, 2.52287827607e-05],
        "dvar": [0.0113750137389, 1.81753230095, 28.2740325928, 22.5118541718, 228.030700684, 227.02180481, 143.570709229, 614.474243164, 960.488586426, 3028.81152344, 217.363830566, 776.68371582, 2322.31738281, 1251.05822754, 2294.20947266, 376.493560791, 517.277160645, 632.162475586, 1047.73352051, 2245.37011719, 1091.17419434, 2065.50097656, 1090.3572998, 1077.16223145, 542.595275879, 112.432807922, 140.562286377, 555.897644043, 84.1393356323, 6.72584724426, 1.37381696701, 0.536092936993, 0.179440334439, 0.0549257844687, 0.0246154535562, 0.00575614115223, 0.00279283104464, 0.000242759328103, 3.07741373717e-07, 3.43860245833e-10],
        "dvar2": [0.0294228307903, 4.68934488297, 84.0525283813, 60.5323448181, 617.585205078, 622.169555664, 373.750152588, 1634.84545898, 2647.22436523, 8801.33300781, 553.050415039, 2055.0402832, 5569.49365234, 3138.07519531, 7290.90429688, 876.561157227, 1276.74816895, 1429.73388672, 2788.53833008, 5284.03369141, 2745.04736328, 5672.72460938, 2709.453125, 2781.16259766, 1470.50085449, 294.926818848, 351.04107666, 1428.31774902, 188.055206299, 16.1895656586, 2.99990773201, 1.25468766689, 0.398421317339, 0.106571741402, 0.059138584882, 0.0133347632363, 0.0062885787338, 0.000585284084082, 8.24945857403e-07, 8.70384542218e-10],
        "max": [1.05249023438, 10.5524263382, 48.1050338745, 72.6591949463, 197.722366333, 151.80015564, 237.199920654, 305.191619873, 367.27935791, 646.452331543, 236.372207642, 566.206848145, 725.059082031, 472.040924072, 700.751342773, 351.22052002, 486.475067139, 510.218841553, 772.91796875, 912.952026367, 555.547424316, 903.768432617, 363.50201416, 390.810882568, 485.469421387, 183.42288208, 175.667755127, 377.553588867, 216.315704346, 71.3601531982, 28.6744594574, 19.9179859161, 14.654592514, 10.1201953888, 6.19978523254, 2.68689870834, 0.961728513241, 0.228846922517, 0.00807349570096, 0.00023471606255],
        "mean": [0.0895302668214, 2.54286837578, 10.1505012512, 5.74990463257, 7.1456413269, 5.76654577255, 6.94346809387, 13.8655033112, 13.7674293518, 10.6377286911, 7.55302047729, 12.0735664368, 25.5732288361, 27.4139308929, 32.7218856812, 16.8766269684, 18.8038711548, 20.0039806366, 26.904586792, 44.3249549866, 44.0176239014, 46.1067504883, 47.7107658386, 43.5621109009, 28.3436985016, 13.9859580994, 18.1271762848, 34.9511299133, 10.8609161377, 2.4579398632, 1.55933892727, 0.981858789921, 0.466576814651, 0.229918465018, 0.106646023691, 0.0639721602201, 0.0415297597647, 0.0110499970615, 0.000309933326207, 4.5106640755e-05],
        "median": [0.0610390268266, 2.38558864594, 8.9821767807, 3.82498788834, 2.92767167091, 1.72433125973, 2.28577017784, 4.09543371201, 4.42657995224, 2.70852422714, 3.34100079536, 4.30847978592, 6.48906040192, 7.50892877579, 7.27199220657, 7.98457527161, 9.20676994324, 10.5847206116, 15.6408872604, 19.0670127869, 25.1970252991, 33.0621833801, 29.8112659454, 19.0502719879, 14.5382289886, 6.12515640259, 6.84755182266, 6.91901302338, 3.86740541458, 1.53683054447, 0.860042333603, 0.477370798588, 0.243841484189, 0.144138604403, 0.0654326826334, 0.0356038212776, 0.0191012695432, 0.00492452317849, 0.000134477741085, 4.05297105317e-05],
        "min": [1.97899710184e-21, 4.07175981068e-21, 3.95694867647e-20, 4.23729698817e-20, 1.36497506048e-19, 2.66539642898e-19, 2.25328936094e-19, 5.86755501033e-19, 8.57735682104e-19, 1.24148580967e-18, 1.97094847454e-18, 1.0720204904e-18, 1.1781685459e-18, 1.5522962365e-18, 2.90582758926e-18, 4.93616763178e-18, 6.15841549515e-18, 8.26655766454e-18, 1.08347549432e-17, 7.59106295118e-18, 5.59993292405e-18, 6.33076353886e-18, 1.5733086093e-17, 1.29166866541e-17, 1.25682012523e-17, 1.87802821576e-17, 1.67529931708e-17, 1.74810626567e-17, 1.59189568853e-17, 1.44359428154e-17, 1.75592295702e-17, 1.41876810981e-17, 1.26041844361e-17, 1.69029312373e-17, 8.54136691637e-18, 6.46349873021e-18, 2.71660092515e-18, 1.32056448303e-18, 2.98865912935e-19, 3.70358907096e-20],
        "var": [0.0105689708143, 3.48216485977, 51.3140144348, 34.1418609619, 171.604064941, 162.068450928, 229.986755371, 1028.45581055, 1054.86608887, 1705.08630371, 201.898880005, 777.393798828, 3611.06469727, 3062.86279297, 4995.55810547, 615.547363281, 834.818237305, 1202.22399902, 1421.19873047, 5348.14599609, 2665.9987793, 2752.96557617, 2671.37207031, 3346.99316406, 1147.22106934, 264.457794189, 604.997802734, 3174.70507812, 254.993789673, 10.0246582031, 3.99028420448, 2.04572582245, 0.566382288933, 0.191716462374, 0.0596218183637, 0.016540126875, 0.00553006352857, 0.000382287020329, 3.42805520859e-07, 5.81597048299e-10]
    },
    "gfcc": {
        "mean": [13.9105129242, 84.7192840576, -118.07257843, 55.5828742981, -35.5800170898, 10.6237869263, -24.119020462, 10.1153659821, -20.6264667511, 2.50246763229, -22.3870697021, 5.0121717453, -14.396241188],
        "cov": [[2663.90014648, 63.3754730225, -858.813659668, -49.7296867371, -101.323379517, -112.364318848, 13.3128519058, -105.311012268, -61.0875396729, -24.9284076691, -58.366153717, 41.8874092102, 40.8446388245], [63.3754730225, 571.659545898, -153.934448242, -66.8856811523, 9.71048259735, -115.365402222, -28.2512531281, -89.0923080444, 38.8243103027, -54.3743171692, 12.6120138168, -27.4964542389, 82.6996231079], [-858.813659668, -153.934448242, 1251.7467041, -6.21374082565, 70.9729232788, 129.590301514, -141.889984131, 205.781814575, 35.1563339233, 81.7541046143, 28.5297927856, -21.3636951447, -155.374984741], [-49.7296867371, -66.8856811523, -6.21374082565, 262.885253906, -0.791273772717, 50.4001350403, 48.9781723022, -33.7313728333, -10.3500757217, -12.571308136, 23.4210548401, -33.4697418213, 11.7697525024], [-101.323379517, 9.71048259735, 70.9729232788, -0.791273772717, 207.359817505, 39.6348228455, 49.4808540344, 33.5234260559, 11.4953737259, 9.20050907135, -36.430896759, 25.4638938904, -14.4812498093], [-112.364318848, -115.365402222, 129.590301514, 50.4001350403, 39.6348228455, 173.286880493, 50.1570663452, 76.1437530518, 6.24742984772, -17.5112228394, 18.5330314636, -19.6911029816, -21.529756546], [13.3128519058, -28.2512531281, -141.889984131, 48.9781723022, 49.4808540344, 50.1570663452, 180.82774353, 6.32655572891, -29.4374504089, -29.9012699127, -38.735168457, 4.87724065781, 18.8921852112], [-105.311012268, -89.0923080444, 205.781814575, -33.7313728333, 33.5234260559, 76.1437530518, 6.32655572891, 151.410049438, 43.821346283, 10.9930534363, 3.47028803825, -6.42506313324, -37.017868042], [-61.0875396729, 38.8243103027, 35.1563339233, -10.3500757217, 11.4953737259, 6.24742984772, -29.4374504089, 43.821346283, 86.1636428833, 26.0693645477, 21.3418998718, -11.9265832901, -4.13953781128], [-24.9284076691, -54.3743171692, 81.7541046143, -12.571308136, 9.20050907135, -17.5112228394, -29.9012699127, 10.9930534363, 26.0693645477, 87.2584686279, 16.4523792267, 9.05718421936, -27.1848907471], [-58.366153717, 12.6120138168, 28.5297927856, 23.4210548401, -36.430896759, 18.5330314636, -38.735168457, 3.47028803825, 21.3418998718, 16.4523792267, 84.5635452271, 6.21532726288, -4.12914514542], [41.8874092102, -27.4964542389, -21.3636951447, -33.4697418213, 25.4638938904, -19.6911029816, 4.87724065781, -6.42506313324, -11.9265832901, 9.05718421936, 6.21532726288, 62.8118553162, 11.4208345413], [40.8446388245, 82.6996231079, -155.374984741, 11.7697525024, -14.4812498093, -21.529756546, 18.8921852112, -37.017868042, -4.13953781128, -27.1848907471, -4.12914514542, 11.4208345413, 77.1597366333]],
        "icov": [[0.000613153679296, -0.000509628443979, 0.000717459595762, -0.000460718845716, 0.000581967178732, -0.0005939360708, 0.000782746064942, -0.000758713227697, 0.000689428066835, -0.000630293274298, 0.0012592918938, -0.00131525413599, 0.0012014945969], [-0.000509628443979, 0.00506941089407, -0.00147462892346, 0.00293765682727, -0.00312742777169, 0.00436263624579, -0.00225022831, 0.00358472415246, -0.00338021386415, 0.0043776165694, -0.00570470932871, 0.0071237385273, -0.00567877525464], [0.000717459595762, -0.00147462892346, 0.00257326778956, -0.00152558682021, 0.000809126067907, -0.0020187178161, 0.00289191841148, -0.0032719373703, 0.00241554062814, -0.00218180427328, 0.00272610853426, -0.00277718389407, 0.00384378340095], [-0.000460718845716, 0.00293765682727, -0.00152558682021, 0.00721223372966, -0.00241149938665, 0.00148225843441, -0.00353433634154, 0.00469894753769, -0.00184349284973, 0.00232893927023, -0.00621725665405, 0.00791302137077, -0.00477848295122], [0.000581967178732, -0.00312742777169, 0.000809126067907, -0.00241149938665, 0.00927426293492, -0.00481834309176, 0.000436359317973, -0.00149657879956, -0.00102174992207, -0.00308882584795, 0.00841560214758, -0.00978150311857, 0.00536746252328], [-0.0005939360708, 0.00436263624579, -0.0020187178161, 0.00148225843441, -0.00481834309176, 0.0151089485735, -0.0051721255295, -0.00181867822539, -0.000819525099359, 0.00630986317992, -0.0104755237699, 0.0101644759998, -0.00483320839703], [0.000782746064942, -0.00225022831, 0.00289191841148, -0.00353433634154, 0.000436359317973, -0.0051721255295, 0.0116867842153, -0.00443880725652, 0.00473287748173, -0.00234614568762, 0.00753652537242, -0.00555922277272, 0.00266116787679], [-0.000758713227697, 0.00358472415246, -0.0032719373703, 0.00469894753769, -0.00149657879956, -0.00181867822539, -0.00443880725652, 0.0177271943539, -0.0107774930075, 0.00470522092655, -0.00278934603557, 0.00348991248757, -0.00152894796338], [0.000689428066835, -0.00338021386415, 0.00241554062814, -0.00184349284973, -0.00102174992207, -0.000819525099359, 0.00473287748173, -0.0107774930075, 0.0229147747159, -0.00853605102748, -0.00130017939955, 0.00239750184119, -0.000549052143469], [-0.000630293274298, 0.0043776165694, -0.00218180427328, 0.00232893927023, -0.00308882584795, 0.00630986317992, -0.00234614568762, 0.00470522092655, -0.00853605102748, 0.0204390771687, -0.00695525389165, 0.00268982187845, 0.000878545397427], [0.0012592918938, -0.00570470932871, 0.00272610853426, -0.00621725665405, 0.00841560214758, -0.0104755237699, 0.00753652537242, -0.00278934603557, -0.00130017939955, -0.00695525389165, 0.0271820276976, -0.016819531098, 0.00878248456866], [-0.00131525413599, 0.0071237385273, -0.00277718389407, 0.00791302137077, -0.00978150311857, 0.0101644759998, -0.00555922277272, 0.00348991248757, 0.00239750184119, 0.00268982187845, -0.016819531098, 0.0355491936207, -0.0147881275043], [0.0012014945969, -0.00567877525464, 0.00384378340095, -0.00477848295122, 0.00536746252328, -0.00483320839703, 0.00266116787679, -0.00152894796338, -0.000549052143469, 0.000878545397427, 0.00878248456866, -0.0147881275043, 0.0280922502279]]
    },
    "melbands": {
        "dmean": [0.000878007907886, 0.00229717232287, 0.00066436099587, 0.000617116049398, 0.000209601552342, 0.000236582913203, 0.000183789336006, 0.00013245617447, 4.92794752063e-05, 6.97304421919e-05, 0.000100515506347, 7.46801306377e-05, 5.84675181017e-05, 3.78464901587e-05, 2.96105026791e-05, 2.75947459158e-05, 2.46245417657e-05, 2.64252084889e-05, 2.9747518056e-05, 3.12173906423e-05, 2.50109897024e-05, 2.54643837252e-05, 2.3172406145e-05, 1.82725798368e-05, 1.77305992111e-05, 1.00213701444e-05, 6.34975776848e-06, 4.22188168159e-06, 3.99013970309e-06, 6.06662842983e-06, 8.36291110318e-06, 2.9290256407e-06, 1.12040720524e-06, 4.70521428042e-07, 3.72735797782e-07, 3.30511198854e-07, 2.10491108987e-07, 1.58775918635e-07, 1.01988668177e-07, 8.14377756342e-08],
        "dmean2": [0.00146927905735, 0.00391989992931, 0.00111247703899, 0.00108840200119, 0.000365866260836, 0.00040604363312, 0.000325769622577, 0.00024402802228, 8.20695277071e-05, 0.000114396039862, 0.000163808203069, 0.000123102814541, 0.000101580095361, 6.30872309557e-05, 4.80695634906e-05, 4.5549695642e-05, 4.01176839659e-05, 4.48134524049e-05, 4.80738526676e-05, 5.06487049279e-05, 4.15725626226e-05, 4.28031853517e-05, 3.82905564038e-05, 2.89912732114e-05, 2.90007064905e-05, 1.61405114341e-05, 1.0311627193e-05, 6.99803558746e-06, 6.55514759274e-06, 1.02447866084e-05, 1.33983630803e-05, 4.65657376481e-06, 1.83807344456e-06, 7.67959136283e-07, 6.03264766141e-07, 5.22088157595e-07, 3.34675803515e-07, 2.54419575185e-07, 1.60356592005e-07, 1.28033136093e-07],
        "dvar": [1.17250431231e-06, 5.32798958375e-06, 8.53921392263e-07, 1.57670444878e-06, 1.74002281028e-07, 2.77656283743e-07, 2.77747403743e-07, 2.60939714281e-07, 1.95861424857e-08, 3.37994805477e-08, 5.91492756996e-08, 2.61999009155e-08, 1.84682011906e-08, 5.66470204078e-09, 7.00798663544e-09, 2.15416573468e-09, 3.03086133968e-09, 3.64631325134e-09, 3.44929107499e-09, 3.32652283497e-09, 2.01688021839e-09, 2.92633473009e-09, 1.7061039248e-09, 6.83041456728e-10, 1.02799435631e-09, 3.42758488259e-10, 1.49589229892e-10, 5.51246583103e-11, 5.5617184469e-11, 1.3450084102e-10, 2.45401809984e-10, 3.91943352773e-11, 7.15797473377e-12, 1.0954903434e-12, 5.14898236895e-13, 4.12265463738e-13, 1.78391657457e-13, 1.28497567946e-13, 4.82598919052e-14, 4.08342454359e-14],
        "dvar2": [2.97491305901e-06, 1.54662757268e-05, 2.1932855816e-06, 4.30849286204e-06, 4.58332323205e-07, 7.4164063335e-07, 7.77595118961e-07, 7.56628367071e-07, 5.17657632315e-08, 8.58771755929e-08, 1.41263129194e-07, 6.58888410499e-08, 5.80430068453e-08, 1.53586245943e-08, 1.67171503307e-08, 5.34886801518e-09, 6.70309630024e-09, 9.79077885432e-09, 8.35994296011e-09, 7.64719487734e-09, 5.16394438321e-09, 8.25541413008e-09, 3.95721855284e-09, 1.63844182666e-09, 2.65937916133e-09, 9.29724741638e-10, 3.98063110252e-10, 1.47201223433e-10, 1.41934436426e-10, 3.48415296614e-10, 6.22445206488e-10, 8.97814947387e-11, 1.71303405488e-11, 2.6895493211e-12, 1.15906763354e-12, 9.26939948409e-13, 4.43540793286e-13, 2.97866034138e-13, 1.0563223202e-13, 7.79588660337e-14],
        "max": [0.00837781466544, 0.0219755247235, 0.01203707885, 0.0131750050932, 0.00839821714908, 0.00642137974501, 0.00584948575124, 0.0060212649405, 0.00312225031666, 0.00305928988382, 0.00354235735722, 0.00219524698332, 0.00181191647425, 0.0011179210851, 0.00253529194742, 0.000611743889749, 0.00117173534818, 0.00139767595101, 0.000882525870111, 0.000954747432843, 0.000851875403896, 0.00113530922681, 0.000854840734974, 0.0003192803415, 0.000381704507163, 0.000381140998797, 0.000270629301667, 9.95907612378e-05, 0.000119563927001, 0.000161685136845, 0.000269135111012, 0.000127197592519, 7.65666773077e-05, 2.59292373812e-05, 1.59358514793e-05, 1.25453043438e-05, 1.16194523798e-05, 1.16306546261e-05, 8.03927287052e-06, 8.30597673485e-06],
        "mean": [0.0015683498932, 0.00482472358271, 0.0010945108952, 0.000504624913447, 0.000233380356804, 0.000305887719151, 0.000206377808354, 0.000103816833871, 5.80333107791e-05, 8.15874809632e-05, 0.000132349450723, 0.000114466718514, 0.000100243152701, 6.2520011852e-05, 4.10093307437e-05, 4.03609592468e-05, 3.64752850146e-05, 4.03339909099e-05, 5.10980280524e-05, 6.69160872349e-05, 4.8268961109e-05, 4.84611518914e-05, 4.50887346233e-05, 3.77750729967e-05, 3.64467559848e-05, 2.18058412429e-05, 1.36809412652e-05, 8.52432458487e-06, 9.17294073588e-06, 1.67995676748e-05, 2.1446705432e-05, 6.66292817186e-06, 2.13252519643e-06, 9.93104322333e-07, 8.69639279699e-07, 8.08052618595e-07, 5.22970310612e-07, 3.4152481021e-07, 2.46862526865e-07, 1.76943885322e-07],
        "median": [0.00135449436493, 0.00443676207215, 0.000769747362938, 0.000158828523126, 7.96315507614e-05, 9.4383925898e-05, 6.43220118945e-05, 2.81583161268e-05, 2.52797981375e-05, 2.62163848674e-05, 2.98044215015e-05, 2.35244624491e-05, 1.78695318027e-05, 1.5793089915e-05, 1.35634782055e-05, 1.76630837814e-05, 1.56198402692e-05, 2.01891052711e-05, 2.00620379474e-05, 2.51338733506e-05, 2.36768082686e-05, 3.07752598019e-05, 2.84278685285e-05, 2.17876404349e-05, 1.20719359984e-05, 1.17085855891e-05, 6.44606598144e-06, 3.40981819136e-06, 3.82443477065e-06, 4.57094529338e-06, 3.79013317797e-06, 2.10563166547e-06, 1.20155016248e-06, 5.98986957812e-07, 4.84834515646e-07, 3.76146971348e-07, 2.49631966653e-07, 1.7073156755e-07, 1.36913570259e-07, 1.14350932279e-07],
        "min": [1.45288062789e-23, 1.51901714846e-23, 8.99973620329e-24, 1.65051568597e-23, 8.42106176424e-24, 1.2045564446e-23, 1.26498484654e-23, 1.4425971949e-23, 1.63523355696e-23, 6.19695048351e-24, 5.800355791e-24, 6.19324757042e-24, 8.44911918006e-24, 1.33930153916e-23, 1.39034068195e-23, 1.22420618088e-23, 1.79129753861e-23, 2.11701094885e-23, 1.18221803368e-23, 6.49100351352e-24, 6.9442873284e-24, 5.41061393318e-24, 1.09170634223e-23, 1.54326389279e-23, 9.69317964886e-24, 7.5168891162e-24, 9.25550778573e-24, 1.41093626247e-23, 1.00400883317e-23, 1.05886992816e-23, 9.84584316668e-24, 9.28097616006e-24, 7.24745051858e-24, 8.27098571019e-24, 1.03109776445e-23, 9.29607338006e-24, 8.44549278648e-24, 7.58255941998e-24, 1.38169034881e-23, 1.3683773744e-23],
        "var": [1.58733666922e-06, 1.06678653538e-05, 1.13507394417e-06, 1.10780206342e-06, 2.5043163987e-07, 4.60492884713e-07, 2.5537866577e-07, 1.48279113432e-07, 1.6007772885e-08, 3.71820263467e-08, 9.72245288722e-08, 6.09589818623e-08, 4.48053434354e-08, 1.47461589606e-08, 8.5762845714e-09, 3.7559959587e-09, 5.57213208907e-09, 4.06416900134e-09, 7.51389706011e-09, 1.14942277918e-08, 3.66471941682e-09, 3.47552320257e-09, 3.1090607866e-09, 1.8652743794e-09, 3.00903035821e-09, 7.01421976057e-10, 3.01876079689e-10, 1.13108029887e-10, 1.52937704168e-10, 6.84902523584e-10, 1.27038113362e-09, 1.0484316193e-10, 9.83919716535e-12, 1.7286872888e-12, 1.28870655466e-12, 1.34283448076e-12, 6.28311964089e-13, 3.28109420059e-13, 1.70073211157e-13, 1.3076876821e-13]
    },
    "mfcc": {
        "mean": [-628.549682617, 110.687026978, -11.8495006561, 50.0655555725, 10.6390810013, 15.4305648804, 4.54698705673, 11.5813550949, 9.56057739258, -0.899583339691, 1.32284915447, 3.48883247375, -3.17779898643],
        "cov": [[2580.22412109, -103.379875183, -962.856750488, -28.1036224365, -351.845947266, 1.88542556763, -81.2558898926, -100.085525513, 1.31686234474, -190.364059448, -62.9786300659, -45.9097213745, -134.099624634], [-103.379875183, 593.646118164, -39.7996749878, -30.736913681, 38.562713623, -60.1880645752, -79.5532608032, -39.3282279968, 4.35699796677, -15.1053037643, -11.3711290359, -50.0638999939, -5.60974502563], [-962.856750488, -39.7996749878, 922.469787598, -21.2924938202, 245.205490112, -46.7222213745, 33.2608566284, 56.3194389343, -83.8731384277, 181.542068481, 56.8960456848, 44.4846916199, 68.230506897], [-28.1036224365, -30.736913681, -21.2924938202, 176.395065308, -6.65513467789, 57.4386863708, 25.6438083649, -20.1954879761, 20.9007320404, -35.100944519, -9.59917259216, 8.19006252289, 10.3803873062], [-351.845947266, 38.562713623, 245.205490112, -6.65513467789, 228.68510437, -4.94347429276, -7.00102853775, 41.2521820068, -11.5542879105, 76.2684936523, 45.2745628357, 20.0740127563, 24.8937454224], [1.88542556763, -60.1880645752, -46.7222213745, 57.4386863708, -4.94347429276, 118.913360596, 65.3004455566, 17.6794567108, 23.5847015381, -17.6488666534, -6.45621109009, 2.74231863022, -0.538112580776], [-81.2558898926, -79.5532608032, 33.2608566284, 25.6438083649, -7.00102853775, 65.3004455566, 135.709655762, 70.8685760498, 35.3230323792, 7.38169050217, 1.40448927879, 1.58803832531, 1.48436641693], [-100.085525513, -39.3282279968, 56.3194389343, -20.1954879761, 41.2521820068, 17.6794567108, 70.8685760498, 125.795532227, 39.6536903381, 37.1506996155, 9.063580513, -3.1882879734, 0.0272625405341], [1.31686234474, 4.35699796677, -83.8731384277, 20.9007320404, -11.5542879105, 23.5847015381, 35.3230323792, 39.6536903381, 101.972213745, 14.5387878418, -2.92402911186, -18.1363277435, -4.3988776207], [-190.364059448, -15.1053037643, 181.542068481, -35.100944519, 76.2684936523, -17.6488666534, 7.38169050217, 37.1506996155, 14.5387878418, 118.406974792, 43.735622406, 7.75884437561, 1.44856131077], [-62.9786300659, -11.3711290359, 56.8960456848, -9.59917259216, 45.2745628357, -6.45621109009, 1.40448927879, 9.063580513, -2.92402911186, 43.735622406, 76.0744400024, 36.6025123596, 0.86187851429], [-45.9097213745, -50.0638999939, 44.4846916199, 8.19006252289, 20.0740127563, 2.74231863022, 1.58803832531, -3.1882879734, -18.1363277435, 7.75884437561, 36.6025123596, 77.174621582, 27.61170578], [-134.099624634, -5.60974502563, 68.230506897, 10.3803873062, 24.8937454224, -0.538112580776, 1.48436641693, 0.0272625405341, -4.3988776207, 1.44856131077, 0.86187851429, 27.61170578, 71.989112854]],
