{
"lowlevel": {
    "average_loudness": 0.958799064159,
    "barkbands_crest": {
        "dmean": 2.52844190598,
        "dmean2": 4.18006134033,
        "dvar": 6.1436662674,
        "dvar2": 16.5468273163,
        "max": 23.5823078156,
        "mean": 10.7364225388,
        "median": 10.2375078201,
        "min": 3.21318554878,
        "var": 13.9811258316
    },
    "barkbands_flatness_db": {
        "dmean": 0.0293851662427,
        "dmean2": 0.043410282582,
        "dvar": 0.000855833059177,
        "dvar2": 0.00177013454959,
        "max": 0.410807192326,
        "mean": 0.187989801168,
        "median": 0.184631213546,
        "min": 0.0281180609018,
        "var": 0.00536743504927
    },
    "barkbands_kurtosis": {
        "dmean": 3.79157972336,
        "dmean2": 6.09153652191,
        "dvar": 46.8925323486,
        "dvar2": 112.318809509,
        "max": 158.558319092,
        "mean": 6.5333480835,
        "median": 4.45516252518,
        "min": -1.91175174713,
        "var": 75.4271697998
    },
    "barkbands_skewness": {
        "dmean": 0.534342586994,
        "dmean2": 0.821802616119,
        "dvar": 0.377010762691,
        "dvar2": 0.910462319851,
        "max": 9.8919210434,
        "mean": 1.85377395153,
        "median": 1.77274608612,
        "min": -1.94751226902,
        "var": 1.1361989975
    },
    "barkbands_spread": {
        "dmean": 3.57894897461,
        "dmean2": 5.54586029053,
        "dvar": 29.1991271973,
        "dvar2": 65.6804351807,
        "max": 139.244476318,
        "mean": 14.5732812881,
        "median": 9.28445529938,
        "min": 0.816945254803,
        "var": 457.776184082
    },
    "dissonance": {
        "dmean": 0.0273133423179,
        "dmean2": 0.0455504544079,
        "dvar": 0.000733266351745,
        "dvar2": 0.00190255022608,
        "max": 0.499999970198,
        "mean": 0.439985305071,
        "median": 0.446271330118,
        "min": 0.057592600584,
        "var": 0.00140148738865
    },
    "dynamic_complexity": 2.5903263092,
    "erbbands_crest": {
        "dmean": 2.38184785843,
        "dmean2": 3.80048394203,
        "dvar": 6.14750909805,
        "dvar2": 14.3446474075,
        "max": 26.8022346497,
        "mean": 9.98967075348,
        "median": 9.27637577057,
        "min": 2.59666204453,
        "var": 18.8320713043
    },
    "erbbands_flatness_db": {
        "dmean": 0.0231814235449,
        "dmean2": 0.0317278802395,
        "dvar": 0.000422099896241,
        "dvar2": 0.0008417564095,
        "max": 0.407758891582,
        "mean": 0.182311236858,
        "median": 0.176567658782,
        "min": 0.0579327754676,
        "var": 0.0039441739209
    },
    "erbbands_kurtosis": {
        "dmean": 0.939107596874,
        "dmean2": 1.49051165581,
        "dvar": 1.44197237492,
        "dvar2": 3.43773698807,
        "max": 17.879234314,
        "mean": 0.972097575665,
        "median": 0.482616186142,
        "min": -1.61637675762,
        "var": 3.66477704048
    },
    "erbbands_skewness": {
        "dmean": 0.294068276882,
        "dmean2": 0.462086588144,
        "dvar": 0.0812545716763,
        "dvar2": 0.202914699912,
        "max": 3.56026005745,
        "mean": 0.710963964462,
        "median": 0.682207524776,
        "min": -1.00708341599,
        "var": 0.331666976213
    },
    "erbbands_spread": {
        "dmean": 6.48012256622,
        "dmean2": 9.6333990097,
        "dvar": 54.7692642212,
        "dvar2": 122.638465881,
        "max": 116.506584167,
        "mean": 29.0302600861,
        "median": 26.5032539368,
        "min": 4.68491125107,
        "var": 218.654769897
    },
    "hfc": {
        "dmean": 6.58940076828,
        "dmean2": 9.36793613434,
        "dvar": 110.192420959,
        "dvar2": 242.943481445,
        "max": 116.729415894,
        "mean": 16.618976593,
        "median": 12.6592311859,
        "min": 1.1549936128e-16,
        "var": 218.039016724
    },
    "melbands_crest": {
        "dmean": 3.11912226677,
        "dmean2": 5.06918287277,
        "dvar": 8.69976043701,
        "dvar2": 22.3946723938,
        "max": 33.2300300598,
        "mean": 15.1441965103,
        "median": 14.5672883987,
        "min": 2.27756714821,
        "var": 24.4156990051
    },
    "melbands_flatness_db": {
        "dmean": 0.0324298217893,
        "dmean2": 0.0480467788875,
        "dvar": 0.00129416701384,
        "dvar2": 0.00253508752212,
        "max": 0.531024336815,
        "mean": 0.263611763716,
        "median": 0.262967079878,
        "min": 0.00662772031501,
        "var": 0.00925221759826
    },
    "melbands_kurtosis": {
        "dmean": 6.26054143906,
        "dmean2": 9.95451068878,
        "dvar": 117.463539124,
        "dvar2": 287.14944458,
        "max": 253.226867676,
        "mean": 12.2314376831,
        "median": 8.6543340683,
        "min": -1.35791695118,
        "var": 202.56060791
    },
    "melbands_skewness": {
        "dmean": 0.632642865181,
        "dmean2": 0.972635269165,
        "dvar": 0.509523034096,
        "dvar2": 1.18524360657,
        "max": 11.3786907196,
        "mean": 2.46625137329,
        "median": 2.28096342087,
        "min": -0.281404972076,
        "var": 1.51664304733
    },
    "melbands_spread": {
        "dmean": 3.85027432442,
        "dmean2": 5.93987941742,
        "dvar": 33.0523681641,
        "dvar2": 67.3289642334,
        "max": 192.238021851,
        "mean": 15.5823497772,
        "median": 9.66849899292,
        "min": 0.623336553574,
        "var": 619.278015137
    },
    "pitch_salience": {
        "dmean": 0.0696300268173,
        "dmean2": 0.113366127014,
        "dvar": 0.00423337193206,
        "dvar2": 0.0112355872989,
        "max": 0.973966360092,
        "mean": 0.524798095226,
        "median": 0.521232128143,
        "min": 0.224469617009,
        "var": 0.0106849269941
    },
    "silence_rate_20dB": {
        "dmean": 0,
        "dmean2": 0,
        "dvar": 0,
        "dvar2": 0,
        "max": 1,
        "mean": 1,
        "median": 1,
        "min": 1,
        "var": 0
    },
    "silence_rate_30dB": {
        "dmean": 0.0801248699427,
        "dmean2": 0.160333156586,
        "dvar": 0.0737042427063,
        "dvar2": 0.151283726096,
        "max": 1,
        "mean": 0.918356716633,
        "median": 1,
        "min": 0,
        "var": 0.0749787837267
    },
    "silence_rate_60dB": {
        "dmean": 0.0104058273137,
        "dmean2": 0.0208224877715,
        "dvar": 0.010297681205,
        "dvar2": 0.0276770275086,
        "max": 1,
        "mean": 0.0764430612326,
        "median": 0,
        "min": 0,
        "var": 0.0705995932221
    },
    "spectral_centroid": {
        "dmean": 167.44430542,
        "dmean2": 262.677459717,
        "dvar": 85912.9453125,
        "dvar2": 146800.828125,
        "max": 10408.8515625,
        "mean": 789.994567871,
        "median": 599.034912109,
        "min": 196.727035522,
        "var": 427763
    },
    "spectral_complexity": {
        "dmean": 3.46305942535,
        "dmean2": 5.19416952133,
        "dvar": 21.0404663086,
        "dvar2": 43.3795890808,
        "max": 45,
        "mean": 14.8793554306,
        "median": 14,
        "min": 0,
        "var": 58.613697052
    },
    "spectral_decrease": {
        "dmean": 4.27216706456e-09,
        "dmean2": 6.22100415626e-09,
        "dvar": 5.05025924746e-17,
        "dvar2": 1.03925450149e-16,
        "max": 2.09540260123e-29,
        "mean": -1.08306208446e-08,
        "median": -8.22296808423e-09,
        "min": -6.93014143849e-08,
        "var": 9.58253402487e-17
    },
    "spectral_energy": {
        "dmean": 0.0166164264083,
        "dmean2": 0.0241051260382,
        "dvar": 0.000737261085305,
        "dvar2": 0.00151702249423,
        "max": 0.263704389334,
        "mean": 0.0423846319318,
        "median": 0.0327006615698,
        "min": 1.03970544546e-20,
        "var": 0.00141359283589
    },
    "spectral_energyband_high": {
        "dmean": 0.000321518135024,
        "dmean2": 0.000494885549415,
        "dvar": 5.59960767532e-07,
        "dvar2": 1.3935377865e-06,
        "max": 0.00635110912845,
        "mean": 0.000362300488632,
        "median": 8.34717575344e-05,
        "min": 7.11583010522e-21,
        "var": 5.95454082486e-07
    },
    "spectral_energyband_low": {
        "dmean": 0.0118857789785,
        "dmean2": 0.0177078787237,
        "dvar": 0.000666064268444,
        "dvar2": 0.00138654152397,
        "max": 0.254707068205,
        "mean": 0.0197931528091,
        "median": 0.00790492724627,
        "min": 7.39473100736e-23,
        "var": 0.00104005052708
    },
    "spectral_energyband_middle_high": {
        "dmean": 0.00165509851649,
        "dmean2": 0.00242439750582,
        "dvar": 1.13588130262e-05,
        "dvar2": 2.32852835325e-05,
        "max": 0.058687902987,
        "mean": 0.00405267206952,
        "median": 0.00225736713037,
        "min": 1.6529110337e-21,
        "var": 3.35021504725e-05
    },
    "spectral_energyband_middle_low": {
        "dmean": 0.00702577456832,
        "dmean2": 0.0112486081198,
        "dvar": 9.13594631129e-05,
        "dvar2": 0.000221188238356,
        "max": 0.116898834705,
        "mean": 0.0201727692038,
        "median": 0.0180249996483,
        "min": 3.46125508023e-22,
        "var": 0.000212828832446
    },
    "spectral_entropy": {
        "dmean": 0.245437696576,
        "dmean2": 0.351878285408,
        "dvar": 0.0648702383041,
        "dvar2": 0.129914313555,
        "max": 9.81421375275,
        "mean": 7.01289081573,
        "median": 6.9887843132,
        "min": 4.75523519516,
        "var": 0.515056967735
    },
    "spectral_flux": {
        "dmean": 0.0393176153302,
        "dmean2": 0.061741553247,
        "dvar": 0.00265677389689,
        "dvar2": 0.00644763372838,
        "max": 0.404955625534,
        "mean": 0.0918341055512,
        "median": 0.0750248283148,
        "min": 1.01965949573e-10,
        "var": 0.00466799736023
    },
    "spectral_kurtosis": {
        "dmean": 4.2243270874,
        "dmean2": 7.01217556,
        "dvar": 45.4168930054,
        "dvar2": 129.626419067,
        "max": 129.43031311,
        "mean": 12.4597072601,
        "median": 7.17765808105,
        "min": -1.17139351368,
        "var": 356.173614502
    },
    "spectral_rms": {
        "dmean": 0.00113545404747,
        "dmean2": 0.00161222717725,
        "dvar": 2.50700577453e-06,
        "dvar2": 4.85927012051e-06,
        "max": 0.0160397179425,
        "mean": 0.00578718120232,
        "median": 0.00564828142524,
        "min": 3.18488117823e-12,
        "var": 7.85936390457e-06
    },
    "spectral_rolloff": {
        "dmean": 241.480133057,
        "dmean2": 394.85067749,
        "dvar": 324256.125,
        "dvar2": 465115.4375,
        "max": 19164.5507812,
        "mean": 1186.78820801,
        "median": 602.9296875,
        "min": 64.599609375,
        "var": 6640760
    },
    "spectral_skewness": {
        "dmean": 0.412072569132,
        "dmean2": 0.651417851448,
        "dvar": 0.20765581727,
        "dvar2": 0.556592822075,
        "max": 9.58953094482,
        "mean": 2.48312187195,
        "median": 2.19310545921,
        "min": 0.0419818088412,
        "var": 1.83080875874
    },
    "spectral_spread": {
        "dmean": 656982.1875,
        "dmean2": 994634.375,
        "dvar": 889377128448,
        "dvar2": 1.60281513165e+12,
        "max": 40831060,
        "mean": 3977542.5,
        "median": 3708050.25,
        "min": 646456.375,
        "var": 4.44959870157e+12
    },
    "spectral_strongpeak": {
        "dmean": 0.387678027153,
        "dmean2": 0.637336730957,
        "dvar": 0.405415683985,
        "dvar2": 0.859312951565,
        "max": 8.48701000214,
        "mean": 0.901048719883,
        "median": 0.650167524815,
        "min": 0,
        "var": 0.853537201881
    },
    "zerocrossingrate": {
        "dmean": 0.00769868632779,
        "dmean2": 0.0091609293595,
        "dvar": 0.000182832780411,
        "dvar2": 0.000208048091736,
        "max": 0.50341796875,
        "mean": 0.0455559045076,
        "median": 0.029296875,
        "min": 0.00390625,
        "var": 0.00467137247324
    },
    "barkbands": {
        "dmean": [0.000491023471113, 0.00865792296827, 0.00417636102065, 0.00251690321602, 0.00354420160875, 0.00140491593629, 0.00134540337604, 0.00081662327284, 0.000813536171336, 0.00051481166156, 0.000393223221181, 0.000402834179113, 0.000205947217182, 0.000268375209998, 0.000252531055594, 0.000129364038003, 0.000134530695505, 0.000112686022476, 9.37442382565e-05, 9.50046378421e-05, 5.41508234164e-05, 5.84467052249e-05, 4.63955329906e-05, 4.85304080939e-05, 5.4138185078e-05, 2.19828325498e-05, 2.67871814685e-06],
        "dmean2": [0.000723355216905, 0.0138177014887, 0.00675663445145, 0.00431344332173, 0.00590701121837, 0.00198325864039, 0.00214644521475, 0.00129930465482, 0.00125871074852, 0.000748223916162, 0.000576192804147, 0.000640373502392, 0.000320268678479, 0.000423421530286, 0.000370377092622, 0.000202385301236, 0.000211413193028, 0.000176468267455, 0.000149485698785, 0.000153230736032, 8.45225149533e-05, 9.2132431746e-05, 7.43796990719e-05, 8.00454508862e-05, 9.12376635824e-05, 3.70480593119e-05, 4.79666232422e-06],
        "dvar": [1.5528332824e-06, 0.000432871776866, 6.83837934048e-05, 1.73427761183e-05, 4.52908025181e-05, 5.41493136552e-06, 4.31235412179e-06, 2.03095464713e-06, 1.46421041336e-06, 2.36119308283e-06, 1.41798045661e-06, 3.12293809657e-06, 1.40897640222e-07, 3.01806579728e-07, 6.75932994909e-07, 9.24975580574e-08, 5.83854209424e-08, 4.42113190502e-08, 3.96282544557e-08, 6.2920030075e-08, 1.50335672799e-08, 1.81904411534e-08, 1.34112614347e-08, 1.43003031639e-08, 1.84095334532e-08, 2.74493672237e-09, 8.11333639161e-11],
        "dvar2": [3.28831015395e-06, 0.0010088738054, 0.000174153130502, 4.73757136206e-05, 0.000117705276352, 9.19737885852e-06, 1.02206440715e-05, 4.56707584817e-06, 3.39550979334e-06, 3.51523158315e-06, 2.46649574365e-06, 7.7930981206e-06, 3.44846995404e-07, 6.73053250466e-07, 1.27765281377e-06, 1.75712514761e-07, 1.35033431548e-07, 1.05909563786e-07, 9.61446815495e-08, 1.60841651109e-07, 3.70403867578e-08, 4.4158028345e-08, 3.41552457428e-08, 3.67855292893e-08, 4.74198351696e-08, 7.02293778687e-09, 2.23590077009e-10],
        "max": [0.00944473501295, 0.195648640394, 0.0911385565996, 0.0431758314371, 0.0882187709212, 0.0297766588628, 0.0276951938868, 0.0207555256784, 0.0152578987181, 0.0372118167579, 0.0443915240467, 0.0376433357596, 0.0055039958097, 0.013588485308, 0.0181941594929, 0.0061562419869, 0.00271918531507, 0.00280546024442, 0.00250951666385, 0.0028828100767, 0.000990722212009, 0.00126761524007, 0.00131950096693, 0.00169126945548, 0.00118239189032, 0.000649573514238, 9.83617574093e-05],
        "mean": [0.000478900852613, 0.0117398193106, 0.00578805059195, 0.00351654994301, 0.00678538205102, 0.00410016672686, 0.00208014785312, 0.00161237304565, 0.00153648050036, 0.000879776023794, 0.00090965925483, 0.000719883828424, 0.0003539523168, 0.000408441934269, 0.000429848761996, 0.000183944561286, 0.000194317733985, 0.000145250829519, 0.000118634117825, 0.000105832441477, 6.53635142953e-05, 6.71085144859e-05, 5.05104617332e-05, 4.90783786518e-05, 4.49699218734e-05, 1.84339969564e-05, 1.76644425665e-06],
        "median": [2.68205058092e-05, 0.00239137094468, 0.00214607967064, 0.00141254626215, 0.00359206157736, 0.00183496833779, 0.00110472633969, 0.000780938193202, 0.000964830047451, 0.000287117261905, 0.000129169231514, 0.000138732211781, 0.000154011664563, 0.000169572871528, 0.000132086599478, 7.07560611772e-05, 6.8432338594e-05, 5.82744432904e-05, 3.48709290847e-05, 1.977509055e-05, 1.57406193466e-05, 1.33133844429e-05, 1.07047335405e-05, 1.17865693028e-05, 6.3406987465e-06, 2.13348721445e-06, 1.32692417054e-08],
        "min": [8.12254575365e-24, 3.29394203675e-23, 1.61778458483e-23, 3.55632790233e-23, 3.47758475341e-23, 7.25768945981e-23, 1.13468755487e-22, 6.91598899446e-23, 1.54184630974e-23, 3.8041179479e-23, 6.18351586674e-23, 7.27265699108e-23, 1.24412212617e-22, 1.22482583112e-22, 1.01173430579e-22, 1.27699642134e-22, 1.68885539881e-22, 3.14855036497e-22, 3.27193553117e-22, 3.66753450767e-22, 4.27303510843e-22, 3.51338957217e-22, 5.44614978193e-22, 8.75400940764e-22, 1.14368059443e-21, 1.7338477082e-21, 2.10218178378e-21],
        "var": [1.81698203505e-06, 0.000529274751898, 9.12383984542e-05, 3.17812409776e-05, 8.72022283147e-05, 2.73364112218e-05, 7.44794397178e-06, 4.8029487516e-06, 3.01275827042e-06, 6.10512461208e-06, 8.33425110613e-06, 5.49495416635e-06, 2.74289845947e-07, 5.9358501403e-07, 1.67196924394e-06, 1.85270579323e-07, 1.0263031669e-07, 5.59012072188e-08, 5.11025639582e-08, 6.77397409277e-08, 1.7630460647e-08, 2.13848583286e-08, 1.35521887046e-08, 1.24790400235e-08, 1.49482399792e-08, 2.29150454167e-09, 5.26716656402e-11]
    },
    "erbbands": {
        "dmean": [0.316367954016, 1.81933367252, 4.2225112915, 6.63383102417, 11.0672168732, 12.5402870178, 9.342628479, 11.9350719452, 18.0530662537, 14.4370613098, 20.7252731323, 17.2638282776, 21.5417156219, 12.0541763306, 13.8250865936, 16.972026825, 8.5833902359, 15.5940189362, 12.9349956512, 7.92184400558, 7.74652671814, 6.8258600235, 5.97482824326, 4.85107707977, 5.15946054459, 4.5198431015, 3.02125406265, 2.10190033913, 2.16741204262, 1.53296327591, 1.22878623009, 1.23793900013, 0.705292999744, 0.624199748039, 0.368804335594, 0.119832865894, 0.0394473820925, 0.00756276817992, 0.000252640631516, 2.34792405536e-05],
        "dmean2": [0.482755184174, 3.02011871338, 6.67756509781, 11.2174005508, 18.7847118378, 20.4131202698, 14.0400218964, 17.212562561, 28.1909275055, 23.1957607269, 32.5210380554, 27.0648708344, 31.8903808594, 17.9675159454, 20.4802455902, 27.112165451, 13.4014511108, 23.9921169281, 19.5350112915, 12.008887291, 11.7279787064, 10.7587442398, 9.31117153168, 7.77622842789, 8.23293018341, 7.18497037888, 4.84009075165, 3.28176403046, 3.41703343391, 2.50754761696, 1.95476734638, 2.00010633469, 1.16216182709, 1.05586898327, 0.623264372349, 0.203340604901, 0.0667471066117, 0.0130488649011, 0.000442944758106, 3.50131122104e-05],
        "dvar": [0.630719184875, 19.0473995209, 74.5544815063, 131.206573486, 448.837310791, 590.888061523, 180.895507812, 506.636474609, 886.235961914, 515.659423828, 1407.93835449, 669.497924805, 3722.32299805, 680.754821777, 1362.96020508, 6627.59863281, 250.654296875, 872.616333008, 2022.41662598, 240.927429199, 328.447113037, 163.867706299, 121.631752014, 93.0859146118, 131.589004517, 133.313980103, 62.74949646, 24.026889801, 24.8951377869, 13.9973077774, 8.91337585449, 10.7686500549, 2.71899747849, 2.72245168686, 0.837166845798, 0.0874639675021, 0.00900986138731, 0.000431988068158, 6.67212589178e-07, 1.26594590366e-09],
        "dvar2": [1.30472052097, 49.9221191406, 185.08644104, 352.611206055, 1194.89599609, 1432.05200195, 337.911712646, 916.708007812, 2036.18640137, 1295.51599121, 3110.36962891, 1640.50158691, 5937.79736328, 1226.68981934, 2491.17626953, 16399.671875, 619.051879883, 1813.30371094, 3835.22363281, 493.341217041, 559.409790039, 379.624816895, 283.634796143, 239.373916626, 315.147979736, 324.552886963, 162.968063354, 59.0678329468, 61.2355308533, 36.4334945679, 22.4565448761, 27.7160606384, 6.83253145218, 7.11243867874, 2.14330124855, 0.226174384356, 0.0229705497622, 0.00113403820433, 1.83249574093e-06, 2.74792499866e-09],
        "max": [6.45318460464, 44.0790481567, 105.835609436, 119.384674072, 262.452911377, 282.804290771, 151.591217041, 326.232849121, 426.944824219, 347.266571045, 568.188781738, 354.701751709, 1421.75622559, 541.750610352, 1287.57946777, 1804.26196289, 191.965576172, 738.473937988, 1036.89416504, 257.440460205, 406.603973389, 174.644561768, 109.763328552, 89.7360992432, 152.952438354, 171.935241699, 79.6071624756, 57.8647193909, 47.1824417114, 32.0822296143, 29.9394016266, 51.470790863, 17.9881534576, 21.4366512299, 8.1070690155, 3.24654150009, 1.05408036709, 0.184887632728, 0.0112840067595, 0.000307698792312],
        "mean": [0.353100925684, 2.56680059433, 6.61109018326, 9.73416996002, 15.7268333435, 25.6590175629, 31.5914020538, 30.9179859161, 29.6297855377, 24.4739112854, 43.5493469238, 34.2322845459, 40.155872345, 24.2804260254, 32.5557785034, 32.0815925598, 15.7318658829, 25.7646121979, 22.1633758545, 13.266661644, 11.8790454865, 9.96258831024, 8.28089141846, 6.25144720078, 6.46737480164, 5.39172363281, 3.37686038017, 2.60435390472, 2.44164466858, 1.61560618877, 1.36357963085, 1.284522295, 0.693735539913, 0.525998771191, 0.298960655928, 0.0980541035533, 0.0333420336246, 0.0056652748026, 0.000193911531824, 5.24958122696e-05],
        "median": [0.0450536236167, 0.661431252956, 2.69807362556, 4.46635198593, 7.57800388336, 9.09006881714, 18.7188453674, 11.1992692947, 15.679526329, 16.3437213898, 23.2758998871, 23.6046199799, 14.839840889, 10.2440195084, 8.18474960327, 7.7264547348, 8.27652168274, 11.4793987274, 6.57643032074, 5.36394786835, 4.65514993668, 3.57608270645, 3.42446899414, 2.40552663803, 1.73307192326, 1.0364536047, 0.75186175108, 0.597531914711, 0.484595298767, 0.372059136629, 0.311859190464, 0.278163164854, 0.160137623549, 0.0802012085915, 0.0363707728684, 0.0113771306351, 0.00383762991987, 0.000331914896378, 2.90941134153e-05, 3.9355505578e-05],
        "min": [6.42719537902e-22, 8.05438202464e-21, 1.81054778816e-20, 8.27131886445e-20, 6.8163068745e-20, 1.23273964132e-19, 2.47489337349e-19, 7.48016842992e-19, 1.28118913491e-18, 2.30828575643e-18, 1.08532848229e-18, 3.92326672203e-19, 5.86542657122e-19, 2.23580033294e-18, 2.00634373975e-18, 3.56631848708e-18, 5.07836080625e-18, 5.40219539862e-18, 5.01758288357e-18, 7.03606198328e-18, 7.16788810314e-18, 1.14000303215e-17, 1.70322725066e-17, 1.44019804338e-17, 1.68326192309e-17, 1.95892052397e-17, 1.18301055102e-17, 1.99587167455e-17, 1.43365024709e-17, 1.16742845351e-17, 1.58765423722e-17, 1.54834049338e-17, 1.65852756842e-17, 1.30752977094e-17, 8.19798770049e-18, 5.25368670017e-18, 3.57969192963e-18, 1.29418724426e-18, 2.84710991498e-19, 3.05850580791e-20],
        "var": [0.778991937637, 20.8284282684, 107.791610718, 190.325805664, 655.220092773, 1737.96765137, 1086.1126709, 2281.77026367, 1617.25952148, 905.729248047, 3422.77612305, 1247.70544434, 9730.01464844, 2215.33105469, 7220.40429688, 12347.2714844, 454.979187012, 2119.63452148, 4967.34033203, 588.078125, 745.274719238, 297.18182373, 167.347137451, 104.231117249, 174.238220215, 176.534957886, 59.5105514526, 30.0989265442, 27.734128952, 13.2346191406, 9.1195306778, 9.58651542664, 2.51722240448, 2.17930245399, 0.68286895752, 0.0701577812433, 0.00766119966283, 0.000326898036292, 4.47133061243e-07, 2.15639905932e-09]
    },
    "gfcc": {
        "mean": [-54.020488739, 123.184486389, -102.879318237, 16.7865581512, -60.507183075, 8.01008701324, -40.442653656, 5.6053814888, -21.4583091736, -1.7342056036, -14.857588768, -5.78242540359, -10.5748929977],
        "cov": [[37967.9101562, 3713.01904297, -2146.51757812, 1396.42480469, -228.996414185, 1062.38830566, -420.598632812, 360.695159912, -449.645843506, -80.9546203613, -374.944824219, -315.315917969, -563.771484375], [3713.01904297, 2912.04614258, 208.281936646, -15.8206377029, 197.874969482, -94.806022644, 225.206817627, -41.9801826477, 277.307739258, -223.709533691, 201.955413818, -276.605529785, 116.000564575], [-2146.51757812, 208.281936646, 812.898010254, 79.7101211548, 269.133361816, 58.9286384583, 181.668136597, 122.419128418, 136.840820312, 55.3355903625, 44.4475059509, 29.3233547211, 36.9195137024], [1396.42480469, -15.8206377029, 79.7101211548, 370.979309082, 98.0652313232, 181.037231445, 82.2361602783, 83.5773239136, 56.5411834717, 39.8195114136, 2.66016507149, -15.5531806946, -21.5143680573], [-228.996414185, 197.874969482, 269.133361816, 98.0652313232, 313.843719482, 121.802078247, 147.741333008, 88.4473495483, 86.9509353638, 42.2831954956, 58.4490470886, 25.4735527039, 18.8826999664], [1062.38830566, -94.806022644, 58.9286384583, 181.037231445, 121.802078247, 232.911697388, 79.1635894775, 87.9256210327, 13.4376373291, 48.7711715698, 2.77241492271, 16.6395111084, -24.6068763733], [-420.598632812, 225.206817627, 181.668136597, 82.2361602783, 147.741333008, 79.1635894775, 194.285171509, 65.2732620239, 91.7768554688, -0.413812071085, 54.7977180481, -12.1511983871, 34.9305992126], [360.695159912, -41.9801826477, 122.419128418, 83.5773239136, 88.4473495483, 87.9256210327, 65.2732620239, 129.145248413, 30.3988170624, 30.811542511, -6.58427810669, 33.7756271362, -2.90446567535], [-449.645843506, 277.307739258, 136.840820312, 56.5411834717, 86.9509353638, 13.4376373291, 91.7768554688, 30.3988170624, 137.029815674, 13.1857471466, 56.9520339966, -30.7906932831, 31.3929309845], [-80.9546203613, -223.709533691, 55.3355903625, 39.8195114136, 42.2831954956, 48.7711715698, -0.413812071085, 30.811542511, 13.1857471466, 106.709991455, 9.65104484558, 29.5513954163, -26.223991394], [-374.944824219, 201.955413818, 44.4475059509, 2.66016507149, 58.4490470886, 2.77241492271, 54.7977180481, -6.58427810669, 56.9520339966, 9.65104484558, 103.92880249, -7.78874921799, 27.3191986084], [-315.315917969, -276.605529785, 29.3233547211, -15.5531806946, 25.4735527039, 16.6395111084, -12.1511983871, 33.7756271362, -30.7906932831, 29.5513954163, -7.78874921799, 98.8039398193, 7.17811203003], [-563.771484375, 116.000564575, 36.9195137024, -21.5143680573, 18.8826999664, -24.6068763733, 34.9305992126, -2.90446567535, 31.3929309845, -26.223991394, 27.3191986084, 7.17811203003, 89.8887634277]],
        "icov": [[0.000194468113477, -0.000643240229692, 0.000573524856009, -0.000654068600852, 0.00018790033937, -0.000590382551309, 0.000442674383521, -0.000663154234644, 0.00094205426285, -0.000753018306568, 0.000725419260561, -0.000584513472859, 0.000540645851288], [-0.000643240229692, 0.00291782757267, -0.00193993200082, 0.00233058771119, -0.00118902348913, 0.00208549876697, -0.001154466765, 0.00180309265852, -0.00383575307205, 0.00405218824744, -0.00339096598327, 0.00371600268409, -0.00186197005678], [0.000573524856009, -0.00193993200082, 0.00376291084103, -0.00195005745627, -0.000696912349667, -0.000800018198788, 0.000410685781389, -0.0027377421502, 0.00195332081057, -0.00298671983182, 0.00296337599866, -0.00209550070576, 0.00148080848157], [-0.000654068600852, 0.00233058771119, -0.00195005745627, 0.00712804496288, -0.000382405443816, -0.00165893079247, -0.00132698309608, 0.00145892100409, -0.00527236424387, 0.00277072470635, -0.00192356854677, 0.00333574018441, -0.00144594570156], [0.00018790033937, -0.00118902348913, -0.000696912349667, -0.000382405443816, 0.00772898457944, -0.0031261567492, -0.00218007480726, -0.000707570812665, 0.000229705459788, -0.00209748093039, -0.000297191931168, -0.00346676306799, 0.000927571614739], [-0.000590382551309, 0.00208549876697, -0.000800018198788, -0.00165893079247, -0.0031261567492, 0.0124729499221, -0.00391679862514, -0.00122237519827, 0.000705120211933, 9.45893552853e-05, -0.00242642383091, 0.00261589721777, -0.000598990940489], [0.000442674383521, -0.001154466765, 0.000410685781389, -0.00132698309608, -0.00218007480726, -0.00391679862514, 0.0138061251491, -0.00440962612629, -0.0017389873974, 0.00204342789948, -0.0014836495975, 0.00106304395013, -0.000772328174207], [-0.000663154234644, 0.00180309265852, -0.0027377421502, 0.00145892100409, -0.000707570812665, -0.00122237519827, -0.00440962612629, 0.0176126006991, -0.00584983499721, 0.001411729143, 0.00206350092776, -0.00422921264544, -0.00075032771565], [0.00094205426285, -0.00383575307205, 0.00195332081057, -0.00527236424387, 0.000229705459788, 0.000705120211933, -0.0017389873974, -0.00584983499721, 0.0223105680197, -0.00858940649778, -0.00049543712521, 0.00201308191754, -0.000882042048033], [-0.000753018306568, 0.00405218824744, -0.00298671983182, 0.00277072470635, -0.00209748093039, 9.45893552853e-05, 0.00204342789948, 0.001411729143, -0.00858940649778, 0.0202205311507, -0.00696313241497, 0.00109612150118, 0.00258338055573], [0.000725419260561, -0.00339096598327, 0.00296337599866, -0.00192356854677, -0.000297191931168, -0.00242642383091, -0.0014836495975, 0.00206350092776, -0.00049543712521, -0.00696313241497, 0.0192756410688, -0.00531506445259, -2.60039314526e-06], [-0.000584513472859, 0.00371600268409, -0.00209550070576, 0.00333574018441, -0.00346676306799, 0.00261589721777, 0.00106304395013, -0.00422921264544, 0.00201308191754, 0.00109612150118, -0.00531506445259, 0.0221844166517, -0.00644725142047], [0.000540645851288, -0.00186197005678, 0.00148080848157, -0.00144594570156, 0.000927571614739, -0.000598990940489, -0.000772328174207, -0.00075032771565, -0.000882042048033, 0.00258338055573, -2.60039314526e-06, -0.00644725142047, 0.0174587089568]]
    },
    "melbands": {
        "dmean": [0.00255807163194, 0.00204431405291, 0.00119576940779, 0.000903788721189, 0.000346878077835, 0.000265023962129, 0.000280744483462, 0.000144734411151, 0.000165979596204, 0.000113075897389, 0.000107304455014, 4.80348826386e-05, 5.61725028092e-05, 4.79817390442e-05, 2.54364276771e-05, 2.41996440309e-05, 2.90841362585e-05, 2.04473144549e-05, 1.60822728503e-05, 9.01607563719e-06, 9.31891190703e-06, 7.18044566383e-06, 6.58173667034e-06, 6.10170627624e-06, 3.75040144718e-06, 3.90949162465e-06, 3.03929709844e-06, 3.22606956615e-06, 2.25515259444e-06, 1.1504498616e-06, 1.3589711898e-06, 1.33594289764e-06, 9.43007137266e-07, 8.63027821651e-07, 6.96717052051e-07, 8.34572290387e-07, 7.19143883998e-07, 4.83912060645e-07, 5.21088452388e-07, 5.46485921404e-07],
        "dmean2": [0.00402970891446, 0.0032169490587, 0.00199788878672, 0.00150995410513, 0.0005304836086, 0.000380417564884, 0.000440724135842, 0.000233886748902, 0.000260621338384, 0.000176877350896, 0.000159096132847, 7.26523139747e-05, 8.15822568256e-05, 7.64383876231e-05, 3.9963528252e-05, 3.72141294065e-05, 4.54695655208e-05, 3.16259793181e-05, 2.3450324079e-05, 1.43131028381e-05, 1.40583824759e-05, 1.13169171527e-05, 1.05043327494e-05, 9.83395966614e-06, 6.10063307249e-06, 6.22444758847e-06, 4.99019415656e-06, 5.19998320669e-06, 3.72448835151e-06, 1.81887344297e-06, 2.17286083171e-06, 2.13701059693e-06, 1.48822232404e-06, 1.45285639519e-06, 1.14325791856e-06, 1.32711090828e-06, 1.18418006423e-06, 7.97491964022e-07, 8.77898855833e-07, 9.33919750423e-07],
        "dvar": [3.98586780648e-05, 1.90522787307e-05, 3.58215493179e-06, 3.19150922223e-06, 2.22063945898e-07, 2.28218610232e-07, 2.0420752378e-07, 4.67758880518e-08, 8.17123364527e-08, 3.19778159508e-08, 9.02947263626e-08, 1.16406049244e-08, 2.91531900842e-08, 4.44473222672e-08, 7.80043762916e-09, 2.08039252492e-09, 3.1815503565e-09, 4.53397230871e-09, 2.35269115301e-09, 3.2057156929e-10, 4.19460272072e-10, 1.89995227884e-10, 1.63736441072e-10, 1.26884933116e-10, 6.03737893012e-11, 7.97023350096e-11, 5.73964833994e-11, 8.57936222065e-11, 4.27588242591e-11, 6.9882060208e-12, 1.18928755732e-11, 9.51776071151e-12, 5.47427337835e-12, 4.95867322897e-12, 3.00729124762e-12, 5.26212493718e-12, 3.45554834746e-12, 1.2410747343e-12, 1.85930676237e-12, 2.2034318814e-12],
        "dvar2": [8.85453191586e-05, 4.57273490611e-05, 9.4619608717e-06, 8.25305596663e-06, 4.55703059288e-07, 4.04403579068e-07, 4.71430411153e-07, 1.18266015647e-07, 1.83263793474e-07, 7.64614043192e-08, 1.44348149433e-07, 2.08439949745e-08, 5.04628872022e-08, 1.12069152181e-07, 1.89464248734e-08, 4.79341011328e-09, 6.96027058211e-09, 8.76330652488e-09, 4.28322710633e-09, 7.29186711013e-10, 7.25514204269e-10, 4.23859169985e-10, 3.75055125845e-10, 3.1053407068e-10, 1.58195748168e-10, 1.88591892103e-10, 1.49896053903e-10, 2.07895173299e-10, 1.14656464878e-10, 1.66843951849e-11, 2.95094400304e-11, 2.37348717069e-11, 1.34997672763e-11, 1.33362427004e-11, 7.75143317588e-12, 1.28666495861e-11, 9.02284063437e-12, 3.10570492934e-12, 4.73639356902e-12, 5.84558313213e-12],
        "max": [0.0530782863498, 0.0484361611307, 0.0184455830604, 0.0239024013281, 0.00523800961673, 0.00652679009363, 0.00648777931929, 0.00312368851155, 0.00423975242302, 0.00241118436679, 0.00701542384923, 0.00207889336161, 0.00639247940853, 0.00452739838511, 0.00190269772429, 0.000687234278303, 0.00129857880529, 0.00157505308744, 0.000971034751274, 0.000232578982832, 0.000441525247879, 0.000253401405644, 0.000159584291396, 0.000118529831525, 8.04624214652e-05, 0.000165646735695, 8.73209937708e-05, 0.000157851973199, 7.2620161518e-05, 2.38587454078e-05, 5.07021650265e-05, 2.80934600596e-05, 3.63671788364e-05, 2.14534557017e-05, 1.47784694491e-05, 4.16723305534e-05, 2.93490338663e-05, 1.36255885081e-05, 1.53093133122e-05, 1.67902417161e-05],
        "mean": [0.003195050871, 0.00350005668588, 0.00185720913578, 0.00152815587353, 0.00111586099956, 0.000699868251104, 0.000456490903161, 0.000261964189121, 0.00034698745003, 0.000213411418372, 0.000196221051738, 9.00931991055e-05, 0.000134205634822, 8.43096640892e-05, 4.6791476052e-05, 4.11280016124e-05, 4.59808834421e-05, 3.25833025272e-05, 2.64120026259e-05, 1.2831850654e-05, 1.37259057738e-05, 1.02375470306e-05, 8.73308272276e-06, 7.71311533754e-06, 4.50422430731e-06, 4.9179875532e-06, 3.46948536389e-06, 3.78131244361e-06, 2.35097513723e-06, 1.37565791647e-06, 1.62967137385e-06, 1.47375976667e-06, 1.0448654848e-06, 8.50605260894e-07, 7.48850993659e-07, 8.96442827525e-07, 7.19564297924e-07, 4.78495906009e-07, 4.54062160316e-07, 4.44129398147e-07],
        "median": [0.000564814137761, 0.00157582340762, 0.000971188594121, 0.000580859661568, 0.000781224807724, 0.000279685104033, 0.000240099834627, 0.000188588775927, 0.000206028678804, 0.000131734093884, 6.68737120577e-05, 3.55408810719e-05, 1.9907425667e-05, 1.65018536791e-05, 1.63098957273e-05, 1.77211350092e-05, 1.94088352146e-05, 8.74962006492e-06, 7.96616313892e-06, 5.18333354194e-06, 5.27958536622e-06, 3.38400332112e-06, 2.68558778771e-06, 2.94333176498e-06, 1.53643225076e-06, 1.24241444155e-06, 8.68011852617e-07, 5.90907632159e-07, 4.64918059606e-07, 3.48513196968e-07, 3.12595318519e-07, 2.78758705008e-07, 2.26280150173e-07, 1.82944035032e-07, 1.65063227087e-07, 1.70468680949e-07, 1.57977339654e-07, 1.16736877942e-07, 6.91827253263e-08, 6.025988597e-08],
        "min": [7.83443402954e-24, 1.07890415526e-23, 1.40005771281e-23, 5.31073033751e-24, 8.59009809015e-24, 1.71461268555e-23, 2.0414342876e-23, 2.36068471822e-23, 7.48306197172e-24, 1.97604292504e-24, 3.03862811196e-24, 8.78954500396e-24, 7.63796112135e-24, 5.11273453334e-24, 1.63661516795e-23, 9.75233790587e-24, 1.01629123969e-23, 8.41252865583e-24, 9.2027385132e-24, 7.99590281279e-24, 8.68398910395e-24, 1.14501677334e-23, 1.46848492768e-23, 1.56167306641e-23, 1.1090649109e-23, 1.08542795606e-23, 1.34912490847e-23, 1.29425687149e-23, 6.56646673658e-24, 9.3182948029e-24, 1.18547074385e-23, 7.58687448913e-24, 6.81188806951e-24, 6.94865130692e-24, 9.31380539549e-24, 8.62659237335e-24, 1.04681155814e-23, 1.38688436678e-23, 9.33581461474e-24, 1.14602714639e-23],
        "var": [4.8481477279e-05, 2.77910203295e-05, 6.32158025837e-06, 5.89219780522e-06, 1.13056853479e-06, 1.0660787666e-06, 3.72265873239e-07, 8.33864106653e-08, 1.91735509247e-07, 5.84423993644e-08, 2.36688265431e-07, 3.35064562762e-08, 1.71971549889e-07, 7.58762581654e-08, 1.50950523192e-08, 4.74216177437e-09, 6.81304967998e-09, 1.07921014347e-08, 5.87108717198e-09, 5.25472498847e-10, 9.28734089634e-10, 4.1063008549e-10, 2.4868171411e-10, 1.52363135997e-10, 6.32802629741e-11, 1.07798908688e-10, 5.80845441189e-11, 1.14287149189e-10, 3.51255205477e-11, 8.34301117775e-12, 1.50611814687e-11, 1.04155191416e-11, 5.73205935842e-12, 4.25897164757e-12, 2.92324628046e-12, 5.35330503884e-12, 2.94452938594e-12, 1.16934847222e-12, 1.60361513565e-12, 1.6755187732e-12]
    },
    "mfcc": {
        "mean": [-683.858825684, 152.467544556, 11.7363653183, 14.1526374817, 2.59846568108, -0.775211930275, -5.86802625656, -0.122504271567, -3.66485333443, 2.60567569733, -0.489851921797, -1.18570780754, -6.67503786087],
        "cov": [[16097.4814453, 1649.28759766, -659.31829834, 299.665405273, 162.862640381, 232.797485352, 110.402732849, 185.780517578, -17.1392707825, 33.2123413086, -104.371307373, -60.4359588623, -140.776077271], [1649.28759766, 2370.32788086, 329.440856934, 170.706161499, 178.840545654, 44.7229156494, 52.2577667236, 123.647422791, 27.2476825714, 95.6993255615, 97.2368774414, 82.7856750488, -1.91047334671], [-659.31829834, 329.440856934, 517.450012207, 143.67880249, 103.392677307, 58.9079666138, 61.7089920044, 57.8121490479, 97.3236694336, 67.9299163818, 76.2176895142, 65.5363388062, 51.6943473816], [299.665405273, 170.706161499, 143.67880249, 214.415008545, 91.4885253906, 75.3201751709, 55.0817108154, 74.4850006104, 76.4865112305, 59.7322921753, 30.2073535919, 42.2200279236, 35.2243537903], [162.862640381, 178.840545654, 103.392677307, 91.4885253906, 180.97038269, 80.4338226318, 81.9928283691, 67.2386627197, 64.0843353271, 46.557472229, 41.3944320679, 43.7293624878, 41.315372467], [232.797485352, 44.7229156494, 58.9079666138, 75.3201751709, 80.4338226318, 140.100463867, 81.6232833862, 53.251121521, 50.5789909363, 45.119720459, 35.9476623535, 42.8455848694, 25.4106864929], [110.402732849, 52.2577667236, 61.7089920044, 55.0817108154, 81.9928283691, 81.6232833862, 141.433532715, 81.0624847412, 55.9465026855, 45.9095077515, 35.5323066711, 25.4829063416, 26.142332077], [185.780517578, 123.647422791, 57.8121490479, 74.4850006104, 67.2386627197, 53.251121521, 81.0624847412, 141.984375, 74.7382202148, 28.3254642487, 21.4095630646, 16.5921001434, 10.976931572], [-17.1392707825, 27.2476825714, 97.3236694336, 76.4865112305, 64.0843353271, 50.5789909363, 55.9465026855, 74.7382202148, 136.968780518, 42.2905387878, 7.06199598312, 23.3726100922, 40.4755439758], [33.2123413086, 95.6993255615, 67.9299163818, 59.7322921753, 46.557472229, 45.119720459, 45.9095077515, 28.3254642487, 42.2905387878, 94.6413269043, 37.773399353, 24.6978778839, 23.1787776947], [-104.371307373, 97.2368774414, 76.2176895142, 30.2073535919, 41.3944320679, 35.9476623535, 35.5323066711, 21.4095630646, 7.06199598312, 37.773399353, 105.062522888, 29.9724884033, 4.99883079529], [-60.4359588623, 82.7856750488, 65.5363388062, 42.2200279236, 43.7293624878, 42.8455848694, 25.4829063416, 16.5921001434, 23.3726100922, 24.6978778839, 29.9724884033, 95.239112854, 52.3524856567], [-140.776077271, -1.91047334671, 51.6943473816, 35.2243537903, 41.315372467, 25.4106864929, 26.142332077, 10.976931572, 40.4755439758, 23.1787776947, 4.99883079529, 52.3524856567, 108.924125671]],
