{
"lowlevel": {
    "average_loudness": 0.932697534561,
    "barkbands_crest": {
        "dmean": 2.77989077568,
        "dmean2": 4.33473110199,
        "dvar": 6.04753017426,
        "dvar2": 13.9378919601,
        "max": 26.1782588959,
        "mean": 10.242934227,
        "median": 9.49194049835,
        "min": 2.43078398705,
        "var": 18.7045841217
    },
    "barkbands_flatness_db": {
        "dmean": 0.0231753494591,
        "dmean2": 0.0332311503589,
        "dvar": 0.000412541790865,
        "dvar2": 0.000838827516418,
        "max": 0.409715920687,
        "mean": 0.162329956889,
        "median": 0.157821699977,
        "min": 0.0532745569944,
        "var": 0.00345302675851
    },
    "barkbands_kurtosis": {
        "dmean": 2.49479961395,
        "dmean2": 3.87102508545,
        "dvar": 29.8543186188,
        "dvar2": 75.5499954224,
        "max": 138.974212646,
        "mean": 3.26037979126,
        "median": 1.3820810318,
        "min": -1.6781116724,
        "var": 53.7500572205
    },
    "barkbands_skewness": {
        "dmean": 0.504384875298,
        "dmean2": 0.76780551672,
        "dvar": 0.284566015005,
        "dvar2": 0.635590910912,
        "max": 7.2359919548,
        "mean": 1.19539678097,
        "median": 1.04424631596,
        "min": -1.8582110405,
        "var": 1.01767075062
    },
    "barkbands_spread": {
        "dmean": 4.86371517181,
        "dmean2": 6.82879018784,
        "dvar": 23.2291259766,
        "dvar2": 44.1817169189,
        "max": 75.4111328125,
        "mean": 18.4036960602,
        "median": 15.3367700577,
        "min": 0.321596115828,
        "var": 130.597869873
    },
    "dissonance": {
        "dmean": 0.0258401446044,
        "dmean2": 0.043676353991,
        "dvar": 0.000626222463325,
        "dvar2": 0.00170954514761,
        "max": 0.5,
        "mean": 0.45407178998,
        "median": 0.464071333408,
        "min": 0.254387557507,
        "var": 0.00137025606818
    },
    "dynamic_complexity": 2.68668413162,
    "erbbands_crest": {
        "dmean": 3.36229228973,
        "dmean2": 5.05687665939,
        "dvar": 9.50157928467,
        "dvar2": 19.3680152893,
        "max": 31.6324558258,
        "mean": 11.9223470688,
        "median": 10.6947135925,
        "min": 2.39168643951,
        "var": 36.7358627319
    },
    "erbbands_flatness_db": {
        "dmean": 0.021807404235,
        "dmean2": 0.0291652902961,
        "dvar": 0.000439349649241,
        "dvar2": 0.000732516287826,
        "max": 0.440922915936,
        "mean": 0.19687011838,
        "median": 0.188791021705,
        "min": 0.0834721401334,
        "var": 0.00391536252573
    },
    "erbbands_kurtosis": {
        "dmean": 1.45924210548,
        "dmean2": 2.16700005531,
        "dvar": 5.83823776245,
        "dvar2": 13.7846488953,
        "max": 53.3703765869,
        "mean": 1.3967872858,
        "median": 0.390718698502,
        "min": -1.63880622387,
        "var": 11.6749830246
    },
    "erbbands_skewness": {
        "dmean": 0.423592597246,
        "dmean2": 0.624087750912,
        "dvar": 0.149003192782,
        "dvar2": 0.325964897871,
        "max": 5.5127196312,
        "mean": 0.542487919331,
        "median": 0.494986861944,
        "min": -1.90013313293,
        "var": 0.627026200294
    },
    "erbbands_spread": {
        "dmean": 7.13766098022,
        "dmean2": 10.2253608704,
        "dvar": 44.2925109863,
        "dvar2": 88.2550430298,
        "max": 100.652458191,
        "mean": 29.7952899933,
        "median": 27.5634155273,
        "min": 1.26004135609,
        "var": 252.397994995
    },
    "hfc": {
        "dmean": 7.37266349792,
        "dmean2": 9.63448429108,
        "dvar": 76.4538116455,
        "dvar2": 140.400558472,
        "max": 125.289131165,
        "mean": 20.2128162384,
        "median": 14.0560350418,
        "min": 1.15620936977e-16,
        "var": 344.022247314
    },
    "melbands_crest": {
        "dmean": 3.51527094841,
        "dmean2": 5.54579591751,
        "dvar": 9.07904815674,
        "dvar2": 20.4635410309,
        "max": 33.2279510498,
        "mean": 13.910159111,
        "median": 13.1326065063,
        "min": 2.26076388359,
        "var": 27.6842002869
    },
    "melbands_flatness_db": {
        "dmean": 0.0267507359385,
        "dmean2": 0.0364466495812,
        "dvar": 0.000569125055335,
        "dvar2": 0.00110087939538,
        "max": 0.482231080532,
        "mean": 0.195502102375,
        "median": 0.194430217147,
        "min": 0.00748599832878,
        "var": 0.00567665649578
    },
    "melbands_kurtosis": {
        "dmean": 4.20807790756,
        "dmean2": 6.61056947708,
        "dvar": 60.8486595154,
        "dvar2": 133.281997681,
        "max": 187.755386353,
        "mean": 7.13282680511,
        "median": 3.76348781586,
        "min": -1.57826054096,
        "var": 164.285934448
    },
    "melbands_skewness": {
        "dmean": 0.645629048347,
        "dmean2": 0.971303761005,
        "dvar": 0.433957010508,
        "dvar2": 0.881151974201,
        "max": 9.82696151733,
        "mean": 1.73137807846,
        "median": 1.53984296322,
        "min": -1.28129351139,
        "var": 1.91320562363
    },
    "melbands_spread": {
        "dmean": 6.97155427933,
        "dmean2": 10.3497867584,
        "dvar": 66.1005859375,
        "dvar2": 138.785629272,
        "max": 138.674087524,
        "mean": 24.3083534241,
        "median": 20.9551258087,
        "min": 0.662777841091,
        "var": 264.732421875
    },
    "pitch_salience": {
        "dmean": 0.0719411596656,
        "dmean2": 0.113450720906,
        "dvar": 0.00386189599521,
        "dvar2": 0.00912206433713,
        "max": 0.827443540096,
        "mean": 0.524263679981,
        "median": 0.527711331844,
        "min": 0.118027329445,
        "var": 0.0127239106223
    },
    "silence_rate_20dB": {
        "dmean": 0,
        "dmean2": 0,
        "dvar": 0,
        "dvar2": 0,
        "max": 1,
        "mean": 1,
        "median": 1,
        "min": 1,
        "var": 0
    },
    "silence_rate_30dB": {
        "dmean": 0,
        "dmean2": 0,
        "dvar": 0,
        "dvar2": 0,
        "max": 1,
        "mean": 1,
        "median": 1,
        "min": 1,
        "var": 0
    },
    "silence_rate_60dB": {
        "dmean": 0.0283505152911,
        "dmean2": 0.056730274111,
        "dvar": 0.0275472551584,
        "dvar2": 0.0638275593519,
        "max": 1,
        "mean": 0.0432766601443,
        "median": 0,
        "min": 0,
        "var": 0.0414017364383
    },
    "spectral_centroid": {
        "dmean": 258.479187012,
        "dmean2": 366.214660645,
        "dvar": 124137.234375,
        "dvar2": 194948.96875,
        "max": 11030.234375,
        "mean": 1344.03918457,
        "median": 1221.49658203,
        "min": 209.637939453,
        "var": 489182.71875
    },
    "spectral_complexity": {
        "dmean": 4.41752576828,
        "dmean2": 5.82052612305,
        "dvar": 23.0782394409,
        "dvar2": 32.8868370056,
        "max": 54,
        "mean": 18.4240074158,
        "median": 15,
        "min": 0,
        "var": 115.561210632
    },
    "spectral_decrease": {
        "dmean": 2.27824648036e-09,
        "dmean2": 3.38379724241e-09,
        "dvar": 9.89912929795e-18,
        "dvar2": 2.21485401052e-17,
        "max": 4.97112912228e-30,
        "mean": -5.25892840386e-09,
        "median": -3.84812404164e-09,
        "min": -3.36063799011e-08,
        "var": 1.99878070333e-17
    },
    "spectral_energy": {
        "dmean": 0.00917056296021,
        "dmean2": 0.0135186612606,
        "dvar": 0.000153676868649,
        "dvar2": 0.00034079796751,
        "max": 0.130154684186,
        "mean": 0.0216817483306,
        "median": 0.0162321254611,
        "min": 1.0468400398e-20,
        "var": 0.00032386276871
    },
    "spectral_energyband_high": {
        "dmean": 0.000431449065218,
        "dmean2": 0.000537939195056,
        "dvar": 6.16936233655e-07,
        "dvar2": 1.12836301014e-06,
        "max": 0.0184575729072,
        "mean": 0.000875660509337,
        "median": 0.00025202150573,
        "min": 7.72378523722e-21,
        "var": 2.57924057223e-06
    },
    "spectral_energyband_low": {
        "dmean": 0.00114393094555,
        "dmean2": 0.00183549581561,
        "dvar": 6.14566670265e-06,
        "dvar2": 1.48582212205e-05,
        "max": 0.0284832641482,
        "mean": 0.0018302036915,
        "median": 0.000835865037516,
        "min": 3.56064170931e-23,
        "var": 9.58744112722e-06
    },
    "spectral_energyband_middle_high": {
        "dmean": 0.00310697825626,
        "dmean2": 0.00441835494712,
        "dvar": 2.43488848355e-05,
        "dvar2": 5.22913687746e-05,
        "max": 0.0831717327237,
        "mean": 0.00781887955964,
        "median": 0.00440239068121,
        "min": 1.37929883178e-21,
        "var": 9.14885822567e-05
    },
    "spectral_energyband_middle_low": {
        "dmean": 0.00681417807937,
        "dmean2": 0.0103417029604,
        "dvar": 0.000115640730655,
        "dvar2": 0.000260090862866,
        "max": 0.110441789031,
        "mean": 0.012152235955,
        "median": 0.00728114880621,
        "min": 4.67539254029e-22,
        "var": 0.000188105841517
    },
    "spectral_entropy": {
        "dmean": 0.17066860199,
        "dmean2": 0.229668885469,
        "dvar": 0.0254888609052,
        "dvar2": 0.0438563488424,
        "max": 9.79506587982,
        "mean": 7.39366388321,
        "median": 7.43701219559,
        "min": 5.27693367004,
        "var": 0.284201353788
    },
    "spectral_flux": {
        "dmean": 0.0261793509126,
        "dmean2": 0.0398033708334,
        "dvar": 0.000853916979395,
        "dvar2": 0.00181174091995,
        "max": 0.31772378087,
        "mean": 0.0759349688888,
        "median": 0.0653289556503,
        "min": 1.02315197981e-10,
        "var": 0.00194168742746
    },
    "spectral_kurtosis": {
        "dmean": 2.24758219719,
        "dmean2": 3.74746370316,
        "dvar": 8.37196063995,
        "dvar2": 24.1783599854,
        "max": 34.4441146851,
        "mean": 5.22498989105,
        "median": 4.03195810318,
        "min": -1.1800301075,
        "var": 18.0212574005
    },
    "spectral_rms": {
        "dmean": 0.00091396458447,
        "dmean2": 0.00128144130576,
        "dvar": 1.00440786355e-06,
        "dvar2": 1.97904250854e-06,
        "max": 0.0112685486674,
        "mean": 0.00423185434192,
        "median": 0.00397947477177,
        "min": 3.19578998681e-12,
        "var": 3.24433926835e-06
    },
    "spectral_rolloff": {
        "dmean": 457.869659424,
        "dmean2": 709.674560547,
        "dvar": 553208.1875,
        "dvar2": 894695.25,
        "max": 18949.21875,
        "mean": 1601.75378418,
        "median": 1184.32617188,
        "min": 193.798828125,
        "var": 1509516.75
    },
    "spectral_skewness": {
        "dmean": 0.274796754122,
        "dmean2": 0.427562266588,
        "dvar": 0.0727982670069,
        "dvar2": 0.179467812181,
        "max": 4.26394033432,
        "mean": 1.51324343681,
        "median": 1.4504956007,
        "min": -0.108996346593,
        "var": 0.316041111946
    },
    "spectral_spread": {
        "dmean": 438610.4375,
        "dmean2": 579427.0625,
        "dvar": 505943228416,
        "dvar2": 445963042816,
        "max": 39057424,
        "mean": 3817498.5,
        "median": 3739512.25,
        "min": 1377382.875,
        "var": 2.12457567027e+12
    },
    "spectral_strongpeak": {
        "dmean": 0.793353140354,
        "dmean2": 1.25705945492,
        "dvar": 1.268435359,
        "dvar2": 2.62141036987,
        "max": 12.6791200638,
        "mean": 1.60643327236,
        "median": 0.855678498745,
        "min": 0,
        "var": 3.25220131874
    },
    "zerocrossingrate": {
        "dmean": 0.0104102063924,
        "dmean2": 0.0115026878193,
        "dvar": 0.000216640415601,
        "dvar2": 0.000237641783315,
        "max": 0.48779296875,
        "mean": 0.063478320837,
        "median": 0.0546875,
        "min": 0.0078125,
        "var": 0.00112315325532
    },
    "barkbands": {
        "dmean": [2.48109699896e-05, 6.80465891492e-05, 0.000538894208148, 0.00172808382194, 0.00293970713392, 0.000734512170311, 0.000494929787237, 0.00151069497224, 0.00112694466952, 0.00167208968196, 0.000510174955707, 0.00124177883845, 0.000158128124895, 0.000225663228775, 0.000274062942481, 0.000183379364898, 0.000128564643092, 0.000118669137009, 0.000150146748638, 0.000180335860932, 0.000184694959898, 7.85424272181e-05, 5.32722333446e-05, 3.54835647158e-05, 1.40025958899e-05, 4.20107717218e-05, 1.24827637116e-09],
        "dmean2": [4.15607537434e-05, 0.000119764234114, 0.000875147758052, 0.0026667653583, 0.00489417323843, 0.00117837672587, 0.000785416166764, 0.00225104624406, 0.00182528386358, 0.00247333827429, 0.000787981261965, 0.00189043395221, 0.000234773251577, 0.000353545561666, 0.000410305481637, 0.000282591878204, 0.000198491892661, 0.000182672694791, 0.000231119440286, 0.000268560077529, 0.000271418713965, 0.000102896679891, 7.18128867447e-05, 4.56436064269e-05, 1.97747103812e-05, 5.51203265786e-05, 2.28472951669e-09],
        "dvar": [5.35376631916e-09, 4.46967654e-08, 1.52931409048e-06, 9.43474697124e-06, 4.33664499724e-05, 2.38174516198e-06, 1.00091267541e-06, 2.15004729398e-05, 9.27656674321e-06, 9.7221645774e-06, 4.92533035867e-06, 1.04246146293e-05, 1.17869781491e-07, 2.5478860266e-07, 3.65942440794e-07, 8.90199132186e-08, 8.48225809591e-08, 5.50349774642e-08, 1.06244286258e-07, 1.20967840189e-07, 2.41138678803e-07, 2.8312156175e-08, 1.22482433085e-08, 4.04330924297e-09, 7.71664454557e-10, 1.04325605932e-08, 3.18953300313e-17],
        "dvar2": [1.36981457288e-08, 1.26668467715e-07, 3.8840344132e-06, 2.10425278055e-05, 0.000114285256132, 5.8125256146e-06, 2.43485555984e-06, 4.48865830549e-05, 2.14117771975e-05, 2.21206173592e-05, 9.29170164454e-06, 2.25468320423e-05, 2.38946597619e-07, 6.23994424132e-07, 8.12950588625e-07, 1.99503645604e-07, 2.08641949939e-07, 1.34263956397e-07, 2.68270980541e-07, 2.88567036932e-07, 5.25109726368e-07, 5.51767733725e-08, 2.50279121872e-08, 7.24303284017e-09, 1.44086942377e-09, 1.72136758181e-08, 9.3635879194e-17],
        "max": [0.00149344920646, 0.00282115209848, 0.0247496403754, 0.0370905958116, 0.0844408869743, 0.0206846687943, 0.0120626827702, 0.0923217684031, 0.0633424893022, 0.0404967553914, 0.0703372359276, 0.0729973837733, 0.00690374476835, 0.00923424307257, 0.0123983062804, 0.0063624153845, 0.00799701176584, 0.00374191766605, 0.00713911326602, 0.00619189813733, 0.0133271990344, 0.00470458995551, 0.00309726782143, 0.000897736288607, 0.000578858191147, 0.00288313138299, 1.51864128384e-07],
        "mean": [2.03251420317e-05, 6.88142536092e-05, 0.000895561126526, 0.00269665732048, 0.00407525803894, 0.000874306890182, 0.000659144017845, 0.00201632920653, 0.00155611312948, 0.00305657577701, 0.000663359183818, 0.00208003772423, 0.000232441059779, 0.000318360922392, 0.000420918513555, 0.000313662254484, 0.000219601992285, 0.000206541692023, 0.000269693526207, 0.000324269145494, 0.000332302268362, 0.00015089273802, 9.66275911196e-05, 6.19606216787e-05, 2.1353334887e-05, 5.0658472901e-05, 1.05189179589e-09],
        "median": [2.35269203586e-06, 3.06440670101e-05, 0.000332387251547, 0.00110541307367, 0.00183663528878, 0.000329455971951, 0.000222795584705, 0.000479895214085, 0.000421977776568, 0.00110765930731, 0.000163697404787, 0.000491173937917, 8.03347284091e-05, 0.000125772639876, 0.000200617869268, 0.000185942481039, 0.000103046222648, 6.74079201417e-05, 0.000108822190668, 0.000103328013211, 7.31489344616e-05, 3.04616951325e-05, 2.18352015509e-05, 1.55924535648e-05, 4.54897099189e-06, 5.40444307262e-06, 3.69732522376e-10],
        "min": [4.97297007461e-24, 1.18977263903e-23, 5.93249630351e-24, 1.50128229313e-23, 3.78131418795e-23, 1.10152990086e-22, 7.59807536735e-23, 1.16474555349e-22, 8.46486626368e-23, 4.42449236327e-23, 5.16626111235e-23, 5.24345493845e-23, 4.02167631923e-23, 8.45093750444e-23, 1.00473748821e-22, 1.92243370497e-22, 2.06753299334e-22, 1.6588458678e-22, 2.95965844163e-22, 3.36694164719e-22, 3.64087100907e-22, 6.24397416652e-22, 5.17778258364e-22, 1.07302016483e-21, 1.07643511213e-21, 1.68555245713e-21, 2.38077948565e-21],
        "var": [4.29056790097e-09, 2.83951475666e-08, 3.31173828272e-06, 1.69650993485e-05, 5.03058472532e-05, 2.432145493e-06, 1.34003153107e-06, 3.87547916034e-05, 1.51585782078e-05, 2.45409501076e-05, 9.24450887396e-06, 3.13419950544e-05, 2.31488670011e-07, 3.47881439211e-07, 6.08065704455e-07, 1.76935998297e-07, 1.65388939877e-07, 1.38219832024e-07, 1.98290038611e-07, 2.9286360359e-07, 6.16204147263e-07, 1.08760694673e-07, 3.6423799088e-08, 1.18321290543e-08, 1.74354519711e-09, 1.98059684209e-08, 1.8307555055e-17]
    },
    "erbbands": {
        "dmean": [0.00197234330699, 0.0218779463321, 0.410546571016, 3.01948332787, 10.3959102631, 9.86138153076, 4.16807079315, 7.57516908646, 7.20233345032, 15.7164287567, 28.947183609, 25.923871994, 24.9884815216, 59.5613708496, 29.9406299591, 51.9242210388, 8.45096588135, 10.1426649094, 14.5083990097, 10.1588201523, 9.32131958008, 7.04970121384, 5.59857368469, 5.91371870041, 9.71274471283, 7.92687129974, 9.10045528412, 5.21335029602, 2.73033118248, 2.34088897705, 1.48177623749, 0.891497373581, 0.498041957617, 0.218389809132, 0.0790736675262, 0.0788665562868, 0.100869357586, 0.0174237564206, 0.000282603607047, 1.84665514098e-05],
        "dmean2": [0.00353012350388, 0.037359058857, 0.660083949566, 4.75361537933, 16.2334156036, 16.9962368011, 6.84717464447, 12.0872173309, 11.7143249512, 22.8680343628, 43.9998970032, 41.2992782593, 39.6797676086, 87.6855010986, 43.8884353638, 79.6933441162, 12.7312459946, 15.4972572327, 21.5663452148, 15.7118721008, 14.3796024323, 10.6891794205, 8.73191070557, 8.79311466217, 14.9331445694, 11.6294794083, 13.4037036896, 7.45287275314, 3.54969406128, 3.34191942215, 1.99448466301, 1.16627836227, 0.648336470127, 0.300658047199, 0.1223962605, 0.119730070233, 0.133619487286, 0.0236793253571, 0.000381370977266, 2.49317035923e-05],
        "dvar": [5.74505138502e-05, 0.00309827458113, 0.841233968735, 33.7152900696, 340.647521973, 676.544006348, 53.7857017517, 288.457427979, 192.704116821, 2014.81481934, 5636.07226562, 5857.78027344, 2219.96240234, 14188.0498047, 11772.7773438, 17778.4492188, 255.691589355, 349.401000977, 1007.53485107, 371.986694336, 199.09022522, 308.350524902, 147.363464355, 110.900497437, 520.180419922, 218.902938843, 521.21282959, 159.506835938, 28.7477416992, 43.3107147217, 7.8032040596, 2.67354846001, 0.848034262657, 0.179857492447, 0.032175283879, 0.0388640463352, 0.0661975070834, 0.00208809110336, 5.34069499736e-07, 8.45932768279e-10],
        "dvar2": [0.000162809141329, 0.00861923303455, 2.14698505402, 74.378616333, 817.514892578, 1863.14624023, 133.850234985, 688.238098145, 489.050811768, 4029.03100586, 12305.8320312, 12179.8310547, 5800.85986328, 31406.3964844, 23630.9589844, 39050.6289062, 525.756652832, 787.59954834, 2376.42700195, 919.370727539, 455.898468018, 725.66809082, 382.63494873, 261.364227295, 1360.3067627, 508.509307861, 1181.86169434, 343.049499512, 51.4869499207, 107.255973816, 15.1359138489, 4.8810839653, 1.54765760899, 0.358346939087, 0.0673090815544, 0.0840470343828, 0.120991922915, 0.00347356707789, 8.84608255092e-07, 1.46017753444e-09],
        "max": [0.161081820726, 0.722256839275, 16.2958469391, 62.166343689, 286.533325195, 331.892272949, 63.3873596191, 236.474487305, 136.627456665, 865.492370605, 1395.86279297, 1940.89172363, 644.059387207, 1790.49584961, 3257.84692383, 3409.03051758, 244.007369995, 324.733001709, 485.838439941, 325.283630371, 185.913192749, 540.498168945, 227.990875244, 183.499313354, 570.44934082, 234.794189453, 580.729980469, 278.618011475, 115.61920929, 210.33996582, 50.6380195618, 28.7230567932, 15.4636821747, 8.46377372742, 3.84922814369, 5.09855222702, 7.51447343826, 1.37399852276, 0.022192876786, 0.000749467639253],
        "mean": [0.00173892022576, 0.0306202676147, 0.712963402271, 5.00666046143, 16.8729362488, 10.1950101852, 4.88083839417, 8.45581817627, 9.36071395874, 22.7927417755, 37.9721603394, 38.3714561462, 42.1257591248, 108.21534729, 48.3062896729, 87.8812866211, 15.0457410812, 16.2299480438, 22.0558757782, 17.7571659088, 17.1731586456, 12.2654476166, 9.93344306946, 10.9689178467, 17.822599411, 14.7421274185, 16.3730392456, 9.32425880432, 5.18028402328, 4.28428030014, 2.72313261032, 1.63791382313, 0.795606732368, 0.332899898291, 0.101364985108, 0.0910939350724, 0.119092814624, 0.0202814992517, 0.000340256898198, 3.75855634047e-05],
        "median": [0.000564610701986, 0.0135945575312, 0.273720353842, 2.36436629295, 7.75832796097, 3.81027984619, 2.25792002678, 2.57629776001, 3.7559595108, 5.32236528397, 12.8140296936, 11.8093338013, 22.6738414764, 35.9543991089, 14.3108358383, 21.8854236603, 6.1239118576, 7.65477228165, 9.13438606262, 9.92737960815, 11.7288217545, 5.87829494476, 3.42696809769, 4.3385591507, 6.85465335846, 4.85146617889, 3.58553147316, 2.38256573677, 1.21831119061, 0.78863376379, 0.658246397972, 0.396908313036, 0.199681386352, 0.0721140801907, 0.0177527163178, 0.0109864845872, 0.0121630663052, 0.00178818567656, 4.20425931225e-05, 2.51508899964e-05],
        "min": [4.1967778811e-22, 2.33195098986e-21, 5.69037334318e-21, 4.68445240962e-20, 1.14073208329e-19, 9.36810284179e-20, 4.0931890069e-19, 9.56244259361e-19, 1.32742253409e-18, 1.87517750322e-18, 1.73150615698e-18, 1.45366735617e-18, 2.51052810748e-18, 1.83981118933e-18, 2.09703995801e-18, 1.40210267454e-18, 1.98439077988e-18, 2.92056898175e-18, 4.01484476653e-18, 8.84633351897e-18, 1.13457118522e-17, 1.05272298709e-17, 1.16036623359e-17, 8.70673355571e-18, 1.64676158595e-17, 1.72122802428e-17, 1.68503291678e-17, 1.33981297588e-17, 1.93837319212e-17, 2.38647297724e-17, 1.36111056055e-17, 2.22507713571e-17, 1.61435728176e-17, 1.4228477646e-17, 6.3568648095e-18, 5.47642451884e-18, 3.30943444592e-18, 1.24877978492e-18, 2.95646034853e-19, 3.82966108983e-20],
        "var": [3.49745314452e-05, 0.00277550169267, 1.7003865242, 57.7660179138, 784.627502441, 486.744476318, 54.3835601807, 291.85369873, 225.943695068, 4303.75927734, 8615.14257812, 10522.984375, 3202.70825195, 36022.0898438, 25503.1132812, 54212.6992188, 629.377502441, 613.604614258, 1684.8013916, 658.11730957, 386.778015137, 603.777038574, 312.658233643, 273.809234619, 1040.11572266, 614.318603516, 1357.68835449, 392.073913574, 101.545860291, 112.102958679, 25.5516662598, 8.74012565613, 1.99367952347, 0.380350619555, 0.0550737343729, 0.0561573654413, 0.113614283502, 0.00385858723894, 9.91980755316e-07, 1.81737269678e-09]
    },
    "gfcc": {
        "mean": [-22.8460330963, 94.6520004272, -143.046951294, 14.5436630249, -68.7678985596, -0.233387321234, -29.4630241394, -7.48602962494, -35.5760231018, -15.21048069, -30.8528327942, -11.6358146667, -14.9141578674],
        "cov": [[5607.8203125, -2309.66723633, 406.869842529, -69.6404342651, -321.807250977, 190.8540802, -356.524993896, 215.923828125, -350.034454346, 375.160675049, -314.229919434, 460.536315918, -428.540039062], [-2309.66723633, 2276.13989258, -490.730224609, -96.0104522705, 284.682769775, -263.408599854, 323.327941895, -256.109130859, 231.965866089, -301.322113037, 268.355743408, -429.914916992, 314.136047363], [406.869842529, -490.730224609, 795.608032227, 61.8834114075, 2.21359872818, 108.781044006, -195.381652832, 85.9881896973, -65.8115539551, 77.7595825195, -196.200973511, 112.615951538, -154.288146973], [-69.6404342651, -96.0104522705, 61.8834114075, 329.532653809, 3.23419523239, 3.20736837387, -32.1959342957, -25.4921379089, 16.1789188385, -35.8841934204, -11.063035965, -1.79445564747, -4.5479092598], [-321.807250977, 284.682769775, 2.21359872818, 3.23419523239, 216.345733643, 30.7305469513, 49.5102958679, -54.2354354858, -12.7308206558, -68.9389953613, -9.4937620163, -44.8386802673, 23.5540618896], [190.8540802, -263.408599854, 108.781044006, 3.20736837387, 30.7305469513, 201.921615601, -3.09334516525, 1.32680785656, -76.8812332153, 2.12611579895, -51.532409668, 49.7455253601, -27.3412952423], [-356.524993896, 323.327941895, -195.381652832, -32.1959342957, 49.5102958679, -3.09334516525, 191.867980957, -29.9987201691, 2.31098842621, -54.6171073914, 66.6934661865, -78.5020523071, 63.5230674744], [215.923828125, -256.109130859, 85.9881896973, -25.4921379089, -54.2354354858, 1.32680785656, -29.9987201691, 140.153182983, 8.63221645355, 43.7372245789, -53.1259689331, 42.0259971619, -40.2406196594], [-350.034454346, 231.965866089, -65.8115539551, 16.1789188385, -12.7308206558, -76.8812332153, 2.31098842621, 8.63221645355, 138.775878906, -13.1963472366, 22.176279068, -55.9300575256, 31.5062427521], [375.160675049, -301.322113037, 77.7595825195, -35.8841934204, -68.9389953613, 2.12611579895, -54.6171073914, 43.7372245789, -13.1963472366, 138.074996948, -2.36245465279, 48.2272758484, -56.1957473755], [-314.229919434, 268.355743408, -196.200973511, -11.063035965, -9.4937620163, -51.532409668, 66.6934661865, -53.1259689331, 22.176279068, -2.36245465279, 146.30632019, -35.5308570862, 54.2487640381], [460.536315918, -429.914916992, 112.615951538, -1.79445564747, -44.8386802673, 49.7455253601, -78.5020523071, 42.0259971619, -55.9300575256, 48.2272758484, -35.5308570862, 165.42477417, -52.5612106323], [-428.540039062, 314.136047363, -154.288146973, -4.5479092598, 23.5540618896, -27.3412952423, 63.5230674744, -40.2406196594, 31.5062427521, -56.1957473755, 54.2487640381, -52.5612106323, 128.666946411]],
        "icov": [[0.000387387175579, 0.00010399556777, 0.000273719342658, 2.95205973089e-05, 0.00022891536355, 0.000160192605108, 9.74988870439e-05, 0.000170819897903, 0.000617214012891, -0.000460925977677, 0.000707403582055, -0.000294353434583, 0.000592079013586], [0.00010399556777, 0.00338151911274, -0.00124613661319, 0.00167449202854, -0.00196782080457, 0.00215460732579, -0.00101730006281, 0.00193433382083, -0.00227973377332, 0.00368312117644, -0.00357465539128, 0.00391545100138, -0.00214581633918], [0.000273719342658, -0.00124613661319, 0.00319212675095, -0.000986751285382, 0.000415326096117, -0.00119956594426, 0.00186121871229, -0.00093155389186, 0.00172246340662, -0.00247446540743, 0.00390833616257, -0.00169744482264, 0.00236202008091], [2.95205973089e-05, 0.00167449202854, -0.000986751285382, 0.00421617738903, -0.000626015360467, 0.000884028500877, 8.1094673078e-05, 0.00166268041357, -0.00176414195448, 0.00323050678708, -0.00211906526238, 0.00194887141697, -0.000709205050953], [0.00022891536355, -0.00196782080457, 0.000415326096117, -0.000626015360467, 0.00782193895429, -0.00179592415225, -0.000549556512851, 0.00102703273296, 0.00205663824454, -0.00026344973594, 0.00364736793563, -0.00172374991234, 0.00196105567738], [0.000160192605108, 0.00215460732579, -0.00119956594426, 0.000884028500877, -0.00179592415225, 0.008619424887, -0.00212407065555, 0.00198484328575, 0.00152402720414, 0.00190277199727, 2.76511236734e-05, 0.000878966238815, -0.00149900198448], [9.74988870439e-05, -0.00101730006281, 0.00186121871229, 8.1094673078e-05, -0.000549556512851, -0.00212407065555, 0.0104844775051, -0.00293744308874, 0.00294541195035, 0.000723146775272, -0.00189357576892, 0.00239891372621, -2.95552272291e-05], [0.000170819897903, 0.00193433382083, -0.00093155389186, 0.00166268041357, 0.00102703273296, 0.00198484328575, -0.00293744308874, 0.0123921660706, -0.00349203799851, -0.000157449932885, 0.00282686320134, -0.000233205078985, -0.000153139728354], [0.000617214012891, -0.00227973377332, 0.00172246340662, -0.00176414195448, 0.00205663824454, 0.00152402720414, 0.00294541195035, -0.00349203799851, 0.0138124991208, -0.00307903974317, 0.00327050127089, 0.00012835166126, 0.000972278416157], [-0.000460925977677, 0.00368312117644, -0.00247446540743, 0.00323050678708, -0.00026344973594, 0.00190277199727, 0.000723146775272, -0.000157449932885, -0.00307903974317, 0.0171129051596, -0.00889326445758, 0.00453120144084, 0.000494591891766], [0.000707403582055, -0.00357465539128, 0.00390833616257, -0.00211906526238, 0.00364736793563, 2.76511236734e-05, -0.00189357576892, 0.00282686320134, 0.00327050127089, -0.00889326445758, 0.0194454751909, -0.00625535845757, 0.00141334335785], [-0.000294353434583, 0.00391545100138, -0.00169744482264, 0.00194887141697, -0.00172374991234, 0.000878966238815, 0.00239891372621, -0.000233205078985, 0.00012835166126, 0.00453120144084, -0.00625535845757, 0.0152895925567, -0.0024304674007], [0.000592079013586, -0.00214581633918, 0.00236202008091, -0.000709205050953, 0.00196105567738, -0.00149900198448, -2.95552272291e-05, -0.000153139728354, 0.000972278416157, 0.000494591891766, 0.00141334335785, -0.0024304674007, 0.0154685750604]]
    },
    "melbands": {
        "dmean": [1.81819796126e-05, 0.000150404230226, 0.000737226393539, 0.000764155061916, 0.000187857673154, 0.000159469491336, 0.000107341853436, 0.000230531353736, 0.00021773831395, 0.000174125554622, 0.000133008055855, 0.000260554661509, 7.89099503891e-05, 0.000155525674927, 5.71792043047e-05, 1.7986218154e-05, 1.99111545953e-05, 2.33279552049e-05, 1.96634937311e-05, 1.31799315568e-05, 1.11059516712e-05, 8.80099651113e-06, 4.83925305161e-06, 6.03396438237e-06, 4.96608799949e-06, 6.14392729403e-06, 7.75507669459e-06, 5.29469980393e-06, 6.19011643721e-06, 4.84145266455e-06, 2.80322933577e-06, 1.66531867762e-06, 1.66844847627e-06, 1.19282526612e-06, 9.80612298918e-07, 6.56381985209e-07, 5.27548252194e-07, 3.86582627243e-07, 2.69919411267e-07, 1.67296576592e-07],
        "dmean2": [3.20843973896e-05, 0.000245475122938, 0.00114281731658, 0.00126883212943, 0.000312406889861, 0.000254440587014, 0.000172911415575, 0.000334513053531, 0.000332159659592, 0.00027995815617, 0.000212882237975, 0.000384090730222, 0.000119201475172, 0.000234361257753, 8.93585165613e-05, 2.66484421445e-05, 3.09386850859e-05, 3.47543864336e-05, 3.0472610888e-05, 2.05201868084e-05, 1.72034178831e-05, 1.36121061587e-05, 7.74684576754e-06, 9.43344275584e-06, 7.5850725807e-06, 9.51417951001e-06, 1.198213522e-05, 7.93880826677e-06, 9.26601387619e-06, 7.45066517993e-06, 3.99090004066e-06, 2.28560634241e-06, 2.4633711746e-06, 1.71530109583e-06, 1.3883208112e-06, 8.70338510595e-07, 7.14455836714e-07, 5.32332819603e-07, 3.67054781236e-07, 2.44182359666e-07],
        "dvar": [3.76806408298e-09, 1.16069081457e-07, 1.66485779118e-06, 3.19606192534e-06, 1.24338782825e-07, 1.20170696505e-07, 4.20538412982e-08, 5.36871255008e-07, 2.82259634332e-07, 2.7084672638e-07, 6.42329140987e-08, 2.68238665058e-07, 1.13672825819e-07, 1.84202150422e-07, 1.61484603467e-08, 1.8022475734e-09, 1.44442457994e-09, 2.91476642822e-09, 2.07840278321e-09, 6.37803310166e-10, 2.99318014818e-10, 5.58347923452e-10, 1.19325896386e-10, 1.52488369154e-10, 8.67937458016e-11, 1.36510525106e-10, 4.02480021533e-10, 1.05476967438e-10, 1.66178390493e-10, 3.45517947586e-10, 6.09290742859e-11, 1.25790792713e-11, 2.33938042549e-11, 1.14474879229e-11, 3.61342292893e-12, 1.54291423388e-12, 9.26059250984e-13, 5.16146587276e-13, 2.84188877943e-13, 1.1671796884e-13],
        "dvar2": [1.0613097956e-08, 2.9970902915e-07, 3.63219805877e-06, 8.47773480928e-06, 3.11306138201e-07, 2.88509028223e-07, 1.04316100646e-07, 1.09954987693e-06, 6.36344225313e-07, 5.84886151955e-07, 1.70106815744e-07, 5.95003257331e-07, 2.14560728296e-07, 3.85911931744e-07, 3.90290750829e-08, 3.55725426893e-09, 3.27592242222e-09, 7.31146165833e-09, 4.75122519106e-09, 1.43683887011e-09, 6.93213375591e-10, 1.44432366067e-09, 3.19184206843e-10, 3.75699110711e-10, 2.0965765235e-10, 3.31784488772e-10, 1.05631470237e-09, 2.51442616728e-10, 3.89840465465e-10, 7.5351835882e-10, 1.3610605698e-10, 2.65670662553e-11, 5.84872567044e-11, 2.83415634711e-11, 7.84855080233e-12, 2.9165806055e-12, 1.75190547833e-12, 1.00815731631e-12, 5.35805720538e-13, 2.60808247828e-13],
        "max": [0.00107812625356, 0.00634412234649, 0.0170183777809, 0.0232965964824, 0.00327586033382, 0.00479095429182, 0.00195305503439, 0.0143812606111, 0.00915089249611, 0.0125439781696, 0.00340123404749, 0.00743405194953, 0.0107961390167, 0.0096223494038, 0.0026951089967, 0.000915916345548, 0.000692345958669, 0.000788844597992, 0.000977995339781, 0.000648135959636, 0.000264826463535, 0.000714744906873, 0.00019005285867, 0.000199812551728, 0.000155373316375, 0.000222471891902, 0.000470701721497, 0.000180679911864, 0.000206602446269, 0.00054501084378, 0.000243362577748, 6.89931621309e-05, 0.00014120391279, 0.000119517957501, 3.0090312066e-05, 1.8944412659e-05, 1.55703110067e-05, 9.68360564002e-06, 1.01891882878e-05, 7.12438395567e-06],
        "mean": [1.68172173289e-05, 0.000251739722444, 0.00130361772608, 0.00104424811434, 0.000205081450986, 0.000184675722267, 0.000141938129673, 0.000318281527143, 0.000277960643871, 0.000252708909102, 0.000215478503378, 0.000466051016701, 0.000113976391731, 0.000264283735305, 8.97495847312e-05, 2.64601803792e-05, 2.99345974781e-05, 3.33320422214e-05, 3.04867571685e-05, 2.17323849938e-05, 1.953818537e-05, 1.39950752782e-05, 7.68548852648e-06, 1.02377662188e-05, 8.31141096569e-06, 1.08168842416e-05, 1.36381004268e-05, 8.88083286554e-06, 1.05328481368e-05, 8.51185814099e-06, 4.53898564956e-06, 2.88024330075e-06, 2.82601763502e-06, 2.11028122976e-06, 1.69681766238e-06, 1.16174896903e-06, 9.1620574949e-07, 5.91256082316e-07, 4.00274814183e-07, 2.3638048674e-07],
        "median": [6.65634979669e-06, 9.27162109292e-05, 0.000632132287137, 0.000465813500341, 8.34947350086e-05, 5.9499136114e-05, 5.45342772966e-05, 6.52982780593e-05, 9.4420145615e-05, 6.34198804619e-05, 0.000113741916721, 0.000144791891216, 3.12396732625e-05, 5.88874645473e-05, 2.84153029497e-05, 8.86071666173e-06, 1.29242644107e-05, 1.23098889162e-05, 1.53684686666e-05, 1.08231824925e-05, 1.27221019284e-05, 6.04077968092e-06, 2.83255258182e-06, 3.19034984386e-06, 3.01398631564e-06, 4.47342790721e-06, 4.42878581453e-06, 2.72959800895e-06, 2.42647047344e-06, 1.49569973473e-06, 1.15643661047e-06, 6.53328754652e-07, 4.68777386686e-07, 3.94010641003e-07, 4.10376628679e-07, 2.60356927129e-07, 2.14983870706e-07, 1.49566488972e-07, 8.67867484544e-08, 4.65606682098e-08],
        "min": [3.8395607584e-24, 3.07460509962e-24, 8.47000506138e-24, 8.53865725938e-24, 1.09017484767e-23, 2.25403040829e-23, 1.87635204809e-23, 2.33431404479e-23, 1.24023433564e-23, 1.08240220117e-23, 1.21822716742e-23, 6.75808302261e-24, 7.13080244538e-24, 5.98363342283e-24, 2.97720483808e-24, 4.31079825862e-24, 6.19892421349e-24, 6.87620389911e-24, 9.1760568708e-24, 1.23231653874e-23, 1.3252929472e-23, 8.37167197183e-24, 1.62729856289e-23, 6.46864482889e-24, 6.15377967604e-24, 1.37300009931e-23, 1.06811190698e-23, 1.14117336413e-23, 1.11057660506e-23, 7.79603464726e-24, 6.90663263081e-24, 1.04078781627e-23, 1.37880974433e-23, 1.27907350788e-23, 7.70915976235e-24, 8.01929569407e-24, 1.64224700373e-23, 1.12740458589e-23, 1.1550428799e-23, 1.22849158886e-23],
        "var": [2.36200925485e-09, 2.33542664319e-07, 3.78902109333e-06, 3.46581168742e-06, 1.17372714215e-07, 1.24676660107e-07, 5.24106233968e-08, 1.05799188077e-06, 4.06466028835e-07, 4.84936947487e-07, 8.74460184264e-08, 6.84325470957e-07, 2.30567977155e-07, 5.66389530832e-07, 3.95718195989e-08, 3.50090889611e-09, 2.43986253423e-09, 4.29487201359e-09, 3.20836912593e-09, 1.24790777711e-09, 5.55933576951e-10, 9.67547153508e-10, 1.94981197854e-10, 3.54895057786e-10, 1.81094958474e-10, 2.89595430969e-10, 7.73589192704e-10, 2.39309544403e-10, 4.06961991883e-10, 7.49558193291e-10, 1.01715753875e-10, 3.28227722779e-11, 5.4414476397e-11, 2.65335479283e-11, 1.04619255967e-11, 4.55517611478e-12, 2.68660983217e-12, 1.10416732181e-12, 5.91080407276e-13, 2.03160730426e-13]
    },
    "mfcc": {
        "mean": [-658.764770508, 126.116035461, -21.2591381073, 13.4056940079, -20.5237407684, 1.10140490532, -1.33191871643, -0.807825803757, -2.23671531677, -2.08570361137, -19.9154167175, -11.8814029694, -7.71470880508],
        "cov": [[4519.84570312, -1796.12512207, 163.700454712, -189.055007935, -112.385726929, -48.7967376709, -119.234962463, -36.9017524719, -173.211395264, -59.2013664246, 64.325958252, 50.1868591309, -104.912490845], [-1796.12512207, 1837.40673828, -385.795562744, 56.3609085083, -29.1960468292, -8.56053733826, 123.642501831, -53.8345336914, 60.5495414734, 38.0003662109, -15.2685070038, -43.4702682495, 41.563835144], [163.700454712, -385.795562744, 593.77331543, 17.7966461182, 135.487731934, 21.7567958832, -92.9556732178, 10.5810155869, 23.6063137054, -17.0301818848, 15.5901575089, -10.1761331558, -35.9491691589], [-189.055007935, 56.3609085083, 17.7966461182, 250.281417847, 38.945476532, -3.17800664902, -22.6794128418, 1.06015431881, 2.46334910393, -4.54984903336, 3.42350101471, 10.0826301575, -8.52899551392], [-112.385726929, -29.1960468292, 135.487731934, 38.945476532, 193.808807373, 50.2873497009, -24.8651485443, 21.2301959991, 21.1468544006, -19.619474411, -23.8699645996, -15.5672893524, -21.1985187531], [-48.7967376709, -8.56053733826, 21.7567958832, -3.17800664902, 50.2873497009, 162.950912476, 61.6799125671, 15.2526435852, -20.921705246, -3.35651826859, -35.8300819397, -36.9635238647, 3.97599697113], [-119.234962463, 123.642501831, -92.9556732178, -22.6794128418, -24.8651485443, 61.6799125671, 172.145172119, 16.9394817352, -8.75065517426, 2.21874809265, -22.290096283, -10.4194927216, 3.8929438591], [-36.9017524719, -53.8345336914, 10.5810155869, 1.06015431881, 21.2301959991, 15.2526435852, 16.9394817352, 109.847991943, 27.1633110046, -12.3707847595, -32.3095855713, -16.3751602173, 9.48738670349], [-173.211395264, 60.5495414734, 23.6063137054, 2.46334910393, 21.1468544006, -20.921705246, -8.75065517426, 27.1633110046, 106.568695068, 30.8132305145, -16.3100185394, -14.9786481857, -3.88949584961], [-59.2013664246, 38.0003662109, -17.0301818848, -4.54984903336, -19.619474411, -3.35651826859, 2.21874809265, -12.3707847595, 30.8132305145, 94.2845001221, 13.1091279984, -15.0483732224, -4.65459728241], [64.325958252, -15.2685070038, 15.5901575089, 3.42350101471, -23.8699645996, -35.8300819397, -22.290096283, -32.3095855713, -16.3100185394, 13.1091279984, 100.509506226, 39.7020111084, -12.3545722961], [50.1868591309, -43.4702682495, -10.1761331558, 10.0826301575, -15.5672893524, -36.9635238647, -10.4194927216, -16.3751602173, -14.9786481857, -15.0483732224, 39.7020111084, 98.0752639771, 11.3081703186], [-104.912490845, 41.563835144, -35.9491691589, -8.52899551392, -21.1985187531, 3.97599697113, 3.8929438591, 9.48738670349, -3.88949584961, -4.65459728241, -12.3545722961, 11.3081703186, 83.5003967285]],
