{
"lowlevel": {
    "average_loudness": 0.752416729927,
    "barkbands_crest": {
        "dmean": 2.49341893196,
        "dmean2": 4.06079006195,
        "dvar": 7.2498292923,
        "dvar2": 20.0931491852,
        "max": 22.4771823883,
        "mean": 9.56248474121,
        "median": 8.49778175354,
        "min": 2.66967439651,
        "var": 17.6182994843
    },
    "barkbands_flatness_db": {
        "dmean": 0.0198652930558,
        "dmean2": 0.0323017686605,
        "dvar": 0.00046727102017,
        "dvar2": 0.00123508425895,
        "max": 0.352974891663,
        "mean": 0.149234265089,
        "median": 0.147021174431,
        "min": 0.0352528579533,
        "var": 0.00133981299587
    },
    "barkbands_kurtosis": {
        "dmean": 2.25750231743,
        "dmean2": 3.86482048035,
        "dvar": 42.2944869995,
        "dvar2": 116.110939026,
        "max": 111.432823181,
        "mean": 2.17190170288,
        "median": 0.505064845085,
        "min": -1.80467796326,
        "var": 40.5560417175
    },
    "barkbands_skewness": {
        "dmean": 0.496960431337,
        "dmean2": 0.798296153545,
        "dvar": 0.483802974224,
        "dvar2": 1.24644482136,
        "max": 9.24757862091,
        "mean": 1.08719706535,
        "median": 1.03012883663,
        "min": -1.71912121773,
        "var": 1.09583604336
    },
    "barkbands_spread": {
        "dmean": 4.87572717667,
        "dmean2": 7.90458488464,
        "dvar": 27.3423652649,
        "dvar2": 71.7912368774,
        "max": 60.7476501465,
        "mean": 23.197927475,
        "median": 22.6933403015,
        "min": 1.37538504601,
        "var": 116.822502136
    },
    "dissonance": {
        "dmean": 0.0167932547629,
        "dmean2": 0.0277938339859,
        "dvar": 0.000356361008016,
        "dvar2": 0.000909888360184,
        "max": 0.499693602324,
        "mean": 0.459029227495,
        "median": 0.466666638851,
        "min": 0.172395557165,
        "var": 0.000952737580519
    },
    "dynamic_complexity": 4.01157236099,
    "erbbands_crest": {
        "dmean": 2.16468095779,
        "dmean2": 3.42832875252,
        "dvar": 4.26702356339,
        "dvar2": 10.2164411545,
        "max": 27.3016147614,
        "mean": 10.4162883759,
        "median": 9.17230224609,
        "min": 2.86675953865,
        "var": 20.7949562073
    },
    "erbbands_flatness_db": {
        "dmean": 0.016537014395,
        "dmean2": 0.0244434606284,
        "dvar": 0.000322524691001,
        "dvar2": 0.000624044390861,
        "max": 0.298061668873,
        "mean": 0.196870058775,
        "median": 0.200589388609,
        "min": 0.0761726722121,
        "var": 0.00158820522483
    },
    "erbbands_kurtosis": {
        "dmean": 0.772649288177,
        "dmean2": 1.23533153534,
        "dvar": 1.46633994579,
        "dvar2": 3.34378862381,
        "max": 24.5608634949,
        "mean": 0.123007327318,
        "median": -0.521200418472,
        "min": -1.79505908489,
        "var": 4.87511205673
    },
    "erbbands_skewness": {
        "dmean": 0.323672175407,
        "dmean2": 0.486900180578,
        "dvar": 0.102880947292,
        "dvar2": 0.209066152573,
        "max": 3.8510966301,
        "mean": 0.0560099370778,
        "median": 0.00190173822921,
        "min": -3.47494196892,
        "var": 0.883367478848
    },
    "erbbands_spread": {
        "dmean": 5.30476617813,
        "dmean2": 8.25571727753,
        "dvar": 29.6110458374,
        "dvar2": 72.0965576172,
        "max": 76.9323043823,
        "mean": 32.5760154724,
        "median": 31.9768447876,
        "min": 4.40972852707,
        "var": 116.706977844
    },
    "hfc": {
        "dmean": 3.13522744179,
        "dmean2": 4.70175170898,
        "dvar": 61.8143768311,
        "dvar2": 121.834602356,
        "max": 254.071121216,
        "mean": 13.237821579,
        "median": 9.32759952545,
        "min": 1.2330999767e-16,
        "var": 247.981018066
    },
    "melbands_crest": {
        "dmean": 3.35449576378,
        "dmean2": 5.51658010483,
        "dvar": 14.7497472763,
        "dvar2": 40.7679481506,
        "max": 35.1114387512,
        "mean": 12.766787529,
        "median": 11.3710193634,
        "min": 2.42832803726,
        "var": 32.665222168
    },
    "melbands_flatness_db": {
        "dmean": 0.0226726476103,
        "dmean2": 0.0367213599384,
        "dvar": 0.000741425785236,
        "dvar2": 0.00195133243687,
        "max": 0.464298129082,
        "mean": 0.205213651061,
        "median": 0.202796846628,
        "min": 0.00789260771126,
        "var": 0.00210962234996
    },
    "melbands_kurtosis": {
        "dmean": 4.96050834656,
        "dmean2": 8.49077892303,
        "dvar": 189.699005127,
        "dvar2": 512.539428711,
        "max": 210.664108276,
        "mean": 6.98842382431,
        "median": 4.22810077667,
        "min": -1.81542181969,
        "var": 174.904159546
    },
    "melbands_skewness": {
        "dmean": 0.606073498726,
        "dmean2": 0.990138173103,
        "dvar": 0.876152098179,
        "dvar2": 2.27462625504,
        "max": 11.2390098572,
        "mean": 1.92598330975,
        "median": 1.77695274353,
        "min": -1.08129751682,
        "var": 1.61149609089
    },
    "melbands_spread": {
        "dmean": 7.81541776657,
        "dmean2": 12.2240753174,
        "dvar": 92.47315979,
        "dvar2": 215.159866333,
        "max": 121.817451477,
        "mean": 29.5701465607,
        "median": 24.5784034729,
        "min": 1.17599093914,
        "var": 377.338470459
    },
    "pitch_salience": {
        "dmean": 0.0590516738594,
        "dmean2": 0.0969596356153,
        "dvar": 0.00367190991528,
        "dvar2": 0.0101520903409,
        "max": 0.904423356056,
        "mean": 0.521097838879,
        "median": 0.533304572105,
        "min": 0.136753410101,
        "var": 0.0123129663989
    },
    "silence_rate_20dB": {
        "dmean": 0,
        "dmean2": 0,
        "dvar": 0,
        "dvar2": 0,
        "max": 1,
        "mean": 1,
        "median": 1,
        "min": 1,
        "var": 0
    },
    "silence_rate_30dB": {
        "dmean": 0,
        "dmean2": 0,
        "dvar": 0,
        "dvar2": 0,
        "max": 1,
        "mean": 1,
        "median": 1,
        "min": 1,
        "var": 0
    },
    "silence_rate_60dB": {
        "dmean": 0.0407426506281,
        "dmean2": 0.0815273448825,
        "dvar": 0.0390825085342,
        "dvar2": 0.0913924947381,
        "max": 1,
        "mean": 0.134020611644,
        "median": 0,
        "min": 0,
        "var": 0.116058513522
    },
    "spectral_centroid": {
        "dmean": 220.978729248,
        "dmean2": 337.069671631,
        "dvar": 100640.523438,
        "dvar2": 161021.1875,
        "max": 11010.2792969,
        "mean": 1666.26745605,
        "median": 1625.62585449,
        "min": 281.186767578,
        "var": 485659.25
    },
    "spectral_complexity": {
        "dmean": 2.20526051521,
        "dmean2": 3.50619196892,
        "dvar": 5.62474107742,
        "dvar2": 11.8237466812,
        "max": 50,
        "mean": 15.4608249664,
        "median": 14,
        "min": 0,
        "var": 72.847946167
    },
    "spectral_decrease": {
        "dmean": 1.23347387859e-09,
        "dmean2": 2.05516914598e-09,
        "dvar": 7.26991504144e-18,
        "dvar2": 1.97022642858e-17,
        "max": 8.13567652374e-30,
        "mean": -3.7182734669e-09,
        "median": -2.54515275522e-09,
        "min": -3.07806793387e-08,
        "var": 1.31779822562e-17
    },
    "spectral_energy": {
        "dmean": 0.00487077049911,
        "dmean2": 0.00806844048202,
        "dvar": 0.000107247848064,
        "dvar2": 0.000286789232632,
        "max": 0.121404148638,
        "mean": 0.0152343567461,
        "median": 0.0105198007077,
        "min": 1.11538722085e-20,
        "var": 0.000214908141061
    },
    "spectral_energyband_high": {
        "dmean": 9.85448496067e-05,
        "dmean2": 0.000153530243551,
        "dvar": 4.26751711302e-07,
        "dvar2": 1.01275077213e-06,
        "max": 0.024030867964,
        "mean": 0.000193384068552,
        "median": 5.73565484956e-05,
        "min": 7.69894558504e-21,
        "var": 6.16895988514e-07
    },
    "spectral_energyband_low": {
        "dmean": 0.00307726603933,
        "dmean2": 0.0055462946184,
        "dvar": 9.63220445556e-05,
        "dvar2": 0.000272461911663,
        "max": 0.0872905105352,
        "mean": 0.00329147907905,
        "median": 0.00126853794791,
        "min": 4.64014989536e-23,
        "var": 6.32827650406e-05
    },
    "spectral_energyband_middle_high": {
        "dmean": 0.00105831387918,
        "dmean2": 0.00161109282635,
        "dvar": 4.36545315097e-06,
        "dvar2": 9.10630751605e-06,
        "max": 0.0537263676524,
        "mean": 0.00388245400973,
        "median": 0.002440944314,
        "min": 2.07194849395e-21,
        "var": 2.23989427468e-05
    },
    "spectral_energyband_middle_low": {
        "dmean": 0.00186641304754,
        "dmean2": 0.00269595580176,
        "dvar": 8.06602747616e-06,
        "dvar2": 1.65493693203e-05,
        "max": 0.0611998029053,
        "mean": 0.00808892771602,
        "median": 0.00514464545995,
        "min": 2.54360133575e-22,
        "var": 8.37975603645e-05
    },
    "spectral_entropy": {
        "dmean": 0.115639381111,
        "dmean2": 0.176950231194,
        "dvar": 0.0149629721418,
        "dvar2": 0.0312343239784,
        "max": 9.80763339996,
        "mean": 7.17698907852,
        "median": 7.18435955048,
        "min": 6.21046113968,
        "var": 0.10336919874
    },
    "spectral_flux": {
        "dmean": 0.0158673059195,
        "dmean2": 0.0267611481249,
        "dvar": 0.000758410315029,
        "dvar2": 0.00153815455269,
        "max": 0.280279546976,
        "mean": 0.0511123761535,
        "median": 0.0405759289861,
        "min": 1.0561189423e-10,
        "var": 0.00147716293577
    },
    "spectral_kurtosis": {
        "dmean": 2.27349328995,
        "dmean2": 3.97550320625,
        "dvar": 4.37619972229,
        "dvar2": 13.3631925583,
        "max": 22.5238418579,
        "mean": 6.6574420929,
        "median": 6.17690324783,
        "min": -1.17061793804,
        "var": 7.61356163025
    },
    "spectral_rms": {
        "dmean": 0.000541099521797,
        "dmean2": 0.00087059562793,
        "dvar": 7.90826447883e-07,
        "dvar2": 2.0288050564e-06,
        "max": 0.0108831552789,
        "mean": 0.00349074113183,
        "median": 0.00320362602361,
        "min": 3.29876143762e-12,
        "var": 2.67748623628e-06
    },
    "spectral_rolloff": {
        "dmean": 423.457672119,
        "dmean2": 732.751647949,
        "dvar": 519060.34375,
        "dvar2": 989289.5,
        "max": 18841.5527344,
        "mean": 1709.54638672,
        "median": 1636.5234375,
        "min": 64.599609375,
        "var": 1283299.625
    },
    "spectral_skewness": {
        "dmean": 0.273425608873,
        "dmean2": 0.467189282179,
        "dvar": 0.0618389137089,
        "dvar2": 0.163158640265,
        "max": 3.39896440506,
        "mean": 1.61399257183,
        "median": 1.628023386,
        "min": -0.00721565680578,
        "var": 0.195154458284
    },
    "spectral_spread": {
        "dmean": 399080.09375,
        "dmean2": 617676.9375,
        "dvar": 609580351488,
        "dvar2": 890031505408,
        "max": 38576160,
        "mean": 3282287,
        "median": 3008633.75,
        "min": 1710282.375,
        "var": 1.80252717875e+12
    },
    "spectral_strongpeak": {
        "dmean": 0.602397859097,
        "dmean2": 1.05218410492,
        "dvar": 1.57030928135,
        "dvar2": 4.20217514038,
        "max": 14.5390272141,
        "mean": 1.2133680582,
        "median": 0.711551606655,
        "min": 0,
        "var": 2.51436638832
    },
    "zerocrossingrate": {
        "dmean": 0.00746800843626,
        "dmean2": 0.00901128351688,
        "dvar": 0.000162867407198,
        "dvar2": 0.000198293462745,
        "max": 0.49560546875,
        "mean": 0.0589541718364,
        "median": 0.0546875,
        "min": 0.01318359375,
        "var": 0.000607735943049
    },
    "barkbands": {
        "dmean": [0.000374256575014, 0.00251348479651, 0.000377728516469, 0.000178630783921, 0.000163015458384, 0.00104023434687, 0.00086816563271, 0.000214587533264, 0.000365156214684, 0.00033766136039, 0.000125048245536, 6.22503648628e-05, 5.70399934077e-05, 0.000101300880488, 0.000248151744017, 0.000320927938446, 8.75555560924e-05, 0.000211996302824, 0.000263955094852, 0.000219778448809, 4.82150826429e-05, 5.30590887138e-06, 2.54771475738e-06, 4.3029463086e-06, 3.52488132194e-06, 3.41379768543e-06, 1.53750605136e-07],
        "dmean2": [0.000663583981805, 0.00461005652323, 0.000644179119263, 0.000269415584626, 0.00024331775785, 0.00145001884084, 0.00132149958517, 0.000328542286297, 0.000514208921231, 0.000507296063006, 0.000207918332308, 0.000102831822005, 8.97245990927e-05, 0.000171226187376, 0.000397126626922, 0.000505729345605, 0.000142482094816, 0.000336735305609, 0.000405228260206, 0.000352679257048, 7.87500903243e-05, 8.50836295285e-06, 4.05406308346e-06, 6.79689992467e-06, 5.20642151969e-06, 5.71689361095e-06, 2.66517901082e-07],
        "dvar": [1.53442613282e-06, 6.76010167808e-05, 1.0695553101e-06, 1.93487096567e-07, 7.83194309406e-08, 3.43785177392e-06, 2.4929859137e-06, 1.4408971083e-07, 5.44261524738e-07, 2.88721395236e-07, 7.1488905462e-08, 1.85161201927e-08, 1.6499154043e-08, 8.57877608951e-08, 3.72823478756e-07, 4.13044773495e-07, 3.29904885632e-08, 1.99764201625e-07, 4.99413260968e-07, 1.1115404277e-06, 3.37356965474e-07, 4.28424212773e-10, 1.65092644416e-11, 5.91213050738e-11, 3.3165338531e-11, 7.05382002808e-11, 1.46745002217e-13],
        "dvar2": [4.27533814218e-06, 0.000193686399143, 2.94292021863e-06, 3.56464340712e-07, 1.64958251503e-07, 6.19765705778e-06, 5.94603034187e-06, 3.61416937267e-07, 1.37007464218e-06, 6.71646944284e-07, 1.94623879679e-07, 5.28384198617e-08, 4.22023092028e-08, 2.30465715845e-07, 9.45349142967e-07, 1.05921151317e-06, 8.64959801561e-08, 4.60555412474e-07, 9.4765528047e-07, 2.66565007223e-06, 8.71438714967e-07, 1.01070340985e-09, 3.88647447558e-11, 1.40906689094e-10, 6.69007071963e-11, 1.8849047323e-10, 3.889951783e-13],
        "max": [0.0106176864356, 0.0772547125816, 0.0164129082114, 0.0151597000659, 0.00671776477247, 0.0503806620836, 0.0379532687366, 0.00985109526664, 0.0171696431935, 0.013145535253, 0.00656718527898, 0.0029852965381, 0.00365367275663, 0.00908467266709, 0.00958486832678, 0.00951294973493, 0.00305436202325, 0.00931540317833, 0.0221908334643, 0.0357141569257, 0.0213172063231, 0.000700447068084, 4.70606210001e-05, 0.00010531861335, 7.27912338334e-05, 9.24514170038e-05, 4.12245890402e-06],
        "mean": [0.000318145088386, 0.00225704163313, 0.000581611006055, 0.000381397665478, 0.000562483211979, 0.00293362908997, 0.00211103679612, 0.000542686204426, 0.00130759167951, 0.000733598135412, 0.000216259009903, 0.000121492092148, 0.000116719776997, 0.000194326494238, 0.000479438836919, 0.000656814838294, 0.000166729209013, 0.000480123533634, 0.000582925917115, 0.000387574284105, 6.63403989165e-05, 1.2165121916e-05, 5.45001148566e-06, 8.40460688778e-06, 7.31768204787e-06, 2.93245057037e-06, 1.14762315206e-07],
        "median": [3.03150627587e-05, 0.000734548666514, 0.00031335890526, 0.00010062076035, 0.000266392366029, 0.000994539121166, 0.00087143125711, 0.00024915416725, 0.000340068945661, 0.000415846705437, 8.5771214799e-05, 4.32550077676e-05, 4.49581857538e-05, 6.41133374302e-05, 0.000105882703792, 0.000231194251683, 5.84743756917e-05, 0.00021004928567, 0.000220748144784, 7.30022002244e-05, 7.8389657574e-06, 6.26671908321e-06, 3.77615288016e-06, 5.58526335226e-06, 4.21318873123e-06, 4.21796016781e-07, 9.47109057847e-09],
        "min": [2.87460558875e-24, 2.38152421452e-23, 2.06934781518e-23, 1.01589112944e-23, 1.26138858745e-23, 3.12273997211e-23, 3.67949464873e-23, 5.35687167961e-23, 5.07278645933e-23, 1.96632731413e-22, 2.75698398231e-23, 1.043849275e-22, 9.62422736818e-23, 1.38329965661e-22, 1.32717731502e-22, 2.17995084726e-22, 2.94017723758e-22, 3.11955310027e-22, 2.56406173705e-22, 4.24554235925e-22, 1.96200763803e-22, 5.51637884977e-22, 7.48344554745e-22, 8.16264847596e-22, 1.2304345943e-21, 1.81540214282e-21, 2.41534436654e-21],
        "var": [1.0409855804e-06, 4.16066650359e-05, 1.07102835045e-06, 7.56118367917e-07, 5.8273394643e-07, 2.16550051846e-05, 1.04625078166e-05, 8.57989789438e-07, 5.81085214435e-06, 1.00421948446e-06, 1.29345394839e-07, 4.27639257339e-08, 5.8138205361e-08, 1.86501168287e-07, 1.11693157123e-06, 1.13979251637e-06, 8.54423944929e-08, 7.64090998473e-07, 1.38163954944e-06, 1.68677877355e-06, 3.14050396355e-07, 1.09387821023e-09, 2.68372858658e-11, 8.28666996133e-11, 7.08993835863e-11, 5.49665070404e-11, 1.1009600756e-13]
    },
    "erbbands": {
        "dmean": [0.107320681214, 0.439766854048, 0.484302788973, 0.521573483944, 0.494181066751, 0.617219567299, 3.09211468697, 10.63580513, 13.3179750443, 8.84220600128, 5.39239311218, 5.02156305313, 11.107916832, 10.5692634583, 2.7045609951, 2.73490691185, 2.15348100662, 3.92976212502, 4.76974344254, 17.0656375885, 17.0520935059, 4.30741214752, 10.0228633881, 13.3366222382, 14.5502634048, 6.35868835449, 3.11313319206, 0.650299429893, 0.213337019086, 0.106531396508, 0.0801161825657, 0.0634139105678, 0.0919267311692, 0.0445393882692, 0.0265165809542, 0.0166913438588, 0.00615047244355, 0.000679565942846, 1.75676486833e-05, 5.87199110669e-06],
        "dmean2": [0.196044325829, 0.813311398029, 0.849348247051, 0.830508470535, 0.702161610126, 0.921709537506, 4.19632053375, 15.3110609055, 21.0175914764, 12.827337265, 7.98604393005, 7.3330283165, 15.9778223038, 16.7314910889, 4.38632297516, 4.48969268799, 3.35186076164, 6.67686033249, 7.63717031479, 27.4835453033, 27.0683898926, 6.93672800064, 16.0527744293, 20.8345565796, 22.5751304626, 9.81798362732, 5.08749294281, 1.03072488308, 0.342410057783, 0.175171807408, 0.127730518579, 0.103755608201, 0.143215596676, 0.0661932975054, 0.0407928898931, 0.0258488729596, 0.0111542399973, 0.00120816426352, 3.00708325085e-05, 9.58753480518e-06],
        "dvar": [0.119248598814, 2.12940144539, 2.11806845665, 1.38041734695, 0.996444940567, 1.15552127361, 41.2086677551, 439.171844482, 618.914306641, 342.636627197, 88.0466537476, 84.7106170654, 379.640167236, 414.208892822, 21.9921894073, 40.6477928162, 19.9590129852, 98.3955612183, 150.689208984, 1522.43432617, 1250.39575195, 65.5875778198, 391.933044434, 924.778198242, 2916.02050781, 852.844543457, 1073.69067383, 29.8327102661, 1.07747197151, 0.031716145575, 0.0153191462159, 0.0115951523185, 0.0280544199049, 0.00514952838421, 0.00204930594191, 0.00128128286451, 0.000335800112225, 3.17606009048e-06, 1.7320225254e-09, 1.39179695546e-10],
        "dvar2": [0.338685691357, 6.18301820755, 6.01825237274, 3.10314178467, 1.61932837963, 2.63192605972, 68.2633132935, 790.463928223, 1696.51147461, 632.978759766, 207.54989624, 220.648300171, 902.066894531, 1085.71643066, 60.0717201233, 112.93737793, 49.685874939, 278.176239014, 362.543548584, 4028.62158203, 3132.63012695, 150.831085205, 905.887023926, 2044.76818848, 6328.0078125, 1854.9074707, 2838.01318359, 59.2579154968, 2.51185798645, 0.0807252526283, 0.0350176654756, 0.0290908701718, 0.0637707039714, 0.0103654824197, 0.00447392929345, 0.00315932207741, 0.000946403772105, 8.67038579599e-06, 4.64867833117e-09, 3.58824941982e-10],
        "max": [3.00098586082, 13.9809579849, 21.0152359009, 26.1781044006, 30.3949813843, 24.4822711945, 216.017364502, 592.388916016, 383.334381104, 461.967193604, 300.80569458, 184.260482788, 431.499725342, 477.046203613, 77.0292816162, 152.051757812, 135.829849243, 233.75227356, 359.266204834, 609.118286133, 559.701965332, 137.016357422, 408.232116699, 801.467285156, 1555.12475586, 1037.13037109, 1184.23278809, 194.402389526, 35.1873779297, 4.4424200058, 1.26143324375, 1.24856388569, 2.35795760155, 0.799640834332, 0.464677453041, 0.374278008938, 0.22489964962, 0.0146700004116, 0.000364088016795, 0.000155452886247],
        "mean": [0.0920759364963, 0.39854824543, 0.686410367489, 0.995682477951, 1.47576785088, 2.03623747826, 11.5018377304, 26.5596466064, 30.7997951508, 21.7996006012, 16.4674434662, 17.4591712952, 34.0607910156, 20.4077911377, 5.71449708939, 5.72257852554, 5.05410957336, 8.30949211121, 10.593167305, 36.6843643188, 35.7803764343, 10.8516769409, 23.752363205, 31.9901580811, 30.2315311432, 12.1603384018, 4.66815948486, 1.23511004448, 0.485828846693, 0.226066604257, 0.176205724478, 0.138493448496, 0.165168777108, 0.0945144742727, 0.0487517081201, 0.0181134827435, 0.00426729209721, 0.000492491875775, 2.10146990867e-05, 1.88574958884e-05],
        "median": [0.0226221550256, 0.152410387993, 0.355099618435, 0.404747992754, 0.531149506569, 1.06445026398, 2.76291751862, 9.19001579285, 12.5947570801, 9.83692741394, 6.8006696701, 6.46537208557, 10.9938106537, 10.5155086517, 3.13683915138, 2.0667142868, 2.05837535858, 2.93953418732, 3.78586387634, 9.55780982971, 11.1928339005, 4.34610700607, 11.2934875488, 15.0375099182, 8.5315322876, 2.81215405464, 0.737380683422, 0.208899617195, 0.206423804164, 0.158530533314, 0.122458949685, 0.0984756499529, 0.103216409683, 0.0573839843273, 0.0256022717804, 0.00418534874916, 0.000390731962398, 4.69650694868e-05, 9.69287793851e-06, 1.33604553412e-05],
        "min": [9.31843698719e-22, 4.6352249042e-21, 2.04134911208e-20, 2.17413486485e-20, 4.0787998124e-20, 3.19358052453e-20, 2.19388460976e-19, 2.42641309327e-19, 5.13199447339e-19, 8.1895735159e-19, 9.51858547753e-19, 1.52432667505e-18, 4.83271794283e-18, 3.34075522623e-18, 2.85449234685e-18, 3.43310787367e-18, 4.76264540519e-18, 3.28079083567e-18, 1.06010085913e-17, 9.29382747701e-18, 8.94925215796e-18, 1.746160406e-17, 1.91300008857e-17, 1.08109147707e-17, 1.96493991729e-17, 2.05477421335e-17, 8.33741561018e-18, 1.33148872651e-17, 1.90139970766e-17, 1.77708769648e-17, 1.88811303635e-17, 1.81346445285e-17, 1.45417226721e-17, 1.18752786706e-17, 9.6712410392e-18, 6.40646752211e-18, 3.59103133506e-18, 1.47760885823e-18, 3.12896007648e-19, 3.51283540559e-20],
        "var": [0.075569614768, 1.25697982311, 1.65799152851, 3.29451847076, 5.69083309174, 6.85000753403, 597.207275391, 2032.44995117, 2122.71386719, 1335.09509277, 1116.12780762, 812.932434082, 3421.78100586, 1053.97839355, 54.8343544006, 95.0066070557, 86.6849060059, 241.346099854, 500.066864014, 5165.04248047, 3531.12475586, 288.921539307, 1530.00695801, 2891.02246094, 5756.8515625, 1676.3416748, 997.25201416, 53.8898582458, 2.57817649841, 0.0599926076829, 0.0264068972319, 0.0175526868552, 0.0388419032097, 0.0111352661625, 0.00361871812493, 0.00132472009864, 0.000206953205634, 2.15186810237e-06, 1.35264255352e-09, 3.18005483058e-10]
    },
    "gfcc": {
        "mean": [-51.6941947937, 118.248886108, -139.211273193, 35.4602203369, -54.4078521729, -2.35247278214, -40.5022735596, 30.8486118317, -16.0833892822, 0.869079947472, -0.118987731636, -4.26573133469, 3.25225734711],
        "cov": [[3409.00976562, 61.5768013, -461.233703613, -182.850830078, -6.45159578323, -481.510955811, -131.720993042, -37.9582672119, -82.3042984009, 195.599487305, -110.411499023, -31.608751297, -38.481300354], [61.5768013, 651.685546875, -231.255981445, -36.3013725281, -76.6259460449, -147.817428589, -14.0017204285, -156.79335022, 96.9128112793, -115.654472351, 99.1417236328, -157.378662109, 101.363121033], [-461.233703613, -231.255981445, 774.870178223, 5.04572725296, -34.5997467041, 234.998809814, -48.0433692932, 74.4871063232, -51.2388381958, 37.5397453308, -88.438583374, 117.796447754, -87.7356491089], [-182.850830078, -36.3013725281, 5.04572725296, 228.131973267, 69.3010864258, 33.4680328369, 60.4292602539, 11.2565288544, -15.3176107407, 5.32318496704, 40.1961975098, -20.9180984497, 24.2226467133], [-6.45159578323, -76.6259460449, -34.5997467041, 69.3010864258, 163.134414673, 74.9693374634, 32.2562332153, -1.56603479385, -2.36387515068, 29.5308475494, -14.7334680557, 9.77428913116, -23.0300559998], [-481.510955811, -147.817428589, 234.998809814, 33.4680328369, 74.9693374634, 325.203918457, 26.0567111969, 36.4532585144, -1.91920924187, 4.639503479, -38.6921615601, 53.0983772278, -30.9531898499], [-131.720993042, -14.0017204285, -48.0433692932, 60.4292602539, 32.2562332153, 26.0567111969, 142.130233765, 29.2482280731, -6.70360898972, -4.5155582428, 18.6163005829, -13.6630563736, 13.8431577682], [-37.9582672119, -156.79335022, 74.4871063232, 11.2565288544, -1.56603479385, 36.4532585144, 29.2482280731, 179.425247192, 23.620765686, -14.4499607086, -5.02667236328, 44.7625961304, -27.9222564697], [-82.3042984009, 96.9128112793, -51.2388381958, -15.3176107407, -2.36387515068, -1.91920924187, -6.70360898972, 23.620765686, 127.216934204, -10.5962276459, -0.353477299213, -17.8411140442, 27.5647983551], [195.599487305, -115.654472351, 37.5397453308, 5.32318496704, 29.5308475494, 4.639503479, -4.5155582428, -14.4499607086, -10.5962276459, 114.715805054, -17.0598125458, 15.174996376, -28.8515815735], [-110.411499023, 99.1417236328, -88.438583374, 40.1961975098, -14.7334680557, -38.6921615601, 18.6163005829, -5.02667236328, -0.353477299213, -17.0598125458, 116.067642212, -11.3319244385, 21.1454124451], [-31.608751297, -157.378662109, 117.796447754, -20.9180984497, 9.77428913116, 53.0983772278, -13.6630563736, 44.7625961304, -17.8411140442, 15.174996376, -11.3319244385, 114.597541809, -8.60374832153], [-38.481300354, 101.363121033, -87.7356491089, 24.2226467133, -23.0300559998, -30.9531898499, 13.8431577682, -27.9222564697, 27.5647983551, -28.8515815735, 21.1454124451, -8.60374832153, 115.32888031]],
        "icov": [[0.000724603596609, -0.00132173800375, 0.000667105021421, -8.96816927707e-05, -0.000136703107273, 0.000625192944426, 0.000666303210892, -0.0015435203677, 0.00166969827842, -0.00230064033531, 0.00189187913202, -0.00114565389231, 0.000209644233109], [-0.00132173800375, 0.00991634186357, -0.00272962800227, 0.00267707183957, -0.000653104216326, 0.000568133720662, -0.0017395731993, 0.00846988335252, -0.00817967578769, 0.010176689364, -0.0091385403648, 0.00910055078566, -0.00265847775154], [0.000667105021421, -0.00272962800227, 0.00357546238229, -0.00184990582056, 0.002353745047, -0.001493965392, 0.00144370505586, -0.00266744685359, 0.00293737254106, -0.00374307134189, 0.00441972445697, -0.00431618373841, 0.00220936210826], [-8.96816927707e-05, 0.00267707183957, -0.00184990582056, 0.00810548476875, -0.00423498498276, 0.000701413955539, -0.00158960360568, 0.000714955443982, -0.00040268182056, 0.0016556866467, -0.00511013809592, 0.00551815330982, -0.00392700638622], [-0.000136703107273, -0.000653104216326, 0.002353745047, -0.00423498498276, 0.0110566224903, -0.00304466951638, -0.000955841969699, 0.00106185872573, -0.000712929759175, -0.00181494269054, 0.0029597429093, -0.00347441341728, 0.00388552853838], [0.000625192944426, 0.000568133720662, -0.001493965392, 0.000701413955539, -0.00304466951638, 0.00606735190377, -0.000701565877534, 0.000183248732355, -0.000500512833241, 0.000487598474137, 0.000591593096033, -0.00019750300271, -0.000307159294607], [0.000666303210892, -0.0017395731993, 0.00144370505586, -0.00158960360568, -0.000955841969699, -0.000701565877534, 0.00989702157676, -0.00427766703069, 0.00349842756987, -0.00297104683705, 0.00146994914394, 0.000267811701633, -0.00124834908638], [-0.0015435203677, 0.00846988335252, -0.00266744685359, 0.000714955443982, 0.00106185872573, 0.000183248732355, -0.00427766703069, 0.0158428829163, -0.0105036292225, 0.0113638304174, -0.00771568529308, 0.00341385579668, 0.00149443594273], [0.00166969827842, -0.00817967578769, 0.00293737254106, -0.00040268182056, -0.000712929759175, -0.000500512833241, 0.00349842756987, -0.0105036292225, 0.0173551235348, -0.0100461076945, 0.00813258998096, -0.00434047961608, -0.00165038963314], [-0.00230064033531, 0.010176689364, -0.00374307134189, 0.0016556866467, -0.00181494269054, 0.000487598474137, -0.00297104683705, 0.0113638304174, -0.0100461076945, 0.0226012226194, -0.00946941692382, 0.0071557154879, 0.000294367113383], [0.00189187913202, -0.0091385403648, 0.00441972445697, -0.00511013809592, 0.0029597429093, 0.000591593096033, 0.00146994914394, -0.00771568529308, 0.00813258998096, -0.00946941692382, 0.0204668212682, -0.0100734652951, 0.00298726768233], [-0.00114565389231, 0.00910055078566, -0.00431618373841, 0.00551815330982, -0.00347441341728, -0.00019750300271, 0.000267811701633, 0.00341385579668, -0.00434047961608, 0.0071557154879, -0.0100734652951, 0.0223358217627, -0.00643490580842], [0.000209644233109, -0.00265847775154, 0.00220936210826, -0.00392700638622, 0.00388552853838, -0.000307159294607, -0.00124834908638, 0.00149443594273, -0.00165038963314, 0.000294367113383, 0.00298726768233, -0.00643490580842, 0.0142283625901]]
    },
    "melbands": {
        "dmean": [0.000819549255539, 0.000350678281393, 8.68070055731e-05, 3.5349981772e-05, 8.63394525368e-05, 0.000232520062127, 0.000192924097064, 8.27377007226e-05, 4.86299941258e-05, 3.92751935578e-05, 5.66024427826e-05, 4.54939690826e-05, 1.20740787679e-05, 5.30549050382e-06, 9.04035277927e-06, 5.02191733176e-06, 8.09988250694e-06, 7.22416598364e-06, 2.35863735725e-05, 2.07743596548e-05, 2.05948308576e-05, 4.36237405665e-06, 6.00366047365e-06, 1.34969604915e-05, 1.1327687389e-05, 1.12198549687e-05, 1.23861918837e-05, 2.91741093861e-06, 2.64494178737e-06, 8.87094586233e-07, 2.49473259828e-07, 1.31176051354e-07, 9.67768656324e-08, 4.43954313312e-08, 4.00229751563e-08, 6.59567760408e-08, 3.1391813593e-08, 6.66611654765e-08, 5.28046442128e-08, 4.26453361513e-08],
        "dmean2": [0.00150304834824, 0.000633876305073, 0.000134092042572, 5.13674676768e-05, 0.000118978692626, 0.000336348544806, 0.00029915367486, 0.000120015334687, 7.10692693247e-05, 5.74256046093e-05, 8.1414662418e-05, 7.15373607818e-05, 1.9846656869e-05, 8.79434264789e-06, 1.46350230352e-05, 8.20770765131e-06, 1.37597935463e-05, 1.17744220915e-05, 3.78318873118e-05, 3.40287588187e-05, 3.2857300539e-05, 7.17461080058e-06, 9.52023128775e-06, 2.1290847144e-05, 1.78989685082e-05, 1.70299263118e-05, 2.00074009626e-05, 4.45372734248e-06, 4.45220712209e-06, 1.38716723086e-06, 3.94028603523e-07, 2.14020928979e-07, 1.56107276439e-07, 7.69868577777e-08, 6.47087148309e-08, 1.071703295e-07, 5.25275467567e-08, 1.05083103108e-07, 8.201738666e-08, 6.56850005498e-08],
        "dvar": [7.19920899428e-06, 1.27170528685e-06, 3.65141978875e-08, 3.80090314778e-09, 2.94772171117e-08, 1.88471432239e-07, 1.18339407607e-07, 2.8955351894e-08, 7.88089504766e-09, 6.6716996372e-09, 9.62359525403e-09, 7.41640127089e-09, 5.42007938531e-10, 1.31177763096e-10, 4.96318375287e-10, 1.10190398472e-10, 4.26043422763e-10, 5.31378441249e-10, 3.7700962352e-09, 1.95149452153e-09, 1.97419436354e-09, 7.85046125329e-11, 1.6217201193e-10, 8.03653643633e-10, 7.77949482611e-10, 1.26013044444e-09, 3.80265774425e-09, 1.29809482607e-10, 7.21718518282e-10, 7.41898834034e-11, 3.89630949033e-12, 5.011915904e-13, 3.04517119799e-14, 6.46291390359e-15, 3.73455386488e-15, 1.11804520449e-14, 2.49780741135e-15, 1.25751248268e-14, 1.00509200572e-14, 4.3830422893e-15],
        "dvar2": [2.05320156965e-05, 3.66097447113e-06, 7.60510872055e-08, 7.25823356973e-09, 5.02848429562e-08, 3.57434487341e-07, 3.1163116887e-07, 5.45667191432e-08, 1.80243713288e-08, 1.78476593504e-08, 2.29984298272e-08, 1.91889029111e-08, 1.4786318836e-09, 3.66437075128e-10, 1.26825761004e-09, 3.20703325007e-10, 1.18001097782e-09, 1.33977395844e-09, 9.51649248293e-09, 5.39672084798e-09, 4.86632023566e-09, 2.00255242944e-10, 3.59676260997e-10, 1.90512716713e-09, 1.77246040067e-09, 2.22515339487e-09, 9.47119360717e-09, 2.36343000726e-10, 1.90300397662e-09, 1.85672227593e-10, 8.21203695323e-12, 1.22598101376e-12, 6.83815458142e-14, 1.80464655399e-14, 8.74028226096e-15, 2.66829794886e-14, 6.53396006259e-15, 2.84639289406e-14, 2.29451264304e-14, 9.20886851068e-15],
        "max": [0.0242501813918, 0.0116489231586, 0.00513629848137, 0.00129610381555, 0.00555624626577, 0.011944537051, 0.00612397165969, 0.00401932001114, 0.00314727262594, 0.00183439068496, 0.00214032735676, 0.00213404931128, 0.000463004689664, 0.000303563894704, 0.000506212352775, 0.000244930299232, 0.000518658722285, 0.000788888835814, 0.00102875847369, 0.000886309775524, 0.000769783859141, 0.00012982377666, 0.000284705514787, 0.000570712261833, 0.000767504330724, 0.00118153181393, 0.00200016354211, 0.000384191749617, 0.000958230928518, 0.000298677623505, 7.34699424356e-05, 2.31394406001e-05, 5.96782820139e-06, 1.41369662288e-06, 6.28148825399e-07, 1.61330206083e-06, 4.71353899911e-07, 1.39234873586e-06, 1.40668828408e-06, 7.9228436789e-07],
        "mean": [0.000722259748727, 0.000418135052314, 0.000193844403839, 0.000116261435323, 0.00031921354821, 0.000601274077781, 0.000462890253402, 0.000198133042431, 0.000146680846228, 0.000134086571052, 0.000170664861798, 8.41114524519e-05, 2.26885131269e-05, 1.05972494566e-05, 1.81710220204e-05, 1.04333548734e-05, 1.6236479496e-05, 1.27065723063e-05, 4.44318175141e-05, 4.50528423244e-05, 4.03798294428e-05, 8.80430343386e-06, 1.27415505631e-05, 2.83697972918e-05, 2.52492372965e-05, 2.39607252297e-05, 2.03589643206e-05, 5.2305040299e-06, 3.63321123587e-06, 1.30759019612e-06, 4.26091077088e-07, 2.65379895836e-07, 2.17944219116e-07, 7.61736060895e-08, 7.77855646561e-08, 1.41012151289e-07, 5.83929384845e-08, 1.18952776518e-07, 9.09423079065e-08, 8.51262313972e-08],
        "median": [0.000206205644645, 0.000204158277484, 8.14263039501e-05, 5.42450434295e-05, 8.78429273143e-05, 0.000225250114454, 0.000201986636966, 8.72714881552e-05, 4.74456246593e-05, 4.03936319344e-05, 5.63732974115e-05, 4.13595771533e-05, 1.07443247543e-05, 4.67842346552e-06, 5.10637846673e-06, 4.40119856648e-06, 5.5692312344e-06, 4.31688204117e-06, 9.30786336539e-06, 1.63930035342e-05, 1.15837665362e-05, 3.09113738695e-06, 5.10312111146e-06, 1.19967753562e-05, 1.04309001472e-05, 7.17956390872e-06, 3.99769032811e-06, 1.11440328965e-06, 5.04707600157e-07, 1.77055966333e-07, 7.70216246337e-08, 9.20434146678e-08, 1.48033535652e-07, 5.35032427251e-08, 5.23807948127e-08, 9.65219797422e-08, 4.05890183686e-08, 7.57871561063e-08, 5.08236652763e-08, 5.06022104219e-08],
        "min": [7.20395430599e-24, 9.11847160244e-24, 5.50953551297e-24, 2.04603086176e-24, 6.07153343249e-24, 5.21690992676e-24, 8.017662752e-24, 1.0539571391e-23, 7.18726753126e-24, 9.03006080535e-24, 2.56541463351e-23, 1.56852826768e-23, 6.47593824238e-24, 1.10394212707e-23, 9.01864283261e-24, 9.62211511422e-24, 5.76786616019e-24, 1.93798385735e-23, 9.81435262821e-24, 1.82649146349e-23, 7.13859244682e-24, 1.43893735361e-23, 2.49905139431e-23, 1.23161989567e-23, 7.84215382236e-24, 1.07321354934e-23, 1.91390876915e-23, 1.19734373157e-23, 4.37850027366e-24, 5.10228646508e-24, 9.55786949323e-24, 1.21628641183e-23, 7.70633327373e-24, 1.11413917979e-23, 9.522685508e-24, 1.39306572306e-23, 1.00359381345e-23, 1.03080375599e-23, 9.72715352147e-24, 9.82260174669e-24],
        "var": [4.48816717835e-06, 8.22448726012e-07, 1.12598414148e-07, 2.46918840929e-08, 4.04319933978e-07, 9.07232845293e-07, 4.40680707925e-07, 1.10732074177e-07, 1.14860256417e-07, 5.72604683668e-08, 8.43650340698e-08, 1.97391649692e-08, 1.13219644771e-09, 2.44856940279e-10, 1.6982401041e-09, 3.14634041043e-10, 9.75481029286e-10, 1.06805631006e-09, 1.05335722367e-08, 5.86808379666e-09, 5.21567189438e-09, 2.40627962e-10, 6.27167262568e-10, 2.66035260488e-09, 2.1225892155e-09, 3.37405459128e-09, 4.85556617136e-09, 3.63701097017e-10, 6.74479860852e-10, 8.75616246176e-11, 6.41777690019e-12, 1.09089484408e-12, 8.75811874195e-14, 6.98579454171e-15, 5.85891673176e-15, 1.98451450856e-14, 3.23902159129e-15, 1.82155553391e-14, 1.4191695677e-14, 9.5099158786e-15]
    },
    "mfcc": {
        "mean": [-687.053527832, 141.736984253, -20.3367404938, 31.0288143158, 10.0233297348, -25.0345783234, 1.01745903492, 4.41088819504, -0.300145447254, 11.8365764618, 0.475732177496, -6.7251458168, 7.81844758987],
        "cov": [[2887.88671875, 267.53503418, -756.478515625, 170.766571045, -212.914825439, -265.530334473, -140.703231812, -345.628967285, -13.1552476883, -15.2991981506, -66.7647399902, 33.1765518188, 30.9323272705], [267.53503418, 479.621612549, -67.2510910034, -40.1076622009, -65.271484375, -62.430355072, -115.912605286, -81.3136901855, -51.1512374878, -7.49958610535, -17.8801631927, -24.7177200317, -25.8810844421], [-756.478515625, -67.2510910034, 683.623046875, -91.291557312, 103.162147522, 77.4255752563, 10.3045330048, 100.349586487, -2.17832899094, 13.528049469, 33.8754920959, -51.7637443542, -44.6497993469], [170.766571045, -40.1076622009, -91.291557312, 221.357269287, -30.1319789886, -29.843667984, 47.4135360718, -38.6302146912, -15.3164682388, 27.6192569733, -18.019744873, -17.6320114136, 27.6112880707], [-212.914825439, -65.271484375, 103.162147522, -30.1319789886, 157.297821045, 79.8015518188, 11.5420560837, 53.8893432617, 21.0448436737, -2.05324244499, 8.10091590881, 21.7173404694, 5.31061029434], [-265.530334473, -62.430355072, 77.4255752563, -29.843667984, 79.8015518188, 244.8931427, 65.9453201294, -17.0946903229, 43.4169006348, -9.74005126953, -8.4399728775, 23.1575927734, -10.3365383148], [-140.703231812, -115.912605286, 10.3045330048, 47.4135360718, 11.5420560837, 65.9453201294, 166.538116455, 43.4103660583, -16.4264888763, 21.5527057648, 3.45468878746, -9.40440654755, 20.3748569489], [-345.628967285, -81.3136901855, 100.349586487, -38.6302146912, 53.8893432617, -17.0946903229, 43.4103660583, 188.019195557, 31.9600734711, -3.80478620529, 44.1403274536, 3.22014141083, -8.59033489227], [-13.1552476883, -51.1512374878, -2.17832899094, -15.3164682388, 21.0448436737, 43.4169006348, -16.4264888763, 31.9600734711, 127.851356506, 17.0360641479, -6.0411863327, 33.7980194092, -10.9267015457], [-15.2991981506, -7.49958610535, 13.528049469, 27.6192569733, -2.05324244499, -9.74005126953, 21.5527057648, -3.80478620529, 17.0360641479, 93.6482849121, 23.5553073883, -24.6966896057, -1.98082184792], [-66.7647399902, -17.8801631927, 33.8754920959, -18.019744873, 8.10091590881, -8.4399728775, 3.45468878746, 44.1403274536, -6.0411863327, 23.5553073883, 108.37323761, 16.960351944, -27.8361682892], [33.1765518188, -24.7177200317, -51.7637443542, -17.6320114136, 21.7173404694, 23.1575927734, -9.40440654755, 3.22014141083, 33.7980194092, -24.6966896057, 16.960351944, 94.8907394409, 13.3019294739], [30.9323272705, -25.8810844421, -44.6497993469, 27.6112880707, 5.31061029434, -10.3365383148, 20.3748569489, -8.59033489227, -10.9267015457, -1.98082184792, -27.8361682892, 13.3019294739, 79.2211608887]],
