{
"lowlevel": {
    "average_loudness": 0.949480712414,
    "barkbands_crest": {
        "dmean": 1.95517706871,
        "dmean2": 3.14988088608,
        "dvar": 5.16707420349,
        "dvar2": 12.6675081253,
        "max": 26.6620235443,
        "mean": 13.4830007553,
        "median": 13.1743497849,
        "min": 3.62730193138,
        "var": 22.4902019501
    },
    "barkbands_flatness_db": {
        "dmean": 0.0290200617164,
        "dmean2": 0.0411047004163,
        "dvar": 0.000972661247943,
        "dvar2": 0.00166001543403,
        "max": 0.617657005787,
        "mean": 0.32907012105,
        "median": 0.319346755743,
        "min": 0.07228513062,
        "var": 0.00939814373851
    },
    "barkbands_kurtosis": {
        "dmean": 4.76372480392,
        "dmean2": 7.22507429123,
        "dvar": 127.465072632,
        "dvar2": 276.922180176,
        "max": 355.231933594,
        "mean": 10.7499446869,
        "median": 5.74673843384,
        "min": -1.60776925087,
        "var": 374.312225342
    },
    "barkbands_skewness": {
        "dmean": 0.499233752489,
        "dmean2": 0.753728687763,
        "dvar": 0.494073569775,
        "dvar2": 1.04773521423,
        "max": 15.3039140701,
        "mean": 2.29399943352,
        "median": 2.03843426704,
        "min": -1.86575865746,
        "var": 2.16269183159
    },
    "barkbands_spread": {
        "dmean": 1.67715954781,
        "dmean2": 2.47301626205,
        "dvar": 6.8533372879,
        "dvar2": 13.3352766037,
        "max": 30.2989387512,
        "mean": 8.14067363739,
        "median": 5.82479190826,
        "min": 0.24439547956,
        "var": 44.0360069275
    },
    "dissonance": {
        "dmean": 0.0219114124775,
        "dmean2": 0.035756226629,
        "dvar": 0.000500930298585,
        "dvar2": 0.00123912468553,
        "max": 0.500000119209,
        "mean": 0.437405973673,
        "median": 0.447665423155,
        "min": 0.228380292654,
        "var": 0.0018399162218
    },
    "dynamic_complexity": 2.39182877541,
    "erbbands_crest": {
        "dmean": 1.70640277863,
        "dmean2": 2.53933310509,
        "dvar": 3.14851498604,
        "dvar2": 7.2231836319,
        "max": 31.8699703217,
        "mean": 9.53934764862,
        "median": 8.32922554016,
        "min": 3.16929769516,
        "var": 22.0772514343
    },
    "erbbands_flatness_db": {
        "dmean": 0.0200493000448,
        "dmean2": 0.025629170239,
        "dvar": 0.000547114061192,
        "dvar2": 0.00089139980264,
        "max": 0.517920196056,
        "mean": 0.284679144621,
        "median": 0.285113453865,
        "min": 0.100387498736,
        "var": 0.00368142547086
    },
    "erbbands_kurtosis": {
        "dmean": 1.17383992672,
        "dmean2": 1.76976454258,
        "dvar": 7.91675424576,
        "dvar2": 16.6780033112,
        "max": 68.4605407715,
        "mean": 1.53954470158,
        "median": -0.0933368206024,
        "min": -1.78559172153,
        "var": 23.7944507599
    },
    "erbbands_skewness": {
        "dmean": 0.308423548937,
        "dmean2": 0.454621702433,
        "dvar": 0.149574935436,
        "dvar2": 0.300337433815,
        "max": 7.74410104752,
        "mean": 0.72290968895,
        "median": 0.571326732635,
        "min": -2.010648489,
        "var": 1.13474464417
    },
    "erbbands_spread": {
        "dmean": 4.1326341629,
        "dmean2": 6.24066638947,
        "dvar": 24.2161483765,
        "dvar2": 55.1202545166,
        "max": 67.894203186,
        "mean": 24.5157413483,
        "median": 24.439201355,
        "min": 1.68906831741,
        "var": 106.968025208
    },
    "hfc": {
        "dmean": 3.23824644089,
        "dmean2": 5.14034461975,
        "dvar": 41.179271698,
        "dvar2": 105.123443604,
        "max": 76.6382904053,
        "mean": 13.4571943283,
        "median": 11.3429307938,
        "min": 1.24546334901e-16,
        "var": 95.2006759644
    },
    "melbands_crest": {
        "dmean": 2.12873697281,
        "dmean2": 3.47447323799,
        "dvar": 5.75551795959,
        "dvar2": 14.8279895782,
        "max": 34.2360992432,
        "mean": 16.7052555084,
        "median": 16.6506881714,
        "min": 2.42644405365,
        "var": 20.3761940002
    },
    "melbands_flatness_db": {
        "dmean": 0.032107103616,
        "dmean2": 0.0422238148749,
        "dvar": 0.00144257990178,
        "dvar2": 0.00222885003313,
        "max": 0.790858328342,
        "mean": 0.435098648071,
        "median": 0.430988758802,
        "min": 0.0100167458877,
        "var": 0.0151254702359
    },
    "melbands_kurtosis": {
        "dmean": 7.69855308533,
        "dmean2": 11.1684703827,
        "dvar": 342.797607422,
        "dvar2": 488.064208984,
        "max": 753.014099121,
        "mean": 21.1028270721,
        "median": 12.9011621475,
        "min": -1.57488262653,
        "var": 1505.76196289
    },
    "melbands_skewness": {
        "dmean": 0.58770185709,
        "dmean2": 0.872056603432,
        "dvar": 0.637132227421,
        "dvar2": 1.25180244446,
        "max": 21.5438938141,
        "mean": 3.12103247643,
        "median": 2.82391905785,
        "min": -0.398750275373,
        "var": 3.22572374344
    },
    "melbands_spread": {
        "dmean": 1.9103884697,
        "dmean2": 2.76429581642,
        "dvar": 17.4334144592,
        "dvar2": 26.5989055634,
        "max": 131.083587646,
        "mean": 8.35106372833,
        "median": 5.50428533554,
        "min": 0.377490490675,
        "var": 67.645980835
    },
    "pitch_salience": {
        "dmean": 0.0593347325921,
        "dmean2": 0.0967552214861,
        "dvar": 0.00410460168496,
        "dvar2": 0.0105015104637,
        "max": 0.802899003029,
        "mean": 0.489830106497,
        "median": 0.492585122585,
        "min": 0.0495261065662,
        "var": 0.0164281129837
    },
    "silence_rate_20dB": {
        "dmean": 0,
        "dmean2": 0,
        "dvar": 0,
        "dvar2": 0,
        "max": 1,
        "mean": 1,
        "median": 1,
        "min": 1,
        "var": 0
    },
    "silence_rate_30dB": {
        "dmean": 0.0690721645951,
        "dmean2": 0.138215571642,
        "dvar": 0.0643001496792,
        "dvar2": 0.142836302519,
        "max": 1,
        "mean": 0.897990703583,
        "median": 1,
        "min": 0,
        "var": 0.0916036963463
    },
    "silence_rate_60dB": {
        "dmean": 0.011855670251,
        "dmean2": 0.0232078395784,
        "dvar": 0.0117154847831,
        "dvar2": 0.0257631018758,
        "max": 1,
        "mean": 0.0443070568144,
        "median": 0,
        "min": 0,
        "var": 0.042342428118
    },
    "spectral_centroid": {
        "dmean": 90.2928237915,
        "dmean2": 132.842056274,
        "dvar": 70209.6796875,
        "dvar2": 86933.265625,
        "max": 11228.5380859,
        "mean": 547.25402832,
        "median": 420.474182129,
        "min": 129.247238159,
        "var": 171797.25
    },
    "spectral_complexity": {
        "dmean": 1.93762886524,
        "dmean2": 2.99381113052,
        "dvar": 6.25949287415,
        "dvar2": 10.7848796844,
        "max": 37,
        "mean": 14.4590415955,
        "median": 15,
        "min": 0,
        "var": 62.9785957336
    },
    "spectral_decrease": {
        "dmean": 4.03573885421e-09,
        "dmean2": 6.79526435121e-09,
        "dvar": 7.82019992179e-17,
        "dvar2": 2.06765109938e-16,
        "max": 5.59452255263e-29,
        "mean": -1.42260239144e-08,
        "median": -1.22567573868e-08,
        "min": -9.9062226866e-08,
        "var": 1.08700763825e-16
    },
    "spectral_energy": {
        "dmean": 0.0154803032055,
        "dmean2": 0.0260526053607,
        "dvar": 0.00114527472761,
        "dvar2": 0.00303025473841,
        "max": 0.378674030304,
        "mean": 0.0549128800631,
        "median": 0.0475363917649,
        "min": 1.10855676079e-20,
        "var": 0.00158834434114
    },
    "spectral_energyband_high": {
        "dmean": 2.1745920094e-05,
        "dmean2": 2.76308419416e-05,
        "dvar": 3.57901841497e-09,
        "dvar2": 5.4007411876e-09,
        "max": 0.000858813291416,
        "mean": 3.65923260688e-05,
        "median": 4.32565275332e-06,
        "min": 8.16647630675e-21,
        "var": 8.61882831771e-09
    },
    "spectral_energyband_low": {
        "dmean": 0.010770149529,
        "dmean2": 0.0179685782641,
        "dvar": 0.000770248589106,
        "dvar2": 0.00201951339841,
        "max": 0.333154946566,
        "mean": 0.0337547659874,
        "median": 0.0266000609845,
        "min": 1.13060756627e-22,
        "var": 0.00110278674401
    },
    "spectral_energyband_middle_high": {
        "dmean": 0.000810180557892,
        "dmean2": 0.00110258848872,
        "dvar": 2.22607923206e-06,
        "dvar2": 3.49379797626e-06,
        "max": 0.0223973114043,
        "mean": 0.00351846544072,
        "median": 0.00169183162507,
        "min": 1.62563709561e-21,
        "var": 1.81442264875e-05
    },
    "spectral_energyband_middle_low": {
        "dmean": 0.00794102158397,
        "dmean2": 0.0134028866887,
        "dvar": 0.000391867535654,
        "dvar2": 0.00107715732884,
        "max": 0.223726123571,
        "mean": 0.0195333641022,
        "median": 0.0151735628024,
        "min": 3.63278247111e-22,
        "var": 0.000383510196116
    },
    "spectral_entropy": {
        "dmean": 0.180394768715,
        "dmean2": 0.251942783594,
        "dvar": 0.0555483028293,
        "dvar2": 0.0876226574183,
        "max": 9.79643535614,
        "mean": 6.31560230255,
        "median": 6.44955348969,
        "min": 3.68980336189,
        "var": 0.575326800346
    },
    "spectral_flux": {
        "dmean": 0.0324773825705,
        "dmean2": 0.0498622134328,
        "dvar": 0.00293531641364,
        "dvar2": 0.00588101381436,
        "max": 0.500232875347,
        "mean": 0.0719142183661,
        "median": 0.0506749376655,
        "min": 1.05288021357e-10,
        "var": 0.00485477549955
    },
    "spectral_kurtosis": {
        "dmean": 17.670501709,
        "dmean2": 29.3184738159,
        "dvar": 508.993103027,
        "dvar2": 1192.78027344,
        "max": 263.824371338,
        "mean": 37.5605163574,
        "median": 20.7510910034,
        "min": -1.21503090858,
        "var": 1775.44018555
    },
    "spectral_rms": {
        "dmean": 0.000903175969142,
        "dmean2": 0.00145506078843,
        "dvar": 2.65893868345e-06,
        "dvar2": 6.45702129987e-06,
        "max": 0.0192207731307,
        "mean": 0.00683215353638,
        "median": 0.00681006396189,
        "min": 3.28864518083e-12,
        "var": 6.89519538355e-06
    },
    "spectral_rolloff": {
        "dmean": 111.839012146,
        "dmean2": 175.39654541,
        "dvar": 216544.546875,
        "dvar2": 262357.6875,
        "max": 18884.6191406,
        "mean": 499.023529053,
        "median": 301.46484375,
        "min": 64.599609375,
        "var": 351016.9375
    },
    "spectral_skewness": {
        "dmean": 1.09209394455,
        "dmean2": 1.82953774929,
        "dvar": 1.26350259781,
        "dvar2": 3.23546242714,
        "max": 13.0743293762,
        "mean": 3.5948009491,
        "median": 2.727196455,
        "min": -0.0294767152518,
        "var": 5.62217283249
    },
    "spectral_spread": {
        "dmean": 393510.3125,
        "dmean2": 586031.75,
        "dvar": 1.05679218278e+12,
        "dvar2": 1.2420832297e+12,
        "max": 40389236,
        "mean": 1729382.625,
        "median": 1555896.5,
        "min": 327839.71875,
        "var": 1.84060320154e+12
    },
    "spectral_strongpeak": {
        "dmean": 0.178144574165,
        "dmean2": 0.307114452124,
        "dvar": 0.0898896679282,
        "dvar2": 0.243174105883,
        "max": 3.49893903732,
        "mean": 0.634201407433,
        "median": 0.57709389925,
        "min": 0,
        "var": 0.149061009288
    },
    "zerocrossingrate": {
        "dmean": 0.00334950862452,
        "dmean2": 0.00380703248084,
        "dvar": 0.000126359343994,
        "dvar2": 0.000133957830258,
        "max": 0.48583984375,
        "mean": 0.0191684979945,
        "median": 0.015625,
        "min": 0.00244140625,
        "var": 0.000268380448688
    },
    "barkbands": {
        "dmean": [0.000302655796986, 0.00694138556719, 0.00415751570836, 0.00229039788246, 0.00491954479367, 0.000972909620032, 0.000471605046187, 0.000608805043157, 0.000248223135713, 0.000395518261939, 0.000146155100083, 0.000246730429353, 9.60880788625e-05, 0.000152485241415, 0.000182747942745, 0.000119081196317, 0.000121822908113, 5.99809209234e-05, 2.25357034651e-05, 1.19777196232e-05, 5.93456979914e-06, 4.84273596157e-06, 3.32029048877e-06, 1.97648341782e-06, 7.43716327634e-07, 1.4287050476e-07, 1.00738404285e-08],
        "dmean2": [0.000538326916285, 0.011264456436, 0.00756251486018, 0.00400211988017, 0.00830111745745, 0.00149448157754, 0.000718833005521, 0.00099114025943, 0.000365204265108, 0.000538427673746, 0.000225500378292, 0.000340169732226, 0.000144040284795, 0.000210559330299, 0.000273794052191, 0.000179704409675, 0.000188593592611, 9.54397619353e-05, 3.43188658007e-05, 1.90712307813e-05, 8.24239668873e-06, 6.39689869786e-06, 3.92942865801e-06, 2.93369134852e-06, 1.05722710941e-06, 2.10896772046e-07, 1.69422698093e-08],
        "dvar": [1.37488837026e-06, 0.000271072145551, 0.000166962752701, 3.44076834153e-05, 0.000194345004275, 2.60591468759e-06, 1.4190541151e-06, 3.78412664759e-06, 3.3194334037e-07, 5.47098522929e-07, 1.15815559809e-07, 2.33386344917e-07, 3.10759098454e-08, 8.20934005219e-08, 9.21609171201e-08, 5.66768427746e-08, 5.24603116503e-08, 1.44695260218e-08, 2.16869810998e-09, 9.85503456619e-10, 2.89976848089e-10, 3.55110663097e-10, 1.42564460237e-10, 7.89490972597e-11, 1.0657650977e-11, 4.61802688104e-13, 2.84711808132e-15],
        "dvar2": [3.83796532333e-06, 0.00066345219966, 0.000480528426124, 9.5402552688e-05, 0.00054676074069, 5.88367765886e-06, 3.45835451299e-06, 1.07683008537e-05, 7.32655394131e-07, 1.06747609152e-06, 2.45890220185e-07, 3.98158363168e-07, 6.7704100104e-08, 1.36533259365e-07, 2.06082873433e-07, 1.27536480932e-07, 1.23063230717e-07, 3.41311370278e-08, 4.8923052276e-09, 2.48394527169e-09, 5.50545165012e-10, 5.79439607407e-10, 2.25005028498e-10, 1.78950479435e-10, 2.07215355985e-11, 1.13120927556e-12, 7.00078914246e-15],
        "max": [0.0166495777667, 0.214496642351, 0.137900233269, 0.0734747499228, 0.174906775355, 0.0211104806513, 0.0194689184427, 0.0276410616934, 0.00851176958531, 0.0144650544971, 0.00753043033183, 0.00851394515485, 0.00347571773455, 0.00541129428893, 0.00484884111211, 0.00366773176938, 0.00320305093192, 0.00160268438049, 0.000751314277295, 0.000566619099118, 0.000269237993052, 0.000293942692224, 0.00015896394325, 0.000124134938233, 5.54884609301e-05, 1.96440305444e-05, 1.57140516421e-06],
        "mean": [0.000294730794849, 0.0245121978223, 0.007231854368, 0.00337008107454, 0.0101591972634, 0.00275890296325, 0.00099637999665, 0.00126676098444, 0.000541939225513, 0.00116068776697, 0.000283753121039, 0.000550156109966, 0.000235770174186, 0.000373949587811, 0.000407639628975, 0.000285113026621, 0.000247870193562, 0.000135483278427, 5.24458082509e-05, 2.48795458901e-05, 9.00217673916e-06, 6.90302340445e-06, 4.16113198298e-06, 2.0082275114e-06, 9.58375380833e-07, 1.86967298532e-07, 1.06114637077e-08],
        "median": [4.14103706134e-05, 0.0176528245211, 0.00492839515209, 0.00168453599326, 0.00684110540897, 0.00192522211, 0.000462212832645, 0.000543221889529, 0.000205882970477, 0.00046988815302, 0.000100023011328, 0.000169395192643, 9.84566140687e-05, 0.000128489482449, 0.00017723950441, 9.62933627306e-05, 7.00160453562e-05, 3.23315653077e-05, 1.18688421935e-05, 4.75112392451e-06, 1.14759336611e-06, 1.63397373854e-07, 2.19020872549e-08, 7.17809545137e-09, 3.99301480769e-09, 1.89740601009e-09, 9.63284674249e-10],
        "min": [4.27799773772e-23, 4.87554567393e-23, 2.0911576104e-23, 3.06225327334e-23, 1.81519213542e-23, 1.03919479055e-23, 1.56143057057e-23, 6.34155562941e-23, 1.55313408888e-22, 1.09910412203e-22, 1.03226286468e-22, 1.2371658876e-22, 7.97677214698e-23, 1.81331997917e-22, 1.04431968853e-22, 1.13164722183e-22, 9.83767924518e-23, 2.01938862297e-22, 3.0183683732e-22, 3.55975364125e-22, 4.47544646686e-22, 5.70718524387e-22, 5.83468990483e-22, 9.36709039373e-22, 1.07783522033e-21, 1.57031949312e-21, 3.08481035334e-21],
        "var": [9.83322934189e-07, 0.000635252101347, 0.000118415999168, 3.26944245899e-05, 0.000178727321327, 7.42396605347e-06, 2.21908067033e-06, 4.50960533271e-06, 8.52567723086e-07, 2.83575172944e-06, 3.3729969573e-07, 9.52211223648e-07, 1.18214529721e-07, 3.58755414709e-07, 3.23138038993e-07, 2.01202482231e-07, 1.54060188606e-07, 4.74141650386e-08, 7.82371234465e-09, 2.18157691911e-09, 5.30747834571e-10, 7.29628135687e-10, 2.81639878086e-10, 8.92976734224e-11, 1.81117586207e-11, 7.51292799674e-13, 5.1326685652e-15]
    },
    "erbbands": {
        "dmean": [0.184755787253, 1.70847451687, 4.3986287117, 6.67953300476, 13.4163150787, 17.3481063843, 10.5029439926, 6.65620756149, 6.87155818939, 10.18014431, 13.1889038086, 5.62674856186, 9.0561208725, 12.3509378433, 5.05334997177, 11.3766927719, 4.63865041733, 8.2038192749, 9.03762054443, 7.62419652939, 5.53399705887, 4.80702257156, 3.48577833176, 1.8338727951, 0.668207168579, 0.568986475468, 0.330707073212, 0.193865865469, 0.186417251825, 0.118172138929, 0.0973684489727, 0.052028387785, 0.0277127269655, 0.0103893112391, 0.00456819031388, 0.00110642425716, 0.000178995396709, 3.07466907543e-05, 7.47370359022e-06, 1.68842216226e-05],
        "dmean2": [0.294214427471, 2.82568979263, 7.93535995483, 11.8684358597, 22.9652633667, 29.2995376587, 15.8188447952, 10.6024074554, 10.8052549362, 16.5617618561, 20.5985870361, 8.23114204407, 12.1737318039, 17.3958339691, 7.5768532753, 15.4149045944, 6.75991010666, 11.2776679993, 13.4572582245, 11.6613807678, 8.60370540619, 7.39983606339, 5.46348953247, 2.80262684822, 1.01826047897, 0.898471236229, 0.492036193609, 0.254893422127, 0.229684025049, 0.166043922305, 0.122069239616, 0.0737785920501, 0.0420312918723, 0.0149345127866, 0.00648014666513, 0.00155339052435, 0.000275792262983, 5.2485098422e-05, 1.24258558571e-05, 2.83851841232e-05],
        "dvar": [0.234108865261, 16.6148223877, 160.817428589, 399.025543213, 1282.78442383, 2613.67138672, 297.918395996, 160.748519897, 208.00567627, 1323.8828125, 1411.88623047, 173.003158569, 283.990142822, 626.000793457, 95.0876693726, 499.172363281, 64.882019043, 236.112472534, 241.766525269, 191.270645142, 102.505081177, 84.3350830078, 45.4781265259, 14.1074237823, 2.05353665352, 2.18097138405, 0.684054911137, 0.462738037109, 0.49321103096, 0.21261434257, 0.126024127007, 0.0478886701167, 0.0172285530716, 0.00217662518844, 0.000355016003596, 2.15367108467e-05, 9.82862047749e-07, 3.07908116781e-08, 2.52012799518e-10, 1.35335642693e-09],
        "dvar2": [0.52982032299, 42.9367294312, 461.34765625, 1127.22521973, 3626.16015625, 7394.56640625, 722.447692871, 368.233398438, 462.272094727, 3726.15673828, 3869.47045898, 405.822692871, 527.794372559, 1244.29052734, 205.785095215, 825.560424805, 130.637649536, 398.099121094, 531.025817871, 416.328399658, 240.174667358, 184.380981445, 102.241630554, 31.8472194672, 4.83127069473, 5.49269104004, 1.45813262463, 0.803524076939, 0.72197753191, 0.392288058996, 0.218567207456, 0.0997870787978, 0.0410913415253, 0.00442598387599, 0.000648901448585, 4.56914931419e-05, 2.42011310547e-06, 8.60522888502e-08, 6.56350584993e-10, 3.58038776405e-09],
        "max": [6.73449277878, 50.2150878906, 154.130447388, 254.464935303, 505.380157471, 659.115478516, 306.82434082, 231.50112915, 152.44430542, 579.149536133, 566.717956543, 199.620849609, 473.332397461, 401.96496582, 150.390197754, 441.044799805, 173.979202271, 287.099334717, 247.626739502, 187.387893677, 145.740997314, 143.038406372, 93.5879058838, 58.0251197815, 21.526140213, 24.6298007965, 10.8065385818, 9.20674705505, 11.2758255005, 5.54276371002, 4.74606895447, 2.50157213211, 2.19099593163, 0.657675802708, 0.336070805788, 0.0993881523609, 0.0345212370157, 0.00516790477559, 0.000168792554177, 0.000411425251514],
        "mean": [0.52246183157, 6.05457258224, 9.86406230927, 10.4568595886, 24.4954948425, 34.7461967468, 29.6520233154, 16.7746391296, 14.6698112488, 20.9844875336, 27.7729873657, 13.6161966324, 26.6704025269, 32.7463722229, 12.2215690613, 26.1783943176, 13.3613014221, 21.1375999451, 20.8224830627, 19.3724822998, 13.5206012726, 11.021487236, 8.45254516602, 4.48574447632, 1.53335177898, 1.19920802116, 0.594511687756, 0.265961706638, 0.25753608346, 0.173754349351, 0.113705188036, 0.0549610964954, 0.0279298126698, 0.0124437185004, 0.00614563422278, 0.0013888127869, 0.000266029353952, 3.77453434339e-05, 2.64446171059e-05, 6.05203895248e-05],
        "median": [0.287504374981, 4.30531787872, 8.1346578598, 5.92809963226, 11.9242677689, 19.5291404724, 20.1859016418, 10.9552202225, 7.53147649765, 6.92390966415, 12.7144269943, 7.06846666336, 12.8217725754, 10.845448494, 5.79639148712, 8.21168994904, 6.1155834198, 7.61218261719, 8.51362419128, 8.27451515198, 5.22205877304, 3.32896995544, 2.17575550079, 1.19222104549, 0.39140433073, 0.230898246169, 0.0894478783011, 0.021532677114, 0.00740617187694, 0.00209230929613, 0.000612562987953, 0.000235174506088, 0.000154765686602, 8.75482655829e-05, 5.71412638237e-05, 3.73299953935e-05, 1.9579742002e-05, 3.18812999467e-06, 2.29572760873e-05, 5.27710544702e-05],
        "min": [2.74861656625e-21, 6.23436495717e-21, 1.7759855326e-20, 7.27462051005e-20, 8.80873810843e-20, 5.04879865071e-20, 7.21982496435e-20, 7.27555044201e-20, 2.36938338443e-19, 3.87933309175e-19, 1.67333126829e-18, 3.2751405717e-18, 5.06853224622e-18, 2.13039312108e-18, 6.23753614792e-18, 4.39334524404e-18, 3.80999224706e-18, 6.26443027118e-18, 9.15823933972e-18, 4.22991296656e-18, 6.69265795198e-18, 6.32119678148e-18, 9.66901096026e-18, 1.78901448286e-17, 1.21897462697e-17, 1.83756336738e-17, 1.41482245829e-17, 2.07204640629e-17, 1.81881085202e-17, 1.93952346948e-17, 2.06235069145e-17, 2.2331628262e-17, 1.28071356809e-17, 1.06916328449e-17, 7.92676014071e-18, 6.10158984143e-18, 3.25929840861e-18, 1.16050410392e-18, 4.43773920033e-19, 4.83280596002e-20],
        "var": [0.441330254078, 38.2825546265, 127.935630798, 306.866027832, 1400.12805176, 2600.64550781, 985.038330078, 361.984344482, 395.455535889, 1618.16223145, 1845.28588867, 377.656890869, 1549.29260254, 2619.29052734, 296.946075439, 2197.55517578, 325.810394287, 1051.62414551, 857.338317871, 750.003845215, 360.228881836, 297.938995361, 172.109817505, 55.1679115295, 6.49112892151, 4.96709632874, 1.46602988243, 0.799537777901, 1.03617107868, 0.443211376667, 0.218403354287, 0.0616563558578, 0.017889322713, 0.00320136733353, 0.000691832858138, 3.53796240233e-05, 1.86322336049e-06, 5.94946776289e-08, 3.66654762107e-10, 1.87747839497e-09]
    },
    "gfcc": {
        "mean": [-114.192687988, 225.603775024, -118.254646301, 12.6896982193, -2.00560855865, -18.7606544495, -19.3078670502, -9.3587808609, -9.71066474915, -11.1281461716, -4.75637197495, -9.84443378448, 3.7042183876],
        "cov": [[9218.11523438, -936.330871582, -2409.30102539, 828.274597168, -818.018859863, 395.84161377, 546.114990234, 378.402099609, 28.4766731262, -79.1089477539, -332.600036621, -108.782691956, 107.391555786], [-936.330871582, 1676.13232422, 87.7582092285, -504.071899414, 889.281005859, -468.744293213, 339.348815918, -49.2882003784, 124.563560486, -32.0109901428, 54.1218261719, -179.900650024, 53.162727356], [-2409.30102539, 87.7582092285, 2392.96044922, 72.967300415, 96.1482315063, 419.328857422, -360.171447754, 54.8846054077, 137.287719727, 1.77940773964, 50.3431777954, -3.44603013992, -22.586265564], [828.274597168, -504.071899414, 72.967300415, 456.907012939, -162.735107422, 219.811172485, 26.2751789093, 66.5931243896, 29.1570224762, 2.16885900497, -26.756937027, 37.9999313354, 25.9989814758], [-818.018859863, 889.281005859, 96.1482315063, -162.735107422, 770.664123535, -244.081207275, 226.059112549, -28.2431125641, 38.8776779175, -11.8362474442, 42.1573944092, -63.8901252747, 76.5071487427], [395.84161377, -468.744293213, 419.328857422, 219.811172485, -244.081207275, 456.146453857, -88.4784545898, 104.254142761, 19.900592804, -9.9947271347, -26.9233551025, 18.1437702179, -13.9296712875], [546.114990234, 339.348815918, -360.171447754, 26.2751789093, 226.059112549, -88.4784545898, 338.062133789, 67.2337417603, 36.4865455627, 5.92067956924, -32.6750183105, -53.155330658, 36.1597633362], [378.402099609, -49.2882003784, 54.8846054077, 66.5931243896, -28.2431125641, 104.254142761, 67.2337417603, 168.248031616, 51.7712249756, -0.513362646103, -15.2617406845, -8.98067951202, 10.8508453369], [28.4766731262, 124.563560486, 137.287719727, 29.1570224762, 38.8776779175, 19.900592804, 36.4865455627, 51.7712249756, 110.181793213, 17.5006313324, 5.39318943024, -22.5789318085, 2.90148735046], [-79.1089477539, -32.0109901428, 1.77940773964, 2.16885900497, -11.8362474442, -9.9947271347, 5.92067956924, -0.513362646103, 17.5006313324, 81.7509231567, 33.1746444702, 6.38266658783, -19.5836429596], [-332.600036621, 54.1218261719, 50.3431777954, -26.756937027, 42.1573944092, -26.9233551025, -32.6750183105, -15.2617406845, 5.39318943024, 33.1746444702, 130.118591309, 38.0384292603, -28.2971534729], [-108.782691956, -179.900650024, -3.44603013992, 37.9999313354, -63.8901252747, 18.1437702179, -53.155330658, -8.98067951202, -22.5789318085, 6.38266658783, 38.0384292603, 121.05695343, 7.57212209702], [107.391555786, 53.162727356, -22.586265564, 25.9989814758, 76.5071487427, -13.9296712875, 36.1597633362, 10.8508453369, 2.90148735046, -19.5836429596, -28.2971534729, 7.57212209702, 88.3940429688]],
        "icov": [[0.000359227298759, -0.000817426946014, 0.00053716392722, -0.00105969619472, 0.000652720569633, -0.000550859607756, 0.000462447904283, -0.000621637445875, 0.000474400323583, -0.000344198429957, 0.000592100957874, -2.94353740173e-05, -0.00016024892102], [-0.000817426946014, 0.00882235635072, -0.00225386768579, 0.00786503124982, -0.00502960663289, 0.00334350089543, -0.00607512472197, 0.00370468641631, -0.0074157807976, 0.00559224234894, -0.00447238655761, 0.00405902881175, -0.000588639464695], [0.00053716392722, -0.00225386768579, 0.00181113241706, -0.00239209830761, 0.000759140355512, -0.00198740372434, 0.00274955597706, -0.00135097187012, 0.000623303872999, -0.00134384061676, 0.00150419084821, -0.000553661375307, 0.000150880936417], [-0.00105969619472, 0.00786503124982, -0.00239209830761, 0.0107900323346, -0.0040507633239, 0.00167679588776, -0.00643250113353, 0.00412242487073, -0.00720903649926, 0.00461362395436, -0.00417554425076, 0.00219706888311, -0.00159819622058], [0.000652720569633, -0.00502960663289, 0.000759140355512, -0.0040507633239, 0.00609935959801, -0.000943098508287, 0.000788678356912, -0.00144628994167, 0.00420784950256, -0.00218819314614, 0.000733290624339, -0.00118527980521, -0.00224212533794], [-0.000550859607756, 0.00334350089543, -0.00198740372434, 0.00167679588776, -0.000943098508287, 0.0063275299035, -0.00213980232365, -0.000672929396387, -0.001397236716, 0.00249386252835, -0.00163864321075, 0.00155489856843, 0.000369323242921], [0.000462447904283, -0.00607512472197, 0.00274955597706, -0.00643250113353, 0.000788678356912, -0.00213980232365, 0.0114446785301, -0.00527133885771, 0.00405421946198, -0.00525869382545, 0.00475754030049, -0.00166797253769, 0.000999733805656], [-0.000621637445875, 0.00370468641631, -0.00135097187012, 0.00412242487073, -0.00144628994167, -0.000672929396387, -0.00527133885771, 0.0114509938285, -0.00657319929451, 0.00297811115161, -0.00241119693965, 0.000930876180064, -0.00111018843018], [0.000474400323583, -0.0074157807976, 0.000623303872999, -0.00720903649926, 0.00420784950256, -0.001397236716, 0.00405421946198, -0.00657319929451, 0.0197312533855, -0.00732054794207, 0.00264750467613, -0.00136555556674, 0.00014455539349], [-0.000344198429957, 0.00559224234894, -0.00134384061676, 0.00461362395436, -0.00218819314614, 0.00249386252835, -0.00525869382545, 0.00297811115161, -0.00732054794207, 0.0187021810561, -0.00631556240842, 0.00243214378133, 0.00158065953292], [0.000592100957874, -0.00447238655761, 0.00150419084821, -0.00417554425076, 0.000733290624339, -0.00163864321075, 0.00475754030049, -0.00241119693965, 0.00264750467613, -0.00631556240842, 0.014267523773, -0.00616516685113, 0.00464925123379], [-2.94353740173e-05, 0.00405902881175, -0.000553661375307, 0.00219706888311, -0.00118527980521, 0.00155489856843, -0.00166797253769, 0.000930876180064, -0.00136555556674, 0.00243214378133, -0.00616516685113, 0.0138388974592, -0.00392961408943], [-0.00016024892102, -0.000588639464695, 0.000150880936417, -0.00159819622058, -0.00224212533794, 0.000369323242921, 0.000999733805656, -0.00111018843018, 0.00014455539349, 0.00158065953292, 0.00464925123379, -0.00392961408943, 0.0162668619305]]
    },
    "melbands": {
        "dmean": [0.00179933977779, 0.00223448942415, 0.00125384062994, 0.00121328129899, 0.000418203067966, 0.000159181465278, 0.000102256017271, 0.000113009002234, 0.000100246455986, 3.28283822455e-05, 4.52351087006e-05, 5.2496427088e-05, 2.00097001652e-05, 2.77224153251e-05, 1.71570300154e-05, 1.00160123111e-05, 1.73000571522e-05, 1.35194022732e-05, 1.07339492388e-05, 1.19664628073e-05, 7.05865704731e-06, 6.03092348683e-06, 4.89274771098e-06, 2.69431029665e-06, 1.53735982167e-06, 5.87197746427e-07, 4.34304524788e-07, 4.2418821522e-07, 2.51069849355e-07, 1.2996258647e-07, 1.16264473604e-07, 1.25068211787e-07, 9.84572707807e-08, 5.77428735937e-08, 6.49536104902e-08, 3.72829767059e-08, 3.07856069526e-08, 2.27898073746e-08, 9.57157997306e-09, 8.89853435382e-09],
        "dmean2": [0.00289304973558, 0.00393068185076, 0.00222476315685, 0.00207180948928, 0.000648242945317, 0.000252024445217, 0.000158830851433, 0.000187336205272, 0.000154334687977, 4.82385621581e-05, 6.08673035458e-05, 7.42305128369e-05, 3.06912443193e-05, 3.85569619539e-05, 2.37287858909e-05, 1.47328883031e-05, 2.37053809542e-05, 2.01530874619e-05, 1.60772760864e-05, 1.81776740646e-05, 1.12080497274e-05, 9.37182630878e-06, 7.73883493821e-06, 4.28500925409e-06, 2.3855704967e-06, 9.24011544612e-07, 6.88646821345e-07, 6.85574491399e-07, 3.92037094343e-07, 1.85003472097e-07, 1.55613193442e-07, 1.47838122189e-07, 1.52569739953e-07, 7.86522278418e-08, 8.21388823624e-08, 5.01549344278e-08, 4.54953870133e-08, 3.57566527498e-08, 1.3543115962e-08, 1.31017809935e-08],
        "dvar": [1.94783096958e-05, 3.68396940758e-05, 1.08721687866e-05, 1.30263360916e-05, 6.29737257896e-07, 8.564843057e-08, 4.83658091355e-08, 1.7050561496e-07, 7.5441569436e-08, 5.46501910392e-09, 7.00141455923e-09, 1.15376845855e-08, 1.72003378207e-09, 3.22828075383e-09, 9.6133379035e-10, 3.29778593322e-10, 1.10497233585e-09, 5.43126543739e-10, 3.54862361718e-10, 5.45157585741e-10, 1.73648276314e-10, 1.33799776814e-10, 9.50058781646e-11, 3.71011416034e-11, 1.04677273793e-11, 1.55630337176e-12, 9.29317495353e-13, 1.24000625306e-12, 3.91821476523e-13, 1.61645951615e-13, 1.93519462607e-13, 2.26854247735e-13, 1.57773710004e-13, 5.07456252854e-14, 5.68417519e-14, 2.09184984601e-14, 1.84477694215e-14, 1.27257001798e-14, 1.73035945635e-15, 1.65461459384e-15],
        "dvar2": [4.59892944491e-05, 0.000103390833829, 3.06158835883e-05, 3.67797874787e-05, 1.65874098457e-06, 1.92596033344e-07, 1.06898774277e-07, 4.86404644562e-07, 2.04035501383e-07, 1.2361929258e-08, 1.30181474489e-08, 2.31466366074e-08, 3.90720522603e-09, 5.76930903051e-09, 1.72438285873e-09, 6.94635904352e-10, 1.82914239311e-09, 1.17452692017e-09, 8.2946077784e-10, 1.16420884044e-09, 4.27134327907e-10, 3.04849256949e-10, 2.23397120247e-10, 8.94373672344e-11, 2.47030694511e-11, 3.7743350112e-12, 2.38168816266e-12, 3.23836205247e-12, 9.02469613796e-13, 3.41314297788e-13, 3.4629051471e-13, 3.42144905073e-13, 3.85265631246e-13, 8.73593799838e-14, 1.0258750094e-13, 3.93356171474e-14, 4.08677574475e-14, 3.15199967093e-14, 3.54625060565e-15, 3.50399297895e-15],
        "max": [0.0598934516311, 0.0799551680684, 0.0407807789743, 0.0451588407159, 0.0161203294992, 0.00483789294958, 0.00237308233045, 0.00586666772142, 0.00425758212805, 0.00110005121678, 0.00235798256472, 0.00173189595807, 0.000736955786124, 0.0010527849663, 0.000548618438188, 0.000314226403134, 0.00063834321918, 0.000368909997633, 0.000274465070106, 0.000379289849661, 0.000179519454832, 0.000185777826118, 0.000149786967086, 0.000108053784061, 5.37406704098e-05, 1.90695809579e-05, 1.29851132442e-05, 1.83929532795e-05, 8.74384204508e-06, 6.41562337478e-06, 5.84603139941e-06, 7.48872844269e-06, 4.92952449349e-06, 3.09509937324e-06, 3.1502602269e-06, 2.19967432713e-06, 1.58651232596e-06, 1.85971384781e-06, 6.36548747934e-07, 6.11330506217e-07],
        "mean": [0.00601320993155, 0.0064874375239, 0.00216865120456, 0.00226174108684, 0.00113930634689, 0.000417029310483, 0.000220796107897, 0.000228723351029, 0.000211649530684, 7.79620313551e-05, 0.000131564112962, 0.000135708309244, 4.02383993787e-05, 6.07355250395e-05, 4.18902272941e-05, 2.65822563961e-05, 4.15173053625e-05, 3.07415175484e-05, 2.41840753006e-05, 2.93819284707e-05, 1.38095647344e-05, 1.21865814435e-05, 1.03891479739e-05, 5.96306563239e-06, 3.48421758645e-06, 1.1721433566e-06, 8.4610525164e-07, 8.05108697932e-07, 4.46973928092e-07, 1.80412754958e-07, 1.45280580455e-07, 1.57145223056e-07, 1.21801875252e-07, 8.43673575446e-08, 7.35707033073e-08, 4.13966887436e-08, 3.05986631588e-08, 2.18731326385e-08, 1.15884004614e-08, 1.01040846801e-08],
        "median": [0.00395400822163, 0.00571347819641, 0.00143253058195, 0.00138474302366, 0.000792422099039, 0.00027962072636, 0.000115494847705, 8.00066482043e-05, 9.62387930485e-05, 3.79646735382e-05, 6.15782191744e-05, 4.16911607317e-05, 1.69013928826e-05, 1.95880056708e-05, 1.73216394614e-05, 1.03024349301e-05, 1.36358939926e-05, 1.23061736303e-05, 1.06299758045e-05, 1.01085051938e-05, 4.89528292746e-06, 3.51159701495e-06, 2.52960921898e-06, 1.32701188704e-06, 8.70348173976e-07, 2.56259909293e-07, 1.79185420279e-07, 1.35795275469e-07, 6.06116046242e-08, 2.12734505567e-08, 6.67006094801e-09, 4.1806527129e-09, 1.92198812421e-09, 6.90433266115e-10, 2.98141927813e-10, 1.41482589533e-10, 8.9387428015e-11, 8.68897037654e-11, 5.3122423127e-11, 4.09069930707e-11],
        "min": [2.10363123681e-23, 8.96549254026e-24, 1.34332662304e-23, 5.25569387874e-24, 2.13559398742e-24, 1.73288522847e-24, 3.50054581223e-24, 5.10762113696e-24, 1.32858202386e-23, 2.37472297134e-23, 2.59857219285e-23, 7.40301467795e-24, 1.78235217148e-23, 1.84045004166e-23, 8.35342009706e-24, 6.8631064415e-24, 1.27016576942e-23, 1.7819578988e-23, 5.67656221573e-24, 6.10570925349e-24, 7.87350867676e-24, 6.18806869857e-24, 7.82466950926e-24, 8.52429289116e-24, 1.55929670182e-23, 1.06866616066e-23, 9.70352713736e-24, 1.18346443391e-23, 8.05795697818e-24, 1.22301129327e-23, 1.08185339064e-23, 8.93633781892e-24, 1.31104556705e-23, 9.03433327601e-24, 1.1254852873e-23, 1.12784114151e-23, 1.391231937e-23, 8.78606928281e-24, 6.59789258846e-24, 1.07924344433e-23],
        "var": [4.30521613453e-05, 4.03433114116e-05, 9.38493849389e-06, 1.11941144496e-05, 1.42658734603e-06, 2.03096959694e-07, 8.83430715248e-08, 1.96208830516e-07, 1.0462441935e-07, 1.35703821513e-08, 3.81877001132e-08, 4.73725449979e-08, 4.55535165145e-09, 1.1922613119e-08, 4.05580458107e-09, 1.45851530853e-09, 4.64788696419e-09, 1.99478833451e-09, 1.11274311987e-09, 2.12019268808e-09, 4.19860840539e-10, 3.86432691402e-10, 2.79365697242e-10, 1.16836720854e-10, 3.55580981326e-11, 4.21723333338e-12, 2.19980305673e-12, 2.48934943839e-12, 8.21772229258e-13, 2.54961389458e-13, 3.08214093353e-13, 4.24989823064e-13, 2.34349621956e-13, 1.08615183904e-13, 9.38325616208e-14, 3.13347709325e-14, 2.12032065625e-14, 1.20463619684e-14, 2.56215798666e-15, 2.27431183898e-15]
    },
    "mfcc": {
        "mean": [-746.990478516, 235.907577515, -15.130616188, 32.4957389832, 29.0382823944, 3.86702370644, 2.91054797173, 2.02519583702, 1.85550951958, -0.0251220203936, -3.77480745316, -1.13389015198, -2.22881484032],
        "cov": [[8390.5390625, 110.034492493, -3081.68505859, 333.153808594, -970.958374023, -281.596160889, 270.118164062, 233.339035034, 369.167144775, 277.760223389, -45.8866577148, -160.249801636, -24.5103092194], [110.034492493, 1716.8939209, -382.842254639, 9.70597743988, 338.163543701, -143.211990356, 201.738327026, 26.3874778748, 163.052597046, 199.995620728, 35.0376739502, -27.0315513611, -6.42111444473], [-3081.68505859, -382.842254639, 2345.17407227, -139.361206055, 389.435211182, 362.048370361, -273.683776855, 59.8165473938, -109.888580322, -41.8286705017, 55.0294952393, 81.6413497925, 28.7677135468], [333.153808594, 9.70597743988, -139.361206055, 304.897766113, 23.4733142853, 34.7698783875, 83.7945785522, 35.3175888062, 89.139213562, 23.2273960114, 11.4444522858, 19.1042747498, 13.0595006943], [-970.958374023, 338.163543701, 389.435211182, 23.4733142853, 380.468505859, 85.9375610352, 28.8498382568, 29.6393985748, 1.73155939579, 13.9424142838, -8.60382843018, 25.4213829041, 12.6556577682], [-281.596160889, -143.211990356, 362.048370361, 34.7698783875, 85.9375610352, 209.556610107, -0.38022378087, 32.6122245789, 14.3533763885, 4.64132499695, 12.1979532242, 15.3540153503, 7.75600337982], [270.118164062, 201.738327026, -273.683776855, 83.7945785522, 28.8498382568, -0.38022378087, 188.350524902, 54.5982208252, 67.5763549805, 62.4138145447, 1.54894030094, 0.278959393501, 7.55636262894], [233.339035034, 26.3874778748, 59.8165473938, 35.3175888062, 29.6393985748, 32.6122245789, 54.5982208252, 149.077560425, 77.6455001831, 36.8305549622, 3.61477780342, 12.4164848328, 30.1167564392], [369.167144775, 163.052597046, -109.888580322, 89.139213562, 1.73155939579, 14.3533763885, 67.5763549805, 77.6455001831, 172.894729614, 88.4217529297, -26.1557559967, -20.973077774, 27.8826389313], [277.760223389, 199.995620728, -41.8286705017, 23.2273960114, 13.9424142838, 4.64132499695, 62.4138145447, 36.8305549622, 88.4217529297, 157.507629395, 30.3766403198, -36.9359550476, -0.177904546261], [-45.8866577148, 35.0376739502, 55.0294952393, 11.4444522858, -8.60382843018, 12.1979532242, 1.54894030094, 3.61477780342, -26.1557559967, 30.3766403198, 119.186759949, 42.7731437683, -16.7315578461], [-160.249801636, -27.0315513611, 81.6413497925, 19.1042747498, 25.4213829041, 15.3540153503, 0.278959393501, 12.4164848328, -20.973077774, -36.9359550476, 42.7731437683, 96.4304504395, 24.90965271], [-24.5103092194, -6.42111444473, 28.7677135468, 13.0595006943, 12.6556577682, 7.75600337982, 7.55636262894, 30.1167564392, 27.8826389313, -0.177904546261, -16.7315578461, 24.90965271, 69.811050415]],
