{
"lowlevel": {
    "average_loudness": 0.927432715893,
    "barkbands_crest": {
        "dmean": 3.38081097603,
        "dmean2": 5.89406108856,
        "dvar": 10.0106210709,
        "dvar2": 29.4862308502,
        "max": 25.1043949127,
        "mean": 12.1253843307,
        "median": 11.3102455139,
        "min": 3.81298494339,
        "var": 18.2243423462
    },
    "barkbands_flatness_db": {
        "dmean": 0.0291346590966,
        "dmean2": 0.0490658394992,
        "dvar": 0.000827818585094,
        "dvar2": 0.00238897232339,
        "max": 0.508604764938,
        "mean": 0.329131066799,
        "median": 0.328487873077,
        "min": 0.0475711375475,
        "var": 0.00260658492334
    },
    "barkbands_kurtosis": {
        "dmean": 3.58848071098,
        "dmean2": 6.24738264084,
        "dvar": 24.2905921936,
        "dvar2": 71.2012176514,
        "max": 58.0259170532,
        "mean": 4.04263877869,
        "median": 2.09203386307,
        "min": -1.72975099087,
        "var": 36.8195877075
    },
    "barkbands_skewness": {
        "dmean": 0.845625340939,
        "dmean2": 1.47421813011,
        "dvar": 0.578193724155,
        "dvar2": 1.69668781757,
        "max": 6.4418721199,
        "mean": 0.73263835907,
        "median": 0.628959298134,
        "min": -3.07790470123,
        "var": 1.39804697037
    },
    "barkbands_spread": {
        "dmean": 2.19267702103,
        "dmean2": 3.76325440407,
        "dvar": 3.58963418007,
        "dvar2": 10.0751304626,
        "max": 30.665102005,
        "mean": 6.11030101776,
        "median": 5.67320632935,
        "min": 0.67454969883,
        "var": 10.1052923203
    },
    "dissonance": {
        "dmean": 0.0470597967505,
        "dmean2": 0.0798661932349,
        "dvar": 0.00195776578039,
        "dvar2": 0.00532481446862,
        "max": 0.499305546284,
        "mean": 0.36908736825,
        "median": 0.380984842777,
        "min": 0.110612697899,
        "var": 0.00521164946258
    },
    "dynamic_complexity": 2.61014080048,
    "erbbands_crest": {
        "dmean": 2.55421161652,
        "dmean2": 4.04651784897,
        "dvar": 6.84883069992,
        "dvar2": 16.7686309814,
        "max": 30.7796535492,
        "mean": 16.4407215118,
        "median": 15.7155895233,
        "min": 3.26880908012,
        "var": 31.4189910889
    },
    "erbbands_flatness_db": {
        "dmean": 0.0243989359587,
        "dmean2": 0.0366931669414,
        "dvar": 0.000656957505271,
        "dvar2": 0.00145752727985,
        "max": 0.501018464565,
        "mean": 0.342501282692,
        "median": 0.345944225788,
        "min": 0.0973569899797,
        "var": 0.00300568365492
    },
    "erbbands_kurtosis": {
        "dmean": 2.07667040825,
        "dmean2": 3.24515962601,
        "dvar": 12.2552719116,
        "dvar2": 31.0417671204,
        "max": 50.7026023865,
        "mean": 4.06383562088,
        "median": 2.24145793915,
        "min": -1.52318811417,
        "var": 37.0359191895
    },
    "erbbands_skewness": {
        "dmean": 0.386085212231,
        "dmean2": 0.613583385944,
        "dvar": 0.163895368576,
        "dvar2": 0.399647414684,
        "max": 4.83638238907,
        "mean": 0.970240652561,
        "median": 0.96759724617,
        "min": -1.5948818922,
        "var": 1.02090775967
    },
    "erbbands_spread": {
        "dmean": 2.3146276474,
        "dmean2": 3.70563149452,
        "dvar": 6.44518852234,
        "dvar2": 14.814573288,
        "max": 39.7745857239,
        "mean": 10.6207094193,
        "median": 9.63338470459,
        "min": 0.734773933887,
        "var": 33.7344551086
    },
    "hfc": {
        "dmean": 2.44024324417,
        "dmean2": 3.83566856384,
        "dvar": 10.0592126846,
        "dvar2": 23.094461441,
        "max": 70.6459197998,
        "mean": 10.4109897614,
        "median": 7.71871185303,
        "min": 1.17412279312e-16,
        "var": 92.2063903809
    },
    "melbands_crest": {
        "dmean": 3.99187707901,
        "dmean2": 6.77587842941,
        "dvar": 14.7760381699,
        "dvar2": 38.7881813049,
        "max": 32.847038269,
        "mean": 16.3106498718,
        "median": 14.8023433685,
        "min": 2.38126254082,
        "var": 41.2053565979
    },
    "melbands_flatness_db": {
        "dmean": 0.0268233660609,
        "dmean2": 0.0439966283739,
        "dvar": 0.000741951807868,
        "dvar2": 0.00187016057316,
        "max": 0.616198122501,
        "mean": 0.422403007746,
        "median": 0.424141615629,
        "min": 0.00763704674318,
        "var": 0.00348993577063
    },
    "melbands_kurtosis": {
        "dmean": 4.07612276077,
        "dmean2": 6.72109365463,
        "dvar": 36.0927963257,
        "dvar2": 93.9693374634,
        "max": 90.2108459473,
        "mean": 6.33977985382,
        "median": 3.38394355774,
        "min": -1.50528562069,
        "var": 83.4808959961
    },
    "melbands_skewness": {
        "dmean": 0.738449275494,
        "dmean2": 1.23186838627,
        "dvar": 0.503392279148,
        "dvar2": 1.25060617924,
        "max": 6.68782091141,
        "mean": 1.22547197342,
        "median": 1.12423872948,
        "min": -2.66626477242,
        "var": 1.63914358616
    },
    "melbands_spread": {
        "dmean": 2.01488089561,
        "dmean2": 3.29519534111,
        "dvar": 8.55692577362,
        "dvar2": 11.4835205078,
        "max": 127.107292175,
        "mean": 7.29416275024,
        "median": 6.60527801514,
        "min": 0.755535423756,
        "var": 21.8969268799
    },
    "pitch_salience": {
        "dmean": 0.0858947262168,
        "dmean2": 0.144687324762,
        "dvar": 0.00572559051216,
        "dvar2": 0.0163014288992,
        "max": 0.94227284193,
        "mean": 0.483795821667,
        "median": 0.487753450871,
        "min": 0.145350471139,
        "var": 0.0116817997769
    },
    "silence_rate_20dB": {
        "dmean": 0,
        "dmean2": 0,
        "dvar": 0,
        "dvar2": 0,
        "max": 1,
        "mean": 1,
        "median": 1,
        "min": 1,
        "var": 0
    },
    "silence_rate_30dB": {
        "dmean": 0.0268179476261,
        "dmean2": 0.0536635704339,
        "dvar": 0.0260990243405,
        "dvar2": 0.0672952085733,
        "max": 1,
        "mean": 0.978350520134,
        "median": 1,
        "min": 0,
        "var": 0.0211809240282
    },
    "silence_rate_60dB": {
        "dmean": 0.0165033526719,
        "dmean2": 0.0325077399611,
        "dvar": 0.0162311103195,
        "dvar2": 0.0376437753439,
        "max": 1,
        "mean": 0.0221649482846,
        "median": 0,
        "min": 0,
        "var": 0.0216739233583
    },
    "spectral_centroid": {
        "dmean": 51.2070960999,
        "dmean2": 81.5668716431,
        "dvar": 54277.5664062,
        "dvar2": 51689.2304688,
        "max": 11112.4511719,
        "mean": 464.112213135,
        "median": 443.835327148,
        "min": 236.240188599,
        "var": 68760.703125
    },
    "spectral_complexity": {
        "dmean": 1.18617844582,
        "dmean2": 2.01135182381,
        "dvar": 1.24383318424,
        "dvar2": 2.93592262268,
        "max": 17,
        "mean": 8.54742240906,
        "median": 9,
        "min": 0,
        "var": 5.72816944122
    },
    "spectral_decrease": {
        "dmean": 6.26732710174e-09,
        "dmean2": 1.15544072088e-08,
        "dvar": 1.08139730229e-16,
        "dvar2": 3.3783099126e-16,
        "max": -1.09762238279e-28,
        "mean": -9.34140942377e-09,
        "median": -5.83026782408e-09,
        "min": -7.2827148756e-08,
        "var": 1.06295448335e-16
    },
    "spectral_energy": {
        "dmean": 0.0238347072154,
        "dmean2": 0.0438969619572,
        "dvar": 0.00155259284656,
        "dvar2": 0.00484603876248,
        "max": 0.276831805706,
        "mean": 0.0362008884549,
        "median": 0.0226591844112,
        "min": 1.10639147013e-20,
        "var": 0.00155771861318
    },
    "spectral_energyband_high": {
        "dmean": 3.30095372192e-06,
        "dmean2": 5.82004986427e-06,
        "dvar": 1.77693998404e-10,
        "dvar2": 5.03130981322e-10,
        "max": 0.000153995293658,
        "mean": 4.88029763801e-06,
        "median": 1.26722920868e-06,
        "min": 7.44351479682e-21,
        "var": 1.70147604339e-10
    },
    "spectral_energyband_low": {
        "dmean": 0.0115582887083,
        "dmean2": 0.0218039173633,
        "dvar": 0.00039605749771,
        "dvar2": 0.00112543348223,
        "max": 0.115349553525,
        "mean": 0.00880801770836,
        "median": 0.00236913794652,
        "min": 1.00748688934e-22,
        "var": 0.000289975578198
    },
    "spectral_energyband_middle_high": {
        "dmean": 0.000325164699461,
        "dmean2": 0.000493406318128,
        "dvar": 1.04616856333e-06,
        "dvar2": 1.94971858036e-06,
        "max": 0.0361887961626,
        "mean": 0.00180832692422,
        "median": 0.000604846107308,
        "min": 1.90630698993e-21,
        "var": 1.80146453204e-05
    },
    "spectral_energyband_middle_low": {
        "dmean": 0.00518755288795,
        "dmean2": 0.00817605666816,
        "dvar": 4.65457815153e-05,
        "dvar2": 0.00011012476898,
        "max": 0.127180203795,
        "mean": 0.020002707839,
        "median": 0.0157299786806,
        "min": 3.79094491742e-22,
        "var": 0.000238159496803
    },
    "spectral_entropy": {
        "dmean": 0.193807810545,
        "dmean2": 0.288634091616,
        "dvar": 0.0414164625108,
        "dvar2": 0.0865611732006,
        "max": 9.80390739441,
        "mean": 5.80413246155,
        "median": 5.81594276428,
        "min": 4.42452669144,
        "var": 0.267608880997
    },
    "spectral_flux": {
        "dmean": 0.0498845912516,
        "dmean2": 0.0815499052405,
        "dvar": 0.00336699862964,
        "dvar2": 0.00606482382864,
        "max": 0.421436369419,
        "mean": 0.0964059755206,
        "median": 0.0704308822751,
        "min": 1.05185145316e-10,
        "var": 0.0064308680594
    },
    "spectral_kurtosis": {
        "dmean": 20.3359107971,
        "dmean2": 34.6976089478,
        "dvar": 368.525390625,
        "dvar2": 982.615966797,
        "max": 188.088760376,
        "mean": 54.2948379517,
        "median": 48.9379005432,
        "min": -1.1908608675,
        "var": 1251.59924316
    },
    "spectral_rms": {
        "dmean": 0.00161616981495,
        "dmean2": 0.00288521056063,
        "dvar": 4.22187304139e-06,
        "dvar2": 1.28170804601e-05,
        "max": 0.0164341051131,
        "mean": 0.00532187381759,
        "median": 0.0047017573379,
        "min": 3.28543203927e-12,
        "var": 6.99557631378e-06
    },
    "spectral_rolloff": {
        "dmean": 120.79208374,
        "dmean2": 216.275817871,
        "dvar": 180352.125,
        "dvar2": 206008.109375,
        "max": 18884.6191406,
        "mean": 538.8828125,
        "median": 506.030273438,
        "min": 21.533203125,
        "var": 220538.0625
    },
    "spectral_skewness": {
        "dmean": 1.2150169611,
        "dmean2": 2.10026884079,
        "dvar": 1.05575680733,
        "dvar2": 2.89972925186,
        "max": 10.7541694641,
        "mean": 5.08469820023,
        "median": 4.88447713852,
        "min": -0.00167491903994,
        "var": 3.87533044815
    },
    "spectral_spread": {
        "dmean": 358258.21875,
        "dmean2": 601931.625,
        "dvar": 606573756416,
        "dvar2": 917497839616,
        "max": 40873012,
        "mean": 1487096.375,
        "median": 1329905,
        "min": 462563.75,
        "var": 1.60585993421e+12
    },
    "spectral_strongpeak": {
        "dmean": 0.54923170805,
        "dmean2": 0.987088322639,
        "dvar": 0.724575519562,
        "dvar2": 2.05622982979,
        "max": 6.65021848679,
        "mean": 1.15811491013,
        "median": 1.07883286476,
        "min": 0,
        "var": 1.09074211121
    },
    "zerocrossingrate": {
        "dmean": 0.00256328773685,
        "dmean2": 0.00328896986321,
        "dvar": 0.000121253848192,
        "dvar2": 0.000129749954795,
        "max": 0.4814453125,
        "mean": 0.0202817935497,
        "median": 0.01953125,
        "min": 0.0029296875,
        "var": 0.000142177610542
    },
    "barkbands": {
        "dmean": [0.0131879616529, 0.00529627362266, 0.00211750576273, 0.00113541958854, 0.0017705836799, 0.00163247692399, 0.00111877673771, 0.000783092400525, 0.000745716155507, 0.00020669643709, 0.000138347633765, 7.00473901816e-05, 7.08761872374e-05, 1.51984486365e-05, 1.29241743707e-05, 1.95463635464e-05, 5.17117041454e-06, 2.35384686675e-06, 1.97546251002e-06, 1.9584290385e-06, 1.33139576519e-06, 5.4157806062e-07, 3.25412088387e-07, 2.23650062026e-07, 1.47240669435e-07, 1.11971871775e-07, 1.13719531569e-08],
        "dmean2": [0.0249321833253, 0.00998112652451, 0.00400369893759, 0.00213495409116, 0.00302286632359, 0.00258607068099, 0.00158100831322, 0.00113791890908, 0.00116008287296, 0.00031318407855, 0.000214770829189, 0.00011681815522, 0.000101882127638, 2.54301830864e-05, 2.09467580135e-05, 2.93902376143e-05, 8.2155884229e-06, 3.99148984798e-06, 3.33394837071e-06, 3.44075033354e-06, 2.27314149015e-06, 9.79345031737e-07, 5.94841480961e-07, 4.0436037807e-07, 2.78323199154e-07, 2.15662581127e-07, 2.19099209886e-08],
        "dvar": [0.000891909410711, 0.000103519269032, 1.82370313269e-05, 5.41598228665e-06, 7.70402220951e-06, 6.83552889313e-06, 1.16187575259e-05, 2.67989184977e-06, 3.5132325138e-06, 6.72450880757e-07, 6.17935825176e-07, 2.00868477407e-08, 3.46420243602e-08, 1.19194709658e-09, 1.05684561102e-09, 4.31284163938e-09, 9.84979806051e-11, 1.8164351967e-11, 1.91604076355e-11, 2.10384001886e-11, 2.16467763853e-11, 7.03619497736e-12, 2.94019517934e-12, 1.27924873385e-12, 7.78073894377e-13, 5.77141904146e-13, 1.38312153953e-14],
        "dvar2": [0.00294397701509, 0.000286090624286, 5.07758377353e-05, 1.50439936988e-05, 1.99528440135e-05, 1.54071149154e-05, 2.34829840338e-05, 5.27008705831e-06, 8.11708105175e-06, 1.3243010244e-06, 1.08289862055e-06, 5.26562828895e-08, 5.97792251256e-08, 3.18938653265e-09, 2.41101427711e-09, 8.70836647238e-09, 2.0362955766e-10, 4.75284429868e-11, 5.07899000635e-11, 5.86627274535e-11, 5.84178191931e-11, 2.00807825229e-11, 8.45058745202e-12, 3.6718007107e-12, 2.28049285185e-12, 1.69543329029e-12, 4.10146939469e-14],
        "max": [0.201553910971, 0.0573575496674, 0.0362109839916, 0.0236089117825, 0.0303188711405, 0.0392071641982, 0.10843102634, 0.0291355121881, 0.0323795340955, 0.0225279796869, 0.0256320610642, 0.00290407263674, 0.00543573824689, 0.000650379457511, 0.000926420267206, 0.00227847392671, 0.000222489819862, 5.88784605497e-05, 4.69782862638e-05, 4.61331983388e-05, 6.97826908436e-05, 3.11193289235e-05, 2.07904886338e-05, 1.51771291712e-05, 1.03132751974e-05, 1.2644582057e-05, 2.87638931695e-06],
        "mean": [0.00952731631696, 0.00347008998506, 0.0016596512869, 0.00106178468559, 0.00415342673659, 0.00566008454189, 0.0035566277802, 0.00259164022282, 0.00237181852572, 0.000928424182348, 0.000749885104597, 0.000156886002515, 0.00016951415455, 2.68412877631e-05, 2.94783894788e-05, 5.779764615e-05, 1.3646813386e-05, 5.5435775721e-06, 3.63543949788e-06, 3.63561684935e-06, 2.05293008548e-06, 4.59637305994e-07, 2.59474973063e-07, 2.41240542209e-07, 1.06234374186e-07, 6.29408987152e-08, 6.97840407682e-09],
        "median": [0.00108792760875, 0.000646478962153, 0.000350353540853, 0.000192812120076, 0.00250645517372, 0.00316344690509, 0.000731646781787, 0.000659534242004, 0.000581955071539, 0.000107279571239, 4.91368591611e-05, 8.00691996119e-05, 4.64914846816e-05, 1.02121794043e-05, 1.2524164049e-05, 1.80696006282e-05, 6.54278483125e-06, 2.73854993793e-06, 1.65296364685e-06, 1.67815323948e-06, 3.70136035599e-07, 5.11798923242e-08, 2.26425189709e-08, 4.60246134537e-08, 1.42246641133e-08, 1.9657897532e-09, 9.63658930431e-10],
        "min": [3.99642961482e-23, 3.33041265412e-23, 4.2150011991e-23, 3.22643668473e-23, 2.37296602034e-23, 1.92754139e-23, 4.17391132781e-23, 8.30558578058e-23, 1.65921694797e-22, 1.96921504991e-22, 3.23672500866e-23, 1.67399477397e-22, 1.19000412237e-22, 2.02054780674e-22, 1.23140997978e-22, 1.24182874975e-22, 1.65041994981e-22, 2.25809528232e-22, 3.52384494528e-22, 3.06125766777e-22, 3.32880823725e-22, 7.5122539904e-22, 6.56525487268e-22, 1.04536262576e-21, 1.06308672733e-21, 1.70616805578e-21, 1.92478991258e-21],
        "var": [0.000638637575321, 6.40937651042e-05, 1.25712276713e-05, 4.33909053754e-06, 1.97549379664e-05, 4.0390965296e-05, 6.92884350428e-05, 1.85844837688e-05, 1.59319060913e-05, 7.20771868146e-06, 8.29984674056e-06, 5.60457138477e-08, 1.56229631898e-07, 2.23153051593e-09, 3.7783398632e-09, 2.24598242227e-08, 4.78482420352e-10, 5.79899600561e-11, 3.51883973349e-11, 3.12236903e-11, 3.5763007139e-11, 4.34534266208e-12, 1.74402940006e-12, 8.65482110892e-13, 4.19660942282e-13, 3.05300571065e-13, 7.16203372243e-15]
    },
    "erbbands": {
        "dmean": [0.185304164886, 1.16746747494, 2.53077101707, 3.217056036, 4.18241977692, 5.84631252289, 14.3511991501, 11.5647935867, 16.2716026306, 17.5059986115, 13.5069713593, 20.8533248901, 7.96858596802, 3.31004953384, 6.57900667191, 3.45298099518, 3.56918740273, 0.941797018051, 0.524175345898, 0.894202291965, 0.846111834049, 0.200138539076, 0.121321879327, 0.107841849327, 0.105759121478, 0.094852373004, 0.0659683570266, 0.0373258143663, 0.0197807177901, 0.014187509194, 0.00941959396005, 0.00554692326114, 0.00349516537972, 0.00182909006253, 0.000969291082583, 0.000478393194498, 0.000196152803255, 4.26027872891e-05, 1.14548274723e-05, 2.57714109466e-05],
        "dmean2": [0.347865104675, 2.21381425858, 4.77900314331, 6.04407072067, 7.61755561829, 10.1353626251, 22.2904777527, 18.5995235443, 23.0603275299, 26.0571517944, 19.4879264832, 32.3166618347, 12.0978822708, 5.14205408096, 10.23503685, 5.62686824799, 5.09526252747, 1.50825333595, 0.883521318436, 1.37877559662, 1.27417933941, 0.320639520884, 0.201612725854, 0.176837772131, 0.181680977345, 0.165384337306, 0.111476093531, 0.065380781889, 0.0354667231441, 0.0259742084891, 0.0173188541085, 0.0100251175463, 0.00641346490011, 0.00342783611268, 0.00184479448944, 0.00091680319747, 0.000377686519641, 8.24608505354e-05, 2.11441310967e-05, 4.7407731472e-05],
        "dvar": [0.100690625608, 5.64133930206, 26.4765167236, 39.6283531189, 69.2675476074, 92.9415740967, 616.273620605, 447.539611816, 3005.05493164, 1453.89001465, 962.805725098, 2966.55517578, 766.106933594, 280.80090332, 1572.52746582, 46.049911499, 86.3754348755, 4.19007349014, 1.21459376812, 5.50174665451, 5.97675180435, 0.112510062754, 0.0489539429545, 0.0441654212773, 0.0649411603808, 0.0468707419932, 0.0420310422778, 0.0237958598882, 0.00865193177015, 0.00562417740002, 0.00250402162783, 0.000749218277633, 0.000338031182764, 0.00011392430315, 3.5573662899e-05, 1.00185361589e-05, 1.87329771961e-06, 1.22595835705e-07, 4.96555796481e-10, 1.80298054264e-09],
        "dvar2": [0.279335319996, 15.7032117844, 73.7401809692, 109.696174622, 189.982208252, 246.493774414, 1217.80688477, 1132.37133789, 6128.69921875, 3395.70410156, 1830.60070801, 6994.29443359, 1515.44519043, 563.836853027, 2827.47607422, 107.15612793, 152.008117676, 10.8290739059, 3.20354175568, 11.9139795303, 12.3143062592, 0.258522301912, 0.125898778439, 0.112668164074, 0.178390353918, 0.130140393972, 0.109599135816, 0.0669181719422, 0.0245431512594, 0.016201229766, 0.00721404049546, 0.00214294833131, 0.000978534575552, 0.00033342660754, 0.000104345810541, 2.94482360914e-05, 5.50949062017e-06, 3.62585183211e-07, 1.52362289452e-09, 5.62092017375e-09],
        "max": [1.86172735691, 15.2237520218, 41.0927619934, 51.3886032104, 90.9097976685, 131.317855835, 411.893676758, 343.552825928, 1697.65356445, 645.803283691, 587.749633789, 918.85949707, 898.219238281, 682.385559082, 1265.75012207, 141.544692993, 269.130493164, 41.8435134888, 22.7638778687, 66.6704025269, 78.6634140015, 5.20528125763, 3.45295834541, 3.10657143593, 2.9011592865, 2.23615670204, 3.84281373024, 1.80021965504, 1.04556167126, 0.89700704813, 0.595015764236, 0.347445577383, 0.240148901939, 0.128330752254, 0.0751203075051, 0.0467154681683, 0.0236016195267, 0.00774556864053, 0.000350953429006, 0.000298994942568],
        "mean": [0.123471409082, 0.778211355209, 2.03811049461, 2.60169363022, 5.86836433411, 12.1344556808, 53.1903457642, 33.5868339539, 52.8030014038, 55.5385818481, 48.2217788696, 66.3840332031, 33.2973976135, 15.4514961243, 37.0441474915, 10.123251915, 8.81766605377, 2.04549646378, 1.06646454334, 2.56702423096, 2.6014559269, 0.569454431534, 0.3095497787, 0.236774817109, 0.181023254991, 0.173859268427, 0.122577421367, 0.0473752953112, 0.0182885825634, 0.0107457255945, 0.00753656681627, 0.00565314060077, 0.00360022461973, 0.00150359759573, 0.00064269034192, 0.000290698546451, 0.000117488474643, 2.50141420111e-05, 1.7471571482e-05, 3.99880118493e-05],
        "median": [0.0191507413983, 0.128381639719, 0.46745043993, 0.599225282669, 2.01999688148, 7.11392498016, 22.5774841309, 17.4453964233, 9.04392719269, 18.4436016083, 17.4905967712, 15.8989114761, 7.89636421204, 3.06456971169, 2.62593078613, 4.96441841125, 2.89037418365, 0.987010598183, 0.549024105072, 1.08539104462, 1.0460934639, 0.374809980392, 0.168081998825, 0.119727864861, 0.0785517543554, 0.0748978108168, 0.0329450368881, 0.00729716289788, 0.00226214295253, 0.00104478874709, 0.000653134135064, 0.000943945138715, 0.000674092909321, 0.000260903587332, 8.44769383548e-05, 2.7158019293e-05, 1.07210998976e-05, 2.03392073672e-06, 1.08094009192e-05, 2.52968911809e-05],
        "min": [7.58117948137e-22, 9.32713752975e-21, 3.35397924636e-20, 9.38804564937e-20, 9.065284298e-20, 9.64277398031e-20, 5.27591078141e-20, 2.58116979708e-19, 3.32990344377e-19, 9.17883965249e-19, 2.99063614271e-18, 3.52918055912e-18, 3.31329696579e-18, 5.41556842759e-18, 2.68886473203e-18, 6.70191079431e-18, 7.57462190932e-18, 8.89796282408e-18, 8.35112530165e-18, 6.00851671967e-18, 6.41952829039e-18, 9.28009214294e-18, 1.09468602501e-17, 1.23447061498e-17, 2.16454058433e-17, 1.71428384304e-17, 1.17943630359e-17, 1.56046663029e-17, 2.44372727596e-17, 2.25699803555e-17, 2.13059143763e-17, 2.21172693694e-17, 1.61746036711e-17, 1.00638193036e-17, 9.1126178474e-18, 6.05063551569e-18, 3.03379718631e-18, 1.32293063317e-18, 2.82444981909e-19, 2.80211794588e-20],
        "var": [0.0676176175475, 3.4381506443, 18.127822876, 26.6698589325, 84.5803909302, 212.672821045, 5091.98144531, 2141.2878418, 17023.2539062, 7396.54394531, 6779.72509766, 12799.4833984, 8720.76757812, 2891.64794922, 20242.5410156, 278.982849121, 387.523284912, 9.70057582855, 2.21761107445, 26.843919754, 29.5183982849, 0.417255938053, 0.167867138982, 0.131539031863, 0.0822066813707, 0.073050647974, 0.099996753037, 0.0231296233833, 0.00566519144922, 0.00324826943688, 0.00147570134141, 0.000506797689013, 0.000213439241634, 6.28873240203e-05, 1.90244682017e-05, 5.30646411789e-06, 9.90012154034e-07, 6.37862740405e-08, 4.40138869795e-10, 1.85281123777e-09]
    },
    "gfcc": {
        "mean": [-149.199325562, 221.061920166, -112.770332336, -14.728061676, -41.6317558289, -22.1629199982, -23.754491806, -5.83819818497, -5.974360466, -9.39338588715, 5.79421377182, -13.570476532, 8.91015338898],
        "cov": [[3493.83886719, -178.74937439, -10.9251880646, 479.142730713, -250.601119995, 203.673568726, 262.767913818, 98.3812103271, -74.3681182861, 31.2615356445, -89.1156387329, -68.0729522705, 121.711013794], [-178.74937439, 557.692687988, 176.164474487, -239.371429443, 228.996856689, -53.4638671875, 83.1066207886, 69.9230728149, 54.7498855591, -104.281600952, -21.8039875031, 1.2778468132, -57.0965423584], [-10.9251880646, 176.164474487, 497.42980957, 91.6845321655, 141.669281006, -6.97728681564, 38.1793556213, 111.982681274, 100.992980957, -36.7016296387, -87.1925811768, 23.8887748718, -135.131149292], [479.142730713, -239.371429443, 91.6845321655, 576.882385254, 32.3516387939, 56.4306488037, -27.9752254486, -62.1019973755, 0.602021276951, 88.1805725098, 6.12220621109, -56.7804870605, 4.14419221878], [-250.601119995, 228.996856689, 141.669281006, 32.3516387939, 313.209747314, -7.81155920029, -41.3918609619, -8.77746486664, 48.3761672974, -10.7384624481, -2.40150308609, 32.3829421997, -50.6320838928], [203.673568726, -53.4638671875, -6.97728681564, 56.4306488037, -7.81155920029, 188.313934326, 78.7936172485, 12.5064945221, -36.3852920532, -22.1575984955, -25.5246677399, -2.54891443253, 26.5682411194], [262.767913818, 83.1066207886, 38.1793556213, -27.9752254486, -41.3918609619, 78.7936172485, 233.797210693, 105.626426697, -13.9459352493, -59.8191986084, -59.8534584045, -31.12733078, 7.54781341553], [98.3812103271, 69.9230728149, 111.982681274, -62.1019973755, -8.77746486664, 12.5064945221, 105.626426697, 182.131698608, 73.0399551392, -74.8928909302, -103.259483337, -27.1990146637, -36.4610176086], [-74.3681182861, 54.7498855591, 100.992980957, 0.602021276951, 48.3761672974, -36.3852920532, -13.9459352493, 73.0399551392, 144.001159668, -1.50411474705, -64.1685638428, -9.95039081573, -54.687297821], [31.2615356445, -104.281600952, -36.7016296387, 88.1805725098, -10.7384624481, -22.1575984955, -59.8191986084, -74.8928909302, -1.50411474705, 136.112594604, 82.0828018188, -0.765472054482, -2.88199114799], [-89.1156387329, -21.8039875031, -87.1925811768, 6.12220621109, -2.40150308609, -25.5246677399, -59.8534584045, -103.259483337, -64.1685638428, 82.0828018188, 162.720840454, 32.4091911316, 26.7633190155], [-68.0729522705, 1.2778468132, 23.8887748718, -56.7804870605, 32.3829421997, -2.54891443253, -31.12733078, -27.1990146637, -9.95039081573, -0.765472054482, 32.4091911316, 109.220123291, 4.23532629013], [121.711013794, -57.0965423584, -135.131149292, 4.14419221878, -50.6320838928, 26.5682411194, 7.54781341553, -36.4610176086, -54.687297821, -2.88199114799, 26.7633190155, 4.23532629013, 115.729194641]],
        "icov": [[0.000481396971736, -0.000779346970376, 0.000264461326879, -0.000792188628111, 0.000823176407721, -0.000320144667057, 6.90277229296e-05, -0.000712914508767, 0.00054009782616, -0.000915493641514, 0.000729025166947, -0.000733441615012, -0.000258412648691], [-0.000779346970376, 0.00902462378144, -0.00302131380886, 0.00486078578979, -0.00672070449218, 0.00264591979794, -0.00442475872114, 0.00445372704417, -0.00377048645169, 0.00679095741361, -0.00544222071767, 0.00585103593767, -0.000854055513628], [0.000264461326879, -0.00302131380886, 0.00530406692997, -0.00281308055855, 0.00120655132923, -0.00056581228273, 0.00102037703618, -0.00337032857351, 0.00119299802464, -0.00191035575699, 0.00242543243803, -0.00412758393213, 0.00416099885479], [-0.000792188628111, 0.00486078578979, -0.00281308055855, 0.00558917829767, -0.00398473488167, 0.000571600103285, -0.00185473728925, 0.00391593296081, -0.00219944375567, 0.00204818812199, -0.00236851722002, 0.00518292421475, -0.00140370626468], [0.000823176407721, -0.00672070449218, 0.00120655132923, -0.00398473488167, 0.00938094593585, -0.00246853241697, 0.00346649391577, -0.00203743507154, 0.00119757570792, -0.00360470032319, 0.00318779051304, -0.00500674499199, 0.0010951460572], [-0.000320144667057, 0.00264591979794, -0.00056581228273, 0.000571600103285, -0.00246853241697, 0.00802967790514, -0.00363406213, 0.00161498307716, 0.000675869814586, 0.00190960953478, 0.000105678096588, 0.000554483325686, -0.000894412631169], [6.90277229296e-05, -0.00442475872114, 0.00102037703618, -0.00185473728925, 0.00346649391577, -0.00363406213, 0.0103312255815, -0.00700903963298, 0.00442666886374, -0.00297716911882, 0.00241231080145, -0.00133891834412, -2.00939939532e-05], [-0.000712914508767, 0.00445372704417, -0.00337032857351, 0.00391593296081, -0.00203743507154, 0.00161498307716, -0.00700903963298, 0.0183010958135, -0.00842429511249, 0.00750446505845, -0.000577416212764, 0.00493502430618, -8.74557736097e-06], [0.00054009782616, -0.00377048645169, 0.00119299802464, -0.00219944375567, 0.00119757570792, 0.000675869814586, 0.00442666886374, -0.00842429511249, 0.0163225922734, -0.00821315310895, 0.00774891627952, -0.00315835955553, 0.00230171624571], [-0.000915493641514, 0.00679095741361, -0.00191035575699, 0.00204818812199, -0.00360470032319, 0.00190960953478, -0.00297716911882, 0.00750446505845, -0.00821315310895, 0.0210388991982, -0.012094813399, 0.00588549580425, 0.00177674624138], [0.000729025166947, -0.00544222071767, 0.00242543243803, -0.00236851722002, 0.00318779051304, 0.000105678096588, 0.00241231080145, -0.000577416212764, 0.00774891627952, -0.012094813399, 0.0182475857437, -0.00643127085641, -0.000127682913444], [-0.000733441615012, 0.00585103593767, -0.00412758393213, 0.00518292421475, -0.00500674499199, 0.000554483325686, -0.00133891834412, 0.00493502430618, -0.00315835955553, 0.00588549580425, -0.00643127085641, 0.0163302775472, -0.00247902981937], [-0.000258412648691, -0.000854055513628, 0.00416099885479, -0.00140370626468, 0.0010951460572, -0.000894412631169, -2.00939939532e-05, -8.74557736097e-06, 0.00230171624571, 0.00177674624138, -0.000127682913444, -0.00247902981937, 0.0153353102505]]
    },
    "melbands": {
        "dmean": [0.00210011331365, 0.0014304718934, 0.000589751987718, 0.000327834713971, 0.000453138782177, 0.000269142328762, 0.000240860463236, 0.000186063058209, 0.000115273440315, 0.000117292496725, 3.63316867151e-05, 1.30516991703e-05, 1.9284138034e-05, 1.16722439998e-05, 9.12802988751e-06, 5.23286189491e-06, 1.56496696491e-06, 8.22973390768e-07, 9.2064715318e-07, 1.72452052993e-06, 8.41496103021e-07, 2.58344726944e-07, 1.45698891174e-07, 1.1217588991e-07, 9.10877773208e-08, 7.56435625249e-08, 8.22980226189e-08, 6.20588949118e-08, 4.56146089789e-08, 3.33126592977e-08, 1.84554309612e-08, 1.08885922501e-08, 1.08893098982e-08, 6.45452091774e-09, 5.52502843476e-09, 4.3223189472e-09, 3.27160343261e-09, 2.8558573284e-09, 1.78132597561e-09, 1.39708244973e-09],
        "dmean2": [0.00396485254169, 0.00270609534346, 0.00110094645061, 0.00058593734866, 0.000711702508852, 0.000427979306551, 0.000337533070706, 0.000277460203506, 0.000168153055711, 0.000182663861779, 5.52552482986e-05, 2.03961153602e-05, 3.04785298795e-05, 1.8534323317e-05, 1.37530869324e-05, 7.63918524171e-06, 2.55995314546e-06, 1.41582950164e-06, 1.49284892359e-06, 2.5747476684e-06, 1.29490467771e-06, 4.1655735572e-07, 2.43675430056e-07, 1.897834494e-07, 1.49982383846e-07, 1.2936486371e-07, 1.4345125976e-07, 1.08279586186e-07, 7.65983116935e-08, 5.7268966458e-08, 3.26343077006e-08, 1.93334450671e-08, 2.0001451162e-08, 1.17418172962e-08, 1.01083319493e-08, 7.95647547847e-09, 5.89340443113e-09, 5.24674348412e-09, 3.30625149481e-09, 2.62896726611e-09],
        "dvar": [1.29551281134e-05, 8.34011279949e-06, 1.32541390485e-06, 3.63989727248e-07, 5.28405678324e-07, 2.23005883981e-07, 6.39656889234e-07, 1.65456029322e-07, 6.916084061e-08, 9.27985297494e-08, 1.86085991061e-08, 5.43868461378e-09, 1.18861338549e-08, 2.21385310084e-09, 3.45172723737e-10, 1.45166295651e-10, 1.26221672003e-11, 3.13839904585e-12, 6.08684153428e-12, 3.39714575914e-11, 4.38796438421e-12, 2.21246645679e-13, 5.89017563565e-14, 4.67408568989e-14, 3.33808501674e-14, 3.01265868535e-14, 3.8015411267e-14, 1.89564482818e-14, 1.60595481683e-14, 1.59419664427e-14, 5.89694427593e-15, 2.31324719071e-15, 3.30494447151e-15, 1.12465477198e-15, 8.47347037659e-16, 5.05331491882e-16, 2.44767401936e-16, 2.23116948636e-16, 9.62766499909e-17, 6.70299721333e-17],
        "dvar2": [3.67944521713e-05, 2.3179964046e-05, 3.66084850612e-06, 9.93707544694e-07, 1.07568564545e-06, 5.46827209291e-07, 1.27488726775e-06, 3.7855102164e-07, 1.38095742841e-07, 2.21229441877e-07, 3.6829458594e-08, 1.0882110324e-08, 2.18983871036e-08, 4.05703071138e-09, 6.64012789198e-10, 2.68413818949e-10, 3.31106704554e-11, 8.82955340786e-12, 1.30826677616e-11, 6.87401871535e-11, 9.30298806739e-12, 4.98209492324e-13, 1.55985914831e-13, 1.28086858611e-13, 8.42479230367e-14, 8.19561297083e-14, 1.06323004329e-13, 5.2250914641e-14, 4.20716148822e-14, 4.31161454196e-14, 1.66302789682e-14, 6.51991413875e-15, 9.54680839862e-15, 3.22653844323e-15, 2.43793404044e-15, 1.45728016344e-15, 6.97688756676e-16, 6.46400964659e-16, 2.80106145891e-16, 1.96266705657e-16],
        "max": [0.0210035555065, 0.0211394298822, 0.0100476946682, 0.00640393979847, 0.011619636789, 0.00814532209188, 0.0254934187979, 0.00698607601225, 0.00506757432595, 0.0048996033147, 0.00436918623745, 0.00304247974418, 0.0034179314971, 0.00144335313234, 0.000510134676006, 0.000337884615874, 7.09266751073e-05, 3.56793498213e-05, 6.65508414386e-05, 0.000198899448151, 5.55010628887e-05, 8.03486636869e-06, 3.69716690329e-06, 3.58121747013e-06, 2.78404809251e-06, 1.87342720892e-06, 2.30768227993e-06, 1.52763880124e-06, 2.49036406785e-06, 1.99433429771e-06, 8.99812448552e-07, 5.91899038227e-07, 7.49346497741e-07, 4.2135590661e-07, 3.48249074023e-07, 2.80252550056e-07, 2.16653802454e-07, 2.05341891046e-07, 1.12467290592e-07, 9.98401930019e-08],
        "mean": [0.00149205466732, 0.00107920647133, 0.000571438344195, 0.000524549162947, 0.00160344981123, 0.000823333801236, 0.000789308920503, 0.000600444094744, 0.000425666250521, 0.00036288247793, 0.00015116679424, 5.57206076337e-05, 0.000101163648651, 5.07414733875e-05, 2.17921515286e-05, 1.22632882267e-05, 2.97066844723e-06, 1.46388867961e-06, 2.09391669159e-06, 5.14419343745e-06, 2.47065281656e-06, 6.52775099752e-07, 3.17019555496e-07, 2.35786657754e-07, 1.88145492075e-07, 1.18034087393e-07, 1.3591167658e-07, 1.08864618653e-07, 8.52851442801e-08, 4.80635371503e-08, 1.98243590432e-08, 1.02323349793e-08, 7.92741161604e-09, 4.94694729625e-09, 4.34919567027e-09, 3.67445562865e-09, 3.48381035131e-09, 2.91632962224e-09, 1.60001412119e-09, 1.08133724197e-09],
        "median": [0.000297121645417, 0.000225966330618, 0.000159993942361, 0.000279658881482, 0.00076443888247, 0.000462964701001, 0.00012772588525, 0.000190165825188, 0.000145756697748, 8.50356227602e-05, 2.37214226217e-05, 8.3507366071e-06, 6.98304393154e-06, 1.16052979138e-05, 1.06443030745e-05, 4.29049123341e-06, 1.07205096356e-06, 6.35015567241e-07, 8.50486571835e-07, 1.68816768564e-06, 1.09911900381e-06, 3.09699487389e-07, 1.71342804833e-07, 1.19514510288e-07, 8.13948588529e-08, 4.72205101687e-08, 5.981321749e-08, 4.15176373281e-08, 2.31504539983e-08, 7.19121295845e-09, 2.4488526762e-09, 1.26793020527e-09, 7.03096691979e-10, 4.8712411882e-10, 3.61186358599e-10, 3.20311638324e-10, 6.4620131468e-10, 5.49083445378e-10, 2.22214788237e-10, 1.77964393222e-10],
        "min": [1.0569278315e-23, 1.63991213322e-23, 1.69653578014e-23, 6.16848009901e-24, 2.46570249676e-24, 5.23481233615e-24, 5.93641260348e-24, 9.91467364725e-24, 2.89837814879e-23, 2.14763121598e-23, 1.87659107294e-23, 2.53187289891e-23, 5.89019087646e-24, 1.59907816841e-23, 1.76653882355e-23, 1.23842729197e-23, 1.81178188973e-23, 1.43815117484e-23, 8.8735176696e-24, 9.94277050611e-24, 6.32879083444e-24, 9.06663791894e-24, 1.01578092557e-23, 1.05710682404e-23, 8.9482354191e-24, 1.61974301091e-23, 1.31433827247e-23, 1.02867982689e-23, 7.53824594749e-24, 6.137477471e-24, 9.51200196476e-24, 1.29091028688e-23, 1.83997577848e-23, 9.20571567426e-24, 1.25136658296e-23, 1.01827341049e-23, 1.54631347127e-23, 1.16308673678e-23, 8.76428962208e-24, 8.46208726448e-24],
        "var": [9.22382150748e-06, 5.4102915783e-06, 1.02717297068e-06, 4.90022614485e-07, 3.97191297452e-06, 1.11659630875e-06, 3.85668317904e-06, 8.72491739301e-07, 4.84192980821e-07, 3.82107629093e-07, 2.02759551371e-07, 5.51398819937e-08, 1.47893061353e-07, 2.64287596252e-08, 1.42931788627e-09, 6.29067853364e-10, 2.79850812662e-11, 4.67292133807e-12, 2.03722056585e-11, 1.78095788117e-10, 2.01597228494e-11, 9.43426651905e-13, 1.67133776437e-13, 1.21154158212e-13, 9.90249820077e-14, 4.13873986081e-14, 4.40472006471e-14, 3.12798865856e-14, 4.22924838054e-14, 2.44929283696e-14, 4.74903252032e-15, 1.61179294907e-15, 1.88321512789e-15, 6.61150878765e-16, 5.00896533249e-16, 3.08008867011e-16, 1.71546538783e-16, 1.38362461357e-16, 5.83214278792e-17, 3.64500809603e-17]
    },
    "mfcc": {
        "mean": [-791.649230957, 243.395294189, 2.83594965935, 9.30334854126, 3.30937457085, -13.2182588577, -4.02212095261, -7.75469779968, -1.78941845894, 0.128174737096, -6.18055725098, 9.97075462341, 8.07007408142],
        "cov": [[2240.16455078, 50.1122398376, -286.109466553, 416.941345215, -336.867492676, 95.2472839355, 290.378479004, 16.0132541656, 139.927078247, 166.590591431, -164.31362915, -123.487220764, -75.3497924805], [50.1122398376, 710.461242676, 50.6913375854, -155.270965576, 14.8222904205, -123.413795471, 74.080871582, 179.900146484, 103.61075592, -11.9606332779, 1.69857788086, -6.96147680283, 40.7413139343], [-286.109466553, 50.6913375854, 392.757904053, 71.5047683716, 94.4920959473, 3.1525053978, -87.0384674072, 132.426132202, 68.3730239868, -11.9481782913, 98.1997680664, 49.9476890564, 25.8058300018], [416.941345215, -155.270965576, 71.5047683716, 417.135498047, 89.7314300537, 83.7963409424, 14.7610197067, -48.131111145, 16.3240203857, 64.6906356812, 39.0358848572, 19.383600235, -19.2964706421], [-336.867492676, 14.8222904205, 94.4920959473, 89.7314300537, 360.004272461, 88.8926773071, -116.941146851, -20.45362854, -63.9703445435, -53.8751373291, 74.9277191162, 62.6759185791, 35.7098503113], [95.2472839355, -123.413795471, 3.1525053978, 83.7963409424, 88.8926773071, 180.534378052, 36.1561470032, -47.8902549744, -36.3394813538, -2.58021259308, -6.85420131683, -2.90546298027, 8.79233455658], [290.378479004, 74.080871582, -87.0384674072, 14.7610197067, -116.941146851, 36.1561470032, 228.593399048, 40.9571418762, 16.7516689301, 46.003944397, -69.3712997437, -56.8492469788, -17.6894645691], [16.0132541656, 179.900146484, 132.426132202, -48.131111145, -20.45362854, -47.8902549744, 40.9571418762, 258.459136963, 166.57824707, -6.8068189621, -6.21727466583, -15.3246517181, 11.9927330017], [139.927078247, 103.61075592, 68.3730239868, 16.3240203857, -63.9703445435, -36.3394813538, 16.7516689301, 166.57824707, 223.593536377, 76.849822998, -26.0643005371, -28.8292922974, -4.53612375259], [166.590591431, -11.9606332779, -11.9481782913, 64.6906356812, -53.8751373291, -2.58021259308, 46.003944397, -6.8068189621, 76.849822998, 135.981170654, 16.5182342529, -33.4286651611, -29.2709560394], [-164.31362915, 1.69857788086, 98.1997680664, 39.0358848572, 74.9277191162, -6.85420131683, -69.3712997437, -6.21727466583, -26.0643005371, 16.5182342529, 128.024215698, 57.5903015137, 4.49591112137], [-123.487220764, -6.96147680283, 49.9476890564, 19.383600235, 62.6759185791, -2.90546298027, -56.8492469788, -15.3246517181, -28.8292922974, -33.4286651611, 57.5903015137, 93.1171417236, 49.3551902771], [-75.3497924805, 40.7413139343, 25.8058300018, -19.2964706421, 35.7098503113, 8.79233455658, -17.6894645691, 11.9927330017, -4.53612375259, -29.2709560394, 4.49591112137, 49.3551902771, 100.572181702]],
