{
"lowlevel": {
    "average_loudness": 0.159622266889,
    "barkbands_crest": {
        "dmean": 2.98355317116,
        "dmean2": 4.72897863388,
        "dvar": 7.68149757385,
        "dvar2": 18.6006469727,
        "max": 26.6778450012,
        "mean": 11.690495491,
        "median": 11.122385025,
        "min": 2.58424401283,
        "var": 20.4489536285
    },
    "barkbands_flatness_db": {
        "dmean": 0.0380545631051,
        "dmean2": 0.0533753745258,
        "dvar": 0.0019429634558,
        "dvar2": 0.00341878738254,
        "max": 0.60647803545,
        "mean": 0.222702667117,
        "median": 0.224827930331,
        "min": 0.0176898185164,
        "var": 0.00836576614529
    },
    "barkbands_kurtosis": {
        "dmean": 10.5527591705,
        "dmean2": 16.7575340271,
        "dvar": 783.492370605,
        "dvar2": 1872.57995605,
        "max": 535.553771973,
        "mean": 14.4402647018,
        "median": 6.81026792526,
        "min": -1.92333972454,
        "var": 1119.15075684
    },
    "barkbands_skewness": {
        "dmean": 1.03575253487,
        "dmean2": 1.54994726181,
        "dvar": 1.94400250912,
        "dvar2": 4.08490085602,
        "max": 17.5463867188,
        "mean": 1.94917881489,
        "median": 1.90069556236,
        "min": -7.67477893829,
        "var": 4.76677274704
    },
    "barkbands_spread": {
        "dmean": 7.10296583176,
        "dmean2": 11.6131458282,
        "dvar": 182.11958313,
        "dvar2": 445.537597656,
        "max": 122.076156616,
        "mean": 13.5707578659,
        "median": 7.92743206024,
        "min": 0.081371024251,
        "var": 275.042236328
    },
    "dissonance": {
        "dmean": 0.0388486161828,
        "dmean2": 0.0610764250159,
        "dvar": 0.00191313598771,
        "dvar2": 0.00435887090862,
        "max": 0.500000119209,
        "mean": 0.410382330418,
        "median": 0.430786907673,
        "min": 0.106507152319,
        "var": 0.00564000941813
    },
    "dynamic_complexity": 10.9681606293,
    "erbbands_crest": {
        "dmean": 3.46240782738,
        "dmean2": 5.43895053864,
        "dvar": 9.36435508728,
        "dvar2": 23.3666114807,
        "max": 30.9853115082,
        "mean": 13.043463707,
        "median": 12.299123764,
        "min": 2.54969859123,
        "var": 26.7447166443
    },
    "erbbands_flatness_db": {
        "dmean": 0.0298547241837,
        "dmean2": 0.0423649847507,
        "dvar": 0.00130479654763,
        "dvar2": 0.00231102574617,
        "max": 0.446047723293,
        "mean": 0.223498925567,
        "median": 0.22409324348,
        "min": 0.0633499026299,
        "var": 0.00636764802039
    },
    "erbbands_kurtosis": {
        "dmean": 3.50147294998,
        "dmean2": 5.49285316467,
        "dvar": 44.075504303,
        "dvar2": 107.752563477,
        "max": 102.580192566,
        "mean": 4.16054201126,
        "median": 1.73722672462,
        "min": -1.78313744068,
        "var": 67.1235198975
    },
    "erbbands_skewness": {
        "dmean": 0.713061273098,
        "dmean2": 1.07413697243,
        "dvar": 0.792160511017,
        "dvar2": 1.63653028011,
        "max": 7.37799406052,
        "mean": 0.956793010235,
        "median": 0.990289151669,
        "min": -5.80775880814,
        "var": 2.22117519379
    },
    "erbbands_spread": {
        "dmean": 10.38920784,
        "dmean2": 16.7440223694,
        "dvar": 245.408370972,
        "dvar2": 626.501831055,
        "max": 138.834518433,
        "mean": 26.5608921051,
        "median": 22.5001487732,
        "min": 1.46352946758,
        "var": 356.255279541
    },
    "hfc": {
        "dmean": 3.71203899384,
        "dmean2": 4.59855794907,
        "dvar": 82.5545501709,
        "dvar2": 125.85987854,
        "max": 230.898757935,
        "mean": 7.53509283066,
        "median": 1.14395356178,
        "min": 1.14139688111e-16,
        "var": 269.479705811
    },
    "melbands_crest": {
        "dmean": 4.12590312958,
        "dmean2": 6.43869018555,
        "dvar": 15.3854122162,
        "dvar2": 35.6252937317,
        "max": 39.8928070068,
        "mean": 16.2822570801,
        "median": 15.2689170837,
        "min": 2.35211253166,
        "var": 43.8367881775
    },
    "melbands_flatness_db": {
        "dmean": 0.0452099330723,
        "dmean2": 0.0620581246912,
        "dvar": 0.00308233615942,
        "dvar2": 0.00499508390203,
        "max": 0.648878514767,
        "mean": 0.293842703104,
        "median": 0.306295990944,
        "min": 0.00652612932026,
        "var": 0.0132333291695
    },
    "melbands_kurtosis": {
        "dmean": 16.3872776031,
        "dmean2": 26.345703125,
        "dvar": 5108.5390625,
        "dvar2": 8864.8359375,
        "max": 2541.35693359,
        "mean": 22.1295719147,
        "median": 10.2268772125,
        "min": -1.8763821125,
        "var": 7662.86474609
    },
    "melbands_skewness": {
        "dmean": 1.10976195335,
        "dmean2": 1.6794975996,
        "dvar": 2.89392280579,
        "dvar2": 5.79796361923,
        "max": 43.8181724548,
        "mean": 2.50093531609,
        "median": 2.15445995331,
        "min": -3.81139397621,
        "var": 6.37687587738
    },
    "melbands_spread": {
        "dmean": 11.3848276138,
        "dmean2": 18.0695972443,
        "dvar": 729.270935059,
        "dvar2": 1571.75854492,
        "max": 261.239654541,
        "mean": 21.3474006653,
        "median": 8.59445571899,
        "min": 0.0638217628002,
        "var": 1314.73413086
    },
    "pitch_salience": {
        "dmean": 0.0855794101954,
        "dmean2": 0.132159084082,
        "dvar": 0.00774863222614,
        "dvar2": 0.017977103591,
        "max": 0.894928991795,
        "mean": 0.580113470554,
        "median": 0.604849040508,
        "min": 0.0173081625253,
        "var": 0.0223153363913
    },
    "silence_rate_20dB": {
        "dmean": 0,
        "dmean2": 0,
        "dvar": 0,
        "dvar2": 0,
        "max": 1,
        "mean": 1,
        "median": 1,
        "min": 1,
        "var": 0
    },
    "silence_rate_30dB": {
        "dmean": 0.0113460542634,
        "dmean2": 0.0227038189769,
        "dvar": 0.0112170372158,
        "dvar2": 0.0263159126043,
        "max": 1,
        "mean": 0.987113416195,
        "median": 1,
        "min": 0,
        "var": 0.0127204200253
    },
    "silence_rate_60dB": {
        "dmean": 0.082516759634,
        "dmean2": 0.164602681994,
        "dvar": 0.0757058784366,
        "dvar2": 0.156087100506,
        "max": 1,
        "mean": 0.534020602703,
        "median": 1,
        "min": 0,
        "var": 0.248841762543
    },
    "spectral_centroid": {
        "dmean": 334.668121338,
        "dmean2": 494.098846436,
        "dvar": 479442.28125,
        "dvar2": 776468.25,
        "max": 10805.7578125,
        "mean": 1026.11291504,
        "median": 586.716186523,
        "min": 152.178955078,
        "var": 1283671.875
    },
    "spectral_complexity": {
        "dmean": 1.60907685757,
        "dmean2": 2.12693500519,
        "dvar": 6.1875538826,
        "dvar2": 10.5006685257,
        "max": 51,
        "mean": 4.70360803604,
        "median": 3,
        "min": 0,
        "var": 31.2765884399
    },
    "spectral_decrease": {
        "dmean": 1.33459077123e-09,
        "dmean2": 1.69947633744e-09,
        "dvar": 9.30379996647e-18,
        "dvar2": 1.39241165396e-17,
        "max": 1.95005311972e-29,
        "mean": -3.12950021453e-09,
        "median": -5.16131859474e-10,
        "min": -7.96529135982e-08,
        "var": 3.75845790228e-17
    },
    "spectral_energy": {
        "dmean": 0.00532891042531,
        "dmean2": 0.00678759301081,
        "dvar": 0.000148817125591,
        "dvar2": 0.00022184237605,
        "max": 0.321571648121,
        "mean": 0.0124949216843,
        "median": 0.00219073053449,
        "min": 1.02792135291e-20,
        "var": 0.000600531464443
    },
    "spectral_energyband_high": {
        "dmean": 0.000102251120552,
        "dmean2": 0.000142117220093,
        "dvar": 2.08288270187e-07,
        "dvar2": 4.08336035207e-07,
        "max": 0.00768299680203,
        "mean": 0.000144556324813,
        "median": 4.20756805397e-06,
        "min": 7.5541065829e-21,
        "var": 3.59205955647e-07
    },
    "spectral_energyband_low": {
        "dmean": 0.00039265723899,
        "dmean2": 0.000550033815671,
        "dvar": 9.03338332137e-07,
        "dvar2": 1.8132744799e-06,
        "max": 0.0146605381742,
        "mean": 0.000977429677732,
        "median": 0.000103847778519,
        "min": 5.32353631102e-23,
        "var": 3.32849890583e-06
    },
    "spectral_energyband_middle_high": {
        "dmean": 0.000882456195541,
        "dmean2": 0.00106431229506,
        "dvar": 6.71480438541e-06,
        "dvar2": 9.59503086051e-06,
        "max": 0.0537793524563,
        "mean": 0.00150263053365,
        "median": 6.70382578392e-05,
        "min": 1.47716100293e-21,
        "var": 1.89972433873e-05
    },
    "spectral_energyband_middle_low": {
        "dmean": 0.00464742071927,
        "dmean2": 0.00596842821687,
        "dvar": 0.000116475792311,
        "dvar2": 0.000180870760232,
        "max": 0.26920735836,
        "mean": 0.0104976296425,
        "median": 0.00114479241893,
        "min": 2.96447263885e-22,
        "var": 0.000453445070889
    },
    "spectral_entropy": {
        "dmean": 0.341084182262,
        "dmean2": 0.480533629656,
        "dvar": 0.184525668621,
        "dvar2": 0.303496897221,
        "max": 9.79420852661,
        "mean": 6.86199569702,
        "median": 6.81440639496,
        "min": 3.77628922462,
        "var": 0.819754958153
    },
    "spectral_flux": {
        "dmean": 0.0215095020831,
        "dmean2": 0.0339337289333,
        "dvar": 0.00096588692395,
        "dvar2": 0.00233034114353,
        "max": 0.324115365744,
        "mean": 0.0474107451737,
        "median": 0.0275827087462,
        "min": 1.01386454787e-10,
        "var": 0.00282859313302
    },
    "spectral_kurtosis": {
        "dmean": 5.93379020691,
        "dmean2": 9.38507556915,
        "dvar": 72.5951461792,
        "dvar2": 175.379318237,
        "max": 88.8762130737,
        "mean": 12.1369409561,
        "median": 7.0900349617,
        "min": -1.14747798443,
        "var": 177.055465698
    },
    "spectral_rms": {
        "dmean": 0.000634466938209,
        "dmean2": 0.000789614859968,
        "dvar": 1.00627926258e-06,
        "dvar2": 1.45418414377e-06,
        "max": 0.0177123807371,
        "mean": 0.00240360433236,
        "median": 0.00146195013076,
        "min": 3.16678085664e-12,
        "var": 6.41281667413e-06
    },
    "spectral_rolloff": {
        "dmean": 645.10925293,
        "dmean2": 1049.92822266,
        "dvar": 2712353.75,
        "dvar2": 5249051,
        "max": 18820.0195312,
        "mean": 1425.63183594,
        "median": 495.263671875,
        "min": 21.533203125,
        "var": 5635825.5
    },
    "spectral_skewness": {
        "dmean": 0.590147197247,
        "dmean2": 0.894935369492,
        "dvar": 0.452009558678,
        "dvar2": 0.977415442467,
        "max": 7.77836894989,
        "mean": 2.35530567169,
        "median": 2.07525253296,
        "min": -0.158478662372,
        "var": 1.60102796555
    },
    "spectral_spread": {
        "dmean": 789433.4375,
        "dmean2": 1187336.875,
        "dvar": 1.71986885018e+12,
        "dvar2": 3.44094172774e+12,
        "max": 38028148,
        "mean": 3792528.25,
        "median": 3448940.75,
        "min": 770009.75,
        "var": 4.65797172429e+12
    },
    "spectral_strongpeak": {
        "dmean": 0.36310595274,
        "dmean2": 0.544390320778,
        "dvar": 0.429277449846,
        "dvar2": 0.847123324871,
        "max": 11.5065116882,
        "mean": 0.683273255825,
        "median": 0.247344538569,
        "min": 0,
        "var": 1.18918728828
    },
    "zerocrossingrate": {
        "dmean": 0.0167665053159,
        "dmean2": 0.0177935436368,
        "dvar": 0.000966998806689,
        "dvar2": 0.000851427903399,
        "max": 0.501953125,
        "mean": 0.0524325966835,
        "median": 0.027099609375,
        "min": 0.00048828125,
        "var": 0.00467832712457
    },
    "barkbands": {
        "dmean": [9.71957924776e-05, 2.55436552834e-05, 0.000129917403683, 0.000557166582439, 0.00121970730834, 0.000919612473808, 0.00177188823, 0.00143819802906, 0.000790976802818, 0.000220271307626, 0.000111195484351, 0.000149090541527, 0.000160494048032, 0.000226194053539, 0.000179868628038, 9.10497547011e-05, 5.69251824345e-05, 4.90066886414e-05, 2.54501428572e-05, 3.43348219758e-05, 2.2988051569e-05, 2.4962131647e-05, 1.90138944163e-05, 1.7807335098e-05, 1.12382431325e-05, 4.21879713031e-06, 1.87703577126e-07],
        "dmean2": [0.000151491331053, 3.99939854105e-05, 0.000181261668331, 0.000754651613533, 0.00160952750593, 0.00135810498614, 0.00254990672693, 0.00193584233057, 0.00100468017627, 0.000303516571876, 0.000167666003108, 0.000206632888876, 0.000247301504714, 0.000342612387612, 0.000261828332441, 0.000136002039653, 7.77078093961e-05, 7.12626497261e-05, 3.64983679901e-05, 5.01868453284e-05, 3.50094633177e-05, 3.46815068042e-05, 2.61961813521e-05, 2.36296764342e-05, 1.73096359504e-05, 6.44840247332e-06, 2.99831327766e-07],
        "dvar": [6.86319083343e-07, 2.88047452557e-08, 1.80085166335e-07, 1.46840773141e-06, 1.87190580618e-05, 6.99041993357e-06, 2.98981321976e-05, 3.64354200428e-05, 1.06284624053e-05, 1.01333171187e-06, 2.40228587245e-07, 9.61603177529e-07, 6.24268523097e-07, 1.02981800865e-06, 7.80618563567e-07, 1.61785067121e-07, 5.68643976351e-08, 5.36593098843e-08, 9.18667986127e-09, 2.13015418637e-08, 1.62543418725e-08, 1.76273537988e-08, 9.54903978112e-09, 9.30649779463e-09, 1.33681359316e-08, 9.86446369033e-10, 1.29374809477e-12],
        "dvar2": [1.71877672983e-06, 7.26488238456e-08, 3.81769325486e-07, 2.49595791502e-06, 2.6773495847e-05, 1.44998330143e-05, 6.12234289292e-05, 5.48661409994e-05, 1.54800109158e-05, 1.66399320278e-06, 5.13014413173e-07, 2.23015240408e-06, 1.44585305861e-06, 2.317412509e-06, 1.77106983301e-06, 3.36818118285e-07, 1.07907112579e-07, 1.08583428471e-07, 1.96419449594e-08, 4.13072775984e-08, 3.47956436997e-08, 3.31349276905e-08, 1.61824456058e-08, 1.61867621529e-08, 3.81104889868e-08, 2.74371703135e-09, 3.06786367144e-12],
        "max": [0.0178781598806, 0.00529692415148, 0.0107969660312, 0.0189413130283, 0.110141627491, 0.0556796528399, 0.101929448545, 0.178843528032, 0.0686395168304, 0.0232103802264, 0.0104789091274, 0.0284002386034, 0.0200975034386, 0.0190267395228, 0.0243906266987, 0.00704498169944, 0.00515480618924, 0.00661888811737, 0.00199129292741, 0.00397189473733, 0.00307888560928, 0.00267985160463, 0.00193480274174, 0.00219764746726, 0.00344313378446, 0.000898313650396, 3.19610444421e-05],
        "mean": [0.000104232836748, 3.28987771354e-05, 0.000280261971056, 0.00133939494845, 0.00226203608327, 0.00155646749772, 0.00223226007074, 0.00195041310508, 0.00101169082336, 0.000283207453322, 0.000136021364597, 0.000174219414475, 0.000198342124349, 0.000285447371425, 0.000203660209081, 0.000105676255771, 7.31650288799e-05, 6.3045816205e-05, 3.42739840562e-05, 4.23230303568e-05, 2.97340957331e-05, 3.20816725434e-05, 2.47600110015e-05, 2.23526949412e-05, 1.19215246741e-05, 4.85949703943e-06, 1.80858791055e-07],
        "median": [6.88553609507e-06, 6.14153213974e-06, 7.48488855606e-06, 5.60478219995e-05, 0.000184608361451, 7.11130342097e-05, 4.32622655353e-05, 1.04281225504e-05, 6.25505026619e-06, 2.80715266854e-06, 1.97472536456e-06, 1.88650119526e-06, 2.04233924705e-06, 3.48875596501e-06, 2.75739967037e-06, 2.12527970689e-06, 1.77922379407e-06, 1.37034157888e-06, 1.62427704709e-06, 1.10902556116e-06, 5.5671625887e-07, 2.12721502635e-07, 2.40416824226e-07, 2.95544538176e-07, 2.25130492026e-07, 4.90892801963e-08, 1.51645462854e-09],
        "min": [6.9121475574e-24, 1.17778147995e-23, 3.14142177607e-23, 1.07723926432e-23, 4.8624199751e-23, 2.41292829384e-23, 5.01819034271e-23, 7.13982038771e-23, 6.18754347498e-23, 5.05719762121e-23, 3.70966763172e-23, 2.49331719595e-22, 6.81842393988e-23, 4.36301517075e-23, 1.33878152205e-22, 1.62047403254e-22, 1.02953075537e-22, 1.8389516477e-22, 2.64363520942e-22, 3.2650155171e-22, 4.80017241258e-22, 6.49432857801e-22, 5.80305418439e-22, 7.2537893315e-22, 1.23843356814e-21, 1.30910207568e-21, 2.60058758731e-21],
        "var": [6.87884096351e-07, 2.94356219399e-08, 3.97049916501e-07, 7.12285554982e-06, 5.39901266166e-05, 1.71032988874e-05, 4.59831680928e-05, 8.25214010547e-05, 2.23102651944e-05, 2.00908220904e-06, 3.3646173847e-07, 1.05164269826e-06, 9.86685904536e-07, 1.50715789005e-06, 9.41364419305e-07, 2.37270697312e-07, 9.60025303698e-08, 8.56251887171e-08, 1.58449555698e-08, 3.20181783309e-08, 2.3903817592e-08, 2.92762827314e-08, 1.69191771704e-08, 1.53531356517e-08, 8.78131167781e-09, 7.94244281455e-10, 1.6289142344e-12]
    },
    "erbbands": {
        "dmean": [0.00149007386062, 0.00471273483709, 0.0923609808087, 1.00694024563, 3.74067974091, 3.93423366547, 4.32755899429, 8.46959495544, 21.6341667175, 25.2813796997, 32.4136734009, 17.3565731049, 9.83549308777, 4.38491725922, 4.13994264603, 6.66562795639, 7.07583236694, 9.18221664429, 10.26861763, 7.5890212059, 3.85844159126, 3.07819962502, 2.95446205139, 1.26591157913, 1.60847175121, 1.69102442265, 0.749322831631, 1.13111114502, 0.866428017616, 0.67337346077, 0.552035868168, 0.507852256298, 0.208953604102, 0.126415476203, 0.0815848484635, 0.0270038284361, 0.00669276434928, 0.000834748265333, 2.32672373386e-05, 6.69142445986e-06],
        "dmean2": [0.00226313783787, 0.00724237598479, 0.127594873309, 1.35886013508, 4.88097810745, 5.37621641159, 6.03982877731, 12.4174785614, 30.7249641418, 36.6492958069, 42.514541626, 21.1440887451, 12.3069505692, 5.67820167542, 6.19211626053, 9.24380970001, 10.5442609787, 12.6683588028, 14.6120176315, 10.6357593536, 5.40998649597, 4.1068482399, 4.23509788513, 1.759583354, 2.28765368462, 2.41614675522, 1.1331679821, 1.74122953415, 1.23995888233, 0.905001580715, 0.768443524837, 0.645780920982, 0.292487323284, 0.184290871024, 0.130577012897, 0.0422974899411, 0.0102172410116, 0.00126142334193, 3.59152436431e-05, 8.70554777066e-06],
        "dvar": [6.58185163047e-05, 0.00150843162555, 0.102903097868, 4.84066963196, 134.58303833, 287.128631592, 210.207397461, 657.15222168, 5420.16113281, 8326.95507812, 24157.2460938, 5100.65966797, 1665.95019531, 366.179321289, 317.096923828, 2377.95581055, 1364.93481445, 1304.85266113, 2136.25244141, 1091.0090332, 256.906311035, 158.210128784, 205.0128479, 26.3412914276, 38.6011581421, 56.0072898865, 11.035235405, 44.8153800964, 20.4445228577, 13.2482223511, 8.34380626678, 7.06522750854, 1.26998329163, 0.850219488144, 1.02571034431, 0.0771800577641, 0.00137263955548, 1.41244054248e-05, 1.05520649996e-08, 2.1990850807e-10],
        "dvar2": [0.000146257618326, 0.00349531089887, 0.21342331171, 8.80826377869, 203.378051758, 489.70690918, 385.628967285, 1363.97473145, 10512.6894531, 17909.7539062, 32854.9179688, 7239.31494141, 2352.43237305, 698.312011719, 613.033569336, 5581.56347656, 2853.12695312, 2565.43774414, 4125.68603516, 2299.94580078, 505.144744873, 298.526031494, 415.912841797, 52.7706794739, 82.3533325195, 107.938331604, 27.4420757294, 89.6391296387, 36.9420204163, 24.3301582336, 14.8150587082, 11.4424591064, 2.38590788841, 2.18858265877, 2.99466919899, 0.223371103406, 0.00348824867979, 3.20068684232e-05, 2.46513174318e-08, 3.64465679858e-10],
        "max": [0.162842810154, 1.38337922096, 9.22290992737, 36.0688323975, 293.155059814, 473.593475342, 454.42791748, 524.552185059, 1793.79907227, 2433.90356445, 5215.75585938, 1573.17333984, 803.989379883, 412.696807861, 401.308654785, 1445.94116211, 1104.83959961, 738.210021973, 1419.66882324, 555.153015137, 286.683410645, 272.424804688, 416.305938721, 134.094207764, 131.728424072, 223.493713379, 78.8580551147, 167.201431274, 85.1807022095, 71.2057342529, 52.3740921021, 54.3508872986, 22.9544181824, 23.9152908325, 30.9902191162, 8.45972728729, 0.868192195892, 0.0574000254273, 0.00212101731449, 0.000380416953703],
        "mean": [0.00231119641103, 0.00743868108839, 0.221206977963, 2.67802619934, 7.43649148941, 6.34227561951, 7.2564740181, 14.2216835022, 28.9378604889, 33.8499946594, 46.3396034241, 23.8703937531, 13.783082962, 6.01341867447, 5.5896897316, 7.85083055496, 9.58013439178, 12.5387573242, 13.4010620117, 9.0645942688, 4.83683586121, 4.15128183365, 3.96205925941, 1.76738297939, 2.09129118919, 2.07272744179, 1.02559363842, 1.43633043766, 1.14014184475, 0.870664536953, 0.714298784733, 0.634353935719, 0.260376662016, 0.144121557474, 0.0792153477669, 0.0277218855917, 0.00811851676553, 0.00100740499329, 3.22244377458e-05, 1.54299232236e-05],
        "median": [0.000434694578871, 0.00201582862064, 0.0239554662257, 0.29310888052, 0.363356620073, 0.545659065247, 0.741811752319, 0.822908222675, 0.830185055733, 0.649791955948, 0.285458981991, 0.157187759876, 0.126047238708, 0.0938535928726, 0.091665558517, 0.0850949287415, 0.101219475269, 0.182236850262, 0.186413496733, 0.14455768466, 0.125471711159, 0.10928414762, 0.0881172791123, 0.0923464000225, 0.0795480683446, 0.0553004667163, 0.0346855670214, 0.0161334909499, 0.00782874785364, 0.00589015660807, 0.00724737066776, 0.00672747567296, 0.00436067488045, 0.00253153778613, 0.00137483200524, 0.00040815374814, 6.31675356999e-05, 9.1012007033e-06, 3.57877229362e-06, 3.65831283489e-06],
        "min": [5.02735778996e-22, 2.6380904134e-21, 2.4254677163e-20, 4.71437082152e-20, 7.2331386948e-20, 2.13649908402e-19, 1.27234944344e-19, 2.85471041234e-19, 6.40414655671e-19, 1.13405924314e-18, 1.13857420171e-18, 1.44231130373e-18, 2.0458157646e-18, 1.02724634122e-18, 7.06613992472e-18, 5.99635344236e-18, 3.4793607116e-18, 2.06946609908e-18, 5.34843444907e-18, 7.71042345921e-18, 7.64271045427e-18, 5.52412388887e-18, 1.05946169667e-17, 9.01193755914e-18, 1.93435375609e-17, 1.41602087756e-17, 1.89886340647e-17, 1.71711313161e-17, 1.85580154183e-17, 2.14149897206e-17, 1.75866274465e-17, 1.43530477375e-17, 1.39419439361e-17, 1.06868393332e-17, 1.02891714266e-17, 6.38979652404e-18, 2.35241584211e-18, 1.33705412175e-18, 3.70594336915e-19, 3.47863051791e-20],
        "var": [0.000121073862829, 0.00136726337951, 0.213133916259, 24.6338863373, 497.005065918, 568.764038086, 431.711120605, 1668.50415039, 8824.1796875, 13270.7509766, 57559.1875, 12029.1953125, 3592.52880859, 667.159484863, 532.61328125, 2470.48632812, 2556.03662109, 2454.99438477, 3860.55029297, 1557.29260254, 404.239746094, 278.109924316, 322.341278076, 47.2931213379, 62.8410873413, 83.4574203491, 16.3704776764, 64.6820983887, 35.397769928, 21.9712924957, 14.3281078339, 12.3325910568, 2.00652313232, 0.796827495098, 0.598941266537, 0.0477663986385, 0.00167941558175, 2.12571194425e-05, 1.6069286346e-08, 8.2014728342e-10]
    },
    "gfcc": {
        "mean": [-207.580673218, 112.791534424, -101.813354492, 18.8745861053, -60.9506187439, -7.81661462784, -51.6057090759, -0.965915679932, -24.0349292755, 1.66501772404, -11.9930782318, -9.20365047455, -9.71866989136],
        "cov": [[15461.2626953, 673.971191406, -2799.20288086, -1136.57861328, -828.072998047, -1216.05859375, -739.308959961, -187.24571228, -230.091140747, -671.992980957, -44.3302001953, -1642.12927246, -289.346893311], [673.971191406, 4194.85009766, -295.577087402, -1348.66235352, 193.10269165, -770.360107422, -27.0524520874, -313.264129639, -60.1085891724, -517.728149414, 253.890594482, -828.557617188, 68.0634689331], [-2799.20288086, -295.577087402, 1445.2520752, 525.215698242, 45.2116241455, 266.400512695, 54.5654335022, -118.215003967, -32.0903205872, 75.9478988647, -91.8155670166, 387.181243896, -15.9383020401], [-1136.57861328, -1348.66235352, 525.215698242, 1191.76879883, 11.7460403442, 159.856903076, -49.2016639709, 44.4625320435, 93.0684967041, 146.294418335, -157.236221313, 367.536224365, 26.548500061], [-828.072998047, 193.10269165, 45.2116241455, 11.7460403442, 374.216339111, 17.9616794586, -23.5510883331, 71.8973846436, 40.9238586426, 48.5439605713, -5.63362646103, 25.9949836731, 28.6010227203], [-1216.05859375, -770.360107422, 266.400512695, 159.856903076, 17.9616794586, 646.903930664, 199.548431396, 16.1892089844, -12.8458032608, 223.759796143, -12.5582284927, 247.686508179, -62.7312431335], [-739.308959961, -27.0524520874, 54.5654335022, -49.2016639709, -23.5510883331, 199.548431396, 366.361785889, 23.4527835846, -48.9097099304, 36.5485343933, 28.6647071838, 130.26701355, -40.5947990417], [-187.24571228, -313.264129639, -118.215003967, 44.4625320435, 71.8973846436, 16.1892089844, 23.4527835846, 282.842987061, 29.6797142029, 29.296257019, 14.050740242, 52.9182167053, 30.335735321], [-230.091140747, -60.1085891724, -32.0903205872, 93.0684967041, 40.9238586426, -12.8458032608, -48.9097099304, 29.6797142029, 173.699584961, 48.405544281, -23.748134613, 21.7659435272, 40.7287788391], [-671.992980957, -517.728149414, 75.9478988647, 146.294418335, 48.5439605713, 223.759796143, 36.5485343933, 29.296257019, 48.405544281, 269.850250244, 7.31153345108, 124.947433472, -0.602583110332], [-44.3302001953, 253.890594482, -91.8155670166, -157.236221313, -5.63362646103, -12.5582284927, 28.6647071838, 14.050740242, -23.748134613, 7.31153345108, 168.019073486, -56.3975830078, 19.8533306122], [-1642.12927246, -828.557617188, 387.181243896, 367.536224365, 25.9949836731, 247.686508179, 130.26701355, 52.9182167053, 21.7659435272, 124.947433472, -56.3975830078, 474.807647705, 7.36577272415], [-289.346893311, 68.0634689331, -15.9383020401, 26.548500061, 28.6010227203, -62.7312431335, -40.5947990417, 30.335735321, 40.7287788391, -0.602583110332, 19.8533306122, 7.36577272415, 137.257568359]],
        "icov": [[0.000233830578509, 0.000172826985363, 0.000276163686067, 4.93544612254e-05, 0.000244247930823, 0.000170709899976, 0.000166603393154, 0.000162296608323, 0.000149239247548, 0.000269066920737, 0.000148319813889, 0.000614861608483, 0.000372725655325], [0.000172826985363, 0.00122873659711, -0.000285764806904, 0.000797813059762, -0.000748563499656, 0.000827535928693, -0.000738836766686, 0.00111133465543, -0.000591227901168, 0.00121430295985, -0.000706043036189, 0.00167183193844, -0.000169242615812], [0.000276163686067, -0.000285764806904, 0.0016282950528, -0.000582889420912, 0.000456138368463, -0.000360624515451, 0.000721504795365, 0.000385749153793, 0.000842486973852, 0.000150676292833, 0.000549856049474, -0.000520098954439, 0.000593009463046], [4.93544612254e-05, 0.000797813059762, -0.000582889420912, 0.00194960145745, -0.000360371544957, 0.000609157141298, -0.000158011374879, 0.000467203761218, -0.000795480504166, 0.000323503947584, 0.000323058833601, 0.000217524167965, -0.000353787385393], [0.000244247930823, -0.000748563499656, 0.000456138368463, -0.000360371544957, 0.00404157210141, -0.000376394658815, 0.00110830226913, -0.00147539551836, 0.00032753663254, -0.00110477523413, 0.00108809140511, -0.000320443912642, 0.000406210805522], [0.000170709899976, 0.000827535928693, -0.000360624515451, 0.000609157141298, -0.000376394658815, 0.00357521115802, -0.00145661167335, 0.00072665780317, -3.3806245483e-05, -0.00126883829944, -0.000238426116994, 0.000624157255515, 0.000916277931537], [0.000166603393154, -0.000738836766686, 0.000721504795365, -0.000158011374879, 0.00110830226913, -0.00145661167335, 0.00472732959315, -0.000909335969482, 0.00125458673574, -7.83924187999e-05, 5.92344222241e-05, -0.0017247662181, 0.00124574860092], [0.000162296608323, 0.00111133465543, 0.000385749153793, 0.000467203761218, -0.00147539551836, 0.00072665780317, -0.000909335969482, 0.00530938152224, -0.000749018450733, 0.00118008465506, -0.00107975129504, 0.000790520338342, -0.00071618205402], [0.000149239247548, -0.000591227901168, 0.000842486973852, -0.000795480504166, 0.00032753663254, -3.3806245483e-05, 0.00125458673574, -0.000749018450733, 0.00785129517317, -0.00192120624706, 0.0016839473974, -0.000482870149426, -0.00124345708173], [0.000269066920737, 0.00121430295985, 0.000150676292833, 0.000323503947584, -0.00110477523413, -0.00126883829944, -7.83924187999e-05, 0.00118008465506, -0.00192120624706, 0.0074597299099, -0.00179994804785, 0.00119855639059, 8.51536387927e-05], [0.000148319813889, -0.000706043036189, 0.000549856049474, 0.000323058833601, 0.00108809140511, -0.000238426116994, 5.92344222241e-05, -0.00107975129504, 0.0016839473974, -0.00179994804785, 0.00825772248209, 0.000146112943185, -0.00112524395809], [0.000614861608483, 0.00167183193844, -0.000520098954439, 0.000217524167965, -0.000320443912642, 0.000624157255515, -0.0017247662181, 0.000790520338342, -0.000482870149426, 0.00119855639059, 0.000146112943185, 0.0072104325518, -0.000227655778872], [0.000372725655325, -0.000169242615812, 0.000593009463046, -0.000353787385393, 0.000406210805522, 0.000916277931537, 0.00124574860092, -0.00071618205402, -0.00124345708173, 8.51536387927e-05, -0.00112524395809, -0.000227655778872, 0.00969768688083]]
    },
    "melbands": {
        "dmean": [1.37343995448e-05, 3.35663935402e-05, 0.000239547822275, 0.000295397650916, 0.000153304223204, 0.000198617868591, 0.000336786848493, 0.000275643600617, 0.000259764492512, 0.000102574413177, 4.79311602248e-05, 1.78744103323e-05, 1.46451211549e-05, 1.56799214892e-05, 1.64789089467e-05, 1.57362355822e-05, 1.86241959454e-05, 1.87493496924e-05, 1.32665745696e-05, 8.03488637757e-06, 4.01980696552e-06, 3.2351426853e-06, 3.27867451233e-06, 2.1798562102e-06, 9.16562328257e-07, 1.05023468677e-06, 1.3375497474e-06, 1.10099085759e-06, 4.82152984205e-07, 5.19427885592e-07, 7.27557790015e-07, 5.33945751613e-07, 4.51761337672e-07, 3.47052292682e-07, 3.04858588152e-07, 3.77079658165e-07, 2.90640087997e-07, 1.59513916742e-07, 1.04923451261e-07, 1.17423645918e-07],
        "dmean2": [2.05706528504e-05, 4.74234402645e-05, 0.000315269979183, 0.00038469186984, 0.000211007107282, 0.000290897645755, 0.000478346162708, 0.00040414716932, 0.000341444916558, 0.00012784662249, 6.08875743637e-05, 2.36727701122e-05, 2.24964278459e-05, 2.19457124331e-05, 2.25804815273e-05, 2.47477910307e-05, 2.69009706244e-05, 2.69109641522e-05, 1.88897738553e-05, 1.22851643027e-05, 5.77121636525e-06, 4.51089954367e-06, 4.57808801002e-06, 3.19056402986e-06, 1.32458751523e-06, 1.47939920225e-06, 2.04510251933e-06, 1.62705782714e-06, 7.180642001e-07, 8.09519121958e-07, 1.13853729999e-06, 7.82775657626e-07, 6.11569532794e-07, 4.79038305912e-07, 4.32478856283e-07, 5.02356783727e-07, 3.80743813366e-07, 2.30664440437e-07, 1.50613971073e-07, 1.79246015364e-07],
        "dvar": [6.94707980031e-09, 1.63956794808e-08, 2.74698606972e-07, 1.1004552789e-06, 3.60481038797e-07, 3.5711207147e-07, 1.12454551982e-06, 9.59669023359e-07, 1.7205209133e-06, 1.8319107653e-07, 4.19153494136e-08, 6.74617961494e-09, 4.18665990765e-09, 8.63705729159e-09, 7.82663178711e-09, 7.39726946364e-09, 6.33834051911e-09, 7.28225657554e-09, 3.87699783388e-09, 1.34073396829e-09, 2.91642376915e-10, 1.75399070268e-10, 2.19228454834e-10, 1.21462465086e-10, 1.44333781038e-11, 1.59832910795e-11, 3.33875010972e-11, 2.6679736545e-11, 3.95720609059e-12, 7.91995375532e-12, 1.99327169353e-11, 7.76105221756e-12, 6.65126590957e-12, 3.53558892233e-12, 2.51181237268e-12, 4.04373973542e-12, 2.46779961917e-12, 8.06805251947e-13, 2.85259364958e-13, 9.59080254451e-13],
        "dvar2": [1.47013770047e-08, 3.32708474104e-08, 4.54884940382e-07, 1.86188731277e-06, 5.91664559124e-07, 7.26097425741e-07, 2.20564265874e-06, 2.02227511181e-06, 2.24657492254e-06, 2.78492279904e-07, 5.89797046757e-08, 1.26815198342e-08, 8.25135959559e-09, 1.98496170611e-08, 1.62798201586e-08, 1.81496560003e-08, 1.38354838697e-08, 1.42798066705e-08, 8.0679640746e-09, 2.86210033451e-09, 5.82992487619e-10, 3.42278955179e-10, 4.30409069496e-10, 2.51589554745e-10, 3.0723198291e-11, 3.20695622835e-11, 7.63308166674e-11, 4.93128836376e-11, 9.59976022286e-12, 1.7581309672e-11, 4.05689162819e-11, 1.4621840197e-11, 1.32090432342e-11, 6.77778970101e-12, 5.0224789605e-12, 6.70759021243e-12, 4.16335282222e-12, 1.62698804082e-12, 5.54171454819e-13, 2.60341683107e-12],
        "max": [0.0017725341022, 0.00363523513079, 0.0108339143917, 0.0306427050382, 0.0223384536803, 0.0122865727171, 0.0241650789976, 0.0244064386934, 0.0452628359199, 0.00911515206099, 0.00392582314089, 0.00207442766987, 0.00162814580835, 0.00248177722096, 0.00228227954358, 0.00224034604616, 0.0016050755512, 0.00234266533516, 0.00123127328698, 0.000661015626974, 0.000321569183143, 0.000255830673268, 0.000355171272531, 0.00032465721597, 0.000106076586235, 8.1573438365e-05, 9.86355444184e-05, 0.000159013434313, 4.40553412773e-05, 6.51739319437e-05, 0.000102075217001, 5.3009182011e-05, 5.53728532395e-05, 4.11269938922e-05, 2.79287341982e-05, 3.92851943616e-05, 3.51874114131e-05, 1.85860917554e-05, 1.11267654574e-05, 2.66995739366e-05],
        "mean": [2.08830388146e-05, 7.1173926699e-05, 0.000606744317338, 0.000525718554854, 0.000251203280641, 0.000332413153956, 0.000452366570244, 0.000368818204151, 0.00036637778976, 0.000133964349516, 6.56436168356e-05, 2.34702620219e-05, 1.88861959032e-05, 1.91791623365e-05, 1.95765132958e-05, 2.07902648981e-05, 2.3878970751e-05, 2.31461071962e-05, 1.50181685967e-05, 9.21401988307e-06, 4.80201197206e-06, 4.13738052885e-06, 4.38386996393e-06, 2.7763453545e-06, 1.22919084333e-06, 1.38116035941e-06, 1.64652453805e-06, 1.3079919654e-06, 6.11055440913e-07, 6.5038318553e-07, 8.97957988855e-07, 6.72030751048e-07, 5.62751097277e-07, 4.28837779509e-07, 3.73825145061e-07, 4.68016054356e-07, 3.5461462744e-07, 1.88848161997e-07, 1.2883265299e-07, 1.2136305827e-07],
        "median": [3.14015824188e-06, 3.72225144929e-06, 5.64996589674e-05, 3.93836817238e-05, 2.44437487709e-05, 1.53340479301e-05, 1.22350629681e-05, 5.09281017003e-06, 1.65933727203e-06, 8.95227231013e-07, 5.81000108468e-07, 3.64239724604e-07, 2.88206763344e-07, 2.18631811322e-07, 2.00238815751e-07, 2.18886853531e-07, 3.11864198466e-07, 2.65027267687e-07, 1.95288166083e-07, 1.52154740363e-07, 1.1880916162e-07, 1.03474263824e-07, 7.58142988388e-08, 5.82430637053e-08, 6.252124507e-08, 5.59319843774e-08, 4.68480081395e-08, 2.75692855212e-08, 1.94131715148e-08, 1.01699804134e-08, 3.88568111021e-09, 3.79101283698e-09, 3.71625819007e-09, 2.3395272386e-09, 3.17443538123e-09, 4.22511359233e-09, 3.14007264635e-09, 2.52561482839e-09, 2.42118103344e-09, 1.65990932111e-09],
        "min": [4.24038966181e-24, 9.81883809132e-24, 7.92130102584e-24, 1.16371498561e-23, 5.42544491263e-24, 6.24647596e-24, 9.79778339376e-24, 1.47350744729e-23, 7.81120838677e-24, 1.0225994448e-23, 1.01019018945e-23, 3.60272657085e-24, 1.51393404433e-23, 3.07933305857e-23, 7.65182377404e-24, 6.08995846222e-24, 3.25715993765e-24, 7.81769597886e-24, 1.04190334447e-23, 1.01022553042e-23, 8.95315238912e-24, 4.32975931934e-24, 7.62135007727e-24, 1.17486206351e-23, 6.1913460212e-24, 1.07258451166e-23, 1.57994024508e-23, 7.55303077857e-24, 1.06783856668e-23, 1.20753084464e-23, 1.00570164978e-23, 8.38052220232e-24, 1.58272066423e-23, 9.76414873134e-24, 8.05599034794e-24, 1.29732830143e-23, 7.00387472573e-24, 1.10255775507e-23, 8.11490563579e-24, 8.80477001943e-24],
        "var": [1.18209575461e-08, 2.98920319608e-08, 1.32279797072e-06, 2.9439759146e-06, 6.94942514201e-07, 8.97824861568e-07, 1.84979580808e-06, 1.59124635957e-06, 4.06714434575e-06, 3.93363052353e-07, 8.95280010127e-08, 1.20658318892e-08, 6.6010987787e-09, 1.05514219584e-08, 1.08477626881e-08, 1.03346700087e-08, 9.60245571946e-09, 1.27696235808e-08, 5.09014386196e-09, 1.82521531222e-09, 4.16090772948e-10, 2.80982820344e-10, 3.74864528307e-10, 1.82491008416e-10, 2.37295183503e-11, 2.83443719884e-11, 4.48899598049e-11, 3.91112940645e-11, 5.83446572305e-12, 1.15121644856e-11, 2.74086447982e-11, 1.28611375022e-11, 1.02008809386e-11, 5.49540447869e-12, 3.88907309135e-12, 7.14450677439e-12, 4.02750619313e-12, 1.14060193582e-12, 4.61453575004e-13, 7.5273847485e-13]
    },
    "mfcc": {
        "mean": [-852.681884766, 141.180664062, 13.8668117523, 18.7836360931, 6.56816911697, -9.06233692169, -11.1719770432, -13.8639650345, -11.2360801697, -0.345312386751, -5.7637796402, -2.32573366165, -3.51662492752],
        "cov": [[13867.6396484, 1588.67370605, -3124.2878418, -559.964294434, -724.450622559, -1521.90771484, -535.849731445, -729.314575195, -683.068664551, 476.630737305, -382.595794678, -272.36630249, -521.863342285], [1588.67370605, 4509.57714844, -778.433410645, -758.65246582, -167.377761841, -810.757507324, 39.5935821533, -441.185272217, -388.684417725, 67.7520904541, -196.657196045, -116.841590881, -172.692962646], [-3124.2878418, -778.433410645, 1637.00061035, 346.092102051, 107.758575439, 571.253601074, 62.486618042, 153.340316772, 148.438201904, -324.027618408, 84.8309326172, 57.6363182068, 83.9020462036], [-559.964294434, -758.65246582, 346.092102051, 780.317199707, 232.522033691, 14.6908550262, -153.144378662, 78.6201934814, 115.86100769, -128.206970215, -37.8528327942, -13.3905878067, 81.2399978638], [-724.450622559, -167.377761841, 107.758575439, 232.522033691, 456.704589844, 25.6054611206, -93.6623535156, -28.2999668121, 83.7630233765, 29.6861629486, -35.5267448425, 8.12858486176, 57.144985199], [-1521.90771484, -810.757507324, 571.253601074, 14.6908550262, 25.6054611206, 697.613342285, 119.707466125, 93.3368453979, 139.556747437, -108.334617615, 192.47996521, 51.3941421509, 14.1008148193], [-535.849731445, 39.5935821533, 62.486618042, -153.144378662, -93.6623535156, 119.707466125, 342.869049072, 87.7758255005, -8.28603935242, 22.3535327911, 58.5366134644, 79.4392318726, 7.24746274948], [-729.314575195, -441.185272217, 153.340316772, 78.6201934814, -28.2999668121, 93.3368453979, 87.7758255005, 318.271179199, 87.3626327515, -65.9212188721, 39.9503288269, 39.6621894836, 29.6609134674], [-683.068664551, -388.684417725, 148.438201904, 115.86100769, 83.7630233765, 139.556747437, -8.28603935242, 87.3626327515, 212.485137939, 6.45700025558, 27.2347278595, 14.8577394485, 28.5210132599], [476.630737305, 67.7520904541, -324.027618408, -128.206970215, 29.6861629486, -108.334617615, 22.3535327911, -65.9212188721, 6.45700025558, 276.202758789, 13.7798299789, -1.13405179977, 4.41239976883], [-382.595794678, -196.657196045, 84.8309326172, -37.8528327942, -35.5267448425, 192.47996521, 58.5366134644, 39.9503288269, 27.2347278595, 13.7798299789, 189.444580078, 30.4969139099, -11.0289182663], [-272.36630249, -116.841590881, 57.6363182068, -13.3905878067, 8.12858486176, 51.3941421509, 79.4392318726, 39.6621894836, 14.8577394485, -1.13405179977, 30.4969139099, 110.556236267, 33.8996582031], [-521.863342285, -172.692962646, 83.9020462036, 81.2399978638, 57.144985199, 14.1008148193, 7.24746274948, 29.6609134674, 28.5210132599, 4.41239976883, -11.0289182663, 33.8996582031, 153.984588623]],
