{
"lowlevel": {
    "average_loudness": 0.944437026978,
    "barkbands_crest": {
        "dmean": 2.24113035202,
        "dmean2": 3.41593551636,
        "dvar": 5.56817150116,
        "dvar2": 11.6999111176,
        "max": 25.9404754639,
        "mean": 13.856926918,
        "median": 12.9959087372,
        "min": 3.83170509338,
        "var": 29.2257823944
    },
    "barkbands_flatness_db": {
        "dmean": 0.0294269397855,
        "dmean2": 0.0411033816636,
        "dvar": 0.000903618056327,
        "dvar2": 0.00163186294958,
        "max": 0.487947255373,
        "mean": 0.258113861084,
        "median": 0.253761321306,
        "min": 0.055371068418,
        "var": 0.00529367150739
    },
    "barkbands_kurtosis": {
        "dmean": 9.9116859436,
        "dmean2": 14.1327867508,
        "dvar": 230.608520508,
        "dvar2": 461.164703369,
        "max": 236.708633423,
        "mean": 22.4695701599,
        "median": 12.0532979965,
        "min": -1.93365907669,
        "var": 816.976623535
    },
    "barkbands_skewness": {
        "dmean": 0.820733726025,
        "dmean2": 1.15834057331,
        "dvar": 0.777403354645,
        "dvar2": 1.51320159435,
        "max": 12.4181985855,
        "mean": 3.46343517303,
        "median": 2.9610414505,
        "min": -1.9513386488,
        "var": 4.41981363297
    },
    "barkbands_spread": {
        "dmean": 3.0506606102,
        "dmean2": 4.57929992676,
        "dvar": 25.7678451538,
        "dvar2": 49.2118682861,
        "max": 86.756477356,
        "mean": 9.43332767487,
        "median": 6.88837623596,
        "min": 0.350945144892,
        "var": 82.4451828003
    },
    "dissonance": {
        "dmean": 0.0215563867241,
        "dmean2": 0.0354212634265,
        "dvar": 0.000510272453539,
        "dvar2": 0.00136540050153,
        "max": 0.497326850891,
        "mean": 0.434292048216,
        "median": 0.442882955074,
        "min": 0.252177536488,
        "var": 0.00136257265694
    },
    "dynamic_complexity": 2.57808828354,
    "erbbands_crest": {
        "dmean": 2.08629608154,
        "dmean2": 3.11869072914,
        "dvar": 4.57303476334,
        "dvar2": 9.32160663605,
        "max": 29.7927513123,
        "mean": 9.97397518158,
        "median": 8.87996864319,
        "min": 2.66438317299,
        "var": 20.1932163239
    },
    "erbbands_flatness_db": {
        "dmean": 0.0182658564299,
        "dmean2": 0.0242741182446,
        "dvar": 0.000406338484026,
        "dvar2": 0.000702064833604,
        "max": 0.326739430428,
        "mean": 0.194489210844,
        "median": 0.194609060884,
        "min": 0.0602550134063,
        "var": 0.00210031750612
    },
    "erbbands_kurtosis": {
        "dmean": 0.869967997074,
        "dmean2": 1.27115309238,
        "dvar": 2.07873797417,
        "dvar2": 4.11242294312,
        "max": 27.3866844177,
        "mean": 0.609320104122,
        "median": -0.244331121445,
        "min": -1.87798047066,
        "var": 8.06311798096
    },
    "erbbands_skewness": {
        "dmean": 0.328196257353,
        "dmean2": 0.465902119875,
        "dvar": 0.128452286124,
        "dvar2": 0.230942308903,
        "max": 4.10485887527,
        "mean": 0.575544476509,
        "median": 0.616586983204,
        "min": -4.27887105942,
        "var": 0.814143896103
    },
    "erbbands_spread": {
        "dmean": 7.20597362518,
        "dmean2": 10.7172346115,
        "dvar": 96.3766708374,
        "dvar2": 201.337265015,
        "max": 145.808334351,
        "mean": 43.4432830811,
        "median": 42.343460083,
        "min": 3.35581493378,
        "var": 434.625579834
    },
    "hfc": {
        "dmean": 4.98630905151,
        "dmean2": 6.4649720192,
        "dvar": 136.201583862,
        "dvar2": 270.106018066,
        "max": 389.137939453,
        "mean": 15.9056043625,
        "median": 10.9678125381,
        "min": 1.27737108013e-16,
        "var": 334.478302002
    },
    "melbands_crest": {
        "dmean": 2.91880702972,
        "dmean2": 4.51432847977,
        "dvar": 8.17469024658,
        "dvar2": 19.4805107117,
        "max": 31.1000137329,
        "mean": 18.8173618317,
        "median": 19.0749225616,
        "min": 2.06280303001,
        "var": 31.7327423096
    },
    "melbands_flatness_db": {
        "dmean": 0.0331582911313,
        "dmean2": 0.0456165149808,
        "dvar": 0.00111679395195,
        "dvar2": 0.00201721559279,
        "max": 0.60962498188,
        "mean": 0.35332852602,
        "median": 0.350449025631,
        "min": 0.00489971600473,
        "var": 0.007332269568
    },
    "melbands_kurtosis": {
        "dmean": 19.1566848755,
        "dmean2": 27.9731349945,
        "dvar": 698.481628418,
        "dvar2": 1426.52246094,
        "max": 341.195068359,
        "mean": 48.753326416,
        "median": 29.2677841187,
        "min": -1.52041590214,
        "var": 2588.84716797
    },
    "melbands_skewness": {
        "dmean": 1.00904476643,
        "dmean2": 1.46692359447,
        "dvar": 1.12463521957,
        "dvar2": 2.29271388054,
        "max": 13.7980861664,
        "mean": 4.83424568176,
        "median": 4.37120103836,
        "min": -0.701337695122,
        "var": 6.39738893509
    },
    "melbands_spread": {
        "dmean": 2.79287981987,
        "dmean2": 4.04433393478,
        "dvar": 29.0947933197,
        "dvar2": 49.2484970093,
        "max": 147.332366943,
        "mean": 7.8983206749,
        "median": 5.24712085724,
        "min": 0.462876319885,
        "var": 77.8288269043
    },
    "pitch_salience": {
        "dmean": 0.0728212669492,
        "dmean2": 0.1102238819,
        "dvar": 0.00489797489718,
        "dvar2": 0.0103692738339,
        "max": 0.848585307598,
        "mean": 0.42768868804,
        "median": 0.44285723567,
        "min": 0.073738835752,
        "var": 0.0233500320464
    },
    "silence_rate_20dB": {
        "dmean": 0.0134020615369,
        "dmean2": 0.0268179476261,
        "dvar": 0.0132222529501,
        "dvar2": 0.028162335977,
        "max": 1,
        "mean": 0.986089646816,
        "median": 1,
        "min": 0,
        "var": 0.0137165654451
    },
    "silence_rate_30dB": {
        "dmean": 0.0865979418159,
        "dmean2": 0.173285201192,
        "dvar": 0.079097867012,
        "dvar2": 0.156667783856,
        "max": 1,
        "mean": 0.759402394295,
        "median": 1,
        "min": 0,
        "var": 0.182712435722
    },
    "silence_rate_60dB": {
        "dmean": 0.00154639175162,
        "dmean2": 0.00309437862597,
        "dvar": 0.00154399336316,
        "dvar2": 0.0030847650487,
        "max": 1,
        "mean": 0.00206079334021,
        "median": 0,
        "min": 0,
        "var": 0.00205659121275
    },
    "spectral_centroid": {
        "dmean": 164.557922363,
        "dmean2": 243.803924561,
        "dvar": 113156.726562,
        "dvar2": 163927.203125,
        "max": 11153.5605469,
        "mean": 739.367858887,
        "median": 614.116088867,
        "min": 141.759963989,
        "var": 267358.9375
    },
    "spectral_complexity": {
        "dmean": 1.69845366478,
        "dmean2": 2.56781840324,
        "dvar": 3.27140617371,
        "dvar2": 6.52281522751,
        "max": 39,
        "mean": 11.8387432098,
        "median": 12,
        "min": 0,
        "var": 17.9250679016
    },
    "spectral_decrease": {
        "dmean": 7.28077464984e-09,
        "dmean2": 9.90177095872e-09,
        "dvar": 1.35221107323e-16,
        "dvar2": 2.35198708959e-16,
        "max": 1.55541845835e-28,
        "mean": -1.94715212842e-08,
        "median": -1.14605089863e-08,
        "min": -1.62814075111e-07,
        "var": 4.33760940077e-16
    },
    "spectral_energy": {
        "dmean": 0.027833795175,
        "dmean2": 0.0378219671547,
        "dvar": 0.00196192972362,
        "dvar2": 0.00340957427397,
        "max": 0.620302081108,
        "mean": 0.0749325454235,
        "median": 0.0443567670882,
        "min": 1.09990803818e-20,
        "var": 0.00631422316656
    },
    "spectral_energyband_high": {
        "dmean": 0.00017799095076,
        "dmean2": 0.000257575826254,
        "dvar": 3.58451256943e-06,
        "dvar2": 8.37091738504e-06,
        "max": 0.0720824673772,
        "mean": 0.000220573027036,
        "median": 3.75958443328e-05,
        "min": 7.65188353183e-21,
        "var": 3.42384009855e-06
    },
    "spectral_energyband_low": {
        "dmean": 0.0258468650281,
        "dmean2": 0.0353597998619,
        "dvar": 0.00191526429262,
        "dvar2": 0.00335621857084,
        "max": 0.603860318661,
        "mean": 0.059020485729,
        "median": 0.0260238014162,
        "min": 1.12559381879e-22,
        "var": 0.00593659840524
    },
    "spectral_energyband_middle_high": {
        "dmean": 0.00101049244404,
        "dmean2": 0.0012163593201,
        "dvar": 7.97770462668e-06,
        "dvar2": 1.07708510768e-05,
        "max": 0.0932018533349,
        "mean": 0.00307739363052,
        "median": 0.0011968226172,
        "min": 1.66490878766e-21,
        "var": 5.01830800204e-05
    },
    "spectral_energyband_middle_low": {
        "dmean": 0.00447623198852,
        "dmean2": 0.00665327254683,
        "dvar": 3.65263076674e-05,
        "dvar2": 7.66635566833e-05,
        "max": 0.0863956063986,
        "mean": 0.0146126272157,
        "median": 0.0103985061869,
        "min": 2.98834243388e-22,
        "var": 0.000158562528668
    },
    "spectral_entropy": {
        "dmean": 0.204640522599,
        "dmean2": 0.29098662734,
        "dvar": 0.0535979233682,
        "dvar2": 0.100792311132,
        "max": 9.81017684937,
        "mean": 6.63333559036,
        "median": 6.60694122314,
        "min": 5.17567062378,
        "var": 0.228305876255
    },
    "spectral_flux": {
        "dmean": 0.0410613380373,
        "dmean2": 0.0673562958837,
        "dvar": 0.00293925311416,
        "dvar2": 0.00753746787086,
        "max": 0.4972178936,
        "mean": 0.0895272865891,
        "median": 0.0749772936106,
        "min": 1.04876503315e-10,
        "var": 0.00397625006735
    },
    "spectral_kurtosis": {
        "dmean": 4.86170148849,
        "dmean2": 8.38994121552,
        "dvar": 29.5041313171,
        "dvar2": 82.744644165,
        "max": 72.5101699829,
        "mean": 9.79780101776,
        "median": 7.51521492004,
        "min": -1.17808258533,
        "var": 66.5240783691
    },
    "spectral_rms": {
        "dmean": 0.00148544681724,
        "dmean2": 0.00198512733914,
        "dvar": 3.29660679199e-06,
        "dvar2": 5.4148831623e-06,
        "max": 0.0246002599597,
        "mean": 0.00763146113604,
        "median": 0.00657836534083,
        "min": 3.27579153039e-12,
        "var": 1.48657600221e-05
    },
    "spectral_rolloff": {
        "dmean": 177.426177979,
        "dmean2": 293.835449219,
        "dvar": 399076.0625,
        "dvar2": 669119.75,
        "max": 19379.8828125,
        "mean": 455.016418457,
        "median": 236.865234375,
        "min": 64.599609375,
        "var": 632009.75
    },
    "spectral_skewness": {
        "dmean": 0.441894859076,
        "dmean2": 0.74222779274,
        "dvar": 0.185010269284,
        "dvar2": 0.484933853149,
        "max": 6.11192703247,
        "mean": 2.07697415352,
        "median": 1.96867251396,
        "min": -0.303569436073,
        "var": 0.607929706573
    },
    "spectral_spread": {
        "dmean": 535690.6875,
        "dmean2": 767542.9375,
        "dvar": 951089954816,
        "dvar2": 1.4448927703e+12,
        "max": 39301804,
        "mean": 3228659.75,
        "median": 2931423.25,
        "min": 1052725.5,
        "var": 2.76178665472e+12
    },
    "spectral_strongpeak": {
        "dmean": 0.313194304705,
        "dmean2": 0.492195546627,
        "dvar": 0.330833554268,
        "dvar2": 0.700752675533,
        "max": 12.3372383118,
        "mean": 0.842177927494,
        "median": 0.626903712749,
        "min": 0,
        "var": 0.652991592884
    },
    "zerocrossingrate": {
        "dmean": 0.00572421681136,
        "dmean2": 0.00687597692013,
        "dvar": 0.000186116230907,
        "dvar2": 0.000191530780285,
        "max": 0.52490234375,
        "mean": 0.0225726310164,
        "median": 0.01806640625,
        "min": 0,
        "var": 0.000446508900495
    },
    "barkbands": {
        "dmean": [0.000308358808979, 0.0188535507768, 0.00757644325495, 0.00195573549718, 0.00190385198221, 0.00116884743329, 0.000588697264902, 0.000389456516132, 0.000345578795532, 0.000112652349344, 0.00013881844643, 0.000200604976271, 0.000338043289958, 0.000251806573942, 6.72143942211e-05, 0.000117731869977, 0.00010567051504, 0.000107548003143, 8.92257521627e-05, 3.23192653013e-05, 9.4812559837e-05, 3.49670517608e-05, 2.62747744273e-05, 2.16526423173e-05, 8.57572013047e-06, 3.32757304022e-06, 1.29863252596e-07],
        "dmean2": [0.000398312375182, 0.0260672271252, 0.010698793456, 0.00306808715686, 0.00286595686339, 0.00174067134503, 0.000856289290823, 0.000542693887837, 0.000493534898851, 0.000149719809997, 0.000185914163012, 0.000286046444671, 0.000449832557933, 0.000311721814796, 9.88883257378e-05, 0.000166024721693, 0.000134391724714, 0.000152104796143, 0.000130308486405, 4.71225284855e-05, 0.000162363241543, 5.14817184012e-05, 3.65260857507e-05, 3.01095260511e-05, 1.21978509924e-05, 5.19625473316e-06, 2.12395235621e-07],
        "dvar": [2.22788600013e-07, 0.00115100166295, 0.000269419862889, 1.09930979306e-05, 8.86033831193e-06, 6.65176185066e-06, 3.40626388606e-06, 1.30560613343e-06, 1.36535720685e-06, 1.38566306873e-07, 5.38497545222e-07, 9.00020154404e-07, 3.55002157448e-06, 4.26442738899e-06, 1.2814980721e-07, 2.44923597847e-07, 9.67349151892e-08, 1.24072428775e-07, 1.2759164747e-07, 6.08738615071e-09, 2.91096807814e-06, 1.06237628472e-07, 2.5283174665e-08, 1.7681321296e-08, 1.67897706849e-09, 1.50379417252e-10, 5.30724390217e-13],
        "dvar2": [4.25782275215e-07, 0.00219220691361, 0.000424049620051, 2.43045542447e-05, 2.04493117053e-05, 1.357403562e-05, 7.12225983079e-06, 2.7360108561e-06, 2.60421484199e-06, 2.23814694778e-07, 7.96420920324e-07, 1.97506574295e-06, 5.8969735619e-06, 5.54765802008e-06, 3.10464628228e-07, 5.23183189216e-07, 1.33526484092e-07, 2.87645292474e-07, 2.8436085131e-07, 1.24388526146e-08, 8.14246413938e-06, 2.50970316529e-07, 4.47386625524e-08, 2.95227717828e-08, 2.71636535487e-09, 3.62413515864e-10, 1.12330056281e-12],
        "max": [0.00744846370071, 0.402568995953, 0.297664552927, 0.057675383985, 0.0524335801601, 0.0505897030234, 0.045436386019, 0.0189754702151, 0.0321550033987, 0.0104660131037, 0.0312396921217, 0.028290592134, 0.0570703670382, 0.0802294239402, 0.0107233701274, 0.0166526958346, 0.00823760218918, 0.00760238664225, 0.00799759477377, 0.00195330264978, 0.057454880327, 0.011703627184, 0.00517216511071, 0.00397793902084, 0.00110154086724, 0.000272366392892, 3.14840872306e-05],
        "mean": [0.000509508303367, 0.0440935753286, 0.0124534219503, 0.00408202782273, 0.00424947682768, 0.0028026048094, 0.00157451652922, 0.000912041345146, 0.000922674604226, 0.000264372065431, 0.000333690142725, 0.000363211613148, 0.000528559728991, 0.000450347928563, 0.000112932233606, 0.000252966798143, 0.00028929419932, 0.000257390143815, 0.000202065129997, 7.24714918761e-05, 7.98027394922e-05, 4.76391142001e-05, 3.38391000696e-05, 2.94832243526e-05, 1.12911902761e-05, 3.36469292961e-06, 1.21288039168e-07],
        "median": [0.000147781291162, 0.0160577557981, 0.00522554060444, 0.00203470978886, 0.00244481978007, 0.00130654929671, 0.000487644196255, 0.000263365072897, 0.000238033535425, 5.75019439566e-05, 4.95804924867e-05, 9.90899497992e-05, 3.68981272914e-05, 3.88324842788e-05, 2.39613036683e-05, 6.56653792248e-05, 7.34018758521e-05, 8.07261094451e-05, 3.68639666704e-05, 2.55136146734e-05, 7.55417204346e-06, 6.73650220051e-06, 4.85240343551e-06, 2.16245848605e-06, 7.13126098617e-07, 3.11639070105e-07, 3.35805672158e-09],
        "min": [3.699583465e-23, 6.69468700482e-23, 1.91485824214e-23, 6.71004454892e-24, 9.17861372677e-23, 6.33112562606e-23, 5.0472387256e-23, 4.72260100608e-23, 2.27449772002e-23, 7.80872962804e-23, 4.57494202184e-23, 1.12574389169e-22, 1.05428521058e-22, 8.24475892499e-23, 1.2562882546e-22, 1.59403494909e-22, 1.10438532491e-22, 2.72827127552e-22, 3.12475604815e-22, 4.42289141739e-22, 2.84329123447e-22, 4.17398017959e-22, 6.4788229805e-22, 9.12386274098e-22, 1.21190946442e-21, 1.24668154436e-21, 3.05398676836e-21],
        "var": [5.57153441605e-07, 0.00390401436016, 0.000610131130088, 4.30129839515e-05, 2.34262661252e-05, 2.38599513978e-05, 1.28598094307e-05, 4.1507005335e-06, 6.82425434206e-06, 5.72647138597e-07, 2.65789481091e-06, 1.43384340845e-06, 8.19305751065e-06, 1.51934045789e-05, 2.50794983003e-07, 6.41771805476e-07, 5.0406021046e-07, 2.91176860401e-07, 3.79007843776e-07, 2.12867412586e-08, 1.78543484708e-06, 1.04023271774e-07, 3.79176618992e-08, 3.36360912456e-08, 3.700786122e-09, 1.72593800363e-10, 1.02478193032e-12]
    },
    "erbbands": {
        "dmean": [0.314515441656, 5.01565170288, 11.1705675125, 5.07761573792, 8.50354480743, 4.65822935104, 6.45024442673, 10.2495584488, 8.16814517975, 8.21447181702, 8.11700344086, 7.75486898422, 4.54102468491, 3.29813098907, 6.48397541046, 6.30496501923, 11.4081268311, 14.0960855484, 3.28256607056, 3.45694470406, 7.95803356171, 5.07085418701, 6.80074453354, 4.61030006409, 3.0450668335, 1.12860393524, 2.56293082237, 3.35498929024, 1.43082821369, 0.998052835464, 0.652435302734, 0.613867580891, 0.263452410698, 0.129074022174, 0.0406172722578, 0.0181817933917, 0.00545503711328, 0.000686382350978, 2.51029487117e-05, 3.05577050312e-05],
        "dmean2": [0.417075961828, 6.99064826965, 15.7012195587, 7.52049398422, 12.9533224106, 7.06225681305, 9.50879764557, 14.9824724197, 12.1493444443, 10.5933561325, 11.2562303543, 10.6740694046, 5.8375878334, 4.32734584808, 8.63851165771, 8.81844520569, 14.547369957, 17.1442470551, 4.63607549667, 4.76042079926, 10.8755559921, 6.59506654739, 9.05066299438, 6.57597875595, 4.27685117722, 1.62258672714, 4.36966609955, 5.53324890137, 2.11869835854, 1.39076316357, 0.952873945236, 0.856385469437, 0.361134082079, 0.182567760348, 0.0596039742231, 0.029127638787, 0.00828041788191, 0.00104176672176, 3.59489604307e-05, 4.13836824009e-05],
        "dvar": [0.426661670208, 79.3058166504, 506.692749023, 83.5038223267, 151.709915161, 67.4455718994, 254.648239136, 571.326843262, 926.88104248, 549.94543457, 589.274658203, 713.891235352, 240.505569458, 93.1447525024, 1359.08300781, 410.060668945, 2706.03808594, 10212.0625, 181.378234863, 218.242843628, 1146.44287109, 181.821853638, 446.665008545, 350.130462646, 102.119354248, 7.32869243622, 1867.99963379, 2754.66381836, 233.026885986, 42.7828178406, 15.504691124, 16.6530799866, 2.23737573624, 0.458110481501, 0.0264962557703, 0.00565681792796, 0.000325010536471, 6.08565869697e-06, 3.87962773019e-09, 2.29837926469e-09],
        "dvar2": [0.683662474155, 153.11869812, 782.3984375, 162.759765625, 331.887084961, 163.844726562, 580.663574219, 1099.70703125, 2091.78881836, 773.49786377, 1210.02709961, 1144.24365234, 368.281738281, 149.889053345, 2175.10717773, 887.174621582, 4644.84277344, 10817.7695312, 417.470153809, 456.802520752, 2480.61865234, 290.452911377, 959.769592285, 795.448120117, 215.813583374, 15.7667455673, 5329.33203125, 7376.12597656, 562.539855957, 78.0301132202, 27.5342521667, 29.351600647, 3.89832258224, 0.778914988041, 0.0499034225941, 0.014314849861, 0.000710448890459, 1.24450580188e-05, 8.00967558945e-09, 3.99401578477e-09],
        "max": [8.9989118576, 103.070365906, 393.55758667, 198.967849731, 237.657394409, 112.524017334, 276.104492188, 498.477966309, 915.862487793, 739.570068359, 467.736480713, 1012.84637451, 514.251037598, 274.010437012, 1615.12854004, 406.285522461, 1188.39916992, 4408.19335938, 329.130950928, 444.789703369, 1151.53173828, 336.844177246, 450.254150391, 396.248809814, 222.96774292, 57.6123542786, 1418.11816406, 1841.35449219, 555.882263184, 221.644638062, 115.128089905, 121.523208618, 42.6108627319, 16.9737987518, 4.54789304733, 1.877805233, 0.363818198442, 0.0956960096955, 0.00238132313825, 0.000671863788739],
        "mean": [0.807685494423, 11.28510952, 19.6720848083, 11.8009471893, 16.9034118652, 10.9660634995, 14.3504695892, 25.0607624054, 20.2654762268, 27.6394062042, 20.5501270294, 21.2317199707, 11.3476228714, 8.84939193726, 15.6273479462, 13.0174856186, 22.4604206085, 30.5214519501, 5.96104574203, 7.39105796814, 17.5799198151, 14.402806282, 17.9264335632, 11.427936554, 7.5419383049, 2.33619570732, 2.3094689846, 3.04343676567, 1.80402708054, 1.41934370995, 0.851456463337, 0.804714083672, 0.361551910639, 0.172003418207, 0.0527128465474, 0.0179239325225, 0.00586478691548, 0.00073836412048, 5.14771963935e-05, 8.32030782476e-05],
        "median": [0.188674002886, 4.20486068726, 9.06977176666, 5.82197856903, 9.49950027466, 6.32935810089, 7.6479010582, 10.5067853928, 6.60202980042, 7.53639888763, 6.8515329361, 5.38151264191, 3.40937566757, 3.17304849625, 3.69292902946, 3.33727407455, 2.09762644768, 2.11194229126, 1.30219221115, 1.90349948406, 4.57400655746, 4.45005083084, 5.65133523941, 2.7548828125, 2.01682281494, 1.01516640186, 0.366684049368, 0.289395302534, 0.214780524373, 0.206231504679, 0.133761391044, 0.0619173943996, 0.0291930343956, 0.0103323962539, 0.00397695740685, 0.00187386292964, 0.000478000612929, 3.66658241546e-05, 2.83169301838e-05, 5.0683363952e-05],
        "min": [2.06413672626e-21, 1.41443619597e-20, 2.37365115171e-20, 3.03312590339e-20, 1.6037831373e-19, 3.79655686936e-19, 4.51951427569e-19, 4.21833135231e-19, 4.03008313947e-19, 1.05845793368e-18, 1.07533469292e-18, 7.63876997262e-19, 1.39621904224e-18, 2.59429441337e-18, 3.13118053944e-18, 4.01111790428e-18, 4.80628910867e-18, 3.14047122528e-18, 6.65632859307e-18, 8.22476932718e-18, 8.06310018518e-18, 7.25703749366e-18, 1.56385922885e-17, 1.1285792543e-17, 2.31869776832e-17, 1.5814644447e-17, 1.40142858438e-17, 1.10368715628e-17, 1.53317479859e-17, 1.92024354376e-17, 1.36487919542e-17, 1.87278935007e-17, 1.63013277409e-17, 1.29513240151e-17, 8.61058125412e-18, 3.64508552014e-18, 2.56900770884e-18, 1.34041092407e-18, 3.9795188811e-19, 5.08208459243e-20],
        "var": [2.04550337791, 249.654571533, 1224.02380371, 344.558349609, 401.499359131, 176.018234253, 537.471679688, 2172.85131836, 2521.27026367, 5258.94433594, 1864.32946777, 4574.11132812, 1034.52185059, 522.62878418, 7005.15087891, 1177.12158203, 9919.84375, 59802.515625, 411.255279541, 614.308166504, 2933.90087891, 856.94317627, 1354.41027832, 1004.56787109, 312.693511963, 17.1320533752, 1089.98083496, 1894.22033691, 214.491500854, 65.6493148804, 23.0097694397, 27.0197544098, 4.761739254, 0.967092752457, 0.0685475841165, 0.00534922117367, 0.000540103239473, 1.47860901052e-05, 9.35142008274e-09, 7.46730677292e-09]
    },
    "gfcc": {
        "mean": [-46.6697120667, 156.748733521, -98.8030471802, 48.4662246704, -36.0665435791, 1.61733365059, -25.76521492, 8.39527702332, -9.59583473206, -11.2581119537, -2.40996789932, -1.61731529236, -9.88888263702],
        "cov": [[3519.23339844, -1070.90722656, -51.029800415, 105.834701538, -500.942352295, 369.116912842, -135.08190918, 113.109893799, -231.892166138, 243.920196533, -171.146408081, 77.692817688, -148.41456604], [-1070.90722656, 1354.14294434, -283.622467041, -187.932189941, 469.618408203, -349.563659668, 255.156890869, -48.4655647278, 295.608337402, -260.80581665, 207.038284302, -76.716545105, 120.617599487], [-51.029800415, -283.622467041, 627.652770996, 113.065162659, -20.7154006958, 211.153549194, -6.58179712296, -41.2058639526, -30.066614151, 128.820663452, -53.5740089417, 46.0630531311, 34.794960022], [105.834701538, -187.932189941, 113.065162659, 319.347473145, 54.6538543701, -24.1423397064, -10.8228473663, 48.4834747314, -27.9209690094, -42.0229644775, 18.8509750366, -2.28477716446, 28.9554195404], [-500.942352295, 469.618408203, -20.7154006958, 54.6538543701, 464.63394165, -149.962493896, 111.152671814, 68.4595031738, 141.342483521, -127.154037476, 80.5530471802, -12.0975980759, 64.8735809326], [369.116912842, -349.563659668, 211.153549194, -24.1423397064, -149.962493896, 361.554168701, 52.5701751709, -89.1078033447, -66.1046829224, 147.305267334, -40.5571784973, -13.0901994705, -22.4408187866], [-135.08190918, 255.156890869, -6.58179712296, -10.8228473663, 111.152671814, 52.5701751709, 304.936584473, -4.8564119339, 42.6789855957, -32.5371131897, 94.21484375, -17.0180110931, -6.92608213425], [113.109893799, -48.4655647278, -41.2058639526, 48.4834747314, 68.4595031738, -89.1078033447, -4.8564119339, 176.586410522, 19.7254886627, -47.2677536011, 2.4097468853, 43.5611076355, -4.15095663071], [-231.892166138, 295.608337402, -30.066614151, -27.9209690094, 141.342483521, -66.1046829224, 42.6789855957, 19.7254886627, 213.442184448, -24.1264152527, 27.5397224426, 5.9896068573, 64.5164718628], [243.920196533, -260.80581665, 128.820663452, -42.0229644775, -127.154037476, 147.305267334, -32.5371131897, -47.2677536011, -24.1264152527, 193.324996948, -45.1933670044, 10.4054384232, -18.4056835175], [-171.146408081, 207.038284302, -53.5740089417, 18.8509750366, 80.5530471802, -40.5571784973, 94.21484375, 2.4097468853, 27.5397224426, -45.1933670044, 133.30909729, -6.02103424072, 14.801776886], [77.692817688, -76.716545105, 46.0630531311, -2.28477716446, -12.0975980759, -13.0901994705, -17.0180110931, 43.5611076355, 5.9896068573, 10.4054384232, -6.02103424072, 95.9949417114, 18.8863601685], [-148.41456604, 120.617599487, 34.794960022, 28.9554195404, 64.8735809326, -22.4408187866, -6.92608213425, -4.15095663071, 64.5164718628, -18.4056835175, 14.801776886, 18.8863601685, 129.453308105]],
        "icov": [[0.00048617910943, -0.000259878230281, 0.000440655916464, -0.000585555331782, 0.00032238746644, -0.000805701303761, 0.000184363598237, -0.000662669946905, 0.000232979145949, -0.000492474704515, 0.000450730876764, -0.00056295027025, 0.000343912892276], [-0.000259878230281, 0.00709810107946, -0.00116607849486, 0.00551339006051, -0.00243868073449, 0.00575639074668, -0.00341471820138, 0.00458618765697, -0.00402366369963, 0.00441314466298, -0.00416485359892, 0.00450493907556, -0.00319527671672], [0.000440655916464, -0.00116607849486, 0.00325717055239, -0.00241943821311, -0.000180350310984, -0.00277339736931, 0.000638947822154, -0.000505635747686, 0.000925968575757, -0.00213846564293, 0.00177524855826, -0.00274422811344, 0.000316815101542], [-0.000585555331782, 0.00551339006051, -0.00241943821311, 0.00879630167037, -0.00214630784467, 0.00516922352836, -0.00232334504835, 0.00243298243731, -0.00212424760684, 0.00461952714249, -0.00440419698134, 0.00526198884472, -0.00374884740449], [0.00032238746644, -0.00243868073449, -0.000180350310984, -0.00214630784467, 0.00497997412458, -0.00121002283413, 0.000181276671356, -0.0028087659739, -0.000296882877592, -0.000269218726316, 0.000880063453224, -0.000390856002923, 0.000450704304967], [-0.000805701303761, 0.00575639074668, -0.00277339736931, 0.00516922352836, -0.00121002283413, 0.0114218210801, -0.00498048961163, 0.00536721991375, -0.00238959421404, 0.00120377296116, -0.00268268794753, 0.00529429037124, -0.00330958049744], [0.000184363598237, -0.00341471820138, 0.000638947822154, -0.00232334504835, 0.000181276671356, -0.00498048961163, 0.00701305223629, -0.00246383110061, 0.00114337645937, -0.00108392327093, -0.0014261015458, -0.00213584746234, 0.00283367256634], [-0.000662669946905, 0.00458618765697, -0.000505635747686, 0.00243298243731, -0.0028087659739, 0.00536721991375, -0.00246383110061, 0.0119353262708, -0.00311252195388, 0.00367680168711, -0.00178611441515, -0.00121110666078, -0.000397420517402], [0.000232979145949, -0.00402366369963, 0.000925968575757, -0.00212424760684, -0.000296882877592, -0.00238959421404, 0.00114337645937, -0.00311252195388, 0.00956512615085, -0.0039290045388, 0.00265447795391, -0.00238749431446, -0.00134255329613], [-0.000492474704515, 0.00441314466298, -0.00213846564293, 0.00461952714249, -0.000269218726316, 0.00120377296116, -0.00108392327093, 0.00367680168711, -0.0039290045388, 0.0125024644658, -0.00250213034451, 0.00226887338795, -0.00104072259273], [0.000450730876764, -0.00416485359892, 0.00177524855826, -0.00440419698134, 0.000880063453224, -0.00268268794753, -0.0014261015458, -0.00178611441515, 0.00265447795391, -0.00250213034451, 0.0138933490962, -0.00359090813436, 0.00112226826604], [-0.00056295027025, 0.00450493907556, -0.00274422811344, 0.00526198884472, -0.000390856002923, 0.00529429037124, -0.00213584746234, -0.00121110666078, -0.00238749431446, 0.00226887338795, -0.00359090813436, 0.0174081400037, -0.00493838498369], [0.000343912892276, -0.00319527671672, 0.000316815101542, -0.00374884740449, 0.000450704304967, -0.00330958049744, 0.00283367256634, -0.000397420517402, -0.00134255329613, -0.00104072259273, 0.00112226826604, -0.00493838498369, 0.0123021993786]]
    },
    "melbands": {
        "dmean": [0.00411187671125, 0.00633500376716, 0.00101183576044, 0.000486389471916, 0.000208465353353, 0.000227120006457, 0.000121809505799, 8.99886799743e-05, 6.70467270538e-05, 4.6007156925e-05, 2.27456366702e-05, 1.38919212986e-05, 2.06639106182e-05, 2.2154810722e-05, 1.8793009076e-05, 3.16540717904e-05, 2.48810392804e-05, 5.05934758621e-06, 5.69090980207e-06, 4.35353922512e-06, 1.04928512883e-05, 4.60959563497e-06, 7.02908573658e-06, 6.24107906333e-06, 3.68349287783e-06, 3.51907578988e-06, 1.67701875853e-06, 6.00749046953e-07, 6.72889029829e-07, 3.91075855077e-06, 1.20891365896e-06, 8.2018283365e-07, 7.18228989172e-07, 5.70229019559e-07, 3.62327142511e-07, 4.35452193415e-07, 3.58192608019e-07, 1.56386974481e-07, 2.01901258379e-07, 7.96874672915e-08],
        "dmean2": [0.00560717051849, 0.00884268060327, 0.0014802145306, 0.000738979724701, 0.000306178029859, 0.000334596377797, 0.000180808987352, 0.000115291943075, 9.26707798499e-05, 6.37814591755e-05, 2.98928680422e-05, 1.83689808182e-05, 2.68843614322e-05, 3.09755851049e-05, 2.82747860183e-05, 4.0162311052e-05, 3.09792303597e-05, 7.36389529266e-06, 8.5463434516e-06, 5.96797281105e-06, 1.42621165651e-05, 6.25353277428e-06, 8.89087914402e-06, 8.85636927705e-06, 5.37996493222e-06, 5.04632225784e-06, 2.44576108344e-06, 9.27145720198e-07, 1.02645651623e-06, 7.00644295648e-06, 1.82560631856e-06, 1.27379132664e-06, 1.01159378119e-06, 8.23117204618e-07, 5.36053221367e-07, 6.31263787909e-07, 5.15160024861e-07, 2.24123013481e-07, 2.79431503714e-07, 1.16166717135e-07],
        "dvar": [6.17089681327e-05, 0.000126572223962, 2.2791189167e-06, 5.49221454094e-07, 2.42840940246e-07, 2.70020535709e-07, 1.63486831184e-07, 5.89528568185e-08, 3.82437761459e-08, 2.51351988112e-08, 6.09807226937e-09, 1.49701384622e-09, 9.22838871986e-09, 1.03555564124e-08, 6.65831167979e-09, 3.29898135476e-08, 3.14869481599e-08, 5.91303339625e-10, 1.3089204165e-09, 2.09890618774e-10, 1.83462089964e-09, 1.13899376042e-10, 5.50799461596e-10, 4.98329211229e-10, 2.38806557862e-10, 1.88014728786e-10, 2.10554976232e-11, 2.24546813435e-12, 1.46627258946e-11, 7.14936909674e-09, 1.13263051715e-10, 9.19678708189e-11, 2.81614488673e-11, 1.64233314448e-11, 4.56132310742e-12, 8.16810074439e-12, 5.92177522296e-12, 7.48252425731e-13, 1.53572011878e-12, 1.20069644331e-13],
        "dvar2": [0.000111214321805, 0.000211232269066, 4.53823031421e-06, 1.31203967157e-06, 5.53508982648e-07, 5.43707699308e-07, 3.67109407762e-07, 8.78602222087e-08, 7.49203223904e-08, 4.07547950942e-08, 9.51305434427e-09, 2.44446329845e-09, 1.3106975949e-08, 2.0330713113e-08, 1.40511460245e-08, 4.72955683506e-08, 3.46318351774e-08, 1.50407097887e-09, 3.28891580637e-09, 3.75108527573e-10, 4.03913968938e-09, 1.9342631663e-10, 8.42736491702e-10, 1.13738896079e-09, 5.45351819259e-10, 4.10487144276e-10, 4.01882312151e-11, 5.54154725579e-12, 3.68780839199e-11, 2.04847427909e-08, 2.53681742279e-10, 2.38753267157e-10, 5.94139251686e-11, 3.63947205706e-11, 8.15448576719e-12, 1.74553999727e-11, 1.00017581023e-11, 1.44947508857e-12, 2.55205166895e-12, 2.23030104042e-13],
        "max": [0.105264231563, 0.184615492821, 0.0279058758169, 0.0132020059973, 0.00859122164547, 0.0099660763517, 0.0117025217041, 0.0068373917602, 0.00427490193397, 0.00582807464525, 0.00248550390825, 0.00102279218845, 0.00426021637395, 0.0035490046721, 0.00206750957295, 0.00635557062924, 0.00758326426148, 0.000601286592428, 0.00120565178804, 0.000395867216866, 0.00142348918598, 0.000193870379007, 0.000707192753907, 0.000525480660144, 0.000326225504978, 0.000312862714054, 0.000125369173475, 2.67839004664e-05, 0.000104161576019, 0.00278506544419, 0.000391679990571, 0.00033945319592, 0.000186045857845, 0.000136316171847, 6.43541134195e-05, 8.32492951304e-05, 6.98470030329e-05, 2.54072911048e-05, 3.37102064805e-05, 7.91282946011e-06],
        "mean": [0.0101759741083, 0.0125512452796, 0.00231489981525, 0.0010326866759, 0.000482430856209, 0.000557785038836, 0.000313223485136, 0.000285154383164, 0.000169224396814, 0.000122364188428, 5.4504002037e-05, 3.52549031959e-05, 5.01480790263e-05, 4.53703250969e-05, 3.55666816176e-05, 6.43969106022e-05, 5.12660444656e-05, 7.63758907851e-06, 9.79338710749e-06, 9.28817189561e-06, 2.26568590733e-05, 1.24249518194e-05, 1.84657637874e-05, 1.47505052155e-05, 8.61931221152e-06, 8.10432175058e-06, 3.90495279134e-06, 9.54906340667e-07, 8.19703643629e-07, 2.82644464278e-06, 1.31142780901e-06, 9.56353119363e-07, 9.68492486209e-07, 7.40352504636e-07, 4.65787621806e-07, 5.2884820434e-07, 4.65867373123e-07, 2.10535134215e-07, 2.69605862968e-07, 9.99620510811e-08],
        "median": [0.00315300887451, 0.00569755584002, 0.00132332881913, 0.000584901135881, 0.000271333236014, 0.000242038979195, 0.000105311177322, 7.70150800236e-05, 5.48817770323e-05, 3.04521108774e-05, 1.4136045138e-05, 1.22210603877e-05, 1.05470126073e-05, 1.14083168228e-05, 4.31493435826e-06, 3.93468508264e-06, 3.50829986928e-06, 1.7845320599e-06, 1.93110986402e-06, 2.56032785728e-06, 5.36107290827e-06, 3.74586034013e-06, 4.83237772642e-06, 3.88644366467e-06, 1.73303953943e-06, 1.48649166931e-06, 1.12343730052e-06, 4.0837764459e-07, 1.87545310837e-07, 1.70053780835e-07, 1.38840817954e-07, 1.08368745089e-07, 1.18187465148e-07, 9.88582868899e-08, 7.11438588041e-08, 5.64057636154e-08, 2.67316320191e-08, 1.85009270126e-08, 1.20012870752e-08, 6.28769525335e-09],
        "min": [2.09896686005e-23, 1.60420623761e-23, 7.14640216978e-24, 2.18041706406e-23, 1.53813329923e-23, 9.93426974099e-24, 7.23777198413e-24, 1.07584787145e-23, 8.39239534781e-24, 4.17610380893e-24, 7.00893369072e-24, 1.08492458391e-23, 9.1318404282e-24, 1.36886141945e-23, 6.96467859394e-24, 1.16551279961e-23, 4.42387594736e-24, 1.12880528731e-23, 9.84611216825e-24, 9.38178706172e-24, 1.01394895389e-23, 6.68009938896e-24, 1.10371106971e-23, 1.32847095225e-23, 7.99685970107e-24, 1.5755164709e-23, 1.77168740313e-23, 8.91516005906e-24, 9.17009702666e-24, 7.7068121123e-24, 5.85177137822e-24, 8.06483978958e-24, 9.81192766979e-24, 1.20188709706e-23, 5.86944225693e-24, 1.19287972548e-23, 1.11660508009e-23, 1.35987092949e-23, 7.82859488112e-24, 1.21642824902e-23],
        "var": [0.000244157301495, 0.000333887699526, 8.49880052556e-06, 1.41630096095e-06, 5.05691048147e-07, 1.04354160158e-06, 4.91291814342e-07, 4.80962341953e-07, 1.37636718023e-07, 1.50584071434e-07, 2.63183768112e-08, 7.65170149464e-09, 5.52238539342e-08, 2.95802831118e-08, 2.21340510365e-08, 1.46328403616e-07, 1.75237886424e-07, 9.40939881566e-10, 2.59657184642e-09, 6.56825149825e-10, 4.6789603303e-09, 5.16571563303e-10, 2.52545939716e-09, 1.1893840357e-09, 6.83231804466e-10, 5.59530533017e-10, 8.01480132262e-11, 3.32541915012e-12, 1.33861446233e-11, 4.09163103399e-09, 1.15642169451e-10, 7.18467438321e-11, 3.5043846297e-11, 2.00548622847e-11, 6.67309870556e-12, 1.05144486867e-11, 9.90208696289e-12, 1.49758005476e-12, 3.09850322483e-12, 2.60091888348e-13]
    },
    "mfcc": {
        "mean": [-694.638244629, 177.187728882, 9.50840377808, 49.9501533508, 17.3435897827, 3.94631934166, 0.770627439022, 19.1434803009, -4.11362791061, 0.906707704067, 4.00850057602, 5.66030931473, 3.73724985123],
        "cov": [[2962.59375, -1061.36303711, 105.690284729, -178.755477905, -312.430053711, 78.4018325806, -9.18548774719, -61.212852478, -49.9944381714, 17.9557037354, 77.2588424683, -35.1923446655, -126.289787292], [-1061.36303711, 1344.30895996, -429.380126953, 97.8343963623, 154.598632812, -141.469436646, -20.7037448883, 151.580444336, 61.0321846008, -23.3976039886, 48.4975585938, 67.9664077759, 89.1199645996], [105.690284729, -429.380126953, 599.51574707, -106.333473206, -66.5960693359, 253.907730103, 47.52602005, -124.88483429, 34.1133003235, -3.76378297806, -46.5938224792, 39.1508827209, -8.42260360718], [-178.755477905, 97.8343963623, -106.333473206, 373.949981689, 155.381500244, -145.509017944, 23.8372955322, 131.226333618, 4.88862609863, 15.2230587006, -39.1536407471, -17.1792144775, 66.9512329102], [-312.430053711, 154.598632812, -66.5960693359, 155.381500244, 327.572967529, -91.810760498, -46.8178863525, 44.5950698853, 72.7828216553, 2.50277590752, -60.4674949646, 3.8983528614, 55.5318450928], [78.4018325806, -141.469436646, 253.907730103, -145.509017944, -91.810760498, 350.583374023, 92.8857574463, -102.823524475, 23.1691684723, 49.0163078308, 29.9236850739, 19.108341217, -18.5844039917], [-9.18548774719, -20.7037448883, 47.52602005, 23.8372955322, -46.8178863525, 92.8857574463, 234.878814697, 52.5794143677, -46.239818573, 32.6065597534, 41.6289787292, -21.78166008, -6.84702968597], [-61.212852478, 151.580444336, -124.88483429, 131.226333618, 44.5950698853, -102.823524475, 52.5794143677, 225.142166138, 0.561594605446, 6.94067192078, 21.9970245361, 2.33944058418, 33.8302345276], [-49.9944381714, 61.0321846008, 34.1133003235, 4.88862609863, 72.7828216553, 23.1691684723, -46.239818573, 0.561594605446, 171.551864624, -3.71480870247, -35.7822418213, 45.7025604248, 29.1457233429], [17.9557037354, -23.3976039886, -3.76378297806, 15.2230587006, 2.50277590752, 49.0163078308, 32.6065597534, 6.94067192078, -3.71480870247, 121.436645508, 18.0891361237, -21.1539058685, -2.51896882057], [77.2588424683, 48.4975585938, -46.5938224792, -39.1536407471, -60.4674949646, 29.9236850739, 41.6289787292, 21.9970245361, -35.7822418213, 18.0891361237, 136.469589233, 7.29442358017, -21.6009807587], [-35.1923446655, 67.9664077759, 39.1508827209, -17.1792144775, 3.8983528614, 19.108341217, -21.78166008, 2.33944058418, 45.7025604248, -21.1539058685, 7.29442358017, 106.516532898, 18.7350978851], [-126.289787292, 89.1199645996, -8.42260360718, 66.9512329102, 55.5318450928, -18.5844039917, -6.84702968597, 33.8302345276, 29.1457233429, -2.51896882057, -21.6009807587, 18.7350978851, 103.106948853]],
