{
"lowlevel": {
    "average_loudness": 0.773272395134,
    "barkbands_crest": {
        "dmean": 1.91129648685,
        "dmean2": 2.85856533051,
        "dvar": 4.4322719574,
        "dvar2": 9.98518180847,
        "max": 25.2328510284,
        "mean": 12.990237236,
        "median": 12.3290300369,
        "min": 3.14139318466,
        "var": 20.5217151642
    },
    "barkbands_flatness_db": {
        "dmean": 0.0216404963285,
        "dmean2": 0.0313097648323,
        "dvar": 0.000522625690792,
        "dvar2": 0.000999432522804,
        "max": 0.479849815369,
        "mean": 0.255475580692,
        "median": 0.250435292721,
        "min": 0.018450235948,
        "var": 0.00368403852917
    },
    "barkbands_kurtosis": {
        "dmean": 3.08114171028,
        "dmean2": 4.61816596985,
        "dvar": 49.7933235168,
        "dvar2": 115.906410217,
        "max": 117.058616638,
        "mean": 6.15117168427,
        "median": 2.11568021774,
        "min": -1.84331142902,
        "var": 150.275100708
    },
    "barkbands_skewness": {
        "dmean": 0.465193837881,
        "dmean2": 0.671933829784,
        "dvar": 0.35889044404,
        "dvar2": 0.756218969822,
        "max": 8.18644428253,
        "mean": 1.70322453976,
        "median": 1.49468767643,
        "min": -4.49690151215,
        "var": 1.8794438839
    },
    "barkbands_spread": {
        "dmean": 2.76308274269,
        "dmean2": 3.99463653564,
        "dvar": 12.4461784363,
        "dvar2": 28.4740447998,
        "max": 44.1257247925,
        "mean": 13.2062263489,
        "median": 12.0255250931,
        "min": 0.290761768818,
        "var": 66.8255004883
    },
    "dissonance": {
        "dmean": 0.0270317997783,
        "dmean2": 0.0432665869594,
        "dvar": 0.000750750070438,
        "dvar2": 0.00182321795728,
        "max": 0.499999880791,
        "mean": 0.412630230188,
        "median": 0.421448081732,
        "min": 0.0838317871094,
        "var": 0.00245139049366
    },
    "dynamic_complexity": 3.74099349976,
    "erbbands_crest": {
        "dmean": 2.14582705498,
        "dmean2": 3.24448013306,
        "dvar": 5.20353364944,
        "dvar2": 11.6903209686,
        "max": 30.2314682007,
        "mean": 12.6703710556,
        "median": 11.7069883347,
        "min": 3.69275617599,
        "var": 25.566362381
    },
    "erbbands_flatness_db": {
        "dmean": 0.0165534541011,
        "dmean2": 0.0241865254939,
        "dvar": 0.000330077949911,
        "dvar2": 0.000650941685308,
        "max": 0.425205081701,
        "mean": 0.272913634777,
        "median": 0.268971443176,
        "min": 0.0962727814913,
        "var": 0.00204812805168
    },
    "erbbands_kurtosis": {
        "dmean": 1.0245320797,
        "dmean2": 1.58896064758,
        "dvar": 7.70911121368,
        "dvar2": 19.1022052765,
        "max": 54.5986824036,
        "mean": 0.744523882866,
        "median": -0.376040935516,
        "min": -1.8010185957,
        "var": 17.5946369171
    },
    "erbbands_skewness": {
        "dmean": 0.3267839849,
        "dmean2": 0.47489079833,
        "dvar": 0.170205891132,
        "dvar2": 0.364415347576,
        "max": 5.44210004807,
        "mean": 0.591860294342,
        "median": 0.527398586273,
        "min": -6.44967079163,
        "var": 0.954941689968
    },
    "erbbands_spread": {
        "dmean": 4.68537807465,
        "dmean2": 7.00793170929,
        "dvar": 29.5428352356,
        "dvar2": 64.113319397,
        "max": 69.0044021606,
        "mean": 28.1188182831,
        "median": 27.4588794708,
        "min": 1.50984489918,
        "var": 128.587539673
    },
    "hfc": {
        "dmean": 2.92167425156,
        "dmean2": 3.38903474808,
        "dvar": 28.9200935364,
        "dvar2": 43.2406616211,
        "max": 147.686416626,
        "mean": 11.7369995117,
        "median": 6.2410492897,
        "min": 1.23085031013e-16,
        "var": 247.831787109
    },
    "melbands_crest": {
        "dmean": 2.43154406548,
        "dmean2": 3.69447803497,
        "dvar": 7.03816509247,
        "dvar2": 16.1095962524,
        "max": 33.2404022217,
        "mean": 17.0000247955,
        "median": 15.9434900284,
        "min": 2.12821173668,
        "var": 36.2901763916
    },
    "melbands_flatness_db": {
        "dmean": 0.0224649272859,
        "dmean2": 0.0315357483923,
        "dvar": 0.000612859788816,
        "dvar2": 0.00108061707579,
        "max": 0.572663366795,
        "mean": 0.294590204954,
        "median": 0.284355640411,
        "min": 0.00516423815861,
        "var": 0.00578128313646
    },
    "melbands_kurtosis": {
        "dmean": 4.59602546692,
        "dmean2": 6.90610647202,
        "dvar": 79.7903213501,
        "dvar2": 187.753494263,
        "max": 167.891403198,
        "mean": 11.3330688477,
        "median": 6.50987148285,
        "min": -1.61311089993,
        "var": 213.279769897
    },
    "melbands_skewness": {
        "dmean": 0.528524875641,
        "dmean2": 0.771279275417,
        "dvar": 0.436805099249,
        "dvar2": 0.933438837528,
        "max": 9.18323230743,
        "mean": 2.43101429939,
        "median": 2.26016545296,
        "min": -2.20415997505,
        "var": 2.03101110458
    },
    "melbands_spread": {
        "dmean": 4.55194282532,
        "dmean2": 6.65907382965,
        "dvar": 45.3452568054,
        "dvar2": 92.6968994141,
        "max": 131.720993042,
        "mean": 18.612121582,
        "median": 14.6817579269,
        "min": 0.51012390852,
        "var": 224.056274414
    },
    "pitch_salience": {
        "dmean": 0.0515153892338,
        "dmean2": 0.0793214291334,
        "dvar": 0.00318416417576,
        "dvar2": 0.00735426740721,
        "max": 0.942785978317,
        "mean": 0.471430033445,
        "median": 0.470976144075,
        "min": 0.153239458799,
        "var": 0.0127690723166
    },
    "silence_rate_20dB": {
        "dmean": 0,
        "dmean2": 0,
        "dvar": 0,
        "dvar2": 0,
        "max": 1,
        "mean": 1,
        "median": 1,
        "min": 1,
        "var": 0
    },
    "silence_rate_30dB": {
        "dmean": 0.00103092787322,
        "dmean2": 0.00206291908398,
        "dvar": 0.00102986919228,
        "dvar2": 0.00205867807381,
        "max": 1,
        "mean": 0.998969614506,
        "median": 1,
        "min": 0,
        "var": 0.00102933950257
    },
    "silence_rate_60dB": {
        "dmean": 0.0721649453044,
        "dmean2": 0.143888607621,
        "dvar": 0.0669585317373,
        "dvar2": 0.146908551455,
        "max": 1,
        "mean": 0.177743434906,
        "median": 0,
        "min": 0,
        "var": 0.146146610379
    },
    "spectral_centroid": {
        "dmean": 193.263595581,
        "dmean2": 274.460327148,
        "dvar": 93533.9921875,
        "dvar2": 149847.5,
        "max": 10691.9023438,
        "mean": 1248.65319824,
        "median": 1128.61877441,
        "min": 212.080047607,
        "var": 597844.4375
    },
    "spectral_complexity": {
        "dmean": 1.20309281349,
        "dmean2": 1.90871584415,
        "dvar": 1.91546225548,
        "dvar2": 3.77039718628,
        "max": 32,
        "mean": 8.82122612,
        "median": 8,
        "min": 0,
        "var": 16.2507095337
    },
    "spectral_decrease": {
        "dmean": 9.06780206478e-10,
        "dmean2": 1.07406794569e-09,
        "dvar": 2.20276335966e-18,
        "dvar2": 3.3417933379e-18,
        "max": 1.27742371165e-28,
        "mean": -3.57356455538e-09,
        "median": -2.47396214625e-09,
        "min": -3.08779597447e-08,
        "var": 1.39603917181e-17
    },
    "spectral_energy": {
        "dmean": 0.00365029647946,
        "dmean2": 0.0043106614612,
        "dvar": 3.48350804416e-05,
        "dvar2": 5.24206407135e-05,
        "max": 0.122289307415,
        "mean": 0.0145520176739,
        "median": 0.0100901033729,
        "min": 1.06820399861e-20,
        "var": 0.000230254503549
    },
    "spectral_energyband_high": {
        "dmean": 7.72398998379e-05,
        "dmean2": 0.000104179351183,
        "dvar": 7.71584254267e-08,
        "dvar2": 1.5059480063e-07,
        "max": 0.0069761290215,
        "mean": 0.000194216147065,
        "median": 3.48864086845e-05,
        "min": 7.41376537534e-21,
        "var": 3.83662438708e-07
    },
    "spectral_energyband_low": {
        "dmean": 0.000300712854369,
        "dmean2": 0.000463486474473,
        "dvar": 9.15123791856e-07,
        "dvar2": 2.12185295823e-06,
        "max": 0.0213563125581,
        "mean": 0.000889194721822,
        "median": 0.000156955502462,
        "min": 1.06265874821e-22,
        "var": 3.2482964798e-06
    },
    "spectral_energyband_middle_high": {
        "dmean": 0.00118700263556,
        "dmean2": 0.00135090795811,
        "dvar": 6.42275608698e-06,
        "dvar2": 9.33876253839e-06,
        "max": 0.0771252065897,
        "mean": 0.00429408671334,
        "median": 0.00175162556116,
        "min": 1.52164861804e-21,
        "var": 4.96153334097e-05
    },
    "spectral_energyband_middle_low": {
        "dmean": 0.00268001877703,
        "dmean2": 0.00332038383931,
        "dvar": 2.66475653916e-05,
        "dvar2": 4.09589956689e-05,
        "max": 0.103897467256,
        "mean": 0.00956427957863,
        "median": 0.00540027441457,
        "min": 2.82447671255e-22,
        "var": 0.000149932791828
    },
    "spectral_entropy": {
        "dmean": 0.208768427372,
        "dmean2": 0.294552147388,
        "dvar": 0.0568580888212,
        "dvar2": 0.0973100140691,
        "max": 9.79755401611,
        "mean": 6.14824056625,
        "median": 6.12035608292,
        "min": 4.35400295258,
        "var": 0.306531876326
    },
    "spectral_flux": {
        "dmean": 0.016077356413,
        "dmean2": 0.0252839103341,
        "dvar": 0.000404521386372,
        "dvar2": 0.000972782901954,
        "max": 0.24378053844,
        "mean": 0.036382753402,
        "median": 0.0265407878906,
        "min": 1.03353957337e-10,
        "var": 0.000931791320909
    },
    "spectral_kurtosis": {
        "dmean": 5.71897315979,
        "dmean2": 9.82315349579,
        "dvar": 38.0388259888,
        "dvar2": 98.8642272949,
        "max": 115.35799408,
        "mean": 11.439789772,
        "median": 8.58326816559,
        "min": -1.20726168156,
        "var": 115.93221283
    },
    "spectral_rms": {
        "dmean": 0.000464677345008,
        "dmean2": 0.000543260655832,
        "dvar": 3.40891403994e-07,
        "dvar2": 4.85694215513e-07,
        "max": 0.0109227579087,
        "mean": 0.0033439709805,
        "median": 0.00313751539215,
        "min": 3.2282351705e-12,
        "var": 3.01494037558e-06
    },
    "spectral_rolloff": {
        "dmean": 283.693725586,
        "dmean2": 474.620880127,
        "dvar": 367423.875,
        "dvar2": 623633.125,
        "max": 19444.4824219,
        "mean": 1386.84533691,
        "median": 1055.12695312,
        "min": 172.265625,
        "var": 1208904.625
    },
    "spectral_skewness": {
        "dmean": 0.519505739212,
        "dmean2": 0.876799583435,
        "dvar": 0.219905912876,
        "dvar2": 0.575805068016,
        "max": 9.17926692963,
        "mean": 1.98806929588,
        "median": 1.72891771793,
        "min": 0.0487109571695,
        "var": 1.09132826328
    },
    "spectral_spread": {
        "dmean": 292391.9375,
        "dmean2": 453393.40625,
        "dvar": 516836196352,
        "dvar2": 592373022720,
        "max": 40801036,
        "mean": 2578087.25,
        "median": 2540771,
        "min": 817590.5,
        "var": 1.35544451891e+12
    },
    "spectral_strongpeak": {
        "dmean": 0.463996052742,
        "dmean2": 0.70664024353,
        "dvar": 1.07974350452,
        "dvar2": 2.99499726295,
        "max": 20.7244052887,
        "mean": 1.41007971764,
        "median": 0.917889475822,
        "min": 0,
        "var": 2.40346217155
    },
    "zerocrossingrate": {
        "dmean": 0.00619941018522,
        "dmean2": 0.00692936312407,
        "dvar": 0.00017306538939,
        "dvar2": 0.000205329502933,
        "max": 0.5107421875,
        "mean": 0.0459955409169,
        "median": 0.041015625,
        "min": 0.00634765625,
        "var": 0.000824025424663
    },
    "barkbands": {
        "dmean": [6.22352899882e-07, 1.70184812305e-05, 0.000191233295482, 0.000220180125325, 0.00124716071878, 0.000556718150619, 0.000489692785777, 0.000628993206192, 8.08888726169e-05, 0.00030562421307, 0.000447682745289, 0.000165869569173, 3.11180301651e-05, 9.6595766081e-05, 8.6338375695e-05, 0.000201702656341, 0.000112801193609, 0.000117981311632, 0.000240276000113, 0.000118338204629, 1.66121226357e-05, 6.48451577945e-06, 3.09781989927e-06, 1.13867918117e-06, 5.09450956088e-07, 2.60207741576e-07, 1.72148943989e-08],
        "dmean2": [1.03125535134e-06, 2.71313783742e-05, 0.000299556995742, 0.00033422987326, 0.00161044136621, 0.000783492054325, 0.000610271526966, 0.00069412071025, 0.000109734348371, 0.000336643046467, 0.000543163972907, 0.000233658764046, 4.33690329373e-05, 0.000111409273813, 0.000111642002594, 0.00027341968962, 0.000150747175212, 0.000172475847648, 0.000354212155798, 0.000156702692038, 2.48110354732e-05, 9.71679764916e-06, 4.39382938566e-06, 1.60263005e-06, 7.78397122758e-07, 4.00169454906e-07, 3.10172758589e-08],
        "dvar": [3.3338943585e-12, 1.93694815742e-09, 4.78463789477e-07, 6.51107484373e-07, 1.7551916244e-05, 1.87294654097e-06, 1.96452401724e-06, 5.48702564629e-06, 4.97416898781e-08, 6.1825096509e-07, 4.06809340348e-06, 5.59513750886e-07, 1.12683355979e-08, 6.98913851238e-08, 8.37051743474e-08, 3.93760387851e-07, 9.73898721668e-08, 3.24212464875e-07, 1.40345764521e-06, 9.57354728826e-08, 4.08483868952e-09, 6.97173707653e-10, 1.10744011184e-10, 2.05754233096e-11, 4.09420284134e-12, 6.70081340675e-13, 2.95671690256e-14],
        "dvar2": [7.80461372613e-12, 4.02543820499e-09, 1.13783426059e-06, 1.32335242142e-06, 3.04066961689e-05, 3.14304429594e-06, 3.0903854622e-06, 6.01553756496e-06, 7.97260426566e-08, 6.54002292322e-07, 5.20539651916e-06, 1.07379867131e-06, 2.64792809901e-08, 7.8362084821e-08, 1.07642563307e-07, 8.16456065422e-07, 1.72996877268e-07, 5.99448298999e-07, 2.49084246207e-06, 1.91127483617e-07, 1.02553139314e-08, 1.69599234656e-09, 1.95474789133e-10, 3.7426440419e-11, 8.65115271087e-12, 1.48536879411e-12, 8.49163878862e-14],
        "max": [5.09158853674e-05, 0.00140584737528, 0.0180027224123, 0.0233367793262, 0.0875987708569, 0.0473794639111, 0.0368736460805, 0.064973719418, 0.00576633866876, 0.0290673356503, 0.0467558316886, 0.0179194193333, 0.00324349734001, 0.010875467211, 0.0110299596563, 0.017572408542, 0.00655292440206, 0.0127486400306, 0.0291752833873, 0.00660906778648, 0.00126597366761, 0.000614320160821, 0.000294069526717, 0.000179421811481, 4.78563379147e-05, 1.70678158611e-05, 4.26648966823e-06],
        "mean": [6.34475441075e-07, 3.26273402607e-05, 0.000546651426703, 0.000582610431593, 0.00289158220403, 0.00185600540135, 0.00138831860386, 0.00249262480065, 0.000234242441365, 0.000943813705817, 0.00101918319706, 0.000298589118756, 6.38482233626e-05, 0.000305155408569, 0.0002036508522, 0.000478312402265, 0.000274981139228, 0.00019039484323, 0.000437897862867, 0.000261833483819, 2.78938896372e-05, 1.14893446153e-05, 6.21370327281e-06, 2.240529966e-06, 8.09966707038e-07, 4.22582218107e-07, 1.20026761863e-08],
        "median": [1.46600825701e-07, 4.74483249491e-06, 6.53721072013e-05, 7.72552302806e-05, 0.000743002805393, 0.000604293250944, 0.00015213379811, 8.10530982562e-05, 5.55922088097e-05, 6.2624560087e-05, 3.2461462979e-05, 5.53786812816e-05, 1.24044336189e-05, 2.59948683379e-05, 9.87696603261e-06, 5.4528725741e-05, 2.38215106947e-05, 2.51985402429e-05, 8.23253794806e-05, 5.24167298863e-05, 6.66633968649e-06, 1.63554739174e-06, 9.63219008554e-07, 3.32995341523e-07, 1.39819107403e-07, 3.93939281196e-08, 4.2921968757e-10],
        "min": [4.69066413011e-23, 2.57584227027e-23, 5.07013651778e-23, 1.74966335329e-23, 3.51605339768e-23, 2.03991367932e-23, 8.17925570195e-23, 5.76024339726e-23, 5.64746658007e-23, 5.84811745339e-23, 5.30888432411e-23, 7.66435924714e-23, 9.099064362e-23, 6.67678301771e-23, 7.43459561988e-23, 3.10578754058e-22, 1.60318005579e-22, 1.86963076385e-22, 2.6961185672e-22, 3.19398648119e-22, 4.38041359267e-22, 5.41958801484e-22, 5.61453485583e-22, 6.2798609006e-22, 1.28168243182e-21, 1.6914077488e-21, 2.46491623436e-21],
        "var": [4.59878576192e-12, 8.06090927341e-09, 1.61098012086e-06, 2.50338939622e-06, 4.65624434582e-05, 1.46401798702e-05, 1.08686572275e-05, 6.55102703604e-05, 2.54647403608e-07, 4.65152152174e-06, 1.43173074321e-05, 9.33433796035e-07, 2.04117913682e-08, 5.09380981839e-07, 4.41798391648e-07, 1.4539446056e-06, 4.99444752222e-07, 5.55477356556e-07, 2.66275469585e-06, 3.96597386043e-07, 5.59566393221e-09, 1.67646951876e-09, 3.65375285583e-10, 5.1913962712e-11, 7.72994342146e-12, 1.9451094381e-12, 1.77676578691e-14]
    },
    "erbbands": {
        "dmean": [0.000221108683036, 0.00749554811046, 0.151678875089, 0.551504015923, 2.91279387474, 3.94591593742, 3.56197404861, 5.11189651489, 7.65822267532, 12.1998357773, 6.45688390732, 2.07984447479, 6.61474990845, 7.96209764481, 19.8660793304, 4.42986774445, 1.60541975498, 2.28334498405, 5.2837843895, 8.56834411621, 7.10785198212, 5.52356052399, 4.55879974365, 15.2449760437, 5.11243104935, 4.70229959488, 1.81852352619, 0.336981892586, 0.198702439666, 0.200971007347, 0.0882864296436, 0.031309351325, 0.0150215746835, 0.0063633499667, 0.00378471799195, 0.00169033638667, 0.000374320370611, 5.77170030738e-05, 3.32713693751e-06, 4.30301588494e-06],
        "dmean2": [0.000359457539162, 0.0117407906801, 0.237478911877, 0.805296361446, 3.64491581917, 5.30455493927, 5.00816392899, 6.98615407944, 9.75977134705, 13.2284755707, 7.56763315201, 2.8430814743, 7.71573066711, 8.30497360229, 23.2732467651, 5.7987203598, 2.21322035789, 2.80079436302, 6.15189552307, 11.0417385101, 9.71173000336, 7.47270393372, 6.36149501801, 23.0741138458, 6.91828632355, 6.30511808395, 2.31965231895, 0.462696582079, 0.29512193799, 0.297128647566, 0.126516461372, 0.0448965616524, 0.0226149596274, 0.00993767473847, 0.00553873740137, 0.00266987341456, 0.000592737749685, 9.34230120038e-05, 4.66963456347e-06, 5.03787759953e-06],
        "dvar": [3.89078451235e-07, 0.000438622810179, 0.279011666775, 2.92611074448, 137.637649536, 177.773681641, 58.064743042, 217.767730713, 460.216522217, 2195.73071289, 375.275421143, 28.2801876068, 303.80355835, 425.579742432, 7170.00244141, 103.429634094, 23.6439151764, 29.2411518097, 174.947906494, 395.162780762, 490.713226318, 203.317382812, 102.584869385, 4624.40917969, 160.540908813, 219.207077026, 59.5742683411, 0.895546138287, 0.483415842056, 1.09069943428, 0.10493016243, 0.0121420631185, 0.00392145337537, 0.000432668632129, 0.000279768515611, 3.56423042831e-05, 1.58073430612e-06, 1.02651043221e-07, 2.7309471351e-10, 4.6612186333e-11],
        "dvar2": [9.73858732323e-07, 0.000928431749344, 0.670523643494, 6.23617601395, 212.924362183, 355.767547607, 103.724830627, 334.42489624, 781.481933594, 2552.09619141, 441.851715088, 45.6084747314, 408.010192871, 428.594573975, 9376.45214844, 181.285324097, 56.0498352051, 37.2713432312, 187.297058105, 629.377624512, 1190.40197754, 335.313873291, 197.000534058, 9854.5625, 287.472900391, 408.171966553, 109.633468628, 1.41853117943, 0.941739678383, 2.70292663574, 0.197314292192, 0.0219198595732, 0.00805275142193, 0.000999754178338, 0.000564497895539, 8.164159226e-05, 3.62100604434e-06, 2.27517404028e-07, 7.72450270414e-10, 6.96075419526e-11],
        "max": [0.0148930530995, 0.596363782883, 13.3438549042, 38.3762130737, 282.61920166, 273.541290283, 151.018875122, 579.266845703, 480.543029785, 1250.57910156, 485.387756348, 145.09274292, 505.402130127, 623.248962402, 2215.96484375, 269.823852539, 134.128997803, 159.67880249, 544.11907959, 633.030944824, 383.120330811, 461.807006836, 204.92137146, 1807.1282959, 320.050140381, 379.690216064, 248.799789429, 32.3508224487, 21.2591972351, 26.4042549133, 8.11981391907, 3.66999101639, 2.09563493729, 0.395733952522, 0.492240339518, 0.138012647629, 0.0274711642414, 0.00923294574022, 0.000551064091269, 0.000139175404911],
        "mean": [0.000383601698559, 0.0171124450862, 0.408167570829, 1.65049242973, 5.8392124176, 10.0391559601, 11.5628137589, 17.5127830505, 22.339220047, 46.8869476318, 23.7489147186, 6.52716398239, 21.0625267029, 22.750951767, 49.7412643433, 11.7449817657, 3.86552453041, 7.729783535, 14.8522624969, 21.7388324738, 16.3462657928, 13.4369258881, 11.1159000397, 31.6501617432, 11.3578014374, 10.6439657211, 3.75988125801, 0.724280774593, 0.350191712379, 0.365449100733, 0.182359337807, 0.067016735673, 0.0283063240349, 0.0117767369375, 0.00557363126427, 0.00268291146494, 0.000566038361285, 7.69950711401e-05, 9.89347336144e-06, 1.73632361111e-05],
        "median": [0.000133156936499, 0.0038575779181, 0.0654121413827, 0.270162642002, 0.669181346893, 2.40624904633, 4.61005783081, 4.65792608261, 3.92654156685, 2.49158978462, 2.82355260849, 2.60018205643, 2.30394291878, 4.22146558762, 2.47828483582, 2.93784141541, 1.44365274906, 1.71017980576, 3.6161737442, 6.4256401062, 3.33281159401, 2.37411117554, 2.83416938782, 5.32855129242, 3.65850329399, 2.33949685097, 0.755522847176, 0.185976654291, 0.0736633464694, 0.0341134481132, 0.0279154852033, 0.0116167357191, 0.00404815003276, 0.00180195784196, 0.000861698004883, 0.000363490747986, 3.24792381434e-05, 3.11062967739e-06, 5.74254909225e-06, 1.18550824482e-05],
        "min": [9.68680902907e-22, 5.96468509433e-21, 4.39223470237e-20, 7.88794262252e-20, 4.31472270909e-20, 8.61494584678e-20, 3.27479563739e-19, 1.35008438774e-19, 9.81271539372e-19, 9.53158048496e-19, 1.45462461093e-18, 1.67294890405e-18, 1.22860133426e-18, 2.12254917412e-18, 2.98946113265e-18, 3.03956015363e-18, 3.8960219259e-18, 4.01435383483e-18, 3.06685752744e-18, 7.95440203524e-18, 1.82013963495e-17, 7.8941427548e-18, 8.17960857446e-18, 1.29175187978e-17, 1.52865789614e-17, 1.9065384845e-17, 1.84304575504e-17, 1.33551916404e-17, 1.9019870059e-17, 2.3778223224e-17, 1.18037440912e-17, 1.28428276972e-17, 1.06205060655e-17, 1.12604915696e-17, 1.02907695395e-17, 5.80753168316e-18, 3.07934423238e-18, 1.30314002682e-18, 2.92395757883e-19, 4.172660255e-20],
        "var": [5.82796531035e-07, 0.0014741764171, 0.808415532112, 11.6995639801, 384.073760986, 487.437255859, 304.999755859, 1784.69934082, 2465.33105469, 23552.0527344, 3873.80883789, 147.930038452, 2014.80786133, 3044.07836914, 34243, 604.960571289, 47.983379364, 283.656005859, 1022.83270264, 1862.10107422, 1484.578125, 1042.24597168, 391.908782959, 13842.2109375, 431.448608398, 811.646789551, 171.697525024, 3.54847359657, 1.01374673843, 2.67909884453, 0.329583138227, 0.0365166440606, 0.00919587071985, 0.00121703825425, 0.000486329518026, 8.26587929623e-05, 4.00159888159e-06, 2.26882576726e-07, 3.37430278163e-10, 3.29649474384e-10]
    },
    "gfcc": {
        "mean": [-120.561660767, 129.946090698, -167.688049316, 18.6990451813, -62.6820983887, -29.6530094147, -40.1875762939, -7.34996891022, -29.9067649841, -13.484588623, -7.76066207886, -13.5071401596, -1.00414443016],
        "cov": [[5348.39990234, -871.882263184, -1027.57202148, 235.355499268, -131.698577881, 24.8143520355, -19.7035446167, 106.658294678, -85.387588501, -116.709152222, -135.861999512, 146.536239624, 19.8935928345], [-871.882263184, 1959.32446289, 1012.95922852, -140.491485596, 240.364837646, -160.00692749, -49.2026062012, -351.59954834, 13.0563831329, -133.224700928, -72.1092987061, -409.010314941, -15.5510263443], [-1027.57202148, 1012.95922852, 1405.8034668, 126.758331299, 242.012512207, 174.270233154, -16.4813537598, -220.905410767, -205.68347168, -149.043746948, -217.343307495, -198.748641968, -116.986808777], [235.355499268, -140.491485596, 126.758331299, 448.795806885, 161.126800537, 167.793685913, 40.0636520386, -3.93355202675, -108.642341614, -52.6978111267, -85.9603424072, -54.2969360352, -47.0872001648], [-131.698577881, 240.364837646, 242.012512207, 161.126800537, 285.678070068, 123.312705994, 26.1739139557, -62.2879333496, -72.3686981201, -46.5613327026, -89.3610076904, -72.5607681274, -21.6228561401], [24.8143520355, -160.00692749, 174.270233154, 167.793685913, 123.312705994, 270.61126709, 52.3430976868, 17.3463459015, -103.077018738, -42.8060493469, -106.652008057, -4.7081246376, -30.4166088104], [-19.7035446167, -49.2026062012, -16.4813537598, 40.0636520386, 26.1739139557, 52.3430976868, 178.590576172, 86.3143234253, -19.3041362762, -20.6676063538, 0.00206913310103, -6.28849983215, -14.1240406036], [106.658294678, -351.59954834, -220.905410767, -3.93355202675, -62.2879333496, 17.3463459015, 86.3143234253, 265.328948975, 99.5825958252, 31.0561008453, 37.9759941101, 57.8597412109, -50.9968109131], [-85.387588501, 13.0563831329, -205.68347168, -108.642341614, -72.3686981201, -103.077018738, -19.3041362762, 99.5825958252, 243.441223145, 62.1035881042, 83.0175552368, -2.0958275795, -29.8744354248], [-116.709152222, -133.224700928, -149.043746948, -52.6978111267, -46.5613327026, -42.8060493469, -20.6676063538, 31.0561008453, 62.1035881042, 160.33895874, 66.7975234985, 28.6406726837, 14.0415430069], [-135.861999512, -72.1092987061, -217.343307495, -85.9603424072, -89.3610076904, -106.652008057, 0.00206913310103, 37.9759941101, 83.0175552368, 66.7975234985, 181.724273682, 53.4931602478, 11.4267959595], [146.536239624, -409.010314941, -198.748641968, -54.2969360352, -72.5607681274, -4.7081246376, -6.28849983215, 57.8597412109, -2.0958275795, 28.6406726837, 53.4931602478, 252.561752319, 44.7507514954], [19.8935928345, -15.5510263443, -116.986808777, -47.0872001648, -21.6228561401, -30.4166088104, -14.1240406036, -50.9968109131, -29.8744354248, 14.0415430069, 11.4267959595, 44.7507514954, 160.015289307]],
        "icov": [[0.000291837146506, -0.000192372172023, 0.000459735776531, -0.000235938467085, 0.000263582332991, -4.49983635917e-05, 0.000151799918967, -7.38629460102e-05, 0.000297935766866, 0.000173757623998, 0.000557164603379, -0.000263106863713, 0.000302799104247], [-0.000192372172023, 0.0030381581746, -0.00213987892494, 0.00130014156457, -0.00208051106893, 0.00219929474406, -0.00102660618722, 0.0019235300133, -0.00202259025536, 0.00123198202346, -0.00133415369783, 0.00298351095989, -0.00142819772009], [0.000459735776531, -0.00213987892494, 0.00313766486943, -0.000754263834096, 0.00120273651555, -0.00171241303906, 0.000820967194159, -0.000526324147359, 0.00212511979043, -0.000252458296018, 0.00208618119359, -0.00177639047615, 0.00231533823535], [-0.000235938467085, 0.00130014156457, -0.000754263834096, 0.00414025969803, -0.00227051158436, -0.000371587491827, -0.000244488677708, 0.000396400719183, 0.000215976731852, 0.000658332079183, -0.000923896441236, 0.00189341080841, 6.8899418693e-05], [0.000263582332991, -0.00208051106893, 0.00120273651555, -0.00227051158436, 0.00727690802887, -0.00292746489868, -0.000188676596736, 0.000129094143631, 0.000700068252627, -0.000761105795391, 0.00192486937158, -0.00154035608284, 0.000918383011594], [-4.49983635917e-05, 0.00219929474406, -0.00171241303906, -0.000371587491827, -0.00292746489868, 0.00878540705889, -0.00157735962421, 5.97084472247e-05, 0.000203947740374, 0.000377365911845, 0.00179486977868, 0.00108210009057, -0.000413599715102], [0.000151799918967, -0.00102660618722, 0.000820967194159, -0.000244488677708, -0.000188676596736, -0.00157735962421, 0.00844926014543, -0.00440127542242, 0.00256697530858, 0.000829922209959, -0.00103969057091, 0.000149006125866, -0.00013361099991], [-7.38629460102e-05, 0.0019235300133, -0.000526324147359, 0.000396400719183, 0.000129094143631, 5.97084472247e-05, -0.00440127542242, 0.00920310243964, -0.00438894471154, 0.000344781175954, 0.000142926597618, 0.000265746726654, 0.00156712031458], [0.000297935766866, -0.00202259025536, 0.00212511979043, 0.000215976731852, 0.000700068252627, 0.000203947740374, 0.00256697530858, -0.00438894471154, 0.00926238950342, -0.0015972154215, -0.000177813853952, -0.000583099783398, 0.00239000376314], [0.000173757623998, 0.00123198202346, -0.000252458296018, 0.000658332079183, -0.000761105795391, 0.000377365911845, 0.000829922209959, 0.000344781175954, -0.0015972154215, 0.00876889750361, -0.00239359820262, 0.00124098581728, -0.000984509009868], [0.000557164603379, -0.00133415369783, 0.00208618119359, -0.000923896441236, 0.00192486937158, 0.00179486977868, -0.00103969057091, 0.000142926597618, -0.000177813853952, -0.00239359820262, 0.0111249256879, -0.00291971256956, 0.00180841784459], [-0.000263106863713, 0.00298351095989, -0.00177639047615, 0.00189341080841, -0.00154035608284, 0.00108210009057, 0.000149006125866, 0.000265746726654, -0.000583099783398, 0.00124098581728, -0.00291971256956, 0.00842249300331, -0.00268823932856], [0.000302799104247, -0.00142819772009, 0.00231533823535, 6.8899418693e-05, 0.000918383011594, -0.000413599715102, -0.00013361099991, 0.00156712031458, 0.00239000376314, -0.000984509009868, 0.00180841784459, -0.00268823932856, 0.00947436783463]]
    },
    "melbands": {
        "dmean": [2.94248434329e-06, 5.62775239814e-05, 0.000137513343361, 0.00029057325446, 0.000124906306155, 0.000118641655718, 0.000103199199657, 0.000145447120303, 4.22273406002e-05, 1.19234882732e-05, 3.61833044735e-05, 3.3326632547e-05, 5.90618146816e-05, 2.55368977378e-05, 6.27200688541e-06, 2.79893356492e-06, 5.14966541232e-06, 9.45050214796e-06, 8.45677550387e-06, 1.86504876183e-05, 6.05223794992e-06, 5.18524211657e-06, 6.38248457108e-06, 4.59840566691e-06, 1.51660187839e-05, 5.07456206833e-06, 3.74235855816e-06, 3.71980104319e-06, 1.71491501533e-06, 3.35565857768e-07, 1.62572575846e-07, 1.41396640174e-07, 1.17991838522e-07, 1.02690947301e-07, 5.93457016862e-08, 3.68993298139e-08, 1.82119119785e-08, 1.2093324564e-08, 1.09791624681e-08, 4.59609994508e-09],
        "dmean2": [4.73748104923e-06, 8.81815503817e-05, 0.000180988339707, 0.000377612363081, 0.000173902910319, 0.000163129414432, 0.000132409419166, 0.000157792237587, 5.07245385961e-05, 1.62460783031e-05, 4.18643503508e-05, 3.41065642715e-05, 6.86117709847e-05, 3.30677248712e-05, 8.81632149685e-06, 3.73118655261e-06, 6.41680662739e-06, 1.0828750419e-05, 1.07976902655e-05, 2.50819230132e-05, 8.33390004118e-06, 6.96555343893e-06, 8.88348859007e-06, 6.3613497332e-06, 2.33485734498e-05, 7.31959880795e-06, 5.02483271703e-06, 5.15086685482e-06, 2.15916929847e-06, 4.8296942623e-07, 2.30464664241e-07, 2.1274935591e-07, 1.73921819169e-07, 1.48424007307e-07, 8.50133048402e-08, 5.39060955873e-08, 2.73609046531e-08, 1.81359780527e-08, 1.81686274914e-08, 7.24996551682e-09],
        "dvar": [5.22865604979e-11, 3.85907803491e-08, 1.59356488894e-07, 1.23461165913e-06, 7.50795408067e-08, 9.44256157709e-08, 7.98686627945e-08, 3.1654261079e-07, 1.35875044549e-08, 1.18197729382e-09, 9.3921999067e-09, 8.46129211141e-09, 6.91627448646e-08, 6.32101482267e-09, 4.3623388235e-10, 6.83229098297e-11, 1.44118161849e-10, 7.35411287422e-10, 9.15076792118e-10, 3.44379325057e-09, 4.84687789903e-10, 2.05347988613e-10, 4.60694149496e-10, 3.00094421535e-10, 5.18686871231e-09, 4.64369209752e-10, 6.25664658971e-11, 2.0638636633e-10, 7.17572876119e-11, 9.14645312614e-13, 2.90270520294e-13, 3.57882777233e-13, 4.9110081236e-13, 2.24462308007e-13, 5.81953241022e-14, 1.59141515748e-14, 5.40089128883e-15, 2.46922767267e-15, 2.25127847205e-15, 2.25061153948e-16],
        "dvar2": [1.1999824745e-10, 9.18908114045e-08, 2.68110369461e-07, 2.17253477786e-06, 1.35333138473e-07, 1.53510001155e-07, 1.36357684255e-07, 3.57652623961e-07, 1.67520575189e-08, 1.80436410258e-09, 1.19336185378e-08, 8.1358031423e-09, 8.53362607245e-08, 1.13229310372e-08, 1.01071861991e-09, 1.23836815802e-10, 2.01090755159e-10, 7.69389441047e-10, 1.09467357401e-09, 6.22538509631e-09, 1.15433151926e-09, 3.04980818377e-10, 9.10229835949e-10, 4.97760055396e-10, 1.14383054139e-08, 9.60802104544e-10, 1.10243390805e-10, 3.92810450833e-10, 1.22361287769e-10, 1.95078241755e-12, 4.62133261346e-13, 6.69972540987e-13, 1.17700413218e-12, 4.93877399914e-13, 1.0694061332e-13, 3.24714654308e-14, 1.01572108336e-14, 5.35334055324e-15, 5.16485920533e-15, 5.14806825946e-16],
        "max": [0.000189641083125, 0.00502319214866, 0.00755965150893, 0.0229990854859, 0.00521293096244, 0.0112891187891, 0.00612773420289, 0.0155000090599, 0.00279441149905, 0.00095249916194, 0.00308171077631, 0.00284466706216, 0.00676395883784, 0.00247487542219, 0.000625960936304, 0.000180631293915, 0.000289065385005, 0.00121209118515, 0.0012123293709, 0.00188033620361, 0.000553265854251, 0.000493734551128, 0.000535171537194, 0.00038603899884, 0.00176423927769, 0.00054713623831, 0.000200674156076, 0.000362458842574, 0.000268650299404, 1.99395817617e-05, 1.74625165528e-05, 1.91026465473e-05, 1.94949752768e-05, 1.27064795379e-05, 6.99683141647e-06, 3.81183895115e-06, 2.77487606581e-06, 1.55875818564e-06, 1.11959843707e-06, 2.86504047153e-07],
        "mean": [5.22223990629e-06, 0.000153211280121, 0.000362167163985, 0.000634396041278, 0.000414264854044, 0.00040161315701, 0.000292436685413, 0.000572308897972, 0.000147679791553, 3.4496668377e-05, 0.000114168287837, 9.83358113444e-05, 0.000140302392538, 7.02967954567e-05, 1.39520416269e-05, 6.81543451719e-06, 1.6734295059e-05, 2.70137588814e-05, 1.97349982045e-05, 4.47343154519e-05, 1.18701482279e-05, 1.1948316569e-05, 1.51003669089e-05, 9.15887721931e-06, 2.96626130876e-05, 9.04343141883e-06, 7.70043061493e-06, 7.65251752455e-06, 3.21882635035e-06, 6.60580440126e-07, 2.99958998085e-07, 2.13102353541e-07, 1.89027161923e-07, 1.77805688395e-07, 1.05626725144e-07, 6.93369059945e-08, 3.33050387269e-08, 1.95109866041e-08, 1.71626801659e-08, 7.63188801045e-09],
        "median": [9.95846903606e-07, 2.29034067161e-05, 5.57137354917e-05, 0.000113781250548, 0.000187329744222, 0.000115619332064, 4.95526692248e-05, 1.78763984877e-05, 2.37141193793e-05, 8.15156272438e-06, 8.45818431117e-06, 7.41680833016e-06, 5.56326676815e-06, 5.77400760449e-06, 3.03033402815e-06, 7.98391170065e-07, 2.59465946328e-06, 2.48729929808e-06, 1.59944443112e-06, 5.8826753957e-06, 1.75479726749e-06, 1.46007698731e-06, 1.13877831609e-06, 1.48453227666e-06, 4.05958689953e-06, 1.54813972131e-06, 1.34284050546e-06, 1.01698083199e-06, 4.47361173883e-07, 1.16118499704e-07, 5.18643439307e-08, 3.56371003818e-08, 1.68855347482e-08, 1.44499372468e-08, 1.58963633368e-08, 9.64788871016e-09, 4.5707708729e-09, 2.61273824798e-09, 1.90088300656e-09, 1.22892018783e-09],
        "min": [9.56963377591e-24, 1.8218386041e-23, 1.1950942947e-23, 3.89478693822e-24, 1.02075990006e-23, 3.28512663446e-24, 1.57412649798e-23, 9.564829613e-24, 1.28598101062e-23, 9.43979200408e-24, 5.73374082629e-24, 8.41012184121e-24, 8.86475973583e-24, 8.18525072929e-24, 9.35335572583e-24, 8.39740619228e-24, 7.4329338055e-24, 4.3963115696e-24, 6.57630619865e-24, 1.84385113657e-23, 2.07434903555e-23, 8.08877304058e-24, 7.99057879054e-24, 7.59897324883e-24, 1.06451470126e-23, 1.01321058008e-23, 1.14988372958e-23, 1.20214513347e-23, 1.24571810222e-23, 8.69319116641e-24, 7.04520945945e-24, 1.01569430864e-23, 1.12571902679e-23, 1.46248358946e-23, 5.79429339494e-24, 7.47857729748e-24, 8.10258993933e-24, 6.66057113725e-24, 8.82947398754e-24, 9.53609456567e-24],
        "var": [1.69811109618e-10, 1.17815680767e-07, 6.07722370205e-07, 3.1537617815e-06, 3.62595272918e-07, 7.41328790355e-07, 4.25807684223e-07, 3.61146248906e-06, 1.2753895362e-07, 6.36375707685e-09, 6.4609373851e-08, 6.28828757954e-08, 2.85869504069e-07, 4.44043486425e-08, 9.32683819066e-10, 3.45620421172e-10, 1.2421093043e-09, 4.56773552315e-09, 4.92609197877e-09, 1.38204834244e-08, 1.42168854467e-09, 9.90247883692e-10, 1.75616121645e-09, 6.83222034503e-10, 1.38030067376e-08, 6.34877983519e-10, 2.64492816537e-10, 7.06501468439e-10, 1.98002239604e-10, 2.98087748062e-12, 1.02912275056e-12, 6.44363685673e-13, 1.06063606248e-12, 5.76418578667e-13, 1.51632788899e-13, 5.15534067259e-14, 1.18535755755e-14, 4.70169989571e-15, 5.1111064945e-15, 5.17312561162e-16]
    },
    "mfcc": {
        "mean": [-762.888061523, 150.914291382, -35.7229919434, 33.7264671326, -14.870434761, -22.1195011139, -8.49047088623, -11.6921215057, -17.6488666534, -4.57985258102, -19.0333328247, -11.0081882477, -0.783691227436],
        "cov": [[4630.20996094, -705.165222168, -1001.2510376, 227.430328369, -269.238677979, -7.57910680771, -185.574569702, 178.448303223, -52.627658844, 82.5628967285, -97.9166946411, -69.5552597046, -94.574256897], [-705.165222168, 1852.27209473, 531.455200195, -40.2893371582, 202.784591675, 88.2894363403, 78.6405715942, -254.486862183, -46.6533584595, -41.7053909302, 85.6439208984, -114.828430176, -386.567810059], [-1001.2510376, 531.455200195, 1068.96386719, -15.4712972641, 163.458023071, 192.15763855, 179.358856201, 59.3112487793, 28.3358783722, -73.6632003784, -34.8981208801, -113.781150818, -123.357269287], [227.430328369, -40.2893371582, -15.4712972641, 254.940856934, 61.843952179, 41.2810745239, 44.9749946594, 28.0925636292, 17.5563030243, 24.0154590607, 6.93551683426, 0.402333498001, -12.1776323318], [-269.238677979, 202.784591675, 163.458023071, 61.843952179, 277.66619873, 149.166107178, 68.2269287109, 5.58457517624, 15.891327858, -7.49604034424, 4.14099645615, -43.1889381409, -53.253112793], [-7.57910680771, 88.2894363403, 192.15763855, 41.2810745239, 149.166107178, 328.568878174, 157.196289062, 3.56671118736, 16.7729167938, -19.7317295074, -62.4320068359, -162.170135498, -92.8801193237], [-185.574569702, 78.6405715942, 179.358856201, 44.9749946594, 68.2269287109, 157.196289062, 279.13583374, 44.0067062378, 40.9312744141, 32.7847900391, -20.965303421, -92.078994751, -80.7323074341], [178.448303223, -254.486862183, 59.3112487793, 28.0925636292, 5.58457517624, 3.56671118736, 44.0067062378, 255.90435791, 71.8012924194, -7.2779583931, -7.93629026413, 57.8363265991, 84.9559326172], [-52.627658844, -46.6533584595, 28.3358783722, 17.5563030243, 15.891327858, 16.7729167938, 40.9312744141, 71.8012924194, 166.064529419, 21.6756820679, -13.9641971588, 44.1993637085, 11.6695585251], [82.5628967285, -41.7053909302, -73.6632003784, 24.0154590607, -7.49604034424, -19.7317295074, 32.7847900391, -7.2779583931, 21.6756820679, 197.747131348, 92.9096603394, -16.4381504059, -89.1506347656], [-97.9166946411, 85.6439208984, -34.8981208801, 6.93551683426, 4.14099645615, -62.4320068359, -20.965303421, -7.93629026413, -13.9641971588, 92.9096603394, 201.332641602, 76.6330795288, -68.6296920776], [-69.5552597046, -114.828430176, -113.781150818, 0.402333498001, -43.1889381409, -162.170135498, -92.078994751, 57.8363265991, 44.1993637085, -16.4381504059, 76.6330795288, 359.102294922, 198.561325073], [-94.574256897, -386.567810059, -123.357269287, -12.1776323318, -53.253112793, -92.8801193237, -80.7323074341, 84.9559326172, 11.6695585251, -89.1506347656, -68.6296920776, 198.561325073, 423.437286377]],
