{
"lowlevel": {
    "average_loudness": 0.979500114918,
    "barkbands_crest": {
        "dmean": 2.48806405067,
        "dmean2": 4.10870265961,
        "dvar": 4.3085193634,
        "dvar2": 11.8984022141,
        "max": 20.9895057678,
        "mean": 8.41727733612,
        "median": 7.93056106567,
        "min": 3.32184791565,
        "var": 8.38594150543
    },
    "barkbands_flatness_db": {
        "dmean": 0.0246515590698,
        "dmean2": 0.0394839085639,
        "dvar": 0.000433382461779,
        "dvar2": 0.00108709477354,
        "max": 0.293589770794,
        "mean": 0.163001716137,
        "median": 0.164055541158,
        "min": 0.0288639497012,
        "var": 0.000924895983189
    },
    "barkbands_kurtosis": {
        "dmean": 1.414457798,
        "dmean2": 2.35441923141,
        "dvar": 6.70123147964,
        "dvar2": 19.1293506622,
        "max": 35.7066726685,
        "mean": 0.242803677917,
        "median": -1.04385840893,
        "min": -1.91065752506,
        "var": 14.4029502869
    },
    "barkbands_skewness": {
        "dmean": 0.566041231155,
        "dmean2": 0.889339089394,
        "dvar": 0.227392092347,
        "dvar2": 0.557788848877,
        "max": 5.11401939392,
        "mean": 0.747756302357,
        "median": 0.623540043831,
        "min": -1.99267303944,
        "var": 0.958237171173
    },
    "barkbands_spread": {
        "dmean": 6.83216094971,
        "dmean2": 10.897857666,
        "dvar": 32.7621459961,
        "dvar2": 83.0135040283,
        "max": 62.0051689148,
        "mean": 34.5066871643,
        "median": 35.6287765503,
        "min": 3.36787486076,
        "var": 119.474113464
    },
    "dissonance": {
        "dmean": 0.00998068787158,
        "dmean2": 0.0165611039847,
        "dvar": 0.000237184838625,
        "dvar2": 0.000593822915107,
        "max": 0.499939918518,
        "mean": 0.481728076935,
        "median": 0.48481965065,
        "min": 0.0866512730718,
        "var": 0.000257031002548
    },
    "dynamic_complexity": 1.71167099476,
    "erbbands_crest": {
        "dmean": 3.33422994614,
        "dmean2": 5.31964874268,
        "dvar": 9.3387336731,
        "dvar2": 22.2118339539,
        "max": 31.8157310486,
        "mean": 11.8796243668,
        "median": 10.4546995163,
        "min": 2.58647966385,
        "var": 31.4069576263
    },
    "erbbands_flatness_db": {
        "dmean": 0.0238028522581,
        "dmean2": 0.0362350530922,
        "dvar": 0.000454000371974,
        "dvar2": 0.00104077439755,
        "max": 0.353031307459,
        "mean": 0.217009812593,
        "median": 0.221724003553,
        "min": 0.0865029916167,
        "var": 0.00164581753779
    },
    "erbbands_kurtosis": {
        "dmean": 1.46734750271,
        "dmean2": 2.33258843422,
        "dvar": 3.24611210823,
        "dvar2": 7.91778564453,
        "max": 28.5374698639,
        "mean": 1.20512914658,
        "median": 0.398237466812,
        "min": -1.72648024559,
        "var": 8.17354774475
    },
    "erbbands_skewness": {
        "dmean": 0.434762001038,
        "dmean2": 0.676937997341,
        "dvar": 0.138224050403,
        "dvar2": 0.332309573889,
        "max": 1.84627628326,
        "mean": -1.09091460705,
        "median": -1.11719298363,
        "min": -5.27260541916,
        "var": 0.688613116741
    },
    "erbbands_spread": {
        "dmean": 8.32050418854,
        "dmean2": 12.8469171524,
        "dvar": 56.6081008911,
        "dvar2": 124.383613586,
        "max": 101.283485413,
        "mean": 35.0129890442,
        "median": 33.216468811,
        "min": 4.02077198029,
        "var": 214.030776978
    },
    "hfc": {
        "dmean": 6.75340604782,
        "dmean2": 9.80117607117,
        "dvar": 63.1679840088,
        "dvar2": 141.257278442,
        "max": 118.964179993,
        "mean": 18.0665283203,
        "median": 15.2609777451,
        "min": 1.25806733161e-16,
        "var": 171.435394287
    },
    "melbands_crest": {
        "dmean": 3.68331456184,
        "dmean2": 6.24567127228,
        "dvar": 9.23431777954,
        "dvar2": 26.7769527435,
        "max": 26.360080719,
        "mean": 12.939201355,
        "median": 12.6296958923,
        "min": 3.01007533073,
        "var": 17.9316616058
    },
    "melbands_flatness_db": {
        "dmean": 0.0324834957719,
        "dmean2": 0.0514422170818,
        "dvar": 0.000715625472367,
        "dvar2": 0.00183497648686,
        "max": 0.367855846882,
        "mean": 0.204141497612,
        "median": 0.203891843557,
        "min": 0.00803614314646,
        "var": 0.00162427721079
    },
    "melbands_kurtosis": {
        "dmean": 4.68765687943,
        "dmean2": 7.64790391922,
        "dvar": 45.7670516968,
        "dvar2": 126.153297424,
        "max": 100.855270386,
        "mean": 6.26461601257,
        "median": 2.81046199799,
        "min": -1.90431129932,
        "var": 100.793785095
    },
    "melbands_skewness": {
        "dmean": 0.74585723877,
        "dmean2": 1.18140482903,
        "dvar": 0.424574524164,
        "dvar2": 1.04151940346,
        "max": 8.41572284698,
        "mean": 2.18055653572,
        "median": 1.95064234734,
        "min": -0.799198865891,
        "var": 1.46411669254
    },
    "melbands_spread": {
        "dmean": 13.9050521851,
        "dmean2": 21.8554420471,
        "dvar": 152.402114868,
        "dvar2": 353.267364502,
        "max": 138.803329468,
        "mean": 43.0428390503,
        "median": 40.1454162598,
        "min": 2.69323945045,
        "var": 554.035339355
    },
    "pitch_salience": {
        "dmean": 0.0752058848739,
        "dmean2": 0.122945427895,
        "dvar": 0.00370159070008,
        "dvar2": 0.00980874150991,
        "max": 0.882060229778,
        "mean": 0.508583247662,
        "median": 0.502643585205,
        "min": 0.232194975019,
        "var": 0.010582998395
    },
    "silence_rate_20dB": {
        "dmean": 0,
        "dmean2": 0,
        "dvar": 0,
        "dvar2": 0,
        "max": 1,
        "mean": 1,
        "median": 1,
        "min": 1,
        "var": 0
    },
    "silence_rate_30dB": {
        "dmean": 0,
        "dmean2": 0,
        "dvar": 0,
        "dvar2": 0,
        "max": 1,
        "mean": 1,
        "median": 1,
        "min": 1,
        "var": 0
    },
    "silence_rate_60dB": {
        "dmean": 0.0144329899922,
        "dmean2": 0.0283651370555,
        "dvar": 0.0142245795578,
        "dvar2": 0.0389065779746,
        "max": 1,
        "mean": 0.00978876836598,
        "median": 0,
        "min": 0,
        "var": 0.00969290453941
    },
    "spectral_centroid": {
        "dmean": 330.136444092,
        "dmean2": 502.398132324,
        "dvar": 117661.226562,
        "dvar2": 212186.90625,
        "max": 11012.0058594,
        "mean": 2146.95239258,
        "median": 2197.7980957,
        "min": 291.340667725,
        "var": 424764.3125
    },
    "spectral_complexity": {
        "dmean": 3.97422671318,
        "dmean2": 5.81124305725,
        "dvar": 12.7467622757,
        "dvar2": 25.3939876556,
        "max": 40,
        "mean": 18.3060283661,
        "median": 18,
        "min": 0,
        "var": 40.8398399353
    },
    "spectral_decrease": {
        "dmean": 1.76692405152e-09,
        "dmean2": 2.61560506587e-09,
        "dvar": 4.83422299795e-18,
        "dvar2": 9.93048936934e-18,
        "max": -4.63692219811e-29,
        "mean": -4.15186418579e-09,
        "median": -3.21451865126e-09,
        "min": -2.11571418163e-08,
        "var": 8.78847140794e-18
    },
    "spectral_energy": {
        "dmean": 0.00712512293831,
        "dmean2": 0.0104663455859,
        "dvar": 7.45790530345e-05,
        "dvar2": 0.000152424734551,
        "max": 0.0834752470255,
        "mean": 0.0173088088632,
        "median": 0.0136598767713,
        "min": 1.15860385357e-20,
        "var": 0.000141689815791
    },
    "spectral_energyband_high": {
        "dmean": 0.000206000302569,
        "dmean2": 0.000331383896992,
        "dvar": 1.14097062465e-07,
        "dvar2": 2.86282613615e-07,
        "max": 0.00399979623035,
        "mean": 0.000273038109299,
        "median": 0.000143277502502,
        "min": 8.32339828506e-21,
        "var": 1.43164839983e-07
    },
    "spectral_energyband_low": {
        "dmean": 0.00483086146414,
        "dmean2": 0.00761248078197,
        "dvar": 4.10622196796e-05,
        "dvar2": 9.18039877433e-05,
        "max": 0.0603548549116,
        "mean": 0.00719309831038,
        "median": 0.00430662371218,
        "min": 1.24227884223e-22,
        "var": 6.41429433017e-05
    },
    "spectral_energyband_middle_high": {
        "dmean": 0.00192916614469,
        "dmean2": 0.00286663509905,
        "dvar": 4.81939969177e-06,
        "dvar2": 1.08903059299e-05,
        "max": 0.0336290486157,
        "mean": 0.00551830651239,
        "median": 0.00478311255574,
        "min": 1.81482275288e-21,
        "var": 1.5678248019e-05
    },
    "spectral_energyband_middle_low": {
        "dmean": 0.00291546899825,
        "dmean2": 0.00432831281796,
        "dvar": 1.96410383069e-05,
        "dvar2": 4.35995061707e-05,
        "max": 0.0396146550775,
        "mean": 0.00561752310023,
        "median": 0.00383407971822,
        "min": 2.98629139553e-22,
        "var": 2.75383154076e-05
    },
    "spectral_entropy": {
        "dmean": 0.200573712587,
        "dmean2": 0.308722496033,
        "dvar": 0.0343947075307,
        "dvar2": 0.0788365826011,
        "max": 9.80312728882,
        "mean": 7.25625705719,
        "median": 7.25289392471,
        "min": 5.73548173904,
        "var": 0.0987708494067
    },
    "spectral_flux": {
        "dmean": 0.0210244357586,
        "dmean2": 0.0332102142274,
        "dvar": 0.000457563379314,
        "dvar2": 0.00108824507333,
        "max": 0.21822924912,
        "mean": 0.0700676962733,
        "median": 0.0629557818174,
        "min": 1.07638460645e-10,
        "var": 0.000910689472221
    },
    "spectral_kurtosis": {
        "dmean": 3.16327643394,
        "dmean2": 5.58881855011,
        "dvar": 8.53153324127,
        "dvar2": 26.1519145966,
        "max": 23.1255111694,
        "mean": 4.87520456314,
        "median": 4.03943538666,
        "min": -1.21818912029,
        "var": 11.2623291016
    },
    "spectral_rms": {
        "dmean": 0.000789875048213,
        "dmean2": 0.00114771351218,
        "dvar": 6.04293518336e-07,
        "dvar2": 1.17081356166e-06,
        "max": 0.0090243704617,
        "mean": 0.00390612334013,
        "median": 0.00365057657473,
        "min": 3.3620606299e-12,
        "var": 1.62885612554e-06
    },
    "spectral_rolloff": {
        "dmean": 548.898803711,
        "dmean2": 938.388305664,
        "dvar": 536284.0625,
        "dvar2": 1000747.0625,
        "max": 18475.4882812,
        "mean": 2386.41503906,
        "median": 2605.51757812,
        "min": 129.19921875,
        "var": 1174814.5
    },
    "spectral_skewness": {
        "dmean": 0.350170493126,
        "dmean2": 0.606845796108,
        "dvar": 0.0907686501741,
        "dvar2": 0.276096910238,
        "max": 3.34830331802,
        "mean": 0.920479953289,
        "median": 0.905090332031,
        "min": -0.0150483557954,
        "var": 0.141827210784
    },
    "spectral_spread": {
        "dmean": 495313.8125,
        "dmean2": 809317.8125,
        "dvar": 806938411008,
        "dvar2": 1.31414451814e+12,
        "max": 40707096,
        "mean": 2852441,
        "median": 2586444.25,
        "min": 1591944.875,
        "var": 1.8439218135e+12
    },
    "spectral_strongpeak": {
        "dmean": 1.44975399971,
        "dmean2": 2.58975887299,
        "dvar": 6.768201828,
        "dvar2": 16.1247386932,
        "max": 20.9733715057,
        "mean": 1.8090916872,
        "median": 0.39295104146,
        "min": 0,
        "var": 10.350894928
    },
    "zerocrossingrate": {
        "dmean": 0.0106080360711,
        "dmean2": 0.0126008791849,
        "dvar": 0.000187238067156,
        "dvar2": 0.000230219913647,
        "max": 0.4912109375,
        "mean": 0.0730253383517,
        "median": 0.072265625,
        "min": 0.001953125,
        "var": 0.000693197769579
    },
    "barkbands": {
        "dmean": [7.66038210713e-05, 0.00154298811685, 0.00292412796989, 0.00149015639909, 0.00101563357748, 0.000587753427681, 0.000532660400495, 0.000149867380969, 0.000186488730833, 0.000208505618502, 7.58879759815e-05, 5.28930577275e-05, 5.05307252752e-05, 7.14953930583e-05, 0.000554739730433, 0.000291784730507, 0.000202127543162, 0.000426487909863, 0.00107698957436, 0.000145875193994, 5.46553383174e-05, 4.29821920989e-05, 4.00104618166e-05, 3.45085572917e-05, 3.4171673633e-06, 3.63141737125e-07, 1.12589999546e-08],
        "dmean2": [0.000133394089062, 0.0026093388442, 0.00465417280793, 0.00239131809212, 0.00159121968318, 0.000943921972066, 0.000859975465573, 0.000237541433307, 0.000306964037009, 0.000314321485348, 0.000124839600176, 8.45516624395e-05, 8.04532246548e-05, 0.000115208138595, 0.000869898824021, 0.0004626303853, 0.000322245061398, 0.000664025777951, 0.00166900362819, 0.000226911957725, 8.82013046066e-05, 7.26867438061e-05, 7.01756580384e-05, 6.1617254687e-05, 5.67135566598e-06, 5.53211293663e-07, 2.01837995206e-08],
        "dvar": [4.6063906467e-08, 3.32001786774e-06, 1.66380741575e-05, 7.18386854714e-06, 3.52473921339e-06, 4.52954310504e-07, 6.76860508975e-07, 5.7140219667e-08, 7.34472109798e-08, 6.01905227882e-08, 1.22039152117e-08, 6.40246833328e-09, 6.01351857199e-09, 1.03721005118e-08, 8.10398034901e-07, 1.95517799284e-07, 9.66522009094e-08, 4.47645135182e-07, 3.35353570335e-06, 3.68517447669e-08, 7.75644881656e-09, 8.31446023142e-09, 9.46257383561e-09, 6.48771836254e-09, 6.8893980798e-11, 2.16036737111e-12, 3.3383309104e-15],
        "dvar2": [1.19806870202e-07, 9.26445318328e-06, 3.91218345612e-05, 1.7338717953e-05, 8.03386228654e-06, 1.13488408715e-06, 1.79380037935e-06, 1.40581178698e-07, 2.01354708906e-07, 1.37677446332e-07, 3.1137037837e-08, 1.56083448388e-08, 1.50573740143e-08, 2.55329410948e-08, 1.85384874385e-06, 4.69206696607e-07, 2.48144232273e-07, 1.0512113704e-06, 7.60244438425e-06, 7.85592249031e-08, 1.94744327331e-08, 2.18474465186e-08, 2.53047005572e-08, 1.75474674791e-08, 1.63411728593e-10, 4.44554766263e-12, 1.01434372308e-14],
        "max": [0.00528517644852, 0.0162999071181, 0.034152418375, 0.023180635646, 0.0201766490936, 0.00761877465993, 0.0122787803411, 0.00267701875418, 0.00280635547824, 0.00283673359081, 0.00139366299845, 0.000831898767501, 0.00101630249992, 0.00112526270095, 0.0142743438482, 0.00610986212268, 0.00513453921303, 0.00843455735594, 0.0323524400592, 0.00260403822176, 0.00102417473681, 0.00128653971478, 0.00102612841874, 0.00128103035968, 0.000132643515826, 3.28594142047e-05, 1.55242639721e-06],
        "mean": [6.96896750014e-05, 0.00216111168265, 0.00369397434406, 0.00168048380874, 0.00127370271366, 0.00116807944141, 0.000914899865165, 0.000229928817134, 0.000293433229672, 0.000403444166295, 0.000105746512418, 7.61143528507e-05, 7.00819655322e-05, 0.000106249215605, 0.00110364286229, 0.000558538187761, 0.000379882141715, 0.000772350118496, 0.00180740270298, 0.000255289312918, 7.47255980968e-05, 4.55267982034e-05, 3.29979811795e-05, 2.77609124169e-05, 3.30505827151e-06, 4.4764178142e-07, 9.49246903303e-09],
        "median": [2.88646333502e-05, 0.00166617683135, 0.00164167629555, 0.000683809921611, 0.000511807505973, 0.00084073265316, 0.000516230240464, 0.000120121454529, 0.000178440503078, 0.000268031755695, 6.36188924545e-05, 4.39632349298e-05, 4.12385961681e-05, 5.97754660703e-05, 0.000438471732195, 0.000317224214086, 0.000239639295614, 0.000415268557845, 0.000815658015199, 0.000181319599506, 3.63236940757e-05, 1.65490855579e-05, 3.79251491722e-06, 2.61487275566e-06, 4.49701332172e-07, 4.23130686045e-08, 1.25494137304e-09],
        "min": [3.1478784448e-23, 4.81226293657e-23, 5.05926001916e-23, 5.94113393599e-24, 4.50129743872e-23, 1.31355027931e-23, 3.44546801714e-23, 3.51223278654e-23, 8.38117127708e-23, 2.16029647247e-22, 5.01364461063e-23, 6.50436705391e-23, 6.16179379286e-23, 5.40968686385e-23, 1.79391513686e-22, 2.16043859365e-22, 1.78886718437e-22, 2.27602602758e-22, 3.62030938113e-22, 3.70421565623e-22, 3.8682843357e-22, 4.5134667857e-22, 9.4580681442e-22, 9.86895840048e-22, 1.34618081015e-21, 2.0245211161e-21, 2.12309030857e-21],
        "var": [3.5477938809e-08, 4.23200344812e-06, 2.49815566349e-05, 7.67306755733e-06, 4.0273966988e-06, 1.07998164367e-06, 1.30759235617e-06, 9.68358051523e-08, 1.06261992983e-07, 1.68030652503e-07, 1.62315032526e-08, 8.63727223077e-09, 7.35818694864e-09, 1.61757895967e-08, 2.87095963358e-06, 4.32267569295e-07, 2.12040276892e-07, 1.00059287433e-06, 7.55756627768e-06, 6.5704838903e-08, 1.12513687256e-08, 8.4763680519e-09, 8.2738020879e-09, 5.77250203193e-09, 1.03269025276e-10, 4.61277023522e-12, 2.94918004575e-15]
    },
    "erbbands": {
        "dmean": [0.0260804332793, 0.427715927362, 2.5483314991, 5.33421993256, 2.19604897499, 5.10861492157, 3.72652935982, 4.75185632706, 8.26396656036, 4.07730102539, 3.5611410141, 4.2245182991, 3.50669693947, 7.62495231628, 2.03833794594, 2.46460080147, 2.21813583374, 3.4046151638, 5.4803147316, 36.4321670532, 17.4724998474, 9.46586036682, 21.0773658752, 27.4308204651, 58.9706611633, 7.20171546936, 3.21343326569, 1.39400744438, 1.79051959515, 1.05245399475, 1.16841650009, 0.993731379509, 0.42004814744, 0.074785195291, 0.0112960860133, 0.00262252776884, 0.000511609832756, 5.45257062186e-05, 5.4788192756e-06, 8.68724600878e-06],
        "dmean2": [0.0451469607651, 0.721708357334, 4.17937850952, 8.27643585205, 3.45853447914, 8.13768386841, 6.03167819977, 7.72558259964, 13.4896087646, 6.42573022842, 5.64425086975, 6.90656423569, 5.50432348251, 11.7770996094, 3.24035024643, 3.94506287575, 3.48785209656, 5.46400117874, 8.6666059494, 56.3096542358, 27.7596302032, 14.8526563644, 32.5228347778, 42.8258857727, 90.8419113159, 11.0586509705, 5.0318312645, 2.33207249641, 3.01747012138, 1.80358970165, 2.06192994118, 1.77603769302, 0.754360258579, 0.127072274685, 0.0183453690261, 0.004007934127, 0.00080860091839, 9.29416855797e-05, 7.98508790467e-06, 1.26240483951e-05],
        "dvar": [0.00111817650031, 0.265257447958, 10.7575893402, 85.8737258911, 18.0372581482, 88.3382797241, 27.2676753998, 30.741689682, 165.633361816, 46.3098869324, 26.5477218628, 37.595035553, 25.759262085, 78.7453613281, 7.86380195618, 14.2402219772, 11.970416069, 27.9503326416, 73.6956787109, 3241.29418945, 762.589294434, 194.141769409, 1011.24383545, 1445.84545898, 13046.9648438, 80.8172225952, 21.9996528625, 7.30533313751, 13.334438324, 5.88975524902, 7.94197034836, 5.53465366364, 1.05662930012, 0.0296658482403, 0.00112942117266, 0.000116357419756, 3.13615100822e-06, 3.57084637415e-08, 6.19165760329e-11, 1.04203361218e-10],
        "dvar2": [0.00325205549598, 0.737480998039, 27.833026886, 189.214828491, 39.4412231445, 206.472946167, 72.608505249, 78.7373504639, 442.390716553, 115.052177429, 64.0608444214, 102.023735046, 68.5269470215, 183.159698486, 19.4856147766, 34.2346115112, 29.7899093628, 67.5590820312, 195.181137085, 7081.28417969, 1847.84533691, 500.683380127, 2322.96899414, 3510.60766602, 29188.3769531, 175.26802063, 53.7577171326, 18.915977478, 35.0453987122, 15.1851921082, 21.3045024872, 15.0085964203, 2.87413096428, 0.0745969340205, 0.00255157006904, 0.000235345622059, 6.68124630465e-06, 9.44435782912e-08, 1.42728509567e-10, 2.11825321172e-10],
        "max": [0.592060983181, 4.37163066864, 27.6232700348, 78.3873977661, 70.9379653931, 75.6781997681, 62.2883453369, 70.349029541, 200.591461182, 97.4551010132, 72.3200302124, 60.1557235718, 89.0851211548, 105.418998718, 35.0665168762, 38.1934509277, 48.6240615845, 66.8945846558, 163.909957886, 991.164672852, 375.034576416, 241.280029297, 405.876281738, 480.852508545, 2040.57739258, 105.752029419, 60.1873092651, 27.4198131561, 45.6373176575, 28.8896160126, 26.8580322266, 30.3846302032, 18.5761756897, 2.61121821404, 0.615099191666, 0.226794719696, 0.036403901875, 0.00535237696022, 0.000157200425747, 0.000101070523669],
        "mean": [0.0367708727717, 0.600191056728, 3.25353765488, 6.56933355331, 3.29545283318, 5.81622171402, 6.37716245651, 9.36082363129, 14.194896698, 7.41434001923, 6.13415288925, 6.77274990082, 6.71500396729, 14.0232448578, 3.38977813721, 3.71099042892, 3.26159977913, 5.30470752716, 11.5167264938, 74.0378723145, 35.0953445435, 20.2227973938, 40.2057266235, 52.6629943848, 98.6459884644, 14.0493535995, 5.16621398926, 1.5683965683, 1.96373045444, 0.987162053585, 0.951161086559, 0.782450258732, 0.336695671082, 0.0684859603643, 0.0117235826328, 0.00314708589576, 0.000637708813883, 6.31562434137e-05, 1.26835238916e-05, 2.18096829485e-05],
        "median": [0.0274985153228, 0.453142613173, 1.77086424828, 2.2883682251, 1.84763324261, 1.96364307404, 4.21677970886, 6.96739149094, 8.15760612488, 4.56877279282, 3.61400175095, 4.07048225403, 5.07204914093, 9.15475559235, 2.41664719582, 2.16273355484, 2.03612494469, 3.1155807972, 6.98417806625, 33.5831260681, 22.2071228027, 14.6753444672, 24.7787647247, 37.5978507996, 33.4297943115, 10.1584758759, 3.01316022873, 0.747073113918, 0.778850793839, 0.203478395939, 0.099416077137, 0.0716303810477, 0.0315919555724, 0.0090204467997, 0.00140692607965, 0.00027669017436, 8.46583279781e-05, 1.57702888828e-05, 9.4992292361e-06, 1.75743425643e-05],
        "min": [2.33018232585e-21, 8.00930229684e-21, 4.9214929695e-20, 4.11963927021e-20, 4.28448376471e-20, 2.00945978081e-19, 1.76955788688e-19, 1.31603647051e-19, 2.92968296113e-19, 1.04250772012e-18, 5.52505208891e-19, 1.9409346396e-18, 6.55443565803e-18, 3.52548099383e-18, 2.8052879217e-18, 2.33174377142e-18, 2.69297912839e-18, 2.99425443751e-18, 9.0568832449e-18, 6.16757403889e-18, 1.36499797856e-17, 9.60124832448e-18, 1.14259012223e-17, 2.16984810601e-17, 1.60028230733e-17, 1.67114538148e-17, 1.47980163131e-17, 1.46169894904e-17, 1.48821802861e-17, 2.68024766071e-17, 2.68604173003e-17, 1.91949593792e-17, 1.78459072095e-17, 1.35877915199e-17, 9.7021139012e-18, 6.4566256865e-18, 4.4136984366e-18, 1.43409564249e-18, 3.15529724869e-19, 2.93119366435e-20],
        "var": [0.00124326476362, 0.330894291401, 14.8298883438, 112.234809875, 22.9235877991, 93.5550231934, 42.1120986938, 64.9629058838, 312.985198975, 72.5099639893, 55.4251861572, 56.2976226807, 38.1365814209, 205.746139526, 10.3135595322, 19.6826553345, 14.4522104263, 41.5394020081, 179.166427612, 11703.2949219, 1555.08190918, 440.8387146, 2307.17700195, 2719.85888672, 29453.8945312, 172.793914795, 38.1116828918, 6.91789674759, 13.3600673676, 6.50827550888, 6.88163518906, 4.70019483566, 0.902307093143, 0.0399975739419, 0.00183366402052, 0.000227002907195, 7.9295514297e-06, 7.03064557683e-08, 1.25021520914e-10, 2.11525519322e-10]
    },
    "gfcc": {
        "mean": [-43.9011802673, 135.75718689, -157.818115234, 67.7287063599, -43.9719657898, -14.0976476669, -30.8847484589, 9.99469089508, -10.0875263214, -14.9731292725, -1.46922051907, -14.946190834, 1.92910706997],
        "cov": [[2867.42016602, -528.43939209, 200.37411499, 411.027435303, -251.320541382, 327.856170654, -155.035797119, 55.4867019653, -79.433052063, -101.541679382, -58.3722763062, -17.3309135437, -187.113937378], [-528.43939209, 512.410522461, -128.98059082, -85.0712280273, 161.713363647, -152.788543701, 75.6791915894, -63.1698074341, 70.9682540894, -16.8901748657, 51.045375824, -49.6075210571, 77.3669662476], [200.37411499, -128.98059082, 401.362426758, 117.144813538, -139.886688232, 243.457717896, -61.0285568237, -7.72203350067, 22.6041793823, -38.7685394287, -20.9994335175, 6.12943267822, -52.7343978882], [411.027435303, -85.0712280273, 117.144813538, 230.480895996, -10.825176239, 110.351455688, 9.75441741943, 23.4807491302, 51.6912002563, -52.5555038452, 20.8647117615, -6.0008430481, -10.5209417343], [-251.320541382, 161.713363647, -139.886688232, -10.825176239, 213.517623901, -119.817764282, 64.8773498535, 17.0385055542, 38.3264007568, 15.6499214172, -1.54707384109, -12.1139278412, 33.3834457397], [327.856170654, -152.788543701, 243.457717896, 110.351455688, -119.817764282, 289.528839111, -55.6830673218, 5.98701667786, 57.9311561584, -35.065990448, -15.1472702026, -12.2189474106, -25.1527290344], [-155.035797119, 75.6791915894, -61.0285568237, 9.75441741943, 64.8773498535, -55.6830673218, 119.678085327, 32.7299919128, -8.19182872772, 7.97610282898, 12.8053388596, 0.837416946888, 12.9832201004], [55.4867019653, -63.1698074341, -7.72203350067, 23.4807491302, 17.0385055542, 5.98701667786, 32.7299919128, 79.6242141724, 12.9408073425, 9.08141517639, -4.65319442749, 8.53174304962, -6.89786052704], [-79.433052063, 70.9682540894, 22.6041793823, 51.6912002563, 38.3264007568, 57.9311561584, -8.19182872772, 12.9408073425, 143.07333374, 6.41900491714, 6.56691169739, -18.088010788, 30.9567337036], [-101.541679382, -16.8901748657, -38.7685394287, -52.5555038452, 15.6499214172, -35.065990448, 7.97610282898, 9.08141517639, 6.41900491714, 88.1928863525, -2.75495481491, 14.4166727066, 2.46444416046], [-58.3722763062, 51.045375824, -20.9994335175, 20.8647117615, -1.54707384109, -15.1472702026, 12.8053388596, -4.65319442749, 6.56691169739, -2.75495481491, 86.2611160278, 9.59790325165, 14.6945199966], [-17.3309135437, -49.6075210571, 6.12943267822, -6.0008430481, -12.1139278412, -12.2189474106, 0.837416946888, 8.53174304962, -18.088010788, 14.4166727066, 9.59790325165, 78.9620437622, 14.7244472504], [-187.113937378, 77.3669662476, -52.7343978882, -10.5209417343, 33.3834457397, -25.1527290344, 12.9832201004, -6.89786052704, 30.9567337036, 2.46444416046, 14.6945199966, 14.7244472504, 91.5046615601]],
        "icov": [[0.000987386563793, -0.000874025339726, 0.00151123385876, -0.00281179719605, 0.000938090961426, -0.00127742497716, 0.00195697788149, -0.00126464862842, 0.00184407748748, -0.000822435948066, 0.0012961383909, -0.000466775905807, 0.00150455918629], [-0.000874025339726, 0.00826220493764, -0.00371279288083, 0.00682775024325, -0.00380753888749, 0.00448157265782, -0.00664362823591, 0.00754072517157, -0.00705435918644, 0.00511228246614, -0.0050509525463, 0.00390004273504, -0.00356312072836], [0.00151123385876, -0.00371279288083, 0.00915223453194, -0.0069203232415, 0.00352642382495, -0.0070141996257, 0.00454156054184, -0.00254884292372, 0.0044805216603, -0.00238862144761, 0.00425208639354, -0.00355893676169, 0.0050954669714], [-0.00281179719605, 0.00682775024325, -0.0069203232415, 0.0179621744901, -0.00538597302511, 0.0039607998915, -0.00972996558994, 0.00579212419689, -0.0102993585169, 0.00872593931854, -0.00809473823756, 0.00270177004859, -0.00446016527712], [0.000938090961426, -0.00380753888749, 0.00352642382495, -0.00538597302511, 0.011091588065, 0.000847924617119, 0.000732408545446, -0.00370448897593, 0.000235010971664, -0.00236496818252, 0.00481802457944, -0.00106767693069, 0.00173621345311], [-0.00127742497716, 0.00448157265782, -0.0070141996257, 0.0039607998915, 0.000847924617119, 0.0130020212382, -0.00385055621155, 0.00308549031615, -0.00808950420469, 0.00374059472233, -0.00221089855768, 0.00362234073691, -0.00353648746386], [0.00195697788149, -0.00664362823591, 0.00454156054184, -0.00972996558994, 0.000732408545446, -0.00385055621155, 0.0196051187813, -0.0116244293749, 0.00999112613499, -0.00544637115672, 0.00333554670215, -0.00189180742018, 0.00266927247867], [-0.00126464862842, 0.00754072517157, -0.00254884292372, 0.00579212419689, -0.00370448897593, 0.00308549031615, -0.0116244293749, 0.0235981196165, -0.00898063741624, 0.00333772017621, -0.00299002835527, 0.000422142300522, -0.000776206725277], [0.00184407748748, -0.00705435918644, 0.0044805216603, -0.0102993585169, 0.000235010971664, -0.00808950420469, 0.00999112613499, -0.00898063741624, 0.0193336959928, -0.00789815653116, 0.00394215993583, -7.64123251429e-05, -0.000219482230023], [-0.000822435948066, 0.00511228246614, -0.00238862144761, 0.00872593931854, -0.00236496818252, 0.00374059472233, -0.00544637115672, 0.00333772017621, -0.00789815653116, 0.0182006899267, -0.00329118152149, -0.000823819078505, -0.000619178812485], [0.0012961383909, -0.0050509525463, 0.00425208639354, -0.00809473823756, 0.00481802457944, -0.00221089855768, 0.00333554670215, -0.00299002835527, 0.00394215993583, -0.00329118152149, 0.0172000601888, -0.00411486532539, 0.00203162431717], [-0.000466775905807, 0.00390004273504, -0.00355893676169, 0.00270177004859, -0.00106767693069, 0.00362234073691, -0.00189180742018, 0.000422142300522, -7.64123251429e-05, -0.000823819078505, -0.00411486532539, 0.0176999587566, -0.00644623162225], [0.00150455918629, -0.00356312072836, 0.0050954669714, -0.00446016527712, 0.00173621345311, -0.00353648746386, 0.00266927247867, -0.000776206725277, -0.000219482230023, -0.000619178812485, 0.00203162431717, -0.00644623162225, 0.0182005353272]]
    },
    "melbands": {
        "dmean": [0.000332738360157, 0.00106785621028, 0.000775406253524, 0.000254201033385, 0.000141628683195, 0.000109137770778, 0.00012180761405, 3.90127897845e-05, 3.19753598887e-05, 2.46330946538e-05, 1.81452742254e-05, 3.29952817992e-05, 8.74254510563e-06, 5.74493378735e-06, 6.5623289629e-06, 4.11511200582e-06, 7.05209504304e-06, 4.91980517836e-06, 4.42276577814e-05, 3.24277825712e-05, 2.07722896448e-05, 8.12606594991e-06, 1.46459979078e-05, 2.83395202132e-05, 1.97629560716e-05, 6.1901533627e-05, 1.27635212266e-05, 3.66958329323e-06, 2.72273064184e-06, 9.70922314991e-07, 7.56299073146e-07, 1.08850849756e-06, 7.39641222935e-07, 5.42866416708e-07, 6.47166928047e-07, 7.57806219553e-07, 5.59597822303e-07, 3.52367464984e-07, 1.26800784983e-07, 3.96195787289e-08],
        "dmean2": [0.000566207745578, 0.00173989112955, 0.00119399419054, 0.000400629040087, 0.000227272932534, 0.0001770118688, 0.000197809291421, 6.18030971964e-05, 5.12632759637e-05, 4.03014855692e-05, 2.84257966996e-05, 5.07321492478e-05, 1.42200260598e-05, 9.24526284507e-06, 1.03988504634e-05, 6.52353492114e-06, 1.13511923701e-05, 7.88000761531e-06, 7.04216217855e-05, 4.92674844281e-05, 3.30834263877e-05, 1.28290594148e-05, 2.2972089937e-05, 4.40370386059e-05, 3.16871482937e-05, 9.63811035035e-05, 1.98721245397e-05, 5.68699624637e-06, 4.31387888966e-06, 1.63465279002e-06, 1.29174134145e-06, 1.83819099675e-06, 1.27106034142e-06, 9.31434101403e-07, 1.14517342809e-06, 1.35606057938e-06, 1.00364889022e-06, 6.38355174942e-07, 2.21803389877e-07, 6.5959689266e-08],
        "dvar": [1.47986938259e-07, 1.76575497335e-06, 1.68847248005e-06, 2.14487386074e-07, 4.69636738387e-08, 1.53636481315e-08, 3.51693429934e-08, 4.42965664149e-09, 1.96109106732e-09, 1.24517862687e-09, 6.64432009412e-10, 1.50431178625e-09, 1.52597379177e-10, 8.12817452234e-11, 9.14906067573e-11, 4.42141323553e-11, 1.20345552967e-10, 4.83161531617e-11, 5.57943691248e-09, 2.01911931619e-09, 1.12935616414e-09, 1.27519814153e-10, 5.156909344e-10, 2.34334107674e-09, 1.01489161519e-09, 1.44189495899e-08, 3.64530378105e-10, 2.87565422863e-11, 1.79824887619e-11, 3.85969554928e-12, 2.25298534169e-12, 4.74686913041e-12, 3.29081575358e-12, 1.69050418195e-12, 2.4983884319e-12, 4.0304062171e-12, 1.73157072448e-12, 7.65023515457e-13, 9.9761466991e-14, 9.94863998176e-15],
        "dvar2": [4.18644447109e-07, 4.49065146313e-06, 3.7132797388e-06, 4.89431272399e-07, 1.18405040439e-07, 3.87080092423e-08, 9.28243366616e-08, 1.10455351532e-08, 4.92512697292e-09, 3.37176264686e-09, 1.75915182421e-09, 3.45925310619e-09, 3.85577736406e-10, 2.00768068837e-10, 2.20780699278e-10, 1.09574703477e-10, 2.93811391883e-10, 1.1473599848e-10, 1.3881337857e-08, 4.35642721897e-09, 2.76309264358e-09, 3.28140459249e-10, 1.22322063589e-09, 5.43157652189e-09, 2.45174436309e-09, 3.2617204937e-08, 8.15225609241e-10, 6.54778661846e-11, 4.48917153451e-11, 1.01829595103e-11, 5.83037481142e-12, 1.2506203538e-11, 8.78054313286e-12, 4.36058827935e-12, 6.67985458613e-12, 1.11526681987e-11, 4.7146158505e-12, 2.09038819241e-12, 2.63412365921e-13, 2.43788364198e-14],
        "max": [0.00425849435851, 0.0118752550334, 0.0108879525214, 0.00485622603446, 0.00241394340992, 0.00153538596351, 0.0028526626993, 0.000922859122511, 0.00055319344392, 0.000341134960763, 0.000432346045272, 0.000465255550807, 0.000162202952197, 9.33914561756e-05, 9.24636478885e-05, 0.000102169862657, 0.00013691445929, 9.88247629721e-05, 0.00117972737644, 0.000835562765133, 0.000510567624588, 0.000185834011063, 0.00030252430588, 0.000683033955283, 0.000439670227934, 0.00211087428033, 0.00029882293893, 6.96942443028e-05, 5.88034599787e-05, 2.43870217673e-05, 1.55080397235e-05, 2.53571961366e-05, 2.94489636872e-05, 1.53256187332e-05, 1.66625050042e-05, 2.98912254948e-05, 1.8240274585e-05, 1.36420085255e-05, 6.52630069453e-06, 1.62063918197e-06],
        "mean": [0.00046862786985, 0.00147556816228, 0.00100862979889, 0.000323860323988, 0.000229343670071, 0.000216990738409, 0.000211170743569, 6.90696178935e-05, 5.39731699973e-05, 3.90654458897e-05, 3.41585036949e-05, 6.05058776273e-05, 1.26718068714e-05, 8.24478865979e-06, 9.47604621615e-06, 5.98279348196e-06, 1.03712536657e-05, 7.96498898126e-06, 8.59463252709e-05, 6.71387970215e-05, 3.73031689378e-05, 1.60623221745e-05, 2.7316289561e-05, 4.82879368064e-05, 3.20327453665e-05, 0.000100550983916, 2.22138769459e-05, 6.12312260273e-06, 4.15553813582e-06, 1.06157494884e-06, 7.53403014642e-07, 1.19754611205e-06, 7.24319193068e-07, 4.9100896149e-07, 5.27135455286e-07, 5.78531057727e-07, 4.39146901954e-07, 2.75323458254e-07, 1.08228249474e-07, 3.86725567125e-08],
        "median": [0.00036452250788, 0.000936502125114, 0.00039974716492, 0.000140579519211, 0.000145010926644, 0.000165206525708, 0.000120093180158, 4.28916173405e-05, 3.03269443975e-05, 2.44123912125e-05, 2.57067677012e-05, 3.81687386835e-05, 7.98102701083e-06, 4.69505721412e-06, 5.94941093368e-06, 3.69643589693e-06, 5.62289915251e-06, 4.8329461606e-06, 3.55194752046e-05, 4.21959230152e-05, 1.95654374693e-05, 1.07481810119e-05, 1.69840732269e-05, 2.23750012083e-05, 2.09322079172e-05, 3.14705139317e-05, 1.3158611182e-05, 3.94494782086e-06, 2.10814641832e-06, 4.78202593968e-07, 2.88095918677e-07, 4.95063943617e-07, 1.93764023493e-07, 8.03450106446e-08, 5.16657578942e-08, 5.16423988017e-08, 4.03029325469e-08, 2.47576430468e-08, 1.1929443211e-08, 5.66671953806e-09],
        "min": [1.8153907706e-23, 2.06870994226e-23, 7.26944080517e-24, 8.07027661893e-24, 7.38710887552e-24, 3.05802955428e-24, 4.5529809231e-24, 1.09626201396e-23, 4.82845667323e-24, 1.26327144066e-23, 3.40771565858e-23, 1.58184660634e-23, 8.99825156707e-24, 7.00902756517e-24, 4.6758215544e-24, 6.62687021052e-24, 4.76748127513e-24, 1.36780608133e-23, 1.1481340361e-23, 7.77546509916e-24, 1.76286809599e-23, 7.95877901859e-24, 1.15606066824e-23, 1.16975923786e-23, 1.88434100025e-23, 1.07573553766e-23, 1.36994058117e-23, 1.00488470543e-23, 7.93737564451e-24, 1.22939909445e-23, 6.84906708397e-24, 7.47765354136e-24, 1.13363216942e-23, 1.6152621232e-23, 1.45898152036e-23, 1.52785333723e-23, 9.95111744335e-24, 1.18014861487e-23, 1.4817762873e-23, 9.6502316946e-24],
        "var": [1.86375558542e-07, 2.54726819549e-06, 2.29004149332e-06, 2.45837071589e-07, 6.00484995061e-08, 3.46830582032e-08, 6.91231107908e-08, 6.37751895738e-09, 4.02764044338e-09, 1.80339776445e-09, 1.02947006475e-09, 4.09434042226e-09, 1.92942065103e-10, 1.08079961647e-10, 1.20910212398e-10, 5.42030448303e-11, 1.80270298689e-10, 9.68966989978e-11, 1.67215095104e-08, 6.95886592794e-09, 2.31089281044e-09, 3.00988012292e-10, 1.07488107304e-09, 5.26599608364e-09, 1.60770963209e-09, 3.2052771104e-08, 7.68131058759e-10, 4.90400393904e-11, 3.17003437389e-11, 3.50776113885e-12, 2.06054379288e-12, 4.56995422407e-12, 3.41264278121e-12, 1.79375405588e-12, 2.20558749216e-12, 3.04469947518e-12, 1.4649044781e-12, 6.1565639739e-13, 1.0588119872e-13, 1.54025894144e-14]
    },
    "mfcc": {
        "mean": [-666.766784668, 139.149795532, -33.4228668213, 62.5777397156, 9.8384437561, -11.6538534164, -2.38547348976, 8.39913272858, -2.67508554459, 11.6387062073, -8.14346218109, -9.00143051147, 3.3835515976],
        "cov": [[2229.11303711, -742.001647949, 477.007049561, 1.44538652897, 104.2865448, 157.758987427, 4.21073102951, 159.056091309, -88.2390518188, 27.2313709259, -0.202079728246, 41.3008651733, -95.3024520874], [-742.001647949, 621.328491211, -351.459625244, 83.6875152588, -32.047039032, -81.7880706787, 14.3456277847, -86.3092041016, 25.0581150055, -8.03499984741, -6.74888515472, -33.1089706421, 46.9678344727], [477.007049561, -351.459625244, 677.575561523, -143.472717285, 69.8490219116, 187.167785645, -42.4053993225, 109.15725708, -28.0502357483, 19.9254570007, -11.0796937943, 58.1261901855, -76.0747909546], [1.44538652897, 83.6875152588, -143.472717285, 199.77696228, 14.1844673157, -32.7437095642, 29.8297576904, 22.8414211273, 20.6040363312, -1.76487720013, 16.5077056885, -9.82864093781, 26.4998970032], [104.2865448, -32.047039032, 69.8490219116, 14.1844673157, 116.49508667, 42.8195457458, -29.4815044403, 37.9381713867, 19.5362319946, 28.3627586365, -11.625328064, 13.6745119095, -10.06067276], [157.758987427, -81.7880706787, 187.167785645, -32.7437095642, 42.8195457458, 128.859924316, -16.6066532135, 34.6617889404, 11.6682701111, 19.6022453308, 1.5046043396, 19.6793003082, -23.1111564636], [4.21073102951, 14.3456277847, -42.4053993225, 29.8297576904, -29.4815044403, -16.6066532135, 93.7052078247, 9.4188041687, -18.4685993195, -4.99543333054, 8.98077297211, -13.8603668213, 7.16083621979], [159.056091309, -86.3092041016, 109.15725708, 22.8414211273, 37.9381713867, 34.6617889404, 9.4188041687, 107.0467453, 19.517583847, 10.3342247009, 4.63234949112, 7.49806118011, -16.9831562042], [-88.2390518188, 25.0581150055, -28.0502357483, 20.6040363312, 19.5362319946, 11.6682701111, -18.4685993195, 19.517583847, 92.8213272095, 36.0302581787, -5.15369081497, -5.23291778564, 7.55293273926], [27.2313709259, -8.03499984741, 19.9254570007, -1.76487720013, 28.3627586365, 19.6022453308, -4.99543333054, 10.3342247009, 36.0302581787, 90.1646270752, 9.77290058136, -5.14275026321, -3.79548358917], [-0.202079728246, -6.74888515472, -11.0796937943, 16.5077056885, -11.625328064, 1.5046043396, 8.98077297211, 4.63234949112, -5.15369081497, 9.77290058136, 69.74243927, 16.6402244568, -3.89906287193], [41.3008651733, -33.1089706421, 58.1261901855, -9.82864093781, 13.6745119095, 19.6793003082, -13.8603668213, 7.49806118011, -5.23291778564, -5.14275026321, 16.6402244568, 77.170463562, 5.18841314316], [-95.3024520874, 46.9678344727, -76.0747909546, 26.4998970032, -10.06067276, -23.1111564636, 7.16083621979, -16.9831562042, 7.55293273926, -3.79548358917, -3.89906287193, 5.18841314316, 64.4568634033]],
