{
"lowlevel": {
    "average_loudness": 0.977121174335,
    "barkbands_crest": {
        "dmean": 2.24051618576,
        "dmean2": 3.61854791641,
        "dvar": 3.86522555351,
        "dvar2": 9.56060314178,
        "max": 20.7109375,
        "mean": 7.96279430389,
        "median": 7.29451036453,
        "min": 2.89566636086,
        "var": 8.53090381622
    },
    "barkbands_flatness_db": {
        "dmean": 0.020231153816,
        "dmean2": 0.0325535684824,
        "dvar": 0.000321195024299,
        "dvar2": 0.000776492874138,
        "max": 0.246665820479,
        "mean": 0.147679805756,
        "median": 0.146264404058,
        "min": 0.0506079345942,
        "var": 0.000896435813047
    },
    "barkbands_kurtosis": {
        "dmean": 1.28573179245,
        "dmean2": 2.01368641853,
        "dvar": 4.18273544312,
        "dvar2": 10.2072229385,
        "max": 25.2346134186,
        "mean": 0.289897978306,
        "median": -0.942442178726,
        "min": -1.89046740532,
        "var": 9.36116218567
    },
    "barkbands_skewness": {
        "dmean": 0.487273514271,
        "dmean2": 0.752468407154,
        "dvar": 0.178652822971,
        "dvar2": 0.43495747447,
        "max": 4.30051755905,
        "mean": 0.552319049835,
        "median": 0.476022660732,
        "min": -2.32261443138,
        "var": 1.05382597446
    },
    "barkbands_spread": {
        "dmean": 5.99530935287,
        "dmean2": 9.48538303375,
        "dvar": 30.3240966797,
        "dvar2": 73.878616333,
        "max": 84.360786438,
        "mean": 30.4875183105,
        "median": 30.4395046234,
        "min": 3.8712515831,
        "var": 133.803192139
    },
    "dissonance": {
        "dmean": 0.0108525566757,
        "dmean2": 0.0178194791079,
        "dvar": 0.000162721727975,
        "dvar2": 0.000376074109226,
        "max": 0.500000059605,
        "mean": 0.479104846716,
        "median": 0.482419252396,
        "min": 0.19397008419,
        "var": 0.000245441740844
    },
    "dynamic_complexity": 1.51156330109,
    "erbbands_crest": {
        "dmean": 2.87029671669,
        "dmean2": 4.57741308212,
        "dvar": 7.03180837631,
        "dvar2": 16.9634246826,
        "max": 30.6435337067,
        "mean": 10.5816411972,
        "median": 9.75692749023,
        "min": 2.95452046394,
        "var": 19.9416484833
    },
    "erbbands_flatness_db": {
        "dmean": 0.0221956409514,
        "dmean2": 0.0340088754892,
        "dvar": 0.00042984020547,
        "dvar2": 0.000952408299781,
        "max": 0.326552540064,
        "mean": 0.214831128716,
        "median": 0.214759960771,
        "min": 0.0818950235844,
        "var": 0.00221681874245
    },
    "erbbands_kurtosis": {
        "dmean": 1.31168591976,
        "dmean2": 2.04701852798,
        "dvar": 2.40387153625,
        "dvar2": 5.71655511856,
        "max": 17.5914764404,
        "mean": 0.936111807823,
        "median": 0.00512361526489,
        "min": -1.69130563736,
        "var": 6.83456230164
    },
    "erbbands_skewness": {
        "dmean": 0.459851682186,
        "dmean2": 0.682635426521,
        "dvar": 0.173314735293,
        "dvar2": 0.372634828091,
        "max": 2.52007842064,
        "mean": -0.811293125153,
        "median": -0.866480946541,
        "min": -4.03679990768,
        "var": 1.0174434185
    },
    "erbbands_spread": {
        "dmean": 7.40710735321,
        "dmean2": 11.4286956787,
        "dvar": 57.3459472656,
        "dvar2": 137.398010254,
        "max": 101.068878174,
        "mean": 32.9266433716,
        "median": 30.6683769226,
        "min": 5.66702032089,
        "var": 217.006469727
    },
    "hfc": {
        "dmean": 6.97650957108,
        "dmean2": 10.1874952316,
        "dvar": 68.6152877808,
        "dvar2": 143.577194214,
        "max": 100.253700256,
        "mean": 18.8922233582,
        "median": 15.2467784882,
        "min": 1.20520254954e-16,
        "var": 193.320480347
    },
    "melbands_crest": {
        "dmean": 3.2833917141,
        "dmean2": 5.51617717743,
        "dvar": 7.77107620239,
        "dvar2": 22.3087692261,
        "max": 25.8781604767,
        "mean": 11.210981369,
        "median": 10.5560112,
        "min": 2.5889005661,
        "var": 15.208527565
    },
    "melbands_flatness_db": {
        "dmean": 0.0265323594213,
        "dmean2": 0.0420142449439,
        "dvar": 0.000539376749657,
        "dvar2": 0.00138386187609,
        "max": 0.312628626823,
        "mean": 0.184852838516,
        "median": 0.183005154133,
        "min": 0.00643477169797,
        "var": 0.00119897990953
    },
    "melbands_kurtosis": {
        "dmean": 3.12537121773,
        "dmean2": 5.04606485367,
        "dvar": 24.1169281006,
        "dvar2": 62.852519989,
        "max": 71.5391693115,
        "mean": 4.36847734451,
        "median": 1.69801521301,
        "min": -1.82473564148,
        "var": 56.6592445374
    },
    "melbands_skewness": {
        "dmean": 0.573156714439,
        "dmean2": 0.907788395882,
        "dvar": 0.28338342905,
        "dvar2": 0.713842868805,
        "max": 7.35399150848,
        "mean": 1.7018032074,
        "median": 1.6091504097,
        "min": -1.03137624264,
        "var": 1.21779406071
    },
    "melbands_spread": {
        "dmean": 10.7993593216,
        "dmean2": 16.9240207672,
        "dvar": 104.965011597,
        "dvar2": 239.779205322,
        "max": 131.072631836,
        "mean": 43.9742012024,
        "median": 41.4826316833,
        "min": 4.05981445312,
        "var": 558.184875488
    },
    "pitch_salience": {
        "dmean": 0.0622661262751,
        "dmean2": 0.103238925338,
        "dvar": 0.00282638845965,
        "dvar2": 0.00782133545727,
        "max": 0.844509482384,
        "mean": 0.568771243095,
        "median": 0.564883887768,
        "min": 0.277559757233,
        "var": 0.00930462032557
    },
    "silence_rate_20dB": {
        "dmean": 0,
        "dmean2": 0,
        "dvar": 0,
        "dvar2": 0,
        "max": 1,
        "mean": 1,
        "median": 1,
        "min": 1,
        "var": 0
    },
    "silence_rate_30dB": {
        "dmean": 0,
        "dmean2": 0,
        "dvar": 0,
        "dvar2": 0,
        "max": 1,
        "mean": 1,
        "median": 1,
        "min": 1,
        "var": 0
    },
    "silence_rate_60dB": {
        "dmean": 0.0154639175162,
        "dmean2": 0.0304280556738,
        "dvar": 0.0152247212827,
        "dvar2": 0.0408480614424,
        "max": 1,
        "mean": 0.0113343633711,
        "median": 0,
        "min": 0,
        "var": 0.0112058836967
    },
    "spectral_centroid": {
        "dmean": 291.387664795,
        "dmean2": 436.501525879,
        "dvar": 126207.0625,
        "dvar2": 213622.3125,
        "max": 10721.9550781,
        "mean": 2070.93212891,
        "median": 2120.00415039,
        "min": 420.214904785,
        "var": 537664.8125
    },
    "spectral_complexity": {
        "dmean": 4.11443281174,
        "dmean2": 6.00206279755,
        "dvar": 13.9466428757,
        "dvar2": 27.4717578888,
        "max": 42,
        "mean": 20.1978359222,
        "median": 20,
        "min": 0,
        "var": 45.5249633789
    },
    "spectral_decrease": {
        "dmean": 1.23595023105e-09,
        "dmean2": 1.88635462806e-09,
        "dvar": 2.09035489109e-18,
        "dvar2": 4.88686601291e-18,
        "max": -1.17335355932e-29,
        "mean": -3.60605967309e-09,
        "median": -3.10478331933e-09,
        "min": -1.42722296204e-08,
        "var": 3.99333765701e-18
    },
    "spectral_energy": {
        "dmean": 0.00518180849031,
        "dmean2": 0.00783234834671,
        "dvar": 3.467296483e-05,
        "dvar2": 7.9508361523e-05,
        "max": 0.0572397261858,
        "mean": 0.0153236538172,
        "median": 0.0133233601227,
        "min": 1.09758409687e-20,
        "var": 7.01660901541e-05
    },
    "spectral_energyband_high": {
        "dmean": 0.000195315718884,
        "dmean2": 0.000306773436023,
        "dvar": 1.15847669235e-07,
        "dvar2": 2.64396447847e-07,
        "max": 0.00884260050952,
        "mean": 0.000295632024063,
        "median": 0.00011945940787,
        "min": 7.87867076796e-21,
        "var": 3.92186194631e-07
    },
    "spectral_energyband_low": {
        "dmean": 0.00278096040711,
        "dmean2": 0.00444266246632,
        "dvar": 1.47029177242e-05,
        "dvar2": 3.5057986679e-05,
        "max": 0.0352952517569,
        "mean": 0.00405992893502,
        "median": 0.00257020886056,
        "min": 4.50237439163e-23,
        "var": 2.10961388802e-05
    },
    "spectral_energyband_middle_high": {
        "dmean": 0.00218299240805,
        "dmean2": 0.00320067233406,
        "dvar": 6.34211664874e-06,
        "dvar2": 1.32329359985e-05,
        "max": 0.0325988195837,
        "mean": 0.00593295088038,
        "median": 0.00490596005693,
        "min": 1.70493415111e-21,
        "var": 2.04981442948e-05
    },
    "spectral_energyband_middle_low": {
        "dmean": 0.00206512585282,
        "dmean2": 0.00329574919306,
        "dvar": 1.19027681649e-05,
        "dvar2": 3.06991314574e-05,
        "max": 0.0481142550707,
        "mean": 0.00570591865107,
        "median": 0.00472653284669,
        "min": 3.57167187803e-22,
        "var": 1.94516560441e-05
    },
    "spectral_entropy": {
        "dmean": 0.189775913954,
        "dmean2": 0.282089620829,
        "dvar": 0.0322432778776,
        "dvar2": 0.0704130679369,
        "max": 9.81798171997,
        "mean": 7.29640197754,
        "median": 7.2903342247,
        "min": 6.30910873413,
        "var": 0.113393247128
    },
    "spectral_flux": {
        "dmean": 0.0183100160211,
        "dmean2": 0.0283799376339,
        "dvar": 0.000350821239408,
        "dvar2": 0.000768529600464,
        "max": 0.203321650624,
        "mean": 0.063137345016,
        "median": 0.0577307082713,
        "min": 1.04765647546e-10,
        "var": 0.000649376539513
    },
    "spectral_kurtosis": {
        "dmean": 3.37975239754,
        "dmean2": 5.9194893837,
        "dvar": 11.0848455429,
        "dvar2": 33.2557640076,
        "max": 34.2562332153,
        "mean": 5.76380348206,
        "median": 4.77966737747,
        "min": -1.1648542881,
        "var": 16.2391109467
    },
    "spectral_rms": {
        "dmean": 0.000640274840407,
        "dmean2": 0.000958593154792,
        "dvar": 3.95998370095e-07,
        "dvar2": 8.80175321072e-07,
        "max": 0.00747286016122,
        "mean": 0.0037311471533,
        "median": 0.00360532943159,
        "min": 3.27232902234e-12,
        "var": 1.02846888694e-06
    },
    "spectral_rolloff": {
        "dmean": 432.951385498,
        "dmean2": 735.917236328,
        "dvar": 489024.71875,
        "dvar2": 963113.5,
        "max": 18712.3535156,
        "mean": 2389.19458008,
        "median": 2347.11914062,
        "min": 172.265625,
        "var": 1290284
    },
    "spectral_skewness": {
        "dmean": 0.359876453876,
        "dmean2": 0.626374602318,
        "dvar": 0.119752421975,
        "dvar2": 0.355075269938,
        "max": 3.88755965233,
        "mean": 1.09885680676,
        "median": 1.08509874344,
        "min": -0.0970180928707,
        "var": 0.158757820725
    },
    "spectral_spread": {
        "dmean": 519663.9375,
        "dmean2": 818397.3125,
        "dvar": 745090777088,
        "dvar2": 1.1251417088e+12,
        "max": 39747600,
        "mean": 2881412.25,
        "median": 2561760,
        "min": 1458495.75,
        "var": 2.05474181939e+12
    },
    "spectral_strongpeak": {
        "dmean": 1.38857638836,
        "dmean2": 2.33464932442,
        "dvar": 4.4332151413,
        "dvar2": 10.1434926987,
        "max": 17.4445800781,
        "mean": 2.05108475685,
        "median": 0.64077693224,
        "min": 0,
        "var": 8.46705341339
    },
    "zerocrossingrate": {
        "dmean": 0.00909964926541,
        "dmean2": 0.0110914632678,
        "dvar": 0.000175339911948,
        "dvar2": 0.00020728968957,
        "max": 0.50537109375,
        "mean": 0.0764352604747,
        "median": 0.0751953125,
        "min": 0.00830078125,
        "var": 0.000837315048557
    },
    "barkbands": {
        "dmean": [8.44098613015e-05, 0.000961116747931, 0.00167532451451, 0.000777620763984, 0.00064717582427, 0.000784268835559, 0.000512616534252, 0.00025676144287, 0.000143177661812, 0.000164032317116, 0.000140693417052, 4.47612292191e-05, 5.67190545553e-05, 9.26242064452e-05, 0.000470787170343, 0.000547972333152, 0.000129288004246, 0.000568718649447, 0.000854982645251, 0.000301683525322, 3.29531103489e-05, 3.939465023e-05, 4.47882775916e-05, 3.09789065795e-05, 5.71256896365e-06, 8.60718159856e-07, 4.8296044497e-08],
        "dmean2": [0.000144168137922, 0.00167041190434, 0.0026489298325, 0.00127811962739, 0.00107507617213, 0.00125518254936, 0.000802461523563, 0.000414305715822, 0.000220550398808, 0.000252879748587, 0.00021728235879, 7.1656802902e-05, 9.057582065e-05, 0.000139020659844, 0.000699652533513, 0.000884975481313, 0.000199371555937, 0.000834666716401, 0.00133655697573, 0.000460873357952, 5.34519640496e-05, 6.56994088786e-05, 7.58890673751e-05, 5.12287952006e-05, 9.20151614991e-06, 1.23911922856e-06, 8.82789024104e-08],
        "dvar": [4.81003574748e-08, 3.90843251807e-06, 5.17695661983e-06, 1.7438917439e-06, 5.5155028349e-06, 1.02254864487e-06, 4.38174538431e-07, 1.703469934e-07, 4.67901131174e-08, 5.32907620254e-08, 3.65769636801e-08, 3.31726290881e-09, 5.82658854498e-09, 1.96898319871e-08, 6.56625388729e-07, 6.1624149339e-07, 5.24554906178e-08, 7.49304604142e-07, 2.2992733193e-06, 3.81299486207e-07, 3.80861964189e-09, 1.06102167052e-08, 1.07225108792e-08, 6.24692608753e-09, 4.72810013363e-10, 1.89248564736e-11, 1.93810665758e-13],
        "dvar2": [1.28885076833e-07, 1.09527709355e-05, 1.07486148408e-05, 4.22050061388e-06, 1.48892277139e-05, 2.66586675934e-06, 1.1479648947e-06, 4.234712776e-07, 1.17324404414e-07, 1.15279597424e-07, 7.87579210737e-08, 7.91439980219e-09, 1.46426923919e-08, 3.44680017861e-08, 1.47133732753e-06, 1.59730632276e-06, 1.17333108562e-07, 1.51062920395e-06, 5.1758461268e-06, 8.72444445577e-07, 8.96562646346e-09, 2.48735059216e-08, 2.73444982213e-08, 1.50490180317e-08, 1.11656550672e-09, 2.61233795013e-11, 5.7917006694e-13],
        "max": [0.0022557862103, 0.0287293083966, 0.0210082121193, 0.0192505065352, 0.0373103320599, 0.0144501337782, 0.00931098125875, 0.00749552063644, 0.00404418818653, 0.00555195659399, 0.00501933693886, 0.000907767622266, 0.00115025858395, 0.00336510152556, 0.0170826911926, 0.00933152902871, 0.00439359946176, 0.0144550520927, 0.019902177155, 0.00954407919198, 0.00159443472512, 0.00342482002452, 0.00187794107478, 0.00218817638233, 0.000664013263304, 0.000257426785538, 1.66476329468e-05],
        "mean": [7.36721558496e-05, 0.00111711211503, 0.00223920773715, 0.000979414442554, 0.000947411637753, 0.00174133700784, 0.00117956381291, 0.000470364437206, 0.000307859911118, 0.000356067990651, 0.000269773649052, 9.13435287657e-05, 0.000114623100671, 0.000174643995706, 0.00092337228125, 0.00103019818198, 0.000220536298002, 0.00102021114435, 0.00135430681985, 0.000530310207978, 4.94443411299e-05, 4.48471837444e-05, 4.36698901467e-05, 3.52530187229e-05, 7.25614427211e-06, 1.82166377272e-06, 5.24413543701e-08],
        "median": [2.08444580494e-05, 0.000676166382618, 0.00120853004046, 0.000478135014419, 0.000548032519873, 0.00114077841863, 0.000802193884738, 0.000338516780175, 0.000226862350246, 0.000226210715482, 0.000166788042407, 5.40733890375e-05, 7.97584943939e-05, 0.000113022826554, 0.000383294274798, 0.00059180293465, 0.000115110895422, 0.000490085105412, 0.000659246463329, 0.000178298549145, 1.77268684638e-05, 9.39076380746e-06, 7.32797980163e-06, 4.42261489297e-06, 1.00681359072e-06, 1.38549182793e-07, 3.27437255088e-09],
        "min": [4.54894116641e-24, 3.10730038647e-23, 5.01996251874e-24, 1.44388430035e-23, 4.04175914016e-23, 9.89110595439e-23, 2.84942364982e-23, 3.74771092219e-23, 1.17170052989e-22, 1.22356441098e-22, 1.61799599955e-22, 2.10017113511e-22, 4.48242820141e-23, 7.2849468129e-23, 7.26992563908e-23, 1.4608354697e-22, 1.74612872001e-22, 2.85182633081e-22, 2.6948382144e-22, 2.3729206135e-22, 4.16599917915e-22, 4.44201593009e-22, 6.97032649092e-22, 1.05044526288e-21, 1.32867188458e-21, 1.76475489981e-21, 2.29267707638e-21],
        "var": [3.66054671019e-08, 2.99245016322e-06, 9.07305457076e-06, 2.05486685445e-06, 4.80704875372e-06, 3.42001294484e-06, 1.34567721943e-06, 2.47217286642e-07, 8.74134897799e-08, 1.94888059468e-07, 1.37826731361e-07, 1.0735681677e-08, 1.30587176628e-08, 5.4368960889e-08, 2.53811617767e-06, 1.53956193572e-06, 1.00049170726e-07, 2.07306470656e-06, 4.11588098359e-06, 1.05646438442e-06, 1.17373488706e-08, 2.98529698739e-08, 1.7612704184e-08, 1.94131768438e-08, 1.38838052166e-09, 2.09930434147e-10, 2.86129654041e-13]
    },
    "erbbands": {
        "dmean": [0.0236216038465, 0.244914874434, 1.48330819607, 2.70449638367, 1.97869992256, 2.44755005836, 2.15717601776, 8.06838798523, 8.16492271423, 7.42396450043, 4.75943470001, 2.83555173874, 4.4543094635, 6.5627989769, 3.23677444458, 1.78840374947, 2.62055897713, 3.93867468834, 6.5851893425, 31.6168861389, 33.5070724487, 7.5866150856, 25.4915981293, 33.7301940918, 45.8248405457, 10.9760074615, 2.11277866364, 1.15042042732, 1.42428970337, 1.38164305687, 1.23083007336, 0.937279164791, 0.33897832036, 0.101486451924, 0.0201404839754, 0.00638101156801, 0.00120566552505, 0.000217561202589, 7.94650259195e-06, 6.76519857734e-06],
        "dmean2": [0.0404060930014, 0.426322281361, 2.4097468853, 4.27369403839, 3.13480305672, 4.29003381729, 3.66803503036, 12.7094802856, 13.2988100052, 11.6608724594, 7.40292930603, 4.41521310806, 6.80949258804, 9.95215034485, 5.07631492615, 2.86313962936, 4.16920566559, 6.15522003174, 9.74965000153, 47.5563583374, 54.3448066711, 11.524805069, 37.2490348816, 51.4888191223, 72.0069351196, 16.7112312317, 3.28279733658, 1.8848156929, 2.39337134361, 2.35657835007, 2.09127211571, 1.57421171665, 0.551048517227, 0.163001194596, 0.0319669656456, 0.0093232896179, 0.00190696236677, 0.000388316402677, 1.2898712157e-05, 1.00866427601e-05],
        "dvar": [0.0041845147498, 0.187275588512, 3.50177645683, 19.9980220795, 22.5022373199, 91.7525558472, 19.7074699402, 117.29875946, 101.070999146, 99.478187561, 77.1324691772, 23.0730190277, 31.2885036469, 85.1808929443, 16.8976535797, 5.88859319687, 12.7046136856, 27.7064056396, 64.5041809082, 3314.25610352, 2679.79785156, 155.416854858, 1531.22460938, 2402.45507812, 7412.23144531, 297.38494873, 10.3827772141, 6.94002771378, 12.9402294159, 10.4951667786, 8.15539550781, 5.62043476105, 0.892216920853, 0.132962837815, 0.00477882055566, 0.00108850596007, 4.01863544539e-05, 2.13851785702e-06, 1.13686848824e-09, 5.97920393752e-11],
        "dvar2": [0.0113423177972, 0.536826848984, 8.26059246063, 44.5933837891, 50.6952590942, 268.078308105, 54.8154792786, 282.134124756, 269.828216553, 268.019104004, 184.583267212, 59.5614738464, 72.8782501221, 179.977249146, 39.3847236633, 14.6542005539, 31.6610641479, 62.0502967834, 133.39024353, 7633.21679688, 6997.73974609, 324.200897217, 3034.87646484, 5235.38671875, 17186.4238281, 669.289611816, 22.1627731323, 14.9362611771, 30.8667240143, 27.3289394379, 20.6598968506, 14.6831302643, 2.03853154182, 0.319874107838, 0.0114451432601, 0.00174096273258, 7.81996204751e-05, 5.99518216404e-06, 3.09193803893e-09, 1.33612301778e-10],
        "max": [0.81803381443, 6.25099897385, 17.1849822998, 47.9836044312, 83.1617126465, 154.781463623, 56.992351532, 169.658325195, 151.575683594, 115.613891602, 189.369750977, 88.6351470947, 78.6137008667, 204.472244263, 51.828918457, 45.1238555908, 50.290599823, 103.798164368, 123.319099426, 1158.86437988, 639.466430664, 241.480712891, 652.782409668, 708.103271484, 1121.12585449, 263.592071533, 62.6280097961, 81.9692306519, 111.462539673, 69.265045166, 44.5894699097, 51.9309387207, 33.1917266846, 10.3170318604, 2.52362847328, 1.67647969723, 0.376340210438, 0.0559003949165, 0.00140758883208, 0.000100286815723],
        "mean": [0.0249479990453, 0.297883719206, 1.99381697178, 3.63847661018, 3.13898491859, 3.02340936661, 3.67590093613, 18.3974456787, 19.2184925079, 15.7907276154, 9.54208183289, 6.14069986343, 9.43557071686, 14.6244449615, 6.65374135971, 3.9636952877, 5.54958820343, 7.85894870758, 14.0304994583, 65.0997848511, 63.6214027405, 15.9061584473, 46.8886032104, 61.4509353638, 71.1119995117, 19.7561435699, 3.78914570808, 1.53388500214, 1.65478372574, 1.34792733192, 1.21905136108, 0.949860811234, 0.438920080662, 0.132442966104, 0.0282886736095, 0.0109358830377, 0.00262361974455, 0.000356499716872, 1.83730298886e-05, 2.00713839149e-05],
        "median": [0.0120783243328, 0.199997112155, 1.2062407732, 1.73438417912, 1.85872900486, 1.56398785114, 2.48242235184, 11.666264534, 14.2908983231, 11.5828065872, 7.01251554489, 4.64219045639, 7.28701448441, 9.18684482574, 4.84678697586, 2.74796056747, 3.956189394, 5.52193498611, 9.5288143158, 27.4333209991, 34.5324058533, 10.0179977417, 23.4970035553, 34.8152885437, 29.6211242676, 9.2129945755, 1.83085358143, 0.51739948988, 0.377491265535, 0.248435512185, 0.209665223956, 0.126659929752, 0.0518529601395, 0.0183777306229, 0.00396307604387, 0.000921143626329, 0.000206021795748, 3.07512200379e-05, 9.70257588051e-06, 1.72262462002e-05],
        "min": [1.29605782516e-21, 5.53381608366e-21, 4.83227645133e-21, 2.86708135076e-20, 1.00774405901e-19, 1.27656845231e-19, 2.9927446261e-19, 1.05745094468e-18, 3.62866066001e-19, 1.08467035671e-18, 1.23117531353e-18, 2.49605203317e-18, 2.77487662648e-18, 7.21083532055e-18, 6.2674755366e-18, 6.2162039871e-18, 2.897970821e-18, 3.73568040878e-18, 2.61510689796e-18, 5.53739476102e-18, 8.45963816313e-18, 1.09399880335e-17, 1.2228850406e-17, 1.47582884827e-17, 1.44793317472e-17, 1.31656365856e-17, 1.55925017848e-17, 1.56782489814e-17, 1.50654702749e-17, 1.83167218705e-17, 2.04645691229e-17, 1.73934046728e-17, 1.95522848602e-17, 1.34834550934e-17, 1.03576553638e-17, 5.51388173852e-18, 3.49768317575e-18, 1.31120545139e-18, 3.33588680303e-19, 3.72791755137e-20],
        "var": [0.00299638416618, 0.150705724955, 5.58640193939, 27.5969600677, 29.4961872101, 64.0579147339, 20.989862442, 431.53793335, 340.442749023, 221.819900513, 113.235244751, 32.1934051514, 65.6546020508, 370.568786621, 38.8660240173, 18.6037864685, 27.5638065338, 66.4482727051, 210.688034058, 11986.4072266, 6633.75, 358.066955566, 4182.55664062, 5368.11474609, 12597.1357422, 792.394775391, 32.8070640564, 22.5468425751, 39.3449325562, 16.9680175781, 12.8768692017, 11.0670499802, 4.05513238907, 0.427175015211, 0.0219857729971, 0.00668905023485, 0.000475800625281, 9.74809245236e-06, 4.9569792715e-09, 1.40014805305e-10]
    },
    "gfcc": {
        "mean": [-37.249130249, 124.308547974, -159.676071167, 50.9398498535, -50.8677558899, -12.584151268, -38.3124465942, 14.5757379532, -12.8496656418, -10.0238647461, -1.15682423115, -13.4581155777, -5.94464921951],
        "cov": [[2712.66992188, -335.187255859, 344.55355835, 512.268310547, -137.96472168, 272.739959717, -207.973358154, 45.9841384888, 80.7783889771, -3.33523225784, -115.656044006, 46.0396575928, -49.2412948608], [-335.187255859, 589.571472168, -61.7448501587, -62.5519371033, 182.895736694, -87.8048782349, 36.7985458374, -34.4164619446, 112.466789246, -25.7760448456, 59.5074920654, -25.841375351, 53.0293197632], [344.55355835, -61.7448501587, 759.690124512, 305.895721436, -233.742980957, 293.171264648, -132.038619995, -43.3396148682, 108.107810974, 13.0795373917, -77.0609359741, 86.0797042847, -22.5551490784], [512.268310547, -62.5519371033, 305.895721436, 351.066741943, -12.7884302139, 138.766418457, -57.3003463745, 19.5969276428, 74.6207580566, -11.8945789337, -6.19919157028, 19.5443840027, 4.7050151825], [-137.96472168, 182.895736694, -233.742980957, -12.7884302139, 324.863250732, -103.790061951, 56.5611495972, 51.1619529724, 29.8593406677, -5.61487865448, 35.372718811, -28.3419761658, 16.2507839203], [272.739959717, -87.8048782349, 293.171264648, 138.766418457, -103.790061951, 249.635665894, -62.4938201904, -21.4996433258, 62.0822906494, -3.90080165863, -44.6489601135, 40.3899688721, -17.2460079193], [-207.973358154, 36.7985458374, -132.038619995, -57.3003463745, 56.5611495972, -62.4938201904, 123.159881592, 32.744052887, -47.5223426819, 10.1036348343, 33.5901870728, -25.1300010681, 1.63673126698], [45.9841384888, -34.4164619446, -43.3396148682, 19.5969276428, 51.1619529724, -21.4996433258, 32.744052887, 72.7189483643, -4.10105848312, 10.2353773117, 16.8433113098, -0.0616837255657, 0.47642621398], [80.7783889771, 112.466789246, 108.107810974, 74.6207580566, 29.8593406677, 62.0822906494, -47.5223426819, -4.10105848312, 138.433624268, 8.80876064301, -11.5339345932, 17.9039115906, 22.3345966339], [-3.33523225784, -25.7760448456, 13.0795373917, -11.8945789337, -5.61487865448, -3.90080165863, 10.1036348343, 10.2353773117, 8.80876064301, 63.6671676636, 5.00627183914, 2.09723210335, 7.28761386871], [-115.656044006, 59.5074920654, -77.0609359741, -6.19919157028, 35.372718811, -44.6489601135, 33.5901870728, 16.8433113098, -11.5339345932, 5.00627183914, 85.7667236328, 9.03468990326, 11.4492044449], [46.0396575928, -25.841375351, 86.0797042847, 19.5443840027, -28.3419761658, 40.3899688721, -25.1300010681, -0.0616837255657, 17.9039115906, 2.09723210335, 9.03468990326, 69.1649627686, 5.39796304703], [-49.2412948608, 53.0293197632, -22.5551490784, 4.7050151825, 16.2507839203, -17.2460079193, 1.63673126698, 0.47642621398, 22.3345966339, 7.28761386871, 11.4492044449, 5.39796304703, 58.6075172424]],
        "icov": [[0.000821983674541, -0.000667259271722, 0.00132289901376, -0.00208136043511, 0.000913103402127, -0.000545985647477, 0.00128844077699, -0.00108144397382, 0.000809902034234, -0.00121557549573, 0.00181138608605, -0.0011919970857, 0.00112797436304], [-0.000667259271722, 0.00606170296669, -0.00415047258139, 0.00490600103512, -0.00398048618808, 0.00233479659073, -0.00340147386305, 0.00493418890983, -0.00603497587144, 0.00533538125455, -0.00638706842437, 0.00478933332488, -0.00374786066823], [0.00132289901376, -0.00415047258139, 0.00855595804751, -0.00826355442405, 0.00533554796129, -0.00344252586365, 0.00320791848935, -0.00252231582999, 0.00298117380589, -0.00611983193085, 0.00786526780576, -0.00739074358717, 0.00503063714132], [-0.00208136043511, 0.00490600103512, -0.00826355442405, 0.0136228455231, -0.00571467913687, 0.000934393436182, -0.0028542035725, 0.00164888671134, -0.00523433694616, 0.00782751757652, -0.0102458186448, 0.00867906492203, -0.0063122198917], [0.000913103402127, -0.00398048618808, 0.00533554796129, -0.00571467913687, 0.00851728580892, -0.000459465401946, 0.00128855067305, -0.00522063672543, 0.000828055897728, -0.0032078968361, 0.00535698002204, -0.00401172181591, 0.00379684916697], [-0.000545985647477, 0.00233479659073, -0.00344252586365, 0.000934393436182, -0.000459465401946, 0.00954329129308, -0.00250522582792, 0.00289552658796, -0.00464741420001, 0.00291230133735, -0.000655855168588, -0.000256969593465, 0.000571616343223], [0.00128844077699, -0.00340147386305, 0.00320791848935, -0.0028542035725, 0.00128855067305, -0.00250522582792, 0.0169210806489, -0.00806717947125, 0.00749902427197, -0.0052557378076, 0.000904608867131, 0.000787139986642, 0.00166902912315], [-0.00108144397382, 0.00493418890983, -0.00252231582999, 0.00164888671134, -0.00522063672543, 0.00289552658796, -0.00806717947125, 0.0238214507699, -0.00491203879938, 0.00118785945233, -0.00548894936219, 0.00055834883824, -0.00139991205651], [0.000809902034234, -0.00603497587144, 0.00298117380589, -0.00523433694616, 0.000828055897728, -0.00464741420001, 0.00749902427197, -0.00491203879938, 0.0182035267353, -0.00736766122282, 0.0063180886209, -0.0044953590259, -0.000899319536984], [-0.00121557549573, 0.00533538125455, -0.00611983193085, 0.00782751757652, -0.0032078968361, 0.00291230133735, -0.0052557378076, 0.00118785945233, -0.00736766122282, 0.0231883767992, -0.00777504174039, 0.00597574654967, -0.00605606194586], [0.00181138608605, -0.00638706842437, 0.00786526780576, -0.0102458186448, 0.00535698002204, -0.000655855168588, 0.000904608867131, -0.00548894936219, 0.0063180886209, -0.00777504174039, 0.0250880476087, -0.0125969173387, 0.00430974457413], [-0.0011919970857, 0.00478933332488, -0.00739074358717, 0.00867906492203, -0.00401172181591, -0.000256969593465, 0.000787139986642, 0.00055834883824, -0.0044953590259, 0.00597574654967, -0.0125969173387, 0.0257384572178, -0.00680552469566], [0.00112797436304, -0.00374786066823, 0.00503063714132, -0.0063122198917, 0.00379684916697, 0.000571616343223, 0.00166902912315, -0.00139991205651, -0.000899319536984, -0.00605606194586, 0.00430974457413, -0.00680552469566, 0.0238051339984]]
    },
    "melbands": {
        "dmean": [0.000233236161876, 0.00061268400168, 0.000417647592258, 0.000152478736709, 8.05035379017e-05, 0.000174300992512, 0.000122404177091, 7.47999583837e-05, 3.60295161954e-05, 1.8291255401e-05, 2.28502285609e-05, 2.68959884124e-05, 1.52816919581e-05, 5.17785338161e-06, 6.00469866185e-06, 5.44861813978e-06, 8.16741157905e-06, 7.83500308899e-06, 3.60250305675e-05, 3.65617997886e-05, 4.04456150136e-05, 7.26761709302e-06, 9.58710734267e-06, 3.71673704649e-05, 2.64554328169e-05, 4.20048345404e-05, 2.08354613278e-05, 5.51226730749e-06, 1.50404309807e-06, 7.96164613348e-07, 6.63908167553e-07, 8.53059646033e-07, 7.73297301748e-07, 8.11444067494e-07, 7.1503967547e-07, 6.96749964391e-07, 5.25603354617e-07, 2.72436153637e-07, 1.33470877017e-07, 7.0706448696e-08],
        "dmean2": [0.000402537261834, 0.000997269409709, 0.000659220560919, 0.000251800054684, 0.000139767886139, 0.000276815815596, 0.000197919842321, 0.000118731542898, 5.55554870516e-05, 2.84350735456e-05, 3.49779402313e-05, 4.08262603742e-05, 2.39375513047e-05, 8.18254829937e-06, 9.58775035542e-06, 8.77917136677e-06, 1.26939703478e-05, 1.14966032925e-05, 5.36174957233e-05, 5.72348253627e-05, 6.59920333419e-05, 1.11047429527e-05, 1.47400824062e-05, 5.39921566087e-05, 4.1066276026e-05, 6.63961545797e-05, 3.20991784974e-05, 8.62426259118e-06, 2.34592926063e-06, 1.31347792376e-06, 1.10355972538e-06, 1.44388673107e-06, 1.30766693474e-06, 1.40487202316e-06, 1.22466178709e-06, 1.19741105209e-06, 8.80713116658e-07, 4.46195400627e-07, 2.06865948371e-07, 1.15424228397e-07],
        "dvar": [3.13362249926e-07, 5.98981500843e-07, 4.1650514504e-07, 2.96634397046e-07, 4.22464125904e-08, 5.33632018573e-08, 2.23322622617e-08, 9.77456870999e-09, 5.01993913105e-09, 8.04621702599e-10, 7.9377826534e-10, 1.44187206619e-09, 3.77680747787e-10, 4.59673618614e-11, 6.05789932107e-11, 4.73242348087e-11, 1.33622654608e-10, 1.29639202151e-10, 3.26855520427e-09, 2.97931279647e-09, 3.99152266795e-09, 1.3601597626e-10, 2.6444688106e-10, 4.04497280115e-09, 1.65554270293e-09, 6.83995393658e-09, 1.72186664926e-09, 8.5794829574e-11, 6.16668174858e-12, 2.842149259e-12, 3.19645135013e-12, 4.88319367581e-12, 4.4372582865e-12, 3.92048546405e-12, 2.77160174152e-12, 3.24904209439e-12, 1.89892871393e-12, 6.21652956976e-13, 1.94861786212e-13, 7.77150560701e-14],
        "dvar2": [8.65943945882e-07, 1.47274272422e-06, 9.15329792406e-07, 7.96814845216e-07, 1.22618402543e-07, 1.34380741201e-07, 6.00370171355e-08, 2.61742911789e-08, 1.19882379579e-08, 2.07532813157e-09, 1.8364560983e-09, 3.02450264833e-09, 8.59639359696e-10, 1.04421110647e-10, 1.56083229674e-10, 1.20612020371e-10, 2.8583319045e-10, 2.188731002e-10, 7.35387484241e-09, 7.19185644371e-09, 1.04864863459e-08, 2.98411351185e-10, 5.64756019727e-10, 7.8561335215e-09, 3.73654485131e-09, 1.54983794687e-08, 4.01208799516e-09, 2.02008770822e-10, 1.32473372549e-11, 6.68444206237e-12, 6.71882818479e-12, 1.15509893317e-11, 1.14315414773e-11, 1.05944298473e-11, 7.0551793574e-12, 8.62571906263e-12, 4.87677563263e-12, 1.48926021255e-12, 4.35206531186e-13, 1.89278090814e-13],
        "max": [0.00783902686089, 0.00686378823593, 0.00718177296221, 0.00852719508111, 0.0030243517831, 0.00342016969807, 0.00206742691807, 0.0011389774736, 0.00153943896294, 0.000524804578163, 0.000389643770177, 0.000905017775949, 0.000333205360221, 0.000104389844637, 9.30883616093e-05, 0.000112849775178, 0.000237364845816, 0.000284740963252, 0.00113965733908, 0.000932735099923, 0.000761181931011, 0.00019137232448, 0.000233836472034, 0.00112990557682, 0.000668296182994, 0.00112309469841, 0.00069143861765, 0.000149744650116, 3.57119024557e-05, 5.24349525222e-05, 5.50011536689e-05, 7.01263779774e-05, 5.62839704799e-05, 3.57034223271e-05, 2.30161022046e-05, 3.71820024156e-05, 3.20070903399e-05, 2.55233753705e-05, 1.58155598911e-05, 7.70413407736e-06],
        "mean": [0.000262236397248, 0.000853890203871, 0.000618378748186, 0.00021829623438, 0.000125126010971, 0.000395518407458, 0.000294453522656, 0.000157262387802, 7.07391372998e-05, 3.82765756513e-05, 4.73036743642e-05, 5.96821701038e-05, 2.91760061373e-05, 1.04263181129e-05, 1.11558874778e-05, 1.18142088468e-05, 1.5289264411e-05, 1.45471321957e-05, 7.19751405995e-05, 7.57460729801e-05, 7.21922697267e-05, 1.23007866932e-05, 1.67987582245e-05, 6.511551328e-05, 4.48386890639e-05, 6.28026100458e-05, 3.2946914871e-05, 8.66196114657e-06, 2.42552164309e-06, 1.08636186269e-06, 7.77889283654e-07, 9.92387526821e-07, 7.79429456088e-07, 7.49724449634e-07, 6.94220148034e-07, 6.86910482273e-07, 5.28023349489e-07, 3.37920567972e-07, 1.87955421893e-07, 8.59172857304e-08],
        "median": [0.000147492915858, 0.000549233751372, 0.000342185900081, 0.00011809708667, 8.05777744972e-05, 0.00025478733005, 0.000224734627409, 0.000115622082376, 5.02935436089e-05, 2.9626495234e-05, 3.58932011295e-05, 3.78873992304e-05, 1.98987982003e-05, 6.2087774495e-06, 7.82865936344e-06, 8.11699646874e-06, 1.00244260466e-05, 9.25588483369e-06, 3.20594408549e-05, 4.0739778342e-05, 3.59089572157e-05, 7.05207139617e-06, 8.64625326358e-06, 2.81701832137e-05, 2.34866511164e-05, 2.59008083958e-05, 1.10915088953e-05, 3.86534020436e-06, 1.01187504242e-06, 3.709341172e-07, 1.9293050002e-07, 2.22986372478e-07, 1.44157127124e-07, 1.31660030434e-07, 1.23889662973e-07, 9.65579829426e-08, 6.89105306151e-08, 3.8981450956e-08, 2.17751434661e-08, 1.18063132604e-08],
        "min": [1.04775527244e-23, 4.03666554418e-24, 7.1349266102e-24, 8.36826488158e-24, 9.25878076963e-24, 2.14293023607e-23, 5.80126219218e-24, 1.14992064827e-23, 1.33086593395e-23, 1.46063434172e-23, 1.37964357031e-23, 2.87110564957e-23, 2.04419845621e-23, 2.31360486831e-23, 9.36945637691e-24, 5.53340723283e-24, 7.08203427536e-24, 4.03102834415e-24, 4.92951803823e-24, 8.972656975e-24, 1.00723117219e-23, 1.04365777113e-23, 9.13993414109e-24, 1.61890634504e-23, 1.10461747089e-23, 1.08672034688e-23, 8.87240695344e-24, 8.19041461277e-24, 8.99911379204e-24, 1.02637745745e-23, 8.42543678682e-24, 8.43766570857e-24, 8.79499445509e-24, 1.07081225675e-23, 1.34889771653e-23, 1.00711536741e-23, 1.00572941769e-23, 1.28406778627e-23, 1.32730564692e-23, 1.15033953342e-23],
        "var": [2.28295917282e-07, 9.0099655381e-07, 6.13090548995e-07, 2.59710645878e-07, 3.58050122884e-08, 1.88099477327e-07, 7.49315134385e-08, 2.03170955615e-08, 7.33972571609e-09, 1.2139231842e-09, 1.72874092819e-09, 6.29901020233e-09, 9.94951676603e-10, 1.53837206862e-10, 1.12542787589e-10, 1.39807762589e-10, 3.23767179733e-10, 3.65354052567e-10, 1.29918884539e-08, 9.69399582829e-09, 9.396303291e-09, 2.54060023019e-10, 5.86692749938e-10, 1.11458318131e-08, 3.28037819131e-09, 1.22281020865e-08, 3.91301746561e-09, 1.70608721595e-10, 1.62713870155e-11, 8.98897969948e-12, 8.78994273201e-12, 1.53380953771e-11, 8.0248255957e-12, 5.25408969804e-12, 3.79409134318e-12, 5.72968191989e-12, 3.49278809e-12, 2.36419434377e-12, 9.76588276393e-13, 1.91813375621e-13]
    },
    "mfcc": {
        "mean": [-661.38848877, 136.608551025, -36.1842193604, 45.7423667908, 7.35229492188, -17.8834934235, -5.8156080246, 5.87138652802, -9.52469062805, 14.9227027893, -6.08264112473, -8.57838821411, 7.34334611893],
        "cov": [[1947.06933594, -575.364929199, 484.565979004, 151.923049927, 205.807220459, 186.521438599, -103.193244934, 100.603935242, 75.6142044067, 51.7287330627, -75.552947998, 106.596046448, -1.92200481892], [-575.364929199, 679.885070801, -381.363250732, 17.5398006439, 23.3669433594, -80.5216064453, 11.2587032318, -27.577911377, -2.0526061058, 34.8075866699, -16.5757160187, -0.0830680578947, 57.7079811096], [484.565979004, -381.363250732, 1106.80969238, 17.5178070068, 58.9986152649, 302.530609131, -193.913513184, 83.5882339478, 64.9677047729, -33.8256568909, -51.3148574829, 175.28137207, -46.5410003662], [151.923049927, 17.5398006439, 17.5178070068, 204.191238403, 94.9401550293, -4.34038352966, 27.7449035645, 29.212802887, 18.5281352997, 44.3313980103, -24.0861988068, 36.353477478, 38.782875061], [205.807220459, 23.3669433594, 58.9986152649, 94.9401550293, 204.622390747, 76.0061798096, -47.3027915955, 59.7924728394, 39.3518333435, 37.6602592468, -22.5820159912, 53.1331977844, 26.3245830536], [186.521438599, -80.5216064453, 302.530609131, -4.34038352966, 76.0061798096, 184.719589233, -70.7032318115, 41.9977378845, 42.5860290527, 10.1046524048, -22.9886131287, 65.3085632324, -10.3119277954], [-103.193244934, 11.2587032318, -193.913513184, 27.7449035645, -47.3027915955, -70.7032318115, 158.228912354, -1.85490107536, -33.8214035034, 3.54590654373, 33.5467224121, -46.3807945251, 8.28322505951], [100.603935242, -27.577911377, 83.5882339478, 29.212802887, 59.7924728394, 41.9977378845, -1.85490107536, 92.2677536011, 10.102812767, -2.59210944176, 0.453370571136, 31.4047813416, 4.98619842529], [75.6142044067, -2.0526061058, 64.9677047729, 18.5281352997, 39.3518333435, 42.5860290527, -33.8214035034, 10.102812767, 87.8531494141, 30.8316459656, -24.9644775391, 30.87591362, 9.28510189056], [51.7287330627, 34.8075866699, -33.8256568909, 44.3313980103, 37.6602592468, 10.1046524048, 3.54590654373, -2.59210944176, 30.8316459656, 76.9128723145, -4.50298166275, 5.37447690964, 16.3873977661], [-75.552947998, -16.5757160187, -51.3148574829, -24.0861988068, -22.5820159912, -22.9886131287, 33.5467224121, 0.453370571136, -24.9644775391, -4.50298166275, 75.6131668091, -14.753528595, -19.8626670837], [106.596046448, -0.0830680578947, 175.28137207, 36.353477478, 53.1331977844, 65.3085632324, -46.3807945251, 31.4047813416, 30.87591362, 5.37447690964, -14.753528595, 98.7573165894, 23.5101966858], [-1.92200481892, 57.7079811096, -46.5410003662, 38.782875061, 26.3245830536, -10.3119277954, 8.28322505951, 4.98619842529, 9.28510189056, 16.3873977661, -19.8626670837, 23.5101966858, 73.9917221069]],
