{
"lowlevel": {
    "average_loudness": 0.821646034718,
    "barkbands_crest": {
        "dmean": 2.86009526253,
        "dmean2": 4.61147594452,
        "dvar": 6.36891937256,
        "dvar2": 15.1279058456,
        "max": 24.5703964233,
        "mean": 9.71196174622,
        "median": 9.00407028198,
        "min": 2.9541118145,
        "var": 14.8083076477
    },
    "barkbands_flatness_db": {
        "dmean": 0.0224254652858,
        "dmean2": 0.0364516340196,
        "dvar": 0.000372089038137,
        "dvar2": 0.000929293571971,
        "max": 0.444272011518,
        "mean": 0.335241138935,
        "median": 0.33420959115,
        "min": 0.0683245360851,
        "var": 0.000991583568975
    },
    "barkbands_kurtosis": {
        "dmean": 1.53617548943,
        "dmean2": 2.41934514046,
        "dvar": 5.06433582306,
        "dvar2": 12.5285377502,
        "max": 34.0666427612,
        "mean": 0.95796662569,
        "median": 0.119912147522,
        "min": -1.87061297894,
        "var": 7.62162542343
    },
    "barkbands_skewness": {
        "dmean": 0.54188221693,
        "dmean2": 0.8303129673,
        "dvar": 0.246694594622,
        "dvar2": 0.555606842041,
        "max": 4.46814680099,
        "mean": 0.249988168478,
        "median": 0.160601317883,
        "min": -2.9095954895,
        "var": 0.916391611099
    },
    "barkbands_spread": {
        "dmean": 3.30654072762,
        "dmean2": 5.11615037918,
        "dvar": 9.31832695007,
        "dvar2": 20.6017971039,
        "max": 31.7365341187,
        "mean": 11.6146717072,
        "median": 10.8858795166,
        "min": 0.846426844597,
        "var": 32.2403564453
    },
    "dissonance": {
        "dmean": 0.0378201603889,
        "dmean2": 0.0633409544826,
        "dvar": 0.00120891584083,
        "dvar2": 0.00318795023486,
        "max": 0.499764561653,
        "mean": 0.436432391405,
        "median": 0.447347730398,
        "min": 0.13671913743,
        "var": 0.00225396081805
    },
    "dynamic_complexity": 3.83419036865,
    "erbbands_crest": {
        "dmean": 3.65876698494,
        "dmean2": 5.92824268341,
        "dvar": 9.90724849701,
        "dvar2": 24.1789741516,
        "max": 31.9159126282,
        "mean": 11.9402170181,
        "median": 11.1996078491,
        "min": 2.89784693718,
        "var": 24.9518280029
    },
    "erbbands_flatness_db": {
        "dmean": 0.0190503038466,
        "dmean2": 0.0287709217519,
        "dvar": 0.000307712209178,
        "dvar2": 0.000610748247709,
        "max": 0.516830503941,
        "mean": 0.398106455803,
        "median": 0.397736430168,
        "min": 0.088502407074,
        "var": 0.00144876155537
    },
    "erbbands_kurtosis": {
        "dmean": 1.2282679081,
        "dmean2": 1.9815145731,
        "dvar": 2.31086373329,
        "dvar2": 5.69063186646,
        "max": 23.5934715271,
        "mean": 1.00524485111,
        "median": 0.217700958252,
        "min": -1.81453466415,
        "var": 5.74521446228
    },
    "erbbands_skewness": {
        "dmean": 0.484598636627,
        "dmean2": 0.739573180676,
        "dvar": 0.178148373961,
        "dvar2": 0.41644641757,
        "max": 3.59988594055,
        "mean": -0.217587441206,
        "median": -0.263938188553,
        "min": -3.45759296417,
        "var": 0.587151825428
    },
    "erbbands_spread": {
        "dmean": 4.09702205658,
        "dmean2": 6.39000606537,
        "dvar": 18.3455314636,
        "dvar2": 43.4794845581,
        "max": 55.4404335022,
        "mean": 14.8093357086,
        "median": 13.4203472137,
        "min": 1.11351501942,
        "var": 72.6217727661
    },
    "hfc": {
        "dmean": 6.02798080444,
        "dmean2": 8.52092075348,
        "dvar": 56.7202148438,
        "dvar2": 103.903457642,
        "max": 97.156036377,
        "mean": 18.7246246338,
        "median": 13.2252845764,
        "min": 1.13317867629e-16,
        "var": 322.151031494
    },
    "melbands_crest": {
        "dmean": 3.66006588936,
        "dmean2": 5.88069438934,
        "dvar": 10.316072464,
        "dvar2": 24.7530651093,
        "max": 31.9034442902,
        "mean": 12.4660730362,
        "median": 11.5696544647,
        "min": 2.24267864227,
        "var": 23.8672943115
    },
    "melbands_flatness_db": {
        "dmean": 0.0243528336287,
        "dmean2": 0.0391779057682,
        "dvar": 0.000538861844689,
        "dvar2": 0.00125022523571,
        "max": 0.559128403664,
        "mean": 0.438148707151,
        "median": 0.437035679817,
        "min": 0.00556409033015,
        "var": 0.00139472843148
    },
    "melbands_kurtosis": {
        "dmean": 2.26333546638,
        "dmean2": 3.59055447578,
        "dvar": 12.9607582092,
        "dvar2": 31.5331268311,
        "max": 48.1385536194,
        "mean": 1.90774524212,
        "median": 0.473036766052,
        "min": -1.84713828564,
        "var": 18.6187934875
    },
    "melbands_skewness": {
        "dmean": 0.582134604454,
        "dmean2": 0.890270888805,
        "dvar": 0.335029751062,
        "dvar2": 0.753988742828,
        "max": 6.43237829208,
        "mean": 0.701656520367,
        "median": 0.556733369827,
        "min": -2.80987405777,
        "var": 1.29498195648
    },
    "melbands_spread": {
        "dmean": 5.9860663414,
        "dmean2": 9.08910369873,
        "dvar": 33.3748588562,
        "dvar2": 69.8470230103,
        "max": 147.159454346,
        "mean": 19.9440975189,
        "median": 19.0312957764,
        "min": 1.52986228466,
        "var": 105.710273743
    },
    "pitch_salience": {
        "dmean": 0.0754231289029,
        "dmean2": 0.123985931277,
        "dvar": 0.00410502590239,
        "dvar2": 0.0105559974909,
        "max": 0.943647742271,
        "mean": 0.595319032669,
        "median": 0.602357029915,
        "min": 0.160434097052,
        "var": 0.00997667759657
    },
    "silence_rate_20dB": {
        "dmean": 0,
        "dmean2": 0,
        "dvar": 0,
        "dvar2": 0,
        "max": 1,
        "mean": 1,
        "median": 1,
        "min": 1,
        "var": 0
    },
    "silence_rate_30dB": {
        "dmean": 0,
        "dmean2": 0,
        "dvar": 0,
        "dvar2": 0,
        "max": 1,
        "mean": 1,
        "median": 1,
        "min": 1,
        "var": 0
    },
    "silence_rate_60dB": {
        "dmean": 0.0814853012562,
        "dmean2": 0.162538692355,
        "dvar": 0.0748441591859,
        "dvar2": 0.16604937613,
        "max": 1,
        "mean": 0.104123711586,
        "median": 0,
        "min": 0,
        "var": 0.093284919858
    },
    "spectral_centroid": {
        "dmean": 174.327636719,
        "dmean2": 262.549316406,
        "dvar": 74907.4375,
        "dvar2": 150319.546875,
        "max": 10881.9150391,
        "mean": 1005.25317383,
        "median": 980.261230469,
        "min": 264.304321289,
        "var": 202875.125
    },
    "spectral_complexity": {
        "dmean": 3.04383707047,
        "dmean2": 4.63622283936,
        "dvar": 7.45712041855,
        "dvar2": 16.3924179077,
        "max": 34,
        "mean": 15.4499998093,
        "median": 15,
        "min": 0,
        "var": 33.4309005737
    },
    "spectral_decrease": {
        "dmean": 1.8006590663e-09,
        "dmean2": 2.66821009731e-09,
        "dvar": 4.40340789619e-18,
        "dvar2": 8.7558465774e-18,
        "max": 1.58489680226e-29,
        "mean": -5.17327958249e-09,
        "median": -4.09973921478e-09,
        "min": -2.2354251783e-08,
        "var": 1.92203951831e-17
    },
    "spectral_energy": {
        "dmean": 0.00728760613129,
        "dmean2": 0.0107686407864,
        "dvar": 7.13573099347e-05,
        "dvar2": 0.000140284319059,
        "max": 0.0873762071133,
        "mean": 0.0212235338986,
        "median": 0.0169833563268,
        "min": 1.06463589364e-20,
        "var": 0.000325077679008
    },
    "spectral_energyband_high": {
        "dmean": 2.36848869406e-08,
        "dmean2": 3.58053924288e-08,
        "dvar": 8.48277820989e-16,
        "dvar2": 1.94356283725e-15,
        "max": 4.61591668e-07,
        "mean": 6.14860198311e-08,
        "median": 4.54492266044e-08,
        "min": 7.32910618614e-21,
        "var": 3.19350500532e-15
    },
    "spectral_energyband_low": {
        "dmean": 0.00101351563353,
        "dmean2": 0.00160757103004,
        "dvar": 4.42244891019e-06,
        "dvar2": 1.01560044641e-05,
        "max": 0.0343905314803,
        "mean": 0.00149371509906,
        "median": 0.000757808214985,
        "min": 5.39345904839e-23,
        "var": 6.68767734169e-06
    },
    "spectral_energyband_middle_high": {
        "dmean": 0.0037978196051,
        "dmean2": 0.00550649873912,
        "dvar": 2.76127320831e-05,
        "dvar2": 5.30979050382e-05,
        "max": 0.0765351504087,
        "mean": 0.0111884372309,
        "median": 0.00608034711331,
        "min": 1.54352821168e-21,
        "var": 0.000170967919985
    },
    "spectral_energyband_middle_low": {
        "dmean": 0.00500733638182,
        "dmean2": 0.00777554605156,
        "dvar": 5.14826533617e-05,
        "dvar2": 0.000106260267785,
        "max": 0.0713419318199,
        "mean": 0.00949301291257,
        "median": 0.00520895095542,
        "min": 2.46911342876e-22,
        "var": 0.000120289914776
    },
    "spectral_entropy": {
        "dmean": 0.159828975797,
        "dmean2": 0.243966028094,
        "dvar": 0.0232625678182,
        "dvar2": 0.0492174364626,
        "max": 9.79992961884,
        "mean": 6.35396957397,
        "median": 6.37458753586,
        "min": 5.30757427216,
        "var": 0.0730866864324
    },
    "spectral_flux": {
        "dmean": 0.0290821176022,
        "dmean2": 0.0460052601993,
        "dvar": 0.000804909679573,
        "dvar2": 0.00192305492237,
        "max": 0.279741585255,
        "mean": 0.0903468728065,
        "median": 0.084964632988,
        "min": 6.79710662754e-11,
        "var": 0.00258512049913
    },
    "spectral_kurtosis": {
        "dmean": 32.9348106384,
        "dmean2": 57.8277168274,
        "dvar": 619.231201172,
        "dvar2": 1803.48913574,
        "max": 212.556915283,
        "mean": 64.8834915161,
        "median": 65.6773529053,
        "min": -1.18683362007,
        "var": 1132.22436523
    },
    "spectral_rms": {
        "dmean": 0.000802548311185,
        "dmean2": 0.00115310656838,
        "dvar": 6.8748505555e-07,
        "dvar2": 1.27653697746e-06,
        "max": 0.00923282653093,
        "mean": 0.00409672083333,
        "median": 0.00407051481307,
        "min": 3.22283909629e-12,
        "var": 3.92275887862e-06
    },
    "spectral_rolloff": {
        "dmean": 254.132995605,
        "dmean2": 417.143676758,
        "dvar": 234846.703125,
        "dvar2": 476685.5,
        "max": 18776.953125,
        "mean": 1341.37561035,
        "median": 1313.52539062,
        "min": 193.798828125,
        "var": 508811.40625
    },
    "spectral_skewness": {
        "dmean": 2.03250741959,
        "dmean2": 3.57693195343,
        "dvar": 2.08948326111,
        "dvar2": 6.30911445618,
        "max": 11.3169336319,
        "mean": 4.24590587616,
        "median": 4.2126083374,
        "min": -0.0800422057509,
        "var": 3.94452738762
    },
    "spectral_spread": {
        "dmean": 222380.40625,
        "dmean2": 391872.9375,
        "dvar": 798158422016,
        "dvar2": 1.52290708685e+12,
        "max": 40371440,
        "mean": 895457.9375,
        "median": 820675.625,
        "min": 411271.625,
        "var": 1.73055777178e+12
    },
    "spectral_strongpeak": {
        "dmean": 0.895673811436,
        "dmean2": 1.41802823544,
        "dvar": 1.23062896729,
        "dvar2": 2.85935306549,
        "max": 11.6371021271,
        "mean": 1.80282557011,
        "median": 1.13738703728,
        "min": 3.90811072393e-09,
        "var": 3.34119153023
    },
    "zerocrossingrate": {
        "dmean": 0.00551992002875,
        "dmean2": 0.00655148457736,
        "dvar": 0.000137480761623,
        "dvar2": 0.000268375879386,
        "max": 0.50439453125,
        "mean": 0.0444693341851,
        "median": 0.0439453125,
        "min": 0.00830078125,
        "var": 0.000361033482477
    },
    "barkbands": {
        "dmean": [1.22514920804e-05, 0.000295831589028, 0.000422483804869, 0.00112171261571, 0.00109125243034, 0.000748957972974, 0.000601118837949, 0.00130768807139, 0.00183972739615, 0.00151701027062, 0.00138798542321, 0.0010618485976, 0.00125393725466, 0.000729001476429, 0.000416278082412, 0.000267778261332, 0.000413665489759, 6.09015405644e-05, 1.57661457223e-08, 5.83858117409e-09, 1.09601980824e-08, 9.03805652541e-09, 4.24571489077e-09, 1.24299681659e-09, 1.87660131878e-09, 1.56469048829e-09, 9.8480290589e-10],
        "dmean2": [2.13720595639e-05, 0.000496494292747, 0.000716457318049, 0.00183365866542, 0.00179195601959, 0.0012068990618, 0.000951015448663, 0.00208931067027, 0.00274883420207, 0.00238984869793, 0.00212540570647, 0.00170343392529, 0.00190709205344, 0.00113433320075, 0.000682267767843, 0.000422087410698, 0.0006463068421, 0.000106045910798, 2.57371208789e-08, 9.32048749291e-09, 1.76540932983e-08, 1.39335787352e-08, 6.7100369705e-09, 2.15391304792e-09, 2.98059199544e-09, 2.59549781667e-09, 1.82102632973e-09],
        "dvar": [2.16974646583e-10, 4.51434118531e-07, 7.62297759138e-07, 7.60189732318e-06, 4.76066452393e-06, 3.66286690223e-06, 2.70247255685e-06, 1.32765562739e-05, 1.88781705219e-05, 1.26347713376e-05, 1.13780715765e-05, 4.37169865108e-06, 6.51326536172e-06, 4.84238717036e-06, 2.09225163417e-06, 6.38679125586e-07, 8.34568311348e-07, 7.08338276922e-08, 1.36852191024e-15, 1.66871790417e-16, 2.75765128506e-16, 1.64791490733e-16, 3.69709069612e-17, 5.452243548e-18, 6.6109821383e-18, 5.46964825527e-18, 4.77395048262e-18],
        "dvar2": [6.23952223222e-10, 1.18549189665e-06, 2.06832783078e-06, 1.62873329828e-05, 1.18856842164e-05, 8.44491751195e-06, 6.22032848696e-06, 3.08515845973e-05, 3.77881078748e-05, 2.67199520749e-05, 2.19488010771e-05, 1.09361562863e-05, 1.32046161525e-05, 1.06395118564e-05, 5.50973891222e-06, 1.51784718128e-06, 1.83038343948e-06, 2.00522364935e-07, 3.47883991206e-15, 3.95362104312e-16, 7.01002614263e-16, 3.62907057556e-16, 8.91278176475e-17, 1.54106064224e-17, 1.71884226996e-17, 1.48037106244e-17, 1.38866601471e-17],
        "max": [0.000167878752109, 0.00391285726801, 0.0111426152289, 0.0576879829168, 0.0210988018662, 0.0371027551591, 0.0323839746416, 0.0485025011003, 0.0587419643998, 0.0527963787317, 0.057034432888, 0.0306316874921, 0.0396495498717, 0.0428036674857, 0.0296215843409, 0.018814869225, 0.015266620554, 0.00709051033482, 7.56578231176e-07, 1.83377821372e-07, 2.12448725279e-07, 1.28131034671e-07, 7.32801126446e-08, 5.57772779075e-08, 5.3465324612e-08, 5.19344673933e-08, 5.52269057152e-08],
        "mean": [1.40366983032e-05, 0.000299721577903, 0.00051815394545, 0.0014440077357, 0.00137183873449, 0.000814329483546, 0.000736181100365, 0.00173998111859, 0.00281164445914, 0.00276071252301, 0.00238571595401, 0.00160434050485, 0.00202051969245, 0.000957568816375, 0.000597602862399, 0.000407019804697, 0.000685152946971, 5.49481301277e-05, 2.02977084029e-08, 9.47832923259e-09, 2.32514132392e-08, 1.55291299819e-08, 9.02831587268e-09, 1.90149185286e-09, 3.70379771297e-09, 2.45066589244e-09, 7.99424748621e-10],
        "median": [7.95499909145e-06, 0.000114775117254, 0.000228392105782, 0.000457276822999, 0.000647492124699, 0.000247851479799, 0.00027311721351, 0.000260009779595, 0.000353261537384, 0.000567672075704, 0.000269097508863, 0.000448341248557, 0.000618210411631, 0.000163940072525, 0.000179032125743, 0.000160323907039, 0.000235191546381, 1.30983389681e-05, 7.16372872134e-09, 4.17687129328e-09, 1.08058895165e-08, 9.16435016762e-09, 5.28645216491e-09, 1.10263154163e-09, 2.50595078022e-09, 1.4623751099e-09, 2.49904152927e-10],
        "min": [1.47930431277e-23, 3.26625270343e-23, 6.9331872666e-24, 7.64960234173e-24, 4.20874521658e-23, 6.1768471522e-23, 4.51216447101e-23, 2.65868150056e-23, 5.0130226727e-23, 1.38664281757e-23, 1.34834112783e-22, 4.24927247226e-23, 8.90673565568e-23, 1.1089987097e-22, 1.40146138035e-22, 1.13695303717e-22, 1.97367634232e-22, 2.35597487152e-22, 1.9142405325e-22, 2.09889381153e-22, 5.05884053449e-22, 4.3794720083e-22, 4.93880897376e-22, 8.92464772072e-22, 1.15816089996e-21, 1.37264836832e-21, 2.40849528683e-21],
        "var": [2.83757989328e-10, 3.51028774048e-07, 8.36597621401e-07, 1.34642150442e-05, 4.8904362302e-06, 3.81003110306e-06, 3.34608262165e-06, 2.17829474423e-05, 4.32254928455e-05, 3.74195769837e-05, 2.8056652809e-05, 7.60742204875e-06, 1.46609218064e-05, 7.15947317076e-06, 2.75212187262e-06, 9.2296255616e-07, 1.8132589048e-06, 4.74363872627e-08, 1.83186566129e-15, 2.83319365376e-16, 9.19125933098e-16, 3.11877848816e-16, 1.08125654924e-16, 6.53220228394e-18, 1.61023957667e-17, 8.9437423079e-18, 3.62464712797e-18]
    },
    "erbbands": {
        "dmean": [0.00510791549459, 0.0793348103762, 0.367747575045, 2.21504831314, 4.65260744095, 2.89457011223, 4.75225496292, 6.14943218231, 6.2900390625, 14.6771659851, 33.7025909424, 44.9071083069, 35.5442962646, 53.9826126099, 47.0460395813, 38.353679657, 57.9388999939, 36.1157875061, 26.6267547607, 14.4837169647, 13.161444664, 24.0914783478, 5.196621418, 0.154248788953, 0.00910168234259, 0.00127706897911, 0.000568670860957, 0.000527885567863, 0.000310546543915, 0.000198889509193, 0.000114379996376, 3.78864751838e-05, 2.26984811889e-05, 1.90677856153e-05, 2.26100110012e-05, 1.30854123199e-05, 3.86944657293e-06, 1.19036940305e-06, 3.7575262013e-06, 8.48854870128e-06],
        "dmean2": [0.00860545504838, 0.131919980049, 0.606718480587, 3.65035653114, 7.55636453629, 4.84456634521, 7.99609994888, 9.8401556015, 9.72688102722, 23.0257396698, 51.6207847595, 66.3936538696, 53.4769134521, 78.9206390381, 71.8753814697, 59.483089447, 88.91355896, 53.0013427734, 41.518409729, 23.0778560638, 19.9715232849, 37.476108551, 8.28411388397, 0.243552133441, 0.0141789028421, 0.00192093360238, 0.000859289371874, 0.000819950073492, 0.000473243446322, 0.000299059902318, 0.000177577137947, 5.97190846747e-05, 3.64352417819e-05, 2.9418441045e-05, 3.37921264872e-05, 1.96843993763e-05, 5.70196198169e-06, 1.76728428869e-06, 5.47330910194e-06, 1.24894204419e-05],
        "dvar": [0.000138809758937, 0.0306087080389, 0.529747486115, 28.0797367096, 98.9289627075, 27.9636363983, 111.875404358, 276.43081665, 298.667297363, 1826.35803223, 7601.15625, 11966.4550781, 8228.95898438, 14797.8544922, 10369.5537109, 6442.32421875, 16467.5273438, 8186.72705078, 8884.07128906, 2983.37207031, 935.063232422, 3469.15600586, 191.673156738, 0.160026073456, 0.000462624710053, 7.65750883147e-06, 8.75030821135e-07, 6.37488426491e-07, 1.91509258229e-07, 7.34615994702e-08, 2.79916623214e-08, 3.87871068597e-09, 1.41469524984e-09, 8.39217251247e-10, 7.55443874123e-10, 2.55543392003e-10, 2.51760921138e-11, 2.97831637824e-12, 1.87484385655e-11, 9.58882695468e-11],
        "dvar2": [0.000367022992577, 0.0792277008295, 1.38643741608, 63.998550415, 232.498306274, 74.0883026123, 281.203186035, 620.499633789, 584.620300293, 3950.61181641, 16637.6171875, 24300.9765625, 17311.75, 30663.265625, 23379.5742188, 15965.0986328, 34936.765625, 17321.1074219, 19497.7070312, 7299.46484375, 2094.94311523, 7950.92041016, 458.461120605, 0.373501360416, 0.00103330181446, 1.62308042491e-05, 1.8681309939e-06, 1.63037634593e-06, 4.3348288159e-07, 1.53672914394e-07, 6.65017623191e-08, 9.88773862787e-09, 3.68546593243e-09, 2.08380024347e-09, 1.71042902064e-09, 5.69662983452e-10, 5.68236395437e-11, 6.80126484645e-12, 3.53330142921e-11, 1.85886236959e-10],
        "max": [0.0782064273953, 1.0531591177, 7.50233793259, 100.876876831, 125.732620239, 54.2151374817, 154.19833374, 309.93057251, 570.434204102, 865.920898438, 1196.28540039, 1472.26220703, 1726.19335938, 2161.97119141, 2744.65258789, 1568.36621094, 2145.92626953, 1288.00524902, 2672.7722168, 1299.9173584, 681.205505371, 1051.74182129, 357.255157471, 10.4502897263, 0.50406229496, 0.0553396418691, 0.0137401614338, 0.0102495336905, 0.00453866785392, 0.00390659505501, 0.00263257860206, 0.00123804237228, 0.000898972793948, 0.000606167013757, 0.000384938291973, 0.000211306512938, 9.89974942058e-05, 3.48254725395e-05, 4.7908131819e-05, 0.000104636681499],
        "mean": [0.00523941963911, 0.0840313956141, 0.487836152315, 2.94901108742, 5.49302959442, 3.79084134102, 5.44730329514, 6.69501304626, 8.65188026428, 19.5612545013, 48.6589851379, 69.6195068359, 61.2631149292, 102.932846069, 94.5914154053, 66.9261779785, 96.5875091553, 56.6540908813, 40.8222808838, 24.3975200653, 23.0157814026, 37.7353744507, 7.99689245224, 0.253689855337, 0.0162010621279, 0.00258923904039, 0.0012447105255, 0.00122336705681, 0.000615874305367, 0.000422265555244, 0.000274086778518, 8.55514299474e-05, 5.1415485359e-05, 4.51876876468e-05, 5.47172821825e-05, 3.11931362376e-05, 1.09594793685e-05, 3.30390935233e-06, 1.13889755085e-05, 2.50948032772e-05],
        "median": [0.00191082316451, 0.0357750877738, 0.27192980051, 1.20080494881, 2.09731769562, 1.94052815437, 2.02085804939, 2.10318660736, 3.84557104111, 4.47556018829, 9.64145469666, 10.5227413177, 15.383523941, 27.2499465942, 17.9529571533, 24.8089981079, 33.5945510864, 12.5783252716, 10.0017242432, 9.75647354126, 9.82193183899, 12.3579292297, 2.64168930054, 0.087132871151, 0.00604959577322, 0.0010975736659, 0.000616277335212, 0.000734862231184, 0.000449525658041, 0.000308786227833, 0.000171245294041, 5.42686175322e-05, 3.51311318809e-05, 2.99895873468e-05, 4.05044957006e-05, 2.36232917814e-05, 8.2528558778e-06, 2.30687101066e-06, 9.05652632355e-06, 1.98856450879e-05],
        "min": [9.49626365328e-22, 6.51521620115e-21, 1.01506863024e-20, 2.26927259064e-20, 1.14951738763e-19, 1.19219680531e-19, 4.61885349738e-19, 3.63592744169e-19, 3.21563619697e-19, 6.88884389338e-19, 6.70788572667e-19, 1.01951478743e-18, 1.1555172388e-18, 2.41332011664e-18, 4.4313322729e-18, 2.04555375514e-18, 4.31216946104e-18, 5.4994404058e-18, 4.3832523998e-18, 9.3296286811e-18, 6.86500516851e-18, 1.29432954e-17, 1.35746625093e-17, 8.64994098921e-18, 9.71652090593e-18, 1.02122783712e-17, 1.91452540962e-17, 1.89982723732e-17, 1.38141023453e-17, 1.37966992924e-17, 1.51572790511e-17, 1.58335389065e-17, 1.59915088969e-17, 1.24507821372e-17, 8.37799957257e-18, 4.90974624224e-18, 2.5280715743e-18, 1.20842784669e-18, 3.00355716917e-19, 3.49510013627e-20],
        "var": [0.000110269473225, 0.0245687812567, 0.558513343334, 46.504650116, 117.774833679, 27.9906349182, 118.015907288, 285.198760986, 511.268066406, 2726.60131836, 15003.4882812, 26453.9511719, 19334.265625, 50996.3945312, 32656.4941406, 11067.1894531, 32709.7207031, 16437.5078125, 13967.1474609, 4457.96142578, 1642.84802246, 6512.36865234, 291.979797363, 0.262448519468, 0.00091328000417, 1.81830000656e-05, 2.47388902608e-06, 2.09805011764e-06, 3.44605098235e-07, 1.66132238633e-07, 9.80573702236e-08, 8.36954150429e-09, 3.00556224353e-09, 2.21428098079e-09, 3.00498159689e-09, 8.72848904265e-10, 9.69076000001e-11, 1.03964389181e-11, 9.47543710161e-11, 4.57553189781e-10]
    },
    "gfcc": {
        "mean": [-175.489974976, 244.22366333, -167.167816162, -67.4402618408, 13.8077373505, -9.23118495941, -39.52551651, -8.18361854553, 1.412940979, -31.8757858276, -17.8322620392, 2.75557565689, -9.40699672699],
        "cov": [[4064.30883789, -214.967300415, -577.059692383, -339.413635254, -79.982131958, 47.0700340271, 124.303146362, 139.227508545, -172.588943481, -153.82144165, -41.1960525513, -85.9213027954, -82.6498641968], [-214.967300415, 480.386291504, 340.597625732, 166.40675354, 54.5820274353, -4.48040676117, -67.5272216797, -120.762718201, 27.3201026917, -13.1064586639, -52.4046020508, 17.2093734741, -36.8420028687], [-577.059692383, 340.597625732, 570.584411621, 176.211700439, -21.8131847382, 65.427230835, -24.3338127136, -135.05480957, 9.49655246735, -16.586643219, -87.2513961792, 31.9978561401, -37.8365058899], [-339.413635254, 166.40675354, 176.211700439, 288.632537842, 174.75112915, -43.9055404663, -77.1551361084, -9.75752353668, 29.0252170563, -0.480045437813, -6.39340543747, -19.1084785461, -13.2187805176], [-79.982131958, 54.5820274353, -21.8131847382, 174.75112915, 217.396774292, 46.0761833191, -9.49013996124, 12.5499830246, 11.2997045517, 11.509970665, 23.550453186, -27.9849510193, 8.4442615509], [47.0700340271, -4.48040676117, 65.427230835, -43.9055404663, 46.0761833191, 216.227737427, 136.202194214, -12.1689062119, -41.9203453064, -13.3138256073, -9.28445243835, 11.9636135101, 5.05143213272], [124.303146362, -67.5272216797, -24.3338127136, -77.1551361084, -9.49013996124, 136.202194214, 188.37487793, 83.847076416, -35.1897163391, -42.0672531128, -4.18490695953, 14.5256757736, -9.06715774536], [139.227508545, -120.762718201, -135.05480957, -9.75752353668, 12.5499830246, -12.1689062119, 83.847076416, 154.495132446, 37.6635169983, -8.37411785126, 7.40773487091, -19.547952652, -3.03725719452], [-172.588943481, 27.3201026917, 9.49655246735, 29.0252170563, 11.2997045517, -41.9203453064, -35.1897163391, 37.6635169983, 105.802154541, 65.5359954834, -0.319440811872, -23.1913299561, 4.16337394714], [-153.82144165, -13.1064586639, -16.586643219, -0.480045437813, 11.509970665, -13.3138256073, -42.0672531128, -8.37411785126, 65.5359954834, 87.736907959, 38.0992622375, -8.44357872009, 8.66432666779], [-41.1960525513, -52.4046020508, -87.2513961792, -6.39340543747, 23.550453186, -9.28445243835, -4.18490695953, 7.40773487091, -0.319440811872, 38.0992622375, 78.0365066528, 28.0220603943, 8.9102230072], [-85.9213027954, 17.2093734741, 31.9978561401, -19.1084785461, -27.9849510193, 11.9636135101, 14.5256757736, -19.547952652, -23.1913299561, -8.44357872009, 28.0220603943, 66.8801422119, 27.6907558441], [-82.6498641968, -36.8420028687, -37.8365058899, -13.2187805176, 8.4442615509, 5.05143213272, -9.06715774536, -3.03725719452, 4.16337394714, 8.66432666779, 8.9102230072, 27.6907558441, 61.1149597168]],
        "icov": [[0.000424019410275, -0.000466104160296, 0.000348062254488, 0.000816887186375, -0.000268680596491, -0.00063246616628, 0.00135973922443, -0.001601911732, 0.00152842421085, -0.000407648039982, 0.000790278951172, -0.000231429221458, 0.000839456508402], [-0.000466104160296, 0.00713651999831, -0.00227599777281, 0.000367751927115, -0.00504559930414, 0.0042488486506, -0.00465676235035, 0.0092546613887, -0.00988562777638, 0.00529944850132, 0.00188585068099, -0.00592860113829, 0.00479064323008], [0.000348062254488, -0.00227599777281, 0.0275803674012, -0.0387548431754, 0.0328018665314, -0.0163921229541, -0.0106896515936, 0.0206314530224, -0.00998311676085, -0.00861190725118, 0.0205296203494, -0.0155126499012, 0.00998995453119], [0.000816887186375, 0.000367751927115, -0.0387548431754, 0.0737108364701, -0.0640657544136, 0.0263707730919, 0.0241724327207, -0.0389609336853, 0.0219258945435, 0.00556555623189, -0.0142376413569, 0.00749540375546, -0.00200438243337], [-0.000268680596491, -0.00504559930414, 0.0328018665314, -0.0640657544136, 0.0690036267042, -0.0339593216777, -0.00995949469507, 0.0245479252189, -0.0185987111181, 0.00652323197573, -0.00633623683825, 0.0115426862612, -0.00790316145867], [-0.00063246616628, 0.0042488486506, -0.0163921229541, 0.0263707730919, -0.0339593216777, 0.0382682234049, -0.0224458388984, 0.00579922040924, 0.00930462218821, -0.0126911364496, 0.0062190182507, -0.000421421631472, -0.00380175909959], [0.00135973922443, -0.00465676235035, -0.0106896515936, 0.0241724327207, -0.00995949469507, -0.0224458388984, 0.0529088675976, -0.0460022427142, 0.0182149987668, 0.0081947799772, -0.00890392716974, -0.00153827678878, 0.00602928269655], [-0.001601911732, 0.0092546613887, 0.0206314530224, -0.0389609336853, 0.0245479252189, 0.00579922040924, -0.0460022427142, 0.0668679475784, -0.0484417043626, 0.0200623609126, 0.000128540137666, -0.0016385121271, 0.00156510027591], [0.00152842421085, -0.00988562777638, -0.00998311676085, 0.0219258945435, -0.0185987111181, 0.00930462218821, 0.0182149987668, -0.0484417043626, 0.0766107439995, -0.063582867384, 0.0306831486523, -0.00579890003428, -0.00128561141901], [-0.000407648039982, 0.00529944850132, -0.00861190725118, 0.00556555623189, 0.00652323197573, -0.0126911364496, 0.0081947799772, 0.0200623609126, -0.063582867384, 0.0962437391281, -0.0702137202024, 0.03899942711, -0.0158706400543], [0.000790278951172, 0.00188585068099, 0.0205296203494, -0.0142376413569, -0.00633623683825, 0.0062190182507, -0.00890392716974, 0.000128540137666, 0.0306831486523, -0.0702137202024, 0.0928544923663, -0.0670097097754, 0.0355708524585], [-0.000231429221458, -0.00592860113829, -0.0155126499012, 0.00749540375546, 0.0115426862612, -0.000421421631472, -0.00153827678878, -0.0016385121271, -0.00579890003428, 0.03899942711, -0.0670097097754, 0.0803326293826, -0.0455017723143], [0.000839456508402, 0.00479064323008, 0.00998995453119, -0.00200438243337, -0.00790316145867, -0.00380175909959, 0.00602928269655, 0.00156510027591, -0.00128561141901, -0.0158706400543, 0.0355708524585, -0.0455017723143, 0.0462836809456]]
    },
    "melbands": {
        "dmean": [6.56656047795e-05, 0.000153492539539, 0.000466736208182, 0.000268254865659, 0.000148812803673, 0.000137281342177, 0.000103208309156, 0.000180682603968, 0.000300958170556, 0.000274655903922, 0.000185831755516, 0.000224343064474, 0.0001670280908, 0.000120422140753, 0.000130864704261, 0.000110433618829, 7.19138843124e-05, 5.01832946611e-05, 2.58231175394e-05, 1.97350727831e-05, 1.63497097674e-05, 2.89332729153e-05, 1.43541683428e-05, 6.00098871928e-07, 5.03012131947e-10, 7.68992924893e-10, 2.67670441367e-10, 1.77075493157e-10, 2.53051857246e-10, 2.91342255876e-10, 3.3651031961e-10, 1.95565300065e-10, 1.45558731734e-10, 1.11049114349e-10, 7.90361803782e-11, 3.5205033333e-11, 1.73596900743e-11, 1.35480116709e-11, 1.29061423007e-11, 1.37120965624e-11],
        "dmean2": [0.000110956054414, 0.000250240438618, 0.000761725881603, 0.000439306779299, 0.00024915652466, 0.000219756126171, 0.000161521820701, 0.00028460501926, 0.000448883976787, 0.000407678016927, 0.000282341905404, 0.000328637572238, 0.000248218915658, 0.000189695332665, 0.000190052756807, 0.000167829872225, 0.000108664127765, 7.94620864326e-05, 4.15193171648e-05, 3.08689377562e-05, 2.55840150203e-05, 4.58823888039e-05, 2.34774324781e-05, 1.00699503491e-06, 8.31422153347e-10, 1.2566954144e-09, 4.22023277435e-10, 2.93856161626e-10, 4.04829447742e-10, 4.73792616251e-10, 5.318033236e-10, 3.05122621613e-10, 2.21099236142e-10, 1.71722538966e-10, 1.25482346736e-10, 5.68105007481e-11, 2.99527208591e-11, 2.36677535209e-11, 2.25023905759e-11, 2.30785598965e-11],
        "dvar": [2.31122783134e-08, 8.68917311436e-08, 1.05699371034e-06, 3.01033423966e-07, 9.23943872522e-08, 1.30750777316e-07, 7.48757358338e-08, 2.68599109177e-07, 5.50876450234e-07, 4.54855239695e-07, 2.25044331614e-07, 2.50924927059e-07, 1.31492399191e-07, 6.06608665521e-08, 6.21630249498e-08, 6.2819673019e-08, 3.92623498158e-08, 3.70983848086e-08, 1.34974431631e-08, 4.52047377308e-09, 1.75473058306e-09, 5.16941200956e-09, 1.365393687e-09, 3.54246970299e-12, 1.54549277936e-18, 3.61888416065e-18, 3.87876026917e-19, 2.17273773741e-19, 2.79081484592e-19, 2.10645110203e-19, 2.93563762757e-19, 8.85242810817e-20, 5.62310853442e-20, 2.66605804422e-20, 1.68879455681e-20, 3.6722339982e-21, 1.0126188145e-21, 6.50810802165e-22, 5.41271066236e-22, 5.57271639261e-22],
        "dvar2": [6.14876114469e-08, 2.13201545307e-07, 2.35665584114e-06, 7.5007005762e-07, 2.30562974934e-07, 2.94813446544e-07, 1.5583113111e-07, 5.81904373576e-07, 1.13247165245e-06, 9.30532621624e-07, 4.71400909419e-07, 5.21966285305e-07, 2.71642761618e-07, 1.5231829309e-07, 1.27763030378e-07, 1.25986431954e-07, 8.89468338983e-08, 8.02653090659e-08, 3.7076951287e-08, 1.04219601837e-08, 4.16323775454e-09, 1.27643087211e-08, 3.22857784951e-09, 9.2025076795e-12, 3.95167794623e-18, 8.91711288244e-18, 9.7708228316e-19, 5.54861536264e-19, 6.88731309226e-19, 5.09776056976e-19, 7.54870396259e-19, 2.05750385251e-19, 1.17889923073e-19, 6.17499891547e-20, 4.04517847479e-20, 9.2192292339e-21, 2.85443065727e-21, 1.83018900601e-21, 1.53756114157e-21, 1.50999902312e-21],
        "max": [0.000871403433848, 0.00261534214951, 0.0193144865334, 0.0053553795442, 0.00451703509316, 0.00689923204482, 0.00762743037194, 0.00939697772264, 0.0115970456973, 0.0092929136008, 0.00892603490502, 0.00893860496581, 0.00787128973752, 0.0033244274091, 0.00352548481897, 0.00344227440655, 0.00268076523207, 0.00561897922307, 0.00314920023084, 0.00187858240679, 0.00111086620018, 0.00123643444385, 0.00073537719436, 3.70668749383e-05, 3.28834737218e-08, 3.5579251545e-08, 1.64336277919e-08, 8.41152925091e-09, 8.24115087283e-09, 6.2105813825e-09, 6.62258559103e-09, 3.05811487245e-09, 3.69514729925e-09, 2.09399697582e-09, 2.27948881992e-09, 8.37158675715e-10, 7.19446224817e-10, 6.42397579576e-10, 5.45760048265e-10, 4.92800578122e-10],
        "mean": [6.64885737933e-05, 0.000203051604331, 0.000608119240496, 0.000336286524544, 0.000182267394848, 0.000149200175656, 0.000136841146741, 0.000240294160903, 0.000441954587586, 0.00041275829426, 0.000303789216559, 0.000421654869569, 0.000315134268021, 0.000199040674488, 0.000216105021536, 0.000172995685716, 9.77562667686e-05, 6.7476015829e-05, 3.75341187464e-05, 3.05338544422e-05, 2.59846856352e-05, 4.22388038714e-05, 2.06351687666e-05, 6.0247714373e-07, 6.83255230172e-10, 9.62848134556e-10, 4.24491553019e-10, 2.70309996608e-10, 3.9302050503e-10, 5.73272873616e-10, 6.29458651868e-10, 3.10704628692e-10, 2.27086072169e-10, 2.04483791011e-10, 1.66175739835e-10, 6.08190720008e-11, 2.59662898822e-11, 1.98865698214e-11, 1.69438595099e-11, 2.09510551269e-11],
        "median": [2.60538035946e-05, 0.000119592645206, 0.000254457176197, 0.000159445728059, 7.74619547883e-05, 4.67406280222e-05, 5.67610331927e-05, 4.75256019854e-05, 7.47858575778e-05, 5.2341427363e-05, 5.39471438969e-05, 9.52021437115e-05, 4.57798523712e-05, 5.72853023186e-05, 6.67242784402e-05, 4.79694244859e-05, 1.53052496898e-05, 1.5166610865e-05, 1.15560669656e-05, 1.22305718833e-05, 1.08955127871e-05, 1.32045925056e-05, 6.13540896666e-06, 1.39652414077e-07, 2.5016999583e-10, 3.12365744382e-10, 2.0391957567e-10, 1.12411517594e-10, 1.41364947526e-10, 2.19969820137e-10, 2.96601410099e-10, 1.77590775419e-10, 1.37324984717e-10, 1.19102866458e-10, 7.21888729349e-11, 3.10360626088e-11, 1.48985771636e-11, 1.14447262431e-11, 8.21144888197e-12, 1.06620710524e-11],
        "min": [9.72865472377e-24, 7.40593109672e-24, 5.92754462361e-24, 9.36488729455e-24, 1.3079884155e-23, 9.56745573095e-24, 5.74725874676e-24, 7.17482561706e-24, 6.07156774794e-24, 6.42916352387e-24, 5.64204166252e-24, 8.18148470733e-24, 1.67433612986e-23, 6.83216810566e-24, 7.31804173668e-24, 7.85042345123e-24, 1.1393462045e-23, 5.87758764021e-24, 1.37274356174e-23, 9.73391484829e-24, 6.17267289472e-24, 1.30011353263e-23, 1.14413411688e-23, 6.96605831166e-24, 6.88833184667e-24, 7.4038287824e-24, 6.50945930883e-24, 6.28039619006e-24, 1.09120959652e-23, 1.24699290145e-23, 1.06361524205e-23, 7.37187833802e-24, 7.19378036689e-24, 7.30885150714e-24, 8.82511947534e-24, 9.04580094699e-24, 9.90093800117e-24, 1.07040883328e-23, 1.1492127245e-23, 1.03999106675e-23],
        "var": [1.7585120915e-08, 9.50035143887e-08, 1.70967837221e-06, 3.0757598779e-07, 1.02666483315e-07, 1.3575655089e-07, 1.16903137837e-07, 4.32672749184e-07, 1.24326686546e-06, 9.78620846581e-07, 5.35727963324e-07, 9.00473708043e-07, 3.85011361459e-07, 1.1836299052e-07, 1.44281798953e-07, 1.27918468706e-07, 6.66810393568e-08, 5.04574373394e-08, 1.28295010171e-08, 7.95530397113e-09, 2.46165776652e-09, 8.67222738066e-09, 2.12495687713e-09, 3.36871936596e-12, 1.94642008783e-18, 4.92856873708e-18, 5.28856270275e-19, 3.06284895849e-19, 4.53500685158e-19, 6.34249213276e-19, 7.3954222252e-19, 1.45103622388e-19, 8.96291681979e-20, 5.729502702e-20, 5.28148746507e-20, 6.3740316571e-21, 1.24322560153e-21, 7.71530804958e-22, 6.36367301727e-22, 8.18297155236e-22]
    },
    "mfcc": {
        "mean": [-795.934326172, 264.346038818, -47.6278190613, -59.9345817566, 40.4285888672, 9.99418449402, -30.819355011, 11.8850536346, 18.2921848297, -23.5497817993, -11.7617321014, 15.0809459686, -8.08286094666],
        "cov": [[1248.32995605, 734.399169922, -523.609619141, -337.191162109, 88.5485305786, -52.250705719, -70.551864624, 157.759140015, 50.5659866333, -157.936233521, 19.1280460358, 104.039916992, -105.469154358], [734.399169922, 556.871704102, -97.9620437622, -135.50994873, 27.1561908722, 0.20625410974, -6.12827301025, 75.6898345947, 7.24025392532, -101.442253113, -12.8737325668, 44.4259872437, -47.7885017395], [-523.609619141, -97.9620437622, 606.034240723, 322.78692627, -31.1597061157, 62.6635742188, 68.135887146, -97.2909927368, -57.4379501343, 55.5708656311, -44.3875579834, -79.897277832, 56.9208984375], [-337.191162109, -135.50994873, 322.78692627, 330.15447998, 136.276199341, 24.0717945099, -32.105796814, -74.7046432495, -19.7205028534, 62.8830184937, -4.09095525742, -59.7650756836, 11.6232585907], [88.5485305786, 27.1561908722, -31.1597061157, 136.276199341, 220.945022583, 63.298576355, -55.5445556641, -30.337348938, 13.9146356583, 30.2036457062, 12.7059268951, -13.5566301346, -18.0794849396], [-52.250705719, 0.20625410974, 62.6635742188, 24.0717945099, 63.298576355, 157.453765869, 106.919288635, -6.28178453445, -8.14820957184, 13.1812810898, -15.7788677216, -9.7598772049, 21.0645771027], [-70.551864624, -6.12827301025, 68.135887146, -32.105796814, -55.5445556641, 106.919288635, 190.638290405, 98.8339691162, 0.44250524044, -29.2231941223, -12.1986837387, 13.9655981064, 12.0336046219], [157.759140015, 75.6898345947, -97.2909927368, -74.7046432495, -30.337348938, -6.28178453445, 98.8339691162, 169.23210144, 65.2006759644, -42.6789093018, 5.44743776321, 37.5506401062, -23.9767055511], [50.5659866333, 7.24025392532, -57.4379501343, -19.7205028534, 13.9146356583, -8.14820957184, 0.44250524044, 65.2006759644, 90.9015731812, 46.8884773254, 10.4029054642, 1.52045404911, -5.47324943542], [-157.936233521, -101.442253113, 55.5708656311, 62.8830184937, 30.2036457062, 13.1812810898, -29.2231941223, -42.6789093018, 46.8884773254, 117.476783752, 45.556842804, -22.5801086426, 5.72992801666], [19.1280460358, -12.8737325668, -44.3875579834, -4.09095525742, 12.7059268951, -15.7788677216, -12.1986837387, 5.44743776321, 10.4029054642, 45.556842804, 77.1529006958, 38.4139976501, -16.7209281921], [104.039916992, 44.4259872437, -79.897277832, -59.7650756836, -13.5566301346, -9.7598772049, 13.9655981064, 37.5506401062, 1.52045404911, -22.5801086426, 38.4139976501, 75.9027786255, 20.9696178436], [-105.469154358, -47.7885017395, 56.9208984375, 11.6232585907, -18.0794849396, 21.0645771027, 12.0336046219, -23.9767055511, -5.47324943542, 5.72992801666, -16.7209281921, 20.9696178436, 73.7319641113]],
