{
"lowlevel": {
    "average_loudness": 0.841466128826,
    "barkbands_crest": {
        "dmean": 2.00326275826,
        "dmean2": 3.30347800255,
        "dvar": 3.70238566399,
        "dvar2": 10.323015213,
        "max": 25.1896038055,
        "mean": 11.7136650085,
        "median": 11.4942855835,
        "min": 2.56483817101,
        "var": 18.9326725006
    },
    "barkbands_flatness_db": {
        "dmean": 0.0183335598558,
        "dmean2": 0.0289999991655,
        "dvar": 0.000296402460663,
        "dvar2": 0.000714184425306,
        "max": 0.472535908222,
        "mean": 0.235517248511,
        "median": 0.207030639052,
        "min": 0.0272648446262,
        "var": 0.00908750481904
    },
    "barkbands_kurtosis": {
        "dmean": 5.07633256912,
        "dmean2": 8.14043617249,
        "dvar": 111.090499878,
        "dvar2": 286.637634277,
        "max": 227.285522461,
        "mean": 16.0152015686,
        "median": 10.5223560333,
        "min": -1.1892080307,
        "var": 349.674560547
    },
    "barkbands_skewness": {
        "dmean": 0.499206751585,
        "dmean2": 0.79161387682,
        "dvar": 0.338366448879,
        "dvar2": 0.833875775337,
        "max": 10.7504177094,
        "mean": 2.83463263512,
        "median": 2.75970959663,
        "min": -1.74804794788,
        "var": 2.28750562668
    },
    "barkbands_spread": {
        "dmean": 1.87542867661,
        "dmean2": 2.84667420387,
        "dvar": 8.80290985107,
        "dvar2": 19.5551071167,
        "max": 58.2996253967,
        "mean": 8.58778572083,
        "median": 7.78768730164,
        "min": 0.26553183794,
        "var": 41.9932250977
    },
    "dissonance": {
        "dmean": 0.0231018681079,
        "dmean2": 0.0386704541743,
        "dvar": 0.000641472695861,
        "dvar2": 0.00167144462466,
        "max": 0.500000119209,
        "mean": 0.44711753726,
        "median": 0.453058630228,
        "min": 0.088379368186,
        "var": 0.00112458004151
    },
    "dynamic_complexity": 3.51267814636,
    "erbbands_crest": {
        "dmean": 1.62541151047,
        "dmean2": 2.70156955719,
        "dvar": 2.53807258606,
        "dvar2": 7.5016875267,
        "max": 23.0192470551,
        "mean": 9.47567367554,
        "median": 8.35989665985,
        "min": 2.75884032249,
        "var": 16.8447055817
    },
    "erbbands_flatness_db": {
        "dmean": 0.010900885798,
        "dmean2": 0.0174007136375,
        "dvar": 0.000120608056022,
        "dvar2": 0.000312522664899,
        "max": 0.303621321917,
        "mean": 0.188359633088,
        "median": 0.17992143333,
        "min": 0.0928446054459,
        "var": 0.0022014672868
    },
    "erbbands_kurtosis": {
        "dmean": 0.870855391026,
        "dmean2": 1.49602663517,
        "dvar": 2.47299742699,
        "dvar2": 8.37784671783,
        "max": 23.4448871613,
        "mean": 1.596378088,
        "median": 0.739552736282,
        "min": -1.66373050213,
        "var": 10.1193666458
    },
    "erbbands_skewness": {
        "dmean": 0.233906894922,
        "dmean2": 0.376918554306,
        "dvar": 0.0540245659649,
        "dvar2": 0.155538275838,
        "max": 4.1411485672,
        "mean": 0.881385505199,
        "median": 0.801628053188,
        "min": -1.1673167944,
        "var": 0.559217572212
    },
    "erbbands_spread": {
        "dmean": 5.34229564667,
        "dmean2": 8.27402114868,
        "dvar": 40.3139228821,
        "dvar2": 86.8837432861,
        "max": 121.78225708,
        "mean": 34.1671333313,
        "median": 29.5904350281,
        "min": 6.58523893356,
        "var": 394.917449951
    },
    "hfc": {
        "dmean": 2.09201002121,
        "dmean2": 2.99425983429,
        "dvar": 14.694644928,
        "dvar2": 27.3295516968,
        "max": 110.135322571,
        "mean": 11.6941547394,
        "median": 7.59001159668,
        "min": 1.19775038014e-16,
        "var": 149.890136719
    },
    "melbands_crest": {
        "dmean": 2.64812541008,
        "dmean2": 4.33043670654,
        "dvar": 6.16580724716,
        "dvar2": 16.2622947693,
        "max": 32.180644989,
        "mean": 18.0122299194,
        "median": 17.7260723114,
        "min": 2.54811859131,
        "var": 38.5183868408
    },
    "melbands_flatness_db": {
        "dmean": 0.0205845888704,
        "dmean2": 0.0315013155341,
        "dvar": 0.000396917952457,
        "dvar2": 0.000890257768333,
        "max": 0.612071871758,
        "mean": 0.317921876907,
        "median": 0.279423087835,
        "min": 0.00418577762321,
        "var": 0.0151548348367
    },
    "melbands_kurtosis": {
        "dmean": 9.33309459686,
        "dmean2": 14.9160823822,
        "dvar": 199.480499268,
        "dvar2": 473.740783691,
        "max": 299.08380127,
        "mean": 31.9020500183,
        "median": 23.7920799255,
        "min": -1.21249115467,
        "var": 1280.01696777
    },
    "melbands_skewness": {
        "dmean": 0.626434266567,
        "dmean2": 0.998181283474,
        "dvar": 0.447148650885,
        "dvar2": 1.05108559132,
        "max": 13.9380493164,
        "mean": 3.8106648922,
        "median": 3.5765619278,
        "min": 0.0789045616984,
        "var": 4.07338237762
    },
    "melbands_spread": {
        "dmean": 1.95680522919,
        "dmean2": 2.9627327919,
        "dvar": 11.32787323,
        "dvar2": 18.4497585297,
        "max": 132.035827637,
        "mean": 8.23215579987,
        "median": 6.71423387527,
        "min": 0.40116417408,
        "var": 52.1184196472
    },
    "pitch_salience": {
        "dmean": 0.0657929554582,
        "dmean2": 0.108600005507,
        "dvar": 0.00388460443355,
        "dvar2": 0.0101964948699,
        "max": 0.923164367676,
        "mean": 0.48813650012,
        "median": 0.508199334145,
        "min": 0.136536836624,
        "var": 0.0251998864114
    },
    "silence_rate_20dB": {
        "dmean": 0,
        "dmean2": 0,
        "dvar": 0,
        "dvar2": 0,
        "max": 1,
        "mean": 1,
        "median": 1,
        "min": 1,
        "var": 0
    },
    "silence_rate_30dB": {
        "dmean": 0.00103092787322,
        "dmean2": 0.00206291908398,
        "dvar": 0.00102987361606,
        "dvar2": 0.00205869367346,
        "max": 1,
        "mean": 0.998969614506,
        "median": 1,
        "min": 0,
        "var": 0.00102934450842
    },
    "silence_rate_60dB": {
        "dmean": 0.00309278350323,
        "dmean2": 0.00618875725195,
        "dvar": 0.00308318971656,
        "dvar2": 0.00718195550144,
        "max": 1,
        "mean": 0.0226687267423,
        "median": 0,
        "min": 0,
        "var": 0.0221548024565
    },
    "spectral_centroid": {
        "dmean": 92.7258071899,
        "dmean2": 137.952224731,
        "dvar": 51560.6914062,
        "dvar2": 50812.6992188,
        "max": 11338.234375,
        "mean": 541.305664062,
        "median": 499.999816895,
        "min": 124.661483765,
        "var": 159631.625
    },
    "spectral_complexity": {
        "dmean": 1.97113406658,
        "dmean2": 3.15575027466,
        "dvar": 4.36924409866,
        "dvar2": 8.64010238647,
        "max": 45,
        "mean": 12.9515714645,
        "median": 13,
        "min": 0,
        "var": 47.6844673157
    },
    "spectral_decrease": {
        "dmean": 1.65857128032e-09,
        "dmean2": 2.70747690934e-09,
        "dvar": 3.68781188032e-18,
        "dvar2": 9.54702001789e-18,
        "max": -3.18127967016e-29,
        "mean": -8.24657053755e-09,
        "median": -7.06468350486e-09,
        "min": -2.83572152426e-08,
        "var": 2.7301671835e-17
    },
    "spectral_energy": {
        "dmean": 0.00638429028913,
        "dmean2": 0.0104083493352,
        "dvar": 5.50963741262e-05,
        "dvar2": 0.000141361349961,
        "max": 0.111680179834,
        "mean": 0.0321851484478,
        "median": 0.0273785665631,
        "min": 1.09840190708e-20,
        "var": 0.000426410144428
    },
    "spectral_energyband_high": {
        "dmean": 0.000104592196294,
        "dmean2": 0.000147763814311,
        "dvar": 8.24888815032e-08,
        "dvar2": 1.69450245835e-07,
        "max": 0.00666026026011,
        "mean": 0.00024712990853,
        "median": 0.000118368421681,
        "min": 7.898932654e-21,
        "var": 2.09717825328e-07
    },
    "spectral_energyband_low": {
        "dmean": 0.00514897750691,
        "dmean2": 0.00834928825498,
        "dvar": 3.46634915331e-05,
        "dvar2": 9.0017747425e-05,
        "max": 0.0686862692237,
        "mean": 0.0160493254662,
        "median": 0.0143030770123,
        "min": 6.79636107808e-23,
        "var": 0.000131422479171
    },
    "spectral_energyband_middle_high": {
        "dmean": 0.000868638337124,
        "dmean2": 0.0013303887099,
        "dvar": 3.36116272592e-06,
        "dvar2": 6.86436396791e-06,
        "max": 0.0378409735858,
        "mean": 0.00347282737494,
        "median": 0.00134900619742,
        "min": 1.71193307652e-21,
        "var": 3.0513283491e-05
    },
    "spectral_energyband_middle_low": {
        "dmean": 0.0033255694434,
        "dmean2": 0.005388493184,
        "dvar": 2.27208474826e-05,
        "dvar2": 6.18262638454e-05,
        "max": 0.0846659243107,
        "mean": 0.0151316253468,
        "median": 0.0128592196852,
        "min": 4.19787345112e-22,
        "var": 0.000180185772479
    },
    "spectral_entropy": {
        "dmean": 0.134116381407,
        "dmean2": 0.21025043726,
        "dvar": 0.0184690300375,
        "dvar2": 0.0406933389604,
        "max": 9.80217838287,
        "mean": 6.99242639542,
        "median": 7.16271543503,
        "min": 5.17783641815,
        "var": 0.474152714014
    },
    "spectral_flux": {
        "dmean": 0.015131495893,
        "dmean2": 0.0246560182422,
        "dvar": 0.000244025810389,
        "dvar2": 0.000578606384806,
        "max": 0.198899894953,
        "mean": 0.0593575946987,
        "median": 0.0534366555512,
        "min": 1.04804671885e-10,
        "var": 0.0011427126592
    },
    "spectral_kurtosis": {
        "dmean": 3.96285295486,
        "dmean2": 7.11229467392,
        "dvar": 49.526550293,
        "dvar2": 166.430969238,
        "max": 92.8184127808,
        "mean": 11.6097011566,
        "median": 4.75249290466,
        "min": -1.23287510872,
        "var": 306.7918396
    },
    "spectral_rms": {
        "dmean": 0.000543817062862,
        "dmean2": 0.000889595481567,
        "dvar": 3.0988906019e-07,
        "dvar2": 7.9554081367e-07,
        "max": 0.0104382121935,
        "mean": 0.00530957337469,
        "median": 0.00516824889928,
        "min": 3.27354788242e-12,
        "var": 3.20855019709e-06
    },
    "spectral_rolloff": {
        "dmean": 112.271980286,
        "dmean2": 181.493240356,
        "dvar": 151658.53125,
        "dvar2": 154873.4375,
        "max": 18733.8867188,
        "mean": 467.974761963,
        "median": 322.998046875,
        "min": 86.1328125,
        "var": 315671.8125
    },
    "spectral_skewness": {
        "dmean": 0.344494789839,
        "dmean2": 0.590814054012,
        "dvar": 0.179879873991,
        "dvar2": 0.585184395313,
        "max": 7.97634220123,
        "mean": 2.34793710709,
        "median": 1.86227595806,
        "min": -0.06037068367,
        "var": 2.19830775261
    },
    "spectral_spread": {
        "dmean": 378922.875,
        "dmean2": 575101,
        "dvar": 670416764928,
        "dvar2": 599753818112,
        "max": 41363216,
        "mean": 3739236,
        "median": 3832454.5,
        "min": 983124.125,
        "var": 2.89613099827e+12
    },
    "spectral_strongpeak": {
        "dmean": 0.238390997052,
        "dmean2": 0.413097441196,
        "dvar": 0.194776937366,
        "dvar2": 0.554715573788,
        "max": 5.22406625748,
        "mean": 0.607779204845,
        "median": 0.491509914398,
        "min": 0,
        "var": 0.253693759441
    },
    "zerocrossingrate": {
        "dmean": 0.00409652851522,
        "dmean2": 0.00503818597645,
        "dvar": 0.000141351207276,
        "dvar2": 0.000151440995978,
        "max": 0.5029296875,
        "mean": 0.0228770207614,
        "median": 0.021484375,
        "min": 0.0009765625,
        "var": 0.000340739730746
    },
    "barkbands": {
        "dmean": [5.3790583479e-05, 0.00256013590842, 0.00274430052377, 0.00170452112798, 0.00177812890615, 0.000868568837177, 0.000477936351672, 0.000359122554073, 0.000383819075068, 0.000362783001037, 0.000359309691703, 0.000260935194092, 0.000216300046304, 0.000129328240291, 0.00010460933845, 3.74449118681e-05, 3.48284556821e-05, 2.99837429338e-05, 1.27994617287e-05, 1.78429199877e-05, 3.91374633182e-05, 4.70224404125e-05, 2.09394984267e-05, 6.617800409e-06, 4.5367551138e-06, 4.43571565256e-07, 6.92316248774e-09],
        "dmean2": [8.94489421626e-05, 0.0041869035922, 0.00446112360805, 0.00270579871722, 0.00302278785966, 0.00144338072278, 0.000826368690468, 0.00053769844817, 0.00058129534591, 0.000557024090085, 0.000580308551434, 0.000420193449827, 0.000341587001458, 0.000209283854929, 0.000173652297235, 6.00636813033e-05, 5.6006545492e-05, 4.72248757433e-05, 1.96854489332e-05, 2.84795387415e-05, 6.16322431597e-05, 7.39987081033e-05, 3.20570798067e-05, 9.85606038739e-06, 6.22445350018e-06, 6.85737859385e-07, 1.2361978996e-08],
        "dvar": [1.4994604669e-08, 1.20631257232e-05, 1.25757469505e-05, 8.73760927789e-06, 8.6031286628e-06, 2.90762454824e-06, 9.48191257066e-07, 4.15857925873e-07, 6.02635338964e-07, 5.60533976568e-07, 7.34706190997e-07, 4.12283498008e-07, 2.91313966727e-07, 1.29037516672e-07, 1.14470374513e-07, 1.04404414003e-08, 8.33448954296e-09, 8.84100970211e-09, 8.74973149489e-10, 2.33333352639e-09, 8.36531466319e-09, 2.72486762043e-08, 2.65985922177e-09, 4.5901130119e-10, 2.47139392284e-10, 2.58852878368e-12, 4.16625781192e-16],
        "dvar2": [3.81635167912e-08, 3.29045578837e-05, 3.28165879182e-05, 2.19343291974e-05, 2.7888945624e-05, 8.70173334988e-06, 2.79343475995e-06, 8.90157025424e-07, 1.24387008782e-06, 1.24104929e-06, 1.80914310022e-06, 1.03256263628e-06, 6.59459090002e-07, 3.18875777339e-07, 3.01278049619e-07, 2.22613074641e-08, 1.99522141031e-08, 2.17549001036e-08, 1.90418547596e-09, 5.41507105822e-09, 1.86346991171e-08, 7.1149109715e-08, 5.56602497426e-09, 9.01203278669e-10, 4.65222277368e-10, 6.55229776686e-12, 1.13693410274e-15],
        "max": [0.00191821774933, 0.041482321918, 0.0431758314371, 0.0391407608986, 0.0377162508667, 0.0326634943485, 0.0189008489251, 0.0141263864934, 0.0223460532725, 0.013146228157, 0.018671900034, 0.012695370242, 0.0109806265682, 0.00818085670471, 0.0067111235112, 0.00244514341466, 0.00195847288705, 0.00220441771671, 0.000527040218003, 0.00116402236745, 0.0017591927899, 0.00441891979426, 0.000817546155304, 0.000426564394729, 0.000346140674083, 3.27744273818e-05, 4.61853602474e-07],
        "mean": [0.000159064104082, 0.00701088039204, 0.00640639150515, 0.00389075884596, 0.00502280145884, 0.00250183907337, 0.00130813091528, 0.000860444677528, 0.00106598134153, 0.000958601129241, 0.000945190142374, 0.000622113875579, 0.000479322392493, 0.000245412840741, 0.000198394511244, 8.54735699249e-05, 7.68329700804e-05, 5.64076362934e-05, 2.79523064819e-05, 3.38702848239e-05, 7.1499387559e-05, 9.22292820178e-05, 4.27607665188e-05, 1.30575745061e-05, 9.14954853215e-06, 6.16108593476e-07, 5.79936942913e-09],
        "median": [1.99985588551e-05, 0.00473343022168, 0.00465528666973, 0.00167979614343, 0.00331171904691, 0.000934119685553, 0.000353056180757, 0.000359970435966, 0.000363298400771, 0.00032169331098, 0.000258002750343, 0.000165503588505, 0.000151023443323, 7.84113071859e-05, 6.48140630801e-05, 3.59096811735e-05, 3.65902888007e-05, 2.87164129986e-05, 1.62281012308e-05, 1.72381751327e-05, 3.40187762049e-05, 4.16658658651e-05, 1.7713966372e-05, 5.2354384934e-06, 2.55386112258e-06, 1.44637766653e-07, 1.49666856686e-09],
        "min": [1.6231493123e-23, 4.16721105883e-23, 6.3641992506e-24, 1.28948828621e-23, 4.50738271174e-23, 6.20309981203e-23, 6.0909521903e-23, 1.02199448315e-22, 1.26967844271e-22, 6.45547661045e-23, 1.10214395019e-22, 6.60996713013e-23, 6.13028290177e-23, 1.25679173718e-22, 1.86852105744e-22, 1.57534033403e-22, 1.63900279748e-22, 2.66413196143e-22, 3.81849093049e-22, 2.49517840281e-22, 4.47958136018e-22, 4.74643293579e-22, 7.32737478161e-22, 9.54518262195e-22, 1.08291684771e-21, 1.59550881894e-21, 2.75136548776e-21],
        "var": [6.30937080359e-08, 4.45660298283e-05, 3.30379043589e-05, 2.9716959034e-05, 3.13217387884e-05, 1.34383990371e-05, 6.19205775365e-06, 1.95404572878e-06, 3.87873842556e-06, 2.54367387242e-06, 3.81433142138e-06, 1.63518404861e-06, 1.06650350062e-06, 2.77045501207e-07, 3.09532794063e-07, 3.6914553192e-08, 2.31338468382e-08, 1.34192852386e-08, 2.05930228425e-09, 4.40013891989e-09, 1.54463695168e-08, 4.35905320728e-08, 6.67358657225e-09, 9.35522992407e-10, 6.34392705035e-10, 4.00253614974e-12, 3.4571676212e-16]
    },
    "erbbands": {
        "dmean": [0.0424447953701, 0.711383163929, 2.98671102524, 4.7362780571, 5.6423201561, 5.30115699768, 8.96458339691, 5.06255912781, 6.03036260605, 6.44990730286, 8.89875793457, 9.41824626923, 10.1669616699, 12.0030241013, 13.9024152756, 11.8147144318, 10.4314851761, 6.98393249512, 6.27888965607, 2.68808960915, 1.78728079796, 1.75832736492, 1.67168092728, 0.935189425945, 0.584007263184, 0.905490040779, 1.34095287323, 1.42511844635, 1.30630612373, 1.61651599407, 0.418713063002, 0.180561646819, 0.0880156680942, 0.0499134995043, 0.0370682179928, 0.00468250410631, 0.000329941511154, 3.23284839396e-05, 3.65110963685e-06, 7.06274749973e-06],
        "dmean2": [0.0693788230419, 1.16217172146, 4.80993509293, 7.62106180191, 9.45334339142, 9.17929840088, 14.4714460373, 8.69382667542, 10.0162696838, 11.0480442047, 13.2010135651, 14.1858530045, 15.2871465683, 18.9128360748, 22.1067867279, 18.9936084747, 16.579870224, 11.3589458466, 10.5319347382, 4.28410053253, 2.83825874329, 2.84625220299, 2.63168740273, 1.47154855728, 0.927864015102, 1.44561910629, 2.09673094749, 2.22176909447, 2.02368211746, 2.41472840309, 0.644700706005, 0.271687120199, 0.130752280354, 0.0710299536586, 0.0537159964442, 0.00686017237604, 0.000519628461916, 5.44366303075e-05, 5.6949475038e-06, 1.14487866085e-05],
        "dvar": [0.00420279847458, 0.925677120686, 15.3171186447, 51.5858726501, 96.2694778442, 72.9334106445, 330.872833252, 104.077819824, 135.297286987, 173.735473633, 236.050765991, 395.634887695, 519.221008301, 688.761169434, 1362.38903809, 952.385620117, 641.781494141, 426.922851562, 433.301727295, 49.8319664001, 24.9954586029, 18.1544570923, 23.7604732513, 7.55485534668, 1.51459276676, 7.51109838486, 10.1079320908, 9.69140148163, 20.8015384674, 23.0944499969, 1.32975697517, 0.347667694092, 0.0827667638659, 0.0318002812564, 0.0170287452638, 0.000272074015811, 1.61684943123e-06, 8.36969871187e-09, 3.3136268035e-11, 6.87280649059e-11],
        "dvar2": [0.0109575949609, 2.50849032402, 38.9324684143, 130.239059448, 299.118835449, 231.10067749, 959.664733887, 296.658477783, 379.443939209, 507.908508301, 468.539123535, 804.976928711, 1139.71508789, 1635.46826172, 3362.76196289, 2396.43701172, 1450.79602051, 1091.70336914, 1140.82592773, 114.992218018, 54.3833580017, 40.7985725403, 59.4717407227, 15.948346138, 3.59079194069, 17.7094535828, 23.1820526123, 21.3783607483, 52.9581413269, 57.4254150391, 2.83237099648, 0.701497793198, 0.169626265764, 0.0646396949887, 0.0351466834545, 0.000591800606344, 4.12318331655e-06, 2.20387352812e-08, 7.7444245461e-11, 1.71365865942e-10],
        "max": [0.930045962334, 11.9025173187, 48.2323150635, 100.384101868, 135.090377808, 102.42779541, 419.073394775, 180.21194458, 194.37890625, 217.515350342, 383.27532959, 650.572937012, 465.017883301, 526.592468262, 890.072387695, 651.972473145, 477.118011475, 493.587860107, 411.922912598, 134.090057373, 163.029693604, 80.8172302246, 107.800788879, 61.5194778442, 21.6292266846, 67.274887085, 54.2230796814, 49.8953399658, 129.645248413, 98.909942627, 23.6442890167, 11.5119953156, 5.65548610687, 3.86966276169, 3.15504264832, 0.304312586784, 0.0297676026821, 0.00204644724727, 0.00014200345322, 0.000129162188387],
        "mean": [0.133342444897, 1.82018744946, 7.67876529694, 10.9492778778, 15.9184970856, 13.3592576981, 23.1434230804, 16.4299888611, 18.3118305206, 15.6952466965, 22.8832492828, 26.6539363861, 31.5324134827, 29.8294219971, 36.9506721497, 29.500919342, 24.6987476349, 14.8784122467, 12.9088811874, 6.23653507233, 4.7389755249, 4.08878183365, 3.25705552101, 2.00353455544, 1.29128015041, 1.6681573391, 2.43174767494, 2.67953824997, 2.59289121628, 3.28691506386, 0.895290613174, 0.363159447908, 0.174129620194, 0.0963052138686, 0.0709889605641, 0.00786031968892, 0.000492052000482, 3.96326431655e-05, 1.74892738869e-05, 3.63614235539e-05],
        "median": [0.0658363327384, 1.33583295345, 5.46834659576, 5.97842645645, 8.07689571381, 8.0868730545, 8.52290248871, 5.5718126297, 6.30894851685, 5.14631652832, 9.97063159943, 9.86593818665, 10.0404109955, 9.87457180023, 9.72131729126, 7.78107452393, 7.75823831558, 4.78802585602, 3.93431758881, 2.71114706993, 2.06355619431, 2.07689499855, 1.7117036581, 1.06141984463, 0.792700529099, 0.793917715549, 1.21248650551, 1.28275167942, 1.2522149086, 1.34701168537, 0.380993753672, 0.144520789385, 0.0685462579131, 0.0284146778286, 0.0190248154104, 0.00194802798796, 0.000147122307681, 1.31512888402e-05, 1.41194423122e-05, 3.07669033646e-05],
        "min": [2.10474975953e-21, 5.77335393734e-21, 9.94436451632e-21, 2.36498061868e-20, 1.49878173508e-19, 9.08033704644e-20, 2.94931195707e-19, 5.08077493287e-19, 1.13934068795e-18, 6.06363765755e-19, 3.35862460221e-18, 2.40360984343e-18, 1.60303859721e-18, 4.67457010869e-18, 3.95643009885e-18, 2.46629793295e-18, 2.85919652299e-18, 5.04335080042e-18, 8.07866524276e-18, 9.97932528552e-18, 9.3647640048e-18, 8.89519590493e-18, 1.37998682213e-17, 1.53579613395e-17, 1.92954932565e-17, 1.04083152133e-17, 1.52190231208e-17, 2.04370968004e-17, 1.76425663626e-17, 1.95303960069e-17, 2.07464623495e-17, 1.82061460206e-17, 1.55017699977e-17, 1.2772145941e-17, 7.72335890963e-18, 5.65474894248e-18, 2.83390650974e-18, 1.53811360452e-18, 3.46451312979e-19, 3.9855326134e-20],
        "var": [0.0241527650505, 2.89295268059, 47.2952041626, 160.434753418, 433.419555664, 216.427993774, 1376.43408203, 783.981201172, 934.23236084, 808.752868652, 1289.49731445, 2597.25415039, 3006.21337891, 2603.60498047, 6587.02539062, 3981.8359375, 2535.94970703, 916.352416992, 1196.44287109, 153.682022095, 110.412460327, 58.3585929871, 37.9645805359, 15.3570823669, 3.41522240639, 13.3478870392, 18.7095375061, 18.8523006439, 31.143163681, 48.8194046021, 3.29623222351, 0.68065226078, 0.175758555532, 0.0724898353219, 0.0384694449604, 0.000564392947126, 2.12155077861e-06, 9.35846067307e-09, 1.74807807118e-10, 5.63960267375e-10]
    },
    "gfcc": {
        "mean": [-63.82762146, 154.588775635, -99.8934173584, 39.9187049866, -63.4207305908, 24.6371841431, -22.7384338379, -8.06097793579, -14.7500181198, -9.74613571167, -11.664273262, -9.02543067932, -3.6278116703],
        "cov": [[11830.8837891, -1962.32458496, -3295.94580078, 26.0208816528, -1716.15148926, 719.326293945, -979.966186523, -251.598571777, -428.339630127, -61.590637207, -580.866577148, 196.246017456, -48.4887619019], [-1962.32458496, 961.104980469, 661.399414062, -328.696624756, 375.371185303, -186.870147705, 255.048202515, 32.2580184937, 178.960189819, -36.7116546631, 182.018234253, -28.9127616882, 50.1632804871], [-3295.94580078, 661.399414062, 1182.29589844, 10.7750368118, 504.75592041, -145.379730225, 355.873474121, 116.399711609, 184.260070801, 69.4016342163, 193.53086853, -37.9528923035, 16.6043548584], [26.0208816528, -328.696624756, 10.7750368118, 343.157073975, -31.8296489716, 60.5473899841, -0.432215899229, 17.4558506012, -24.9044647217, 30.7168979645, -32.1633644104, -19.946521759, -3.06847548485], [-1716.15148926, 375.371185303, 504.75592041, -31.8296489716, 381.124908447, -94.2291564941, 158.649719238, 65.2820358276, 84.2680511475, 29.5500793457, 118.483352661, -21.595451355, 2.31644701958], [719.326293945, -186.870147705, -145.379730225, 60.5473899841, -94.2291564941, 157.867767334, -0.188923329115, 14.8135156631, 17.3338184357, 36.0018959045, -30.0628318787, 26.4716739655, 5.37957429886], [-979.966186523, 255.048202515, 355.873474121, -0.432215899229, 158.649719238, -0.188923329115, 200.597442627, 56.368270874, 104.087913513, 25.0023975372, 73.3835678101, -2.45478916168, 18.9598865509], [-251.598571777, 32.2580184937, 116.399711609, 17.4558506012, 65.2820358276, 14.8135156631, 56.368270874, 66.3298873901, 34.4154777527, 35.9032402039, 40.0075759888, 12.179022789, 7.25944232941], [-428.339630127, 178.960189819, 184.260070801, -24.9044647217, 84.2680511475, 17.3338184357, 104.087913513, 34.4154777527, 106.15801239, 28.9133663177, 52.1490058899, 12.1842260361, 20.6307239532], [-61.590637207, -36.7116546631, 69.4016342163, 30.7168979645, 29.5500793457, 36.0018959045, 25.0023975372, 35.9032402039, 28.9133663177, 76.1390228271, 37.4713516235, 20.6551418304, 0.141928255558], [-580.866577148, 182.018234253, 193.53086853, -32.1633644104, 118.483352661, -30.0628318787, 73.3835678101, 40.0075759888, 52.1490058899, 37.4713516235, 96.5954742432, 11.4022226334, 18.2538852692], [196.246017456, -28.9127616882, -37.9528923035, -19.946521759, -21.595451355, 26.4716739655, -2.45478916168, 12.179022789, 12.1842260361, 20.6551418304, 11.4022226334, 53.7137413025, 18.5289039612], [-48.4887619019, 50.1632804871, 16.6043548584, -3.06847548485, 2.31644701958, 5.37957429886, 18.9598865509, 7.25944232941, 20.6307239532, 0.141928255558, 18.2538852692, 18.5289039612, 48.2024002075]],
        "icov": [[0.00119056634139, -0.0030152418185, 0.00253787008114, -0.00174617627636, 0.00250436016358, -0.00315227382816, 0.00228363880888, -0.0024924557656, 0.00141462637112, -0.00217054132372, 0.00230928370729, -0.00244571105577, 0.00252528791316], [-0.0030152418185, 0.0196567159146, -0.00858903396875, 0.0130623439327, -0.00851727463305, 0.0115204397589, -0.00931545253843, 0.011410491541, -0.0124129476026, 0.0135759972036, -0.0149530535564, 0.0134744644165, -0.0128742028028], [0.00253787008114, -0.00858903396875, 0.00927948206663, -0.00581307662651, 0.0036602714099, -0.00462897634134, 0.00142194156069, -0.00610283669084, 0.00391536392272, -0.00845050998032, 0.00704340171069, -0.00566681846976, 0.00648545939475], [-0.00174617627636, 0.0130623439327, -0.00581307662651, 0.0128091266379, -0.00505837285891, 0.00571703957394, -0.00627095578238, 0.00619452353567, -0.00603944854811, 0.00630665011704, -0.00761317368597, 0.011677688919, -0.0104331886396], [0.00250436016358, -0.00851727463305, 0.0036602714099, -0.00505837285891, 0.0133192026988, -0.00583428656682, 0.00523195089772, -0.00855967961252, 0.00413990253583, -0.00470783980563, 0.00210618972778, -0.00510709919035, 0.00844990462065], [-0.00315227382816, 0.0115204397589, -0.00462897634134, 0.00571703957394, -0.00583428656682, 0.0238339453936, -0.0117908362299, 0.00570224830881, -0.0104576107115, 0.000208729994483, -0.00178905599751, 0.00647036591545, -0.0091366013512], [0.00228363880888, -0.00931545253843, 0.00142194156069, -0.00627095578238, 0.00523195089772, -0.0117908362299, 0.0245597381145, -0.0110387215391, -0.00441683549434, 0.000613502052147, 0.00369123765267, -0.00549582205713, 0.00677258009091], [-0.0024924557656, 0.011410491541, -0.00610283669084, 0.00619452353567, -0.00855967961252, 0.00570224830881, -0.0110387215391, 0.0355581864715, -0.00497725512832, 0.00113533751573, -0.0130865937099, 0.00457946397364, -0.00780122401193], [0.00141462637112, -0.0124129476026, 0.00391536392272, -0.00603944854811, 0.00413990253583, -0.0104576107115, -0.00441683549434, -0.00497725512832, 0.0326669216156, -0.0121639724821, 0.00668395217508, -0.00875008385628, 0.00294947251678], [-0.00217054132372, 0.0135759972036, -0.00845050998032, 0.00630665011704, -0.00470783980563, 0.000208729994483, 0.000613502052147, 0.00113533751573, -0.0121639724821, 0.0399770587683, -0.0238963365555, 0.00175504980143, 0.000254591053817], [0.00230928370729, -0.0149530535564, 0.00704340171069, -0.00761317368597, 0.00210618972778, -0.00178905599751, 0.00369123765267, -0.0130865937099, 0.00668395217508, -0.0238963365555, 0.0419974476099, -0.0111177107319, 0.00117000681348], [-0.00244571105577, 0.0134744644165, -0.00566681846976, 0.011677688919, -0.00510709919035, 0.00647036591545, -0.00549582205713, 0.00457946397364, -0.00875008385628, 0.00175504980143, -0.0111177107319, 0.0391363352537, -0.0198859088123], [0.00252528791316, -0.0128742028028, 0.00648545939475, -0.0104331886396, 0.00844990462065, -0.0091366013512, 0.00677258009091, -0.00780122401193, 0.00294947251678, 0.000254591053817, 0.00117000681348, -0.0198859088123, 0.0388483330607]]
    },
    "melbands": {
        "dmean": [0.000524779898115, 0.00132013019174, 0.000759468122851, 0.000412528112065, 0.000276735663647, 0.000123393547256, 9.57190495683e-05, 6.65069237584e-05, 7.11119137122e-05, 6.20279170107e-05, 5.07653530804e-05, 4.95154636155e-05, 4.80398448417e-05, 3.19819191645e-05, 2.2551861548e-05, 2.40850968112e-05, 1.35187001433e-05, 1.08211752377e-05, 6.32974115433e-06, 3.21037487083e-06, 2.13979797081e-06, 2.00375461645e-06, 2.18222339754e-06, 1.12052987333e-06, 8.04250589681e-07, 4.37457885027e-07, 5.49924720872e-07, 6.28918883194e-07, 6.25887992101e-07, 1.43348302117e-06, 7.2484726843e-07, 5.58577198717e-07, 1.52266989062e-06, 7.36417291591e-07, 2.87613943328e-07, 1.28007684452e-07, 1.12237330541e-07, 6.5691487805e-08, 5.38999387345e-08, 3.96467818575e-08],
        "dmean2": [0.000850550772157, 0.00213667773642, 0.001225644839, 0.000706467311829, 0.000450021092547, 0.000209463352803, 0.000161145362654, 0.000113193636935, 0.00010705729801, 9.29626330617e-05, 7.67318197177e-05, 7.84018848208e-05, 7.69634934841e-05, 5.08682860527e-05, 3.71525165974e-05, 3.7940848415e-05, 2.22254457185e-05, 1.79042563104e-05, 1.03769662019e-05, 5.07654249304e-06, 3.44014983966e-06, 3.25397672896e-06, 3.55402039531e-06, 1.73817704763e-06, 1.29621139422e-06, 7.1872210583e-07, 8.96294068298e-07, 1.01697605714e-06, 9.90461103356e-07, 2.28675730796e-06, 1.17166143809e-06, 8.76598051036e-07, 2.46158424488e-06, 1.10958421828e-06, 4.52624192349e-07, 1.94767949324e-07, 1.70401264654e-07, 1.0197823741e-07, 7.95693182454e-08, 5.83380277419e-08],
        "dvar": [4.94753351177e-07, 2.84147813545e-06, 1.20024913031e-06, 5.21994252267e-07, 2.78626657746e-07, 5.51155068251e-08, 3.67290802217e-08, 1.8025367865e-08, 1.44945033753e-08, 1.79607475559e-08, 1.3021050016e-08, 1.12318661039e-08, 1.30149464539e-08, 6.27808116604e-09, 2.82032730503e-09, 4.27193658226e-09, 1.5706771439e-09, 1.16103793246e-09, 3.74937442205e-10, 7.80888895213e-11, 3.59484768342e-11, 2.81864774576e-11, 5.01672661746e-11, 7.82962149976e-12, 5.7487578066e-12, 8.42518925719e-13, 1.89487054519e-12, 3.43809247565e-12, 2.37100421761e-12, 1.36355492869e-11, 2.36085868736e-12, 2.32157283848e-12, 3.6251040364e-11, 3.41447941969e-12, 5.85137624118e-13, 1.6547471672e-13, 1.25123815389e-13, 4.50011257641e-14, 3.48202166428e-14, 2.0806688417e-14],
        "dvar2": [1.32935326747e-06, 7.3678265835e-06, 3.09108190777e-06, 1.75347190634e-06, 8.06816899512e-07, 1.58680748541e-07, 1.05362701674e-07, 5.07445001574e-08, 2.94322379801e-08, 3.57657192751e-08, 2.88378139146e-08, 2.65452086978e-08, 3.23272573155e-08, 1.52085526395e-08, 7.18604820094e-09, 9.74290426115e-09, 4.00101196618e-09, 3.06467162758e-09, 9.52656398212e-10, 1.61166760493e-10, 8.24313534098e-11, 6.283187165e-11, 1.35699326775e-10, 1.71654912506e-11, 1.25271017518e-11, 2.05963805039e-12, 4.79114534505e-12, 7.92823879464e-12, 5.85120320251e-12, 3.24932199203e-11, 5.62836973209e-12, 5.66928969048e-12, 9.58826074093e-11, 7.87240238276e-12, 1.3012100078e-12, 3.56621606161e-13, 2.64863651844e-13, 9.72887813063e-14, 7.65056149942e-14, 4.28091196931e-14],
        "max": [0.00779893342406, 0.0195758026093, 0.0144418552518, 0.0093297502026, 0.0113320406526, 0.00371856871061, 0.00344577454962, 0.00236480077729, 0.00278115831316, 0.00430299667642, 0.00235298997723, 0.00192414503545, 0.00245294906199, 0.00160512502771, 0.000865669921041, 0.00146845751442, 0.000912989780772, 0.000665843777824, 0.000370978959836, 0.000218781889998, 0.000178770205821, 0.000105131715827, 0.000180553499376, 5.79551633564e-05, 5.37513915333e-05, 1.59330065799e-05, 2.67392479145e-05, 4.59778821096e-05, 2.50439261436e-05, 7.96871390776e-05, 2.15095678868e-05, 3.55066076736e-05, 0.000164066572324, 3.88117769035e-05, 1.46398961078e-05, 8.9831155492e-06, 7.06556966179e-06, 4.48893524663e-06, 3.87803038393e-06, 3.30911711899e-06],
        "mean": [0.00150679575745, 0.00352222914807, 0.00201650033705, 0.00108358392026, 0.000734941917472, 0.000387092295568, 0.00028711440973, 0.000162077907589, 0.000179530237801, 0.000171985171619, 0.00015218630142, 0.000112876063213, 0.000123639125377, 8.0457815784e-05, 5.89595583733e-05, 5.07775366714e-05, 2.47853458859e-05, 2.11404549191e-05, 1.19643345897e-05, 6.91247532814e-06, 5.08647553943e-06, 4.43049202659e-06, 3.73529132958e-06, 2.25667167797e-06, 1.5728105609e-06, 9.04105775135e-07, 1.00679028492e-06, 1.08925371478e-06, 1.14669876439e-06, 2.22608605327e-06, 1.31118167701e-06, 1.05449100829e-06, 2.58727709479e-06, 1.49473714828e-06, 5.47094259673e-07, 2.57667153392e-07, 1.97969072246e-07, 1.2080973022e-07, 9.8145314098e-08, 7.30518436853e-08],
        "median": [0.000885909539647, 0.00267693260685, 0.001391790458, 0.000609408074524, 0.000305823428789, 0.000143455166835, 9.03062682482e-05, 5.61998822377e-05, 8.10466444818e-05, 5.82758111705e-05, 4.78378569824e-05, 3.77850483346e-05, 3.44381696777e-05, 1.82290732482e-05, 1.86168617802e-05, 1.45837720993e-05, 7.94049356045e-06, 6.17107343714e-06, 4.29397141488e-06, 2.83069857687e-06, 2.14016267819e-06, 1.98490715775e-06, 1.89850891275e-06, 1.18524064874e-06, 7.86627254001e-07, 5.57123144063e-07, 5.27021825292e-07, 4.96749748891e-07, 6.12196686234e-07, 9.55140762926e-07, 6.25426707757e-07, 5.33184163487e-07, 9.90668581835e-07, 6.28896998478e-07, 2.23668010335e-07, 1.00667833181e-07, 7.85623939237e-08, 4.90647344975e-08, 3.21682946947e-08, 2.00450980259e-08],
        "min": [1.57591547674e-23, 5.94102625648e-24, 7.8365939307e-24, 9.66381114622e-24, 8.05867957477e-24, 1.29203614916e-23, 1.54146749873e-23, 8.58460288509e-24, 2.89514318799e-23, 1.46069839723e-23, 6.80038805523e-24, 1.74839865149e-23, 1.42510325769e-23, 8.85286371338e-24, 5.77978427075e-24, 5.34276992318e-24, 1.01064607217e-23, 1.3380706006e-23, 1.38790815047e-23, 1.09363952476e-23, 1.14785359604e-23, 7.51059163959e-24, 1.45725454606e-23, 1.12467173505e-23, 1.21504553362e-23, 1.62619399985e-23, 1.04501342859e-23, 5.96041566867e-24, 8.15389508603e-24, 1.23504615524e-23, 1.15556321256e-23, 1.07686944632e-23, 8.02638676475e-24, 1.20806490347e-23, 1.24143868959e-23, 1.0112288826e-23, 1.21336904643e-23, 1.04493036154e-23, 1.13191103269e-23, 1.09287914174e-23],
        "var": [2.2366812118e-06, 9.1987712949e-06, 3.97933581553e-06, 1.634237492e-06, 1.16454270938e-06, 3.59525586191e-07, 2.54989345194e-07, 8.08146296549e-08, 7.62217169381e-08, 1.18871369637e-07, 7.19956574358e-08, 3.79712083998e-08, 6.27628082839e-08, 2.8719901124e-08, 1.16065486111e-08, 1.53301069616e-08, 2.92118218503e-09, 3.14199777307e-09, 8.45714442921e-10, 2.43042530546e-10, 1.33945882164e-10, 8.91159784855e-11, 6.01336064276e-11, 1.75385244522e-11, 1.04947101356e-11, 1.71492312538e-12, 3.23624026882e-12, 6.07317755114e-12, 4.09654298331e-12, 1.95450565454e-11, 4.10349922444e-12, 3.76208656241e-12, 4.96771131175e-11, 8.28531167285e-12, 1.32386614692e-12, 3.47322512547e-13, 2.14265373022e-13, 8.61413398294e-14, 6.96801286375e-14, 4.62773367532e-14]
    },
    "mfcc": {
        "mean": [-701.381286621, 165.33656311, 27.881526947, 22.1674537659, -4.28863716125, 25.9044361115, -0.515169680119, 10.2166404724, 1.26523900032, -2.79389882088, 1.32583248615, -1.97289907932, -2.79572963715],
        "cov": [[12246.2998047, -1820.57275391, -2657.74658203, -768.571960449, -1178.86828613, 223.011978149, -848.741760254, -160.020004272, -234.223464966, -502.589874268, -309.430938721, -169.430862427, -366.633117676], [-1820.57275391, 1084.90344238, 358.56350708, -134.466430664, 147.895370483, -118.978637695, 101.345069885, 55.7851066589, 47.8507804871, 77.5090484619, 25.5549621582, 49.4259414673, 113.358703613], [-2657.74658203, 358.56350708, 788.238464355, 193.508071899, 229.327163696, -8.10385227203, 206.579742432, 49.6608886719, 89.3096160889, 131.051834106, 108.178924561, 67.8241882324, 88.2309341431], [-768.571960449, -134.466430664, 193.508071899, 234.044616699, 87.6075439453, 22.329870224, 63.0288009644, 9.63651371002, 18.4438438416, 34.8831939697, 26.5762405396, 5.9097070694, -10.0781259537], [-1178.86828613, 147.895370483, 229.327163696, 87.6075439453, 211.273635864, -25.7280426025, 97.7061462402, 1.5872066021, 3.42586755753, 60.9200439453, 40.1850166321, 9.34496021271, 38.1929283142], [223.011978149, -118.978637695, -8.10385227203, 22.329870224, -25.7280426025, 103.071258545, -1.57738375664, 22.5557441711, 35.5044250488, 6.20396518707, 23.9200611115, 14.6565818787, -5.54265832901], [-848.741760254, 101.345069885, 206.579742432, 63.0288009644, 97.7061462402, -1.57738375664, 116.844413757, 23.8820133209, 25.7058029175, 53.3159332275, 42.1326179504, 29.8722057343, 34.5471878052], [-160.020004272, 55.7851066589, 49.6608886719, 9.63651371002, 1.5872066021, 22.5557441711, 23.8820133209, 59.1554985046, 39.8004379272, 13.4884853363, 12.5273313522, 18.8884563446, 16.5000534058], [-234.223464966, 47.8507804871, 89.3096160889, 18.4438438416, 3.42586755753, 35.5044250488, 25.7058029175, 39.8004379272, 69.2200393677, 22.572763443, 20.9801483154, 24.9449768066, 15.1473636627], [-502.589874268, 77.5090484619, 131.051834106, 34.8831939697, 60.9200439453, 6.20396518707, 53.3159332275, 13.4884853363, 22.572763443, 61.1506690979, 40.2751464844, 21.7477264404, 23.3725986481], [-309.430938721, 25.5549621582, 108.178924561, 26.5762405396, 40.1850166321, 23.9200611115, 42.1326179504, 12.5273313522, 20.9801483154, 40.2751464844, 72.7454299927, 30.5567321777, 18.1779651642], [-169.430862427, 49.4259414673, 67.8241882324, 5.9097070694, 9.34496021271, 14.6565818787, 29.8722057343, 18.8884563446, 24.9449768066, 21.7477264404, 30.5567321777, 54.1625976562, 26.6610546112], [-366.633117676, 113.358703613, 88.2309341431, -10.0781259537, 38.1929283142, -5.54265832901, 34.5471878052, 16.5000534058, 15.1473636627, 23.3725986481, 18.1779651642, 26.6610546112, 62.5301971436]],
