{
"lowlevel": {
    "average_loudness": 0.97961717844,
    "barkbands_crest": {
        "dmean": 2.80384373665,
        "dmean2": 4.62190818787,
        "dvar": 5.9396481514,
        "dvar2": 15.8472080231,
        "max": 22.6097888947,
        "mean": 10.109208107,
        "median": 9.57126045227,
        "min": 3.99236345291,
        "var": 11.2953529358
    },
    "barkbands_flatness_db": {
        "dmean": 0.0278373938054,
        "dmean2": 0.0397156439722,
        "dvar": 0.000560042390134,
        "dvar2": 0.00102895568125,
        "max": 0.371096283197,
        "mean": 0.1599034518,
        "median": 0.154830172658,
        "min": 0.0492480508983,
        "var": 0.00282086618245
    },
    "barkbands_kurtosis": {
        "dmean": 4.13434743881,
        "dmean2": 6.44273853302,
        "dvar": 27.9693393707,
        "dvar2": 64.9856262207,
        "max": 72.9593048096,
        "mean": 8.08347988129,
        "median": 5.44272899628,
        "min": -0.409084558487,
        "var": 64.5748825073
    },
    "barkbands_skewness": {
        "dmean": 0.58683937788,
        "dmean2": 0.915585458279,
        "dvar": 0.315257549286,
        "dvar2": 0.738315761089,
        "max": 6.53695440292,
        "mean": 2.30693626404,
        "median": 2.1222577095,
        "min": -1.99947667122,
        "var": 0.90189909935
    },
    "barkbands_spread": {
        "dmean": 3.67798352242,
        "dmean2": 5.3748960495,
        "dvar": 13.1783819199,
        "dvar2": 28.4708061218,
        "max": 42.6636924744,
        "mean": 12.6760511398,
        "median": 11.5412950516,
        "min": 1.15580785275,
        "var": 41.3910179138
    },
    "dissonance": {
        "dmean": 0.020318036899,
        "dmean2": 0.0336779728532,
        "dvar": 0.000479235575767,
        "dvar2": 0.00121675885748,
        "max": 0.5,
        "mean": 0.457282006741,
        "median": 0.463179975748,
        "min": 0.0716203004122,
        "var": 0.000761617964599
    },
    "dynamic_complexity": 1.51854133606,
    "erbbands_crest": {
        "dmean": 2.12779712677,
        "dmean2": 3.38813495636,
        "dvar": 3.82237935066,
        "dvar2": 9.07361316681,
        "max": 21.6943626404,
        "mean": 7.60238599777,
        "median": 6.92436122894,
        "min": 2.46322441101,
        "var": 8.62093734741
    },
    "erbbands_flatness_db": {
        "dmean": 0.0191021393985,
        "dmean2": 0.0242841187865,
        "dvar": 0.00026937777875,
        "dvar2": 0.000425524864113,
        "max": 0.27304777503,
        "mean": 0.142160356045,
        "median": 0.139211341739,
        "min": 0.0704206898808,
        "var": 0.00130254891701
    },
    "erbbands_kurtosis": {
        "dmean": 0.752635538578,
        "dmean2": 1.13550782204,
        "dvar": 0.587050557137,
        "dvar2": 1.34924960136,
        "max": 11.4892654419,
        "mean": 0.403981238604,
        "median": 0.143946409225,
        "min": -1.39085114002,
        "var": 1.39935386181
    },
    "erbbands_skewness": {
        "dmean": 0.268159031868,
        "dmean2": 0.404959470034,
        "dvar": 0.0529977045953,
        "dvar2": 0.120948158205,
        "max": 2.88571691513,
        "mean": 0.57800000906,
        "median": 0.547502040863,
        "min": -0.709470748901,
        "var": 0.157502576709
    },
    "erbbands_spread": {
        "dmean": 7.73858261108,
        "dmean2": 10.903049469,
        "dvar": 49.9617385864,
        "dvar2": 98.7177886963,
        "max": 91.232131958,
        "mean": 37.5208358765,
        "median": 36.0809288025,
        "min": 7.09988880157,
        "var": 171.714126587
    },
    "hfc": {
        "dmean": 6.86363601685,
        "dmean2": 8.93270206451,
        "dvar": 62.1055183411,
        "dvar2": 111.184608459,
        "max": 75.9337997437,
        "mean": 17.343755722,
        "median": 13.9093465805,
        "min": 1.22293571368e-16,
        "var": 140.118515015
    },
    "melbands_crest": {
        "dmean": 3.65308141708,
        "dmean2": 6.02493572235,
        "dvar": 8.53732776642,
        "dvar2": 21.7757892609,
        "max": 30.02693367,
        "mean": 15.2303094864,
        "median": 14.3819513321,
        "min": 2.22687101364,
        "var": 25.8829174042
    },
    "melbands_flatness_db": {
        "dmean": 0.0317490622401,
        "dmean2": 0.0458241067827,
        "dvar": 0.000764838710893,
        "dvar2": 0.0014337641187,
        "max": 0.485837936401,
        "mean": 0.245342746377,
        "median": 0.239559158683,
        "min": 0.00506910821423,
        "var": 0.00404710602015
    },
    "melbands_kurtosis": {
        "dmean": 8.73431682587,
        "dmean2": 13.7121973038,
        "dvar": 122.552581787,
        "dvar2": 280.354797363,
        "max": 141.59135437,
        "mean": 18.6041183472,
        "median": 13.7132835388,
        "min": -1.28296387196,
        "var": 276.014648438
    },
    "melbands_skewness": {
        "dmean": 0.791010499001,
        "dmean2": 1.24168634415,
        "dvar": 0.564503014088,
        "dvar2": 1.31549692154,
        "max": 9.49800395966,
        "mean": 3.27557706833,
        "median": 3.09180855751,
        "min": 0.071990005672,
        "var": 1.64911270142
    },
    "melbands_spread": {
        "dmean": 3.54008126259,
        "dmean2": 5.54657793045,
        "dvar": 19.352481842,
        "dvar2": 34.0700302124,
        "max": 147.936904907,
        "mean": 11.1171989441,
        "median": 10.4078330994,
        "min": 0.831667661667,
        "var": 41.1824417114
    },
    "pitch_salience": {
        "dmean": 0.0802238956094,
        "dmean2": 0.131355822086,
        "dvar": 0.00444380147383,
        "dvar2": 0.0116665167734,
        "max": 0.843140304089,
        "mean": 0.570680975914,
        "median": 0.586260378361,
        "min": 0.180232465267,
        "var": 0.0120058534667
    },
    "silence_rate_20dB": {
        "dmean": 0,
        "dmean2": 0,
        "dvar": 0,
        "dvar2": 0,
        "max": 1,
        "mean": 1,
        "median": 1,
        "min": 1,
        "var": 0
    },
    "silence_rate_30dB": {
        "dmean": 0.0185567010194,
        "dmean2": 0.0371325425804,
        "dvar": 0.0182126238942,
        "dvar2": 0.0429746955633,
        "max": 1,
        "mean": 0.975785672665,
        "median": 1,
        "min": 0,
        "var": 0.0236284453422
    },
    "silence_rate_60dB": {
        "dmean": 0.000515463936608,
        "dmean2": 0.00103145954199,
        "dvar": 0.000515170919243,
        "dvar2": 0.00103040458634,
        "max": 1,
        "mean": 0.0010303966701,
        "median": 0,
        "min": 0,
        "var": 0.00102934613824
    },
    "spectral_centroid": {
        "dmean": 158.468200684,
        "dmean2": 226.455245972,
        "dvar": 73601.4453125,
        "dvar2": 98523.1796875,
        "max": 10892.3212891,
        "mean": 705.786254883,
        "median": 660.851867676,
        "min": 178.917205811,
        "var": 127849.21875
    },
    "spectral_complexity": {
        "dmean": 4.01494836807,
        "dmean2": 5.49149036407,
        "dvar": 19.7239532471,
        "dvar2": 31.3782711029,
        "max": 46,
        "mean": 18.9979400635,
        "median": 17,
        "min": 0,
        "var": 54.5986328125
    },
    "spectral_decrease": {
        "dmean": 4.69712224671e-09,
        "dmean2": 7.31380866981e-09,
        "dvar": 2.68895836887e-17,
        "dvar2": 6.475237333e-17,
        "max": 1.53669709521e-28,
        "mean": -1.16652421056e-08,
        "median": -9.77216085829e-09,
        "min": -5.0455792433e-08,
        "var": 5.33606305311e-17
    },
    "spectral_energy": {
        "dmean": 0.0182277485728,
        "dmean2": 0.0282070972025,
        "dvar": 0.000396441231715,
        "dvar2": 0.000951874535531,
        "max": 0.192644327879,
        "mean": 0.0456003844738,
        "median": 0.0386264137924,
        "min": 1.05123928357e-20,
        "var": 0.000791950849816
    },
    "spectral_energyband_high": {
        "dmean": 0.000352305505658,
        "dmean2": 0.00044929003343,
        "dvar": 2.81610738284e-07,
        "dvar2": 5.2246781479e-07,
        "max": 0.00392656959593,
        "mean": 0.000497256929521,
        "median": 0.000180622169864,
        "min": 7.5568433875e-21,
        "var": 5.29839553565e-07
    },
    "spectral_energyband_low": {
        "dmean": 0.0125991757959,
        "dmean2": 0.0204996857792,
        "dvar": 0.000319133221637,
        "dvar2": 0.000783794850577,
        "max": 0.179849639535,
        "mean": 0.0220559537411,
        "median": 0.0140090808272,
        "min": 7.94063916207e-23,
        "var": 0.000562533852644
    },
    "spectral_energyband_middle_high": {
        "dmean": 0.00165671040304,
        "dmean2": 0.00239583919756,
        "dvar": 3.92000902139e-06,
        "dvar2": 8.66569007485e-06,
        "max": 0.0199386551976,
        "mean": 0.00407549273223,
        "median": 0.00333488360047,
        "min": 1.30572761903e-21,
        "var": 7.88072338764e-06
    },
    "spectral_energyband_middle_low": {
        "dmean": 0.00938640348613,
        "dmean2": 0.0147730968893,
        "dvar": 0.000134484303999,
        "dvar2": 0.000321981206071,
        "max": 0.118544608355,
        "mean": 0.0225537791848,
        "median": 0.0173776634037,
        "min": 3.104817431e-22,
        "var": 0.000267940195045
    },
    "spectral_entropy": {
        "dmean": 0.214425161481,
        "dmean2": 0.282916367054,
        "dvar": 0.042698841542,
        "dvar2": 0.0673301815987,
        "max": 9.79673862457,
        "mean": 7.28939151764,
        "median": 7.30181026459,
        "min": 5.7009601593,
        "var": 0.194330736995
    },
    "spectral_flux": {
        "dmean": 0.0362204685807,
        "dmean2": 0.0565613396466,
        "dvar": 0.00138761056587,
        "dvar2": 0.00298080872744,
        "max": 0.307220131159,
        "mean": 0.105644486845,
        "median": 0.0952586755157,
        "min": 1.02529963686e-10,
        "var": 0.00240551866591
    },
    "spectral_kurtosis": {
        "dmean": 2.30909085274,
        "dmean2": 3.65854930878,
        "dvar": 7.53665733337,
        "dvar2": 19.2390041351,
        "max": 32.9230613708,
        "mean": 6.46177053452,
        "median": 5.29619407654,
        "min": -1.23549520969,
        "var": 15.9485149384
    },
    "spectral_rms": {
        "dmean": 0.00129727576859,
        "dmean2": 0.0019547494594,
        "dvar": 1.54512440531e-06,
        "dvar2": 3.53733639713e-06,
        "max": 0.0137093281373,
        "mean": 0.00637744646519,
        "median": 0.00613875454292,
        "min": 3.20249794565e-12,
        "var": 3.81635481972e-06
    },
    "spectral_rolloff": {
        "dmean": 212.711761475,
        "dmean2": 347.063232422,
        "dvar": 222604.21875,
        "dvar2": 279677.46875,
        "max": 19422.9492188,
        "mean": 606.390258789,
        "median": 581.396484375,
        "min": 107.666015625,
        "var": 292737.25
    },
    "spectral_skewness": {
        "dmean": 0.276769369841,
        "dmean2": 0.410149723291,
        "dvar": 0.0752925649285,
        "dvar2": 0.171954780817,
        "max": 4.24875688553,
        "mean": 1.99889194965,
        "median": 1.92779958248,
        "min": -0.014232808724,
        "var": 0.234839677811
    },
    "spectral_spread": {
        "dmean": 793168.6875,
        "dmean2": 1060904.375,
        "dvar": 1.26391536845e+12,
        "dvar2": 1.79476548813e+12,
        "max": 40491612,
        "mean": 4400111,
        "median": 4226212,
        "min": 1792303.25,
        "var": 2.44931284173e+12
    },
    "spectral_strongpeak": {
        "dmean": 0.306669652462,
        "dmean2": 0.510088384151,
        "dvar": 0.10571680963,
        "dvar2": 0.267796993256,
        "max": 3.14233136177,
        "mean": 0.616556823254,
        "median": 0.501999616623,
        "min": 0,
        "var": 0.180087029934
    },
    "zerocrossingrate": {
        "dmean": 0.00808055140078,
        "dmean2": 0.00948282983154,
        "dvar": 0.000179593786015,
        "dvar2": 0.000200746915652,
        "max": 0.50537109375,
        "mean": 0.0352936014533,
        "median": 0.03173828125,
        "min": 0,
        "var": 0.000396827235818
    },
    "barkbands": {
        "dmean": [0.000186780758668, 0.0081042367965, 0.0050239157863, 0.0037636521738, 0.00597833562642, 0.00136772182304, 0.000888587906957, 0.000899918144569, 0.000528256467078, 0.000769214588217, 0.000533042824827, 0.000395468785428, 0.000160753814271, 0.000160404131748, 0.000153090368258, 0.000102711142972, 0.000113435256935, 8.72185773915e-05, 7.86434393376e-05, 7.82352071838e-05, 7.29373568902e-05, 6.76184354234e-05, 4.09788590332e-05, 4.38650931756e-05, 7.30058309273e-05, 4.72040301247e-05, 2.35386801251e-06],
        "dmean2": [0.000295031088172, 0.0133616114035, 0.00822008401155, 0.00596056180075, 0.00988864991814, 0.00239663128741, 0.0014234285336, 0.0013550351141, 0.000753384432755, 0.00118714396376, 0.000824521295726, 0.000627005996648, 0.000252113270108, 0.00024681125069, 0.000237398286117, 0.000160328447237, 0.000166078127222, 0.000128100829897, 0.000110071137897, 0.000106852625322, 0.000102541336673, 8.93501928658e-05, 5.6447188399e-05, 6.11131181358e-05, 0.000106195286207, 6.87781721354e-05, 3.91358935303e-06],
        "dvar": [1.38923439863e-07, 0.000158958340762, 5.02472976223e-05, 2.96619582514e-05, 8.59927604324e-05, 3.17133458339e-06, 2.36881351157e-06, 1.91333901967e-06, 7.55908160954e-07, 1.21754442262e-06, 7.51820039113e-07, 3.40648369956e-07, 4.65043648035e-08, 6.03438010671e-08, 5.44559881632e-08, 2.65571262759e-08, 2.42211424251e-08, 1.70764948848e-08, 1.23128884866e-08, 1.39792719622e-08, 1.48702268277e-08, 1.21433103573e-08, 4.1568766207e-09, 4.35904956575e-09, 1.534456473e-08, 6.69932909148e-09, 3.0380881838e-11],
        "dvar2": [3.21150366744e-07, 0.000409163621953, 0.000126855171402, 5.96671125095e-05, 0.000218178989599, 9.0526727945e-06, 5.35596836926e-06, 3.63900471712e-06, 1.26996758354e-06, 2.83348572339e-06, 1.86443298844e-06, 8.32325895317e-07, 1.14812074514e-07, 1.34996113843e-07, 1.20726383557e-07, 6.32685015489e-08, 4.8522231566e-08, 3.27612212914e-08, 2.31291323871e-08, 2.71127351681e-08, 3.12293302329e-08, 2.23353193718e-08, 8.76904771019e-09, 9.15767905951e-09, 3.39137429251e-08, 1.42679059678e-08, 7.70627450741e-11],
        "max": [0.00376841798425, 0.0972888469696, 0.0816998556256, 0.0948633104563, 0.0818986669183, 0.028712939471, 0.0194212086499, 0.0202345084399, 0.0146974632517, 0.0113217495382, 0.00767370732501, 0.00769602088258, 0.00239767716266, 0.00212849187665, 0.00265535200015, 0.00182032922748, 0.00138709519524, 0.0015544812195, 0.00108893145807, 0.00108725752216, 0.00132342625875, 0.000805773364846, 0.000631661096122, 0.000674990005791, 0.00103437958751, 0.000708152540028, 5.88748407608e-05],
        "mean": [0.000174524422619, 0.0110509432852, 0.00746754324064, 0.00658201938495, 0.00969669688493, 0.00208253017627, 0.00136749155354, 0.00136470631696, 0.000907509180252, 0.00138080841862, 0.000895149481948, 0.000603856984526, 0.000287977192784, 0.000280406617094, 0.000271926284768, 0.000154706169269, 0.000204458425287, 0.000135633265018, 0.000132479137392, 0.000112065346912, 0.000103742306237, 9.38747325563e-05, 5.95280544076e-05, 6.34349053144e-05, 7.70517872297e-05, 4.73751751997e-05, 1.95461939256e-06],
        "median": [2.32030888583e-05, 0.00601120851934, 0.00400805287063, 0.00311228167266, 0.00650325929746, 0.0014156694524, 0.000753598695155, 0.00080164836254, 0.000412747322116, 0.000945556326769, 0.000514003855642, 0.000346045737388, 0.000190070073586, 0.000168521204614, 0.000185383716598, 7.929293497e-05, 0.000133762339829, 7.76902888902e-05, 6.57488417346e-05, 4.86630233354e-05, 3.94082599087e-05, 3.14642929879e-05, 2.43917947955e-05, 2.54678889178e-05, 1.55229590746e-05, 7.97030406829e-06, 1.57288639002e-07],
        "min": [2.75874203773e-24, 6.08078156442e-23, 1.36971402032e-23, 1.45785613139e-23, 8.63777005906e-23, 3.31136260989e-23, 5.26300417386e-23, 5.13965882935e-23, 5.32782771434e-23, 1.0136911857e-22, 5.59719152795e-23, 4.29660254886e-23, 8.18385570766e-23, 5.56434588421e-23, 1.01268661867e-22, 2.52039014491e-22, 1.68562914703e-22, 1.46204741249e-22, 2.12442059312e-22, 3.0171541585e-22, 3.24064034621e-22, 3.43231107942e-22, 7.37522594816e-22, 7.60073212466e-22, 1.27899995133e-21, 1.7205310293e-21, 2.44816905813e-21],
        "var": [1.4761883449e-07, 0.000210198020795, 0.00010102304077, 0.000103758269688, 0.000101005054603, 4.75476736028e-06, 3.65963114746e-06, 3.28426062879e-06, 2.46192189479e-06, 1.93350024347e-06, 1.12173165689e-06, 5.74784792207e-07, 8.56180264464e-08, 1.13655772793e-07, 8.32325000033e-08, 3.68313770593e-08, 4.4811404365e-08, 2.97222531032e-08, 2.5371868162e-08, 2.42205437928e-08, 2.31032633025e-08, 2.13771418345e-08, 7.1975652105e-09, 8.11954503632e-09, 1.9788018335e-08, 8.4876452533e-09, 2.60951139169e-11]
    },
    "erbbands": {
        "dmean": [0.129278019071, 2.20756554604, 6.35691452026, 7.99614667892, 17.6075286865, 23.0797100067, 14.557472229, 6.99452877045, 10.0440731049, 13.3064498901, 22.4622344971, 13.666270256, 17.8589992523, 26.2630691528, 15.5038785934, 17.2893676758, 7.73775672913, 7.97947597504, 7.17901468277, 8.09452533722, 4.87668800354, 5.2966299057, 4.91683530807, 3.83434605598, 4.35314893723, 3.47381639481, 3.41630363464, 2.79213356972, 2.34644794464, 1.66932153702, 1.08056378365, 1.07191693783, 0.646621227264, 0.683972716331, 0.597752630711, 0.267120540142, 0.0790650323033, 0.00997686572373, 0.000257066829363, 2.61745062744e-05],
        "dmean2": [0.20774422586, 3.70177531242, 10.2929887772, 12.7658462524, 28.7264671326, 38.8920402527, 24.3604221344, 12.1808099747, 16.5467281342, 20.6624088287, 33.5535774231, 18.7830410004, 26.9191589355, 42.1560745239, 23.6948013306, 27.6899604797, 12.0287103653, 12.2642621994, 10.7504425049, 12.5500221252, 7.3309173584, 7.71042156219, 7.08961677551, 5.34657764435, 6.26190900803, 4.6683678627, 4.71166086197, 3.9706530571, 3.09293603897, 2.25590610504, 1.5071157217, 1.51101160049, 0.915673732758, 0.997324705124, 0.88557612896, 0.393553555012, 0.11538271606, 0.0147098237649, 0.000386244180845, 3.75924355467e-05],
        "dvar": [0.0555846095085, 11.7692251205, 84.8733901978, 105.522018433, 532.744262695, 1401.33837891, 362.871917725, 91.7288818359, 299.501739502, 596.848144531, 1309.96936035, 607.869506836, 434.154724121, 1935.76574707, 339.222167969, 696.570068359, 115.993354797, 113.907791138, 168.882354736, 129.757629395, 46.9348258972, 77.7979736328, 48.335735321, 32.2370071411, 38.4551010132, 28.6682300568, 35.1422653198, 21.5543994904, 15.0375757217, 7.14685916901, 2.82344150543, 2.98607516289, 0.945055425167, 1.39887857437, 1.07173335552, 0.211044535041, 0.0216206330806, 0.000355495867552, 2.70526697932e-07, 7.50917328318e-10],
        "dvar2": [0.131412416697, 31.0594596863, 205.866790771, 233.551330566, 1312.81713867, 3679.59155273, 958.732849121, 246.830245972, 711.965576172, 1433.86132812, 2501.15209961, 988.287597656, 936.550109863, 4815.77099609, 803.237060547, 1797.18518066, 285.87612915, 255.555236816, 340.359558105, 304.604797363, 102.389167786, 153.314117432, 94.5781173706, 60.1864013672, 78.7947616577, 54.2032012939, 74.8300476074, 43.9253616333, 27.4381923676, 13.8665761948, 6.00257015228, 6.29462623596, 1.96595954895, 3.22305655479, 2.34738206863, 0.449649512768, 0.0480819419026, 0.000788706995081, 6.38930259811e-07, 1.60471347321e-09],
        "max": [1.7020072937, 29.4276981354, 118.855186462, 159.971847534, 191.466766357, 340.331512451, 360.532836914, 108.165794373, 234.47517395, 321.488769531, 542.924865723, 439.716217041, 251.178619385, 368.267822266, 194.349349976, 350.951293945, 116.411491394, 95.0174865723, 161.597824097, 139.970504761, 69.7435073853, 93.9004669189, 74.8436737061, 57.9182243347, 62.4187583923, 55.5717315674, 58.8933448792, 47.6001701355, 28.8752555847, 26.8212604523, 16.3837223053, 21.0735340118, 7.76362276077, 12.1314754486, 8.45774459839, 3.58907961845, 1.4090410471, 0.181867927313, 0.00599535787478, 0.00021945113258],
        "mean": [0.166879206896, 2.98965501785, 9.75887203217, 15.2937421799, 26.579662323, 35.5657157898, 28.4414539337, 10.6508979797, 16.4443912506, 19.7120475769, 35.2462272644, 25.0622730255, 37.684135437, 39.7865600586, 30.7983760834, 26.5387535095, 14.7611083984, 15.6516485214, 12.7979917526, 13.844628334, 8.78248691559, 9.22367191315, 8.4296207428, 6.62323474884, 6.95289182663, 5.07706069946, 4.5854268074, 3.95733904839, 3.30310130119, 2.40342879295, 1.60701358318, 1.58177423477, 0.871335506439, 0.763451516628, 0.598715662956, 0.264984875917, 0.0776792615652, 0.0101094795391, 0.000266421819106, 5.99141603743e-05],
        "median": [0.0766024515033, 1.61354875565, 4.83455228806, 9.29072189331, 16.646818161, 20.8645057678, 19.4278526306, 7.47837018967, 9.55302047729, 10.584446907, 20.1188049316, 11.561208725, 27.0751247406, 24.821144104, 22.6780166626, 16.6676177979, 9.66574382782, 10.8575553894, 7.59693288803, 9.14138126373, 5.45926570892, 5.51986980438, 5.3974199295, 3.53005647659, 3.39093327522, 2.1372127533, 1.68054509163, 1.38804042339, 1.04827165604, 0.890804946423, 0.680926442146, 0.588587939739, 0.348108589649, 0.183251172304, 0.0998972058296, 0.0392349362373, 0.012234360911, 0.0016176692443, 6.05217865086e-05, 4.84969787067e-05],
        "min": [7.04456574895e-22, 1.62986989351e-20, 2.18391869897e-20, 3.17138300355e-20, 9.75579787125e-20, 3.60828565055e-19, 3.29512696136e-19, 3.14053233325e-19, 7.49936987688e-19, 8.20584364156e-19, 1.17986540353e-18, 1.22701945474e-18, 2.61300565241e-18, 3.41225444363e-18, 1.53895029771e-18, 2.57583732556e-18, 3.25276533613e-18, 2.79199678362e-18, 3.05884959193e-18, 7.73576331009e-18, 1.64231830257e-17, 8.13671264225e-18, 7.03905306838e-18, 9.9892415267e-18, 1.12925266203e-17, 1.41779402192e-17, 1.49060907689e-17, 1.21476692463e-17, 1.13698316117e-17, 1.56667280099e-17, 2.34697642648e-17, 1.56015610668e-17, 1.3568579423e-17, 1.41348474181e-17, 9.1434609309e-18, 7.24337826021e-18, 2.93220244988e-18, 1.10855178478e-18, 3.00751677937e-19, 4.22297965499e-20],
        "var": [0.0626361593604, 15.8894071579, 188.806900024, 343.376678467, 794.203674316, 1737.47717285, 920.509216309, 108.698989868, 458.185302734, 765.698364258, 2290.80712891, 2117.61206055, 1131.39331055, 2166.22924805, 688.992492676, 969.694213867, 213.245254517, 242.384429932, 268.429382324, 202.241073608, 80.2231445312, 122.672790527, 87.3994522095, 61.9271202087, 72.2288818359, 50.8690795898, 51.5788574219, 34.5682067871, 26.8662986755, 12.4346599579, 4.8990521431, 5.73771476746, 1.5629979372, 1.8102439642, 1.32431483269, 0.265651762486, 0.0254306048155, 0.00042230336112, 2.84554289465e-07, 1.51777757029e-09]
    },
    "gfcc": {
        "mean": [18.7511119843, 118.004798889, -97.0419006348, 27.986322403, -53.7010307312, 19.3890476227, -33.9704322815, 7.08186721802, -30.6264839172, -4.85572433472, -21.5161800385, -0.949050247669, -10.8387060165],
        "cov": [[3210.90356445, -1098.04882812, 72.5296325684, 23.8031520844, -234.651153564, 23.1205711365, -269.525115967, 138.056396484, -253.977905273, 262.797363281, -212.874099731, 143.414276123, -139.14881897], [-1098.04882812, 1004.24163818, -104.543106079, -10.6979789734, 141.876449585, -18.811542511, 247.705825806, -80.0249099731, 182.951599121, -185.247024536, 135.408004761, -124.706466675, 89.3883285522], [72.5296325684, -104.543106079, 263.412963867, 12.1126375198, 68.1225967407, 39.2200775146, -4.54724931717, 42.7219963074, -26.4136295319, 30.9799900055, -29.2941741943, 16.7201728821, -7.4142074585], [23.8031520844, -10.6979789734, 12.1126375198, 136.662612915, 48.901386261, 9.78860473633, -8.78520393372, -15.3100614548, 11.4239625931, -10.133146286, 17.4241085052, -7.29212188721, 13.7185869217], [-234.651153564, 141.876449585, 68.1225967407, 48.901386261, 149.884368896, 38.5519371033, 49.3815498352, -1.46755218506, 34.8560752869, -27.7830810547, 22.600851059, -15.9212245941, 19.0440425873], [23.1205711365, -18.811542511, 39.2200775146, 9.78860473633, 38.5519371033, 81.3214111328, 23.6903076172, 27.7947368622, 4.29397535324, 13.1225290298, 2.35405993462, 3.21336460114, -1.54180753231], [-269.525115967, 247.705825806, -4.54724931717, -8.78520393372, 49.3815498352, 23.6903076172, 142.018722534, 14.0749664307, 59.5461730957, -37.0625228882, 28.7224807739, -29.6027030945, 13.8282432556], [138.056396484, -80.0249099731, 42.7219963074, -15.3100614548, -1.46755218506, 27.7947368622, 14.0749664307, 91.2994613647, 8.68888473511, 29.8180961609, -11.1190271378, 15.7563686371, -7.59191179276], [-253.977905273, 182.951599121, -26.4136295319, 11.4239625931, 34.8560752869, 4.29397535324, 59.5461730957, 8.68888473511, 86.1795806885, -21.0525493622, 31.972448349, -23.1930427551, 14.9745635986], [262.797363281, -185.247024536, 30.9799900055, -10.133146286, -27.7830810547, 13.1225290298, -37.0625228882, 29.8180961609, -21.0525493622, 95.1667633057, -16.172460556, 27.0238361359, -16.4777183533], [-212.874099731, 135.408004761, -29.2941741943, 17.4241085052, 22.600851059, 2.35405993462, 28.7224807739, -11.1190271378, 31.972448349, -16.172460556, 81.5391235352, 4.08125305176, 20.4401779175], [143.414276123, -124.706466675, 16.7201728821, -7.29212188721, -15.9212245941, 3.21336460114, -29.6027030945, 15.7563686371, -23.1930427551, 27.0238361359, 4.08125305176, 66.7708129883, 3.11865592003], [-139.14881897, 89.3883285522, -7.4142074585, 13.7185869217, 19.0440425873, -1.54180753231, 13.8282432556, -7.59191179276, 14.9745635986, -16.4777183533, 20.4401779175, 3.11865592003, 50.9061126709]],
        "icov": [[0.000681223522406, -0.000239119952312, 0.000276017060969, -0.000905057881027, 0.000505971489474, -0.00015393011563, 0.00024871705682, -0.000910267757718, 0.00134503806476, -0.00107174052391, 0.00117008306552, -0.000842243724037, 0.00100801733788], [-0.000239119952312, 0.00637062825263, -0.000200279653654, 0.00355992699042, -0.00198581418954, 0.00164437387139, -0.00497262738645, 0.00366551522166, -0.0053296117112, 0.00496014906093, -0.00519055081531, 0.00593205820769, -0.0052444525063], [0.000276017060969, -0.000200279653654, 0.00585758080706, -0.000399148528231, -0.00344934524037, -0.000283813831629, 7.23811535863e-05, -0.00260540912859, 0.00309312157333, -0.00177588348743, 0.0021475374233, -0.00100793351885, 0.000655183277559], [-0.000905057881027, 0.00355992699042, -0.000399148528231, 0.0119989560917, -0.00457660853863, 0.000264214264462, -0.000247672840487, 0.00387865956873, -0.0051666512154, 0.00377283990383, -0.00531068304554, 0.00511480588466, -0.00509074050933], [0.000505971489474, -0.00198581418954, -0.00344934524037, -0.00457660853863, 0.0135620236397, -0.00494441948831, -8.88873400982e-05, 0.000508578727022, -0.000862976827193, 0.000394347589463, 0.00122433772776, -0.00167549855541, 0.000470194994705], [-0.00015393011563, 0.00164437387139, -0.000283813831629, 0.000264214264462, -0.00494441948831, 0.0175985116512, -0.00410399027169, -0.00317407748662, 0.00113635987509, -0.00132416654378, -0.00209576799534, 0.00148314761464, -0.000408797874115], [0.00024871705682, -0.00497262738645, 7.23811535863e-05, -0.000247672840487, -8.88873400982e-05, -0.00410399027169, 0.0166764501482, -0.00489857047796, -0.00151731190272, -0.000708234729245, 0.00223298929632, -0.00168413063511, 0.00356083130464], [-0.000910267757718, 0.00366551522166, -0.00260540912859, 0.00387865956873, 0.000508578727022, -0.00317407748662, -0.00489857047796, 0.0193175915629, -0.00909999012947, 0.000704457052052, -0.00148429907858, 0.000202717681532, -0.00293566985056], [0.00134503806476, -0.0053296117112, 0.00309312157333, -0.0051666512154, -0.000862976827193, 0.00113635987509, -0.00151731190272, -0.00909999012947, 0.0279703121632, -0.00659356825054, 0.000940101512242, -0.000809001852758, 0.00360028981231], [-0.00107174052391, 0.00496014906093, -0.00177588348743, 0.00377283990383, 0.000394347589463, -0.00132416654378, -0.000708234729245, 0.000704457052052, -0.00659356825054, 0.0206676647067, -0.00504590943456, 0.00185928912833, -0.00226324237883], [0.00117008306552, -0.00519055081531, 0.0021475374233, -0.00531068304554, 0.00122433772776, -0.00209576799534, 0.00223298929632, -0.00148429907858, 0.000940101512242, -0.00504590943456, 0.0232097767293, -0.0107418354601, 0.00213606026955], [-0.000842243724037, 0.00593205820769, -0.00100793351885, 0.00511480588466, -0.00167549855541, 0.00148314761464, -0.00168413063511, 0.000202717681532, -0.000809001852758, 0.00185928912833, -0.0107418354601, 0.0274825692177, -0.00961504783481], [0.00100801733788, -0.0052444525063, 0.000655183277559, -0.00509074050933, 0.000470194994705, -0.000408797874115, 0.00356083130464, -0.00293566985056, 0.00360028981231, -0.00226324237883, 0.00213606026955, -0.00961504783481, 0.0294219944626]]
    },
    "melbands": {
        "dmean": [0.00167551392224, 0.00322847533971, 0.00151986465789, 0.00156105787028, 0.000518505403306, 0.00017682206817, 0.000165395860677, 0.000142452889122, 0.000166660203831, 8.1743390183e-05, 9.00038721738e-05, 0.000111058761831, 6.64506806061e-05, 4.7752258979e-05, 2.34319122683e-05, 1.62976721185e-05, 1.62315755006e-05, 1.20067434182e-05, 1.03901347757e-05, 1.01269442894e-05, 5.96009658693e-06, 6.03672015131e-06, 5.36833977094e-06, 4.9402951845e-06, 3.07110190079e-06, 3.4080169371e-06, 2.98259442388e-06, 2.19722824113e-06, 2.30189698414e-06, 1.83533052223e-06, 1.67111568317e-06, 1.44922330492e-06, 1.16385308502e-06, 8.60823718085e-07, 6.25126745035e-07, 7.03537011759e-07, 6.53672771023e-07, 4.633055255e-07, 4.54740643363e-07, 6.44813894723e-07],
        "dmean2": [0.00272329081781, 0.00531192263588, 0.00241746008396, 0.00258272187784, 0.000861387059558, 0.000310193368932, 0.000268020579824, 0.000217639404582, 0.000249170087045, 0.000116125491331, 0.000136283255415, 0.000178200367372, 0.000101162346255, 7.58293681429e-05, 3.71969217667e-05, 2.55438681052e-05, 2.49239365075e-05, 1.79351736733e-05, 1.60475992743e-05, 1.60356685228e-05, 8.89627153811e-06, 8.9600443971e-06, 7.87120916357e-06, 7.43640430301e-06, 4.3818758968e-06, 4.95894073538e-06, 4.38233246314e-06, 2.97332076116e-06, 3.22451774082e-06, 2.63318156613e-06, 2.41934685619e-06, 1.95906659428e-06, 1.56230362336e-06, 1.20897141187e-06, 9.11495988021e-07, 1.00774013845e-06, 9.54633378569e-07, 6.73455986089e-07, 6.73442002608e-07, 9.61883984019e-07],
        "dvar": [7.40218001738e-06, 2.25152634812e-05, 3.55424549525e-06, 6.12320945947e-06, 4.47985456731e-07, 5.58292825303e-08, 8.20299419502e-08, 5.62907764845e-08, 6.58947598708e-08, 2.04099599443e-08, 1.14059597323e-08, 3.41996049258e-08, 8.00125210532e-09, 4.82970596849e-09, 1.10837283795e-09, 4.5578493757e-10, 4.89621121424e-10, 5.21105547602e-10, 2.35732600107e-10, 2.47307063717e-10, 6.25251447839e-11, 1.10820894128e-10, 5.78362600867e-11, 5.2276190321e-11, 2.27243172196e-11, 2.39411459407e-11, 1.94698372008e-11, 1.28750256984e-11, 1.7732483884e-11, 8.28435670758e-12, 8.16197023162e-12, 6.05325555306e-12, 3.66827401788e-12, 2.04947495606e-12, 1.00183555028e-12, 1.35945768531e-12, 1.1814247497e-12, 5.01698454915e-13, 5.41265979519e-13, 1.33822206788e-12],
        "dvar2": [1.85237258847e-05, 5.56551094633e-05, 7.52008418203e-06, 1.56030419021e-05, 1.15282273327e-06, 1.54287263854e-07, 1.88476036556e-07, 1.35584869554e-07, 1.28420595047e-07, 3.49551321221e-08, 2.47726106295e-08, 8.37362463812e-08, 1.87464834767e-08, 1.18326166643e-08, 2.65225641449e-09, 1.10007591925e-09, 1.08681985633e-09, 1.06063846594e-09, 5.49958745211e-10, 6.04293060036e-10, 1.37354835839e-10, 2.31053579047e-10, 1.19314710889e-10, 1.09050435348e-10, 4.61710218669e-11, 4.99165674073e-11, 4.17582184109e-11, 2.45948539312e-11, 3.79267277306e-11, 1.69051821153e-11, 1.75371262651e-11, 1.12981802733e-11, 7.20982475111e-12, 4.2476547453e-12, 2.18880404253e-12, 2.97565964924e-12, 2.6000759705e-12, 1.0566516195e-12, 1.23867517805e-12, 3.15295359266e-12],
        "max": [0.0200428962708, 0.0561849400401, 0.0313307978213, 0.0219868309796, 0.0106432652101, 0.00308982422575, 0.00394009007141, 0.00308367144316, 0.00386688578874, 0.00238725356758, 0.0013851353433, 0.0016400833847, 0.000826849776786, 0.000910963630304, 0.000357143959263, 0.000208549696254, 0.000210723810596, 0.00028646341525, 0.000177183930646, 0.00018867693143, 7.96713648015e-05, 0.000115707982332, 6.72426613164e-05, 0.000115535927762, 4.96968459629e-05, 5.18316410307e-05, 3.99223863496e-05, 3.86169413105e-05, 4.39927753177e-05, 2.19574303628e-05, 2.7246253012e-05, 1.83819720405e-05, 1.71827323356e-05, 1.56952119141e-05, 9.3630505944e-06, 1.40354832183e-05, 1.42309881994e-05, 5.88891316511e-06, 6.30453268968e-06, 1.2820273696e-05],
        "mean": [0.00228474778123, 0.0048373285681, 0.00297733373009, 0.00234360410832, 0.00108497170731, 0.000265554088401, 0.000267036230071, 0.000221264606807, 0.000268440227956, 0.000144890931551, 0.0001872991852, 0.000162717245985, 0.000122024139273, 7.44698918425e-05, 3.93470618292e-05, 2.93801040243e-05, 3.00772026094e-05, 2.00283466256e-05, 1.84482032637e-05, 1.57254271471e-05, 9.82603432931e-06, 9.78030220722e-06, 9.12115501706e-06, 7.35121739126e-06, 4.91359151056e-06, 5.31222576683e-06, 4.43839462605e-06, 3.05833464154e-06, 2.98432269119e-06, 2.53141502071e-06, 2.22107678383e-06, 1.9748813429e-06, 1.59304602221e-06, 1.21346204196e-06, 8.83495829385e-07, 1.02352043996e-06, 9.22778099266e-07, 6.09092069226e-07, 5.32700539679e-07, 6.87487386131e-07],
        "median": [0.00124662905, 0.00250642211176, 0.00190320645925, 0.00150019046851, 0.000777651439421, 0.000188378995517, 0.000151617947267, 0.000127546838485, 0.000154621491674, 6.85840059305e-05, 0.000134329267894, 9.61224359344e-05, 8.02140057203e-05, 4.41129704996e-05, 2.65279013547e-05, 1.89506245079e-05, 1.98590441869e-05, 1.05568451545e-05, 1.22418123283e-05, 9.45786450757e-06, 5.9509102357e-06, 5.7622987697e-06, 5.55013366466e-06, 4.19695197706e-06, 2.40871554524e-06, 2.57143756244e-06, 2.20215429181e-06, 1.15035959425e-06, 1.01930731944e-06, 9.86670784187e-07, 7.57603459078e-07, 5.89903436321e-07, 5.43358567029e-07, 4.52727505262e-07, 3.63978472251e-07, 3.8520175849e-07, 3.39710652497e-07, 2.42557945285e-07, 1.51700689344e-07, 1.46410059187e-07],
        "min": [1.22501208118e-23, 1.72704308238e-23, 7.82637897084e-24, 1.44785353288e-23, 1.41952963985e-23, 7.45526882431e-24, 1.11493435158e-23, 8.69806553794e-24, 9.84675745647e-24, 7.87139295181e-24, 1.3506078092e-23, 1.45894775711e-23, 6.08806598491e-24, 5.16110117316e-24, 1.01824445929e-23, 4.19134815149e-24, 5.65508666087e-24, 3.97924159788e-24, 8.64558419964e-24, 1.23564119302e-23, 2.14782354026e-23, 9.46793146143e-24, 5.26558816664e-24, 7.27119838727e-24, 8.09537738408e-24, 8.29025521552e-24, 7.05479806375e-24, 1.01449405678e-23, 8.86452544414e-24, 1.01542609594e-23, 5.54969721052e-24, 5.92663703914e-24, 7.39355939114e-24, 8.86217384978e-24, 1.50121255783e-23, 9.42024166426e-24, 1.03873409579e-23, 9.22818874372e-24, 8.64184342123e-24, 1.38957848455e-23],
        "var": [8.87233545654e-06, 4.39162540715e-05, 1.17078934636e-05, 6.85184568283e-06, 1.0497835774e-06, 6.7046109109e-08, 1.30068769977e-07, 7.75883748361e-08, 1.23494558579e-07, 6.52019451763e-08, 2.85256263055e-08, 3.96197954444e-08, 1.55640424992e-08, 8.23416090867e-09, 1.68753144791e-09, 9.23421894505e-10, 1.05542885542e-09, 8.11928690947e-10, 3.64007129994e-10, 3.36598859896e-10, 1.08832207135e-10, 1.58983937126e-10, 1.04405144252e-10, 8.68439348212e-11, 3.83820822347e-11, 4.37372187079e-11, 3.16081015528e-11, 2.17696641963e-11, 2.44538746891e-11, 1.35227237394e-11, 1.19813568789e-11, 1.02990385317e-11, 6.08767159946e-12, 3.27959708002e-12, 1.58251016458e-12, 2.39981884191e-12, 2.03371629433e-12, 7.9442485576e-13, 7.32114293234e-13, 1.64445345362e-12]
    },
    "mfcc": {
        "mean": [-630.152893066, 149.837005615, 14.0857248306, 20.4892616272, 5.1880197525, 9.48661994934, 5.52835321426, 9.11159515381, 0.868478834629, -0.955693125725, -5.83726358414, -5.18611860275, -4.67079734802],
        "cov": [[2312.5690918, -912.746276855, 55.9633560181, -64.8024749756, -69.8625640869, -93.5834579468, -50.8464012146, -180.878952026, -23.4041690826, -62.5168228149, 31.7945480347, -26.7565593719, -14.535282135], [-912.746276855, 810.255126953, -50.0255813599, 35.8653335571, -22.462556839, 53.6434783936, 51.2269935608, 130.208282471, 44.6165313721, 47.754070282, 23.0130844116, 7.05139970779, 3.23420643806], [55.9633560181, -50.0255813599, 144.830856323, 9.22028160095, 32.7773017883, 0.241577520967, 24.1386566162, -3.75146746635, 15.2341718674, 6.71016597748, 2.95991206169, -9.2441740036, 2.51110672951], [-64.8024749756, 35.8653335571, 9.22028160095, 115.842506409, 40.4532203674, 26.6042804718, 4.52651500702, 14.4784297943, 0.361416190863, 9.42021369934, -9.78302955627, -4.41937637329, 0.356150448322], [-69.8625640869, -22.462556839, 32.7773017883, 40.4532203674, 136.566452026, 29.615562439, 21.2163486481, 8.63423728943, 3.58336043358, 6.53615999222, -11.65184021, -0.352842152119, 1.32354414463], [-93.5834579468, 53.6434783936, 0.241577520967, 26.6042804718, 29.615562439, 82.6228027344, 22.4803543091, 10.7328214645, 5.99783706665, 6.90187168121, 6.71277952194, -2.72853899002, -1.0618904829], [-50.8464012146, 51.2269935608, 24.1386566162, 4.52651500702, 21.2163486481, 22.4803543091, 73.8163452148, 27.4989681244, 14.8045034409, 8.36272716522, 14.6837301254, 1.38460588455, 9.70705127716], [-180.878952026, 130.208282471, -3.75146746635, 14.4784297943, 8.63423728943, 10.7328214645, 27.4989681244, 96.9022979736, 23.9088115692, 17.3391513824, 3.03239655495, 10.5866670609, 9.09285545349], [-23.4041690826, 44.6165313721, 15.2341718674, 0.361416190863, 3.58336043358, 5.99783706665, 14.8045034409, 23.9088115692, 76.3419113159, 22.7740688324, 13.8907651901, 0.674160599709, 2.03507637978], [-62.5168228149, 47.754070282, 6.71016597748, 9.42021369934, 6.53615999222, 6.90187168121, 8.36272716522, 17.3391513824, 22.7740688324, 66.3247299194, 8.5085439682, 9.89989948273, -0.34977209568], [31.7945480347, 23.0130844116, 2.95991206169, -9.78302955627, -11.65184021, 6.71277952194, 14.6837301254, 3.03239655495, 13.8907651901, 8.5085439682, 70.9404983521, 2.80139136314, -0.183738991618], [-26.7565593719, 7.05139970779, -9.2441740036, -4.41937637329, -0.352842152119, -2.72853899002, 1.38460588455, 10.5866670609, 0.674160599709, 9.89989948273, 2.80139136314, 55.1036529541, 14.1690502167], [-14.535282135, 3.23420643806, 2.51110672951, 0.356150448322, 1.32354414463, -1.0618904829, 9.70705127716, 9.09285545349, 2.03507637978, -0.34977209568, -0.183738991618, 14.1690502167, 54.33776474]],
