{
"lowlevel": {
    "average_loudness": 0.301342755556,
    "barkbands_crest": {
        "dmean": 2.75225973129,
        "dmean2": 4.3126912117,
        "dvar": 7.46275997162,
        "dvar2": 15.384759903,
        "max": 26.4290103912,
        "mean": 15.1649169922,
        "median": 14.3209762573,
        "min": 3.25745487213,
        "var": 27.9873886108
    },
    "barkbands_flatness_db": {
        "dmean": 0.0308691672981,
        "dmean2": 0.0469069182873,
        "dvar": 0.00103835901245,
        "dvar2": 0.0020363049116,
        "max": 0.494323939085,
        "mean": 0.307601183653,
        "median": 0.307849347591,
        "min": 0.0434482805431,
        "var": 0.00652046920732
    },
    "barkbands_kurtosis": {
        "dmean": 15.7232913971,
        "dmean2": 24.2403125763,
        "dvar": 954.293640137,
        "dvar2": 2038.57189941,
        "max": 389.775665283,
        "mean": 28.5075073242,
        "median": 14.1354789734,
        "min": -1.89071583748,
        "var": 1699.53125
    },
    "barkbands_skewness": {
        "dmean": 1.00697946548,
        "dmean2": 1.52102971077,
        "dvar": 1.65688216686,
        "dvar2": 3.32265639305,
        "max": 16.3371276855,
        "mean": 2.93042349815,
        "median": 2.36513566971,
        "min": -1.86779510975,
        "var": 5.04324531555
    },
    "barkbands_spread": {
        "dmean": 2.09899187088,
        "dmean2": 3.20365738869,
        "dvar": 34.6117324829,
        "dvar2": 64.278213501,
        "max": 84.8453369141,
        "mean": 5.59828710556,
        "median": 2.49386548996,
        "min": 0.225921928883,
        "var": 94.8530883789
    },
    "dissonance": {
        "dmean": 0.0363565571606,
        "dmean2": 0.0596624352038,
        "dvar": 0.000966785592027,
        "dvar2": 0.00248136161827,
        "max": 0.496610581875,
        "mean": 0.379305779934,
        "median": 0.381600499153,
        "min": 0.150881290436,
        "var": 0.00310758990236
    },
    "dynamic_complexity": 4.91253805161,
    "erbbands_crest": {
        "dmean": 2.81784391403,
        "dmean2": 4.38104534149,
        "dvar": 7.240275383,
        "dvar2": 16.5670337677,
        "max": 30.9907951355,
        "mean": 14.8750743866,
        "median": 14.0984783173,
        "min": 3.31446194649,
        "var": 29.3429889679
    },
    "erbbands_flatness_db": {
        "dmean": 0.0255680568516,
        "dmean2": 0.038704957813,
        "dvar": 0.000752110790927,
        "dvar2": 0.00149023428094,
        "max": 0.411819010973,
        "mean": 0.273869991302,
        "median": 0.276547133923,
        "min": 0.0829566195607,
        "var": 0.00352927320637
    },
    "erbbands_kurtosis": {
        "dmean": 4.43069982529,
        "dmean2": 6.79449892044,
        "dvar": 57.2564697266,
        "dvar2": 122.143295288,
        "max": 126.554077148,
        "mean": 8.88746833801,
        "median": 4.94900941849,
        "min": -1.8827047348,
        "var": 160.087356567
    },
    "erbbands_skewness": {
        "dmean": 0.606193721294,
        "dmean2": 0.891433894634,
        "dvar": 0.49631857872,
        "dvar2": 0.941916286945,
        "max": 9.75296592712,
        "mean": 2.05571961403,
        "median": 1.89210379124,
        "min": -2.09773445129,
        "var": 2.53527975082
    },
    "erbbands_spread": {
        "dmean": 5.98675727844,
        "dmean2": 9.34198284149,
        "dvar": 117.263122559,
        "dvar2": 247.752685547,
        "max": 154.738723755,
        "mean": 19.2917327881,
        "median": 12.5917425156,
        "min": 1.59031748772,
        "var": 410.653991699
    },
    "hfc": {
        "dmean": 2.59300494194,
        "dmean2": 3.43176054955,
        "dvar": 55.0477867126,
        "dvar2": 72.8957290649,
        "max": 274.986999512,
        "mean": 7.13135719299,
        "median": 2.36418294907,
        "min": 1.14926144968e-16,
        "var": 327.560058594
    },
    "melbands_crest": {
        "dmean": 3.23648047447,
        "dmean2": 5.0330581665,
        "dvar": 9.95451831818,
        "dvar2": 20.6795101166,
        "max": 34.0124359131,
        "mean": 19.1598434448,
        "median": 18.3476924896,
        "min": 1.82026219368,
        "var": 39.7359085083
    },
    "melbands_flatness_db": {
        "dmean": 0.0327007099986,
        "dmean2": 0.0495520569384,
        "dvar": 0.00128889398184,
        "dvar2": 0.00245550833642,
        "max": 0.593370974064,
        "mean": 0.390249878168,
        "median": 0.392971932888,
        "min": 0.00505109177902,
        "var": 0.00973568111658
    },
    "melbands_kurtosis": {
        "dmean": 17.4544010162,
        "dmean2": 26.4952411652,
        "dvar": 820.714599609,
        "dvar2": 1688.33361816,
        "max": 309.707244873,
        "mean": 35.4372062683,
        "median": 19.46849823,
        "min": -1.22430944443,
        "var": 1857.67480469
    },
    "melbands_skewness": {
        "dmean": 0.980709910393,
        "dmean2": 1.50301420689,
        "dvar": 1.39829564095,
        "dvar2": 2.93214941025,
        "max": 13.6003932953,
        "mean": 3.33517122269,
        "median": 2.85295128822,
        "min": -1.01279723644,
        "var": 4.75977611542
    },
    "melbands_spread": {
        "dmean": 2.12923693657,
        "dmean2": 3.2977912426,
        "dvar": 38.1315116882,
        "dvar2": 75.3532104492,
        "max": 130.961975098,
        "mean": 5.94663381577,
        "median": 2.96417307854,
        "min": 0.343346148729,
        "var": 92.5373382568
    },
    "pitch_salience": {
        "dmean": 0.0755589902401,
        "dmean2": 0.119890503585,
        "dvar": 0.00504711410031,
        "dvar2": 0.0117348730564,
        "max": 0.914164304733,
        "mean": 0.477056115866,
        "median": 0.491956561804,
        "min": 0.103278152645,
        "var": 0.015423765406
    },
    "silence_rate_20dB": {
        "dmean": 0,
        "dmean2": 0,
        "dvar": 0,
        "dvar2": 0,
        "max": 1,
        "mean": 1,
        "median": 1,
        "min": 1,
        "var": 0
    },
    "silence_rate_30dB": {
        "dmean": 0.0092783505097,
        "dmean2": 0.0185662712902,
        "dvar": 0.00919212307781,
        "dvar2": 0.0213160719723,
        "max": 1,
        "mean": 0.981968045235,
        "median": 1,
        "min": 0,
        "var": 0.01770635508
    },
    "silence_rate_60dB": {
        "dmean": 0.0742268040776,
        "dmean2": 0.148530170321,
        "dvar": 0.0687163025141,
        "dvar2": 0.149163514376,
        "max": 1,
        "mean": 0.223596081138,
        "median": 0,
        "min": 0,
        "var": 0.173598155379
    },
    "spectral_centroid": {
        "dmean": 93.6920928955,
        "dmean2": 139.574295044,
        "dvar": 100021.03125,
        "dvar2": 146752.359375,
        "max": 10579.6494141,
        "mean": 462.144927979,
        "median": 312.301727295,
        "min": 139.806991577,
        "var": 239028.25
    },
    "spectral_complexity": {
        "dmean": 1.02371132374,
        "dmean2": 1.65188241005,
        "dvar": 1.38088405132,
        "dvar2": 2.96955823898,
        "max": 28,
        "mean": 5.96239042282,
        "median": 5,
        "min": 0,
        "var": 13.6219959259
    },
    "spectral_decrease": {
        "dmean": 1.685774631e-09,
        "dmean2": 2.44581377373e-09,
        "dvar": 1.06540623014e-17,
        "dvar2": 1.9787647523e-17,
        "max": -2.02965195479e-29,
        "mean": -4.1407801632e-09,
        "median": -2.0537151979e-09,
        "min": -6.54364313846e-08,
        "var": 4.04620591325e-17
    },
    "spectral_energy": {
        "dmean": 0.00658419402316,
        "dmean2": 0.00951451063156,
        "dvar": 0.000164478988154,
        "dvar2": 0.00030102711753,
        "max": 0.271914094687,
        "mean": 0.0162750817835,
        "median": 0.00797130912542,
        "min": 1.05007396057e-20,
        "var": 0.000648245331831
    },
    "spectral_energyband_high": {
        "dmean": 3.76485404558e-05,
        "dmean2": 4.7553650802e-05,
        "dvar": 2.21189875305e-08,
        "dvar2": 3.51841329405e-08,
        "max": 0.00268792919815,
        "mean": 6.26541659585e-05,
        "median": 2.63549509327e-06,
        "min": 7.67598889966e-21,
        "var": 5.55478614217e-08
    },
    "spectral_energyband_low": {
        "dmean": 0.000547348114196,
        "dmean2": 0.000788276665844,
        "dvar": 1.21223081351e-06,
        "dvar2": 2.53738221545e-06,
        "max": 0.0180321726948,
        "mean": 0.00110929156654,
        "median": 0.000635434291326,
        "min": 6.27437560363e-23,
        "var": 2.54709834735e-06
    },
    "spectral_energyband_middle_high": {
        "dmean": 0.000672295165714,
        "dmean2": 0.000833121011965,
        "dvar": 1.5030558643e-05,
        "dvar2": 2.04035841307e-05,
        "max": 0.152622818947,
        "mean": 0.00151815044228,
        "median": 8.19716733531e-05,
        "min": 1.37882152676e-21,
        "var": 6.71719099046e-05
    },
    "spectral_energyband_middle_low": {
        "dmean": 0.00587754743174,
        "dmean2": 0.00884521566331,
        "dvar": 0.000134030138724,
        "dvar2": 0.000264163565589,
        "max": 0.196242570877,
        "mean": 0.0138771086931,
        "median": 0.00685254530981,
        "min": 2.8482584076e-22,
        "var": 0.000433634617366
    },
    "spectral_entropy": {
        "dmean": 0.291432082653,
        "dmean2": 0.449843764305,
        "dvar": 0.113096825778,
        "dvar2": 0.230677604675,
        "max": 9.80467987061,
        "mean": 5.84338235855,
        "median": 5.87457418442,
        "min": 4.14003038406,
        "var": 0.539285719395
    },
    "spectral_flux": {
        "dmean": 0.0228169336915,
        "dmean2": 0.0379888564348,
        "dvar": 0.000882965978235,
        "dvar2": 0.00237203272991,
        "max": 0.371766448021,
        "mean": 0.046121828258,
        "median": 0.0335269160569,
        "min": 1.02473113328e-10,
        "var": 0.00180683913641
    },
    "spectral_kurtosis": {
        "dmean": 11.3494520187,
        "dmean2": 18.5248775482,
        "dvar": 171.861907959,
        "dvar2": 407.027984619,
        "max": 148.560638428,
        "mean": 27.6850986481,
        "median": 20.9671516418,
        "min": -1.24893271923,
        "var": 554.450744629
    },
    "spectral_rms": {
        "dmean": 0.000704736157786,
        "dmean2": 0.000998829142191,
        "dvar": 8.35397884202e-07,
        "dvar2": 1.48239871578e-06,
        "max": 0.0162874814123,
        "mean": 0.00332023599185,
        "median": 0.00278870714828,
        "min": 3.20072245617e-12,
        "var": 4.85415148432e-06
    },
    "spectral_rolloff": {
        "dmean": 163.585189819,
        "dmean2": 284.439483643,
        "dvar": 571332.0625,
        "dvar2": 1108765.125,
        "max": 18927.6855469,
        "mean": 541.535827637,
        "median": 322.998046875,
        "min": 107.666015625,
        "var": 807204.875
    },
    "spectral_skewness": {
        "dmean": 0.807251155376,
        "dmean2": 1.29511272907,
        "dvar": 0.66459351778,
        "dvar2": 1.56355071068,
        "max": 9.90341091156,
        "mean": 3.75111246109,
        "median": 3.54169750214,
        "min": 0.0352812707424,
        "var": 2.94864201546
    },
    "spectral_spread": {
        "dmean": 597074.4375,
        "dmean2": 904363.125,
        "dvar": 1.0854612992e+12,
        "dvar2": 1.6344612864e+12,
        "max": 40699616,
        "mean": 2636063,
        "median": 2251651,
        "min": 595978.1875,
        "var": 3.47292434432e+12
    },
    "spectral_strongpeak": {
        "dmean": 0.322342276573,
        "dmean2": 0.504450619221,
        "dvar": 0.429066866636,
        "dvar2": 0.978744506836,
        "max": 15.3397321701,
        "mean": 0.835837304592,
        "median": 0.550595343113,
        "min": 0,
        "var": 1.42444050312
    },
    "zerocrossingrate": {
        "dmean": 0.00469177868217,
        "dmean2": 0.00545167643577,
        "dvar": 0.000214518804569,
        "dvar2": 0.000234981416725,
        "max": 0.505859375,
        "mean": 0.0225477255881,
        "median": 0.01513671875,
        "min": 0.00439453125,
        "var": 0.000593155622482
    },
    "barkbands": {
        "dmean": [2.86863109977e-06, 0.000171513354871, 0.000323439569911, 0.000398299307562, 0.0044317021966, 0.00114802876487, 0.000325580185745, 0.000224030387471, 0.000846728449687, 0.000155551868374, 0.000265081005637, 0.000105750776129, 0.000212558137719, 0.000235586820054, 5.24163297086e-05, 1.57530430442e-05, 2.8695749279e-05, 2.35452916968e-05, 4.20515561927e-06, 6.17994010099e-06, 1.23957943288e-05, 7.08234983904e-06, 7.07879871698e-06, 5.2644659263e-06, 5.65686650589e-06, 8.86179975623e-07, 3.62781023e-08],
        "dmean2": [5.07426420882e-06, 0.000224521616474, 0.000475943583297, 0.000657428230625, 0.00681718112901, 0.00168366124853, 0.000519200402778, 0.00034589637653, 0.00111849850509, 0.000227815602557, 0.000317349826219, 0.00017585119349, 0.000316739169648, 0.000365657993825, 7.51355764805e-05, 2.3545777367e-05, 4.0532569983e-05, 3.4948814573e-05, 6.57844657326e-06, 7.92460195953e-06, 1.72262880369e-05, 1.00592487797e-05, 9.89223735814e-06, 7.44040744394e-06, 7.24639085092e-06, 1.45183446421e-06, 6.46525251113e-08],
        "dvar": [1.54858195711e-10, 1.47929284822e-07, 5.18450974596e-07, 4.02294290325e-07, 8.81922242115e-05, 2.04717471206e-05, 1.32781224238e-06, 7.27969904801e-07, 1.64003613463e-05, 1.41851671742e-06, 5.98622500547e-06, 1.06576453618e-06, 3.49737342731e-06, 6.00840485276e-06, 6.16057675984e-08, 4.15095868789e-09, 3.44161108501e-08, 2.08530011037e-08, 2.88340101795e-10, 8.03402011584e-10, 3.11305381473e-09, 1.60457425125e-09, 1.12351827841e-09, 7.65966234884e-10, 1.21698273681e-09, 3.56767358711e-11, 1.01239824087e-13],
        "dvar2": [4.40551956027e-10, 2.73985392596e-07, 1.13278792924e-06, 1.1008854699e-06, 0.000190951919649, 4.63558571937e-05, 3.06090396407e-06, 1.75304353434e-06, 2.73172463494e-05, 2.9596199056e-06, 7.88752731751e-06, 3.06100355374e-06, 8.23250320536e-06, 1.09092452476e-05, 1.20822832628e-07, 9.14119979711e-09, 6.60909620365e-08, 4.11726190919e-08, 6.80503930983e-10, 1.25138543972e-09, 5.68531310918e-09, 3.53754736615e-09, 2.14462669845e-09, 1.3274018551e-09, 2.1094930247e-09, 8.68576738311e-11, 2.80080049864e-13],
        "max": [0.00036700812052, 0.00662841973826, 0.0125087145716, 0.00985110830516, 0.125951692462, 0.100864589214, 0.0228671170771, 0.0154753951356, 0.111336290836, 0.042554423213, 0.126421779394, 0.0277811642736, 0.0584562756121, 0.0754283666611, 0.00897640362382, 0.00167664990295, 0.00782757252455, 0.00421529496089, 0.000416025111917, 0.000734660716262, 0.00134111684747, 0.0012052769307, 0.00082295195898, 0.000651876849588, 0.000933372066356, 0.000108552427264, 8.10460005596e-06],
        "mean": [2.58723957813e-06, 0.000286851398414, 0.000540378678124, 0.000783530180342, 0.00720418570563, 0.00300464010797, 0.000635478645563, 0.000415520597016, 0.00175445305649, 0.000232646882068, 0.000419296091422, 0.000133959649247, 0.000290138064884, 0.000291253294563, 9.14726042538e-05, 2.84379693767e-05, 4.78255424241e-05, 3.71744827135e-05, 8.49230309541e-06, 1.27346493173e-05, 1.78591053555e-05, 9.78318803391e-06, 1.10001019493e-05, 7.45455736251e-06, 7.11746315574e-06, 8.1090962567e-07, 2.6285137622e-08],
        "median": [7.54166705974e-07, 0.000104992672277, 0.000249767588684, 0.000550399359781, 0.00310839805752, 0.00032657122938, 0.000132066648803, 2.02654973691e-05, 2.50446792052e-05, 9.86674604064e-06, 1.21180960377e-06, 1.20367640193e-05, 3.82213465855e-06, 3.186527465e-06, 2.80227209259e-06, 2.8512413337e-06, 5.35035769644e-06, 2.21331606554e-06, 8.16343288079e-07, 6.63105197418e-07, 5.97114535594e-07, 3.23822519022e-07, 2.17182929418e-07, 1.41462436432e-07, 1.23149362707e-07, 1.64666218438e-08, 5.21221565908e-10],
        "min": [9.8609250039e-25, 2.02585538913e-23, 2.32358632534e-23, 2.70216351366e-23, 1.49253335238e-23, 2.18251590738e-23, 3.76247050973e-23, 7.17558166135e-23, 9.75018573554e-23, 6.18099024967e-23, 4.44043303335e-23, 7.0754682705e-23, 6.80306892013e-23, 7.08416151768e-23, 2.30230329988e-22, 1.26154307797e-22, 1.89244108713e-22, 2.91950201367e-22, 1.8274962514e-22, 2.54217810446e-22, 4.29750771941e-22, 4.67342960192e-22, 6.57414464088e-22, 1.17200577488e-21, 1.23979712368e-21, 1.70087175726e-21, 2.12391203658e-21],
        "var": [1.0112609361e-10, 3.246335325e-07, 9.00441193608e-07, 7.61574767694e-07, 0.000135150083224, 7.43494747439e-05, 2.88933415504e-06, 2.14233705265e-06, 7.51790357754e-05, 2.10432745007e-06, 2.05554188142e-05, 1.0487341342e-06, 6.00927387495e-06, 8.32527166494e-06, 1.86084776033e-07, 8.77209771488e-09, 5.82414081407e-08, 4.17442187484e-08, 9.38291000452e-10, 2.61577137728e-09, 5.527080571e-09, 2.96271740474e-09, 2.24829133089e-09, 1.65056190937e-09, 2.10151940294e-09, 3.18570551883e-11, 6.55249915741e-14]
    },
    "erbbands": {
        "dmean": [0.00102705799509, 0.0553796738386, 0.371346443892, 0.797867417336, 11.1178693771, 14.8638811111, 6.02186441422, 9.80367279053, 6.66360235214, 3.2258067131, 7.00768613815, 14.5926609039, 13.8317203522, 6.56049537659, 9.79899024963, 2.8469991684, 5.68016862869, 13.3787117004, 3.43347072601, 1.39890468121, 0.890376567841, 1.28140103817, 1.45203089714, 0.358067423105, 0.156332924962, 0.329846203327, 0.660684347153, 0.277314007282, 0.203786537051, 0.287201225758, 0.201084882021, 0.117721669376, 0.0967466831207, 0.0759607926011, 0.0300131998956, 0.00590761890635, 0.00146124127787, 0.00015234676539, 6.78987589708e-06, 7.42805650589e-06],
        "dmean2": [0.00148374412674, 0.0729188770056, 0.526002943516, 1.28455674648, 17.2363624573, 22.6572952271, 8.6581697464, 14.7494659424, 10.2541637421, 4.71106672287, 10.5040988922, 19.0338592529, 17.8771762848, 9.43331241608, 11.8965396881, 4.53144693375, 7.9409866333, 18.9157600403, 5.19500255585, 1.94448375702, 1.3037378788, 1.75024485588, 2.1322491169, 0.490732192993, 0.2419347018, 0.437459796667, 0.952861368656, 0.384026259184, 0.281905204058, 0.427914440632, 0.26850566268, 0.160678133368, 0.13806283474, 0.0977530479431, 0.0408280678093, 0.00901001971215, 0.00243081455119, 0.000249950448051, 1.03968159237e-05, 1.06788647827e-05],
        "dvar": [6.24439826424e-06, 0.0153046352789, 0.695011079311, 1.69082856178, 572.432922363, 1016.35211182, 216.581665039, 2432.74804688, 908.524169922, 110.205673218, 552.650512695, 3582.04931641, 8339.32519531, 2190.45239258, 6164.50146484, 652.595825195, 1903.69873047, 19139.9511719, 239.145385742, 58.9136352539, 18.3613834381, 53.3062057495, 73.4983978271, 2.09041547775, 0.499732136726, 2.36915206909, 10.6258220673, 1.38002729416, 1.15230607986, 2.17571306229, 0.987030863762, 0.352137058973, 0.305991619825, 0.208424642682, 0.0414568334818, 0.0018643894, 0.000101437028206, 8.39693313992e-07, 6.79135414572e-10, 2.06054603935e-10],
        "dvar2": [1.45547810462e-05, 0.0284335073084, 1.44552016258, 4.5562543869, 1273.34570312, 2174.43701172, 432.854675293, 5543.64990234, 2046.08068848, 223.01373291, 1276.07043457, 6436.77783203, 10594.9101562, 4012.60766602, 8164.66845703, 1846.88317871, 3301.6887207, 30617.109375, 545.784606934, 107.241226196, 41.8907279968, 86.706489563, 143.834075928, 3.7049665451, 1.14760696888, 4.03144550323, 19.9020080566, 2.50993490219, 2.29168200493, 5.05573177338, 1.87612509727, 0.554265022278, 0.60272526741, 0.33757019043, 0.082975782454, 0.0043941414915, 0.000243714996031, 2.07687594411e-06, 1.69310765408e-09, 3.7354416782e-10],
        "max": [0.0420443639159, 2.0983877182, 14.2679414749, 21.6191062927, 308.378479004, 497.78503418, 296.089538574, 1137.54309082, 777.07244873, 207.108139038, 408.068359375, 1375.71337891, 2593.48535156, 1387.20153809, 4000.54614258, 816.854736328, 1478.70373535, 4383.93457031, 302.977142334, 296.422943115, 134.580337524, 314.260742188, 275.271820068, 54.1847763062, 18.5044708252, 39.5019645691, 81.2843399048, 24.5711765289, 31.7240028381, 36.7778892517, 27.0398082733, 14.8775510788, 10.8825492859, 12.2864246368, 5.17809295654, 1.14266550541, 0.219702988863, 0.0162518825382, 0.000434096466051, 0.000325819826685],
        "mean": [0.00162795593496, 0.0933398455381, 0.630370020866, 1.78445708752, 16.3736763, 24.6192417145, 16.6174411774, 26.5401439667, 14.2517356873, 6.35028171539, 14.0101890564, 30.5803375244, 28.0840301514, 11.1434955597, 15.4234209061, 4.41629648209, 9.98354625702, 20.3700962067, 6.49333763123, 2.66865777969, 1.61604559422, 2.43487906456, 2.56052565575, 0.781275510788, 0.330371767282, 0.68063390255, 0.951932072639, 0.435107976198, 0.294830828905, 0.410337805748, 0.293980419636, 0.179131984711, 0.125566780567, 0.10135102272, 0.0326081998646, 0.00569299189374, 0.00132753420621, 0.000138211704325, 1.17127638077e-05, 1.8550637833e-05],
        "median": [0.000671124784276, 0.0347979255021, 0.266934931278, 1.31147444248, 6.51924610138, 9.74784660339, 3.98844265938, 3.05828118324, 2.42615365982, 1.32152831554, 0.789594352245, 0.768686592579, 0.272336095572, 0.326908946037, 0.286641299725, 0.36167049408, 0.220038563013, 0.186294078827, 0.183228209615, 0.168142482638, 0.223579362035, 0.30367270112, 0.176324099302, 0.0783061310649, 0.0369490981102, 0.0372604802251, 0.0324128270149, 0.0162775795907, 0.0112691586837, 0.00806111562997, 0.00571232987568, 0.00372417829931, 0.00215243524872, 0.00172258587554, 0.000548318726942, 0.00013730408682, 2.17208671529e-05, 2.73477803603e-06, 4.22453649662e-06, 8.93576998351e-06],
        "min": [6.86318580091e-22, 4.25904311411e-21, 2.05351706813e-20, 7.50603527241e-20, 4.20960065482e-20, 6.16465786534e-20, 9.43042185366e-20, 2.42631848448e-19, 6.35591520615e-19, 9.76873109862e-19, 1.23076916785e-18, 1.87837662424e-18, 2.50141898778e-18, 2.05440624206e-18, 2.97511575288e-18, 1.82599685951e-18, 3.18258485142e-18, 3.3004671877e-18, 7.59826190405e-18, 1.08244515815e-17, 8.27707195731e-18, 1.11002195356e-17, 1.6251114569e-17, 9.88647757048e-18, 1.00147211711e-17, 1.17638772944e-17, 1.77693946572e-17, 1.80483844798e-17, 1.53370005828e-17, 1.86550486672e-17, 1.92827116617e-17, 2.73356606864e-17, 1.61331420701e-17, 1.41349185556e-17, 8.60417060438e-18, 7.16319302599e-18, 3.05139255871e-18, 1.10297317533e-18, 2.796272687e-19, 3.04570744975e-20],
        "var": [9.6038393167e-06, 0.0333333462477, 1.29620587826, 3.04588055611, 827.612121582, 1703.53100586, 1006.39587402, 9209.54882812, 1930.01782227, 294.675445557, 1730.74743652, 16886.9140625, 33338.8085938, 4530.94628906, 22264.8027344, 749.250549316, 5480.671875, 39909.2929688, 623.254516602, 164.879928589, 34.9985809326, 118.451766968, 159.732559204, 10.1763315201, 1.30196452141, 7.05101251602, 18.0507583618, 2.7441136837, 2.24882102013, 3.70291042328, 1.9393273592, 0.891487836838, 0.514487743378, 0.409872561693, 0.0529492720962, 0.00178634829354, 9.26027350943e-05, 7.55561814003e-07, 8.16196388254e-10, 8.6663226595e-10]
    },
    "gfcc": {
        "mean": [-175.092315674, 163.51902771, -90.8167037964, 21.2230129242, -55.2178268433, -12.8045520782, -50.5736312866, -14.8829460144, -25.5399589539, -20.0082969666, -15.2597064972, -13.9609909058, -4.21712875366],
        "cov": [[8346.32519531, -1752.05053711, -1862.40344238, -390.78894043, -1145.87451172, 379.237426758, -537.824768066, 157.991851807, 108.730880737, 43.7205810547, -96.5761871338, 61.1971855164, -75.8482131958], [-1752.05053711, 1596.88317871, 386.469970703, -441.467529297, 549.975219727, -355.415130615, 171.394287109, -99.3294830322, 60.1760368347, -228.560516357, 190.384750366, 17.4866256714, 81.897895813], [-1862.40344238, 386.469970703, 993.727966309, 195.808288574, 284.398895264, -78.6094818115, 82.999710083, 0.348101019859, -54.9975814819, -22.8175849915, -14.4498071671, 30.8344993591, -21.4222354889], [-390.78894043, -441.467529297, 195.808288574, 840.278015137, -9.8423871994, 45.8077201843, 74.8426589966, -62.8561401367, -22.5333309174, 100.53868866, -22.6212024689, -45.6088066101, 83.8071365356], [-1145.87451172, 549.975219727, 284.398895264, -9.8423871994, 433.374420166, -126.063339233, 73.8304519653, -48.5565376282, -13.2790699005, -69.2154998779, 44.0742988586, 14.1793909073, 34.2024917603], [379.237426758, -355.415130615, -78.6094818115, 45.8077201843, -126.063339233, 316.337585449, 31.6414546967, 50.0946273804, -3.75615167618, 95.5874023438, -34.4254455566, -11.1518011093, -34.1977729797], [-537.824768066, 171.394287109, 82.999710083, 74.8426589966, 73.8304519653, 31.6414546967, 274.199859619, -33.0772361755, -70.2888641357, 9.1212978363, 23.1256217957, 6.78295373917, 20.8756008148], [157.991851807, -99.3294830322, 0.348101019859, -62.8561401367, -48.5565376282, 50.0946273804, -33.0772361755, 176.559066772, 51.7118377686, 22.6382465363, -25.1922187805, -11.5676116943, -40.2113876343], [108.730880737, 60.1760368347, -54.9975814819, -22.5333309174, -13.2790699005, -3.75615167618, -70.2888641357, 51.7118377686, 159.902206421, 9.89253044128, -3.63051128387, -36.7980651855, -12.4243116379], [43.7205810547, -228.560516357, -22.8175849915, 100.53868866, -69.2154998779, 95.5874023438, 9.1212978363, 22.6382465363, 9.89253044128, 157.110122681, -12.1166934967, -29.2427139282, -24.1766471863], [-96.5761871338, 190.384750366, -14.4498071671, -22.6212024689, 44.0742988586, -34.4254455566, 23.1256217957, -25.1922187805, -3.63051128387, -12.1166934967, 122.630271912, 29.1129322052, 23.1518726349], [61.1971855164, 17.4866256714, 30.8344993591, -45.6088066101, 14.1793909073, -11.1518011093, 6.78295373917, -11.5676116943, -36.7980651855, -29.2427139282, 29.1129322052, 114.356391907, 9.98979854584], [-75.8482131958, 81.897895813, -21.4222354889, 83.8071365356, 34.2024917603, -34.1977729797, 20.8756008148, -40.2113876343, -12.4243116379, -24.1766471863, 23.1518726349, 9.98979854584, 108.673866272]],
        "icov": [[0.000318997801514, 5.70458978473e-05, 0.000436292699305, -5.37920232091e-06, 0.000419324089307, -0.000148235470988, 0.00035398840555, -7.72815183154e-05, 3.79276825697e-05, 0.000278777792118, 2.80489184661e-05, -0.000325545523083, 8.48959534778e-05], [5.70458978473e-05, 0.00526045728475, -0.00168238324113, 0.00337380287237, -0.00300285406411, 0.00225782534108, -0.0034206295386, 0.0017189780483, -0.00425359793007, 0.00240798038431, -0.00493983179331, 0.00270514655858, -0.00305614853278], [0.000436292699305, -0.00168238324113, 0.0026852414012, -0.00164810742717, 0.00056903337827, -0.000742142554373, 0.00154664670117, -0.00112721172627, 0.00189698324539, -0.000335151795298, 0.00210744794458, -0.00190274242777, 0.00211411737837], [-5.37920232091e-06, 0.00337380287237, -0.00164810742717, 0.00389806646854, -0.00164062879048, 0.00138927053194, -0.0024805997964, 0.00168542889878, -0.00285227806307, 0.00034106883686, -0.00283783907071, 0.00235640467145, -0.00368586066179], [0.000419324089307, -0.00300285406411, 0.00056903337827, -0.00164062879048, 0.00599806010723, -0.000756902736612, 0.00167441018857, -0.000550992088392, 0.00198311195709, -0.000360098929377, 0.00216248794459, -0.00164779368788, 0.00111897767056], [-0.000148235470988, 0.00225782534108, -0.000742142554373, 0.00138927053194, -0.000756902736612, 0.00559347355738, -0.00253443792462, -5.02584553033e-05, -0.00166162441019, -0.00122046447359, -0.00136124354322, 0.00084291677922, -0.000804986048024], [0.00035398840555, -0.0034206295386, 0.00154664670117, -0.0024805997964, 0.00167441018857, -0.00253443792462, 0.00737460842356, -0.00116197776515, 0.00482079666108, -0.00140025361907, 0.00244123511948, -0.00166313059162, 0.00174409837928], [-7.72815183154e-05, 0.0017189780483, -0.00112721172627, 0.00168542889878, -0.000550992088392, -5.02584553033e-05, -0.00116197776515, 0.00797986704856, -0.00372897158377, 0.000333191390382, -0.000808637123555, 0.000766818586271, 0.00021174379799], [3.79276825697e-05, -0.00425359793007, 0.00189698324539, -0.00285227806307, 0.00198311195709, -0.00166162441019, 0.00482079666108, -0.00372897158377, 0.0119809247553, -0.0020297432784, 0.00308582908474, 0.00023420836078, 0.00259198388085], [0.000278777792118, 0.00240798038431, -0.000335151795298, 0.00034106883686, -0.000360098929377, -0.00122046447359, -0.00140025361907, 0.000333191390382, -0.0020297432784, 0.0106138456613, -0.00313039380126, 0.00254515255801, 0.000734480679967], [2.80489184661e-05, -0.00493983179331, 0.00210744794458, -0.00283783907071, 0.00216248794459, -0.00136124354322, 0.00244123511948, -0.000808637123555, 0.00308582908474, -0.00313039380126, 0.0145215447992, -0.00522368540987, 0.00151198764797], [-0.000325545523083, 0.00270514655858, -0.00190274242777, 0.00235640467145, -0.00164779368788, 0.00084291677922, -0.00166313059162, 0.000766818586271, 0.00023420836078, 0.00254515255801, -0.00522368540987, 0.0126980105415, -0.00253247190267], [8.48959534778e-05, -0.00305614853278, 0.00211411737837, -0.00368586066179, 0.00111897767056, -0.000804986048024, 0.00174409837928, 0.00021174379799, 0.00259198388085, 0.000734480679967, 0.00151198764797, -0.00253247190267, 0.014331699349]]
    },
    "melbands": {
        "dmean": [2.57725841948e-05, 0.000150409337948, 0.00031419924926, 0.00119846244343, 0.000219214562094, 0.000216828411794, 9.99872136163e-05, 3.56352720701e-05, 6.57768032397e-05, 0.000104891958472, 6.93537149346e-05, 2.37282274611e-05, 4.00536009693e-05, 1.48758272189e-05, 4.66432084067e-06, 2.29211254918e-05, 2.42728601734e-05, 5.71635655433e-06, 3.62107243745e-06, 1.22086339616e-06, 1.04349658159e-06, 1.17082322504e-06, 2.06958020499e-06, 1.06403149402e-06, 2.23735682425e-07, 1.27653947857e-07, 1.07315216269e-07, 2.55344019706e-07, 4.9706198979e-07, 2.0245394694e-07, 1.5287045585e-07, 9.95131230752e-08, 1.77439844151e-07, 1.60548438544e-07, 1.29005940153e-07, 8.66193161642e-08, 6.64369750325e-08, 6.53498517522e-08, 7.64718066648e-08, 6.34316208448e-08],
        "dmean2": [3.43858482665e-05, 0.000208979807212, 0.000497874512803, 0.00184848939534, 0.000313985976391, 0.000321953702951, 0.000153885426698, 5.19293316756e-05, 9.77282834356e-05, 0.000135503607453, 8.94609984243e-05, 3.55671509169e-05, 4.69678670925e-05, 2.50631492236e-05, 6.21947447144e-06, 3.25252658513e-05, 3.41759514413e-05, 8.29390955914e-06, 5.07795584781e-06, 1.78229322501e-06, 1.57204783591e-06, 1.60959211826e-06, 3.18260140375e-06, 1.46912736909e-06, 3.33910008976e-07, 2.00722610089e-07, 1.51366378986e-07, 3.37224406621e-07, 7.24127403373e-07, 2.83375186427e-07, 2.18214751158e-07, 1.38054346621e-07, 2.71988341183e-07, 2.39680275627e-07, 1.76858605982e-07, 1.16179670329e-07, 9.38344797419e-08, 1.0047047283e-07, 1.05910615389e-07, 7.89076537444e-08],
        "dvar": [3.38803540778e-09, 1.1421960977e-07, 3.82304875757e-07, 6.81990377416e-06, 1.9286349584e-07, 1.05242111204e-06, 1.8626445808e-07, 1.23949996933e-08, 4.79327439962e-08, 2.2222441487e-07, 2.06748225651e-07, 2.97094651103e-08, 1.30658619923e-07, 2.20080824676e-08, 2.11414841189e-09, 3.91856964654e-08, 6.13431652141e-08, 9.36671851193e-10, 5.65880231562e-10, 2.53014189461e-11, 4.00633831665e-11, 3.53218461424e-11, 2.56477339367e-10, 3.58826336699e-11, 7.56848305816e-13, 2.85700337086e-13, 1.96888566648e-13, 1.66650710159e-12, 6.13623735157e-12, 7.53593693524e-13, 4.79853678494e-13, 2.32675207226e-13, 1.52969217154e-12, 6.23088820123e-13, 4.69505402438e-13, 1.72933499118e-13, 1.42137617323e-13, 1.5343124991e-13, 2.30715267854e-13, 1.49843272556e-13],
        "dvar2": [6.54683951495e-09, 2.29616091474e-07, 8.93540232028e-07, 1.47845530591e-05, 3.89423121305e-07, 2.39754490394e-06, 4.12943307992e-07, 2.63103761e-08, 1.05947371765e-07, 3.75474598968e-07, 2.60915214767e-07, 5.69335725231e-08, 1.56001817686e-07, 6.37287200789e-08, 3.04525982209e-09, 6.63231318754e-08, 1.02415128822e-07, 1.9994830236e-09, 1.02723396456e-09, 5.33790754653e-11, 9.51643555624e-11, 6.13804840288e-11, 4.87847595654e-10, 6.95975360676e-11, 1.56084140838e-12, 6.62825371846e-13, 3.71471923317e-13, 3.0029269002e-12, 1.17164255728e-11, 1.37701102691e-12, 9.1917023038e-13, 4.18404080913e-13, 3.80402783925e-12, 1.41671841359e-12, 9.68608765244e-13, 2.66046245364e-13, 2.60396251003e-13, 3.25942642017e-13, 4.18965074222e-13, 2.36095350084e-13],
        "max": [0.00103845109697, 0.00553950993344, 0.0104015590623, 0.035780955106, 0.00816638115793, 0.0234949942678, 0.0106388395652, 0.00182006356772, 0.00458691595122, 0.0130337541923, 0.0126971835271, 0.00532875070348, 0.0190781019628, 0.00411607697606, 0.00223776674829, 0.00634783878922, 0.00833019521087, 0.000733742665034, 0.000964928767644, 0.000131497770781, 0.000232582373428, 0.000255219551036, 0.000623332627583, 0.000238952125073, 2.57441533904e-05, 1.38873492688e-05, 1.23278505271e-05, 3.62519385817e-05, 6.00634921284e-05, 1.81889627129e-05, 1.39302565003e-05, 1.01682662716e-05, 4.03431658924e-05, 1.64517950907e-05, 1.65491619555e-05, 9.79712240223e-06, 9.89961245068e-06, 8.03982220532e-06, 1.29974350784e-05, 1.08797057692e-05],
        "mean": [4.28422063123e-05, 0.00025467510568, 0.000570740492549, 0.00181694177445, 0.000587145623285, 0.000572962104343, 0.000211071106605, 6.49240610073e-05, 0.00012851881911, 0.000221431197133, 0.000139166979352, 3.94340422645e-05, 6.3893305196e-05, 1.84215205081e-05, 8.15462317405e-06, 3.7653659092e-05, 3.49080291926e-05, 9.65821800492e-06, 6.40947155262e-06, 2.18723721446e-06, 1.72582974756e-06, 2.12801887756e-06, 3.25037990478e-06, 1.81207451533e-06, 4.71232652899e-07, 2.41791980216e-07, 2.55339159594e-07, 4.864056109e-07, 6.96328413596e-07, 3.26934468831e-07, 2.20589001287e-07, 1.36715627264e-07, 2.26159414751e-07, 2.36952217847e-07, 1.79534538347e-07, 1.35593765549e-07, 9.40573769981e-08, 7.73756170247e-08, 1.01061694124e-07, 8.30927646689e-08],
        "median": [1.58144866873e-05, 0.000102927879198, 0.000336543773301, 0.000714425288606, 0.000200841619517, 6.47261840641e-05, 3.16395125992e-05, 1.07599689727e-05, 6.38037317913e-06, 3.65254550161e-06, 1.10023552224e-06, 1.24656457956e-06, 5.92155913637e-07, 1.50027108248e-06, 3.95950081611e-07, 4.33134744071e-07, 2.9021234127e-07, 2.83349180563e-07, 1.68866520767e-07, 2.03133851073e-07, 2.3135049787e-07, 3.21106057299e-07, 1.91486094536e-07, 9.54932701802e-08, 4.41646221816e-08, 2.33936621186e-08, 1.95149478799e-08, 2.24311005326e-08, 2.09368131721e-08, 1.08797753029e-08, 7.41677164129e-09, 5.72763036999e-09, 5.07803221694e-09, 3.50237550073e-09, 2.95243385295e-09, 2.77243050739e-09, 1.48878787076e-09, 1.12599474189e-09, 1.44926537438e-09, 1.24859889095e-09],
        "min": [5.58868311089e-24, 9.13396640834e-24, 1.13991749757e-23, 3.88042690874e-24, 3.1280342543e-24, 5.84554292694e-24, 8.2351974575e-24, 1.3003014393e-23, 9.56877943955e-24, 1.31351769936e-23, 1.24195539348e-23, 8.30115332893e-24, 8.40350329821e-24, 8.73340256219e-24, 3.43250379814e-24, 7.93824812467e-24, 5.44054331592e-24, 1.06092167649e-23, 1.78186591762e-23, 1.06993023137e-23, 8.70437248088e-24, 1.14938950823e-23, 1.24538472961e-23, 1.51576893479e-23, 7.02516687043e-24, 6.39953548599e-24, 6.372100087e-24, 8.57095164712e-24, 1.23784061611e-23, 1.00841154477e-23, 1.02347097833e-23, 8.53595383306e-24, 9.64257264407e-24, 1.10128129924e-23, 9.42968906247e-24, 1.70908213952e-23, 1.55331618953e-23, 1.12483802693e-23, 1.0917779708e-23, 1.25624268999e-23],
        "var": [7.09595449067e-09, 2.23504343921e-07, 6.70459940011e-07, 9.95506070467e-06, 9.05398792383e-07, 3.8798470996e-06, 4.12767633406e-07, 3.31759366645e-08, 1.60074137057e-07, 1.10616167603e-06, 8.51573986438e-07, 5.81685242196e-08, 4.72824496001e-07, 2.08888106812e-08, 5.83930725995e-09, 1.04117880539e-07, 1.19762063377e-07, 1.94668525744e-09, 1.66171776339e-09, 5.10045096436e-11, 5.86775766864e-11, 7.87257481427e-11, 3.73103381524e-10, 1.24680585301e-10, 3.12636288385e-12, 7.68421513486e-13, 8.29736453156e-13, 4.27405376716e-12, 1.01477663078e-11, 1.52991367405e-12, 8.82551085164e-13, 4.57924984824e-13, 2.25046674004e-12, 1.09373838111e-12, 7.77520734428e-13, 4.50817524587e-13, 3.05867256436e-13, 2.18038762501e-13, 4.16385350678e-13, 2.97279643393e-13]
    },
    "mfcc": {
        "mean": [-821.636657715, 183.189208984, 27.9772720337, 26.3023662567, 13.6527090073, -3.31977438927, -12.9447956085, -7.01230192184, -8.771443367, -14.3338603973, -11.19805336, -4.14609241486, -10.925368309],
        "cov": [[7612.28662109, -1176.1015625, -1562.56945801, -742.492980957, -626.587524414, -228.859588623, -507.448455811, -143.193710327, -216.785858154, 203.735427856, 126.915962219, -278.341339111, -299.409545898], [-1176.1015625, 1642.40686035, -34.5474777222, -213.546066284, 204.499481201, -230.747665405, -0.836144864559, 155.971664429, -68.110710144, -177.898742676, 35.9915084839, 44.709602356, -30.0303077698], [-1562.56945801, -34.5474777222, 803.523925781, 256.064422607, 129.025650024, 112.479598999, 118.294433594, 54.2217483521, 87.1128692627, -68.0618057251, -35.9146003723, 115.379081726, 62.026348114], [-742.492980957, -213.546066284, 256.064422607, 603.623046875, 106.516029358, 94.8861923218, 108.375572205, -42.3631248474, 71.8591995239, -43.461894989, -85.8676147461, 74.7114562988, 96.4553604126], [-626.587524414, 204.499481201, 129.025650024, 106.516029358, 324.220001221, -21.9823875427, -52.9374389648, 25.3476219177, 28.1406879425, -24.4807472229, 0.73758906126, 19.7747135162, 3.42447924614], [-228.859588623, -230.747665405, 112.479598999, 94.8861923218, -21.9823875427, 262.695373535, 127.354278564, -30.2446880341, 31.0187320709, 29.9406337738, -12.9559669495, 16.7404613495, 28.8298034668], [-507.448455811, -0.836144864559, 118.294433594, 108.375572205, -52.9374389648, 127.354278564, 287.182220459, 30.3163452148, 16.6652755737, -35.0609512329, -27.1613903046, 44.7292366028, 52.4291687012], [-143.193710327, 155.971664429, 54.2217483521, -42.3631248474, 25.3476219177, -30.2446880341, 30.3163452148, 151.057022095, 15.9982042313, -46.8685760498, 13.9587087631, 17.0555324554, -19.6518211365], [-216.785858154, -68.110710144, 87.1128692627, 71.8591995239, 28.1406879425, 31.0187320709, 16.6652755737, 15.9982042313, 126.029136658, 53.7559013367, -9.20157146454, 0.775664806366, 12.3784408569], [203.735427856, -177.898742676, -68.0618057251, -43.461894989, -24.4807472229, 29.9406337738, -35.0609512329, -46.8685760498, 53.7559013367, 227.802825928, 61.2571601868, -44.7094459534, 6.23034191132], [126.915962219, 35.9915084839, -35.9146003723, -85.8676147461, 0.73758906126, -12.9559669495, -27.1613903046, 13.9587087631, -9.20157146454, 61.2571601868, 133.620040894, 6.44988298416, -30.2605247498], [-278.341339111, 44.709602356, 115.379081726, 74.7114562988, 19.7747135162, 16.7404613495, 44.7292366028, 17.0555324554, 0.775664806366, -44.7094459534, 6.44988298416, 117.174812317, 34.1863212585], [-299.409545898, -30.0303077698, 62.026348114, 96.4553604126, 3.42447924614, 28.8298034668, 52.4291687012, -19.6518211365, 12.3784408569, 6.23034191132, -30.2605247498, 34.1863212585, 132.510940552]],
