{
"lowlevel": {
    "average_loudness": 0.985260605812,
    "barkbands_crest": {
        "dmean": 2.53435444832,
        "dmean2": 4.1231174469,
        "dvar": 6.33645057678,
        "dvar2": 16.387462616,
        "max": 19.6943969727,
        "mean": 7.69666433334,
        "median": 7.02338552475,
        "min": 2.15069293976,
        "var": 9.78850460052
    },
    "barkbands_flatness_db": {
        "dmean": 0.0166424307972,
        "dmean2": 0.0260664913803,
        "dvar": 0.00022276857635,
        "dvar2": 0.000552072538994,
        "max": 0.23986877501,
        "mean": 0.119017370045,
        "median": 0.120919138193,
        "min": 0.0329835303128,
        "var": 0.00101359921973
    },
    "barkbands_kurtosis": {
        "dmean": 1.31143891811,
        "dmean2": 2.11309790611,
        "dvar": 3.73851585388,
        "dvar2": 9.41524791718,
        "max": 24.0762348175,
        "mean": 1.20502746105,
        "median": 0.708482980728,
        "min": -1.66833937168,
        "var": 5.15891647339
    },
    "barkbands_skewness": {
        "dmean": 0.378689825535,
        "dmean2": 0.581246078014,
        "dvar": 0.154627025127,
        "dvar2": 0.364871770144,
        "max": 4.33430433273,
        "mean": 0.991513729095,
        "median": 0.932598650455,
        "min": -1.86668670177,
        "var": 0.343533247709
    },
    "barkbands_spread": {
        "dmean": 4.65369606018,
        "dmean2": 7.12949180603,
        "dvar": 21.0123348236,
        "dvar2": 46.1521949768,
        "max": 71.0489883423,
        "mean": 22.6880245209,
        "median": 20.3768424988,
        "min": 2.7215154171,
        "var": 103.345565796
    },
    "dissonance": {
        "dmean": 0.0164559129626,
        "dmean2": 0.0279726311564,
        "dvar": 0.000239513465203,
        "dvar2": 0.000625475193374,
        "max": 0.5,
        "mean": 0.469640254974,
        "median": 0.473338633776,
        "min": 0.262465804815,
        "var": 0.000390241446439
    },
    "dynamic_complexity": 0.930058181286,
    "erbbands_crest": {
        "dmean": 2.08103179932,
        "dmean2": 3.40271186829,
        "dvar": 3.70356297493,
        "dvar2": 8.99444198608,
        "max": 26.4235649109,
        "mean": 7.19667053223,
        "median": 6.53318023682,
        "min": 2.75619649887,
        "var": 8.29573440552
    },
    "erbbands_flatness_db": {
        "dmean": 0.0139640299603,
        "dmean2": 0.0208455063403,
        "dvar": 0.000188470090507,
        "dvar2": 0.000410500331782,
        "max": 0.286518365145,
        "mean": 0.161211773753,
        "median": 0.160739973187,
        "min": 0.0776685029268,
        "var": 0.000911367125809
    },
    "erbbands_kurtosis": {
        "dmean": 0.599179983139,
        "dmean2": 0.928280472755,
        "dvar": 0.525196492672,
        "dvar2": 1.21936452389,
        "max": 14.2112560272,
        "mean": 0.184984371066,
        "median": -0.0840423107147,
        "min": -1.59158158302,
        "var": 1.56168353558
    },
    "erbbands_skewness": {
        "dmean": 0.289109289646,
        "dmean2": 0.446189194918,
        "dvar": 0.0596527382731,
        "dvar2": 0.144237026572,
        "max": 3.29111719131,
        "mean": 0.464999914169,
        "median": 0.48173481226,
        "min": -1.54958641529,
        "var": 0.232996076345
    },
    "erbbands_spread": {
        "dmean": 5.47639703751,
        "dmean2": 8.14602279663,
        "dvar": 26.1062698364,
        "dvar2": 54.5870170593,
        "max": 93.8023147583,
        "mean": 32.5455169678,
        "median": 30.7226238251,
        "min": 7.00164842606,
        "var": 146.033416748
    },
    "hfc": {
        "dmean": 6.58076143265,
        "dmean2": 9.8783197403,
        "dvar": 38.6460952759,
        "dvar2": 83.0117111206,
        "max": 105.6277771,
        "mean": 30.8679771423,
        "median": 27.5018444061,
        "min": 1.14434204114e-16,
        "var": 246.079208374
    },
    "melbands_crest": {
        "dmean": 3.34579396248,
        "dmean2": 5.50268411636,
        "dvar": 9.83720302582,
        "dvar2": 25.6770973206,
        "max": 27.2520751953,
        "mean": 10.6459197998,
        "median": 9.77253437042,
        "min": 1.90043997765,
        "var": 16.1733551025
    },
    "melbands_flatness_db": {
        "dmean": 0.0199638810009,
        "dmean2": 0.0309453252703,
        "dvar": 0.000357495562639,
        "dvar2": 0.000841593719088,
        "max": 0.296325176954,
        "mean": 0.162492498755,
        "median": 0.165883719921,
        "min": 0.00384301156737,
        "var": 0.00191429560073
    },
    "melbands_kurtosis": {
        "dmean": 2.74039530754,
        "dmean2": 4.3708281517,
        "dvar": 14.6510562897,
        "dvar2": 36.2179794312,
        "max": 42.0928421021,
        "mean": 4.71227550507,
        "median": 3.48023891449,
        "min": -1.17538106441,
        "var": 20.7011623383
    },
    "melbands_skewness": {
        "dmean": 0.477835744619,
        "dmean2": 0.730745196342,
        "dvar": 0.235300734639,
        "dvar2": 0.562152862549,
        "max": 5.27754497528,
        "mean": 1.68758237362,
        "median": 1.57365643978,
        "min": -0.174148008227,
        "var": 0.55619096756
    },
    "melbands_spread": {
        "dmean": 6.14960575104,
        "dmean2": 9.3905954361,
        "dvar": 44.9531097412,
        "dvar2": 98.0537109375,
        "max": 127.499671936,
        "mean": 26.6686725616,
        "median": 23.7541179657,
        "min": 3.25228452682,
        "var": 165.673141479
    },
    "pitch_salience": {
        "dmean": 0.0649625137448,
        "dmean2": 0.106755681336,
        "dvar": 0.00290606194176,
        "dvar2": 0.00761221302673,
        "max": 0.878543019295,
        "mean": 0.625138163567,
        "median": 0.631959617138,
        "min": 0.307199090719,
        "var": 0.00639045983553
    },
    "silence_rate_20dB": {
        "dmean": 0,
        "dmean2": 0,
        "dvar": 0,
        "dvar2": 0,
        "max": 1,
        "mean": 1,
        "median": 1,
        "min": 1,
        "var": 0
    },
    "silence_rate_30dB": {
        "dmean": 0,
        "dmean2": 0,
        "dvar": 0,
        "dvar2": 0,
        "max": 1,
        "mean": 1,
        "median": 1,
        "min": 1,
        "var": 0
    },
    "silence_rate_60dB": {
        "dmean": 0.000515463936608,
        "dmean2": 0.00103145954199,
        "dvar": 0.000515170919243,
        "dvar2": 0.00103040458634,
        "max": 1,
        "mean": 0.0010303966701,
        "median": 0,
        "min": 0,
        "var": 0.00102934613824
    },
    "spectral_centroid": {
        "dmean": 230.800506592,
        "dmean2": 352.707397461,
        "dvar": 102086.945312,
        "dvar2": 212127,
        "max": 11326.9521484,
        "mean": 1382.10876465,
        "median": 1284.17687988,
        "min": 409.864349365,
        "var": 369380.03125
    },
    "spectral_complexity": {
        "dmean": 3.83247423172,
        "dmean2": 5.81433725357,
        "dvar": 10.1611042023,
        "dvar2": 22.8846416473,
        "max": 55,
        "mean": 29.348274231,
        "median": 29,
        "min": 0,
        "var": 61.3388137817
    },
    "spectral_decrease": {
        "dmean": 2.30738272933e-09,
        "dmean2": 3.59593266275e-09,
        "dvar": 4.82740827048e-18,
        "dvar2": 1.17344263559e-17,
        "max": -2.71088602665e-29,
        "mean": -9.13014464032e-09,
        "median": -9.04437591487e-09,
        "min": -2.67467505921e-08,
        "var": 9.56616263162e-18
    },
    "spectral_energy": {
        "dmean": 0.00905851367861,
        "dmean2": 0.0141595592722,
        "dvar": 7.23926204955e-05,
        "dvar2": 0.000174564542249,
        "max": 0.104779824615,
        "mean": 0.0372591242194,
        "median": 0.0373522117734,
        "min": 1.0521873101e-20,
        "var": 0.000148383056512
    },
    "spectral_energyband_high": {
        "dmean": 0.000372942537069,
        "dmean2": 0.000558008381631,
        "dvar": 4.59839299083e-07,
        "dvar2": 8.50821095355e-07,
        "max": 0.0137199582532,
        "mean": 0.00112453266047,
        "median": 0.000406264269259,
        "min": 7.46141711785e-21,
        "var": 2.77484878097e-06
    },
    "spectral_energyband_low": {
        "dmean": 0.00408719293773,
        "dmean2": 0.00660825707018,
        "dvar": 1.94803560589e-05,
        "dvar2": 5.06970172864e-05,
        "max": 0.0454323217273,
        "mean": 0.00842435844243,
        "median": 0.00686066830531,
        "min": 6.72769420727e-23,
        "var": 3.77224387194e-05
    },
    "spectral_energyband_middle_high": {
        "dmean": 0.00264418823645,
        "dmean2": 0.00406816368923,
        "dvar": 6.59870511299e-06,
        "dvar2": 1.48812432599e-05,
        "max": 0.0382049232721,
        "mean": 0.00946046411991,
        "median": 0.00844000186771,
        "min": 1.58598735617e-21,
        "var": 2.63082765741e-05
    },
    "spectral_energyband_middle_low": {
        "dmean": 0.00729706743732,
        "dmean2": 0.0114157656208,
        "dvar": 7.32394400984e-05,
        "dvar2": 0.000180969320354,
        "max": 0.0917293652892,
        "mean": 0.0190865471959,
        "median": 0.0169612318277,
        "min": 2.52826184078e-22,
        "var": 0.000112869754958
    },
    "spectral_entropy": {
        "dmean": 0.115994073451,
        "dmean2": 0.177127256989,
        "dvar": 0.0150040518492,
        "dvar2": 0.0339596904814,
        "max": 9.81672382355,
        "mean": 7.66185426712,
        "median": 7.63578605652,
        "min": 6.74541950226,
        "var": 0.075127415359
    },
    "spectral_flux": {
        "dmean": 0.0228275377303,
        "dmean2": 0.0353030487895,
        "dvar": 0.00045880622929,
        "dvar2": 0.0011250396492,
        "max": 0.252372592688,
        "mean": 0.104887343943,
        "median": 0.10089225322,
        "min": 6.54401116629e-11,
        "var": 0.00089077046141
    },
    "spectral_kurtosis": {
        "dmean": 1.39819288254,
        "dmean2": 2.38782072067,
        "dvar": 2.19461035728,
        "dvar2": 6.3817691803,
        "max": 22.9524459839,
        "mean": 4.40667104721,
        "median": 4.16673803329,
        "min": -1.25119256973,
        "var": 5.68322372437
    },
    "spectral_rms": {
        "dmean": 0.000735829002224,
        "dmean2": 0.00112860288937,
        "dvar": 4.39315385847e-07,
        "dvar2": 9.86507188827e-07,
        "max": 0.0101105999202,
        "mean": 0.00593873439357,
        "median": 0.0060366531834,
        "min": 3.20394166926e-12,
        "var": 1.08166625523e-06
    },
    "spectral_rolloff": {
        "dmean": 397.210205078,
        "dmean2": 620.543334961,
        "dvar": 488364,
        "dvar2": 919470.75,
        "max": 18884.6191406,
        "mean": 1579.69848633,
        "median": 1227.39257812,
        "min": 258.3984375,
        "var": 1404510.125
    },
    "spectral_skewness": {
        "dmean": 0.179355442524,
        "dmean2": 0.293211758137,
        "dvar": 0.032902713865,
        "dvar2": 0.083905979991,
        "max": 4.10226535797,
        "mean": 1.53590524197,
        "median": 1.5600284338,
        "min": -0.0331864729524,
        "var": 0.142982780933
    },
    "spectral_spread": {
        "dmean": 439555.03125,
        "dmean2": 683940.75,
        "dvar": 955069038592,
        "dvar2": 1.9067067433e+12,
        "max": 42236420,
        "mean": 3972774.5,
        "median": 3716413,
        "min": 2256653.5,
        "var": 2.4736342999e+12
    },
    "spectral_strongpeak": {
        "dmean": 0.636667251587,
        "dmean2": 1.08387649059,
        "dvar": 0.541563630104,
        "dvar2": 1.2696634531,
        "max": 7.16786813736,
        "mean": 1.0514755249,
        "median": 0.65280944109,
        "min": 1.44109935096e-09,
        "var": 1.06907963753
    },
    "zerocrossingrate": {
        "dmean": 0.00797282718122,
        "dmean2": 0.00980163551867,
        "dvar": 0.000178294649231,
        "dvar2": 0.000300037238048,
        "max": 0.50439453125,
        "mean": 0.0598462745547,
        "median": 0.0517578125,
        "min": 0.009765625,
        "var": 0.000858523708303
    },
    "barkbands": {
        "dmean": [0.000165600300534, 0.00262136990204, 0.00197797268629, 0.000951045716647, 0.0043847290799, 0.0011510202894, 0.00223890366033, 0.00152566179167, 0.00156921567395, 0.000866905262228, 0.00105619046371, 0.000619593076408, 0.000590615498368, 0.000429628416896, 0.00039507940528, 0.000297011691146, 0.000295880920021, 0.000278374267509, 0.000273731391644, 0.000154504537932, 0.000156350331963, 7.33575361664e-05, 9.46761501837e-05, 8.49861753522e-05, 3.62811479135e-05, 8.17841282696e-06, 2.21415845658e-07],
        "dmean2": [0.000272789708106, 0.00420843763277, 0.00331632397138, 0.00157734984532, 0.00709048612043, 0.00197590747848, 0.00357082718983, 0.00245298235677, 0.00242459331639, 0.00138191587757, 0.00163891992997, 0.00101194949821, 0.000951979600359, 0.000683113641571, 0.000631835195236, 0.000480314280139, 0.000469215010526, 0.000441758165834, 0.000436216942035, 0.000248095107963, 0.000245582719799, 0.000116289207654, 0.000149221756146, 0.000131478329422, 5.67403221794e-05, 1.33991024995e-05, 4.03990895848e-07],
        "dvar": [1.17593202731e-07, 9.16560929909e-06, 6.38462506686e-06, 1.75292541371e-06, 5.88624316151e-05, 1.68502504039e-06, 8.82465428731e-06, 5.56511031391e-06, 3.37605001732e-06, 1.75133845914e-06, 1.99766441256e-06, 6.33199078948e-07, 6.16645252194e-07, 3.66146338138e-07, 4.32308070231e-07, 2.43815094336e-07, 2.10235924669e-07, 1.97382703959e-07, 1.16959625984e-07, 9.72789706566e-08, 1.2807697658e-07, 1.67318763289e-08, 2.93540391993e-08, 3.8059948082e-08, 1.79951982204e-08, 4.8363402172e-10, 1.5309473524e-12],
        "dvar2": [2.94762088515e-07, 2.35918396356e-05, 1.61590724019e-05, 4.37524886365e-06, 0.000148410297697, 4.7526104936e-06, 2.20353085751e-05, 1.31771703309e-05, 7.61016326578e-06, 3.93199206883e-06, 4.69756514576e-06, 1.56066789714e-06, 1.39466783367e-06, 7.88358477166e-07, 1.02738192709e-06, 5.87400563745e-07, 4.93949414704e-07, 4.62580914018e-07, 3.09180450131e-07, 2.50511419608e-07, 2.82352260683e-07, 3.92662471427e-08, 6.34426626789e-08, 7.33920160201e-08, 3.7357896332e-08, 1.31092237066e-09, 4.42082394997e-12],
        "max": [0.00359738827683, 0.0300924442708, 0.0246330574155, 0.016694528982, 0.0623735077679, 0.0154112614691, 0.045043323189, 0.0368314050138, 0.0249373950064, 0.0236758049577, 0.0312629155815, 0.0110079841688, 0.0149941835552, 0.012193066068, 0.00926536228508, 0.0095877237618, 0.0061282669194, 0.00961660128087, 0.00738881062716, 0.00538936583325, 0.00816200301051, 0.00246906303801, 0.00340719264932, 0.00433533545583, 0.00434469198808, 0.00033907048055, 2.36697997025e-05],
        "mean": [0.000161898788065, 0.00474485196173, 0.00296719744802, 0.00125967839267, 0.00550339277834, 0.00187590310816, 0.0039237588644, 0.00268840487115, 0.00329428911209, 0.00165265554097, 0.00194518209901, 0.00117322197184, 0.00103967136238, 0.000777128967457, 0.00069977279054, 0.000546080409549, 0.000544786686078, 0.000553604098968, 0.000583882268984, 0.000322272389894, 0.000372055277694, 0.000168962433236, 0.000204961921554, 0.000176594621735, 6.62490638206e-05, 1.24914477055e-05, 1.48282950363e-07],
        "median": [5.40362052561e-05, 0.00335279712453, 0.00180796906352, 0.000650841451716, 0.00267595704645, 0.00146123755258, 0.00262700254098, 0.00159260700457, 0.00242811092176, 0.0011085345177, 0.00128874043003, 0.000902733183466, 0.000737356720492, 0.000480615388369, 0.000391076900996, 0.000336363358656, 0.000334603420924, 0.000345883250702, 0.000449625309557, 0.000158261012984, 0.000114218812087, 6.84037513565e-05, 7.01149692759e-05, 4.92021608807e-05, 2.29339275393e-05, 4.26463884651e-06, 1.5223076133e-09],
        "min": [3.39808272029e-23, 2.37224610587e-23, 9.86106108241e-24, 2.10109978216e-23, 2.39772915301e-23, 5.07691788166e-23, 5.59108511346e-23, 3.72744161455e-23, 4.21099410124e-23, 4.99009301054e-23, 5.78676300763e-23, 7.48071053514e-23, 5.68103229605e-23, 5.1547399566e-23, 1.48927674523e-22, 1.15038790637e-22, 1.85169913506e-22, 2.00017929195e-22, 2.28496451584e-22, 2.51714963053e-22, 3.45247941287e-22, 4.77442146827e-22, 6.08638373903e-22, 6.71948437406e-22, 1.05702696292e-21, 1.59753325059e-21, 2.28901171307e-21],
        "var": [1.0039731535e-07, 1.95317861653e-05, 1.18966036098e-05, 2.60356569015e-06, 6.14055170445e-05, 2.39904284172e-06, 1.88462981896e-05, 1.38367922773e-05, 8.82143376657e-06, 3.5673729144e-06, 5.5706564126e-06, 1.13668545509e-06, 1.18374384783e-06, 8.53595111039e-07, 8.36753940803e-07, 4.75964526458e-07, 4.12574678421e-07, 4.72859369438e-07, 2.4155247047e-07, 2.14932853737e-07, 4.31379589827e-07, 5.89893325298e-08, 9.75096554612e-08, 1.16398375383e-07, 2.98041236135e-08, 5.36304778365e-10, 8.82360861893e-13]
    },
    "erbbands": {
        "dmean": [0.0589931160212, 0.679049670696, 2.11703062057, 2.4679145813, 11.2838888168, 14.5199508667, 10.5664100647, 9.14073181152, 22.7289943695, 45.0462112427, 29.8840923309, 35.2030563354, 31.2781620026, 32.5676193237, 32.140838623, 25.9852218628, 25.566860199, 20.3988246918, 19.8661632538, 21.9117965698, 13.2069454193, 17.6681423187, 14.32076931, 12.7268371582, 11.6128425598, 7.35571622849, 5.14492750168, 6.49342060089, 2.28006529808, 3.06416940689, 2.53998064995, 2.33233118057, 1.12059140205, 0.586986780167, 0.158497020602, 0.0470591597259, 0.013041020371, 0.00143673270941, 3.613309309e-05, 1.11407889563e-05],
        "dmean2": [0.0975161492825, 1.08502948284, 3.53805351257, 4.03161334991, 17.9126033783, 24.0945529938, 17.8637866974, 15.537730217, 36.5863189697, 71.967010498, 48.5596084595, 54.0736885071, 49.2734565735, 51.1465530396, 50.835144043, 42.3189468384, 41.2236022949, 32.3054275513, 31.8512763977, 34.438659668, 20.6029930115, 27.5986652374, 22.2866649628, 20.0182285309, 18.326625824, 11.8408956528, 8.06594276428, 10.0664720535, 3.56486821175, 4.69169902802, 4.00544881821, 3.6422688961, 1.72689557076, 0.923146307468, 0.245158925653, 0.0767713263631, 0.0214825682342, 0.00246885279194, 6.11818250036e-05, 1.73807966348e-05],
        "dvar": [0.00556280184537, 0.613927602768, 7.03738069534, 8.60039997101, 470.598052979, 557.578430176, 194.154724121, 94.8249359131, 830.309265137, 4227.92236328, 1978.66210938, 1752.56262207, 2267.20898438, 1619.92163086, 1625.71777344, 1049.61169434, 1342.2166748, 915.808349609, 1050.81274414, 1386.28479004, 379.118560791, 652.959289551, 499.110046387, 226.624969482, 335.547973633, 239.803894043, 112.571060181, 201.052124023, 13.5240077972, 35.9752616882, 20.2391967773, 25.1968650818, 8.79889011383, 5.18143177032, 0.219533726573, 0.0142514677718, 0.00140158063732, 2.94200362987e-05, 1.9059902101e-08, 1.11133414971e-10],
        "dvar2": [0.0155849698931, 1.5691587925, 17.904094696, 22.2387466431, 1138.99511719, 1451.90869141, 508.58770752, 253.309432983, 2021.09472656, 9875.08691406, 4671.77294922, 3838.08398438, 4980.38574219, 3807.11157227, 3863.68041992, 2621.77587891, 2919.39599609, 2019.8001709, 2321.59814453, 3180.09619141, 871.940490723, 1558.44128418, 1149.38964844, 543.622436523, 870.333068848, 644.57220459, 260.362884521, 445.098449707, 31.8563899994, 80.428024292, 43.2347831726, 56.4865036011, 15.6762056351, 10.8631944656, 0.46574318409, 0.0379339382052, 0.00375248584896, 8.23221780593e-05, 5.3805109701e-08, 2.62677934959e-10],
        "max": [0.744573950768, 7.6625585556, 26.3220596313, 36.1940231323, 177.726074219, 196.146362305, 143.745300293, 102.083206177, 404.944732666, 1163.09545898, 710.936279297, 576.944702148, 788.083129883, 644.142578125, 701.485656738, 433.794555664, 843.628967285, 559.123718262, 648.849731445, 546.438659668, 299.500915527, 420.547546387, 453.529754639, 230.367538452, 471.998565674, 305.878662109, 224.206771851, 272.504638672, 54.8170013428, 107.136100769, 99.0361328125, 74.093170166, 84.4681549072, 78.9356689453, 14.915561676, 2.03624773026, 0.432682394981, 0.10044118762, 0.00247916579247, 0.000134510497446],
        "mean": [0.0992759615183, 1.20445299149, 3.41517019272, 3.9885289669, 12.370508194, 18.4271583557, 16.7281932831, 16.0768928528, 38.1293678284, 79.0308227539, 55.6534423828, 74.3362503052, 60.2496414185, 67.9342803955, 64.3994445801, 52.2328147888, 47.4996871948, 40.7133255005, 37.462928772, 39.5453529358, 27.2846832275, 33.430355072, 29.7162094116, 29.4520435333, 25.7093276978, 15.1387825012, 12.4070978165, 15.135225296, 5.66882610321, 6.58291959763, 5.39834022522, 4.89260053635, 2.17351150513, 1.0689034462, 0.301924616098, 0.0833205357194, 0.0175477620214, 0.00139875290915, 5.88316470385e-05, 4.77889479953e-05],
        "median": [0.0736638754606, 0.812975883484, 2.28480529785, 2.84060502052, 4.39928102493, 9.38566875458, 10.9415225983, 12.5547447205, 24.7419967651, 48.0053215027, 37.6332015991, 54.0144004822, 42.3175964355, 50.3193054199, 46.3725013733, 41.2299003601, 34.6432800293, 26.5397377014, 24.3653697968, 23.4009246826, 16.3182086945, 20.3928871155, 18.3883419037, 21.7400531769, 18.0095653534, 7.53718233109, 4.51620388031, 4.3684630394, 2.5671620369, 2.03201007843, 2.02000570297, 1.31411969662, 0.62491863966, 0.336952865124, 0.113658763468, 0.0320265889168, 0.00480767851695, 0.00025100458879, 3.0872579373e-05, 4.754163092e-05],
        "min": [1.20897101435e-21, 1.39026341776e-21, 1.15661199619e-20, 3.67145633534e-20, 5.47721907752e-20, 9.73445338028e-20, 1.83149109654e-19, 6.05416850749e-19, 6.80278350546e-19, 1.05741061963e-18, 6.55230856309e-19, 1.10836287741e-18, 1.18123883354e-18, 1.43993264248e-18, 3.04951444513e-18, 3.21362563109e-18, 2.77088940913e-18, 2.43405339869e-18, 4.73713432792e-18, 1.03818355075e-17, 8.66080021629e-18, 1.10723129433e-17, 9.63799830474e-18, 1.04732067051e-17, 1.051296845e-17, 1.11521747499e-17, 1.74373114198e-17, 1.40357147847e-17, 1.64256380977e-17, 1.8912000744e-17, 1.60298371377e-17, 1.26825995038e-17, 1.20608897282e-17, 9.96897146579e-18, 8.52701533274e-18, 4.6033734326e-18, 2.82030042264e-18, 1.31104539194e-18, 2.93493374857e-19, 3.60667452244e-20],
        "var": [0.00828769616783, 1.34484255314, 12.8816051483, 14.4583902359, 484.231292725, 600.539916992, 297.433349609, 157.970870972, 1599.47790527, 9336.98535156, 3955.64526367, 4988.50390625, 4406.85742188, 4046.06201172, 3831.27563477, 1943.78942871, 2564.18603516, 2112.38574219, 1922.1875, 2758.11816406, 965.417602539, 1494.0020752, 1276.66296387, 646.623046875, 657.977050781, 457.112854004, 415.083007812, 710.028381348, 56.2629089355, 122.158340454, 63.4278106689, 77.0632705688, 23.4932327271, 8.57353782654, 0.409785091877, 0.0191725697368, 0.00138250447344, 2.02827723115e-05, 1.34661162221e-08, 2.66618394029e-10]
    },
    "gfcc": {
        "mean": [45.3463973999, 110.563934326, -137.397979736, 31.8408279419, -70.0802383423, 19.8186359406, -35.0774459839, 15.8074884415, -21.0095291138, -1.15742647648, -8.1779756546, -4.50947713852, -9.18286800385],
        "cov": [[2447.49023438, -485.640808105, -83.3921279907, 204.998733521, -143.243850708, 148.846817017, -116.180847168, 9.05922794342, -85.2808532715, 89.5756378174, -147.420135498, 47.866973877, -44.5022010803], [-485.640808105, 785.494140625, -83.1985473633, -152.117370605, 159.93107605, -144.751907349, 47.8184547424, -19.2304344177, 49.4613418579, -92.4940719604, 124.405342102, -46.7998199463, 27.3313446045], [-83.3921279907, -83.1985473633, 298.754364014, 12.8116254807, -23.7343788147, 34.2566261292, -30.2935523987, -15.0954351425, -53.0655212402, 20.9528675079, -32.7980499268, 20.8127441406, -35.4207420349], [204.998733521, -152.117370605, 12.8116254807, 147.020843506, -18.2103252411, 37.5142059326, -6.31847524643, -8.94269371033, -0.425708860159, 17.0381584167, -27.5278759003, -1.21391475201, 11.2678480148], [-143.243850708, 159.93107605, -23.7343788147, -18.2103252411, 179.00604248, -23.6232852936, 0.0573535561562, 18.1868686676, 24.7919635773, -11.6003456116, 8.17541885376, 2.87063097954, 2.79287314415], [148.846817017, -144.751907349, 34.2566261292, 37.5142059326, -23.6232852936, 122.618766785, 34.8642501831, 16.5756244659, -6.86253356934, 22.0850658417, -14.516746521, 2.92879509926, 1.7287954092], [-116.180847168, 47.8184547424, -30.2935523987, -6.31847524643, 0.0573535561562, 34.8642501831, 99.6350708008, 23.7206764221, 15.3926763535, -3.25088405609, 21.8964080811, -7.94653844833, 4.32104444504], [9.05922794342, -19.2304344177, -15.0954351425, -8.94269371033, 18.1868686676, 16.5756244659, 23.7206764221, 88.3954544067, 35.6427307129, 16.0947494507, 17.4194412231, 6.27503728867, 0.37633317709], [-85.2808532715, 49.4613418579, -53.0655212402, -0.425708860159, 24.7919635773, -6.86253356934, 15.3926763535, 35.6427307129, 85.2416992188, 15.0313882828, 27.6625518799, -4.80400276184, 6.80115413666], [89.5756378174, -92.4940719604, 20.9528675079, 17.0381584167, -11.6003456116, 22.0850658417, -3.25088405609, 16.0947494507, 15.0313882828, 62.9739532471, 5.18743658066, 14.3615140915, -4.77394390106], [-147.420135498, 124.405342102, -32.7980499268, -27.5278759003, 8.17541885376, -14.516746521, 21.8964080811, 17.4194412231, 27.6625518799, 5.18743658066, 82.2983551025, 7.62800979614, 11.1015634537], [47.866973877, -46.7998199463, 20.8127441406, -1.21391475201, 2.87063097954, 2.92879509926, -7.94653844833, 6.27503728867, -4.80400276184, 14.3615140915, 7.62800979614, 49.8641738892, 6.7808008194], [-44.5022010803, 27.3313446045, -35.4207420349, 11.2678480148, 2.79287314415, 1.7287954092, 4.32104444504, 0.37633317709, 6.80115413666, -4.77394390106, 11.1015634537, 6.7808008194, 52.9485740662]],
        "icov": [[0.00104836304672, -0.0013791131787, 0.00166363141034, -0.00173631508369, 0.00150469748769, -0.00217068381608, 0.0021727271378, -0.00145446462557, 0.00161233381368, -0.00195351755247, 0.00274848216213, -0.00247670803219, 0.00225762696937], [-0.0013791131787, 0.00714598130435, -0.003590347711, 0.0051077157259, -0.00568472174928, 0.00662511959672, -0.00533153302968, 0.00455583725125, -0.00351935951039, 0.00682811578736, -0.0100405318663, 0.00817757379264, -0.00572469132021], [0.00166363141034, -0.003590347711, 0.00756265269592, -0.00357155804522, 0.00338240386918, -0.00563726900145, 0.00519070960581, -0.00301496940665, 0.00522294128314, -0.00524098845199, 0.00640582898632, -0.00679424684495, 0.00705780554563], [-0.00173631508369, 0.0051077157259, -0.00357155804522, 0.0128449862823, -0.00407961802557, 0.00335562904365, -0.00423029297963, 0.00510343676433, -0.00466936547309, 0.00350873800926, -0.00520662544295, 0.00737409200519, -0.00774062005803], [0.00150469748769, -0.00568472174928, 0.00338240386918, -0.00407961802557, 0.0109266424552, -0.0048738415353, 0.00495984777808, -0.00493911234662, 0.00149075500667, -0.00415773736313, 0.00885618664324, -0.00793377868831, 0.00513588124886], [-0.00217068381608, 0.00662511959672, -0.00563726900145, 0.00335562904365, -0.0048738415353, 0.0192706994712, -0.0113538112491, 0.00285346945748, -0.0026359660551, 0.00348284933716, -0.00778782600537, 0.00874275993556, -0.0080294618383], [0.0021727271378, -0.00533153302968, 0.00519070960581, -0.00423029297963, 0.00495984777808, -0.0113538112491, 0.0194947458804, -0.00644358759746, 0.00348705169745, -0.00349227129482, 0.00496765598655, -0.00534798763692, 0.00639534974471], [-0.00145446462557, 0.00455583725125, -0.00301496940665, 0.00510343676433, -0.00493911234662, 0.00285346945748, -0.00644358759746, 0.0188130941242, -0.0085792420432, 0.00285139586776, -0.00740780076012, 0.00376396719366, -0.00368735776283], [0.00161233381368, -0.00351935951039, 0.00522294128314, -0.00466936547309, 0.00149075500667, -0.0026359660551, 0.00348705169745, -0.0085792420432, 0.0214878097177, -0.00902343355119, 0.00200237310492, -0.00157396716531, 0.00365135236643], [-0.00195351755247, 0.00682811578736, -0.00524098845199, 0.00350873800926, -0.00415773736313, 0.00348284933716, -0.00349227129482, 0.00285139586776, -0.00902343355119, 0.0288628488779, -0.0120032671839, 0.00275491992943, -0.00312361796387], [0.00274848216213, -0.0100405318663, 0.00640582898632, -0.00520662544295, 0.00885618664324, -0.00778782600537, 0.00496765598655, -0.00740780076012, 0.00200237310492, -0.0120032671839, 0.0317046754062, -0.0152457673103, 0.00628607580438], [-0.00247670803219, 0.00817757379264, -0.00679424684495, 0.00737409200519, -0.00793377868831, 0.00874275993556, -0.00534798763692, 0.00376396719366, -0.00157396716531, 0.00275491992943, -0.0152457673103, 0.0348525568843, -0.0126906950027], [0.00225762696937, -0.00572469132021, 0.00705780554563, -0.00774062005803, 0.00513588124886, -0.0080294618383, 0.00639534974471, -0.00368735776283, 0.00365135236643, -0.00312361796387, 0.00628607580438, -0.0126906950027, 0.0291595887393]]
    },
    "melbands": {
        "dmean": [0.000629300426226, 0.000990585773252, 0.000560382555705, 0.00109425128903, 0.000375057716155, 0.000210242797039, 0.000359045778168, 0.000462525233161, 0.000248702475801, 0.000219803201617, 0.000158282680786, 0.000130030282889, 0.000138343777508, 6.49016146781e-05, 7.53714120947e-05, 5.15294595971e-05, 3.82177931897e-05, 3.66497479263e-05, 3.0683055229e-05, 2.52146346611e-05, 1.55896032084e-05, 1.98559100681e-05, 1.67671241798e-05, 1.29904783535e-05, 1.10869887067e-05, 1.17284098451e-05, 6.55846952213e-06, 4.64779714093e-06, 3.02260787066e-06, 5.68008999835e-06, 3.14133762913e-06, 1.39963026413e-06, 1.62998344422e-06, 1.82751625744e-06, 1.481105528e-06, 1.68049973581e-06, 1.43264935559e-06, 9.60630586633e-07, 5.83762641782e-07, 5.42301449968e-07],
        "dmean2": [0.00101159547921, 0.00163409276865, 0.000878992781509, 0.00178528309334, 0.000629408517852, 0.000356063363142, 0.000577988743316, 0.00074155756738, 0.000405707920436, 0.000339890160831, 0.000249675184023, 0.000205302261747, 0.000217163411435, 0.000105882107164, 0.000121661891171, 8.30284552649e-05, 6.07550828136e-05, 5.88353759667e-05, 4.86216158606e-05, 4.07792940678e-05, 2.5030800316e-05, 3.1721254345e-05, 2.58527379629e-05, 2.07915127248e-05, 1.77437268576e-05, 1.90333630599e-05, 1.05571352833e-05, 7.53696622269e-06, 4.8707033784e-06, 9.03045656742e-06, 4.88478463012e-06, 2.25223084271e-06, 2.58359204963e-06, 2.82490327663e-06, 2.35694187722e-06, 2.66307074526e-06, 2.23985216508e-06, 1.53634323397e-06, 9.08028141566e-07, 8.63276284235e-07],
        "dvar": [5.29389637904e-07, 1.33044329687e-06, 5.1171252835e-07, 4.26744873039e-06, 2.20596803047e-07, 4.84273030565e-08, 2.04531360737e-07, 4.16811104742e-07, 1.18342654787e-07, 6.81259919588e-08, 5.85358463923e-08, 2.51848906174e-08, 3.36713767979e-08, 6.9131340652e-09, 9.97850424511e-09, 6.10349193408e-09, 3.53336959691e-09, 4.03437994123e-09, 2.68541744397e-09, 1.90779014808e-09, 5.52539292098e-10, 8.52568404763e-10, 1.10326037195e-09, 3.1005115142e-10, 1.80196677024e-10, 2.51825310604e-10, 1.16470597056e-10, 1.04850766958e-10, 4.14238053581e-11, 2.2492038787e-10, 3.61183929987e-11, 4.79730491443e-12, 1.2671392581e-11, 1.28171978239e-11, 6.86071251893e-12, 1.16493871841e-11, 9.87019233706e-12, 6.59599501754e-12, 4.2689363329e-12, 5.53775384923e-12],
        "dvar2": [1.39469818805e-06, 3.42822295352e-06, 1.18615264455e-06, 1.08751592052e-05, 5.58506940251e-07, 1.30744709281e-07, 5.13083023179e-07, 9.65687604548e-07, 2.81347240616e-07, 1.51481202693e-07, 1.2863911536e-07, 5.89172053367e-08, 7.90746241819e-08, 1.78598842382e-08, 2.38006450104e-08, 1.35394033762e-08, 7.56301599125e-09, 8.77854944292e-09, 6.29061425172e-09, 4.5772119428e-09, 1.28320187809e-09, 2.0512251897e-09, 2.59134647074e-09, 7.3878791973e-10, 4.42511305376e-10, 6.70017819004e-10, 2.91532797903e-10, 2.84786583205e-10, 1.00993692576e-10, 5.03552199937e-10, 8.29418200787e-11, 1.22133362451e-11, 2.98437524693e-11, 2.89630611161e-11, 1.5107890633e-11, 2.68139711823e-11, 2.22948777495e-11, 1.36904567544e-11, 7.33521316604e-12, 1.28753223361e-11],
        "max": [0.00688806315884, 0.0107728010044, 0.00755411200225, 0.016397472471, 0.00513589242473, 0.00230249087326, 0.00630177371204, 0.0106393443421, 0.00480803893879, 0.00373116275296, 0.00404121587053, 0.00239784247242, 0.00387086276896, 0.0014931759797, 0.00189145258628, 0.00141728424933, 0.0012929859804, 0.00132008944638, 0.000756452907808, 0.000827359792311, 0.000345300679328, 0.000438544084318, 0.000687373743858, 0.000236843174207, 0.000206507567782, 0.000380974350264, 0.000144392164657, 0.000198435533093, 0.000113124100608, 0.000363947969163, 8.56327533256e-05, 3.03132273984e-05, 7.31116087991e-05, 7.07594808773e-05, 5.57989951631e-05, 6.89820226398e-05, 4.48681021226e-05, 6.06982794125e-05, 7.65685908846e-05, 8.58362473082e-05],
        "mean": [0.00114162045065, 0.00178426224738, 0.000890642520972, 0.00122895720415, 0.000629451998975, 0.000374925642973, 0.000618526595645, 0.000818914500996, 0.000459101545857, 0.000457178393845, 0.000287224014755, 0.000260342640104, 0.000256920728134, 0.000125563732581, 0.000134896152304, 9.32834882406e-05, 7.11878165021e-05, 6.10544011579e-05, 5.36973566341e-05, 4.38436109107e-05, 2.89614054054e-05, 3.45426560671e-05, 3.01119634969e-05, 2.48149735853e-05, 2.34338149312e-05, 2.35072002397e-05, 1.35456803037e-05, 8.69416453497e-06, 6.17587693341e-06, 1.17562458399e-05, 7.2507641562e-06, 3.02105399896e-06, 3.26187728206e-06, 3.68039809473e-06, 2.87177272185e-06, 3.37247934112e-06, 2.82978157884e-06, 1.66115023603e-06, 1.01877412817e-06, 8.93313256256e-07],
        "median": [0.000841561937705, 0.00132336386014, 0.000589256407693, 0.000505392847117, 0.000412607798353, 0.000291019212455, 0.000410550448578, 0.000489538244437, 0.000305959867546, 0.000339144346071, 0.000198701483896, 0.000189986778423, 0.00016991517623, 9.72352863755e-05, 9.68634049059e-05, 6.44489773549e-05, 4.47865313618e-05, 3.7568344851e-05, 2.93555985991e-05, 2.69207248493e-05, 1.64516750374e-05, 2.0614670575e-05, 1.69220729731e-05, 1.56192945724e-05, 1.66530444403e-05, 1.77687579708e-05, 7.35433195587e-06, 3.97951043851e-06, 2.63247807197e-06, 2.88148476102e-06, 2.35510401581e-06, 1.48373521824e-06, 1.00173122064e-06, 1.14554416086e-06, 1.15157831715e-06, 1.0120385241e-06, 7.0693346288e-07, 4.53654763533e-07, 3.47034813331e-07, 2.54071466088e-07],
        "min": [1.12659639789e-23, 4.42356908046e-24, 8.90889019259e-24, 4.29409412895e-24, 7.38519983213e-24, 1.26069738752e-23, 9.74620056802e-24, 1.04888200247e-23, 5.24926308464e-24, 6.96141270979e-24, 6.3183676153e-24, 5.95547503282e-24, 8.43824788792e-24, 8.2812117141e-24, 9.16439277346e-24, 3.4612534394e-24, 4.83336496579e-24, 5.6904544507e-24, 1.43724587806e-23, 1.09863175212e-23, 1.0293597461e-23, 1.16895104987e-23, 8.41278266904e-24, 9.65887761012e-24, 7.77859451037e-24, 7.55688751954e-24, 7.15174433583e-24, 7.63697662294e-24, 1.08637119704e-23, 9.86175685773e-24, 7.5167983972e-24, 8.21357635781e-24, 1.07590672048e-23, 1.06433570872e-23, 1.06958384255e-23, 6.08170697715e-24, 9.11332744048e-24, 9.55293595713e-24, 7.13884330459e-24, 8.5729758642e-24],
        "var": [1.08054382508e-06, 2.42366490966e-06, 7.9775196582e-07, 4.00933595301e-06, 3.85206021747e-07, 8.53783959087e-08, 4.04864863413e-07, 9.73141482064e-07, 2.3815469774e-07, 1.82896386036e-07, 1.12440105227e-07, 6.12089650076e-08, 8.33993851757e-08, 1.13791589484e-08, 2.05620782623e-08, 1.16844240949e-08, 7.75714781298e-09, 6.59267218595e-09, 5.35246336142e-09, 3.45324902007e-09, 1.25309462806e-09, 1.71830782936e-09, 2.14305662105e-09, 7.44267258934e-10, 4.56872151222e-10, 4.4884237993e-10, 2.8037339117e-10, 1.83220216776e-10, 1.02432111404e-10, 5.87732140733e-10, 1.36071778845e-10, 1.46268119144e-11, 3.36844510618e-11, 3.86850586287e-11, 1.81017510009e-11, 3.14111479882e-11, 2.86727898369e-11, 1.41114221003e-11, 9.0503464098e-12, 7.14177458491e-12]
    },
    "mfcc": {
        "mean": [-583.989440918, 129.415145874, -7.36875391006, 12.4582967758, -4.6896944046, -1.14545106888, 1.83959770203, 8.50463581085, -3.43042945862, 5.35888433456, 1.25890338421, 2.38052201271, -2.11830472946],
        "cov": [[1341.22314453, -590.611206055, 50.8063011169, 29.7745494843, 1.44187176228, 120.839279175, -21.0691719055, -38.9263038635, 58.0821495056, 26.0808620453, -49.3889083862, -0.954354643822, -31.0723304749], [-590.611206055, 855.430480957, -168.648178101, 15.1982145309, 67.8503112793, -102.338943481, 15.1921644211, 38.6564445496, -65.3354415894, -35.5029907227, 57.3280525208, -14.0525665283, 18.1574668884], [50.8063011169, -168.648178101, 295.757171631, -17.3747425079, -35.583240509, 38.5678825378, 15.074763298, -25.6693096161, -13.6962842941, -8.44302272797, -29.763168335, 6.30610942841, 7.12921714783], [29.7745494843, 15.1982145309, -17.3747425079, 104.328315735, 29.629447937, 3.00302815437, -13.9662494659, -7.67345190048, 0.137122064829, -3.26491141319, -8.85293102264, -8.62936973572, -1.58441030979], [1.44187176228, 67.8503112793, -35.583240509, 29.629447937, 129.305877686, -1.93449246883, -14.6521635056, 5.3637638092, 6.46395015717, 2.74296140671, 7.37201595306, -8.27947330475, 1.77820670605], [120.839279175, -102.338943481, 38.5678825378, 3.00302815437, -1.93449246883, 99.1177825928, 23.1423416138, -8.58201026917, 13.6909208298, 4.05794095993, -13.1098680496, -3.7050280571, -8.46496486664], [-21.0691719055, 15.1921644211, 15.074763298, -13.9662494659, -14.6521635056, 23.1423416138, 80.4914398193, 21.5380439758, 6.43802165985, 4.18315219879, 1.06422019005, 8.39382839203, -1.4187732935], [-38.9263038635, 38.6564445496, -25.6693096161, -7.67345190048, 5.3637638092, -8.58201026917, 21.5380439758, 64.420539856, 17.9921970367, 7.12851858139, 13.865357399, 9.93455123901, 6.45354127884], [58.0821495056, -65.3354415894, -13.6962842941, 0.137122064829, 6.46395015717, 13.6909208298, 6.43802165985, 17.9921970367, 66.4534454346, 25.3960666656, -2.02602863312, 7.11317682266, 2.58076643944], [26.0808620453, -35.5029907227, -8.44302272797, -3.26491141319, 2.74296140671, 4.05794095993, 4.18315219879, 7.12851858139, 25.3960666656, 55.4066162109, 18.9628715515, 9.12613487244, 5.24367570877], [-49.3889083862, 57.3280525208, -29.763168335, -8.85293102264, 7.37201595306, -13.1098680496, 1.06422019005, 13.865357399, -2.02602863312, 18.9628715515, 62.0380973816, 20.2873535156, 6.78021764755], [-0.954354643822, -14.0525665283, 6.30610942841, -8.62936973572, -8.27947330475, -3.7050280571, 8.39382839203, 9.93455123901, 7.11317682266, 9.12613487244, 20.2873535156, 53.7503318787, 20.9194221497], [-31.0723304749, 18.1574668884, 7.12921714783, -1.58441030979, 1.77820670605, -8.46496486664, -1.4187732935, 6.45354127884, 2.58076643944, 5.24367570877, 6.78021764755, 20.9194221497, 51.3572044373]],
