{
"lowlevel": {
    "average_loudness": 0.583623349667,
    "barkbands_crest": {
        "dmean": 1.91567087173,
        "dmean2": 2.9760351181,
        "dvar": 3.5947098732,
        "dvar2": 8.65413093567,
        "max": 25.3456707001,
        "mean": 9.45666122437,
        "median": 8.55564498901,
        "min": 3.04767489433,
        "var": 14.6135072708
    },
    "barkbands_flatness_db": {
        "dmean": 0.0214581359178,
        "dmean2": 0.0323562845588,
        "dvar": 0.000431629276136,
        "dvar2": 0.000829649274237,
        "max": 0.467024296522,
        "mean": 0.246682837605,
        "median": 0.236875772476,
        "min": 0.0615401044488,
        "var": 0.00304546020925
    },
    "barkbands_kurtosis": {
        "dmean": 1.63179314137,
        "dmean2": 2.55009388924,
        "dvar": 14.7453737259,
        "dvar2": 37.1627082825,
        "max": 99.0387191772,
        "mean": 2.58036494255,
        "median": 0.915784597397,
        "min": -1.68083810806,
        "var": 30.7976799011
    },
    "barkbands_skewness": {
        "dmean": 0.364162743092,
        "dmean2": 0.564753174782,
        "dvar": 0.193548128009,
        "dvar2": 0.462516337633,
        "max": 9.08583545685,
        "mean": 0.994017004967,
        "median": 0.896746993065,
        "min": -2.18267726898,
        "var": 0.936039924622
    },
    "barkbands_spread": {
        "dmean": 2.30976653099,
        "dmean2": 3.43147969246,
        "dvar": 10.4527511597,
        "dvar2": 19.7784690857,
        "max": 56.4460258484,
        "mean": 12.4491958618,
        "median": 11.6696968079,
        "min": 0.652381420135,
        "var": 43.3187637329
    },
    "dissonance": {
        "dmean": 0.0260040257126,
        "dmean2": 0.0434711612761,
        "dvar": 0.000740914489143,
        "dvar2": 0.0019123487873,
        "max": 0.499446481466,
        "mean": 0.432759851217,
        "median": 0.442141473293,
        "min": 0.20225147903,
        "var": 0.00194863975048
    },
    "dynamic_complexity": 4.91439390182,
    "erbbands_crest": {
        "dmean": 2.35456681252,
        "dmean2": 3.68466758728,
        "dvar": 6.50229549408,
        "dvar2": 14.3259220123,
        "max": 32.6671981812,
        "mean": 11.2901325226,
        "median": 9.53357124329,
        "min": 2.87726283073,
        "var": 31.8965873718
    },
    "erbbands_flatness_db": {
        "dmean": 0.0155662326142,
        "dmean2": 0.0220746956766,
        "dvar": 0.000311862793751,
        "dvar2": 0.000532870006282,
        "max": 0.486154645681,
        "mean": 0.287966519594,
        "median": 0.283480376005,
        "min": 0.0903004854918,
        "var": 0.00222158851102
    },
    "erbbands_kurtosis": {
        "dmean": 1.01614713669,
        "dmean2": 1.5585269928,
        "dvar": 5.37263059616,
        "dvar2": 12.3502082825,
        "max": 50.7504348755,
        "mean": 1.12723791599,
        "median": 0.256965398788,
        "min": -1.72073447704,
        "var": 12.8432588577
    },
    "erbbands_skewness": {
        "dmean": 0.331032663584,
        "dmean2": 0.492240190506,
        "dvar": 0.142864584923,
        "dvar2": 0.322590470314,
        "max": 6.43167304993,
        "mean": 0.505375087261,
        "median": 0.336185723543,
        "min": -1.45249116421,
        "var": 0.795867085457
    },
    "erbbands_spread": {
        "dmean": 3.52108430862,
        "dmean2": 5.19011306763,
        "dvar": 23.5159549713,
        "dvar2": 49.1335029602,
        "max": 82.7681045532,
        "mean": 20.6623153687,
        "median": 18.6018867493,
        "min": 1.53304767609,
        "var": 113.927986145
    },
    "hfc": {
        "dmean": 3.02936601639,
        "dmean2": 4.04909849167,
        "dvar": 22.5386981964,
        "dvar2": 44.2280158997,
        "max": 66.9271316528,
        "mean": 12.5909719467,
        "median": 7.63378334045,
        "min": 1.12536585614e-16,
        "var": 167.491470337
    },
    "melbands_crest": {
        "dmean": 2.43761920929,
        "dmean2": 3.83217644691,
        "dvar": 5.68071174622,
        "dvar2": 13.5941410065,
        "max": 30.7311534882,
        "mean": 12.2356491089,
        "median": 11.1076183319,
        "min": 1.81217956543,
        "var": 27.2050876617
    },
    "melbands_flatness_db": {
        "dmean": 0.0246471613646,
        "dmean2": 0.0334658063948,
        "dvar": 0.000814024766441,
        "dvar2": 0.00128408032469,
        "max": 0.570297122002,
        "mean": 0.294091045856,
        "median": 0.276559621096,
        "min": 0.00326718389988,
        "var": 0.00728506594896
    },
    "melbands_kurtosis": {
        "dmean": 2.63983869553,
        "dmean2": 4.28970861435,
        "dvar": 61.6844482422,
        "dvar2": 178.170455933,
        "max": 196.166641235,
        "mean": 4.9113817215,
        "median": 2.63097381592,
        "min": -1.36066889763,
        "var": 79.6765441895
    },
    "melbands_skewness": {
        "dmean": 0.410144001245,
        "dmean2": 0.640433490276,
        "dvar": 0.30000191927,
        "dvar2": 0.740081071854,
        "max": 10.1797533035,
        "mean": 1.38851308823,
        "median": 1.26845526695,
        "min": -1.07543587685,
        "var": 1.09586656094
    },
    "melbands_spread": {
        "dmean": 3.44378066063,
        "dmean2": 5.20428228378,
        "dvar": 27.5662574768,
        "dvar2": 59.1114425659,
        "max": 148.684997559,
        "mean": 18.33552742,
        "median": 16.695350647,
        "min": 0.834048569202,
        "var": 181.968719482
    },
    "pitch_salience": {
        "dmean": 0.0527447499335,
        "dmean2": 0.0837854743004,
        "dvar": 0.00288265501149,
        "dvar2": 0.00702711101621,
        "max": 0.943042695522,
        "mean": 0.54909402132,
        "median": 0.555168271065,
        "min": 0.0883635133505,
        "var": 0.0138924093917
    },
    "silence_rate_20dB": {
        "dmean": 0,
        "dmean2": 0,
        "dvar": 0,
        "dvar2": 0,
        "max": 1,
        "mean": 1,
        "median": 1,
        "min": 1,
        "var": 0
    },
    "silence_rate_30dB": {
        "dmean": 0,
        "dmean2": 0,
        "dvar": 0,
        "dvar2": 0,
        "max": 1,
        "mean": 1,
        "median": 1,
        "min": 1,
        "var": 0
    },
    "silence_rate_60dB": {
        "dmean": 0.0624355003238,
        "dmean2": 0.124935470521,
        "dvar": 0.0585377253592,
        "dvar2": 0.118619792163,
        "max": 1,
        "mean": 0.196493044496,
        "median": 0,
        "min": 0,
        "var": 0.157881781459
    },
    "spectral_centroid": {
        "dmean": 117.771118164,
        "dmean2": 173.664810181,
        "dvar": 64294.7539062,
        "dvar2": 130522.921875,
        "max": 11862.0019531,
        "mean": 1007.64251709,
        "median": 919.756347656,
        "min": 243.24067688,
        "var": 863603.1875
    },
    "spectral_complexity": {
        "dmean": 2.10732722282,
        "dmean2": 2.92101192474,
        "dvar": 4.85329675674,
        "dvar2": 7.11457538605,
        "max": 34,
        "mean": 13.0211448669,
        "median": 13,
        "min": 0,
        "var": 39.1934547424
    },
    "spectral_decrease": {
        "dmean": 9.61335677729e-10,
        "dmean2": 1.32657695939e-09,
        "dvar": 2.02160749679e-18,
        "dvar2": 4.01265894176e-18,
        "max": 9.91470420559e-29,
        "mean": -4.37844605017e-09,
        "median": -2.54921728171e-09,
        "min": -2.10079207363e-08,
        "var": 1.96372776682e-17
    },
    "spectral_energy": {
        "dmean": 0.00387797970325,
        "dmean2": 0.00533142359927,
        "dvar": 3.29755930579e-05,
        "dvar2": 6.51992668281e-05,
        "max": 0.083456762135,
        "mean": 0.0176673103124,
        "median": 0.0102908639237,
        "min": 1.03168809431e-20,
        "var": 0.000317827390973
    },
    "spectral_energyband_high": {
        "dmean": 2.73668047157e-05,
        "dmean2": 3.93790833186e-05,
        "dvar": 2.73652744909e-08,
        "dvar2": 6.84029402009e-08,
        "max": 0.00544042186812,
        "mean": 5.81260574108e-05,
        "median": 2.59225489572e-05,
        "min": 7.36515882083e-21,
        "var": 2.60196735269e-08
    },
    "spectral_energyband_low": {
        "dmean": 0.000725457502995,
        "dmean2": 0.00109589577187,
        "dvar": 2.32570619119e-06,
        "dvar2": 4.59722696178e-06,
        "max": 0.0295103881508,
        "mean": 0.0014623956522,
        "median": 0.000563238281757,
        "min": 1.38886772087e-23,
        "var": 8.4071607489e-06
    },
    "spectral_energyband_middle_high": {
        "dmean": 0.00172184011899,
        "dmean2": 0.00236670486629,
        "dvar": 1.06885272544e-05,
        "dvar2": 2.38347838604e-05,
        "max": 0.050539445132,
        "mean": 0.00504534179345,
        "median": 0.00224053347483,
        "min": 1.23635531724e-21,
        "var": 4.73766194773e-05
    },
    "spectral_energyband_middle_low": {
        "dmean": 0.00249444856308,
        "dmean2": 0.00361407408491,
        "dvar": 1.53789824253e-05,
        "dvar2": 3.52456008841e-05,
        "max": 0.0767226591706,
        "mean": 0.0114267971367,
        "median": 0.00579398777336,
        "min": 2.1870021278e-22,
        "var": 0.000180604751222
    },
    "spectral_entropy": {
        "dmean": 0.136565446854,
        "dmean2": 0.189426675439,
        "dvar": 0.0328041315079,
        "dvar2": 0.0537054166198,
        "max": 9.82302761078,
        "mean": 6.81972932816,
        "median": 6.88693714142,
        "min": 4.93418121338,
        "var": 0.238107994199
    },
    "spectral_flux": {
        "dmean": 0.0150403408334,
        "dmean2": 0.0233790799975,
        "dvar": 0.000338395824656,
        "dvar2": 0.000763442192692,
        "max": 0.209716528654,
        "mean": 0.0504024028778,
        "median": 0.041218586266,
        "min": 6.63322938244e-11,
        "var": 0.00129849161021
    },
    "spectral_kurtosis": {
        "dmean": 9.10975551605,
        "dmean2": 15.4722185135,
        "dvar": 134.858581543,
        "dvar2": 346.679504395,
        "max": 116.365219116,
        "mean": 14.5583333969,
        "median": 8.71049499512,
        "min": -1.2331880331,
        "var": 288.688323975
    },
    "spectral_rms": {
        "dmean": 0.000461197749246,
        "dmean2": 0.000601033156272,
        "dvar": 3.41445684171e-07,
        "dvar2": 5.36353013558e-07,
        "max": 0.00902337115258,
        "mean": 0.00359744648449,
        "median": 0.00316857500002,
        "min": 3.17257786882e-12,
        "var": 4.29478950537e-06
    },
    "spectral_rolloff": {
        "dmean": 205.598236084,
        "dmean2": 348.07824707,
        "dvar": 317617.03125,
        "dvar2": 674194.4375,
        "max": 19013.8183594,
        "mean": 1291.52075195,
        "median": 1205.859375,
        "min": 129.19921875,
        "var": 2825684.25
    },
    "spectral_skewness": {
        "dmean": 0.682441592216,
        "dmean2": 1.15599167347,
        "dvar": 0.563532054424,
        "dvar2": 1.47308444977,
        "max": 8.04769420624,
        "mean": 2.22123718262,
        "median": 1.93361723423,
        "min": -0.0939438939095,
        "var": 1.32417452335
    },
    "spectral_spread": {
        "dmean": 291689.46875,
        "dmean2": 456408.5625,
        "dvar": 623364014080,
        "dvar2": 1.20750774682e+12,
        "max": 41789400,
        "mean": 2413707.25,
        "median": 2123922.25,
        "min": 546614.25,
        "var": 1.1232897663e+13
    },
    "spectral_strongpeak": {
        "dmean": 0.473316401243,
        "dmean2": 0.785118639469,
        "dvar": 0.506315052509,
        "dvar2": 1.16691935062,
        "max": 11.8612928391,
        "mean": 1.34772896767,
        "median": 0.870322287083,
        "min": 0,
        "var": 1.82653880119
    },
    "zerocrossingrate": {
        "dmean": 0.00470417924225,
        "dmean2": 0.00586618110538,
        "dvar": 0.000143749421113,
        "dvar2": 0.000265542970737,
        "max": 0.5283203125,
        "mean": 0.0441870614886,
        "median": 0.0390625,
        "min": 0.00732421875,
        "var": 0.00195810873993
    },
    "barkbands": {
        "dmean": [7.36574349958e-07, 0.000303632346913, 0.00038121981197, 0.000357774144504, 0.000409823987866, 0.000584738794714, 0.00129154638853, 0.000843709451146, 0.000682455080096, 0.000461762450868, 0.000334261450917, 0.000713323184755, 0.00048563364544, 0.000294653524179, 0.000109089611215, 7.26166108507e-05, 8.34648308228e-05, 8.32370860735e-05, 1.94495660253e-05, 9.12565974431e-06, 6.79646882418e-06, 1.67027174029e-05, 3.71130749954e-06, 1.21608252357e-06, 4.0785707256e-08, 5.30251824671e-08, 9.54823553556e-10],
        "dmean2": [1.19889648431e-06, 0.000471342471428, 0.00057165173348, 0.000553388032131, 0.000621607759967, 0.000834370031953, 0.00195575505495, 0.00119886558969, 0.00100930617191, 0.000701498182025, 0.000515865162015, 0.00105562468525, 0.000735848851036, 0.000441903510364, 0.000165022662259, 0.000108354652184, 0.000124664278701, 0.000120852499094, 2.7802432669e-05, 1.35017007779e-05, 1.01523592093e-05, 2.49708682531e-05, 5.6429516917e-06, 1.82980704722e-06, 6.60758985305e-08, 8.5080770873e-08, 1.69193548061e-09],
        "dvar": [9.22879689336e-11, 4.75908677799e-07, 1.02382773548e-06, 3.73804965648e-07, 4.06268441111e-07, 2.17544857151e-06, 8.17716954771e-06, 3.26646772919e-06, 2.02374303626e-06, 1.61864250003e-06, 8.71940528668e-07, 3.91184448745e-06, 1.68022802427e-06, 6.1582068156e-07, 1.14783766492e-07, 2.36965647105e-08, 3.36211414265e-08, 4.13889154061e-08, 1.4921233138e-09, 2.51827086961e-10, 1.51310630692e-09, 1.4184211139e-08, 1.46587922356e-10, 9.60709289899e-12, 1.60534427548e-13, 1.43048496225e-13, 5.55611195577e-17],
        "dvar2": [2.31226260361e-10, 1.11570727768e-06, 1.75741843123e-06, 8.60698150973e-07, 9.59369913289e-07, 4.18653917222e-06, 2.26001993724e-05, 6.39639756628e-06, 4.95002814205e-06, 4.42493865194e-06, 2.16213470594e-06, 9.7703323263e-06, 3.80213805329e-06, 1.36118956107e-06, 3.26095062064e-07, 4.6252608854e-08, 7.61951852724e-08, 8.77550121459e-08, 2.82992806966e-09, 5.16839460118e-10, 4.10283140795e-09, 3.53270657172e-08, 3.35278527164e-10, 1.93454783443e-11, 4.10307719875e-13, 3.55949536339e-13, 1.41601727106e-16],
        "max": [0.000299994368106, 0.00867189001292, 0.0230537094176, 0.0110823195428, 0.00868807081133, 0.0316213443875, 0.0622961521149, 0.0255403667688, 0.0206249915063, 0.0162822697312, 0.0180434212089, 0.0337871685624, 0.0254506878555, 0.0156919714063, 0.00780220422894, 0.00458413595334, 0.00300212833099, 0.00421594642103, 0.000990091008134, 0.000338772224495, 0.00126691232435, 0.00392119958997, 0.000301705556922, 6.34609095869e-05, 1.2252077795e-05, 8.65282618179e-06, 2.301775055e-07],
        "mean": [6.46982243779e-07, 0.000554300611839, 0.00066632067319, 0.000554153171834, 0.000920492631849, 0.00153173087165, 0.00476239295676, 0.0020977135282, 0.00139975349884, 0.000866493268404, 0.000597303209361, 0.00133165973239, 0.000949344248511, 0.000578426581342, 0.000215938387555, 0.000170152896317, 0.00017545929586, 0.000175838402356, 4.78289402963e-05, 2.00857102755e-05, 1.31087863338e-05, 2.88724750135e-05, 6.94356367603e-06, 2.26355132327e-06, 4.34586020504e-08, 5.73019178773e-08, 6.93979651523e-10],
        "median": [1.82089692657e-07, 0.000113409674668, 0.000158832786838, 0.000256811472354, 0.000588788941968, 0.000567302166019, 0.00135552801657, 0.000387356354622, 0.000241338420892, 0.000147381128045, 0.000187138852198, 0.000133546142024, 0.00020771943673, 0.000184832126251, 8.24428279884e-05, 6.68628636049e-05, 7.19997115084e-05, 5.07995828229e-05, 1.99847436306e-05, 8.94266304385e-06, 5.92257492826e-06, 7.55322889745e-06, 3.187429229e-06, 6.03696378221e-07, 1.94580310198e-10, 2.18959267384e-10, 1.61177626801e-10],
        "min": [8.08386938258e-25, 4.54779652923e-24, 4.2546447728e-24, 4.81959697641e-25, 4.51612849706e-24, 1.44729596599e-23, 5.94021964621e-24, 1.43794685986e-23, 3.24680633548e-23, 3.06739096664e-23, 2.04552484694e-23, 5.13232620947e-23, 3.58734654421e-23, 3.66040863245e-23, 7.09533241919e-23, 8.69693588913e-23, 8.79947834048e-23, 1.13468894326e-22, 2.0466242666e-22, 2.71412983939e-22, 3.02441773728e-22, 4.36162936302e-22, 4.96951977056e-22, 6.41550509149e-22, 9.92632890935e-22, 1.29016527402e-21, 2.21953520591e-21],
        "var": [4.70724986767e-11, 1.05307549347e-06, 4.46276271759e-06, 7.32575870188e-07, 1.11963584004e-06, 1.08725898826e-05, 6.59602810629e-05, 1.12097441161e-05, 6.26728206043e-06, 3.56652617484e-06, 1.42657029301e-06, 1.09451448225e-05, 4.38727192886e-06, 1.62516039381e-06, 1.9511620053e-07, 9.50653387122e-08, 9.07983448428e-08, 1.13868111384e-07, 6.06466654673e-09, 1.01411035125e-09, 1.23429333421e-09, 1.3466070925e-08, 1.97990415729e-10, 2.60020460024e-11, 1.5235687332e-13, 1.61065442667e-13, 2.93037698635e-17]
    },
    "erbbands": {
        "dmean": [0.00341288303025, 0.0883069708943, 0.413651168346, 0.736037433147, 1.17360186577, 1.77338659763, 1.97454595566, 5.77674818039, 10.6457891464, 26.6647338867, 15.9366674423, 13.3785629272, 13.6050138474, 11.588763237, 19.4612979889, 22.5051021576, 21.7108688354, 13.4308567047, 9.23819732666, 4.46343278885, 3.57077455521, 4.19763994217, 4.05008506775, 1.83076357841, 0.642403066158, 0.453761875629, 0.142084017396, 0.475010544062, 0.62009114027, 0.287109166384, 0.0887446925044, 0.048339240253, 0.00564836710691, 0.000601432635449, 0.000327051297063, 0.000332784431521, 7.28617960704e-05, 3.45433659277e-06, 2.06606796382e-06, 4.4968792281e-06],
        "dmean2": [0.00486052362248, 0.137147665024, 0.621492564678, 1.13544774055, 1.81625747681, 2.70361471176, 2.94750928879, 8.29029178619, 15.5969314575, 39.9249687195, 22.9618644714, 20.2698154449, 19.5467281342, 17.5841712952, 29.4541606903, 32.6068191528, 32.410785675, 20.0248966217, 13.006611824, 6.48921632767, 5.35441112518, 5.96917390823, 5.59054708481, 2.58459734917, 0.895499825478, 0.658019721508, 0.204760968685, 0.719495773315, 0.933375000954, 0.421871811152, 0.134967237711, 0.0727995708585, 0.00853246729821, 0.000902527186554, 0.000562264409382, 0.000544033013284, 0.000109844411782, 5.43237683814e-06, 2.80532140096e-06, 6.13917700321e-06],
        "dvar": [4.6039094741e-05, 0.0413349121809, 1.26939713955, 1.44689965248, 3.64059019089, 10.0719985962, 11.6290607452, 265.521972656, 443.670898438, 4334.95703125, 1261.05810547, 897.500183105, 1120.83947754, 799.551757812, 3227.57202148, 2923.4230957, 3757.72729492, 941.971557617, 924.926879883, 87.1484985352, 52.5472717285, 66.0900878906, 98.9378509521, 11.05564785, 1.65251743793, 0.699282407761, 0.117024973035, 11.0593891144, 25.5109920502, 1.58525407314, 0.0693047642708, 0.0159077420831, 0.00025613757316, 1.07210762508e-05, 1.63280510606e-05, 6.7565115387e-06, 2.03172419333e-07, 3.79464820677e-10, 1.05832001149e-11, 4.45310455177e-11],
        "dvar2": [9.37461736612e-05, 0.094722636044, 2.21304750443, 3.29853963852, 8.90081214905, 24.0986423492, 26.5589923859, 516.100524902, 1025.43273926, 10803.1679688, 2536.03271484, 2400.19042969, 2737.359375, 2062.08642578, 8001.65527344, 6623.69482422, 8527.12109375, 2175.73510742, 1727.58349609, 174.957763672, 114.664756775, 121.924812317, 185.955718994, 22.5380687714, 2.98693966866, 1.23000407219, 0.276293188334, 30.1637611389, 63.2042312622, 3.66071224213, 0.155857756734, 0.0321459136903, 0.000589271774516, 2.56806106336e-05, 4.39798313892e-05, 1.70889179572e-05, 4.65592648879e-07, 9.23368270733e-10, 2.09667474355e-11, 8.73162028792e-11],
        "max": [0.0821086019278, 2.60141706467, 24.272939682, 18.8398742676, 25.9274654388, 51.4671058655, 62.490524292, 290.156707764, 438.747528076, 1400.59509277, 536.545227051, 430.155853271, 549.098205566, 347.4793396, 916.810546875, 801.826721191, 1391.19335938, 576.519226074, 726.653808594, 175.18409729, 157.069961548, 143.364944458, 219.31312561, 62.8398361206, 43.9607429504, 23.3096561432, 9.69991874695, 107.858726501, 171.817352295, 31.2881221771, 5.38662290573, 2.49921512604, 0.36864387989, 0.0727874115109, 0.127915918827, 0.0640786886215, 0.00926052778959, 0.000380321784178, 5.31582809344e-05, 9.48559318203e-05],
        "mean": [0.00666134618223, 0.163615435362, 0.744042277336, 1.29768955708, 2.42432975769, 3.45345807076, 4.80732870102, 15.9331884384, 31.8580703735, 106.116882324, 41.2727088928, 27.275352478, 28.4121398926, 25.0972976685, 37.0189437866, 46.3141517639, 45.3045959473, 28.4302883148, 20.149641037, 10.9433832169, 8.35776138306, 10.1578702927, 10.1808748245, 4.73600530624, 1.73383140564, 1.03429615498, 0.346284687519, 0.831625878811, 1.01477479935, 0.531332433224, 0.171135291457, 0.0935227498412, 0.010173836723, 0.00086894253036, 0.000334592157742, 0.000357875629561, 8.7308777438e-05, 5.13342547492e-06, 9.30872829485e-06, 2.05523356271e-05],
        "median": [0.00138160900678, 0.0367525033653, 0.192340254784, 0.662526607513, 1.3040984869, 1.92419540882, 2.92118263245, 5.40658664703, 14.0477333069, 15.6608505249, 8.12490272522, 4.73956823349, 5.87275075912, 6.43619155884, 8.23429870605, 6.58313560486, 11.568104744, 8.61706161499, 6.53121185303, 4.01176118851, 4.07869768143, 4.21816825867, 2.85151028633, 1.81513667107, 0.868460118771, 0.511484622955, 0.183580860496, 0.335905969143, 0.278752684593, 0.168969452381, 0.0791539102793, 0.0318220630288, 0.00210673408583, 0.000100009114249, 2.36358737311e-05, 1.2035869986e-05, 6.26862947684e-06, 1.82258975201e-06, 5.78905519433e-06, 1.21733828564e-05],
        "min": [1.45687980558e-22, 6.95415395884e-22, 3.33482306815e-21, 5.47274931338e-21, 1.19593207507e-20, 9.63627204989e-21, 5.79155805005e-20, 1.52631482951e-19, 7.49545253044e-20, 3.4585993054e-19, 4.0231187957e-19, 6.28483557612e-19, 8.82693427244e-19, 1.24657989808e-18, 9.4917372628e-19, 1.97815714678e-18, 2.12363567586e-18, 1.76544930663e-18, 3.26248388115e-18, 3.76136932988e-18, 4.5415251382e-18, 6.4871019154e-18, 6.68181237338e-18, 6.90163355321e-18, 9.90364404974e-18, 1.04498984098e-17, 9.77195027877e-18, 1.14120360209e-17, 1.58586785797e-17, 1.3667243045e-17, 1.38407863647e-17, 1.01977754135e-17, 1.26062242635e-17, 9.46031908198e-18, 7.08957726019e-18, 5.19290340081e-18, 2.37080303315e-18, 1.15648286877e-18, 3.18985116782e-19, 2.75648439481e-20],
        "var": [0.000134766625706, 0.0998096764088, 5.32464170456, 3.21213078499, 9.68455410004, 21.5512199402, 36.116558075, 1357.89685059, 1881.79394531, 45036.8476562, 4003.85571289, 2285.82446289, 3187.64990234, 2060.15454102, 7850.84667969, 9273.79394531, 9688.3671875, 2395.11865234, 3014.70043945, 327.641723633, 193.582397461, 272.760528564, 375.478057861, 56.3897361755, 7.15103149414, 3.02109217644, 0.259505987167, 8.35052680969, 22.5245132446, 2.12613749504, 0.104257702827, 0.0396674089134, 0.000603808090091, 1.47599639604e-05, 1.31218112074e-05, 7.19533636584e-06, 2.74481891438e-07, 4.02723937531e-10, 8.52979006871e-11, 4.24894203155e-10]
    },
    "gfcc": {
        "mean": [-131.238830566, 188.125213623, -175.454330444, 14.728386879, -51.0676689148, -17.0525455475, -16.753742218, -26.8336772919, 7.56286716461, -21.3811855316, 2.10842704773, -6.27687931061, -17.5488777161],
        "cov": [[16164.7900391, -583.822692871, -2372.33422852, 967.488830566, -2182.28149414, 639.839660645, -96.5153121948, -350.421630859, 558.770507812, -427.679382324, 270.919586182, -156.681732178, -217.23765564], [-583.822692871, 1831.37121582, 207.865249634, -511.51965332, 780.296813965, -501.977935791, 82.7865219116, 109.401924133, -207.208358765, -97.9653015137, 11.6854066849, -50.8174095154, -26.1265983582], [-2372.33422852, 207.865249634, 741.988342285, -179.807006836, 367.806732178, -142.689575195, -60.3180885315, 180.382598877, -79.0843505859, 70.0533752441, 16.6339817047, 43.1005935669, -14.5135965347], [967.488830566, -511.51965332, -179.807006836, 745.142089844, -267.033782959, 184.317016602, -26.9752235413, -164.737136841, 183.657318115, -63.9853019714, -35.2128448486, 32.2194480896, 93.0416488647], [-2182.28149414, 780.296813965, 367.806732178, -267.033782959, 766.207763672, -215.260513306, 16.2451210022, 118.646148682, -154.853179932, 97.4466323853, -44.8847618103, 29.0124034882, 64.4818725586], [639.839660645, -501.977935791, -142.689575195, 184.317016602, -215.260513306, 438.5078125, 74.8620147705, -55.4791679382, 84.9071578979, 13.5430622101, 17.8476924896, 34.036491394, 61.1651802063], [-96.5153121948, 82.7865219116, -60.3180885315, -26.9752235413, 16.2451210022, 74.8620147705, 288.196044922, 3.74881148338, -57.0681304932, -18.3288288116, -29.4711532593, 5.33801269531, 6.96433830261], [-350.421630859, 109.401924133, 180.382598877, -164.737136841, 118.646148682, -55.4791679382, 3.74881148338, 249.611831665, -36.3038406372, -6.57279205322, 41.3493499756, -43.9981842041, -19.3705501556], [558.770507812, -207.208358765, -79.0843505859, 183.657318115, -154.853179932, 84.9071578979, -57.0681304932, -36.3038406372, 221.539367676, 36.3416862488, 21.9321880341, -1.75166940689, -0.546283364296], [-427.679382324, -97.9653015137, 70.0533752441, -63.9853019714, 97.4466323853, 13.5430622101, -18.3288288116, -6.57279205322, 36.3416862488, 248.831008911, -11.8255300522, 50.2115707397, -3.20511555672], [270.919586182, 11.6854066849, 16.6339817047, -35.2128448486, -44.8847618103, 17.8476924896, -29.4711532593, 41.3493499756, 21.9321880341, -11.8255300522, 142.085281372, -7.46368551254, -12.5128145218], [-156.681732178, -50.8174095154, 43.1005935669, 32.2194480896, 29.0124034882, 34.036491394, 5.33801269531, -43.9981842041, -1.75166940689, 50.2115707397, -7.46368551254, 144.721710205, 22.0094852448], [-217.23765564, -26.1265983582, -14.5135965347, 93.0416488647, 64.4818725586, 61.1651802063, 6.96433830261, -19.3705501556, -0.546283364296, -3.20511555672, -12.5128145218, 22.0094852448, 144.177383423]],
        "icov": [[0.000342988263583, -0.000819546403363, 0.000794389052317, -0.000520670262631, 0.00131512316875, -0.000590601644944, 0.000583131448366, -0.000827220035717, 0.000334656739142, -0.000538844498806, -3.96108516725e-05, -0.000297377613606, 0.000338572717737], [-0.000819546403363, 0.00402886327356, -0.00136733904947, 0.0020405924879, -0.00543817877769, 0.00284992065281, -0.00225249072537, 0.00274840719067, -0.00176824617665, 0.00302467308939, -0.000915820361115, 0.000760653580073, -0.000393128575524], [0.000794389052317, -0.00136733904947, 0.00421806285158, -0.0012108682422, 0.00158834620379, -0.000936995958909, 0.00166440650355, -0.00311390892603, 0.000817876600195, -0.000999720068648, -0.000484838354168, -0.00161358213518, 0.0015286731068], [-0.000520670262631, 0.0020405924879, -0.0012108682422, 0.00357681512833, -0.00244329683483, 0.00118405278772, -0.00117462873459, 0.00255404296331, -0.00265643699095, 0.00238967570476, 0.000405301601859, 0.000182303017937, -0.00180413806811], [0.00131512316875, -0.00543817877769, 0.00158834620379, -0.00244329683483, 0.0102651203051, -0.00285391695797, 0.00284077459946, -0.00432516727597, 0.00311458017677, -0.0048715621233, 0.0015456873225, -0.00124038755894, -0.00113884685561], [-0.000590601644944, 0.00284992065281, -0.000936995958909, 0.00118405278772, -0.00285391695797, 0.00553063442931, -0.00273583899252, 0.00181977357715, -0.00182143051643, 0.00152414909098, -0.00116670143325, -4.75029582958e-06, -0.00199868180789], [0.000583131448366, -0.00225249072537, 0.00166440650355, -0.00117462873459, 0.00284077459946, -0.00273583899252, 0.00559612456709, -0.00219545001164, 0.00220551691018, -0.00136119185481, 0.00121504452545, -0.000772367406171, 0.000922325241845], [-0.000827220035717, 0.00274840719067, -0.00311390892603, 0.00255404296331, -0.00432516727597, 0.00181977357715, -0.00219545001164, 0.0085845598951, -0.00167036324274, 0.00245904596522, -0.00166479160544, 0.00272056087852, -0.000799694855232], [0.000334656739142, -0.00176824617665, 0.000817876600195, -0.00265643699095, 0.00311458017677, -0.00182143051643, 0.00220551691018, -0.00167036324274, 0.00828780047596, -0.00334304198623, -0.000549652671907, 0.000402505160309, 0.000877153943293], [-0.000538844498806, 0.00302467308939, -0.000999720068648, 0.00238967570476, -0.0048715621233, 0.00152414909098, -0.00136119185481, 0.00245904596522, -0.00334304198623, 0.00767840212211, -0.000113387519377, -0.00110139069147, 0.00033805455314], [-3.96108516725e-05, -0.000915820361115, -0.000484838354168, 0.000405301601859, 0.0015456873225, -0.00116670143325, 0.00121504452545, -0.00166479160544, -0.000549652671907, -0.000113387519377, 0.00875505059958, -0.000381919468055, -0.000201166491024], [-0.000297377613606, 0.000760653580073, -0.00161358213518, 0.000182303017937, -0.00124038755894, -4.75029582958e-06, -0.000772367406171, 0.00272056087852, 0.000402505160309, -0.00110139069147, -0.000381919468055, 0.00892722327262, -0.00104961532634], [0.000338572717737, -0.000393128575524, 0.0015286731068, -0.00180413806811, -0.00113884685561, -0.00199868180789, 0.000922325241845, -0.000799694855232, 0.000877153943293, 0.00033805455314, -0.000201166491024, -0.00104961532634, 0.0100518120453]]
    },
    "melbands": {
        "dmean": [5.7955923694e-05, 0.000179544527782, 0.000142335455166, 9.63013517321e-05, 6.99866068317e-05, 0.000127177685499, 0.000184146425454, 0.000265018898062, 0.000135260910611, 7.97847606009e-05, 7.10206149961e-05, 5.12395818077e-05, 5.66983653698e-05, 7.86562304711e-05, 6.62895254209e-05, 3.7108300603e-05, 2.51649362326e-05, 1.85124481504e-05, 6.82679592501e-06, 5.34568607691e-06, 4.55728286397e-06, 4.4130151764e-06, 5.48702610104e-06, 3.05083221974e-06, 1.48861772686e-06, 5.92714002323e-07, 4.16057019947e-07, 2.83237284293e-07, 8.3285883079e-08, 1.26848476611e-07, 3.38667462074e-07, 3.55980233735e-07, 3.38396262123e-07, 1.12076541825e-07, 5.60513164771e-08, 4.12349372425e-08, 2.52052725358e-08, 4.19808809937e-09, 6.86148027285e-10, 3.5172970092e-10],
        "dmean2": [8.66941554705e-05, 0.0002727372339, 0.000218202199903, 0.000146040300024, 0.000104431608634, 0.000181625160621, 0.000272423640126, 0.000393310736399, 0.000191792278201, 0.000120298609545, 0.000103064208815, 7.82647912274e-05, 8.6711923359e-05, 0.000119888019981, 9.46217551245e-05, 5.77669379709e-05, 3.78175318474e-05, 2.59295866272e-05, 1.01234036265e-05, 7.82915776654e-06, 7.00000691722e-06, 6.5394979174e-06, 7.4465851867e-06, 4.52221365776e-06, 2.12106351682e-06, 8.52869447954e-07, 6.18141598352e-07, 4.15928383291e-07, 1.25816214336e-07, 1.93595454334e-07, 5.19494165019e-07, 5.36968570941e-07, 5.05818320562e-07, 1.70222847373e-07, 8.64841496195e-08, 6.20802538265e-08, 3.81624261081e-08, 6.60044374712e-09, 1.05858177779e-09, 5.64988944518e-10],
        "dvar": [1.55328585549e-08, 2.09704296594e-07, 5.07338562272e-08, 2.10816324397e-08, 1.35749411712e-08, 1.15946342305e-07, 1.32497092409e-07, 3.84303831424e-07, 8.33090538777e-08, 2.96937567867e-08, 3.1723743632e-08, 1.68136722323e-08, 2.30578010019e-08, 6.39404689196e-08, 2.60633257199e-08, 1.15759641872e-08, 3.60799434773e-09, 4.33589475435e-09, 3.33579275313e-10, 1.76663378371e-10, 8.8727587777e-11, 6.88350001998e-11, 2.34653019238e-10, 4.20220767905e-11, 7.74139693321e-12, 1.37980610011e-12, 6.03128603918e-13, 2.98909009523e-13, 2.52366131329e-14, 2.44012573819e-13, 6.29126221605e-12, 9.5941215042e-12, 3.24096825766e-12, 2.03361063883e-13, 2.54833572186e-14, 1.34886566367e-14, 4.18874521318e-15, 2.1005386094e-16, 8.93585927666e-18, 7.23994794221e-18],
        "dvar2": [3.50742901389e-08, 3.94428781192e-07, 1.15382022159e-07, 5.04274950686e-08, 3.1388736943e-08, 2.24590991138e-07, 3.42248569041e-07, 9.29207374156e-07, 1.70666652366e-07, 7.6406202254e-08, 7.88572620536e-08, 4.46536922993e-08, 5.46349490094e-08, 1.62276819538e-07, 5.59630564112e-08, 2.5688660088e-08, 8.06740807491e-09, 8.13193690163e-09, 7.27728266536e-10, 3.29404309385e-10, 2.01860500537e-10, 1.38560510288e-10, 4.19214662983e-10, 9.7994591608e-11, 1.57655954264e-11, 2.6711716606e-12, 1.2830276121e-12, 5.38086719279e-13, 5.64597264882e-14, 6.35532479507e-13, 1.72877927251e-11, 2.34477142563e-11, 7.94099768581e-12, 4.81120189261e-13, 5.89207298945e-14, 2.93236944871e-14, 8.88653859293e-15, 5.21502250817e-16, 2.03112098374e-17, 1.82957478789e-17],
        "max": [0.00146787241101, 0.00919184181839, 0.00375538528897, 0.00216638064012, 0.00169984519016, 0.00701384991407, 0.00619826838374, 0.0127178765833, 0.00457122176886, 0.00246105808765, 0.0028054555878, 0.00167533231433, 0.00262236152776, 0.00427997345105, 0.00346625130624, 0.00232868967578, 0.00100586516783, 0.00148343422916, 0.000510449463036, 0.000404575141147, 0.000252359401202, 0.000125270118588, 0.000360317702871, 0.000127072824398, 5.2763887652e-05, 3.15765209962e-05, 1.95283555513e-05, 1.60227318702e-05, 2.8331401154e-06, 1.59110768436e-05, 7.99917033873e-05, 0.000106347884866, 5.3893578297e-05, 1.11514418677e-05, 3.45447779182e-06, 2.29477336688e-06, 1.20585968943e-06, 3.81161271434e-07, 5.90746651596e-08, 6.18779836259e-08],
        "mean": [0.000109399268695, 0.000335082033416, 0.00026804645313, 0.000210726531805, 0.000168128681253, 0.000348425441189, 0.000605943030678, 0.00102286739275, 0.000301881169435, 0.000163583797985, 0.000145215948578, 0.000105743238237, 0.000105816638097, 0.000142975593917, 0.000137827475555, 7.45290381019e-05, 4.84141673951e-05, 3.65725936717e-05, 1.48360149979e-05, 1.19943069876e-05, 9.5464356491e-06, 9.21613627725e-06, 1.29259560708e-05, 6.83851203576e-06, 3.56262580681e-06, 1.45880449054e-06, 9.21440459933e-07, 5.84088695632e-07, 1.7759062132e-07, 2.63304059445e-07, 5.54594464575e-07, 5.32701676548e-07, 6.15298915818e-07, 1.89460237721e-07, 1.01757287041e-07, 7.3071440454e-08, 4.66826364232e-08, 6.26492324685e-09, 9.48085832064e-10, 3.60893259721e-10],
        "median": [2.24828363571e-05, 9.13375406526e-05, 0.00014290807303, 0.000138661722303, 9.94810106931e-05, 0.000131722903461, 0.000229043027502, 0.000160487907124, 5.12541664648e-05, 2.81364991679e-05, 2.75274596788e-05, 2.47005173151e-05, 2.96861508104e-05, 1.15475704661e-05, 2.27483433264e-05, 2.10270900425e-05, 1.35022846735e-05, 9.3995458883e-06, 5.88618831898e-06, 3.41645431945e-06, 3.87020782e-06, 3.86404735764e-06, 3.02066791846e-06, 2.21773984777e-06, 1.10578594104e-06, 6.82257052631e-07, 4.09985034366e-07, 2.60763840743e-07, 8.7795250181e-08, 1.13942050461e-07, 2.02392300253e-07, 1.57251491828e-07, 1.13111426003e-07, 7.23173556594e-08, 4.18829060322e-08, 2.25674394727e-08, 1.24391590361e-08, 3.00798996822e-10, 2.7389655214e-12, 1.62185943928e-12],
        "min": [2.30509988279e-24, 2.16068075028e-24, 1.27902436185e-24, 1.02344723362e-24, 1.95094531534e-24, 2.97068155004e-24, 1.23195973695e-24, 4.70577144753e-24, 4.13934762391e-24, 3.9793520384e-24, 4.54495347453e-24, 4.5123482756e-24, 2.65560557412e-24, 6.06565681318e-24, 3.35796196462e-24, 3.22990952654e-24, 2.77829356083e-24, 5.24948436012e-24, 4.59344357108e-24, 6.3108371491e-24, 4.07581118888e-24, 5.47731409487e-24, 5.63742248748e-24, 4.25724209733e-24, 5.04703385842e-24, 7.92720880516e-24, 4.81916546949e-24, 6.25114128339e-24, 5.01002366019e-24, 6.60513078169e-24, 6.90675884855e-24, 8.02385531011e-24, 7.17288896354e-24, 6.89858703844e-24, 7.35095301365e-24, 6.77405982252e-24, 5.58052905014e-24, 7.15826269349e-24, 7.94114876622e-24, 7.0095758235e-24],
        "var": [3.67222199316e-08, 8.00061172868e-07, 1.19449737213e-07, 5.87201824942e-08, 4.09737346274e-08, 5.80315202114e-07, 7.68657969274e-07, 3.89613023799e-06, 2.78783232943e-07, 8.54463451105e-08, 8.65583231757e-08, 4.07289988402e-08, 4.92363341209e-08, 1.75947960201e-07, 9.56760217719e-08, 2.67339004267e-08, 8.5606490785e-09, 1.32876278869e-08, 7.63366814205e-10, 6.46103837099e-10, 2.73251393734e-10, 2.0730214767e-10, 8.95077068019e-10, 1.67367786297e-10, 3.53262002983e-11, 5.78191444375e-12, 2.1756576575e-12, 1.24641312896e-12, 7.61849554254e-14, 2.86821185292e-13, 4.66934737403e-12, 8.29481448805e-12, 4.63178020244e-12, 2.44403022126e-13, 4.02599943672e-14, 2.36620093771e-14, 1.13098270102e-14, 3.8472869092e-16, 1.77052501094e-17, 7.47478451811e-18]
    },
    "mfcc": {
        "mean": [-734.057434082, 184.789123535, -36.7667236328, 13.2946853638, -10.720541954, 5.72719812393, -20.7916488647, 8.1446390152, -15.9282083511, -3.84797024727, 6.06992530823, 0.887782514095, -1.90152430534],
        "cov": [[7097.29150391, 94.5222244263, -1188.02746582, 409.98248291, -1207.34484863, 412.851013184, -478.473175049, 437.840911865, -261.278503418, 215.596740723, -87.9343414307, 347.518341064, -184.76385498], [94.5222244263, 1242.55993652, 111.874397278, -134.319229126, 224.042373657, -325.708190918, 156.254562378, 17.3234653473, -32.8687705994, -94.8726501465, 89.3964157104, 17.5281581879, -13.2647218704], [-1188.02746582, 111.874397278, 473.819732666, -18.8940429688, 249.415710449, -119.247993469, 54.8334732056, -3.10915017128, 17.4675979614, -33.9713249207, 23.7789783478, 0.796496272087, 31.9188766479], [409.98248291, -134.319229126, -18.8940429688, 392.684204102, 48.1953620911, 22.4036903381, -102.04624176, 22.9981479645, 6.99169826508, 18.9077682495, -33.6444129944, -45.0449867249, 6.37624645233], [-1207.34484863, 224.042373657, 249.415710449, 48.1953620911, 541.431152344, -84.7746658325, 24.794008255, -100.290290833, 56.3785667419, -28.4238491058, 3.59206151962, -82.3794937134, 55.8490943909], [412.851013184, -325.708190918, -119.247993469, 22.4036903381, -84.7746658325, 408.836120605, -12.4760007858, -17.9717655182, 60.9903030396, 37.6316452026, -28.1601066589, -26.7708530426, 45.8159332275], [-478.473175049, 156.254562378, 54.8334732056, -102.04624176, 24.794008255, -12.4760007858, 289.296844482, 54.5881385803, 44.6826934814, -11.5028820038, -2.46870398521, -40.4213104248, -22.269952774], [437.840911865, 17.3234653473, -3.10915017128, 22.9981479645, -100.290290833, -17.9717655182, 54.5881385803, 218.281082153, -2.08397316933, 18.4530754089, -27.0696029663, 21.7143554688, -47.3094978333], [-261.278503418, -32.8687705994, 17.4675979614, 6.99169826508, 56.3785667419, 60.9903030396, 44.6826934814, -2.08397316933, 156.77041626, 33.7670860291, -12.2336072922, -52.0797271729, -0.521682500839], [215.596740723, -94.8726501465, -33.9713249207, 18.9077682495, -28.4238491058, 37.6316452026, -11.5028820038, 18.4530754089, 33.7670860291, 156.303588867, 14.3919487, 6.58030366898, -23.2278900146], [-87.9343414307, 89.3964157104, 23.7789783478, -33.6444129944, 3.59206151962, -28.1601066589, -2.46870398521, -27.0696029663, -12.2336072922, 14.3919487, 171.738174438, 38.0440635681, 7.31554412842], [347.518341064, 17.5281581879, 0.796496272087, -45.0449867249, -82.3794937134, -26.7708530426, -40.4213104248, 21.7143554688, -52.0797271729, 6.58030366898, 38.0440635681, 169.64831543, -1.83219993114], [-184.76385498, -13.2647218704, 31.9188766479, 6.37624645233, 55.8490943909, 45.8159332275, -22.269952774, -47.3094978333, -0.521682500839, -23.2278900146, 7.31554412842, -1.83219993114, 130.954116821]],
