{
"lowlevel": {
    "average_loudness": 0.916010856628,
    "barkbands_crest": {
        "dmean": 1.8670437336,
        "dmean2": 2.95966553688,
        "dvar": 2.81008338928,
        "dvar2": 7.03190422058,
        "max": 21.2242145538,
        "mean": 7.65802955627,
        "median": 6.93047571182,
        "min": 2.52891755104,
        "var": 8.88366222382
    },
    "barkbands_flatness_db": {
        "dmean": 0.0168789904565,
        "dmean2": 0.023912306875,
        "dvar": 0.000259395194007,
        "dvar2": 0.000482757459395,
        "max": 0.343272536993,
        "mean": 0.143147498369,
        "median": 0.140553146601,
        "min": 0.0385986492038,
        "var": 0.00178292242344
    },
    "barkbands_kurtosis": {
        "dmean": 0.799184918404,
        "dmean2": 1.23723316193,
        "dvar": 1.92909753323,
        "dvar2": 3.84116411209,
        "max": 44.7786331177,
        "mean": 0.527032792568,
        "median": 0.114334583282,
        "min": -1.71603143215,
        "var": 5.21302986145
    },
    "barkbands_skewness": {
        "dmean": 0.329605668783,
        "dmean2": 0.496738344431,
        "dvar": 0.108797542751,
        "dvar2": 0.241202309728,
        "max": 3.52404284477,
        "mean": 0.157749056816,
        "median": 0.135054692626,
        "min": -3.85500144958,
        "var": 0.661298751831
    },
    "barkbands_spread": {
        "dmean": 2.97785162926,
        "dmean2": 4.43748092651,
        "dvar": 12.0689868927,
        "dvar2": 26.0195350647,
        "max": 61.9160499573,
        "mean": 16.6553764343,
        "median": 15.4196243286,
        "min": 1.78363513947,
        "var": 47.0543327332
    },
    "dissonance": {
        "dmean": 0.0183636192232,
        "dmean2": 0.0302961897105,
        "dvar": 0.000373789574951,
        "dvar2": 0.00088561483426,
        "max": 0.499917000532,
        "mean": 0.46646797657,
        "median": 0.473970592022,
        "min": 0.100161254406,
        "var": 0.000883212080225
    },
    "dynamic_complexity": 2.89485025406,
    "erbbands_crest": {
        "dmean": 2.1170976162,
        "dmean2": 3.42781257629,
        "dvar": 3.99209260941,
        "dvar2": 9.98293018341,
        "max": 27.2135944366,
        "mean": 9.09204387665,
        "median": 8.20219707489,
        "min": 2.76516127586,
        "var": 12.9815044403
    },
    "erbbands_flatness_db": {
        "dmean": 0.0168317332864,
        "dmean2": 0.0234967246652,
        "dvar": 0.000311051262543,
        "dvar2": 0.000529507989995,
        "max": 0.439583957195,
        "mean": 0.220847338438,
        "median": 0.221994310617,
        "min": 0.09203671664,
        "var": 0.00236529065296
    },
    "erbbands_kurtosis": {
        "dmean": 0.827409207821,
        "dmean2": 1.29788243771,
        "dvar": 1.11668002605,
        "dvar2": 2.60041928291,
        "max": 18.3250427246,
        "mean": 0.794382274151,
        "median": 0.275482773781,
        "min": -1.54042971134,
        "var": 3.80601739883
    },
    "erbbands_skewness": {
        "dmean": 0.302726894617,
        "dmean2": 0.465781271458,
        "dvar": 0.076287470758,
        "dvar2": 0.170985981822,
        "max": 1.89759206772,
        "mean": -0.0769958049059,
        "median": 0.0617996677756,
        "min": -3.51223802567,
        "var": 0.516360640526
    },
    "erbbands_spread": {
        "dmean": 3.71984672546,
        "dmean2": 5.65100908279,
        "dvar": 21.6210212708,
        "dvar2": 45.0190048218,
        "max": 88.0210876465,
        "mean": 19.2104530334,
        "median": 16.7911300659,
        "min": 2.96267414093,
        "var": 93.9953994751
    },
    "hfc": {
        "dmean": 5.73891782761,
        "dmean2": 7.7346777916,
        "dvar": 58.0720977783,
        "dvar2": 105.20766449,
        "max": 92.9773330688,
        "mean": 22.6613712311,
        "median": 18.9876785278,
        "min": 1.23176987028e-16,
        "var": 332.95401001
    },
    "melbands_crest": {
        "dmean": 2.22411561012,
        "dmean2": 3.63915467262,
        "dvar": 4.39672708511,
        "dvar2": 10.9600696564,
        "max": 28.9297428131,
        "mean": 8.59814357758,
        "median": 7.93491268158,
        "min": 1.00197947025,
        "var": 9.89718151093
    },
    "melbands_flatness_db": {
        "dmean": 0.0162725690752,
        "dmean2": 0.0232423953712,
        "dvar": 0.000302414235193,
        "dvar2": 0.000617458950728,
        "max": 0.398864209652,
        "mean": 0.163071393967,
        "median": 0.154826074839,
        "min": -4.0554567704e-07,
        "var": 0.0017592322547
    },
    "melbands_kurtosis": {
        "dmean": 1.03995347023,
        "dmean2": 1.63101506233,
        "dvar": 2.89265823364,
        "dvar2": 6.44262266159,
        "max": 29.0648078918,
        "mean": 1.00279986858,
        "median": 0.252709269524,
        "min": -1.79373002052,
        "var": 7.41074466705
    },
    "melbands_skewness": {
        "dmean": 0.333382993937,
        "dmean2": 0.509130477905,
        "dvar": 0.124559499323,
        "dvar2": 0.285938382149,
        "max": 4.09197282791,
        "mean": 0.57581192255,
        "median": 0.442463457584,
        "min": -3.75234866142,
        "var": 0.65714931488
    },
    "melbands_spread": {
        "dmean": 5.65351009369,
        "dmean2": 8.58852767944,
        "dvar": 48.0159797668,
        "dvar2": 107.964553833,
        "max": 146.300872803,
        "mean": 31.0669288635,
        "median": 28.4923095703,
        "min": 4.53947591782,
        "var": 203.586898804
    },
    "pitch_salience": {
        "dmean": 0.0565732866526,
        "dmean2": 0.0900749787688,
        "dvar": 0.00228465162218,
        "dvar2": 0.00572035321966,
        "max": 0.996029734612,
        "mean": 0.65592032671,
        "median": 0.662104606628,
        "min": 0.329873234034,
        "var": 0.00826285220683
    },
    "silence_rate_20dB": {
        "dmean": 0,
        "dmean2": 0,
        "dvar": 0,
        "dvar2": 0,
        "max": 1,
        "mean": 1,
        "median": 1,
        "min": 1,
        "var": 0
    },
    "silence_rate_30dB": {
        "dmean": 0,
        "dmean2": 0,
        "dvar": 0,
        "dvar2": 0,
        "max": 1,
        "mean": 1,
        "median": 1,
        "min": 1,
        "var": 0
    },
    "silence_rate_60dB": {
        "dmean": 0.0484785959125,
        "dmean2": 0.0970072224736,
        "dvar": 0.0461281426251,
        "dvar2": 0.0989509895444,
        "max": 1,
        "mean": 0.104639172554,
        "median": 0,
        "min": 0,
        "var": 0.0936936512589
    },
    "spectral_centroid": {
        "dmean": 181.831329346,
        "dmean2": 269.500091553,
        "dvar": 74489.875,
        "dvar2": 117495.4375,
        "max": 11627.65625,
        "mean": 1662.72961426,
        "median": 1656.95849609,
        "min": 401.823272705,
        "var": 308926.21875
    },
    "spectral_complexity": {
        "dmean": 3.38834452629,
        "dmean2": 4.86738920212,
        "dvar": 11.6888551712,
        "dvar2": 19.5330505371,
        "max": 47,
        "mean": 22.2422676086,
        "median": 23,
        "min": 0,
        "var": 82.9671783447
    },
    "spectral_decrease": {
        "dmean": 1.04783981492e-09,
        "dmean2": 1.46078749097e-09,
        "dvar": 2.45078416056e-18,
        "dvar2": 4.98356590806e-18,
        "max": 3.75925467703e-28,
        "mean": -3.82964415735e-09,
        "median": -3.44382788953e-09,
        "min": -1.81199268923e-08,
        "var": 7.77680635773e-18
    },
    "spectral_energy": {
        "dmean": 0.00443254364654,
        "dmean2": 0.00613579060882,
        "dvar": 4.21244185418e-05,
        "dvar2": 8.36872350192e-05,
        "max": 0.0764639154077,
        "mean": 0.0165094342083,
        "median": 0.0147507078946,
        "min": 1.10963944651e-20,
        "var": 0.000145515892655
    },
    "spectral_energyband_high": {
        "dmean": 0.00010307157936,
        "dmean2": 0.00012839944975,
        "dvar": 3.02249461015e-08,
        "dvar2": 5.07047204223e-08,
        "max": 0.00261020404287,
        "mean": 0.000232968697674,
        "median": 0.000120059354231,
        "min": 7.54165848403e-21,
        "var": 9.2246608574e-08
    },
    "spectral_energyband_low": {
        "dmean": 0.000111142006062,
        "dmean2": 0.000159204530064,
        "dvar": 3.22374980044e-08,
        "dvar2": 5.56395818307e-08,
        "max": 0.00256412616,
        "mean": 0.000277746294159,
        "median": 0.000104952952825,
        "min": 1.02519416609e-22,
        "var": 1.56865013423e-07
    },
    "spectral_energyband_middle_high": {
        "dmean": 0.00282497657463,
        "dmean2": 0.00401494093239,
        "dvar": 1.22490919239e-05,
        "dvar2": 2.50931643677e-05,
        "max": 0.0469703376293,
        "mean": 0.0109829548746,
        "median": 0.0096398666501,
        "min": 1.76145506309e-21,
        "var": 7.61782794143e-05
    },
    "spectral_energyband_middle_low": {
        "dmean": 0.00239123823121,
        "dmean2": 0.00366320065223,
        "dvar": 2.26890952035e-05,
        "dvar2": 5.35532817594e-05,
        "max": 0.0566720627248,
        "mean": 0.00528479740024,
        "median": 0.00363749079406,
        "min": 3.85785546831e-22,
        "var": 3.16741497954e-05
    },
    "spectral_entropy": {
        "dmean": 0.115120016038,
        "dmean2": 0.160291418433,
        "dvar": 0.014801396057,
        "dvar2": 0.0279014632106,
        "max": 9.79459095001,
        "mean": 7.40610027313,
        "median": 7.40774965286,
        "min": 6.23255968094,
        "var": 0.081174582243
    },
    "spectral_flux": {
        "dmean": 0.0154889281839,
        "dmean2": 0.0231638178229,
        "dvar": 0.00034542294452,
        "dvar2": 0.000702665071003,
        "max": 0.207586124539,
        "mean": 0.0610952079296,
        "median": 0.056175019592,
        "min": 1.05339424683e-10,
        "var": 0.00104400631972
    },
    "spectral_kurtosis": {
        "dmean": 3.178992033,
        "dmean2": 5.41261959076,
        "dvar": 21.3868160248,
        "dvar2": 57.8696060181,
        "max": 91.8720169067,
        "mean": 9.06507873535,
        "median": 8.28136634827,
        "min": -1.24480426311,
        "var": 30.6499118805
    },
    "spectral_rms": {
        "dmean": 0.000517087173648,
        "dmean2": 0.000698693504091,
        "dvar": 4.15541677512e-07,
        "dvar2": 7.34038849259e-07,
        "max": 0.00863706786186,
        "mean": 0.00372453709133,
        "median": 0.00379353831522,
        "min": 3.29025088425e-12,
        "var": 2.23459937843e-06
    },
    "spectral_rolloff": {
        "dmean": 274.38973999,
        "dmean2": 455.964996338,
        "dvar": 294640.28125,
        "dvar2": 586717.0625,
        "max": 19250.6835938,
        "mean": 2056.29907227,
        "median": 2110.25390625,
        "min": 301.46484375,
        "var": 865367.375
    },
    "spectral_skewness": {
        "dmean": 0.312370717525,
        "dmean2": 0.511909306049,
        "dvar": 0.123097188771,
        "dvar2": 0.333640813828,
        "max": 7.87230968475,
        "mean": 1.95051860809,
        "median": 1.94652593136,
        "min": -0.0695457905531,
        "var": 0.295658439398
    },
    "spectral_spread": {
        "dmean": 377555,
        "dmean2": 516919.03125,
        "dvar": 665700401152,
        "dvar2": 607513608192,
        "max": 41752224,
        "mean": 2908282.75,
        "median": 2661515,
        "min": 871780.625,
        "var": 1.79137583514e+12
    },
    "spectral_strongpeak": {
        "dmean": 0.915853857994,
        "dmean2": 1.56096208096,
        "dvar": 1.49365282059,
        "dvar2": 3.76252508163,
        "max": 13.0833749771,
        "mean": 2.27952241898,
        "median": 1.63657426834,
        "min": 0,
        "var": 5.44209098816
    },
    "zerocrossingrate": {
        "dmean": 0.00695177540183,
        "dmean2": 0.0082055432722,
        "dvar": 0.000170491446625,
        "dvar2": 0.000309611554258,
        "max": 0.51708984375,
        "mean": 0.073792129755,
        "median": 0.072265625,
        "min": 0.00927734375,
        "var": 0.000759767484851
    },
    "barkbands": {
        "dmean": [1.11195186037e-06, 8.10827987152e-05, 3.31410737999e-05, 9.08390939003e-05, 0.000913612660952, 0.000392596091842, 0.000414827663917, 0.00053561857203, 0.000534700753633, 0.000924472813495, 0.000845426926389, 0.000573018041905, 0.000417212489992, 0.00029212856316, 0.000362955208402, 0.00111475412268, 0.0004249495978, 0.000310746720061, 9.66655861703e-05, 7.56402878324e-05, 2.22713297262e-05, 2.10507496377e-05, 1.05663993963e-05, 1.34652264023e-05, 1.10385844891e-05, 2.79714895441e-05, 2.39714790951e-06],
        "dmean2": [1.914312179e-06, 0.000105464030639, 5.71167583985e-05, 0.000156336216605, 0.00149263907224, 0.000630386814009, 0.000688237312716, 0.000870243646204, 0.000839642598294, 0.00138103484642, 0.00133036775514, 0.000913226685952, 0.000644057698082, 0.00046086779912, 0.000553619407583, 0.0017330145929, 0.00065812835237, 0.000485602737172, 0.000142166347359, 0.000117073046567, 3.21408151649e-05, 3.02765783999e-05, 1.48669287228e-05, 1.94614112843e-05, 1.51255399032e-05, 3.90463246731e-05, 4.00820408686e-06],
        "dvar": [1.22617029377e-11, 2.45939180132e-08, 2.20251816785e-09, 1.75928533963e-08, 3.41579561791e-06, 8.73876103924e-07, 8.52720972944e-07, 1.50766720708e-06, 7.74028421802e-07, 2.00836780095e-06, 1.54112126438e-06, 9.35983052841e-07, 4.44181097237e-07, 2.7302993999e-07, 3.42164213407e-07, 3.87683758163e-06, 3.16425285973e-07, 3.00672070352e-07, 1.80750383549e-08, 1.35569431237e-08, 1.5571234302e-09, 2.20351936697e-09, 4.25816992777e-10, 5.89342352697e-10, 6.12875472594e-10, 5.54117773888e-09, 5.48832264358e-11],
        "dvar2": [3.37374087001e-11, 3.75564326305e-08, 6.02353278367e-09, 4.74180943399e-08, 8.65876972966e-06, 2.08437086258e-06, 2.23147389988e-06, 4.01623174184e-06, 1.83060421932e-06, 4.77217236039e-06, 3.88135822504e-06, 2.51587107414e-06, 1.05731385247e-06, 6.83190421569e-07, 8.13824101442e-07, 9.96623657556e-06, 7.41151040984e-07, 7.10070651166e-07, 4.36802416459e-08, 3.03384801725e-08, 3.22706950051e-09, 4.22120605137e-09, 8.88526696663e-10, 1.16953635665e-09, 1.15606069162e-09, 1.19360112905e-08, 1.45857340095e-10],
        "max": [8.21279390948e-05, 0.00195291067939, 0.000630046706647, 0.00149985507596, 0.0239382926375, 0.0202521830797, 0.00876419153064, 0.0114509118721, 0.0102334376425, 0.0171479787678, 0.0153480945155, 0.0127607416362, 0.00802502036095, 0.010707792826, 0.00829422008246, 0.030284659937, 0.00702887261286, 0.0170847661793, 0.00196169363335, 0.00203703623265, 0.000691915396601, 0.00154567300342, 0.00034983738442, 0.000374650349841, 0.00035017967457, 0.000675642571878, 9.38748999033e-05],
        "mean": [1.01799571439e-06, 0.000206958473427, 4.07959196309e-05, 0.000117214440252, 0.00138986762613, 0.000589376140852, 0.00056017463794, 0.00075454643229, 0.00101368338801, 0.00198473013006, 0.00190375687089, 0.00114983029198, 0.000860486063175, 0.00053394184215, 0.000704295176547, 0.00253603700548, 0.000898020341992, 0.000673942733556, 0.00023348047398, 0.000162458614795, 4.62185489596e-05, 4.54464898212e-05, 1.9505576347e-05, 2.79413980024e-05, 1.63375425473e-05, 3.70599736925e-05, 2.30570572057e-06],
        "median": [2.01373779873e-07, 3.32739582518e-05, 2.51497276622e-05, 6.95273192832e-05, 0.000830319826491, 0.00030122930184, 0.000230842808378, 0.000314671720844, 0.000653218012303, 0.0011655454291, 0.00121630437206, 0.000584271387197, 0.000509019591846, 0.00027371844044, 0.000353193696355, 0.00110613577999, 0.000578064005822, 0.000303364649881, 0.000144171703141, 9.12723480724e-05, 2.36099585891e-05, 1.91885665117e-05, 8.76458580024e-06, 1.31108572532e-05, 3.47344393958e-06, 2.09661698136e-06, 6.85719783178e-08],
        "min": [8.72986452103e-24, 8.44196531605e-23, 7.90187295947e-24, 2.30691059467e-23, 7.4816363423e-23, 1.04980544305e-23, 9.30930210413e-23, 9.76510214863e-23, 7.93693404018e-23, 7.88825564252e-23, 4.15955058835e-23, 9.33019050981e-23, 1.30359188857e-22, 7.51953322018e-23, 1.05581642115e-22, 1.86451389647e-22, 3.99604193702e-22, 2.63883363397e-22, 3.08136718375e-22, 1.75955588993e-22, 4.61503672932e-22, 4.33149765323e-22, 6.61451160003e-22, 9.17220413725e-22, 1.09026383118e-21, 1.7241784192e-21, 2.54403577722e-21],
        "var": [9.16492576275e-12, 1.29248178382e-07, 2.48675524617e-09, 2.01483949525e-08, 3.53898280991e-06, 1.00215686416e-06, 9.65809476838e-07, 1.51480969635e-06, 1.31126591896e-06, 5.49853029952e-06, 4.22027687819e-06, 2.63102629106e-06, 1.1122642718e-06, 6.6539269028e-07, 9.0893036031e-07, 1.4693086996e-05, 9.48128274558e-07, 1.58674549766e-06, 6.69610429327e-08, 4.25670307891e-08, 4.40346514807e-09, 7.04752300962e-09, 9.16226206016e-10, 1.62487279187e-09, 1.14097875592e-09, 8.3246760596e-09, 4.93121966871e-11]
    },
    "erbbands": {
        "dmean": [0.00177716370672, 0.0203061960638, 0.0349303036928, 0.16022670269, 1.75782132149, 4.00140237808, 1.79691779613, 3.72526621819, 4.80781173706, 12.0232448578, 9.23441505432, 10.7131538391, 28.1801452637, 26.4565200806, 25.8138542175, 26.1547908783, 18.9147357941, 16.4515209198, 12.2306098938, 38.4867782593, 46.2678413391, 23.8052253723, 19.4326915741, 5.88308525085, 4.76390600204, 3.41905665398, 0.648153781891, 1.17201471329, 0.846356391907, 0.378895074129, 0.305010020733, 0.347398668528, 0.188603878021, 0.10977820307, 0.0899351760745, 0.0796831920743, 0.064794100821, 0.011222592555, 0.000257403793512, 1.15615057439e-05],
        "dmean2": [0.00213358062319, 0.0269305873662, 0.0592182427645, 0.270183563232, 2.98377299309, 6.54657268524, 2.87626791, 6.03972530365, 7.48584604263, 20.2657356262, 14.3859243393, 16.8452854156, 42.1129951477, 39.749130249, 40.2477684021, 41.1347312927, 29.3251209259, 25.7057571411, 18.9455890656, 59.1165428162, 72.2742233276, 37.2416496277, 30.2472419739, 8.92227077484, 7.11419248581, 5.19319438934, 0.926851809025, 1.71452963352, 1.20198023319, 0.544616281986, 0.419581264257, 0.512447297573, 0.273254096508, 0.157413110137, 0.131165757775, 0.116202302277, 0.0926938652992, 0.0165335144848, 0.000391262816265, 1.53974779096e-05],
        "dvar": [1.33206158353e-05, 0.00148013629951, 0.00273288250901, 0.0545891039073, 13.5806646347, 61.5186920166, 12.0552711487, 87.8335189819, 109.879508972, 1032.53710938, 258.474395752, 337.911712646, 1939.78613281, 1380.46069336, 1358.39953613, 1772.8380127, 884.269042969, 879.312988281, 357.996032715, 3994.02685547, 7120.78613281, 969.493591309, 1169.03808594, 74.1723632812, 44.9152526855, 28.0372009277, 1.01651251316, 5.26815080643, 3.86584472656, 0.453363776207, 0.337934464216, 0.432760864496, 0.114689655602, 0.0550283044577, 0.050339832902, 0.0428756810725, 0.0309933759272, 0.000983306788839, 6.12088172147e-07, 5.6898591394e-10],
        "dvar2": [1.67747512023e-05, 0.00242136837915, 0.00728783011436, 0.145825728774, 36.1929855347, 156.352752686, 29.2996673584, 213.15007019, 248.220535278, 2808.78100586, 632.726013184, 819.281677246, 4491.64648438, 3273.09594727, 3473.68188477, 4536.71142578, 2095.79663086, 2165.8815918, 845.844299316, 9670.75976562, 18182.6503906, 2316.40625, 2741.93725586, 182.290008545, 99.0662231445, 60.2098083496, 1.94434189796, 10.3827238083, 6.60821866989, 0.881864666939, 0.687960863113, 0.896552681923, 0.245381310582, 0.110981762409, 0.102333627641, 0.0923395976424, 0.0687489807606, 0.00224790628999, 1.4937082824e-06, 1.17269283173e-09],
        "max": [0.0461674928665, 0.491615325212, 0.897510886192, 2.60932898521, 46.9988899231, 93.4616851807, 72.7922668457, 215.29045105, 172.326904297, 314.614837646, 172.980331421, 257.79598999, 651.413757324, 466.853363037, 502.307861328, 585.101867676, 408.304077148, 583.23236084, 286.561065674, 1209.53100586, 1355.84765625, 395.762359619, 1097.40124512, 135.330780029, 97.2488250732, 109.675720215, 13.6395835876, 55.3822860718, 66.1768035889, 10.4001531601, 10.1326951981, 10.3183937073, 4.51772975922, 4.15019655228, 2.2717871666, 2.04280424118, 1.68612289429, 0.321884185076, 0.0106177115813, 0.000246300711296],
        "mean": [0.0047269044444, 0.0509897917509, 0.055901568383, 0.23490704596, 2.29042363167, 5.6565694809, 3.32538819313, 5.32964134216, 7.23724508286, 13.7459087372, 16.6399345398, 20.5806427002, 58.5052871704, 63.7827186584, 63.1456451416, 57.3198394775, 42.1726875305, 32.3964080811, 26.5172424316, 84.1428756714, 113.383270264, 54.3897972107, 43.7281303406, 14.7013931274, 11.9411039352, 7.67625951767, 1.47045123577, 2.49642372131, 1.87372553349, 0.743101418018, 0.569617986679, 0.686701953411, 0.363784909248, 0.173592120409, 0.121592693031, 0.102289885283, 0.0843255743384, 0.0141753815114, 0.00031506139203, 2.97280384984e-05],
        "median": [0.000585383560974, 0.00920631550252, 0.035430457443, 0.159664809704, 1.17527222633, 3.09543228149, 1.91678071022, 2.62974214554, 3.23744535446, 5.23643636703, 8.43152046204, 13.330280304, 35.9667739868, 43.6169166565, 43.0256347656, 33.0640411377, 26.7037353516, 17.4464530945, 15.9019012451, 45.2810134888, 51.7870025635, 34.6041030884, 19.7844963074, 10.1642913818, 7.91723060608, 4.41496324539, 0.8637611866, 1.14968371391, 0.77777659893, 0.338367521763, 0.265559375286, 0.318350553513, 0.156546115875, 0.0517788901925, 0.0165343396366, 0.00891401804984, 0.00387851893902, 0.000649996683933, 2.65813396254e-05, 2.05346677831e-05],
        "min": [2.27389910712e-21, 1.9149636693e-20, 1.51948441791e-20, 4.62471187482e-20, 2.89822864286e-19, 1.45128579978e-19, 3.82439783007e-20, 1.3963700544e-19, 6.78879950022e-19, 1.89325656948e-18, 2.57412961119e-18, 1.93406407743e-18, 1.56141600615e-18, 2.97096165184e-18, 2.14364744962e-18, 4.49015432703e-18, 4.34591843003e-18, 4.59347993889e-18, 5.0189469044e-18, 7.4364157454e-18, 1.31744286883e-17, 2.14110457234e-17, 1.43490210223e-17, 1.41428909223e-17, 1.6507270898e-17, 9.18726758896e-18, 9.47292117861e-18, 2.42206407746e-17, 1.83440353744e-17, 1.97255312221e-17, 1.66806628437e-17, 1.58945881445e-17, 1.65369187055e-17, 1.04339851092e-17, 9.16477820246e-18, 7.13276932306e-18, 2.82614610803e-18, 1.15605676736e-18, 3.2946347889e-19, 4.1520292073e-20],
        "var": [7.07201688783e-05, 0.0075989193283, 0.00433031609282, 0.0633334442973, 12.2279043198, 65.5305633545, 24.0763988495, 91.9347229004, 153.952758789, 848.254577637, 452.512054443, 526.842529297, 4655.90625, 4288.26855469, 4105.56445312, 5410.46435547, 2376.41333008, 2240.17016602, 1088.85827637, 12733.1298828, 30701.3066406, 3426.53637695, 6089.44335938, 245.346725464, 170.780288696, 95.1743087769, 2.98831391335, 16.2667579651, 13.1597366333, 1.16529428959, 0.771903634071, 1.09457242489, 0.277838855982, 0.0981625914574, 0.0801460891962, 0.0635611340404, 0.0445000939071, 0.00129429402296, 6.91539355557e-07, 1.08621034389e-09]
    },
    "gfcc": {
        "mean": [-31.9856815338, 89.169960022, -171.350296021, -2.60497784615, -55.9574623108, -0.369830131531, -43.6455879211, 5.55499505997, -29.0007400513, -14.4489994049, -19.2741527557, 3.09301066399, -6.35870695114],
        "cov": [[6135.10742188, -1429.54711914, -89.2737579346, -412.318634033, 192.031799316, 77.7756271362, -197.356109619, 279.7996521, -219.456893921, 331.627105713, -475.4609375, 336.766693115, -270.075500488], [-1429.54711914, 1508.42529297, -241.217910767, 108.764328003, 112.176055908, 61.9400215149, 289.31161499, -30.9335975647, 211.059020996, -171.265991211, 337.394989014, -159.383514404, 213.029434204], [-89.2737579346, -241.217910767, 744.167419434, 9.2720079422, -67.7513656616, 52.0840911865, -59.5005874634, 58.0065727234, -95.2776794434, 153.498641968, -47.6897621155, 106.522254944, -115.689033508], [-412.318634033, 108.764328003, 9.2720079422, 610.136169434, -9.05818653107, 100.494934082, 41.4834098816, 31.0996570587, 138.669342041, -69.2050323486, 136.148803711, -51.2861671448, 119.579666138], [192.031799316, 112.176055908, -67.7513656616, -9.05818653107, 309.683746338, 45.6429023743, 82.937828064, 88.3759613037, 46.9992752075, 44.5404090881, -8.65710544586, 48.0592269897, 26.6333751678], [77.7756271362, 61.9400215149, 52.0840911865, 100.494934082, 45.6429023743, 215.884078979, 110.545562744, 41.9077415466, 52.8853034973, 14.7874145508, 36.5721740723, 14.1880207062, 37.9095077515], [-197.356109619, 289.31161499, -59.5005874634, 41.4834098816, 82.937828064, 110.545562744, 202.682983398, 47.7666893005, 72.9159011841, -1.92808425426, 77.6598510742, -3.94632601738, 55.6256523132], [279.7996521, -30.9335975647, 58.0065727234, 31.0996570587, 88.3759613037, 41.9077415466, 47.7666893005, 136.530303955, 40.9646682739, 45.1921043396, 0.551934719086, 39.1777610779, 3.85406088829], [-219.456893921, 211.059020996, -95.2776794434, 138.669342041, 46.9992752075, 52.8853034973, 72.9159011841, 40.9646682739, 160.219726562, -18.6167068481, 73.90625, -25.8077526093, 82.2616424561], [331.627105713, -171.265991211, 153.498641968, -69.2050323486, 44.5404090881, 14.7874145508, -1.92808425426, 45.1921043396, -18.6167068481, 139.519012451, -33.3139266968, 58.9089546204, -54.5924568176], [-475.4609375, 337.394989014, -47.6897621155, 136.148803711, -8.65710544586, 36.5721740723, 77.6598510742, 0.551934719086, 73.90625, -33.3139266968, 174.322555542, -33.3317909241, 68.2306137085], [336.766693115, -159.383514404, 106.522254944, -51.2861671448, 48.0592269897, 14.1880207062, -3.94632601738, 39.1777610779, -25.8077526093, 58.9089546204, -33.3317909241, 98.9922790527, -28.2943534851], [-270.075500488, 213.029434204, -115.689033508, 119.579666138, 26.6333751678, 37.9095077515, 55.6256523132, 3.85406088829, 82.2616424561, -54.5924568176, 68.2306137085, -28.2943534851, 121.504547119]],
        "icov": [[0.000389354390791, -0.00019798426365, 0.00071940565249, -0.000197325905901, 0.000382536556572, -0.00060562195722, 0.00063338043401, -0.000940507277846, 0.000514915504027, -0.00086806260515, 0.000890801253263, -0.00114728079643, 0.00043067758088], [-0.00019798426365, 0.002940666629, -0.00162735662889, 0.00157409918029, -0.00196692929603, 0.00133258849382, -0.00263853697106, 0.00169360847212, -0.00173386663664, 0.00305121066049, -0.004450077191, 0.00373669131659, -0.00161099305842], [0.00071940565249, -0.00162735662889, 0.00436058593914, -0.00161940511316, 0.00244914228097, -0.00235896930099, 0.00267335469835, -0.00307781691663, 0.00276118260808, -0.00468893488869, 0.003045958234, -0.00489030918106, 0.00244539347477], [-0.000197325905901, 0.00157409918029, -0.00161940511316, 0.00366657879204, -0.00119976315182, -0.000241021771217, -0.000137690571137, 0.000491695012897, -0.00239854305983, 0.0028893451672, -0.00384279480204, 0.00300187012181, -0.00218416843563], [0.000382536556572, -0.00196692929603, 0.00244914228097, -0.00119976315182, 0.0065195527859, -0.0010711873183, 0.00058397318935, -0.00379504822195, 0.0013246384915, -0.00389855983667, 0.00438011903316, -0.00498556764796, 0.000300615618471], [-0.00060562195722, 0.00133258849382, -0.00235896930099, -0.000241021771217, -0.0010711873183, 0.00894581805915, -0.00621337164193, 0.00211025378667, -0.00182036089245, 0.00189043220598, -0.00152498681564, 0.00207585911267, -0.00204854179174], [0.00063338043401, -0.00263853697106, 0.00267335469835, -0.000137690571137, 0.00058397318935, -0.00621337164193, 0.0131455752999, -0.00426833843812, 0.00112764479127, -0.00344994058833, 0.000967875123024, -0.00358606898226, 0.000950535817537], [-0.000940507277846, 0.00169360847212, -0.00307781691663, 0.000491695012897, -0.00379504822195, 0.00211025378667, -0.00426833843812, 0.0146260065958, -0.00510996067896, 0.00193892256357, -0.00280568725429, 0.00148394575808, -0.000558840110898], [0.000514915504027, -0.00173386663664, 0.00276118260808, -0.00239854305983, 0.0013246384915, -0.00182036089245, 0.00112764479127, -0.00510996067896, 0.0146204307675, -0.0050651486963, 0.00166491162963, -0.000891655101441, -0.0042192870751], [-0.00086806260515, 0.00305121066049, -0.00468893488869, 0.0028893451672, -0.00389855983667, 0.00189043220598, -0.00344994058833, 0.00193892256357, -0.0050651486963, 0.0180709380656, -0.00589886307716, 0.00177026644815, 0.00246879202314], [0.000890801253263, -0.004450077191, 0.003045958234, -0.00384279480204, 0.00438011903316, -0.00152498681564, 0.000967875123024, -0.00280568725429, 0.00166491162963, -0.00589886307716, 0.0174762550741, -0.00622692750767, 0.000584501423873], [-0.00114728079643, 0.00373669131659, -0.00489030918106, 0.00300187012181, -0.00498556764796, 0.00207585911267, -0.00358606898226, 0.00148394575808, -0.000891655101441, 0.00177026644815, -0.00622692750767, 0.0236268620938, -0.00427460111678], [0.00043067758088, -0.00161099305842, 0.00244539347477, -0.00218416843563, 0.000300615618471, -0.00204854179174, 0.000950535817537, -0.000558840110898, -0.0042192870751, 0.00246879202314, 0.000584501423873, -0.00427460111678, 0.0192878302187]]
    },
    "melbands": {
        "dmean": [2.03488616535e-05, 2.04115112865e-05, 5.77963910473e-05, 0.000225343959755, 8.34341917653e-05, 8.44996684464e-05, 7.55305081839e-05, 0.000132224304252, 7.15316491551e-05, 7.52796695451e-05, 0.000142929740832, 0.000110706176201, 0.000109301108751, 7.80053305789e-05, 5.09684359713e-05, 3.07415466523e-05, 3.39741127391e-05, 1.94636722881e-05, 2.89979234367e-05, 9.16142744245e-05, 4.53596076113e-05, 2.71481530945e-05, 2.20295587496e-05, 1.22747505884e-05, 4.88999194204e-06, 3.88422267861e-06, 4.01816487283e-06, 1.93056825992e-06, 4.24772906626e-07, 4.4667211796e-07, 8.79427204836e-07, 5.6774837276e-07, 3.27948271206e-07, 1.98892081471e-07, 1.81456201176e-07, 2.17706627836e-07, 2.25051536518e-07, 1.50333463012e-07, 1.19316922564e-07, 9.21324314618e-08],
        "dmean2": [2.50773318839e-05, 3.16890618706e-05, 9.78130774456e-05, 0.000374036462745, 0.00013243999274, 0.000135953741847, 0.000118993993965, 0.000222217684495, 0.000111335641122, 0.00011742550123, 0.000213808089029, 0.000166818601429, 0.000171252191649, 0.000123403980979, 7.89802797954e-05, 4.73840627819e-05, 5.38224594493e-05, 3.06857218675e-05, 4.49598264822e-05, 0.000142094519106, 7.21638280083e-05, 4.29138635809e-05, 3.41475388268e-05, 1.93795676751e-05, 7.54494385546e-06, 5.90972649661e-06, 6.22428615316e-06, 2.97894007417e-06, 6.32847161341e-07, 6.66311279929e-07, 1.31446597607e-06, 8.31366207876e-07, 4.970731311e-07, 2.95119917837e-07, 2.61393751089e-07, 3.27363807173e-07, 3.38844756698e-07, 2.28065317742e-07, 1.77810363766e-07, 1.36111282245e-07],
        "dvar": [1.64570679306e-09, 1.07900532953e-09, 9.36018551556e-09, 2.30252751976e-07, 2.16165592093e-08, 4.35541380739e-08, 2.55194638754e-08, 1.25721115296e-07, 1.30135342502e-08, 1.60056377041e-08, 4.83297810661e-08, 2.67429012268e-08, 2.63605830497e-08, 1.84292527905e-08, 5.93196647358e-09, 2.15420503658e-09, 3.99423072395e-09, 9.09020414497e-10, 2.42848119392e-09, 2.75511808923e-08, 6.40895514437e-09, 1.26810340007e-09, 1.41911959961e-09, 3.806347737e-10, 5.93260163217e-11, 2.94100438447e-11, 3.880211083e-11, 9.84225548284e-12, 4.78015630551e-13, 5.19700764628e-13, 3.49060710891e-12, 1.99839277071e-12, 3.78261847843e-13, 1.4750357782e-13, 1.19771813994e-13, 1.91959133051e-13, 1.72571090989e-13, 7.29224420106e-14, 5.60592459226e-14, 4.21658659323e-14],
        "dvar2": [2.16926743235e-09, 2.41832687209e-09, 2.56296832646e-08, 5.86268185998e-07, 5.4242359937e-08, 1.02875588937e-07, 5.95360596378e-08, 3.41918592994e-07, 3.1802610323e-08, 3.84153509003e-08, 1.12848347555e-07, 6.39775876721e-08, 6.79621976474e-08, 5.11975670747e-08, 1.4244629476e-08, 4.92295981758e-09, 1.00770014555e-08, 2.16928564001e-09, 5.76144909559e-09, 7.07624749907e-08, 1.6027973615e-08, 3.02434433053e-09, 3.47634432352e-09, 9.01822838628e-10, 1.54024959453e-10, 6.93431909116e-11, 8.61930249396e-11, 2.15197408504e-11, 1.00417699329e-12, 1.16150329372e-12, 7.24402482444e-12, 3.83063155848e-12, 8.14198534982e-13, 3.25568158587e-13, 2.46871018636e-13, 4.42512454631e-13, 3.65097952955e-13, 1.61770919468e-13, 1.26556331062e-13, 8.8081207909e-14],
        "max": [0.000514781626407, 0.000563019653782, 0.00103863072582, 0.00626827031374, 0.00201231660321, 0.00465658307076, 0.00227154046297, 0.00347363157198, 0.00127455638722, 0.00173029280268, 0.00324106798507, 0.00226146215573, 0.00223518512212, 0.00180159765296, 0.000857359264046, 0.000635950185824, 0.00131835183129, 0.000460681709228, 0.000709712330718, 0.00318747875281, 0.00137119262945, 0.000397205702029, 0.00106032297481, 0.000496751104947, 0.000121300930914, 7.79033362051e-05, 0.000114499962365, 7.08567531547e-05, 7.67107303545e-06, 9.92510922515e-06, 4.61947420263e-05, 4.73016625619e-05, 1.35966229209e-05, 5.97790312895e-06, 6.31815373708e-06, 7.29792054699e-06, 7.1627023317e-06, 3.34682272296e-06, 4.22561106461e-06, 3.21402035297e-06],
        "mean": [5.43224377907e-05, 4.35872061644e-05, 8.18285188871e-05, 0.000310272735078, 0.000150294130435, 0.000121924043924, 0.000113587542728, 0.000155572444783, 0.000130295084091, 0.000144906181959, 0.000295027159154, 0.000253012869507, 0.000246006035013, 0.000162790674949, 0.00011178029672, 6.64148828946e-05, 6.07410802331e-05, 3.58500983566e-05, 5.39183456567e-05, 0.000197688787011, 0.000105255217932, 5.45437069377e-05, 4.99012567161e-05, 2.54893420788e-05, 1.04841838038e-05, 8.71048177942e-06, 8.74159468367e-06, 3.98347992814e-06, 7.67284404901e-07, 8.69217217314e-07, 1.72415445832e-06, 1.17142246836e-06, 6.28290592886e-07, 3.33075320214e-07, 3.11507079687e-07, 3.79293936703e-07, 4.31974285675e-07, 2.71570172572e-07, 1.89647082038e-07, 1.29037346142e-07],
        "median": [7.61607907407e-06, 1.73598473339e-05, 4.85991804453e-05, 0.000168673985172, 9.42661572481e-05, 5.99886698183e-05, 5.15344145242e-05, 6.28553898423e-05, 7.22564000171e-05, 9.33526316658e-05, 0.000177263806108, 0.000159178322065, 0.000160350260558, 8.64719040692e-05, 7.24168785382e-05, 4.16046968894e-05, 2.91198357445e-05, 1.93870637304e-05, 2.93225239147e-05, 8.54011886986e-05, 4.69060105388e-05, 3.57088065357e-05, 2.16809021367e-05, 1.24591588246e-05, 6.49220964988e-06, 5.29733279109e-06, 5.12708720635e-06, 2.17045840145e-06, 3.76766934096e-07, 4.83771771087e-07, 7.09156438461e-07, 4.65881385026e-07, 2.66444033059e-07, 1.3876410776e-07, 1.33961520987e-07, 1.65178292377e-07, 1.96214770654e-07, 1.12550978315e-07, 6.85879228968e-08, 2.92917228251e-08],
        "min": [2.31215683523e-23, 1.44963399194e-23, 1.46230530689e-23, 1.92565711684e-23, 1.24922247875e-24, 2.91437088369e-24, 1.29295454103e-23, 1.86607808143e-23, 2.18401868741e-23, 1.10325250487e-23, 8.05271105316e-24, 1.25937123346e-23, 6.19890370311e-24, 1.14938643167e-23, 1.1288926931e-23, 1.0501040269e-23, 7.64334351931e-24, 7.98671889413e-24, 7.32670421828e-24, 1.37001568073e-23, 1.50734311147e-23, 2.45684023613e-23, 1.36615357551e-23, 1.32025267822e-23, 1.0812206453e-23, 1.2869186507e-23, 8.24617524586e-24, 5.68281985486e-24, 4.90012626419e-24, 9.71811080891e-24, 1.502159822e-23, 9.86761651653e-24, 8.55797172979e-24, 1.22792526562e-23, 1.098703854e-23, 6.04716354697e-24, 1.15911434881e-23, 1.24366375066e-23, 1.028924216e-23, 8.0748638451e-24],
        "var": [9.12762487815e-09, 3.76538933367e-09, 9.89901494108e-09, 2.24649014058e-07, 3.45424595594e-08, 4.81523620977e-08, 3.54493359112e-08, 1.0229605607e-07, 2.43983464543e-08, 2.58760266547e-08, 1.16392129712e-07, 8.1598301449e-08, 7.1143091418e-08, 5.05973467568e-08, 1.51369619061e-08, 5.94200511017e-09, 9.27704313369e-09, 2.39994601969e-09, 5.29897414836e-09, 9.32284862643e-08, 2.75030860308e-08, 3.43868755692e-09, 8.06815592114e-09, 1.39017752865e-09, 1.58873414424e-10, 9.54398296504e-11, 1.22927668045e-10, 2.83015642172e-11, 1.11155160597e-12, 1.23714753719e-12, 9.54235128414e-12, 6.01605831124e-12, 1.00378418685e-12, 2.76833325144e-13, 2.54083104383e-13, 3.92435975209e-13, 4.26524700975e-13, 1.66227451183e-13, 9.80849651716e-14, 6.78783540335e-14]
    },
    "mfcc": {
        "mean": [-661.673095703, 130.265991211, -54.6967315674, -3.59120750427, -4.50682210922, -13.1442155838, -8.0042219162, 7.5644993782, -5.19908046722, -9.36215686798, -15.4881134033, -5.87889194489, -4.05258131027],
        "cov": [[4576.31103516, -746.464477539, -507.631195068, -174.492019653, 61.2140388489, 3.64941263199, -46.2198638916, 37.0552902222, 205.547241211, 1.59135341644, 41.4393692017, -19.4309673309, -18.1744270325], [-746.464477539, 1117.57250977, -150.109207153, -85.6533432007, -13.7766189575, 10.4167490005, 149.742599487, 56.4395675659, 7.92073726654, 56.507938385, 31.4213123322, 54.0288162231, 71.2737808228], [-507.631195068, -150.109207153, 696.561035156, 83.4514694214, -11.4845151901, 41.6880912781, 6.21927309036, -18.4766540527, -78.6101837158, 21.5932483673, 28.5306720734, 27.5033531189, -7.37889575958], [-174.492019653, -85.6533432007, 83.4514694214, 320.31072998, 109.820213318, 22.0857276917, 11.8143520355, 55.5546646118, 11.2364845276, 34.9670715332, 16.2588405609, 29.3782539368, 16.1582984924], [61.2140388489, -13.7766189575, -11.4845151901, 109.820213318, 179.276306152, 26.0998477936, 17.2793464661, 49.4272041321, 49.0472297668, 29.8668308258, 9.96192359924, 15.5787687302, 28.487247467], [3.64941263199, 10.4167490005, 41.6880912781, 22.0857276917, 26.0998477936, 171.053207397, 65.7879180908, 49.999961853, 46.3783721924, 26.546962738, 31.903842926, 23.1809921265, 4.09097909927], [-46.2198638916, 149.742599487, 6.21927309036, 11.8143520355, 17.2793464661, 65.7879180908, 150.492538452, 62.6600952148, 24.8985462189, 32.2284622192, 34.5296401978, 28.3548984528, 26.1528339386], [37.0552902222, 56.4395675659, -18.4766540527, 55.5546646118, 49.4272041321, 49.999961853, 62.6600952148, 141.523284912, 69.1215057373, 24.959148407, 21.9245681763, 39.5480384827, 14.8701753616], [205.547241211, 7.92073726654, -78.6101837158, 11.2364845276, 49.0472297668, 46.3783721924, 24.8985462189, 69.1215057373, 148.708374023, 35.6757736206, 26.296836853, 6.73539876938, 19.8707695007], [1.59135341644, 56.507938385, 21.5932483673, 34.9670715332, 29.8668308258, 26.546962738, 32.2284622192, 24.959148407, 35.6757736206, 95.2161865234, 29.951839447, 14.9556074142, 24.4581317902], [41.4393692017, 31.4213123322, 28.5306720734, 16.2588405609, 9.96192359924, 31.903842926, 34.5296401978, 21.9245681763, 26.296836853, 29.951839447, 82.0947418213, 31.98254776, 14.7758741379], [-19.4309673309, 54.0288162231, 27.5033531189, 29.3782539368, 15.5787687302, 23.1809921265, 28.3548984528, 39.5480384827, 6.73539876938, 14.9556074142, 31.98254776, 82.9074401855, 32.0197906494], [-18.1744270325, 71.2737808228, -7.37889575958, 16.1582984924, 28.487247467, 4.09097909927, 26.1528339386, 14.8701753616, 19.8707695007, 24.4581317902, 14.7758741379, 32.0197906494, 81.522819519]],
