{
"lowlevel": {
    "average_loudness": 0.91439384222,
    "barkbands_crest": {
        "dmean": 2.73681044579,
        "dmean2": 4.25502252579,
        "dvar": 5.89697599411,
        "dvar2": 14.3555727005,
        "max": 25.0649356842,
        "mean": 11.9404401779,
        "median": 11.4258956909,
        "min": 3.18273901939,
        "var": 18.8616390228
    },
    "barkbands_flatness_db": {
        "dmean": 0.0243925973773,
        "dmean2": 0.0359632410109,
        "dvar": 0.000654637231492,
        "dvar2": 0.00139246543404,
        "max": 0.410201400518,
        "mean": 0.231453403831,
        "median": 0.233202069998,
        "min": 0.0458834171295,
        "var": 0.00326698762365
    },
    "barkbands_kurtosis": {
        "dmean": 2.80162882805,
        "dmean2": 4.34465742111,
        "dvar": 20.0919342041,
        "dvar2": 49.7557601929,
        "max": 56.1222877502,
        "mean": 4.59056520462,
        "median": 2.82401371002,
        "min": -1.79962253571,
        "var": 38.4738769531
    },
    "barkbands_skewness": {
        "dmean": 0.52720195055,
        "dmean2": 0.792896032333,
        "dvar": 0.374288022518,
        "dvar2": 0.872803747654,
        "max": 5.96087217331,
        "mean": 1.52540206909,
        "median": 1.46780359745,
        "min": -3.20097160339,
        "var": 1.03720104694
    },
    "barkbands_spread": {
        "dmean": 3.21740198135,
        "dmean2": 4.95588827133,
        "dvar": 22.0346431732,
        "dvar2": 51.1746025085,
        "max": 51.1430892944,
        "mean": 10.4014062881,
        "median": 8.37748908997,
        "min": 0.908275663853,
        "var": 54.2229194641
    },
    "dissonance": {
        "dmean": 0.0354935377836,
        "dmean2": 0.0591602250934,
        "dvar": 0.00101968052331,
        "dvar2": 0.00282698683441,
        "max": 0.499840795994,
        "mean": 0.416629374027,
        "median": 0.42532491684,
        "min": 0.201344147325,
        "var": 0.00277160154656
    },
    "dynamic_complexity": 5.33720684052,
    "erbbands_crest": {
        "dmean": 3.00981640816,
        "dmean2": 4.66277170181,
        "dvar": 7.70691490173,
        "dvar2": 18.4597091675,
        "max": 29.2704811096,
        "mean": 12.4140834808,
        "median": 11.532954216,
        "min": 3.75928425789,
        "var": 22.7672576904
    },
    "erbbands_flatness_db": {
        "dmean": 0.0201053768396,
        "dmean2": 0.0291166882962,
        "dvar": 0.000428558676504,
        "dvar2": 0.000877283979207,
        "max": 0.413960903883,
        "mean": 0.281951487064,
        "median": 0.283880680799,
        "min": 0.10042886436,
        "var": 0.0021938662976
    },
    "erbbands_kurtosis": {
        "dmean": 1.5402790308,
        "dmean2": 2.40951013565,
        "dvar": 5.82770204544,
        "dvar2": 13.4370288849,
        "max": 30.2907333374,
        "mean": 1.81690132618,
        "median": 0.888851881027,
        "min": -1.86245977879,
        "var": 12.3668956757
    },
    "erbbands_skewness": {
        "dmean": 0.449090629816,
        "dmean2": 0.676775097847,
        "dvar": 0.253628373146,
        "dvar2": 0.58388376236,
        "max": 4.68816375732,
        "mean": 0.938180804253,
        "median": 0.928621292114,
        "min": -3.22671771049,
        "var": 0.762067019939
    },
    "erbbands_spread": {
        "dmean": 5.08793926239,
        "dmean2": 7.58599328995,
        "dvar": 39.0067405701,
        "dvar2": 84.097442627,
        "max": 80.7492370605,
        "mean": 20.8442955017,
        "median": 18.4557647705,
        "min": 3.16005373001,
        "var": 132.069290161
    },
    "hfc": {
        "dmean": 4.94909238815,
        "dmean2": 6.24082756042,
        "dvar": 72.0386047363,
        "dvar2": 121.18183136,
        "max": 225.771957397,
        "mean": 13.8331604004,
        "median": 7.16562223434,
        "min": 4.53756587859e-09,
        "var": 411.456604004
    },
    "melbands_crest": {
        "dmean": 3.34282016754,
        "dmean2": 5.17549419403,
        "dvar": 9.20991420746,
        "dvar2": 21.4644699097,
        "max": 32.8611221313,
        "mean": 14.9326210022,
        "median": 14.0123672485,
        "min": 3.11736989021,
        "var": 29.6620464325
    },
    "melbands_flatness_db": {
        "dmean": 0.0277321543545,
        "dmean2": 0.0383986830711,
        "dvar": 0.00102494668681,
        "dvar2": 0.0020603381563,
        "max": 0.496828943491,
        "mean": 0.253286749125,
        "median": 0.255957722664,
        "min": 0.0462863557041,
        "var": 0.00542803527787
    },
    "melbands_kurtosis": {
        "dmean": 3.99977517128,
        "dmean2": 6.46137571335,
        "dvar": 39.7121658325,
        "dvar2": 104.293167114,
        "max": 79.251914978,
        "mean": 7.69448375702,
        "median": 5.73537731171,
        "min": -1.85437321663,
        "var": 64.0542678833
    },
    "melbands_skewness": {
        "dmean": 0.568649172783,
        "dmean2": 0.869788646698,
        "dvar": 0.40509775281,
        "dvar2": 0.990269422531,
        "max": 8.1978302002,
        "mean": 1.87841928005,
        "median": 1.81137168407,
        "min": -1.98317337036,
        "var": 1.15544426441
    },
    "melbands_spread": {
        "dmean": 5.53754138947,
        "dmean2": 8.58633804321,
        "dvar": 125.489547729,
        "dvar2": 283.317840576,
        "max": 172.271789551,
        "mean": 15.6847305298,
        "median": 11.2991542816,
        "min": 1.14215600491,
        "var": 259.867675781
    },
    "pitch_salience": {
        "dmean": 0.0711884349585,
        "dmean2": 0.111485466361,
        "dvar": 0.00444225221872,
        "dvar2": 0.0107773710042,
        "max": 0.960433185101,
        "mean": 0.571848452091,
        "median": 0.582248449326,
        "min": 0.135531261563,
        "var": 0.0146210631356
    },
    "silence_rate_20dB": {
        "dmean": 0,
        "dmean2": 0,
        "dvar": 0,
        "dvar2": 0,
        "max": 1,
        "mean": 1,
        "median": 1,
        "min": 1,
        "var": 0
    },
    "silence_rate_30dB": {
        "dmean": 0.00103092787322,
        "dmean2": 0.00206291908398,
        "dvar": 0.00102986511774,
        "dvar2": 0.00205866363831,
        "max": 1,
        "mean": 0.998969614506,
        "median": 1,
        "min": 0,
        "var": 0.00102933507878
    },
    "silence_rate_60dB": {
        "dmean": 0.0860824733973,
        "dmean2": 0.172253742814,
        "dvar": 0.0786731913686,
        "dvar2": 0.147740751505,
        "max": 1,
        "mean": 0.309119015932,
        "median": 0,
        "min": 0,
        "var": 0.21356356144
    },
    "spectral_centroid": {
        "dmean": 233.075241089,
        "dmean2": 339.676635742,
        "dvar": 187353.078125,
        "dvar2": 330044.0625,
        "max": 10699.8408203,
        "mean": 1144.27416992,
        "median": 967.77142334,
        "min": 250.971618652,
        "var": 474250.8125
    },
    "spectral_complexity": {
        "dmean": 3.19020628929,
        "dmean2": 4.29654455185,
        "dvar": 25.0611610413,
        "dvar2": 47.2791900635,
        "max": 55,
        "mean": 10.8773832321,
        "median": 9,
        "min": 0,
        "var": 83.4810943604
    },
    "spectral_decrease": {
        "dmean": 1.2798800908e-09,
        "dmean2": 1.65692115583e-09,
        "dvar": 3.55317086483e-18,
        "dvar2": 5.98819909588e-18,
        "max": -9.25142785317e-19,
        "mean": -3.61412677563e-09,
        "median": -2.33968933117e-09,
        "min": -2.49030787103e-08,
        "var": 1.6302500683e-17
    },
    "spectral_energy": {
        "dmean": 0.00523914862424,
        "dmean2": 0.00675098178908,
        "dvar": 6.01497231401e-05,
        "dvar2": 0.00010002189083,
        "max": 0.108515866101,
        "mean": 0.0148952500895,
        "median": 0.00951567664742,
        "min": 3.90328654815e-12,
        "var": 0.000285097834421
    },
    "spectral_energyband_high": {
        "dmean": 0.000165953941178,
        "dmean2": 0.000245190865826,
        "dvar": 2.91880411396e-07,
        "dvar2": 6.2064566464e-07,
        "max": 0.0207617543638,
        "mean": 0.000274668738712,
        "median": 4.91431928822e-05,
        "min": 1.6474988691e-13,
        "var": 1.04550360902e-06
    },
    "spectral_energyband_low": {
        "dmean": 1.16706851259e-05,
        "dmean2": 1.77889651241e-05,
        "dvar": 8.49754322463e-10,
        "dvar2": 1.92518423425e-09,
        "max": 0.000542032532394,
        "mean": 2.29842353292e-05,
        "median": 2.55957525042e-06,
        "min": 2.93270616125e-13,
        "var": 2.29298136034e-09
    },
    "spectral_energyband_middle_high": {
        "dmean": 0.00175191473681,
        "dmean2": 0.00231976574287,
        "dvar": 9.87066414382e-06,
        "dvar2": 1.68545411725e-05,
        "max": 0.0710389018059,
        "mean": 0.00469354866073,
        "median": 0.0016215814976,
        "min": 1.17036133389e-12,
        "var": 6.95723938406e-05
    },
    "spectral_energyband_middle_low": {
        "dmean": 0.00416003912687,
        "dmean2": 0.00571592152119,
        "dvar": 3.91885987483e-05,
        "dvar2": 7.57986417739e-05,
        "max": 0.0723482444882,
        "mean": 0.0101223960519,
        "median": 0.00683866906911,
        "min": 2.33326444103e-12,
        "var": 0.00012739514932
    },
    "spectral_entropy": {
        "dmean": 0.213041320443,
        "dmean2": 0.288832753897,
        "dvar": 0.0592901520431,
        "dvar2": 0.11176520586,
        "max": 9.81056308746,
        "mean": 6.88226222992,
        "median": 6.85912466049,
        "min": 4.97671222687,
        "var": 0.343487918377
    },
    "spectral_flux": {
        "dmean": 0.0211089774966,
        "dmean2": 0.0317352451384,
        "dvar": 0.000576932914555,
        "dvar2": 0.00113527209032,
        "max": 0.235063001513,
        "mean": 0.0569246299565,
        "median": 0.0472241714597,
        "min": 1.97567374016e-06,
        "var": 0.00196815677918
    },
    "spectral_kurtosis": {
        "dmean": 4.86253452301,
        "dmean2": 8.18523025513,
        "dvar": 31.4686317444,
        "dvar2": 85.2068252563,
        "max": 59.2425041199,
        "mean": 9.65172100067,
        "median": 6.9915189743,
        "min": -1.14359509945,
        "var": 70.9859161377
    },
    "spectral_rms": {
        "dmean": 0.000662121397909,
        "dmean2": 0.000792895909399,
        "dvar": 6.56194970361e-07,
        "dvar2": 8.96853975973e-07,
        "max": 0.0102892732248,
        "mean": 0.00317635014653,
        "median": 0.00304689793848,
        "min": 6.17096773681e-08,
        "var": 4.44273928224e-06
    },
    "spectral_rolloff": {
        "dmean": 361.702911377,
        "dmean2": 603.396850586,
        "dvar": 479301.75,
        "dvar2": 964074.9375,
        "max": 6610.69335938,
        "mean": 1365.28027344,
        "median": 1076.66015625,
        "min": 193.798828125,
        "var": 1122047.5
    },
    "spectral_skewness": {
        "dmean": 0.482552081347,
        "dmean2": 0.767283976078,
        "dvar": 0.234735265374,
        "dvar2": 0.572799384594,
        "max": 5.8501162529,
        "mean": 1.96351289749,
        "median": 1.77321624756,
        "min": -0.137871012092,
        "var": 0.870544910431
    },
    "spectral_spread": {
        "dmean": 382718.6875,
        "dmean2": 557942.8125,
        "dvar": 860163604480,
        "dvar2": 992259014656,
        "max": 39637056,
        "mean": 2843707.25,
        "median": 2703870.75,
        "min": 1177481.625,
        "var": 1.39078126797e+12
    },
    "spectral_strongpeak": {
        "dmean": 0.505347251892,
        "dmean2": 0.742640852928,
        "dvar": 0.41332373023,
        "dvar2": 0.839447259903,
        "max": 11.7313365936,
        "mean": 1.43462789059,
        "median": 1.00206136703,
        "min": 0,
        "var": 2.29734635353
    },
    "zerocrossingrate": {
        "dmean": 0.00763556081802,
        "dmean2": 0.00840856041759,
        "dvar": 0.000129064821522,
        "dvar2": 0.000123143967357,
        "max": 0.23974609375,
        "mean": 0.0471056811512,
        "median": 0.0400390625,
        "min": 0.00634765625,
        "var": 0.000807049858849
    },
    "barkbands": {
        "dmean": [4.46391283049e-07, 1.60778859026e-06, 2.07226480597e-06, 4.26177175541e-05, 0.00018614110013, 0.000746676349081, 0.00129516725428, 0.00179414474405, 0.00158307864331, 0.000495315238368, 0.000384880957427, 0.000641566701233, 0.00044534727931, 0.00022739895212, 0.000142886405229, 0.000113972644613, 0.000159509450896, 8.35819882923e-05, 0.000155477551743, 7.52570995246e-05, 7.48516977183e-05, 5.42732450413e-05, 1.70455859916e-05, 7.25229529053e-06, 6.56666588839e-06, 1.12811153485e-06, 1.07534404492e-07],
        "dmean2": [7.69892778862e-07, 2.79702953776e-06, 3.19821720041e-06, 6.65526458761e-05, 0.000279231520835, 0.00108004652429, 0.00191206485033, 0.00258128275163, 0.00240311934613, 0.000762016454246, 0.000548772863112, 0.000924435909837, 0.000636788376141, 0.000315019511618, 0.000206699740374, 0.000177281326614, 0.000253663893091, 0.000130583066493, 0.000237651140196, 0.000116450923088, 0.000116659364721, 8.75139521668e-05, 2.51377387031e-05, 1.12899360829e-05, 9.87783550954e-06, 1.67128598605e-06, 2.07259347462e-07],
        "dvar": [1.84591860027e-12, 2.34210446176e-11, 5.86400025759e-11, 1.14094369508e-08, 1.15022452007e-07, 2.56070757132e-06, 7.97080883785e-06, 1.35639465952e-05, 1.01050600279e-05, 1.76059768364e-06, 1.05532376438e-06, 4.14107444158e-06, 2.38752113546e-06, 3.38018566026e-07, 1.2003128802e-07, 7.05532414713e-08, 1.31418303795e-07, 5.05017965224e-08, 1.35657231226e-07, 5.76758267812e-08, 4.82913584676e-08, 4.20569001847e-08, 1.4337504517e-08, 1.19667886711e-09, 1.51526180492e-09, 8.26956905731e-11, 4.36422989761e-12],
        "dvar2": [5.14154040523e-12, 6.24714169284e-11, 1.23210164293e-10, 2.54793803833e-08, 2.65711634029e-07, 5.22416121385e-06, 1.74989181687e-05, 2.87231978291e-05, 2.31586109294e-05, 4.1284283725e-06, 1.84855355201e-06, 7.97664870333e-06, 4.4706666813e-06, 6.02899945079e-07, 2.50715061156e-07, 1.76217085368e-07, 3.26787841232e-07, 1.41001464726e-07, 3.45085112485e-07, 1.4065203402e-07, 1.18743471944e-07, 1.07967018437e-07, 2.34855423997e-08, 2.30008567748e-09, 2.41869813067e-09, 1.13243456279e-10, 1.40056438669e-11],
        "max": [2.89834024443e-05, 8.48336931085e-05, 0.000184686665307, 0.00179366441444, 0.00462054135278, 0.0325050987303, 0.0452002845705, 0.0610353276134, 0.0441996008158, 0.0279608722776, 0.0289809573442, 0.0576778762043, 0.0424472130835, 0.0115178562701, 0.006152597256, 0.00378783163615, 0.00664010969922, 0.00486391689628, 0.00741737522185, 0.00572752486914, 0.00522951874882, 0.00551060121506, 0.00614542607218, 0.00118176091928, 0.00165534426924, 0.000399844167987, 6.43946841592e-05],
        "mean": [4.23988751663e-07, 1.51689459926e-06, 3.33005414177e-06, 7.97596003395e-05, 0.000397048075683, 0.0016269243788, 0.00194294995163, 0.00299086491577, 0.00269469129853, 0.000783469062299, 0.000693234498613, 0.00112737948075, 0.000782488030382, 0.000395754235797, 0.000222921662498, 0.000168366837897, 0.00024643325014, 0.000137214927236, 0.000258960295469, 0.000104778002424, 0.00010984049004, 7.84547810326e-05, 2.74281755992e-05, 1.04222654045e-05, 9.31812519411e-06, 1.22996812024e-06, 6.34758947626e-08],
        "median": [1.47306465692e-07, 3.48881485479e-07, 1.85813263442e-07, 5.55364113097e-06, 0.000169889986864, 0.000402526959078, 0.000287993170787, 0.000483438197989, 0.000506612588651, 0.00014527735766, 0.000151261017891, 0.000142077857163, 6.1175058363e-05, 4.6688655857e-05, 3.32829986291e-05, 3.5004952224e-05, 4.76903041999e-05, 3.40117985616e-05, 3.75014897145e-05, 1.49174629769e-05, 1.73916087078e-05, 7.46711202737e-06, 9.21241678498e-07, 5.37471350981e-07, 3.81093769874e-07, 3.17937818295e-08, 2.76339340299e-10],
        "min": [8.97772524724e-14, 1.29204440658e-13, 8.04586838777e-14, 7.70780737413e-14, 1.90685073525e-13, 2.24908850224e-13, 3.64849562237e-13, 5.41802659595e-13, 7.80673106455e-13, 3.745103728e-13, 1.31967597657e-13, 8.23592970624e-14, 1.93619249865e-13, 1.6872632035e-13, 1.1839849576e-13, 2.88071094214e-14, 2.43443079687e-14, 7.86935349783e-14, 4.45004649178e-14, 2.56596400215e-14, 2.75254689511e-14, 2.23822001921e-14, 2.1948568451e-14, 2.00294289618e-14, 1.75724862314e-14, 1.56928540529e-14, 2.10331375933e-14],
        "var": [1.39819297633e-12, 2.16641860701e-11, 1.70815847578e-10, 2.88449140129e-08, 2.95152148055e-07, 9.62171543506e-06, 1.76609810296e-05, 3.28562964569e-05, 2.54920942098e-05, 4.69983433504e-06, 2.91666037811e-06, 1.71850533661e-05, 9.67380128714e-06, 1.09551172045e-06, 2.52107270171e-07, 1.11003110703e-07, 2.4063203341e-07, 9.12538240527e-08, 3.48043670328e-07, 1.20883640875e-07, 1.02724712292e-07, 1.00521113211e-07, 5.56998926982e-08, 4.36832570117e-09, 4.90743534698e-09, 1.69270195083e-10, 2.34627530078e-12]
    },
    "erbbands": {
        "dmean": [6.34552416159e-05, 0.000334428943461, 0.00219573220238, 0.0581151433289, 0.354789018631, 0.649697601795, 2.93119096756, 6.96492815018, 11.4800806046, 29.6730690002, 38.7114944458, 35.423500061, 21.1327896118, 11.5316705704, 16.7748374939, 23.5087089539, 21.2383327484, 11.2261247635, 7.10770273209, 6.53537321091, 6.2675652504, 8.68221378326, 3.93848133087, 6.28359079361, 7.20537042618, 3.5065779686, 2.83669519424, 2.76541304588, 2.38153457642, 0.94911891222, 0.313246548176, 0.14279577136, 0.126342669129, 0.096330806613, 0.0346731953323, 0.00909699779004, 0.00165450072382, 0.000380765937734, 1.14661779662e-05, 6.48111426926e-06],
        "dmean2": [0.000110036817205, 0.000568589253817, 0.00330160814337, 0.0898760855198, 0.53363353014, 0.964212834835, 4.44003152847, 9.93811416626, 16.7988891602, 42.6994667053, 56.4471473694, 53.4917678833, 32.1064033508, 15.9600524902, 24.0988082886, 33.7367210388, 29.7617683411, 15.4628753662, 10.5867395401, 9.37628650665, 9.54297351837, 13.5761919022, 5.81782054901, 9.28115463257, 11.4307842255, 5.37079191208, 4.48336410522, 4.25994205475, 3.7870862484, 1.37951183319, 0.445873230696, 0.220398381352, 0.199275508523, 0.153534591198, 0.0515357144177, 0.0131882522255, 0.00295449374244, 0.000715644389857, 1.94721251319e-05, 8.40509528643e-06],
        "dvar": [3.23901758748e-08, 1.0235580703e-06, 3.37661113008e-05, 0.0199990924448, 0.527120649815, 1.74086987972, 48.0404701233, 257.428771973, 665.740661621, 4305.53662109, 5848.73974609, 5590.72802734, 2474.23486328, 882.630310059, 1730.1237793, 5316.31738281, 5441.6015625, 740.811828613, 400.181335449, 229.976028442, 199.291885376, 449.668395996, 89.0719909668, 195.407775879, 437.015869141, 123.852844238, 71.0221710205, 86.9540405273, 82.9352722168, 32.3533058167, 2.18962454796, 0.437013536692, 0.400646656752, 0.304349988699, 0.0419141091406, 0.00700615206733, 0.000265501410468, 3.06312394969e-05, 1.85602715419e-08, 1.11008570391e-10],
        "dvar2": [8.9576971618e-08, 2.73111550086e-06, 7.52351115807e-05, 0.0450739003718, 1.18717372417, 3.93116402626, 107.919647217, 546.170898438, 1315.80407715, 8379.88378906, 13433.6318359, 12921.265625, 5673.84326172, 1445.62023926, 3605.72021484, 10347.3388672, 10237.8603516, 1316.62512207, 913.893615723, 499.739135742, 499.947784424, 1129.13562012, 217.841949463, 442.90133667, 1174.16271973, 306.634277344, 175.699371338, 224.088470459, 215.381973267, 43.6526145935, 3.68506669998, 0.885214388371, 0.761661291122, 0.587609529495, 0.0613681301475, 0.012453570962, 0.000696435105056, 9.73175265244e-05, 5.77004612978e-08, 1.97054011997e-10],
        "max": [0.0026068247389, 0.0178666561842, 0.122753582895, 2.14716315269, 10.2417163849, 20.8472251892, 150.503265381, 323.953918457, 476.781341553, 1137.28649902, 1516.35839844, 1320.54248047, 950.161499023, 888.805664062, 1003.18383789, 2613.4855957, 2292.92871094, 546.024108887, 377.2003479, 285.331390381, 247.742355347, 448.490356445, 189.944274902, 262.918670654, 471.5753479, 263.270996094, 119.70741272, 319.07635498, 255.452850342, 299.95703125, 63.5199203491, 22.7453765869, 21.3392333984, 20.6369838715, 8.91655349731, 3.69789385796, 0.603127419949, 0.175228700042, 0.00455227261409, 0.000282765744487],
        "mean": [6.15475073573e-05, 0.000362685677828, 0.00425781542435, 0.118547335267, 0.642899692059, 1.50999844074, 6.10631322861, 14.1589832306, 19.3815307617, 56.1347808838, 63.9723014832, 60.473651886, 34.6698226929, 22.3150405884, 31.2950382233, 47.1193885803, 40.8387527466, 21.0890083313, 12.7133865356, 11.0136613846, 10.8414936066, 13.5442295074, 7.24478149414, 12.2473659515, 11.2267770767, 5.08821821213, 3.98231124878, 4.25793838501, 3.49120807648, 1.54783916473, 0.467825472355, 0.19904871285, 0.191903099418, 0.135706052184, 0.0470275953412, 0.00999112706631, 0.00163624249399, 0.000266982533503, 1.53413893713e-05, 1.83127122e-05],
        "median": [1.93674932234e-05, 9.82441124506e-05, 0.000596487428993, 0.0146578811109, 0.173336297274, 0.511347234249, 1.98418223858, 3.21637749672, 4.50717592239, 9.24935436249, 19.5317821503, 12.694653511, 7.50664520264, 5.22948026657, 6.47379398346, 7.18869924545, 3.79812312126, 3.05999875069, 2.00598120689, 1.9724817276, 2.54386520386, 2.99946737289, 2.20645976067, 2.16491675377, 1.55425190926, 0.761588871479, 0.815069198608, 0.619558334351, 0.350446879864, 0.0820183977485, 0.0204558297992, 0.0107522755861, 0.00890038255602, 0.00499177211896, 0.00220516650006, 0.000428113067755, 2.762063923e-05, 3.5140685668e-06, 5.58946476303e-06, 1.13047490231e-05],
        "min": [4.79858774244e-12, 2.58875663961e-11, 8.36187646902e-11, 1.94638818951e-10, 3.83526571612e-10, 6.84248602223e-10, 1.16813747564e-09, 2.08887174225e-09, 4.12920453385e-09, 8.08211275682e-09, 1.35700792825e-08, 1.76692278586e-08, 1.50749137617e-08, 8.42211456131e-09, 4.44785319687e-09, 3.8388900947e-09, 8.3496667358e-09, 9.52226297812e-09, 7.25020443682e-09, 4.41167857801e-09, 1.05591924093e-09, 1.54593227109e-09, 4.09762401787e-09, 3.57840912457e-09, 1.15008969015e-09, 1.20220911004e-09, 1.39249423103e-09, 9.56888235315e-10, 6.59022114657e-10, 1.0166270048e-09, 5.10842090851e-10, 4.55175369618e-10, 2.91296126109e-10, 1.88831103531e-10, 1.2701169283e-10, 6.94941187929e-11, 2.83905329801e-11, 1.19552258718e-11, 3.09678498123e-12, 2.9043062985e-13],
        "var": [2.84338881329e-08, 9.61199930316e-07, 9.46651416598e-05, 0.0520724579692, 1.23365330696, 5.15024852753, 123.473152161, 883.044250488, 1561.96728516, 12939.1396484, 12357.5966797, 13762.1816406, 6788.44775391, 2886.30908203, 4823.97167969, 28446.8417969, 22638.1953125, 2560.88183594, 805.280822754, 510.005096436, 346.106567383, 792.293701172, 208.292037964, 662.668273926, 986.31817627, 267.835418701, 107.70552063, 195.105804443, 203.981201172, 154.0050354, 9.45603370667, 1.34017038345, 1.66980028152, 0.960720062256, 0.125175744295, 0.0110947806388, 0.000353082548827, 2.06099502975e-05, 1.35883473362e-08, 5.06075958917e-10]
    },
    "gfcc": {
        "mean": [-136.16053772, 106.620597839, -189.514877319, -13.8017139435, -95.081817627, -27.5582065582, -43.6774520874, -6.79687833786, -24.5546150208, -5.38217544556, -11.0645837784, -9.34366989136, -2.07448482513],
        "cov": [[11004.3603516, -1868.46264648, -2084.43701172, 113.362579346, -1124.20324707, -321.049163818, 150.893554688, -267.999328613, -12.9739351273, 28.0378131866, -35.0397605896, -137.423355103, -74.8214035034], [-1868.46264648, 1530.10644531, 395.529022217, -389.116668701, 394.132781982, -208.278915405, 2.04954528809, -112.73966217, 30.5145263672, -238.217178345, 62.9922447205, -79.7132415771, 27.6311779022], [-2084.43701172, 395.529022217, 904.62286377, 109.426521301, 194.943862915, 149.468414307, -107.989730835, 58.7503433228, -30.647857666, -4.94730377197, -62.0509910583, 42.5410385132, -44.7990341187], [113.362579346, -389.116668701, 109.426521301, 590.518554688, -42.1734352112, 53.7596473694, -75.8699417114, 21.0274181366, 43.6574287415, 28.4988880157, -94.5357818604, -21.6985340118, -22.1495704651], [-1124.20324707, 394.132781982, 194.943862915, -42.1734352112, 352.733764648, -0.835807621479, -85.0209960938, 32.4884986877, 34.7808456421, -6.05449438095, 14.4795389175, -16.6587581635, -5.10358762741], [-321.049163818, -208.278915405, 149.468414307, 53.7596473694, -0.835807621479, 304.438598633, 53.4236412048, 62.7792930603, -46.8402557373, 64.2567214966, -8.47232341766, 19.6708106995, -42.797328949], [150.893554688, 2.04954528809, -107.989730835, -75.8699417114, -85.0209960938, 53.4236412048, 296.738494873, 41.0341262817, -57.4312286377, -31.4574375153, 4.74646043777, 25.1134529114, -32.7912635803], [-267.999328613, -112.73966217, 58.7503433228, 21.0274181366, 32.4884986877, 62.7792930603, 41.0341262817, 184.698623657, 11.3078784943, 42.4392700195, -10.4292392731, 18.4973754883, -4.74720907211], [-12.9739351273, 30.5145263672, -30.647857666, 43.6574287415, 34.7808456421, -46.8402557373, -57.4312286377, 11.3078784943, 142.368896484, 32.6627693176, -3.96497654915, -29.9703559875, 19.1916160583], [28.0378131866, -238.217178345, -4.94730377197, 28.4988880157, -6.05449438095, 64.2567214966, -31.4574375153, 42.4392700195, 32.6627693176, 162.220275879, 22.136259079, -3.2509534359, 1.52005279064], [-35.0397605896, 62.9922447205, -62.0509910583, -94.5357818604, 14.4795389175, -8.47232341766, 4.74646043777, -10.4292392731, -3.96497654915, 22.136259079, 123.330207825, 16.1899738312, 22.4981975555], [-137.423355103, -79.7132415771, 42.5410385132, -21.6985340118, -16.6587581635, 19.6708106995, 25.1134529114, 18.4973754883, -29.9703559875, -3.2509534359, 16.1899738312, 125.17024231, 21.4006996155], [-74.8214035034, 27.6311779022, -44.7990341187, -22.1495704651, -5.10358762741, -42.797328949, -32.7912635803, -4.74720907211, 19.1916160583, 1.52005279064, 22.4981975555, 21.4006996155, 127.980979919]],
        "icov": [[0.000244770111749, 7.35626599635e-05, 0.000455168890767, -3.29624003825e-06, 0.00048525701277, 7.41227922845e-05, 0.000194923210074, 9.18435980566e-05, 4.92812032462e-05, 5.47090385226e-05, 0.00012400043488, 0.000100148776255, 0.000336879282258], [7.35626599635e-05, 0.00399662787095, -0.00226471852511, 0.0020005966071, -0.00296118459664, 0.00187916995492, -0.00211943057366, 0.00203060545027, -0.00181535666343, 0.00434790086001, -0.00194875104353, 0.00331629347056, -0.00121516233776], [0.000455168890767, -0.00226471852511, 0.00393522530794, -0.00135974120349, 0.00195597787388, -0.0017325701192, 0.00237356312573, -0.00128161511384, 0.00158436503261, -0.00216632569209, 0.00211951462552, -0.00252782506868, 0.00179471482988], [-3.29624003825e-06, 0.0020005966071, -0.00135974120349, 0.00317174452357, -0.00106940546539, 0.000538661261089, -0.000509515346494, 0.000866376212798, -0.00156085286289, 0.00205731019378, 0.000419247720856, 0.00173652381636, -0.000476275308756], [0.00048525701277, -0.00296118459664, 0.00195597787388, -0.00106940546539, 0.00723269907758, -0.00127649493515, 0.00304118590429, -0.00230620568618, 0.00062193966005, -0.00251533929259, 0.000886707101017, -0.00168942753226, 0.00204107793979], [7.41227922845e-05, 0.00187916995492, -0.0017325701192, 0.000538661261089, -0.00127649493515, 0.00576379569247, -0.00192366319243, 0.000233571714489, 0.000757607689593, -0.000160710158525, -0.000958672317211, 0.00148160685785, 0.000325761822751], [0.000194923210074, -0.00211943057366, 0.00237356312573, -0.000509515346494, 0.00304118590429, -0.00192366319243, 0.00630342727527, -0.0025720410049, 0.00194985698909, -0.000822368194349, 0.00109773606528, -0.00228401320055, 0.00221819500439], [9.18435980566e-05, 0.00203060545027, -0.00128161511384, 0.000866376212798, -0.00230620568618, 0.000233571714489, -0.0025720410049, 0.00791465584189, -0.00181555061135, 0.000414741574787, 3.68733958567e-06, 0.000714672671165, -0.000915507727768], [4.92812032462e-05, -0.00181535666343, 0.00158436503261, -0.00156085286289, 0.00062193966005, 0.000757607689593, 0.00194985698909, -0.00181555061135, 0.0103151043877, -0.00403537414968, 0.00139034213498, 0.00017600558931, -0.000357128476026], [5.47090385226e-05, 0.00434790086001, -0.00216632569209, 0.00205731019378, -0.00251533929259, -0.000160710158525, -0.000822368194349, 0.000414741574787, -0.00403537414968, 0.0132841551676, -0.00417994474992, 0.00382633414119, -0.00111602596007], [0.00012400043488, -0.00194875104353, 0.00211951462552, 0.000419247720856, 0.000886707101017, -0.000958672317211, 0.00109773606528, 3.68733958567e-06, 0.00139034213498, -0.00417994474992, 0.0115646598861, -0.00290748127736, -0.000401763390983], [0.000100148776255, 0.00331629347056, -0.00252782506868, 0.00173652381636, -0.00168942753226, 0.00148160685785, -0.00228401320055, 0.000714672671165, 0.00017600558931, 0.00382633414119, -0.00290748127736, 0.0122947441414, -0.00298899179325], [0.000336879282258, -0.00121516233776, 0.00179471482988, -0.000476275308756, 0.00204107793979, 0.000325761822751, 0.00221819500439, -0.000915507727768, -0.000357128476026, -0.00111602596007, -0.000401763390983, -0.00298899179325, 0.010180731304]]
    },
    "melbands": {
        "dmean": [5.02721718476e-07, 6.82608799707e-07, 1.94274580281e-05, 3.35965451086e-05, 8.37890838739e-05, 0.00015308005095, 0.000206197393709, 0.000329270900693, 0.000329032685841, 0.00022049403924, 0.000103909813333, 4.70713639515e-05, 5.16729305673e-05, 6.02961372351e-05, 6.94260525052e-05, 3.29177601088e-05, 2.29106753977e-05, 1.34060892378e-05, 1.17113768283e-05, 8.03875627753e-06, 7.98589644546e-06, 1.04749706225e-05, 4.72999909107e-06, 3.83929409509e-06, 5.53249446966e-06, 6.47657407171e-06, 4.07364723287e-06, 2.14360807149e-06, 1.49339632571e-06, 2.27583745982e-06, 1.55457746587e-06, 1.5726240008e-06, 7.52335438392e-07, 5.16613113177e-07, 1.94294841549e-07, 1.09474285637e-07, 7.75872877057e-08, 1.0202062839e-07, 1.01056279789e-07, 8.17764842509e-08],
        "dmean2": [8.71675013059e-07, 1.07796574866e-06, 3.02252283291e-05, 4.96712673339e-05, 0.000126608938444, 0.000220152607653, 0.000301550142467, 0.000475731038023, 0.000485427939566, 0.0003354830842, 0.000159872652148, 6.67329732096e-05, 7.25307618268e-05, 8.8783854153e-05, 9.46921209106e-05, 4.82235591335e-05, 3.19018181472e-05, 2.03267300094e-05, 1.67089583556e-05, 1.24922216855e-05, 1.23570716823e-05, 1.65941783052e-05, 7.17958573659e-06, 5.93896265855e-06, 8.13611404737e-06, 1.02629228422e-05, 6.55839994579e-06, 3.46311458088e-06, 2.33714422393e-06, 3.63867820852e-06, 2.45357250606e-06, 2.5297827051e-06, 1.21670234421e-06, 7.4684868423e-07, 2.86731136612e-07, 1.71838465235e-07, 1.24322269812e-07, 1.68155509073e-07, 1.63519999319e-07, 1.33413053049e-07],
        "dvar": [2.1251286321e-12, 4.53755479371e-12, 2.07278239017e-09, 3.53600526637e-09, 3.42842589873e-08, 1.17209523864e-07, 1.99938611445e-07, 5.26775863818e-07, 4.31909228382e-07, 2.24638924351e-07, 6.15616144728e-08, 1.55018113901e-08, 1.75050729467e-08, 2.27269563169e-08, 6.43856026272e-08, 1.58774753345e-08, 3.51006423926e-09, 1.66578029148e-09, 8.8020157829e-10, 3.83493597989e-10, 3.14351239483e-10, 6.26944773874e-10, 1.36474276324e-10, 1.52112003549e-10, 1.51707660323e-10, 2.77196599008e-10, 2.22566104435e-10, 4.82817640035e-11, 1.63261574398e-11, 4.70497044103e-11, 4.60349432185e-11, 3.35247628269e-11, 1.32213589035e-11, 1.3731618273e-11, 8.98646662726e-13, 2.49223872876e-13, 1.33379391516e-13, 2.81302298078e-13, 3.61186829143e-13, 2.38417846663e-13],
        "dvar2": [5.666038385e-12, 1.01351106327e-11, 4.67634331258e-09, 7.68009122964e-09, 7.80151978574e-08, 2.39407626168e-07, 4.23323825771e-07, 1.03198749457e-06, 1.01300508959e-06, 5.16339127898e-07, 1.41762953376e-07, 2.76067364524e-08, 3.27742029071e-08, 4.65457574705e-08, 1.05999603761e-07, 2.94124884448e-08, 6.3728098354e-09, 3.70462971411e-09, 1.78578685173e-09, 9.50634126973e-10, 7.74414588012e-10, 1.56567436793e-09, 3.29322208392e-10, 4.34998537191e-10, 3.29887395178e-10, 7.09500957985e-10, 5.92760673879e-10, 1.28617588802e-10, 4.13281214806e-11, 1.19993195935e-10, 1.265403754e-10, 8.99165047974e-11, 3.11100936679e-11, 1.7726292656e-11, 1.71841609952e-12, 5.82621353506e-13, 2.81840197881e-13, 6.95148528584e-13, 8.6143852468e-13, 4.78666585535e-13],
        "max": [2.40355548158e-05, 4.72630599688e-05, 0.000764165422879, 0.000782888266258, 0.00403028028086, 0.00691184960306, 0.00801008753479, 0.014264925383, 0.0126696825027, 0.00797950848937, 0.00458527076989, 0.00328201730736, 0.00356151652522, 0.00346820265986, 0.00733742211014, 0.00428009126335, 0.00120318180416, 0.00085257232422, 0.000639180419967, 0.000247797579505, 0.000339182821335, 0.000455478177173, 0.000221095309826, 0.000304849789245, 0.000204830619623, 0.000218310728087, 0.000390889035771, 0.000160444062203, 5.06388823851e-05, 0.000135118680191, 0.000232002304983, 0.000145220241393, 0.000127558261738, 0.000200553768082, 3.47191526089e-05, 1.64610773936e-05, 1.15064103738e-05, 1.74728793354e-05, 1.86350498552e-05, 1.74858505488e-05],
        "mean": [4.91296361815e-07, 9.95755613076e-07, 3.64749103028e-05, 7.10268504918e-05, 0.000180362141691, 0.000319684273563, 0.000333872478222, 0.000635026663076, 0.000541959539987, 0.000363689818187, 0.000162889962667, 8.46891634865e-05, 9.48836968746e-05, 0.000100273355201, 0.00015736266505, 5.26646290382e-05, 3.96284740418e-05, 2.11033602682e-05, 1.8426006136e-05, 1.18178368211e-05, 1.30432981678e-05, 1.56550395332e-05, 7.3934734246e-06, 6.54729365124e-06, 1.03546144601e-05, 9.68954373093e-06, 5.69347776036e-06, 2.75248021353e-06, 1.94638914763e-06, 3.0817559491e-06, 2.30892555919e-06, 2.24268114835e-06, 1.01658713447e-06, 8.27805877179e-07, 2.64556916818e-07, 1.41175249269e-07, 1.0084348645e-07, 1.33187128881e-07, 1.36521151717e-07, 1.09092034961e-07],
        "median": [1.30014313982e-07, 9.38127726613e-08, 4.39366749561e-06, 2.34242052102e-05, 6.53238384984e-05, 6.93382753525e-05, 6.16700053797e-05, 9.19065641938e-05, 0.000146501057316, 6.90539891366e-05, 2.92832701234e-05, 1.70352850546e-05, 2.08086894418e-05, 1.86845081771e-05, 1.08521098809e-05, 5.36471134183e-06, 4.81172992295e-06, 2.50227094512e-06, 2.73467344414e-06, 2.35997003983e-06, 2.73510704574e-06, 2.91499191007e-06, 1.87872876722e-06, 1.51167841977e-06, 1.415638053e-06, 1.20594711461e-06, 5.29986152742e-07, 4.30245961525e-07, 4.31967094983e-07, 3.92651202219e-07, 3.23858415641e-07, 2.0770207243e-07, 7.56152189751e-08, 2.84739041234e-08, 9.92022730628e-09, 5.67088109804e-09, 5.40343148003e-09, 5.95048676999e-09, 4.83602624612e-09, 3.75540443187e-09],
        "min": [4.3650924753e-14, 4.11471123016e-14, 3.87134850002e-14, 3.79543672966e-14, 3.95686901213e-14, 4.69461573565e-14, 6.65509788662e-14, 9.47575961381e-14, 1.15674370039e-13, 1.1141532575e-13, 7.37225018988e-14, 3.49731602998e-14, 1.65760519189e-14, 8.89101600909e-15, 1.33437597926e-14, 2.0679685991e-14, 1.71328490268e-14, 1.18429597116e-14, 8.40106674141e-15, 3.3635807508e-15, 8.533951176e-16, 1.1614971053e-15, 3.35718374622e-15, 3.63822250186e-15, 2.9582898851e-15, 1.23135477119e-15, 3.98289635466e-16, 9.19478510563e-16, 9.76138450229e-16, 6.57820662854e-16, 5.18789310166e-16, 3.7138080163e-16, 4.32699846023e-16, 6.07397956174e-16, 2.83128280037e-16, 2.97661803695e-16, 2.52592080544e-16, 2.09970004678e-16, 1.82454615843e-16, 1.43215642507e-16],
        "var": [2.0248011167e-12, 1.11725940999e-11, 5.13810061165e-09, 1.008959849e-08, 9.28790413468e-08, 4.33060250771e-07, 4.45830721674e-07, 1.6306262296e-06, 9.70942210188e-07, 5.24005145053e-07, 1.69714340359e-07, 4.83320725664e-08, 5.25760555092e-08, 6.41612061258e-08, 4.1581631649e-07, 5.11115310076e-08, 1.13040155014e-08, 3.13469650237e-09, 1.89627225033e-09, 6.26099561085e-10, 5.31904131851e-10, 1.0517370308e-09, 2.53314841325e-10, 2.79985423735e-10, 5.15413878244e-10, 5.53597834241e-10, 4.89312035334e-10, 7.55289303322e-11, 2.11549180951e-11, 9.07037292497e-11, 7.02581534617e-11, 7.54147438942e-11, 3.15855709643e-11, 5.99631871934e-11, 2.81110898448e-12, 6.08703950959e-13, 3.4344632715e-13, 8.33466921781e-13, 1.0410824763e-12, 6.22655356095e-13]
    },
    "mfcc": {
        "mean": [-758.11328125, 133.036911011, -53.2675666809, -7.9264960289, -42.5304756165, -29.8295021057, -24.2643470764, -19.2977161407, -11.4235057831, -16.8383579254, -2.51527476311, -5.99472665787, -5.68511390686],
        "cov": [[11010.4931641, -1572.64916992, -1892.93933105, 129.191635132, -1390.41333008, -167.372573853, -267.383758545, -307.297637939, -6.88914823532, -152.205551147, 131.42805481, -91.7001190186, -110.293083191], [-1572.64916992, 1575.31018066, 50.5271377563, -231.324539185, 175.119400024, -171.496505737, 13.8064556122, 28.0726070404, -124.546035767, -86.3724517822, -92.8340911865, -15.8772249222, -70.9520492554], [-1892.93933105, 50.5271377563, 879.645324707, 43.3855285645, 274.115081787, 128.658325195, 60.7193489075, 103.328559875, 18.9005680084, 27.1532363892, -41.2318496704, 24.640630722, 28.104598999], [129.191635132, -231.324539185, 43.3855285645, 405.88192749, 41.8939857483, -5.09269475937, -82.6125259399, -25.4203987122, 76.2765197754, -50.3618927002, -14.4498176575, 12.5950241089, -13.0981235504], [-1390.41333008, 175.119400024, 274.115081787, 41.8939857483, 556.297424316, 31.1714420319, -62.9877738953, -29.2625083923, 2.42841315269, 75.5063934326, -22.5429401398, 16.9335727692, 36.3233451843], [-167.372573853, -171.496505737, 128.658325195, -5.09269475937, 31.1714420319, 201.972442627, 50.274597168, 5.52480125427, 4.31201505661, 30.465265274, 28.8652362823, -1.99131333828, 6.42011165619], [-267.383758545, 13.8064556122, 60.7193489075, -82.6125259399, -62.9877738953, 50.274597168, 246.80506897, 92.8301849365, -3.38710904121, 31.613609314, 28.9592018127, 22.4582366943, -4.14554023743], [-307.297637939, 28.0726070404, 103.328559875, -25.4203987122, -29.2625083923, 5.52480125427, 92.8301849365, 199.82208252, 33.633266449, -30.0220394135, -3.8943977356, 34.0173873901, 6.84469556808], [-6.88914823532, -124.546035767, 18.9005680084, 76.2765197754, 2.42841315269, 4.31201505661, -3.38710904121, 33.633266449, 151.514541626, 37.499961853, -2.28814888, 22.4409790039, -1.85887265205], [-152.205551147, -86.3724517822, 27.1532363892, -50.3618927002, 75.5063934326, 30.465265274, 31.613609314, -30.0220394135, 37.499961853, 174.155410767, 47.8578529358, 12.8183870316, 9.96303367615], [131.42805481, -92.8340911865, -41.2318496704, -14.4498176575, -22.5429401398, 28.8652362823, 28.9592018127, -3.8943977356, -2.28814888, 47.8578529358, 130.564697266, 30.8441905975, 5.58067989349], [-91.7001190186, -15.8772249222, 24.640630722, 12.5950241089, 16.9335727692, -1.99131333828, 22.4582366943, 34.0173873901, 22.4409790039, 12.8183870316, 30.8441905975, 112.735664368, 18.3653030396], [-110.293083191, -70.9520492554, 28.104598999, -13.0981235504, 36.3233451843, 6.42011165619, -4.14554023743, 6.84469556808, -1.85887265205, 9.96303367615, 5.58067989349, 18.3653030396, 113.00668335]],
