{
"lowlevel": {
    "average_loudness": 0.986284911633,
    "barkbands_crest": {
        "dmean": 1.75713002682,
        "dmean2": 2.78038144112,
        "dvar": 2.88377404213,
        "dvar2": 7.77937602997,
        "max": 23.3564968109,
        "mean": 13.2288475037,
        "median": 13.2214765549,
        "min": 5.39863348007,
        "var": 7.03778219223
    },
    "barkbands_flatness_db": {
        "dmean": 0.04035468027,
        "dmean2": 0.053073681891,
        "dvar": 0.0023511396721,
        "dvar2": 0.00436978694052,
        "max": 0.4381749928,
        "mean": 0.302320957184,
        "median": 0.318515568972,
        "min": 0.0696811899543,
        "var": 0.00557554280385
    },
    "barkbands_kurtosis": {
        "dmean": 15.0976572037,
        "dmean2": 24.2404251099,
        "dvar": 604.048828125,
        "dvar2": 1623.42492676,
        "max": 251.358856201,
        "mean": 28.0703029633,
        "median": 21.0016212463,
        "min": 0.632819890976,
        "var": 667.726623535
    },
    "barkbands_skewness": {
        "dmean": 1.02538752556,
        "dmean2": 1.57926905155,
        "dvar": 1.65814852715,
        "dvar2": 4.35052013397,
        "max": 13.1834993362,
        "mean": 3.50406241417,
        "median": 3.1248524189,
        "min": -1.83652579784,
        "var": 2.73294591904
    },
    "barkbands_spread": {
        "dmean": 2.79805040359,
        "dmean2": 4.28514385223,
        "dvar": 38.5417556763,
        "dvar2": 90.9529953003,
        "max": 40.1470336914,
        "mean": 4.13017749786,
        "median": 2.00901174545,
        "min": 0.660788536072,
        "var": 39.7117347717
    },
    "dissonance": {
        "dmean": 0.0197468195111,
        "dmean2": 0.0313101410866,
        "dvar": 0.000340873637469,
        "dvar2": 0.000759739486966,
        "max": 0.499990582466,
        "mean": 0.450920671225,
        "median": 0.45673802495,
        "min": 0.349055558443,
        "var": 0.000874209450558
    },
    "dynamic_complexity": 0.636089384556,
    "erbbands_crest": {
        "dmean": 1.66804027557,
        "dmean2": 2.59871983528,
        "dvar": 2.58877468109,
        "dvar2": 5.56656694412,
        "max": 17.1633071899,
        "mean": 9.14617443085,
        "median": 8.96388053894,
        "min": 2.61374354362,
        "var": 6.89311027527
    },
    "erbbands_flatness_db": {
        "dmean": 0.0301743745804,
        "dmean2": 0.0379151180387,
        "dvar": 0.00107687117998,
        "dvar2": 0.00177426682785,
        "max": 0.297919422388,
        "mean": 0.190836071968,
        "median": 0.199978590012,
        "min": 0.0706022158265,
        "var": 0.00332006090321
    },
    "erbbands_kurtosis": {
        "dmean": 2.09995222092,
        "dmean2": 3.50977516174,
        "dvar": 6.77581596375,
        "dvar2": 14.1648626328,
        "max": 19.305398941,
        "mean": 4.23051548004,
        "median": 3.40658140182,
        "min": -1.67103505135,
        "var": 15.5681324005
    },
    "erbbands_skewness": {
        "dmean": 0.45672377944,
        "dmean2": 0.712281346321,
        "dvar": 0.346339315176,
        "dvar2": 0.677906453609,
        "max": 3.87555766106,
        "mean": 1.77782201767,
        "median": 1.83100414276,
        "min": -0.659026801586,
        "var": 0.676867425442
    },
    "erbbands_spread": {
        "dmean": 12.4752435684,
        "dmean2": 18.1700706482,
        "dvar": 296.556762695,
        "dvar2": 579.905883789,
        "max": 112.22568512,
        "mean": 30.8725986481,
        "median": 22.0764083862,
        "min": 5.99742364883,
        "var": 585.138122559
    },
    "hfc": {
        "dmean": 7.93947792053,
        "dmean2": 12.7441978455,
        "dvar": 189.722808838,
        "dvar2": 475.626678467,
        "max": 105.773628235,
        "mean": 17.9903850555,
        "median": 13.2902669907,
        "min": 1.18857158701e-16,
        "var": 178.68019104
    },
    "melbands_crest": {
        "dmean": 1.59916937351,
        "dmean2": 2.60522317886,
        "dvar": 3.45017766953,
        "dvar2": 8.12432289124,
        "max": 28.8060665131,
        "mean": 18.2977313995,
        "median": 17.5982627869,
        "min": 2.5093626976,
        "var": 25.4034538269
    },
    "melbands_flatness_db": {
        "dmean": 0.0483132824302,
        "dmean2": 0.0614459961653,
        "dvar": 0.00342571828514,
        "dvar2": 0.00614902190864,
        "max": 0.602205693722,
        "mean": 0.432595252991,
        "median": 0.45241060853,
        "min": 0.00725546991453,
        "var": 0.0087845697999
    },
    "melbands_kurtosis": {
        "dmean": 24.9360637665,
        "dmean2": 39.9245147705,
        "dvar": 1256.95532227,
        "dvar2": 3555.93432617,
        "max": 270.041687012,
        "mean": 50.5064125061,
        "median": 38.3548202515,
        "min": -1.11114966869,
        "var": 1514.78295898
    },
    "melbands_skewness": {
        "dmean": 1.16062402725,
        "dmean2": 1.79367911816,
        "dvar": 1.88786578178,
        "dvar2": 5.02398538589,
        "max": 11.5598783493,
        "mean": 4.3542265892,
        "median": 3.94411325455,
        "min": -0.0816486775875,
        "var": 3.64742231369
    },
    "melbands_spread": {
        "dmean": 1.72106468678,
        "dmean2": 2.79182648659,
        "dvar": 21.0415172577,
        "dvar2": 44.5859146118,
        "max": 117.993453979,
        "mean": 2.7452173233,
        "median": 1.65884041786,
        "min": 0.626595318317,
        "var": 20.2633514404
    },
    "pitch_salience": {
        "dmean": 0.0577341727912,
        "dmean2": 0.0950989350677,
        "dvar": 0.00430781021714,
        "dvar2": 0.0116286436096,
        "max": 0.832072079182,
        "mean": 0.520664453506,
        "median": 0.537097394466,
        "min": 0.159781098366,
        "var": 0.0109073938802
    },
    "silence_rate_20dB": {
        "dmean": 0,
        "dmean2": 0,
        "dvar": 0,
        "dvar2": 0,
        "max": 1,
        "mean": 1,
        "median": 1,
        "min": 1,
        "var": 0
    },
    "silence_rate_30dB": {
        "dmean": 0.212371140718,
        "dmean2": 0.424445599318,
        "dvar": 0.16727219522,
        "dvar2": 0.346406877041,
        "max": 1,
        "mean": 0.571354985237,
        "median": 1,
        "min": 0,
        "var": 0.244910255075
    },
    "silence_rate_60dB": {
        "dmean": 0.000515463936608,
        "dmean2": 0.00103145954199,
        "dvar": 0.000515170919243,
        "dvar2": 0.00103040458634,
        "max": 1,
        "mean": 0.0010303966701,
        "median": 0,
        "min": 0,
        "var": 0.00102934613824
    },
    "spectral_centroid": {
        "dmean": 169.414306641,
        "dmean2": 246.755371094,
        "dvar": 170740.953125,
        "dvar2": 311056,
        "max": 10724.1894531,
        "mean": 359.224822998,
        "median": 219.655776978,
        "min": 147.165863037,
        "var": 192471
    },
    "spectral_complexity": {
        "dmean": 4.1118555069,
        "dmean2": 6.61784410477,
        "dvar": 45.1665153503,
        "dvar2": 102.354660034,
        "max": 49,
        "mean": 11.1890773773,
        "median": 9,
        "min": 0,
        "var": 49.7742385864
    },
    "spectral_decrease": {
        "dmean": 8.10427014386e-09,
        "dmean2": 1.36377176219e-08,
        "dvar": 1.83894876255e-16,
        "dvar2": 5.38452597702e-16,
        "max": -3.9449515182e-30,
        "mean": -2.8933841989e-08,
        "median": -2.52699461356e-08,
        "min": -1.0692077268e-07,
        "var": 1.70108197429e-16
    },
    "spectral_energy": {
        "dmean": 0.0311156343669,
        "dmean2": 0.0522644296288,
        "dvar": 0.0026584409643,
        "dvar2": 0.00778421433643,
        "max": 0.407561838627,
        "mean": 0.110834605992,
        "median": 0.0970098152757,
        "min": 1.07956020291e-20,
        "var": 0.00246465252712
    },
    "spectral_energyband_high": {
        "dmean": 0.000510545563884,
        "dmean2": 0.000773637439124,
        "dvar": 1.50591745296e-06,
        "dvar2": 3.61486513611e-06,
        "max": 0.00897572003305,
        "mean": 0.00044976110803,
        "median": 1.3090718312e-05,
        "min": 7.93146250094e-21,
        "var": 1.46395655065e-06
    },
    "spectral_energyband_low": {
        "dmean": 0.0294144451618,
        "dmean2": 0.0491971671581,
        "dvar": 0.00270427530631,
        "dvar2": 0.00796817243099,
        "max": 0.393756091595,
        "mean": 0.0916801318526,
        "median": 0.0767057687044,
        "min": 5.89675104375e-23,
        "var": 0.00250948150642
    },
    "spectral_energyband_middle_high": {
        "dmean": 0.00141285662539,
        "dmean2": 0.00250335317105,
        "dvar": 1.50814994413e-05,
        "dvar2": 4.12217523262e-05,
        "max": 0.0275797825307,
        "mean": 0.00131402211264,
        "median": 0.000508160039317,
        "min": 1.5440743811e-21,
        "var": 9.90742682916e-06
    },
    "spectral_energyband_middle_low": {
        "dmean": 0.00563542544842,
        "dmean2": 0.00953552313149,
        "dvar": 4.55151639471e-05,
        "dvar2": 0.000128494779347,
        "max": 0.0724543854594,
        "mean": 0.0263639315963,
        "median": 0.0268864799291,
        "min": 2.23120989292e-22,
        "var": 0.000110689441499
    },
    "spectral_entropy": {
        "dmean": 0.374630451202,
        "dmean2": 0.484403789043,
        "dvar": 0.237180367112,
        "dvar2": 0.385942041874,
        "max": 9.7871465683,
        "mean": 6.31744766235,
        "median": 6.11148786545,
        "min": 5.02469587326,
        "var": 0.596142888069
    },
    "spectral_flux": {
        "dmean": 0.0431190915406,
        "dmean2": 0.0663534775376,
        "dvar": 0.00320520647801,
        "dvar2": 0.0061068078503,
        "max": 0.469170928001,
        "mean": 0.0978523567319,
        "median": 0.0670595988631,
        "min": 1.03901887094e-10,
        "var": 0.00610076729208
    },
    "spectral_kurtosis": {
        "dmean": 11.1026115417,
        "dmean2": 17.2303581238,
        "dvar": 147.330490112,
        "dvar2": 310.140686035,
        "max": 90.0090560913,
        "mean": 22.6709041595,
        "median": 17.3425102234,
        "min": -1.23385417461,
        "var": 370.301086426
    },
    "spectral_rms": {
        "dmean": 0.00129694887437,
        "dmean2": 0.00212740572169,
        "dvar": 3.38017844115e-06,
        "dvar2": 9.64160881267e-06,
        "max": 0.019940443337,
        "mean": 0.0102112116292,
        "median": 0.00972850061953,
        "min": 3.24534973548e-12,
        "var": 3.86261808671e-06
    },
    "spectral_rolloff": {
        "dmean": 81.0707626343,
        "dmean2": 145.211914062,
        "dvar": 203948.671875,
        "dvar2": 263233.3125,
        "max": 18712.3535156,
        "mean": 216.297332764,
        "median": 172.265625,
        "min": 86.1328125,
        "var": 199421.6875
    },
    "spectral_skewness": {
        "dmean": 0.904845535755,
        "dmean2": 1.32199823856,
        "dvar": 0.890372931957,
        "dvar2": 1.68496191502,
        "max": 8.09669876099,
        "mean": 3.41383171082,
        "median": 3.29813575745,
        "min": 0.0122791444883,
        "var": 2.55868196487
    },
    "spectral_spread": {
        "dmean": 1065728.125,
        "dmean2": 1530401,
        "dvar": 1.72017975296e+12,
        "dvar2": 3.22461866394e+12,
        "max": 41491596,
        "mean": 3231206.75,
        "median": 2527200.5,
        "min": 977419.4375,
        "var": 4.14891035853e+12
    },
    "spectral_strongpeak": {
        "dmean": 0.202639818192,
        "dmean2": 0.347811043262,
        "dvar": 0.0594303123653,
        "dvar2": 0.156610250473,
        "max": 2.39983034134,
        "mean": 0.828733980656,
        "median": 0.772286832333,
        "min": 0,
        "var": 0.0968907177448
    },
    "zerocrossingrate": {
        "dmean": 0.0061656832695,
        "dmean2": 0.00711671821773,
        "dvar": 0.00018959766021,
        "dvar2": 0.000208811819903,
        "max": 0.4921875,
        "mean": 0.0146952280775,
        "median": 0.00927734375,
        "min": 0.0009765625,
        "var": 0.000298843893688
    },
    "barkbands": {
        "dmean": [0.000385112827644, 0.0225986167789, 0.00945830158889, 0.0031956739258, 0.00320290890522, 0.000666494073812, 0.000489822297823, 0.00018715247279, 6.5437561716e-05, 0.000189204307389, 0.000592604104895, 0.000115506634756, 5.06476681039e-05, 4.34264766227e-05, 4.51842424809e-05, 4.52462118119e-05, 4.67080026283e-05, 0.000260007829638, 9.55575233093e-05, 9.69099564827e-05, 0.000186056044186, 0.000143470591865, 5.85607485846e-05, 3.07607588184e-05, 2.91721244139e-05, 3.25553155562e-05, 4.01370243708e-06],
        "dmean2": [0.000653207476716, 0.0383107475936, 0.0154608618468, 0.00539099099115, 0.00556840514764, 0.0011388855055, 0.000806004274637, 0.000305909226881, 0.00010711120558, 0.000357595796231, 0.00107938924339, 0.000194762818865, 8.65481197252e-05, 7.19460149412e-05, 7.80791961006e-05, 7.10567401256e-05, 7.89364785305e-05, 0.000477050576592, 0.00015589009854, 0.000150028427015, 0.000310423638439, 0.000218477041926, 8.82171516423e-05, 4.5078817493e-05, 4.36354130215e-05, 5.47345989617e-05, 7.18170031178e-06],
        "dvar": [3.82663785103e-07, 0.00154734635726, 0.000320019724313, 1.97605113499e-05, 1.54268254846e-05, 6.5667296667e-07, 8.51026868531e-07, 7.67162404713e-08, 8.3710762766e-09, 3.47495330288e-07, 3.25477708429e-06, 5.88018380654e-08, 1.01801056474e-08, 4.34509894731e-09, 9.68634950027e-09, 8.02301869385e-09, 1.17797123167e-08, 6.00426517394e-07, 5.14973024224e-08, 4.82902180465e-08, 2.97744804811e-07, 1.33878700126e-07, 2.15698268136e-08, 4.71659022949e-09, 3.03617375685e-09, 4.77832218237e-09, 1.22889198817e-10],
        "dvar2": [1.03179388589e-06, 0.00454136030748, 0.00089721265249, 5.37764353794e-05, 4.78195761389e-05, 2.12556301449e-06, 2.07139919439e-06, 2.12914869735e-07, 2.16290167998e-08, 1.00515057966e-06, 9.0508347057e-06, 1.49299978602e-07, 2.75448801546e-08, 1.03891153458e-08, 2.59668127001e-08, 1.94406855059e-08, 3.07084704332e-08, 1.67753910318e-06, 1.33032131089e-07, 1.11812965997e-07, 8.05482386568e-07, 3.16346984164e-07, 4.94159131392e-08, 9.34536625863e-09, 6.15332629295e-09, 1.23104886285e-08, 3.40332956261e-10],
        "max": [0.00543053261936, 0.311574697495, 0.186073124409, 0.0428306460381, 0.03535136953, 0.0115932719782, 0.0094648282975, 0.0031853413675, 0.000896888494026, 0.00448477081954, 0.0126136466861, 0.00188780226745, 0.000887438305654, 0.000614516902715, 0.0008873376064, 0.00099888339173, 0.000833299418446, 0.00586603721604, 0.00147779670078, 0.00171106460039, 0.00500552169979, 0.00298445438966, 0.00135689543094, 0.00064412219217, 0.000419604504714, 0.000591425108723, 0.000127411316498],
        "mean": [0.00056932028383, 0.0514675155282, 0.0306858886033, 0.0123010557145, 0.0109724281356, 0.00155553466175, 0.00103770173155, 0.000346985587385, 0.000126060884213, 0.000150475476403, 0.000424188328907, 0.00016427745868, 6.78077558405e-05, 7.69082980696e-05, 4.70065060654e-05, 5.90242489125e-05, 4.18807467213e-05, 0.000166352692759, 7.78698231443e-05, 8.71069933055e-05, 0.000139357725857, 0.000129139443743, 5.58991014259e-05, 3.00648443954e-05, 2.82497039734e-05, 2.40865156229e-05, 2.74167450698e-06],
        "median": [0.000389516731957, 0.0437180660665, 0.0225199405104, 0.0114726126194, 0.0102787436917, 0.00120835448615, 0.000656780903228, 0.000250994839007, 7.6295582403e-05, 5.16806867381e-05, 8.18410480861e-05, 9.47706212173e-05, 4.25188154622e-05, 5.52606907149e-05, 1.88634676306e-05, 2.07597768167e-05, 1.12489915409e-05, 1.16908477139e-05, 7.57921588956e-06, 6.16376428297e-06, 2.75296952168e-06, 2.95375457426e-06, 1.5398902633e-06, 7.96153699412e-07, 8.8000587084e-07, 8.9282150384e-07, 2.98001708643e-07],
        "min": [4.63448650515e-23, 1.06229421558e-23, 1.63686365914e-23, 1.79552125766e-23, 2.19055881763e-23, 1.1426213972e-23, 4.75439336274e-23, 6.6865112504e-23, 4.0638948927e-23, 7.83462698492e-23, 1.08989502293e-22, 8.81792253953e-23, 2.09731874029e-22, 8.46704415086e-23, 6.49956194437e-23, 1.90018744879e-22, 1.36556088854e-22, 2.10660041459e-22, 2.20553947554e-22, 3.45249683092e-22, 6.01031280909e-22, 6.71581547665e-22, 6.04927774153e-22, 7.86020652553e-22, 1.35308805099e-21, 1.44540461833e-21, 2.54145709821e-21],
        "var": [4.66710076807e-07, 0.00138988147955, 0.000525881827343, 4.18916824856e-05, 3.25287874148e-05, 1.71017552475e-06, 1.55390785039e-06, 1.09800716075e-07, 1.6334460895e-08, 1.93495651502e-07, 1.99996839001e-06, 5.34559525533e-08, 8.34201241418e-09, 6.15666895243e-09, 7.41496908319e-09, 1.15735856454e-08, 8.99877328209e-09, 3.647923279e-07, 4.16767953482e-08, 4.77947814659e-08, 2.15174580376e-07, 1.33213177378e-07, 2.25552678756e-08, 5.79431613801e-09, 3.82354636841e-09, 3.71140673749e-09, 7.70820837714e-11]
    },
    "erbbands": {
        "dmean": [0.447955995798, 5.83507633209, 11.6293869019, 10.16431427, 11.8561325073, 9.41548442841, 6.24807167053, 6.82499361038, 7.14474153519, 6.81891298294, 2.71413874626, 1.38261556625, 3.06218075752, 15.7970972061, 17.7014579773, 4.14353609085, 2.37037587166, 1.72738397121, 2.46293139458, 2.4649374485, 2.20736646652, 3.53299260139, 15.3666353226, 5.57698345184, 5.10019016266, 4.19636631012, 4.30159664154, 10.3421669006, 5.13294267654, 3.75407648087, 1.18617475033, 0.781216561794, 0.439207196236, 0.306472957134, 0.234980285168, 0.135347470641, 0.0620047487319, 0.0131543222815, 0.000415421905927, 3.95551214751e-05],
        "dmean2": [0.767425000668, 9.91381072998, 19.3883094788, 16.4189834595, 20.2197418213, 16.3608188629, 9.44952201843, 12.0474367142, 11.5422916412, 11.9730710983, 4.32818746567, 2.25010919571, 5.55477333069, 29.6451015472, 31.6144294739, 7.00607347488, 3.98512911797, 2.91255307198, 4.17251253128, 4.1322927475, 3.4988925457, 6.07901954651, 28.2700595856, 9.48736381531, 8.19239616394, 6.56046867371, 6.66259241104, 17.8104076385, 7.91553783417, 5.70613622665, 1.73558521271, 1.17793416977, 0.618534505367, 0.438335210085, 0.365887403488, 0.224643602967, 0.105077028275, 0.0226891450584, 0.000721287447959, 6.49621506454e-05],
        "dvar": [0.523045122623, 108.573295593, 532.239013672, 261.417419434, 199.244979858, 134.340072632, 57.7838516235, 89.8394470215, 156.241104126, 169.296356201, 13.9477481842, 3.64513754845, 59.1197967529, 2395.05761719, 2707.91772461, 68.9769668579, 22.2340278625, 6.46028518677, 19.3107147217, 27.6027164459, 18.1713733673, 75.6800689697, 2129.83544922, 193.062896729, 142.190841675, 93.8622207642, 105.890014648, 1006.78234863, 172.91809082, 96.5588150024, 7.68482685089, 3.26362514496, 0.864301383495, 0.340685158968, 0.222930327058, 0.0824110433459, 0.0178392715752, 0.000992720713839, 1.03036461496e-06, 3.49219142493e-09],
        "dvar2": [1.53869068623, 318.410186768, 1511.1517334, 726.90637207, 629.866516113, 404.563537598, 156.24382019, 305.65045166, 372.881378174, 461.121551514, 37.9961166382, 9.6715297699, 169.136459351, 6840.19824219, 7373.29931641, 175.035552979, 58.7768745422, 16.3085155487, 49.5124969482, 73.1375350952, 46.068775177, 201.967346191, 5959.11425781, 513.497436523, 359.806121826, 217.835510254, 242.221847534, 2780.30810547, 418.806854248, 235.549514771, 14.9983148575, 7.05887269974, 1.60257852077, 0.626528978348, 0.512803196907, 0.207375973463, 0.0467740558088, 0.00268599274568, 2.80732160718e-06, 9.5960173141e-09],
        "max": [5.97606229782, 78.2965011597, 213.03717041, 190.300323486, 127.117492676, 113.704391479, 86.8525772095, 106.029693604, 157.491394043, 131.941986084, 37.2160110474, 17.363494873, 60.6027755737, 352.791015625, 361.8777771, 64.6552658081, 41.1364860535, 24.6123733521, 38.1022758484, 42.5302696228, 40.6495628357, 67.0352554321, 352.350158691, 95.0594711304, 73.765625, 83.5878982544, 74.2738800049, 289.275238037, 105.49874115, 86.5365219116, 33.7056236267, 15.5025472641, 9.19467353821, 5.43945407867, 3.47002029419, 2.15531516075, 1.06794571877, 0.378271728754, 0.0104165663943, 0.000471284787636],
        "mean": [0.970647454262, 13.3550643921, 36.9560279846, 42.7880096436, 38.2732009888, 31.4333705902, 17.9983959198, 14.1611528397, 17.1250362396, 9.86810302734, 5.76166152954, 2.5364575386, 3.24018001556, 11.3925476074, 13.6004085541, 6.26038265228, 3.29058933258, 2.99514079094, 3.77725672722, 2.59712171555, 2.98697948456, 2.95466637611, 9.87506198883, 4.24388647079, 4.25466775894, 3.78448963165, 3.84126877785, 7.29119443893, 4.50345516205, 3.40507507324, 1.19881820679, 0.732825934887, 0.439018785954, 0.308046370745, 0.204980045557, 0.10329336673, 0.045058157295, 0.00950522627681, 0.000333287549438, 0.000127876584884],
        "median": [0.808081805706, 11.4028530121, 27.7163295746, 41.3540534973, 36.3930168152, 30.2416000366, 15.1406555176, 10.3791751862, 11.8730602264, 6.10087203979, 4.73313093185, 1.75549209118, 1.69432067871, 3.03223538399, 3.02083086967, 3.54789376259, 2.04826664925, 2.1472902298, 2.19734859467, 0.847171187401, 1.22642982006, 0.664081454277, 0.779870271683, 0.44177672267, 0.350182026625, 0.274969905615, 0.114561744034, 0.117097482085, 0.107077792287, 0.0724861472845, 0.0362411215901, 0.01923375763, 0.0129099199548, 0.010199890472, 0.00638386420906, 0.00314787169918, 0.00183856673539, 0.000780699425377, 6.93152833264e-05, 0.000109840606456],
        "min": [4.18798807735e-22, 2.66534193522e-21, 1.76730126708e-20, 4.50811042772e-20, 4.35965897275e-20, 8.18139786952e-20, 1.1831798904e-19, 1.37539986265e-19, 7.32150226374e-19, 5.54843803579e-19, 1.58082548904e-18, 7.75566455185e-19, 1.56949631997e-18, 5.84547487145e-18, 2.48196039105e-18, 4.94277680487e-18, 9.00414469059e-18, 4.51075112428e-18, 4.08769001358e-18, 8.16151234419e-18, 8.43124270706e-18, 7.62778811601e-18, 1.0826382221e-17, 8.43938299147e-18, 1.3512228571e-17, 1.7982100843e-17, 2.76130689397e-17, 1.63185016648e-17, 2.03445369442e-17, 2.48234817332e-17, 1.73319997472e-17, 1.43615362649e-17, 1.47329337425e-17, 1.24533877561e-17, 1.04518828161e-17, 6.16153065734e-18, 2.37766449633e-18, 1.23770538748e-18, 3.84686728668e-19, 3.48330796578e-20],
        "var": [0.541358113289, 95.0818328857, 834.397033691, 338.528045654, 368.814971924, 275.411224365, 142.467575073, 181.724960327, 386.085784912, 143.209442139, 19.8211479187, 4.9174785614, 35.8537597656, 1364.95947266, 1756.70654297, 68.3594741821, 19.0686264038, 8.20718574524, 20.6294002533, 22.6464748383, 23.0943565369, 54.1765899658, 1287.73828125, 140.824234009, 121.104751587, 91.5554275513, 107.63469696, 677.740661621, 165.770187378, 92.1897201538, 9.59827518463, 3.60120177269, 1.15831398964, 0.476846367121, 0.229585394263, 0.0675908401608, 0.013354787603, 0.000676493917126, 6.86707664954e-07, 3.58930707378e-09]
    },
    "gfcc": {
        "mean": [-38.4611701965, 154.607696533, -48.0910720825, 37.0762786865, -21.802312851, 9.59317016602, -24.8788375854, -3.50174427032, -22.411945343, -0.767877459526, -13.4700527191, 1.82470190525, -13.7213277817],
        "cov": [[4874.04345703, -2384.14038086, -623.851379395, 965.676147461, -1056.94055176, 415.774871826, -67.1330871582, 336.47543335, -302.950073242, 293.82901001, -96.8942871094, 283.475616455, -96.5175933838], [-2384.14038086, 1800.14526367, 214.732711792, -639.689758301, 688.170227051, -342.285308838, 58.9664535522, -258.782104492, 196.845672607, -166.932739258, 118.938430786, -186.055007935, 64.2672195435], [-623.851379395, 214.732711792, 338.815917969, -132.991760254, 136.452087402, 8.21051311493, -32.4509429932, -11.4971008301, 28.9520740509, -36.7285461426, -28.1348114014, -25.6152000427, -0.716375172138], [965.676147461, -639.689758301, -132.991760254, 317.708404541, -277.951538086, 111.090187073, -28.3251342773, 78.0894012451, -64.5233230591, 66.0025634766, -25.1398887634, 40.8264656067, -5.42413282394], [-1056.94055176, 688.170227051, 136.452087402, -277.951538086, 394.320709229, -139.825531006, 14.5634860992, -66.9614257812, 70.755645752, -86.8812408447, 11.3846473694, -61.6641731262, 23.3455104828], [415.774871826, -342.285308838, 8.21051311493, 111.090187073, -139.825531006, 125.637390137, -6.22163677216, 46.2821807861, -31.242099762, 27.6480255127, -26.9042205811, 24.7000999451, -12.4738693237], [-67.1330871582, 58.9664535522, -32.4509429932, -28.3251342773, 14.5634860992, -6.22163677216, 81.5096359253, 5.94524669647, 17.5709228516, -8.35198307037, 0.935815095901, -6.13148117065, -2.8527431488], [336.47543335, -258.782104492, -11.4971008301, 78.0894012451, -66.9614257812, 46.2821807861, 5.94524669647, 87.8614807129, -10.0863418579, 20.1335201263, -34.60729599, 18.4129619598, -8.64909267426], [-302.950073242, 196.845672607, 28.9520740509, -64.5233230591, 70.755645752, -31.242099762, 17.5709228516, -10.0863418579, 67.5603637695, -9.45172214508, 5.43672227859, -41.9207420349, 2.19496178627], [293.82901001, -166.932739258, -36.7285461426, 66.0025634766, -86.8812408447, 27.6480255127, -8.35198307037, 20.1335201263, -9.45172214508, 61.8376731873, 14.46920681, 10.1989307404, -8.1281785965], [-96.8942871094, 118.938430786, -28.1348114014, -25.1398887634, 11.3846473694, -26.9042205811, 0.935815095901, -34.60729599, 5.43672227859, 14.46920681, 60.2570800781, -4.69206953049, 2.22167205811], [283.475616455, -186.055007935, -25.6152000427, 40.8264656067, -61.6641731262, 24.7000999451, -6.13148117065, 18.4129619598, -41.9207420349, 10.1989307404, -4.69206953049, 69.5976257324, -11.3031702042], [-96.5175933838, 64.2672195435, -0.716375172138, -5.42413282394, 23.3455104828, -12.4738693237, -2.8527431488, -8.64909267426, 2.19496178627, -8.1281785965, 2.22167205811, -11.3031702042, 29.3181056976]],
        "icov": [[0.00129016127903, -0.0018233169103, 0.0014390819706, -0.00264431047253, 0.00131817045622, -0.00160420325119, 0.000862772518303, -0.00305780954659, 0.0027677488979, -0.00307266786695, 0.00268025603145, -0.00264785345644, 0.00295675732195], [-0.0018233169103, 0.0164480973035, -0.00307724438608, 0.0147161474451, -0.0067970813252, 0.0107100978494, -0.00384674663655, 0.0166464243084, -0.0129424510524, 0.0127044506371, -0.0152818346396, 0.0141360042617, -0.0138055384159], [0.0014390819706, -0.00307724438608, 0.00680076470599, -0.00114863365889, 0.000648573914077, -0.00598652334884, 0.00427075009793, -0.00466466974467, 0.00309861591086, -0.00399880111217, 0.0058234333992, -0.00303183402866, 0.00446190545335], [-0.00264431047253, 0.0147161474451, -0.00114863365889, 0.0262441467494, -0.000915879558306, 0.00798218511045, -0.000232578837313, 0.0111410263926, -0.00919031631202, 0.0116115147248, -0.0127595877275, 0.0167555455118, -0.0174131821841], [0.00131817045622, -0.0067970813252, 0.000648573914077, -0.000915879558306, 0.0132995136082, 0.000586528098211, 0.00280233914964, -0.00988025497645, 0.00553201511502, -0.000882248394191, 0.00677376892418, -0.00384964817204, 0.00344662205316], [-0.00160420325119, 0.0107100978494, -0.00598652334884, 0.00798218511045, 0.000586528098211, 0.0251534283161, -0.0047028278932, 0.00882813800126, -0.00613842299208, 0.00858189351857, -0.00733454478905, 0.0104339560494, -0.00762895448133], [0.000862772518303, -0.00384674663655, 0.00427075009793, -0.000232578837313, 0.00280233914964, -0.0047028278932, 0.0170021746308, -0.00794923584908, -0.000311936426442, -0.000341532897437, 0.00308118690737, -0.00349366967566, 0.00475913193077], [-0.00305780954659, 0.0166464243084, -0.00466466974467, 0.0111410263926, -0.00988025497645, 0.00882813800126, -0.00794923584908, 0.0407082773745, -0.0186492409557, 0.00735484808683, -0.00474870111793, 0.0104535100982, -0.0139247113839], [0.0027677488979, -0.0129424510524, 0.00309861591086, -0.00919031631202, 0.00553201511502, -0.00613842299208, -0.000311936426442, -0.0186492409557, 0.042197547853, -0.0148285897449, 0.0125546632335, 0.00376816885546, 0.0165400877595], [-0.00307266786695, 0.0127044506371, -0.00399880111217, 0.0116115147248, -0.000882248394191, 0.00858189351857, -0.000341532897437, 0.00735484808683, -0.0148285897449, 0.0432335101068, -0.0264440141618, 0.0138846421614, -0.00897042267025], [0.00268025603145, -0.0152818346396, 0.0058234333992, -0.0127595877275, 0.00677376892418, -0.00733454478905, 0.00308118690737, -0.00474870111793, 0.0125546632335, -0.0264440141618, 0.0446733757854, -0.0154703948647, 0.012867571786], [-0.00264785345644, 0.0141360042617, -0.00303183402866, 0.0167555455118, -0.00384964817204, 0.0104339560494, -0.00349366967566, 0.0104535100982, 0.00376816885546, 0.0138846421614, -0.0154703948647, 0.0399838723242, -0.00627470901236], [0.00295675732195, -0.0138055384159, 0.00446190545335, -0.0174131821841, 0.00344662205316, -0.00762895448133, 0.00475913193077, -0.0139247113839, 0.0165400877595, -0.00897042267025, 0.012867571786, -0.00627470901236, 0.054237909615]]
    },
    "melbands": {
        "dmean": [0.00522171938792, 0.0066412827, 0.00167474837508, 0.00079999997979, 0.000247733027209, 0.000142714430694, 0.000103166836197, 6.9005684054e-05, 1.88283283933e-05, 8.44076294015e-06, 1.47754999489e-05, 6.0237787693e-05, 7.22976838006e-05, 1.78741065611e-05, 9.06340574147e-06, 4.12101735492e-06, 3.27412499246e-06, 4.15063550463e-06, 3.80476808459e-06, 3.25617702401e-06, 2.37030735661e-06, 2.16569219447e-06, 1.04777009255e-05, 1.37269644256e-05, 3.28670694216e-06, 4.02911564379e-06, 3.61202728527e-06, 2.56598195847e-06, 2.53075154433e-06, 3.66651170225e-06, 6.71415682518e-06, 3.13918849315e-06, 2.15615864363e-06, 2.01920511245e-06, 6.97122345628e-07, 4.94645348681e-07, 4.57244340168e-07, 3.00976807921e-07, 3.06213962631e-07, 2.52361360253e-07],
        "dmean2": [0.00878554116935, 0.0112656531855, 0.00273631582968, 0.00137915147934, 0.000388020416722, 0.000250527111348, 0.000168641025084, 0.000120464523206, 2.97067836073e-05, 1.37988927236e-05, 2.68074090854e-05, 0.000113437366963, 0.000130571774207, 3.03499800793e-05, 1.52334432642e-05, 7.08311790731e-06, 5.52421579414e-06, 6.97899531588e-06, 6.63791115585e-06, 5.13267195856e-06, 3.84600025427e-06, 3.59956197826e-06, 1.90250357264e-05, 2.52404115599e-05, 5.36399284101e-06, 6.62285901853e-06, 5.76124512008e-06, 4.01537636208e-06, 3.89058004657e-06, 6.0459242377e-06, 1.16677538244e-05, 4.94713640364e-06, 3.11770395456e-06, 3.2183456824e-06, 1.02434171367e-06, 7.2177039101e-07, 7.09481071226e-07, 4.37819807075e-07, 4.50927217344e-07, 3.62787744734e-07],
        "dvar": [7.70075130276e-05, 0.000162449432537, 5.7045340327e-06, 9.50503704189e-07, 9.51039851316e-08, 3.71029003077e-08, 3.38675043565e-08, 1.54892099147e-08, 6.25664187126e-10, 1.27229352054e-10, 1.36387168226e-09, 3.49411699574e-08, 4.75553250112e-08, 1.7220161963e-09, 2.85018092461e-10, 6.93039306499e-11, 2.07443021094e-11, 5.02958959203e-11, 7.57777035565e-11, 4.71898527199e-11, 2.33078140122e-11, 2.53121863747e-11, 9.20802767368e-10, 1.72223624251e-09, 6.16167394885e-11, 9.3632733511e-11, 7.08283223738e-11, 3.61682975236e-11, 3.49768200514e-11, 1.04426967074e-10, 4.42987452276e-10, 6.80454928514e-11, 2.74240248566e-11, 3.10317258001e-11, 2.93551467856e-12, 1.17866740673e-12, 1.16462688018e-12, 4.48683787607e-13, 4.45674476057e-13, 2.31910736274e-13],
        "dvar2": [0.000223166643991, 0.000474409403978, 1.56649457494e-05, 2.98147006106e-06, 2.68002537496e-07, 1.22784044265e-07, 8.34874356315e-08, 4.27696100758e-08, 1.67285951758e-09, 3.44120010265e-10, 3.91166832259e-09, 1.00062180763e-07, 1.31036955509e-07, 4.5033599072e-09, 7.23863025076e-10, 1.8877427399e-10, 5.23164497834e-11, 1.24458054973e-10, 2.04624622802e-10, 1.09737052778e-10, 6.15656206571e-11, 6.64090241131e-11, 2.56046828184e-09, 4.81706496913e-09, 1.61598553983e-10, 2.41107633858e-10, 1.76314435274e-10, 8.23614995649e-11, 7.75170413969e-11, 2.72127737011e-10, 1.23085253101e-09, 1.67495461945e-10, 5.9590617163e-11, 7.9415002352e-11, 6.01408332856e-12, 2.42228546249e-12, 2.59773561169e-12, 8.8978021999e-13, 9.21216553561e-13, 4.42362644995e-13],
        "max": [0.0737163200974, 0.1062887609, 0.0277532786131, 0.00815111026168, 0.00351208285429, 0.00227574747987, 0.00203729444183, 0.00131128914654, 0.000279843632597, 0.000102717160189, 0.000293948687613, 0.00135813595261, 0.00150833767839, 0.000286633847281, 0.000161810254212, 9.495314589e-05, 4.80694252474e-05, 6.68833308737e-05, 7.90538324509e-05, 8.15377716208e-05, 5.30484685441e-05, 4.58918984805e-05, 0.000203596326173, 0.000323706160998, 5.22507252754e-05, 6.23622327112e-05, 6.26260443823e-05, 4.93039078719e-05, 4.85985692649e-05, 7.92621140135e-05, 0.000197020664928, 6.88090149197e-05, 4.23701130785e-05, 4.90068814543e-05, 2.33613482123e-05, 1.03665470306e-05, 8.79096751305e-06, 6.67745371175e-06, 5.69679423279e-06, 4.5039091674e-06],
        "mean": [0.0118159530684, 0.0194727424532, 0.00709518231452, 0.00273040658794, 0.000710617052391, 0.000314020260703, 0.000236728941672, 9.98103205347e-05, 4.05647297157e-05, 1.51437216118e-05, 1.5673773305e-05, 4.34342582594e-05, 5.26747389813e-05, 2.20633355639e-05, 1.20107379189e-05, 5.30558463652e-06, 5.69567282582e-06, 6.79310824125e-06, 3.60089711648e-06, 3.97238272853e-06, 3.14056478601e-06, 2.02917067327e-06, 7.06239552528e-06, 8.66923346621e-06, 2.66871074928e-06, 3.23882954945e-06, 3.12982115247e-06, 2.31358376368e-06, 2.27674036068e-06, 2.92846198136e-06, 4.62721664007e-06, 2.69046063295e-06, 2.09917016036e-06, 1.73212288246e-06, 6.8519210572e-07, 4.71944503033e-07, 4.1424959818e-07, 2.92749888331e-07, 2.93421095421e-07, 2.48825983817e-07],
        "median": [0.00999569240957, 0.0154306702316, 0.00683107506484, 0.0026552034542, 0.000628452340607, 0.000242798938416, 0.000166423968039, 6.51344889775e-05, 3.25555083691e-05, 1.05495582829e-05, 8.07412106951e-06, 1.17955269161e-05, 1.05224935396e-05, 1.10359078462e-05, 6.33346689938e-06, 3.3851047192e-06, 4.09096628573e-06, 3.81242921321e-06, 1.2250642385e-06, 1.11423037197e-06, 1.35490972752e-06, 5.91086973145e-07, 7.70189785726e-07, 4.62199494677e-07, 3.30877611532e-07, 2.51070161994e-07, 2.69149580845e-07, 1.46587609606e-07, 6.84494523284e-08, 6.26403178217e-08, 6.48920774893e-08, 6.10109864851e-08, 5.11772775269e-08, 3.53752724891e-08, 2.15065067977e-08, 1.41080267468e-08, 1.05863913191e-08, 8.48721359858e-09, 8.77592842841e-09, 8.47756531641e-09],
        "min": [6.12618808259e-24, 7.23868627392e-24, 7.49577683179e-24, 4.32752447639e-24, 4.00125002827e-24, 2.9415668634e-24, 1.06158502963e-23, 8.3840215893e-24, 1.16619185108e-23, 4.96493986503e-24, 6.77730992945e-24, 2.2336280987e-23, 9.30220756246e-24, 7.38354322423e-24, 2.51172539139e-23, 1.47244895373e-23, 7.62692022412e-24, 7.14883343909e-24, 5.25598970158e-24, 1.52356193391e-23, 9.48953205074e-24, 8.63838584388e-24, 8.21664187129e-24, 9.74244243467e-24, 5.60264989321e-24, 1.21135027248e-23, 9.08620245825e-24, 1.16158545559e-23, 1.73655990034e-23, 1.55160941007e-23, 6.87394144604e-24, 9.2112093016e-24, 1.8600869984e-23, 1.14558104555e-23, 1.00502015285e-23, 8.06471278297e-24, 9.17897723387e-24, 1.17674554781e-23, 7.23435463869e-24, 1.18860607152e-23],
        "var": [7.55715809646e-05, 0.000172298576217, 7.23138236935e-06, 1.97837221094e-06, 2.06329843877e-07, 8.04473643257e-08, 7.09643614982e-08, 1.33441186989e-08, 1.03003405805e-09, 1.75266079427e-10, 8.29224855448e-10, 1.97566460969e-08, 2.98944691224e-08, 1.35855748873e-09, 2.90476281917e-10, 5.43566823497e-11, 2.88246822244e-11, 6.55980200714e-11, 5.44512594736e-11, 6.86504950109e-11, 2.47606362497e-11, 1.95228711669e-11, 5.70379188325e-10, 1.04162101167e-09, 4.80257084101e-11, 7.59217411161e-11, 6.22870435785e-11, 3.5954832861e-11, 3.68169592035e-11, 8.31936117218e-11, 2.90613949572e-10, 6.2642141474e-11, 3.14581659333e-11, 2.64693579555e-11, 3.44583736545e-12, 1.41108392332e-12, 1.20977934701e-12, 5.48754834975e-13, 5.39284545839e-13, 3.11808277765e-13]
    },
    "mfcc": {
        "mean": [-708.686584473, 193.526351929, 37.7677536011, 46.3768806458, 23.3753814697, 23.3565864563, 10.5109519958, 7.43477344513, -1.11026132107, -3.57111954689, 2.5712492466, -2.47390174866, 3.88517475128],
        "cov": [[5376.27978516, -3265.63720703, 174.485107422, 189.009429932, -692.12310791, 14.7483224869, 87.1056442261, 46.1542472839, -22.1879901886, -91.3112258911, 35.9483909607, 111.513053894, 59.8071899414], [-3265.63720703, 2511.47705078, -305.560668945, -97.2431182861, 424.036224365, -25.2217979431, -53.6279907227, -62.1842041016, -29.9938201904, 55.9991836548, -27.2696990967, -45.5857162476, 0.296802818775], [174.485107422, -305.560668945, 272.435333252, -33.5933647156, -12.7525672913, 25.3650588989, -7.49087238312, 6.98397016525, 12.7505607605, 7.31167078018, 26.1741390228, -10.2794895172, -38.0998001099], [189.009429932, -97.2431182861, -33.5933647156, 77.7652435303, -14.1664505005, -15.3903493881, 3.45480632782, -5.97028207779, 2.00813436508, 0.460631817579, -10.383980751, 2.01370072365, 10.869260788], [-692.12310791, 424.036224365, -12.7525672913, -14.1664505005, 196.320755005, -15.0575609207, -16.9169120789, -8.87112808228, 14.2748632431, 5.82962608337, -20.8128528595, -14.0495204926, 1.1020154953], [14.7483224869, -25.2217979431, 25.3650588989, -15.3903493881, -15.0575609207, 44.6447372437, 5.14227199554, -1.61843049526, -8.0765619278, -3.03162813187, 4.72455406189, -3.27355861664, -3.52762722969], [87.1056442261, -53.6279907227, -7.49087238312, 3.45480632782, -16.9169120789, 5.14227199554, 42.9816894531, 9.03136634827, 0.726172149181, -6.56405448914, -3.50926589966, 3.58794188499, 0.927334189415], [46.1542472839, -62.1842041016, 6.98397016525, -5.97028207779, -8.87112808228, -1.61843049526, 9.03136634827, 64.0669784546, 26.3548469543, -10.5565290451, 4.46654987335, -7.54543638229, -20.8583755493], [-22.1879901886, -29.9938201904, 12.7505607605, 2.00813436508, 14.2748632431, -8.0765619278, 0.726172149181, 26.3548469543, 69.6514282227, 24.9451675415, -3.44528579712, -13.2745895386, -8.52874851227], [-91.3112258911, 55.9991836548, 7.31167078018, 0.460631817579, 5.82962608337, -3.03162813187, -6.56405448914, -10.5565290451, 24.9451675415, 74.4985733032, 12.8818559647, -12.8040294647, 5.00687789917], [35.9483909607, -27.2696990967, 26.1741390228, -10.383980751, -20.8128528595, 4.72455406189, -3.50926589966, 4.46654987335, -3.44528579712, 12.8818559647, 45.4612426758, 4.09429931641, -16.28972435], [111.513053894, -45.5857162476, -10.2794895172, 2.01370072365, -14.0495204926, -3.27355861664, 3.58794188499, -7.54543638229, -13.2745895386, -12.8040294647, 4.09429931641, 35.4649810791, 9.4214887619], [59.8071899414, 0.296802818775, -38.0998001099, 10.869260788, 1.1020154953, -3.52762722969, 0.927334189415, -20.8583755493, -8.52874851227, 5.00687789917, -16.28972435, 9.4214887619, 57.0684623718]],
