{
"lowlevel": {
    "average_loudness": 0.94908875227,
    "barkbands_crest": {
        "dmean": 2.24609661102,
        "dmean2": 3.66311359406,
        "dvar": 4.47181367874,
        "dvar2": 10.8663654327,
        "max": 24.4874134064,
        "mean": 9.92539024353,
        "median": 9.26047420502,
        "min": 2.63566279411,
        "var": 15.2694225311
    },
    "barkbands_flatness_db": {
        "dmean": 0.0234282780439,
        "dmean2": 0.0326732397079,
        "dvar": 0.000626985623967,
        "dvar2": 0.00110182585195,
        "max": 0.384467512369,
        "mean": 0.157354325056,
        "median": 0.145559132099,
        "min": 0.0333005785942,
        "var": 0.00348452432081
    },
    "barkbands_kurtosis": {
        "dmean": 3.46035313606,
        "dmean2": 5.19043874741,
        "dvar": 38.7200546265,
        "dvar2": 81.4217071533,
        "max": 160.887893677,
        "mean": 6.41361808777,
        "median": 2.83643722534,
        "min": -1.80014967918,
        "var": 117.760803223
    },
    "barkbands_skewness": {
        "dmean": 0.564104676247,
        "dmean2": 0.862820744514,
        "dvar": 0.385214239359,
        "dvar2": 0.82715433836,
        "max": 10.7542295456,
        "mean": 1.65214598179,
        "median": 1.67610263824,
        "min": -3.92379784584,
        "var": 2.37025761604
    },
    "barkbands_spread": {
        "dmean": 5.27127838135,
        "dmean2": 8.18921852112,
        "dvar": 50.3954925537,
        "dvar2": 119.156730652,
        "max": 94.891204834,
        "mean": 18.5708599091,
        "median": 17.0263252258,
        "min": 1.02934384346,
        "var": 137.859298706
    },
    "dissonance": {
        "dmean": 0.0189941823483,
        "dmean2": 0.0311924088746,
        "dvar": 0.000501824019011,
        "dvar2": 0.00133481342345,
        "max": 0.499965071678,
        "mean": 0.458717465401,
        "median": 0.467732995749,
        "min": 0.11967048049,
        "var": 0.00116644473746
    },
    "dynamic_complexity": 2.15197014809,
    "erbbands_crest": {
        "dmean": 2.21958136559,
        "dmean2": 3.48740959167,
        "dvar": 4.86265325546,
        "dvar2": 10.9448270798,
        "max": 27.5855674744,
        "mean": 9.380610466,
        "median": 8.14015960693,
        "min": 2.60437035561,
        "var": 19.7433586121
    },
    "erbbands_flatness_db": {
        "dmean": 0.021828725934,
        "dmean2": 0.0296220481396,
        "dvar": 0.0006675577024,
        "dvar2": 0.00125049951021,
        "max": 0.422018796206,
        "mean": 0.169173270464,
        "median": 0.16131259501,
        "min": 0.0522431097925,
        "var": 0.00327861681581
    },
    "erbbands_kurtosis": {
        "dmean": 1.2106654644,
        "dmean2": 1.84657967091,
        "dvar": 4.07961606979,
        "dvar2": 9.62610816956,
        "max": 34.9565200806,
        "mean": 1.27613437176,
        "median": 0.40124297142,
        "min": -1.82330870628,
        "var": 8.91327285767
    },
    "erbbands_skewness": {
        "dmean": 0.389257013798,
        "dmean2": 0.590218245983,
        "dvar": 0.162273094058,
        "dvar2": 0.363771378994,
        "max": 5.1101398468,
        "mean": 0.218100592494,
        "median": 0.183815300465,
        "min": -4.26860904694,
        "var": 1.01692330837
    },
    "erbbands_spread": {
        "dmean": 7.21014595032,
        "dmean2": 10.7295875549,
        "dvar": 69.0213241577,
        "dvar2": 126.467811584,
        "max": 141.768264771,
        "mean": 34.0000457764,
        "median": 31.9916973114,
        "min": 2.52675795555,
        "var": 320.339904785
    },
    "hfc": {
        "dmean": 7.87226581573,
        "dmean2": 11.2897253036,
        "dvar": 197.21232605,
        "dvar2": 469.760284424,
        "max": 199.659942627,
        "mean": 20.3539333344,
        "median": 14.6020326614,
        "min": 1.11389080964e-16,
        "var": 390.985198975
    },
    "melbands_crest": {
        "dmean": 3.03819394112,
        "dmean2": 4.85331201553,
        "dvar": 8.24281692505,
        "dvar2": 20.014415741,
        "max": 31.2524642944,
        "mean": 14.0607528687,
        "median": 13.4847927094,
        "min": 1.83340811729,
        "var": 26.243555069
    },
    "melbands_flatness_db": {
        "dmean": 0.0255433935672,
        "dmean2": 0.0359042175114,
        "dvar": 0.000729763356503,
        "dvar2": 0.00130561727565,
        "max": 0.494836658239,
        "mean": 0.221148639917,
        "median": 0.209418132901,
        "min": 0.00545030785725,
        "var": 0.00542802643031
    },
    "melbands_kurtosis": {
        "dmean": 6.52808904648,
        "dmean2": 10.0557155609,
        "dvar": 117.139533997,
        "dvar2": 260.805877686,
        "max": 172.408935547,
        "mean": 14.8424224854,
        "median": 8.50227832794,
        "min": -1.81988501549,
        "var": 393.609588623
    },
    "melbands_skewness": {
        "dmean": 0.693348348141,
        "dmean2": 1.05481469631,
        "dvar": 0.540492653847,
        "dvar2": 1.15875947475,
        "max": 11.3661365509,
        "mean": 2.5780134201,
        "median": 2.53241419792,
        "min": -2.43707513809,
        "var": 3.32003474236
    },
    "melbands_spread": {
        "dmean": 5.75393295288,
        "dmean2": 8.95559597015,
        "dvar": 58.8382987976,
        "dvar2": 129.321136475,
        "max": 121.996437073,
        "mean": 20.6614189148,
        "median": 16.2822780609,
        "min": 1.05694139004,
        "var": 252.594970703
    },
    "pitch_salience": {
        "dmean": 0.0645316615701,
        "dmean2": 0.104294717312,
        "dvar": 0.00332117592916,
        "dvar2": 0.00813452526927,
        "max": 0.865989863873,
        "mean": 0.583454012871,
        "median": 0.585307717323,
        "min": 0.251539885998,
        "var": 0.0100985700265
    },
    "silence_rate_20dB": {
        "dmean": 0,
        "dmean2": 0,
        "dvar": 0,
        "dvar2": 0,
        "max": 1,
        "mean": 1,
        "median": 1,
        "min": 1,
        "var": 0
    },
    "silence_rate_30dB": {
        "dmean": 0.00103092787322,
        "dmean2": 0.00206291908398,
        "dvar": 0.00102987489663,
        "dvar2": 0.0030901581049,
        "max": 1,
        "mean": 0.999484777451,
        "median": 1,
        "min": 0,
        "var": 0.000514906423632
    },
    "silence_rate_60dB": {
        "dmean": 0.0149484537542,
        "dmean2": 0.0299123264849,
        "dvar": 0.0147248348221,
        "dvar2": 0.0362381860614,
        "max": 1,
        "mean": 0.0164863467216,
        "median": 0,
        "min": 0,
        "var": 0.0162150170654
    },
    "spectral_centroid": {
        "dmean": 186.846588135,
        "dmean2": 282.567840576,
        "dvar": 87363.9765625,
        "dvar2": 134135.09375,
        "max": 10955.6015625,
        "mean": 1072.08898926,
        "median": 962.56237793,
        "min": 196.062652588,
        "var": 414435.1875
    },
    "spectral_complexity": {
        "dmean": 3.28402066231,
        "dmean2": 4.95925712585,
        "dvar": 11.6456403732,
        "dvar2": 22.5775108337,
        "max": 44,
        "mean": 17.3621845245,
        "median": 17,
        "min": 0,
        "var": 51.7148628235
    },
    "spectral_decrease": {
        "dmean": 2.04315142582e-09,
        "dmean2": 3.02512614958e-09,
        "dvar": 7.71740155486e-18,
        "dvar2": 1.6811112535e-17,
        "max": -1.02308215318e-28,
        "mean": -6.92059520802e-09,
        "median": -5.78823389219e-09,
        "min": -2.75758189616e-08,
        "var": 2.2522594487e-17
    },
    "spectral_energy": {
        "dmean": 0.00818810239434,
        "dmean2": 0.0120216971263,
        "dvar": 0.000118946285511,
        "dvar2": 0.000256147759501,
        "max": 0.108567349613,
        "mean": 0.0279660951346,
        "median": 0.0237233117223,
        "min": 1.04894555374e-20,
        "var": 0.000348128814949
    },
    "spectral_energyband_high": {
        "dmean": 0.000314588658512,
        "dmean2": 0.000477275170851,
        "dvar": 6.84045232902e-07,
        "dvar2": 1.82133601356e-06,
        "max": 0.0100061995909,
        "mean": 0.000451727013569,
        "median": 0.000214545987546,
        "min": 7.82262928146e-21,
        "var": 6.2555494651e-07
    },
    "spectral_energyband_low": {
        "dmean": 0.00376578303985,
        "dmean2": 0.00571037176996,
        "dvar": 5.46600604139e-05,
        "dvar2": 0.000123266101582,
        "max": 0.0677152425051,
        "mean": 0.00804919935763,
        "median": 0.00460691703483,
        "min": 3.1193712205e-23,
        "var": 9.70009641605e-05
    },
    "spectral_energyband_middle_high": {
        "dmean": 0.00215887790546,
        "dmean2": 0.00311354850419,
        "dvar": 1.61720217875e-05,
        "dvar2": 3.47986788256e-05,
        "max": 0.0807150825858,
        "mean": 0.00603848649189,
        "median": 0.00319879804738,
        "min": 1.47379321058e-21,
        "var": 5.73701399844e-05
    },
    "spectral_energyband_middle_low": {
        "dmean": 0.00545441685244,
        "dmean2": 0.00827173143625,
        "dvar": 4.96000538988e-05,
        "dvar2": 0.000108972242742,
        "max": 0.0896514281631,
        "mean": 0.0157768987119,
        "median": 0.0117254722863,
        "min": 2.91703521407e-22,
        "var": 0.000201671326067
    },
    "spectral_entropy": {
        "dmean": 0.188403651118,
        "dmean2": 0.255331546068,
        "dvar": 0.0407599285245,
        "dvar2": 0.0703287422657,
        "max": 9.80729961395,
        "mean": 7.28543186188,
        "median": 7.37428331375,
        "min": 5.56488323212,
        "var": 0.233794361353
    },
    "spectral_flux": {
        "dmean": 0.0239883456379,
        "dmean2": 0.0367457792163,
        "dvar": 0.000859690713696,
        "dvar2": 0.00193633441813,
        "max": 0.291766136885,
        "mean": 0.0734556093812,
        "median": 0.0626777037978,
        "min": 1.02418046266e-10,
        "var": 0.00165980623569
    },
    "spectral_kurtosis": {
        "dmean": 2.86191558838,
        "dmean2": 4.52862739563,
        "dvar": 15.561841011,
        "dvar2": 39.1216545105,
        "max": 49.8796539307,
        "mean": 7.60062885284,
        "median": 6.10425949097,
        "min": -1.18418669701,
        "var": 29.7949695587
    },
    "spectral_rms": {
        "dmean": 0.00075974263018,
        "dmean2": 0.00108831131365,
        "dvar": 8.28849351819e-07,
        "dvar2": 1.62686865224e-06,
        "max": 0.0102917132899,
        "mean": 0.00493020890281,
        "median": 0.00481089344248,
        "min": 3.19900226101e-12,
        "var": 2.97705651064e-06
    },
    "spectral_rolloff": {
        "dmean": 404.193908691,
        "dmean2": 701.280029297,
        "dvar": 1452041.5,
        "dvar2": 3849067,
        "max": 18346.2890625,
        "mean": 1272.62475586,
        "median": 947.4609375,
        "min": 150.732421875,
        "var": 1570271
    },
    "spectral_skewness": {
        "dmean": 0.293056428432,
        "dmean2": 0.448455750942,
        "dvar": 0.101025484502,
        "dvar2": 0.237248942256,
        "max": 4.63231468201,
        "mean": 2.03903484344,
        "median": 1.99016904831,
        "min": -0.0174424797297,
        "var": 0.342517912388
    },
    "spectral_spread": {
        "dmean": 747877.875,
        "dmean2": 1059300.75,
        "dvar": 1.19687557939e+12,
        "dvar2": 1.97385007923e+12,
        "max": 39129224,
        "mean": 4278151,
        "median": 3987996,
        "min": 784452.375,
        "var": 3.81573555814e+12
    },
    "spectral_strongpeak": {
        "dmean": 0.663797080517,
        "dmean2": 1.10679841042,
        "dvar": 1.87377381325,
        "dvar2": 4.45976161957,
        "max": 25.3289260864,
        "mean": 1.26580357552,
        "median": 0.654247701168,
        "min": 0,
        "var": 3.69149398804
    },
    "zerocrossingrate": {
        "dmean": 0.011155968532,
        "dmean2": 0.0129992607981,
        "dvar": 0.000286236579996,
        "dvar2": 0.000365569867427,
        "max": 0.4892578125,
        "mean": 0.0577012076974,
        "median": 0.05078125,
        "min": 0,
        "var": 0.00118211773224
    },
    "barkbands": {
        "dmean": [4.2698247853e-05, 0.00153842067812, 0.00146393594332, 0.00308602070436, 0.00240861158818, 0.000741815252695, 0.000727158563677, 0.000403547426686, 0.00036604993511, 0.000313772616209, 0.00028323661536, 0.000261542823864, 0.000408166990383, 0.000406909966841, 0.000270919495961, 0.000455534725916, 0.00078400952043, 0.000144086836372, 9.88904575934e-05, 3.78804033971e-05, 2.71218705166e-05, 2.36075538851e-05, 2.18015629798e-05, 2.64893133135e-05, 3.78848635592e-05, 0.00017606599431, 1.54707995534e-05],
        "dmean2": [7.61486007832e-05, 0.00255717849359, 0.00239311298355, 0.00480110244825, 0.0038056622725, 0.0011335745221, 0.00119192223065, 0.000585421454161, 0.000565759604797, 0.000449252256658, 0.00040190119762, 0.000397079187678, 0.000643718638457, 0.000631057599094, 0.000426333339419, 0.000722972443327, 0.00121883815154, 0.000221278052777, 0.000155564135639, 6.01707833994e-05, 4.10201646446e-05, 3.46149863617e-05, 3.26179870171e-05, 4.07772822655e-05, 5.71097480133e-05, 0.000289093033643, 2.82422770397e-05],
        "dvar": [1.09438644813e-08, 9.25593212742e-06, 9.08718084247e-06, 2.949293048e-05, 1.173142482e-05, 2.4167011361e-06, 2.11068982026e-06, 1.04007119717e-06, 8.02973772807e-07, 9.17159184155e-07, 7.5194185456e-07, 2.26885575216e-07, 6.32050671356e-07, 6.55509893477e-07, 3.12545466841e-07, 1.45286992392e-06, 5.96172139922e-06, 1.1019866264e-07, 4.16599910125e-08, 4.06447187018e-09, 2.68860755881e-09, 2.48348053233e-09, 3.20336890347e-09, 4.87104534486e-09, 6.14809270161e-09, 3.70781435777e-07, 4.14335410426e-09],
        "dvar2": [3.00241644879e-08, 2.4422603019e-05, 2.33365044551e-05, 6.91206514603e-05, 2.7951775337e-05, 4.9087775551e-06, 5.34897935722e-06, 1.89168054021e-06, 1.92142624655e-06, 1.37785548304e-06, 1.44828334214e-06, 5.30867566795e-07, 1.50087089423e-06, 1.60344006872e-06, 6.86622058765e-07, 3.3675787563e-06, 1.42425697049e-05, 2.28937423685e-07, 1.07830118168e-07, 1.09120330549e-08, 6.2341642959e-09, 5.15577625038e-09, 7.95442289814e-09, 9.4045633503e-09, 1.40994265152e-08, 1.01366856597e-06, 1.16764056202e-08],
        "max": [0.000856183993164, 0.0297459792346, 0.0324355475605, 0.0613059215248, 0.0670696124434, 0.0439542792737, 0.0262038260698, 0.0265138410032, 0.0190485995263, 0.0382759422064, 0.0236630328, 0.00909186713398, 0.0103000616655, 0.0160746555775, 0.0126905506477, 0.0209268331528, 0.0669811144471, 0.0052038570866, 0.003570595989, 0.00100276700687, 0.000937238102779, 0.00103398773354, 0.0012254799949, 0.00184913899284, 0.00122076633852, 0.00764571549371, 0.000665040221065],
        "mean": [3.37764759024e-05, 0.00331226922572, 0.00249141873792, 0.00500024110079, 0.00596420234069, 0.00189358647913, 0.00126789754722, 0.000706914928742, 0.000588837254327, 0.000579402316362, 0.000525583862327, 0.00048188972869, 0.000764879456256, 0.000804538081866, 0.000481842726003, 0.000746353529394, 0.00140696554445, 0.000231059078942, 0.000188903562957, 7.53251297283e-05, 5.55457663722e-05, 4.35817964899e-05, 3.91743233195e-05, 5.33583697688e-05, 6.48206332698e-05, 0.000153584129293, 1.0175242096e-05],
        "median": [7.88482975622e-06, 0.00134416529909, 0.00130856293254, 0.00186784949619, 0.0032003489323, 0.00073786667781, 0.000636087323073, 0.000288689188892, 0.000281913526123, 0.00020747675444, 0.000214714818867, 0.000213618361158, 0.000306996254949, 0.000264762202278, 0.00021330533491, 0.000198327965336, 0.000327792251483, 7.49600221752e-05, 8.48278068588e-05, 3.37110759574e-05, 3.1916784792e-05, 2.62692828983e-05, 2.26112224482e-05, 2.57228239207e-05, 2.20237179747e-05, 7.98453129391e-06, 5.55781021205e-09],
        "min": [2.17225724463e-23, 6.39097200644e-24, 7.3966312155e-24, 1.7412566204e-23, 3.72893981918e-23, 5.34211051435e-23, 6.51031885167e-23, 3.76715823677e-23, 6.36449318018e-23, 3.15460332625e-23, 7.27880821288e-23, 1.00834075239e-22, 8.00916593119e-23, 7.23863058034e-23, 1.12221963982e-22, 2.51354081277e-22, 1.78280772288e-22, 2.17659320281e-22, 2.32481953582e-22, 4.43382439845e-22, 4.27187239057e-22, 6.47113430035e-22, 8.50997901003e-22, 9.13112076618e-22, 1.23954549599e-21, 1.56296705704e-21, 2.01611683183e-21],
        "var": [7.52252748981e-09, 2.11896731344e-05, 1.17660129035e-05, 5.89155970374e-05, 6.35761170997e-05, 1.58392413141e-05, 4.14183887187e-06, 2.30782870858e-06, 1.21628727356e-06, 3.14918224831e-06, 1.57326724093e-06, 5.04606134655e-07, 1.48833350977e-06, 2.33437867792e-06, 7.12010432835e-07, 2.83015992864e-06, 1.1833231838e-05, 2.33256841398e-07, 1.01575317046e-07, 1.19946106381e-08, 5.23658627571e-09, 4.22172474757e-09, 3.94716304086e-09, 9.45917566497e-09, 9.40391853277e-09, 2.64867821897e-07, 2.46067077825e-09]
    },
    "erbbands": {
        "dmean": [0.0298685040325, 0.406781047583, 1.52432549, 6.20194673538, 8.64373874664, 10.1123800278, 5.26910305023, 6.87181138992, 8.59259700775, 10.1150569916, 8.35499763489, 7.5023598671, 11.6232385635, 10.2091598511, 8.37746620178, 11.5715303421, 16.9122886658, 21.5259475708, 15.3083238602, 14.8567304611, 30.6878223419, 35.2031211853, 10.7844209671, 5.56382083893, 3.35315346718, 1.76244056225, 0.951398551464, 1.27264523506, 0.790244460106, 0.90078997612, 0.582338869572, 0.591314733028, 0.43016731739, 0.349610537291, 0.34237203002, 0.455975055695, 0.414151847363, 0.0720316469669, 0.00194638001267, 5.3614454373e-05],
        "dmean2": [0.050669375807, 0.679000079632, 2.49490594864, 9.36465072632, 13.9906873703, 15.5621385574, 8.56345653534, 10.3251876831, 14.0748577118, 15.934088707, 12.635020256, 11.3695526123, 16.6363544464, 14.4106473923, 12.1849908829, 17.5651817322, 26.3403701782, 33.414680481, 23.8389186859, 23.8521499634, 47.6215171814, 54.5366210938, 16.2337608337, 8.62559700012, 5.27650785446, 2.78152751923, 1.40913963318, 1.96344900131, 1.16395664215, 1.35247445107, 0.856879651546, 0.895570635796, 0.681523799896, 0.542343199253, 0.519110262394, 0.705951869488, 0.693823695183, 0.128658935428, 0.00350474729203, 8.97623540368e-05],
        "dvar": [0.0043898159638, 0.655531048775, 9.68360710144, 127.520889282, 138.998672485, 303.149139404, 67.7401733398, 315.654541016, 307.990142822, 532.187133789, 465.831359863, 296.990722656, 1570.47412109, 1082.13671875, 221.699584961, 506.465270996, 929.04284668, 1782.67687988, 941.842102051, 1010.88623047, 5706.61914062, 12470.6855469, 639.272338867, 135.398529053, 40.8263702393, 8.98291778564, 2.63215827942, 6.94382429123, 2.60771131516, 5.40363693237, 1.89323318005, 2.3621506691, 1.34280705452, 0.549996376038, 0.534179866314, 1.47803318501, 2.30686831474, 0.0934151932597, 7.27470614947e-05, 3.51277442689e-08],
        "dvar2": [0.0115576339886, 1.75506877899, 25.5929012299, 267.347808838, 344.436950684, 678.933166504, 174.097595215, 605.667480469, 782.807556152, 1302.19555664, 967.554931641, 669.213500977, 2671.93408203, 2152.37402344, 476.494171143, 1202.95666504, 2113.71508789, 4207.61572266, 2001.39550781, 2526.10351562, 12507.4628906, 29370.0859375, 1327.19921875, 307.313995361, 110.042350769, 25.0096549988, 5.47120809555, 16.8306026459, 5.53648519516, 12.9636125565, 4.49235534668, 4.7353053093, 3.08580803871, 1.35396957397, 1.20683121681, 3.80766510963, 6.30884790421, 0.264037996531, 0.000206769429496, 9.83180896696e-08],
        "max": [0.682397246361, 7.84380722046, 27.6703338623, 97.1077041626, 231.225265503, 397.003936768, 107.534347534, 563.868835449, 284.989593506, 429.150604248, 442.050933838, 458.620483398, 1365.14477539, 927.106201172, 222.949111938, 461.382843018, 468.438598633, 791.969177246, 638.462219238, 461.450408936, 1392.71337891, 3013.10595703, 347.966888428, 203.223419189, 120.913635254, 43.9950256348, 28.7818088531, 52.2643852234, 31.1490955353, 48.323474884, 30.6230258942, 40.4500236511, 33.3649215698, 14.1013622284, 7.20613908768, 13.4048585892, 16.5728492737, 4.57130670547, 0.111123688519, 0.00256363372318],
        "mean": [0.0485619008541, 0.900613307953, 2.97327017784, 10.0172805786, 17.4280052185, 26.3341503143, 12.0182180405, 17.8905162811, 16.6932411194, 18.3703765869, 14.7221288681, 13.2033081055, 21.9467411041, 19.0687789917, 16.1597957611, 22.1181850433, 33.9065361023, 45.212272644, 31.6935405731, 27.9774990082, 57.504535675, 60.8652954102, 19.9226093292, 10.798617363, 6.65202331543, 3.61951041222, 2.06059646606, 2.39425349236, 1.44228100777, 1.58015155792, 1.11338925362, 1.09092950821, 0.836002290249, 0.632582485676, 0.517387509346, 0.519719421864, 0.330361455679, 0.0504615344107, 0.00134284538217, 6.70848894515e-05],
        "median": [0.0265184938908, 0.355049997568, 1.5826407671, 4.07737016678, 10.5164175034, 9.28038406372, 6.74917173386, 5.63338947296, 7.94258975983, 9.48608589172, 6.27143621445, 6.83513450623, 7.28688621521, 7.85920476913, 7.98306703568, 10.5647315979, 15.4396629333, 18.6254653931, 13.4209079742, 11.0665388107, 15.6335945129, 15.6632938385, 5.72958898544, 4.88668060303, 3.3392996788, 1.70891773701, 1.15972673893, 1.25739634037, 0.826808929443, 0.910982072353, 0.684637963772, 0.538449406624, 0.390289992094, 0.269237905741, 0.140033498406, 0.0600594319403, 0.00955823250115, 0.000509389734361, 3.53700779669e-05, 3.43269020959e-05],
        "min": [2.22817334642e-22, 1.56560218063e-21, 7.76652478706e-21, 3.29329553179e-20, 6.12915113755e-20, 2.05151118746e-19, 8.41966530626e-20, 5.66830839727e-19, 1.10314212697e-18, 9.01096438115e-19, 6.48743278765e-19, 1.404532104e-18, 1.60610857465e-18, 1.24198863209e-18, 3.73823763764e-18, 3.60304323833e-18, 3.33485432653e-18, 3.70631756498e-18, 5.31615868875e-18, 6.14840867769e-18, 1.5358485772e-17, 1.15485605266e-17, 1.28293562337e-17, 1.04097081854e-17, 1.3408893033e-17, 1.90307425209e-17, 1.86044053614e-17, 2.00841206351e-17, 2.8605741923e-17, 2.51317140449e-17, 2.23957628836e-17, 1.62695474618e-17, 1.72138436142e-17, 1.23695645815e-17, 9.76178340186e-18, 5.27533029449e-18, 2.86663887376e-18, 1.24944049543e-18, 2.77209704113e-19, 3.11602135611e-20],
        "var": [0.0045720031485, 1.61778199673, 15.1557712555, 228.73387146, 491.456268311, 2000.10742188, 218.097793579, 2175.1105957, 713.663635254, 1058.67785645, 828.18951416, 485.518280029, 5011.81542969, 2122.64892578, 567.188049316, 1099.42687988, 2439.83447266, 6206.33251953, 2576.05078125, 2077.49951172, 14437.1376953, 22559.46875, 1781.72717285, 325.263183594, 99.0405731201, 27.0511684418, 6.87289905548, 11.6430473328, 4.39912843704, 7.37823629379, 2.61296343803, 4.06878995895, 2.24158930779, 0.84854054451, 0.745155155659, 1.42438042164, 1.58537006378, 0.0557557530701, 4.26994665759e-05, 2.28681180658e-08]
    },
    "gfcc": {
        "mean": [-6.23224782944, 104.215652466, -114.762535095, 23.3635978699, -45.4981002808, 13.6923389435, -51.2686843872, 3.69061493874, -27.1742153168, -2.54126548767, -19.7757091522, -2.4234623909, -14.0710678101],
        "cov": [[4451.33251953, -1551.85778809, 290.3253479, -181.482833862, 63.4925498962, 246.929336548, -249.510513306, 384.581420898, -284.307495117, 369.242248535, -388.817352295, 263.572601318, -345.203277588], [-1551.85778809, 2022.30432129, -116.830757141, 277.107696533, 35.0963287354, -152.49331665, 270.212402344, -274.902893066, 260.845672607, -342.347351074, 331.641998291, -296.34664917, 290.185913086], [290.3253479, -116.830757141, 1316.7364502, -4.51251411438, -156.425979614, 135.716827393, 114.02205658, 65.2662963867, -147.991165161, 145.369140625, -179.201446533, 102.974601746, -49.1758270264], [-181.482833862, 277.107696533, -4.51251411438, 474.825378418, -33.0795936584, 59.1324310303, 80.8203887939, -28.9761123657, 58.5922622681, -79.2339401245, 96.4158325195, -99.2198181152, 72.7602615356], [63.4925498962, 35.0963287354, -156.425979614, -33.0795936584, 411.673034668, 10.680100441, -16.9567661285, 11.2947063446, 55.0656013489, -5.8535323143, 7.15824222565, 41.2250289917, -29.5867595673], [246.929336548, -152.49331665, 135.716827393, 59.1324310303, 10.680100441, 270.352508545, 22.9348468781, 75.824256897, -35.9734992981, 54.1997261047, -56.6651306152, 0.271141856909, -9.47134399414], [-249.510513306, 270.212402344, 114.02205658, 80.8203887939, -16.9567661285, 22.9348468781, 216.616516113, -20.0445995331, 29.2335948944, -34.9091453552, 37.6751022339, -50.8609237671, 37.5210418701], [384.581420898, -274.902893066, 65.2662963867, -28.9761123657, 11.2947063446, 75.824256897, -20.0445995331, 162.715866089, -15.3753738403, 77.8487930298, -56.0744361877, 49.7336196899, -52.7966384888], [-284.307495117, 260.845672607, -147.991165161, 58.5922622681, 55.0656013489, -35.9734992981, 29.2335948944, -15.3753738403, 139.73008728, -35.0732650757, 80.531829834, -44.1467933655, 40.8656272888], [369.242248535, -342.347351074, 145.369140625, -79.2339401245, -5.8535323143, 54.1997261047, -34.9091453552, 77.8487930298, -35.0732650757, 168.456069946, -51.5807113647, 70.5335006714, -79.4146270752], [-388.817352295, 331.641998291, -179.201446533, 96.4158325195, 7.15824222565, -56.6651306152, 37.6751022339, -56.0744361877, 80.531829834, -51.5807113647, 156.57963562, -51.6088066101, 49.9811477661], [263.572601318, -296.34664917, 102.974601746, -99.2198181152, 41.2250289917, 0.271141856909, -50.8609237671, 49.7336196899, -44.1467933655, 70.5335006714, -51.6088066101, 125.111984253, -36.8710174561], [-345.203277588, 290.185913086, -49.1758270264, 72.7602615356, -29.5867595673, -9.47134399414, 37.5210418701, -52.7966384888, 40.8656272888, -79.4146270752, 49.9811477661, -36.8710174561, 123.310173035]],
        "icov": [[0.000398725416744, -7.32550543034e-05, 0.000131840497488, -0.000237006664975, 1.08075334992e-06, -3.96131908929e-05, 0.000143699202454, -0.000425406760769, 0.000373339105863, -0.000332824711222, 0.000654356786981, -0.000331344403094, 0.000550007622223], [-7.32550543034e-05, 0.00221571186557, -0.00097107590409, 0.00078816578025, -0.000802422291599, 0.000356271106284, -0.00053538614884, 0.000531852419954, -0.00118148687761, 0.00170023518149, -0.00295604229905, 0.00337326084264, -0.00235282769427], [0.000131840497488, -0.00097107590409, 0.0017189476639, -0.000763649761211, 0.000756797846407, -0.000300240761135, -0.000791555212345, 0.000128914718516, 0.000942541111726, -0.00162970891688, 0.00273109064437, -0.0025427620858, 0.00101576827001], [-0.000237006664975, 0.00078816578025, -0.000763649761211, 0.00351833901368, -0.00025729558547, -0.000799346133135, -0.000252820580499, -0.00016857231094, -0.000655551557429, 0.00162986642681, -0.00324987643398, 0.00288184429519, -0.00157133839093], [1.08075334992e-06, -0.000802422291599, 0.000756797846407, -0.00025729558547, 0.00358917796984, -0.0010558393551, -0.0001184434077, 0.000565321184695, -0.0018720390508, 0.000739412091207, 0.00147270469461, -0.00384135055356, 0.00275423424318], [-3.96131908929e-05, 0.000356271106284, -0.000300240761135, -0.000799346133135, -0.0010558393551, 0.00572536885738, -0.000515376334079, -0.00223111803643, 0.00159915932454, -0.00207652547397, 0.00104103365447, 0.00294634024613, -0.0026176921092], [0.000143699202454, -0.00053538614884, -0.000791555212345, -0.000252820580499, -0.0001184434077, -0.000515376334079, 0.00642666686326, -0.000676397583447, -7.13867630111e-05, 0.000155870788149, -0.000677123549394, 0.00141016498674, 2.73908244708e-06], [-0.000425406760769, 0.000531852419954, 0.000128914718516, -0.00016857231094, 0.000565321184695, -0.00223111803643, -0.000676397583447, 0.0108212195337, -0.00340966740623, -0.00108824798372, 0.00134671432897, -0.00237980741076, 0.00168334529735], [0.000373339105863, -0.00118148687761, 0.000942541111726, -0.000655551557429, -0.0018720390508, 0.00159915932454, -7.13867630111e-05, -0.00340966740623, 0.0141869625077, -0.00312021374702, -0.0025441381149, 0.00211970251985, -0.00222236290574], [-0.000332824711222, 0.00170023518149, -0.00162970891688, 0.00162986642681, 0.000739412091207, -0.00207652547397, 0.000155870788149, -0.00108824798372, -0.00312021374702, 0.0145695768297, -0.00422756373882, -0.00212663388811, 0.00445487257093], [0.000654356786981, -0.00295604229905, 0.00273109064437, -0.00324987643398, 0.00147270469461, 0.00104103365447, -0.000677123549394, 0.00134671432897, -0.0025441381149, -0.00422756373882, 0.0178735796362, -0.00493450369686, 0.00241139554419], [-0.000331344403094, 0.00337326084264, -0.0025427620858, 0.00288184429519, -0.00384135055356, 0.00294634024613, 0.00141016498674, -0.00237980741076, 0.00211970251985, -0.00212663388811, -0.00493450369686, 0.0215857047588, -0.00734143704176], [0.000550007622223, -0.00235282769427, 0.00101576827001, -0.00157133839093, 0.00275423424318, -0.0026176921092, 2.73908244708e-06, 0.00168334529735, -0.00222236290574, 0.00445487257093, 0.00241139554419, -0.00734143704176, 0.0181312039495]]
    },
    "melbands": {
        "dmean": [0.000341887847753, 0.000705810612999, 0.00113418500405, 0.00064258632483, 0.000223719762289, 0.000145768615766, 0.000141057156725, 0.000102540412627, 6.80461453157e-05, 5.09123274242e-05, 5.74953301111e-05, 3.95731185563e-05, 2.92733275273e-05, 2.65257385763e-05, 3.04118566419e-05, 4.67884419777e-05, 4.38451534137e-05, 2.60170072579e-05, 1.86179349839e-05, 3.11615331157e-05, 4.14310234191e-05, 4.68702273793e-05, 1.75156546902e-05, 6.35502919977e-06, 4.74258968097e-06, 3.7948618683e-06, 1.69378961346e-06, 1.09328698272e-06, 6.80659127283e-07, 6.89023067935e-07, 7.69768348619e-07, 4.70408423325e-07, 4.62724898398e-07, 5.3478350992e-07, 3.55766616167e-07, 3.80777237297e-07, 3.68171868104e-07, 3.09362889084e-07, 3.09041467972e-07, 3.16942077916e-07],
        "dmean2": [0.000573768222239, 0.00116715568583, 0.00174444250297, 0.00100725924131, 0.000356134056346, 0.000219618770643, 0.000233280326938, 0.000158183189342, 0.000103460552054, 7.78190806159e-05, 8.28386982903e-05, 5.64911133552e-05, 4.23115270678e-05, 4.0085582441e-05, 4.6647801355e-05, 7.43746786611e-05, 6.81417877786e-05, 4.02284858865e-05, 2.92608856398e-05, 5.06331307406e-05, 6.41509759589e-05, 7.26910220692e-05, 2.67590439762e-05, 9.67842606769e-06, 7.43809823689e-06, 6.25757411399e-06, 2.71276053354e-06, 1.71793840309e-06, 1.03714398847e-06, 1.06482798401e-06, 1.18830746487e-06, 7.10628341949e-07, 6.87749434292e-07, 8.30408339425e-07, 5.45443526789e-07, 5.81666085964e-07, 5.67029815102e-07, 5.00850262597e-07, 4.95822632729e-07, 4.91798118674e-07],
        "dvar": [4.83059750422e-07, 2.08870460483e-06, 3.62029913958e-06, 7.85568602168e-07, 1.12143339948e-07, 1.28354272988e-07, 8.01034474307e-08, 5.44038449846e-08, 3.16387662735e-08, 1.24380026278e-08, 3.87234138088e-08, 1.50197418947e-08, 4.50764581217e-09, 2.18709783617e-09, 3.19836179763e-09, 8.99627838891e-09, 8.28057888924e-09, 2.48005682657e-09, 1.44086187426e-09, 7.26993532041e-09, 1.13506386512e-08, 2.6835110134e-08, 2.25624674499e-09, 2.49381210127e-10, 1.03594209599e-10, 7.43764008715e-11, 8.38592129765e-12, 3.81892217502e-12, 1.55814066077e-12, 1.5654212952e-12, 2.65005140228e-12, 8.75421696939e-13, 1.06804756012e-12, 2.24996605548e-12, 8.83787021431e-13, 4.64578679346e-13, 1.32517597156e-12, 1.13323087893e-12, 3.59003083338e-13, 4.92057187097e-13],
        "dvar2": [1.26505403841e-06, 5.62797004022e-06, 8.18762327981e-06, 1.82705593943e-06, 2.86155568574e-07, 2.54266296906e-07, 2.057546169e-07, 1.26500751207e-07, 6.87193946192e-08, 2.81901009203e-08, 6.50769180766e-08, 3.00147107168e-08, 8.82182416007e-09, 5.3217199536e-09, 6.40900221782e-09, 2.20047091659e-08, 2.00251886184e-08, 5.41471756321e-09, 3.39104277991e-09, 1.77384169575e-08, 2.55510155256e-08, 6.22377598347e-08, 5.13402120816e-09, 5.29423671569e-10, 2.41281439273e-10, 2.11454839749e-10, 2.02740203098e-11, 1.07359685378e-11, 3.57191316455e-12, 3.66816169453e-12, 6.57611855595e-12, 1.98376276343e-12, 2.16726701689e-12, 5.74209950421e-12, 2.18754506696e-12, 1.05554389014e-12, 2.52803594031e-12, 2.78238651737e-12, 8.75531851879e-13, 1.24531255533e-12],
        "max": [0.00664396723732, 0.012736139819, 0.0226542372257, 0.0178156681359, 0.0053329365328, 0.0108250686899, 0.0042044557631, 0.00446285959333, 0.00347701646388, 0.00251835607924, 0.00700573436916, 0.00338559597731, 0.001618300681, 0.000909306807443, 0.0013649148168, 0.0013237252133, 0.00182235927787, 0.000871458731126, 0.000779279100243, 0.00131421384867, 0.00211830087937, 0.00464798882604, 0.00109727517702, 0.000277058017673, 0.000178967224201, 0.000180433620699, 4.30444160884e-05, 2.78657189483e-05, 1.8573467969e-05, 1.76727044163e-05, 3.49364418071e-05, 1.51128124344e-05, 2.36586693063e-05, 2.91633023153e-05, 2.20675538003e-05, 1.17069284897e-05, 3.44976688211e-05, 3.46716587956e-05, 6.75050887367e-06, 1.52230732056e-05],
        "mean": [0.000685256149154, 0.00146746158134, 0.00201251311228, 0.0015959974844, 0.00056231993949, 0.000380748271709, 0.000267116702162, 0.00019157071074, 0.000112574576633, 8.71669471962e-05, 0.000106422776298, 7.14719135431e-05, 5.60712869628e-05, 4.99871239299e-05, 5.84417030041e-05, 8.55059115565e-05, 8.73425015016e-05, 5.24994393345e-05, 3.34563665092e-05, 5.20108696946e-05, 7.51529660192e-05, 7.68356767367e-05, 2.96398666251e-05, 1.03171933006e-05, 8.54119025462e-06, 6.54249788568e-06, 3.18741467709e-06, 2.11008818951e-06, 1.27585576593e-06, 1.321439413e-06, 1.33455171181e-06, 7.77513719186e-07, 8.38418088733e-07, 8.70865619618e-07, 6.10339156992e-07, 7.21452693142e-07, 6.10068184415e-07, 5.66317282846e-07, 5.41005078958e-07, 5.32876754278e-07],
        "median": [0.000321328057908, 0.000784792006016, 0.000901655643247, 0.000869206618518, 0.00029670537333, 0.000125875492813, 0.000131797685754, 9.76274968707e-05, 4.66550700366e-05, 4.21674558311e-05, 3.42493221979e-05, 2.85631140287e-05, 2.56406237895e-05, 2.39638156927e-05, 2.62211578956e-05, 3.26709487126e-05, 2.99865114357e-05, 1.97749941435e-05, 1.49210527525e-05, 1.3465376469e-05, 1.82015228347e-05, 1.89005932043e-05, 7.00197051628e-06, 3.34843434757e-06, 3.64570087186e-06, 2.78557877209e-06, 1.73319926944e-06, 8.78134471805e-07, 6.4808358502e-07, 6.92808214353e-07, 6.81776157307e-07, 4.21627134983e-07, 5.00814962834e-07, 4.61375151417e-07, 3.54601269237e-07, 3.92185711462e-07, 2.81083146092e-07, 2.69128179298e-07, 2.28344546827e-07, 2.01302768232e-07],
        "min": [3.32939652239e-24, 3.45851766978e-24, 6.40313663602e-24, 1.00256971422e-23, 4.15466375281e-24, 1.38929891224e-23, 1.51266618708e-23, 9.19400818956e-24, 4.68646249915e-24, 1.00166875618e-23, 7.5770018949e-24, 4.03536116267e-24, 1.18552588523e-23, 1.21063651114e-23, 6.26093617482e-24, 9.19952863818e-24, 6.43736452184e-24, 8.10634807269e-24, 8.92493404568e-24, 1.16787472805e-23, 1.80153269331e-23, 1.01170780006e-23, 1.27973962203e-23, 1.01802555039e-23, 7.91187177144e-24, 9.16680037694e-24, 9.61324042903e-24, 1.43056943268e-23, 1.2822833829e-23, 1.09696410016e-23, 9.96918156922e-24, 1.84691428346e-23, 1.02916907842e-23, 1.55190744172e-23, 1.33463100928e-23, 9.8808922567e-24, 9.75083985901e-24, 1.19530365838e-23, 1.07393890695e-23, 1.06568963069e-23],
        "var": [8.21269566131e-07, 3.67143502444e-06, 8.06350999483e-06, 4.49443177786e-06, 5.06302512804e-07, 8.57866041315e-07, 1.71382083636e-07, 1.2392453641e-07, 5.15458928874e-08, 2.20884270874e-08, 1.24130721701e-07, 2.92225639242e-08, 1.12156159915e-08, 4.89946128113e-09, 8.00975819004e-09, 2.03756034267e-08, 2.87638250995e-08, 7.12050951535e-09, 2.99854496788e-09, 1.30024053746e-08, 2.78614358251e-08, 4.37012879217e-08, 6.64931487648e-09, 5.07799302607e-10, 2.29045490907e-10, 1.4714465757e-10, 1.87380267552e-11, 1.09497402465e-11, 3.2996515676e-12, 3.12569263007e-12, 3.91309467468e-12, 1.33795307732e-12, 1.82260608515e-12, 2.66309066813e-12, 1.0067275789e-12, 9.40440650701e-13, 2.12834892939e-12, 1.59777638169e-12, 6.15428714934e-13, 6.81614107604e-13]
    },
    "mfcc": {
        "mean": [-652.111083984, 139.556869507, -6.46948289871, 15.5386533737, 19.0741882324, 5.87892866135, -5.76978874207, 0.487741976976, -4.83910036087, -3.68817615509, -4.05139064789, -1.87924206257, -3.97697472572],
        "cov": [[3328.24804688, -1077.51452637, -210.627716064, -190.879577637, 152.941390991, -66.0082092285, 31.7721290588, 11.1190843582, 106.284347534, -6.98046398163, 120.748321533, 87.7970123291, 7.09113168716], [-1077.51452637, 1379.61962891, 91.4123458862, 147.366195679, -10.1223011017, 43.5013275146, 21.5464706421, 34.4140052795, -39.2208633423, 24.7760734558, -50.9916648865, -45.2399406433, 16.9682483673], [-210.627716064, 91.4123458862, 1183.28344727, 99.1320495605, -192.059997559, 111.024223328, 148.289230347, -5.32886981964, 65.4076843262, 58.3728485107, -17.4472694397, -98.6038208008, -25.9730415344], [-190.879577637, 147.366195679, 99.1320495605, 335.726867676, 3.95298886299, 33.1015167236, 25.5660552979, 40.1307792664, -29.9962711334, 36.4351921082, -17.0241241455, -12.7859840393, 12.9147624969], [152.941390991, -10.1223011017, -192.059997559, 3.95298886299, 296.157470703, 44.3972663879, -19.2018070221, 39.6610527039, 31.5746498108, -23.0894165039, 31.105922699, 41.2957115173, 21.8677005768], [-66.0082092285, 43.5013275146, 111.024223328, 33.1015167236, 44.3972663879, 171.867431641, 80.0916595459, 18.4861373901, 41.4036903381, 20.8466529846, 0.626522004604, 3.62583756447, -4.93365764618], [31.7721290588, 21.5464706421, 148.289230347, 25.5660552979, -19.2018070221, 80.0916595459, 155.461532593, 42.6128768921, 39.8563957214, 25.2411899567, 14.2324018478, -5.35622835159, -3.84845924377], [11.1190843582, 34.4140052795, -5.32886981964, 40.1307792664, 39.6610527039, 18.4861373901, 42.6128768921, 99.1064987183, 37.9061546326, 8.83399772644, 1.86979627609, 9.75977993011, 1.95796358585], [106.284347534, -39.2208633423, 65.4076843262, -29.9962711334, 31.5746498108, 41.4036903381, 39.8563957214, 37.9061546326, 119.547599792, 22.7548007965, 8.57346057892, 4.17538928986, -5.36365795135], [-6.98046398163, 24.7760734558, 58.3728485107, 36.4351921082, -23.0894165039, 20.8466529846, 25.2411899567, 8.83399772644, 22.7548007965, 94.7849121094, 29.84897995, 3.43403506279, 3.42189478874], [120.748321533, -50.9916648865, -17.4472694397, -17.0241241455, 31.105922699, 0.626522004604, 14.2324018478, 1.86979627609, 8.57346057892, 29.84897995, 95.7247009277, 41.8681869507, 13.4142541885], [87.7970123291, -45.2399406433, -98.6038208008, -12.7859840393, 41.2957115173, 3.62583756447, -5.35622835159, 9.75977993011, 4.17538928986, 3.43403506279, 41.8681869507, 82.7923583984, 29.8117618561], [7.09113168716, 16.9682483673, -25.9730415344, 12.9147624969, 21.8677005768, -4.93365764618, -3.84845924377, 1.95796358585, -5.36365795135, 3.42189478874, 13.4142541885, 29.8117618561, 72.7613143921]],
