{
"lowlevel": {
    "average_loudness": 0.335321515799,
    "barkbands_crest": {
        "dmean": 1.63217961788,
        "dmean2": 2.45337581635,
        "dvar": 3.98207736015,
        "dvar2": 9.75457000732,
        "max": 25.3290805817,
        "mean": 15.3895664215,
        "median": 14.627117157,
        "min": 2.47614121437,
        "var": 23.8101940155
    },
    "barkbands_flatness_db": {
        "dmean": 0.0170045997947,
        "dmean2": 0.0237401407212,
        "dvar": 0.000651142618153,
        "dvar2": 0.00118973862845,
        "max": 0.401201307774,
        "mean": 0.277726262808,
        "median": 0.286838054657,
        "min": 0.0483893826604,
        "var": 0.00445559574291
    },
    "barkbands_kurtosis": {
        "dmean": 8.77360534668,
        "dmean2": 13.9064588547,
        "dvar": 181.360153198,
        "dvar2": 485.365356445,
        "max": 233.482620239,
        "mean": 32.2936820984,
        "median": 25.0819759369,
        "min": -1.71221780777,
        "var": 862.321472168
    },
    "barkbands_skewness": {
        "dmean": 0.693321406841,
        "dmean2": 1.06652402878,
        "dvar": 0.687403202057,
        "dvar2": 1.75579416752,
        "max": 11.9533843994,
        "mean": 3.74067425728,
        "median": 3.52714300156,
        "min": -1.61032235622,
        "var": 3.58228731155
    },
    "barkbands_spread": {
        "dmean": 2.05483293533,
        "dmean2": 2.87447214127,
        "dvar": 52.8718299866,
        "dvar2": 98.7682342529,
        "max": 75.4525375366,
        "mean": 5.36904382706,
        "median": 3.01887893677,
        "min": 0.598992288113,
        "var": 95.3123016357
    },
    "dissonance": {
        "dmean": 0.0208164900541,
        "dmean2": 0.0344562381506,
        "dvar": 0.000458347698441,
        "dvar2": 0.00130759144668,
        "max": 0.499678462744,
        "mean": 0.441120654345,
        "median": 0.44736045599,
        "min": 0.206936463714,
        "var": 0.00132612569723
    },
    "dynamic_complexity": 4.33164405823,
    "erbbands_crest": {
        "dmean": 1.6684371233,
        "dmean2": 2.68155837059,
        "dvar": 2.62450551987,
        "dvar2": 6.92969989777,
        "max": 22.6578273773,
        "mean": 9.91787338257,
        "median": 9.49524116516,
        "min": 2.82354211807,
        "var": 11.7491846085
    },
    "erbbands_flatness_db": {
        "dmean": 0.0121449073777,
        "dmean2": 0.0188309177756,
        "dvar": 0.000153422530275,
        "dvar2": 0.000377318676328,
        "max": 0.291193038225,
        "mean": 0.173230871558,
        "median": 0.167224377394,
        "min": 0.072322897613,
        "var": 0.00129378726706
    },
    "erbbands_kurtosis": {
        "dmean": 1.62985169888,
        "dmean2": 2.4984896183,
        "dvar": 3.32661890984,
        "dvar2": 7.94426107407,
        "max": 39.9807319641,
        "mean": 4.75463342667,
        "median": 3.67803764343,
        "min": -1.58146750927,
        "var": 25.420923233
    },
    "erbbands_skewness": {
        "dmean": 0.335487991571,
        "dmean2": 0.499625325203,
        "dvar": 0.16999347508,
        "dvar2": 0.350777983665,
        "max": 5.28455781937,
        "mean": 1.74519515038,
        "median": 1.8421421051,
        "min": -1.42430067062,
        "var": 0.960186362267
    },
    "erbbands_spread": {
        "dmean": 5.78027963638,
        "dmean2": 8.9454202652,
        "dvar": 45.5189628601,
        "dvar2": 120.981933594,
        "max": 102.066825867,
        "mean": 30.2031784058,
        "median": 27.5897579193,
        "min": 4.44242763519,
        "var": 206.102325439
    },
    "hfc": {
        "dmean": 4.7913608551,
        "dmean2": 7.57155561447,
        "dvar": 373.320709229,
        "dvar2": 914.083435059,
        "max": 261.337188721,
        "mean": 8.09454727173,
        "median": 2.82320189476,
        "min": 1.18780316931e-16,
        "var": 366.286743164
    },
    "melbands_crest": {
        "dmean": 1.60780763626,
        "dmean2": 2.55257582664,
        "dvar": 3.84810090065,
        "dvar2": 9.00385284424,
        "max": 29.9779949188,
        "mean": 19.0229740143,
        "median": 19.4279689789,
        "min": 2.43516755104,
        "var": 21.4744777679
    },
    "melbands_flatness_db": {
        "dmean": 0.0207306183875,
        "dmean2": 0.0278791803867,
        "dvar": 0.00128063862212,
        "dvar2": 0.00219594524242,
        "max": 0.525431036949,
        "mean": 0.3768235147,
        "median": 0.391231566668,
        "min": 0.00876347813755,
        "var": 0.00750250415877
    },
    "melbands_kurtosis": {
        "dmean": 14.0422563553,
        "dmean2": 21.7817783356,
        "dvar": 358.661346436,
        "dvar2": 952.562927246,
        "max": 302.662902832,
        "mean": 47.5529441833,
        "median": 39.0244255066,
        "min": -1.23888754845,
        "var": 1452.69750977
    },
    "melbands_skewness": {
        "dmean": 0.739684760571,
        "dmean2": 1.13561737537,
        "dvar": 0.613882899284,
        "dvar2": 1.65206694603,
        "max": 11.1451263428,
        "mean": 4.06782388687,
        "median": 3.92846035957,
        "min": 0.0821293070912,
        "var": 2.9717259407
    },
    "melbands_spread": {
        "dmean": 2.56789040565,
        "dmean2": 3.56409287453,
        "dvar": 111.449790955,
        "dvar2": 220.578857422,
        "max": 127.738143921,
        "mean": 5.14460992813,
        "median": 2.44380426407,
        "min": 0.600024044514,
        "var": 160.916473389
    },
    "pitch_salience": {
        "dmean": 0.0460849553347,
        "dmean2": 0.0731702819467,
        "dvar": 0.00296732946299,
        "dvar2": 0.00741316378117,
        "max": 0.895009934902,
        "mean": 0.433962106705,
        "median": 0.440233051777,
        "min": 0.138570308685,
        "var": 0.0145147442818
    },
    "silence_rate_20dB": {
        "dmean": 0.0072164949961,
        "dmean2": 0.0144404331222,
        "dvar": 0.00716440938413,
        "dvar2": 0.0193892847747,
        "max": 1,
        "mean": 0.99381762743,
        "median": 1,
        "min": 0,
        "var": 0.00614409521222
    },
    "silence_rate_30dB": {
        "dmean": 0.0257731955498,
        "dmean2": 0.0515729747713,
        "dvar": 0.0251086801291,
        "dvar2": 0.0509769059718,
        "max": 1,
        "mean": 0.891293168068,
        "median": 1,
        "min": 0,
        "var": 0.096888512373
    },
    "silence_rate_60dB": {
        "dmean": 0.011340206489,
        "dmean2": 0.0221763793379,
        "dvar": 0.0112114464864,
        "dvar2": 0.0268421396613,
        "max": 1,
        "mean": 0.0242143217474,
        "median": 0,
        "min": 0,
        "var": 0.0236278399825
    },
    "spectral_centroid": {
        "dmean": 112.490722656,
        "dmean2": 154.944702148,
        "dvar": 182773.390625,
        "dvar2": 271929.40625,
        "max": 11404.5107422,
        "mean": 444.320617676,
        "median": 316.089019775,
        "min": 181.087234497,
        "var": 318450.875
    },
    "spectral_complexity": {
        "dmean": 2.20515465736,
        "dmean2": 3.00825166702,
        "dvar": 29.2428398132,
        "dvar2": 46.1190757751,
        "max": 67,
        "mean": 7.72849035263,
        "median": 5,
        "min": 0,
        "var": 65.5730514526
    },
    "spectral_decrease": {
        "dmean": 3.10649683755e-09,
        "dmean2": 4.97668706245e-09,
        "dvar": 1.45828289164e-16,
        "dvar2": 3.83676940698e-16,
        "max": -9.77575859161e-29,
        "mean": -1.10446007895e-08,
        "median": -5.18848297659e-09,
        "min": -1.71290963635e-07,
        "var": 2.87945700515e-16
    },
    "spectral_energy": {
        "dmean": 0.0121436938643,
        "dmean2": 0.0194270163774,
        "dvar": 0.00213306047954,
        "dvar2": 0.00561437569559,
        "max": 0.655097544193,
        "mean": 0.0424190536141,
        "median": 0.0200281348079,
        "min": 1.11426786131e-20,
        "var": 0.00419919844717
    },
    "spectral_energyband_high": {
        "dmean": 0.000362682330888,
        "dmean2": 0.000576170219574,
        "dvar": 4.39717632617e-06,
        "dvar2": 1.10576229417e-05,
        "max": 0.0299151316285,
        "mean": 0.000293906690786,
        "median": 1.57778340508e-05,
        "min": 8.01542133311e-21,
        "var": 3.51895369022e-06
    },
    "spectral_energyband_low": {
        "dmean": 0.00915009249002,
        "dmean2": 0.0143882725388,
        "dvar": 0.00129041902255,
        "dvar2": 0.00328689976595,
        "max": 0.534995913506,
        "mean": 0.0329523272812,
        "median": 0.0140534667298,
        "min": 2.75476949198e-23,
        "var": 0.00284757255577
    },
    "spectral_energyband_middle_high": {
        "dmean": 0.000565777067095,
        "dmean2": 0.000831997662317,
        "dvar": 6.10216648056e-06,
        "dvar2": 1.4037343135e-05,
        "max": 0.0326722636819,
        "mean": 0.000731997308321,
        "median": 7.1597060014e-05,
        "min": 1.6342486799e-21,
        "var": 6.89698799761e-06
    },
    "spectral_energyband_middle_low": {
        "dmean": 0.00421486049891,
        "dmean2": 0.00725588621572,
        "dvar": 0.000278930790955,
        "dvar2": 0.00078133190982,
        "max": 0.262014269829,
        "mean": 0.00946130044758,
        "median": 0.00384290958755,
        "min": 4.80692657654e-22,
        "var": 0.000315749290166
    },
    "spectral_entropy": {
        "dmean": 0.168160989881,
        "dmean2": 0.250209420919,
        "dvar": 0.044922593981,
        "dvar2": 0.0891460925341,
        "max": 9.79501438141,
        "mean": 6.74982833862,
        "median": 6.73625993729,
        "min": 5.56148386002,
        "var": 0.285090088844
    },
    "spectral_flux": {
        "dmean": 0.021301291883,
        "dmean2": 0.0334026478231,
        "dvar": 0.00305919558741,
        "dvar2": 0.00682193087414,
        "max": 0.741773366928,
        "mean": 0.0474068522453,
        "median": 0.0251155532897,
        "min": 1.05558888019e-10,
        "var": 0.00478799967095
    },
    "spectral_kurtosis": {
        "dmean": 2.66603684425,
        "dmean2": 4.43581819534,
        "dvar": 12.7369432449,
        "dvar2": 35.506729126,
        "max": 47.682975769,
        "mean": 8.14764213562,
        "median": 5.62559890747,
        "min": -1.15361440182,
        "var": 56.0805740356
    },
    "spectral_rms": {
        "dmean": 0.000655529845972,
        "dmean2": 0.000989757711068,
        "dvar": 2.96319149129e-06,
        "dvar2": 7.10120639269e-06,
        "max": 0.0252808127552,
        "mean": 0.00540080061182,
        "median": 0.00442036706954,
        "min": 3.29710564406e-12,
        "var": 1.22158189697e-05
    },
    "spectral_rolloff": {
        "dmean": 163.718078613,
        "dmean2": 242.827362061,
        "dvar": 550840.25,
        "dvar2": 926555.375,
        "max": 18583.1542969,
        "mean": 363.335845947,
        "median": 215.33203125,
        "min": 64.599609375,
        "var": 715525.3125
    },
    "spectral_skewness": {
        "dmean": 0.283891677856,
        "dmean2": 0.449785917997,
        "dvar": 0.0979125499725,
        "dvar2": 0.228539854288,
        "max": 5.67666912079,
        "mean": 2.23078918457,
        "median": 2.02512812614,
        "min": -0.0290458500385,
        "var": 0.746443688869
    },
    "spectral_spread": {
        "dmean": 394368.78125,
        "dmean2": 629454.25,
        "dvar": 630623305728,
        "dvar2": 1.0195084247e+12,
        "max": 38565076,
        "mean": 4076309.75,
        "median": 4177034.5,
        "min": 1491048.625,
        "var": 2.13120830669e+12
    },
    "spectral_strongpeak": {
        "dmean": 0.103163994849,
        "dmean2": 0.18381972611,
        "dvar": 0.0579587183893,
        "dvar2": 0.156900376081,
        "max": 3.79953861237,
        "mean": 0.37851524353,
        "median": 0.300579965115,
        "min": 0,
        "var": 0.0891498178244
    },
    "zerocrossingrate": {
        "dmean": 0.0052044740878,
        "dmean2": 0.00602935440838,
        "dvar": 0.000232311547734,
        "dvar2": 0.00026464468101,
        "max": 0.49658203125,
        "mean": 0.0162946563214,
        "median": 0.01123046875,
        "min": 0,
        "var": 0.000461869261926
    },
    "barkbands": {
        "dmean": [0.000148689941852, 0.00703361583874, 0.00223261257634, 0.00188252411317, 0.00206688581966, 0.000661667087115, 0.000251054036198, 0.000109647131467, 6.08611917414e-05, 4.94185333082e-05, 7.72434214014e-05, 3.13019809255e-05, 6.84034530423e-05, 3.65508058167e-05, 4.79847039969e-05, 2.19207195187e-05, 4.73481159133e-05, 0.000147136452142, 0.000100970690255, 7.78714893386e-05, 9.52896734816e-05, 8.97785794223e-05, 5.44388421986e-05, 4.64737604489e-05, 2.04192529054e-05, 7.41989481412e-07, 4.0797804246e-08],
        "dmean2": [0.000239434433752, 0.0103878648952, 0.00418003695086, 0.00336023769341, 0.00351068354212, 0.00105407158844, 0.000434445799328, 0.000171635649167, 9.66579391388e-05, 7.83292707638e-05, 0.000138821895234, 4.68549296784e-05, 0.000109076754597, 5.5187545513e-05, 7.67170131439e-05, 3.22058440361e-05, 6.5805426857e-05, 0.000239869943471, 0.000154305438627, 0.00012090618111, 0.000147661601659, 0.000146855367348, 8.95252087503e-05, 7.42746415199e-05, 3.19173595926e-05, 1.24107975807e-06, 7.09240524088e-08],
        "dvar": [8.79631727457e-07, 0.000640949583612, 0.000108244639705, 9.7671043477e-05, 3.35352851835e-05, 3.81075051337e-06, 9.27253324789e-07, 7.93029357737e-08, 2.23359393203e-08, 1.67665472617e-08, 7.21433153217e-08, 6.65276678191e-09, 6.49087255056e-08, 1.84443926798e-08, 5.07653155069e-08, 7.73112152075e-09, 4.73403822809e-08, 6.54783775644e-07, 2.73672839057e-07, 1.80933000138e-07, 3.0391501582e-07, 2.64586986987e-07, 1.039731643e-07, 7.73045982783e-08, 1.30000481491e-08, 1.19176734453e-11, 9.6509361917e-14],
        "dvar2": [2.52521385846e-06, 0.00146586529445, 0.000315328739816, 0.00027688551927, 9.12577452254e-05, 9.52925711317e-06, 2.64090590463e-06, 2.07283235909e-07, 5.26368992837e-08, 4.23467092503e-08, 2.16843574208e-07, 1.44749101594e-08, 1.51421232886e-07, 3.94388557368e-08, 1.30349135929e-07, 1.54172870026e-08, 9.81657990451e-08, 1.68307587955e-06, 5.97148300585e-07, 4.31505270626e-07, 7.4590246868e-07, 6.60427474486e-07, 2.68803887593e-07, 1.98518236516e-07, 3.09116465758e-08, 3.05064966344e-11, 2.76896100449e-13],
        "max": [0.0208075530827, 0.491306275129, 0.146816641092, 0.161795184016, 0.12546248734, 0.0772258415818, 0.0160561800003, 0.00666036922485, 0.00277976086363, 0.00207941210829, 0.00312829855829, 0.00144160201307, 0.00376203702763, 0.00221050274558, 0.00302027235739, 0.00151037366595, 0.00306000304408, 0.0100464941934, 0.0069179115817, 0.00680684065446, 0.00952075328678, 0.00710237259045, 0.0048706671223, 0.00428835302591, 0.00168263132218, 4.78364454466e-05, 8.79920389707e-06],
        "mean": [0.000302572530927, 0.025901991874, 0.00574961584061, 0.00198560464196, 0.0046724001877, 0.00199693464674, 0.000430464249803, 0.000222290036618, 0.000105455976154, 9.72061388893e-05, 8.53609089972e-05, 7.01819735696e-05, 8.63987588673e-05, 4.90763159178e-05, 5.11056605319e-05, 3.03606284433e-05, 5.31220503035e-05, 0.000118848154671, 9.4392504252e-05, 6.65932020638e-05, 8.08399781818e-05, 6.95352864568e-05, 4.24365098297e-05, 3.76701318601e-05, 1.77158890438e-05, 9.39075619044e-07, 4.17898391447e-08],
        "median": [0.000113885813334, 0.00993118062615, 0.00168412714265, 0.000261753302766, 0.00234152236953, 0.000389074586565, 0.000111175089842, 6.05968816672e-05, 2.22504804697e-05, 2.06310414796e-05, 8.49486605148e-06, 7.33837532607e-06, 9.40658628679e-06, 5.84093777434e-06, 3.90410650652e-06, 3.77598644263e-06, 4.06516937801e-06, 3.96131463276e-06, 5.06940295963e-06, 4.36731534137e-06, 4.09915764976e-06, 3.34440187544e-06, 2.30542309509e-06, 1.9762685497e-06, 1.09759355382e-06, 3.00779618101e-07, 1.5776851825e-08],
        "min": [1.59940507237e-23, 9.32621496639e-24, 5.37933283728e-24, 3.13729883399e-24, 8.5494106957e-23, 7.59276349356e-23, 6.04035591402e-23, 5.49994454209e-23, 1.71930328405e-22, 1.18297518238e-22, 1.58091183772e-22, 2.02484640447e-22, 9.3441495613e-23, 1.3289396934e-22, 9.27021688617e-23, 1.01360251774e-22, 1.37795547108e-22, 2.96214745556e-22, 2.48000198117e-22, 2.21406295985e-22, 6.46416405161e-22, 5.32471821398e-22, 7.3165644842e-22, 1.01125384532e-21, 1.06982493737e-21, 1.72840196787e-21, 2.3993704507e-21],
        "var": [6.74785439969e-07, 0.00179104146082, 0.000118758136523, 6.47390043014e-05, 5.13278864673e-05, 3.10717514367e-05, 1.01221587556e-06, 2.62152724417e-07, 5.07313906439e-08, 4.39288108112e-08, 5.94303060097e-08, 2.49986698009e-08, 7.18717814152e-08, 2.61196930751e-08, 4.95468164274e-08, 1.29066304311e-08, 6.11910948578e-08, 5.25718405697e-07, 2.80596992752e-07, 1.60433586416e-07, 2.5645007895e-07, 2.09748108659e-07, 7.88010865449e-08, 5.94802109788e-08, 1.12433236055e-08, 1.15093629072e-11, 5.87375878188e-14]
    },
    "erbbands": {
        "dmean": [0.202372044325, 1.61348628998, 2.73830485344, 4.29236078262, 7.67542028427, 6.63899326324, 5.23308372498, 5.84065771103, 5.86740970612, 1.87877202034, 2.46459770203, 1.20408046246, 1.52121126652, 2.19768762589, 2.49138474464, 1.53832113743, 2.988966465, 2.38640522957, 1.85293912888, 2.11733579636, 1.69607460499, 2.9381916523, 7.96959018707, 5.41119241714, 4.42362880707, 3.90800404549, 4.43773508072, 3.54367256165, 3.06724524498, 2.00270271301, 1.97228050232, 1.10768854618, 0.6690351367, 0.33570933342, 0.0845363289118, 0.00626271683723, 0.00127402844373, 0.000208193610888, 1.2812291061e-05, 1.4457483303e-05],
        "dmean2": [0.273341923952, 2.50988650322, 5.10947990417, 7.83407211304, 13.0520935059, 11.2411251068, 8.10103416443, 9.64608955383, 10.2838544846, 2.75314879417, 3.95747995377, 1.91965854168, 2.33990049362, 3.68702316284, 4.39712762833, 2.35907411575, 4.78554344177, 3.67998385429, 2.87833881378, 3.29237318039, 2.33651351929, 4.38867044449, 13.3301687241, 8.1568813324, 6.77134227753, 6.18370437622, 6.81655693054, 5.72394990921, 4.9673538208, 3.35577893257, 3.23260593414, 1.84589099884, 1.03899884224, 0.525872886181, 0.133960455656, 0.0102458819747, 0.00211069826037, 0.000347160443198, 2.10730231629e-05, 2.30475943681e-05],
        "dvar": [0.480638802052, 36.7940597534, 157.433837891, 533.815185547, 1018.39013672, 201.26864624, 132.14239502, 348.444091797, 497.759765625, 22.1021900177, 43.2178993225, 8.63544750214, 12.6704435349, 70.180229187, 57.8515701294, 17.7292766571, 108.55758667, 97.8646087646, 61.8006210327, 90.0940246582, 54.4477462769, 203.153396606, 1986.5123291, 730.595092773, 538.848632812, 460.862579346, 660.235107422, 414.096984863, 306.314758301, 139.791152954, 137.951126099, 44.3026924133, 15.4566612244, 3.52687740326, 0.232406511903, 0.000794283114374, 4.50712323072e-05, 1.090235628e-06, 3.83262133141e-09, 2.61039212468e-09],
        "dvar2": [0.81557738781, 93.0500030518, 458.079711914, 1526.04089355, 2835.92529297, 558.870666504, 311.426086426, 926.652038574, 1426.50964355, 50.5636444092, 122.9559021, 21.4300899506, 29.1712703705, 196.000213623, 164.517974854, 41.9361495972, 254.898712158, 228.784378052, 144.076293945, 227.575439453, 99.819694519, 463.12713623, 5212.34912109, 1484.39379883, 1239.70812988, 1114.8416748, 1564.17578125, 1086.22045898, 762.163696289, 356.380187988, 355.647033691, 117.695556641, 37.9074249268, 8.22029495239, 0.570061147213, 0.00200098170899, 0.000114657705126, 2.6531149615e-06, 1.05650137527e-08, 6.85150070012e-09],
        "max": [15.286485672, 106.125335693, 171.148025513, 380.162811279, 501.023651123, 285.050079346, 311.082824707, 659.153930664, 399.870574951, 112.797782898, 122.769515991, 41.2449645996, 77.0688247681, 108.603996277, 90.5909881592, 73.5206375122, 138.195449829, 176.356719971, 123.285079956, 119.903396606, 115.904556274, 189.387954712, 534.29309082, 330.422698975, 312.123138428, 320.093811035, 420.739959717, 299.973052979, 229.657287598, 178.058059692, 173.985458374, 99.5910644531, 62.5558547974, 28.6867046356, 7.16074991226, 0.35083475709, 0.101215519011, 0.0181750133634, 0.00154960108921, 0.000713031098712],
        "mean": [0.752813160419, 5.76148748398, 7.52946710587, 6.871925354, 12.8285627365, 13.9616174698, 14.5013828278, 16.0701332092, 10.3823747635, 4.17476606369, 4.86547660828, 2.34176063538, 3.48804807663, 2.91905379295, 3.30263733864, 3.4680492878, 4.08933877945, 3.08335542679, 2.23318219185, 2.41376519203, 2.27784729004, 3.00498533249, 6.3510890007, 5.27322101593, 3.96417355537, 3.26853060722, 3.81048154831, 2.78979086876, 2.38710331917, 1.5840754509, 1.510201931, 0.846888363361, 0.575899064541, 0.295443505049, 0.0731659382582, 0.00748938508332, 0.00143215095159, 0.000232463600696, 2.68068306468e-05, 4.72119754704e-05],
        "median": [0.243480086327, 2.18684840202, 2.88462805748, 1.36971879005, 5.02044248581, 7.5215511322, 5.81541109085, 2.60277271271, 2.27198243141, 1.16359758377, 1.33849489689, 0.545961141586, 0.853534758091, 0.358200669289, 0.368918329477, 0.362019717693, 0.474348306656, 0.320657849312, 0.207343816757, 0.242799133062, 0.201540902257, 0.230965018272, 0.221900090575, 0.2764313519, 0.215208351612, 0.198223590851, 0.177839502692, 0.149288490415, 0.107067547739, 0.106737487018, 0.0638354718685, 0.0438709296286, 0.0315162017941, 0.0168099310249, 0.00544358836487, 0.00195472338237, 0.000378627097234, 6.69585569995e-05, 1.18320813272e-05, 2.22495527851e-05],
        "min": [6.56248716997e-22, 8.42723065652e-22, 6.00995021075e-21, 1.33283507088e-20, 1.35600273578e-19, 3.10957975172e-19, 2.34569758457e-19, 7.6527183057e-19, 1.17545632407e-18, 7.95129431768e-19, 1.05798933586e-18, 2.20928299046e-18, 5.52707981878e-18, 5.6635671014e-18, 7.73160920906e-18, 6.61486368332e-18, 3.93000002392e-18, 6.55824234321e-18, 5.0352022442e-18, 5.52751987887e-18, 5.53876581289e-18, 8.200064751e-18, 1.7974328654e-17, 1.48625330922e-17, 9.70978186548e-18, 1.26150114031e-17, 2.5305153967e-17, 2.3145785743e-17, 1.80593760558e-17, 1.86153919743e-17, 2.23185306842e-17, 1.97215227048e-17, 1.70323651509e-17, 1.07360193565e-17, 8.6212659461e-18, 6.06100008877e-18, 2.95468046264e-18, 1.53847839117e-18, 3.05560854319e-19, 3.61124017168e-20],
        "var": [1.70804965496, 88.1390380859, 164.217041016, 416.686798096, 919.825744629, 398.426605225, 677.178710938, 2180.68408203, 617.261291504, 79.1103973389, 93.3652496338, 19.7595424652, 51.5257415771, 66.5632858276, 68.094619751, 62.8222999573, 131.964004517, 113.368141174, 74.1665039062, 96.361869812, 88.7400588989, 219.956161499, 1531.05871582, 825.513549805, 512.042358398, 398.048095703, 578.968261719, 315.026123047, 245.203186035, 107.071182251, 104.555397034, 31.8391914368, 12.8779582977, 3.14375662804, 0.192296296358, 0.00073576415889, 4.04130514653e-05, 9.9022008726e-07, 3.09032044399e-09, 5.03532815443e-09]
    },
    "gfcc": {
        "mean": [-101.31603241, 140.926422119, -62.1974067688, 56.3112602234, -48.8243560791, 15.1043891907, -31.0569076538, 0.991842925549, -17.8277397156, -1.2790389061, -3.32703185081, -3.71157169342, -1.44931280613],
        "cov": [[3923.02368164, -28.3866024017, -683.666015625, -328.456665039, -21.528131485, 264.257385254, 43.7776107788, 12.7275886536, -35.9600601196, 9.38763332367, 124.371917725, 74.5593566895, -23.2656116486], [-28.3866024017, 884.084777832, 336.587860107, -394.871063232, 99.3708190918, -70.1483840942, 141.835708618, -99.7761993408, 121.418930054, -11.8081731796, 96.3728561401, -18.2142219543, 47.9870948792], [-683.666015625, 336.587860107, 606.313659668, -27.7819576263, 113.681312561, -77.7974014282, 127.475692749, -12.7941303253, 76.7407989502, 26.9268550873, 17.7386932373, -2.51239204407, -5.84644699097], [-328.456665039, -394.871063232, -27.7819576263, 398.393371582, 9.27909183502, 16.0503120422, -50.2190628052, 54.9000396729, -18.8655910492, -16.3973731995, -29.7810211182, -22.8069801331, 18.3189888], [-21.528131485, 99.3708190918, 113.681312561, 9.27909183502, 158.561233521, 39.5237998962, 66.7991714478, -4.99756717682, 29.0310916901, -3.44998908043, 18.7110176086, -2.68907809258, -0.227615863085], [264.257385254, -70.1483840942, -77.7974014282, 16.0503120422, 39.5237998962, 89.4778213501, 20.5601177216, 14.7475299835, -7.66153335571, -10.9556980133, 7.24776554108, -0.283583074808, 1.23265910149], [43.7776107788, 141.835708618, 127.475692749, -50.2190628052, 66.7991714478, 20.5601177216, 123.526191711, 14.5402202606, 39.3218307495, -4.10999774933, 18.1699466705, -5.34571409225, -3.87303876877], [12.7275886536, -99.7761993408, -12.7941303253, 54.9000396729, -4.99756717682, 14.7475299835, 14.5402202606, 64.5276031494, 16.7349433899, 6.68679857254, -22.5022373199, -9.70982646942, -11.4955272675], [-35.9600601196, 121.418930054, 76.7407989502, -18.8655910492, 29.0310916901, -7.66153335571, 39.3218307495, 16.7349433899, 75.1835174561, 10.8472929001, 20.87940979, -18.1248474121, 9.3190202713], [9.38763332367, -11.8081731796, 26.9268550873, -16.3973731995, -3.44998908043, -10.9556980133, -4.10999774933, 6.68679857254, 10.8472929001, 47.4822273254, 6.38064050674, 3.66237568855, -18.6598358154], [124.371917725, 96.3728561401, 17.7386932373, -29.7810211182, 18.7110176086, 7.24776554108, 18.1699466705, -22.5022373199, 20.87940979, 6.38064050674, 74.0135650635, 17.57472229, 30.3486328125], [74.5593566895, -18.2142219543, -2.51239204407, -22.8069801331, -2.68907809258, -0.283583074808, -5.34571409225, -9.70982646942, -18.1248474121, 3.66237568855, 17.57472229, 48.4751853943, 16.3785552979], [-23.2656116486, 47.9870948792, -5.84644699097, 18.3189888, -0.227615863085, 1.23265910149, -3.87303876877, -11.4955272675, 9.3190202713, -18.6598358154, 30.3486328125, 16.3785552979, 70.9371490479]],
        "icov": [[0.000488309888169, -0.000312984833727, 0.000611100695096, 4.41960801254e-05, 0.000264153030002, -0.00115818169434, -0.000281834625639, -0.000337957695592, 2.56166258623e-05, -0.000290654221317, -0.000601928681135, -0.000910601054784, 0.000749595579691], [-0.000312984833727, 0.00951127242297, -0.00288765341975, 0.00839151442051, -0.00333326868713, 0.00594308273867, -0.00149549706839, 0.00551446806639, -0.00550646614283, 0.00564786046743, -0.00406417902559, 0.009851064533, -0.00657049939036], [0.000611100695096, -0.00288765341975, 0.00494848191738, -0.00291137816384, -0.000646142405458, 0.001212263247, -0.00353804090992, 5.86888127145e-05, -3.81448153348e-05, -0.00359258055687, 0.00172142556403, -0.00476751290262, 0.00253101717681], [4.41960801254e-05, 0.00839151442051, -0.00291137816384, 0.0117324171588, -0.00454137613997, 0.00477916700765, 0.0016660336405, -0.00108028447721, -0.00162219034974, 0.00598007021472, -0.00528813851997, 0.0116788400337, -0.00776158040389], [0.000264153030002, -0.00333326868713, -0.000646142405458, -0.00454137613997, 0.0130250668153, -0.00954063981771, -0.00303775561042, 0.00395476305857, -0.00262297992595, -0.00166829093359, 0.00227608112618, -0.00588299753144, 0.00443392153829], [-0.00115818169434, 0.00594308273867, 0.001212263247, 0.00477916700765, -0.00954063981771, 0.0265905354172, -0.00432957755402, -0.00299199437723, 0.00280792638659, 0.0053301230073, -0.00538804056123, 0.00935821328312, -0.00557075208053], [-0.000281834625639, -0.00149549706839, -0.00353804090992, 0.0016660336405, -0.00303775561042, -0.00432957755402, 0.0188153646886, -0.00894856080413, -0.000996029470116, 0.00587372248992, -0.00371345994063, 4.53530592495e-05, 0.00309418234974], [-0.000337957695592, 0.00551446806639, 5.86888127145e-05, -0.00108028447721, 0.00395476305857, -0.00299199437723, -0.00894856080413, 0.0365733318031, -0.01771501638, -0.00316506694071, 0.0116847986355, -0.00159072806127, -0.00119162164629], [2.56166258623e-05, -0.00550646614283, -3.81448153348e-05, -0.00162219034974, -0.00262297992595, 0.00280792638659, -0.000996029470116, -0.01771501638, 0.0343888700008, -0.00861639529467, -0.00794029608369, 0.0113634578884, -0.00484402338043], [-0.000290654221317, 0.00564786046743, -0.00359258055687, 0.00598007021472, -0.00166829093359, 0.0053301230073, 0.00587372248992, -0.00316506694071, -0.00861639529467, 0.0355353392661, -0.010374141857, 6.86768817104e-06, 0.00886960141361], [-0.000601928681135, -0.00406417902559, 0.00172142556403, -0.00528813851997, 0.00227608112618, -0.00538804056123, -0.00371345994063, 0.0116847986355, -0.00794029608369, -0.010374141857, 0.0301259197295, -0.0120762828737, -0.00593498256058], [-0.000910601054784, 0.009851064533, -0.00476751290262, 0.0116788400337, -0.00588299753144, 0.00935821328312, 4.53530592495e-05, -0.00159072806127, 0.0113634578884, 6.86768817104e-06, -0.0120762828737, 0.0449356287718, -0.0175079293549], [0.000749595579691, -0.00657049939036, 0.00253101717681, -0.00776158040389, 0.00443392153829, -0.00557075208053, 0.00309418234974, -0.00119162164629, -0.00484402338043, 0.00886960141361, -0.00593498256058, -0.0175079293549, 0.030638422817]]
    },
    "melbands": {
        "dmean": [0.00193286093418, 0.00162046926562, 0.000855061691254, 0.000506572949234, 0.000208677258343, 0.000134087909828, 8.06705284049e-05, 1.93336618395e-05, 1.83844094863e-05, 8.08132335806e-06, 7.70818769524e-06, 8.70094754646e-06, 9.84126290859e-06, 4.06473009207e-06, 4.97904602526e-06, 6.59213446852e-06, 4.17669116359e-06, 2.78049947156e-06, 3.66135236618e-06, 1.54926760842e-06, 2.18650075112e-06, 2.88413616545e-06, 4.3718341658e-06, 8.75310161064e-06, 3.76392995349e-06, 4.65499442726e-06, 1.68750682406e-06, 3.06829565488e-06, 2.6283362331e-06, 2.65793232757e-06, 1.9473127395e-06, 2.06647541745e-06, 1.2386843764e-06, 8.58810039972e-07, 1.3087823163e-06, 6.74304828863e-07, 7.00233613316e-07, 4.15588431224e-07, 4.4647060804e-07, 2.42189884148e-07],
        "dmean2": [0.00271526328288, 0.00280786678195, 0.00152774085291, 0.000869031413458, 0.000330570765072, 0.000218769229832, 0.00014115817612, 2.82262935798e-05, 2.96732087008e-05, 1.28904166559e-05, 1.18736297736e-05, 1.45225985761e-05, 1.7569591364e-05, 6.32455021332e-06, 8.03396960691e-06, 1.03004222183e-05, 6.54164750813e-06, 4.31742728324e-06, 5.81783478992e-06, 2.32858087656e-06, 3.0525868624e-06, 4.20495734943e-06, 6.74588454785e-06, 1.4915986867e-05, 5.58613373869e-06, 7.66593802837e-06, 2.44471175392e-06, 5.08894800078e-06, 4.09407630286e-06, 4.10172924603e-06, 3.2731486499e-06, 3.44285786014e-06, 1.95854272533e-06, 1.45861611145e-06, 2.14298211176e-06, 1.13021815196e-06, 1.18418370221e-06, 6.53504059756e-07, 7.14012628578e-07, 3.74187465013e-07],
        "dvar": [4.51452469861e-05, 4.76191416965e-05, 1.95179618458e-05, 2.60770752902e-06, 1.8156717374e-07, 1.8078023345e-07, 9.07588884047e-08, 2.51485898772e-09, 2.50247089717e-09, 4.09349248942e-10, 3.34242078459e-10, 1.02317465611e-09, 9.70910907228e-10, 1.22944682213e-10, 2.58422366839e-10, 6.23120277599e-10, 2.84503198777e-10, 1.29430605122e-10, 3.09542419474e-10, 3.29289547019e-11, 9.46489484011e-11, 1.89104842896e-10, 4.79163431155e-10, 2.52482812435e-09, 3.37397443317e-10, 6.95450586008e-10, 6.53611401114e-11, 3.17740389555e-10, 2.30261518186e-10, 2.45366837959e-10, 1.26986823834e-10, 1.42052231089e-10, 5.06989276949e-11, 2.58621717791e-11, 6.15310996599e-11, 1.60543800476e-11, 1.78507417181e-11, 6.13758696644e-12, 6.40633596519e-12, 1.84982910066e-12],
        "dvar2": [9.11610331968e-05, 0.000135216338094, 5.55644000997e-05, 7.17192688171e-06, 4.51739140317e-07, 4.79053937852e-07, 2.61423053871e-07, 5.63341284732e-09, 7.12409553572e-09, 9.93395588011e-10, 7.89636689369e-10, 2.84298851128e-09, 2.85082668583e-09, 2.78191691905e-10, 6.57160603712e-10, 1.42629064115e-09, 6.60473398195e-10, 2.94695434722e-10, 7.95218890737e-10, 6.29470156555e-11, 1.66894706388e-10, 4.25066731813e-10, 1.12608222747e-09, 6.71587363499e-09, 6.28116281209e-10, 1.81619841388e-09, 1.26712321191e-10, 8.18608236752e-10, 5.54184587109e-10, 5.96056370927e-10, 3.43389400248e-10, 3.67702673865e-10, 1.15223157404e-10, 6.77623929191e-11, 1.59637456032e-10, 4.18061869845e-11, 4.80235781697e-11, 1.50774757263e-11, 1.54182222545e-11, 4.24031339555e-12],
        "max": [0.144456014037, 0.100614413619, 0.0727525129914, 0.0308582205325, 0.00986905768514, 0.0150716463104, 0.00536924879998, 0.00139699538704, 0.00091203476768, 0.000323732354445, 0.000376917683752, 0.00041422288632, 0.000355144264176, 0.000164471493918, 0.00019128790882, 0.000404358201195, 0.000302982458379, 0.000202625829843, 0.000233599363128, 8.12216530903e-05, 0.000154060631758, 0.00019099979545, 0.000255873106653, 0.000637383607682, 0.000275859347312, 0.000374405208277, 0.000120439064631, 0.000281809247099, 0.000224862858886, 0.000286430324195, 0.000158980576089, 0.00014893784828, 0.000105871702544, 7.38370436011e-05, 0.000116125513159, 5.95484889345e-05, 6.23270170763e-05, 3.92254223698e-05, 3.5873028537e-05, 2.26901775022e-05],
        "mean": [0.00719775306061, 0.00532020768151, 0.00140011578333, 0.000971796398517, 0.000575012236368, 0.000376345880795, 0.00014114753867, 4.2245410441e-05, 3.61371094186e-05, 1.432856061e-05, 1.72160052898e-05, 1.10876981125e-05, 1.18156485769e-05, 8.56851420394e-06, 7.86649161455e-06, 8.81083542481e-06, 5.28461350768e-06, 3.39637267643e-06, 3.82141570299e-06, 2.32503180086e-06, 2.87658713205e-06, 3.05376033793e-06, 3.99183181798e-06, 6.56140173305e-06, 3.86018564313e-06, 3.6343813008e-06, 1.68296048741e-06, 2.39552559833e-06, 2.2188960429e-06, 2.24805671678e-06, 1.47594425925e-06, 1.51268022819e-06, 1.06781601517e-06, 6.74796126532e-07, 9.91845695353e-07, 5.21291894984e-07, 5.25880238911e-07, 3.68146089613e-07, 3.74908267986e-07, 2.17588493001e-07],
        "median": [0.00251043774188, 0.00254028569907, 0.000360886915587, 0.000475488428492, 0.00024242469226, 6.36637341813e-05, 3.0459561458e-05, 1.20360000437e-05, 9.63507227425e-06, 3.29603881255e-06, 4.1653338485e-06, 1.29102500068e-06, 1.16841965792e-06, 9.12899508876e-07, 9.41559278544e-07, 8.94078596048e-07, 5.54891698812e-07, 3.40992130532e-07, 2.99786563573e-07, 3.14395492751e-07, 2.11424492136e-07, 2.19873356855e-07, 2.34076679817e-07, 1.77073488317e-07, 2.31844921927e-07, 1.6721574525e-07, 1.44480281961e-07, 1.24419230474e-07, 1.04291743241e-07, 1.0397033634e-07, 7.80646018939e-08, 5.7936251352e-08, 6.42091322334e-08, 5.31239621182e-08, 3.69936472566e-08, 2.74547335977e-08, 2.60923211926e-08, 2.28494521082e-08, 1.85770705485e-08, 1.24342323105e-08],
        "min": [4.98191930715e-24, 2.26215449232e-24, 4.40013951715e-24, 1.7274337263e-23, 1.03600511037e-23, 1.69767442197e-23, 1.74377718876e-23, 9.66440358076e-24, 8.26158958795e-24, 1.96928980237e-23, 2.78610588704e-23, 2.16954245871e-23, 2.26907982332e-23, 2.94411725071e-23, 6.67114029566e-24, 9.70705492332e-24, 1.31297393753e-23, 8.72138505516e-24, 7.37063745982e-24, 6.76650095733e-24, 6.49293346173e-24, 7.17178061397e-24, 1.35234914076e-23, 1.50351035187e-23, 1.21603310859e-23, 7.18949448559e-24, 5.77089893594e-24, 8.21622771931e-24, 1.658592675e-23, 1.31135345946e-23, 1.39796817805e-23, 9.85485511367e-24, 1.03423040999e-23, 1.0048542554e-23, 1.25770713138e-23, 1.24301720026e-23, 1.17074207967e-23, 1.11313606426e-23, 1.31924285738e-23, 7.70943980797e-24],
        "var": [0.000148498409544, 6.85789855197e-05, 1.5038715901e-05, 2.96344910566e-06, 8.59568899614e-07, 1.15871841899e-06, 1.11333243069e-07, 9.66782387479e-09, 5.17570697411e-09, 8.39168012856e-10, 1.27334964795e-09, 9.93268023386e-10, 9.75273972692e-10, 3.75560860189e-10, 3.69869079808e-10, 7.31366134321e-10, 3.40899919404e-10, 1.6175213946e-10, 2.98257002429e-10, 6.2385110966e-11, 1.53585422158e-10, 2.16335685477e-10, 4.65984584253e-10, 1.83559067946e-09, 4.18776374689e-10, 5.26754584396e-10, 7.61785426406e-11, 2.43995573745e-10, 1.97620572684e-10, 2.07555028719e-10, 9.10627129258e-11, 1.05309309884e-10, 4.62345613184e-11, 1.89537066597e-11, 4.62807327184e-11, 1.18711741826e-11, 1.25178851659e-11, 5.14300668025e-12, 5.40750777489e-12, 1.69393318816e-12]
    },
    "mfcc": {
        "mean": [-755.277038574, 159.261306763, 48.7742424011, 47.4038658142, 17.2543106079, 16.494726181, 6.62622356415, 3.60368728638, -2.53586339951, 0.698984146118, 1.77987957001, 1.05891287327, -1.24868297577],
        "cov": [[3772.78540039, -266.94619751, -696.097595215, -524.115234375, -100.556251526, 41.6445884705, 95.4554519653, 70.4296722412, -62.7167396545, -71.3448791504, -5.6013007164, 69.3530349731, 50.0832328796], [-266.94619751, 1295.41113281, 223.035125732, -214.173919678, -76.6175842285, 31.0875988007, -6.24036693573, -12.1180553436, -1.50047230721, 15.8472251892, 28.8808631897, 52.0586128235, 80.0984420776], [-696.097595215, 223.035125732, 347.721740723, 136.190658569, 10.5207176208, -0.663116574287, 1.37023568153, -1.61486148834, 23.2156124115, 35.0596542358, 28.1887397766, 9.5394744873, 0.146254912019], [-524.115234375, -214.173919678, 136.190658569, 251.175750732, 73.9644393921, 4.57205820084, 8.2632522583, 6.60475921631, 28.6492538452, 26.0667190552, 13.5064973831, -11.06270504, -25.5436248779], [-100.556251526, -76.6175842285, 10.5207176208, 73.9644393921, 108.392936707, 39.0029067993, 18.950668335, 11.7825994492, 11.303814888, 6.38844919205, 2.42080545425, 5.32155179977, -3.70735621452], [41.6445884705, 31.0875988007, -0.663116574287, 4.57205820084, 39.0029067993, 65.3511428833, 41.2028503418, 17.3949012756, 2.59824681282, -2.87303161621, 5.46658468246, 7.56375455856, 6.89364385605], [95.4554519653, -6.24036693573, 1.37023568153, 8.2632522583, 18.950668335, 41.2028503418, 73.4761047363, 34.8680343628, 8.49590969086, -2.09549236298, 6.72568941116, 9.76835727692, 5.84788370132], [70.4296722412, -12.1180553436, -1.61486148834, 6.60475921631, 11.7825994492, 17.3949012756, 34.8680343628, 63.0745201111, 28.7364692688, 9.72565460205, 3.44431495667, -0.0890619307756, 1.11408650875], [-62.7167396545, -1.50047230721, 23.2156124115, 28.6492538452, 11.303814888, 2.59824681282, 8.49590969086, 28.7364692688, 58.9775428772, 31.965681076, 13.4165496826, -0.728278875351, -6.3439745903], [-71.3448791504, 15.8472251892, 35.0596542358, 26.0667190552, 6.38844919205, -2.87303161621, -2.09549236298, 9.72565460205, 31.965681076, 51.9667358398, 28.9330368042, 8.27840995789, -7.22695922852], [-5.6013007164, 28.8808631897, 28.1887397766, 13.5064973831, 2.42080545425, 5.46658468246, 6.72568941116, 3.44431495667, 13.4165496826, 28.9330368042, 53.4032058716, 22.3988380432, -0.034141138196], [69.3530349731, 52.0586128235, 9.5394744873, -11.06270504, 5.32155179977, 7.56375455856, 9.76835727692, -0.0890619307756, -0.728278875351, 8.27840995789, 22.3988380432, 44.2141227722, 17.0025310516], [50.0832328796, 80.0984420776, 0.146254912019, -25.5436248779, -3.70735621452, 6.89364385605, 5.84788370132, 1.11408650875, -6.3439745903, -7.22695922852, -0.034141138196, 17.0025310516, 39.4780349731]],
