{
"lowlevel": {
    "average_loudness": 0.964284837246,
    "barkbands_crest": {
        "dmean": 2.00717306137,
        "dmean2": 3.07982301712,
        "dvar": 4.89548206329,
        "dvar2": 11.1331672668,
        "max": 26.5471801758,
        "mean": 14.8279590607,
        "median": 13.9563827515,
        "min": 4.13332080841,
        "var": 25.0839920044
    },
    "barkbands_flatness_db": {
        "dmean": 0.0220188051462,
        "dmean2": 0.031948197633,
        "dvar": 0.000616249570157,
        "dvar2": 0.00117963855155,
        "max": 0.530002355576,
        "mean": 0.290006488562,
        "median": 0.290140151978,
        "min": 0.0375644564629,
        "var": 0.00527790701017
    },
    "barkbands_kurtosis": {
        "dmean": 5.77832317352,
        "dmean2": 8.89097976685,
        "dvar": 106.786445618,
        "dvar2": 230.079818726,
        "max": 184.596252441,
        "mean": 14.5276708603,
        "median": 8.1638507843,
        "min": -1.08890342712,
        "var": 424.995025635
    },
    "barkbands_skewness": {
        "dmean": 0.640363812447,
        "dmean2": 0.996839642525,
        "dvar": 0.503943324089,
        "dvar2": 1.18189573288,
        "max": 11.6350345612,
        "mean": 2.17933416367,
        "median": 1.87653875351,
        "min": -1.70032334328,
        "var": 2.36587619781
    },
    "barkbands_spread": {
        "dmean": 1.1117837429,
        "dmean2": 1.67738950253,
        "dvar": 4.33032178879,
        "dvar2": 9.80320930481,
        "max": 44.3182678223,
        "mean": 4.4986948967,
        "median": 3.46271252632,
        "min": 0.220558449626,
        "var": 15.1701250076
    },
    "dissonance": {
        "dmean": 0.0408294647932,
        "dmean2": 0.066894672811,
        "dvar": 0.00124261341989,
        "dvar2": 0.00323209259659,
        "max": 0.497135698795,
        "mean": 0.36666098237,
        "median": 0.370810896158,
        "min": 0.157150402665,
        "var": 0.00390243134461
    },
    "dynamic_complexity": 2.01439094543,
    "erbbands_crest": {
        "dmean": 2.11796116829,
        "dmean2": 3.19407391548,
        "dvar": 4.81141376495,
        "dvar2": 11.3947820663,
        "max": 29.8246364594,
        "mean": 13.9658536911,
        "median": 13.0160331726,
        "min": 3.49131941795,
        "var": 24.868806839
    },
    "erbbands_flatness_db": {
        "dmean": 0.0201069805771,
        "dmean2": 0.0284644775093,
        "dvar": 0.000481784780277,
        "dvar2": 0.000944419007283,
        "max": 0.449561148882,
        "mean": 0.277322530746,
        "median": 0.277249723673,
        "min": 0.0808348208666,
        "var": 0.00304636242799
    },
    "erbbands_kurtosis": {
        "dmean": 1.73539555073,
        "dmean2": 2.56536340714,
        "dvar": 4.91742277145,
        "dvar2": 10.3527755737,
        "max": 29.030292511,
        "mean": 3.86409425735,
        "median": 2.59034633636,
        "min": -1.61254394054,
        "var": 20.9810066223
    },
    "erbbands_skewness": {
        "dmean": 0.350541740656,
        "dmean2": 0.505528509617,
        "dvar": 0.133376270533,
        "dvar2": 0.272622019053,
        "max": 4.58423852921,
        "mean": 1.29424118996,
        "median": 1.23245048523,
        "min": -1.36565089226,
        "var": 0.799223303795
    },
    "erbbands_spread": {
        "dmean": 2.29796528816,
        "dmean2": 3.46589660645,
        "dvar": 7.63165664673,
        "dvar2": 16.2506084442,
        "max": 46.7569770813,
        "mean": 12.5856714249,
        "median": 11.2848711014,
        "min": 2.30354619026,
        "var": 39.9448394775
    },
    "hfc": {
        "dmean": 2.30917906761,
        "dmean2": 3.40916323662,
        "dvar": 24.27485466,
        "dvar2": 58.9215240479,
        "max": 93.9139633179,
        "mean": 10.317820549,
        "median": 8.78674697876,
        "min": 1.01883564733e-16,
        "var": 54.8638153076
    },
    "melbands_crest": {
        "dmean": 2.37963151932,
        "dmean2": 3.63581299782,
        "dvar": 7.36590337753,
        "dvar2": 17.0769405365,
        "max": 33.8709716797,
        "mean": 18.1050128937,
        "median": 16.9068756104,
        "min": 2.57257866859,
        "var": 36.9548225403
    },
    "melbands_flatness_db": {
        "dmean": 0.0227434206754,
        "dmean2": 0.031832113862,
        "dvar": 0.000718050636351,
        "dvar2": 0.00126272381749,
        "max": 0.63119083643,
        "mean": 0.378390908241,
        "median": 0.379466742277,
        "min": 0.00814569462091,
        "var": 0.00723751774058
    },
    "melbands_kurtosis": {
        "dmean": 4.52128314972,
        "dmean2": 6.91162776947,
        "dvar": 56.3546485901,
        "dvar2": 132.52355957,
        "max": 194.581069946,
        "mean": 11.9003553391,
        "median": 7.46644735336,
        "min": -1.28903543949,
        "var": 212.658630371
    },
    "melbands_skewness": {
        "dmean": 0.479505091906,
        "dmean2": 0.72161757946,
        "dvar": 0.263560026884,
        "dvar2": 0.57916611433,
        "max": 9.3235874176,
        "mean": 2.14878368378,
        "median": 1.91611170769,
        "min": -1.01582551003,
        "var": 1.51837706566
    },
    "melbands_spread": {
        "dmean": 1.37800836563,
        "dmean2": 1.98542761803,
        "dvar": 8.5198097229,
        "dvar2": 10.6239042282,
        "max": 123.273582458,
        "mean": 6.03377914429,
        "median": 4.64896011353,
        "min": 0.446170151234,
        "var": 29.0173015594
    },
    "pitch_salience": {
        "dmean": 0.0572054870427,
        "dmean2": 0.0899938717484,
        "dvar": 0.00354728521779,
        "dvar2": 0.00859477091581,
        "max": 0.871796488762,
        "mean": 0.495992571115,
        "median": 0.505363285542,
        "min": 0.0805963799357,
        "var": 0.0154741471633
    },
    "silence_rate_20dB": {
        "dmean": 0,
        "dmean2": 0,
        "dvar": 0,
        "dvar2": 0,
        "max": 1,
        "mean": 1,
        "median": 1,
        "min": 1,
        "var": 0
    },
    "silence_rate_30dB": {
        "dmean": 0.00722021656111,
        "dmean2": 0.0144478846341,
        "dvar": 0.0071681230329,
        "dvar2": 0.0142390243709,
        "max": 1,
        "mean": 0.988144338131,
        "median": 1,
        "min": 0,
        "var": 0.0117150954902
    },
    "silence_rate_60dB": {
        "dmean": 0.00361010828055,
        "dmean2": 0.00722394231707,
        "dvar": 0.00359710259363,
        "dvar2": 0.00820365455002,
        "max": 1,
        "mean": 0.00412371149287,
        "median": 0,
        "min": 0,
        "var": 0.00410668738186
    },
    "spectral_centroid": {
        "dmean": 52.835395813,
        "dmean2": 75.7923660278,
        "dvar": 56718.3867188,
        "dvar2": 55683.8945312,
        "max": 11005.0615234,
        "mean": 447.396606445,
        "median": 379.92590332,
        "min": 230.331253052,
        "var": 100220.570312
    },
    "spectral_complexity": {
        "dmean": 1.17792677879,
        "dmean2": 1.90092873573,
        "dvar": 1.61712419987,
        "dvar2": 3.41639876366,
        "max": 26,
        "mean": 8.5371131897,
        "median": 8,
        "min": 0,
        "var": 7.03719234467
    },
    "spectral_decrease": {
        "dmean": 1.62635183099e-09,
        "dmean2": 2.42081577007e-09,
        "dvar": 8.34381633376e-18,
        "dvar2": 1.78048062592e-17,
        "max": -1.77970864856e-28,
        "mean": -7.11560410593e-09,
        "median": -5.93688254114e-09,
        "min": -4.63401299555e-08,
        "var": 2.75400024218e-17
    },
    "spectral_energy": {
        "dmean": 0.00633159140125,
        "dmean2": 0.0094201406464,
        "dvar": 0.000125579477753,
        "dvar2": 0.000268496805802,
        "max": 0.178754806519,
        "mean": 0.0277917012572,
        "median": 0.0233553219587,
        "min": 9.91284602692e-21,
        "var": 0.000411683955463
    },
    "spectral_energyband_high": {
        "dmean": 2.78469433397e-05,
        "dmean2": 4.18791096308e-05,
        "dvar": 4.16521821478e-08,
        "dvar2": 1.08304980984e-07,
        "max": 0.00561230909079,
        "mean": 3.82296784665e-05,
        "median": 4.73461932415e-06,
        "min": 7.05532313588e-21,
        "var": 3.94109385127e-08
    },
    "spectral_energyband_low": {
        "dmean": 0.000856340571772,
        "dmean2": 0.00133328314405,
        "dvar": 3.36341622642e-06,
        "dvar2": 8.59211468196e-06,
        "max": 0.0267332755029,
        "mean": 0.00177771097515,
        "median": 0.000645863357931,
        "min": 3.30966845221e-23,
        "var": 9.68157110037e-06
    },
    "spectral_energyband_middle_high": {
        "dmean": 0.000645655440167,
        "dmean2": 0.000948337255977,
        "dvar": 3.77199762625e-06,
        "dvar2": 8.32496152725e-06,
        "max": 0.041119787842,
        "mean": 0.001955029089,
        "median": 0.000743516138755,
        "min": 1.56720090508e-21,
        "var": 1.35074742502e-05
    },
    "spectral_energyband_middle_low": {
        "dmean": 0.0057852328755,
        "dmean2": 0.00860077794641,
        "dvar": 0.000110915738333,
        "dvar2": 0.000234630075283,
        "max": 0.17754496634,
        "mean": 0.0251172799617,
        "median": 0.0203616805375,
        "min": 3.73089303878e-22,
        "var": 0.000399137643399
    },
    "spectral_entropy": {
        "dmean": 0.193264648318,
        "dmean2": 0.282115340233,
        "dvar": 0.0523990094662,
        "dvar2": 0.100366689265,
        "max": 9.81215572357,
        "mean": 5.76126527786,
        "median": 5.7622051239,
        "min": 3.81584382057,
        "var": 0.375305384398
    },
    "spectral_flux": {
        "dmean": 0.0218716003001,
        "dmean2": 0.0347567982972,
        "dvar": 0.000884840846993,
        "dvar2": 0.0021356025245,
        "max": 0.344690799713,
        "mean": 0.0476721599698,
        "median": 0.0365630537271,
        "min": 9.95632742917e-11,
        "var": 0.00128910434432
    },
    "spectral_kurtosis": {
        "dmean": 10.9261922836,
        "dmean2": 17.6352024078,
        "dvar": 142.900863647,
        "dvar2": 320.599639893,
        "max": 157.530929565,
        "mean": 37.6499824524,
        "median": 30.1275863647,
        "min": -1.19285833836,
        "var": 690.790039062
    },
    "spectral_rms": {
        "dmean": 0.000574655539822,
        "dmean2": 0.000839324085973,
        "dvar": 6.97835673691e-07,
        "dvar2": 1.34837864607e-06,
        "max": 0.0132058672607,
        "mean": 0.00492274202406,
        "median": 0.00477343518287,
        "min": 3.10983422173e-12,
        "var": 2.88054388875e-06
    },
    "spectral_rolloff": {
        "dmean": 88.5978927612,
        "dmean2": 147.287521362,
        "dvar": 172363.984375,
        "dvar2": 187733.328125,
        "max": 18367.8222656,
        "mean": 562.227355957,
        "median": 452.197265625,
        "min": 215.33203125,
        "var": 245716.34375
    },
    "spectral_skewness": {
        "dmean": 0.681141138077,
        "dmean2": 1.09137094021,
        "dvar": 0.423068583012,
        "dvar2": 0.962534248829,
        "max": 10.4151391983,
        "mean": 4.64856004715,
        "median": 4.32330513,
        "min": -0.00332759600133,
        "var": 2.79086232185
    },
    "spectral_spread": {
        "dmean": 437753.5,
        "dmean2": 682101.3125,
        "dvar": 775727742976,
        "dvar2": 1.33619017318e+12,
        "max": 39804292,
        "mean": 2248461.75,
        "median": 1980290,
        "min": 463951.3125,
        "var": 2.22311900774e+12
    },
    "spectral_strongpeak": {
        "dmean": 0.321687072515,
        "dmean2": 0.527809917927,
        "dvar": 0.227747097611,
        "dvar2": 0.567961990833,
        "max": 8.54004573822,
        "mean": 1.25712537766,
        "median": 1.09138584137,
        "min": 0,
        "var": 0.654615461826
    },
    "zerocrossingrate": {
        "dmean": 0.00330565660261,
        "dmean2": 0.00403625657782,
        "dvar": 0.000139194729854,
        "dvar2": 0.00014595038374,
        "max": 0.48779296875,
        "mean": 0.0227146428078,
        "median": 0.01953125,
        "min": 0,
        "var": 0.000253605365288
    },
    "barkbands": {
        "dmean": [0.000171926512849, 0.00013916187163, 0.000421510252636, 0.000899143109564, 0.00383416493423, 0.0019485920202, 0.000551997916773, 0.000153078188305, 0.000452145584859, 0.000218696324737, 0.000359966245014, 0.00013503486116, 0.000145653131767, 1.4396115148e-05, 3.20110484608e-05, 8.28757220006e-06, 1.83319880307e-05, 1.0516932889e-05, 2.98987924907e-05, 3.52471101905e-06, 2.6070417789e-06, 3.61270986105e-06, 3.82545158573e-06, 3.65638561561e-06, 4.28195744462e-06, 1.21118710013e-05, 6.20453777245e-09],
        "dmean2": [0.000294814264635, 0.00019235938089, 0.000658396515064, 0.0015007071197, 0.00579525064677, 0.00276558287442, 0.00087215937674, 0.000206005206564, 0.000662015518174, 0.000323611689964, 0.000530530174728, 0.000209161618841, 0.000209743913729, 2.20840684051e-05, 5.1120921853e-05, 1.32531440613e-05, 2.89121562673e-05, 1.6508389308e-05, 4.58426147816e-05, 5.65182926948e-06, 4.28000248576e-06, 5.28293412572e-06, 5.55181713935e-06, 5.82581969866e-06, 6.26521750746e-06, 2.04166190088e-05, 9.96495685968e-09],
        "dvar": [6.05433285727e-08, 5.49149667961e-08, 1.05142862594e-06, 4.44965326096e-06, 8.95914126886e-05, 1.13939886432e-05, 1.15510317755e-06, 1.5855221136e-07, 7.36152060199e-07, 2.77857765241e-07, 2.5242115953e-06, 1.70649656184e-07, 3.6141682358e-07, 2.31032526443e-09, 1.32959874222e-08, 1.10597497827e-09, 4.79857709124e-09, 1.3358316675e-09, 2.05089261129e-08, 2.15576265172e-10, 1.36776409643e-10, 6.14238160335e-10, 8.83848771949e-10, 8.57287296707e-10, 3.65904279098e-10, 1.8265279067e-08, 1.10192836979e-14],
        "dvar2": [1.60087552104e-07, 1.09822515526e-07, 2.64226287072e-06, 1.17593363029e-05, 0.000188406789675, 2.57622905337e-05, 2.93591915579e-06, 2.52876276363e-07, 1.553041443e-06, 6.09966605225e-07, 5.54634971195e-06, 3.44659923712e-07, 6.99144834471e-07, 4.47379466806e-09, 3.55747502567e-08, 3.11349013238e-09, 1.22977583672e-08, 3.30933858095e-09, 4.72516568095e-08, 5.18849130327e-10, 3.60106250374e-10, 1.16475185052e-09, 2.04433425743e-09, 2.33632357904e-09, 7.84590670211e-10, 5.27700976249e-08, 2.68401159588e-14],
        "max": [0.00266609434038, 0.00319318939, 0.0171409640461, 0.0286065097898, 0.165947005153, 0.0523838475347, 0.0168691985309, 0.0114661455154, 0.0124554056674, 0.0145688056946, 0.0396519526839, 0.0100959474221, 0.0242982432246, 0.00203836360015, 0.00268599274568, 0.00112272892147, 0.00195920560509, 0.00078833202133, 0.00316120637581, 0.00037207925925, 0.000327217043377, 0.000859928608406, 0.00110724684782, 0.000831254932564, 0.000448522216175, 0.00360732455738, 3.76918774236e-06],
        "mean": [0.00018064181495, 0.000195508750039, 0.000539924716577, 0.00242508854717, 0.0121178785339, 0.00672925356776, 0.00162516185082, 0.000579696148634, 0.00120997254271, 0.000610057613812, 0.000660588324536, 0.000324537657434, 0.000333422300173, 3.06557958538e-05, 7.40165341995e-05, 1.80090064532e-05, 3.45105363522e-05, 2.03175968636e-05, 4.11122091464e-05, 5.48205207451e-06, 4.54045266451e-06, 5.77763421461e-06, 5.69813346374e-06, 4.00753287977e-06, 5.19854256709e-06, 1.07290161395e-05, 5.14789633144e-09],
        "median": [7.34254790586e-05, 4.50608713436e-05, 0.00011230049131, 0.000485505763208, 0.00555336149409, 0.00392822641879, 0.000834992446471, 9.82032215688e-05, 0.000456235080492, 0.000151562446263, 0.000106502404378, 5.43280984857e-05, 2.9868710044e-05, 1.09823331513e-05, 1.68907808984e-05, 5.91018033447e-06, 6.10941242485e-06, 3.19572200169e-06, 4.57721125713e-06, 9.97616325549e-07, 6.91663331054e-07, 5.01882254866e-07, 5.33002037173e-07, 4.27565225891e-07, 3.99194675538e-07, 9.47401417761e-07, 5.93987747877e-10],
        "min": [8.15382535072e-23, 3.72547332771e-24, 1.2709695398e-23, 2.00533609146e-24, 7.19796259187e-23, 4.12552543978e-23, 1.41535530349e-22, 3.20381089179e-23, 4.91241577046e-23, 6.46601326779e-23, 1.65460368939e-22, 1.51995560895e-22, 1.06295851535e-22, 7.00220518051e-23, 6.34532449127e-23, 1.45081239236e-22, 1.63425688406e-22, 2.82012497715e-22, 1.81440406338e-22, 4.55471827881e-22, 5.58214940199e-22, 5.22919611982e-22, 7.97833421779e-22, 8.0854279548e-22, 8.43083240609e-22, 1.41899915929e-21, 2.10657719053e-21],
        "var": [7.14418533221e-08, 1.05269457151e-07, 1.38434268138e-06, 1.92117295228e-05, 0.000357018667273, 5.67382994632e-05, 4.90421871291e-06, 1.40020199524e-06, 3.30347188537e-06, 1.55913267008e-06, 4.94846653964e-06, 9.09266020699e-07, 2.29314241551e-06, 6.77469014221e-09, 5.35288897652e-08, 2.85066459327e-09, 1.24825350056e-08, 2.98870128645e-09, 2.62687027686e-08, 3.46651041205e-10, 2.43857184445e-10, 9.86768555755e-10, 1.15422382763e-09, 6.79475309351e-10, 4.75483541429e-10, 1.08149205147e-08, 8.88091937636e-15]
    },
    "erbbands": {
        "dmean": [0.00853814557195, 0.0227121952921, 0.34658575058, 1.76775109768, 8.03658866882, 16.3830471039, 7.50801134109, 19.4784126282, 10.3193216324, 6.3201842308, 2.21263003349, 9.73987197876, 11.8057842255, 6.23703765869, 14.0161037445, 4.55341911316, 6.44350576401, 1.61626279354, 0.76929050684, 1.47207069397, 0.511367499828, 0.944599747658, 0.670941233635, 1.83384394646, 0.516860127449, 0.152172222733, 0.120355755091, 0.0908908620477, 0.136533766985, 0.121925286949, 0.115938276052, 0.0925306677818, 0.0567324794829, 0.0542994588614, 0.0265996903181, 0.0210998803377, 0.0268116667867, 0.0062637142837, 0.000111935689347, 9.76012779574e-06],
        "dmean2": [0.0114354975522, 0.0342673547566, 0.527328670025, 2.90036463737, 12.6768484116, 24.0748901367, 10.4114055634, 28.1291828156, 15.4521808624, 9.8100194931, 3.12048721313, 14.447936058, 17.1248168945, 9.47959136963, 20.6298923492, 6.76097011566, 9.11636447906, 2.37529730797, 1.22436356544, 2.32787442207, 0.820297658443, 1.49749469757, 1.0389906168, 2.78984808922, 0.831138849258, 0.235794603825, 0.186827152967, 0.143580779433, 0.197260558605, 0.172864317894, 0.173261865973, 0.151383221149, 0.0834923237562, 0.0807475075126, 0.0414338447154, 0.0330445356667, 0.0441323406994, 0.0116603551432, 0.000206861062907, 1.53483688337e-05],
        "dvar": [0.000242796886596, 0.00174089020584, 0.631863296032, 16.0754928589, 363.626831055, 1701.46887207, 173.794250488, 1430.46289062, 350.476470947, 136.171264648, 18.1952476501, 383.527954102, 441.866790771, 476.622650146, 3188.50585938, 156.125442505, 747.52947998, 18.5890769958, 6.66568422318, 25.6148834229, 4.91031837463, 13.2376279831, 5.95808506012, 74.7844390869, 5.33697795868, 0.452618807554, 0.233871892095, 0.228149324656, 1.33748531342, 0.505328953266, 0.700891137123, 0.784200668335, 0.118567943573, 0.057778775692, 0.0230601783842, 0.0204109549522, 0.0699983164668, 0.0133316377178, 4.11477458329e-06, 2.46005305016e-09],
        "dvar2": [0.000445227022283, 0.00427616760135, 1.54057466984, 42.6536903381, 775.641235352, 3430.55639648, 297.699401855, 3305.93579102, 853.591796875, 307.356689453, 31.9079113007, 804.518371582, 938.396606445, 1038.26660156, 7110.66210938, 308.875427246, 1421.22583008, 37.6013412476, 17.5033111572, 65.5983123779, 13.6263818741, 35.5189704895, 14.1697826385, 167.698486328, 13.1793689728, 1.02416539192, 0.536689937115, 0.576746463776, 2.64059257507, 1.07607078552, 1.37025499344, 2.19563317299, 0.292416036129, 0.135505333543, 0.0457231514156, 0.0543788410723, 0.200217708945, 0.0394888818264, 1.21825387396e-05, 7.09505654228e-09],
        "max": [0.176736682653, 0.508022725582, 12.9442491531, 63.7624473572, 291.435394287, 807.786499023, 314.951049805, 673.492126465, 411.575378418, 243.599563599, 100.786247253, 370.614196777, 431.505126953, 406.25692749, 1311.79492188, 278.741882324, 1195.27050781, 115.876441956, 67.7515182495, 136.068710327, 75.2225494385, 92.8982772827, 54.7996139526, 169.906112671, 55.7321281433, 20.3167896271, 12.3012008667, 13.9624004364, 43.5894889832, 19.164981842, 30.7449378967, 27.4757232666, 9.19391441345, 4.76272583008, 4.20388126373, 3.93554997444, 6.5848274231, 3.5267803669, 0.0618285760283, 0.00145309546497],
        "mean": [0.0117685357109, 0.0311036296189, 0.489587754011, 4.60256004333, 21.4211444855, 55.0031852722, 32.8362159729, 61.8259086609, 33.8557472229, 19.2339496613, 8.5555305481, 27.7665672302, 32.2039337158, 15.5707321167, 27.2938842773, 11.5362052917, 15.4571342468, 3.81400465965, 2.00495123863, 3.43832015991, 1.16987240314, 1.81943821907, 1.44866323471, 2.73082256317, 0.775926709175, 0.257859170437, 0.223319038749, 0.150548100471, 0.189057260752, 0.207250088453, 0.175934568048, 0.100845173001, 0.0688230246305, 0.0653799846768, 0.0312269702554, 0.0226444769651, 0.0240594502538, 0.00436724489555, 9.05010019778e-05, 3.33041862177e-05],
        "median": [0.00212633283809, 0.0114644132555, 0.140895307064, 1.42354261875, 9.43919181824, 17.9142723083, 16.0825366974, 32.870475769, 20.1779499054, 9.83603286743, 3.66887521744, 11.7868738174, 14.9407453537, 4.81640768051, 5.81003379822, 2.59477114677, 1.62484645844, 1.13852822781, 0.817683696747, 0.704879522324, 0.389133155346, 0.341018140316, 0.239689409733, 0.250522643328, 0.131595686078, 0.0512057095766, 0.0367338918149, 0.0230192597955, 0.0189821533859, 0.0150317894295, 0.0163405891508, 0.0102573577315, 0.00653251446784, 0.0045923711732, 0.00258401921019, 0.00223520491272, 0.00215542991646, 0.000313624652335, 1.9821254682e-05, 2.72770121228e-05],
        "min": [2.48142268811e-22, 9.35309738966e-22, 8.87983476675e-21, 1.69267972075e-20, 4.89837811814e-20, 4.09138523617e-19, 3.26052392839e-19, 3.23660289905e-19, 1.72308680252e-18, 1.34752757247e-18, 1.19096875229e-18, 9.92032435358e-19, 1.75232381146e-18, 3.01092047249e-18, 8.99580836438e-18, 4.32852943919e-18, 4.91156645318e-18, 3.00254320084e-18, 3.46031963428e-18, 4.36771712071e-18, 8.63760441756e-18, 1.06428118179e-17, 1.53318869523e-17, 1.09868718035e-17, 1.29848744607e-17, 1.94046926779e-17, 2.4531999829e-17, 2.05881532152e-17, 2.20595487062e-17, 1.84292763365e-17, 2.25290282978e-17, 1.85650332186e-17, 1.28251367854e-17, 7.62138160217e-18, 6.6466849079e-18, 4.81170135141e-18, 2.83859372868e-18, 1.09061530377e-18, 2.89474026712e-19, 2.92309763411e-20],
        "var": [0.000476525718113, 0.00220073736273, 0.86413282156, 64.0393600464, 1072.82446289, 8905.578125, 1804.64672852, 5697.67285156, 1582.67651367, 609.598571777, 144.794525146, 1891.86865234, 1943.11120605, 1626.22644043, 5953.70019531, 800.197875977, 5444.99316406, 66.4517059326, 24.2741298676, 101.526603699, 12.6070632935, 34.6360969543, 14.1004419327, 103.680091858, 7.14967536926, 0.743436098099, 0.597935557365, 0.330287218094, 1.66966331005, 1.10131978989, 1.16685569286, 0.564339578152, 0.126584559679, 0.0736250653863, 0.0278582163155, 0.0167864747345, 0.043542444706, 0.00700885755941, 2.16727812585e-06, 1.76889125569e-09]
    },
    "gfcc": {
        "mean": [-98.3416213989, 151.656799316, -87.1699523926, -25.7745304108, -63.0636024475, -16.101808548, -47.4991607666, -7.07371377945, -35.0016517639, -10.524813652, -16.517539978, 5.45530128479, -11.4020500183],
        "cov": [[3381.49853516, -972.874633789, -545.295898438, 462.424743652, -106.091156006, 379.658447266, 46.303440094, 274.95401001, -156.821060181, 74.04296875, 56.4812698364, 201.970993042, -88.4016876221], [-972.874633789, 1079.65124512, 409.090332031, -261.673858643, 199.742050171, -220.089096069, 48.3151283264, -232.000274658, 34.5174942017, -151.720169067, -30.3989620209, -138.809158325, 23.2785148621], [-545.295898438, 409.090332031, 740.884399414, 8.83775520325, -16.1807765961, -50.1867218018, -44.6791152954, -88.2365875244, 16.5564746857, -52.8251075745, -102.801795959, -141.758514404, 8.42077827454], [462.424743652, -261.673858643, 8.83775520325, 281.654937744, -11.0566120148, 85.1672286987, -9.06198120117, 72.3882980347, -3.26941585541, 45.1810531616, 9.47811698914, 9.3565788269, -16.3520374298], [-106.091156006, 199.742050171, -16.1807765961, -11.0566120148, 233.901916504, 6.61430597305, 18.5815753937, -31.4380283356, -15.0724201202, -31.0832138062, 12.9629049301, 1.34008657932, -27.502374649], [379.658447266, -220.089096069, -50.1867218018, 85.1672286987, 6.61430597305, 197.174102783, 23.4719905853, 65.2472839355, -8.63388347626, 39.7293510437, 7.23309183121, 41.8845405579, 5.29457092285], [46.303440094, 48.3151283264, -44.6791152954, -9.06198120117, 18.5815753937, 23.4719905853, 124.059341431, 24.610994339, -20.2274951935, -12.7818899155, 28.4576568604, 33.1713905334, -9.64655017853], [274.95401001, -232.000274658, -88.2365875244, 72.3882980347, -31.4380283356, 65.2472839355, 24.610994339, 176.662200928, 23.5735282898, 49.9651908875, 9.78319358826, 39.4374427795, -15.4782314301], [-156.821060181, 34.5174942017, 16.5564746857, -3.26941585541, -15.0724201202, -8.63388347626, -20.2274951935, 23.5735282898, 116.025817871, 43.7648353577, -11.5698633194, -6.00079965591, 13.6904163361], [74.04296875, -151.720169067, -52.8251075745, 45.1810531616, -31.0832138062, 39.7293510437, -12.7818899155, 49.9651908875, 43.7648353577, 123.078567505, 30.3363056183, 8.72923660278, 5.27238321304], [56.4812698364, -30.3989620209, -102.801795959, 9.47811698914, 12.9629049301, 7.23309183121, 28.4576568604, 9.78319358826, -11.5698633194, 30.3363056183, 102.518333435, 52.6591758728, 0.343866348267], [201.970993042, -138.809158325, -141.758514404, 9.3565788269, 1.34008657932, 41.8845405579, 33.1713905334, 39.4374427795, -6.00079965591, 8.72923660278, 52.6591758728, 137.60295105, 26.1263065338], [-88.4016876221, 23.2785148621, 8.42077827454, -16.3520374298, -27.502374649, 5.29457092285, -9.64655017853, -15.4782314301, 13.6904163361, 5.27238321304, 0.343866348267, 26.1263065338, 105.917907715]],
        "icov": [[0.000664683640935, -0.000495577696711, 0.000586814654525, -0.0010266744066, 0.000747832469642, -0.000958990829531, 0.000541361514479, -0.000438113784185, 0.00114650372416, -0.000190936742001, 0.000657035387121, -0.000854341080412, 0.000755839108024], [-0.000495577696711, 0.00590362073854, -0.002720994642, 0.00346141774207, -0.00465862359852, 0.00342666637152, -0.00432661455125, 0.00281786685809, -0.00478607369587, 0.00366949592717, -0.0036140254233, 0.00438504945487, -0.00295754149556], [0.000586814654525, -0.002720994642, 0.00335633265786, -0.00244150799699, 0.00249805441126, -0.0019741805736, 0.00194305973127, -0.00077956734458, 0.00222272682004, -0.00105561199598, 0.00277883373201, -0.000778731482569, 0.00120269833133], [-0.0010266744066, 0.00346141774207, -0.00244150799699, 0.00753671070561, -0.00314994296059, 0.0012437304249, -0.00178462418262, 0.000422307202825, -0.00295989797451, 0.00118451367598, -0.00313725089654, 0.00325321173295, -0.00170953013003], [0.000747832469642, -0.00465862359852, 0.00249805441126, -0.00314994296059, 0.00873391889036, -0.00386202265508, 0.00312594138086, -0.00123914529104, 0.00368378101848, -0.00142921146471, 0.00211499352008, -0.0036373580806, 0.00401295954362], [-0.000958990829531, 0.00342666637152, -0.0019741805736, 0.0012437304249, -0.00386202265508, 0.00994847901165, -0.00383341452107, 0.000558880448807, -0.0020042178221, -0.000447354104836, -0.000453524349723, 0.00120065372903, -0.00298546697013], [0.000541361514479, -0.00432661455125, 0.00194305973127, -0.00178462418262, 0.00312594138086, -0.00383341452107, 0.0132094714791, -0.00387242087163, 0.004559610039, -0.000656255346257, 3.90120621887e-05, -0.00434242933989, 0.00312751741149], [-0.000438113784185, 0.00281786685809, -0.00077956734458, 0.000422307202825, -0.00123914529104, 0.000558880448807, -0.00387242087163, 0.0102198766544, -0.0040695220232, -0.000383038277505, -1.54821791511e-05, 0.000275004422292, 0.000410596112488], [0.00114650372416, -0.00478607369587, 0.00222272682004, -0.00295989797451, 0.00368378101848, -0.0020042178221, 0.004559610039, -0.0040695220232, 0.016211476177, -0.00777770532295, 0.00579870771617, -0.00471779191867, 0.00168902042788], [-0.000190936742001, 0.00366949592717, -0.00105561199598, 0.00118451367598, -0.00142921146471, -0.000447354104836, -0.000656255346257, -0.000383038277505, -0.00777770532295, 0.0161879956722, -0.00794393196702, 0.00533383805305, -0.00225391448475], [0.000657035387121, -0.0036140254233, 0.00277883373201, -0.00313725089654, 0.00211499352008, -0.000453524349723, 3.90120621887e-05, -1.54821791511e-05, 0.00579870771617, -0.00794393196702, 0.0183779448271, -0.00823469366878, 0.00282800476998], [-0.000854341080412, 0.00438504945487, -0.000778731482569, 0.00325321173295, -0.0036373580806, 0.00120065372903, -0.00434242933989, 0.000275004422292, -0.00471779191867, 0.00533383805305, -0.00823469366878, 0.0163302738219, -0.00612951954827], [0.000755839108024, -0.00295754149556, 0.00120269833133, -0.00170953013003, 0.00401295954362, -0.00298546697013, 0.00312751741149, 0.000410596112488, 0.00168902042788, -0.00225391448475, 0.00282800476998, -0.00612951954827, 0.013295294717]]
    },
    "melbands": {
        "dmean": [5.97289108555e-05, 0.000127582388814, 0.00042525556637, 0.000999944284558, 0.000319532176945, 0.000413042347645, 0.000160259412951, 6.32212686469e-05, 1.59676328622e-05, 7.25142817828e-05, 5.85826783208e-05, 2.16908774746e-05, 5.18863780599e-05, 2.17298329517e-05, 1.11385224955e-05, 1.24875559777e-05, 2.2416295451e-06, 9.0612945769e-07, 3.00091255667e-06, 9.3652738542e-07, 6.38007577436e-07, 1.04831190129e-06, 8.42419979108e-07, 5.68184589156e-07, 1.77819185865e-06, 6.24595315912e-07, 1.83032838663e-07, 9.32736270443e-08, 7.76061597207e-08, 6.44620854473e-08, 5.21670955322e-08, 7.90025183051e-08, 7.5779951203e-08, 6.74467344197e-08, 7.1658028844e-08, 5.93110414115e-08, 5.97568927674e-08, 4.016739652e-08, 4.55062796334e-08, 4.67214107402e-08],
        "dmean2": [8.26420800877e-05, 0.000195317203179, 0.000681070436258, 0.00151515938342, 0.000449653802207, 0.000592283497099, 0.000243717251578, 9.62097692536e-05, 2.29306297115e-05, 0.000106801278889, 8.46880211611e-05, 3.33798125212e-05, 7.69714461057e-05, 3.27308553096e-05, 1.57046670211e-05, 1.81596769835e-05, 3.30495777234e-06, 1.41569876178e-06, 4.79654545416e-06, 1.43010788634e-06, 1.0234932688e-06, 1.67065445567e-06, 1.25884685076e-06, 8.84771623078e-07, 2.70644704869e-06, 1.01913587969e-06, 3.05910987208e-07, 1.44108568634e-07, 1.19762233908e-07, 1.04531686418e-07, 8.10099507476e-08, 1.16341141165e-07, 1.1575330916e-07, 9.87429373822e-08, 1.06958374602e-07, 9.11349147259e-08, 1.00163475736e-07, 5.98517715389e-08, 6.69565025646e-08, 7.24473707692e-08],
        "dvar": [1.08300968193e-08, 8.71754863851e-08, 7.29497912744e-07, 6.97140330885e-06, 2.55499344348e-07, 5.89346484503e-07, 8.05900484124e-08, 1.38547679995e-08, 9.99975990901e-10, 1.98881817681e-08, 1.11050280083e-08, 6.27427931832e-09, 5.91202500289e-08, 3.91611765238e-09, 3.18679815869e-09, 1.69822411689e-09, 4.06170791445e-11, 7.66720367751e-12, 1.32647337558e-10, 6.67947858482e-12, 7.9044644094e-12, 1.8386653311e-11, 1.26382446175e-11, 4.60107733163e-12, 7.09325723158e-11, 1.14903720219e-11, 6.24952455237e-13, 2.39448462143e-13, 9.7216763177e-14, 8.90326156441e-14, 7.88691282964e-14, 5.28952370186e-13, 2.06920499615e-13, 1.76529987459e-13, 2.02252318083e-13, 3.63865106665e-13, 2.9138413145e-13, 6.73599698697e-14, 4.20099441074e-14, 4.43895307068e-14],
        "dvar2": [2.1032908748e-08, 2.14141124388e-07, 1.7865773998e-06, 1.45921994772e-05, 4.9028022886e-07, 1.3625461861e-06, 2.01730628646e-07, 2.90024271266e-08, 1.87868987034e-09, 4.18731360696e-08, 2.3474427735e-08, 1.36785356375e-08, 1.29196834564e-07, 7.77315811717e-09, 6.29720009471e-09, 3.28239790903e-09, 8.01012520202e-11, 1.75210436437e-11, 3.5537117693e-10, 1.61727940068e-11, 2.19964393922e-11, 5.03848941735e-11, 2.64274505057e-11, 1.19034417739e-11, 1.57856783201e-10, 2.91139612418e-11, 1.63683617441e-12, 5.46044437964e-13, 2.1860249342e-13, 2.38697516614e-13, 2.00324159387e-13, 1.06948445325e-12, 4.00370085392e-13, 4.29307441376e-13, 4.0016950799e-13, 8.97775831541e-13, 8.26838218119e-13, 1.60256749819e-13, 9.4666557037e-14, 1.07819277866e-13],
        "max": [0.00123557785992, 0.0048344428651, 0.0105231544003, 0.0476608984172, 0.00840333476663, 0.0130121214315, 0.00549676921219, 0.00240722252056, 0.000646468775813, 0.00246683345176, 0.00225155055523, 0.00152521347627, 0.0061035095714, 0.00141624757089, 0.00232961331494, 0.00148602027912, 0.000203859453904, 7.91621059761e-05, 0.000286350317765, 6.05050481681e-05, 9.18976656976e-05, 0.000124064157717, 0.000112629080832, 5.44970716874e-05, 0.000166012410773, 8.78797000041e-05, 1.31748574859e-05, 1.71904630406e-05, 6.70416739013e-06, 8.20775494503e-06, 7.86779401096e-06, 2.83139906969e-05, 1.25458846014e-05, 1.10743776531e-05, 1.56327805598e-05, 2.27825566981e-05, 1.4878570255e-05, 7.29291650714e-06, 4.15428985434e-06, 4.34427556684e-06],
        "mean": [8.34985476104e-05, 0.000161145188031, 0.0010999039514, 0.00304836803116, 0.00135385640897, 0.00134046678431, 0.000501460628584, 0.000195594970137, 5.61541128263e-05, 0.000200540715014, 0.00015704992984, 5.40238979738e-05, 9.48511587922e-05, 5.15999636264e-05, 2.52038280451e-05, 2.87641396426e-05, 4.77377716379e-06, 2.13484167944e-06, 6.85992927174e-06, 2.11728161048e-06, 1.20379968394e-06, 1.89472916645e-06, 1.5739886976e-06, 1.1046487316e-06, 2.55252552961e-06, 7.54307109219e-07, 2.70715730721e-07, 1.42610872444e-07, 1.39447138281e-07, 1.09816440386e-07, 7.60437828262e-08, 9.65142277209e-08, 1.26662627054e-07, 1.03403856144e-07, 1.01529607832e-07, 7.68406565044e-08, 5.96025309108e-08, 4.66920901943e-08, 5.60191750765e-08, 5.35533430934e-08],
        "median": [2.08231685974e-05, 3.81806967198e-05, 0.000371788570192, 0.00112625025213, 0.00084024912212, 0.00081152736675, 0.000299296632875, 9.20682796277e-05, 1.97427834792e-05, 8.12666476122e-05, 6.94394548191e-05, 1.30823409563e-05, 1.69744689629e-05, 9.01122530195e-06, 2.58088812188e-06, 3.08503058477e-06, 1.54650842887e-06, 1.00143574855e-06, 1.16168598652e-06, 6.3067540168e-07, 3.3995959825e-07, 3.36878656526e-07, 2.29996459211e-07, 1.49071311739e-07, 2.06879789744e-07, 1.04354882069e-07, 5.28402708255e-08, 2.51471448109e-08, 2.20572715648e-08, 1.61162478918e-08, 9.93840298946e-09, 9.73927072323e-09, 9.28353038887e-09, 7.03731650731e-09, 9.3978957949e-09, 6.69742483694e-09, 5.54845946965e-09, 4.41917702432e-09, 3.72433595075e-09, 3.64226426797e-09],
        "min": [3.79507294765e-24, 3.84044231046e-24, 2.67936941724e-24, 1.64776508576e-23, 1.35752959032e-23, 7.44226208571e-24, 2.77924058835e-23, 1.27863371793e-23, 1.06633413005e-23, 5.71769578991e-24, 8.54324290783e-24, 1.05569058206e-23, 2.80658124515e-23, 1.90568505199e-23, 1.12324839332e-23, 8.66499017791e-24, 5.13126172056e-24, 5.66109778097e-24, 5.88106217806e-24, 6.66518045152e-24, 1.10627494654e-23, 1.07097602427e-23, 1.29620456907e-23, 1.31480796025e-23, 8.06177190952e-24, 7.90727034578e-24, 1.19952209207e-23, 1.30876528572e-23, 1.64483920066e-23, 1.18701233584e-23, 1.15918873839e-23, 1.33351950427e-23, 8.84961676189e-24, 1.15132963274e-23, 1.22647423487e-23, 1.28321171442e-23, 1.13328081077e-23, 9.39822771184e-24, 8.11303445772e-24, 5.67136125578e-24],
        "var": [2.06126653524e-08, 1.09990800468e-07, 2.81454822471e-06, 2.78739953501e-05, 1.96331643565e-06, 2.4527403184e-06, 3.43105170941e-07, 7.80090374519e-08, 7.46382067263e-09, 9.68238040855e-08, 4.95341119233e-08, 2.48967015892e-08, 1.05241646509e-07, 1.87171078636e-08, 2.11159161267e-08, 1.01062065383e-08, 1.27978377895e-10, 2.33493918644e-11, 5.51180934227e-10, 2.48603221342e-11, 1.75291066384e-11, 3.81008211092e-11, 3.01073888043e-11, 9.46687780251e-12, 9.72492503193e-11, 1.17085837553e-11, 8.20073609714e-13, 3.47671408807e-13, 2.47337496621e-13, 1.51901128937e-13, 1.05765737965e-13, 6.07719929067e-13, 4.10321922923e-13, 2.91661361946e-13, 3.22525941501e-13, 4.03954159619e-13, 2.004591019e-13, 7.73000641361e-14, 5.30146232632e-14, 5.31337635294e-14]
    },
    "mfcc": {
        "mean": [-765.764404297, 206.327224731, 15.0232248306, 0.0288824494928, -5.68232631683, -16.0834560394, -11.317647934, -5.53300285339, -17.9133281708, -13.9449748993, -12.2765073776, -13.8681869507, -7.49707651138],
        "cov": [[3165.97998047, -1345.27832031, -411.244262695, 102.565910339, -15.6272163391, 109.107513428, 230.123291016, 288.991882324, 4.63496398926, -0.356550008059, 95.0937652588, 99.7155380249, 125.808837891], [-1345.27832031, 1259.37011719, 198.255325317, 1.7199754715, 52.2342834473, -19.030632019, -55.4072990417, -81.0053710938, -36.473903656, -42.9101829529, -80.8692016602, -60.1460838318, -112.391204834], [-411.244262695, 198.255325317, 582.962219238, 40.0048751831, 16.965511322, 29.9123096466, -41.2533035278, -86.9182510376, 66.0604553223, 20.198972702, -27.6397190094, -17.7983779907, -43.3377532959], [102.565910339, 1.7199754715, 40.0048751831, 176.840438843, 37.4058609009, 4.62745189667, 27.3087520599, 9.99691295624, -16.4022083282, 3.87979578972, 10.5637264252, 11.4977273941, -15.852684021], [-15.6272163391, 52.2342834473, 16.965511322, 37.4058609009, 165.329833984, 37.0295906067, -0.996586084366, 4.55042362213, 11.3990716934, 18.1139373779, 6.04476737976, -10.9287748337, 1.77426218987], [109.107513428, -19.030632019, 29.9123096466, 4.62745189667, 37.0295906067, 127.142875671, 27.9301567078, 3.17302489281, 1.89812326431, -5.27915716171, -7.10411310196, -1.42571592331, 6.16697359085], [230.123291016, -55.4072990417, -41.2533035278, 27.3087520599, -0.996586084366, 27.9301567078, 158.505996704, 58.6025238037, -20.9068145752, -17.4795780182, 5.50722312927, 28.4501018524, 4.55689907074], [288.991882324, -81.0053710938, -86.9182510376, 9.99691295624, 4.55042362213, 3.17302489281, 58.6025238037, 165.36819458, 5.3938574791, -37.3665275574, 14.0916376114, 21.2070007324, 18.1641864777], [4.63496398926, -36.473903656, 66.0604553223, -16.4022083282, 11.3990716934, 1.89812326431, -20.9068145752, 5.3938574791, 123.809585571, 27.7483272552, -6.19579648972, 10.2987785339, 17.7345294952], [-0.356550008059, -42.9101829529, 20.198972702, 3.87979578972, 18.1139373779, -5.27915716171, -17.4795780182, -37.3665275574, 27.7483272552, 128.489852905, 32.8091812134, -4.89878702164, 17.742269516], [95.0937652588, -80.8692016602, -27.6397190094, 10.5637264252, 6.04476737976, -7.10411310196, 5.50722312927, 14.0916376114, -6.19579648972, 32.8091812134, 134.016983032, 25.0183391571, -14.8043756485], [99.7155380249, -60.1460838318, -17.7983779907, 11.4977273941, -10.9287748337, -1.42571592331, 28.4501018524, 21.2070007324, 10.2987785339, -4.89878702164, 25.0183391571, 113.604721069, 21.83045578], [125.808837891, -112.391204834, -43.3377532959, -15.852684021, 1.77426218987, 6.16697359085, 4.55689907074, 18.1641864777, 17.7345294952, 17.742269516, -14.8043756485, 21.83045578, 119.277824402]],
