{
"lowlevel": {
    "average_loudness": 0.962161362171,
    "barkbands_crest": {
        "dmean": 2.53515219688,
        "dmean2": 4.26140594482,
        "dvar": 5.09565544128,
        "dvar2": 14.3906068802,
        "max": 26.4349899292,
        "mean": 13.8987503052,
        "median": 13.517159462,
        "min": 5.99208450317,
        "var": 11.8310995102
    },
    "barkbands_flatness_db": {
        "dmean": 0.0351980552077,
        "dmean2": 0.0492411181331,
        "dvar": 0.00102621200494,
        "dvar2": 0.0020053954795,
        "max": 0.515250444412,
        "mean": 0.312477380037,
        "median": 0.320630818605,
        "min": 0.065565392375,
        "var": 0.00520785432309
    },
    "barkbands_kurtosis": {
        "dmean": 19.2338371277,
        "dmean2": 30.6622219086,
        "dvar": 703.100402832,
        "dvar2": 1762.08935547,
        "max": 429.935241699,
        "mean": 41.6366767883,
        "median": 32.5444946289,
        "min": -1.56416130066,
        "var": 1261.64294434
    },
    "barkbands_skewness": {
        "dmean": 1.17461669445,
        "dmean2": 1.83995509148,
        "dvar": 1.55498051643,
        "dvar2": 3.70000886917,
        "max": 17.9407463074,
        "mean": 4.22607040405,
        "median": 3.99985408783,
        "min": -1.66870200634,
        "var": 3.90887761116
    },
    "barkbands_spread": {
        "dmean": 1.7455534935,
        "dmean2": 2.69499015808,
        "dvar": 14.457274437,
        "dvar2": 32.4667396545,
        "max": 69.8391876221,
        "mean": 4.29918193817,
        "median": 2.29197883606,
        "min": 0.322758823633,
        "var": 41.0244865417
    },
    "dissonance": {
        "dmean": 0.0243889074773,
        "dmean2": 0.0394366048276,
        "dvar": 0.000444311270257,
        "dvar2": 0.00116292003077,
        "max": 0.499926000834,
        "mean": 0.437436848879,
        "median": 0.444603204727,
        "min": 0.288177281618,
        "var": 0.00148461398203
    },
    "dynamic_complexity": 2.00372052193,
    "erbbands_crest": {
        "dmean": 2.8833091259,
        "dmean2": 4.74136543274,
        "dvar": 7.47741937637,
        "dvar2": 18.8945388794,
        "max": 29.9553813934,
        "mean": 13.3363828659,
        "median": 12.5187549591,
        "min": 2.96547031403,
        "var": 25.8319778442
    },
    "erbbands_flatness_db": {
        "dmean": 0.0273955352604,
        "dmean2": 0.0364728905261,
        "dvar": 0.00058843853185,
        "dvar2": 0.00112006196287,
        "max": 0.353688389063,
        "mean": 0.196096763015,
        "median": 0.197836533189,
        "min": 0.0732276141644,
        "var": 0.00258028693497
    },
    "erbbands_kurtosis": {
        "dmean": 4.04825305939,
        "dmean2": 6.00288677216,
        "dvar": 30.7853431702,
        "dvar2": 59.6765632629,
        "max": 90.6019363403,
        "mean": 8.00585842133,
        "median": 4.17772436142,
        "min": -1.7038680315,
        "var": 123.037879944
    },
    "erbbands_skewness": {
        "dmean": 0.602415382862,
        "dmean2": 0.88754349947,
        "dvar": 0.384360551834,
        "dvar2": 0.748831450939,
        "max": 8.58614253998,
        "mean": 2.22253584862,
        "median": 2.0794980526,
        "min": -1.91344726086,
        "var": 2.21983337402
    },
    "erbbands_spread": {
        "dmean": 11.9410552979,
        "dmean2": 17.4492321014,
        "dvar": 212.999053955,
        "dvar2": 416.808105469,
        "max": 143.6534729,
        "mean": 35.6366539001,
        "median": 28.9175491333,
        "min": 2.49008154869,
        "var": 622.61340332
    },
    "hfc": {
        "dmean": 4.48011779785,
        "dmean2": 6.74767398834,
        "dvar": 52.9329109192,
        "dvar2": 112.153083801,
        "max": 162.973297119,
        "mean": 12.4707260132,
        "median": 10.1588525772,
        "min": 1.15915611799e-16,
        "var": 120.560577393
    },
    "melbands_crest": {
        "dmean": 3.13099551201,
        "dmean2": 5.23453092575,
        "dvar": 7.58881950378,
        "dvar2": 19.8772182465,
        "max": 31.9055843353,
        "mean": 19.3191928864,
        "median": 18.7776222229,
        "min": 3.82061028481,
        "var": 23.0455665588
    },
    "melbands_flatness_db": {
        "dmean": 0.0385989174247,
        "dmean2": 0.0529515594244,
        "dvar": 0.00133289652877,
        "dvar2": 0.00251931115054,
        "max": 0.642379045486,
        "mean": 0.411465317011,
        "median": 0.419735133648,
        "min": 0.00946708302945,
        "var": 0.00692711211741
    },
    "melbands_kurtosis": {
        "dmean": 35.7758293152,
        "dmean2": 56.9419670105,
        "dvar": 2378.6340332,
        "dvar2": 5807.26269531,
        "max": 680.802001953,
        "mean": 78.4237060547,
        "median": 59.0020904541,
        "min": -1.06836688519,
        "var": 4737.65771484
    },
    "melbands_skewness": {
        "dmean": 1.45296347141,
        "dmean2": 2.21794033051,
        "dvar": 2.37475538254,
        "dvar2": 5.39300012589,
        "max": 21.107843399,
        "mean": 5.1023683548,
        "median": 4.59214735031,
        "min": 0.000770144048147,
        "var": 6.82124090195
    },
    "melbands_spread": {
        "dmean": 1.24112451077,
        "dmean2": 1.93900871277,
        "dvar": 16.1189002991,
        "dvar2": 29.2952899933,
        "max": 123.391586304,
        "mean": 3.07331109047,
        "median": 1.75814700127,
        "min": 0.255547136068,
        "var": 29.2851734161
    },
    "pitch_salience": {
        "dmean": 0.0837795585394,
        "dmean2": 0.138528555632,
        "dvar": 0.00502592138946,
        "dvar2": 0.0137615371495,
        "max": 0.794004201889,
        "mean": 0.450910836458,
        "median": 0.460660815239,
        "min": 0.0776935368776,
        "var": 0.0126482164487
    },
    "silence_rate_20dB": {
        "dmean": 0.00206185574643,
        "dmean2": 0.00412583816797,
        "dvar": 0.00205762940459,
        "dvar2": 0.00514027988538,
        "max": 1,
        "mean": 0.998454391956,
        "median": 1,
        "min": 0,
        "var": 0.00154320325237
    },
    "silence_rate_30dB": {
        "dmean": 0.129896908998,
        "dmean2": 0.259927809238,
        "dvar": 0.11302550137,
        "dvar2": 0.237751528621,
        "max": 1,
        "mean": 0.76609992981,
        "median": 1,
        "min": 0,
        "var": 0.179191723466
    },
    "silence_rate_60dB": {
        "dmean": 0.00360824749805,
        "dmean2": 0.00670448690653,
        "dvar": 0.00359518779442,
        "dvar2": 0.00769097311422,
        "max": 1,
        "mean": 0.010303966701,
        "median": 0,
        "min": 0,
        "var": 0.0101979142055
    },
    "spectral_centroid": {
        "dmean": 94.4967498779,
        "dmean2": 138.402450562,
        "dvar": 85754.4296875,
        "dvar2": 115553.265625,
        "max": 10867.7324219,
        "mean": 360.830352783,
        "median": 254.103012085,
        "min": 110.022033691,
        "var": 159876
    },
    "spectral_complexity": {
        "dmean": 1.2273195982,
        "dmean2": 2.02527070045,
        "dvar": 2.702470541,
        "dvar2": 5.96891546249,
        "max": 29,
        "mean": 6.29726934433,
        "median": 6,
        "min": 0,
        "var": 9.52778148651
    },
    "spectral_decrease": {
        "dmean": 7.53659978869e-09,
        "dmean2": 1.18889245115e-08,
        "dvar": 9.55531250353e-17,
        "dvar2": 2.15502043031e-16,
        "max": -3.17480673999e-29,
        "mean": -1.98659595441e-08,
        "median": -1.69679665873e-08,
        "min": -1.25757722458e-07,
        "var": 1.85851138552e-16
    },
    "spectral_energy": {
        "dmean": 0.028781209141,
        "dmean2": 0.0453691594303,
        "dvar": 0.00139383249916,
        "dvar2": 0.00314253265969,
        "max": 0.479915231466,
        "mean": 0.0761096552014,
        "median": 0.064879193902,
        "min": 1.0633729084e-20,
        "var": 0.00271352380514
    },
    "spectral_energyband_high": {
        "dmean": 0.000156669993885,
        "dmean2": 0.000211488819332,
        "dvar": 2.33049348708e-07,
        "dvar2": 4.62565509451e-07,
        "max": 0.0118734845892,
        "mean": 0.000230584817473,
        "median": 4.26489095844e-05,
        "min": 7.50390221271e-21,
        "var": 4.91515606882e-07
    },
    "spectral_energyband_low": {
        "dmean": 0.0257360339165,
        "dmean2": 0.0409149564803,
        "dvar": 0.00117960374337,
        "dvar2": 0.00275011314079,
        "max": 0.373056232929,
        "mean": 0.0587054938078,
        "median": 0.048047427088,
        "min": 6.35774621063e-23,
        "var": 0.0022357928101
    },
    "spectral_energyband_middle_high": {
        "dmean": 0.000346187036484,
        "dmean2": 0.000514360144734,
        "dvar": 2.17641013478e-06,
        "dvar2": 5.06543938172e-06,
        "max": 0.036910738796,
        "mean": 0.000982281169854,
        "median": 0.000278648600215,
        "min": 1.73015831303e-21,
        "var": 5.66195603824e-06
    },
    "spectral_energyband_middle_low": {
        "dmean": 0.0085922582075,
        "dmean2": 0.0140833947808,
        "dvar": 0.000152376305778,
        "dvar2": 0.000358939054422,
        "max": 0.170961230993,
        "mean": 0.0200848672539,
        "median": 0.0150723317638,
        "min": 4.71585391032e-22,
        "var": 0.000339578342391
    },
    "spectral_entropy": {
        "dmean": 0.356853842735,
        "dmean2": 0.48050814867,
        "dvar": 0.113298438489,
        "dvar2": 0.203366622329,
        "max": 9.78908729553,
        "mean": 6.31076383591,
        "median": 6.24707460403,
        "min": 4.57418775558,
        "var": 0.470485448837
    },
    "spectral_flux": {
        "dmean": 0.0446695797145,
        "dmean2": 0.070797547698,
        "dvar": 0.00243385811336,
        "dvar2": 0.00577969336882,
        "max": 0.455613195896,
        "mean": 0.10372915864,
        "median": 0.085003234446,
        "min": 1.03119970896e-10,
        "var": 0.00426657218486
    },
    "spectral_kurtosis": {
        "dmean": 4.38152170181,
        "dmean2": 6.79232740402,
        "dvar": 29.7587203979,
        "dvar2": 70.2501373291,
        "max": 71.8118972778,
        "mean": 8.8890953064,
        "median": 6.87959957123,
        "min": -1.21032571793,
        "var": 60.0294151306
    },
    "spectral_rms": {
        "dmean": 0.0015675680479,
        "dmean2": 0.00242798170075,
        "dvar": 2.86487079393e-06,
        "dvar2": 6.36840286461e-06,
        "max": 0.0216381605715,
        "mean": 0.00814592558891,
        "median": 0.00795592647046,
        "min": 3.2209267805e-12,
        "var": 7.89731984696e-06
    },
    "spectral_rolloff": {
        "dmean": 72.3578262329,
        "dmean2": 121.991226196,
        "dvar": 252058.96875,
        "dvar2": 370565.71875,
        "max": 18798.4863281,
        "mean": 244.586380005,
        "median": 193.798828125,
        "min": 64.599609375,
        "var": 302459.59375
    },
    "spectral_skewness": {
        "dmean": 0.485935360193,
        "dmean2": 0.693029105663,
        "dvar": 0.22431434691,
        "dvar2": 0.478496193886,
        "max": 7.16446447372,
        "mean": 2.33207559586,
        "median": 2.2679541111,
        "min": -0.00592673476785,
        "var": 0.769968271255
    },
    "spectral_spread": {
        "dmean": 815984.6875,
        "dmean2": 1042070.6875,
        "dvar": 1.28796249293e+12,
        "dvar2": 1.74790659277e+12,
        "max": 40440956,
        "mean": 4177218,
        "median": 3937594.75,
        "min": 1253332.5,
        "var": 2.77362612634e+12
    },
    "spectral_strongpeak": {
        "dmean": 0.325563937426,
        "dmean2": 0.554936170578,
        "dvar": 0.108930334449,
        "dvar2": 0.282044947147,
        "max": 3.46115016937,
        "mean": 0.776152789593,
        "median": 0.691727161407,
        "min": 1.41632761075e-10,
        "var": 0.235089689493
    },
    "zerocrossingrate": {
        "dmean": 0.00468498328701,
        "dmean2": 0.00588984554633,
        "dvar": 0.000162232143339,
        "dvar2": 0.000175761102582,
        "max": 0.5048828125,
        "mean": 0.0156916640699,
        "median": 0.01123046875,
        "min": 0.00048828125,
        "var": 0.000321075029206
    },
    "barkbands": {
        "dmean": [0.000425600999733, 0.0157038848847, 0.0121296532452, 0.00422241259366, 0.00546560576186, 0.000336805329425, 0.000158199036377, 6.91550012561e-05, 2.49131535384e-05, 7.09095111233e-05, 6.37029734207e-05, 4.0184786485e-05, 1.71268256963e-05, 6.095138815e-05, 5.67369024793e-05, 3.02043699776e-05, 4.79348746012e-05, 2.00224294531e-05, 3.22621162923e-05, 1.76343728526e-05, 4.30061372754e-05, 2.90906737064e-05, 3.57342541975e-05, 2.61301865976e-05, 1.77228685061e-05, 7.98240034783e-06, 6.01500289577e-07],
        "dmean2": [0.000661880825646, 0.0257038958371, 0.0195134673268, 0.00678617320955, 0.00922512449324, 0.00054359366186, 0.000244163384195, 0.000105045757664, 3.9293532609e-05, 0.000111497931357, 9.77635572781e-05, 6.39455101918e-05, 2.62068824668e-05, 9.70758337644e-05, 8.98488142411e-05, 4.77172543469e-05, 7.13969420758e-05, 3.15008219332e-05, 4.59415387013e-05, 2.57208030234e-05, 5.96536046942e-05, 4.10639368056e-05, 5.25741234014e-05, 3.7674781197e-05, 2.65116614173e-05, 1.16165929285e-05, 1.035379114e-06],
        "dvar": [6.0301584881e-07, 0.000487576326123, 0.000299396517221, 5.5449854699e-05, 6.55343392282e-05, 2.92141464797e-07, 1.6543671677e-07, 9.58723589406e-08, 3.36831584846e-09, 2.45478815941e-07, 1.29078813416e-07, 7.28178335407e-08, 3.45816641989e-09, 1.0799692518e-07, 1.1364159036e-07, 1.9982230981e-08, 1.00533881664e-07, 7.26471505175e-09, 3.00376647999e-08, 2.40153341657e-09, 3.20534319087e-08, 7.13436332234e-09, 4.04004936172e-08, 9.52883283389e-09, 6.4360721197e-09, 2.34414110345e-09, 3.34896346765e-11],
        "dvar2": [1.35082666475e-06, 0.00118160317652, 0.000784258940257, 0.000116548973892, 0.000176049768925, 7.40405027955e-07, 3.07660684484e-07, 2.12021717516e-07, 6.60094423566e-09, 5.64426329674e-07, 2.94107792342e-07, 1.72020250488e-07, 7.3775074938e-09, 2.63319861915e-07, 2.48544864689e-07, 4.54298216823e-08, 2.27626145488e-07, 2.05647356921e-08, 5.74217331462e-08, 5.41908029561e-09, 5.52816814547e-08, 1.55064086016e-08, 9.41659266118e-08, 2.22142606532e-08, 1.46988732297e-08, 4.92946750086e-09, 8.68668609266e-11],
        "max": [0.00736066978425, 0.213430538774, 0.19059407711, 0.133861005306, 0.145951285958, 0.00658270576969, 0.0115764159709, 0.0077731218189, 0.00135014334228, 0.0166107043624, 0.0105766355991, 0.0083549534902, 0.00153615337331, 0.00994367245585, 0.0102526238188, 0.00419688504189, 0.0114070707932, 0.00234707375057, 0.00564269069582, 0.00150246021803, 0.00654904358089, 0.00180366868153, 0.00623111380264, 0.00289819901809, 0.00199217302725, 0.00141580728814, 0.000150246705743],
        "mean": [0.000574820383918, 0.0298096947372, 0.0244550257921, 0.00714103039354, 0.0115063348785, 0.000711622298695, 0.000482589821331, 0.000134130634251, 6.18707126705e-05, 0.000183515337994, 0.000202329203603, 8.00660272944e-05, 3.47481072822e-05, 0.000150530904648, 0.00012509386579, 5.01307331433e-05, 8.01700007287e-05, 2.70300770353e-05, 5.66934795643e-05, 2.32711317949e-05, 7.32681364752e-05, 4.15894792241e-05, 4.3891115638e-05, 3.35019467457e-05, 1.83415613719e-05, 8.03080638434e-06, 4.4240627517e-07],
        "median": [0.000266622781055, 0.0221683066338, 0.0166678112, 0.0031394592952, 0.00736187491566, 0.000393987051211, 7.70827755332e-05, 2.37134590861e-05, 2.16916105273e-05, 1.65711426234e-05, 1.99854221137e-05, 1.42559711094e-05, 1.31853385028e-05, 1.84833206731e-05, 2.34163089772e-05, 1.19952937894e-05, 1.17024073916e-05, 7.82003007771e-06, 7.67257824918e-06, 6.18939839114e-06, 1.30577955133e-05, 8.71343308972e-06, 5.67210918234e-06, 4.83140775032e-06, 1.78325967681e-06, 3.76625393983e-07, 2.30461782991e-09],
        "min": [1.64338911655e-23, 2.61503745543e-23, 2.81920144191e-23, 1.26653866587e-24, 4.44513590652e-23, 2.96207929797e-23, 4.82561803615e-23, 1.51004877815e-22, 1.76306726759e-22, 9.6310431264e-23, 6.21552973554e-23, 1.54442632666e-22, 7.42101711489e-23, 1.6592555706e-22, 1.49324326408e-22, 1.06681535098e-22, 2.50684698089e-22, 1.07368172251e-22, 4.54780508049e-22, 2.64471159434e-22, 2.54209025691e-22, 3.35862642217e-22, 6.07890155112e-22, 8.33001421535e-22, 1.37328602036e-21, 1.83408135931e-21, 2.3970977235e-21],
        "var": [7.61381727443e-07, 0.000736401765607, 0.000670590321533, 0.000124976155348, 0.000153049913934, 7.17479224477e-07, 1.36158348596e-06, 1.93432043716e-07, 1.31010473581e-08, 6.90348031185e-07, 4.49863449603e-07, 1.33690946313e-07, 6.76754030593e-09, 2.62207890955e-07, 3.12584347739e-07, 3.68968002817e-08, 1.80942862471e-07, 7.50867279464e-09, 8.73366587939e-08, 3.31478755555e-09, 9.24838232663e-08, 1.58163615538e-08, 4.89932467929e-08, 1.30651081065e-08, 7.701000726e-09, 3.35657412975e-09, 2.72290575504e-11]
    },
    "erbbands": {
        "dmean": [0.343221724033, 4.08336639404, 14.4653682709, 11.4602117538, 16.2462177277, 19.9941120148, 11.6391372681, 1.91424655914, 2.19503259659, 2.20328402519, 0.745969176292, 0.665514886379, 1.84165608883, 1.72578573227, 2.5728559494, 1.75679814816, 0.854718327522, 2.47818732262, 2.58922863007, 2.41237282753, 1.69760537148, 2.20125722885, 1.48572444916, 1.72696256638, 1.20415103436, 0.894934594631, 1.16279447079, 1.73711788654, 1.1712449789, 0.98007196188, 1.1628575325, 0.585997164249, 0.422869712114, 0.199779182673, 0.140605896711, 0.0467531308532, 0.00905169732869, 0.00247969594784, 7.82209826866e-05, 3.24526408804e-05],
        "dmean2": [0.571811616421, 6.64461994171, 23.1731185913, 18.5840854645, 26.1921443939, 34.733001709, 19.7523880005, 3.09646821022, 3.31496548653, 3.48774433136, 1.12630355358, 1.04931616783, 2.86084508896, 2.72854542732, 3.8866071701, 2.74614357948, 1.31717443466, 3.85838627815, 4.1778626442, 3.72163653374, 2.67754364014, 3.23887300491, 2.21257948875, 2.40250778198, 1.75458419323, 1.32026088238, 1.71544826031, 2.38006591797, 1.67254388332, 1.35663163662, 1.747377038, 0.844614863396, 0.620103657246, 0.29646229744, 0.211792752147, 0.070123642683, 0.0134625108913, 0.00374864251353, 0.000125914593809, 5.06561154907e-05],
        "dvar": [0.417011797428, 31.0970859528, 414.661437988, 295.41506958, 751.832580566, 1188.02648926, 394.573638916, 9.2906255722, 31.4703884125, 69.2818908691, 5.43434476852, 2.63244771957, 128.854904175, 81.789604187, 272.893310547, 169.772705078, 9.37975502014, 114.944503784, 183.480789185, 143.641952515, 64.8981170654, 187.63458252, 71.3000564575, 94.0008087158, 28.9594402313, 6.97449493408, 5.85867929459, 64.4166412354, 15.1936883926, 12.7925157547, 59.1072883606, 5.2057800293, 2.52767467499, 0.572731435299, 0.589485347271, 0.0681814476848, 0.00256132893264, 0.000621570681687, 3.63776933909e-07, 1.9484935887e-09],
        "dvar2": [1.01222288609, 76.6619033813, 1018.54797363, 748.264526367, 1665.265625, 3287.08618164, 1139.87780762, 24.5502319336, 55.0795555115, 172.249847412, 11.552063942, 5.18607473373, 288.990203857, 191.456954956, 568.064208984, 392.801208496, 22.0426673889, 277.957733154, 430.111541748, 309.340026855, 160.096679688, 416.350189209, 173.156661987, 170.522186279, 62.1251754761, 15.838098526, 12.5858831406, 111.871665955, 32.7703208923, 25.5203952789, 143.828842163, 12.4658489227, 5.88196802139, 1.25449836254, 1.39086604118, 0.144166976213, 0.00509778782725, 0.00138410227373, 8.14104737401e-07, 4.25412149951e-09],
        "max": [5.38704776764, 58.942855835, 246.154281616, 205.829559326, 441.424530029, 577.839294434, 262.588409424, 34.6057891846, 205.421142578, 219.543411255, 51.3977851868, 37.2429275513, 327.56854248, 266.442443848, 486.188964844, 426.536712646, 65.5620117188, 245.222503662, 406.409881592, 340.405548096, 275.724945068, 502.702392578, 244.255447388, 295.420501709, 151.695144653, 79.1809463501, 35.6494941711, 297.917205811, 114.310302734, 76.5123291016, 227.353271484, 72.5892944336, 38.0651397705, 19.4761505127, 18.4720363617, 8.0162563324, 1.59393882751, 0.940286397934, 0.0198815613985, 0.00071676436346],
        "mean": [0.635506093502, 7.57312250137, 28.4015808105, 24.946685791, 29.1351318359, 42.2995605469, 23.7898349762, 4.68903684616, 7.32108211517, 4.77797031403, 1.644120574, 1.76341736317, 4.80518341064, 4.34908294678, 8.74600219727, 3.82479023933, 1.83048915863, 6.63240385056, 6.31381845474, 5.10229635239, 2.87055563927, 3.68530774117, 2.36746835709, 3.11924815178, 1.81082832813, 1.15737688541, 1.65841555595, 3.03184366226, 1.80970215797, 1.35121107101, 1.37394046783, 0.784487485886, 0.510642468929, 0.208663925529, 0.144591972232, 0.0465083308518, 0.00985199026763, 0.00245221634395, 9.95033187792e-05, 8.51088989293e-05],
        "median": [0.536581516266, 5.48525285721, 18.4191417694, 16.0385551453, 16.1361656189, 23.2916030884, 11.1854324341, 2.97550082207, 1.26344251633, 1.28925061226, 0.58880007267, 0.610476136208, 0.787746369839, 0.677457153797, 0.783944904804, 0.690167367458, 0.750322163105, 1.04042696953, 1.49398601055, 1.11933803558, 0.724227488041, 0.716470897198, 0.529311358929, 0.366434127092, 0.403974175453, 0.284600228071, 0.41644847393, 0.53281724453, 0.35430586338, 0.210628256202, 0.162306800485, 0.113846205175, 0.0724378153682, 0.025649510324, 0.00975679140538, 0.00273636030033, 0.00050089956494, 3.93329573853e-05, 3.59218174708e-05, 7.19672680134e-05],
        "min": [4.31978262702e-22, 7.29821131338e-21, 3.32144132148e-20, 1.51248424042e-20, 3.08877867963e-20, 2.0979382503e-19, 1.64391638966e-19, 2.96450959137e-19, 5.44738551626e-19, 1.299172972e-18, 4.64092164215e-18, 3.19098838606e-18, 2.56611133592e-18, 3.81438457611e-18, 3.02923962793e-18, 6.62896339045e-18, 4.07265062927e-18, 8.82283828085e-18, 9.81369725711e-18, 5.71582878609e-18, 6.69508324554e-18, 1.43355346696e-17, 5.52221062011e-18, 1.52721066094e-17, 2.15753535716e-17, 1.28328262564e-17, 1.09443538928e-17, 9.49100665553e-18, 1.16987020796e-17, 1.7217112632e-17, 1.76944454762e-17, 1.93176749318e-17, 1.297703527e-17, 1.42264460904e-17, 1.03963202672e-17, 5.12402324402e-18, 3.7363152699e-18, 1.32697099687e-18, 3.30858157101e-19, 3.79125793743e-20],
        "var": [0.43933737278, 50.3376846313, 916.151550293, 718.355163574, 1666.09790039, 2948.59594727, 1020.77648926, 25.7833557129, 356.522094727, 139.133895874, 13.4485998154, 10.2002258301, 374.278869629, 211.001754761, 1055.37426758, 333.151062012, 16.2570724487, 423.629516602, 381.695831299, 408.130645752, 100.534034729, 341.65423584, 118.677627563, 335.677215576, 52.6870689392, 9.45822048187, 11.3749322891, 185.403823853, 37.5078964233, 25.9818305969, 63.7318725586, 7.34347486496, 3.17787504196, 0.713125646114, 0.679083764553, 0.0915453508496, 0.00446388451383, 0.000763559655752, 4.2905858777e-07, 3.7251610685e-09]
    },
    "gfcc": {
        "mean": [-67.4167480469, 136.624481201, -60.3619766235, 69.6297988892, -35.2998580933, 23.958234787, -33.2446136475, -10.8348798752, -17.3480682373, -8.45485210419, -11.8290252686, -8.20182418823, 1.358928442],
        "cov": [[4334.67382812, -931.004516602, -322.969573975, -90.8586730957, -371.124542236, 211.518768311, -279.940917969, 231.195678711, -212.526855469, 184.131256104, -212.611465454, 241.175750732, -161.553634644], [-931.004516602, 1149.11816406, 53.9613952637, -199.550369263, 227.13142395, -131.696914673, 185.936981201, -237.471939087, 149.762496948, -168.219360352, 149.412033081, -158.531341553, 170.048248291], [-322.969573975, 53.9613952637, 431.032714844, 95.8165359497, 77.0621871948, -22.0677642822, 29.9556350708, 3.93438196182, -6.18658733368, -42.3726081848, 0.928216278553, -16.2777748108, -17.1770477295], [-90.8586730957, -199.550369263, 95.8165359497, 291.563415527, 43.2845649719, -26.9072170258, -4.23375892639, 47.2854423523, -0.151025742292, -8.82048130035, 2.56660103798, -21.8781700134, -35.9876899719], [-371.124542236, 227.13142395, 77.0621871948, 43.2845649719, 247.266693115, -20.3534431458, 79.9954071045, -19.4786834717, 66.0341186523, -41.7447891235, 28.2825984955, -43.8884468079, -3.96728563309], [211.518768311, -131.696914673, -22.0677642822, -26.9072170258, -20.3534431458, 142.797119141, 25.7346038818, 20.7365646362, -8.04521942139, 33.2113990784, -7.76272058487, 35.406047821, -7.51532459259], [-279.940917969, 185.936981201, 29.9556350708, -4.23375892639, 79.9954071045, 25.7346038818, 152.639144897, -6.12837409973, 53.809513092, -23.0642967224, 41.9567375183, -28.6186599731, 13.6457967758], [231.195678711, -237.471939087, 3.93438196182, 47.2854423523, -19.4786834717, 20.7365646362, -6.12837409973, 130.231323242, -3.0216422081, 35.109172821, -28.7689857483, 31.748714447, -51.2649154663], [-212.526855469, 149.762496948, -6.18658733368, -0.151025742292, 66.0341186523, -8.04521942139, 53.809513092, -3.0216422081, 92.7696990967, 2.21006441116, 32.6332893372, -30.5349845886, 15.0248250961], [184.131256104, -168.219360352, -42.3726081848, -8.82048130035, -41.7447891235, 33.2113990784, -23.0642967224, 35.109172821, 2.21006441116, 104.487045288, 1.04458248615, 27.0583496094, -29.8830299377], [-212.611465454, 149.412033081, 0.928216278553, 2.56660103798, 28.2825984955, -7.76272058487, 41.9567375183, -28.7689857483, 32.6332893372, 1.04458248615, 92.3790893555, -10.4519233704, 12.4156999588], [241.175750732, -158.531341553, -16.2777748108, -21.8781700134, -43.8884468079, 35.406047821, -28.6186599731, 31.748714447, -30.5349845886, 27.0583496094, -10.4519233704, 90.3241958618, -16.3210754395], [-161.553634644, 170.048248291, -17.1770477295, -35.9876899719, -3.96728563309, -7.51532459259, 13.6457967758, -51.2649154663, 15.0248250961, -29.8830299377, 12.4156999588, -16.3210754395, 89.9213562012]],
        "icov": [[0.000434185174527, -0.000748365418985, 0.000312856427627, -0.000463185249828, 0.000449962855782, -0.00083836511476, 0.000677344272844, -0.000809383578598, 0.000659798504785, -0.000581396743655, 0.001017075032, -0.000811192439869, 0.000864105939399], [-0.000748365418985, 0.0101917870343, -0.00153531157412, 0.00706247193739, -0.003833088791, 0.00640351511538, -0.0047005629167, 0.00720365066081, -0.00584826059639, 0.00714628817514, -0.00861064344645, 0.00651543354616, -0.00717497849837], [0.000312856427627, -0.00153531157412, 0.00307766511105, -0.00177635764703, 5.14263183504e-06, -0.000947673397604, 0.000372250884539, -0.00116566370707, 0.00181069003884, -0.000395714188926, 0.00160523236264, -0.00128895288799, 0.00165279675275], [-0.000463185249828, 0.00706247193739, -0.00177635764703, 0.00928677432239, -0.00326238456182, 0.00468649342656, -0.00238829711452, 0.00284593342803, -0.00334721733816, 0.00534503720701, -0.00699396245182, 0.00608645565808, -0.00417185807601], [0.000449962855782, -0.003833088791, 5.14263183504e-06, -0.00326238456182, 0.0080677177757, -0.00234354822896, 6.69657310937e-05, -0.00139225134626, -0.00178739614785, -0.000679302669596, 0.00386357912794, -0.00238016340882, 0.00521603180096], [-0.00083836511476, 0.00640351511538, -0.000947673397604, 0.00468649342656, -0.00234354822896, 0.0137779293582, -0.00692809559405, 0.00483261793852, -0.00260004005395, 0.00159144925419, -0.00412824004889, 0.00121525209397, -0.0053127175197], [0.000677344272844, -0.0047005629167, 0.000372250884539, -0.00238829711452, 6.69657310937e-05, -0.00692809559405, 0.013900580816, -0.00549959810451, -0.000640014244709, -0.000518276414368, 0.000300648185657, -0.000946661806665, 0.00312181469053], [-0.000809383578598, 0.00720365066081, -0.00116566370707, 0.00284593342803, -0.00139225134626, 0.00483261793852, -0.00549959810451, 0.0184823293239, -0.0076054148376, 0.00335248932242, -0.00180531409569, 0.000748127989937, 0.000323423009831], [0.000659798504785, -0.00584826059639, 0.00181069003884, -0.00334721733816, -0.00178739614785, -0.00260004005395, -0.000640014244709, -0.0076054148376, 0.0228796172887, -0.00820039026439, 0.00135790952481, 0.000470853847219, 6.61134690745e-05], [-0.000581396743655, 0.00714628817514, -0.000395714188926, 0.00534503720701, -0.000679302669596, 0.00159144925419, -0.000518276414368, 0.00335248932242, -0.00820039026439, 0.0195482429117, -0.00826424732804, 0.00329339737073, -0.000796821259428], [0.001017075032, -0.00861064344645, 0.00160523236264, -0.00699396245182, 0.00386357912794, -0.00412824004889, 0.000300648185657, -0.00180531409569, 0.00135790952481, -0.00826424732804, 0.022818941623, -0.00821224600077, 0.00675429776311], [-0.000811192439869, 0.00651543354616, -0.00128895288799, 0.00608645565808, -0.00238016340882, 0.00121525209397, -0.000946661806665, 0.000748127989937, 0.000470853847219, 0.00329339737073, -0.00821224600077, 0.0210275668651, -0.00505592580885], [0.000864105939399, -0.00717497849837, 0.00165279675275, -0.00417185807601, 0.00521603180096, -0.0053127175197, 0.00312181469053, 0.000323423009831, 6.61134690745e-05, -0.000796821259428, 0.00675429776311, -0.00505592580885, 0.0222584679723]]
    },
    "melbands": {
        "dmean": [0.00359665742144, 0.00670544337481, 0.00209305947646, 0.00132335838862, 0.000525255221874, 4.32459310105e-05, 3.26499102812e-05, 2.29117285926e-05, 4.72914507554e-06, 4.39662971985e-06, 9.83797235676e-06, 7.59795102567e-06, 7.84232906881e-06, 5.54998996449e-06, 3.48772255165e-06, 1.77259414613e-06, 5.48051320948e-06, 4.03503509006e-06, 5.40701421414e-06, 2.29491547543e-06, 1.95350821741e-06, 2.10145412893e-06, 2.48555147664e-06, 1.04924993138e-06, 1.50551886691e-06, 9.14667680263e-07, 7.31713896585e-07, 5.69585495214e-07, 6.97862162724e-07, 7.52447078867e-07, 1.27679766138e-06, 7.22982065327e-07, 5.32809394826e-07, 5.52152982891e-07, 7.10395795522e-07, 4.80824041915e-07, 3.38592826665e-07, 3.36191277484e-07, 2.08100701116e-07, 1.52859442437e-07],
        "dmean2": [0.00592209585011, 0.0107689360157, 0.00333333201706, 0.00221776403487, 0.000896787329111, 6.90051965648e-05, 4.95999556733e-05, 3.62215287169e-05, 7.15619216862e-06, 6.95274275131e-06, 1.52895354404e-05, 1.19902915685e-05, 1.20803615573e-05, 8.4204821178e-06, 5.63048115509e-06, 2.72927900369e-06, 8.58298153616e-06, 6.62680804453e-06, 8.45593604026e-06, 3.5630689581e-06, 3.08449330078e-06, 3.14409135171e-06, 3.70074690181e-06, 1.56061560119e-06, 2.11230917557e-06, 1.38169548336e-06, 1.08144490696e-06, 8.51196205076e-07, 1.04763694253e-06, 1.12012776299e-06, 1.74250840246e-06, 1.04610182916e-06, 7.80357993335e-07, 7.8180090668e-07, 1.08184133296e-06, 6.97935433891e-07, 5.00092596667e-07, 4.97496387197e-07, 3.14141914259e-07, 2.31757596225e-07],
        "dvar": [3.156006278e-05, 8.44576352392e-05, 9.93868707155e-06, 4.64290314994e-06, 6.98316910075e-07, 4.74505146286e-09, 6.4985892223e-09, 8.36427549444e-09, 1.66831562454e-10, 1.23854232426e-10, 3.9839886945e-09, 2.0574935089e-09, 2.26575247453e-09, 1.04090125408e-09, 4.77315076353e-10, 4.61432766996e-11, 6.09247430283e-10, 6.99497904044e-10, 1.25725219124e-09, 9.39618521878e-11, 9.79358885655e-11, 1.1040251352e-10, 3.89598048267e-10, 3.02417639542e-11, 8.03855801368e-11, 1.45880946212e-11, 1.1070221996e-11, 2.37161614132e-12, 2.00132813967e-12, 3.48750780858e-12, 5.06343959816e-11, 5.95473149956e-12, 3.29400959634e-12, 3.81250369816e-12, 2.0929053629e-11, 6.18336501793e-12, 1.83287239552e-12, 1.83375840554e-12, 4.66603535323e-13, 3.76332482972e-13],
        "dvar2": [7.69899634179e-05, 0.000201771632419, 2.30064633797e-05, 1.22554429254e-05, 2.04831189876e-06, 1.21197043512e-08, 1.1622462992e-08, 2.04877146359e-08, 3.39298505958e-10, 2.43841891123e-10, 8.98189700393e-09, 4.77802020171e-09, 5.14203257751e-09, 2.23614859962e-09, 1.18900544965e-09, 9.07623004531e-11, 1.4646137636e-09, 1.6768106903e-09, 2.71108135941e-09, 1.90257046229e-10, 2.44400000238e-10, 2.43354253415e-10, 8.83059847467e-10, 8.36420446793e-11, 1.44111472755e-10, 3.21301076023e-11, 2.43809607919e-11, 5.34883942693e-12, 4.7178394004e-12, 7.01899259201e-12, 8.89312651298e-11, 1.24344675181e-11, 8.09474622748e-12, 7.46321927869e-12, 5.10705887302e-11, 1.47083508567e-11, 4.36466010903e-12, 4.22462195435e-12, 1.08419512517e-12, 8.39134534428e-13],
        "max": [0.0478909574449, 0.110428549349, 0.0492927804589, 0.0402303151786, 0.0101408371702, 0.000764827302191, 0.0026950801257, 0.00243734195828, 0.00024712854065, 0.00025768915657, 0.00192075956147, 0.00147780054249, 0.00144244800322, 0.000853102537803, 0.000543773465324, 0.000198165420443, 0.000549247546587, 0.00093617872335, 0.00108651455957, 0.000251958728768, 0.000339085119776, 0.000370722991647, 0.000710043066647, 0.000167991922353, 0.000278888328467, 8.97762511158e-05, 0.000107521322207, 4.16284710809e-05, 1.72130166902e-05, 3.59064288205e-05, 0.00027101606247, 7.62305280659e-05, 3.61792226613e-05, 4.34555186075e-05, 0.000130761880428, 6.88703876222e-05, 4.06706167269e-05, 3.34583310178e-05, 1.28762876557e-05, 1.55281977641e-05],
        "mean": [0.00690469332039, 0.0134860351682, 0.00457788538188, 0.00266877724789, 0.00106993527152, 0.000103823644167, 0.000104347724118, 4.72656793136e-05, 9.95012305793e-06, 1.13379983304e-05, 2.57336432696e-05, 1.86737270269e-05, 2.47745283559e-05, 1.51521280713e-05, 6.7046089498e-06, 3.23052495332e-06, 1.44137611642e-05, 9.61767727858e-06, 1.12849957077e-05, 4.25418238592e-06, 3.04809941554e-06, 3.45850185113e-06, 4.03511921832e-06, 1.5173701513e-06, 2.71396220342e-06, 1.3159582295e-06, 1.02441640593e-06, 6.87381998432e-07, 8.80928268998e-07, 1.15246564292e-06, 2.22193375521e-06, 1.11913982437e-06, 7.1057780815e-07, 7.13283554887e-07, 7.83339601185e-07, 6.50614197184e-07, 4.35591516634e-07, 4.13499435581e-07, 2.18541444497e-07, 1.51536468707e-07],
        "median": [0.00546871358529, 0.00966028310359, 0.00316141429357, 0.00145745661575, 0.000563336769119, 6.36566110188e-05, 1.70266557689e-05, 1.03396923805e-05, 3.68999985767e-06, 3.2623770494e-06, 3.46201682078e-06, 2.07492598747e-06, 2.39410292124e-06, 1.52633083417e-06, 1.38492168844e-06, 1.12078294023e-06, 1.75405864411e-06, 2.05690162147e-06, 1.8929675889e-06, 9.014090665e-07, 6.7794962888e-07, 6.41840927074e-07, 7.05628906417e-07, 2.88884848487e-07, 2.72423164915e-07, 2.74538933809e-07, 2.52124863209e-07, 1.60134959515e-07, 2.0522340094e-07, 2.93007758501e-07, 2.98241531027e-07, 2.14604099824e-07, 1.23494473314e-07, 9.95239943791e-08, 9.30699712853e-08, 7.30505291813e-08, 6.35585237774e-08, 5.51265380011e-08, 3.0839775178e-08, 1.6430840688e-08],
        "min": [6.5618353342e-24, 1.52463857127e-23, 2.83513217235e-24, 8.25452376082e-24, 7.62337508321e-24, 6.84544463469e-24, 8.82987867318e-24, 1.52255203417e-23, 4.29047593952e-23, 1.8850654901e-23, 1.222636821e-23, 1.52274798722e-23, 8.91447138349e-24, 1.57094849294e-23, 1.48333239432e-23, 6.77056674643e-24, 1.79145609965e-23, 1.46230672684e-23, 9.09207000567e-24, 8.49718999704e-24, 7.35767253084e-24, 1.87391746556e-23, 3.71688933777e-24, 6.08623661647e-24, 1.20012588621e-23, 2.148200458e-23, 9.14565969354e-24, 8.32933538477e-24, 6.45341626354e-24, 6.89461985694e-24, 4.66213600099e-24, 5.56217265131e-24, 8.76543110381e-24, 9.92351125597e-24, 1.00821922048e-23, 1.0674953333e-23, 1.14125019918e-23, 8.50727716143e-24, 9.39104671102e-24, 1.30191347655e-23],
        "var": [3.96100440412e-05, 0.000169401129824, 2.26340944209e-05, 1.05628723759e-05, 1.7005038444e-06, 1.3428905099e-08, 6.51679314956e-08, 1.61850266522e-08, 4.55913723441e-10, 4.86990225923e-10, 1.14977112275e-08, 5.51657386438e-09, 7.68233743287e-09, 2.93610291635e-09, 8.11453793048e-10, 8.6947019029e-11, 2.24358398526e-09, 1.24362975473e-09, 3.55942253449e-09, 2.25050297842e-10, 1.43810088837e-10, 2.07160053001e-10, 6.8052596891e-10, 4.07386069323e-11, 2.94669511014e-10, 2.44843537806e-11, 1.90516994542e-11, 3.04934094468e-12, 2.72923675847e-12, 7.74378824953e-12, 1.44530151736e-10, 1.48072977491e-11, 6.12787771914e-12, 7.22819287063e-12, 2.15469638659e-11, 8.8664622519e-12, 2.38368873251e-12, 2.31375183769e-12, 5.52562281955e-13, 4.52755075184e-13]
    },
    "mfcc": {
        "mean": [-724.906555176, 149.88343811, 47.8848228455, 54.5015296936, 30.2384567261, 34.4683456421, 5.00240039825, 6.2450094223, 2.81900787354, -1.43385064602, -6.83131361008, -2.9708275795, -8.2479019165],
        "cov": [[3878.49536133, -962.930358887, -128.988739014, -276.144836426, -136.549606323, -160.072158813, -138.481643677, -1.66495287418, -21.0114135742, -30.7633113861, -73.9408111572, -20.0067157745, 30.0181694031], [-962.930358887, 1151.86706543, -54.8799858093, -5.95637989044, 32.4207687378, 96.9533309937, 28.870880127, -9.37605476379, 13.3925876617, -27.7960033417, -21.1413803101, -51.8587875366, -37.9668464661], [-128.988739014, -54.8799858093, 293.044372559, 49.5465545654, 20.7677822113, 5.71544218063, 33.9586486816, 8.75871086121, -8.9079656601, -7.42157316208, -29.1477622986, 17.0811843872, 14.8439235687], [-276.144836426, -5.95637989044, 49.5465545654, 242.521697998, 76.597114563, -6.55887365341, 24.1237316132, 24.7076892853, -6.55971240997, 28.3287563324, 46.4727172852, 2.08543848991, -0.862603485584], [-136.549606323, 32.4207687378, 20.7677822113, 76.597114563, 130.48626709, 11.3782215118, 8.08007717133, 20.4514961243, 9.16826915741, 2.08671474457, 17.1120071411, 0.808835268021, 8.02072906494], [-160.072158813, 96.9533309937, 5.71544218063, -6.55887365341, 11.3782215118, 113.859977722, 32.4730987549, 7.45795297623, 11.9684286118, -3.37171244621, -4.5935716629, 24.0864086151, 0.933599591255], [-138.481643677, 28.870880127, 33.9586486816, 24.1237316132, 8.08007717133, 32.4730987549, 85.2414016724, 30.8713378906, 7.56687021255, 5.50638532639, 16.3331356049, 10.9276885986, 5.84686994553], [-1.66495287418, -9.37605476379, 8.75871086121, 24.7076892853, 20.4514961243, 7.45795297623, 30.8713378906, 106.01789856, 24.1039657593, -5.17764472961, 16.3255805969, 10.8299856186, 5.22280025482], [-21.0114135742, 13.3925876617, -8.9079656601, -6.55971240997, 9.16826915741, 11.9684286118, 7.56687021255, 24.1039657593, 85.1931304932, 10.8686141968, -2.30123400688, 6.50042676926, -6.4801735878], [-30.7633113861, -27.7960033417, -7.42157316208, 28.3287563324, 2.08671474457, -3.37171244621, 5.50638532639, -5.17764472961, 10.8686141968, 87.7667922974, 18.0100288391, -10.9225549698, 10.1025276184], [-73.9408111572, -21.1413803101, -29.1477622986, 46.4727172852, 17.1120071411, -4.5935716629, 16.3331356049, 16.3255805969, -2.30123400688, 18.0100288391, 92.8255844116, 18.4833049774, 2.63781237602], [-20.0067157745, -51.8587875366, 17.0811843872, 2.08543848991, 0.808835268021, 24.0864086151, 10.9276885986, 10.8299856186, 6.50042676926, -10.9225549698, 18.4833049774, 87.0233154297, 20.8569526672], [30.0181694031, -37.9668464661, 14.8439235687, -0.862603485584, 8.02072906494, 0.933599591255, 5.84686994553, 5.22280025482, -6.4801735878, 10.1025276184, 2.63781237602, 20.8569526672, 90.2871551514]],
