{
"lowlevel": {
    "average_loudness": 0.966200709343,
    "barkbands_crest": {
        "dmean": 2.26671123505,
        "dmean2": 3.80392980576,
        "dvar": 4.63821268082,
        "dvar2": 12.1541404724,
        "max": 21.1184844971,
        "mean": 7.35621976852,
        "median": 6.56581830978,
        "min": 2.56088972092,
        "var": 9.22857189178
    },
    "barkbands_flatness_db": {
        "dmean": 0.0167529825121,
        "dmean2": 0.0270051565021,
        "dvar": 0.000240360517637,
        "dvar2": 0.00059358269209,
        "max": 0.325228363276,
        "mean": 0.119077146053,
        "median": 0.11597251147,
        "min": 0.0432251654565,
        "var": 0.00128762610257
    },
    "barkbands_kurtosis": {
        "dmean": 1.17811787128,
        "dmean2": 1.93869698048,
        "dvar": 2.39139437675,
        "dvar2": 5.95578098297,
        "max": 14.4675998688,
        "mean": 0.703786253929,
        "median": 0.109909057617,
        "min": -1.66916513443,
        "var": 3.81482696533
    },
    "barkbands_skewness": {
        "dmean": 0.390807747841,
        "dmean2": 0.62039488554,
        "dvar": 0.147431924939,
        "dvar2": 0.350369781256,
        "max": 3.46012282372,
        "mean": 0.921178460121,
        "median": 0.884561955929,
        "min": -1.80456888676,
        "var": 0.410583019257
    },
    "barkbands_spread": {
        "dmean": 4.78525876999,
        "dmean2": 7.6909327507,
        "dvar": 17.3925151825,
        "dvar2": 41.1314697266,
        "max": 76.5732574463,
        "mean": 24.5627307892,
        "median": 24.5887088776,
        "min": 2.73972654343,
        "var": 65.7965621948
    },
    "dissonance": {
        "dmean": 0.0155208101496,
        "dmean2": 0.0257369261235,
        "dvar": 0.000393200694816,
        "dvar2": 0.000957534008194,
        "max": 0.499841362238,
        "mean": 0.472344428301,
        "median": 0.476903408766,
        "min": 0,
        "var": 0.000496650813147
    },
    "dynamic_complexity": 1.87979674339,
    "erbbands_crest": {
        "dmean": 2.34931445122,
        "dmean2": 3.87910914421,
        "dvar": 5.1648888588,
        "dvar2": 13.0700054169,
        "max": 26.1342525482,
        "mean": 7.84434223175,
        "median": 6.8035569191,
        "min": 3.03748035431,
        "var": 12.6536235809
    },
    "erbbands_flatness_db": {
        "dmean": 0.0136616742238,
        "dmean2": 0.0197487007827,
        "dvar": 0.000138349612826,
        "dvar2": 0.000293803197565,
        "max": 0.339090287685,
        "mean": 0.168085038662,
        "median": 0.164639636874,
        "min": 0.0668897852302,
        "var": 0.00136987899896
    },
    "erbbands_kurtosis": {
        "dmean": 0.522818744183,
        "dmean2": 0.832844913006,
        "dvar": 0.432823777199,
        "dvar2": 1.06498479843,
        "max": 8.29325294495,
        "mean": -0.11568775028,
        "median": -0.439236164093,
        "min": -1.41641128063,
        "var": 1.11995184422
    },
    "erbbands_skewness": {
        "dmean": 0.305879861116,
        "dmean2": 0.472754985094,
        "dvar": 0.0647049918771,
        "dvar2": 0.157506033778,
        "max": 2.72672486305,
        "mean": 0.106851540506,
        "median": 0.0379287600517,
        "min": -1.35631608963,
        "var": 0.264996707439
    },
    "erbbands_spread": {
        "dmean": 5.24979829788,
        "dmean2": 8.14995574951,
        "dvar": 21.4968395233,
        "dvar2": 49.9158096313,
        "max": 76.3133544922,
        "mean": 32.3501243591,
        "median": 32.3716278076,
        "min": 6.19608163834,
        "var": 102.555900574
    },
    "hfc": {
        "dmean": 4.97501707077,
        "dmean2": 6.97674179077,
        "dvar": 32.6757698059,
        "dvar2": 63.0076942444,
        "max": 100.960784912,
        "mean": 22.7343540192,
        "median": 19.416683197,
        "min": 1.14386664389e-16,
        "var": 181.316635132
    },
    "melbands_crest": {
        "dmean": 3.18935632706,
        "dmean2": 5.35571336746,
        "dvar": 8.80065250397,
        "dvar2": 21.9642944336,
        "max": 28.1210594177,
        "mean": 11.1066913605,
        "median": 10.1671075821,
        "min": 1.99382352829,
        "var": 16.6305179596
    },
    "melbands_flatness_db": {
        "dmean": 0.0213846769184,
        "dmean2": 0.0344204716384,
        "dvar": 0.000456636043964,
        "dvar2": 0.00110584753565,
        "max": 0.362129420042,
        "mean": 0.167795389891,
        "median": 0.160641342402,
        "min": 0.00573857221752,
        "var": 0.00171309115831
    },
    "melbands_kurtosis": {
        "dmean": 2.8781080246,
        "dmean2": 4.72645998001,
        "dvar": 15.9190607071,
        "dvar2": 39.9665489197,
        "max": 37.0734329224,
        "mean": 4.70752000809,
        "median": 3.43386363983,
        "min": -1.37690675259,
        "var": 23.7749710083
    },
    "melbands_skewness": {
        "dmean": 0.527423918247,
        "dmean2": 0.832006275654,
        "dvar": 0.283265769482,
        "dvar2": 0.693068444729,
        "max": 5.37735176086,
        "mean": 1.7952517271,
        "median": 1.74765264988,
        "min": -1.05993711948,
        "var": 0.781307756901
    },
    "melbands_spread": {
        "dmean": 6.83430480957,
        "dmean2": 10.9665136337,
        "dvar": 46.0708274841,
        "dvar2": 105.645172119,
        "max": 130.432250977,
        "mean": 28.4426059723,
        "median": 27.4689922333,
        "min": 4.32214164734,
        "var": 126.125465393
    },
    "pitch_salience": {
        "dmean": 0.0612060874701,
        "dmean2": 0.101142540574,
        "dvar": 0.00267415470444,
        "dvar2": 0.00700011802837,
        "max": 0.866471767426,
        "mean": 0.601654291153,
        "median": 0.605725646019,
        "min": 0.318331748247,
        "var": 0.00577571708709
    },
    "silence_rate_20dB": {
        "dmean": 0,
        "dmean2": 0,
        "dvar": 0,
        "dvar2": 0,
        "max": 1,
        "mean": 1,
        "median": 1,
        "min": 1,
        "var": 0
    },
    "silence_rate_30dB": {
        "dmean": 0,
        "dmean2": 0,
        "dvar": 0,
        "dvar2": 0,
        "max": 1,
        "mean": 1,
        "median": 1,
        "min": 1,
        "var": 0
    },
    "silence_rate_60dB": {
        "dmean": 0.00154639175162,
        "dmean2": 0.00309437862597,
        "dvar": 0.00154399336316,
        "dvar2": 0.00411622412503,
        "max": 1,
        "mean": 0.00154559500515,
        "median": 0,
        "min": 0,
        "var": 0.00154320150614
    },
    "spectral_centroid": {
        "dmean": 223.316390991,
        "dmean2": 352.609436035,
        "dvar": 82106.734375,
        "dvar2": 135365.40625,
        "max": 11077.2470703,
        "mean": 1492.80102539,
        "median": 1495.81384277,
        "min": 464.475219727,
        "var": 190574.28125
    },
    "spectral_complexity": {
        "dmean": 3.52319598198,
        "dmean2": 5.48117589951,
        "dvar": 8.13092517853,
        "dvar2": 17.8968772888,
        "max": 48,
        "mean": 27.3431224823,
        "median": 27,
        "min": 0,
        "var": 38.3458747864
    },
    "spectral_decrease": {
        "dmean": 2.33254771054e-09,
        "dmean2": 3.73347397442e-09,
        "dvar": 7.32637921723e-18,
        "dvar2": 1.75748517033e-17,
        "max": -8.85386708474e-29,
        "mean": -7.15983627941e-09,
        "median": -6.29650198647e-09,
        "min": -2.49534721775e-08,
        "var": 1.59353846923e-17
    },
    "spectral_energy": {
        "dmean": 0.00913150049746,
        "dmean2": 0.014551368542,
        "dvar": 0.000109824672109,
        "dvar2": 0.000261496315943,
        "max": 0.100966453552,
        "mean": 0.0290849339217,
        "median": 0.025766627863,
        "min": 1.07093724892e-20,
        "var": 0.000253477774095
    },
    "spectral_energyband_high": {
        "dmean": 0.000127861698275,
        "dmean2": 0.000184162941878,
        "dvar": 3.35388428141e-08,
        "dvar2": 5.84107091584e-08,
        "max": 0.00660616811365,
        "mean": 0.000477108464111,
        "median": 0.000401054014219,
        "min": 7.94695517376e-21,
        "var": 1.93235166535e-07
    },
    "spectral_energyband_low": {
        "dmean": 0.00490055885166,
        "dmean2": 0.00830024946481,
        "dvar": 6.79132281221e-05,
        "dvar2": 0.000169719583937,
        "max": 0.0693320408463,
        "mean": 0.00768737448379,
        "median": 0.0054356502369,
        "min": 5.45793296572e-23,
        "var": 6.57402633806e-05
    },
    "spectral_energyband_middle_high": {
        "dmean": 0.00220428430475,
        "dmean2": 0.0032169080805,
        "dvar": 1.07701962406e-05,
        "dvar2": 2.02301343961e-05,
        "max": 0.0654846057296,
        "mean": 0.00813459884375,
        "median": 0.00582460267469,
        "min": 1.45359443341e-21,
        "var": 5.67243514524e-05
    },
    "spectral_energyband_middle_low": {
        "dmean": 0.00545184547082,
        "dmean2": 0.00876338686794,
        "dvar": 4.26958831667e-05,
        "dvar2": 0.000105577935756,
        "max": 0.0806044489145,
        "mean": 0.0141051216051,
        "median": 0.0108726657927,
        "min": 3.73421105086e-22,
        "var": 0.000115442926472
    },
    "spectral_entropy": {
        "dmean": 0.0922804102302,
        "dmean2": 0.142295867205,
        "dvar": 0.00779959838837,
        "dvar2": 0.0160430129617,
        "max": 9.7923078537,
        "mean": 7.64769411087,
        "median": 7.67272949219,
        "min": 6.07969045639,
        "var": 0.0536030307412
    },
    "spectral_flux": {
        "dmean": 0.0239401292056,
        "dmean2": 0.0372247174382,
        "dvar": 0.000577219936531,
        "dvar2": 0.00128825276624,
        "max": 0.257589131594,
        "mean": 0.095516115427,
        "median": 0.0892689228058,
        "min": 1.03486094694e-10,
        "var": 0.00143792224117
    },
    "spectral_kurtosis": {
        "dmean": 1.50567579269,
        "dmean2": 2.65903234482,
        "dvar": 2.74026179314,
        "dvar2": 8.38120365143,
        "max": 21.9218215942,
        "mean": 4.46892738342,
        "median": 4.07918691635,
        "min": -1.19974637032,
        "var": 4.27181434631
    },
    "spectral_rms": {
        "dmean": 0.000806315394584,
        "dmean2": 0.00125841540284,
        "dvar": 6.96203528605e-07,
        "dvar2": 1.57970623604e-06,
        "max": 0.00992491096258,
        "mean": 0.00513902772218,
        "median": 0.00501379836351,
        "min": 3.23236272817e-12,
        "var": 1.9659210011e-06
    },
    "spectral_rolloff": {
        "dmean": 429.821624756,
        "dmean2": 700.611755371,
        "dvar": 399720.3125,
        "dvar2": 718239.6875,
        "max": 18195.5566406,
        "mean": 1579.03479004,
        "median": 1571.92382812,
        "min": 150.732421875,
        "var": 736032
    },
    "spectral_skewness": {
        "dmean": 0.176969781518,
        "dmean2": 0.303352624178,
        "dvar": 0.0292279645801,
        "dvar2": 0.0799658894539,
        "max": 3.24433994293,
        "mean": 1.44806087017,
        "median": 1.45727062225,
        "min": -0.00783655326813,
        "var": 0.0731186047196
    },
    "spectral_spread": {
        "dmean": 313828.21875,
        "dmean2": 448650.90625,
        "dvar": 518861455360,
        "dvar2": 578375974912,
        "max": 41683244,
        "mean": 3572572.5,
        "median": 3478765.25,
        "min": 1878447.125,
        "var": 1.85706636902e+12
    },
    "spectral_strongpeak": {
        "dmean": 0.604195833206,
        "dmean2": 1.00621461868,
        "dvar": 0.643700182438,
        "dvar2": 1.51943898201,
        "max": 6.754301548,
        "mean": 0.93532294035,
        "median": 0.409824669361,
        "min": 0,
        "var": 1.30992078781
    },
    "zerocrossingrate": {
        "dmean": 0.00687973201275,
        "dmean2": 0.00870621297508,
        "dvar": 0.000159699557116,
        "dvar2": 0.000184791933862,
        "max": 0.48828125,
        "mean": 0.0584498569369,
        "median": 0.0576171875,
        "min": 0.001953125,
        "var": 0.000429703330155
    },
    "barkbands": {
        "dmean": [0.000823719310574, 0.00308892666362, 0.00121438491624, 0.00169184152037, 0.00193692778703, 0.00097045651637, 0.000888826558366, 0.00156099034939, 0.00130060443189, 0.0010641842382, 0.000783490773756, 0.000414957961766, 0.000443588971393, 0.000467698846478, 0.00043263763655, 0.000273614597972, 0.000386602448998, 0.000270494871074, 0.000179117370863, 7.40169052733e-05, 4.86960052513e-05, 3.72528520529e-05, 1.99352125492e-05, 2.09400695894e-05, 1.68261231011e-05, 2.9899722449e-06, 1.59991003557e-07],
        "dmean2": [0.00138919427991, 0.00540408911183, 0.00207081437111, 0.0028451923281, 0.00321742007509, 0.00157158344518, 0.00144450110383, 0.00249978061765, 0.0020417983178, 0.0016936014872, 0.00124053424224, 0.00065415649442, 0.00067673047306, 0.000708882056642, 0.000708507664967, 0.00045437386143, 0.000647505512461, 0.000428597559221, 0.000307302718284, 0.000117614370538, 7.89199693827e-05, 5.84939298278e-05, 3.10389877995e-05, 3.08863200189e-05, 2.5017921871e-05, 4.63066135126e-06, 2.67247628472e-07],
        "dvar": [3.47394939126e-06, 2.97825172311e-05, 4.44408260591e-06, 4.99669840792e-06, 8.47227329359e-06, 2.80758854387e-06, 5.58550163987e-06, 1.45344847624e-05, 9.00958184502e-06, 3.32079571308e-06, 2.68467601927e-06, 9.24524329093e-07, 8.20064371965e-07, 1.3071991134e-06, 4.69525758717e-07, 1.41172066037e-07, 1.3003574395e-07, 1.05048833632e-07, 4.30806785801e-08, 1.19182370639e-08, 3.5476699356e-09, 3.3061384741e-09, 2.4745572258e-09, 2.71725819623e-09, 2.11631379088e-09, 1.08500063101e-10, 1.20017873678e-13],
        "dvar2": [8.72885357239e-06, 8.00269772299e-05, 1.13370651889e-05, 1.28672672872e-05, 2.14098399738e-05, 6.73002114127e-06, 1.43765837493e-05, 3.29262402374e-05, 2.26916108659e-05, 8.94885306479e-06, 5.60113858228e-06, 1.9459446321e-06, 1.58706723141e-06, 2.99643193102e-06, 1.1389198562e-06, 3.65144330772e-07, 3.39793899684e-07, 2.44574522412e-07, 1.17022615598e-07, 2.72792686218e-08, 8.67131699778e-09, 7.3060304473e-09, 6.05019589983e-09, 4.89568741102e-09, 3.69499364439e-09, 2.32885294382e-10, 3.06623379031e-13],
        "max": [0.0188000816852, 0.0417750254273, 0.0290087945759, 0.0173138417304, 0.0532450377941, 0.0335045233369, 0.0602169111371, 0.0676513835788, 0.0626990497112, 0.0251690894365, 0.0317999944091, 0.0241458993405, 0.0260283201933, 0.0272904224694, 0.0114404540509, 0.00757520832121, 0.00436766073108, 0.00419771810994, 0.00470083905384, 0.00220579258166, 0.00086554326117, 0.00142313807737, 0.00171434180811, 0.00175654550549, 0.00212671421468, 0.000410727487179, 4.05711307394e-06],
        "mean": [0.000632186653093, 0.00421427050605, 0.00197580899112, 0.00226708012633, 0.00331932865083, 0.00154734554235, 0.00136131502222, 0.00239806389436, 0.00216073915362, 0.00182546593715, 0.00128393818159, 0.000683976337314, 0.000790709047578, 0.000816743064206, 0.00082901166752, 0.000568221148569, 0.000821430410724, 0.000616361561697, 0.000414851790993, 0.000178661837708, 0.000139262512675, 9.62976700976e-05, 4.99458546983e-05, 5.0812956033e-05, 3.70266861864e-05, 5.96481550019e-06, 1.58579354093e-07],
        "median": [2.59238677245e-05, 0.00283468258567, 0.00146258366294, 0.00137413002085, 0.00226557953283, 0.000619387079496, 0.00047942213132, 0.000821878318675, 0.000925468455534, 0.00116241560318, 0.000561851426028, 0.000331139483023, 0.000336095225066, 0.000275367929135, 0.000496788532473, 0.000409646541812, 0.00071557960473, 0.000460426643258, 0.000351686670911, 0.000129860884044, 0.000119185300719, 7.22139884601e-05, 3.8223235606e-05, 2.9288832593e-05, 1.76783360075e-05, 2.04262187253e-06, 8.70102478956e-09],
        "min": [5.20620397988e-23, 7.40741021091e-24, 1.16110693257e-23, 2.08417492921e-23, 2.43147772694e-23, 7.42998425458e-23, 9.05566312826e-23, 9.44688260144e-23, 5.64936173951e-23, 4.77584406848e-23, 4.10278952186e-23, 1.39328297536e-22, 8.03362188143e-23, 2.17225232213e-22, 1.09566330008e-22, 1.63538678531e-22, 2.35988484482e-22, 1.82381952849e-22, 1.38288540997e-22, 3.09581305708e-22, 5.9970352072e-22, 5.02386307304e-22, 6.1906476742e-22, 9.06153641858e-22, 1.46281539698e-21, 1.48503123468e-21, 2.30263717106e-21],
        "var": [2.85821101897e-06, 2.50676130236e-05, 4.84901329401e-06, 6.10146025792e-06, 1.52994034579e-05, 5.75895228394e-06, 1.22168039525e-05, 3.04070526909e-05, 1.7581431166e-05, 5.16408272233e-06, 6.82165136823e-06, 1.98244151761e-06, 2.27874738812e-06, 3.27929046762e-06, 1.13332100682e-06, 3.37713572662e-07, 2.64758909907e-07, 2.65985732995e-07, 1.0125065586e-07, 3.0583038324e-08, 1.06098907438e-08, 8.67266969351e-09, 5.90768856057e-09, 8.7236182722e-09, 1.15098837128e-08, 3.94080407196e-10, 1.22341291828e-13]
    },
    "erbbands": {
        "dmean": [0.120921216905, 0.609084129333, 1.30518913269, 3.60237908363, 6.2754483223, 6.59316062927, 7.36423826218, 8.43602180481, 11.0820989609, 19.6510791779, 36.8742446899, 28.6914405823, 35.417755127, 24.4793319702, 28.973777771, 16.8407936096, 19.866941452, 21.073102951, 21.1603736877, 21.4033870697, 16.7686386108, 17.5301074982, 13.1114025116, 15.0718364716, 4.91248178482, 3.66161060333, 2.29030370712, 1.74023592472, 1.24473297596, 1.13431334496, 0.546516895294, 0.484114557505, 0.332202970982, 0.26451331377, 0.0867006033659, 0.0199273265898, 0.00456566549838, 0.000648717337754, 1.84304208233e-05, 1.03981656139e-05],
        "dmean2": [0.210072919726, 1.08191335201, 2.22856068611, 6.09152746201, 10.5743598938, 10.8006391525, 12.3387737274, 13.6691522598, 17.683807373, 32.0650444031, 57.3742790222, 45.0521354675, 56.0205955505, 38.0636367798, 46.2335319519, 25.6806297302, 30.5908260345, 31.6735725403, 33.160987854, 35.1821403503, 28.3689231873, 28.6796283722, 21.1014461517, 24.7887134552, 7.92800712585, 5.82586193085, 3.67279171944, 2.80308794975, 1.94706571102, 1.7853782177, 0.860313534737, 0.722264945507, 0.495611697435, 0.393382608891, 0.133033320308, 0.0311070363969, 0.00693533709273, 0.00101940170862, 2.85253136099e-05, 1.63352360687e-05],
        "dvar": [0.0567407868803, 1.11646604538, 5.14596891403, 25.4838619232, 63.2614555359, 180.559036255, 200.119689941, 274.837219238, 856.018615723, 2894.92773438, 8884.60253906, 4449.10546875, 3828.01269531, 3232.31054688, 3446.26318359, 1701.40576172, 1744.02209473, 2749.48120117, 1768.4095459, 1080.57861328, 295.101470947, 301.758514404, 312.985168457, 255.636245728, 48.0987854004, 28.2967967987, 9.2063035965, 4.9143447876, 3.33863258362, 3.37289023399, 1.88622450829, 2.50883126259, 0.430087208748, 0.533169090748, 0.0487896129489, 0.00439279386774, 0.000258989020949, 1.63381650964e-06, 1.02447672568e-09, 1.35301797544e-10],
        "dvar2": [0.147948399186, 3.13045549393, 13.1301355362, 67.6549835205, 175.532180786, 444.925811768, 529.612243652, 685.61114502, 2328.35302734, 7598.73681641, 19214.6953125, 11395.3164062, 10253.3085938, 7394.35400391, 7326.97070312, 3509.45825195, 3277.70629883, 6306.34228516, 3874.98168945, 2825.44018555, 795.455688477, 751.118469238, 723.973571777, 623.327636719, 124.401832581, 66.952507019, 21.4759311676, 11.9911584854, 7.18381977081, 8.47072029114, 4.09710788727, 4.76419258118, 0.822353959084, 1.00677931309, 0.0840239822865, 0.00994919706136, 0.000464917626232, 3.66802987628e-06, 2.25032814605e-09, 3.16458442784e-10],
        "max": [1.98500347137, 8.36203193665, 35.7119941711, 40.5266418457, 143.261047363, 249.205429077, 187.083496094, 369.015991211, 754.838317871, 1023.02941895, 1869.06066895, 1703.50744629, 867.075866699, 1252.65258789, 1478.08862305, 1214.67895508, 1256.92053223, 1273.49890137, 817.313232422, 581.884277344, 228.890792847, 267.492279053, 233.755615234, 278.158172607, 143.50201416, 85.8014602661, 53.3635139465, 37.46641922, 38.9576530457, 35.9612503052, 52.1072654724, 62.5896492004, 20.0864505768, 31.04088974, 9.99520778656, 2.67004299164, 0.750313341618, 0.0208377558738, 0.000665263156407, 0.000117476221931],
        "mean": [0.126296773553, 0.91120916605, 2.12968325615, 5.32889270782, 10.0793762207, 10.5679979324, 10.7891569138, 13.5652046204, 18.2676849365, 30.9290428162, 58.7416229248, 51.63463974, 60.92603302, 46.0829429626, 47.7026977539, 31.1247787476, 37.7924385071, 39.6298675537, 41.4391822815, 43.0430793762, 35.5777320862, 41.9203529358, 31.2544689178, 34.6437187195, 13.0130214691, 8.83301448822, 6.30254888535, 4.83529043198, 3.31484341621, 2.68647742271, 1.41853773594, 1.12272489071, 0.79746222496, 0.592398524284, 0.170773148537, 0.0392381697893, 0.00886000879109, 0.00100871862378, 4.1829982365e-05, 3.6024950532e-05],
        "median": [0.0613254494965, 0.670557975769, 1.60412251949, 3.63416385651, 6.66589832306, 5.98514175415, 4.69885730743, 5.54715871811, 6.08753395081, 13.2718372345, 20.2347145081, 23.6931724548, 39.6877250671, 20.538110733, 24.2295284271, 14.2792844772, 16.6022148132, 15.5302877426, 18.1845226288, 29.2950820923, 29.2772712708, 36.2204971313, 22.228269577, 28.8886470795, 10.1048469543, 6.45768022537, 5.12916994095, 4.03426027298, 2.6024274826, 1.91508281231, 1.06417357922, 0.65730214119, 0.474481880665, 0.290140748024, 0.0727119073272, 0.0152606628835, 0.00276320637204, 0.000258065847447, 2.66957085842e-05, 3.19685605064e-05],
        "min": [5.09639889638e-22, 1.16462799429e-21, 7.52965628721e-21, 5.69265051324e-20, 4.70896409762e-20, 9.82082460716e-20, 2.81142663582e-19, 7.74277552694e-19, 1.3325035944e-18, 1.25923907017e-18, 1.98813811485e-18, 1.45790055635e-18, 1.02749521918e-18, 1.66874868769e-18, 3.45903419561e-18, 5.24240767893e-18, 4.29682071118e-18, 1.13964047888e-17, 5.08988467296e-18, 7.9886133982e-18, 9.18428477567e-18, 1.28151907657e-17, 9.13381600496e-18, 7.6193450835e-18, 1.10906730442e-17, 1.53056454745e-17, 2.7738398383e-17, 1.67119137272e-17, 1.96519220737e-17, 1.56233076451e-17, 1.78334928829e-17, 1.87731154648e-17, 1.72533117099e-17, 1.71218396234e-17, 9.12303784157e-18, 5.40571381136e-18, 2.7425905264e-18, 1.32727384838e-18, 3.67241748043e-19, 3.08750107332e-20],
        "var": [0.0456237345934, 0.935390532017, 5.36881446838, 27.8396682739, 112.486190796, 293.535186768, 307.491851807, 496.647583008, 1999.65930176, 5139.08789062, 18104.9433594, 8914.51953125, 5373.26660156, 7082.31494141, 7464.328125, 3975.97485352, 5017.44189453, 6019.93798828, 4990.796875, 2460.6418457, 767.755737305, 702.482910156, 785.449401855, 677.807739258, 130.449401855, 71.8174743652, 26.5536499023, 13.9539546967, 9.13260650635, 8.17927932739, 5.35748624802, 8.01198768616, 1.35772824287, 2.62564373016, 0.240201279521, 0.0149603132159, 0.00116328417789, 3.33204866365e-06, 2.49480081038e-09, 3.5316755076e-10]
    },
    "gfcc": {
        "mean": [21.8163204193, 114.176071167, -144.715408325, 40.3142814636, -55.9351005554, 15.8456459045, -34.0970802307, 15.5106916428, -18.2405490875, -8.11608505249, -15.9090900421, -7.13173770905, -5.60341787338],
        "cov": [[2156.3359375, -398.822357178, 91.1347198486, -20.4086093903, -66.6890335083, 182.252441406, -136.541122437, 96.7886581421, -156.175918579, 99.8814468384, -80.236114502, 105.578735352, -81.0651473999], [-398.822357178, 807.680847168, -240.054870605, 29.1307048798, 97.7126693726, -179.598388672, 159.603286743, -100.021728516, 158.306747437, -132.654190063, 112.236282349, -135.762115479, 101.957260132], [91.1347198486, -240.054870605, 367.172393799, 38.0000839233, -3.15027999878, 57.8322181702, -81.215713501, 86.7071075439, -52.2008247375, 62.4108772278, -63.7163543701, 76.0346908569, -50.8673286438], [-20.4086093903, 29.1307048798, 38.0000839233, 168.119689941, 23.6588516235, 24.0290241241, 8.61593341827, -5.86226987839, 16.9601745605, -27.6566448212, -1.50629758835, 0.505244791508, 18.8399486542], [-66.6890335083, 97.7126693726, -3.15027999878, 23.6588516235, 144.463546753, 46.7417678833, 40.5505371094, 11.1281223297, 4.13194608688, -14.3327217102, 7.00273275375, -0.987120211124, 5.54882335663], [182.252441406, -179.598388672, 57.8322181702, 24.0290241241, 46.7417678833, 186.723861694, 29.8716678619, 38.0685272217, -55.4251861572, 12.2483892441, -27.715970993, 35.775806427, -28.6679134369], [-136.541122437, 159.603286743, -81.215713501, 8.61593341827, 40.5505371094, 29.8716678619, 133.868118286, 12.6564807892, 32.6610527039, -44.3150138855, 23.1240901947, -27.144241333, 19.4579219818], [96.7886581421, -100.021728516, 86.7071075439, -5.86226987839, 11.1281223297, 38.0685272217, 12.6564807892, 108.72467804, -1.25874865055, 20.6762561798, -28.5333995819, 26.6431999207, -20.1583766937], [-156.175918579, 158.306747437, -52.2008247375, 16.9601745605, 4.13194608688, -55.4251861572, 32.6610527039, -1.25874865055, 104.317886353, 1.71397566795, 21.4206542969, -43.7163581848, 21.2795696259], [99.8814468384, -132.654190063, 62.4108772278, -27.6566448212, -14.3327217102, 12.2483892441, -44.3150138855, 20.6762561798, 1.71397566795, 85.4367675781, -3.97573232651, 22.1724052429, -26.2549247742], [-80.236114502, 112.236282349, -63.7163543701, -1.50629758835, 7.00273275375, -27.715970993, 23.1240901947, -28.5333995819, 21.4206542969, -3.97573232651, 65.5321807861, -4.65340852737, 21.222486496], [105.578735352, -135.762115479, 76.0346908569, 0.505244791508, -0.987120211124, 35.775806427, -27.144241333, 26.6431999207, -43.7163581848, 22.1724052429, -4.65340852737, 74.2999572754, -4.60301351547], [-81.0651473999, 101.957260132, -50.8673286438, 18.8399486542, 5.54882335663, -28.6679134369, 19.4579219818, -20.1583766937, 21.2795696259, -26.2549247742, 21.222486496, -4.60301351547, 61.7735328674]],
        "icov": [[0.000840369611979, -0.00134456402157, 0.0010611328762, -0.00051947630709, 0.00120872771367, -0.00149087212048, 0.00165601901244, -0.00150017510168, 0.00164000329096, -0.00183584424667, 0.00142003200017, -0.00121639994904, 0.000618896388914], [-0.00134456402157, 0.00997284986079, -0.00387969077565, 0.00211488106288, -0.00678219646215, 0.00734909810126, -0.00717304600403, 0.00564975431189, -0.0072771338746, 0.00990453269333, -0.00893549621105, 0.00779536506161, -0.00357440928929], [0.0010611328762, -0.00387969077565, 0.00765294302255, -0.00306574255228, 0.00246991892345, -0.00270735705271, 0.00497583625838, -0.00551764760166, 0.00399332959205, -0.00615792395547, 0.00648028636351, -0.00646581314504, 0.00348561699502], [-0.00051947630709, 0.00211488106288, -0.00306574255228, 0.00869928300381, -0.00197179429233, -0.000876938458532, -0.000277213926893, 0.00307493447326, -0.00576035119593, 0.00672437110916, -0.0025166478008, 0.00115223089233, -0.00269628944807], [0.00120872771367, -0.00678219646215, 0.00246991892345, -0.00197179429233, 0.0130654545501, -0.00750135350972, 0.00391859188676, -0.00458793295547, 0.00457682041451, -0.00599108915776, 0.00466952845454, -0.00486866943538, 0.001939173555], [-0.00149087212048, 0.00734909810126, -0.00270735705271, -0.000876938458532, -0.00750135350972, 0.0162800457329, -0.0112890508026, 0.0042454698123, 6.39967111056e-05, 0.00322711234912, -0.0030454476364, 0.00360889104195, -0.000212952872971], [0.00165601901244, -0.00717304600403, 0.00497583625838, -0.000277213926893, 0.00391859188676, -0.0112890508026, 0.0219862125814, -0.00989153236151, 0.000944154919125, 0.00064618739998, 0.000788960373029, -0.00295259524137, 0.00190824805759], [-0.00150017510168, 0.00564975431189, -0.00551764760166, 0.00307493447326, -0.00458793295547, 0.0042454698123, -0.00989153236151, 0.020066389814, -0.00930842664093, 0.00489777000621, 0.000882907886989, -0.00170902896207, 0.000128884115838], [0.00164000329096, -0.0072771338746, 0.00399332959205, -0.00576035119593, 0.00457682041451, 6.39967111056e-05, 0.000944154919125, -0.00930842664093, 0.0276072099805, -0.0169946793467, 0.00447565317154, 0.00548654701561, -0.00237011420541], [-0.00183584424667, 0.00990453269333, -0.00615792395547, 0.00672437110916, -0.00599108915776, 0.00322711234912, 0.00064618739998, 0.00489777000621, -0.0169946793467, 0.0332635380328, -0.014197403565, 0.00315845338628, 0.00265718181618], [0.00142003200017, -0.00893549621105, 0.00648028636351, -0.0025166478008, 0.00466952845454, -0.0030454476364, 0.000788960373029, 0.000882907886989, 0.00447565317154, -0.014197403565, 0.033237926662, -0.0144548499957, 0.000850082316902], [-0.00121639994904, 0.00779536506161, -0.00646581314504, 0.00115223089233, -0.00486866943538, 0.00360889104195, -0.00295259524137, -0.00170902896207, 0.00548654701561, 0.00315845338628, -0.0144548499957, 0.0344915576279, -0.0106651969254], [0.000618896388914, -0.00357440928929, 0.00348561699502, -0.00269628944807, 0.001939173555, -0.000212952872971, 0.00190824805759, 0.000128884115838, -0.00237011420541, 0.00265718181618, 0.000850082316902, -0.0106651969254, 0.0266194678843]]
    },
    "melbands": {
        "dmean": [0.00096448964905, 0.000710844644345, 0.000690920976922, 0.000415351969423, 0.000278268940747, 0.000188080739463, 0.00017029279843, 0.000234155901126, 0.00031553170993, 0.000173575317604, 0.000176597968675, 0.000100092787761, 0.000104902916064, 5.29898825334e-05, 4.59193033748e-05, 4.12636472902e-05, 4.49359795311e-05, 3.88691696571e-05, 3.04750356008e-05, 2.39028395299e-05, 2.46834315476e-05, 2.04793650482e-05, 1.97779536393e-05, 1.08540625661e-05, 1.38887298817e-05, 4.57239548268e-06, 2.90251864499e-06, 2.63752622232e-06, 1.6429481775e-06, 1.4855520476e-06, 1.01146679299e-06, 7.10715823971e-07, 8.36035326301e-07, 5.65607308545e-07, 3.36926916589e-07, 3.46764096548e-07, 3.14096581633e-07, 2.53437377751e-07, 2.57293123695e-07, 2.42300046693e-07],
        "dmean2": [0.00165316520724, 0.00122506346088, 0.00116233061999, 0.000686373969074, 0.000459586124634, 0.000302444415865, 0.000272878591204, 0.000381816265872, 0.000489021767862, 0.000269623211352, 0.000280618754914, 0.000156024034368, 0.000166024357895, 8.59827705426e-05, 7.01996395946e-05, 6.41290389467e-05, 6.8014000135e-05, 6.06863177381e-05, 4.91571481689e-05, 3.92992915295e-05, 4.2847244913e-05, 3.39229482051e-05, 3.29356844304e-05, 1.744857218e-05, 2.30565656238e-05, 7.50397884985e-06, 4.69569295092e-06, 4.25431653639e-06, 2.62524804384e-06, 2.4767693958e-06, 1.62100582202e-06, 1.12925465601e-06, 1.32891580051e-06, 8.96051233212e-07, 5.36740287771e-07, 5.54864357127e-07, 4.74086732538e-07, 3.85432798566e-07, 4.00345726348e-07, 3.70428409724e-07],
        "dvar": [3.12243287226e-06, 1.47068601564e-06, 7.87344959008e-07, 2.9988376582e-07, 3.0325443845e-07, 1.24763246845e-07, 2.10403172218e-07, 3.75537609898e-07, 6.42678571694e-07, 1.52682048338e-07, 9.63665982567e-08, 5.54542438636e-08, 5.25686729702e-08, 1.3730175219e-08, 1.34767681459e-08, 7.20718107416e-09, 1.40931462056e-08, 6.95186708199e-09, 2.50057619056e-09, 1.30087829397e-09, 6.7141353588e-10, 3.9901967841e-10, 4.79721484758e-10, 1.72696551504e-10, 2.27787205764e-10, 3.62247905283e-11, 1.97168774363e-11, 1.51947933402e-11, 5.58015526148e-12, 3.44805607677e-12, 1.78602933224e-12, 1.06699295666e-12, 2.20849922551e-12, 8.02722038146e-13, 3.87261755866e-13, 1.73978377278e-12, 1.08583834198e-12, 3.0044971502e-13, 3.53952246202e-13, 6.91354959392e-13],
        "dvar2": [8.11544578028e-06, 3.88050330002e-06, 2.07560924537e-06, 7.71844497649e-07, 7.83636266988e-07, 3.02842380506e-07, 5.62192099096e-07, 9.71939130068e-07, 1.42948647408e-06, 3.80682052992e-07, 2.57531098669e-07, 1.2935173288e-07, 1.1230124386e-07, 3.47950290802e-08, 2.49792666551e-08, 1.52923220753e-08, 3.28351674739e-08, 1.53040797812e-08, 6.15156636741e-09, 3.27899041253e-09, 1.96882132819e-09, 1.02592501161e-09, 1.26580113058e-09, 4.10060957412e-10, 5.69796432259e-10, 9.48291167813e-11, 4.84011372648e-11, 3.69752839458e-11, 1.29431049212e-11, 9.10575000818e-12, 4.42989221694e-12, 2.31905423684e-12, 5.63476305546e-12, 2.06731311757e-12, 8.61296927876e-13, 4.06655915539e-12, 1.97709036642e-12, 6.37093080114e-13, 8.28746142892e-13, 1.51484369753e-12],
        "max": [0.0141288861632, 0.0168458670378, 0.00805540010333, 0.0077851684764, 0.00966101698577, 0.00770948221907, 0.0126618957147, 0.0113910892978, 0.0155097488314, 0.00925820320845, 0.00433650519699, 0.00512318592519, 0.00498609710485, 0.00276110344566, 0.00269514764659, 0.00171920587309, 0.00290137063712, 0.00180315424222, 0.000810786033981, 0.000757274043281, 0.000322383421008, 0.000280667765765, 0.000273427605862, 0.000252525438555, 0.000253076170338, 0.000108654639916, 0.000102862155472, 6.83819671394e-05, 4.61202107545e-05, 2.30142049986e-05, 2.27637829084e-05, 1.79099188244e-05, 3.94112757931e-05, 1.49468114614e-05, 2.16868083953e-05, 4.98371082358e-05, 3.56133605237e-05, 1.69985851244e-05, 1.75866880454e-05, 3.5230688809e-05],
        "mean": [0.00118716422003, 0.00120050180703, 0.00111181894317, 0.000726266065612, 0.000425522099249, 0.000309460650897, 0.000279405736364, 0.000367779663065, 0.000497334636748, 0.000304705259623, 0.000294021592708, 0.000175751687493, 0.000171360632521, 8.63218665472e-05, 8.29457712825e-05, 7.41763069527e-05, 7.61117553338e-05, 6.83019534335e-05, 5.89135488553e-05, 4.80773414893e-05, 4.33886707469e-05, 4.45188961748e-05, 3.83216611226e-05, 2.41826674028e-05, 2.99173661915e-05, 1.05313110907e-05, 6.31308239463e-06, 5.72576573177e-06, 3.94631115341e-06, 3.55849829248e-06, 2.47345019488e-06, 1.7724380541e-06, 1.85560531918e-06, 1.27611883727e-06, 8.02339172878e-07, 7.36737433726e-07, 6.54993925764e-07, 5.40514122349e-07, 5.49568540009e-07, 4.90454453939e-07],
        "median": [0.000721140997484, 0.000926400767639, 0.000786789867561, 0.000522112648468, 0.000191217186511, 0.000120166791021, 9.1259360488e-05, 0.000151237531099, 0.000173680833541, 0.000141930315294, 0.000185387485544, 7.05740530975e-05, 7.7569638961e-05, 4.66172023152e-05, 3.410991485e-05, 3.18450802297e-05, 2.68185522145e-05, 2.65414983005e-05, 3.5470315197e-05, 3.38426179951e-05, 3.43967731169e-05, 3.87795662391e-05, 2.91595370072e-05, 1.8237702534e-05, 2.48098895099e-05, 7.74864111008e-06, 4.56885527456e-06, 4.07702646044e-06, 3.04662512463e-06, 2.8670813208e-06, 1.93364985535e-06, 1.36899143399e-06, 1.26765235109e-06, 9.1196102403e-07, 6.14723660419e-07, 4.54173829212e-07, 3.65056223472e-07, 3.20394178743e-07, 3.04345661561e-07, 2.09751704006e-07],
        "min": [6.20223427385e-24, 3.37270459165e-24, 9.23080618421e-24, 4.42479497031e-24, 9.81784412658e-24, 1.62863347332e-23, 2.0236000358e-23, 1.64099681697e-23, 1.54333899234e-23, 8.09660327392e-24, 4.90987776827e-24, 6.55493714002e-24, 8.31401097282e-24, 1.57649323847e-23, 1.39643305472e-23, 1.00533001741e-23, 2.16546467892e-23, 7.1066609351e-24, 8.60498705088e-24, 1.22833294894e-23, 1.04119502627e-23, 1.29189446974e-23, 1.06146741047e-23, 8.20641271193e-24, 5.64721659005e-24, 6.33782920826e-24, 8.09177623405e-24, 1.06681391525e-23, 1.88156310546e-23, 1.37539997195e-23, 7.64565882606e-24, 1.14214003428e-23, 9.45712643361e-24, 9.04032388573e-24, 9.69220934995e-24, 1.17876345401e-23, 1.12359280999e-23, 1.14558025669e-23, 1.4556629403e-23, 1.39535941503e-23],
        "var": [2.66631468548e-06, 1.45460160184e-06, 1.05393792182e-06, 5.28059729277e-07, 5.22520338109e-07, 2.59147952875e-07, 5.10051791025e-07, 7.20719299352e-07, 1.25785413729e-06, 3.09241016794e-07, 1.34573198807e-07, 1.15333719464e-07, 1.2283533124e-07, 2.15131645831e-08, 3.53444242762e-08, 1.76059753443e-08, 2.77011551475e-08, 1.88178344018e-08, 5.73168623674e-09, 2.88657586722e-09, 1.22940657654e-09, 8.51177461847e-10, 9.92021242929e-10, 4.55030096935e-10, 5.63761426431e-10, 1.03271710628e-10, 4.44738655625e-11, 3.43083304821e-11, 1.35335848431e-11, 8.37155865463e-12, 4.576008409e-12, 2.75274638153e-12, 4.2480151341e-12, 1.87454522391e-12, 1.16943509997e-12, 4.22264046646e-12, 2.86564999161e-12, 6.38809588994e-13, 9.14065047611e-13, 2.72006831122e-12]
    },
    "mfcc": {
        "mean": [-605.883361816, 130.12928772, -20.3355693817, 23.5209102631, 5.25592041016, 0.329851448536, 0.00686126388609, 11.7053422928, 7.20472002029, 1.21204149723, 0.950591921806, -1.53626430035, -5.12802457809],
        "cov": [[1214.89794922, -261.027038574, 83.0152359009, -107.955940247, 47.4401512146, 38.7319755554, 47.8127593994, -11.5595245361, -27.6885643005, -20.0040283203, 5.84977245331, -38.0904960632, 7.88539600372], [-261.027038574, 610.95715332, -194.90713501, 107.094917297, -39.6106529236, -32.3036003113, -16.7920036316, 13.6413764954, 20.5863742828, 22.1073589325, 9.43863773346, 40.6096725464, -20.0930366516], [83.0152359009, -194.90713501, 292.955108643, 10.2027730942, 48.5756111145, -14.6152038574, -10.9844589233, 3.40757274628, 9.77749824524, -14.5097532272, -7.99734830856, -1.92957472801, 28.8579521179], [-107.955940247, 107.094917297, 10.2027730942, 153.892745972, 18.6069831848, -9.71541404724, -33.8163909912, 11.282702446, 13.2943840027, 4.23588466644, -11.0325345993, 6.06895637512, 0.966067910194], [47.4401512146, -39.6106529236, 48.5756111145, 18.6069831848, 122.212051392, 27.3005542755, 16.5802497864, 9.72601222992, 10.2399330139, -4.7579870224, -2.53087353706, -5.60479640961, 13.4190702438], [38.7319755554, -32.3036003113, -14.6152038574, -9.71541404724, 27.3005542755, 114.381950378, 47.6395378113, 23.9275760651, -4.79291772842, -0.568835675716, 1.56848239899, -9.51936244965, -2.40881276131], [47.8127593994, -16.7920036316, -10.9844589233, -33.8163909912, 16.5802497864, 47.6395378113, 111.972343445, 62.2626457214, 5.98744392395, -11.9470243454, 4.06232309341, -8.31578922272, -1.72818338871], [-11.5595245361, 13.6413764954, 3.40757274628, 11.282702446, 9.72601222992, 23.9275760651, 62.2626457214, 107.311538696, 35.1801872253, -3.1255671978, 0.637733578682, -4.9987912178, 0.859910130501], [-27.6885643005, 20.5863742828, 9.77749824524, 13.2943840027, 10.2399330139, -4.79291772842, 5.98744392395, 35.1801872253, 70.0810699463, 29.6596488953, 3.02935886383, 2.92278003693, 6.48181390762], [-20.0040283203, 22.1073589325, -14.5097532272, 4.23588466644, -4.7579870224, -0.568835675716, -11.9470243454, -3.1255671978, 29.6596488953, 59.6982688904, 17.5966587067, 6.80292463303, 0.82332611084], [5.84977245331, 9.43863773346, -7.99734830856, -11.0325345993, -2.53087353706, 1.56848239899, 4.06232309341, 0.637733578682, 3.02935886383, 17.5966587067, 54.9054756165, 19.6907100677, -1.20048463345], [-38.0904960632, 40.6096725464, -1.92957472801, 6.06895637512, -5.60479640961, -9.51936244965, -8.31578922272, -4.9987912178, 2.92278003693, 6.80292463303, 19.6907100677, 47.7897109985, 14.4378538132], [7.88539600372, -20.0930366516, 28.8579521179, 0.966067910194, 13.4190702438, -2.40881276131, -1.72818338871, 0.859910130501, 6.48181390762, 0.82332611084, -1.20048463345, 14.4378538132, 50.7273635864]],
