{
"lowlevel": {
    "average_loudness": 0.93329256773,
    "barkbands_crest": {
        "dmean": 2.53890967369,
        "dmean2": 4.00223827362,
        "dvar": 6.21450662613,
        "dvar2": 14.4928035736,
        "max": 26.5209445953,
        "mean": 16.1208209991,
        "median": 15.6658620834,
        "min": 4.46580505371,
        "var": 22.9844875336
    },
    "barkbands_flatness_db": {
        "dmean": 0.0311597380787,
        "dmean2": 0.0437398664653,
        "dvar": 0.000986039405689,
        "dvar2": 0.0018911032239,
        "max": 0.522333323956,
        "mean": 0.302300095558,
        "median": 0.30135717988,
        "min": 0.0479727573693,
        "var": 0.00556150916964
    },
    "barkbands_kurtosis": {
        "dmean": 23.7783565521,
        "dmean2": 36.7154922485,
        "dvar": 1598.6237793,
        "dvar2": 3721.45678711,
        "max": 717.949584961,
        "mean": 49.6434020996,
        "median": 32.8161239624,
        "min": -1.95469915867,
        "var": 4261.44677734
    },
    "barkbands_skewness": {
        "dmean": 1.2526216507,
        "dmean2": 1.86597263813,
        "dvar": 2.14915847778,
        "dvar2": 4.88820838928,
        "max": 19.4656028748,
        "mean": 3.91870546341,
        "median": 3.57697749138,
        "min": -5.67224168777,
        "var": 8.79088306427
    },
    "barkbands_spread": {
        "dmean": 3.65636324883,
        "dmean2": 5.76731348038,
        "dvar": 120.95249176,
        "dvar2": 264.182098389,
        "max": 100.791191101,
        "mean": 6.70018911362,
        "median": 2.66750073433,
        "min": 0.157333731651,
        "var": 210.225250244
    },
    "dissonance": {
        "dmean": 0.0410256534815,
        "dmean2": 0.0648232921958,
        "dvar": 0.00141823349986,
        "dvar2": 0.00342214480042,
        "max": 0.499556958675,
        "mean": 0.358885973692,
        "median": 0.358736723661,
        "min": 0.116156309843,
        "var": 0.00646026385948
    },
    "dynamic_complexity": 4.85618782043,
    "erbbands_crest": {
        "dmean": 3.38295769691,
        "dmean2": 5.36464309692,
        "dvar": 10.3324241638,
        "dvar2": 24.8215103149,
        "max": 30.3538703918,
        "mean": 16.8604984283,
        "median": 16.5599708557,
        "min": 2.6385281086,
        "var": 31.7451324463
    },
    "erbbands_flatness_db": {
        "dmean": 0.0263568237424,
        "dmean2": 0.0372889377177,
        "dvar": 0.000767761317547,
        "dvar2": 0.00153832754586,
        "max": 0.423719286919,
        "mean": 0.256603062153,
        "median": 0.256233096123,
        "min": 0.0628943666816,
        "var": 0.00366630451754
    },
    "erbbands_kurtosis": {
        "dmean": 9.47618293762,
        "dmean2": 14.6639928818,
        "dvar": 190.095184326,
        "dvar2": 423.579559326,
        "max": 151.715652466,
        "mean": 20.0092811584,
        "median": 12.4586391449,
        "min": -1.89937329292,
        "var": 579.251708984
    },
    "erbbands_skewness": {
        "dmean": 0.930299639702,
        "dmean2": 1.34775388241,
        "dvar": 1.11295175552,
        "dvar2": 2.2437210083,
        "max": 10.018078804,
        "mean": 2.82442235947,
        "median": 2.83664631844,
        "min": -4.37667179108,
        "var": 4.99954748154
    },
    "erbbands_spread": {
        "dmean": 10.01466465,
        "dmean2": 15.8814105988,
        "dvar": 387.937164307,
        "dvar2": 906.788269043,
        "max": 168.694503784,
        "mean": 20.3755970001,
        "median": 11.2908573151,
        "min": 1.25559616089,
        "var": 668.044555664
    },
    "hfc": {
        "dmean": 3.58978819847,
        "dmean2": 4.61549949646,
        "dvar": 40.8790588379,
        "dvar2": 73.3496398926,
        "max": 131.806488037,
        "mean": 10.1095027924,
        "median": 5.9365568161,
        "min": 1.11774229492e-16,
        "var": 146.357437134
    },
    "melbands_crest": {
        "dmean": 2.80810880661,
        "dmean2": 4.36335086823,
        "dvar": 6.98482036591,
        "dvar2": 16.7289047241,
        "max": 33.1815490723,
        "mean": 17.9038982391,
        "median": 17.4507751465,
        "min": 2.19734835625,
        "var": 25.6157627106
    },
    "melbands_flatness_db": {
        "dmean": 0.0336238443851,
        "dmean2": 0.0450097173452,
        "dvar": 0.00125165027566,
        "dvar2": 0.00219124509022,
        "max": 0.624792337418,
        "mean": 0.380036145449,
        "median": 0.380948156118,
        "min": 0.00708064157516,
        "var": 0.00804478581995
    },
    "melbands_kurtosis": {
        "dmean": 25.7908859253,
        "dmean2": 40.4083213806,
        "dvar": 1493.28601074,
        "dvar2": 3717.33740234,
        "max": 432.479003906,
        "mean": 52.5458679199,
        "median": 29.1648406982,
        "min": -1.8192409277,
        "var": 3749.64868164
    },
    "melbands_skewness": {
        "dmean": 1.24378359318,
        "dmean2": 1.85329413414,
        "dvar": 2.5185353756,
        "dvar2": 5.94419622421,
        "max": 15.7845525742,
        "mean": 3.53152704239,
        "median": 2.74432659149,
        "min": -2.50876712799,
        "var": 8.46653270721
    },
    "melbands_spread": {
        "dmean": 4.39658117294,
        "dmean2": 6.3890376091,
        "dvar": 301.263946533,
        "dvar2": 527.281066895,
        "max": 254.428955078,
        "mean": 8.75283622742,
        "median": 2.84879255295,
        "min": 0.334438771009,
        "var": 649.513000488
    },
    "pitch_salience": {
        "dmean": 0.0663532465696,
        "dmean2": 0.101565159857,
        "dvar": 0.00407655490562,
        "dvar2": 0.0095697985962,
        "max": 0.84669816494,
        "mean": 0.507191121578,
        "median": 0.513353824615,
        "min": 0.116002045572,
        "var": 0.0170792639256
    },
    "silence_rate_20dB": {
        "dmean": 0,
        "dmean2": 0,
        "dvar": 0,
        "dvar2": 0,
        "max": 1,
        "mean": 1,
        "median": 1,
        "min": 1,
        "var": 0
    },
    "silence_rate_30dB": {
        "dmean": 0.00412371149287,
        "dmean2": 0.00825167633593,
        "dvar": 0.00410673394799,
        "dvar2": 0.0112777743489,
        "max": 1,
        "mean": 0.997424006462,
        "median": 1,
        "min": 0,
        "var": 0.00256938301027
    },
    "silence_rate_60dB": {
        "dmean": 0.0582474209368,
        "dmean2": 0.116554923356,
        "dvar": 0.0548550784588,
        "dvar2": 0.115345671773,
        "max": 1,
        "mean": 0.166924268007,
        "median": 0,
        "min": 0,
        "var": 0.13905967772
    },
    "spectral_centroid": {
        "dmean": 143.765365601,
        "dmean2": 201.106643677,
        "dvar": 207290.71875,
        "dvar2": 310329.5625,
        "max": 10965.6591797,
        "mean": 526.051086426,
        "median": 336.643249512,
        "min": 150.289733887,
        "var": 500019.875
    },
    "spectral_complexity": {
        "dmean": 0.989175260067,
        "dmean2": 1.48427021503,
        "dvar": 1.52823209763,
        "dvar2": 2.58601880074,
        "max": 24,
        "mean": 5.0432767868,
        "median": 4,
        "min": 0,
        "var": 8.79569625854
    },
    "spectral_decrease": {
        "dmean": 1.89977633624e-09,
        "dmean2": 2.65722421844e-09,
        "dvar": 1.0015315914e-17,
        "dvar2": 2.16242118216e-17,
        "max": -1.84227251289e-29,
        "mean": -5.66540858671e-09,
        "median": -4.09418898784e-09,
        "min": -5.14202724844e-08,
        "var": 2.97700383399e-17
    },
    "spectral_energy": {
        "dmean": 0.00744165852666,
        "dmean2": 0.0103840846568,
        "dvar": 0.000150917097926,
        "dvar2": 0.000325193308527,
        "max": 0.199906364083,
        "mean": 0.0222995039076,
        "median": 0.0159683506936,
        "min": 1.02077940764e-20,
        "var": 0.000455917645013
    },
    "spectral_energyband_high": {
        "dmean": 0.000146568010678,
        "dmean2": 0.000192628649529,
        "dvar": 3.913214357e-07,
        "dvar2": 6.59544753034e-07,
        "max": 0.0129849715158,
        "mean": 0.000226724005188,
        "median": 2.73981167993e-05,
        "min": 7.70750335009e-21,
        "var": 1.02583601347e-06
    },
    "spectral_energyband_low": {
        "dmean": 0.000644641404506,
        "dmean2": 0.00106483872514,
        "dvar": 4.30558384323e-06,
        "dvar2": 1.11865056169e-05,
        "max": 0.0284591913223,
        "mean": 0.00126299925614,
        "median": 0.000706111080945,
        "min": 3.21222645993e-23,
        "var": 4.60717592432e-06
    },
    "spectral_energyband_middle_high": {
        "dmean": 0.000487570650876,
        "dmean2": 0.000543858797755,
        "dvar": 1.87871455637e-06,
        "dvar2": 2.42435362452e-06,
        "max": 0.0264277141541,
        "mean": 0.00112715689465,
        "median": 7.74211875978e-05,
        "min": 1.42296481986e-21,
        "var": 8.42238023324e-06
    },
    "spectral_energyband_middle_low": {
        "dmean": 0.00701287994161,
        "dmean2": 0.00993767380714,
        "dvar": 0.000139772106195,
        "dvar2": 0.000300571293337,
        "max": 0.189159244299,
        "mean": 0.0201696529984,
        "median": 0.0145278973505,
        "min": 1.83987190128e-22,
        "var": 0.000406155508244
    },
    "spectral_entropy": {
        "dmean": 0.341117143631,
        "dmean2": 0.466955780983,
        "dvar": 0.146048367023,
        "dvar2": 0.243747353554,
        "max": 9.80276679993,
        "mean": 5.99374866486,
        "median": 5.94013786316,
        "min": 3.84902119637,
        "var": 0.774666309357
    },
    "spectral_flux": {
        "dmean": 0.0246051270515,
        "dmean2": 0.0375617966056,
        "dvar": 0.000838357256725,
        "dvar2": 0.0017468703445,
        "max": 0.379594415426,
        "mean": 0.056720752269,
        "median": 0.0438127703965,
        "min": 1.0103362591e-10,
        "var": 0.00222607934847
    },
    "spectral_kurtosis": {
        "dmean": 5.02199220657,
        "dmean2": 7.88477373123,
        "dvar": 38.3468170166,
        "dvar2": 87.1997299194,
        "max": 78.3224411011,
        "mean": 13.5418453217,
        "median": 9.89411449432,
        "min": -1.19313800335,
        "var": 150.969833374
    },
    "spectral_rms": {
        "dmean": 0.000740782939829,
        "dmean2": 0.0010014110012,
        "dvar": 8.85116890004e-07,
        "dvar2": 1.65415792708e-06,
        "max": 0.0139653356746,
        "mean": 0.00409035617486,
        "median": 0.00394700886682,
        "min": 3.15576037524e-12,
        "var": 5.02460170537e-06
    },
    "spectral_rolloff": {
        "dmean": 278.244537354,
        "dmean2": 480.463104248,
        "dvar": 1568357.375,
        "dvar2": 3087040,
        "max": 18238.6230469,
        "mean": 755.312194824,
        "median": 301.46484375,
        "min": 129.19921875,
        "var": 2725314.5
    },
    "spectral_skewness": {
        "dmean": 0.526828825474,
        "dmean2": 0.756788909435,
        "dvar": 0.289979934692,
        "dvar2": 0.538299620152,
        "max": 7.80094528198,
        "mean": 2.86013269424,
        "median": 2.68302774429,
        "min": -0.484200328588,
        "var": 1.73822915554
    },
    "spectral_spread": {
        "dmean": 829226.875,
        "dmean2": 1239618.125,
        "dvar": 1.56727312384e+12,
        "dvar2": 2.54090333389e+12,
        "max": 40910304,
        "mean": 4348053,
        "median": 3916623.5,
        "min": 828865.3125,
        "var": 5.38839875584e+12
    },
    "spectral_strongpeak": {
        "dmean": 0.421761006117,
        "dmean2": 0.645762324333,
        "dvar": 0.394488662481,
        "dvar2": 0.856457293034,
        "max": 6.67048549652,
        "mean": 1.16526854038,
        "median": 0.808933377266,
        "min": 0,
        "var": 1.25821340084
    },
    "zerocrossingrate": {
        "dmean": 0.00931207742542,
        "dmean2": 0.0101327802986,
        "dvar": 0.000563740439247,
        "dvar2": 0.000551609438844,
        "max": 0.49169921875,
        "mean": 0.0319646857679,
        "median": 0.0205078125,
        "min": 0,
        "var": 0.00223807711154
    },
    "barkbands": {
        "dmean": [3.13942268804e-06, 2.25011044677e-05, 0.000343772670021, 0.000778262212407, 0.004903357476, 0.000306826666929, 0.00204488192685, 0.000750597042497, 0.000719322299119, 0.000114846268843, 0.000247752119321, 0.00013635972573, 4.28258499596e-05, 4.59587172372e-05, 2.4597711672e-05, 1.03183356259e-05, 7.76729666541e-06, 2.45573155553e-05, 1.23910122056e-05, 1.73365060618e-05, 1.83762131201e-05, 2.43368976953e-05, 3.67439206457e-05, 4.63976684841e-05, 2.17265987885e-05, 7.83982886787e-06, 1.35904576837e-06],
        "dmean2": [4.875149898e-06, 3.96284704038e-05, 0.000562794099096, 0.00126956647728, 0.00736704142764, 0.000439566385467, 0.0028509714175, 0.000978587311693, 0.000870306859724, 0.000156271606102, 0.000294141704217, 0.000169832273968, 6.04089873377e-05, 6.80339653627e-05, 3.57255485142e-05, 1.4770409507e-05, 1.12974003059e-05, 3.56456839654e-05, 1.85667377082e-05, 2.46095132752e-05, 2.79883824987e-05, 3.32675626851e-05, 5.26094372617e-05, 6.71369271004e-05, 3.04639015667e-05, 1.10864912131e-05, 2.21410437007e-06],
        "dvar": [1.016219775e-09, 7.84574072377e-10, 1.26421662117e-06, 5.34341324965e-06, 6.92891990184e-05, 1.11005488179e-06, 2.96569196507e-05, 8.35248192743e-06, 5.76208503844e-06, 1.9322511946e-07, 1.06905895336e-06, 3.96723550011e-07, 5.13140179237e-08, 5.8124395963e-08, 1.31922996971e-08, 1.44206890873e-09, 4.03765854085e-10, 7.87121479107e-09, 8.80850592466e-09, 4.6259334141e-09, 1.06878195183e-08, 1.87706614696e-08, 3.22278346232e-08, 4.08140330421e-08, 2.28100756061e-08, 1.90796511923e-09, 7.71337993477e-11],
        "dvar2": [1.67583436017e-09, 2.03522843023e-09, 3.11260305352e-06, 1.450108266e-05, 0.00017278867017, 2.00051999855e-06, 5.91742100369e-05, 1.39197427416e-05, 9.54268671194e-06, 4.0929427314e-07, 1.62373271451e-06, 6.26343421573e-07, 1.14883462743e-07, 1.15879863927e-07, 2.85242354181e-08, 3.24908788762e-09, 8.46370029617e-10, 1.57658242017e-08, 1.52659875852e-08, 9.70341673678e-09, 2.63651340759e-08, 3.341993704e-08, 6.8029578415e-08, 7.54721227736e-08, 4.89267115711e-08, 3.64589958224e-09, 1.65874050606e-10],
        "max": [0.00130461656954, 0.000591882097069, 0.0191843453795, 0.0338184386492, 0.120295934379, 0.023243367672, 0.0822241529822, 0.0748851448298, 0.0429289415479, 0.007821935229, 0.023681871593, 0.0195196624845, 0.00471342168748, 0.00554031645879, 0.0025086007081, 0.00082306319382, 0.00032291590469, 0.00300021399744, 0.00336939841509, 0.00236283498816, 0.00238059135154, 0.00363577646203, 0.00436293333769, 0.00464615179226, 0.00575577933341, 0.00106438726652, 0.000244745548116],
        "mean": [4.30029967902e-06, 6.77909119986e-05, 0.000713122251909, 0.00146852433681, 0.0111132683232, 0.000549218209926, 0.00384655827656, 0.00162057986017, 0.00153642520308, 0.000203991818125, 0.000436361500761, 0.000260968663497, 6.21724320808e-05, 6.00439707341e-05, 3.37082456099e-05, 1.49215029523e-05, 1.34545298351e-05, 4.01243814849e-05, 1.71945757756e-05, 2.53111102211e-05, 2.28550743486e-05, 3.13122036459e-05, 4.49396829936e-05, 7.10089152562e-05, 2.9694636396e-05, 1.03370030047e-05, 1.3514489865e-06],
        "median": [8.85075621682e-07, 6.44799729344e-05, 0.000375540577807, 0.000580089865252, 0.007194487378, 6.30772919976e-05, 0.000273491605185, 1.70550520124e-05, 2.10865855479e-05, 3.54391431756e-06, 4.12548979511e-06, 2.14068404603e-06, 1.41891098338e-06, 1.79866572125e-06, 1.40679560445e-06, 9.7319912129e-07, 1.32579384626e-06, 2.86577301267e-06, 2.34746721617e-06, 4.81620509163e-06, 2.3174220587e-06, 8.90508999873e-07, 2.59683315562e-06, 7.92390164861e-06, 2.35056450038e-06, 9.13568669603e-07, 1.92916278507e-08],
        "min": [9.30890893585e-24, 2.2592979481e-23, 4.53834932825e-25, 1.1006559692e-23, 3.68697115685e-23, 3.42882147432e-23, 1.62215077217e-23, 3.86553045383e-23, 3.93525250499e-23, 6.06996154825e-23, 9.89808895112e-23, 1.12724929073e-22, 7.7242697619e-23, 1.1199305548e-22, 1.5448092713e-22, 4.53010916333e-23, 1.12527701225e-22, 2.31242949711e-22, 1.90493664387e-22, 3.42251128128e-22, 4.31251097031e-22, 6.14683244626e-22, 7.41078350636e-22, 9.76910602793e-22, 1.32681315159e-21, 1.36777333414e-21, 2.37051868982e-21],
        "var": [2.5692508121e-09, 1.18344989364e-09, 1.48734272898e-06, 6.6714528657e-06, 0.000152233245899, 2.73299224318e-06, 6.3702755142e-05, 3.59095429303e-05, 1.98879806703e-05, 5.14079317782e-07, 3.29850809067e-06, 1.38745895129e-06, 9.47428375753e-08, 8.75824497371e-08, 2.16130437991e-08, 2.51537168872e-09, 1.04909325671e-09, 1.79201986583e-08, 1.25660939432e-08, 7.22626580796e-09, 1.32740325398e-08, 4.33748503781e-08, 5.29089483337e-08, 9.90512063481e-08, 5.03189205858e-08, 2.94757773744e-09, 9.32753665972e-11]
    },
    "erbbands": {
        "dmean": [0.000545018760022, 0.00868074595928, 0.237240284681, 1.57085001469, 7.06456184387, 26.3166465759, 7.92532682419, 2.84823584557, 17.2120876312, 37.133228302, 13.9727640152, 17.2154083252, 10.3248348236, 7.50626802444, 6.80761861801, 5.48037624359, 1.54802203178, 2.49577713013, 1.51609349251, 1.00042665005, 0.507599830627, 0.475520789623, 1.40325307846, 0.697925329208, 0.646679997444, 0.79947078228, 0.652228355408, 0.886866569519, 0.799118995667, 1.03963637352, 1.07035529613, 1.12092483044, 0.676350295544, 0.325506955385, 0.109087176621, 0.0362160764635, 0.0152949718758, 0.00350213050842, 0.000119137788715, 1.03189568108e-05],
        "dmean2": [0.000906658533495, 0.014580886811, 0.379627555609, 2.56661701202, 10.7450942993, 39.6214408875, 11.0490760803, 3.94782161713, 24.0300712585, 51.2077293396, 15.4313964844, 20.4080257416, 13.204126358, 8.49150276184, 8.40345859528, 6.54139900208, 1.99252188206, 3.59914445877, 2.13283729553, 1.40477359295, 0.699017167091, 0.67769497633, 2.02815079689, 0.983410894871, 0.944676101208, 1.12428164482, 0.969926297665, 1.37405633926, 1.11572098732, 1.43672013283, 1.59072256088, 1.63138020039, 0.977406740189, 0.456439703703, 0.159444242716, 0.0548658855259, 0.0204338990152, 0.00541153177619, 0.000190216509509, 1.46759593918e-05],
        "dvar": [1.07268556349e-06, 0.000295995618217, 0.565353572369, 23.0966072083, 296.726745605, 1835.37670898, 278.837005615, 112.499137878, 2973.24414062, 10336.9003906, 3924.55053711, 3689.17578125, 1452.24035645, 800.550598145, 898.417419434, 529.102783203, 47.2222175598, 171.555419922, 39.893032074, 18.4506378174, 3.44947433472, 1.53575778008, 30.1415538788, 11.2920703888, 21.6496753693, 7.68167161942, 7.18640518188, 31.6165981293, 20.3301925659, 36.9124565125, 26.3649253845, 24.7636356354, 9.17296600342, 5.82876396179, 0.320909708738, 0.0345872864127, 0.00753043452278, 0.000465486635221, 5.32188494162e-07, 3.87091386722e-10],
        "dvar2": [2.31774174608e-06, 0.000700189324562, 1.3631939888, 61.5430984497, 776.743896484, 4482.16503906, 654.16418457, 193.412322998, 5721.79638672, 20465.1210938, 5393.82617188, 6335.40917969, 2803.1394043, 1279.02575684, 1795.62060547, 772.053527832, 100.815078735, 365.291259766, 72.2714080811, 34.0550270081, 6.90559196472, 3.17573618889, 60.3960609436, 21.2215328217, 36.0991210938, 14.9565010071, 15.1594715118, 78.5004272461, 37.526184082, 74.946975708, 56.8348350525, 49.639087677, 17.0162734985, 12.2076683044, 0.694505393505, 0.0684021785855, 0.0148181403056, 0.000926929526031, 1.09999427877e-06, 7.93158982937e-10],
        "max": [0.0347905121744, 0.278142929077, 12.5459108353, 69.8112792969, 241.425216675, 487.876586914, 432.124664307, 286.006896973, 1089.92883301, 1520.22827148, 2038.42297363, 1227.40161133, 844.714050293, 600.707519531, 618.250732422, 612.197937012, 143.909957886, 326.444519043, 166.791900635, 114.716873169, 48.5685768127, 18.211730957, 195.579666138, 106.157142639, 172.516494751, 94.2661437988, 66.8459243774, 140.99331665, 127.698814392, 190.628890991, 105.282493591, 114.264450073, 71.9602508545, 93.4299316406, 16.1223773956, 4.14891576767, 1.84476554394, 0.614219546318, 0.0199834629893, 0.000424519908847],
        "mean": [0.00238676019944, 0.0262494273484, 0.556665062904, 2.99772167206, 13.928563118, 56.0625686646, 17.5777378082, 5.18882608414, 28.7961673737, 68.1831741333, 33.5029754639, 34.2629127502, 20.5840492249, 14.9676370621, 11.4946250916, 10.2674655914, 2.73643231392, 3.42505931854, 2.34067940712, 1.57216989994, 0.840494036674, 0.874696731567, 2.25092720985, 1.1392159462, 0.933303296566, 1.17703711987, 0.916963875294, 1.0563069582, 1.0460498333, 1.26318001747, 1.30467700958, 1.52852129936, 1.07420480251, 0.465723365545, 0.134731084108, 0.0468078292906, 0.0193652249873, 0.00418468983844, 0.000137838724186, 2.86069334834e-05],
        "median": [0.00234740204178, 0.0197536721826, 0.318160355091, 1.55506968498, 8.23691654205, 29.9092922211, 8.33124256134, 1.38716924191, 2.6251065731, 6.9058675766, 0.936128377914, 0.82411634922, 0.422837883234, 0.28871396184, 0.160356506705, 0.103547550738, 0.0742169395089, 0.107286520302, 0.0956062525511, 0.0671557113528, 0.0683689936996, 0.0890208333731, 0.161269202828, 0.142985865474, 0.151506185532, 0.229165002704, 0.141977161169, 0.0675275400281, 0.0337275452912, 0.0392691269517, 0.0841701775789, 0.138381302357, 0.123833402991, 0.0305266398937, 0.0144091024995, 0.00480984896421, 0.00154214713257, 0.000242224428803, 1.83855408977e-05, 2.15182062675e-05],
        "min": [9.53127140698e-22, 4.02741396334e-21, 1.72716907293e-21, 1.88720045064e-20, 5.85230800369e-20, 1.63306584798e-19, 1.64871856086e-19, 3.38749796187e-19, 2.88109075304e-19, 2.75316184293e-19, 9.4506201825e-19, 1.19306503476e-18, 1.00423696831e-18, 5.19259858475e-18, 1.93671870682e-18, 5.3276635303e-18, 3.88275022656e-18, 6.74050125143e-18, 4.28426700461e-18, 7.57625889976e-18, 3.82695482629e-18, 5.44687721377e-18, 1.13261018814e-17, 1.06669555657e-17, 1.31804158216e-17, 1.66776419801e-17, 1.26569602136e-17, 2.14873233564e-17, 1.87562856481e-17, 2.09973065246e-17, 2.27127980514e-17, 1.85364905244e-17, 1.79090607949e-17, 1.41182260508e-17, 9.56653238136e-18, 5.17754431119e-18, 2.56345732693e-18, 1.30583177593e-18, 3.41070451396e-19, 3.11762046426e-20],
        "var": [1.93975392904e-06, 0.000497688131873, 0.747932076454, 26.1375350952, 398.255249023, 4552.44873047, 690.588684082, 263.208007812, 5788.20214844, 20387.3164062, 18517.6347656, 10328.8164062, 3615.23876953, 2579.31396484, 1827.06713867, 1906.76196289, 113.878120422, 249.69178772, 88.0967025757, 41.5234565735, 7.36873960495, 4.19069576263, 60.7384300232, 21.0788612366, 32.0013237, 13.0873279572, 12.4865598679, 43.1357879639, 50.8634376526, 61.6989974976, 41.5684890747, 48.6009712219, 24.0057106018, 14.0999164581, 0.562223792076, 0.0519057735801, 0.0117147853598, 0.000659518816974, 6.6974598667e-07, 9.08408848144e-10]
    },
    "gfcc": {
        "mean": [-135.443161011, 115.555732727, -56.5746459961, 29.3382301331, -75.7786865234, -6.73622369766, -52.2921028137, -3.96266269684, -35.8212432861, -15.4039649963, -14.351190567, -13.5169811249, -9.86519050598],
        "cov": [[9774.84472656, -1330.68591309, -1625.76660156, -2042.65405273, -1504.27941895, -369.020568848, -330.959991455, 1084.03039551, -366.588348389, 157.095687866, -121.023445129, -395.600616455, -350.667236328], [-1330.68591309, 1911.45239258, -270.334869385, -678.393859863, 214.921676636, -143.456314087, 192.195785522, -132.448913574, -20.7995491028, -263.880279541, 211.269302368, -144.555419922, 102.530006409], [-1625.76660156, -270.334869385, 1232.29223633, 743.300170898, 10.7404680252, 25.8758430481, -120.609672546, -325.906616211, 81.2907867432, 24.1325550079, -35.7434959412, 150.091766357, -5.4464597702], [-2042.65405273, -678.393859863, 743.300170898, 1612.81872559, 478.684417725, 60.7785873413, -164.375946045, -370.109466553, 154.157958984, 60.7056350708, -132.685791016, 191.81288147, 73.2406997681], [-1504.27941895, 214.921676636, 10.7404680252, 478.684417725, 591.16583252, 91.3918075562, 24.67304039, -227.562759399, 62.7001457214, -21.6154785156, -46.402431488, 54.3502464294, 35.2207183838], [-369.020568848, -143.456314087, 25.8758430481, 60.7785873413, 91.3918075562, 268.610778809, 108.12525177, -107.047836304, -20.9598255157, 68.3180618286, -21.5852432251, 18.6686954498, -13.3151330948], [-330.959991455, 192.195785522, -120.609672546, -164.375946045, 24.67304039, 108.12525177, 251.622634888, -0.0465775728226, -99.6036987305, -28.8215084076, 32.7490386963, -4.61732959747, 11.3564319611], [1084.03039551, -132.448913574, -325.906616211, -370.109466553, -227.562759399, -107.047836304, -0.0465775728226, 376.715118408, -55.2850227356, -22.7160892487, -6.58119010925, -43.0996856689, -10.9957923889], [-366.588348389, -20.7995491028, 81.2907867432, 154.157958984, 62.7001457214, -20.9598255157, -99.6036987305, -55.2850227356, 180.043746948, 17.710401535, -31.1356124878, 16.9167232513, 6.52626562119], [157.095687866, -263.880279541, 24.1325550079, 60.7056350708, -21.6154785156, 68.3180618286, -28.8215084076, -22.7160892487, 17.710401535, 150.866973877, -36.1476898193, -11.175994873, -31.231508255], [-121.023445129, 211.269302368, -35.7434959412, -132.685791016, -46.402431488, -21.5852432251, 32.7490386963, -6.58119010925, -31.1356124878, -36.1476898193, 132.505371094, -15.6290216446, -9.68803882599], [-395.600616455, -144.555419922, 150.091766357, 191.81288147, 54.3502464294, 18.6686954498, -4.61732959747, -43.0996856689, 16.9167232513, -11.175994873, -15.6290216446, 125.421348572, 8.1545009613], [-350.667236328, 102.530006409, -5.4464597702, 73.2406997681, 35.2207183838, -13.3151330948, 11.3564319611, -10.9957923889, 6.52626562119, -31.231508255, -9.68803882599, 8.1545009613, 110.266571045]],
        "icov": [[0.000843903340865, 0.000546420400497, 0.00112703454215, 0.000396582792746, 0.00152887462173, 0.000412619381677, 0.00161684514023, 0.000623830943368, 0.00160419824533, 0.00077723886352, 0.00164183636662, 0.000837647996377, 0.0016326031182], [0.000546420400497, 0.00255052000284, 0.000255050108535, 0.00177639501635, -0.000742464966606, 0.00192866078578, -0.000226438292884, 0.001791501767, 0.000145954822074, 0.00223897397518, -0.000643074279651, 0.00243093515746, -0.000739902839996], [0.00112703454215, 0.000255050108535, 0.00338452938013, -0.000508365686983, 0.00362195214257, 0.000290760915959, 0.00266801170073, 0.00207903725095, 0.0024126349017, 0.00117530871648, 0.0028680623509, -0.000290681840852, 0.00312618166208], [0.000396582792746, 0.00177639501635, -0.000508365686983, 0.00283782696351, -0.00160117843188, 0.00150390970521, 0.000510294921696, 0.00140907790046, 0.000183330470463, 0.000810732482933, 0.000109872271423, 0.000688091851771, -0.00134204642382], [0.00152887462173, -0.000742464966606, 0.00362195214257, -0.00160117843188, 0.00776220532134, -0.000948740402237, 0.00340491137467, 0.00206772331148, 0.00307133817114, 0.00154814263806, 0.00524482550099, -0.000239880027948, 0.00479174824432], [0.000412619381677, 0.00192866078578, 0.000290760915959, 0.00150390970521, -0.000948740402237, 0.00828956253827, -0.00347408116795, 0.00303694861941, 0.000129635751364, -0.00160134455655, 0.000613554497249, 0.00088394456543, 2.62913490587e-05], [0.00161684514023, -0.000226438292884, 0.00266801170073, 0.000510294921696, 0.00340491137467, -0.00347408116795, 0.0113859176636, 0.000408742227592, 0.0067039038986, 0.00221441383474, 0.00329888146371, -2.58702839346e-05, 0.00302844890393], [0.000623830943368, 0.001791501767, 0.00207903725095, 0.00140907790046, 0.00206772331148, 0.00303694861941, 0.000408742227592, 0.007286418695, 0.00150603137445, 0.00221911771223, 0.0022590898443, 0.00080047827214, 0.0005543018342], [0.00160419824533, 0.000145954822074, 0.0024126349017, 0.000183330470463, 0.00307133817114, 0.000129635751364, 0.0067039038986, 0.00150603137445, 0.0113094346598, 0.000517833046615, 0.00466536451131, 0.000361020502169, 0.00331819197163], [0.00077723886352, 0.00223897397518, 0.00117530871648, 0.000810732482933, 0.00154814263806, -0.00160134455655, 0.00221441383474, 0.00221911771223, 0.000517833046615, 0.0122135672718, 0.00221605296247, 0.00392626365647, 0.00254780985415], [0.00164183636662, -0.000643074279651, 0.0028680623509, 0.000109872271423, 0.00524482550099, 0.000613554497249, 0.00329888146371, 0.0022590898443, 0.00466536451131, 0.00221605296247, 0.0143524631858, 0.00035312626278, 0.00575874606147], [0.000837647996377, 0.00243093515746, -0.000290681840852, 0.000688091851771, -0.000239880027948, 0.00088394456543, -2.58702839346e-05, 0.00080047827214, 0.000361020502169, 0.00392626365647, 0.00035312626278, 0.0132822645828, 0.000337405421305], [0.0016326031182, -0.000739902839996, 0.00312618166208, -0.00134204642382, 0.00479174824432, 2.62913490587e-05, 0.00302844890393, 0.0005543018342, 0.00331819197163, 0.00254780985415, 0.00575874606147, 0.000337405421305, 0.0152169577777]]
    },
    "melbands": {
        "dmean": [5.0587664191e-06, 8.85303961695e-05, 0.000376427575247, 0.00115434790496, 0.000515966501553, 6.16840188741e-05, 0.000311011564918, 0.000353623152478, 9.46962754824e-05, 0.000116113420518, 5.31676632818e-05, 2.94579967886e-05, 2.98658214888e-05, 1.61804437084e-05, 7.39412234907e-06, 4.57423357147e-06, 4.73579439131e-06, 2.85221017293e-06, 1.84068119324e-06, 8.69335963216e-07, 5.51668563276e-07, 4.48065804903e-07, 9.53149537963e-07, 1.30142370836e-06, 5.22444622675e-07, 4.95214976581e-07, 5.11655116497e-07, 5.77858600082e-07, 4.31036511372e-07, 4.7831952088e-07, 5.37945652468e-07, 4.93909908528e-07, 4.71952631642e-07, 6.33271895367e-07, 5.91520404214e-07, 6.79887193655e-07, 7.5814750744e-07, 5.7489307892e-07, 3.68544505136e-07, 2.38080318127e-07],
        "dmean2": [8.44424357638e-06, 0.000143659839523, 0.000595496618189, 0.00176968309097, 0.000739138806239, 8.7659645942e-05, 0.000435052643297, 0.000488311925437, 0.000102126708953, 0.000138041272294, 6.87042265781e-05, 3.41398554156e-05, 3.5676999687e-05, 2.00030044653e-05, 9.2811869763e-06, 6.55114308756e-06, 6.91201466907e-06, 4.26450696978e-06, 2.59629064203e-06, 1.2334337498e-06, 7.70797782934e-07, 6.51583377476e-07, 1.3614967429e-06, 1.89139916529e-06, 7.6815661032e-07, 7.33195008706e-07, 7.26868449874e-07, 8.44140402023e-07, 6.5000676841e-07, 7.51187030801e-07, 8.5702100705e-07, 6.9145062298e-07, 6.47230592676e-07, 8.82901133537e-07, 9.00063355402e-07, 1.01782677575e-06, 1.10263465558e-06, 8.39538131459e-07, 5.27659381078e-07, 3.36345124197e-07],
        "dvar": [8.21898243908e-11, 7.93969832102e-08, 1.09841050744e-06, 4.24947620559e-06, 7.28667316707e-07, 5.22103356104e-08, 8.45302565722e-07, 9.29084933432e-07, 2.15367109035e-07, 1.62456657904e-07, 3.83392020353e-08, 1.17165557256e-08, 1.50202978944e-08, 6.47817177679e-09, 1.16211595902e-09, 5.50904377672e-10, 7.14969417004e-10, 1.6939580294e-10, 8.07292704907e-11, 8.88021080281e-12, 3.90191481556e-12, 1.38059865189e-12, 9.49801869099e-12, 2.43694057989e-11, 7.54955299664e-12, 1.78979938509e-11, 8.49314715778e-12, 3.34678704021e-12, 2.48434584536e-12, 1.07021128071e-11, 1.4067962073e-11, 8.57989807673e-12, 7.28210807627e-12, 1.39633053384e-11, 8.61480418252e-12, 1.05849704002e-11, 1.15778732088e-11, 6.05667729511e-12, 5.67942524607e-12, 3.12513057966e-12],
        "dvar2": [1.59743135386e-10, 1.92176372593e-07, 2.87843204205e-06, 1.09092843559e-05, 1.60593481269e-06, 9.02370871358e-08, 1.6529744471e-06, 1.83640531759e-06, 3.03828670667e-07, 2.71594984724e-07, 7.2707422305e-08, 1.88256183975e-08, 2.43173410297e-08, 9.23500032002e-09, 2.17297246863e-09, 1.19306742263e-09, 1.52044299373e-09, 3.27779303699e-10, 1.61098009932e-10, 1.825686477e-11, 7.71855322712e-12, 3.0369530675e-12, 1.92549049621e-11, 4.91901935851e-11, 1.44548322964e-11, 3.25493486331e-11, 1.43196227445e-11, 6.97696718108e-12, 5.14571198151e-12, 2.78767894185e-11, 3.54570123262e-11, 1.7830379534e-11, 1.34386521009e-11, 2.98339200566e-11, 1.89180390103e-11, 2.40119105155e-11, 2.40880787539e-11, 1.18954351577e-11, 1.24217320457e-11, 6.12694530527e-12],
        "max": [0.000327854853822, 0.00486307032406, 0.015086282976, 0.0320531614125, 0.0150370774791, 0.00556981191039, 0.0176001992077, 0.0151026351377, 0.0150323295966, 0.00822744518518, 0.00415394222364, 0.00222768913954, 0.00272460700944, 0.00283399852924, 0.000769472273532, 0.000505242147483, 0.000699783966411, 0.000278696097666, 0.000216217114939, 5.75464146095e-05, 5.05579628225e-05, 1.86332472367e-05, 8.44285605126e-05, 0.000173920532688, 8.84192122612e-05, 0.000160218900419, 0.00011620058649, 5.10179706907e-05, 4.88575642521e-05, 8.8758446509e-05, 0.000114977417979, 9.56001240411e-05, 6.8921748607e-05, 0.00011961551354, 6.48215354886e-05, 6.80365483277e-05, 9.21515384107e-05, 4.77020403196e-05, 8.64629619173e-05, 6.82354220771e-05],
        "mean": [1.96293585759e-05, 0.000200680122362, 0.000740425020922, 0.00254511530511, 0.00112033693586, 0.000101098448795, 0.000559990003239, 0.000677623669617, 0.00021407987515, 0.000238200271269, 0.000100926299638, 5.69582662138e-05, 5.01939211972e-05, 3.25646542478e-05, 1.07006408143e-05, 7.28527129468e-06, 6.08030268268e-06, 4.2029287215e-06, 2.64742607214e-06, 1.31237561618e-06, 8.79331366832e-07, 7.75144371801e-07, 1.52663733388e-06, 2.04783464142e-06, 7.89630178133e-07, 6.68181144192e-07, 7.05979630311e-07, 8.21056516997e-07, 6.07259039498e-07, 5.27483962287e-07, 6.350591093e-07, 6.08329173701e-07, 5.74614830384e-07, 7.45945555991e-07, 7.10484414412e-07, 8.03599675692e-07, 1.0271011206e-06, 8.5820579443e-07, 5.29680676209e-07, 3.28961561991e-07],
        "median": [1.90587197721e-05, 0.000111184810521, 0.000336845434504, 0.00157690548804, 0.000578377279453, 1.19331434689e-05, 4.48745267931e-05, 5.74581172259e-05, 2.04811863114e-06, 3.6838575852e-06, 1.77092192644e-06, 8.85969654973e-07, 6.59150373394e-07, 2.2231404273e-07, 1.97232068899e-07, 1.66713846284e-07, 1.75174889705e-07, 1.29854043962e-07, 1.00674100167e-07, 5.82897499157e-08, 7.47202264506e-08, 7.89622163211e-08, 1.05820113561e-07, 1.45084797509e-07, 9.24361316379e-08, 8.24305175229e-08, 1.14452987532e-07, 1.50111262087e-07, 8.89030715712e-08, 5.04237895882e-08, 2.68594000374e-08, 1.59396424948e-08, 1.12217790615e-08, 1.94487181915e-08, 3.70712172071e-08, 5.7054826641e-08, 9.37672766099e-08, 9.8920587277e-08, 4.13076968186e-08, 1.48760399554e-08],
        "min": [7.96015794745e-24, 2.16223717285e-24, 3.99403392314e-24, 8.47914559269e-24, 6.29444974709e-24, 7.29825552746e-24, 4.09627660734e-24, 3.75045339713e-24, 7.7645235984e-24, 6.9658981729e-24, 4.30589391037e-24, 2.00642968933e-23, 8.11191506409e-24, 1.11802960512e-23, 1.20045933771e-23, 6.57870670238e-24, 1.37559560946e-23, 4.53908040509e-24, 1.35702692815e-23, 4.92934172782e-24, 4.80374244993e-24, 5.53780355465e-24, 7.41505821739e-24, 1.23505869813e-23, 8.24145864651e-24, 7.81618136592e-24, 1.18287152606e-23, 1.04984393946e-23, 6.43859672258e-24, 1.17854446622e-23, 1.23413746636e-23, 9.85990382346e-24, 1.34301439189e-23, 1.10260745331e-23, 1.34967285125e-23, 1.29360479907e-23, 1.02391179381e-23, 1.36992874826e-23, 1.16741994974e-23, 1.20208975543e-23],
        "var": [1.63536725828e-10, 1.01848215195e-07, 1.41103305396e-06, 8.34568800201e-06, 2.0455718186e-06, 1.23057532164e-07, 1.73455202912e-06, 1.93929599845e-06, 9.28882116114e-07, 5.09366714141e-07, 9.33299659778e-08, 3.72765285306e-08, 4.01295849883e-08, 2.6581195911e-08, 2.32354047114e-09, 1.20291432371e-09, 9.42971145612e-10, 3.5363723061e-10, 1.60775642799e-10, 1.92965990409e-11, 8.23914634435e-12, 3.58299696336e-12, 2.15060243919e-11, 5.03671826468e-11, 1.31131069545e-11, 2.42180581145e-11, 1.27383277537e-11, 5.9240320982e-12, 5.02867365804e-12, 9.85177651264e-12, 2.01749346396e-11, 2.01215693413e-11, 1.37781583018e-11, 2.15016112554e-11, 1.31991579125e-11, 1.471488556e-11, 2.29118841955e-11, 1.49779286196e-11, 1.22440946271e-11, 8.21298931641e-12]
    },
    "mfcc": {
        "mean": [-799.723510742, 144.943603516, 58.9212112427, 29.0281543732, 6.69091749191, -11.7902069092, -1.10907185078, -7.17490625381, -16.003036499, -4.36434412003, -17.7728290558, -5.17389726639, -17.8445053101],
        "cov": [[8847.59375, -580.402954102, -1455.96337891, -1605.11730957, -1085.30761719, -1571.72680664, 40.6822853088, -225.284667969, -57.8237228394, 469.009338379, -260.718139648, 402.4815979, -321.528320312], [-580.402954102, 2176.1472168, -510.1769104, -683.379455566, -254.854660034, -348.129180908, 245.299346924, 57.8442268372, -141.545318604, -17.9831466675, -42.4416999817, 3.06319761276, -82.0601959229], [-1455.96337891, -510.1769104, 1246.36437988, 497.608673096, 112.968948364, 330.130767822, -232.652084351, -38.6297187805, -73.6643753052, -101.142700195, -4.1797003746, -16.7384872437, 79.9825897217], [-1605.11730957, -683.379455566, 497.608673096, 1055.90002441, 487.67376709, 421.690032959, -204.566146851, -6.62530660629, 57.393447876, -171.333557129, 46.4497718811, -133.387710571, 91.9345932007], [-1085.30761719, -254.854660034, 112.968948364, 487.67376709, 507.388366699, 297.230377197, -157.046401978, -21.5876102448, 51.1108551025, -72.7251358032, 42.8654708862, -66.2872009277, 38.3554229736], [-1571.72680664, -348.129180908, 330.130767822, 421.690032959, 297.230377197, 774.11706543, -36.9533348083, -38.8828544617, 6.98462152481, -92.2679824829, 114.018554688, -184.410751343, 116.301063538], [40.6822853088, 245.299346924, -232.652084351, -204.566146851, -157.046401978, -36.9533348083, 369.825195312, 54.5583724976, -15.4208946228, -17.3390369415, 15.0065946579, -25.7375545502, -3.99325823784], [-225.284667969, 57.8442268372, -38.6297187805, -6.62530660629, -21.5876102448, -38.8828544617, 54.5583724976, 171.130599976, 3.64948487282, -37.4240951538, -9.44337272644, -12.4591035843, 9.3530330658], [-57.8237228394, -141.545318604, -73.6643753052, 57.393447876, 51.1108551025, 6.98462152481, -15.4208946228, 3.64948487282, 185.060241699, 2.58106446266, -7.21059608459, -21.2342700958, -2.03751087189], [469.009338379, -17.9831466675, -101.142700195, -171.333557129, -72.7251358032, -92.2679824829, -17.3390369415, -37.4240951538, 2.58106446266, 163.775924683, -9.03349685669, 25.4232540131, -36.8162002563], [-260.718139648, -42.4416999817, -4.1797003746, 46.4497718811, 42.8654708862, 114.018554688, 15.0065946579, -9.44337272644, -7.21059608459, -9.03349685669, 128.865280151, -23.1677951813, 4.71220254898], [402.4815979, 3.06319761276, -16.7384872437, -133.387710571, -66.2872009277, -184.410751343, -25.7375545502, -12.4591035843, -21.2342700958, 25.4232540131, -23.1677951813, 162.940292358, -35.5156326294], [-321.528320312, -82.0601959229, 79.9825897217, 91.9345932007, 38.3554229736, 116.301063538, -3.99325823784, 9.3530330658, -2.03751087189, -36.8162002563, 4.71220254898, -35.5156326294, 113.269241333]],
