{
"lowlevel": {
    "average_loudness": 0.328257262707,
    "barkbands_crest": {
        "dmean": 2.62647271156,
        "dmean2": 4.18408679962,
        "dvar": 5.93872117996,
        "dvar2": 15.1201457977,
        "max": 26.0589637756,
        "mean": 13.6752691269,
        "median": 13.0572509766,
        "min": 3.89994001389,
        "var": 18.6968383789
    },
    "barkbands_flatness_db": {
        "dmean": 0.0254368577152,
        "dmean2": 0.0412810482085,
        "dvar": 0.000697387731634,
        "dvar2": 0.00167570111807,
        "max": 0.565538585186,
        "mean": 0.386701822281,
        "median": 0.385986864567,
        "min": 0.0821143165231,
        "var": 0.00161487713922
    },
    "barkbands_kurtosis": {
        "dmean": 10.068854332,
        "dmean2": 15.9349050522,
        "dvar": 1056.40112305,
        "dvar2": 2903.2668457,
        "max": 536.451660156,
        "mean": 14.8232221603,
        "median": 5.26348686218,
        "min": -1.85471951962,
        "var": 1438.63708496
    },
    "barkbands_skewness": {
        "dmean": 0.836244523525,
        "dmean2": 1.27148675919,
        "dvar": 1.70376455784,
        "dvar2": 4.39747905731,
        "max": 19.675989151,
        "mean": 2.20415592194,
        "median": 1.76996326447,
        "min": -4.12843084335,
        "var": 5.30000638962
    },
    "barkbands_spread": {
        "dmean": 2.24090909958,
        "dmean2": 3.5563352108,
        "dvar": 17.6212730408,
        "dvar2": 46.9924201965,
        "max": 56.3322601318,
        "mean": 6.61446809769,
        "median": 4.62490272522,
        "min": 0.197447791696,
        "var": 40.3097038269
    },
    "dissonance": {
        "dmean": 0.0433125011623,
        "dmean2": 0.0723462030292,
        "dvar": 0.00190090120304,
        "dvar2": 0.00484833028167,
        "max": 0.500000119209,
        "mean": 0.388395041227,
        "median": 0.403590083122,
        "min": 0.0979030355811,
        "var": 0.00554137211293
    },
    "dynamic_complexity": 7.96896409988,
    "erbbands_crest": {
        "dmean": 2.89479446411,
        "dmean2": 4.47285795212,
        "dvar": 7.78415107727,
        "dvar2": 18.9338798523,
        "max": 31.4250659943,
        "mean": 13.0995798111,
        "median": 12.4100112915,
        "min": 3.17863368988,
        "var": 29.2831687927
    },
    "erbbands_flatness_db": {
        "dmean": 0.0173672456294,
        "dmean2": 0.0259020775557,
        "dvar": 0.000461851886939,
        "dvar2": 0.000893516233191,
        "max": 0.513651669025,
        "mean": 0.382495045662,
        "median": 0.385408461094,
        "min": 0.0999452695251,
        "var": 0.00367850717157
    },
    "erbbands_kurtosis": {
        "dmean": 1.46104502678,
        "dmean2": 2.29397940636,
        "dvar": 8.88972568512,
        "dvar2": 23.4673862457,
        "max": 85.9594116211,
        "mean": 1.26286292076,
        "median": 0.608480572701,
        "min": -1.92543625832,
        "var": 11.3529262543
    },
    "erbbands_skewness": {
        "dmean": 0.45239508152,
        "dmean2": 0.676762223244,
        "dvar": 0.22220107913,
        "dvar2": 0.520107507706,
        "max": 4.82946252823,
        "mean": 0.707240045071,
        "median": 0.782923340797,
        "min": -6.4749712944,
        "var": 1.06381309032
    },
    "erbbands_spread": {
        "dmean": 4.66434574127,
        "dmean2": 7.12631320953,
        "dvar": 33.3292198181,
        "dvar2": 80.157371521,
        "max": 65.6032104492,
        "mean": 20.3926239014,
        "median": 17.7278594971,
        "min": 1.1341085434,
        "var": 150.311584473
    },
    "hfc": {
        "dmean": 2.55558252335,
        "dmean2": 3.46576118469,
        "dvar": 43.1249427795,
        "dvar2": 76.2205123901,
        "max": 162.942504883,
        "mean": 9.05579090118,
        "median": 2.33890080452,
        "min": 1.26309804557e-16,
        "var": 291.398773193
    },
    "melbands_crest": {
        "dmean": 3.14270710945,
        "dmean2": 4.83313322067,
        "dvar": 9.66919803619,
        "dvar2": 23.4260845184,
        "max": 39.1301040649,
        "mean": 17.0958194733,
        "median": 16.0368270874,
        "min": 3.07761478424,
        "var": 35.306312561
    },
    "melbands_flatness_db": {
        "dmean": 0.0258195456117,
        "dmean2": 0.0416618622839,
        "dvar": 0.000652041402645,
        "dvar2": 0.00142660958227,
        "max": 0.643340289593,
        "mean": 0.510799407959,
        "median": 0.513020277023,
        "min": 0.0093947974965,
        "var": 0.00214145262726
    },
    "melbands_kurtosis": {
        "dmean": 9.56925964355,
        "dmean2": 14.1931848526,
        "dvar": 540.067138672,
        "dvar2": 1160.73583984,
        "max": 556.100219727,
        "mean": 20.748664856,
        "median": 8.65334892273,
        "min": -1.82067513466,
        "var": 1538.63220215
    },
    "melbands_skewness": {
        "dmean": 0.747882008553,
        "dmean2": 1.10398471355,
        "dvar": 1.20297265053,
        "dvar2": 2.7430794239,
        "max": 20.6053848267,
        "mean": 2.79385280609,
        "median": 2.3424115181,
        "min": -2.26388049126,
        "var": 5.8888001442
    },
    "melbands_spread": {
        "dmean": 3.02881026268,
        "dmean2": 4.75841712952,
        "dvar": 43.3128585815,
        "dvar2": 99.671913147,
        "max": 144.198532104,
        "mean": 8.90881538391,
        "median": 5.84796333313,
        "min": 0.40218064189,
        "var": 87.5888137817
    },
    "pitch_salience": {
        "dmean": 0.0650812834501,
        "dmean2": 0.101630426943,
        "dvar": 0.00456933164969,
        "dvar2": 0.010720115155,
        "max": 0.907556593418,
        "mean": 0.537885129452,
        "median": 0.556546926498,
        "min": 0.0492197945714,
        "var": 0.017645990476
    },
    "silence_rate_20dB": {
        "dmean": 0,
        "dmean2": 0,
        "dvar": 0,
        "dvar2": 0,
        "max": 1,
        "mean": 1,
        "median": 1,
        "min": 1,
        "var": 0
    },
    "silence_rate_30dB": {
        "dmean": 0.00309437862597,
        "dmean2": 0.0061919502914,
        "dvar": 0.00308477599174,
        "dvar2": 0.00821745675057,
        "max": 1,
        "mean": 0.996907234192,
        "median": 1,
        "min": 0,
        "var": 0.0030831976328
    },
    "silence_rate_60dB": {
        "dmean": 0.0722021684051,
        "dmean2": 0.143962845206,
        "dvar": 0.0669882148504,
        "dvar2": 0.138716414571,
        "max": 1,
        "mean": 0.338659793139,
        "median": 0,
        "min": 0,
        "var": 0.223968401551
    },
    "spectral_centroid": {
        "dmean": 121.173171997,
        "dmean2": 183.202957153,
        "dvar": 92546.609375,
        "dvar2": 139773.578125,
        "max": 11191.1318359,
        "mean": 625.945556641,
        "median": 465.706848145,
        "min": 213.600875854,
        "var": 195507.609375
    },
    "spectral_complexity": {
        "dmean": 1.2336255312,
        "dmean2": 1.89215683937,
        "dvar": 2.31727480888,
        "dvar2": 4.05595350266,
        "max": 18,
        "mean": 6.66804122925,
        "median": 7,
        "min": 0,
        "var": 18.0505371094
    },
    "spectral_decrease": {
        "dmean": 8.42553360414e-10,
        "dmean2": 1.16370102443e-09,
        "dvar": 2.47620714309e-18,
        "dvar2": 4.54626157439e-18,
        "max": 1.89687488376e-28,
        "mean": -3.20725046521e-09,
        "median": -1.52726520319e-09,
        "min": -3.00915239393e-08,
        "var": 1.90281385564e-17
    },
    "spectral_energy": {
        "dmean": 0.00339687452652,
        "dmean2": 0.00468451436609,
        "dvar": 4.19356838393e-05,
        "dvar2": 7.64214928495e-05,
        "max": 0.128351658583,
        "mean": 0.0129262888804,
        "median": 0.0059998780489,
        "min": 1.07407455758e-20,
        "var": 0.000321500992868
    },
    "spectral_energyband_high": {
        "dmean": 1.14058833489e-08,
        "dmean2": 1.63199818104e-08,
        "dvar": 6.46961382833e-16,
        "dvar2": 1.34096496385e-15,
        "max": 4.09926371958e-07,
        "mean": 3.44170238975e-08,
        "median": 1.39330644799e-08,
        "min": 7.76136137058e-21,
        "var": 3.02040069354e-15
    },
    "spectral_energyband_low": {
        "dmean": 0.000121852579468,
        "dmean2": 0.000172668820596,
        "dvar": 4.17820658072e-08,
        "dvar2": 9.00464200981e-08,
        "max": 0.00261206063442,
        "mean": 0.000326520967064,
        "median": 0.000221490277909,
        "min": 1.23842680287e-22,
        "var": 1.37286747304e-07
    },
    "spectral_energyband_middle_high": {
        "dmean": 0.00143434316851,
        "dmean2": 0.00199687876739,
        "dvar": 1.98782217922e-05,
        "dvar2": 3.88500520785e-05,
        "max": 0.104808926582,
        "mean": 0.00395826250315,
        "median": 0.000316749035846,
        "min": 1.4053647146e-21,
        "var": 9.27598666749e-05
    },
    "spectral_energyband_middle_low": {
        "dmean": 0.00252468767576,
        "dmean2": 0.00362004362978,
        "dvar": 1.91553517652e-05,
        "dvar2": 4.07249790442e-05,
        "max": 0.083435177803,
        "mean": 0.00882542226464,
        "median": 0.00508653186262,
        "min": 2.32115492981e-22,
        "var": 0.000113739610242
    },
    "spectral_entropy": {
        "dmean": 0.185946732759,
        "dmean2": 0.275681883097,
        "dvar": 0.0422763824463,
        "dvar2": 0.0812066048384,
        "max": 9.79434680939,
        "mean": 5.75387763977,
        "median": 5.71377658844,
        "min": 4.40315723419,
        "var": 0.219723850489
    },
    "spectral_flux": {
        "dmean": 0.0173474866897,
        "dmean2": 0.0275897439569,
        "dvar": 0.000596434343606,
        "dvar2": 0.00148340326268,
        "max": 0.346040278673,
        "mean": 0.0426352694631,
        "median": 0.029236741364,
        "min": 1.03637570747e-10,
        "var": 0.00182913034223
    },
    "spectral_kurtosis": {
        "dmean": 29.4316654205,
        "dmean2": 50.9543991089,
        "dvar": 656.672790527,
        "dvar2": 1660.9005127,
        "max": 284.455352783,
        "mean": 70.580116272,
        "median": 64.8341598511,
        "min": -1.19945287704,
        "var": 1816.0213623
    },
    "spectral_rms": {
        "dmean": 0.000442671327619,
        "dmean2": 0.000586908194236,
        "dvar": 3.34294242066e-07,
        "dvar2": 5.30690385858e-07,
        "max": 0.0111902253702,
        "mean": 0.00286726281047,
        "median": 0.00241940864362,
        "min": 3.23709375277e-12,
        "var": 4.38982715423e-06
    },
    "spectral_rolloff": {
        "dmean": 163.2918396,
        "dmean2": 274.730895996,
        "dvar": 295354.03125,
        "dvar2": 445410.40625,
        "max": 19444.4824219,
        "mean": 711.005554199,
        "median": 473.73046875,
        "min": 21.533203125,
        "var": 541481.4375
    },
    "spectral_skewness": {
        "dmean": 1.81225585938,
        "dmean2": 3.15757012367,
        "dvar": 1.99575960636,
        "dvar2": 5.36682462692,
        "max": 13.7424097061,
        "mean": 5.01932382584,
        "median": 4.78567028046,
        "min": -0.0226543396711,
        "var": 5.35806035995
    },
    "spectral_spread": {
        "dmean": 285823.03125,
        "dmean2": 475446.46875,
        "dvar": 618080239616,
        "dvar2": 589333921792,
        "max": 39789476,
        "mean": 1036608.6875,
        "median": 946180.875,
        "min": 320767.75,
        "var": 1.46341599642e+12
    },
    "spectral_strongpeak": {
        "dmean": 0.38885691762,
        "dmean2": 0.596452414989,
        "dvar": 0.532251000404,
        "dvar2": 1.07240414619,
        "max": 15.4856443405,
        "mean": 1.12209260464,
        "median": 0.432637751102,
        "min": 0,
        "var": 2.97653865814
    },
    "zerocrossingrate": {
        "dmean": 0.00366626447067,
        "dmean2": 0.00438142986968,
        "dvar": 0.000142534161569,
        "dvar2": 0.000147600425407,
        "max": 0.51513671875,
        "mean": 0.0256825871766,
        "median": 0.02099609375,
        "min": 0.00048828125,
        "var": 0.000339180813171
    },
    "barkbands": {
        "dmean": [4.65783450636e-05, 5.20012690686e-06, 4.54274377262e-05, 0.000228962118854, 0.000771455001086, 0.000657527532894, 0.000519862340298, 0.000740832998417, 0.000744252698496, 0.000192519728444, 0.000743743672501, 0.000452520471299, 0.00040584866656, 7.46072546463e-05, 4.08366540796e-05, 4.80913367937e-05, 0.00015174629516, 9.85681108432e-05, 1.53242414314e-08, 1.6219503518e-09, 4.87085705103e-09, 5.23465937263e-09, 2.03395500442e-09, 6.11632244851e-10, 1.04265551748e-09, 8.63461024903e-10, 4.95632701547e-10],
        "dmean2": [7.74646177888e-05, 8.58148632688e-06, 6.49248831905e-05, 0.000318416161463, 0.00115394254681, 0.000979519914836, 0.000730288040359, 0.00103783141822, 0.00109124090523, 0.000277650397038, 0.001151819597, 0.000696438306477, 0.000574815378059, 0.000113219626655, 5.62679124414e-05, 6.80472876411e-05, 0.000240536232013, 0.000162286465638, 2.4633775908e-08, 2.52189713557e-09, 7.34275618086e-09, 7.47899431275e-09, 3.07663472476e-09, 1.04122888089e-09, 1.63496105543e-09, 1.38343092537e-09, 8.94766261084e-10],
        "dvar": [3.70312935871e-09, 3.81451294162e-11, 8.1581141842e-09, 1.6672808556e-07, 1.84149530469e-06, 1.66072049979e-06, 2.8737467801e-06, 9.16597309697e-06, 6.80436414768e-06, 5.07325069066e-07, 8.6220279627e-06, 6.01617921347e-06, 8.57171016833e-06, 2.03432861667e-07, 3.40467316562e-08, 3.84872684833e-08, 4.22984840043e-07, 1.96036751277e-07, 3.19261710303e-15, 2.5887795175e-17, 2.25680705609e-16, 9.24039094769e-17, 2.88826290526e-17, 2.88009917028e-18, 4.8078235287e-18, 3.38309467268e-18, 2.55976024318e-18],
        "dvar2": [9.56085166592e-09, 8.78268846538e-11, 1.77151431302e-08, 3.480205919e-07, 4.5695433073e-06, 4.14574742535e-06, 5.92238120589e-06, 1.66005338542e-05, 1.50336454681e-05, 8.93546939551e-07, 1.89150450751e-05, 1.42912995216e-05, 1.64362663782e-05, 4.30956418995e-07, 6.3778983872e-08, 7.22850757029e-08, 1.00825752725e-06, 4.71957179116e-07, 7.23102625005e-15, 5.26302432851e-17, 4.78020079168e-16, 2.05532015256e-16, 6.28914022402e-17, 7.90314992449e-18, 1.18955470771e-17, 8.71325587484e-18, 7.31193250783e-18],
        "max": [0.00061143306084, 0.000126155064208, 0.00182920414954, 0.00467091239989, 0.0222183596343, 0.0217955894768, 0.0334682166576, 0.073362916708, 0.0503125675023, 0.0149685787037, 0.0388696230948, 0.0578085742891, 0.0800773352385, 0.0142146525905, 0.00506189838052, 0.00717769004405, 0.016722034663, 0.00766201782972, 1.21903599393e-06, 1.56419147856e-07, 2.51692341635e-07, 2.19370846821e-07, 1.18211545441e-07, 4.32723830102e-08, 4.24219130934e-08, 4.15802574594e-08, 4.28682653819e-08],
        "mean": [5.83525579714e-05, 1.13776741273e-05, 0.000124507394503, 0.00053847261006, 0.0019483549986, 0.0017520992551, 0.00104492832907, 0.00189843715634, 0.00151274877135, 0.000387883541407, 0.00132867984939, 0.000768730416894, 0.000806383555755, 0.000129215957713, 7.54904467613e-05, 0.000106227227661, 0.000282407680061, 0.000151941771037, 1.99356620101e-08, 2.49902587512e-09, 8.80114381374e-09, 1.50819055023e-08, 4.28322088908e-09, 9.46769440624e-10, 2.234955776e-09, 1.61127211573e-09, 4.34893260293e-10],
        "median": [3.22609048453e-05, 7.96157110017e-06, 4.93810730404e-05, 0.000273274374194, 0.00129860953894, 0.000754495849833, 0.000112444147817, 6.60448058625e-05, 9.37640943448e-05, 4.19114876422e-05, 2.56129569607e-05, 9.97778715828e-06, 1.52167940541e-05, 4.81660117657e-06, 7.7139620771e-06, 1.98890993488e-05, 2.23994065891e-05, 2.77979006569e-06, 1.18604570609e-09, 6.23761819973e-10, 8.11410605372e-10, 8.52459614009e-09, 6.23781581943e-10, 2.9370444965e-10, 8.90487017458e-10, 6.91212531656e-10, 8.62708238181e-11],
        "min": [3.41542440734e-23, 8.80662100266e-23, 9.82512294615e-24, 1.85486789465e-23, 3.98684179938e-23, 6.33348771227e-24, 1.54966802339e-23, 2.94789684108e-23, 6.54636537742e-23, 8.22294218779e-23, 7.93008104772e-23, 7.29350248273e-23, 2.69534523108e-23, 8.00155878771e-23, 1.18442289991e-22, 1.11411128567e-22, 1.58190857926e-22, 2.39023112477e-22, 2.39744724568e-22, 4.109056296e-22, 4.5266171601e-22, 4.26542266381e-22, 4.98785567479e-22, 6.64908365009e-22, 1.26338348415e-21, 1.81372718286e-21, 2.86189406398e-21],
        "var": [5.51221646106e-09, 1.56926402428e-10, 3.53298048594e-08, 5.19888430972e-07, 5.80039568376e-06, 6.98033682056e-06, 9.84588768915e-06, 3.85471867048e-05, 2.30101741181e-05, 1.48179663029e-06, 2.0035324269e-05, 1.36358075906e-05, 2.95615118375e-05, 7.1922704592e-07, 1.13064224649e-07, 1.52674331844e-07, 1.24195378248e-06, 4.15714481505e-07, 5.41124880771e-15, 5.91570391166e-17, 6.30393047807e-16, 3.8020579968e-16, 9.09282788211e-17, 3.9724662358e-18, 1.36017353035e-17, 6.80662317447e-18, 1.996144396e-18]
    },
    "erbbands": {
        "dmean": [0.000295362842735, 0.00147037196439, 0.0343575254083, 0.377955466509, 1.41685068607, 2.99761176109, 5.44536924362, 5.38605308533, 4.62661600113, 15.8536605835, 14.7774896622, 19.9624919891, 6.38403463364, 8.79053688049, 31.8437843323, 15.3269100189, 19.2466011047, 4.44281768799, 2.61094403267, 2.35310435295, 2.41445398331, 8.02699661255, 5.6173043251, 0.168891683221, 0.00812163762748, 0.000918379286304, 0.000268622650765, 0.000229907527682, 0.000192349762074, 0.000102224228613, 5.70351403439e-05, 1.63995246112e-05, 1.21628672787e-05, 8.81019332155e-06, 1.24977050291e-05, 6.97769655744e-06, 2.02814840122e-06, 5.76587638079e-07, 1.74059175606e-06, 3.93236769014e-06],
        "dmean2": [0.000477491383208, 0.00229261140339, 0.0483548678458, 0.533372581005, 1.96007418633, 4.60432720184, 8.00968551636, 7.91153526306, 6.28840494156, 22.0548801422, 19.826915741, 29.2880592346, 9.17993164062, 12.4046678543, 48.5154685974, 20.2713489532, 25.6665000916, 6.08478021622, 3.77661561966, 3.2965323925, 3.59390974045, 11.6140785217, 8.49441242218, 0.262022733688, 0.0123055269942, 0.00137414317578, 0.000390547007555, 0.000332825642545, 0.000274968188023, 0.000148425329826, 8.77300190041e-05, 2.60009255726e-05, 1.92527313629e-05, 1.36501712404e-05, 1.84478376468e-05, 1.00141360235e-05, 2.96118696497e-06, 8.52798621054e-07, 2.37463450503e-06, 5.41070403415e-06],
        "dvar": [9.9739089876e-08, 6.68234088153e-06, 0.00432765856385, 0.423915952444, 6.42963266373, 29.7643947601, 142.342132568, 100.50415802, 188.493560791, 4523.36425781, 4004.80688477, 5114.66113281, 561.900390625, 989.128479004, 16640.3730469, 7418.47363281, 14678.1826172, 467.098114014, 207.456298828, 137.174240112, 67.1840820312, 1013.9019165, 407.894622803, 0.324473142624, 0.000726974511053, 8.94787444849e-06, 7.57952989261e-07, 3.60475951311e-07, 1.03155272768e-07, 3.37005658935e-08, 2.59229171462e-08, 1.85838011646e-09, 9.76909664274e-10, 4.78388217928e-10, 5.93681603878e-10, 1.46776132914e-10, 1.86131006441e-11, 2.04053766072e-12, 1.21396538655e-11, 5.91078366807e-11],
        "dvar2": [2.29823470477e-07, 1.31159031298e-05, 0.00862562004477, 0.899272084236, 14.6903829575, 77.8272781372, 354.110290527, 232.045822144, 351.998413086, 10069.8291016, 6611.43701172, 11301.2080078, 1027.44372559, 1853.23205566, 35939.4648438, 14644.1015625, 23415.40625, 987.414489746, 398.92590332, 268.071350098, 142.224029541, 2182.80029297, 852.403808594, 0.795035719872, 0.00157382455654, 1.81293889909e-05, 1.31749027332e-06, 7.41986525554e-07, 2.26181398943e-07, 7.38973184866e-08, 5.98907234917e-08, 4.58947724269e-09, 2.42168152198e-09, 1.14149112385e-09, 1.27237231862e-09, 2.83173318127e-10, 4.02330772864e-11, 4.5153507669e-12, 2.16277655507e-11, 1.0678550405e-10],
        "max": [0.00382094271481, 0.0484941117465, 1.36722874641, 7.04229688644, 41.9237289429, 91.8949813843, 228.939147949, 197.468399048, 388.411590576, 1442.18347168, 2047.47570801, 1276.63378906, 613.503234863, 769.022277832, 2025.78137207, 2239.63818359, 3484.88476562, 764.264892578, 656.49621582, 537.228881836, 236.39994812, 1045.20385742, 425.880950928, 13.3500833511, 0.589577019215, 0.062219042331, 0.0187928564847, 0.00971581414342, 0.00614662235603, 0.00340372463688, 0.00397465797141, 0.000981788500212, 0.000701860466506, 0.000475566339446, 0.000422342272941, 0.000211618244066, 9.01752719074e-05, 2.86720005533e-05, 7.5260468293e-05, 0.000158652837854],
        "mean": [0.00064161879709, 0.00439240643755, 0.10787063092, 0.942451298237, 3.87891149521, 6.58312511444, 13.390253067, 13.1907014847, 9.96348381042, 34.1198959351, 37.0919265747, 41.7785186768, 13.8175525665, 19.4962043762, 63.4939537048, 35.3452835083, 41.4457511902, 8.58437252045, 5.53351068497, 5.81523895264, 6.38118648529, 15.8754835129, 11.0710821152, 0.370561569929, 0.017687369138, 0.00205530226231, 0.000653907482047, 0.000601264997385, 0.000577118888032, 0.00031058510649, 0.000120140313811, 3.69008193957e-05, 2.75840611721e-05, 2.15484942601e-05, 3.37040801242e-05, 1.99213900487e-05, 6.2280387283e-06, 1.6216001768e-06, 6.63563423586e-06, 1.49644101839e-05],
        "median": [0.000460435054265, 0.00266271294095, 0.0560136027634, 0.581179976463, 2.47477293015, 4.20400714874, 4.94274616241, 6.16299057007, 2.37030315399, 2.46489405632, 1.94191229343, 2.39251995087, 1.75939631462, 1.44484162331, 1.1961479187, 0.767182171345, 0.820066988468, 0.384352862835, 0.491182684898, 0.698311209679, 1.20394158363, 1.30548143387, 0.39600148797, 0.0135213444009, 0.000829485012218, 0.000140737858601, 6.18528138148e-05, 8.53020028444e-05, 0.000329151633196, 0.000186755671166, 2.31308877119e-05, 1.29527388708e-05, 7.6231208368e-06, 6.50140827929e-06, 1.25788974401e-05, 9.11294955586e-06, 2.50829793913e-06, 4.46610954441e-07, 2.86575686914e-06, 6.70540339343e-06],
        "min": [3.19573131529e-21, 1.68165867e-20, 2.01074116759e-20, 2.9399498235e-20, 9.05526765777e-20, 1.29342122331e-19, 1.55031120983e-19, 4.86010582829e-20, 1.4634618984e-19, 3.31943469764e-19, 8.48198548135e-19, 1.12813280424e-18, 3.57791969517e-18, 2.72464153429e-18, 2.25294365114e-18, 2.8488158199e-18, 1.25552844134e-18, 3.48732315217e-18, 5.99632035513e-18, 5.5327666855e-18, 7.95233821961e-18, 7.61041566879e-18, 1.09925264101e-17, 1.48815929878e-17, 1.42353085034e-17, 1.93805671282e-17, 1.94774117799e-17, 1.65351286867e-17, 1.42636228958e-17, 1.56318590383e-17, 1.48567163581e-17, 1.34509874272e-17, 1.16073374994e-17, 1.24114463903e-17, 9.1540720038e-18, 6.54101175746e-18, 3.61995908185e-18, 1.50406043985e-18, 3.29377477956e-19, 4.4512989524e-20],
        "var": [3.19639525515e-07, 3.32813979185e-05, 0.0218516476452, 1.32220435143, 21.1305580139, 68.446182251, 491.429656982, 342.182952881, 765.179260254, 10833.2333984, 19389.5996094, 16802.9042969, 1412.46386719, 3847.64770508, 47434.8710938, 27523.1757812, 67956.59375, 1579.25756836, 1019.69061279, 788.378540039, 334.98034668, 3811.0078125, 1409.88391113, 1.4464635849, 0.00309618236497, 3.74838418793e-05, 3.57584553967e-06, 1.69745851508e-06, 4.91163007155e-07, 1.44674146441e-07, 7.11678964649e-08, 4.80138195869e-09, 2.7812172565e-09, 1.54253787521e-09, 2.96643731801e-09, 7.98026145166e-10, 9.23183751667e-11, 9.22261138986e-12, 9.32052560132e-11, 4.51421622305e-10]
    },
    "gfcc": {
        "mean": [-276.814361572, 239.750518799, -129.511993408, -54.6638565063, -3.45013046265, -31.035150528, -53.8347663879, -12.7998104095, -0.561531722546, -35.6307945251, -18.9268665314, 12.2938518524, -8.36184501648],
        "cov": [[15898.7666016, 754.710693359, -3201.88110352, -1917.73266602, -1380.06103516, -1806.50354004, -173.540710449, -262.169189453, -840.609191895, -609.251220703, 228.41317749, -132.554641724, -239.464294434], [754.710693359, 698.954406738, 339.111907959, -98.3576889038, -160.767364502, -140.610946655, -183.690811157, -268.400909424, -4.12862539291, -96.6491470337, -163.61151123, -5.62544536591, -23.9312534332], [-3201.88110352, 339.111907959, 1356.28393555, 432.051208496, 103.544410706, 336.295288086, -116.441123962, -181.985031128, 196.204803467, 34.5433502197, -232.906890869, 61.9592437744, 53.8924713135], [-1917.73266602, -98.3576889038, 432.051208496, 592.946228027, 430.901000977, 102.045661926, -160.250320435, 16.4701938629, 87.7665863037, 18.6888008118, -76.7692947388, -23.5395889282, 48.0892372131], [-1380.06103516, -160.767364502, 103.544410706, 430.901000977, 476.39541626, 164.203201294, -102.93939209, 21.3190460205, 67.3423614502, 55.466758728, -32.1339988708, -64.3557815552, 18.7276229858], [-1806.50354004, -140.610946655, 336.295288086, 102.045661926, 164.203201294, 445.193328857, 162.260101318, 30.4633808136, 66.9599380493, 100.244132996, -7.80078887939, -2.81848859787, -12.5197839737], [-173.540710449, -183.690811157, -116.441123962, -160.250320435, -102.93939209, 162.260101318, 295.177612305, 155.217987061, -55.1746177673, 1.17080497742, 98.9252853394, 41.6026763916, -37.937538147], [-262.169189453, -268.400909424, -181.985031128, 16.4701938629, 21.3190460205, 30.4633808136, 155.217987061, 216.444839478, 5.95074272156, 10.5975952148, 79.1434631348, 15.6541662216, -6.51149892807], [-840.609191895, -4.12862539291, 196.204803467, 87.7665863037, 67.3423614502, 66.9599380493, -55.1746177673, 5.95074272156, 158.592224121, 93.1532516479, -48.0474052429, -20.2967586517, 27.9159297943], [-609.251220703, -96.6491470337, 34.5433502197, 18.6888008118, 55.466758728, 100.244132996, 1.17080497742, 10.5975952148, 93.1532516479, 121.375854492, 25.2458724976, -19.3663406372, 8.24424171448], [228.41317749, -163.61151123, -232.906890869, -76.7692947388, -32.1339988708, -7.80078887939, 98.9252853394, 79.1434631348, -48.0474052429, 25.2458724976, 131.490936279, 47.8072547913, -2.49506354332], [-132.554641724, -5.62544536591, 61.9592437744, -23.5395889282, -64.3557815552, -2.81848859787, 41.6026763916, 15.6541662216, -20.2967586517, -19.3663406372, 47.8072547913, 101.250282288, 42.0747184753], [-239.464294434, -23.9312534332, 53.8924713135, 48.0892372131, 18.7276229858, -12.5197839737, -37.937538147, -6.51149892807, 27.9159297943, 8.24424171448, -2.49506354332, 42.0747184753, 73.614944458]],
        "icov": [[0.000498385808896, -0.000204032825422, 0.00134301092476, -0.000210892001633, 0.00109919067472, 0.000181045965292, 0.000273966550594, 0.00100613688119, -0.000126007333165, 0.00123623560648, 0.000327940157149, 1.07354508145e-05, 0.000605109962635], [-0.000204032825422, 0.00580512313172, -0.00244533759542, 0.00349761662073, -0.0034174262546, 0.0035688970238, -0.00195092218928, 0.00519616203383, -0.00268371170387, 0.00283071305603, 0.00244947057217, -0.00246289302595, 0.00385077972896], [0.00134301092476, -0.00244533759542, 0.0181803032756, -0.0226354729384, 0.0218753293157, -0.010770060122, -0.00266725383699, 0.0137760927901, -0.0111642042175, 0.00413630809635, 0.012136599049, -0.013207256794, 0.00922853499651], [-0.000210892001633, 0.00349761662073, -0.0226354729384, 0.0415692180395, -0.0358500368893, 0.0167062208056, 0.00879440642893, -0.020628195256, 0.0168314389884, -0.00168202479836, -0.0115827089176, 0.0131961889565, -0.00959331076592], [0.00109919067472, -0.0034174262546, 0.0218753293157, -0.0358500368893, 0.0396902486682, -0.0217726677656, 0.00360737601295, 0.0142814898863, -0.0160380620509, 0.0112449657172, 0.00253226421773, -0.00459583895281, 0.00672652246431], [0.000181045965292, 0.0035688970238, -0.010770060122, 0.0167062208056, -0.0217726677656, 0.023927917704, -0.0149619635195, 0.000957960961387, 0.0114890933037, -0.0163920857012, 0.00932879559696, -0.00114900618792, -0.000845344737172], [0.000273966550594, -0.00195092218928, -0.00266725383699, 0.00879440642893, 0.00360737601295, -0.0149619635195, 0.0325662717223, -0.0218220725656, 0.00595394335687, 0.0115503929555, -0.0165063887835, 0.00713039888069, -0.000331055896822], [0.00100613688119, 0.00519616203383, 0.0137760927901, -0.020628195256, 0.0142814898863, 0.000957960961387, -0.0218220725656, 0.0386912152171, -0.0256746057421, 0.0146635631099, 0.00476499320939, -0.00830379873514, 0.0100598828867], [-0.000126007333165, -0.00268371170387, -0.0111642042175, 0.0168314389884, -0.0160380620509, 0.0114890933037, 0.00595394335687, -0.0256746057421, 0.0485430732369, -0.0440919026732, 0.0221101250499, -0.00381565769203, -0.00781311094761], [0.00123623560648, 0.00283071305603, 0.00413630809635, -0.00168202479836, 0.0112449657172, -0.0163920857012, 0.0115503929555, 0.0146635631099, -0.0440919026732, 0.0712979733944, -0.0479623861611, 0.0276788771152, -0.00409665191546], [0.000327940157149, 0.00244947057217, 0.012136599049, -0.0115827089176, 0.00253226421773, 0.00932879559696, -0.0165063887835, 0.00476499320939, 0.0221101250499, -0.0479623861611, 0.0707595199347, -0.0482552312315, 0.0203672163188], [1.07354508145e-05, -0.00246289302595, -0.013207256794, 0.0131961889565, -0.00459583895281, -0.00114900618792, 0.00713039888069, -0.00830379873514, -0.00381565769203, 0.0276788771152, -0.0482552312315, 0.0567104183137, -0.0315047092736], [0.000605109962635, 0.00385077972896, 0.00922853499651, -0.00959331076592, 0.00672652246431, -0.000845344737172, -0.000331055896822, 0.0100598828867, -0.00781311094761, -0.00409665191546, 0.0203672163188, -0.0315047092736, 0.0372979454696]]
    },
    "melbands": {
        "dmean": [3.32738886755e-06, 1.2054151739e-05, 9.58157761488e-05, 0.000143036988447, 0.000181784605957, 0.000118104275316, 7.61770934332e-05, 0.000171436899109, 0.000126258353703, 0.000116458279081, 3.06462861772e-05, 3.12680203933e-05, 0.000106439409137, 5.49610776943e-05, 4.82026662212e-05, 3.23803396896e-05, 6.78247124597e-06, 4.9478398978e-06, 3.25968198922e-06, 3.26461213263e-06, 3.30821421812e-06, 7.12669543645e-06, 1.28488554765e-05, 1.370235168e-06, 6.42913500215e-10, 5.68913194332e-10, 7.58734255979e-11, 4.79176490153e-11, 6.56875526195e-11, 1.69810790429e-10, 1.24264390444e-10, 1.41142125765e-10, 5.380525539e-11, 5.94439913959e-11, 3.97798148588e-11, 1.27193281949e-11, 7.76567178618e-12, 7.57461020989e-12, 6.39894430846e-12, 5.99044468544e-12],
        "dmean2": [5.12566703037e-06, 1.72889995156e-05, 0.000132152112201, 0.000214610699913, 0.000268077652436, 0.000173833730514, 0.000103348902485, 0.000236468258663, 0.000172468440724, 0.000172478452441, 4.30572436017e-05, 4.36790796812e-05, 0.000162816650118, 8.08386175777e-05, 6.83356483933e-05, 3.87980944652e-05, 1.02685826278e-05, 7.17596822142e-06, 4.75113120046e-06, 4.39601399194e-06, 4.98159261042e-06, 1.03898628367e-05, 1.89148522622e-05, 2.35008201344e-06, 1.05282016438e-09, 9.12448727686e-10, 1.17575921221e-10, 7.63947446969e-11, 9.82690873119e-11, 2.54424536994e-10, 1.83468157333e-10, 2.02641209368e-10, 8.14975725794e-11, 8.6664807275e-11, 6.23764373486e-11, 2.08560165665e-11, 1.32354587359e-11, 1.26897728436e-11, 1.10194128128e-11, 1.00557930038e-11],
        "dvar": [1.42432151143e-11, 5.81593662119e-10, 2.80127885333e-08, 5.84054333785e-08, 1.36806704631e-07, 4.81132538255e-08, 4.77944297472e-08, 5.26040139448e-07, 2.7604596653e-07, 1.66061170148e-07, 1.37095002017e-08, 1.46137173473e-08, 1.84658958347e-07, 5.35620152675e-08, 1.63906591411e-07, 3.51229978435e-08, 1.58670809824e-09, 1.00778441148e-09, 2.52301568526e-10, 2.02171779318e-10, 1.50842394131e-10, 8.4769136155e-10, 2.43196729421e-09, 3.7760187338e-11, 4.97080333838e-18, 6.82250504223e-18, 5.02133819307e-20, 2.50848950793e-20, 6.3282296003e-20, 3.76287510879e-19, 9.39677563601e-20, 7.16629022285e-20, 6.67053713261e-21, 1.95398833808e-20, 1.26716492739e-20, 2.41358196292e-21, 4.63469489064e-22, 4.46322101609e-22, 3.03486932386e-22, 2.8900233545e-22],
        "dvar2": [3.01625807664e-11, 1.2071764699e-09, 5.98786300543e-08, 1.45585914879e-07, 3.35270925689e-07, 1.1248845766e-07, 8.39422824583e-08, 1.13207192953e-06, 4.79907043882e-07, 3.80435892566e-07, 2.34834587332e-08, 2.69709374834e-08, 3.99238217597e-07, 1.01299278299e-07, 3.73182928115e-07, 4.01200956901e-08, 3.93381949237e-09, 1.83166404266e-09, 5.43258382724e-10, 3.65594110541e-10, 3.16117493293e-10, 1.79792647437e-09, 4.4563672752e-09, 1.15288875668e-10, 1.29129883296e-17, 1.40736575594e-17, 1.127848616e-19, 5.60025250011e-20, 1.24740619981e-19, 8.17329253349e-19, 2.13432644244e-19, 1.60534883511e-19, 1.54466269716e-20, 4.50946525909e-20, 2.95482324177e-20, 6.09129461905e-21, 1.28396364085e-21, 1.20683753057e-21, 8.32219477362e-22, 7.48192487606e-22],
        "max": [5.05708085257e-05, 0.000506203970872, 0.00195639953017, 0.00312644476071, 0.00752909015864, 0.0039267251268, 0.00612881453708, 0.0157762859017, 0.0172786265612, 0.00704971654341, 0.00296174455434, 0.00302520929836, 0.00635831104591, 0.0049936925061, 0.0113001205027, 0.00786468945444, 0.00136631308123, 0.00148141907994, 0.000382740836358, 0.00067065062467, 0.000365376792615, 0.000928807421587, 0.000884718610905, 0.000116483410238, 4.58051516716e-08, 7.49963433577e-08, 5.95280669202e-09, 5.06340658291e-09, 5.80106718218e-09, 1.21862120395e-08, 5.56163071153e-09, 5.70304381498e-09, 1.29909305535e-09, 2.9228093279e-09, 1.99248972876e-09, 1.54043644507e-09, 5.63334601189e-10, 4.98996510778e-10, 4.3427617058e-10, 3.82135489918e-10],
        "mean": [7.75375519879e-06, 3.57030257874e-05, 0.000247802236117, 0.000383229606086, 0.000444227887783, 0.000298936851323, 0.000163119097124, 0.000389814493246, 0.000294929282973, 0.00024288163695, 5.71981108806e-05, 6.45700711175e-05, 0.000195365850232, 0.000120821809105, 8.43411617097e-05, 7.01005628798e-05, 1.0314039173e-05, 9.85651604424e-06, 6.02366571911e-06, 7.67744768382e-06, 7.71582199377e-06, 1.37976512633e-05, 2.22619655688e-05, 2.04118600777e-06, 9.56928758455e-10, 6.67411625965e-10, 1.26571267356e-10, 6.83125292444e-11, 1.0639511494e-10, 2.81311751671e-10, 2.95538898909e-10, 3.5987046676e-10, 1.66290148318e-10, 1.46102005494e-10, 6.9561342797e-11, 1.80959240648e-11, 1.1642361554e-11, 1.16356689908e-11, 8.51479477204e-12, 8.21873732265e-12],
        "median": [5.53749396204e-06, 1.46843103721e-05, 0.000156254478497, 0.000254662591033, 0.000203131319722, 0.000139504671097, 2.97260849038e-05, 2.1104584448e-05, 1.1809967873e-05, 1.35648533615e-05, 6.80413040755e-06, 3.82425696444e-06, 3.82202961191e-06, 1.63618938132e-06, 1.94711401491e-06, 9.90530793388e-07, 4.23236286906e-07, 6.92980108852e-07, 5.45705461263e-07, 1.14373415272e-06, 1.27318151044e-06, 1.2885579963e-06, 9.07224602997e-07, 3.91027015212e-08, 4.49187839702e-11, 4.70139274733e-11, 2.96361338248e-11, 1.55595345636e-11, 1.23905746774e-11, 1.55510222755e-11, 3.16814283141e-11, 1.76310466227e-10, 1.1851855608e-10, 6.6480584926e-11, 6.49175505019e-12, 4.11478229961e-12, 4.83333989151e-12, 2.51627885195e-12, 1.51996633595e-12, 1.52526407303e-12],
        "min": [2.81823335181e-23, 1.49871707524e-23, 7.96381195117e-24, 6.62807164568e-24, 6.63141089389e-24, 1.06224863914e-24, 2.48358045145e-24, 3.23712227901e-24, 7.58792919616e-24, 8.59173576539e-24, 1.75068319267e-23, 9.95281112771e-24, 9.01638984586e-24, 8.78313866455e-24, 4.10352229476e-24, 2.67685886741e-24, 6.77634830801e-24, 9.35294157386e-24, 8.90204840196e-24, 7.05326530701e-24, 1.07392936173e-23, 9.59847374175e-24, 5.17216218635e-24, 1.37107685642e-23, 1.18502211866e-23, 8.0098538179e-24, 1.4240001146e-23, 1.19781436598e-23, 1.10826973911e-23, 1.14314007325e-23, 8.99223729153e-24, 9.2678029718e-24, 6.06987879674e-24, 9.61956157146e-24, 8.08213556492e-24, 9.00277805094e-24, 8.09985732516e-24, 7.78436345017e-24, 8.68479374208e-24, 1.13920184295e-23],
        "var": [5.0638652993e-11, 2.76524692033e-09, 8.87405491312e-08, 1.87252041428e-07, 4.69115434498e-07, 1.84715517548e-07, 2.33791809023e-07, 1.3808694348e-06, 1.26534882838e-06, 5.75390572521e-07, 3.19861754861e-08, 5.72736276183e-08, 4.55899964891e-07, 2.2189688309e-07, 3.33647932393e-07, 2.09058853784e-07, 4.02621314066e-09, 5.05333463963e-09, 7.52644502278e-10, 1.23178822697e-09, 5.61578727964e-10, 3.34982352967e-09, 6.50178932915e-09, 7.2232886339e-11, 1.07986667074e-17, 9.941451994e-18, 1.13905381137e-19, 5.14057918643e-20, 1.87515485915e-19, 8.8607700954e-19, 4.33467766589e-19, 2.71584953496e-19, 2.9715351982e-20, 5.54506275115e-20, 3.11317210664e-20, 3.6656169572e-21, 5.73657024948e-22, 6.91928908362e-22, 4.0361039541e-22, 4.14376970993e-22]
    },
    "mfcc": {
        "mean": [-871.544494629, 221.233200073, -2.46022057533, -21.9391155243, 28.8834018707, -7.89967870712, -33.9030342102, 4.25672864914, 5.6903719902, -28.4894981384, -15.6397228241, 8.88981151581, -6.89153289795],
        "cov": [[6570.43212891, 4405.26611328, -2138.19604492, -1967.53466797, 3.49933362007, -868.173034668, -1252.35913086, 40.8913192749, -136.304840088, -1060.34875488, -285.709197998, 315.99307251, -426.76385498], [4405.26611328, 3174.06152344, -1078.80126953, -1256.72290039, -113.211090088, -598.860900879, -847.778564453, -65.9733657837, -133.189697266, -705.016662598, -279.301177979, 127.114906311, -257.676849365], [-2138.19604492, -1078.80126953, 1304.04772949, 829.191467285, -128.566192627, 240.26008606, 365.529846191, -162.795410156, -21.0707416534, 338.746765137, -64.2801589966, -252.558853149, 171.229522705], [-1967.53466797, -1256.72290039, 829.191467285, 878.074645996, 230.210494995, 265.183990479, 240.743423462, -96.7570419312, 38.3840408325, 296.125366211, -15.1993999481, -187.938766479, 99.643913269], [3.49933362007, -113.211090088, -128.566192627, 230.210494995, 434.66619873, 132.714706421, -157.896438599, -96.8374557495, 36.5253334045, 19.8470001221, -53.9312934875, -59.0836257935, -46.9975585938], [-868.173034668, -598.860900879, 240.26008606, 265.183990479, 132.714706421, 284.427490234, 204.51411438, -65.4396591187, 11.5839910507, 182.692977905, 37.0229377747, -70.0733795166, 38.9478645325], [-1252.35913086, -847.778564453, 365.529846191, 240.743423462, -157.896438599, 204.51411438, 461.109436035, 134.527389526, -5.48928260803, 171.627746582, 127.204795837, -7.4741692543, 65.8529052734], [40.8913192749, -65.9733657837, -162.795410156, -96.7570419312, -96.8374557495, -65.4396591187, 134.527389526, 218.820755005, 34.1335220337, -65.3191375732, 63.3869972229, 83.9485931396, -13.8765888214], [-136.304840088, -133.189697266, -21.0707416534, 38.3840408325, 36.5253334045, 11.5839910507, -5.48928260803, 34.1335220337, 89.8820495605, 67.9410552979, 7.11863899231, -4.04696655273, 17.4710578918], [-1060.34875488, -705.016662598, 338.746765137, 296.125366211, 19.8470001221, 182.692977905, 171.627746582, -65.3191375732, 67.9410552979, 282.860229492, 87.3843994141, -72.2671890259, 58.3179626465], [-285.709197998, -279.301177979, -64.2801589966, -15.1993999481, -53.9312934875, 37.0229377747, 127.204795837, 63.3869972229, 7.11863899231, 87.3843994141, 152.747192383, 74.5244216919, -8.20003986359], [315.99307251, 127.114906311, -252.558853149, -187.938766479, -59.0836257935, -70.0733795166, -7.4741692543, 83.9485931396, -4.04696655273, -72.2671890259, 74.5244216919, 134.558380127, 10.6244649887], [-426.76385498, -257.676849365, 171.229522705, 99.643913269, -46.9975585938, 38.9478645325, 65.8529052734, -13.8765888214, 17.4710578918, 58.3179626465, -8.20003986359, 10.6244649887, 115.341621399]],
