{
"lowlevel": {
    "average_loudness": 0.961073517799,
    "barkbands_crest": {
        "dmean": 3.84133481979,
        "dmean2": 6.10860729218,
        "dvar": 10.9593982697,
        "dvar2": 26.9611606598,
        "max": 25.1325645447,
        "mean": 14.5129165649,
        "median": 14.525677681,
        "min": 2.57531809807,
        "var": 30.9666843414
    },
    "barkbands_flatness_db": {
        "dmean": 0.0488549433649,
        "dmean2": 0.0711530819535,
        "dvar": 0.00281490082853,
        "dvar2": 0.00568715576082,
        "max": 0.718735158443,
        "mean": 0.275833815336,
        "median": 0.258184492588,
        "min": 0.0234910938889,
        "var": 0.0218962561339
    },
    "barkbands_kurtosis": {
        "dmean": 14.9329366684,
        "dmean2": 23.725019455,
        "dvar": 715.650390625,
        "dvar2": 1741.0447998,
        "max": 368.779449463,
        "mean": 20.4938793182,
        "median": 7.70931434631,
        "min": -1.71521830559,
        "var": 1229.4901123
    },
    "barkbands_skewness": {
        "dmean": 1.2459025383,
        "dmean2": 1.85763275623,
        "dvar": 1.78249585629,
        "dvar2": 3.94028544426,
        "max": 15.1581850052,
        "mean": 2.63035225868,
        "median": 2.11797475815,
        "min": -3.25498008728,
        "var": 5.87590456009
    },
    "barkbands_spread": {
        "dmean": 5.78741979599,
        "dmean2": 9.18044185638,
        "dvar": 116.24420929,
        "dvar2": 291.341003418,
        "max": 85.737663269,
        "mean": 10.267364502,
        "median": 5.17824792862,
        "min": 0.113032616675,
        "var": 160.427093506
    },
    "dissonance": {
        "dmean": 0.039885122329,
        "dmean2": 0.0636222437024,
        "dvar": 0.00183267414104,
        "dvar2": 0.00445509748533,
        "max": 0.499969303608,
        "mean": 0.413690745831,
        "median": 0.438140451908,
        "min": 0.0803858265281,
        "var": 0.00640225922689
    },
    "dynamic_complexity": 4.72545528412,
    "erbbands_crest": {
        "dmean": 4.20942020416,
        "dmean2": 6.54429721832,
        "dvar": 16.8489131927,
        "dvar2": 37.9334106445,
        "max": 31.9441642761,
        "mean": 13.8188591003,
        "median": 11.9790287018,
        "min": 2.11292219162,
        "var": 53.8037528992
    },
    "erbbands_flatness_db": {
        "dmean": 0.0325736291707,
        "dmean2": 0.0456771552563,
        "dvar": 0.00136463553645,
        "dvar2": 0.00250348518603,
        "max": 0.584181964397,
        "mean": 0.219268471003,
        "median": 0.199440330267,
        "min": 0.0415443368256,
        "var": 0.0108423009515
    },
    "erbbands_kurtosis": {
        "dmean": 4.70890855789,
        "dmean2": 7.54053211212,
        "dvar": 146.182846069,
        "dvar2": 359.292449951,
        "max": 180.652404785,
        "mean": 6.00807142258,
        "median": 1.16285085678,
        "min": -1.75013697147,
        "var": 226.038101196
    },
    "erbbands_skewness": {
        "dmean": 0.676450312138,
        "dmean2": 1.03966188431,
        "dvar": 0.610453724861,
        "dvar2": 1.60471487045,
        "max": 9.84752464294,
        "mean": 1.29233598709,
        "median": 1.0345594883,
        "min": -1.5171610117,
        "var": 1.60313010216
    },
    "erbbands_spread": {
        "dmean": 10.8337535858,
        "dmean2": 16.0696411133,
        "dvar": 178.243667603,
        "dvar2": 381.901031494,
        "max": 139.849746704,
        "mean": 30.8756980896,
        "median": 26.8141384125,
        "min": 0.35157674551,
        "var": 535.292602539
    },
    "hfc": {
        "dmean": 9.47222995758,
        "dmean2": 14.2736911774,
        "dvar": 371.133636475,
        "dvar2": 883.141052246,
        "max": 168.454299927,
        "mean": 12.4518547058,
        "median": 3.62351369858,
        "min": 1.17626658057e-16,
        "var": 498.541351318
    },
    "melbands_crest": {
        "dmean": 4.49713659286,
        "dmean2": 7.29861021042,
        "dvar": 14.9932432175,
        "dvar2": 37.9981765747,
        "max": 35.3756599426,
        "mean": 19.6608200073,
        "median": 19.509223938,
        "min": 2.84094047546,
        "var": 48.1710739136
    },
    "melbands_flatness_db": {
        "dmean": 0.0550389178097,
        "dmean2": 0.0796222835779,
        "dvar": 0.00375159573741,
        "dvar2": 0.00743681704625,
        "max": 0.873164594173,
        "mean": 0.371184140444,
        "median": 0.352877736092,
        "min": 0.0039991713129,
        "var": 0.0296886749566
    },
    "melbands_kurtosis": {
        "dmean": 23.8893966675,
        "dmean2": 37.5480880737,
        "dvar": 1623.67932129,
        "dvar2": 3665.27783203,
        "max": 384.205078125,
        "mean": 35.9037284851,
        "median": 14.4772548676,
        "min": -1.58925127983,
        "var": 3001.58251953
    },
    "melbands_skewness": {
        "dmean": 1.34967088699,
        "dmean2": 2.00354170799,
        "dvar": 2.08384275436,
        "dvar2": 4.60864019394,
        "max": 15.1961202621,
        "mean": 3.3906416893,
        "median": 2.82729792595,
        "min": -1.88660550117,
        "var": 6.77818965912
    },
    "melbands_spread": {
        "dmean": 4.77297639847,
        "dmean2": 7.44112062454,
        "dvar": 77.6738052368,
        "dvar2": 184.110626221,
        "max": 139.724914551,
        "mean": 9.55673599243,
        "median": 4.41031646729,
        "min": 0.256318151951,
        "var": 148.503555298
    },
    "pitch_salience": {
        "dmean": 0.120145685971,
        "dmean2": 0.197556167841,
        "dvar": 0.0125098414719,
        "dvar2": 0.0331996493042,
        "max": 0.859648823738,
        "mean": 0.452698022127,
        "median": 0.446560412645,
        "min": 0.0622252300382,
        "var": 0.026647798717
    },
    "silence_rate_20dB": {
        "dmean": 0,
        "dmean2": 0,
        "dvar": 0,
        "dvar2": 0,
        "max": 1,
        "mean": 1,
        "median": 1,
        "min": 1,
        "var": 0
    },
    "silence_rate_30dB": {
        "dmean": 0.0948453620076,
        "dmean2": 0.189788550138,
        "dvar": 0.0858510807157,
        "dvar2": 0.189868614078,
        "max": 1,
        "mean": 0.877897977829,
        "median": 1,
        "min": 0,
        "var": 0.10719255358
    },
    "silence_rate_60dB": {
        "dmean": 0.106185570359,
        "dmean2": 0.212480664253,
        "dvar": 0.0949109271169,
        "dvar2": 0.17867732048,
        "max": 1,
        "mean": 0.189077794552,
        "median": 0,
        "min": 0,
        "var": 0.15332646668
    },
    "spectral_centroid": {
        "dmean": 214.925537109,
        "dmean2": 333.149230957,
        "dvar": 153341.21875,
        "dvar2": 303741.4375,
        "max": 10837.2353516,
        "mean": 661.783508301,
        "median": 468.511688232,
        "min": 147.716537476,
        "var": 309388.90625
    },
    "spectral_complexity": {
        "dmean": 3.67422676086,
        "dmean2": 5.04847860336,
        "dvar": 29.9920654297,
        "dvar2": 48.3525505066,
        "max": 58,
        "mean": 9.3879442215,
        "median": 6,
        "min": 0,
        "var": 119.014190674
    },
    "spectral_decrease": {
        "dmean": 6.04446492858e-09,
        "dmean2": 8.87762841018e-09,
        "dvar": 8.81470659912e-17,
        "dvar2": 1.82561672866e-16,
        "max": -6.11114904724e-29,
        "mean": -1.03827169085e-08,
        "median": -4.73867167727e-09,
        "min": -7.45445944972e-08,
        "var": 1.99345961588e-16
    },
    "spectral_energy": {
        "dmean": 0.0234572868794,
        "dmean2": 0.034396905452,
        "dvar": 0.00130056904163,
        "dvar2": 0.0026878642384,
        "max": 0.283852815628,
        "mean": 0.0403161644936,
        "median": 0.0184712894261,
        "min": 1.0899737929e-20,
        "var": 0.00294490437955
    },
    "spectral_energyband_high": {
        "dmean": 0.000537956191693,
        "dmean2": 0.000880990293808,
        "dvar": 2.12835379898e-06,
        "dvar2": 5.56035820409e-06,
        "max": 0.0150475297123,
        "mean": 0.000476733286632,
        "median": 2.14548836084e-05,
        "min": 8.08500709435e-21,
        "var": 1.75299771854e-06
    },
    "spectral_energyband_low": {
        "dmean": 0.0190788116306,
        "dmean2": 0.0288412943482,
        "dvar": 0.0011599517893,
        "dvar2": 0.00253859185614,
        "max": 0.274185866117,
        "mean": 0.028270939365,
        "median": 0.00805111601949,
        "min": 6.02302874201e-23,
        "var": 0.00237858691253
    },
    "spectral_energyband_middle_high": {
        "dmean": 0.00142779108137,
        "dmean2": 0.00209155632183,
        "dvar": 1.60300423886e-05,
        "dvar2": 3.07688205794e-05,
        "max": 0.0523633807898,
        "mean": 0.00227156886831,
        "median": 0.000236937587033,
        "min": 1.30966258344e-21,
        "var": 3.96343093598e-05
    },
    "spectral_energyband_middle_low": {
        "dmean": 0.00833064038306,
        "dmean2": 0.013991329819,
        "dvar": 0.000279452477116,
        "dvar2": 0.000726960191969,
        "max": 0.120345391333,
        "mean": 0.0106685319915,
        "median": 0.00451001897454,
        "min": 4.28137305266e-22,
        "var": 0.000274061749224
    },
    "spectral_entropy": {
        "dmean": 0.380981743336,
        "dmean2": 0.555950641632,
        "dvar": 0.221477091312,
        "dvar2": 0.462941706181,
        "max": 9.78348350525,
        "mean": 6.65392684937,
        "median": 6.86800909042,
        "min": 2.78374934196,
        "var": 1.38366746902
    },
    "spectral_flux": {
        "dmean": 0.0527368560433,
        "dmean2": 0.0832992717624,
        "dvar": 0.00427577085793,
        "dvar2": 0.00892490055412,
        "max": 0.448096603155,
        "mean": 0.104119174182,
        "median": 0.0728419423103,
        "min": 1.04401806644e-10,
        "var": 0.00885158963501
    },
    "spectral_kurtosis": {
        "dmean": 14.7358808517,
        "dmean2": 22.6670646667,
        "dvar": 1231.87402344,
        "dvar2": 2794.75073242,
        "max": 666.535949707,
        "mean": 29.0098209381,
        "median": 5.44335651398,
        "min": -1.21638953686,
        "var": 4064.64599609
    },
    "spectral_rms": {
        "dmean": 0.00167608505581,
        "dmean2": 0.00230041658506,
        "dvar": 4.13257384935e-06,
        "dvar2": 7.31376803742e-06,
        "max": 0.0166412014514,
        "mean": 0.00506184995174,
        "median": 0.00424508750439,
        "min": 3.260964632e-12,
        "var": 1.37104834721e-05
    },
    "spectral_rolloff": {
        "dmean": 442.844085693,
        "dmean2": 778.129089355,
        "dvar": 1801264.375,
        "dvar2": 4694804,
        "max": 18690.8203125,
        "mean": 664.803100586,
        "median": 279.931640625,
        "min": 64.599609375,
        "var": 1448719.625
    },
    "spectral_skewness": {
        "dmean": 0.845639646053,
        "dmean2": 1.26023304462,
        "dvar": 1.60753583908,
        "dvar2": 3.04638290405,
        "max": 21.9368209839,
        "mean": 3.14737868309,
        "median": 1.83766043186,
        "min": -0.00355932535604,
        "var": 10.0330028534
    },
    "spectral_spread": {
        "dmean": 907331.25,
        "dmean2": 1315467.625,
        "dvar": 2.04008823194e+12,
        "dvar2": 3.59521163674e+12,
        "max": 41846948,
        "mean": 3865108.5,
        "median": 3474057.5,
        "min": 237000.015625,
        "var": 6.3099633664e+12
    },
    "spectral_strongpeak": {
        "dmean": 0.270913094282,
        "dmean2": 0.432906389236,
        "dvar": 0.103450119495,
        "dvar2": 0.245511099696,
        "max": 4.16791915894,
        "mean": 0.513063907623,
        "median": 0.382841438055,
        "min": 0,
        "var": 0.20318762958
    },
    "zerocrossingrate": {
        "dmean": 0.00981470476836,
        "dmean2": 0.0121050439775,
        "dvar": 0.000311085139401,
        "dvar2": 0.000410344975535,
        "max": 0.49365234375,
        "mean": 0.0285258386284,
        "median": 0.0166015625,
        "min": 0.001953125,
        "var": 0.000846131064463
    },
    "barkbands": {
        "dmean": [0.00095983769279, 0.0143228918314, 0.00612170388922, 0.00306663778611, 0.00362276984379, 0.000770643178839, 0.000808794458862, 0.00088816229254, 0.000450639578048, 0.000302267930238, 0.000265510112513, 0.000289327377686, 0.000201505827135, 0.000170673782122, 0.000224140996579, 0.000112149449706, 9.93323337752e-05, 8.47508199513e-05, 7.67527963035e-05, 7.66239973018e-05, 0.00012039388821, 5.75262092752e-05, 7.67430683482e-05, 6.75710543874e-05, 8.5339670477e-05, 9.36410651775e-05, 2.493483953e-05],
        "dmean2": [0.00152181985322, 0.0219605658203, 0.0102785574272, 0.00559836858884, 0.00582924159244, 0.00130339711905, 0.00144705979619, 0.00142215646338, 0.00078768475214, 0.000480110786157, 0.000411059882026, 0.000449324259534, 0.000333328236593, 0.000252657191595, 0.000354805350071, 0.000182488569408, 0.000154364272021, 0.000126664963318, 0.000122894038213, 0.000118460440717, 0.000204331096029, 9.07543580979e-05, 0.000129312174977, 0.000111685607408, 0.000144648001879, 0.000162521435414, 4.62797142973e-05],
        "dvar": [2.56827888734e-06, 0.000756370136514, 0.000233574974118, 7.80206100899e-05, 5.97584912612e-05, 3.07284608425e-06, 5.40049813935e-06, 2.77355866274e-06, 1.55299778726e-06, 7.50305275687e-07, 6.95245944371e-07, 7.533554367e-07, 4.98527924719e-07, 2.59670287051e-07, 3.9131063545e-07, 1.97644695277e-07, 8.75766019703e-08, 6.47924238706e-08, 4.8264329422e-08, 4.01308817288e-08, 1.7976552158e-07, 2.0348648988e-08, 6.0381957212e-08, 3.5229440698e-08, 5.72971039503e-08, 8.14517449044e-08, 9.64018997962e-09],
        "dvar2": [6.0307838794e-06, 0.00166925275698, 0.000580476713367, 0.000227859884035, 0.000132421293529, 8.36454455566e-06, 1.52198817887e-05, 5.99532495471e-06, 4.15761951444e-06, 1.74343699655e-06, 1.7808257553e-06, 1.57221097652e-06, 1.30180603719e-06, 5.07205243139e-07, 9.10063874926e-07, 5.12277949838e-07, 2.05386953667e-07, 1.30460662717e-07, 1.05284925667e-07, 9.62612816124e-08, 5.00991006902e-07, 5.04444379601e-08, 1.6530735536e-07, 9.33297314987e-08, 1.50830487655e-07, 2.17257493773e-07, 2.70108486689e-08],
        "max": [0.018164915964, 0.250191122293, 0.124763086438, 0.0917200520635, 0.077996134758, 0.0254260115325, 0.020391350612, 0.0286345072091, 0.0121371345595, 0.0104229208082, 0.0119212036952, 0.00974005181342, 0.0114929191768, 0.00727655971423, 0.00667761079967, 0.00890042819083, 0.00339571665972, 0.00287363212556, 0.00251045171171, 0.00253595365211, 0.00413757748902, 0.00141913106199, 0.00292593566701, 0.00177225994412, 0.00200677197427, 0.00233841105364, 0.00088501535356],
        "mean": [0.00130016589537, 0.0204275976866, 0.00524577964097, 0.00250211497769, 0.00467974832281, 0.000968578853644, 0.000778408488259, 0.00120469660033, 0.000407313404139, 0.000391702371417, 0.000313595810439, 0.000381810794352, 0.000237018000917, 0.000215644104173, 0.000285905902274, 0.000141433498356, 0.000123242163681, 0.000106351420982, 8.91135205165e-05, 8.59714709804e-05, 0.000101976183942, 6.10615825281e-05, 6.79358490743e-05, 5.74615514779e-05, 6.3088045863e-05, 6.31295042695e-05, 1.53600522026e-05],
        "median": [0.000422730314313, 0.0053659924306, 0.000424261146691, 0.000618543475866, 0.00152654340491, 0.000371348869521, 7.1695249062e-05, 0.000268440227956, 4.05749960919e-05, 1.47056371134e-05, 1.2845164747e-05, 1.86949018826e-05, 1.02120247902e-05, 6.19523643763e-06, 3.81999670935e-05, 4.88779733132e-06, 8.71391148394e-06, 1.00326669781e-05, 7.76118304202e-06, 7.13687632015e-06, 6.50543051961e-06, 4.30481759395e-06, 2.63969582193e-06, 1.2858062064e-06, 3.52230529188e-07, 2.27845244893e-08, 2.01971106506e-09],
        "min": [5.04644323826e-23, 2.85025763357e-23, 1.11532286558e-23, 2.18207256755e-23, 5.80869081644e-23, 2.82212780032e-23, 1.3795347075e-22, 7.83926611813e-23, 8.35562543661e-23, 8.30619982991e-23, 8.36789948121e-23, 6.77221120588e-23, 7.98870098604e-23, 9.89364797977e-23, 1.41851579582e-22, 1.21327728613e-22, 1.52653698081e-22, 1.34106505349e-22, 2.53718467803e-22, 3.12542197297e-22, 4.55729564516e-22, 6.56688914004e-22, 7.69811517325e-22, 9.18123728881e-22, 1.40341046001e-21, 1.63896003491e-21, 2.21437118359e-21],
        "var": [4.58564636574e-06, 0.0014213481918, 0.000210617654375, 4.6190492867e-05, 7.77262030169e-05, 4.03964213547e-06, 5.14063276569e-06, 5.36738843948e-06, 1.33518096845e-06, 1.20958247862e-06, 1.05165247533e-06, 1.44808871028e-06, 6.47333365578e-07, 5.10372899498e-07, 5.30029865331e-07, 2.46184839625e-07, 1.37413778134e-07, 1.08349453853e-07, 7.45259285395e-08, 5.0182254796e-08, 1.24152663261e-07, 2.17289404247e-08, 4.32967830477e-08, 2.75524776328e-08, 4.23369996838e-08, 5.65342546111e-08, 5.81349945961e-09]
    },
    "erbbands": {
        "dmean": [0.502654314041, 3.25654053688, 7.52349424362, 8.67755222321, 10.6907920837, 13.4282865524, 7.66146373749, 6.26592350006, 11.1607675552, 11.6537799835, 22.6058368683, 10.714425087, 9.19302654266, 10.0457305908, 10.757358551, 12.8369626999, 8.8766040802, 9.05720233917, 10.1486177444, 8.58958911896, 6.34108161926, 5.27897024155, 4.7880525589, 4.14347982407, 3.59833192825, 3.79924201965, 5.18714427948, 3.61758685112, 1.96180260181, 2.33590626717, 2.1411948204, 1.41739690304, 1.22474753857, 0.869671940804, 0.636241555214, 0.382865995169, 0.159777864814, 0.0604449622333, 0.00269183702767, 6.78518917994e-05],
        "dmean2": [0.711960017681, 5.22491073608, 12.4480056763, 15.4264249802, 17.488193512, 21.8194713593, 12.4518642426, 10.6822605133, 19.8113021851, 20.3179740906, 35.9052276611, 18.2649936676, 15.5748443604, 15.9325695038, 16.7856884003, 20.7526531219, 14.4024400711, 13.1570796967, 15.4848642349, 14.1295337677, 10.2240171432, 7.96815538406, 7.18580102921, 6.46925497055, 5.7138504982, 5.90190458298, 8.77808666229, 5.9522485733, 3.10069036484, 3.92541098595, 3.52463555336, 2.35589313507, 2.05518722534, 1.48354923725, 1.09612452984, 0.674786090851, 0.274735927582, 0.108346417546, 0.00490977987647, 0.000112413115858],
        "dvar": [1.04792058468, 43.9237289429, 357.046966553, 558.984863281, 419.762420654, 1390.97131348, 289.572509766, 260.624328613, 1005.00726318, 1029.29406738, 1752.90698242, 804.776550293, 550.363830566, 967.103393555, 1186.23303223, 1602.4822998, 928.399475098, 642.491760254, 653.375244141, 752.013427734, 572.696533203, 244.961807251, 212.810501099, 161.752655029, 99.4912338257, 95.7092971802, 365.130004883, 194.120635986, 22.4302940369, 74.7289352417, 35.6165428162, 15.5538387299, 12.4954319, 6.17551040649, 3.48354959488, 1.37520766258, 0.226716697216, 0.0442375801504, 0.000106626190245, 2.93185262734e-08],
        "dvar2": [2.05411601067, 104.85269165, 893.432800293, 1554.76965332, 1162.91650391, 3007.66333008, 666.079650879, 709.412780762, 2796.08862305, 2875.17480469, 3633.7331543, 2089.51538086, 1389.49914551, 2431.39916992, 2925.76904297, 3644.85058594, 2259.91796875, 1289.20324707, 1317.53735352, 1847.1361084, 1513.15185547, 537.838806152, 453.8359375, 332.751831055, 223.024414062, 228.742523193, 1008.68835449, 542.973327637, 54.880657196, 210.259231567, 94.2355270386, 40.9696617126, 33.5225639343, 16.2201766968, 9.30837726593, 3.75155854225, 0.589586794376, 0.121573597193, 0.000294208002742, 7.81464208899e-08],
        "max": [10.9390668869, 53.0450592041, 151.210586548, 256.723693848, 205.396392822, 443.751953125, 214.994857788, 224.927261353, 364.959014893, 547.787536621, 784.149902344, 299.953186035, 274.371459961, 370.501312256, 593.942810059, 490.268005371, 496.211090088, 329.241790771, 308.674285889, 344.921203613, 407.25402832, 178.247314453, 166.284835815, 153.769760132, 134.414596558, 119.452445984, 244.316482544, 191.644805908, 40.228061676, 111.848953247, 65.3224029541, 38.6027107239, 36.431022644, 21.0128097534, 17.1138420105, 8.51542758942, 4.12800741196, 1.69360816479, 0.0924325734377, 0.00155015557539],
        "mean": [0.723549067974, 3.96815872192, 6.61010551453, 7.87347078323, 13.7759647369, 14.5415229797, 10.1467294693, 6.82789516449, 10.4849643707, 13.4772453308, 30.8007736206, 10.9539575577, 11.6210832596, 12.0373849869, 13.6687755585, 16.4108753204, 11.3804597855, 11.7287359238, 14.6771974564, 10.2745275497, 8.10430717468, 6.6855802536, 5.87187147141, 5.07736444473, 4.25350999832, 4.32218980789, 4.4558262825, 3.36503267288, 2.11604237556, 2.11917829514, 1.92203462124, 1.25723814964, 0.980605304241, 0.663338065147, 0.456472039223, 0.25272411108, 0.1114288643, 0.0389086268842, 0.00170927331783, 7.48879028833e-05],
        "median": [0.189058870077, 0.812864899635, 0.711588323116, 1.78341424465, 3.23903393745, 4.30989837646, 4.41193914413, 1.52411150932, 1.05422103405, 1.84293246269, 6.95801401138, 1.76585936546, 0.70673418045, 0.522493600845, 0.80356824398, 1.0147600174, 0.596496701241, 0.53547501564, 2.02712225914, 0.699032962322, 0.492533713579, 0.439224034548, 0.555076003075, 0.419523745775, 0.404670774937, 0.347015470266, 0.287844777107, 0.230670243502, 0.154580906034, 0.0961726307869, 0.0700192078948, 0.0357843786478, 0.0160646364093, 0.00572287617251, 0.0015942689497, 0.000296979938867, 6.88648215146e-05, 7.69059261074e-06, 1.64329630934e-05, 2.33612463489e-05],
        "min": [3.40960652661e-22, 7.81481630208e-21, 1.99405021379e-20, 4.49823240487e-20, 1.19490142742e-19, 2.10484301122e-19, 1.47057565167e-19, 3.97367252362e-19, 2.20337568011e-18, 1.13210161682e-18, 1.80886201992e-18, 1.91845745402e-18, 2.25404938482e-18, 3.29485373327e-18, 3.73985477574e-18, 2.71236327887e-18, 3.90865380103e-18, 4.49578908136e-18, 7.43853911803e-18, 5.34694262884e-18, 8.16202767772e-18, 8.57194282053e-18, 8.09721311364e-18, 1.25072909807e-17, 1.01611850791e-17, 1.68161533736e-17, 1.71397728991e-17, 2.17083575966e-17, 2.16939993956e-17, 1.99723271753e-17, 2.15635430868e-17, 2.26361299891e-17, 1.36200747249e-17, 1.18923326533e-17, 1.1639156656e-17, 7.82655879003e-18, 2.74069690319e-18, 1.14726662918e-18, 2.80138595566e-19, 3.40656628445e-20],
        "var": [2.04058980942, 62.2804069519, 322.079040527, 390.980499268, 610.91229248, 1469.50012207, 337.861480713, 318.311218262, 990.812072754, 1666.23742676, 3621.34790039, 751.053100586, 872.277099609, 1429.4354248, 1915.76672363, 2668.41015625, 1404.75927734, 1340.77148438, 1237.67102051, 979.329162598, 737.589416504, 413.261657715, 326.811737061, 270.126495361, 148.218765259, 120.678153992, 256.108184814, 136.325149536, 25.1272544861, 50.0676307678, 28.4603214264, 12.4579753876, 9.23287200928, 4.57598018646, 2.46599626541, 0.90939861536, 0.165691629052, 0.0283076521009, 6.68973807478e-05, 2.39067858843e-08]
    },
    "gfcc": {
        "mean": [-123.795936584, 143.114395142, -78.1100692749, 38.7660484314, -46.9169235229, 6.15530586243, -23.7049846649, -4.60945892334, -10.9463233948, -3.05524539948, -7.65180397034, -9.04268360138, -4.36956548691],
        "cov": [[21564.40625, -6756.93359375, -2907.44287109, 307.950164795, -844.603271484, 1552.65026855, -683.875061035, 1716.1484375, -522.523254395, 1164.25646973, -1004.60186768, 553.579101562, -1058.10461426], [-6756.93359375, 3851.81103516, 1021.17401123, -62.2373085022, 659.471496582, -585.342590332, 544.926391602, -738.611816406, 378.582885742, -575.631713867, 482.652160645, -356.378814697, 466.370178223], [-2907.44287109, 1021.17401123, 2629.99707031, 233.096862793, 188.770553589, -175.06867981, 336.030822754, -219.74760437, 125.499557495, -101.5832901, 182.328033447, 18.0948352814, 84.0882949829], [307.950164795, -62.2373085022, 233.096862793, 895.148193359, 28.2513122559, 43.9761543274, 229.625030518, -46.0627212524, 158.031066895, -72.6707992554, 149.273147583, -16.6097202301, 86.8972396851], [-844.603271484, 659.471496582, 188.770553589, 28.2513122559, 335.661651611, -48.9224319458, 125.716499329, -96.4260406494, 74.2469558716, -69.9769058228, 67.0515518188, -56.4122123718, 58.097568512], [1552.65026855, -585.342590332, -175.06867981, 43.9761543274, -48.9224319458, 264.494140625, -41.0950813293, 163.271224976, -40.274520874, 102.623123169, -75.5871047974, 62.0271606445, -59.7860221863], [-683.875061035, 544.926391602, 336.030822754, 229.625030518, 125.716499329, -41.0950813293, 302.481689453, -63.5930252075, 145.991043091, -79.9378509521, 132.08354187, -46.6172294617, 73.9785232544], [1716.1484375, -738.611816406, -219.74760437, -46.0627212524, -96.4260406494, 163.271224976, -63.5930252075, 284.990692139, -18.7690982819, 179.943771362, -114.925941467, 70.5756149292, -114.963516235], [-522.523254395, 378.582885742, 125.499557495, 158.031066895, 74.2469558716, -40.274520874, 145.991043091, -18.7690982819, 191.659240723, -9.86566543579, 96.3380584717, -62.8473892212, 48.3444252014], [1164.25646973, -575.631713867, -101.5832901, -72.6707992554, -69.9769058228, 102.623123169, -79.9378509521, 179.943771362, -9.86566543579, 213.227371216, -65.8195343018, 66.0402450562, -93.7740402222], [-1004.60186768, 482.652160645, 182.328033447, 149.273147583, 67.0515518188, -75.5871047974, 132.08354187, -114.925941467, 96.3380584717, -65.8195343018, 166.814697266, -8.29430484772, 107.334068298], [553.579101562, -356.378814697, 18.0948352814, -16.6097202301, -56.4122123718, 62.0271606445, -46.6172294617, 70.5756149292, -62.8473892212, 66.0402450562, -8.29430484772, 147.019180298, 9.90459060669], [-1058.10461426, 466.370178223, 84.0882949829, 86.8972396851, 58.097568512, -59.7860221863, 73.9785232544, -114.963516235, 48.3444252014, -93.7740402222, 107.334068298, 9.90459060669, 159.705169678]],
        "icov": [[0.000177092617378, -4.46920603281e-06, 0.000139544514241, -0.000204105337616, 3.6229233956e-05, -0.000413646543166, -0.000159829505719, -0.000166516925674, 6.72823443892e-05, -0.000134700167109, 0.000356286967872, -0.000437885988504, 0.000698322197422], [-4.46920603281e-06, 0.00257515464909, -0.000369087851141, 0.00172166386619, -0.00197928911075, 0.00104696082417, -0.000989621388726, 0.000983633333817, -0.00149415573105, 0.00194803916384, -0.00199355976656, 0.00310593494214, -0.00327024143189], [0.000139544514241, -0.000369087851141, 0.000677649746649, -0.000432617904153, 0.000243011585553, -0.000266030081548, -0.00066333822906, 0.000442540884251, 0.00011159726273, -0.000643217295874, 0.000860666739754, -0.00148020242341, 0.00142068334389], [-0.000204105337616, 0.00172166386619, -0.000432617904153, 0.00302511430345, -0.00093315547565, 0.000271258089924, -0.00107990927063, 0.000929382920731, -0.00198881654069, 0.00216662185267, -0.00258499593474, 0.00228972337209, -0.00271829823032], [3.6229233956e-05, -0.00197928911075, 0.000243011585553, -0.00093315547565, 0.00555366324261, -0.00140119285788, -0.000778853544034, 0.000576175341848, 0.000475603912491, -0.00186242163181, 0.00229723402299, -0.00183374120388, 0.00196269666776], [-0.000413646543166, 0.00104696082417, -0.000266030081548, 0.000271258089924, -0.00140119285788, 0.00812496803701, -0.000598826154601, -0.00231250631623, 0.000839010346681, 0.000265272479737, -0.000314780889312, 0.00157946511172, -0.00362596521154], [-0.000159829505719, -0.000989621388726, -0.00066333822906, -0.00107990927063, -0.000778853544034, -0.000598826154601, 0.00944728497416, -0.00344627839513, -0.0025350865908, 0.0033000134863, -0.00461320858449, -0.000180362243555, 0.00178668601438], [-0.000166516925674, 0.000983633333817, 0.000442540884251, 0.000929382920731, 0.000576175341848, -0.00231250631623, -0.00344627839513, 0.01569760032, -0.00540427630767, -0.00563272973523, 0.00733306678012, -0.0037859515287, 0.000741631607525], [6.72823443892e-05, -0.00149415573105, 0.00011159726273, -0.00198881654069, 0.000475603912491, 0.000839010346681, -0.0025350865908, -0.00540427630767, 0.0162913780659, -0.00535252317786, -0.00521868793294, 0.00669563002884, -0.00172481848858], [-0.000134700167109, 0.00194803916384, -0.000643217295874, 0.00216662185267, -0.00186242163181, 0.000265272479737, 0.0033000134863, -0.00563272973523, -0.00535252317786, 0.0160337146372, -0.00574281718582, -0.00152330973651, 0.00276103243232], [0.000356286967872, -0.00199355976656, 0.000860666739754, -0.00258499593474, 0.00229723402299, -0.000314780889312, -0.00461320858449, 0.00733306678012, -0.00521868793294, -0.00574281718582, 0.0246839318424, -0.00864786934108, -0.00224784808233], [-0.000437885988504, 0.00310593494214, -0.00148020242341, 0.00228972337209, -0.00183374120388, 0.00157946511172, -0.000180362243555, -0.0037859515287, 0.00669563002884, -0.00152330973651, -0.00864786934108, 0.0206920411438, -0.0122135281563], [0.000698322197422, -0.00327024143189, 0.00142068334389, -0.00271829823032, 0.00196269666776, -0.00362596521154, 0.00178668601438, 0.000741631607525, -0.00172481848858, 0.00276103243232, -0.00224784808233, -0.0122135281563, 0.0232153050601]]
    },
    "melbands": {
        "dmean": [0.00410559680313, 0.00399601459503, 0.00148797081783, 0.000875992700458, 0.000333926232997, 0.000144805700984, 0.000171136576682, 0.000130184882437, 0.00017533886421, 6.17422410869e-05, 4.53647626273e-05, 4.11152468587e-05, 3.57853059541e-05, 2.97227306874e-05, 3.49080546584e-05, 1.53128785314e-05, 1.76306530193e-05, 1.59205519594e-05, 1.65629589901e-05, 8.77490219864e-06, 7.51586594561e-06, 5.61062188353e-06, 5.16101408721e-06, 4.14744863519e-06, 3.32844729201e-06, 2.94020605907e-06, 2.58634713646e-06, 2.40412714447e-06, 3.63157982974e-06, 2.80110361928e-06, 1.78582797616e-06, 1.0660597809e-06, 1.17791751109e-06, 1.36193455091e-06, 1.24429254811e-06, 1.07375615244e-06, 7.78182254635e-07, 8.92150524123e-07, 7.73614601712e-07, 7.17360137514e-07],
        "dmean2": [0.00587449222803, 0.00634914590046, 0.00258057238534, 0.00142516265623, 0.000538999855053, 0.000247048883466, 0.000304175104247, 0.000223251015996, 0.000281160493614, 0.000106557956315, 7.63291245676e-05, 6.5586384153e-05, 5.575420073e-05, 4.49994513474e-05, 5.85670604778e-05, 2.50761513598e-05, 2.60458200501e-05, 2.41930847551e-05, 2.63425499725e-05, 1.47122318594e-05, 1.22909850688e-05, 8.49210300657e-06, 8.26962150313e-06, 6.14212285655e-06, 5.31132127435e-06, 4.74670923722e-06, 4.03762487622e-06, 3.81327072319e-06, 6.21992967353e-06, 4.87319357489e-06, 2.88653495772e-06, 1.67480573054e-06, 1.93956407202e-06, 2.3608763513e-06, 2.04377033697e-06, 1.81179336778e-06, 1.2909833913e-06, 1.49244056047e-06, 1.32945615405e-06, 1.20752031307e-06],
        "dvar": [6.0950351326e-05, 8.2613179984e-05, 1.4368732991e-05, 3.32518106916e-06, 7.49201944927e-07, 1.39632035712e-07, 2.32259083077e-07, 1.06129547817e-07, 1.03628167381e-07, 3.06526644067e-08, 1.34782913719e-08, 1.6671299008e-08, 1.25155068531e-08, 7.03557256898e-09, 1.55205324148e-08, 2.37125497016e-09, 2.69647548734e-09, 1.62471724963e-09, 2.49673814956e-09, 1.08999054227e-09, 7.33225480332e-10, 2.74355427266e-10, 2.78989137348e-10, 1.51150050809e-10, 1.1062013805e-10, 7.22190363067e-11, 4.9722666956e-11, 3.83381104641e-11, 2.85152873536e-10, 1.29168592489e-10, 3.94217124222e-11, 6.30632178422e-12, 1.09128157899e-11, 3.2476955153e-11, 1.20102521678e-11, 8.97948902734e-12, 4.6933182167e-12, 6.58414121835e-12, 5.64548754967e-12, 4.05701167105e-12],
        "dvar2": [0.000127139879623, 0.000203160190722, 3.97643707402e-05, 7.95368396211e-06, 1.53480607423e-06, 3.80068030381e-07, 6.49248363516e-07, 2.9339963703e-07, 2.19666759449e-07, 8.08441882327e-08, 3.34655467782e-08, 4.19182022426e-08, 3.04332488099e-08, 1.3262285492e-08, 4.12455314347e-08, 5.67562219445e-09, 5.53069234854e-09, 3.41563288764e-09, 5.91456839061e-09, 2.84611445522e-09, 1.95336280484e-09, 5.9785604245e-10, 6.8698197131e-10, 2.93882279623e-10, 2.35529568071e-10, 1.69150943252e-10, 1.18909118663e-10, 9.33695967764e-11, 8.05062794207e-10, 3.6758043831e-10, 1.07005571071e-10, 1.49329541788e-11, 2.89803927384e-11, 9.29361587687e-11, 3.17872880795e-11, 2.35313886432e-11, 1.23427804435e-11, 1.7696726029e-11, 1.53043445972e-11, 1.0548078036e-11],
        "max": [0.0807160362601, 0.0753249973059, 0.041100692004, 0.0182291064411, 0.0097317295149, 0.00544963683933, 0.00528991734609, 0.00511188432574, 0.00582759873942, 0.00187316373922, 0.00133320537861, 0.00157709489577, 0.00182808481622, 0.00103092647623, 0.00198465003632, 0.000660724879708, 0.00071311875945, 0.000595171295572, 0.000614557648078, 0.00063067022711, 0.000388856278732, 0.000201773393201, 0.000185254437383, 0.000149846062413, 0.000126169674331, 9.77043091552e-05, 7.71744307713e-05, 8.38214837131e-05, 0.000242605936364, 0.000151352840476, 7.92986975284e-05, 2.61090317508e-05, 4.13849847973e-05, 7.19087111065e-05, 3.86470455851e-05, 3.37570563715e-05, 1.88598733075e-05, 2.70442469628e-05, 2.70063810603e-05, 1.66288009495e-05],
        "mean": [0.0059794341214, 0.00416404427961, 0.00153139140457, 0.00106362334918, 0.000413533329265, 0.000165873847436, 0.000161757605383, 0.000155859059305, 0.000233606959227, 5.72309072595e-05, 5.78436811338e-05, 4.83769945276e-05, 4.51971973234e-05, 4.12578592659e-05, 3.88755324821e-05, 1.97385925276e-05, 2.19259545702e-05, 2.20202691708e-05, 1.92911011254e-05, 1.05349690784e-05, 9.13633812161e-06, 7.13982171874e-06, 5.52941401111e-06, 5.2017167036e-06, 3.96222230847e-06, 3.2897132769e-06, 2.85826899926e-06, 2.75355091617e-06, 2.99829525829e-06, 2.37732069763e-06, 1.74468038949e-06, 1.18499906421e-06, 1.14174827104e-06, 1.18362561352e-06, 1.12760619686e-06, 9.33694991545e-07, 6.99308884577e-07, 7.23592052054e-07, 5.78238598337e-07, 5.48146260826e-07],
        "median": [0.00173058896326, 0.000690766843036, 0.000445080047939, 0.000305626890622, 0.000171201972989, 4.23499259341e-05, 1.60104264069e-05, 2.58838117588e-05, 5.01928807353e-05, 6.45390764475e-06, 2.90275897896e-06, 1.90247078535e-06, 1.95744314624e-06, 2.61440413851e-06, 1.94635958906e-06, 8.03806528893e-07, 5.59526597499e-07, 2.99818930216e-06, 1.91307981368e-06, 3.14026664228e-07, 5.56133386453e-07, 4.96428469887e-07, 2.70513965006e-07, 5.48729531147e-07, 2.69283333409e-07, 2.83758055275e-07, 2.33903747926e-07, 2.35018490002e-07, 1.58539833706e-07, 1.58470371048e-07, 1.17493740959e-07, 9.07509587478e-08, 6.43488675678e-08, 4.7854264551e-08, 4.32386890736e-08, 2.89777446483e-08, 1.85819857279e-08, 1.18817808925e-08, 7.86752796245e-09, 3.01536351444e-09],
        "min": [6.48324979968e-24, 1.10609682175e-23, 9.14819193705e-24, 1.28512785756e-23, 6.20692326307e-24, 9.93271884045e-24, 3.05857087063e-23, 1.20393316559e-23, 1.3441991032e-23, 1.31735211556e-23, 1.14111490953e-23, 1.30178970428e-23, 1.19180095819e-23, 8.72369799534e-24, 5.99086767176e-24, 8.62170064688e-24, 8.19646596478e-24, 1.30367176863e-23, 7.89655603697e-24, 5.00514573878e-24, 1.12657714968e-23, 7.41946794985e-24, 1.09330323336e-23, 5.7475273539e-24, 1.10232433113e-23, 8.45238585307e-24, 6.50239505942e-24, 1.2602092404e-23, 1.12573780168e-23, 8.81624557902e-24, 1.41132832634e-23, 1.22472959009e-23, 1.15459472802e-23, 1.11116044101e-23, 1.24417146153e-23, 1.43765214143e-23, 1.31988435906e-23, 9.74562943273e-24, 8.79158105395e-24, 1.03079886505e-23],
        "var": [0.000123504913063, 8.98170328583e-05, 1.07349087557e-05, 4.05545324611e-06, 8.97600955341e-07, 1.8668228563e-07, 2.18246000827e-07, 1.61192517112e-07, 2.06402418712e-07, 2.68142468229e-08, 2.21020854951e-08, 2.39500916877e-08, 2.07939709895e-08, 1.55130450707e-08, 1.89231421643e-08, 3.73388475694e-09, 5.19209164551e-09, 2.96797475485e-09, 3.09544478938e-09, 1.29822019801e-09, 9.46923983669e-10, 4.78239170487e-10, 3.22581295009e-10, 2.56908411211e-10, 1.75944037117e-10, 1.00881004939e-10, 6.44492029189e-11, 4.70164532307e-11, 1.80379877701e-10, 8.32896668301e-11, 3.09176573232e-11, 7.71873016892e-12, 9.23361647559e-12, 2.00806506839e-11, 9.6978388861e-12, 7.11718834909e-12, 3.80287988599e-12, 4.92483180972e-12, 3.88603125373e-12, 3.09304383321e-12]
    },
    "mfcc": {
        "mean": [-766.863464355, 154.657287598, 36.4039077759, 37.2050132751, 9.30625343323, 12.976764679, 2.03373789787, 1.6552311182, 0.201077058911, 5.58360004425, 0.897619962692, 1.33292996883, -2.09149813652],
        "cov": [[18174.3769531, -3494.06762695, -3162.15380859, -1104.87365723, -701.99786377, 90.2737808228, -159.5675354, 302.299530029, 266.815948486, 556.750305176, 205.099319458, 260.202697754, 132.525619507], [-3494.06762695, 2017.6776123, 474.998382568, 235.898635864, 215.889419556, 51.3461341858, 128.275512695, -10.503320694, 29.6249523163, -83.0247039795, 7.20347595215, -37.9885559082, -9.3707742691], [-3162.15380859, 474.998382568, 2056.1652832, 668.409973145, 192.052429199, 122.117088318, 155.101104736, 75.4152603149, -22.3850708008, -39.2767448425, 23.8017807007, -13.7960834503, 3.45434165001], [-1104.87365723, 235.898635864, 668.409973145, 729.340576172, 103.07988739, 182.437164307, 97.9492645264, 98.8594741821, 18.5005168915, 30.1358013153, 41.2122383118, 22.2245941162, 14.4932889938], [-701.99786377, 215.889419556, 192.052429199, 103.07988739, 185.883071899, 51.0046310425, 45.3226013184, 0.846222400665, 11.8764448166, -25.0202960968, -6.34064626694, -13.8956155777, 1.85660684109], [90.2737808228, 51.3461341858, 122.117088318, 182.437164307, 51.0046310425, 172.927703857, 66.417640686, 66.7143936157, 9.25645923615, 27.9606704712, 8.92615127563, 6.35029602051, 9.05994033813], [-159.5675354, 128.275512695, 155.101104736, 97.9492645264, 45.3226013184, 66.417640686, 119.455726624, 56.5334396362, 22.6157360077, -7.42285442352, 5.57364368439, -0.332201361656, 6.9588136673], [302.299530029, -10.503320694, 75.4152603149, 98.8594741821, 0.846222400665, 66.7143936157, 56.5334396362, 112.201408386, 39.6166229248, 26.0155467987, 12.766330719, 6.73478746414, 1.84788954258], [266.815948486, 29.6249523163, -22.3850708008, 18.5005168915, 11.8764448166, 9.25645923615, 22.6157360077, 39.6166229248, 90.5263824463, 53.7733230591, 34.5630836487, 21.7783660889, 14.8277215958], [556.750305176, -83.0247039795, -39.2767448425, 30.1358013153, -25.0202960968, 27.9606704712, -7.42285442352, 26.0155467987, 53.7733230591, 135.39074707, 73.8145294189, 42.591960907, 24.9872131348], [205.099319458, 7.20347595215, 23.8017807007, 41.2122383118, -6.34064626694, 8.92615127563, 5.57364368439, 12.766330719, 34.5630836487, 73.8145294189, 89.6555252075, 49.328868866, 29.1887149811], [260.202697754, -37.9885559082, -13.7960834503, 22.2245941162, -13.8956155777, 6.35029602051, -0.332201361656, 6.73478746414, 21.7783660889, 42.591960907, 49.328868866, 76.0386505127, 44.2395629883], [132.525619507, -9.3707742691, 3.45434165001, 14.4932889938, 1.85660684109, 9.05994033813, 6.9588136673, 1.84788954258, 14.8277215958, 24.9872131348, 29.1887149811, 44.2395629883, 64.0344696045]],
