{
"lowlevel": {
    "average_loudness": 0.689547121525,
    "barkbands_crest": {
        "dmean": 3.10372900963,
        "dmean2": 4.99283266068,
        "dvar": 7.56584405899,
        "dvar2": 19.0510520935,
        "max": 25.6240139008,
        "mean": 14.115904808,
        "median": 13.684296608,
        "min": 4.39975595474,
        "var": 23.6597080231
    },
    "barkbands_flatness_db": {
        "dmean": 0.0361703895032,
        "dmean2": 0.0602397546172,
        "dvar": 0.00101022154558,
        "dvar2": 0.00242790090851,
        "max": 0.441572695971,
        "mean": 0.222532108426,
        "median": 0.231059119105,
        "min": 0.0476143360138,
        "var": 0.00443666428328
    },
    "barkbands_kurtosis": {
        "dmean": 10.6346225739,
        "dmean2": 17.4348564148,
        "dvar": 442.754211426,
        "dvar2": 1108.84082031,
        "max": 268.128112793,
        "mean": 17.2343788147,
        "median": 5.90137195587,
        "min": -1.53321158886,
        "var": 765.651977539
    },
    "barkbands_skewness": {
        "dmean": 0.916407048702,
        "dmean2": 1.46794378757,
        "dvar": 1.31521546841,
        "dvar2": 3.2679977417,
        "max": 13.6372890472,
        "mean": 3.07276964188,
        "median": 2.3983232975,
        "min": -1.86042106152,
        "var": 5.22740936279
    },
    "barkbands_spread": {
        "dmean": 4.62444114685,
        "dmean2": 7.52587270737,
        "dvar": 45.6476287842,
        "dvar2": 112.701057434,
        "max": 74.2619781494,
        "mean": 11.2716283798,
        "median": 8.98457145691,
        "min": 0.63338381052,
        "var": 67.1844406128
    },
    "dissonance": {
        "dmean": 0.027013791725,
        "dmean2": 0.0466964021325,
        "dvar": 0.0010397345759,
        "dvar2": 0.00295913685113,
        "max": 0.500000059605,
        "mean": 0.446486055851,
        "median": 0.459510743618,
        "min": 0,
        "var": 0.00213209795766
    },
    "dynamic_complexity": 4.25220489502,
    "erbbands_crest": {
        "dmean": 2.29451107979,
        "dmean2": 3.62260937691,
        "dvar": 5.9770989418,
        "dvar2": 14.1954984665,
        "max": 31.7092247009,
        "mean": 8.52387046814,
        "median": 7.50808429718,
        "min": 2.08185982704,
        "var": 20.3996295929
    },
    "erbbands_flatness_db": {
        "dmean": 0.0188729166985,
        "dmean2": 0.0310120023787,
        "dvar": 0.000249407137744,
        "dvar2": 0.000639361795038,
        "max": 0.40218731761,
        "mean": 0.19419555366,
        "median": 0.139911904931,
        "min": 0.0351838730276,
        "var": 0.0133091183379
    },
    "erbbands_kurtosis": {
        "dmean": 0.610039651394,
        "dmean2": 0.943547606468,
        "dvar": 0.666862249374,
        "dvar2": 1.45137703419,
        "max": 15.8606548309,
        "mean": -0.215771093965,
        "median": -0.611566781998,
        "min": -1.72374475002,
        "var": 1.95179128647
    },
    "erbbands_skewness": {
        "dmean": 0.318924814463,
        "dmean2": 0.491825312376,
        "dvar": 0.0906472355127,
        "dvar2": 0.219603687525,
        "max": 3.50536346436,
        "mean": 0.485905468464,
        "median": 0.477740705013,
        "min": -1.82592427731,
        "var": 0.319124490023
    },
    "erbbands_spread": {
        "dmean": 10.3263378143,
        "dmean2": 16.0903778076,
        "dvar": 202.216674805,
        "dvar2": 498.973449707,
        "max": 152.399917603,
        "mean": 48.1842689514,
        "median": 34.0407714844,
        "min": 3.95942640305,
        "var": 1057.3782959
    },
    "hfc": {
        "dmean": 9.61557579041,
        "dmean2": 15.4729757309,
        "dvar": 331.202575684,
        "dvar2": 827.919189453,
        "max": 139.618621826,
        "mean": 15.0339708328,
        "median": 6.512362957,
        "min": 1.13766530393e-16,
        "var": 426.713623047
    },
    "melbands_crest": {
        "dmean": 3.59943366051,
        "dmean2": 5.92544794083,
        "dvar": 10.8904800415,
        "dvar2": 28.8427944183,
        "max": 32.369178772,
        "mean": 17.964509964,
        "median": 18.2361412048,
        "min": 2.02796721458,
        "var": 30.4677734375
    },
    "melbands_flatness_db": {
        "dmean": 0.0366131924093,
        "dmean2": 0.0598222799599,
        "dvar": 0.00124353019055,
        "dvar2": 0.00295533845201,
        "max": 0.574731171131,
        "mean": 0.306226313114,
        "median": 0.310319930315,
        "min": 0.00581831950694,
        "var": 0.00374533236027
    },
    "melbands_kurtosis": {
        "dmean": 27.5831489563,
        "dmean2": 43.5108642578,
        "dvar": 3099.2956543,
        "dvar2": 7566.23681641,
        "max": 641.093566895,
        "mean": 53.6972084045,
        "median": 17.7159423828,
        "min": -1.31509399414,
        "var": 6596.41992188
    },
    "melbands_skewness": {
        "dmean": 1.23112368584,
        "dmean2": 1.92285108566,
        "dvar": 2.37626624107,
        "dvar2": 5.86014556885,
        "max": 19.9216918945,
        "mean": 4.71650409698,
        "median": 3.57808947563,
        "min": -0.108061008155,
        "var": 12.4882621765
    },
    "melbands_spread": {
        "dmean": 3.24084091187,
        "dmean2": 5.10539197922,
        "dvar": 17.9059123993,
        "dvar2": 33.5087509155,
        "max": 141.214920044,
        "mean": 9.70969390869,
        "median": 8.29900360107,
        "min": 0.508089780807,
        "var": 59.5245552063
    },
    "pitch_salience": {
        "dmean": 0.099537782371,
        "dmean2": 0.16547486186,
        "dvar": 0.00915964040905,
        "dvar2": 0.0232856757939,
        "max": 0.975055038929,
        "mean": 0.451145648956,
        "median": 0.447474300861,
        "min": 0.0847986415029,
        "var": 0.0215980578214
    },
    "silence_rate_20dB": {
        "dmean": 0,
        "dmean2": 0,
        "dvar": 0,
        "dvar2": 0,
        "max": 1,
        "mean": 1,
        "median": 1,
        "min": 1,
        "var": 0
    },
    "silence_rate_30dB": {
        "dmean": 0.0855670124292,
        "dmean2": 0.171222284436,
        "dvar": 0.0782470330596,
        "dvar2": 0.168728172779,
        "max": 1,
        "mean": 0.862442016602,
        "median": 1,
        "min": 0,
        "var": 0.11863463372
    },
    "silence_rate_60dB": {
        "dmean": 0.0886597931385,
        "dmean2": 0.176895305514,
        "dvar": 0.0807987675071,
        "dvar2": 0.185828790069,
        "max": 1,
        "mean": 0.182895421982,
        "median": 0,
        "min": 0,
        "var": 0.149444580078
    },
    "spectral_centroid": {
        "dmean": 182.868041992,
        "dmean2": 273.932037354,
        "dvar": 78245.484375,
        "dvar2": 113572.148438,
        "max": 11371.4814453,
        "mean": 770.260009766,
        "median": 656.395385742,
        "min": 158.670608521,
        "var": 191829.90625
    },
    "spectral_complexity": {
        "dmean": 3.3701031208,
        "dmean2": 5.28416728973,
        "dvar": 16.5896186829,
        "dvar2": 35.2741851807,
        "max": 44,
        "mean": 12.1020088196,
        "median": 10,
        "min": 0,
        "var": 51.7167015076
    },
    "spectral_decrease": {
        "dmean": 4.88025886369e-09,
        "dmean2": 7.63347429711e-09,
        "dvar": 8.56338993843e-17,
        "dvar2": 1.92097424203e-16,
        "max": 8.19185424512e-30,
        "mean": -1.15721645599e-08,
        "median": -6.89470303072e-09,
        "min": -1.18791355419e-07,
        "var": 2.03792077233e-16
    },
    "spectral_energy": {
        "dmean": 0.0189464688301,
        "dmean2": 0.0296165477484,
        "dvar": 0.0012777649099,
        "dvar2": 0.00285219214857,
        "max": 0.453923255205,
        "mean": 0.0450395569205,
        "median": 0.0272044315934,
        "min": 1.02880281725e-20,
        "var": 0.00305107887834
    },
    "spectral_energyband_high": {
        "dmean": 0.000684873899445,
        "dmean2": 0.00113840936683,
        "dvar": 1.96802557184e-06,
        "dvar2": 4.98573626828e-06,
        "max": 0.0112351235002,
        "mean": 0.000756609020755,
        "median": 5.74713521928e-05,
        "min": 7.39389123021e-21,
        "var": 2.15594491237e-06
    },
    "spectral_energyband_low": {
        "dmean": 0.0163152776659,
        "dmean2": 0.0257758479565,
        "dvar": 0.00122271396685,
        "dvar2": 0.00312837981619,
        "max": 0.441957473755,
        "mean": 0.034611094743,
        "median": 0.0186806172132,
        "min": 4.56832789647e-23,
        "var": 0.00230900943279
    },
    "spectral_energyband_middle_high": {
        "dmean": 0.000901004357729,
        "dmean2": 0.00147273926996,
        "dvar": 3.70240854863e-06,
        "dvar2": 9.72246289166e-06,
        "max": 0.0251130945981,
        "mean": 0.00156103714835,
        "median": 0.00101071828976,
        "min": 1.32684495846e-21,
        "var": 3.74543151338e-06
    },
    "spectral_energyband_middle_low": {
        "dmean": 0.00741596287116,
        "dmean2": 0.0130892479792,
        "dvar": 0.000340812839568,
        "dvar2": 0.000973123766016,
        "max": 0.168478757143,
        "mean": 0.00973617751151,
        "median": 0.00495989434421,
        "min": 3.6229907509e-22,
        "var": 0.000250732322456
    },
    "spectral_entropy": {
        "dmean": 0.281303554773,
        "dmean2": 0.478565007448,
        "dvar": 0.0571683570743,
        "dvar2": 0.147961050272,
        "max": 9.80773830414,
        "mean": 7.01577377319,
        "median": 7.15042352676,
        "min": 5.12460708618,
        "var": 0.62396723032
    },
    "spectral_flux": {
        "dmean": 0.0343372151256,
        "dmean2": 0.0520277433097,
        "dvar": 0.00242643523961,
        "dvar2": 0.00413620192558,
        "max": 0.510208427906,
        "mean": 0.0839942768216,
        "median": 0.0561163276434,
        "min": 1.01429920019e-10,
        "var": 0.00673461705446
    },
    "spectral_kurtosis": {
        "dmean": 7.31560087204,
        "dmean2": 12.6962032318,
        "dvar": 100.023582458,
        "dvar2": 306.4190979,
        "max": 114.865142822,
        "mean": 14.1683206558,
        "median": 5.80389785767,
        "min": -1.20411109924,
        "var": 250.052963257
    },
    "spectral_rms": {
        "dmean": 0.0011378879426,
        "dmean2": 0.00175501650665,
        "dvar": 2.31848548538e-06,
        "dvar2": 5.0951830417e-06,
        "max": 0.0210440475494,
        "mean": 0.00542849348858,
        "median": 0.00515178684145,
        "min": 3.1681384946e-12,
        "var": 1.44726482176e-05
    },
    "spectral_rolloff": {
        "dmean": 218.350097656,
        "dmean2": 371.839050293,
        "dvar": 301394.9375,
        "dvar2": 613935.3125,
        "max": 19078.4179688,
        "mean": 655.437866211,
        "median": 516.796875,
        "min": 64.599609375,
        "var": 541187.125
    },
    "spectral_skewness": {
        "dmean": 0.593444466591,
        "dmean2": 1.01876056194,
        "dvar": 0.430122613907,
        "dvar2": 1.33388829231,
        "max": 7.91124248505,
        "mean": 2.32590556145,
        "median": 1.90600752831,
        "min": -0.0300749354064,
        "var": 1.22401452065
    },
    "spectral_spread": {
        "dmean": 860162.75,
        "dmean2": 1352499.5,
        "dvar": 1.61997416038e+12,
        "dvar2": 3.01845132083e+12,
        "max": 40566612,
        "mean": 4381686,
        "median": 4133092.75,
        "min": 659480.5625,
        "var": 9.45560223744e+12
    },
    "spectral_strongpeak": {
        "dmean": 0.255811959505,
        "dmean2": 0.430828213692,
        "dvar": 0.112499825656,
        "dvar2": 0.252503782511,
        "max": 4.02823209763,
        "mean": 0.613393127918,
        "median": 0.478284269571,
        "min": 0,
        "var": 0.231749534607
    },
    "zerocrossingrate": {
        "dmean": 0.00943213421851,
        "dmean2": 0.0123578719795,
        "dvar": 0.000210292913835,
        "dvar2": 0.000304294371745,
        "max": 0.47705078125,
        "mean": 0.0355358570814,
        "median": 0.03076171875,
        "min": 0.00244140625,
        "var": 0.000437649519881
    },
    "barkbands": {
        "dmean": [0.000181153955054, 0.0105110770091, 0.00783791486174, 0.00292242108844, 0.00266700494103, 0.000927903398406, 0.000770704005845, 0.000654658011626, 0.000364254025044, 0.000209826626815, 0.000125752980239, 0.000116632792924, 0.000138312228955, 0.000136296803248, 0.000112994697702, 0.000111450477561, 9.30868991418e-05, 5.81794738537e-05, 5.0913218729e-05, 4.28145722253e-05, 5.21015062986e-05, 0.000115371811262, 0.000134662026539, 0.000148803039338, 0.000115790986456, 0.000118293290143, 2.28741810133e-05],
        "dmean2": [0.000309092923999, 0.0171516872942, 0.0129070086405, 0.00532618630677, 0.00479081366211, 0.00157564808615, 0.00136135600042, 0.00109743466601, 0.000619321479462, 0.000334066833602, 0.000195826069103, 0.000189840284293, 0.000247700372711, 0.000225493204198, 0.000184652148164, 0.000187203520909, 0.000153557601152, 9.76810624707e-05, 8.36630788399e-05, 7.10206732037e-05, 8.46009206725e-05, 0.000202293449547, 0.000230476784054, 0.000252127472777, 0.000191856641322, 0.000198940062546, 4.11732908105e-05],
        "dvar": [3.69592839888e-07, 0.000351843627868, 0.000524561619386, 9.28452936932e-05, 4.85744058096e-05, 3.84505392503e-06, 5.49782680537e-06, 3.57237786375e-06, 1.05095023173e-06, 3.142363596e-07, 6.28247462942e-08, 1.45281092045e-07, 2.37077102838e-07, 1.30253184238e-07, 6.19352178433e-08, 6.68715429697e-08, 4.53715891524e-08, 2.06994794638e-08, 9.27295307207e-09, 7.71754660178e-09, 1.07250608394e-08, 6.66915767056e-08, 9.73659410874e-08, 1.03796885753e-07, 5.35862376694e-08, 5.13712379302e-08, 2.99758373679e-09],
        "dvar2": [1.06370418962e-06, 0.000954259594437, 0.00141423521563, 0.000268238625722, 0.000140774354804, 1.08257918328e-05, 1.59077007993e-05, 1.003894522e-05, 2.96709481518e-06, 6.96148390489e-07, 1.36703775411e-07, 3.71794641296e-07, 6.83352538999e-07, 3.30394868797e-07, 1.58656561666e-07, 1.74851479073e-07, 1.1778663378e-07, 5.45168390431e-08, 2.32548682533e-08, 2.00579428622e-08, 2.50816754033e-08, 1.78157606001e-07, 2.62470592816e-07, 2.72301491577e-07, 1.33659369794e-07, 1.28265099875e-07, 8.25940915661e-09],
        "max": [0.0090093370527, 0.201624900103, 0.235733509064, 0.115414842963, 0.0763375386596, 0.02701382339, 0.0205648522824, 0.0277720820159, 0.0169238541275, 0.0143446112052, 0.00535390106961, 0.00835691299289, 0.00477438652888, 0.00579451723024, 0.00466380780563, 0.00348966172896, 0.00376429990865, 0.00147046335042, 0.000967208528891, 0.00135594746098, 0.0013347644126, 0.00241741468199, 0.0029420806095, 0.00228442926891, 0.00178685411811, 0.00209911237471, 0.00061765749706],
        "mean": [0.000213967869058, 0.0203244257718, 0.0125499563292, 0.00277328304946, 0.00308335386217, 0.00139012583531, 0.000823449459858, 0.000899160397239, 0.000543930975255, 0.000332415074809, 0.000206499331398, 0.000168647035025, 0.000136742775794, 0.000165605146321, 0.000166204554262, 0.00015825254377, 0.000146860358655, 8.32148725749e-05, 8.3473038103e-05, 6.55067196931e-05, 7.22599143046e-05, 0.00010474940791, 0.000126478364109, 0.000158651848324, 0.000135427704663, 0.000110881388537, 1.59134378919e-05],
        "median": [4.6652607125e-05, 0.0110128698871, 0.00051726854872, 0.000348302652128, 0.00146245851647, 0.000864785164595, 0.000314417527989, 0.000290306401439, 0.000231047000852, 0.000136973554618, 0.000104630235001, 6.63142709527e-05, 4.53670545539e-05, 6.08512564213e-05, 8.67566923262e-05, 4.40512885689e-05, 5.81579151913e-05, 2.36366468016e-05, 2.26619868045e-05, 1.02128260551e-05, 1.02047506516e-05, 6.31542434348e-06, 7.60532657296e-06, 8.68568986334e-06, 7.03504883859e-06, 3.02303737953e-06, 1.10445292023e-07],
        "min": [5.42299944382e-24, 2.72304971053e-23, 1.18630062553e-23, 2.58879536633e-23, 8.96904115215e-23, 4.52116789829e-23, 5.90929140778e-23, 5.78996641399e-23, 6.82946988582e-23, 7.38583644288e-23, 1.21151822097e-23, 8.43989282068e-23, 3.08785023199e-23, 1.13082516566e-22, 1.24537357511e-22, 1.55302125021e-22, 1.23985053903e-22, 2.87059642408e-22, 2.50582184036e-22, 2.23375267561e-22, 6.33982089272e-22, 6.19274995696e-22, 6.57298242789e-22, 8.61462462766e-22, 9.78806494295e-22, 1.47943332624e-21, 2.18151317051e-21],
        "var": [2.89956858524e-07, 0.00069085508585, 0.000652669055853, 6.35355827399e-05, 3.36590164807e-05, 3.37330084221e-06, 3.49848778569e-06, 3.69841245629e-06, 1.14354395464e-06, 6.43248824872e-07, 1.22995146512e-07, 1.82366505896e-07, 1.47855004684e-07, 1.27702094233e-07, 6.88184158548e-08, 9.23330247815e-08, 5.58201342926e-08, 2.26680274551e-08, 1.57683075486e-08, 1.49742263034e-08, 1.82201720378e-08, 5.71541960426e-08, 8.18365464283e-08, 1.04247348531e-07, 6.59517169765e-08, 5.29101420454e-08, 1.99582483873e-09]
    },
    "erbbands": {
        "dmean": [0.236171007156, 2.71052646637, 9.26915168762, 8.28749370575, 10.2687187195, 8.20198917389, 8.10740089417, 6.85787296295, 10.2561712265, 11.9528741837, 13.5805244446, 7.89777708054, 8.34926795959, 4.77254629135, 4.3125629425, 4.96590852737, 5.39248657227, 8.30427742004, 5.64942073822, 5.92822408676, 5.21633434296, 4.86229419708, 3.21987080574, 2.8067445755, 2.60566878319, 1.95516204834, 1.70904064178, 3.92724180222, 3.15543293953, 2.64536142349, 4.98678541183, 2.2446205616, 3.05475115776, 1.42648184299, 0.847103953362, 0.521868109703, 0.18468926847, 0.0667444393039, 0.00225579133257, 5.9177618823e-05],
        "dmean2": [0.414432674646, 4.33724069595, 15.2874355316, 14.0448980331, 18.5815792084, 14.6492567062, 14.0509061813, 11.3626127243, 18.3742256165, 20.3684043884, 23.00141716, 13.5160188675, 13.4942703247, 7.61051893234, 6.98787403107, 8.00573730469, 9.35302829742, 14.0015115738, 9.52716636658, 9.8366355896, 8.64957141876, 8.02205848694, 5.41123723984, 4.5986700058, 4.32554626465, 3.27599334717, 2.82727980614, 6.77972269058, 5.42734241486, 4.45304584503, 8.67150497437, 3.90452265739, 5.15046215057, 2.42607235909, 1.3844422102, 0.855662167072, 0.313655257225, 0.119808509946, 0.00407750811428, 9.93089415715e-05],
        "dvar": [0.154323324561, 27.8392753601, 706.334106445, 576.214355469, 955.266113281, 390.132324219, 379.737884521, 211.2265625, 1033.0324707, 1176.96008301, 1785.56347656, 475.930969238, 519.246337891, 82.1861877441, 101.804878235, 256.078826904, 272.334503174, 541.667724609, 180.187255859, 182.102645874, 118.63293457, 140.006774902, 67.6022262573, 42.5389213562, 24.7148017883, 16.3166236877, 13.6918697357, 70.2212524414, 47.4283447266, 33.2903137207, 138.494338989, 24.1223201752, 43.8074188232, 8.6285943985, 2.74832224846, 1.0760332346, 0.125806376338, 0.0187014136463, 2.69224456133e-05, 1.26388952637e-08],
        "dvar2": [0.485130131245, 73.931137085, 1907.36169434, 1545.12084961, 2757.65283203, 1135.22692871, 1093.27502441, 586.495117188, 3002.46362305, 3344.92993164, 4973.38232422, 1358.61572266, 1164.77185059, 187.196472168, 260.978546143, 637.819702148, 766.084472656, 1405.96618652, 489.50289917, 484.052154541, 308.670623779, 375.336120605, 177.450439453, 111.54750061, 61.4646835327, 42.7438697815, 33.746925354, 184.242706299, 123.209884644, 87.3996658325, 376.42880249, 64.7048110962, 115.337532043, 23.117483139, 6.4609837532, 2.57678294182, 0.317129701376, 0.0505523532629, 7.41224503145e-05, 3.20320090452e-08],
        "max": [3.29518914223, 61.4182624817, 298.366333008, 291.942169189, 317.655487061, 204.968811035, 249.149749756, 195.016082764, 278.018707275, 459.090881348, 751.349365234, 350.878479004, 564.218811035, 221.957366943, 208.741546631, 349.327941895, 185.91204834, 333.416412354, 193.689468384, 192.093536377, 131.857788086, 229.296127319, 95.3233795166, 90.566444397, 66.3127975464, 59.9676933289, 81.2559738159, 59.6178779602, 67.9774398804, 64.8313522339, 100.695701599, 44.6263160706, 47.8322868347, 25.9640750885, 12.757478714, 9.29812431335, 3.13318157196, 1.26718616486, 0.0589459463954, 0.00108809827361],
        "mean": [0.423567950726, 5.23297119141, 14.8077507019, 11.2946586609, 10.5079479218, 9.74326229095, 11.0006465912, 10.4980363846, 11.0143852234, 14.9327840805, 20.1253566742, 11.9838457108, 12.7628059387, 7.98655557632, 6.22701454163, 7.67196273804, 6.32256650925, 9.58885002136, 7.78459215164, 8.85842227936, 8.21050739288, 7.59525728226, 4.64926195145, 4.61455583572, 3.9187142849, 3.09267735481, 2.61302828789, 4.02176570892, 3.16729736328, 2.87418675423, 4.35838747025, 2.29688763618, 3.18280887604, 1.5351754427, 0.986547827721, 0.528220117092, 0.176270589232, 0.0493195839226, 0.00160693016369, 8.51488875924e-05],
        "median": [0.27942481637, 2.40345883369, 2.10275626183, 1.06328582764, 3.36898231506, 4.31492376328, 6.96977472305, 5.93659877777, 4.366294384, 5.79739665985, 7.29754829407, 5.63322782516, 4.96888017654, 4.4530673027, 2.82361698151, 3.18019604683, 2.62320065498, 3.65904355049, 4.37595367432, 4.45648241043, 3.38464713097, 2.89560937881, 1.34339439869, 1.24607956409, 0.991070091724, 0.451518774033, 0.378260195255, 0.378993719816, 0.235789522529, 0.193171396852, 0.233493849635, 0.119160830975, 0.159252896905, 0.0783191844821, 0.046765498817, 0.0174622423947, 0.0043152696453, 0.000625097658485, 4.06557119277e-05, 3.68478067685e-05],
        "min": [6.551416864e-22, 6.07348479038e-21, 1.98490502126e-20, 4.07645204118e-20, 2.81131961933e-19, 2.37013146589e-19, 4.68991865176e-19, 1.60026180359e-19, 3.23327349708e-19, 1.62181466653e-18, 1.17304333483e-18, 1.67013907491e-18, 2.67558496768e-18, 9.80079778905e-19, 1.42219685617e-18, 2.91216606749e-18, 1.61555063455e-18, 4.25778399012e-18, 6.71426060086e-18, 7.06090387144e-18, 7.18192204942e-18, 8.07923765175e-18, 1.54804171574e-17, 1.17103611903e-17, 1.30444976393e-17, 1.15517253196e-17, 2.25324197383e-17, 2.26729941203e-17, 1.84702978774e-17, 2.48370177167e-17, 1.93523255277e-17, 1.73833081063e-17, 1.51229262403e-17, 1.0912236124e-17, 6.85777850509e-18, 4.99750017906e-18, 2.92260922273e-18, 1.17067304878e-18, 3.13706256907e-19, 3.12752692145e-20],
        "var": [0.254166543484, 50.6254844666, 833.131896973, 570.90814209, 619.975463867, 297.861114502, 276.732299805, 210.614990234, 635.129821777, 929.359985352, 2032.37817383, 453.276733398, 1002.93023682, 164.916992188, 118.953666687, 359.397674561, 194.224960327, 466.533996582, 157.227783203, 188.690719604, 156.513809204, 150.159500122, 73.133026123, 57.9009742737, 38.5480194092, 33.5500488281, 25.6122150421, 69.1648635864, 47.7164268494, 34.4797897339, 108.335090637, 23.7750778198, 42.4382209778, 8.89048957825, 3.66258502007, 1.23542106152, 0.130647450686, 0.013589207083, 1.80361475941e-05, 1.54226871274e-08]
    },
    "gfcc": {
        "mean": [-72.2717666626, 126.767379761, -116.265090942, 14.6573915482, -48.0895996094, -2.32710003853, -38.7480926514, -0.926350355148, -15.8084726334, -4.64480447769, -14.3392162323, -5.15200424194, -4.41332912445],
        "cov": [[16646.8710938, -6413.16845703, 7227.171875, 3729.21948242, 478.41973877, 3231.41918945, -32.9716644287, 2700.20239258, -208.511856079, 1705.01318359, -892.813354492, 747.710876465, -1401.22924805], [-6413.16845703, 3528.64355469, -3078.92871094, -1640.87145996, -98.0243377686, -1418.33825684, 62.4216079712, -1204.47485352, 139.714920044, -768.896118164, 407.522918701, -400.781402588, 613.477844238], [7227.171875, -3078.92871094, 4388.02685547, 2070.34448242, 502.094177246, 1822.82971191, 134.353637695, 1453.32202148, -12.1923151016, 916.758361816, -420.532958984, 404.643432617, -712.172790527], [3729.21948242, -1640.87145996, 2070.34448242, 1270.21679688, 301.188537598, 936.777770996, 77.1004714966, 779.485656738, -12.7994241714, 469.787536621, -199.59588623, 188.595352173, -330.305419922], [478.41973877, -98.0243377686, 502.094177246, 301.188537598, 286.419708252, 246.372634888, 69.4807662964, 163.48449707, 46.9592285156, 108.632003784, -10.3863697052, 33.4933509827, -47.1960334778], [3231.41918945, -1418.33825684, 1822.82971191, 936.777770996, 246.372634888, 920.278015137, 90.5607223511, 675.286743164, 16.4910049438, 430.833526611, -165.16255188, 183.309005737, -297.33392334], [-32.9716644287, 62.4216079712, 134.353637695, 77.1004714966, 69.4807662964, 90.5607223511, 118.791984558, 70.314994812, 38.1310882568, 29.3387374878, 7.07898283005, -3.76141190529, -1.76617610455], [2700.20239258, -1204.47485352, 1453.32202148, 779.485656738, 163.48449707, 675.286743164, 70.314994812, 635.76940918, 30.4565906525, 356.349395752, -144.827804565, 139.205718994, -255.859710693], [-208.511856079, 139.714920044, -12.1923151016, -12.7994241714, 46.9592285156, 16.4910049438, 38.1310882568, 30.4565906525, 128.030914307, 48.1696243286, 37.2473983765, -11.4797954559, 11.5643157959], [1705.01318359, -768.896118164, 916.758361816, 469.787536621, 108.632003784, 430.833526611, 29.3387374878, 356.349395752, 48.1696243286, 313.639556885, -47.1224365234, 109.958457947, -161.975601196], [-892.813354492, 407.522918701, -420.532958984, -199.59588623, -10.3863697052, -165.16255188, 7.07898283005, -144.827804565, 37.2473983765, -47.1224365234, 132.818374634, -6.96655511856, 96.6152572632], [747.710876465, -400.781402588, 404.643432617, 188.595352173, 33.4933509827, 183.309005737, -3.76141190529, 139.205718994, -11.4797954559, 109.958457947, -6.96655511856, 125.421737671, -37.2051467896], [-1401.22924805, 613.477844238, -712.172790527, -330.305419922, -47.1960334778, -297.33392334, -1.76617610455, -255.859710693, 11.5643157959, -161.975601196, 96.6152572632, -37.2051467896, 197.665786743]],
        "icov": [[0.000480274029542, -0.000368973182049, 7.77505920269e-05, -0.000466415571282, 0.000629113987088, -0.000635142961983, 0.000937054632232, -0.000611747440416, 0.000685710576363, -0.000915777403861, 0.00123104604427, -0.000924704712816, 0.00089552073041], [-0.000368973182049, 0.00356441456825, -0.00104723440018, 0.00182001199573, -0.00267688417807, 0.00214061420411, -0.00284770340659, 0.0019948547706, -0.00239207595587, 0.00326549937017, -0.00486509874463, 0.0052494588308, -0.00309057766572], [7.77505920269e-05, -0.00104723440018, 0.00265118922107, -0.00151472305879, 0.000104500963062, -0.00206752098165, 0.000388507876778, -0.000700694392435, 0.000650571717415, -0.0015071479138, 0.00320041691884, -0.00376879633404, 0.00328689883463], [-0.000466415571282, 0.00182001199573, -0.00151472305879, 0.00647876877338, -0.00337526760995, 0.00044764316408, -0.000911670620553, -0.00215392932296, 0.00106539425906, 0.000648209475912, -0.00286461832002, 0.00460041454062, -0.00378001341596], [0.000629113987088, -0.00267688417807, 0.000104500963062, -0.00337526760995, 0.00869727414101, -0.0031766644679, 0.00118004670367, 1.9112294467e-05, -2.28137578233e-05, -0.00166746973991, 0.00239282753319, -0.0031307307072, 0.00171364052221], [-0.000635142961983, 0.00214061420411, -0.00206752098165, 0.00044764316408, -0.0031766644679, 0.0109226508066, -0.0046376818791, -0.00087764923228, -0.00108320952859, -0.000228195669479, -0.00229603401385, 0.00171409395989, -0.0020317195449], [0.000937054632232, -0.00284770340659, 0.000388507876778, -0.000911670620553, 0.00118004670367, -0.0046376818791, 0.0159012563527, -0.00483209034428, 0.000891746021807, -0.00125957082491, 0.00219916272908, -0.000891306845006, 0.000223209004616], [-0.000611747440416, 0.0019948547706, -0.000700694392435, -0.00215392932296, 1.9112294467e-05, -0.00087764923228, -0.00483209034428, 0.0136544490233, -0.00515264598653, 0.0004144810664, -0.000516806554515, 0.000847587361932, 0.000717155984603], [0.000685710576363, -0.00239207595587, 0.000650571717415, 0.00106539425906, -2.28137578233e-05, -0.00108320952859, 0.000891746021807, -0.00515264598653, 0.0156175699085, -0.00836052466184, 0.00145707349293, 0.000671932415571, -0.000237606393057], [-0.000915777403861, 0.00326549937017, -0.0015071479138, 0.000648209475912, -0.00166746973991, -0.000228195669479, -0.00125957082491, 0.0004144810664, -0.00836052466184, 0.0199288986623, -0.0115038780496, 0.00165075319819, 0.00156351563055], [0.00123104604427, -0.00486509874463, 0.00320041691884, -0.00286461832002, 0.00239282753319, -0.00229603401385, 0.00219916272908, -0.000516806554515, 0.00145707349293, -0.0115038780496, 0.0265195015818, -0.0132402302697, 0.00207200995646], [-0.000924704712816, 0.0052494588308, -0.00376879633404, 0.00460041454062, -0.0031307307072, 0.00171409395989, -0.000891306845006, 0.000847587361932, 0.000671932415571, 0.00165075319819, -0.0132402302697, 0.0268962476403, -0.0129711600021], [0.00089552073041, -0.00309057766572, 0.00328689883463, -0.00378001341596, 0.00171364052221, -0.0020317195449, 0.000223209004616, 0.000717155984603, -0.000237606393057, 0.00156351563055, 0.00207200995646, -0.0129711600021, 0.0226493049413]]
    },
    "melbands": {
        "dmean": [0.00241587590426, 0.00435596425086, 0.00147611123975, 0.000673847913276, 0.00027710798895, 0.000160110619618, 0.000156900685397, 0.000133096531499, 0.000107394276711, 4.73198815598e-05, 4.09099484386e-05, 1.84971704584e-05, 1.3915114323e-05, 1.29630752781e-05, 1.09103330033e-05, 1.55957404786e-05, 1.61209936778e-05, 8.68808638188e-06, 9.50410048972e-06, 9.0643789008e-06, 5.73745774091e-06, 5.96420022703e-06, 3.06296215058e-06, 2.70939813163e-06, 2.32110642173e-06, 1.94195877157e-06, 1.83310169177e-06, 1.22661776913e-06, 1.05914546111e-06, 1.29434204155e-06, 3.075356517e-06, 2.18581408262e-06, 1.33333685426e-06, 1.33648040901e-06, 3.88562921216e-06, 1.05988965515e-06, 1.3151515077e-06, 2.89056288238e-06, 9.934233276e-07, 1.40865779485e-06],
        "dmean2": [0.00413895212114, 0.00699046719819, 0.00248322612606, 0.0012183804065, 0.000482943083625, 0.000267474912107, 0.000279566040263, 0.000225432959269, 0.000181057665031, 8.12430225778e-05, 6.61996891722e-05, 2.97465576296e-05, 2.22213639063e-05, 2.1099098376e-05, 1.81393461389e-05, 2.74156391242e-05, 2.70004111371e-05, 1.51273998199e-05, 1.54218505486e-05, 1.51465364979e-05, 9.5331142802e-06, 9.90327862382e-06, 5.14344037583e-06, 4.52964604847e-06, 3.81783593184e-06, 3.20949902743e-06, 3.11146845888e-06, 2.07316998058e-06, 1.74401895947e-06, 2.17858837459e-06, 5.35449589734e-06, 3.81511063097e-06, 2.28057547247e-06, 2.23794404519e-06, 6.85981785864e-06, 1.80893403012e-06, 2.26859674513e-06, 4.93316838401e-06, 1.61316745562e-06, 2.4594144179e-06],
        "dvar": [1.58524362632e-05, 0.000125950900838, 1.80270290002e-05, 3.25648011312e-06, 4.57174849089e-07, 1.13598666474e-07, 2.36663083797e-07, 1.46773203369e-07, 1.20929911418e-07, 1.53726187335e-08, 1.26676829026e-08, 1.2552373585e-09, 8.85800488515e-10, 1.48528056521e-09, 1.75276670955e-09, 3.03939562407e-09, 1.95518112811e-09, 5.1860532535e-10, 4.57646254226e-10, 4.9034276639e-10, 1.57844667892e-10, 2.16536275022e-10, 5.66141890312e-11, 4.37067847192e-11, 3.05290029368e-11, 1.31729601185e-11, 1.52114553592e-11, 6.96289770633e-12, 5.25940575813e-12, 7.9686222898e-12, 4.51436908688e-11, 2.41525670991e-11, 7.917938874e-12, 8.47034074825e-12, 8.68560570688e-11, 5.72962901083e-12, 7.91726493393e-12, 4.09515615862e-11, 4.04049710356e-12, 8.88186052483e-12],
        "dvar2": [4.60633600596e-05, 0.000335893244483, 4.80611452076e-05, 9.46134696278e-06, 1.32018590193e-06, 3.17633492841e-07, 6.87219881002e-07, 4.17213612991e-07, 3.35379610306e-07, 4.35708678026e-08, 2.83923267119e-08, 2.95624991153e-09, 2.15843876106e-09, 3.84401754872e-09, 4.69365080136e-09, 8.64865690176e-09, 5.02037389438e-09, 1.45006162633e-09, 1.13080922404e-09, 1.25611310242e-09, 4.05888267441e-10, 5.8270421821e-10, 1.47510489934e-10, 1.16171912368e-10, 8.07642216993e-11, 3.31404001463e-11, 3.95474417103e-11, 1.86383079109e-11, 1.30597095638e-11, 2.06392992974e-11, 1.21346474535e-10, 6.41872180407e-11, 1.99547843527e-11, 2.21240508552e-11, 2.38006059305e-10, 1.50453035447e-11, 2.07957782938e-11, 1.09415296268e-10, 1.04992898056e-11, 2.40792490114e-11],
        "max": [0.0335706025362, 0.13304965198, 0.047713432461, 0.0198378525674, 0.00862133223563, 0.00456741126254, 0.00429590279236, 0.00550373177975, 0.00641574291512, 0.00175252510235, 0.00278978399001, 0.000821361318231, 0.000617158773821, 0.00086373463273, 0.00109878508374, 0.000566726841498, 0.000719308678526, 0.000257412117207, 0.000383198814234, 0.000330650276737, 0.000165468634805, 0.000295670703053, 8.47800110932e-05, 8.43835368869e-05, 8.03977090982e-05, 4.29137944593e-05, 5.77947575948e-05, 4.55968693132e-05, 4.42974851467e-05, 3.6922727304e-05, 4.84763695567e-05, 4.64511758764e-05, 2.70380605798e-05, 3.39279649779e-05, 7.53145141061e-05, 2.455255526e-05, 2.623637738e-05, 4.53485517937e-05, 2.27642995014e-05, 2.27507371164e-05],
        "mean": [0.00491060037166, 0.00763827562332, 0.00203687837347, 0.000743699376471, 0.000382252736017, 0.000242570837145, 0.000167857739143, 0.000168388869497, 0.000163516277098, 6.99610609445e-05, 6.13846132183e-05, 2.99130679196e-05, 2.0865982151e-05, 1.8809661924e-05, 1.61297703016e-05, 1.53730852617e-05, 1.85758945008e-05, 1.0864113392e-05, 1.40793808896e-05, 1.28248302644e-05, 8.81801588548e-06, 9.05197885004e-06, 4.35991660197e-06, 3.9361761992e-06, 3.69840176973e-06, 3.08843436869e-06, 2.38736856772e-06, 1.95535631065e-06, 1.60958154538e-06, 1.6529173763e-06, 2.82104019789e-06, 2.03990566661e-06, 1.40181452934e-06, 1.53148243953e-06, 3.17415288009e-06, 1.12485372483e-06, 1.4166884057e-06, 2.80435779132e-06, 1.24490452436e-06, 1.36136043238e-06],
        "median": [0.00311209424399, 0.00226425775327, 0.000267995521426, 0.000322439853335, 0.000244158349233, 0.000143897021189, 6.60197692923e-05, 6.29862552159e-05, 5.73353208893e-05, 3.23034910252e-05, 2.26949396165e-05, 1.61955558724e-05, 1.00706938611e-05, 8.1150465121e-06, 7.16980366633e-06, 4.02988962378e-06, 6.40706002741e-06, 5.35418394065e-06, 6.63475566398e-06, 3.4550307646e-06, 3.55228576154e-06, 3.53026916855e-06, 1.19886010452e-06, 1.15010425361e-06, 9.0090361482e-07, 7.18128944754e-07, 4.67059038556e-07, 2.35987073438e-07, 2.11306655729e-07, 2.29749502978e-07, 1.76939636276e-07, 1.43161202004e-07, 7.85554803429e-08, 1.13344384545e-07, 1.51330112885e-07, 5.98829785758e-08, 7.65082290854e-08, 1.18576643615e-07, 7.6273174443e-08, 6.13722122011e-08],
        "min": [5.9518999152e-24, 9.79429820628e-24, 1.44654433932e-23, 2.0604521463e-23, 1.38794743574e-23, 4.83802437272e-24, 6.84247536225e-24, 1.71897745294e-23, 8.32890230013e-24, 1.07517899629e-23, 1.36366819034e-23, 4.81715702963e-24, 3.00576337779e-24, 9.11120856009e-24, 5.17321965439e-24, 3.44618422396e-24, 9.23429531599e-24, 1.11373054984e-23, 9.63202478491e-24, 1.31099413332e-23, 6.39643526263e-24, 8.11156007669e-24, 1.00528536788e-23, 1.42531593459e-23, 8.46938659443e-24, 1.2012658691e-23, 5.45419849819e-24, 7.80269184444e-24, 1.58566753302e-23, 1.21947467206e-23, 1.29995505047e-23, 8.5408502927e-24, 1.4666620279e-23, 1.33840491985e-23, 1.17845059177e-23, 9.81163342467e-24, 1.03026772501e-23, 1.15197925969e-23, 8.69440601221e-24, 9.1485216809e-24],
        "var": [3.41812337865e-05, 0.000165461082361, 1.77649271791e-05, 2.225252274e-06, 3.29384675979e-07, 1.07181257647e-07, 1.46754402408e-07, 1.20659919389e-07, 1.40794384151e-07, 1.47894603231e-08, 2.44695215201e-08, 2.35406250049e-09, 1.22578491801e-09, 1.83942416854e-09, 1.74972036859e-09, 1.99597161021e-09, 1.80201842337e-09, 4.09619727026e-10, 5.70156144519e-10, 7.07914393772e-10, 1.99469621376e-10, 2.26087149002e-10, 6.41727504469e-11, 4.79978730372e-11, 4.05341663012e-11, 2.238477112e-11, 1.94660017272e-11, 1.53799663977e-11, 9.8722271677e-12, 1.05224284147e-11, 3.89879864504e-11, 2.19414399844e-11, 8.69479228199e-12, 9.24974940392e-12, 6.36757452321e-11, 5.94177788568e-12, 8.66756492968e-12, 3.61551205641e-11, 5.4892405725e-12, 7.87210401032e-12]
    },
    "mfcc": {
        "mean": [-715.292724609, 153.945541382, 0.37276121974, 12.3769292831, 10.5811166763, -5.24130392075, -7.41171836853, -3.51252055168, 0.0451812930405, -1.71256697178, -4.30234527588, -4.73067331314, -3.46356797218],
        "cov": [[11230.2099609, -4068.94848633, 4211.90673828, 2116.16064453, 1383.12988281, 1470.11755371, 956.073913574, 1132.15270996, 983.503662109, 1000.2255249, 1002.13146973, 752.449768066, 360.332611084], [-4068.94848633, 2262.44995117, -1760.00915527, -894.395996094, -552.296264648, -617.612731934, -388.983184814, -475.090393066, -395.502716064, -403.086639404, -393.250488281, -299.581390381, -150.088348389], [4211.90673828, -1760.00915527, 2414.10327148, 1030.38720703, 825.368530273, 791.604919434, 543.141357422, 612.104003906, 523.879333496, 526.661315918, 504.433654785, 376.559265137, 199.873825073], [2116.16064453, -894.395996094, 1030.38720703, 739.253417969, 442.128387451, 395.757110596, 304.807525635, 313.724060059, 285.367004395, 282.641723633, 265.943145752, 195.634567261, 118.508758545], [1383.12988281, -552.296264648, 825.368530273, 442.128387451, 469.762207031, 349.546661377, 240.540252686, 244.51600647, 211.233398438, 208.773239136, 197.946044922, 154.509216309, 93.4882049561], [1470.11755371, -617.612731934, 791.604919434, 395.757110596, 349.546661377, 381.525939941, 241.717468262, 234.678329468, 214.380249023, 211.474075317, 193.322982788, 155.69732666, 96.5025024414], [956.073913574, -388.983184814, 543.141357422, 304.807525635, 240.540252686, 241.717468262, 235.218444824, 184.962249756, 145.023895264, 147.29750061, 123.45967865, 100.955192566, 66.333732605], [1132.15270996, -475.090393066, 612.104003906, 313.724060059, 244.51600647, 234.678329468, 184.962249756, 254.166427612, 189.038787842, 164.045547485, 153.714935303, 102.548652649, 48.2639045715], [983.503662109, -395.502716064, 523.879333496, 285.367004395, 211.233398438, 214.380249023, 145.023895264, 189.038787842, 211.338165283, 176.468307495, 142.522674561, 105.568389893, 51.4952850342], [1000.2255249, -403.086639404, 526.661315918, 282.641723633, 208.773239136, 211.474075317, 147.29750061, 164.045547485, 176.468307495, 225.217849731, 177.699554443, 116.209815979, 62.1681861877], [1002.13146973, -393.250488281, 504.433654785, 265.943145752, 197.946044922, 193.322982788, 123.45967865, 153.714935303, 142.522674561, 177.699554443, 206.895736694, 130.53692627, 65.2363204956], [752.449768066, -299.581390381, 376.559265137, 195.634567261, 154.509216309, 155.69732666, 100.955192566, 102.548652649, 105.568389893, 116.209815979, 130.53692627, 147.661056519, 89.1587600708], [360.332611084, -150.088348389, 199.873825073, 118.508758545, 93.4882049561, 96.5025024414, 66.333732605, 48.2639045715, 51.4952850342, 62.1681861877, 65.2363204956, 89.1587600708, 123.774475098]],
