{
"lowlevel": {
    "average_loudness": 0.587748348713,
    "barkbands_crest": {
        "dmean": 1.58542644978,
        "dmean2": 2.55370211601,
        "dvar": 2.27153801918,
        "dvar2": 6.65527629852,
        "max": 26.0697383881,
        "mean": 9.97391414642,
        "median": 9.30638599396,
        "min": 4.05047941208,
        "var": 9.98649120331
    },
    "barkbands_flatness_db": {
        "dmean": 0.0317411236465,
        "dmean2": 0.0562699921429,
        "dvar": 0.000661910511553,
        "dvar2": 0.00187160284258,
        "max": 0.588204741478,
        "mean": 0.420655399561,
        "median": 0.421188920736,
        "min": 0.0707836896181,
        "var": 0.00141403917223
    },
    "barkbands_kurtosis": {
        "dmean": 1.84579277039,
        "dmean2": 2.96044135094,
        "dvar": 13.6008081436,
        "dvar2": 37.4772987366,
        "max": 123.415298462,
        "mean": 5.48069000244,
        "median": 4.61980628967,
        "min": -1.55743527412,
        "var": 27.7724609375
    },
    "barkbands_skewness": {
        "dmean": 0.31785351038,
        "dmean2": 0.499313414097,
        "dvar": 0.105350337923,
        "dvar2": 0.279004991055,
        "max": 7.78351688385,
        "mean": 1.4776018858,
        "median": 1.46507430077,
        "min": -1.91439843178,
        "var": 0.493902653456
    },
    "barkbands_spread": {
        "dmean": 0.917021512985,
        "dmean2": 1.41329026222,
        "dvar": 1.28475248814,
        "dvar2": 2.95074605942,
        "max": 28.8869934082,
        "mean": 5.23329639435,
        "median": 4.44258546829,
        "min": 0.378641277552,
        "var": 8.72943305969
    },
    "dissonance": {
        "dmean": 0.035990845412,
        "dmean2": 0.0606186464429,
        "dvar": 0.000932370021474,
        "dvar2": 0.00261354190297,
        "max": 0.500000059605,
        "mean": 0.38612216711,
        "median": 0.387515455484,
        "min": 0.180407956243,
        "var": 0.00240143318661
    },
    "dynamic_complexity": 3.00622987747,
    "erbbands_crest": {
        "dmean": 2.30504894257,
        "dmean2": 3.67729067802,
        "dvar": 5.17585611343,
        "dvar2": 15.2353172302,
        "max": 29.2881851196,
        "mean": 13.0632781982,
        "median": 12.4730606079,
        "min": 3.38822293282,
        "var": 24.7002983093
    },
    "erbbands_flatness_db": {
        "dmean": 0.0160735026002,
        "dmean2": 0.0277467351407,
        "dvar": 0.000231763639022,
        "dvar2": 0.000581331725698,
        "max": 0.514650762081,
        "mean": 0.396714806557,
        "median": 0.397171795368,
        "min": 0.0953680351377,
        "var": 0.000694691960234
    },
    "erbbands_kurtosis": {
        "dmean": 1.10822105408,
        "dmean2": 1.72640740871,
        "dvar": 2.66165089607,
        "dvar2": 6.82636022568,
        "max": 37.3959388733,
        "mean": 1.88918495178,
        "median": 1.08612251282,
        "min": -1.63807499409,
        "var": 10.387594223
    },
    "erbbands_skewness": {
        "dmean": 0.296057969332,
        "dmean2": 0.461789160967,
        "dvar": 0.0892335548997,
        "dvar2": 0.246983736753,
        "max": 5.41120481491,
        "mean": 1.05932676792,
        "median": 0.997274816036,
        "min": -1.27324843407,
        "var": 0.662874102592
    },
    "erbbands_spread": {
        "dmean": 2.54254770279,
        "dmean2": 3.97477722168,
        "dvar": 5.90665149689,
        "dvar2": 15.0565233231,
        "max": 39.8164596558,
        "mean": 15.0092897415,
        "median": 14.1071939468,
        "min": 2.25071406364,
        "var": 30.9804553986
    },
    "hfc": {
        "dmean": 1.52244234085,
        "dmean2": 2.23658823967,
        "dvar": 3.936242342,
        "dvar2": 9.11473560333,
        "max": 52.850479126,
        "mean": 8.38362884521,
        "median": 6.43278121948,
        "min": 1.11224544814e-16,
        "var": 47.9159927368
    },
    "melbands_crest": {
        "dmean": 2.20340943336,
        "dmean2": 3.61592316628,
        "dvar": 3.91761612892,
        "dvar2": 12.0334720612,
        "max": 29.775888443,
        "mean": 14.0736227036,
        "median": 13.4683465958,
        "min": 3.05435872078,
        "var": 17.643945694
    },
    "melbands_flatness_db": {
        "dmean": 0.0375769175589,
        "dmean2": 0.0667338371277,
        "dvar": 0.000950926274527,
        "dvar2": 0.00262676761486,
        "max": 0.7171215415,
        "mean": 0.565765917301,
        "median": 0.567033171654,
        "min": 0.00846491567791,
        "var": 0.00209986162372
    },
    "melbands_kurtosis": {
        "dmean": 2.38658761978,
        "dmean2": 3.84413695335,
        "dvar": 9.30417156219,
        "dvar2": 25.3072376251,
        "max": 67.7007217407,
        "mean": 7.55707883835,
        "median": 6.35789680481,
        "min": -1.40109086037,
        "var": 37.3812026978
    },
    "melbands_skewness": {
        "dmean": 0.349514871836,
        "dmean2": 0.549306511879,
        "dvar": 0.0872734859586,
        "dvar2": 0.24007807672,
        "max": 5.22529554367,
        "mean": 1.78084790707,
        "median": 1.70935237408,
        "min": -0.262847065926,
        "var": 0.60278904438
    },
    "melbands_spread": {
        "dmean": 1.21228635311,
        "dmean2": 1.88006305695,
        "dvar": 12.1467752457,
        "dvar2": 25.3882045746,
        "max": 145.617553711,
        "mean": 6.86333656311,
        "median": 5.53858661652,
        "min": 0.684635519981,
        "var": 35.6537857056
    },
    "pitch_salience": {
        "dmean": 0.0504100471735,
        "dmean2": 0.0808992534876,
        "dvar": 0.00198206282221,
        "dvar2": 0.00565633084625,
        "max": 0.831146597862,
        "mean": 0.567139208317,
        "median": 0.569274246693,
        "min": 0.172531634569,
        "var": 0.00731513556093
    },
    "silence_rate_20dB": {
        "dmean": 0,
        "dmean2": 0,
        "dvar": 0,
        "dvar2": 0,
        "max": 1,
        "mean": 1,
        "median": 1,
        "min": 1,
        "var": 0
    },
    "silence_rate_30dB": {
        "dmean": 0.00412371149287,
        "dmean2": 0.00825167633593,
        "dvar": 0.00410674931481,
        "dvar2": 0.00921519286931,
        "max": 1,
        "mean": 0.98712003231,
        "median": 1,
        "min": 0,
        "var": 0.0127140767872
    },
    "silence_rate_60dB": {
        "dmean": 0.00360824749805,
        "dmean2": 0.00722021656111,
        "dvar": 0.00359510956332,
        "dvar2": 0.00819978676736,
        "max": 1,
        "mean": 0.00412158668041,
        "median": 0,
        "min": 0,
        "var": 0.00410475069657
    },
    "spectral_centroid": {
        "dmean": 36.5754547119,
        "dmean2": 59.754825592,
        "dvar": 56902.8046875,
        "dvar2": 116002.765625,
        "max": 10796.6064453,
        "mean": 407.606048584,
        "median": 367.45111084,
        "min": 214.239105225,
        "var": 120698.34375
    },
    "spectral_complexity": {
        "dmean": 1.49123716354,
        "dmean2": 2.46673536301,
        "dvar": 1.63857543468,
        "dvar2": 4.14265823364,
        "max": 21,
        "mean": 9.73982524872,
        "median": 9,
        "min": 0,
        "var": 9.43307685852
    },
    "spectral_decrease": {
        "dmean": 1.34509636762e-09,
        "dmean2": 2.11507900083e-09,
        "dvar": 2.85159390598e-18,
        "dvar2": 7.73364738209e-18,
        "max": -2.35723217532e-29,
        "mean": -6.83322198824e-09,
        "median": -5.03689889797e-09,
        "min": -3.98594295348e-08,
        "var": 2.93007721609e-17
    },
    "spectral_energy": {
        "dmean": 0.00520659703761,
        "dmean2": 0.00817430578172,
        "dvar": 4.27160302934e-05,
        "dvar2": 0.000115402348456,
        "max": 0.155232518911,
        "mean": 0.0265505872667,
        "median": 0.0196003168821,
        "min": 1.05064248568e-20,
        "var": 0.000442138436483
    },
    "spectral_energyband_high": {
        "dmean": 1.89580173782e-08,
        "dmean2": 2.13250253012e-08,
        "dvar": 1.02901296154e-13,
        "dvar2": 4.89478656175e-14,
        "max": 1.99741971301e-05,
        "mean": 2.34288872747e-08,
        "median": 3.54868512353e-09,
        "min": 7.56661526628e-21,
        "var": 2.53361838887e-13
    },
    "spectral_energyband_low": {
        "dmean": 0.00214833696373,
        "dmean2": 0.00349368341267,
        "dvar": 9.72887755779e-06,
        "dvar2": 3.03461420117e-05,
        "max": 0.0405751951039,
        "mean": 0.00760849472135,
        "median": 0.00581067334861,
        "min": 8.22538008354e-23,
        "var": 4.49928775197e-05
    },
    "spectral_energyband_middle_high": {
        "dmean": 0.000307925918605,
        "dmean2": 0.000414965674281,
        "dvar": 2.6864870506e-07,
        "dvar2": 4.04743900617e-07,
        "max": 0.0157604962587,
        "mean": 0.00111929734703,
        "median": 0.000679788179696,
        "min": 1.61120455087e-21,
        "var": 1.93074743038e-06
    },
    "spectral_energyband_middle_low": {
        "dmean": 0.00435983855277,
        "dmean2": 0.00679788878188,
        "dvar": 3.5218316043e-05,
        "dvar2": 9.31695394684e-05,
        "max": 0.147345229983,
        "mean": 0.02039100416,
        "median": 0.0146789504215,
        "min": 2.72423786127e-22,
        "var": 0.000355422729626
    },
    "spectral_entropy": {
        "dmean": 0.117633096874,
        "dmean2": 0.190775543451,
        "dvar": 0.0188264809549,
        "dvar2": 0.0422426350415,
        "max": 9.81126022339,
        "mean": 5.81329250336,
        "median": 5.82301521301,
        "min": 4.7209277153,
        "var": 0.0766357332468
    },
    "spectral_flux": {
        "dmean": 0.0114948265254,
        "dmean2": 0.0185726191849,
        "dvar": 0.000165859004483,
        "dvar2": 0.00040095980512,
        "max": 0.20287181437,
        "mean": 0.0457103475928,
        "median": 0.0410230495036,
        "min": 6.77691514017e-11,
        "var": 0.00044637118117
    },
    "spectral_kurtosis": {
        "dmean": 40.4325637817,
        "dmean2": 71.9310150146,
        "dvar": 1138.96887207,
        "dvar2": 3256.42138672,
        "max": 189.325744629,
        "mean": 106.144920349,
        "median": 116.298995972,
        "min": -1.20420527458,
        "var": 1574.65722656
    },
    "spectral_rms": {
        "dmean": 0.000490078469738,
        "dmean2": 0.000777632638346,
        "dvar": 2.52608259643e-07,
        "dvar2": 6.8894883043e-07,
        "max": 0.0123063549399,
        "mean": 0.0047506801784,
        "median": 0.00437290081754,
        "min": 3.20158873371e-12,
        "var": 3.33403204422e-06
    },
    "spectral_rolloff": {
        "dmean": 61.6800346375,
        "dmean2": 110.041923523,
        "dvar": 183313.078125,
        "dvar2": 380450.21875,
        "max": 18820.0195312,
        "mean": 503.925933838,
        "median": 409.130859375,
        "min": 150.732421875,
        "var": 381865.3125
    },
    "spectral_skewness": {
        "dmean": 2.41457056999,
        "dmean2": 4.32750415802,
        "dvar": 3.20188450813,
        "dvar2": 9.40173530579,
        "max": 10.5041322708,
        "mean": 6.53131008148,
        "median": 6.96414089203,
        "min": 0.0234885048121,
        "var": 4.82108259201
    },
    "spectral_spread": {
        "dmean": 295982.0625,
        "dmean2": 522906.09375,
        "dvar": 670676615168,
        "dvar2": 963780083712,
        "max": 41219208,
        "mean": 819585.5625,
        "median": 719630.1875,
        "min": 364635.8125,
        "var": 1.89742160282e+12
    },
    "spectral_strongpeak": {
        "dmean": 0.299790501595,
        "dmean2": 0.509102284908,
        "dvar": 0.193525612354,
        "dvar2": 0.419770300388,
        "max": 4.93735265732,
        "mean": 0.942068397999,
        "median": 0.691412866116,
        "min": 0,
        "var": 0.647250711918
    },
    "zerocrossingrate": {
        "dmean": 0.00203769328073,
        "dmean2": 0.0029536106158,
        "dvar": 0.00012788719323,
        "dvar2": 0.000267812720267,
        "max": 0.505859375,
        "mean": 0.0190145429224,
        "median": 0.01708984375,
        "min": 0.0029296875,
        "var": 0.000272017903626
    },
    "barkbands": {
        "dmean": [5.08898574481e-06, 0.000462366646389, 0.00123618834186, 0.00141372869257, 0.00161252100952, 0.00204772804864, 0.000956037139986, 0.000331072311383, 0.000285166752292, 0.000134567730129, 6.71983216307e-05, 0.000168482671143, 4.78386718896e-05, 3.81767385988e-05, 4.08779087593e-05, 3.26010704157e-05, 1.66595855262e-05, 1.9759540919e-06, 4.98685048811e-09, 3.63554120142e-09, 3.42272343801e-09, 2.91026358568e-09, 2.33216268519e-09, 2.25714202884e-09, 2.14910889085e-09, 2.11502926284e-09, 2.20600382406e-09],
        "dmean2": [8.66107620823e-06, 0.000611296971329, 0.00199852022342, 0.00235026539303, 0.00268119433895, 0.00298905209638, 0.0011905641295, 0.000466178287752, 0.000394227507059, 0.000194346052012, 0.000101527599327, 0.000227584663662, 7.86040764069e-05, 6.23778396402e-05, 6.68073116685e-05, 5.26316507603e-05, 2.75633283309e-05, 3.43525744029e-06, 6.22879214873e-09, 4.0412051483e-09, 3.90123711114e-09, 3.35191630008e-09, 2.59661270263e-09, 2.54563259361e-09, 2.41014253e-09, 2.37567232553e-09, 2.45965425805e-09],
        "dvar": [1.33026228921e-10, 3.54139842784e-07, 3.22637174577e-06, 7.12729661245e-06, 4.84040765514e-06, 1.10554738058e-05, 3.71853116121e-06, 2.59808331293e-07, 4.72662861739e-07, 6.61867076701e-08, 1.3865662396e-08, 1.85971273936e-07, 3.48377748871e-09, 2.93329782686e-09, 5.78564618436e-09, 3.22888604742e-09, 5.75984981932e-10, 9.49339912237e-12, 5.9319203839e-15, 3.91294874445e-15, 3.25611196331e-15, 2.29021403553e-15, 1.58165996373e-15, 1.42733352535e-15, 1.31501875649e-15, 1.25453435719e-15, 1.42421972636e-15],
        "dvar2": [2.99339192322e-10, 7.40901157315e-07, 9.43984196056e-06, 2.33064893109e-05, 1.5318615624e-05, 2.98730992654e-05, 5.45803413843e-06, 5.27555414465e-07, 8.70532119279e-07, 1.21693460642e-07, 2.61875285901e-08, 2.80970539279e-07, 9.07555719465e-09, 7.19698700635e-09, 1.45877807611e-08, 6.37885300137e-09, 1.42264633407e-09, 2.77079366395e-11, 4.52906611073e-15, 1.85075131964e-15, 1.58989185342e-15, 1.12910328314e-15, 7.48101034262e-16, 6.79323282434e-16, 6.22291865881e-16, 5.93451558698e-16, 6.74678206691e-16],
        "max": [0.000346905551851, 0.0143809113652, 0.0303338207304, 0.0309954769909, 0.0361694656312, 0.0773923695087, 0.0553478971124, 0.011317496188, 0.0153618305922, 0.00436494033784, 0.00304319220595, 0.0115295639262, 0.000774434127379, 0.000818623113446, 0.00167088839225, 0.000942941813264, 0.000393574126065, 3.33717434842e-05, 4.51073310614e-06, 3.895914233e-06, 3.54530379809e-06, 2.96861981042e-06, 2.47767911787e-06, 2.35236302615e-06, 2.2592962523e-06, 2.20698507292e-06, 2.35098650592e-06],
        "mean": [5.61273191124e-06, 0.00198774272576, 0.00306119257584, 0.00356370559894, 0.00512758735567, 0.0073556965217, 0.00254468084313, 0.00114287203178, 0.000618950580247, 0.00027914668317, 0.000137914103107, 0.000375317205908, 8.76456979313e-05, 8.04508672445e-05, 7.72629282437e-05, 6.48073037155e-05, 3.73460643459e-05, 2.62817866314e-06, 5.42556177763e-09, 4.40737490948e-09, 4.10635392356e-09, 3.53057805214e-09, 2.95129520822e-09, 2.74445843829e-09, 2.64968758046e-09, 2.68966360295e-09, 2.71209166236e-09],
        "median": [1.99918349608e-06, 0.00105597439688, 0.00188718072604, 0.00242331111804, 0.00319646135904, 0.0041776932776, 0.000857026316226, 0.000473773048725, 0.000192119114217, 0.000133272071253, 6.64880935801e-05, 0.000100180957816, 6.40886282781e-05, 4.97164364788e-05, 4.3368225306e-05, 4.1967479774e-05, 2.50748998951e-05, 1.37997403726e-06, 5.62586921493e-10, 5.46444778315e-10, 5.35965438697e-10, 5.20232634749e-10, 5.15842424331e-10, 4.52954340702e-10, 4.43241554571e-10, 5.65401114816e-10, 3.91503607311e-10],
        "min": [2.42990363389e-23, 3.30423225394e-23, 8.4304373761e-24, 7.26040992553e-24, 2.79979641027e-23, 2.46018058875e-23, 1.17799194804e-23, 6.9013288034e-23, 4.07407056729e-23, 6.17389618132e-23, 4.81615770063e-23, 4.29098869911e-23, 7.94512115419e-23, 1.06171060051e-22, 5.86671626918e-23, 1.62277637042e-22, 1.29415269452e-22, 1.57985451168e-22, 1.79246855529e-22, 3.10195683203e-22, 3.65028786258e-22, 4.83103012683e-22, 5.19676573246e-22, 7.82609693729e-22, 9.10718584279e-22, 1.68839669828e-21, 2.13230016498e-21],
        "var": [1.77139664048e-10, 6.21686422164e-06, 1.53407690959e-05, 1.70670573425e-05, 2.62428147835e-05, 8.93315082067e-05, 2.294306978e-05, 2.35773745771e-06, 1.92934930965e-06, 1.81102691954e-07, 4.00895494579e-08, 8.85859492428e-07, 6.91061785574e-09, 8.794589057e-09, 1.34874307278e-08, 6.98963731338e-09, 1.61005997423e-09, 1.22262538635e-11, 1.32599933163e-14, 9.63318119528e-15, 7.99537099396e-15, 5.6020408615e-15, 3.89715539164e-15, 3.51434943904e-15, 3.24094456784e-15, 3.09210097373e-15, 3.50979473112e-15]
    },
    "erbbands": {
        "dmean": [0.00604229513556, 0.131220698357, 0.958699941635, 3.65432357788, 4.46040964127, 3.83458042145, 17.6283111572, 14.1177148819, 16.7092037201, 4.83255815506, 9.09983062744, 7.32356739044, 2.56621599197, 5.48675060272, 4.82830953598, 4.21281337738, 1.99047827721, 2.27293014526, 2.22188973427, 1.78503537178, 1.1391698122, 0.960708737373, 0.15783110261, 0.00505567714572, 0.000426931132097, 0.000185191573109, 0.000148818508023, 0.000128717932967, 0.00010662197019, 8.32728401292e-05, 6.47293272777e-05, 5.01983668073e-05, 3.62771097571e-05, 2.47790085268e-05, 1.58279890456e-05, 9.16070530366e-06, 4.50953939435e-06, 1.44476257447e-06, 2.52941208601e-06, 5.72693807044e-06],
        "dmean2": [0.00792814977467, 0.176512271166, 1.56612563133, 6.08960103989, 7.81795692444, 6.18003129959, 24.9084262848, 21.7946777344, 20.2352695465, 6.58235311508, 12.5881404877, 10.0270614624, 3.66876029968, 7.61171388626, 6.65749883652, 5.96561336517, 3.2809278965, 3.68995332718, 3.63430309296, 2.84966349602, 1.87585330009, 1.5936537981, 0.266673833132, 0.00839305669069, 0.000589913630392, 0.000208332305192, 0.000166501253261, 0.000148048755364, 0.000123038378661, 9.35215430218e-05, 7.17812290532e-05, 5.63729445275e-05, 4.04962920584e-05, 2.75416932709e-05, 1.76505509444e-05, 1.02817721199e-05, 5.14407429364e-06, 1.60423940088e-06, 3.78917115995e-06, 8.98959933693e-06],
        "dvar": [8.83349348442e-05, 0.0297696888447, 1.71608567238, 38.3095054626, 68.4664459229, 23.8668327332, 740.228759766, 906.119567871, 1299.40527344, 66.3751602173, 185.416275024, 382.810058594, 12.4802122116, 97.3271102905, 101.018783569, 74.5066299438, 6.55796003342, 11.0129842758, 19.4977092743, 10.3253679276, 1.92201316357, 2.16598010063, 0.052431229502, 6.78901415085e-05, 1.22017099784e-05, 8.6890613602e-06, 6.26218661637e-06, 4.47639058621e-06, 3.04564582621e-06, 1.96604332814e-06, 1.21427456179e-06, 6.9928631774e-07, 3.65157717397e-07, 1.67850942034e-07, 6.49522178264e-08, 1.97787883849e-08, 4.26550972321e-09, 5.44669198632e-10, 3.23573806638e-11, 5.105189535e-11],
        "dvar2": [0.000176289031515, 0.0639423727989, 4.65572023392, 127.039039612, 242.835906982, 69.8661193848, 1841.38818359, 2641.00976562, 2041.15405273, 106.532501221, 368.37991333, 696.171691895, 24.4036178589, 173.408294678, 150.298934937, 120.67880249, 16.9087200165, 26.1249427795, 48.1804504395, 21.6836338043, 4.86461114883, 5.49354791641, 0.144008606672, 0.000155910165631, 6.99575912222e-06, 4.13249972553e-06, 2.98440681945e-06, 2.23212532546e-06, 1.5211921891e-06, 9.36430922138e-07, 5.74746593429e-07, 3.33263585617e-07, 1.73620705368e-07, 7.96595500674e-08, 3.08323819809e-08, 9.40945366068e-09, 2.03723615755e-09, 2.58640775463e-10, 3.64679848819e-11, 1.39158726209e-10],
        "max": [0.203517049551, 4.1369509697, 30.5940132141, 69.9487838745, 91.7697525024, 98.4014434814, 598.33984375, 664.504089355, 858.01739502, 246.542175293, 310.518463135, 436.823913574, 74.0417175293, 177.047210693, 274.763122559, 225.998092651, 39.3476524353, 53.3643302917, 107.319007874, 53.5345802307, 15.8489198685, 26.651096344, 2.64673948288, 0.251898795366, 0.214576005936, 0.183765172958, 0.155826330185, 0.131168186665, 0.108173489571, 0.0873243659735, 0.068680845201, 0.0520941875875, 0.0376653149724, 0.025555672124, 0.0159119125456, 0.0087904240936, 0.00408608978614, 0.00145641714334, 0.000334531854605, 0.00017202712479],
        "mean": [0.0283908806741, 0.573405146599, 2.96202611923, 9.94785022736, 10.1398849487, 12.892870903, 66.0333633423, 43.2141265869, 51.0786056519, 12.6630477905, 32.157787323, 17.6294078827, 6.51674032211, 11.3726568222, 11.5856695175, 9.90114307404, 4.16749238968, 4.84219646454, 4.31812906265, 3.9358112812, 2.62585377693, 2.1266169548, 0.349687457085, 0.0116188609973, 0.00101062201429, 0.000332691415679, 0.000215254141949, 0.000171670631971, 0.000141815369716, 0.000116020586574, 9.48119341047e-05, 7.4682146078e-05, 5.85644193052e-05, 4.46801350336e-05, 3.30042603309e-05, 2.25191706704e-05, 1.24437501654e-05, 2.86655608761e-06, 1.26358736452e-05, 2.94069122901e-05],
        "median": [0.01210361626, 0.322171539068, 1.64742827415, 6.9846663475, 5.56951284409, 9.30342674255, 31.9884777069, 22.751991272, 16.2221508026, 6.93321895599, 14.3681192398, 6.49070549011, 4.19870233536, 5.7432641983, 4.72831439972, 4.22275876999, 3.12759017944, 3.041274786, 2.55434823036, 2.3741440773, 1.93704140186, 1.42040276527, 0.238756492734, 0.00797166023403, 0.000622263876721, 0.000142394390423, 6.27925837762e-05, 4.00570643251e-05, 3.27578381984e-05, 2.9198028642e-05, 2.68167368631e-05, 2.23692877626e-05, 1.96976980078e-05, 1.77774309122e-05, 1.5034082935e-05, 1.17496801977e-05, 7.00155806044e-06, 1.289876991e-06, 9.1753918241e-06, 2.16771113628e-05],
        "min": [5.36142990724e-22, 9.52599449551e-21, 1.04346063542e-20, 2.31976938209e-20, 7.32567564842e-20, 6.51702905147e-20, 9.87828974904e-20, 2.81741309701e-19, 1.91244648761e-19, 5.6305222699e-19, 1.85392309738e-18, 1.09492015848e-18, 1.618970406e-18, 1.80748497099e-18, 1.635123589e-18, 2.12331865889e-18, 3.42803580895e-18, 4.15724060026e-18, 3.27523238875e-18, 5.72160126599e-18, 7.15916134768e-18, 7.62448518383e-18, 9.039292422e-18, 8.6940321974e-18, 1.20764671935e-17, 1.31348514047e-17, 1.67404067906e-17, 1.42872339392e-17, 1.53917913722e-17, 1.48227821007e-17, 1.56327854806e-17, 1.4950250633e-17, 1.35585573027e-17, 8.54003350122e-18, 8.11316032867e-18, 6.07087000784e-18, 3.03721654416e-18, 1.26565768153e-18, 3.15391301363e-19, 3.00508577309e-20],
        "var": [0.00118873966858, 0.506903529167, 15.5522117615, 107.166213989, 147.137756348, 155.255279541, 8095.99414062, 4634.71142578, 10914.2763672, 320.63394165, 1716.58557129, 1487.31591797, 55.2432250977, 273.06729126, 489.959075928, 358.273345947, 14.0384244919, 31.8382110596, 44.5302009583, 26.618894577, 5.27864217758, 5.38773488998, 0.130418509245, 0.000174741711817, 2.99080475088e-05, 2.14440970012e-05, 1.54159606609e-05, 1.09468755909e-05, 7.44501812733e-06, 4.84230531583e-06, 2.99452904073e-06, 1.72336024207e-06, 9.00864279174e-07, 4.14728532405e-07, 1.60835782026e-07, 4.91267186931e-08, 1.06282840306e-08, 1.3470431437e-09, 1.64051494611e-10, 5.40853806186e-10]
    },
    "gfcc": {
        "mean": [-205.595184326, 288.596130371, -97.7930831909, -71.887840271, 16.9135169983, -16.3057632446, -57.3529624939, -11.3123550415, 5.9234995842, -26.8621292114, -10.0580568314, 0.21231469512, -1.5356118679],
        "cov": [[2387.06420898, 225.162887573, -192.04850769, -85.086265564, -99.2405929565, -257.057220459, -127.271995544, 26.2552490234, -90.4012298584, -114.740074158, -21.998210907, -49.7266540527, -82.9438705444], [225.162887573, 224.63420105, 17.6989994049, -55.6191520691, 88.5918807983, 23.6054363251, 3.6357049942, 24.2516307831, 23.4352645874, -3.29768800735, 22.1140003204, 8.82665252686, 5.38626146317], [-192.04850769, 17.6989994049, 346.767242432, 167.778091431, 46.4557151794, 61.2531356812, 8.04267501831, -16.8193874359, 45.4278755188, 64.4405059814, 51.0002861023, 31.2687015533, 21.621553421], [-85.086265564, -55.6191520691, 167.778091431, 191.511276245, 41.8801574707, 24.7521648407, 6.60538196564, 3.28688073158, 28.0500278473, 41.7721328735, 31.8158931732, 15.6934289932, 2.59171509743], [-99.2405929565, 88.5918807983, 46.4557151794, 41.8801574707, 130.503051758, 56.3667678833, 19.2138614655, 17.8800621033, 21.6336746216, 20.6712532043, 33.0126037598, 13.1310567856, 10.3629617691], [-257.057220459, 23.6054363251, 61.2531356812, 24.7521648407, 56.3667678833, 174.176559448, 80.0617980957, -16.3628349304, 38.0541496277, 51.4171218872, 10.6827640533, 27.2288188934, 41.1169891357], [-127.271995544, 3.6357049942, 8.04267501831, 6.60538196564, 19.2138614655, 80.0617980957, 73.8029403687, 33.2135772705, 25.2737693787, 18.159860611, 5.71446943283, 13.8297290802, 11.1977710724], [26.2552490234, 24.2516307831, -16.8193874359, 3.28688073158, 17.8800621033, -16.3628349304, 33.2135772705, 71.0597000122, 28.7224025726, 0.180759608746, 9.00803947449, -1.77189671993, -13.3435277939], [-90.4012298584, 23.4352645874, 45.4278755188, 28.0500278473, 21.6336746216, 38.0541496277, 25.2737693787, 28.7224025726, 60.5244178772, 47.2515411377, 16.7384700775, 9.03019142151, 10.974524498], [-114.740074158, -3.29768800735, 64.4405059814, 41.7721328735, 20.6712532043, 51.4171218872, 18.159860611, 0.180759608746, 47.2515411377, 69.2294235229, 41.9704055786, 28.2944450378, 19.4652061462], [-21.998210907, 22.1140003204, 51.0002861023, 31.8158931732, 33.0126037598, 10.6827640533, 5.71446943283, 9.00803947449, 16.7384700775, 41.9704055786, 70.0065383911, 52.5527954102, 19.7661991119], [-49.7266540527, 8.82665252686, 31.2687015533, 15.6934289932, 13.1310567856, 27.2288188934, 13.8297290802, -1.77189671993, 9.03019142151, 28.2944450378, 52.5527954102, 67.1933517456, 47.3174171448], [-82.9438705444, 5.38626146317, 21.621553421, 2.59171509743, 10.3629617691, 41.1169891357, 11.1977710724, -13.3435277939, 10.974524498, 19.4652061462, 19.7661991119, 47.3174171448, 59.7715377808]],
        "icov": [[0.000953833223321, -0.0030319262296, 0.0010854768334, -0.00221445364878, 0.00306791509502, -0.000723250384908, 0.0021159008611, -0.00300704990514, 0.00489372992888, -0.00289583858103, 0.000124617028632, 0.00139516789932, -0.000903024163563], [-0.0030319262296, 0.0228567328304, -0.0065760742873, 0.0156167754903, -0.0171694438905, -0.0034603078384, 0.00198498181999, 0.00937303248793, -0.032871067524, 0.0288433022797, -0.00969377253205, -0.00688285427168, 0.00780899776146], [0.0010854768334, -0.0065760742873, 0.00854501035064, -0.00989204179496, 0.00732802040875, -0.00100469111931, -0.000841806060635, 0.00276757590473, 0.000718356692232, 0.00140604376793, -0.010705018416, 0.0114956283942, -0.0065171145834], [-0.00221445364878, 0.0156167754903, -0.00989204179496, 0.0216486174613, -0.0169356446713, 0.00231730309315, -0.00104368035682, 0.0048471079208, -0.0161993280053, 0.00629687774926, 0.00850992742926, -0.0175751820207, 0.0128018017858], [0.00306791509502, -0.0171694438905, 0.00732802040875, -0.0169356446713, 0.0398290939629, -0.0323028191924, 0.0366842113435, -0.0374239385128, 0.0281614568084, 0.00228277151473, -0.0356848873198, 0.0408072434366, -0.0224411245435], [-0.000723250384908, -0.0034603078384, -0.00100469111931, 0.00231730309315, -0.0323028191924, 0.0979891046882, -0.128134280443, 0.102812811732, -0.0376272276044, -0.0159006658942, 0.0242848172784, -0.00859749224037, -0.00441599264741], [0.0021159008611, 0.00198498181999, -0.000841806060635, -0.00104368035682, 0.0366842113435, -0.128134280443, 0.199807539582, -0.162989661098, 0.0749228894711, -0.0179320722818, 0.0163174401969, -0.0280860252678, 0.0199933107942], [-0.00300704990514, 0.00937303248793, 0.00276757590473, 0.0048471079208, -0.0374239385128, 0.102812811732, -0.162989661098, 0.180018156767, -0.130186095834, 0.0747545138001, -0.0430300720036, 0.0177356582135, 5.32497233507e-06], [0.00489372992888, -0.032871067524, 0.000718356692232, -0.0161993280053, 0.0281614568084, -0.0376272276044, 0.0749228894711, -0.130186095834, 0.190020248294, -0.15562453866, 0.0853159576654, -0.0165482591838, -0.0112242260948], [-0.00289583858103, 0.0288433022797, 0.00140604376793, 0.00629687774926, 0.00228277151473, -0.0159006658942, -0.0179320722818, 0.0747545138001, -0.15562453866, 0.194401174784, -0.151238635182, 0.0764961317182, -0.0220872815698], [0.000124617028632, -0.00969377253205, -0.010705018416, 0.00850992742926, -0.0356848873198, 0.0242848172784, 0.0163174401969, -0.0430300720036, 0.0853159576654, -0.151238635182, 0.232248723507, -0.200829386711, 0.097136311233], [0.00139516789932, -0.00688285427168, 0.0114956283942, -0.0175751820207, 0.0408072434366, -0.00859749224037, -0.0280860252678, 0.0177356582135, -0.0165482591838, 0.0764961317182, -0.200829386711, 0.243974179029, -0.141378864646], [-0.000903024163563, 0.00780899776146, -0.0065171145834, 0.0128018017858, -0.0224411245435, -0.00441599264741, 0.0199933107942, 5.32497233507e-06, -0.0112242260948, -0.0220872815698, 0.097136311233, -0.141378864646, 0.10881216079]]
    },
    "melbands": {
        "dmean": [9.03851396288e-05, 0.000387907697586, 0.000615628610831, 0.000280440872302, 0.000508798286319, 0.000331097631715, 0.000246755196713, 4.69832120871e-05, 7.44410208426e-05, 4.188062303e-05, 1.31109245558e-05, 2.36178293562e-05, 1.31669594339e-05, 2.17341603275e-05, 5.05314756083e-06, 4.30559202869e-06, 4.31710077464e-06, 3.55047382072e-06, 2.61305763161e-06, 2.76162381851e-06, 1.19468609228e-06, 1.18405887406e-06, 3.95334154746e-07, 2.609323424e-08, 2.44973402674e-10, 1.73649386537e-10, 1.32799604646e-10, 1.08853114023e-10, 9.34649510564e-11, 8.22267740008e-11, 7.1931835488e-11, 6.19292880866e-11, 5.21195690772e-11, 4.39391439899e-11, 3.78176864824e-11, 3.33235869454e-11, 2.96208405026e-11, 2.58119931679e-11, 2.23367140756e-11, 1.99459251199e-11],
        "dmean2": [0.000118623473099, 0.000616668083239, 0.00103464606218, 0.000482312141685, 0.000734988017939, 0.000497294182424, 0.00030027583125, 6.6859924118e-05, 0.000102037629404, 5.80867927056e-05, 1.88055291801e-05, 3.29033209709e-05, 1.87696969078e-05, 2.91654669127e-05, 8.40450411488e-06, 7.12924838808e-06, 7.00421014699e-06, 5.82795564696e-06, 4.26562428402e-06, 4.4466091822e-06, 2.01466605176e-06, 1.96648079509e-06, 6.64420667817e-07, 4.63228921888e-08, 3.24000215546e-10, 2.09862613398e-10, 1.50167350776e-10, 1.20232976353e-10, 1.04271452583e-10, 9.38977784415e-11, 8.32864471834e-11, 7.19477741273e-11, 5.94640031659e-11, 4.91573413919e-11, 4.21087296976e-11, 3.73256148212e-11, 3.36067146334e-11, 2.9154404585e-11, 2.49409971842e-11, 2.24132344628e-11],
        "dvar": [1.37476847684e-08, 2.73777658322e-07, 1.05017375063e-06, 2.03451463676e-07, 6.1337243551e-07, 4.37022521282e-07, 2.71513840744e-07, 4.46165815404e-09, 1.10192939218e-08, 1.13692237846e-08, 3.29690469369e-10, 1.86964976834e-09, 4.50083581516e-10, 3.20021031897e-09, 3.41095936218e-11, 2.74474453582e-11, 4.19914172878e-11, 4.83677889407e-11, 2.07002817665e-11, 2.54899660407e-11, 2.12547557679e-12, 3.26090413352e-12, 3.21776324119e-13, 1.95631534179e-15, 1.39177621381e-17, 7.51003895582e-18, 5.01082605873e-18, 3.5615133949e-18, 2.55656153575e-18, 1.87456146046e-18, 1.38511310854e-18, 1.01768309936e-18, 7.4705441835e-19, 5.54041593481e-19, 4.16546003551e-19, 3.16207159941e-19, 2.41252705723e-19, 1.85276346771e-19, 1.43391487767e-19, 1.11985249366e-19],
        "dvar2": [2.85749397477e-08, 7.25057986983e-07, 3.50592995346e-06, 6.89725254688e-07, 1.5791728174e-06, 1.21167386169e-06, 4.19370906002e-07, 8.19059398083e-09, 2.17488604903e-08, 2.06966301874e-08, 6.39108044265e-10, 3.37263972305e-09, 7.46995576506e-10, 4.90513585305e-09, 9.03153732357e-11, 6.9491169763e-11, 9.91198512157e-11, 1.22731880214e-10, 5.30206850646e-11, 5.01486456528e-11, 5.77626575043e-12, 8.23041721582e-12, 8.65787368014e-13, 5.72824665306e-15, 1.58578431273e-17, 4.65360604325e-18, 2.41678496943e-18, 1.6824441103e-18, 1.2111280744e-18, 9.14632938647e-19, 6.97884941583e-19, 5.14182448099e-19, 3.6202428048e-19, 2.62522207608e-19, 1.96947348226e-19, 1.49869022822e-19, 1.15217082794e-19, 8.8114186906e-20, 6.78909715599e-20, 5.30265844199e-20],
        "max": [0.00245382147841, 0.0118194110692, 0.0118143036962, 0.00691872835159, 0.0164956897497, 0.016453795135, 0.0129477418959, 0.00180384155829, 0.00231033423916, 0.00236894609407, 0.00038609909825, 0.000700291944668, 0.000508426863234, 0.00148843077477, 9.16627541301e-05, 7.35989087843e-05, 9.80080585578e-05, 0.000167082092958, 8.16313477117e-05, 8.33408266772e-05, 1.69048944372e-05, 3.09560236929e-05, 6.88505542712e-06, 4.9998408258e-07, 1.99155863356e-07, 1.65596858892e-07, 1.39166232316e-07, 1.17562905189e-07, 9.95766313849e-08, 8.50355021953e-08, 7.28714439902e-08, 6.24389997483e-08, 5.37217417218e-08, 4.63634926007e-08, 4.02123525589e-08, 3.50269466765e-08, 3.05719574101e-08, 2.68015156735e-08, 2.35896973066e-08, 2.08464303597e-08],
        "mean": [0.000410746346461, 0.00130250747316, 0.00163736718241, 0.000705805432517, 0.00188355450518, 0.00107141514309, 0.000732091604732, 0.000126282946439, 0.000256548140896, 9.14263146115e-05, 3.01614782074e-05, 4.67629215564e-05, 3.03325596178e-05, 4.78244000988e-05, 1.03235770439e-05, 8.40585835249e-06, 8.87696933205e-06, 6.49413232168e-06, 5.41500003237e-06, 5.31299110662e-06, 2.46179115493e-06, 2.44872080657e-06, 8.41951077746e-07, 3.04648537508e-08, 2.57847826424e-10, 1.94585417224e-10, 1.58460064514e-10, 1.32743135928e-10, 1.13235490429e-10, 9.84383061176e-11, 8.5788681714e-11, 7.43185721297e-11, 6.39662975366e-11, 5.50603694582e-11, 4.81817814812e-11, 4.12203292333e-11, 3.57168426779e-11, 3.13833091459e-11, 2.73388551381e-11, 2.43273144684e-11],
        "median": [0.000212373270188, 0.00076046056347, 0.0012981396867, 0.00039603858022, 0.000937185133807, 0.000560331041925, 0.000228314922424, 8.54748577694e-05, 0.000117787574709, 2.92500899377e-05, 1.87335717783e-05, 2.29225697694e-05, 1.45993990373e-05, 1.21874800243e-05, 7.62464514992e-06, 6.3703696469e-06, 5.42833731743e-06, 3.89830665881e-06, 3.10625182465e-06, 3.27170982928e-06, 1.78281015906e-06, 1.62260801062e-06, 5.42530528946e-07, 1.38704834285e-08, 3.23116741696e-11, 2.09198179613e-11, 1.90738848327e-11, 1.66764067833e-11, 1.41874532955e-11, 1.28656659978e-11, 1.16149494536e-11, 1.07104073874e-11, 9.94561811379e-12, 9.33584459739e-12, 8.8991418401e-12, 7.0510693638e-12, 5.86954746959e-12, 5.3604035273e-12, 4.43115943244e-12, 3.94974894805e-12],
        "min": [9.12884354562e-24, 1.01932527762e-23, 4.88382248144e-24, 5.84684099756e-24, 2.91361239393e-24, 5.67759522908e-24, 2.55403815485e-24, 8.51944376318e-24, 1.66765700235e-23, 5.95227462413e-24, 7.4081509513e-24, 7.38999295099e-24, 6.00936961544e-24, 4.69915684884e-24, 8.70408454665e-24, 6.29790574671e-24, 8.19863927657e-24, 5.69300878231e-24, 4.63814989631e-24, 1.14680038785e-23, 6.82298813131e-24, 7.25468910624e-24, 4.97962924394e-24, 1.07418597818e-23, 6.29170727215e-24, 7.13919434769e-24, 9.39116661788e-24, 7.81545876933e-24, 1.19546214054e-23, 7.46785904436e-24, 9.16411982758e-24, 7.29985928168e-24, 1.15895184346e-23, 7.53646154412e-24, 9.1019788875e-24, 8.8656803365e-24, 8.78480158333e-24, 8.99982771116e-24, 8.0732979562e-24, 6.70987099952e-24],
        "var": [2.28259892765e-07, 2.49068739322e-06, 2.65871699412e-06, 6.86477164891e-07, 6.20393802819e-06, 2.8451001981e-06, 2.20072502088e-06, 1.96022327259e-08, 9.85557520039e-08, 4.4083567019e-08, 1.28702770663e-09, 4.97196994687e-09, 1.98130556406e-09, 1.48797605348e-08, 8.12648420778e-11, 6.08776778988e-11, 1.20613866117e-10, 1.01997077451e-10, 4.94014308627e-11, 5.40764620582e-11, 5.14488191633e-12, 7.68855552141e-12, 8.16601885938e-13, 2.14061149991e-15, 2.70138377973e-17, 1.76257845223e-17, 1.23037061155e-17, 8.77251013084e-18, 6.29427329332e-18, 4.5966236388e-18, 3.38058872901e-18, 2.48168225157e-18, 1.83408813347e-18, 1.36474275198e-18, 1.02655781675e-18, 7.78995377318e-19, 5.93633766321e-19, 4.56147249528e-19, 3.53326347092e-19, 2.75918216683e-19]
    },
    "mfcc": {
        "mean": [-812.793212891, 280.804199219, 9.68411064148, -30.6910629272, 38.2211532593, 11.3312911987, -33.096244812, -4.69825172424, 11.2975120544, -16.3446903229, -14.4755115509, 9.10579204559, 1.36629474163],
        "cov": [[703.301147461, 465.515838623, -190.575469971, -125.675346375, 52.0052146912, -117.004135132, -143.866165161, 46.2615127563, 11.5474100113, -98.9298171997, 5.36566352844, 36.4034576416, -106.536361694], [465.515838623, 364.965362549, -63.8730239868, -57.5314979553, 47.3310470581, -55.3411712646, -81.8745346069, 25.5687351227, 6.89754724503, -59.1034965515, 6.00873994827, 33.5695648193, -51.1651000977], [-190.575469971, -63.8730239868, 201.487136841, 148.559814453, 26.5899734497, 62.6174354553, 66.8695449829, -18.3437862396, -17.1171665192, 38.3643569946, 23.5201663971, 15.347243309, 53.3952598572], [-125.675346375, -57.5314979553, 148.559814453, 174.285552979, 73.6743392944, 28.0574970245, 26.0013828278, -6.51603794098, -24.2881164551, 13.7770576477, 43.4565124512, 26.0507888794, 8.23384857178], [52.0052146912, 47.3310470581, 26.5899734497, 73.6743392944, 89.1228179932, 33.1979675293, -1.88579797745, 1.16579043865, -7.21000480652, -4.24335336685, 24.2635307312, 20.7103824615, -8.89077568054], [-117.004135132, -55.3411712646, 62.6174354553, 28.0574970245, 33.1979675293, 118.703392029, 87.3258209229, -9.76147651672, 6.37767124176, 41.3168106079, -5.64618062973, -3.79316473007, 60.5158653259], [-143.866165161, -81.8745346069, 66.8695449829, 26.0013828278, -1.88579797745, 87.3258209229, 97.9881973267, 17.7096271515, 10.819070816, 34.4622344971, -0.61351776123, 0.158777862787, 52.0425224304], [46.2615127563, 25.5687351227, -18.3437862396, -6.51603794098, 1.16579043865, -9.76147651672, 17.7096271515, 51.8159446716, 29.352355957, -1.74179542065, 8.59164047241, 13.0940141678, -7.37547779083], [11.5474100113, 6.89754724503, -17.1171665192, -24.2881164551, -7.21000480652, 6.37767124176, 10.819070816, 29.352355957, 49.6163024902, 33.9851493835, 1.1767989397, -1.45515370369, 11.9002809525], [-98.9298171997, -59.1034965515, 38.3643569946, 13.7770576477, -4.24335336685, 41.3168106079, 34.4622344971, -1.74179542065, 33.9851493835, 66.2833709717, 22.1872596741, -0.582744300365, 28.9365844727], [5.36566352844, 6.00873994827, 23.5201663971, 43.4565124512, 24.2635307312, -5.64618062973, -0.61351776123, 8.59164047241, 1.1767989397, 22.1872596741, 58.3257293701, 38.4845962524, -11.2364549637], [36.4034576416, 33.5695648193, 15.347243309, 26.0507888794, 20.7103824615, -3.79316473007, 0.158777862787, 13.0940141678, -1.45515370369, -0.582744300365, 38.4845962524, 51.2871856689, 16.683763504], [-106.536361694, -51.1651000977, 53.3952598572, 8.23384857178, -8.89077568054, 60.5158653259, 52.0425224304, -7.37547779083, 11.9002809525, 28.9365844727, -11.2364549637, 16.683763504, 90.5433883667]],
