{
"lowlevel": {
    "average_loudness": 0.978342890739,
    "barkbands_crest": {
        "dmean": 2.77328968048,
        "dmean2": 4.19331693649,
        "dvar": 6.82759237289,
        "dvar2": 15.8385486603,
        "max": 23.6185531616,
        "mean": 11.8771343231,
        "median": 11.4902029037,
        "min": 2.99352788925,
        "var": 17.9341812134
    },
    "barkbands_flatness_db": {
        "dmean": 0.0387277044356,
        "dmean2": 0.0556282736361,
        "dvar": 0.00190691836178,
        "dvar2": 0.00435280427337,
        "max": 0.420759737492,
        "mean": 0.192961350083,
        "median": 0.191783607006,
        "min": 0.0172758530825,
        "var": 0.00565560813993
    },
    "barkbands_kurtosis": {
        "dmean": 3.56328082085,
        "dmean2": 5.20960617065,
        "dvar": 25.5933227539,
        "dvar2": 56.5706481934,
        "max": 61.2751541138,
        "mean": 4.80726099014,
        "median": 2.84347248077,
        "min": -1.81287992001,
        "var": 49.6944694519
    },
    "barkbands_skewness": {
        "dmean": 0.693808794022,
        "dmean2": 1.00352370739,
        "dvar": 0.501378118992,
        "dvar2": 1.06381499767,
        "max": 6.76726531982,
        "mean": 1.36779284477,
        "median": 1.25988090038,
        "min": -2.26618361473,
        "var": 1.30853152275
    },
    "barkbands_spread": {
        "dmean": 7.68470430374,
        "dmean2": 10.8789434433,
        "dvar": 123.35408783,
        "dvar2": 251.918060303,
        "max": 98.0193939209,
        "mean": 20.3408718109,
        "median": 12.8041601181,
        "min": 0.953619599342,
        "var": 356.946258545
    },
    "dissonance": {
        "dmean": 0.0323296226561,
        "dmean2": 0.053283508867,
        "dvar": 0.000985210295767,
        "dvar2": 0.00247663841583,
        "max": 0.499921917915,
        "mean": 0.426687151194,
        "median": 0.436570972204,
        "min": 0,
        "var": 0.00216465000995
    },
    "dynamic_complexity": 1.38077998161,
    "erbbands_crest": {
        "dmean": 2.71278166771,
        "dmean2": 4.04787492752,
        "dvar": 6.62157869339,
        "dvar2": 13.6902723312,
        "max": 25.6550388336,
        "mean": 12.3193664551,
        "median": 11.7224340439,
        "min": 2.75542736053,
        "var": 21.2687282562
    },
    "erbbands_flatness_db": {
        "dmean": 0.039556324482,
        "dmean2": 0.053090877831,
        "dvar": 0.00204670405947,
        "dvar2": 0.0041475770995,
        "max": 0.450922429562,
        "mean": 0.204452097416,
        "median": 0.198490694165,
        "min": 0.053275205195,
        "var": 0.00661933794618
    },
    "erbbands_kurtosis": {
        "dmean": 2.91442227364,
        "dmean2": 4.15099430084,
        "dvar": 16.2601642609,
        "dvar2": 29.9563694,
        "max": 57.3909225464,
        "mean": 4.70844841003,
        "median": 2.89677095413,
        "min": -1.84165215492,
        "var": 44.3739929199
    },
    "erbbands_skewness": {
        "dmean": 0.566567718983,
        "dmean2": 0.791318237782,
        "dvar": 0.335068523884,
        "dvar2": 0.66502982378,
        "max": 5.65283489227,
        "mean": 1.03359174728,
        "median": 0.994364976883,
        "min": -3.00169467926,
        "var": 1.06811237335
    },
    "erbbands_spread": {
        "dmean": 10.9900140762,
        "dmean2": 15.2494049072,
        "dvar": 194.134078979,
        "dvar2": 363.00668335,
        "max": 133.636123657,
        "mean": 30.5006408691,
        "median": 20.9269065857,
        "min": 1.6239913702,
        "var": 660.583068848
    },
    "hfc": {
        "dmean": 21.9621009827,
        "dmean2": 32.6541023254,
        "dvar": 1215.50610352,
        "dvar2": 2769.80566406,
        "max": 271.898406982,
        "mean": 45.9984397888,
        "median": 30.2137126923,
        "min": 1.09885590865e-16,
        "var": 2007.4284668
    },
    "melbands_crest": {
        "dmean": 3.44186234474,
        "dmean2": 5.22433280945,
        "dvar": 12.3684492111,
        "dvar2": 23.3268013,
        "max": 35.1476821899,
        "mean": 16.0246887207,
        "median": 14.9606370926,
        "min": 1.85385012627,
        "var": 35.15782547
    },
    "melbands_flatness_db": {
        "dmean": 0.0389335975051,
        "dmean2": 0.0525459200144,
        "dvar": 0.00192837766372,
        "dvar2": 0.00423158379272,
        "max": 0.503797888756,
        "mean": 0.260119080544,
        "median": 0.2664501369,
        "min": 0.00680121500045,
        "var": 0.00798774696887
    },
    "melbands_kurtosis": {
        "dmean": 6.17340278625,
        "dmean2": 9.14098358154,
        "dvar": 128.784561157,
        "dvar2": 266.635467529,
        "max": 223.067260742,
        "mean": 9.77428245544,
        "median": 5.99280261993,
        "min": -1.6207921505,
        "var": 203.614547729
    },
    "melbands_skewness": {
        "dmean": 0.802188336849,
        "dmean2": 1.13757801056,
        "dvar": 0.823430657387,
        "dvar2": 1.62184655666,
        "max": 13.1349725723,
        "mean": 1.95384311676,
        "median": 1.83885133266,
        "min": -1.78123939037,
        "var": 2.30236172676
    },
    "melbands_spread": {
        "dmean": 7.73241329193,
        "dmean2": 11.053609848,
        "dvar": 167.447860718,
        "dvar2": 323.191131592,
        "max": 187.868362427,
        "mean": 20.0074863434,
        "median": 14.0064525604,
        "min": 1.470520854,
        "var": 437.444091797
    },
    "pitch_salience": {
        "dmean": 0.0741964578629,
        "dmean2": 0.118072919548,
        "dvar": 0.00493646133691,
        "dvar2": 0.0121764969081,
        "max": 0.94071906805,
        "mean": 0.488811850548,
        "median": 0.489819824696,
        "min": 0.14124982059,
        "var": 0.0115871755406
    },
    "silence_rate_20dB": {
        "dmean": 0,
        "dmean2": 0,
        "dvar": 0,
        "dvar2": 0,
        "max": 1,
        "mean": 1,
        "median": 1,
        "min": 1,
        "var": 0
    },
    "silence_rate_30dB": {
        "dmean": 0.0917525738478,
        "dmean2": 0.183599799871,
        "dvar": 0.0833340063691,
        "dvar2": 0.1715528965,
        "max": 1,
        "mean": 0.90159714222,
        "median": 1,
        "min": 0,
        "var": 0.0887208506465
    },
    "silence_rate_60dB": {
        "dmean": 0.00360824749805,
        "dmean2": 0.00722021656111,
        "dvar": 0.00359512283467,
        "dvar2": 0.0102620348334,
        "max": 1,
        "mean": 0.00257599167526,
        "median": 0,
        "min": 0,
        "var": 0.00256939581595
    },
    "spectral_centroid": {
        "dmean": 240.92376709,
        "dmean2": 341.695709229,
        "dvar": 165986.90625,
        "dvar2": 266923.8125,
        "max": 11256.2685547,
        "mean": 1092.08520508,
        "median": 841.910766602,
        "min": 350.869537354,
        "var": 455714.90625
    },
    "spectral_complexity": {
        "dmean": 3.93608236313,
        "dmean2": 6.21763801575,
        "dvar": 33.5454978943,
        "dvar2": 73.6179885864,
        "max": 50,
        "mean": 14.9680576324,
        "median": 14,
        "min": 0,
        "var": 55.7577476501
    },
    "spectral_decrease": {
        "dmean": 4.47661596681e-09,
        "dmean2": 6.56591003789e-09,
        "dvar": 4.18253123389e-17,
        "dvar2": 8.54049159384e-17,
        "max": -1.59209285895e-28,
        "mean": -1.38932589877e-08,
        "median": -1.20688508076e-08,
        "min": -7.26303071019e-08,
        "var": 9.89232044346e-17
    },
    "spectral_energy": {
        "dmean": 0.0182830654085,
        "dmean2": 0.0267898607999,
        "dvar": 0.00061761168763,
        "dvar2": 0.00127026636619,
        "max": 0.276279330254,
        "mean": 0.0566085651517,
        "median": 0.0508092083037,
        "min": 1.05678341316e-20,
        "var": 0.00142052187584
    },
    "spectral_energyband_high": {
        "dmean": 0.00194151594769,
        "dmean2": 0.00284471409395,
        "dvar": 1.33612320496e-05,
        "dvar2": 3.02370426652e-05,
        "max": 0.0388281755149,
        "mean": 0.00276551255956,
        "median": 0.000577609287575,
        "min": 7.39428058671e-21,
        "var": 2.36447540374e-05
    },
    "spectral_energyband_low": {
        "dmean": 0.0122118694708,
        "dmean2": 0.0171172097325,
        "dvar": 0.000643047096673,
        "dvar2": 0.00130047008861,
        "max": 0.259421646595,
        "mean": 0.0238362755626,
        "median": 0.00725799286738,
        "min": 3.40270986282e-23,
        "var": 0.0012432038784
    },
    "spectral_energyband_middle_high": {
        "dmean": 0.00351107888855,
        "dmean2": 0.00529898330569,
        "dvar": 2.73100395134e-05,
        "dvar2": 5.71734417463e-05,
        "max": 0.0698975920677,
        "mean": 0.0091889128089,
        "median": 0.00646442640573,
        "min": 2.15297059261e-21,
        "var": 7.83314026194e-05
    },
    "spectral_energyband_middle_low": {
        "dmean": 0.006890068762,
        "dmean2": 0.0106929130852,
        "dvar": 5.60604239581e-05,
        "dvar2": 0.000130502536194,
        "max": 0.0792474001646,
        "mean": 0.0214388854802,
        "median": 0.0196370091289,
        "min": 2.22983235246e-22,
        "var": 0.000164422759553
    },
    "spectral_entropy": {
        "dmean": 0.3646889925,
        "dmean2": 0.481720507145,
        "dvar": 0.188098743558,
        "dvar2": 0.375985324383,
        "max": 9.7952671051,
        "mean": 7.13478565216,
        "median": 7.08706235886,
        "min": 4.6729850769,
        "var": 0.685539960861
    },
    "spectral_flux": {
        "dmean": 0.0478744804859,
        "dmean2": 0.0759748071432,
        "dvar": 0.00265667657368,
        "dvar2": 0.00608607754111,
        "max": 0.450038135052,
        "mean": 0.109339237213,
        "median": 0.0908143520355,
        "min": 1.02799969925e-10,
        "var": 0.00418446725234
    },
    "spectral_kurtosis": {
        "dmean": 4.08471632004,
        "dmean2": 6.10468530655,
        "dvar": 45.1785621643,
        "dvar2": 101.761482239,
        "max": 75.8046417236,
        "mean": 7.87394762039,
        "median": 4.84395456314,
        "min": -1.40694737434,
        "var": 112.020256042
    },
    "spectral_rms": {
        "dmean": 0.00117281929124,
        "dmean2": 0.00167629157659,
        "dvar": 1.83233760254e-06,
        "dvar2": 3.62053128811e-06,
        "max": 0.0164176989347,
        "mean": 0.00702412193641,
        "median": 0.00704059377313,
        "min": 3.21093173751e-12,
        "var": 5.88948978475e-06
    },
    "spectral_rolloff": {
        "dmean": 890.0859375,
        "dmean2": 1479.77148438,
        "dvar": 3773236.25,
        "dvar2": 7660106.5,
        "max": 18023.2910156,
        "mean": 2069.63208008,
        "median": 839.794921875,
        "min": 64.599609375,
        "var": 8581097
    },
    "spectral_skewness": {
        "dmean": 0.467128127813,
        "dmean2": 0.647287130356,
        "dvar": 0.338189601898,
        "dvar2": 0.669969439507,
        "max": 7.46126031876,
        "mean": 2.06630825996,
        "median": 1.9036591053,
        "min": -0.143234550953,
        "var": 1.30152106285
    },
    "spectral_spread": {
        "dmean": 1260352.25,
        "dmean2": 1658474.125,
        "dvar": 2.4602256343e+12,
        "dvar2": 4.11937511834e+12,
        "max": 40070296,
        "mean": 5737598.5,
        "median": 4984419,
        "min": 990639,
        "var": 9.52612107059e+12
    },
    "spectral_strongpeak": {
        "dmean": 0.747504532337,
        "dmean2": 1.24439322948,
        "dvar": 1.0731613636,
        "dvar2": 2.45657110214,
        "max": 8.2691822052,
        "mean": 1.7212151289,
        "median": 1.0554548502,
        "min": 0,
        "var": 2.31505680084
    },
    "zerocrossingrate": {
        "dmean": 0.0189619250596,
        "dmean2": 0.020050002262,
        "dvar": 0.00067647267133,
        "dvar2": 0.000874780060258,
        "max": 0.49072265625,
        "mean": 0.0729325115681,
        "median": 0.04248046875,
        "min": 0.00634765625,
        "var": 0.00473188329488
    },
    "barkbands": {
        "dmean": [0.00122170255054, 0.010481223464, 0.0019758711569, 0.000976185838226, 0.0021025177557, 0.00194637023378, 0.00204350799322, 0.000955417694058, 0.00284317345358, 0.00260796491057, 0.000659167359117, 0.000711997388862, 0.000309943279717, 0.000156642476213, 0.000108555934276, 7.37915179343e-05, 8.00920533948e-05, 9.86288068816e-05, 8.74629186001e-05, 0.000147606231621, 0.000274075573543, 0.000237796615693, 0.000340662256349, 0.000421826960519, 0.000386609201087, 0.000369418150513, 0.000100185570773],
        "dmean2": [0.00175578473136, 0.0146676963195, 0.00344975944608, 0.00158623675816, 0.00314529030584, 0.00301662227139, 0.00301299453713, 0.00150891358498, 0.00404594046995, 0.00395927624777, 0.000996732502244, 0.00105151999742, 0.000476402521599, 0.000227801210713, 0.000163863733178, 0.000122318815556, 0.000125646081869, 0.00015917904966, 0.000136981310789, 0.000224500661716, 0.000427982333349, 0.000364243489457, 0.000518477230798, 0.00060393702006, 0.000545033020899, 0.000582677603234, 0.00017156888498],
        "dvar": [1.0138000107e-05, 0.000518497021403, 2.30650748563e-05, 3.57914677807e-06, 1.09521215563e-05, 1.65665660461e-05, 1.43830866364e-05, 7.12339488018e-06, 1.63832701219e-05, 2.38936772803e-05, 2.43925387622e-06, 2.36927689912e-06, 5.94848017954e-07, 6.42009752028e-08, 5.87835593535e-08, 2.45567690627e-08, 2.29825971587e-08, 3.95295209898e-08, 2.94308470927e-08, 1.963014995e-07, 5.34591606538e-07, 2.54135215982e-07, 6.3851740606e-07, 6.41027611437e-07, 5.25585164723e-07, 5.87819272369e-07, 4.91818283876e-08],
        "dvar2": [1.97013469005e-05, 0.00111199333332, 6.5284948505e-05, 8.89315742825e-06, 2.37445619859e-05, 3.43498832081e-05, 3.25174405589e-05, 1.72516574821e-05, 3.07258997054e-05, 4.886890747e-05, 5.15980673299e-06, 4.9570221563e-06, 1.35045922889e-06, 1.32215802751e-07, 1.16199522893e-07, 6.1794636963e-08, 5.08956752299e-08, 1.00145285842e-07, 7.04988991629e-08, 4.45637908797e-07, 1.34981576139e-06, 5.97401879077e-07, 1.42169437822e-06, 1.45577371313e-06, 1.14474221391e-06, 1.47906212078e-06, 1.32250264073e-07],
        "max": [0.03244003281, 0.239016264677, 0.048093251884, 0.0175022482872, 0.0333597101271, 0.0555354058743, 0.048904273659, 0.0526670366526, 0.0656172782183, 0.0714795067906, 0.0429880395532, 0.0192984677851, 0.0145661365241, 0.00395968556404, 0.00300637586042, 0.00187475956045, 0.00255394098349, 0.00188357371371, 0.00230805948377, 0.0124199138954, 0.0172359347343, 0.00560801289976, 0.0193226523697, 0.0102700851858, 0.00845679454505, 0.00669678859413, 0.00189410883468],
        "mean": [0.00146753480658, 0.0191996097565, 0.00280821672641, 0.00114508077968, 0.00316669652238, 0.00341368000954, 0.00446097459644, 0.00163752632216, 0.00711607839912, 0.00528392242268, 0.00132506527007, 0.00126030482352, 0.000529826269485, 0.000305615976686, 0.000123951904243, 9.76093215286e-05, 0.000133917157655, 0.000141898359288, 0.000120261553093, 0.000198972469661, 0.000418613140937, 0.000302944186842, 0.000391654262785, 0.000519297667779, 0.000532129895873, 0.00041964976117, 8.75486948644e-05],
        "median": [2.59941207332e-05, 0.00202897237614, 0.00079545180779, 0.000320621184073, 0.00105019425973, 0.00157774926629, 0.00223887013271, 0.000467341305921, 0.00453808251768, 0.00245265988633, 0.000372566777514, 0.000510676763952, 0.000164594079251, 9.94347283267e-05, 2.23227925744e-05, 2.9365901355e-05, 4.21071636083e-05, 4.24173013016e-05, 4.34924659203e-05, 5.04905947309e-05, 0.000126950239064, 5.64427682548e-05, 4.41546653747e-05, 4.17069277319e-05, 3.78767581424e-05, 2.16554381041e-05, 1.02253227396e-06],
        "min": [2.96277223339e-23, 1.46488945745e-23, 5.35118628018e-24, 4.19438368825e-24, 5.53790074232e-23, 2.33195219524e-23, 3.43202645841e-23, 4.08547276282e-23, 5.11888117974e-23, 1.29240975369e-22, 5.46083218732e-23, 1.15193987976e-22, 1.29777211457e-22, 1.4466921403e-22, 2.36260206043e-22, 2.7318475291e-22, 1.90439617949e-22, 2.64682145017e-22, 4.70332250774e-22, 4.66048723437e-22, 2.58646589163e-22, 4.5316588017e-22, 6.17452108538e-22, 8.89082035537e-22, 1.16814876255e-21, 1.59371985911e-21, 2.22513503286e-21],
        "var": [1.34780702865e-05, 0.000944998406339, 2.29345860134e-05, 4.4382923079e-06, 2.23443657887e-05, 3.50454283762e-05, 3.58736215276e-05, 1.20303539006e-05, 5.83297915e-05, 6.20105420239e-05, 7.15364831194e-06, 4.96674056194e-06, 1.29354464207e-06, 2.43629898478e-07, 7.79305651122e-08, 3.75320112767e-08, 6.46933173698e-08, 6.345756276e-08, 4.36612666022e-08, 3.48803808947e-07, 9.01506837181e-07, 3.55629026672e-07, 9.03776424366e-07, 1.08353935957e-06, 1.1856210449e-06, 7.61876037814e-07, 4.44649614906e-08]
    },
    "erbbands": {
        "dmean": [0.489806085825, 1.91403317451, 2.53368330002, 2.45256876945, 6.60752296448, 6.54100131989, 7.07344102859, 21.669462204, 33.0116920471, 17.6834754944, 27.5015850067, 38.8638076782, 95.9671707153, 50.7094764709, 15.129611969, 21.3682136536, 15.9820756912, 8.30093860626, 6.44405794144, 5.08830738068, 4.02281093597, 4.93286800385, 4.80219888687, 4.54889011383, 5.542345047, 6.61595058441, 10.1942596436, 10.6865873337, 8.47744655609, 8.90709018707, 10.1494131088, 8.53350925446, 6.92166852951, 4.20471572876, 2.9130563736, 1.60107040405, 0.700558781624, 0.223139539361, 0.00978393387049, 0.000184198550414],
        "dmean2": [0.669406116009, 2.94170928001, 4.41014909744, 4.15189123154, 9.94900226593, 10.084359169, 10.3410701752, 33.3470420837, 48.533870697, 26.2994422913, 41.2008018494, 58.2841758728, 140.683700562, 76.458694458, 22.3234882355, 31.9858322144, 23.8502845764, 11.8920984268, 9.2278547287, 8.02690124512, 6.41850614548, 7.72897672653, 7.72851371765, 7.09802055359, 8.4939622879, 10.0715341568, 15.8923416138, 16.5576629639, 12.8952636719, 14.7975158691, 15.1490926743, 11.8755970001, 10.2352247238, 6.08320808411, 4.19785690308, 2.40114688873, 1.18906950951, 0.370505183935, 0.0168842542917, 0.000302054948406],
        "dvar": [1.2221814394, 20.0053272247, 40.2448921204, 23.4307575226, 122.59576416, 128.215576172, 338.334136963, 2378.77734375, 3944.26953125, 1919.97827148, 4391.95263672, 2939.3972168, 17821.515625, 7713.51025391, 796.651306152, 2025.69750977, 1442.45080566, 151.765228271, 123.885566711, 155.401229858, 57.1321411133, 91.4244613647, 92.3260116577, 73.3128738403, 114.6537323, 371.303894043, 1080.7322998, 704.006408691, 328.356384277, 414.761627197, 674.198059082, 263.24432373, 188.241973877, 61.9443588257, 32.0752449036, 11.1952571869, 2.32390522957, 0.222008362412, 0.000470623956062, 1.34535227403e-07],
        "dvar2": [2.4321975708, 51.787940979, 114.534004211, 62.2064476013, 256.757415771, 320.895782471, 607.015625, 5004.99169922, 8958.69335938, 4261.69628906, 10340.4472656, 6088.0234375, 36215.2890625, 16296.0537109, 1670.765625, 4313.12353516, 3270.47851562, 352.714813232, 244.92565918, 368.866149902, 129.249847412, 195.66494751, 232.943756104, 178.839141846, 259.560974121, 863.429748535, 2685.44482422, 1774.79272461, 753.055725098, 1090.08154297, 1410.73083496, 550.148925781, 453.422698975, 136.639862061, 73.4569854736, 26.8584957123, 6.20865821838, 0.562578260899, 0.00126437970903, 3.50809102656e-07],
        "max": [11.9963712692, 41.0714073181, 63.2415390015, 48.5440177917, 105.361061096, 99.0792694092, 332.043548584, 678.855529785, 928.127502441, 607.628417969, 867.569885254, 768.155090332, 1909.27209473, 2024.18225098, 405.461517334, 690.582275391, 704.948974609, 193.074234009, 162.406784058, 144.097335815, 128.606063843, 167.969436646, 106.915390015, 86.5721206665, 173.346923828, 505.834625244, 716.836608887, 669.955932617, 226.290161133, 202.591705322, 730.571655273, 161.119491577, 208.986221313, 105.774673462, 65.1396255493, 34.5027008057, 12.4207315445, 4.04776144028, 0.221797093749, 0.00350477686152],
        "mean": [0.823149085045, 3.21834373474, 3.77730417252, 3.18994188309, 9.39149570465, 8.91098594666, 9.93411922455, 39.2829551697, 71.4875564575, 37.7599754333, 54.6151847839, 95.6114044189, 234.157577515, 119.704299927, 31.2897548676, 38.4738883972, 30.0573120117, 16.7439613342, 10.5174207687, 5.62192773819, 6.30850601196, 8.81881046295, 7.24613380432, 6.62460041046, 8.0420589447, 8.99067020416, 16.025302887, 14.5450305939, 11.4418811798, 9.25265789032, 12.2066287994, 10.7972393036, 8.37922096252, 5.86654901505, 3.78992128372, 2.00334668159, 0.689747154713, 0.217201352119, 0.00896668247879, 0.000235718907788],
        "median": [0.0341909937561, 0.604878008366, 1.3046849966, 1.46205723286, 2.95861554146, 2.78622841835, 2.58104610443, 19.8464012146, 37.1504707336, 16.2528152466, 18.4372329712, 64.793800354, 175.968307495, 69.2525863647, 17.8172264099, 17.4965763092, 12.5845069885, 7.61309289932, 3.42964911461, 1.42761445045, 2.35966324806, 3.00789904594, 2.45259237289, 2.18522310257, 2.65439343452, 2.65836381912, 4.23138141632, 3.71255373955, 2.43447256088, 1.40662229061, 1.28392159939, 0.863999128342, 0.705247163773, 0.456616401672, 0.235261067748, 0.110612586141, 0.0348399206996, 0.00530709000304, 0.000194853928406, 8.81640589796e-05],
        "min": [6.91773357613e-22, 2.52232672901e-21, 4.85172165808e-21, 1.42694811052e-20, 3.57490981757e-20, 1.8279856602e-19, 3.46505389912e-19, 2.20319737099e-19, 4.21349105326e-19, 6.43553547601e-19, 1.21565616447e-18, 1.05117078267e-18, 2.03802310284e-18, 3.8841775267e-18, 3.17110420491e-18, 4.93669495942e-18, 6.33687681717e-18, 7.07668730471e-18, 1.21908406297e-17, 1.06097237663e-17, 1.64650499452e-17, 1.20919966824e-17, 1.47515717761e-17, 1.52995805863e-17, 2.54232654323e-17, 2.41432563739e-17, 1.4090120108e-17, 1.07894113835e-17, 1.3929797616e-17, 2.18875910918e-17, 1.61214589711e-17, 1.71343796815e-17, 1.53746009047e-17, 1.23860279573e-17, 9.61504404274e-18, 6.04539036343e-18, 2.53531354056e-18, 1.31145029685e-18, 3.37530118374e-19, 3.17116974605e-20],
        "var": [2.20763611794, 26.4128417969, 38.0077667236, 23.0435028076, 245.367477417, 188.468811035, 660.552856445, 4681.02490234, 9223.70019531, 4284.76074219, 8120.7890625, 9107.71191406, 47582.109375, 23224.9882812, 1843.45983887, 4169.13916016, 3166.30444336, 553.930725098, 327.633239746, 158.719528198, 134.539001465, 283.902893066, 160.167327881, 112.069023132, 226.281646729, 638.408081055, 1843.08312988, 1124.59973145, 512.291687012, 406.794647217, 1041.89587402, 475.56930542, 295.491394043, 143.364135742, 63.5492630005, 17.1940460205, 2.3442735672, 0.239928036928, 0.00043039576849, 1.41108387197e-07]
    },
    "gfcc": {
        "mean": [11.7882204056, 77.4564056396, -97.9408187866, -6.62618160248, -83.4522094727, 13.2925167084, -17.5833053589, 18.3019294739, -22.0049209595, 8.16460800171, -14.9605884552, 7.09193944931, -3.80621147156],
        "cov": [[6239.63525391, -1608.25439453, 1167.62597656, 1286.00305176, 550.971923828, 520.145080566, -451.304901123, 129.138000488, -176.162399292, 28.2222251892, -294.20993042, 9.59440803528, -376.757598877], [-1608.25439453, 4361.79785156, -215.141372681, 296.276000977, 843.721679688, 27.0282154083, 809.56427002, -393.555480957, -87.9273452759, -232.196975708, 110.076057434, -492.404998779, 79.7213516235], [1167.62597656, -215.141372681, 1172.71765137, 479.925964355, 354.113525391, 305.428070068, -10.6212444305, 198.217575073, 59.5091056824, 65.6723480225, -17.2205142975, 52.6611595154, -52.7951812744], [1286.00305176, 296.276000977, 479.925964355, 1047.03845215, 506.411621094, 144.071228027, 155.013870239, 88.7252578735, 14.1728544235, 17.1848716736, -36.1720619202, -52.7622795105, 0.916925132275], [550.971923828, 843.721679688, 354.113525391, 506.411621094, 661.973571777, 226.258743286, 239.008499146, -36.7847862244, -16.4157104492, -17.8062210083, -3.82536005974, -107.447746277, -33.7126197815], [520.145080566, 27.0282154083, 305.428070068, 144.071228027, 226.258743286, 381.721130371, 48.5034561157, 56.563835144, 54.8721847534, 76.6791152954, 43.2872581482, 40.8124847412, -15.7863616943], [-451.304901123, 809.56427002, -10.6212444305, 155.013870239, 239.008499146, 48.5034561157, 390.850769043, 74.2690811157, 55.6619911194, 5.27870845795, 70.6659164429, -60.2872276306, 55.0240783691], [129.138000488, -393.555480957, 198.217575073, 88.7252578735, -36.7847862244, 56.563835144, 74.2690811157, 302.620697021, 146.539642334, 109.241737366, 47.8087768555, 75.4994659424, 19.3840122223], [-176.162399292, -87.9273452759, 59.5091056824, 14.1728544235, -16.4157104492, 54.8721847534, 55.6619911194, 146.539642334, 223.819641113, 147.243972778, 53.2365837097, 75.8310546875, 69.4995269775], [28.2222251892, -232.196975708, 65.6723480225, 17.1848716736, -17.8062210083, 76.6791152954, 5.27870845795, 109.241737366, 147.243972778, 202.295059204, 78.1560974121, 81.8627700806, 45.744304657], [-294.20993042, 110.076057434, -17.2205142975, -36.1720619202, -3.82536005974, 43.2872581482, 70.6659164429, 47.8087768555, 53.2365837097, 78.1560974121, 154.628005981, 48.3584785461, 22.613658905], [9.59440803528, -492.404998779, 52.6611595154, -52.7622795105, -107.447746277, 40.8124847412, -60.2872276306, 75.4994659424, 75.8310546875, 81.8627700806, 48.3584785461, 193.503997803, 83.0551681519], [-376.757598877, 79.7213516235, -52.7951812744, 0.916925132275, -33.7126197815, -15.7863616943, 55.0240783691, 19.3840122223, 69.4995269775, 45.744304657, 22.613658905, 83.0551681519, 189.594451904]],
        "icov": [[0.000434879213572, 4.86116732645e-05, -2.21920454351e-05, -0.000489893078338, -5.683188283e-05, -0.000399953627493, 0.000398753822083, -0.000175592373125, 0.000483924464788, -0.000378737022402, 0.000668034888804, -0.000252493919106, 0.000643667706754], [4.86116732645e-05, 0.000988232903183, -0.000178355476237, 8.5629762907e-05, -0.000459686358226, 3.53085197276e-05, -0.00129653571639, 0.00149650732055, -0.000941284757573, 0.000849173695315, -0.00110400491394, 0.00196915119886, -0.000815315754153], [-2.21920454351e-05, -0.000178355476237, 0.00166189356241, -0.000274825986708, -0.000780089991167, -0.000655596610159, 0.00109735876322, -0.00158268469386, 0.000347786728526, 0.000123555684695, 0.000357992888894, -0.000701863027643, 0.00025250625913], [-0.000489893078338, 8.5629762907e-05, -0.000274825986708, 0.00239508901723, -0.00156191794667, 0.000937199569307, -0.000368363660527, -0.000447732192697, -0.00019978020282, 0.000181099487236, -0.000492224527989, 0.000668886932544, -0.00134940596763], [-5.683188283e-05, -0.000459686358226, -0.000780089991167, -0.00156191794667, 0.0053325491026, -0.00177989888471, -0.00223949062638, 0.00189728382975, 4.61476738565e-05, -0.000632846727967, 0.000959235418122, 4.32205924881e-05, 0.00112908123992], [-0.000399953627493, 3.53085197276e-05, -0.000655596610159, 0.000937199569307, -0.00177989888471, 0.00484093418345, -0.000332004594384, 0.000263442023424, -0.000597132602707, -0.00066745915683, -0.00115567352623, -0.000896737445146, 6.98905205354e-05], [0.000398753822083, -0.00129653571639, 0.00109735876322, -0.000368363660527, -0.00223949062638, -0.000332004594384, 0.00837940070778, -0.00513450941071, 0.000932373572141, 0.000602252373938, -0.000889364338946, -0.000266973424004, -0.000951912603341], [-0.000175592373125, 0.00149650732055, -0.00158268469386, -0.000447732192697, 0.00189728382975, 0.000263442023424, -0.00513450941071, 0.00998572353274, -0.00502397213131, 0.000642410072032, -0.00158959045075, 0.00143978605047, 0.00065726833418], [0.000483924464788, -0.000941284757573, 0.000347786728526, -0.00019978020282, 4.61476738565e-05, -0.000597132602707, 0.000932373572141, -0.00502397213131, 0.0130893690512, -0.00798114109784, 0.00326750730164, -0.00252060755156, -0.000501258065924], [-0.000378737022402, 0.000849173695315, 0.000123555684695, 0.000181099487236, -0.000632846727967, -0.00066745915683, 0.000602252373938, 0.000642410072032, -0.00798114109784, 0.0136385131627, -0.00593403819948, 0.00154279905837, -0.00181777821854], [0.000668034888804, -0.00110400491394, 0.000357992888894, -0.000492224527989, 0.000959235418122, -0.00115567352623, -0.000889364338946, -0.00158959045075, 0.00326750730164, -0.00593403819948, 0.0127498572692, -0.00539913075045, 0.00346718053333], [-0.000252493919106, 0.00196915119886, -0.000701863027643, 0.000668886932544, 4.32205924881e-05, -0.000896737445146, -0.000266973424004, 0.00143978605047, -0.00252060755156, 0.00154279905837, -0.00539913075045, 0.0148018021137, -0.00695360032842], [0.000643667706754, -0.000815315754153, 0.00025250625913, -0.00134940596763, 0.00112908123992, 6.98905205354e-05, -0.000951912603341, 0.00065726833418, -0.000501258065924, -0.00181777821854, 0.00346718053333, -0.00695360032842, 0.0106437476352]]
    },
    "melbands": {
        "dmean": [0.00344645697623, 0.00168019672856, 0.00053647957975, 0.000484573276481, 0.000249072531005, 0.000477771100122, 0.000461289659142, 0.000186036064406, 0.000251085788477, 0.000325673172483, 0.000510808720719, 0.000246525887633, 5.73338693357e-05, 7.01908720657e-05, 5.51603552594e-05, 3.52469614882e-05, 1.33016674226e-05, 1.22672499856e-05, 8.68183724378e-06, 5.73066927245e-06, 4.34640014646e-06, 5.91412981521e-06, 3.09978850055e-06, 5.6330886764e-06, 3.6064170672e-06, 3.76502862309e-06, 4.86188218929e-06, 4.30813179264e-06, 6.59652005197e-06, 6.78917422192e-06, 6.1641967477e-06, 5.27263364347e-06, 4.21701543019e-06, 5.36150400876e-06, 6.1969417402e-06, 5.59164891456e-06, 5.13451868756e-06, 4.99074940308e-06, 4.40623307441e-06, 3.49453489434e-06],
        "dmean2": [0.00475824391469, 0.00279622687958, 0.000874736055266, 0.000740366987884, 0.000363437866326, 0.000733092369046, 0.000674927548971, 0.000280247477349, 0.000372505455744, 0.000472382031148, 0.000747347716242, 0.000368313048966, 8.53793972055e-05, 0.000103656973806, 8.37618135847e-05, 5.19402383361e-05, 1.93137220776e-05, 1.80607567017e-05, 1.34463816721e-05, 9.55429459282e-06, 6.95368271408e-06, 9.40829522733e-06, 4.96546454087e-06, 9.13346411835e-06, 5.69811527384e-06, 5.89029423281e-06, 7.4407480497e-06, 6.62170896248e-06, 1.03979300548e-05, 1.08195454231e-05, 9.81489938567e-06, 8.09254106571e-06, 6.56170095681e-06, 9.14645443117e-06, 9.46637919697e-06, 8.04993760539e-06, 7.18189266991e-06, 7.62182889957e-06, 6.37573157292e-06, 5.27123802385e-06],
        "dvar": [5.7521963754e-05, 1.64252160175e-05, 9.09358846002e-07, 5.9809508457e-07, 3.32746253662e-07, 9.89923364614e-07, 7.03992441231e-07, 2.33460582422e-07, 3.5829287981e-07, 2.16648132323e-07, 5.18278739037e-07, 1.76067388225e-07, 1.18389236192e-08, 3.02018321463e-08, 2.44783855408e-08, 9.54053902547e-09, 4.26013918586e-10, 4.82267836777e-10, 3.94631605172e-10, 2.16495529837e-10, 6.83113426936e-11, 1.39163375268e-10, 4.39889513704e-11, 1.406064154e-10, 4.80453211937e-11, 5.14680589814e-11, 1.10897659111e-10, 1.86293147575e-10, 4.86366891206e-10, 3.39485578538e-10, 2.32942609646e-10, 1.17616028028e-10, 9.45364134197e-11, 1.52334492243e-10, 2.62105309679e-10, 1.40731107323e-10, 9.37496261177e-11, 1.02112901468e-10, 7.23735030239e-11, 4.51164210158e-11],
        "dvar2": [0.000115677168651, 4.54552646261e-05, 2.30507544074e-06, 1.33587514028e-06, 6.00109160587e-07, 2.09868539969e-06, 1.60101035362e-06, 5.27554618657e-07, 8.2193975004e-07, 4.17583407852e-07, 1.04773505427e-06, 3.58939729495e-07, 2.5000970183e-08, 6.4093306662e-08, 5.05388477734e-08, 2.05876844461e-08, 9.19704590263e-10, 1.00237429468e-09, 8.757557457e-10, 5.70173686043e-10, 1.48545190037e-10, 2.90185264706e-10, 1.11328397889e-10, 3.6527486591e-10, 1.20223636602e-10, 1.24214666331e-10, 2.48211007303e-10, 4.34099478586e-10, 1.17300746894e-09, 8.5397044991e-10, 5.99241101185e-10, 2.64287480789e-10, 2.34219726947e-10, 4.10901673797e-10, 5.48432355085e-10, 3.01329516894e-10, 1.93471280663e-10, 2.53432136388e-10, 1.61467159088e-10, 1.03343576752e-10],
        "max": [0.0829695761204, 0.039755705744, 0.0079229073599, 0.00678610568866, 0.00962868705392, 0.0134164504707, 0.0119239464402, 0.00816165097058, 0.00784823764116, 0.00735992472619, 0.0103677334264, 0.00793108809739, 0.00282365339808, 0.00267032207921, 0.00298241153359, 0.00179537653457, 0.000355302618118, 0.000374348193873, 0.000241992165684, 0.000153783810674, 0.000154617038788, 0.000207295684959, 0.000103615609987, 0.000134085858008, 7.08915249561e-05, 8.64042303874e-05, 0.00019116421754, 0.000380738638341, 0.000485903059598, 0.000419607065851, 0.000373907998437, 0.00012300691742, 0.000115154667583, 0.000118718358863, 0.000464786658995, 0.000230610152357, 9.17795259738e-05, 0.000141219003126, 0.000114796428534, 8.94368204172e-05],
        "mean": [0.00618623429909, 0.00270087667741, 0.000760295661166, 0.000710725900717, 0.00033958061249, 0.000888598326128, 0.00101241713855, 0.000364338251529, 0.000489000522066, 0.000778916873969, 0.00124026206322, 0.000559428939596, 0.000118194373499, 0.000115984403237, 9.51509719016e-05, 6.3203908212e-05, 2.47416846832e-05, 1.88944504771e-05, 9.52115806285e-06, 5.90810213907e-06, 6.74541070111e-06, 1.0252058928e-05, 4.80328708363e-06, 7.84839903645e-06, 4.95282438351e-06, 5.15192641615e-06, 6.78371316098e-06, 5.18950810147e-06, 1.10946903078e-05, 8.82961012394e-06, 7.62946365285e-06, 7.01498174749e-06, 4.97908558827e-06, 5.14019802722e-06, 7.28947861717e-06, 6.71329280522e-06, 6.55777284919e-06, 5.70274187339e-06, 5.75941112402e-06, 4.76613968203e-06],
        "median": [0.000416564405896, 0.00101076404098, 0.000312206568196, 0.000256505096331, 7.97221728135e-05, 0.00047150120372, 0.000554691068828, 0.000109041859105, 0.000149870087625, 0.000506487966049, 0.000922554405406, 0.000304350134684, 5.49889628019e-05, 3.76844909624e-05, 2.82560667983e-05, 1.52973461809e-05, 9.30298210733e-06, 4.95805397804e-06, 1.86611316622e-06, 1.54798340191e-06, 2.15730983655e-06, 2.92740969599e-06, 1.61618663697e-06, 2.02037131203e-06, 1.51603649101e-06, 1.82321048214e-06, 1.64163827776e-06, 1.19501726203e-06, 2.31978037846e-06, 2.08223718801e-06, 1.64685945947e-06, 1.21801247133e-06, 6.47615479465e-07, 6.09687731412e-07, 7.23945902337e-07, 5.11853102125e-07, 5.07625202317e-07, 4.78552237837e-07, 4.48746220627e-07, 3.66220263004e-07],
        "min": [6.46445558305e-24, 2.90488207029e-24, 2.46076501635e-24, 6.96052681899e-24, 1.28385731818e-23, 4.62428014387e-24, 6.38587123182e-24, 6.86231442515e-24, 1.15866998346e-23, 5.74835565785e-24, 1.14534020631e-23, 1.70857821517e-23, 9.03340242015e-24, 1.41266670775e-23, 1.15992624445e-23, 1.29142612302e-23, 1.25288230031e-23, 2.02272960667e-23, 1.34218419468e-23, 1.50918257732e-23, 1.97612543989e-23, 1.17456876503e-23, 1.39491765293e-23, 1.20545945367e-23, 1.10140294159e-23, 1.99082365405e-23, 1.3073895123e-23, 1.80674485508e-23, 9.09220726746e-24, 7.39916503673e-24, 6.12219960185e-24, 7.49140338694e-24, 9.26044053297e-24, 1.30709116511e-23, 8.88863855543e-24, 9.34141552717e-24, 1.05184654175e-23, 1.17684596981e-23, 7.75443643401e-24, 1.18372957006e-23],
        "var": [0.00010845871293, 1.6110656361e-05, 1.19299943435e-06, 1.11907183964e-06, 7.2801128681e-07, 1.96016139853e-06, 1.63807487752e-06, 4.90754302973e-07, 6.8797237418e-07, 7.06597234057e-07, 1.39748453876e-06, 5.39658117304e-07, 3.39559314e-08, 6.14156761003e-08, 5.19452250103e-08, 2.2288835666e-08, 1.46234158116e-09, 1.31096422606e-09, 4.67925531655e-10, 1.82621459621e-10, 1.80055137466e-10, 4.60730842367e-10, 8.15118458841e-11, 2.17954737591e-10, 6.78041442437e-11, 7.69888250374e-11, 2.36807462528e-10, 3.11552283971e-10, 9.09997688314e-10, 5.84008175153e-10, 3.10325098951e-10, 2.0366004716e-10, 1.11251646784e-10, 1.37213629348e-10, 4.06241623674e-10, 2.17672019298e-10, 1.75223349719e-10, 1.41828562783e-10, 1.37019756652e-10, 9.97114474321e-11]
    },
    "mfcc": {
        "mean": [-646.874450684, 126.295715332, 23.1140861511, -7.74648237228, -29.998380661, -8.39081859589, 5.16751241684, 6.81470680237, 8.35455799103, 1.67818081379, 1.03329241276, 3.2857606411, -6.22453641891],
        "cov": [[5108.07275391, -1714.88183594, 680.453308105, 803.846313477, 1011.5022583, 504.787658691, 107.71736908, 83.7327194214, -88.1057357788, 153.224197388, 24.8648853302, -313.664794922, 43.6844673157], [-1714.88183594, 3622.29370117, -412.504180908, 335.404296875, -47.4948768616, 445.663543701, 612.62689209, 47.352016449, 86.0378875732, -51.2377929688, 35.1447296143, 99.6330032349, -132.75718689], [680.453308105, -412.504180908, 728.491027832, 200.193695068, 306.708709717, 85.4684066772, 10.4131011963, 97.1154022217, 63.9219551086, 191.598449707, 21.6341171265, -107.76675415, 94.3745956421], [803.846313477, 335.404296875, 200.193695068, 937.659179688, 360.164489746, 252.309539795, 282.308807373, 96.5203552246, 126.344017029, 145.645019531, 30.4037418365, -81.8422393799, 1.02091860771], [1011.5022583, -47.4948768616, 306.708709717, 360.164489746, 511.367828369, 310.582977295, 150.755889893, 82.3834152222, 44.9695243835, 110.057189941, 24.0603694916, -79.9457168579, 25.3186340332], [504.787658691, 445.663543701, 85.4684066772, 252.309539795, 310.582977295, 413.994873047, 226.661178589, 53.4047317505, 42.5697097778, 43.7704620361, 43.6974029541, -22.6282157898, -10.0034074783], [107.71736908, 612.62689209, 10.4131011963, 282.308807373, 150.755889893, 226.661178589, 377.454986572, 126.880088806, 29.7320728302, 54.1070632935, 53.8841018677, 14.8622226715, -2.29050135612], [83.7327194214, 47.352016449, 97.1154022217, 96.5203552246, 82.3834152222, 53.4047317505, 126.880088806, 167.345687866, 75.7863311768, 60.978313446, 35.6376304626, 15.8040361404, 48.0388679504], [-88.1057357788, 86.0378875732, 63.9219551086, 126.344017029, 44.9695243835, 42.5697097778, 29.7320728302, 75.7863311768, 215.934265137, 94.5556564331, 7.08773374557, 59.4551734924, 39.5951042175], [153.224197388, -51.2377929688, 191.598449707, 145.645019531, 110.057189941, 43.7704620361, 54.1070632935, 60.978313446, 94.5556564331, 239.188034058, 112.638397217, -17.714017868, 45.6734657288], [24.8648853302, 35.1447296143, 21.6341171265, 30.4037418365, 24.0603694916, 43.6974029541, 53.8841018677, 35.6376304626, 7.08773374557, 112.638397217, 190.849304199, 41.1619873047, 1.85112667084], [-313.664794922, 99.6330032349, -107.76675415, -81.8422393799, -79.9457168579, -22.6282157898, 14.8622226715, 15.8040361404, 59.4551734924, -17.714017868, 41.1619873047, 204.134674072, 59.2138290405], [43.6844673157, -132.75718689, 94.3745956421, 1.02091860771, 25.3186340332, -10.0034074783, -2.29050135612, 48.0388679504, 39.5951042175, 45.6734657288, 1.85112667084, 59.2138290405, 157.778518677]],
