{
"lowlevel": {
    "average_loudness": 0.906438589096,
    "barkbands_crest": {
        "dmean": 2.8846988678,
        "dmean2": 4.6660323143,
        "dvar": 6.22888994217,
        "dvar2": 15.3123369217,
        "max": 24.3788337708,
        "mean": 12.6580915451,
        "median": 12.167974472,
        "min": 3.15174531937,
        "var": 19.313873291
    },
    "barkbands_flatness_db": {
        "dmean": 0.0341014117002,
        "dmean2": 0.0486292392015,
        "dvar": 0.00104226660915,
        "dvar2": 0.00204264419153,
        "max": 0.427315890789,
        "mean": 0.220038756728,
        "median": 0.227235093713,
        "min": 0.0459049083292,
        "var": 0.0056788851507
    },
    "barkbands_kurtosis": {
        "dmean": 7.16218900681,
        "dmean2": 10.5628128052,
        "dvar": 161.58164978,
        "dvar2": 323.533508301,
        "max": 221.006713867,
        "mean": 12.448764801,
        "median": 7.44115829468,
        "min": -1.78642916679,
        "var": 343.452514648
    },
    "barkbands_skewness": {
        "dmean": 0.789373159409,
        "dmean2": 1.15116131306,
        "dvar": 0.664760649204,
        "dvar2": 1.28748786449,
        "max": 12.1889276505,
        "mean": 2.49352884293,
        "median": 2.23790192604,
        "min": -1.82364451885,
        "var": 2.3882958889
    },
    "barkbands_spread": {
        "dmean": 4.38007926941,
        "dmean2": 6.2698597908,
        "dvar": 40.4338035583,
        "dvar2": 71.6962127686,
        "max": 73.7747573853,
        "mean": 11.2860059738,
        "median": 6.80369281769,
        "min": 0.611317873001,
        "var": 138.529296875
    },
    "dissonance": {
        "dmean": 0.0258203204721,
        "dmean2": 0.0413444526494,
        "dvar": 0.00071965000825,
        "dvar2": 0.00162950472441,
        "max": 0.499971419573,
        "mean": 0.444618225098,
        "median": 0.4525205791,
        "min": 0,
        "var": 0.00156358862296
    },
    "dynamic_complexity": 2.20946145058,
    "erbbands_crest": {
        "dmean": 2.51344013214,
        "dmean2": 3.94020199776,
        "dvar": 5.81611347198,
        "dvar2": 12.239397049,
        "max": 25.760559082,
        "mean": 10.1501750946,
        "median": 9.00876903534,
        "min": 2.60129475594,
        "var": 20.8692455292
    },
    "erbbands_flatness_db": {
        "dmean": 0.027795786038,
        "dmean2": 0.0350900366902,
        "dvar": 0.00078990648035,
        "dvar2": 0.00134278961923,
        "max": 0.360236823559,
        "mean": 0.191947832704,
        "median": 0.192268326879,
        "min": 0.0585624910891,
        "var": 0.00383034930564
    },
    "erbbands_kurtosis": {
        "dmean": 1.50687563419,
        "dmean2": 2.28184914589,
        "dvar": 4.75159072876,
        "dvar2": 10.0715732574,
        "max": 29.1957893372,
        "mean": 1.26725912094,
        "median": 0.496111154556,
        "min": -1.77240681648,
        "var": 9.66504096985
    },
    "erbbands_skewness": {
        "dmean": 0.472609043121,
        "dmean2": 0.671054720879,
        "dvar": 0.203894138336,
        "dvar2": 0.385565489531,
        "max": 5.14704036713,
        "mean": 0.816832900047,
        "median": 0.815775156021,
        "min": -2.15746188164,
        "var": 0.838114500046
    },
    "erbbands_spread": {
        "dmean": 10.6354894638,
        "dmean2": 14.8642206192,
        "dvar": 150.318054199,
        "dvar2": 269.494567871,
        "max": 120.226547241,
        "mean": 33.9616622925,
        "median": 27.4466152191,
        "min": 2.84360837936,
        "var": 380.776092529
    },
    "hfc": {
        "dmean": 5.71518802643,
        "dmean2": 7.63934135437,
        "dvar": 105.935470581,
        "dvar2": 190.937942505,
        "max": 133.870864868,
        "mean": 12.299829483,
        "median": 7.13489341736,
        "min": 1.22199987462e-16,
        "var": 262.815246582
    },
    "melbands_crest": {
        "dmean": 3.96106481552,
        "dmean2": 6.45529079437,
        "dvar": 14.756070137,
        "dvar2": 37.300453186,
        "max": 35.84349823,
        "mean": 17.6535701752,
        "median": 16.1428527832,
        "min": 2.40846610069,
        "var": 43.9091529846
    },
    "melbands_flatness_db": {
        "dmean": 0.0382818207145,
        "dmean2": 0.0542696267366,
        "dvar": 0.00135657843202,
        "dvar2": 0.00253481697291,
        "max": 0.562888324261,
        "mean": 0.300915777683,
        "median": 0.309453755617,
        "min": 0.00671399198472,
        "var": 0.00901839416474
    },
    "melbands_kurtosis": {
        "dmean": 14.152920723,
        "dmean2": 20.6814861298,
        "dvar": 810.857299805,
        "dvar2": 1590.56030273,
        "max": 463.19152832,
        "mean": 24.8354110718,
        "median": 14.7424526215,
        "min": -1.65947508812,
        "var": 1486.93273926
    },
    "melbands_skewness": {
        "dmean": 0.987103819847,
        "dmean2": 1.44314718246,
        "dvar": 1.24852705002,
        "dvar2": 2.35941267014,
        "max": 17.2721538544,
        "mean": 3.35584831238,
        "median": 2.96760201454,
        "min": -0.398077905178,
        "var": 3.67131543159
    },
    "melbands_spread": {
        "dmean": 4.60927629471,
        "dmean2": 6.55908346176,
        "dvar": 84.5431442261,
        "dvar2": 143.402252197,
        "max": 135.502731323,
        "mean": 11.2397260666,
        "median": 6.69150829315,
        "min": 0.609002232552,
        "var": 228.111053467
    },
    "pitch_salience": {
        "dmean": 0.0817246958613,
        "dmean2": 0.133600905538,
        "dvar": 0.00643349252641,
        "dvar2": 0.0161928925663,
        "max": 0.866913676262,
        "mean": 0.500819683075,
        "median": 0.507598936558,
        "min": 0.119130276144,
        "var": 0.0147313382477
    },
    "silence_rate_20dB": {
        "dmean": 0,
        "dmean2": 0,
        "dvar": 0,
        "dvar2": 0,
        "max": 1,
        "mean": 1,
        "median": 1,
        "min": 1,
        "var": 0
    },
    "silence_rate_30dB": {
        "dmean": 0.0670103058219,
        "dmean2": 0.134089738131,
        "dvar": 0.0625208467245,
        "dvar2": 0.132612347603,
        "max": 1,
        "mean": 0.90726429224,
        "median": 1,
        "min": 0,
        "var": 0.0841353908181
    },
    "silence_rate_60dB": {
        "dmean": 0.0072164949961,
        "dmean2": 0.013924703002,
        "dvar": 0.00716461986303,
        "dvar2": 0.0168255604804,
        "max": 1,
        "mean": 0.00824317336082,
        "median": 0,
        "min": 0,
        "var": 0.00817511137575
    },
    "spectral_centroid": {
        "dmean": 216.430480957,
        "dmean2": 304.298309326,
        "dvar": 151665.578125,
        "dvar2": 204091.671875,
        "max": 11230.1767578,
        "mean": 759.990905762,
        "median": 537.180297852,
        "min": 210.963516235,
        "var": 444706.375
    },
    "spectral_complexity": {
        "dmean": 3.56701040268,
        "dmean2": 5.03610086441,
        "dvar": 26.6702861786,
        "dvar2": 42.3504066467,
        "max": 63,
        "mean": 12.9520864487,
        "median": 10,
        "min": 0,
        "var": 99.7660827637
    },
    "spectral_decrease": {
        "dmean": 4.49067583119e-09,
        "dmean2": 6.92182799966e-09,
        "dvar": 5.51250961132e-17,
        "dvar2": 1.20320408118e-16,
        "max": 5.25142294786e-29,
        "mean": -1.02784456502e-08,
        "median": -5.78975534182e-09,
        "min": -6.76563942648e-08,
        "var": 1.26369427736e-16
    },
    "spectral_energy": {
        "dmean": 0.0173346567899,
        "dmean2": 0.0265986118466,
        "dvar": 0.000812150130514,
        "dvar2": 0.00176648539491,
        "max": 0.256748586893,
        "mean": 0.0399089343846,
        "median": 0.0227493084967,
        "min": 1.08857057469e-20,
        "var": 0.00185715814587
    },
    "spectral_energyband_high": {
        "dmean": 0.000355183961801,
        "dmean2": 0.000477244524518,
        "dvar": 7.61556350426e-07,
        "dvar2": 1.49564289131e-06,
        "max": 0.011917790398,
        "mean": 0.000470991071779,
        "median": 4.28668572567e-05,
        "min": 7.67386924934e-21,
        "var": 1.42071803566e-06
    },
    "spectral_energyband_low": {
        "dmean": 0.0135640986264,
        "dmean2": 0.0210720635951,
        "dvar": 0.000597864040174,
        "dvar2": 0.00134086189792,
        "max": 0.250443309546,
        "mean": 0.0245997421443,
        "median": 0.00679106591269,
        "min": 5.16215903564e-23,
        "var": 0.00148442212958
    },
    "spectral_energyband_middle_high": {
        "dmean": 0.000939046905842,
        "dmean2": 0.00132660614327,
        "dvar": 2.85769306174e-06,
        "dvar2": 5.21287392985e-06,
        "max": 0.0226570498198,
        "mean": 0.00215872377157,
        "median": 0.00089642702369,
        "min": 1.57045792874e-21,
        "var": 1.03314296211e-05
    },
    "spectral_energyband_middle_low": {
        "dmean": 0.00664695119485,
        "dmean2": 0.0106282010674,
        "dvar": 0.000183307929547,
        "dvar2": 0.000407392799389,
        "max": 0.188873335719,
        "mean": 0.0145211722702,
        "median": 0.0106578841805,
        "min": 3.93167315907e-22,
        "var": 0.000265350565314
    },
    "spectral_entropy": {
        "dmean": 0.282190471888,
        "dmean2": 0.387482017279,
        "dvar": 0.0905421301723,
        "dvar2": 0.155887886882,
        "max": 9.80963039398,
        "mean": 6.98733901978,
        "median": 6.96125459671,
        "min": 5.29582500458,
        "var": 0.413631975651
    },
    "spectral_flux": {
        "dmean": 0.0376096218824,
        "dmean2": 0.0603145100176,
        "dvar": 0.00274861603975,
        "dvar2": 0.00559483608231,
        "max": 0.420804589987,
        "mean": 0.0894181877375,
        "median": 0.0654335170984,
        "min": 1.0433458264e-10,
        "var": 0.00497847329825
    },
    "spectral_kurtosis": {
        "dmean": 5.8752655983,
        "dmean2": 9.48534870148,
        "dvar": 61.7001113892,
        "dvar2": 166.065948486,
        "max": 94.6337432861,
        "mean": 10.7513141632,
        "median": 6.60916519165,
        "min": -1.19520187378,
        "var": 131.092483521
    },
    "spectral_rms": {
        "dmean": 0.0012062843889,
        "dmean2": 0.00183036667295,
        "dvar": 2.47132038567e-06,
        "dvar2": 4.95152244184e-06,
        "max": 0.0158267635852,
        "mean": 0.0055544259958,
        "median": 0.00471109803766,
        "min": 3.25886496608e-12,
        "var": 8.08382537798e-06
    },
    "spectral_rolloff": {
        "dmean": 271.21774292,
        "dmean2": 430.598358154,
        "dvar": 496150.40625,
        "dvar2": 818188.375,
        "max": 19250.6835938,
        "mean": 672.386535645,
        "median": 344.53125,
        "min": 43.06640625,
        "var": 909111.25
    },
    "spectral_skewness": {
        "dmean": 0.565041542053,
        "dmean2": 0.853987872601,
        "dvar": 0.335567951202,
        "dvar2": 0.837561845779,
        "max": 7.31770086288,
        "mean": 2.2001543045,
        "median": 2.01394891739,
        "min": -0.001637987094,
        "var": 1.21701908112
    },
    "spectral_spread": {
        "dmean": 785108.1875,
        "dmean2": 1059067.75,
        "dvar": 1.16556352717e+12,
        "dvar2": 1.64143903539e+12,
        "max": 40708996,
        "mean": 3653874.75,
        "median": 3319224.25,
        "min": 893661,
        "var": 3.75488485786e+12
    },
    "spectral_strongpeak": {
        "dmean": 0.299490869045,
        "dmean2": 0.502077639103,
        "dvar": 0.114066287875,
        "dvar2": 0.28321570158,
        "max": 3.62547063828,
        "mean": 0.621676564217,
        "median": 0.467295050621,
        "min": 0,
        "var": 0.276208430529
    },
    "zerocrossingrate": {
        "dmean": 0.00893378537148,
        "dmean2": 0.00977746024728,
        "dvar": 0.000238593798713,
        "dvar2": 0.000268200121354,
        "max": 0.494140625,
        "mean": 0.0314728841186,
        "median": 0.0224609375,
        "min": 0.00048828125,
        "var": 0.000783394265454
    },
    "barkbands": {
        "dmean": [0.0019507361576, 0.00921425316483, 0.00499029457569, 0.00333555019461, 0.00236713886261, 0.0021664283704, 0.00043753546197, 0.000216850705328, 0.000311074312776, 0.000252134079346, 9.42094557104e-05, 0.00021238734189, 7.7663702541e-05, 7.29484017938e-05, 0.000103914542706, 9.78679890977e-05, 9.53675044002e-05, 0.000108639367681, 0.000157664951985, 0.000124319951283, 0.000104659586214, 7.22272088751e-05, 4.93381121487e-05, 3.53306277248e-05, 4.00992139475e-05, 1.55511370394e-05, 1.86329896223e-06],
        "dmean2": [0.00306071317755, 0.0135666858405, 0.00868970993906, 0.00572172738612, 0.00380013464019, 0.00334206712432, 0.000708738574758, 0.000339326972608, 0.000502724084072, 0.000386755506042, 0.000149793690071, 0.000351290742401, 0.000129437175929, 0.000124688362121, 0.000164688084624, 0.000155318019097, 0.000143940633279, 0.000164788405527, 0.000220121539314, 0.000184355172678, 0.000142979450175, 9.90916159935e-05, 7.0764333941e-05, 5.41997178516e-05, 5.92021060584e-05, 2.34765266214e-05, 2.8413533073e-06],
        "dvar": [1.47232685777e-05, 0.000358700432116, 0.000157491784194, 7.16885406291e-05, 3.1825795304e-05, 1.0312493032e-05, 1.2254753301e-06, 2.56264087284e-07, 3.61012723715e-07, 4.38980805484e-07, 7.11809491349e-08, 1.83656183594e-07, 2.04880414856e-08, 2.95626723101e-08, 5.64547768533e-08, 5.82265258231e-08, 5.20724334763e-08, 9.94526345721e-08, 2.05103262374e-07, 1.22261965885e-07, 6.79417837546e-08, 3.68692845143e-08, 2.44448798981e-08, 1.09418456518e-08, 1.8413475189e-08, 1.77176284755e-09, 4.48731052316e-11],
        "dvar2": [3.46634806192e-05, 0.000798816327006, 0.00042412764742, 0.000184929042007, 7.6748066931e-05, 2.26190513786e-05, 3.59077762369e-06, 6.23622156581e-07, 8.91958222837e-07, 9.93906951408e-07, 1.76166466304e-07, 4.66389877829e-07, 5.33412531922e-08, 8.14971059526e-08, 1.27194184074e-07, 1.31448558705e-07, 1.12208958569e-07, 2.19035229065e-07, 3.9909295424e-07, 2.88560841e-07, 1.3659270337e-07, 7.25540942881e-08, 5.36622728475e-08, 2.56403556165e-08, 3.92375980596e-08, 3.93226828876e-09, 1.0097365305e-10],
        "max": [0.0355055853724, 0.213828086853, 0.109913945198, 0.11126883328, 0.120061695576, 0.0737336724997, 0.0192976929247, 0.0134203648195, 0.0105302911252, 0.0106060700491, 0.00466799689457, 0.00630728108808, 0.0017728053499, 0.00178259180393, 0.00371571513824, 0.00476580811664, 0.00311345630325, 0.00479943491518, 0.00602991133928, 0.004939944949, 0.00279924459755, 0.00358093855903, 0.00277638575062, 0.00154564063996, 0.0020247977227, 0.0005075642257, 0.000132629284053],
        "mean": [0.00297968648374, 0.0151370577514, 0.00467456784099, 0.0038969325833, 0.00377030717209, 0.00509470049292, 0.000854820827954, 0.00041997525841, 0.000432213302702, 0.000585986243095, 0.000140292642755, 0.00034402142046, 0.000116273593449, 9.03043910512e-05, 0.000156680762302, 0.000151865751832, 0.000138499104651, 0.000160719951964, 0.000207083488931, 0.000168767815921, 0.000138137169415, 9.16462377063e-05, 5.57659732294e-05, 4.03957783419e-05, 4.60074188595e-05, 1.44684772749e-05, 1.72493707851e-06],
        "median": [0.000398461677833, 0.00219272519462, 0.000833513215184, 0.00169104873203, 0.00181724084541, 0.00257556280121, 0.00037168993731, 0.000190155056771, 0.00024065215257, 0.000151137821376, 4.36175796494e-05, 0.00015319637896, 4.75085216749e-05, 3.24127322529e-05, 4.19777352363e-05, 3.06852052745e-05, 2.93587199849e-05, 2.23873430514e-05, 2.10420585063e-05, 1.93911509996e-05, 1.24520220197e-05, 7.43084001442e-06, 3.57448993782e-06, 3.0533071822e-06, 2.05602259484e-06, 4.30707530086e-07, 4.98224173029e-09],
        "min": [6.88558424414e-24, 2.78448335793e-23, 9.09582025041e-24, 3.07119012076e-23, 9.21045152181e-23, 7.62798518634e-23, 6.14221110975e-23, 1.72287474136e-23, 9.28583696318e-23, 5.15356960256e-23, 3.16086530411e-23, 7.35916663339e-23, 6.77868238965e-23, 2.38808693772e-22, 1.24852384381e-22, 1.24891776939e-22, 1.41953702359e-22, 2.89983703659e-22, 2.62305414394e-22, 2.63894091905e-22, 3.8649292156e-22, 7.19984841119e-22, 8.14755838726e-22, 6.352044324e-22, 1.13143414103e-21, 1.56171124097e-21, 2.60310568181e-21],
        "var": [2.74350459222e-05, 0.000824444578029, 0.000128079234855, 6.38168421574e-05, 4.31124281022e-05, 4.08678097301e-05, 2.26003407988e-06, 4.43927120841e-07, 4.15759330963e-07, 1.56530893491e-06, 1.16185880472e-07, 2.89247708452e-07, 3.30315650388e-08, 3.54783438183e-08, 1.23465838442e-07, 1.51197497189e-07, 1.15738401973e-07, 2.65208427663e-07, 3.77778633265e-07, 1.9475557167e-07, 1.29969947693e-07, 6.56858887282e-08, 3.24936699769e-08, 1.4662405512e-08, 2.74120424137e-08, 1.97438398963e-09, 4.69423805383e-11]
    },
    "erbbands": {
        "dmean": [0.472112566233, 1.45332407951, 4.53464794159, 9.75606536865, 9.93005275726, 5.71974086761, 14.2132148743, 17.2687931061, 7.14267873764, 5.70281362534, 4.81312513351, 8.07426643372, 4.04384660721, 8.52300548553, 4.93683576584, 8.80439281464, 3.74301934242, 3.43077611923, 4.05188989639, 6.20175027847, 5.16731834412, 5.14901542664, 6.33368444443, 6.82018470764, 7.86977624893, 5.73355007172, 5.25489997864, 3.53508043289, 2.70113134384, 2.11620664597, 1.15237867832, 0.665668904781, 0.64755398035, 0.471358209848, 0.287117928267, 0.0768662318587, 0.0272112898529, 0.00704204337671, 0.000186621124158, 2.2717505999e-05],
        "dmean2": [0.666595518589, 2.38587665558, 7.89952898026, 16.834854126, 15.9660615921, 9.62985038757, 22.4558696747, 26.7761306763, 11.3600969315, 9.46539306641, 7.57892179489, 13.1692199707, 6.51890277863, 12.9427518845, 7.77536439896, 14.5719099045, 6.20528316498, 5.78285074234, 6.53870487213, 9.52175045013, 8.34609603882, 7.59055948257, 9.61277294159, 9.68724632263, 11.0192956924, 8.46768093109, 7.77841234207, 4.94488763809, 3.75034976006, 2.99007368088, 1.64394617081, 0.996692180634, 0.994768857956, 0.687326729298, 0.440739840269, 0.121571607888, 0.0398335494101, 0.0104075539857, 0.000275480997516, 3.33918869728e-05],
        "dvar": [1.02993750572, 11.1226291656, 118.728591919, 506.595336914, 859.016235352, 159.459960938, 420.664031982, 736.240356445, 197.985656738, 342.896240234, 112.153503418, 202.996734619, 102.699897766, 545.130554199, 169.873352051, 270.592224121, 53.1623916626, 55.5562896729, 88.3014602661, 243.64982605, 195.452835083, 165.926483154, 346.527435303, 344.755645752, 453.10333252, 250.632263184, 218.222198486, 72.0139160156, 55.0398826599, 49.5807952881, 9.82466030121, 3.24489665031, 4.25455474854, 2.78894996643, 0.864269316196, 0.0444230958819, 0.00642899982631, 0.000533913844265, 4.28962124488e-07, 1.40210310029e-09],
        "dvar2": [2.05188655853, 31.2170753479, 320.204925537, 1352.18225098, 1876.16186523, 425.323486328, 1042.82373047, 1642.26611328, 583.726257324, 935.486694336, 270.990356445, 505.201934814, 229.789627075, 1190.28710938, 441.084899902, 662.653015137, 138.843566895, 143.180389404, 222.508224487, 480.131195068, 482.596374512, 349.443328857, 756.727050781, 697.673278809, 864.910339355, 553.31427002, 522.813232422, 134.640853882, 106.598014832, 110.900253296, 19.0222072601, 7.26497030258, 9.79251480103, 5.91337060928, 1.98243153095, 0.108028411865, 0.0138890966773, 0.00114705134183, 9.67842197497e-07, 2.78280420929e-09],
        "max": [11.3603382111, 30.3620109558, 90.5440216064, 203.373046875, 426.789672852, 256.750427246, 305.442993164, 602.227111816, 237.492004395, 311.268768311, 312.550415039, 210.511199951, 143.830444336, 395.046081543, 216.620040894, 196.723617554, 100.945159912, 92.792427063, 191.115112305, 235.344940186, 302.363922119, 203.089859009, 285.519714355, 250.54258728, 291.725463867, 200.585083008, 215.629379272, 107.68611908, 135.585952759, 117.578186035, 51.1852149963, 31.9481182098, 32.7298774719, 23.7019538879, 13.0721597672, 2.39450144768, 1.18392324448, 0.368675798178, 0.0132989864796, 0.000432213884778],
        "mean": [0.787988185883, 2.00727415085, 4.39349651337, 10.9676933289, 14.2937784195, 9.33438873291, 29.0017929077, 40.5010910034, 15.7070112228, 9.74726867676, 8.97709369659, 11.6449518204, 7.69801282883, 20.3225440979, 9.85807323456, 13.6043558121, 5.8166217804, 4.89198255539, 7.20970249176, 8.19184780121, 8.12128925323, 7.86257457733, 9.26215267181, 9.38354873657, 10.5582370758, 7.9290599823, 6.49216270447, 4.73519945145, 3.4480342865, 2.45340323448, 1.37498247623, 0.793115317822, 0.726486444473, 0.569582819939, 0.292067527771, 0.0676006823778, 0.0259332042187, 0.00670442963019, 0.000188182995771, 4.92887484143e-05],
        "median": [0.0621657818556, 0.413891077042, 0.978748440742, 4.36992645264, 6.14922380447, 4.77467870712, 18.0894966125, 18.7471828461, 9.30609893799, 4.12468528748, 5.77326202393, 6.68119430542, 3.61538147926, 3.94316601753, 4.08913755417, 6.39123916626, 2.57648849487, 2.04299235344, 2.31185984612, 1.86169433594, 1.93432366848, 1.53441345692, 1.29569470882, 1.22361600399, 1.05725312233, 0.887551903725, 0.605250418186, 0.395419448614, 0.272612512112, 0.169821023941, 0.0961625874043, 0.0636347010732, 0.0498505271971, 0.0301987715065, 0.0106657231227, 0.00272918259725, 0.000515206018463, 5.61199485674e-05, 1.94471376744e-05, 2.75587190117e-05],
        "min": [1.32968899766e-21, 4.06071444535e-21, 1.24566445148e-20, 4.73689307552e-20, 1.35660140775e-19, 3.75758218684e-19, 7.33237658687e-19, 5.32695732485e-19, 1.08663025778e-18, 3.31157105345e-19, 7.65716905438e-19, 2.31722282257e-18, 1.56907549183e-18, 1.41433564182e-18, 1.22023853827e-18, 3.51319115788e-18, 3.96208222398e-18, 1.08877896281e-17, 6.70902289322e-18, 9.94474417283e-18, 4.76902420848e-18, 9.00544419133e-18, 1.64082259458e-17, 1.40437698695e-17, 1.46760286795e-17, 1.20743264501e-17, 1.46288529148e-17, 1.50937002949e-17, 3.06498772702e-17, 1.69893021282e-17, 2.38774385753e-17, 1.46564691667e-17, 1.18511919983e-17, 1.03774828831e-17, 9.65728815662e-18, 6.0702529311e-18, 2.86287747672e-18, 1.14527984475e-18, 4.04246474077e-19, 3.4811130291e-20],
        "var": [2.63233590126, 14.2761602402, 96.4990692139, 445.19229126, 1061.6541748, 205.20072937, 1044.5447998, 2922.39379883, 439.017944336, 377.588653564, 149.758163452, 241.931900024, 178.844100952, 2099.46118164, 314.828277588, 440.733093262, 79.1733932495, 77.7935714722, 223.520858765, 474.745819092, 449.108581543, 418.0078125, 899.397216797, 668.554382324, 929.277282715, 450.338775635, 302.599639893, 144.104400635, 99.7280044556, 66.9755859375, 16.0429172516, 4.88070201874, 5.68098258972, 4.45057916641, 1.02767431736, 0.0414380021393, 0.00753638660535, 0.000619695696514, 4.57096604123e-07, 3.04661051942e-09]
    },
    "gfcc": {
        "mean": [-53.5502052307, 139.571899414, -105.191627502, 31.5746212006, -56.6924171448, 1.33566141129, -33.8729057312, -3.19149923325, -22.8239421844, -4.45429420471, -6.78478193283, -2.21355867386, -0.918092787266],
        "cov": [[5789.66162109, -2571.20019531, 569.239501953, 965.84954834, -256.275390625, 564.076843262, -127.442581177, 571.654174805, -299.619567871, 405.98727417, -331.423034668, 283.114105225, -233.299285889], [-2571.20019531, 2509.28515625, -244.632049561, -623.570251465, 509.903564453, -270.947235107, 267.468902588, -341.465545654, 320.192230225, -330.485687256, 247.592788696, -253.226486206, 153.020568848], [569.239501953, -244.632049561, 1334.32678223, 5.01598787308, 348.381256104, 437.045654297, 165.850372314, 382.448272705, -13.7691717148, 334.894348145, -53.2086715698, 186.169525146, -120.587532043], [965.84954834, -623.570251465, 5.01598787308, 583.380493164, -37.3843765259, 82.9460983276, 54.7085266113, 140.567245483, 38.2293395996, 99.0204162598, 57.9703330994, 48.7969551086, 39.856918335], [-256.275390625, 509.903564453, 348.381256104, -37.3843765259, 459.46307373, 127.051895142, 178.279708862, 124.783630371, 119.11579895, 67.1676940918, 67.3202972412, 31.7746772766, -0.923743486404], [564.076843262, -270.947235107, 437.045654297, 82.9460983276, 127.051895142, 310.937896729, 75.1383209229, 211.087051392, -6.2192029953, 149.310516357, -31.1510353088, 80.2844772339, -35.2366676331], [-127.442581177, 267.468902588, 165.850372314, 54.7085266113, 178.279708862, 75.1383209229, 204.075942993, 82.9766464233, 91.5493087769, 24.7145996094, 64.4187316895, 31.4871482849, 41.1215400696], [571.654174805, -341.465545654, 382.448272705, 140.567245483, 124.783630371, 211.087051392, 82.9766464233, 291.249298096, 5.81805229187, 154.598007202, -13.3230724335, 112.017036438, -20.9721069336], [-299.619567871, 320.192230225, -13.7691717148, 38.2293395996, 119.11579895, -6.2192029953, 91.5493087769, 5.81805229187, 147.095657349, 0.710190594196, 77.8509063721, -22.9778728485, 52.9876213074], [405.98727417, -330.485687256, 334.894348145, 99.0204162598, 67.1676940918, 149.310516357, 24.7145996094, 154.598007202, 0.710190594196, 197.186828613, 2.06204032898, 92.4792175293, -20.8497943878], [-331.423034668, 247.592788696, -53.2086715698, 57.9703330994, 67.3202972412, -31.1510353088, 64.4187316895, -13.3230724335, 77.8509063721, 2.06204032898, 146.428466797, 22.1551952362, 82.5312042236], [283.114105225, -253.226486206, 186.169525146, 48.7969551086, 31.7746772766, 80.2844772339, 31.4871482849, 112.017036438, -22.9778728485, 92.4792175293, 22.1551952362, 165.012405396, 21.3616409302], [-233.299285889, 153.020568848, -120.587532043, 39.856918335, -0.923743486404, -35.2366676331, 41.1215400696, -20.9721069336, 52.9876213074, -20.8497943878, 82.5312042236, 21.3616409302, 133.664474487]],
        "icov": [[0.000470927247079, -0.000125406484585, 0.000167648715433, -0.00088169996161, 0.000111383764306, -0.00051472854102, 0.000245069881203, -0.000172761254362, 0.000423876423156, -0.000244435563218, 0.0010620073881, -0.000625135726295, 0.000380267389119], [-0.000125406484585, 0.00461513223127, -0.000964993902016, 0.00430081691593, -0.00331249972805, 0.00115452392492, -0.00256195059046, 0.0018046668265, -0.00322589930147, 0.00439246278256, -0.00499396771193, 0.0044688466005, -0.00196925411001], [0.000167648715433, -0.000964993902016, 0.00260727619752, -0.00052708707517, 1.63603890542e-05, -0.00165222038049, -0.000555168138817, -0.000779869325925, 0.00150519236922, -0.0033607352525, 0.00148020812776, -0.00144594267476, 0.00171591364779], [-0.00088169996161, 0.00430081691593, -0.00052708707517, 0.00779879046604, -0.00221214443445, 0.00159667991102, -0.00343506457284, 0.000346186308889, -0.00374445924535, 0.00296248728409, -0.00731463450938, 0.00555222574621, -0.00217123888433], [0.000111383764306, -0.00331249972805, 1.63603890542e-05, -0.00221214443445, 0.00712655344978, -0.00125773949549, -0.000223729424761, -0.00224737101234, -0.000165787932929, -0.00267378566787, 0.00197074213065, -0.00300932233222, 0.00300763663836], [-0.00051472854102, 0.00115452392492, -0.00165222038049, 0.00159667991102, -0.00125773949549, 0.00917589850724, -0.0018677234184, -0.00264168693684, -0.000115897979413, -0.000610142888036, -0.000595611694735, 0.00260183005594, -0.00171371235047], [0.000245069881203, -0.00256195059046, -0.000555168138817, -0.00343506457284, -0.000223729424761, -0.0018677234184, 0.01247342024, -0.00235795928165, -0.00217248639092, 0.00140132720117, 0.0019494415028, -0.00384486257099, -0.000326571695041], [-0.000172761254362, 0.0018046668265, -0.000779869325925, 0.000346186308889, -0.00224737101234, -0.00264168693684, -0.00235795928165, 0.0111212264746, -0.00180153199472, -0.000522563757841, 0.000233396014664, -0.00143726333044, -0.000697679934092], [0.000423876423156, -0.00322589930147, 0.00150519236922, -0.00374445924535, -0.000165787932929, -0.000115897979413, -0.00217248639092, -0.00180153199472, 0.0178432371467, -0.00597320543602, 0.000334348966135, 0.00139653577935, -0.00117346970364], [-0.000244435563218, 0.00439246278256, -0.0033607352525, 0.00296248728409, -0.00267378566787, -0.000610142888036, 0.00140132720117, -0.000522563757841, -0.00597320543602, 0.0183630604297, -0.00667442940176, 0.000857245351654, -0.000846500159241], [0.0010620073881, -0.00499396771193, 0.00148020812776, -0.00731463450938, 0.00197074213065, -0.000595611694735, 0.0019494415028, 0.000233396014664, 0.000334348966135, -0.00667442940176, 0.0222132876515, -0.00839823763818, -0.00316631188616], [-0.000625135726295, 0.0044688466005, -0.00144594267476, 0.00555222574621, -0.00300932233222, 0.00260183005594, -0.00384486257099, -0.00143726333044, 0.00139653577935, 0.000857245351654, -0.00839823763818, 0.0165466442704, -0.00542354071513], [0.000380267389119, -0.00196925411001, 0.00171591364779, -0.00217123888433, 0.00300763663836, -0.00171371235047, -0.000326571695041, -0.000697679934092, -0.00117346970364, -0.000846500159241, -0.00316631188616, -0.00542354071513, 0.0153100108728]]
    },
    "melbands": {
        "dmean": [0.00320106022991, 0.00213317433372, 0.00165483320598, 0.000543002446648, 0.000433928071288, 0.000386424828321, 0.000104481259768, 5.73994657316e-05, 4.2812400352e-05, 4.73510408483e-05, 2.05416035897e-05, 3.73792390747e-05, 1.38361601785e-05, 2.69878437393e-05, 1.22024357552e-05, 7.01748376741e-06, 6.62648471916e-06, 6.53535016681e-06, 8.29603322927e-06, 7.61864157539e-06, 6.09266226093e-06, 5.17811713507e-06, 6.15536464466e-06, 5.48076423001e-06, 5.7973688854e-06, 5.96925974605e-06, 4.98936606164e-06, 3.7239710764e-06, 3.63309800377e-06, 2.49098798122e-06, 2.06977802009e-06, 1.62661183367e-06, 1.23444738165e-06, 1.21801951991e-06, 7.53215886107e-07, 4.01269005579e-07, 4.27310027362e-07, 4.60707525463e-07, 4.43921209126e-07, 4.09452979966e-07],
        "dmean2": [0.00458923494443, 0.00365321966819, 0.00278211291879, 0.000881780171767, 0.000688243075274, 0.000596630387008, 0.000167109072208, 9.53221970121e-05, 6.82612298988e-05, 7.77196328272e-05, 3.31622468366e-05, 5.67589413549e-05, 2.21766276809e-05, 4.43887402071e-05, 2.02343744604e-05, 1.17067702377e-05, 1.1236197679e-05, 1.07782525447e-05, 1.33366393129e-05, 1.19622536658e-05, 9.94541460386e-06, 8.10649271443e-06, 9.23012885323e-06, 8.14842678665e-06, 8.53747496876e-06, 8.71537577041e-06, 6.93092306392e-06, 5.68535551793e-06, 5.66423614146e-06, 3.44356885762e-06, 3.032119821e-06, 2.29789247896e-06, 1.75518164269e-06, 1.79732944616e-06, 1.10762641725e-06, 6.01618239671e-07, 6.64622120894e-07, 7.17833188446e-07, 6.64228764435e-07, 5.95994322339e-07],
        "dvar": [4.33646600868e-05, 2.40899153141e-05, 1.5235527826e-05, 2.0610386855e-06, 4.02052421578e-07, 3.54402914127e-07, 4.79371458084e-08, 3.12386738699e-08, 7.1196799567e-09, 8.29888069376e-09, 2.72889288944e-09, 1.07062838595e-08, 1.46963863301e-09, 3.10310843687e-09, 4.99841334989e-10, 1.66233415921e-10, 2.23091017881e-10, 2.41244552113e-10, 4.28736435243e-10, 3.13076592429e-10, 3.36102645715e-10, 1.70147132494e-10, 3.34227756582e-10, 2.56464322002e-10, 2.78574191492e-10, 3.07927600085e-10, 1.40717090757e-10, 1.20982487917e-10, 1.15893405983e-10, 3.74914717327e-11, 2.67975277385e-11, 2.00980759812e-11, 1.28845397893e-11, 1.93014926958e-11, 4.19114873015e-12, 9.57897715141e-13, 1.64958162147e-12, 2.24378436837e-12, 2.29692068317e-12, 2.32270431187e-12],
        "dvar2": [8.98321741261e-05, 6.64242761559e-05, 3.80293786293e-05, 4.97585733683e-06, 1.02389071799e-06, 7.79405468165e-07, 1.4097858525e-07, 8.39366336436e-08, 1.73395768854e-08, 2.07368469063e-08, 6.08183547968e-09, 2.35655015501e-08, 3.70488217882e-09, 7.99600652357e-09, 1.27768950975e-09, 4.20934481715e-10, 5.92793369947e-10, 6.34974461899e-10, 9.67390167972e-10, 6.94595936324e-10, 8.7796514503e-10, 4.05226019407e-10, 6.94543311752e-10, 5.55076262732e-10, 5.99139349244e-10, 6.65130006627e-10, 2.55719806441e-10, 2.90614726728e-10, 2.90476226406e-10, 7.41627176337e-11, 5.50463771787e-11, 4.06879530068e-11, 2.55706376212e-11, 4.59743874914e-11, 8.36140531812e-12, 1.78470899084e-12, 3.99515750343e-12, 5.48360662433e-12, 4.97441367611e-12, 5.06079379792e-12],
        "max": [0.077056273818, 0.0416553206742, 0.0428676046431, 0.0305962841958, 0.010666931048, 0.0136096542701, 0.00354346446693, 0.00287261931226, 0.0023274871055, 0.00151289917994, 0.000739139853977, 0.00175177445635, 0.000647895445582, 0.000798259687144, 0.000263278197963, 0.000139988303999, 0.000176478351932, 0.000300800398691, 0.000284613051917, 0.00023530292674, 0.000389310123865, 0.00017986795865, 0.000292534328764, 0.000245264760451, 0.000220392554183, 0.000249718810664, 0.000170941057149, 0.000143467550515, 0.000176757879672, 6.88794316375e-05, 7.25956269889e-05, 8.47337141749e-05, 6.4517618739e-05, 8.06593161542e-05, 3.33642528858e-05, 1.49009438246e-05, 2.30747937167e-05, 2.43094564212e-05, 2.96374291793e-05, 2.26040901907e-05],
        "mean": [0.00538378581405, 0.00239142705686, 0.00203809677623, 0.000819887325633, 0.000913376163226, 0.00091758556664, 0.000215245236177, 9.95449954644e-05, 7.7370852523e-05, 6.5175263444e-05, 3.84204904549e-05, 8.8264758233e-05, 2.42044643528e-05, 4.57477945019e-05, 1.78253994818e-05, 1.03937281892e-05, 8.81205414771e-06, 1.0773050235e-05, 1.09233096737e-05, 1.08807616925e-05, 9.13096482691e-06, 7.48955108065e-06, 8.96513120097e-06, 7.74888758315e-06, 7.52076221033e-06, 7.73047122493e-06, 6.81507026457e-06, 4.87458828502e-06, 4.26597989645e-06, 3.27672910316e-06, 2.60516890194e-06, 2.0099955691e-06, 1.56871271884e-06, 1.3033909454e-06, 8.59482668147e-07, 5.04937133883e-07, 4.77461185255e-07, 4.93318736972e-07, 5.11570476647e-07, 4.82515076783e-07],
        "median": [0.000655372336041, 0.000631947652437, 0.000951526046265, 0.000370486726752, 0.000606276269536, 0.000447669648565, 0.000110112101538, 3.90883324144e-05, 5.44517642993e-05, 3.58499455615e-05, 1.65411875059e-05, 1.4870925952e-05, 9.09059599508e-06, 2.05271753657e-05, 8.03271632321e-06, 4.52451240562e-06, 3.23223525811e-06, 3.53191580871e-06, 2.79938990388e-06, 2.22438120545e-06, 2.16224543692e-06, 1.62926664871e-06, 1.01223486126e-06, 1.09861582587e-06, 9.31579336338e-07, 7.55288738219e-07, 7.10155802608e-07, 5.15155875291e-07, 3.61562626949e-07, 3.14089191988e-07, 2.01539933187e-07, 1.58808674655e-07, 1.21628488614e-07, 7.98430193072e-08, 5.95440425855e-08, 4.09098674936e-08, 3.62370613516e-08, 3.27681810575e-08, 3.14086179287e-08, 2.12528998844e-08],
        "min": [9.42277785207e-24, 5.88791580161e-24, 1.23487378913e-23, 1.50993672835e-23, 2.56087316128e-23, 1.29356448828e-23, 1.50741221568e-23, 3.03542671719e-24, 9.62719537844e-24, 1.32962631793e-23, 7.42150557757e-24, 5.71838762092e-24, 4.44941571359e-24, 6.77823999646e-24, 8.94341863441e-24, 6.65552400518e-24, 2.42086533896e-23, 1.16670855497e-23, 1.11778213945e-23, 1.1326131189e-23, 4.43041363211e-24, 9.39157445897e-24, 1.00866855565e-23, 1.59866007213e-23, 1.09132666348e-23, 8.48387560268e-24, 1.30158617817e-23, 6.39035551164e-24, 7.8198582466e-24, 1.0759547621e-23, 7.48770362929e-24, 1.80420977167e-23, 1.33553141512e-23, 8.5740495039e-24, 1.21389829321e-23, 1.55296782855e-23, 6.69778565046e-24, 8.11973740883e-24, 8.26262141801e-24, 9.14343905009e-24],
        "var": [0.000109743843495, 2.19047742576e-05, 1.49928382598e-05, 2.60876799985e-06, 9.67562868937e-07, 1.44327418639e-06, 1.06565998692e-07, 3.76529385449e-08, 9.29424803786e-09, 9.17392739552e-09, 4.96709784414e-09, 4.10073077717e-08, 2.45384046416e-09, 4.91690199667e-09, 7.31166627244e-10, 2.45550746403e-10, 2.91547092024e-10, 5.10651076979e-10, 7.38118843824e-10, 6.80274780951e-10, 6.54920173648e-10, 3.27851717996e-10, 8.47554859629e-10, 6.35299701734e-10, 4.47991810315e-10, 5.44723710583e-10, 3.30166088913e-10, 1.79976214487e-10, 1.36889014013e-10, 7.22592541358e-11, 4.63718577426e-11, 3.35999977841e-11, 2.28002946384e-11, 2.20755982938e-11, 6.43209877721e-12, 1.77580953414e-12, 2.09369826164e-12, 2.62258357392e-12, 3.47200718696e-12, 3.48139312517e-12]
    },
    "mfcc": {
        "mean": [-698.117858887, 162.781417847, 10.0025186539, 30.7738418579, 0.894269824028, 3.58724021912, -0.770294845104, -2.46646904945, -5.09493160248, -6.37641716003, -5.7506313324, -3.12215065956, 0.18358913064],
        "cov": [[5055.76464844, -2719.08544922, 338.579956055, 506.992370605, -12.2222862244, 116.27305603, 129.945007324, 135.381530762, 165.384963989, 99.274307251, -2.48304724693, 51.9286613464, 47.6088485718], [-2719.08544922, 2660.66601562, -227.84312439, -315.855285645, 209.876449585, 60.758731842, 28.6470031738, 68.0466842651, 9.82167720795, -8.99101161957, 100.306587219, 17.4257831573, -35.6783447266], [338.579956055, -227.84312439, 725.924072266, 43.472694397, 159.586868286, 148.897674561, 206.640426636, 112.82938385, 130.600036621, 134.700469971, 134.51965332, 105.304855347, 52.7463989258], [506.992370605, -315.855285645, 43.472694397, 364.407989502, 63.5322189331, 63.1906929016, 84.6036529541, 76.9622802734, 54.5223617554, 70.2153701782, 65.0589141846, 83.4279403687, 50.3173370361], [-12.2222862244, 209.876449585, 159.586868286, 63.5322189331, 271.999023438, 103.514709473, 135.820999146, 107.981124878, 82.6171875, 97.9010696411, 126.272460938, 91.6850662231, 27.4071121216], [116.27305603, 60.758731842, 148.897674561, 63.1906929016, 103.514709473, 164.121200562, 99.0255203247, 67.9463500977, 64.9221801758, 75.7152557373, 79.1653671265, 60.6841621399, 33.6854820251], [129.945007324, 28.6470031738, 206.640426636, 84.6036529541, 135.820999146, 99.0255203247, 198.891799927, 124.647010803, 99.579826355, 76.9800796509, 95.1766891479, 88.7775726318, 51.4971122742], [135.381530762, 68.0466842651, 112.82938385, 76.9622802734, 107.981124878, 67.9463500977, 124.647010803, 182.820297241, 102.869354248, 58.499786377, 81.1111373901, 71.858039856, 39.6788063049], [165.384963989, 9.82167720795, 130.600036621, 54.5223617554, 82.6171875, 64.9221801758, 99.579826355, 102.869354248, 147.885299683, 78.0672073364, 64.8437957764, 43.5431861877, 43.8530540466], [99.274307251, -8.99101161957, 134.700469971, 70.2153701782, 97.9010696411, 75.7152557373, 76.9800796509, 58.499786377, 78.0672073364, 146.821975708, 84.1776428223, 47.0235977173, 18.370672226], [-2.48304724693, 100.306587219, 134.51965332, 65.0589141846, 126.272460938, 79.1653671265, 95.1766891479, 81.1111373901, 64.8437957764, 84.1776428223, 155.261276245, 82.2195663452, 19.6813774109], [51.9286613464, 17.4257831573, 105.304855347, 83.4279403687, 91.6850662231, 60.6841621399, 88.7775726318, 71.858039856, 43.5431861877, 47.0235977173, 82.2195663452, 122.223907471, 44.999130249], [47.6088485718, -35.6783447266, 52.7463989258, 50.3173370361, 27.4071121216, 33.6854820251, 51.4971122742, 39.6788063049, 43.8530540466, 18.370672226, 19.6813774109, 44.999130249, 81.8516235352]],
