{
"lowlevel": {
    "average_loudness": 0.894633710384,
    "barkbands_crest": {
        "dmean": 2.29864692688,
        "dmean2": 3.59881019592,
        "dvar": 5.2604932785,
        "dvar2": 13.1557588577,
        "max": 26.6279754639,
        "mean": 14.1867637634,
        "median": 13.132060051,
        "min": 4.73445558548,
        "var": 25.9804153442
    },
    "barkbands_flatness_db": {
        "dmean": 0.0243349820375,
        "dmean2": 0.0343390181661,
        "dvar": 0.000613273179624,
        "dvar2": 0.00122058938723,
        "max": 0.494080454111,
        "mean": 0.256630808115,
        "median": 0.251072615385,
        "min": 0.0672387182713,
        "var": 0.00443096784875
    },
    "barkbands_kurtosis": {
        "dmean": 8.0916557312,
        "dmean2": 12.1424217224,
        "dvar": 283.773681641,
        "dvar2": 631.498779297,
        "max": 351.457000732,
        "mean": 21.6253128052,
        "median": 11.3320293427,
        "min": -1.91461217403,
        "var": 1050.79174805
    },
    "barkbands_skewness": {
        "dmean": 0.685221970081,
        "dmean2": 0.969275653362,
        "dvar": 0.685455799103,
        "dvar2": 1.3851890564,
        "max": 16.6144580841,
        "mean": 3.19517683983,
        "median": 2.66974473,
        "min": -2.96626806259,
        "var": 4.54639720917
    },
    "barkbands_spread": {
        "dmean": 2.23837828636,
        "dmean2": 3.18226981163,
        "dvar": 23.34649086,
        "dvar2": 40.9055175781,
        "max": 88.6154708862,
        "mean": 7.0093126297,
        "median": 5.12136554718,
        "min": 0.180524259806,
        "var": 68.9016265869
    },
    "dissonance": {
        "dmean": 0.03223458305,
        "dmean2": 0.0521222129464,
        "dvar": 0.000822544330731,
        "dvar2": 0.00204030261375,
        "max": 0.498244076967,
        "mean": 0.395346164703,
        "median": 0.399567902088,
        "min": 0.200700670481,
        "var": 0.00249810796231
    },
    "dynamic_complexity": 3.62420201302,
    "erbbands_crest": {
        "dmean": 2.42223477364,
        "dmean2": 3.69466733932,
        "dvar": 6.19074249268,
        "dvar2": 13.442949295,
        "max": 31.5922164917,
        "mean": 13.0635690689,
        "median": 12.32284832,
        "min": 3.03916716576,
        "var": 25.3349628448
    },
    "erbbands_flatness_db": {
        "dmean": 0.0187639091164,
        "dmean2": 0.0248237978667,
        "dvar": 0.000388391054003,
        "dvar2": 0.000725079327822,
        "max": 0.417596817017,
        "mean": 0.238391086459,
        "median": 0.239932984114,
        "min": 0.0755018815398,
        "var": 0.00238832319155
    },
    "erbbands_kurtosis": {
        "dmean": 2.15018439293,
        "dmean2": 3.24209594727,
        "dvar": 11.9935398102,
        "dvar2": 29.128156662,
        "max": 66.0682754517,
        "mean": 4.81932020187,
        "median": 3.20215606689,
        "min": -1.82141602039,
        "var": 35.033946991
    },
    "erbbands_skewness": {
        "dmean": 0.386460274458,
        "dmean2": 0.56090170145,
        "dvar": 0.203393653035,
        "dvar2": 0.419001162052,
        "max": 7.49212551117,
        "mean": 1.53459119797,
        "median": 1.4193482399,
        "min": -4.27029561996,
        "var": 1.05956721306
    },
    "erbbands_spread": {
        "dmean": 5.47255373001,
        "dmean2": 7.86072444916,
        "dvar": 75.2102508545,
        "dvar2": 144.422042847,
        "max": 123.701080322,
        "mean": 20.9184455872,
        "median": 16.4599571228,
        "min": 1.78579723835,
        "var": 244.506744385
    },
    "hfc": {
        "dmean": 2.54653596878,
        "dmean2": 3.42194867134,
        "dvar": 11.9157772064,
        "dvar2": 22.0995693207,
        "max": 68.8824996948,
        "mean": 11.0753307343,
        "median": 7.79732322693,
        "min": 1.21104998855e-16,
        "var": 104.319381714
    },
    "melbands_crest": {
        "dmean": 2.6629242897,
        "dmean2": 4.08432102203,
        "dvar": 6.65618276596,
        "dvar2": 16.1977005005,
        "max": 34.8136062622,
        "mean": 16.9394207001,
        "median": 16.2102375031,
        "min": 2.02225875854,
        "var": 33.0291595459
    },
    "melbands_flatness_db": {
        "dmean": 0.0255902446806,
        "dmean2": 0.0349777266383,
        "dvar": 0.000743804615922,
        "dvar2": 0.00135996937752,
        "max": 0.604832231998,
        "mean": 0.313850343227,
        "median": 0.307398110628,
        "min": 0.00807733554393,
        "var": 0.00609657587484
    },
    "melbands_kurtosis": {
        "dmean": 9.83655548096,
        "dmean2": 14.7752008438,
        "dvar": 350.097045898,
        "dvar2": 842.538513184,
        "max": 477.391418457,
        "mean": 26.2510547638,
        "median": 13.8200931549,
        "min": -1.82582139969,
        "var": 1489.03466797
    },
    "melbands_skewness": {
        "dmean": 0.71459209919,
        "dmean2": 1.01500988007,
        "dvar": 0.675416648388,
        "dvar2": 1.36743962765,
        "max": 15.4409236908,
        "mean": 3.19191741943,
        "median": 2.7309858799,
        "min": -1.1531252861,
        "var": 4.54519701004
    },
    "melbands_spread": {
        "dmean": 2.35911202431,
        "dmean2": 3.37123012543,
        "dvar": 40.6276321411,
        "dvar2": 60.590713501,
        "max": 160.04083252,
        "mean": 8.08547115326,
        "median": 6.04401636124,
        "min": 0.45542794466,
        "var": 131.91960144
    },
    "pitch_salience": {
        "dmean": 0.0577504076064,
        "dmean2": 0.089725933969,
        "dvar": 0.00337029527873,
        "dvar2": 0.00767554016784,
        "max": 0.865382969379,
        "mean": 0.480185836554,
        "median": 0.498589903116,
        "min": 0.0512793771923,
        "var": 0.016960432753
    },
    "silence_rate_20dB": {
        "dmean": 0,
        "dmean2": 0,
        "dvar": 0,
        "dvar2": 0,
        "max": 1,
        "mean": 1,
        "median": 1,
        "min": 1,
        "var": 0
    },
    "silence_rate_30dB": {
        "dmean": 0,
        "dmean2": 0,
        "dvar": 0,
        "dvar2": 0,
        "max": 1,
        "mean": 1,
        "median": 1,
        "min": 1,
        "var": 0
    },
    "silence_rate_60dB": {
        "dmean": 0.0190721657127,
        "dmean2": 0.0381640009582,
        "dvar": 0.0187076646835,
        "dvar2": 0.041865453124,
        "max": 1,
        "mean": 0.0783101469278,
        "median": 0,
        "min": 0,
        "var": 0.0721790343523
    },
    "spectral_centroid": {
        "dmean": 98.9964294434,
        "dmean2": 138.64251709,
        "dvar": 92322.328125,
        "dvar2": 109616,
        "max": 11429.4267578,
        "mean": 569.891601562,
        "median": 476.575073242,
        "min": 165.862731934,
        "var": 207782.34375
    },
    "spectral_complexity": {
        "dmean": 1.38350510597,
        "dmean2": 2.16297054291,
        "dvar": 2.22095155716,
        "dvar2": 4.67275857925,
        "max": 24,
        "mean": 9.35960865021,
        "median": 10,
        "min": 0,
        "var": 18.1653175354
    },
    "spectral_decrease": {
        "dmean": 1.45434631005e-09,
        "dmean2": 2.12499617902e-09,
        "dvar": 3.70606568849e-18,
        "dvar2": 8.60255098474e-18,
        "max": 1.14144932608e-28,
        "mean": -5.76003733599e-09,
        "median": -4.61959670517e-09,
        "min": -2.59361474519e-08,
        "var": 2.03269891347e-17
    },
    "spectral_energy": {
        "dmean": 0.00568867800757,
        "dmean2": 0.00829547736794,
        "dvar": 5.61833912798e-05,
        "dvar2": 0.000129745050799,
        "max": 0.103328503668,
        "mean": 0.0227442830801,
        "median": 0.0181404836476,
        "min": 1.05537655988e-20,
        "var": 0.000317217636621
    },
    "spectral_energyband_high": {
        "dmean": 7.82558781793e-05,
        "dmean2": 0.000102270663774,
        "dvar": 5.85774806439e-08,
        "dvar2": 8.36472366927e-08,
        "max": 0.00635898066685,
        "mean": 0.000155623187311,
        "median": 5.02120165038e-05,
        "min": 7.68276951886e-21,
        "var": 1.75444270667e-07
    },
    "spectral_energyband_low": {
        "dmean": 0.00041441412759,
        "dmean2": 0.00065137562342,
        "dvar": 1.59910143793e-06,
        "dvar2": 4.1384096221e-06,
        "max": 0.0146642634645,
        "mean": 0.000709478685167,
        "median": 0.000131303662783,
        "min": 1.09956204e-22,
        "var": 2.8467870834e-06
    },
    "spectral_energyband_middle_high": {
        "dmean": 0.000665587198455,
        "dmean2": 0.000863721128553,
        "dvar": 2.35887546296e-06,
        "dvar2": 4.70722852697e-06,
        "max": 0.0570542067289,
        "mean": 0.00216373475268,
        "median": 0.000856962811667,
        "min": 1.36251298243e-21,
        "var": 1.97689241759e-05
    },
    "spectral_energyband_middle_low": {
        "dmean": 0.00546638015658,
        "dmean2": 0.00805653445423,
        "dvar": 5.39506218047e-05,
        "dvar2": 0.000127831241116,
        "max": 0.100906573236,
        "mean": 0.0203168429434,
        "median": 0.0160880293697,
        "min": 3.31051448975e-22,
        "var": 0.00026439098292
    },
    "spectral_entropy": {
        "dmean": 0.227499395609,
        "dmean2": 0.307388603687,
        "dvar": 0.0690591260791,
        "dvar2": 0.122119665146,
        "max": 9.80203342438,
        "mean": 6.41447353363,
        "median": 6.43050479889,
        "min": 3.95540356636,
        "var": 0.435101211071
    },
    "spectral_flux": {
        "dmean": 0.0178659502417,
        "dmean2": 0.0280755516142,
        "dvar": 0.000359034893336,
        "dvar2": 0.000843138375785,
        "max": 0.207227259874,
        "mean": 0.0510393641889,
        "median": 0.0431696213782,
        "min": 1.02731524676e-10,
        "var": 0.00130132341292
    },
    "spectral_kurtosis": {
        "dmean": 3.81273055077,
        "dmean2": 5.6503663063,
        "dvar": 24.4974956512,
        "dvar2": 49.7027282715,
        "max": 100.993896484,
        "mean": 13.5401468277,
        "median": 11.0362157822,
        "min": -1.18713760376,
        "var": 115.710777283
    },
    "spectral_rms": {
        "dmean": 0.000556727754883,
        "dmean2": 0.000796477310359,
        "dvar": 3.8402941982e-07,
        "dvar2": 8.18383284695e-07,
        "max": 0.0100403334945,
        "mean": 0.00431972648948,
        "median": 0.00420690281317,
        "min": 3.20879369083e-12,
        "var": 3.52949950866e-06
    },
    "spectral_rolloff": {
        "dmean": 161.57611084,
        "dmean2": 257.786834717,
        "dvar": 460478.96875,
        "dvar2": 687034.375,
        "max": 19056.8847656,
        "mean": 704.56048584,
        "median": 538.330078125,
        "min": 172.265625,
        "var": 919620.625
    },
    "spectral_skewness": {
        "dmean": 0.381720662117,
        "dmean2": 0.537777066231,
        "dvar": 0.176606878638,
        "dvar2": 0.320239603519,
        "max": 8.33637332916,
        "mean": 2.89208197594,
        "median": 2.81599140167,
        "min": -0.0232344865799,
        "var": 1.09698915482
    },
    "spectral_spread": {
        "dmean": 530676.6875,
        "dmean2": 725424.875,
        "dvar": 815900393472,
        "dvar2": 1.0382500823e+12,
        "max": 40519612,
        "mean": 3850863,
        "median": 3547896.5,
        "min": 1074502.25,
        "var": 3.36218711654e+12
    },
    "spectral_strongpeak": {
        "dmean": 0.394204050303,
        "dmean2": 0.643796563148,
        "dvar": 0.288589924574,
        "dvar2": 0.668371677399,
        "max": 8.62228488922,
        "mean": 1.18924558163,
        "median": 0.897814333439,
        "min": 0,
        "var": 1.02944755554
    },
    "zerocrossingrate": {
        "dmean": 0.00586591893807,
        "dmean2": 0.00670322775841,
        "dvar": 0.000222221031436,
        "dvar2": 0.000216272383113,
        "max": 0.5078125,
        "mean": 0.0319473296404,
        "median": 0.02734375,
        "min": 0,
        "var": 0.000721514457837
    },
    "barkbands": {
        "dmean": [2.1298444608e-07, 4.04551201427e-06, 0.000114929622214, 0.000699113821611, 0.00375035381876, 0.00142943463288, 0.000462766591227, 0.00116686115507, 0.000837477913592, 0.000368514243746, 0.000296382408123, 5.06628130097e-05, 0.000113117952424, 6.63033642923e-05, 7.30981846573e-05, 2.69841475529e-05, 3.84936502087e-05, 2.7420492188e-05, 1.52466955115e-05, 1.88574795175e-05, 1.53073196998e-05, 3.1040104659e-05, 6.59689612803e-06, 1.32429622681e-05, 1.28765905174e-05, 4.91787977808e-06, 1.39248669484e-07],
        "dmean2": [3.53322803903e-07, 6.84830274622e-06, 0.000174699423951, 0.00111109216232, 0.00563262728974, 0.00206673308276, 0.000728201935999, 0.00158661755268, 0.00112897448707, 0.000504778465256, 0.000397318188334, 7.37063892302e-05, 0.000156753900228, 9.49445457081e-05, 0.000105811734102, 4.08911546401e-05, 5.87415161135e-05, 4.23452947871e-05, 2.34609924519e-05, 2.84701145574e-05, 2.18825261982e-05, 4.63852375105e-05, 8.95870198292e-06, 1.88285266631e-05, 1.85001463251e-05, 7.05416323399e-06, 2.43901695285e-07],
        "dvar": [1.33764679021e-12, 8.36146984984e-11, 1.36472465329e-07, 4.38888082499e-06, 3.04607892758e-05, 6.43545035928e-06, 1.15001466838e-06, 1.04805540104e-05, 4.37221342509e-06, 1.11180759177e-06, 1.5105968032e-06, 3.33590719492e-08, 5.3861615612e-08, 4.43614176504e-08, 3.04373770632e-08, 6.25787333064e-09, 9.28124688215e-09, 4.68748195814e-09, 1.20167487072e-09, 5.85023407496e-09, 2.23253349141e-09, 1.22517374024e-08, 6.2244287502e-10, 3.42874018067e-09, 1.45723644263e-09, 1.87118084916e-10, 1.61834060692e-13],
        "dvar2": [2.62623755208e-12, 2.01543268186e-10, 3.45027956428e-07, 1.20493559734e-05, 7.74554355303e-05, 1.38803179652e-05, 2.9334530609e-06, 2.21476493607e-05, 7.44029603084e-06, 2.05452806767e-06, 3.07544860334e-06, 6.77686173844e-08, 1.15449360294e-07, 9.2484683023e-08, 6.07532157915e-08, 1.25046915045e-08, 2.0135868084e-08, 1.03156461151e-08, 2.79502265776e-09, 1.18257466042e-08, 4.09707689997e-09, 2.41381172827e-08, 1.02976860372e-09, 5.75595526797e-09, 2.87380008679e-09, 3.37337935363e-10, 4.41129175289e-13],
        "max": [4.50240331702e-05, 0.000147944680066, 0.00534037081525, 0.0290421396494, 0.0829725712538, 0.041574370116, 0.0198053978384, 0.0885113701224, 0.0510228164494, 0.0266761891544, 0.0508807189763, 0.00444426154718, 0.00407443009317, 0.00650249002501, 0.00365365995094, 0.0025501800701, 0.00261290534399, 0.00193191121798, 0.000787008611951, 0.00260767200962, 0.00123877904844, 0.00214785477147, 0.000621968298219, 0.0014825547114, 0.000979183940217, 0.000359490397386, 5.600757504e-06],
        "mean": [1.94336962522e-07, 4.62073512608e-06, 0.000207117569516, 0.00143656483851, 0.00896987505257, 0.00392288947478, 0.000981331104413, 0.00289470748976, 0.00185398256872, 0.000782526505645, 0.000710931431968, 8.81292362465e-05, 0.000244088325417, 0.000123792735394, 0.000139816504088, 5.19280147273e-05, 7.83630821388e-05, 5.53783320356e-05, 3.01661330013e-05, 3.16154400934e-05, 2.58776472037e-05, 4.17563096562e-05, 1.00246215879e-05, 2.25044568651e-05, 2.62271605607e-05, 9.75914736046e-06, 1.22767389144e-07],
        "median": [3.72581041574e-08, 1.28653050524e-06, 2.32393722399e-05, 0.000236449224758, 0.0062778047286, 0.00164367002435, 0.000371377391275, 0.000674367009196, 0.000366169726476, 0.00017616635887, 8.43662419356e-05, 1.59059109137e-05, 7.49636965338e-05, 1.85235858225e-05, 3.68365726899e-05, 1.571222856e-05, 2.24924187933e-05, 1.46114707604e-05, 1.09209931907e-05, 8.58568455442e-06, 5.38851827514e-06, 6.13321117271e-06, 1.77749734576e-06, 4.60128512714e-06, 8.87659916771e-06, 3.5996324641e-06, 4.43485648205e-09],
        "min": [3.67321784028e-23, 5.15975490314e-23, 4.10308581802e-23, 6.38331729464e-24, 5.82702205061e-23, 6.82520120169e-23, 9.95596341589e-24, 1.62770056641e-23, 1.41332723676e-22, 1.1608015014e-22, 2.39141337483e-23, 1.35133160485e-22, 7.85544029104e-23, 1.23785124996e-22, 8.36621005669e-23, 2.01325911063e-22, 1.00413347319e-22, 1.56874911718e-22, 1.89994473206e-22, 4.03744842552e-22, 4.71395711005e-22, 4.27908346276e-22, 4.78959587043e-22, 6.517560721e-22, 1.41800749171e-21, 1.56356431941e-21, 2.67392918474e-21],
        "var": [1.79241636724e-12, 1.12904588456e-10, 3.17988053666e-07, 9.0634348453e-06, 9.0025649115e-05, 3.1178977224e-05, 2.56725684267e-06, 4.56773086626e-05, 1.58810453286e-05, 3.54808116754e-06, 9.47920489125e-06, 7.19932415905e-08, 1.83494250905e-07, 1.95955237814e-07, 1.12842748479e-07, 1.57915476251e-08, 3.69811559153e-08, 1.45182061928e-08, 3.1032225678e-09, 1.02081658682e-08, 6.1646421301e-09, 2.12215827133e-08, 1.17626630658e-09, 8.35071034544e-09, 3.32343974563e-09, 5.01897579053e-10, 1.62820671117e-13]
    },
    "erbbands": {
        "dmean": [7.11201573722e-05, 0.00231484393589, 0.088285125792, 1.29903149605, 4.22623205185, 14.8296852112, 19.9796218872, 10.1659822464, 4.89575338364, 16.2865810394, 21.8756885529, 21.798116684, 9.02546215057, 12.818441391, 9.85363578796, 2.45931625366, 5.088804245, 3.33713674545, 4.38209247589, 1.71949398518, 1.258071661, 1.82094573975, 1.82137072086, 1.06307649612, 0.617225170135, 0.801343619823, 0.816003739834, 0.713839888573, 1.3737475872, 0.284901797771, 0.202935308218, 0.283625930548, 0.223082050681, 0.149912431836, 0.0977058708668, 0.0362906716764, 0.00621711369604, 0.000583082379308, 1.59389492183e-05, 6.63454329697e-06],
        "dmean2": [0.000109014188638, 0.00373701588251, 0.135621607304, 2.03791618347, 6.43059301376, 22.0338001251, 30.2979488373, 14.1960678101, 7.65762233734, 23.1183300018, 28.7478904724, 29.5290088654, 12.0298719406, 17.552488327, 12.6177749634, 3.30004715919, 7.1198682785, 4.52095985413, 6.14270877838, 2.48324465752, 1.82632958889, 2.73423790932, 2.70404052734, 1.57733201981, 0.884596467018, 1.18885314465, 1.26656365395, 0.998385965824, 2.09398078918, 0.384235799313, 0.270426630974, 0.395892083645, 0.314153343439, 0.21358345449, 0.143464967608, 0.0513874441385, 0.00921344850212, 0.000912839022931, 2.44987295446e-05, 9.57149040914e-06],
        "dvar": [2.68246829194e-08, 3.57069584425e-05, 0.071168012917, 14.4916963577, 133.475326538, 507.582672119, 1199.99035645, 415.583557129, 119.111801147, 1584.73425293, 5337.50097656, 3101.23510742, 439.485870361, 1847.27978516, 1551.53381348, 40.9484939575, 113.300285339, 115.192855835, 125.384262085, 14.8650922775, 15.7759571075, 21.9842567444, 21.4898452759, 4.0167517662, 3.03205752373, 15.2795124054, 7.46891832352, 5.11608219147, 26.7572288513, 1.13182687759, 0.563309729099, 1.46727156639, 1.00121212006, 0.238069087267, 0.0723911821842, 0.0116963805631, 0.000238219290623, 2.04100024348e-06, 1.30348520866e-09, 7.19036080676e-11],
        "dvar2": [6.10166850379e-08, 9.37033619266e-05, 0.184045866132, 39.1194839478, 306.359069824, 1198.60144043, 2951.56567383, 759.234313965, 307.957336426, 3526.13378906, 10427.8457031, 5484.16650391, 876.67980957, 3442.24560547, 2733.96801758, 84.5841293335, 244.957214355, 236.413665771, 234.168670654, 29.6215724945, 30.4778194427, 48.3936080933, 47.6889305115, 8.8090057373, 5.39365100861, 31.3070087433, 16.6013202667, 8.54156303406, 57.5635604858, 2.08840489388, 0.958883702755, 2.63399910927, 1.82823824883, 0.460601866245, 0.150217935443, 0.0205127447844, 0.000494461273775, 4.90235925099e-06, 3.09881187377e-09, 1.63526775454e-10],
        "max": [0.00298426765949, 0.0929424092174, 4.0146651268, 47.4310951233, 261.527709961, 401.713104248, 443.033599854, 507.840026855, 190.862854004, 704.037231445, 2411.21240234, 1516.40185547, 510.522735596, 1203.3939209, 1487.43066406, 188.139938354, 199.879150391, 367.299560547, 290.548492432, 85.1304931641, 148.348648071, 140.526794434, 159.964508057, 45.8263969421, 47.0867538452, 150.092086792, 59.0900039673, 53.5209236145, 89.7469024658, 29.6561870575, 17.5676517487, 33.3623008728, 26.2789592743, 11.7011632919, 6.23063755035, 2.80381512642, 0.375857710838, 0.0304417610168, 0.000731961103156, 0.000119128621009],
        "mean": [0.000140528805787, 0.0041790236719, 0.168704494834, 2.53365015984, 9.44739532471, 34.1476593018, 51.4996299744, 29.8027191162, 12.343167305, 41.1697807312, 54.9182434082, 50.1321640015, 22.6327552795, 27.8187274933, 24.3238697052, 5.78073215485, 11.3826522827, 6.65460062027, 9.28525924683, 3.65863704681, 2.71407151222, 3.9135427475, 3.83891773224, 2.3415813446, 1.15387845039, 1.35862636566, 1.37508904934, 1.1370831728, 1.77791237831, 0.451357930899, 0.30784958601, 0.477796077728, 0.356228500605, 0.271783351898, 0.196341335773, 0.0719397440553, 0.0127743920311, 0.000908062094823, 3.50031623384e-05, 2.71911158052e-05],
        "median": [6.2795705162e-05, 0.00145619094837, 0.0383795574307, 0.562429428101, 3.89485478401, 22.4015045166, 26.3207836151, 13.8448514938, 6.01067113876, 16.8460559845, 10.7984457016, 11.7132549286, 7.11229801178, 6.2595334053, 3.96419501305, 1.64672100544, 3.61859250069, 1.67974889278, 2.0236389637, 1.30699002743, 0.96802008152, 1.14264929295, 1.00917577744, 0.796582818031, 0.415529817343, 0.404923439026, 0.31196731329, 0.191680058837, 0.240657493472, 0.0858945399523, 0.0533495619893, 0.08854470402, 0.0701112300158, 0.0654678791761, 0.0650026649237, 0.0243117343634, 0.00477955304086, 0.000263025402091, 2.02132632694e-05, 2.18419008888e-05],
        "min": [1.93958323812e-21, 1.08388448343e-20, 3.68181224886e-20, 3.84896315556e-20, 8.91829947303e-20, 2.24878717196e-19, 5.84815762497e-19, 3.16781766124e-19, 1.79357714392e-19, 1.46400796685e-19, 1.06061790905e-18, 2.42680998486e-18, 3.96690923644e-18, 2.66386836789e-18, 1.59721390152e-18, 5.53912067337e-18, 3.31183616483e-18, 6.50738231607e-18, 5.17344976716e-18, 7.13643869626e-18, 9.97484113942e-18, 6.22227466562e-18, 7.70968065102e-18, 7.5606797801e-18, 1.32993164172e-17, 1.73380365114e-17, 1.69848585139e-17, 2.01935202342e-17, 1.71847831049e-17, 1.11096675926e-17, 1.27570879452e-17, 1.29364918395e-17, 1.18618402944e-17, 1.48073072058e-17, 9.90445137801e-18, 5.51622183247e-18, 3.09034780247e-18, 1.32584820259e-18, 4.22482885602e-19, 3.91995657787e-20],
        "var": [5.35574891103e-08, 6.1812439526e-05, 0.148914381862, 26.2943782806, 296.951263428, 1494.73852539, 4582.54736328, 2627.12915039, 358.489868164, 5373.02978516, 25966.2597656, 10792.7480469, 2321.71411133, 6591.19726562, 10501.8056641, 146.248291016, 391.798034668, 358.243011475, 609.596557617, 53.6416625977, 41.7040863037, 95.9542388916, 79.5431137085, 17.6378059387, 6.5428519249, 23.6909236908, 15.4696483612, 13.8891019821, 39.6562805176, 2.29383158684, 1.07517433167, 3.20938420296, 2.33951687813, 0.546059310436, 0.164294317365, 0.0323985591531, 0.000544085574802, 3.30250736624e-06, 2.35615948974e-09, 4.37704400502e-10]
    },
    "gfcc": {
        "mean": [-83.552947998, 105.321037292, -111.736305237, -14.8894557953, -88.379989624, -19.449426651, -66.5486068726, -7.66592407227, -45.7125015259, -9.37097454071, -28.8978557587, -7.35698986053, -9.97785663605],
        "cov": [[6469.42333984, -938.567993164, -714.625732422, 7.20219182968, -555.200012207, 182.211853027, -83.5721969604, 271.728820801, -152.534439087, 230.478652954, -235.986816406, 26.1308937073, -108.283401489], [-938.567993164, 1095.08093262, 59.5716781616, -293.092681885, 273.639678955, -19.5141906738, 122.044311523, -219.398040771, 83.3488082886, -118.853591919, 29.1850681305, -121.969215393, 15.7756881714], [-714.625732422, 59.5716781616, 732.175598145, 209.271331787, 114.518821716, 64.6238861084, -98.4427490234, 72.8291320801, -13.1093454361, -70.0011291504, -30.566778183, -68.8810348511, -41.3926086426], [7.20219182968, -293.092681885, 209.271331787, 676.808288574, -19.0299835205, 21.4479236603, -16.8199520111, 36.4960289001, 76.7160491943, -50.4791183472, 3.41240739822, -31.8919410706, -54.6867790222], [-555.200012207, 273.639678955, 114.518821716, -19.0299835205, 277.772949219, 31.2008419037, 19.9814109802, -39.6872062683, -6.48989915848, -58.7854919434, -22.0628700256, -17.8606071472, -10.5660648346], [182.211853027, -19.5141906738, 64.6238861084, 21.4479236603, 31.2008419037, 235.559921265, 81.3720474243, -45.0608291626, -26.9958648682, 25.6621055603, -29.6589698792, -30.1599903107, -55.0877227783], [-83.5721969604, 122.044311523, -98.4427490234, -16.8199520111, 19.9814109802, 81.3720474243, 180.00112915, -69.5394668579, 3.54987955093, 11.5004472733, -8.80955982208, -15.0272312164, -36.7892341614], [271.728820801, -219.398040771, 72.8291320801, 36.4960289001, -39.6872062683, -45.0608291626, -69.5394668579, 244.066604614, 14.0795049667, 0.284644961357, -50.2286376953, -0.0444922782481, 0.620939791203], [-152.534439087, 83.3488082886, -13.1093454361, 76.7160491943, -6.48989915848, -26.9958648682, 3.54987955093, 14.0795049667, 142.352264404, 0.0142906131223, -5.95385122299, -26.9772262573, -17.5307922363], [230.478652954, -118.853591919, -70.0011291504, -50.4791183472, -58.7854919434, 25.6621055603, 11.5004472733, 0.284644961357, 0.0142906131223, 126.135818481, 3.24314522743, 7.92135667801, -24.7932491302], [-235.986816406, 29.1850681305, -30.566778183, 3.41240739822, -22.0628700256, -29.6589698792, -8.80955982208, -50.2286376953, -5.95385122299, 3.24314522743, 106.402023315, 25.3608093262, 21.797454834], [26.1308937073, -121.969215393, -68.8810348511, -31.8919410706, -17.8606071472, -30.1599903107, -15.0272312164, -0.0444922782481, -26.9772262573, 7.92135667801, 25.3608093262, 124.775436401, 33.2934837341], [-108.283401489, 15.7756881714, -41.3926086426, -54.6867790222, -10.5660648346, -55.0877227783, -36.7892341614, 0.620939791203, -17.5307922363, -24.7932491302, 21.797454834, 33.2934837341, 100.667312622]],
        "icov": [[0.000355416123057, -0.000375277159037, 0.000598853686824, -0.000360915553756, 0.000779182941187, -0.000580480322242, 0.000848675903399, -0.000452650274383, 0.000854356971104, -0.000316486577503, 0.000943020102568, -0.000255098886555, 0.000519374269061], [-0.000375277159037, 0.00432822108269, -0.0015411414206, 0.00271240016446, -0.00323814479634, 0.00201042904519, -0.00328600103967, 0.00301567162387, -0.00411657290533, 0.00294312415645, -0.00239880639128, 0.0035501322709, -0.00134808872826], [0.000598853686824, -0.0015411414206, 0.00337320333347, -0.00165031955112, 0.001099844696, -0.00215444364585, 0.00354063813575, -0.00182825780939, 0.00270033325069, -0.000386080471799, 0.00171786395367, -0.000331761490088, 0.00173076021019], [-0.000360915553756, 0.00271240016446, -0.00165031955112, 0.00367653300054, -0.00170276698191, 0.00120857870206, -0.00226047355682, 0.00183795846533, -0.00379786803387, 0.00287311896682, -0.00224986905232, 0.00197829119861, 2.97123860946e-05], [0.000779182941187, -0.00323814479634, 0.001099844696, -0.00170276698191, 0.00786095950752, -0.00227568252012, 0.00288780638948, -0.00158488063607, 0.00366257037967, -0.000171363397385, 0.0039034599904, -0.00281125237234, 0.00219787983224], [-0.000580480322242, 0.00201042904519, -0.00215444364585, 0.00120857870206, -0.00227568252012, 0.00799055956304, -0.00479470193386, 0.00259775505401, -0.000957251584623, -3.13102063956e-05, -0.000541464774869, 0.00201427494176, 0.000473399792099], [0.000848675903399, -0.00328600103967, 0.00354063813575, -0.00226047355682, 0.00288780638948, -0.00479470193386, 0.0121856210753, -0.00103488320019, 0.00362276961096, -0.00154356122948, 0.00361433601938, -0.00221043638885, 0.00399385252967], [-0.000452650274383, 0.00301567162387, -0.00182825780939, 0.00183795846533, -0.00158488063607, 0.00259775505401, -0.00103488320019, 0.00793906208128, -0.00344731239602, 0.00187122065108, 0.00111715053208, 0.00193277129438, -0.000905329943635], [0.000854356971104, -0.00411657290533, 0.00270033325069, -0.00379786803387, 0.00366257037967, -0.000957251584623, 0.00362276961096, -0.00344731239602, 0.0131281251088, -0.00330200814642, 0.0036565810442, -0.00144422845915, 0.0029759304598], [-0.000316486577503, 0.00294312415645, -0.000386080471799, 0.00287311896682, -0.000171363397385, -3.13102063956e-05, -0.00154356122948, 0.00187122065108, -0.00330200814642, 0.0127529427409, -0.00246965978295, 0.00153656431939, 0.00258208601736], [0.000943020102568, -0.00239880639128, 0.00171786395367, -0.00224986905232, 0.0039034599904, -0.000541464774869, 0.00361433601938, 0.00111715053208, 0.0036565810442, -0.00246965978295, 0.0152779435739, -0.00351248378865, 0.000183878437383], [-0.000255098886555, 0.0035501322709, -0.000331761490088, 0.00197829119861, -0.00281125237234, 0.00201427494176, -0.00221043638885, 0.00193277129438, -0.00144422845915, 0.00153656431939, -0.00351248378865, 0.0128560271114, -0.0032693638932], [0.000519374269061, -0.00134808872826, 0.00173076021019, 2.97123860946e-05, 0.00219787983224, 0.000473399792099, 0.00399385252967, -0.000905329943635, 0.0029759304598, 0.00258208601736, 0.000183878437383, -0.0032693638932, 0.0155819766223]]
    },
    "melbands": {
        "dmean": [6.96487063578e-07, 2.81543216261e-05, 0.000296083104331, 0.000598322134465, 0.000758084701374, 0.000225272917305, 7.86952296039e-05, 0.000202291063033, 0.000169176768395, 0.000132989749545, 4.3213916797e-05, 5.3986957937e-05, 3.89722699765e-05, 9.91887645796e-06, 9.87282237475e-06, 9.10412018129e-06, 6.81099936628e-06, 7.5140392255e-06, 3.72089175471e-06, 2.08743699659e-06, 1.50843152369e-06, 1.67440089172e-06, 2.56810608334e-06, 1.32614127324e-06, 9.10231904072e-07, 4.82530595036e-07, 4.9170495231e-07, 5.99369457177e-07, 6.41014878511e-07, 3.52049056573e-07, 5.28828081769e-07, 9.97135430225e-07, 3.12570449523e-07, 1.0799658412e-07, 1.05853651178e-07, 1.6133846259e-07, 1.88632952813e-07, 1.79160792868e-07, 1.3450791414e-07, 1.30037747681e-07],
        "dmean2": [1.15695490877e-06, 4.35487745563e-05, 0.00045706491801, 0.000888279231731, 0.0011495888466, 0.000319571961882, 0.000123623030959, 0.000285803049337, 0.000220305868424, 0.000180164919584, 5.83166329307e-05, 7.321445446e-05, 4.90715719934e-05, 1.30803100546e-05, 1.41819109558e-05, 1.25792321342e-05, 9.28338249651e-06, 1.03435186247e-05, 5.4631123021e-06, 3.1922738799e-06, 2.21869231609e-06, 2.53628900282e-06, 3.96737914343e-06, 1.97936901714e-06, 1.3894384665e-06, 7.27251858734e-07, 6.9927301638e-07, 9.27004748519e-07, 1.01764078408e-06, 5.53617610421e-07, 7.74422460381e-07, 1.54958956955e-06, 4.58728834474e-07, 1.54213338988e-07, 1.46316608607e-07, 2.27313989853e-07, 2.77028817663e-07, 2.63280014678e-07, 1.89734649325e-07, 1.96373008521e-07],
        "dvar": [2.53517736318e-12, 8.06447264523e-09, 6.75697492625e-07, 1.03302079424e-06, 1.42712565321e-06, 1.78735717782e-07, 3.13582546596e-08, 2.42885533908e-07, 2.83828455849e-07, 1.26913178633e-07, 1.11258389168e-08, 3.17608872535e-08, 2.72533924317e-08, 9.20535314641e-10, 4.9305215466e-10, 3.55631746274e-10, 5.88944448765e-10, 4.28231894389e-10, 8.68136257326e-11, 2.96360679053e-11, 3.41938977133e-11, 2.00563576164e-11, 4.11572824432e-11, 1.30939686177e-11, 3.21872953638e-12, 1.60960546107e-12, 3.33906990599e-12, 8.75375466558e-12, 4.91594655608e-12, 1.71720634674e-12, 3.44914873572e-12, 1.46168181725e-11, 1.88856439168e-12, 1.48118699922e-13, 1.43971857006e-13, 3.89491038163e-13, 6.82194752077e-13, 7.03568930546e-13, 2.59991165966e-13, 1.64116848366e-13],
        "dvar2": [5.89346150007e-12, 2.08931769663e-08, 1.71394287918e-06, 2.5607673706e-06, 3.6678682136e-06, 3.48947907014e-07, 8.14594045551e-08, 5.46311866856e-07, 5.29908049884e-07, 2.18721041279e-07, 2.25350316185e-08, 5.78419552255e-08, 4.94455321132e-08, 1.53775359113e-09, 1.13071307872e-09, 7.04842184618e-10, 1.21300758327e-09, 7.5063244509e-10, 1.67835925713e-10, 6.33256502791e-11, 6.43573527803e-11, 4.57491440564e-11, 9.3076490959e-11, 2.6666726119e-11, 7.29839192554e-12, 3.53012389286e-12, 5.50836242938e-12, 1.9361156775e-11, 1.11640705361e-11, 4.20108912935e-12, 7.02844293182e-12, 3.30206938182e-11, 3.72571851842e-12, 2.94903397492e-13, 2.75129067749e-13, 6.41674376394e-13, 1.35952447217e-12, 1.40475044791e-12, 4.56322805063e-13, 3.52461142954e-13],
        "max": [2.98340473819e-05, 0.00135611242149, 0.0117214331403, 0.0169988274574, 0.0140415793285, 0.00984425097704, 0.00260833580978, 0.00860151275992, 0.0175213124603, 0.0101107489318, 0.00245608738624, 0.00482048233971, 0.00712852599099, 0.000793871178757, 0.000384169747122, 0.000335964141414, 0.000822760222945, 0.000572541030124, 0.000250651821261, 0.000114607668365, 0.000237633357756, 0.00011954458023, 0.000166229481692, 0.000129639243823, 4.37554590462e-05, 3.38289974025e-05, 5.76191596338e-05, 0.000107833693619, 4.98497138324e-05, 2.99407001876e-05, 3.61447127943e-05, 5.16983200214e-05, 4.22262310167e-05, 8.16410283733e-06, 9.30375517783e-06, 1.4136822756e-05, 2.29220622714e-05, 2.1916894184e-05, 1.36034577736e-05, 8.94509867067e-06],
        "mean": [8.36559252093e-07, 5.11061989528e-05, 0.000624190666713, 0.00140197726432, 0.00194906897377, 0.000639781181235, 0.000183882511919, 0.000508849683683, 0.000417378905695, 0.000299218896544, 0.000102460828202, 0.000110401808342, 9.19670928852e-05, 2.02069531952e-05, 2.12751110666e-05, 1.94546955754e-05, 1.17503850561e-05, 1.55311845447e-05, 7.22135155229e-06, 3.93498521589e-06, 2.99468933918e-06, 3.53633777195e-06, 4.81391316498e-06, 2.79528512692e-06, 1.82903124823e-06, 8.40742700348e-07, 8.03473085398e-07, 9.40336178701e-07, 1.02136959867e-06, 5.30626039108e-07, 7.35265075491e-07, 1.22562232718e-06, 4.50815065278e-07, 1.65717523259e-07, 1.468182802e-07, 2.39920609602e-07, 3.10027672867e-07, 2.6464240932e-07, 2.15884753629e-07, 2.28129735547e-07],
        "median": [2.61529919499e-07, 6.62685306452e-06, 0.000151481945068, 0.0009153354913, 0.00115929765161, 0.000297113787383, 7.9268909758e-05, 0.000198793670279, 7.43322016206e-05, 6.73300601193e-05, 2.85768674075e-05, 2.16532989725e-05, 1.13156338557e-05, 4.0822860683e-06, 5.55993074158e-06, 6.22815650786e-06, 2.03087188311e-06, 2.9061254736e-06, 2.11735823541e-06, 1.24930875245e-06, 9.66050947682e-07, 1.07850189579e-06, 1.10752955607e-06, 6.98392909726e-07, 6.20000776053e-07, 3.04120192141e-07, 2.22722320586e-07, 2.59987103846e-07, 2.19988677941e-07, 1.0220659874e-07, 9.03552503928e-08, 1.47880783175e-07, 7.71058168425e-08, 2.86170607211e-08, 2.1784432036e-08, 3.95459167635e-08, 5.39405711208e-08, 4.47915731172e-08, 3.89274212864e-08, 4.92313851908e-08],
        "min": [1.79994487408e-23, 1.79502522193e-23, 8.39818953116e-24, 1.06306453825e-23, 1.85097518163e-23, 8.82058668058e-24, 2.6420351944e-24, 1.29403658209e-24, 1.11604325336e-23, 1.72980441109e-23, 2.04273717027e-23, 1.17179599783e-23, 3.62443957284e-24, 1.30506276706e-23, 1.04055936215e-23, 8.83151634842e-24, 1.31154349606e-23, 8.81018318296e-24, 6.69499071627e-24, 1.25758541014e-23, 1.08705553388e-23, 6.19878064081e-24, 5.21162337541e-24, 8.83471044623e-24, 5.33564335376e-24, 8.34472921647e-24, 1.1348147508e-23, 1.19092745251e-23, 9.85078380253e-24, 1.4194051576e-23, 1.00228264774e-23, 9.78591419258e-24, 8.4000409877e-24, 5.5739799269e-24, 6.61549246968e-24, 9.72118499986e-24, 7.03909736515e-24, 7.45369031364e-24, 1.0570361421e-23, 1.28122828144e-23],
        "var": [3.79175640539e-12, 1.81946120392e-08, 1.47183743593e-06, 2.71451517619e-06, 4.93158722747e-06, 1.08080610062e-06, 8.66375913233e-08, 8.49626815125e-07, 1.43099509842e-06, 4.41955137376e-07, 5.34246922257e-08, 1.07624153145e-07, 1.80533021421e-07, 3.64535068798e-09, 1.60198143639e-09, 1.16099840852e-09, 1.67561320374e-09, 2.12707851333e-09, 2.83727374928e-10, 7.09525285747e-11, 8.08390368534e-11, 7.38671832035e-11, 1.37993283467e-10, 4.94365763604e-11, 1.21732745412e-11, 2.8443978943e-12, 7.30360130013e-12, 1.20208374504e-11, 9.29890279361e-12, 2.75773653045e-12, 6.94708309976e-12, 1.90845169529e-11, 3.4036660209e-12, 2.71862502128e-13, 2.47434912186e-13, 7.63488827282e-13, 1.43453651735e-12, 1.50652331322e-12, 5.92991150974e-13, 3.45069567538e-13]
    },
    "mfcc": {
        "mean": [-739.668579102, 150.562606812, 3.06547427177, -4.37578344345, -17.7852249146, -27.7715301514, -22.5350704193, -23.6506271362, -17.311498642, -22.3091659546, -15.7974004745, -17.814748764, -22.3318462372],
        "cov": [[6265.77148438, -853.876342773, -517.359436035, -32.919216156, -439.155792236, -52.5035591125, -30.1186580658, -28.1732082367, 227.038299561, 46.5580863953, 185.089065552, 172.287033081, -21.3790397644], [-853.876342773, 1277.85559082, -228.780639648, -324.326751709, 7.26168632507, 95.6382751465, 15.9570703506, -38.8470001221, -37.0566940308, -18.7613525391, -14.30427742, -93.0246582031, -62.3880462646], [-517.359436035, -228.780639648, 632.436767578, 181.671768188, 180.267028809, -3.53285336494, 14.6684026718, 23.8869419098, 34.3331985474, 10.1883840561, 9.67865371704, 87.7006072998, -34.9955558777], [-32.919216156, -324.326751709, 181.671768188, 398.78805542, 122.532691956, -22.9402446747, -21.5848026276, 58.6662139893, 44.3709945679, -14.0279273987, -0.192389369011, 79.7531967163, 28.3288574219], [-439.155792236, 7.26168632507, 180.267028809, 122.532691956, 295.602081299, -47.9006004333, 4.29672765732, 37.8156089783, 36.0763626099, -11.3046159744, -18.5194988251, 24.6126651764, -35.6406173706], [-52.5035591125, 95.6382751465, -3.53285336494, -22.9402446747, -47.9006004333, 400.058105469, 74.3215713501, 31.3012580872, -59.6676826477, 59.5424079895, 18.6449184418, -56.2049407959, 28.0724525452], [-30.1186580658, 15.9570703506, 14.6684026718, -21.5848026276, 4.29672765732, 74.3215713501, 160.64402771, 28.2312202454, -18.6811561584, 7.11642980576, 3.60208201408, -27.152261734, -12.7425699234], [-28.1732082367, -38.8470001221, 23.8869419098, 58.6662139893, 37.8156089783, 31.3012580872, 28.2312202454, 140.637817383, 32.9706420898, -3.74390006065, -0.649401009083, -6.8718624115, 11.9373121262], [227.038299561, -37.0566940308, 34.3331985474, 44.3709945679, 36.0763626099, -59.6676826477, -18.6811561584, 32.9706420898, 157.318069458, 20.8372592926, 21.2534866333, 40.693939209, -1.53139007092], [46.5580863953, -18.7613525391, 10.1883840561, -14.0279273987, -11.3046159744, 59.5424079895, 7.11642980576, -3.74390006065, 20.8372592926, 128.634719849, 27.4828605652, -6.51063776016, 7.3103313446], [185.089065552, -14.30427742, 9.67865371704, -0.192389369011, -18.5194988251, 18.6449184418, 3.60208201408, -0.649401009083, 21.2534866333, 27.4828605652, 109.833808899, 37.8945045471, -4.2517991066], [172.287033081, -93.0246582031, 87.7006072998, 79.7531967163, 24.6126651764, -56.2049407959, -27.152261734, -6.8718624115, 40.693939209, -6.51063776016, 37.8945045471, 164.480239868, 10.603644371], [-21.3790397644, -62.3880462646, -34.9955558777, 28.3288574219, -35.6406173706, 28.0724525452, -12.7425699234, 11.9373121262, -1.53139007092, 7.3103313446, -4.2517991066, 10.603644371, 137.607269287]],
