{
"lowlevel": {
    "average_loudness": 0.902442634106,
    "barkbands_crest": {
        "dmean": 2.51838064194,
        "dmean2": 4.19880580902,
        "dvar": 4.46576356888,
        "dvar2": 12.5725355148,
        "max": 22.25872612,
        "mean": 10.0001306534,
        "median": 9.57255268097,
        "min": 3.49018955231,
        "var": 9.68063259125
    },
    "barkbands_flatness_db": {
        "dmean": 0.032994993031,
        "dmean2": 0.0479318909347,
        "dvar": 0.000987882376648,
        "dvar2": 0.00187966681551,
        "max": 0.421298980713,
        "mean": 0.176015257835,
        "median": 0.165144637227,
        "min": 0.0335929952562,
        "var": 0.0043740356341
    },
    "barkbands_kurtosis": {
        "dmean": 6.17392253876,
        "dmean2": 10.185505867,
        "dvar": 76.2731246948,
        "dvar2": 197.827316284,
        "max": 109.040870667,
        "mean": 11.0710954666,
        "median": 7.29313611984,
        "min": -1.74566149712,
        "var": 143.785293579
    },
    "barkbands_skewness": {
        "dmean": 0.713708519936,
        "dmean2": 1.15094399452,
        "dvar": 0.527423620224,
        "dvar2": 1.35340344906,
        "max": 8.79822063446,
        "mean": 2.50622200966,
        "median": 2.35085248947,
        "min": -1.86526858807,
        "var": 1.26895129681
    },
    "barkbands_spread": {
        "dmean": 5.3620390892,
        "dmean2": 8.46290206909,
        "dvar": 39.6764678955,
        "dvar2": 93.736328125,
        "max": 81.8325881958,
        "mean": 14.0165071487,
        "median": 12.1632823944,
        "min": 0.653944432735,
        "var": 93.1004638672
    },
    "dissonance": {
        "dmean": 0.0264754015952,
        "dmean2": 0.0433416254818,
        "dvar": 0.000592350319494,
        "dvar2": 0.00150751578622,
        "max": 0.499999970198,
        "mean": 0.447727233171,
        "median": 0.454124361277,
        "min": 0.187368139625,
        "var": 0.00114138994832
    },
    "dynamic_complexity": 2.18208622932,
    "erbbands_crest": {
        "dmean": 3.03058862686,
        "dmean2": 4.96931266785,
        "dvar": 8.03978157043,
        "dvar2": 19.5284843445,
        "max": 29.0559959412,
        "mean": 9.69539070129,
        "median": 8.67854499817,
        "min": 2.70949220657,
        "var": 18.3226242065
    },
    "erbbands_flatness_db": {
        "dmean": 0.0252702534199,
        "dmean2": 0.0354370288551,
        "dvar": 0.000609071692452,
        "dvar2": 0.00112590752542,
        "max": 0.331317126751,
        "mean": 0.157836422324,
        "median": 0.14931833744,
        "min": 0.0677178800106,
        "var": 0.00211946060881
    },
    "erbbands_kurtosis": {
        "dmean": 1.73335945606,
        "dmean2": 2.7594473362,
        "dvar": 5.87245798111,
        "dvar2": 13.3917779922,
        "max": 42.663433075,
        "mean": 1.48133099079,
        "median": 0.343249797821,
        "min": -1.90824532509,
        "var": 14.0233449936
    },
    "erbbands_skewness": {
        "dmean": 0.468985021114,
        "dmean2": 0.730307221413,
        "dvar": 0.202584862709,
        "dvar2": 0.472723722458,
        "max": 4.32709026337,
        "mean": 1.07297730446,
        "median": 1.02490210533,
        "min": -1.16732573509,
        "var": 0.628541827202
    },
    "erbbands_spread": {
        "dmean": 12.3483304977,
        "dmean2": 18.8244419098,
        "dvar": 168.079238892,
        "dvar2": 335.341888428,
        "max": 176.576751709,
        "mean": 43.7058753967,
        "median": 41.1404800415,
        "min": 3.18919348717,
        "var": 484.21270752
    },
    "hfc": {
        "dmean": 6.33896303177,
        "dmean2": 9.27888679504,
        "dvar": 66.3157348633,
        "dvar2": 139.408508301,
        "max": 111.303230286,
        "mean": 13.6267642975,
        "median": 10.0236616135,
        "min": 1.12806815594e-16,
        "var": 155.14515686
    },
    "melbands_crest": {
        "dmean": 3.68441438675,
        "dmean2": 6.11359024048,
        "dvar": 9.8079957962,
        "dvar2": 26.8009262085,
        "max": 30.2721614838,
        "mean": 14.7511701584,
        "median": 13.8996047974,
        "min": 2.04648423195,
        "var": 24.0396518707
    },
    "melbands_flatness_db": {
        "dmean": 0.0381881408393,
        "dmean2": 0.0543431378901,
        "dvar": 0.00136835721787,
        "dvar2": 0.00262477644719,
        "max": 0.565949618816,
        "mean": 0.258692532778,
        "median": 0.247153535485,
        "min": 0.00430407514796,
        "var": 0.00671220198274
    },
    "melbands_kurtosis": {
        "dmean": 12.3850297928,
        "dmean2": 20.1266002655,
        "dvar": 290.386932373,
        "dvar2": 721.796630859,
        "max": 253.027099609,
        "mean": 24.0778656006,
        "median": 17.3315467834,
        "min": -1.32421243191,
        "var": 521.098205566
    },
    "melbands_skewness": {
        "dmean": 0.953228294849,
        "dmean2": 1.49792289734,
        "dvar": 0.847512304783,
        "dvar2": 2.01450181007,
        "max": 11.0092048645,
        "mean": 3.37762236595,
        "median": 3.16855859756,
        "min": -0.433894276619,
        "var": 2.41031718254
    },
    "melbands_spread": {
        "dmean": 4.39117574692,
        "dmean2": 6.88291406631,
        "dvar": 35.6431922913,
        "dvar2": 71.6918258667,
        "max": 148.005996704,
        "mean": 11.9609022141,
        "median": 9.98193454742,
        "min": 0.63286036253,
        "var": 82.542640686
    },
    "pitch_salience": {
        "dmean": 0.0809624791145,
        "dmean2": 0.132208660245,
        "dvar": 0.00477240886539,
        "dvar2": 0.0123966159299,
        "max": 0.850778102875,
        "mean": 0.597544550896,
        "median": 0.607659697533,
        "min": 0.214315965772,
        "var": 0.0108202593401
    },
    "silence_rate_20dB": {
        "dmean": 0,
        "dmean2": 0,
        "dvar": 0,
        "dvar2": 0,
        "max": 1,
        "mean": 1,
        "median": 1,
        "min": 1,
        "var": 0
    },
    "silence_rate_30dB": {
        "dmean": 0.0134089738131,
        "dmean2": 0.0268317852169,
        "dvar": 0.0132291484624,
        "dvar2": 0.0333360880613,
        "max": 1,
        "mean": 0.984020590782,
        "median": 1,
        "min": 0,
        "var": 0.0157242584974
    },
    "silence_rate_60dB": {
        "dmean": 0.00979886576533,
        "dmean2": 0.0196078438312,
        "dvar": 0.00970306713134,
        "dvar2": 0.0202560070902,
        "max": 1,
        "mean": 0.0190721657127,
        "median": 0,
        "min": 0,
        "var": 0.0187088288367
    },
    "spectral_centroid": {
        "dmean": 257.709686279,
        "dmean2": 394.702575684,
        "dvar": 128373.96875,
        "dvar2": 217145.59375,
        "max": 11573.0605469,
        "mean": 885.044677734,
        "median": 792.798095703,
        "min": 166.814498901,
        "var": 290448.1875
    },
    "spectral_complexity": {
        "dmean": 4.16606521606,
        "dmean2": 6.39473676682,
        "dvar": 24.3023281097,
        "dvar2": 52.9496650696,
        "max": 48,
        "mean": 13.0798969269,
        "median": 11,
        "min": 0,
        "var": 52.0674209595
    },
    "spectral_decrease": {
        "dmean": 3.01731217789e-09,
        "dmean2": 4.51986492678e-09,
        "dvar": 1.32714511839e-17,
        "dvar2": 2.90173205261e-17,
        "max": -6.35295617214e-29,
        "mean": -7.4426629304e-09,
        "median": -5.81651127263e-09,
        "min": -4.61457823064e-08,
        "var": 3.70858222006e-17
    },
    "spectral_energy": {
        "dmean": 0.0118639906868,
        "dmean2": 0.0176957249641,
        "dvar": 0.000201891671168,
        "dvar2": 0.000440222676843,
        "max": 0.184259951115,
        "mean": 0.0293263085186,
        "median": 0.0230609662831,
        "min": 1.04716800399e-20,
        "var": 0.000566465954762
    },
    "spectral_energyband_high": {
        "dmean": 0.000371885311324,
        "dmean2": 0.000562003231607,
        "dvar": 3.14614567287e-07,
        "dvar2": 6.94626010045e-07,
        "max": 0.00668484112248,
        "mean": 0.000556525483262,
        "median": 0.000277569226455,
        "min": 7.63476880953e-21,
        "var": 6.09010953667e-07
    },
    "spectral_energyband_low": {
        "dmean": 0.00635533686727,
        "dmean2": 0.0100141745061,
        "dvar": 7.84289368312e-05,
        "dvar2": 0.000189301572391,
        "max": 0.139761656523,
        "mean": 0.0127598904073,
        "median": 0.00876526068896,
        "min": 9.09349184856e-23,
        "var": 0.000192000181414
    },
    "spectral_energyband_middle_high": {
        "dmean": 0.00122283375822,
        "dmean2": 0.00185453181621,
        "dvar": 4.68239431939e-06,
        "dvar2": 1.10597729872e-05,
        "max": 0.0437166728079,
        "mean": 0.00213648052886,
        "median": 0.00108893692959,
        "min": 1.44867537448e-21,
        "var": 9.82783421932e-06
    },
    "spectral_energyband_middle_low": {
        "dmean": 0.00845230650157,
        "dmean2": 0.0134783210233,
        "dvar": 0.000112779998744,
        "dvar2": 0.000261004897766,
        "max": 0.13185235858,
        "mean": 0.0180009324104,
        "median": 0.0136103369296,
        "min": 4.24298215852e-22,
        "var": 0.000267492432613
    },
    "spectral_entropy": {
        "dmean": 0.296713531017,
        "dmean2": 0.421891659498,
        "dvar": 0.0934947729111,
        "dvar2": 0.179603815079,
        "max": 9.80353164673,
        "mean": 7.19748163223,
        "median": 7.31424331665,
        "min": 4.92804288864,
        "var": 0.359886139631
    },
    "spectral_flux": {
        "dmean": 0.0288758426905,
        "dmean2": 0.0437163189054,
        "dvar": 0.000861701730173,
        "dvar2": 0.00181118689943,
        "max": 0.303816974163,
        "mean": 0.0901221185923,
        "median": 0.0832500457764,
        "min": 1.02331226826e-10,
        "var": 0.0021160657052
    },
    "spectral_kurtosis": {
        "dmean": 2.52490305901,
        "dmean2": 3.95389103889,
        "dvar": 17.9331512451,
        "dvar2": 33.1650428772,
        "max": 93.8055953979,
        "mean": 5.50056934357,
        "median": 3.51824450493,
        "min": -1.18559575081,
        "var": 40.3410301208
    },
    "spectral_rms": {
        "dmean": 0.00106475979555,
        "dmean2": 0.00155542371795,
        "dvar": 1.13038208838e-06,
        "dvar2": 2.37669883063e-06,
        "max": 0.013407677412,
        "mean": 0.00497162109241,
        "median": 0.00474325846881,
        "min": 3.19629045453e-12,
        "var": 3.89399656342e-06
    },
    "spectral_rolloff": {
        "dmean": 294.623626709,
        "dmean2": 506.420806885,
        "dvar": 514137.4375,
        "dvar2": 1008374.5,
        "max": 18367.8222656,
        "mean": 679.816040039,
        "median": 495.263671875,
        "min": 150.732421875,
        "var": 619215.8125
    },
    "spectral_skewness": {
        "dmean": 0.34361359477,
        "dmean2": 0.513987720013,
        "dvar": 0.17325797677,
        "dvar2": 0.324478775263,
        "max": 7.9979596138,
        "mean": 1.7146602869,
        "median": 1.49872040749,
        "min": -0.0848714858294,
        "var": 0.55714994669
    },
    "spectral_spread": {
        "dmean": 917776.0625,
        "dmean2": 1339001.25,
        "dvar": 1.51470761574e+12,
        "dvar2": 2.7248188457e+12,
        "max": 41721040,
        "mean": 4838885.5,
        "median": 4809341,
        "min": 1163288,
        "var": 3.80941080986e+12
    },
    "spectral_strongpeak": {
        "dmean": 0.362979084253,
        "dmean2": 0.60511636734,
        "dvar": 0.275050789118,
        "dvar2": 0.666140139103,
        "max": 6.85404634476,
        "mean": 0.674408853054,
        "median": 0.512354135513,
        "min": 0,
        "var": 0.438267886639
    },
    "zerocrossingrate": {
        "dmean": 0.0101317726076,
        "dmean2": 0.0122057711706,
        "dvar": 0.000227428172366,
        "dvar2": 0.000285486283246,
        "max": 0.51171875,
        "mean": 0.041996717453,
        "median": 0.039794921875,
        "min": 0.0029296875,
        "var": 0.000622345134616
    },
    "barkbands": {
        "dmean": [0.000212863626075, 0.00266123213805, 0.00289828260429, 0.00400847103447, 0.00393709400669, 0.00136653648224, 0.00124566676095, 0.000600641535129, 0.000780072587077, 0.000650322588626, 0.000204276453587, 0.000111436151201, 2.83707522613e-05, 2.09457157325e-05, 5.28041200596e-05, 0.00010926246614, 0.000137411203468, 0.000186367076822, 0.000171782099642, 0.000101038633147, 0.000106459738163, 6.55061885482e-05, 6.1331091274e-05, 5.43956521142e-05, 3.99192249461e-05, 3.75295967388e-05, 2.08114238376e-06],
        "dmean2": [0.000309991941322, 0.00380473118275, 0.00484964530915, 0.00692066783085, 0.00637078564614, 0.00227056420408, 0.00192185165361, 0.00101320468821, 0.00128151266836, 0.00100090680644, 0.00034003512701, 0.000191420782357, 4.46944286523e-05, 3.44837280863e-05, 8.68744900799e-05, 0.000180501287105, 0.000219398716581, 0.000298171042232, 0.000261352397501, 0.000160162133398, 0.000166244150023, 0.000103721715277, 9.61012774496e-05, 8.35632308736e-05, 6.21979561402e-05, 6.17858750047e-05, 3.64125253327e-06],
        "dvar": [1.00848261297e-07, 1.52715329023e-05, 1.88173380593e-05, 3.84782761103e-05, 3.95677707274e-05, 3.17811804962e-06, 7.66144512454e-06, 1.39767087148e-06, 2.54024598689e-06, 3.46492856806e-06, 4.15268118559e-07, 6.96985296145e-08, 3.82186238213e-09, 2.48704301598e-09, 1.3113043984e-08, 5.14650366767e-08, 6.09732708767e-08, 9.97066749164e-08, 6.94085287023e-08, 2.80230025851e-08, 3.10499110867e-08, 1.14828582198e-08, 1.03356017078e-08, 7.73124586573e-09, 4.55505855257e-09, 1.3386681097e-08, 2.75299748276e-11],
        "dvar2": [2.24307342478e-07, 3.17927842843e-05, 4.82441137137e-05, 0.000108620835817, 9.2817863333e-05, 8.35764512885e-06, 1.63681161212e-05, 3.71503233509e-06, 6.74877583151e-06, 8.37242441776e-06, 1.08718097636e-06, 1.95157738858e-07, 8.74629080272e-09, 6.3364886671e-09, 3.72185517961e-08, 1.14941499874e-07, 1.46983339278e-07, 2.42991887944e-07, 1.54177016043e-07, 6.78567317891e-08, 7.47818660329e-08, 2.7492996324e-08, 2.35460326792e-08, 1.65712688016e-08, 1.0566428621e-08, 3.69317199045e-08, 7.29575844183e-11],
        "max": [0.00377780478448, 0.0539675354958, 0.0627481117845, 0.0750987827778, 0.0645269677043, 0.0218349955976, 0.0462216362357, 0.0168718341738, 0.0230932813138, 0.0423402041197, 0.014276011847, 0.00308517366648, 0.00154165865388, 0.000836648745462, 0.00243297102861, 0.00368216470815, 0.0030181328766, 0.003462173976, 0.00342065468431, 0.00196348270401, 0.00287053175271, 0.00127187068574, 0.00143686053343, 0.00159636582248, 0.000914895965252, 0.00334611930884, 6.40581638436e-05],
        "mean": [0.000268044212135, 0.00400546332821, 0.00443410640582, 0.00620521511883, 0.0053471843712, 0.00236642220989, 0.00174188427627, 0.000779362802859, 0.00135822035372, 0.000882769585587, 0.000269664102234, 0.000129621432279, 3.911654494e-05, 2.43464619416e-05, 6.77595235175e-05, 0.000128579617012, 0.000179195325472, 0.000233277154621, 0.000246464187512, 0.000141518656164, 0.000157123693498, 8.69336072356e-05, 7.82267088653e-05, 7.00727832736e-05, 4.84089468955e-05, 3.57972676284e-05, 1.54364659011e-06],
        "median": [0.000118016076158, 0.00182291609235, 0.00263691763394, 0.00287726288661, 0.00275094551034, 0.00156649295241, 0.000671685207635, 0.000343096035067, 0.000458162219729, 0.000244414957706, 5.50609474885e-05, 3.45971639035e-05, 1.11789549919e-05, 7.53508447815e-06, 2.68843486992e-05, 4.03940866818e-05, 7.63323478168e-05, 0.000102604870335, 0.000116888826597, 6.28820853308e-05, 6.15800527157e-05, 3.80386081815e-05, 2.99401726807e-05, 2.4371107429e-05, 1.66305726452e-05, 9.28195640881e-06, 8.7743060817e-08],
        "min": [3.07437258287e-24, 4.23647336185e-23, 2.72931894591e-23, 2.77555692347e-23, 8.77471946765e-23, 1.25715032179e-22, 6.42662197181e-23, 3.52178147448e-23, 7.93697947856e-23, 6.84528496925e-23, 4.45851340975e-23, 6.77241757189e-23, 9.67585421235e-23, 1.76425346195e-22, 1.15752867528e-22, 9.88172166506e-23, 2.09962776772e-22, 2.00019595269e-22, 2.8705595685e-22, 2.12669049304e-22, 4.36916052341e-22, 5.41720906278e-22, 5.87024241432e-22, 8.91078497337e-22, 1.28352147485e-21, 1.75557392202e-21, 2.33445777525e-21],
        "var": [1.57159178116e-07, 3.04287386825e-05, 3.44988220604e-05, 8.15830717329e-05, 5.12486767548e-05, 6.26487462796e-06, 1.20810973385e-05, 1.70204896222e-06, 5.56950953978e-06, 5.90349463891e-06, 6.57819214211e-07, 7.61804272997e-08, 9.08845976255e-09, 3.44835870969e-09, 2.02483150247e-08, 8.48681054322e-08, 7.99458064193e-08, 1.38062404176e-07, 1.41629143968e-07, 4.29615951703e-08, 6.67492017214e-08, 1.68080980245e-08, 1.49230299229e-08, 1.31440573981e-08, 6.85952183943e-09, 9.24451626361e-09, 2.06686022464e-11]
    },
    "erbbands": {
        "dmean": [0.117935165763, 0.496949762106, 2.17756986618, 10.2309846878, 9.60691452026, 17.6723098755, 12.302479744, 12.3928041458, 15.4480390549, 22.0402946472, 12.047287941, 17.4305915833, 17.5680618286, 20.0968666077, 6.41025733948, 4.23003292084, 1.27660691738, 1.06159245968, 1.54407393932, 4.48433923721, 6.23853254318, 7.64057016373, 9.89102458954, 8.65470600128, 7.47229862213, 4.62737512589, 4.87152576447, 3.50654196739, 2.35081911087, 2.0811560154, 1.69250881672, 1.350492239, 0.808331549168, 0.458310902119, 0.288731813431, 0.20608407259, 0.0571708120406, 0.00862889364362, 0.000223724622629, 1.81656159839e-05],
        "dmean2": [0.16051736474, 0.772595643997, 3.62429738045, 17.3267536163, 15.6670017242, 29.3479290009, 20.3628044128, 20.9398479462, 26.0068225861, 33.416973114, 19.7094211578, 28.9050502777, 28.5363311768, 31.0518627167, 10.7188138962, 7.05648088455, 2.06159329414, 1.69739568233, 2.52240180969, 7.54855060577, 10.4136638641, 12.1153211594, 15.600028038, 13.1300630569, 11.6538934708, 7.22498321533, 7.70710849762, 5.41443920135, 3.74947142601, 3.21313738823, 2.66802120209, 2.09442305565, 1.23414182663, 0.714488446712, 0.456887245178, 0.343111455441, 0.092434592545, 0.0143573191017, 0.000375025352696, 2.70494165306e-05],
        "dvar": [0.0295409206301, 0.579484403133, 10.021613121, 248.009368896, 213.938995361, 977.987792969, 382.749755859, 296.264129639, 824.062683105, 3202.71020508, 452.652191162, 1763.14221191, 868.969299316, 3999.1706543, 214.359054565, 91.5743942261, 5.87370872498, 6.02398347855, 11.0857000351, 75.0750350952, 179.921401978, 171.691665649, 293.298156738, 186.942047119, 132.43586731, 60.7845573425, 74.4223175049, 32.0083007812, 15.654665947, 10.7772684097, 8.38099765778, 5.18228816986, 1.81745922565, 0.65061289072, 0.26311391592, 0.445795059204, 0.0233429018408, 0.000292372977128, 2.43839650693e-07, 5.07408559614e-10],
        "dvar2": [0.0551386810839, 1.36390554905, 25.6340351105, 683.60345459, 537.177124023, 2415.40136719, 995.192687988, 769.903015137, 2184.59619141, 6727.56591797, 1128.07348633, 4879.53271484, 2176.70141602, 9596.44726562, 562.200439453, 246.216369629, 14.4710197449, 13.5360841751, 30.1497612, 203.446289062, 410.153839111, 408.763946533, 716.148071289, 420.478546143, 313.09677124, 143.143478394, 175.832565308, 77.7284393311, 37.4535903931, 24.8377246857, 19.3373508453, 11.9935274124, 3.8184235096, 1.47098648548, 0.630599915981, 1.25811672211, 0.061017125845, 0.000735155656002, 6.27127349162e-07, 1.11682385562e-09],
        "max": [2.55607056618, 8.13203144073, 47.7192764282, 229.031570435, 199.007080078, 334.310882568, 327.569152832, 214.127410889, 345.807189941, 1043.41015625, 317.502502441, 731.261352539, 304.443481445, 1436.5423584, 301.187225342, 134.040100098, 37.2489242554, 46.5396232605, 78.893951416, 169.361175537, 218.791366577, 151.147567749, 215.337081909, 151.820129395, 181.158615112, 96.4053268433, 110.231933594, 106.327789307, 43.6034660339, 42.2223091125, 40.4878082275, 30.9588909149, 33.7671470642, 18.1694030762, 6.19509601593, 19.0732860565, 4.36395835876, 0.164207905531, 0.0067522986792, 0.000364293489838],
        "mean": [0.173382729292, 0.71747481823, 3.5260591507, 16.6247730255, 14.8786878586, 21.2295265198, 17.3693275452, 20.3012390137, 21.5717487335, 27.7616596222, 18.4235687256, 29.9535732269, 28.4033126831, 27.3301124573, 8.33517360687, 5.38343000412, 1.83837032318, 1.49612474442, 2.13264107704, 5.30867004395, 7.81601142883, 10.2137489319, 12.9121990204, 11.9376134872, 10.8019981384, 6.71682405472, 7.02723693848, 5.14576387405, 3.19513177872, 2.68444037437, 2.13300323486, 1.6722111702, 1.04122519493, 0.573344111443, 0.33042037487, 0.195349112153, 0.0554190799594, 0.00772467954084, 0.000205321543035, 4.00018616347e-05],
        "median": [0.0721903070807, 0.35573297739, 2.21150493622, 8.46285915375, 7.81051158905, 9.99013805389, 11.012676239, 11.9009342194, 10.5313243866, 8.12348365784, 9.5929145813, 9.81915187836, 12.7601928711, 6.82865047455, 3.0354757309, 1.62285709381, 0.685161948204, 0.497805893421, 0.975467920303, 1.94039726257, 3.00948166847, 4.47782993317, 6.17223358154, 5.42885780334, 5.55422687531, 2.99661517143, 2.74775791168, 2.12786531448, 1.45709681511, 1.13945412636, 0.841247916222, 0.613771438599, 0.354701936245, 0.187179490924, 0.113101288676, 0.0561437979341, 0.0135846110061, 0.00153560063336, 5.0273607485e-05, 3.00936553685e-05],
        "min": [1.15738733665e-21, 9.77212111742e-21, 2.45859856165e-20, 8.70223084974e-20, 1.6469078108e-19, 3.85796701653e-19, 7.72184734046e-19, 8.12121789501e-19, 7.08688333973e-19, 9.07039213828e-19, 1.18743524351e-18, 2.15294454612e-18, 1.06400707482e-18, 2.61623972181e-18, 1.87470394232e-18, 2.89511208481e-18, 4.71067530166e-18, 7.20966485998e-18, 6.78010252326e-18, 7.61353744842e-18, 5.53085548469e-18, 1.32452791893e-17, 1.00642552277e-17, 1.48975129059e-17, 1.22024393562e-17, 8.99493817037e-18, 1.34692664643e-17, 1.98859331234e-17, 2.10015598873e-17, 2.14251375723e-17, 1.41492618674e-17, 1.90970658625e-17, 1.49442486105e-17, 1.36480160588e-17, 8.63991969609e-18, 7.29143993534e-18, 3.21505541278e-18, 1.16468788006e-18, 3.21970463311e-19, 3.1975774871e-20],
        "var": [0.0636568590999, 0.928592205048, 18.5889778137, 537.48059082, 433.017303467, 1032.09912109, 451.617889404, 588.551757812, 985.410644531, 4774.69433594, 738.191223145, 3268.48120117, 1634.90539551, 6787.64794922, 283.165313721, 120.626358032, 11.4525642395, 14.5547933578, 14.7950677872, 102.343826294, 283.659362793, 236.958450317, 397.52722168, 331.95324707, 241.132217407, 97.4340744019, 135.262023926, 69.4535903931, 22.7753162384, 16.262468338, 11.6865978241, 7.09932804108, 3.43560051918, 1.14413821697, 0.32130086422, 0.29081377387, 0.0187540892512, 0.000257691222942, 2.01682269108e-07, 1.13295517412e-09]
    },
    "gfcc": {
        "mean": [-21.6872806549, 106.321151733, -81.8229751587, 44.8745651245, -69.4446563721, -5.88860273361, -33.0821685791, 21.3680782318, -27.024887085, -8.2675743103, -22.8231468201, 4.32121944427, -7.39544725418],
        "cov": [[6227.39355469, -1859.37402344, -474.399841309, 179.165496826, -416.96182251, 401.26663208, -272.921386719, 160.217651367, -319.700683594, 193.79133606, -250.416732788, 198.733734131, -218.798934937], [-1859.37402344, 1522.14294434, 90.3799743652, 11.3709020615, 323.333770752, -292.77935791, 234.153930664, -104.420791626, 151.633544922, -169.391021729, 169.07711792, -125.418624878, 179.479919434], [-474.399841309, 90.3799743652, 790.032836914, 48.3497505188, 92.7520675659, 96.1795959473, -102.87701416, -85.1299514771, -27.3173217773, -3.97020149231, -32.913772583, -35.214881897, -81.4948425293], [179.165496826, 11.3709020615, 48.3497505188, 218.353515625, 62.2460021973, 27.3073825836, 27.4695281982, 9.91910839081, -13.388007164, -37.8100776672, -8.95892429352, -26.099899292, 19.8887634277], [-416.96182251, 323.333770752, 92.7520675659, 62.2460021973, 231.654876709, 0.0922500416636, 37.7232322693, -45.6647567749, 7.68849515915, -48.1295700073, 15.2679853439, -29.3542499542, 29.9263458252], [401.26663208, -292.77935791, 96.1795959473, 27.3073825836, 0.0922500416636, 232.776473999, -46.396446228, -33.036151886, -53.0611076355, 46.9974975586, -41.1306724548, -5.78270292282, -42.4948005676], [-272.921386719, 234.153930664, -102.87701416, 27.4695281982, 37.7232322693, -46.396446228, 156.234329224, 31.5720558167, 14.3625841141, -58.4173355103, 32.4732704163, -6.29575252533, 54.5171470642], [160.217651367, -104.420791626, -85.1299514771, 9.91910839081, -45.6647567749, -33.036151886, 31.5720558167, 128.515823364, 11.7383451462, -0.343286544085, 2.98634624481, 36.1160812378, 16.2528190613], [-319.700683594, 151.633544922, -27.3173217773, -13.388007164, 7.68849515915, -53.0611076355, 14.3625841141, 11.7383451462, 116.662574768, 36.5745735168, 32.8787078857, -14.8439836502, 22.4723243713], [193.79133606, -169.391021729, -3.97020149231, -37.8100776672, -48.1295700073, 46.9974975586, -58.4173355103, -0.343286544085, 36.5745735168, 145.785140991, 23.690114975, 4.11890888214, -31.4117469788], [-250.416732788, 169.07711792, -32.913772583, -8.95892429352, 15.2679853439, -41.1306724548, 32.4732704163, 2.98634624481, 32.8787078857, 23.690114975, 104.287063599, 19.0933952332, 31.5064201355], [198.733734131, -125.418624878, -35.214881897, -26.099899292, -29.3542499542, -5.78270292282, -6.29575252533, 36.1160812378, -14.8439836502, 4.11890888214, 19.0933952332, 113.940559387, 14.3224592209], [-218.798934937, 179.479919434, -81.4948425293, 19.8887634277, 29.9263458252, -42.4948005676, 54.5171470642, 16.2528190613, 22.4723243713, -31.4117469788, 31.5064201355, 14.3224592209, 97.9428482056]],
        "icov": [[0.00037229488953, -0.00019107737171, 0.000394080474507, -0.000673814851325, 0.000446491845651, -0.000386829808122, 0.000453401677078, -0.000322382518789, 0.000814345839899, -0.000594904762693, 0.000743336568121, -0.000746485369746, 0.000635828706436], [-0.00019107737171, 0.00465084565803, -0.0013922030339, 0.00213365466334, -0.00358486315235, 0.00350645394064, -0.00330343050882, 0.00302910618484, -0.003002517391, 0.0030738953501, -0.00474860798568, 0.00442322390154, -0.00403290195391], [0.000394080474507, -0.0013922030339, 0.00243698852137, -0.00148422282655, 0.000685038219672, -0.00173326244112, 0.00234527071007, -0.00067259563366, 0.00119589723181, -0.00061753753107, 0.00157315889373, -0.00182455673348, 0.00289385090582], [-0.000673814851325, 0.00213365466334, -0.00148422282655, 0.00761338230222, -0.00329787191004, 0.000928845023736, -0.00211364822462, 6.88428117428e-05, -0.00199279654771, 0.00313871679828, -0.00314608309418, 0.00450011342764, -0.00380257889628], [0.000446491845651, -0.00358486315235, 0.000685038219672, -0.00329787191004, 0.00909561105072, -0.00326141808182, 0.00186931807548, -0.000426958256867, 0.00202039303258, -0.00124553346541, 0.00321524287574, -0.00336384330876, 0.00223710713908], [-0.000386829808122, 0.00350645394064, -0.00173326244112, 0.000928845023736, -0.00326141808182, 0.0094793876633, -0.0034426713828, 0.00370314880274, 0.000489524507429, -0.00137177971192, -0.00140059029218, 0.00322385504842, -0.00308254477568], [0.000453401677078, -0.00330343050882, 0.00234527071007, -0.00211364822462, 0.00186931807548, -0.0034426713828, 0.0137680238113, -0.00500451121479, 0.00190468179062, 0.00204898742959, 0.000152984532178, -0.00150212319568, 0.000939617922995], [-0.000322382518789, 0.00302910618484, -0.00067259563366, 6.88428117428e-05, -0.000426958256867, 0.00370314880274, -0.00500451121479, 0.0130804143846, -0.00344816455618, 0.00114483223297, -0.0014123005094, -0.00054218765581, -0.00280052702874], [0.000814345839899, -0.003002517391, 0.00119589723181, -0.00199279654771, 0.00202039303258, 0.000489524507429, 0.00190468179062, -0.00344816455618, 0.0163786392659, -0.00826164335012, 0.00320023251697, -0.00124452542514, 0.000573039869778], [-0.000594904762693, 0.0030738953501, -0.00061753753107, 0.00313871679828, -0.00124553346541, -0.00137177971192, 0.00204898742959, 0.00114483223297, -0.00826164335012, 0.0162714701146, -0.00916490890086, 0.0042069312185, -0.000211100341403], [0.000743336568121, -0.00474860798568, 0.00157315889373, -0.00314608309418, 0.00321524287574, -0.00140059029218, 0.000152984532178, -0.0014123005094, 0.00320023251697, -0.00916490890086, 0.0203139558434, -0.00843864027411, 0.00189510546625], [-0.000746485369746, 0.00442322390154, -0.00182455673348, 0.00450011342764, -0.00336384330876, 0.00322385504842, -0.00150212319568, -0.00054218765581, -0.00124452542514, 0.0042069312185, -0.00843864027411, 0.0167743656784, -0.00695609720424], [0.000635828706436, -0.00403290195391, 0.00289385090582, -0.00380257889628, 0.00223710713908, -0.00308254477568, 0.000939617922995, -0.00280052702874, 0.000573039869778, -0.000211100341403, 0.00189510546625, -0.00695609720424, 0.0203299019486]]
    },
    "melbands": {
        "dmean": [0.000859904568642, 0.000911582086701, 0.00161461730022, 0.00089616124751, 0.00051828258438, 0.000272528937785, 0.000237833111896, 0.000213420775253, 9.31727554416e-05, 0.000117344025057, 9.1294903541e-05, 8.79155486473e-05, 2.55857521552e-05, 1.41684913615e-05, 5.83185783398e-06, 2.43284125645e-06, 1.99088412955e-06, 2.31360013458e-06, 4.20203150497e-06, 7.51208881411e-06, 7.56025610826e-06, 7.78869889473e-06, 1.07831683636e-05, 8.46101647767e-06, 7.28587565391e-06, 7.08595507604e-06, 3.76146863346e-06, 3.14973613058e-06, 3.34468768415e-06, 2.97938049698e-06, 1.8276055016e-06, 1.41266593801e-06, 1.28200429117e-06, 1.16629360036e-06, 1.0124755363e-06, 9.41667735788e-07, 8.16834301531e-07, 5.98882365921e-07, 4.89999479214e-07, 3.63801660797e-07],
        "dmean2": [0.00120050704572, 0.00150530831888, 0.00272120069712, 0.00145941087976, 0.00085950025823, 0.000460521085188, 0.000388629559893, 0.000326816138113, 0.00015258192434, 0.000194166350411, 0.000149320316268, 0.000136060843943, 4.24471945735e-05, 2.42277310463e-05, 9.62930971582e-06, 3.84565055356e-06, 3.19453579323e-06, 3.79851098842e-06, 6.95460448696e-06, 1.2461336155e-05, 1.2730398339e-05, 1.23874597193e-05, 1.71129959199e-05, 1.366698325e-05, 1.12475818241e-05, 1.10620312626e-05, 6.00307384957e-06, 4.96918892168e-06, 5.36089692105e-06, 4.73377212984e-06, 2.81734287455e-06, 2.30747377827e-06, 1.99960959435e-06, 1.83259157893e-06, 1.60312856679e-06, 1.48095989516e-06, 1.28278259126e-06, 9.28687370561e-07, 7.73463625592e-07, 5.76598154112e-07],
        "dvar": [1.58060345257e-06, 1.78929417416e-06, 5.63867979508e-06, 2.08121423384e-06, 6.959051575e-07, 1.38290957352e-07, 1.95836818762e-07, 2.81563416138e-07, 2.62691219888e-08, 7.0314364109e-08, 2.52374654508e-08, 8.1697095311e-08, 5.32578692258e-09, 1.06374908881e-09, 1.74369130246e-10, 2.97710189834e-11, 2.3424304163e-11, 2.42837017855e-11, 8.03709043762e-11, 2.03413050293e-10, 2.65737903904e-10, 2.30813521074e-10, 4.86996221127e-10, 1.90335913697e-10, 1.48886111773e-10, 1.36627764658e-10, 3.36385086452e-11, 3.23390585144e-11, 3.79654363503e-11, 3.37827404939e-11, 8.55354242296e-12, 6.08306027078e-12, 4.29334779534e-12, 3.61147028081e-12, 3.14045729526e-12, 2.82248053055e-12, 1.87005077222e-12, 9.09086228604e-13, 9.88423752568e-13, 4.20432894228e-13],
        "dvar2": [3.11893563776e-06, 4.47364072897e-06, 1.52348766278e-05, 4.79870050185e-06, 1.79721928362e-06, 3.62676416898e-07, 4.89860951802e-07, 6.07775461958e-07, 6.82543372932e-08, 1.89827389363e-07, 6.32695318359e-08, 1.97540714453e-07, 1.37924391908e-08, 2.96454705229e-09, 4.40838282545e-10, 6.04811617455e-11, 5.48024230163e-11, 6.45308806391e-11, 2.21037133041e-10, 5.2962911834e-10, 6.503331762e-10, 5.55948065362e-10, 1.22054077956e-09, 4.41736425216e-10, 3.44203832103e-10, 3.10432041184e-10, 8.06815031451e-11, 7.78455563899e-11, 9.0467869307e-11, 9.0539090114e-11, 2.07437469979e-11, 1.51968819473e-11, 1.0203785733e-11, 8.47867696191e-12, 7.53471677412e-12, 6.62494711867e-12, 4.43856019647e-12, 1.92592599854e-12, 2.22985280414e-12, 9.71073915723e-13],
        "max": [0.0182041823864, 0.0191287100315, 0.0312577225268, 0.0146482465789, 0.0110947713256, 0.00456138979644, 0.00570840807632, 0.00956393219531, 0.00207249261439, 0.00438211439177, 0.00192483596038, 0.00655802153051, 0.00157922354992, 0.000405504164519, 0.000210612881347, 0.000170388186234, 8.11285572127e-05, 0.000102141522802, 0.000174709741259, 0.000169798484421, 0.000233214712352, 0.000192788196728, 0.000328891823301, 0.000206160664675, 0.000139345371281, 0.000189201164176, 0.000110001587018, 8.28850097605e-05, 8.01994247013e-05, 0.000130939763039, 4.25443795393e-05, 2.59044209088e-05, 2.37248714257e-05, 2.2772606826e-05, 2.81919747067e-05, 3.25912042172e-05, 1.68908336491e-05, 2.01488310267e-05, 2.76032369584e-05, 1.24064945339e-05],
        "mean": [0.00128210755065, 0.00153935712297, 0.00273953424767, 0.00125804170966, 0.000694118672982, 0.000451534142485, 0.000347742723534, 0.000269521522569, 0.000139072537422, 0.000203242379939, 0.000142624761793, 0.000116760929814, 3.33063871949e-05, 1.61569205375e-05, 7.35607318347e-06, 3.37388928529e-06, 2.56056500803e-06, 2.95011000162e-06, 5.13596341989e-06, 8.70328949532e-06, 8.95077664609e-06, 9.73607347987e-06, 1.26015320348e-05, 1.12517782327e-05, 9.25812037167e-06, 1.00368424683e-05, 4.98841518493e-06, 4.29830106441e-06, 4.42003874923e-06, 4.21657705374e-06, 2.49878553404e-06, 1.80267363703e-06, 1.60777995006e-06, 1.46025126924e-06, 1.23386212181e-06, 1.13178987249e-06, 9.76800379249e-07, 7.59784995807e-07, 5.86222483889e-07, 4.44535743327e-07],
        "median": [0.000552135868929, 0.000981671502814, 0.0015329469461, 0.000626107444987, 0.000419231480919, 0.000270993448794, 0.000165826510056, 8.22566144052e-05, 6.99349038769e-05, 6.4486033807e-05, 6.01166975684e-05, 2.52696845564e-05, 8.61510670802e-06, 4.25073903898e-06, 2.15193017539e-06, 9.89149157249e-07, 7.34713978545e-07, 1.13382111522e-06, 1.90434855085e-06, 2.77676645055e-06, 3.15130318995e-06, 3.8252755985e-06, 4.68981670565e-06, 4.96526809002e-06, 3.72489216716e-06, 4.86731187266e-06, 2.38899110627e-06, 1.74381455054e-06, 1.61226876116e-06, 1.51592337261e-06, 1.00785723589e-06, 7.83324594522e-07, 6.60051341583e-07, 5.76114757678e-07, 4.79048480884e-07, 4.12185158893e-07, 3.3349641626e-07, 2.47486468652e-07, 1.80830795671e-07, 1.4548700733e-07],
        "min": [1.13208260994e-23, 1.3457354887e-23, 1.43871678811e-23, 2.25720920219e-23, 2.27310080513e-23, 2.01372191954e-23, 1.17838456411e-23, 9.30607455862e-24, 1.0057344664e-23, 1.27080829663e-23, 5.4296980562e-24, 1.10759573635e-23, 6.19942316801e-24, 5.5312205104e-24, 7.42919223823e-24, 1.44846553117e-23, 1.25390781948e-23, 1.19942032901e-23, 1.00377809135e-23, 7.52285448237e-24, 6.10776660273e-24, 1.33457563125e-23, 9.36799935082e-24, 1.01752564923e-23, 1.22812232308e-23, 1.15905415872e-23, 6.42883220229e-24, 5.84187669589e-24, 7.4893681258e-24, 1.17704586716e-23, 1.06872792847e-23, 1.10739568123e-23, 1.25053252033e-23, 1.26500283257e-23, 8.55525015966e-24, 7.6095108528e-24, 1.34739682977e-23, 1.05887978892e-23, 1.12068498981e-23, 1.08386498595e-23],
        "var": [3.28979081132e-06, 3.27134148392e-06, 1.28135034174e-05, 2.93728840006e-06, 7.51070899696e-07, 2.70499640465e-07, 2.71032803312e-07, 4.13376113784e-07, 4.15252294772e-08, 1.44096418353e-07, 4.66616292272e-08, 1.37718316751e-07, 7.81634490465e-09, 1.13477482966e-09, 2.22611623579e-10, 8.34512667303e-11, 4.73448363847e-11, 3.1102169451e-11, 1.24729462869e-10, 3.13059828061e-10, 3.61435104068e-10, 2.85997947547e-10, 5.34258304263e-10, 3.22148141496e-10, 2.33451896703e-10, 2.63262522893e-10, 5.20004247995e-11, 4.6723167002e-11, 5.72766382934e-11, 6.43834638381e-11, 1.57503853709e-11, 7.91723370891e-12, 6.09236099069e-12, 5.13758523571e-12, 4.11677029272e-12, 3.64896481087e-12, 2.48229475169e-12, 1.73709007248e-12, 1.52076409191e-12, 7.01163519606e-13]
    },
    "mfcc": {
        "mean": [-674.768737793, 132.612869263, 33.9680252075, 47.9034004211, -5.28699684143, -16.1580162048, -3.36773586273, 13.4989032745, 5.0437836647, -2.85698580742, -8.69798851013, -4.53551387787, -3.15884780884],
        "cov": [[5977.22070312, -1934.78051758, -391.037841797, -312.011657715, -214.157730103, 67.268661499, 20.5669651031, 2.41408586502, -51.1699829102, -4.9326710701, -113.037384033, 74.0040130615, -20.2346935272], [-1934.78051758, 1407.97033691, -0.47401446104, 272.075561523, 78.9221038818, -50.3040008545, 30.7630577087, 23.3096370697, 13.3866357803, -5.35717773438, 39.1557884216, -70.1607131958, 27.4044628143], [-391.037841797, -0.47401446104, 581.020263672, -16.0496120453, 152.058883667, 104.054153442, 2.6724486351, -32.8560028076, -32.3704299927, -1.45416116714, 2.70474815369, 2.26826953888, -19.3022670746], [-312.011657715, 272.075561523, -16.0496120453, 277.081512451, 39.9063720703, -42.6934967041, 38.7354812622, 65.9764709473, 30.4711780548, -9.49577140808, -1.52222025394, -37.1245918274, -12.3115320206], [-214.157730103, 78.9221038818, 152.058883667, 39.9063720703, 208.436019897, 98.0147247314, 16.6865539551, -17.0982551575, -8.57147216797, 2.73270535469, -12.433052063, -18.6580619812, -9.43522167206], [67.268661499, -50.3040008545, 104.054153442, -42.6934967041, 98.0147247314, 202.517547607, 31.7733020782, -39.3291473389, -8.92366981506, 15.9197492599, -18.3823471069, -7.31834840775, 3.26375389099], [20.5669651031, 30.7630577087, 2.6724486351, 38.7354812622, 16.6865539551, 31.7733020782, 133.40397644, 39.9718437195, 6.91638183594, -15.6851148605, -15.2122163773, -9.58824253082, -10.5559501648], [2.41408586502, 23.3096370697, -32.8560028076, 65.9764709473, -17.0982551575, -39.3291473389, 39.9718437195, 133.037078857, 28.7637844086, -34.5344543457, -27.0103302002, -19.9560890198, -4.42717075348], [-51.1699829102, 13.3866357803, -32.3704299927, 30.4711780548, -8.57147216797, -8.92366981506, 6.91638183594, 28.7637844086, 82.3788757324, 15.3996553421, -5.66847419739, -10.8797206879, -6.8920211792], [-4.9326710701, -5.35717773438, -1.45416116714, -9.49577140808, 2.73270535469, 15.9197492599, -15.6851148605, -34.5344543457, 15.3996553421, 81.075340271, 28.6814346313, 4.95812559128, -2.77613759041], [-113.037384033, 39.1557884216, 2.70474815369, -1.52222025394, -12.433052063, -18.3823471069, -15.2122163773, -27.0103302002, -5.66847419739, 28.6814346313, 79.7635574341, 32.563457489, 2.37015151978], [74.0040130615, -70.1607131958, 2.26826953888, -37.1245918274, -18.6580619812, -7.31834840775, -9.58824253082, -19.9560890198, -10.8797206879, 4.95812559128, 32.563457489, 77.3453140259, 23.8801403046], [-20.2346935272, 27.4044628143, -19.3022670746, -12.3115320206, -9.43522167206, 3.26375389099, -10.5559501648, -4.42717075348, -6.8920211792, -2.77613759041, 2.37015151978, 23.8801403046, 70.5282516479]],
