{
"lowlevel": {
    "average_loudness": 0.707847893238,
    "barkbands_crest": {
        "dmean": 2.86253523827,
        "dmean2": 4.42229986191,
        "dvar": 7.50044059753,
        "dvar2": 16.7035140991,
        "max": 25.6690216064,
        "mean": 13.8133478165,
        "median": 12.9776172638,
        "min": 3.03584504128,
        "var": 29.6286087036
    },
    "barkbands_flatness_db": {
        "dmean": 0.0269918162376,
        "dmean2": 0.0396058931947,
        "dvar": 0.000678271637298,
        "dvar2": 0.0014265216887,
        "max": 0.353505730629,
        "mean": 0.171666815877,
        "median": 0.166157513857,
        "min": 0.0339163541794,
        "var": 0.00328574329615
    },
    "barkbands_kurtosis": {
        "dmean": 8.98711776733,
        "dmean2": 13.4953756332,
        "dvar": 307.813537598,
        "dvar2": 711.842773438,
        "max": 255.194030762,
        "mean": 15.6603555679,
        "median": 5.625623703,
        "min": -1.74880921841,
        "var": 821.832824707
    },
    "barkbands_skewness": {
        "dmean": 0.890386283398,
        "dmean2": 1.29100048542,
        "dvar": 1.04303121567,
        "dvar2": 2.16990375519,
        "max": 13.611787796,
        "mean": 2.65235567093,
        "median": 2.12407517433,
        "min": -1.74196577072,
        "var": 5.5153799057
    },
    "barkbands_spread": {
        "dmean": 5.36051797867,
        "dmean2": 7.90891838074,
        "dvar": 40.8376808167,
        "dvar2": 85.31590271,
        "max": 78.6263427734,
        "mean": 15.7720470428,
        "median": 12.9832773209,
        "min": 0.709912836552,
        "var": 147.905609131
    },
    "dissonance": {
        "dmean": 0.024632466957,
        "dmean2": 0.0418471433222,
        "dvar": 0.000692529021762,
        "dvar2": 0.00189206888899,
        "max": 0.499622136354,
        "mean": 0.450985312462,
        "median": 0.458729028702,
        "min": 0.255235403776,
        "var": 0.00113156449515
    },
    "dynamic_complexity": 2.81775808334,
    "erbbands_crest": {
        "dmean": 2.81802988052,
        "dmean2": 4.12257623672,
        "dvar": 7.8492231369,
        "dvar2": 14.8027935028,
        "max": 30.2742824554,
        "mean": 10.5790481567,
        "median": 9.52188777924,
        "min": 3.09121608734,
        "var": 22.5963382721
    },
    "erbbands_flatness_db": {
        "dmean": 0.0161449257284,
        "dmean2": 0.0234476383775,
        "dvar": 0.000264150439762,
        "dvar2": 0.000479059526697,
        "max": 0.292585760355,
        "mean": 0.138914719224,
        "median": 0.133179977536,
        "min": 0.0559377782047,
        "var": 0.00137875135988
    },
    "erbbands_kurtosis": {
        "dmean": 1.40190219879,
        "dmean2": 1.96284198761,
        "dvar": 6.11519241333,
        "dvar2": 10.5777187347,
        "max": 52.6950302124,
        "mean": 1.90177440643,
        "median": 0.66539478302,
        "min": -1.65053737164,
        "var": 17.7170677185
    },
    "erbbands_skewness": {
        "dmean": 0.351452946663,
        "dmean2": 0.504076719284,
        "dvar": 0.141178295016,
        "dvar2": 0.264736115932,
        "max": 5.33348798752,
        "mean": 0.561061322689,
        "median": 0.518102586269,
        "min": -2.56153678894,
        "var": 0.706931293011
    },
    "erbbands_spread": {
        "dmean": 7.77228069305,
        "dmean2": 11.3189315796,
        "dvar": 59.5335464478,
        "dvar2": 119.959953308,
        "max": 115.266548157,
        "mean": 36.8192253113,
        "median": 34.1821212769,
        "min": 2.63772940636,
        "var": 336.276794434
    },
    "hfc": {
        "dmean": 5.81561422348,
        "dmean2": 8.41985702515,
        "dvar": 124.673278809,
        "dvar2": 281.755493164,
        "max": 130.155166626,
        "mean": 12.2236366272,
        "median": 7.61805438995,
        "min": 1.20874288256e-16,
        "var": 222.308776855
    },
    "melbands_crest": {
        "dmean": 3.31608724594,
        "dmean2": 5.02919960022,
        "dvar": 10.6379947662,
        "dvar2": 23.2245597839,
        "max": 36.2154998779,
        "mean": 19.1306209564,
        "median": 17.5511722565,
        "min": 1.76969540119,
        "var": 61.4564094543
    },
    "melbands_flatness_db": {
        "dmean": 0.0304714478552,
        "dmean2": 0.0437270216644,
        "dvar": 0.000852573430166,
        "dvar2": 0.00172556727193,
        "max": 0.469430416822,
        "mean": 0.261320531368,
        "median": 0.262658268213,
        "min": 0.00543853966519,
        "var": 0.00556648150086
    },
    "melbands_kurtosis": {
        "dmean": 19.5777320862,
        "dmean2": 29.1645317078,
        "dvar": 1483.99414062,
        "dvar2": 3431.69311523,
        "max": 520.578369141,
        "mean": 36.3867225647,
        "median": 12.6216440201,
        "min": -1.46388542652,
        "var": 4164.11865234
    },
    "melbands_skewness": {
        "dmean": 1.15076994896,
        "dmean2": 1.66992068291,
        "dvar": 2.0251967907,
        "dvar2": 4.09281492233,
        "max": 19.0087108612,
        "mean": 3.84152793884,
        "median": 2.98344326019,
        "min": -1.52395248413,
        "var": 11.0343885422
    },
    "melbands_spread": {
        "dmean": 5.89612817764,
        "dmean2": 8.56044006348,
        "dvar": 65.7253417969,
        "dvar2": 123.818527222,
        "max": 168.549911499,
        "mean": 16.0751171112,
        "median": 11.3239297867,
        "min": 0.468091160059,
        "var": 299.294616699
    },
    "pitch_salience": {
        "dmean": 0.0711120814085,
        "dmean2": 0.111716389656,
        "dvar": 0.00628078589216,
        "dvar2": 0.0138139976189,
        "max": 0.837456703186,
        "mean": 0.41469836235,
        "median": 0.430694252253,
        "min": 0.0538420081139,
        "var": 0.0220072306693
    },
    "silence_rate_20dB": {
        "dmean": 0,
        "dmean2": 0,
        "dvar": 0,
        "dvar2": 0,
        "max": 1,
        "mean": 1,
        "median": 1,
        "min": 1,
        "var": 0
    },
    "silence_rate_30dB": {
        "dmean": 0.0649484544992,
        "dmean2": 0.129963904619,
        "dvar": 0.0607303977013,
        "dvar2": 0.141954615712,
        "max": 1,
        "mean": 0.899021148682,
        "median": 1,
        "min": 0,
        "var": 0.0907824859023
    },
    "silence_rate_60dB": {
        "dmean": 0.0231958758086,
        "dmean2": 0.0464156791568,
        "dvar": 0.022657673806,
        "dvar2": 0.0545736514032,
        "max": 1,
        "mean": 0.019577536732,
        "median": 0,
        "min": 0,
        "var": 0.0191928762943
    },
    "spectral_centroid": {
        "dmean": 261.238677979,
        "dmean2": 375.234558105,
        "dvar": 117499.671875,
        "dvar2": 184147.203125,
        "max": 10971.2949219,
        "mean": 1162.91760254,
        "median": 1005.37872314,
        "min": 269.0887146,
        "var": 477797.125
    },
    "spectral_complexity": {
        "dmean": 2.67268037796,
        "dmean2": 3.91903042793,
        "dvar": 18.3387737274,
        "dvar2": 27.3503036499,
        "max": 66,
        "mean": 11.4672851562,
        "median": 10,
        "min": 0,
        "var": 52.8919219971
    },
    "spectral_decrease": {
        "dmean": 2.95660051997e-09,
        "dmean2": 4.61404914276e-09,
        "dvar": 1.84169960131e-17,
        "dvar2": 4.79634027657e-17,
        "max": 2.40075939577e-29,
        "mean": -9.61112522901e-09,
        "median": -5.44435962979e-09,
        "min": -4.44236647468e-08,
        "var": 9.93991575416e-17
    },
    "spectral_energy": {
        "dmean": 0.0114514129236,
        "dmean2": 0.0178885627538,
        "dvar": 0.000272561679594,
        "dvar2": 0.000709237123374,
        "max": 0.16872292757,
        "mean": 0.0373833402991,
        "median": 0.0213458500803,
        "min": 1.08730508529e-20,
        "var": 0.00145914661698
    },
    "spectral_energyband_high": {
        "dmean": 0.000268097734079,
        "dmean2": 0.000430005777162,
        "dvar": 5.24350298292e-07,
        "dvar2": 1.27627390611e-06,
        "max": 0.0141025977209,
        "mean": 0.000525849638507,
        "median": 0.000136639078846,
        "min": 7.96344224046e-21,
        "var": 1.3715600744e-06
    },
    "spectral_energyband_low": {
        "dmean": 0.00941116269678,
        "dmean2": 0.0146882589906,
        "dvar": 0.000228970588068,
        "dvar2": 0.000569137511775,
        "max": 0.166108801961,
        "mean": 0.0261128619313,
        "median": 0.0122875217348,
        "min": 1.77791640661e-23,
        "var": 0.00120577239431
    },
    "spectral_energyband_middle_high": {
        "dmean": 0.00193316093646,
        "dmean2": 0.0027274643071,
        "dvar": 1.11840427053e-05,
        "dvar2": 2.13152288779e-05,
        "max": 0.0420158840716,
        "mean": 0.00336917187087,
        "median": 0.00188194867224,
        "min": 1.65535854724e-21,
        "var": 2.04393309104e-05
    },
    "spectral_energyband_middle_low": {
        "dmean": 0.00468696560711,
        "dmean2": 0.00715710083023,
        "dvar": 0.000159093848197,
        "dvar2": 0.000378906435799,
        "max": 0.142633631825,
        "mean": 0.00796817801893,
        "median": 0.00276477029547,
        "min": 2.85559494024e-22,
        "var": 0.000246006267844
    },
    "spectral_entropy": {
        "dmean": 0.15969568491,
        "dmean2": 0.246277481318,
        "dvar": 0.0273852236569,
        "dvar2": 0.055897962302,
        "max": 9.80138111115,
        "mean": 7.40227127075,
        "median": 7.42005157471,
        "min": 5.69251966476,
        "var": 0.150527238846
    },
    "spectral_flux": {
        "dmean": 0.0313061848283,
        "dmean2": 0.0502708554268,
        "dvar": 0.00161278748419,
        "dvar2": 0.00371388299391,
        "max": 0.363398492336,
        "mean": 0.0711118653417,
        "median": 0.052421476692,
        "min": 1.0427392283e-10,
        "var": 0.00329153472558
    },
    "spectral_kurtosis": {
        "dmean": 1.24560201168,
        "dmean2": 2.12047314644,
        "dvar": 1.73792600632,
        "dvar2": 4.69138908386,
        "max": 24.2640171051,
        "mean": 4.62263727188,
        "median": 4.25674962997,
        "min": -1.20292139053,
        "var": 6.47198677063
    },
    "spectral_rms": {
        "dmean": 0.000862849643454,
        "dmean2": 0.00131415284704,
        "dvar": 9.54204438131e-07,
        "dvar2": 2.40324834522e-06,
        "max": 0.0128299547359,
        "mean": 0.005333899986,
        "median": 0.00456346571445,
        "min": 3.25697021436e-12,
        "var": 8.02102476882e-06
    },
    "spectral_rolloff": {
        "dmean": 296.048156738,
        "dmean2": 493.37600708,
        "dvar": 397294.96875,
        "dvar2": 638332.3125,
        "max": 18583.1542969,
        "mean": 795.761779785,
        "median": 559.86328125,
        "min": 64.599609375,
        "var": 1137880.75
    },
    "spectral_skewness": {
        "dmean": 0.179474696517,
        "dmean2": 0.288625180721,
        "dvar": 0.0305847804993,
        "dvar2": 0.0709717646241,
        "max": 3.86248397827,
        "mean": 1.67233169079,
        "median": 1.69338846207,
        "min": 0.00611994741485,
        "var": 0.214225009084
    },
    "spectral_spread": {
        "dmean": 431354.3125,
        "dmean2": 640676.9375,
        "dvar": 574281154560,
        "dvar2": 570993213440,
        "max": 39831832,
        "mean": 4846350.5,
        "median": 4731877.5,
        "min": 2226265.75,
        "var": 1.49317746688e+12
    },
    "spectral_strongpeak": {
        "dmean": 0.462132275105,
        "dmean2": 0.792300760746,
        "dvar": 1.25833678246,
        "dvar2": 3.27644515038,
        "max": 17.1071853638,
        "mean": 0.75794416666,
        "median": 0.379208534956,
        "min": 0,
        "var": 1.21742367744
    },
    "zerocrossingrate": {
        "dmean": 0.00763329584152,
        "dmean2": 0.00914085656404,
        "dvar": 0.000170896295458,
        "dvar2": 0.000195048603928,
        "max": 0.5166015625,
        "mean": 0.0383626557887,
        "median": 0.03369140625,
        "min": 0.00244140625,
        "var": 0.000881126848981
    },
    "barkbands": {
        "dmean": [0.00127240177244, 0.00847260002047, 0.00173935457133, 0.000809157965705, 0.00315105658956, 0.000613540003542, 0.000204480835237, 0.000415252696257, 0.00025826858473, 0.000484407035401, 0.000208891171496, 0.000662948878016, 0.000113516936835, 0.000191535364138, 0.000106545288872, 0.000132027620566, 0.000178024551133, 0.000110003165901, 0.000146141290315, 8.74044781085e-05, 9.83449426712e-05, 5.57977000426e-05, 5.13845006935e-05, 3.25177788909e-05, 2.27947912208e-05, 2.1108717192e-05, 6.70358576826e-06],
        "dmean2": [0.00208608107641, 0.0131373312324, 0.00298345182091, 0.00141368189361, 0.00465351622552, 0.00106700940523, 0.000318753765896, 0.000626294699032, 0.000372322974727, 0.000662981765345, 0.0003181041684, 0.000968035252299, 0.000181912662811, 0.000305312190903, 0.00017372223374, 0.000206327429623, 0.000263409659965, 0.000174313259777, 0.000248705764534, 0.000138052710099, 0.000158581111464, 9.14154297789e-05, 8.57455961523e-05, 5.27079573658e-05, 3.66215754184e-05, 3.53485593223e-05, 1.14291833597e-05],
        "dvar": [6.5060498855e-06, 0.000200085880351, 3.37874444085e-05, 6.91513150741e-06, 0.000114344336907, 3.53013911081e-06, 2.69991176083e-07, 1.15787395316e-06, 2.89199505232e-07, 1.5461869225e-06, 3.98080146624e-07, 1.04555829239e-06, 8.37918321395e-08, 4.83012115637e-07, 3.24994914536e-07, 3.58141448942e-07, 6.20965920461e-07, 1.76197232804e-07, 2.66525972847e-07, 4.41025527209e-08, 1.14269411711e-07, 1.61598094905e-08, 1.85846076306e-08, 6.37658459368e-09, 2.47536191544e-09, 2.73376432602e-09, 5.15444131821e-10],
        "dvar2": [1.82273415703e-05, 0.000468930811621, 9.63614729699e-05, 2.00898302865e-05, 0.000257405248703, 1.01274044937e-05, 5.23500830241e-07, 2.38892653215e-06, 6.1728297851e-07, 2.57539704762e-06, 7.92785442627e-07, 2.25651024266e-06, 2.02106534175e-07, 1.22393998936e-06, 8.30548117392e-07, 8.34613047118e-07, 1.36767459935e-06, 4.18075501329e-07, 7.31808142973e-07, 1.0843975673e-07, 2.76793542753e-07, 3.95637229644e-08, 4.77735504489e-08, 1.58464334987e-08, 6.03530336818e-09, 7.13722059231e-09, 1.31165556194e-09],
        "max": [0.024104597047, 0.149051040411, 0.0612712725997, 0.028098706156, 0.124587729573, 0.0217755492777, 0.0113769173622, 0.0277772434056, 0.0103597734123, 0.0228775292635, 0.0113082835451, 0.0102956537157, 0.00403390871361, 0.0134478444234, 0.0094215720892, 0.012022074312, 0.0129743181169, 0.00563635770231, 0.0070623443462, 0.00267246551812, 0.00849756971002, 0.00195075164083, 0.00164419435896, 0.00142526370473, 0.00082332151942, 0.000498819223139, 0.000287850591121],
        "mean": [0.00223698327318, 0.0209058411419, 0.00241684517823, 0.00109133054502, 0.00452989991754, 0.00081913190661, 0.000333308416884, 0.000692347530276, 0.000449535495136, 0.00119468395133, 0.000250283716014, 0.000771301274654, 0.000136925082188, 0.000228831398999, 0.000102601014078, 0.00015415980306, 0.000191683502635, 0.000119503085443, 0.000171625069925, 0.000127925450215, 0.000160353432875, 9.53063499765e-05, 8.04948504083e-05, 5.47933959751e-05, 3.82674334105e-05, 2.38595021074e-05, 5.56079021408e-06],
        "median": [0.00084525271086, 0.0080418586731, 0.00103059003595, 0.000391156121623, 0.000591007526964, 0.000362774560926, 6.24493695796e-05, 0.000283398316242, 0.000181936266017, 0.00016410923854, 5.35090839549e-05, 0.000293061224511, 4.33771419921e-05, 6.37613338768e-05, 1.72937634488e-05, 2.56705916399e-05, 1.87429232028e-05, 3.49286528945e-05, 3.94976668758e-05, 2.93515640806e-05, 2.75781148957e-05, 2.55308950727e-05, 1.52664015332e-05, 1.45711528603e-05, 1.34371766762e-05, 8.55415237311e-06, 7.33979618417e-07],
        "min": [1.70622034937e-24, 1.34018017243e-23, 1.95067315833e-24, 7.8843981127e-24, 6.61927758208e-23, 3.03084146318e-23, 2.35218127098e-23, 3.30139582567e-23, 8.52049799689e-23, 1.37640551717e-22, 3.95162704857e-23, 6.04540651708e-23, 1.32311158903e-22, 9.62128397037e-23, 2.02627973318e-22, 1.35605530395e-22, 1.34548280078e-22, 2.86060401766e-22, 2.48403059915e-22, 3.76362609629e-22, 4.31904854462e-22, 5.30292444842e-22, 7.92683788277e-22, 7.9235057343e-22, 1.11649723019e-21, 1.72783469483e-21, 2.64939750385e-21],
        "var": [1.24575954032e-05, 0.000977704883553, 2.4144688723e-05, 4.92713934364e-06, 0.000181887880899, 2.78318748315e-06, 6.75481715007e-07, 2.92421327686e-06, 5.4280127415e-07, 5.97157941229e-06, 5.59577301829e-07, 1.40367069434e-06, 9.5168935843e-08, 4.6156506528e-07, 2.60651148665e-07, 3.78211524321e-07, 6.75369960845e-07, 1.63229827876e-07, 2.42003011408e-07, 7.47642232568e-08, 2.12708485492e-07, 4.05212539079e-08, 3.37947412277e-08, 1.6389174462e-08, 5.53082690757e-09, 2.48468667863e-09, 4.17910678285e-10]
    },
    "erbbands": {
        "dmean": [0.425790190697, 1.41261553764, 1.83575201035, 2.51235032082, 3.0495660305, 10.9521341324, 16.1231880188, 4.091173172, 3.14500880241, 4.31032085419, 8.42099285126, 5.49769163132, 12.7400121689, 8.66758728027, 15.2681398392, 19.1831359863, 7.00597000122, 7.3206911087, 7.90573978424, 5.52252244949, 8.3356180191, 11.7268924713, 6.06781578064, 7.08574771881, 6.55492830276, 3.4390103817, 5.29402542114, 2.30902266502, 2.13402175903, 1.75760531425, 1.30145359039, 0.858098626137, 0.50477796793, 0.285236924887, 0.171244308352, 0.0976811125875, 0.0374588742852, 0.0137793058529, 0.000609004637226, 2.03343352041e-05],
        "dmean2": [0.636411786079, 2.35843992233, 3.15373945236, 4.35343265533, 5.15899181366, 16.35846138, 23.362657547, 6.82433652878, 4.93581771851, 6.66310930252, 12.6452102661, 7.85417842865, 18.0098743439, 11.9792470932, 22.3564510345, 27.7996501923, 10.5555820465, 11.209610939, 12.8899650574, 8.33645057678, 12.5565128326, 17.5182609558, 9.43878269196, 11.4662818909, 10.5527439117, 5.46890258789, 8.70098018646, 3.6961517334, 3.52601885796, 2.93968057632, 2.12370991707, 1.39134669304, 0.829665601254, 0.463080435991, 0.28373080492, 0.162807896733, 0.06395162642, 0.0229379739612, 0.00103511556517, 3.24927896145e-05],
        "dvar": [0.591655731201, 5.34946346283, 32.9078292847, 73.8081970215, 88.2273025513, 1517.94592285, 3616.93066406, 104.832000732, 69.5807723999, 106.028327942, 413.212402344, 118.170921326, 813.207641602, 359.779022217, 763.814758301, 976.828308105, 262.119354248, 640.104370117, 1359.60546875, 492.176422119, 1479.57763672, 2782.0859375, 457.388244629, 761.636230469, 396.206115723, 72.2730560303, 376.133514404, 39.5978965759, 24.6539077759, 19.9356117249, 11.5266675949, 4.66011381149, 1.62382698059, 0.358683526516, 0.165843203664, 0.0552644506097, 0.00984097179025, 0.0018929161597, 4.45989735454e-06, 1.32042998757e-09],
        "dvar2": [1.24532353878, 15.3045215607, 92.9723968506, 211.375259399, 246.550460815, 3430.37426758, 8245.08203125, 283.855072021, 139.667098999, 229.291244507, 851.952697754, 231.684829712, 1411.79125977, 612.068847656, 1616.51916504, 2077.1652832, 552.127685547, 1519.65991211, 3525.18603516, 1087.26367188, 3410.29223633, 6203.98388672, 1061.73132324, 1997.96130371, 1043.21472168, 181.627059937, 939.333251953, 92.135887146, 61.063293457, 51.3096160889, 28.5374908447, 11.644203186, 4.21854972839, 0.859767317772, 0.431666791439, 0.145662650466, 0.0263900496066, 0.0047721741721, 1.15102702694e-05, 3.33685545861e-09],
        "max": [8.09506797791, 20.0643558502, 61.2463569641, 84.3699645996, 145.555236816, 469.53314209, 727.301025391, 97.6509628296, 204.71421814, 248.529190063, 500.259185791, 275.94317627, 493.891479492, 324.46661377, 387.818908691, 412.017486572, 222.815856934, 377.284240723, 662.250854492, 438.695861816, 823.811157227, 898.569702148, 266.916748047, 404.57131958, 338.044647217, 130.805450439, 446.771972656, 116.842018127, 60.6005859375, 65.5789337158, 38.2141952515, 33.1382865906, 22.8031196594, 12.073887825, 4.1576385498, 2.24960803986, 0.910577535629, 0.482126891613, 0.0277733244002, 0.000459559872979],
        "mean": [1.0014051199, 3.06456851959, 2.98328781128, 3.68733596802, 4.38041114807, 15.129699707, 23.247926712, 6.2650308609, 5.05630254745, 7.58756351471, 14.500878334, 10.2854862213, 29.9868907928, 20.0109539032, 18.553106308, 22.7959651947, 9.32993507385, 9.10538864136, 8.26446723938, 6.48011064529, 9.5253944397, 12.6963186264, 6.7964887619, 8.13606262207, 8.04893398285, 5.7372918129, 8.3762922287, 4.02075576782, 3.59917020798, 3.00500297546, 2.0174074173, 1.32960426807, 0.82780444622, 0.485651940107, 0.252236127853, 0.115880385041, 0.0394937805831, 0.0129255987704, 0.000527187017724, 5.18615670444e-05],
        "median": [0.259927600622, 1.48968684673, 1.56479072571, 1.57931244373, 1.18668270111, 1.55278766155, 4.0021276474, 2.65616059303, 1.13312184811, 2.88490462303, 6.69988393784, 4.61815500259, 8.34300899506, 5.16744184494, 7.5027179718, 8.70210170746, 2.83613443375, 2.46394395828, 1.91014707088, 1.21565020084, 1.47979044914, 1.43052732944, 1.93753123283, 2.31033015251, 2.00061964989, 1.31631863117, 1.23679149151, 0.953956127167, 0.949893832207, 0.613109529018, 0.438806176186, 0.333979189396, 0.20933227241, 0.167728930712, 0.0867256075144, 0.0395513698459, 0.0139562413096, 0.00270665949211, 9.58996752161e-05, 2.99149924103e-05],
        "min": [5.66744634421e-22, 2.23304878449e-21, 2.44810948336e-21, 1.42722372969e-20, 1.45551372669e-19, 1.29427412407e-19, 3.69634187019e-19, 2.4179722321e-19, 3.22650121431e-19, 5.49440091131e-19, 9.20994784738e-19, 1.61632239406e-18, 3.36901998776e-18, 3.32403728566e-18, 2.39849352454e-18, 2.43685919533e-18, 5.11301926033e-18, 5.21159602829e-18, 7.46614544379e-18, 9.8015633447e-18, 7.9590971124e-18, 9.19924185551e-18, 1.44725769904e-17, 1.06540714004e-17, 1.77883172409e-17, 1.68249231425e-17, 1.64192357198e-17, 1.76929979102e-17, 1.83805471266e-17, 2.34394001189e-17, 2.08776068726e-17, 1.70610980966e-17, 1.30982850586e-17, 1.18292278715e-17, 8.41642872947e-18, 6.52666927282e-18, 3.24930420566e-18, 1.30371584793e-18, 3.76900891152e-19, 3.74031524392e-20],
        "var": [2.97515130043, 15.5441732407, 26.3368396759, 53.8969764709, 85.258972168, 2380.44335938, 5517.87207031, 122.973442078, 158.668930054, 274.830444336, 1031.09289551, 267.024414062, 2892.62988281, 1266.17321777, 1036.68481445, 1339.03955078, 369.778930664, 671.002380371, 1138.51977539, 565.103637695, 1540.77844238, 2965.48535156, 454.77331543, 654.09161377, 458.751922607, 154.203613281, 641.601135254, 92.6479263306, 59.232925415, 50.2613945007, 20.2881450653, 9.57764434814, 3.75199437141, 1.00449252129, 0.225093081594, 0.0528793483973, 0.00811228621751, 0.00164351554122, 3.5139873944e-06, 3.10004821813e-09]
    },
    "gfcc": {
        "mean": [-19.8893527985, 90.5002059937, -88.1957626343, 32.2849502563, -51.2086334229, 25.077205658, -18.9018917084, 17.5723628998, -26.2394790649, 5.52163219452, -12.4804096222, 9.04308891296, -9.38952255249],
        "cov": [[3397.53198242, -466.661407471, -128.551223755, 392.601348877, -21.031671524, 32.1996192932, -155.009246826, 1.88058280945, 86.6044921875, 114.739196777, -30.0545692444, 21.1544075012, 85.4353256226], [-466.661407471, 707.612121582, 184.64175415, -101.384208679, 106.609260559, -71.3578033447, -23.6047763824, -65.0301971436, 6.16338586807, -58.2863616943, 14.8699159622, -53.7687950134, -17.208732605], [-128.551223755, 184.64175415, 329.469146729, 66.8780593872, 136.48890686, 9.91381645203, 5.92498779297, -36.7815551758, 17.0084991455, 24.2607154846, 38.7835884094, -6.6776137352, 11.6731929779], [392.601348877, -101.384208679, 66.8780593872, 352.091705322, 56.8056488037, 45.9566040039, 14.5633621216, 30.1080646515, 111.343971252, 80.9571228027, 39.6639518738, -20.8924922943, 75.2626342773], [-21.031671524, 106.609260559, 136.48890686, 56.8056488037, 270.439880371, 62.4434585571, 2.78799271584, -19.8487873077, 54.2167892456, 41.4181594849, 45.0877380371, 6.37329435349, -33.9329948425], [32.1996192932, -71.3578033447, 9.91381645203, 45.9566040039, 62.4434585571, 135.549575806, 85.0121917725, 30.8237571716, -15.2576179504, 10.4153404236, 21.415763855, 11.747338295, 1.18245911598], [-155.009246826, -23.6047763824, 5.92498779297, 14.5633621216, 2.78799271584, 85.0121917725, 163.70135498, 67.4962387085, -0.073350392282, -5.1744799614, 29.9416980743, 22.5294094086, 33.7170295715], [1.88058280945, -65.0301971436, -36.7815551758, 30.1080646515, -19.8487873077, 30.8237571716, 67.4962387085, 124.431983948, 65.3489227295, 6.00769519806, -11.9954786301, 15.1690187454, 34.2733039856], [86.6044921875, 6.16338586807, 17.0084991455, 111.343971252, 54.2167892456, -15.2576179504, -0.073350392282, 65.3489227295, 166.054840088, 72.6336364746, 17.5671215057, -12.820394516, 36.2523078918], [114.739196777, -58.2863616943, 24.2607154846, 80.9571228027, 41.4181594849, 10.4153404236, -5.1744799614, 6.00769519806, 72.6336364746, 118.998695374, 66.4648895264, -3.04930329323, -2.62016272545], [-30.0545692444, 14.8699159622, 38.7835884094, 39.6639518738, 45.0877380371, 21.415763855, 29.9416980743, -11.9954786301, 17.5671215057, 66.4648895264, 121.33266449, 39.9650917053, 3.11064863205], [21.1544075012, -53.7687950134, -6.6776137352, -20.8924922943, 6.37329435349, 11.747338295, 22.5294094086, 15.1690187454, -12.820394516, -3.04930329323, 39.9650917053, 96.0267410278, 41.1705245972], [85.4353256226, -17.208732605, 11.6731929779, 75.2626342773, -33.9329948425, 1.18245911598, 33.7170295715, 34.2733039856, 36.2523078918, -2.62016272545, 3.11064863205, 41.1705245972, 146.449432373]],
        "icov": [[0.000409305444919, 8.21053108666e-05, 0.00016623819829, -0.00047897559125, 2.67455070571e-05, -0.000242351088673, 0.000539389031474, 1.04479095171e-05, 0.000148250590428, -0.000341661536368, 0.000381180550903, -0.000359156256309, -6.46437256364e-05], [8.21053108666e-05, 0.00284022581764, -0.00108583457768, 0.00129016605206, -0.00109093321953, 0.00131413456984, -8.02567519713e-05, 0.000572160410229, -0.00130829727277, 0.0033061997965, -0.00279769324698, 0.00319459359162, -0.00112509401515], [0.00016623819829, -0.00108583457768, 0.00496076047421, -0.00133574439678, -0.00239680102095, 0.00127160910051, -0.000765271368437, 0.000293866090942, 0.00198987871408, -0.00169888010714, 0.000611847208347, -0.00011235816055, -0.000896108045708], [-0.00047897559125, 0.00129016605206, -0.00133574439678, 0.00639075925574, -0.000169583974639, -0.00216536805965, 0.00074976234464, 0.000693819369189, -0.00344551587477, 0.00115002307575, -0.00312164984643, 0.00445670867339, -0.0034167165868], [2.67455070571e-05, -0.00109093321953, -0.00239680102095, -0.000169583974639, 0.00870758108795, -0.00663350196555, 0.00147664989345, 0.00367955793627, -0.0060464553535, 0.000809661345556, 0.00058795203222, -0.00410916469991, 0.00365839130245], [-0.000242351088673, 0.00131413456984, 0.00127160910051, -0.00216536805965, -0.00663350196555, 0.0188009031117, -0.00837030820549, -0.00383844505996, 0.00805769581348, -0.00257307547145, 0.000512183120009, 0.00196670158766, -0.000160571085871], [0.000539389031474, -8.02567519713e-05, -0.000765271368437, 0.00074976234464, 0.00147664989345, -0.00837030820549, 0.0152726015076, -0.00715749384835, 0.000945320178289, 0.00303934817202, -0.00588740548119, 0.00228279968724, -0.00277616549283], [1.04479095171e-05, 0.000572160410229, 0.000293866090942, 0.000693819369189, 0.00367955793627, -0.00383844505996, -0.00715749384835, 0.0208227727562, -0.0126028107479, 0.00214926642366, 0.00514961825684, -0.00547968130559, 0.00192872749176], [0.000148250590428, -0.00130829727277, 0.00198987871408, -0.00344551587477, -0.0060464553535, 0.00805769581348, 0.000945320178289, -0.0126028107479, 0.021427212283, -0.0109803779051, 0.00202177581377, 0.00309801008552, -0.00377684808336], [-0.000341661536368, 0.0033061997965, -0.00169888010714, 0.00115002307575, 0.000809661345556, -0.00257307547145, 0.00303934817202, 0.00214926642366, -0.0109803779051, 0.025205636397, -0.0151020968333, 0.00654958514497, 0.000786441960372], [0.000381180550903, -0.00279769324698, 0.000611847208347, -0.00312164984643, 0.00058795203222, 0.000512183120009, -0.00588740548119, 0.00514961825684, 0.00202177581377, -0.0151020968333, 0.023460149765, -0.0134195266291, 0.00379035784863], [-0.000359156256309, 0.00319459359162, -0.00011235816055, 0.00445670867339, -0.00410916469991, 0.00196670158766, 0.00228279968724, -0.00547968130559, 0.00309801008552, 0.00654958514497, -0.0134195266291, 0.0236352495849, -0.00891678407788], [-6.46437256364e-05, -0.00112509401515, -0.000896108045708, -0.0034167165868, 0.00365839130245, -0.000160571085871, -0.00277616549283, 0.00192872749176, -0.00377684808336, 0.000786441960372, 0.00379035784863, -0.00891678407788, 0.0129730887711]]
    },
    "melbands": {
        "dmean": [0.0029250041116, 0.00112795433961, 0.000427081860835, 0.000408968800912, 0.000654461677186, 9.2870221124e-05, 4.45968471467e-05, 6.34044845356e-05, 6.29307469353e-05, 3.37146630045e-05, 7.01101016602e-05, 4.34103858424e-05, 4.1685787437e-05, 6.98722069501e-05, 3.97800104111e-05, 1.03507400127e-05, 1.39331777973e-05, 1.49690104081e-05, 8.01473015599e-06, 7.43861619412e-06, 9.21250102692e-06, 1.38443328979e-05, 5.63992489333e-06, 5.84735107623e-06, 6.07070023761e-06, 5.53057543584e-06, 3.94727931052e-06, 2.00034401132e-06, 4.26813858212e-06, 2.0610732463e-06, 1.12622092274e-06, 1.40605106935e-06, 1.04757214103e-06, 1.05784920379e-06, 7.1836063853e-07, 9.22546746551e-07, 4.14526965642e-07, 4.34327120047e-07, 2.41612667651e-07, 2.36552622823e-07],
        "dmean2": [0.00442842626944, 0.00190631754231, 0.000733716005925, 0.000643345701974, 0.000935355084948, 0.000159542440088, 7.01543685864e-05, 9.58678429015e-05, 9.40562385949e-05, 4.84649499413e-05, 9.8233067547e-05, 5.92540854996e-05, 6.12203220953e-05, 0.00010281959112, 5.8345583966e-05, 1.6247980966e-05, 2.17180513573e-05, 2.4672890504e-05, 1.26370659927e-05, 1.11518584163e-05, 1.39639269037e-05, 2.07898010558e-05, 8.35655464471e-06, 9.4555243777e-06, 1.01314089989e-05, 9.03269847186e-06, 6.26721748631e-06, 3.25197243001e-06, 7.14508587407e-06, 3.45182479577e-06, 1.79972357728e-06, 2.36819460042e-06, 1.73930436631e-06, 1.79829942226e-06, 1.14936597129e-06, 1.55195948537e-06, 6.59485635879e-07, 7.23119057966e-07, 3.97912856442e-07, 3.89754973185e-07],
        "dvar": [2.55883333011e-05, 5.66755488762e-06, 1.90277137335e-06, 1.48781191456e-06, 6.10299866821e-06, 5.87061101953e-08, 1.30627197947e-08, 2.52927563338e-08, 2.08129637969e-08, 4.72023042875e-09, 2.59086423426e-08, 1.04968034265e-08, 8.73625705111e-09, 1.39260274423e-08, 1.20218297539e-08, 1.19194665249e-09, 2.28244045886e-09, 4.79026418532e-09, 1.65301228261e-09, 7.01333491282e-10, 2.03860128778e-09, 4.52278570151e-09, 4.23746621125e-10, 5.01808317122e-10, 6.19352791276e-10, 2.86631246516e-10, 1.10774889261e-10, 2.70300934413e-11, 2.9856106476e-10, 6.28385260493e-11, 7.23904053021e-12, 9.05758541087e-12, 8.00922782956e-12, 8.36236895702e-12, 3.52918974426e-12, 6.30209252839e-12, 1.18653264297e-12, 1.19254833873e-12, 3.2068388201e-13, 2.50990363476e-13],
        "dvar2": [5.71795935684e-05, 1.61731459229e-05, 5.4014772104e-06, 3.67133702639e-06, 1.36254675454e-05, 1.64632027122e-07, 2.65950212963e-08, 5.3713240078e-08, 4.34714948483e-08, 9.83733716708e-09, 4.44836878444e-08, 1.75538872327e-08, 1.75353118692e-08, 3.10310994678e-08, 2.47676545939e-08, 2.76996803272e-09, 5.54274981468e-09, 1.26839321268e-08, 4.08617539804e-09, 1.49530654525e-09, 4.70163907806e-09, 1.01217594306e-08, 9.0850027501e-10, 1.23301768795e-09, 1.69273806083e-09, 7.62175322855e-10, 2.64794464133e-10, 7.12143191639e-11, 7.61399110427e-10, 1.63296834388e-10, 1.54249616552e-11, 2.35159652168e-11, 1.98725046835e-11, 2.25987908942e-11, 8.46734141136e-12, 1.7049282125e-11, 2.9700183285e-12, 3.15562745205e-12, 8.09757317623e-13, 6.11634332591e-13],
        "max": [0.0537021644413, 0.027469560504, 0.0136759206653, 0.0151511859149, 0.0296985022724, 0.00246100430377, 0.00265204487368, 0.00423524295911, 0.00338883278891, 0.00148270512, 0.00283626071177, 0.00185733521357, 0.00163072242867, 0.00143040134571, 0.00166299275588, 0.000584614579566, 0.000693791778758, 0.00131225516088, 0.000675817136653, 0.000343396997778, 0.000986326602288, 0.00118129979819, 0.000244816852501, 0.000301684980514, 0.000364979670849, 0.000265827722615, 0.000124897516798, 8.98055513971e-05, 0.000435633060988, 0.000113688431156, 6.66452106088e-05, 3.65258201782e-05, 3.94957023673e-05, 4.46060330432e-05, 2.61858094746e-05, 2.51094534178e-05, 1.84085347428e-05, 1.75147251866e-05, 1.22481042126e-05, 1.06751567728e-05],
        "mean": [0.00708252144977, 0.00235153804533, 0.000657974334899, 0.000565249996725, 0.000940472877119, 0.000133832334541, 7.23698976799e-05, 0.000111316694529, 0.000110354019853, 5.87708782405e-05, 0.00016625659191, 0.00010449194815, 5.10694371769e-05, 7.85423690104e-05, 4.80500275444e-05, 1.33259372888e-05, 1.67667185451e-05, 1.54331264639e-05, 8.04215778771e-06, 9.06573950488e-06, 1.01180357888e-05, 1.44233044921e-05, 6.3985394263e-06, 6.16933402853e-06, 6.57742793919e-06, 6.76993431625e-06, 4.63547212348e-06, 3.42578164236e-06, 6.46208809485e-06, 2.87937905341e-06, 1.97276403924e-06, 2.1860068955e-06, 1.61306468272e-06, 1.74744070591e-06, 1.14034810395e-06, 1.11539804948e-06, 6.7820235472e-07, 6.37296295736e-07, 4.28512720418e-07, 3.79797853611e-07],
        "median": [0.00231057079509, 0.00146753923036, 0.000273624784313, 8.20627683424e-05, 0.00013737482368, 6.1460006691e-05, 1.56802489073e-05, 4.39702271251e-05, 5.21711044712e-05, 2.3657001293e-05, 4.21262302552e-05, 2.06896547752e-05, 1.73972712219e-05, 2.9712153264e-05, 6.56777683616e-06, 4.14052101405e-06, 4.44794568466e-06, 3.03839578919e-06, 1.34975994115e-06, 1.51804113102e-06, 1.51917265612e-06, 1.13984458494e-06, 1.26026816361e-06, 1.71922113168e-06, 1.68624035268e-06, 1.70709256508e-06, 9.59690964919e-07, 6.69739904424e-07, 7.87440967542e-07, 5.32016315447e-07, 4.9466228802e-07, 5.49922674509e-07, 3.02464741253e-07, 3.23178511508e-07, 2.28343921549e-07, 2.45280688205e-07, 1.53849214257e-07, 1.51360524114e-07, 1.15999966965e-07, 1.27104286207e-07],
        "min": [4.29033757332e-24, 1.85747594769e-24, 6.35439923158e-24, 9.74327941609e-24, 1.18517823423e-23, 5.24412128926e-24, 5.16039238164e-24, 6.14698363934e-24, 8.88567717159e-24, 1.08592612172e-23, 1.765423532e-23, 1.44173244557e-23, 7.11742730874e-24, 6.25487377876e-24, 6.22541534598e-24, 1.50587535687e-23, 9.0753114446e-24, 1.06176749315e-23, 1.71583336892e-23, 7.61989541776e-24, 1.05137874724e-23, 6.93448573165e-24, 1.57625673797e-23, 1.16012977057e-23, 7.74747236994e-24, 1.14270754082e-23, 1.41954999246e-23, 1.07839549775e-23, 1.08186372471e-23, 9.75192454275e-24, 1.00108192255e-23, 1.07455910939e-23, 9.13219383789e-24, 1.54360972941e-23, 1.24428016657e-23, 1.12843649484e-23, 1.01805899809e-23, 8.60895581009e-24, 1.01932267438e-23, 9.87011799446e-24],
        "var": [0.000126945597003, 7.6783435361e-06, 1.45142359997e-06, 1.98686279873e-06, 9.68318636296e-06, 5.59774058217e-08, 3.10115275681e-08, 6.70279263204e-08, 4.99102021934e-08, 9.53753254151e-09, 9.41829867429e-08, 3.93727113135e-08, 1.26916166465e-08, 1.74691514587e-08, 1.67791451844e-08, 1.33877819941e-09, 2.30766339371e-09, 4.01141031503e-09, 1.42973244355e-09, 9.17024234326e-10, 2.09034345389e-09, 4.72804018159e-09, 5.03352415304e-10, 4.39501546268e-10, 4.84375595189e-10, 3.21391940838e-10, 1.30001107101e-10, 6.22567622455e-11, 4.53361292951e-10, 7.12859840601e-11, 2.17827561544e-11, 1.98852514316e-11, 1.5364952366e-11, 1.84828697486e-11, 6.72238566896e-12, 7.12218522006e-12, 2.85409239645e-12, 2.25313062478e-12, 9.4621424411e-13, 6.38469257932e-13]
    },
    "mfcc": {
        "mean": [-675.283691406, 126.763725281, 21.2983970642, 23.8123893738, 0.325170665979, 11.0883979797, 16.3229465485, 15.4247150421, 4.04182624817, 3.27274894714, 2.8895175457, 1.58979988098, 1.79392981529],
        "cov": [[2774.5925293, -709.277770996, -27.5663757324, 220.027084351, 82.7460861206, 84.6930618286, -149.429641724, -93.5509414673, 53.9885253906, 124.715118408, -80.4612884521, 17.5967521667, 49.1379623413], [-709.277770996, 829.183349609, 50.0909767151, -53.7322120667, 92.447593689, -21.6617698669, 4.70666408539, -9.93749904633, -79.1175537109, -78.5829772949, 34.617515564, 0.502034962177, -44.169254303], [-27.5663757324, 50.0909767151, 202.730789185, 83.4494400024, 20.6599750519, 29.145690918, 24.2880649567, -16.9547157288, 7.78074455261, 10.1873989105, -6.22549152374, -3.16586065292, 18.6408023834], [220.027084351, -53.7322120667, 83.4494400024, 210.461608887, 100.224746704, 65.5440597534, -32.8237762451, -25.132478714, 37.1679458618, 62.2050971985, 19.1681938171, 51.3679618835, 44.2825088501], [82.7460861206, 92.447593689, 20.6599750519, 100.224746704, 206.3853302, 90.737449646, -19.6753406525, -20.3153133392, -9.07768535614, 31.0680084229, 31.5628452301, 77.5969467163, 35.0751037598], [84.6930618286, -21.6617698669, 29.145690918, 65.5440597534, 90.737449646, 139.803451538, 52.7147254944, 0.280758470297, -8.67919921875, 21.9741020203, 8.65919113159, 46.0370101929, 50.2800979614], [-149.429641724, 4.70666408539, 24.2880649567, -32.8237762451, -19.6753406525, 52.7147254944, 151.728027344, 61.3693237305, -3.83638644218, -23.8347568512, -1.57162201405, -13.3584508896, 37.5047645569], [-93.5509414673, -9.93749904633, -16.9547157288, -25.132478714, -20.3153133392, 0.280758470297, 61.3693237305, 122.522422791, 51.6115760803, -9.48147296906, -16.6692962646, -13.4427146912, 14.3329524994], [53.9885253906, -79.1175537109, 7.78074455261, 37.1679458618, -9.07768535614, -8.67919921875, -3.83638644218, 51.6115760803, 137.069061279, 56.564289093, -9.9029302597, -13.1888456345, -5.9328660965], [124.715118408, -78.5829772949, 10.1873989105, 62.2050971985, 31.0680084229, 21.9741020203, -23.8347568512, -9.48147296906, 56.564289093, 105.453010559, 41.6295166016, 37.2741584778, 10.9610862732], [-80.4612884521, 34.617515564, -6.22549152374, 19.1681938171, 31.5628452301, 8.65919113159, -1.57162201405, -16.6692962646, -9.9029302597, 41.6295166016, 105.247550964, 65.6139602661, 17.6584091187], [17.5967521667, 0.502034962177, -3.16586065292, 51.3679618835, 77.5969467163, 46.0370101929, -13.3584508896, -13.4427146912, -13.1888456345, 37.2741584778, 65.6139602661, 130.672668457, 55.4072494507], [49.1379623413, -44.169254303, 18.6408023834, 44.2825088501, 35.0751037598, 50.2800979614, 37.5047645569, 14.3329524994, -5.9328660965, 10.9610862732, 17.6584091187, 55.4072494507, 134.010482788]],
