{
"lowlevel": {
    "average_loudness": 0.902708768845,
    "barkbands_crest": {
        "dmean": 3.58725333214,
        "dmean2": 6.00917673111,
        "dvar": 13.790143013,
        "dvar2": 31.1758518219,
        "max": 25.6340141296,
        "mean": 12.6591720581,
        "median": 11.2262372971,
        "min": 2.2357943058,
        "var": 34.4884986877
    },
    "barkbands_flatness_db": {
        "dmean": 0.0354596599936,
        "dmean2": 0.0551641955972,
        "dvar": 0.00110740272794,
        "dvar2": 0.00256987661123,
        "max": 0.440597832203,
        "mean": 0.196478709579,
        "median": 0.199127033353,
        "min": 0.0145059591159,
        "var": 0.0059502501972
    },
    "barkbands_kurtosis": {
        "dmean": 9.8039560318,
        "dmean2": 15.4568719864,
        "dvar": 322.450531006,
        "dvar2": 761.927185059,
        "max": 197.817520142,
        "mean": 12.5625886917,
        "median": 3.08348846436,
        "min": -1.87707853317,
        "var": 552.498657227
    },
    "barkbands_skewness": {
        "dmean": 1.05031085014,
        "dmean2": 1.61484026909,
        "dvar": 1.44728326797,
        "dvar2": 3.33011317253,
        "max": 12.2140579224,
        "mean": 2.42572689056,
        "median": 1.78952205181,
        "min": -1.84464013577,
        "var": 4.99627304077
    },
    "barkbands_spread": {
        "dmean": 5.99970960617,
        "dmean2": 9.53907489777,
        "dvar": 45.9678001404,
        "dvar2": 104.322715759,
        "max": 72.47240448,
        "mean": 18.9607181549,
        "median": 17.2248420715,
        "min": 0.613800764084,
        "var": 165.191864014
    },
    "dissonance": {
        "dmean": 0.0203149318695,
        "dmean2": 0.0337694436312,
        "dvar": 0.00041494393372,
        "dvar2": 0.00108076247852,
        "max": 0.499993652105,
        "mean": 0.458400636911,
        "median": 0.464376866817,
        "min": 0.205871075392,
        "var": 0.000868120638188
    },
    "dynamic_complexity": 5.054728508,
    "erbbands_crest": {
        "dmean": 2.39021635056,
        "dmean2": 3.68573260307,
        "dvar": 5.51917266846,
        "dvar2": 13.3172721863,
        "max": 26.3192367554,
        "mean": 9.04797172546,
        "median": 8.28638553619,
        "min": 2.27538228035,
        "var": 18.1570396423
    },
    "erbbands_flatness_db": {
        "dmean": 0.0220791194588,
        "dmean2": 0.0299523472786,
        "dvar": 0.000488499470521,
        "dvar2": 0.000953709764872,
        "max": 0.345670521259,
        "mean": 0.185317471623,
        "median": 0.179444998503,
        "min": 0.0555129237473,
        "var": 0.00451925070956
    },
    "erbbands_kurtosis": {
        "dmean": 0.703430831432,
        "dmean2": 1.12528729439,
        "dvar": 1.19763016701,
        "dvar2": 2.74611735344,
        "max": 9.35298538208,
        "mean": -0.536064624786,
        "median": -0.8719394207,
        "min": -1.78317070007,
        "var": 1.50655353069
    },
    "erbbands_skewness": {
        "dmean": 0.364621341228,
        "dmean2": 0.545446872711,
        "dvar": 0.160529270768,
        "dvar2": 0.381804853678,
        "max": 2.28013515472,
        "mean": -0.0108784446493,
        "median": -0.0157818812877,
        "min": -2.08401656151,
        "var": 0.48122626543
    },
    "erbbands_spread": {
        "dmean": 10.0614376068,
        "dmean2": 15.2286930084,
        "dvar": 129.375915527,
        "dvar2": 264.38394165,
        "max": 154.980529785,
        "mean": 46.9819259644,
        "median": 44.3718147278,
        "min": 5.23073482513,
        "var": 325.823272705
    },
    "hfc": {
        "dmean": 7.95136880875,
        "dmean2": 12.0690689087,
        "dvar": 272.66519165,
        "dvar2": 638.143859863,
        "max": 156.173278809,
        "mean": 10.4503231049,
        "median": 2.8503780365,
        "min": 0.00892576575279,
        "var": 380.553131104
    },
    "melbands_crest": {
        "dmean": 4.27684593201,
        "dmean2": 7.1786904335,
        "dvar": 18.0934448242,
        "dvar2": 44.0557861328,
        "max": 34.0904197693,
        "mean": 17.2705211639,
        "median": 16.9087791443,
        "min": 2.7759001255,
        "var": 44.4073677063
    },
    "melbands_flatness_db": {
        "dmean": 0.0430777668953,
        "dmean2": 0.0657908394933,
        "dvar": 0.0017147079343,
        "dvar2": 0.00377946184017,
        "max": 0.57366079092,
        "mean": 0.262416481972,
        "median": 0.259974896908,
        "min": 0.0356295183301,
        "var": 0.0108406757936
    },
    "melbands_kurtosis": {
        "dmean": 22.9211006165,
        "dmean2": 36.29246521,
        "dvar": 1637.22436523,
        "dvar2": 4192.48291016,
        "max": 441.382781982,
        "mean": 33.6008377075,
        "median": 10.9289674759,
        "min": -1.621047616,
        "var": 2693.8425293
    },
    "melbands_skewness": {
        "dmean": 1.3798596859,
        "dmean2": 2.13538646698,
        "dvar": 2.58505964279,
        "dvar2": 5.86273670197,
        "max": 17.524225235,
        "mean": 3.93997097015,
        "median": 3.0518424511,
        "min": -1.53953623772,
        "var": 8.14551258087
    },
    "melbands_spread": {
        "dmean": 8.47882175446,
        "dmean2": 13.3973636627,
        "dvar": 131.87677002,
        "dvar2": 310.800292969,
        "max": 114.301177979,
        "mean": 21.7109165192,
        "median": 15.2743282318,
        "min": 0.604479074478,
        "var": 386.711791992
    },
    "pitch_salience": {
        "dmean": 0.109265372157,
        "dmean2": 0.177259638906,
        "dvar": 0.011508313939,
        "dvar2": 0.0286020636559,
        "max": 0.884391009808,
        "mean": 0.442543923855,
        "median": 0.440312862396,
        "min": 0.0770514085889,
        "var": 0.025181286037
    },
    "silence_rate_20dB": {
        "dmean": 0,
        "dmean2": 0,
        "dvar": 0,
        "dvar2": 0,
        "max": 1,
        "mean": 1,
        "median": 1,
        "min": 1,
        "var": 0
    },
    "silence_rate_30dB": {
        "dmean": 0.0691434442997,
        "dmean2": 0.137842029333,
        "dvar": 0.0643634647131,
        "dvar2": 0.154979646206,
        "max": 1,
        "mean": 0.938628137112,
        "median": 1,
        "min": 0,
        "var": 0.0576055161655
    },
    "silence_rate_60dB": {
        "dmean": 0.115067079663,
        "dmean2": 0.229736700654,
        "dvar": 0.101827777922,
        "dvar2": 0.199668139219,
        "max": 1,
        "mean": 0.322331100702,
        "median": 0,
        "min": 0,
        "var": 0.218439280987
    },
    "spectral_centroid": {
        "dmean": 325.07421875,
        "dmean2": 486.259613037,
        "dvar": 121639.796875,
        "dvar2": 272160.65625,
        "max": 3599.13354492,
        "mean": 1513.72717285,
        "median": 1456.27832031,
        "min": 192.626876831,
        "var": 536097.25
    },
    "spectral_complexity": {
        "dmean": 3.87616109848,
        "dmean2": 5.62261247635,
        "dvar": 37.0053863525,
        "dvar2": 61.9313812256,
        "max": 61,
        "mean": 10.9824647903,
        "median": 8,
        "min": 0,
        "var": 103.276756287
    },
    "spectral_decrease": {
        "dmean": 4.8336690206e-09,
        "dmean2": 7.21707316131e-09,
        "dvar": 7.41814977768e-17,
        "dvar2": 1.57584365318e-16,
        "max": -2.47532441593e-12,
        "mean": -6.64961774532e-09,
        "median": -1.71219627365e-09,
        "min": -6.59766712374e-08,
        "var": 1.18833124141e-16
    },
    "spectral_energy": {
        "dmean": 0.0188950523734,
        "dmean2": 0.0281253904104,
        "dvar": 0.00111021392513,
        "dvar2": 0.00235559721477,
        "max": 0.252122193575,
        "mean": 0.0260450467467,
        "median": 0.00693162949756,
        "min": 1.01520536191e-05,
        "var": 0.00178038747981
    },
    "spectral_energyband_high": {
        "dmean": 0.000381577643566,
        "dmean2": 0.000595586083364,
        "dvar": 8.24871733585e-07,
        "dvar2": 1.84810039627e-06,
        "max": 0.00981871318072,
        "mean": 0.000449189596111,
        "median": 2.10907946894e-05,
        "min": 5.67586155853e-08,
        "var": 1.39996552662e-06
    },
    "spectral_energyband_low": {
        "dmean": 0.0126677947119,
        "dmean2": 0.0191940385848,
        "dvar": 0.000741506344639,
        "dvar2": 0.00160604319535,
        "max": 0.243571415544,
        "mean": 0.0174702219665,
        "median": 0.00247317622416,
        "min": 1.04451851612e-08,
        "var": 0.00117362011224
    },
    "spectral_energyband_middle_high": {
        "dmean": 0.00179523206316,
        "dmean2": 0.00299189053476,
        "dvar": 2.45123555942e-05,
        "dvar2": 6.62747115712e-05,
        "max": 0.0401291176677,
        "mean": 0.00194628292229,
        "median": 0.000519471534062,
        "min": 1.4169673932e-06,
        "var": 2.10385296668e-05
    },
    "spectral_energyband_middle_low": {
        "dmean": 0.00798615626991,
        "dmean2": 0.0132377529517,
        "dvar": 0.000397883268306,
        "dvar2": 0.000998978037387,
        "max": 0.132473871112,
        "mean": 0.00743756396696,
        "median": 0.00154238275718,
        "min": 5.5239224821e-06,
        "var": 0.000346918299329
    },
    "spectral_entropy": {
        "dmean": 0.269022077322,
        "dmean2": 0.388430893421,
        "dvar": 0.0697569474578,
        "dvar2": 0.148892819881,
        "max": 8.89365959167,
        "mean": 7.09994077682,
        "median": 7.11146497726,
        "min": 5.5751953125,
        "var": 0.411038756371
    },
    "spectral_flux": {
        "dmean": 0.0467285551131,
        "dmean2": 0.0716960802674,
        "dvar": 0.00402747048065,
        "dvar2": 0.00804052036256,
        "max": 0.534493148327,
        "mean": 0.0876680910587,
        "median": 0.053393881768,
        "min": 0.00160803203471,
        "var": 0.00861298199743
    },
    "spectral_kurtosis": {
        "dmean": 3.15704417229,
        "dmean2": 5.17999505997,
        "dvar": 14.1205453873,
        "dvar2": 37.327583313,
        "max": 74.2959671021,
        "mean": 6.45618104935,
        "median": 4.59695959091,
        "min": -0.443093061447,
        "var": 31.557806015
    },
    "spectral_rms": {
        "dmean": 0.00150680239312,
        "dmean2": 0.00215653213672,
        "dvar": 4.2551982915e-06,
        "dvar2": 8.24842481961e-06,
        "max": 0.0156835224479,
        "mean": 0.00383588555269,
        "median": 0.00260049337521,
        "min": 9.95210648398e-05,
        "var": 1.0695805031e-05
    },
    "spectral_rolloff": {
        "dmean": 536.555603027,
        "dmean2": 914.079284668,
        "dvar": 916208.375,
        "dvar2": 2285470,
        "max": 10529.7363281,
        "mean": 1486.23120117,
        "median": 732.12890625,
        "min": 64.599609375,
        "var": 2396167.75
    },
    "spectral_skewness": {
        "dmean": 0.361348956823,
        "dmean2": 0.573829352856,
        "dvar": 0.124881364405,
        "dvar2": 0.327962458134,
        "max": 6.40098905563,
        "mean": 1.58775138855,
        "median": 1.51251268387,
        "min": 0.377206355333,
        "var": 0.325725466013
    },
    "spectral_spread": {
        "dmean": 620083.9375,
        "dmean2": 876688.3125,
        "dvar": 599980310528,
        "dvar2": 1.03790064435e+12,
        "max": 28117220,
        "mean": 3822416,
        "median": 3744918.25,
        "min": 1047099.375,
        "var": 2.3314825216e+12
    },
    "spectral_strongpeak": {
        "dmean": 0.348443984985,
        "dmean2": 0.604864776134,
        "dvar": 0.445409625769,
        "dvar2": 1.22051954269,
        "max": 7.01177978516,
        "mean": 0.568615078926,
        "median": 0.323597788811,
        "min": 0,
        "var": 0.543825805187
    },
    "zerocrossingrate": {
        "dmean": 0.01085304562,
        "dmean2": 0.0127512747422,
        "dvar": 0.000122634490253,
        "dvar2": 0.000161452480825,
        "max": 0.263671875,
        "mean": 0.0529612675309,
        "median": 0.04541015625,
        "min": 0.00244140625,
        "var": 0.00141036137938
    },
    "barkbands": {
        "dmean": [0.000411670305766, 0.00801013689488, 0.00663270289078, 0.00313632795587, 0.00322752422653, 0.000977165997028, 0.000605744251516, 0.000380574754672, 0.000315608165693, 0.000157143353135, 0.000102504389361, 0.000182451942237, 0.000166910002008, 0.000203848801902, 0.000677308009472, 0.000136778893648, 0.000144719917444, 0.00010735289834, 0.000101921345049, 6.56313204672e-05, 9.26821594476e-05, 0.000105883889773, 6.42270606477e-05, 5.41838126082e-05, 4.82230789203e-05, 2.33942409977e-05, 2.01221223506e-06],
        "dmean2": [0.000649266352411, 0.0123203918338, 0.0110389217734, 0.00565033312887, 0.00526301329955, 0.00159288023133, 0.00107814650983, 0.000678132520989, 0.000558562285732, 0.000277701998129, 0.000177172478288, 0.000327512185322, 0.000272006116575, 0.000368376408005, 0.00122854963411, 0.000220262139919, 0.000231086291024, 0.000175896217115, 0.000158641356393, 0.000105151746538, 0.000149250845425, 0.000180411632755, 0.000100439065136, 7.86126911407e-05, 7.19692616258e-05, 3.78181212e-05, 3.57047952093e-06],
        "dvar": [7.05115155597e-07, 0.000327403948177, 0.000367753673345, 0.000101204532257, 0.00010186493455, 5.33661750524e-06, 3.02725379697e-06, 1.06973368474e-06, 7.69022449276e-07, 3.34806202318e-07, 1.05254954974e-07, 3.40293723866e-07, 3.53590479563e-07, 7.05912214016e-07, 8.55404596223e-06, 1.47944064111e-07, 1.40773209978e-07, 8.82730972762e-08, 6.32755572383e-08, 2.8517250783e-08, 5.96424882815e-08, 9.36681487929e-08, 3.03800753443e-08, 2.72479248054e-08, 5.195029118e-08, 1.34647324401e-08, 7.4456614485e-11],
        "dvar2": [1.75228399257e-06, 0.00075894757174, 0.000926384062041, 0.000285525602521, 0.00024906656472, 1.25839342218e-05, 8.33108788356e-06, 3.03591036754e-06, 2.19638513954e-06, 9.59764065556e-07, 2.89767825734e-07, 9.88829356174e-07, 8.19742751901e-07, 2.01836155611e-06, 2.41711422859e-05, 3.64051999213e-07, 3.75900498284e-07, 2.306732938e-07, 1.66348030461e-07, 6.49615330417e-08, 1.48391720245e-07, 2.60688096887e-07, 7.32678770987e-08, 5.43958016408e-08, 1.29277310634e-07, 3.48837829733e-08, 2.00950950324e-10],
        "max": [0.0110561773181, 0.169699877501, 0.184932470322, 0.101583980024, 0.100938387215, 0.0195560920984, 0.0243176948279, 0.0101752039045, 0.008649751544, 0.00724992435426, 0.00431541539729, 0.00720406183973, 0.00715935463086, 0.00930050574243, 0.0269657913595, 0.0047165970318, 0.00482711941004, 0.00363948754966, 0.00340244127437, 0.00203604600392, 0.00231265765615, 0.00274116289802, 0.0021880872082, 0.00237411586568, 0.00393920158967, 0.00173104600981, 0.000148427294334],
        "mean": [0.000508639146574, 0.0106209050864, 0.00510292081162, 0.00211443915032, 0.00288153532892, 0.00109951861668, 0.00051949697081, 0.000416705501266, 0.000364535517292, 0.000160542273079, 9.46538930293e-05, 0.000161723306519, 0.000157999806106, 0.000158730224939, 0.000462360127131, 0.000168896673131, 0.00022008146334, 0.00015124467609, 0.000190063525224, 7.92022401583e-05, 0.000100824967376, 9.91458655335e-05, 7.0707013947e-05, 5.7156328694e-05, 6.04617562203e-05, 2.10504349525e-05, 1.53526264057e-06],
        "median": [6.3124432927e-05, 0.00116553215776, 0.000221305410378, 7.21391988918e-05, 0.000302518019453, 0.000341959646903, 8.024735871e-05, 0.000149865081767, 0.000143971745274, 5.134116509e-05, 5.32564536115e-06, 2.57955962297e-05, 1.60417876032e-05, 8.01255009719e-06, 1.65348628798e-05, 5.08462399011e-05, 8.49263669807e-05, 5.63522226003e-05, 7.68174795667e-05, 8.54911013448e-06, 4.93413699587e-06, 4.25874850407e-06, 2.918202199e-06, 1.88455157968e-06, 1.40485917655e-06, 3.42904769468e-07, 1.16389786697e-08],
        "min": [9.42688635486e-12, 1.66624114506e-09, 2.24495200207e-10, 4.12519751691e-09, 5.18657429893e-07, 4.71584797879e-07, 7.51730908632e-07, 4.527956321e-08, 3.28671035277e-07, 9.56381072115e-08, 2.56253933628e-08, 1.14172415522e-07, 4.36855494002e-08, 2.57358152567e-08, 4.09020586289e-08, 2.90873778397e-08, 8.09587348272e-08, 3.30713092467e-08, 2.80691292431e-08, 1.33475017705e-08, 7.6505672908e-09, 6.19426421267e-09, 6.88851908848e-09, 8.13698264324e-09, 1.16050102861e-09, 2.11881241718e-11, 1.80936186173e-11],
        "var": [1.01064483715e-06, 0.00046697165817, 0.000292824610369, 6.24583481112e-05, 9.50501198531e-05, 5.2057157518e-06, 2.15543695958e-06, 7.34831303362e-07, 5.11960877247e-07, 2.19140787294e-07, 8.58089634903e-08, 2.56271903254e-07, 3.51976581214e-07, 4.63468609269e-07, 5.09783239977e-06, 1.63676091347e-07, 1.56001846108e-07, 1.03761102821e-07, 8.96307668086e-08, 4.43373551207e-08, 7.7941685106e-08, 7.74494068878e-08, 4.26644497509e-08, 3.72546331562e-08, 7.47480370933e-08, 1.11947846548e-08, 5.47611851698e-11]
    },
    "erbbands": {
        "dmean": [0.235111236572, 1.94294333458, 6.79811763763, 9.73896217346, 10.096953392, 11.0726156235, 9.45987415314, 7.89874124527, 9.63002967834, 6.92836713791, 8.92514324188, 6.88290262222, 5.22592401505, 5.08286571503, 5.70855712891, 6.36598587036, 7.28305721283, 9.27055931091, 22.7562332153, 23.463344574, 8.14353275299, 8.10238075256, 5.31833124161, 4.97287893295, 5.56884050369, 2.98218417168, 3.68883156776, 3.90421628952, 4.51246261597, 2.04919028282, 1.85492396355, 1.2316057682, 0.98786175251, 0.564208745956, 0.193686082959, 0.120395474136, 0.0288781411946, 0.00718712853268, 0.000240177876549, 2.58642812696e-05],
        "dmean2": [0.351233452559, 3.01198768616, 11.0971574783, 17.2417144775, 16.8938865662, 19.2294845581, 15.7125873566, 12.946557045, 17.3765258789, 11.7958927155, 16.0406093597, 12.3665237427, 8.95862102509, 9.05664253235, 9.99065113068, 11.2914400101, 11.6933813095, 15.9241333008, 41.2078475952, 42.3296318054, 12.8938512802, 12.9035520554, 8.57155418396, 8.17519664764, 8.4981803894, 4.75660562515, 5.92680644989, 6.40317344666, 7.86509990692, 3.17300748825, 2.91703176498, 1.83942568302, 1.44231462479, 0.818407475948, 0.289104670286, 0.191183879972, 0.0471737235785, 0.0122729167342, 0.000417314295191, 3.81432182621e-05],
        "dvar": [0.266906112432, 20.7139759064, 359.640899658, 886.328063965, 762.188781738, 1583.63562012, 670.077148438, 327.577575684, 798.932495117, 303.581573486, 652.731018066, 417.538421631, 172.903503418, 333.6953125, 382.386749268, 339.994384766, 624.012268066, 1315.18640137, 6145.54443359, 9032.42480469, 474.34588623, 475.70614624, 209.898269653, 195.072570801, 160.12411499, 58.9695625305, 101.921531677, 91.2262115479, 205.892700195, 20.9402809143, 33.5648269653, 12.2529726028, 12.0037460327, 5.19472646713, 0.499392300844, 0.396057128906, 0.0123705891892, 0.000947609893046, 1.01404475572e-06, 2.26784635515e-09],
        "dvar2": [0.574424624443, 49.6013259888, 867.224914551, 2425.95751953, 1842.91809082, 4266.4765625, 1694.09277344, 792.991943359, 2241.89526367, 814.166931152, 1862.09851074, 1189.24267578, 472.975402832, 970.866821289, 1060.84619141, 972.93371582, 1446.35986328, 3587.43310547, 17138.9707031, 25610.9316406, 1145.34606934, 1252.57861328, 527.117858887, 507.432525635, 407.030395508, 136.418167114, 259.230102539, 231.189971924, 585.059387207, 46.5380325317, 84.1191253662, 24.2912693024, 24.9966545105, 12.3473815918, 1.16694390774, 1.02689552307, 0.0316926315427, 0.00258962484077, 2.77811659544e-06, 5.08084596618e-09],
        "max": [6.86921358109, 44.5801124573, 178.190460205, 279.289825439, 216.198272705, 440.098266602, 223.71774292, 150.526107788, 386.453674316, 158.722503662, 266.611114502, 206.943283081, 129.031570435, 231.542663574, 224.429275513, 172.027359009, 305.921508789, 376.676025391, 648.176208496, 875.204284668, 268.976531982, 297.316650391, 166.905838013, 147.507598877, 177.785110474, 105.007293701, 100.337791443, 101.863647461, 129.827102661, 41.0297355652, 72.6622467041, 48.4224815369, 55.4598274231, 38.9540214539, 10.3180627823, 9.62556743622, 1.6064478159, 0.415877848864, 0.0158736798912, 0.000463045929791],
        "mean": [0.296194076538, 2.40259790421, 5.91181755066, 7.09026193619, 8.46221256256, 8.97573757172, 9.11182308197, 9.0136756897, 8.71294879913, 6.74655294418, 9.3665971756, 6.87796878815, 7.5926527977, 5.29242801666, 5.19848060608, 5.98710823059, 7.11015129089, 7.95332336426, 16.2452316284, 17.3053646088, 10.0210199356, 12.2227973938, 8.13303279877, 7.54916620255, 11.5336942673, 3.95518398285, 3.99771237373, 4.04423141479, 4.02745008469, 2.27543926239, 2.05687975883, 1.34166872501, 1.19976103306, 0.712796568871, 0.20986494422, 0.108055002987, 0.0270502325147, 0.00621207151562, 0.000200401627808, 3.47388559021e-05],
        "median": [0.0340353175998, 0.171222820878, 0.43043884635, 0.375470489264, 0.349057972431, 0.923797726631, 1.89099919796, 3.08278417587, 2.09047007561, 1.40658259392, 3.2348947525, 2.45910453796, 3.54540419579, 1.69343364239, 0.697044491768, 0.84346395731, 0.844296514988, 0.394738554955, 0.658560812473, 1.4779766798, 2.94167876244, 4.59855985641, 2.9837501049, 3.2419025898, 4.79180622101, 0.766678631306, 0.220935404301, 0.199476718903, 0.150059252977, 0.109858982265, 0.081868737936, 0.0475422553718, 0.0299556069076, 0.017061829567, 0.00728009315208, 0.00193576992024, 0.000516428845003, 9.8352371424e-05, 1.11535982796e-05, 9.39949768508e-06],
        "min": [1.6997522323e-07, 8.1993243839e-07, 5.97984080741e-06, 3.02234748233e-05, 0.00016756162222, 0.00293087749742, 0.00544506357983, 0.00330338464119, 0.00826060492545, 0.0147067699581, 0.00278112920932, 0.0197217892855, 0.0112277623266, 0.00901216827333, 0.00448226230219, 0.00542935822159, 0.00440068589523, 0.0055770999752, 0.00325388694182, 0.000921477912925, 0.00286796223372, 0.00451185787097, 0.00868983380497, 0.00337469135411, 0.00123900838662, 0.000849687319715, 0.000325301516568, 0.000307802314637, 0.000200655937078, 0.000210558777326, 0.000179488823051, 0.000128962376039, 0.000105697356048, 3.57484859705e-05, 9.37224922382e-06, 2.65649987341e-06, 1.03020113329e-06, 2.46433359052e-07, 2.62862158706e-07, 1.28057564552e-07],
        "var": [0.410358637571, 26.3258934021, 317.013549805, 595.676879883, 715.09942627, 1147.97924805, 583.444885254, 312.04284668, 539.233459473, 254.225128174, 426.795135498, 261.945922852, 151.318481445, 225.069854736, 291.887817383, 297.504943848, 643.365844727, 995.390625, 3946.87231445, 5371.52246094, 533.931274414, 530.392211914, 271.462524414, 224.148544312, 274.784606934, 94.3868865967, 122.844329834, 113.097816467, 148.909973145, 33.5329780579, 43.8745079041, 17.9249668121, 21.6130542755, 8.75403308868, 0.607388973236, 0.326797813177, 0.0109031517059, 0.000731613661628, 7.40020084322e-07, 3.32969185557e-09]
    },
    "gfcc": {
        "mean": [-96.6725463867, 105.107040405, -123.521324158, 32.2915763855, -52.4254302979, -12.8975963593, -37.1148223877, 20.9716091156, -18.5591697693, -4.30428934097, -6.61289310455, 4.51618623734, -4.99871397018],
        "cov": [[10202.7070312, -1478.44262695, 2005.42285156, 1510.70788574, -0.98958003521, 2318.74853516, -75.6575241089, -749.95690918, 46.910533905, 392.881896973, -722.491088867, -314.497070312, -425.325683594], [-1478.44262695, 2128.84838867, 638.867675781, 225.50479126, 878.012451172, -288.664978027, 521.979797363, 315.530517578, 379.692352295, -152.389541626, 219.46105957, -117.732704163, 169.673171997], [2005.42285156, 638.867675781, 1775.09362793, 852.201965332, 672.027404785, 876.047302246, 414.811523438, 110.854278564, 240.811599731, 153.850128174, -59.3169631958, -99.8185043335, -97.3698959351], [1510.70788574, 225.50479126, 852.201965332, 855.19543457, 265.730834961, 661.890686035, 274.228729248, -12.3886032104, 230.833587646, 73.3374023438, -5.03700494766, -107.517173767, -0.321382284164], [-0.98958003521, 878.012451172, 672.027404785, 265.730834961, 683.572937012, 131.879394531, 307.674926758, 202.148300171, 189.632797241, 24.3815841675, 42.9133605957, -38.7608146667, 25.1613616943], [2318.74853516, -288.664978027, 876.047302246, 661.890686035, 131.879394531, 937.332885742, 148.861831665, -68.2963104248, 181.29699707, 162.967712402, -137.427398682, -56.88438797, -66.9903335571], [-75.6575241089, 521.979797363, 414.811523438, 274.228729248, 307.674926758, 148.861831665, 358.422210693, 150.33114624, 112.965629578, 19.1229362488, 117.963050842, -11.0839443207, 8.68384838104], [-749.95690918, 315.530517578, 110.854278564, -12.3886032104, 202.148300171, -68.2963104248, 150.33114624, 284.654846191, 103.945053101, -11.2076358795, 93.1017303467, 69.2860717773, 78.0519332886], [46.910533905, 379.692352295, 240.811599731, 230.833587646, 189.632797241, 181.29699707, 112.965629578, 103.945053101, 371.295776367, 18.4942970276, -30.6124210358, -17.7410087585, 134.201568604], [392.881896973, -152.389541626, 153.850128174, 73.3374023438, 24.3815841675, 162.967712402, 19.1229362488, -11.2076358795, 18.4942970276, 149.487945557, -12.1124048233, -0.831546962261, -38.1740684509], [-722.491088867, 219.46105957, -59.3169631958, -5.03700494766, 42.9133605957, -137.427398682, 117.963050842, 93.1017303467, -30.6124210358, -12.1124048233, 199.430145264, 20.404417038, 16.5077495575], [-314.497070312, -117.732704163, -99.8185043335, -107.517173767, -38.7608146667, -56.88438797, -11.0839443207, 69.2860717773, -17.7410087585, -0.831546962261, 20.404417038, 130.152893066, 16.9720573425], [-425.325683594, 169.673171997, -97.3698959351, -0.321382284164, 25.1613616943, -66.9903335571, 8.68384838104, 78.0519332886, 134.201568604, -38.1740684509, 16.5077495575, 16.9720573425, 151.81817627]],
        "icov": [[0.000372762500774, 1.97373919946e-05, -3.01521577057e-05, -0.000130907006678, -8.73188619153e-05, -0.000711166707333, 8.37704501464e-05, 0.000434710062109, 0.000285934511339, -2.71890758086e-06, 0.000609438517131, 0.000151584186824, 0.000138370320201], [1.97373919946e-05, 0.00372945331037, -0.00142485671677, 0.000897117948625, -0.00264353258535, 0.00258178706281, -0.00259084673598, 0.00190589984413, -0.00292052817531, 0.00282630743459, -0.00186148728244, 0.00222192681395, -0.00103271391708], [-3.01521577057e-05, -0.00142485671677, 0.00288908416405, -0.00123748905025, -0.000583638902754, -0.00217720796354, 0.000873414624948, -0.00147119432222, 0.00140337494668, -0.00116411491763, 0.0011593378149, -0.000644391286187, 0.00161344511434], [-0.000130907006678, 0.000897117948625, -0.00123748905025, 0.00507204700261, -0.00045146222692, -0.00167024892289, -0.00207040808164, 0.00187845667824, -0.00174966990016, 0.00195742584765, -0.00264097424224, 0.00208797655068, -0.00156922999304], [-8.73188619153e-05, -0.00264353258535, -0.000583638902754, -0.00045146222692, 0.00610191933811, -0.000202888913918, -0.000223402981646, -0.0027489468921, 0.00117734773085, -0.00233555072919, 0.00240031140856, -0.000589769973885, 0.000836701714434], [-0.000711166707333, 0.00258178706281, -0.00217720796354, -0.00167024892289, -0.000202888913918, 0.00801761634648, -0.00252609048039, 0.000568412709981, -0.0032149956096, -0.000403266662033, 0.000179224080057, 4.2515250243e-05, -0.000137714581797], [8.37704501464e-05, -0.00259084673598, 0.000873414624948, -0.00207040808164, -0.000223402981646, -0.00252609048039, 0.0101880030707, -0.00308664352633, 0.00124311214313, -0.0011932378402, -0.00285910023376, -0.00158370879944, 0.00270157679915], [0.000434710062109, 0.00190589984413, -0.00147119432222, 0.00187845667824, -0.0027489468921, 0.000568412709981, -0.00308664352633, 0.0101258242503, -0.00221938127652, 0.00159861589782, -0.00254979450256, -0.00249375635758, -0.00325480266474], [0.000285934511339, -0.00292052817531, 0.00140337494668, -0.00174966990016, 0.00117734773085, -0.0032149956096, 0.00124311214313, -0.00221938127652, 0.00934121198952, -0.00344249606133, 0.00418422557414, -0.000831048993859, -0.00506736058742], [-2.71890758086e-06, 0.00282630743459, -0.00116411491763, 0.00195742584765, -0.00233555072919, -0.000403266662033, -0.0011932378402, 0.00159861589782, -0.00344249606133, 0.0115039553493, -0.00334145175293, 0.00135700101964, 0.0016940117348], [0.000609438517131, -0.00186148728244, 0.0011593378149, -0.00264097424224, 0.00240031140856, 0.000179224080057, -0.00285910023376, -0.00254979450256, 0.00418422557414, -0.00334145175293, 0.0125889591873, -0.00100647215731, -0.000113782101835], [0.000151584186824, 0.00222192681395, -0.000644391286187, 0.00208797655068, -0.000589769973885, 4.2515250243e-05, -0.00158370879944, -0.00249375635758, -0.000831048993859, 0.00135700101964, -0.00100647215731, 0.0125346062705, -0.00119427335449], [0.000138370320201, -0.00103271391708, 0.00161344511434, -0.00156922999304, 0.000836701714434, -0.000137714581797, 0.00270157679915, -0.00325480266474, -0.00506736058742, 0.0016940117348, -0.000113782101835, -0.00119427335449, 0.0155306896195]]
    },
    "melbands": {
        "dmean": [0.00211555813439, 0.00301019311883, 0.00167876994237, 0.000748812512029, 0.000373042479623, 0.000181363211595, 0.000140779317007, 7.53774365876e-05, 7.21265168977e-05, 4.21213044319e-05, 2.57115716522e-05, 2.08912642847e-05, 1.65594465216e-05, 2.23418282985e-05, 1.27551675178e-05, 1.86300658243e-05, 1.67609941855e-05, 2.70707860182e-05, 6.36693876004e-05, 8.55422968016e-06, 1.00612905953e-05, 8.51162349136e-06, 6.35442893326e-06, 5.60592297916e-06, 3.76871503249e-06, 4.94820051244e-06, 2.51530286732e-06, 1.89842421605e-06, 2.39295650317e-06, 2.1210455543e-06, 2.34954313783e-06, 3.29247359332e-06, 1.22198537156e-06, 1.11875840503e-06, 1.13993758077e-06, 8.59316571677e-07, 7.24353071746e-07, 6.64446758947e-07, 1.01384239315e-06, 3.13531103302e-07],
        "dmean2": [0.00316865206696, 0.00469406042248, 0.00291722174734, 0.00123254698701, 0.000630437745713, 0.000296342623187, 0.000253952341154, 0.000128785541165, 0.000130865242681, 7.48032180127e-05, 4.40061448899e-05, 3.73999282601e-05, 2.87824495899e-05, 4.01948273065e-05, 2.16220669245e-05, 3.04344266624e-05, 2.95032532449e-05, 4.93007246405e-05, 0.000116309252917, 1.42407598105e-05, 1.58808670676e-05, 1.40460297189e-05, 9.3622620625e-06, 9.37897857511e-06, 6.20605942458e-06, 7.69940743339e-06, 3.94643484469e-06, 3.00503256767e-06, 3.90212380807e-06, 3.4310492083e-06, 3.87802901969e-06, 5.88449529459e-06, 1.90641799236e-06, 1.73640285084e-06, 1.80702011221e-06, 1.34436913868e-06, 1.08338861082e-06, 9.5465850336e-07, 1.55915824962e-06, 4.46900457973e-07],
        "dvar": [2.1452888177e-05, 5.87635877309e-05, 2.24166233238e-05, 5.37265850653e-06, 1.22344590636e-06, 1.74041105083e-07, 1.70178410031e-07, 3.71283093159e-08, 4.5177195318e-08, 1.41621478988e-08, 4.43952385965e-09, 6.02393734894e-09, 2.99214675259e-09, 5.54264056873e-09, 1.36681477247e-09, 4.63861216105e-09, 4.78007322613e-09, 7.72959207751e-09, 8.82773818489e-08, 4.85056661503e-10, 8.596448553e-10, 6.35607233512e-10, 2.1309010112e-10, 2.63504523756e-10, 1.14264785134e-10, 1.3480001837e-10, 4.16735639053e-11, 2.44117573378e-11, 4.51402595858e-11, 3.03114720823e-11, 3.4117465797e-11, 1.4502583856e-10, 8.06412141924e-12, 6.62683666622e-12, 1.44466513405e-11, 6.55339974995e-12, 4.18997909285e-12, 5.19042144334e-12, 3.29400777488e-11, 8.7827206445e-13],
        "dvar2": [4.78424735775e-05, 0.00013560669322, 5.99865597906e-05, 1.33360999826e-05, 3.16724936056e-06, 4.17858501578e-07, 4.75628183949e-07, 1.01033954536e-07, 1.29213262312e-07, 4.02651885167e-08, 1.22101999622e-08, 1.75463004126e-08, 8.27760970878e-09, 1.61426498835e-08, 3.51588647085e-09, 1.08601581061e-08, 1.34253692607e-08, 2.1619007029e-08, 2.5084497679e-07, 1.25409604923e-09, 2.0937136469e-09, 1.72650005403e-09, 5.24888577047e-10, 7.29936056043e-10, 2.92749907649e-10, 3.54260093482e-10, 9.83332998361e-11, 5.78953864017e-11, 1.17542503508e-10, 7.22102586059e-11, 8.8404172871e-11, 4.19289741815e-10, 1.78245421895e-11, 1.48912115278e-11, 3.69174898984e-11, 1.48750543133e-11, 8.12089718388e-12, 1.07748011902e-11, 8.5738978417e-11, 1.76503082983e-12],
        "max": [0.0535851791501, 0.0699028000236, 0.0436163730919, 0.0236073378474, 0.0103011615574, 0.00313579337671, 0.00583731709048, 0.00171154504642, 0.0020988904871, 0.00123800884467, 0.000684063183144, 0.00100638426375, 0.000636621785816, 0.00094145804178, 0.000435134250438, 0.00080080103362, 0.000753102300223, 0.000868495902978, 0.00275552901439, 0.000234047038248, 0.000364464329323, 0.000307061098283, 0.000242045513005, 0.000211415928788, 0.000114139947982, 0.00016726195463, 7.98062101239e-05, 8.15814055386e-05, 6.45522231935e-05, 6.05007116974e-05, 5.39038665011e-05, 0.000111668872705, 3.08130838675e-05, 2.84584366455e-05, 5.04390554852e-05, 3.37983256031e-05, 2.72731322184e-05, 3.90409804822e-05, 0.000101121069747, 1.5010046809e-05],
        "mean": [0.00282571068965, 0.00321348779835, 0.00127453985624, 0.00063953344943, 0.000340025202604, 0.000203114221222, 0.000128690880956, 7.59202666814e-05, 7.16670474503e-05, 4.63764445158e-05, 3.77444848709e-05, 2.13398579945e-05, 1.5213648112e-05, 1.94732729142e-05, 1.29180552904e-05, 1.69934755831e-05, 1.37947308758e-05, 2.00328522624e-05, 4.18366216763e-05, 1.01303112388e-05, 1.1796144463e-05, 1.1378502677e-05, 1.1150957107e-05, 7.2876368904e-06, 5.18748447575e-06, 9.96174730972e-06, 4.20651258537e-06, 2.25006965593e-06, 2.42858027377e-06, 2.41553493652e-06, 2.29729130297e-06, 2.68426833827e-06, 1.3731062154e-06, 1.19615026506e-06, 1.25210362967e-06, 9.14970428312e-07, 7.76982062689e-07, 6.58492979255e-07, 1.28683802814e-06, 3.5517044239e-07],
        "median": [0.000365663436241, 0.000299855397316, 6.83228645357e-05, 3.57878416253e-05, 6.54918840155e-05, 6.61317317281e-05, 3.12856936944e-05, 1.9470731786e-05, 2.26875017688e-05, 1.758417784e-05, 1.77304646058e-05, 6.49903495287e-06, 1.3565882e-06, 3.44546515407e-06, 1.71508770563e-06, 1.45613682889e-06, 6.06755008903e-07, 8.11487211649e-07, 1.22903156807e-06, 2.65461676463e-06, 2.96091229757e-06, 3.7489778606e-06, 4.62225261799e-06, 2.73282512353e-06, 1.79473647677e-06, 4.24707786806e-06, 1.31281535687e-06, 2.37191130736e-07, 1.17224523422e-07, 1.20825063732e-07, 1.09279831406e-07, 8.60762980892e-08, 6.50335607588e-08, 5.50537748722e-08, 4.84943107892e-08, 3.46259874107e-08, 2.32006804879e-08, 1.73210707999e-08, 1.87347257707e-08, 1.11234150779e-08],
        "min": [5.75807568293e-10, 8.21930745687e-10, 3.33211369608e-09, 3.69675134948e-08, 2.00303404085e-07, 7.88874672253e-08, 1.34281393116e-07, 1.67395043604e-07, 8.44221226259e-09, 3.74309330198e-08, 4.75573393999e-08, 3.24134710183e-08, 1.67306666299e-08, 1.11822062721e-08, 4.97693664059e-09, 4.48126247221e-09, 1.90745463868e-09, 4.71210048758e-09, 2.40573361232e-09, 4.84874473905e-10, 3.13679549002e-09, 4.29934710056e-09, 6.21213080976e-09, 1.71685321515e-09, 1.14949660901e-09, 1.14707110477e-09, 3.50503931434e-10, 2.92493668175e-10, 1.24743090857e-10, 1.64786698176e-10, 6.76857875304e-11, 9.94623480799e-11, 8.75964925595e-11, 9.54355969252e-11, 7.35197874802e-11, 5.68022504033e-11, 6.83565287707e-11, 6.16614953541e-11, 2.63585906574e-11, 7.02436589797e-12],
        "var": [3.29542526742e-05, 6.34179523331e-05, 1.59701467055e-05, 4.85674127049e-06, 9.87375869954e-07, 1.66636894505e-07, 1.16106825487e-07, 2.99075288979e-08, 2.86816028705e-08, 9.3144381097e-09, 3.8237897293e-09, 3.97343669079e-09, 2.35088037925e-09, 3.99863875344e-09, 1.40070355314e-09, 4.49306813977e-09, 3.33933125596e-09, 5.2294009123e-09, 5.15277385205e-08, 5.27774990378e-10, 9.0929058727e-10, 6.14506445729e-10, 3.2706470865e-10, 2.56633381213e-10, 1.33244873468e-10, 2.00973473974e-10, 7.07043451564e-11, 3.63088795141e-11, 4.72774562554e-11, 4.63008520413e-11, 3.81888236312e-11, 9.05163582976e-11, 1.30155400346e-11, 9.91520494181e-12, 1.77191993717e-11, 8.53408576446e-12, 6.137766944e-12, 6.2629927286e-12, 4.54641255199e-11, 1.42932399857e-12]
    },
    "mfcc": {
        "mean": [-738.673522949, 133.525131226, -9.61515140533, 36.2051925659, 5.84964752197, -22.6386909485, -6.07726764679, 10.8306818008, -3.86205625534, -0.0320527665317, 1.69313395023, -2.47412395477, 3.13831329346],
        "cov": [[9774.77148438, -1963.27624512, 1692.04699707, -91.6986312866, 376.194763184, 2305.16894531, 242.392501831, -271.881896973, 408.912628174, 147.758605957, -76.1863174438, 142.185043335, -365.706787109], [-1963.27624512, 1935.74182129, 45.8086204529, 506.46295166, 426.431274414, -323.578643799, 207.277435303, 322.732177734, 195.2918396, 154.936599731, 117.787811279, 106.03918457, 154.985443115], [1692.04699707, 45.8086204529, 1297.10876465, 401.062347412, 450.380310059, 883.885070801, 351.06942749, 210.219940186, 322.47052002, 256.294708252, 137.531936646, 169.826660156, 15.940369606], [-91.6986312866, 506.46295166, 401.062347412, 477.604095459, 268.075256348, 202.257125854, 220.56652832, 207.155761719, 154.781814575, 147.537734985, 90.4373931885, 96.3898544312, 62.8267250061], [376.194763184, 426.431274414, 450.380310059, 268.075256348, 456.768798828, 303.398712158, 144.28843689, 165.937469482, 252.188796997, 150.551879883, 72.316619873, 80.1525802612, 39.7732505798], [2305.16894531, -323.578643799, 883.885070801, 202.257125854, 303.398712158, 972.314941406, 225.21081543, 49.3631401062, 262.663665771, 191.881347656, 77.9245986938, 124.709724426, -48.3733787537], [242.392501831, 207.277435303, 351.06942749, 220.56652832, 144.28843689, 225.21081543, 375.754943848, 145.268508911, -14.187664032, 109.089935303, 104.916091919, 51.0079994202, 46.0265388489], [-271.881896973, 322.732177734, 210.219940186, 207.155761719, 165.937469482, 49.3631401062, 145.268508911, 277.484039307, 152.8384552, 69.2326965332, 63.9766921997, 93.2769317627, 62.4431533813], [408.912628174, 195.2918396, 322.47052002, 154.781814575, 252.188796997, 262.663665771, -14.187664032, 152.8384552, 384.393157959, 133.075744629, 28.772233963, 108.144309998, 29.5828933716], [147.758605957, 154.936599731, 256.294708252, 147.537734985, 150.551879883, 191.881347656, 109.089935303, 69.2326965332, 133.075744629, 172.252929688, 81.3907852173, 36.551158905, 37.1789894104], [-76.1863174438, 117.787811279, 137.531936646, 90.4373931885, 72.316619873, 77.9245986938, 104.916091919, 63.9766921997, 28.772233963, 81.3907852173, 115.633903503, 44.5973091125, 33.0949859619], [142.185043335, 106.03918457, 169.826660156, 96.3898544312, 80.1525802612, 124.709724426, 51.0079994202, 93.2769317627, 108.144309998, 36.551158905, 44.5973091125, 138.46647644, 31.6730480194], [-365.706787109, 154.985443115, 15.940369606, 62.8267250061, 39.7732505798, -48.3733787537, 46.0265388489, 62.4431533813, 29.5828933716, 37.1789894104, 33.0949859619, 31.6730480194, 75.2495117188]],
