{
"lowlevel": {
    "average_loudness": 0.873346209526,
    "barkbands_crest": {
        "dmean": 1.92471206188,
        "dmean2": 3.01106786728,
        "dvar": 3.23435950279,
        "dvar2": 8.17081737518,
        "max": 25.5692119598,
        "mean": 8.4117975235,
        "median": 7.77262973785,
        "min": 2.49108147621,
        "var": 11.1320381165
    },
    "barkbands_flatness_db": {
        "dmean": 0.0191914737225,
        "dmean2": 0.0284792054445,
        "dvar": 0.000390315632103,
        "dvar2": 0.00076108291978,
        "max": 0.397900134325,
        "mean": 0.173760190606,
        "median": 0.169598758221,
        "min": 0.0626410543919,
        "var": 0.00196472508833
    },
    "barkbands_kurtosis": {
        "dmean": 1.62464523315,
        "dmean2": 2.61470508575,
        "dvar": 23.5760135651,
        "dvar2": 63.5290870667,
        "max": 111.614303589,
        "mean": 2.23802137375,
        "median": 1.26321077347,
        "min": -1.38827085495,
        "var": 22.5366077423
    },
    "barkbands_skewness": {
        "dmean": 0.363391041756,
        "dmean2": 0.568150043488,
        "dvar": 0.224868163466,
        "dvar2": 0.527196884155,
        "max": 8.64480686188,
        "mean": 1.14689838886,
        "median": 1.08726704121,
        "min": -2.0136961937,
        "var": 0.452679902315
    },
    "barkbands_spread": {
        "dmean": 3.32481431961,
        "dmean2": 4.99837970734,
        "dvar": 9.88367271423,
        "dvar2": 22.7385349274,
        "max": 41.7748641968,
        "mean": 16.5848178864,
        "median": 16.1468887329,
        "min": 1.23664224148,
        "var": 41.7414093018
    },
    "dissonance": {
        "dmean": 0.0191391929984,
        "dmean2": 0.0313498154283,
        "dvar": 0.000449852348538,
        "dvar2": 0.00107764883433,
        "max": 0.5,
        "mean": 0.45008251071,
        "median": 0.45392498374,
        "min": 0.132535517216,
        "var": 0.000884623965248
    },
    "dynamic_complexity": 2.88046240807,
    "erbbands_crest": {
        "dmean": 2.10402536392,
        "dmean2": 3.10979509354,
        "dvar": 4.65833759308,
        "dvar2": 9.98161411285,
        "max": 33.7011489868,
        "mean": 9.13251018524,
        "median": 8.11441421509,
        "min": 2.98550438881,
        "var": 20.1218509674
    },
    "erbbands_flatness_db": {
        "dmean": 0.016285514459,
        "dmean2": 0.0248421430588,
        "dvar": 0.000287299189949,
        "dvar2": 0.00061314064078,
        "max": 0.411839932203,
        "mean": 0.214557603002,
        "median": 0.215736865997,
        "min": 0.0928044691682,
        "var": 0.0012532697292
    },
    "erbbands_kurtosis": {
        "dmean": 0.80596357584,
        "dmean2": 1.2145755291,
        "dvar": 3.18219017982,
        "dvar2": 5.59074115753,
        "max": 43.8924980164,
        "mean": 0.414121478796,
        "median": -0.431354999542,
        "min": -1.65190136433,
        "var": 12.7863006592
    },
    "erbbands_skewness": {
        "dmean": 0.301550298929,
        "dmean2": 0.454376637936,
        "dvar": 0.0971601456404,
        "dvar2": 0.221454173326,
        "max": 4.52886390686,
        "mean": 0.619458794594,
        "median": 0.508372008801,
        "min": -0.919993758202,
        "var": 0.401867955923
    },
    "erbbands_spread": {
        "dmean": 4.80002212524,
        "dmean2": 7.82214832306,
        "dvar": 31.6641540527,
        "dvar2": 83.4687347412,
        "max": 87.6270141602,
        "mean": 28.0892448425,
        "median": 27.7609348297,
        "min": 2.0127389431,
        "var": 62.474521637
    },
    "hfc": {
        "dmean": 4.54091215134,
        "dmean2": 6.96849727631,
        "dvar": 93.4415740967,
        "dvar2": 246.42048645,
        "max": 130.086700439,
        "mean": 16.1397075653,
        "median": 10.1472272873,
        "min": 1.19664817851e-16,
        "var": 233.313156128
    },
    "melbands_crest": {
        "dmean": 2.58823871613,
        "dmean2": 4.08323574066,
        "dvar": 5.86281681061,
        "dvar2": 13.715051651,
        "max": 32.6505470276,
        "mean": 11.9947957993,
        "median": 11.0627346039,
        "min": 1.92158460617,
        "var": 19.1244106293
    },
    "melbands_flatness_db": {
        "dmean": 0.0224967300892,
        "dmean2": 0.0330679491162,
        "dvar": 0.000615894503426,
        "dvar2": 0.00119384308346,
        "max": 0.493930697441,
        "mean": 0.228387370706,
        "median": 0.221927344799,
        "min": 0.00402446230873,
        "var": 0.00333556882106
    },
    "melbands_kurtosis": {
        "dmean": 3.02701401711,
        "dmean2": 4.85655069351,
        "dvar": 36.5420570374,
        "dvar2": 90.6912384033,
        "max": 115.434577942,
        "mean": 5.89752531052,
        "median": 4.42139339447,
        "min": -1.28519618511,
        "var": 44.409576416
    },
    "melbands_skewness": {
        "dmean": 0.443067193031,
        "dmean2": 0.683046460152,
        "dvar": 0.310287564993,
        "dvar2": 0.724467635155,
        "max": 8.60696697235,
        "mean": 1.76370227337,
        "median": 1.63960945606,
        "min": -1.98978960514,
        "var": 0.683376252651
    },
    "melbands_spread": {
        "dmean": 4.29144859314,
        "dmean2": 6.57131242752,
        "dvar": 29.0722980499,
        "dvar2": 56.1903800964,
        "max": 141.546737671,
        "mean": 19.1099758148,
        "median": 17.859336853,
        "min": 1.24705755711,
        "var": 82.0456085205
    },
    "pitch_salience": {
        "dmean": 0.059178698808,
        "dmean2": 0.0953415855765,
        "dvar": 0.00332977040671,
        "dvar2": 0.00803321320564,
        "max": 0.967752993107,
        "mean": 0.579150617123,
        "median": 0.580382108688,
        "min": 0.106367379427,
        "var": 0.0103427981958
    },
    "silence_rate_20dB": {
        "dmean": 0,
        "dmean2": 0,
        "dvar": 0,
        "dvar2": 0,
        "max": 1,
        "mean": 1,
        "median": 1,
        "min": 1,
        "var": 0
    },
    "silence_rate_30dB": {
        "dmean": 0.00618556700647,
        "dmean2": 0.0123775145039,
        "dvar": 0.0061472794041,
        "dvar2": 0.014287234284,
        "max": 1,
        "mean": 0.994332790375,
        "median": 1,
        "min": 0,
        "var": 0.00563505291939
    },
    "silence_rate_60dB": {
        "dmean": 0.00567010324448,
        "dmean2": 0.0113460542634,
        "dvar": 0.00563804851845,
        "dvar2": 0.0132798105478,
        "max": 1,
        "mean": 0.0128799583763,
        "median": 0,
        "min": 0,
        "var": 0.0127141075209
    },
    "spectral_centroid": {
        "dmean": 174.31111145,
        "dmean2": 266.561859131,
        "dvar": 76205.921875,
        "dvar2": 109888.960938,
        "max": 10909.2890625,
        "mean": 1084.55322266,
        "median": 1040.07995605,
        "min": 203.13734436,
        "var": 187760.03125
    },
    "spectral_complexity": {
        "dmean": 2.89175248146,
        "dmean2": 4.53893756866,
        "dvar": 13.0459947586,
        "dvar2": 29.0746192932,
        "max": 56,
        "mean": 21.493560791,
        "median": 21,
        "min": 0,
        "var": 46.1263160706
    },
    "spectral_decrease": {
        "dmean": 1.96713556555e-09,
        "dmean2": 3.02550851039e-09,
        "dvar": 1.19833225207e-17,
        "dvar2": 2.95016380834e-17,
        "max": 1.04085054211e-28,
        "mean": -7.08515734971e-09,
        "median": -5.06240738218e-09,
        "min": -5.96335496539e-08,
        "var": 3.26483654825e-17
    },
    "spectral_energy": {
        "dmean": 0.00775859970599,
        "dmean2": 0.0119297029451,
        "dvar": 0.000183875017683,
        "dvar2": 0.00045525081805,
        "max": 0.228822663426,
        "mean": 0.0282049551606,
        "median": 0.0200917162001,
        "min": 1.04611132923e-20,
        "var": 0.000510471698362
    },
    "spectral_energyband_high": {
        "dmean": 0.000164531389601,
        "dmean2": 0.000273416895652,
        "dvar": 2.02832083573e-07,
        "dvar2": 5.23973881172e-07,
        "max": 0.00692724902183,
        "mean": 0.000216126732994,
        "median": 3.42765306414e-05,
        "min": 7.4968719853e-21,
        "var": 2.08087385545e-07
    },
    "spectral_energyband_low": {
        "dmean": 0.00409292336553,
        "dmean2": 0.00657430524006,
        "dvar": 0.000101033474493,
        "dvar2": 0.000250357668847,
        "max": 0.174614652991,
        "mean": 0.00774643570185,
        "median": 0.00474144471809,
        "min": 6.48198486122e-23,
        "var": 0.000150168154505
    },
    "spectral_energyband_middle_high": {
        "dmean": 0.0018773424672,
        "dmean2": 0.00298036308959,
        "dvar": 2.0361472707e-05,
        "dvar2": 5.3201616538e-05,
        "max": 0.0855320692062,
        "mean": 0.004966779612,
        "median": 0.0028957137838,
        "min": 1.3875491304e-21,
        "var": 5.46538831259e-05
    },
    "spectral_energyband_middle_low": {
        "dmean": 0.00426506530493,
        "dmean2": 0.00628991052508,
        "dvar": 3.66890672012e-05,
        "dvar2": 8.12830694485e-05,
        "max": 0.0834404304624,
        "mean": 0.0150412730873,
        "median": 0.0106260469183,
        "min": 3.32376583835e-22,
        "var": 0.000157149886945
    },
    "spectral_entropy": {
        "dmean": 0.149680033326,
        "dmean2": 0.229405328631,
        "dvar": 0.0347519852221,
        "dvar2": 0.0682012364268,
        "max": 9.80492305756,
        "mean": 7.15674495697,
        "median": 7.14767885208,
        "min": 4.7856221199,
        "var": 0.1565297544
    },
    "spectral_flux": {
        "dmean": 0.0190261248499,
        "dmean2": 0.0308029931039,
        "dvar": 0.000629833491985,
        "dvar2": 0.00131770106964,
        "max": 0.350024789572,
        "mean": 0.0707192644477,
        "median": 0.0569637417793,
        "min": 1.02279580638e-10,
        "var": 0.00212928024121
    },
    "spectral_kurtosis": {
        "dmean": 3.54154777527,
        "dmean2": 6.06951093674,
        "dvar": 13.3841018677,
        "dvar2": 35.7457580566,
        "max": 51.9178390503,
        "mean": 7.04355716705,
        "median": 6.10024261475,
        "min": -1.23647654057,
        "var": 23.3026046753
    },
    "spectral_rms": {
        "dmean": 0.000641062215436,
        "dmean2": 0.000968176522292,
        "dvar": 6.56797681131e-07,
        "dvar2": 1.49458014675e-06,
        "max": 0.0149412723258,
        "mean": 0.00489926850423,
        "median": 0.00442737760022,
        "min": 3.19467759538e-12,
        "var": 3.51413746102e-06
    },
    "spectral_rolloff": {
        "dmean": 248.197296143,
        "dmean2": 401.435241699,
        "dvar": 243148.65625,
        "dvar2": 342596.375,
        "max": 18863.0859375,
        "mean": 1005.83660889,
        "median": 925.927734375,
        "min": 43.06640625,
        "var": 418611.0625
    },
    "spectral_skewness": {
        "dmean": 0.351983934641,
        "dmean2": 0.58663725853,
        "dvar": 0.114293433726,
        "dvar2": 0.291747063398,
        "max": 5.72862195969,
        "mean": 1.73933696747,
        "median": 1.67122066021,
        "min": 0.0282513462007,
        "var": 0.26509809494
    },
    "spectral_spread": {
        "dmean": 411911.1875,
        "dmean2": 666406,
        "dvar": 687788261376,
        "dvar2": 1.15823542272e+12,
        "max": 41677896,
        "mean": 2790346.5,
        "median": 2441961.5,
        "min": 1240281.25,
        "var": 1.72696548147e+12
    },
    "spectral_strongpeak": {
        "dmean": 0.482722520828,
        "dmean2": 0.82452070713,
        "dvar": 0.441252440214,
        "dvar2": 1.10426366329,
        "max": 10.7972898483,
        "mean": 0.883020997047,
        "median": 0.652478218079,
        "min": 0,
        "var": 1.05375802517
    },
    "zerocrossingrate": {
        "dmean": 0.00531924515963,
        "dmean2": 0.00656951079145,
        "dvar": 0.000159292627359,
        "dvar2": 0.000176881731022,
        "max": 0.5263671875,
        "mean": 0.0397402085364,
        "median": 0.0390625,
        "min": 0.0068359375,
        "var": 0.000303107663058
    },
    "barkbands": {
        "dmean": [0.000999287702143, 0.00181813118979, 0.00253227539361, 0.000822445377707, 0.00141842686571, 0.00130083342083, 0.00168701738585, 0.00103289692197, 0.000827136798762, 0.000321313855238, 0.0004173044872, 0.000595659774262, 0.00045147392666, 0.000233996441239, 0.000220512243686, 0.000240379522438, 0.000153073400725, 0.000182251387741, 9.60916586337e-05, 6.04254419159e-05, 3.77502401534e-05, 5.63308676647e-05, 5.07938457304e-05, 2.63223228103e-05, 6.12611074757e-06, 1.9158262603e-06, 1.01112718198e-09],
        "dmean2": [0.00140637077857, 0.00286286463961, 0.00423244107515, 0.00140355573967, 0.00228409795091, 0.00209298008122, 0.00246241921559, 0.00155247119255, 0.0011791944271, 0.000510702084284, 0.000655817391817, 0.00101999321487, 0.000747885263991, 0.000409874541219, 0.000371225411072, 0.000409489584854, 0.000262201967416, 0.000299772393191, 0.000163817283465, 0.000101673736935, 6.36101176497e-05, 9.9394172139e-05, 8.89993971214e-05, 4.5844775741e-05, 1.05939061541e-05, 3.32675404024e-06, 1.86643811517e-09],
        "dvar": [2.33216201195e-06, 2.00480026251e-05, 5.37941450602e-05, 6.39662721369e-06, 7.01040016793e-06, 5.56369241167e-06, 1.04490181911e-05, 4.55504005004e-06, 3.47217246599e-06, 7.35361879833e-07, 7.34935667879e-07, 2.46652871283e-06, 6.01927877142e-06, 4.56074218391e-07, 3.31746548454e-07, 1.2346764322e-07, 8.55131787603e-08, 1.38173092523e-07, 2.55356429335e-08, 2.51825600373e-08, 1.18986358544e-08, 3.03861078521e-08, 2.41712498905e-08, 4.73179584404e-09, 5.95396953962e-10, 8.54239803894e-11, 2.64775675072e-18],
        "dvar2": [5.69782923776e-06, 5.21240581293e-05, 0.000144828285556, 1.69401992025e-05, 1.85366006917e-05, 1.46858610606e-05, 2.16888256546e-05, 1.0595033018e-05, 9.57375777944e-06, 1.89102286186e-06, 2.01694933821e-06, 6.93955780662e-06, 1.15049761007e-05, 1.32457876134e-06, 8.87939904715e-07, 3.44944936614e-07, 2.29045639344e-07, 3.20927881603e-07, 6.92736179531e-08, 6.65419435109e-08, 3.26713376353e-08, 8.22035417514e-08, 6.57546266325e-08, 1.36628042213e-08, 1.59984570036e-09, 2.24899099344e-10, 8.11465173531e-18],
        "max": [0.0204290952533, 0.0857214406133, 0.129505038261, 0.0451226346195, 0.033708948642, 0.048728376627, 0.0464935563505, 0.0307206008583, 0.0419881008565, 0.0148951280862, 0.014629800804, 0.0225844476372, 0.0836150199175, 0.0082347728312, 0.00738452188671, 0.00600068783388, 0.00372416805476, 0.0102429799736, 0.00215611746535, 0.00264800456353, 0.00166719453409, 0.00188205169979, 0.00207638414577, 0.000583422952332, 0.000333713134751, 0.000132593952003, 1.65255968909e-08],
        "mean": [0.00138789822813, 0.00371055817232, 0.00300118234009, 0.00134977139533, 0.002734123962, 0.00257735932246, 0.00336229382083, 0.00259929336607, 0.00220926222391, 0.000567676208448, 0.000750568171497, 0.00084611895727, 0.000937713833991, 0.000336271739798, 0.000284501118585, 0.000395045150071, 0.000307231151965, 0.000407385523431, 0.000183114141691, 8.46730035846e-05, 4.88913610752e-05, 5.24749120814e-05, 4.21359836764e-05, 2.28342087212e-05, 5.14502653459e-06, 1.4324203903e-06, 8.66345550854e-10],
        "median": [0.000466872181278, 0.00209070555866, 0.00102565216366, 0.000435776193626, 0.00104490714148, 0.0016585055273, 0.00160423619673, 0.00071601831587, 0.00160312186927, 0.00021180366457, 0.000516062602401, 0.000333848875016, 0.00032279943116, 0.000201734685106, 0.000106657658762, 0.000288893003017, 0.000245264149271, 0.000323772896081, 0.000153359142132, 2.06463864743e-05, 1.11789941002e-05, 7.26448661226e-06, 1.96596351998e-06, 1.39396536269e-06, 3.36136622536e-07, 2.09612132096e-08, 3.37430500208e-10],
        "min": [4.7647302805e-23, 1.86775598858e-23, 9.72978121714e-24, 4.00696595662e-23, 8.66913390647e-23, 3.8226435574e-23, 7.31853524806e-23, 4.09131412005e-23, 5.25664027517e-23, 6.64156511146e-23, 7.04479357198e-23, 7.30176343413e-23, 5.70072541968e-23, 7.87704561352e-23, 1.43221572228e-22, 1.06661466476e-22, 1.87348646352e-22, 1.99410127644e-22, 2.14676517292e-22, 3.2332876577e-22, 3.78436771074e-22, 4.33912019527e-22, 5.43548791659e-22, 8.97423917754e-22, 1.10625481166e-21, 1.92502821169e-21, 2.27766483878e-21],
        "var": [5.43486521565e-06, 3.25422988681e-05, 5.04612726218e-05, 8.94905588211e-06, 1.41020827868e-05, 8.68120059749e-06, 2.39560558839e-05, 1.88305020856e-05, 6.54540872347e-06, 9.47450587319e-07, 7.07158051227e-07, 2.44925945481e-06, 3.09983115585e-05, 3.44109366779e-07, 3.30634861712e-07, 1.56803992013e-07, 1.03979843402e-07, 2.53822918239e-07, 3.13273709196e-08, 3.35142189556e-08, 1.07772573088e-08, 2.27924275009e-08, 1.82900166124e-08, 3.91909837916e-09, 4.30439572874e-10, 6.0695712345e-11, 2.20914691925e-18]
    },
    "erbbands": {
        "dmean": [0.0416776798666, 0.487024217844, 2.6132183075, 2.60359430313, 3.38730168343, 5.51468706131, 5.54421615601, 13.4711418152, 30.044719696, 18.7159156799, 16.0921077728, 21.6336669922, 10.9634590149, 10.9854097366, 18.7894496918, 24.060426712, 23.1966571808, 12.2963171005, 11.9571208954, 11.6885843277, 9.38674259186, 7.85327672958, 9.48198032379, 9.73731994629, 3.61335420609, 2.7372906208, 1.87948012352, 1.39155733585, 1.93887412548, 2.14248013496, 1.32327103615, 0.677249252796, 0.407001018524, 0.121530465782, 0.025367891416, 0.0108139012009, 0.00318946852349, 0.00027943085297, 8.6748141257e-06, 9.07012599782e-06],
        "dmean2": [0.0639609396458, 0.776638567448, 4.338098526, 4.38859462738, 5.54628181458, 8.92010784149, 8.72084140778, 21.2086238861, 44.6822547913, 26.9570350647, 25.0516147614, 30.5730953217, 16.5304489136, 17.0825119019, 29.8022785187, 41.2388420105, 37.5185012817, 21.4609012604, 20.5947799683, 19.6771850586, 15.5861167908, 13.4795265198, 15.8733921051, 16.2483081818, 6.1221408844, 4.67201662064, 3.19258308411, 2.32211494446, 3.38700938225, 3.84259533882, 2.36886096001, 1.19753229618, 0.716253042221, 0.211061894894, 0.0429524220526, 0.0184452142566, 0.00556209171191, 0.000492206949275, 1.42985309139e-05, 1.39433295772e-05],
        "dvar": [0.00463814334944, 1.72628092766, 61.7154502869, 53.3727149963, 54.0829811096, 92.4556274414, 211.676452637, 507.960205078, 3304.22509766, 1908.88806152, 1574.92077637, 2085.21484375, 734.226989746, 736.852355957, 1626.27258301, 4203.29248047, 16516.0761719, 1139.96337891, 1273.58374023, 585.120849609, 233.752685547, 242.242874146, 350.427001953, 173.517196655, 63.0915374756, 53.4871864319, 29.6586399078, 14.6819295883, 35.6363143921, 55.5260238647, 17.1185474396, 3.47783303261, 1.20505738258, 0.175964951515, 0.0105201788247, 0.0026148261968, 0.000240632449277, 2.00085719371e-06, 8.85964968056e-10, 2.57017712668e-10],
        "dvar2": [0.0118042491376, 4.43339109421, 164.715072632, 136.362075806, 132.01083374, 247.326675415, 560.462097168, 1294.57434082, 6768.05761719, 3935.24829102, 4210.73925781, 5818.56884766, 1845.73803711, 1947.24230957, 4556.13330078, 11950.3886719, 29782.3574219, 3227.51855469, 3662.20825195, 1614.80358887, 599.327026367, 643.739440918, 781.036682129, 477.030334473, 166.784622192, 142.026916504, 79.3270111084, 40.4643478394, 98.135093689, 155.406082153, 46.6070365906, 10.1288785934, 3.45199346542, 0.485082000494, 0.0269841551781, 0.00691773742437, 0.00063226063503, 5.19293325851e-06, 2.32055552551e-09, 6.49613529635e-10],
        "max": [0.84968328476, 24.9965820312, 137.307113647, 124.761276245, 113.577033997, 124.14176178, 373.345031738, 327.75491333, 720.140075684, 919.169250488, 661.852905273, 999.742858887, 514.913146973, 603.7578125, 567.437561035, 913.711486816, 4576.82177734, 382.808502197, 521.074462891, 323.933502197, 200.414505005, 246.052612305, 469.812011719, 268.023071289, 119.729621887, 104.60584259, 75.0848388672, 50.013168335, 66.4799118042, 119.180366516, 40.8122406006, 20.2846622467, 10.9181880951, 5.69431114197, 1.40189516544, 0.721098840237, 0.216195359826, 0.0197298470885, 0.000367657223251, 0.000250271579716],
        "mean": [0.0940103158355, 0.911036849022, 3.3302385807, 3.9128344059, 6.42002296448, 10.182641983, 10.5196619034, 28.7657184601, 57.7166099548, 45.6501464844, 41.1391906738, 59.3669776917, 25.2513980865, 19.7474727631, 31.1584358215, 37.6690368652, 50.4907493591, 20.7442359924, 15.8984031677, 17.9139175415, 16.3646087646, 16.9954223633, 18.6440582275, 20.4370880127, 7.3109292984, 4.19594812393, 2.5032646656, 1.68312191963, 1.87680578232, 1.71908855438, 1.10728752613, 0.567068994045, 0.32923194766, 0.0968887284398, 0.0226966626942, 0.0084480335936, 0.00228324136697, 0.000198597816052, 1.86747292901e-05, 3.28044116031e-05],
        "median": [0.0551930218935, 0.490938961506, 1.02284419537, 1.5406703949, 2.19228124619, 3.98672604561, 5.20205450058, 19.1367549896, 27.3072166443, 16.6899223328, 10.767080307, 46.8321380615, 14.3133420944, 10.6888589859, 19.9882411957, 16.8361854553, 15.8182086945, 12.851401329, 7.32865142822, 10.3331928253, 10.0392885208, 13.5094919205, 12.1018667221, 17.8494815826, 5.5244345665, 1.49462473392, 0.639651477337, 0.314054906368, 0.313947290182, 0.132140949368, 0.0540947243571, 0.0349403098226, 0.019119232893, 0.00583688542247, 0.00158674619161, 0.000289998395601, 2.83889075945e-05, 3.32135687131e-06, 1.04936889329e-05, 2.31021276704e-05],
        "min": [6.65720298518e-22, 4.25399561601e-21, 7.95495233007e-21, 8.97477264441e-20, 1.21827264014e-19, 3.58577987554e-19, 5.18152398052e-19, 2.16589398106e-19, 9.05130597962e-19, 7.85694609701e-19, 1.19498874667e-18, 1.50138047807e-18, 9.14214902245e-19, 3.53202936915e-18, 2.89168507553e-18, 2.34044302313e-18, 2.60851261412e-18, 3.31129704987e-18, 8.81332487662e-18, 5.29786476232e-18, 7.12369349738e-18, 9.53201578875e-18, 1.20911206981e-17, 1.18302965889e-17, 1.03481187985e-17, 1.57862258299e-17, 1.69980536991e-17, 1.31755462093e-17, 1.41013978884e-17, 1.30875465999e-17, 1.93181348442e-17, 1.67261081465e-17, 1.56601965917e-17, 1.17619185307e-17, 7.63033335076e-18, 7.59609303648e-18, 3.68211756898e-18, 1.10863894894e-18, 3.64890306206e-19, 3.31472047901e-20],
        "var": [0.0103572858498, 2.62399697304, 61.577747345, 67.1944885254, 101.686470032, 215.031860352, 252.737838745, 1040.32446289, 7202.06396484, 5897.54296875, 4184.11865234, 4196.12792969, 1101.73449707, 781.307128906, 1552.37927246, 4533.77587891, 91519.1875, 1078.31933594, 917.263061523, 640.553405762, 364.507019043, 317.20199585, 652.980773926, 296.850402832, 74.6214599609, 80.3478851318, 29.317281723, 13.1046695709, 26.4039535522, 36.6463432312, 12.8494701385, 2.64204955101, 0.934824466705, 0.12553268671, 0.00827554240823, 0.00186216365546, 0.000170390718267, 1.43532122365e-06, 8.24433243896e-10, 6.96065538541e-10]
    },
    "gfcc": {
        "mean": [-35.1071739197, 161.342178345, -154.838973999, 32.3230400085, -55.8874015808, -0.206965699792, -28.8070259094, 4.56542778015, -7.2057723999, -11.1976957321, 4.74830245972, -8.8183221817, -3.82710266113],
        "cov": [[4572.04345703, -834.507751465, -196.442703247, 107.830924988, -414.289916992, 375.757568359, -162.803665161, 211.244049072, -178.660018921, -13.0652933121, -233.492004395, -26.463514328, -263.061859131], [-834.507751465, 721.868347168, 23.5323734283, 33.1321487427, 204.312759399, -161.587219238, 122.951408386, -76.1308746338, 149.650756836, -85.4815597534, 131.775039673, -36.3287849426, 129.738632202], [-196.442703247, 23.5323734283, 572.399963379, 47.2865982056, -8.34031581879, 102.986221313, -45.6565475464, -38.1983680725, 28.7761173248, 109.037490845, -21.0570526123, 34.5015640259, 14.2311458588], [107.830924988, 33.1321487427, 47.2865982056, 117.695373535, 6.78891038895, 49.3436203003, 25.2021255493, -19.4307785034, 38.2632369995, -29.5126743317, 4.17762136459, -10.5701522827, 7.9410405159], [-414.289916992, 204.312759399, -8.34031581879, 6.78891038895, 221.50730896, -46.0080718994, 60.1217002869, 23.1406288147, -7.92911481857, 3.38998293877, 11.9697360992, 11.5202188492, 44.036315918], [375.757568359, -161.587219238, 102.986221313, 49.3436203003, -46.0080718994, 204.115753174, 10.5935573578, 33.3552246094, 20.2775344849, 0.0513675063848, -23.959487915, 3.54679489136, -26.1960277557], [-162.803665161, 122.951408386, -45.6565475464, 25.2021255493, 60.1217002869, 10.5935573578, 114.903106689, 0.951797008514, 44.4412117004, -30.3398132324, 7.12816858292, -9.83261680603, 7.14151191711], [211.244049072, -76.1308746338, -38.1983680725, -19.4307785034, 23.1406288147, 33.3552246094, 0.951797008514, 128.988296509, -13.3786172867, 6.12576675415, -14.8853826523, -5.10074043274, -9.07101535797], [-178.660018921, 149.650756836, 28.7761173248, 38.2632369995, -7.92911481857, 20.2775344849, 44.4412117004, -13.3786172867, 151.102218628, -20.1731624603, 57.4898605347, -6.81622362137, 34.061832428], [-13.0652933121, -85.4815597534, 109.037490845, -29.5126743317, 3.38998293877, 0.0513675063848, -30.3398132324, 6.12576675415, -20.1731624603, 116.285194397, -25.5475254059, 32.4645462036, -0.16496579349], [-233.492004395, 131.775039673, -21.0570526123, 4.17762136459, 11.9697360992, -23.959487915, 7.12816858292, -14.8853826523, 57.4898605347, -25.5475254059, 105.06678009, 4.68946886063, 35.9575042725], [-26.463514328, -36.3287849426, 34.5015640259, -10.5701522827, 11.5202188492, 3.54679489136, -9.83261680603, -5.10074043274, -6.81622362137, 32.4645462036, 4.68946886063, 70.9725341797, 4.54364156723], [-263.061859131, 129.738632202, 14.2311458588, 7.9410405159, 44.036315918, -26.1960277557, 7.14151191711, -9.07101535797, 34.061832428, -0.16496579349, 35.9575042725, 4.54364156723, 82.7436447144]],
        "icov": [[0.000564836489502, -0.00102280976716, 0.000768666854128, -0.00114301266149, 0.00136432657018, -0.001333114109, 0.00112135114614, -0.00107519468293, 0.000852951488923, -0.000858826679178, 0.000964699022006, -0.000604212051257, 0.00127528223675], [-0.00102280976716, 0.00999913923442, -0.00413337256759, 0.00364171899855, -0.00749512389302, 0.00798092316836, -0.00618031760678, 0.00441032461822, -0.00594985019416, 0.00698112137616, -0.00505120446905, 0.00456043984741, -0.00662820739672], [0.000768666854128, -0.00413337256759, 0.00484151858836, -0.00301651330665, 0.00288134929724, -0.0052678687498, 0.00437835184857, -0.00100605480839, 0.00178781303111, -0.00569571461529, 0.00275943195447, -0.00188983778935, 0.00284943170846], [-0.00114301266149, 0.00364171899855, -0.00301651330665, 0.0148742701858, -0.00498213293031, 0.00091011315817, -0.00343665922992, 0.00494485814124, -0.0047372165136, 0.00627699214965, -0.00117953843437, 0.00277956947684, -0.00415176060051], [0.00136432657018, -0.00749512389302, 0.00288134929724, -0.00498213293031, 0.013997387141, -0.00447977427393, 4.11633700423e-05, -0.00647229654714, 0.00767716066912, -0.00588849419728, 0.0035598136019, -0.00491324393079, 0.00204209471121], [-0.001333114109, 0.00798092316836, -0.0052678687498, 0.00091011315817, -0.00447977427393, 0.0148113295436, -0.00720670772716, 0.000986946746707, -0.00536225549877, 0.00673075672239, -0.00353970564902, 0.0022718787659, -0.0044955695048], [0.00112135114614, -0.00618031760678, 0.00437835184857, -0.00343665922992, 4.11633700423e-05, -0.00720670772716, 0.0189838781953, -0.00194416486192, -0.0016000457108, -0.00262515386567, 0.00604995060712, -0.00233171274886, 0.00682957749814], [-0.00107519468293, 0.00441032461822, -0.00100605480839, 0.00494485814124, -0.00647229654714, 0.000986946746707, -0.00194416486192, 0.0127006145194, -0.00351902004331, 0.00223610620014, -0.00203134655021, 0.00370415998623, -0.0031854454428], [0.000852951488923, -0.00594985019416, 0.00178781303111, -0.0047372165136, 0.00767716066912, -0.00536225549877, -0.0016000457108, -0.00351902004331, 0.0157001297921, -0.00493306480348, -0.00260370946489, -0.00187732512131, 0.0009185722447], [-0.000858826679178, 0.00698112137616, -0.00569571461529, 0.00627699214965, -0.00588849419728, 0.00673075672239, -0.00262515386567, 0.00223610620014, -0.00493306480348, 0.0195512529463, 2.61842233158e-05, -0.00169893610291, -0.00541122723371], [0.000964699022006, -0.00505120446905, 0.00275943195447, -0.00117953843437, 0.0035598136019, -0.00353970564902, 0.00604995060712, -0.00203134655021, -0.00260370946489, 2.61842233158e-05, 0.018240749836, -0.00493704667315, 0.000281847489532], [-0.000604212051257, 0.00456043984741, -0.00188983778935, 0.00277956947684, -0.00491324393079, 0.0022718787659, -0.00233171274886, 0.00370415998623, -0.00187732512131, -0.00169893610291, -0.00493704667315, 0.0192877855152, -0.00321606267244], [0.00127528223675, -0.00662820739672, 0.00284943170846, -0.00415176060051, 0.00204209471121, -0.0044955695048, 0.00682957749814, -0.0031854454428, 0.0009185722447, -0.00541122723371, 0.000281847489532, -0.00321606267244, 0.0226575396955]]
    },
    "melbands": {
        "dmean": [0.000433803623309, 0.00108631001785, 0.00044906619587, 0.000331051502144, 0.000195635089767, 0.000332942319801, 0.000393343041651, 0.000221406953642, 0.000123778241687, 0.000139631476486, 5.3019990446e-05, 4.39129653387e-05, 5.41723311471e-05, 5.48253774468e-05, 7.2686256317e-05, 4.25203106715e-05, 2.27461441682e-05, 1.99840524147e-05, 1.59602404892e-05, 2.18186614802e-05, 9.51240144786e-06, 8.90204773896e-06, 8.7878515842e-06, 8.30661338114e-06, 8.51224831422e-06, 2.46646868618e-06, 2.65100084107e-06, 1.81115967735e-06, 1.26662416733e-06, 1.00082388599e-06, 7.74872148668e-07, 1.12999464363e-06, 1.21631535421e-06, 1.23610243463e-06, 8.89197224296e-07, 5.44477472886e-07, 3.80064562933e-07, 2.98245140584e-07, 2.17520366164e-07, 7.09344618599e-08],
        "dmean2": [0.000686226354446, 0.00177929433994, 0.000731296895538, 0.00055164488731, 0.000303154549329, 0.000519127061125, 0.000587740971241, 0.000323084095726, 0.000193739149836, 0.000197197688976, 8.15639286884e-05, 6.85800550855e-05, 8.64573958097e-05, 9.18803416425e-05, 0.000122960394947, 6.87982101226e-05, 3.9846458094e-05, 3.45927510352e-05, 2.62850771833e-05, 3.75672752853e-05, 1.5613861251e-05, 1.53413857333e-05, 1.47499431478e-05, 1.38189452628e-05, 1.42646740642e-05, 4.24870768256e-06, 4.47681895821e-06, 3.11607254844e-06, 2.1592147732e-06, 1.69263967109e-06, 1.33176399686e-06, 1.99287137548e-06, 2.17857723328e-06, 2.27000987252e-06, 1.61820412359e-06, 9.76173168965e-07, 6.79451318319e-07, 5.25478071722e-07, 3.92359680745e-07, 1.21522091945e-07],
        "dvar": [7.73420140376e-07, 1.00429342638e-05, 1.37313543291e-06, 4.16592882857e-07, 2.02102540925e-07, 2.98938289234e-07, 5.68962150282e-07, 2.38596726376e-07, 1.01318086365e-07, 8.07423745641e-08, 1.8327016349e-08, 1.22735102082e-08, 1.45649412531e-08, 2.60002543939e-08, 6.5719852671e-08, 3.73826480882e-08, 3.6302842954e-09, 3.849051744e-09, 1.72942327126e-09, 1.04567898784e-09, 3.39221289947e-10, 3.3952884948e-10, 2.03944805488e-10, 3.86070508895e-10, 1.16800472072e-10, 3.71791764042e-11, 4.28950763798e-11, 2.40924641348e-11, 1.30271869681e-11, 8.57781987801e-12, 4.74639208145e-12, 1.51183787711e-11, 1.53797686392e-11, 1.98594508893e-11, 8.89915485053e-12, 2.86986211705e-12, 1.07214389276e-12, 6.60670411608e-13, 4.04220683618e-13, 8.88692263767e-14],
        "dvar2": [2.01659213417e-06, 2.63346046268e-05, 3.29807130584e-06, 1.1413642369e-06, 5.15207432272e-07, 7.327722642e-07, 1.19699325296e-06, 4.98137808336e-07, 2.72958658343e-07, 2.2485821205e-07, 4.53568631542e-08, 3.25109432708e-08, 4.06662898911e-08, 7.50507069824e-08, 1.58619911872e-07, 6.84894772007e-08, 1.04401109979e-08, 1.11839790762e-08, 4.19768264592e-09, 3.04555713981e-09, 8.38988101215e-10, 9.18723597199e-10, 4.9540815894e-10, 9.28617516216e-10, 3.28875038313e-10, 9.94489907091e-11, 1.1643223885e-10, 6.36669189591e-11, 3.41353022237e-11, 2.38420030246e-11, 1.32812814566e-11, 4.30806432195e-11, 4.24962148804e-11, 5.63524851782e-11, 2.48236986522e-11, 8.26922037789e-12, 3.1529945755e-12, 1.8874882126e-12, 1.1539663539e-12, 2.4459980482e-13],
        "max": [0.0150898033753, 0.0546864159405, 0.0191354230046, 0.00870123505592, 0.010925383307, 0.00766195496544, 0.0101538961753, 0.00875227339566, 0.00605931086466, 0.00616489211097, 0.0025968675036, 0.00246682018042, 0.00198221276514, 0.00287170708179, 0.00633160956204, 0.00679946923628, 0.000674271548633, 0.000885384681169, 0.000319231185131, 0.000537540356163, 0.00022538677149, 0.000266376533546, 0.000250518118264, 0.000544672831893, 0.000199889545911, 7.57662710384e-05, 0.000149075262016, 6.75649862387e-05, 4.58271933894e-05, 4.84027550556e-05, 2.35947281908e-05, 5.03783485328e-05, 4.11798064306e-05, 7.48053644202e-05, 3.30527254846e-05, 2.24407194764e-05, 8.5916617536e-06, 8.32876503409e-06, 5.79960897085e-06, 4.63086689706e-06],
        "mean": [0.000987201579846, 0.00157815439161, 0.000767312187236, 0.000622962135822, 0.000391550594941, 0.000692885601893, 0.00075773667777, 0.000537709915079, 0.000306173285935, 0.000374182825908, 0.000111391789687, 7.46714358684e-05, 9.12804607651e-05, 8.73472599778e-05, 0.000128091560327, 8.18397675175e-05, 3.45963599102e-05, 2.46386025538e-05, 2.03105537366e-05, 3.3838517993e-05, 1.51191370605e-05, 1.65615601873e-05, 1.85736589629e-05, 1.70935309143e-05, 1.70630937646e-05, 3.98211022912e-06, 4.67744030175e-06, 2.45778596764e-06, 1.61063201176e-06, 1.23307233935e-06, 8.67910671332e-07, 1.0613791801e-06, 1.02176431938e-06, 9.31949557526e-07, 6.94252321409e-07, 4.35958412481e-07, 3.05548439883e-07, 2.42865553446e-07, 1.57501688136e-07, 5.76898067095e-08],
        "median": [0.000619966362137, 0.000600026920438, 0.000309900322463, 0.000215332853259, 0.000200608075829, 0.000455508416053, 0.000362025515642, 0.00015224305389, 6.63512546453e-05, 0.000298026046949, 5.64402726013e-05, 3.80294695788e-05, 5.91251591686e-05, 4.59421789856e-05, 4.10619031754e-05, 3.10746981995e-05, 2.30041277973e-05, 1.15260882012e-05, 4.6399927669e-06, 2.57029605564e-05, 6.96994538885e-06, 1.19147107398e-05, 1.49189118019e-05, 1.20983931993e-05, 1.49302104546e-05, 2.45299293056e-06, 2.97445899378e-06, 6.05002355769e-07, 3.7907807382e-07, 3.23453832607e-07, 1.40822479011e-07, 1.78815909635e-07, 1.1683968637e-07, 5.70613138962e-08, 3.18116768483e-08, 2.43263951205e-08, 1.88875386442e-08, 1.60219819634e-08, 5.44152500837e-09, 4.71453809325e-09],
        "min": [7.7480884703e-24, 4.45616639079e-24, 1.44282580679e-23, 1.83398863976e-23, 1.71984062454e-23, 5.80385636127e-24, 1.3910000119e-23, 8.07192218278e-24, 1.05515597102e-23, 8.00679934847e-24, 4.79768399818e-24, 1.46783900837e-23, 9.21062317795e-24, 9.00965218487e-24, 4.92704022613e-24, 5.25942519082e-24, 5.90158084464e-24, 1.50954324453e-23, 7.5790781768e-24, 7.30607392789e-24, 8.35988007902e-24, 9.47058834496e-24, 1.18707860015e-23, 9.54221375971e-24, 9.63430064862e-24, 7.3892419554e-24, 1.04675121028e-23, 9.87987383727e-24, 9.58907683064e-24, 1.00202445356e-23, 7.65364683159e-24, 8.11437709898e-24, 8.02957770711e-24, 6.31213403643e-24, 1.14116176787e-23, 8.209452193e-24, 1.17821480125e-23, 1.17162110737e-23, 1.02503536839e-23, 9.78276427098e-24],
        "var": [1.44204977914e-06, 1.13301593956e-05, 2.02522642212e-06, 8.01511930604e-07, 2.99798585957e-07, 6.01280703449e-07, 1.21470304748e-06, 8.52720006606e-07, 2.42636986059e-07, 1.50884162053e-07, 2.75292801888e-08, 1.2759554302e-08, 1.32408537468e-08, 2.0741410367e-08, 2.05009058618e-07, 1.97977200855e-07, 2.76414025002e-09, 2.6756517002e-09, 2.34520181053e-09, 1.10872033776e-09, 5.18659115656e-10, 3.98778232658e-10, 3.41920464164e-10, 6.45201947425e-10, 1.91980001341e-10, 3.85455591057e-11, 4.50239429073e-11, 3.63737928666e-11, 1.3367263893e-11, 7.3173984233e-12, 3.92792569304e-12, 1.0006502571e-11, 1.07412100048e-11, 1.24456998526e-11, 6.04540506197e-12, 2.01671795583e-12, 7.92452854639e-13, 5.14878667045e-13, 2.8576235345e-13, 6.02916899891e-14]
    },
    "mfcc": {
        "mean": [-660.826293945, 173.766220093, -28.2680492401, 27.6898212433, -2.25324177742, -3.25374054909, -4.8200173378, 9.79789543152, -7.67022848129, -1.59068727493, 5.94776010513, 5.22136831284, -0.679397583008],
        "cov": [[3951.22509766, -842.413696289, -62.7507324219, -253.833892822, -222.948516846, 3.44407582283, -44.8430557251, 170.385879517, 19.7430782318, 149.880889893, -62.8174171448, 61.7457427979, -65.4134902954], [-842.413696289, 643.178039551, -92.3232116699, 165.283355713, 78.5931625366, -25.8578338623, 25.2920646667, -2.19451379776, 30.4538345337, -51.0815696716, 37.8259963989, -7.56327533722, 3.75520038605], [-62.7507324219, -92.3232116699, 583.156311035, -60.4594268799, 68.5997924805, 121.228530884, -53.0965690613, -60.9823112488, 12.9081745148, 42.4709014893, -24.1082668304, 52.4554328918, 10.6757965088], [-253.833892822, 165.283355713, -60.4594268799, 149.930206299, 20.6128559113, 2.24625611305, 10.0520782471, -10.5926370621, 15.5960149765, -31.8793373108, 8.5881986618, -17.088394165, 5.27479982376], [-222.948516846, 78.5931625366, 68.5997924805, 20.6128559113, 125.685379028, 9.41429901123, 35.7742233276, -10.2229747772, 17.1402988434, -5.1384472847, -1.85017752647, 1.17970764637, -4.36099147797], [3.44407582283, -25.8578338623, 121.228530884, 2.24625611305, 9.41429901123, 142.845291138, -6.28448915482, 21.1945991516, 26.4074115753, 9.86469364166, 6.14588356018, 3.82180929184, 1.31182408333], [-44.8430557251, 25.2920646667, -53.0965690613, 10.0520782471, 35.7742233276, -6.28448915482, 105.793395996, 13.2602472305, 21.7152290344, -11.9780406952, 4.55712080002, -7.34566736221, -14.0820465088], [170.385879517, -2.19451379776, -60.9823112488, -10.5926370621, -10.2229747772, 21.1945991516, 13.2602472305, 146.733764648, 2.77917861938, 31.067527771, 23.8798217773, 2.76465272903, -15.5581731796], [19.7430782318, 30.4538345337, 12.9081745148, 15.5960149765, 17.1402988434, 26.4074115753, 21.7152290344, 2.77917861938, 94.3413696289, 20.8919296265, 14.5134267807, 4.83944559097, -15.0540428162], [149.880889893, -51.0815696716, 42.4709014893, -31.8793373108, -5.1384472847, 9.86469364166, -11.9780406952, 31.067527771, 20.8919296265, 77.1552505493, 4.36398649216, 21.1427459717, -12.8329839706], [-62.8174171448, 37.8259963989, -24.1082668304, 8.5881986618, -1.85017752647, 6.14588356018, 4.55712080002, 23.8798217773, 14.5134267807, 4.36398649216, 55.6294174194, 2.04694747925, 8.06303787231], [61.7457427979, -7.56327533722, 52.4554328918, -17.088394165, 1.17970764637, 3.82180929184, -7.34566736221, 2.76465272903, 4.83944559097, 21.1427459717, 2.04694747925, 59.5683555603, -2.2035446167], [-65.4134902954, 3.75520038605, 10.6757965088, 5.27479982376, -4.36099147797, 1.31182408333, -14.0820465088, -15.5581731796, -15.0540428162, -12.8329839706, 8.06303787231, -2.2035446167, 54.1912002563]],
