{
"lowlevel": {
    "average_loudness": 0.545335710049,
    "barkbands_crest": {
        "dmean": 2.26766610146,
        "dmean2": 3.67167019844,
        "dvar": 5.04615068436,
        "dvar2": 12.7039709091,
        "max": 24.9300174713,
        "mean": 10.8621330261,
        "median": 10.2238407135,
        "min": 3.879581213,
        "var": 14.1889610291
    },
    "barkbands_flatness_db": {
        "dmean": 0.0239397548139,
        "dmean2": 0.034748211503,
        "dvar": 0.000563203007914,
        "dvar2": 0.00104743230622,
        "max": 0.379225790501,
        "mean": 0.205756798387,
        "median": 0.197287321091,
        "min": 0.0467840544879,
        "var": 0.00409153290093
    },
    "barkbands_kurtosis": {
        "dmean": 4.51118373871,
        "dmean2": 7.19267320633,
        "dvar": 40.7745094299,
        "dvar2": 98.3930892944,
        "max": 125.326538086,
        "mean": 10.5354204178,
        "median": 8.3296546936,
        "min": -1.91009843349,
        "var": 92.5255966187
    },
    "barkbands_skewness": {
        "dmean": 0.546516954899,
        "dmean2": 0.84665954113,
        "dvar": 0.363197684288,
        "dvar2": 0.814422667027,
        "max": 8.82048892975,
        "mean": 2.25321674347,
        "median": 2.23286962509,
        "min": -1.82645654678,
        "var": 1.48800992966
    },
    "barkbands_spread": {
        "dmean": 2.97079944611,
        "dmean2": 4.54693651199,
        "dvar": 32.9798049927,
        "dvar2": 60.0173568726,
        "max": 98.0544433594,
        "mean": 9.80390548706,
        "median": 7.21317481995,
        "min": 0.804162144661,
        "var": 118.028778076
    },
    "dissonance": {
        "dmean": 0.0253719687462,
        "dmean2": 0.0419816337526,
        "dvar": 0.000668863358442,
        "dvar2": 0.00162121769972,
        "max": 0.499999940395,
        "mean": 0.433735460043,
        "median": 0.44787311554,
        "min": 0,
        "var": 0.00249701505527
    },
    "dynamic_complexity": 4.58875751495,
    "erbbands_crest": {
        "dmean": 2.50485062599,
        "dmean2": 3.92218828201,
        "dvar": 7.32073640823,
        "dvar2": 16.6586532593,
        "max": 31.8673000336,
        "mean": 10.501584053,
        "median": 9.02324485779,
        "min": 2.40369033813,
        "var": 28.0815944672
    },
    "erbbands_flatness_db": {
        "dmean": 0.0216309335083,
        "dmean2": 0.0287344846874,
        "dvar": 0.000610563554801,
        "dvar2": 0.000964591279626,
        "max": 0.372651934624,
        "mean": 0.189521104097,
        "median": 0.189714148641,
        "min": 0.0530951134861,
        "var": 0.00328003661707
    },
    "erbbands_kurtosis": {
        "dmean": 1.57913148403,
        "dmean2": 2.45869493484,
        "dvar": 6.69171571732,
        "dvar2": 15.1886568069,
        "max": 41.4857559204,
        "mean": 2.3749434948,
        "median": 0.818510770798,
        "min": -1.70859575272,
        "var": 20.2511425018
    },
    "erbbands_skewness": {
        "dmean": 0.378236025572,
        "dmean2": 0.573018312454,
        "dvar": 0.162725910544,
        "dvar2": 0.34714153409,
        "max": 4.85451412201,
        "mean": 1.07139849663,
        "median": 0.990876674652,
        "min": -3.28322649002,
        "var": 0.795247793198
    },
    "erbbands_spread": {
        "dmean": 7.12217617035,
        "dmean2": 10.5855903625,
        "dvar": 114.054695129,
        "dvar2": 228.831192017,
        "max": 143.634414673,
        "mean": 31.2257709503,
        "median": 27.7753772736,
        "min": 2.45833873749,
        "var": 378.782196045
    },
    "hfc": {
        "dmean": 2.50382423401,
        "dmean2": 3.514149189,
        "dvar": 25.7034454346,
        "dvar2": 46.1632118225,
        "max": 136.286727905,
        "mean": 9.33440971375,
        "median": 4.67467021942,
        "min": 1.16982555675e-16,
        "var": 160.986190796
    },
    "melbands_crest": {
        "dmean": 2.98634147644,
        "dmean2": 4.85647916794,
        "dvar": 8.26295566559,
        "dvar2": 21.5653018951,
        "max": 32.2727622986,
        "mean": 14.9720020294,
        "median": 14.2162055969,
        "min": 2.04924845695,
        "var": 24.5595588684
    },
    "melbands_flatness_db": {
        "dmean": 0.0257652550936,
        "dmean2": 0.0386047288775,
        "dvar": 0.000684237806126,
        "dvar2": 0.00142327230424,
        "max": 0.502358555794,
        "mean": 0.287621051073,
        "median": 0.279337465763,
        "min": 0.00751960696653,
        "var": 0.00527031719685
    },
    "melbands_kurtosis": {
        "dmean": 8.60619544983,
        "dmean2": 13.5840978622,
        "dvar": 195.31463623,
        "dvar2": 450.6512146,
        "max": 227.958862305,
        "mean": 20.2203063965,
        "median": 14.9248638153,
        "min": -1.20353317261,
        "var": 453.505279541
    },
    "melbands_skewness": {
        "dmean": 0.713682293892,
        "dmean2": 1.09299564362,
        "dvar": 0.687157213688,
        "dvar2": 1.44484448433,
        "max": 11.0624256134,
        "mean": 2.92059183121,
        "median": 2.87500286102,
        "min": -0.815251588821,
        "var": 3.22443199158
    },
    "melbands_spread": {
        "dmean": 2.74335050583,
        "dmean2": 4.22596883774,
        "dvar": 37.5196151733,
        "dvar2": 65.5359268188,
        "max": 169.097213745,
        "mean": 9.57890987396,
        "median": 7.31187200546,
        "min": 0.748057484627,
        "var": 119.983207703
    },
    "pitch_salience": {
        "dmean": 0.0659133866429,
        "dmean2": 0.105677954853,
        "dvar": 0.00360527425073,
        "dvar2": 0.00910542160273,
        "max": 0.924204468727,
        "mean": 0.552722096443,
        "median": 0.560271322727,
        "min": 0.131891936064,
        "var": 0.0114635005593
    },
    "silence_rate_20dB": {
        "dmean": 0,
        "dmean2": 0,
        "dvar": 0,
        "dvar2": 0,
        "max": 1,
        "mean": 1,
        "median": 1,
        "min": 1,
        "var": 0
    },
    "silence_rate_30dB": {
        "dmean": 0.00515463901684,
        "dmean2": 0.0103145949543,
        "dvar": 0.00512810936198,
        "dvar2": 0.0112398061901,
        "max": 1,
        "mean": 0.993302404881,
        "median": 1,
        "min": 0,
        "var": 0.0066527063027
    },
    "silence_rate_60dB": {
        "dmean": 0.0422680415213,
        "dmean2": 0.0840639472008,
        "dvar": 0.0404804386199,
        "dvar2": 0.0873103812337,
        "max": 1,
        "mean": 0.142194747925,
        "median": 0,
        "min": 0,
        "var": 0.121974006295
    },
    "spectral_centroid": {
        "dmean": 120.068641663,
        "dmean2": 188.963119507,
        "dvar": 90845.4765625,
        "dvar2": 170359.75,
        "max": 11561.8632812,
        "mean": 624.836547852,
        "median": 528.107727051,
        "min": 190.921432495,
        "var": 271102.71875
    },
    "spectral_complexity": {
        "dmean": 1.7484536171,
        "dmean2": 2.78751945496,
        "dvar": 4.60993671417,
        "dvar2": 9.47833442688,
        "max": 41,
        "mean": 10.312210083,
        "median": 9,
        "min": 0,
        "var": 44.7619247437
    },
    "spectral_decrease": {
        "dmean": 1.62871305331e-09,
        "dmean2": 2.56892240813e-09,
        "dvar": 8.38085913595e-18,
        "dvar2": 1.95088760761e-17,
        "max": 1.63050146918e-29,
        "mean": -5.15780529398e-09,
        "median": -3.39027983465e-09,
        "min": -5.71228504498e-08,
        "var": 2.98036417251e-17
    },
    "spectral_energy": {
        "dmean": 0.00632819207385,
        "dmean2": 0.00995898991823,
        "dvar": 0.000126444370835,
        "dvar2": 0.000292866170639,
        "max": 0.224702507257,
        "mean": 0.0203133802861,
        "median": 0.0132138738409,
        "min": 1.0549124017e-20,
        "var": 0.000466759665869
    },
    "spectral_energyband_high": {
        "dmean": 9.37178338063e-05,
        "dmean2": 0.000124541678815,
        "dvar": 2.15563105144e-07,
        "dvar2": 2.68791012559e-07,
        "max": 0.0184928104281,
        "mean": 0.000184284639545,
        "median": 3.24042375723e-05,
        "min": 7.40210164403e-21,
        "var": 5.36712661869e-07
    },
    "spectral_energyband_low": {
        "dmean": 0.00335845071822,
        "dmean2": 0.00568153662607,
        "dvar": 5.08175035066e-05,
        "dvar2": 0.000128912535729,
        "max": 0.0699655562639,
        "mean": 0.00659319106489,
        "median": 0.00398992933333,
        "min": 1.65174962219e-23,
        "var": 6.86143175699e-05
    },
    "spectral_energyband_middle_high": {
        "dmean": 0.000523100490682,
        "dmean2": 0.000747884856537,
        "dvar": 1.96379392037e-06,
        "dvar2": 4.53119173471e-06,
        "max": 0.0395390503109,
        "mean": 0.00182725407649,
        "median": 0.00050730392104,
        "min": 1.50254238168e-21,
        "var": 1.40616075441e-05
    },
    "spectral_energyband_middle_low": {
        "dmean": 0.00447096535936,
        "dmean2": 0.00686758290976,
        "dvar": 7.37472073524e-05,
        "dvar2": 0.000162968615768,
        "max": 0.185731843114,
        "mean": 0.0131624201313,
        "median": 0.00714584533125,
        "min": 3.06632808701e-22,
        "var": 0.000262989779003
    },
    "spectral_entropy": {
        "dmean": 0.204434067011,
        "dmean2": 0.294145226479,
        "dvar": 0.0569842271507,
        "dvar2": 0.101290181279,
        "max": 9.80016613007,
        "mean": 6.90864753723,
        "median": 6.93534803391,
        "min": 5.21583032608,
        "var": 0.332619726658
    },
    "spectral_flux": {
        "dmean": 0.0197963099927,
        "dmean2": 0.0312200188637,
        "dvar": 0.000759564922191,
        "dvar2": 0.00180639186874,
        "max": 0.319914847612,
        "mean": 0.0562519021332,
        "median": 0.042488925159,
        "min": 6.97570612385e-11,
        "var": 0.00201897253282
    },
    "spectral_kurtosis": {
        "dmean": 3.99836063385,
        "dmean2": 6.52036714554,
        "dvar": 24.6921367645,
        "dvar2": 62.3316421509,
        "max": 68.6649627686,
        "mean": 9.66396141052,
        "median": 6.99217891693,
        "min": -1.24649441242,
        "var": 70.4973907471
    },
    "spectral_rms": {
        "dmean": 0.000626734399702,
        "dmean2": 0.000967973377556,
        "dvar": 7.32163925932e-07,
        "dvar2": 1.62502033163e-06,
        "max": 0.0148061458021,
        "mean": 0.00392755819485,
        "median": 0.00359048531391,
        "min": 3.20808787521e-12,
        "var": 4.392226856e-06
    },
    "spectral_rolloff": {
        "dmean": 171.687652588,
        "dmean2": 296.089080811,
        "dvar": 523041.875,
        "dvar2": 1045416.3125,
        "max": 18884.6191406,
        "mean": 633.648803711,
        "median": 430.6640625,
        "min": 129.19921875,
        "var": 1194151.5
    },
    "spectral_skewness": {
        "dmean": 0.375645279884,
        "dmean2": 0.589020967484,
        "dvar": 0.144537389278,
        "dvar2": 0.339041501284,
        "max": 6.23162698746,
        "mean": 2.25213670731,
        "median": 2.12166643143,
        "min": -0.0731696113944,
        "var": 0.70833748579
    },
    "spectral_spread": {
        "dmean": 638591.1875,
        "dmean2": 903042.4375,
        "dvar": 1.64066059878e+12,
        "dvar2": 2.97329046323e+12,
        "max": 42199128,
        "mean": 3738261.5,
        "median": 3306937.25,
        "min": 1208207,
        "var": 4.39974100992e+12
    },
    "spectral_strongpeak": {
        "dmean": 0.339949131012,
        "dmean2": 0.537294685841,
        "dvar": 0.303270369768,
        "dvar2": 0.668267607689,
        "max": 8.86465740204,
        "mean": 0.820981383324,
        "median": 0.363088130951,
        "min": 0,
        "var": 1.14522397518
    },
    "zerocrossingrate": {
        "dmean": 0.00669977255166,
        "dmean2": 0.00825318694115,
        "dvar": 0.000227714001085,
        "dvar2": 0.00033954900573,
        "max": 0.517578125,
        "mean": 0.031425088644,
        "median": 0.02587890625,
        "min": 0.00146484375,
        "var": 0.000894321652595
    },
    "barkbands": {
        "dmean": [7.70590049797e-05, 0.00103489169851, 0.00180881982669, 0.00173692533281, 0.00129040924367, 0.00105104106478, 0.00110331119504, 0.000833066471387, 0.00077919854084, 0.00023569529003, 0.000145183395944, 0.000159233910381, 0.000101894976979, 6.8690686021e-05, 8.02545546321e-05, 4.24480385846e-05, 3.90397690353e-05, 2.28946755669e-05, 2.32493930525e-05, 2.40126155404e-05, 2.39229520957e-05, 2.48629694397e-05, 1.58012899192e-05, 1.47996679516e-05, 1.18757789096e-05, 6.6125826379e-06, 1.33483399622e-06],
        "dmean2": [0.000119383243145, 0.00173852581065, 0.00310968630947, 0.00293978559785, 0.00207135733217, 0.00161122682039, 0.00162490399089, 0.00117988535203, 0.00107983697671, 0.000348925561411, 0.000208478508284, 0.000236192921875, 0.000149767642142, 0.000103348516859, 0.000125082282466, 6.80658631609e-05, 6.28414491075e-05, 3.6784556869e-05, 3.6985216866e-05, 3.60764097422e-05, 3.57258395525e-05, 3.6348188587e-05, 2.17748256546e-05, 2.02012124646e-05, 1.67354683072e-05, 1.01552668639e-05, 2.26390443459e-06],
        "dvar": [1.17855705639e-07, 8.88366776053e-06, 1.21189459605e-05, 2.12253289646e-05, 4.99906582263e-06, 1.3747144294e-05, 1.45545573105e-05, 1.30267117129e-05, 9.52076061367e-06, 9.81707103165e-07, 4.52241863513e-07, 3.20280207688e-07, 1.26957260704e-07, 5.55746701991e-08, 2.81359966436e-08, 1.53229322564e-08, 1.14988143451e-08, 6.31754737412e-09, 4.0153995684e-09, 4.21743617807e-09, 2.02509156111e-08, 1.98562144504e-08, 6.68883615162e-09, 7.09926339937e-09, 2.63561417135e-09, 3.41696893003e-10, 1.74722458723e-11],
        "dvar2": [2.74967788982e-07, 2.35955285461e-05, 3.21930856444e-05, 5.11888320034e-05, 1.28277497424e-05, 2.68463427346e-05, 2.77222970908e-05, 2.95785212074e-05, 1.93209361896e-05, 2.40797544393e-06, 9.94456513581e-07, 6.81031679051e-07, 2.63019899194e-07, 1.24723484873e-07, 6.65639134922e-08, 3.55535938468e-08, 3.02410896325e-08, 1.70613621009e-08, 1.04241850707e-08, 9.32194144099e-09, 3.84457123914e-08, 2.85702093095e-08, 9.09868447252e-09, 1.27362325131e-08, 4.57465754167e-09, 7.98780264155e-10, 4.46604524196e-11],
        "max": [0.00583882210776, 0.0323700010777, 0.0488130748272, 0.0844324156642, 0.0371630676091, 0.0870769992471, 0.0749492272735, 0.073384962976, 0.112901233137, 0.0276238899678, 0.0179184470326, 0.0156111950055, 0.00748831173405, 0.00517701078206, 0.00247709010728, 0.003892067587, 0.00230102427304, 0.00219721021131, 0.00144448084757, 0.00147817109246, 0.0056524197571, 0.00535259395838, 0.00312213134021, 0.00302793155424, 0.00160046073142, 0.000240119770751, 5.87119284319e-05],
        "mean": [6.52542948956e-05, 0.00188978773076, 0.00322825298645, 0.00240571633913, 0.00291755888611, 0.00218872539699, 0.00200805999339, 0.00148876407184, 0.00202498864383, 0.000508781871758, 0.000251754419878, 0.000395278941141, 0.000190972787095, 0.000123961290228, 0.00015637796605, 8.98863872862e-05, 7.60861730669e-05, 4.32346969319e-05, 5.35088038305e-05, 4.84315678477e-05, 4.20263386331e-05, 4.10602806369e-05, 2.53387861449e-05, 2.27109230764e-05, 1.71939627762e-05, 8.50700598676e-06, 1.2076367284e-06],
        "median": [2.31231774706e-06, 0.000728276965674, 0.00182872812729, 0.00107873929664, 0.00174229103141, 0.000627095752861, 0.000357234210242, 0.000169960723724, 0.000227174838074, 7.22821932868e-05, 4.24468926212e-05, 4.18636882387e-05, 3.22516571032e-05, 2.39043874899e-05, 4.71794628538e-05, 2.20360343519e-05, 1.90353657672e-05, 1.38088435051e-05, 1.12533871288e-05, 1.11567760541e-05, 6.21413437329e-06, 5.41510826224e-06, 2.86962654172e-06, 2.20966899178e-06, 1.38421160045e-06, 6.26391397418e-07, 2.04551025007e-08],
        "min": [7.63989402778e-25, 4.28320232643e-24, 9.38688941405e-24, 1.70086358939e-24, 1.55147419931e-23, 3.49064923663e-23, 7.74059855155e-23, 3.42735324641e-23, 6.36302905434e-23, 3.9837456781e-23, 3.41678787453e-23, 3.4901667693e-23, 1.01721688908e-22, 7.302167962e-23, 8.64650495809e-23, 9.202258728e-23, 1.66880305947e-22, 2.007106248e-22, 3.6027580464e-22, 2.37668392178e-22, 4.2210344073e-22, 5.05793580569e-22, 4.59419666504e-22, 5.94698835676e-22, 9.81882471223e-22, 1.59923022293e-21, 2.2972392925e-21],
        "var": [1.07511567649e-07, 9.71846020548e-06, 1.92333809537e-05, 2.32699039771e-05, 1.22188730529e-05, 3.82496000384e-05, 3.43450337823e-05, 2.42865990003e-05, 4.161763718e-05, 3.11022608912e-06, 6.97632572155e-07, 1.74333672476e-06, 3.55371156502e-07, 1.23225532889e-07, 8.28721908874e-08, 5.97388165602e-08, 2.46894593658e-08, 8.58915161217e-09, 1.15602736273e-08, 1.06280424461e-08, 3.86282259512e-08, 4.61557831954e-08, 1.61496735984e-08, 1.23988357359e-08, 4.81344786252e-09, 4.2104297826e-10, 1.5266982123e-11]
    },
    "erbbands": {
        "dmean": [0.026594420895, 0.270641505718, 1.72089087963, 4.21902513504, 4.7302775383, 5.06429576874, 6.23498916626, 8.73905563354, 14.1649131775, 16.5553817749, 18.3538398743, 18.2359790802, 7.5601272583, 7.02843809128, 5.22320652008, 5.66264057159, 4.46274423599, 3.47157359123, 3.5918738842, 3.99303793907, 2.14111661911, 2.10596442223, 1.31021535397, 1.09285604954, 1.26598918438, 1.06805026531, 0.963308751583, 0.94898891449, 0.941081941128, 0.671366214752, 0.424675256014, 0.275780618191, 0.283983141184, 0.167614594102, 0.0655495375395, 0.0311947073787, 0.0115233715624, 0.00360877066851, 0.000130358981551, 8.78849550645e-06],
        "dmean2": [0.0435164384544, 0.466146439314, 2.94882011414, 7.03303909302, 7.96900033951, 8.15730190277, 9.23476314545, 13.2835140228, 19.6327514648, 24.5920219421, 26.444978714, 25.3673858643, 10.5765047073, 10.4298067093, 7.46678876877, 8.29134941101, 6.58076953888, 5.30822038651, 5.47288990021, 6.48942947388, 3.28151702881, 3.42404460907, 2.1091799736, 1.74928557873, 2.04202771187, 1.60945093632, 1.49368357658, 1.45306968689, 1.36574947834, 0.969891548157, 0.593635380268, 0.380764871836, 0.392655819654, 0.234106779099, 0.0973114445806, 0.0481014512479, 0.018045084551, 0.00587514461949, 0.000215919688344, 1.37658589665e-05],
        "dvar": [0.0108746252954, 0.478393018246, 10.3297653198, 115.929466248, 86.5316696167, 114.016281128, 548.382263184, 800.30480957, 2012.11682129, 3286.63720703, 6530.81982422, 6000.50634766, 586.528869629, 1012.40527344, 433.446105957, 372.740661621, 247.526657104, 118.344573975, 82.4063644409, 77.5605239868, 33.5200119019, 35.8050613403, 22.1167449951, 10.0104761124, 11.9055767059, 8.1886920929, 17.7188625336, 44.1438331604, 23.7653598785, 20.1725349426, 4.24710512161, 1.80754864216, 3.31743049622, 0.571445822716, 0.081130027771, 0.00819862540811, 0.00110783264972, 0.000109134372906, 1.66733869378e-07, 2.5070134857e-10],
        "dvar2": [0.0267830751836, 1.34380745888, 28.1784114838, 275.586395264, 226.491027832, 292.468841553, 1098.2401123, 1560.51147461, 3141.34985352, 6589.27880859, 15402.8232422, 12223.6914062, 1125.4197998, 2774.25585938, 997.611938477, 806.529418945, 584.940734863, 286.468353271, 180.919143677, 197.161865234, 75.4839324951, 90.2682342529, 61.7704238892, 25.8158855438, 29.6515541077, 17.5474433899, 37.5348625183, 90.5368652344, 36.9413948059, 28.4094696045, 6.25672149658, 3.39540553093, 6.08357858658, 0.951595246792, 0.15558989346, 0.0175736919045, 0.00266845314763, 0.000259536172962, 4.18977748495e-07, 5.56215018488e-10],
        "max": [1.00904417038, 7.20250082016, 40.6315460205, 165.39616394, 168.816558838, 185.127929688, 539.7265625, 898.234375, 1308.40625, 1187.1048584, 1862.35510254, 2717.80126953, 707.41394043, 971.840698242, 546.969787598, 570.670410156, 378.159332275, 257.298614502, 177.764373779, 163.614852905, 155.498046875, 110.755340576, 132.917831421, 73.3754501343, 82.1382904053, 79.579536438, 157.443557739, 261.098937988, 187.23097229, 172.931213379, 76.9393386841, 48.0504798889, 64.6777877808, 20.7314395905, 10.1674537659, 1.99688673019, 0.485778272152, 0.117489404976, 0.00604720786214, 0.000282033201074],
        "mean": [0.0297982953489, 0.536305546761, 3.18892359734, 6.80367517471, 8.1753692627, 10.6450719833, 12.3129243851, 18.8938426971, 28.292093277, 30.1901702881, 37.1544494629, 45.5098342896, 21.1156082153, 16.3580303192, 12.0857534409, 14.5860481262, 9.38677406311, 7.10796117783, 7.30059242249, 7.69710922241, 4.76264953613, 4.17618131638, 2.60741853714, 2.49426865578, 2.8112282753, 2.25991916656, 1.87658751011, 1.59221541882, 1.51293003559, 1.08653378487, 0.680739760399, 0.437682002783, 0.408006340265, 0.243809431791, 0.0902477949858, 0.0395249649882, 0.014688545838, 0.00402985606343, 0.000135511989356, 2.58851650869e-05],
        "median": [0.0094431405887, 0.249721586704, 1.76718461514, 3.46107149124, 4.68970108032, 5.11729574203, 5.23721456528, 5.05816507339, 6.42352342606, 5.62007665634, 5.78364467621, 5.78230333328, 3.14423751831, 2.22566485405, 2.0822994709, 2.02381658554, 1.65911018848, 1.48385977745, 1.98932111263, 2.13584566116, 1.46243667603, 1.07691502571, 0.794028460979, 0.600751936436, 0.610033512115, 0.53685349226, 0.336655676365, 0.229856565595, 0.220743879676, 0.11870868504, 0.0814191102982, 0.0510624423623, 0.0311214085668, 0.0180616844445, 0.00793515145779, 0.00325226970017, 0.00103281799238, 0.000181451061508, 1.56093065016e-05, 1.67079160747e-05],
        "min": [1.87520655895e-22, 1.02307923632e-21, 7.10013709959e-21, 6.0783291284e-21, 3.48376517694e-20, 4.97978303017e-20, 1.95244506462e-19, 3.07209037539e-19, 4.18303581407e-19, 1.55643617207e-18, 1.14244292544e-18, 1.43831405682e-18, 8.26503772017e-19, 1.1212569688e-18, 1.25279171429e-18, 1.60154077991e-18, 4.25416879725e-18, 5.98498673997e-18, 3.55412253613e-18, 6.06279879301e-18, 8.4140464493e-18, 1.1256829641e-17, 9.5498696551e-18, 1.72222792021e-17, 1.54668034189e-17, 1.10213478642e-17, 1.41809809352e-17, 1.85573106604e-17, 1.69065840669e-17, 1.6460785002e-17, 1.56847307687e-17, 1.09512864935e-17, 1.09711710883e-17, 8.37333592828e-18, 7.11274989787e-18, 5.29874653686e-18, 2.91539248547e-18, 1.01852423864e-18, 2.98450435623e-19, 3.42887721965e-20],
        "var": [0.00906170718372, 0.590660274029, 16.3114681244, 141.06578064, 119.660469055, 256.592803955, 985.013977051, 2941.57275391, 6675.77636719, 6886.87695312, 12887.25, 22350.3847656, 3812.81494141, 3221.06835938, 1232.99401855, 2175.70629883, 787.282470703, 330.381958008, 255.679092407, 239.795150757, 104.162582397, 72.861869812, 31.871213913, 23.6446151733, 33.1582946777, 22.61419487, 34.8545837402, 78.8246536255, 53.3454246521, 47.5261573792, 9.70451545715, 3.35313796997, 5.25896263123, 1.13241314888, 0.124602466822, 0.0115641802549, 0.00127151596826, 0.000116510193038, 1.54038332312e-07, 7.76470165942e-10]
    },
    "gfcc": {
        "mean": [-81.1572189331, 141.07421875, -100.559288025, 28.2709255219, -54.7462348938, 2.00993776321, -35.4760284424, -1.28414797783, -19.0412044525, -5.46334409714, -17.8120517731, -9.27868270874, -9.76604938507],
        "cov": [[9272.13769531, -2409.69580078, -119.560890198, -452.753601074, -734.627929688, 324.346893311, -244.084777832, 560.381713867, -468.7918396, 692.586669922, -478.018066406, 213.874938965, -540.256530762], [-2409.69580078, 2046.15820312, -537.173339844, -68.0580215454, 277.91885376, -319.914611816, 270.601196289, -317.157409668, 325.017089844, -382.747741699, 301.60067749, -251.803817749, 283.277130127], [-119.560890198, -537.173339844, 676.183044434, 14.3974714279, 33.5816726685, 112.154663086, -107.126480103, 89.2984008789, -100.58505249, 107.850944519, -109.798706055, 117.970954895, -78.4814987183], [-452.753601074, -68.0580215454, 14.3974714279, 426.890258789, 98.5670700073, 42.3819770813, -39.8074150085, -79.4288482666, 45.9196434021, -72.8704910278, 32.1683921814, -8.73415088654, 47.9921073914], [-734.627929688, 277.91885376, 33.5816726685, 98.5670700073, 286.87411499, -5.60934972763, 27.1375637054, -81.0713195801, 23.5637760162, -69.4679489136, 16.2206687927, -1.35097956657, 22.9355392456], [324.346893311, -319.914611816, 112.154663086, 42.3819770813, -5.60934972763, 192.514877319, -4.54075527191, 38.5121002197, -56.8143615723, 39.4305114746, -56.7502059937, 29.1331882477, -52.0844268799], [-244.084777832, 270.601196289, -107.126480103, -39.8074150085, 27.1375637054, -4.54075527191, 181.772460938, -12.8099088669, 26.8368015289, -70.0000915527, 33.1375465393, -35.4024620056, 16.5159339905], [560.381713867, -317.157409668, 89.2984008789, -79.4288482666, -81.0713195801, 38.5121002197, -12.8099088669, 159.15965271, -44.2222366333, 85.8529968262, -56.156124115, 35.4340286255, -56.7630805969], [-468.7918396, 325.017089844, -100.58505249, 45.9196434021, 23.5637760162, -56.8143615723, 26.8368015289, -44.2222366333, 156.057937622, -48.5895576477, 59.5647544861, -62.1377449036, 64.4777450562], [692.586669922, -382.747741699, 107.850944519, -72.8704910278, -69.4679489136, 39.4305114746, -70.0000915527, 85.8529968262, -48.5895576477, 168.041183472, -48.0194358826, 55.3757514954, -69.8500976562], [-478.018066406, 301.60067749, -109.798706055, 32.1683921814, 16.2206687927, -56.7502059937, 33.1375465393, -56.156124115, 59.5647544861, -48.0194358826, 128.316848755, -35.4617080688, 55.6522102356], [213.874938965, -251.803817749, 117.970954895, -8.73415088654, -1.35097956657, 29.1331882477, -35.4024620056, 35.4340286255, -62.1377449036, 55.3757514954, -35.4617080688, 106.740036011, -25.8706684113], [-540.256530762, 283.277130127, -78.4814987183, 47.9921073914, 22.9355392456, -52.0844268799, 16.5159339905, -56.7630805969, 64.4777450562, -69.8500976562, 55.6522102356, -25.8706684113, 117.981628418]],
        "icov": [[0.000284143490717, -5.52388009964e-05, 0.000399658310926, -0.000108258973341, 0.000420520285843, -0.000121037955978, 8.6338375695e-05, -0.000214421554119, 0.000336124532623, -0.000702346442267, 0.00064098200528, -0.000101092839031, 0.000569194206037], [-5.52388009964e-05, 0.00412853248417, 0.00012118966697, 0.00279343989678, -0.00277626398019, 0.0020316618029, -0.00179384334479, 0.00234454800375, -0.00284351035953, 0.00339416065253, -0.00322125526145, 0.00284106750041, -0.00269969366491], [0.000399658310926, 0.00012118966697, 0.00282943807542, -4.21914555773e-05, -0.0001661307615, -0.000753544969484, 0.000932278402615, -0.000877686485182, 0.000358202349162, -0.000906241650227, 0.00140829116572, -0.00148567301221, 0.000862921064254], [-0.000108258973341, 0.00279343989678, -4.21914555773e-05, 0.00525418203324, -0.00263182655908, -0.000205625983654, 0.000362937164027, 0.00218299194239, -0.00298947631381, 0.00402407022193, -0.00298850354739, 0.00134102639277, -0.00222795479931], [0.000420520285843, -0.00277626398019, -0.0001661307615, -0.00263182655908, 0.00710148504004, -0.00121935480274, 0.000419817399234, 0.000334909273079, 0.00173158058897, -0.00202919193543, 0.00337426061742, -0.00298111373559, 0.00334208388813], [-0.000121037955978, 0.0020316618029, -0.000753544969484, -0.000205625983654, -0.00121935480274, 0.00849188026041, -0.00255016935989, 0.00105560419615, 4.86198005092e-05, 0.000734428525902, 9.15935379453e-05, 0.0019495121669, -0.000206675569643], [8.6338375695e-05, -0.00179384334479, 0.000932278402615, 0.000362937164027, 0.000419817399234, -0.00255016935989, 0.00910569541156, -0.00287393573672, 0.00050317554269, 0.00267937337048, -0.000187669938896, -0.00130176136736, 0.00242453394458], [-0.000214421554119, 0.00234454800375, -0.000877686485182, 0.00218299194239, 0.000334909273079, 0.00105560419615, -0.00287393573672, 0.0126469293609, -0.00212548766285, -0.00115943735, 0.000164512341144, 0.000949749839492, -0.000589324044995], [0.000336124532623, -0.00284351035953, 0.000358202349162, -0.00298947631381, 0.00173158058897, 4.86198005092e-05, 0.00050317554269, -0.00212548766285, 0.0135437101126, -0.00493751047179, 0.00129055511206, 0.0032980570104, -0.00179787655361], [-0.000702346442267, 0.00339416065253, -0.000906241650227, 0.00402407022193, -0.00202919193543, 0.000734428525902, 0.00267937337048, -0.00115943735, -0.00493751047179, 0.0179012399167, -0.00513925682753, -0.00170602300204, 0.0015272134915], [0.00064098200528, -0.00322125526145, 0.00140829116572, -0.00298850354739, 0.00337426061742, 9.15935379453e-05, -0.000187669938896, 0.000164512341144, 0.00129055511206, -0.00513925682753, 0.0161757934839, -0.00186487310566, 0.000524794741068], [-0.000101092839031, 0.00284106750041, -0.00148567301221, 0.00134102639277, -0.00298111373559, 0.0019495121669, -0.00130176136736, 0.000949749839492, 0.0032980570104, -0.00170602300204, -0.00186487310566, 0.0177343785763, -0.00478287506849], [0.000569194206037, -0.00269969366491, 0.000862921064254, -0.00222795479931, 0.00334208388813, -0.000206675569643, 0.00242453394458, -0.000589324044995, -0.00179787655361, 0.0015272134915, 0.000524794741068, -0.00478287506849, 0.0182711873204]]
    },
    "melbands": {
        "dmean": [0.000252848200034, 0.000703350931872, 0.000721074233297, 0.000316153891617, 0.000213728184463, 0.000199660920771, 0.000223690381972, 0.000183211726835, 0.000155697722221, 0.00010703834414, 3.87724285247e-05, 3.04227905872e-05, 1.81030736712e-05, 1.76595949597e-05, 1.55646921485e-05, 7.63573916629e-06, 6.76066792948e-06, 6.16299394096e-06, 4.98635517943e-06, 4.39416271547e-06, 2.46376885116e-06, 2.39346854869e-06, 1.66771496879e-06, 1.16181251997e-06, 9.40429288221e-07, 9.57288079917e-07, 9.75275156634e-07, 7.41205440136e-07, 6.74059947414e-07, 6.18221690729e-07, 5.90257968724e-07, 5.70193321892e-07, 4.68782246799e-07, 3.52313406893e-07, 2.63266343836e-07, 1.93790299363e-07, 1.66519555478e-07, 2.02235995062e-07, 2.0104850762e-07, 1.29275790073e-07],
        "dmean2": [0.00041422600043, 0.00120182789396, 0.00121070863679, 0.000523221620824, 0.000318443693686, 0.000304070126731, 0.000319104350638, 0.000268158124527, 0.000225389041589, 0.000147585742525, 5.49254000362e-05, 4.53237516922e-05, 2.66197948804e-05, 2.48938449658e-05, 2.35079569393e-05, 1.15194989121e-05, 1.0497963558e-05, 9.38151151786e-06, 7.9726887634e-06, 7.18275896361e-06, 3.78950608138e-06, 3.85960902349e-06, 2.74629610431e-06, 1.86361069154e-06, 1.5171775658e-06, 1.5737459762e-06, 1.52320058078e-06, 1.13386613521e-06, 1.09262578007e-06, 8.9333144615e-07, 9.31437739382e-07, 8.43532347972e-07, 7.04626415882e-07, 5.04442709826e-07, 3.7042119061e-07, 2.90979102147e-07, 2.3850915909e-07, 2.88714630869e-07, 2.79893470179e-07, 1.83740638704e-07],
        "dvar": [7.02107683992e-07, 1.8202456431e-06, 3.09588085656e-06, 3.14217174946e-07, 4.16825258753e-07, 4.12129082861e-07, 4.94257676564e-07, 3.8338814079e-07, 4.14159927686e-07, 1.9828436848e-07, 1.67550506802e-08, 2.01516670018e-08, 6.79832723449e-09, 3.34733818441e-09, 5.42629985389e-09, 7.13053449619e-10, 5.01803654185e-10, 3.00037689138e-10, 1.18335716226e-10, 1.23915766537e-10, 4.35463921866e-11, 4.16205403475e-11, 3.56625805276e-11, 2.15062568448e-11, 6.7583694717e-12, 7.98392515294e-12, 8.0119313961e-12, 4.18251240933e-12, 6.49951620302e-12, 1.21993561086e-11, 1.76193538926e-11, 6.6501114511e-12, 1.07088660856e-11, 4.92109911848e-12, 1.51123536428e-12, 1.01636570254e-12, 6.58130722229e-13, 1.84649192637e-12, 1.15446226797e-12, 3.07427775728e-13],
        "dvar2": [1.7836631514e-06, 4.99043562741e-06, 7.517643553e-06, 8.36167600937e-07, 8.13235089936e-07, 7.85938993886e-07, 8.65320828325e-07, 7.81373501013e-07, 9.69092639025e-07, 3.91483155227e-07, 3.14431396475e-08, 5.48530572075e-08, 1.68084213215e-08, 6.07855188406e-09, 1.41180995783e-08, 1.59705448866e-09, 1.23425691889e-09, 6.36985353353e-10, 2.95198476774e-10, 3.04391595263e-10, 9.98592944446e-11, 1.01348332504e-10, 1.04656651401e-10, 5.71280869832e-11, 1.73258438846e-11, 2.17737737562e-11, 2.07443194566e-11, 9.62703441271e-12, 1.6845436504e-11, 1.64328550767e-11, 4.48406797804e-11, 1.14642522905e-11, 1.49612596617e-11, 7.25739000146e-12, 2.27060341015e-12, 2.13531189258e-12, 1.30702664403e-12, 3.3267399252e-12, 2.34966148101e-12, 5.17029019424e-13],
        "max": [0.00911631528288, 0.0161132086068, 0.0298026129603, 0.0102668460459, 0.0143800079823, 0.0186012331396, 0.0179721787572, 0.0111884968355, 0.0155795738101, 0.0145906629041, 0.00374935590662, 0.00434458535165, 0.00253818160854, 0.00136084575206, 0.00218461593613, 0.000734975037631, 0.000462260824861, 0.00038014902384, 0.000200000606128, 0.000295457983157, 0.000163387652719, 0.000107454834506, 0.0001689074561, 0.000125277758343, 5.23302878719e-05, 8.08121185401e-05, 5.86364621995e-05, 5.98987171543e-05, 8.30421995488e-05, 0.000145472353324, 0.000149549901835, 8.75945770531e-05, 0.000128143103211, 8.27367039165e-05, 4.27548147854e-05, 3.63494327758e-05, 2.65179187409e-05, 4.77739340567e-05, 3.38689787895e-05, 1.46514257722e-05],
        "mean": [0.000386196770705, 0.00137540150899, 0.00122686929535, 0.000650121830404, 0.000455337256426, 0.000427166232839, 0.00043634645408, 0.000329391361447, 0.000324864435242, 0.000273306417512, 0.000101156590972, 6.77309653838e-05, 3.64174156857e-05, 4.4148084271e-05, 3.25157343468e-05, 1.56280148076e-05, 1.23965091916e-05, 1.14645736176e-05, 9.93072353594e-06, 8.66974005476e-06, 4.86309545522e-06, 4.41112433691e-06, 3.15051170219e-06, 2.05784226637e-06, 1.95926622837e-06, 2.10121356758e-06, 1.76899345661e-06, 1.45437059018e-06, 1.23843790334e-06, 9.97008214654e-07, 8.77597244653e-07, 8.91319871243e-07, 7.34177262984e-07, 5.50056029169e-07, 4.09269944157e-07, 3.01222911503e-07, 2.49568643085e-07, 2.86264594251e-07, 2.72171149618e-07, 1.83256588571e-07],
        "median": [0.000142452103319, 0.000809212622698, 0.000688449596055, 0.000390904344385, 0.000203285788302, 0.000113847403554, 9.31484755711e-05, 5.36928018846e-05, 4.58690774394e-05, 3.30939546984e-05, 1.33379144245e-05, 8.11633253761e-06, 6.88861064191e-06, 5.18900833413e-06, 4.83371422888e-06, 2.84907059722e-06, 2.4407456749e-06, 2.82952896669e-06, 2.81999996332e-06, 2.18962236431e-06, 1.50680511979e-06, 1.14105398552e-06, 8.5353593704e-07, 5.4617078149e-07, 4.26383053309e-07, 4.51878179319e-07, 3.6943873738e-07, 3.27288177004e-07, 2.25656023645e-07, 1.35118128242e-07, 1.22513128531e-07, 1.35299117687e-07, 7.87488190213e-08, 5.4835865626e-08, 4.56538842286e-08, 3.476846544e-08, 2.81210201791e-08, 2.29708589927e-08, 1.7721752954e-08, 1.3750425687e-08],
        "min": [1.6613682821e-24, 2.87674497953e-24, 1.55214102344e-24, 3.90610630335e-24, 5.69694440937e-24, 6.46785517912e-24, 9.37339594827e-24, 1.58771652034e-23, 1.10994780403e-23, 7.8369915166e-24, 4.16561156446e-24, 4.6869125443e-24, 4.71025691064e-24, 3.51335967434e-24, 5.92824986526e-24, 1.05649032924e-23, 9.41551086542e-24, 5.20448694523e-24, 7.55135208257e-24, 5.82676922069e-24, 1.11355976146e-23, 9.93285215795e-24, 5.71568774447e-24, 1.05753967202e-23, 1.44244415588e-23, 1.27929210124e-23, 8.04894739778e-24, 6.59731987544e-24, 7.9587727077e-24, 9.96285490476e-24, 1.06791043191e-23, 9.29476229324e-24, 8.90580022442e-24, 8.62561418583e-24, 6.79397303835e-24, 8.05188432693e-24, 6.41664114586e-24, 7.06241924895e-24, 7.81527812018e-24, 7.01952020407e-24],
        "var": [6.43106261577e-07, 2.86108524961e-06, 3.74037745132e-06, 6.40099017346e-07, 9.07570438358e-07, 1.42971214245e-06, 1.43189186019e-06, 8.13836152247e-07, 9.58133682616e-07, 7.89076864294e-07, 1.01079749015e-07, 6.14283166556e-08, 1.1328017635e-08, 2.02963121865e-08, 1.89328037692e-08, 2.12781126052e-09, 1.10529074782e-09, 8.34137092731e-10, 3.27800397937e-10, 4.4405715216e-10, 1.09845424423e-10, 8.29257287838e-11, 5.28266215494e-11, 2.67767006484e-11, 1.52472288267e-11, 2.01215693413e-11, 1.57483453361e-11, 1.03611294891e-11, 1.09124992029e-11, 2.59156879984e-11, 2.52634545228e-11, 1.41092389508e-11, 2.40188251233e-11, 1.16420267524e-11, 3.43898694244e-12, 1.62551948898e-12, 1.14911465759e-12, 2.84840185293e-12, 1.86195741984e-12, 6.00096415702e-13]
    },
    "mfcc": {
        "mean": [-726.539001465, 166.733016968, 13.8811368942, 27.7646980286, 4.76365613937, 3.5079665184, -4.69953584671, -0.961737036705, 0.810047328472, -0.0519948750734, -3.68036985397, -4.12518930435, -0.852286756039],
        "cov": [[7630.85449219, -1502.24255371, -339.812530518, -375.498626709, -688.31036377, -89.8221817017, -47.2497711182, -128.278747559, -14.4285230637, 269.369537354, 117.715270996, 159.365966797, -106.343383789], [-1502.24255371, 1498.70007324, -324.529571533, -19.6848297119, -13.9637985229, -77.6952896118, 0.266036510468, 24.6436672211, -10.9883403778, 6.6152305603, -21.9778556824, -51.1302032471, 18.5440654755], [-339.812530518, -324.529571533, 473.580108643, -6.03918027878, 96.6042022705, 21.8720474243, 6.01142644882, -4.66591024399, 29.2618293762, -34.2076873779, 5.72263479233, 14.6099491119, 7.5537109375], [-375.498626709, -19.6848297119, -6.03918027878, 254.77482605, 120.460479736, 47.9434318542, -18.6363639832, 18.2413311005, -15.7477865219, -17.537273407, -16.8362674713, -37.094909668, 17.4413967133], [-688.31036377, -13.9637985229, 96.6042022705, 120.460479736, 288.257537842, 87.3100585938, -11.5411043167, 5.86540746689, -6.35136938095, -24.1108360291, -8.95274066925, -45.4360923767, 13.6063432693], [-89.8221817017, -77.6952896118, 21.8720474243, 47.9434318542, 87.3100585938, 171.429626465, 30.3714675903, 27.0736961365, 0.785045206547, -19.999786377, 6.55878019333, -18.924697876, 2.68526124954], [-47.2497711182, 0.266036510468, 6.01142644882, -18.6363639832, -11.5411043167, 30.3714675903, 133.665054321, 50.7235946655, -2.06569814682, -14.9166269302, 7.75977325439, 1.88072407246, -9.84118461609], [-128.278747559, 24.6436672211, -4.66591024399, 18.2413311005, 5.86540746689, 27.0736961365, 50.7235946655, 101.782905579, 21.9867477417, -10.9744825363, 5.27047014236, -17.3904857635, -5.79190778732], [-14.4285230637, -10.9883403778, 29.2618293762, -15.7477865219, -6.35136938095, 0.785045206547, -2.06569814682, 21.9867477417, 89.735244751, 14.3596658707, 1.31582403183, 6.95908164978, -6.46732759476], [269.369537354, 6.6152305603, -34.2076873779, -17.537273407, -24.1108360291, -19.999786377, -14.9166269302, -10.9744825363, 14.3596658707, 84.679397583, 23.1872615814, 7.34116649628, -10.5301036835], [117.715270996, -21.9778556824, 5.72263479233, -16.8362674713, -8.95274066925, 6.55878019333, 7.75977325439, 5.27047014236, 1.31582403183, 23.1872615814, 73.0039825439, 24.8711147308, -9.55727767944], [159.365966797, -51.1302032471, 14.6099491119, -37.094909668, -45.4360923767, -18.924697876, 1.88072407246, -17.3904857635, 6.95908164978, 7.34116649628, 24.8711147308, 88.7456130981, 13.9054193497], [-106.343383789, 18.5440654755, 7.5537109375, 17.4413967133, 13.6063432693, 2.68526124954, -9.84118461609, -5.79190778732, -6.46732759476, -10.5301036835, -9.55727767944, 13.9054193497, 66.7521896362]],
