{
"lowlevel": {
    "average_loudness": 0.769446969032,
    "barkbands_crest": {
        "dmean": 3.45462274551,
        "dmean2": 6.00218629837,
        "dvar": 6.56255292892,
        "dvar2": 18.3027038574,
        "max": 23.3221340179,
        "mean": 13.6676940918,
        "median": 13.8728084564,
        "min": 4.59058332443,
        "var": 15.2807512283
    },
    "barkbands_flatness_db": {
        "dmean": 0.031203860417,
        "dmean2": 0.05507138744,
        "dvar": 0.000537271145731,
        "dvar2": 0.00157433387358,
        "max": 0.392382889986,
        "mean": 0.283436238766,
        "median": 0.284410744905,
        "min": 0.072898581624,
        "var": 0.00193733000197
    },
    "barkbands_kurtosis": {
        "dmean": 6.2213845253,
        "dmean2": 10.7774000168,
        "dvar": 49.704158783,
        "dvar2": 143.863876343,
        "max": 79.3275146484,
        "mean": 9.9669752121,
        "median": 7.08766937256,
        "min": -1.52096474171,
        "var": 98.9854278564
    },
    "barkbands_skewness": {
        "dmean": 0.821491360664,
        "dmean2": 1.398650527,
        "dvar": 0.482468605042,
        "dvar2": 1.39217984676,
        "max": 3.36077952385,
        "mean": -1.29963076115,
        "median": -1.37030243874,
        "min": -6.23851156235,
        "var": 2.61070036888
    },
    "barkbands_spread": {
        "dmean": 1.78715980053,
        "dmean2": 3.04324150085,
        "dvar": 4.32725191116,
        "dvar2": 10.7087879181,
        "max": 27.5632419586,
        "mean": 4.47193717957,
        "median": 3.29094815254,
        "min": 0.525192081928,
        "var": 12.9638252258
    },
    "dissonance": {
        "dmean": 0.0166394002736,
        "dmean2": 0.0289282500744,
        "dvar": 0.000490392616484,
        "dvar2": 0.00123335339595,
        "max": 0.500000119209,
        "mean": 0.479155749083,
        "median": 0.486047178507,
        "min": 0.0639190301299,
        "var": 0.000544208625797
    },
    "dynamic_complexity": 2.12552213669,
    "erbbands_crest": {
        "dmean": 4.0856552124,
        "dmean2": 7.13830947876,
        "dvar": 9.35476303101,
        "dvar2": 26.3180618286,
        "max": 27.1735420227,
        "mean": 16.6847801208,
        "median": 17.1697978973,
        "min": 3.15106368065,
        "var": 21.3265037537
    },
    "erbbands_flatness_db": {
        "dmean": 0.0306410696357,
        "dmean2": 0.0539713762701,
        "dvar": 0.000514594779816,
        "dvar2": 0.00151971564628,
        "max": 0.504578948021,
        "mean": 0.39668443799,
        "median": 0.397285789251,
        "min": 0.0974320173264,
        "var": 0.00215284596197
    },
    "erbbands_kurtosis": {
        "dmean": 3.38645529747,
        "dmean2": 5.83452987671,
        "dvar": 9.02908420563,
        "dvar2": 25.0246009827,
        "max": 27.636423111,
        "mean": 6.06358337402,
        "median": 5.51733970642,
        "min": -1.64723467827,
        "var": 21.6015663147
    },
    "erbbands_skewness": {
        "dmean": 0.509748220444,
        "dmean2": 0.848127603531,
        "dvar": 0.169959917665,
        "dvar2": 0.408427208662,
        "max": 3.53770422935,
        "mean": -0.313845306635,
        "median": -0.462165266275,
        "min": -3.22274780273,
        "var": 1.20675444603
    },
    "erbbands_spread": {
        "dmean": 2.28344774246,
        "dmean2": 3.88046097755,
        "dvar": 9.9151134491,
        "dvar2": 24.3168010712,
        "max": 36.7785835266,
        "mean": 5.83423566818,
        "median": 3.40542840958,
        "min": 0.735173285007,
        "var": 30.875869751
    },
    "hfc": {
        "dmean": 12.1949214935,
        "dmean2": 19.6035079956,
        "dvar": 469.079437256,
        "dvar2": 950.949829102,
        "max": 424.691680908,
        "mean": 23.6927566528,
        "median": 15.0387840271,
        "min": 1.17440734325e-16,
        "var": 1025.12609863
    },
    "melbands_crest": {
        "dmean": 4.35565757751,
        "dmean2": 7.50969076157,
        "dvar": 10.8658056259,
        "dvar2": 28.1643466949,
        "max": 28.8463287354,
        "mean": 14.9250593185,
        "median": 14.5231189728,
        "min": 2.55661129951,
        "var": 21.8428497314
    },
    "melbands_flatness_db": {
        "dmean": 0.0301575195044,
        "dmean2": 0.0520993992686,
        "dvar": 0.000512011989485,
        "dvar2": 0.00141268200241,
        "max": 0.39832419157,
        "mean": 0.278526574373,
        "median": 0.289747327566,
        "min": 0.00686001637951,
        "var": 0.00359169580042
    },
    "melbands_kurtosis": {
        "dmean": 3.48845028877,
        "dmean2": 6.03770685196,
        "dvar": 12.2101221085,
        "dvar2": 33.4960746765,
        "max": 40.731338501,
        "mean": 5.26423215866,
        "median": 4.10927200317,
        "min": -1.48317611217,
        "var": 22.6548023224
    },
    "melbands_skewness": {
        "dmean": 0.636309087276,
        "dmean2": 1.0809687376,
        "dvar": 0.233022511005,
        "dvar2": 0.632558584213,
        "max": 3.6317293644,
        "mean": -0.842497825623,
        "median": -1.02632391453,
        "min": -4.28143787384,
        "var": 1.69219660759
    },
    "melbands_spread": {
        "dmean": 3.7152338028,
        "dmean2": 6.19066238403,
        "dvar": 34.7998390198,
        "dvar2": 66.710105896,
        "max": 140.93309021,
        "mean": 9.90336036682,
        "median": 7.2163105011,
        "min": 1.64530098438,
        "var": 88.4463653564
    },
    "pitch_salience": {
        "dmean": 0.0689418539405,
        "dmean2": 0.115033648908,
        "dvar": 0.00293859653175,
        "dvar2": 0.00787883345038,
        "max": 0.982170343399,
        "mean": 0.683059453964,
        "median": 0.689631998539,
        "min": 0.304361313581,
        "var": 0.00560348993167
    },
    "silence_rate_20dB": {
        "dmean": 0,
        "dmean2": 0,
        "dvar": 0,
        "dvar2": 0,
        "max": 1,
        "mean": 1,
        "median": 1,
        "min": 1,
        "var": 0
    },
    "silence_rate_30dB": {
        "dmean": 0,
        "dmean2": 0,
        "dvar": 0,
        "dvar2": 0,
        "max": 1,
        "mean": 1,
        "median": 1,
        "min": 1,
        "var": 0
    },
    "silence_rate_60dB": {
        "dmean": 0.00103092787322,
        "dmean2": 0.00154718931299,
        "dvar": 0.00102987512946,
        "dvar2": 0.00154478580225,
        "max": 1,
        "mean": 0.00154559500515,
        "median": 0,
        "min": 0,
        "var": 0.00154320150614
    },
    "spectral_centroid": {
        "dmean": 154.267608643,
        "dmean2": 235.199142456,
        "dvar": 112825.65625,
        "dvar2": 162760.125,
        "max": 11029.2880859,
        "mean": 1569.08398438,
        "median": 1358.59423828,
        "min": 885.944335938,
        "var": 326559.59375
    },
    "spectral_complexity": {
        "dmean": 2.73969078064,
        "dmean2": 4.33780288696,
        "dvar": 8.84716892242,
        "dvar2": 17.6015205383,
        "max": 52,
        "mean": 15.9325094223,
        "median": 13,
        "min": 0,
        "var": 51.6618118286
    },
    "spectral_decrease": {
        "dmean": 1.61329272164e-09,
        "dmean2": 2.70624722631e-09,
        "dvar": 2.56583216246e-18,
        "dvar2": 5.98220575875e-18,
        "max": -8.76916107467e-29,
        "mean": -3.54651774614e-09,
        "median": -2.59515453571e-09,
        "min": -2.34107311314e-08,
        "var": 8.30703740218e-18
    },
    "spectral_energy": {
        "dmean": 0.00717196008191,
        "dmean2": 0.0119371321052,
        "dvar": 5.57273342565e-05,
        "dvar2": 0.000128940402647,
        "max": 0.109242878854,
        "mean": 0.0155343720689,
        "median": 0.0112010501325,
        "min": 1.09831805811e-20,
        "var": 0.000170828701812
    },
    "spectral_energyband_high": {
        "dmean": 0.000551927136257,
        "dmean2": 0.000748430844396,
        "dvar": 9.00385839486e-06,
        "dvar2": 1.60423696798e-05,
        "max": 0.0665997266769,
        "mean": 0.000714352645446,
        "median": 3.63334083886e-06,
        "min": 8.38531646976e-21,
        "var": 1.78068876266e-05
    },
    "spectral_energyband_low": {
        "dmean": 1.1617353266e-05,
        "dmean2": 1.91547933355e-05,
        "dvar": 2.35247932245e-10,
        "dvar2": 5.9183108414e-10,
        "max": 0.000180282106157,
        "mean": 1.48904691741e-05,
        "median": 8.818184142e-06,
        "min": 1.32074159843e-22,
        "var": 3.44934775187e-10
    },
    "spectral_energyband_middle_high": {
        "dmean": 0.0064613847062,
        "dmean2": 0.0111195230857,
        "dvar": 3.93197478843e-05,
        "dvar2": 9.80561744655e-05,
        "max": 0.0955433622003,
        "mean": 0.0130814546719,
        "median": 0.0101455822587,
        "min": 1.51490364273e-21,
        "var": 9.6764342743e-05
    },
    "spectral_energyband_middle_low": {
        "dmean": 0.000874662189744,
        "dmean2": 0.00128732412122,
        "dvar": 6.37977291262e-06,
        "dvar2": 1.22551036839e-05,
        "max": 0.0576275326312,
        "mean": 0.0017956381198,
        "median": 0.000614068936557,
        "min": 2.61271968743e-22,
        "var": 1.66476565937e-05
    },
    "spectral_entropy": {
        "dmean": 0.180264309049,
        "dmean2": 0.305037021637,
        "dvar": 0.0192670635879,
        "dvar2": 0.0513120889664,
        "max": 9.8203868866,
        "mean": 6.88058280945,
        "median": 6.77849388123,
        "min": 6.05041599274,
        "var": 0.201705098152
    },
    "spectral_flux": {
        "dmean": 0.0173958931118,
        "dmean2": 0.0278370287269,
        "dvar": 0.000277723913314,
        "dvar2": 0.000674753275234,
        "max": 0.273030251265,
        "mean": 0.0700768232346,
        "median": 0.0607510730624,
        "min": 1.04800668144e-10,
        "var": 0.00111199961975
    },
    "spectral_kurtosis": {
        "dmean": 9.7894115448,
        "dmean2": 17.2717113495,
        "dvar": 101.702423096,
        "dvar2": 316.945770264,
        "max": 98.7203598022,
        "mean": 23.0317306519,
        "median": 18.9560375214,
        "min": -1.21004128456,
        "var": 339.772583008
    },
    "spectral_rms": {
        "dmean": 0.000894889584742,
        "dmean2": 0.00151517591439,
        "dvar": 4.55624416418e-07,
        "dvar2": 1.1503461792e-06,
        "max": 0.0103236818686,
        "mean": 0.00364861427806,
        "median": 0.00330573040992,
        "min": 3.27342298233e-12,
        "var": 1.84312887086e-06
    },
    "spectral_rolloff": {
        "dmean": 220.967391968,
        "dmean2": 371.675872803,
        "dvar": 366314.71875,
        "dvar2": 616610.75,
        "max": 17571.09375,
        "mean": 1716.66357422,
        "median": 1464.2578125,
        "min": 947.4609375,
        "var": 680635.625
    },
    "spectral_skewness": {
        "dmean": 0.651438772678,
        "dmean2": 1.12411546707,
        "dvar": 0.328752249479,
        "dvar2": 1.00800776482,
        "max": 7.67493104935,
        "mean": 3.02702879906,
        "median": 3.1660797596,
        "min": -0.381813555956,
        "var": 2.58432245255
    },
    "spectral_spread": {
        "dmean": 296981.90625,
        "dmean2": 498643.3125,
        "dvar": 510671552512,
        "dvar2": 622401748992,
        "max": 41199352,
        "mean": 1682835.5,
        "median": 1546004.875,
        "min": 726937.4375,
        "var": 1.48131400909e+12
    },
    "spectral_strongpeak": {
        "dmean": 1.30066049099,
        "dmean2": 2.14591813087,
        "dvar": 1.34123075008,
        "dvar2": 3.53897762299,
        "max": 18.130607605,
        "mean": 2.79256534576,
        "median": 2.58522462845,
        "min": 4.31604352258e-09,
        "var": 2.23966884613
    },
    "zerocrossingrate": {
        "dmean": 0.00489061512053,
        "dmean2": 0.00562618859112,
        "dvar": 0.000194809254026,
        "dvar2": 0.000202616894967,
        "max": 0.50537109375,
        "mean": 0.0672738850117,
        "median": 0.06103515625,
        "min": 0.0107421875,
        "var": 0.000520502799191
    },
    "barkbands": {
        "dmean": [3.59265031875e-05, 1.64943458003e-06, 3.84645005624e-07, 3.51421533651e-07, 2.46207537202e-06, 2.62893408944e-05, 0.000149741012137, 0.000432168773841, 0.000422743934905, 0.000446870195447, 0.000739919196349, 0.00117552559823, 0.00433298200369, 0.000979592674412, 0.000221844791668, 0.000199519767193, 4.80455091747e-05, 0.000206859680475, 0.000299808831187, 0.000384180573747, 0.000301040359773, 0.000109522188723, 2.489896724e-05, 8.77314778336e-06, 3.2758372015e-08, 7.40081151918e-09, 5.09613962141e-10],
        "dmean2": [6.45953041385e-05, 2.79970822703e-06, 6.79736729126e-07, 6.21030778802e-07, 4.11868586525e-06, 4.15945978602e-05, 0.000241341098445, 0.000653252063785, 0.000631303584669, 0.000659117242321, 0.00117848138325, 0.00187906704377, 0.00761233083904, 0.00178999814671, 0.000368828419596, 0.000320799445035, 7.89764744695e-05, 0.000335020944476, 0.000471409526654, 0.000560134532861, 0.000396039977204, 0.000166924422956, 3.97970834456e-05, 1.3943014892e-05, 5.5829758594e-08, 1.25586003819e-08, 9.29110344217e-10],
        "dvar": [2.52001597367e-09, 3.11360659477e-12, 1.66897176418e-13, 1.67354438684e-13, 6.2283539437e-11, 8.78015438133e-09, 2.52258928413e-07, 2.06159938898e-06, 1.8186071884e-06, 3.22466325997e-06, 5.97487678533e-06, 2.92023014481e-06, 1.44851492223e-05, 1.01559567156e-06, 3.35821681574e-07, 2.94525847266e-07, 2.605900562e-08, 5.04209140217e-07, 2.45927435572e-06, 6.12005123912e-06, 3.44825571119e-06, 3.83482216648e-07, 3.50349509404e-08, 1.91950966233e-09, 4.01655696753e-15, 1.03098404532e-15, 6.87479526465e-19],
        "dvar2": [7.33468707992e-09, 8.10273289437e-12, 4.65256143074e-13, 4.67726118253e-13, 1.56062815448e-10, 1.94806126785e-08, 6.0159760551e-07, 3.8757357288e-06, 3.6603571516e-06, 5.73396346226e-06, 1.47612427099e-05, 6.66684854878e-06, 3.88311782444e-05, 3.12664883495e-06, 8.91587092156e-07, 7.08209768163e-07, 6.76945290934e-08, 1.25979966015e-06, 5.84671624893e-06, 1.38901523314e-05, 5.8550194808e-06, 7.91506067799e-07, 8.53028865322e-08, 4.01147115525e-09, 1.14236902612e-14, 2.59546649852e-15, 1.80914905159e-18],
        "max": [0.000468720361823, 1.87884870684e-05, 5.19075729244e-06, 4.87335410071e-06, 0.000148117193021, 0.00164716818836, 0.011495821178, 0.0282221287489, 0.0310345571488, 0.0488534122705, 0.0360280573368, 0.0380825214088, 0.0546857826412, 0.0109428241849, 0.0153414690867, 0.0115557657555, 0.00264389906079, 0.0110049210489, 0.0440777540207, 0.0628040060401, 0.0592623874545, 0.014400168322, 0.00524789700285, 0.000725933699869, 1.49649451942e-06, 6.98575263414e-07, 2.13765716239e-08],
        "mean": [3.23139538523e-05, 2.19072944674e-06, 4.26002969789e-07, 4.00207113671e-07, 3.08769722324e-06, 3.37149031111e-05, 0.00025728388573, 0.000636176846456, 0.000738500908483, 0.000662456848659, 0.00106040074024, 0.00213351333514, 0.00648049265146, 0.00123519531917, 0.000329731032252, 0.000279749365291, 6.69826258672e-05, 0.000261092645815, 0.000350764923496, 0.000432545202784, 0.000364262348739, 0.000133173161885, 2.90004009003e-05, 1.08249096229e-05, 9.22645213564e-08, 9.63989066349e-09, 5.04216446373e-10],
        "median": [1.35141744977e-05, 1.5575777752e-06, 3.02060271906e-07, 2.73038295973e-07, 1.04497178199e-06, 9.22730396269e-06, 0.000125503458548, 4.74871339975e-05, 0.000318780454108, 0.000106102452264, 0.000338401994668, 0.00161098618992, 0.0054579093121, 0.000927785062231, 0.000162077893037, 9.11088573048e-05, 7.80608843343e-06, 1.22569563246e-05, 3.19660375681e-06, 2.29435136134e-06, 1.55899965648e-06, 9.18280022688e-07, 4.61545170083e-07, 2.32658976529e-07, 8.09714038041e-08, 6.91381440987e-09, 2.3376495184e-10],
        "min": [6.17733750814e-23, 4.98353852305e-23, 5.92078479563e-23, 6.262832202e-24, 4.67715977804e-23, 1.3253950258e-23, 2.50839939604e-23, 1.787978643e-23, 1.07178896121e-22, 8.85108435872e-23, 1.41753912291e-22, 1.01818239172e-22, 6.22057528989e-23, 1.5609157915e-22, 8.70167157891e-23, 1.61681649473e-22, 1.5728192608e-22, 1.4104851918e-22, 2.74337852984e-22, 3.71169834902e-22, 4.6629257612e-22, 5.72281453477e-22, 7.44348601918e-22, 8.61457313082e-22, 1.35249715e-21, 1.96899177072e-21, 2.45884485791e-21],
        "var": [2.56985832614e-09, 4.39908396169e-12, 1.69104652698e-13, 1.66403213908e-13, 7.40941266675e-11, 1.17438494485e-08, 3.41676980042e-07, 4.85595364808e-06, 3.74101068701e-06, 6.4044784267e-06, 8.06391108199e-06, 5.50769436813e-06, 2.28305034398e-05, 1.21547770959e-06, 4.15751856053e-07, 4.191893197e-07, 3.47528903433e-08, 6.42162774511e-07, 2.53751795753e-06, 7.83687846706e-06, 6.62401316731e-06, 6.5731524046e-07, 4.10258316208e-08, 2.87687917933e-09, 3.63486359271e-15, 7.9578935977e-16, 7.79354580499e-19]
    },
    "erbbands": {
        "dmean": [0.000183787036804, 0.000137051014462, 0.000377600401407, 0.000802710477728, 0.00155419274233, 0.00794640928507, 0.047857105732, 0.303101241589, 1.46243262291, 4.04583024979, 12.0179214478, 8.70564174652, 8.73802947998, 29.510892868, 27.0046215057, 49.476776123, 192.25189209, 84.1534500122, 18.0260047913, 10.9527025223, 6.37443065643, 3.60456824303, 12.5494060516, 7.78044700623, 20.8679122925, 16.2567367554, 16.1241436005, 8.54846572876, 4.30932617188, 2.48789286613, 0.418312430382, 0.30816668272, 0.0469540506601, 0.00157488090917, 0.000254684331594, 7.0214686275e-05, 1.49540055645e-05, 4.00568114856e-06, 5.29992712472e-06, 9.65017079579e-06],
        "dmean2": [0.000303293258185, 0.000239352521021, 0.000664930907078, 0.00140963692684, 0.00270321918651, 0.0131810167804, 0.0785018503666, 0.47765365243, 2.28867149353, 6.34830188751, 17.6909866333, 12.8491210938, 13.3580007553, 44.8292427063, 41.0292701721, 82.1444778442, 339.977539062, 150.987625122, 31.6975822449, 17.2485179901, 10.1652202606, 5.71940565109, 20.3707561493, 12.0252161026, 32.8890800476, 23.3672924042, 23.0664482117, 12.1979513168, 6.54065847397, 3.76683545113, 0.663081765175, 0.494102865458, 0.0733958557248, 0.0025332106743, 0.000414882437326, 0.000113132475235, 2.34726121562e-05, 5.92800324739e-06, 8.47766750667e-06, 1.58078964887e-05],
        "dvar": [4.93818177461e-08, 1.85949708964e-08, 1.55876605845e-07, 9.28859151372e-07, 2.47332241088e-06, 0.000453632936114, 0.0236929170787, 1.0565097332, 15.2938632965, 217.947250366, 1952.07324219, 713.414794922, 1107.93652344, 13523.0888672, 3421.39697266, 5420.91308594, 27053.3945312, 4950.88964844, 1527.95471191, 628.861999512, 329.929840088, 113.040336609, 1935.5045166, 1138.76953125, 14804.703125, 9298.70898438, 13105.5126953, 2332.35473633, 574.503540039, 305.173278809, 8.58504390717, 2.55897378922, 0.0528408735991, 3.807457324e-05, 5.15091244324e-07, 4.8899401861e-08, 6.79764422529e-09, 2.24512269886e-10, 8.25347290512e-11, 1.42635250833e-10],
        "dvar2": [1.19623550177e-07, 5.26256691558e-08, 4.33353136486e-07, 2.65609469352e-06, 6.75035607856e-06, 0.00108972692396, 0.0597487352788, 2.32660508156, 38.1682243347, 487.113098145, 3534.83935547, 1589.71142578, 2153.25415039, 27385.5332031, 7444.65625, 11967.2998047, 72991.40625, 14850.5400391, 4106.65478516, 1515.21337891, 798.517822266, 276.95324707, 4936.60205078, 2655.15380859, 37443.4804688, 19913.0585938, 25743.078125, 4601.88720703, 1199.75195312, 653.050354004, 18.1723918915, 5.27825021744, 0.11275947094, 8.07069591247e-05, 1.2256765558e-06, 1.15668825629e-07, 1.59453570348e-08, 4.38647812517e-10, 1.64388336277e-10, 3.11183134816e-10],
        "max": [0.0026484024711, 0.001164854737, 0.0044720727019, 0.0128071242943, 0.0149755021557, 0.427881419659, 2.62444424629, 16.4591312408, 61.3346443176, 333.305541992, 1131.36889648, 612.772094727, 996.474853516, 3304.14697266, 959.035766602, 1975.17810059, 2042.70898438, 841.766113281, 718.479003906, 376.48739624, 367.098114014, 146.507583618, 648.567199707, 983.777893066, 2914.36010742, 1975.8494873, 3073.66918945, 1298.53015137, 619.652770996, 390.177520752, 69.3163146973, 26.0895633698, 3.70491504669, 0.101889170706, 0.0188170745969, 0.00491542229429, 0.00178487144876, 0.00032541321707, 0.000173327847733, 0.000212973463931],
        "mean": [0.000236818115809, 0.000184397285921, 0.000449432758614, 0.00103141262662, 0.00219405209646, 0.0104929432273, 0.0620378851891, 0.466970950365, 2.8652985096, 6.04521369934, 18.4605560303, 16.6152534485, 14.4751529694, 40.5994148254, 49.2232666016, 95.3378677368, 287.045959473, 121.777297974, 27.3499889374, 17.9381217957, 9.90699195862, 5.33725118637, 15.5072908401, 10.6864938736, 23.4388256073, 18.8845653534, 18.2432994843, 10.3479480743, 5.25965261459, 2.92485547066, 0.543038129807, 0.385798543692, 0.0594156645238, 0.00294053042307, 0.000611557858065, 0.000131703302031, 2.30625191762e-05, 6.8331055445e-06, 1.07496780402e-05, 2.03395193239e-05],
        "median": [0.00015041763254, 0.000144742123666, 0.000328077934682, 0.000771500286646, 0.00168869912159, 0.0039533469826, 0.0117067638785, 0.192856192589, 1.61235928535, 1.11365902424, 2.35630202293, 8.02049922943, 4.01912069321, 11.0860280991, 27.6897468567, 71.7367630005, 241.894119263, 102.511413574, 16.9357013702, 7.65788078308, 3.19200658798, 0.533428668976, 0.767741501331, 0.212332934141, 0.146806612611, 0.106679961085, 0.0750313401222, 0.0518627241254, 0.0357306078076, 0.0203836467117, 0.0121369343251, 0.00634532794356, 0.00332837528549, 0.00134353130125, 0.000466207595309, 9.96657763608e-05, 1.09153925223e-05, 2.78598531622e-06, 6.78411151966e-06, 1.40034007927e-05],
        "min": [1.35631377265e-21, 1.27152652798e-20, 6.1757226985e-20, 4.47326802936e-20, 1.05857572937e-19, 1.32405960546e-19, 1.53746819684e-19, 1.16554465823e-19, 3.84592507626e-19, 3.42003536976e-19, 4.38006299815e-19, 1.80123107197e-18, 3.8922971316e-18, 3.49501345033e-18, 5.59535985604e-18, 5.2099486981e-18, 3.11768653531e-18, 7.82020107984e-18, 4.01430916708e-18, 6.51246327298e-18, 9.86518594152e-18, 8.4178010221e-18, 8.76704825725e-18, 1.08025064798e-17, 1.45244263255e-17, 1.86982225321e-17, 1.43758861942e-17, 2.2164893466e-17, 2.01208292563e-17, 2.07309973808e-17, 1.97242772163e-17, 1.85828076756e-17, 1.45353351834e-17, 1.25256684524e-17, 1.1794221588e-17, 6.41182434376e-18, 4.29148994572e-18, 1.35932234082e-18, 3.87539597053e-19, 3.14341040479e-20],
        "var": [7.70863266553e-08, 2.07615187264e-08, 1.61593249004e-07, 8.97263817023e-07, 3.2625523545e-06, 0.000638760218862, 0.03148695454, 1.47007036209, 20.8488349915, 347.452880859, 4703.67578125, 1282.71069336, 2391.76928711, 20747.9023438, 6752.05664062, 11746.7441406, 43851.8164062, 6953.375, 1843.73156738, 1108.72412109, 475.786682129, 179.580810547, 2367.92578125, 1394.19714355, 14100.4912109, 13463.8525391, 19183.9453125, 4276.97705078, 1019.61437988, 427.695037842, 12.4470243454, 3.83811998367, 0.0785797312856, 5.79819534323e-05, 6.09543803876e-07, 5.24305399097e-08, 7.26105087168e-09, 4.01694760788e-10, 1.94126645314e-10, 3.86766951799e-10]
    },
    "gfcc": {
        "mean": [-150.062255859, 85.5188140869, -243.820800781, -39.1599006653, -63.3214988708, 22.0012722015, -7.88833665848, -12.5504779816, 3.05522847176, 11.8020648956, 19.5474529266, -10.333571434, -3.21973085403],
        "cov": [[3515.49707031, -856.378173828, -1036.84118652, 1103.26098633, -806.187194824, -756.639099121, 305.301361084, 47.2504615784, 90.3212585449, -208.307861328, 104.145278931, 16.8768825531, -46.2505531311], [-856.378173828, 615.456726074, 297.03604126, -567.19543457, 295.645355225, 183.548141479, -133.734130859, 37.7090148926, -16.6211166382, 64.6340713501, -21.4636383057, 26.6602954865, 44.3362579346], [-1036.84118652, 297.03604126, 427.911254883, -361.899505615, 237.763259888, 290.251159668, -101.713027954, -24.525226593, -32.7465744019, 85.288192749, -14.342499733, 1.59215128422, 11.7985601425], [1103.26098633, -567.19543457, -361.899505615, 758.008850098, -347.732299805, -289.655914307, 140.031234741, -28.1254043579, 16.4264450073, -88.1720352173, 26.5915241241, -20.0023994446, -26.6468219757], [-806.187194824, 295.645355225, 237.763259888, -347.732299805, 362.990600586, 239.161514282, -93.9798660278, -20.9101409912, -17.7944259644, 54.9281692505, -33.6289215088, -0.925878465176, 9.34058094025], [-756.639099121, 183.548141479, 290.251159668, -289.655914307, 239.161514282, 338.093688965, -48.6344528198, -35.5813713074, -8.79419517517, 58.7452011108, -29.7122325897, -20.8703536987, 10.3521461487], [305.301361084, -133.734130859, -101.713027954, 140.031234741, -93.9798660278, -48.6344528198, 144.810501099, 28.8380260468, 0.431662410498, -12.5526809692, -12.3163013458, -17.8758563995, -2.41124224663], [47.2504615784, 37.7090148926, -24.525226593, -28.1254043579, -20.9101409912, -35.5813713074, 28.8380260468, 96.7240982056, 14.0660161972, -15.4994659424, -7.83991622925, 2.93135213852, 3.90705513954], [90.3212585449, -16.6211166382, -32.7465744019, 16.4264450073, -17.7944259644, -8.79419517517, 0.431662410498, 14.0660161972, 56.8992462158, 3.08994722366, 4.92331933975, 7.15224695206, -3.12826108932], [-208.307861328, 64.6340713501, 85.288192749, -88.1720352173, 54.9281692505, 58.7452011108, -12.5526809692, -15.4994659424, 3.08994722366, 81.2322311401, 13.1340284348, -3.46117067337, 4.88384485245], [104.145278931, -21.4636383057, -14.342499733, 26.5915241241, -33.6289215088, -29.7122325897, -12.3163013458, -7.83991622925, 4.92331933975, 13.1340284348, 75.8182983398, 26.9999408722, -3.37355518341], [16.8768825531, 26.6602954865, 1.59215128422, -20.0023994446, -0.925878465176, -20.8703536987, -17.8758563995, 2.93135213852, 7.15224695206, -3.46117067337, 26.9999408722, 66.3119049072, 18.6830673218], [-46.2505531311, 44.3362579346, 11.7985601425, -26.6468219757, 9.34058094025, 10.3521461487, -2.41124224663, 3.90705513954, -3.12826108932, 4.88384485245, -3.37355518341, 18.6830673218, 47.1562004089]],
        "icov": [[0.00148812949192, -0.000770059239585, 0.00300461496226, -0.000750217353925, 0.00151579186786, -0.000728681508917, -0.000455321714981, 0.000241756759351, -0.000127199935378, -1.72294112417e-05, -0.000802061229479, -0.000657366006635, 0.00102069205604], [-0.000770059239585, 0.00789628643543, -0.00421527354047, 0.00483154319227, -0.00344506255351, 0.00425791321322, 0.000981582445092, -0.00138125091325, -0.000962811987847, 0.00100621616002, -7.39490424166e-05, 0.00190883339383, -0.00541185820475], [0.00300461496226, -0.00421527354047, 0.0163694601506, -0.00242211087607, 0.00529228942469, -0.00991672277451, 0.00301343086176, -0.00164657353889, 0.00587965687737, -0.00580617692322, 5.388379941e-05, -0.00495562562719, 0.00582362990826], [-0.000750217353925, 0.00483154319227, -0.00242211087607, 0.00643493048847, -0.000839575892314, 0.00367808481678, -0.00115801673383, 0.0018276385963, -0.00133827934042, 0.00227002426982, -0.000545098562725, 0.00238581816666, -0.00319609697908], [0.00151579186786, -0.00344506255351, 0.00529228942469, -0.000839575892314, 0.00999296177179, -0.0063988934271, 0.00208527850918, 0.000222206319449, 0.0025225749705, -0.00242982828058, 0.00209485320374, -0.00315511180088, 0.00425964267924], [-0.000728681508917, 0.00425791321322, -0.00991672277451, 0.00367808481678, -0.0063988934271, 0.0146285891533, -0.00417061476037, 0.00402842694893, -0.0062860660255, 0.0040373406373, -0.00102244422305, 0.00601197779179, -0.00593955302611], [-0.000455321714981, 0.000981582445092, 0.00301343086176, -0.00115801673383, 0.00208527850918, -0.00417061476037, 0.0129451779649, -0.00577537482604, 0.00441418588161, -0.00457434635609, 0.00328173302114, -0.000284134905087, -2.09024565265e-05], [0.000241756759351, -0.00138125091325, -0.00164657353889, 0.0018276385963, 0.000222206319449, 0.00402842694893, -0.00577537482604, 0.0157349295914, -0.00588721595705, 0.00487526040524, -0.000319954036968, 0.00141149724368, -0.00102446496021], [-0.000127199935378, -0.000962811987847, 0.00587965687737, -0.00133827934042, 0.0025225749705, -0.0062860660255, 0.00441418588161, -0.00588721595705, 0.0236638393253, -0.00656001316383, 0.00210015871562, -0.00572469411418, 0.00481450883672], [-1.72294112417e-05, 0.00100621616002, -0.00580617692322, 0.00227002426982, -0.00242982828058, 0.0040373406373, -0.00457434635609, 0.00487526040524, -0.00656001316383, 0.0208963640034, -0.00693353498355, 0.00619105203077, -0.0048185964115], [-0.000802061229479, -7.39490424166e-05, 5.388379941e-05, -0.000545098562725, 0.00209485320374, -0.00102244422305, 0.00328173302114, -0.000319954036968, 0.00210015871562, -0.00693353498355, 0.0201944839209, -0.00956080947071, 0.00505526410416], [-0.000657366006635, 0.00190883339383, -0.00495562562719, 0.00238581816666, -0.00315511180088, 0.00601197779179, -0.000284134905087, 0.00141149724368, -0.00572469411418, 0.00619105203077, -0.00956080947071, 0.0253638625145, -0.0124316569418], [0.00102069205604, -0.00541185820475, 0.00582362990826, -0.00319609697908, 0.00425964267924, -0.00593955302611, -2.09024565265e-05, -0.00102446496021, 0.00481450883672, -0.0048185964115, 0.00505526410416, -0.0124316569418, 0.0306817479432]]
    },
    "melbands": {
        "dmean": [2.38864527091e-06, 1.74547054144e-07, 1.43771757166e-07, 2.34165042912e-07, 1.36127698624e-06, 7.13570580047e-06, 2.47316984314e-05, 5.25707328052e-05, 0.000106828883872, 5.18622546224e-05, 4.28117891715e-05, 0.000114046153612, 8.57684135553e-05, 0.000128384301206, 0.000229259909247, 0.000511963968165, 0.000113138354209, 2.96431499009e-05, 1.69107042893e-05, 1.80830138561e-05, 5.21204447068e-06, 2.60451929535e-06, 1.05775870907e-05, 8.90181945579e-06, 5.34807168151e-06, 1.60203708219e-05, 1.57542453962e-05, 9.40342852118e-06, 1.14951708383e-05, 6.71834413879e-06, 4.39063751401e-06, 2.88622118205e-06, 1.61501156981e-06, 1.14163071885e-06, 1.95160893668e-07, 1.40064727816e-07, 2.26877560294e-07, 3.67553347758e-08, 5.45012202036e-10, 4.35141034316e-10],
        "dmean2": [3.92348010791e-06, 3.05672784862e-07, 2.51630098091e-07, 3.95135799636e-07, 2.2366500616e-06, 1.10550708996e-05, 3.8836580643e-05, 8.08707554825e-05, 0.000157314541866, 7.66635930631e-05, 6.63362807245e-05, 0.000172236526851, 0.000134663525387, 0.000200491485884, 0.000397508993046, 0.000905313820112, 0.000205593853025, 5.18849665241e-05, 2.7199390388e-05, 2.9005259421e-05, 8.37995594338e-06, 4.23515757575e-06, 1.72395702975e-05, 1.42307635542e-05, 8.33886042528e-06, 2.52408299275e-05, 2.56843923125e-05, 1.40405836646e-05, 1.70477669599e-05, 9.43194481806e-06, 6.46274429528e-06, 4.49292792837e-06, 2.39127302848e-06, 1.8159659021e-06, 3.11786180873e-07, 2.18680227704e-07, 3.64780078144e-07, 5.7189467384e-08, 9.37779076615e-10, 7.47324369055e-10],
        "dvar": [9.73101980939e-12, 3.08211470939e-14, 2.6407571808e-14, 2.00177412623e-13, 1.97485396092e-11, 4.99236596507e-10, 5.02020469639e-09, 3.30249463332e-08, 1.7474967251e-07, 2.26833414274e-08, 2.90258554969e-08, 2.03349827643e-07, 5.47218768077e-08, 4.94859584421e-08, 7.48782653659e-08, 1.86606811781e-07, 1.15561586966e-08, 5.04589392492e-09, 1.38308087205e-09, 2.37360420208e-09, 2.91146357023e-10, 6.96603469352e-11, 1.23345245129e-09, 1.03143638075e-09, 4.79652761953e-10, 8.693425535e-09, 1.46014622615e-08, 3.59371998826e-09, 7.32645766277e-09, 1.75423542359e-09, 6.53703757791e-10, 2.5673715931e-10, 1.30726721115e-10, 7.51707238122e-11, 1.93001734386e-12, 9.55945500709e-13, 1.32544832315e-12, 3.09331960003e-14, 4.9433600706e-19, 4.06009118414e-19],
        "dvar2": [2.41968372422e-11, 8.56569318513e-14, 7.51832000519e-14, 4.59641981594e-13, 4.98402256965e-11, 1.09612086074e-09, 1.25104353543e-08, 6.88469512511e-08, 3.17989673704e-07, 5.32526520658e-08, 5.751195431e-08, 4.02535363264e-07, 1.29709746943e-07, 1.10809502019e-07, 1.710354951e-07, 5.17269540978e-07, 3.5269692944e-08, 1.3280305744e-08, 3.33962413279e-09, 5.69298164166e-09, 7.20492498996e-10, 1.73572600737e-10, 3.10973291562e-09, 2.54408205613e-09, 1.08841224922e-09, 2.11262030092e-08, 3.85302598715e-08, 7.96306487416e-09, 1.50007686273e-08, 3.13497694471e-09, 1.45296641385e-09, 5.43507461259e-10, 2.85584084159e-10, 1.71637884461e-10, 4.09279121011e-12, 1.91383345803e-12, 2.78258384216e-12, 7.10550325175e-14, 1.41589363651e-18, 1.15881448412e-18],
        "max": [3.68472356058e-05, 2.02568253371e-06, 2.10538632928e-06, 9.16624503589e-06, 7.14007546776e-05, 0.000364311999874, 0.00142931262963, 0.00389981549233, 0.0112474588677, 0.00361933559179, 0.00507806055248, 0.0130670294166, 0.00335857504979, 0.00432624202222, 0.00667071249336, 0.00532491179183, 0.00126961315982, 0.00116847699974, 0.000972794892732, 0.00103654048871, 0.000291414849926, 0.000135154128657, 0.000506746175233, 0.000529172306415, 0.000571175594814, 0.00268806121312, 0.00358036416583, 0.0012038173154, 0.00197775312699, 0.00130091025494, 0.000640480488073, 0.000421568198362, 0.000289915478788, 0.000230238525546, 3.22321538988e-05, 2.65062571998e-05, 1.87498935702e-05, 3.01320915241e-06, 1.21348904258e-08, 1.28042456637e-08],
        "mean": [3.02149442177e-06, 2.24565127382e-07, 2.01998517468e-07, 3.28766560642e-07, 1.69639383785e-06, 1.158946543e-05, 4.52708409284e-05, 7.72319981479e-05, 0.000160835421411, 9.89795298665e-05, 6.58834105707e-05, 0.00015456424444, 0.000144146019011, 0.000221304886509, 0.000374869967345, 0.000714466150384, 0.000152023130795, 4.05930986744e-05, 2.628924085e-05, 2.48214200838e-05, 7.69387497712e-06, 3.60804551747e-06, 1.29015988932e-05, 1.12711968541e-05, 7.170889603e-06, 1.76702033059e-05, 1.70972798514e-05, 1.0887807548e-05, 1.24236767078e-05, 8.33687408885e-06, 4.83460962641e-06, 3.37500000569e-06, 1.87405225915e-06, 1.3230019249e-06, 2.50818771974e-07, 1.72787551378e-07, 2.76198250049e-07, 4.2875150541e-08, 1.50462597936e-09, 1.05299258202e-09],
        "median": [1.78085019797e-06, 1.74719701818e-07, 1.58957419671e-07, 1.84215508625e-07, 2.71948238151e-07, 5.23272319697e-06, 2.501122799e-05, 1.011369568e-05, 2.09248119063e-05, 5.00730529893e-05, 1.71722203959e-05, 4.02983932872e-05, 6.23951491434e-05, 0.000157111717272, 0.000295749603538, 0.000593006901909, 0.000121915370983, 2.24954346777e-05, 1.26754875964e-05, 8.69794985192e-06, 2.02793194148e-06, 4.30923165595e-07, 7.54312850404e-07, 4.2988625637e-07, 1.69743259448e-07, 1.24130991708e-07, 9.14601301361e-08, 6.95027821962e-08, 4.89060631992e-08, 4.19226964254e-08, 2.94940409873e-08, 2.23315836934e-08, 1.49069325772e-08, 1.03908943672e-08, 7.32925187208e-09, 4.70312411238e-09, 3.59128016214e-09, 2.43829334501e-09, 1.30700461565e-09, 9.21330678416e-10],
        "min": [1.56545171015e-23, 2.73722554099e-23, 9.39193575726e-24, 9.66489267452e-24, 5.3672758872e-24, 3.07279111397e-24, 5.16845690667e-24, 4.02991013382e-24, 4.27959131564e-24, 1.39684073804e-23, 1.94322441811e-23, 1.2782414174e-23, 1.63930534141e-23, 1.5614542364e-23, 1.06220412767e-23, 4.31174134183e-24, 1.70228768054e-23, 6.60572992155e-24, 6.62098767475e-24, 1.010569316e-23, 1.24088143824e-23, 8.98224715702e-24, 9.74753847612e-24, 5.4654074228e-24, 9.12817459158e-24, 1.03172451444e-23, 1.07713016485e-23, 1.31468813228e-23, 7.6804412811e-24, 1.18579212579e-23, 1.2304349477e-23, 1.03494748455e-23, 1.18655329767e-23, 1.19777192527e-23, 1.02048285211e-23, 1.36282332031e-23, 1.05087537509e-23, 9.29544386906e-24, 1.02815736431e-23, 1.08551315303e-23],
        "var": [1.45520158423e-11, 3.30746409807e-14, 2.75955405987e-14, 3.24663229244e-13, 2.57459817354e-11, 7.12250369794e-10, 6.55769305524e-09, 6.20290023789e-08, 4.05131828529e-07, 3.77215698677e-08, 6.018506582e-08, 3.19014930028e-07, 9.22346785615e-08, 8.57225614936e-08, 1.23371719951e-07, 2.77510707747e-07, 1.39235911689e-08, 5.9639568839e-09, 2.39554243109e-09, 3.33281469089e-09, 3.75900921501e-10, 1.00405274372e-10, 1.53172863282e-09, 1.32958000165e-09, 6.44180764287e-10, 8.26752266647e-09, 1.33103625899e-08, 4.90706453249e-09, 9.74596225944e-09, 3.32476157716e-09, 9.41310140945e-10, 4.42081399266e-10, 1.80601783528e-10, 9.39085476048e-11, 2.79533254183e-12, 1.24714138756e-12, 1.94025134501e-12, 4.2145137342e-14, 6.62170849949e-19, 4.43320728455e-19]
    },
    "mfcc": {
        "mean": [-757.831665039, 128.743515015, -110.3307724, -49.1643218994, -40.619972229, 17.7492313385, 0.417786061764, -5.88645792007, -11.1724233627, 11.3846492767, 17.7806797028, 19.5496883392, 7.34689235687],
        "cov": [[3928.72558594, -1667.35339355, -550.091308594, 1399.40405273, -1071.37768555, -421.588165283, -389.809082031, 271.098388672, -234.514556885, 161.807418823, -108.557991028, 42.7558860779, -253.413665771], [-1667.35339355, 1218.16345215, 145.121261597, -797.990600586, 528.096069336, 26.4727954865, 169.625183105, -125.385688782, 157.453018188, -155.842880249, 122.797195435, -21.5134048462, 116.299003601], [-550.091308594, 145.121261597, 226.012207031, -160.25112915, 94.940574646, 97.6461181641, 48.629989624, -33.4642601013, 0.533954024315, 6.00014638901, -15.3704299927, 20.3875408173, 34.3599624634], [1399.40405273, -797.990600586, -160.25112915, 694.992004395, -403.93371582, -119.710952759, -133.51776123, 80.6876983643, -102.855674744, 78.9278182983, -69.4053878784, -1.65060639381, -82.0222702026], [-1071.37768555, 528.096069336, 94.940574646, -403.93371582, 435.007080078, 126.612380981, 79.1583633423, -66.3502426147, 52.3484687805, -65.0494842529, 44.2908058167, -17.8144035339, 66.1799240112], [-421.588165283, 26.4727954865, 97.6461181641, -119.710952759, 126.612380981, 236.125778198, 65.90184021, -36.2028884888, 13.4702949524, 28.0238342285, -18.9882946014, 2.38382172585, 38.0165786743], [-389.809082031, 169.625183105, 48.629989624, -133.51776123, 79.1583633423, 65.90184021, 128.747879028, -16.7512569427, 42.8619689941, 5.39907741547, 4.71514320374, -5.0651102066, 27.5721073151], [271.098388672, -125.385688782, -33.4642601013, 80.6876983643, -66.3502426147, -36.2028884888, -16.7512569427, 105.668922424, 0.157267287374, 5.0587310791, -3.40367627144, -0.594585776329, -28.0301151276], [-234.514556885, 157.453018188, 0.533954024315, -102.855674744, 52.3484687805, 13.4702949524, 42.8619689941, 0.157267287374, 117.422721863, -2.43530011177, 9.70597648621, -8.21778297424, 9.96141338348], [161.807418823, -155.842880249, 6.00014638901, 78.9278182983, -65.0494842529, 28.0238342285, 5.39907741547, 5.0587310791, -2.43530011177, 92.8294219971, -12.1556348801, 2.59062981606, -6.62912225723], [-108.557991028, 122.797195435, -15.3704299927, -69.4053878784, 44.2908058167, -18.9882946014, 4.71514320374, -3.40367627144, 9.70597648621, -12.1556348801, 79.5583190918, 6.08946561813, 1.95144855976], [42.7558860779, -21.5134048462, 20.3875408173, -1.65060639381, -17.8144035339, 2.38382172585, -5.0651102066, -0.594585776329, -8.21778297424, 2.59062981606, 6.08946561813, 67.5893936157, 6.05194854736], [-253.413665771, 116.299003601, 34.3599624634, -82.0222702026, 66.1799240112, 38.0165786743, 27.5721073151, -28.0301151276, 9.96141338348, -6.62912225723, 1.95144855976, 6.05194854736, 75.7582550049]],
