{
"lowlevel": {
    "average_loudness": 0.946115612984,
    "barkbands_crest": {
        "dmean": 1.95124197006,
        "dmean2": 2.96096491814,
        "dvar": 4.77516651154,
        "dvar2": 11.1789493561,
        "max": 25.5087890625,
        "mean": 14.369474411,
        "median": 14.5018138885,
        "min": 2.70182347298,
        "var": 27.9216175079
    },
    "barkbands_flatness_db": {
        "dmean": 0.0314730145037,
        "dmean2": 0.044970292598,
        "dvar": 0.00105010042898,
        "dvar2": 0.00202526967041,
        "max": 0.466284573078,
        "mean": 0.223455056548,
        "median": 0.228288948536,
        "min": 0.0261557195336,
        "var": 0.00806869287044
    },
    "barkbands_kurtosis": {
        "dmean": 13.0508136749,
        "dmean2": 19.8322525024,
        "dvar": 416.221099854,
        "dvar2": 929.151306152,
        "max": 277.028411865,
        "mean": 32.9250984192,
        "median": 19.9705142975,
        "min": -1.94899749756,
        "var": 1412.66186523
    },
    "barkbands_skewness": {
        "dmean": 0.924627900124,
        "dmean2": 1.35941851139,
        "dvar": 1.10996687412,
        "dvar2": 2.35227751732,
        "max": 13.4215679169,
        "mean": 4.34943008423,
        "median": 4.0049700737,
        "min": -3.37646579742,
        "var": 6.4031791687
    },
    "barkbands_spread": {
        "dmean": 5.04254007339,
        "dmean2": 7.1973233223,
        "dvar": 48.279006958,
        "dvar2": 96.6474761963,
        "max": 134.016586304,
        "mean": 15.7720317841,
        "median": 8.45265007019,
        "min": 0.507219314575,
        "var": 304.041137695
    },
    "dissonance": {
        "dmean": 0.0192094463855,
        "dmean2": 0.031501788646,
        "dvar": 0.00037352470099,
        "dvar2": 0.00092292035697,
        "max": 0.499988853931,
        "mean": 0.459876984358,
        "median": 0.468623280525,
        "min": 0.222574070096,
        "var": 0.00110667862464
    },
    "dynamic_complexity": 3.02473020554,
    "erbbands_crest": {
        "dmean": 2.00794935226,
        "dmean2": 3.13688755035,
        "dvar": 4.13014888763,
        "dvar2": 9.85042285919,
        "max": 19.9612178802,
        "mean": 7.72282934189,
        "median": 7.04441690445,
        "min": 2.34786915779,
        "var": 11.1897001266
    },
    "erbbands_flatness_db": {
        "dmean": 0.018266716972,
        "dmean2": 0.0265587978065,
        "dvar": 0.000378006981919,
        "dvar2": 0.000796632375568,
        "max": 0.387120455503,
        "mean": 0.131445884705,
        "median": 0.123459905386,
        "min": 0.0369439311326,
        "var": 0.00196926109493
    },
    "erbbands_kurtosis": {
        "dmean": 1.65119326115,
        "dmean2": 2.49700021744,
        "dvar": 12.9749908447,
        "dvar2": 27.0768680573,
        "max": 65.1694335938,
        "mean": 1.80926072598,
        "median": 0.298864126205,
        "min": -1.87796151638,
        "var": 30.7780418396
    },
    "erbbands_skewness": {
        "dmean": 0.448184460402,
        "dmean2": 0.649736583233,
        "dvar": 0.243397727609,
        "dvar2": 0.467048078775,
        "max": 5.65059280396,
        "mean": 0.849403083324,
        "median": 0.792921245098,
        "min": -6.5055809021,
        "var": 1.2383505106
    },
    "erbbands_spread": {
        "dmean": 13.6681604385,
        "dmean2": 20.8818874359,
        "dvar": 234.287353516,
        "dvar2": 481.819976807,
        "max": 191.612747192,
        "mean": 60.7048339844,
        "median": 52.6206092834,
        "min": 2.68198418617,
        "var": 955.086120605
    },
    "hfc": {
        "dmean": 8.50073051453,
        "dmean2": 11.6120758057,
        "dvar": 190.897262573,
        "dvar2": 354.127441406,
        "max": 167.816955566,
        "mean": 23.772403717,
        "median": 15.7533798218,
        "min": 0.0738466233015,
        "var": 587.718994141
    },
    "melbands_crest": {
        "dmean": 2.70463776588,
        "dmean2": 4.12360811234,
        "dvar": 9.16760540009,
        "dvar2": 22.285161972,
        "max": 38.5383415222,
        "mean": 21.9209423065,
        "median": 21.6533679962,
        "min": 4.78495979309,
        "var": 67.5670852661
    },
    "melbands_flatness_db": {
        "dmean": 0.0351363755763,
        "dmean2": 0.0485978983343,
        "dvar": 0.00129186722916,
        "dvar2": 0.00235869456083,
        "max": 0.575938761234,
        "mean": 0.318955034018,
        "median": 0.329658120871,
        "min": 0.0523198619485,
        "var": 0.0119178155437
    },
    "melbands_kurtosis": {
        "dmean": 35.6728935242,
        "dmean2": 54.8950309753,
        "dvar": 5222.77978516,
        "dvar2": 11627.3691406,
        "max": 1259.37609863,
        "mean": 87.2891235352,
        "median": 51.1780509949,
        "min": -1.65492188931,
        "var": 15619.9091797
    },
    "melbands_skewness": {
        "dmean": 1.41705346107,
        "dmean2": 2.10669231415,
        "dvar": 3.5096848011,
        "dvar2": 7.62353897095,
        "max": 28.6751022339,
        "mean": 6.171459198,
        "median": 5.60392999649,
        "min": -1.68068099022,
        "var": 13.5211877823
    },
    "melbands_spread": {
        "dmean": 3.73581576347,
        "dmean2": 5.16110181808,
        "dvar": 69.3508911133,
        "dvar2": 154.033462524,
        "max": 218.958053589,
        "mean": 9.66830158234,
        "median": 4.354804039,
        "min": 0.276652961969,
        "var": 235.706375122
    },
    "pitch_salience": {
        "dmean": 0.0702502205968,
        "dmean2": 0.108300186694,
        "dvar": 0.00593040604144,
        "dvar2": 0.0147277144715,
        "max": 0.8410166502,
        "mean": 0.458276569843,
        "median": 0.472339004278,
        "min": 0.0555045679212,
        "var": 0.0315817259252
    },
    "silence_rate_20dB": {
        "dmean": 0,
        "dmean2": 0,
        "dvar": 0,
        "dvar2": 0,
        "max": 1,
        "mean": 1,
        "median": 1,
        "min": 1,
        "var": 0
    },
    "silence_rate_30dB": {
        "dmean": 0.0865979418159,
        "dmean2": 0.173285201192,
        "dvar": 0.0790984407067,
        "dvar2": 0.164919272065,
        "max": 1,
        "mean": 0.548171043396,
        "median": 1,
        "min": 0,
        "var": 0.247685790062
    },
    "silence_rate_60dB": {
        "dmean": 0.0170103088021,
        "dmean2": 0.0335224345326,
        "dvar": 0.0167214479297,
        "dvar2": 0.0365249924362,
        "max": 1,
        "mean": 0.0566718168557,
        "median": 0,
        "min": 0,
        "var": 0.0534604415298
    },
    "spectral_centroid": {
        "dmean": 204.133758545,
        "dmean2": 294.84197998,
        "dvar": 73631.8203125,
        "dvar2": 152649.71875,
        "max": 5970.21875,
        "mean": 795.000671387,
        "median": 586.847351074,
        "min": 164.755401611,
        "var": 364373.53125
    },
    "spectral_complexity": {
        "dmean": 3.68298959732,
        "dmean2": 5.07735967636,
        "dvar": 22.8319263458,
        "dvar2": 33.0708694458,
        "max": 55,
        "mean": 15.2715091705,
        "median": 12,
        "min": 0,
        "var": 118.827560425
    },
    "spectral_decrease": {
        "dmean": 4.14504697233e-09,
        "dmean2": 6.19932327695e-09,
        "dvar": 3.85708694805e-17,
        "dvar2": 8.72337328635e-17,
        "max": -5.84198271356e-12,
        "mean": -2.25120260211e-08,
        "median": -2.43822224633e-08,
        "min": -7.51405266897e-08,
        "var": 2.16539552512e-16
    },
    "spectral_energy": {
        "dmean": 0.0159235596657,
        "dmean2": 0.0237500295043,
        "dvar": 0.000559083768167,
        "dvar2": 0.00126051122788,
        "max": 0.286169409752,
        "mean": 0.0871217399836,
        "median": 0.0942793488503,
        "min": 3.63977706002e-05,
        "var": 0.00315005960874
    },
    "spectral_energyband_high": {
        "dmean": 0.0005836810451,
        "dmean2": 0.000794321065769,
        "dvar": 1.08891538275e-06,
        "dvar2": 1.97762233256e-06,
        "max": 0.0125580588356,
        "mean": 0.00116139336023,
        "median": 0.000520553730894,
        "min": 3.15511510962e-06,
        "var": 3.36252742272e-06
    },
    "spectral_energyband_low": {
        "dmean": 0.0141241243109,
        "dmean2": 0.021184194833,
        "dvar": 0.000555377744604,
        "dvar2": 0.00130358757451,
        "max": 0.270481258631,
        "mean": 0.0699234902859,
        "median": 0.0734574347734,
        "min": 4.29069260122e-08,
        "var": 0.00279235467315
    },
    "spectral_energyband_middle_high": {
        "dmean": 0.00161403708626,
        "dmean2": 0.00214280304499,
        "dvar": 1.31823871925e-05,
        "dvar2": 2.05345750146e-05,
        "max": 0.0421428270638,
        "mean": 0.0032204631716,
        "median": 0.00118826213293,
        "min": 2.35006268667e-06,
        "var": 3.05352295982e-05
    },
    "spectral_energyband_middle_low": {
        "dmean": 0.00584822846577,
        "dmean2": 0.00961167365313,
        "dvar": 0.000107287138235,
        "dvar2": 0.000276798644336,
        "max": 0.109843961895,
        "mean": 0.0142695717514,
        "median": 0.0107774380594,
        "min": 1.24750713439e-05,
        "var": 0.000175688459422
    },
    "spectral_entropy": {
        "dmean": 0.222140178084,
        "dmean2": 0.317969679832,
        "dvar": 0.0514802671969,
        "dvar2": 0.0993973836303,
        "max": 8.7624912262,
        "mean": 7.37724781036,
        "median": 7.42198610306,
        "min": 5.3317527771,
        "var": 0.338498026133
    },
    "spectral_flux": {
        "dmean": 0.0309992041439,
        "dmean2": 0.0468156188726,
        "dvar": 0.00178874796256,
        "dvar2": 0.00359163479879,
        "max": 0.414336770773,
        "mean": 0.0904589891434,
        "median": 0.0715379714966,
        "min": 0.00392940687016,
        "var": 0.00436705118045
    },
    "spectral_kurtosis": {
        "dmean": 1.52888631821,
        "dmean2": 2.2402176857,
        "dvar": 4.09503030777,
        "dvar2": 8.40082740784,
        "max": 35.1725921631,
        "mean": 4.60416460037,
        "median": 3.38744115829,
        "min": -1.78301167488,
        "var": 18.9041690826
    },
    "spectral_rms": {
        "dmean": 0.00086070568068,
        "dmean2": 0.00126040866598,
        "dvar": 1.41577731938e-06,
        "dvar2": 2.96731195704e-06,
        "max": 0.0167089700699,
        "mean": 0.00845362525433,
        "median": 0.00959061272442,
        "min": 0.000188441030332,
        "var": 1.35331119964e-05
    },
    "spectral_rolloff": {
        "dmean": 378.819641113,
        "dmean2": 632.763244629,
        "dvar": 1429350,
        "dvar2": 3318083.25,
        "max": 14491.8457031,
        "mean": 866.390136719,
        "median": 193.798828125,
        "min": 43.06640625,
        "var": 4496318.5
    },
    "spectral_skewness": {
        "dmean": 0.272525578737,
        "dmean2": 0.395824104548,
        "dvar": 0.0838003978133,
        "dvar2": 0.168571248651,
        "max": 4.9292640686,
        "mean": 1.91212284565,
        "median": 1.79716086388,
        "min": -0.319051682949,
        "var": 0.455739825964
    },
    "spectral_spread": {
        "dmean": 1178056.875,
        "dmean2": 1781970.625,
        "dvar": 1.82367708774e+12,
        "dvar2": 3.78666273997e+12,
        "max": 26100702,
        "mean": 7436823.5,
        "median": 6711311,
        "min": 1754624.875,
        "var": 1.03865154273e+13
    },
    "spectral_strongpeak": {
        "dmean": 0.175470978022,
        "dmean2": 0.280676305294,
        "dvar": 0.161170750856,
        "dvar2": 0.364830315113,
        "max": 5.5752453804,
        "mean": 0.610337257385,
        "median": 0.517903506756,
        "min": 0,
        "var": 0.230813100934
    },
    "zerocrossingrate": {
        "dmean": 0.0109739955515,
        "dmean2": 0.0126248029992,
        "dvar": 0.000170435072505,
        "dvar2": 0.000189336220501,
        "max": 0.33251953125,
        "mean": 0.047921244055,
        "median": 0.02880859375,
        "min": 0.00146484375,
        "var": 0.00253507844172
    },
    "barkbands": {
        "dmean": [0.00203179731034, 0.0111093660817, 0.00535534741357, 0.00255676242523, 0.00266640726477, 0.00118631031364, 0.000712084467523, 0.000368372478988, 0.000372713286197, 0.00035508009023, 0.000620058097411, 0.000207535995287, 0.000205628035474, 0.000261733512161, 0.000215744803427, 0.00011793707381, 0.000153512941324, 7.31460240786e-05, 6.36280601611e-05, 7.18338123988e-05, 6.81389064994e-05, 5.52990459255e-05, 0.000115400864161, 9.61126133916e-05, 0.000224346542382, 0.000113548507215, 7.54735310693e-06],
        "dmean2": [0.00287942076102, 0.0167968161404, 0.00841740239412, 0.00428693601862, 0.00443397695199, 0.00186717568431, 0.00119545904454, 0.000640616111923, 0.000620580511168, 0.000530677265488, 0.000942452345043, 0.000334992218995, 0.00033490601345, 0.000386955944123, 0.000331539777108, 0.000182250441867, 0.000239337692619, 0.000111018387543, 9.88682950265e-05, 0.000113319343654, 0.000108818945591, 8.20025452413e-05, 0.000160834169947, 0.000124782643979, 0.000346236396581, 0.000193426196347, 1.29686804939e-05],
        "dvar": [1.45736385093e-05, 0.000411897752201, 0.000201201284654, 3.01382533507e-05, 1.99583155336e-05, 2.8986239613e-06, 2.63851643467e-06, 7.08641209712e-07, 5.03609555835e-07, 4.53837714076e-07, 4.35896436102e-06, 1.35100989951e-07, 1.76177280764e-07, 3.01726089447e-07, 2.31785321603e-07, 6.13065154198e-08, 1.0056557187e-07, 2.18249009976e-08, 2.29415082487e-08, 2.11040642739e-08, 2.20125322414e-08, 1.51676324833e-08, 5.05460810984e-08, 5.94474229842e-08, 2.21834412173e-07, 1.2530918525e-07, 9.91308035658e-10],
        "dvar2": [3.16931909765e-05, 0.00109935319051, 0.00049284909619, 8.24216913315e-05, 5.29703102075e-05, 7.40156337997e-06, 7.16264867151e-06, 2.00488443625e-06, 1.24370455978e-06, 1.06518189114e-06, 7.80171467341e-06, 3.33028395971e-07, 4.23874183753e-07, 6.33675938388e-07, 5.49268349914e-07, 1.42790284485e-07, 2.08442827443e-07, 4.32690541174e-08, 5.36883604241e-08, 4.95196594841e-08, 5.25284740149e-08, 2.73042708443e-08, 8.56402380123e-08, 8.82788242507e-08, 4.90481511406e-07, 3.25795724621e-07, 2.68121791436e-09],
        "max": [0.068688608706, 0.221389651299, 0.166572988033, 0.0649692490697, 0.0463056080043, 0.031370010227, 0.0181671287864, 0.0112656736746, 0.00700189499184, 0.00764306541532, 0.0242434684187, 0.00372924376279, 0.00574575131759, 0.00626930221915, 0.00528899114579, 0.00260478327982, 0.00335117755458, 0.00156475149561, 0.00200585788116, 0.00124942325056, 0.00166117039043, 0.00191166810691, 0.00344681134447, 0.00390680972487, 0.00843405723572, 0.00417607650161, 0.000484756630613],
        "mean": [0.00952209718525, 0.0478922314942, 0.0111426757649, 0.00399104272947, 0.0053452225402, 0.00264348019846, 0.00107065611519, 0.000483652722323, 0.00055612315191, 0.000522109912708, 0.000758323760238, 0.000320759951137, 0.000297873921227, 0.000361812155461, 0.000299884093693, 0.00019566618721, 0.000295274978271, 0.000125736798509, 9.28979279706e-05, 0.000104534323327, 0.000105311686639, 9.44638159126e-05, 0.00015642096696, 0.000140888427268, 0.000481252529426, 0.000115362890938, 6.07376432527e-06],
        "median": [0.00189145538025, 0.0412073545158, 0.00288705341518, 0.00192173570395, 0.00343782268465, 0.00187764433213, 0.000595048186369, 0.000206318843993, 0.000242620386416, 0.000177465510205, 8.23536975076e-05, 8.60672516865e-05, 4.83224612253e-05, 6.05694076512e-05, 6.4708161517e-05, 4.45380210294e-05, 6.5765590989e-05, 3.14890166919e-05, 1.65382407431e-05, 1.7300249965e-05, 1.44903988257e-05, 1.28315832626e-05, 1.95720203919e-05, 2.16094285861e-05, 0.000229423472774, 2.2365093173e-05, 1.10764997174e-08],
        "min": [1.92526350418e-09, 9.92994309001e-09, 5.41599654014e-09, 2.03908534502e-08, 5.2548534768e-07, 1.17515321563e-06, 9.52562118073e-07, 5.51969918661e-08, 3.38792141008e-08, 1.44277576553e-08, 1.69463696409e-08, 2.36264785514e-08, 2.30514221045e-08, 2.07026378263e-08, 1.10571278356e-07, 7.10610095211e-08, 8.65969056463e-08, 5.90476645357e-08, 1.02730925988e-08, 1.35195978856e-08, 2.27644250117e-08, 5.32073869408e-08, 3.00186435709e-08, 3.66596475398e-10, 7.5829149182e-08, 2.90945705028e-11, 2.90011140103e-11],
        "var": [0.000164104407304, 0.00195179402363, 0.000416069437051, 3.52079623553e-05, 3.51747294189e-05, 7.65935146774e-06, 2.44658508564e-06, 6.43982332349e-07, 7.0948146913e-07, 8.15454825442e-07, 6.24728909315e-06, 2.83369047338e-07, 2.98179543279e-07, 5.39324560123e-07, 3.77593067924e-07, 1.28478021111e-07, 3.00503756989e-07, 5.16904172798e-08, 4.10494287451e-08, 3.80548037526e-08, 5.16716021082e-08, 5.14910247773e-08, 1.29047748487e-07, 1.53022483573e-07, 6.23162293323e-07, 1.20852746477e-07, 7.34068916763e-10]
    },
    "erbbands": {
        "dmean": [0.476928710938, 2.14281988144, 5.65466785431, 7.09017276764, 10.6629657745, 7.08386802673, 9.54170131683, 10.0338773727, 7.48574018478, 13.4503593445, 6.89152860641, 9.03203773499, 10.4499797821, 12.6099119186, 24.2072677612, 9.23795604706, 8.61317253113, 8.82849121094, 14.3712244034, 8.61671066284, 7.02376651764, 7.44120311737, 4.22768449783, 3.48891711235, 2.91938924789, 3.57842278481, 3.11014604568, 2.60500669479, 1.92374157906, 2.1670358181, 3.7787604332, 2.52426886559, 1.36562311649, 1.65865302086, 2.19056534767, 0.376576781273, 0.225660279393, 0.0674599185586, 0.00130518816877, 4.92586550536e-05],
        "dmean2": [0.699283897877, 3.17623233795, 8.58666419983, 11.3908147812, 17.8703250885, 11.9664735794, 15.3023395538, 15.7254009247, 11.9469509125, 22.9836959839, 11.5307168961, 15.2177476883, 15.3578491211, 18.7355594635, 36.7595863342, 14.3847789764, 13.7424087524, 13.4257154465, 20.0341320038, 13.2310628891, 10.6060018539, 11.709446907, 6.45330572128, 5.53085708618, 4.35377454758, 5.63395309448, 5.01873779297, 4.16628980637, 2.83279085159, 3.02575802803, 5.26286458969, 3.31199908257, 1.87436962128, 2.44140768051, 3.4410841465, 0.610527396202, 0.394018858671, 0.11541081965, 0.00224566366524, 7.97212487669e-05],
        "dvar": [0.746131777763, 20.9581565857, 226.604171753, 228.239059448, 384.895507812, 149.473510742, 189.008544922, 260.869659424, 131.003372192, 1615.32202148, 152.603637695, 322.554656982, 336.822174072, 1071.5, 6814.9140625, 327.435089111, 311.99822998, 256.831512451, 1253.18774414, 294.052429199, 181.401428223, 219.729827881, 73.2478179932, 71.4541549683, 40.8326721191, 54.013343811, 52.5025138855, 39.6435890198, 19.754940033, 17.4740276337, 58.9221420288, 41.7026786804, 10.8111801147, 10.4892511368, 23.9646911621, 0.753793358803, 0.555349349976, 0.07205850631, 2.61188433797e-05, 1.67616942548e-08],
        "dvar2": [2.01782441139, 52.4682579041, 539.394348145, 588.366821289, 989.115905762, 407.636993408, 481.85836792, 678.019592285, 326.274688721, 4338.34082031, 402.89743042, 825.968017578, 708.321411133, 2361.68017578, 11977.7578125, 712.793640137, 728.219909668, 592.160949707, 2589.80419922, 674.16027832, 376.884735107, 475.979278564, 146.235107422, 183.916305542, 78.6539077759, 123.380355835, 128.102630615, 97.3220901489, 34.6841011047, 29.2073726654, 103.323554993, 66.0890731812, 16.4552974701, 21.1380901337, 56.3251304626, 1.93460130692, 1.47110641003, 0.189222082496, 6.86326748109e-05, 4.35253539877e-08],
        "max": [12.4278612137, 58.0349693298, 158.350036621, 183.723373413, 274.228271484, 185.70135498, 193.487854004, 388.420379639, 126.049125671, 500.301300049, 180.938461304, 159.723999023, 212.326828003, 343.536010742, 989.398071289, 187.063186646, 260.66595459, 189.919189453, 365.784545898, 183.988464355, 136.149505615, 133.354003906, 91.0645370483, 101.073257446, 99.278213501, 66.2982025146, 83.7856216431, 84.4096984863, 64.7893981934, 65.3516311646, 120.522773743, 97.6035766602, 53.2075653076, 58.8864479065, 85.1950454712, 11.0633859634, 10.6526050568, 3.1113781929, 0.0631220638752, 0.00150517758448],
        "mean": [2.25622653961, 7.352663517, 12.1814537048, 14.0309019089, 19.6460571289, 12.7909612656, 18.2859687805, 22.7480278015, 15.5442256927, 15.6145734787, 11.043926239, 12.6445760727, 15.964015007, 16.9488239288, 32.0131187439, 14.5760774612, 13.5202445984, 14.529127121, 19.5254802704, 13.4685049057, 14.5487060547, 13.8622236252, 7.52694225311, 4.99113893509, 4.5697350502, 5.10828733444, 4.54503393173, 4.0259346962, 3.42793989182, 3.42067360878, 4.90150356293, 3.41768503189, 2.2124209404, 3.49592804909, 4.4384636879, 0.579949140549, 0.211577489972, 0.0610593259335, 0.0012447986519, 0.000135931564728],
        "median": [1.63908421993, 4.48133420944, 4.59355211258, 7.57562828064, 10.8159294128, 8.17170238495, 13.6304683685, 14.7508382797, 9.86929416656, 5.55970621109, 5.14638519287, 5.24601507187, 6.16319799423, 3.82649993896, 3.7795290947, 3.46091222763, 2.83743524551, 3.45041847229, 2.96921634674, 3.5608355999, 4.38254404068, 3.47666358948, 1.97405838966, 1.10704815388, 0.823038697243, 0.799174368382, 0.635400891304, 0.554454386234, 0.471324831247, 0.443874418736, 0.586380600929, 0.401407331228, 0.514783501625, 1.64011979103, 2.10827422142, 0.264066040516, 0.0237578619272, 0.00165914010722, 0.000116100658488, 0.000122267898405],
        "min": [2.43151617951e-07, 2.07072707781e-06, 9.09680147743e-06, 8.81062151166e-05, 0.000108181164251, 0.00172918918543, 0.00434304028749, 0.0117275137454, 0.0122327934951, 0.0121961850673, 0.00222383998334, 0.00110256182961, 0.00106373487506, 0.000944701314438, 0.000929996022023, 0.00116720830556, 0.00154384865891, 0.00173446862027, 0.00315502565354, 0.0107431253418, 0.0135795455426, 0.00777347479016, 0.00482587376609, 0.000889703806024, 0.000742657750379, 0.000711842265446, 0.000822024245281, 0.00101557699963, 0.00138856226113, 0.00231764721684, 0.00101532728877, 0.00095777399838, 0.00222199782729, 0.00147127371747, 0.000408413558034, 0.000227923330385, 1.83695428859e-05, 1.82849896646e-06, 3.21678868431e-07, 1.23833032717e-07],
        "var": [4.83853816986, 82.9965591431, 398.340179443, 339.378173828, 640.703308105, 218.332305908, 298.987579346, 889.084960938, 272.926300049, 1225.6829834, 237.219360352, 399.610076904, 621.589050293, 1473.30700684, 10268.3818359, 657.142272949, 576.288330078, 552.001342773, 2038.92272949, 565.609741211, 491.325469971, 521.762329102, 166.155029297, 107.571220398, 93.4716644287, 96.8763275146, 89.2668762207, 89.750793457, 69.9086837769, 60.3298187256, 131.862915039, 93.1435394287, 30.8976020813, 33.6656112671, 56.8741950989, 0.932101011276, 0.522526979446, 0.0642620399594, 2.31862559303e-05, 2.06685779602e-08]
    },
    "gfcc": {
        "mean": [-4.78926992416, 95.4685974121, -59.450428009, 30.1907730103, -46.6637382507, 24.9707126617, -52.1986694336, 20.8201465607, -27.3874187469, 9.5065574646, -16.1612071991, 3.18110537529, 0.375506043434],
        "cov": [[6343.10351562, -171.959762573, -948.294433594, 108.480064392, 15.6662406921, 644.217895508, 921.924316406, -163.306732178, 102.770172119, 32.7569503784, 26.5768299103, 34.1227493286, -400.252044678], [-171.959762573, 1590.44702148, 124.26651001, 87.1050033569, 507.103271484, 164.65486145, 246.7940979, 93.5947189331, 203.677841187, -84.7159881592, 225.705169678, -84.8430023193, 258.401092529], [-948.294433594, 124.26651001, 1280.29833984, -80.5298080444, 82.7731399536, -26.2423038483, -74.7135925293, 218.375274658, -109.952880859, 138.906555176, -65.2961654663, 32.1678276062, 77.7095870972], [108.480064392, 87.1050033569, -80.5298080444, 370.479034424, 73.6044540405, 25.2789020538, 87.321723938, -11.2866506577, 112.926879883, -1.00559902191, 65.771812439, -25.4762096405, 59.8459434509], [15.6662406921, 507.103271484, 82.7731399536, 73.6044540405, 655.376159668, 128.307769775, 54.3899040222, 183.488815308, 226.133560181, 65.9619064331, 104.948509216, 58.9863777161, 158.586456299], [644.217895508, 164.65486145, -26.2423038483, 25.2789020538, 128.307769775, 311.496765137, 165.757324219, 55.6324577332, 71.5765228271, 35.1602363586, 97.5481643677, 5.2921128273, 26.7101249695], [921.924316406, 246.7940979, -74.7135925293, 87.321723938, 54.3899040222, 165.757324219, 412.612976074, -16.8658409119, 59.6924819946, 30.8299503326, 87.7315826416, 3.08302259445, -8.3499584198], [-163.306732178, 93.5947189331, 218.375274658, -11.2866506577, 183.488815308, 55.6324577332, -16.8658409119, 204.290344238, 45.0715103149, 53.8096733093, 13.920665741, 38.743347168, 84.1718521118], [102.770172119, 203.677841187, -109.952880859, 112.926879883, 226.133560181, 71.5765228271, 59.6924819946, 45.0715103149, 219.408081055, -4.06714916229, 71.0546722412, 33.1523399353, 61.3025970459], [32.7569503784, -84.7159881592, 138.906555176, -1.00559902191, 65.9619064331, 35.1602363586, 30.8299503326, 53.8096733093, -4.06714916229, 134.808837891, 23.6973800659, 21.0755233765, 15.234705925], [26.5768299103, 225.705169678, -65.2961654663, 65.771812439, 104.948509216, 97.5481643677, 87.7315826416, 13.920665741, 71.0546722412, 23.6973800659, 129.879241943, 3.19714379311, 77.1045150757], [34.1227493286, -84.8430023193, 32.1678276062, -25.4762096405, 58.9863777161, 5.2921128273, 3.08302259445, 38.743347168, 33.1523399353, 21.0755233765, 3.19714379311, 80.6172866821, 15.7197971344], [-400.252044678, 258.401092529, 77.7095870972, 59.8459434509, 158.586456299, 26.7101249695, -8.3499584198, 84.1718521118, 61.3025970459, 15.234705925, 77.1045150757, 15.7197971344, 163.70552063]],
        "icov": [[0.000439638854004, -8.98929647519e-05, 0.000326601060806, -0.000228381933994, -0.000122361874674, -0.000759384653065, -0.000670967565384, -6.28954512649e-05, 0.000278355000773, -0.000218340021092, 0.000793416053057, -0.000568401708733, 0.000982763478532], [-8.98929647519e-05, 0.00244854018092, -0.000757310423069, 0.00123408634681, -0.00158336770255, 0.000806541822385, -0.00141811207868, 0.000404746358981, -0.000688209605869, 0.00309935258701, -0.00259940698743, 0.00429147109389, -0.00227301684208], [0.000326601060806, -0.000757310423069, 0.00162726570852, -0.000530257995706, 0.000353629759047, -0.000717282004189, -0.000133072258905, -0.00115388329141, 0.0010833205888, -0.00191591330804, 0.00220588943921, -0.00156499864534, 0.000660202582367], [-0.000228381933994, 0.00123408634681, -0.000530257995706, 0.0045897020027, -0.000264216738287, 0.00122571887914, -0.00111526169349, 0.000756699126214, -0.00293313106522, 0.00101845036261, -0.00165306567214, 0.00443313689902, -0.00296598416753], [-0.000122361874674, -0.00158336770255, 0.000353629759047, -0.000264216738287, 0.0045091426, -0.000489319034386, 0.00116320454981, -0.00168193189893, -0.00267110811546, -0.00291972397827, 0.00152624957263, -0.00245420332067, -0.000446588906925], [-0.000759384653065, 0.000806541822385, -0.000717282004189, 0.00122571887914, -0.000489319034386, 0.00709304632619, -0.000699922326021, -0.00195108994376, -0.0010007196106, 0.00136627373286, -0.0062127429992, 0.0030147919897, -6.88729487592e-05], [-0.000670967565384, -0.00141811207868, -0.000133072258905, -0.00111526169349, 0.00116320454981, -0.000699922326021, 0.00563176721334, 0.000325230736053, 2.85042206087e-05, -0.00190642010421, -0.00153033982497, -0.00238941470161, 0.00129317771643], [-6.28954512649e-05, 0.000404746358981, -0.00115388329141, 0.000756699126214, -0.00168193189893, -0.00195108994376, 0.000325230736053, 0.0106610003859, -0.000813657708932, -0.00144594279118, 0.00363763328642, -0.00104024715256, -0.00521296542138], [0.000278355000773, -0.000688209605869, 0.0010833205888, -0.00293313106522, -0.00267110811546, -0.0010007196106, 2.85042206087e-05, -0.000813657708932, 0.0109161306173, 0.00133555626962, -0.00138006336056, -0.00504622189328, 0.00241808942519], [-0.000218340021092, 0.00309935258701, -0.00191591330804, 0.00101845036261, -0.00291972397827, 0.00136627373286, -0.00190642010421, -0.00144594279118, 0.00133555626962, 0.0143231796101, -0.00724723469466, 0.00332198874094, -0.000375777803129], [0.000793416053057, -0.00259940698743, 0.00220588943921, -0.00165306567214, 0.00152624957263, -0.0062127429992, -0.00153033982497, 0.00363763328642, -0.00138006336056, -0.00724723469466, 0.0241861045361, -0.00407845294103, -0.0066218408756], [-0.000568401708733, 0.00429147109389, -0.00156499864534, 0.00443313689902, -0.00245420332067, 0.0030147919897, -0.00238941470161, -0.00104024715256, -0.00504622189328, 0.00332198874094, -0.00407845294103, 0.0238223299384, -0.00552887097001], [0.000982763478532, -0.00227301684208, 0.000660202582367, -0.00296598416753, -0.000446588906925, -6.88729487592e-05, 0.00129317771643, -0.00521296542138, 0.00241808942519, -0.000375777803129, -0.0066218408756, -0.00552887097001, 0.018839456141]]
    },
    "melbands": {
        "dmean": [0.00352334580384, 0.00260913418606, 0.00128837046213, 0.000642507511657, 0.000313115684548, 0.000221268812311, 0.00012008905469, 0.000131412845803, 5.67099668842e-05, 5.62496352359e-05, 5.22673835803e-05, 4.83161929878e-05, 8.29456039355e-05, 2.95481131616e-05, 2.77868311969e-05, 1.72800228029e-05, 1.70482180692e-05, 2.63144011114e-05, 1.73380522028e-05, 8.34719048726e-06, 9.23491370486e-06, 9.43695249589e-06, 4.68540110887e-06, 3.41494160239e-06, 2.98414283861e-06, 2.31756962421e-06, 2.120132649e-06, 2.55115628534e-06, 2.1599066713e-06, 1.62234368872e-06, 1.5672922018e-06, 1.1646392295e-06, 1.14579881938e-06, 1.2992942402e-06, 2.30743921747e-06, 1.93211849364e-06, 1.43431918787e-06, 1.06272955236e-06, 9.28875806494e-07, 1.71509179836e-06],
        "dmean2": [0.00521719455719, 0.00396314589307, 0.00206238031387, 0.00108307902701, 0.000504874798935, 0.000347635766957, 0.000194716805709, 0.000223309820285, 9.53033886617e-05, 9.40673417062e-05, 7.76688175392e-05, 7.45957004256e-05, 0.000126555940369, 4.41119664174e-05, 4.47031779913e-05, 2.76986647805e-05, 2.6436702683e-05, 3.73048751499e-05, 2.6340734621e-05, 1.36455128086e-05, 1.4239821212e-05, 1.49869702e-05, 7.08553443474e-06, 5.25846917299e-06, 4.87599481858e-06, 3.69164308722e-06, 3.19247874359e-06, 4.10250822824e-06, 3.54394478563e-06, 2.63670358436e-06, 2.53444204645e-06, 1.77965409875e-06, 1.62380592883e-06, 1.92250877262e-06, 3.30919669977e-06, 2.58944010056e-06, 1.98400607587e-06, 1.44853436268e-06, 1.40841632401e-06, 2.62288199337e-06],
        "dvar": [3.71586247638e-05, 3.91938920075e-05, 6.64622211843e-06, 1.35082041197e-06, 1.95053956986e-07, 1.14480904756e-07, 3.95782890905e-08, 1.47878139956e-07, 1.03066657431e-08, 1.23724346324e-08, 8.78534578419e-09, 1.45329455137e-08, 8.10216320701e-08, 4.19222168091e-09, 3.64527852348e-09, 1.17085319218e-09, 9.89185733324e-10, 4.36775904333e-09, 1.52807089204e-09, 2.72580513716e-10, 3.27732091465e-10, 3.86134263453e-10, 8.09312894479e-11, 5.44415588999e-11, 5.70426483826e-11, 2.89430233252e-11, 1.68713099047e-11, 3.11236938999e-11, 2.80672637909e-11, 1.23155895204e-11, 1.73778613027e-11, 8.02418461537e-12, 5.87232693028e-12, 7.09973486251e-12, 2.32084542556e-11, 1.73049786306e-11, 1.59348714779e-11, 7.67950807112e-12, 3.65992349274e-12, 1.21906911649e-11],
        "dvar2": [0.000100055818621, 8.51748991408e-05, 1.68568112713e-05, 3.61585398423e-06, 4.87596423682e-07, 2.95794990279e-07, 1.01619669124e-07, 3.93662787701e-07, 2.72181921446e-08, 3.15115613603e-08, 1.87162374488e-08, 3.53864386682e-08, 1.45750590264e-07, 7.61054241849e-09, 8.41237390858e-09, 2.86037171726e-09, 2.31937002937e-09, 8.95716745219e-09, 3.66536312413e-09, 6.67020105816e-10, 6.54408693901e-10, 8.30668311913e-10, 1.73908373813e-10, 1.16975873432e-10, 1.55135806978e-10, 6.79971356998e-11, 3.23494564469e-11, 7.51425796586e-11, 7.00983299184e-11, 3.12241760225e-11, 4.39365627214e-11, 1.64966634103e-11, 1.0259524133e-11, 1.37878666817e-11, 4.40452535555e-11, 2.63458681954e-11, 2.82539529967e-11, 1.29697398654e-11, 7.57221455677e-12, 2.62328162665e-11],
        "max": [0.0802614316344, 0.0663937628269, 0.0296655036509, 0.0114484019578, 0.00587233994156, 0.00753032416105, 0.00172736635432, 0.00477890297771, 0.0015936747659, 0.000972784939222, 0.00108461303171, 0.00144415616523, 0.00353785324842, 0.000792865233961, 0.000619882659521, 0.00039588304935, 0.000348870351445, 0.000702981778886, 0.000450354331406, 0.000270706630545, 0.000170088751474, 0.000180860050023, 9.14163028938e-05, 7.60086986702e-05, 8.50011347211e-05, 8.04849260021e-05, 6.11655996181e-05, 4.84448137286e-05, 6.01297360845e-05, 3.61633683497e-05, 5.85767702432e-05, 4.5200016757e-05, 4.46563826699e-05, 3.77543583454e-05, 7.20957541489e-05, 6.43480379949e-05, 5.86220121477e-05, 4.83661497128e-05, 2.74578978861e-05, 6.54997857055e-05],
        "mean": [0.0166719239205, 0.0074587916024, 0.00272007868625, 0.00121012434829, 0.000613518001046, 0.000506552285515, 0.000232810154557, 0.000154415887664, 8.93434917089e-05, 7.9366742284e-05, 7.89541300037e-05, 6.3145547756e-05, 0.000106288163806, 4.61411873403e-05, 3.83966653317e-05, 2.61506193056e-05, 2.69927841146e-05, 3.36560915457e-05, 2.3403124942e-05, 1.38609921123e-05, 1.90175233001e-05, 1.73392618308e-05, 7.74730233388e-06, 5.404550393e-06, 3.87101681554e-06, 3.37507958648e-06, 3.09493111672e-06, 3.48691833096e-06, 2.99821294902e-06, 2.36829873757e-06, 2.30426212511e-06, 1.95473603526e-06, 1.78462232725e-06, 1.92242578123e-06, 2.87279567601e-06, 2.5831734547e-06, 1.86637112165e-06, 1.5509564264e-06, 1.42984265494e-06, 3.44756881532e-06],
        "median": [0.0136132994667, 0.00403003953397, 0.00154841237236, 0.000664636259899, 0.000455304252682, 0.000342268525856, 0.000145877711475, 5.57946696063e-05, 4.06053732149e-05, 3.27860070684e-05, 3.03008782794e-05, 1.54361168825e-05, 1.15922257464e-05, 1.02954973045e-05, 6.84475844537e-06, 5.55996621188e-06, 6.27334793535e-06, 4.65852826892e-06, 4.68407961307e-06, 4.20583137384e-06, 5.02912007505e-06, 3.82579173674e-06, 1.98155862563e-06, 1.3031844901e-06, 7.52649782498e-07, 5.85968564337e-07, 5.40595408438e-07, 5.19230525242e-07, 3.95663107611e-07, 3.43903110434e-07, 2.97289034279e-07, 2.54249243881e-07, 2.22758089308e-07, 2.41663514089e-07, 3.39951384376e-07, 2.76068988114e-07, 2.02797338034e-07, 2.55515374192e-07, 4.78670983739e-07, 1.58982186349e-06],
        "min": [3.47261996936e-09, 3.75371689287e-09, 1.33450859252e-08, 3.20769864004e-08, 1.89168360976e-07, 2.82652564465e-07, 1.66462996276e-07, 3.20077973015e-08, 1.45341578772e-08, 3.9903227389e-09, 5.09222441991e-09, 2.50372034216e-09, 2.27206609082e-09, 3.16545856194e-09, 1.64640356903e-09, 1.75563685811e-09, 1.98771421545e-09, 4.49092008026e-09, 6.72631239595e-09, 8.39703861999e-09, 7.70358798974e-09, 6.01758376462e-09, 3.89013665725e-09, 1.9290120612e-09, 4.37751473958e-10, 4.18760137677e-10, 4.63327459732e-10, 4.72517081018e-10, 4.48745013371e-10, 3.6597691544e-10, 6.18182005585e-10, 4.46068765259e-10, 6.42962016961e-10, 3.24901772153e-10, 6.78765821327e-10, 8.90484838645e-11, 5.42078014421e-12, 8.88361053556e-13, 4.26484902949e-10, 7.68394292638e-10],
        "var": [0.000227443786571, 8.33820158732e-05, 1.10511064122e-05, 2.21527943722e-06, 3.25412514712e-07, 3.60842136615e-07, 6.35474250998e-08, 1.15456224137e-07, 1.60290891671e-08, 1.55991966011e-08, 1.57895492237e-08, 1.85290804922e-08, 1.1875945205e-07, 8.80671713333e-09, 5.68690383673e-09, 2.26710250573e-09, 2.05763295291e-09, 6.6645875485e-09, 2.44835174357e-09, 5.8815630144e-10, 9.50201584082e-10, 9.86771331313e-10, 1.78688633334e-10, 1.04883282614e-10, 7.17028797448e-11, 5.53021933802e-11, 3.56745327723e-11, 4.8624899246e-11, 4.14985441843e-11, 2.45545406924e-11, 3.42774246487e-11, 2.39604759644e-11, 1.86561772975e-11, 1.96037474448e-11, 4.54212223389e-11, 4.4136427152e-11, 3.04261615902e-11, 1.88198831519e-11, 8.83387980821e-12, 3.62500272855e-11]
    },
    "mfcc": {
        "mean": [-670.265563965, 138.355529785, 40.9218597412, 20.3731136322, 28.724653244, 4.28597688675, 3.87155461311, -0.0265270676464, 8.2715473175, -3.92276644707, -0.268190562725, -0.803108990192, 5.29294490814],
        "cov": [[7571.43847656, -659.823974609, -1013.75146484, -319.066741943, -754.371826172, 828.247192383, 393.271759033, 516.489929199, -209.898620605, 562.789794922, 47.2047080994, 158.095581055, -152.760375977], [-659.823974609, 1485.62231445, 101.554176331, 85.7944030762, 397.768585205, 48.9400558472, 241.274337769, 118.781547546, 250.281616211, -31.4789943695, 150.498092651, 51.6386833191, 90.0141220093], [-1013.75146484, 101.554176331, 869.965515137, 59.6618728638, -24.7836017609, -101.452346802, 83.8474197388, -79.9581604004, 24.2996520996, -28.4534358978, 2.41598534584, -90.2746887207, 27.7881584167], [-319.066741943, 85.7944030762, 59.6618728638, 359.247924805, 92.9653549194, 7.49479722977, -11.2311201096, -4.09835100174, 84.5829238892, 8.1734161377, 11.7752923965, 29.0970115662, 35.118850708], [-754.371826172, 397.768585205, -24.7836017609, 92.9653549194, 597.190185547, -34.8204307556, -22.9754085541, 41.8090438843, 207.456665039, -47.9627456665, 93.6203689575, 78.6293334961, 82.037902832], [828.247192383, 48.9400558472, -101.452346802, 7.49479722977, -34.8204307556, 267.134918213, 114.150978088, 101.289474487, -1.4604896307, 121.899742126, 51.8710517883, 56.7422332764, 12.1884908676], [393.271759033, 241.274337769, 83.8474197388, -11.2311201096, -22.9754085541, 114.150978088, 272.558837891, 52.3736381531, 56.032283783, 65.1026000977, 69.7543869019, 23.0549163818, 41.5815544128], [516.489929199, 118.781547546, -79.9581604004, -4.09835100174, 41.8090438843, 101.289474487, 52.3736381531, 182.742233276, 65.1689682007, 58.330745697, 22.5616703033, 64.0885391235, 22.6532497406], [-209.898620605, 250.281616211, 24.2996520996, 84.5829238892, 207.456665039, -1.4604896307, 56.032283783, 65.1689682007, 184.096954346, 3.80282592773, 61.383392334, 56.9941139221, 63.0863265991], [562.789794922, -31.4789943695, -28.4534358978, 8.1734161377, -47.9627456665, 121.899742126, 65.1026000977, 58.330745697, 3.80282592773, 130.021560669, 31.637140274, 33.8494491577, 4.30356884003], [47.2047080994, 150.498092651, 2.41598534584, 11.7752923965, 93.6203689575, 51.8710517883, 69.7543869019, 22.5616703033, 61.383392334, 31.637140274, 107.753517151, 37.4790267944, 33.7863197327], [158.095581055, 51.6386833191, -90.2746887207, 29.0970115662, 78.6293334961, 56.7422332764, 23.0549163818, 64.0885391235, 56.9941139221, 33.8494491577, 37.4790267944, 105.494346619, 38.8410453796], [-152.760375977, 90.0141220093, 27.7881584167, 35.118850708, 82.037902832, 12.1884908676, 41.5815544128, 22.6532497406, 63.0863265991, 4.30356884003, 33.7863197327, 38.8410453796, 72.3923416138]],
