{
"lowlevel": {
    "average_loudness": 0.96551245451,
    "barkbands_crest": {
        "dmean": 1.9145475626,
        "dmean2": 3.16387152672,
        "dvar": 2.62278962135,
        "dvar2": 7.3417263031,
        "max": 19.8820610046,
        "mean": 9.63589859009,
        "median": 9.3212223053,
        "min": 3.68525195122,
        "var": 7.36268997192
    },
    "barkbands_flatness_db": {
        "dmean": 0.0170263908803,
        "dmean2": 0.0257857721299,
        "dvar": 0.00022182588873,
        "dvar2": 0.000469015649287,
        "max": 0.351965248585,
        "mean": 0.222340986133,
        "median": 0.224281042814,
        "min": 0.0786832645535,
        "var": 0.00246711773798
    },
    "barkbands_kurtosis": {
        "dmean": 2.44717621803,
        "dmean2": 3.86467552185,
        "dvar": 9.81078052521,
        "dvar2": 24.2851085663,
        "max": 47.489692688,
        "mean": 4.49017190933,
        "median": 2.43764281273,
        "min": -1.63530349731,
        "var": 35.9560432434
    },
    "barkbands_skewness": {
        "dmean": 0.475812703371,
        "dmean2": 0.742192447186,
        "dvar": 0.17292509973,
        "dvar2": 0.423543512821,
        "max": 5.94637823105,
        "mean": 1.82982635498,
        "median": 1.7371544838,
        "min": -1.75487279892,
        "var": 0.969621360302
    },
    "barkbands_spread": {
        "dmean": 4.44788265228,
        "dmean2": 6.60499620438,
        "dvar": 17.8836479187,
        "dvar2": 39.2839012146,
        "max": 58.4628601074,
        "mean": 20.2637424469,
        "median": 18.0709247589,
        "min": 2.5979218483,
        "var": 109.682090759
    },
    "dissonance": {
        "dmean": 0.0227453894913,
        "dmean2": 0.0390602424741,
        "dvar": 0.000584057939705,
        "dvar2": 0.00163227343,
        "max": 0.4989400208,
        "mean": 0.456648260355,
        "median": 0.464442551136,
        "min": 0.213062569499,
        "var": 0.00106769730337
    },
    "dynamic_complexity": 1.69815051556,
    "erbbands_crest": {
        "dmean": 2.97647690773,
        "dmean2": 4.90244960785,
        "dvar": 7.53175401688,
        "dvar2": 19.4574737549,
        "max": 27.6187591553,
        "mean": 9.65945339203,
        "median": 8.46340560913,
        "min": 3.00184893608,
        "var": 19.3260707855
    },
    "erbbands_flatness_db": {
        "dmean": 0.0164222046733,
        "dmean2": 0.0248390175402,
        "dvar": 0.00024077166745,
        "dvar2": 0.000493780011311,
        "max": 0.346918940544,
        "mean": 0.210742533207,
        "median": 0.212984099984,
        "min": 0.0806418433785,
        "var": 0.00221105315723
    },
    "erbbands_kurtosis": {
        "dmean": 0.844686388969,
        "dmean2": 1.36216902733,
        "dvar": 1.45259726048,
        "dvar2": 3.67927765846,
        "max": 21.4132556915,
        "mean": 0.0774965360761,
        "median": -0.420419216156,
        "min": -1.74947071075,
        "var": 2.74841022491
    },
    "erbbands_skewness": {
        "dmean": 0.362271994352,
        "dmean2": 0.55836892128,
        "dvar": 0.0951717570424,
        "dvar2": 0.237403139472,
        "max": 3.07642912865,
        "mean": 0.169120892882,
        "median": 0.179297104478,
        "min": -1.82958114147,
        "var": 0.389705061913
    },
    "erbbands_spread": {
        "dmean": 8.81434631348,
        "dmean2": 13.8752565384,
        "dvar": 60.4988937378,
        "dvar2": 136.225494385,
        "max": 91.7179107666,
        "mean": 43.7547607422,
        "median": 42.823764801,
        "min": 4.10606193542,
        "var": 341.670593262
    },
    "hfc": {
        "dmean": 4.89246749878,
        "dmean2": 7.20360517502,
        "dvar": 33.6167526245,
        "dvar2": 75.9038772583,
        "max": 85.3444824219,
        "mean": 18.1568756104,
        "median": 14.5508937836,
        "min": 1.20677525149e-16,
        "var": 162.076309204
    },
    "melbands_crest": {
        "dmean": 2.23810005188,
        "dmean2": 3.53801441193,
        "dvar": 3.7284681797,
        "dvar2": 9.70733451843,
        "max": 24.7864246368,
        "mean": 14.6021947861,
        "median": 14.4204893112,
        "min": 2.25078415871,
        "var": 16.028301239
    },
    "melbands_flatness_db": {
        "dmean": 0.0183317363262,
        "dmean2": 0.0264599975199,
        "dvar": 0.000257592560956,
        "dvar2": 0.000545045826584,
        "max": 0.435967028141,
        "mean": 0.292807161808,
        "median": 0.292204558849,
        "min": 0.00797390285879,
        "var": 0.00290321325883
    },
    "melbands_kurtosis": {
        "dmean": 6.92298841476,
        "dmean2": 10.9733467102,
        "dvar": 62.516494751,
        "dvar2": 161.14225769,
        "max": 111.553970337,
        "mean": 16.2792129517,
        "median": 12.1801509857,
        "min": -1.60970854759,
        "var": 228.990768433
    },
    "melbands_skewness": {
        "dmean": 0.733331203461,
        "dmean2": 1.15127766132,
        "dvar": 0.377762585878,
        "dvar2": 0.94375371933,
        "max": 8.1107749939,
        "mean": 3.18892383575,
        "median": 3.08305740356,
        "min": -0.179362654686,
        "var": 2.0125451088
    },
    "melbands_spread": {
        "dmean": 4.66911888123,
        "dmean2": 7.01660680771,
        "dvar": 24.2262630463,
        "dvar2": 53.1454391479,
        "max": 111.059524536,
        "mean": 17.7232875824,
        "median": 15.288271904,
        "min": 1.96851122379,
        "var": 122.996833801
    },
    "pitch_salience": {
        "dmean": 0.0653513893485,
        "dmean2": 0.108009770513,
        "dvar": 0.00311956764199,
        "dvar2": 0.00879156962037,
        "max": 0.855007946491,
        "mean": 0.500655412674,
        "median": 0.499620199203,
        "min": 0.231674224138,
        "var": 0.00850465800613
    },
    "silence_rate_20dB": {
        "dmean": 0,
        "dmean2": 0,
        "dvar": 0,
        "dvar2": 0,
        "max": 1,
        "mean": 1,
        "median": 1,
        "min": 1,
        "var": 0
    },
    "silence_rate_30dB": {
        "dmean": 0.0237235687673,
        "dmean2": 0.0474716201425,
        "dvar": 0.0231610424817,
        "dvar2": 0.0689528882504,
        "max": 1,
        "mean": 0.988144338131,
        "median": 1,
        "min": 0,
        "var": 0.0117151234299
    },
    "silence_rate_60dB": {
        "dmean": 0.000515729770996,
        "dmean2": 0.00103199179284,
        "dvar": 0.000515436171554,
        "dvar2": 0.00103093462531,
        "max": 1,
        "mean": 0.00103092787322,
        "median": 0,
        "min": 0,
        "var": 0.00102987512946
    },
    "spectral_centroid": {
        "dmean": 260.257995605,
        "dmean2": 369.185150146,
        "dvar": 96242.625,
        "dvar2": 159259.625,
        "max": 10762.9296875,
        "mean": 1375.79907227,
        "median": 1237.67333984,
        "min": 280.607147217,
        "var": 472185.25
    },
    "spectral_complexity": {
        "dmean": 2.77875185013,
        "dmean2": 4.37616109848,
        "dvar": 10.6674442291,
        "dvar2": 22.509147644,
        "max": 46,
        "mean": 15.9793815613,
        "median": 15,
        "min": 0,
        "var": 37.4180679321
    },
    "spectral_decrease": {
        "dmean": 2.38812347675e-09,
        "dmean2": 3.63992480601e-09,
        "dvar": 7.6610722095e-18,
        "dvar2": 1.81146565361e-17,
        "max": 9.1153915193e-29,
        "mean": -8.83116513251e-09,
        "median": -7.90333398726e-09,
        "min": -3.04395655348e-08,
        "var": 2.01623835016e-17
    },
    "spectral_energy": {
        "dmean": 0.00933680403978,
        "dmean2": 0.0142017789185,
        "dvar": 0.000116262250231,
        "dvar2": 0.000274023244856,
        "max": 0.12138132751,
        "mean": 0.0349777154624,
        "median": 0.0312960371375,
        "min": 1.06017743861e-20,
        "var": 0.000314087112201
    },
    "spectral_energyband_high": {
        "dmean": 0.000260975968558,
        "dmean2": 0.00037758689723,
        "dvar": 1.15080403873e-07,
        "dvar2": 2.56082074657e-07,
        "max": 0.00465467013419,
        "mean": 0.000752767315134,
        "median": 0.000497931498103,
        "min": 7.74354871463e-21,
        "var": 5.60311207209e-07
    },
    "spectral_energyband_low": {
        "dmean": 0.00689292885363,
        "dmean2": 0.0106456037611,
        "dvar": 8.17938926048e-05,
        "dvar2": 0.000199561254703,
        "max": 0.0899212956429,
        "mean": 0.0190533120185,
        "median": 0.0163112860173,
        "min": 4.15976010981e-23,
        "var": 0.000156405949383
    },
    "spectral_energyband_middle_high": {
        "dmean": 0.00243048346601,
        "dmean2": 0.00385301234201,
        "dvar": 1.38543837238e-05,
        "dvar2": 3.59194091288e-05,
        "max": 0.0731450244784,
        "mean": 0.00583349261433,
        "median": 0.00387793406844,
        "min": 1.6680422189e-21,
        "var": 3.89158121834e-05
    },
    "spectral_energyband_middle_low": {
        "dmean": 0.00476816995069,
        "dmean2": 0.00745766283944,
        "dvar": 3.66002859664e-05,
        "dvar2": 9.51286128839e-05,
        "max": 0.0784126147628,
        "mean": 0.0121085438877,
        "median": 0.00983619503677,
        "min": 1.98772412489e-22,
        "var": 6.81352030369e-05
    },
    "spectral_entropy": {
        "dmean": 0.131795406342,
        "dmean2": 0.186816126108,
        "dvar": 0.0141677660868,
        "dvar2": 0.0222847983241,
        "max": 9.81219482422,
        "mean": 7.06924915314,
        "median": 7.05838537216,
        "min": 6.02504682541,
        "var": 0.124822594225
    },
    "spectral_flux": {
        "dmean": 0.0198538787663,
        "dmean2": 0.0307245049626,
        "dvar": 0.000342116079992,
        "dvar2": 0.000663974671625,
        "max": 0.226888611913,
        "mean": 0.0815158784389,
        "median": 0.0728403776884,
        "min": 1.02964921311e-10,
        "var": 0.00124524580315
    },
    "spectral_kurtosis": {
        "dmean": 2.04929256439,
        "dmean2": 3.54563617706,
        "dvar": 4.8710308075,
        "dvar2": 14.6584472656,
        "max": 26.9534645081,
        "mean": 2.81059861183,
        "median": 2.21500968933,
        "min": -1.21839308739,
        "var": 9.86628913879
    },
    "spectral_rms": {
        "dmean": 0.000734456407372,
        "dmean2": 0.00109748356044,
        "dvar": 5.15338683726e-07,
        "dvar2": 1.15104478482e-06,
        "max": 0.0108821326867,
        "mean": 0.00567665416747,
        "median": 0.00552564207464,
        "min": 3.21608364939e-12,
        "var": 1.90016123724e-06
    },
    "spectral_rolloff": {
        "dmean": 316.345916748,
        "dmean2": 536.596984863,
        "dvar": 380274.6875,
        "dvar2": 659013.0625,
        "max": 19056.8847656,
        "mean": 936.747558594,
        "median": 785.961914062,
        "min": 107.666015625,
        "var": 757832.75
    },
    "spectral_skewness": {
        "dmean": 0.274002403021,
        "dmean2": 0.4360896945,
        "dvar": 0.059218917042,
        "dvar2": 0.153068944812,
        "max": 3.83659005165,
        "mean": 0.988279283047,
        "median": 0.899847269058,
        "min": -0.422808051109,
        "var": 0.325748383999
    },
    "spectral_spread": {
        "dmean": 267577.40625,
        "dmean2": 402851.34375,
        "dvar": 490648338432,
        "dvar2": 310296870912,
        "max": 41022104,
        "mean": 3555544.5,
        "median": 3520913.5,
        "min": 1687983.875,
        "var": 1.21734627328e+12
    },
    "spectral_strongpeak": {
        "dmean": 0.397636890411,
        "dmean2": 0.697239279747,
        "dvar": 0.614225149155,
        "dvar2": 1.61873066425,
        "max": 7.20931911469,
        "mean": 0.625717043877,
        "median": 0.388943612576,
        "min": 0,
        "var": 0.681835353374
    },
    "zerocrossingrate": {
        "dmean": 0.00647633709013,
        "dmean2": 0.00759960152209,
        "dvar": 0.000155985340825,
        "dvar2": 0.000189760510693,
        "max": 0.51123046875,
        "mean": 0.0408774465322,
        "median": 0.0380859375,
        "min": 0.00244140625,
        "var": 0.000447789119789
    },
    "barkbands": {
        "dmean": [7.03137120581e-05, 0.00324561726302, 0.00349151599221, 0.00259752618149, 0.00195882190019, 0.000515168241691, 0.000337263714755, 0.000243600050453, 0.00129658263177, 0.000835304614156, 0.00101061619353, 0.000195717802853, 0.000739874842111, 0.000169015795109, 0.000157934293384, 0.000184548058314, 6.26823966741e-05, 5.61766064493e-05, 0.000183546158951, 0.00030292320298, 0.000124073048937, 7.197643572e-05, 9.93956655293e-06, 5.18928391102e-06, 4.89499734613e-06, 3.05819617097e-06, 3.52575170837e-07],
        "dmean2": [0.000122591198306, 0.00577575014904, 0.00556751759723, 0.00429760618135, 0.00282708695158, 0.000818231725134, 0.000544578884728, 0.000404247140978, 0.0021444959566, 0.00132037035655, 0.00169181555975, 0.000326369568938, 0.00125131383538, 0.000268910458544, 0.000256397092016, 0.000283235654933, 9.70216788119e-05, 8.5598192527e-05, 0.00029135067598, 0.000446642166935, 0.000188143894775, 0.000111785571789, 1.37551551234e-05, 7.75510034146e-06, 7.6810038081e-06, 4.88898103868e-06, 6.08096854648e-07],
        "dvar": [3.56386706812e-08, 1.63670865732e-05, 2.21119589696e-05, 2.36315590882e-05, 3.47563354808e-06, 6.28893758403e-07, 2.21503952957e-07, 1.83111396268e-07, 1.33903049573e-05, 5.83750079386e-06, 5.83295513934e-06, 2.76077543049e-07, 2.4281584956e-06, 2.3984858899e-07, 2.74445767445e-07, 3.73852685698e-07, 3.02402405339e-08, 1.34258169027e-08, 8.87061517574e-08, 2.86512175762e-07, 3.20110800089e-08, 1.66584737116e-08, 1.08617570493e-09, 3.56064955298e-10, 3.90466409206e-10, 1.61601995674e-10, 2.59288055436e-12],
        "dvar2": [9.69492504055e-08, 4.98015542689e-05, 5.27742740815e-05, 6.45743202767e-05, 8.64011144586e-06, 1.65005860708e-06, 5.75845206185e-07, 5.0131103535e-07, 3.45643566106e-05, 1.40004385685e-05, 1.66805384652e-05, 7.64595654346e-07, 7.37846767151e-06, 5.84348413213e-07, 7.28625423108e-07, 8.0557919091e-07, 7.10257879177e-08, 3.18822017675e-08, 2.00091378133e-07, 6.33394279248e-07, 7.62459464454e-08, 4.16615293375e-08, 2.20490870007e-09, 8.22600265682e-10, 9.35084787379e-10, 4.00077249108e-10, 6.86917666845e-12],
        "max": [0.00113244226668, 0.0443554669619, 0.044403322041, 0.0483658611774, 0.0207362733781, 0.0121926609427, 0.00635061599314, 0.00521482387558, 0.0667392611504, 0.0655229911208, 0.0422798208892, 0.00890835188329, 0.032085314393, 0.0101175131276, 0.0146498410031, 0.0110920285806, 0.00223077903502, 0.00171591446269, 0.00540245976299, 0.00956476759166, 0.00346856447868, 0.00180880376138, 0.000493589381222, 0.000223229944822, 0.000341679056874, 0.000178741698619, 2.33641203522e-05],
        "mean": [5.19283530593e-05, 0.010317674838, 0.00605069519952, 0.00370508851483, 0.00443763146177, 0.000901765772142, 0.000651019392535, 0.000436267466284, 0.00181568285916, 0.00122401537374, 0.00142646278255, 0.000270402582828, 0.00120758765843, 0.00023526721634, 0.000246873270953, 0.000275558879366, 8.04436567705e-05, 9.25232816371e-05, 0.000359241501428, 0.000729417079128, 0.000290714466246, 0.000139662719448, 1.5933494069e-05, 6.8711365202e-06, 5.43436181033e-06, 3.29679460265e-06, 2.85299222469e-07],
        "median": [6.99677912053e-06, 0.00905882939696, 0.00428527593613, 0.00237135356292, 0.00401274766773, 0.000582863169257, 0.000473793217679, 0.00022218291997, 0.000106486499135, 0.000281753804302, 0.000572253251448, 6.75373739796e-05, 0.000395717099309, 3.9359969378e-05, 4.02404912165e-05, 2.89327035716e-05, 1.09706024887e-05, 1.7505562937e-05, 0.000154363369802, 0.000321689178236, 0.000162029275089, 4.9761885748e-05, 9.18532634842e-07, 4.32279364304e-07, 3.94389900293e-07, 7.57688525255e-08, 7.89217191599e-10],
        "min": [2.67716001506e-24, 1.11604688212e-23, 1.63045053552e-23, 1.70797599876e-23, 1.75751393925e-23, 9.26860918765e-24, 5.75993037725e-23, 2.68687570486e-23, 3.66623295028e-23, 7.24383958667e-23, 4.08304843548e-23, 6.05728423796e-23, 5.11303540489e-23, 2.07995143104e-22, 1.45969976243e-22, 1.61664067341e-22, 2.02209536251e-22, 3.63570138268e-22, 2.19139526262e-22, 2.54620697487e-22, 4.20579891576e-22, 4.70914316526e-22, 5.63904836136e-22, 1.05414859249e-21, 1.14548752767e-21, 1.49647171205e-21, 2.70555995744e-21],
        "var": [2.58292889299e-08, 3.67604916391e-05, 3.48234098055e-05, 2.4864802981e-05, 8.06090974947e-06, 1.00973693407e-06, 4.00406690915e-07, 3.03460382156e-07, 2.26731026487e-05, 1.24521120597e-05, 7.34206332709e-06, 4.19230474336e-07, 4.68626967631e-06, 4.52439593346e-07, 7.07970229996e-07, 7.22162383227e-07, 3.78393529843e-08, 2.99000539883e-08, 2.89862242653e-07, 1.17452543691e-06, 1.15881796603e-07, 4.7295092287e-08, 2.20846341215e-09, 4.95251395449e-10, 4.35449121206e-10, 1.76156367271e-10, 2.10707948485e-12]
    },
    "erbbands": {
        "dmean": [0.0599900782108, 0.857145190239, 2.97628211975, 8.63848876953, 5.86597394943, 6.5054192543, 7.75686120987, 5.43232488632, 4.02363109589, 6.63697719574, 4.31053924561, 37.8424873352, 21.6405754089, 36.3256797791, 24.3659133911, 6.31187534332, 30.4303569794, 16.3535308838, 5.17213582993, 11.3290596008, 7.45024204254, 3.21797060966, 3.02461266518, 5.77078580856, 12.2185220718, 10.7594871521, 6.4130153656, 4.67060518265, 2.99609422684, 0.462857276201, 0.293512672186, 0.129072025418, 0.0831072628498, 0.0624942108989, 0.0304183736444, 0.0172681324184, 0.0049309823662, 0.00125112524256, 3.60454287147e-05, 1.0826862308e-05],
        "dmean2": [0.105313636363, 1.52661633492, 4.94494199753, 13.7047519684, 10.0360517502, 8.73313140869, 10.4239292145, 8.63161945343, 6.4984254837, 10.7590208054, 7.26144647598, 62.9211387634, 33.7728729248, 59.1066665649, 40.1193580627, 10.5498456955, 51.1514434814, 27.2416858673, 8.08133125305, 17.6357307434, 11.5235280991, 4.8718624115, 4.5368309021, 9.15127182007, 19.2853126526, 15.8205108643, 9.52686786652, 7.07148742676, 4.66328859329, 0.694955587387, 0.407309472561, 0.187298685312, 0.125026613474, 0.102996937931, 0.0478441379964, 0.027072429657, 0.00819952506572, 0.00213579181582, 5.86470341659e-05, 1.63928743859e-05],
        "dvar": [0.0102414404973, 1.09596192837, 14.847117424, 248.434753418, 49.2725906372, 44.1117019653, 60.8197212219, 79.2954177856, 30.0258388519, 83.9519729614, 71.1276855469, 12091.4384766, 2348.20800781, 8495.15136719, 1869.51403809, 332.731994629, 5217.19873047, 1300.38464355, 115.770675659, 1389.31640625, 460.626342773, 78.8542709351, 39.480670929, 133.28817749, 380.034606934, 343.925018311, 92.3145217896, 49.758895874, 34.0105056763, 1.22864329815, 0.979197144508, 0.236782595515, 0.0928295701742, 0.0743094310164, 0.0137383202091, 0.00474217766896, 0.000482904230012, 3.06927140628e-05, 2.21366303066e-08, 1.63013186283e-10],
        "dvar2": [0.0300949383527, 3.42997121811, 40.8311882019, 632.825134277, 145.863510132, 103.285217285, 150.852172852, 204.133407593, 82.6330490112, 217.31880188, 185.225448608, 31464.2929688, 4676.48193359, 23317.5058594, 5181.40429688, 962.467102051, 15502.7695312, 3702.07983398, 261.813568115, 3516.24658203, 1093.91210938, 174.954025269, 87.6493225098, 328.003997803, 856.040039062, 768.364501953, 230.338928223, 117.303924561, 86.9232406616, 2.62124419212, 2.10306978226, 0.555024862289, 0.213128641248, 0.185913041234, 0.0315540991724, 0.011351691559, 0.00127110048197, 8.31904690131e-05, 5.61865185489e-08, 3.63171520634e-10],
        "max": [0.931197881699, 12.2263250351, 37.8804206848, 162.068084717, 61.4054527283, 78.9688644409, 98.0457458496, 127.813697815, 90.8017120361, 115.484397888, 95.8280029297, 2005.62927246, 1569.82470703, 1871.20275879, 633.530822754, 403.066467285, 1760.5826416, 621.419433594, 228.961074829, 1007.8706665, 395.687957764, 96.6827163696, 62.7108612061, 216.603088379, 353.351013184, 367.555755615, 158.24118042, 150.114456177, 103.268676758, 13.5914554596, 15.1417856216, 7.5641875267, 4.22478532791, 5.54890727997, 1.25899159908, 0.879793822765, 0.306393355131, 0.0674676895142, 0.00249288370833, 0.000158360038768],
        "mean": [0.124932572246, 2.81415271759, 6.95591115952, 12.3152837753, 9.78235816956, 13.9818286896, 16.0728111267, 9.33152389526, 8.4810295105, 12.4864253998, 7.83297300339, 51.5492172241, 33.8519706726, 53.4670066833, 38.350353241, 10.8079481125, 50.5841369629, 25.4083347321, 9.04177761078, 19.3560123444, 11.2470064163, 4.62958192825, 5.02030134201, 11.6146001816, 27.8553237915, 28.4698829651, 15.6516532898, 11.4012699127, 6.31245470047, 0.850001633167, 0.453580439091, 0.181840002537, 0.108024396002, 0.0672073811293, 0.0345467738807, 0.0189364403486, 0.00482506724074, 0.00110106088687, 4.65843731945e-05, 4.11344044551e-05],
        "median": [0.105654001236, 2.46899271011, 5.97186756134, 6.78465747833, 8.02557563782, 11.2826166153, 13.7934913635, 5.8300485611, 6.72216844559, 8.22039031982, 4.52009630203, 3.09558725357, 10.9139881134, 17.7302322388, 17.8722743988, 3.86389112473, 16.3725910187, 10.1211805344, 2.88796234131, 2.69674253464, 1.55068540573, 0.856423974037, 1.02447366714, 4.32439613342, 13.3035039902, 14.4401550293, 8.51164627075, 6.40125465393, 2.58747196198, 0.243086695671, 0.0358415059745, 0.007838094607, 0.00962470844388, 0.00501197576523, 0.00248201261275, 0.000807213480584, 5.94126977376e-05, 7.44824228605e-06, 1.80185779755e-05, 3.63769831893e-05],
        "min": [5.53030924983e-22, 2.0099303448e-21, 1.40270509467e-20, 4.78890851888e-20, 2.68038022416e-20, 1.02323043104e-19, 3.7338642045e-20, 1.02439720807e-19, 5.89404443547e-19, 6.52689860865e-19, 8.68852524247e-19, 6.40565099145e-19, 2.45750458944e-18, 1.78669419989e-18, 1.80522821549e-18, 2.57329147043e-18, 2.3762837251e-18, 8.72851404842e-18, 8.48779787272e-18, 7.07918621734e-18, 1.05617886498e-17, 1.30793699195e-17, 1.85217915249e-17, 1.11438723381e-17, 1.428405922e-17, 1.3216126863e-17, 2.09730684783e-17, 1.17561108956e-17, 1.77363570635e-17, 1.37984595327e-17, 1.81745311776e-17, 1.9259479467e-17, 1.8059761522e-17, 1.19554415709e-17, 8.57894159569e-18, 5.02487448067e-18, 2.90815010562e-18, 1.33726991249e-18, 3.67882864717e-19, 4.31872387219e-20],
        "var": [0.00853687152267, 2.88290691376, 27.7305431366, 301.688262939, 64.2855682373, 111.795639038, 144.026550293, 124.547164917, 48.2207641602, 163.969299316, 115.033355713, 19655.0644531, 7311.09472656, 11646.7744141, 3119.48510742, 561.490600586, 9907.84179688, 2363.65087891, 312.822296143, 3735.14208984, 833.856628418, 107.563652039, 83.2062149048, 406.768035889, 1484.51513672, 1664.37353516, 336.126556396, 168.949371338, 104.219642639, 2.77775907516, 1.83598530293, 0.338341504335, 0.126096665859, 0.0741886422038, 0.0165993012488, 0.0054684728384, 0.000442153017502, 2.60303422692e-05, 2.09215560432e-08, 4.72002770202e-10]
    },
    "gfcc": {
        "mean": [-34.7444763184, 158.397109985, -125.608299255, 58.1028785706, -52.3566970825, -0.190655082464, 6.62075328827, -15.412270546, -32.7080955505, 8.12369441986, -10.0781040192, -14.5245828629, 4.61674404144],
        "cov": [[2848.29223633, -988.923217773, -196.092269897, 145.512664795, 97.3336029053, 237.518951416, -402.434417725, 247.888519287, -75.3977050781, -64.7906799316, -255.81048584, 207.369400024, -168.734405518], [-988.923217773, 1166.3001709, -185.854324341, -237.001953125, -61.440700531, -197.089523315, 472.538818359, -269.409759521, 33.3320999146, 49.1887016296, 199.404907227, -306.099090576, 151.047058105], [-196.092269897, -185.854324341, 492.795471191, -32.1854019165, -113.59299469, 77.1280670166, -154.17829895, 76.2214584351, -5.18803834915, -36.4253883362, 6.41229629517, 87.2348098755, -103.345680237], [145.512664795, -237.001953125, -32.1854019165, 352.320892334, 56.9332466125, -122.609481812, -129.752914429, 48.2914886475, 32.8624839783, -23.0017662048, -44.5018959045, 86.405670166, 32.9374809265], [97.3336029053, -61.440700531, -113.59299469, 56.9332466125, 210.04574585, -49.5024452209, -136.30368042, 65.0291290283, 54.3683128357, -30.8413600922, -35.1892471313, 1.45072424412, 12.4914569855], [237.518951416, -197.089523315, 77.1280670166, -122.609481812, -49.5024452209, 247.794342041, -17.3082904816, -48.3075065613, -49.6492576599, 22.6473579407, -23.9904575348, 27.3216743469, -60.5936660767], [-402.434417725, 472.538818359, -154.17829895, -129.752914429, -136.30368042, -17.3082904816, 473.81652832, -200.69342041, -102.727600098, 97.0338058472, 94.7375411987, -145.77204895, 68.1034317017], [247.888519287, -269.409759521, 76.2214584351, 48.2914886475, 65.0291290283, -48.3075065613, -200.69342041, 267.883422852, 55.2884140015, -93.2771072388, -62.4578704834, 79.2686004639, -27.7212562561], [-75.3977050781, 33.3320999146, -5.18803834915, 32.8624839783, 54.3683128357, -49.6492576599, -102.727600098, 55.2884140015, 152.115982056, -40.1106719971, -26.9476776123, 4.60021591187, -9.45662021637], [-64.7906799316, 49.1887016296, -36.4253883362, -23.0017662048, -30.8413600922, 22.6473579407, 97.0338058472, -93.2771072388, -40.1106719971, 132.265533447, 38.6031227112, -57.0568656921, -7.37236309052], [-255.81048584, 199.404907227, 6.41229629517, -44.5018959045, -35.1892471313, -23.9904575348, 94.7375411987, -62.4578704834, -26.9476776123, 38.6031227112, 120.443717957, -53.4340896606, -3.70331287384], [207.369400024, -306.099090576, 87.2348098755, 86.405670166, 1.45072424412, 27.3216743469, -145.77204895, 79.2686004639, 4.60021591187, -57.0568656921, -53.4340896606, 182.218475342, -22.6502971649], [-168.734405518, 151.047058105, -103.345680237, 32.9374809265, 12.4914569855, -60.5936660767, 68.1034317017, -27.7212562561, -9.45662021637, -7.37236309052, -3.70331287384, -22.6502971649, 134.399963379]],
        "icov": [[0.000858007580973, -0.000558568804991, 0.00129363627639, -0.000634888012428, 0.00078088871669, -0.00105285889003, 0.00105186889414, -0.000997504102997, 0.00148269592319, -0.00024543213658, 0.00145004456863, -0.000289752730168, 0.00165125634521], [-0.000558568804991, 0.0100471740589, -0.00247837440111, 0.00623138435185, -0.00158307061065, 0.00817024894059, -0.00485792895779, 0.0076539251022, -0.00708955386654, 0.0059271203354, -0.00730786612257, 0.00635608565062, -0.00685867341235], [0.00129363627639, -0.00247837440111, 0.00610743742436, -0.00146770675201, 0.00446732807904, -0.00276628998108, 0.00435226410627, -0.00298157217912, 0.00378203648143, -0.00079247035319, 0.00223257369362, -0.00177685101517, 0.00496738543734], [-0.000634888012428, 0.00623138435185, -0.00146770675201, 0.0090434346348, -0.00088214041898, 0.00855024438351, -0.00158896227367, 0.00611456623301, -0.00420834310353, 0.00252364389598, -0.00357335363515, 0.00160987989511, -0.00512680364773], [0.00078088871669, -0.00158307061065, 0.00446732807904, -0.00088214041898, 0.0103043243289, -0.000622237857897, 0.00559974182397, -0.00190929928795, 0.00205835187808, -0.000457289861515, 0.00223646801896, 0.000794351159129, 0.00225650635548], [-0.00105285889003, 0.00817024894059, -0.00276628998108, 0.00855024438351, -0.000622237857897, 0.0152121279389, -0.00258744088933, 0.00932897534221, -0.00413358630612, 0.00398238701746, -0.00346147222444, 0.0036110910587, -0.00413433276117], [0.00105186889414, -0.00485792895779, 0.00435226410627, -0.00158896227367, 0.00559974182397, -0.00258744088933, 0.00998965743929, -0.00207379716448, 0.00685135787353, -0.00307631166652, 0.00382217159495, -0.00102028995752, 0.0035862554796], [-0.000997504102997, 0.0076539251022, -0.00298157217912, 0.00611456623301, -0.00190929928795, 0.00932897534221, -0.00207379716448, 0.013583320193, -0.00553084537387, 0.00700264936313, -0.00422701612115, 0.00405924906954, -0.00484694167972], [0.00148269592319, -0.00708955386654, 0.00378203648143, -0.00420834310353, 0.00205835187808, -0.00413358630612, 0.00685135787353, -0.00553084537387, 0.0158169940114, -0.0023405617103, 0.00796419102699, -0.00274322903715, 0.00784287601709], [-0.00024543213658, 0.0059271203354, -0.00079247035319, 0.00252364389598, -0.000457289861515, 0.00398238701746, -0.00307631166652, 0.00700264936313, -0.0023405617103, 0.0153740411624, -0.00530601292849, 0.00641848472878, -0.00174195389263], [0.00145004456863, -0.00730786612257, 0.00223257369362, -0.00357335363515, 0.00223646801896, -0.00346147222444, 0.00382217159495, -0.00422701612115, 0.00796419102699, -0.00530601292849, 0.0191659014672, -0.00311073986813, 0.00832203775644], [-0.000289752730168, 0.00635608565062, -0.00177685101517, 0.00160987989511, 0.000794351159129, 0.0036110910587, -0.00102028995752, 0.00405924906954, -0.00274322903715, 0.00641848472878, -0.00311073986813, 0.014133868739, -0.00390417664312], [0.00165125634521, -0.00685867341235, 0.00496738543734, -0.00512680364773, 0.00225650635548, -0.00413433276117, 0.0035862554796, -0.00484694167972, 0.00784287601709, -0.00174195389263, 0.00832203775644, -0.00390417664312, 0.0174348261207]]
    },
    "melbands": {
        "dmean": [0.000732508429792, 0.00136057147756, 0.00128877907991, 0.000365038024029, 0.000322902546031, 0.000109039072413, 6.26865366939e-05, 7.2142254794e-05, 3.97211115342e-05, 0.000246506911935, 0.000110738896183, 0.000152305568918, 0.000106747073005, 2.82230175799e-05, 2.50635512202e-05, 9.10452290555e-05, 2.26855190704e-05, 8.60015552462e-06, 1.22875344459e-05, 1.83123447641e-05, 7.06832815922e-06, 3.93624804929e-06, 2.56568364421e-06, 2.74116496257e-06, 5.24088318343e-06, 7.62029867474e-06, 1.42455937748e-05, 6.8015206125e-06, 5.4826032283e-06, 3.1944082366e-06, 2.93577522825e-06, 2.35468542087e-06, 5.44708200323e-07, 1.92215097172e-07, 1.97244247602e-07, 1.1456717175e-07, 7.11738081804e-08, 6.03143917033e-08, 5.55687478254e-08, 5.31858397324e-08],
        "dmean2": [0.00129780289717, 0.0022614558693, 0.00205547339283, 0.000580049527343, 0.000419476884417, 0.000174199289177, 0.000101233927126, 0.000117557014164, 6.72457026667e-05, 0.000407919142162, 0.000173355831066, 0.000246859330218, 0.000177827358129, 4.63838368887e-05, 4.14870555687e-05, 0.000153763088747, 3.75221425202e-05, 1.33084677145e-05, 1.96375349333e-05, 2.86124577542e-05, 1.13738051368e-05, 6.12996836935e-06, 3.93083200834e-06, 4.27899658462e-06, 8.44860096549e-06, 1.19356936921e-05, 2.23172792175e-05, 1.0191975889e-05, 8.33825106383e-06, 4.87370016344e-06, 4.56393308923e-06, 3.67814755009e-06, 8.93853155048e-07, 2.73235400527e-07, 2.81294006754e-07, 1.65379461237e-07, 1.09315081431e-07, 9.30539130195e-08, 9.12692996735e-08, 8.77574066749e-08],
        "dvar": [9.73661713033e-07, 2.90572256745e-06, 4.90571574119e-06, 1.50214006567e-07, 1.01748931058e-07, 3.13034789201e-08, 7.19897341739e-09, 1.02043360428e-08, 8.63379412408e-09, 5.10494658101e-07, 6.91108397177e-08, 1.47773008052e-07, 5.0473399682e-08, 3.42845418722e-09, 5.88371129595e-09, 3.5772966811e-08, 3.28873861477e-09, 4.92927365592e-10, 1.47536749484e-09, 3.72996078468e-09, 3.6132186132e-10, 1.32382022011e-10, 3.99270651263e-11, 3.39041017483e-11, 1.27714686049e-10, 1.80571280151e-10, 8.3172080334e-10, 1.18768883617e-10, 7.77589520551e-11, 3.09085014527e-11, 1.94581451646e-11, 2.19086311593e-11, 1.80846028257e-12, 3.41970646679e-13, 4.50160633596e-13, 2.01131049749e-13, 7.14321790195e-14, 4.88453543021e-14, 5.70691023193e-14, 4.83572329315e-14],
        "dvar2": [2.93944390251e-06, 8.25471943244e-06, 1.26056602312e-05, 4.03868767762e-07, 2.33243127923e-07, 8.0989757123e-08, 1.97096152732e-08, 2.71317635026e-08, 2.09404049656e-08, 1.32858156121e-06, 1.41656855135e-07, 3.99962175379e-07, 1.44232657817e-07, 8.88453488557e-09, 1.56800279427e-08, 1.10362250894e-07, 8.96306406872e-09, 1.06853259574e-09, 3.80502029884e-09, 8.17221401661e-09, 9.0828233823e-10, 3.09289677203e-10, 7.38821573365e-11, 8.73762173725e-11, 3.16974918535e-10, 3.89866111616e-10, 2.00264294037e-09, 2.68488759003e-10, 1.96227450955e-10, 8.03475341815e-11, 4.67576810603e-11, 5.64486235533e-11, 4.75933181754e-12, 7.00529586596e-13, 9.91698910491e-13, 4.72258300174e-13, 1.74046473306e-13, 1.14877969333e-13, 1.41774138544e-13, 1.20244932717e-13],
        "max": [0.0101344035938, 0.0186166521162, 0.0228203758597, 0.00352126779035, 0.0036465828307, 0.00262152845971, 0.00124678853899, 0.00127840461209, 0.00146743829828, 0.0130956824869, 0.00822383165359, 0.00891663413495, 0.00387483462691, 0.000919001584407, 0.0014389938442, 0.00343883456662, 0.00105235725641, 0.000524166214745, 0.00101163494401, 0.00116379978135, 0.000324084074236, 0.000135092850542, 0.000105200328107, 9.6898569609e-05, 0.000217208173126, 0.000358554942068, 0.000543447560631, 0.000228861477808, 0.000134431407787, 0.00013496162137, 8.65408510435e-05, 8.36776016513e-05, 1.67921261891e-05, 7.14599764251e-06, 1.02363428596e-05, 8.19668457552e-06, 3.53277118847e-06, 2.93960783893e-06, 4.64252889287e-06, 4.09062658946e-06],
        "mean": [0.00203644740395, 0.00403383141384, 0.00200293306261, 0.000783019757364, 0.000670316687319, 0.000186188030057, 0.000127421779325, 0.000133390334668, 6.52424132568e-05, 0.000330438953824, 0.000167860795045, 0.000221624039114, 0.000158941737027, 3.9819329686e-05, 3.77032338292e-05, 0.000144119781908, 3.25029468513e-05, 1.3353878785e-05, 2.002382098e-05, 2.81809552689e-05, 9.59770750342e-06, 4.90287357024e-06, 3.95352390115e-06, 4.53290567748e-06, 9.33833507588e-06, 1.5739009541e-05, 2.85513469862e-05, 1.66995323525e-05, 1.1730566257e-05, 6.60991145196e-06, 6.57127975501e-06, 4.61597892354e-06, 7.50546007566e-07, 3.09645059815e-07, 2.86320869236e-07, 1.65008202657e-07, 8.77759234186e-08, 7.66995782442e-08, 6.08386301337e-08, 5.56945956021e-08],
        "median": [0.00180239370093, 0.00364810135216, 0.00126392394304, 0.000717769842595, 0.000530498451553, 0.000116874965897, 9.7800657386e-05, 8.50463111419e-05, 2.88271021418e-05, 1.59991086548e-05, 4.95487402077e-05, 6.82897807565e-05, 6.96674687788e-05, 1.42412009154e-05, 5.11769030709e-06, 4.58234644611e-05, 1.07831601781e-05, 3.2206207834e-06, 2.99663452097e-06, 2.65164135271e-06, 1.28836040858e-06, 6.4963217028e-07, 5.42669056358e-07, 9.06697437131e-07, 2.71060980594e-06, 6.62039383315e-06, 1.10235141619e-05, 8.5747869889e-06, 5.60199850952e-06, 3.2809412005e-06, 3.35642607752e-06, 1.66718859873e-06, 1.80479588607e-07, 2.95113427029e-08, 1.39996840787e-08, 5.34683364251e-09, 2.869883442e-09, 5.80413672679e-09, 6.13293726914e-09, 3.33866134739e-09],
        "min": [4.1037676305e-24, 5.43204531182e-24, 7.25189180547e-24, 4.38407002608e-24, 2.16253003746e-24, 1.99451410313e-24, 1.06156799023e-23, 6.02976719186e-24, 7.14813056403e-24, 4.43304093335e-24, 1.25694777387e-23, 7.15468678701e-24, 5.75983634504e-24, 6.60799986881e-24, 5.59895723532e-24, 5.20209117466e-24, 1.87838730922e-23, 1.37648402461e-23, 1.29135370559e-23, 7.20203737399e-24, 1.30012157901e-23, 1.39787919454e-23, 1.14553552827e-23, 2.05440805182e-23, 6.79595702353e-24, 1.18220588523e-23, 9.09036527725e-24, 7.96038277281e-24, 1.26019464647e-23, 1.03883309783e-23, 5.65375703582e-24, 1.09847839756e-23, 7.51759514671e-24, 7.81094096293e-24, 1.06664715006e-23, 1.17141726571e-23, 1.14102852926e-23, 1.26323901847e-23, 9.93828740958e-24, 1.00209545104e-23],
        "var": [1.23741438074e-06, 7.00696682543e-06, 6.17925525148e-06, 2.52804710499e-07, 2.88835110496e-07, 4.90911595818e-08, 1.17903562469e-08, 1.99054603911e-08, 1.45990632916e-08, 8.1201511648e-07, 2.07422402809e-07, 2.12915892916e-07, 7.06370286707e-08, 5.32347765869e-09, 9.42829547768e-09, 6.65375878839e-08, 5.98595750745e-09, 1.24320864714e-09, 4.1002898854e-09, 7.61746221656e-09, 5.51142798066e-10, 1.54090129545e-10, 8.34528696148e-11, 7.55290205379e-11, 3.34533900581e-10, 6.54744869433e-10, 2.53251886129e-09, 5.30065713544e-10, 2.36144687138e-10, 8.32783286775e-11, 5.98962268672e-11, 6.32544086554e-11, 2.56863324014e-12, 7.03553318035e-13, 7.98274695044e-13, 2.8992159693e-13, 8.85510198154e-14, 6.42024140015e-14, 5.72187086666e-14, 5.0177323776e-14]
    },
    "mfcc": {
        "mean": [-676.977905273, 172.147781372, -7.33398675919, 65.417930603, -29.9023780823, 27.1787261963, 30.0185585022, -14.3994112015, 8.75540065765, 1.0967425108, -2.36067724228, -8.81655025482, 0.429438710213],
        "cov": [[2217.12084961, -958.602783203, -295.148590088, -33.4110565186, 458.675506592, -54.0091247559, -277.03918457, 280.799926758, 17.0826625824, 8.18706321716, -127.45275116, -30.2608718872, -10.8559923172], [-958.602783203, 1135.62011719, -83.3225097656, -72.5792388916, -485.764373779, 79.732460022, 331.260925293, -266.921325684, 17.2011947632, 83.7584152222, 151.870483398, -50.5199546814, -42.8746376038], [-295.148590088, -83.3225097656, 551.158996582, -163.58026123, -6.08638954163, 10.0358304977, -61.4676361084, 83.9171905518, -112.003929138, -2.24022388458, -12.8824300766, 70.5336456299, 6.82705402374], [-33.4110565186, -72.5792388916, -163.58026123, 432.794647217, 37.9326248169, -118.438102722, -39.124584198, -48.5018005371, 96.469543457, -104.447860718, 4.96904754639, 8.56978607178, 12.6546344757], [458.675506592, -485.764373779, -6.08638954163, 37.9326248169, 634.047851562, -226.955184937, -352.291748047, 230.504379272, -24.2970275879, -2.84188270569, -110.887580872, 107.441505432, -10.3676252365], [-54.0091247559, 79.732460022, 10.0358304977, -118.438102722, -226.955184937, 316.644226074, 124.543251038, -142.977935791, -23.6306037903, 10.4128065109, 23.6450309753, -89.0051727295, 46.2824287415], [-277.03918457, 331.260925293, -61.4676361084, -39.124584198, -352.291748047, 124.543251038, 344.22869873, -180.291931152, -11.3947019577, 19.1109714508, 51.175983429, -41.7463264465, -7.20832204819], [280.799926758, -266.921325684, 83.9171905518, -48.5018005371, 230.504379272, -142.977935791, -180.291931152, 276.887695312, -15.7571973801, -29.1910228729, -70.3719863892, 43.3837661743, -12.79545784], [17.0826625824, 17.2011947632, -112.003929138, 96.469543457, -24.2970275879, -23.6306037903, -11.3947019577, -15.7571973801, 144.21762085, -14.2951955795, -19.5944404602, -47.8254928589, 9.48497104645], [8.18706321716, 83.7584152222, -2.24022388458, -104.447860718, -2.84188270569, 10.4128065109, 19.1109714508, -29.1910228729, -14.2951955795, 140.3934021, 10.5606298447, -4.57651424408, -22.915725708], [-127.45275116, 151.870483398, -12.8824300766, 4.96904754639, -110.887580872, 23.6450309753, 51.175983429, -70.3719863892, -19.5944404602, 10.5606298447, 167.369628906, 12.5201997757, -34.0703048706], [-30.2608718872, -50.5199546814, 70.5336456299, 8.56978607178, 107.441505432, -89.0051727295, -41.7463264465, 43.3837661743, -47.8254928589, -4.57651424408, 12.5201997757, 146.488876343, -9.2723274231], [-10.8559923172, -42.8746376038, 6.82705402374, 12.6546344757, -10.3676252365, 46.2824287415, -7.20832204819, -12.79545784, 9.48497104645, -22.915725708, -34.0703048706, -9.2723274231, 103.204650879]],
