{
"lowlevel": {
    "average_loudness": 0.981987595558,
    "barkbands_crest": {
        "dmean": 3.67355155945,
        "dmean2": 6.19366598129,
        "dvar": 9.60643863678,
        "dvar2": 25.7786922455,
        "max": 25.8931446075,
        "mean": 15.5011310577,
        "median": 15.0537118912,
        "min": 3.90549349785,
        "var": 22.2190475464
    },
    "barkbands_flatness_db": {
        "dmean": 0.0549561157823,
        "dmean2": 0.0788171812892,
        "dvar": 0.00219787913375,
        "dvar2": 0.00462678447366,
        "max": 0.492575794458,
        "mean": 0.261959195137,
        "median": 0.264210999012,
        "min": 0.0428044982255,
        "var": 0.00683069508523
    },
    "barkbands_kurtosis": {
        "dmean": 17.4251976013,
        "dmean2": 28.6577987671,
        "dvar": 370.841949463,
        "dvar2": 984.304077148,
        "max": 213.448562622,
        "mean": 29.0985107422,
        "median": 20.808965683,
        "min": -1.80094242096,
        "var": 769.418212891
    },
    "barkbands_skewness": {
        "dmean": 1.33843076229,
        "dmean2": 2.21543574333,
        "dvar": 1.39741098881,
        "dvar2": 3.77132177353,
        "max": 13.3393192291,
        "mean": 4.15470457077,
        "median": 3.94445180893,
        "min": -2.05919027328,
        "var": 3.79511880875
    },
    "barkbands_spread": {
        "dmean": 6.05755233765,
        "dmean2": 9.87679195404,
        "dvar": 86.5315093994,
        "dvar2": 208.148071289,
        "max": 72.294418335,
        "mean": 8.70658779144,
        "median": 4.46643447876,
        "min": 0.424856632948,
        "var": 119.738067627
    },
    "dissonance": {
        "dmean": 0.0236997790635,
        "dmean2": 0.0386356338859,
        "dvar": 0.000661102356389,
        "dvar2": 0.0016342762392,
        "max": 0.499311119318,
        "mean": 0.462171018124,
        "median": 0.470840960741,
        "min": 0.0633429139853,
        "var": 0.00100488087628
    },
    "dynamic_complexity": 0.956135988235,
    "erbbands_crest": {
        "dmean": 2.77369952202,
        "dmean2": 4.5383067131,
        "dvar": 5.86113119125,
        "dvar2": 15.230257988,
        "max": 28.5468025208,
        "mean": 8.91833114624,
        "median": 7.96237277985,
        "min": 2.45117068291,
        "var": 15.8821563721
    },
    "erbbands_flatness_db": {
        "dmean": 0.0314971134067,
        "dmean2": 0.0449291728437,
        "dvar": 0.000965258164797,
        "dvar2": 0.00172825728077,
        "max": 0.323461622,
        "mean": 0.171147450805,
        "median": 0.166124612093,
        "min": 0.0598423816264,
        "var": 0.00255097355694
    },
    "erbbands_kurtosis": {
        "dmean": 1.46469092369,
        "dmean2": 2.44607114792,
        "dvar": 2.84840726852,
        "dvar2": 7.08819437027,
        "max": 15.2450122833,
        "mean": 0.871773958206,
        "median": 0.340143680573,
        "min": -1.84889507294,
        "var": 5.0655298233
    },
    "erbbands_skewness": {
        "dmean": 0.615531742573,
        "dmean2": 0.960577785969,
        "dvar": 0.384426862001,
        "dvar2": 0.877077758312,
        "max": 3.51340675354,
        "mean": 0.673522591591,
        "median": 0.819548368454,
        "min": -2.60743999481,
        "var": 0.870266795158
    },
    "erbbands_spread": {
        "dmean": 16.707906723,
        "dmean2": 26.950422287,
        "dvar": 308.13873291,
        "dvar2": 660.087585449,
        "max": 124.06716156,
        "mean": 48.4119796753,
        "median": 43.4497261047,
        "min": 6.66452455521,
        "var": 699.484313965
    },
    "hfc": {
        "dmean": 8.98807525635,
        "dmean2": 14.7499818802,
        "dvar": 197.615921021,
        "dvar2": 493.37890625,
        "max": 130.143417358,
        "mean": 18.8563957214,
        "median": 14.1959543228,
        "min": 1.21187730151e-16,
        "var": 205.684585571
    },
    "melbands_crest": {
        "dmean": 4.00623989105,
        "dmean2": 6.85557079315,
        "dvar": 13.048623085,
        "dvar2": 35.8099403381,
        "max": 35.6636276245,
        "mean": 21.8634490967,
        "median": 21.4794330597,
        "min": 2.8784327507,
        "var": 29.2636165619
    },
    "melbands_flatness_db": {
        "dmean": 0.0621366612613,
        "dmean2": 0.0879382416606,
        "dvar": 0.00282627763227,
        "dvar2": 0.00580362183973,
        "max": 0.615422666073,
        "mean": 0.363414943218,
        "median": 0.367586344481,
        "min": 0.00636473437771,
        "var": 0.00940283294767
    },
    "melbands_kurtosis": {
        "dmean": 35.3911743164,
        "dmean2": 59.2513542175,
        "dvar": 1589.64282227,
        "dvar2": 4243.37255859,
        "max": 390.024749756,
        "mean": 65.1551361084,
        "median": 48.3246192932,
        "min": -1.34416472912,
        "var": 3429.26806641
    },
    "melbands_skewness": {
        "dmean": 1.70964646339,
        "dmean2": 2.82821917534,
        "dvar": 2.25482845306,
        "dvar2": 6.0202498436,
        "max": 15.7791833878,
        "mean": 5.79632949829,
        "median": 5.40368461609,
        "min": -0.0581514127553,
        "var": 6.65601539612
    },
    "melbands_spread": {
        "dmean": 4.19394826889,
        "dmean2": 7.03763151169,
        "dvar": 70.4013061523,
        "dvar2": 165.744857788,
        "max": 153.175476074,
        "mean": 5.98341703415,
        "median": 3.30254149437,
        "min": 0.38490280509,
        "var": 83.577507019
    },
    "pitch_salience": {
        "dmean": 0.117181040347,
        "dmean2": 0.201471805573,
        "dvar": 0.0100326575339,
        "dvar2": 0.0270431730896,
        "max": 0.870132505894,
        "mean": 0.390779852867,
        "median": 0.383221566677,
        "min": 0.0785977244377,
        "var": 0.0219187103212
    },
    "silence_rate_20dB": {
        "dmean": 0,
        "dmean2": 0,
        "dvar": 0,
        "dvar2": 0,
        "max": 1,
        "mean": 1,
        "median": 1,
        "min": 1,
        "var": 0
    },
    "silence_rate_30dB": {
        "dmean": 0.215463921428,
        "dmean2": 0.431150078773,
        "dvar": 0.169036000967,
        "dvar2": 0.360786736012,
        "max": 1,
        "mean": 0.656877875328,
        "median": 1,
        "min": 0,
        "var": 0.225390791893
    },
    "silence_rate_60dB": {
        "dmean": 0.000515463936608,
        "dmean2": 0.00103145954199,
        "dvar": 0.000515170919243,
        "dvar2": 0.00103040458634,
        "max": 1,
        "mean": 0.0010303966701,
        "median": 0,
        "min": 0,
        "var": 0.00102934613824
    },
    "spectral_centroid": {
        "dmean": 431.639099121,
        "dmean2": 671.481262207,
        "dvar": 347744.84375,
        "dvar2": 716629.5625,
        "max": 11180.0390625,
        "mean": 864.774536133,
        "median": 524.641174316,
        "min": 120.52822876,
        "var": 636690.6875
    },
    "spectral_complexity": {
        "dmean": 5.64278364182,
        "dmean2": 8.90871620178,
        "dvar": 45.1121063232,
        "dvar2": 97.5905990601,
        "max": 54,
        "mean": 15.1988668442,
        "median": 12,
        "min": 0,
        "var": 81.4958190918
    },
    "spectral_decrease": {
        "dmean": 6.08616623765e-09,
        "dmean2": 1.03209449875e-08,
        "dvar": 2.6382447527e-17,
        "dvar2": 7.36516191112e-17,
        "max": 5.52158510299e-30,
        "mean": -2.37626380795e-08,
        "median": -2.40579236532e-08,
        "min": -4.50554153986e-08,
        "var": 5.46287645846e-17
    },
    "spectral_energy": {
        "dmean": 0.0230732951313,
        "dmean2": 0.0390975065529,
        "dvar": 0.000378424389055,
        "dvar2": 0.00105612480547,
        "max": 0.171489015222,
        "mean": 0.0913960710168,
        "median": 0.092635601759,
        "min": 1.09712446233e-20,
        "var": 0.000774120911956
    },
    "spectral_energyband_high": {
        "dmean": 0.000814518891275,
        "dmean2": 0.00135430425871,
        "dvar": 2.64854361376e-06,
        "dvar2": 6.68936172588e-06,
        "max": 0.0153864091262,
        "mean": 0.000841082597617,
        "median": 0.000124553276692,
        "min": 8.22621102544e-21,
        "var": 2.71956832876e-06
    },
    "spectral_energyband_low": {
        "dmean": 0.0245892573148,
        "dmean2": 0.0420258753002,
        "dvar": 0.000430807558587,
        "dvar2": 0.00121425208636,
        "max": 0.163875028491,
        "mean": 0.0772121176124,
        "median": 0.0786433070898,
        "min": 1.39338811474e-22,
        "var": 0.000951984198764
    },
    "spectral_energyband_middle_high": {
        "dmean": 0.00143244094215,
        "dmean2": 0.00241800420918,
        "dvar": 5.96692325416e-06,
        "dvar2": 1.53570781549e-05,
        "max": 0.021741675213,
        "mean": 0.00186268042307,
        "median": 0.000922172795981,
        "min": 1.4216627576e-21,
        "var": 6.46860053166e-06
    },
    "spectral_energyband_middle_low": {
        "dmean": 0.00753904134035,
        "dmean2": 0.0127786239609,
        "dvar": 0.000108126660052,
        "dvar2": 0.000287053844659,
        "max": 0.102717466652,
        "mean": 0.0148560069501,
        "median": 0.0112353870645,
        "min": 2.89751488252e-22,
        "var": 0.000145103986142
    },
    "spectral_entropy": {
        "dmean": 0.375450998545,
        "dmean2": 0.537833988667,
        "dvar": 0.132824108005,
        "dvar2": 0.229358822107,
        "max": 9.80162620544,
        "mean": 7.01022529602,
        "median": 7.04293489456,
        "min": 4.96259832382,
        "var": 0.384722083807
    },
    "spectral_flux": {
        "dmean": 0.0480437539518,
        "dmean2": 0.0774712711573,
        "dvar": 0.00188915152103,
        "dvar2": 0.00458435760811,
        "max": 0.385343372822,
        "mean": 0.142036825418,
        "median": 0.133899956942,
        "min": 1.04743706764e-10,
        "var": 0.00353661971167
    },
    "spectral_kurtosis": {
        "dmean": 5.82761144638,
        "dmean2": 9.12024402618,
        "dvar": 56.1848564148,
        "dvar2": 122.120910645,
        "max": 69.4530181885,
        "mean": 8.95239543915,
        "median": 4.92999649048,
        "min": -1.21309995651,
        "var": 104.7993927
    },
    "spectral_rms": {
        "dmean": 0.00122481246945,
        "dmean2": 0.00206907372922,
        "dvar": 1.11416363779e-06,
        "dvar2": 2.95850145449e-06,
        "max": 0.0129346959293,
        "mean": 0.00931362714618,
        "median": 0.00950664002448,
        "min": 3.27164380656e-12,
        "var": 2.42314649768e-06
    },
    "spectral_rolloff": {
        "dmean": 256.809753418,
        "dmean2": 461.971557617,
        "dvar": 610474.75,
        "dvar2": 1390904.25,
        "max": 18497.0214844,
        "mean": 334.345794678,
        "median": 150.732421875,
        "min": 64.599609375,
        "var": 562849.9375
    },
    "spectral_skewness": {
        "dmean": 0.687728583813,
        "dmean2": 1.00039339066,
        "dvar": 0.478158116341,
        "dvar2": 0.915884613991,
        "max": 6.92095327377,
        "mean": 1.92997419834,
        "median": 1.69455873966,
        "min": -0.0388957411051,
        "var": 1.29927611351
    },
    "spectral_spread": {
        "dmean": 872367.25,
        "dmean2": 1271351.125,
        "dvar": 1.25270727066e+12,
        "dvar2": 1.75184740352e+12,
        "max": 40130824,
        "mean": 3670922,
        "median": 3602805.75,
        "min": 1026604.3125,
        "var": 2.7500502057e+12
    },
    "spectral_strongpeak": {
        "dmean": 0.287212669849,
        "dmean2": 0.491911590099,
        "dvar": 0.0819467231631,
        "dvar2": 0.226236090064,
        "max": 2.93413996696,
        "mean": 0.719089210033,
        "median": 0.667420387268,
        "min": 0,
        "var": 0.158739134669
    },
    "zerocrossingrate": {
        "dmean": 0.00729955313727,
        "dmean2": 0.00929648242891,
        "dvar": 0.00020300084725,
        "dvar2": 0.000247313233558,
        "max": 0.513671875,
        "mean": 0.0190175604075,
        "median": 0.01416015625,
        "min": 0,
        "var": 0.000372438400518
    },
    "barkbands": {
        "dmean": [0.00268802768551, 0.0208646394312, 0.012679323554, 0.00475725159049, 0.00279634352773, 0.00182861881331, 0.000940453202929, 0.000476224231534, 0.000333136471454, 0.000184660137165, 0.000114993745228, 0.000151633896166, 8.14903760329e-05, 6.41030856059e-05, 9.92446875898e-05, 0.000103603575553, 0.000137585273478, 0.000173885855475, 0.000455798726762, 0.000412871944718, 0.000379086559406, 0.000124985323055, 6.55816111248e-05, 4.35779802501e-05, 2.01459934033e-05, 2.62136509264e-05, 1.37455572258e-06],
        "dmean2": [0.00450847810134, 0.0346480719745, 0.0213645994663, 0.0084205660969, 0.00485929194838, 0.00311342836358, 0.00152239378076, 0.000808493001387, 0.000556190731004, 0.000315683457302, 0.000196448148927, 0.000264257221716, 0.000144139048643, 0.000111721485155, 0.000166106066899, 0.000177317793714, 0.000231237703701, 0.000282128021354, 0.000786974502262, 0.000706040125806, 0.000647238746751, 0.000208323690458, 0.000110360007966, 7.25071367924e-05, 3.36803859682e-05, 4.83100411657e-05, 2.56140742749e-06],
        "dvar": [1.32603317979e-05, 0.000389586377423, 0.000185427066754, 5.19949571753e-05, 1.94926778931e-05, 5.84074132348e-06, 1.31187971419e-06, 6.72498345011e-07, 2.82584636579e-07, 1.23077697367e-07, 3.71627244533e-08, 1.81576737646e-07, 6.67932624765e-08, 2.15998934294e-08, 4.77299195722e-08, 4.63049616428e-08, 6.95121258332e-08, 1.13400055568e-07, 1.03823231257e-06, 8.41116786887e-07, 8.25282882033e-07, 7.36769223408e-08, 2.16768025751e-08, 9.9028829581e-09, 1.72693281897e-09, 5.82804515759e-09, 2.13606892591e-11],
        "dvar2": [3.6635210563e-05, 0.00106146128383, 0.000492169638164, 0.000142238364788, 5.54506914341e-05, 1.57952981681e-05, 3.15749412039e-06, 1.86518116152e-06, 7.83887060152e-07, 3.39992169529e-07, 1.01819594533e-07, 4.88297246193e-07, 1.91355255197e-07, 5.8324253871e-08, 1.22129321767e-07, 1.18233288049e-07, 1.81663509125e-07, 2.68577196039e-07, 2.78671404885e-06, 2.2919937237e-06, 2.18877539737e-06, 1.76265047003e-07, 5.09245232649e-08, 2.37180870499e-08, 4.19039736244e-09, 1.65285118925e-08, 6.0555754855e-11],
        "max": [0.037848379463, 0.144305616617, 0.109121799469, 0.0614776201546, 0.0567278824747, 0.0341675691307, 0.0193097870797, 0.0185179673135, 0.0107346493751, 0.00709466915578, 0.00330601120368, 0.0074067581445, 0.00422924710438, 0.0017393194139, 0.00325501454063, 0.00351196341217, 0.00287400349043, 0.00593631435186, 0.0105690648779, 0.00855957344174, 0.0100565487519, 0.00365111324936, 0.00304360152222, 0.0015879906714, 0.000711619795766, 0.000611917639617, 6.06128960499e-05],
        "mean": [0.00344292889349, 0.0472089610994, 0.0232613328844, 0.00522767147049, 0.00381517596543, 0.00251614698209, 0.00168456730898, 0.000869223498739, 0.000602405634709, 0.000266576360445, 0.000175832974492, 0.000185760480235, 8.26489049359e-05, 7.29222156224e-05, 0.000115914910566, 0.000119804171845, 0.000170919462107, 0.000185850789421, 0.000386682717362, 0.00037330633495, 0.00038265180774, 0.00011458928202, 5.80911182624e-05, 3.99572090828e-05, 1.8473045202e-05, 1.68074802787e-05, 9.02845670225e-07],
        "median": [0.0016951719299, 0.0439809300005, 0.0145276701078, 0.00226536765695, 0.00250195898116, 0.00165559642483, 0.00114417111035, 0.00036589265801, 0.000304549583234, 0.00014417161583, 0.000109066735604, 8.28050106065e-05, 2.99454040942e-05, 2.85890910163e-05, 3.62416722055e-05, 4.2495346861e-05, 8.00571870059e-05, 3.71576315956e-05, 6.00158564339e-05, 4.5044496801e-05, 3.87672371289e-05, 1.46899456013e-05, 8.88930117071e-06, 6.65957759338e-06, 2.65810240307e-06, 6.33639501757e-07, 1.01813517617e-08],
        "min": [3.52498961401e-23, 7.69277212368e-23, 3.89232868987e-23, 1.44296937947e-23, 3.50859487559e-23, 1.10449084294e-22, 2.62642655587e-23, 5.09433245946e-23, 4.15983868035e-23, 5.29653581104e-23, 7.14919079308e-23, 5.42369135372e-23, 9.12339788102e-23, 9.54576473819e-23, 1.45105409935e-22, 9.66977367249e-23, 1.63087538445e-22, 1.87778405151e-22, 2.07306133056e-22, 4.30847250734e-22, 6.29343890072e-22, 6.09913223613e-22, 6.01544027875e-22, 9.57114611693e-22, 1.15021503854e-21, 1.71687293613e-21, 2.55635786029e-21],
        "var": [1.98093202926e-05, 0.000898849917576, 0.000487535318825, 5.47349009139e-05, 1.85191111086e-05, 7.3549276749e-06, 2.83928602585e-06, 2.77013805317e-06, 6.67179506308e-07, 1.34780563599e-07, 5.04579737992e-08, 1.9603614021e-07, 4.68685179555e-08, 2.19346745212e-08, 6.29522673989e-08, 5.88214810193e-08, 7.80010722679e-08, 1.6107394174e-07, 7.79449919719e-07, 7.08141158157e-07, 8.23474579192e-07, 7.40108774266e-08, 2.06540899939e-08, 1.01515134077e-08, 1.80242343273e-09, 3.45083361886e-09, 1.3433362929e-11]
    },
    "erbbands": {
        "dmean": [0.708697736263, 5.12470197678, 13.7726297379, 15.3397483826, 8.91143417358, 10.0532255173, 19.399055481, 10.3386936188, 10.8787441254, 13.6749258041, 8.71128940582, 7.47508096695, 6.57554244995, 5.05145311356, 4.32650852203, 6.55378818512, 3.9688949585, 3.1921107769, 4.26047468185, 5.21809148788, 6.48405170441, 7.75908088684, 8.69662857056, 17.9250621796, 22.2229671478, 19.928024292, 22.0944156647, 7.76527643204, 5.08923435211, 2.7766494751, 1.75479876995, 1.17766809464, 0.573308050632, 0.278899133205, 0.127126693726, 0.084038451314, 0.054546713829, 0.00969231594354, 0.000240938839852, 2.84751331492e-05],
        "dmean2": [1.19153416157, 8.56509780884, 23.3597011566, 26.2330093384, 15.6010894775, 17.8315544128, 33.4083709717, 17.6980857849, 18.2670974731, 21.8819599152, 14.9439048767, 12.687128067, 11.0749254227, 8.66402626038, 7.48215150833, 11.4987983704, 7.03775978088, 5.54634857178, 7.34591197968, 8.38850593567, 11.2319822311, 12.876537323, 14.059923172, 30.6214809418, 38.4935035706, 33.9393577576, 37.5790481567, 13.1546611786, 8.57518291473, 4.63553667068, 2.92970395088, 1.96487295628, 0.950589001179, 0.472112506628, 0.213785752654, 0.149427995086, 0.102281436324, 0.0181534402072, 0.0004506369296, 4.81749448227e-05],
        "dvar": [0.641687273979, 24.1726436615, 191.479476929, 500.297393799, 199.834686279, 292.005401611, 755.563598633, 235.372085571, 202.038513184, 339.73046875, 266.538391113, 171.343688965, 145.967437744, 77.9495620728, 61.2769317627, 398.68862915, 133.24017334, 65.7503128052, 94.7469863892, 126.673706055, 174.562286377, 239.431411743, 286.620544434, 1385.49645996, 2860.51757812, 1858.99353027, 3048.92724609, 272.88973999, 146.798721313, 36.3952026367, 15.1607131958, 8.40031242371, 1.26434028149, 0.326440691948, 0.0873378366232, 0.0397794991732, 0.0319114811718, 0.000955053430516, 6.14367934304e-07, 7.74424080419e-10],
        "dvar2": [1.73874485493, 65.2435073853, 530.853088379, 1321.70837402, 557.569213867, 833.610473633, 2089.16210938, 643.169433594, 540.07598877, 884.37512207, 762.537414551, 486.530334473, 408.576629639, 218.182250977, 172.957107544, 1074.70336914, 380.061096191, 178.814804077, 254.932144165, 275.68637085, 455.983001709, 603.570251465, 658.347412109, 3684.54370117, 7720.6796875, 5049.00830078, 8065.87939453, 709.621459961, 365.996185303, 81.6416778564, 35.5205192566, 20.3126602173, 2.98459553719, 0.798110961914, 0.217356398702, 0.108129136264, 0.0915556401014, 0.00273177493364, 1.76434332388e-06, 2.14609263693e-09],
        "max": [6.39615011215, 36.9895248413, 116.010810852, 202.211425781, 225.91394043, 244.146911621, 364.246368408, 179.427337646, 172.548080444, 478.574371338, 262.194854736, 287.872314453, 184.977386475, 150.484298706, 140.019104004, 364.672668457, 178.981369019, 124.323997498, 149.131164551, 222.107681274, 176.431671143, 215.041732788, 301.223876953, 417.701477051, 656.252807617, 401.857757568, 647.850219727, 168.080429077, 118.176940918, 122.445388794, 85.0037918091, 50.534538269, 16.5492286682, 10.6428003311, 5.4083609581, 2.66225743294, 1.54485452175, 0.305221408606, 0.00823004823178, 0.000292622455163],
        "mean": [1.32636094093, 10.5400705338, 28.1039199829, 22.6096687317, 11.5696725845, 12.8476600647, 24.9818630219, 14.6162528992, 18.6004180908, 28.6197166443, 15.1796340942, 12.8219213486, 10.2614431381, 7.41197776794, 6.5202331543, 8.06490516663, 4.26234102249, 3.60624146461, 4.91896104813, 6.44777011871, 7.90450048447, 9.56635189056, 10.0222396851, 16.4312992096, 18.4384860992, 18.458574295, 22.779335022, 7.21282482147, 4.51468801498, 2.5813832283, 1.58183908463, 1.0347161293, 0.539304077625, 0.250278323889, 0.117881819606, 0.0619002692401, 0.0329576395452, 0.00594762526453, 0.000189507612959, 0.000105088081909],
        "median": [0.977968752384, 8.91693782806, 20.3305873871, 12.6694202423, 7.0287566185, 8.15736961365, 16.1062526703, 9.53308391571, 13.4620275497, 16.7053985596, 7.7977399826, 6.85994625092, 5.70174980164, 4.46229982376, 3.82458043098, 3.46783781052, 1.71593058109, 1.41267478466, 1.76759088039, 2.15185809135, 3.13975167274, 4.33393239975, 2.80938911438, 2.76195049286, 2.69029569626, 2.49615621567, 1.90334773064, 1.04206311703, 0.540897786617, 0.398835271597, 0.256325155497, 0.153277590871, 0.0903705507517, 0.0391678921878, 0.0145235918462, 0.00405478011817, 0.000884916458745, 7.16299400665e-05, 5.05898387928e-05, 0.000103876198409],
        "min": [1.04160820321e-21, 2.15376570382e-20, 5.89341241779e-20, 3.5106236668e-20, 8.76693576069e-20, 1.34989917683e-19, 7.42760730585e-19, 6.59249403122e-19, 3.04635316762e-19, 7.9423038984e-19, 1.01809679306e-18, 1.08733853118e-18, 1.24568375128e-18, 1.96591590769e-18, 3.18476426554e-18, 2.07147263246e-18, 4.58063465115e-18, 4.36216425726e-18, 8.97964608239e-18, 4.48598740469e-18, 6.47647719402e-18, 9.12510992901e-18, 9.92381484897e-18, 8.35530669965e-18, 1.66459328385e-17, 2.21383558575e-17, 2.93369861282e-17, 1.85746930338e-17, 2.19361978789e-17, 1.64123453053e-17, 1.74608860672e-17, 1.67373941988e-17, 1.88379333376e-17, 1.1206721521e-17, 8.77151255102e-18, 5.95806862848e-18, 3.14752935065e-18, 1.35062774201e-18, 4.08748482109e-19, 3.56784097762e-20],
        "var": [1.43919658661, 56.0137252808, 548.70690918, 752.875793457, 197.689147949, 256.615966797, 824.908935547, 256.832305908, 302.920898438, 1560.83093262, 407.368774414, 293.41293335, 177.301559448, 93.537437439, 85.5772247314, 422.697875977, 98.095161438, 58.6986656189, 102.925636292, 245.919189453, 216.509567261, 280.566741943, 432.930328369, 1143.82775879, 2058.21191406, 1599.8918457, 3050.86987305, 234.113296509, 129.151763916, 40.7011108398, 14.7365942001, 7.86553430557, 1.48707902431, 0.33267134428, 0.0914830341935, 0.0279801618308, 0.0180409830064, 0.000549606047571, 3.54063814711e-07, 1.17761578267e-09]
    },
    "gfcc": {
        "mean": [-18.9029998779, 145.08430481, -82.8909378052, 57.4451751709, -44.6664733887, 3.62721276283, -17.1798858643, 10.6849584579, -9.81335163116, -2.33637428284, -4.38536024094, -4.64046955109, -2.75479674339],
        "cov": [[4270.76953125, -2212.92504883, -420.019927979, 667.897033691, -596.594177246, 185.488296509, -292.866943359, 236.657211304, -560.3984375, 383.804992676, -408.089935303, 208.778015137, -295.760040283], [-2212.92504883, 2117.61694336, 8.42773342133, -660.031311035, 417.107543945, -174.751403809, 165.854675293, -238.575393677, 432.562438965, -368.278106689, 330.701721191, -211.455566406, 217.349700928], [-420.019927979, 8.42773342133, 560.522766113, -98.0425262451, 36.1968536377, 70.0151901245, -5.16718578339, -17.8172607422, 0.439858466387, -4.50391340256, -25.4560699463, 57.2473907471, -37.6410255432], [667.897033691, -660.031311035, -98.0425262451, 511.633483887, -139.091445923, -13.7042694092, 17.0886421204, 73.2800521851, -132.763076782, 96.2806396484, -50.9580039978, 8.20982837677, 1.59273445606], [-596.594177246, 417.107543945, 36.1968536377, -139.091445923, 254.354904175, -42.2252502441, 64.6320266724, -22.0298404694, 104.472320557, -52.1921348572, 55.2035179138, -27.1102523804, 40.008190155], [185.488296509, -174.751403809, 70.0151901245, -13.7042694092, -42.2252502441, 133.776779175, -48.0385055542, 20.1886291504, -22.6028614044, 14.7092475891, -19.6706962585, 26.2663803101, -27.6759548187], [-292.866943359, 165.854675293, -5.16718578339, 17.0886421204, 64.6320266724, -48.0385055542, 151.925064087, 3.54701900482, 44.3077316284, 8.72353553772, 53.434387207, -25.7665576935, 36.7970962524], [236.657211304, -238.575393677, -17.8172607422, 73.2800521851, -22.0298404694, 20.1886291504, 3.54701900482, 111.820236206, -15.2168979645, 54.945476532, -11.5582036972, 26.0519256592, -22.611366272], [-560.3984375, 432.562438965, 0.439858466387, -132.763076782, 104.472320557, -22.6028614044, 44.3077316284, -15.2168979645, 197.15447998, -53.9232368469, 86.8208694458, -30.4678077698, 53.9271430969], [383.804992676, -368.278106689, -4.50391340256, 96.2806396484, -52.1921348572, 14.7092475891, 8.72353553772, 54.945476532, -53.9232368469, 159.317703247, -61.192024231, 43.4090003967, -24.2205352783], [-408.089935303, 330.701721191, -25.4560699463, -50.9580039978, 55.2035179138, -19.6706962585, 53.434387207, -11.5582036972, 86.8208694458, -61.192024231, 160.856964111, -28.0103187561, 38.1822967529], [208.778015137, -211.455566406, 57.2473907471, 8.20982837677, -27.1102523804, 26.2663803101, -25.7665576935, 26.0519256592, -30.4678077698, 43.4090003967, -28.0103187561, 94.7109146118, -21.5750865936], [-295.760040283, 217.349700928, -37.6410255432, 1.59273445606, 40.008190155, -27.6759548187, 36.7970962524, -22.611366272, 53.9271430969, -24.2205352783, 38.1822967529, -21.5750865936, 107.264884949]],
        "icov": [[0.000920781109016, -0.000465355842607, 0.000875389261637, -0.000806730706245, 0.000773085746914, -0.000854026235174, 0.000590282608755, -0.000670933513902, 0.00106274522841, -0.000893601041753, 0.00104654708412, -0.00130434765015, 0.00157738686539], [-0.000465355842607, 0.00730513501912, -0.00100879394449, 0.00600359030068, -0.00232577417046, 0.00450463267043, -0.00185045704711, 0.00458706682548, -0.00425605289638, 0.00544805824757, -0.00508564757183, 0.00693432986736, -0.00632213708013], [0.000875389261637, -0.00100879394449, 0.00310866488144, -0.00104679667857, 0.000466052209958, -0.00235707266256, -5.70709889871e-05, -0.000238785811234, 0.00119545252528, -0.000877581711393, 0.00184324826114, -0.00319665437564, 0.00265321740881], [-0.000806730706245, 0.00600359030068, -0.00104679667857, 0.00838273856789, -0.000969684566371, 0.00459680799395, -0.00243254890665, 0.00216832919978, -0.0019352727104, 0.00400308612734, -0.00458396179602, 0.00683390209451, -0.00715878605843], [0.000773085746914, -0.00232577417046, 0.000466052209958, -0.000969684566371, 0.00738150719553, -0.00062303856248, -0.00095916679129, -0.00237115006894, 0.000297922029858, -0.00122668268159, 0.00247487425804, -0.00254501588643, 0.00211788527668], [-0.000854026235174, 0.00450463267043, -0.00235707266256, 0.00459680799395, -0.00062303856248, 0.0130424192175, 0.00115653476678, 0.00115602172446, -0.00293506239541, 0.00326544605196, -0.00420143082738, 0.00449985591695, -0.00431982846931], [0.000590282608755, -0.00185045704711, -5.70709889871e-05, -0.00243254890665, -0.00095916679129, 0.00115653476678, 0.0110597750172, -0.00194017996546, 0.00129462021869, -0.00460049742833, -0.00142498977948, 1.55397356139e-05, 0.000667063344736], [-0.000670933513902, 0.00458706682548, -0.000238785811234, 0.00216832919978, -0.00237115006894, 0.00115602172446, -0.00194017996546, 0.0158375278115, -0.00462823687121, 0.000566397211514, -0.00422371923923, 0.0024246184621, -0.0016279828269], [0.00106274522841, -0.00425605289638, 0.00119545252528, -0.0019352727104, 0.000297922029858, -0.00293506239541, 0.00129462021869, -0.00462823687121, 0.0127851711586, -0.00353818526492, 0.000549973046873, -0.00362183596008, 0.00156347232405], [-0.000893601041753, 0.00544805824757, -0.000877581711393, 0.00400308612734, -0.00122668268159, 0.00326544605196, -0.00460049742833, 0.000566397211514, -0.00353818526492, 0.0150854773819, -0.000727446575183, 0.0022516832687, -0.00497602019459], [0.00104654708412, -0.00508564757183, 0.00184324826114, -0.00458396179602, 0.00247487425804, -0.00420143082738, -0.00142498977948, -0.00422371923923, 0.000549973046873, -0.000727446575183, 0.0142299365252, -0.00591815030202, 0.00480042677373], [-0.00130434765015, 0.00693432986736, -0.00319665437564, 0.00683390209451, -0.00254501588643, 0.00449985591695, 1.55397356139e-05, 0.0024246184621, -0.00362183596008, 0.0022516832687, -0.00591815030202, 0.0219838488847, -0.00739685399458], [0.00157738686539, -0.00632213708013, 0.00265321740881, -0.00715878605843, 0.00211788527668, -0.00431982846931, 0.000667063344736, -0.0016279828269, 0.00156347232405, -0.00497602019459, 0.00480042677373, -0.00739685399458, 0.0199371371418]]
    },
    "melbands": {
        "dmean": [0.00566404871643, 0.00642106356099, 0.00235476950184, 0.000595610006712, 0.000608565693256, 0.000253927079029, 0.000180153918336, 0.000139535550261, 7.20960160834e-05, 4.60502924398e-05, 3.2537845982e-05, 2.04331136047e-05, 1.40743932207e-05, 1.74480192072e-05, 1.23860836538e-05, 7.74883392296e-06, 5.83330074733e-06, 6.72217083775e-06, 7.41275380278e-06, 6.27805502518e-06, 8.54814879858e-06, 8.45383692649e-06, 8.17961335997e-06, 8.22461606731e-06, 1.53812961798e-05, 1.84524215001e-05, 1.4504597857e-05, 1.27242619783e-05, 1.59126757353e-05, 7.83089944889e-06, 3.50373534275e-06, 3.17868011734e-06, 2.00429099095e-06, 1.42811848036e-06, 1.06560923996e-06, 8.85207896317e-07, 6.52149878988e-07, 4.2157736857e-07, 2.97057340504e-07, 2.22912021286e-07],
        "dmean2": [0.00941136386245, 0.0109920613468, 0.00399433402345, 0.00104385334998, 0.00104522239417, 0.000431933731306, 0.00029827025719, 0.000224123839871, 0.00012393668294, 7.80590125942e-05, 5.49404321646e-05, 3.52684946847e-05, 2.40965200646e-05, 3.02843509417e-05, 2.18776440306e-05, 1.37259839903e-05, 1.01345340227e-05, 1.16361970868e-05, 1.23164372781e-05, 1.01600280686e-05, 1.50362184286e-05, 1.41579876072e-05, 1.36579828904e-05, 1.34755737236e-05, 2.64915252046e-05, 3.1988703995e-05, 2.52098107012e-05, 2.18088716792e-05, 2.68607400358e-05, 1.34344882099e-05, 5.99693294134e-06, 5.42731595488e-06, 3.31141177412e-06, 2.41534439738e-06, 1.79583798854e-06, 1.48745982642e-06, 1.08833467038e-06, 7.01268618286e-07, 4.90013007948e-07, 3.8299143057e-07],
        "dvar": [3.22468658851e-05, 3.6166231439e-05, 1.07148325696e-05, 8.92256025509e-07, 7.96103734046e-07, 1.26876116724e-07, 5.08738153826e-08, 3.87324554652e-08, 1.85933970442e-08, 6.26796037295e-09, 3.67020791536e-09, 1.39582867487e-09, 6.19321371964e-10, 2.15775486367e-09, 1.33492061849e-09, 5.58322665878e-10, 2.04960229344e-10, 2.45720860326e-10, 2.58126270358e-10, 1.58398974492e-10, 3.14310188987e-10, 3.01113856072e-10, 2.61783067446e-10, 2.7090124588e-10, 1.05922115523e-09, 1.981250497e-09, 1.2321771381e-09, 7.75734532166e-10, 1.55150603476e-09, 3.30398375326e-10, 5.83818479671e-11, 7.48512155035e-11, 1.70729454879e-11, 1.07847671765e-11, 5.97596408122e-12, 4.62887887742e-12, 2.59976437079e-12, 6.56860850434e-13, 3.98392066949e-13, 2.367695341e-13],
        "dvar2": [8.7966756837e-05, 0.000100761950307, 2.81709035335e-05, 2.52774384535e-06, 2.22337735067e-06, 3.47498797737e-07, 1.29599158072e-07, 1.02276977998e-07, 5.26265928613e-08, 1.78088459535e-08, 1.02506048094e-08, 3.92225540935e-09, 1.72705461043e-09, 5.72500891138e-09, 3.80581655079e-09, 1.58780910642e-09, 5.55414381154e-10, 6.64901855796e-10, 6.5014033046e-10, 3.43398726121e-10, 8.46248904285e-10, 7.93065890736e-10, 6.34681696088e-10, 6.54009180145e-10, 2.84567680531e-09, 5.33854782603e-09, 3.40364070262e-09, 2.10292405711e-09, 4.10289890951e-09, 8.67744709421e-10, 1.53822704574e-10, 1.91866592059e-10, 3.76945002989e-11, 2.54065692096e-11, 1.43324501573e-11, 1.09934231857e-11, 6.38726354793e-12, 1.57219148724e-12, 9.36476915979e-13, 6.07081550828e-13],
        "max": [0.0414050444961, 0.0523962825537, 0.028877383098, 0.0116629451513, 0.0102185159922, 0.00410236557946, 0.00333859561943, 0.00545489788055, 0.00222638645209, 0.00170028221328, 0.000988116138615, 0.000704910024069, 0.000503148650751, 0.00086753355572, 0.000584862369578, 0.000363923551049, 0.000197226370801, 0.000263343652477, 0.000236628766288, 0.000245266448474, 0.00021802597621, 0.000214909930946, 0.000246515643084, 0.000262210523942, 0.000396567862481, 0.000483040319523, 0.000354868010618, 0.000278738501947, 0.000432421133155, 0.000189022306586, 8.17246909719e-05, 8.98604193935e-05, 7.6755633927e-05, 6.25197280897e-05, 5.01420145156e-05, 4.4403517677e-05, 2.51230976573e-05, 1.284757127e-05, 1.21320508697e-05, 9.15818327485e-06],
        "mean": [0.0124558648095, 0.0149292573333, 0.00369474524632, 0.000786110991612, 0.000817307445686, 0.000362292514183, 0.000317030353472, 0.000297138525639, 0.000121209450299, 7.81783310231e-05, 4.90188649565e-05, 2.85894511762e-05, 2.11186252272e-05, 2.24929208343e-05, 1.40505362651e-05, 7.8040329754e-06, 6.39154086457e-06, 7.61874298405e-06, 8.49404477776e-06, 7.80921891419e-06, 9.88698502624e-06, 9.97217193799e-06, 9.24366577237e-06, 8.80456263985e-06, 1.36739208756e-05, 1.50442901941e-05, 1.15919383461e-05, 1.18130556075e-05, 1.73962835106e-05, 6.78547303323e-06, 3.14379622068e-06, 2.69684983323e-06, 1.89249465166e-06, 1.2581710962e-06, 9.53630546974e-07, 7.60587056448e-07, 5.65620268844e-07, 3.86576289202e-07, 2.85310306936e-07, 1.8637121002e-07],
        "median": [0.0108266845345, 0.0132046602666, 0.00226874044165, 0.000525300391018, 0.000526031944901, 0.000238114385866, 0.000227076001465, 0.000165880192071, 5.79387633479e-05, 4.1713607061e-05, 2.67333489319e-05, 1.66578902281e-05, 1.27961793623e-05, 1.08187678052e-05, 6.1759728851e-06, 2.82199061985e-06, 2.49501317739e-06, 2.70393502433e-06, 2.5807696602e-06, 2.84878160528e-06, 3.88011403629e-06, 4.45650721304e-06, 3.34851483785e-06, 1.57722274707e-06, 2.1730984372e-06, 2.1839252895e-06, 1.39369137742e-06, 1.46222578223e-06, 1.22949825254e-06, 6.59320107843e-07, 4.17730319668e-07, 2.79778362255e-07, 2.80345375359e-07, 1.87638505622e-07, 1.47022177543e-07, 1.03811267138e-07, 8.3240060178e-08, 6.5081763978e-08, 4.056322922e-08, 2.68114810353e-08],
        "min": [1.8216678946e-23, 3.12497181738e-23, 8.11532294321e-24, 7.21378351287e-24, 2.10333146967e-23, 1.6552385962e-23, 4.28978655398e-24, 8.99200221098e-24, 8.80601010877e-24, 6.06774611128e-24, 6.40096569081e-24, 7.58093594423e-24, 1.12278738301e-23, 7.05449593002e-24, 5.51308972578e-24, 1.01882277322e-23, 7.8042443227e-24, 1.5074586007e-23, 8.19868187506e-24, 6.23864217678e-24, 7.60007213207e-24, 9.73671057133e-24, 8.46455797683e-24, 9.36295064102e-24, 6.0842695918e-24, 7.98873916691e-24, 1.73688412217e-23, 1.30890846397e-23, 1.60161514508e-23, 1.7694195858e-23, 8.87862396624e-24, 1.37996321675e-23, 9.71259114916e-24, 8.253932904e-24, 9.51812431425e-24, 1.08113726271e-23, 9.85599265109e-24, 1.38560120563e-23, 1.18141189672e-23, 8.53563355553e-24],
        "var": [7.47103040339e-05, 9.67280138866e-05, 1.66636818903e-05, 8.40907546262e-07, 8.49268133152e-07, 1.48675297851e-07, 9.21678520172e-08, 2.00965530439e-07, 3.02819387343e-08, 1.0869944056e-08, 4.35067093463e-09, 1.57992141592e-09, 8.37681035648e-10, 2.52285436986e-09, 1.08267306231e-09, 4.03616917666e-10, 1.83590337377e-10, 2.76487333029e-10, 3.52309875717e-10, 3.1351571339e-10, 3.46787654149e-10, 3.24548693476e-10, 3.19519938285e-10, 3.98043153993e-10, 8.47311165675e-10, 1.43030443045e-09, 8.53592696526e-10, 7.19104997771e-10, 1.92547244815e-09, 2.66741212451e-10, 4.76380185299e-11, 5.92967411284e-11, 2.15525288588e-11, 1.05933326347e-11, 5.60653823714e-12, 4.32547704252e-12, 2.38625829166e-12, 7.23060066682e-13, 5.3884598606e-13, 2.05986784704e-13]
    },
    "mfcc": {
        "mean": [-668.728027344, 164.320098877, 26.0963726044, 56.2283248901, 7.54425954819, 7.23551893234, 5.99802207947, 11.4862565994, 5.84489488602, 6.26459550858, 0.261162221432, 8.23340797424, 5.90869760513],
        "cov": [[4228.37011719, -2580.31030273, -191.078063965, 286.711578369, -378.706207275, -15.5583047867, 72.1819992065, -178.277435303, -93.9916534424, 19.5656166077, -62.6643676758, -115.52897644, -134.075759888], [-2580.31030273, 2404.55859375, -140.002990723, -401.443878174, 249.699737549, -29.1710338593, -113.184066772, 106.696235657, 29.1312141418, -39.9840698242, 61.1856994629, 46.1315765381, 46.3171195984], [-191.078063965, -140.002990723, 460.029876709, -40.9320106506, 18.6642341614, 44.9662742615, 3.10158896446, 22.6244316101, -18.8125190735, -34.4188804626, -4.43136310577, -5.66183137894, 3.42831277847], [286.711578369, -401.443878174, -40.9320106506, 349.384063721, -66.5560150146, -6.3732790947, 74.4377670288, -23.4636611938, 12.3448295593, 45.6561012268, -41.5640907288, 9.90307998657, 17.5804405212], [-378.706207275, 249.699737549, 18.6642341614, -66.5560150146, 168.155609131, 4.87522315979, -30.3957576752, 38.6701774597, 15.1251840591, -12.7507638931, 3.63611078262, 6.62047576904, 15.3738384247], [-15.5583047867, -29.1710338593, 44.9662742615, -6.3732790947, 4.87522315979, 86.7215270996, 2.57718539238, -9.57231426239, 11.4078912735, -8.07320213318, -16.8217029572, 20.1341819763, -14.7227163315], [72.1819992065, -113.184066772, 3.10158896446, 74.4377670288, -30.3957576752, 2.57718539238, 122.010894775, -0.133205205202, -20.0728549957, 26.4657726288, 10.5295991898, -29.8210144043, 12.5687456131], [-178.277435303, 106.696235657, 22.6244316101, -23.4636611938, 38.6701774597, -9.57231426239, -0.133205205202, 81.0422363281, -3.04449534416, -2.52197432518, 16.7178668976, -4.86521720886, 12.3680953979], [-93.9916534424, 29.1312141418, -18.8125190735, 12.3448295593, 15.1251840591, 11.4078912735, -20.0728549957, -3.04449534416, 100.869239807, 11.7092752457, -16.9289665222, 41.0405311584, 9.70246124268], [19.5656166077, -39.9840698242, -34.4188804626, 45.6561012268, -12.7507638931, -8.07320213318, 26.4657726288, -2.52197432518, 11.7092752457, 85.1800003052, 20.7264099121, 3.84490561485, 14.227850914], [-62.6643676758, 61.1856994629, -4.43136310577, -41.5640907288, 3.63611078262, -16.8217029572, 10.5295991898, 16.7178668976, -16.9289665222, 20.7264099121, 98.4402236938, -9.41705989838, 12.5416917801], [-115.52897644, 46.1315765381, -5.66183137894, 9.90307998657, 6.62047576904, 20.1341819763, -29.8210144043, -4.86521720886, 41.0405311584, 3.84490561485, -9.41705989838, 85.3021087646, 12.3279523849], [-134.075759888, 46.3171195984, 3.42831277847, 17.5804405212, 15.3738384247, -14.7227163315, 12.5687456131, 12.3680953979, 9.70246124268, 14.227850914, 12.5416917801, 12.3279523849, 65.7783660889]],
