{
"lowlevel": {
    "average_loudness": 0.914388597012,
    "barkbands_crest": {
        "dmean": 3.63419389725,
        "dmean2": 5.68706464767,
        "dvar": 9.57525157928,
        "dvar2": 24.3814125061,
        "max": 25.6028728485,
        "mean": 12.3241100311,
        "median": 11.5059347153,
        "min": 3.12454247475,
        "var": 21.2735500336
    },
    "barkbands_flatness_db": {
        "dmean": 0.0483591370285,
        "dmean2": 0.0712127536535,
        "dvar": 0.00204628217034,
        "dvar2": 0.00439546769485,
        "max": 0.554982721806,
        "mean": 0.21899113059,
        "median": 0.206251293421,
        "min": 0.0473873652518,
        "var": 0.00614500697702
    },
    "barkbands_kurtosis": {
        "dmean": 16.0746135712,
        "dmean2": 25.7423820496,
        "dvar": 1088.02404785,
        "dvar2": 2669.77490234,
        "max": 576.771362305,
        "mean": 18.862663269,
        "median": 8.38565158844,
        "min": -1.83536040783,
        "var": 1270.7989502
    },
    "barkbands_skewness": {
        "dmean": 1.42890608311,
        "dmean2": 2.11835980415,
        "dvar": 2.64471364021,
        "dvar2": 5.43162441254,
        "max": 18.6702308655,
        "mean": 2.65616321564,
        "median": 2.32594537735,
        "min": -7.83120155334,
        "var": 6.73758888245
    },
    "barkbands_spread": {
        "dmean": 8.02361488342,
        "dmean2": 13.3460454941,
        "dvar": 144.843002319,
        "dvar2": 382.575073242,
        "max": 99.3913879395,
        "mean": 13.551404953,
        "median": 9.12404632568,
        "min": 0.345646172762,
        "var": 170.894348145
    },
    "dissonance": {
        "dmean": 0.0268493331969,
        "dmean2": 0.0449950322509,
        "dvar": 0.000773185107391,
        "dvar2": 0.00196917750873,
        "max": 0.499999970198,
        "mean": 0.455510169268,
        "median": 0.465519011021,
        "min": 0.193589806557,
        "var": 0.00145138020162
    },
    "dynamic_complexity": 4.31973600388,
    "erbbands_crest": {
        "dmean": 3.77639865875,
        "dmean2": 6.18794679642,
        "dvar": 10.7480745316,
        "dvar2": 27.6354637146,
        "max": 31.5197124481,
        "mean": 10.2719926834,
        "median": 9.29016971588,
        "min": 2.84913635254,
        "var": 21.2460479736
    },
    "erbbands_flatness_db": {
        "dmean": 0.0341477952898,
        "dmean2": 0.0490505509079,
        "dvar": 0.0014321024064,
        "dvar2": 0.00243568699807,
        "max": 0.569584608078,
        "mean": 0.183643341064,
        "median": 0.167568281293,
        "min": 0.06603153795,
        "var": 0.00523862149566
    },
    "erbbands_kurtosis": {
        "dmean": 2.94406199455,
        "dmean2": 4.84523630142,
        "dvar": 28.5100135803,
        "dvar2": 71.1811065674,
        "max": 104.50340271,
        "mean": 2.31109142303,
        "median": 0.646572589874,
        "min": -1.92297518253,
        "var": 32.9854774475
    },
    "erbbands_skewness": {
        "dmean": 0.772604823112,
        "dmean2": 1.21559131145,
        "dvar": 0.622601211071,
        "dvar2": 1.47761702538,
        "max": 8.44677257538,
        "mean": 0.753495514393,
        "median": 0.760412454605,
        "min": -7.81787538528,
        "var": 1.45834338665
    },
    "erbbands_spread": {
        "dmean": 17.3875904083,
        "dmean2": 26.1453895569,
        "dvar": 350.378417969,
        "dvar2": 793.018615723,
        "max": 169.296325684,
        "mean": 43.323890686,
        "median": 39.3323440552,
        "min": 2.24202179909,
        "var": 763.388244629
    },
    "hfc": {
        "dmean": 7.06278181076,
        "dmean2": 10.2759752274,
        "dvar": 123.767662048,
        "dvar2": 264.851531982,
        "max": 200.304580688,
        "mean": 12.8852415085,
        "median": 7.67008829117,
        "min": 1.22057434464e-16,
        "var": 227.433685303
    },
    "melbands_crest": {
        "dmean": 4.10854434967,
        "dmean2": 6.54257631302,
        "dvar": 13.1659917831,
        "dvar2": 32.7971572876,
        "max": 31.2633705139,
        "mean": 16.3325176239,
        "median": 15.5798978806,
        "min": 3.57466125488,
        "var": 35.3957138062
    },
    "melbands_flatness_db": {
        "dmean": 0.0570882335305,
        "dmean2": 0.0827597230673,
        "dvar": 0.00264680711553,
        "dvar2": 0.00567070022225,
        "max": 0.64390206337,
        "mean": 0.290015429258,
        "median": 0.285079360008,
        "min": 0.00948598142713,
        "var": 0.00840386748314
    },
    "melbands_kurtosis": {
        "dmean": 35.7850799561,
        "dmean2": 54.7918128967,
        "dvar": 4165.91992188,
        "dvar2": 8612.43359375,
        "max": 759.223388672,
        "mean": 47.4259338379,
        "median": 18.7075977325,
        "min": -1.95158088207,
        "var": 6930.26953125
    },
    "melbands_skewness": {
        "dmean": 1.88887381554,
        "dmean2": 2.75161361694,
        "dvar": 4.28949069977,
        "dvar2": 8.49452209473,
        "max": 21.7700786591,
        "mean": 4.05277395248,
        "median": 3.40803527832,
        "min": -4.83674716949,
        "var": 11.7379131317
    },
    "melbands_spread": {
        "dmean": 9.2194852829,
        "dmean2": 15.4806203842,
        "dvar": 431.626617432,
        "dvar2": 1172.74987793,
        "max": 235.171691895,
        "mean": 13.7389736176,
        "median": 8.1759557724,
        "min": 0.328990399837,
        "var": 394.060516357
    },
    "pitch_salience": {
        "dmean": 0.115235492587,
        "dmean2": 0.187982112169,
        "dvar": 0.0107369301841,
        "dvar2": 0.0256622545421,
        "max": 0.909021735191,
        "mean": 0.515414655209,
        "median": 0.531858921051,
        "min": 0.0874883085489,
        "var": 0.0240599066019
    },
    "silence_rate_20dB": {
        "dmean": 0.00103092787322,
        "dmean2": 0.00206291908398,
        "dvar": 0.00102986581624,
        "dvar2": 0.00309012550861,
        "max": 1,
        "mean": 0.999484777451,
        "median": 1,
        "min": 0,
        "var": 0.000514930812642
    },
    "silence_rate_30dB": {
        "dmean": 0.103092782199,
        "dmean2": 0.206291899085,
        "dvar": 0.0924682691693,
        "dvar2": 0.178171738982,
        "max": 1,
        "mean": 0.878413200378,
        "median": 1,
        "min": 0,
        "var": 0.106804780662
    },
    "silence_rate_60dB": {
        "dmean": 0.0376288667321,
        "dmean2": 0.0752965435386,
        "dvar": 0.036213401705,
        "dvar2": 0.0716908350587,
        "max": 1,
        "mean": 0.109737247229,
        "median": 0,
        "min": 0,
        "var": 0.0976939052343
    },
    "spectral_centroid": {
        "dmean": 413.355163574,
        "dmean2": 609.282592773,
        "dvar": 438803.375,
        "dvar2": 675624.8125,
        "max": 11164.7421875,
        "mean": 1068.82702637,
        "median": 625.860046387,
        "min": 118.20652771,
        "var": 1361556.875
    },
    "spectral_complexity": {
        "dmean": 4.12113380432,
        "dmean2": 6.38370275497,
        "dvar": 29.2285995483,
        "dvar2": 63.8210334778,
        "max": 55,
        "mean": 11.5419883728,
        "median": 9,
        "min": 0,
        "var": 78.0567092896
    },
    "spectral_decrease": {
        "dmean": 7.73005126575e-09,
        "dmean2": 1.15077654073e-08,
        "dvar": 2.01237068522e-16,
        "dvar2": 4.42772232436e-16,
        "max": 6.14439059808e-29,
        "mean": -1.12519087381e-08,
        "median": -6.41202957397e-09,
        "min": -1.25694981534e-07,
        "var": 2.62130095047e-16
    },
    "spectral_energy": {
        "dmean": 0.0296515598893,
        "dmean2": 0.0440291278064,
        "dvar": 0.00290835322812,
        "dvar2": 0.00637803319842,
        "max": 0.479115247726,
        "mean": 0.0436360388994,
        "median": 0.0250117368996,
        "min": 1.08390661698e-20,
        "var": 0.00383901898749
    },
    "spectral_energyband_high": {
        "dmean": 0.00031164495158,
        "dmean2": 0.000446800200734,
        "dvar": 3.91467324334e-07,
        "dvar2": 7.52244204705e-07,
        "max": 0.0128898005933,
        "mean": 0.000454025052022,
        "median": 0.000179091570317,
        "min": 8.05226156652e-21,
        "var": 7.37333266443e-07
    },
    "spectral_energyband_low": {
        "dmean": 0.026402246207,
        "dmean2": 0.0411169342697,
        "dvar": 0.00313482363708,
        "dvar2": 0.00714539317414,
        "max": 0.471172392368,
        "mean": 0.0300679542124,
        "median": 0.0111689884216,
        "min": 4.11932530861e-23,
        "var": 0.00341953337193
    },
    "spectral_energyband_middle_high": {
        "dmean": 0.00139236450195,
        "dmean2": 0.00221067410894,
        "dvar": 1.23212375911e-05,
        "dvar2": 3.07333903038e-05,
        "max": 0.0794337019324,
        "mean": 0.0018803474959,
        "median": 0.000714131398126,
        "min": 1.36131098561e-21,
        "var": 1.40586926136e-05
    },
    "spectral_energyband_middle_low": {
        "dmean": 0.008410256356,
        "dmean2": 0.0140210073441,
        "dvar": 0.000166310361237,
        "dvar2": 0.000406511680922,
        "max": 0.0856886431575,
        "mean": 0.0125212669373,
        "median": 0.00654323492199,
        "min": 2.94945626131e-22,
        "var": 0.000234125749557
    },
    "spectral_entropy": {
        "dmean": 0.358177393675,
        "dmean2": 0.510610997677,
        "dvar": 0.121528930962,
        "dvar2": 0.244345515966,
        "max": 9.81557941437,
        "mean": 7.28411006927,
        "median": 7.3682975769,
        "min": 4.55094766617,
        "var": 0.380258470774
    },
    "spectral_flux": {
        "dmean": 0.0522239729762,
        "dmean2": 0.0811546891928,
        "dvar": 0.00423551071435,
        "dvar2": 0.00892943609506,
        "max": 0.557568788528,
        "mean": 0.120969131589,
        "median": 0.0958633348346,
        "min": 1.04110838006e-10,
        "var": 0.00974446162581
    },
    "spectral_kurtosis": {
        "dmean": 3.75027561188,
        "dmean2": 5.52030754089,
        "dvar": 32.590801239,
        "dvar2": 66.3941497803,
        "max": 74.9496459961,
        "mean": 5.51510667801,
        "median": 2.72117519379,
        "min": -1.20311379433,
        "var": 62.8017654419
    },
    "spectral_rms": {
        "dmean": 0.0017805036623,
        "dmean2": 0.00248277373612,
        "dvar": 5.08736047777e-06,
        "dvar2": 9.85761653283e-06,
        "max": 0.0216201189905,
        "mean": 0.00543946772814,
        "median": 0.00493980711326,
        "min": 3.25187619887e-12,
        "var": 1.29839008878e-05
    },
    "spectral_rolloff": {
        "dmean": 590.942626953,
        "dmean2": 964.354797363,
        "dvar": 2041025.75,
        "dvar2": 3484330.75,
        "max": 18992.2851562,
        "mean": 1177.88317871,
        "median": 409.130859375,
        "min": 64.599609375,
        "var": 5155048
    },
    "spectral_skewness": {
        "dmean": 0.601298928261,
        "dmean2": 0.856465399265,
        "dvar": 0.398046046495,
        "dvar2": 0.842973470688,
        "max": 6.67496919632,
        "mean": 1.71659994125,
        "median": 1.46694374084,
        "min": -0.336330503225,
        "var": 1.03592002392
    },
    "spectral_spread": {
        "dmean": 1210962.125,
        "dmean2": 1633692.75,
        "dvar": 1.75012786995e+12,
        "dvar2": 3.17092737843e+12,
        "max": 40746588,
        "mean": 5005036,
        "median": 4639846.5,
        "min": 788199.75,
        "var": 5.01980908749e+12
    },
    "spectral_strongpeak": {
        "dmean": 0.411798208952,
        "dmean2": 0.708771407604,
        "dvar": 0.364270210266,
        "dvar2": 0.995956420898,
        "max": 6.18449115753,
        "mean": 0.564053833485,
        "median": 0.353557348251,
        "min": 0,
        "var": 0.354663848877
    },
    "zerocrossingrate": {
        "dmean": 0.0180138032883,
        "dmean2": 0.0193156916648,
        "dvar": 0.000935182324611,
        "dvar2": 0.000761089730076,
        "max": 0.50439453125,
        "mean": 0.0548296310008,
        "median": 0.03173828125,
        "min": 0.00341796875,
        "var": 0.00518787559122
    },
    "barkbands": {
        "dmean": [0.00025215925416, 0.0194914024323, 0.0102859530598, 0.00237993150949, 0.00233109365217, 0.00229240581393, 0.00245748157613, 0.00177166226786, 0.000495926127769, 0.000423303834395, 8.76541453181e-05, 0.000122072073282, 0.000186568999197, 0.000181789640919, 0.000258566724369, 0.000241214773268, 0.000284265814116, 0.000126716928207, 9.37466247706e-05, 8.9305707661e-05, 0.000121012853924, 0.000104186561657, 4.95770218549e-05, 2.87656857836e-05, 1.67314119608e-05, 4.49162507721e-06, 1.05402982342e-07],
        "dmean2": [0.000425199134042, 0.031918708235, 0.0177115499973, 0.00417590048164, 0.00392418913543, 0.00380740081891, 0.00403873296455, 0.00307359360158, 0.00086163013475, 0.00073399982648, 0.000148110251757, 0.000210017256904, 0.000323949148878, 0.000318881589919, 0.000453202839708, 0.00043019419536, 0.000501643749885, 0.000211448190385, 0.000151840009494, 0.000144038669532, 0.000191424624063, 0.000159745832207, 7.19708696124e-05, 4.23097844759e-05, 2.43276244873e-05, 6.68741040499e-06, 1.79645340381e-07],
        "dvar": [3.07520394927e-07, 0.00214801658876, 0.000540545093827, 2.4057317205e-05, 1.3384686099e-05, 1.97445460799e-05, 3.31352748617e-05, 3.74503033527e-05, 1.62149910921e-06, 1.18539082905e-06, 2.75196345711e-08, 7.88158871501e-08, 2.18744588665e-07, 3.30497869072e-07, 9.76397132035e-07, 1.65289498e-06, 6.72589794704e-06, 1.3547173694e-07, 6.30194492146e-08, 8.58302584561e-08, 2.09863188161e-07, 5.65765887472e-08, 9.28370180731e-09, 1.71510705638e-09, 8.05166544549e-10, 8.42377903543e-11, 6.59726857562e-14],
        "dvar2": [7.7717129443e-07, 0.00529346754774, 0.0014737942256, 6.54759496683e-05, 3.45814332832e-05, 5.09586352564e-05, 8.56254700921e-05, 0.000100239776657, 4.5156680244e-06, 3.23432936966e-06, 6.92775472544e-08, 1.93289594108e-07, 5.89017361108e-07, 9.09621860501e-07, 2.7709124879e-06, 4.67224981548e-06, 1.9452194465e-05, 3.44400689301e-07, 1.26345568674e-07, 2.18880032321e-07, 5.35574997684e-07, 1.20777329471e-07, 2.05672829878e-08, 3.76270081759e-09, 1.68217884067e-09, 1.91973006936e-10, 1.78912589496e-13],
        "max": [0.00674167321995, 0.405462056398, 0.177373304963, 0.0546981431544, 0.0310428645462, 0.0536312311888, 0.058892250061, 0.0608382746577, 0.0183446649462, 0.0130971446633, 0.00194848293904, 0.00598403718323, 0.00749041745439, 0.00785485096276, 0.0196940656751, 0.0269489623606, 0.0770951062441, 0.00501469569281, 0.00475308252499, 0.00649089273065, 0.0120190083981, 0.00530135352165, 0.00139669247437, 0.000372889218852, 0.000412407302065, 9.86779341474e-05, 4.58585418528e-06],
        "mean": [0.000281887478195, 0.0192200392485, 0.00938768032938, 0.00233751395717, 0.00297778984532, 0.00264018308371, 0.00240911706351, 0.00148013804574, 0.000473850988783, 0.000417013012338, 9.20304155443e-05, 0.0001352441177, 0.000189046739251, 0.000174676388269, 0.000244431983447, 0.000209591176827, 0.000233073500567, 0.000129334162921, 0.000100123455923, 9.59278040682e-05, 0.000140675096191, 0.000128995234263, 7.08408915671e-05, 4.00934331992e-05, 2.1764804842e-05, 4.91332730235e-06, 9.65002229236e-08],
        "median": [9.5355688245e-05, 0.0064645013772, 0.00312372064218, 0.000696120550856, 0.00136583903804, 0.000899563659914, 0.000420181371737, 0.000229474535445, 0.000149494444486, 0.000131045439048, 3.59075747838e-05, 5.6939006754e-05, 5.47811032447e-05, 4.05707287428e-05, 3.62531354767e-05, 2.04251864488e-05, 1.82027652045e-05, 1.73164644366e-05, 1.33875382744e-05, 1.46190832311e-05, 2.22568814934e-05, 4.05953032896e-05, 2.20120236918e-05, 1.37143524626e-05, 6.58385943098e-06, 1.35859352213e-06, 4.10815825802e-09],
        "min": [2.36315022409e-23, 2.18970684785e-23, 6.94815748e-24, 1.88490582466e-23, 2.87288942185e-23, 1.24359630305e-23, 3.76822067464e-23, 1.33013686871e-23, 8.45817987864e-23, 1.939086748e-22, 3.25201565736e-23, 3.14082792158e-23, 1.01026178646e-22, 8.10762082087e-23, 1.66999758421e-22, 2.10832631604e-22, 1.75646254544e-22, 1.99878294504e-22, 1.58011552997e-22, 1.41591747732e-22, 5.74840240575e-22, 4.7755796423e-22, 8.2276132541e-22, 9.86990856767e-22, 1.18879091741e-21, 1.81099865814e-21, 2.3696422338e-21],
        "var": [3.19106447932e-07, 0.00195630826056, 0.00040364425513, 2.30888635997e-05, 1.82909880095e-05, 2.15791224036e-05, 3.15335673804e-05, 2.73806908808e-05, 1.23658071516e-06, 9.59212002272e-07, 2.87926233966e-08, 7.92308085806e-08, 2.09660299788e-07, 2.59256580648e-07, 7.79885851898e-07, 1.05108699699e-06, 3.87603722629e-06, 1.41702898304e-07, 9.09244448621e-08, 8.0693524751e-08, 2.1315952381e-07, 8.59965965105e-08, 1.75198699992e-08, 2.9557738479e-09, 1.23594245949e-09, 9.50251335952e-11, 9.35995530214e-14]
    },
    "erbbands": {
        "dmean": [0.336549073458, 5.12757444382, 12.1483688354, 8.77411937714, 8.76837539673, 6.93801259995, 10.2668867111, 22.0651741028, 36.0190010071, 38.1270904541, 24.2522335052, 11.6484298706, 15.2347183228, 6.40590858459, 3.84477496147, 4.8725528717, 7.98964452744, 8.15163707733, 11.5106630325, 14.2771596909, 12.3067264557, 15.8834867477, 7.87078809738, 4.60442209244, 4.6547961235, 4.17859363556, 4.19433832169, 5.40223646164, 3.90328621864, 2.22746229172, 1.39813494682, 0.755267560482, 0.416517108679, 0.243874967098, 0.0961310341954, 0.0324715897441, 0.0059402640909, 0.000519184221048, 2.23126462515e-05, 3.26212539221e-05],
        "dmean2": [0.549610733986, 8.34748649597, 20.3398361206, 15.237033844, 15.1760187149, 11.7124910355, 17.1656646729, 36.5202445984, 59.495136261, 64.403503418, 42.191444397, 20.240272522, 25.9153747559, 11.0913982391, 6.62165641785, 8.35394763947, 13.9246282578, 14.0162315369, 19.8796272278, 25.3716602325, 21.0296058655, 27.8161830902, 12.9385089874, 7.27370500565, 7.59012508392, 6.74781274796, 6.54155111313, 8.5417804718, 6.01779127121, 3.2066822052, 2.03324222565, 1.10359215736, 0.612461328506, 0.360088139772, 0.139616221189, 0.047955904156, 0.00890595559031, 0.00081648863852, 3.42211897078e-05, 4.8177971621e-05],
        "dvar": [0.649594545364, 146.856521606, 737.874633789, 370.596374512, 246.793502808, 117.388450623, 313.195526123, 2166.62646484, 8691.45019531, 10427.0380859, 4876.64697266, 970.113525391, 1639.70935059, 203.579391479, 62.90574646, 120.820228577, 406.046417236, 515.890014648, 1590.35253906, 5727.40576172, 2954.45019531, 23252.2441406, 575.448669434, 157.634384155, 164.792266846, 175.809326172, 154.042190552, 513.535827637, 80.5121383667, 22.4237251282, 6.50326490402, 1.49572765827, 0.345402598381, 0.137254491448, 0.0388082563877, 0.00476984027773, 0.000128967891214, 1.00775082501e-06, 1.02279762437e-09, 3.39060579613e-09],
        "dvar2": [1.62555623055, 360.345916748, 1915.04772949, 1023.45776367, 652.702697754, 275.805358887, 788.25567627, 5612.86328125, 22208.078125, 27212.3496094, 12932.5771484, 2662.56835938, 4464.47119141, 559.516906738, 161.368927002, 299.834777832, 1104.40161133, 1357.95251465, 4424.84619141, 16670.2304688, 7102.58740234, 67348.4453125, 1352.7277832, 319.774780273, 361.024688721, 453.393188477, 297.851287842, 1440.50476074, 171.707962036, 44.7856521606, 14.2140169144, 3.34447050095, 0.730257570744, 0.289372831583, 0.0833980888128, 0.010810079053, 0.00029099729727, 2.40831582232e-06, 2.44602271771e-09, 7.3959087743e-09],
        "max": [6.50783491135, 106.717575073, 220.641418457, 160.021286011, 154.567565918, 123.767478943, 178.866256714, 591.452636719, 736.115112305, 920.656738281, 697.664733887, 544.254516602, 541.601928711, 129.537078857, 133.283874512, 189.786727905, 366.860717773, 282.010345459, 761.069702148, 2073.31713867, 1238.56530762, 4569.01171875, 335.893737793, 271.625274658, 269.099639893, 306.644897461, 298.268859863, 634.29309082, 200.743148804, 92.8694763184, 35.4581260681, 14.5552024841, 5.20072507858, 3.40884304047, 3.87790775299, 0.804376661777, 0.147298365831, 0.0131214754656, 0.000432457833085, 0.000522491871379],
        "mean": [0.37445050478, 4.91067838669, 11.8722352982, 8.84652519226, 10.25, 8.60728931427, 12.8207969666, 24.3214511871, 36.6516609192, 35.3459815979, 21.5143890381, 11.477268219, 15.2206907272, 6.3918967247, 4.17520713806, 5.68194437027, 8.44705486298, 9.17716026306, 10.8155298233, 13.3996658325, 11.5459194183, 13.1726112366, 8.27594184875, 5.12443399429, 5.0338344574, 4.55690383911, 4.7545580864, 6.07676315308, 4.70790719986, 3.16942739487, 1.94136536121, 1.05565547943, 0.56879556179, 0.317554920912, 0.119129039347, 0.035612616688, 0.0067033409141, 0.000568503281102, 3.61864113074e-05, 4.97273140354e-05],
        "median": [0.121199421585, 1.55591332912, 3.82438850403, 2.98058700562, 3.51678657532, 3.89338994026, 5.74171543121, 6.15444803238, 5.62657737732, 7.03527116776, 4.88842630386, 3.98108530045, 5.23367261887, 2.59999012947, 1.82942950726, 2.45659303665, 2.88472557068, 2.45202732086, 2.20781230927, 1.57714962959, 1.20336043835, 1.13028979301, 1.04009103775, 0.74513810873, 0.719874918461, 0.699061393738, 0.650695443153, 1.11818563938, 1.39292097092, 1.07026827335, 0.58157402277, 0.314067363739, 0.196123376489, 0.0985368564725, 0.0325190089643, 0.00953260902315, 0.00186872889753, 0.000162850279594, 2.20939036808e-05, 2.88807023026e-05],
        "min": [7.37719393523e-22, 4.61232678385e-21, 9.45443529459e-21, 2.92993996874e-20, 1.30703299728e-19, 6.29323339804e-20, 7.67499854475e-20, 1.16220763069e-19, 5.16084860111e-19, 4.24675095171e-19, 6.07221862243e-19, 1.94799793485e-18, 6.66248984786e-18, 1.8470190344e-18, 1.79521126506e-18, 1.15413987969e-18, 3.58628414553e-18, 5.1720700299e-18, 5.24810778053e-18, 9.33294650254e-18, 1.43480399861e-17, 8.72448319729e-18, 1.08317878463e-17, 8.77369630784e-18, 6.93163952994e-18, 8.36792864861e-18, 2.18656923122e-17, 1.85935428256e-17, 1.70810728541e-17, 1.89123299619e-17, 2.46402198685e-17, 2.05079663266e-17, 1.62534406009e-17, 1.0622789084e-17, 9.94168691329e-18, 7.61703311369e-18, 3.17373774118e-18, 1.29798152173e-18, 3.02340459249e-19, 3.54106003594e-20],
        "var": [0.630087375641, 133.101074219, 614.773071289, 295.134613037, 297.039459229, 181.786209106, 377.036224365, 2286.72045898, 8373.01171875, 8676.97753906, 3705.36767578, 757.053466797, 1328.47424316, 160.34576416, 60.8805961609, 127.911094666, 378.280792236, 535.949462891, 1159.1875, 3807.33984375, 2618.49145508, 13307.0537109, 672.58972168, 224.18838501, 205.939453125, 165.358566284, 221.905441284, 430.536132812, 119.35949707, 45.960067749, 12.0719509125, 2.54150795937, 0.579113721848, 0.220949590206, 0.0549685955048, 0.00548748625442, 0.000172247746377, 1.43645331718e-06, 1.79802994715e-09, 4.60748328379e-09]
    },
    "gfcc": {
        "mean": [-69.3303833008, 100.852485657, -87.048828125, 53.0304450989, -62.2888298035, 24.7674121857, -35.8897743225, 5.27374267578, -10.1999664307, 4.08366298676, -11.4841003418, -2.7390768528, -7.61226940155],
        "cov": [[16316.6123047, 7415.50390625, 252.025009155, -978.076660156, -432.636535645, -1110.00793457, 102.87223053, -463.191894531, 37.58152771, -211.214691162, 79.0185317993, -169.457550049, -46.4938011169], [7415.50390625, 6870.64648438, 939.965515137, -1405.41210938, -247.738250732, -875.708129883, 156.708007812, -470.421875, 173.669067383, -250.569763184, 231.794265747, -281.620025635, 69.7757339478], [252.025009155, 939.965515137, 1783.02514648, -160.02986145, -172.059707642, 108.960105896, -135.538070679, 60.9715919495, -148.946365356, -29.0517559052, -21.0837345123, -13.520442009, -44.73878479], [-978.076660156, -1405.41210938, -160.02986145, 1149.14953613, 112.047866821, 18.8667678833, 9.42279148102, -37.7240180969, -15.5630683899, -83.6686325073, -77.2073135376, -47.2343559265, -9.99746131897], [-432.636535645, -247.738250732, -172.059707642, 112.047866821, 625.614501953, 153.829238892, -51.54429245, -0.733088731766, 22.6966781616, 0.0330766886473, -24.3832950592, -2.63622498512, -23.9882583618], [-1110.00793457, -875.708129883, 108.960105896, 18.8667678833, 153.829238892, 595.046936035, -13.6162281036, 41.6336021423, -117.2472229, 28.1451816559, -13.9097957611, 10.9396276474, -16.1177539825], [102.87223053, 156.708007812, -135.538070679, 9.42279148102, -51.54429245, -13.6162281036, 294.580047607, 10.6641292572, 41.9122581482, -37.7615966797, 22.0295276642, -34.2695541382, 12.2586984634], [-463.191894531, -470.421875, 60.9715919495, -37.7240180969, -0.733088731766, 41.6336021423, 10.6641292572, 235.106811523, 29.9374046326, 15.7780160904, -33.6015777588, 50.6086463928, 1.31190633774], [37.58152771, 173.669067383, -148.946365356, -15.5630683899, 22.6966781616, -117.2472229, 41.9122581482, 29.9374046326, 188.629837036, 12.0436925888, 17.8908500671, -35.4214630127, 16.448431015], [-211.214691162, -250.569763184, -29.0517559052, -83.6686325073, 0.0330766886473, 28.1451816559, -37.7615966797, 15.7780160904, 12.0436925888, 138.810562134, 20.9347953796, 25.0235481262, -21.4461479187], [79.0185317993, 231.794265747, -21.0837345123, -77.2073135376, -24.3832950592, -13.9097957611, 22.0295276642, -33.6015777588, 17.8908500671, 20.9347953796, 133.804885864, -0.354857236147, 14.9109382629], [-169.457550049, -281.620025635, -13.520442009, -47.2343559265, -2.63622498512, 10.9396276474, -34.2695541382, 50.6086463928, -35.4214630127, 25.0235481262, -0.354857236147, 128.493530273, 14.9178094864], [-46.4938011169, 69.7757339478, -44.73878479, -9.99746131897, -23.9882583618, -16.1177539825, 12.2586984634, 1.31190633774, 16.448431015, -21.4461479187, 14.9109382629, 14.9178094864, 100.017799377]],
        "icov": [[0.000201269387617, -0.000451239204267, 0.000258138723439, -0.000400391494622, 0.000181933253771, -0.000223393843044, 0.000137962808367, -0.000465075223474, 0.000313633005135, -0.000504491152242, 0.000341050239513, -0.00045442089322, 0.000337811972713], [-0.000451239204267, 0.00171601097099, -0.00102171092294, 0.00184127921239, -0.000683217542246, 0.00141888030339, -0.00061877106782, 0.00226167635992, -0.000987157109194, 0.00236360728741, -0.00123285560403, 0.00192523840815, -0.00100311543792], [0.000258138723439, -0.00102171092294, 0.00129951699637, -0.00100331869908, 0.000613667827565, -0.000931101792958, 0.000741834810469, -0.00171682110522, 0.00108653854113, -0.00112657702994, 0.000640805228613, -0.000741560186725, 0.000837325351313], [-0.000400391494622, 0.00184127921239, -0.00100331869908, 0.00304169417359, -0.000851940072607, 0.00165622343775, -0.000658110016957, 0.00265301996842, -0.000894606113434, 0.00315319746733, -0.000830098928418, 0.0023844614625, -0.000915635493584], [0.000181933253771, -0.000683217542246, 0.000613667827565, -0.000851940072607, 0.00221639336087, -0.00124662788585, 0.00074492325075, -0.000721839081962, -0.000386655621696, -0.000541584042367, 0.000674740353134, -0.00098607421387, 0.000993344234303], [-0.000223393843044, 0.00141888030339, -0.000931101792958, 0.00165622343775, -0.00124662788585, 0.00373860541731, -0.000836569757666, 0.00137502118014, 0.0011383111123, 0.00136205798481, -0.00111555808689, 0.00238377926871, -0.00104104087222], [0.000137962808367, -0.00061877106782, 0.000741834810469, -0.000658110016957, 0.00074492325075, -0.000836569757666, 0.00431421538815, -0.00141618039925, -0.000257954525296, 0.000462023919681, -0.00037766204332, 0.000241597925196, 0.000457266200101], [-0.000465075223474, 0.00226167635992, -0.00171682110522, 0.00265301996842, -0.000721839081962, 0.00137502118014, -0.00141618039925, 0.00888552423567, -0.00347867654637, 0.00313457776792, 0.000169556500623, -0.000332858471666, -0.00092271034373], [0.000313633005135, -0.000987157109194, 0.00108653854113, -0.000894606113434, -0.000386655621696, 0.0011383111123, -0.000257954525296, -0.00347867654637, 0.00904089584947, -0.00286007463001, -0.000244418362854, 0.00239930674434, -0.00102249893826], [-0.000504491152242, 0.00236360728741, -0.00112657702994, 0.00315319746733, -0.000541584042367, 0.00136205798481, 0.000462023919681, 0.00313457776792, -0.00286007463001, 0.0126471593976, -0.00315508060157, 0.000889900897164, 0.0014395051403], [0.000341050239513, -0.00123285560403, 0.000640805228613, -0.000830098928418, 0.000674740353134, -0.00111555808689, -0.00037766204332, 0.000169556500623, -0.000244418362854, -0.00315508060157, 0.00972445681691, -0.00191060011275, -0.000552701414563], [-0.00045442089322, 0.00192523840815, -0.000741560186725, 0.0023844614625, -0.00098607421387, 0.00238377926871, 0.000241597925196, -0.000332858471666, 0.00239930674434, 0.000889900897164, -0.00191060011275, 0.0130500951782, -0.00339068169706], [0.000337811972713, -0.00100311543792, 0.000837325351313, -0.000915635493584, 0.000993344234303, -0.00104104087222, 0.000457266200101, -0.00092271034373, -0.00102249893826, 0.0014395051403, -0.000552701414563, -0.00339068169706, 0.0122295608744]]
    },
    "melbands": {
        "dmean": [0.00436503160745, 0.00630187382922, 0.00154463073704, 0.000549876829609, 0.000333351112204, 0.000500396243297, 0.000526719493791, 0.000434035609942, 0.000171119099832, 7.18786031939e-05, 7.67831661506e-05, 2.87773073069e-05, 1.2160584447e-05, 1.38576433528e-05, 1.3853056771e-05, 2.05860942515e-05, 1.51599342644e-05, 1.88901503861e-05, 2.06746062759e-05, 1.78974987648e-05, 1.47000719153e-05, 1.91007711692e-05, 1.05913986772e-05, 5.07143249706e-06, 3.74185947294e-06, 3.59305840902e-06, 3.33606362801e-06, 2.70448208539e-06, 2.65970834334e-06, 3.02195053337e-06, 3.23131075675e-06, 2.40986514655e-06, 1.87169496257e-06, 1.08398626253e-06, 8.82500728494e-07, 6.08424329585e-07, 4.36201275988e-07, 3.21802247072e-07, 2.46622931854e-07, 1.95955493609e-07],
        "dmean2": [0.0071485619992, 0.010286542587, 0.00264899618924, 0.00093192368513, 0.000557297607884, 0.00082712713629, 0.000869131938089, 0.000741766532883, 0.000297273421893, 0.000125008067698, 0.000130592074129, 5.03621267853e-05, 2.04692660191e-05, 2.39464698097e-05, 2.41386078415e-05, 3.58243851224e-05, 2.64929931291e-05, 3.32085583068e-05, 3.68016117136e-05, 3.26105982822e-05, 2.54425285675e-05, 3.43670908478e-05, 1.74712004082e-05, 8.47253340908e-06, 5.94283073951e-06, 6.04900878898e-06, 5.39345319339e-06, 4.48211676485e-06, 4.30803856943e-06, 4.85669352202e-06, 5.14164685228e-06, 3.77633705284e-06, 2.8683095934e-06, 1.59610294759e-06, 1.31096635414e-06, 9.06222055619e-07, 6.58303122236e-07, 4.82393033963e-07, 3.68286748653e-07, 2.89295087441e-07],
        "dvar": [0.000108779247967, 0.000196444118046, 9.78853313427e-06, 8.05389561265e-07, 2.81216301801e-07, 1.13005660296e-06, 1.74481203885e-06, 1.68866824879e-06, 2.15154017269e-07, 3.76261084511e-08, 4.10113436544e-08, 4.67772887092e-09, 5.57938251156e-10, 1.10181419544e-09, 9.16350773039e-10, 3.1292541891e-09, 2.09671680018e-09, 4.4435672919e-09, 7.23460447105e-09, 1.21360672622e-08, 4.41564118603e-09, 4.15101943929e-08, 1.9711485777e-09, 2.15234732814e-10, 1.14615240909e-10, 9.75561437189e-11, 1.15832142489e-10, 9.59710227955e-11, 7.50566483965e-11, 1.66254079947e-10, 1.76149428377e-10, 3.28494210999e-11, 2.11278147755e-11, 6.11990276164e-12, 2.89615271869e-12, 1.25724821179e-12, 4.71754634055e-13, 2.37620551491e-13, 1.19393454541e-13, 9.7214140763e-14],
        "dvar2": [0.000267959287157, 0.000471403036499, 2.69461233984e-05, 2.07976290767e-06, 7.09180937974e-07, 2.92570121019e-06, 4.47031243311e-06, 4.43801081929e-06, 5.71086502532e-07, 1.04277276591e-07, 1.11527221236e-07, 1.2913718983e-08, 1.39625910833e-09, 2.87692514256e-09, 2.49750531367e-09, 8.44479508544e-09, 5.66169466865e-09, 1.24711911909e-08, 2.07145713915e-08, 3.55579103939e-08, 1.10232303285e-08, 1.22095812571e-07, 4.72626338066e-09, 5.18000975447e-10, 2.36928726638e-10, 2.19291418357e-10, 2.70485273068e-10, 2.64540639394e-10, 1.67088773373e-10, 4.51992915318e-10, 4.95087693064e-10, 7.50797479743e-11, 4.57637122642e-11, 1.35881479679e-11, 6.58268405063e-12, 2.82847226543e-12, 1.08655044597e-12, 5.26415337102e-13, 2.63905488174e-13, 2.0182912687e-13],
        "max": [0.0886292159557, 0.122368350625, 0.0240574106574, 0.00861696340144, 0.00500199804083, 0.0119489682838, 0.0113141303882, 0.0125132529065, 0.00465720100328, 0.00308891106397, 0.00268639437854, 0.00066227465868, 0.000332325755153, 0.00084668333875, 0.000543319620192, 0.000894866359886, 0.000612259842455, 0.00126905669458, 0.00195059378166, 0.00287401210517, 0.00140870898031, 0.00613187998533, 0.00102116318885, 0.00024766556453, 0.00023246195633, 0.000161624368047, 0.000281956658, 0.00025498229661, 0.000177107795025, 0.000298122264212, 0.000369499874068, 0.000116490307846, 0.000105262879515, 4.66591664008e-05, 2.62763423962e-05, 1.70849416463e-05, 5.9601356952e-06, 4.73171257909e-06, 2.71230555882e-06, 2.70353416454e-06],
        "mean": [0.0044786836952, 0.0065965228714, 0.00166302116122, 0.000679261109326, 0.000432334927609, 0.000562705448829, 0.000530368299223, 0.00038800801849, 0.00015042006271, 6.85556515236e-05, 7.60599505156e-05, 2.74758513115e-05, 1.29478548843e-05, 1.43927418321e-05, 1.52415741468e-05, 2.06943805097e-05, 1.61577172548e-05, 1.65213132277e-05, 1.94393924176e-05, 1.55790348799e-05, 1.29988839035e-05, 1.45156309372e-05, 1.01996765807e-05, 5.34458877155e-06, 3.96580935558e-06, 3.7474792407e-06, 3.50009668182e-06, 2.8405941066e-06, 2.77004528471e-06, 3.27735961037e-06, 3.58480315299e-06, 2.69278461928e-06, 2.35604284171e-06, 1.50165135437e-06, 1.16632975278e-06, 8.30159422094e-07, 5.78457445499e-07, 4.21277661644e-07, 3.05140787304e-07, 2.50995157103e-07],
        "median": [0.00153580331244, 0.00217233132571, 0.000649214605801, 0.000294548721286, 0.000207189354114, 0.000148831881233, 8.41681903694e-05, 6.61331432639e-05, 3.42911589541e-05, 2.32232305279e-05, 2.47554144153e-05, 9.83110112429e-06, 5.33524917046e-06, 6.25140546617e-06, 6.21946082902e-06, 5.71216605749e-06, 3.79434140996e-06, 3.22378264173e-06, 2.5604917937e-06, 1.43617455706e-06, 1.26709380766e-06, 1.0078433661e-06, 9.79403921519e-07, 7.51298898649e-07, 5.31152011263e-07, 4.53980533166e-07, 4.94144103413e-07, 4.36212161503e-07, 3.57533366468e-07, 4.10250606819e-07, 6.24344011158e-07, 7.37466848477e-07, 6.91045443091e-07, 4.62259549749e-07, 3.1823202562e-07, 2.43239128395e-07, 1.60013613026e-07, 1.34068102398e-07, 1.05959195196e-07, 7.03981370975e-08],
        "min": [7.39217020708e-24, 5.41497751728e-24, 8.99416605644e-24, 7.67483248006e-24, 2.31862687516e-24, 3.32219461675e-24, 7.06098431097e-24, 4.06816081582e-24, 6.74596296366e-24, 1.21685131512e-23, 3.43350320602e-23, 8.46071622423e-24, 6.05965949814e-24, 3.65795985042e-24, 3.57417572254e-24, 1.09537052225e-23, 9.49111056141e-24, 6.94008979952e-24, 1.29824148681e-23, 1.31502268819e-23, 1.61564124975e-23, 7.56024412269e-24, 1.16088676149e-23, 1.02891301417e-23, 6.59454663493e-24, 6.1838932578e-24, 3.33128150552e-24, 5.52221645203e-24, 1.32239774879e-23, 1.26185007108e-23, 1.08836425412e-23, 9.4030168864e-24, 8.89699969216e-24, 1.15097456644e-23, 1.36201000472e-23, 1.53630393079e-23, 1.183080022e-23, 1.30028313772e-23, 8.67543627402e-24, 8.65837715694e-24],
        "var": [0.000101218152849, 0.000187375509995, 8.4139583123e-06, 1.04658465716e-06, 3.6711386997e-07, 1.18540037874e-06, 1.67420193975e-06, 1.33154298965e-06, 1.65236770044e-07, 2.84261041372e-08, 3.34044543138e-08, 3.54479268161e-09, 5.79303160997e-10, 9.63271906684e-10, 9.006309587e-10, 2.86547363615e-09, 1.94839411272e-09, 3.02742431124e-09, 5.90828674873e-09, 7.10152736616e-09, 3.63840690909e-09, 2.26021796834e-08, 1.98014959985e-09, 2.47034809275e-10, 1.54415702447e-10, 1.2386769388e-10, 1.22562585081e-10, 7.52486198352e-11, 8.76282935103e-11, 1.44831938109e-10, 1.47629672376e-10, 4.17468733194e-11, 3.34812594316e-11, 1.08060418252e-11, 4.90865724803e-12, 2.00084935599e-12, 7.39004994352e-13, 3.54259617518e-13, 1.83817506572e-13, 1.54302501223e-13]
    },
    "mfcc": {
        "mean": [-710.629943848, 124.047622681, 37.4215583801, 29.9858551025, 8.11578941345, 17.4963493347, -6.22068595886, 4.64070129395, 1.89547455311, 3.47870206833, 6.14677000046, 1.99963986874, -0.397745221853],
        "cov": [[12150.0869141, 3412.98828125, -825.512756348, 675.714538574, -380.157714844, 43.2521057129, -137.423950195, -10.4997997284, -15.3841171265, 253.774932861, -211.604736328, 257.346038818, 6.56257581711], [3412.98828125, 4447.97314453, 275.599304199, -323.313903809, -85.0482254028, -143.79335022, -9.90228176117, -82.4042053223, -16.5642814636, 137.896789551, 39.927898407, 111.263664246, -0.161730900407], [-825.512756348, 275.599304199, 1492.6529541, -89.2891616821, 55.0565948486, -32.9351844788, 145.139099121, 35.2319641113, -1.83217918873, -51.7826766968, 17.7907371521, -22.1663360596, 7.68409776688], [675.714538574, -323.313903809, -89.2891616821, 840.074523926, 9.76524543762, -9.2625169754, -100.846542358, 17.3651657104, 33.9904174805, 0.552480697632, -37.2311592102, -17.5254955292, 4.72133302689], [-380.157714844, -85.0482254028, 55.0565948486, 9.76524543762, 577.882019043, 143.9168396, 51.3109664917, 4.32736444473, 21.9319572449, -27.3127288818, 11.8330783844, 14.3352851868, -11.8764324188], [43.2521057129, -143.79335022, -32.9351844788, -9.2625169754, 143.9168396, 337.303009033, 127.402297974, -4.21365833282, -16.1423377991, -7.06467866898, 9.28469848633, -13.3685913086, -10.4638233185], [-137.423950195, -9.90228176117, 145.139099121, -100.846542358, 51.3109664917, 127.402297974, 240.257171631, 56.8702774048, -12.1199464798, -12.8808231354, 2.68575978279, 3.71010184288, -12.2155361176], [-10.4997997284, -82.4042053223, 35.2319641113, 17.3651657104, 4.32736444473, -4.21365833282, 56.8702774048, 161.327804565, 59.8802909851, -10.2314414978, -10.4915466309, 18.5092811584, -19.6907253265], [-15.3841171265, -16.5642814636, -1.83217918873, 33.9904174805, 21.9319572449, -16.1423377991, -12.1199464798, 59.8802909851, 133.909896851, 40.5573158264, -9.90789031982, -4.3340382576, 3.99723958969], [253.774932861, 137.896789551, -51.7826766968, 0.552480697632, -27.3127288818, -7.06467866898, -12.8808231354, -10.2314414978, 40.5573158264, 120.35798645, 15.199669838, -3.19383454323, 10.3616352081], [-211.604736328, 39.927898407, 17.7907371521, -37.2311592102, 11.8330783844, 9.28469848633, 2.68575978279, -10.4915466309, -9.90789031982, 15.199669838, 110.778442383, 18.4061412811, -3.36961388588], [257.346038818, 111.263664246, -22.1663360596, -17.5254955292, 14.3352851868, -13.3685913086, 3.71010184288, 18.5092811584, -4.3340382576, -3.19383454323, 18.4061412811, 115.390686035, 24.8358097076], [6.56257581711, -0.161730900407, 7.68409776688, 4.72133302689, -11.8764324188, -10.4638233185, -12.2155361176, -19.6907253265, 3.99723958969, 10.3616352081, -3.36961388588, 24.8358097076, 80.9092636108]],
