{
"lowlevel": {
    "average_loudness": 0.956268370152,
    "barkbands_crest": {
        "dmean": 2.91104388237,
        "dmean2": 4.57258462906,
        "dvar": 7.42584609985,
        "dvar2": 13.7124147415,
        "max": 26.5413208008,
        "mean": 11.5997915268,
        "median": 9.9738035202,
        "min": 3.72713875771,
        "var": 30.3963413239
    },
    "barkbands_flatness_db": {
        "dmean": 0.0286492053419,
        "dmean2": 0.0416389517486,
        "dvar": 0.000910583359655,
        "dvar2": 0.00161835469771,
        "max": 0.503746926785,
        "mean": 0.165535986423,
        "median": 0.163797140121,
        "min": 0.0386832468212,
        "var": 0.00499200355262
    },
    "barkbands_kurtosis": {
        "dmean": 11.7893981934,
        "dmean2": 16.4311141968,
        "dvar": 985.86315918,
        "dvar2": 1854.73059082,
        "max": 360.436920166,
        "mean": 15.3396577835,
        "median": 4.12775421143,
        "min": -1.80321633816,
        "var": 1653.79492188
    },
    "barkbands_skewness": {
        "dmean": 0.97613543272,
        "dmean2": 1.28811872005,
        "dvar": 2.25244283676,
        "dvar2": 3.29883790016,
        "max": 18.1095695496,
        "mean": 2.49166226387,
        "median": 1.80060899258,
        "min": -1.7515296936,
        "var": 7.07692289352
    },
    "barkbands_spread": {
        "dmean": 7.67146158218,
        "dmean2": 11.3766746521,
        "dvar": 124.245918274,
        "dvar2": 263.76763916,
        "max": 92.1597518921,
        "mean": 19.465511322,
        "median": 14.1061849594,
        "min": 0.204767599702,
        "var": 282.85635376
    },
    "dissonance": {
        "dmean": 0.0215455014259,
        "dmean2": 0.0351256169379,
        "dvar": 0.000443421798991,
        "dvar2": 0.00113229558337,
        "max": 0.499739736319,
        "mean": 0.452077329159,
        "median": 0.458325713873,
        "min": 0.160465106368,
        "var": 0.000959186756518
    },
    "dynamic_complexity": 2.11613750458,
    "erbbands_crest": {
        "dmean": 2.80475616455,
        "dmean2": 4.42964315414,
        "dvar": 7.26085758209,
        "dvar2": 16.952003479,
        "max": 30.6657943726,
        "mean": 9.60330486298,
        "median": 8.16583347321,
        "min": 2.71096658707,
        "var": 27.4017982483
    },
    "erbbands_flatness_db": {
        "dmean": 0.0228044614196,
        "dmean2": 0.0297419782728,
        "dvar": 0.000664872233756,
        "dvar2": 0.00106483185664,
        "max": 0.311994850636,
        "mean": 0.160127863288,
        "median": 0.156256064773,
        "min": 0.0641098096967,
        "var": 0.00311611127108
    },
    "erbbands_kurtosis": {
        "dmean": 1.19571840763,
        "dmean2": 1.86169481277,
        "dvar": 3.5083732605,
        "dvar2": 7.18599653244,
        "max": 20.7945365906,
        "mean": 0.522189497948,
        "median": -0.70769071579,
        "min": -1.77043843269,
        "var": 10.2920351028
    },
    "erbbands_skewness": {
        "dmean": 0.462384045124,
        "dmean2": 0.694344580173,
        "dvar": 0.166843190789,
        "dvar2": 0.374321311712,
        "max": 4.39656066895,
        "mean": 0.693458914757,
        "median": 0.522075295448,
        "min": -1.3616707325,
        "var": 0.873315811157
    },
    "erbbands_spread": {
        "dmean": 15.263669014,
        "dmean2": 21.4766578674,
        "dvar": 414.880889893,
        "dvar2": 700.947692871,
        "max": 187.07119751,
        "mean": 52.3779678345,
        "median": 45.1422157288,
        "min": 5.7732257843,
        "var": 977.920471191
    },
    "hfc": {
        "dmean": 12.0570497513,
        "dmean2": 16.5485420227,
        "dvar": 549.38684082,
        "dvar2": 1072.71691895,
        "max": 212.043060303,
        "mean": 21.8026485443,
        "median": 10.078458786,
        "min": 1.24895563938e-16,
        "var": 1007.4786377
    },
    "melbands_crest": {
        "dmean": 3.444480896,
        "dmean2": 5.15866947174,
        "dvar": 9.07129383087,
        "dvar2": 16.9823303223,
        "max": 34.9088439941,
        "mean": 15.1286258698,
        "median": 12.9674053192,
        "min": 2.2317302227,
        "var": 44.8963394165
    },
    "melbands_flatness_db": {
        "dmean": 0.0322219021618,
        "dmean2": 0.0466055348516,
        "dvar": 0.00111609278247,
        "dvar2": 0.00197527557611,
        "max": 0.602623701096,
        "mean": 0.242126598954,
        "median": 0.236682340503,
        "min": 0.00770286051556,
        "var": 0.00633361376822
    },
    "melbands_kurtosis": {
        "dmean": 43.7791023254,
        "dmean2": 59.3043060303,
        "dvar": 16704.140625,
        "dvar2": 27307.6230469,
        "max": 1247.14575195,
        "mean": 58.2781028748,
        "median": 13.818189621,
        "min": -1.29685163498,
        "var": 28056.5234375
    },
    "melbands_skewness": {
        "dmean": 1.48031640053,
        "dmean2": 1.99691164494,
        "dvar": 6.76171684265,
        "dvar2": 8.64062976837,
        "max": 29.6001338959,
        "mean": 4.27977180481,
        "median": 3.06513834,
        "min": -0.309731006622,
        "var": 19.0173511505
    },
    "melbands_spread": {
        "dmean": 6.57414388657,
        "dmean2": 10.496468544,
        "dvar": 102.486068726,
        "dvar2": 244.890930176,
        "max": 143.309295654,
        "mean": 15.126786232,
        "median": 12.5999927521,
        "min": 0.359490066767,
        "var": 167.781967163
    },
    "pitch_salience": {
        "dmean": 0.0872468203306,
        "dmean2": 0.133812665939,
        "dvar": 0.00648902310058,
        "dvar2": 0.0123450439423,
        "max": 0.973652124405,
        "mean": 0.552581071854,
        "median": 0.597524821758,
        "min": 0.0373064577579,
        "var": 0.0296178869903
    },
    "silence_rate_20dB": {
        "dmean": 0,
        "dmean2": 0,
        "dvar": 0,
        "dvar2": 0,
        "max": 1,
        "mean": 1,
        "median": 1,
        "min": 1,
        "var": 0
    },
    "silence_rate_30dB": {
        "dmean": 0.0443298965693,
        "dmean2": 0.0887055173516,
        "dvar": 0.0423650182784,
        "dvar2": 0.0818683058023,
        "max": 1,
        "mean": 0.943843364716,
        "median": 1,
        "min": 0,
        "var": 0.0530024245381
    },
    "silence_rate_60dB": {
        "dmean": 0.000515463936608,
        "dmean2": 0.00103145954199,
        "dvar": 0.000515170919243,
        "dvar2": 0.00103040458634,
        "max": 1,
        "mean": 0.0010303966701,
        "median": 0,
        "min": 0,
        "var": 0.00102934613824
    },
    "spectral_centroid": {
        "dmean": 255.076126099,
        "dmean2": 393.955474854,
        "dvar": 115379.203125,
        "dvar2": 186996.78125,
        "max": 11222.7919922,
        "mean": 974.985961914,
        "median": 874.425048828,
        "min": 145.624908447,
        "var": 283885.1875
    },
    "spectral_complexity": {
        "dmean": 3.36546397209,
        "dmean2": 4.76534318924,
        "dvar": 26.085351944,
        "dvar2": 41.2526245117,
        "max": 58,
        "mean": 15.2709941864,
        "median": 13,
        "min": 0,
        "var": 83.6691360474
    },
    "spectral_decrease": {
        "dmean": 3.6295515482e-09,
        "dmean2": 5.59183144233e-09,
        "dvar": 4.36135577093e-17,
        "dvar2": 8.64520471846e-17,
        "max": -3.37593954807e-32,
        "mean": -8.724548195e-09,
        "median": -5.18528597837e-09,
        "min": -5.28969756886e-08,
        "var": 8.11163748916e-17
    },
    "spectral_energy": {
        "dmean": 0.0145069304854,
        "dmean2": 0.0220305230469,
        "dvar": 0.000668384600431,
        "dvar2": 0.00133955024648,
        "max": 0.203673660755,
        "mean": 0.0349060110748,
        "median": 0.0211269054562,
        "min": 1.13285292946e-20,
        "var": 0.00122455484234
    },
    "spectral_energyband_high": {
        "dmean": 0.00112772744615,
        "dmean2": 0.00150701811071,
        "dvar": 5.92722017245e-06,
        "dvar2": 1.0700531675e-05,
        "max": 0.0213712584227,
        "mean": 0.00144012621604,
        "median": 0.000158600072609,
        "min": 8.09598016216e-21,
        "var": 1.14364665933e-05
    },
    "spectral_energyband_low": {
        "dmean": 0.00865108333528,
        "dmean2": 0.0131800230592,
        "dvar": 0.000492532737553,
        "dvar2": 0.000786555057857,
        "max": 0.172414511442,
        "mean": 0.0147540038452,
        "median": 0.00370691646822,
        "min": 1.01259662542e-22,
        "var": 0.00107831065543
    },
    "spectral_energyband_middle_high": {
        "dmean": 0.000763132469729,
        "dmean2": 0.00113491760567,
        "dvar": 1.19258731957e-06,
        "dvar2": 2.1736382223e-06,
        "max": 0.0130684720352,
        "mean": 0.00209808815271,
        "median": 0.0017406999832,
        "min": 1.52773089971e-21,
        "var": 2.93324569611e-06
    },
    "spectral_energyband_middle_low": {
        "dmean": 0.00842423457652,
        "dmean2": 0.0140738161281,
        "dvar": 0.000235229817918,
        "dvar2": 0.000639908888843,
        "max": 0.117219828069,
        "mean": 0.0171379130334,
        "median": 0.0114939697087,
        "min": 4.79597945909e-22,
        "var": 0.000268520612735
    },
    "spectral_entropy": {
        "dmean": 0.25156673789,
        "dmean2": 0.336677312851,
        "dvar": 0.0907656401396,
        "dvar2": 0.170787274837,
        "max": 9.79851913452,
        "mean": 7.27001905441,
        "median": 7.20893621445,
        "min": 5.86964845657,
        "var": 0.319544225931
    },
    "spectral_flux": {
        "dmean": 0.037815131247,
        "dmean2": 0.0600322857499,
        "dvar": 0.00321332667954,
        "dvar2": 0.00607974734157,
        "max": 0.474724113941,
        "mean": 0.094218403101,
        "median": 0.0681567564607,
        "min": 1.06435561753e-10,
        "var": 0.00550080044195
    },
    "spectral_kurtosis": {
        "dmean": 2.46661543846,
        "dmean2": 3.97462654114,
        "dvar": 7.61305809021,
        "dvar2": 20.7817649841,
        "max": 29.3069038391,
        "mean": 4.73980855942,
        "median": 3.9704618454,
        "min": -1.2232029438,
        "var": 14.9137639999
    },
    "spectral_rms": {
        "dmean": 0.00105097622145,
        "dmean2": 0.00159042293672,
        "dvar": 2.23185020332e-06,
        "dvar2": 4.48051650892e-06,
        "max": 0.0140963122249,
        "mean": 0.00536399893463,
        "median": 0.00454000150785,
        "min": 3.32448847097e-12,
        "var": 5.28211421624e-06
    },
    "spectral_rolloff": {
        "dmean": 829.362304688,
        "dmean2": 1345.01867676,
        "dvar": 2833909.5,
        "dvar2": 6479398,
        "max": 19078.4179688,
        "mean": 1265.08959961,
        "median": 559.86328125,
        "min": 64.599609375,
        "var": 3418381.5
    },
    "spectral_skewness": {
        "dmean": 0.31996679306,
        "dmean2": 0.480636775494,
        "dvar": 0.0863920003176,
        "dvar2": 0.214158162475,
        "max": 4.0535736084,
        "mean": 1.61843180656,
        "median": 1.61711037159,
        "min": -0.0318636894226,
        "var": 0.255800068378
    },
    "spectral_spread": {
        "dmean": 1139057.125,
        "dmean2": 1422455,
        "dvar": 2.70073987072e+12,
        "dvar2": 4.13476847616e+12,
        "max": 40534296,
        "mean": 5096645,
        "median": 4196214,
        "min": 1825503.875,
        "var": 6.82889157018e+12
    },
    "spectral_strongpeak": {
        "dmean": 0.396560966969,
        "dmean2": 0.649003982544,
        "dvar": 0.186250299215,
        "dvar2": 0.479785352945,
        "max": 4.37001132965,
        "mean": 0.824534773827,
        "median": 0.636016905308,
        "min": 0,
        "var": 0.471866607666
    },
    "zerocrossingrate": {
        "dmean": 0.0147002860904,
        "dmean2": 0.0157967414707,
        "dvar": 0.00045570571092,
        "dvar2": 0.000541060813703,
        "max": 0.498046875,
        "mean": 0.0536455325782,
        "median": 0.03759765625,
        "min": 0.0029296875,
        "var": 0.00165609677788
    },
    "barkbands": {
        "dmean": [0.000575528130867, 0.00724398810416, 0.00388717604801, 0.00284788873978, 0.00426440080628, 0.00227721547708, 0.00152639253065, 0.000515883322805, 0.000188853911823, 8.26817413326e-05, 0.000118352771096, 0.000213036080822, 9.72701382125e-05, 0.000116335460916, 9.65838844422e-05, 0.000259003893007, 8.2672413555e-05, 0.000130969405291, 0.000116901836009, 0.000141148120747, 0.000146348262206, 0.000149283805513, 0.000220029018237, 0.0002570769866, 0.000297018326819, 6.78889628034e-05, 2.00137910724e-05],
        "dmean2": [0.000898845202755, 0.0107837961987, 0.00723136775196, 0.00534853199497, 0.00680369418114, 0.00343759637326, 0.00236022169702, 0.000769070524257, 0.000304508052068, 0.000128454659716, 0.000203117509955, 0.00032255941187, 0.000155127010657, 0.000186783014215, 0.000157478207257, 0.000424100842793, 0.000130926055135, 0.000208974495763, 0.000190005725017, 0.000219931840547, 0.000180945047759, 0.00017496975488, 0.00029312222614, 0.000417336501414, 0.000445593090262, 0.000110072767711, 3.26882363879e-05],
        "dvar": [9.08209699446e-07, 0.000454178429209, 0.000202570256079, 5.45205875824e-05, 8.16299798316e-05, 7.52175174057e-06, 8.29526015877e-06, 8.61212072323e-07, 6.51459046708e-08, 1.79107608744e-08, 3.38552368362e-08, 7.56052784823e-08, 2.65441677527e-08, 2.5074172072e-08, 5.22933092384e-08, 1.70979689074e-07, 2.46200642096e-08, 7.74469910425e-08, 4.85720867971e-08, 1.75950390258e-07, 1.43854862245e-07, 1.48805440858e-07, 2.71760626447e-07, 4.3209689693e-07, 5.81423876156e-07, 2.35666224313e-08, 4.45435777152e-09],
        "dvar2": [1.95499455913e-06, 0.000808910583146, 0.000584343622904, 0.000158526207088, 0.000200944865355, 1.7009984731e-05, 1.73829212144e-05, 1.62692924732e-06, 1.68072958218e-07, 4.07381222089e-08, 9.1210615949e-08, 1.6683615911e-07, 6.13000992189e-08, 6.4366162178e-08, 1.30452505687e-07, 4.60165352933e-07, 6.27942782216e-08, 1.87820276665e-07, 1.11445643824e-07, 4.33928619259e-07, 2.28771057209e-07, 2.00982924525e-07, 4.38582105744e-07, 1.14488818781e-06, 1.32908508022e-06, 6.07364114558e-08, 1.09001616622e-08],
        "max": [0.0147036481649, 0.161529392004, 0.107021912932, 0.0526103042066, 0.0865632891655, 0.040478926152, 0.0372298099101, 0.0178743340075, 0.00271821185015, 0.00173474964686, 0.00191993033513, 0.00200372911058, 0.00188345625065, 0.00165234331507, 0.0025515507441, 0.00620144652203, 0.00215459894389, 0.00335144600831, 0.00217583822086, 0.00417820736766, 0.00463375169784, 0.004356644582, 0.00544915162027, 0.00533587113023, 0.00897779688239, 0.00163984950632, 0.000952187401708],
        "mean": [0.00119135039859, 0.00979287084192, 0.00326159456745, 0.00243588606827, 0.00585996452719, 0.00469349185005, 0.00298847677186, 0.000861597713083, 0.00027537412825, 0.00014317141904, 0.00016113226593, 0.000354447489372, 0.000157832342666, 0.000161908406881, 0.000128087252961, 0.00040880398592, 0.000141704687849, 0.000190786071471, 0.000187458717846, 0.000174563567271, 0.000201793794986, 0.000215537977056, 0.000285805057501, 0.000220748363063, 0.000325089815306, 6.47116685286e-05, 2.17593187699e-05],
        "median": [0.000541105866432, 0.000819022534415, 0.00102185609285, 0.000738579430617, 0.00286231725477, 0.00319469068199, 0.000976425013505, 0.000528884702362, 0.000182528718142, 7.10177482688e-05, 6.98682197253e-05, 0.000140509335324, 7.72413332015e-05, 9.4615490525e-05, 4.77931316709e-05, 0.000265383103397, 5.87376816839e-05, 6.63395840093e-05, 8.17735417513e-05, 2.9241979064e-05, 4.08299565606e-05, 2.43054564635e-05, 2.28420540225e-05, 1.12730822366e-05, 1.23135478134e-05, 1.4380580069e-06, 6.52729212902e-08],
        "min": [8.06698312466e-24, 1.63629978136e-23, 4.5627153089e-23, 4.92071616491e-23, 4.34955815034e-23, 1.28486407825e-22, 1.16670356937e-22, 6.53622441271e-23, 6.5169105734e-23, 2.96975712339e-23, 5.48782322096e-23, 1.21884841116e-22, 8.67718154988e-23, 2.18209276239e-22, 1.36971610291e-22, 1.57382774058e-22, 2.17897467922e-22, 1.70569398193e-22, 2.0121009366e-22, 2.94313477178e-22, 6.03199297868e-22, 6.97083338138e-22, 4.36540983691e-22, 1.1550169674e-21, 1.17518282698e-21, 1.44873232393e-21, 2.61202897344e-21],
        "var": [2.83243139165e-06, 0.000788536446635, 0.000114879891044, 3.21077313856e-05, 9.40840036492e-05, 2.85551486741e-05, 3.17448684655e-05, 1.69332781752e-06, 9.04631249909e-08, 3.89764842623e-08, 4.54331967603e-08, 1.92145407141e-07, 6.2765387554e-08, 3.67821932912e-08, 6.48882050314e-08, 2.3312138353e-07, 4.90631570926e-08, 1.08353880535e-07, 9.34180661716e-08, 2.33014162632e-07, 2.865174622e-07, 3.73066114889e-07, 5.33791023827e-07, 3.44891049053e-07, 7.82143217748e-07, 2.33868000521e-08, 5.47843770349e-09]
    },
    "erbbands": {
        "dmean": [0.209731116891, 1.75666463375, 3.91091442108, 7.56852769852, 12.7510175705, 14.5448980331, 15.7080907822, 18.5627670288, 16.3263969421, 26.2807369232, 7.66165304184, 4.43235826492, 2.3351995945, 2.62374567986, 6.63219547272, 7.3971824646, 4.35237789154, 3.49302697182, 5.80868196487, 7.99210262299, 13.3120145798, 6.09377479553, 6.29291629791, 5.51493883133, 5.95235681534, 5.67975711823, 6.25851678848, 6.64742994308, 5.57058238983, 4.75760602951, 7.16564083099, 5.55680513382, 3.83266663551, 2.22178316116, 2.68054795265, 0.598795175552, 0.0848322212696, 0.0432732701302, 0.00152638042346, 5.38331260032e-05],
        "dmean2": [0.306159734726, 2.5272436142, 6.78869390488, 14.2082605362, 22.603685379, 22.6530056, 23.649679184, 27.7511501312, 26.8623447418, 39.2699661255, 11.2404098511, 7.17673635483, 3.77831602097, 4.17233943939, 10.7801504135, 11.3022108078, 6.9427728653, 5.80720663071, 9.3023223877, 12.8093252182, 21.638086319, 9.82796001434, 10.0831451416, 7.92627906799, 9.55195713043, 8.56999588013, 8.60340976715, 8.20341491699, 6.68663263321, 5.99543333054, 9.56781768799, 8.75890254974, 6.2447104454, 3.48000025749, 4.09274959564, 0.951577723026, 0.13396987319, 0.0680920407176, 0.00249257567339, 8.16308966023e-05],
        "dvar": [0.342663019896, 27.3866519928, 173.052963257, 532.76348877, 892.092651367, 951.893493652, 553.572570801, 599.714111328, 679.845703125, 3850.80200195, 82.4933624268, 36.1334457397, 13.2999210358, 21.9162254333, 62.8136329651, 80.191734314, 52.2283096313, 37.5030593872, 85.1774215698, 215.676147461, 670.889404297, 112.782936096, 214.416702271, 92.0117263794, 149.442962646, 234.632644653, 293.972167969, 329.338409424, 212.966674805, 141.179702759, 272.571868896, 187.504211426, 93.2596282959, 26.5743312836, 63.3268089294, 1.99285435677, 0.0383390597999, 0.0164315309376, 2.57771698671e-05, 1.77905352672e-08],
        "dvar2": [0.610176861286, 51.3222885132, 471.000610352, 1544.63208008, 2475.90283203, 2190.84106445, 1043.1451416, 1323.33215332, 1787.13525391, 7624.60742188, 174.171279907, 94.966796875, 33.8851547241, 52.4377593994, 167.819763184, 180.912826538, 129.365875244, 98.7242279053, 222.660751343, 533.909301758, 1831.73254395, 293.486297607, 543.684020996, 166.792541504, 348.994232178, 550.517150879, 579.318786621, 581.139953613, 266.331329346, 228.230438232, 443.557037354, 489.131195068, 245.724380493, 65.069519043, 145.938034058, 4.85682487488, 0.0984481573105, 0.0394438803196, 6.72753085382e-05, 4.36796518954e-08],
        "max": [4.7683262825, 40.5803375244, 103.916740417, 172.304672241, 262.196716309, 305.579925537, 343.246582031, 466.351135254, 358.937347412, 860.033203125, 119.699707031, 49.7289848328, 33.8544082642, 79.6397094727, 79.7478561401, 61.0321922302, 76.212097168, 73.1131591797, 92.4460449219, 139.191772461, 405.343597412, 146.922164917, 204.745834351, 143.016143799, 140.359329224, 176.089080811, 176.274124146, 223.940643311, 165.058013916, 125.904083252, 172.153915405, 112.594367981, 71.516998291, 50.5217132568, 105.448326111, 13.2550859451, 1.92760300636, 1.91655302048, 0.0781737118959, 0.00155461195391],
        "mean": [0.311476349831, 2.09089159966, 3.82878780365, 6.39294242859, 12.0542917252, 19.7617797852, 36.1290855408, 36.6481285095, 29.9348373413, 50.1554870605, 15.420542717, 6.65885162354, 3.88136434555, 4.84570407867, 10.0727653503, 12.7293205261, 7.40092611313, 5.5559720993, 8.55090522766, 12.8581600189, 20.6072864532, 10.591178894, 9.19411182404, 9.59640312195, 9.06597805023, 7.77194738388, 8.59736633301, 8.52855110168, 8.203997612, 6.32161569595, 9.13059234619, 5.07546949387, 3.28212475777, 2.35178089142, 2.96799898148, 0.619202017784, 0.0783322453499, 0.0460339188576, 0.00156310352031, 7.93886210886e-05],
        "median": [0.0240929946303, 0.234244674444, 1.39804232121, 2.06698083878, 4.93543958664, 9.4772644043, 21.6705513, 25.0401287079, 16.5197696686, 12.3853826523, 10.9682283401, 4.54365682602, 2.50511455536, 2.40963029861, 7.7548532486, 6.78335571289, 4.08138608932, 3.16945934296, 4.40217971802, 4.86955022812, 9.32849884033, 5.76107358932, 4.06258773804, 4.69026708603, 3.78253269196, 1.57952404022, 1.83131790161, 1.12216043472, 1.02296471596, 0.680591762066, 0.69868761301, 0.277910768986, 0.159880012274, 0.106926441193, 0.0928520783782, 0.018684271723, 0.00156727968715, 0.000298380880849, 2.62843041128e-05, 3.00891315419e-05],
        "min": [7.60939672041e-22, 2.979838791e-21, 3.7135058679e-20, 1.39099764557e-19, 1.21023981167e-19, 1.26924531895e-19, 9.62457626532e-19, 7.43079712109e-19, 1.42591379225e-18, 1.60696274203e-18, 1.45412158172e-18, 1.34676739349e-18, 9.50031615973e-19, 8.00924348947e-19, 3.37332691041e-18, 5.44666131963e-18, 4.5446481586e-18, 1.04052587809e-17, 7.66269927377e-18, 8.41539640806e-18, 8.30584212619e-18, 1.24069514909e-17, 1.07220375226e-17, 6.83333366363e-18, 1.20058648467e-17, 1.31629052352e-17, 2.45334821366e-17, 2.13653390315e-17, 2.25246210795e-17, 2.21008713409e-17, 1.18089793173e-17, 1.57261741718e-17, 2.3868103015e-17, 1.41759913817e-17, 8.41938093707e-18, 5.0388716174e-18, 2.45621067217e-18, 1.22912721433e-18, 3.84891610966e-19, 4.07765177618e-20],
        "var": [0.748102724552, 39.7083282471, 120.692237854, 300.640106201, 670.010864258, 1197.53735352, 2668.13110352, 1766.34912109, 1783.09326172, 12675.7197266, 197.649414062, 41.7747306824, 16.2138061523, 47.4483032227, 80.2668609619, 193.891098022, 107.710044861, 52.4258804321, 122.645095825, 362.494750977, 855.446411133, 208.805480957, 267.765197754, 221.416244507, 266.219696045, 360.421661377, 513.930786133, 601.621520996, 545.77545166, 285.062927246, 536.576416016, 161.199157715, 75.4306030273, 31.3325843811, 81.5895843506, 2.38594841957, 0.0354289002717, 0.0202345158905, 2.75276470347e-05, 2.06968362448e-08]
    },
    "gfcc": {
        "mean": [-9.48221683502, 106.235847473, -104.481880188, 42.2116012573, -63.2382354736, 3.01409649849, -48.488658905, 2.09385514259, -18.8149261475, 1.84737730026, -5.38963651657, 2.12262248993, -5.91563129425],
        "cov": [[4077.95556641, -2170.82226562, 885.138427734, -69.1622314453, -289.93347168, 194.217544556, -457.488037109, 99.5543136597, -512.645385742, 176.471908569, -543.204345703, 190.397186279, -357.702423096], [-2170.82226562, 2670.0871582, -1337.54162598, 57.998752594, 89.1512680054, -453.508239746, 290.854553223, -346.380737305, 352.191223145, -345.429473877, 466.177429199, -345.547912598, 330.641204834], [885.138427734, -1337.54162598, 1209.76318359, 9.40944957733, 62.5781059265, 404.037506104, -31.3378944397, 321.315368652, -101.718666077, 222.055450439, -201.08996582, 192.742874146, -173.330749512], [-69.1622314453, 57.998752594, 9.40944957733, 224.695724487, 104.255180359, 67.6977767944, 89.8717193604, 27.3755455017, 44.9449615479, -25.6028881073, 12.0205068588, -44.4552688599, 24.3603572845], [-289.93347168, 89.1512680054, 62.5781059265, 104.255180359, 188.664505005, 100.975639343, 95.8963470459, 63.4416656494, 69.5028076172, -1.79947566986, 6.92167234421, -13.7512922287, 22.6948814392], [194.217544556, -453.508239746, 404.037506104, 67.6977767944, 100.975639343, 288.869934082, 46.8541030884, 184.760543823, -6.15127849579, 79.7689666748, -63.7995529175, 65.4984512329, -47.6194915771], [-457.488037109, 290.854553223, -31.3378944397, 89.8717193604, 95.8963470459, 46.8541030884, 179.866363525, 36.0927429199, 102.014533997, -19.6864566803, 84.957611084, -30.7370529175, 57.3455352783], [99.5543136597, -346.380737305, 321.315368652, 27.3755455017, 63.4416656494, 184.760543823, 36.0927429199, 212.940444946, 28.0813579559, 88.7720565796, -37.8855857849, 78.0722732544, -32.0458221436], [-512.645385742, 352.191223145, -101.718666077, 44.9449615479, 69.5028076172, -6.15127849579, 102.014533997, 28.0813579559, 152.279785156, -6.70143699646, 97.8773956299, -34.0368080139, 63.7473297119], [176.471908569, -345.429473877, 222.055450439, -25.6028881073, -1.79947566986, 79.7689666748, -19.6864566803, 88.7720565796, -6.70143699646, 125.637695312, -37.7601242065, 72.1401901245, -43.6169090271], [-543.204345703, 466.177429199, -201.08996582, 12.0205068588, 6.92167234421, -63.7995529175, 84.957611084, -37.8855857849, 97.8773956299, -37.7601242065, 174.291183472, -25.8290214539, 85.0800247192], [190.397186279, -345.547912598, 192.742874146, -44.4552688599, -13.7512922287, 65.4984512329, -30.7370529175, 78.0722732544, -34.0368080139, 72.1401901245, -25.8290214539, 123.959701538, -20.2474308014], [-357.702423096, 330.641204834, -173.330749512, 24.3603572845, 22.6948814392, -47.6194915771, 57.3455352783, -32.0458221436, 63.7473297119, -43.6169090271, 85.0800247192, -20.2474308014, 99.0273895264]],
        "icov": [[0.00066410144791, 0.000177764115506, -8.00538473413e-05, -0.000557155173738, 0.000755858782213, -8.64935009304e-06, 0.000437810114818, -6.63976752548e-05, 0.000700933684129, 8.76044578035e-05, 0.000769007310737, -1.46489046529e-05, 0.000273516779998], [0.000177764115506, 0.00276311254129, 0.00109328038525, 0.00132861523889, -0.00118520832621, 0.00110665312968, -0.00105196074583, -0.000370181340259, -0.00100286502857, 0.00184631405864, -0.00273009482771, 0.00334476330318, -0.00121541973203], [-8.00538473413e-05, 0.00109328038525, 0.00289578177035, 0.000638742465526, -0.000446499179816, -0.001374766347, -0.00101862603333, -0.000978597206995, -8.82674212335e-05, -0.000368389009964, -0.000660251418594, 0.000183939439012, 0.00118580972776], [-0.000557155173738, 0.00132861523889, 0.000638742465526, 0.00838124658912, -0.00369966076687, -0.000505051168147, -0.0029755346477, -0.000260949454969, -0.000326671637595, 0.00127645384055, -0.00166943005752, 0.00433892337605, -0.0020547460299], [0.000755858782213, -0.00118520832621, -0.000446499179816, -0.00369966076687, 0.0126664070413, -0.00412698276341, -0.00156425510067, 0.00120085221715, -0.00344617688097, 0.000593824486714, 0.00589851522818, -0.00270514772274, 8.22946094559e-05], [-8.64935009304e-06, 0.00110665312968, -0.001374766347, -0.000505051168147, -0.00412698276341, 0.0127856247127, -0.00216204742901, -0.00736742978916, 0.00361406686716, 0.000292557029752, -0.00171921437141, 0.00236264802516, -0.000283846922684], [0.000437810114818, -0.00105196074583, -0.00101862603333, -0.0029755346477, -0.00156425510067, -0.00216204742901, 0.0142417550087, -0.000496275839396, -0.00262169074267, 0.000273136829492, -0.00250016944483, 0.00015190996055, -0.00105907081161], [-6.63976752548e-05, -0.000370181340259, -0.000978597206995, -0.000260949454969, 0.00120085221715, -0.00736742978916, -0.000496275839396, 0.0164330452681, -0.00737743405625, -0.00178764353041, 0.00295210862532, -0.00610470538959, 0.00131191755645], [0.000700933684129, -0.00100286502857, -8.82674212335e-05, -0.000326671637595, -0.00344617688097, 0.00361406686716, -0.00262169074267, -0.00737743405625, 0.0220331028104, -0.00627001468092, -0.0049923248589, 0.00585864856839, -0.00399334914982], [8.76044578035e-05, 0.00184631405864, -0.000368389009964, 0.00127645384055, 0.000593824486714, 0.000292557029752, 0.000273136829492, -0.00178764353041, -0.00627001468092, 0.0187576413155, -0.00102339405566, -0.00494775688276, 0.00462663779035], [0.000769007310737, -0.00273009482771, -0.000660251418594, -0.00166943005752, 0.00589851522818, -0.00171921437141, -0.00250016944483, 0.00295210862532, -0.0049923248589, -0.00102339405566, 0.0191967282444, -0.00666289962828, -0.00371946464293], [-1.46489046529e-05, 0.00334476330318, 0.000183939439012, 0.00433892337605, -0.00270514772274, 0.00236264802516, 0.00015190996055, -0.00610470538959, 0.00585864856839, -0.00494775688276, -0.00666289962828, 0.0228383485228, -0.00783009640872], [0.000273516779998, -0.00121541973203, 0.00118580972776, -0.0020547460299, 8.22946094559e-05, -0.000283846922684, -0.00105907081161, 0.00131191755645, -0.00399334914982, 0.00462663779035, -0.00371946464293, -0.00783009640872, 0.0248109642416]]
    },
    "melbands": {
        "dmean": [0.00197818642482, 0.00188520888332, 0.00143760582432, 0.00105239253026, 0.000523262075149, 0.000411712360801, 0.000266522838501, 0.000252550817095, 4.97585751873e-05, 2.61749537458e-05, 1.20286968013e-05, 1.06939560283e-05, 2.01494494831e-05, 3.02094067592e-05, 1.32388086058e-05, 6.81506662659e-06, 6.37204584564e-06, 1.07273326648e-05, 8.90483352123e-06, 1.06475363282e-05, 1.8868204279e-05, 5.56353097636e-06, 6.44313786324e-06, 5.8716454987e-06, 4.53328993899e-06, 5.25549512531e-06, 3.95409642806e-06, 4.02223213314e-06, 4.63242531623e-06, 3.42746875504e-06, 4.09529138778e-06, 3.71081250705e-06, 2.47533921538e-06, 2.86284921458e-06, 5.08432731294e-06, 2.25114808927e-06, 4.26592032454e-06, 3.38464565175e-06, 1.6803409153e-06, 1.88892045117e-06],
        "dmean2": [0.0029797675088, 0.00273881992325, 0.00269204261713, 0.00170340703335, 0.000801836838946, 0.000619262107648, 0.000428613624536, 0.000375405041268, 7.32966509531e-05, 4.28746534453e-05, 1.93111027329e-05, 1.66735644598e-05, 3.40956794389e-05, 4.59485891042e-05, 2.03299641726e-05, 1.12427142085e-05, 1.06280194814e-05, 1.72225663846e-05, 1.39206649692e-05, 1.73292519321e-05, 3.07946138491e-05, 8.95809171197e-06, 1.06303823486e-05, 9.27671953832e-06, 6.58612361804e-06, 8.86890120455e-06, 5.87432759858e-06, 6.29021496934e-06, 6.8847498369e-06, 4.40923849965e-06, 5.3410876717e-06, 4.55459667137e-06, 3.61755996892e-06, 3.79592529498e-06, 6.87976580593e-06, 3.15375928039e-06, 7.08139032213e-06, 5.73142915528e-06, 2.6970262752e-06, 2.97141809824e-06],
        "dvar": [3.29802060151e-05, 2.83488407149e-05, 1.57825033966e-05, 6.03772059549e-06, 5.59284274004e-07, 2.74829176306e-07, 1.85219917626e-07, 3.23657474155e-07, 3.16287707136e-09, 1.36115130278e-09, 3.19598209009e-10, 3.94838495232e-10, 8.66577754e-10, 1.7179272449e-09, 5.62238922086e-10, 1.19671425547e-10, 1.35788449929e-10, 2.63442906379e-10, 3.97936850138e-10, 3.40825173639e-10, 1.61641189322e-09, 1.01829565613e-10, 2.35863828468e-10, 1.45596326662e-10, 6.61846966121e-11, 8.68332003523e-11, 1.15040144077e-10, 1.310132558e-10, 1.9448613553e-10, 8.87394463467e-11, 1.29513871849e-10, 1.04656359967e-10, 4.96466791289e-11, 5.50826294299e-11, 1.59516011511e-10, 2.19883382335e-11, 1.25848206856e-10, 8.28777532713e-11, 1.48544891665e-11, 1.9757988648e-11],
        "dvar2": [5.80266932957e-05, 6.10785573372e-05, 4.57498717878e-05, 1.47673999891e-05, 1.10696691991e-06, 6.27986594282e-07, 4.51957191672e-07, 6.37988819108e-07, 7.354196363e-09, 3.6433227546e-09, 7.92060972366e-10, 9.33529809011e-10, 2.36380226504e-09, 3.83479248356e-09, 1.01427555244e-09, 3.13912368322e-10, 3.53152840304e-10, 6.77768507984e-10, 9.48053413552e-10, 8.54114501347e-10, 4.4150825218e-09, 2.56813986743e-10, 6.32152774571e-10, 3.45663414558e-10, 1.24552340663e-10, 2.14418344191e-10, 2.76755646178e-10, 3.28762239654e-10, 4.45638359547e-10, 1.37407904499e-10, 2.5465893283e-10, 1.43774256389e-10, 9.12667580399e-11, 9.6192831478e-11, 2.60314297895e-10, 4.33590420512e-11, 3.3692887369e-10, 2.25186480574e-10, 3.69741667838e-11, 4.66903876672e-11],
        "max": [0.0439417734742, 0.0442840158939, 0.0281831510365, 0.0236505772918, 0.0109528433532, 0.00924017746001, 0.00586111051962, 0.0085806036368, 0.000752056483179, 0.000323485932313, 0.000160290393978, 0.000330788374413, 0.000306390749756, 0.000296816724585, 0.000383604230592, 0.000121313059935, 0.000128172323457, 0.000156387060997, 0.00023671350209, 0.000169373553945, 0.000617979618255, 0.000146097023389, 0.000251707795542, 0.000149953717482, 0.000123866469949, 0.000107639221824, 0.000150273262989, 0.000116565628559, 0.000142801029142, 0.000104560611362, 0.000149234969285, 0.000123362537124, 7.49285391066e-05, 8.05558811408e-05, 0.000147886574268, 3.78031290893e-05, 9.50371977524e-05, 6.9299909228e-05, 2.62962621491e-05, 4.57604510302e-05],
        "mean": [0.00281379278749, 0.0022870991379, 0.00123570370488, 0.00119246938266, 0.00119676359463, 0.000825023744255, 0.000500023714267, 0.000477946858155, 9.54751958488e-05, 3.61648344551e-05, 1.93106607185e-05, 1.95052671188e-05, 2.82244654954e-05, 4.94722298754e-05, 2.15781637962e-05, 1.1557277503e-05, 9.4181195891e-06, 1.4907221157e-05, 1.23206673379e-05, 1.69935519807e-05, 2.76334139926e-05, 9.33252886171e-06, 8.82186577655e-06, 8.78531318449e-06, 7.47467038309e-06, 8.35033188196e-06, 4.94035202792e-06, 5.15880401508e-06, 5.84257668379e-06, 4.69911992695e-06, 4.98912595503e-06, 5.17056696481e-06, 3.40210067407e-06, 3.65580899597e-06, 6.6235252234e-06, 2.53616622103e-06, 3.51526409759e-06, 2.74837839243e-06, 1.47084938362e-06, 2.15041040974e-06],
        "median": [0.000259637861745, 0.000729589839466, 0.000437705253717, 0.000510735495482, 0.00074670847971, 0.000574150821194, 0.000240674882662, 0.000157737260452, 7.07192375557e-05, 2.39358832914e-05, 1.17960244097e-05, 8.53332039696e-06, 1.8484199245e-05, 1.55439320224e-05, 9.58128111961e-06, 6.96894585417e-06, 4.51406503998e-06, 7.08523020876e-06, 4.17720957557e-06, 5.74683781451e-06, 9.34765830607e-06, 4.37955895904e-06, 2.60736965174e-06, 2.7513092391e-06, 3.51462040271e-06, 4.04997081205e-06, 9.61490059126e-07, 9.5595885341e-07, 1.12214604542e-06, 7.72102907831e-07, 6.48486604859e-07, 6.35159665308e-07, 3.83239552093e-07, 3.80874467965e-07, 4.5973999363e-07, 1.57216902608e-07, 1.40706688967e-07, 1.289275815e-07, 5.26744585727e-08, 9.24784373524e-08],
        "min": [5.62045251169e-24, 1.45218595697e-23, 2.34391495532e-23, 6.77142818254e-24, 2.71071476587e-23, 1.80388334103e-23, 2.40963905941e-23, 1.83546538737e-23, 1.24938512214e-23, 7.98955484909e-24, 4.74810132928e-24, 2.94312407483e-24, 7.7885901669e-24, 1.82225417602e-23, 7.46129493277e-24, 1.42836172655e-23, 1.83447868015e-23, 1.21270032904e-23, 1.07093192695e-23, 1.23504307868e-23, 8.4165084591e-24, 1.19221779229e-23, 1.5077512681e-23, 6.59581985643e-24, 4.951634937e-24, 8.02950197647e-24, 9.18038377287e-24, 8.42912234497e-24, 1.40863767956e-23, 1.67256371718e-23, 1.06280090094e-23, 1.26204491972e-23, 1.39189726229e-23, 1.09928918879e-23, 7.00241927736e-24, 6.38486306759e-24, 1.05831433343e-23, 1.73533621931e-23, 1.4676137097e-23, 1.08628994437e-23],
        "var": [6.21774379397e-05, 3.49819092662e-05, 9.06507830223e-06, 6.299843335e-06, 2.43195313487e-06, 8.42967608605e-07, 5.83256792197e-07, 1.04187211036e-06, 6.55680088002e-09, 1.486140766e-09, 4.48067333236e-10, 9.02452501617e-10, 1.01195807289e-09, 4.4067522964e-09, 1.70904823626e-09, 1.96651792073e-10, 1.87697343779e-10, 4.03624245138e-10, 5.35971989013e-10, 6.28198604247e-10, 2.01864636118e-09, 1.93344840138e-10, 2.93464863521e-10, 2.29228774851e-10, 1.47264742067e-10, 1.48827450364e-10, 1.59866161975e-10, 1.79066303452e-10, 2.75744455047e-10, 1.74644035345e-10, 2.13210032962e-10, 2.39312403227e-10, 9.39013866663e-11, 9.89602566559e-11, 3.14051035177e-10, 3.27216032048e-11, 9.54468379333e-11, 6.07637273831e-11, 1.34994350767e-11, 2.72717282784e-11]
    },
    "mfcc": {
        "mean": [-656.649902344, 131.32409668, 16.6123313904, 33.7299079895, 6.70762586594, 1.38140034676, -11.3646621704, -2.03355741501, -10.5119953156, -5.04999494553, -2.15771269798, 4.2256565094, 6.25299453735],
        "cov": [[2661.30004883, -1376.45239258, 385.557861328, -116.321472168, 5.91833877563, -17.7356376648, -71.1277618408, -176.574279785, -74.7145614624, -111.386802673, -189.310287476, -212.981491089, -99.2657928467], [-1376.45239258, 1708.92541504, -738.278015137, 136.404510498, -184.701431274, -83.1293716431, -97.6384277344, -19.6058368683, -96.8161010742, -47.4210891724, 37.4059295654, 59.9500312805, -19.9281635284], [385.557861328, -738.278015137, 739.272827148, -115.724472046, 183.56993103, 49.1599388123, 141.553619385, 82.9127197266, 104.770301819, 93.3636627197, 28.3654537201, 38.9458656311, 18.0662631989], [-116.321472168, 136.404510498, -115.724472046, 175.27482605, -9.47660923004, 39.3730697632, 3.38387680054, 11.2542066574, 14.1974973679, 12.4510965347, 18.44880867, -6.86730289459, -11.4627685547], [5.91833877563, -184.701431274, 183.56993103, -9.47660923004, 177.800247192, 47.80859375, 78.2415313721, 71.447769165, 81.0651473999, 66.1426544189, 11.9897089005, 31.1169757843, 4.51303863525], [-17.7356376648, -83.1293716431, 49.1599388123, 39.3730697632, 47.80859375, 99.3456420898, 51.9993896484, 36.6107940674, 45.0709953308, 36.4402198792, 20.1829071045, 1.08342123032, 8.8764591217], [-71.1277618408, -97.6384277344, 141.553619385, 3.38387680054, 78.2415313721, 51.9993896484, 125.50478363, 77.679145813, 63.9009056091, 57.0415534973, 16.7022151947, 27.4155960083, -1.40388178825], [-176.574279785, -19.6058368683, 82.9127197266, 11.2542066574, 71.447769165, 36.6107940674, 77.679145813, 126.867767334, 79.0145874023, 50.2822608948, 30.6844024658, 43.4532051086, 17.1716175079], [-74.7145614624, -96.8161010742, 104.770301819, 14.1974973679, 81.0651473999, 45.0709953308, 63.9009056091, 79.0145874023, 113.18132019, 66.9338531494, 31.8235454559, 24.4106788635, 11.6617536545], [-111.386802673, -47.4210891724, 93.3636627197, 12.4510965347, 66.1426544189, 36.4402198792, 57.0415534973, 50.2822608948, 66.9338531494, 102.098526001, 47.5491867065, 14.5554876328, -2.65168881416], [-189.310287476, 37.4059295654, 28.3654537201, 18.44880867, 11.9897089005, 20.1829071045, 16.7022151947, 30.6844024658, 31.8235454559, 47.5491867065, 89.089263916, 26.9074230194, 11.49812603], [-212.981491089, 59.9500312805, 38.9458656311, -6.86730289459, 31.1169757843, 1.08342123032, 27.4155960083, 43.4532051086, 24.4106788635, 14.5554876328, 26.9074230194, 98.9274139404, 32.9342498779], [-99.2657928467, -19.9281635284, 18.0662631989, -11.4627685547, 4.51303863525, 8.8764591217, -1.40388178825, 17.1716175079, 11.6617536545, -2.65168881416, 11.49812603, 32.9342498779, 90.4558258057]],
