{
"lowlevel": {
    "average_loudness": 0.049222111702,
    "barkbands_crest": {
        "dmean": 2.69941949844,
        "dmean2": 4.25003528595,
        "dvar": 4.98699140549,
        "dvar2": 11.6187820435,
        "max": 25.2567901611,
        "mean": 11.2516832352,
        "median": 10.5609359741,
        "min": 2.87410569191,
        "var": 18.5443534851
    },
    "barkbands_flatness_db": {
        "dmean": 0.0193411596119,
        "dmean2": 0.0289442297071,
        "dvar": 0.000263180874754,
        "dvar2": 0.000580526189879,
        "max": 0.397748589516,
        "mean": 0.20779620111,
        "median": 0.194535627961,
        "min": 0.0392218455672,
        "var": 0.00757164694369
    },
    "barkbands_kurtosis": {
        "dmean": 1.82821595669,
        "dmean2": 2.90332746506,
        "dvar": 6.42851877213,
        "dvar2": 14.8190498352,
        "max": 52.0345115662,
        "mean": 2.28976082802,
        "median": 1.21791148186,
        "min": -1.76915967464,
        "var": 17.4087657928
    },
    "barkbands_skewness": {
        "dmean": 0.446652293205,
        "dmean2": 0.697669804096,
        "dvar": 0.149145513773,
        "dvar2": 0.368916302919,
        "max": 6.67085075378,
        "mean": 0.923052430153,
        "median": 0.897931814194,
        "min": -2.59604501724,
        "var": 0.77978271246
    },
    "barkbands_spread": {
        "dmean": 3.29108977318,
        "dmean2": 5.07082700729,
        "dvar": 11.0347394943,
        "dvar2": 25.3190746307,
        "max": 72.0664825439,
        "mean": 13.8449544907,
        "median": 10.592675209,
        "min": 1.36786937714,
        "var": 101.00252533
    },
    "dissonance": {
        "dmean": 0.0330307036638,
        "dmean2": 0.0557663813233,
        "dvar": 0.00101774616633,
        "dvar2": 0.00267050927505,
        "max": 0.499616384506,
        "mean": 0.422285735607,
        "median": 0.434389322996,
        "min": 0.226292222738,
        "var": 0.00356462434866
    },
    "dynamic_complexity": 7.1541223526,
    "erbbands_crest": {
        "dmean": 3.73580217361,
        "dmean2": 5.93717813492,
        "dvar": 11.3381624222,
        "dvar2": 25.262714386,
        "max": 33.1746406555,
        "mean": 14.4579372406,
        "median": 12.8706874847,
        "min": 3.01687955856,
        "var": 47.4543418884
    },
    "erbbands_flatness_db": {
        "dmean": 0.0193647313863,
        "dmean2": 0.0285580065101,
        "dvar": 0.000297746330034,
        "dvar2": 0.000617407669779,
        "max": 0.431762307882,
        "mean": 0.268412649632,
        "median": 0.271199226379,
        "min": 0.075908370316,
        "var": 0.00716936960816
    },
    "erbbands_kurtosis": {
        "dmean": 1.91549372673,
        "dmean2": 2.98897004128,
        "dvar": 8.83013916016,
        "dvar2": 17.9185333252,
        "max": 44.5308761597,
        "mean": 2.32451820374,
        "median": 0.668280124664,
        "min": -1.59378731251,
        "var": 27.0719528198
    },
    "erbbands_skewness": {
        "dmean": 0.452810108662,
        "dmean2": 0.690025568008,
        "dvar": 0.166848570108,
        "dvar2": 0.356491714716,
        "max": 4.82150316238,
        "mean": 0.460499882698,
        "median": 0.50965231657,
        "min": -5.44210624695,
        "var": 1.32026231289
    },
    "erbbands_spread": {
        "dmean": 4.79358386993,
        "dmean2": 7.49561595917,
        "dvar": 18.4793815613,
        "dvar2": 43.3774108887,
        "max": 73.0186233521,
        "mean": 18.3193340302,
        "median": 15.7461366653,
        "min": 1.98551118374,
        "var": 108.503082275
    },
    "hfc": {
        "dmean": 1.9438791275,
        "dmean2": 2.78378415108,
        "dvar": 11.4277534485,
        "dvar2": 22.9313545227,
        "max": 59.6079216003,
        "mean": 6.82198572159,
        "median": 2.68768262863,
        "min": 1.1189331703e-16,
        "var": 96.2930526733
    },
    "melbands_crest": {
        "dmean": 3.52721691132,
        "dmean2": 5.5674700737,
        "dvar": 8.95485496521,
        "dvar2": 21.3858966827,
        "max": 32.9615516663,
        "mean": 15.3229312897,
        "median": 14.4861936569,
        "min": 2.16592597961,
        "var": 34.0322303772
    },
    "melbands_flatness_db": {
        "dmean": 0.0196894258261,
        "dmean2": 0.0291770584881,
        "dvar": 0.000291690812446,
        "dvar2": 0.000603396561928,
        "max": 0.479082226753,
        "mean": 0.264170110226,
        "median": 0.243733018637,
        "min": 0.00552529562265,
        "var": 0.0102760735899
    },
    "melbands_kurtosis": {
        "dmean": 2.48112726212,
        "dmean2": 4.00430631638,
        "dvar": 15.3508033752,
        "dvar2": 39.8826675415,
        "max": 96.1015701294,
        "mean": 3.76269292831,
        "median": 2.33583211899,
        "min": -1.90074133873,
        "var": 37.6946220398
    },
    "melbands_skewness": {
        "dmean": 0.518373906612,
        "dmean2": 0.807198703289,
        "dvar": 0.209587007761,
        "dvar2": 0.547423481941,
        "max": 8.76549434662,
        "mean": 1.17132472992,
        "median": 1.07885622978,
        "min": -1.82496905327,
        "var": 0.999028742313
    },
    "melbands_spread": {
        "dmean": 5.43515300751,
        "dmean2": 8.41470527649,
        "dvar": 41.229675293,
        "dvar2": 84.461730957,
        "max": 133.726501465,
        "mean": 21.7937412262,
        "median": 16.7611694336,
        "min": 1.70507347584,
        "var": 310.569091797
    },
    "pitch_salience": {
        "dmean": 0.0643093883991,
        "dmean2": 0.102663680911,
        "dvar": 0.0027827557642,
        "dvar2": 0.00704377191141,
        "max": 0.883795082569,
        "mean": 0.498874396086,
        "median": 0.498831659555,
        "min": 0.136944383383,
        "var": 0.0106772016734
    },
    "silence_rate_20dB": {
        "dmean": 0,
        "dmean2": 0,
        "dvar": 0,
        "dvar2": 0,
        "max": 1,
        "mean": 1,
        "median": 1,
        "min": 1,
        "var": 0
    },
    "silence_rate_30dB": {
        "dmean": 0.00412583816797,
        "dmean2": 0.00825593434274,
        "dvar": 0.00410894257948,
        "dvar2": 0.00818736664951,
        "max": 1,
        "mean": 0.995360851288,
        "median": 1,
        "min": 0,
        "var": 0.00461801886559
    },
    "silence_rate_60dB": {
        "dmean": 0.0474471375346,
        "dmean2": 0.0949432402849,
        "dvar": 0.0451955609024,
        "dvar2": 0.102442756295,
        "max": 1,
        "mean": 0.531958758831,
        "median": 1,
        "min": 0,
        "var": 0.248974755406
    },
    "spectral_centroid": {
        "dmean": 163.346328735,
        "dmean2": 249.48487854,
        "dvar": 74098.3828125,
        "dvar2": 95813.4609375,
        "max": 11341.4658203,
        "mean": 1145.79101562,
        "median": 1022.52062988,
        "min": 324.931060791,
        "var": 316771.46875
    },
    "spectral_complexity": {
        "dmean": 1.27591538429,
        "dmean2": 2.14757490158,
        "dvar": 1.56337988377,
        "dvar2": 3.81106519699,
        "max": 24,
        "mean": 7.50567007065,
        "median": 7,
        "min": 0,
        "var": 21.3592758179
    },
    "spectral_decrease": {
        "dmean": 7.85854492591e-10,
        "dmean2": 1.09113995617e-09,
        "dvar": 2.79229105312e-18,
        "dvar2": 5.52762658517e-18,
        "max": -6.07343813522e-29,
        "mean": -2.74701328351e-09,
        "median": -6.63307631044e-10,
        "min": -3.55009177611e-08,
        "var": 2.30820977989e-17
    },
    "spectral_energy": {
        "dmean": 0.00312798283994,
        "dmean2": 0.00434204796329,
        "dvar": 4.32701999671e-05,
        "dvar2": 8.5495012172e-05,
        "max": 0.138705700636,
        "mean": 0.0109866224229,
        "median": 0.00275225285441,
        "min": 1.03782877945e-20,
        "var": 0.000360913254553
    },
    "spectral_energyband_high": {
        "dmean": 7.93981052993e-06,
        "dmean2": 1.07003779704e-05,
        "dvar": 1.37450384408e-09,
        "dvar2": 2.5007844684e-09,
        "max": 0.00118472520262,
        "mean": 1.88932426681e-05,
        "median": 7.32058288122e-06,
        "min": 7.84427895684e-21,
        "var": 2.74790767918e-09
    },
    "spectral_energyband_low": {
        "dmean": 6.66167252348e-05,
        "dmean2": 0.000116119546874,
        "dvar": 1.35762734388e-08,
        "dvar2": 3.72294230999e-08,
        "max": 0.00160305970348,
        "mean": 0.000131386535941,
        "median": 7.39247625461e-05,
        "min": 3.2157457262e-23,
        "var": 2.95119182425e-08
    },
    "spectral_energyband_middle_high": {
        "dmean": 0.00100159784779,
        "dmean2": 0.00157263153233,
        "dvar": 3.01173804473e-06,
        "dvar2": 7.10125777914e-06,
        "max": 0.0336566455662,
        "mean": 0.00227845879272,
        "median": 0.00119510968216,
        "min": 1.37367557881e-21,
        "var": 9.46112231759e-06
    },
    "spectral_energyband_middle_low": {
        "dmean": 0.00274919066578,
        "dmean2": 0.0037978622131,
        "dvar": 3.97703151975e-05,
        "dvar2": 7.66885204939e-05,
        "max": 0.129289463162,
        "mean": 0.00894828140736,
        "median": 0.00121237454005,
        "min": 3.69595924867e-22,
        "var": 0.000304261222482
    },
    "spectral_entropy": {
        "dmean": 0.144353300333,
        "dmean2": 0.205204620957,
        "dvar": 0.017485126853,
        "dvar2": 0.0325941741467,
        "max": 9.79710769653,
        "mean": 6.81203937531,
        "median": 6.83292198181,
        "min": 5.23914051056,
        "var": 0.603997766972
    },
    "spectral_flux": {
        "dmean": 0.0097446963191,
        "dmean2": 0.0159194841981,
        "dvar": 0.00016523146769,
        "dvar2": 0.000406847277191,
        "max": 0.207121521235,
        "mean": 0.0367670953274,
        "median": 0.0253742262721,
        "min": 1.01873884328e-10,
        "var": 0.000940057914704
    },
    "spectral_kurtosis": {
        "dmean": 8.91197872162,
        "dmean2": 15.787396431,
        "dvar": 169.648742676,
        "dvar2": 523.611022949,
        "max": 106.837219238,
        "mean": 21.225933075,
        "median": 10.5056171417,
        "min": -1.18529009819,
        "var": 454.020965576
    },
    "spectral_rms": {
        "dmean": 0.000374046387151,
        "dmean2": 0.000522015907336,
        "dvar": 2.24049628628e-07,
        "dvar2": 4.27458616059e-07,
        "max": 0.0116328261793,
        "mean": 0.00248835957609,
        "median": 0.00163863459602,
        "min": 3.18200544039e-12,
        "var": 4.52672475149e-06
    },
    "spectral_rolloff": {
        "dmean": 297.311126709,
        "dmean2": 503.920440674,
        "dvar": 359788.3125,
        "dvar2": 562775,
        "max": 18174.0234375,
        "mean": 1396.24121094,
        "median": 1076.66015625,
        "min": 236.865234375,
        "var": 773260.5625
    },
    "spectral_skewness": {
        "dmean": 0.620759546757,
        "dmean2": 1.09365916252,
        "dvar": 0.630441844463,
        "dvar2": 1.9681609869,
        "max": 7.87442874908,
        "mean": 2.86619329453,
        "median": 2.34842348099,
        "min": -0.0473479218781,
        "var": 1.84256339073
    },
    "spectral_spread": {
        "dmean": 316398.375,
        "dmean2": 491418.3125,
        "dvar": 603455356928,
        "dvar2": 928188858368,
        "max": 39853992,
        "mean": 2806441.25,
        "median": 2730971,
        "min": 609563.9375,
        "var": 3.28277295104e+12
    },
    "spectral_strongpeak": {
        "dmean": 0.471637010574,
        "dmean2": 0.730924248695,
        "dvar": 0.359995663166,
        "dvar2": 0.864992260933,
        "max": 6.31523323059,
        "mean": 1.14644873142,
        "median": 0.808279514313,
        "min": 0,
        "var": 1.24103212357
    },
    "zerocrossingrate": {
        "dmean": 0.00586189329624,
        "dmean2": 0.00695813400671,
        "dvar": 0.000173396489117,
        "dvar2": 0.000187933197594,
        "max": 0.5107421875,
        "mean": 0.0534016080201,
        "median": 0.04638671875,
        "min": 0.01123046875,
        "var": 0.000737014343031
    },
    "barkbands": {
        "dmean": [3.40306627322e-07, 2.32500497077e-06, 1.84844047908e-05, 0.000171014500665, 0.000903916195966, 0.000724284269381, 0.00067514705006, 0.00109685724601, 0.000567154726014, 0.000647802196909, 0.000388634973206, 0.000149900879478, 8.31936777104e-05, 0.000100515520899, 4.29303036071e-05, 0.000125297068735, 9.21186583582e-05, 3.32518538926e-05, 5.10707559442e-06, 4.01667557526e-06, 1.97430063054e-06, 1.50168659729e-06, 1.23024437926e-06, 1.15103341614e-06, 9.91616502688e-07, 4.51068274288e-07, 4.7680959625e-08],
        "dmean2": [5.82038808261e-07, 3.77529613615e-06, 3.09808601742e-05, 0.000300749205053, 0.00143054220825, 0.00110523286276, 0.000985041027889, 0.00121823279187, 0.000823104055598, 0.000994273344986, 0.000643302337267, 0.000247040239628, 0.000136539762025, 0.000173785083462, 7.50448816689e-05, 0.000211222213693, 0.000146876132931, 4.89203703182e-05, 8.6238305812e-06, 6.30599970464e-06, 2.9656996503e-06, 2.26205452236e-06, 1.74680928922e-06, 1.62675257798e-06, 1.34751167025e-06, 6.10528843481e-07, 7.80880284879e-08],
        "dvar": [8.89596501932e-13, 4.90257105745e-11, 1.16047726983e-09, 1.45943744201e-07, 8.13973656477e-06, 1.06274528662e-05, 4.70904024041e-06, 9.73032456386e-06, 2.51429491982e-06, 2.11799329008e-06, 9.8494535905e-07, 4.76760675383e-07, 4.30127649054e-08, 1.47218273128e-07, 3.06701295472e-08, 7.83295988072e-08, 3.58362690633e-08, 8.76650307902e-09, 5.22902388056e-10, 2.56609289373e-10, 6.02154437424e-11, 8.62489107911e-11, 9.05965719111e-11, 6.001853875e-11, 4.51459876427e-11, 1.39830508283e-11, 1.7648854722e-14],
        "dvar2": [2.46906423258e-12, 1.21981105772e-10, 3.01054337015e-09, 4.24567616619e-07, 2.16528205783e-05, 2.16328098759e-05, 9.2895797934e-06, 1.07091527752e-05, 4.73930003864e-06, 4.98777808389e-06, 2.45907722274e-06, 1.13451858397e-06, 1.03084090597e-07, 4.06273386488e-07, 9.92511957065e-08, 2.13878479371e-07, 8.445099553e-08, 1.71196905541e-08, 1.39380773589e-09, 5.81307002534e-10, 1.26302704406e-10, 1.80123194138e-10, 1.87411239305e-10, 1.12194822877e-10, 7.63349800037e-11, 3.10019440675e-11, 4.08211367541e-14],
        "max": [1.54620975081e-05, 0.000118584357551, 0.000726521015167, 0.00589054264128, 0.0647212341428, 0.0896291807294, 0.0600621327758, 0.080058246851, 0.0292376801372, 0.0234500337392, 0.0126122925431, 0.024428460747, 0.00285064987838, 0.0110728396103, 0.0036331708543, 0.00399206206203, 0.00409746589139, 0.00192023033742, 0.000740209536161, 0.000421176548116, 0.000282691587927, 0.000283733505057, 0.000352330389433, 0.000249023374636, 0.00024202367058, 0.000140194460982, 3.68875794265e-06],
        "mean": [3.62743890037e-07, 3.38798326993e-06, 2.85027545033e-05, 0.000313320604619, 0.00188203412108, 0.00155931361951, 0.00119530584197, 0.00258128368296, 0.000859673134983, 0.00107431854121, 0.000526226183865, 0.00020843326638, 0.000127613646328, 0.000147529892274, 5.39899483556e-05, 0.000183279902558, 0.000159616378369, 5.11308608111e-05, 8.67196649779e-06, 8.04612864158e-06, 4.58773502032e-06, 2.77156368611e-06, 2.1872635898e-06, 2.16464309233e-06, 1.96510109163e-06, 8.47764567879e-07, 7.88388163642e-08],
        "median": [7.53505347006e-08, 5.57660712275e-07, 1.12586567411e-05, 0.000124139318359, 0.000144900666783, 6.66448540869e-05, 7.87892931839e-05, 0.000148830542457, 0.000147718033986, 0.000350109883584, 0.000118769807159, 2.02925220947e-05, 2.94970377581e-05, 1.83483080036e-05, 1.05782819446e-05, 4.6148103138e-05, 4.13566231146e-05, 9.60402940109e-06, 3.1461790968e-06, 2.84023872155e-06, 1.40916552027e-06, 1.00175066109e-06, 2.79075379694e-07, 2.65623725682e-07, 1.9340467361e-07, 1.31683265181e-07, 1.74515033535e-08],
        "min": [4.31647095739e-24, 1.63756637643e-23, 7.25799680002e-24, 3.6037097282e-23, 3.43444699921e-23, 4.61047925899e-23, 1.05408483991e-22, 5.29344820946e-23, 8.90812152652e-23, 6.31920436006e-23, 1.10560547185e-22, 6.69086386933e-23, 1.29572284327e-22, 2.95766767225e-23, 2.00026991629e-22, 8.05060889662e-23, 1.36808095203e-22, 1.29409816846e-22, 2.49863929337e-22, 3.84448850426e-22, 3.91848062795e-22, 6.41827228933e-22, 7.55943569803e-22, 7.89612102751e-22, 1.34191919421e-21, 1.54766159038e-21, 2.37307111554e-21],
        "var": [1.04281991029e-12, 8.95191282213e-11, 3.02955349696e-09, 3.62658767017e-07, 2.87667116936e-05, 3.27484522131e-05, 1.52107622853e-05, 6.11736759311e-05, 4.74861008115e-06, 4.18714171246e-06, 1.49576203512e-06, 1.31632862121e-06, 8.10240337046e-08, 2.63608598061e-07, 3.39349597311e-08, 1.23481385117e-07, 1.11798080127e-07, 1.94303027001e-08, 6.67000510379e-10, 6.15289319494e-10, 1.28121471765e-10, 1.11110051715e-10, 1.19913190488e-10, 9.36012378716e-11, 1.1357568358e-10, 1.63304803708e-11, 3.00541113264e-14]
    },
    "erbbands": {
        "dmean": [7.53448985051e-05, 0.00067988561932, 0.0140864700079, 0.26632809639, 1.46584522724, 4.20981788635, 3.71917676926, 6.77002906799, 5.74076700211, 27.8973178864, 9.31856441498, 16.1312618256, 16.9176979065, 15.5765562057, 19.2377738953, 4.84651041031, 4.20326566696, 5.09775257111, 3.52504301071, 3.44104671478, 4.85558223724, 4.09585905075, 2.48002767563, 0.314249664545, 0.210254400969, 0.192489802837, 0.108037121594, 0.0630375817418, 0.0549692362547, 0.045099247247, 0.0304028447717, 0.020834883675, 0.0235285684466, 0.0113226817921, 0.007493307814, 0.00256298063323, 0.000841073633637, 0.000124231752125, 5.16705267728e-06, 3.605658776e-06],
        "dmean2": [0.000108840955363, 0.00113823998254, 0.023772098124, 0.465815186501, 2.39546322823, 6.74840450287, 5.84142684937, 10.3933801651, 8.6559009552, 35.3658638, 10.9318037033, 23.3134937286, 25.4560375214, 24.2953147888, 31.414686203, 7.67560005188, 6.78032875061, 8.69819355011, 6.08925056458, 5.86068487167, 8.05611038208, 6.24473953247, 3.8249745369, 0.498559206724, 0.345217734575, 0.310650527477, 0.166693583131, 0.0956286415458, 0.0832174047828, 0.0657999441028, 0.0420707166195, 0.0298080872744, 0.0334644131362, 0.0163215342909, 0.00994716305286, 0.00351685914211, 0.00119752460159, 0.000184602860827, 7.73619467509e-06, 4.99557199873e-06],
        "dvar": [5.72277372157e-08, 3.09556708089e-06, 0.000610567105468, 0.274162113667, 16.3489131927, 211.610824585, 235.773727417, 797.333435059, 457.022338867, 6097.38525391, 579.156005859, 2062.99584961, 2220.92407227, 1409.6361084, 2826.34130859, 640.361572266, 119.246231079, 343.741210938, 135.178619385, 52.8842506409, 96.774017334, 73.1102218628, 37.4515380859, 2.48389935493, 0.720642387867, 0.667492091656, 0.215195402503, 0.0412784554064, 0.133976116776, 0.107047885656, 0.0405192188919, 0.0135333370417, 0.0330965407193, 0.00468211621046, 0.00295244925655, 0.000358702323865, 5.81619933655e-05, 2.9001134294e-07, 1.85934337371e-10, 5.4441451347e-11],
        "dvar2": [1.12864405821e-07, 8.19460001367e-06, 0.00155689532403, 0.759128689766, 38.1507873535, 603.112243652, 541.088195801, 1669.50012207, 899.196472168, 10432.0351562, 656.83380127, 3921.97998047, 5163.39599609, 3370.46166992, 6867.38476562, 1397.94995117, 276.927947998, 964.02935791, 418.440551758, 145.689025879, 259.292510986, 152.79699707, 90.1300506592, 6.00566673279, 2.11439299583, 1.57422828674, 0.473309755325, 0.0782802328467, 0.281036525965, 0.22177362442, 0.0766552016139, 0.0259380917996, 0.0647001937032, 0.00848277751356, 0.00481504574418, 0.000785825191997, 0.00013526485418, 4.35538765942e-07, 3.02849939571e-10, 1.07449119047e-10],
        "max": [0.00459610018879, 0.0293645840138, 0.519898891449, 8.57178974152, 109.392333984, 310.338012695, 367.887542725, 738.38104248, 645.884765625, 1506.20214844, 611.084716797, 765.610168457, 920.406677246, 717.299987793, 651.41595459, 1050.35021973, 154.575317383, 440.449249268, 214.705856323, 112.664741516, 159.121887207, 244.479904175, 113.025115967, 59.9816093445, 23.1455574036, 19.3748912811, 17.7042732239, 5.79333305359, 11.4008798599, 12.1276893616, 6.66257572174, 2.68514084816, 6.07427310944, 2.19503545761, 1.86297416687, 0.671556591988, 0.280636101961, 0.0200934391469, 0.000498559442349, 0.000154384906637],
        "mean": [0.000117610063171, 0.00122125202324, 0.02768920362, 0.54462069273, 2.94833898544, 7.43275260925, 8.48929214478, 14.2533836365, 11.7585983276, 60.2245254517, 23.637845993, 25.4533615112, 29.1539497375, 24.9448032379, 27.0299453735, 7.52540874481, 6.89731407166, 7.77087068558, 4.80627632141, 5.38993835449, 7.71273756027, 8.02264404297, 3.94408226013, 0.5985673666, 0.39980661869, 0.38330617547, 0.231383651495, 0.161125332117, 0.101819343865, 0.0782958045602, 0.0570964552462, 0.0412968061864, 0.0392767377198, 0.0216584634036, 0.0141316689551, 0.00457403343171, 0.00146643805783, 0.000285361194983, 1.33767634907e-05, 1.28451210912e-05],
        "median": [1.8145852664e-05, 0.000409354368458, 0.0134630277753, 0.257753372192, 0.404565155506, 0.506410956383, 0.484060704708, 0.641239643097, 0.832413434982, 3.6397664547, 2.36942195892, 4.28266429901, 5.89717578888, 8.04197883606, 4.60885906219, 1.21042442322, 1.61304545403, 1.32547998428, 1.18707466125, 1.64418506622, 2.97610735893, 2.36515641212, 0.990463554859, 0.234315663576, 0.11941909045, 0.1355907619, 0.0973812788725, 0.0645337551832, 0.0324771925807, 0.0170994512737, 0.00791115593165, 0.00664417818189, 0.00388021301478, 0.00215611094609, 0.00136086333077, 0.000603494583629, 0.000243185349973, 6.69663277222e-05, 8.82386484591e-06, 3.61080014954e-06],
        "min": [3.37010415901e-22, 4.08426607069e-21, 1.04286214116e-20, 5.26849394399e-20, 1.58628374371e-19, 1.09945409051e-19, 6.47997394497e-20, 5.51404076399e-19, 1.07180614722e-18, 2.18819443433e-18, 8.61096568631e-19, 2.08166556555e-18, 1.81339703763e-18, 3.0553264229e-18, 3.25338923711e-18, 3.09975904989e-18, 5.53950407159e-18, 3.12189523027e-18, 4.58673883048e-18, 1.07489407449e-17, 6.03789776144e-18, 7.19671617467e-18, 6.16391211032e-18, 1.33445971111e-17, 1.29043955774e-17, 1.71246321851e-17, 1.97448889028e-17, 1.58092065617e-17, 2.35961591168e-17, 1.99537586249e-17, 1.93484460506e-17, 1.54480777042e-17, 1.46222801376e-17, 1.31877851737e-17, 1.10186090692e-17, 6.03194867848e-18, 2.61875579844e-18, 1.16695900783e-18, 3.77567495329e-19, 3.1474358017e-20],
        "var": [1.17663127241e-07, 6.31588181932e-06, 0.00184997182805, 0.776047289371, 72.7068634033, 528.008483887, 784.11328125, 2465.50439453, 1605.42651367, 27291.7421875, 3822.89526367, 3987.89477539, 4636.39990234, 2451.34375, 4475.84912109, 1690.97741699, 250.857467651, 589.461425781, 169.612182617, 88.7908477783, 155.593444824, 325.857055664, 68.928855896, 3.34861493111, 1.23533964157, 1.45698547363, 0.369711488485, 0.130378141999, 0.17070363462, 0.139888554811, 0.0626712143421, 0.0222572423518, 0.0459295473993, 0.0101575125009, 0.00783004425466, 0.000459045608295, 6.00490966463e-05, 6.20367757165e-07, 4.09870748452e-10, 4.56647025748e-10]
    },
    "gfcc": {
        "mean": [-150.659179688, 121.788902283, -159.221618652, -20.6539802551, -62.1027412415, -16.5598754883, -43.7687759399, -6.04565954208, -25.5265522003, -21.5354881287, -32.6597671509, -8.32643890381, -10.1044197083],
        "cov": [[3127.38989258, 690.111755371, -86.7444381714, -71.6671600342, -79.7886581421, -286.439971924, -14.7211294174, -230.882919312, 51.8191108704, 8.53465270996, 147.076034546, -9.46794891357, -12.6935281754], [690.111755371, 4052.0612793, -971.928527832, -1183.7265625, 246.227676392, -1309.85632324, 354.247009277, -934.429077148, 976.201660156, -201.274078369, 405.423919678, -217.00743103, 686.535644531], [-86.7444381714, -971.928527832, 486.953216553, 363.807647705, -49.2030143738, 334.47543335, -97.6782608032, 198.6121521, -286.783355713, 72.4814529419, -96.3054199219, 53.4177017212, -193.657730103], [-71.6671600342, -1183.7265625, 363.807647705, 568.766235352, -0.831560373306, 334.351043701, -132.880325317, 234.724472046, -281.960601807, 59.9683990479, -125.089103699, 65.141166687, -206.527252197], [-79.7886581421, 246.227676392, -49.2030143738, -0.831560373306, 151.893447876, -58.8084449768, 26.1634788513, -47.7819480896, 81.0882263184, -38.5094413757, -25.402135849, -16.3207035065, 36.5913581848], [-286.439971924, -1309.85632324, 334.47543335, 334.351043701, -58.8084449768, 555.140930176, -68.9500732422, 322.26751709, -345.115570068, 50.4034423828, -162.305145264, 56.179901123, -234.0574646], [-14.7211294174, 354.247009277, -97.6782608032, -132.880325317, 26.1634788513, -68.9500732422, 142.596542358, -57.7635612488, 72.5769805908, -48.4076919556, 26.4290218353, -8.75243282318, 49.9541435242], [-230.882919312, -934.429077148, 198.6121521, 234.724472046, -47.7819480896, 322.26751709, -57.7635612488, 310.090423584, -191.132781982, 11.5648088455, -122.455505371, 51.7728118896, -174.68510437], [51.8191108704, 976.201660156, -286.783355713, -281.960601807, 81.0882263184, -345.115570068, 72.5769805908, -191.132781982, 380.892456055, -10.7829418182, 66.4210968018, -82.0299835205, 147.762023926], [8.53465270996, -201.274078369, 72.4814529419, 59.9683990479, -38.5094413757, 50.4034423828, -48.4076919556, 11.5648088455, -10.7829418182, 127.743034363, 9.88916873932, -41.1569671631, -60.7652816772], [147.076034546, 405.423919678, -96.3054199219, -125.089103699, -25.402135849, -162.305145264, 26.4290218353, -122.455505371, 66.4210968018, 9.88916873932, 131.562820435, 3.91272902489, 62.4989509583], [-9.46794891357, -217.00743103, 53.4177017212, 65.141166687, -16.3207035065, 56.179901123, -8.75243282318, 51.7728118896, -82.0299835205, -41.1569671631, 3.91272902489, 114.526535034, -6.55870437622], [-12.6935281754, 686.535644531, -193.657730103, -206.527252197, 36.5913581848, -234.0574646, 49.9541435242, -174.68510437, 147.762023926, -60.7652816772, 62.4989509583, -6.55870437622, 211.783676147]],
        "icov": [[0.000439308729256, -0.000555965525564, 0.000247972260695, -0.00045130867511, 0.000658645003568, 2.41966536123e-05, 0.00030843244167, 0.000117373529065, 0.000532248872332, -0.000235878411331, 0.000489429279696, -0.000489247380756, 0.000953625596594], [-0.000555965525564, 0.00690801255405, -0.00205886061303, 0.00475665973499, -0.00395417073742, 0.00348638906144, -0.00268966564909, 0.00552131608129, -0.00512825511396, 0.0057552466169, -0.00493808556348, 0.00470854481682, -0.00311376783065], [0.000247972260695, -0.00205886061303, 0.00622421083972, -0.00291612744331, 0.00137277983595, -0.00117906345986, 0.000795928179286, -0.000616335135419, 0.00369563838467, -0.00372299784794, 0.00316863623448, -0.00265986123122, 0.00263629807159], [-0.00045130867511, 0.00475665973499, -0.00291612744331, 0.00866951141506, -0.00527075119317, 0.00354795530438, -6.56208285363e-05, 0.00285902176984, -0.00134218519088, 0.00203041033819, -0.00128515763208, 0.00139867991675, -0.000511807447765], [0.000658645003568, -0.00395417073742, 0.00137277983595, -0.00527075119317, 0.0134402280673, -0.00294806039892, 0.000803249364253, 0.000852031633258, -0.000672510184813, 0.000952114292886, 0.00603728927672, -0.00222825724632, 0.00279777660035], [2.41966536123e-05, 0.00348638906144, -0.00117906345986, 0.00354795530438, -0.00294806039892, 0.013004549779, -0.00382766942494, -0.00122834322974, 0.00430468423292, -0.00208617094904, 0.00432186946273, 0.000846636947244, 0.00100157177076], [0.00030843244167, -0.00268966564909, 0.000795928179286, -6.56208285363e-05, 0.000803249364253, -0.00382766942494, 0.0118927247822, -0.000718794181012, 0.000165781806572, 0.00249498896301, -0.000522190704942, -0.00101075437851, 0.00235726847313], [0.000117373529065, 0.00552131608129, -0.000616335135419, 0.00285902176984, 0.000852031633258, -0.00122834322974, -0.000718794181012, 0.0182989854366, -0.00610325206071, 0.00796470511705, 0.00141721323598, 0.000213941573747, 0.004223364871], [0.000532248872332, -0.00512825511396, 0.00369563838467, -0.00134218519088, -0.000672510184813, 0.00430468423292, 0.000165781806572, -0.00610325206071, 0.0150633510202, -0.00987406261265, 0.00803615432233, -0.00294713652693, 0.00272130500525], [-0.000235878411331, 0.0057552466169, -0.00372299784794, 0.00203041033819, 0.000952114292886, -0.00208617094904, 0.00249498896301, 0.00796470511705, -0.00987406261265, 0.0232218224555, -0.0111056463793, 0.0109020741656, 0.000582743843552], [0.000489429279696, -0.00493808556348, 0.00316863623448, -0.00128515763208, 0.00603728927672, 0.00432186946273, -0.000522190704942, 0.00141721323598, 0.00803615432233, -0.0111056463793, 0.0255132783204, -0.0107637476176, 0.00605086470023], [-0.000489247380756, 0.00470854481682, -0.00265986123122, 0.00139867991675, -0.00222825724632, 0.000846636947244, -0.00101075437851, 0.000213941573747, -0.00294713652693, 0.0109020741656, -0.0107637476176, 0.0190008673817, -0.00567647349089], [0.000953625596594, -0.00311376783065, 0.00263629807159, -0.000511807447765, 0.00279777660035, 0.00100157177076, 0.00235726847313, 0.004223364871, 0.00272130500525, 0.000582743843552, 0.00605086470023, -0.00567647349089, 0.0166425071657]]
    },
    "melbands": {
        "dmean": [6.21996377959e-07, 4.61014087705e-06, 8.01670539659e-05, 0.000179093200131, 0.000159328381415, 0.000149466344737, 9.46533909882e-05, 0.000315134035191, 6.17381447228e-05, 9.99884214252e-05, 8.30715434859e-05, 6.3202365709e-05, 5.36086881766e-05, 3.19182690873e-05, 8.54824247654e-06, 7.325513252e-06, 1.11578674478e-05, 6.20719038125e-06, 2.04037564799e-06, 1.13968389996e-05, 4.22426091973e-06, 4.1071598389e-06, 5.76309457756e-06, 3.33965118671e-07, 2.44569292818e-07, 1.6728407104e-07, 1.4377880575e-07, 1.4046149488e-07, 8.39533598196e-08, 5.56372725669e-08, 3.43855788287e-08, 3.55283553688e-08, 2.54804941591e-08, 2.77388423342e-08, 1.95958893556e-08, 1.49266856653e-08, 1.22541194969e-08, 1.7713638556e-08, 1.51526862169e-08, 8.49875636533e-09],
        "dmean2": [9.69757252278e-07, 7.71633858676e-06, 0.000135930793476, 0.000293196440907, 0.000250213139225, 0.000227301134146, 0.000141345124575, 0.000383773265639, 7.5963063864e-05, 0.000144948833622, 0.000125691411085, 9.85240476439e-05, 8.76741323736e-05, 5.1921204431e-05, 1.37769520734e-05, 1.18908592412e-05, 1.92075603991e-05, 1.06561328721e-05, 3.49853598891e-06, 1.93513187696e-05, 6.97826772011e-06, 6.24998938292e-06, 8.95172161108e-06, 5.25410655428e-07, 4.03763891654e-07, 2.77930325865e-07, 2.32295690239e-07, 2.21470031647e-07, 1.32745228143e-07, 8.4463565031e-08, 5.35704742788e-08, 5.3560594182e-08, 3.87551999381e-08, 4.10883700397e-08, 2.78513301311e-08, 2.1654171789e-08, 1.90600069061e-08, 2.60817287767e-08, 2.2214344142e-08, 1.26788748389e-08],
        "dvar": [3.96126490984e-12, 7.50853337839e-11, 3.74663002844e-08, 2.81228039967e-07, 3.58628994945e-07, 4.08960318055e-07, 1.06117084897e-07, 7.50116214476e-07, 2.25213465654e-08, 8.13887481854e-08, 5.53613297427e-08, 2.57715022656e-08, 1.96386729101e-08, 1.11854294715e-08, 1.53240875544e-09, 3.01870861641e-10, 1.77083803177e-09, 4.11055162131e-10, 5.56966833765e-11, 6.59377552559e-10, 8.31438876081e-11, 1.22175450312e-10, 2.23914733977e-10, 1.88550173738e-12, 2.14066698395e-12, 3.73765065122e-13, 5.20117857204e-13, 2.92733258423e-13, 1.17955355227e-13, 3.53905883006e-14, 1.35679024981e-14, 5.87396206978e-14, 2.62881367743e-14, 5.98016577122e-14, 1.70338088524e-14, 7.43462586552e-15, 4.55489256881e-15, 1.86174030158e-14, 1.37196509917e-14, 2.24168010645e-15],
        "dvar2": [9.15440032806e-12, 1.89637541781e-10, 9.89234720805e-08, 7.54762481847e-07, 8.99077292615e-07, 8.26413725008e-07, 2.09551714647e-07, 1.15626380648e-06, 2.90125186098e-08, 1.56314939659e-07, 1.29451009911e-07, 6.18765838567e-08, 4.78389523551e-08, 2.73703371079e-08, 3.34699357118e-09, 6.93689827802e-10, 5.00146724036e-09, 1.19390453079e-09, 1.75760558885e-10, 1.81476111916e-09, 2.1829632546e-10, 2.34948893674e-10, 5.59276236434e-10, 4.14450722006e-12, 5.31954385055e-12, 1.04332948531e-12, 1.45757277775e-12, 6.809834272e-13, 2.71338100643e-13, 7.23573693909e-14, 2.85439735541e-14, 1.28192134642e-13, 5.11145149102e-14, 1.2843205503e-13, 3.19484293621e-14, 1.59336163919e-14, 9.36687742479e-15, 3.7155710095e-14, 2.8582970951e-14, 4.27873568756e-15],
        "max": [3.59989171557e-05, 0.000191672166693, 0.00458830362186, 0.0124391876161, 0.0121734067798, 0.0167404338717, 0.00851423107088, 0.0187451392412, 0.00351433223113, 0.00538382958621, 0.00456878030673, 0.00305473944172, 0.00171796081122, 0.00308749708347, 0.00147057429422, 0.000253451493336, 0.00103982852306, 0.00051831320161, 0.000155132831424, 0.000386724364944, 0.000141809956403, 0.000361086189514, 0.000288710522, 2.73402292805e-05, 5.56582162972e-05, 1.43458282764e-05, 1.68182650668e-05, 1.32231707539e-05, 1.2416361642e-05, 6.39790596324e-06, 3.31611568072e-06, 8.20014520286e-06, 4.15268823417e-06, 9.53811741056e-06, 4.42098507847e-06, 2.16781631934e-06, 1.55788757183e-06, 4.45588466391e-06, 3.98101974497e-06, 1.15627028663e-06],
        "mean": [9.11065171749e-07, 7.49441051084e-06, 0.000160253519425, 0.000360829290003, 0.000349700043444, 0.000317900266964, 0.000183426847798, 0.000700959586538, 0.0001517462224, 0.000153783345013, 0.00013804192713, 9.72323832684e-05, 7.72943749325e-05, 4.24071731686e-05, 1.26211916722e-05, 1.13516543934e-05, 1.61531770573e-05, 8.25457482279e-06, 2.77328149423e-06, 1.62706201081e-05, 6.67685935696e-06, 8.46536022436e-06, 8.60112777445e-06, 5.91653815718e-07, 4.03124545301e-07, 2.90844582196e-07, 2.60797634155e-07, 2.57692789774e-07, 1.54865546165e-07, 1.29211642275e-07, 7.91886876073e-08, 6.13510664493e-08, 4.43157617269e-08, 4.44393357668e-08, 3.4682315686e-08, 2.67416115918e-08, 2.36591848335e-08, 2.81302767746e-08, 2.3979513486e-08, 1.60819872974e-08],
        "median": [1.18884955214e-07, 3.03695401271e-06, 5.15012143296e-05, 3.0582472391e-05, 2.16528096644e-05, 1.2990475625e-05, 1.2517974028e-05, 4.0568629629e-05, 1.78284226422e-05, 2.57290885202e-05, 2.39864712057e-05, 2.36135583691e-05, 1.6550275177e-05, 3.99676628149e-06, 2.11699398278e-06, 2.76925266007e-06, 1.93527762349e-06, 1.93442610907e-06, 7.6501271451e-07, 3.73505395146e-06, 2.38702409661e-06, 1.57792010214e-06, 1.29042336994e-06, 1.60504384894e-07, 1.31078849108e-07, 8.57095443507e-08, 4.92646066164e-08, 9.59683745805e-08, 6.79754705857e-08, 3.21620099442e-08, 3.60117660136e-08, 2.12934025967e-08, 8.57900861462e-09, 8.24752977024e-09, 5.08033970448e-09, 3.52677176352e-09, 3.87767951082e-09, 2.8115270112e-09, 2.26284857519e-09, 1.61423363565e-09],
        "min": [3.79241724741e-24, 5.4000088816e-24, 1.42361183726e-23, 9.64476883283e-24, 2.84020809784e-24, 1.25600666281e-23, 1.71848646591e-23, 2.21678733832e-23, 7.41075892546e-24, 1.28894010677e-23, 9.20386973974e-24, 1.24688956067e-23, 1.29360156474e-23, 5.94333367463e-24, 1.23262987429e-23, 1.10486738203e-23, 5.09273769826e-24, 5.68643204894e-24, 1.42837829263e-23, 9.61933359066e-24, 7.3654783095e-24, 8.31388159963e-24, 4.91467207043e-24, 7.0250019985e-24, 1.17294158164e-23, 7.79079582199e-24, 1.13400380179e-23, 1.13850007229e-23, 1.37262302379e-23, 8.73256794736e-24, 1.03907338486e-23, 1.57073897148e-23, 8.33239143191e-24, 1.32464702789e-23, 1.04163457956e-23, 1.15906457169e-23, 9.15714235288e-24, 9.74348609765e-24, 1.14096731366e-23, 1.0339751346e-23],
        "var": [7.30995559223e-12, 2.04145131355e-10, 1.2976190078e-07, 9.75074613052e-07, 1.22880931031e-06, 1.30334615278e-06, 3.75706605382e-07, 3.8021405544e-06, 1.40482597999e-07, 1.50346281202e-07, 1.12060227764e-07, 4.31484856733e-08, 3.23138067415e-08, 2.54486796081e-08, 2.83659895572e-09, 5.83534776055e-10, 2.989390957e-09, 5.48687040247e-10, 6.49086825955e-11, 1.03180497479e-09, 1.33395572366e-10, 6.61430021864e-10, 3.96179838935e-10, 3.1728662666e-12, 2.55675537165e-12, 6.37351553912e-13, 9.3405686831e-13, 5.86405598559e-13, 1.90348848879e-13, 1.09734378702e-13, 2.75349065922e-14, 6.97872749172e-14, 3.56245659057e-14, 7.14034137806e-14, 2.67432391065e-14, 1.02842276592e-14, 7.03904877366e-15, 2.42080118971e-14, 1.95866323242e-14, 4.8681689749e-15]
    },
    "mfcc": {
        "mean": [-791.125976562, 162.896102905, -37.0609283447, -14.6222324371, -12.8549146652, -18.0646915436, -20.9576740265, -5.81534004211, 3.09360289574, -15.9601411819, -20.9933490753, -6.87828445435, -11.56291008],
        "cov": [[2466.60986328, 778.815063477, -36.8387184143, 47.9437141418, -118.025436401, -59.8059539795, -130.156524658, -203.663574219, -177.481918335, -98.6491622925, 52.1850204468, 67.6129989624, -31.5701084137], [778.815063477, 3595.84619141, -482.237548828, -518.254821777, -226.127975464, -281.430725098, -717.644958496, -515.769165039, 258.4972229, -178.365570068, -182.93989563, 246.131072998, 164.097686768], [-36.8387184143, -482.237548828, 227.810256958, 114.794807434, 38.3748588562, 48.4686050415, 104.907028198, 45.4825935364, -77.1536026001, 17.9309883118, 30.7259368896, -41.6547431946, -8.34771823883], [47.9437141418, -518.254821777, 114.794807434, 267.873535156, 97.5034255981, 45.5631980896, 83.6437835693, 28.9027729034, -60.8382835388, 13.7498750687, 21.1232280731, -44.2900238037, -27.2960777283], [-118.025436401, -226.127975464, 38.3748588562, 97.5034255981, 127.980041504, 53.2875709534, 20.65209198, 26.0150279999, 14.3165884018, 6.6253695488, 13.0889692307, -13.9480190277, -39.7397575378], [-59.8059539795, -281.430725098, 48.4686050415, 45.5631980896, 53.2875709534, 112.698005676, 76.3522644043, 32.7468910217, -3.93472337723, 15.2712841034, 14.372631073, -22.5406360626, -11.0459117889], [-130.156524658, -717.644958496, 104.907028198, 83.6437835693, 20.65209198, 76.3522644043, 284.035339355, 154.022277832, -98.718460083, 38.0729675293, 7.43431425095, -108.319786072, -35.1569862366], [-203.663574219, -515.769165039, 45.4825935364, 28.9027729034, 26.0150279999, 32.7468910217, 154.022277832, 246.02003479, 12.9626607895, -42.7452507019, 27.0033340454, -14.0116252899, -74.7741851807], [-177.481918335, 258.4972229, -77.1536026001, -60.8382835388, 14.3165884018, -3.93472337723, -98.718460083, 12.9626607895, 181.182601929, 7.12141561508, -33.7941474915, 58.9850845337, 23.7208919525], [-98.6491622925, -178.365570068, 17.9309883118, 13.7498750687, 6.6253695488, 15.2712841034, 38.0729675293, -42.7452507019, 7.12141561508, 163.258911133, -0.525129973888, -72.6397628784, 61.9269104004], [52.1850204468, -182.93989563, 30.7259368896, 21.1232280731, 13.0889692307, 14.372631073, 7.43431425095, 27.0033340454, -33.7941474915, -0.525129973888, 150.478225708, 57.1504364014, -94.1930389404], [67.6129989624, 246.131072998, -41.6547431946, -44.2900238037, -13.9480190277, -22.5406360626, -108.319786072, -14.0116252899, 58.9850845337, -72.6397628784, 57.1504364014, 197.238525391, -0.947412371635], [-31.5701084137, 164.097686768, -8.34771823883, -27.2960777283, -39.7397575378, -11.0459117889, -35.1569862366, -74.7741851807, 23.7208919525, 61.9269104004, -94.1930389404, -0.947412371635, 224.513122559]],
