{
"lowlevel": {
    "average_loudness": 0.952714622021,
    "barkbands_crest": {
        "dmean": 2.58981347084,
        "dmean2": 4.19220018387,
        "dvar": 6.61426258087,
        "dvar2": 17.5532722473,
        "max": 26.1953430176,
        "mean": 11.6810235977,
        "median": 11.3431949615,
        "min": 3.66311120987,
        "var": 14.9641599655
    },
    "barkbands_flatness_db": {
        "dmean": 0.0320528931916,
        "dmean2": 0.0465689301491,
        "dvar": 0.000885878980625,
        "dvar2": 0.00197996059433,
        "max": 0.380750536919,
        "mean": 0.207927048206,
        "median": 0.208615392447,
        "min": 0.0369709916413,
        "var": 0.00321100535803
    },
    "barkbands_kurtosis": {
        "dmean": 3.81176137924,
        "dmean2": 6.052546978,
        "dvar": 29.4817714691,
        "dvar2": 73.9871139526,
        "max": 80.8429641724,
        "mean": 6.40705060959,
        "median": 4.07684707642,
        "min": -1.77269411087,
        "var": 62.6153755188
    },
    "barkbands_skewness": {
        "dmean": 0.637112915516,
        "dmean2": 0.998683452606,
        "dvar": 0.436910957098,
        "dvar2": 1.09442520142,
        "max": 7.42670679092,
        "mean": 1.70166325569,
        "median": 1.60114300251,
        "min": -2.70176410675,
        "var": 1.32706797123
    },
    "barkbands_spread": {
        "dmean": 5.00940847397,
        "dmean2": 7.85739803314,
        "dvar": 54.1352233887,
        "dvar2": 136.99432373,
        "max": 56.6535606384,
        "mean": 10.9358901978,
        "median": 8.38600730896,
        "min": 0.527287900448,
        "var": 73.3511352539
    },
    "dissonance": {
        "dmean": 0.0363013297319,
        "dmean2": 0.059503480792,
        "dvar": 0.00114428612869,
        "dvar2": 0.00296050007455,
        "max": 0.499292373657,
        "mean": 0.425315082073,
        "median": 0.436484992504,
        "min": 0.180054530501,
        "var": 0.00252822204493
    },
    "dynamic_complexity": 1.680108428,
    "erbbands_crest": {
        "dmean": 3.53710651398,
        "dmean2": 5.72575855255,
        "dvar": 12.3986673355,
        "dvar2": 31.7508144379,
        "max": 33.4505729675,
        "mean": 12.3028936386,
        "median": 10.9320583344,
        "min": 3.35804724693,
        "var": 28.4223365784
    },
    "erbbands_flatness_db": {
        "dmean": 0.0293242391199,
        "dmean2": 0.0425802581012,
        "dvar": 0.000719458272215,
        "dvar2": 0.0015538133448,
        "max": 0.423331677914,
        "mean": 0.217438265681,
        "median": 0.222332969308,
        "min": 0.0745186582208,
        "var": 0.00261437706649
    },
    "erbbands_kurtosis": {
        "dmean": 2.4093708992,
        "dmean2": 3.63961672783,
        "dvar": 20.1962471008,
        "dvar2": 40.9033164978,
        "max": 107.5779953,
        "mean": 2.68348407745,
        "median": 0.8006503582,
        "min": -1.75174987316,
        "var": 43.9028167725
    },
    "erbbands_skewness": {
        "dmean": 0.551437735558,
        "dmean2": 0.836896717548,
        "dvar": 0.376680970192,
        "dvar2": 0.957522749901,
        "max": 6.12159919739,
        "mean": 0.790804862976,
        "median": 0.752073764801,
        "min": -3.8654255867,
        "var": 0.925956487656
    },
    "erbbands_spread": {
        "dmean": 9.3757982254,
        "dmean2": 14.48624897,
        "dvar": 131.033889771,
        "dvar2": 306.874328613,
        "max": 115.564147949,
        "mean": 25.2369308472,
        "median": 22.4638633728,
        "min": 0.708533644676,
        "var": 221.174224854
    },
    "hfc": {
        "dmean": 7.72048568726,
        "dmean2": 11.8972454071,
        "dvar": 166.536483765,
        "dvar2": 443.991455078,
        "max": 148.080871582,
        "mean": 16.1861724854,
        "median": 12.2097682953,
        "min": 1.19365868161e-16,
        "var": 193.974990845
    },
    "melbands_crest": {
        "dmean": 3.04363441467,
        "dmean2": 4.86962223053,
        "dvar": 8.444480896,
        "dvar2": 20.8013687134,
        "max": 34.0158729553,
        "mean": 16.5767745972,
        "median": 15.4006557465,
        "min": 2.5095744133,
        "var": 34.5921516418
    },
    "melbands_flatness_db": {
        "dmean": 0.0354441776872,
        "dmean2": 0.0508105829358,
        "dvar": 0.00115128885955,
        "dvar2": 0.00263777258806,
        "max": 0.475938916206,
        "mean": 0.28536772728,
        "median": 0.287046611309,
        "min": 0.0059018288739,
        "var": 0.00415376434103
    },
    "melbands_kurtosis": {
        "dmean": 6.45192956924,
        "dmean2": 10.5493173599,
        "dvar": 110.767150879,
        "dvar2": 289.265228271,
        "max": 117.431617737,
        "mean": 10.5200366974,
        "median": 6.40106678009,
        "min": -1.80004894733,
        "var": 163.101119995
    },
    "melbands_skewness": {
        "dmean": 0.788271784782,
        "dmean2": 1.23391401768,
        "dvar": 0.75698441267,
        "dvar2": 1.84958636761,
        "max": 9.01358985901,
        "mean": 2.16338443756,
        "median": 1.99035406113,
        "min": -3.31236839294,
        "var": 2.02546930313
    },
    "melbands_spread": {
        "dmean": 5.68078422546,
        "dmean2": 9.21363544464,
        "dvar": 118.494392395,
        "dvar2": 311.595031738,
        "max": 146.064208984,
        "mean": 12.8545351028,
        "median": 10.1742935181,
        "min": 1.27987074852,
        "var": 120.352661133
    },
    "pitch_salience": {
        "dmean": 0.0689974650741,
        "dmean2": 0.10840151459,
        "dvar": 0.00395746715367,
        "dvar2": 0.00930040236562,
        "max": 0.862387239933,
        "mean": 0.482175290585,
        "median": 0.492855370045,
        "min": 0.108610704541,
        "var": 0.0152014521882
    },
    "silence_rate_20dB": {
        "dmean": 0,
        "dmean2": 0,
        "dvar": 0,
        "dvar2": 0,
        "max": 1,
        "mean": 1,
        "median": 1,
        "min": 1,
        "var": 0
    },
    "silence_rate_30dB": {
        "dmean": 0.00722021656111,
        "dmean2": 0.0144478846341,
        "dvar": 0.00716826505959,
        "dvar2": 0.0163027010858,
        "max": 1,
        "mean": 0.993814408779,
        "median": 1,
        "min": 0,
        "var": 0.00614722492173
    },
    "silence_rate_60dB": {
        "dmean": 0.00154718931299,
        "dmean2": 0.0030959751457,
        "dvar": 0.00154478580225,
        "dvar2": 0.00308634201065,
        "max": 1,
        "mean": 0.00206185574643,
        "median": 0,
        "min": 0,
        "var": 0.00205764453858
    },
    "spectral_centroid": {
        "dmean": 274.736755371,
        "dmean2": 420.988708496,
        "dvar": 233622,
        "dvar2": 490906.375,
        "max": 11348.8671875,
        "mean": 740.082214355,
        "median": 595.748046875,
        "min": 219.055603027,
        "var": 289562.625
    },
    "spectral_complexity": {
        "dmean": 2.5466735363,
        "dmean2": 3.850877285,
        "dvar": 10.3973760605,
        "dvar2": 21.8874645233,
        "max": 40,
        "mean": 12.4396905899,
        "median": 12,
        "min": 0,
        "var": 23.4473171234
    },
    "spectral_decrease": {
        "dmean": 2.66120170345e-09,
        "dmean2": 3.98462640661e-09,
        "dvar": 1.52776718806e-17,
        "dvar2": 3.63820999489e-17,
        "max": 3.47481968078e-29,
        "mean": -8.43211367396e-09,
        "median": -7.14069248176e-09,
        "min": -3.73052628788e-08,
        "var": 3.06269610585e-17
    },
    "spectral_energy": {
        "dmean": 0.010581092909,
        "dmean2": 0.0158636942506,
        "dvar": 0.000229824057897,
        "dvar2": 0.000542903959285,
        "max": 0.145075559616,
        "mean": 0.0332927890122,
        "median": 0.028807349503,
        "min": 1.06956900818e-20,
        "var": 0.000467789272079
    },
    "spectral_energyband_high": {
        "dmean": 0.00022383427131,
        "dmean2": 0.000359773228411,
        "dvar": 2.0800800371e-07,
        "dvar2": 5.22169557371e-07,
        "max": 0.00414451723918,
        "mean": 0.000213896302739,
        "median": 3.84185113944e-05,
        "min": 8.07813277109e-21,
        "var": 2.03817506872e-07
    },
    "spectral_energyband_low": {
        "dmean": 0.00502578821033,
        "dmean2": 0.0082343230024,
        "dvar": 0.000200834765565,
        "dvar2": 0.000521850772202,
        "max": 0.125817492604,
        "mean": 0.00799926742911,
        "median": 0.00415765307844,
        "min": 1.12529935279e-22,
        "var": 0.00019110928406
    },
    "spectral_energyband_middle_high": {
        "dmean": 0.00241183885373,
        "dmean2": 0.00370480655693,
        "dvar": 2.52313348028e-05,
        "dvar2": 5.15526917297e-05,
        "max": 0.102843269706,
        "mean": 0.0038771328982,
        "median": 0.00196250830777,
        "min": 1.33624373758e-21,
        "var": 4.57756177639e-05
    },
    "spectral_energyband_middle_low": {
        "dmean": 0.0060490835458,
        "dmean2": 0.00850203167647,
        "dvar": 5.66566995985e-05,
        "dvar2": 9.51402762439e-05,
        "max": 0.13799752295,
        "mean": 0.0239719245583,
        "median": 0.0183108337224,
        "min": 2.76876722921e-22,
        "var": 0.000318702193908
    },
    "spectral_entropy": {
        "dmean": 0.299111962318,
        "dmean2": 0.436558961868,
        "dvar": 0.0793944969773,
        "dvar2": 0.172555834055,
        "max": 9.81384086609,
        "mean": 6.73910427094,
        "median": 6.70752477646,
        "min": 4.95083093643,
        "var": 0.29866835475
    },
    "spectral_flux": {
        "dmean": 0.0294817704707,
        "dmean2": 0.0455452501774,
        "dvar": 0.00113016169053,
        "dvar2": 0.00248440424912,
        "max": 0.340882450342,
        "mean": 0.0763144865632,
        "median": 0.064742743969,
        "min": 1.03419967035e-10,
        "var": 0.00228020944633
    },
    "spectral_kurtosis": {
        "dmean": 4.60980510712,
        "dmean2": 7.26153993607,
        "dvar": 17.9231243134,
        "dvar2": 46.4857559204,
        "max": 46.8365898132,
        "mean": 10.1288566589,
        "median": 8.89878463745,
        "min": -1.22209405899,
        "var": 41.8642082214
    },
    "spectral_rms": {
        "dmean": 0.000868815754075,
        "dmean2": 0.00127330375835,
        "dvar": 1.07463222321e-06,
        "dvar2": 2.40681083596e-06,
        "max": 0.0118969380856,
        "mean": 0.00541939772666,
        "median": 0.00530138984323,
        "min": 3.23029710619e-12,
        "var": 3.1108741041e-06
    },
    "spectral_rolloff": {
        "dmean": 340.36618042,
        "dmean2": 607.942687988,
        "dvar": 618690.5,
        "dvar2": 1403926.375,
        "max": 18755.4199219,
        "mean": 818.361083984,
        "median": 602.9296875,
        "min": 86.1328125,
        "var": 577365.1875
    },
    "spectral_skewness": {
        "dmean": 0.510749399662,
        "dmean2": 0.767970979214,
        "dvar": 0.190666183829,
        "dvar2": 0.462121397257,
        "max": 5.43275213242,
        "mean": 2.38734292984,
        "median": 2.39433598518,
        "min": -0.0493635833263,
        "var": 0.53373503685
    },
    "spectral_spread": {
        "dmean": 776709.5,
        "dmean2": 1150369,
        "dvar": 1.19193259213e+12,
        "dvar2": 2.2501153833e+12,
        "max": 41114704,
        "mean": 3525770,
        "median": 3088360,
        "min": 1651421.375,
        "var": 2.83964814131e+12
    },
    "spectral_strongpeak": {
        "dmean": 0.620740115643,
        "dmean2": 1.04731571674,
        "dvar": 1.37776315212,
        "dvar2": 3.57193112373,
        "max": 11.6787242889,
        "mean": 1.24435889721,
        "median": 0.899768412113,
        "min": 0,
        "var": 1.6280862093
    },
    "zerocrossingrate": {
        "dmean": 0.00790441501886,
        "dmean2": 0.00952022429556,
        "dvar": 0.000194385487703,
        "dvar2": 0.000227952041314,
        "max": 0.51611328125,
        "mean": 0.0332011096179,
        "median": 0.02978515625,
        "min": 0.0009765625,
        "var": 0.000360394507879
    },
    "barkbands": {
        "dmean": [0.000128158106236, 0.0035414902959, 0.00118615210522, 0.00179954443593, 0.00169386528432, 0.00134429126047, 0.0011331057176, 0.0020633621607, 0.00106144801248, 0.0004720435536, 0.000606971443631, 0.000341318082064, 0.000281833752524, 0.00015292763419, 0.000186845150893, 0.000111703237053, 0.00026785233058, 8.51235963637e-05, 0.000544337730389, 0.000177387075382, 3.37074343406e-05, 3.46363012795e-05, 7.92759019532e-05, 2.48159485636e-05, 3.32647032337e-05, 1.21101820696e-05, 7.96751635335e-07],
        "dmean2": [0.000217784268898, 0.00590990763158, 0.00207972386852, 0.0027157170698, 0.00256038480438, 0.00199616095051, 0.00163470150437, 0.00296020600945, 0.00148964673281, 0.000652741116937, 0.000913586467505, 0.000507026154082, 0.000438212708104, 0.000225151030463, 0.000291437347187, 0.000176903646206, 0.00041319875163, 0.000144736797665, 0.00100058619864, 0.000322904932545, 5.3102048696e-05, 5.38153326488e-05, 0.000140189833473, 3.84601407859e-05, 5.85917041462e-05, 2.04747047974e-05, 1.42463738939e-06],
        "dvar": [8.34300522001e-08, 0.000137366267154, 1.34679949042e-05, 1.38845325637e-05, 1.01897130662e-05, 4.42740474682e-06, 1.05060971691e-05, 1.8625472876e-05, 8.71474821906e-06, 7.52492314859e-06, 6.93016090736e-06, 1.13703583793e-06, 8.54663142036e-07, 1.68879466855e-07, 5.41896383766e-07, 1.04413402369e-07, 7.73174690494e-07, 4.79984159085e-08, 6.18978538114e-06, 2.63579096327e-07, 6.92411994407e-09, 6.49158948818e-09, 6.10581096794e-08, 2.60190580192e-09, 1.08754631967e-08, 1.08329667459e-09, 1.50964397233e-11],
        "dvar2": [2.25764452466e-07, 0.000348773319274, 3.97852636524e-05, 3.04743916786e-05, 1.91085364349e-05, 1.10724986371e-05, 1.68376755028e-05, 2.70411346719e-05, 1.85624048754e-05, 1.02402455013e-05, 1.38899094964e-05, 2.39717542172e-06, 1.91799313143e-06, 3.94967401007e-07, 1.24675273128e-06, 2.38448933487e-07, 1.81467703442e-06, 1.29475552058e-07, 1.78355039679e-05, 7.39166239327e-07, 1.69109100057e-08, 1.53948054304e-08, 1.73662314751e-07, 5.91710902498e-09, 3.09949257371e-08, 2.82244672078e-09, 4.2386302801e-11],
        "max": [0.00402239570394, 0.0935363322496, 0.0459123328328, 0.0651227980852, 0.0978311002254, 0.0368755348027, 0.0947235003114, 0.100549772382, 0.0579936355352, 0.111672580242, 0.0547877475619, 0.0265881139785, 0.0314752273262, 0.00938225071877, 0.0133473332971, 0.00371361454017, 0.0155694475397, 0.00204151240177, 0.0310368165374, 0.004078224767, 0.00095917325234, 0.00117682886776, 0.00320169120096, 0.000685188337229, 0.00141358410474, 0.000447861966677, 6.47968408884e-05],
        "mean": [0.000104933278635, 0.00300736585632, 0.00229344610125, 0.00720438361168, 0.00541455904022, 0.00297684920952, 0.00235568243079, 0.00391051638871, 0.00180546788033, 0.000718939758372, 0.000872196746059, 0.000498659093864, 0.000429862586316, 0.000346005981555, 0.000230027086218, 0.000130613654619, 0.000251721270615, 7.42810225347e-05, 0.000353625568096, 0.000123194593471, 3.57952303602e-05, 3.64051920769e-05, 5.83797882427e-05, 2.37714903051e-05, 2.54180940829e-05, 1.02228705146e-05, 5.31925536507e-07],
        "median": [2.50216726272e-05, 0.000394302827772, 0.000452464737464, 0.000924121122807, 0.00309404078871, 0.00151234504301, 0.00134781585075, 0.00196227710694, 0.000812618760392, 0.000140333228046, 0.0001361471368, 0.000159925431944, 0.000127705920022, 9.79741162155e-05, 4.43459284725e-05, 2.55965351244e-05, 2.00353315449e-05, 1.95367829292e-05, 2.84421839751e-05, 1.51901258505e-05, 8.70906478667e-06, 6.31296779829e-06, 4.77630010209e-06, 2.84193993139e-06, 2.51149685937e-06, 8.27041617413e-07, 2.55982151032e-08],
        "min": [2.93052202187e-24, 5.89022495525e-23, 5.05461205071e-23, 1.13761654808e-23, 5.48831231472e-23, 6.70280722343e-23, 3.25123279179e-23, 2.03167024063e-23, 6.68972159874e-23, 7.24058316885e-23, 8.85841887187e-23, 4.40102059589e-23, 7.12703831669e-23, 1.22427009439e-22, 1.5492193193e-22, 1.23452806295e-22, 2.31362831325e-22, 1.97932799428e-22, 1.34994396697e-22, 4.28715988382e-22, 5.40728531881e-22, 5.38129809489e-22, 4.20207498741e-22, 9.76703302769e-22, 1.29378368432e-21, 1.66964508329e-21, 2.47857481189e-21],
        "var": [6.10893238218e-08, 0.000106864950794, 1.3595746168e-05, 0.000113867172331, 4.03619742428e-05, 1.30220632855e-05, 2.52724003076e-05, 5.89810479141e-05, 1.55497746164e-05, 2.3585089366e-05, 1.17538565974e-05, 1.87860234746e-06, 1.16419187179e-06, 4.59311792156e-07, 6.42303803033e-07, 1.29282440753e-07, 7.7916064356e-07, 3.46486572766e-08, 3.50455434273e-06, 1.61412259558e-07, 7.03701141802e-09, 7.58650919863e-09, 3.73153810074e-08, 3.13208148306e-09, 6.74539002432e-09, 1.03995434486e-09, 9.50292101953e-12]
    },
    "erbbands": {
        "dmean": [0.104704640806, 0.790046811104, 1.33688044548, 3.61870408058, 6.1760931015, 5.83358716965, 9.17100048065, 11.43475914, 12.3862028122, 22.0533103943, 47.8795776367, 27.110200882, 14.6118907928, 15.629447937, 25.7903766632, 12.0503082275, 13.1984777451, 8.12594413757, 5.45019483566, 13.1515226364, 9.94501495361, 9.08817195892, 5.67921686172, 7.03150033951, 39.9093933105, 7.63781738281, 1.51267504692, 1.54762613773, 1.35340321064, 1.07382845879, 2.19396734238, 1.20471143723, 0.375937789679, 0.454564481974, 0.173080027103, 0.0605135820806, 0.0223730653524, 0.00349432765506, 0.000110779859824, 1.43787192428e-05],
        "dmean2": [0.180370226502, 1.31473743916, 2.33588242531, 5.73057937622, 9.12697410583, 8.91535758972, 12.8189668655, 17.7003211975, 18.8078174591, 31.2226467133, 67.0953216553, 37.3265647888, 18.8922080994, 23.9861392975, 37.66456604, 17.8568172455, 20.5051326752, 11.8732681274, 8.40911197662, 19.8815956116, 14.9042005539, 14.206949234, 9.73385334015, 12.1885910034, 73.9628219604, 13.6869745255, 2.43666052818, 2.41860294342, 2.10835957527, 1.74831712246, 3.87438797951, 2.07819366455, 0.59350836277, 0.806082248688, 0.299989104271, 0.102158688009, 0.0388301759958, 0.00629346910864, 0.00019654337666, 2.18527457037e-05],
        "dvar": [0.114647403359, 7.10005950928, 20.3484554291, 44.262966156, 161.540466309, 224.177658081, 252.92124939, 406.388885498, 555.122070312, 3674.3059082, 10712.5039062, 6626.03710938, 6166.14306641, 4980.56689453, 9859.38183594, 1143.5435791, 1383.61853027, 409.023132324, 164.110580444, 3572.99194336, 839.698547363, 751.865539551, 187.944992065, 335.798034668, 32882.6210938, 450.297576904, 19.5695476532, 12.4230585098, 13.0962610245, 6.71119070053, 43.2129058838, 16.0466041565, 0.613341748714, 3.36825537682, 0.247655138373, 0.0233636125922, 0.00481640128419, 0.000189322439837, 2.1832185837e-07, 3.95300625566e-10],
        "dvar2": [0.296057373285, 18.0952568054, 59.1762390137, 104.135284424, 285.997650146, 410.61529541, 454.961730957, 1132.71350098, 1266.32958984, 5284.9453125, 16059.6210938, 14262.5615234, 6426.68310547, 10169.2753906, 18125.125, 2522.54443359, 3166.6015625, 962.059020996, 403.019500732, 8242.14941406, 1962.49230957, 1828.6619873, 509.171142578, 937.194580078, 94756.6015625, 1247.81945801, 48.5084381104, 30.2489395142, 32.288734436, 17.5575714111, 121.279846191, 45.4241523743, 1.49523687363, 9.79078292847, 0.683080017567, 0.0593922957778, 0.0131418844685, 0.000536096340511, 6.17381544998e-07, 9.39990418836e-10],
        "max": [3.32418704033, 22.2434501648, 51.0603218079, 108.971260071, 282.27154541, 529.658325195, 360.216339111, 288.429534912, 541.352233887, 1622.85241699, 2616.9074707, 1744.84436035, 4049.86914062, 1778.25415039, 2456.59814453, 692.397338867, 1098.05236816, 435.367401123, 229.789260864, 857.842895508, 511.249206543, 414.250549316, 114.413299561, 209.725753784, 2225.87402344, 178.64225769, 54.1955757141, 41.3548088074, 53.4186325073, 30.9549102783, 80.6862792969, 50.0307159424, 9.66086959839, 28.4669189453, 8.37802696228, 2.03443837166, 1.02602612972, 0.220754861832, 0.00789532531053, 0.000171739739017],
        "mean": [0.0802040621638, 0.719425737858, 2.43823885918, 12.9508113861, 27.5199012756, 13.9581136703, 19.0365314484, 24.2493953705, 27.7718811035, 46.2977485657, 91.4923248291, 48.1176795959, 26.2012195587, 21.3780937195, 39.0564804077, 18.4325885773, 22.1126232147, 18.707321167, 9.94457435608, 15.6125679016, 10.9180784225, 8.6904706955, 4.79755067825, 5.64737415314, 25.0533542633, 5.50410556793, 1.57556700706, 1.58639264107, 1.42863798141, 0.998537063599, 1.63786613941, 0.940464794636, 0.35522159934, 0.338483393192, 0.139259234071, 0.0530037656426, 0.0176503770053, 0.00255721132271, 9.19217927731e-05, 4.02360637963e-05],
        "median": [0.00842775776982, 0.130877703428, 0.766388297081, 3.68154716492, 8.13005447388, 7.65915870667, 8.04639434814, 11.4101982117, 20.3351135254, 22.4384727478, 46.3041152954, 21.2416191101, 6.85078525543, 5.96499061584, 8.72892379761, 7.32671308517, 8.23488807678, 6.35270261765, 3.4150800705, 1.82213068008, 1.99941396713, 1.20509898663, 1.22828149796, 1.06998157501, 1.58719182014, 0.752977013588, 0.416194200516, 0.32865011692, 0.24493598938, 0.154043376446, 0.130079001188, 0.0752405300736, 0.0453973524272, 0.0335116647184, 0.01308075618, 0.00445559993386, 0.00136029650457, 0.000238679494942, 2.3164520826e-05, 3.54561998392e-05],
        "min": [1.55726312569e-21, 1.40642918457e-20, 5.57344215475e-20, 4.00906622494e-20, 1.90538482087e-19, 1.30002975017e-19, 1.74260213867e-19, 6.95836015206e-19, 5.01205948842e-19, 4.32922706264e-19, 7.25676400707e-19, 1.22776712261e-18, 2.67789280159e-18, 2.57664899654e-18, 2.80111396833e-18, 2.21426944199e-18, 3.28473752117e-18, 3.93541392103e-18, 9.53201578875e-18, 6.37994190782e-18, 8.4630395298e-18, 1.2944994429e-17, 1.2219626515e-17, 5.93499277093e-18, 1.02051530374e-17, 1.82692962973e-17, 2.68983997797e-17, 1.82761834031e-17, 1.93356346773e-17, 1.88153446894e-17, 1.23964760756e-17, 1.54147952651e-17, 1.83468362079e-17, 1.01243366643e-17, 1.11420864551e-17, 5.82645509403e-18, 3.33829808622e-18, 1.23144404383e-18, 3.4805211426e-19, 3.87363801785e-20],
        "var": [0.0862978845835, 5.49371385574, 16.0603637695, 327.530181885, 1491.07922363, 589.007385254, 887.794799805, 984.485412598, 1077.44824219, 11182.4931641, 30273.7714844, 11104.34375, 27672.8378906, 6004.01660156, 19884.8691406, 1773.72424316, 2051.18847656, 1032.37561035, 355.66003418, 4173.14013672, 933.110412598, 713.608398438, 132.319488525, 222.679885864, 18566.3945312, 286.875030518, 17.8588752747, 13.1888446808, 13.6376037598, 5.79703855515, 27.568359375, 10.1245346069, 0.677817821503, 1.92600774765, 0.174295127392, 0.0244611054659, 0.00377682410181, 0.000121892466268, 1.37786599907e-07, 7.10645875479e-10]
    },
    "gfcc": {
        "mean": [-35.4012870789, 130.718597412, -110.00062561, 10.3296413422, -69.5014343262, 0.601568102837, -39.9068717957, 2.42201757431, -23.8672981262, 0.304702669382, -12.6163015366, -12.1754674911, -17.34491539],
        "cov": [[3315.82202148, -897.9921875, 27.181060791, 445.24130249, 0.174682706594, 372.654449463, -48.3245887756, 221.596786499, -83.4982376099, 110.811882019, -107.000312805, 140.19744873, -126.2889328], [-897.9921875, 1024.83569336, -151.09085083, -283.155944824, 116.901809692, -109.95059967, 100.221565247, -201.368728638, 55.5071372986, -127.775863647, 53.5531272888, -169.384490967, 108.630958557], [27.181060791, -151.09085083, 497.014923096, 177.965179443, -2.85857653618, 41.1078605652, 41.8503913879, 172.152679443, 53.6045646667, 41.2225379944, 16.2258720398, 57.786529541, -94.1711120605], [445.24130249, -283.155944824, 177.965179443, 377.928955078, 28.756269455, 74.076965332, -19.3792304993, 153.714157104, 82.2737350464, 67.604019165, 48.9302787781, 64.2685852051, -17.3470668793], [0.174682706594, 116.901809692, -2.85857653618, 28.756269455, 224.746536255, 67.0835189819, 6.62021541595, -27.2281913757, 42.4681739807, 24.3170585632, -21.424118042, 13.0608892441, 4.56833171844], [372.654449463, -109.95059967, 41.1078605652, 74.076965332, 67.0835189819, 263.033966064, 59.4334068298, 15.5385112762, 9.54108142853, 40.0226287842, -22.5843925476, 58.4184188843, 12.3364152908], [-48.3245887756, 100.221565247, 41.8503913879, -19.3792304993, 6.62021541595, 59.4334068298, 190.072540283, 59.9266853333, -28.0743865967, -15.891579628, 26.2395744324, -24.5514831543, 6.22822952271], [221.596786499, -201.368728638, 172.152679443, 153.714157104, -27.2281913757, 15.5385112762, 59.9266853333, 285.611907959, 77.9482574463, 50.3814659119, 69.5736541748, 99.0582046509, 7.81036186218], [-83.4982376099, 55.5071372986, 53.6045646667, 82.2737350464, 42.4681739807, 9.54108142853, -28.0743865967, 77.9482574463, 216.297531128, 71.4912643433, 20.5324878693, 102.419281006, 64.601890564], [110.811882019, -127.775863647, 41.2225379944, 67.604019165, 24.3170585632, 40.0226287842, -15.891579628, 50.3814659119, 71.4912643433, 182.906570435, 35.4290847778, 59.1883049011, 28.154592514], [-107.000312805, 53.5531272888, 16.2258720398, 48.9302787781, -21.424118042, -22.5843925476, 26.2395744324, 69.5736541748, 20.5324878693, 35.4290847778, 164.446624756, 24.5586147308, 20.0843639374], [140.19744873, -169.384490967, 57.786529541, 64.2685852051, 13.0608892441, 58.4184188843, -24.5514831543, 99.0582046509, 102.419281006, 59.1883049011, 24.5586147308, 240.065765381, 56.0287437439], [-126.2889328, 108.630958557, -94.1711120605, -17.3470668793, 4.56833171844, 12.3364152908, 6.22822952271, 7.81036186218, 64.601890564, 28.154592514, 20.0843639374, 56.0287437439, 154.834579468]],
        "icov": [[0.000589577597566, -0.000148229533806, 0.000579946034122, -0.000708957319148, 0.000289611896733, -0.000778599292971, 0.000400982185965, -0.000748463673517, 0.000674279057421, -0.00037102290662, 0.000721855496522, -0.000318098900607, 0.000740898423828], [-0.000148229533806, 0.00436498690397, -0.00135743443388, 0.00269708223641, -0.0026040058583, 0.00133046205156, -0.00241773203015, 0.0031582203228, -0.00406848359853, 0.00320169329643, -0.00353263295256, 0.00312981451862, -0.00335701787844], [0.000579946034122, -0.00135743443388, 0.00432482454926, -0.00223927386105, 0.00121671846136, -0.00109370588325, 0.000237819243921, -0.00276472093537, 0.00101358816028, -0.00151075050235, 0.00213324488141, -0.00161897251382, 0.00414696894586], [-0.000708957319148, 0.00269708223641, -0.00223927386105, 0.00685246754438, -0.00225987122394, 1.49578545461e-05, 0.000122789424495, 0.000481560942717, -0.0037481833715, 0.00206544459797, -0.00380132859573, 0.00300130830146, -0.00243314960971], [0.000289611896733, -0.0026040058583, 0.00121671846136, -0.00225987122394, 0.00696206837893, -0.00214191013947, 0.000933877949137, -0.000979822827503, 0.00109943933785, -0.00232817721553, 0.00276954099536, -0.00188755406998, 0.00281551247463], [-0.000778599292971, 0.00133046205156, -0.00109370588325, 1.49578545461e-05, -0.00214191013947, 0.00709843449295, -0.00385471433401, 0.00303264707327, -0.000925103435293, 0.000193493833649, -0.000372376845917, -0.000736273941584, -0.00206678011455], [0.000400982185965, -0.00241773203015, 0.000237819243921, 0.000122789424495, 0.000933877949137, -0.00385471433401, 0.00977614987642, -0.00516031077132, 0.00356858409941, -0.00083655375056, 0.000785990851, 0.000417119706981, 0.000738643284421], [-0.000748463673517, 0.0031582203228, -0.00276472093537, 0.000481560942717, -0.000979822827503, 0.00303264707327, -0.00516031077132, 0.0104235736653, -0.00448432099074, 0.00223485473543, -0.00426353374496, 0.000195890243049, -0.00303798681125], [0.000674279057421, -0.00406848359853, 0.00101358816028, -0.0037481833715, 0.00109943933785, -0.000925103435293, 0.00356858409941, -0.00448432099074, 0.0122014218941, -0.00463749840856, 0.00423121964559, -0.00477223936468, 0.000655339448713], [-0.00037102290662, 0.00320169329643, -0.00151075050235, 0.00206544459797, -0.00232817721553, 0.000193493833649, -0.00083655375056, 0.00223485473543, -0.00463749840856, 0.00951559375972, -0.00423378869891, 0.00219458062202, -0.00330247799866], [0.000721855496522, -0.00353263295256, 0.00213324488141, -0.00380132859573, 0.00276954099536, -0.000372376845917, 0.000785990851, -0.00426353374496, 0.00423121964559, -0.00423378869891, 0.0111286835745, -0.00317932898179, 0.00278159393929], [-0.000318098900607, 0.00312981451862, -0.00161897251382, 0.00300130830146, -0.00188755406998, -0.000736273941584, 0.000417119706981, 0.000195890243049, -0.00477223936468, 0.00219458062202, -0.00317932898179, 0.00922483485192, -0.00434966525063], [0.000740898423828, -0.00335701787844, 0.00414696894586, -0.00243314960971, 0.00281551247463, -0.00206678011455, 0.000738643284421, -0.00303798681125, 0.000655339448713, -0.00330247799866, 0.00278159393929, -0.00434966525063, 0.0134130585939]]
    },
    "melbands": {
        "dmean": [0.000985481892712, 0.000789695128333, 0.000709367333911, 0.000419174146373, 0.000286688911729, 0.000244995753746, 0.000206245735171, 0.000272032542853, 0.00040069228271, 0.000149709172547, 7.29645689717e-05, 6.28400666756e-05, 9.0376859589e-05, 4.39594805357e-05, 3.06675428874e-05, 2.43965732807e-05, 1.60569325089e-05, 8.78715491126e-06, 1.45376470755e-05, 1.30902826641e-05, 1.47963628478e-05, 1.185871497e-05, 5.48140587853e-06, 5.4763636399e-06, 3.63149342775e-06, 2.71306198556e-05, 1.94000149349e-05, 2.44833540819e-06, 1.00998079233e-06, 6.2613355567e-07, 9.95059167508e-07, 8.70262795161e-07, 5.0882783853e-07, 6.09078711022e-07, 9.97338247544e-07, 1.84421901395e-06, 3.74569793848e-07, 2.35622621858e-07, 3.56593403694e-07, 3.68453015653e-07],
        "dmean2": [0.00166226259898, 0.00134816416539, 0.0010865268996, 0.000641865248326, 0.000409162661526, 0.000375908944989, 0.000306455214741, 0.000391977868276, 0.000555529491976, 0.000208770521567, 9.58080418059e-05, 9.70642504399e-05, 0.00013528544514, 6.36678014416e-05, 4.72229294246e-05, 3.74740084226e-05, 2.37670847127e-05, 1.3660712284e-05, 2.27151886065e-05, 1.99665973923e-05, 2.20785677811e-05, 1.81364030141e-05, 9.61588466453e-06, 9.3478238341e-06, 6.14018290435e-06, 5.01728864037e-05, 3.59983896487e-05, 4.23362507718e-06, 1.65404333075e-06, 9.81056246019e-07, 1.56387102379e-06, 1.37352890306e-06, 8.17648242446e-07, 9.97979327622e-07, 1.73272405846e-06, 3.35910567628e-06, 5.88626392073e-07, 3.68744821344e-07, 6.1721846123e-07, 6.59414752135e-07],
        "dvar": [1.03635038613e-05, 7.30875990484e-06, 1.77456820438e-06, 7.09954008471e-07, 2.13555622963e-07, 1.70516301523e-07, 2.11405676964e-07, 4.42713968596e-07, 7.1809046176e-07, 2.21295366032e-07, 1.66566195503e-07, 9.25779488625e-08, 1.5059080738e-07, 1.72998593229e-08, 1.41477016768e-08, 3.41248385105e-09, 1.84424842065e-09, 5.36485966762e-10, 3.42405948039e-09, 3.09558600975e-09, 2.55733656473e-09, 1.51805024107e-09, 4.91371277e-10, 2.64350291657e-10, 6.18669213082e-11, 1.62262114856e-08, 5.4410915773e-09, 4.85520165738e-11, 1.38329113789e-11, 2.53258113266e-12, 5.18428182328e-12, 6.11214681298e-12, 1.60591440319e-12, 2.32091234252e-12, 9.0885641027e-12, 5.9239405048e-11, 7.24063224742e-13, 2.47528451729e-13, 1.74726585197e-12, 2.05588519299e-12],
        "dvar2": [2.6331816116e-05, 1.99405094463e-05, 3.85270186598e-06, 1.3414797877e-06, 4.03995500164e-07, 4.70336715352e-07, 4.19338221036e-07, 6.39517224954e-07, 1.09227323719e-06, 4.94182415878e-07, 1.79523183874e-07, 1.88524282407e-07, 2.94246035537e-07, 3.47249340393e-08, 3.08645589087e-08, 7.62733076698e-09, 4.35696057011e-09, 1.23731869195e-09, 7.99996602296e-09, 7.14856662754e-09, 5.93970517215e-09, 3.53311557788e-09, 1.33833799598e-09, 7.16541381784e-10, 1.61474777993e-10, 4.67535485882e-08, 1.56058774792e-08, 1.28254601384e-10, 3.54481131948e-11, 6.20351643318e-12, 1.25460813613e-11, 1.54449248529e-11, 3.98297323942e-12, 6.08551837394e-12, 2.51135969659e-11, 1.71908307034e-10, 1.72597775915e-12, 5.64855128816e-13, 5.02779545428e-12, 5.96273985048e-12],
        "max": [0.0261873416603, 0.0275564566255, 0.0255555175245, 0.0266336761415, 0.00979095511138, 0.00657396810129, 0.0124474260956, 0.0187325626612, 0.0199101697654, 0.00998284760863, 0.0206822529435, 0.00817802734673, 0.00890441890806, 0.00352024310268, 0.0042416038923, 0.00104283425026, 0.00099543761462, 0.000489356112666, 0.00103667622898, 0.000750136910938, 0.000928812776692, 0.000689906650223, 0.000312668271363, 0.000150203806697, 8.9564731752e-05, 0.00158577843104, 0.00083811476361, 6.21631552349e-05, 4.70870290883e-05, 1.94336062123e-05, 2.34866238316e-05, 3.7599595089e-05, 1.94677704712e-05, 2.03089875868e-05, 4.68983562314e-05, 0.000103149192, 1.25517781271e-05, 7.38050857763e-06, 2.03655254154e-05, 2.1890797143e-05],
        "mean": [0.000797783373855, 0.00113312865142, 0.00293367914855, 0.00148414063733, 0.000594792945776, 0.000538084306754, 0.000448438135209, 0.000553514109924, 0.000748630380258, 0.000254799786489, 0.000123030229588, 8.01941641839e-05, 0.000134408270242, 6.47824635962e-05, 4.37865237473e-05, 4.19592142862e-05, 3.63798208127e-05, 1.69077666214e-05, 1.75747882167e-05, 1.51768226715e-05, 1.54540230142e-05, 1.14622762339e-05, 4.43450380772e-06, 4.49991830465e-06, 3.2088835269e-06, 1.7295793441e-05, 1.22180717881e-05, 2.0003735699e-06, 9.98464997792e-07, 6.98657117937e-07, 1.00153545191e-06, 8.95143273283e-07, 5.21906656559e-07, 5.4778820413e-07, 7.84616247529e-07, 1.23084976167e-06, 3.43831800365e-07, 2.27307012324e-07, 2.92355139209e-07, 2.67292733724e-07],
        "median": [0.000105288461782, 0.000317590078339, 0.000781806418672, 0.000636477372609, 0.000296444661217, 0.000272915582173, 0.000311540818075, 0.000264120986685, 0.000367510132492, 0.000100759367342, 2.252318518e-05, 2.12271970668e-05, 2.35409170273e-05, 2.0432886231e-05, 1.55653906404e-05, 1.32272098199e-05, 9.86970735539e-06, 5.51027824258e-06, 3.12041584039e-06, 1.49698769292e-06, 2.25037229029e-06, 1.15073044071e-06, 8.54439349496e-07, 9.07652975002e-07, 6.72736405249e-07, 1.16396483918e-06, 8.14898726276e-07, 3.74624931965e-07, 2.33916722436e-07, 1.90563355318e-07, 1.77159620307e-07, 1.43353489079e-07, 9.1029555449e-08, 7.55145990183e-08, 7.335593466e-08, 6.27721021829e-08, 3.38439676284e-08, 2.73346678625e-08, 3.23314708339e-08, 2.43506814712e-08],
        "min": [1.50059235538e-23, 2.59601454802e-23, 1.19680596509e-23, 1.34772515368e-23, 5.62000207211e-24, 1.49830623648e-23, 7.55245412125e-24, 4.09902223772e-24, 7.15048294725e-24, 8.69840159269e-24, 1.32339447455e-23, 9.91238910607e-24, 1.0564055267e-23, 5.09286194385e-24, 7.3994845254e-24, 6.34188829205e-24, 7.08544215447e-24, 1.73669053571e-23, 9.21288247558e-24, 7.80338761976e-24, 9.2094517195e-24, 1.1919931247e-23, 1.42641828882e-23, 9.3258576124e-24, 3.89962659988e-24, 5.2433627995e-24, 8.87809148513e-24, 1.33444042049e-23, 1.88676706308e-23, 1.15589989839e-23, 1.03995706685e-23, 9.66801735257e-24, 1.19117641701e-23, 9.89368915831e-24, 7.67932977608e-24, 5.89636607962e-24, 1.05983304844e-23, 1.32439285691e-23, 1.27069485843e-23, 6.74012539296e-24],
        "var": [8.04306637292e-06, 5.53513064006e-06, 1.51197900777e-05, 3.3045271266e-06, 7.35812989205e-07, 4.36920089442e-07, 4.51295335324e-07, 1.49426205098e-06, 1.95819529836e-06, 3.52624283551e-07, 7.19972888419e-07, 1.07935925087e-07, 2.7373090461e-07, 3.19538209226e-08, 1.75752497e-08, 6.38338759629e-09, 4.77274086919e-09, 1.30165678236e-09, 3.94424848338e-09, 3.66176911015e-09, 2.7444435613e-09, 1.563653651e-09, 3.23470139563e-10, 1.84933166003e-10, 5.39209128736e-11, 9.17063491812e-09, 3.1132503242e-09, 3.5100419099e-11, 1.13837992852e-11, 2.64383090073e-12, 5.58939873552e-12, 6.06948475854e-12, 1.62408541476e-12, 1.94835792465e-12, 6.1607646068e-12, 3.30996584308e-11, 7.7359386258e-13, 3.04275701857e-13, 1.06775688551e-12, 1.1789815001e-12]
    },
    "mfcc": {
        "mean": [-685.215576172, 164.194961548, 7.75142478943, 11.3498096466, -8.79097557068, -5.86576414108, -6.88073158264, -8.18874073029, -10.546210289, 2.54634857178, 2.67879033089, -1.22788250446, -1.28631448746],
        "cov": [[2683.32446289, -964.613891602, 83.69165802, 64.2984161377, 183.939743042, 223.183441162, 126.582298279, 173.41116333, 72.9147338867, 113.386268616, 2.77917003632, -18.4607696533, 59.8236618042], [-964.613891602, 1033.70544434, -228.267150879, -127.580093384, -85.0918655396, 4.24526548386, 3.43393874168, -99.3973083496, 23.4844779968, -96.4177322388, -26.5154190063, 4.98290920258, -56.6183280945], [83.69165802, -228.267150879, 458.800598145, 138.875152588, 46.2640037537, -59.6541900635, 26.7380619049, 136.854278564, 25.5441761017, 78.094909668, 72.376449585, 67.3660812378, 31.8383731842], [64.2984161377, -127.580093384, 138.875152588, 234.203933716, 87.2967224121, -55.0892372131, -28.1849651337, 52.3212165833, 5.84198522568, 77.723777771, 55.200466156, 29.9331130981, 61.4212722778], [183.939743042, -85.0918655396, 46.2640037537, 87.2967224121, 221.017730713, 71.1092071533, -43.7476615906, 28.7501525879, 33.1642913818, 30.9696712494, 42.2632904053, 41.8538475037, 28.0759544373], [223.183441162, 4.24526548386, -59.6541900635, -55.0892372131, 71.1092071533, 283.644500732, 0.123189583421, -19.2774066925, 57.3750991821, -13.7663583755, -20.0232105255, 29.4600086212, -10.1678447723], [126.582298279, 3.43393874168, 26.7380619049, -28.1849651337, -43.7476615906, 0.123189583421, 249.311431885, 32.8482093811, -14.4546775818, 34.1995658875, 15.6244163513, -23.7726612091, -4.57068729401], [173.41116333, -99.3973083496, 136.854278564, 52.3212165833, 28.7501525879, -19.2774066925, 32.8482093811, 238.146011353, 66.9960021973, 5.84062004089, -0.524607002735, 63.0944862366, 57.7175216675], [72.9147338867, 23.4844779968, 25.5441761017, 5.84198522568, 33.1642913818, 57.3750991821, -14.4546775818, 66.9960021973, 172.285888672, 11.5732069016, -4.576420784, 27.8394622803, 23.0737094879], [113.386268616, -96.4177322388, 78.094909668, 77.723777771, 30.9696712494, -13.7663583755, 34.1995658875, 5.84062004089, 11.5732069016, 176.466537476, 59.8429794312, -20.0359325409, 28.7135810852], [2.77917003632, -26.5154190063, 72.376449585, 55.200466156, 42.2632904053, -20.0232105255, 15.6244163513, -0.524607002735, -4.576420784, 59.8429794312, 136.56640625, 28.2750244141, 6.94531202316], [-18.4607696533, 4.98290920258, 67.3660812378, 29.9331130981, 41.8538475037, 29.4600086212, -23.7726612091, 63.0944862366, 27.8394622803, -20.0359325409, 28.2750244141, 155.213668823, 34.4638786316], [59.8236618042, -56.6183280945, 31.8383731842, 61.4212722778, 28.0759544373, -10.1678447723, -4.57068729401, 57.7175216675, 23.0737094879, 28.7135810852, 6.94531202316, 34.4638786316, 131.146865845]],
