{
"lowlevel": {
    "average_loudness": 0.919774234295,
    "barkbands_crest": {
        "dmean": 2.49779105186,
        "dmean2": 4.06782150269,
        "dvar": 6.15901470184,
        "dvar2": 14.3766479492,
        "max": 26.7488994598,
        "mean": 16.6291561127,
        "median": 15.6848077774,
        "min": 5.51433944702,
        "var": 23.6601963043
    },
    "barkbands_flatness_db": {
        "dmean": 0.0458993166685,
        "dmean2": 0.0719782412052,
        "dvar": 0.00174592330586,
        "dvar2": 0.00407503498718,
        "max": 0.831194639206,
        "mean": 0.54591602087,
        "median": 0.538574934006,
        "min": 0.0806937143207,
        "var": 0.0106013212353
    },
    "barkbands_kurtosis": {
        "dmean": 11.7343940735,
        "dmean2": 17.137216568,
        "dvar": 577.350036621,
        "dvar2": 1124.33312988,
        "max": 551.278381348,
        "mean": 24.7571029663,
        "median": 12.1607933044,
        "min": -1.9574508667,
        "var": 2180.87207031
    },
    "barkbands_skewness": {
        "dmean": 0.949167490005,
        "dmean2": 1.36001694202,
        "dvar": 1.12567937374,
        "dvar2": 2.29458427429,
        "max": 19.1760463715,
        "mean": 3.11286759377,
        "median": 2.70430421829,
        "min": -3.84694457054,
        "var": 7.75246334076
    },
    "barkbands_spread": {
        "dmean": 1.0024689436,
        "dmean2": 1.5157674551,
        "dvar": 2.78961491585,
        "dvar2": 5.83312559128,
        "max": 24.4237098694,
        "mean": 2.74769449234,
        "median": 1.40326976776,
        "min": 0.0433315746486,
        "var": 10.7910270691
    },
    "dissonance": {
        "dmean": 0.0707582980394,
        "dmean2": 0.120377250016,
        "dvar": 0.00431654788554,
        "dvar2": 0.011461334303,
        "max": 0.497436881065,
        "mean": 0.310573548079,
        "median": 0.314042150974,
        "min": 0.0358292460442,
        "var": 0.0084962528199
    },
    "dynamic_complexity": 4.78376722336,
    "erbbands_crest": {
        "dmean": 3.00097155571,
        "dmean2": 4.49266767502,
        "dvar": 8.27884101868,
        "dvar2": 20.0933933258,
        "max": 34.4582595825,
        "mean": 18.6303539276,
        "median": 18.1584014893,
        "min": 4.15767908096,
        "var": 36.1504707336
    },
    "erbbands_flatness_db": {
        "dmean": 0.029599333182,
        "dmean2": 0.0455115325749,
        "dvar": 0.000950769113842,
        "dvar2": 0.00213997554965,
        "max": 0.590272188187,
        "mean": 0.405772894621,
        "median": 0.412085711956,
        "min": 0.103939801455,
        "var": 0.00446767639369
    },
    "erbbands_kurtosis": {
        "dmean": 4.70753002167,
        "dmean2": 7.11031198502,
        "dvar": 68.135017395,
        "dvar2": 141.705429077,
        "max": 202.940734863,
        "mean": 7.82844591141,
        "median": 2.34950304031,
        "min": -1.95654404163,
        "var": 249.145309448
    },
    "erbbands_skewness": {
        "dmean": 0.679821789265,
        "dmean2": 0.980609178543,
        "dvar": 0.498555451632,
        "dvar2": 1.05515372753,
        "max": 9.44189167023,
        "mean": 0.813329577446,
        "median": 0.878804624081,
        "min": -7.08688688278,
        "var": 4.89186286926
    },
    "erbbands_spread": {
        "dmean": 3.59800648689,
        "dmean2": 5.571352005,
        "dvar": 49.3304100037,
        "dvar2": 127.167327881,
        "max": 114.795944214,
        "mean": 12.4592094421,
        "median": 10.3646755219,
        "min": 0.561520218849,
        "var": 96.7909469604
    },
    "hfc": {
        "dmean": 3.72380280495,
        "dmean2": 4.71640872955,
        "dvar": 19.9802780151,
        "dvar2": 34.8106040955,
        "max": 85.0202178955,
        "mean": 12.744726181,
        "median": 6.94284439087,
        "min": 1.19023627145e-16,
        "var": 224.480163574
    },
    "melbands_crest": {
        "dmean": 2.95577311516,
        "dmean2": 4.75978469849,
        "dvar": 8.59842586517,
        "dvar2": 23.1016731262,
        "max": 31.708152771,
        "mean": 23.5300617218,
        "median": 24.5580863953,
        "min": 2.4511141777,
        "var": 27.8256626129
    },
    "melbands_flatness_db": {
        "dmean": 0.0512718781829,
        "dmean2": 0.0792792886496,
        "dvar": 0.00232182536274,
        "dvar2": 0.0050444835797,
        "max": 1,
        "mean": 0.693767368793,
        "median": 0.689345955849,
        "min": 0.00828452873975,
        "var": 0.0142453294247
    },
    "melbands_kurtosis": {
        "dmean": 11.4007377625,
        "dmean2": 17.5381507874,
        "dvar": 443.779693604,
        "dvar2": 1130.26330566,
        "max": 400.799438477,
        "mean": 27.1753730774,
        "median": 20.3493003845,
        "min": -1.94601857662,
        "var": 808.348205566
    },
    "melbands_skewness": {
        "dmean": 0.853198945522,
        "dmean2": 1.27181899548,
        "dvar": 0.89247494936,
        "dvar2": 2.10857820511,
        "max": 14.5616779327,
        "mean": 3.20607542992,
        "median": 3.09884190559,
        "min": -2.98869752884,
        "var": 4.12871074677
    },
    "melbands_spread": {
        "dmean": 1.26895344257,
        "dmean2": 1.89302873611,
        "dvar": 12.8618993759,
        "dvar2": 18.4024562836,
        "max": 126.489273071,
        "mean": 3.21659493446,
        "median": 1.1998103857,
        "min": 0.216335609555,
        "var": 29.1106300354
    },
    "pitch_salience": {
        "dmean": 0.0673743188381,
        "dmean2": 0.104193538427,
        "dvar": 0.00465895188972,
        "dvar2": 0.0113743050024,
        "max": 0.803297400475,
        "mean": 0.291835337877,
        "median": 0.296536922455,
        "min": 0.0285042338073,
        "var": 0.0203641615808
    },
    "silence_rate_20dB": {
        "dmean": 0.0319587625563,
        "dmean2": 0.0639504864812,
        "dvar": 0.0309375375509,
        "dvar2": 0.0639864504337,
        "max": 1,
        "mean": 0.889232337475,
        "median": 1,
        "min": 0,
        "var": 0.0984973981977
    },
    "silence_rate_30dB": {
        "dmean": 0.0711340233684,
        "dmean2": 0.142341420054,
        "dvar": 0.0660729333758,
        "dvar2": 0.1323967278,
        "max": 1,
        "mean": 0.660484313965,
        "median": 1,
        "min": 0,
        "var": 0.224243164062
    },
    "silence_rate_60dB": {
        "dmean": 0.0319587625563,
        "dmean2": 0.0629190281034,
        "dvar": 0.0309374779463,
        "dvar2": 0.06721239537,
        "max": 1,
        "mean": 0.0783101469278,
        "median": 0,
        "min": 0,
        "var": 0.072178773582
    },
    "spectral_centroid": {
        "dmean": 52.7696304321,
        "dmean2": 75.6778945923,
        "dvar": 65122.1445312,
        "dvar2": 70765.5625,
        "max": 10959.5888672,
        "mean": 265.5703125,
        "median": 189.233200073,
        "min": 78.2846298218,
        "var": 90924.109375
    },
    "spectral_complexity": {
        "dmean": 0.718041241169,
        "dmean2": 1.21299636364,
        "dvar": 0.609677672386,
        "dvar2": 1.31049132347,
        "max": 9,
        "mean": 4.28232860565,
        "median": 4,
        "min": 0,
        "var": 2.52923941612
    },
    "spectral_decrease": {
        "dmean": 1.06948663259e-08,
        "dmean2": 1.30964705747e-08,
        "dvar": 2.02810088115e-16,
        "dvar2": 3.04061402309e-16,
        "max": 3.49200950832e-29,
        "mean": -3.39406334149e-08,
        "median": -1.22961072435e-08,
        "min": -3.0100972026e-07,
        "var": 2.58919612537e-15
    },
    "spectral_energy": {
        "dmean": 0.0406920127571,
        "dmean2": 0.0498444251716,
        "dvar": 0.00292985932902,
        "dvar2": 0.00439832452685,
        "max": 1.14379155636,
        "mean": 0.129255726933,
        "median": 0.0469475276768,
        "min": 1.06639938778e-20,
        "var": 0.0373828969896
    },
    "spectral_energyband_high": {
        "dmean": 8.76108231296e-07,
        "dmean2": 1.53900259647e-06,
        "dvar": 5.49348171119e-11,
        "dvar2": 1.55986876194e-10,
        "max": 0.000179900060175,
        "mean": 6.93888864589e-07,
        "median": 4.44124523824e-08,
        "min": 7.98815022229e-21,
        "var": 3.38130183575e-11
    },
    "spectral_energyband_low": {
        "dmean": 0.0396376997232,
        "dmean2": 0.0485945045948,
        "dvar": 0.0028559428174,
        "dvar2": 0.00433048931882,
        "max": 1.09558176994,
        "mean": 0.121374748647,
        "median": 0.040585603565,
        "min": 5.07747418637e-23,
        "var": 0.0348573289812
    },
    "spectral_energyband_middle_high": {
        "dmean": 0.000373891816707,
        "dmean2": 0.00038704634062,
        "dvar": 1.08126243958e-06,
        "dvar2": 1.56810597218e-06,
        "max": 0.0272407177836,
        "mean": 0.00140274700243,
        "median": 6.64227918605e-05,
        "min": 1.49158617655e-21,
        "var": 1.08287003968e-05
    },
    "spectral_energyband_middle_low": {
        "dmean": 0.00334781501442,
        "dmean2": 0.00436208536848,
        "dvar": 3.38161480613e-05,
        "dvar2": 4.85049313284e-05,
        "max": 0.102787546813,
        "mean": 0.00826109666377,
        "median": 0.00365960900672,
        "min": 2.52732555755e-22,
        "var": 0.000175623237737
    },
    "spectral_entropy": {
        "dmean": 0.258832365274,
        "dmean2": 0.389552265406,
        "dvar": 0.102379433811,
        "dvar2": 0.207586199045,
        "max": 9.79298305511,
        "mean": 4.59037733078,
        "median": 4.56902217865,
        "min": 2.95227217674,
        "var": 0.338648527861
    },
    "spectral_flux": {
        "dmean": 0.0476041734219,
        "dmean2": 0.0798187330365,
        "dvar": 0.00268263183534,
        "dvar2": 0.0068994811736,
        "max": 0.473407536745,
        "mean": 0.0903933271766,
        "median": 0.074950568378,
        "min": 1.03266617479e-10,
        "var": 0.00477152597159
    },
    "spectral_kurtosis": {
        "dmean": 69.0941848755,
        "dmean2": 115.584915161,
        "dvar": 4907.89599609,
        "dvar2": 14198.7998047,
        "max": 805.834228516,
        "mean": 178.740310669,
        "median": 159.975448608,
        "min": -1.17657887936,
        "var": 13130.0507812
    },
    "spectral_rms": {
        "dmean": 0.00185892987065,
        "dmean2": 0.00240364461206,
        "dvar": 3.54527833224e-06,
        "dvar2": 6.35270180283e-06,
        "max": 0.0334050022066,
        "mean": 0.00878690462559,
        "median": 0.00676775211468,
        "min": 3.22550731784e-12,
        "var": 4.8893285566e-05
    },
    "spectral_rolloff": {
        "dmean": 63.6336860657,
        "dmean2": 109.842086792,
        "dvar": 196855.0625,
        "dvar2": 221586.5,
        "max": 18712.3535156,
        "mean": 250.319992065,
        "median": 129.19921875,
        "min": 64.599609375,
        "var": 238470.203125
    },
    "spectral_skewness": {
        "dmean": 2.20842218399,
        "dmean2": 3.64361429214,
        "dvar": 3.66403031349,
        "dvar2": 9.57887458801,
        "max": 22.9243164062,
        "mean": 10.3055438995,
        "median": 10.4435901642,
        "min": -2.4300561563e-05,
        "var": 14.1320590973
    },
    "spectral_spread": {
        "dmean": 546897,
        "dmean2": 932924.5625,
        "dvar": 1.25703264666e+12,
        "dvar2": 1.77399385293e+12,
        "max": 40321276,
        "mean": 1054415.75,
        "median": 829778.0625,
        "min": 141376.734375,
        "var": 1.74963359744e+12
    },
    "spectral_strongpeak": {
        "dmean": 0.291639238596,
        "dmean2": 0.42249211669,
        "dvar": 0.13027574122,
        "dvar2": 0.28662070632,
        "max": 4.84313821793,
        "mean": 0.929158449173,
        "median": 0.750523328781,
        "min": 0,
        "var": 0.5327911973
    },
    "zerocrossingrate": {
        "dmean": 0.00201051053591,
        "dmean2": 0.0023719035089,
        "dvar": 0.000129768857732,
        "dvar2": 0.000131659893668,
        "max": 0.50390625,
        "mean": 0.00950148515403,
        "median": 0.005859375,
        "min": 0.00244140625,
        "var": 0.000192885534489
    },
    "barkbands": {
        "dmean": [0.000154402470798, 0.0291862022132, 0.0130954897031, 0.00145516521297, 0.00195807404816, 0.000111375629785, 0.000197108325665, 9.69598113443e-05, 4.83273361169e-05, 0.000285583810182, 0.000191558108781, 9.13503299671e-06, 1.10256178232e-06, 2.45712317337e-06, 3.93690299916e-07, 6.9801257041e-07, 1.92165103385e-07, 2.51028296816e-07, 1.38965646101e-07, 4.11207992101e-07, 2.16474361991e-07, 1.29499625245e-07, 1.7520790152e-07, 2.67338606363e-07, 4.22535109124e-08, 7.79984610233e-09, 3.62180707647e-09],
        "dmean2": [0.000220227666432, 0.0345455333591, 0.0199107062072, 0.00231605907902, 0.00246794288978, 0.000188203208381, 0.000269237352768, 0.000103755592136, 6.63149476168e-05, 0.000212041952182, 0.000248367345193, 1.27584917209e-05, 1.81592997706e-06, 3.20243202623e-06, 6.20455409717e-07, 9.53209053023e-07, 3.08617444489e-07, 4.60715256168e-07, 2.35231965462e-07, 7.02781392192e-07, 3.72320840825e-07, 2.2348304185e-07, 3.1911571341e-07, 4.95462757044e-07, 7.15872943147e-08, 1.41268170495e-08, 6.76776057418e-09],
        "dvar": [3.75502963834e-07, 0.0024514622055, 0.000309097551508, 7.59595513955e-06, 1.82008698175e-05, 3.78504516618e-08, 2.88427543182e-07, 6.75846791864e-08, 1.97183993578e-08, 9.97134065983e-07, 7.02634793015e-07, 2.917757147e-09, 1.26864751343e-11, 2.78206818694e-10, 1.57410716406e-12, 8.3050077232e-12, 1.5206358308e-12, 8.36025606382e-12, 7.74285800406e-13, 2.54459144727e-11, 1.85811392314e-12, 1.23735852293e-12, 5.88594971374e-12, 7.89507435123e-12, 6.77630626849e-14, 1.06168380158e-15, 4.62931729077e-17],
        "dvar2": [7.36154561309e-07, 0.00322657590732, 0.000720190932043, 1.96460750885e-05, 1.99453006644e-05, 1.11648610357e-07, 4.94428945785e-07, 6.59342802578e-08, 4.10129672446e-08, 6.93616755143e-07, 1.30041507873e-06, 6.52785070443e-09, 3.50558540529e-11, 5.22143828174e-10, 3.23674377231e-12, 1.35187859171e-11, 4.23912901309e-12, 2.43920422055e-11, 2.15180477603e-12, 7.0299009669e-11, 5.04264512091e-12, 3.47686961687e-12, 1.72262499404e-11, 2.29267507756e-11, 1.8051897054e-13, 2.96841192882e-15, 1.59622326589e-16],
        "max": [0.0100748632103, 1.07834744453, 0.269445151091, 0.0408927537501, 0.0746387243271, 0.00388116808608, 0.0135773951188, 0.00839409418404, 0.0044303946197, 0.0444881618023, 0.0271011479199, 0.00265575270168, 7.77049717726e-05, 0.000861518026795, 2.67491432169e-05, 7.50778708607e-05, 3.26216468238e-05, 7.05066995579e-05, 2.50370139838e-05, 0.000170836225152, 2.46908603003e-05, 2.79644864349e-05, 7.45205979911e-05, 5.4276031733e-05, 4.65670473204e-06, 5.52915707885e-07, 5.44481650877e-08],
        "mean": [0.000273450103123, 0.0935146212578, 0.0263636428863, 0.00232770829462, 0.00391438417137, 0.000174586311914, 0.000400829419959, 0.000279648345895, 0.000179810260306, 0.00115291471593, 0.000628587848041, 3.38023746735e-05, 1.416186592e-06, 6.8781500886e-06, 5.59771422104e-07, 1.35766913445e-06, 2.50193750162e-07, 1.99873241513e-07, 1.49694216134e-07, 3.45590194684e-07, 1.92673567767e-07, 1.04988039595e-07, 1.23377333239e-07, 1.74886721993e-07, 3.46189068523e-08, 6.16122974861e-09, 3.14221515474e-09],
        "median": [1.22946867123e-05, 0.0114469323307, 0.0091702407226, 0.000772145402152, 0.000821304973215, 8.47953560879e-05, 9.03713953448e-05, 4.04017919209e-05, 1.85078461072e-05, 8.81094274519e-06, 6.68691745886e-06, 1.34577226163e-06, 4.17094440763e-07, 2.92959185799e-07, 1.204536062e-07, 1.11091225108e-07, 2.66463455745e-08, 1.74407706055e-08, 1.457668386e-08, 1.53839838646e-08, 1.15851506166e-08, 5.50598899807e-09, 4.75474326578e-09, 3.69133967837e-09, 1.62372859602e-09, 8.38757507893e-10, 7.02233826644e-10],
        "min": [5.27099738587e-24, 8.51602562887e-24, 3.45556733e-23, 9.10857376466e-24, 3.28237260271e-23, 2.52718233196e-23, 5.81109463339e-23, 1.27012206653e-23, 9.61857407538e-23, 1.58336323877e-22, 1.26777482668e-22, 6.17525617752e-23, 1.1899267509e-22, 1.03451597764e-22, 1.20887569471e-22, 6.51199691659e-23, 2.03248472374e-22, 1.63692992346e-22, 1.90992969164e-22, 3.58987247683e-22, 3.16588738196e-22, 5.96499558998e-22, 9.39682628467e-22, 6.38078460937e-22, 1.2609916074e-21, 1.75767963791e-21, 2.41696096341e-21],
        "var": [7.81884864409e-07, 0.0325552560389, 0.00135128770489, 1.37231327244e-05, 9.84613216133e-05, 6.05092722594e-08, 1.1824477042e-06, 5.92715480252e-07, 2.21613149165e-07, 1.66831050592e-05, 4.32354227087e-06, 3.15347712387e-08, 1.34503467392e-11, 2.17299067629e-09, 3.64733850761e-12, 2.55671664395e-11, 1.93347182882e-12, 4.74578059143e-12, 6.01916086418e-13, 1.66130529472e-11, 1.36806831055e-12, 7.7796558258e-13, 3.23681576334e-12, 4.44243383399e-12, 5.10201181704e-14, 7.15605091697e-16, 3.8421526984e-17]
    },
    "erbbands": {
        "dmean": [0.624027729034, 7.51424312592, 16.8056240082, 7.18314695358, 9.65063381195, 2.66011285782, 0.246974021196, 1.18413627148, 3.59765124321, 1.109364748, 2.38588500023, 1.49544858932, 10.6130332947, 3.07711386681, 6.81591558456, 0.478574067354, 0.0622477829456, 0.0634811222553, 0.0983952730894, 0.0287776719779, 0.0276138465852, 0.0105205709115, 0.0170402657241, 0.00664566038176, 0.0163441374898, 0.0142506370321, 0.00539575144649, 0.0105341887102, 0.00542382756248, 0.00353373447433, 0.004979908932, 0.00560575351119, 0.00420775916427, 0.00077275413787, 0.000253560428973, 6.65338011459e-05, 1.67088182934e-05, 3.08305811814e-06, 1.79040671355e-05, 4.39674513473e-05],
        "dmean2": [0.605582654476, 9.34870243073, 24.2847423553, 11.0553703308, 12.383102417, 3.31339049339, 0.331544607878, 1.95995724201, 5.02004241943, 1.54610478878, 2.49465250969, 1.70265901089, 7.91357040405, 3.60929727554, 8.47148323059, 0.578236103058, 0.0942824110389, 0.0900068432093, 0.128460913897, 0.0418281927705, 0.0391329936683, 0.0168558638543, 0.0308962874115, 0.0118719013408, 0.0275836698711, 0.0242803357542, 0.00907041598111, 0.0184896718711, 0.00949373468757, 0.00623513851315, 0.00914898049086, 0.0101996138692, 0.00788413826376, 0.00136134156492, 0.000431731023127, 0.000112464396807, 2.5112849471e-05, 5.44180784345e-06, 2.17829128815e-05, 5.38538661203e-05],
        "dvar": [1.95214164257, 145.260864258, 479.661865234, 103.542655945, 362.508056641, 36.3153305054, 0.163718119264, 4.78151321411, 98.7881698608, 4.0200715065, 55.2922439575, 17.3113098145, 1387.0769043, 95.1247406006, 804.348327637, 3.49414944649, 0.0324084423482, 0.064168356359, 0.546963274479, 0.00814239587635, 0.0118443360552, 0.00339943426661, 0.0344917476177, 0.00424526212737, 0.031806755811, 0.0185846779495, 0.000820597924758, 0.00514326337725, 0.00201575970277, 0.00115088745952, 0.00543634640053, 0.00374535890296, 0.00220984313637, 4.0711445763e-05, 2.3496720587e-06, 9.77176242145e-08, 1.62882374255e-09, 6.6554615985e-11, 5.6342913668e-10, 3.41244321689e-09],
        "dvar2": [1.67145931721, 228.030944824, 1018.56451416, 253.336029053, 454.524841309, 42.200302124, 0.261023372412, 12.7273807526, 177.53666687, 9.0079498291, 54.198184967, 30.1066246033, 1012.37573242, 157.625473022, 1416.17138672, 4.86384773254, 0.0784915536642, 0.128041177988, 1.06269204617, 0.0154010932893, 0.0229810643941, 0.00945031270385, 0.100377209485, 0.0122148171067, 0.0878661572933, 0.0514642074704, 0.00224757846445, 0.0138020254672, 0.00566253531724, 0.00327610853128, 0.0160133317113, 0.0107274325565, 0.00649522058666, 0.000115923845442, 6.22884408585e-06, 2.68433666406e-07, 4.37430625055e-09, 1.94482027704e-10, 8.4019813329e-10, 5.12747044823e-09],
        "max": [35.2841949463, 238.882263184, 362.294616699, 114.908996582, 351.96270752, 101.734710693, 7.19858646393, 51.2968978882, 257.570373535, 49.6889076233, 243.084793091, 132.572662354, 1646.23852539, 295.157653809, 913.477539062, 114.520957947, 4.33784770966, 11.5263805389, 37.2905845642, 1.87193918228, 2.41362500191, 1.35155892372, 4.36994361877, 1.79749679565, 6.02837324142, 4.41354799271, 0.585788369179, 1.09486186504, 1.10327732563, 0.862580597401, 2.26775503159, 1.43777310848, 1.00529396534, 0.124629706144, 0.0241907369345, 0.00525946775451, 0.000832604069728, 0.000160524985404, 0.000503977062181, 0.00123445317149],
        "mean": [2.14641737938, 22.8173828125, 38.3004608154, 13.9642906189, 18.4169235229, 5.81750774384, 0.559057056904, 1.95828521252, 7.16142416, 2.84760856628, 7.4187579155, 6.3085899353, 42.7825813293, 10.3227367401, 24.4354801178, 1.92591798306, 0.138011485338, 0.168729439378, 0.265340149403, 0.0558852031827, 0.0498312786222, 0.0142501080409, 0.0144861089066, 0.00635223928839, 0.0153521960601, 0.0125123178586, 0.00527012208477, 0.00899779610336, 0.0044255303219, 0.0028490384575, 0.00344958342612, 0.00385579559952, 0.00272697792388, 0.000632511917502, 0.000261980399955, 9.90372209344e-05, 4.15361428168e-05, 4.80744893139e-06, 5.74560071982e-05, 0.000139864481753],
        "median": [0.136614739895, 3.450725317, 16.7596416473, 8.72237300873, 4.64672374725, 1.47188556194, 0.210403636098, 0.902712523937, 1.8828766346, 1.20310950279, 0.751255452633, 0.488750964403, 0.401690036058, 0.738473236561, 0.312810778618, 0.1244218871, 0.0393427982926, 0.0220456719398, 0.0127835273743, 0.0109727717936, 0.00598146906123, 0.0023503631819, 0.00139177916571, 0.000867171096615, 0.000916653836612, 0.000773641222622, 0.000527775264345, 0.000430984509876, 0.00025630692835, 0.000201248563826, 0.000203067305847, 0.000171026666067, 0.000118974290672, 7.81502531026e-05, 4.81548631797e-05, 2.98176328215e-05, 1.60111485457e-05, 1.90073205886e-06, 2.13202820305e-05, 5.10335157742e-05],
        "min": [9.55364577417e-23, 3.00002837952e-21, 3.11647436674e-20, 4.15757907222e-20, 2.33199436838e-20, 1.24211818925e-19, 2.60164561917e-19, 2.49925022361e-19, 8.8037091088e-19, 3.48758733298e-19, 6.71288344854e-19, 2.0998691225e-18, 3.66707777109e-18, 5.72928784184e-18, 3.97553921177e-18, 2.64237821558e-18, 5.70620123094e-18, 6.31345561172e-18, 5.64508085548e-18, 4.6048582218e-18, 5.367603119e-18, 1.12127467046e-17, 1.09219033838e-17, 7.83515071505e-18, 1.28530152536e-17, 1.75620122058e-17, 1.11223408267e-17, 1.52422553154e-17, 2.31147879767e-17, 2.18375268124e-17, 2.77791370282e-17, 1.71254808724e-17, 1.09790524651e-17, 1.16312372288e-17, 8.77128507635e-18, 5.55784762885e-18, 3.52338491816e-18, 1.4410922463e-18, 3.23749832206e-19, 3.6953721948e-20],
        "var": [29.1263217926, 1629.83874512, 2688.05541992, 242.975448608, 1840.61181641, 195.950180054, 0.739935815334, 9.99161624908, 383.344116211, 22.4532146454, 465.525085449, 235.576675415, 22234.3945312, 696.402526855, 6683.59277344, 61.1376495361, 0.10386171937, 0.482001334429, 4.00313997269, 0.0231157336384, 0.0287391189486, 0.0036809137091, 0.0206064078957, 0.00254962220788, 0.0214613154531, 0.0122226076201, 0.000614571501501, 0.00379610597156, 0.0012762529077, 0.000698608811945, 0.00292673939839, 0.0021933123935, 0.00119800108951, 2.4907039915e-05, 1.78058905931e-06, 7.49119166699e-08, 3.6028757755e-09, 6.29942695229e-11, 7.23826021343e-09, 4.35347331518e-08]
    },
    "gfcc": {
        "mean": [-257.038146973, 230.033950806, -11.7144908905, -6.36858415604, -20.1397037506, 13.0530128479, 8.89291000366, 0.156339496374, -2.80024290085, -14.2409658432, -6.56087970734, -17.3733577728, -1.3538312912],
        "cov": [[5197.25048828, 18.3666553497, 262.439941406, 397.841766357, 173.582366943, 433.014526367, 173.913360596, -163.755233765, -326.846557617, -285.125762939, 7.6662735939, 83.5294647217, 282.258880615], [18.3666553497, 718.173461914, 156.508041382, -566.200317383, 76.1256332397, -24.9393749237, 180.788085938, -8.20313453674, -40.3613128662, -96.2011871338, -58.2279853821, 6.27987575531, 43.4796943665], [262.439941406, 156.508041382, 1741.74536133, 321.641937256, 293.45614624, 24.3928947449, 72.9598388672, 108.877212524, 42.0501213074, -104.123291016, -65.4378433228, 29.1893844604, -1.05400574207], [397.841766357, -566.200317383, 321.641937256, 983.43963623, 60.3164558411, -70.7968292236, -283.422119141, -125.791473389, 2.6429977417, 37.5015640259, 12.8281621933, -35.8669586182, -23.7719459534], [173.582366943, 76.1256332397, 293.45614624, 60.3164558411, 417.976531982, 112.576522827, 19.6776943207, -96.3899612427, -25.7028751373, 54.6661491394, 56.9975166321, 68.9888534546, 22.9953842163], [433.014526367, -24.9393749237, 24.3928947449, -70.7968292236, 112.576522827, 319.63949585, 162.143829346, -46.4364089966, -174.062332153, -107.352752686, 71.5957260132, 131.411621094, 68.5107269287], [173.913360596, 180.788085938, 72.9598388672, -283.422119141, 19.6776943207, 162.143829346, 344.875396729, 110.320838928, -100.574783325, -137.206771851, -22.5697212219, 61.4196434021, 54.8956031799], [-163.755233765, -8.20313453674, 108.877212524, -125.791473389, -96.3899612427, -46.4364089966, 110.320838928, 308.341400146, 227.325317383, -47.9182014465, -170.717315674, -92.7109375, -41.864616394], [-326.846557617, -40.3613128662, 42.0501213074, 2.6429977417, -25.7028751373, -174.062332153, -100.574783325, 227.325317383, 432.526794434, 141.591171265, -178.031997681, -179.548583984, -83.4453125], [-285.125762939, -96.2011871338, -104.123291016, 37.5015640259, 54.6661491394, -107.352752686, -137.206771851, -47.9182014465, 141.591171265, 299.780426025, 109.968383789, -62.2948799133, -43.2547607422], [7.6662735939, -58.2279853821, -65.4378433228, 12.8281621933, 56.9975166321, 71.5957260132, -22.5697212219, -170.717315674, -178.031997681, 109.968383789, 299.551116943, 140.790725708, 12.0552043915], [83.5294647217, 6.27987575531, 29.1893844604, -35.8669586182, 68.9888534546, 131.411621094, 61.4196434021, -92.7109375, -179.548583984, -62.2948799133, 140.790725708, 199.9140625, 67.415184021], [282.258880615, 43.4796943665, -1.05400574207, -23.7719459534, 22.9953842163, 68.5107269287, 54.8956031799, -41.864616394, -83.4453125, -43.2547607422, 12.0552043915, 67.415184021, 121.64491272]],
        "icov": [[0.000288150622509, -0.000277467624983, 4.89467129228e-05, -0.000325271481415, -1.152637833e-05, -0.000496757624205, 8.83391257958e-05, -0.000190624763491, 1.20288195831e-05, 0.000217516339035, -0.00033257403993, 0.000571153883357, -0.000654067844152], [-0.000277467624983, 0.00748119223863, -0.00146850000601, 0.00534270890057, -0.00145908864215, 0.00455333152786, -0.00273228576407, 0.00726394541562, -0.0033353890758, 0.00491559552029, -0.00077579828212, 0.00228863186203, -0.00128608953673], [4.89467129228e-05, -0.00146850000601, 0.00113430398051, -0.00140075420495, -0.000554713245947, -0.000454618915683, 0.000370588473743, -0.0021784726996, 0.000745223485865, -0.000448248814791, -0.00016965904797, -0.000445824611234, 0.000207044009585], [-0.000325271481415, 0.00534270890057, -0.00140075420495, 0.00548774283379, -0.00109492428601, 0.00305287307128, -0.000202997369342, 0.00509598618373, -0.00197256496176, 0.00367888668552, -0.000563085195608, 0.00201837113127, -0.000869370822329], [-1.152637833e-05, -0.00145908864215, -0.000554713245947, -0.00109492428601, 0.00479509728029, -0.00250738370232, -0.00083518831525, 0.00195120985154, -0.00103825796396, -0.00302547030151, 0.00210353522561, -0.00274068745784, 0.00140601873863], [-0.000496757624205, 0.00455333152786, -0.000454618915683, 0.00305287307128, -0.00250738370232, 0.00953632779419, -0.00384329003282, 0.00413992721587, -0.00156905793119, 0.00415858766064, -0.0011876905337, -0.000651896290947, -0.00073856121162], [8.83391257958e-05, -0.00273228576407, 0.000370588473743, -0.000202997369342, -0.00083518831525, -0.00384329003282, 0.0101076383144, -0.00934804044664, 0.00585175864398, -0.00144822883885, -0.000280293286778, 0.00090610794723, -0.00169610860758], [-0.000190624763491, 0.00726394541562, -0.0021784726996, 0.00509598618373, 0.00195120985154, 0.00413992721587, -0.00934804044664, 0.0221994128078, -0.013166478835, 0.00762679800391, 0.000240649067564, 0.000843638321385, 0.00116974953562], [1.20288195831e-05, -0.0033353890758, 0.000745223485865, -0.00197256496176, -0.00103825796396, -0.00156905793119, 0.00585175864398, -0.013166478835, 0.0150667820126, -0.00978460907936, 0.00621558679268, -0.00133594498038, 0.00167373591103], [0.000217516339035, 0.00491559552029, -0.000448248814791, 0.00367888668552, -0.00302547030151, 0.00415858766064, -0.00144822883885, 0.00762679800391, -0.00978460907936, 0.0173239205033, -0.0118208853528, 0.0092385308817, -0.00453891698271], [-0.00033257403993, -0.00077579828212, -0.00016965904797, -0.000563085195608, 0.00210353522561, -0.0011876905337, -0.000280293286778, 0.000240649067564, 0.00621558679268, -0.0118208853528, 0.0162753537297, -0.0112877003849, 0.00612117815763], [0.000571153883357, 0.00228863186203, -0.000445824611234, 0.00201837113127, -0.00274068745784, -0.000651896290947, 0.00090610794723, 0.000843638321385, -0.00133594498038, 0.0092385308817, -0.0112877003849, 0.0189283825457, -0.00798884220421], [-0.000654067844152, -0.00128608953673, 0.000207044009585, -0.000869370822329, 0.00140601873863, -0.00073856121162, -0.00169610860758, 0.00116974953562, 0.00167373591103, -0.00453891698271, 0.00612117815763, -0.00798884220421, 0.0147030167282]]
    },
    "melbands": {
        "dmean": [0.00698836147785, 0.00925378873944, 0.00136965804268, 0.000490246864501, 8.7807447926e-06, 3.14249300573e-05, 4.75985470985e-05, 1.11060826384e-05, 1.94023850781e-05, 9.46095497056e-06, 5.31820332981e-05, 1.03637921711e-05, 2.83296376438e-05, 2.86674594463e-06, 2.17755840026e-07, 9.12685464982e-08, 1.3375040453e-07, 2.12328060911e-07, 3.10601429021e-08, 5.85333737035e-08, 2.45516886821e-08, 9.84778836255e-09, 1.41768978779e-08, 1.3658222997e-08, 4.41596004208e-09, 4.82283413206e-09, 2.42198332501e-08, 5.32647970175e-09, 2.74163736158e-09, 3.88014909092e-09, 7.38459782212e-09, 3.14818504599e-09, 1.97409444347e-09, 2.09975925536e-09, 2.66289768014e-09, 4.15533119025e-09, 3.01322389262e-09, 3.33689631482e-09, 1.55131296697e-09, 4.0450456873e-10],
        "dmean2": [0.00758313201368, 0.0123807229102, 0.00203573494218, 0.00061460811412, 1.30029520733e-05, 5.12993610755e-05, 6.6434899054e-05, 1.53138389578e-05, 2.11018814298e-05, 1.11082727017e-05, 3.94333001168e-05, 1.24159896586e-05, 3.68454384443e-05, 2.89942386189e-06, 3.57555933306e-07, 1.52465744918e-07, 1.82709285923e-07, 2.72899029596e-07, 5.09253581527e-08, 7.78739845941e-08, 3.64850158974e-08, 1.58476360923e-08, 2.42461553057e-08, 2.52633505227e-08, 7.80723130589e-09, 8.09112243871e-09, 4.14980760866e-08, 9.02067931463e-09, 4.60657201273e-09, 6.61480292763e-09, 1.31170869722e-08, 5.58917356841e-09, 3.43001405056e-09, 3.73444120072e-09, 5.00018515481e-09, 7.55311280187e-09, 5.49497336522e-09, 6.24353102552e-09, 2.8844655553e-09, 6.95778934467e-10],
        "dvar": [0.000173378750333, 0.000133688081405, 3.62092100659e-06, 1.0914068298e-06, 2.2200831451e-10, 3.95525923125e-09, 1.60984381381e-08, 4.28051649681e-10, 3.66751318204e-09, 7.67605312646e-10, 3.49934339283e-08, 1.13494413867e-09, 1.57906736575e-08, 2.91602214597e-10, 4.05804865622e-13, 1.36157049719e-13, 3.31573202055e-13, 2.84435842934e-12, 1.01553600666e-14, 6.4647445112e-14, 1.24525345954e-14, 2.55189448843e-15, 1.60236102544e-14, 2.98153496792e-14, 2.0653168354e-15, 6.2309908828e-16, 1.08994464929e-13, 1.07952898584e-15, 2.13131091933e-16, 5.47947413524e-16, 2.82588614171e-15, 7.79461370343e-16, 2.58939295465e-16, 4.59615482592e-16, 1.79308065791e-15, 3.01114304694e-15, 9.28330640136e-16, 1.29940518642e-15, 3.17374007383e-16, 7.84827393547e-18],
        "dvar2": [0.000173428474227, 0.0002702412894, 8.58243765833e-06, 1.22410506265e-06, 4.23727691823e-10, 1.00977608497e-08, 2.87139236832e-08, 9.54807788389e-10, 3.91716348247e-09, 1.40495859391e-09, 2.52754279728e-08, 1.70865632754e-09, 2.94689481706e-08, 3.24231114179e-10, 1.00414153988e-12, 4.0050349647e-13, 5.94953014806e-13, 5.46727290177e-12, 2.24624311529e-14, 1.00439452491e-13, 3.08755062804e-14, 6.92603255564e-15, 4.56168272372e-14, 8.7218704752e-14, 5.89540309948e-15, 1.6816342037e-15, 3.01075218359e-13, 2.96508033648e-15, 5.67819918197e-16, 1.53022219394e-15, 7.54201016147e-15, 2.20575510981e-15, 7.27533168479e-16, 1.31846056899e-15, 5.31465613502e-15, 8.68490324687e-15, 2.65094143909e-15, 3.79741556803e-15, 9.33686747099e-16, 2.15987925614e-17],
        "max": [0.308397293091, 0.178582400084, 0.0256208833307, 0.0179251246154, 0.000237686559558, 0.00161810754798, 0.00327471247874, 0.000543332949746, 0.00194930250291, 0.000827500247397, 0.0082825878635, 0.000987019855529, 0.00405417056754, 0.00123146828264, 1.39136409416e-05, 9.95840582618e-06, 2.88391165668e-05, 8.56276092236e-05, 2.25570261136e-06, 6.85032546244e-06, 2.56549492406e-06, 1.18030618523e-06, 3.35317713507e-06, 4.34078538092e-06, 1.42177634643e-06, 6.08896755239e-07, 1.12787456601e-05, 6.10382699051e-07, 2.94794602951e-07, 5.54673420083e-07, 8.92603964076e-07, 7.13566976174e-07, 3.54874231334e-07, 5.5727622339e-07, 1.28889109874e-06, 1.60455147125e-06, 6.39082657017e-07, 7.73315775859e-07, 3.89493379771e-07, 6.11621047142e-08],
        "mean": [0.0235828850418, 0.024264741689, 0.00278145866469, 0.00098901509773, 1.67637026607e-05, 5.20923858858e-05, 9.6738418506e-05, 2.96620128211e-05, 5.89987175772e-05, 3.89683918911e-05, 0.000214433734072, 3.34178293997e-05, 9.21576065593e-05, 1.48867011376e-05, 2.7901828048e-07, 1.1396107169e-07, 3.67492702935e-07, 5.81936092203e-07, 4.03524431647e-08, 1.20120915881e-07, 3.79877214129e-08, 1.27524630855e-08, 1.51686627703e-08, 1.02047881256e-08, 4.25311474928e-09, 5.46555556369e-09, 2.03004226762e-08, 4.89620211042e-09, 2.67329802739e-09, 3.65116537004e-09, 6.05406258458e-09, 2.51816434371e-09, 1.56962620679e-09, 1.62185953556e-09, 1.7814633102e-09, 2.84028378594e-09, 2.02682359784e-09, 2.1079931134e-09, 1.02308927996e-09, 3.28041954711e-10],
        "median": [0.00210052728653, 0.00923830829561, 0.00157658290118, 0.00022258007084, 6.07102447248e-06, 2.21215195779e-05, 2.72303859674e-05, 9.51688343775e-06, 4.89207741339e-06, 2.77249819192e-06, 1.01862758584e-06, 2.22237417802e-06, 7.04440310528e-07, 2.43364951302e-07, 8.27945072501e-08, 3.16777111209e-08, 3.2001661765e-08, 1.55022963355e-08, 9.10732023129e-09, 8.86670381561e-09, 4.71892791509e-09, 1.60704149987e-09, 1.14201614831e-09, 7.94859789099e-10, 5.71310443398e-10, 5.61615698391e-10, 6.0424937276e-10, 3.44395761909e-10, 2.66616811961e-10, 2.76514838804e-10, 1.86329909835e-10, 1.28415181266e-10, 8.60958387916e-11, 7.2126214723e-11, 7.14897030463e-11, 7.54590626095e-11, 5.59263919897e-11, 3.94534960257e-11, 2.39966605614e-11, 1.54117673484e-11],
        "min": [1.73465267133e-24, 1.23855453523e-23, 6.56580212126e-24, 4.49977777707e-24, 8.94074597366e-24, 4.82566252791e-24, 1.34089251383e-23, 3.06131949869e-24, 7.4874472495e-24, 1.30131906986e-23, 1.88216768845e-23, 2.43554525154e-23, 1.63929966161e-23, 7.725949089e-24, 6.59173000707e-24, 1.45361900169e-23, 1.07190774789e-23, 8.07234264565e-24, 8.20004187126e-24, 4.7230415849e-24, 6.4768903975e-24, 1.18952556779e-23, 1.15316925637e-23, 7.64242370749e-24, 6.13549585241e-24, 7.03579046024e-24, 1.16537798328e-23, 1.18334957577e-23, 8.09941950736e-24, 4.40658293302e-24, 9.99078610283e-24, 1.34070965587e-23, 1.15176208629e-23, 1.25486305115e-23, 1.705241018e-23, 1.41645702663e-23, 9.00253902609e-24, 6.11145728847e-24, 1.24621831892e-23, 8.42959171721e-24],
        "var": [0.00270680827089, 0.000948256114498, 9.65656181506e-06, 5.91652042203e-06, 7.31718352576e-10, 8.83827766529e-09, 6.40045172418e-08, 2.83913670351e-09, 2.82605778779e-08, 1.01214387982e-08, 5.65150742204e-07, 9.33259780567e-09, 9.40155686635e-08, 6.68899069467e-09, 4.93073464003e-13, 1.1672917678e-13, 2.8964708236e-12, 2.11026300601e-11, 1.58116724466e-14, 2.08145512545e-13, 1.67866531087e-14, 2.58356780319e-15, 1.75553067092e-14, 1.65922675176e-14, 1.27401018575e-15, 5.64624433464e-16, 7.14107931316e-14, 7.91001029579e-16, 1.68226937253e-16, 3.86363940964e-16, 2.07457914068e-15, 4.78751121541e-16, 1.64555261185e-16, 2.72848794068e-16, 9.45602277205e-16, 1.72758044713e-15, 5.47337867439e-16, 7.16130199185e-16, 1.72281988374e-16, 5.44385552299e-18]
    },
    "mfcc": {
        "mean": [-910.875, 230.496185303, 92.806930542, 22.6465435028, 10.4701795578, 18.2742824554, 20.0351791382, 18.7331428528, 18.5316619873, 11.6549797058, 1.39740240574, 2.3601629734, 6.9097533226],
        "cov": [[2230.67480469, 957.382385254, -355.596191406, -183.770629883, -4.92279672623, 211.446105957, 178.709686279, 49.6321487427, -12.8921499252, -67.6394805908, -209.812194824, -177.127532959, -119.264877319], [957.382385254, 1242.16540527, 250.770233154, -188.451019287, -65.3954467773, 82.5428543091, 180.79838562, 165.10144043, 122.302612305, 22.6167163849, -84.6153335571, -160.590774536, -117.341171265], [-355.596191406, 250.770233154, 706.563964844, 371.928192139, 80.3162307739, -26.3804473877, 48.1344337463, 144.290237427, 80.3053588867, 13.4375972748, 67.5832977295, 6.64906644821, -96.7666625977], [-183.770629883, -188.451019287, 371.928192139, 585.945800781, 297.506103516, 63.8421173096, -30.0392456055, -19.8549385071, -25.0020370483, -21.4379272461, 57.0284614563, 79.3202972412, -7.55918741226], [-4.92279672623, -65.3954467773, 80.3162307739, 297.506103516, 348.491638184, 203.922073364, 0.0919049978256, -83.0820465088, -74.3255844116, -63.3938064575, -4.7043132782, 89.3223495483, 100.327964783], [211.446105957, 82.5428543091, -26.3804473877, 63.8421173096, 203.922073364, 317.698272705, 208.606018066, -23.2522678375, -149.141235352, -170.53352356, -126.94316864, 3.55817341805, 138.384811401], [178.709686279, 180.79838562, 48.1344337463, -30.0392456055, 0.0919049978256, 208.606018066, 347.113830566, 158.892623901, -102.293281555, -186.486694336, -162.056640625, -92.243637085, 58.2522392273], [49.6321487427, 165.10144043, 144.290237427, -19.8549385071, -83.0820465088, -23.2522678375, 158.892623901, 296.223205566, 159.604324341, -33.3102073669, -62.9277458191, -64.4673614502, -88.2751617432], [-12.8921499252, 122.302612305, 80.3053588867, -25.0020370483, -74.3255844116, -149.141235352, -102.293281555, 159.604324341, 333.503143311, 214.285049438, 84.0806655884, 0.117073170841, -131.220336914], [-67.6394805908, 22.6167163849, 13.4375972748, -21.4379272461, -63.3938064575, -170.53352356, -186.486694336, -33.3102073669, 214.285049438, 329.682952881, 213.844863892, 26.7547893524, -97.6790771484], [-209.812194824, -84.6153335571, 67.5832977295, 57.0284614563, -4.7043132782, -126.94316864, -162.056640625, -62.9277458191, 84.0806655884, 213.844863892, 233.462982178, 104.473144531, -33.0827674866], [-177.127532959, -160.590774536, 6.64906644821, 79.3202972412, 89.3223495483, 3.55817341805, -92.243637085, -64.4673614502, 0.117073170841, 26.7547893524, 104.473144531, 199.406082153, 122.292480469], [-119.264877319, -117.341171265, -96.7666625977, -7.55918741226, 100.327964783, 138.384811401, 58.2522392273, -88.2751617432, -131.220336914, -97.6790771484, -33.0827674866, 122.292480469, 261.049316406]],
