{
"lowlevel": {
    "average_loudness": 0.940914154053,
    "barkbands_crest": {
        "dmean": 3.16381764412,
        "dmean2": 4.60813522339,
        "dvar": 11.1751050949,
        "dvar2": 21.1850376129,
        "max": 26.1386642456,
        "mean": 14.3213396072,
        "median": 13.7476348877,
        "min": 2.5020365715,
        "var": 38.6311759949
    },
    "barkbands_flatness_db": {
        "dmean": 0.0321139097214,
        "dmean2": 0.0440111346543,
        "dvar": 0.000893572112545,
        "dvar2": 0.00178134907037,
        "max": 0.319107413292,
        "mean": 0.161519259214,
        "median": 0.164838582277,
        "min": 0.0192102268338,
        "var": 0.00306728226133
    },
    "barkbands_kurtosis": {
        "dmean": 8.50638866425,
        "dmean2": 12.1135644913,
        "dvar": 158.464202881,
        "dvar2": 320.542572021,
        "max": 141.97946167,
        "mean": 11.4878568649,
        "median": 4.39849758148,
        "min": -1.9034589529,
        "var": 319.220581055
    },
    "barkbands_skewness": {
        "dmean": 1.07643473148,
        "dmean2": 1.46749341488,
        "dvar": 1.11221694946,
        "dvar2": 2.16678071022,
        "max": 11.1807422638,
        "mean": 2.49284338951,
        "median": 1.99682891369,
        "min": -1.39245998859,
        "var": 3.90637493134
    },
    "barkbands_spread": {
        "dmean": 13.3731870651,
        "dmean2": 19.4055271149,
        "dvar": 337.517608643,
        "dvar2": 640.710327148,
        "max": 119.262374878,
        "mean": 25.6064338684,
        "median": 15.6844892502,
        "min": 1.58665454388,
        "var": 595.891662598
    },
    "dissonance": {
        "dmean": 0.0205862466246,
        "dmean2": 0.0333442129195,
        "dvar": 0.000320813589497,
        "dvar2": 0.000782154093031,
        "max": 0.49872264266,
        "mean": 0.447451680899,
        "median": 0.451608926058,
        "min": 0.27118575573,
        "var": 0.000847628165502
    },
    "dynamic_complexity": 1.13955688477,
    "erbbands_crest": {
        "dmean": 2.08430361748,
        "dmean2": 3.19799113274,
        "dvar": 4.03876209259,
        "dvar2": 9.16850280762,
        "max": 22.5248622894,
        "mean": 8.65958881378,
        "median": 8.25570964813,
        "min": 2.61516022682,
        "var": 11.1002187729
    },
    "erbbands_flatness_db": {
        "dmean": 0.0209162700921,
        "dmean2": 0.0276328604668,
        "dvar": 0.000374692230253,
        "dvar2": 0.000696979172062,
        "max": 0.222430884838,
        "mean": 0.120404802263,
        "median": 0.111422099173,
        "min": 0.046812094748,
        "var": 0.0016839656746
    },
    "erbbands_kurtosis": {
        "dmean": 1.21947276592,
        "dmean2": 1.7433693409,
        "dvar": 1.99451458454,
        "dvar2": 3.41096115112,
        "max": 11.7397518158,
        "mean": 1.27765095234,
        "median": 0.421290159225,
        "min": -1.81527531147,
        "var": 7.33844184875
    },
    "erbbands_skewness": {
        "dmean": 0.431980103254,
        "dmean2": 0.622000157833,
        "dvar": 0.187843576074,
        "dvar2": 0.398529291153,
        "max": 2.9060614109,
        "mean": 0.57209700346,
        "median": 0.64646345377,
        "min": -2.16612839699,
        "var": 0.42774450779
    },
    "erbbands_spread": {
        "dmean": 16.5897922516,
        "dmean2": 22.397649765,
        "dvar": 308.872314453,
        "dvar2": 544.920898438,
        "max": 191.928436279,
        "mean": 52.9780540466,
        "median": 46.3948669434,
        "min": 7.93206167221,
        "var": 1103.6229248
    },
    "hfc": {
        "dmean": 34.8764533997,
        "dmean2": 52.1270294189,
        "dvar": 3542.37475586,
        "dvar2": 8305.69140625,
        "max": 483.187347412,
        "mean": 54.7317390442,
        "median": 28.6966209412,
        "min": 1.58597612381,
        "var": 4098.03857422
    },
    "melbands_crest": {
        "dmean": 2.92140388489,
        "dmean2": 4.36519289017,
        "dvar": 10.3165121078,
        "dvar2": 23.4737663269,
        "max": 32.4933128357,
        "mean": 17.2256355286,
        "median": 17.8103294373,
        "min": 3.96694493294,
        "var": 41.603187561
    },
    "melbands_flatness_db": {
        "dmean": 0.0403352342546,
        "dmean2": 0.0547507591546,
        "dvar": 0.00149785017129,
        "dvar2": 0.00280387816019,
        "max": 0.446090996265,
        "mean": 0.249341279268,
        "median": 0.257634043694,
        "min": 0.0246771797538,
        "var": 0.00527679082006
    },
    "melbands_kurtosis": {
        "dmean": 23.9921951294,
        "dmean2": 33.4999885559,
        "dvar": 1530.28417969,
        "dvar2": 3089.76635742,
        "max": 612.684509277,
        "mean": 39.7848434448,
        "median": 15.9823856354,
        "min": -1.33349251747,
        "var": 3717.15014648
    },
    "melbands_skewness": {
        "dmean": 1.39776420593,
        "dmean2": 1.84773874283,
        "dvar": 2.01956725121,
        "dvar2": 3.92870664597,
        "max": 19.9463691711,
        "mean": 4.28861474991,
        "median": 3.40198945999,
        "min": 0.381224006414,
        "var": 9.28361129761
    },
    "melbands_spread": {
        "dmean": 8.85023403168,
        "dmean2": 12.7382392883,
        "dvar": 204.171463013,
        "dvar2": 384.595001221,
        "max": 131.839355469,
        "mean": 17.4832115173,
        "median": 12.7953920364,
        "min": 0.961192667484,
        "var": 372.768432617
    },
    "pitch_salience": {
        "dmean": 0.0845077037811,
        "dmean2": 0.123233892024,
        "dvar": 0.0069017871283,
        "dvar2": 0.014548313804,
        "max": 0.793693184853,
        "mean": 0.402267485857,
        "median": 0.411342054605,
        "min": 0.065434075892,
        "var": 0.0237538013607
    },
    "silence_rate_20dB": {
        "dmean": 0,
        "dmean2": 0,
        "dvar": 0,
        "dvar2": 0,
        "max": 1,
        "mean": 1,
        "median": 1,
        "min": 1,
        "var": 0
    },
    "silence_rate_30dB": {
        "dmean": 0.191752582788,
        "dmean2": 0.383187204599,
        "dvar": 0.154985651374,
        "dvar2": 0.289989769459,
        "max": 1,
        "mean": 0.669757843018,
        "median": 1,
        "min": 0,
        "var": 0.221186935902
    },
    "silence_rate_60dB": {
        "dmean": 0,
        "dmean2": 0,
        "dvar": 0,
        "dvar2": 0,
        "max": 0,
        "mean": 0,
        "median": 0,
        "min": 0,
        "var": 0
    },
    "spectral_centroid": {
        "dmean": 349.195251465,
        "dmean2": 500.639526367,
        "dvar": 215104.171875,
        "dvar2": 399195.4375,
        "max": 3659.43994141,
        "mean": 1098.01159668,
        "median": 838.347839355,
        "min": 249.627593994,
        "var": 430017.90625
    },
    "spectral_complexity": {
        "dmean": 3.86030936241,
        "dmean2": 5.84063959122,
        "dvar": 31.1323261261,
        "dvar2": 57.4219207764,
        "max": 61,
        "mean": 18.2004127502,
        "median": 16,
        "min": 1,
        "var": 78.4992752075
    },
    "spectral_decrease": {
        "dmean": 7.7777091434e-09,
        "dmean2": 1.07610720335e-08,
        "dvar": 6.80774276343e-17,
        "dvar2": 1.24081790269e-16,
        "max": -3.49693829449e-10,
        "mean": -2.10299315739e-08,
        "median": -1.58852575538e-08,
        "min": -6.39817656634e-08,
        "var": 2.14043399356e-16
    },
    "spectral_energy": {
        "dmean": 0.0293310619891,
        "dmean2": 0.0406876206398,
        "dvar": 0.00092450901866,
        "dvar2": 0.00170203985181,
        "max": 0.244256317616,
        "mean": 0.0843361243606,
        "median": 0.0656266883016,
        "min": 0.00147392950021,
        "var": 0.00298691517673
    },
    "spectral_energyband_high": {
        "dmean": 0.00336056970991,
        "dmean2": 0.00487871561199,
        "dvar": 3.18299607898e-05,
        "dvar2": 6.99388547218e-05,
        "max": 0.0434908345342,
        "mean": 0.00393975013867,
        "median": 0.000772522937041,
        "min": 4.32247798017e-05,
        "var": 4.08870146202e-05
    },
    "spectral_energyband_low": {
        "dmean": 0.0299896951765,
        "dmean2": 0.0413637757301,
        "dvar": 0.00108951132279,
        "dvar2": 0.00200801459141,
        "max": 0.234607890248,
        "mean": 0.06089630723,
        "median": 0.0370054617524,
        "min": 0.000555139384232,
        "var": 0.00334591278806
    },
    "spectral_energyband_middle_high": {
        "dmean": 0.0018496440025,
        "dmean2": 0.00284155667759,
        "dvar": 1.22951196317e-05,
        "dvar2": 3.15833676723e-05,
        "max": 0.0414058752358,
        "mean": 0.00551189994439,
        "median": 0.00420696660876,
        "min": 8.06515745353e-05,
        "var": 2.27232940233e-05
    },
    "spectral_energyband_middle_low": {
        "dmean": 0.00478455564007,
        "dmean2": 0.00737574324012,
        "dvar": 3.45575135725e-05,
        "dvar2": 8.82331805769e-05,
        "max": 0.0706729069352,
        "mean": 0.0162475034595,
        "median": 0.0153893632814,
        "min": 0.000541178218555,
        "var": 6.61641606712e-05
    },
    "spectral_entropy": {
        "dmean": 0.288342863321,
        "dmean2": 0.374010115862,
        "dvar": 0.0949943810701,
        "dvar2": 0.177540719509,
        "max": 8.72822856903,
        "mean": 7.60525846481,
        "median": 7.56346559525,
        "min": 6.17878007889,
        "var": 0.295306563377
    },
    "spectral_flux": {
        "dmean": 0.049763571471,
        "dmean2": 0.0835471451283,
        "dvar": 0.0023297641892,
        "dvar2": 0.0064885946922,
        "max": 0.392812073231,
        "mean": 0.119186088443,
        "median": 0.109516173601,
        "min": 0.00967778172344,
        "var": 0.00446547521278
    },
    "spectral_kurtosis": {
        "dmean": 1.48029732704,
        "dmean2": 2.08021521568,
        "dvar": 2.38581991196,
        "dvar2": 4.35732650757,
        "max": 14.1757659912,
        "mean": 3.29525065422,
        "median": 2.93085575104,
        "min": -0.818754196167,
        "var": 8.29863929749
    },
    "spectral_rms": {
        "dmean": 0.00152119447012,
        "dmean2": 0.00210563861765,
        "dvar": 2.15200657294e-06,
        "dvar2": 4.04282718591e-06,
        "max": 0.0154369315132,
        "mean": 0.00858469307423,
        "median": 0.00800162740052,
        "min": 0.00119915802497,
        "var": 8.58224120748e-06
    },
    "spectral_rolloff": {
        "dmean": 1394.0279541,
        "dmean2": 2378.42407227,
        "dvar": 8152926,
        "dvar2": 15852762,
        "max": 13070.6542969,
        "mean": 1780.5682373,
        "median": 689.0625,
        "min": 64.599609375,
        "var": 10012102
    },
    "spectral_skewness": {
        "dmean": 0.306898146868,
        "dmean2": 0.403816014528,
        "dvar": 0.0923099443316,
        "dvar2": 0.154898449779,
        "max": 3.18971538544,
        "mean": 1.57047343254,
        "median": 1.59594583511,
        "min": 0.380890309811,
        "var": 0.342632502317
    },
    "spectral_spread": {
        "dmean": 1425216,
        "dmean2": 1834561.5,
        "dvar": 2.84769438925e+12,
        "dvar2": 5.48380606464e+12,
        "max": 14549954,
        "mean": 7239180,
        "median": 6129435.5,
        "min": 3139237.5,
        "var": 8.40547382067e+12
    },
    "spectral_strongpeak": {
        "dmean": 0.282800197601,
        "dmean2": 0.455319881439,
        "dvar": 0.187206059694,
        "dvar2": 0.542506158352,
        "max": 3.60948586464,
        "mean": 0.739221930504,
        "median": 0.667084574699,
        "min": 0,
        "var": 0.199660673738
    },
    "zerocrossingrate": {
        "dmean": 0.0295629128814,
        "dmean2": 0.032136157155,
        "dvar": 0.00122217426542,
        "dvar2": 0.00147861905862,
        "max": 0.36572265625,
        "mean": 0.0660135596991,
        "median": 0.0400390625,
        "min": 0.00244140625,
        "var": 0.00403688289225
    },
    "barkbands": {
        "dmean": [0.000455623172456, 0.0276163388044, 0.00433188071474, 0.00193592556752, 0.00202437140979, 0.000629093148746, 0.000608430767898, 0.000853443343658, 0.00106975331437, 0.000810718804132, 0.000625786895398, 0.000282325869193, 0.000348626927007, 0.000113158886961, 0.000104863160232, 7.32444677851e-05, 0.000185439130291, 0.000112168541818, 0.000171548614162, 0.000175053282874, 0.000266281334916, 0.000380764657166, 0.000416582857724, 0.000463142554509, 0.00107823987491, 0.000871808093507, 7.93104482e-05],
        "dmean2": [0.00077026913641, 0.0374584384263, 0.00678474688902, 0.00326566374861, 0.00337522081099, 0.00104212400038, 0.00107808457687, 0.0013185760472, 0.00155543140136, 0.00117690826301, 0.000972617825028, 0.000427035993198, 0.000575700716581, 0.000179045804543, 0.000172680651303, 0.000119763106341, 0.000298725732137, 0.000178747446625, 0.000287931063212, 0.000269214622676, 0.0003721229441, 0.000593756732997, 0.000633010466117, 0.000656235788483, 0.00160591222811, 0.00142267439514, 0.000136624395964],
        "dvar": [1.3620866639e-06, 0.000953243637923, 6.52116577839e-05, 1.86834222404e-05, 1.3135700101e-05, 8.23176378617e-07, 7.27950123292e-07, 1.63657568919e-06, 2.08595520235e-06, 1.29721718167e-06, 8.03988598364e-07, 2.61622972175e-07, 8.1324861867e-07, 3.99151538488e-08, 4.50983606015e-08, 1.94977349821e-08, 2.56816292676e-07, 1.06814944445e-07, 2.67119361297e-07, 2.0983706861e-07, 2.5104199608e-07, 6.20073706159e-07, 5.47280308183e-07, 5.53274958293e-07, 4.52545464213e-06, 3.58879128726e-06, 4.46681234223e-08],
        "dvar2": [3.95034339817e-06, 0.0016738261329, 0.00014854107576, 5.09261844854e-05, 3.55604606739e-05, 2.15557656702e-06, 1.95482562049e-06, 4.2243941607e-06, 4.23946084993e-06, 2.74330864158e-06, 2.00436625164e-06, 5.9835645061e-07, 2.30992009165e-06, 9.425002645e-08, 1.18122386539e-07, 4.72979024835e-08, 6.82252903061e-07, 2.53405517014e-07, 7.49231446662e-07, 4.35375824281e-07, 3.97456346946e-07, 1.465237915e-06, 1.21127709463e-06, 1.0781062656e-06, 1.07113855847e-05, 9.05890010472e-06, 1.17069802741e-07],
        "max": [0.0178506057709, 0.231571599841, 0.0690986141562, 0.0455338545144, 0.0516861118376, 0.00968922115862, 0.0129596861079, 0.0257892534137, 0.0186304971576, 0.0157458595932, 0.00998429954052, 0.013936245814, 0.0097877252847, 0.00200997735374, 0.00196186942048, 0.001660977141, 0.00572826713324, 0.00369646470062, 0.00583367375657, 0.00517681054771, 0.00552465114743, 0.00783777423203, 0.00601868797094, 0.00550045259297, 0.0184378679842, 0.0133298151195, 0.00198352709413],
        "mean": [0.000478556466987, 0.0528411865234, 0.00640261126682, 0.00237953802571, 0.0045821913518, 0.00141716410872, 0.000943556777202, 0.00191052351147, 0.00270936894231, 0.00255711283535, 0.00163317110855, 0.000642531143967, 0.000593606615439, 0.000177330934093, 0.000146718724864, 0.000119059986901, 0.00033904373413, 0.000179745766218, 0.000225921248784, 0.000259275257122, 0.000348112400388, 0.000419152987888, 0.000484413671074, 0.00061272730818, 0.00115432322491, 0.000721407006495, 5.78401559324e-05],
        "median": [8.88607028173e-05, 0.0298606939614, 0.00171870738268, 0.00127032224555, 0.00399866793305, 0.000695414026268, 0.000599491875619, 0.00146604981273, 0.001725777518, 0.00146036350634, 0.00110328267328, 0.00037384784082, 0.000235509302001, 8.93140386324e-05, 7.64661381254e-05, 6.76147028571e-05, 0.000185239099665, 7.42330375942e-05, 8.14627637737e-05, 0.000100129567727, 0.000109958760731, 7.79691254138e-05, 8.91237068572e-05, 0.000132910470711, 0.000153628119733, 6.46833432256e-05, 2.11470978684e-06],
        "min": [8.74439898269e-09, 0.000218313216465, 1.51602216647e-05, 8.09917673905e-06, 3.59010555258e-05, 1.68220285559e-05, 2.12120739889e-05, 8.28513475426e-06, 1.42387161759e-05, 1.37063325383e-05, 2.83430085801e-06, 1.26219729282e-05, 3.21633729072e-06, 1.33716571327e-06, 1.81681298272e-06, 3.56310943062e-06, 6.36911352103e-07, 1.36803714668e-06, 1.99234114007e-06, 6.60424166199e-06, 8.43526595418e-06, 3.65235663935e-08, 3.21664600733e-07, 3.04970058096e-06, 2.1591758923e-06, 5.71296880025e-07, 2.57438740464e-11],
        "var": [1.45028911902e-06, 0.00274779344909, 0.000124556623632, 1.51140975504e-05, 1.42220551425e-05, 2.32220008911e-06, 1.19991796055e-06, 3.07307618641e-06, 7.10758513378e-06, 7.64755350247e-06, 3.09103188556e-06, 5.43722762814e-07, 7.67567996718e-07, 6.19261797397e-08, 5.10737159232e-08, 2.85234396102e-08, 2.63140123025e-07, 1.62904640888e-07, 3.48637286152e-07, 3.31589717462e-07, 4.48404847475e-07, 8.02565068625e-07, 7.68449922361e-07, 8.81820028553e-07, 5.00264013681e-06, 2.98531131193e-06, 3.22184696699e-08]
    },
    "erbbands": {
        "dmean": [0.666755855083, 6.7070941925, 7.43559837341, 5.57486820221, 5.79245281219, 7.14627552032, 6.12755489349, 6.64892053604, 10.0818996429, 15.7470664978, 13.9129486084, 27.3052139282, 32.1097679138, 12.1649093628, 26.8466663361, 10.42324543, 15.4799757004, 8.00863170624, 5.1130232811, 4.71138620377, 5.41321468353, 8.95735263824, 6.03470754623, 8.6828212738, 7.81094312668, 8.39314651489, 13.5842618942, 8.10004043579, 13.1791696548, 13.6682729721, 11.7686872482, 8.50823974609, 8.49920654297, 8.57179737091, 9.61563682556, 5.97852182388, 1.13431322575, 0.165267005563, 0.00825605168939, 0.000201526534511],
        "dmean2": [0.938703775406, 9.05922317505, 10.8686761856, 9.39471149445, 9.33304023743, 11.9384002686, 10.0083475113, 10.8850841522, 18.0271873474, 24.6425819397, 21.91264534, 38.6272697449, 46.2410545349, 19.1632385254, 39.6924972534, 15.6879243851, 25.8803958893, 12.4432535172, 8.37481403351, 7.91633939743, 8.53169250488, 14.999206543, 9.63208198547, 14.6776237488, 13.0599193573, 12.6236629486, 19.0235557556, 11.745513916, 20.337770462, 21.238286972, 17.9576015472, 12.3007850647, 12.0922555923, 12.8535203934, 14.5271062851, 9.64265632629, 1.84933996201, 0.275069594383, 0.0140042733401, 0.000322784209857],
        "dvar": [0.755722343922, 60.0288734436, 134.172912598, 225.713195801, 110.055450439, 272.824737549, 51.4270019531, 96.0682601929, 207.162155151, 524.144104004, 447.225158691, 1736.90588379, 1916.4732666, 771.629699707, 1590.7322998, 233.493850708, 1674.76928711, 219.986450195, 74.7714385986, 123.637161255, 109.258102417, 858.885253906, 264.40057373, 771.984436035, 506.083129883, 451.361083984, 732.145568848, 246.439620972, 712.42175293, 678.713012695, 432.163970947, 185.844070435, 190.941802979, 267.199890137, 373.189453125, 179.957290649, 5.54733419418, 0.138448283076, 0.000470222788863, 1.72234166484e-07],
        "dvar2": [1.66722214222, 102.849250793, 277.281524658, 590.799499512, 305.469696045, 736.164733887, 151.145950317, 240.346679688, 613.164794922, 1330.67956543, 1179.27453613, 3458.48706055, 4088.79223633, 1876.5769043, 3757.48413086, 532.434753418, 4774.17675781, 563.761657715, 176.846450806, 348.630157471, 261.592224121, 2353.81713867, 619.458190918, 2187.27978516, 1300.63439941, 830.588012695, 1305.29162598, 416.441711426, 1563.48999023, 1491.24023438, 996.508544922, 371.32144165, 369.669830322, 595.000854492, 907.506652832, 454.364990234, 14.0254182816, 0.355585604906, 0.0012263734825, 4.41164644371e-07],
        "max": [7.46865463257, 54.7642555237, 102.751304626, 171.737167358, 126.287727356, 238.084487915, 61.9304962158, 103.935630798, 185.41116333, 528.999633789, 236.877609253, 508.949920654, 646.399719238, 307.881622314, 496.512481689, 316.262054443, 432.114837646, 162.608154297, 104.298919678, 113.346893311, 155.627838135, 323.192626953, 183.265197754, 278.375579834, 231.07144165, 235.189300537, 322.640960693, 147.787277222, 308.472076416, 216.661270142, 171.715057373, 96.6495285034, 104.20526886, 141.244033813, 158.483444214, 104.619087219, 14.8995313644, 3.12481307983, 0.199136197567, 0.0036033836659],
        "mean": [1.11605083942, 12.8929548264, 13.1428575516, 6.99711942673, 9.63591384888, 15.7731428146, 14.6226520538, 15.6390943527, 15.6644201279, 33.580745697, 32.6708068848, 70.0707244873, 107.061584473, 26.9665126801, 72.1756591797, 30.6740703583, 28.3244132996, 14.4782037735, 8.35043430328, 6.74379682541, 11.4961051941, 13.9736270905, 10.5922489166, 11.045258522, 11.4138765335, 12.73478508, 16.5703353882, 10.9951982498, 14.6579046249, 15.71048069, 13.4871320724, 10.5839834213, 11.2293586731, 9.62367725372, 10.0254869461, 5.05914258957, 0.953355967999, 0.135761514306, 0.00631765602157, 0.000251668388955],
        "median": [0.558996260166, 6.7374548912, 4.39280557632, 3.82715654373, 6.49413394928, 12.6502485275, 12.8196640015, 7.10536766052, 9.12464332581, 24.2080192566, 26.3469638824, 35.8187408447, 57.7784309387, 15.116941452, 27.7769680023, 18.2480354309, 13.7582502365, 9.98193740845, 5.59643983841, 3.33829760551, 7.73419952393, 7.50840377808, 5.39601802826, 3.04028725624, 4.82519817352, 4.90636634827, 5.58505582809, 3.27590441704, 2.69466662407, 2.4669470787, 2.60218214989, 2.31594705582, 2.32991528511, 1.55486130714, 1.18433201313, 0.4311388731, 0.0920154675841, 0.0121082337573, 0.000403876241762, 0.000142701159348],
        "min": [0.0038591446355, 0.0570577010512, 0.150336071849, 0.169870525599, 0.0555437430739, 0.121991604567, 0.0443325527012, 0.359766125679, 0.448081314564, 0.207729697227, 0.212671205401, 0.24694865942, 0.790630578995, 0.311857223511, 0.467003822327, 0.419656664133, 0.443292349577, 0.214389175177, 0.122021280229, 0.302626043558, 0.161575421691, 0.0375104546547, 0.0793356597424, 0.0690602883697, 0.176183372736, 0.33947712183, 0.285838097334, 0.314772963524, 0.0357010364532, 0.00457468396053, 0.0287118367851, 0.0489656701684, 0.0414430424571, 0.018612170592, 0.0133040705696, 0.00423001823947, 0.000516967847943, 2.44339116762e-05, 1.00949328043e-05, 4.54853716292e-06],
        "var": [1.62983477116, 176.07862854, 360.332000732, 183.421463013, 105.520233154, 272.983978271, 106.67477417, 311.337432861, 321.555664062, 1009.2164917, 690.272521973, 5876.15771484, 13009.3876953, 1209.86914062, 7766.34667969, 1002.340271, 1514.34399414, 266.815765381, 101.372077942, 123.081451416, 172.430511475, 728.880187988, 428.690002441, 973.647521973, 746.359680176, 772.844787598, 1155.11755371, 434.085632324, 945.629272461, 1005.20074463, 565.714904785, 277.150360107, 302.521820068, 315.588165283, 396.073242188, 152.404144287, 4.66264915466, 0.109691977501, 0.00034648537985, 1.4424152539e-07]
    },
    "gfcc": {
        "mean": [58.091178894, 79.0269088745, -71.3925323486, 25.1971683502, -60.260723114, 31.0860786438, -26.3963527679, 26.3366241455, -27.5673809052, 9.71004390717, -18.634355545, 2.74273347855, -8.26916790009],
        "cov": [[1773.30981445, -1179.53979492, 318.429199219, 72.8092803955, -229.861663818, 307.163757324, 31.0375080109, -30.9808940887, -21.8726024628, 104.027740479, 16.0337772369, 180.648803711, -145.845321655], [-1179.53979492, 1608.39318848, -555.377563477, -210.420898438, 236.241729736, -112.024276733, 135.576339722, -22.3545436859, 6.62122392654, -31.2812461853, 170.878799438, -178.012252808, 166.076675415], [318.429199219, -555.377563477, 603.858276367, 5.37358140945, 10.4948835373, 144.608734131, 9.06509399414, 46.5688362122, 2.4770321846, 76.1089096069, -42.0556983948, 74.4031677246, -73.2733230591], [72.8092803955, -210.420898438, 5.37358140945, 430.782928467, 63.8360137939, -18.6219825745, -49.9381790161, 29.1578903198, 179.837936401, -65.5892562866, -68.2891998291, 32.0994911194, -39.4665336609], [-229.861663818, 236.241729736, 10.4948835373, 63.8360137939, 161.101913452, -17.0157966614, 35.8143920898, 21.9455566406, 74.0904083252, -4.98585557938, 5.23473978043, -15.4701299667, 10.0549459457], [307.163757324, -112.024276733, 144.608734131, -18.6219825745, -17.0157966614, 251.580444336, 94.7182617188, 17.5047512054, -4.00600767136, 71.8275146484, 101.149490356, 27.4847450256, -9.376953125], [31.0375080109, 135.576339722, 9.06509399414, -49.9381790161, 35.8143920898, 94.7182617188, 125.648628235, -1.17911076546, 15.9071884155, 40.8555412292, 74.0057449341, 9.45260429382, 15.1270866394], [-30.9808940887, -22.3545436859, 46.5688362122, 29.1578903198, 21.9455566406, 17.5047512054, -1.17911076546, 68.9665756226, 30.5200519562, 1.72977900505, -6.25177145004, -3.89139437675, 7.04972839355], [-21.8726024628, 6.62122392654, 2.4770321846, 179.837936401, 74.0904083252, -4.00600767136, 15.9071884155, 30.5200519562, 173.95135498, -0.136506944895, -20.373003006, 14.8569107056, -24.4972896576], [104.027740479, -31.2812461853, 76.1089096069, -65.5892562866, -4.98585557938, 71.8275146484, 40.8555412292, 1.72977900505, -0.136506944895, 84.9543991089, 63.0360298157, 7.14434480667, -16.0863285065], [16.0337772369, 170.878799438, -42.0556983948, -68.2891998291, 5.23473978043, 101.149490356, 74.0057449341, -6.25177145004, -20.373003006, 63.0360298157, 140.919540405, -0.560928881168, 15.183921814], [180.648803711, -178.012252808, 74.4031677246, 32.0994911194, -15.4701299667, 27.4847450256, 9.45260429382, -3.89139437675, 14.8569107056, 7.14434480667, -0.560928881168, 70.0865707397, -12.2936401367], [-145.845321655, 166.076675415, -73.2733230591, -39.4665336609, 10.0549459457, -9.376953125, 15.1270866394, 7.04972839355, -24.4972896576, -16.0863285065, 15.183921814, -12.2936401367, 63.4105644226]],
        "icov": [[0.00202877889387, 0.00138665642589, 0.00129723059945, 0.000292344600894, 1.32823352033e-05, -0.00216456851922, -0.000613919924945, 0.000558288535103, 0.000289554387564, -0.000820865156129, 0.000720103969797, -0.00190186372492, 0.00184008840006], [0.00138665642589, 0.00462758354843, 0.00200344552286, 0.00256301648915, -0.00410790834576, -0.000335649383487, -0.00118566502351, 0.00219644769095, -0.00244217296131, 0.00300155184232, -0.0041970317252, 0.00407841010019, -0.00276628765278], [0.00129723059945, 0.00200344552286, 0.00555206509307, 0.000792061153334, -0.00372167001478, -0.00391420442611, -5.11533435201e-05, -0.00160643819254, 0.0021657734178, -0.00447533419356, 0.00436123413965, -0.00334784504957, 0.00285520660691], [0.000292344600894, 0.00256301648915, 0.000792061153334, 0.00834083463997, -0.00333923986182, -0.00183452107012, 0.00345546938479, 0.00181846658234, -0.00864443928003, 0.0090042129159, -0.00438295258209, 0.00151963136159, -0.000413259054767], [1.32823352033e-05, -0.00410790834576, -0.00372167001478, -0.00333923986182, 0.0155696477741, 0.00235663005151, -0.00347361690365, -0.002400533529, -0.00160023383796, -0.000896298734006, 0.00166050088592, -0.00136670167558, 0.0018775772769], [-0.00216456851922, -0.000335649383487, -0.00391420442611, -0.00183452107012, 0.00235663005151, 0.0134145133197, -0.00587752368301, -0.00216218899004, 7.03061377862e-05, 0.00156552833505, -0.0084642264992, 0.00486540375277, -0.00311736529693], [-0.000613919924945, -0.00118566502351, -5.11533435201e-05, 0.00345546938479, -0.00347361690365, -0.00587752368301, 0.01910546422, 0.00291584711522, -0.00502639543265, 0.000428839412052, -0.00297735678032, -0.00339635997079, -0.00319396751001], [0.000558288535103, 0.00219644769095, -0.00160643819254, 0.00181846658234, -0.002400533529, -0.00216218899004, 0.00291584711522, 0.0210636835545, -0.00683249346912, 0.00257490575314, -0.00248825200833, 0.00579260895029, -0.00843704212457], [0.000289554387564, -0.00244217296131, 0.0021657734178, -0.00864443928003, -0.00160023383796, 7.03061377862e-05, -0.00502639543265, -0.00683249346912, 0.0198362302035, -0.0123620722443, 0.00930830743164, -0.00695102429017, 0.00735808722675], [-0.000820865156129, 0.00300155184232, -0.00447533419356, 0.0090042129159, -0.000896298734006, 0.00156552833505, 0.000428839412052, 0.00257490575314, -0.0123620722443, 0.0384144932032, -0.0209050923586, 0.0085819568485, 0.00230755982921], [0.000720103969797, -0.0041970317252, 0.00436123413965, -0.00438295258209, 0.00166050088592, -0.0084642264992, -0.00297735678032, -0.00248825200833, 0.00930830743164, -0.0209050923586, 0.0289934333414, -0.0101296994835, 0.00381841138005], [-0.00190186372492, 0.00407841010019, -0.00334784504957, 0.00151963136159, -0.00136670167558, 0.00486540375277, -0.00339635997079, 0.00579260895029, -0.00695102429017, 0.0085819568485, -0.0101296994835, 0.0298662874848, -0.00916865374893], [0.00184008840006, -0.00276628765278, 0.00285520660691, -0.000413259054767, 0.0018775772769, -0.00311736529693, -0.00319396751001, -0.00843704212457, 0.00735808722675, 0.00230755982921, 0.00381841138005, -0.00916865374893, 0.0319670289755]]
    },
    "melbands": {
        "dmean": [0.00700777862221, 0.00583166070282, 0.000932177703362, 0.000429085805081, 0.000263846770395, 0.000146900361869, 0.000136337825097, 0.00018904353783, 0.000121426353871, 0.000179711496457, 0.000157336748089, 4.55185108876e-05, 7.86814343883e-05, 4.51170053566e-05, 2.61197274085e-05, 3.96150935558e-05, 1.29283989736e-05, 8.27816165838e-06, 7.89563273429e-06, 5.99655641054e-06, 7.58895794206e-06, 1.05934168459e-05, 6.55520761939e-06, 5.59240334042e-06, 7.61806677474e-06, 6.42691293251e-06, 6.10576717008e-06, 5.72837780055e-06, 8.84152177605e-06, 6.13388283455e-06, 4.57546366306e-06, 6.92854519002e-06, 9.17436773307e-06, 7.5352386375e-06, 7.09615278538e-06, 5.9598360167e-06, 5.24001097801e-06, 5.65976688449e-06, 6.33451054455e-06, 7.88053603173e-06],
        "dmean2": [0.00946662761271, 0.00810624659061, 0.00155996065587, 0.000699413008988, 0.000432667467976, 0.000245385745075, 0.000242664827965, 0.000293381221127, 0.000189645958017, 0.000253675272688, 0.000226792602916, 7.28512459318e-05, 0.000120362303278, 6.40255602775e-05, 4.24845675298e-05, 6.31359653198e-05, 1.996355968e-05, 1.37666693263e-05, 1.32372160806e-05, 9.96759536065e-06, 1.19210235425e-05, 1.75240857061e-05, 1.11403032861e-05, 8.67728249432e-06, 1.29814407046e-05, 1.11018835014e-05, 1.02872190837e-05, 8.53332858242e-06, 1.30847456603e-05, 9.01787916519e-06, 6.59467877995e-06, 1.06064817373e-05, 1.44466575875e-05, 1.16846949823e-05, 1.1043493032e-05, 8.82684616954e-06, 7.80739173933e-06, 7.96695985628e-06, 9.5653358585e-06, 1.1924120372e-05],
        "dvar": [6.23427768005e-05, 5.72327953705e-05, 5.01195745528e-06, 7.55938003749e-07, 1.31580677021e-07, 4.41612009183e-08, 3.765801182e-08, 7.53271720555e-08, 2.97913498315e-08, 8.09060693996e-08, 4.67032243989e-08, 1.18180514264e-08, 1.21517986784e-08, 6.2195826267e-09, 3.09657854913e-09, 8.54907256098e-09, 5.35853028616e-10, 2.02186420384e-10, 3.54414220194e-10, 1.44917230993e-10, 2.11559436636e-10, 1.10017239763e-09, 3.5352681893e-10, 2.41643621779e-10, 6.05641536922e-10, 3.18189391502e-10, 3.83700460294e-10, 1.84997128727e-10, 3.89129312106e-10, 1.50068055205e-10, 7.71512992381e-11, 2.19647175448e-10, 3.78142017698e-10, 1.92461727111e-10, 1.77491701892e-10, 9.06436800618e-11, 7.93023355317e-11, 8.11891873176e-11, 1.19419266142e-10, 2.52736942485e-10],
        "dvar2": [0.000118449061119, 0.00010994697368, 1.31251736093e-05, 2.03773288376e-06, 3.69908065068e-07, 1.14496288006e-07, 1.07674800631e-07, 1.89749925994e-07, 7.62938583421e-08, 1.59493211527e-07, 9.93064972477e-08, 2.83041021731e-08, 2.89208497151e-08, 1.41760185812e-08, 8.65813643003e-09, 2.35557493511e-08, 1.29043575825e-09, 4.9337572916e-10, 9.52678602673e-10, 3.76996212026e-10, 4.99488839178e-10, 2.96400393118e-09, 9.74326508363e-10, 5.39835176561e-10, 1.75530434632e-09, 9.04118724332e-10, 1.0439902276e-09, 3.27821658708e-10, 8.02484467766e-10, 2.6059249203e-10, 1.38216396661e-10, 4.62616472907e-10, 1.03005171059e-09, 3.91040533287e-10, 4.39004776975e-10, 1.81725662296e-10, 1.75797307267e-10, 1.42338862918e-10, 2.91021651222e-10, 5.57479784558e-10],
        "max": [0.0671030879021, 0.0617517866194, 0.0240588430315, 0.0130168339238, 0.00414215866476, 0.0021765078418, 0.00238825776614, 0.00637064594775, 0.00194165087305, 0.00348683842458, 0.00317095941864, 0.00114360195585, 0.00134498428088, 0.00194104353432, 0.00066086195875, 0.00101146171801, 0.000242952839471, 0.000187768891919, 0.00018517539138, 0.000149595536641, 0.000200940252398, 0.000374257942894, 0.000193556479644, 0.000185473865713, 0.000246419280302, 0.000181022725883, 0.000231540179811, 0.000168816026417, 0.000237743050093, 0.000128743267851, 8.55577382026e-05, 0.000191021841601, 0.000178717265953, 0.000115853530588, 0.000114187438157, 7.85796582932e-05, 7.39961687941e-05, 7.20423122402e-05, 8.22596484795e-05, 0.000140688978718],
        "mean": [0.0129761137068, 0.011194396764, 0.0013131655287, 0.000872820732184, 0.000646649394184, 0.000331319461111, 0.00020993842918, 0.000397996394895, 0.000272069184575, 0.000462558033178, 0.000514040351845, 8.07100004749e-05, 0.000209376914427, 0.000121497876535, 5.35915896762e-05, 6.91538371029e-05, 2.07518442039e-05, 1.2892453924e-05, 1.04505716081e-05, 9.05363140191e-06, 1.63955883181e-05, 1.70083258126e-05, 9.81288303592e-06, 9.00990289665e-06, 8.86731595529e-06, 8.49046136864e-06, 8.00960788183e-06, 8.27994790598e-06, 1.04929413283e-05, 8.15419025457e-06, 5.83153860134e-06, 7.67745586927e-06, 9.23752486415e-06, 8.72914279171e-06, 7.83194354881e-06, 6.95387325322e-06, 6.2523872657e-06, 7.63087246014e-06, 7.43843702367e-06, 8.40204120323e-06],
        "median": [0.00706134364009, 0.00527716474608, 0.000805716961622, 0.000734435394406, 0.000521725334693, 0.00015271398297, 0.00012719737424, 0.000282990105916, 0.000210786049138, 0.000220605477807, 0.00027235771995, 3.59410805686e-05, 0.00011877588986, 4.45288569608e-05, 3.88700645999e-05, 2.28832232096e-05, 1.15889097287e-05, 8.44807254907e-06, 4.27169698014e-06, 5.38855783816e-06, 1.01515852293e-05, 8.8239867182e-06, 4.84174279336e-06, 4.02543128075e-06, 2.09631912185e-06, 3.59771911462e-06, 2.921484338e-06, 3.38989912052e-06, 3.90234663428e-06, 2.48119295065e-06, 1.63283743859e-06, 1.44000773616e-06, 1.44417856518e-06, 1.33818582526e-06, 1.43225020111e-06, 1.45555782183e-06, 1.34539811825e-06, 1.75217394371e-06, 1.39772259899e-06, 1.22685491988e-06],
        "min": [5.76211969019e-05, 6.9431232987e-05, 2.16482167161e-05, 4.36261871073e-06, 1.26320969684e-06, 5.37386313226e-06, 3.5707544157e-06, 1.85041028544e-06, 1.91005688066e-06, 1.70288080881e-06, 3.48933645e-06, 1.39070152727e-06, 3.91307054315e-07, 1.59897842877e-06, 8.19346496428e-07, 2.196158988e-07, 1.40688257488e-07, 1.68951956425e-07, 1.96860284518e-07, 1.85492098126e-07, 8.74704682019e-08, 2.61901629273e-08, 6.55022063256e-08, 6.98660613807e-08, 3.62633443274e-08, 5.69416291896e-09, 6.00783778282e-08, 2.37296575278e-07, 1.6305813233e-07, 1.72158522105e-07, 1.38656403692e-07, 3.90480803247e-09, 1.0762358886e-11, 3.86826231854e-13, 4.89423834793e-09, 3.13704173749e-09, 2.55033718588e-08, 2.14647783991e-08, 5.54586332413e-09, 8.92207019376e-09],
        "var": [0.000169972001459, 0.000165910474607, 4.21764389102e-06, 6.92818105108e-07, 2.72754760999e-07, 1.36006505613e-07, 5.99295475467e-08, 1.51774003143e-07, 5.54051169388e-08, 2.71877183877e-07, 3.11223743665e-07, 1.73836589568e-08, 5.5674867383e-08, 2.26718039897e-08, 3.28824922846e-09, 1.01628314653e-08, 7.83481057809e-10, 2.55799187387e-10, 3.67453623085e-10, 1.6881006315e-10, 3.53925888597e-10, 9.52373624408e-10, 3.75393049978e-10, 3.97599314583e-10, 7.24067306113e-10, 3.90379006898e-10, 4.48519832386e-10, 3.08163577989e-10, 5.01110541951e-10, 2.61235671983e-10, 1.27410151873e-10, 2.86814488826e-10, 4.10356304492e-10, 2.9943719726e-10, 2.12109690922e-10, 1.32043639911e-10, 1.04698194558e-10, 1.38486541679e-10, 1.48302592429e-10, 2.85953927204e-10]
    },
    "mfcc": {
        "mean": [-603.391418457, 119.605484009, 38.9336471558, 13.7024316788, 3.49677872658, 5.50424814224, 15.7535972595, 10.7881364822, 13.2955102921, 5.67764663696, -0.0353438258171, 9.38664150238, 0.639784991741],
        "cov": [[1849.40112305, -1065.82263184, 232.378250122, -144.614456177, -141.365692139, 257.970550537, -58.6099052429, 128.126541138, -201.168151855, 39.119594574, 189.413070679, -222.737228394, 154.814590454], [-1065.82263184, 1454.83300781, -456.705322266, -116.541702271, -32.53723526, -104.188140869, 245.981704712, -180.007217407, 26.0423278809, 50.6052742004, -76.1254348755, 72.7700195312, -41.2161064148], [232.378250122, -456.705322266, 441.690216064, -68.8439102173, 33.7235717773, 100.191177368, 17.9470481873, 55.8384399414, -6.6376376152, 3.41364908218, 64.3451690674, -25.4519405365, 74.9464874268], [-144.614456177, -116.541702271, -68.8439102173, 321.584838867, 133.35597229, -29.9422588348, -179.296798706, 92.4562911987, 99.5261611938, -15.1894521713, -30.8372058868, 90.3127441406, -64.0078353882], [-141.365692139, -32.53723526, 33.7235717773, 133.35597229, 155.653182983, -0.675902247429, -56.7669525146, 55.8321456909, 70.7919998169, 10.0060825348, 4.49459075928, 65.0835800171, -25.9783191681], [257.970550537, -104.188140869, 100.191177368, -29.9422588348, -0.675902247429, 182.994293213, 39.6743469238, 52.6064224243, -42.0987510681, 56.0339279175, 86.2744979858, -50.2720451355, 74.8089904785], [-58.6099052429, 245.981704712, 17.9470481873, -179.296798706, -56.7669525146, 39.6743469238, 222.24710083, -62.1725349426, -58.1663894653, 21.9327640533, 22.6849327087, -43.8064956665, 57.7442245483], [128.126541138, -180.007217407, 55.8384399414, 92.4562911987, 55.8321456909, 52.6064224243, -62.1725349426, 127.918670654, 47.7046470642, 10.5223445892, 17.5456428528, 10.1538925171, 7.29494524002], [-201.168151855, 26.0423278809, -6.6376376152, 99.5261611938, 70.7919998169, -42.0987510681, -58.1663894653, 47.7046470642, 119.002990723, 5.41236305237, -39.6342086792, 55.4964141846, -50.7444992065], [39.119594574, 50.6052742004, 3.41364908218, -15.1894521713, 10.0060825348, 56.0339279175, 21.9327640533, 10.5223445892, 5.41236305237, 82.2119216919, 54.732093811, -13.66127491, 22.80909729], [189.413070679, -76.1254348755, 64.3451690674, -30.8372058868, 4.49459075928, 86.2744979858, 22.6849327087, 17.5456428528, -39.6342086792, 54.732093811, 109.702178955, -22.8904037476, 63.2416992188], [-222.737228394, 72.7700195312, -25.4519405365, 90.3127441406, 65.0835800171, -50.2720451355, -43.8064956665, 10.1538925171, 55.4964141846, -13.66127491, -22.8904037476, 107.265190125, -21.5039329529], [154.814590454, -41.2161064148, 74.9464874268, -64.0078353882, -25.9783191681, 74.8089904785, 57.7442245483, 7.29494524002, -50.7444992065, 22.80909729, 63.2416992188, -21.5039329529, 101.369804382]],
