{
"lowlevel": {
    "average_loudness": 0.973685145378,
    "barkbands_crest": {
        "dmean": 3.98773789406,
        "dmean2": 6.14781427383,
        "dvar": 18.196023941,
        "dvar2": 34.822971344,
        "max": 26.4701328278,
        "mean": 16.4767303467,
        "median": 17.892244339,
        "min": 2.1214761734,
        "var": 52.1744117737
    },
    "barkbands_flatness_db": {
        "dmean": 0.05838432163,
        "dmean2": 0.0830000415444,
        "dvar": 0.00410002609715,
        "dvar2": 0.00779447425157,
        "max": 0.876920998096,
        "mean": 0.224266037345,
        "median": 0.19592154026,
        "min": 0.0225389637053,
        "var": 0.0182802639902
    },
    "barkbands_kurtosis": {
        "dmean": 61.7940711975,
        "dmean2": 100.191413879,
        "dvar": 39196.0234375,
        "dvar2": 103136.132812,
        "max": 3200.20117188,
        "mean": 61.6807060242,
        "median": 8.67485904694,
        "min": -1.94891083241,
        "var": 35654.5195312
    },
    "barkbands_skewness": {
        "dmean": 2.41874694824,
        "dmean2": 3.52338409424,
        "dvar": 12.3159885406,
        "dvar2": 28.8444862366,
        "max": 38.6254653931,
        "mean": 4.27058553696,
        "median": 2.99057650566,
        "min": -4.94619607925,
        "var": 24.8547000885
    },
    "barkbands_spread": {
        "dmean": 15.8088388443,
        "dmean2": 24.3588657379,
        "dvar": 376.005737305,
        "dvar2": 730.042236328,
        "max": 123.245735168,
        "mean": 31.0190658569,
        "median": 18.8931713104,
        "min": 0.0205145888031,
        "var": 923.672119141
    },
    "dissonance": {
        "dmean": 0.0208328459412,
        "dmean2": 0.0348844565451,
        "dvar": 0.000566968868952,
        "dvar2": 0.00138075486757,
        "max": 0.499981105328,
        "mean": 0.466392934322,
        "median": 0.477504849434,
        "min": 0.239768996835,
        "var": 0.0011777918553
    },
    "dynamic_complexity": 3.25327682495,
    "erbbands_crest": {
        "dmean": 2.70309758186,
        "dmean2": 4.33043193817,
        "dvar": 8.99250507355,
        "dvar2": 19.093711853,
        "max": 32.7543296814,
        "mean": 8.47263622284,
        "median": 7.10654640198,
        "min": 2.35100984573,
        "var": 22.238079071
    },
    "erbbands_flatness_db": {
        "dmean": 0.0300643369555,
        "dmean2": 0.0443065427244,
        "dvar": 0.00142042944208,
        "dvar2": 0.00300615746528,
        "max": 0.516334831715,
        "mean": 0.139214456081,
        "median": 0.117129340768,
        "min": 0.0490801148117,
        "var": 0.0047294148244
    },
    "erbbands_kurtosis": {
        "dmean": 3.78969573975,
        "dmean2": 6.073802948,
        "dvar": 269.129638672,
        "dvar2": 583.655517578,
        "max": 499.282867432,
        "mean": 3.75470304489,
        "median": -0.286747932434,
        "min": -1.94114398956,
        "var": 520.589477539
    },
    "erbbands_skewness": {
        "dmean": 0.799204170704,
        "dmean2": 1.19432389736,
        "dvar": 1.41602015495,
        "dvar2": 3.22808766365,
        "max": 18.9591674805,
        "mean": -0.0213701035827,
        "median": -0.165851816535,
        "min": -5.52030611038,
        "var": 3.21159625053
    },
    "erbbands_spread": {
        "dmean": 23.8485908508,
        "dmean2": 36.3739852905,
        "dvar": 745.403808594,
        "dvar2": 1715.35888672,
        "max": 208.89944458,
        "mean": 65.597984314,
        "median": 65.7383117676,
        "min": 0.420337945223,
        "var": 1381.36767578
    },
    "hfc": {
        "dmean": 34.3600997925,
        "dmean2": 49.9350471497,
        "dvar": 4238.09423828,
        "dvar2": 8038.13037109,
        "max": 1283.27258301,
        "mean": 47.8382987976,
        "median": 19.8867816925,
        "min": 1.21900018685e-16,
        "var": 8225.35351562
    },
    "melbands_crest": {
        "dmean": 3.65996646881,
        "dmean2": 5.68537569046,
        "dvar": 14.5686721802,
        "dvar2": 33.6975784302,
        "max": 36.7998924255,
        "mean": 20.1027603149,
        "median": 20.7161846161,
        "min": 2.23387002945,
        "var": 38.9771270752
    },
    "melbands_flatness_db": {
        "dmean": 0.0705070197582,
        "dmean2": 0.0977534353733,
        "dvar": 0.00577552476898,
        "dvar2": 0.0108083505183,
        "max": 1,
        "mean": 0.306475490332,
        "median": 0.280474931002,
        "min": 0.00697007635608,
        "var": 0.026519222185
    },
    "melbands_kurtosis": {
        "dmean": 80.5168075562,
        "dmean2": 123.638442993,
        "dvar": 31009.8242188,
        "dvar2": 76897.8046875,
        "max": 2689.98071289,
        "mean": 109.378349304,
        "median": 42.8785018921,
        "min": -1.86507642269,
        "var": 35733.25
    },
    "melbands_skewness": {
        "dmean": 2.74410820007,
        "dmean2": 3.89419865608,
        "dvar": 11.3297195435,
        "dvar2": 25.6335353851,
        "max": 41.5085678101,
        "mean": 6.74444723129,
        "median": 5.49948644638,
        "min": -1.11812722683,
        "var": 24.3422031403
    },
    "melbands_spread": {
        "dmean": 13.8512687683,
        "dmean2": 20.8963127136,
        "dvar": 510.132598877,
        "dvar2": 1139.43017578,
        "max": 280.16998291,
        "mean": 24.0658378601,
        "median": 8.42136764526,
        "min": 0.125985771418,
        "var": 1307.67468262
    },
    "pitch_salience": {
        "dmean": 0.120992988348,
        "dmean2": 0.17986087501,
        "dvar": 0.0153831280768,
        "dvar2": 0.0312217827886,
        "max": 0.947434067726,
        "mean": 0.366965562105,
        "median": 0.349531531334,
        "min": 0.00428046891466,
        "var": 0.0386076159775
    },
    "silence_rate_20dB": {
        "dmean": 0.00412583816797,
        "dmean2": 0.00825593434274,
        "dvar": 0.00410885177553,
        "dvar2": 0.0123158385977,
        "max": 1,
        "mean": 0.997938156128,
        "median": 1,
        "min": 0,
        "var": 0.00205762148835
    },
    "silence_rate_30dB": {
        "dmean": 0.13924703002,
        "dmean2": 0.278637766838,
        "dvar": 0.119857929647,
        "dvar2": 0.223700761795,
        "max": 1,
        "mean": 0.76804125309,
        "median": 1,
        "min": 0,
        "var": 0.178151860833
    },
    "silence_rate_60dB": {
        "dmean": 0.0453842170537,
        "dmean2": 0.0908152759075,
        "dvar": 0.0433247350156,
        "dvar2": 0.104242295027,
        "max": 1,
        "mean": 0.0597938150167,
        "median": 0,
        "min": 0,
        "var": 0.0562202259898
    },
    "spectral_centroid": {
        "dmean": 546.607727051,
        "dmean2": 805.840820312,
        "dvar": 492225.5,
        "dvar2": 888514.5625,
        "max": 10660.0595703,
        "mean": 1715.87976074,
        "median": 1531.27246094,
        "min": 55.7695884705,
        "var": 1648037
    },
    "spectral_complexity": {
        "dmean": 5.20474481583,
        "dmean2": 7.46026849747,
        "dvar": 55.1911239624,
        "dvar2": 89.9787445068,
        "max": 62,
        "mean": 13.3206186295,
        "median": 11,
        "min": 0,
        "var": 141.080169678
    },
    "spectral_decrease": {
        "dmean": 8.65087912416e-09,
        "dmean2": 1.3168046209e-08,
        "dvar": 1.23754451739e-16,
        "dvar2": 3.1986399308e-16,
        "max": -1.31152865086e-29,
        "mean": -1.59798787536e-08,
        "median": -1.16234559755e-08,
        "min": -1.09337825904e-07,
        "var": 2.61504243578e-16
    },
    "spectral_energy": {
        "dmean": 0.0343467667699,
        "dmean2": 0.0523152686656,
        "dvar": 0.00186356063932,
        "dvar2": 0.00473620556295,
        "max": 0.430624246597,
        "mean": 0.0646508336067,
        "median": 0.0482676140964,
        "min": 1.11061768452e-20,
        "var": 0.00400554481894
    },
    "spectral_energyband_high": {
        "dmean": 0.00370855047368,
        "dmean2": 0.0054846573621,
        "dvar": 5.5165928643e-05,
        "dvar2": 0.000105438833998,
        "max": 0.153413265944,
        "mean": 0.00473606167361,
        "median": 0.00157680409029,
        "min": 8.13872132758e-21,
        "var": 0.000105970815639
    },
    "spectral_energyband_low": {
        "dmean": 0.0309237968177,
        "dmean2": 0.0467969886959,
        "dvar": 0.00179758633021,
        "dvar2": 0.00468139816076,
        "max": 0.408084720373,
        "mean": 0.0518592037261,
        "median": 0.0335462763906,
        "min": 1.16199110365e-22,
        "var": 0.00352614303119
    },
    "spectral_energyband_middle_high": {
        "dmean": 0.00168745813426,
        "dmean2": 0.0025448272936,
        "dvar": 1.05691169665e-05,
        "dvar2": 2.4503806344e-05,
        "max": 0.0325431749225,
        "mean": 0.00247606146149,
        "median": 0.00121827423573,
        "min": 1.5010103002e-21,
        "var": 1.46696656884e-05
    },
    "spectral_energyband_middle_low": {
        "dmean": 0.00506442924961,
        "dmean2": 0.00828823260963,
        "dvar": 9.67726591625e-05,
        "dvar2": 0.000238961627474,
        "max": 0.0841910764575,
        "mean": 0.00635952455923,
        "median": 0.00314069073647,
        "min": 3.47027131862e-22,
        "var": 9.51263064053e-05
    },
    "spectral_entropy": {
        "dmean": 0.413046479225,
        "dmean2": 0.585352897644,
        "dvar": 0.295404523611,
        "dvar2": 0.553300082684,
        "max": 9.80624103546,
        "mean": 7.61950969696,
        "median": 7.93051624298,
        "min": 2.82954192162,
        "var": 0.906200587749
    },
    "spectral_flux": {
        "dmean": 0.05653385818,
        "dmean2": 0.0904563590884,
        "dvar": 0.00346610299312,
        "dvar2": 0.00779004022479,
        "max": 0.509843349457,
        "mean": 0.12268448621,
        "median": 0.0980928689241,
        "min": 1.05385845883e-10,
        "var": 0.00697348453104
    },
    "spectral_kurtosis": {
        "dmean": 6.33376073837,
        "dmean2": 9.91601848602,
        "dvar": 885.293151855,
        "dvar2": 2287.16723633,
        "max": 625.448059082,
        "mean": 7.02968072891,
        "median": 1.15573978424,
        "min": -1.19664156437,
        "var": 1047.6105957
    },
    "spectral_rms": {
        "dmean": 0.00208573439158,
        "dmean2": 0.00298535590991,
        "dvar": 4.3122408897e-06,
        "dvar2": 9.66207517195e-06,
        "max": 0.0204968582839,
        "mean": 0.00693896133453,
        "median": 0.00686224130914,
        "min": 3.29170089623e-12,
        "var": 1.49247425725e-05
    },
    "spectral_rolloff": {
        "dmean": 1398.12451172,
        "dmean2": 2412.39526367,
        "dvar": 5333937,
        "dvar2": 11021341,
        "max": 18755.4199219,
        "mean": 2130.43652344,
        "median": 193.798828125,
        "min": 64.599609375,
        "var": 9723116
    },
    "spectral_skewness": {
        "dmean": 0.588534295559,
        "dmean2": 0.826457321644,
        "dvar": 1.41151547432,
        "dvar2": 2.90642666817,
        "max": 20.4325389862,
        "mean": 1.44064605236,
        "median": 0.920576334,
        "min": -0.401915341616,
        "var": 3.12291240692
    },
    "spectral_spread": {
        "dmean": 1643429.875,
        "dmean2": 2287365,
        "dvar": 2.73220606362e+12,
        "dvar2": 5.16860307046e+12,
        "max": 40674184,
        "mean": 6969841.5,
        "median": 7124013,
        "min": 168303.09375,
        "var": 7.12922156237e+12
    },
    "spectral_strongpeak": {
        "dmean": 0.275392830372,
        "dmean2": 0.434386312962,
        "dvar": 0.22626145184,
        "dvar2": 0.629330933094,
        "max": 7.53595495224,
        "mean": 0.542677998543,
        "median": 0.44289124012,
        "min": 0,
        "var": 0.317110061646
    },
    "zerocrossingrate": {
        "dmean": 0.027110312134,
        "dmean2": 0.0318682864308,
        "dvar": 0.000871354481205,
        "dvar2": 0.00126977136824,
        "max": 0.50830078125,
        "mean": 0.0726955160499,
        "median": 0.048828125,
        "min": 0.001953125,
        "var": 0.00478218169883
    },
    "barkbands": {
        "dmean": [0.000592466793023, 0.0290806945413, 0.00397110776976, 0.00111893902067, 0.00208436511457, 0.00106470752507, 0.000560705608223, 0.000406682142057, 0.000447380793048, 0.000514748331625, 0.000288305891445, 0.00018181145424, 0.000274556310615, 0.000237576066866, 0.000117906369269, 8.89446091605e-05, 7.05379716237e-05, 0.000101479097793, 0.000179066686542, 0.00035186385503, 0.000528446806129, 0.00061422563158, 0.000727937847842, 0.000906289438717, 0.000797121669166, 0.000313742872095, 1.5641340724e-05],
        "dmean2": [0.000957285927143, 0.0446143113077, 0.0062292884104, 0.00190569483675, 0.0035987936426, 0.00176577724051, 0.000924454361666, 0.000681152800098, 0.000751052750275, 0.000891759118531, 0.000486806296976, 0.000280534528429, 0.000423178746132, 0.000384821003536, 0.000197087894776, 0.000142535544001, 0.000109523258288, 0.000159217801411, 0.000290161755402, 0.000560959102586, 0.000833682075609, 0.000944609637372, 0.00110275996849, 0.00137725542299, 0.00122398510575, 0.000467257050332, 2.45516876021e-05],
        "dvar": [1.29678551275e-06, 0.00167970906477, 4.24915997428e-05, 4.55221606899e-06, 1.84835607797e-05, 6.77430125506e-06, 1.94421409105e-06, 7.94235063495e-07, 1.18732987175e-06, 2.042348342e-06, 3.9094933868e-07, 2.39800357349e-07, 5.78482911351e-07, 7.77087450388e-07, 9.82960628448e-08, 4.52654624894e-08, 2.28009149339e-08, 5.68486200336e-08, 1.76843059307e-07, 4.44169359071e-07, 9.19660806176e-07, 1.96366795535e-06, 2.54504880104e-06, 4.18155696025e-06, 2.81525171886e-06, 3.17942777883e-07, 1.21745031834e-08],
        "dvar2": [3.05572507386e-06, 0.00444749882445, 9.81099583441e-05, 1.23554609672e-05, 5.08240264026e-05, 1.66453082784e-05, 4.87511124447e-06, 1.95792222257e-06, 3.01190880236e-06, 5.30775378138e-06, 9.6843564279e-07, 5.43582700629e-07, 1.30697355871e-06, 1.82073745236e-06, 2.5266839998e-07, 1.05601621669e-07, 5.05020167907e-08, 1.16834129926e-07, 4.46887838734e-07, 1.09157497263e-06, 2.02210344469e-06, 4.83734720547e-06, 5.26787698618e-06, 8.03579041531e-06, 5.87322119827e-06, 5.53561505967e-07, 2.96783770892e-08],
        "max": [0.0131090674549, 0.333945989609, 0.0707227438688, 0.0192264690995, 0.0346649810672, 0.0305576063693, 0.0174394324422, 0.0122391982004, 0.00995946861804, 0.0138729512691, 0.00728793255985, 0.00716418586671, 0.0157593078911, 0.0206983666867, 0.00371909793466, 0.00303927669302, 0.00171494740061, 0.00245342194103, 0.00386960990727, 0.00558834476396, 0.010998933576, 0.0303643252701, 0.0348696708679, 0.0401004217565, 0.0334580540657, 0.00978391151875, 0.00255704903975],
        "mean": [0.000635170668829, 0.0448503866792, 0.00576769188046, 0.0012986108195, 0.00224615517072, 0.00103817658965, 0.000571034208406, 0.000456416630186, 0.000434759538621, 0.000466091150884, 0.000335547490977, 0.000207079021493, 0.000340194936143, 0.000298633938655, 0.000128122992464, 0.000107923609903, 9.56189323915e-05, 0.000129911015392, 0.000201845672564, 0.000469416321721, 0.000634920957964, 0.00086194841424, 0.000851744785905, 0.00103563873563, 0.000817917927634, 0.000354901567334, 1.50179657794e-05],
        "median": [0.000200874754228, 0.0241678636521, 0.00228585908189, 0.000684981059749, 0.000675768358633, 0.00019618672377, 0.000122433324577, 0.000107847808977, 9.02745377971e-05, 9.66505394899e-05, 5.12070655532e-05, 4.83108960907e-05, 5.20432295161e-05, 2.43669346673e-05, 1.92625466298e-05, 2.43552785832e-05, 2.47973584919e-05, 3.1155806937e-05, 6.63619721308e-05, 0.000134103262099, 0.00025614554761, 0.000290447991574, 0.000260395812802, 0.000164699216839, 0.000106811647129, 5.48715797777e-05, 6.40575450461e-08],
        "min": [2.4666882179e-23, 5.57896694777e-23, 3.85991471082e-23, 1.36464953331e-23, 7.77532105316e-23, 8.164354435e-23, 5.37063383142e-23, 4.76835935621e-23, 5.98174733529e-23, 2.35026544338e-23, 6.65040981993e-23, 1.93923177219e-22, 4.29935819777e-23, 1.54094915401e-22, 1.90773855159e-22, 1.55119109291e-22, 1.60666177228e-22, 2.60892230036e-22, 1.67092212919e-22, 2.45397512488e-22, 5.8056653771e-22, 5.98542115519e-22, 7.44599017923e-22, 7.74699678147e-22, 1.13609016218e-21, 1.9719012412e-21, 2.41985730725e-21],
        "var": [1.34999777401e-06, 0.00298953079619, 7.94248699094e-05, 3.89242359233e-06, 1.48001026901e-05, 6.106640285e-06, 1.80829931651e-06, 8.80797301761e-07, 1.04582829863e-06, 1.63020240507e-06, 4.7554539151e-07, 3.00710951251e-07, 8.93411538527e-07, 1.08485517103e-06, 9.58461185974e-08, 5.33899395805e-08, 3.21492699129e-08, 8.05899560419e-08, 1.90081465234e-07, 5.43611861303e-07, 1.22393907986e-06, 3.22032610711e-06, 4.40053872808e-06, 7.80817754276e-06, 4.34989487985e-06, 7.86619466453e-07, 1.3006389743e-08]
    },
    "erbbands": {
        "dmean": [0.681193590164, 7.08607912064, 6.7143201828, 3.7389690876, 4.44967699051, 7.40868186951, 10.5118026733, 8.29153156281, 7.44266700745, 9.52429771423, 9.44225502014, 10.068734169, 19.2499599457, 9.94174003601, 8.87001609802, 8.25898265839, 13.0243711472, 13.0977973938, 6.30456066132, 5.66523075104, 4.48923778534, 3.80831027031, 4.82701206207, 8.33864688873, 11.8702917099, 15.2375049591, 17.8213672638, 21.5774250031, 21.1050796509, 25.6299705505, 21.3928909302, 17.7805786133, 16.3435192108, 9.67253017426, 5.19894981384, 2.02655911446, 0.492576628923, 0.0615566931665, 0.00182226940524, 9.35999851208e-05],
        "dmean2": [1.03092110157, 10.9714670181, 10.4901103973, 6.08229780197, 7.65554857254, 12.9186210632, 18.3823432922, 13.6931381226, 11.8082494736, 16.3959197998, 16.1078052521, 16.7584648132, 32.9121818542, 16.7294464111, 15.0188484192, 12.4579048157, 19.6731681824, 21.0449867249, 10.3062019348, 9.3396987915, 7.10097932816, 5.78993463516, 7.31045436859, 13.3499069214, 18.9518947601, 24.0674762726, 27.8344345093, 33.9819717407, 32.7498931885, 40.3320770264, 32.2086753845, 27.7396659851, 24.6365318298, 14.8849668503, 7.83402919769, 3.12894487381, 0.741740882397, 0.0900766327977, 0.00269130687229, 0.000136682618177],
        "dvar": [0.875919044018, 109.174575806, 111.429756165, 42.8610229492, 71.0167922974, 270.364898682, 887.248962402, 334.531646729, 272.814910889, 597.560424805, 501.244537354, 550.465576172, 2995.83154297, 515.942565918, 439.037536621, 524.750610352, 1358.53466797, 2169.38134766, 215.81678772, 227.547683716, 106.838722229, 74.8841934204, 122.411781311, 376.018554688, 515.43157959, 824.46661377, 1146.9720459, 1571.8190918, 2042.38989258, 3039.43017578, 2599.71118164, 2166.24951172, 1221.38830566, 493.913330078, 98.4875030518, 13.1204071045, 0.991281151772, 0.0632112473249, 0.000100849669252, 3.88229146608e-08],
        "dvar2": [2.34537959099, 292.126464844, 257.766998291, 109.940605164, 191.762985229, 746.323242188, 2455.29711914, 777.509094238, 611.180480957, 1605.32849121, 1306.5201416, 1361.29443359, 7870.53613281, 1277.22363281, 1121.3190918, 1168.26586914, 2994.97387695, 5026.6484375, 518.177612305, 583.521118164, 248.599746704, 161.94291687, 241.870361328, 928.128112793, 1281.22912598, 1954.38891602, 2551.1652832, 3507.66967773, 5273.79638672, 7294.57763672, 5048.71630859, 4655.48925781, 2317.74804688, 1086.47180176, 186.697952271, 26.0639076233, 1.72392308712, 0.129821896553, 0.000232067264733, 7.73940413978e-08],
        "max": [9.21886634827, 91.8307723999, 149.660858154, 52.5771789551, 83.2462615967, 150.858535767, 305.153656006, 236.041000366, 208.770706177, 288.070709229, 222.396331787, 214.167190552, 519.962768555, 198.279922485, 268.671203613, 361.788574219, 806.368652344, 1066.81445312, 211.261230469, 154.567184448, 120.925674438, 93.696937561, 101.480499268, 182.079940796, 213.937255859, 240.048034668, 419.0284729, 480.730773926, 1006.40985107, 1239.97363281, 1278.2578125, 1022.91699219, 615.559082031, 469.003570557, 160.963546753, 56.0124778748, 21.4619483948, 5.62537479401, 0.255553245544, 0.00463065411896],
        "mean": [1.02114331722, 10.7549133301, 10.8239011765, 5.05162858963, 5.53316116333, 7.59458971024, 9.00173950195, 8.48319244385, 8.53948688507, 9.44233703613, 9.76152420044, 10.4580965042, 17.2843589783, 11.2146625519, 10.477730751, 10.3516483307, 16.7739887238, 16.6394767761, 7.75423765182, 6.70738077164, 5.86958026886, 5.13755893707, 6.34713459015, 10.1215114594, 14.41223526, 21.2721786499, 21.9530754089, 26.1330013275, 28.9862136841, 31.0200386047, 25.1212501526, 20.6639785767, 17.8827838898, 9.67786693573, 5.42180156708, 2.14496874809, 0.554110705853, 0.0746151059866, 0.00204380648211, 0.000150306514115],
        "median": [0.507491469383, 5.46866130829, 6.10107803345, 2.98180389404, 2.53805994987, 1.81965208054, 1.57289779186, 1.70272290707, 2.22953605652, 1.99755358696, 2.13643550873, 2.62887501717, 2.8849337101, 2.02461957932, 2.56675648689, 2.69439506531, 2.85878229141, 1.83674049377, 1.27262115479, 1.70254516602, 1.94081020355, 1.48196268082, 1.63228094578, 3.5178437233, 5.43650388718, 6.02623128891, 6.76699829102, 11.6810617447, 9.89308738708, 10.8136730194, 7.45437288284, 4.08286952972, 2.123711586, 1.09501290321, 0.763293623924, 0.321392893791, 0.0777600035071, 0.00983089488, 0.000239577115281, 8.4247731138e-05],
        "min": [1.867703949e-21, 1.16838898016e-20, 4.07886669771e-20, 5.19841688271e-20, 8.536185974e-20, 3.84517802877e-19, 2.12234615298e-19, 8.13412656546e-19, 1.09751047457e-18, 5.93976115697e-19, 1.12736766217e-18, 1.4538365146e-18, 1.16767183072e-18, 1.42120744476e-18, 5.10887880777e-18, 5.81132182472e-18, 2.13817130717e-18, 5.68347651156e-18, 1.14376769655e-17, 9.9765914536e-18, 7.31202267052e-18, 1.00137575057e-17, 1.51967885059e-17, 1.21371301381e-17, 5.5789820935e-18, 1.02337056578e-17, 1.8414398666e-17, 2.70908168794e-17, 2.11733421395e-17, 2.01212014876e-17, 2.25204868308e-17, 1.53564327098e-17, 1.23678837505e-17, 8.53456087429e-18, 1.1514327657e-17, 7.0085160417e-18, 3.68464088344e-18, 1.26561373756e-18, 3.27335608463e-19, 3.7546658582e-20],
        "var": [1.59929132462, 184.159912109, 253.846405029, 44.0222892761, 66.8832321167, 206.279693604, 595.352966309, 351.080230713, 309.374694824, 506.673339844, 454.335632324, 528.038269043, 2346.35131836, 607.377197266, 480.564300537, 710.126220703, 2172.30834961, 3130.57421875, 290.298553467, 223.138000488, 131.118041992, 105.838340759, 183.74559021, 442.10244751, 562.848632812, 1073.83728027, 1690.43457031, 1814.42468262, 2901.12182617, 4577.97265625, 4677.87011719, 3715.77783203, 2261.16918945, 700.361450195, 175.412902832, 23.4669723511, 2.50892043114, 0.121111184359, 0.000135429363581, 8.38816873738e-08]
    },
    "gfcc": {
        "mean": [-26.5248451233, 59.3046875, -54.7014198303, 57.2635726929, -57.0710830688, 38.6166000366, -21.3467407227, 17.5905990601, -18.7886791229, 11.9910497665, -12.662279129, 5.12760972977, -12.2762012482],
        "cov": [[17830.4414062, -3058.72827148, -2592.19873047, 238.518890381, -1217.96008301, -165.936325073, -918.914916992, -29.0090427399, -1062.95227051, 482.654144287, -749.120300293, 229.958221436, -305.237976074], [-3058.72827148, 3746.8828125, 238.753463745, -1038.05126953, 652.154541016, -255.850723267, 157.96812439, -151.290481567, 364.778930664, -544.330810547, 260.632293701, -240.720748901, 180.329818726], [-2592.19873047, 238.753463745, 1584.68994141, 379.742340088, 24.1390285492, 174.347122192, 314.543701172, 116.054122925, 182.551849365, -182.616348267, 14.8141927719, -59.9431228638, 51.066493988], [238.518890381, -1038.05126953, 379.742340088, 851.176513672, -109.284362793, 96.5689468384, 190.840087891, 125.669387817, -35.3017539978, 87.8592758179, -79.4495010376, 9.95530986786, 7.07983016968], [-1217.96008301, 652.154541016, 24.1390285492, -109.284362793, 489.962249756, 50.1880912781, 115.749595642, -22.6102142334, 135.738540649, -55.507106781, 119.545295715, -47.4027366638, 16.9342765808], [-165.936325073, -255.850723267, 174.347122192, 96.5689468384, 50.1880912781, 293.14541626, 49.0811958313, 31.191701889, 12.0780563354, 51.863117218, 25.1800708771, 10.3691263199, -34.058265686], [-918.914916992, 157.96812439, 314.543701172, 190.840087891, 115.749595642, 49.0811958313, 338.2734375, 64.4149169922, 62.4072227478, -50.6473922729, 40.1833190918, -26.5234336853, 32.7338066101], [-29.0090427399, -151.290481567, 116.054122925, 125.669387817, -22.6102142334, 31.191701889, 64.4149169922, 164.680145264, 35.1333732605, -44.3249130249, -37.4815406799, 15.0677022934, 35.8191223145], [-1062.95227051, 364.778930664, 182.551849365, -35.3017539978, 135.738540649, 12.0780563354, 62.4072227478, 35.1333732605, 191.757644653, -17.0575027466, 78.9064941406, -40.7393531799, 25.7875556946], [482.654144287, -544.330810547, -182.616348267, 87.8592758179, -55.507106781, 51.863117218, -50.6473922729, -44.3249130249, -17.0575027466, 254.603622437, 39.0951728821, 31.7174854279, -83.2541885376], [-749.120300293, 260.632293701, 14.8141927719, -79.4495010376, 119.545295715, 25.1800708771, 40.1833190918, -37.4815406799, 78.9064941406, 39.0951728821, 174.30418396, 2.93516731262, -3.62346363068], [229.958221436, -240.720748901, -59.9431228638, 9.95530986786, -47.4027366638, 10.3691263199, -26.5234336853, 15.0677022934, -40.7393531799, 31.7174854279, 2.93516731262, 90.1596603394, 7.53037309647], [-305.237976074, 180.329818726, 51.066493988, 7.07983016968, 16.9342765808, -34.058265686, 32.7338066101, 35.8191223145, 25.7875556946, -83.2541885376, -3.62346363068, 7.53037309647, 105.753982544]],
        "icov": [[0.000130379470647, -7.91636339272e-05, 0.000171088962816, -0.000126781640574, 0.000141893644468, -7.23808843759e-05, 0.000146089092596, -0.000198153458769, 0.000405453814892, -0.00015575136058, 0.000299660488963, -4.60218143417e-05, 0.000205102085602], [-7.91636339272e-05, 0.00148702436127, -0.000205696662306, 0.00138023262843, -0.000660152581986, 0.000650204077829, -0.000664692139253, 0.00103827856947, -0.00117431790568, 0.00205130432732, -0.00116110721137, 0.00194991449825, -0.000865431560669], [0.000171088962816, -0.000205696662306, 0.00148156587966, -0.000834639300592, 0.000866808113642, -0.000879276951309, -0.000407852785429, 0.000362697668606, -0.00105845043436, 0.00118942721747, 0.000483454903588, -0.000529350887518, 0.00101516838185], [-0.000126781640574, 0.00138023262843, -0.000834639300592, 0.00348377856426, -0.00067991722608, 0.000642395054456, -0.00157600024249, -0.000362646154827, 5.3682091675e-05, -0.000151841624756, -0.000363526894944, 0.00248652347364, -0.00194540829398], [0.000141893644468, -0.000660152581986, 0.000866808113642, -0.00067991722608, 0.00390244903974, -0.00127290864475, -0.000719072122592, 0.000603673746809, -0.00149599730503, 0.000612702337094, -0.000413419504184, -0.00055041804444, 0.00101761706173], [-7.23808843759e-05, 0.000650204077829, -0.000879276951309, 0.000642395054456, -0.00127290864475, 0.00480188382789, -0.00018732418539, -0.000972441164777, 0.000585926289205, -0.000447802623967, -0.00106341671199, 0.000555267033633, 0.00063020538073], [0.000146089092596, -0.000664692139253, -0.000407852785429, -0.00157600024249, -0.000719072122592, -0.00018732418539, 0.00529328687117, -0.00196461123414, 0.0016688426258, -0.000674006994814, -0.000794885505456, 0.000305576220853, -4.7196255764e-05], [-0.000198153458769, 0.00103827856947, 0.000362697668606, -0.000362646154827, 0.000603673746809, -0.000972441164777, -0.00196461123414, 0.0114012677222, -0.00613289885223, 0.00417421804741, 0.00189315807074, -0.00270334514789, -0.00111765833572], [0.000405453814892, -0.00117431790568, -0.00105845043436, 5.3682091675e-05, -0.00149599730503, 0.000585926289205, 0.0016688426258, -0.00613289885223, 0.0140718594193, -0.00516510615125, -0.00247814762406, 0.00422395439819, -0.00221410603262], [-0.00015575136058, 0.00205130432732, 0.00118942721747, -0.000151841624756, 0.000612702337094, -0.000447802623967, -0.000674006994814, 0.00417421804741, -0.00516510615125, 0.0121978074312, -0.00349386967719, -0.000755832530558, 0.00483714463189], [0.000299660488963, -0.00116110721137, 0.000483454903588, -0.000363526894944, -0.000413419504184, -0.00106341671199, -0.000794885505456, 0.00189315807074, -0.00247814762406, -0.00349386967719, 0.011573520489, -0.00445998786017, 0.000532124366146], [-4.60218143417e-05, 0.00194991449825, -0.000529350887518, 0.00248652347364, -0.00055041804444, 0.000555267033633, 0.000305576220853, -0.00270334514789, 0.00422395439819, -0.000755832530558, -0.00445998786017, 0.0187470912933, -0.00539337750524], [0.000205102085602, -0.000865431560669, 0.00101516838185, -0.00194540829398, 0.00101761706173, 0.00063020538073, -4.7196255764e-05, -0.00111765833572, -0.00221410603262, 0.00483714463189, 0.000532124366146, -0.00539337750524, 0.0163470059633]]
    },
    "melbands": {
        "dmean": [0.0074097122997, 0.00564552331343, 0.000655502837617, 0.000404148217058, 0.00037227733992, 0.000188510355656, 0.000114952898002, 0.000101557459857, 8.20295317681e-05, 6.17574332864e-05, 9.5386589237e-05, 3.78153417842e-05, 3.20720355376e-05, 1.99497881113e-05, 2.80935746559e-05, 2.51682631642e-05, 2.70808232017e-05, 1.02654330476e-05, 9.57865995588e-06, 6.97044697517e-06, 5.06857304572e-06, 4.1474727368e-06, 4.53866550743e-06, 4.64787581222e-06, 7.18839419278e-06, 7.00688315192e-06, 1.24601001517e-05, 9.45696319832e-06, 1.03314978332e-05, 1.28312340166e-05, 1.27271232486e-05, 1.10187993414e-05, 1.49679226524e-05, 1.38707600854e-05, 1.28951805891e-05, 1.0692716387e-05, 1.15796165119e-05, 1.1137050933e-05, 1.16853825602e-05, 7.00049076841e-06],
        "dmean2": [0.0113133490086, 0.00867677107453, 0.00106411264278, 0.000689734937623, 0.000648763903882, 0.000309368711896, 0.000184242046089, 0.000171849795152, 0.000142025979585, 0.00010218659736, 0.000163425414939, 6.39335121377e-05, 5.51141019969e-05, 3.09526985802e-05, 4.254598025e-05, 3.96084506065e-05, 4.36034897575e-05, 1.68673614098e-05, 1.61990374181e-05, 1.10973542178e-05, 7.99468034529e-06, 6.43502471576e-06, 6.91046443535e-06, 7.08760171619e-06, 1.17188465083e-05, 1.11981535156e-05, 1.99560417968e-05, 1.50241858137e-05, 1.63060249179e-05, 2.04866646527e-05, 1.98979196284e-05, 1.71273550222e-05, 2.39952623815e-05, 2.1968893634e-05, 1.9610295567e-05, 1.65277451742e-05, 1.8080621885e-05, 1.69381655724e-05, 1.82540970854e-05, 1.09498441816e-05],
        "dvar": [0.000102353165857, 7.28700833861e-05, 1.29047543851e-06, 6.57371458601e-07, 9.31086958644e-07, 1.75149722281e-07, 6.70736710617e-08, 6.24277021188e-08, 4.33038174208e-08, 1.9280742336e-08, 7.49529007749e-08, 7.83209497257e-09, 5.08185982184e-09, 2.54694332291e-09, 6.91212642678e-09, 4.87074425237e-09, 1.11979545636e-08, 5.91755644486e-10, 7.06963376729e-10, 2.85577089754e-10, 1.2957572515e-10, 9.05056932177e-11, 1.11434403371e-10, 1.16023420038e-10, 2.84156836949e-10, 2.74878675377e-10, 4.7168008388e-10, 3.62408325572e-10, 4.04080324756e-10, 5.65102131755e-10, 5.42675349102e-10, 4.12273742922e-10, 1.7993667667e-09, 6.83827827697e-10, 7.8884498933e-10, 9.94579973934e-10, 8.73412397961e-10, 6.39606922981e-10, 5.85668957775e-10, 3.29318489145e-10],
        "dvar2": [0.000269129785011, 0.000187404031749, 3.29556064571e-06, 1.79773280706e-06, 2.56689486378e-06, 4.06565987987e-07, 1.54087203441e-07, 1.65040958677e-07, 1.16720570986e-07, 4.62438052296e-08, 1.96637230943e-07, 1.94793585706e-08, 1.29870425525e-08, 5.84775161627e-09, 1.4407157245e-08, 1.18972725005e-08, 2.60722980983e-08, 1.44323208939e-09, 1.82717918573e-09, 6.88585244379e-10, 3.08008007988e-10, 2.08061373685e-10, 2.32232261199e-10, 2.38894792837e-10, 7.18838710778e-10, 6.81375789124e-10, 1.15611675788e-09, 8.86865969552e-10, 9.64589741415e-10, 1.16712317588e-09, 1.22554666415e-09, 1.03816899522e-09, 4.61586724398e-09, 1.6336502151e-09, 1.50931711573e-09, 2.27915641915e-09, 1.85478832293e-09, 1.15671239254e-09, 1.31450561547e-09, 7.1750266839e-10],
        "max": [0.0871177688241, 0.102748386562, 0.00931651890278, 0.00679623056203, 0.00997251737863, 0.00526833627373, 0.00295002805069, 0.00284630572423, 0.00191274378449, 0.00126797263511, 0.00258882250637, 0.000735541107133, 0.000755942834076, 0.000813098624349, 0.00178117631003, 0.00104272936005, 0.0024360078387, 0.000418187410105, 0.000340767466696, 0.000238097956753, 0.000120218464872, 0.000102657075331, 0.000108193831693, 0.000111913097498, 0.000159021248692, 0.000156965994393, 0.000186694058357, 0.000168574930285, 0.000195230619283, 0.00031369223143, 0.000244355614996, 0.000354238320142, 0.00104791251943, 0.000444693461759, 0.000711872125976, 0.000756257446483, 0.000587827933487, 0.000503071059939, 0.000364300532965, 0.000418718846049],
        "mean": [0.0113843055442, 0.00920609105378, 0.000916390039492, 0.000457039539469, 0.000340231665177, 0.000193737825612, 0.000128920088173, 0.000103608734207, 7.99495101091e-05, 6.48252680548e-05, 8.4345927462e-05, 4.17397095589e-05, 3.67178108718e-05, 2.44303537329e-05, 3.63903127436e-05, 2.9125587389e-05, 3.35958575306e-05, 1.21541570479e-05, 1.05061126305e-05, 8.4519306256e-06, 6.55024496155e-06, 5.37556979907e-06, 5.43389796803e-06, 5.89346791458e-06, 8.5077372205e-06, 7.63938169257e-06, 1.65323908732e-05, 1.25040060084e-05, 1.23013851407e-05, 1.51677822942e-05, 1.47187365656e-05, 1.45272388181e-05, 1.966212767e-05, 1.56901023729e-05, 1.48253238876e-05, 1.22004348668e-05, 1.29045756694e-05, 1.27531684484e-05, 1.09539687401e-05, 7.1610361374e-06],
        "median": [0.00607667909935, 0.00550973368809, 0.000559219508432, 0.00017263929476, 5.9564023104e-05, 3.99840391765e-05, 3.16368605127e-05, 2.37820822804e-05, 1.48219132825e-05, 1.57794675033e-05, 1.23297559185e-05, 5.7302577261e-06, 7.08204834154e-06, 6.34498701402e-06, 6.42673603579e-06, 4.77370349472e-06, 2.56285966316e-06, 1.89237528048e-06, 1.49257016346e-06, 1.71052090536e-06, 2.01540638045e-06, 1.3363060134e-06, 1.19954461297e-06, 1.50591722559e-06, 2.86834165308e-06, 2.15734257836e-06, 4.56676843896e-06, 3.21736251863e-06, 3.25297514792e-06, 5.40092196388e-06, 6.09516428085e-06, 4.72381952932e-06, 6.61869580654e-06, 5.17996249982e-06, 4.67157087769e-06, 2.35963079831e-06, 2.09816562347e-06, 1.45383341987e-06, 1.17378579034e-06, 7.5485047546e-07],
        "min": [1.69012407647e-23, 1.99587741255e-23, 8.58873730509e-24, 1.78734897423e-23, 9.57121465317e-24, 1.87981104539e-23, 1.57003704305e-23, 6.92375643448e-24, 9.27101757999e-24, 9.43279480785e-24, 5.54601283566e-24, 5.03082868328e-24, 1.33359775927e-23, 2.50656466334e-23, 5.34045619414e-24, 4.53739737035e-24, 1.09250821934e-23, 2.01643780987e-23, 1.15037069342e-23, 1.23983335764e-23, 7.36529529377e-24, 8.8068731226e-24, 1.47415857308e-23, 1.29719679832e-23, 9.86483814842e-24, 3.95970782414e-24, 4.5981053446e-24, 7.22085959518e-24, 1.07326679746e-23, 1.56978003216e-23, 1.52753384856e-23, 1.20044442824e-23, 1.0557890319e-23, 1.18324189625e-23, 1.34833273435e-23, 1.24318325548e-23, 7.43280995434e-24, 8.7078931671e-24, 7.98543541744e-24, 6.29058906182e-24],
        "var": [0.00018842764257, 0.000141982163768, 1.3636681615e-06, 5.52361257178e-07, 6.53191477795e-07, 1.82196544074e-07, 7.32630383027e-08, 5.7161610556e-08, 3.54378215661e-08, 1.95282918725e-08, 5.85854920132e-08, 8.94710794341e-09, 5.49579937115e-09, 3.31100147299e-09, 1.12313447431e-08, 5.86324144791e-09, 1.56625894476e-08, 7.74094233158e-10, 6.83741840923e-10, 3.29763244489e-10, 1.62075616816e-10, 1.16484863422e-10, 1.53489249088e-10, 1.61765920104e-10, 3.24889004588e-10, 2.95039243037e-10, 6.41048825134e-10, 4.1713865695e-10, 5.12615339066e-10, 9.01133001552e-10, 5.87764503734e-10, 5.23235066385e-10, 3.02985947442e-09, 8.98700336371e-10, 1.34475941493e-09, 1.68338287754e-09, 1.4396872583e-09, 1.26273258516e-09, 7.53940576637e-10, 4.66229554963e-10]
    },
    "mfcc": {
        "mean": [-683.761413574, 87.0061340332, 58.3884544373, 33.4346885681, 8.35024166107, 24.3517684937, 13.1004924774, 14.4823465347, 7.03813409805, 9.28515815735, 7.89609479904, 6.67814826965, 5.67201948166],
        "cov": [[16406.2128906, -2857.76489258, -1476.07312012, -317.926483154, -862.101013184, -267.148345947, -376.468231201, -823.684387207, -391.835418701, -183.930969238, -414.907226562, -459.879425049, -317.391418457], [-2857.76489258, 3802.66479492, -273.45526123, -488.31652832, 330.433349609, -202.020233154, -101.924583435, 203.702941895, -38.6083526611, -119.518508911, 55.7098083496, -7.09091711044, -119.885910034], [-1476.07312012, -273.45526123, 1326.16455078, 350.571838379, 4.43994235992, 29.1998291016, 111.777000427, 266.223571777, 193.07258606, 42.0453796387, -25.4304885864, 19.7274227142, 27.7798519135], [-317.926483154, -488.31652832, 350.571838379, 564.852722168, -61.6417884827, 55.8620452881, 118.874656677, 93.0269699097, 129.007446289, 91.9526290894, -38.697101593, -12.1249170303, 69.9012680054], [-862.101013184, 330.433349609, 4.43994235992, -61.6417884827, 314.240325928, 66.4066619873, 12.5483379364, 62.7337417603, 18.9328155518, 11.2909574509, 71.0402908325, 48.6135902405, -7.02998018265], [-267.148345947, -202.020233154, 29.1998291016, 55.8620452881, 66.4066619873, 247.119445801, 107.151779175, -0.800266027451, -6.76194763184, 51.3761558533, 72.4449615479, 65.9964752197, 28.1206874847], [-376.468231201, -101.924583435, 111.777000427, 118.874656677, 12.5483379364, 107.151779175, 199.103561401, 112.954223633, 59.593132019, 29.4162273407, 17.0360813141, 17.1442146301, 31.9199066162], [-823.684387207, 203.702941895, 266.223571777, 93.0269699097, 62.7337417603, -0.800266027451, 112.954223633, 266.238037109, 131.523681641, 15.1419229507, -15.696349144, -11.723742485, 1.85188758373], [-391.835418701, -38.6083526611, 193.07258606, 129.007446289, 18.9328155518, -6.76194763184, 59.593132019, 131.523681641, 170.268508911, 51.2513504028, -24.282989502, -10.1682748795, 9.34139537811], [-183.930969238, -119.518508911, 42.0453796387, 91.9526290894, 11.2909574509, 51.3761558533, 29.4162273407, 15.1419229507, 51.2513504028, 98.6506500244, 47.2867736816, 28.5136508942, 22.1427326202], [-414.907226562, 55.7098083496, -25.4304885864, -38.697101593, 71.0402908325, 72.4449615479, 17.0360813141, -15.696349144, -24.282989502, 47.2867736816, 126.820632935, 86.7377700806, 20.3566532135], [-459.879425049, -7.09091711044, 19.7274227142, -12.1249170303, 48.6135902405, 65.9964752197, 17.1442146301, -11.723742485, -10.1682748795, 28.5136508942, 86.7377700806, 119.376121521, 55.2076683044], [-317.391418457, -119.885910034, 27.7798519135, 69.9012680054, -7.02998018265, 28.1206874847, 31.9199066162, 1.85188758373, 9.34139537811, 22.1427326202, 20.3566532135, 55.2076683044, 101.876365662]],
