{
"lowlevel": {
    "average_loudness": 0.961863696575,
    "barkbands_crest": {
        "dmean": 3.68955779076,
        "dmean2": 6.04383993149,
        "dvar": 12.8423213959,
        "dvar2": 30.1302967072,
        "max": 26.4633960724,
        "mean": 15.9168844223,
        "median": 16.4166984558,
        "min": 2.32311868668,
        "var": 32.1641616821
    },
    "barkbands_flatness_db": {
        "dmean": 0.0938682258129,
        "dmean2": 0.127579256892,
        "dvar": 0.0105382939801,
        "dvar2": 0.0196779500693,
        "max": 0.903847515583,
        "mean": 0.358390778303,
        "median": 0.337316095829,
        "min": 0.0215676929802,
        "var": 0.04437045753
    },
    "barkbands_kurtosis": {
        "dmean": 83.5715179443,
        "dmean2": 138.676971436,
        "dvar": 26959.328125,
        "dvar2": 73489.765625,
        "max": 2675.5078125,
        "mean": 90.2735977173,
        "median": 24.0294113159,
        "min": -1.95106065273,
        "var": 25289.2480469
    },
    "barkbands_skewness": {
        "dmean": 3.11130142212,
        "dmean2": 4.93959140778,
        "dvar": 12.8345565796,
        "dvar2": 33.2832298279,
        "max": 40.4938697815,
        "mean": 5.13689088821,
        "median": 3.76934528351,
        "min": -4.60157775879,
        "var": 23.9899749756
    },
    "barkbands_spread": {
        "dmean": 12.5161190033,
        "dmean2": 20.7411785126,
        "dvar": 431.833984375,
        "dvar2": 936.593383789,
        "max": 138.212020874,
        "mean": 15.9834337234,
        "median": 2.3963599205,
        "min": 0.0291263386607,
        "var": 703.116271973
    },
    "dissonance": {
        "dmean": 0.0319381542504,
        "dmean2": 0.0494231395423,
        "dvar": 0.00252133025788,
        "dvar2": 0.00529996771365,
        "max": 0.500000059605,
        "mean": 0.440087020397,
        "median": 0.479553878307,
        "min": 0.0138503890485,
        "var": 0.00792672578245
    },
    "dynamic_complexity": 6.34626579285,
    "erbbands_crest": {
        "dmean": 4.34665155411,
        "dmean2": 6.93236255646,
        "dvar": 21.0494556427,
        "dvar2": 45.0384559631,
        "max": 29.2564678192,
        "mean": 13.1656475067,
        "median": 12.6723861694,
        "min": 2.58610653877,
        "var": 52.7509307861
    },
    "erbbands_flatness_db": {
        "dmean": 0.059611286968,
        "dmean2": 0.0880419164896,
        "dvar": 0.0051831966266,
        "dvar2": 0.00968704000115,
        "max": 0.580489933491,
        "mean": 0.227910086513,
        "median": 0.181724786758,
        "min": 0.0346035212278,
        "var": 0.0176155045629
    },
    "erbbands_kurtosis": {
        "dmean": 23.6386432648,
        "dmean2": 37.3068962097,
        "dvar": 2605.38720703,
        "dvar2": 5221.33349609,
        "max": 507.436004639,
        "mean": 28.6055202484,
        "median": 2.8323135376,
        "min": -1.90729832649,
        "var": 5235.70996094
    },
    "erbbands_skewness": {
        "dmean": 1.90648198128,
        "dmean2": 2.92073273659,
        "dvar": 5.37224292755,
        "dvar2": 11.6854305267,
        "max": 18.6663589478,
        "mean": 2.12180662155,
        "median": 1.20321846008,
        "min": -4.77944660187,
        "var": 12.8326206207
    },
    "erbbands_spread": {
        "dmean": 31.0894298553,
        "dmean2": 51.3267555237,
        "dvar": 1397.75292969,
        "dvar2": 3393.79711914,
        "max": 226.029815674,
        "mean": 49.8806762695,
        "median": 34.9538269043,
        "min": 0.382459193468,
        "var": 2296.03637695
    },
    "hfc": {
        "dmean": 13.606590271,
        "dmean2": 22.2207546234,
        "dvar": 777.293945312,
        "dvar2": 1963.58996582,
        "max": 196.304153442,
        "mean": 13.3449821472,
        "median": 2.69726014137,
        "min": 1.92306830182e-11,
        "var": 764.467834473
    },
    "melbands_crest": {
        "dmean": 4.31247520447,
        "dmean2": 7.07020902634,
        "dvar": 21.8796386719,
        "dvar2": 51.2272262573,
        "max": 38.8923454285,
        "mean": 22.6291637421,
        "median": 23.8182411194,
        "min": 2.18067789078,
        "var": 47.0106277466
    },
    "melbands_flatness_db": {
        "dmean": 0.109926700592,
        "dmean2": 0.147287368774,
        "dvar": 0.0142789436504,
        "dvar2": 0.026566427201,
        "max": 1,
        "mean": 0.462807476521,
        "median": 0.448290944099,
        "min": 0.00508998474106,
        "var": 0.0653207525611
    },
    "melbands_kurtosis": {
        "dmean": 132.484542847,
        "dmean2": 216.781066895,
        "dvar": 42569.5625,
        "dvar2": 105774.445312,
        "max": 2645.77172852,
        "mean": 164.615692139,
        "median": 59.6771011353,
        "min": -1.85233271122,
        "var": 55763.1210938
    },
    "melbands_skewness": {
        "dmean": 3.9672961235,
        "dmean2": 6.33157157898,
        "dvar": 19.8031616211,
        "dvar2": 51.1269187927,
        "max": 43.8284034729,
        "mean": 6.67514801025,
        "median": 4.74779605865,
        "min": -1.94279909134,
        "var": 37.5053672791
    },
    "melbands_spread": {
        "dmean": 11.9805612564,
        "dmean2": 19.905216217,
        "dvar": 659.135742188,
        "dvar2": 1621.36328125,
        "max": 253.503509521,
        "mean": 14.0537338257,
        "median": 1.14709842205,
        "min": 0.10593097657,
        "var": 919.157531738
    },
    "pitch_salience": {
        "dmean": 0.134844452143,
        "dmean2": 0.212693348527,
        "dvar": 0.0178878977895,
        "dvar2": 0.0419588312507,
        "max": 0.979485273361,
        "mean": 0.364448428154,
        "median": 0.30874478817,
        "min": 0.0285118315369,
        "var": 0.0419509783387
    },
    "silence_rate_20dB": {
        "dmean": 0,
        "dmean2": 0,
        "dvar": 0,
        "dvar2": 0,
        "max": 1,
        "mean": 1,
        "median": 1,
        "min": 1,
        "var": 0
    },
    "silence_rate_30dB": {
        "dmean": 0.0917998999357,
        "dmean2": 0.183694526553,
        "dvar": 0.0833734050393,
        "dvar2": 0.182973667979,
        "max": 1,
        "mean": 0.904123723507,
        "median": 1,
        "min": 0,
        "var": 0.0866834372282
    },
    "silence_rate_60dB": {
        "dmean": 0.0856111422181,
        "dmean2": 0.170794636011,
        "dvar": 0.0782820358872,
        "dvar2": 0.146784514189,
        "max": 1,
        "mean": 0.223711341619,
        "median": 0,
        "min": 0,
        "var": 0.173666447401
    },
    "spectral_centroid": {
        "dmean": 564.685852051,
        "dmean2": 895.238464355,
        "dvar": 690610.9375,
        "dvar2": 1456668.375,
        "max": 6330.12158203,
        "mean": 1044.12768555,
        "median": 341.885375977,
        "min": 58.1342163086,
        "var": 1580488.125
    },
    "spectral_complexity": {
        "dmean": 3.69881391525,
        "dmean2": 5.69453048706,
        "dvar": 53.4900283813,
        "dvar2": 96.8846130371,
        "max": 60,
        "mean": 5.44226789474,
        "median": 2,
        "min": 0,
        "var": 109.899345398
    },
    "spectral_decrease": {
        "dmean": 6.14273343302e-09,
        "dmean2": 9.63402868592e-09,
        "dvar": 9.22274222214e-17,
        "dvar2": 2.12769051522e-16,
        "max": 2.47210520284e-12,
        "mean": -9.23190501823e-09,
        "median": -3.13794767948e-09,
        "min": -7.5989859738e-08,
        "var": 1.61803343784e-16
    },
    "spectral_energy": {
        "dmean": 0.0241123996675,
        "dmean2": 0.0377403013408,
        "dvar": 0.00137089029886,
        "dvar2": 0.00314790941775,
        "max": 0.289481073618,
        "mean": 0.0360537394881,
        "median": 0.0123480707407,
        "min": 9.42289510173e-15,
        "var": 0.00241311057471
    },
    "spectral_energyband_high": {
        "dmean": 0.0012493673712,
        "dmean2": 0.00210633710958,
        "dvar": 8.24557355372e-06,
        "dvar2": 2.1111452952e-05,
        "max": 0.0177165288478,
        "mean": 0.00102415971924,
        "median": 2.6938640076e-05,
        "min": 1.09655900676e-15,
        "var": 7.21643436918e-06
    },
    "spectral_energyband_low": {
        "dmean": 0.0204792506993,
        "dmean2": 0.0322917662561,
        "dvar": 0.00117919477634,
        "dvar2": 0.00280606443994,
        "max": 0.286544531584,
        "mean": 0.0306270308793,
        "median": 0.0109220920131,
        "min": 1.68243115582e-15,
        "var": 0.00200019148178
    },
    "spectral_energyband_middle_high": {
        "dmean": 0.000987306120805,
        "dmean2": 0.00166119611822,
        "dvar": 8.46183775138e-06,
        "dvar2": 2.15622949327e-05,
        "max": 0.0281073469669,
        "mean": 0.00094871816691,
        "median": 3.4904518543e-05,
        "min": 1.46622017269e-15,
        "var": 9.85344377114e-06
    },
    "spectral_energyband_middle_low": {
        "dmean": 0.007084867917,
        "dmean2": 0.0123005500063,
        "dvar": 0.000364136969438,
        "dvar2": 0.000967069063336,
        "max": 0.166828498244,
        "mean": 0.00529752671719,
        "median": 0.000479767797515,
        "min": 5.1750494352e-15,
        "var": 0.000260105211055
    },
    "spectral_entropy": {
        "dmean": 0.734454274178,
        "dmean2": 1.07421338558,
        "dvar": 0.899852097034,
        "dvar2": 1.61514627934,
        "max": 9.09464168549,
        "mean": 6.5412812233,
        "median": 7.09038448334,
        "min": 2.69321727753,
        "var": 3.09165883064
    },
    "spectral_flux": {
        "dmean": 0.0514183118939,
        "dmean2": 0.0792733058333,
        "dvar": 0.00366356549785,
        "dvar2": 0.00710355769843,
        "max": 0.449057906866,
        "mean": 0.102109700441,
        "median": 0.072862342,
        "min": 5.83057453696e-06,
        "var": 0.00996089819819
    },
    "spectral_kurtosis": {
        "dmean": 29.3525180817,
        "dmean2": 46.4933815002,
        "dvar": 5818.08154297,
        "dvar2": 13116.8369141,
        "max": 657.429992676,
        "mean": 44.0238037109,
        "median": 3.2040719986,
        "min": -1.07899940014,
        "var": 11795.6259766
    },
    "spectral_rms": {
        "dmean": 0.0017656115815,
        "dmean2": 0.00257218396291,
        "dvar": 4.67760764877e-06,
        "dvar2": 9.28317967919e-06,
        "max": 0.0168053731322,
        "mean": 0.00459210108966,
        "median": 0.00347086414695,
        "min": 3.03200731189e-09,
        "var": 1.40870270116e-05
    },
    "spectral_rolloff": {
        "dmean": 1132.5637207,
        "dmean2": 2040.515625,
        "dvar": 6866988.5,
        "dvar2": 15437389,
        "max": 18044.8242188,
        "mean": 1508.69055176,
        "median": 129.19921875,
        "min": 21.533203125,
        "var": 11649533
    },
    "spectral_skewness": {
        "dmean": 1.50911927223,
        "dmean2": 2.28520703316,
        "dvar": 7.66588783264,
        "dvar2": 14.9721021652,
        "max": 22.9139060974,
        "mean": 3.52572226524,
        "median": 1.49614870548,
        "min": 0.00503900554031,
        "var": 22.1400928497
    },
    "spectral_spread": {
        "dmean": 1750978,
        "dmean2": 2769626.75,
        "dvar": 5.15639974298e+12,
        "dvar2": 1.10200797266e+13,
        "max": 24728070,
        "mean": 5596199.5,
        "median": 5318464,
        "min": 162273.421875,
        "var": 1.10280950415e+13
    },
    "spectral_strongpeak": {
        "dmean": 0.208687588573,
        "dmean2": 0.341043889523,
        "dvar": 0.0770144835114,
        "dvar2": 0.180718764663,
        "max": 2.28467655182,
        "mean": 0.375332266092,
        "median": 0.292100906372,
        "min": 0,
        "var": 0.125656276941
    },
    "zerocrossingrate": {
        "dmean": 0.023749506101,
        "dmean2": 0.0301729086787,
        "dvar": 0.00166174629703,
        "dvar2": 0.00245502148755,
        "max": 0.5068359375,
        "mean": 0.0515687912703,
        "median": 0.01611328125,
        "min": 0.0009765625,
        "var": 0.0068859346211
    },
    "barkbands": {
        "dmean": [0.000822714471724, 0.0133981602266, 0.0110504552722, 0.004591552075, 0.00226485729218, 0.000375888659619, 0.000165226898389, 5.84630251979e-05, 8.89447182999e-05, 0.000124488709844, 6.00507300987e-05, 7.92658684077e-05, 0.000134475252707, 8.20321292849e-05, 0.000123548830743, 0.000112039218948, 8.38205596665e-05, 0.000115214090329, 0.000107906183985, 0.00017237396969, 0.000221940179472, 0.000284260255285, 0.000200475609745, 0.000134167814394, 0.000197262750589, 0.000181523457286, 1.15939019452e-05],
        "dmean2": [0.00131328857969, 0.0225400105119, 0.0186951961368, 0.00834270846099, 0.0039320779033, 0.000643912353553, 0.000300436629914, 0.000103550155472, 0.000162747615832, 0.000236689142184, 9.51721449383e-05, 0.000143948214827, 0.000226925985771, 0.000135528578539, 0.00021430333436, 0.00019466302183, 0.000145079437061, 0.000209282414289, 0.00018379939138, 0.000293818244245, 0.00037409903598, 0.000481491093524, 0.00033917176188, 0.00023566056916, 0.000352905713953, 0.000318780890666, 2.04168063647e-05],
        "dvar": [2.1584633032e-06, 0.000556697836146, 0.000534931838047, 0.000179499140359, 5.13032573508e-05, 1.34268134389e-06, 2.35685462258e-07, 3.91138250677e-08, 1.32149040155e-07, 2.93246216643e-07, 4.36310862995e-08, 1.22563079685e-07, 3.412599483e-07, 8.34830089502e-08, 1.83448548796e-07, 1.12759600768e-07, 8.63262599182e-08, 1.18366791924e-07, 6.47257110131e-08, 1.82281013394e-07, 2.74058578498e-07, 5.99222630626e-07, 3.17888577683e-07, 1.15327175365e-07, 2.93407936169e-07, 2.90744367248e-07, 9.44347378073e-10],
        "dvar2": [5.15086367159e-06, 0.00149797089398, 0.00137155340053, 0.00050630280748, 0.000131690059789, 3.60543208444e-06, 6.55812129935e-07, 1.08590938908e-07, 3.79711138976e-07, 8.53182598348e-07, 9.91055912891e-08, 3.65134553704e-07, 9.65140316112e-07, 2.05238436024e-07, 4.81538847907e-07, 2.92936903179e-07, 2.35792114722e-07, 3.23301009075e-07, 1.63056014912e-07, 4.71044387496e-07, 6.81503934175e-07, 1.57894874064e-06, 8.50775734307e-07, 3.18900504226e-07, 8.14404302218e-07, 7.86949840403e-07, 2.45547537858e-09],
        "max": [0.0114478478208, 0.173962801695, 0.160793080926, 0.11927498132, 0.0585215985775, 0.0151530047879, 0.00457371538505, 0.00233354698867, 0.00471847690642, 0.0062694363296, 0.00275317649357, 0.00426697311923, 0.00691955629736, 0.00345130776986, 0.00469527300447, 0.00452268123627, 0.00334054487757, 0.00377670745365, 0.00222584139556, 0.00314537412487, 0.00440999865532, 0.00591884413734, 0.0053440509364, 0.00291402824223, 0.00459642848, 0.00524576520547, 0.000303382694256],
        "mean": [0.000909777358174, 0.0169005598873, 0.0109948441386, 0.00312027591281, 0.00163962319493, 0.000297694059554, 0.000113284302643, 4.07866100431e-05, 6.16892721155e-05, 7.26563448552e-05, 5.36679071956e-05, 6.12681324128e-05, 0.000113232439617, 8.98811558727e-05, 0.000112873363832, 9.89778709481e-05, 7.61643677833e-05, 0.000104901890154, 0.000100835626654, 0.00015042751329, 0.000185812808922, 0.000220814123168, 0.000155903209816, 0.000106047336885, 0.000136314876727, 0.000127081744722, 8.3760560301e-06],
        "median": [9.40804020502e-05, 0.00688852183521, 0.00247328472324, 0.000217550928937, 0.000129074353026, 5.11616872245e-06, 1.46333388784e-06, 7.91793695498e-07, 8.29328087093e-07, 7.3201459827e-07, 7.20225614259e-07, 9.54062670644e-07, 1.06672018774e-06, 1.10115092866e-06, 1.43888780713e-06, 2.00949898499e-06, 1.94516678675e-06, 2.18345235226e-06, 2.85575288217e-06, 2.56772136709e-06, 3.22655341733e-06, 3.55225392923e-06, 3.16330010719e-06, 2.77562821793e-06, 1.37232245834e-06, 5.77427158532e-07, 3.60089629226e-08],
        "min": [4.87366081889e-16, 7.2643769018e-16, 4.7720195122e-16, 4.68184332584e-16, 1.11653278481e-15, 1.01216773779e-15, 8.82574873238e-16, 7.38027800816e-16, 7.84450129705e-16, 5.16196171738e-16, 2.98037012821e-16, 1.67848247351e-16, 5.18322555308e-17, 3.68268484945e-17, 9.11456486512e-17, 1.26847763123e-16, 9.39422735104e-17, 7.57481910918e-17, 8.25601160804e-17, 2.17364354153e-17, 4.02333833978e-17, 1.42641155646e-16, 1.22793492861e-16, 6.6946122489e-17, 1.93819587768e-16, 1.56848148103e-16, 3.75302828874e-16],
        "var": [3.13631221616e-06, 0.000673390983138, 0.00053558126092, 0.000110642758955, 3.84353479603e-05, 1.00181284779e-06, 1.58718023613e-07, 2.5727981523e-08, 8.30307769206e-08, 1.61036311397e-07, 4.92628231541e-08, 8.46103560548e-08, 2.79862831576e-07, 1.11607079134e-07, 1.88723433325e-07, 1.1878364603e-07, 7.88768801385e-08, 1.15896192199e-07, 7.83686360251e-08, 1.70776360164e-07, 2.60051507439e-07, 4.7319858254e-07, 2.37350747057e-07, 8.62235083332e-08, 1.93646016555e-07, 1.99428654923e-07, 7.23412552084e-10]
    },
    "erbbands": {
        "dmean": [0.296684592962, 3.39482450485, 11.5711174011, 14.299156189, 12.3921175003, 4.94702529907, 2.95852470398, 2.99716329575, 2.40658736229, 1.84745967388, 1.44188594818, 2.28143620491, 3.23498821259, 3.44812083244, 2.52984786034, 3.45137023926, 5.32724094391, 4.93520975113, 5.28345632553, 7.00878667831, 5.21420192719, 4.70555686951, 6.20797967911, 5.51062583923, 6.17403841019, 8.19774627686, 8.56171894073, 10.9052972794, 9.61650848389, 6.91909742355, 5.3440246582, 2.51231336594, 2.61704564095, 1.98839318752, 1.50951528549, 0.913973867893, 0.290989160538, 0.0525719970465, 0.00142220396083, 6.23187879683e-05],
        "dmean2": [0.472213089466, 5.73143768311, 18.7351016998, 24.5615768433, 21.9917469025, 8.65698432922, 5.22735738754, 5.07635116577, 4.2298078537, 3.39674520493, 2.54067206383, 4.2056646347, 6.09987831116, 6.2233042717, 4.30568218231, 6.23373985291, 9.04896068573, 8.35988044739, 8.75514888763, 12.5940284729, 9.1689786911, 8.22678089142, 11.2216453552, 9.89249706268, 10.2982492447, 13.9752340317, 14.7094144821, 18.4399375916, 16.0481872559, 11.659163475, 9.07435321808, 4.25569820404, 4.68731498718, 3.60197472572, 2.69161295891, 1.61582386494, 0.505997538567, 0.0910964086652, 0.00246629817411, 0.000102104531834],
        "dvar": [0.242960527539, 39.5272331238, 570.590637207, 1181.98242188, 1526.68701172, 197.673919678, 64.431427002, 89.5821380615, 48.3400154114, 30.1586418152, 25.5376529694, 95.0715103149, 173.356842041, 199.261047363, 77.3047943115, 268.037017822, 569.270996094, 377.256469727, 319.24609375, 487.510406494, 222.50579834, 240.659317017, 368.841491699, 192.200271606, 224.500839233, 407.39755249, 405.936187744, 828.233032227, 657.289123535, 350.182678223, 247.286743164, 37.2183227539, 53.1487312317, 34.5398178101, 18.1064472198, 7.61377573013, 0.765831947327, 0.0182106327266, 1.32077066155e-05, 1.29527153447e-08],
        "dvar2": [0.591882169247, 105.24407196, 1486.69677734, 3131.23535156, 4084.15625, 518.825012207, 171.275985718, 240.750259399, 130.693557739, 84.7104034424, 70.2675552368, 275.737426758, 500.934509277, 562.698791504, 195.687057495, 792.371398926, 1625.23034668, 1017.53405762, 730.71673584, 1301.28662109, 568.904846191, 642.955444336, 994.581054688, 536.298400879, 555.688964844, 1052.53344727, 1008.359375, 2156.08056641, 1700.56555176, 922.830810547, 673.751281738, 98.2036819458, 149.556137085, 97.2657623291, 50.142326355, 20.7196884155, 2.05679631233, 0.048201084137, 3.42021448887e-05, 3.26216458291e-08],
        "max": [4.17822265625, 50.17137146, 182.170974731, 290.13949585, 337.79788208, 121.00491333, 80.4570007324, 126.409263611, 68.3376693726, 43.1030654907, 57.2187995911, 131.465805054, 139.517944336, 161.620239258, 113.321105957, 204.967834473, 283.994567871, 231.694900513, 201.169265747, 220.010787964, 172.433563232, 180.433563232, 203.037277222, 132.792602539, 147.950942993, 163.604553223, 163.587677002, 235.536834717, 228.701919556, 150.417388916, 178.873168945, 54.5327606201, 77.1482315063, 51.3726959229, 36.5377120972, 23.8954238892, 9.121925354, 1.0767840147, 0.0334139466286, 0.0008566454635],
        "mean": [0.386307984591, 4.12727308273, 12.7829465866, 12.0565605164, 8.81118774414, 3.65272402763, 2.29318547249, 2.39157772064, 1.76815903187, 1.23216545582, 1.01778459549, 1.54919612408, 1.96267640591, 2.24433851242, 2.21898674965, 2.74399328232, 4.66166973114, 4.85154390335, 5.59002351761, 6.18161344528, 5.00692653656, 4.41077518463, 5.74853515625, 4.90436697006, 5.70073127747, 7.11844348907, 7.34009313583, 8.52107334137, 7.63131475449, 5.53681612015, 4.15108299255, 2.14190483093, 1.93513298035, 1.37617528439, 1.0399979353, 0.624891340733, 0.207580730319, 0.0377568267286, 0.00104677444324, 6.86381827109e-05],
        "median": [0.0718847364187, 1.63912415504, 4.02789497375, 1.00880134106, 0.879195868969, 0.248880952597, 0.0641089528799, 0.0455029606819, 0.0291565265507, 0.0164479054511, 0.0198532827199, 0.0196781009436, 0.0206164009869, 0.0290680937469, 0.0318692922592, 0.042602725327, 0.0515200123191, 0.0590664446354, 0.0718579888344, 0.0901754796505, 0.118294291198, 0.111797422171, 0.117366969585, 0.148092716932, 0.138417750597, 0.122859448195, 0.142129600048, 0.110218197107, 0.124523922801, 0.109608270228, 0.0880613252521, 0.0659383609891, 0.0446729585528, 0.0197409763932, 0.00749545916915, 0.00200072070584, 0.000946020125411, 0.000277308106888, 3.21391562466e-05, 2.18304048758e-05],
        "min": [2.6559614222e-14, 1.47269905147e-13, 4.92191790796e-13, 1.17599040315e-12, 2.31963601972e-12, 3.9928459844e-12, 6.20175872462e-12, 8.8601148987e-12, 1.17588248166e-11, 1.45503114765e-11, 1.67555431335e-11, 1.78224796032e-11, 1.72494362544e-11, 1.48055335353e-11, 1.07908074837e-11, 6.22767636071e-12, 2.7173380733e-12, 1.73254748222e-12, 3.4515146817e-12, 6.03648771594e-12, 6.80941457734e-12, 5.27883639578e-12, 4.12193629923e-12, 4.5079968404e-12, 3.27474332373e-12, 9.88803114908e-13, 1.55189392153e-12, 1.61515061308e-12, 4.43488952159e-12, 5.27550832879e-12, 3.27004569256e-12, 2.61744337142e-12, 5.76658783658e-13, 2.29021944638e-12, 1.30619733779e-12, 1.12552664671e-12, 1.24357596161e-13, 6.4564381673e-14, 6.34740605346e-14, 5.97463202027e-15],
        "var": [0.400560081005, 44.8956069946, 615.093322754, 924.640075684, 1044.64819336, 143.208297729, 47.3029937744, 68.8172912598, 36.2519798279, 19.4875583649, 17.1399879456, 58.1584892273, 98.0728225708, 124.181152344, 80.4483413696, 182.461517334, 461.587341309, 385.574676514, 448.668365479, 492.034088135, 269.807495117, 236.183837891, 370.92767334, 186.34173584, 263.905029297, 377.607788086, 394.248901367, 673.110168457, 545.14276123, 277.676971436, 178.251159668, 31.4167366028, 35.9615745544, 22.0833091736, 12.0042009354, 5.1404914856, 0.53633749485, 0.0134694641456, 1.01743371488e-05, 1.28212338524e-08]
    },
    "gfcc": {
        "mean": [-234.941268921, 74.5715332031, -29.9197063446, 72.9617996216, -18.2109107971, 27.3199062347, -19.4592056274, 5.42781352997, -18.7480621338, -1.86938381195, -15.2929782867, -5.05822229385, -11.6845378876],
        "cov": [[56220.0234375, -5163.57958984, -7616.10742188, 1767.03076172, -2543.91162109, 199.691253662, -2067.66333008, 171.023727417, -1140.91931152, 1192.54125977, -839.064453125, 873.127258301, -551.405639648], [-5163.57958984, 6562.18164062, 2580.95678711, -118.425918579, 1129.82214355, -781.051757812, 553.896057129, -694.97052002, 637.688049316, -725.602478027, 588.428771973, -641.768981934, 394.937164307], [-7616.10742188, 2580.95678711, 4745.17626953, 665.130981445, 1146.84399414, -148.010498047, 410.418640137, -190.702377319, 248.985855103, -306.568878174, 226.635498047, -213.281524658, 112.503044128], [1767.03076172, -118.425918579, 665.130981445, 1230.31066895, 359.279327393, 134.05355835, 40.4748725891, 24.0055923462, 11.5414705276, -27.5908126831, -18.433511734, -32.6214981079, -12.0247278214], [-2543.91162109, 1129.82214355, 1146.84399414, 359.279327393, 830.094360352, 14.5346975327, 291.904846191, -83.0910415649, 143.931884766, -142.00869751, 140.958618164, -116.090713501, 69.0633544922], [199.691253662, -781.051757812, -148.010498047, 134.05355835, 14.5346975327, 377.844726562, 58.1486091614, 150.01751709, -85.5258102417, 68.7715530396, -57.7575531006, 72.111869812, -60.504447937], [-2067.66333008, 553.896057129, 410.418640137, 40.4748725891, 291.904846191, 58.1486091614, 355.785736084, 21.4495754242, 137.004226685, -76.2946395874, 68.8277511597, -44.4110794067, 49.4957771301], [171.023727417, -694.97052002, -190.702377319, 24.0055923462, -83.0910415649, 150.01751709, 21.4495754242, 198.73916626, -33.6035652161, 87.5650634766, -71.8063583374, 71.4835205078, -29.3172416687], [-1140.91931152, 637.688049316, 248.985855103, 11.5414705276, 143.931884766, -85.5258102417, 137.004226685, -33.6035652161, 193.135437012, -59.6975631714, 113.558097839, -70.4343490601, 56.9004211426], [1192.54125977, -725.602478027, -306.568878174, -27.5908126831, -142.00869751, 68.7715530396, -76.2946395874, 87.5650634766, -59.6975631714, 162.745864868, -45.7076644897, 105.711517334, -48.1387863159], [-839.064453125, 588.428771973, 226.635498047, -18.433511734, 140.958618164, -57.7575531006, 68.8277511597, -71.8063583374, 113.558097839, -45.7076644897, 153.658630371, -51.0660743713, 59.2836952209], [873.127258301, -641.768981934, -213.281524658, -32.6214981079, -116.090713501, 72.111869812, -44.4110794067, 71.4835205078, -70.4343490601, 105.711517334, -51.0660743713, 132.781021118, -32.1755828857], [-551.405639648, 394.937164307, 112.503044128, -12.0247278214, 69.0633544922, -60.504447937, 49.4957771301, -29.3172416687, 56.9004211426, -48.1387863159, 59.2836952209, -32.1755828857, 88.9085464478]],
        "icov": [[4.82645809825e-05, -0.000112841953523, 8.70735384524e-05, -0.00015811547928, 5.91124116909e-05, -3.63093167834e-05, 0.000159628063557, 1.40763440868e-05, 7.63882853789e-05, -0.000301558407955, 0.000131378459628, -0.00028658984229, 0.000110685898107], [-0.000112841953523, 0.00105549150612, -0.000350889808033, 0.000558707339223, -0.000325780478306, 0.000595806865022, -0.000751147745177, 0.00092190556461, -0.000508578086738, 0.0015881737927, -0.00090688659111, 0.00193659646902, -0.000997197930701], [8.70735384524e-05, -0.000350889808033, 0.000524822622538, -0.000409328436945, -0.000242826514295, 5.92555079493e-05, 0.000300340791, -0.000263769441517, 0.000269064825261, -0.00032317743171, 0.000162528594956, -0.000929367670324, 0.00056212360505], [-0.00015811547928, 0.000558707339223, -0.000409328436945, 0.00165472424123, -0.000818964617793, -0.00036496744724, 3.91756366298e-05, 0.000315407116432, -0.00104278360959, 0.00103728263639, 0.000384655519156, 0.00139633228537, -0.000772853381932], [5.91124116909e-05, -0.000325780478306, -0.000242826514295, -0.000818964617793, 0.0030290579889, -0.000368502718629, -0.00152993691154, 0.000349568465026, 0.00104613380972, -0.000626337016001, -0.00121964421123, 0.000242978843744, 0.000266070157522], [-3.63093167834e-05, 0.000595806865022, 5.92555079493e-05, -0.00036496744724, -0.000368502718629, 0.00628161942586, -0.00245416443795, -0.00370578258298, 0.00418514199555, 0.00173287559301, -0.00404618680477, 0.000542672991287, 0.0028633561451], [0.000159628063557, -0.000751147745177, 0.000300340791, 3.91756366298e-05, -0.00152993691154, -0.00245416443795, 0.00745961302891, -0.00110026309267, -0.00491872848943, 0.000956996169407, 0.00292182760313, -0.00349663384259, -0.000592970405705], [1.40763440868e-05, 0.00092190556461, -0.000263769441517, 0.000315407116432, 0.000349568465026, -0.00370578258298, -0.00110026309267, 0.0133285569027, -0.0047883731313, -0.00413868762553, 0.00631321733817, 0.000888687965926, -0.0044816499576], [7.63882853789e-05, -0.000508578086738, 0.000269064825261, -0.00104278360959, 0.00104613380972, 0.00418514199555, -0.00491872848943, -0.0047883731313, 0.0169904120266, -0.00141653663013, -0.0100903855637, 0.00348469708115, 0.00179485208355], [-0.000301558407955, 0.0015881737927, -0.00032317743171, 0.00103728263639, -0.000626337016001, 0.00173287559301, 0.000956996169407, -0.00413868762553, -0.00141653663013, 0.0206986404955, -0.00526842661202, -0.00778395589441, 0.00420218892395], [0.000131378459628, -0.00090688659111, 0.000162528594956, 0.000384655519156, -0.00121964421123, -0.00404618680477, 0.00292182760313, 0.00631321733817, -0.0100903855637, -0.00526842661202, 0.0197803843766, -0.00136602553539, -0.00673996610567], [-0.00028658984229, 0.00193659646902, -0.000929367670324, 0.00139633228537, 0.000242978843744, 0.000542672991287, -0.00349663384259, 0.000888687965926, 0.00348469708115, -0.00778395589441, -0.00136602553539, 0.0224453564733, -0.00400584377348], [0.000110685898107, -0.000997197930701, 0.00056212360505, -0.000772853381932, 0.000266070157522, 0.0028633561451, -0.000592970405705, -0.0044816499576, 0.00179485208355, 0.00420218892395, -0.00673996610567, -0.00400584377348, 0.0203130021691]]
    },
    "melbands": {
        "dmean": [0.00313270674087, 0.00518681202084, 0.002420472214, 0.000629966030829, 0.00010697246762, 6.77385833114e-05, 3.56094205927e-05, 1.79297949217e-05, 1.19903606901e-05, 1.39280164149e-05, 1.61530024343e-05, 1.44255191117e-05, 8.33813464851e-06, 7.91572074377e-06, 1.06405068436e-05, 1.36063245009e-05, 8.41759447212e-06, 7.96429321781e-06, 9.69003758655e-06, 9.87191651802e-06, 5.86802934777e-06, 5.10236804985e-06, 5.66228709431e-06, 4.97569863001e-06, 4.51116557088e-06, 4.10805841966e-06, 5.19251761943e-06, 5.53977042728e-06, 4.9336263146e-06, 6.3220645643e-06, 6.78787955621e-06, 6.0108800426e-06, 4.16915872847e-06, 4.09254380429e-06, 3.83087808586e-06, 1.63707295542e-06, 1.42527073876e-06, 1.82203689292e-06, 1.76415289843e-06, 1.67893358594e-06],
        "dmean2": [0.00515584880486, 0.00820975098759, 0.00408952729777, 0.00110789167229, 0.000189079961274, 0.000114727859909, 6.33187082713e-05, 3.28719324898e-05, 2.11028891499e-05, 2.56404928223e-05, 3.05411231238e-05, 2.65334201686e-05, 1.36809121614e-05, 1.45334734043e-05, 1.83013635251e-05, 2.31505837291e-05, 1.42916869663e-05, 1.29659911181e-05, 1.71457286342e-05, 1.75069599209e-05, 1.05740800791e-05, 8.84882683749e-06, 1.02230542325e-05, 8.94440927368e-06, 8.12878079159e-06, 6.92754656484e-06, 8.71704560268e-06, 9.5879595392e-06, 8.59137071529e-06, 1.05694625745e-05, 1.16870924103e-05, 1.01236801129e-05, 7.02449415257e-06, 6.92888170306e-06, 6.65640936859e-06, 2.72599572781e-06, 2.43346903517e-06, 3.2590153296e-06, 3.20010121868e-06, 3.05620824292e-06],
        "dvar": [2.66035858658e-05, 0.000101742560219, 3.15645775117e-05, 3.89742353946e-06, 7.81202302846e-08, 4.54680701978e-08, 1.05570423514e-08, 2.92143376157e-09, 1.89475857226e-09, 3.50140694216e-09, 4.49046355655e-09, 3.70049701992e-09, 8.33316082804e-10, 9.53626289046e-10, 2.52694420944e-09, 3.62744345672e-09, 1.04818176361e-09, 6.77260025839e-10, 1.18140941474e-09, 1.04898956188e-09, 3.24486437719e-10, 3.32378180534e-10, 3.01848490647e-10, 2.19409559965e-10, 1.34390970574e-10, 9.53466264275e-11, 1.77364789522e-10, 1.94922425423e-10, 1.48374437736e-10, 2.32318775328e-10, 3.65529051471e-10, 2.77913581037e-10, 1.27509114378e-10, 1.3019521572e-10, 1.469094707e-10, 1.54701980393e-11, 1.24234546262e-11, 2.62263995243e-11, 2.29636309967e-11, 2.86947167416e-11],
        "dvar2": [7.14365014574e-05, 0.000258746324107, 8.20517961984e-05, 1.0204514183e-05, 2.10136533951e-07, 1.22316635043e-07, 2.87006507449e-08, 8.17745959836e-09, 5.23820276044e-09, 1.01501109739e-08, 1.3003532473e-08, 1.05926494243e-08, 1.96238247874e-09, 2.92084467723e-09, 7.23779569611e-09, 1.03476978097e-08, 2.79592504704e-09, 1.41781864027e-09, 3.21331916631e-09, 2.91350432668e-09, 9.0936774777e-10, 9.13377873335e-10, 8.21442303067e-10, 5.93847748753e-10, 3.83876153087e-10, 2.34726987847e-10, 4.48881931625e-10, 5.15208320451e-10, 3.86789072992e-10, 5.74882308424e-10, 9.79692882375e-10, 7.29189209014e-10, 3.3225913687e-10, 3.49147738499e-10, 4.07826772353e-10, 3.86891872706e-11, 3.31190318226e-11, 7.3610055551e-11, 6.44209199874e-11, 8.13819775458e-11],
        "max": [0.0348517335951, 0.0822026133537, 0.045335277915, 0.016174627468, 0.00239812443033, 0.00284332153387, 0.00097872398328, 0.000469423102913, 0.000476588116726, 0.000780634756666, 0.000737716094591, 0.000716887065209, 0.000398853124352, 0.000332897529006, 0.000618924095761, 0.00072046474088, 0.000398694712203, 0.000300138781313, 0.00037143562804, 0.000385089719202, 0.000223528855713, 0.000223429538892, 0.000199162444915, 0.000161070784088, 0.000114376693091, 8.60205618665e-05, 0.000134740868816, 0.000114197195217, 9.43150589592e-05, 0.000131100445287, 0.000151810774696, 0.00013706444588, 9.97383758659e-05, 9.52089540078e-05, 0.000144978708704, 3.26195149682e-05, 3.39305806847e-05, 5.66509334021e-05, 3.64761872333e-05, 5.07207223563e-05],
        "mean": [0.00409547239542, 0.00650886073709, 0.00206670444459, 0.000449043989647, 8.16861356725e-05, 5.3966876294e-05, 2.58053987636e-05, 1.2020680515e-05, 8.47288356454e-06, 9.46750969888e-06, 9.71312965703e-06, 9.03332511371e-06, 7.42238989915e-06, 6.31484454061e-06, 8.73961744219e-06, 1.15000993901e-05, 8.44188252813e-06, 8.80922743818e-06, 8.54841073306e-06, 7.9028577602e-06, 5.4401516536e-06, 4.49513527201e-06, 5.22003756487e-06, 4.55895087725e-06, 3.87886484532e-06, 3.84081340599e-06, 4.63663036498e-06, 4.68323059977e-06, 4.13682937506e-06, 5.24136294189e-06, 5.05686239194e-06, 4.64569302494e-06, 3.41658324032e-06, 3.13177770295e-06, 2.83406598101e-06, 1.43297154409e-06, 1.19480137073e-06, 1.37238350817e-06, 1.21713014778e-06, 1.14493843739e-06],
        "median": [0.0013604699634, 0.00231312843971, 0.000225130817853, 3.96375689888e-05, 2.71331828117e-06, 9.44466080455e-07, 4.10526979522e-07, 1.64679107684e-07, 1.62396162295e-07, 1.13700210136e-07, 9.51556984319e-08, 1.124717528e-07, 9.83112329322e-08, 1.03701125909e-07, 1.14504686621e-07, 1.07742479827e-07, 9.41584019643e-08, 1.12969367194e-07, 1.06995081239e-07, 1.2892209611e-07, 1.4002505111e-07, 1.13989756301e-07, 9.86456427654e-08, 9.95293447659e-08, 1.15488035135e-07, 1.11837181294e-07, 8.43873095846e-08, 7.7078524896e-08, 8.95845744253e-08, 7.46454489331e-08, 5.59299770941e-08, 6.45804334454e-08, 6.75352680446e-08, 5.46612284325e-08, 4.85816471496e-08, 4.6049898117e-08, 3.38447136983e-08, 3.26851363752e-08, 2.15054640762e-08, 1.39503004704e-08],
        "min": [2.42670333647e-16, 2.39838331927e-16, 2.34270599076e-16, 2.26031959585e-16, 2.14159773742e-16, 1.99578207435e-16, 1.81371591575e-16, 1.60024296662e-16, 1.36543511042e-16, 1.10988996862e-16, 8.51734509507e-17, 6.07573291994e-17, 3.90330053626e-17, 2.17751408506e-17, 1.01275692862e-17, 4.1339687009e-18, 3.01227849626e-18, 4.91257768148e-18, 7.45587516931e-18, 8.65678590878e-18, 7.80018248184e-18, 5.71644503565e-18, 3.99819941106e-18, 3.56008195885e-18, 3.69644888669e-18, 2.99883308899e-18, 1.38787816653e-18, 4.42456479812e-19, 8.46753360207e-19, 1.09071042955e-18, 8.10322309778e-19, 2.05349344825e-18, 3.68388111805e-18, 2.54060067224e-18, 1.59949423168e-18, 2.31679930609e-18, 1.27242619029e-18, 3.22670775097e-19, 4.69011097125e-19, 2.59982142742e-18],
        "var": [3.7163918023e-05, 0.000126647631987, 2.57772680925e-05, 2.79288838101e-06, 5.63998447944e-08, 3.46766633186e-08, 7.75052111379e-09, 1.89174986787e-09, 1.26612020868e-09, 2.13987028097e-09, 2.51591836253e-09, 2.19096718546e-09, 9.23016829635e-10, 7.09781677877e-10, 1.88037785342e-09, 2.90276291892e-09, 1.11932363378e-09, 1.08711517566e-09, 1.11188425134e-09, 8.98364382884e-10, 3.34066496688e-10, 2.93675972429e-10, 3.10030501272e-10, 2.13879122746e-10, 1.20355239663e-10, 1.16021928176e-10, 1.80832446239e-10, 1.69400118932e-10, 1.32859639956e-10, 2.17262347002e-10, 2.70754862974e-10, 2.18651527439e-10, 1.06924941123e-10, 9.63414417687e-11, 9.79616665564e-11, 1.44813779024e-11, 1.01508645239e-11, 1.81317270226e-11, 1.47936385364e-11, 1.79192511524e-11]
    },
    "mfcc": {
        "mean": [-853.485778809, 84.6922607422, 52.9460601807, 57.8052520752, 36.8210830688, 32.6379699707, 19.6737060547, 14.8257913589, 9.08773994446, 6.55515289307, 3.08001589775, 2.33472180367, 0.592990398407],
        "cov": [[29445.0253906, -1582.80786133, -2635.52832031, 187.181137085, -1179.15185547, -269.733428955, -937.870727539, -628.683227539, -483.8387146, -331.383148193, -342.369232178, -216.385635376, -158.702606201], [-1582.80786133, 3480.67749023, 1190.03161621, 632.987792969, 581.256774902, 143.224807739, 61.6023902893, -7.84168672562, -75.8994598389, -18.6175746918, -28.991563797, -6.24863433838, -14.7998209], [-2635.52832031, 1190.03161621, 2127.46875, 979.351379395, 749.030578613, 348.052856445, 234.435180664, 127.097328186, 59.3970298767, -15.1048049927, 20.8651390076, 22.9248790741, 40.805267334], [187.181137085, 632.987792969, 979.351379395, 1196.88867188, 584.659240723, 327.735473633, 144.892150879, 110.400672913, 54.6821746826, 25.9050006866, 0.272507071495, -7.48838806152, 1.01746213436], [-1179.15185547, 581.256774902, 749.030578613, 584.659240723, 587.960266113, 248.948150635, 199.417724609, 89.6106796265, 40.212562561, 14.0945749283, 21.7888755798, 10.9749174118, 5.32649850845], [-269.733428955, 143.224807739, 348.052856445, 327.735473633, 248.948150635, 273.274261475, 180.676956177, 131.100128174, 55.7764320374, 29.3750743866, 32.7583656311, 25.6636180878, 25.1178913116], [-937.870727539, 61.6023902893, 234.435180664, 144.892150879, 199.417724609, 180.676956177, 231.714828491, 137.972198486, 91.2213287354, 41.0275230408, 34.379940033, 29.6280727386, 19.5526294708], [-628.683227539, -7.84168672562, 127.097328186, 110.400672913, 89.6106796265, 131.100128174, 137.972198486, 174.596923828, 95.3299713135, 64.7639007568, 43.6090126038, 28.6567611694, 20.7777252197], [-483.8387146, -75.8994598389, 59.3970298767, 54.6821746826, 40.212562561, 55.7764320374, 91.2213287354, 95.3299713135, 106.559364319, 59.6376152039, 33.1312294006, 16.3523292542, 10.1853342056], [-331.383148193, -18.6175746918, -15.1048049927, 25.9050006866, 14.0945749283, 29.3750743866, 41.0275230408, 64.7639007568, 59.6376152039, 78.3881530762, 43.0428123474, 23.6928825378, 9.51395320892], [-342.369232178, -28.991563797, 20.8651390076, 0.272507071495, 21.7888755798, 32.7583656311, 34.379940033, 43.6090126038, 33.1312294006, 43.0428123474, 69.7900009155, 32.8094673157, 21.2945175171], [-216.385635376, -6.24863433838, 22.9248790741, -7.48838806152, 10.9749174118, 25.6636180878, 29.6280727386, 28.6567611694, 16.3523292542, 23.6928825378, 32.8094673157, 52.0855026245, 34.2276229858], [-158.702606201, -14.7998209, 40.805267334, 1.01746213436, 5.32649850845, 25.1178913116, 19.5526294708, 20.7777252197, 10.1853342056, 9.51395320892, 21.2945175171, 34.2276229858, 57.2147331238]],
