{
"lowlevel": {
    "average_loudness": 0.527954101562,
    "barkbands_crest": {
        "dmean": 2.03329706192,
        "dmean2": 3.47520542145,
        "dvar": 3.48380422592,
        "dvar2": 10.1636343002,
        "max": 25.4040470123,
        "mean": 13.1660680771,
        "median": 12.6290054321,
        "min": 4.36609172821,
        "var": 17.1300296783
    },
    "barkbands_flatness_db": {
        "dmean": 0.0189166143537,
        "dmean2": 0.0320435985923,
        "dvar": 0.000396540592192,
        "dvar2": 0.00101088918746,
        "max": 0.513401210308,
        "mean": 0.324383407831,
        "median": 0.322169244289,
        "min": 0.0614893399179,
        "var": 0.00168486579787
    },
    "barkbands_kurtosis": {
        "dmean": 2.74884748459,
        "dmean2": 4.67330121994,
        "dvar": 25.8463611603,
        "dvar2": 82.2164611816,
        "max": 124.024177551,
        "mean": 7.97117948532,
        "median": 5.39799451828,
        "min": -1.82840406895,
        "var": 121.825935364
    },
    "barkbands_skewness": {
        "dmean": 0.413781702518,
        "dmean2": 0.684616863728,
        "dvar": 0.211167931557,
        "dvar2": 0.590573608875,
        "max": 8.30867576599,
        "mean": 1.89474987984,
        "median": 1.79752898216,
        "min": -1.91084933281,
        "var": 1.20615613461
    },
    "barkbands_spread": {
        "dmean": 1.04469823837,
        "dmean2": 1.70410835743,
        "dvar": 1.7286605835,
        "dvar2": 3.96790671349,
        "max": 25.6563453674,
        "mean": 5.05288934708,
        "median": 4.4997253418,
        "min": 0.682248830795,
        "var": 8.28963851929
    },
    "dissonance": {
        "dmean": 0.0276711992919,
        "dmean2": 0.0467267856002,
        "dvar": 0.000673508096952,
        "dvar2": 0.00174983451143,
        "max": 0.5,
        "mean": 0.416372716427,
        "median": 0.424878388643,
        "min": 0.206250905991,
        "var": 0.00246684881859
    },
    "dynamic_complexity": 4.6660900116,
    "erbbands_crest": {
        "dmean": 2.13324165344,
        "dmean2": 3.54775881767,
        "dvar": 4.56261634827,
        "dvar2": 12.6123609543,
        "max": 30.6991977692,
        "mean": 13.1511011124,
        "median": 12.2177267075,
        "min": 3.80831551552,
        "var": 23.8620185852
    },
    "erbbands_flatness_db": {
        "dmean": 0.0129337916151,
        "dmean2": 0.021220844239,
        "dvar": 0.000200138078071,
        "dvar2": 0.000484063493786,
        "max": 0.473155647516,
        "mean": 0.346855074167,
        "median": 0.346682190895,
        "min": 0.101558946073,
        "var": 0.00117282220162
    },
    "erbbands_kurtosis": {
        "dmean": 0.998828589916,
        "dmean2": 1.65517151356,
        "dvar": 2.6081097126,
        "dvar2": 7.76390123367,
        "max": 44.2232131958,
        "mean": 2.24532675743,
        "median": 0.891915440559,
        "min": -1.65415084362,
        "var": 27.1978569031
    },
    "erbbands_skewness": {
        "dmean": 0.274064868689,
        "dmean2": 0.447066426277,
        "dvar": 0.0907694846392,
        "dvar2": 0.230061292648,
        "max": 5.71560287476,
        "mean": 1.15843880177,
        "median": 1.10762929916,
        "min": -2.25392246246,
        "var": 0.749899148941
    },
    "erbbands_spread": {
        "dmean": 2.17696094513,
        "dmean2": 3.44837355614,
        "dvar": 5.92137145996,
        "dvar2": 13.0113229752,
        "max": 35.9086532593,
        "mean": 14.6013240814,
        "median": 14.6031856537,
        "min": 2.1062772274,
        "var": 33.2430076599
    },
    "hfc": {
        "dmean": 1.93309426308,
        "dmean2": 2.81161475182,
        "dvar": 19.2782344818,
        "dvar2": 34.1709938049,
        "max": 110.518043518,
        "mean": 8.34579563141,
        "median": 4.81702613831,
        "min": 1.06300398184e-16,
        "var": 126.247810364
    },
    "melbands_crest": {
        "dmean": 2.54500722885,
        "dmean2": 4.31968927383,
        "dvar": 6.34217309952,
        "dvar2": 18.3805828094,
        "max": 33.3931999207,
        "mean": 15.7198963165,
        "median": 14.3909111023,
        "min": 2.0089609623,
        "var": 30.3915939331
    },
    "melbands_flatness_db": {
        "dmean": 0.0206506773829,
        "dmean2": 0.0342522896826,
        "dvar": 0.000540030363481,
        "dvar2": 0.00124251411762,
        "max": 0.599964678288,
        "mean": 0.422857940197,
        "median": 0.42288005352,
        "min": 0.00594483502209,
        "var": 0.0020701547619
    },
    "melbands_kurtosis": {
        "dmean": 2.94955277443,
        "dmean2": 4.85852193832,
        "dvar": 20.2716560364,
        "dvar2": 59.6465110779,
        "max": 70.7267913818,
        "mean": 8.92883110046,
        "median": 6.81160640717,
        "min": -1.38373124599,
        "var": 70.9458389282
    },
    "melbands_skewness": {
        "dmean": 0.394589871168,
        "dmean2": 0.647592663765,
        "dvar": 0.166967585683,
        "dvar2": 0.451819479465,
        "max": 6.69223976135,
        "mean": 1.92466521263,
        "median": 1.82060420513,
        "min": -0.820619761944,
        "var": 1.0114582777
    },
    "melbands_spread": {
        "dmean": 1.48283910751,
        "dmean2": 2.35545516014,
        "dvar": 10.1027917862,
        "dvar2": 12.5988779068,
        "max": 134.806427002,
        "mean": 7.03854322433,
        "median": 6.13736534119,
        "min": 1.00023770332,
        "var": 25.3159561157
    },
    "pitch_salience": {
        "dmean": 0.0527216121554,
        "dmean2": 0.0885779410601,
        "dvar": 0.00258370791562,
        "dvar2": 0.00708124320954,
        "max": 0.91486787796,
        "mean": 0.555882513523,
        "median": 0.569149971008,
        "min": 0.129531368613,
        "var": 0.0135624352843
    },
    "silence_rate_20dB": {
        "dmean": 0,
        "dmean2": 0,
        "dvar": 0,
        "dvar2": 0,
        "max": 1,
        "mean": 1,
        "median": 1,
        "min": 1,
        "var": 0
    },
    "silence_rate_30dB": {
        "dmean": 0.00722021656111,
        "dmean2": 0.0144478846341,
        "dvar": 0.00716814631596,
        "dvar2": 0.0142390038818,
        "max": 1,
        "mean": 0.988659799099,
        "median": 1,
        "min": 0,
        "var": 0.0112114707008
    },
    "silence_rate_60dB": {
        "dmean": 0.0237235687673,
        "dmean2": 0.0474716201425,
        "dvar": 0.0231615956873,
        "dvar2": 0.0534722059965,
        "max": 1,
        "mean": 0.134536087513,
        "median": 0,
        "min": 0,
        "var": 0.116434052587
    },
    "spectral_centroid": {
        "dmean": 45.2465324402,
        "dmean2": 69.4577636719,
        "dvar": 57179.8046875,
        "dvar2": 55342.3085938,
        "max": 11114.1992188,
        "mean": 467.220123291,
        "median": 441.392303467,
        "min": 267.214385986,
        "var": 70632.6796875
    },
    "spectral_complexity": {
        "dmean": 1.45435786247,
        "dmean2": 2.33436536789,
        "dvar": 2.65536999702,
        "dvar2": 5.05949163437,
        "max": 34,
        "mean": 10.4185571671,
        "median": 10,
        "min": 0,
        "var": 26.0629329681
    },
    "spectral_decrease": {
        "dmean": 1.07382047698e-09,
        "dmean2": 1.63247115825e-09,
        "dvar": 3.30309720846e-18,
        "dvar2": 6.41990796629e-18,
        "max": -7.60837300453e-29,
        "mean": -4.60498528199e-09,
        "median": -3.05067127115e-09,
        "min": -3.64571199896e-08,
        "var": 2.53955433012e-17
    },
    "spectral_energy": {
        "dmean": 0.00421997252852,
        "dmean2": 0.00640211906284,
        "dvar": 5.20500871062e-05,
        "dvar2": 0.000100600373116,
        "max": 0.143171861768,
        "mean": 0.0181372854859,
        "median": 0.0120047163218,
        "min": 9.92890738642e-21,
        "var": 0.000399213196943
    },
    "spectral_energyband_high": {
        "dmean": 1.63876291026e-06,
        "dmean2": 2.32128468269e-06,
        "dvar": 5.92402377153e-11,
        "dvar2": 1.29659616377e-10,
        "max": 0.000241782065132,
        "mean": 2.86813587991e-06,
        "median": 5.04127228851e-07,
        "min": 7.12995599132e-21,
        "var": 8.83991976841e-11
    },
    "spectral_energyband_low": {
        "dmean": 0.000630771857686,
        "dmean2": 0.00111589371227,
        "dvar": 3.19541391036e-06,
        "dvar2": 1.01498153526e-05,
        "max": 0.0539351776242,
        "mean": 0.00120914157014,
        "median": 0.000553006946575,
        "min": 9.98721003857e-23,
        "var": 5.66697690374e-06
    },
    "spectral_energyband_middle_high": {
        "dmean": 0.00065489980625,
        "dmean2": 0.000937567383517,
        "dvar": 5.77315904593e-06,
        "dvar2": 1.02468784462e-05,
        "max": 0.0841549560428,
        "mean": 0.00204188330099,
        "median": 0.000720810901839,
        "min": 1.64658267793e-21,
        "var": 2.58109703282e-05
    },
    "spectral_energyband_middle_low": {
        "dmean": 0.00374811864458,
        "dmean2": 0.00570132117718,
        "dvar": 3.68054352293e-05,
        "dvar2": 7.28976883693e-05,
        "max": 0.119745977223,
        "mean": 0.0153107764199,
        "median": 0.0103434305638,
        "min": 2.79714047338e-22,
        "var": 0.00027311348822
    },
    "spectral_entropy": {
        "dmean": 0.150731131434,
        "dmean2": 0.245896145701,
        "dvar": 0.036643628031,
        "dvar2": 0.0845493748784,
        "max": 9.80247497559,
        "mean": 6.02169466019,
        "median": 6.05753993988,
        "min": 4.10102701187,
        "var": 0.181872874498
    },
    "spectral_flux": {
        "dmean": 0.013111195527,
        "dmean2": 0.0215366743505,
        "dvar": 0.000422556768171,
        "dvar2": 0.00109986274038,
        "max": 0.292198389769,
        "mean": 0.039569683373,
        "median": 0.0335278734565,
        "min": 9.96439042389e-11,
        "var": 0.00084801344201
    },
    "spectral_kurtosis": {
        "dmean": 23.4617671967,
        "dmean2": 40.958026886,
        "dvar": 390.91293335,
        "dvar2": 1055.26062012,
        "max": 166.670333862,
        "mean": 52.8392372131,
        "median": 47.3356399536,
        "min": -1.15527391434,
        "var": 1017.96258545
    },
    "spectral_rms": {
        "dmean": 0.000450785970315,
        "dmean2": 0.000694521004334,
        "dvar": 3.20303030321e-07,
        "dvar2": 6.55363407986e-07,
        "max": 0.0118186231703,
        "mean": 0.00370377721265,
        "median": 0.00342226703651,
        "min": 3.11235260654e-12,
        "var": 3.97692338083e-06
    },
    "spectral_rolloff": {
        "dmean": 76.4708557129,
        "dmean2": 126.276542664,
        "dvar": 166509.171875,
        "dvar2": 170364.171875,
        "max": 18324.7558594,
        "mean": 573.153076172,
        "median": 495.263671875,
        "min": 301.46484375,
        "var": 212715.46875
    },
    "spectral_skewness": {
        "dmean": 1.42926955223,
        "dmean2": 2.49889874458,
        "dvar": 1.28703641891,
        "dvar2": 3.62266325951,
        "max": 10.4405527115,
        "mean": 4.63423061371,
        "median": 4.33080387115,
        "min": -0.0142624201253,
        "var": 3.2577586174
    },
    "spectral_spread": {
        "dmean": 269435.75,
        "dmean2": 442299.59375,
        "dvar": 545295892480,
        "dvar2": 326417776640,
        "max": 39731552,
        "mean": 1236178,
        "median": 1113460.75,
        "min": 486018.8125,
        "var": 1.47772053914e+12
    },
    "spectral_strongpeak": {
        "dmean": 0.319613426924,
        "dmean2": 0.52020919323,
        "dvar": 0.309064686298,
        "dvar2": 0.826068758965,
        "max": 9.49026203156,
        "mean": 1.06151735783,
        "median": 0.733376026154,
        "min": 0,
        "var": 1.17436611652
    },
    "zerocrossingrate": {
        "dmean": 0.0023431959562,
        "dmean2": 0.00297856610268,
        "dvar": 0.000122396988445,
        "dvar2": 0.000129215390189,
        "max": 0.48486328125,
        "mean": 0.0226371213794,
        "median": 0.021484375,
        "min": 0.0048828125,
        "var": 0.00014667159121
    },
    "barkbands": {
        "dmean": [3.31664114128e-06, 0.000219595152885, 0.000336033728672, 0.000449924933491, 0.00148466380779, 0.00138635630719, 0.00127974804491, 0.000327733927406, 0.000391321256757, 0.000221975744353, 0.00012797373347, 0.000218974731979, 0.00010088840645, 0.000131380569655, 5.61508022656e-05, 2.83062818198e-05, 1.81649393198e-05, 9.39901656238e-06, 4.5648134801e-06, 1.90019886759e-06, 6.18050023604e-07, 2.87175879521e-07, 2.22344969103e-08, 2.10829798064e-09, 1.0053502475e-09, 1.47563983255e-09, 9.825409375e-10],
        "dmean2": [4.92102662975e-06, 0.000395443610614, 0.000585141824558, 0.000777908484451, 0.00228557339869, 0.0021209679544, 0.00203112559393, 0.000491904385854, 0.000509249803144, 0.000310903182253, 0.000171747800778, 0.000338381156325, 0.000151810905663, 0.000190617443877, 7.96989916125e-05, 4.32264678238e-05, 2.81652901322e-05, 1.42897861224e-05, 6.03529588261e-06, 2.70460213869e-06, 8.98532221072e-07, 4.23570298835e-07, 3.29939062738e-08, 3.52010975924e-09, 1.72861847059e-09, 2.58502375061e-09, 1.77297365678e-09],
        "dvar": [2.11076642276e-10, 7.62367733387e-07, 8.17051102331e-07, 7.45662589452e-07, 6.69037581247e-06, 5.45681632502e-06, 1.20129507195e-05, 1.96937276087e-06, 4.20760716224e-06, 2.10504845199e-06, 1.23487652104e-07, 1.55581653871e-06, 2.55358145296e-07, 2.98695795209e-07, 5.24319396789e-08, 5.17406917311e-09, 4.31369473475e-09, 1.32891631033e-09, 3.22555177013e-10, 8.56347145972e-11, 4.90023429819e-12, 2.3008190405e-12, 2.11987748861e-14, 1.39795826392e-16, 8.42723667135e-18, 4.02374266566e-17, 4.5633188658e-18],
        "dvar2": [4.07179040485e-10, 2.44360148827e-06, 2.54768974628e-06, 2.20045285459e-06, 1.50362830027e-05, 1.00331772046e-05, 2.85567220999e-05, 5.1724905461e-06, 5.1814422477e-06, 3.30359148393e-06, 1.88946557955e-07, 3.21575157614e-06, 5.02871500885e-07, 6.52555399938e-07, 8.622553338e-08, 9.77396119595e-09, 9.03011532216e-09, 2.65466026939e-09, 6.28800289615e-10, 1.71959696482e-10, 1.15517638857e-11, 5.45352912135e-12, 4.67877588073e-14, 3.56828007973e-16, 1.74553588464e-17, 1.14126744389e-16, 1.23101622602e-17],
        "max": [0.000354101182893, 0.0265545751899, 0.0234986282885, 0.0128114167601, 0.0860405862331, 0.0633240640163, 0.0628513619304, 0.0484587661922, 0.0973166525364, 0.0746200308204, 0.0123747522011, 0.0354223437607, 0.0137579999864, 0.0111500145867, 0.0093406541273, 0.00147796783131, 0.00176672602538, 0.00081925955601, 0.00040508271195, 0.00023860669171, 4.63178948849e-05, 3.66922795365e-05, 4.88227578899e-06, 2.96155690194e-07, 8.59994457869e-08, 1.82606996191e-07, 4.02052826587e-08],
        "mean": [4.74060698252e-06, 0.000305190682411, 0.000504782365169, 0.000811499194242, 0.00440063141286, 0.00418104650453, 0.0038177894894, 0.000844729831442, 0.00115618947893, 0.000576839025598, 0.000342019251548, 0.000387068139389, 0.000218791727093, 0.000297703809338, 0.000143755998579, 6.95555208949e-05, 4.23453602707e-05, 1.89723068615e-05, 8.8792430688e-06, 3.27155612467e-06, 1.01887337678e-06, 4.35757641526e-07, 2.97296534058e-08, 2.46015186001e-09, 1.66540059521e-09, 2.26607510534e-09, 1.82911441549e-09],
        "median": [4.60275288106e-07, 0.000101808836916, 0.000187488112715, 0.000327933230437, 0.00247782259248, 0.00215214723721, 0.000740299525205, 0.000343717809301, 0.000252469675615, 0.000110194050649, 0.000135692040203, 6.24969979981e-05, 4.48845748906e-05, 7.27680744603e-05, 3.8621830754e-05, 2.00762187887e-05, 1.29277068481e-05, 4.6582390496e-06, 1.77043193617e-06, 6.92639673616e-07, 1.60789142001e-07, 3.73026338707e-08, 2.33230257329e-09, 6.98136548571e-10, 7.95133070497e-10, 1.16078890944e-09, 1.25382126903e-09],
        "min": [2.50860544651e-23, 2.97444989915e-23, 4.06674962255e-23, 4.40545241646e-23, 3.78035651081e-23, 2.59297064933e-23, 8.71126097208e-23, 1.20008147334e-23, 4.07338741375e-23, 5.18395116037e-23, 4.00220533883e-23, 4.04652007349e-23, 1.04610156755e-22, 9.53443101579e-23, 9.21422038367e-23, 1.74532622759e-22, 1.05192645336e-22, 1.71674055896e-22, 4.7627720753e-22, 4.9966480029e-22, 4.6604640103e-22, 6.34836330969e-22, 4.87573089847e-22, 7.31762875222e-22, 1.0277308146e-21, 1.58854382086e-21, 2.1430654279e-21],
        "var": [6.49781228823e-10, 8.59455099089e-07, 1.20676907045e-06, 1.82962673989e-06, 4.30913714808e-05, 3.60275080311e-05, 7.06964856363e-05, 3.86610236092e-06, 2.84609814116e-05, 1.05660565168e-05, 6.20560456355e-07, 2.97343831335e-06, 7.10945130322e-07, 7.64017272559e-07, 2.19945420099e-07, 2.52098129039e-08, 1.05515489679e-08, 2.93808533058e-09, 6.96870006145e-10, 1.40052497377e-10, 7.34361269711e-12, 3.29108116627e-12, 2.71528557695e-14, 1.23146189439e-16, 2.36547483196e-17, 4.06363262352e-17, 4.5709177605e-18]
    },
    "erbbands": {
        "dmean": [0.00219563138671, 0.062927775085, 0.319287896156, 1.02076220512, 3.19129490852, 4.44457769394, 10.7174110413, 11.3564081192, 19.8204841614, 9.33815097809, 7.12964916229, 6.89825820923, 9.15432834625, 6.25325489044, 5.37896776199, 6.51638126373, 4.82900476456, 6.05295133591, 3.55630707741, 2.77572584152, 1.46892857552, 1.10141301155, 0.588266611099, 0.303147763014, 0.167174428701, 0.0757749602199, 0.0396872833371, 0.0205454546958, 0.0106045426801, 0.00305638019927, 0.00056067307014, 8.68977149366e-05, 2.21596874326e-05, 1.20122476801e-05, 8.31889155961e-06, 5.92794731347e-06, 3.69499116459e-06, 1.16618844004e-06, 2.01825696422e-06, 4.73263025924e-06],
        "dmean2": [0.00377470813692, 0.113528527319, 0.559014499187, 1.79558205605, 5.40143728256, 7.12986469269, 13.921380043, 19.1109600067, 32.6136741638, 14.0248584747, 10.7839365005, 9.42168807983, 11.100110054, 8.35332965851, 8.09187030792, 9.92489910126, 7.21812200546, 8.79817771912, 5.10144758224, 3.98262763023, 2.19358277321, 1.68482267857, 0.890585124493, 0.413595974445, 0.229149922729, 0.108310326934, 0.0579179264605, 0.0294677615166, 0.0157752335072, 0.00439821695909, 0.000843501475174, 0.000140548407217, 3.73392504116e-05, 2.04702719202e-05, 1.35684222187e-05, 9.75632701739e-06, 6.24279800832e-06, 1.98164684662e-06, 3.02189368995e-06, 7.15853821021e-06],
        "dvar": [6.18751946604e-05, 0.0649480670691, 1.09837496281, 4.08104658127, 39.6415672302, 60.5428543091, 626.47265625, 319.855957031, 2799.86889648, 962.301330566, 733.914611816, 1771.95874023, 2484.74731445, 621.876159668, 335.818969727, 1608.48986816, 696.351867676, 850.44909668, 129.124938965, 117.790298462, 13.5485553741, 17.9095039368, 4.92653799057, 1.22291576862, 0.545523583889, 0.113034844398, 0.0344072915614, 0.00616932846606, 0.00295321759768, 0.000300055951811, 1.40727561302e-05, 2.56355150441e-07, 4.36959846084e-09, 8.93585538897e-10, 6.19825912818e-10, 3.74493408506e-10, 3.92909815794e-10, 2.11167125452e-11, 1.26888855326e-11, 6.71718236589e-11],
        "dvar2": [0.000205581149203, 0.2064884305, 3.40240192413, 12.7957820892, 109.757392883, 153.760757446, 1014.63677979, 857.25, 7436.4921875, 1827.04284668, 1939.45239258, 2334.65087891, 3151.82348633, 843.265686035, 766.353393555, 3144.21557617, 1338.80419922, 1872.78930664, 286.137664795, 211.453659058, 26.7288188934, 36.8199806213, 9.62768268585, 2.43536543846, 1.07763242722, 0.233466014266, 0.0777308940887, 0.012897840701, 0.00709047401324, 0.000659377139527, 3.36611155944e-05, 6.5659764914e-07, 1.01555333032e-08, 2.02997640919e-09, 1.24194021733e-09, 7.98803911906e-10, 1.13708065186e-09, 4.81509727923e-11, 2.39235783961e-11, 1.28903290819e-10],
        "max": [0.198603034019, 7.88928794861, 30.5103740692, 26.848154068, 140.041213989, 215.873260498, 722.115783691, 308.258880615, 1120.71130371, 800.907226562, 915.000183105, 2225.50537109, 2444.08984375, 1167.50500488, 610.321411133, 1257.78210449, 881.26953125, 612.767822266, 324.029266357, 388.149078369, 87.0110473633, 114.829063416, 50.8382835388, 22.6361141205, 20.1530036926, 7.30304098129, 6.0192489624, 1.76553881168, 1.15124320984, 0.451943993568, 0.0977716892958, 0.0118200797588, 0.00176019582432, 0.000775537046138, 0.000730355503038, 0.000650309200864, 0.000614129647147, 0.000110284148832, 7.21304968465e-05, 0.000160878757015],
        "mean": [0.00366326421499, 0.09082262218, 0.490217328072, 1.90892732143, 6.4582324028, 12.4598855972, 35.0935554504, 33.6642379761, 57.4209747314, 31.3522891998, 20.9221630096, 21.5458965302, 25.9801006317, 16.8515739441, 13.154419899, 12.4405603409, 10.8236083984, 13.9520921707, 8.79542732239, 7.32944250107, 3.78573179245, 2.57694768906, 1.27227056026, 0.610082387924, 0.323908388615, 0.137625515461, 0.0695974975824, 0.0324887931347, 0.0163062997162, 0.0046761892736, 0.000753687752876, 0.00011732387793, 4.1639606934e-05, 2.95814752462e-05, 2.31791273109e-05, 1.77435194928e-05, 9.7379061117e-06, 2.66540996563e-06, 8.90417959454e-06, 2.04125208256e-05],
        "median": [0.00141998764593, 0.0336831249297, 0.189765393734, 0.875985383987, 2.92909169197, 7.02047157288, 13.3238162994, 18.9123001099, 14.5224990845, 8.50617027283, 9.71681499481, 5.48147678375, 4.8218421936, 6.01443529129, 4.81967020035, 2.72135543823, 2.35155773163, 3.0033364296, 2.98443818092, 1.96511638165, 1.25717306137, 0.83280479908, 0.339423060417, 0.155087441206, 0.0625718683004, 0.033141836524, 0.0124778049067, 0.00475286692381, 0.00156840542331, 0.000327517685946, 6.58558783471e-05, 2.68996300292e-05, 2.03815943678e-05, 1.68118131114e-05, 1.37080887725e-05, 1.02934718598e-05, 6.0554339143e-06, 1.56897112902e-06, 5.82339498578e-06, 1.33848861879e-05],
        "min": [1.42804725504e-21, 5.93580041586e-21, 4.08903972677e-20, 9.74575990527e-20, 1.48758403603e-19, 7.71397490747e-20, 2.72643020897e-19, 1.48279259233e-19, 5.91306080077e-19, 1.50913829484e-18, 3.58208444616e-19, 9.64113228528e-19, 1.82978307197e-18, 1.24827975424e-18, 1.50004199644e-18, 2.14984117125e-18, 4.42406094173e-18, 4.62569324707e-18, 5.7062070212e-18, 6.76968335626e-18, 7.76972734605e-18, 7.16343621709e-18, 8.97933754402e-18, 1.91019958589e-17, 2.282300167e-17, 2.59634226441e-17, 1.88496263627e-17, 2.00133503706e-17, 2.26858981379e-17, 1.97194299379e-17, 1.36511651354e-17, 1.49325506223e-17, 1.05734692672e-17, 9.51292611458e-18, 8.00850709193e-18, 5.54901251273e-18, 3.30195549242e-18, 1.29171717955e-18, 3.14502340699e-19, 2.85064113609e-20],
        "var": [8.52313896758e-05, 0.0734409838915, 1.37660562992, 9.39516925812, 117.507240295, 312.892333984, 4232.28710938, 1566.47619629, 14100.8525391, 5974.19384766, 1532.60290527, 12600.7070312, 15007.421875, 3274.93041992, 809.011657715, 3136.34472656, 1786.75708008, 2124.99438477, 369.183105469, 454.230895996, 59.5602722168, 42.7046432495, 11.4092445374, 2.64100646973, 1.05191850662, 0.187577098608, 0.0492492690682, 0.00988700613379, 0.00429451977834, 0.000521236215718, 1.61491334438e-05, 2.41551447289e-07, 6.8311702961e-09, 2.59054777629e-09, 1.94453231295e-09, 1.2934053828e-09, 3.25376919852e-10, 2.69562185073e-11, 9.68218491493e-11, 5.1330362183e-10]
    },
    "gfcc": {
        "mean": [-190.860946655, 236.891891479, -142.423965454, -31.1955795288, -21.8479938507, -47.6561126709, -27.7584190369, -24.0444087982, -15.0420084, -7.61307954788, -11.3560934067, -8.25156879425, 0.288726121187],
        "cov": [[9121.61425781, 1154.58154297, -2295.43457031, 714.792907715, 391.815612793, -559.961730957, 780.68145752, -343.338348389, 198.242446899, -131.156478882, -74.8775863647, 82.4987640381, 141.866973877], [1154.58154297, 722.689941406, -144.020523071, -38.41355896, 331.093383789, -4.57414722443, 115.934921265, 81.4843597412, 18.2422561646, -20.0038490295, 9.371509552, -63.2884407043, 72.6015548706], [-2295.43457031, -144.020523071, 770.144470215, -171.400482178, -27.8399944305, 204.471969604, -218.573165894, 127.985908508, -52.0964851379, 36.9505844116, 29.210855484, -37.6720085144, -37.3907623291], [714.792907715, -38.41355896, -171.400482178, 276.682037354, 24.3962554932, -11.6705369949, 108.745834351, -78.9850921631, 13.0114812851, -22.831829071, -46.7026405334, 24.035238266, -11.021402359], [391.815612793, 331.093383789, -27.8399944305, 24.3962554932, 235.186294556, 52.8191871643, 68.1019363403, 48.8943786621, -12.7151079178, -8.5788192749, 10.8240737915, -29.7971115112, 41.3738098145], [-559.961730957, -4.57414722443, 204.471969604, -11.6705369949, 52.8191871643, 197.434066772, 12.1874628067, 55.0326957703, 10.380607605, 38.4773025513, 26.2917442322, 3.94489121437, -20.8933563232], [780.68145752, 115.934921265, -218.573165894, 108.745834351, 68.1019363403, 12.1874628067, 177.525390625, 8.55025672913, 38.6829948425, 22.8839797974, 11.659526825, 20.0818729401, 6.37294006348], [-343.338348389, 81.4843597412, 127.985908508, -78.9850921631, 48.8943786621, 55.0326957703, 8.55025672913, 125.550575256, 22.7964668274, 25.9004917145, 51.9117469788, -12.4106502533, -8.17716217041], [198.242446899, 18.2422561646, -52.0964851379, 13.0114812851, -12.7151079178, 10.380607605, 38.6829948425, 22.7964668274, 86.2046127319, 44.4197311401, 22.4455986023, 23.8639736176, -14.1403646469], [-131.156478882, -20.0038490295, 36.9505844116, -22.831829071, -8.5788192749, 38.4773025513, 22.8839797974, 25.9004917145, 44.4197311401, 84.0484848022, 47.1816520691, 21.9423866272, -14.5402107239], [-74.8775863647, 9.371509552, 29.210855484, -46.7026405334, 10.8240737915, 26.2917442322, 11.659526825, 51.9117469788, 22.4455986023, 47.1816520691, 89.4956817627, 29.1330547333, -16.9209270477], [82.4987640381, -63.2884407043, -37.6720085144, 24.035238266, -29.7971115112, 3.94489121437, 20.0818729401, -12.4106502533, 23.8639736176, 21.9423866272, 29.1330547333, 57.4810333252, -0.639280259609], [141.866973877, 72.6015548706, -37.3907623291, -11.021402359, 41.3738098145, -20.8933563232, 6.37294006348, -8.17716217041, -14.1403646469, -14.5402107239, -16.9209270477, -0.639280259609, 67.4384384155]],
        "icov": [[0.00101436849218, -0.00204937206581, 0.00249254330993, -0.0018063550815, 0.00163395900745, -0.000321030645864, 0.000487875542603, 0.000319973449223, 3.51532107743e-05, 0.000220697271288, -0.00118975515943, -5.37139385415e-05, -0.000194125575945], [-0.00204937206581, 0.011352785863, -0.00652136141434, 0.00795750506222, -0.0139366229996, 0.00440144492313, -0.00592541880906, 0.00275272107683, -0.00669635878876, 0.00362449930981, 0.00163453503046, 0.00355020910501, 0.00040267710574], [0.00249254330993, -0.00652136141434, 0.0134049179032, -0.00779179064557, 0.0073374658823, -0.00702619878575, 0.0120646031573, -0.00863528065383, 0.00702562276274, -0.00622834870592, 0.000827218114864, -0.0014729766408, -0.000605660723522], [-0.0018063550815, 0.00795750506222, -0.00779179064557, 0.0149104390293, -0.0115654543042, 0.00451741926372, -0.0118591999635, 0.00869503058493, -0.00670797564089, 0.00625840434805, 0.00459929788485, -0.00215060613118, 0.00509638525546], [0.00163395900745, -0.0139366229996, 0.0073374658823, -0.0115654543042, 0.0270122792572, -0.00944100692868, 0.00719142379239, -0.00721298903227, 0.0110424933955, -0.00445987656713, -0.00539748324081, 0.00230851024389, -0.0072855069302], [-0.000321030645864, 0.00440144492313, -0.00702619878575, 0.00451741926372, -0.00944100692868, 0.013764760457, -0.00954406242818, 0.0047680339776, -0.00540167512372, 0.00212557567284, 0.00101984944195, -0.00170431670267, 0.00388164957985], [0.000487875542603, -0.00592541880906, 0.0120646031573, -0.0118591999635, 0.00719142379239, -0.00954406242818, 0.0280160102993, -0.016673443839, 0.0100865857676, -0.0135822277516, 0.00474420841783, -0.00478851655498, -0.00160285818856], [0.000319973449223, 0.00275272107683, -0.00863528065383, 0.00869503058493, -0.00721298903227, 0.0047680339776, -0.016673443839, 0.0309666693211, -0.0164210163057, 0.0140803353861, -0.0159658249468, 0.0112547716126, -7.70504120737e-05], [3.51532107743e-05, -0.00669635878876, 0.00702562276274, -0.00670797564089, 0.0110424933955, -0.00540167512372, 0.0100865857676, -0.0164210163057, 0.0313184037805, -0.0190832912922, 0.0100848255679, -0.0117792487144, 0.00341268721968], [0.000220697271288, 0.00362449930981, -0.00622834870592, 0.00625840434805, -0.00445987656713, 0.00212557567284, -0.0135822277516, 0.0140803353861, -0.0190832912922, 0.0328166261315, -0.0160309504718, 0.00580845354125, -0.0013043184299], [-0.00118975515943, 0.00163453503046, 0.000827218114864, 0.00459929788485, -0.00539748324081, 0.00101984944195, 0.00474420841783, -0.0159658249468, 0.0100848255679, -0.0160309504718, 0.0363157428801, -0.022199884057, 0.0107562523335], [-5.37139385415e-05, 0.00355020910501, -0.0014729766408, -0.00215060613118, 0.00230851024389, -0.00170431670267, -0.00478851655498, 0.0112547716126, -0.0117792487144, 0.00580845354125, -0.022199884057, 0.0405312217772, -0.0114077245817], [-0.000194125575945, 0.00040267710574, -0.000605660723522, 0.00509638525546, -0.0072855069302, 0.00388164957985, -0.00160285818856, -7.70504120737e-05, 0.00341268721968, -0.0013043184299, 0.0107562523335, -0.0114077245817, 0.0241397581995]]
    },
    "melbands": {
        "dmean": [4.11383225583e-05, 0.000136175352964, 0.000211810795008, 0.000295210687909, 0.00032224401366, 0.000263891037321, 0.000288361363346, 9.47106527747e-05, 5.41870067536e-05, 5.02818984387e-05, 4.74070620839e-05, 2.77242452285e-05, 1.59574392455e-05, 2.51407691394e-05, 1.4727668713e-05, 1.22085739349e-05, 1.06309898911e-05, 6.54794393995e-06, 5.43207079318e-06, 2.29738907365e-06, 1.70006455846e-06, 1.20571939988e-06, 6.34032119251e-07, 4.66343749395e-07, 2.44228516522e-07, 1.64028563177e-07, 9.28691576974e-08, 4.2086924168e-08, 2.91235817684e-08, 1.62688493788e-08, 1.19204450755e-08, 6.3359784086e-09, 4.38283453974e-09, 8.09202149732e-10, 3.98065358453e-10, 7.06577019116e-11, 3.62856619751e-11, 1.4209839902e-11, 1.16708526524e-11, 9.13450478451e-12],
        "dmean2": [7.32145708753e-05, 0.000242286987486, 0.000369447952835, 0.000496720545925, 0.000419925607275, 0.000433389184764, 0.000470562605187, 0.000141475917189, 8.16218889668e-05, 6.69676519465e-05, 5.7862358517e-05, 3.74616647605e-05, 2.323300032e-05, 3.85538369301e-05, 2.23629795073e-05, 1.80776532943e-05, 1.54035024025e-05, 9.5765281003e-06, 7.4998947639e-06, 3.54528356183e-06, 2.58393015429e-06, 1.86905765531e-06, 9.70915607468e-07, 7.04433375631e-07, 3.32304693984e-07, 2.19546819835e-07, 1.32835765498e-07, 6.11373494053e-08, 4.23501589353e-08, 2.35271677695e-08, 1.77406889179e-08, 9.51994127973e-09, 6.58254606378e-09, 1.16225806757e-09, 6.1761568082e-10, 1.12026068977e-10, 6.08313330264e-11, 2.44042754755e-11, 2.03863714104e-11, 1.61937512011e-11],
        "dvar": [2.41032314108e-08, 2.22811550543e-07, 1.33826787874e-07, 2.71032149612e-07, 5.66405162772e-07, 1.70207911765e-07, 5.60620378565e-07, 9.9306852519e-08, 3.41400649972e-08, 9.4956583041e-08, 6.73968472142e-08, 1.74972605294e-08, 1.56135659957e-09, 1.97245153544e-08, 2.54881022954e-08, 3.45795792001e-09, 2.54673393485e-09, 5.52547230193e-10, 5.93868065835e-10, 5.10765527095e-11, 1.93285266264e-11, 2.20782055832e-11, 5.07042541634e-12, 2.69247688381e-12, 9.01434851243e-13, 5.0892704764e-13, 2.28816125119e-13, 4.96301235514e-14, 3.33495133364e-14, 4.75367426087e-15, 2.73860956089e-15, 1.05968236861e-15, 1.0893050166e-15, 1.80158746274e-17, 9.6587911438e-18, 1.25093360814e-19, 5.26035364666e-20, 1.23008481968e-21, 1.35287024965e-21, 5.59739802018e-22],
        "dvar2": [7.90306060594e-08, 6.89750208949e-07, 3.91709704672e-07, 7.36844299354e-07, 9.44863415953e-07, 4.20027106429e-07, 1.457212079e-06, 2.04937649073e-07, 8.89903688517e-08, 1.19439377499e-07, 8.76519905546e-08, 2.39843860328e-08, 3.268389559e-09, 4.3729922794e-08, 4.58753532939e-08, 7.23229964805e-09, 5.58481305646e-09, 1.28483912398e-09, 9.18429277075e-10, 1.08347733563e-10, 3.90786639159e-11, 4.56645173064e-11, 1.02994609369e-11, 5.25882592681e-12, 1.84562738356e-12, 9.26711507011e-13, 4.42929980887e-13, 1.08229987201e-13, 7.35980558181e-14, 1.18192512594e-14, 5.8453819923e-15, 2.57682542093e-15, 2.59070680863e-15, 3.39304921232e-17, 2.36596452288e-17, 2.90005697051e-19, 1.39510769924e-19, 2.98354555373e-21, 3.40561082622e-21, 1.31069898259e-21],
        "max": [0.0044824834913, 0.014647660777, 0.00456258188933, 0.0123435268179, 0.0252521838993, 0.00797305256128, 0.014502428472, 0.00706904847175, 0.00597522128373, 0.0153493648395, 0.0118990847841, 0.00651413062587, 0.000861409585923, 0.00520488526672, 0.00645527010784, 0.00175841583405, 0.00108819000889, 0.000726089638192, 0.00105506833643, 0.000158720387844, 0.000121651413792, 0.000132825996843, 5.1256880397e-05, 3.53650211764e-05, 2.08078836295e-05, 2.13023849938e-05, 1.48192912093e-05, 6.73253953209e-06, 7.05064258e-06, 1.77480478669e-06, 1.29340901367e-06, 8.91373360901e-07, 9.22176468521e-07, 1.27559218299e-07, 8.74318430988e-08, 6.92482160503e-09, 5.61517010667e-09, 6.59457877195e-10, 1.09382480851e-09, 6.71809829988e-10],
        "mean": [6.01434039709e-05, 0.000213292791159, 0.000433681852883, 0.000638439203613, 0.00111679546535, 0.000799905974418, 0.000855039805174, 0.000302719505271, 0.000154342444148, 0.000151710497448, 0.000132284665597, 7.26206199033e-05, 4.25657381129e-05, 4.400715261e-05, 2.77994877251e-05, 2.79895666608e-05, 2.38615139097e-05, 1.43804591062e-05, 1.34539823193e-05, 5.83648625252e-06, 4.03127887694e-06, 2.74828425972e-06, 1.38632685776e-06, 8.8188681957e-07, 4.69089002308e-07, 3.04648040128e-07, 1.54784117967e-07, 7.41819974337e-08, 4.99333374648e-08, 2.46859066522e-08, 1.7640436667e-08, 9.35485733322e-09, 6.60987842238e-09, 1.17242782149e-09, 4.79019879318e-10, 9.01494434657e-11, 3.95066618308e-11, 1.87437409344e-11, 1.5834228026e-11, 1.43057388852e-11],
        "median": [2.14098854485e-05, 8.41063010739e-05, 0.00022593230824, 0.000349165959051, 0.00046659715008, 0.000448554259492, 0.000221684778808, 8.6707106675e-05, 7.0780311944e-05, 3.16472505801e-05, 2.23762945097e-05, 2.22622202273e-05, 1.80197457667e-05, 8.60241743794e-06, 3.81589507015e-06, 5.33535103386e-06, 4.95824497193e-06, 4.45490240963e-06, 3.1692848097e-06, 1.58287571139e-06, 1.30529235776e-06, 8.23077982659e-07, 3.59032839015e-07, 2.24581640396e-07, 1.02974468064e-07, 5.33532400482e-08, 2.90796275948e-08, 1.80319474907e-08, 7.87846055061e-09, 3.43091777211e-09, 2.15519646574e-09, 8.72489858139e-10, 3.01919877987e-10, 8.85437487219e-11, 2.67308414986e-11, 1.20210126575e-11, 8.8487168981e-12, 7.75256941976e-12, 7.50819198481e-12, 6.90592374952e-12],
        "min": [1.14580326767e-23, 1.52666483939e-23, 1.98271810824e-23, 6.85049571107e-24, 8.17055977265e-24, 3.41711351631e-24, 1.25346037758e-23, 1.38444994203e-23, 3.41951914764e-24, 6.05759071042e-24, 8.95748560207e-24, 4.70659067958e-24, 4.67952801737e-24, 4.55277463598e-24, 8.90298951302e-24, 8.79257107439e-24, 9.1548073246e-24, 9.2609020166e-24, 8.02916355514e-24, 1.08459223681e-23, 8.15436288054e-24, 6.54541558889e-24, 8.12542746254e-24, 8.47119229705e-24, 1.61053463757e-23, 1.75135262004e-23, 1.69858255864e-23, 1.62313811048e-23, 1.23846847051e-23, 1.10429096136e-23, 1.136989167e-23, 1.39282512049e-23, 1.07781876154e-23, 1.02259573716e-23, 7.4632071316e-24, 8.48720617342e-24, 9.20415057422e-24, 7.46966080267e-24, 7.19809464718e-24, 8.36117538862e-24],
        "var": [2.89144939103e-08, 2.85650997967e-07, 3.6040444229e-07, 8.98444909581e-07, 4.1877615331e-06, 9.51571792029e-07, 2.9159357382e-06, 4.96371626468e-07, 7.49665716171e-08, 6.87252963871e-07, 4.06517102647e-07, 8.91531186653e-08, 6.12589534654e-09, 3.40744250593e-08, 5.17233260666e-08, 1.11378035683e-08, 6.28002405634e-09, 1.41657241493e-09, 2.61898192022e-09, 1.97085264775e-10, 7.65285196325e-11, 5.15149867208e-11, 1.17279189832e-11, 5.91322000046e-12, 1.83308229706e-12, 1.13441081615e-12, 3.83722459189e-13, 7.20615312756e-14, 4.52995185308e-14, 5.99536399869e-15, 3.97830495963e-15, 1.42778128814e-15, 1.75337143571e-15, 2.87989547705e-17, 1.01402665086e-17, 1.55402964518e-19, 4.34140348437e-20, 1.65174054083e-21, 1.55824055591e-21, 1.42026093284e-21]
    },
    "mfcc": {
        "mean": [-801.213195801, 237.518280029, -20.0215587616, -1.85673677921, 7.88880681992, -15.301076889, -15.493396759, -15.393535614, -9.19902420044, -9.06035137177, -8.64691638947, -6.47100543976, -4.21180438995],
        "cov": [[5665.66552734, 1941.84094238, -1894.1282959, 550.024475098, -132.218475342, -73.4967956543, 270.045715332, -3.90162158012, 187.941314697, -55.9118003845, 3.67381477356, -1.69712221622, -40.6533546448], [1941.84094238, 1134.77990723, -436.425415039, -22.3933544159, 118.168533325, 1.87066829205, 108.141532898, 69.8679504395, 86.1865386963, 55.2572669983, 3.56564426422, 16.900144577, -2.49130558968], [-1894.1282959, -436.425415039, 826.703796387, -225.864044189, 103.130752563, 93.5634765625, -90.7988510132, 38.5929222107, -24.0735816956, 47.4424133301, 17.5500602722, 14.3291692734, 22.9429264069], [550.024475098, -22.3933544159, -225.864044189, 250.355102539, -39.0750846863, -0.417906105518, 48.5405769348, -21.8009624481, 21.6392269135, -40.3379898071, -19.1068515778, -4.8506398201, -0.775537014008], [-132.218475342, 118.168533325, 103.130752563, -39.0750846863, 159.182983398, 51.9736442566, 29.2901248932, 48.8755722046, 6.24350214005, 28.706407547, -16.703704834, -4.40676403046, 11.1517124176], [-73.4967956543, 1.87066829205, 93.5634765625, -0.417906105518, 51.9736442566, 154.888885498, 44.0606536865, 27.2829647064, 47.6559753418, 5.68018865585, 29.5826625824, 14.48416996, -9.96020317078], [270.045715332, 108.141532898, -90.7988510132, 48.5405769348, 29.2901248932, 44.0606536865, 128.462921143, 51.0123405457, 19.0563526154, 22.7700138092, 16.0225582123, 31.8740253448, -2.88793134689], [-3.90162158012, 69.8679504395, 38.5929222107, -21.8009624481, 48.8755722046, 27.2829647064, 51.0123405457, 82.7949676514, 21.2878189087, 26.8523197174, 31.3801994324, 15.5418634415, 15.1712598801], [187.941314697, 86.1865386963, -24.0735816956, 21.6392269135, 6.24350214005, 47.6559753418, 19.0563526154, 21.2878189087, 75.1793060303, 21.2948913574, 0.678112626076, 1.64462316036, -10.8762407303], [-55.9118003845, 55.2572669983, 47.4424133301, -40.3379898071, 28.706407547, 5.68018865585, 22.7700138092, 26.8523197174, 21.2948913574, 73.0379486084, 33.908618927, 5.3767080307, 4.32881498337], [3.67381477356, 3.56564426422, 17.5500602722, -19.1068515778, -16.703704834, 29.5826625824, 16.0225582123, 31.3801994324, 0.678112626076, 33.908618927, 124.210426331, 62.8991127014, 12.8662586212], [-1.69712221622, 16.900144577, 14.3291692734, -4.8506398201, -4.40676403046, 14.48416996, 31.8740253448, 15.5418634415, 1.64462316036, 5.3767080307, 62.8991127014, 95.3204421997, 42.6375617981], [-40.6533546448, -2.49130558968, 22.9429264069, -0.775537014008, 11.1517124176, -9.96020317078, -2.88793134689, 15.1712598801, -10.8762407303, 4.32881498337, 12.8662586212, 42.6375617981, 91.4636764526]],
