{
"lowlevel": {
    "average_loudness": 0.962651312351,
    "barkbands_crest": {
        "dmean": 3.98969721794,
        "dmean2": 6.5060839653,
        "dvar": 15.6100921631,
        "dvar2": 35.3046379089,
        "max": 25.6056957245,
        "mean": 13.6919164658,
        "median": 12.4822177887,
        "min": 2.35489487648,
        "var": 36.2566719055
    },
    "barkbands_flatness_db": {
        "dmean": 0.0741763114929,
        "dmean2": 0.1075072065,
        "dvar": 0.0054208622314,
        "dvar2": 0.0101496502757,
        "max": 0.697095930576,
        "mean": 0.255205094814,
        "median": 0.239727884531,
        "min": 0.0321099534631,
        "var": 0.0156635679305
    },
    "barkbands_kurtosis": {
        "dmean": 30.3019008636,
        "dmean2": 52.2439193726,
        "dvar": 9687.98046875,
        "dvar2": 22108.2089844,
        "max": 1156.65856934,
        "mean": 29.2710533142,
        "median": 4.07642602921,
        "min": -1.97419261932,
        "var": 10684.4326172
    },
    "barkbands_skewness": {
        "dmean": 1.8044680357,
        "dmean2": 2.99391770363,
        "dvar": 8.24214458466,
        "dvar2": 19.3599433899,
        "max": 27.8246459961,
        "mean": 2.60498118401,
        "median": 1.81385171413,
        "min": -3.40364384651,
        "var": 10.5526981354
    },
    "barkbands_spread": {
        "dmean": 16.1711063385,
        "dmean2": 25.2682304382,
        "dvar": 634.784606934,
        "dvar2": 1258.52404785,
        "max": 141.626449585,
        "mean": 23.262676239,
        "median": 11.2727880478,
        "min": 0.0702911391854,
        "var": 967.301025391
    },
    "dissonance": {
        "dmean": 0.0327687263489,
        "dmean2": 0.0537775494158,
        "dvar": 0.0017903073458,
        "dvar2": 0.00419422565028,
        "max": 0.499997794628,
        "mean": 0.441551327705,
        "median": 0.465928018093,
        "min": 0.149119392037,
        "var": 0.00404618214816
    },
    "dynamic_complexity": 3.33482789993,
    "erbbands_crest": {
        "dmean": 2.77028489113,
        "dmean2": 4.51193094254,
        "dvar": 11.7600421906,
        "dvar2": 24.7798500061,
        "max": 29.429315567,
        "mean": 9.54672622681,
        "median": 8.40318584442,
        "min": 2.7784819603,
        "var": 22.0409507751
    },
    "erbbands_flatness_db": {
        "dmean": 0.0579050928354,
        "dmean2": 0.0824651196599,
        "dvar": 0.002785211429,
        "dvar2": 0.00588197493926,
        "max": 0.446205675602,
        "mean": 0.201153725386,
        "median": 0.189155310392,
        "min": 0.0429512485862,
        "var": 0.00702999858186
    },
    "erbbands_kurtosis": {
        "dmean": 5.62237977982,
        "dmean2": 9.47207736969,
        "dvar": 224.217941284,
        "dvar2": 528.627685547,
        "max": 275.24621582,
        "mean": 4.59975099564,
        "median": 0.567181706429,
        "min": -1.89119410515,
        "var": 248.555496216
    },
    "erbbands_skewness": {
        "dmean": 1.01271486282,
        "dmean2": 1.56355798244,
        "dvar": 1.7496483326,
        "dvar2": 3.94071173668,
        "max": 12.9689130783,
        "mean": 0.657001912594,
        "median": 0.443891942501,
        "min": -4.2789106369,
        "var": 2.60435390472
    },
    "erbbands_spread": {
        "dmean": 21.3467292786,
        "dmean2": 35.4002952576,
        "dvar": 948.33190918,
        "dvar2": 2408.58837891,
        "max": 226.956848145,
        "mean": 39.2619819641,
        "median": 33.5318222046,
        "min": 1.55377399921,
        "var": 1079.24560547
    },
    "hfc": {
        "dmean": 27.2130088806,
        "dmean2": 48.2014274597,
        "dvar": 3471.765625,
        "dvar2": 9312.71191406,
        "max": 364.358032227,
        "mean": 24.9619541168,
        "median": 9.7054643631,
        "min": 1.2002165695e-16,
        "var": 2422.26245117
    },
    "melbands_crest": {
        "dmean": 4.57133674622,
        "dmean2": 7.23078584671,
        "dvar": 23.5766429901,
        "dvar2": 52.7379760742,
        "max": 36.5635147095,
        "mean": 19.4471263885,
        "median": 18.4866142273,
        "min": 2.18435788155,
        "var": 65.3141326904
    },
    "melbands_flatness_db": {
        "dmean": 0.0901488438249,
        "dmean2": 0.128477618098,
        "dvar": 0.00785896368325,
        "dvar2": 0.0144923916087,
        "max": 0.851496458054,
        "mean": 0.350953012705,
        "median": 0.330638945103,
        "min": 0.00543377269059,
        "var": 0.0244477577507
    },
    "melbands_kurtosis": {
        "dmean": 47.7145500183,
        "dmean2": 83.6716918945,
        "dvar": 26074.9355469,
        "dvar2": 68512.375,
        "max": 2120.59106445,
        "mean": 47.1074943542,
        "median": 10.8170967102,
        "min": -1.77255773544,
        "var": 22685.6210938
    },
    "melbands_skewness": {
        "dmean": 1.90721523762,
        "dmean2": 3.15098071098,
        "dvar": 10.0934410095,
        "dvar2": 26.5120754242,
        "max": 40.0256347656,
        "mean": 3.74479198456,
        "median": 2.71545314789,
        "min": -1.65467822552,
        "var": 12.6992578506
    },
    "melbands_spread": {
        "dmean": 12.5266799927,
        "dmean2": 20.391368866,
        "dvar": 624.254821777,
        "dvar2": 1547.24414062,
        "max": 244.83757019,
        "mean": 16.3945350647,
        "median": 8.34181213379,
        "min": 0.105763457716,
        "var": 593.288513184
    },
    "pitch_salience": {
        "dmean": 0.122110031545,
        "dmean2": 0.192722171545,
        "dvar": 0.0162631440908,
        "dvar2": 0.0361211113632,
        "max": 0.918277919292,
        "mean": 0.465953171253,
        "median": 0.454335451126,
        "min": 0.0245452392846,
        "var": 0.0383663102984
    },
    "silence_rate_20dB": {
        "dmean": 0,
        "dmean2": 0,
        "dvar": 0,
        "dvar2": 0,
        "max": 1,
        "mean": 1,
        "median": 1,
        "min": 1,
        "var": 0
    },
    "silence_rate_30dB": {
        "dmean": 0.0113460542634,
        "dmean2": 0.0227038189769,
        "dvar": 0.0112172560766,
        "dvar2": 0.0304439496249,
        "max": 1,
        "mean": 0.989175260067,
        "median": 1,
        "min": 0,
        "var": 0.0107075888664
    },
    "silence_rate_60dB": {
        "dmean": 0.0520887039602,
        "dmean2": 0.104231163859,
        "dvar": 0.0493761785328,
        "dvar2": 0.0974949076772,
        "max": 1,
        "mean": 0.138659790158,
        "median": 0,
        "min": 0,
        "var": 0.119433149695
    },
    "spectral_centroid": {
        "dmean": 523.528564453,
        "dmean2": 796.974853516,
        "dvar": 795870.8125,
        "dvar2": 1552826.875,
        "max": 11043.2197266,
        "mean": 1195.9050293,
        "median": 869.253295898,
        "min": 55.0486335754,
        "var": 1291892.375
    },
    "spectral_complexity": {
        "dmean": 3.69881391525,
        "dmean2": 5.28431367874,
        "dvar": 38.8447265625,
        "dvar2": 66.7810821533,
        "max": 58,
        "mean": 11.6319589615,
        "median": 10,
        "min": 0,
        "var": 113.28881073
    },
    "spectral_decrease": {
        "dmean": 4.08728206835e-09,
        "dmean2": 6.72349687036e-09,
        "dvar": 2.5266976273e-17,
        "dvar2": 7.32033666286e-17,
        "max": 9.56590083892e-29,
        "mean": -8.98048124753e-09,
        "median": -7.67585905947e-09,
        "min": -4.80701842775e-08,
        "var": 5.76280056805e-17
    },
    "spectral_energy": {
        "dmean": 0.016789522022,
        "dmean2": 0.028561828658,
        "dvar": 0.000390793604311,
        "dvar2": 0.00111896928865,
        "max": 0.183630093932,
        "mean": 0.0361584946513,
        "median": 0.0319847390056,
        "min": 1.05252755275e-20,
        "var": 0.000857539300341
    },
    "spectral_energyband_high": {
        "dmean": 0.00236539682373,
        "dmean2": 0.004222036805,
        "dvar": 2.86489466816e-05,
        "dvar2": 7.68081226852e-05,
        "max": 0.028906557709,
        "mean": 0.00155696773436,
        "median": 3.31465271302e-05,
        "min": 7.4627669409e-21,
        "var": 1.93744144781e-05
    },
    "spectral_energyband_low": {
        "dmean": 0.0126366978511,
        "dmean2": 0.0198691058904,
        "dvar": 0.000307016336592,
        "dvar2": 0.000948023458477,
        "max": 0.153805747628,
        "mean": 0.0229674186558,
        "median": 0.0169444940984,
        "min": 4.06060029402e-23,
        "var": 0.000610581832007
    },
    "spectral_energyband_middle_high": {
        "dmean": 0.00126369507052,
        "dmean2": 0.00207191519439,
        "dvar": 8.9215745902e-06,
        "dvar2": 2.28126482398e-05,
        "max": 0.0247909333557,
        "mean": 0.00218047294766,
        "median": 0.000710941676516,
        "min": 1.71784834686e-21,
        "var": 1.16586334116e-05
    },
    "spectral_energyband_middle_low": {
        "dmean": 0.00548271089792,
        "dmean2": 0.00881878007203,
        "dvar": 7.78138710302e-05,
        "dvar2": 0.000187353478395,
        "max": 0.0960034355521,
        "mean": 0.00991764198989,
        "median": 0.00748226325959,
        "min": 2.63733770125e-22,
        "var": 0.000108818763692
    },
    "spectral_entropy": {
        "dmean": 0.628078043461,
        "dmean2": 0.923855245113,
        "dvar": 0.514298737049,
        "dvar2": 0.96972244978,
        "max": 9.80008983612,
        "mean": 6.9463596344,
        "median": 6.9654750824,
        "min": 3.71155405045,
        "var": 1.16211020947
    },
    "spectral_flux": {
        "dmean": 0.0442315414548,
        "dmean2": 0.0688116848469,
        "dvar": 0.00189004652202,
        "dvar2": 0.00377641571686,
        "max": 0.332585781813,
        "mean": 0.0950370132923,
        "median": 0.0879073888063,
        "min": 1.02592767615e-10,
        "var": 0.00414146855474
    },
    "spectral_kurtosis": {
        "dmean": 14.7118520737,
        "dmean2": 22.6581745148,
        "dvar": 512.349731445,
        "dvar2": 1026.28161621,
        "max": 200.543777466,
        "mean": 19.4270267487,
        "median": 7.03637742996,
        "min": -1.26776313782,
        "var": 869.133300781
    },
    "spectral_rms": {
        "dmean": 0.00138563162182,
        "dmean2": 0.00227935612202,
        "dvar": 2.17760657506e-06,
        "dvar2": 5.25183577338e-06,
        "max": 0.013384741731,
        "mean": 0.00527229532599,
        "median": 0.00558610912412,
        "min": 3.20445970106e-12,
        "var": 7.47945887269e-06
    },
    "spectral_rolloff": {
        "dmean": 1695.14770508,
        "dmean2": 3051.35253906,
        "dvar": 12215873,
        "dvar2": 25162682,
        "max": 19013.8183594,
        "mean": 2051.04931641,
        "median": 495.263671875,
        "min": 21.533203125,
        "var": 13964497
    },
    "spectral_skewness": {
        "dmean": 1.22001099586,
        "dmean2": 1.8106110096,
        "dvar": 2.15438103676,
        "dvar2": 4.2381029129,
        "max": 12.5749359131,
        "mean": 2.70373487473,
        "median": 1.93268287182,
        "min": -0.188833519816,
        "var": 5.00269937515
    },
    "spectral_spread": {
        "dmean": 2398786.5,
        "dmean2": 3560247.25,
        "dvar": 8.5229961216e+12,
        "dvar2": 1.41942188933e+13,
        "max": 42819484,
        "mean": 5270895.5,
        "median": 4077418,
        "min": 574811.625,
        "var": 1.98439652557e+13
    },
    "spectral_strongpeak": {
        "dmean": 0.188074320555,
        "dmean2": 0.309587717056,
        "dvar": 0.0847159549594,
        "dvar2": 0.21962530911,
        "max": 4.78755950928,
        "mean": 0.434464544058,
        "median": 0.376638054848,
        "min": 0,
        "var": 0.139167159796
    },
    "zerocrossingrate": {
        "dmean": 0.0301314108074,
        "dmean2": 0.035203114152,
        "dvar": 0.00191349699162,
        "dvar2": 0.00227940198965,
        "max": 0.4970703125,
        "mean": 0.0571044906974,
        "median": 0.0302734375,
        "min": 0,
        "var": 0.0051067234017
    },
    "barkbands": {
        "dmean": [0.000480002636323, 0.0117806401104, 0.0017336771125, 0.00149249145761, 0.00179991673212, 0.00134776148479, 0.00105677219108, 0.000653401541058, 0.000494679843541, 0.000208920420846, 9.32417824515e-05, 9.88962492556e-05, 8.04880837677e-05, 6.83479738655e-05, 4.69322258141e-05, 0.000187462661415, 0.000264579139184, 0.000260900560534, 0.000176401430508, 0.000170069557498, 0.000137594848638, 0.000200267953915, 0.00036585109774, 0.000288304785499, 0.000400373071898, 0.000825161288958, 3.77170690626e-05],
        "dmean2": [0.00053631287301, 0.0186160355806, 0.00283743347973, 0.00256950524636, 0.00298996805213, 0.00220061745495, 0.00175991049036, 0.0011004981352, 0.00079127214849, 0.000369465502445, 0.000155680856551, 0.000160282856086, 0.000140985604958, 0.00011319310579, 7.03954137862e-05, 0.000321851024637, 0.00043931932305, 0.000441280804807, 0.000294606201351, 0.000294804573059, 0.000231184938457, 0.000357839948265, 0.000662086240482, 0.000521814450622, 0.000727605191059, 0.00147298467346, 6.65179541102e-05],
        "dvar": [4.02154171297e-07, 0.000291814241791, 1.42472717926e-05, 1.7798589397e-05, 1.00002152976e-05, 3.90275909012e-06, 3.20212348015e-06, 1.20559616335e-06, 5.84444649121e-07, 2.56427085787e-07, 2.53366820857e-08, 3.25031201953e-08, 3.53035076728e-08, 4.34461746579e-08, 1.93019324968e-08, 3.91222329199e-07, 6.67500557938e-07, 7.30763133561e-07, 3.24616792113e-07, 3.73393817199e-07, 1.91769501612e-07, 2.97964476204e-07, 6.58989051772e-07, 4.60521164314e-07, 1.1082815945e-06, 5.61907791052e-06, 1.65027813637e-08],
        "dvar2": [5.35876552021e-07, 0.000949428300373, 3.41685081366e-05, 4.22390658059e-05, 2.62294834101e-05, 9.1633064585e-06, 7.7379954746e-06, 3.00204692394e-06, 1.38597943078e-06, 7.34106208711e-07, 6.44767936819e-08, 7.65715597595e-08, 9.84693642181e-08, 1.13813719338e-07, 3.83121658842e-08, 1.0510791526e-06, 1.74982892531e-06, 1.97466488316e-06, 8.67261690018e-07, 9.98246378003e-07, 4.9095177701e-07, 7.90078161117e-07, 1.7733933646e-06, 1.25028100229e-06, 3.00303258882e-06, 1.52141728904e-05, 4.43804140104e-08],
        "max": [0.0069949994795, 0.140531077981, 0.0847667455673, 0.0399798601866, 0.0536669492722, 0.0183473359793, 0.0213640276343, 0.0137450667098, 0.0088212499395, 0.00693671498448, 0.00184636854101, 0.00245192158036, 0.00163602270186, 0.00214669015259, 0.00134586635977, 0.00777504872531, 0.0128732165322, 0.0106219956651, 0.00534190377221, 0.00490624178201, 0.0042878058739, 0.00412514153868, 0.00482254521921, 0.00419309129938, 0.00587852671742, 0.014739593491, 0.00127403833903],
        "mean": [0.00103549147025, 0.0191780403256, 0.00231915502809, 0.00112842628732, 0.00254522170871, 0.00214647082612, 0.00170926866122, 0.00119252700824, 0.00113345228601, 0.000304477871396, 0.000154360212036, 0.000198990775971, 0.00012991487165, 8.75625919434e-05, 5.61981723877e-05, 0.000228671400691, 0.000418091978645, 0.000356960314093, 0.000226501899306, 0.000141652388265, 0.000110508422949, 0.000136051181471, 0.000234408435063, 0.000181520270417, 0.000249760982115, 0.000529552111402, 2.53015696217e-05],
        "median": [0.000314365897793, 0.0124870799482, 0.000197993562324, 3.5270855733e-05, 0.00150380993728, 0.001196305966, 0.000677171163261, 0.000576984893996, 0.000574408564717, 0.000113128247904, 7.00752498233e-05, 5.09807432536e-05, 2.96035395877e-05, 1.27986804728e-05, 8.76409285411e-06, 9.61926707532e-06, 9.49093646341e-06, 8.20364402898e-06, 8.21464709588e-06, 6.84371207171e-06, 3.2965540413e-06, 2.05819196708e-06, 2.96642656394e-06, 2.099061021e-06, 2.85427154267e-06, 2.44252191806e-06, 5.39417541745e-08],
        "min": [3.46867701495e-24, 2.40228245816e-23, 8.94955439453e-24, 1.44763896272e-23, 4.72400833394e-23, 9.38100072517e-23, 1.22493493059e-23, 5.39316054343e-23, 3.37265773331e-23, 5.06321883873e-23, 9.7773774554e-23, 1.38348974054e-22, 2.00770388902e-22, 1.06816095836e-22, 1.30102550317e-22, 1.83891731648e-22, 1.00030522588e-22, 2.16801241565e-22, 3.34593346087e-22, 3.51880077933e-22, 2.25598820328e-22, 3.48492090739e-22, 5.68081482287e-22, 9.30387246918e-22, 1.19745167614e-21, 1.58871547699e-21, 2.60887514541e-21],
        "var": [1.90010985079e-06, 0.00051353831077, 1.93480082089e-05, 1.46664606291e-05, 1.26687937154e-05, 7.26964299247e-06, 5.25591622136e-06, 2.7507599043e-06, 2.16278658627e-06, 2.86855339482e-07, 5.24311261074e-08, 1.10201682446e-07, 6.38981560996e-08, 5.62801147908e-08, 2.61268606749e-08, 4.67897450562e-07, 1.20427205275e-06, 8.13365772956e-07, 3.36519633493e-07, 2.91492312954e-07, 1.60728049536e-07, 2.13882387357e-07, 4.36046235563e-07, 2.97907973845e-07, 7.16401302725e-07, 3.70114753423e-06, 1.11052402829e-08]
    },
    "erbbands": {
        "dmean": [0.477000623941, 2.21821856499, 2.52417588234, 2.97908997536, 5.39366722107, 6.29027414322, 9.19539737701, 12.2547330856, 14.4627103806, 13.1073217392, 14.4650669098, 10.1991300583, 8.26174068451, 5.1123342514, 3.52834439278, 3.45870423317, 3.51693749428, 3.30207657814, 3.07319498062, 4.90349960327, 11.1893119812, 12.7037267685, 13.4828596115, 13.6692342758, 6.68843889236, 7.1360168457, 7.74565505981, 5.21124839783, 7.25957679749, 12.407828331, 8.62013435364, 6.69630479813, 4.24981832504, 3.37618756294, 3.52328324318, 2.93832993507, 1.83253157139, 0.220488443971, 0.00650105020031, 0.000188873076695],
        "dmean2": [0.729126870632, 3.69036817551, 4.17287778854, 4.69314479828, 9.41028118134, 10.6358823776, 14.6497936249, 20.2430515289, 24.2275314331, 21.8953495026, 24.1250324249, 16.5432949066, 14.2372360229, 8.72402858734, 5.86796236038, 5.73314380646, 5.98575639725, 5.31356287003, 5.07803916931, 7.69366931915, 18.6531677246, 21.1956272125, 22.4449996948, 23.2996082306, 10.8523864746, 12.0921936035, 13.3842506409, 9.00200271606, 12.9527454376, 22.4694652557, 15.5821857452, 12.1430149078, 7.7186756134, 6.19506597519, 6.35448503494, 5.22769594193, 3.30051183701, 0.389678359032, 0.011543684639, 0.000335710356012],
        "dvar": [0.465677201748, 10.9466781616, 20.3109378815, 55.8588790894, 166.008865356, 129.315246582, 212.371368408, 339.680145264, 647.35168457, 447.253356934, 565.717529297, 255.405090332, 332.132995605, 105.696357727, 34.5574569702, 43.5266036987, 54.8749542236, 88.8554000854, 93.0637054443, 273.984130859, 2193.4230957, 1149.42285156, 1573.29101562, 2131.83666992, 370.851867676, 648.921325684, 853.437316895, 225.468902588, 446.742980957, 777.281921387, 353.406158447, 236.108276367, 107.012458801, 71.9593887329, 94.6028213501, 70.8132629395, 28.5974979401, 0.418055146933, 0.000427981489338, 2.53868023492e-07],
        "dvar2": [1.38691937923, 35.928401947, 51.3970108032, 118.625228882, 419.041046143, 345.861114502, 497.256378174, 792.284729004, 1622.71850586, 1069.76013184, 1381.18493652, 612.504821777, 926.520019531, 288.697540283, 86.3908309937, 110.568496704, 148.041656494, 224.851150513, 230.806747437, 638.013183594, 5966.55371094, 2999.40917969, 4181.60253906, 5733.73291016, 948.313781738, 1708.28759766, 2325.20288086, 576.888244629, 1196.31335449, 2094.57226562, 946.016845703, 640.520080566, 292.201629639, 198.277297974, 256.184844971, 191.964889526, 77.9593353271, 1.12260425091, 0.00116843450814, 6.86645137193e-07],
        "max": [5.47127437592, 25.8701515198, 95.7457580566, 95.8930435181, 154.502410889, 179.449615479, 188.361816406, 150.636581421, 275.41583252, 341.790466309, 364.889923096, 179.255523682, 250.506515503, 115.587547302, 69.4420394897, 100.496017456, 73.0052947998, 100.428909302, 75.5298995972, 142.827270508, 844.208679199, 460.534240723, 476.423706055, 508.174377441, 163.734069824, 209.250549316, 280.191741943, 126.817848206, 178.683731079, 178.380783081, 116.144454956, 103.629745483, 69.1056137085, 55.8318328857, 55.5407752991, 49.1102294922, 34.8795089722, 5.24031639099, 0.183410912752, 0.00385723542422],
        "mean": [0.755282104015, 3.43165063858, 3.53312134743, 2.99907803535, 5.49566030502, 8.38219928741, 14.3071832657, 19.8337230682, 23.5719738007, 23.1771469116, 28.4179916382, 22.6910552979, 14.6296663284, 8.78611373901, 6.41137456894, 6.59381628036, 6.42381334305, 5.01863670349, 3.14853620529, 5.38045072556, 14.5637636185, 20.5851211548, 20.6283760071, 17.8457241058, 8.98180198669, 6.33046579361, 5.95924329758, 4.01171064377, 4.92177248001, 7.96685218811, 5.55270957947, 4.20234966278, 2.65674114227, 2.05981397629, 2.21263337135, 1.89203977585, 1.15886867046, 0.144147068262, 0.00420960457996, 0.000152340275235],
        "median": [0.251288861036, 2.26370811462, 1.35820841789, 0.379683613777, 0.512466490269, 4.40871095657, 7.86937618256, 10.1947116852, 10.2682704926, 12.7517614365, 14.5685586929, 12.1247596741, 5.91774654388, 3.72372150421, 2.7957701683, 1.8706805706, 1.53873324394, 0.802890837193, 0.539334416389, 0.520198345184, 0.600725352764, 0.571007370949, 0.488831937313, 0.530888080597, 0.45364677906, 0.340427458286, 0.165576189756, 0.118580244482, 0.0832316875458, 0.108408868313, 0.0676847398281, 0.0486331731081, 0.0309248156846, 0.0243139062077, 0.0196087341756, 0.0115773808211, 0.00436154007912, 0.000501269823872, 3.85324092349e-05, 4.66962665087e-05],
        "min": [2.43803533832e-22, 6.68311932521e-21, 1.49577018372e-20, 2.83223636746e-20, 4.66748615978e-20, 1.83354560639e-19, 2.69802534372e-19, 1.0493946191e-18, 4.56615226959e-19, 5.28514954874e-19, 9.52210926694e-19, 7.94404201166e-19, 1.00936941721e-18, 2.34505103953e-18, 4.73820718117e-18, 7.15066372125e-18, 1.02770474403e-17, 5.65466994673e-18, 4.90548915722e-18, 7.7295933699e-18, 9.96168979486e-18, 6.26685804627e-18, 1.30424999981e-17, 1.24828742634e-17, 1.79042217883e-17, 1.44413376873e-17, 1.18439690572e-17, 1.05782007403e-17, 1.13236244755e-17, 1.37387362653e-17, 1.79845757674e-17, 1.80897385474e-17, 1.49144055884e-17, 1.31036906839e-17, 9.02908584042e-18, 6.23303752616e-18, 2.81818201309e-18, 1.28587304513e-18, 3.68840455523e-19, 3.99776325423e-20],
        "var": [1.03114259243, 15.6753988266, 29.7214584351, 59.9282913208, 145.702423096, 163.232223511, 382.135650635, 619.688110352, 1002.33776855, 914.076538086, 1389.7923584, 878.801208496, 575.024536133, 167.07901001, 86.0747451782, 111.386825562, 138.628723145, 176.201339722, 85.6625289917, 284.188873291, 2225.64453125, 2434.87597656, 2102.75708008, 2204.77758789, 495.253234863, 538.115539551, 621.18939209, 185.688858032, 313.565917969, 514.261291504, 237.398529053, 153.238296509, 68.1584854126, 44.6986961365, 61.5192451477, 46.6484527588, 18.4721508026, 0.281419932842, 0.000277313112747, 1.7032121491e-07]
    },
    "gfcc": {
        "mean": [-95.0493545532, 106.699241638, -63.1944313049, 17.2886505127, -49.1578445435, 1.31958818436, -27.0332717896, 20.4284534454, -11.2966918945, 7.98601341248, -6.42797374725, 14.5380678177, -9.42564296722],
        "cov": [[17207.3867188, -1557.04382324, -3239.48461914, 429.16003418, -1251.64916992, 244.718261719, -460.374176025, 729.543823242, -316.322875977, 57.4367294312, -143.572067261, -99.3607559204, -565.504272461], [-1557.04382324, 5712.41064453, -999.994750977, -1085.54345703, 1071.06005859, -1078.19177246, 576.876953125, -349.511016846, 248.671279907, -389.416625977, 455.771270752, -444.373687744, 304.092559814], [-3239.48461914, -999.994750977, 3818.58642578, 490.165527344, 122.139953613, 863.671264648, -159.591583252, -393.436126709, 125.41153717, 174.707794189, -263.08694458, 215.40423584, 55.5142326355], [429.16003418, -1085.54345703, 490.165527344, 1689.99731445, 270.117034912, 399.461486816, 15.1792812347, -4.11130142212, -8.05860614777, -10.7379741669, -75.164604187, -122.678199768, 74.8584060669], [-1251.64916992, 1071.06005859, 122.139953613, 270.117034912, 879.789916992, -174.905731201, 306.890411377, 21.6518115997, 133.905654907, -158.565567017, 88.9141235352, -80.2676315308, 55.3655586243], [244.718261719, -1078.19177246, 863.671264648, 399.461486816, -174.905731201, 578.824401855, -57.8804168701, 1.35816383362, 38.7028312683, 166.954772949, -99.0258865356, 49.5299377441, -29.5930919647], [-460.374176025, 576.876953125, -159.591583252, 15.1792812347, 306.890411377, -57.8804168701, 370.249237061, 65.8410491943, 97.7116317749, -0.835444331169, 146.944137573, -73.9568710327, 23.2654342651], [729.543823242, -349.511016846, -393.436126709, -4.11130142212, 21.6518115997, 1.35816383362, 65.8410491943, 288.942626953, 35.1972389221, 3.50224947929, 25.4678783417, 74.2722320557, -79.7320480347], [-316.322875977, 248.671279907, 125.41153717, -8.05860614777, 133.905654907, 38.7028312683, 97.7116317749, 35.1972389221, 201.343276978, 40.9507637024, 69.1585617065, 17.9166469574, 79.6327056885], [57.4367294312, -389.416625977, 174.707794189, -10.7379741669, -158.565567017, 166.954772949, -0.835444331169, 3.50224947929, 40.9507637024, 162.071258545, 14.1461238861, 29.4188270569, 7.14307689667], [-143.572067261, 455.771270752, -263.08694458, -75.164604187, 88.9141235352, -99.0258865356, 146.944137573, 25.4678783417, 69.1585617065, 14.1461238861, 157.160873413, -29.3176231384, 57.1098175049], [-99.3607559204, -444.373687744, 215.40423584, -122.678199768, -80.2676315308, 49.5299377441, -73.9568710327, 74.2722320557, 17.9166469574, 29.4188270569, -29.3176231384, 152.596450806, -28.4273910522], [-565.504272461, 304.092559814, 55.5142326355, 74.8584060669, 55.3655586243, -29.5930919647, 23.2654342651, -79.7320480347, 79.6327056885, 7.14307689667, 57.1098175049, -28.4273910522, 149.306488037]],
        "icov": [[0.000121067394502, -0.000121490804304, 0.000143078446854, -0.000165852470673, 0.000214500687434, -0.000231457932387, 0.000159489078214, -0.00010786500934, -0.000129156760522, -1.52580205395e-05, 5.37163032277e-05, -0.000162323965924, 0.000546236580703], [-0.000121490804304, 0.00112244579941, -0.000347866531229, 0.000990082509816, -0.000874218996614, 0.000828911957797, 0.000141738200909, 0.000398008531192, -0.000621524697635, 0.00126463524066, -0.00158134312369, 0.00296273548156, -0.000994423869997], [0.000143078446854, -0.000347866531229, 0.00112929940224, -0.000371193949832, -9.78169337031e-05, -0.00167839322239, -0.000239611879806, 0.0017559111584, -0.000331545452354, -6.56283737044e-05, 0.00107361748815, -0.00286061014049, 0.000919924292248], [-0.000165852470673, 0.000990082509816, -0.000371193949832, 0.00207212916575, -0.00149039784446, -0.000473870139103, 0.000514337385539, -0.00055670569418, 0.00061541213654, 0.00140240346082, -0.00121962104458, 0.00378016545437, -0.00267335143872], [0.000214500687434, -0.000874218996614, -9.78169337031e-05, -0.00149039784446, 0.0039364490658, 0.000637290475424, -0.0020988623146, -0.000533855694812, -0.00170558341779, 0.00154949759599, 0.00164825853426, -0.00177807558794, 0.00195168389473], [-0.000231457932387, 0.000828911957797, -0.00167839322239, -0.000473870139103, 0.000637290475424, 0.00730389170349, -0.000722825294361, -0.00133396475576, -0.00173402391374, -0.00335446698591, 0.0011327060638, 0.00362963252701, 0.000251482415479], [0.000159489078214, 0.000141738200909, -0.000239611879806, 0.000514337385539, -0.0020988623146, -0.000722825294361, 0.00812859460711, -0.00226590433158, -0.00062965095276, -0.00089212693274, -0.00640852516517, 0.00483907945454, 0.00205609714612], [-0.00010786500934, 0.000398008531192, 0.0017559111584, -0.00055670569418, -0.000533855694812, -0.00133396475576, -0.00226590433158, 0.0108758443967, -0.00351656693965, 0.00167640135624, -0.000570376869291, -0.00713622849435, 0.00515642017126], [-0.000129156760522, -0.000621524697635, -0.000331545452354, 0.00061541213654, -0.00170558341779, -0.00173402391374, -0.00062965095276, -0.00351656693965, 0.0120102036744, -0.00316531513818, -0.000222416740144, -0.00209288485348, -0.00746724102646], [-1.52580205395e-05, 0.00126463524066, -6.56283737044e-05, 0.00140240346082, 0.00154949759599, -0.00335446698591, -0.00089212693274, 0.00167640135624, -0.00316531513818, 0.0152037702501, -0.00506819365546, 0.00196996657178, -0.000242900990997], [5.37163032277e-05, -0.00158134312369, 0.00107361748815, -0.00121962104458, 0.00164825853426, 0.0011327060638, -0.00640852516517, -0.000570376869291, -0.000222416740144, -0.00506819365546, 0.0190756004304, -0.00547851948068, -0.00403463561088], [-0.000162323965924, 0.00296273548156, -0.00286061014049, 0.00378016545437, -0.00177807558794, 0.00362963252701, 0.00483907945454, -0.00713622849435, -0.00209288485348, 0.00196996657178, -0.00547851948068, 0.0241201072931, -0.00295691844076], [0.000546236580703, -0.000994423869997, 0.000919924292248, -0.00267335143872, 0.00195168389473, 0.000251482415479, 0.00205609714612, 0.00515642017126, -0.00746724102646, -0.000242900990997, -0.00403463561088, -0.00295691844076, 0.0185240674764]]
    },
    "melbands": {
        "dmean": [0.00372778484598, 0.00169363955501, 0.000614237447735, 0.000402774807299, 0.000312708725687, 0.000267910509137, 0.000220241039642, 0.000145805141074, 0.000113823320135, 6.31947550573e-05, 4.13138513977e-05, 2.17220622289e-05, 1.18068564916e-05, 1.07488531285e-05, 1.00001934698e-05, 7.28500481273e-06, 6.15744011156e-06, 5.26517169419e-06, 3.77241462957e-06, 1.12919133244e-05, 1.4089094293e-05, 1.26730501506e-05, 1.4250806089e-05, 1.33122302941e-05, 1.1226748029e-05, 5.42774705536e-06, 3.99301143261e-06, 5.23227436133e-06, 5.59797763344e-06, 3.31627688865e-06, 2.86286535811e-06, 4.1316638999e-06, 3.76529624191e-06, 8.95330595085e-06, 5.46325463802e-06, 3.38000313604e-06, 4.31060198025e-06, 2.99628027278e-06, 2.47845696322e-06, 2.90220032184e-06],
        "dmean2": [0.0058436980471, 0.00279308622703, 0.000993786728941, 0.00068418920273, 0.000503620598465, 0.000441732176114, 0.000367986998754, 0.000242414447712, 0.000189328100532, 0.000102149002487, 7.12126129656e-05, 3.70651105186e-05, 1.98357538466e-05, 1.72506715899e-05, 1.70170060301e-05, 1.24522566693e-05, 9.99649000732e-06, 8.98448342923e-06, 5.7048441704e-06, 1.95323245862e-05, 2.34234685195e-05, 2.14449082705e-05, 2.34251965594e-05, 2.22868966375e-05, 1.92791139852e-05, 8.77287129697e-06, 6.71186489853e-06, 9.08515812625e-06, 9.6111862149e-06, 5.80819414608e-06, 4.99626366945e-06, 7.35812454877e-06, 6.7797459451e-06, 1.62498818099e-05, 9.85526276054e-06, 6.10250572208e-06, 7.83606628829e-06, 5.4434649428e-06, 4.51943787994e-06, 5.35644630872e-06],
        "dvar": [2.91924116027e-05, 5.4677798289e-06, 2.36067990045e-06, 6.46084856726e-07, 2.33901957358e-07, 1.56683015007e-07, 1.44002569868e-07, 5.13449549544e-08, 3.4168110119e-08, 9.89482895619e-09, 8.4624653951e-09, 1.93158933293e-09, 3.79105052906e-10, 4.27489932342e-10, 5.67790647832e-10, 2.73206041124e-10, 3.40266648191e-10, 2.88248758196e-10, 1.30404548271e-10, 1.70571845537e-09, 5.32087174321e-09, 1.62730895426e-09, 1.29417554451e-09, 1.98231386861e-09, 1.49638113012e-09, 2.70425626336e-10, 1.41898701123e-10, 3.93233140494e-10, 4.68292071787e-10, 1.17243742492e-10, 6.31238325499e-11, 1.57133916989e-10, 9.47028566678e-11, 4.33033220393e-10, 1.45138040475e-10, 5.21666911057e-11, 1.05588794652e-10, 5.6318717051e-11, 3.54845493267e-11, 5.67946037422e-11],
        "dvar2": [9.41586040426e-05, 1.45640569826e-05, 5.36447078048e-06, 1.70593568782e-06, 5.63267860798e-07, 3.68364140968e-07, 3.54534250846e-07, 1.23851009448e-07, 8.15728213865e-08, 2.39043735917e-08, 2.35221602196e-08, 5.29670085569e-09, 9.74902714113e-10, 9.5889873819e-10, 1.51926238257e-09, 7.20895232398e-10, 8.73631278431e-10, 7.45911665767e-10, 2.4194699022e-10, 4.55184645531e-09, 1.46230796361e-08, 4.39897895887e-09, 3.19452753139e-09, 5.30667554344e-09, 4.02724076309e-09, 7.02419733489e-10, 3.59996449317e-10, 1.0666133532e-09, 1.27620247703e-09, 3.10971165485e-10, 1.61814242561e-10, 4.19803219964e-10, 2.53377263615e-10, 1.17517962028e-09, 3.8782757561e-10, 1.39950231959e-10, 2.88340185062e-10, 1.54248669393e-10, 9.72713853908e-11, 1.57415788737e-10],
        "max": [0.0442922748625, 0.0388857126236, 0.0157992597669, 0.0131669035181, 0.00544468313456, 0.00294273602776, 0.00372086698189, 0.00338966259733, 0.00278941937722, 0.00116927060299, 0.00126254430506, 0.000479057023767, 0.000179656082764, 0.000329823291395, 0.000408629508456, 0.00018218223704, 0.00018391093181, 0.000142872522702, 0.000106508523459, 0.00036755495239, 0.00137221254408, 0.000681515783072, 0.000601811741944, 0.000574842619244, 0.000439903029473, 0.000151375526912, 0.000118449905131, 0.00015815810184, 0.000208534678677, 9.31183603825e-05, 6.44448882667e-05, 0.000111829307571, 7.25079953554e-05, 0.0001396057487, 7.36404035706e-05, 4.77199355373e-05, 6.46398984827e-05, 5.1322793297e-05, 4.42531127192e-05, 5.45829061593e-05],
        "mean": [0.00590415624902, 0.00277367699891, 0.000602993415669, 0.000500960857607, 0.000488817866426, 0.000434184534242, 0.000361219892511, 0.000266017828835, 0.000231166384765, 0.000140102245496, 7.17858783901e-05, 3.70596790162e-05, 2.03984945983e-05, 2.20368438022e-05, 1.6908879843e-05, 1.27073863041e-05, 8.57577742863e-06, 4.9315317483e-06, 4.58582690044e-06, 1.15899392767e-05, 1.74929609784e-05, 1.79348571692e-05, 2.54927545029e-05, 1.86816414498e-05, 1.39085595947e-05, 7.35989806344e-06, 4.31718308391e-06, 4.2921315071e-06, 4.27381928603e-06, 2.59392322732e-06, 2.16262628783e-06, 2.83556164504e-06, 2.48679612014e-06, 5.68563064007e-06, 3.53078166881e-06, 2.15832801587e-06, 2.6816112495e-06, 1.87006730812e-06, 1.53729297381e-06, 1.75122556811e-06],
        "median": [0.00319287041202, 0.00203972915187, 9.95572918328e-05, 0.00013047621178, 0.000297637627227, 0.000235742481891, 0.000156968628289, 0.000144904741319, 0.00011347909458, 7.25473655621e-05, 2.61157183559e-05, 1.47506470967e-05, 9.4251226983e-06, 5.70743804928e-06, 3.3164881188e-06, 2.88559658657e-06, 1.1871946981e-06, 7.59206955081e-07, 6.36885260974e-07, 5.96944801146e-07, 6.28460668395e-07, 5.34158914434e-07, 4.04202182835e-07, 3.80047168846e-07, 3.24292045661e-07, 2.32533665212e-07, 2.21769283826e-07, 1.07782511805e-07, 8.00679416102e-08, 7.41326360298e-08, 5.62470958698e-08, 4.54289050822e-08, 3.17690691531e-08, 7.53465627668e-08, 3.84716365431e-08, 2.96589099946e-08, 2.77624110367e-08, 2.17045563744e-08, 1.75549601522e-08, 1.92364915108e-08],
        "min": [4.58512858271e-24, 8.71215932688e-24, 5.04067169522e-24, 7.9607259273e-24, 1.00272685531e-23, 2.16730272482e-23, 6.45750453518e-24, 8.4738144707e-24, 7.03079697071e-24, 5.06728036798e-24, 5.15516499485e-24, 8.97098695646e-24, 1.34883618537e-23, 1.65377305042e-23, 2.1280942868e-23, 1.85803801109e-23, 1.00064165928e-23, 6.58756442706e-24, 1.23307116308e-23, 1.18288075573e-23, 1.14487998486e-23, 5.66518013616e-24, 1.05682654176e-23, 9.42662118241e-24, 9.9647568484e-24, 1.48393855504e-23, 1.05012082964e-23, 9.39191919118e-24, 8.41942487786e-24, 5.9951125323e-24, 6.29941602091e-24, 7.4744704876e-24, 5.33029921556e-24, 8.02265308609e-24, 1.05211262454e-23, 1.04771425167e-23, 1.07652637072e-23, 1.04767220539e-23, 9.70859083551e-24, 1.17849855452e-23],
        "var": [5.44897084183e-05, 1.00188681245e-05, 2.30889213526e-06, 7.38895550967e-07, 3.97698414645e-07, 2.8183163181e-07, 2.29429744536e-07, 1.13429948101e-07, 9.17621889585e-08, 3.38379813059e-08, 1.50548871147e-08, 3.08019432183e-09, 7.29090676721e-10, 1.64658486845e-09, 1.25213894808e-09, 6.75194955502e-10, 5.58736834577e-10, 2.35921837621e-10, 1.83739773396e-10, 1.46877143781e-09, 4.45149295203e-09, 2.07209449599e-09, 4.27455582042e-09, 2.64463895228e-09, 1.55023627268e-09, 3.96501803612e-10, 1.3902246021e-10, 2.99792773939e-10, 3.39655359394e-10, 9.07506153558e-11, 5.1555655578e-11, 1.11042459949e-10, 6.58519280772e-11, 2.80289597088e-10, 9.79111652866e-11, 3.51750052696e-11, 6.72895003606e-11, 3.56152919656e-11, 2.23910074509e-11, 3.47128888134e-11]
    },
    "mfcc": {
        "mean": [-758.25994873, 151.895080566, 37.2653198242, 25.5299224854, 6.0497713089, -6.00491333008, -1.16002297401, 12.4348983765, 1.6186927557, 3.71003341675, 7.32457494736, 7.40562009811, 6.72983217239],
        "cov": [[18007.34375, -1587.10314941, -2908.5246582, -442.967163086, -950.112609863, -815.563720703, -303.709289551, 163.185974121, -259.363677979, -60.3123703003, 316.28994751, 235.337661743, -172.746734619], [-1587.10314941, 5466.53808594, -1215.76452637, -360.538330078, -113.913803101, -579.472106934, 106.410430908, -122.973403931, -92.0612869263, -74.6664199829, 3.67798900604, 31.0614814758, -15.7203073502], [-2908.5246582, -1215.76452637, 2975.30322266, 117.496337891, 465.631378174, 926.108703613, -65.6583709717, -102.172729492, 115.897041321, 68.4202957153, -181.527267456, -150.324432373, 109.36794281], [-442.967163086, -360.538330078, 117.496337891, 1033.87561035, 465.996124268, 314.35144043, 243.048950195, 110.157226562, 138.718688965, 35.6380310059, -38.4798126221, 6.14647531509, -22.9671268463], [-950.112609863, -113.913803101, 465.631378174, 465.996124268, 497.706207275, 291.331207275, 84.9700241089, 114.488632202, 122.24710083, 15.4753370285, -58.2528343201, 1.07607901096, 42.4965896606], [-815.563720703, -579.472106934, 926.108703613, 314.35144043, 291.331207275, 551.184265137, 108.663085938, -27.618473053, 97.1707229614, 118.682647705, -26.6446590424, -70.9273376465, 17.5282344818], [-303.709289551, 106.410430908, -65.6583709717, 243.048950195, 84.9700241089, 108.663085938, 226.395553589, 78.1742630005, 37.9393463135, 66.8383255005, 88.0933532715, 4.19795179367, -41.7166023254], [163.185974121, -122.973403931, -102.172729492, 110.157226562, 114.488632202, -27.618473053, 78.1742630005, 232.388275146, 74.1305999756, -4.78256797791, 80.3132095337, 97.5071334839, 17.1541290283], [-259.363677979, -92.0612869263, 115.897041321, 138.718688965, 122.24710083, 97.1707229614, 37.9393463135, 74.1305999756, 127.209320068, 47.755317688, 5.9518904686, 48.1708068848, 59.5451927185], [-60.3123703003, -74.6664199829, 68.4202957153, 35.6380310059, 15.4753370285, 118.682647705, 66.8383255005, -4.78256797791, 47.755317688, 137.225006104, 63.9266433716, -14.9045591354, 22.1237812042], [316.28994751, 3.67798900604, -181.527267456, -38.4798126221, -58.2528343201, -26.6446590424, 88.0933532715, 80.3132095337, 5.9518904686, 63.9266433716, 145.359176636, 52.6510734558, -14.7391710281], [235.337661743, 31.0614814758, -150.324432373, 6.14647531509, 1.07607901096, -70.9273376465, 4.19795179367, 97.5071334839, 48.1708068848, -14.9045591354, 52.6510734558, 130.591003418, 51.0276908875], [-172.746734619, -15.7203073502, 109.36794281, -22.9671268463, 42.4965896606, 17.5282344818, -41.7166023254, 17.1541290283, 59.5451927185, 22.1237812042, -14.7391710281, 51.0276908875, 109.341140747]],
