{
"lowlevel": {
    "average_loudness": 0.809406638145,
    "barkbands_crest": {
        "dmean": 3.45738387108,
        "dmean2": 5.76360177994,
        "dvar": 11.1313037872,
        "dvar2": 26.7671947479,
        "max": 25.9009284973,
        "mean": 11.1659440994,
        "median": 9.82738876343,
        "min": 2.31188178062,
        "var": 29.4989280701
    },
    "barkbands_flatness_db": {
        "dmean": 0.0381062291563,
        "dmean2": 0.0563453361392,
        "dvar": 0.00174265925307,
        "dvar2": 0.0031411270611,
        "max": 0.547702729702,
        "mean": 0.216215714812,
        "median": 0.214908123016,
        "min": 0.0270478129387,
        "var": 0.00896412041038
    },
    "barkbands_kurtosis": {
        "dmean": 16.491815567,
        "dmean2": 23.5440235138,
        "dvar": 2414.27490234,
        "dvar2": 4864.20263672,
        "max": 1122.29333496,
        "mean": 23.8215618134,
        "median": 1.16470766068,
        "min": -1.93433880806,
        "var": 5371.09326172
    },
    "barkbands_skewness": {
        "dmean": 1.23985421658,
        "dmean2": 1.74567270279,
        "dvar": 2.89476895332,
        "dvar2": 5.14199018478,
        "max": 24.5508975983,
        "mean": 2.29821276665,
        "median": 1.13049340248,
        "min": -3.4293615818,
        "var": 10.9478092194
    },
    "barkbands_spread": {
        "dmean": 9.12311077118,
        "dmean2": 13.9825305939,
        "dvar": 145.866790771,
        "dvar2": 312.365814209,
        "max": 108.036521912,
        "mean": 21.516828537,
        "median": 14.9571895599,
        "min": 0.104571178555,
        "var": 372.579711914
    },
    "dissonance": {
        "dmean": 0.0168814901263,
        "dmean2": 0.0280789993703,
        "dvar": 0.000764988712035,
        "dvar2": 0.00183117575943,
        "max": 0.500000178814,
        "mean": 0.478151410818,
        "median": 0.487110316753,
        "min": 0.0204007457942,
        "var": 0.000910414149985
    },
    "dynamic_complexity": 7.7280755043,
    "erbbands_crest": {
        "dmean": 3.00344014168,
        "dmean2": 5.00287532806,
        "dvar": 9.52667045593,
        "dvar2": 22.1258506775,
        "max": 31.2248668671,
        "mean": 8.6669254303,
        "median": 7.3744931221,
        "min": 2.57192349434,
        "var": 20.4109134674
    },
    "erbbands_flatness_db": {
        "dmean": 0.0235487148166,
        "dmean2": 0.0356931611896,
        "dvar": 0.000686890271027,
        "dvar2": 0.00133215135429,
        "max": 0.455620467663,
        "mean": 0.21394507587,
        "median": 0.186400651932,
        "min": 0.0732401162386,
        "var": 0.00781827606261
    },
    "erbbands_kurtosis": {
        "dmean": 1.78264963627,
        "dmean2": 2.89528155327,
        "dvar": 9.44368171692,
        "dvar2": 21.8526992798,
        "max": 55.4542770386,
        "mean": 1.04471862316,
        "median": -0.0750157833099,
        "min": -1.83436846733,
        "var": 14.1740312576
    },
    "erbbands_skewness": {
        "dmean": 0.612325787544,
        "dmean2": 0.944508850574,
        "dvar": 0.485845386982,
        "dvar2": 1.00411963463,
        "max": 6.86260128021,
        "mean": 0.326234966516,
        "median": 0.365144073963,
        "min": -3.45466327667,
        "var": 1.34993290901
    },
    "erbbands_spread": {
        "dmean": 12.931933403,
        "dmean2": 20.44688797,
        "dvar": 226.877258301,
        "dvar2": 522.080078125,
        "max": 172.954208374,
        "mean": 40.2689819336,
        "median": 32.541721344,
        "min": 1.48782145977,
        "var": 597.821350098
    },
    "hfc": {
        "dmean": 9.04675292969,
        "dmean2": 13.2154817581,
        "dvar": 414.960235596,
        "dvar2": 939.374084473,
        "max": 297.007537842,
        "mean": 14.2900056839,
        "median": 3.98607778549,
        "min": 1.23850801737e-16,
        "var": 709.314758301
    },
    "melbands_crest": {
        "dmean": 4.31438446045,
        "dmean2": 6.63700914383,
        "dvar": 16.6574935913,
        "dvar2": 37.3561859131,
        "max": 38.4286193848,
        "mean": 16.3809890747,
        "median": 14.0048561096,
        "min": 1.74919605255,
        "var": 81.0122299194
    },
    "melbands_flatness_db": {
        "dmean": 0.0464310161769,
        "dmean2": 0.0645878911018,
        "dvar": 0.00263685244136,
        "dvar2": 0.00426389789209,
        "max": 0.670787096024,
        "mean": 0.253263413906,
        "median": 0.255540013313,
        "min": 0.00417644809932,
        "var": 0.0155225610361
    },
    "melbands_kurtosis": {
        "dmean": 35.6066322327,
        "dmean2": 51.1440010071,
        "dvar": 7863.21826172,
        "dvar2": 14538.8378906,
        "max": 1856.99536133,
        "mean": 53.4504585266,
        "median": 4.81760120392,
        "min": -1.66907536983,
        "var": 19473.484375
    },
    "melbands_skewness": {
        "dmean": 1.5350291729,
        "dmean2": 2.22699284554,
        "dvar": 4.34747409821,
        "dvar2": 8.38390159607,
        "max": 33.6385154724,
        "mean": 3.73521018028,
        "median": 1.97421717644,
        "min": -2.24481129646,
        "var": 17.146780014
    },
    "melbands_spread": {
        "dmean": 13.4419765472,
        "dmean2": 20.4824504852,
        "dvar": 456.833312988,
        "dvar2": 908.198059082,
        "max": 228.434570312,
        "mean": 29.6819763184,
        "median": 19.5787754059,
        "min": 0.130658507347,
        "var": 1181.01452637
    },
    "pitch_salience": {
        "dmean": 0.10536506027,
        "dmean2": 0.164553284645,
        "dvar": 0.0109267858788,
        "dvar2": 0.0247623194009,
        "max": 0.980688273907,
        "mean": 0.553026616573,
        "median": 0.625109910965,
        "min": 0.0219542905688,
        "var": 0.0438806414604
    },
    "silence_rate_20dB": {
        "dmean": 0,
        "dmean2": 0,
        "dvar": 0,
        "dvar2": 0,
        "max": 1,
        "mean": 1,
        "median": 1,
        "min": 1,
        "var": 0
    },
    "silence_rate_30dB": {
        "dmean": 0.0402269214392,
        "dmean2": 0.0804953575134,
        "dvar": 0.0386080779135,
        "dvar2": 0.100850410759,
        "max": 1,
        "mean": 0.971649467945,
        "median": 1,
        "min": 0,
        "var": 0.0275471340865
    },
    "silence_rate_60dB": {
        "dmean": 0.0969571918249,
        "dmean2": 0.194014444947,
        "dvar": 0.087555795908,
        "dvar2": 0.182171940804,
        "max": 1,
        "mean": 0.395360827446,
        "median": 0,
        "min": 0,
        "var": 0.239052966237
    },
    "spectral_centroid": {
        "dmean": 480.368011475,
        "dmean2": 726.732849121,
        "dvar": 332081.15625,
        "dvar2": 577555.75,
        "max": 11544.484375,
        "mean": 1706.07324219,
        "median": 1682.1451416,
        "min": 117.262145996,
        "var": 1147208.125
    },
    "spectral_complexity": {
        "dmean": 4.50232076645,
        "dmean2": 6.61713123322,
        "dvar": 49.0990333557,
        "dvar2": 96.1012954712,
        "max": 59,
        "mean": 9.94020652771,
        "median": 5,
        "min": 0,
        "var": 157.991439819
    },
    "spectral_decrease": {
        "dmean": 3.17828763308e-09,
        "dmean2": 4.92773022387e-09,
        "dvar": 3.59367889205e-17,
        "dvar2": 8.28997035004e-17,
        "max": 1.01149852716e-28,
        "mean": -5.71383163006e-09,
        "median": -1.16274312401e-09,
        "min": -4.8719012824e-08,
        "var": 7.04064572193e-17
    },
    "spectral_energy": {
        "dmean": 0.0125661715865,
        "dmean2": 0.0193920619786,
        "dvar": 0.000538230291568,
        "dvar2": 0.00124363077339,
        "max": 0.186980932951,
        "mean": 0.0228614937514,
        "median": 0.00556072685868,
        "min": 1.0851872929e-20,
        "var": 0.00106127804611
    },
    "spectral_energyband_high": {
        "dmean": 0.00089222175302,
        "dmean2": 0.00128460570704,
        "dvar": 5.89625096836e-06,
        "dvar2": 1.35733562274e-05,
        "max": 0.035509839654,
        "mean": 0.00121546455193,
        "median": 3.34520227625e-05,
        "min": 8.13272749932e-21,
        "var": 9.083313671e-06
    },
    "spectral_energyband_low": {
        "dmean": 0.00768323615193,
        "dmean2": 0.0106015847996,
        "dvar": 0.000237979184021,
        "dvar2": 0.000443161145085,
        "max": 0.170987024903,
        "mean": 0.0143647743389,
        "median": 0.000157784845214,
        "min": 3.15978172477e-23,
        "var": 0.000615032040514
    },
    "spectral_energyband_middle_high": {
        "dmean": 0.00108373188414,
        "dmean2": 0.00173797435127,
        "dvar": 5.08611447003e-06,
        "dvar2": 1.27580960907e-05,
        "max": 0.020124103874,
        "mean": 0.00165114586707,
        "median": 0.000485584780108,
        "min": 1.40764986162e-21,
        "var": 7.77453260525e-06
    },
    "spectral_energyband_middle_low": {
        "dmean": 0.00743473600596,
        "dmean2": 0.0121694738045,
        "dvar": 0.000347453809809,
        "dvar2": 0.000887193542439,
        "max": 0.127760663629,
        "mean": 0.00693361787125,
        "median": 0.000824052141979,
        "min": 2.22031250527e-22,
        "var": 0.000287149829092
    },
    "spectral_entropy": {
        "dmean": 0.250619888306,
        "dmean2": 0.367926806211,
        "dvar": 0.103568136692,
        "dvar2": 0.19558891654,
        "max": 9.80065917969,
        "mean": 7.45017576218,
        "median": 7.3477435112,
        "min": 4.71766805649,
        "var": 0.475701481104
    },
    "spectral_flux": {
        "dmean": 0.034145988524,
        "dmean2": 0.0505788400769,
        "dvar": 0.00253393617459,
        "dvar2": 0.00500850519165,
        "max": 0.391022562981,
        "mean": 0.0764477998018,
        "median": 0.0493968389928,
        "min": 1.04172323545e-10,
        "var": 0.0063771288842
    },
    "spectral_kurtosis": {
        "dmean": 3.58260965347,
        "dmean2": 6.16388368607,
        "dvar": 41.815574646,
        "dvar2": 117.715148926,
        "max": 163.165908813,
        "mean": 5.32688140869,
        "median": 3.11214494705,
        "min": -1.21786808968,
        "var": 85.324836731
    },
    "spectral_rms": {
        "dmean": 0.00109863677062,
        "dmean2": 0.00159210932907,
        "dvar": 2.60511751549e-06,
        "dvar2": 5.087106274e-06,
        "max": 0.0135063100606,
        "mean": 0.00350264343433,
        "median": 0.00232918420807,
        "min": 3.2537967546e-12,
        "var": 1.00353590824e-05
    },
    "spectral_rolloff": {
        "dmean": 893.812744141,
        "dmean2": 1446.85827637,
        "dvar": 2349491.25,
        "dvar2": 4665719,
        "max": 18841.5527344,
        "mean": 2157.08154297,
        "median": 1227.39257812,
        "min": 43.06640625,
        "var": 6340364
    },
    "spectral_skewness": {
        "dmean": 0.428710132837,
        "dmean2": 0.702172398567,
        "dvar": 0.262416571379,
        "dvar2": 0.71201646328,
        "max": 9.88645839691,
        "mean": 1.32456195354,
        "median": 1.16739678383,
        "min": -0.08263541013,
        "var": 0.646595060825
    },
    "spectral_spread": {
        "dmean": 698150.3125,
        "dmean2": 1036354.4375,
        "dvar": 1.26023814349e+12,
        "dvar2": 1.91633830707e+12,
        "max": 39977692,
        "mean": 4268615.5,
        "median": 4022006,
        "min": 477721.5625,
        "var": 5.18976228557e+12
    },
    "spectral_strongpeak": {
        "dmean": 0.234557896852,
        "dmean2": 0.386616557837,
        "dvar": 0.105777859688,
        "dvar2": 0.270204275846,
        "max": 3.73241186142,
        "mean": 0.393385469913,
        "median": 0.279384255409,
        "min": 0,
        "var": 0.168791219592
    },
    "zerocrossingrate": {
        "dmean": 0.0186083260924,
        "dmean2": 0.0190898310393,
        "dvar": 0.000695267983247,
        "dvar2": 0.000744923192542,
        "max": 0.484375,
        "mean": 0.0749443769455,
        "median": 0.056640625,
        "min": 0.00146484375,
        "var": 0.00437364447862
    },
    "barkbands": {
        "dmean": [0.000529987271875, 0.00444661919028, 0.00398132856935, 0.00304174050689, 0.00349373859353, 0.00129968381952, 0.000232724196394, 0.000122007368191, 0.000143773315358, 0.0001557610085, 9.69477259787e-05, 9.06656860025e-05, 0.000114869515528, 0.000117188581498, 0.000146791120642, 0.000127206236357, 0.000136453527375, 0.000144552774145, 0.000165206147358, 0.000140395175549, 0.00016280359705, 0.000211982769542, 0.000199391288334, 0.000158364346134, 0.000105787701614, 2.32169913943e-05, 1.10131418296e-06],
        "dmean2": [0.000768525758758, 0.0068974304013, 0.00616243202239, 0.00514024496078, 0.00611895276234, 0.00227645481937, 0.000388294662116, 0.000198185487534, 0.000242106456426, 0.000263523979811, 0.000167142032296, 0.000151565327542, 0.000199587928364, 0.000199484056793, 0.000255602964899, 0.000209623001865, 0.000224174160394, 0.000235979401623, 0.000267274212092, 0.000215177002246, 0.000249418779276, 0.000300063809846, 0.000309072958771, 0.000234389764955, 0.000155771384016, 3.4418037103e-05, 1.98762381842e-06],
        "dvar": [2.22075777856e-06, 9.38723096624e-05, 0.000143241122714, 9.14904594538e-05, 0.000121099459648, 1.46958964251e-05, 5.03467049384e-07, 1.87758445236e-07, 1.03556068609e-07, 1.12267180441e-07, 9.68926912037e-08, 3.88341589996e-08, 8.49300292316e-08, 1.18724138076e-07, 1.51113525249e-07, 1.14507685112e-07, 1.1726365301e-07, 1.52639429984e-07, 1.5205992554e-07, 1.27274148554e-07, 2.02778053904e-07, 3.45186322193e-07, 2.91930462026e-07, 1.66357878584e-07, 1.32262911734e-07, 1.49182817211e-08, 4.57748630667e-11],
        "dvar2": [4.24147947342e-06, 0.000215537220356, 0.000332090945449, 0.000232647493249, 0.000335402990459, 4.05555438192e-05, 1.19575418012e-06, 4.82978123273e-07, 2.6332094194e-07, 2.73811025409e-07, 2.24812509941e-07, 9.63791819686e-08, 2.34843312796e-07, 3.13977551514e-07, 4.10224458847e-07, 2.59541508285e-07, 2.85026175106e-07, 3.72250156033e-07, 3.66595571677e-07, 2.89171566692e-07, 4.8624167448e-07, 7.71032091507e-07, 7.38822905078e-07, 3.99601248091e-07, 3.00478632198e-07, 3.18165298552e-08, 1.28910757069e-10],
        "max": [0.0236587971449, 0.102153725922, 0.140334397554, 0.0717077627778, 0.0769941210747, 0.0468799434602, 0.0119955139235, 0.00855057407171, 0.00415188865736, 0.00681590521708, 0.00782537832856, 0.00294893654063, 0.00305312662385, 0.00423468509689, 0.00456091295928, 0.00916174426675, 0.00517032016069, 0.00502137793228, 0.00403946405277, 0.00421677483246, 0.00744090182707, 0.00793773680925, 0.00679283495992, 0.00509429117665, 0.00530949467793, 0.00229466916062, 0.000117799965665],
        "mean": [0.00126737530809, 0.00776788126677, 0.00407093018293, 0.00252995407209, 0.00271142367274, 0.00107006973121, 0.000247928343015, 0.000126297250972, 0.000181474053534, 0.000244866096182, 0.000104122234916, 0.000141964585055, 0.000127637686091, 0.000121150864288, 0.000145621917909, 0.000153993969434, 0.000156598194735, 0.00017287004448, 0.000223343682592, 0.000186181787285, 0.000222553688218, 0.000285269808955, 0.000260298780631, 0.000193866464542, 0.000122456229292, 2.45173014264e-05, 8.01928308647e-07],
        "median": [5.89330829825e-06, 1.40455167639e-05, 1.41729688039e-05, 4.37262824562e-05, 9.08089641598e-05, 9.86535960692e-05, 1.56404894369e-05, 1.540032099e-05, 4.8453657655e-05, 7.07829312887e-05, 2.29259603657e-05, 3.78906443075e-05, 2.9333288694e-05, 6.09871312918e-06, 3.5375992411e-06, 4.76695367979e-06, 5.94551556787e-06, 1.91709877981e-05, 5.55643600819e-05, 5.94610901317e-06, 6.61054946249e-06, 4.98053941556e-06, 5.55786664336e-06, 3.56360988008e-06, 1.76526441464e-06, 6.01045258009e-07, 1.03551123232e-09],
        "min": [7.77455396481e-24, 1.17461972544e-23, 1.54767283638e-23, 5.03478560958e-24, 5.01204890279e-23, 5.19549030215e-23, 3.20628002643e-23, 2.10527190972e-23, 5.64301866675e-23, 7.45341531673e-23, 8.41891290714e-23, 3.88270648009e-23, 9.22186286812e-23, 1.78912050339e-22, 9.96112651051e-23, 1.42264488312e-22, 1.3669249237e-22, 2.39482216902e-22, 2.1686934866e-22, 2.59877515098e-22, 4.26687214839e-22, 5.12781903691e-22, 7.66734530655e-22, 9.79447983361e-22, 1.37175403986e-21, 1.46612179702e-21, 2.70945433022e-21],
        "var": [8.722484381e-06, 0.000192031700863, 0.000160210562171, 7.17483198969e-05, 8.22060537757e-05, 1.04617047327e-05, 7.73575266066e-07, 1.74823426846e-07, 1.33551992576e-07, 1.9554533992e-07, 1.00899832489e-07, 6.17573689965e-08, 7.50485540379e-08, 1.3129552201e-07, 1.63240997608e-07, 2.14500929019e-07, 1.67159626585e-07, 1.91760548773e-07, 2.00762116265e-07, 2.10432773429e-07, 3.06188496779e-07, 5.80108803661e-07, 4.17950900555e-07, 2.23389150733e-07, 1.46650947386e-07, 1.67530327388e-08, 2.95540779349e-11]
    },
    "erbbands": {
        "dmean": [0.152716338634, 0.958183586597, 3.98107838631, 7.0115814209, 12.5593538284, 11.2043361664, 10.5174455643, 10.3068561554, 4.27050161362, 2.54756903648, 2.95520830154, 3.31529569626, 4.42210102081, 4.38439655304, 3.76570057869, 3.82918429375, 5.23203992844, 5.83121395111, 6.56941175461, 7.46762990952, 7.17795801163, 7.44705343246, 8.13470649719, 8.07355690002, 7.45582103729, 6.5080780983, 6.67302942276, 6.62532758713, 7.60430002213, 7.02069759369, 5.45458173752, 3.53124880791, 2.57315802574, 1.48010098934, 0.498349875212, 0.158230170608, 0.035855833441, 0.00394687987864, 0.000112824993266, 1.89524962479e-05],
        "dmean2": [0.2290391922, 1.4645575285, 5.88610506058, 11.0156106949, 22.1350765228, 19.7675361633, 18.7293224335, 17.9322223663, 7.10904169083, 4.32701444626, 4.74026870728, 5.60431957245, 7.44462013245, 7.46671390533, 6.52097558975, 6.37224054337, 9.1107378006, 9.91065979004, 11.329875946, 11.9682006836, 12.2178964615, 12.048910141, 13.2428731918, 13.0832738876, 11.993270874, 9.80468845367, 10.3344526291, 9.81296157837, 10.8916692734, 10.8006467819, 8.11766242981, 5.23398542404, 3.84543085098, 2.19411945343, 0.723530292511, 0.236734688282, 0.0504830777645, 0.0063921562396, 0.000185165627045, 2.87596631097e-05],
        "dvar": [0.121885977685, 5.3158288002, 132.715240479, 396.085174561, 1840.7454834, 1312.16870117, 1689.82592773, 734.778320312, 166.840209961, 74.8958282471, 65.7162399292, 53.7991485596, 107.01815033, 130.351455688, 85.8808288574, 66.8469161987, 171.965270996, 278.733917236, 294.300262451, 363.588104248, 378.680236816, 344.108703613, 480.458709717, 382.299621582, 305.014556885, 266.8074646, 301.162139893, 354.984008789, 468.968505859, 359.961334229, 228.437454224, 92.350944519, 44.5275726318, 23.3513393402, 3.29971623421, 0.522964715958, 0.0416291952133, 0.000673026312143, 4.32959751606e-07, 1.72664915699e-09],
        "dvar2": [0.261203318834, 12.2405080795, 288.891021729, 880.508056641, 5168.66894531, 3507.03613281, 4801.38183594, 1958.59082031, 423.347564697, 178.595870972, 157.345184326, 140.663101196, 255.122177124, 334.021636963, 186.188644409, 168.513977051, 471.7706604, 735.43170166, 803.74987793, 915.368713379, 973.356689453, 823.192321777, 1187.0369873, 904.00213623, 716.838378906, 584.020751953, 737.494567871, 816.887634277, 1069.90356445, 915.070251465, 546.213684082, 219.721374512, 108.82232666, 55.6692390442, 6.92230415344, 1.13609814644, 0.0836949124932, 0.00173760938924, 1.13516830424e-06, 3.9828282894e-09],
        "max": [6.06499624252, 22.9442081451, 127.562469482, 170.919433594, 343.50189209, 303.720703125, 560.407287598, 285.196777344, 200.475082397, 164.869186401, 131.686294556, 116.679588318, 235.550613403, 211.065093994, 250.22958374, 98.5458068848, 141.304916382, 213.6925354, 165.106399536, 356.690856934, 483.188018799, 313.419921875, 280.279571533, 186.481018066, 190.418136597, 209.399475098, 226.715774536, 334.00869751, 312.237945557, 222.256988525, 183.881607056, 123.278800964, 94.2398147583, 73.7970733643, 29.3246955872, 11.970664978, 3.7558054924, 0.558598577976, 0.0153170553967, 0.000735135981813],
        "mean": [0.316255301237, 1.3852711916, 4.5871963501, 6.85009670258, 9.44621086121, 8.62339496613, 8.03872108459, 8.75375556946, 4.56826257706, 2.55777335167, 3.27982854843, 4.13801717758, 6.48487854004, 6.39345932007, 4.64888334274, 5.87291049957, 6.05503845215, 6.20828533173, 6.64536571503, 8.51711177826, 8.31273937225, 8.88027477264, 9.56632804871, 10.9258460999, 10.1981992722, 8.79183101654, 8.97117137909, 9.04292201996, 10.1808853149, 9.48258686066, 7.06272697449, 4.34938621521, 3.10310149193, 1.69343996048, 0.592153191566, 0.172420352697, 0.0366844795644, 0.00348201184534, 0.000110459084681, 3.30473230861e-05],
        "median": [0.000627633417025, 0.00365980458446, 0.0295265708119, 0.143496990204, 0.208594322205, 0.28865724802, 0.546485543251, 0.847948431969, 0.432345092297, 0.241787165403, 0.526520907879, 1.10125279427, 1.97683525085, 1.95022165775, 1.11067056656, 1.76280283928, 1.56489253044, 0.572057247162, 0.207198053598, 0.225238248706, 0.308238744736, 0.38394510746, 1.00181651115, 2.23539972305, 2.33375692368, 0.396753847599, 0.271968007088, 0.252091646194, 0.182729095221, 0.171544656157, 0.144134998322, 0.0785423517227, 0.0544008500874, 0.0250356197357, 0.0100646587089, 0.00359886651859, 0.000805722665973, 8.33265658002e-05, 1.59576666192e-05, 1.20336535474e-05],
        "min": [3.11705222187e-22, 2.7903425371e-21, 1.53026183812e-20, 2.15740982216e-20, 4.86254310304e-20, 2.44425925649e-19, 3.29327511077e-19, 4.48132489777e-19, 4.31926935903e-19, 3.38784434375e-19, 8.20064377743e-19, 1.42718878777e-18, 1.56784578445e-18, 2.35686607381e-18, 3.23283462607e-18, 2.2031459307e-18, 4.32889960252e-18, 9.02225829164e-18, 4.85913395569e-18, 6.95993737869e-18, 6.96510725752e-18, 9.31425222069e-18, 1.32403376124e-17, 8.94338744742e-18, 1.22748681178e-17, 1.26403123765e-17, 1.60440034329e-17, 1.77914224769e-17, 1.65258708813e-17, 1.72822845381e-17, 2.16546338702e-17, 1.86736387243e-17, 1.76528349827e-17, 1.37544634503e-17, 1.0497607706e-17, 4.77890281295e-18, 3.15238428046e-18, 1.30946609735e-18, 3.85195367197e-19, 3.80583602637e-20],
        "var": [0.3639549613, 8.83617591858, 180.714294434, 414.563049316, 1158.328125, 974.621826172, 1058.40600586, 604.625488281, 228.157501221, 75.3283996582, 79.171333313, 68.3589477539, 158.600524902, 159.796127319, 120.057601929, 99.9559173584, 156.208618164, 301.544311523, 331.065429688, 546.909667969, 552.53717041, 528.338745117, 598.530517578, 522.371032715, 461.320587158, 464.842498779, 481.184173584, 520.246826172, 755.823852539, 558.792358398, 336.972045898, 122.278961182, 56.8354110718, 24.9114646912, 4.03238582611, 0.580022275448, 0.0504205413163, 0.000542710535228, 3.42908151651e-07, 2.54284526768e-09]
    },
    "gfcc": {
        "mean": [-152.455612183, 90.1650619507, -137.585845947, 31.0584888458, -69.6755142212, 0.601320564747, -30.0166091919, -1.3581700325, -33.303768158, -18.3611526489, -1.63171613216, -0.803651332855, -10.3480958939],
        "cov": [[27040.4628906, -5114.43408203, 5894.46923828, 4541.38427734, 1115.91101074, 3787.73144531, -1518.10009766, 1795.38952637, 848.614440918, 2500.91992188, -1923.56799316, 46.0680770874, 690.870727539], [-5114.43408203, 4510.81396484, -1149.57080078, -1333.85131836, 613.568115234, -1377.75793457, 1034.99304199, -413.369445801, 108.552261353, -921.702697754, 951.32611084, -126.202468872, -85.3433685303], [5894.46923828, -1149.57080078, 3694.04101562, 1973.03588867, 814.699829102, 1695.28515625, -141.450714111, 856.082946777, 566.006958008, 1033.7479248, -602.469360352, 70.1552963257, 359.759429932], [4541.38427734, -1333.85131836, 1973.03588867, 1726.76501465, 476.349212646, 1200.67871094, -290.612518311, 443.850921631, 377.721557617, 688.292297363, -455.178100586, -12.2393054962, 223.067672729], [1115.91101074, 613.568115234, 814.699829102, 476.349212646, 814.651672363, 364.792175293, 224.548278809, 207.28364563, 270.843261719, 172.455718994, -6.77521657944, -34.9561767578, 71.8120880127], [3787.73144531, -1377.75793457, 1695.28515625, 1200.67871094, 364.792175293, 1249.96655273, -228.374557495, 492.678985596, 284.053924561, 667.683959961, -463.281036377, 42.3110580444, 193.474212646], [-1518.10009766, 1034.99304199, -141.450714111, -290.612518311, 224.548278809, -228.374557495, 630.177978516, 90.5666732788, 65.7790985107, -218.061233521, 332.365936279, 19.9397850037, -30.7257328033], [1795.38952637, -413.369445801, 856.082946777, 443.850921631, 207.28364563, 492.678985596, 90.5666732788, 417.65234375, 186.218048096, 330.5440979, -114.837791443, 75.9651031494, 108.519630432], [848.614440918, 108.552261353, 566.006958008, 377.721557617, 270.843261719, 284.053924561, 65.7790985107, 186.218048096, 319.706481934, 239.386672974, -30.220243454, -7.19400501251, 114.195892334], [2500.91992188, -921.702697754, 1033.7479248, 688.292297363, 172.455718994, 667.683959961, -218.061233521, 330.5440979, 239.386672974, 549.259460449, -263.202880859, 65.654838562, 135.436462402], [-1923.56799316, 951.32611084, -602.469360352, -455.178100586, -6.77521657944, -463.281036377, 332.365936279, -114.837791443, -30.220243454, -263.202880859, 419.534057617, 46.7392578125, -43.5788650513], [46.0680770874, -126.202468872, 70.1552963257, -12.2393054962, -34.9561767578, 42.3110580444, 19.9397850037, 75.9651031494, -7.19400501251, 65.654838562, 46.7392578125, 130.37902832, 57.5542869568], [690.870727539, -85.3433685303, 359.759429932, 223.067672729, 71.8120880127, 193.474212646, -30.7257328033, 108.519630432, 114.195892334, 135.436462402, -43.5788650513, 57.5542869568, 162.574783325]],
        "icov": [[9.75060393102e-05, -6.47110209684e-05, 5.11879188707e-05, -0.000191644096049, -2.16299085878e-05, 4.52712702099e-05, 0.000156174850417, -0.000377447868232, 0.000273400917649, -0.000214551269892, 0.000141936921864, 0.000143875789945, -8.76969643286e-05], [-6.47110209684e-05, 0.00167423940729, -0.000791474303696, 0.00120971770957, -0.00132603629027, 0.000693660986144, -3.23223102896e-05, 0.000707969767973, -0.00170975539368, 0.00210199225694, -0.00199149432592, 0.00118720135652, -0.000977231306024], [5.11879188707e-05, -0.000791474303696, 0.00152515992522, -0.00124805676751, 0.000257473497186, -0.000394325907109, -0.000448953796877, -0.00097500893753, 0.00125367019791, -0.0017813842278, 0.00151085865218, -0.000358270743163, -0.000238804524997], [-0.000191644096049, 0.00120971770957, -0.00124805676751, 0.00359094003215, -0.00100498099346, -0.00128413899802, 0.000625011452939, 0.00141939369496, -0.00225474219769, 0.00192081823479, -0.00226091896184, 0.00151373818517, -0.000731400388759], [-2.16299085878e-05, -0.00132603629027, 0.000257473497186, -0.00100498099346, 0.00341565767303, -0.00105607602745, -0.000924612744711, 0.000219526642468, -0.0001199740218, -0.00119206099771, 0.00132607237902, -0.000697441631928, 0.00131145480555], [4.52712702099e-05, 0.000693660986144, -0.000394325907109, -0.00128413899802, -0.00105607602745, 0.00551916891709, -0.00104202679358, -0.00111016095616, 0.000919762882404, -0.00204500439577, 0.00185967073776, 0.000498403562233, -0.00137163547333], [0.000156174850417, -3.23223102896e-05, -0.000448953796877, 0.000625011452939, -0.000924612744711, -0.00104202679358, 0.00732019310817, -0.00534006068483, -0.0022053476423, 0.00547437136993, -0.00413592159748, 5.62429704587e-05, 0.00191173644271], [-0.000377447868232, 0.000707969767973, -0.00097500893753, 0.00141939369496, 0.000219526642468, -0.00111016095616, -0.00534006068483, 0.0118014458567, -0.00141197629273, -0.00344784813933, 0.00104124005884, -0.00271408050321, -0.000372860580683], [0.000273400917649, -0.00170975539368, 0.00125367019791, -0.00225474219769, -0.0001199740218, 0.000919762882404, -0.0022053476423, -0.00141197629273, 0.0135626355186, -0.00982305686921, 0.000380178040359, 0.00627449061722, -0.00571849104017], [-0.000214551269892, 0.00210199225694, -0.0017813842278, 0.00192081823479, -0.00119206099771, -0.00204500439577, 0.00547437136993, -0.00344784813933, -0.00982305686921, 0.017010262236, -0.00296017550863, -0.00470234919339, 0.00321834231727], [0.000141936921864, -0.00199149432592, 0.00151085865218, -0.00226091896184, 0.00132607237902, 0.00185967073776, -0.00413592159748, 0.00104124005884, 0.000380178040359, -0.00296017550863, 0.0119935125113, -0.00673367967829, 0.0016324025346], [0.000143875789945, 0.00118720135652, -0.000358270743163, 0.00151373818517, -0.000697441631928, 0.000498403562233, 5.62429704587e-05, -0.00271408050321, 0.00627449061722, -0.00470234919339, -0.00673367967829, 0.0193800907582, -0.00889094732702], [-8.76969643286e-05, -0.000977231306024, -0.000238804524997, -0.000731400388759, 0.00131145480555, -0.00137163547333, 0.00191173644271, -0.000372860580683, -0.00571849104017, 0.00321834231727, 0.0016324025346, -0.00889094732702, 0.0141267217696]]
    },
    "melbands": {
        "dmean": [0.00123803887982, 0.00166986463591, 0.00133055262268, 0.000862720655277, 0.000392471207306, 0.000230095756706, 5.91710486333e-05, 2.64672980848e-05, 2.50463490374e-05, 2.01876428036e-05, 2.26441734412e-05, 1.85551925824e-05, 1.32673812914e-05, 1.01910600279e-05, 1.1323572835e-05, 1.13668702397e-05, 1.1140911738e-05, 9.9653379948e-06, 1.17985719044e-05, 9.15560849535e-06, 8.65187303134e-06, 8.16610008769e-06, 6.95532389727e-06, 7.51563084123e-06, 6.72465830576e-06, 6.29442592981e-06, 4.63627293357e-06, 4.53227403341e-06, 4.35453921455e-06, 4.05591435992e-06, 4.01790066462e-06, 4.31106764154e-06, 4.27428039984e-06, 3.93401933252e-06, 3.33694401888e-06, 2.37925519286e-06, 2.33222840507e-06, 2.05716173696e-06, 1.48682386225e-06, 1.18382695291e-06],
        "dmean2": [0.00187646551058, 0.00239645782858, 0.00205173320137, 0.00153786269948, 0.000692293047905, 0.000399350043153, 9.83734935289e-05, 4.53356879007e-05, 4.0526225348e-05, 3.39518010151e-05, 3.8117832446e-05, 3.14729441016e-05, 2.28884400713e-05, 1.73473563336e-05, 1.94965832634e-05, 1.96752152988e-05, 1.89823986148e-05, 1.71928822965e-05, 2.04529405892e-05, 1.49608886204e-05, 1.48731023728e-05, 1.34630990942e-05, 1.130347664e-05, 1.23786030599e-05, 1.08915455712e-05, 1.0365693015e-05, 7.27093174646e-06, 6.87668216415e-06, 6.83355256115e-06, 6.27617055216e-06, 5.9741264522e-06, 6.2810640884e-06, 6.36628283246e-06, 6.30446129435e-06, 4.96782377013e-06, 3.60701778845e-06, 3.5846087485e-06, 3.16866567118e-06, 2.22751691581e-06, 1.80133031336e-06],
        "dvar": [6.94489790476e-06, 1.94447602553e-05, 1.35812870212e-05, 7.73216834205e-06, 2.26992801799e-06, 3.82027991463e-07, 3.18566257818e-08, 9.24003540348e-09, 4.27188595609e-09, 2.03254946207e-09, 2.82537082619e-09, 2.09832240472e-09, 1.26352461827e-09, 4.7522369373e-10, 7.63466012632e-10, 7.93311749625e-10, 1.11004527792e-09, 6.99309221641e-10, 9.63750856897e-10, 5.497590716e-10, 6.31939389706e-10, 4.18839518623e-10, 3.30382526892e-10, 4.587786262e-10, 2.60983040734e-10, 2.25658020048e-10, 1.3072963545e-10, 1.31734359532e-10, 1.39738318139e-10, 1.08775134733e-10, 1.446038983e-10, 1.52394263875e-10, 1.505838787e-10, 1.03964427345e-10, 8.14271358673e-11, 4.81946739461e-11, 3.98909308363e-11, 2.83603921597e-11, 1.98443761423e-11, 1.65334464869e-11],
        "dvar2": [1.52413331307e-05, 4.00395838369e-05, 3.05719222524e-05, 2.16070675378e-05, 6.38961728328e-06, 1.0300240092e-06, 7.90263854356e-08, 2.23411458222e-08, 1.03132267171e-08, 5.2844235654e-09, 6.73619560132e-09, 5.37714450743e-09, 2.76918732389e-09, 1.17457754634e-09, 2.05658334806e-09, 2.1460322408e-09, 2.93703372733e-09, 1.90744087192e-09, 2.61151211767e-09, 1.28380817088e-09, 1.70068592542e-09, 1.03308606114e-09, 7.98744181907e-10, 1.12986542344e-09, 6.23748552808e-10, 5.58744051027e-10, 2.95399954497e-10, 2.98090163664e-10, 3.57355423031e-10, 2.56903442963e-10, 3.35684591235e-10, 3.39062444787e-10, 3.63850422014e-10, 2.77618511513e-10, 1.94078170201e-10, 1.14124945605e-10, 9.81664818878e-11, 7.08967745622e-11, 4.85962242669e-11, 3.90356254265e-11],
        "max": [0.0387799851596, 0.0469672270119, 0.0279149934649, 0.0208006519824, 0.0194221232086, 0.00685358606279, 0.00274776644073, 0.00204692687839, 0.000934126379434, 0.00065537536284, 0.00121860124636, 0.00080691970652, 0.000964127713814, 0.000357171025826, 0.000374455907149, 0.000315942568704, 0.000419789401349, 0.000264516391326, 0.00034241162939, 0.00054071075283, 0.000619857339188, 0.000308242073515, 0.000239061060711, 0.000256940111285, 0.000158393988386, 0.000160144089023, 0.000130417291075, 0.000136649949127, 0.000149075814988, 0.00013647050946, 0.000215965177631, 0.000189770129509, 0.000135086898808, 0.000114454946015, 0.000102793921542, 0.000101488927612, 6.85921841068e-05, 6.71343877912e-05, 7.109787839e-05, 6.23284795438e-05],
        "mean": [0.00242689182051, 0.00220310688019, 0.00129857275169, 0.000656710122712, 0.000302258849842, 0.000195028085727, 6.39654608676e-05, 2.61802524619e-05, 2.80490585283e-05, 2.56182411249e-05, 3.33664174832e-05, 2.75081711152e-05, 1.50682708409e-05, 1.51858930622e-05, 1.49234392666e-05, 1.23077406897e-05, 1.15172915685e-05, 9.99423446046e-06, 1.19274754979e-05, 1.10052187665e-05, 9.45227293414e-06, 9.26354186959e-06, 8.43343150336e-06, 8.48016406962e-06, 8.85464123712e-06, 8.66697882884e-06, 5.92111609876e-06, 5.85319776292e-06, 5.48949446966e-06, 5.3935800679e-06, 5.29132330485e-06, 5.72889757677e-06, 5.59620139029e-06, 5.14933572049e-06, 4.32387241744e-06, 2.86012686956e-06, 2.70823306892e-06, 2.40476447289e-06, 1.75704633421e-06, 1.32893183036e-06],
        "median": [7.1598606155e-06, 1.35628160933e-05, 3.29353460984e-05, 1.50432306327e-05, 2.05575852306e-05, 1.9250321202e-05, 5.67375445826e-06, 2.42387659455e-06, 4.63347168989e-06, 6.93087622494e-06, 1.00226488939e-05, 7.95918458607e-06, 3.2558023122e-06, 3.72913837055e-06, 4.34867251897e-06, 2.45364026341e-06, 7.45118086343e-07, 3.03773560972e-07, 2.8645644079e-07, 2.78875631921e-07, 4.06663104968e-07, 2.99207158605e-07, 6.98242274666e-07, 9.00954091776e-07, 1.81398672794e-06, 2.32809361478e-06, 3.88559072917e-07, 1.75417838477e-07, 1.58243437909e-07, 1.51273809479e-07, 1.32511871698e-07, 9.47700300458e-08, 9.23340621739e-08, 9.771547127e-08, 9.08841641944e-08, 5.81402943567e-08, 4.37017391164e-08, 4.16086187727e-08, 2.88242034685e-08, 2.05105408213e-08],
        "min": [2.85440443869e-24, 6.75266828135e-24, 4.3045847957e-24, 9.25195633394e-24, 1.23396060375e-23, 9.86128827435e-24, 6.73461362182e-24, 3.52548012772e-24, 8.48175198912e-24, 7.77733548836e-24, 8.71094132564e-24, 9.91361420705e-24, 1.24372938388e-23, 4.5753261971e-24, 7.43201793799e-24, 1.23599696929e-23, 1.63055797838e-23, 7.13518220113e-24, 9.02181642003e-24, 1.0208112549e-23, 7.52636727998e-24, 8.36001181879e-24, 1.30747825915e-23, 9.87454981503e-24, 6.3955915759e-24, 1.02530989199e-23, 6.96381715783e-24, 8.74091409573e-24, 9.10631131159e-24, 1.13568904534e-23, 9.73687149896e-24, 8.42864035096e-24, 1.14567641883e-23, 9.19558196707e-24, 1.09160576246e-23, 1.56284405154e-23, 1.01093913399e-23, 1.17358450328e-23, 1.18903110978e-23, 1.21364924982e-23],
        "var": [1.83920565178e-05, 3.23944586853e-05, 1.40469273902e-05, 5.00606029163e-06, 1.46387696986e-06, 3.01577529171e-07, 4.60049740525e-08, 8.74708305787e-09, 5.15017006819e-09, 2.66866484466e-09, 4.19593737533e-09, 2.80490364268e-09, 1.57892354746e-09, 7.72290564832e-10, 7.63093754852e-10, 7.62631957585e-10, 1.17807352762e-09, 7.8672479642e-10, 1.06820607915e-09, 1.0126092187e-09, 7.69489139074e-10, 5.82338455235e-10, 4.79222772576e-10, 5.18676157579e-10, 3.46431078269e-10, 2.92495944132e-10, 2.10471057249e-10, 2.17579940176e-10, 1.93755123057e-10, 1.78542625129e-10, 1.91797605575e-10, 2.44772702107e-10, 2.31290347985e-10, 1.51659740322e-10, 1.25212742952e-10, 6.25823073919e-11, 4.77817820033e-11, 3.43888632848e-11, 2.23205794125e-11, 1.71159041801e-11]
    },
    "mfcc": {
        "mean": [-775.730285645, 101.008338928, 1.04756653309, 12.3707151413, -6.1326751709, -10.1266775131, 8.83571624756, 9.95190525055, -18.3825302124, -10.1684141159, -2.03006744385, -10.8931770325, -7.35953569412],
        "cov": [[20448.4023438, -3125.43261719, 2199.0065918, 2728.7199707, 1999.46813965, 2705.43603516, -679.178894043, -257.28338623, 2043.83349609, 1162.98498535, -292.57522583, 782.903930664, 565.897644043], [-3125.43261719, 3938.75366211, -728.701293945, -315.299285889, -196.979751587, -837.9296875, 443.932342529, 426.9581604, -503.085113525, -169.438140869, 201.457382202, -155.595596313, 2.67420005798], [2199.0065918, -728.701293945, 1841.11694336, 997.599304199, 693.873901367, 986.370239258, 87.6474227905, 74.4627838135, 804.319824219, 474.866760254, 70.7330551147, 335.965667725, 205.286895752], [2728.7199707, -315.299285889, 997.599304199, 1031.83422852, 722.486877441, 802.078735352, 25.4398193359, 53.5370826721, 607.287841797, 403.956665039, 29.8375015259, 258.956176758, 170.457977295], [1999.46813965, -196.979751587, 693.873901367, 722.486877441, 800.596313477, 759.71685791, 3.18000149727, 16.0415554047, 514.200378418, 342.434051514, 38.8330955505, 195.578933716, 128.44984436], [2705.43603516, -837.9296875, 986.370239258, 802.078735352, 759.71685791, 1041.95300293, -29.4608745575, -32.8705825806, 718.265441895, 436.794616699, -11.9791650772, 269.666229248, 153.683959961], [-679.178894043, 443.932342529, 87.6474227905, 25.4398193359, 3.18000149727, -29.4608745575, 330.942596436, 252.559310913, -19.9976806641, 14.5691518784, 116.500671387, 29.2200832367, 30.3394145966], [-257.28338623, 426.9581604, 74.4627838135, 53.5370826721, 16.0415554047, -32.8705825806, 252.559310913, 270.24307251, 45.5880813599, 44.1680259705, 102.227882385, 36.8409957886, 58.6945114136], [2043.83349609, -503.085113525, 804.319824219, 607.287841797, 514.200378418, 718.265441895, -19.9976806641, 45.5880813599, 671.714477539, 403.303436279, 10.9750204086, 235.136962891, 167.962966919], [1162.98498535, -169.438140869, 474.866760254, 403.956665039, 342.434051514, 436.794616699, 14.5691518784, 44.1680259705, 403.303436279, 319.244262695, 69.4061355591, 165.091217041, 111.948020935], [-292.57522583, 201.457382202, 70.7330551147, 29.8375015259, 38.8330955505, -11.9791650772, 116.500671387, 102.227882385, 10.9750204086, 69.4061355591, 155.333999634, 74.2348403931, 39.7332000732], [782.903930664, -155.595596313, 335.965667725, 258.956176758, 195.578933716, 269.666229248, 29.2200832367, 36.8409957886, 235.136962891, 165.091217041, 74.2348403931, 175.812484741, 105.013534546], [565.897644043, 2.67420005798, 205.286895752, 170.457977295, 128.44984436, 153.683959961, 30.3394145966, 58.6945114136, 167.962966919, 111.948020935, 39.7332000732, 105.013534546, 125.507781982]],
