{
"lowlevel": {
    "average_loudness": 0.977628827095,
    "barkbands_crest": {
        "dmean": 2.4743180275,
        "dmean2": 4.02484798431,
        "dvar": 5.42004585266,
        "dvar2": 14.5685052872,
        "max": 22.5316047668,
        "mean": 10.5869722366,
        "median": 10.1841640472,
        "min": 3.26558160782,
        "var": 11.8867225647
    },
    "barkbands_flatness_db": {
        "dmean": 0.0250671729445,
        "dmean2": 0.0367995724082,
        "dvar": 0.000564182351809,
        "dvar2": 0.00119706208352,
        "max": 0.404197722673,
        "mean": 0.187548771501,
        "median": 0.182554006577,
        "min": 0.0441135168076,
        "var": 0.00365812215023
    },
    "barkbands_kurtosis": {
        "dmean": 3.68883323669,
        "dmean2": 5.66267871857,
        "dvar": 34.9454612732,
        "dvar2": 78.6516189575,
        "max": 97.5586395264,
        "mean": 6.00462388992,
        "median": 3.60213780403,
        "min": -1.75755691528,
        "var": 79.6714324951
    },
    "barkbands_skewness": {
        "dmean": 0.600917339325,
        "dmean2": 0.890302479267,
        "dvar": 0.375967979431,
        "dvar2": 0.80138874054,
        "max": 8.16096878052,
        "mean": 1.98436594009,
        "median": 1.89112281799,
        "min": -1.85003483295,
        "var": 1.47218430042
    },
    "barkbands_spread": {
        "dmean": 4.39352464676,
        "dmean2": 6.66315937042,
        "dvar": 21.6891021729,
        "dvar2": 46.6160316467,
        "max": 83.3283309937,
        "mean": 15.9624462128,
        "median": 14.281826973,
        "min": 1.16910648346,
        "var": 83.8780899048
    },
    "dissonance": {
        "dmean": 0.0208740718663,
        "dmean2": 0.0342119894922,
        "dvar": 0.000482703471789,
        "dvar2": 0.00122254458256,
        "max": 0.499998658895,
        "mean": 0.452232897282,
        "median": 0.45678883791,
        "min": 0.144843801856,
        "var": 0.000884700857569
    },
    "dynamic_complexity": 2.43617844582,
    "erbbands_crest": {
        "dmean": 2.73836612701,
        "dmean2": 4.37306499481,
        "dvar": 6.299888134,
        "dvar2": 15.2459487915,
        "max": 29.164894104,
        "mean": 9.87876319885,
        "median": 9.09571743011,
        "min": 2.95994305611,
        "var": 15.4973840714
    },
    "erbbands_flatness_db": {
        "dmean": 0.0184990931302,
        "dmean2": 0.0254896581173,
        "dvar": 0.000312107731588,
        "dvar2": 0.000608594680671,
        "max": 0.370528191328,
        "mean": 0.180416017771,
        "median": 0.180906832218,
        "min": 0.0536079071462,
        "var": 0.00231256429106
    },
    "erbbands_kurtosis": {
        "dmean": 0.844844520092,
        "dmean2": 1.32692480087,
        "dvar": 1.15270507336,
        "dvar2": 2.77466869354,
        "max": 9.93734836578,
        "mean": -0.103728674352,
        "median": -0.566316366196,
        "min": -1.73881578445,
        "var": 2.03317975998
    },
    "erbbands_skewness": {
        "dmean": 0.396556615829,
        "dmean2": 0.60328489542,
        "dvar": 0.129442468286,
        "dvar2": 0.297526270151,
        "max": 2.68294668198,
        "mean": -0.0645188391209,
        "median": -0.114086471498,
        "min": -2.35471868515,
        "var": 0.53911870718
    },
    "erbbands_spread": {
        "dmean": 6.6051530838,
        "dmean2": 9.81194972992,
        "dvar": 38.7067947388,
        "dvar2": 84.6930236816,
        "max": 124.313858032,
        "mean": 35.9243202209,
        "median": 34.9744949341,
        "min": 7.58690690994,
        "var": 147.841049194
    },
    "hfc": {
        "dmean": 4.50101232529,
        "dmean2": 6.58409023285,
        "dvar": 30.5125923157,
        "dvar2": 60.9092559814,
        "max": 65.581817627,
        "mean": 17.4042892456,
        "median": 15.7609367371,
        "min": 1.21923325326e-16,
        "var": 114.412948608
    },
    "melbands_crest": {
        "dmean": 3.52437329292,
        "dmean2": 5.6164317131,
        "dvar": 11.0356960297,
        "dvar2": 25.8308238983,
        "max": 34.5827140808,
        "mean": 17.1076698303,
        "median": 16.8306388855,
        "min": 2.03933930397,
        "var": 32.6773643494
    },
    "melbands_flatness_db": {
        "dmean": 0.0284298323095,
        "dmean2": 0.0417600683868,
        "dvar": 0.000849612697493,
        "dvar2": 0.00172765529715,
        "max": 0.536942780018,
        "mean": 0.265454024076,
        "median": 0.26392647624,
        "min": 0.00566006498411,
        "var": 0.00543101271614
    },
    "melbands_kurtosis": {
        "dmean": 8.40907001495,
        "dmean2": 12.7889604568,
        "dvar": 179.829452515,
        "dvar2": 391.164581299,
        "max": 206.996276855,
        "mean": 16.9692611694,
        "median": 11.278175354,
        "min": -1.47421550751,
        "var": 413.413818359
    },
    "melbands_skewness": {
        "dmean": 0.817656934261,
        "dmean2": 1.20137417316,
        "dvar": 0.76003575325,
        "dvar2": 1.59268009663,
        "max": 12.166592598,
        "mean": 3.1948826313,
        "median": 2.98030281067,
        "min": -0.698102653027,
        "var": 2.7333855629
    },
    "melbands_spread": {
        "dmean": 5.33298015594,
        "dmean2": 7.97401762009,
        "dvar": 48.0526275635,
        "dvar2": 96.6987075806,
        "max": 136.979904175,
        "mean": 15.9144010544,
        "median": 12.185503006,
        "min": 0.907653093338,
        "var": 154.075576782
    },
    "pitch_salience": {
        "dmean": 0.0716868191957,
        "dmean2": 0.11420378834,
        "dvar": 0.00419848272577,
        "dvar2": 0.0108243115246,
        "max": 0.843565642834,
        "mean": 0.491375774145,
        "median": 0.488864004612,
        "min": 0.201323121786,
        "var": 0.0112911453471
    },
    "silence_rate_20dB": {
        "dmean": 0,
        "dmean2": 0,
        "dvar": 0,
        "dvar2": 0,
        "max": 1,
        "mean": 1,
        "median": 1,
        "min": 1,
        "var": 0
    },
    "silence_rate_30dB": {
        "dmean": 0.0453842170537,
        "dmean2": 0.0908152759075,
        "dvar": 0.0433247275651,
        "dvar2": 0.105274543166,
        "max": 1,
        "mean": 0.9561855793,
        "median": 1,
        "min": 0,
        "var": 0.0418948568404
    },
    "silence_rate_60dB": {
        "dmean": 0.0201134607196,
        "dmean2": 0.0402476787567,
        "dvar": 0.0197088550776,
        "dvar2": 0.0386272221804,
        "max": 1,
        "mean": 0.0448453612626,
        "median": 0,
        "min": 0,
        "var": 0.0428351052105
    },
    "spectral_centroid": {
        "dmean": 191.185241699,
        "dmean2": 280.347290039,
        "dvar": 81060.78125,
        "dvar2": 112498.359375,
        "max": 10660.6933594,
        "mean": 904.728088379,
        "median": 802.347045898,
        "min": 194.980895996,
        "var": 235854.71875
    },
    "spectral_complexity": {
        "dmean": 3.19030427933,
        "dmean2": 4.76573801041,
        "dvar": 12.0499162674,
        "dvar2": 21.858373642,
        "max": 39,
        "mean": 15.6288661957,
        "median": 15,
        "min": 0,
        "var": 50.6803474426
    },
    "spectral_decrease": {
        "dmean": 3.91141741218e-09,
        "dmean2": 5.6548810079e-09,
        "dvar": 2.36771897296e-17,
        "dvar2": 4.87092847589e-17,
        "max": 5.2578116186e-29,
        "mean": -1.19271490462e-08,
        "median": -1.12844933398e-08,
        "min": -4.63418352581e-08,
        "var": 7.46000974888e-17
    },
    "spectral_energy": {
        "dmean": 0.0150466384366,
        "dmean2": 0.0217278208584,
        "dvar": 0.000348226894857,
        "dvar2": 0.000712617125828,
        "max": 0.17868372798,
        "mean": 0.0465944670141,
        "median": 0.0444398149848,
        "min": 1.08603701095e-20,
        "var": 0.00110709085129
    },
    "spectral_energyband_high": {
        "dmean": 9.38767552725e-05,
        "dmean2": 0.000148549792357,
        "dvar": 4.63593394784e-08,
        "dvar2": 1.24282436786e-07,
        "max": 0.00421771779656,
        "mean": 0.000212053841096,
        "median": 9.26529173739e-05,
        "min": 7.85641847857e-21,
        "var": 1.3394094367e-07
    },
    "spectral_energyband_low": {
        "dmean": 0.0118577051908,
        "dmean2": 0.0181174688041,
        "dvar": 0.000277255399851,
        "dvar2": 0.000604190514423,
        "max": 0.159606218338,
        "mean": 0.0272206347436,
        "median": 0.0209135711193,
        "min": 7.03594444589e-23,
        "var": 0.000684284197632
    },
    "spectral_energyband_middle_high": {
        "dmean": 0.00144323951099,
        "dmean2": 0.00222827261314,
        "dvar": 2.83700887849e-06,
        "dvar2": 5.86948226555e-06,
        "max": 0.0179801732302,
        "mean": 0.00462074810639,
        "median": 0.00417820038274,
        "min": 1.50446533426e-21,
        "var": 1.02891663118e-05
    },
    "spectral_energyband_middle_low": {
        "dmean": 0.00559028657153,
        "dmean2": 0.00811287667602,
        "dvar": 5.30839351995e-05,
        "dvar2": 0.000102027755929,
        "max": 0.0786138549447,
        "mean": 0.0163591019809,
        "median": 0.0136170517653,
        "min": 4.15774201428e-22,
        "var": 0.000166121913935
    },
    "spectral_entropy": {
        "dmean": 0.181639119983,
        "dmean2": 0.261825293303,
        "dvar": 0.0344481915236,
        "dvar2": 0.0697190538049,
        "max": 9.82277393341,
        "mean": 7.12014484406,
        "median": 7.16945648193,
        "min": 5.36032390594,
        "var": 0.211355194449
    },
    "spectral_flux": {
        "dmean": 0.0364323966205,
        "dmean2": 0.0574019551277,
        "dvar": 0.00158862222452,
        "dvar2": 0.00357621186413,
        "max": 0.328921169043,
        "mean": 0.0924544930458,
        "median": 0.0778407603502,
        "min": 1.04213096486e-10,
        "var": 0.00273757241666
    },
    "spectral_kurtosis": {
        "dmean": 3.03846621513,
        "dmean2": 5.13873100281,
        "dvar": 20.1936645508,
        "dvar2": 55.5280685425,
        "max": 83.232749939,
        "mean": 8.28686904907,
        "median": 6.97902584076,
        "min": -1.18875527382,
        "var": 39.294052124
    },
    "spectral_rms": {
        "dmean": 0.00111500243656,
        "dmean2": 0.00154756277334,
        "dvar": 1.59866078775e-06,
        "dvar2": 2.90441039397e-06,
        "max": 0.0132032418624,
        "mean": 0.00620159786195,
        "median": 0.00658452045172,
        "min": 3.25507025847e-12,
        "var": 6.99811289451e-06
    },
    "spectral_rolloff": {
        "dmean": 328.295623779,
        "dmean2": 533.653625488,
        "dvar": 355461.0625,
        "dvar2": 550623.75,
        "max": 19121.484375,
        "mean": 871.419189453,
        "median": 473.73046875,
        "min": 43.06640625,
        "var": 771907.125
    },
    "spectral_skewness": {
        "dmean": 0.300622433424,
        "dmean2": 0.494948595762,
        "dvar": 0.130091130733,
        "dvar2": 0.358061552048,
        "max": 6.98627328873,
        "mean": 2.0516602993,
        "median": 2.00285196304,
        "min": 0.0385646037757,
        "var": 0.271075248718
    },
    "spectral_spread": {
        "dmean": 490377.3125,
        "dmean2": 730479.625,
        "dvar": 702687019008,
        "dvar2": 1.23996012544e+12,
        "max": 39628012,
        "mean": 3611897.25,
        "median": 3356111,
        "min": 709669.0625,
        "var": 2.59588934861e+12
    },
    "spectral_strongpeak": {
        "dmean": 0.378952622414,
        "dmean2": 0.636394441128,
        "dvar": 0.261209160089,
        "dvar2": 0.672788977623,
        "max": 6.3551530838,
        "mean": 0.76891797781,
        "median": 0.627821743488,
        "min": 0,
        "var": 0.456421047449
    },
    "zerocrossingrate": {
        "dmean": 0.00753323035315,
        "dmean2": 0.0090261483565,
        "dvar": 0.000190390943317,
        "dvar2": 0.000210371305002,
        "max": 0.51416015625,
        "mean": 0.0377597436309,
        "median": 0.0322265625,
        "min": 0,
        "var": 0.000604101980571
    },
    "barkbands": {
        "dmean": [0.00106306257658, 0.00594322523102, 0.00686979526654, 0.00192485249136, 0.00269441353157, 0.00112481613178, 0.00181307678577, 0.00061150273541, 0.00031114264857, 0.000189873127965, 0.000107832594949, 0.000105034538137, 0.00045019944082, 0.000358985591447, 0.000463281263364, 0.000474413100164, 0.000384969403967, 7.93821163825e-05, 4.56004199805e-05, 3.19562095683e-05, 2.07171633519e-05, 8.68886309036e-06, 9.94257425191e-06, 1.08043113869e-05, 1.62051746884e-05, 3.21771258314e-05, 4.4106373025e-06],
        "dmean2": [0.00140475935768, 0.0100635290146, 0.0101341288537, 0.00298903207295, 0.00418252963573, 0.00166295212694, 0.00260153156705, 0.000938415527344, 0.000494479085319, 0.000307052541757, 0.000171272375155, 0.000168165002833, 0.000724751793314, 0.000567621609662, 0.000725627760403, 0.000774023064878, 0.000581942615099, 0.000129271895275, 7.35801004339e-05, 5.26364419784e-05, 3.3947871998e-05, 1.33009707497e-05, 1.51919894051e-05, 1.56643927767e-05, 2.45463197643e-05, 5.6484794186e-05, 7.84404164733e-06],
        "dvar": [7.09105506758e-06, 0.000119031028589, 0.000101916433778, 6.72795158607e-06, 2.11720980587e-05, 4.05270384363e-06, 8.95001176104e-06, 2.52713334703e-06, 1.7529850993e-07, 7.84185232305e-08, 6.30438918847e-08, 2.40762645376e-08, 2.95375571113e-07, 4.92369110816e-07, 2.92272972047e-07, 4.48707055511e-07, 4.16852600438e-07, 1.83985751079e-08, 6.08912609223e-09, 3.78406994628e-09, 5.55838575167e-09, 2.07966005528e-10, 2.59790355894e-10, 4.71121752721e-10, 1.55077473085e-09, 1.2941585581e-08, 8.09328271067e-10],
        "dvar2": [1.21366438179e-05, 0.000314161996357, 0.000205898933928, 1.50310606841e-05, 4.70293671242e-05, 8.36784874991e-06, 1.59203864314e-05, 5.81494032303e-06, 4.24747327088e-07, 1.83398512377e-07, 1.54210695769e-07, 6.01393281841e-08, 7.57549798891e-07, 1.1477610542e-06, 7.18682144907e-07, 1.10302210032e-06, 8.69937764492e-07, 4.39364136184e-08, 1.4308636942e-08, 1.09762270384e-08, 1.56615698188e-08, 4.61516158623e-10, 6.16336537362e-10, 9.48401135403e-10, 3.97209332093e-09, 3.57892808722e-08, 2.24893659251e-09],
        "max": [0.0356290489435, 0.0947739258409, 0.109747461975, 0.030291814357, 0.0620147809386, 0.027020579204, 0.0370966568589, 0.0277995616198, 0.00541266752407, 0.00355574674904, 0.00371351302601, 0.00177479698323, 0.00634904159233, 0.00720604322851, 0.00620283279568, 0.00860292091966, 0.00854459777474, 0.0017054338241, 0.00134000892285, 0.00115507852752, 0.00218790909275, 0.000313584605465, 0.000374671159079, 0.000540425477084, 0.000717264192645, 0.00159306940623, 0.00061867601471],
        "mean": [0.00160024419893, 0.00838478747755, 0.0154592050239, 0.0040748254396, 0.00498005095869, 0.00225412822329, 0.00332431076095, 0.00116258126218, 0.000468218786409, 0.000290097406833, 0.000144303339766, 0.000197100089281, 0.000940149067901, 0.000530478777364, 0.000948574044742, 0.000632993993349, 0.000736450252589, 0.000137235329021, 8.89117218321e-05, 6.18229678366e-05, 4.38379902334e-05, 2.19242519961e-05, 2.48580618063e-05, 3.02705302602e-05, 2.74655503745e-05, 2.66724528046e-05, 2.97712836073e-06],
        "median": [5.92654178035e-05, 0.00465903617442, 0.00954330526292, 0.00298559688963, 0.00281160511076, 0.000891536823474, 0.00150976958685, 0.000124675978441, 0.000275940110441, 0.00018626669771, 4.29582432844e-05, 9.12009272724e-05, 0.000770599464886, 0.000169129838469, 0.000770336715505, 0.000353067007381, 0.000329533067998, 7.11873581167e-05, 5.09002784383e-05, 3.35530894517e-05, 1.84353266377e-05, 9.50027060753e-06, 1.26814720716e-05, 1.40582251333e-05, 8.3717131929e-06, 1.45962530951e-06, 6.64633281744e-09],
        "min": [1.77164922227e-23, 3.14915008858e-23, 2.061312478e-23, 2.94727837413e-23, 7.17432263935e-23, 3.16647378961e-23, 3.40955559775e-23, 3.37268329241e-23, 1.86018816192e-22, 6.22822976503e-23, 6.92910806686e-23, 9.00002634633e-23, 8.8104693817e-23, 5.50595755545e-23, 2.49606899522e-22, 1.38275174538e-22, 1.76644573796e-22, 2.08440590769e-22, 3.42659493019e-22, 2.16117873451e-22, 2.64680125533e-22, 5.72230915892e-22, 6.14322110414e-22, 6.87037667827e-22, 1.49467992494e-21, 1.72362810983e-21, 2.63194512384e-21],
        "var": [1.65945348272e-05, 0.000131552122184, 0.00030341069214, 1.98466404981e-05, 3.76304597012e-05, 1.26923941934e-05, 2.66180595645e-05, 1.00582392406e-05, 3.30947386828e-07, 1.27587583165e-07, 1.09576703267e-07, 6.81284433313e-08, 7.5224346574e-07, 8.4851359361e-07, 8.10476024071e-07, 6.29255112017e-07, 1.23976349187e-06, 3.6331506692e-08, 1.36446374199e-08, 8.88739037919e-09, 1.12381819406e-08, 1.33171440542e-09, 1.55579993333e-09, 3.09171488411e-09, 2.81425416304e-09, 8.85271589368e-09, 5.06108266407e-10]
    },
    "erbbands": {
        "dmean": [0.181502535939, 1.36977684498, 7.23164987564, 6.58371019363, 7.73530435562, 9.5358171463, 9.87167358398, 8.00209617615, 27.4765548706, 16.7916698456, 9.51351261139, 8.33157348633, 4.51276445389, 5.22262525558, 5.05178689957, 5.96126937866, 22.6594333649, 18.9648685455, 20.2684707642, 29.8548126221, 19.620059967, 16.7476940155, 6.14223718643, 2.63121008873, 2.07810807228, 1.637347579, 0.995077729225, 0.653888583183, 0.296321839094, 0.37504312396, 0.260952234268, 0.205275267363, 0.210034653544, 0.194666609168, 0.113938085735, 0.0912322625518, 0.0645857676864, 0.0181211512536, 0.000554238271434, 2.51977890002e-05],
        "dmean2": [0.306397408247, 2.31011676788, 10.8989315033, 9.85509967804, 12.2760686874, 14.8278989792, 14.719119072, 12.2353410721, 38.9174041748, 25.441160202, 14.8793840408, 13.0299367905, 7.1918296814, 8.57424163818, 8.10454750061, 9.40884017944, 36.4061851501, 29.633764267, 32.9789924622, 46.7566108704, 31.2583999634, 25.8573131561, 9.28192710876, 4.28052473068, 3.24249792099, 2.70430898666, 1.65758574009, 1.05644237995, 0.454717427492, 0.577299654484, 0.403435945511, 0.30626681447, 0.31326892972, 0.294903725386, 0.176372975111, 0.1572034657, 0.11332705617, 0.0324881784618, 0.000994436675683, 3.8905578549e-05],
        "dvar": [0.227659106255, 4.89852809906, 120.781280518, 69.2396697998, 163.370101929, 269.186950684, 619.422058105, 195.09602356, 2024.61413574, 784.087097168, 562.685974121, 127.115882874, 67.6052627563, 57.799282074, 119.264732361, 53.1653556824, 785.619995117, 1446.73718262, 706.74822998, 1631.87390137, 1183.90576172, 786.461853027, 111.929023743, 22.5753707886, 15.4936523438, 8.26113128662, 15.8933544159, 2.12358951569, 0.281592011452, 0.35995092988, 0.238905861974, 0.152567103505, 0.181091710925, 0.194107800722, 0.106873437762, 0.0839874595404, 0.0555767416954, 0.00651415251195, 1.14325175673e-05, 3.58021745583e-09],
        "dvar2": [0.598811686039, 12.5724000931, 245.256408691, 148.802597046, 398.704071045, 588.946350098, 1195.92822266, 452.058319092, 3661.00341797, 1788.50317383, 1062.44104004, 298.335327148, 145.239715576, 146.546356201, 289.948669434, 135.511779785, 1992.81982422, 3323.04272461, 1825.24438477, 4087.86181641, 2750.47021484, 1613.52563477, 219.498947144, 56.7139358521, 32.3976287842, 23.4304904938, 46.0478973389, 5.98701286316, 0.602743387222, 0.8060978055, 0.595068633556, 0.308349847794, 0.405397325754, 0.49917703867, 0.283327609301, 0.232375621796, 0.153147250414, 0.0180034600198, 3.19739338011e-05, 9.6540402339e-09],
        "max": [3.4808318615, 20.6926059723, 114.226699829, 92.0572280884, 151.443786621, 232.518539429, 459.049468994, 188.69909668, 562.768249512, 470.695281982, 357.113830566, 151.337814331, 139.835906982, 110.818031311, 168.584228516, 90.7130432129, 339.620788574, 422.815246582, 298.110321045, 444.1378479, 510.8465271, 420.284545898, 158.49508667, 86.6906585693, 68.3073348999, 57.6238594055, 111.907798767, 36.5682830811, 12.8582544327, 12.5125465393, 12.0612678528, 9.72737407684, 9.6500082016, 9.10146808624, 6.33226203918, 4.72949552536, 3.59324383736, 1.25460088253, 0.081718981266, 0.0012817295501],
        "mean": [0.207843363285, 2.25709939003, 16.626958847, 14.3947429657, 15.055850029, 16.8663463593, 19.9211101532, 16.2919540405, 50.2268295288, 31.964050293, 18.5362529755, 13.140704155, 7.25941991806, 7.87622976303, 7.98338365555, 13.2151327133, 47.4741821289, 30.9137363434, 38.8055000305, 53.4744796753, 33.3766403198, 32.5026283264, 12.6963624954, 5.62329721451, 3.93877863884, 3.25727963448, 1.97779750824, 1.46503949165, 0.784073352814, 0.872927546501, 0.676052510738, 0.519583880901, 0.559369266033, 0.368426322937, 0.155321389437, 0.0878208428621, 0.0529636181891, 0.0128751136363, 0.000401157245506, 6.07008187217e-05],
        "median": [0.0645773112774, 1.45566689968, 9.23920249939, 11.6486635208, 11.0658016205, 9.13803005219, 7.67487335205, 8.67787742615, 21.7785491943, 12.8689508438, 5.74886751175, 7.61753559113, 3.81085634232, 5.01186752319, 3.39124917984, 10.1691017151, 38.1027526855, 12.7972555161, 25.962562561, 28.4532737732, 18.7581825256, 15.6428413391, 6.72241306305, 3.0327091217, 1.95796871185, 1.79048085213, 0.779501676559, 0.733201384544, 0.350859463215, 0.421057701111, 0.319348990917, 0.245009243488, 0.260511279106, 0.139508873224, 0.0272620730102, 0.00758312176913, 0.0029985178262, 0.000221993541345, 3.68740293197e-05, 5.42127527297e-05],
        "min": [6.49608603389e-22, 8.26330652162e-21, 2.94944365973e-20, 4.48046740875e-20, 2.21175274497e-19, 2.26850483132e-19, 1.04292269337e-19, 3.21641064481e-19, 5.83701291718e-19, 4.95184952862e-19, 1.55993235433e-18, 3.04840333477e-18, 3.51787879041e-18, 2.12611142743e-18, 2.70495194738e-18, 3.77398755654e-18, 4.46327840175e-18, 2.94127476005e-18, 6.30946198372e-18, 1.51523159674e-17, 8.08609746057e-18, 1.0754107315e-17, 1.18095426273e-17, 1.75588523759e-17, 1.34705866446e-17, 1.35893888057e-17, 7.27788575382e-18, 1.39137122618e-17, 1.85340189087e-17, 2.09979930845e-17, 1.51002466022e-17, 1.43210656263e-17, 1.54011649829e-17, 1.61015007573e-17, 9.32661360777e-18, 5.93569587445e-18, 3.72605202645e-18, 1.23279751811e-18, 3.15832498823e-19, 4.20819024725e-20],
        "var": [0.218000411987, 6.89860057831, 352.126068115, 201.93371582, 260.023406982, 493.219207764, 1718.11352539, 469.350524902, 5878.45117188, 2747.96582031, 1817.93103027, 254.47567749, 127.259811401, 88.7252349854, 233.229370117, 140.468917847, 1935.3737793, 2475.17895508, 1860.61242676, 3652.51635742, 2085.5871582, 2240.94946289, 359.027801514, 66.5775985718, 34.574092865, 22.1093025208, 27.9443511963, 7.4759683609, 1.96489310265, 1.71891593933, 1.31528949738, 0.878738284111, 1.0659134388, 0.455828011036, 0.128906205297, 0.0624261014163, 0.0382274799049, 0.00421735923737, 7.04171088728e-06, 3.56070373186e-09]
    },
    "gfcc": {
        "mean": [-14.9112672806, 128.059112549, -113.363082886, 33.8907661438, -32.703212738, 11.3559570312, -50.2271347046, 1.62670183182, -13.3156728745, 3.04903578758, -11.3947353363, -8.10733890533, -13.4323072433],
        "cov": [[5871.40283203, -1208.53625488, 399.468505859, 37.3054008484, -150.418960571, 377.010284424, -282.991607666, 254.181594849, -285.093566895, 204.85925293, -321.742950439, 218.796981812, -117.68926239], [-1208.53625488, 1882.17565918, -361.749420166, 74.3367233276, 327.127319336, -338.839141846, 275.936126709, -320.607391357, 294.957092285, -327.004730225, 187.908462524, -280.968231201, 109.126968384], [399.468505859, -361.749420166, 674.850036621, 31.0878772736, 65.3428115845, 101.275779724, 3.32861423492, 111.119598389, -138.217895508, 94.4273834229, -71.4417190552, 92.6040649414, -75.6366958618], [37.3054008484, 74.3367233276, 31.0878772736, 275.624298096, 38.9743995667, 17.5625514984, 34.5204925537, -2.69328904152, 28.6853179932, -64.1588668823, 4.82529115677, -36.7099914551, 29.1549167633], [-150.418960571, 327.127319336, 65.3428115845, 38.9743995667, 326.765838623, -28.5980262756, 110.333488464, -42.7379608154, 54.6356887817, -31.01313591, -25.0901985168, -44.9715995789, -10.3567867279], [377.010284424, -338.839141846, 101.275779724, 17.5625514984, -28.5980262756, 230.541549683, -48.145488739, 81.8479309082, -61.0963859558, 55.7446746826, -21.6739749908, 23.5248203278, -6.31110715866], [-282.991607666, 275.936126709, 3.32861423492, 34.5204925537, 110.333488464, -48.145488739, 144.381896973, -18.1100006104, 53.89635849, -52.3011932373, 12.7031049728, -22.382730484, 3.44228768349], [254.181594849, -320.607391357, 111.119598389, -2.69328904152, -42.7379608154, 81.8479309082, -18.1100006104, 149.449279785, -36.6419487, 54.2170753479, -44.1121368408, 64.4494476318, -9.66805267334], [-285.093566895, 294.957092285, -138.217895508, 28.6853179932, 54.6356887817, -61.0963859558, 53.89635849, -36.6419487, 134.541397095, -27.0244026184, 29.7972183228, -65.4423141479, 19.5787258148], [204.85925293, -327.004730225, 94.4273834229, -64.1588668823, -31.01313591, 55.7446746826, -52.3011932373, 54.2170753479, -27.0244026184, 151.783630371, -16.5154361725, 34.9276809692, -46.2205162048], [-321.742950439, 187.908462524, -71.4417190552, 4.82529115677, -25.0901985168, -21.6739749908, 12.7031049728, -44.1121368408, 29.7972183228, -16.5154361725, 107.605125427, -14.0759439468, 27.4712467194], [218.796981812, -280.968231201, 92.6040649414, -36.7099914551, -44.9715995789, 23.5248203278, -22.382730484, 64.4494476318, -65.4423141479, 34.9276809692, -14.0759439468, 131.304107666, 8.27094078064], [-117.68926239, 109.126968384, -75.6366958618, 29.1549167633, -10.3567867279, -6.31110715866, 3.44228768349, -9.66805267334, 19.5787258148, -46.2205162048, 27.4712467194, 8.27094078064, 83.2376556396]],
        "icov": [[0.000280097709037, -0.000374656461645, 0.000110577755549, -0.000328064343194, 0.000192265579244, -0.000503594812471, 0.00050951569574, -2.6836327379e-05, 0.000274367281236, -0.000487748038722, 0.00107648491394, -0.000828866905067, 0.00045586458873], [-0.000374656461645, 0.00479444209486, -0.00108989852015, 0.00229095877148, -0.00228016171604, 0.00300312531181, -0.00258415960707, 0.00167439912912, -0.00325208972208, 0.00589678203687, -0.00589208398014, 0.00607821112499, -0.00298289349303], [0.000110577755549, -0.00108989852015, 0.00296431104653, -0.00138989766128, -0.000359777157428, -0.000673924281728, -0.000232602469623, -0.00137777801137, 0.00346807413734, -0.00250200089067, 0.00138448295183, -0.00194825883955, 0.00205101049505], [-0.000328064343194, 0.00229095877148, -0.00138989766128, 0.00585865834728, -0.00109809415881, 0.000819527776912, -0.00141342601273, 0.000204583731829, -0.00272880285047, 0.00495959119871, -0.0032195171807, 0.00435153115541, -0.00274868425913], [0.000192265579244, -0.00228016171604, -0.000359777157428, -0.00109809415881, 0.00621198071167, -0.00214570737444, -0.00230004754849, 0.00159639492631, -8.30012140796e-05, -0.00328489230014, 0.00525391474366, -0.00257918518037, 0.000927457411308], [-0.000503594812471, 0.00300312531181, -0.000673924281728, 0.000819527776912, -0.00214570737444, 0.00899813789874, -0.000831740617286, -0.00289027299732, 0.00133042794187, 0.00194351037499, -0.00528517086059, 0.0067052859813, -0.00359041593038], [0.00050951569574, -0.00258415960707, -0.000232602469623, -0.00141342601273, -0.00230004754849, -0.000831740617286, 0.0147923016921, -0.00295521970838, -0.00249589909799, 0.00154961587396, 0.00137836928479, -0.0050736325793, 0.00458457088098], [-2.6836327379e-05, 0.00167439912912, -0.00137777801137, 0.000204583731829, 0.00159639492631, -0.00289027299732, -0.00295521970838, 0.0144520252943, -0.00424406211823, -0.000328481575707, 0.00323942676187, -0.0034506234806, -0.00168682960793], [0.000274367281236, -0.00325208972208, 0.00346807413734, -0.00272880285047, -8.30012140796e-05, 0.00133042794187, -0.00249589909799, -0.00424406211823, 0.019323496148, -0.00796719174832, 0.00188097555656, 0.00280660064891, -0.00140938616823], [-0.000487748038722, 0.00589678203687, -0.00250200089067, 0.00495959119871, -0.00328489230014, 0.00194351037499, 0.00154961587396, -0.000328481575707, -0.00796719174832, 0.0201383214444, -0.00907556712627, 0.005059952382, 0.00275418837555], [0.00107648491394, -0.00589208398014, 0.00138448295183, -0.0032195171807, 0.00525391474366, -0.00528517086059, 0.00137836928479, 0.00323942676187, 0.00188097555656, -0.00907556712627, 0.0219744332135, -0.00920401420444, 0.000385009829188], [-0.000828866905067, 0.00607821112499, -0.00194825883955, 0.00435153115541, -0.00257918518037, 0.0067052859813, -0.0050736325793, -0.0034506234806, 0.00280660064891, 0.005059952382, -0.00920401420444, 0.0230050943792, -0.00953736808151], [0.00045586458873, -0.00298289349303, 0.00205101049505, -0.00274868425913, 0.000927457411308, -0.00359041593038, 0.00458457088098, -0.00168682960793, -0.00140938616823, 0.00275418837555, 0.000385009829188, -0.00953736808151, 0.021534608677]]
    },
    "melbands": {
        "dmean": [0.0015678453492, 0.00291465269402, 0.00113498186693, 0.000643154955469, 0.000339293299476, 0.00018978236767, 0.000416935625253, 0.000172995045432, 7.53296335461e-05, 4.57039641333e-05, 2.23860934057e-05, 2.23602746701e-05, 1.60309082275e-05, 1.29076797748e-05, 4.15456015617e-05, 3.2507461583e-05, 4.1520997911e-05, 3.18083584716e-05, 3.06787042064e-05, 3.94249436795e-05, 2.43179529207e-05, 2.05022679438e-05, 1.40565261972e-05, 2.78576999335e-06, 2.23488450501e-06, 1.76177911726e-06, 1.23359734516e-06, 1.17482397854e-06, 6.55827989249e-07, 6.67740721383e-07, 3.32614121135e-07, 1.82103136126e-07, 1.97031312155e-07, 2.43637003905e-07, 1.8125292911e-07, 1.23850028899e-07, 1.50391286979e-07, 1.66148268477e-07, 1.55004755698e-07, 1.91555216134e-07],
        "dmean2": [0.00261059845798, 0.00450598448515, 0.00168541073799, 0.00100784085225, 0.000508797238581, 0.000286725495243, 0.000589349074289, 0.000264061411144, 0.000118502808618, 7.19114104868e-05, 3.59507430403e-05, 3.70292946172e-05, 2.56752446148e-05, 2.0602308723e-05, 6.72095629852e-05, 5.22104237461e-05, 6.50450601825e-05, 5.18357373949e-05, 4.83303592773e-05, 6.27275730949e-05, 3.84394152206e-05, 3.22211926687e-05, 2.1337871658e-05, 4.46846479463e-06, 3.70718908016e-06, 2.80582503365e-06, 1.92683592104e-06, 1.96666633201e-06, 1.08225947315e-06, 1.11737142561e-06, 5.47966749309e-07, 2.78570269074e-07, 3.11555623966e-07, 3.80653915499e-07, 2.88538643645e-07, 1.94817886268e-07, 2.33004797678e-07, 2.53471085898e-07, 2.43991649995e-07, 2.92935283142e-07],
        "dvar": [1.15001485028e-05, 1.89679140021e-05, 2.09371569326e-06, 1.39687017509e-06, 5.56692668852e-07, 1.11889136178e-07, 4.71576385053e-07, 1.08153919598e-07, 2.87064469973e-08, 3.83920184532e-09, 1.71037639607e-09, 1.13179610128e-09, 1.47855494514e-09, 3.40308947688e-10, 2.27722574131e-09, 1.49995882381e-09, 7.48100514869e-09, 1.75621561738e-09, 1.381691761e-09, 2.71249400718e-09, 1.9561756659e-09, 1.15303822046e-09, 7.0372407901e-10, 2.63939460565e-11, 1.60574730595e-11, 8.69610113086e-12, 4.95597963709e-12, 4.9721333821e-12, 5.15405079726e-12, 7.02397341679e-12, 4.03889324329e-13, 1.32046690205e-13, 1.10134903313e-13, 1.37204985329e-13, 1.20970331734e-13, 5.61501833799e-14, 1.08284244744e-13, 1.50885272159e-13, 1.14082381779e-13, 1.91218568757e-13],
        "dvar2": [2.98552949971e-05, 3.97226322093e-05, 4.34540334027e-06, 3.13692612508e-06, 1.09519157832e-06, 2.50219301279e-07, 8.29823534332e-07, 2.58424080357e-07, 5.29834807139e-08, 9.05940833462e-09, 3.71064268201e-09, 2.88593504649e-09, 3.66044261568e-09, 8.52546311325e-10, 5.9476712444e-09, 3.73709507784e-09, 1.72376442009e-08, 4.58903715028e-09, 3.29630789331e-09, 6.78362921391e-09, 4.63728966338e-09, 2.58810040066e-09, 1.34369848581e-09, 6.0739926977e-11, 4.13433454138e-11, 2.09292947556e-11, 1.02214773104e-11, 1.45531121876e-11, 1.50598162413e-11, 2.0191844724e-11, 1.14064324392e-12, 2.86011421794e-13, 2.54291244095e-13, 3.20322517426e-13, 3.26260394569e-13, 1.32655103807e-13, 2.43374005844e-13, 3.35028256223e-13, 3.15678256105e-13, 4.79753172952e-13],
        "max": [0.0288659837097, 0.0434042625129, 0.0164604838938, 0.0172390118241, 0.0132843973115, 0.00428623892367, 0.00858901720494, 0.00575971556827, 0.0027191513218, 0.000816864077933, 0.000683737802319, 0.000490743317641, 0.00060857378412, 0.000216371248825, 0.000535609142389, 0.000483690615511, 0.000938194629271, 0.000447789876489, 0.000396098825149, 0.000581234169658, 0.00063438777579, 0.000404999911552, 0.000397968746256, 7.94414518168e-05, 7.32523185434e-05, 4.41651354777e-05, 3.68458822777e-05, 4.31719017797e-05, 5.8040375734e-05, 7.19479285181e-05, 1.68024635059e-05, 9.12192899705e-06, 6.29826718068e-06, 7.38021162761e-06, 7.22426784705e-06, 5.87917975281e-06, 7.46235218685e-06, 9.47613079916e-06, 7.49053606341e-06, 9.20781985769e-06],
        "mean": [0.00210957718082, 0.00665337080136, 0.00265101599507, 0.00121605407912, 0.000681737437844, 0.000373591756215, 0.000761557661463, 0.000330586772179, 0.000139765630593, 7.0463422162e-05, 3.41100312653e-05, 3.2392108551e-05, 2.32981856243e-05, 2.35051811615e-05, 8.86787893251e-05, 6.71577727189e-05, 6.03318148933e-05, 5.75532903895e-05, 6.05164968874e-05, 6.01448155066e-05, 3.90346940549e-05, 3.61704114766e-05, 2.4939823561e-05, 5.05151820107e-06, 4.34469711763e-06, 3.08633093482e-06, 2.25049848268e-06, 2.16534090214e-06, 1.18149853279e-06, 1.17954823509e-06, 7.1848734251e-07, 4.24050227821e-07, 4.4043372327e-07, 5.05377499849e-07, 4.20369389076e-07, 2.78004591792e-07, 3.40558955259e-07, 4.18853375095e-07, 3.38371165753e-07, 3.13452716227e-07],
        "median": [0.00093048310373, 0.00427209213376, 0.00226941937581, 0.000764976837672, 0.000332973868353, 0.00016404336202, 0.000332788273226, 0.000115320784971, 5.23506387253e-05, 4.02211262553e-05, 1.62065753102e-05, 1.96409419004e-05, 8.31569741422e-06, 1.17271774798e-05, 7.32928747311e-05, 5.39322427358e-05, 1.67648722709e-05, 3.52793940692e-05, 4.59203292849e-05, 3.43969913956e-05, 1.54827594088e-05, 1.58441616804e-05, 1.21747107187e-05, 2.32448019233e-06, 2.25669600695e-06, 1.70236990016e-06, 1.05592312138e-06, 1.18151535844e-06, 4.51168062909e-07, 4.41686211161e-07, 3.85358191579e-07, 1.9091254444e-07, 1.7033801214e-07, 2.75882911183e-07, 1.99890848762e-07, 1.1603529515e-07, 1.52978685719e-07, 1.89508966741e-07, 1.50999866833e-07, 1.06760495555e-07],
        "min": [8.9581711222e-24, 1.39774161719e-23, 1.42646136063e-23, 1.71424965176e-23, 4.94447641872e-24, 7.17190998716e-24, 8.86095032652e-24, 5.15243593055e-24, 1.66780104835e-23, 2.17341529243e-23, 1.72032545846e-23, 7.80775869803e-24, 9.65746476024e-24, 9.31084637823e-24, 9.11478683315e-24, 9.22843565719e-24, 4.8980720704e-24, 8.19844206134e-24, 2.13245731869e-23, 1.26462662481e-23, 9.36928203865e-24, 1.17619082082e-23, 1.03103844211e-23, 9.12550903058e-24, 1.55845782714e-23, 1.01964137418e-23, 6.31175735535e-24, 1.0093323821e-23, 3.05081956282e-24, 6.92513536334e-24, 8.0675834478e-24, 9.77543654203e-24, 1.29536111899e-23, 1.17489338129e-23, 8.1228131775e-24, 9.22727839824e-24, 8.18694520251e-24, 8.48705707871e-24, 1.58126095601e-23, 1.29120516308e-23],
        "var": [1.24387179312e-05, 5.11983489559e-05, 6.4840437517e-06, 2.34580647884e-06, 1.45839749166e-06, 2.89238556661e-07, 1.40677730087e-06, 4.16078194121e-07, 8.90024978162e-08, 7.56917817313e-09, 3.16739368067e-09, 1.66817060165e-09, 2.40806508067e-09, 9.52341872029e-10, 6.20542373042e-09, 3.6417875382e-09, 1.26597567984e-08, 4.61399096707e-09, 3.52232376599e-09, 4.73460914918e-09, 3.71397668175e-09, 2.79165068839e-09, 2.06902117661e-09, 7.12479797382e-11, 4.43492048641e-11, 1.68116701116e-11, 1.18880851344e-11, 1.16772971501e-11, 1.02052073389e-11, 1.0523944563e-11, 1.4280918028e-12, 7.04924508522e-13, 5.5119239251e-13, 5.04898206577e-13, 5.16628352511e-13, 2.73733211662e-13, 4.28327024456e-13, 7.18176115366e-13, 3.43304161141e-13, 3.67002923277e-13]
    },
    "mfcc": {
        "mean": [-659.829772949, 153.337905884, -4.47054624557, 26.6892032623, 32.2467460632, 9.0658159256, -7.50193405151, -5.17130470276, -0.916748642921, 2.84595775604, 2.40310025215, 5.98140621185, 1.71018207073],
        "cov": [[4363.62402344, -524.951965332, -37.4739074707, -35.2652587891, -5.72021818161, 93.2021865845, 4.21561002731, 14.9407234192, 114.968254089, -60.0813331604, -110.283309937, -48.7758293152, 53.8415298462], [-524.951965332, 1279.99487305, -225.859207153, 170.262069702, 55.7497711182, 76.7956619263, -13.5241174698, 43.7994499207, -26.9597663879, -5.96841573715, -2.06597590446, 31.1302242279, 20.1751327515], [-37.4739074707, -225.859207153, 448.005249023, -4.48884487152, 31.3500976562, -15.9697008133, 96.4439468384, 2.16087675095, -7.78060722351, -32.420425415, 8.89569187164, 30.2090339661, -9.31210041046], [-35.2652587891, 170.262069702, -4.48884487152, 294.472229004, 51.4762077332, 54.596824646, -6.64854240417, 59.5184364319, 15.4873571396, 12.2009859085, -4.41781234741, -11.1282892227, 0.180542647839], [-5.72021818161, 55.7497711182, 31.3500976562, 51.4762077332, 163.238342285, 60.2107887268, 48.2506828308, 9.78112888336, 42.6010627747, 19.1613311768, 16.6229496002, -10.2565755844, -10.7662277222], [93.2021865845, 76.7956619263, -15.9697008133, 54.596824646, 60.2107887268, 117.979385376, 31.1683216095, 8.21436309814, 16.8595027924, 31.6141662598, 9.90294837952, -12.7267532349, -6.79969835281], [4.21561002731, -13.5241174698, 96.4439468384, -6.64854240417, 48.2506828308, 31.1683216095, 118.432899475, 38.217376709, 13.4065923691, -17.1747646332, -0.0824518576264, 5.20484161377, -2.93186974525], [14.9407234192, 43.7994499207, 2.16087675095, 59.5184364319, 9.78112888336, 8.21436309814, 38.217376709, 121.871070862, 40.5517921448, -26.8493537903, -26.532497406, 1.75349581242, 5.07023000717], [114.968254089, -26.9597663879, -7.78060722351, 15.4873571396, 42.6010627747, 16.8595027924, 13.4065923691, 40.5517921448, 96.8959884644, 30.0903110504, 3.92014980316, -8.55180263519, 0.462152451277], [-60.0813331604, -5.96841573715, -32.420425415, 12.2009859085, 19.1613311768, 31.6141662598, -17.1747646332, -26.8493537903, 30.0903110504, 95.7623138428, 43.6320304871, -2.01802563667, -8.05546474457], [-110.283309937, -2.06597590446, 8.89569187164, -4.41781234741, 16.6229496002, 9.90294837952, -0.0824518576264, -26.532497406, 3.92014980316, 43.6320304871, 70.7198638916, 20.6463909149, -0.604844868183], [-48.7758293152, 31.1302242279, 30.2090339661, -11.1282892227, -10.2565755844, -12.7267532349, 5.20484161377, 1.75349581242, -8.55180263519, -2.01802563667, 20.6463909149, 59.5858192444, 18.5086574554], [53.8415298462, 20.1751327515, -9.31210041046, 0.180542647839, -10.7662277222, -6.79969835281, -2.93186974525, 5.07023000717, 0.462152451277, -8.05546474457, -0.604844868183, 18.5086574554, 54.1363639832]],
