{
"lowlevel": {
    "average_loudness": 0.765702545643,
    "barkbands_crest": {
        "dmean": 2.01771473885,
        "dmean2": 3.12206792831,
        "dvar": 5.89630031586,
        "dvar2": 14.5875310898,
        "max": 26.5624370575,
        "mean": 16.4498825073,
        "median": 16.0666446686,
        "min": 4.6441245079,
        "var": 25.5278511047
    },
    "barkbands_flatness_db": {
        "dmean": 0.0382122136652,
        "dmean2": 0.0522517934442,
        "dvar": 0.00267479056492,
        "dvar2": 0.00463533075526,
        "max": 0.760655462742,
        "mean": 0.380628317595,
        "median": 0.371789723635,
        "min": 0.0422914475203,
        "var": 0.022867044434
    },
    "barkbands_kurtosis": {
        "dmean": 10.8623447418,
        "dmean2": 16.5462036133,
        "dvar": 645.835998535,
        "dvar2": 1502.35717773,
        "max": 461.52255249,
        "mean": 25.6579246521,
        "median": 13.3525028229,
        "min": -1.60398793221,
        "var": 1884.76916504
    },
    "barkbands_skewness": {
        "dmean": 0.746606588364,
        "dmean2": 1.10411119461,
        "dvar": 1.07407212257,
        "dvar2": 2.4801492691,
        "max": 16.9545497894,
        "mean": 3.07647180557,
        "median": 2.63002800941,
        "min": -2.75877666473,
        "var": 5.44985437393
    },
    "barkbands_spread": {
        "dmean": 1.76234221458,
        "dmean2": 2.72915148735,
        "dvar": 13.3973579407,
        "dvar2": 32.0614051819,
        "max": 45.897567749,
        "mean": 4.68266534805,
        "median": 2.27871465683,
        "min": 0.100474119186,
        "var": 40.5016021729
    },
    "dissonance": {
        "dmean": 0.034369699657,
        "dmean2": 0.0555855035782,
        "dvar": 0.00100375211332,
        "dvar2": 0.00250093452632,
        "max": 0.499691545963,
        "mean": 0.398149311543,
        "median": 0.41103592515,
        "min": 0.102995365858,
        "var": 0.00495022535324
    },
    "dynamic_complexity": 9.07744693756,
    "erbbands_crest": {
        "dmean": 2.32921814919,
        "dmean2": 3.52317976952,
        "dvar": 6.88667106628,
        "dvar2": 16.3596382141,
        "max": 29.9450435638,
        "mean": 14.2936124802,
        "median": 13.9983673096,
        "min": 2.61660265923,
        "var": 30.5849761963
    },
    "erbbands_flatness_db": {
        "dmean": 0.0278100464493,
        "dmean2": 0.0381376110017,
        "dvar": 0.00143087259494,
        "dvar2": 0.00273200613447,
        "max": 0.582487106323,
        "mean": 0.278084039688,
        "median": 0.279579311609,
        "min": 0.0697123706341,
        "var": 0.00916457548738
    },
    "erbbands_kurtosis": {
        "dmean": 3.75232291222,
        "dmean2": 5.64444494247,
        "dvar": 45.8809585571,
        "dvar2": 101.558105469,
        "max": 96.7574615479,
        "mean": 9.00458526611,
        "median": 3.32710075378,
        "min": -1.82492589951,
        "var": 178.74420166
    },
    "erbbands_skewness": {
        "dmean": 0.527022480965,
        "dmean2": 0.769449234009,
        "dvar": 0.408897221088,
        "dvar2": 0.909454464912,
        "max": 8.40573310852,
        "mean": 1.76810896397,
        "median": 1.56751549244,
        "min": -1.37205386162,
        "var": 2.07317972183
    },
    "erbbands_spread": {
        "dmean": 5.95741271973,
        "dmean2": 8.81295585632,
        "dvar": 79.568397522,
        "dvar2": 162.988739014,
        "max": 104.970222473,
        "mean": 22.7897720337,
        "median": 16.507024765,
        "min": 0.395398557186,
        "var": 418.364501953
    },
    "hfc": {
        "dmean": 2.91539335251,
        "dmean2": 3.63760328293,
        "dvar": 57.0631065369,
        "dvar2": 86.103843689,
        "max": 116.679641724,
        "mean": 5.92920064926,
        "median": 1.66907775402,
        "min": 4.85187883896e-05,
        "var": 137.839950562
    },
    "melbands_crest": {
        "dmean": 2.0010676384,
        "dmean2": 3.08418917656,
        "dvar": 5.91051483154,
        "dvar2": 14.7039747238,
        "max": 32.283618927,
        "mean": 18.9230861664,
        "median": 19.1436252594,
        "min": 5.12845373154,
        "var": 20.755947113
    },
    "melbands_flatness_db": {
        "dmean": 0.0411063693464,
        "dmean2": 0.0540203079581,
        "dvar": 0.00323323975317,
        "dvar2": 0.00546836899593,
        "max": 0.923020660877,
        "mean": 0.488867491484,
        "median": 0.47275570035,
        "min": 0.0941904857755,
        "var": 0.0312500409782
    },
    "melbands_kurtosis": {
        "dmean": 13.4886026382,
        "dmean2": 20.7061958313,
        "dvar": 646.02923584,
        "dvar2": 1623.61486816,
        "max": 473.774658203,
        "mean": 32.8348121643,
        "median": 20.3352050781,
        "min": -1.51418721676,
        "var": 1634.45825195
    },
    "melbands_skewness": {
        "dmean": 0.818362653255,
        "dmean2": 1.21007013321,
        "dvar": 1.20375370979,
        "dvar2": 2.8416454792,
        "max": 15.6776103973,
        "mean": 3.28761529922,
        "median": 2.86346650124,
        "min": -1.6196397543,
        "var": 5.28894424438
    },
    "melbands_spread": {
        "dmean": 1.6877143383,
        "dmean2": 2.59535264969,
        "dvar": 15.0316734314,
        "dvar2": 35.4677734375,
        "max": 67.193977356,
        "mean": 4.41866731644,
        "median": 2.08049082756,
        "min": 0.290774822235,
        "var": 35.1573524475
    },
    "pitch_salience": {
        "dmean": 0.0513076297939,
        "dmean2": 0.0782795473933,
        "dvar": 0.00369444047101,
        "dvar2": 0.00877313129604,
        "max": 0.879648149014,
        "mean": 0.397418826818,
        "median": 0.396890670061,
        "min": 0.0701841935515,
        "var": 0.0169304162264
    },
    "silence_rate_20dB": {
        "dmean": 0.00412371149287,
        "dmean2": 0.00825167633593,
        "dvar": 0.00410670600832,
        "dvar2": 0.0112777957693,
        "max": 1,
        "mean": 0.995363235474,
        "median": 1,
        "min": 0,
        "var": 0.0046152677387
    },
    "silence_rate_30dB": {
        "dmean": 0.0453608259559,
        "dmean2": 0.0907684341073,
        "dvar": 0.0433032102883,
        "dvar2": 0.089750289917,
        "max": 1,
        "mean": 0.91962903738,
        "median": 1,
        "min": 0,
        "var": 0.0739119574428
    },
    "silence_rate_60dB": {
        "dmean": 0.0407216511667,
        "dmean2": 0.0814853012562,
        "dvar": 0.0390633195639,
        "dvar2": 0.077938221395,
        "max": 1,
        "mean": 0.321998983622,
        "median": 0,
        "min": 0,
        "var": 0.218310460448
    },
    "spectral_centroid": {
        "dmean": 99.4013900757,
        "dmean2": 147.651504517,
        "dvar": 38913.359375,
        "dvar2": 88372.0625,
        "max": 3017.28320312,
        "mean": 410.99331665,
        "median": 297.992492676,
        "min": 88.7006759644,
        "var": 121623.257812
    },
    "spectral_complexity": {
        "dmean": 1.22371137142,
        "dmean2": 1.84218668938,
        "dvar": 5.32104158401,
        "dvar2": 10.1143503189,
        "max": 26,
        "mean": 4.5687789917,
        "median": 4,
        "min": 0,
        "var": 16.0360736847
    },
    "spectral_decrease": {
        "dmean": 3.12986969675e-09,
        "dmean2": 4.00368582731e-09,
        "dvar": 6.38464914453e-17,
        "dvar2": 1.08869316764e-16,
        "max": -1.06131542695e-14,
        "mean": -8.26697021949e-09,
        "median": -2.70192757057e-09,
        "min": -1.57778146104e-07,
        "var": 2.22056304568e-16
    },
    "spectral_energy": {
        "dmean": 0.0120598943904,
        "dmean2": 0.0154123064131,
        "dvar": 0.00093953841133,
        "dvar2": 0.00159571238328,
        "max": 0.601945221424,
        "mean": 0.0317392237484,
        "median": 0.0104740634561,
        "min": 4.45392132065e-08,
        "var": 0.00325582479127
    },
    "spectral_energyband_high": {
        "dmean": 3.75319104933e-05,
        "dmean2": 6.11293871771e-05,
        "dvar": 1.72834511147e-08,
        "dvar2": 4.44173799963e-08,
        "max": 0.00138382322621,
        "mean": 4.09304957429e-05,
        "median": 5.81523352139e-07,
        "min": 1.10784215135e-09,
        "var": 2.08354506981e-08
    },
    "spectral_energyband_low": {
        "dmean": 0.00804576184601,
        "dmean2": 0.01085022185,
        "dvar": 0.000667152460665,
        "dvar2": 0.0012534892885,
        "max": 0.531087875366,
        "mean": 0.0236749276519,
        "median": 0.00533380033448,
        "min": 3.66943297969e-09,
        "var": 0.00242235511541
    },
    "spectral_energyband_middle_high": {
        "dmean": 0.000557342660613,
        "dmean2": 0.000774754909799,
        "dvar": 8.4909315774e-06,
        "dvar2": 1.42311027957e-05,
        "max": 0.0706914365292,
        "mean": 0.000701047945768,
        "median": 3.20268736687e-05,
        "min": 9.01261021369e-09,
        "var": 1.31220404e-05
    },
    "spectral_energyband_middle_low": {
        "dmean": 0.00517293764278,
        "dmean2": 0.00657870201394,
        "dvar": 0.000220877715037,
        "dvar2": 0.000345473381458,
        "max": 0.260745197535,
        "mean": 0.00973945017904,
        "median": 0.0017307336675,
        "min": 1.9152871289e-08,
        "var": 0.000519551162142
    },
    "spectral_entropy": {
        "dmean": 0.301816374063,
        "dmean2": 0.411500096321,
        "dvar": 0.203870981932,
        "dvar2": 0.390811383724,
        "max": 8.38255500793,
        "mean": 5.64001274109,
        "median": 5.60238647461,
        "min": 2.955909729,
        "var": 1.23319232464
    },
    "spectral_flux": {
        "dmean": 0.0221351012588,
        "dmean2": 0.0365123935044,
        "dvar": 0.00199754117057,
        "dvar2": 0.00489018019289,
        "max": 0.518607795238,
        "mean": 0.0416544005275,
        "median": 0.0162714663893,
        "min": 9.78210591711e-05,
        "var": 0.00392095930874
    },
    "spectral_kurtosis": {
        "dmean": 19.9562473297,
        "dmean2": 31.0016479492,
        "dvar": 1138.88903809,
        "dvar2": 2471.97119141,
        "max": 785.572387695,
        "mean": 55.25157547,
        "median": 24.3380794525,
        "min": 0.752033233643,
        "var": 6197.25390625
    },
    "spectral_rms": {
        "dmean": 0.000760004855692,
        "dmean2": 0.000925717875361,
        "dvar": 2.21125856115e-06,
        "dvar2": 3.36140101354e-06,
        "max": 0.0242335218936,
        "mean": 0.0041414774023,
        "median": 0.00319665437564,
        "min": 6.5918807195e-06,
        "var": 1.3813240912e-05
    },
    "spectral_rolloff": {
        "dmean": 83.2354660034,
        "dmean2": 145.367904663,
        "dvar": 63590.9023438,
        "dvar2": 162474.625,
        "max": 3552.97851562,
        "mean": 310.969451904,
        "median": 193.798828125,
        "min": 64.599609375,
        "var": 109213.914062
    },
    "spectral_skewness": {
        "dmean": 1.03837609291,
        "dmean2": 1.61069369316,
        "dvar": 1.5716637373,
        "dvar2": 3.15328550339,
        "max": 22.8208580017,
        "mean": 4.8505525589,
        "median": 3.65996026993,
        "min": 0.839392662048,
        "var": 13.1943368912
    },
    "spectral_spread": {
        "dmean": 546151.375,
        "dmean2": 832627.0625,
        "dvar": 746736386048,
        "dvar2": 1.39761444454e+12,
        "max": 26666148,
        "mean": 2368915.75,
        "median": 1996926.625,
        "min": 146723.03125,
        "var": 2.4887778345e+12
    },
    "spectral_strongpeak": {
        "dmean": 0.24840579927,
        "dmean2": 0.355632841587,
        "dvar": 0.361579984426,
        "dvar2": 0.639542281628,
        "max": 9.20339393616,
        "mean": 0.606308221817,
        "median": 0.347788155079,
        "min": 0,
        "var": 0.855544507504
    },
    "zerocrossingrate": {
        "dmean": 0.00324027473107,
        "dmean2": 0.00401176325977,
        "dvar": 2.60572796833e-05,
        "dvar2": 3.56525779353e-05,
        "max": 0.08935546875,
        "mean": 0.0157522894442,
        "median": 0.01025390625,
        "min": 0.001953125,
        "var": 0.000234997758525
    },
    "barkbands": {
        "dmean": [4.10056818509e-05, 0.00500493170694, 0.00363445095718, 0.00147604010999, 0.000709325133357, 0.00243599805981, 0.00102570920717, 4.97364417242e-05, 0.000119463154988, 8.8741282525e-05, 0.000239786109887, 5.74309087824e-05, 5.68201649003e-05, 2.83582267002e-05, 3.30635011778e-05, 3.25624350808e-05, 4.47378843091e-05, 3.30173133989e-05, 3.61428719771e-05, 1.13093392429e-05, 1.22245473904e-05, 7.11266511644e-06, 5.26657686351e-06, 6.14915870756e-06, 2.64183563559e-06, 1.52215329763e-06, 1.56881270641e-07],
        "dmean2": [6.28349444014e-05, 0.00695875938982, 0.00555640645325, 0.00213103694841, 0.00092315254733, 0.00306600611657, 0.00136478361674, 8.092027565e-05, 0.000173365784576, 0.00013905337255, 0.000334058160661, 8.84235123522e-05, 8.10481142253e-05, 3.99303680751e-05, 5.25198884134e-05, 4.42882119387e-05, 6.88560321578e-05, 5.3729985666e-05, 5.96778481849e-05, 1.83472839126e-05, 2.02438968699e-05, 1.21123421195e-05, 8.2300939539e-06, 1.05079161585e-05, 4.64162985736e-06, 2.79839355244e-06, 2.93039079224e-07],
        "dvar": [1.79228081265e-08, 0.000259181746515, 0.000227511671255, 3.09080896841e-05, 1.10787659651e-05, 0.000104999126052, 1.96898108697e-05, 3.6113309676e-08, 3.27360055508e-07, 1.63966205946e-07, 4.84871816298e-06, 1.32084466031e-07, 5.77999372808e-08, 4.04128748244e-08, 3.02987466227e-08, 1.67004383655e-08, 5.21410434828e-08, 5.95114038049e-08, 4.28409698827e-08, 1.72141845223e-09, 2.05755457117e-09, 7.33003213682e-10, 4.03656275072e-10, 5.71176383968e-10, 9.61722437798e-11, 3.67147770519e-11, 6.25894084824e-13],
        "dvar2": [3.76562852011e-08, 0.000541358080227, 0.00045896996744, 6.24315725872e-05, 1.98001343961e-05, 0.000162954849657, 3.4150245483e-05, 9.51998373466e-08, 6.935994179e-07, 3.60407824473e-07, 7.85033716966e-06, 3.44598788615e-07, 1.14365363402e-07, 7.88582923406e-08, 7.7808905985e-08, 3.15457597821e-08, 1.20253872637e-07, 1.56514047944e-07, 1.13186409578e-07, 4.43836478681e-09, 5.30531929499e-09, 1.95575000639e-09, 9.14877007485e-10, 1.53198154162e-09, 2.58213422866e-10, 1.06067987726e-10, 1.8000125045e-12],
        "max": [0.00380003987812, 0.3950766325, 0.359117478132, 0.123716488481, 0.090592764318, 0.156747460365, 0.0979413539171, 0.0041465619579, 0.0130850113928, 0.00713808462024, 0.0589880421758, 0.0103825163096, 0.00465066544712, 0.00504113407806, 0.00276512815617, 0.0019918885082, 0.00291228527203, 0.00496818125248, 0.00440337602049, 0.000729854684323, 0.000493701023515, 0.000313188822474, 0.000270012911642, 0.000235700819758, 9.36369469855e-05, 8.3352868387e-05, 1.20734239317e-05],
        "mean": [8.30352437333e-05, 0.0146458763629, 0.00653887167573, 0.00326126115397, 0.00125897338148, 0.00316048064269, 0.00180885370355, 6.51815644233e-05, 0.000157394853886, 0.000100035656942, 0.000254757527728, 6.58368226141e-05, 7.95644591562e-05, 3.34817632393e-05, 3.38408390235e-05, 3.79403754778e-05, 4.27795348514e-05, 2.97960577882e-05, 3.22477899317e-05, 1.41696691571e-05, 1.27578978208e-05, 7.24957408238e-06, 5.61980687053e-06, 5.55442420591e-06, 2.57278429672e-06, 1.04769651443e-06, 9.93401627625e-08],
        "median": [5.17797070643e-06, 0.00295115727931, 0.000597542151809, 0.00040918024024, 0.000209587873542, 7.73636056692e-05, 2.08099954762e-05, 3.11773192152e-06, 4.3488907977e-06, 2.3001862246e-06, 1.64999494245e-06, 1.22018980164e-06, 1.57757017405e-06, 3.5348935512e-07, 8.49903358358e-07, 8.11988059013e-07, 7.0927097795e-07, 4.08554683418e-07, 3.92429001295e-07, 3.12926573542e-07, 1.19281210686e-07, 5.67748301705e-08, 2.55409950967e-08, 1.43813476683e-08, 5.1749338148e-09, 1.95332194863e-09, 3.79266645867e-10],
        "min": [1.50451890529e-11, 1.06381292664e-09, 4.65788907444e-10, 3.0164973297e-10, 3.49995277205e-09, 3.10494990829e-10, 1.61595722914e-10, 1.15899609354e-10, 6.41037445348e-10, 3.21874776832e-10, 7.63195728837e-10, 3.56912110977e-10, 1.14383147398e-09, 2.48626147448e-10, 1.0297897951e-10, 2.38268849095e-10, 2.260836518e-10, 2.32811631085e-10, 2.43970621483e-10, 2.64521071713e-10, 2.02779418257e-10, 2.20794951766e-10, 1.61189034342e-10, 4.69338977405e-11, 2.27983985857e-11, 3.32589095153e-11, 4.77179441793e-11],
        "var": [6.29707912481e-08, 0.000962958321907, 0.000440561416326, 9.51713591348e-05, 2.23956576519e-05, 0.000210707061342, 4.31781772932e-05, 5.00575723095e-08, 5.47944125628e-07, 1.85354934956e-07, 7.55228893468e-06, 1.13051768835e-07, 9.35104722544e-08, 6.19010265268e-08, 2.55699461604e-08, 2.6613184545e-08, 5.16109075477e-08, 4.37564402489e-08, 3.24314441968e-08, 2.05214489846e-09, 2.30466512541e-09, 7.38526462207e-10, 5.86460324747e-10, 5.72301039892e-10, 1.07800851579e-10, 2.32877987727e-11, 3.6217564863e-13]
    },
    "erbbands": {
        "dmean": [0.118335328996, 1.24746382236, 3.56484270096, 5.13940477371, 2.70814800262, 2.46257042885, 7.14675045013, 21.1820755005, 22.0382823944, 4.28412342072, 1.3315076828, 2.96257424355, 2.47699308395, 9.28019428253, 4.09002828598, 2.32814669609, 2.83865118027, 1.0585296154, 2.34401965141, 1.57226741314, 1.35415410995, 2.37746071815, 2.41779994965, 1.06706428528, 2.02074694633, 0.56110650301, 0.55920958519, 0.418220251799, 0.242447897792, 0.219902724028, 0.146089464426, 0.137709319592, 0.0906453728676, 0.0331837013364, 0.0176542941481, 0.00714136241004, 0.00271860207431, 0.000611845811363, 1.89789334399e-05, 1.33552757688e-05],
        "dmean2": [0.168260321021, 1.69873332977, 5.15687847137, 7.68418836594, 3.79844689369, 3.34561419487, 9.30560779572, 26.697845459, 28.4676780701, 6.1182141304, 2.04713845253, 4.25296497345, 3.84879589081, 13.1676578522, 5.91528606415, 3.5035238266, 4.05560922623, 1.51312828064, 3.50717163086, 2.1866672039, 1.86975157261, 3.68098282814, 3.93781280518, 1.68077230453, 3.33223009109, 0.894879162312, 0.936074435711, 0.665634870529, 0.40493696928, 0.359276711941, 0.232298091054, 0.237101882696, 0.154202029109, 0.0583314076066, 0.0302435401827, 0.012472984381, 0.00508830463514, 0.00114945706446, 3.20828294207e-05, 1.69791419466e-05],
        "dvar": [0.159113630652, 15.5166807175, 208.967025757, 332.744384766, 84.2638473511, 195.63458252, 1087.00170898, 7913.48144531, 12620.5908203, 225.450149536, 17.1451797485, 230.028030396, 140.335296631, 7529.36230469, 540.871704102, 117.415252686, 132.931350708, 22.0311794281, 151.651107788, 36.6466903687, 25.6517562866, 160.010696411, 308.75793457, 20.5606422424, 174.883102417, 4.33953762054, 5.62981462479, 2.56205034256, 0.900457501411, 0.911219954491, 0.303278595209, 0.367868244648, 0.136472806334, 0.0150715606287, 0.00395919056609, 0.000743642216548, 0.000134566624183, 6.2969515966e-06, 4.19043066913e-09, 1.1156001678e-09],
        "dvar2": [0.330973118544, 32.0058250427, 384.912872314, 683.522216797, 174.558883667, 367.799530029, 1631.70812988, 12712.1640625, 19470.3945312, 513.270080566, 41.0743217468, 481.216400146, 310.525146484, 12275.4238281, 961.190612793, 292.262481689, 268.882598877, 41.3148803711, 346.744384766, 67.9326705933, 50.9700698853, 363.651519775, 813.903930664, 52.526424408, 464.274475098, 10.7684698105, 15.0033493042, 6.38375663757, 2.34411907196, 2.44012117386, 0.684639334679, 1.02309155464, 0.364073693752, 0.0403051972389, 0.0105714993551, 0.00207512988709, 0.000392386660678, 1.80429415195e-05, 1.16018927798e-08, 1.87552329223e-09],
        "max": [13.1938695908, 89.8563537598, 349.003356934, 367.431396484, 176.122512817, 360.319488525, 645.21295166, 1396.0904541, 2584.87231445, 353.22845459, 65.4585647583, 360.580718994, 184.91444397, 2252.08374023, 531.99017334, 246.656799316, 197.646987915, 69.432800293, 232.214736938, 86.4663391113, 86.1120147705, 183.508514404, 352.071899414, 61.1827545166, 301.994628906, 47.9051551819, 29.7172222137, 25.7810459137, 13.9396476746, 12.2803277969, 7.51485681534, 7.61935997009, 5.68443965912, 1.3002910614, 0.564230501652, 0.400705099106, 0.155660629272, 0.0237249992788, 0.000814444909338, 0.000652590591926],
        "mean": [0.315783083439, 3.69539356232, 7.83261442184, 10.7215185165, 5.7402009964, 4.2069311142, 10.2321548462, 27.099855423, 30.7904376984, 12.898727417, 2.14337968826, 4.09462404251, 2.67978262901, 10.3622579575, 4.31783056259, 2.99645280838, 4.02713346481, 1.42362427711, 2.48409318924, 2.01739597321, 1.64589905739, 2.25768184662, 2.09953713417, 1.04783058167, 1.87121510506, 0.706786215305, 0.539253115654, 0.470688074827, 0.256915569305, 0.222838371992, 0.150948703289, 0.121262528002, 0.084426894784, 0.0318262912333, 0.0158492457122, 0.00563286151737, 0.00179792684503, 0.000385983323213, 2.44393395405e-05, 3.50270711351e-05],
        "median": [0.0878234580159, 0.625345289707, 1.2702589035, 1.32654976845, 1.35578680038, 0.714984416962, 0.72692579031, 0.673506438732, 0.451347500086, 0.202319324017, 0.150910377502, 0.14948515594, 0.106190167367, 0.12614710629, 0.100880384445, 0.0690336227417, 0.0972805246711, 0.0541505031288, 0.074610479176, 0.0577545538545, 0.050138566643, 0.0404822826385, 0.0322708524764, 0.0260773170739, 0.017043793574, 0.0166860446334, 0.00920604448766, 0.00362913194112, 0.00213979044929, 0.00134434888605, 0.000642135972157, 0.000387683947338, 0.000210579193663, 9.47616354097e-05, 4.43099706899e-05, 2.41074612859e-05, 7.89311161498e-06, 9.27188295918e-07, 5.44253407497e-06, 1.17002873594e-05],
        "min": [3.98034103455e-08, 3.31826043976e-07, 4.63050099597e-07, 1.64254947776e-06, 8.46994862513e-06, 1.42513335959e-05, 1.33506573547e-05, 3.30501711687e-06, 3.99693863073e-06, 3.0926078125e-06, 5.08270659338e-06, 8.39791573526e-06, 2.31175145018e-05, 2.53240377788e-05, 2.45408555202e-05, 1.86892066267e-05, 7.72588682594e-05, 2.45593710133e-05, 1.2273530956e-05, 1.38890454764e-05, 1.35360687636e-05, 1.30668759084e-05, 1.541148049e-05, 1.29035188365e-05, 1.16976634672e-05, 1.27551820697e-05, 9.18998466659e-06, 7.77819332143e-06, 8.35111313791e-06, 5.95947676629e-06, 4.56599673271e-06, 1.80055235433e-06, 1.0471310361e-06, 3.61212528333e-07, 2.28121791679e-07, 1.42333917097e-07, 7.39748102774e-08, 2.90801249747e-08, 9.89538762042e-09, 8.84400275236e-10],
        "var": [0.655365884304, 56.0558700562, 472.20526123, 865.430847168, 196.564727783, 366.610748291, 2298.95581055, 15424.5742188, 24457.8867188, 1489.33496094, 29.4702968597, 398.288757324, 150.316421509, 11608.9501953, 769.594421387, 132.544311523, 215.523239136, 32.614364624, 181.213729858, 57.9617462158, 37.2267951965, 163.81590271, 224.091705322, 17.2149467468, 132.347869873, 5.26264095306, 4.68814229965, 3.35368108749, 0.95718729496, 0.877414703369, 0.435177266598, 0.306709378958, 0.13978497684, 0.0165732763708, 0.00420558219776, 0.000588494585827, 7.93289145804e-05, 3.72583167518e-06, 3.48124595817e-09, 3.88557541697e-09]
    },
    "gfcc": {
        "mean": [-247.977294922, 176.756622314, -64.6436233521, 39.2597389221, -25.7994422913, -1.55875873566, -19.4003429413, -7.20839929581, -13.1781406403, -8.9579782486, -1.50694954395, -10.3862504959, -2.84835982323],
        "cov": [[23515.3496094, -1157.5456543, -3060.28222656, 535.910766602, -1294.2434082, 384.982543945, -396.29699707, 600.406005859, 301.625640869, 866.954772949, 509.989440918, 397.473815918, 278.634674072], [-1157.5456543, 2135.74462891, 1106.01074219, -224.072402954, 808.984863281, -288.8230896, 437.838226318, -186.329574585, 443.477874756, -130.655883789, 146.156768799, -335.549682617, 85.6823425293], [-3060.28222656, 1106.01074219, 2599.74609375, 120.032363892, 996.852294922, 30.5121078491, 406.40512085, 44.6912727356, 306.843322754, -84.2090759277, -104.590454102, -216.378555298, 13.1224308014], [535.910766602, -224.072402954, 120.032363892, 534.698608398, 112.107505798, 106.176849365, -5.74495315552, 8.7732591629, 16.4609661102, -3.63423776627, -0.201706781983, -23.5995159149, 104.988044739], [-1294.2434082, 808.984863281, 996.852294922, 112.107505798, 823.645935059, 92.083366394, 339.481994629, -10.6932182312, 229.978164673, -12.0839710236, 3.75544071198, -157.52722168, 40.1171188354], [384.982543945, -288.8230896, 30.5121078491, 106.176849365, 92.083366394, 342.437835693, 86.3113479614, 73.8612213135, -57.3023643494, 58.3999633789, -14.1714992523, 26.2708435059, -6.30180501938], [-396.29699707, 437.838226318, 406.40512085, -5.74495315552, 339.481994629, 86.3113479614, 284.932800293, 26.9937324524, 120.738990784, 20.6273860931, 60.0677757263, -68.2108535767, 2.64259362221], [600.406005859, -186.329574585, 44.6912727356, 8.7732591629, -10.6932182312, 73.8612213135, 26.9937324524, 197.769256592, 62.7860031128, 62.292930603, -9.18937778473, 61.9823074341, -5.77124786377], [301.625640869, 443.477874756, 306.843322754, 16.4609661102, 229.978164673, -57.3023643494, 120.738990784, 62.7860031128, 283.825561523, 89.5421066284, 60.3811264038, -58.5097160339, 32.4947891235], [866.954772949, -130.655883789, -84.2090759277, -3.63423776627, -12.0839710236, 58.3999633789, 20.6273860931, 62.292930603, 89.5421066284, 225.844741821, 61.7908935547, 4.90526676178, -38.5321846008], [509.989440918, 146.156768799, -104.590454102, -0.201706781983, 3.75544071198, -14.1714992523, 60.0677757263, -9.18937778473, 60.3811264038, 61.7908935547, 156.62512207, 11.7791156769, -7.16798734665], [397.473815918, -335.549682617, -216.378555298, -23.5995159149, -157.52722168, 26.2708435059, -68.2108535767, 61.9823074341, -58.5097160339, 4.90526676178, 11.7791156769, 196.277511597, 32.2771835327], [278.634674072, 85.6823425293, 13.1224308014, 104.988044739, 40.1171188354, -6.30180501938, 2.64259362221, -5.77124786377, 32.4947891235, -38.5321846008, -7.16798734665, 32.2771835327, 180.029098511]],
        "icov": [[8.50563665153e-05, -0.000241673420533, 9.20902311918e-05, -0.000205297488719, 0.000165063480381, -0.000175759065314, 0.000187654644833, -0.00032943408587, 0.000109277396405, -0.00035427158582, 5.19394643561e-06, -0.000137166629429, -3.06117653963e-05], [-0.000241673420533, 0.00464156316593, -0.000623936532065, 0.00302253896371, -0.00180161034223, 0.00177498348057, -0.00215978408232, 0.00316708604805, -0.00406170450151, 0.00424378598109, -0.00323860975914, 0.00389549834654, -0.0021413275972], [9.20902311918e-05, -0.000623936532065, 0.000954426010139, -0.000566262984648, -0.000538960041013, -2.4192922865e-05, 3.36023404088e-05, -0.000800836773124, 0.000239981207415, -0.000449605955509, 0.00101461494341, -0.0004937442136, 0.000497545581311], [-0.000205297488719, 0.00302253896371, -0.000566262984648, 0.00463927444071, -0.00176065228879, 6.74863986205e-05, 0.000214794461499, 0.00172786111943, -0.00241338973865, 0.00301184109412, -0.00311657600105, 0.00351099972613, -0.00301140360534], [0.000165063480381, -0.00180161034223, -0.000538960041013, -0.00176065228879, 0.0052503827028, -0.0017003309913, -0.00242746458389, 0.000394900504034, -0.00074529054109, -0.00128768966533, 0.00237040454522, -0.00118659075815, 0.000652858812828], [-0.000175759065314, 0.00177498348057, -2.4192922865e-05, 6.74863986205e-05, -0.0017003309913, 0.00644704373553, -0.00348701816984, -0.000589708855841, 0.00213867775165, -0.000598176789936, 0.000143796089105, 0.000867337977979, -0.000637328077573], [0.000187654644833, -0.00215978408232, 3.36023404088e-05, 0.000214794461499, -0.00242746458389, -0.00348701816984, 0.0116886664182, -0.00344254239462, 0.0012327862205, -0.000751114683226, -0.00370384007692, 0.000238305234234, 0.000173230684595], [-0.00032943408587, 0.00316708604805, -0.000800836773124, 0.00172786111943, 0.000394900504034, -0.000589708855841, -0.00344254239462, 0.0116957621649, -0.00678240833804, 0.00253258203156, 0.00126239354722, -0.00131793320179, 0.000422916607931], [0.000109277396405, -0.00406170450151, 0.000239981207415, -0.00241338973865, -0.00074529054109, 0.00213867775165, 0.0012327862205, -0.00678240833804, 0.0136070968583, -0.00718329148367, 0.000583916378673, -0.00120634096675, -0.000594644399825], [-0.00035427158582, 0.00424378598109, -0.000449605955509, 0.00301184109412, -0.00128768966533, -0.000598176789936, -0.000751114683226, 0.00253258203156, -0.00718329148367, 0.0116800228134, -0.00479843001813, 0.00366105092689, 0.00011214940605], [5.19394643561e-06, -0.00323860975914, 0.00101461494341, -0.00311657600105, 0.00237040454522, 0.000143796089105, -0.00370384007692, 0.00126239354722, 0.000583916378673, -0.00479843001813, 0.0137592554092, -0.00567741319537, 0.00328184734099], [-0.000137166629429, 0.00389549834654, -0.0004937442136, 0.00351099972613, -0.00118659075815, 0.000867337977979, 0.000238305234234, -0.00131793320179, -0.00120634096675, 0.00366105092689, -0.00567741319537, 0.0120168756694, -0.00478342548013], [-3.06117653963e-05, -0.0021413275972, 0.000497545581311, -0.00301140360534, 0.000652858812828, -0.000637328077573, 0.000173230684595, 0.000422916607931, -0.000594644399825, 0.00011214940605, 0.00328184734099, -0.00478342548013, 0.0093039162457]]
    },
    "melbands": {
        "dmean": [0.00128575204872, 0.00170650216751, 0.000794357969426, 0.00018505207845, 0.000219071676838, 0.000506489654072, 0.000307676644297, 3.28116620949e-05, 1.12688421723e-05, 1.8923305106e-05, 1.09685433927e-05, 3.49281435774e-05, 1.96299661184e-05, 7.54588654672e-06, 5.37694313607e-06, 5.36654897587e-06, 1.72655791175e-06, 3.94111430069e-06, 2.25576218327e-06, 2.67761765826e-06, 1.3138965187e-06, 2.63941410594e-06, 2.67211180471e-06, 1.40390670822e-06, 7.82967617852e-07, 1.59258161148e-06, 8.19103718186e-07, 2.82997604018e-07, 4.08341975344e-07, 2.55684398098e-07, 2.59271047298e-07, 1.4600774989e-07, 1.2830260232e-07, 1.20990094388e-07, 9.74793508135e-08, 6.88471502031e-08, 9.47301117549e-08, 7.84843834367e-08, 3.29961480361e-08, 2.73450897481e-08],
        "dmean2": [0.00182091305032, 0.00235840189271, 0.00119629921392, 0.000247871212196, 0.000283512839815, 0.000635191507172, 0.000401925062761, 4.91074606543e-05, 1.70242583408e-05, 2.76865393971e-05, 1.72859909071e-05, 4.99173038406e-05, 2.78325751424e-05, 1.16716055345e-05, 7.86366126704e-06, 7.44741646486e-06, 2.57373358181e-06, 5.76591583012e-06, 3.57089129466e-06, 3.40844530911e-06, 1.92647894437e-06, 4.01431907449e-06, 4.40951362179e-06, 2.24226687351e-06, 1.24526400214e-06, 2.66664960691e-06, 1.33259914037e-06, 4.42952114099e-07, 7.02312206613e-07, 4.20410430024e-07, 4.23542076078e-07, 2.45345859184e-07, 2.20723563871e-07, 1.93940266513e-07, 1.55456191919e-07, 1.18906882562e-07, 1.63835622402e-07, 1.31044416207e-07, 5.83597277171e-08, 4.86181335191e-08],
        "dvar": [1.7853180907e-05, 3.53667783202e-05, 7.56690769776e-06, 8.57255486153e-07, 9.59786802923e-07, 4.63665901407e-06, 2.29898296311e-06, 1.52325654312e-08, 1.59271551503e-09, 9.13235798095e-09, 3.180646857e-09, 1.03406215146e-07, 2.21120330934e-08, 2.43811215661e-09, 3.59962920582e-10, 6.89465817771e-10, 8.8623143546e-11, 5.22165033434e-10, 1.11673781333e-10, 1.25083929325e-10, 3.26719970523e-11, 2.69785610518e-10, 2.77870143561e-10, 1.02231369203e-10, 1.50936832477e-11, 1.14705120402e-10, 1.60651787012e-11, 1.36267939207e-12, 4.02071952121e-12, 9.94385129793e-13, 1.47828017188e-12, 4.56942047134e-13, 3.30398116635e-13, 2.48033527311e-13, 1.57980914592e-13, 7.08619903207e-14, 2.03766176024e-13, 1.08073231896e-13, 1.83492747364e-14, 1.0582959239e-14],
        "dvar2": [3.79755583708e-05, 6.52530652587e-05, 1.58127550094e-05, 1.57635759024e-06, 1.44563171034e-06, 7.20952357369e-06, 3.61269235327e-06, 3.56871048268e-08, 3.27834093206e-09, 2.01288550272e-08, 7.17494996749e-09, 1.68925254229e-07, 3.60222749407e-08, 6.30791818779e-09, 7.46119055428e-10, 1.26768495701e-09, 1.74886133353e-10, 1.11421571969e-09, 2.81909662281e-10, 2.00573307962e-10, 7.10558278882e-11, 5.91317494969e-10, 7.2815664609e-10, 2.65935190535e-10, 3.91632802577e-11, 3.05192815464e-10, 4.18563690652e-11, 3.42084433697e-12, 1.10640533194e-11, 2.41438704966e-12, 3.98469668719e-12, 1.20523816621e-12, 9.05818009576e-13, 6.40627091306e-13, 3.53846861751e-13, 1.93087286069e-13, 5.6903911921e-13, 2.80745153687e-13, 5.10125355315e-14, 2.8409024265e-14],
        "max": [0.110960617661, 0.132072463632, 0.0511496923864, 0.025746524334, 0.0190221462399, 0.0370165035129, 0.0349309854209, 0.00318468571641, 0.000930315931328, 0.00205876072869, 0.000907018256839, 0.00830623693764, 0.00393105205148, 0.00144548877142, 0.000285392889054, 0.000646403175779, 0.00015844067093, 0.000516701838933, 0.0001355917193, 0.000207723947824, 0.00010514564201, 0.000265241542365, 0.000237805928919, 0.00020783758373, 5.52836354473e-05, 0.000243744725594, 8.05581657914e-05, 3.20119979733e-05, 2.37218464463e-05, 1.62514952535e-05, 2.36361775023e-05, 1.11996350824e-05, 6.83220969222e-06, 5.8886921579e-06, 6.17679870629e-06, 3.67661846212e-06, 5.95392384639e-06, 4.3149029807e-06, 1.84548230209e-06, 1.0129480188e-06],
        "mean": [0.0036479763221, 0.00450128316879, 0.00167515117209, 0.000342916959198, 0.000315723533276, 0.000647691776976, 0.000457549816929, 0.000107638283225, 1.62960204761e-05, 2.45231003646e-05, 1.14444865176e-05, 3.90953682654e-05, 2.08974724956e-05, 7.8436523836e-06, 8.43557972985e-06, 7.18406681699e-06, 2.17067440644e-06, 4.21157301389e-06, 2.35917696045e-06, 3.30698890139e-06, 1.55479835939e-06, 2.56732300841e-06, 2.16202761294e-06, 1.35201139528e-06, 7.4874742495e-07, 1.38431755659e-06, 8.80064533249e-07, 3.77588150968e-07, 3.58560498626e-07, 2.99686576e-07, 2.62808811158e-07, 1.53954914595e-07, 1.20229046274e-07, 1.21786641216e-07, 9.74280069954e-08, 6.16727575675e-08, 8.1826314613e-08, 7.35801464202e-08, 2.95978281883e-08, 2.55916710046e-08],
        "median": [0.00081219553249, 0.00102141150273, 0.000288747367449, 7.69608450355e-05, 2.45517967414e-05, 1.25611568365e-05, 5.9780659285e-06, 1.30604644255e-06, 9.03405975805e-07, 5.96556162691e-07, 3.84096352946e-07, 3.74137016479e-07, 2.56152361544e-07, 1.60921075576e-07, 1.45593830325e-07, 1.62068161558e-07, 5.34316271228e-08, 1.02742362174e-07, 6.11448385257e-08, 6.56708678548e-08, 3.97029467081e-08, 3.74481388121e-08, 2.34507169239e-08, 2.0419356872e-08, 1.73026961647e-08, 1.20352146027e-08, 9.29792509652e-09, 8.76538308603e-09, 6.26350038502e-09, 2.47482123683e-09, 1.50307577496e-09, 1.05694886177e-09, 8.93608742558e-10, 5.93343152389e-10, 3.74424463656e-10, 2.28106020184e-10, 2.01458322246e-10, 1.36131508843e-10, 8.91993492957e-11, 5.82381642911e-11],
        "min": [3.42171457834e-10, 4.38915126466e-10, 4.61492344339e-10, 6.08118611023e-10, 6.33001318029e-10, 6.71834671229e-11, 6.31045146693e-11, 2.22143432121e-11, 1.76071449087e-11, 7.21362691802e-11, 1.089986712e-10, 8.50620199278e-11, 9.16611023194e-11, 5.12460282542e-11, 9.9039061674e-11, 1.01762424876e-10, 2.7789969978e-11, 1.57714345056e-11, 1.24451187203e-11, 1.80739364447e-11, 1.35789973016e-11, 1.36809287857e-11, 8.25588989534e-12, 9.68739238133e-12, 7.22431099318e-12, 9.24709267491e-12, 6.91233095068e-12, 6.14382589942e-12, 5.18883633976e-12, 3.62051989951e-12, 3.64541079614e-12, 3.46546836366e-12, 4.24620234807e-12, 2.74715189832e-12, 2.45973922654e-12, 1.05714135362e-12, 6.85806825825e-13, 4.87236390557e-13, 2.68243841852e-13, 1.65402861221e-13],
        "var": [6.7237931944e-05, 9.68047897913e-05, 1.87654077308e-05, 1.68449059856e-06, 2.04535263038e-06, 9.17649776966e-06, 4.53624443253e-06, 1.12031109722e-07, 3.22131987751e-09, 1.39834099855e-08, 3.29486704587e-09, 1.59210841844e-07, 3.44105615113e-08, 1.98290561748e-09, 7.09507674834e-10, 1.0623317781e-09, 1.20147947147e-10, 7.14239001276e-10, 9.82203068878e-11, 2.35595681852e-10, 4.03744225552e-11, 2.92115137634e-10, 2.05013339638e-10, 7.77228004178e-11, 1.19966519357e-11, 8.41147984598e-11, 1.43350539772e-11, 1.65093774155e-12, 2.85878916026e-12, 1.45182271153e-12, 1.35003726948e-12, 4.40109672881e-13, 2.67959889303e-13, 2.69516776518e-13, 2.11327388423e-13, 6.80572202869e-14, 1.64026032882e-13, 1.17851190503e-13, 1.61078104116e-14, 1.11534291527e-14]
    },
    "mfcc": {
        "mean": [-881.196960449, 168.643356323, 48.0173950195, 45.4330291748, 23.4722232819, 13.9768800735, 9.53099918365, 3.56126904488, -0.757586359978, 0.28186711669, -2.11950683594, -0.265032380819, 2.15300345421],
        "cov": [[15965.078125, 1628.68896484, -2835.27685547, -69.0503463745, -888.066894531, -294.090637207, -248.120574951, -238.75088501, -333.982055664, 65.2737197876, 108.095626831, 371.130126953, 335.968017578], [1628.68896484, 2398.69702148, 340.195678711, 251.846817017, 295.731719971, 125.569854736, 127.30960083, 38.0569877625, 175.18397522, 204.39894104, 148.170150757, 176.168212891, 132.949386597], [-2835.27685547, 340.195678711, 1523.78796387, 365.086486816, 454.511779785, 227.961425781, 128.925750732, 163.558822632, 245.632995605, 137.261474609, 59.7402076721, -15.2191038132, -41.3398551941], [-69.0503463745, 251.846817017, 365.086486816, 477.427703857, 268.98034668, 131.134124756, 46.489490509, 32.8688621521, 99.6746749878, 100.51587677, 25.5655269623, 5.56352853775, 27.0501861572], [-888.066894531, 295.731719971, 454.511779785, 268.98034668, 387.373138428, 210.862335205, 109.67150116, 64.5514602661, 161.697021484, 118.647270203, 39.1360816956, 37.6550750732, 28.1309738159], [-294.090637207, 125.569854736, 227.961425781, 131.134124756, 210.862335205, 278.27041626, 167.208755493, 42.7162742615, 103.870765686, 94.762260437, 46.0782051086, 33.4696044922, 8.14203262329], [-248.120574951, 127.30960083, 128.925750732, 46.489490509, 109.67150116, 167.208755493, 212.653518677, 76.4000091553, 53.9249801636, 70.0416107178, 45.4808921814, 29.1054325104, 12.9843463898], [-238.75088501, 38.0569877625, 163.558822632, 32.8688621521, 64.5514602661, 42.7162742615, 76.4000091553, 165.44367981, 85.2992858887, 3.0083591938, 9.62169551849, 26.5121459961, 8.14944171906], [-333.982055664, 175.18397522, 245.632995605, 99.6746749878, 161.697021484, 103.870765686, 53.9249801636, 85.2992858887, 206.625, 100.774017334, 5.65051460266, 29.103061676, 27.3363285065], [65.2737197876, 204.39894104, 137.261474609, 100.51587677, 118.647270203, 94.762260437, 70.0416107178, 3.0083591938, 100.774017334, 194.101821899, 83.6705245972, 21.5585327148, 45.7720146179], [108.095626831, 148.170150757, 59.7402076721, 25.5655269623, 39.1360816956, 46.0782051086, 45.4808921814, 9.62169551849, 5.65051460266, 83.6705245972, 170.869476318, 116.165649414, 26.3332290649], [371.130126953, 176.168212891, -15.2191038132, 5.56352853775, 37.6550750732, 33.4696044922, 29.1054325104, 26.5121459961, 29.103061676, 21.5585327148, 116.165649414, 221.355865479, 78.0648574829], [335.968017578, 132.949386597, -41.3398551941, 27.0501861572, 28.1309738159, 8.14203262329, 12.9843463898, 8.14944171906, 27.3363285065, 45.7720146179, 26.3332290649, 78.0648574829, 106.944763184]],
