{
"lowlevel": {
    "average_loudness": 0.920277893543,
    "barkbands_crest": {
        "dmean": 2.35571455956,
        "dmean2": 3.83040356636,
        "dvar": 4.61416959763,
        "dvar2": 12.2240571976,
        "max": 24.3319358826,
        "mean": 11.1229200363,
        "median": 10.1748962402,
        "min": 2.78643369675,
        "var": 19.6521396637
    },
    "barkbands_flatness_db": {
        "dmean": 0.015744028613,
        "dmean2": 0.0242372974753,
        "dvar": 0.000215177904465,
        "dvar2": 0.0004793672706,
        "max": 0.338395267725,
        "mean": 0.161460325122,
        "median": 0.154079765081,
        "min": 0.0285692531615,
        "var": 0.00177350733429
    },
    "barkbands_kurtosis": {
        "dmean": 1.47613489628,
        "dmean2": 2.36913466454,
        "dvar": 5.7154750824,
        "dvar2": 14.6224250793,
        "max": 51.6009063721,
        "mean": 2.3830704689,
        "median": 0.831461668015,
        "min": -1.72946548462,
        "var": 22.2485618591
    },
    "barkbands_skewness": {
        "dmean": 0.335273355246,
        "dmean2": 0.533310711384,
        "dvar": 0.115278199315,
        "dvar2": 0.284796327353,
        "max": 5.96421051025,
        "mean": 0.965243577957,
        "median": 0.710915744305,
        "min": -1.72846567631,
        "var": 0.942303657532
    },
    "barkbands_spread": {
        "dmean": 3.3970811367,
        "dmean2": 5.38097333908,
        "dvar": 12.1483364105,
        "dvar2": 28.0904788971,
        "max": 59.3201255798,
        "mean": 17.623380661,
        "median": 16.9657249451,
        "min": 1.73303711414,
        "var": 63.3296318054
    },
    "dissonance": {
        "dmean": 0.0228739473969,
        "dmean2": 0.0393888764083,
        "dvar": 0.000649723806418,
        "dvar2": 0.00173094728962,
        "max": 0.499719142914,
        "mean": 0.454517096281,
        "median": 0.460460156202,
        "min": 0.0154763059691,
        "var": 0.00102388323285
    },
    "dynamic_complexity": 2.73429465294,
    "erbbands_crest": {
        "dmean": 2.61116194725,
        "dmean2": 4.07621717453,
        "dvar": 5.97586679459,
        "dvar2": 14.3013887405,
        "max": 33.1807174683,
        "mean": 13.9478521347,
        "median": 12.6271190643,
        "min": 2.89537215233,
        "var": 53.2202529907
    },
    "erbbands_flatness_db": {
        "dmean": 0.0139954248443,
        "dmean2": 0.0211277026683,
        "dvar": 0.000176257788553,
        "dvar2": 0.000347123452229,
        "max": 0.328268319368,
        "mean": 0.206132724881,
        "median": 0.20534914732,
        "min": 0.0989788547158,
        "var": 0.00131976115517
    },
    "erbbands_kurtosis": {
        "dmean": 1.00439023972,
        "dmean2": 1.52562654018,
        "dvar": 2.51835417747,
        "dvar2": 5.44152164459,
        "max": 29.5018615723,
        "mean": 1.52340841293,
        "median": 0.295365333557,
        "min": -1.80513238907,
        "var": 14.4594402313
    },
    "erbbands_skewness": {
        "dmean": 0.330325454473,
        "dmean2": 0.517243683338,
        "dvar": 0.0913389995694,
        "dvar2": 0.208983287215,
        "max": 4.679438591,
        "mean": 0.551715731621,
        "median": 0.414530336857,
        "min": -1.79905116558,
        "var": 0.703136324883
    },
    "erbbands_spread": {
        "dmean": 4.6354341507,
        "dmean2": 7.10640668869,
        "dvar": 23.6622505188,
        "dvar2": 49.9526634216,
        "max": 95.0316390991,
        "mean": 27.8868942261,
        "median": 24.2198104858,
        "min": 3.59413647652,
        "var": 246.076873779
    },
    "hfc": {
        "dmean": 4.0523443222,
        "dmean2": 6.05593633652,
        "dvar": 20.9167003632,
        "dvar2": 46.9055099487,
        "max": 78.2793807983,
        "mean": 26.4282741547,
        "median": 28.0470485687,
        "min": 1.12086612596e-16,
        "var": 296.874938965
    },
    "melbands_crest": {
        "dmean": 3.02045536041,
        "dmean2": 4.93641233444,
        "dvar": 7.13903522491,
        "dvar2": 18.4198246002,
        "max": 33.6196327209,
        "mean": 14.6451187134,
        "median": 13.8070812225,
        "min": 1.92405080795,
        "var": 28.4667034149
    },
    "melbands_flatness_db": {
        "dmean": 0.0168980490416,
        "dmean2": 0.0258333291858,
        "dvar": 0.000281392422039,
        "dvar2": 0.000588942086324,
        "max": 0.417105287313,
        "mean": 0.20624768734,
        "median": 0.195380732417,
        "min": 0.0062550730072,
        "var": 0.00285702757537
    },
    "melbands_kurtosis": {
        "dmean": 2.88257646561,
        "dmean2": 4.69196224213,
        "dvar": 31.070810318,
        "dvar2": 83.4565200806,
        "max": 140.990753174,
        "mean": 6.35854816437,
        "median": 2.1244301796,
        "min": -1.27145469189,
        "var": 133.948623657
    },
    "melbands_skewness": {
        "dmean": 0.443793088198,
        "dmean2": 0.700756490231,
        "dvar": 0.218401521444,
        "dvar2": 0.539101719856,
        "max": 10.7746648788,
        "mean": 1.55424726009,
        "median": 1.12995386124,
        "min": -1.03897213936,
        "var": 2.28898572922
    },
    "melbands_spread": {
        "dmean": 4.59795236588,
        "dmean2": 7.23011302948,
        "dvar": 24.9830856323,
        "dvar2": 53.5682525635,
        "max": 114.389961243,
        "mean": 24.2579231262,
        "median": 23.5342178345,
        "min": 1.96080815792,
        "var": 145.49786377
    },
    "pitch_salience": {
        "dmean": 0.0563270263374,
        "dmean2": 0.0921397060156,
        "dvar": 0.0024995165877,
        "dvar2": 0.00667331600562,
        "max": 0.901577413082,
        "mean": 0.49214759469,
        "median": 0.485565751791,
        "min": 0.141652479768,
        "var": 0.0134790046141
    },
    "silence_rate_20dB": {
        "dmean": 0,
        "dmean2": 0,
        "dvar": 0,
        "dvar2": 0,
        "max": 1,
        "mean": 1,
        "median": 1,
        "min": 1,
        "var": 0
    },
    "silence_rate_30dB": {
        "dmean": 0,
        "dmean2": 0,
        "dvar": 0,
        "dvar2": 0,
        "max": 1,
        "mean": 1,
        "median": 1,
        "min": 1,
        "var": 0
    },
    "silence_rate_60dB": {
        "dmean": 0.00515463901684,
        "dmean2": 0.00979886576533,
        "dvar": 0.00512818759307,
        "dvar2": 0.00970261264592,
        "max": 1,
        "mean": 0.0133951567113,
        "median": 0,
        "min": 0,
        "var": 0.0132155874744
    },
    "spectral_centroid": {
        "dmean": 166.580230713,
        "dmean2": 259.776641846,
        "dvar": 58199.0195312,
        "dvar2": 80947.390625,
        "max": 10853.6113281,
        "mean": 1347.28283691,
        "median": 1331.4942627,
        "min": 250.135009766,
        "var": 275512.4375
    },
    "spectral_complexity": {
        "dmean": 2.73144340515,
        "dmean2": 4.31459522247,
        "dvar": 6.83775806427,
        "dvar2": 13.8412361145,
        "max": 49,
        "mean": 20.2637825012,
        "median": 21,
        "min": 0,
        "var": 50.7330055237
    },
    "spectral_decrease": {
        "dmean": 1.28356492102e-09,
        "dmean2": 2.03600714066e-09,
        "dvar": 1.53784838973e-18,
        "dvar2": 3.62825487622e-18,
        "max": -6.62176363115e-29,
        "mean": -7.2618893121e-09,
        "median": -7.50085327184e-09,
        "min": -1.85671407138e-08,
        "var": 1.38782096699e-17
    },
    "spectral_energy": {
        "dmean": 0.00512739270926,
        "dmean2": 0.00808912795037,
        "dvar": 2.45257670031e-05,
        "dvar2": 5.75572848902e-05,
        "max": 0.0764685124159,
        "mean": 0.029805155471,
        "median": 0.0309437066317,
        "min": 1.04165012769e-20,
        "var": 0.000238416716456
    },
    "spectral_energyband_high": {
        "dmean": 0.000161492367624,
        "dmean2": 0.000241407818976,
        "dvar": 5.08933943877e-08,
        "dvar2": 1.08838605684e-07,
        "max": 0.00396868865937,
        "mean": 0.000599257356953,
        "median": 0.000473069929285,
        "min": 7.68215317237e-21,
        "var": 3.05045517734e-07
    },
    "spectral_energyband_low": {
        "dmean": 0.00235129566863,
        "dmean2": 0.00391438417137,
        "dvar": 8.38447249407e-06,
        "dvar2": 2.19974990614e-05,
        "max": 0.0372859686613,
        "mean": 0.00470831152052,
        "median": 0.00327537953854,
        "min": 3.21320370082e-23,
        "var": 2.24635459745e-05
    },
    "spectral_energyband_middle_high": {
        "dmean": 0.00337673746981,
        "dmean2": 0.00511795375496,
        "dvar": 2.10356665775e-05,
        "dvar2": 4.7971130698e-05,
        "max": 0.0685155466199,
        "mean": 0.0157940667123,
        "median": 0.0125686367974,
        "min": 1.64085077672e-21,
        "var": 0.000205479809665
    },
    "spectral_energyband_middle_low": {
        "dmean": 0.00309311063029,
        "dmean2": 0.00502331508324,
        "dvar": 1.28381043396e-05,
        "dvar2": 3.28645073751e-05,
        "max": 0.0424831695855,
        "mean": 0.0102261546999,
        "median": 0.00872430019081,
        "min": 2.66799725365e-22,
        "var": 4.39476643805e-05
    },
    "spectral_entropy": {
        "dmean": 0.107612110674,
        "dmean2": 0.161322668195,
        "dvar": 0.0125717949122,
        "dvar2": 0.0208846945316,
        "max": 9.8034029007,
        "mean": 7.3058924675,
        "median": 7.31245326996,
        "min": 5.9373588562,
        "var": 0.111610509455
    },
    "spectral_flux": {
        "dmean": 0.0182753112167,
        "dmean2": 0.0291848685592,
        "dvar": 0.000325956207234,
        "dvar2": 0.000793255399913,
        "max": 0.245874762535,
        "mean": 0.0749689638615,
        "median": 0.0715144574642,
        "min": 1.02061262219e-10,
        "var": 0.00116493355017
    },
    "spectral_kurtosis": {
        "dmean": 2.03882718086,
        "dmean2": 3.55653500557,
        "dvar": 5.86819696426,
        "dvar2": 16.9261837006,
        "max": 47.3040962219,
        "mean": 5.00463294983,
        "median": 4.23171901703,
        "min": -1.19441819191,
        "var": 12.2580795288
    },
    "spectral_rms": {
        "dmean": 0.000481503608171,
        "dmean2": 0.000755795510486,
        "dvar": 2.03116542252e-07,
        "dvar2": 4.45288407036e-07,
        "max": 0.00863732770085,
        "mean": 0.00517234997824,
        "median": 0.00549445021898,
        "min": 3.1878583974e-12,
        "var": 2.32498155128e-06
    },
    "spectral_rolloff": {
        "dmean": 240.238647461,
        "dmean2": 408.088287354,
        "dvar": 248388.015625,
        "dvar2": 390155.28125,
        "max": 18303.2226562,
        "mean": 1304.34631348,
        "median": 1055.12695312,
        "min": 107.666015625,
        "var": 603754.8125
    },
    "spectral_skewness": {
        "dmean": 0.228040039539,
        "dmean2": 0.381295233965,
        "dvar": 0.0469700321555,
        "dvar2": 0.130115285516,
        "max": 4.96355819702,
        "mean": 1.43229866028,
        "median": 1.38638961315,
        "min": 0.0314015895128,
        "var": 0.20640027523
    },
    "spectral_spread": {
        "dmean": 272696.375,
        "dmean2": 400360.78125,
        "dvar": 628110721024,
        "dvar2": 684165758976,
        "max": 40749644,
        "mean": 3469437,
        "median": 3428003.5,
        "min": 1283695,
        "var": 1.72206469939e+12
    },
    "spectral_strongpeak": {
        "dmean": 0.8687672019,
        "dmean2": 1.44619846344,
        "dvar": 1.40831136703,
        "dvar2": 3.46557188034,
        "max": 10.9564294815,
        "mean": 2.75321340561,
        "median": 2.07482075691,
        "min": 0,
        "var": 6.39046573639
    },
    "zerocrossingrate": {
        "dmean": 0.00506730237976,
        "dmean2": 0.00619656359777,
        "dvar": 0.000135998125188,
        "dvar2": 0.000151223051944,
        "max": 0.48828125,
        "mean": 0.0516521558166,
        "median": 0.05029296875,
        "min": 0.00634765625,
        "var": 0.000393988157157
    },
    "barkbands": {
        "dmean": [4.04517595598e-06, 0.000700792879798, 0.00158233591355, 0.000890745548531, 0.00190146279056, 0.000648623972666, 0.000265113048954, 0.000516142172273, 0.000665107509121, 0.002895681886, 0.00104512786493, 0.000164135039086, 0.000112719280878, 0.000271499011433, 0.000802534341346, 0.000193823318114, 0.000185648328625, 9.83729914878e-05, 0.000135411770316, 0.000123756064568, 0.000101878045825, 2.81963639281e-05, 1.30710413941e-05, 1.06378292912e-05, 6.54763289276e-06, 3.03475167129e-06, 2.6313688295e-07],
        "dmean2": [7.22378945284e-06, 0.00112975505181, 0.00270202569664, 0.0015262090601, 0.00322758243419, 0.00108896242455, 0.000438887102064, 0.000808526878245, 0.00100020610262, 0.00425761612132, 0.00151478941552, 0.000252074038144, 0.000176984976861, 0.000418578099925, 0.00121435162146, 0.000301959575154, 0.000279178057099, 0.000158395429025, 0.000213316918234, 0.000195063577848, 0.000158635695698, 4.47936727141e-05, 2.02351875487e-05, 1.66324662132e-05, 1.02526964838e-05, 4.9007103371e-06, 4.63196982992e-07],
        "dvar": [5.89112647553e-11, 1.11147869575e-06, 4.27348413723e-06, 2.20584956878e-06, 6.47925708108e-06, 8.50185813306e-07, 1.94830974465e-07, 8.41538508212e-07, 3.09546862809e-06, 2.03394647542e-05, 7.97441953182e-06, 1.71863732135e-07, 5.83037405022e-08, 5.1560277825e-07, 2.12153372559e-06, 1.54886848236e-07, 2.04903571444e-07, 1.56909472082e-08, 3.62612126992e-08, 2.99660349867e-08, 1.98122336315e-08, 2.7129092306e-09, 8.01799293626e-10, 5.63836477507e-10, 1.97260707768e-10, 7.11631864547e-11, 3.45914898288e-12],
        "dvar2": [1.63589877755e-10, 2.99219686895e-06, 1.20210406749e-05, 6.30083513897e-06, 1.80631905096e-05, 2.25989811042e-06, 5.22951438597e-07, 1.92910965779e-06, 6.49336971037e-06, 4.10519642173e-05, 1.55720790644e-05, 2.8103389127e-07, 1.32498513494e-07, 1.23226266169e-06, 4.84902875542e-06, 3.35620285341e-07, 3.95626472027e-07, 3.62193404158e-08, 8.82045370076e-08, 7.05663651956e-08, 4.33781472964e-08, 6.56297061141e-09, 1.65559810306e-09, 1.21494381222e-09, 4.69648875345e-10, 1.80551851248e-10, 9.63134693527e-12],
        "max": [0.000117274234071, 0.014420141466, 0.0241188667715, 0.0185022428632, 0.0304561387748, 0.0127394776791, 0.00741630140692, 0.0129340272397, 0.0296295024455, 0.0619617477059, 0.0540153644979, 0.0142382252961, 0.00612747762352, 0.0136621408165, 0.0265877991915, 0.00856520887464, 0.0136614739895, 0.00170378689654, 0.00312646944076, 0.00322160334326, 0.00232485379092, 0.00100051891059, 0.00055032846285, 0.000364613864804, 0.000233569895499, 0.000212100552744, 6.12483418081e-05],
        "mean": [3.66647100236e-06, 0.00134239054751, 0.0026246109046, 0.00128512911033, 0.00398642709479, 0.0012375456281, 0.000484293559566, 0.000894877885003, 0.00124192389194, 0.00919339060783, 0.00214799144305, 0.000322456704453, 0.00022698531393, 0.000524723553099, 0.00212673493661, 0.000402049947297, 0.000394708535168, 0.000232208578382, 0.000369591609342, 0.000344226224115, 0.000291637406917, 6.14401506027e-05, 2.69280699285e-05, 2.08364217542e-05, 1.25231508719e-05, 5.6358189795e-06, 2.59435893213e-07],
        "median": [1.47993841892e-06, 0.000668327033054, 0.00153130921535, 0.000568445655517, 0.00301979039796, 0.000783032970503, 0.000314232573146, 0.000405236467486, 0.000338190264301, 0.0029293904081, 0.000456771056633, 0.000164440571098, 0.000114940470667, 0.000255735445535, 0.000552216835786, 0.000206932294532, 0.000214515675907, 0.000171955456608, 0.000264283677097, 0.000216506043216, 0.000206773824175, 4.40851363237e-05, 1.78054451681e-05, 1.23286208691e-05, 7.5397456385e-06, 2.40208032665e-06, 5.06185102722e-08],
        "min": [8.68115551558e-24, 1.78583215248e-23, 6.94459261757e-24, 5.02552596027e-24, 4.43114971822e-23, 1.19190603446e-23, 5.15510882796e-23, 3.18575828329e-23, 6.74809793681e-23, 8.81003708592e-23, 3.18151768261e-23, 7.87342379533e-23, 1.79802390311e-22, 1.33247139211e-22, 1.04486425499e-22, 1.70057951269e-22, 1.46195640949e-22, 2.21045641401e-22, 3.33927194074e-22, 4.4760598851e-22, 5.02214398735e-22, 5.08445314414e-22, 5.55617278036e-22, 8.26847751116e-22, 1.25270162592e-21, 1.64818059458e-21, 2.51046831945e-21],
        "var": [4.90698419398e-11, 3.51149628841e-06, 8.86189263838e-06, 3.21597985931e-06, 1.29850677695e-05, 1.81854522907e-06, 3.07809870037e-07, 1.97635085897e-06, 9.00483337318e-06, 0.000141868120409, 2.9958302548e-05, 5.17251521615e-07, 1.5744356574e-07, 8.50618619097e-07, 1.248562603e-05, 4.83118185457e-07, 7.99776273652e-07, 4.88358118389e-08, 1.41360132488e-07, 1.38228486435e-07, 9.87050512435e-08, 5.0962580822e-09, 1.56961976749e-09, 1.03487030056e-09, 3.45940193158e-10, 1.56714488608e-10, 2.52990445433e-12]
    },
    "erbbands": {
        "dmean": [0.00446514924988, 0.218554332852, 1.56913328171, 2.36756229401, 4.0158662796, 7.7560005188, 7.64413118362, 4.00629711151, 3.87739086151, 4.19213199615, 14.1388568878, 14.0862007141, 42.3942222595, 101.66633606, 21.562210083, 5.18502521515, 4.89521217346, 8.35208511353, 33.2452201843, 25.9889202118, 9.32405185699, 7.3607583046, 4.27538108826, 6.08772611618, 6.96029567719, 5.40416097641, 5.13146257401, 3.03624486923, 0.943450927734, 0.528047263622, 0.361626476049, 0.250091582537, 0.162806168199, 0.0838731825352, 0.0470928922296, 0.0205610357225, 0.00400977674872, 0.000936904340051, 2.74540670944e-05, 6.38032815914e-06],
        "dmean2": [0.00735805928707, 0.349849969149, 2.60877656937, 4.0585808754, 7.00660610199, 13.0159931183, 12.7878704071, 6.69095516205, 6.43041324615, 7.08197546005, 21.8012771606, 21.262720108, 65.2984542847, 148.928268433, 29.7277965546, 7.9253077507, 7.53205013275, 13.2386951447, 49.1779937744, 40.9460830688, 14.1637439728, 11.1055641174, 6.88115882874, 9.55009651184, 11.1481819153, 8.66434669495, 7.94287872314, 4.84489917755, 1.48297441006, 0.809679687023, 0.567452192307, 0.393123298883, 0.252036690712, 0.136074721813, 0.073630258441, 0.0331329256296, 0.00637769512832, 0.00162052048836, 4.57131682197e-05, 9.94274523691e-06],
        "dvar": [4.33649256593e-05, 0.104762293398, 4.61025285721, 10.5615520477, 49.6065483093, 140.112213135, 124.092147827, 44.6823158264, 41.0831489563, 49.359828949, 735.076293945, 1384.74291992, 5168.75390625, 34114.8789062, 1654.41601562, 77.5807495117, 124.696060181, 181.74671936, 4187.35449219, 3327.21606445, 269.753417969, 260.346557617, 28.5861186981, 92.0330886841, 89.642326355, 54.7911682129, 51.7850914001, 22.2964172363, 2.97655820847, 1.30348348618, 0.606013417244, 0.304425597191, 0.12418038398, 0.0416982471943, 0.00781155750155, 0.0018968123477, 0.00021436586394, 2.51040328294e-05, 2.94548403446e-08, 4.78187593689e-11],
        "dvar2": [0.0001211515264, 0.271993845701, 11.9539575577, 29.9018993378, 163.146835327, 355.405029297, 346.570098877, 119.678833008, 106.073554993, 137.466720581, 1673.54101562, 2794.85913086, 12050.7480469, 75161.125, 2700.19067383, 150.970932007, 268.221099854, 441.514831543, 8134.09716797, 8753.7109375, 524.500732422, 455.476226807, 69.536819458, 202.923721313, 216.93927002, 134.978927612, 119.706642151, 54.0495147705, 6.78017807007, 2.86937952042, 1.23108124733, 0.639633834362, 0.267430663109, 0.105991765857, 0.0178856216371, 0.00441884482279, 0.000534643710125, 7.13872141205e-05, 8.20769869847e-08, 1.13124232204e-10],
        "max": [0.0988837257028, 4.40765810013, 29.0826339722, 37.1715965271, 87.473991394, 157.639389038, 159.991165161, 99.8244171143, 109.743019104, 149.097351074, 370.485992432, 648.836242676, 1197.93969727, 2732.19311523, 816.780334473, 225.530166626, 318.400390625, 201.066513062, 1507.64355469, 1184.43164062, 459.907409668, 553.39642334, 78.9386367798, 172.839782715, 208.619567871, 126.761581421, 119.71661377, 96.8096694946, 33.1393508911, 23.5414104462, 14.8868207932, 8.47276592255, 5.27505254745, 3.61927461624, 1.14445602894, 0.723904788494, 0.40825560689, 0.157997712493, 0.00565257482231, 0.000149829342263],
        "mean": [0.00885909702629, 0.43307492137, 2.84254980087, 3.89657855034, 7.59140729904, 15.3530654907, 14.5587158203, 7.8912191391, 7.31444168091, 8.10263347626, 25.3179092407, 28.8177967072, 130.204421997, 328.044708252, 55.8723983765, 12.7450523376, 11.0558795929, 21.8729820251, 87.0525665283, 71.2151260376, 23.387090683, 19.0567722321, 11.8442230225, 14.8543949127, 21.1087474823, 16.4838848114, 14.3583602905, 8.4554643631, 2.41630601883, 1.13144826889, 0.735473155975, 0.482928872108, 0.315897226334, 0.130003094673, 0.09830288589, 0.038612768054, 0.00647556828335, 0.00121523695998, 4.95998065162e-05, 3.7108649849e-05],
        "median": [0.00458448473364, 0.226447701454, 1.64353466034, 2.42797851562, 5.1921710968, 8.83517456055, 9.60965919495, 4.73540639877, 4.31533241272, 5.54241037369, 10.0734739304, 12.5025453568, 54.3078269958, 83.318862915, 24.7583732605, 8.80799770355, 6.47349357605, 14.5237255096, 30.5941677094, 22.9203186035, 16.0608348846, 11.3177661896, 9.2683839798, 11.3996353149, 14.2500677109, 10.6035890579, 9.87388038635, 6.16654872894, 1.83565378189, 0.729487478733, 0.487688064575, 0.283292025328, 0.192189380527, 0.0669410675764, 0.0591014921665, 0.0189128406346, 0.00216302694753, 0.000393154914491, 3.05122066493e-05, 3.82636026188e-05],
        "min": [4.31953120127e-22, 4.87167779425e-21, 7.04506981213e-21, 1.10574095397e-20, 6.64687314319e-20, 1.87161232893e-19, 1.38555040274e-19, 8.71658178713e-20, 4.87633517653e-19, 7.84026238105e-19, 1.00178489478e-18, 1.60623699444e-18, 3.34942842175e-18, 1.10312992606e-18, 2.30366098963e-18, 3.28012164656e-18, 6.74047726319e-18, 8.16951697098e-18, 4.19970308982e-18, 8.40526758146e-18, 1.02666158656e-17, 8.58309569673e-18, 1.26296119681e-17, 1.59767966625e-17, 1.39613280866e-17, 2.26167342581e-17, 2.33176755287e-17, 1.66685099061e-17, 1.72881178158e-17, 2.09656188897e-17, 1.47318650252e-17, 1.25688530706e-17, 1.63654904867e-17, 1.40195268601e-17, 8.96939069715e-18, 6.00061466328e-18, 2.88442077539e-18, 1.27645497347e-18, 3.53778323749e-19, 3.39105858667e-20],
        "var": [0.000121528020827, 0.34175491333, 11.6411886215, 18.3537063599, 66.0463638306, 333.471466064, 232.10546875, 106.950035095, 77.2942657471, 85.3565216064, 1907.00305176, 3257.84399414, 34152.1757812, 254498.296875, 8179.39941406, 252.991195679, 350.487365723, 574.999206543, 19316.6777344, 19368.3476562, 812.261901855, 1748.30859375, 108.358139038, 208.64414978, 526.014099121, 298.240631104, 248.681091309, 80.873916626, 6.59341144562, 2.48751735687, 1.19589722157, 0.571119785309, 0.233450829983, 0.0539412684739, 0.0174585264176, 0.00426309462637, 0.00042853190098, 2.56835282926e-05, 2.53456970967e-08, 4.01097988156e-10]
    },
    "gfcc": {
        "mean": [-4.5644774437, 114.986816406, -146.398529053, 32.4179840088, -57.7109489441, 3.21391439438, -28.5559177399, 1.84734916687, -32.3092422485, -9.73449611664, -28.2097110748, -11.3767385483, 2.24580764771],
        "cov": [[4030.33935547, -1196.24243164, -295.20892334, -220.174606323, -260.755279541, 391.369110107, -8.97401714325, 260.336303711, -339.782806396, 194.265228271, -464.296813965, 12.7867841721, 144.302093506], [-1196.24243164, 1021.63818359, 101.296730042, 99.7582550049, 207.095031738, -217.323516846, 30.5310764313, -134.519500732, 221.608901978, -138.904983521, 267.156036377, -35.3629417419, -72.3902206421], [-295.20892334, 101.296730042, 324.536346436, 53.8965072632, 24.1225376129, 38.6714096069, -4.2920999527, 11.0329942703, 21.7926578522, 2.70116424561, 34.1347961426, 26.0910987854, -46.7116889954], [-220.174606323, 99.7582550049, 53.8965072632, 346.72769165, 24.740020752, -22.4569816589, 6.06147575378, -31.9959545135, 99.8145446777, -3.31568360329, 75.5160598755, -11.0457849503, -52.9643287659], [-260.755279541, 207.095031738, 24.1225376129, 24.740020752, 183.016082764, -11.3985538483, 55.0100021362, -1.99865651131, 47.2382125854, -32.1239128113, 34.0468902588, 3.38210582733, -17.432970047], [391.369110107, -217.323516846, 38.6714096069, -22.4569816589, -11.3985538483, 190.128341675, 47.6829452515, 58.3265991211, -57.5548286438, 26.5810909271, -51.8916130066, 13.6956529617, 20.4220790863], [-8.97401714325, 30.5310764313, -4.2920999527, 6.06147575378, 55.0100021362, 47.6829452515, 165.553848267, 47.8441123962, 7.24966907501, -23.5007209778, -2.25516414642, 19.5858974457, 17.40599823], [260.336303711, -134.519500732, 11.0329942703, -31.9959545135, -1.99865651131, 58.3265991211, 47.8441123962, 110.264152527, -5.5972161293, 19.426076889, -40.0999450684, 14.0541248322, 14.8492155075], [-339.782806396, 221.608901978, 21.7926578522, 99.8145446777, 47.2382125854, -57.5548286438, 7.24966907501, -5.5972161293, 141.263031006, -13.7282571793, 70.1916275024, -13.9147186279, -30.6080265045], [194.265228271, -138.904983521, 2.70116424561, -3.31568360329, -32.1239128113, 26.5810909271, -23.5007209778, 19.426076889, -13.7282571793, 99.7960510254, -22.5111179352, -3.5208978653, -1.60929214954], [-464.296813965, 267.156036377, 34.1347961426, 75.5160598755, 34.0468902588, -51.8916130066, -2.25516414642, -40.0999450684, 70.1916275024, -22.5111179352, 158.592971802, 26.5163478851, -45.447429657], [12.7867841721, -35.3629417419, 26.0910987854, -11.0457849503, 3.38210582733, 13.6956529617, 19.5858974457, 14.0541248322, -13.9147186279, -3.5208978653, 26.5163478851, 83.3365402222, 4.45897388458], [144.302093506, -72.3902206421, -46.7116889954, -52.9643287659, -17.432970047, 20.4220790863, 17.40599823, 14.8492155075, -30.6080265045, -1.60929214954, -45.447429657, 4.45897388458, 95.7868804932]],
        "icov": [[0.000682587968186, -0.000770183396526, 0.000949132139795, -0.000519103952684, 0.000731543404981, -0.00116304063704, 0.000654587231111, -0.00136749166995, 0.001082618488, -0.0008692399133, 0.00218349671923, -0.00113460095599, 0.000459744449472], [-0.000770183396526, 0.00713458657265, -0.00324042513967, 0.00269159115851, -0.00426522595808, 0.00431613903493, -0.00261791865341, 0.00521763553843, -0.00542768649757, 0.00466730585322, -0.00985844898969, 0.00626118993387, -0.00219428562559], [0.000949132139795, -0.00324042513967, 0.00575569970533, -0.00174920458812, 0.00182998145465, -0.00382154085673, 0.00223607919179, -0.00348201650195, 0.00252531073056, -0.00229666684754, 0.00545250205323, -0.00449952390045, 0.00280696316622], [-0.000519103952684, 0.00269159115851, -0.00174920458812, 0.00515794241801, -0.00124528387096, 0.00112585234456, -0.00173137802631, 0.00376326800324, -0.00501427333802, 0.00152362277731, -0.00452975602821, 0.00274721439928, 0.000225962910918], [0.000731543404981, -0.00426522595808, 0.00182998145465, -0.00124528387096, 0.00974627304822, -0.00294717727229, -0.000720908166841, -0.00258369813673, 0.00135148980189, -0.00168658525217, 0.00631471257657, -0.00394919095561, 0.00239551602863], [-0.00116304063704, 0.00431613903493, -0.00382154085673, 0.00112585234456, -0.00294717727229, 0.011675298214, -0.00382751319557, 0.0010931447614, -0.000309630762786, 0.00180917722173, -0.00670847669244, 0.00454813847318, -0.00218982482329], [0.000654587231111, -0.00261791865341, 0.00223607919179, -0.00173137802631, -0.000720908166841, -0.00382751319557, 0.0102184284478, -0.00592509703711, 0.0021701734513, 0.000331230490701, 0.00380712305196, -0.0036981459707, -0.000407459505368], [-0.00136749166995, 0.00521763553843, -0.00348201650195, 0.00376326800324, -0.00258369813673, 0.0010931447614, -0.00592509703711, 0.0195048190653, -0.00878728926182, 0.00160936149769, -0.00472792237997, 0.00222079432569, -0.0013916840544], [0.001082618488, -0.00542768649757, 0.00252531073056, -0.00501427333802, 0.00135148980189, -0.000309630762786, 0.0021701734513, -0.00878728926182, 0.0183916538954, -0.00384757225402, 0.00354559114203, -0.00125988572836, 0.0015590719413], [-0.0008692399133, 0.00466730585322, -0.00229666684754, 0.00152362277731, -0.00168658525217, 0.00180917722173, 0.000331230490701, 0.00160936149769, -0.00384757225402, 0.0152508905157, -0.00634090323001, 0.00451020104811, -0.000634822819848], [0.00218349671923, -0.00985844898969, 0.00545250205323, -0.00452975602821, 0.00631471257657, -0.00670847669244, 0.00380712305196, -0.00472792237997, 0.00354559114203, -0.00634090323001, 0.027576841414, -0.0148933622986, 0.00683904625475], [-0.00113460095599, 0.00626118993387, -0.00449952390045, 0.00274721439928, -0.00394919095561, 0.00454813847318, -0.0036981459707, 0.00222079432569, -0.00125988572836, 0.00451020104811, -0.0148933622986, 0.0214430838823, -0.00398615188897], [0.000459744449472, -0.00219428562559, 0.00280696316622, 0.000225962910918, 0.00239551602863, -0.00218982482329, -0.000407459505368, -0.0013916840544, 0.0015590719413, -0.000634822819848, 0.00683904625475, -0.00398615188897, 0.0146933291107]]
    },
    "melbands": {
        "dmean": [0.000110566114017, 0.000623251195066, 0.000421105680289, 0.000439115363406, 0.000266672897851, 9.57444353844e-05, 5.71426462557e-05, 5.14690364071e-05, 0.000121314267744, 9.10505987122e-05, 0.000224982548389, 0.000434284622315, 0.000101326433651, 2.13116654777e-05, 1.11407607619e-05, 1.16725996122e-05, 1.79491034942e-05, 5.01224458276e-05, 6.38779310975e-05, 1.87023615581e-05, 1.29223371914e-05, 1.06455072455e-05, 4.35106267105e-06, 5.00368832945e-06, 5.58685815122e-06, 5.89550518271e-06, 5.08997163706e-06, 4.05143555327e-06, 4.22157654612e-06, 2.22989524445e-06, 1.84105181233e-06, 6.51262098472e-07, 3.90036063891e-07, 2.91369985916e-07, 2.38864060975e-07, 1.73463163833e-07, 1.5328363645e-07, 1.33224332899e-07, 9.08473509753e-08, 7.02884364046e-08],
        "dmean2": [0.000180454168003, 0.0010288459016, 0.000725854304619, 0.000746910751332, 0.000443790631834, 0.000160714538652, 9.48102242546e-05, 8.55823527672e-05, 0.000187707453733, 0.000136781163746, 0.000346300832462, 0.000635152275208, 0.000140655974974, 3.12100164592e-05, 1.73336829903e-05, 1.8571912733e-05, 2.83329136437e-05, 7.35765934223e-05, 9.71032714006e-05, 2.92013392027e-05, 1.95917400561e-05, 1.60821746249e-05, 7.03748810338e-06, 7.99750523583e-06, 8.80652351043e-06, 9.25945732888e-06, 8.08406457509e-06, 6.65261040922e-06, 6.4852970354e-06, 3.60138369615e-06, 2.9233733585e-06, 1.04954028757e-06, 6.1906615656e-07, 4.57716851088e-07, 3.82058203741e-07, 2.70281645953e-07, 2.46328170306e-07, 2.0944933965e-07, 1.47593283373e-07, 1.15800375511e-07],
        "dvar": [2.75497580304e-08, 7.27755093521e-07, 3.50471793809e-07, 4.3192198973e-07, 1.32341213543e-07, 2.18067643942e-08, 8.51671622115e-09, 7.00258606656e-09, 6.26381577717e-08, 6.49158025112e-08, 1.4680249194e-07, 5.90726472183e-07, 5.13788407375e-08, 2.55078513867e-09, 3.46556755515e-10, 7.64223129224e-10, 1.06417019641e-09, 1.24636194698e-08, 1.76131038643e-08, 1.27301857944e-09, 7.34153571269e-10, 6.55894227819e-10, 5.14643362648e-11, 4.32601073019e-11, 8.09395397927e-11, 6.31352470304e-11, 5.85263990049e-11, 3.44694967014e-11, 3.91647408948e-11, 9.16375395704e-12, 9.62015710149e-12, 1.34841757985e-12, 6.73520213126e-13, 4.19936085688e-13, 2.70786594102e-13, 1.2859540364e-13, 1.24747705655e-13, 8.3738022755e-14, 4.4070849807e-14, 3.09321287388e-14],
        "dvar2": [7.59110392323e-08, 1.85099690952e-06, 1.0387312841e-06, 1.2215514289e-06, 3.65419083437e-07, 5.79379566545e-08, 2.22394049842e-08, 1.84712227735e-08, 1.4199645193e-07, 1.30270706222e-07, 3.38476894512e-07, 1.28328895244e-06, 8.84349162789e-08, 3.6709388862e-09, 7.27319260374e-10, 1.77298253856e-09, 2.47855092006e-09, 2.52060736727e-08, 4.27874908837e-08, 2.98042657221e-09, 1.36325972733e-09, 1.13862819173e-09, 1.19942972221e-10, 9.79155576064e-11, 1.82128423454e-10, 1.58925872462e-10, 1.29762159351e-10, 8.66300572944e-11, 8.9282914395e-11, 2.34067504962e-11, 2.35751921457e-11, 3.23046971118e-12, 1.61399485357e-12, 9.62563037089e-13, 5.93066665656e-13, 2.62322580108e-13, 2.76024374798e-13, 1.90128091764e-13, 1.0821987024e-13, 8.16632934777e-14],
        "max": [0.0021939505823, 0.011985225603, 0.00618895562366, 0.00844435859472, 0.00461680814624, 0.00196627038531, 0.00141809263732, 0.00139630911872, 0.0038474437315, 0.00492160348222, 0.00603709183633, 0.0111108087003, 0.00405881926417, 0.00170058000367, 0.000409126310842, 0.000731985084713, 0.000506098032929, 0.00238039414398, 0.00292342761531, 0.000739516690373, 0.000742073811125, 0.000846261857077, 0.000144869234646, 0.000126404003822, 0.000162172465934, 0.000128760104417, 0.000178250047611, 8.91691670404e-05, 0.000116151255497, 4.2017101805e-05, 6.7803892307e-05, 2.2769700081e-05, 1.83305819519e-05, 1.24347670862e-05, 1.05668987089e-05, 6.33460058452e-06, 5.20735011378e-06, 4.6490722525e-06, 3.89155911762e-06, 3.16583100357e-06],
        "mean": [0.000213096325751, 0.00118992954958, 0.000747531070374, 0.000863470602781, 0.000547215167899, 0.000189520025742, 0.000107809311885, 9.40031022765e-05, 0.000214684871025, 0.000177699766937, 0.000665900472086, 0.00140526134055, 0.00022890996479, 4.58789436379e-05, 2.30137011386e-05, 2.39410910581e-05, 4.04322126997e-05, 0.000117214236525, 0.000163676886586, 4.15284121118e-05, 2.62802714133e-05, 2.43540453084e-05, 9.30412261368e-06, 1.18635625768e-05, 1.13866644824e-05, 1.54782974278e-05, 1.33634521262e-05, 1.0400633073e-05, 1.05184944914e-05, 5.61217302675e-06, 4.49529579782e-06, 1.41352154515e-06, 7.38168637326e-07, 5.64131482861e-07, 4.4499867613e-07, 3.40183873959e-07, 2.70090311005e-07, 2.44157064344e-07, 1.41773440987e-07, 9.80962298058e-08],
        "median": [0.000106428626168, 0.000705422426108, 0.000539261498488, 0.000601158360951, 0.00037742924178, 0.000119814299978, 6.72940150253e-05, 6.0454087361e-05, 7.61467890698e-05, 5.60167536605e-05, 0.000226748146815, 0.000348748319084, 7.47019730625e-05, 1.96958753804e-05, 1.45513040479e-05, 1.25253227452e-05, 2.29261859204e-05, 3.65543892258e-05, 4.29042011092e-05, 1.65016281244e-05, 1.65857563843e-05, 1.26423783513e-05, 6.22089282842e-06, 7.73035390012e-06, 7.94865991338e-06, 1.00810229924e-05, 7.76475371822e-06, 6.16342640569e-06, 6.31625380265e-06, 4.21269032813e-06, 2.93377252092e-06, 1.0214151871e-06, 4.13667720522e-07, 3.54546017434e-07, 2.87574295044e-07, 2.06014902915e-07, 1.53645473233e-07, 1.44721738593e-07, 7.01292677263e-08, 4.62476101859e-08],
        "min": [6.28797793222e-24, 4.58122766554e-24, 2.81993240042e-24, 1.05030439757e-23, 5.1500689534e-24, 2.17513879574e-24, 8.43972700212e-24, 7.58280160027e-24, 9.25803292949e-24, 9.81197026827e-24, 1.64345553864e-23, 4.30484590866e-24, 5.54761027899e-24, 8.26224907566e-24, 9.27952938916e-24, 1.89313506385e-23, 1.56368418841e-23, 7.188891007e-24, 9.97843175219e-24, 1.01557463844e-23, 1.30209120692e-23, 8.11207520286e-24, 1.03857206376e-23, 1.07355686161e-23, 1.34861782868e-23, 1.22370012661e-23, 1.02242605318e-23, 1.5806932917e-23, 1.5846235545e-23, 1.10855917218e-23, 8.42868689375e-24, 9.73997330004e-24, 1.10099028845e-23, 1.16745055754e-23, 7.75550849598e-24, 7.73045032932e-24, 8.07014172372e-24, 9.78290232164e-24, 1.51595699923e-23, 1.09506436533e-23],
        "var": [8.21021188813e-08, 2.02624778467e-06, 5.36174752597e-07, 7.76017998305e-07, 2.84240627479e-07, 5.13500992838e-08, 1.55518904421e-08, 1.27354047308e-08, 1.58816817475e-07, 1.79766928454e-07, 9.90754074337e-07, 4.49462731922e-06, 2.054940893e-07, 1.18778613611e-08, 9.29434862407e-10, 1.82166182139e-09, 2.83435008797e-09, 4.25850181784e-08, 9.62727924048e-08, 5.50474998917e-09, 1.73464809183e-09, 3.92600307819e-09, 1.1445350917e-10, 1.75209999287e-10, 1.64566402172e-10, 3.01579899942e-10, 2.56133836363e-10, 1.51198775722e-10, 1.80964951357e-10, 3.00019037391e-11, 2.87859996256e-11, 2.55570000926e-12, 1.17969588091e-12, 7.03279231726e-13, 4.66090653486e-13, 2.63115728207e-13, 2.06159105087e-13, 1.4353508616e-13, 6.13955365497e-14, 3.54086436549e-14]
    },
    "mfcc": {
        "mean": [-638.540100098, 138.412475586, -26.0849971771, 31.4724769592, -9.63884162903, 4.16255712509, 2.84319519997, 0.621259450912, 7.40889024734, 3.41766119003, -18.6515293121, -15.1875867844, -11.3436536789],
        "cov": [[3041.51855469, -1016.72210693, -210.001815796, -322.551605225, -241.818359375, 51.0390701294, 148.981887817, -52.871181488, 266.643371582, 214.228012085, -275.541503906, -234.586700439, -145.741073608], [-1016.72210693, 870.30279541, -2.80227923393, 94.4126281738, 140.095123291, -50.7726745605, -39.8086929321, 45.0094528198, -105.843177795, -79.0684051514, 111.629089355, 111.395393372, 69.3312835693], [-210.001815796, -2.80227923393, 320.589660645, 40.0616111755, 47.5128364563, 29.5524921417, -11.0516910553, 18.7764263153, -16.9644470215, -25.6896686554, 63.8342666626, 47.6452980042, 29.6232528687], [-322.551605225, 94.4126281738, 40.0616111755, 288.206848145, 47.7703323364, 41.7555885315, -54.5940132141, 38.4856452942, -41.4214363098, -1.47688257694, 91.5500946045, 40.9020957947, 32.1549072266], [-241.818359375, 140.095123291, 47.5128364563, 47.7703323364, 145.844558716, 17.358751297, -16.347990036, 23.0083827972, -25.3101100922, -15.1397819519, 49.8336143494, 34.3745269775, 27.1833324432], [51.0390701294, -50.7726745605, 29.5524921417, 41.7555885315, 17.358751297, 116.443809509, 34.5869941711, 30.0929298401, -2.4946603775, 11.7860441208, 25.6306858063, 1.00932109356, -10.8226060867], [148.981887817, -39.8086929321, -11.0516910553, -54.5940132141, -16.347990036, 34.5869941711, 135.504379272, 37.1608085632, 42.3748664856, 11.3454332352, -19.3875617981, -14.9737596512, -18.0187587738], [-52.871181488, 45.0094528198, 18.7764263153, 38.4856452942, 23.0083827972, 30.0929298401, 37.1608085632, 140.140945435, 13.6940031052, -6.44378852844, 34.8757400513, 18.8814182281, 12.1067352295], [266.643371582, -105.843177795, -16.9644470215, -41.4214363098, -25.3101100922, -2.4946603775, 42.3748664856, 13.6940031052, 151.83581543, 56.610004425, -58.9817504883, -43.4532394409, -22.5346832275], [214.228012085, -79.0684051514, -25.6896686554, -1.47688257694, -15.1397819519, 11.7860441208, 11.3454332352, -6.44378852844, 56.610004425, 103.083213806, -11.4372224808, -32.2370262146, -17.9453983307], [-275.541503906, 111.629089355, 63.8342666626, 91.5500946045, 49.8336143494, 25.6306858063, -19.3875617981, 34.8757400513, -58.9817504883, -11.4372224808, 143.079666138, 71.6441955566, 32.8674468994], [-234.586700439, 111.395393372, 47.6452980042, 40.9020957947, 34.3745269775, 1.00932109356, -14.9737596512, 18.8814182281, -43.4532394409, -32.2370262146, 71.6441955566, 116.430938721, 40.1517868042], [-145.741073608, 69.3312835693, 29.6232528687, 32.1549072266, 27.1833324432, -10.8226060867, -18.0187587738, 12.1067352295, -22.5346832275, -17.9453983307, 32.8674468994, 40.1517868042, 73.0686569214]],
