{
"lowlevel": {
    "average_loudness": 0.892899632454,
    "barkbands_crest": {
        "dmean": 2.28766822815,
        "dmean2": 3.6438202858,
        "dvar": 4.62174892426,
        "dvar2": 11.4613628387,
        "max": 23.1400680542,
        "mean": 10.2734565735,
        "median": 9.65007686615,
        "min": 3.25170135498,
        "var": 12.4649505615
    },
    "barkbands_flatness_db": {
        "dmean": 0.0186329465359,
        "dmean2": 0.02871706523,
        "dvar": 0.000325167289702,
        "dvar2": 0.000752831168938,
        "max": 0.373872190714,
        "mean": 0.198121458292,
        "median": 0.194947257638,
        "min": 0.0677513852715,
        "var": 0.00187925691716
    },
    "barkbands_kurtosis": {
        "dmean": 2.04784870148,
        "dmean2": 3.15894126892,
        "dvar": 11.4927740097,
        "dvar2": 27.8573207855,
        "max": 49.2432327271,
        "mean": 3.15761899948,
        "median": 1.41749286652,
        "min": -1.74144768715,
        "var": 32.1219291687
    },
    "barkbands_skewness": {
        "dmean": 0.444931983948,
        "dmean2": 0.662158310413,
        "dvar": 0.177557468414,
        "dvar2": 0.419766664505,
        "max": 5.81860208511,
        "mean": 1.33338689804,
        "median": 1.20406734943,
        "min": -1.84023344517,
        "var": 0.923418343067
    },
    "barkbands_spread": {
        "dmean": 2.18173074722,
        "dmean2": 3.25645685196,
        "dvar": 4.25063276291,
        "dvar2": 8.44581794739,
        "max": 33.4887084961,
        "mean": 10.9662466049,
        "median": 10.1513309479,
        "min": 0.904484987259,
        "var": 25.4558124542
    },
    "dissonance": {
        "dmean": 0.0345279537141,
        "dmean2": 0.0590122714639,
        "dvar": 0.00084211921785,
        "dvar2": 0.00223147193901,
        "max": 0.49927842617,
        "mean": 0.420170664787,
        "median": 0.42439699173,
        "min": 0.188638925552,
        "var": 0.00174053863157
    },
    "dynamic_complexity": 6.02301168442,
    "erbbands_crest": {
        "dmean": 2.69358587265,
        "dmean2": 4.15296840668,
        "dvar": 6.17109155655,
        "dvar2": 14.6972341537,
        "max": 30.1554260254,
        "mean": 12.0134515762,
        "median": 11.0061159134,
        "min": 3.19601655006,
        "var": 22.4403514862
    },
    "erbbands_flatness_db": {
        "dmean": 0.0151637746021,
        "dmean2": 0.0234116837382,
        "dvar": 0.000230482241022,
        "dvar2": 0.000514465908054,
        "max": 0.363701254129,
        "mean": 0.24887573719,
        "median": 0.246949717402,
        "min": 0.0882942005992,
        "var": 0.00115711661056
    },
    "erbbands_kurtosis": {
        "dmean": 0.924529850483,
        "dmean2": 1.44587242603,
        "dvar": 2.13852238655,
        "dvar2": 5.10480213165,
        "max": 19.9924125671,
        "mean": 0.521989285946,
        "median": -0.109640359879,
        "min": -1.64675807953,
        "var": 4.20739650726
    },
    "erbbands_skewness": {
        "dmean": 0.349866181612,
        "dmean2": 0.532377898693,
        "dvar": 0.141023442149,
        "dvar2": 0.310125887394,
        "max": 3.9484732151,
        "mean": 0.443498790264,
        "median": 0.356925517321,
        "min": -1.89990651608,
        "var": 0.531755447388
    },
    "erbbands_spread": {
        "dmean": 3.8577466011,
        "dmean2": 5.88918399811,
        "dvar": 13.351392746,
        "dvar2": 30.5958595276,
        "max": 49.6999816895,
        "mean": 21.616399765,
        "median": 21.21758461,
        "min": 5.3699464798,
        "var": 62.2752418518
    },
    "hfc": {
        "dmean": 4.01000499725,
        "dmean2": 5.46717882156,
        "dvar": 85.9909744263,
        "dvar2": 152.035583496,
        "max": 110.832580566,
        "mean": 9.80986499786,
        "median": 3.57494258881,
        "min": 1.20103567683e-16,
        "var": 244.493041992
    },
    "melbands_crest": {
        "dmean": 3.39332938194,
        "dmean2": 5.26203536987,
        "dvar": 9.25311756134,
        "dvar2": 21.536945343,
        "max": 33.4688682556,
        "mean": 16.1356048584,
        "median": 14.8212385178,
        "min": 2.00270533562,
        "var": 40.072933197
    },
    "melbands_flatness_db": {
        "dmean": 0.020456712693,
        "dmean2": 0.0303183086216,
        "dvar": 0.000406292470871,
        "dvar2": 0.000945456093177,
        "max": 0.480140507221,
        "mean": 0.257875800133,
        "median": 0.252238750458,
        "min": 0.00461537344381,
        "var": 0.00310638989322
    },
    "melbands_kurtosis": {
        "dmean": 3.27324485779,
        "dmean2": 5.07212638855,
        "dvar": 30.5937614441,
        "dvar2": 76.6037750244,
        "max": 100.788894653,
        "mean": 6.20766115189,
        "median": 3.19961500168,
        "min": -1.5448076725,
        "var": 101.579437256
    },
    "melbands_skewness": {
        "dmean": 0.515946030617,
        "dmean2": 0.784726142883,
        "dvar": 0.252946287394,
        "dvar2": 0.59964454174,
        "max": 8.20401000977,
        "mean": 1.78680503368,
        "median": 1.61718857288,
        "min": -0.774079859257,
        "var": 1.4450314045
    },
    "melbands_spread": {
        "dmean": 3.60601687431,
        "dmean2": 5.33034467697,
        "dvar": 19.3690814972,
        "dvar2": 31.4673500061,
        "max": 140.955245972,
        "mean": 15.6320858002,
        "median": 14.2894611359,
        "min": 0.893579602242,
        "var": 72.8161239624
    },
    "pitch_salience": {
        "dmean": 0.0688079670072,
        "dmean2": 0.111175961792,
        "dvar": 0.00394806871191,
        "dvar2": 0.0102400965989,
        "max": 0.823968052864,
        "mean": 0.531044840813,
        "median": 0.540270924568,
        "min": 0.103311680257,
        "var": 0.0134714115411
    },
    "silence_rate_20dB": {
        "dmean": 0,
        "dmean2": 0,
        "dvar": 0,
        "dvar2": 0,
        "max": 1,
        "mean": 1,
        "median": 1,
        "min": 1,
        "var": 0
    },
    "silence_rate_30dB": {
        "dmean": 0.0072164949961,
        "dmean2": 0.0144404331222,
        "dvar": 0.00716444849968,
        "dvar2": 0.019389141351,
        "max": 1,
        "mean": 0.995363235474,
        "median": 1,
        "min": 0,
        "var": 0.00461526960135
    },
    "silence_rate_60dB": {
        "dmean": 0.0675257742405,
        "dmean2": 0.134605467319,
        "dvar": 0.0629672184587,
        "dvar2": 0.132986962795,
        "max": 1,
        "mean": 0.362699627876,
        "median": 0,
        "min": 0,
        "var": 0.231154441833
    },
    "spectral_centroid": {
        "dmean": 129.382247925,
        "dmean2": 181.805709839,
        "dvar": 70746.25,
        "dvar2": 85024.9140625,
        "max": 11459.6777344,
        "mean": 875.575439453,
        "median": 801.157470703,
        "min": 306.728271484,
        "var": 182430.78125
    },
    "spectral_complexity": {
        "dmean": 1.89690721035,
        "dmean2": 2.85869002342,
        "dvar": 5.69968128204,
        "dvar2": 10.4338912964,
        "max": 33,
        "mean": 9.96239089966,
        "median": 10,
        "min": 0,
        "var": 34.9377670288
    },
    "spectral_decrease": {
        "dmean": 1.46285983327e-09,
        "dmean2": 2.05970041023e-09,
        "dvar": 1.11428160284e-17,
        "dvar2": 2.11575992381e-17,
        "max": 1.04238177679e-28,
        "mean": -3.22540683051e-09,
        "median": -1.29029842366e-09,
        "min": -4.0773571186e-08,
        "var": 2.54988879382e-17
    },
    "spectral_energy": {
        "dmean": 0.00586832175031,
        "dmean2": 0.00823951885104,
        "dvar": 0.000179730312084,
        "dvar2": 0.000339464051649,
        "max": 0.162356257439,
        "mean": 0.0130631960928,
        "median": 0.00521955173463,
        "min": 1.05003308622e-20,
        "var": 0.000417678849772
    },
    "spectral_energyband_high": {
        "dmean": 2.4939819923e-05,
        "dmean2": 3.48472858605e-05,
        "dvar": 6.17619866361e-09,
        "dvar2": 1.28280337464e-08,
        "max": 0.00145391304977,
        "mean": 5.1423550758e-05,
        "median": 7.88993565948e-06,
        "min": 7.44710786261e-21,
        "var": 1.37769342601e-08
    },
    "spectral_energyband_low": {
        "dmean": 0.000579411396757,
        "dmean2": 0.00100717647001,
        "dvar": 1.15624425234e-06,
        "dvar2": 3.08360722556e-06,
        "max": 0.00939096324146,
        "mean": 0.000647725246381,
        "median": 0.00026998881367,
        "min": 9.80926952408e-23,
        "var": 1.19158301004e-06
    },
    "spectral_energyband_middle_high": {
        "dmean": 0.00217672274448,
        "dmean2": 0.00312866014428,
        "dvar": 3.15106954076e-05,
        "dvar2": 5.88039038121e-05,
        "max": 0.0860599279404,
        "mean": 0.00465925130993,
        "median": 0.00132099003531,
        "min": 1.44186254451e-21,
        "var": 8.11759891803e-05
    },
    "spectral_energyband_middle_low": {
        "dmean": 0.00433220947161,
        "dmean2": 0.00631977245212,
        "dvar": 0.000100220073364,
        "dvar2": 0.00021346223366,
        "max": 0.15051689744,
        "mean": 0.00816769525409,
        "median": 0.0032243875321,
        "min": 3.44808476343e-22,
        "var": 0.000173891778104
    },
    "spectral_entropy": {
        "dmean": 0.162837743759,
        "dmean2": 0.241392254829,
        "dvar": 0.0317971967161,
        "dvar2": 0.0676498562098,
        "max": 9.79581642151,
        "mean": 6.66954040527,
        "median": 6.68496084213,
        "min": 4.85838508606,
        "var": 0.141730114818
    },
    "spectral_flux": {
        "dmean": 0.0177713632584,
        "dmean2": 0.0288859587163,
        "dvar": 0.000939059245866,
        "dvar2": 0.00230904784985,
        "max": 0.294848740101,
        "mean": 0.0443032644689,
        "median": 0.0305326227099,
        "min": 1.02471121866e-10,
        "var": 0.00191885407548
    },
    "spectral_kurtosis": {
        "dmean": 6.52396774292,
        "dmean2": 11.8081388474,
        "dvar": 40.670085907,
        "dvar2": 126.100601196,
        "max": 67.9683685303,
        "mean": 15.0659570694,
        "median": 12.3988857269,
        "min": -1.18516135216,
        "var": 97.4940643311
    },
    "spectral_rms": {
        "dmean": 0.000629963469692,
        "dmean2": 0.000843667832669,
        "dvar": 1.12805219032e-06,
        "dvar2": 1.85630028682e-06,
        "max": 0.0125855607912,
        "mean": 0.0028653035406,
        "median": 0.00225660041906,
        "min": 3.20066000613e-12,
        "var": 4.53461188954e-06
    },
    "spectral_rolloff": {
        "dmean": 205.198043823,
        "dmean2": 339.334411621,
        "dvar": 227053.953125,
        "dvar2": 288012.84375,
        "max": 19293.75,
        "mean": 1114.93249512,
        "median": 1076.66015625,
        "min": 301.46484375,
        "var": 414471.6875
    },
    "spectral_skewness": {
        "dmean": 0.517547488213,
        "dmean2": 0.916067063808,
        "dvar": 0.217510566115,
        "dvar2": 0.653619289398,
        "max": 6.75033569336,
        "mean": 2.5538418293,
        "median": 2.40833950043,
        "min": -0.0525909885764,
        "var": 0.676797389984
    },
    "spectral_spread": {
        "dmean": 304298.40625,
        "dmean2": 482365.90625,
        "dvar": 936711880704,
        "dvar2": 993072054272,
        "max": 40223948,
        "mean": 2401906.5,
        "median": 2319389.5,
        "min": 1057271.25,
        "var": 1.2779290624e+12
    },
    "spectral_strongpeak": {
        "dmean": 0.49915510416,
        "dmean2": 0.783450007439,
        "dvar": 0.655878067017,
        "dvar2": 1.40925788879,
        "max": 9.74233627319,
        "mean": 1.08985650539,
        "median": 0.538789272308,
        "min": 2.16393702956e-09,
        "var": 1.70153295994
    },
    "zerocrossingrate": {
        "dmean": 0.00472248531878,
        "dmean2": 0.0056090648286,
        "dvar": 0.000132438726723,
        "dvar2": 0.000149056460941,
        "max": 0.50390625,
        "mean": 0.0389981009066,
        "median": 0.03759765625,
        "min": 0.01220703125,
        "var": 0.000297377962852
    },
    "barkbands": {
        "dmean": [1.92128050003e-06, 1.45164949572e-05, 0.000126137383631, 0.000655802083202, 0.00048177424469, 0.00124483706895, 0.0014524969738, 0.00115704140626, 0.000531251018401, 0.000985054299235, 0.000363646890037, 0.000731152365915, 0.000316495948937, 0.00017058555386, 0.000128526386106, 4.97874025314e-05, 6.93754773238e-05, 3.4516233427e-05, 4.05513492296e-05, 1.68822552951e-05, 7.60418970458e-06, 4.42051759819e-06, 5.53059544472e-06, 3.83878841603e-06, 1.3210343468e-06, 3.20472759086e-06, 2.53821724527e-07],
        "dmean2": [3.23477524944e-06, 2.57875144598e-05, 0.00021130956884, 0.00114525482059, 0.000751141866203, 0.00182671996299, 0.00221514026634, 0.00169201008976, 0.000837798754219, 0.0014438276412, 0.00056406512158, 0.00109986646567, 0.000478552625282, 0.000263059249846, 0.00019251080812, 7.41776821087e-05, 9.59135577432e-05, 5.17794687767e-05, 5.84997796977e-05, 2.51204492088e-05, 1.11734143502e-05, 6.96349252394e-06, 7.81590370025e-06, 5.61542219657e-06, 1.83784561614e-06, 4.84647625854e-06, 4.35513527464e-07],
        "dvar": [4.56535365068e-11, 8.04004418598e-10, 5.5539221222e-08, 1.55359498422e-06, 7.24137407815e-07, 1.13796140795e-05, 4.8106219765e-05, 1.2942234207e-05, 2.66126835413e-06, 1.26512359202e-05, 4.19226307713e-06, 3.90464128941e-06, 8.5110548298e-07, 2.04604205578e-07, 1.44424603832e-07, 1.47122385386e-08, 2.91225408233e-08, 6.9794996449e-09, 7.5378547848e-09, 3.56921425748e-09, 4.15336459669e-10, 2.56079824013e-10, 5.62190849429e-10, 2.31073313262e-10, 2.29334693597e-11, 2.48627146648e-10, 2.20726822237e-12],
        "dvar2": [1.14537150597e-10, 2.21423990254e-09, 1.35800135581e-07, 4.13554744227e-06, 1.90814148482e-06, 2.36394680542e-05, 0.000113491143566, 2.92611020996e-05, 6.1995770011e-06, 2.42040514422e-05, 7.55526389185e-06, 9.32561579248e-06, 1.81108680408e-06, 4.67584754915e-07, 3.18483955652e-07, 2.95831092956e-08, 4.88962577094e-08, 1.55796548995e-08, 1.52081724991e-08, 8.25269808047e-09, 8.19182777168e-10, 5.83162185208e-10, 1.17479426187e-09, 5.34423283405e-10, 4.93334192941e-11, 5.66106994615e-10, 5.87939896421e-12],
        "max": [0.000149102765135, 0.000341003382346, 0.00206709839404, 0.0107296099886, 0.00961460545659, 0.0512764826417, 0.137613520026, 0.0576500445604, 0.0261018835008, 0.0714592933655, 0.059048563242, 0.0213587470353, 0.0206911303103, 0.0078270919621, 0.00987100973725, 0.00281564192846, 0.00420525064692, 0.0015454152599, 0.00215266924351, 0.00166717369575, 0.000393387454096, 0.000312926975312, 0.000512879749294, 0.000317164638545, 7.28650411475e-05, 0.000323244137689, 3.56828168151e-05],
        "mean": [1.79004985057e-06, 1.68790138559e-05, 0.000189421116374, 0.000645724765491, 0.000838854175527, 0.00227938685566, 0.00163241673727, 0.00191558804363, 0.000817163672764, 0.00141983793583, 0.000582705717534, 0.00121858820785, 0.000506342679728, 0.000266549235675, 0.000208055134863, 0.000101220597571, 0.000176411762368, 7.30117390049e-05, 9.50889880187e-05, 3.27428751916e-05, 1.70696312125e-05, 9.40943573369e-06, 8.40238681121e-06, 5.05885509483e-06, 1.86118984402e-06, 3.41425106853e-06, 2.15199705167e-07],
        "median": [4.54172152331e-07, 7.87634235166e-06, 9.27793153096e-05, 0.000209027086385, 0.000467612117063, 0.000623593805358, 0.000210706260987, 0.00012395097292, 0.000124603931908, 0.000176970745088, 3.3623939089e-05, 0.000162493190146, 0.000110308334115, 4.48312457593e-05, 4.28298590123e-05, 2.65200287686e-05, 3.54791445716e-05, 1.64117755048e-05, 2.38542306761e-05, 4.8165024964e-06, 2.45580827141e-06, 1.47480784563e-06, 5.70349868667e-07, 4.01378173365e-07, 1.28280703393e-07, 7.7937230003e-08, 1.09271192095e-09],
        "min": [9.20325679481e-24, 4.5308273423e-23, 1.23157990042e-23, 6.19786619324e-23, 3.71650610914e-23, 7.47444571737e-23, 2.99518810571e-23, 3.93776329148e-23, 8.83152060827e-23, 9.55618085758e-23, 1.18795321024e-22, 1.18279936106e-22, 4.55467807846e-23, 1.42116712576e-22, 1.22620741056e-22, 8.67114834168e-23, 1.60437268726e-22, 2.20207151679e-22, 1.93617174919e-22, 2.75166472478e-22, 4.86544920098e-22, 3.76414131713e-22, 6.00011744453e-22, 9.07077252827e-22, 9.80235683063e-22, 1.62852950145e-21, 2.57754386217e-21],
        "var": [3.9050207512e-11, 7.71676555988e-10, 7.69033476899e-08, 1.53860730734e-06, 1.07601624677e-06, 2.59836724581e-05, 5.07350487169e-05, 3.10207578877e-05, 4.32370097769e-06, 2.2820504455e-05, 9.03289219423e-06, 8.65740366862e-06, 1.93310756913e-06, 4.07277923387e-07, 3.25101950693e-07, 4.87866316234e-08, 1.3748669403e-07, 2.0608705853e-08, 3.77564219889e-08, 7.44240402639e-09, 1.44243328393e-09, 6.67733757176e-10, 8.70934491193e-10, 2.97360469581e-10, 3.75095197958e-11, 2.83496198739e-10, 1.71702192395e-12]
    },
    "erbbands": {
        "dmean": [0.000482220406411, 0.00379152782261, 0.0966935530305, 1.50615334511, 0.773663401604, 1.66593194008, 7.98098564148, 11.2960929871, 17.7498130798, 17.5690975189, 27.8419761658, 14.1393032074, 17.4559307098, 27.9928321838, 22.0571308136, 26.8260650635, 16.7834281921, 7.05068016052, 7.61575603485, 7.01420736313, 2.56697630882, 3.00720143318, 1.92670536041, 2.3833823204, 1.10009503365, 0.856353521347, 0.410716295242, 0.228559449315, 0.163902014494, 0.11795886606, 0.179931417108, 0.0906806737185, 0.0559095181525, 0.0168204437941, 0.0102539993823, 0.0103528052568, 0.00702705746517, 0.00126168865245, 3.29633803631e-05, 7.31355567041e-06],
        "dmean2": [0.000835450249724, 0.00649173045531, 0.163818821311, 2.63171052933, 1.28451561928, 2.74594426155, 11.3672657013, 17.1243228912, 26.7867584229, 26.9141788483, 39.9429550171, 21.3739299774, 25.9222660065, 41.6768264771, 33.3660697937, 39.9350814819, 25.2848320007, 10.6444034576, 11.9226837158, 10.5462055206, 3.60095477104, 4.19722557068, 2.85905957222, 3.43961787224, 1.5665500164, 1.27335679531, 0.613885581493, 0.349210530519, 0.263796687126, 0.176994651556, 0.253525823355, 0.13217677176, 0.0836914181709, 0.0248184558004, 0.0146226156503, 0.0147921107709, 0.0108721740544, 0.00194240966812, 5.12791193614e-05, 1.01953874037e-05],
        "dvar": [1.06684819912e-06, 4.62084099127e-05, 0.0322465114295, 8.01967048645, 2.3590695858, 12.3370876312, 156.023361206, 1602.05993652, 6587.08447266, 6676.41650391, 6518.57275391, 1827.61157227, 4551.43945312, 6791.70019531, 8398.30957031, 4993.35058594, 2492.36645508, 257.715087891, 368.710662842, 498.67590332, 27.582567215, 49.5430488586, 22.4974403381, 30.1789417267, 7.06465911865, 10.400437355, 1.2989757061, 0.474145978689, 0.395739495754, 0.160519629717, 0.746200919151, 0.120769575238, 0.0562621690333, 0.00374365923926, 0.00158428540453, 0.00190584734082, 0.00160314852837, 3.95034112444e-05, 2.44673863392e-08, 2.94245433574e-10],
        "dvar2": [2.87441412183e-06, 0.000121520417451, 0.0808975696564, 21.5742053986, 5.75992488861, 35.6972618103, 344.043426514, 3411.59887695, 16111.2333984, 15379.9345703, 13975.1923828, 4273.53076172, 8419.08203125, 14046.8154297, 16584.5429688, 12118.8271484, 5271.93457031, 576.635620117, 885.441589355, 1125.61437988, 50.1878433228, 84.8677139282, 50.9702796936, 64.6906738281, 13.7421369553, 24.7338027954, 2.6192471981, 1.10240137577, 0.910077691078, 0.331777215004, 1.52697432041, 0.261401087046, 0.14078399539, 0.0085614034906, 0.00333795975894, 0.00390894711018, 0.00389327621087, 9.57357624429e-05, 6.18596516233e-08, 5.65693436538e-10],
        "max": [0.0151546094567, 0.083119109273, 1.59125673771, 24.4911746979, 15.830031395, 38.0846710205, 168.065109253, 588.506652832, 1668.2376709, 2322.31860352, 1298.18713379, 750.043151855, 1362.05712891, 1981.88220215, 2345.015625, 949.499389648, 1132.98205566, 360.778869629, 290.8644104, 559.142333984, 101.739356995, 148.907440186, 89.7544250488, 134.325958252, 69.0060348511, 92.3520965576, 23.0933609009, 16.7858219147, 14.6747074127, 9.52049350739, 21.4803752899, 7.92379903793, 6.31236791611, 0.950168907642, 0.843868434429, 1.19007360935, 0.934979498386, 0.0980369970202, 0.002538675908, 0.000193763597053],
        "mean": [0.000587796384934, 0.00529834395275, 0.132880866528, 1.55184614658, 1.00126421452, 2.64781951904, 15.2777519226, 19.547712326, 21.5564022064, 21.5578594208, 46.8152008057, 22.1499214172, 24.856048584, 43.3218040466, 37.1476402283, 46.7244377136, 27.9349727631, 12.5532522202, 12.6495103836, 11.7145643234, 6.51776170731, 7.67073726654, 4.31610107422, 5.65045118332, 2.6811106205, 1.72795212269, 0.862296164036, 0.51285558939, 0.346317946911, 0.250240683556, 0.249547883868, 0.121526710689, 0.0738357156515, 0.0235115997493, 0.0143748084083, 0.0120645426214, 0.00665002409369, 0.00120085582603, 3.48688845406e-05, 1.60570143635e-05],
        "median": [0.000277754763374, 0.00281920633279, 0.0610896646976, 0.572163105011, 0.324172824621, 1.27057933807, 8.5515794754, 2.28037405014, 3.62186002731, 2.1916615963, 4.51853179932, 3.67743492126, 4.02837181091, 7.18952274323, 4.01933574677, 7.71608161926, 6.36709594727, 3.71619200706, 2.48181986809, 2.75424575806, 2.00213241577, 1.86897337437, 1.1901102066, 1.30948424339, 0.744309842587, 0.280124396086, 0.135180681944, 0.0765557959676, 0.0536819510162, 0.0281101539731, 0.0150475436822, 0.0104164807126, 0.00563109759241, 0.00160129670985, 0.000982253695838, 0.000514805607963, 8.38501000544e-05, 1.01431642179e-05, 3.54130088454e-06, 6.17143859927e-06],
        "min": [1.07985106918e-21, 1.09138492748e-20, 2.24844734936e-20, 1.23263934567e-19, 1.46544312522e-19, 1.26566608259e-19, 1.60883372118e-19, 7.02511621243e-19, 6.31518328183e-19, 4.52226516822e-19, 1.17479426939e-18, 1.99552711247e-18, 1.88719209482e-18, 3.80792388194e-18, 6.15282168626e-18, 4.11510236549e-18, 2.05636500575e-18, 6.5503456635e-18, 6.32986646148e-18, 4.81809876627e-18, 5.83607230942e-18, 9.08539037035e-18, 1.27545890325e-17, 1.07094048203e-17, 1.22590333994e-17, 1.19157286297e-17, 1.95939648369e-17, 1.56870650724e-17, 1.52216006155e-17, 1.15016560772e-17, 1.96931454467e-17, 1.3594153366e-17, 1.86188429718e-17, 1.1713277002e-17, 6.51979043885e-18, 5.30255777153e-18, 3.27777679632e-18, 1.54241763204e-18, 3.41893211762e-19, 3.67093611628e-20],
        "var": [1.04186449335e-06, 5.42138186574e-05, 0.0406992658973, 7.87846279144, 3.06269216537, 15.9139862061, 323.067993164, 3432.5168457, 6702.76367188, 7671.80371094, 16399.4355469, 2906.19311523, 7535.10205078, 15828.0742188, 16466.640625, 11516.5488281, 5762.5703125, 592.983947754, 718.249572754, 1054.91540527, 123.825897217, 207.029190063, 73.7916412354, 136.562744141, 24.0511951447, 20.4974842072, 3.46648859978, 1.52909982204, 0.928647994995, 0.402137875557, 1.0767352581, 0.162496700883, 0.0662883743644, 0.00551956100389, 0.00275252806023, 0.00277581671253, 0.00152237922885, 3.84881132049e-05, 2.24909850743e-08, 6.67102706409e-10]
    },
    "gfcc": {
        "mean": [-124.595939636, 140.809036255, -155.400817871, -6.01886367798, -58.2372093201, -11.3868913651, -44.4075622559, -9.39912319183, -31.9548149109, -11.4801101685, -9.65764522552, -4.08623456955, -8.60939311981],
        "cov": [[9836.4609375, -1945.92932129, -653.915466309, -50.4593658447, -934.464416504, 304.467926025, 299.972320557, 420.277893066, 136.372085571, 229.712692261, -377.40814209, 5.66824674606, -670.362792969], [-1945.92932129, 965.165222168, 72.6065444946, -63.3154830933, 255.245620728, -102.626419067, -42.3893508911, -127.562767029, 8.33551692963, -142.668167114, 108.912117004, -156.087875366, 136.517288208], [-653.915466309, 72.6065444946, 415.597198486, -98.2871627808, 13.8988256454, 2.35352373123, -47.4738082886, -4.37460708618, -22.6247062683, 23.1322383881, -5.54194402695, 38.5192871094, -11.0641145706], [-50.4593658447, -63.3154830933, -98.2871627808, 262.683410645, -0.897406518459, -31.9577713013, -3.06162595749, -24.1823425293, 9.78148174286, -7.3524813652, 17.3283882141, 16.8735046387, 31.6956996918], [-934.464416504, 255.245620728, 13.8988256454, -0.897406518459, 221.715698242, -24.5036582947, -41.7146568298, -46.3305511475, -35.4205703735, -37.9405403137, 16.2377586365, -17.7121963501, 53.9511909485], [304.467926025, -102.626419067, 2.35352373123, -31.9577713013, -24.5036582947, 113.587104797, 25.832818985, 3.82231736183, -6.04354143143, 14.5513830185, -22.6868591309, -5.09514045715, -13.7577257156], [299.972320557, -42.3893508911, -47.4738082886, -3.06162595749, -41.7146568298, 25.832818985, 90.5979766846, 31.7019824982, -9.16703510284, 0.506684601307, -4.42360067368, -9.44544887543, -20.7598209381], [420.277893066, -127.562767029, -4.37460708618, -24.1823425293, -46.3305511475, 3.82231736183, 31.7019824982, 118.066734314, 10.6732826233, 6.66070365906, -22.0539169312, -0.493604958057, -48.5489234924], [136.372085571, 8.33551692963, -22.6247062683, 9.78148174286, -35.4205703735, -6.04354143143, -9.16703510284, 10.6732826233, 106.131088257, 14.0628557205, -9.14879322052, -5.96849298477, -8.32213783264], [229.712692261, -142.668167114, 23.1322383881, -7.3524813652, -37.9405403137, 14.5513830185, 0.506684601307, 6.66070365906, 14.0628557205, 99.3474349976, -1.9772862196, 29.785785675, -16.5996570587], [-377.40814209, 108.912117004, -5.54194402695, 17.3283882141, 16.2377586365, -22.6868591309, -4.42360067368, -22.0539169312, -9.14879322052, -1.9772862196, 100.185554504, 14.3285627365, 43.4015693665], [5.66824674606, -156.087875366, 38.5192871094, 16.8735046387, -17.7121963501, -5.09514045715, -9.44544887543, -0.493604958057, -5.96849298477, 29.785785675, 14.3285627365, 138.253860474, 28.8249835968], [-670.362792969, 136.517288208, -11.0641145706, 31.6956996918, 53.9511909485, -13.7577257156, -20.7598209381, -48.5489234924, -8.32213783264, -16.5996570587, 43.4015693665, 28.8249835968, 138.216552734]],
        "icov": [[0.00039654871216, 6.10837523709e-05, 0.000698690477293, 9.43997729337e-05, 0.00110182352364, -0.000481600407511, 0.000118453441246, -0.000283029861748, 0.000163932636497, -0.000202940704185, 0.000645673950203, -0.000285087502562, 0.00117980514187], [6.10837523709e-05, 0.00589125789702, -0.00185650773346, 0.0019965399988, -0.00410272646695, 0.00375720579177, -0.00326268328354, 0.00372173264623, -0.00379956769757, 0.00464147189632, -0.00429592747241, 0.00622315565124, -0.00295657571405], [0.000698690477293, -0.00185650773346, 0.00490064220503, 0.000614054210018, 0.00338890613057, -0.00215113651939, 0.00301577220671, -0.00174545450136, 0.00230158958584, -0.00232738349587, 0.00265847845003, -0.00341761671007, 0.00351381627843], [9.43997729337e-05, 0.0019965399988, 0.000614054210018, 0.0052523445338, -0.000853747187648, 0.00234444439411, -0.00103240716271, 0.00204901024699, -0.00143854238559, 0.00165366113652, -0.00134969863575, 0.00134069670457, -0.00128198403399], [0.00110182352364, -0.00410272646695, 0.00338890613057, -0.000853747187648, 0.0124293100089, -0.00341886468232, 0.00499313557521, -0.00257509830408, 0.00520451692864, -0.00262548821047, 0.00521134072915, -0.0042536878027, 0.00376553321257], [-0.000481600407511, 0.00375720579177, -0.00215113651939, 0.00234444439411, -0.00341886468232, 0.0136720817536, -0.00525775831193, 0.00404694117606, -0.00195902609266, 0.00179377617314, -0.00123370555229, 0.00477426033467, -0.00394024513662], [0.000118453441246, -0.00326268328354, 0.00301577220671, -0.00103240716271, 0.00499313557521, -0.00525775831193, 0.0172537267208, -0.00551201216877, 0.00471428222954, -0.00213312287815, 0.00156014109962, -0.00283569120802, 0.0025873943232], [-0.000283029861748, 0.00372173264623, -0.00174545450136, 0.00204901024699, -0.00257509830408, 0.00404694117606, -0.00551201216877, 0.0139312995598, -0.00346586364321, 0.003555664327, -0.002126874635, 0.00324151827954, 2.53923881246e-05], [0.000163932636497, -0.00379956769757, 0.00230158958584, -0.00143854238559, 0.00520451692864, -0.00195902609266, 0.00471428222954, -0.00346586364321, 0.0134424809366, -0.00454947398975, 0.00400826334953, -0.00312610832043, 0.00198253639974], [-0.000202940704185, 0.00464147189632, -0.00232738349587, 0.00165366113652, -0.00262548821047, 0.00179377617314, -0.00213312287815, 0.003555664327, -0.00454947398975, 0.0159561876208, -0.00452665006742, 0.00242817634717, -0.00144487060606], [0.000645673950203, -0.00429592747241, 0.00265847845003, -0.00134969863575, 0.00521134072915, -0.00123370555229, 0.00156014109962, -0.002126874635, 0.00400826334953, -0.00452665006742, 0.0166361350566, -0.00548331765458, 0.000844586989842], [-0.000285087502562, 0.00622315565124, -0.00341761671007, 0.00134069670457, -0.0042536878027, 0.00477426033467, -0.00283569120802, 0.00324151827954, -0.00312610832043, 0.00242817634717, -0.00548331765458, 0.0158228259534, -0.00673672184348], [0.00117980514187, -0.00295657571405, 0.00351381627843, -0.00128198403399, 0.00376553321257, -0.00394024513662, 0.0025873943232, 2.53923881246e-05, 0.00198253639974, -0.00144487060606, 0.000844586989842, -0.00673672184348, 0.0160737521946]]
    },
    "melbands": {
        "dmean": [4.12292820329e-06, 2.92900149361e-05, 0.000228417789913, 5.9280617279e-05, 0.000237542684772, 0.000233258135268, 0.000291197648039, 0.000206095763133, 0.000207066812436, 8.07511532912e-05, 9.65276485658e-05, 0.000126202241518, 6.58856297377e-05, 8.7255219114e-05, 4.28981547884e-05, 3.31326918968e-05, 1.20853737826e-05, 1.43857050716e-05, 1.05769931906e-05, 6.14851251157e-06, 3.5345942706e-06, 4.02516980103e-06, 2.2872561658e-06, 1.38034909014e-06, 2.22620451495e-06, 1.27564862851e-06, 7.78663661549e-07, 4.77816683997e-07, 2.72705534599e-07, 2.05290930921e-07, 1.34219490633e-07, 1.06553684986e-07, 6.67986839176e-08, 7.39875574141e-08, 1.19354382377e-07, 7.61195053656e-08, 5.23083478754e-08, 4.5835335527e-08, 2.24765930312e-08, 1.18884244671e-08],
        "dmean2": [7.23178163753e-06, 4.85213859065e-05, 0.00039705139352, 9.99614567263e-05, 0.000342051207554, 0.000350645481376, 0.00044229766354, 0.000317259458825, 0.000295587436995, 0.000124460377265, 0.000143942932482, 0.000187588171684, 0.000101902674942, 0.000124123995192, 6.8247463787e-05, 5.06205215061e-05, 1.85605495062e-05, 2.26467091125e-05, 1.56116911967e-05, 9.41194321058e-06, 4.96856091559e-06, 5.61813612876e-06, 3.42288763022e-06, 2.09072277357e-06, 3.25078076457e-06, 1.83645499874e-06, 1.11183226181e-06, 7.23879509223e-07, 4.16392026636e-07, 3.04029782683e-07, 2.09160916143e-07, 1.73922913405e-07, 1.04429531689e-07, 1.12344153536e-07, 1.68186801375e-07, 1.11677493919e-07, 7.99216337555e-08, 6.90417323312e-08, 3.45872130936e-08, 1.82091195455e-08],
        "dvar": [6.9244991685e-11, 2.95070479162e-09, 1.8746970909e-07, 2.06146637538e-08, 1.32872514769e-07, 6.15520264091e-07, 1.75426418991e-06, 6.09927269579e-07, 3.25180479877e-07, 6.70429258776e-08, 1.52510295948e-07, 1.5394154218e-07, 1.18774160285e-07, 5.52015606559e-08, 1.64238187494e-08, 7.76747111075e-09, 8.26876123128e-10, 1.65475233516e-09, 1.07814202011e-09, 2.5280780247e-10, 6.97440716291e-11, 9.5262554789e-11, 2.88091928785e-11, 1.25712287802e-11, 2.90769526512e-11, 8.24772888874e-12, 6.1282142555e-12, 3.26054070895e-12, 6.4025022263e-13, 3.72273013197e-13, 2.08870491432e-13, 1.73893885402e-13, 4.68946882465e-14, 7.04077299392e-14, 3.67051603955e-13, 8.25176109083e-14, 4.67531558173e-14, 3.65232272052e-14, 1.05838155893e-14, 1.98615228912e-15],
        "dvar2": [1.88130913625e-10, 7.13481096426e-09, 4.94199696277e-07, 5.70427438618e-08, 2.9499992138e-07, 1.29654358716e-06, 4.2416713768e-06, 1.41829298173e-06, 6.67419726597e-07, 1.58475415901e-07, 2.83730656747e-07, 3.14261541234e-07, 2.18479016212e-07, 1.13544686542e-07, 4.40500365073e-08, 1.70684355538e-08, 1.86498794186e-09, 3.95404997633e-09, 2.28123098189e-09, 5.63756652472e-10, 1.28051444448e-10, 1.60254212678e-10, 6.07428343735e-11, 2.90176997014e-11, 6.59509113987e-11, 1.62120109004e-11, 1.32317273457e-11, 7.96698210875e-12, 1.30704941228e-12, 8.08345577974e-13, 5.25359269976e-13, 3.94699924871e-13, 1.08152954637e-13, 1.63131972666e-13, 7.7141819408e-13, 1.68140390391e-13, 1.1089318076e-13, 8.9313891569e-14, 2.74649501411e-14, 4.32728592203e-15],
        "max": [0.00010443017527, 0.000485174066853, 0.00375125790015, 0.00175134954043, 0.0044822874479, 0.0116977030411, 0.025997178629, 0.0201299227774, 0.00849936064333, 0.00459517305717, 0.00805178005248, 0.00822612177581, 0.00974537432194, 0.00326916133054, 0.00174896942917, 0.00180504540913, 0.000583099143114, 0.000681641395204, 0.000990037806332, 0.000340098369634, 0.000188685662579, 0.000240303139435, 0.000116090668598, 7.33928391128e-05, 0.000139820855111, 5.2376617532e-05, 6.93339243298e-05, 5.16847976542e-05, 1.66111167346e-05, 1.32826089612e-05, 1.24471398522e-05, 8.89097373147e-06, 4.31058606409e-06, 5.85457610214e-06, 1.46845040945e-05, 5.74632440475e-06, 4.07806373914e-06, 4.89427384309e-06, 2.55640156865e-06, 7.24740459646e-07],
        "mean": [4.88123214382e-06, 4.56154593849e-05, 0.000239868866629, 8.9854154794e-05, 0.000450906140031, 0.000410496984841, 0.000341670529451, 0.000273332261713, 0.000347470369888, 0.000123432007967, 0.000131539825816, 0.000189792204765, 0.000106488900201, 0.000157483285875, 6.41234291834e-05, 5.31818950549e-05, 1.99161549972e-05, 2.21042755584e-05, 1.7016323909e-05, 1.11736890176e-05, 8.38540199766e-06, 9.69601933321e-06, 4.84741030959e-06, 2.79970299744e-06, 5.02669672642e-06, 2.76508558272e-06, 1.5837384808e-06, 9.01834312117e-07, 5.00254657254e-07, 4.47579992624e-07, 2.47728337399e-07, 2.05471707204e-07, 1.43458478874e-07, 1.33037886485e-07, 1.58902210501e-07, 9.51818677208e-08, 6.80647147533e-08, 6.0948053715e-08, 2.7497202737e-08, 1.63337077197e-08],
        "median": [2.3180007247e-06, 2.24180421355e-05, 8.66206682986e-05, 2.1850461053e-05, 0.000256159779383, 6.223883247e-05, 5.20939211128e-05, 2.38010943576e-05, 3.41590275639e-05, 1.71888677869e-05, 1.88966823771e-05, 2.92368076771e-05, 8.09976427263e-06, 2.12425602513e-05, 1.09690536192e-05, 1.22242272482e-05, 4.87113447889e-06, 3.40399446941e-06, 3.57897192771e-06, 2.77984167951e-06, 2.05716355595e-06, 1.97981808014e-06, 1.18535569982e-06, 5.20346645771e-07, 1.03992852019e-06, 7.53554900257e-07, 2.45341652771e-07, 1.37779295528e-07, 8.06270321618e-08, 5.010018711e-08, 3.38009584766e-08, 2.95712094811e-08, 2.08038102301e-08, 1.18937979465e-08, 8.41680414254e-09, 6.10692962866e-09, 6.07664008001e-09, 4.54079751577e-09, 1.90828775004e-09, 9.00420515926e-10],
        "min": [1.18007667076e-23, 1.20723399628e-23, 2.07408192725e-23, 1.18222434457e-23, 5.38070979399e-24, 1.61285877957e-23, 8.91705411409e-24, 6.1108968028e-24, 1.07702753405e-23, 1.25025034478e-23, 1.02085921765e-23, 1.5399778138e-23, 1.90320298004e-23, 1.4402015821e-23, 7.35467407054e-24, 3.78728531279e-24, 1.39093169654e-23, 1.06902280467e-23, 9.27811969472e-24, 5.10954477427e-24, 7.02274112314e-24, 8.00922272917e-24, 1.22896987523e-23, 1.02540968289e-23, 8.62423762355e-24, 6.46816914576e-24, 1.03937394087e-23, 7.33545663003e-24, 1.0714392434e-23, 1.51485827377e-23, 6.71848457175e-24, 8.60019472088e-24, 7.19524685931e-24, 6.44293782414e-24, 1.17837012796e-23, 9.01185468452e-24, 8.41303510453e-24, 1.24325945944e-23, 1.3269705388e-23, 8.71016903081e-24],
        "var": [6.81600539898e-11, 4.23713775177e-09, 1.9211530855e-07, 2.90818888971e-08, 2.74313208593e-07, 1.34978154165e-06, 1.80214783541e-06, 8.33838669223e-07, 8.41124176532e-07, 1.07771363389e-07, 2.49290110332e-07, 3.30590154363e-07, 2.50241129152e-07, 1.59307404601e-07, 2.589887238e-08, 1.68850693427e-08, 1.77031345139e-09, 3.05828873337e-09, 2.71646594108e-09, 5.96906746253e-10, 3.02215669157e-10, 4.32233832059e-10, 9.0696908317e-11, 4.2933944594e-11, 1.19284762623e-10, 2.85136116107e-11, 1.49757047041e-11, 5.93024587769e-12, 1.36740228515e-12, 1.23263758142e-12, 4.93090919658e-13, 3.807236644e-13, 1.38180509786e-13, 1.31901027644e-13, 5.22080208926e-13, 1.13338124422e-13, 5.4643833539e-14, 4.80964280989e-14, 1.05172252472e-14, 3.22722115179e-15]
    },
    "mfcc": {
        "mean": [-758.220397949, 171.697021484, -36.8717651367, 0.874201774597, -7.20195627213, -10.4196233749, -8.46623134613, -6.53007507324, -18.4422874451, -9.08656406403, -10.4925537109, -6.04343700409, -4.95352315903],
        "cov": [[8539.99804688, -1031.92785645, -777.986816406, 3.80559968948, -969.859741211, 4.67149019241, -173.463348389, 286.314697266, 105.195236206, 340.15737915, 118.874694824, 246.652648926, 56.8487091064], [-1031.92785645, 650.179443359, 57.2774162292, -63.5147323608, 171.025634766, -63.8626976013, 34.9788780212, -34.3154220581, -8.16051673889, -30.710144043, 9.54544067383, -23.7530117035, -14.1448307037], [-777.986816406, 57.2774162292, 419.988494873, -84.6923370361, 51.1805305481, 2.16853356361, 0.45929402113, -30.4650611877, -23.0161190033, -17.3053970337, -5.20729541779, -18.0562648773, -36.534828186], [3.80559968948, -63.5147323608, -84.6923370361, 212.659896851, 4.31389045715, -3.11207604408, -18.2478675842, 2.91343140602, -6.94319963455, -26.9345684052, 3.50772333145, -4.55064201355, 14.7710933685], [-969.859741211, 171.025634766, 51.1805305481, 4.31389045715, 227.883178711, -2.65860962868, 14.658993721, -34.6591453552, -14.4176483154, -30.5391330719, -28.563331604, -35.4560775757, -3.39715695381], [4.67149019241, -63.8626976013, 2.16853356361, -3.11207604408, -2.65860962868, 132.46522522, -6.11699342728, -22.3203907013, 2.03964281082, -10.0512037277, -6.23641347885, -20.158208847, -20.2199878693], [-173.463348389, 34.9788780212, 0.45929402113, -18.2478675842, 14.658993721, -6.11699342728, 131.26914978, -1.52417528629, -13.4116697311, -14.4228506088, -14.9466295242, -1.77287340164, 5.89736938477], [286.314697266, -34.3154220581, -30.4650611877, 2.91343140602, -34.6591453552, -22.3203907013, -1.52417528629, 98.5498199463, 9.73130702972, 6.18015193939, 0.00216248305514, 9.01634502411, 2.32438206673], [105.195236206, -8.16051673889, -23.0161190033, -6.94319963455, -14.4176483154, 2.03964281082, -13.4116697311, 9.73130702972, 74.7303848267, 12.1877393723, -2.54652953148, 2.7620909214, 0.342318177223], [340.15737915, -30.710144043, -17.3053970337, -26.9345684052, -30.5391330719, -10.0512037277, -14.4228506088, 6.18015193939, 12.1877393723, 112.989006042, 15.9988145828, -1.64698147774, -8.03738880157], [118.874694824, 9.54544067383, -5.20729541779, 3.50772333145, -28.563331604, -6.23641347885, -14.9466295242, 0.00216248305514, -2.54652953148, 15.9988145828, 84.5338897705, 9.55050563812, -11.437505722], [246.652648926, -23.7530117035, -18.0562648773, -4.55064201355, -35.4560775757, -20.158208847, -1.77287340164, 9.01634502411, 2.7620909214, -1.64698147774, 9.55050563812, 89.685874939, 28.482093811], [56.8487091064, -14.1448307037, -36.534828186, 14.7710933685, -3.39715695381, -20.2199878693, 5.89736938477, 2.32438206673, 0.342318177223, -8.03738880157, -11.437505722, 28.482093811, 83.7270507812]],
