{
"lowlevel": {
    "average_loudness": 0.380805432796,
    "barkbands_crest": {
        "dmean": 2.12162709236,
        "dmean2": 3.54496526718,
        "dvar": 5.30642557144,
        "dvar2": 15.0819606781,
        "max": 25.7139797211,
        "mean": 12.7802610397,
        "median": 11.8946046829,
        "min": 4.22961521149,
        "var": 17.9276885986
    },
    "barkbands_flatness_db": {
        "dmean": 0.0294256210327,
        "dmean2": 0.0445755645633,
        "dvar": 0.00125178310554,
        "dvar2": 0.00261794240214,
        "max": 0.550860404968,
        "mean": 0.305248200893,
        "median": 0.311327368021,
        "min": 0.0328419990838,
        "var": 0.00667261891067
    },
    "barkbands_kurtosis": {
        "dmean": 4.13680505753,
        "dmean2": 6.78854417801,
        "dvar": 56.4380645752,
        "dvar2": 151.319946289,
        "max": 148.591751099,
        "mean": 9.60058879852,
        "median": 5.89865779877,
        "min": -1.61108517647,
        "var": 160.314407349
    },
    "barkbands_skewness": {
        "dmean": 0.502630770206,
        "dmean2": 0.809158563614,
        "dvar": 0.368328720331,
        "dvar2": 0.976410269737,
        "max": 8.84455966949,
        "mean": 1.90549850464,
        "median": 1.74661910534,
        "min": -1.62447941303,
        "var": 1.39453613758
    },
    "barkbands_spread": {
        "dmean": 1.628672719,
        "dmean2": 2.57748889923,
        "dvar": 13.8940944672,
        "dvar2": 31.7558727264,
        "max": 90.9152069092,
        "mean": 5.75810098648,
        "median": 3.90908551216,
        "min": 0.326925516129,
        "var": 37.2299499512
    },
    "dissonance": {
        "dmean": 0.0396479405463,
        "dmean2": 0.0664543583989,
        "dvar": 0.00162827118766,
        "dvar2": 0.00431105494499,
        "max": 0.498739928007,
        "mean": 0.369055509567,
        "median": 0.377517163754,
        "min": 0.136217877269,
        "var": 0.00493597704917
    },
    "dynamic_complexity": 6.30085611343,
    "erbbands_crest": {
        "dmean": 2.43857312202,
        "dmean2": 4.01790761948,
        "dvar": 7.15738105774,
        "dvar2": 19.778717041,
        "max": 28.7890319824,
        "mean": 13.2566814423,
        "median": 12.7657184601,
        "min": 3.25685238838,
        "var": 23.117395401
    },
    "erbbands_flatness_db": {
        "dmean": 0.0253253113478,
        "dmean2": 0.0369996912777,
        "dvar": 0.000935904099606,
        "dvar2": 0.0020366802346,
        "max": 0.465252667665,
        "mean": 0.296310603619,
        "median": 0.309483796358,
        "min": 0.0461149252951,
        "var": 0.00545538216829
    },
    "erbbands_kurtosis": {
        "dmean": 1.67323422432,
        "dmean2": 2.77653694153,
        "dvar": 7.38316392899,
        "dvar2": 19.7514076233,
        "max": 32.5127830505,
        "mean": 3.11513447762,
        "median": 1.28947114944,
        "min": -1.74704444408,
        "var": 25.557762146
    },
    "erbbands_skewness": {
        "dmean": 0.35991564393,
        "dmean2": 0.573562085629,
        "dvar": 0.188697189093,
        "dvar2": 0.471269845963,
        "max": 4.77209234238,
        "mean": 1.09967529774,
        "median": 1.01111376286,
        "min": -1.93676555157,
        "var": 0.910515189171
    },
    "erbbands_spread": {
        "dmean": 3.89718937874,
        "dmean2": 6.12183141708,
        "dvar": 39.2441101074,
        "dvar2": 90.7394866943,
        "max": 91.1194076538,
        "mean": 17.3854427338,
        "median": 14.6087665558,
        "min": 1.57903862,
        "var": 175.224761963
    },
    "hfc": {
        "dmean": 2.07606601715,
        "dmean2": 3.060536623,
        "dvar": 24.5993404388,
        "dvar2": 54.8674087524,
        "max": 111.666305542,
        "mean": 6.25664424896,
        "median": 3.09762954712,
        "min": 1.15065177485e-16,
        "var": 71.2122192383
    },
    "melbands_crest": {
        "dmean": 2.66260719299,
        "dmean2": 4.47870206833,
        "dvar": 8.15759944916,
        "dvar2": 22.8061084747,
        "max": 33.4281082153,
        "mean": 16.6326656342,
        "median": 15.7606906891,
        "min": 3.72498941422,
        "var": 29.1653747559
    },
    "melbands_flatness_db": {
        "dmean": 0.0308852419257,
        "dmean2": 0.0454381108284,
        "dvar": 0.00142943509854,
        "dvar2": 0.00302798557095,
        "max": 0.617056727409,
        "mean": 0.396306753159,
        "median": 0.404253572226,
        "min": 0.0124995391816,
        "var": 0.00858478993177
    },
    "melbands_kurtosis": {
        "dmean": 4.75263881683,
        "dmean2": 7.64446783066,
        "dvar": 62.8507156372,
        "dvar2": 160.128601074,
        "max": 133.322189331,
        "mean": 11.388297081,
        "median": 7.36330127716,
        "min": -1.52884054184,
        "var": 162.406906128
    },
    "melbands_skewness": {
        "dmean": 0.507392883301,
        "dmean2": 0.810735404491,
        "dvar": 0.371713370085,
        "dvar2": 0.923896372318,
        "max": 9.28159618378,
        "mean": 2.13349151611,
        "median": 1.95837938786,
        "min": -0.910310447216,
        "var": 1.52355921268
    },
    "melbands_spread": {
        "dmean": 1.84045827389,
        "dmean2": 2.88393187523,
        "dvar": 17.268245697,
        "dvar2": 36.9491653442,
        "max": 133.922851562,
        "mean": 6.8642873764,
        "median": 4.93393802643,
        "min": 0.569068074226,
        "var": 44.0195083618
    },
    "pitch_salience": {
        "dmean": 0.0576369874179,
        "dmean2": 0.0958682969213,
        "dvar": 0.00398227060214,
        "dvar2": 0.0106267491356,
        "max": 0.903679430485,
        "mean": 0.532115101814,
        "median": 0.53617721796,
        "min": 0.151079446077,
        "var": 0.0139971701428
    },
    "silence_rate_20dB": {
        "dmean": 0,
        "dmean2": 0,
        "dvar": 0,
        "dvar2": 0,
        "max": 1,
        "mean": 1,
        "median": 1,
        "min": 1,
        "var": 0
    },
    "silence_rate_30dB": {
        "dmean": 0.0134020615369,
        "dmean2": 0.0268179476261,
        "dvar": 0.0132223088294,
        "dvar2": 0.030224936083,
        "max": 1,
        "mean": 0.982483267784,
        "median": 1,
        "min": 0,
        "var": 0.0172099936754
    },
    "silence_rate_60dB": {
        "dmean": 0.0515463910997,
        "dmean2": 0.102630220354,
        "dvar": 0.0488888658583,
        "dvar2": 0.105504408479,
        "max": 1,
        "mean": 0.292117476463,
        "median": 0,
        "min": 0,
        "var": 0.206781938672
    },
    "spectral_centroid": {
        "dmean": 76.7271881104,
        "dmean2": 116.345207214,
        "dvar": 51536.078125,
        "dvar2": 63054.9414062,
        "max": 10992.8769531,
        "mean": 479.816070557,
        "median": 397.594909668,
        "min": 193.704452515,
        "var": 125847.085938
    },
    "spectral_complexity": {
        "dmean": 1.19123709202,
        "dmean2": 1.86281585693,
        "dvar": 3.39178514481,
        "dvar2": 6.59176683426,
        "max": 32,
        "mean": 6.79907274246,
        "median": 6,
        "min": 0,
        "var": 19.7194652557
    },
    "spectral_decrease": {
        "dmean": 1.54893053939e-09,
        "dmean2": 2.31298202813e-09,
        "dvar": 1.38434159718e-17,
        "dvar2": 2.76865705546e-17,
        "max": -7.37301729356e-30,
        "mean": -4.52390835903e-09,
        "median": -2.17128071078e-09,
        "min": -7.4728163213e-08,
        "var": 4.64694384788e-17
    },
    "spectral_energy": {
        "dmean": 0.0060252440162,
        "dmean2": 0.00898970942944,
        "dvar": 0.000206878568861,
        "dvar2": 0.000414063310018,
        "max": 0.287733435631,
        "mean": 0.0176417399198,
        "median": 0.00845784228295,
        "min": 1.04645787267e-20,
        "var": 0.000696431088727
    },
    "spectral_energyband_high": {
        "dmean": 2.04717052839e-05,
        "dmean2": 3.23337917507e-05,
        "dvar": 3.58203671169e-08,
        "dvar2": 9.31661432446e-08,
        "max": 0.00638519274071,
        "mean": 2.01092116185e-05,
        "median": 3.55322839596e-07,
        "min": 6.97716426151e-21,
        "var": 2.96332185457e-08
    },
    "spectral_energyband_low": {
        "dmean": 0.00122935778927,
        "dmean2": 0.00171546323691,
        "dvar": 2.02063347388e-05,
        "dvar2": 4.14288697357e-05,
        "max": 0.111683093011,
        "mean": 0.00265791011043,
        "median": 0.000632860697806,
        "min": 4.67227767567e-23,
        "var": 5.62864770473e-05
    },
    "spectral_energyband_middle_high": {
        "dmean": 0.00041484850226,
        "dmean2": 0.000569964118768,
        "dvar": 1.6475502207e-06,
        "dvar2": 3.47489549313e-06,
        "max": 0.0269071348011,
        "mean": 0.00119871390052,
        "median": 0.000285977992462,
        "min": 1.53621636723e-21,
        "var": 5.50350523554e-06
    },
    "spectral_energyband_middle_low": {
        "dmean": 0.00530405016616,
        "dmean2": 0.00813945941627,
        "dvar": 0.000169840233866,
        "dvar2": 0.000358135730494,
        "max": 0.255428791046,
        "mean": 0.014154179953,
        "median": 0.0067044054158,
        "min": 6.78532712283e-22,
        "var": 0.000462454510853
    },
    "spectral_entropy": {
        "dmean": 0.265915215015,
        "dmean2": 0.398386031389,
        "dvar": 0.127069979906,
        "dvar2": 0.268032342196,
        "max": 9.79761505127,
        "mean": 5.82965087891,
        "median": 5.73464775085,
        "min": 3.79709005356,
        "var": 0.590152740479
    },
    "spectral_flux": {
        "dmean": 0.0180692728609,
        "dmean2": 0.0282706711441,
        "dvar": 0.000952327041887,
        "dvar2": 0.00228355708532,
        "max": 0.327437877655,
        "mean": 0.0375247262418,
        "median": 0.0231342986226,
        "min": 1.02296525417e-10,
        "var": 0.00175893038977
    },
    "spectral_kurtosis": {
        "dmean": 16.7676181793,
        "dmean2": 28.1789283752,
        "dvar": 336.343566895,
        "dvar2": 874.282470703,
        "max": 310.834869385,
        "mean": 47.4018821716,
        "median": 34.2546463013,
        "min": -1.19666659832,
        "var": 1924.06921387
    },
    "spectral_rms": {
        "dmean": 0.000589126197156,
        "dmean2": 0.000857250124682,
        "dvar": 1.01552393517e-06,
        "dvar2": 1.87156479114e-06,
        "max": 0.0167545676231,
        "mean": 0.00334989489056,
        "median": 0.00287255179137,
        "min": 3.1952064692e-12,
        "var": 5.98965789322e-06
    },
    "spectral_rolloff": {
        "dmean": 100.972511292,
        "dmean2": 178.394973755,
        "dvar": 190959.484375,
        "dvar2": 359237.34375,
        "max": 19272.2167969,
        "mean": 575.46472168,
        "median": 430.6640625,
        "min": 129.19921875,
        "var": 433323.5625
    },
    "spectral_skewness": {
        "dmean": 1.02164077759,
        "dmean2": 1.70730268955,
        "dvar": 0.962189555168,
        "dvar2": 2.46731162071,
        "max": 15.1263885498,
        "mean": 4.74541139603,
        "median": 4.23182153702,
        "min": 0.0136114405468,
        "var": 6.23861837387
    },
    "spectral_spread": {
        "dmean": 502036.8125,
        "dmean2": 769145.3125,
        "dvar": 739946921984,
        "dvar2": 818724274176,
        "max": 40588504,
        "mean": 2077999.875,
        "median": 1696876.75,
        "min": 304937.5,
        "var": 2.85494581658e+12
    },
    "spectral_strongpeak": {
        "dmean": 0.238856822252,
        "dmean2": 0.393097668886,
        "dvar": 0.148601740599,
        "dvar2": 0.383818149567,
        "max": 3.97480678558,
        "mean": 0.738443017006,
        "median": 0.574474275112,
        "min": 0,
        "var": 0.401675790548
    },
    "zerocrossingrate": {
        "dmean": 0.00352846132591,
        "dmean2": 0.00475841294974,
        "dvar": 0.000130286993226,
        "dvar2": 0.000270091288257,
        "max": 0.4970703125,
        "mean": 0.0235534701496,
        "median": 0.01953125,
        "min": 0.00537109375,
        "var": 0.000413877132814
    },
    "barkbands": {
        "dmean": [1.93027381101e-06, 0.0002402891987, 0.000921599799767, 0.000529166311026, 0.00335963675752, 0.00148589874152, 0.000886184338015, 0.000140887146699, 3.99294876843e-05, 0.000114732167276, 7.0851885539e-05, 8.51039003464e-05, 3.05459871015e-05, 7.14305933798e-05, 4.1614206566e-05, 3.84396698792e-05, 3.56583659595e-05, 2.3846521799e-05, 2.18951772695e-05, 5.36711331733e-06, 9.24310188566e-06, 3.51133098775e-06, 1.85569297173e-06, 1.5268963125e-06, 9.09921084258e-07, 6.23256028121e-07, 1.35348994235e-08],
        "dmean2": [3.53819655174e-06, 0.00032424723031, 0.00128344807308, 0.000804828479886, 0.0051309261471, 0.00259690731764, 0.00131143024191, 0.000210298152524, 6.0559486883e-05, 0.000151563363033, 0.000100910256151, 0.000123298712424, 4.28159582953e-05, 0.000108894142613, 5.99714730924e-05, 5.97529688093e-05, 5.71752207179e-05, 3.4060296457e-05, 3.26500376104e-05, 8.87996975507e-06, 1.42454473462e-05, 5.2349323596e-06, 3.29465001414e-06, 2.74329613603e-06, 1.67155724284e-06, 1.18098921575e-06, 2.49426612697e-08],
        "dvar": [2.74399725164e-10, 8.39772098971e-07, 1.3095862414e-05, 2.30118916988e-06, 0.000118583382573, 1.18660127555e-05, 6.85649229126e-06, 1.83726228897e-07, 1.79312351634e-08, 2.07604927027e-07, 7.935641122e-08, 9.82181020959e-08, 7.6049815334e-09, 1.0156157515e-07, 4.83818389796e-08, 5.63498758765e-08, 6.91727706226e-08, 2.8455184875e-08, 1.42367868605e-08, 2.06977790462e-09, 9.86902293221e-09, 5.80625270086e-10, 6.99401536686e-10, 2.88040730156e-10, 1.23179980105e-10, 8.36624380884e-11, 2.83362971691e-15],
        "dvar2": [8.070982771e-10, 1.27922442061e-06, 2.83034005406e-05, 4.85410828333e-06, 0.000258386542555, 4.19289171987e-05, 1.35652844619e-05, 4.08397454521e-07, 3.97678476816e-08, 2.70426824045e-07, 1.4301082274e-07, 1.88634146525e-07, 1.3596594961e-08, 2.2061149707e-07, 1.0494264302e-07, 1.52485199578e-07, 2.02638062774e-07, 6.42999751221e-08, 3.18652979558e-08, 5.96213123316e-09, 2.3932082982e-08, 1.35390743061e-09, 2.03872696503e-09, 8.21762546899e-10, 3.57301022103e-10, 2.4743068705e-10, 7.57745340812e-15],
        "max": [0.000485892727738, 0.0330169796944, 0.0851049050689, 0.0305725391954, 0.228894636035, 0.0418403223157, 0.0489004217088, 0.00888343341649, 0.00321508548222, 0.0189253631979, 0.00863983109593, 0.00617457460612, 0.00201926124282, 0.00900642760098, 0.00415863562375, 0.00491092400625, 0.00744167761877, 0.00591527437791, 0.00385299045593, 0.00136819225736, 0.00356607721187, 0.000677224015817, 0.000841759319883, 0.00049685157137, 0.000350232963683, 0.000283484579995, 8.9295252792e-07],
        "mean": [1.55697205173e-06, 0.000416860799305, 0.00190218852367, 0.00113415287342, 0.00649380823597, 0.00357875484042, 0.00238880957477, 0.000356057920726, 9.87401072052e-05, 0.000329189555487, 0.000187886398635, 0.000225229960051, 8.7068277935e-05, 0.000156379217515, 7.79549009167e-05, 6.09047128819e-05, 5.16907675774e-05, 3.99868331442e-05, 3.19048303936e-05, 6.07944411968e-06, 9.58416330832e-06, 3.72027307094e-06, 1.30219007133e-06, 1.00534919056e-06, 5.78731032874e-07, 3.74850202434e-07, 1.01869250813e-08],
        "median": [3.67726357808e-07, 5.43462192582e-05, 0.000249102478847, 0.000294316530926, 0.00126264267601, 0.00140876718797, 0.000504125433508, 4.59329312434e-05, 1.90357095562e-05, 4.12872177549e-05, 1.5581254047e-05, 3.44026484527e-05, 1.47741166074e-05, 1.48059807543e-05, 3.85998191632e-06, 6.98235544405e-06, 3.6023272969e-06, 1.70430928392e-06, 9.49487855451e-07, 2.09919519989e-07, 1.0275486062e-07, 3.06944158979e-08, 1.91096152236e-08, 1.93329139364e-08, 1.9848167554e-08, 2.02773797753e-08, 2.10403627854e-09],
        "min": [1.71568269648e-23, 1.52446896617e-23, 5.61564519334e-24, 3.41923365888e-23, 7.68782249481e-23, 2.26030358798e-22, 7.31695878843e-23, 5.11453234735e-23, 2.10793844891e-22, 2.88166313284e-23, 8.47872118553e-23, 1.61853507554e-22, 2.71752452875e-23, 1.4972699888e-22, 8.77581629985e-23, 8.94697702818e-23, 2.36288907958e-22, 2.74506075994e-22, 2.36220750376e-22, 2.57157068313e-22, 2.90199384542e-22, 4.29031330796e-22, 5.15028882472e-22, 9.42028864882e-22, 1.19786668008e-21, 1.49105323475e-21, 2.33927404244e-21],
        "var": [1.51321385977e-10, 3.04925515593e-06, 3.41178965755e-05, 6.98432813806e-06, 0.000242630048888, 2.85615005851e-05, 2.2228799935e-05, 5.75037347517e-07, 6.11371078207e-08, 1.25168469367e-06, 3.77330479751e-07, 3.48795424543e-07, 3.75243622841e-08, 2.73638192994e-07, 1.07332844834e-07, 6.37470023435e-08, 5.46848610838e-08, 4.85985616194e-08, 2.68461430863e-08, 1.33290201099e-09, 9.59204449202e-09, 6.44680919759e-10, 3.94731219933e-10, 1.68464950323e-10, 6.90304619022e-11, 4.37849166646e-11, 1.92973862428e-15]
    },
    "erbbands": {
        "dmean": [0.00115964142606, 0.0911833718419, 0.98494964838, 1.1528865099, 10.5699043274, 9.12285900116, 6.50446081161, 13.0330181122, 17.9637355804, 4.9011797905, 2.61881756783, 1.07308363914, 3.11916780472, 2.04131364822, 3.52120375633, 3.76598024368, 1.5242305994, 3.54036593437, 3.08282160759, 1.57385921478, 2.02571058273, 1.8851890564, 1.48914027214, 1.13590633869, 0.76190662384, 0.277644187212, 0.431463956833, 0.267642319202, 0.139559730887, 0.0673761963844, 0.0526868700981, 0.0407574363053, 0.0202267728746, 0.00713911792263, 0.00800374150276, 0.00291212671436, 0.00139774812851, 0.000119154872664, 4.8375818551e-06, 6.7531550485e-06],
        "dmean2": [0.0016047420213, 0.12395132333, 1.36008226871, 1.69867742062, 16.1546058655, 13.7984743118, 10.4028749466, 23.0490760803, 28.2068595886, 7.37875032425, 3.68569087982, 1.56837701797, 4.28124332428, 2.74615478516, 4.95755290985, 5.33244943619, 2.08034563065, 5.21171855927, 4.55190038681, 2.3692317009, 3.10243868828, 3.08460736275, 2.15475988388, 1.70982861519, 1.08036088943, 0.438020765781, 0.686139047146, 0.421980798244, 0.212904646993, 0.111559718847, 0.0934453606606, 0.0724776610732, 0.0365249365568, 0.012934516184, 0.0147785274312, 0.00547444913536, 0.00268237176351, 0.000224781630095, 7.95885534899e-06, 1.00642246252e-05],
        "dvar": [1.65883357113e-05, 0.124215222895, 15.1766529083, 7.50219583511, 1363.14672852, 761.114929199, 210.842910767, 1089.02087402, 2183.22436523, 160.792663574, 63.6862220764, 13.8741188049, 117.555458069, 46.7191123962, 182.996902466, 223.372039795, 17.9957828522, 239.758773804, 181.147125244, 80.7390441895, 153.930953979, 288.788787842, 94.5258102417, 45.8901939392, 16.8317642212, 3.09259319305, 18.5936565399, 7.70476388931, 1.06230378151, 0.43412271142, 0.63225376606, 0.170570090413, 0.0672338157892, 0.00314798229374, 0.0135795809329, 0.00145649246406, 0.000646893284284, 1.86314264283e-06, 8.73729311124e-10, 2.55868159993e-10],
        "dvar2": [2.75890743069e-05, 0.209066614509, 31.5095157623, 16.0680904388, 2939.19970703, 1668.35656738, 646.634033203, 3827.38012695, 4946.65771484, 367.522491455, 117.554420471, 31.1500339508, 171.780563354, 69.3492202759, 319.786346436, 427.866546631, 31.5700588226, 496.345489502, 409.598052979, 200.412750244, 409.161834717, 850.973266602, 203.812744141, 114.363113403, 33.6438598633, 8.26038837433, 46.2926025391, 18.6202850342, 2.57378125191, 1.18933081627, 1.8382191658, 0.4875690341, 0.191559895873, 0.00902312807739, 0.0394957922399, 0.00426880549639, 0.00191985128913, 5.51976154384e-06, 2.52590814931e-09, 5.16618914315e-10],
        "max": [0.13907712698, 11.5975294113, 94.2497024536, 44.8579711914, 799.632080078, 522.971679688, 202.271636963, 423.108978271, 844.274414062, 234.749572754, 239.461395264, 91.7352981567, 410.444580078, 264.47164917, 428.837738037, 314.079925537, 101.938957214, 485.286590576, 248.572097778, 244.075881958, 245.542831421, 522.207397461, 319.689697266, 210.17074585, 123.22819519, 46.2802772522, 143.026443481, 99.7961349487, 30.4958782196, 19.6456985474, 25.6624546051, 11.6064662933, 8.20919322968, 1.35951399803, 3.73365545273, 1.1637506485, 0.800911724567, 0.0419577844441, 0.00091843289556, 0.000315636541927],
        "mean": [0.00220059650019, 0.165883168578, 1.96486365795, 2.90317487717, 17.4787044525, 20.1926956177, 15.9610519409, 31.6094150543, 45.3955841064, 12.7672481537, 7.99641609192, 3.1379802227, 8.86932945251, 5.94838857651, 9.74250221252, 10.3148403168, 4.60195732117, 8.31856250763, 6.12506580353, 2.5902159214, 3.43826842308, 2.65504074097, 2.5611872673, 1.70401442051, 1.14802157879, 0.344629764557, 0.436660170555, 0.291494160891, 0.145211607218, 0.0621649473906, 0.0373101420701, 0.0277007762343, 0.0132511360571, 0.00482401158661, 0.00498251663521, 0.00181123742368, 0.000807457021438, 7.68224199419e-05, 1.0162540093e-05, 1.97108583961e-05],
        "median": [0.000416567258071, 0.0227719340473, 0.283471494913, 1.14190864563, 1.67275583744, 4.16523075104, 8.35044193268, 9.16075897217, 11.0337238312, 4.24540615082, 1.86728918552, 0.906006097794, 1.46350908279, 1.17121613026, 1.33019578457, 1.69139695168, 0.881024539471, 1.1319642067, 0.37102034688, 0.390890151262, 0.369985282421, 0.216985538602, 0.13973775506, 0.073316976428, 0.0358015522361, 0.011905470863, 0.00624011876062, 0.00279165338725, 0.0012932169484, 0.000723162724171, 0.000540328677744, 0.000428818952059, 0.000315825280268, 0.00023258451256, 0.000153905129991, 9.16859717108e-05, 3.64465740859e-05, 9.27823202801e-06, 4.56922771264e-06, 9.47640182858e-06],
        "min": [6.81393664662e-22, 2.46804199157e-21, 6.33586704614e-21, 6.82306132119e-20, 8.49889693048e-20, 2.54293544122e-19, 1.56405005942e-18, 1.52834449808e-18, 1.45317270216e-18, 6.16412717728e-19, 1.25303159666e-18, 3.12814354582e-18, 4.1517518433e-18, 2.74112145364e-18, 3.90392191434e-18, 5.22652126167e-18, 1.67928924344e-18, 4.63911425251e-18, 7.03492874584e-18, 5.34508271323e-18, 7.4645324416e-18, 1.35576614661e-17, 1.69654015716e-17, 1.10658228842e-17, 1.4335362616e-17, 1.0221057239e-17, 9.41231696385e-18, 1.37076433733e-17, 1.60646895656e-17, 1.4909993407e-17, 1.43528227444e-17, 2.13850325475e-17, 1.41404292328e-17, 1.15290341011e-17, 9.1281564352e-18, 5.48340426885e-18, 3.08770806234e-18, 1.12577234096e-18, 3.02595877112e-19, 3.60116472408e-20],
        "var": [6.02658656135e-05, 0.41019308567, 40.0414810181, 25.8510074615, 2665.37768555, 1790.59423828, 455.753051758, 2787.62915039, 6255.22216797, 469.091461182, 301.204650879, 48.3788299561, 690.32989502, 263.378845215, 893.739990234, 726.610534668, 91.481590271, 718.245239258, 409.318084717, 85.4793319702, 206.400054932, 222.998413086, 158.064071655, 71.0701217651, 37.9578704834, 2.7077293396, 16.1691513062, 8.27192783356, 1.06800746918, 0.327491730452, 0.359727442265, 0.100263267756, 0.039411727339, 0.00184021680616, 0.00752576813102, 0.000785439275205, 0.000335156015353, 9.72501084107e-07, 6.29466090363e-10, 8.5495027724e-10]
    },
    "gfcc": {
        "mean": [-191.391387939, 182.517456055, -100.18536377, -12.1363430023, -45.8554611206, -17.8327121735, -46.0823326111, -17.6038608551, -26.943145752, -10.1741857529, -7.37971448898, -4.94077634811, -8.09613418579],
        "cov": [[10376.4882812, 1197.73828125, -2853.30371094, 898.88885498, 457.972259521, -683.684875488, 40.6930961609, -359.106933594, 44.3446083069, -203.600952148, 288.944458008, -487.661071777, 89.4967575073], [1197.73828125, 2048.74609375, -83.5875778198, -635.556640625, 413.601226807, -350.228271484, 24.4147815704, -219.351531982, 183.828094482, -298.470611572, 224.08480835, -237.919769287, 165.418609619], [-2853.30371094, -83.5875778198, 1873.7947998, -210.452835083, -281.071105957, 248.273178101, -73.9035797119, 74.2689361572, 21.8211746216, 119.68145752, -154.659927368, 119.054077148, -91.9297866821], [898.88885498, -635.556640625, -210.452835083, 889.119018555, 79.0591659546, 14.4100236893, 91.138130188, 40.2466545105, -60.5239715576, 85.1266479492, -42.7731246948, -25.9643821716, -71.6316680908], [457.972259521, 413.601226807, -281.071105957, 79.0591659546, 454.27230835, -63.0428466797, 0.721151709557, -21.7766208649, 19.6017780304, -92.0675048828, 63.1010398865, -65.5457611084, 10.647726059], [-683.684875488, -350.228271484, 248.273178101, 14.4100236893, -63.0428466797, 260.283660889, -3.43908429146, 76.8994216919, -24.7330226898, 55.5058135986, -59.999786377, 89.3617858887, -35.1878089905], [40.6930961609, 24.4147815704, -73.9035797119, 91.138130188, 0.721151709557, -3.43908429146, 169.044403076, 35.0458946228, -22.611913681, -16.3058414459, 12.9184532166, 10.7295875549, 23.7621593475], [-359.106933594, -219.351531982, 74.2689361572, 40.2466545105, -21.7766208649, 76.8994216919, 35.0458946228, 164.99546814, -8.94849777222, 19.656162262, -40.3229255676, 54.2076950073, -18.1685695648], [44.3446083069, 183.828094482, 21.8211746216, -60.5239715576, 19.6017780304, -24.7330226898, -22.611913681, -8.94849777222, 138.559036255, 19.9024505615, 14.5740604401, -43.2489852905, 21.9543113708], [-203.600952148, -298.470611572, 119.68145752, 85.1266479492, -92.0675048828, 55.5058135986, -16.3058414459, 19.656162262, 19.9024505615, 144.859436035, -12.6919193268, 28.2603969574, -46.1483535767], [288.944458008, 224.08480835, -154.659927368, -42.7731246948, 63.1010398865, -59.999786377, 12.9184532166, -40.3229255676, 14.5740604401, -12.6919193268, 144.572296143, -1.00667417049, -5.27517127991], [-487.661071777, -237.919769287, 119.054077148, -25.9643821716, -65.5457611084, 89.3617858887, 10.7295875549, 54.2076950073, -43.2489852905, 28.2603969574, -1.00667417049, 134.640411377, -15.2023487091], [89.4967575073, 165.418609619, -91.9297866821, -71.6316680908, 10.647726059, -35.1878089905, 23.7621593475, -18.1685695648, 21.9543113708, -46.1483535767, -5.27517127991, -15.2023487091, 110.122169495]],
        "icov": [[0.000393267167965, -0.00100855482742, 0.000781326729339, -0.000909422291443, 0.000803379283752, -0.000243784466875, 0.000798097695224, -0.000128445448354, 0.000513820676133, -0.000718432245776, 0.000686104991473, -0.000306264206301, 0.000494170351885], [-0.00100855482742, 0.00592129677534, -0.00299281207845, 0.00413623778149, -0.00403650989756, 0.00212354701944, -0.00393146369606, 0.00173617654946, -0.00343638961203, 0.00524224573746, -0.00491780368611, 0.00397282652557, -0.0024844056461], [0.000781326729339, -0.00299281207845, 0.00260755652562, -0.00211654021405, 0.00239585991949, -0.00128894601949, 0.00211504218169, -0.000492558523547, 0.00124353659339, -0.00253043463454, 0.00304733286612, -0.00193604861852, 0.00204986007884], [-0.000909422291443, 0.00413623778149, -0.00211654021405, 0.00474534928799, -0.00347026926465, 0.00146801432129, -0.00393323833123, 0.00102392933331, -0.00157625903375, 0.00199847272597, -0.00236973608844, 0.00299636879936, -0.000880121719092], [0.000803379283752, -0.00403650989756, 0.00239585991949, -0.00347026926465, 0.00598739553243, -0.00183604971971, 0.00331630767323, -0.00148407288361, 0.00162482494488, -0.00112957751844, 0.00190499261953, -0.00153267732821, 0.00210954574868], [-0.000243784466875, 0.00212354701944, -0.00128894601949, 0.00146801432129, -0.00183604971971, 0.00720264809206, -0.00137785822153, -0.00033704796806, -0.00123571511358, 0.000694576709066, 0.0002419516386, -0.0016859282041, -7.5834155723e-05], [0.000798097695224, -0.00393146369606, 0.00211504218169, -0.00393323833123, 0.00331630767323, -0.00137785822153, 0.010381154716, -0.0032509828452, 0.00338818668388, -0.00243309512734, 0.00113651377615, -0.00218174350448, -0.00101504684426], [-0.000128445448354, 0.00173617654946, -0.000492558523547, 0.00102392933331, -0.00148407288361, -0.00033704796806, -0.0032509828452, 0.00940087623894, -0.00272402074188, 0.00199257722124, 0.00124225358013, -0.00193621416111, 0.00120987102855], [0.000513820676133, -0.00343638961203, 0.00124353659339, -0.00157625903375, 0.00162482494488, -0.00123571511358, 0.00338818668388, -0.00272402074188, 0.0125073352829, -0.0068841483444, 0.000954190734774, 0.00206423178315, -0.00202308828011], [-0.000718432245776, 0.00524224573746, -0.00253043463454, 0.00199847272597, -0.00112957751844, 0.000694576709066, -0.00243309512734, 0.00199257722124, -0.0068841483444, 0.0166521836072, -0.00502640334889, 0.00208797538653, 0.00148003350478], [0.000686104991473, -0.00491780368611, 0.00304733286612, -0.00236973608844, 0.00190499261953, 0.0002419516386, 0.00113651377615, 0.00124225358013, 0.000954190734774, -0.00502640334889, 0.014840462245, -0.00713055254892, 0.0051148138009], [-0.000306264206301, 0.00397282652557, -0.00193604861852, 0.00299636879936, -0.00153267732821, -0.0016859282041, -0.00218174350448, -0.00193621416111, 0.00206423178315, 0.00208797538653, -0.00713055254892, 0.0167656354606, -0.00318878004327], [0.000494170351885, -0.0024844056461, 0.00204986007884, -0.000880121719092, 0.00210954574868, -7.5834155723e-05, -0.00101504684426, 0.00120987102855, -0.00202308828011, 0.00148003350478, 0.0051148138009, -0.00318878004327, 0.0145686483011]]
    },
    "melbands": {
        "dmean": [3.33156131092e-05, 0.000371272064513, 0.000429439707659, 0.000855036487337, 0.00021352978365, 0.000294006109471, 0.000258402491454, 4.26716687798e-05, 1.84246982826e-05, 6.20238370175e-06, 1.6448133465e-05, 9.3637718237e-06, 9.9116768979e-06, 1.11371518869e-05, 5.94495804762e-06, 3.27506654685e-06, 7.299292065e-06, 5.16255931871e-06, 2.12603777072e-06, 2.89695617539e-06, 2.16117837226e-06, 2.1085759272e-06, 1.74263368535e-06, 9.75229113465e-07, 9.71357053459e-07, 7.91785396359e-07, 2.47650575602e-07, 1.75358678689e-07, 2.92911323641e-07, 2.30244694421e-07, 1.24193235251e-07, 8.54371791092e-08, 5.24300851623e-08, 3.26321476507e-08, 3.14318846506e-08, 2.70119731027e-08, 2.53868286393e-08, 1.7624088855e-08, 6.68794752912e-09, 5.34068034241e-09],
        "dmean2": [4.51700143458e-05, 0.000511071819346, 0.000636664684862, 0.00130735710263, 0.000336147553753, 0.000518605986144, 0.000404589052778, 6.47564374958e-05, 2.57988249359e-05, 9.12895484362e-06, 2.23608203669e-05, 1.23569116113e-05, 1.42285171023e-05, 1.59287519637e-05, 8.31536272017e-06, 4.64886397822e-06, 1.07767536974e-05, 7.74953787186e-06, 3.07122832055e-06, 4.47686625193e-06, 3.30048419528e-06, 3.46420688402e-06, 2.56580710811e-06, 1.36987887345e-06, 1.49210916334e-06, 1.15178329452e-06, 3.60784071063e-07, 2.87180540681e-07, 4.82697146253e-07, 3.6328862052e-07, 2.00804223027e-07, 1.31517026603e-07, 8.2669274093e-08, 5.60691013618e-08, 5.69537981221e-08, 4.71500598564e-08, 4.57936515375e-08, 3.20746096349e-08, 1.19780727559e-08, 9.74745884008e-09],
        "dvar": [1.55913095767e-08, 2.12737791117e-06, 1.60614035849e-06, 8.02457270765e-06, 1.86604793839e-07, 5.28624639173e-07, 4.5100213697e-07, 1.26913217713e-08, 3.33731420277e-09, 5.19541021315e-10, 3.62601371151e-09, 1.35593281048e-09, 1.43135858721e-09, 1.42738021403e-09, 4.08993672263e-10, 8.74181491084e-11, 1.20932686087e-09, 5.11857833896e-10, 1.49198486898e-10, 2.92604301899e-10, 1.53332235797e-10, 4.04930922127e-10, 9.34280985909e-11, 4.01789435056e-11, 3.37510054627e-11, 2.22771367325e-11, 1.41462059081e-12, 1.76901505597e-12, 9.10417140981e-12, 5.11031581635e-12, 1.57515287705e-12, 3.810604447e-13, 1.41782893477e-13, 1.45688921539e-13, 2.92810209673e-13, 8.01974453643e-14, 7.28905393617e-14, 6.57735313696e-14, 3.23344726746e-15, 1.4046126077e-15],
        "dvar2": [2.34897914453e-08, 4.31415037383e-06, 3.26135818796e-06, 1.76138000825e-05, 5.27660631633e-07, 1.86779300293e-06, 1.01939167507e-06, 3.148121408e-08, 6.04349770228e-09, 1.18469167809e-09, 5.0950399455e-09, 1.83018944444e-09, 2.60276022956e-09, 2.71657008e-09, 7.35761007675e-10, 1.73274741777e-10, 2.48854892249e-09, 1.21540177922e-09, 3.3348751538e-10, 7.9618922566e-10, 4.02762656559e-10, 1.20195209341e-09, 2.20725340783e-10, 9.07107999826e-11, 8.51885853526e-11, 4.60216829923e-11, 3.17499975963e-12, 4.98893331161e-12, 2.41382209359e-11, 1.09824623354e-11, 3.99704488258e-12, 9.05180986589e-13, 3.44842535603e-13, 4.17243659328e-13, 8.54101457528e-13, 2.30027070525e-13, 2.08246031638e-13, 1.88448391549e-13, 9.18637046857e-15, 4.04401099942e-15],
        "max": [0.00455160299316, 0.0369808003306, 0.0265009589493, 0.0599277690053, 0.00536091532558, 0.00945606268942, 0.0116655332968, 0.00218053208664, 0.00182527524885, 0.000625768501777, 0.00235697091557, 0.00152485677972, 0.00114048842806, 0.000697315961588, 0.000424526253482, 0.000204037933145, 0.00110850634519, 0.000368706620065, 0.000345203996403, 0.000369366840459, 0.00024737988133, 0.000609126640484, 0.000293172284728, 0.000219781490159, 0.000172342130099, 0.000147561513586, 3.2236755942e-05, 3.88843618566e-05, 9.1676840384e-05, 7.80236368882e-05, 4.42590135208e-05, 1.78780974238e-05, 8.85743702383e-06, 1.15447828648e-05, 1.7592081349e-05, 8.14652321424e-06, 7.34205877961e-06, 8.08400909591e-06, 1.52766187966e-06, 8.95829543879e-07],
        "mean": [5.84164336033e-05, 0.000732596439775, 0.000856092898175, 0.0016142365057, 0.000555236358196, 0.000713102286682, 0.000659070094116, 0.000109864005935, 5.62241220905e-05, 1.67659582075e-05, 4.62210373371e-05, 2.62786034e-05, 2.64829686785e-05, 3.01632935589e-05, 1.72060044861e-05, 9.01863950276e-06, 1.65480159922e-05, 1.01096138678e-05, 3.87548197978e-06, 4.29672127211e-06, 3.74284854843e-06, 2.7667294944e-06, 2.84508769255e-06, 1.63734989655e-06, 1.37621179874e-06, 1.15122361422e-06, 3.57212883273e-07, 1.97279902636e-07, 2.80232796968e-07, 2.51042308719e-07, 1.32017689225e-07, 8.81894024474e-08, 5.07037043462e-08, 2.65521169496e-08, 2.17263149693e-08, 1.9080456326e-08, 1.66589781969e-08, 1.12295159838e-08, 4.56408066896e-09, 3.5830935996e-09],
        "median": [8.14309260022e-06, 9.67004161794e-05, 0.000228905133554, 0.000228356977459, 0.000315481011057, 0.000215563297388, 0.000169454695424, 3.83184524253e-05, 8.67816652317e-06, 3.63329490938e-06, 7.12045857654e-06, 3.50786649506e-06, 3.02333182844e-06, 4.95445556226e-06, 2.36658661379e-06, 1.4898361087e-06, 1.79502683295e-06, 3.98699000925e-07, 3.07194312654e-07, 5.5724564163e-07, 2.8906313787e-07, 1.88357716979e-07, 1.52170670731e-07, 7.66163310573e-08, 4.80942645709e-08, 3.1064114836e-08, 1.13208145081e-08, 5.1315134364e-09, 4.01145427986e-09, 2.1702304398e-09, 1.03972619403e-09, 7.18824944013e-10, 4.75973649383e-10, 3.53089529836e-10, 3.02878999658e-10, 2.78541051335e-10, 2.5660215619e-10, 2.2392876442e-10, 2.01727884397e-10, 1.87904206084e-10],
        "min": [5.71918358158e-24, 3.19880138839e-24, 1.18769612047e-23, 9.45615850128e-24, 4.42579493039e-23, 3.76636148726e-23, 1.98198762305e-23, 6.43960567567e-24, 9.60110695945e-24, 2.63791584163e-23, 2.11552015951e-23, 1.00451764845e-23, 1.20083231115e-23, 2.13764045038e-23, 4.50228004386e-24, 3.7917707759e-24, 8.86005339167e-24, 1.31098608694e-23, 5.86639528168e-24, 6.18116143249e-24, 9.18736755846e-24, 1.54134980068e-23, 1.15276401852e-23, 1.55046445736e-23, 7.78861462159e-24, 9.71356065921e-24, 1.1655502705e-23, 5.48886854055e-24, 4.70761895977e-24, 8.40387169626e-24, 7.16634141803e-24, 8.71198814406e-24, 9.19554962377e-24, 8.25332784769e-24, 7.94552931083e-24, 9.16535360604e-24, 1.50758387181e-23, 9.75735190578e-24, 8.93726709707e-24, 1.03456614919e-23],
        "var": [5.81207579842e-08, 5.81087442697e-06, 4.03612966693e-06, 1.64256016433e-05, 4.89705598739e-07, 1.33055198148e-06, 1.33067635488e-06, 3.23384306e-08, 1.63554947363e-08, 1.80653292325e-09, 2.14066702142e-08, 7.74971553597e-09, 6.67226807138e-09, 5.31369481749e-09, 1.78946713003e-09, 4.01886551815e-10, 3.53564932887e-09, 1.03847841437e-09, 2.44816306116e-10, 2.84120615923e-10, 2.32042121628e-10, 2.95481500379e-10, 1.40187014774e-10, 6.81826123339e-11, 5.07022999974e-11, 4.6497829892e-11, 2.67121698025e-12, 1.24421761956e-12, 6.75628953825e-12, 6.17442251841e-12, 1.57456046899e-12, 3.87491281466e-13, 1.52480729865e-13, 9.14788467958e-14, 1.64779594049e-13, 4.7911198934e-14, 4.24645229733e-14, 3.78655643624e-14, 1.93852870869e-15, 8.12882908162e-16]
    },
    "mfcc": {
        "mean": [-835.380554199, 208.539154053, 10.2724781036, 9.427110672, 6.74299812317, -5.07504796982, -8.8206243515, -11.909327507, -17.4545917511, -16.3100891113, -8.50124549866, -2.67806386948, -3.39448308945],
        "cov": [[9551.41796875, 1365.9675293, -2896.87060547, 908.33013916, 131.121566772, -71.4813461304, -62.2470321655, -155.855819702, -229.70854187, -64.7855377197, 39.1432113647, 26.113111496, -201.345840454], [1365.9675293, 2050.54394531, -181.279464722, -327.889984131, 187.065673828, -169.613815308, -106.388793945, -69.1834869385, -81.7911376953, -80.9046478271, -29.8432292938, -32.2934112549, -0.832484543324], [-2896.87060547, -181.279464722, 1673.61938477, -187.673095703, -128.692260742, 77.4915847778, -58.6738548279, -14.1679477692, 77.2593994141, 73.9358139038, -32.1562919617, -27.2754974365, 108.768585205], [908.33013916, -327.889984131, -187.673095703, 646.972961426, 77.7396774292, 57.2553367615, 87.9274749756, -16.4143486023, 7.57484865189, 46.2019233704, 23.612569809, 12.428314209, -2.83763408661], [131.121566772, 187.065673828, -128.692260742, 77.7396774292, 317.441955566, 48.1463470459, 1.80715513229, 30.3895626068, -1.35473132133, 7.83839702606, 16.4180240631, -1.56411826611, 3.94889259338], [-71.4813461304, -169.613815308, 77.4915847778, 57.2553367615, 48.1463470459, 164.971969604, 25.7330951691, -6.71215867996, 24.1482658386, 24.4587745667, 9.7629404068, 5.22557020187, 12.0052986145], [-62.2470321655, -106.388793945, -58.6738548279, 87.9274749756, 1.80715513229, 25.7330951691, 169.051376343, 77.043800354, -10.2068853378, -18.8331928253, 10.4164133072, 14.952583313, -17.2867565155], [-155.855819702, -69.1834869385, -14.1679477692, -16.4143486023, 30.3895626068, -6.71215867996, 77.043800354, 156.430282593, 35.9972343445, -23.000043869, 15.7440423965, 11.0879220963, -12.3949518204], [-229.70854187, -81.7911376953, 77.2593994141, 7.57484865189, -1.35473132133, 24.1482658386, -10.2068853378, 35.9972343445, 154.442474365, 60.0536689758, -36.5656661987, -2.83462953568, 9.38188838959], [-64.7855377197, -80.9046478271, 73.9358139038, 46.2019233704, 7.83839702606, 24.4587745667, -18.8331928253, -23.000043869, 60.0536689758, 134.032897949, 26.0467987061, -30.2715435028, 8.63268375397], [39.1432113647, -29.8432292938, -32.1562919617, 23.612569809, 16.4180240631, 9.7629404068, 10.4164133072, 15.7440423965, -36.5656661987, 26.0467987061, 125.076774597, 23.6058158875, -17.0085735321], [26.113111496, -32.2934112549, -27.2754974365, 12.428314209, -1.56411826611, 5.22557020187, 14.952583313, 11.0879220963, -2.83462953568, -30.2715435028, 23.6058158875, 100.720230103, 24.5323047638], [-201.345840454, -0.832484543324, 108.768585205, -2.83763408661, 3.94889259338, 12.0052986145, -17.2867565155, -12.3949518204, 9.38188838959, 8.63268375397, -17.0085735321, 24.5323047638, 103.079872131]],
