{
"lowlevel": {
    "average_loudness": 0.290932059288,
    "barkbands_crest": {
        "dmean": 2.14758729935,
        "dmean2": 3.55140113831,
        "dvar": 4.24386405945,
        "dvar2": 10.3368759155,
        "max": 26.2681064606,
        "mean": 14.5179462433,
        "median": 13.4726209641,
        "min": 3.62772369385,
        "var": 24.6832313538
    },
    "barkbands_flatness_db": {
        "dmean": 0.0247646719217,
        "dmean2": 0.0347116217017,
        "dvar": 0.00073125725612,
        "dvar2": 0.00131479778793,
        "max": 0.555471420288,
        "mean": 0.282105416059,
        "median": 0.252449721098,
        "min": 0.0270965714008,
        "var": 0.00973455421627
    },
    "barkbands_kurtosis": {
        "dmean": 10.9680919647,
        "dmean2": 18.9742488861,
        "dvar": 1048.14855957,
        "dvar2": 3328.51416016,
        "max": 506.025421143,
        "mean": 19.8815574646,
        "median": 8.64247608185,
        "min": -1.69715821743,
        "var": 1848.98071289
    },
    "barkbands_skewness": {
        "dmean": 0.729131996632,
        "dmean2": 1.18599367142,
        "dvar": 1.28720664978,
        "dvar2": 3.64974164963,
        "max": 16.8339500427,
        "mean": 2.72796201706,
        "median": 2.5296754837,
        "min": -1.51964557171,
        "var": 4.1575255394
    },
    "barkbands_spread": {
        "dmean": 2.38720393181,
        "dmean2": 3.72039985657,
        "dvar": 16.5770149231,
        "dvar2": 40.0830230713,
        "max": 108.20614624,
        "mean": 8.88786315918,
        "median": 7.31724452972,
        "min": 0.129105255008,
        "var": 70.0285110474
    },
    "dissonance": {
        "dmean": 0.0250495299697,
        "dmean2": 0.0397085770965,
        "dvar": 0.000592497875914,
        "dvar2": 0.00137949467171,
        "max": 0.499993890524,
        "mean": 0.432534724474,
        "median": 0.446743309498,
        "min": 0.211228996515,
        "var": 0.00246050045826
    },
    "dynamic_complexity": 4.38889408112,
    "erbbands_crest": {
        "dmean": 2.86244416237,
        "dmean2": 4.67611646652,
        "dvar": 6.8533115387,
        "dvar2": 18.0117835999,
        "max": 28.4065532684,
        "mean": 11.966835022,
        "median": 11.4709062576,
        "min": 1.88154482841,
        "var": 21.9457855225
    },
    "erbbands_flatness_db": {
        "dmean": 0.0213234014809,
        "dmean2": 0.0304876975715,
        "dvar": 0.000512115366291,
        "dvar2": 0.00100801605731,
        "max": 0.372857660055,
        "mean": 0.214883103967,
        "median": 0.206183835864,
        "min": 0.0299715399742,
        "var": 0.00253155897371
    },
    "erbbands_kurtosis": {
        "dmean": 2.2792904377,
        "dmean2": 3.59977006912,
        "dvar": 21.8607826233,
        "dvar2": 50.9359817505,
        "max": 66.3888931274,
        "mean": 4.20734548569,
        "median": -0.0769340991974,
        "min": -1.60503363609,
        "var": 100.172294617
    },
    "erbbands_skewness": {
        "dmean": 0.452178746462,
        "dmean2": 0.700544893742,
        "dvar": 0.247483596206,
        "dvar2": 0.541499376297,
        "max": 6.62037086487,
        "mean": 1.06383633614,
        "median": 0.660915255547,
        "min": -1.35801374912,
        "var": 2.00956249237
    },
    "erbbands_spread": {
        "dmean": 7.21414804459,
        "dmean2": 10.8679962158,
        "dvar": 91.21434021,
        "dvar2": 198.492370605,
        "max": 88.9493560791,
        "mean": 35.773727417,
        "median": 34.8386917114,
        "min": 1.89941048622,
        "var": 445.566131592
    },
    "hfc": {
        "dmean": 2.28007125854,
        "dmean2": 3.07610487938,
        "dvar": 48.4798316956,
        "dvar2": 78.1510467529,
        "max": 202.544692993,
        "mean": 8.73774242401,
        "median": 3.117831707,
        "min": 2.68650501312e-06,
        "var": 550.000854492
    },
    "melbands_crest": {
        "dmean": 2.44605445862,
        "dmean2": 4.05136108398,
        "dvar": 5.2852897644,
        "dvar2": 12.4783372879,
        "max": 35.6252174377,
        "mean": 17.796792984,
        "median": 16.6987686157,
        "min": 3.74186563492,
        "var": 30.2286090851
    },
    "melbands_flatness_db": {
        "dmean": 0.0287736374885,
        "dmean2": 0.0384575873613,
        "dvar": 0.00101406371687,
        "dvar2": 0.00171144632623,
        "max": 0.698193848133,
        "mean": 0.364660829306,
        "median": 0.326078742743,
        "min": 0.0141150522977,
        "var": 0.0151835065335
    },
    "melbands_kurtosis": {
        "dmean": 12.4941167831,
        "dmean2": 19.9139308929,
        "dvar": 580.224304199,
        "dvar2": 1437.5045166,
        "max": 454.366882324,
        "mean": 29.0090198517,
        "median": 21.8990211487,
        "min": -1.41535079479,
        "var": 1220.42944336
    },
    "melbands_skewness": {
        "dmean": 0.727679610252,
        "dmean2": 1.12301921844,
        "dvar": 0.915378212929,
        "dvar2": 2.09992313385,
        "max": 13.2174091339,
        "mean": 3.46999573708,
        "median": 3.47568511963,
        "min": -1.0136244297,
        "var": 3.04555010796
    },
    "melbands_spread": {
        "dmean": 2.20185065269,
        "dmean2": 3.47854971886,
        "dvar": 28.8331203461,
        "dvar2": 62.7382316589,
        "max": 170.00869751,
        "mean": 8.55156612396,
        "median": 5.87731313705,
        "min": 0.268006742001,
        "var": 171.247741699
    },
    "pitch_salience": {
        "dmean": 0.0549355633557,
        "dmean2": 0.0920578464866,
        "dvar": 0.0028498233296,
        "dvar2": 0.0070555829443,
        "max": 0.818716883659,
        "mean": 0.469426542521,
        "median": 0.489115774632,
        "min": 0.100467413664,
        "var": 0.0130722513422
    },
    "silence_rate_20dB": {
        "dmean": 0,
        "dmean2": 0,
        "dvar": 0,
        "dvar2": 0,
        "max": 1,
        "mean": 1,
        "median": 1,
        "min": 1,
        "var": 0
    },
    "silence_rate_30dB": {
        "dmean": 0.00928792543709,
        "dmean2": 0.0185854416341,
        "dvar": 0.00920160487294,
        "dvar2": 0.0213377289474,
        "max": 1,
        "mean": 0.974729239941,
        "median": 1,
        "min": 0,
        "var": 0.0246320255101
    },
    "silence_rate_60dB": {
        "dmean": 0.0030959751457,
        "dmean2": 0.00567888468504,
        "dvar": 0.00308634247631,
        "dvar2": 0.00564680667594,
        "max": 1,
        "mean": 0.0175348110497,
        "median": 0,
        "min": 0,
        "var": 0.0172283686697
    },
    "spectral_centroid": {
        "dmean": 151.753494263,
        "dmean2": 233.311172485,
        "dvar": 87997.953125,
        "dvar2": 158680.71875,
        "max": 10792.7304688,
        "mean": 649.730163574,
        "median": 511.279144287,
        "min": 116.051628113,
        "var": 292447.65625
    },
    "spectral_complexity": {
        "dmean": 1.42827653885,
        "dmean2": 2.29168820381,
        "dvar": 3.15817117691,
        "dvar2": 6.92214107513,
        "max": 40,
        "mean": 7.94481706619,
        "median": 7,
        "min": 0,
        "var": 37.8460617065
    },
    "spectral_decrease": {
        "dmean": 1.07957043305e-09,
        "dmean2": 1.6529808633e-09,
        "dvar": 3.55941194256e-18,
        "dvar2": 7.13168571646e-18,
        "max": -1.48459107323e-16,
        "mean": -4.69701610939e-09,
        "median": -3.14900994169e-09,
        "min": -4.45515944136e-08,
        "var": 2.95223903907e-17
    },
    "spectral_energy": {
        "dmean": 0.00425180140883,
        "dmean2": 0.00647264579311,
        "dvar": 5.76985257794e-05,
        "dvar2": 0.000113150163088,
        "max": 0.186519667506,
        "mean": 0.0185201708227,
        "median": 0.0121589358896,
        "min": 1.75874792507e-09,
        "var": 0.000506925396621
    },
    "spectral_energyband_high": {
        "dmean": 2.90565258183e-05,
        "dmean2": 4.4902528316e-05,
        "dvar": 3.49493500806e-09,
        "dvar2": 7.75088615512e-09,
        "max": 0.000988716376014,
        "mean": 8.72159871506e-05,
        "median": 3.26317640429e-05,
        "min": 1.31453917196e-10,
        "var": 1.23986207967e-08
    },
    "spectral_energyband_low": {
        "dmean": 0.00105651305057,
        "dmean2": 0.0018010273343,
        "dvar": 1.25568340081e-06,
        "dvar2": 3.64540755982e-06,
        "max": 0.0218552798033,
        "mean": 0.00690563116223,
        "median": 0.00666059646755,
        "min": 6.0521483658e-11,
        "var": 4.56263387605e-06
    },
    "spectral_energyband_middle_high": {
        "dmean": 0.0011892337352,
        "dmean2": 0.00162326567806,
        "dvar": 2.41822381213e-05,
        "dvar2": 4.27621089329e-05,
        "max": 0.138274237514,
        "mean": 0.00365618499927,
        "median": 0.000467282050522,
        "min": 2.96887375795e-10,
        "var": 0.000210776939639
    },
    "spectral_energyband_middle_low": {
        "dmean": 0.0035677566193,
        "dmean2": 0.00552204670385,
        "dvar": 3.80099263566e-05,
        "dvar2": 8.4049977886e-05,
        "max": 0.11568633467,
        "mean": 0.0088628930971,
        "median": 0.00544354366139,
        "min": 1.47770587433e-10,
        "var": 0.000138424496981
    },
    "spectral_entropy": {
        "dmean": 0.304280996323,
        "dmean2": 0.409279584885,
        "dvar": 0.101849637926,
        "dvar2": 0.184270247817,
        "max": 9.80671310425,
        "mean": 6.49405050278,
        "median": 6.56355428696,
        "min": 4.37721967697,
        "var": 0.574737131596
    },
    "spectral_flux": {
        "dmean": 0.0154190529138,
        "dmean2": 0.0243655778468,
        "dvar": 0.00037129886914,
        "dvar2": 0.000829392112792,
        "max": 0.389043301344,
        "mean": 0.0436642542481,
        "median": 0.0301826428622,
        "min": 2.93027624139e-05,
        "var": 0.00223693507724
    },
    "spectral_kurtosis": {
        "dmean": 5.30260848999,
        "dmean2": 8.40435695648,
        "dvar": 44.2705993652,
        "dvar2": 92.0527267456,
        "max": 100.518829346,
        "mean": 11.2060089111,
        "median": 6.4260225296,
        "min": -1.24838328362,
        "var": 167.253387451
    },
    "spectral_rms": {
        "dmean": 0.000429333507782,
        "dmean2": 0.000656316347886,
        "dvar": 2.99829196138e-07,
        "dvar2": 5.64027288874e-07,
        "max": 0.0134896403179,
        "mean": 0.00387252448127,
        "median": 0.00344418012537,
        "min": 1.3099052012e-06,
        "var": 3.07198547489e-06
    },
    "spectral_rolloff": {
        "dmean": 103.609962463,
        "dmean2": 184.526580811,
        "dvar": 217091.390625,
        "dvar2": 463804.3125,
        "max": 14190.3808594,
        "mean": 460.42678833,
        "median": 258.3984375,
        "min": 21.533203125,
        "var": 1287131.25
    },
    "spectral_skewness": {
        "dmean": 0.512135326862,
        "dmean2": 0.763549506664,
        "dvar": 0.299233734608,
        "dvar2": 0.545990943909,
        "max": 8.73577213287,
        "mean": 2.27345824242,
        "median": 1.83879339695,
        "min": 0.0220318064094,
        "var": 1.72948288918
    },
    "spectral_spread": {
        "dmean": 468985.15625,
        "dmean2": 699412.0625,
        "dvar": 762324320256,
        "dvar2": 1.02216820326e+12,
        "max": 41108704,
        "mean": 3152100.75,
        "median": 3161660.5,
        "min": 939722.75,
        "var": 1.83075300966e+12
    },
    "spectral_strongpeak": {
        "dmean": 0.276346683502,
        "dmean2": 0.438802719116,
        "dvar": 0.712437570095,
        "dvar2": 1.67516243458,
        "max": 14.6350107193,
        "mean": 0.626566469669,
        "median": 0.199121385813,
        "min": 0,
        "var": 2.23123550415
    },
    "zerocrossingrate": {
        "dmean": 0.00411410955712,
        "dmean2": 0.00524026341736,
        "dvar": 6.62084567011e-05,
        "dvar2": 6.81429955876e-05,
        "max": 0.40966796875,
        "mean": 0.0237729251385,
        "median": 0.02001953125,
        "min": 0.00244140625,
        "var": 0.00108062394429
    },
    "barkbands": {
        "dmean": [2.04046937142e-05, 0.000804550189059, 0.000219699621084, 0.00131374690682, 0.00213515176438, 0.000239528948441, 0.000369708111975, 0.000131682973006, 0.000440677278675, 0.000335930497386, 0.000251886609476, 0.000369076791685, 0.000613141572103, 0.00031199856312, 0.000125494043459, 9.6054180176e-05, 6.14245291217e-05, 6.68056163704e-05, 3.85797939089e-05, 1.99923597393e-05, 1.3582954125e-05, 9.47437092691e-06, 3.11171743306e-06, 1.36575329179e-06, 4.95945528201e-07, 8.09828151205e-08, 4.39849268119e-09],
        "dmean2": [3.52795541403e-05, 0.00142311258242, 0.00034625644912, 0.00219897553325, 0.00336026097648, 0.000324964203173, 0.00055797805544, 0.000185562530532, 0.000578607025091, 0.000471751816804, 0.000341084174579, 0.000526690739207, 0.000898223079275, 0.000424276629928, 0.000179970404133, 0.000157285117893, 8.77213096828e-05, 9.83447607723e-05, 5.5321452237e-05, 3.11973344651e-05, 2.146438419e-05, 1.50244914039e-05, 4.95808444612e-06, 2.21470213546e-06, 8.57737973092e-07, 1.45993084288e-07, 7.46282502462e-09],
        "dvar": [9.36815514052e-10, 6.14037048763e-07, 1.54318115619e-07, 4.46407284471e-06, 1.64277553267e-05, 2.70133000413e-07, 4.14089163314e-06, 7.13966414878e-07, 6.82305289956e-06, 5.45247530681e-06, 2.90707680506e-06, 4.45453815701e-06, 1.36299331643e-05, 4.18798208557e-06, 1.05889864699e-06, 1.28889041662e-07, 8.63416929064e-08, 1.08518584341e-07, 3.16078541118e-08, 5.83328718662e-09, 1.10691911193e-09, 4.02568589575e-10, 4.320974481e-11, 9.33147222687e-12, 2.33083344292e-12, 6.44291410046e-14, 4.41996720833e-16],
        "dvar2": [2.62354937774e-09, 2.03055674319e-06, 3.40108783803e-07, 1.27045386762e-05, 3.64256775356e-05, 5.07547895268e-07, 8.36874914967e-06, 1.40961833495e-06, 1.05645267467e-05, 1.05188555608e-05, 5.63724779568e-06, 8.37310562929e-06, 3.2890256989e-05, 6.81328901919e-06, 1.90656317045e-06, 3.1012447721e-07, 1.96202108782e-07, 2.04876656085e-07, 5.72425129519e-08, 1.19998553316e-08, 2.66796429393e-09, 8.91117180046e-10, 1.04811874457e-10, 2.31551132435e-11, 6.24873330163e-12, 1.77045959273e-13, 1.12709729736e-15],
        "max": [0.000572641496547, 0.0121130160987, 0.00670217629522, 0.0412611924112, 0.0662434995174, 0.0151561144739, 0.0549147650599, 0.0284871160984, 0.0959355980158, 0.0989375859499, 0.0582255125046, 0.0516162849963, 0.0976016670465, 0.0619173906744, 0.0330090150237, 0.00831262208521, 0.00617492618039, 0.0115925595164, 0.00495196459815, 0.00209360965528, 0.000793027575128, 0.00038313830737, 7.90779886302e-05, 4.3466086936e-05, 2.27090131375e-05, 4.02771684094e-06, 4.59889406557e-07],
        "mean": [5.83493856539e-05, 0.00544946594164, 0.000455047644209, 0.00222558900714, 0.00405643228441, 0.000756136025302, 0.000630533788353, 0.00024552870309, 0.000828936346807, 0.000523879076354, 0.000324202032061, 0.000667901011184, 0.00097927171737, 0.000537127896678, 0.000182809118996, 0.000196635330212, 9.88894171314e-05, 0.000105551080196, 8.90215087566e-05, 3.67228058167e-05, 3.7554782466e-05, 2.82747878373e-05, 4.24447489422e-06, 1.5760227825e-06, 4.35696961176e-07, 6.98458038073e-08, 3.77734465928e-09],
        "median": [5.5836080719e-05, 0.00547199882567, 0.000145225625602, 0.00136151036713, 0.00174152641557, 0.000336560828146, 0.000213627441553, 2.4664135708e-05, 1.99801397684e-05, 2.37970452872e-05, 1.929357677e-05, 1.41657837958e-05, 1.90081846085e-05, 1.5053912648e-05, 1.25828446471e-05, 4.07099869335e-05, 6.75209685141e-06, 1.52800203068e-05, 1.00337892945e-05, 9.82328401733e-06, 1.09093971332e-05, 7.20376283425e-06, 1.71150463757e-06, 4.1849915533e-07, 9.09759378942e-08, 1.42291067817e-08, 4.29781155109e-10],
        "min": [8.76410749528e-12, 2.96814031686e-11, 7.9094517394e-12, 3.91327812169e-12, 4.86470239092e-12, 7.93542922345e-12, 9.84116000496e-12, 4.69920847027e-12, 1.58460120026e-11, 4.33762661206e-12, 3.48995160028e-12, 1.5977654963e-11, 7.91506790665e-12, 1.09928064915e-11, 1.0950427197e-11, 1.61877473231e-11, 2.38348334125e-11, 1.65074846153e-11, 1.72234431578e-11, 1.51041748553e-11, 1.21256251567e-11, 1.65731543073e-11, 1.16123569094e-11, 1.42921672761e-11, 3.09144307375e-11, 1.71098343826e-11, 1.39339182553e-11],
        "var": [8.07779287904e-10, 1.6431097265e-06, 5.01830413668e-07, 7.69714642956e-06, 3.86592946597e-05, 1.51328265474e-06, 7.3749333751e-06, 2.68969756689e-06, 2.80797157757e-05, 1.57598460646e-05, 5.15198189532e-06, 1.29758454932e-05, 3.34629366989e-05, 1.41582604556e-05, 1.80474501121e-06, 1.91778369185e-07, 2.02616689648e-07, 2.5724199304e-07, 1.469968538e-07, 1.70870873006e-08, 2.59033616778e-09, 1.73332515008e-09, 6.12057557414e-11, 1.2196414885e-11, 1.7749571344e-12, 4.73391874203e-14, 3.32997053639e-16]
    },
    "erbbands": {
        "dmean": [0.0210830494761, 0.191908687353, 0.245364189148, 1.97021865845, 8.6251373291, 5.57786560059, 3.0135447979, 1.60199522972, 4.9935002327, 3.5333275795, 3.69916844368, 11.2796649933, 8.99727249146, 10.1115598679, 9.60672283173, 17.0946292877, 28.8201084137, 16.2777614594, 7.13914012909, 5.68503665924, 5.08216190338, 3.24127364159, 3.54521226883, 2.07733798027, 1.85028791428, 0.789651870728, 0.653255701065, 0.493405520916, 0.391364812851, 0.164330795407, 0.0796445310116, 0.0389332436025, 0.0186018794775, 0.00800917576998, 0.00231262738816, 0.0005866769352, 0.000118948933959, 1.58036564244e-05, 2.30405044022e-06, 4.81118331663e-06],
        "dmean2": [0.0353264734149, 0.34612646699, 0.400656759739, 3.19860005379, 13.6250686646, 9.03227138519, 4.33173036575, 2.21019864082, 7.69933366776, 4.83668708801, 5.26894712448, 15.0693082809, 11.991689682, 14.3230104446, 12.4501552582, 24.5272216797, 42.2842292786, 22.8464717865, 10.1942911148, 8.49913978577, 8.0434589386, 4.67214632034, 5.19454431534, 3.10058474541, 2.54822015762, 1.17103028297, 1.02919411659, 0.789581120014, 0.61880749464, 0.263342350721, 0.126488551497, 0.0619589053094, 0.0305804051459, 0.01374487672, 0.00408442039043, 0.00106632849202, 0.000210782818613, 2.73594268947e-05, 3.40911424246e-06, 7.26484267943e-06],
        "dvar": [0.000420050899265, 0.037344545126, 0.169870391488, 9.12022972107, 292.467010498, 136.560699463, 39.3930358887, 10.0751981735, 611.599365234, 423.495819092, 483.763092041, 5067.67138672, 3546.92993164, 4184.56201172, 4546.45214844, 9127.99707031, 31518.8691406, 9504.859375, 2494.22607422, 2150.58666992, 349.315124512, 207.078491211, 305.419555664, 84.6003417969, 57.0128326416, 6.14092969894, 3.24057984352, 1.03596770763, 0.705705523491, 0.133944407105, 0.0278276186436, 0.00732038170099, 0.00187999696936, 0.000563178444281, 6.13428273937e-05, 3.38584209203e-06, 1.58225958558e-07, 2.6924829033e-09, 2.4151883618e-11, 7.83599643506e-11],
        "dvar2": [0.00117018749006, 0.128021985292, 0.379817694426, 24.6169395447, 634.257202148, 377.398468018, 82.7432022095, 16.0893230438, 1205.64233398, 851.777160645, 1063.76672363, 7885.94482422, 6389.16210938, 9621.74707031, 8692.70214844, 18448.1210938, 74854.9765625, 20033.4394531, 4740.64208984, 3676.35546875, 795.602661133, 419.918884277, 552.911987305, 175.106338501, 98.4700469971, 9.83268070221, 7.54754114151, 2.66346669197, 1.55047726631, 0.33281686902, 0.0675065144897, 0.0178879853338, 0.00479048863053, 0.00150261539966, 0.000167777237948, 9.41196140047e-06, 4.35898073192e-07, 7.12170455941e-09, 4.92397025931e-11, 1.49300197205e-10],
        "max": [0.466812908649, 2.84674310684, 7.60831737518, 51.4194221497, 365.858459473, 196.473495483, 161.146438599, 126.543731689, 657.922180176, 643.290283203, 533.050231934, 2626.22924805, 2142.16821289, 2461.08081055, 2416.82446289, 2578.72973633, 4751.86132812, 2527.96142578, 1610.87524414, 1708.70959473, 483.510223389, 363.571746826, 592.46496582, 208.632720947, 183.108215332, 93.7783203125, 40.070400238, 20.705947876, 16.5092086792, 5.03736782074, 1.83134138584, 1.3795491457, 0.466015130281, 0.321740359068, 0.142980664968, 0.0263055246323, 0.00741380825639, 0.0012556941947, 0.000137655879371, 0.000227575874305],
        "mean": [0.197486534715, 1.07788825035, 0.661227881908, 4.26238679886, 13.7736234665, 11.0042495728, 9.05197048187, 4.71624755859, 8.56904506683, 6.48691654205, 6.68634366989, 21.8591766357, 13.7453804016, 18.0753135681, 16.6289844513, 31.3246116638, 46.6379547119, 31.4251937866, 13.2773685455, 8.80275821686, 11.8863430023, 6.50419855118, 5.80938959122, 4.6614112854, 3.88090872765, 1.73384010792, 1.43497478962, 1.43959057331, 1.29528856277, 0.333838820457, 0.106741152704, 0.0455328002572, 0.0215078368783, 0.0073572662659, 0.00197830516845, 0.000486980541609, 0.000105501167127, 1.58106013259e-05, 9.60877241596e-06, 2.10415364563e-05],
        "median": [0.197798296809, 1.08047866821, 0.435387223959, 2.61138916016, 5.93381166458, 4.38442134857, 3.21305274963, 2.77329850197, 3.24104857445, 1.57297968864, 0.555550813675, 0.376423478127, 0.841479897499, 1.14445567131, 0.599559962749, 0.708324253559, 1.16931140423, 1.01901590824, 1.99598133564, 1.57599401474, 1.71842241287, 1.12021696568, 0.734957516193, 0.742021560669, 0.554553866386, 0.662841439247, 0.530233502388, 0.380137979984, 0.264109224081, 0.143652662635, 0.0434722416103, 0.00977273844182, 0.00722915865481, 0.00169545598328, 0.000457690184703, 0.000122323996038, 1.7133914298e-05, 2.01140892386e-06, 5.93064896748e-06, 1.34759584398e-05],
        "min": [3.98842930904e-10, 8.31209501229e-09, 1.05010267148e-08, 3.59054439514e-08, 3.84872258508e-08, 1.50260959231e-08, 3.64048275969e-08, 7.83287177342e-08, 1.94273454213e-07, 1.71636656887e-07, 1.35083951136e-07, 3.01115221646e-07, 2.57614885868e-07, 1.56306185772e-07, 2.66428116902e-07, 4.59891197124e-07, 3.69250727772e-07, 5.4158937246e-07, 6.81773030919e-07, 7.3071191764e-07, 1.07326991383e-06, 1.4647404214e-06, 1.11640747491e-06, 8.5981224629e-07, 6.20919252015e-07, 8.15652072106e-07, 5.99509235144e-07, 4.22382129273e-07, 6.20509581495e-07, 4.43318043608e-07, 3.29205676053e-07, 3.36830908054e-07, 2.64666198291e-07, 3.35957309971e-07, 2.03734245474e-07, 8.13678440181e-08, 4.873075099e-08, 1.22653807111e-08, 1.80923487303e-09, 1.94381066798e-10],
        "var": [0.00188433774747, 0.0734764710069, 0.439929872751, 25.0655460358, 598.481994629, 292.430938721, 198.804931641, 54.7399940491, 1135.09106445, 770.93572998, 1271.61474609, 21806.8105469, 7809.75146484, 14893.9921875, 10987.4902344, 27904.6523438, 70610.078125, 33123.6328125, 6612.95263672, 3999.96459961, 660.826416016, 641.68927002, 767.653564453, 316.494506836, 275.622802734, 29.0139636993, 5.14962863922, 3.73029732704, 3.49315667152, 0.259585469961, 0.0406611822546, 0.0111286779866, 0.00195464701392, 0.000445000128821, 4.27739869338e-05, 2.29976171795e-06, 1.19588918324e-07, 2.99419711247e-09, 1.82639056656e-10, 7.35116023609e-10]
    },
    "gfcc": {
        "mean": [-136.851989746, 162.889266968, -100.294776917, 62.8549880981, -37.004070282, 7.63155269623, -22.6249427795, -15.0988235474, -7.95870780945, -7.19561433792, -2.05243587494, -4.74182367325, 6.20692014694],
        "cov": [[12246.8310547, 410.33303833, -4089.58300781, 294.574523926, -714.437255859, -308.6121521, 45.7260398865, -583.335998535, 126.987487793, 28.1922149658, -259.979736328, 69.2719421387, -52.4180717468], [410.33303833, 966.646240234, 204.521514893, -326.68927002, 35.1175270081, -64.4455108643, 16.2779197693, -94.9375915527, 3.99163293839, -132.371337891, 136.543655396, -68.8842773438, 89.8500061035], [-4089.58300781, 204.521514893, 2099.52832031, -17.5230884552, 287.991790771, 143.21005249, -45.5864562988, 222.355682373, -92.1699676514, -48.7586975098, 155.678848267, -23.690202713, 54.7570343018], [294.574523926, -326.68927002, -17.5230884552, 609.673522949, 9.48454093933, -73.7750473022, -31.1665630341, -51.2379493713, 91.8124389648, 53.9100532532, -74.1169586182, 28.2834262848, 41.0604820251], [-714.437255859, 35.1175270081, 287.991790771, 9.48454093933, 206.722640991, 34.5169181824, 14.7444086075, 37.5520858765, -7.58089351654, -11.4041366577, 13.6230344772, -17.3837203979, 1.57615768909], [-308.6121521, -64.4455108643, 143.21005249, -73.7750473022, 34.5169181824, 177.755203247, 31.1530151367, 55.742603302, -67.149230957, -17.0585308075, 54.2930603027, -7.21206855774, -13.3912725449], [45.7260398865, 16.2779197693, -45.5864562988, -31.1665630341, 14.7444086075, 31.1530151367, 123.961914062, 7.37307834625, -20.6554851532, -11.1708621979, 15.5427064896, 0.276641756296, -19.8918762207], [-583.335998535, -94.9375915527, 222.355682373, -51.2379493713, 37.5520858765, 55.742603302, 7.37307834625, 130.645263672, -17.4450473785, 10.8097105026, 15.9881486893, -6.49036931992, -14.6061296463], [126.987487793, 3.99163293839, -92.1699676514, 91.8124389648, -7.58089351654, -67.149230957, -20.6554851532, -17.4450473785, 111.93396759, 25.9327964783, -43.3655052185, -10.9017219543, 10.6352682114], [28.1922149658, -132.371337891, -48.7586975098, 53.9100532532, -11.4041366577, -17.0585308075, -11.1708621979, 10.8097105026, 25.9327964783, 128.481506348, -23.5006370544, 16.3366222382, -14.5518226624], [-259.979736328, 136.543655396, 155.678848267, -74.1169586182, 13.6230344772, 54.2930603027, 15.5427064896, 15.9881486893, -43.3655052185, -23.5006370544, 137.909820557, -8.93207263947, 7.58254098892], [69.2719421387, -68.8842773438, -23.690202713, 28.2834262848, -17.3837203979, -7.21206855774, 0.276641756296, -6.49036931992, -10.9017219543, 16.3366222382, -8.93207263947, 79.6676940918, 15.8031396866], [-52.4180717468, 89.8500061035, 54.7570343018, 41.0604820251, 1.57615768909, -13.3912725449, -19.8918762207, -14.6061296463, 10.6352682114, -14.5518226624, 7.58254098892, 15.8031396866, 77.2160949707]],
        "icov": [[0.000617561105173, -0.0016933378065, 0.00134058285039, -0.00145081384107, 0.00075261015445, -0.000959989905823, 0.000687177001964, -0.000929604575504, 0.00133092841133, -0.00041001525824, 0.00105679500848, -0.00107763335109, 0.00188597582746], [-0.0016933378065, 0.00817462988198, -0.00416465383023, 0.0062935706228, -0.00251063727774, 0.00461161276326, -0.00307225622237, 0.00584709690884, -0.00533370580524, 0.00254368595779, -0.00548792723566, 0.00539051834494, -0.0092397313565], [0.00134058285039, -0.00416465383023, 0.00379302888177, -0.00362911680713, 0.000813048973214, -0.00226641702466, 0.00215809396468, -0.00366484094411, 0.00358962104656, -0.0009193426813, 0.00198943656869, -0.00259819114581, 0.00411793403327], [-0.00145081384107, 0.0062935706228, -0.00362911680713, 0.00705950241536, -0.00225704023615, 0.00344169768505, -0.00241958536208, 0.00522356899455, -0.00560295162722, 0.00123449228704, -0.00343129783869, 0.00352562358603, -0.0078611318022], [0.00075261015445, -0.00251063727774, 0.000813048973214, -0.00225704023615, 0.00731092412025, -0.00208315206692, -0.000103955979284, -0.00170428596903, 0.00137736159377, -0.000471132283565, 0.00224488065578, -0.000533909711521, 0.00280663138255], [-0.000959989905823, 0.00461161276326, -0.00226641702466, 0.00344169768505, -0.00208315206692, 0.0115070790052, -0.00275695300661, 0.000368259177776, 0.00114968768321, 0.00154969235882, -0.00487366691232, 0.00384137849323, -0.00501710828394], [0.000687177001964, -0.00307225622237, 0.00215809396468, -0.00241958536208, -0.000103955979284, -0.00275695300661, 0.0104585327208, -0.0024656469468, 0.00259932153858, -5.16076070198e-05, 0.00111308856867, -0.00289530190639, 0.0056650317274], [-0.000929604575504, 0.00584709690884, -0.00366484094411, 0.00522356899455, -0.00170428596903, 0.000368259177776, -0.0024656469468, 0.0158583652228, -0.00476852152497, 0.000361603742931, -0.00305785494857, 0.00378409121186, -0.00489966804162], [0.00133092841133, -0.00533370580524, 0.00358962104656, -0.00560295162722, 0.00137736159377, 0.00114968768321, 0.00259932153858, -0.00476852152497, 0.0182601995766, -0.00350537872873, 0.00536325015128, 0.000379012315534, 0.00370276789181], [-0.00041001525824, 0.00254368595779, -0.0009193426813, 0.00123449228704, -0.000471132283565, 0.00154969235882, -5.16076070198e-05, 0.000361603742931, -0.00350537872873, 0.0102576119825, -0.00158760836348, -0.000815905747004, -0.000170446539414], [0.00105679500848, -0.00548792723566, 0.00198943656869, -0.00343129783869, 0.00224488065578, -0.00487366691232, 0.00111308856867, -0.00305785494857, 0.00536325015128, -0.00158760836348, 0.0135310031474, -0.00236515281722, 0.00445180386305], [-0.00107763335109, 0.00539051834494, -0.00259819114581, 0.00352562358603, -0.000533909711521, 0.00384137849323, -0.00289530190639, 0.00378409121186, 0.000379012315534, -0.000815905747004, -0.00236515281722, 0.0186486374587, -0.0101797003299], [0.00188597582746, -0.0092397313565, 0.00411793403327, -0.0078611318022, 0.00280663138255, -0.00501710828394, 0.0056650317274, -0.00489966804162, 0.00370276789181, -0.000170446539414, 0.00445180386305, -0.0101797003299, 0.0269518140703]]
    },
    "melbands": {
        "dmean": [0.00021397304954, 0.000163130243891, 0.000565867114346, 0.000533353129867, 0.000126244180137, 3.98890369979e-05, 7.65381482779e-05, 3.56733180524e-05, 3.75865311071e-05, 7.42379197618e-05, 4.66193305328e-05, 4.27626873716e-05, 3.06183792418e-05, 4.28758139606e-05, 5.96088066231e-05, 5.40912042197e-05, 3.25523433276e-05, 1.38396053444e-05, 9.97902043309e-06, 6.58675935483e-06, 5.96382278673e-06, 3.51921016772e-06, 4.10266829931e-06, 2.85364285446e-06, 1.6792163251e-06, 1.77528795575e-06, 1.02690216863e-06, 4.76945558603e-07, 4.61789397832e-07, 3.53572801259e-07, 2.68726637387e-07, 2.47515089313e-07, 1.67476727597e-07, 7.62324958714e-08, 4.91504152933e-08, 3.34558265536e-08, 2.08403392321e-08, 1.43346570169e-08, 9.29049015497e-09, 6.04224492662e-09],
        "dmean2": [0.000372771261027, 0.000285230460577, 0.000919254322071, 0.000842769746669, 0.000193585845409, 5.64793517697e-05, 0.000117394811241, 4.82812247355e-05, 5.25632203789e-05, 9.71489425865e-05, 6.27179833828e-05, 5.9132475144e-05, 4.14863461629e-05, 6.06208195677e-05, 8.84363980731e-05, 7.83219584264e-05, 4.54343135061e-05, 1.99599307962e-05, 1.43985525938e-05, 1.0693477634e-05, 9.25325093704e-06, 5.14551175002e-06, 5.95828987571e-06, 4.39133418695e-06, 2.52130826084e-06, 2.56134853771e-06, 1.4157261603e-06, 7.3632799058e-07, 7.41047756492e-07, 5.70233339658e-07, 4.30556013953e-07, 3.88268318829e-07, 2.76742071037e-07, 1.22895556842e-07, 7.87984717476e-08, 5.33624628929e-08, 3.34639764787e-08, 2.37117685487e-08, 1.59137734101e-08, 1.05386455118e-08],
        "dvar": [4.17857179968e-08, 3.82008096267e-08, 9.1457053486e-07, 1.04475782337e-06, 6.59789520796e-08, 5.46595924078e-09, 1.63292185107e-07, 3.79380580284e-08, 4.67199612331e-08, 2.25071943305e-07, 9.90421042957e-08, 8.18974257299e-08, 5.85477302195e-08, 6.23251423804e-08, 1.4395904202e-07, 8.80740387288e-08, 4.24300381496e-08, 1.41552920496e-08, 9.42223099543e-09, 7.70808306072e-10, 4.35078667538e-10, 2.96175722836e-10, 4.80514017465e-10, 2.33819019702e-10, 6.01814154066e-11, 7.20250872832e-11, 2.05467778208e-11, 1.57479606612e-12, 1.5621494983e-12, 8.78836933782e-13, 3.26326178536e-13, 4.00428388364e-13, 1.20887647765e-13, 3.33605518698e-14, 1.05504450323e-14, 5.79269569595e-15, 2.19605806487e-15, 1.06595888275e-15, 6.82630152e-16, 3.57374900089e-16],
        "dvar2": [1.3203073479e-07, 1.07281103112e-07, 2.30002433455e-06, 2.34822346101e-06, 1.70282874024e-07, 9.79858416628e-09, 3.2333733202e-07, 7.37206704571e-08, 9.77481207087e-08, 3.39360184398e-07, 1.73015024529e-07, 1.84047593166e-07, 1.18320514275e-07, 1.22187231e-07, 3.24409455743e-07, 2.04386807923e-07, 8.67296066076e-08, 2.30055494654e-08, 1.64758926502e-08, 1.72050462766e-09, 9.60880264245e-10, 6.21285911606e-10, 9.08327746352e-10, 4.88670215404e-10, 1.23906676586e-10, 1.56588089717e-10, 3.06504162328e-11, 3.24748539691e-12, 3.6458063131e-12, 2.23525386568e-12, 8.5147747143e-13, 8.54213401402e-13, 2.99437043086e-13, 8.2555883245e-14, 2.57192779172e-14, 1.43328427062e-14, 5.42373322632e-15, 2.72969771549e-15, 1.78659386784e-15, 9.67174512306e-16],
        "max": [0.0036147183273, 0.00338367163204, 0.0216973721981, 0.017241364345, 0.00428061420098, 0.00259276619181, 0.010839109309, 0.00561383692548, 0.00466107670218, 0.0182629078627, 0.0103429146111, 0.012038118206, 0.00944061204791, 0.00587889691815, 0.00931790377945, 0.00633258838207, 0.0059143868275, 0.00390221388079, 0.00339685869403, 0.000584839843214, 0.000491001468617, 0.000509690085892, 0.000574661709834, 0.00051368039567, 0.000193340092665, 0.000244167167693, 0.000137092079967, 4.39682262368e-05, 3.30096081598e-05, 2.25710209634e-05, 1.06691313704e-05, 1.35275413413e-05, 7.66943139752e-06, 2.40321287492e-06, 1.15644161269e-06, 1.10108157969e-06, 8.47477849675e-07, 3.22681955822e-07, 2.78342184856e-07, 2.6652651286e-07],
        "mean": [0.00168102572206, 0.000677177973557, 0.00102196715306, 0.000974183669314, 0.00033465391607, 0.00011342921789, 0.000132577784825, 6.75093688187e-05, 6.09575545241e-05, 0.000138333416544, 6.5134059696e-05, 7.42274278309e-05, 4.61012787127e-05, 7.41948824725e-05, 0.000101148623799, 8.59746141941e-05, 5.73464822082e-05, 2.28678600251e-05, 1.45814665302e-05, 9.29374618863e-06, 1.48132166942e-05, 5.88591547057e-06, 6.66282221573e-06, 4.24699692303e-06, 3.67633197129e-06, 3.32863078256e-06, 1.93690175365e-06, 9.17552881674e-07, 8.90185276603e-07, 9.30323153625e-07, 6.86771329583e-07, 7.41627900425e-07, 4.7618718213e-07, 1.06159667723e-07, 6.43963673497e-08, 3.74721054186e-08, 2.33022952045e-08, 1.62296505124e-08, 9.11606434784e-09, 5.20587217778e-09],
        "median": [0.00168485171162, 0.000636612239759, 0.000645305204671, 0.00041877120384, 0.000138743169373, 6.71293673804e-05, 4.79929658468e-05, 1.41128930409e-05, 3.93743584937e-06, 2.43373960984e-06, 3.77360879611e-06, 4.27038321504e-06, 2.19232583731e-06, 1.47189791733e-06, 2.18407262764e-06, 2.02219484891e-06, 1.57195927386e-06, 3.68352061741e-06, 1.529674023e-06, 2.23430902224e-06, 1.67549933394e-06, 3.18962634083e-07, 7.1017262826e-07, 6.52587971217e-07, 5.74091814087e-07, 2.47829376576e-07, 2.81822423176e-07, 3.93105807461e-07, 3.90485979551e-07, 2.12844355474e-07, 2.17542392988e-07, 1.5085717564e-07, 1.03701360388e-07, 4.8289702903e-08, 2.62601655976e-08, 7.28891258461e-09, 4.29905933075e-09, 5.4736339905e-09, 2.55781484881e-09, 1.00485386678e-09],
        "min": [8.06006129894e-12, 4.07931934759e-12, 6.18684617426e-12, 3.67256225431e-12, 2.12071484505e-12, 2.34493761214e-12, 2.67955362759e-12, 1.75425418549e-12, 1.17054879244e-12, 1.88341985237e-12, 1.25574214655e-12, 4.64750579601e-13, 7.40330268877e-13, 1.77973196076e-12, 1.04747460705e-12, 6.90975922313e-13, 8.65226943911e-13, 9.63162709311e-13, 9.18733405325e-13, 1.19734343967e-12, 1.2621460951e-12, 1.22338272325e-12, 1.16345583341e-12, 7.49267293175e-13, 6.92863897766e-13, 6.60929102246e-13, 2.900093902e-13, 6.08728020247e-13, 3.42260264184e-13, 3.68029120634e-13, 1.79335021768e-13, 3.40561834376e-13, 3.53227348629e-13, 1.90781459099e-13, 1.71514102291e-13, 2.15760921499e-13, 2.02348771419e-13, 1.51105121254e-13, 2.53407456694e-13, 2.98919444969e-13],
        "var": [1.43963831079e-07, 7.99091424142e-08, 1.72508748619e-06, 2.37815220316e-06, 2.39272537783e-07, 2.78047913582e-08, 3.03323872686e-07, 9.42663120895e-08, 1.11075202369e-07, 9.2811325203e-07, 2.0696785441e-07, 2.95694036367e-07, 1.08314011982e-07, 1.62083239275e-07, 3.7843480527e-07, 2.19947324354e-07, 1.39452623671e-07, 3.41716379637e-08, 1.65033462451e-08, 1.14113973826e-09, 9.30246768505e-10, 8.01036514897e-10, 1.0309950671e-09, 4.87822116035e-10, 2.0323176475e-10, 2.66273364469e-10, 7.57384849281e-11, 5.91913844328e-12, 2.25785601153e-12, 1.70031241691e-12, 1.06517615908e-12, 1.66536630406e-12, 4.47960136866e-13, 4.19352256371e-14, 1.49782665654e-14, 7.84352678564e-15, 3.28636713315e-15, 1.09042013547e-15, 5.71022285073e-16, 2.67042383215e-16]
    },
    "mfcc": {
        "mean": [-775.633483887, 170.154876709, 15.402094841, 54.8813591003, 13.6194763184, 28.7987518311, 1.24316859245, 2.47330594063, 0.813366174698, -4.36505699158, -1.2900531292, -0.574204266071, 0.262912929058],
        "cov": [[12037.6748047, -509.83706665, -3630.37158203, 64.0618515015, -1468.89245605, 282.871765137, -792.186645508, -282.923187256, -90.3108825684, -256.14654541, 59.1242370605, -26.7582168579, -228.910095215], [-509.83706665, 1194.76989746, 265.123413086, -302.835998535, 74.6240997314, -115.596969604, 123.442832947, -0.0318461805582, -97.4437866211, -37.1382026672, -50.7655258179, -26.7575492859, -3.46961212158], [-3630.37158203, 265.123413086, 1505.95727539, 94.5287399292, 508.071044922, -64.6928253174, 255.688278198, 101.987739563, -3.39525461197, 55.4317588806, -40.3189964294, 1.80031549931, 66.5757980347], [64.0618515015, -302.835998535, 94.5287399292, 506.044372559, 40.3782577515, 107.313331604, -122.335655212, -55.0858955383, 95.3021697998, -16.6997833252, 12.258854866, -15.4420452118, 26.7767467499], [-1468.89245605, 74.6240997314, 508.071044922, 40.3782577515, 340.889282227, -13.3025922775, 109.067817688, 50.363697052, 1.95863199234, 49.596118927, -24.3843746185, 0.714452385902, 23.0082530975], [282.871765137, -115.596969604, -64.6928253174, 107.313331604, -13.3025922775, 130.991210938, -17.4375228882, -17.363571167, 25.1363964081, -20.3576946259, 10.6899585724, 1.17198419571, -1.68214118481], [-792.186645508, 123.442832947, 255.688278198, -122.335655212, 109.067817688, -17.4375228882, 247.335250854, 94.8784255981, -66.9369049072, 21.3753471375, 5.16611480713, 23.1088809967, 1.87628293037], [-282.923187256, -0.0318461805582, 101.987739563, -55.0858955383, 50.363697052, -17.363571167, 94.8784255981, 131.734405518, -16.3281860352, 1.1072371006, -10.6398830414, 4.25299310684, -20.2713680267], [-90.3108825684, -97.4437866211, -3.39525461197, 95.3021697998, 1.95863199234, 25.1363964081, -66.9369049072, -16.3281860352, 125.567504883, 9.88291835785, 5.78420734406, -11.3820085526, 9.08630371094], [-256.14654541, -37.1382026672, 55.4317588806, -16.6997833252, 49.596118927, -20.3576946259, 21.3753471375, 1.1072371006, 9.88291835785, 89.8840942383, 20.8711948395, 6.6516251564, 4.86777210236], [59.1242370605, -50.7655258179, -40.3189964294, 12.258854866, -24.3843746185, 10.6899585724, 5.16611480713, -10.6398830414, 5.78420734406, 20.8711948395, 66.2281646729, 24.6310005188, 1.36504888535], [-26.7582168579, -26.7575492859, 1.80031549931, -15.4420452118, 0.714452385902, 1.17198419571, 23.1088809967, 4.25299310684, -11.3820085526, 6.6516251564, 24.6310005188, 65.9227218628, 19.2595653534], [-228.910095215, -3.46961212158, 66.5757980347, 26.7767467499, 23.0082530975, -1.68214118481, 1.87628293037, -20.2713680267, 9.08630371094, 4.86777210236, 1.36504888535, 19.2595653534, 71.0337219238]],
