{
"lowlevel": {
    "average_loudness": 0.849940538406,
    "barkbands_crest": {
        "dmean": 1.89810526371,
        "dmean2": 2.96815609932,
        "dvar": 3.84589672089,
        "dvar2": 9.88122940063,
        "max": 22.7689228058,
        "mean": 8.8037519455,
        "median": 7.92812252045,
        "min": 2.74207186699,
        "var": 12.9712457657
    },
    "barkbands_flatness_db": {
        "dmean": 0.0179758984596,
        "dmean2": 0.0277531277388,
        "dvar": 0.000370005145669,
        "dvar2": 0.000945762090851,
        "max": 0.315325737,
        "mean": 0.166464135051,
        "median": 0.159364432096,
        "min": 0.0645951032639,
        "var": 0.00191531400196
    },
    "barkbands_kurtosis": {
        "dmean": 1.49232518673,
        "dmean2": 2.28304219246,
        "dvar": 8.47708034515,
        "dvar2": 20.0694885254,
        "max": 52.5282745361,
        "mean": 2.39914321899,
        "median": 0.156280875206,
        "min": -1.67649888992,
        "var": 31.7094078064
    },
    "barkbands_skewness": {
        "dmean": 0.362885415554,
        "dmean2": 0.534822583199,
        "dvar": 0.207278937101,
        "dvar2": 0.48597240448,
        "max": 6.42918109894,
        "mean": 1.17949748039,
        "median": 0.917773008347,
        "min": -2.07138204575,
        "var": 1.1714297533
    },
    "barkbands_spread": {
        "dmean": 3.67393112183,
        "dmean2": 5.42438650131,
        "dvar": 14.9901294708,
        "dvar2": 36.1105728149,
        "max": 58.3505592346,
        "mean": 20.9271202087,
        "median": 21.2256145477,
        "min": 2.19260263443,
        "var": 99.1284713745
    },
    "dissonance": {
        "dmean": 0.0198424588889,
        "dmean2": 0.0331737063825,
        "dvar": 0.00032057982753,
        "dvar2": 0.000873086391948,
        "max": 0.49935773015,
        "mean": 0.448697149754,
        "median": 0.453286290169,
        "min": 0.289652347565,
        "var": 0.000905450782739
    },
    "dynamic_complexity": 2.00341176987,
    "erbbands_crest": {
        "dmean": 2.40263962746,
        "dmean2": 3.62286949158,
        "dvar": 5.47745513916,
        "dvar2": 11.949757576,
        "max": 29.4558906555,
        "mean": 10.2454547882,
        "median": 9.19347953796,
        "min": 2.7081193924,
        "var": 19.605014801
    },
    "erbbands_flatness_db": {
        "dmean": 0.0143799781799,
        "dmean2": 0.0206300988793,
        "dvar": 0.000193118699826,
        "dvar2": 0.000411481014453,
        "max": 0.30907189846,
        "mean": 0.210330367088,
        "median": 0.208369702101,
        "min": 0.0635199099779,
        "var": 0.00102599163074
    },
    "erbbands_kurtosis": {
        "dmean": 0.638538479805,
        "dmean2": 0.957270085812,
        "dvar": 0.687336266041,
        "dvar2": 1.46865510941,
        "max": 12.0132131577,
        "mean": 0.136976927519,
        "median": -0.37663769722,
        "min": -1.6993060112,
        "var": 2.56274676323
    },
    "erbbands_skewness": {
        "dmean": 0.28214302659,
        "dmean2": 0.407665163279,
        "dvar": 0.0685041472316,
        "dvar2": 0.144767314196,
        "max": 3.4998884201,
        "mean": 0.330827742815,
        "median": 0.208607435226,
        "min": -1.86727881432,
        "var": 0.569766283035
    },
    "erbbands_spread": {
        "dmean": 5.10023021698,
        "dmean2": 7.54397726059,
        "dvar": 24.7221317291,
        "dvar2": 56.3661804199,
        "max": 88.3913497925,
        "mean": 30.9951553345,
        "median": 30.0962715149,
        "min": 5.49711370468,
        "var": 102.176383972
    },
    "hfc": {
        "dmean": 5.01664876938,
        "dmean2": 7.15471458435,
        "dvar": 44.1204795837,
        "dvar2": 93.7012939453,
        "max": 130.341445923,
        "mean": 20.2689399719,
        "median": 17.1061782837,
        "min": 1.21082420133e-16,
        "var": 209.863876343
    },
    "melbands_crest": {
        "dmean": 2.59219193459,
        "dmean2": 4.02647972107,
        "dvar": 8.16306495667,
        "dvar2": 20.3157348633,
        "max": 30.105014801,
        "mean": 13.8637037277,
        "median": 12.5804729462,
        "min": 2.02467131615,
        "var": 30.4858779907
    },
    "melbands_flatness_db": {
        "dmean": 0.0191497318447,
        "dmean2": 0.0286925565451,
        "dvar": 0.000559502979741,
        "dvar2": 0.00134097971022,
        "max": 0.39406567812,
        "mean": 0.198585867882,
        "median": 0.187003940344,
        "min": 0.00759895564988,
        "var": 0.00346234580502
    },
    "melbands_kurtosis": {
        "dmean": 3.1084830761,
        "dmean2": 4.74814939499,
        "dvar": 33.5950012207,
        "dvar2": 82.1232757568,
        "max": 76.0601119995,
        "mean": 7.12958049774,
        "median": 3.33109402657,
        "min": -1.58852267265,
        "var": 103.751243591
    },
    "melbands_skewness": {
        "dmean": 0.455681353807,
        "dmean2": 0.674461841583,
        "dvar": 0.338202208281,
        "dvar2": 0.841299831867,
        "max": 7.75946760178,
        "mean": 1.94128811359,
        "median": 1.65367388725,
        "min": -0.473293840885,
        "var": 1.34225988388
    },
    "melbands_spread": {
        "dmean": 5.604139328,
        "dmean2": 7.97088909149,
        "dvar": 49.7437973022,
        "dvar2": 94.8521347046,
        "max": 146.526657104,
        "mean": 26.9321174622,
        "median": 25.7559528351,
        "min": 2.42383337021,
        "var": 259.688232422
    },
    "pitch_salience": {
        "dmean": 0.0579344742,
        "dmean2": 0.0894244983792,
        "dvar": 0.00340092089027,
        "dvar2": 0.00846118852496,
        "max": 0.776645541191,
        "mean": 0.477598279715,
        "median": 0.478399813175,
        "min": 0.132256388664,
        "var": 0.0107025001198
    },
    "silence_rate_20dB": {
        "dmean": 0,
        "dmean2": 0,
        "dvar": 0,
        "dvar2": 0,
        "max": 1,
        "mean": 1,
        "median": 1,
        "min": 1,
        "var": 0
    },
    "silence_rate_30dB": {
        "dmean": 0.00103145954199,
        "dmean2": 0.00206398358569,
        "dvar": 0.00103039783426,
        "dvar2": 0.00205973139964,
        "max": 1,
        "mean": 0.998969078064,
        "median": 1,
        "min": 0,
        "var": 0.00102986756247
    },
    "silence_rate_60dB": {
        "dmean": 0.00464156782255,
        "dmean2": 0.00928792543709,
        "dvar": 0.00462001655251,
        "dvar2": 0.0112652285025,
        "max": 1,
        "mean": 0.00618556700647,
        "median": 0,
        "min": 0,
        "var": 0.00614719605073
    },
    "spectral_centroid": {
        "dmean": 217.776672363,
        "dmean2": 314.344940186,
        "dvar": 101591.726562,
        "dvar2": 163464.46875,
        "max": 10867.8691406,
        "mean": 1565.23059082,
        "median": 1585.65283203,
        "min": 324.006469727,
        "var": 465303.59375
    },
    "spectral_complexity": {
        "dmean": 2.67921614647,
        "dmean2": 4.12590312958,
        "dvar": 8.20020198822,
        "dvar2": 18.3824768066,
        "max": 40,
        "mean": 18.3427829742,
        "median": 18,
        "min": 0,
        "var": 33.2512931824
    },
    "spectral_decrease": {
        "dmean": 1.72026770606e-09,
        "dmean2": 2.62899035874e-09,
        "dvar": 1.07424457227e-17,
        "dvar2": 2.85095904486e-17,
        "max": 6.56311665693e-29,
        "mean": -5.95454263674e-09,
        "median": -4.74723815813e-09,
        "min": -5.04548012259e-08,
        "var": 1.88732754564e-17
    },
    "spectral_energy": {
        "dmean": 0.00686684111133,
        "dmean2": 0.0104336412624,
        "dvar": 0.000160805677297,
        "dvar2": 0.000425202888437,
        "max": 0.196940466762,
        "mean": 0.0243122540414,
        "median": 0.0195554159582,
        "min": 1.07348204099e-20,
        "var": 0.000293661956675
    },
    "spectral_energyband_high": {
        "dmean": 0.000210303871427,
        "dmean2": 0.000311858253554,
        "dvar": 1.47855971022e-07,
        "dvar2": 2.90352119237e-07,
        "max": 0.0119111249223,
        "mean": 0.000578860810492,
        "median": 0.000356436386937,
        "min": 8.06806766325e-21,
        "var": 6.5459948928e-07
    },
    "spectral_energyband_low": {
        "dmean": 0.00299168704078,
        "dmean2": 0.0047158151865,
        "dvar": 7.58817841415e-05,
        "dvar2": 0.000205196512979,
        "max": 0.136500939727,
        "mean": 0.00616895547137,
        "median": 0.00229859072715,
        "min": 7.99942570782e-23,
        "var": 0.000105530489236
    },
    "spectral_energyband_middle_high": {
        "dmean": 0.00203008553945,
        "dmean2": 0.00296251033433,
        "dvar": 8.87876194611e-06,
        "dvar2": 1.95883312699e-05,
        "max": 0.051085434854,
        "mean": 0.00646449066699,
        "median": 0.00527154561132,
        "min": 1.4416473685e-21,
        "var": 3.01424770441e-05
    },
    "spectral_energyband_middle_low": {
        "dmean": 0.0044616125524,
        "dmean2": 0.00686998432502,
        "dvar": 7.62534764362e-05,
        "dvar2": 0.000198922833079,
        "max": 0.102744020522,
        "mean": 0.0123646985739,
        "median": 0.00845634564757,
        "min": 3.24342824376e-22,
        "var": 0.000145633748616
    },
    "spectral_entropy": {
        "dmean": 0.166212484241,
        "dmean2": 0.251667112112,
        "dvar": 0.0333370640874,
        "dvar2": 0.0762245804071,
        "max": 9.78071308136,
        "mean": 7.05396747589,
        "median": 7.04499721527,
        "min": 6.14996671677,
        "var": 0.101101353765
    },
    "spectral_flux": {
        "dmean": 0.0204302389175,
        "dmean2": 0.0317678414285,
        "dvar": 0.000889850023668,
        "dvar2": 0.00186322547961,
        "max": 0.342249691486,
        "mean": 0.0600436851382,
        "median": 0.0490234419703,
        "min": 1.03608975566e-10,
        "var": 0.00163680850528
    },
    "spectral_kurtosis": {
        "dmean": 2.41879463196,
        "dmean2": 4.21708631516,
        "dvar": 4.97904443741,
        "dvar2": 15.3990945816,
        "max": 20.2302856445,
        "mean": 4.56860494614,
        "median": 3.85337328911,
        "min": -1.19438076019,
        "var": 8.61952114105
    },
    "spectral_rms": {
        "dmean": 0.000623945961706,
        "dmean2": 0.000908226007596,
        "dvar": 8.16787405711e-07,
        "dvar2": 2.00452859644e-06,
        "max": 0.0138613507152,
        "mean": 0.00461982144043,
        "median": 0.00436788890511,
        "min": 3.23620080386e-12,
        "var": 2.37651101997e-06
    },
    "spectral_rolloff": {
        "dmean": 360.268280029,
        "dmean2": 581.475830078,
        "dvar": 386872.6875,
        "dvar2": 660912.8125,
        "max": 18518.5546875,
        "mean": 1684.27502441,
        "median": 1485.79101562,
        "min": 107.666015625,
        "var": 1171593
    },
    "spectral_skewness": {
        "dmean": 0.266535162926,
        "dmean2": 0.452295511961,
        "dvar": 0.0533907040954,
        "dvar2": 0.156127542257,
        "max": 3.36976861954,
        "mean": 1.27058303356,
        "median": 1.1868481636,
        "min": 0.0539224743843,
        "var": 0.190640583634
    },
    "spectral_spread": {
        "dmean": 252140.15625,
        "dmean2": 381327.34375,
        "dvar": 797355212800,
        "dvar2": 745841295360,
        "max": 40843964,
        "mean": 3112036.75,
        "median": 3050548.5,
        "min": 1623796.375,
        "var": 1.0784613335e+12
    },
    "spectral_strongpeak": {
        "dmean": 0.66792100668,
        "dmean2": 1.07997322083,
        "dvar": 1.54831254482,
        "dvar2": 3.78006982803,
        "max": 14.4232416153,
        "mean": 1.50890743732,
        "median": 1.00168466568,
        "min": 3.73765418615e-09,
        "var": 2.57976222038
    },
    "zerocrossingrate": {
        "dmean": 0.00691274274141,
        "dmean2": 0.00772784464061,
        "dvar": 0.000158732393174,
        "dvar2": 0.000173666194314,
        "max": 0.51318359375,
        "mean": 0.0582650415599,
        "median": 0.05859375,
        "min": 0.0048828125,
        "var": 0.000739153882023
    },
    "barkbands": {
        "dmean": [1.21333448533e-06, 0.000461742311018, 0.00162015960086, 0.00185147917364, 0.000585736823268, 0.00102987524588, 0.000890729366802, 0.00142052827869, 0.000239286309807, 0.000395703071263, 0.000262888177531, 0.00111414166167, 0.000155075918883, 0.000312121032039, 0.000143817800563, 9.71163826762e-05, 0.000489170313813, 0.000274634774541, 0.000299102539429, 0.000140016069054, 0.000125693084556, 5.64642505196e-05, 1.72671407199e-05, 5.89188630329e-06, 2.55861914411e-06, 7.11910217888e-07, 5.19259799603e-08],
        "dmean2": [2.14339388549e-06, 0.000470030528959, 0.00252101756632, 0.0033123542089, 0.000946994347032, 0.0013644680148, 0.00134454458021, 0.00203521549702, 0.000377158052288, 0.000581956177484, 0.00038291272358, 0.00158234150149, 0.00024802502594, 0.000467704609036, 0.000213730905671, 0.000159294329933, 0.000750610895921, 0.000398451025831, 0.00045078783296, 0.000204616357223, 0.000189736747416, 8.90765950317e-05, 2.73542500508e-05, 8.90504816198e-06, 3.75945160158e-06, 1.11178417228e-06, 8.60545270598e-08],
        "dvar": [1.1250840537e-11, 1.0365365597e-06, 1.97828994715e-05, 4.92552499054e-05, 1.98360748982e-06, 4.30604859503e-06, 3.02976309285e-06, 1.06434035843e-05, 4.65187696364e-07, 3.62237187801e-07, 3.28087679691e-07, 4.69291171612e-06, 1.602238342e-07, 3.74955732241e-07, 4.13600709237e-08, 4.18120791323e-08, 7.93303286173e-07, 2.22925933713e-07, 2.68169600304e-07, 8.86058089122e-08, 5.38282840523e-08, 2.25011422827e-08, 1.10700226763e-09, 2.24524940307e-10, 7.1778798183e-11, 2.93064921289e-12, 5.41581245182e-14],
        "dvar2": [3.04757608038e-11, 9.84944108495e-07, 5.24860843143e-05, 0.000135510359542, 5.15506326337e-06, 7.92082664702e-06, 6.48725063002e-06, 2.54692804447e-05, 1.14594047318e-06, 8.46936984544e-07, 6.9771112976e-07, 9.34419313126e-06, 4.20965278636e-07, 8.943368357e-07, 9.70676410361e-08, 1.03210254565e-07, 2.07113316719e-06, 4.38477371745e-07, 5.37129153599e-07, 1.36968012043e-07, 1.18816934958e-07, 5.63287372302e-08, 2.76341727279e-09, 3.74323072538e-10, 1.25058685629e-10, 5.4024206983e-12, 1.41718193712e-13],
        "max": [7.1528571425e-05, 0.0194949824363, 0.0782344266772, 0.0831707715988, 0.0302533414215, 0.0556561537087, 0.0500167384744, 0.0735065340996, 0.0158404223621, 0.0100836986676, 0.0205024760216, 0.0477188006043, 0.0074341353029, 0.00948727875948, 0.00310607859865, 0.00295189674944, 0.0158816576004, 0.00913129653782, 0.0096136983484, 0.0131346154958, 0.00578567618504, 0.00365403667092, 0.000608644390013, 0.000546824128833, 0.000269539013971, 4.41738884547e-05, 7.09228925189e-06],
        "mean": [1.09820553007e-06, 0.00175572582521, 0.00341725023463, 0.00158480764367, 0.00100390380248, 0.00349276862107, 0.00200424552895, 0.00327138393186, 0.000395870243665, 0.000880916544702, 0.000558262458071, 0.00200707581826, 0.00023496367794, 0.000514221261255, 0.000292726064799, 0.000152779874043, 0.000822759408038, 0.000560636282898, 0.000620199192781, 0.000312411313644, 0.000274003192317, 0.0001007233368, 3.74227929569e-05, 1.06932620838e-05, 4.35260335507e-06, 1.02695150872e-06, 4.82212030306e-08],
        "median": [3.48559751728e-07, 0.000406960549299, 0.00114963529631, 0.000303810142213, 0.000445688783657, 0.00190421659499, 0.00114048959222, 0.00126812583767, 0.000153870962095, 0.000573222816456, 0.0001806874061, 0.000877463957295, 7.52474297769e-05, 0.000250885786954, 0.000183044903679, 5.22838890902e-05, 0.000429677165812, 0.000267264811555, 0.000320815190207, 0.000169559236383, 0.000139719399158, 4.07736406487e-05, 1.92830193555e-05, 4.79212849314e-06, 1.52746110871e-06, 3.77417364916e-07, 2.66228905588e-09],
        "min": [1.34891270488e-23, 5.60852651253e-23, 1.33288873109e-23, 1.44810022941e-24, 4.57750834414e-23, 1.04958000238e-22, 5.53056118045e-23, 3.2279187966e-23, 8.11931615711e-23, 6.76011134177e-23, 5.78687786578e-23, 6.42627424192e-23, 6.2030960255e-23, 3.4399857494e-23, 7.41243935696e-23, 1.5757867662e-22, 1.38739996627e-22, 2.71934843827e-22, 3.30504219321e-22, 2.5010379354e-22, 4.5324711391e-22, 4.69794108797e-22, 6.96520709919e-22, 9.41365565389e-22, 9.73228982638e-22, 2.14621642865e-21, 2.45076086379e-21],
        "var": [8.27165766437e-12, 1.04231903606e-05, 3.16602308885e-05, 3.19936116284e-05, 3.92085576095e-06, 2.39255587076e-05, 9.0401063062e-06, 3.5839038901e-05, 1.15808643386e-06, 9.32528109843e-07, 1.45967726439e-06, 1.09185675683e-05, 2.7927515589e-07, 6.7828216288e-07, 1.01087358928e-07, 8.70854535151e-08, 1.61559853495e-06, 6.50599361052e-07, 8.62614911057e-07, 4.03261964266e-07, 1.76469114876e-07, 3.81788147763e-08, 2.61381538635e-09, 7.46581796385e-10, 1.93814547744e-10, 6.18890962784e-12, 4.32290379708e-14]
    },
    "erbbands": {
        "dmean": [0.0023536994122, 0.157658666372, 1.51059675217, 4.72764015198, 4.00584411621, 1.00963068008, 1.55053460598, 9.64024162292, 17.6250038147, 9.47500705719, 36.2098426819, 7.9074048996, 13.6110477448, 8.43616294861, 13.1459789276, 55.3194007874, 8.98245239258, 16.2602481842, 8.76739883423, 5.51014375687, 18.4101600647, 13.904540062, 13.4287977219, 12.4047393799, 15.6738290787, 7.38135194778, 5.01262140274, 4.94237470627, 1.97276437283, 0.913130998611, 0.423720419407, 0.184845879674, 0.0876948982477, 0.0428816564381, 0.0116523019969, 0.00346482358873, 0.00136806303635, 0.000236819600104, 8.19166689325e-06, 8.07726610219e-06],
        "dmean2": [0.00283360038884, 0.168198153377, 2.17246675491, 8.39324092865, 6.81918907166, 1.53699362278, 2.29209375381, 12.9917316437, 24.7673969269, 14.9916381836, 51.9573974609, 12.0453281403, 19.915555954, 12.6815576553, 19.6075496674, 77.6428833008, 13.7441473007, 24.1373195648, 13.283121109, 8.67141342163, 28.7261123657, 21.3858947754, 19.4237117767, 18.2014198303, 24.2068138123, 11.0785341263, 7.50434112549, 7.61752796173, 3.0828037262, 1.38978970051, 0.678883552551, 0.291276663542, 0.128446146846, 0.0617656074464, 0.0182250477374, 0.00551975471899, 0.00202528689988, 0.000370358873624, 1.23854051708e-05, 1.21514995044e-05],
        "dvar": [2.61809800577e-05, 0.113756984472, 13.3555116653, 301.959259033, 157.407333374, 15.8761548996, 5.25938987732, 428.18862915, 921.691345215, 405.643005371, 6648.66210938, 382.284057617, 414.907867432, 496.277038574, 525.295593262, 11781.7402344, 354.678283691, 938.532531738, 237.227752686, 80.3570861816, 1037.30505371, 569.32989502, 591.04510498, 628.94317627, 802.277587891, 243.782730103, 73.4959411621, 152.776535034, 17.7490348816, 4.1561589241, 0.614336013794, 0.157232448459, 0.0661798715591, 0.0243089254946, 0.00118267070502, 5.69034964428e-05, 1.69889935933e-05, 7.25692927972e-07, 5.06597874761e-10, 1.99981836646e-10],
        "dvar2": [4.0380484279e-05, 0.126675218344, 32.3028259277, 834.113891602, 437.706085205, 28.8424510956, 11.3582267761, 787.321472168, 1790.97436523, 1030.67553711, 15915.2490234, 967.000305176, 933.362609863, 1407.27697754, 1247.05749512, 23208.8769531, 924.216674805, 2191.5324707, 576.453308105, 202.863555908, 2613.39868164, 1491.04846191, 1147.65783691, 1078.82202148, 1868.57580566, 428.078521729, 149.776504517, 330.644287109, 40.7180252075, 9.44413566589, 1.48284697533, 0.346302747726, 0.097322575748, 0.0415068157017, 0.00253335665911, 0.00012594475993, 2.67205195996e-05, 1.57439615123e-06, 1.20439491713e-09, 5.22976661976e-10],
        "max": [0.0837234705687, 6.31076860428, 55.8042297363, 231.516448975, 177.319030762, 157.956298828, 30.8619232178, 608.372009277, 958.419921875, 302.267608643, 1755.26599121, 478.949493408, 338.503112793, 679.963989258, 366.22769165, 2441.48168945, 391.58203125, 495.981628418, 184.377288818, 119.075378418, 587.003601074, 406.980438232, 408.576843262, 692.644714355, 507.211975098, 607.205810547, 280.109191895, 362.70803833, 91.970161438, 39.8216896057, 13.9828653336, 9.82316684723, 10.1244268417, 5.07462072372, 1.30310130119, 0.206967130303, 0.131830215454, 0.0214596185833, 0.000551011820789, 0.000221985494136],
        "mean": [0.00815087277442, 0.570777773857, 3.78353857994, 4.8858757019, 4.86290073395, 2.0661687851, 4.18475294113, 30.8800582886, 48.6348342896, 19.6210346222, 83.2941207886, 17.0962734222, 29.2827243805, 18.3306674957, 28.1615104675, 99.7850189209, 17.3663978577, 29.0066776276, 16.6312618256, 11.5172576904, 31.7300682068, 26.7757320404, 28.9104423523, 28.4229717255, 30.1222705841, 16.9545783997, 11.5106096268, 10.4534330368, 3.84928941727, 1.85552346706, 0.859443604946, 0.359058767557, 0.155921593308, 0.0729118660092, 0.0191315915436, 0.00543723534793, 0.00185323180631, 0.000285220827209, 2.07830980798e-05, 2.95288027701e-05],
        "median": [0.00211647991091, 0.140329554677, 1.39507031441, 1.11761212349, 1.60192370415, 0.817676901817, 2.65538311005, 15.7318477631, 27.8856735229, 8.69506931305, 31.4247074127, 8.77603149414, 17.7407684326, 10.431142807, 12.9241142273, 43.0861358643, 9.37515830994, 15.5086812973, 9.46821022034, 7.35094118118, 16.0988388062, 16.0892047882, 14.9530239105, 15.4939479828, 15.3189172745, 9.39652347565, 6.14983272552, 4.99854183197, 1.80425703526, 0.90463745594, 0.471232682467, 0.182564631104, 0.0567205399275, 0.0232363305986, 0.00812453776598, 0.00251254811883, 0.000496226013638, 6.8148074206e-05, 1.59783176059e-05, 2.4240303901e-05],
        "min": [2.74712113841e-21, 8.3622442699e-21, 1.354488139e-20, 1.13819163714e-20, 1.70747252122e-20, 1.65083976214e-19, 6.18244612592e-19, 8.25182144193e-19, 1.17253596292e-18, 4.41957689902e-19, 9.67233767389e-19, 2.16847775725e-18, 1.07239985611e-18, 2.98051931023e-18, 2.61103882371e-18, 2.53018419358e-18, 2.68455925694e-18, 2.22412199026e-18, 3.45568576849e-18, 5.0036850085e-18, 8.62878584504e-18, 6.892733917e-18, 9.12673782045e-18, 2.10247788471e-17, 1.58778873679e-17, 1.27456654081e-17, 1.67130469647e-17, 1.71228156965e-17, 1.9568345399e-17, 1.59577301494e-17, 2.02123170864e-17, 1.62587477917e-17, 1.76195872852e-17, 1.05167387392e-17, 7.18092116088e-18, 5.9750229359e-18, 4.23396077489e-18, 1.57839781734e-18, 3.39774647117e-19, 3.8622730086e-20],
        "var": [0.000202169074328, 1.05680119991, 38.6508979797, 205.440734863, 117.094970703, 65.8229217529, 19.6164913177, 2146.2668457, 3965.19799805, 943.778625488, 22939.2636719, 1009.52270508, 1116.08129883, 1665.20593262, 1787.05297852, 27427.1972656, 741.540161133, 1838.9197998, 421.89730835, 164.551345825, 2309.97314453, 1235.05651855, 1737.32336426, 2278.62133789, 2043.87597656, 953.830322266, 306.650268555, 439.041107178, 41.2496261597, 8.98921394348, 1.36411225796, 0.378604054451, 0.257059633732, 0.0609921254218, 0.0030351979658, 0.000126222876133, 4.00917961088e-05, 9.85333372228e-07, 6.27372043205e-10, 3.91520565968e-10]
    },
    "gfcc": {
        "mean": [-19.3119621277, 119.958518982, -164.307357788, 36.6928787231, -67.8622589111, -5.42683124542, -24.9532775879, 0.16251026094, -17.0458698273, -3.17016935349, -5.27204847336, -7.54769897461, -14.9664087296],
        "cov": [[2580.62915039, -595.423339844, -180.892974854, 162.479888916, -109.167953491, 168.836761475, 78.4177017212, 136.740249634, -97.0200195312, 102.451820374, -165.509246826, 44.8494758606, -199.868087769], [-595.423339844, 866.607727051, 227.648101807, -25.1012783051, 148.646286011, -11.1058244705, 51.9735450745, -77.5744247437, 143.925445557, -111.429916382, 139.828063965, -109.333137512, 97.9123153687], [-180.892974854, 227.648101807, 433.270507812, 59.8018035889, 107.300750732, 72.5613098145, -2.18763780594, 29.7960834503, 23.517539978, -19.6396465302, -0.558810949326, -27.0826625824, -24.9474945068], [162.479888916, -25.1012783051, 59.8018035889, 229.208724976, 101.652732849, 78.9992675781, 71.1420288086, 41.691116333, 16.3566799164, 1.40324652195, -10.8122205734, 18.2936038971, -4.12272500992], [-109.167953491, 148.646286011, 107.300750732, 101.652732849, 222.962814331, 95.628074646, 91.9542694092, 36.2185897827, 29.3305339813, 11.2265434265, -5.62452888489, 21.1492061615, 7.82234764099], [168.836761475, -11.1058244705, 72.5613098145, 78.9992675781, 95.628074646, 191.898468018, 118.975646973, 61.9001808167, 7.44942903519, 30.6894950867, -18.6710700989, 20.0596580505, -11.6898193359], [78.4177017212, 51.9735450745, -2.18763780594, 71.1420288086, 91.9542694092, 118.975646973, 216.193283081, 76.4162750244, 29.4800186157, 37.8418922424, -3.14180207253, 30.5954475403, -8.77955150604], [136.740249634, -77.5744247437, 29.7960834503, 41.691116333, 36.2185897827, 61.9001808167, 76.4162750244, 151.149291992, 48.3814353943, 31.8770618439, -21.6582107544, 20.3591537476, -22.674041748], [-97.0200195312, 143.925445557, 23.517539978, 16.3566799164, 29.3305339813, 7.44942903519, 29.4800186157, 48.3814353943, 125.306800842, -0.216638922691, 36.2382888794, -6.75895214081, 13.9429855347], [102.451820374, -111.429916382, -19.6396465302, 1.40324652195, 11.2265434265, 30.6894950867, 37.8418922424, 31.8770618439, -0.216638922691, 104.575286865, -1.3393266201, 38.1657524109, -9.83957386017], [-165.509246826, 139.828063965, -0.558810949326, -10.8122205734, -5.62452888489, -18.6710700989, -3.14180207253, -21.6582107544, 36.2382888794, -1.3393266201, 123.968215942, 8.07012271881, 30.6406612396], [44.8494758606, -109.333137512, -27.0826625824, 18.2936038971, 21.1492061615, 20.0596580505, 30.5954475403, 20.3591537476, -6.75895214081, 38.1657524109, 8.07012271881, 112.973388672, 10.4701967239], [-199.868087769, 97.9123153687, -24.9474945068, -4.12272500992, 7.82234764099, -11.6898193359, -8.77955150604, -22.674041748, 13.9429855347, -9.83957386017, 30.6406612396, 10.4701967239, 92.2436599731]],
        "icov": [[0.000717126473319, -0.000592924770899, 0.00068664830178, -0.000901613791939, 0.00101448420901, -0.000957709853537, 0.000710916297976, -0.000699583499227, 0.00071209698217, -0.00069299293682, 0.000762483570725, -0.000564542948268, 0.00164614873938], [-0.000592924770899, 0.00711582135409, -0.00361859682016, 0.00357673293911, -0.0047244601883, 0.00281833205372, -0.0051650442183, 0.00512189045548, -0.00594658823684, 0.00483048195019, -0.00468242540956, 0.00541728362441, -0.00577684491873], [0.00068664830178, -0.00361859682016, 0.00515362014994, -0.0022719190456, 0.00121970532928, -0.00308445724659, 0.00422944081947, -0.00327883078717, 0.0029600514099, -0.00204975088127, 0.00205830321647, -0.00211145007052, 0.00461318576708], [-0.000901613791939, 0.00357673293911, -0.0022719190456, 0.00823101960123, -0.00484652956948, 0.00101537152659, -0.00326942047104, 0.00225167605095, -0.00320366560481, 0.0036637019366, -0.00252907071263, 0.00224785879254, -0.00375471194275], [0.00101448420901, -0.0047244601883, 0.00121970532928, -0.00484652956948, 0.0113764014095, -0.00394938420504, 0.00172311021015, -0.00262443511747, 0.00289539434016, -0.00353616662323, 0.00428153853863, -0.00459758052602, 0.00366465235129], [-0.000957709853537, 0.00281833205372, -0.00308445724659, 0.00101537152659, -0.00394938420504, 0.0118249189109, -0.00643056025729, 0.00100438308436, -0.00115256453864, 0.00104247685522, -0.00163149787113, 0.00245525874197, -0.00383849651553], [0.000710916297976, -0.0051650442183, 0.00422944081947, -0.00326942047104, 0.00172311021015, -0.00643056025729, 0.0127558857203, -0.00598387792706, 0.00378918205388, -0.00433888472617, 0.0026968063321, -0.00429121544585, 0.00535841705278], [-0.000699583499227, 0.00512189045548, -0.00327883078717, 0.00225167605095, -0.00262443511747, 0.00100438308436, -0.00598387792706, 0.0148118771613, -0.00917712505907, 0.00195393292233, -0.000844938040245, 0.00245144194923, -0.00271944701672], [0.00071209698217, -0.00594658823684, 0.0029600514099, -0.00320366560481, 0.00289539434016, -0.00115256453864, 0.00378918205388, -0.00917712505907, 0.0166583806276, -0.00364949414507, 0.000229776036576, -0.00263409200124, 0.00354097457603], [-0.00069299293682, 0.00483048195019, -0.00204975088127, 0.0036637019366, -0.00353616662323, 0.00104247685522, -0.00433888472617, 0.00195393292233, -0.00364949414507, 0.0155684640631, -0.00386180984788, 0.000246113195317, -0.00305301742628], [0.000762483570725, -0.00468242540956, 0.00205830321647, -0.00252907071263, 0.00428153853863, -0.00163149787113, 0.0026968063321, -0.000844938040245, 0.000229776036576, -0.00386180984788, 0.0137144234031, -0.00487679196522, 0.00209641177207], [-0.000564542948268, 0.00541728362441, -0.00211145007052, 0.00224785879254, -0.00459758052602, 0.00245525874197, -0.00429121544585, 0.00245144194923, -0.00263409200124, 0.000246113195317, -0.00487679196522, 0.01527925767, -0.00623876368627], [0.00164614873938, -0.00577684491873, 0.00461318576708, -0.00375471194275, 0.00366465235129, -0.00383849651553, 0.00535841705278, -0.00271944701672, 0.00354097457603, -0.00305301742628, 0.00209641177207, -0.00623876368627, 0.0198145247996]]
    },
    "melbands": {
        "dmean": [6.69391811243e-05, 0.000586057314649, 0.000784681702498, 0.000168349346495, 4.47158236057e-05, 0.0002348873968, 0.000246258743573, 0.000131852531922, 0.000265621405561, 3.89354790968e-05, 6.73227114021e-05, 3.34687028953e-05, 3.45786393154e-05, 0.000129842534079, 6.31250586594e-05, 1.67364451045e-05, 3.54253970727e-05, 1.49147281263e-05, 8.33274225442e-06, 6.04687556915e-06, 3.15748147841e-05, 2.15080544876e-05, 6.36576214674e-06, 1.88276535482e-05, 9.56420535658e-06, 1.44188734339e-05, 5.57952125746e-06, 5.04891249875e-06, 2.69619135906e-06, 4.12528652305e-06, 3.14206567964e-06, 1.10332689474e-06, 1.03022171061e-06, 4.2101905251e-07, 3.07117460352e-07, 1.97581854877e-07, 8.81490151983e-08, 7.50039816921e-08, 3.76189923657e-08, 4.11614067275e-08],
        "dmean2": [7.0652073191e-05, 0.000813619699329, 0.00138594640885, 0.000275068363408, 6.63999380777e-05, 0.000313167489367, 0.000350787799107, 0.00020542027778, 0.000379498203984, 6.1535552959e-05, 9.84384823823e-05, 5.06959040649e-05, 5.10760401085e-05, 0.000185871715075, 8.83211978362e-05, 2.67619452643e-05, 5.24636961927e-05, 2.28373464779e-05, 1.27800285554e-05, 9.73514761426e-06, 4.88588302687e-05, 3.31419032591e-05, 9.49107379711e-06, 2.71433636954e-05, 1.43485985973e-05, 2.22790149564e-05, 8.54780410009e-06, 7.53792210162e-06, 4.04083630201e-06, 6.34580828773e-06, 4.94010009788e-06, 1.75900038357e-06, 1.58641603321e-06, 6.75252920246e-07, 4.97355756579e-07, 3.1274413459e-07, 1.39967241353e-07, 1.12605455627e-07, 5.46534160151e-08, 6.02707217467e-08],
        "dvar": [2.18080682401e-08, 1.90525281596e-06, 7.94503102952e-06, 2.18033576971e-07, 5.72856029279e-09, 2.19843613536e-07, 1.80198867383e-07, 9.23574035028e-08, 3.28466853716e-07, 1.38795464011e-08, 1.01623109927e-08, 7.91663712363e-09, 4.46524994757e-09, 6.21261904143e-08, 1.43220617588e-08, 1.72413261446e-09, 4.5517398739e-09, 8.41768543758e-10, 1.84877974041e-10, 1.20878584919e-10, 3.22981863476e-09, 1.49898060631e-09, 1.86042292682e-10, 1.22748367026e-09, 5.19281229128e-10, 6.48168019257e-10, 1.11229622735e-10, 9.90428988823e-11, 4.06224845428e-11, 4.65820854112e-11, 7.83086373524e-11, 6.61450755279e-12, 1.04570909223e-11, 7.19284874717e-13, 3.22583322901e-13, 1.82873573056e-13, 4.87601936096e-14, 4.62705198321e-14, 1.8572159598e-14, 3.26363827456e-14],
        "dvar2": [2.26874252718e-08, 4.3684690354e-06, 2.19064550038e-05, 5.74859029712e-07, 1.17565521762e-08, 4.03026319873e-07, 3.55767724614e-07, 2.21577565185e-07, 7.7533007925e-07, 3.59003706762e-08, 2.29269403462e-08, 2.23010410139e-08, 9.94125493037e-09, 1.27022730112e-07, 2.78767995354e-08, 4.56978410668e-09, 1.04781445742e-08, 2.08926720369e-09, 4.73560357594e-10, 3.25050930616e-10, 8.19515921791e-09, 3.99233801573e-09, 3.05836911352e-10, 2.44058773191e-09, 8.8698642875e-10, 1.54088541926e-09, 2.22416460249e-10, 1.73954281535e-10, 8.58718443575e-11, 1.07599457122e-10, 1.73988198848e-10, 1.67718096356e-11, 2.36143708754e-11, 1.84376168846e-12, 7.7129855237e-13, 4.35300287569e-13, 1.13587633223e-13, 8.49425442636e-14, 2.04272837252e-14, 6.15750601007e-14],
        "max": [0.00276418309659, 0.020916018635, 0.0342702157795, 0.00861133728176, 0.00147422438022, 0.0125210657716, 0.0121939973906, 0.00646436773241, 0.011876876466, 0.00267023802735, 0.00165549910162, 0.00249332236126, 0.00152821093798, 0.00528888357803, 0.00272108009085, 0.000521667243447, 0.00113805162255, 0.000377749704057, 0.000198931913474, 0.000163524367963, 0.00102986127604, 0.000644414627459, 0.000413040776039, 0.000719492207281, 0.000653773546219, 0.000446724763606, 0.000326507404679, 0.000382564612664, 0.000266828865279, 0.000112670313683, 0.000251130579272, 6.00183193455e-05, 6.77051284583e-05, 1.58375278261e-05, 1.14193771878e-05, 8.94663662621e-06, 6.89146418154e-06, 7.31750651539e-06, 6.8623135121e-06, 6.77010393701e-06],
        "mean": [0.000252740486758, 0.00158640882, 0.000865447625984, 0.000245807663305, 0.000108551401354, 0.0007673643413, 0.000686320126988, 0.00026719350717, 0.000616069184616, 7.38689777791e-05, 0.000142201359267, 6.77881253068e-05, 7.30084066163e-05, 0.000235802406678, 0.000117203730042, 2.50643515756e-05, 6.04884735367e-05, 2.63394940703e-05, 1.59579303727e-05, 1.13503028842e-05, 5.21046495123e-05, 3.77315482183e-05, 1.29718455355e-05, 3.69520748791e-05, 1.91359522432e-05, 2.6041718229e-05, 1.15147104225e-05, 1.12360612547e-05, 5.83797827858e-06, 8.22822130431e-06, 5.67862343814e-06, 1.96253654394e-06, 1.71484487055e-06, 7.83564587437e-07, 5.33524769253e-07, 3.51973767465e-07, 1.45521042327e-07, 1.21016597632e-07, 6.44744062583e-08, 6.30098924148e-08],
        "median": [5.93155709794e-05, 0.000587606511544, 0.000296414684271, 7.25673526176e-05, 5.72094941163e-05, 0.000400829798309, 0.000399806420319, 0.000108993481263, 0.000238834618358, 3.55839292752e-05, 8.59226856846e-05, 3.51517883246e-05, 2.50732628047e-05, 0.000105212733615, 5.48323441762e-05, 8.20055993245e-06, 3.05620014842e-05, 1.40309603012e-05, 9.93696357909e-06, 6.45307591185e-06, 2.37914700847e-05, 2.04108346225e-05, 6.08291429671e-06, 1.59022674779e-05, 8.46860712045e-06, 1.25652313727e-05, 5.86182341067e-06, 5.99412396696e-06, 3.00150759358e-06, 3.72638373847e-06, 2.02652381631e-06, 8.14720124254e-07, 5.76733100388e-07, 3.87916031741e-07, 2.74020862889e-07, 1.57666534051e-07, 7.21736057585e-08, 3.93356458517e-08, 2.05616572657e-08, 1.53087142962e-08],
        "min": [1.99461081748e-23, 8.19523613063e-24, 2.08237427531e-24, 4.57612570763e-24, 1.89167787998e-23, 1.94808127693e-23, 1.64732332365e-23, 5.42044274563e-24, 9.50956675115e-24, 1.22354345884e-23, 4.94038183619e-24, 1.23824190965e-23, 8.35869915424e-24, 8.4110179872e-24, 5.37470932351e-24, 6.30523623667e-24, 3.33045556815e-24, 5.31758001675e-24, 4.62611897864e-24, 1.07733739861e-23, 9.11837536141e-24, 6.3066976015e-24, 6.41752151463e-24, 1.41115856347e-23, 1.80058984675e-23, 1.05055643863e-23, 1.2310889134e-23, 6.5406946508e-24, 9.90047493981e-24, 9.94878162621e-24, 9.78021703912e-24, 1.109785772e-23, 9.14322921309e-24, 9.09626753454e-24, 1.10279007461e-23, 1.20951325209e-23, 9.52003887966e-24, 1.26240834794e-23, 1.17837517667e-23, 8.07010543612e-24],
        "var": [2.13341735389e-07, 6.74378088661e-06, 5.40450218978e-06, 3.37891947311e-07, 2.00922407601e-08, 1.21120342556e-06, 7.78284913849e-07, 2.4741743232e-07, 1.19073104088e-06, 3.41956969407e-08, 2.71930762352e-08, 2.49139038289e-08, 1.75220602472e-08, 1.41656386177e-07, 3.42377539653e-08, 2.54296961266e-09, 9.21238285656e-09, 1.25004939733e-09, 3.20484278005e-10, 1.9814404284e-10, 7.12684045112e-09, 2.99242053359e-09, 6.48886111509e-10, 3.48455575505e-09, 1.75073511244e-09, 1.54207557834e-09, 3.57031071374e-10, 4.20273843504e-10, 1.46021209013e-10, 1.36803540718e-10, 1.99256777744e-10, 1.18929813914e-11, 1.8247561448e-11, 1.45069178024e-12, 6.43473609899e-13, 3.47280906289e-13, 9.39650104687e-14, 1.40153947475e-13, 8.71579148914e-14, 5.95442681164e-14]
    },
    "mfcc": {
        "mean": [-645.386657715, 135.834106445, -33.9629325867, 34.6449699402, -20.4088172913, -0.307915776968, -5.70286798477, 2.2025976181, -8.22472000122, -0.576625108719, 0.834652721882, 8.45427703857, 4.35183858871],
        "cov": [[2125.96875, -667.019714355, -97.7638778687, 28.1365718842, -167.619491577, 69.9310302734, 59.1312408447, 47.640625, 98.6906356812, -16.2561454773, 119.111579895, 104.688072205, -12.6378536224], [-667.019714355, 801.877075195, 128.073806763, -4.93063306808, 138.913604736, 37.8962631226, 13.1248998642, 42.5918960571, -35.7355003357, 69.5074081421, -0.566469192505, -30.3364696503, 0.591408312321], [-97.7638778687, 128.073806763, 294.288818359, 10.6158437729, 102.205291748, 15.839507103, 19.3836708069, 32.6612129211, -12.3872184753, 33.4552154541, 30.802312851, -29.8952789307, -33.5782394409], [28.1365718842, -4.93063306808, 10.6158437729, 175.250183105, 52.1919250488, 50.466632843, 31.1989402771, 49.0790176392, 27.9740638733, 10.3696527481, 11.2303266525, -4.26936244965, 21.5668201447], [-167.619491577, 138.913604736, 102.205291748, 52.1919250488, 197.943130493, 41.4316215515, 13.0305337906, 34.5152244568, 5.8061580658, 25.7026596069, -3.15814042091, -32.0019073486, -6.37953662872], [69.9310302734, 37.8962631226, 15.839507103, 50.466632843, 41.4316215515, 165.855453491, 94.2893753052, 56.8175392151, 54.2276229858, 0.39678221941, 31.8465862274, 13.3730506897, 24.9293842316], [59.1312408447, 13.1248998642, 19.3836708069, 31.1989402771, 13.0305337906, 94.2893753052, 166.054275513, 56.5828399658, 60.7297592163, 9.37125968933, 33.6932945251, 11.8482751846, 19.6985988617], [47.640625, 42.5918960571, 32.6612129211, 49.0790176392, 34.5152244568, 56.8175392151, 56.5828399658, 160.175918579, 60.6396980286, 37.213470459, 42.7953567505, 28.8292789459, 27.997385025], [98.6906356812, -35.7355003357, -12.3872184753, 27.9740638733, 5.8061580658, 54.2276229858, 60.7297592163, 60.6396980286, 151.210906982, 26.7795200348, 27.5228691101, 22.3653697968, 20.8963012695], [-16.2561454773, 69.5074081421, 33.4552154541, 10.3696527481, 25.7026596069, 0.39678221941, 9.37125968933, 37.213470459, 26.7795200348, 104.347099304, 34.6742591858, 8.30525112152, 2.078799963], [119.111579895, -0.566469192505, 30.802312851, 11.2303266525, -3.15814042091, 31.8465862274, 33.6932945251, 42.7953567505, 27.5228691101, 34.6742591858, 114.389396667, 31.8008041382, 6.05339193344], [104.688072205, -30.3364696503, -29.8952789307, -4.26936244965, -32.0019073486, 13.3730506897, 11.8482751846, 28.8292789459, 22.3653697968, 8.30525112152, 31.8008041382, 116.267601013, 46.4946746826], [-12.6378536224, 0.591408312321, -33.5782394409, 21.5668201447, -6.37953662872, 24.9293842316, 19.6985988617, 27.997385025, 20.8963012695, 2.078799963, 6.05339193344, 46.4946746826, 103.979476929]],
