{
"lowlevel": {
    "average_loudness": 0.974884092808,
    "barkbands_crest": {
        "dmean": 2.84006810188,
        "dmean2": 4.41803503036,
        "dvar": 7.99165153503,
        "dvar2": 20.847858429,
        "max": 24.9693107605,
        "mean": 12.9645223618,
        "median": 12.7778282166,
        "min": 3.75606536865,
        "var": 14.7863101959
    },
    "barkbands_flatness_db": {
        "dmean": 0.0416401028633,
        "dmean2": 0.060139939189,
        "dvar": 0.00147210981231,
        "dvar2": 0.00379904452711,
        "max": 0.415157437325,
        "mean": 0.238999292254,
        "median": 0.240972310305,
        "min": 0.0519350655377,
        "var": 0.00370786921121
    },
    "barkbands_kurtosis": {
        "dmean": 17.3652801514,
        "dmean2": 27.6731929779,
        "dvar": 971.097961426,
        "dvar2": 2434.75195312,
        "max": 275.354705811,
        "mean": 27.4549255371,
        "median": 17.9403533936,
        "min": -1.1560562849,
        "var": 1057.27050781
    },
    "barkbands_skewness": {
        "dmean": 1.21881616116,
        "dmean2": 1.85601401329,
        "dvar": 2.59720540047,
        "dvar2": 6.19591665268,
        "max": 13.5814676285,
        "mean": 3.95792388916,
        "median": 3.61757469177,
        "min": -2.26249217987,
        "var": 4.18303489685
    },
    "barkbands_spread": {
        "dmean": 3.41710758209,
        "dmean2": 5.27107906342,
        "dvar": 22.2546215057,
        "dvar2": 52.648021698,
        "max": 65.0761489868,
        "mean": 7.43769788742,
        "median": 5.39227294922,
        "min": 0.788891613483,
        "var": 40.8805084229
    },
    "dissonance": {
        "dmean": 0.0180310215801,
        "dmean2": 0.0289261974394,
        "dvar": 0.000274048739811,
        "dvar2": 0.000703310710378,
        "max": 0.49843943119,
        "mean": 0.453704744577,
        "median": 0.456695079803,
        "min": 0.241201937199,
        "var": 0.000590160081629
    },
    "dynamic_complexity": 2.04196596146,
    "erbbands_crest": {
        "dmean": 2.20760798454,
        "dmean2": 3.63287973404,
        "dvar": 5.05165147781,
        "dvar2": 14.0006475449,
        "max": 22.3854427338,
        "mean": 7.60102796555,
        "median": 6.89936971664,
        "min": 2.27643442154,
        "var": 8.40425777435
    },
    "erbbands_flatness_db": {
        "dmean": 0.0273701604456,
        "dmean2": 0.0337563082576,
        "dvar": 0.00071627512807,
        "dvar2": 0.00117809267249,
        "max": 0.280815154314,
        "mean": 0.158462062478,
        "median": 0.158372581005,
        "min": 0.0464190281928,
        "var": 0.00214875931852
    },
    "erbbands_kurtosis": {
        "dmean": 0.871053516865,
        "dmean2": 1.32741069794,
        "dvar": 0.828962028027,
        "dvar2": 1.95643520355,
        "max": 11.8478755951,
        "mean": 0.428856402636,
        "median": 0.00859248638153,
        "min": -1.75562918186,
        "var": 2.60835790634
    },
    "erbbands_skewness": {
        "dmean": 0.357510566711,
        "dmean2": 0.525892913342,
        "dvar": 0.0896380618215,
        "dvar2": 0.213164359331,
        "max": 2.97545027733,
        "mean": 0.776867210865,
        "median": 0.792893767357,
        "min": -1.28767287731,
        "var": 0.42292997241
    },
    "erbbands_spread": {
        "dmean": 9.51983642578,
        "dmean2": 13.7755393982,
        "dvar": 111.656478882,
        "dvar2": 219.784210205,
        "max": 131.631072998,
        "mean": 42.2984962463,
        "median": 38.9774436951,
        "min": 11.1727972031,
        "var": 279.118438721
    },
    "hfc": {
        "dmean": 7.9561047554,
        "dmean2": 12.1919584274,
        "dvar": 229.353256226,
        "dvar2": 593.319824219,
        "max": 107.094337463,
        "mean": 12.7693042755,
        "median": 8.82884597778,
        "min": 1.2476619289e-16,
        "var": 210.74382019
    },
    "melbands_crest": {
        "dmean": 2.8045156002,
        "dmean2": 4.3067908287,
        "dvar": 5.85633659363,
        "dvar2": 15.5347995758,
        "max": 26.8320178986,
        "mean": 19.1395149231,
        "median": 19.728811264,
        "min": 2.33316254616,
        "var": 14.4378995895
    },
    "melbands_flatness_db": {
        "dmean": 0.0452715754509,
        "dmean2": 0.0654133632779,
        "dvar": 0.00175174640026,
        "dvar2": 0.00451908074319,
        "max": 0.530885100365,
        "mean": 0.347757220268,
        "median": 0.349957227707,
        "min": 0.00596678163856,
        "var": 0.00459676655009
    },
    "melbands_kurtosis": {
        "dmean": 33.777759552,
        "dmean2": 53.0720214844,
        "dvar": 3359.59936523,
        "dvar2": 8313.52441406,
        "max": 437.410827637,
        "mean": 56.0139045715,
        "median": 37.5380134583,
        "min": -1.30065453053,
        "var": 3858.99560547
    },
    "melbands_skewness": {
        "dmean": 1.39596259594,
        "dmean2": 2.08829808235,
        "dvar": 2.69235897064,
        "dvar2": 6.515209198,
        "max": 14.9430961609,
        "mean": 5.13564109802,
        "median": 4.74178504944,
        "min": -0.0913875848055,
        "var": 5.03455400467
    },
    "melbands_spread": {
        "dmean": 2.43084955215,
        "dmean2": 3.64831495285,
        "dvar": 15.3304052353,
        "dvar2": 25.5386581421,
        "max": 150.044845581,
        "mean": 5.42614078522,
        "median": 3.83825826645,
        "min": 0.570385694504,
        "var": 33.4570999146
    },
    "pitch_salience": {
        "dmean": 0.0944741889834,
        "dmean2": 0.148051872849,
        "dvar": 0.00740412576124,
        "dvar2": 0.0199007019401,
        "max": 0.840534687042,
        "mean": 0.432115644217,
        "median": 0.42756703496,
        "min": 0.139062255621,
        "var": 0.0151035236195
    },
    "silence_rate_20dB": {
        "dmean": 0.0639504864812,
        "dmean2": 0.127450987697,
        "dvar": 0.0598606429994,
        "dvar2": 0.118433117867,
        "max": 1,
        "mean": 0.939690709114,
        "median": 1,
        "min": 0,
        "var": 0.0566723383963
    },
    "silence_rate_30dB": {
        "dmean": 0.134089738131,
        "dmean2": 0.267801851034,
        "dvar": 0.116108283401,
        "dvar2": 0.23632979393,
        "max": 1,
        "mean": 0.864432990551,
        "median": 1,
        "min": 0,
        "var": 0.117186188698
    },
    "silence_rate_60dB": {
        "dmean": 0.00154718931299,
        "dmean2": 0.0030959751457,
        "dvar": 0.00154478580225,
        "dvar2": 0.00308634201065,
        "max": 1,
        "mean": 0.00257731950842,
        "median": 0,
        "min": 0,
        "var": 0.00257070991211
    },
    "spectral_centroid": {
        "dmean": 132.59538269,
        "dmean2": 199.261535645,
        "dvar": 66949.9375,
        "dvar2": 90357.7578125,
        "max": 10972.3417969,
        "mean": 499.907073975,
        "median": 422.910339355,
        "min": 171.743087769,
        "var": 116227.8125
    },
    "spectral_complexity": {
        "dmean": 2.23053121567,
        "dmean2": 3.50980401039,
        "dvar": 4.31353521347,
        "dvar2": 9.52332305908,
        "max": 28,
        "mean": 12.0288658142,
        "median": 12,
        "min": 0,
        "var": 12.5620574951
    },
    "spectral_decrease": {
        "dmean": 1.73860339459e-08,
        "dmean2": 2.83308487781e-08,
        "dvar": 1.47350994999e-15,
        "dvar2": 3.99160718855e-15,
        "max": 1.10029232354e-28,
        "mean": -2.00857073196e-08,
        "median": -1.08385425079e-08,
        "min": -2.63126651134e-07,
        "var": 1.10599823604e-15
    },
    "spectral_energy": {
        "dmean": 0.0662798807025,
        "dmean2": 0.107957482338,
        "dvar": 0.0213813371956,
        "dvar2": 0.0578938648105,
        "max": 1.0028077364,
        "mean": 0.0769662186503,
        "median": 0.0417452342808,
        "min": 1.09013939058e-20,
        "var": 0.0160715207458
    },
    "spectral_energyband_high": {
        "dmean": 0.000182343079359,
        "dmean2": 0.000267045455985,
        "dvar": 1.27540360495e-07,
        "dvar2": 2.67073062332e-07,
        "max": 0.00289808795787,
        "mean": 0.000190219434444,
        "median": 3.43593092111e-05,
        "min": 8.26843035621e-21,
        "var": 1.52931946218e-07
    },
    "spectral_energyband_low": {
        "dmean": 0.0640768930316,
        "dmean2": 0.105718545616,
        "dvar": 0.0211486630142,
        "dvar2": 0.0574733503163,
        "max": 0.979421377182,
        "mean": 0.0656484737992,
        "median": 0.0308154057711,
        "min": 9.98882310135e-23,
        "var": 0.0155000640079
    },
    "spectral_energyband_middle_high": {
        "dmean": 0.000510501442477,
        "dmean2": 0.00075607659528,
        "dvar": 5.15628926223e-07,
        "dvar2": 1.15011846447e-06,
        "max": 0.0097019104287,
        "mean": 0.00139285251498,
        "median": 0.00109163625166,
        "min": 1.14236500163e-21,
        "var": 1.12873362923e-06
    },
    "spectral_energyband_middle_low": {
        "dmean": 0.0051864287816,
        "dmean2": 0.00743997562677,
        "dvar": 3.72940230591e-05,
        "dvar2": 8.1376376329e-05,
        "max": 0.0846092253923,
        "mean": 0.0127805974334,
        "median": 0.0104496991262,
        "min": 2.76808615826e-22,
        "var": 8.21317225927e-05
    },
    "spectral_entropy": {
        "dmean": 0.284938007593,
        "dmean2": 0.389124721289,
        "dvar": 0.0748536884785,
        "dvar2": 0.149664193392,
        "max": 9.81906986237,
        "mean": 6.8389005661,
        "median": 6.8057756424,
        "min": 5.71982717514,
        "var": 0.212880671024
    },
    "spectral_flux": {
        "dmean": 0.073386490345,
        "dmean2": 0.118790894747,
        "dvar": 0.014967690222,
        "dvar2": 0.0310816802084,
        "max": 0.857388913631,
        "mean": 0.128116518259,
        "median": 0.0760388076305,
        "min": 1.044097378e-10,
        "var": 0.0214143302292
    },
    "spectral_kurtosis": {
        "dmean": 4.22212076187,
        "dmean2": 6.285800457,
        "dvar": 17.7389011383,
        "dvar2": 45.1358222961,
        "max": 46.2624740601,
        "mean": 10.0504426956,
        "median": 9.13716316223,
        "min": -1.25047850609,
        "var": 35.1530036926
    },
    "spectral_rms": {
        "dmean": 0.00278682960197,
        "dmean2": 0.00404148362577,
        "dvar": 1.76086577994e-05,
        "dvar2": 4.56076486444e-05,
        "max": 0.0312785692513,
        "mean": 0.00743454508483,
        "median": 0.00638177525252,
        "min": 3.26121248062e-12,
        "var": 1.9816461645e-05
    },
    "spectral_rolloff": {
        "dmean": 134.062393188,
        "dmean2": 212.674865723,
        "dvar": 220967.3125,
        "dvar2": 313697.3125,
        "max": 18841.5527344,
        "mean": 313.729309082,
        "median": 193.798828125,
        "min": 86.1328125,
        "var": 273602.34375
    },
    "spectral_skewness": {
        "dmean": 0.410918563604,
        "dmean2": 0.607406795025,
        "dvar": 0.129210963845,
        "dvar2": 0.325769037008,
        "max": 4.98007059097,
        "mean": 2.42611098289,
        "median": 2.40257692337,
        "min": -0.02342630364,
        "var": 0.347696989775
    },
    "spectral_spread": {
        "dmean": 1169370,
        "dmean2": 1447197.625,
        "dvar": 2.32679800832e+12,
        "dvar2": 3.43277174784e+12,
        "max": 42302588,
        "mean": 4069304.25,
        "median": 3354155.5,
        "min": 1320790.25,
        "var": 5.03109491098e+12
    },
    "spectral_strongpeak": {
        "dmean": 0.294604331255,
        "dmean2": 0.473085463047,
        "dvar": 0.104260422289,
        "dvar2": 0.257070869207,
        "max": 2.85029268265,
        "mean": 0.587370276451,
        "median": 0.489427924156,
        "min": 0,
        "var": 0.156009718776
    },
    "zerocrossingrate": {
        "dmean": 0.00760852498934,
        "dmean2": 0.00954516790807,
        "dvar": 0.000185634824447,
        "dvar2": 0.000230001081945,
        "max": 0.49365234375,
        "mean": 0.0222772024572,
        "median": 0.01806640625,
        "min": 0.00244140625,
        "var": 0.000341163977282
    },
    "barkbands": {
        "dmean": [0.000339874182828, 0.0428099110723, 0.0209660865366, 0.00307962461375, 0.00167684827466, 0.00100427668076, 0.000278735155007, 0.000462629715912, 0.000161575386301, 0.000269801326795, 0.000104283710243, 8.32699952298e-05, 5.08094890392e-05, 8.8394874183e-05, 8.15720195533e-05, 8.36916151457e-05, 5.03896808368e-05, 2.6918716685e-05, 3.10134819301e-05, 3.49417896359e-05, 1.59193077707e-05, 1.55811794684e-05, 1.52708507812e-05, 3.07009977405e-05, 5.9155299823e-05, 3.98587726522e-05, 2.37975700657e-06],
        "dmean2": [0.000599104561843, 0.0701401010156, 0.037574287504, 0.00468339910731, 0.00242659286596, 0.00151235261001, 0.000420746946475, 0.000688084459398, 0.000257493869867, 0.000414829293732, 0.000165683115483, 0.000122829820612, 8.14290979179e-05, 0.000137714829179, 0.000136528105941, 0.00013612107432, 8.21925204946e-05, 4.44213001174e-05, 5.04900344822e-05, 6.03580592724e-05, 2.59880198428e-05, 2.42647711275e-05, 2.33089631365e-05, 4.48441496701e-05, 8.54554309626e-05, 5.78784311074e-05, 3.97194935431e-06],
        "dvar": [1.09638267531e-06, 0.00935911759734, 0.00284113083035, 1.79986163857e-05, 4.22753419116e-06, 1.6870097852e-06, 1.58617027068e-07, 7.88061129242e-07, 8.60842277461e-08, 1.80121105586e-07, 3.64845043066e-08, 1.50530254928e-08, 4.26768664852e-09, 1.68331961703e-08, 1.14909957105e-08, 1.97278247072e-08, 4.92172080868e-09, 1.05477182544e-09, 2.44512343706e-09, 6.50655085366e-09, 1.21331755754e-09, 1.2382374015e-09, 1.0209260104e-09, 3.53675222442e-09, 1.37949580648e-08, 6.52849641014e-09, 3.87142332081e-11],
        "dvar2": [2.71141266239e-06, 0.024820080027, 0.0082223303616, 4.56728412246e-05, 8.64568937686e-06, 3.97636495109e-06, 3.57204129386e-07, 1.55494399223e-06, 2.22720672127e-07, 4.07562112059e-07, 8.74109034044e-08, 2.89705717194e-08, 1.04275414969e-08, 3.77114091066e-08, 3.04158476183e-08, 4.71216452524e-08, 1.20524026315e-08, 2.80511325279e-09, 6.08080430453e-09, 1.78867303191e-08, 3.00348323989e-09, 2.83480594554e-09, 2.29600405355e-09, 7.8211295218e-09, 2.83931456124e-08, 1.40845850538e-08, 9.51170114893e-11],
        "max": [0.0160214584321, 0.712386548519, 0.343350350857, 0.0461783818901, 0.0256332531571, 0.0161290951073, 0.00469514820725, 0.0188887212425, 0.00604148907587, 0.00521471956745, 0.00283152563497, 0.00174330908339, 0.000788063043728, 0.0017789832782, 0.00146549369674, 0.00216090353206, 0.0011428645812, 0.000394186528865, 0.000933182134759, 0.000754106091335, 0.000349011592334, 0.000275148602668, 0.000293728953693, 0.00063312088605, 0.000999254989438, 0.000741776777431, 5.88331458857e-05],
        "mean": [0.000259479042143, 0.0427302122116, 0.019728705287, 0.00552418269217, 0.00349258817732, 0.00201564305462, 0.00044212967623, 0.000909131369554, 0.000243885311647, 0.000397721363697, 0.000153531014803, 0.000141278622323, 9.30792884901e-05, 0.000156337438966, 0.000124106096337, 0.000134415953653, 9.35755379032e-05, 5.12816768605e-05, 5.48776042706e-05, 4.34906578448e-05, 1.55269153765e-05, 1.49507923197e-05, 1.49148254422e-05, 3.01625441352e-05, 5.97681464569e-05, 3.93497030018e-05, 1.96728706214e-06],
        "median": [9.0595895017e-06, 0.0172347091138, 0.00938327237964, 0.00411944836378, 0.00262641208246, 0.0014101206325, 0.000254677812336, 0.000374435971025, 0.000121861303342, 0.000227260374231, 7.86539530964e-05, 7.92321225163e-05, 6.12636504229e-05, 7.25362624507e-05, 7.7344928286e-05, 7.6641648775e-05, 5.41914487258e-05, 3.88107946492e-05, 2.78369989246e-05, 1.3810586097e-05, 3.78739741791e-06, 2.98041140923e-06, 2.39646078626e-06, 3.60888020623e-06, 6.37795983494e-06, 4.32794240623e-06, 8.16087890598e-08],
        "min": [1.04677676937e-22, 3.87926830872e-23, 1.00497802768e-23, 5.3317775409e-24, 7.29324373635e-23, 2.32482909681e-23, 2.40881943293e-23, 4.1473857221e-23, 8.26663687779e-23, 6.55889690622e-23, 3.21715368514e-23, 1.230166735e-22, 7.61402424159e-23, 9.50880628923e-23, 7.43793471032e-23, 9.26360749396e-23, 1.0376468088e-22, 1.38243115231e-22, 2.20781922045e-22, 3.4675490543e-22, 4.90509873847e-22, 4.92109809981e-22, 5.64669008851e-22, 9.41259340535e-22, 1.5143559587e-21, 1.73381761789e-21, 2.5298939372e-21],
        "var": [8.33729814076e-07, 0.00716045405716, 0.00171342352405, 2.60642773355e-05, 9.70037217485e-06, 3.85517478207e-06, 2.83482734176e-07, 2.81776669908e-06, 1.23642394101e-07, 2.49580637046e-07, 4.83761191106e-08, 3.45782851241e-08, 9.77534941882e-09, 5.44800080604e-08, 1.822457385e-08, 3.31134231146e-08, 1.33306166106e-08, 2.01187888571e-09, 5.44488054643e-09, 6.89438461876e-09, 1.09313658125e-09, 1.23226284732e-09, 1.09124387304e-09, 4.01472499689e-09, 1.70066272176e-08, 7.53848361512e-09, 3.40678284194e-11]
    },
    "erbbands": {
        "dmean": [0.673936009407, 11.4144582748, 28.1256961823, 14.0296154022, 6.98722648621, 5.36781454086, 8.97627830505, 9.32725906372, 4.62992763519, 6.34916639328, 8.13318347931, 3.73665833473, 6.98083400726, 7.16875123978, 4.25226593018, 3.09578466415, 2.69180083275, 4.27853441238, 2.75934123993, 3.77619743347, 3.6651904583, 2.06692290306, 1.68388283253, 1.48192691803, 1.66915142536, 1.41611206532, 0.795610189438, 0.575014054775, 0.562888324261, 0.563557863235, 0.393749624491, 0.40939733386, 0.695132017136, 0.712549746037, 0.394390046597, 0.244159325957, 0.0430967472494, 0.00976074300706, 0.000262506480794, 7.64768701629e-05],
        "dmean2": [1.15939688683, 18.7271900177, 49.9807052612, 22.679107666, 9.91416835785, 8.10842990875, 13.5646800995, 13.9370212555, 6.83574151993, 9.42509555817, 12.3341226578, 5.90251398087, 10.691028595, 10.9582910538, 6.62589836121, 4.43902873993, 4.28090858459, 6.58219003677, 4.57924461365, 6.06669855118, 5.94941091537, 3.35282492638, 2.78866219521, 2.40678024292, 2.78347396851, 2.42424917221, 1.32047009468, 0.920650482178, 0.885322213173, 0.864577651024, 0.590071678162, 0.617777407169, 1.01247298717, 1.0324536562, 0.572884202003, 0.356058090925, 0.0625445768237, 0.0147332064807, 0.000404004153097, 0.00012275208428],
        "dvar": [2.67885112762, 666.952514648, 4974.71728516, 698.884643555, 69.0593490601, 43.6464805603, 130.605987549, 168.389862061, 41.7342376709, 178.778915405, 252.552597046, 45.0391807556, 131.761962891, 155.882324219, 46.0074462891, 27.8358249664, 11.7044610977, 44.4016456604, 12.8899612427, 21.6253623962, 26.8720760345, 7.94662475586, 4.00826597214, 5.65629673004, 10.6029987335, 10.8643398285, 3.16072535515, 1.63355898857, 1.6171463728, 1.44398534298, 0.680226862431, 0.693994343281, 1.86625695229, 2.09046220779, 0.62409222126, 0.249317869544, 0.00759503664449, 0.000459686678369, 3.79194176503e-07, 2.70595599261e-08],
        "dvar2": [6.51905918121, 1796.88708496, 14351.3251953, 1893.31323242, 148.484344482, 96.5820388794, 313.165863037, 379.335449219, 92.5482559204, 314.927154541, 579.937316895, 115.784996033, 314.141479492, 358.43572998, 110.844558716, 49.1650810242, 28.1038799286, 97.1432723999, 35.4049301147, 53.5465812683, 64.9644927979, 19.6356887817, 10.3083944321, 14.0756673813, 28.0616397858, 29.5749664307, 8.10552120209, 4.01314067841, 3.77497982979, 3.40045976639, 1.48360657692, 1.50977146626, 4.15209579468, 4.5506439209, 1.2744011879, 0.535051345825, 0.0163563378155, 0.0010389998788, 8.8867687964e-07, 7.20365207485e-08],
        "max": [11.1767606735, 191.023925781, 422.15737915, 247.875350952, 123.117179871, 74.3697433472, 149.509094238, 191.62677002, 74.0922927856, 330.963623047, 308.790710449, 135.243469238, 193.767105103, 149.597320557, 97.6550292969, 85.5000076294, 43.7462921143, 99.7148895264, 35.7430000305, 60.4114646912, 66.3113632202, 49.7710876465, 28.7972679138, 53.5947532654, 33.474811554, 26.3453273773, 15.013086319, 10.2729301453, 9.88251018524, 8.7984380722, 7.83804273605, 8.45124435425, 14.4338474274, 11.8429727554, 6.90229988098, 4.66377305984, 0.777201831341, 0.197842940688, 0.00647570192814, 0.00113509804942],
        "mean": [0.597259044647, 11.4842319489, 26.4939899445, 19.9611530304, 13.7148895264, 10.3855552673, 16.3665657043, 19.2379932404, 8.06340408325, 13.0414628983, 15.2256231308, 5.93113994598, 10.4116926193, 10.3284835815, 6.95553827286, 5.38429927826, 5.55903053284, 8.19686889648, 4.89243841171, 7.01117897034, 6.73716974258, 4.21850204468, 3.43664550781, 2.97272872925, 2.6424407959, 1.63707172871, 0.805040240288, 0.53778553009, 0.526259601116, 0.544624626637, 0.388586580753, 0.400512188673, 0.685393214226, 0.698117554188, 0.395375370979, 0.243386894464, 0.0417941063643, 0.00933925528079, 0.000262745452346, 9.10289527383e-05],
        "median": [0.137764334679, 4.85682582855, 12.4432935715, 13.4165048599, 10.2404003143, 7.44238948822, 11.4535636902, 12.3835573196, 5.12167263031, 5.86888408661, 5.87245416641, 3.23030209541, 6.07054805756, 4.97189998627, 4.23727798462, 2.72259187698, 3.64483880997, 3.6146569252, 3.28580570221, 4.7539730072, 4.50466251373, 2.77288413048, 2.5726184845, 1.55025005341, 1.17033195496, 0.6586176157, 0.227711752057, 0.130143612623, 0.100875541568, 0.107451125979, 0.0584527701139, 0.0447678864002, 0.0799536034465, 0.0692488700151, 0.0397110581398, 0.0264489427209, 0.00422377604991, 0.000881011714227, 4.65929115308e-05, 4.96623761137e-05],
        "min": [2.59854124426e-21, 3.91626035684e-21, 9.48738034742e-21, 2.24249229519e-20, 4.14354220497e-20, 3.10421884586e-19, 3.14337731757e-19, 1.78586756211e-19, 2.74663745585e-19, 7.68438174557e-19, 1.09718104989e-18, 1.59021161084e-18, 2.11375810537e-18, 1.44880932443e-18, 3.46530691299e-18, 3.38775107914e-18, 2.79082818421e-18, 6.41179787398e-18, 3.8801669415e-18, 3.19393645776e-18, 5.81165104261e-18, 6.87344778743e-18, 7.13764307123e-18, 9.93191708307e-18, 1.29982863672e-17, 1.27455785541e-17, 1.94147727008e-17, 1.94742552587e-17, 1.52502210647e-17, 1.77025435744e-17, 1.74448404177e-17, 1.49900545641e-17, 1.90457723927e-17, 1.54032296257e-17, 1.12784471791e-17, 7.38213036334e-18, 2.95869394298e-18, 1.41960984881e-18, 3.51898349012e-19, 3.62691976793e-20],
        "var": [2.17196941376, 498.810882568, 3028.42871094, 615.503234863, 154.993865967, 89.2798233032, 242.089706421, 435.820465088, 80.7338409424, 809.67199707, 677.718566895, 63.8655166626, 169.644683838, 220.33291626, 66.3639755249, 65.2086639404, 31.797039032, 161.733352661, 22.5293331146, 44.5329093933, 48.0705871582, 22.340801239, 8.9423160553, 15.9410915375, 15.1259374619, 9.12656116486, 2.68207526207, 1.46779060364, 1.56131541729, 1.44283354282, 0.756606817245, 0.776105999947, 2.10964345932, 2.42144060135, 0.764417767525, 0.287874519825, 0.00882780831307, 0.000495806103572, 3.75935258035e-07, 2.13967137341e-08]
    },
    "gfcc": {
        "mean": [-32.559135437, 140.120620728, -78.2120742798, 30.6457157135, -26.339099884, 12.2897758484, -37.62550354, 14.8897666931, -23.4386100769, -1.93149900436, -14.7548284531, -3.78503346443, -8.09373855591],
        "cov": [[3413.53100586, -1486.78222656, 909.978637695, 29.2924232483, -411.82119751, 364.893981934, -218.015289307, 397.542358398, -275.558898926, 373.122711182, -219.389633179, 209.194122314, -102.846588135], [-1486.78222656, 1673.37524414, -802.913818359, 23.4691925049, 315.915649414, -427.053161621, 288.143798828, -336.539459229, 273.855926514, -308.741821289, 236.239135742, -194.327316284, 167.355911255], [909.978637695, -802.913818359, 927.815490723, 37.6417770386, -136.664016724, 233.049026489, -155.599822998, 210.48500061, -146.237762451, 179.236083984, -108.605712891, 139.641082764, -36.2399101257], [29.2924232483, 23.4691925049, 37.6417770386, 187.356262207, 36.9588661194, -54.4084892273, 90.1551132202, -1.92871415615, 17.2155704498, -27.7316532135, 34.7532310486, -8.46743202209, 21.8605117798], [-411.82119751, 315.915649414, -136.664016724, 36.9588661194, 194.089950562, -17.9791183472, 70.737121582, -65.0822372437, 69.8558883667, -54.6200141907, 61.4639778137, -50.8805732727, 20.0404186249], [364.893981934, -427.053161621, 233.049026489, -54.4084892273, -17.9791183472, 257.168457031, -79.3470993042, 63.6754188538, -44.594367981, 90.5729370117, -53.6242179871, 31.8583831787, -40.7015037537], [-218.015289307, 288.143798828, -155.599822998, 90.1551132202, 70.737121582, -79.3470993042, 181.017608643, -49.4747505188, 65.7182617188, -64.4957351685, 54.8460235596, -45.0678062439, 46.2403068542], [397.542358398, -336.539459229, 210.48500061, -1.92871415615, -65.0822372437, 63.6754188538, -49.4747505188, 148.203094482, -51.1350440979, 72.6560745239, -49.1929168701, 45.3939819336, -35.548576355], [-275.558898926, 273.855926514, -146.237762451, 17.2155704498, 69.8558883667, -44.594367981, 65.7182617188, -51.1350440979, 125.054725647, -32.5390968323, 42.3729705811, -56.480884552, 15.4961233139], [373.122711182, -308.741821289, 179.236083984, -27.7316532135, -54.6200141907, 90.5729370117, -64.4957351685, 72.6560745239, -32.5390968323, 114.481369019, -40.9304351807, 30.5344657898, -41.304359436], [-219.389633179, 236.239135742, -108.605712891, 34.7532310486, 61.4639778137, -53.6242179871, 54.8460235596, -49.1929168701, 42.3729705811, -40.9304351807, 76.4741210938, -22.7074337006, 27.4998569489], [209.194122314, -194.327316284, 139.641082764, -8.46743202209, -50.8805732727, 31.8583831787, -45.0678062439, 45.3939819336, -56.480884552, 30.5344657898, -22.7074337006, 72.9231872559, 2.8434009552], [-102.846588135, 167.355911255, -36.2399101257, 21.8605117798, 20.0404186249, -40.7015037537, 46.2403068542, -35.548576355, 15.4961233139, -41.304359436, 27.4998569489, 2.8434009552, 75.6915435791]],
        "icov": [[0.000715074595064, -0.000591864110902, 0.000106626386696, -0.00110184459481, 0.00123018713202, -0.0010534459725, 1.36124735945e-05, -0.000926312350202, 0.000791355792899, -0.00175586843397, 0.000687619729433, -0.000493342871778, -3.7487840018e-05], [-0.000591864110902, 0.00870725233108, -0.000964724808, 0.00792515464127, -0.00611952040344, 0.00914116110653, -0.00222960812971, 0.00476722698659, -0.0050329817459, 0.00665918551385, -0.00734446011484, 0.0063037914224, -0.00557440891862], [0.000106626386696, -0.000964724808, 0.00284681632183, -0.00280810543336, 0.000722676923033, -0.00232972227968, 0.00148962554522, -0.00204595853575, 0.000915010343306, -0.00254433508962, 0.00171451433562, -0.00259236386046, -0.000964349019341], [-0.00110184459481, 0.00792515464127, -0.00280810543336, 0.0166771952063, -0.00695934472606, 0.010444981046, -0.00670602871105, 0.00433637481183, -0.0041327169165, 0.0080655394122, -0.00912377703935, 0.00603871233761, -0.00325306435116], [0.00123018713202, -0.00611952040344, 0.000722676923033, -0.00695934472606, 0.0142322769389, -0.00919332541525, 0.000925135391299, -0.00340839847922, 0.00217672507279, -0.00371793773957, 0.000591729069129, -0.00212009577081, 0.00407041283324], [-0.0010534459725, 0.00914116110653, -0.00232972227968, 0.010444981046, -0.00919332541525, 0.0168060120195, -0.00241209100932, 0.00594197493047, -0.00487764319405, 0.00445535127074, -0.0057463333942, 0.00686308834702, -0.00477967364714], [1.36124735945e-05, -0.00222960812971, 0.00148962554522, -0.00670602871105, 0.000925135391299, -0.00241209100932, 0.012752443552, -0.00277930451557, -0.000849774049129, -0.000330400012899, 0.000668959342875, 0.0015178284375, -0.00334600987844], [-0.000926312350202, 0.00476722698659, -0.00204595853575, 0.00433637481183, -0.00340839847922, 0.00594197493047, -0.00277930451557, 0.0165378563106, -0.00281150452793, 0.000977453542873, -0.00106088235043, -0.000161351723364, 0.00103191426024], [0.000791355792899, -0.0050329817459, 0.000915010343306, -0.0041327169165, 0.00217672507279, -0.00487764319405, -0.000849774049129, -0.00281150452793, 0.0182263255119, -0.00742180319503, 0.00142327707727, 0.00457488838583, 0.0013641056139], [-0.00175586843397, 0.00665918551385, -0.00254433508962, 0.0080655394122, -0.00371793773957, 0.00445535127074, -0.000330400012899, 0.000977453542873, -0.00742180319503, 0.0275260098279, -0.00674615474418, 0.00377623317763, 0.00223334436305], [0.000687619729433, -0.00734446011484, 0.00171451433562, -0.00912377703935, 0.000591729069129, -0.0057463333942, 0.000668959342875, -0.00106088235043, 0.00142327707727, -0.00674615474418, 0.0312700308859, -0.00828207656741, 0.00145301327575], [-0.000493342871778, 0.0063037914224, -0.00259236386046, 0.00603871233761, -0.00212009577081, 0.00686308834702, 0.0015178284375, -0.000161351723364, 0.00457488838583, 0.00377623317763, -0.00828207656741, 0.0339842028916, -0.011488202028], [-3.7487840018e-05, -0.00557440891862, -0.000964349019341, -0.00325306435116, 0.00407041283324, -0.00477967364714, -0.00334600987844, 0.00103191426024, 0.0013641056139, 0.00223334436305, 0.00145301327575, -0.011488202028, 0.0256875175983]]
    },
    "melbands": {
        "dmean": [0.00914407614619, 0.0155755029991, 0.00232949247584, 0.000336572120432, 0.000325084372889, 0.00019487721147, 6.78499200149e-05, 7.88921170169e-05, 6.29118294455e-05, 2.26160700549e-05, 3.53868090315e-05, 3.00983610941e-05, 1.45786552821e-05, 9.77588024398e-06, 6.26953169558e-06, 6.03484795647e-06, 8.57035502122e-06, 3.86128294849e-06, 7.94842526375e-06, 6.74254715705e-06, 3.87618820241e-06, 2.53030384556e-06, 2.0941386083e-06, 1.42978808526e-06, 1.27527584937e-06, 1.15279431157e-06, 1.49959669216e-06, 8.61704393174e-07, 5.91445768805e-07, 3.09654495823e-07, 3.59230028835e-07, 3.5511840224e-07, 2.80836104594e-07, 3.31825418698e-07, 2.36954235788e-07, 2.04717693464e-07, 2.73112874538e-07, 4.35789843323e-07, 6.72908356592e-07, 5.77751393394e-07],
        "dmean2": [0.0151863889769, 0.0266260970384, 0.00371116329916, 0.000481200957438, 0.000486778502818, 0.000292106211418, 0.000100761375506, 0.000117116862384, 9.50972171267e-05, 3.6355577322e-05, 5.41771296412e-05, 4.60700030089e-05, 2.29407487495e-05, 1.46885004142e-05, 9.41010966926e-06, 9.51987294684e-06, 1.32954219225e-05, 6.4075343289e-06, 1.32419145302e-05, 1.09818029159e-05, 6.33257059235e-06, 4.13816314904e-06, 3.44330737789e-06, 2.39541509472e-06, 2.08685605685e-06, 1.90546518297e-06, 2.56530506704e-06, 1.48141282352e-06, 9.99314920591e-07, 4.85050179577e-07, 5.8890566379e-07, 5.69094652292e-07, 4.40850982386e-07, 5.19490413353e-07, 3.59499949809e-07, 3.10108816848e-07, 4.17271763808e-07, 6.46810065064e-07, 9.79760216069e-07, 8.47894966682e-07],
        "dvar": [0.000447683909442, 0.00135973258875, 1.83609754458e-05, 1.51239888169e-07, 1.64517999224e-07, 6.81851588524e-08, 8.85642492676e-09, 2.88932398007e-08, 1.60884301437e-08, 1.75555769921e-09, 3.32560978755e-09, 2.69702216116e-09, 6.61890042775e-10, 1.86202470109e-10, 9.61096133234e-11, 5.54571284728e-11, 1.64926600155e-10, 2.74619459117e-11, 1.15822719471e-10, 1.57088939079e-10, 2.9657373779e-11, 1.03680944039e-11, 1.1651696101e-11, 2.97704200701e-12, 4.85812085005e-12, 3.65104084118e-12, 1.11504919881e-11, 4.31752550378e-12, 1.94298461868e-12, 4.38739810541e-13, 7.38440938172e-13, 6.91424077281e-13, 4.66006410977e-13, 5.06418366443e-13, 2.59563421104e-13, 2.0044011481e-13, 3.19305589998e-13, 7.75091525251e-13, 1.75830801741e-12, 1.46958682203e-12],
        "dvar2": [0.00114149099682, 0.00383227155544, 5.02228249388e-05, 3.07951722789e-07, 3.77574906452e-07, 1.56090464998e-07, 1.95557614546e-08, 5.08456885484e-08, 3.57152281083e-08, 4.62965532577e-09, 7.89464138506e-09, 6.21628437614e-09, 1.59145174816e-09, 4.06342987036e-10, 1.75114742151e-10, 1.35664493528e-10, 3.60711932545e-10, 7.26715562727e-11, 2.98931990272e-10, 3.74415248805e-10, 7.38763494823e-11, 2.5721568972e-11, 2.96090651997e-11, 7.94638486956e-12, 1.21026869082e-11, 9.2441800742e-12, 3.06765203517e-11, 1.17910507746e-11, 5.20151760205e-12, 9.74135485818e-13, 1.88586776403e-12, 1.68566495398e-12, 1.11307783737e-12, 1.22697154086e-12, 5.85404663113e-13, 4.60748247281e-13, 7.12867048377e-13, 1.75405436703e-12, 3.83576764101e-12, 3.2861374212e-12],
        "max": [0.15440633893, 0.244176387787, 0.038582149893, 0.00557771790773, 0.00457312725484, 0.00376491970383, 0.0009623709484, 0.00417542876676, 0.00255690910853, 0.000844396243338, 0.000960986944847, 0.000622131745331, 0.000350353191607, 0.000157935442985, 0.000162297830684, 8.5147752543e-05, 0.000179905880941, 4.43575627287e-05, 0.000160808092915, 0.000204203810426, 5.61278575333e-05, 4.04095153499e-05, 6.24937820248e-05, 1.89888069144e-05, 5.02542388858e-05, 2.34740309679e-05, 3.79032098863e-05, 1.85021981451e-05, 1.25585320347e-05, 6.73764907333e-06, 7.48889578972e-06, 7.98274322733e-06, 7.02422767063e-06, 5.34778700967e-06, 4.22325047111e-06, 5.3616522564e-06, 5.36157267561e-06, 9.92469085759e-06, 1.07742289401e-05, 1.03674465208e-05],
        "mean": [0.00882876478136, 0.0154087403789, 0.0035164039582, 0.000717378512491, 0.000616446719505, 0.000400076532969, 0.000114444883366, 0.000161670308444, 0.000114373549877, 3.30669827235e-05, 5.1992963563e-05, 4.24671197834e-05, 2.2427913791e-05, 1.67316393345e-05, 1.15014308903e-05, 1.19429905681e-05, 1.55787547556e-05, 5.96812196818e-06, 1.21077673612e-05, 1.06346751636e-05, 7.10553649697e-06, 4.58666136183e-06, 3.86919691664e-06, 2.4419998681e-06, 2.43417389356e-06, 1.85523401797e-06, 2.16467083192e-06, 8.31565557746e-07, 5.56736722501e-07, 3.40778655072e-07, 3.07068916072e-07, 3.1667894973e-07, 2.6789803087e-07, 3.16753784091e-07, 2.28699178706e-07, 1.91389801785e-07, 2.60552099007e-07, 4.22320624693e-07, 6.6629002049e-07, 5.53587256036e-07],
        "median": [0.00305829406716, 0.0073877768591, 0.00253892783076, 0.000573339406401, 0.000452304113423, 0.000274241465377, 7.17082002666e-05, 6.73090107739e-05, 4.2773936002e-05, 1.76618123078e-05, 2.9477483622e-05, 2.00164940907e-05, 1.30982080009e-05, 1.03727797978e-05, 5.97531015956e-06, 7.91608363215e-06, 6.76789841236e-06, 3.87499130738e-06, 7.32354965294e-06, 5.3336189012e-06, 4.75940396427e-06, 2.96547841572e-06, 2.17219030674e-06, 1.85953695109e-06, 1.01082468973e-06, 8.74775423654e-07, 6.42638156023e-07, 3.08197741106e-07, 1.51232697476e-07, 1.0151360641e-07, 5.64197861763e-08, 5.44081260045e-08, 5.74612784021e-08, 5.9069002134e-08, 3.53001290421e-08, 2.12574953196e-08, 2.71732272239e-08, 5.02648447309e-08, 7.50062483235e-08, 5.02353287857e-08],
        "min": [2.14616188365e-23, 5.00345205442e-24, 3.39541944699e-24, 1.14438994447e-23, 1.32897361441e-23, 4.31561267672e-24, 4.5265284448e-24, 9.45456736883e-24, 1.11602589842e-23, 9.42968590702e-24, 1.06774098459e-23, 5.76735931706e-24, 8.5180348576e-24, 1.58668689909e-23, 3.7184725816e-24, 9.03791707111e-24, 1.21216761127e-23, 5.56923966172e-24, 4.62999110239e-24, 4.47025662985e-24, 7.21059572595e-24, 6.94971469143e-24, 6.76828062753e-24, 5.88242730186e-24, 8.2375987501e-24, 8.77878730779e-24, 9.38260353275e-24, 8.94033813257e-24, 1.25138472676e-23, 1.21220247892e-23, 1.208385181e-23, 8.72905514975e-24, 9.45496574359e-24, 9.43621057557e-24, 1.1361480835e-23, 7.56036718499e-24, 9.17512601493e-24, 1.30522598238e-23, 1.30739992526e-23, 1.33688478489e-23],
        "var": [0.000355249940185, 0.000904222775716, 1.60605086421e-05, 3.62190178294e-07, 3.23967611848e-07, 1.70334786276e-07, 1.69468847844e-08, 1.26824318158e-07, 4.45401759919e-08, 2.04471373166e-09, 4.35410196786e-09, 3.80643028208e-09, 8.63220550595e-10, 3.941792448e-10, 2.52428272729e-10, 1.58854734922e-10, 5.86782955558e-10, 3.94431570738e-11, 1.89463306155e-10, 2.66432959029e-10, 5.14223143233e-11, 2.36835863421e-11, 3.01791577839e-11, 4.56387271724e-12, 1.38210085737e-11, 6.09479871086e-12, 1.70305002739e-11, 3.12555016591e-12, 1.49215199658e-12, 4.83043563915e-13, 6.02197111621e-13, 6.17324117172e-13, 4.35249004806e-13, 4.84561880638e-13, 2.76005753625e-13, 2.05756229112e-13, 3.4505316898e-13, 8.38455444397e-13, 2.03995479363e-12, 1.63513809697e-12]
    },
    "mfcc": {
        "mean": [-692.439575195, 177.971664429, 15.6254339218, 33.3628807068, 31.4927978516, 4.29127073288, 9.62548542023, 7.53613758087, 5.58928918839, 2.12592530251, -0.045059889555, -4.6448764801, 4.9065246582],
        "cov": [[2330.98876953, -1045.82287598, 675.080078125, -179.862747192, -66.3924865723, -84.1048965454, 102.342857361, -79.2431106567, 115.45866394, 49.8454055786, 15.7566614151, 28.53881073, 33.1653938293], [-1045.82287598, 1208.90771484, -619.438171387, 232.688720703, -52.683429718, 21.4497089386, -86.5112762451, 35.6410942078, -66.3349609375, -14.689743042, -27.3414268494, -13.9404039383, 1.48887419701], [675.080078125, -619.438171387, 793.753540039, -106.359329224, 89.8324356079, -40.5062828064, 65.4813308716, -32.5479240417, 74.1674118042, -4.79183340073, -9.07316112518, -0.868749082088, 26.778459549], [-179.862747192, 232.688720703, -106.359329224, 327.091705322, -66.0173034668, -39.4083213806, 9.66286468506, 55.0302734375, -1.49229431152, -5.52970027924, -26.6872882843, -9.00962543488, 66.9759216309], [-66.3924865723, -52.683429718, 89.8324356079, -66.0173034668, 158.026901245, 43.9087677002, 17.135974884, -2.51939249039, -5.42359209061, 11.4919710159, 26.243303299, 9.62294197083, -7.52418279648], [-84.1048965454, 21.4497089386, -40.5062828064, -39.4083213806, 43.9087677002, 147.060852051, 24.7123947144, 0.765346288681, -1.71701002121, 16.3467655182, 24.6866149902, 12.0712509155, -28.1558170319], [102.342857361, -86.5112762451, 65.4813308716, 9.66286468506, 17.135974884, 24.7123947144, 93.8239059448, 20.4136562347, 7.63241529465, 4.02723503113, -3.02884292603, -8.06435966492, 9.7951593399], [-79.2431106567, 35.6410942078, -32.5479240417, 55.0302734375, -2.51939249039, 0.765346288681, 20.4136562347, 69.4499359131, 7.01778411865, 2.65731811523, -11.8258256912, -3.6552977562, 14.6942424774], [115.45866394, -66.3349609375, 74.1674118042, -1.49229431152, -5.42359209061, -1.71701002121, 7.63241529465, 7.01778411865, 68.9460220337, 18.8673801422, 2.52470088005, 8.25148391724, 10.2680091858], [49.8454055786, -14.689743042, -4.79183340073, -5.52970027924, 11.4919710159, 16.3467655182, 4.02723503113, 2.65731811523, 18.8673801422, 65.0015258789, 26.9962673187, 12.5077362061, -6.42810773849], [15.7566614151, -27.3414268494, -9.07316112518, -26.6872882843, 26.243303299, 24.6866149902, -3.02884292603, -11.8258256912, 2.52470088005, 26.9962673187, 74.2379989624, 23.7420349121, -14.43841362], [28.53881073, -13.9404039383, -0.868749082088, -9.00962543488, 9.62294197083, 12.0712509155, -8.06435966492, -3.6552977562, 8.25148391724, 12.5077362061, 23.7420349121, 56.4077720642, 3.90711808205], [33.1653938293, 1.48887419701, 26.778459549, 66.9759216309, -7.52418279648, -28.1558170319, 9.7951593399, 14.6942424774, 10.2680091858, -6.42810773849, -14.43841362, 3.90711808205, 67.2509536743]],
