{
"lowlevel": {
    "average_loudness": 0.848155200481,
    "barkbands_crest": {
        "dmean": 2.55475306511,
        "dmean2": 3.98305702209,
        "dvar": 6.44334173203,
        "dvar2": 17.3591423035,
        "max": 25.2122459412,
        "mean": 14.7461004257,
        "median": 14.7239551544,
        "min": 4.68763923645,
        "var": 17.8262290955
    },
    "barkbands_flatness_db": {
        "dmean": 0.0334458760917,
        "dmean2": 0.0518105365336,
        "dvar": 0.00123621302191,
        "dvar2": 0.00297515722923,
        "max": 0.530180871487,
        "mean": 0.282746344805,
        "median": 0.273964166641,
        "min": 0.0767988413572,
        "var": 0.00448658131063
    },
    "barkbands_kurtosis": {
        "dmean": 7.28687095642,
        "dmean2": 11.6650409698,
        "dvar": 88.9136505127,
        "dvar2": 208.782287598,
        "max": 119.074127197,
        "mean": 15.2316474915,
        "median": 10.6954393387,
        "min": -1.84996747971,
        "var": 211.585922241
    },
    "barkbands_skewness": {
        "dmean": 0.860167622566,
        "dmean2": 1.37223351002,
        "dvar": 0.787559747696,
        "dvar2": 1.88387346268,
        "max": 7.98444318771,
        "mean": 2.63748264313,
        "median": 2.40575265884,
        "min": -1.96914696693,
        "var": 2.21947145462
    },
    "barkbands_spread": {
        "dmean": 2.24587607384,
        "dmean2": 3.56217217445,
        "dvar": 9.4391336441,
        "dvar2": 21.904088974,
        "max": 33.296836853,
        "mean": 5.94085168839,
        "median": 4.37927484512,
        "min": 0.31615832448,
        "var": 25.2652263641
    },
    "dissonance": {
        "dmean": 0.027352232486,
        "dmean2": 0.0430006273091,
        "dvar": 0.000824040558655,
        "dvar2": 0.00195667194203,
        "max": 0.492082685232,
        "mean": 0.40815487504,
        "median": 0.423162490129,
        "min": 0.153171315789,
        "var": 0.00314902770333
    },
    "dynamic_complexity": 5.30689287186,
    "erbbands_crest": {
        "dmean": 2.86744332314,
        "dmean2": 4.574426651,
        "dvar": 8.11476802826,
        "dvar2": 20.8991699219,
        "max": 27.9933700562,
        "mean": 12.3260040283,
        "median": 11.2221221924,
        "min": 3.54924726486,
        "var": 25.0085868835
    },
    "erbbands_flatness_db": {
        "dmean": 0.0260797422379,
        "dmean2": 0.0373975709081,
        "dvar": 0.000808957207482,
        "dvar2": 0.00175527413376,
        "max": 0.48929348588,
        "mean": 0.26147249341,
        "median": 0.253916651011,
        "min": 0.101058095694,
        "var": 0.00352496607229
    },
    "erbbands_kurtosis": {
        "dmean": 1.58022618294,
        "dmean2": 2.41943907738,
        "dvar": 7.66627025604,
        "dvar2": 16.4492340088,
        "max": 48.5045776367,
        "mean": 1.9172770977,
        "median": 0.452105283737,
        "min": -1.84499597549,
        "var": 17.6583976746
    },
    "erbbands_skewness": {
        "dmean": 0.42909052968,
        "dmean2": 0.649275064468,
        "dvar": 0.247945412993,
        "dvar2": 0.535015642643,
        "max": 6.10834312439,
        "mean": 1.10440385342,
        "median": 1.08416318893,
        "min": -2.95135188103,
        "var": 0.913290083408
    },
    "erbbands_spread": {
        "dmean": 6.02515125275,
        "dmean2": 9.17504024506,
        "dvar": 53.208530426,
        "dvar2": 122.529373169,
        "max": 76.4870147705,
        "mean": 26.9599208832,
        "median": 25.7863426208,
        "min": 2.19613575935,
        "var": 196.18536377
    },
    "hfc": {
        "dmean": 2.02940201759,
        "dmean2": 2.83675479889,
        "dvar": 31.2755146027,
        "dvar2": 55.3529624939,
        "max": 84.6357955933,
        "mean": 4.2165722847,
        "median": 1.62818026543,
        "min": 1.19619250126e-16,
        "var": 71.7222900391
    },
    "melbands_crest": {
        "dmean": 2.90015816689,
        "dmean2": 4.64646720886,
        "dvar": 10.6160840988,
        "dvar2": 28.0253677368,
        "max": 30.9361667633,
        "mean": 21.0417747498,
        "median": 21.0078239441,
        "min": 1.81677246094,
        "var": 29.4749469757
    },
    "melbands_flatness_db": {
        "dmean": 0.0384951531887,
        "dmean2": 0.0592235662043,
        "dvar": 0.00168609502725,
        "dvar2": 0.0040838685818,
        "max": 0.674705684185,
        "mean": 0.380380600691,
        "median": 0.372150599957,
        "min": 0.00663476018235,
        "var": 0.0062715341337
    },
    "melbands_kurtosis": {
        "dmean": 12.1516838074,
        "dmean2": 19.2259979248,
        "dvar": 275.417541504,
        "dvar2": 652.91583252,
        "max": 212.149215698,
        "mean": 29.6263751984,
        "median": 20.9617958069,
        "min": -1.12008547783,
        "var": 719.888122559
    },
    "melbands_skewness": {
        "dmean": 0.895853102207,
        "dmean2": 1.36900937557,
        "dvar": 0.921933531761,
        "dvar2": 2.18663930893,
        "max": 11.9492664337,
        "mean": 3.95204162598,
        "median": 3.68553304672,
        "min": -0.123922176659,
        "var": 3.21102452278
    },
    "melbands_spread": {
        "dmean": 2.19597053528,
        "dmean2": 3.50587391853,
        "dvar": 18.7433223724,
        "dvar2": 33.0250892639,
        "max": 132.176651001,
        "mean": 5.77586317062,
        "median": 4.09470081329,
        "min": 0.381383448839,
        "var": 35.0425453186
    },
    "pitch_salience": {
        "dmean": 0.0806741788983,
        "dmean2": 0.129736527801,
        "dvar": 0.00543665327132,
        "dvar2": 0.0139292702079,
        "max": 0.880524992943,
        "mean": 0.48875939846,
        "median": 0.49958756566,
        "min": 0.137879222631,
        "var": 0.0172276701778
    },
    "silence_rate_20dB": {
        "dmean": 0,
        "dmean2": 0,
        "dvar": 0,
        "dvar2": 0,
        "max": 1,
        "mean": 1,
        "median": 1,
        "min": 1,
        "var": 0
    },
    "silence_rate_30dB": {
        "dmean": 0.021660650149,
        "dmean2": 0.0433436520398,
        "dvar": 0.0211914945394,
        "dvar2": 0.0497198775411,
        "max": 1,
        "mean": 0.97422683239,
        "median": 1,
        "min": 0,
        "var": 0.0251087229699
    },
    "silence_rate_60dB": {
        "dmean": 0.0830324888229,
        "dmean2": 0.166150674224,
        "dvar": 0.0761393755674,
        "dvar2": 0.158152878284,
        "max": 1,
        "mean": 0.297938138247,
        "median": 0,
        "min": 0,
        "var": 0.209171831608
    },
    "spectral_centroid": {
        "dmean": 102.333694458,
        "dmean2": 164.494995117,
        "dvar": 76055.6484375,
        "dvar2": 103785.78125,
        "max": 11341.9580078,
        "mean": 429.181732178,
        "median": 356.200500488,
        "min": 198.194869995,
        "var": 107902.664062
    },
    "spectral_complexity": {
        "dmean": 1.20783913136,
        "dmean2": 1.92002058029,
        "dvar": 2.30493354797,
        "dvar2": 4.70520448685,
        "max": 20,
        "mean": 5.66185569763,
        "median": 5,
        "min": 0,
        "var": 9.50634002686
    },
    "spectral_decrease": {
        "dmean": 2.06550931914e-09,
        "dmean2": 3.01785063606e-09,
        "dvar": 3.32009717625e-17,
        "dvar2": 6.36715262021e-17,
        "max": 1.49424297886e-29,
        "mean": -3.91506027597e-09,
        "median": -1.50295442758e-09,
        "min": -9.12540230047e-08,
        "var": 6.5651624535e-17
    },
    "spectral_energy": {
        "dmean": 0.00797256734222,
        "dmean2": 0.0116360327229,
        "dvar": 0.000494560401421,
        "dvar2": 0.000946421001572,
        "max": 0.352089881897,
        "mean": 0.0151587948203,
        "median": 0.00583800068125,
        "min": 1.07934274488e-20,
        "var": 0.000981677789241
    },
    "spectral_energyband_high": {
        "dmean": 4.7918592827e-06,
        "dmean2": 7.08365632818e-06,
        "dvar": 1.20229784462e-10,
        "dvar2": 2.74368722186e-10,
        "max": 0.000140120333526,
        "mean": 6.83695816406e-06,
        "median": 1.64623133969e-06,
        "min": 7.92544120769e-21,
        "var": 1.86076820619e-10
    },
    "spectral_energyband_low": {
        "dmean": 0.000600576691795,
        "dmean2": 0.000961326877587,
        "dvar": 1.14366719117e-06,
        "dvar2": 3.07233858621e-06,
        "max": 0.0150255896151,
        "mean": 0.00137501955032,
        "median": 0.000887019559741,
        "min": 5.64625488972e-23,
        "var": 2.25890880756e-06
    },
    "spectral_energyband_middle_high": {
        "dmean": 0.000177458816324,
        "dmean2": 0.000255949678831,
        "dvar": 1.72142833321e-07,
        "dvar2": 3.25956023062e-07,
        "max": 0.00881022121757,
        "mean": 0.000426233105827,
        "median": 0.000199880742002,
        "min": 1.632698726e-21,
        "var": 4.52232740145e-07
    },
    "spectral_energyband_middle_low": {
        "dmean": 0.00767719047144,
        "dmean2": 0.011191111058,
        "dvar": 0.000481350783957,
        "dvar2": 0.000912047165912,
        "max": 0.347468405962,
        "mean": 0.0138732846826,
        "median": 0.00482092984021,
        "min": 2.72889479118e-22,
        "var": 0.000920788268559
    },
    "spectral_entropy": {
        "dmean": 0.326073020697,
        "dmean2": 0.52292484045,
        "dvar": 0.131609410048,
        "dvar2": 0.317834436893,
        "max": 9.79661750793,
        "mean": 6.03905344009,
        "median": 6.1125535965,
        "min": 3.9265267849,
        "var": 0.406798630953
    },
    "spectral_flux": {
        "dmean": 0.024621270597,
        "dmean2": 0.0401190631092,
        "dvar": 0.00165979273152,
        "dvar2": 0.00436054542661,
        "max": 0.387757360935,
        "mean": 0.0427986942232,
        "median": 0.0260838158429,
        "min": 1.03891423242e-10,
        "var": 0.00264348369092
    },
    "spectral_kurtosis": {
        "dmean": 14.4614925385,
        "dmean2": 23.7971401215,
        "dvar": 370.218719482,
        "dvar2": 895.220153809,
        "max": 323.241943359,
        "mean": 29.7544269562,
        "median": 19.0591945648,
        "min": -1.20480203629,
        "var": 1043.76464844
    },
    "spectral_rms": {
        "dmean": 0.000747930782381,
        "dmean2": 0.00106850161683,
        "dvar": 1.64174366546e-06,
        "dvar2": 2.86394833893e-06,
        "max": 0.0185338165611,
        "mean": 0.00303014274687,
        "median": 0.00238654762506,
        "min": 3.2450227401e-12,
        "var": 5.60729085919e-06
    },
    "spectral_rolloff": {
        "dmean": 117.649467468,
        "dmean2": 198.442626953,
        "dvar": 221156.234375,
        "dvar2": 285775.21875,
        "max": 18389.3554688,
        "mean": 412.028259277,
        "median": 344.53125,
        "min": 172.265625,
        "var": 263047.96875
    },
    "spectral_skewness": {
        "dmean": 0.932378411293,
        "dmean2": 1.53490459919,
        "dvar": 1.02663862705,
        "dvar2": 2.54749155045,
        "max": 14.3551607132,
        "mean": 3.61325836182,
        "median": 3.10395336151,
        "min": -0.0281286872923,
        "var": 3.39663553238
    },
    "spectral_spread": {
        "dmean": 462956.625,
        "dmean2": 694485,
        "dvar": 964915560448,
        "dvar2": 1.17109895987e+12,
        "max": 40420216,
        "mean": 2130833.5,
        "median": 2001374.875,
        "min": 279203.78125,
        "var": 1.594720256e+12
    },
    "spectral_strongpeak": {
        "dmean": 0.223669737577,
        "dmean2": 0.334075808525,
        "dvar": 0.155868932605,
        "dvar2": 0.298763662577,
        "max": 5.64618587494,
        "mean": 0.567246198654,
        "median": 0.373238861561,
        "min": 0,
        "var": 0.399262845516
    },
    "zerocrossingrate": {
        "dmean": 0.00360884913243,
        "dmean2": 0.00446331407875,
        "dvar": 0.00012996904843,
        "dvar2": 0.000136997085065,
        "max": 0.498046875,
        "mean": 0.018580108881,
        "median": 0.0166015625,
        "min": 0.00341796875,
        "var": 0.00018699876091
    },
    "barkbands": {
        "dmean": [0.000552087847609, 2.2009577151e-05, 7.7931661508e-05, 0.00227089691907, 0.00476961443201, 0.000624864944257, 0.00136597140227, 5.08904049639e-05, 3.08717790176e-05, 6.05121495028e-05, 1.31603765112e-05, 1.58756392921e-05, 6.30993918094e-06, 1.71840893017e-05, 5.07330951223e-05, 2.38166903728e-05, 1.69523300428e-05, 3.49447655026e-05, 2.81551569969e-06, 1.45836099819e-06, 1.69497934621e-06, 5.81846052228e-07, 2.15722408825e-07, 8.39238680328e-07, 5.35423851034e-07, 1.93619513311e-07, 1.43137901532e-09],
        "dmean2": [0.000896750716493, 3.69011504517e-05, 0.000130766711663, 0.00380344572477, 0.00700368825346, 0.000845509464853, 0.0018725345144, 6.75046976539e-05, 4.58399481431e-05, 8.77161874087e-05, 1.93820887944e-05, 2.30940040638e-05, 9.37835557124e-06, 2.57769588643e-05, 7.4808660429e-05, 3.70560774172e-05, 2.82493747363e-05, 5.37899177289e-05, 4.53798747913e-06, 2.3303987291e-06, 2.40863664658e-06, 8.98850032627e-07, 3.32752790655e-07, 1.36715004828e-06, 8.50231515415e-07, 3.18373537311e-07, 2.38425346133e-09],
        "dvar": [1.67307200627e-06, 1.30131661003e-09, 1.80697181662e-08, 2.72958313872e-05, 0.000230013218243, 4.66606161353e-06, 3.42018429365e-05, 1.90734379402e-08, 6.0943543545e-09, 1.90408613321e-08, 8.20784551436e-10, 1.66225655462e-09, 6.28531893199e-10, 2.0439652193e-09, 2.21835048109e-08, 3.71416031264e-09, 2.63249821941e-09, 2.86723409459e-08, 1.23312166034e-10, 2.36747219051e-11, 2.14593360442e-11, 2.16003322e-12, 2.99716984087e-13, 6.38950697907e-12, 1.84266837899e-12, 3.68544550346e-13, 7.49056752125e-16],
        "dvar2": [4.16887314714e-06, 3.37030847675e-09, 4.19335108859e-08, 7.62896379456e-05, 0.000456473353552, 9.73482019617e-06, 6.00252060394e-05, 3.25489537545e-08, 1.23645085282e-08, 3.66120218587e-08, 1.72080483196e-09, 3.48133744055e-09, 1.28551791434e-09, 4.01517308291e-09, 4.53075514883e-08, 8.03203104027e-09, 6.63780541643e-09, 5.94132636422e-08, 2.45155534762e-10, 5.74974477752e-11, 4.18025267179e-11, 5.14349543859e-12, 7.01991687436e-13, 1.63031064343e-11, 4.01637447259e-12, 9.57513582311e-13, 1.95596551718e-15],
        "max": [0.0224627219141, 0.000586009700783, 0.00242401473224, 0.0858129858971, 0.229197472334, 0.0395270064473, 0.112154714763, 0.00513384304941, 0.00166907487437, 0.00278676860034, 0.000505851814523, 0.00117730011698, 0.000699661904946, 0.000958800083026, 0.00299869896844, 0.00139997818042, 0.000843584828544, 0.00438434164971, 0.000298432045383, 9.33752962737e-05, 8.99841834325e-05, 2.08612400456e-05, 7.19038052921e-06, 3.87453073927e-05, 2.38000648096e-05, 9.51753281697e-06, 9.79445530902e-07],
        "mean": [0.000592229072936, 3.88541302527e-05, 0.000230710153119, 0.00355784920976, 0.00674976035953, 0.0013274801895, 0.00201784167439, 0.00012987437367, 7.3044167948e-05, 0.000142097691423, 2.59636708506e-05, 3.57458702638e-05, 1.11913604997e-05, 3.20414728776e-05, 7.57770467317e-05, 3.87157415389e-05, 2.13115072256e-05, 4.72031679237e-05, 3.64079323845e-06, 1.91652657122e-06, 2.88255955638e-06, 7.54662721647e-07, 3.03261572299e-07, 8.37250070163e-07, 6.08357481724e-07, 1.76050050982e-07, 1.15314102711e-09],
        "median": [0.000100387784187, 2.50971770583e-05, 9.34844865697e-05, 0.00186454458162, 0.000879836385138, 0.000294281519018, 0.000121197175758, 5.20592002431e-05, 2.78283405351e-05, 4.39220384578e-05, 9.8971540865e-06, 1.45173489727e-05, 3.28928467752e-06, 1.05813378468e-05, 2.13599341805e-05, 1.38037230499e-05, 4.41836982645e-06, 9.30367787078e-06, 7.2459255307e-07, 4.66778374175e-07, 5.48360276298e-07, 1.52521892005e-07, 7.05714029436e-08, 9.70239710796e-08, 1.00234714751e-07, 1.42764253752e-08, 1.3467009452e-10],
        "min": [2.85226670452e-23, 2.53117854354e-23, 7.78567374813e-24, 2.74440354414e-23, 1.05807824314e-22, 2.10645504331e-23, 4.74668240516e-23, 2.93279772781e-23, 3.51557755678e-23, 2.04358740455e-23, 4.63334612782e-23, 9.77037552601e-23, 8.14137397019e-23, 1.12785210668e-22, 1.70644384155e-22, 1.03829866034e-22, 2.499079036e-22, 3.39333125329e-22, 2.54080687488e-22, 2.99352821615e-22, 3.50556255738e-22, 5.87035197132e-22, 6.27875523316e-22, 6.32617069605e-22, 1.36555604177e-21, 2.00116235147e-21, 2.34989168109e-21],
        "var": [2.41230486608e-06, 2.05482408866e-09, 1.03667183282e-07, 2.90446787403e-05, 0.000375404546503, 1.08984822873e-05, 7.25208665244e-05, 9.72616405193e-08, 1.78990564592e-08, 7.36377501198e-08, 2.17154716431e-09, 5.20507015267e-09, 1.00146857474e-09, 4.98834529239e-09, 3.54080320619e-08, 6.75529365779e-09, 3.17632675717e-09, 3.52600686426e-08, 1.95224780786e-10, 2.95301179343e-11, 4.83431558673e-11, 2.88981273806e-12, 4.16377436002e-13, 5.9452208781e-12, 2.24894256863e-12, 3.14289420227e-13, 5.36087152317e-16]
    },
    "erbbands": {
        "dmean": [0.00228927284479, 0.00388846849091, 0.0919829756021, 3.19822216034, 20.6331634521, 9.04923725128, 2.71463823318, 6.80226135254, 23.3076553345, 4.95145750046, 0.648645758629, 0.713567495346, 1.32066845894, 1.37731063366, 0.625962972641, 0.703572511673, 0.381220072508, 0.877612650394, 1.35912513733, 2.51420283318, 1.08644235134, 1.08115410805, 1.89542102814, 0.599497437477, 0.1196443066, 0.0756183192134, 0.0830709859729, 0.0443337000906, 0.0183824244887, 0.0185902733356, 0.00529601564631, 0.00645781587809, 0.018302096054, 0.00723073352128, 0.00411344552413, 0.00161842280068, 0.000127961218823, 3.53674840881e-05, 4.19477737523e-06, 8.77987440617e-06],
        "dmean2": [0.00366107397713, 0.00634619733319, 0.150438636541, 5.23381233215, 32.4732017517, 12.2425947189, 3.66571569443, 9.14840602875, 32.2417411804, 6.48480987549, 0.900418400764, 1.06934392452, 1.96105778217, 1.98827695847, 0.933976352215, 1.03165078163, 0.562307238579, 1.33074116707, 1.95415830612, 3.75749135017, 1.71264851093, 1.74745500088, 2.91761088371, 0.921391129494, 0.195269882679, 0.119973249733, 0.121067613363, 0.0634720399976, 0.0293863080442, 0.028048818931, 0.00822919886559, 0.0102509949356, 0.0298046171665, 0.0113732973114, 0.0067235706374, 0.0025931133423, 0.00021793191263, 6.27386834822e-05, 6.20887522018e-06, 1.27976290969e-05],
        "dvar": [1.76360081241e-05, 2.69367556029e-05, 0.0228622145951, 45.6037368774, 4125.56982422, 686.227844238, 57.8673934937, 533.138122559, 9961.52636719, 450.598693848, 2.4195599556, 3.56897187233, 10.8522205353, 9.04990291595, 2.13021111488, 2.75942015648, 2.16191744804, 4.65778112411, 16.9127464294, 45.6816825867, 11.7182226181, 11.0534267426, 91.1585922241, 6.59226751328, 0.160105898976, 0.0587128512561, 0.0487317368388, 0.0170297622681, 0.00244438950904, 0.00272571248934, 0.000166262718267, 0.000299439474475, 0.00313409138471, 0.000330097856931, 0.000144784935401, 2.34681956499e-05, 1.94748963622e-07, 1.62106541524e-08, 1.21188462043e-10, 5.95775095924e-10],
        "dvar2": [4.28732091677e-05, 6.49001012789e-05, 0.0599866919219, 121.615386963, 8648.40625, 1278.24401855, 128.436904907, 1069.41784668, 17681.9140625, 687.468322754, 4.82455539703, 6.92953538895, 22.0742034912, 16.5869789124, 4.60439634323, 5.89420890808, 4.41435718536, 9.27798366547, 35.4054756165, 93.1342773438, 25.5230026245, 26.9154872894, 187.760971069, 13.5451107025, 0.387604355812, 0.143668487668, 0.103632509708, 0.0338231734931, 0.00610557058826, 0.00637357588857, 0.000392037269194, 0.000697813404258, 0.00793976522982, 0.000803748087492, 0.000310205563437, 5.87360809732e-05, 5.37368180176e-07, 4.48358896676e-08, 2.41286685077e-10, 1.1369389874e-09],
        "max": [0.0592912659049, 0.081190392375, 2.23695755005, 110.509857178, 990.854309082, 331.887634277, 117.164573669, 397.608459473, 1628.89233398, 561.632446289, 34.6318817139, 38.8458061218, 69.1000671387, 63.4368515015, 25.4869995117, 49.1158180237, 40.8609733582, 42.1629219055, 81.2323303223, 107.398551941, 98.8631973267, 59.2647514343, 251.614456177, 60.9751777649, 7.04318904877, 4.54956007004, 3.81162762642, 2.4618973732, 0.795383870602, 0.986033022404, 0.255644649267, 0.317983806133, 0.871434092522, 0.202636733651, 0.240190342069, 0.0779112502933, 0.00718673691154, 0.0018666255055, 0.000160988682183, 0.000386309344321],
        "mean": [0.003072821768, 0.0118005620316, 0.259525239468, 5.61530447006, 28.2376556396, 14.6298494339, 5.9399228096, 14.9085254669, 33.6472969055, 10.5189180374, 1.53477096558, 1.77893126011, 2.93231606483, 3.40916013718, 1.3822094202, 1.53157973289, 0.758281052113, 1.63967561722, 2.23743391037, 4.04384231567, 1.68737363815, 1.46375000477, 2.56215572357, 0.832463383675, 0.15499535203, 0.0991252884269, 0.138524025679, 0.0694164857268, 0.0237284433097, 0.0238975994289, 0.00766367604956, 0.00849665235728, 0.0172601435333, 0.00776150263846, 0.00450464477763, 0.00159271724988, 0.000110115579446, 2.48133947025e-05, 7.62576564739e-06, 1.67611815414e-05],
        "median": [0.00118399749044, 0.00879898108542, 0.169035434723, 3.12920188904, 7.03221273422, 1.69865751266, 1.51567721367, 3.27730751038, 1.66020393372, 2.5510225296, 0.596325159073, 0.670864343643, 0.958155870438, 1.22959518433, 0.52923989296, 0.64330291748, 0.288316845894, 0.600932538509, 0.633899688721, 1.26605558395, 0.565340518951, 0.365028381348, 0.499439537525, 0.166576012969, 0.0401764065027, 0.0254808701575, 0.0293360650539, 0.0119943264872, 0.00524908350781, 0.00403751246631, 0.00187599682249, 0.00156718259677, 0.00175666902214, 0.00107392366044, 0.000706645427272, 0.000176588437171, 1.10122955448e-05, 8.60731574903e-07, 2.93030643661e-06, 6.46714579489e-06],
        "min": [1.45638525921e-21, 3.14047157102e-21, 5.90472823241e-21, 5.43626523615e-20, 1.20254328381e-19, 4.43244317646e-19, 3.66345937289e-19, 2.48397969402e-19, 6.69476354023e-19, 8.41114314875e-19, 3.80323997172e-19, 8.83672188704e-19, 7.65486845831e-19, 8.30472481198e-19, 3.52117179643e-18, 3.17182943551e-18, 3.81716762528e-18, 5.07515548138e-18, 8.82097960601e-18, 5.77732718309e-18, 9.64441226321e-18, 1.34896142802e-17, 1.66382053172e-17, 1.43720745459e-17, 1.47060834598e-17, 1.31392032019e-17, 1.32772662636e-17, 1.7488533752e-17, 2.4065124202e-17, 1.59208494746e-17, 1.79575038003e-17, 1.7215532717e-17, 9.68943487677e-18, 1.56883538198e-17, 9.2640597283e-18, 7.24484981452e-18, 3.55637949843e-18, 1.7011700318e-18, 3.26481518631e-19, 3.14833019073e-20],
        "var": [3.21372972394e-05, 0.000107900697913, 0.0760411322117, 59.3738021851, 6122.99169922, 1375.87475586, 133.890228271, 1403.11206055, 20872.6699219, 1251.39489746, 7.70811891556, 11.5214710236, 33.7730827332, 38.31590271, 6.13042926788, 8.60312175751, 3.62916278839, 10.8836593628, 28.9258041382, 77.4694366455, 19.126159668, 14.2744426727, 113.589118958, 8.57270622253, 0.182225242257, 0.0719179436564, 0.100390262902, 0.0321832187474, 0.00308904401027, 0.00345950596966, 0.000229731638683, 0.000409524334827, 0.00284404912964, 0.000350139569491, 0.000174702159711, 2.21978862101e-05, 1.36795563321e-07, 1.04872492912e-08, 2.26887966748e-10, 1.1892914431e-09]
    },
    "gfcc": {
        "mean": [-182.505218506, 178.109649658, -111.279525757, 11.0252313614, -40.0640220642, -14.0053806305, -54.3796539307, -8.92832565308, -25.2408466339, -21.382856369, -17.0806713104, -16.5578556061, 0.589815437794],
        "cov": [[5798.67529297, -1426.82995605, -320.044067383, 563.093688965, -423.835296631, -1.04429411888, -577.063110352, 164.114379883, -280.049743652, 219.56237793, -145.130599976, 155.386932373, -49.6302032471], [-1426.82995605, 1208.83654785, 49.8122711182, -601.140441895, 278.338287354, -163.645233154, 238.301345825, -214.395965576, 214.702392578, -169.392608643, 137.546325684, -120.543571472, 74.7967681885], [-320.044067383, 49.8122711182, 509.71383667, -107.901100159, -69.0875778198, -64.4079589844, -39.0534515381, -23.6021080017, -18.0664367676, -16.9336261749, -8.76852035522, 21.33527565, -37.4525680542], [563.093688965, -601.140441895, -107.901100159, 513.304931641, -89.6886444092, 68.282913208, -52.8095741272, 105.753074646, -120.749153137, 67.0000457764, -58.881652832, 39.3447799683, -39.2244911194], [-423.835296631, 278.338287354, -69.0875778198, -89.6886444092, 230.833633423, -0.690091669559, 71.4794998169, -52.281124115, 42.731098175, -51.5763778687, 16.8171596527, -35.6320877075, 16.823381424], [-1.04429411888, -163.645233154, -64.4079589844, 68.282913208, -0.690091669559, 161.9425354, -13.739323616, 43.9755439758, -15.005279541, 11.759563446, -40.684463501, -7.30321550369, 1.04678082466], [-577.063110352, 238.301345825, -39.0534515381, -52.8095741272, 71.4794998169, -13.739323616, 186.999450684, -14.7198066711, 21.4673748016, -47.4052238464, 10.7540454865, -27.4508666992, 7.21072435379], [164.114379883, -214.395965576, -23.6021080017, 105.753074646, -52.281124115, 43.9755439758, -14.7198066711, 145.419784546, -34.6583404541, 22.6502895355, -30.4874172211, 27.6293067932, 4.33550930023], [-280.049743652, 214.702392578, -18.0664367676, -120.749153137, 42.731098175, -15.005279541, 21.4673748016, -34.6583404541, 107.93460083, -10.6541070938, 21.1391067505, -36.708480835, 7.99018287659], [219.56237793, -169.392608643, -16.9336261749, 67.0000457764, -51.5763778687, 11.759563446, -47.4052238464, 22.6502895355, -10.6541070938, 99.2247390747, -12.7290010452, 3.65910673141, -17.0098190308], [-145.130599976, 137.546325684, -8.76852035522, -58.881652832, 16.8171596527, -40.684463501, 10.7540454865, -30.4874172211, 21.1391067505, -12.7290010452, 78.6255264282, 3.2873942852, 3.39558792114], [155.386932373, -120.543571472, 21.33527565, 39.3447799683, -35.6320877075, -7.30321550369, -27.4508666992, 27.6293067932, -36.708480835, 3.65910673141, 3.2873942852, 108.545722961, 11.2720270157], [-49.6302032471, 74.7967681885, -37.4525680542, -39.2244911194, 16.823381424, 1.04678082466, 7.21072435379, 4.33550930023, 7.99018287659, -17.0098190308, 3.39558792114, 11.2720270157, 80.0092926025]],
        "icov": [[0.000380248500733, 0.00021320405358, 0.000476236135, 0.000162460812135, 0.000261149398284, 0.000570835312828, 0.000937906210311, 6.51687441859e-05, 0.000551267585251, 0.00014189061767, 0.000507488963194, 3.6717086914e-05, 0.000137093724334], [0.00021320405358, 0.0100420173258, -0.000561365450267, 0.0057386867702, -0.00367569830269, 0.00404688389972, -0.00575487362221, 0.00325733376667, -0.00552124157548, 0.00455867126584, -0.00577129097655, 0.00427730567753, -0.00447997450829], [0.000476236135, -0.000561365450267, 0.00332612916827, 0.000723102188203, 0.00145752890967, 0.00134852447081, 0.00223307940178, -6.43787207082e-05, 0.00208667013794, 0.000658841163386, 0.00231087603606, -0.000679374614265, 0.0021391173359], [0.000162460812135, 0.0057386867702, 0.000723102188203, 0.00692524528131, -0.00171531038359, 0.00218706391752, -0.00292738131247, 0.000690174871124, 8.00704510766e-05, 0.00168490759097, -0.00211303308606, 0.00227903248742, -0.000853162317071], [0.000261149398284, -0.00367569830269, 0.00145752890967, -0.00171531038359, 0.00783078279346, -0.00153133599088, 0.00177524157334, 0.000299344625091, 0.00181849126238, 0.000435504625784, 0.00274902768433, -0.000925348314922, 0.00156150839757], [0.000570835312828, 0.00404688389972, 0.00134852447081, 0.00218706391752, -0.00153133599088, 0.0102982567623, -0.000194877866306, -0.000376403011614, -0.00116084259935, 0.00217374670319, 0.00191844173241, 0.00247240276076, -0.00135214917827], [0.000937906210311, -0.00575487362221, 0.00223307940178, -0.00292738131247, 0.00177524157334, -0.000194877866306, 0.0131355961785, -0.00261312676594, 0.00506857549772, 0.000156753085321, 0.00512727163732, -0.00138156570029, 0.00366313545965], [6.51687441859e-05, 0.00325733376667, -6.43787207082e-05, 0.000690174871124, 0.000299344625091, -0.000376403011614, -0.00261312676594, 0.010652015917, -0.00156256940681, 0.000815767270979, -0.000157944406965, -0.000281367334537, -0.00272037484683], [0.000551267585251, -0.00552124157548, 0.00208667013794, 8.00704510766e-05, 0.00181849126238, -0.00116084259935, 0.00506857549772, -0.00156256940681, 0.018933609128, -0.00363155989908, 0.00283736200072, 0.000981245771982, 0.00285867415369], [0.00014189061767, 0.00455867126584, 0.000658841163386, 0.00168490759097, 0.000435504625784, 0.00217374670319, 0.000156753085321, 0.000815767270979, -0.00363155989908, 0.0157201495022, -0.00164354720619, 0.00251102657057, 0.000203153074835], [0.000507488963194, -0.00577129097655, 0.00231087603606, -0.00211303308606, 0.00274902768433, 0.00191844173241, 0.00512727163732, -0.000157944406965, 0.00283736200072, -0.00164354720619, 0.0210628174245, -0.0044734813273, 0.00380281661637], [3.6717086914e-05, 0.00427730567753, -0.000679374614265, 0.00227903248742, -0.000925348314922, 0.00247240276076, -0.00138156570029, -0.000281367334537, 0.000981245771982, 0.00251102657057, -0.0044734813273, 0.0136179467663, -0.00416745850816], [0.000137093724334, -0.00447997450829, 0.0021391173359, -0.000853162317071, 0.00156150839757, -0.00135214917827, 0.00366313545965, -0.00272037484683, 0.00285867415369, 0.000203153074835, 0.00380281661637, -0.00416745850816, 0.0170448366553]]
    },
    "melbands": {
        "dmean": [3.23096355714e-05, 2.0574681912e-05, 0.00113564135972, 0.001194041688, 0.000108026608359, 0.000167486767168, 0.000318631529808, 3.65493251593e-05, 4.16606417275e-06, 4.4197954594e-06, 7.2147327046e-06, 6.52549397273e-06, 2.04265370485e-06, 1.67190125921e-06, 1.31869785491e-06, 8.48681565913e-07, 1.6748847429e-06, 1.53007317749e-06, 4.69543192594e-06, 2.08197911888e-06, 1.15806903978e-06, 9.24800360735e-07, 1.51386154812e-06, 2.00120211957e-06, 2.84428978148e-07, 1.03371995408e-07, 4.66087968221e-08, 5.48804628409e-08, 5.13790183732e-08, 5.53843655382e-08, 1.47414445095e-08, 1.15404823475e-08, 9.84172032759e-09, 9.2266585483e-09, 2.93741320156e-09, 2.59048604789e-09, 4.37310987422e-09, 1.00582875362e-08, 1.51813885907e-08, 3.92190591114e-09],
        "dmean2": [5.11258549523e-05, 3.46266497218e-05, 0.00186208623927, 0.0017431761371, 0.000143563025631, 0.000228523625992, 0.000438811082859, 4.90243910463e-05, 6.27122926744e-06, 6.71866064295e-06, 1.06063962448e-05, 9.42289807426e-06, 3.03405408886e-06, 2.38863140112e-06, 1.92341917682e-06, 1.28684030187e-06, 2.59366834143e-06, 2.24448990593e-06, 6.95005655871e-06, 3.14464750772e-06, 1.8687658212e-06, 1.56223529757e-06, 2.31247167903e-06, 3.21524589708e-06, 4.36019462313e-07, 1.70851819803e-07, 7.50878470512e-08, 8.79458070813e-08, 7.89100340626e-08, 7.91007650491e-08, 2.27536460784e-08, 1.90085618357e-08, 1.50682417654e-08, 1.39733877802e-08, 4.62276927848e-09, 4.19563450649e-09, 6.91468393654e-09, 1.63849218637e-08, 2.48679388193e-08, 6.14283202083e-09],
        "dvar": [4.17298640087e-09, 1.17732978921e-09, 8.52753328218e-06, 1.42681346915e-05, 1.0149481966e-07, 3.24918460137e-07, 1.8831599391e-06, 2.88551458283e-08, 1.15353275543e-10, 1.33885319498e-10, 3.16890957919e-10, 2.12035097813e-10, 2.01247282727e-11, 2.42582655352e-11, 1.2313581578e-11, 9.57605088975e-12, 1.71952591055e-11, 2.61354202169e-11, 1.80700232555e-10, 2.38900895594e-11, 1.65210380099e-11, 1.02151603149e-11, 2.07609450464e-11, 1.52209023163e-10, 6.99683800481e-13, 1.31142465594e-13, 1.60174404664e-14, 3.70730735607e-14, 2.27826417942e-14, 2.77709560399e-14, 2.08830763893e-15, 1.21069066129e-15, 6.89013498169e-16, 7.23976794771e-16, 6.14422347466e-17, 3.6924488894e-17, 1.71293937676e-16, 8.99237387739e-16, 2.47450807607e-15, 9.29380166897e-17],
        "dvar2": [1.0012578322e-08, 2.72594924411e-09, 2.04034604394e-05, 2.81834327325e-05, 1.91914040215e-07, 6.0754189235e-07, 3.32257604896e-06, 4.18056878004e-08, 2.7178653772e-10, 2.64932242811e-10, 6.42551789554e-10, 3.88154314246e-10, 4.30391382256e-11, 4.61941838947e-11, 2.5869110673e-11, 1.9519037428e-11, 3.47363145192e-11, 5.75340192155e-11, 3.77428005516e-10, 4.84938512957e-11, 3.66011422559e-11, 2.62388149402e-11, 4.55958742984e-11, 3.21067006315e-10, 1.43576925522e-12, 3.18369462737e-13, 3.97470854244e-14, 9.06658984543e-14, 5.38540024207e-14, 5.3784647363e-14, 4.246366747e-15, 3.08305275603e-15, 1.60499974483e-15, 1.69371702281e-15, 1.49867445182e-16, 9.06642824743e-17, 3.96370629385e-16, 2.15401092586e-15, 6.56175248414e-15, 2.13051550245e-16],
        "max": [0.00110867060721, 0.000689859967679, 0.0421339422464, 0.0573276057839, 0.00744562782347, 0.00948015227914, 0.0254700426012, 0.00471519818529, 0.000156172638526, 0.000232918639085, 0.000345392880263, 0.000322379521094, 7.76575907366e-05, 0.000161594187375, 8.09663106338e-05, 8.50027499837e-05, 8.16171159386e-05, 0.000117824791232, 0.000255419523455, 9.12036048248e-05, 0.000120738623082, 6.28178604529e-05, 7.62151976232e-05, 0.000336115714163, 1.80858969543e-05, 6.24972290098e-06, 1.74563115252e-06, 3.70537759409e-06, 2.80917288364e-06, 3.15104762194e-06, 9.68721906247e-07, 6.2980632265e-07, 3.60095128826e-07, 5.41158499345e-07, 1.68916926668e-07, 7.95951535792e-08, 2.78499612705e-07, 4.51876928764e-07, 7.91785680576e-07, 1.34474888114e-07],
        "mean": [4.31839725934e-05, 6.52058733976e-05, 0.00173570076004, 0.00175220624078, 0.000246608338784, 0.000339480931871, 0.000464655313408, 8.2941580331e-05, 8.72242799232e-06, 1.07837031464e-05, 1.57879658218e-05, 1.58466573339e-05, 4.14100759372e-06, 3.98646989197e-06, 2.56124826592e-06, 1.56922419592e-06, 3.05146159008e-06, 2.3798836537e-06, 7.14470752428e-06, 3.35574554811e-06, 1.60600939125e-06, 1.12022553367e-06, 2.23869824367e-06, 2.42542978413e-06, 4.31422250813e-07, 1.22320173546e-07, 5.89213051683e-08, 6.70684343618e-08, 8.12762408486e-08, 9.07059671817e-08, 2.11356798729e-08, 1.41407401344e-08, 1.20069874043e-08, 1.20050547281e-08, 3.89293486336e-09, 3.59396090666e-09, 5.6067315235e-09, 1.00948716053e-08, 1.36172397802e-08, 4.53017934277e-09],
        "median": [1.50809064507e-05, 3.27117668348e-05, 0.000784014293458, 0.000335296295816, 5.68922259845e-05, 6.76847994328e-05, 2.24964715017e-05, 2.31851263379e-05, 3.42193106917e-06, 3.97753501602e-06, 4.64738695882e-06, 5.3095354815e-06, 1.48246977005e-06, 1.69117276982e-06, 9.77236595645e-07, 5.75601120545e-07, 1.0929909422e-06, 4.44187151061e-07, 2.11897895497e-06, 1.08247468233e-06, 4.61670794039e-07, 2.38325966961e-07, 5.58659735361e-07, 3.49860670212e-07, 9.07347725843e-08, 2.66820343597e-08, 1.55014738823e-08, 1.30040964663e-08, 1.84625790212e-08, 1.32464954561e-08, 3.5848612967e-09, 2.71955080677e-09, 1.94793114972e-09, 2.15346984689e-09, 9.12498354655e-10, 8.12713507603e-10, 8.54486925661e-10, 9.85253656438e-10, 1.24104770904e-09, 6.78545997168e-10],
        "min": [1.08384770989e-23, 3.22657284213e-24, 1.17621424999e-23, 1.73866600119e-23, 1.79507728675e-23, 4.9064742279e-24, 9.90773798217e-24, 8.83868867177e-24, 2.68492556181e-24, 5.78902222638e-24, 3.69448411034e-24, 2.96453020992e-24, 9.72538805076e-24, 1.06124495169e-23, 9.79837503943e-24, 6.90987642685e-24, 9.6015337332e-24, 1.33660142605e-23, 1.15307056987e-23, 5.4166447748e-24, 1.37175259467e-23, 1.39709838001e-23, 1.51781098013e-23, 1.50101486928e-23, 1.11477736826e-23, 9.26340586111e-24, 1.09052817847e-23, 8.18086860696e-24, 8.94225348685e-24, 7.74510973152e-24, 1.11056461437e-23, 1.54788330447e-23, 8.37681928923e-24, 8.97644271848e-24, 1.02409267961e-23, 1.11357498647e-23, 9.96917446947e-24, 5.41592612252e-24, 1.00230079154e-23, 1.35278885183e-23],
        "var": [7.72789920944e-09, 6.76600553362e-09, 1.10271839731e-05, 2.38362772507e-05, 2.90162347483e-07, 8.01747376045e-07, 4.01292481911e-06, 8.43392271577e-08, 2.10831560543e-10, 4.21941648288e-10, 1.0057504829e-09, 8.9633900302e-10, 5.58979321164e-11, 7.475092767e-11, 2.72999210044e-11, 1.56648461563e-11, 3.95507064599e-11, 4.57641285978e-11, 2.83970791326e-10, 4.53300626202e-11, 2.49833678051e-11, 1.11193710489e-11, 3.23512917844e-11, 1.71845024322e-10, 1.23896379267e-12, 1.46068812427e-13, 1.89874039478e-14, 4.40356877753e-14, 3.6966005208e-14, 5.85410897275e-14, 3.44596105767e-15, 1.43339383433e-15, 8.72004907907e-16, 9.29849264331e-16, 7.43437906129e-17, 5.2479537595e-17, 2.24348825709e-16, 9.55218006981e-16, 1.95675283431e-15, 1.13903312979e-16]
    },
    "mfcc": {
        "mean": [-822.559875488, 198.117782593, 3.7539498806, 19.1525669098, 22.5263347626, -7.59449100494, -12.0982952118, -5.89125680923, -3.01009583473, -16.0071907043, -13.0063676834, -9.50267219543, -12.5246448517],
        "cov": [[3897.38720703, -256.819702148, -783.436157227, 442.852264404, 38.7929916382, -190.751251221, -66.2528991699, -206.797714233, -42.2914085388, -121.289260864, -14.1557149887, 1.33703649044, -105.648490906], [-256.819702148, 760.522949219, 30.7763137817, -289.612335205, 31.4284076691, 4.87847757339, -64.4720687866, -1.58054304123, -30.2732009888, 80.9083480835, -48.5123443604, -14.4274282455, 29.8476848602], [-783.436157227, 30.7763137817, 585.231933594, -104.940917969, -70.7429351807, 2.39772439003, -36.3344802856, 19.6294212341, -22.1293468475, -24.3012561798, 10.4150676727, 12.1902093887, -3.07122731209], [442.852264404, -289.612335205, -104.940917969, 362.404388428, -9.44014644623, -45.088092804, 41.0214576721, -18.9772357941, -2.84231328964, -73.1245346069, 32.2997550964, 23.7868614197, -41.0299034119], [38.7929916382, 31.4284076691, -70.7429351807, -9.44014644623, 136.437759399, 23.2317733765, -12.4066305161, 8.8731546402, -0.651856601238, 16.6433906555, -9.91872310638, -19.6239356995, 21.4144306183], [-190.751251221, 4.87847757339, 2.39772439003, -45.088092804, 23.2317733765, 123.050621033, 20.9678077698, 2.75049901009, 7.98645591736, 6.6683382988, 1.71247541904, -5.28559541702, -1.84034311771], [-66.2528991699, -64.4720687866, -36.3344802856, 41.0214576721, -12.4066305161, 20.9678077698, 108.397689819, 38.912979126, 15.2677707672, 1.71741247177, 7.59167432785, 0.564950048923, -10.1792449951], [-206.797714233, -1.58054304123, 19.6294212341, -18.9772357941, 8.8731546402, 2.75049901009, 38.912979126, 131.105377197, 29.0982341766, -5.31926012039, -2.38369584084, -18.4976959229, 0.398309230804], [-42.2914085388, -30.2732009888, -22.1293468475, -2.84231328964, -0.651856601238, 7.98645591736, 15.2677707672, 29.0982341766, 97.0357284546, 27.0734596252, -15.2431125641, -1.39479088783, -0.585795342922], [-121.289260864, 80.9083480835, -24.3012561798, -73.1245346069, 16.6433906555, 6.6683382988, 1.71741247177, -5.31926012039, 27.0734596252, 119.450248718, 7.01062011719, -31.4919567108, 15.9348449707], [-14.1557149887, -48.5123443604, 10.4150676727, 32.2997550964, -9.91872310638, 1.71247541904, 7.59167432785, -2.38369584084, -15.2431125641, 7.01062011719, 78.2695236206, 16.0107498169, -14.5112495422], [1.33703649044, -14.4274282455, 12.1902093887, 23.7868614197, -19.6239356995, -5.28559541702, 0.564950048923, -18.4976959229, -1.39479088783, -31.4919567108, 16.0107498169, 96.7063751221, 8.0200176239], [-105.648490906, 29.8476848602, -3.07122731209, -41.0299034119, 21.4144306183, -1.84034311771, -10.1792449951, 0.398309230804, -0.585795342922, 15.9348449707, -14.5112495422, 8.0200176239, 94.3652648926]],
