{
"lowlevel": {
    "average_loudness": 0.767511725426,
    "barkbands_crest": {
        "dmean": 2.19904208183,
        "dmean2": 3.39342498779,
        "dvar": 4.18052816391,
        "dvar2": 10.4391202927,
        "max": 25.6571674347,
        "mean": 11.6678876877,
        "median": 10.7027225494,
        "min": 3.6070830822,
        "var": 19.1176986694
    },
    "barkbands_flatness_db": {
        "dmean": 0.0229132175446,
        "dmean2": 0.0338173955679,
        "dvar": 0.000462967873318,
        "dvar2": 0.000977886142209,
        "max": 0.434599399567,
        "mean": 0.230807393789,
        "median": 0.222081273794,
        "min": 0.0761241987348,
        "var": 0.00449226470664
    },
    "barkbands_kurtosis": {
        "dmean": 4.41473913193,
        "dmean2": 6.5298833847,
        "dvar": 66.4675598145,
        "dvar2": 133.556427002,
        "max": 212.819046021,
        "mean": 11.6469221115,
        "median": 8.22939682007,
        "min": -0.933167457581,
        "var": 180.053451538
    },
    "barkbands_skewness": {
        "dmean": 0.487914443016,
        "dmean2": 0.714262545109,
        "dvar": 0.305804878473,
        "dvar2": 0.632216453552,
        "max": 11.275346756,
        "mean": 2.58738398552,
        "median": 2.38623070717,
        "min": -1.71994817257,
        "var": 1.28668653965
    },
    "barkbands_spread": {
        "dmean": 1.72028100491,
        "dmean2": 2.59283781052,
        "dvar": 3.78935980797,
        "dvar2": 8.156914711,
        "max": 32.3763122559,
        "mean": 7.59837150574,
        "median": 6.6016702652,
        "min": 0.433356016874,
        "var": 22.0286827087
    },
    "dissonance": {
        "dmean": 0.0206578653306,
        "dmean2": 0.0340130478144,
        "dvar": 0.000348606175976,
        "dvar2": 0.00083620485384,
        "max": 0.499999850988,
        "mean": 0.436780899763,
        "median": 0.441316336393,
        "min": 0.26470336318,
        "var": 0.00118786515668
    },
    "dynamic_complexity": 2.48652839661,
    "erbbands_crest": {
        "dmean": 2.19740867615,
        "dmean2": 3.36828804016,
        "dvar": 3.99582767487,
        "dvar2": 9.49965953827,
        "max": 25.6779060364,
        "mean": 10.7216587067,
        "median": 10.1056957245,
        "min": 3.22316002846,
        "var": 17.0705947876
    },
    "erbbands_flatness_db": {
        "dmean": 0.0175725370646,
        "dmean2": 0.0258299838752,
        "dvar": 0.000302675383864,
        "dvar2": 0.000678382290062,
        "max": 0.368646621704,
        "mean": 0.208946928382,
        "median": 0.203271687031,
        "min": 0.0759663507342,
        "var": 0.00201485515572
    },
    "erbbands_kurtosis": {
        "dmean": 0.901383697987,
        "dmean2": 1.34738743305,
        "dvar": 1.95730686188,
        "dvar2": 4.16748332977,
        "max": 31.2963485718,
        "mean": 1.00091826916,
        "median": 0.121158361435,
        "min": -1.44353878498,
        "var": 6.81292819977
    },
    "erbbands_skewness": {
        "dmean": 0.288814634085,
        "dmean2": 0.432854712009,
        "dvar": 0.0843447521329,
        "dvar2": 0.181432560086,
        "max": 5.12896728516,
        "mean": 0.95820581913,
        "median": 0.872676134109,
        "min": -0.69742166996,
        "var": 0.447364985943
    },
    "erbbands_spread": {
        "dmean": 4.67388010025,
        "dmean2": 6.81240558624,
        "dvar": 20.6324234009,
        "dvar2": 43.518699646,
        "max": 67.083366394,
        "mean": 30.1770973206,
        "median": 30.1929931641,
        "min": 4.07660245895,
        "var": 118.094230652
    },
    "hfc": {
        "dmean": 2.78904390335,
        "dmean2": 3.88055634499,
        "dvar": 21.9605388641,
        "dvar2": 43.5717201233,
        "max": 69.416847229,
        "mean": 8.99202919006,
        "median": 6.76849651337,
        "min": 1.21649005765e-16,
        "var": 58.2569618225
    },
    "melbands_crest": {
        "dmean": 2.81424641609,
        "dmean2": 4.32695436478,
        "dvar": 6.28844594955,
        "dvar2": 15.4107933044,
        "max": 33.039691925,
        "mean": 17.4903526306,
        "median": 16.6289081573,
        "min": 2.13337039948,
        "var": 27.660150528
    },
    "melbands_flatness_db": {
        "dmean": 0.0237317886204,
        "dmean2": 0.0341193079948,
        "dvar": 0.000543109199498,
        "dvar2": 0.00105475145392,
        "max": 0.531757414341,
        "mean": 0.307191073895,
        "median": 0.295919388533,
        "min": 0.00469587603584,
        "var": 0.00547563191503
    },
    "melbands_kurtosis": {
        "dmean": 7.10624551773,
        "dmean2": 10.2841672897,
        "dvar": 98.7640762329,
        "dvar2": 194.616394043,
        "max": 195.702667236,
        "mean": 21.1698722839,
        "median": 15.3538398743,
        "min": -1.22704231739,
        "var": 373.597625732
    },
    "melbands_skewness": {
        "dmean": 0.593478500843,
        "dmean2": 0.850892901421,
        "dvar": 0.366586208344,
        "dvar2": 0.763530313969,
        "max": 11.074303627,
        "mean": 3.35332870483,
        "median": 3.11777234077,
        "min": 0.0473037548363,
        "var": 1.8363699913
    },
    "melbands_spread": {
        "dmean": 1.87767338753,
        "dmean2": 2.75483703613,
        "dvar": 10.7315034866,
        "dvar2": 15.1788415909,
        "max": 124.144523621,
        "mean": 7.82642889023,
        "median": 6.68030834198,
        "min": 0.555840909481,
        "var": 31.0266933441
    },
    "pitch_salience": {
        "dmean": 0.0542497932911,
        "dmean2": 0.0826503261924,
        "dvar": 0.00263984315097,
        "dvar2": 0.00650552567095,
        "max": 0.830021858215,
        "mean": 0.486868232489,
        "median": 0.494002312422,
        "min": 0.104248143733,
        "var": 0.00796198938042
    },
    "silence_rate_20dB": {
        "dmean": 0,
        "dmean2": 0,
        "dvar": 0,
        "dvar2": 0,
        "max": 1,
        "mean": 1,
        "median": 1,
        "min": 1,
        "var": 0
    },
    "silence_rate_30dB": {
        "dmean": 0.0175257734954,
        "dmean2": 0.0350696220994,
        "dvar": 0.0172185655683,
        "dvar2": 0.0369337871671,
        "max": 1,
        "mean": 0.969603300095,
        "median": 1,
        "min": 0,
        "var": 0.0294724330306
    },
    "silence_rate_60dB": {
        "dmean": 0.00257731950842,
        "dmean2": 0.00515729747713,
        "dvar": 0.00257070176303,
        "dvar2": 0.00616224715486,
        "max": 1,
        "mean": 0.00309119001031,
        "median": 0,
        "min": 0,
        "var": 0.00308161554858
    },
    "spectral_centroid": {
        "dmean": 94.5308227539,
        "dmean2": 137.950714111,
        "dvar": 66716.3828125,
        "dvar2": 78251.34375,
        "max": 10791.8720703,
        "mean": 555.452392578,
        "median": 488.115509033,
        "min": 168.890594482,
        "var": 120534.21875
    },
    "spectral_complexity": {
        "dmean": 1.96030926704,
        "dmean2": 3.00618886948,
        "dvar": 4.36492013931,
        "dvar2": 8.5331993103,
        "max": 36,
        "mean": 12.0865535736,
        "median": 11,
        "min": 0,
        "var": 26.7333908081
    },
    "spectral_decrease": {
        "dmean": 2.43849451742e-09,
        "dmean2": 3.48558781837e-09,
        "dvar": 1.90113186658e-17,
        "dvar2": 4.02494240842e-17,
        "max": -5.18950550385e-29,
        "mean": -7.48726325384e-09,
        "median": -4.99979346813e-09,
        "min": -6.80404781406e-08,
        "var": 5.66345220601e-17
    },
    "spectral_energy": {
        "dmean": 0.00943499524146,
        "dmean2": 0.0134719628841,
        "dvar": 0.000283391040284,
        "dvar2": 0.000599094841164,
        "max": 0.262659907341,
        "mean": 0.0290742237121,
        "median": 0.019506148994,
        "min": 1.12297910713e-20,
        "var": 0.000840985157993
    },
    "spectral_energyband_high": {
        "dmean": 3.25648616126e-05,
        "dmean2": 4.55022491224e-05,
        "dvar": 3.72206465649e-09,
        "dvar2": 7.14274772662e-09,
        "max": 0.00147303321864,
        "mean": 7.36426954973e-05,
        "median": 3.44056206814e-05,
        "min": 8.17334012869e-21,
        "var": 1.21773480188e-08
    },
    "spectral_energyband_low": {
        "dmean": 0.00355255976319,
        "dmean2": 0.00441506039351,
        "dvar": 6.80163429934e-05,
        "dvar2": 0.000128853134811,
        "max": 0.217143431306,
        "mean": 0.0111796315759,
        "median": 0.00581242050976,
        "min": 3.62904289177e-23,
        "var": 0.000349096982973
    },
    "spectral_energyband_middle_high": {
        "dmean": 0.000544696988072,
        "dmean2": 0.00074914644938,
        "dvar": 1.02246588085e-06,
        "dvar2": 2.11406063499e-06,
        "max": 0.0161496885121,
        "mean": 0.00154985615518,
        "median": 0.00106728181709,
        "min": 1.58034653369e-21,
        "var": 2.82776068161e-06
    },
    "spectral_energyband_middle_low": {
        "dmean": 0.00775068299845,
        "dmean2": 0.0116015756503,
        "dvar": 0.000201359100174,
        "dvar2": 0.000445604615379,
        "max": 0.201435267925,
        "mean": 0.0186152085662,
        "median": 0.0127088138834,
        "min": 3.71868753042e-22,
        "var": 0.000379559118301
    },
    "spectral_entropy": {
        "dmean": 0.190107047558,
        "dmean2": 0.285298347473,
        "dvar": 0.0407021977007,
        "dvar2": 0.0830445736647,
        "max": 9.7983789444,
        "mean": 6.5785908699,
        "median": 6.65324068069,
        "min": 4.67193460464,
        "var": 0.315650105476
    },
    "spectral_flux": {
        "dmean": 0.0244445372373,
        "dmean2": 0.0385740734637,
        "dvar": 0.000971240689978,
        "dvar2": 0.00231515034102,
        "max": 0.396236538887,
        "mean": 0.0576659888029,
        "median": 0.0461416766047,
        "min": 1.05970711373e-10,
        "var": 0.00185081234667
    },
    "spectral_kurtosis": {
        "dmean": 5.75814580917,
        "dmean2": 9.83507156372,
        "dvar": 44.759765625,
        "dvar2": 127.356452942,
        "max": 93.3263320923,
        "mean": 12.4661808014,
        "median": 8.77705192566,
        "min": -1.18365442753,
        "var": 114.022727966
    },
    "spectral_rms": {
        "dmean": 0.000777245033532,
        "dmean2": 0.00108276342507,
        "dvar": 1.03766330994e-06,
        "dvar2": 2.04981415663e-06,
        "max": 0.0160079225898,
        "mean": 0.00489541469142,
        "median": 0.00436238339171,
        "min": 3.30996883548e-12,
        "var": 4.39993527834e-06
    },
    "spectral_rolloff": {
        "dmean": 105.734230042,
        "dmean2": 170.432601929,
        "dvar": 189074.40625,
        "dvar2": 210895.71875,
        "max": 18518.5546875,
        "mean": 489.172424316,
        "median": 430.6640625,
        "min": 129.19921875,
        "var": 232937.203125
    },
    "spectral_skewness": {
        "dmean": 0.473183184862,
        "dmean2": 0.787917554379,
        "dvar": 0.211443066597,
        "dvar2": 0.607006788254,
        "max": 7.80341053009,
        "mean": 2.41616177559,
        "median": 2.17213225365,
        "min": 0.0553064718843,
        "var": 0.859794795513
    },
    "spectral_spread": {
        "dmean": 402925.65625,
        "dmean2": 610739.5625,
        "dvar": 674303639552,
        "dvar2": 651825250304,
        "max": 39269816,
        "mean": 2838661.75,
        "median": 2817814.5,
        "min": 1124088.5,
        "var": 1.79434867917e+12
    },
    "spectral_strongpeak": {
        "dmean": 0.285102337599,
        "dmean2": 0.465745985508,
        "dvar": 0.139976114035,
        "dvar2": 0.342601984739,
        "max": 4.43363523483,
        "mean": 0.748970746994,
        "median": 0.598140001297,
        "min": 0,
        "var": 0.30290684104
    },
    "zerocrossingrate": {
        "dmean": 0.00396313238889,
        "dmean2": 0.00479341577739,
        "dvar": 0.000133368768729,
        "dvar2": 0.000142383767525,
        "max": 0.49267578125,
        "mean": 0.0246203429997,
        "median": 0.02294921875,
        "min": 0.0009765625,
        "var": 0.000230231220485
    },
    "barkbands": {
        "dmean": [3.23999324792e-06, 0.00096859788755, 0.00252000149339, 0.00123654003255, 0.00591296562925, 0.000777132983785, 0.0013102774974, 0.000133521141834, 0.000394692382542, 0.000131733613671, 0.000132744491566, 0.000155717207235, 0.000161203483003, 7.34769055271e-05, 7.80702248449e-05, 4.0119215555e-05, 5.29766148247e-05, 3.44836989825e-05, 3.95732968173e-05, 1.81809355126e-05, 1.71090396179e-05, 6.74915008858e-06, 3.46127808371e-06, 2.86346471512e-06, 1.00294516869e-06, 7.00955240518e-07, 1.44526211443e-07],
        "dmean2": [5.69460144106e-06, 0.00144244683906, 0.00292467325926, 0.00182631786447, 0.00924527272582, 0.00114356644917, 0.00195204571355, 0.000196806839085, 0.000586141948588, 0.000182241754374, 0.000200860056793, 0.00024160418252, 0.000240697379922, 0.000112816291221, 0.000123247969896, 6.28772031632e-05, 8.17856998765e-05, 5.46292176296e-05, 6.05931927566e-05, 2.78286643152e-05, 2.58746676991e-05, 9.66871994024e-06, 5.17057469551e-06, 4.29691453974e-06, 1.46593720274e-06, 1.03583352029e-06, 2.36455832692e-07],
        "dvar": [4.4790551823e-10, 4.06983526773e-05, 2.22059406951e-05, 5.83291239309e-06, 0.000144548568642, 3.32511490342e-06, 8.82918448042e-06, 3.04230610482e-07, 1.27823227558e-06, 9.09210200462e-08, 7.88708263144e-08, 1.38467427746e-07, 1.94726212044e-07, 2.73177445109e-08, 1.62546793803e-08, 3.99356725467e-09, 7.74809283399e-09, 8.52503401205e-09, 1.67347149471e-08, 2.09150496921e-09, 1.65335700686e-09, 1.39613737238e-10, 5.57158381931e-11, 5.74066003067e-11, 3.94726916084e-12, 1.98930281969e-12, 1.54067906978e-13],
        "dvar2": [1.13172782257e-09, 0.00011700286268, 2.69349966402e-05, 1.19799133245e-05, 0.000331783696311, 6.98883332007e-06, 2.15115760511e-05, 6.21482911356e-07, 2.54796623267e-06, 1.60908072644e-07, 1.89231414538e-07, 3.35840496746e-07, 4.75877726558e-07, 6.62611654434e-08, 4.20422843206e-08, 9.63518953512e-09, 1.74507306383e-08, 2.22757297053e-08, 4.41575913612e-08, 5.57219959063e-09, 3.3013416445e-09, 2.71078159919e-10, 1.20482832044e-10, 1.46339579343e-10, 8.29223321952e-12, 4.22775833439e-12, 3.90970757288e-13],
        "max": [0.000477778492495, 0.163599401712, 0.128288030624, 0.0525707118213, 0.195222780108, 0.0334344543517, 0.0427503027022, 0.0103490352631, 0.0291479658335, 0.00545544410124, 0.00387619109824, 0.00638841511682, 0.00981195084751, 0.00341860530898, 0.00215336261317, 0.000908021582291, 0.00159270665608, 0.00162184180226, 0.00419687712565, 0.00111537822522, 0.00103064731229, 0.000170066734427, 0.000142230448546, 0.000153264772962, 2.95924219245e-05, 1.71393803612e-05, 5.20598587173e-06],
        "mean": [3.01830323224e-06, 0.0019299054984, 0.00699498737231, 0.00326190795749, 0.00969493295997, 0.00163871853147, 0.00295818387531, 0.000214770756429, 0.000668240245432, 0.00024962448515, 0.000236217892962, 0.000237297485, 0.000269371434115, 0.000135688096634, 0.000169702252606, 8.21948851808e-05, 0.000106288760435, 5.41440567758e-05, 7.70885744714e-05, 3.40821716236e-05, 3.17269004881e-05, 1.33223984449e-05, 6.01216288487e-06, 4.22818402512e-06, 1.48741287376e-06, 9.79101628218e-07, 1.52223762484e-07],
        "median": [6.6647589847e-07, 0.000353685521986, 0.00253952527419, 0.00229450152256, 0.00455598114058, 0.000646788044833, 0.00181335571688, 5.28838208993e-05, 0.000291871052468, 6.28171837889e-05, 0.000123190577142, 7.0862188295e-05, 8.058725507e-05, 5.78047656745e-05, 0.000104619626654, 5.0244416343e-05, 6.1573147832e-05, 1.94325730263e-05, 3.38653553627e-05, 1.64025914273e-05, 1.1258241102e-05, 6.25139182375e-06, 2.40668327933e-06, 1.42342628351e-06, 4.63692686026e-07, 2.53139489814e-07, 2.11750581514e-08],
        "min": [2.99242492317e-24, 2.23163196506e-23, 6.73232198089e-24, 1.14762443195e-23, 4.25585346548e-23, 4.00513958585e-23, 5.38951158842e-23, 6.3114564838e-23, 1.39527305054e-22, 6.02283373559e-23, 9.86611042329e-23, 1.13831189741e-22, 1.22319244729e-22, 1.0982447054e-22, 2.33289721905e-22, 1.43564821385e-22, 1.51559264016e-22, 1.53560345386e-22, 2.33293003566e-22, 3.36835377132e-22, 5.00547062326e-22, 7.03867541923e-22, 7.21679995919e-22, 8.33944268089e-22, 1.43268883687e-21, 1.67497500622e-21, 2.3615370351e-21],
        "var": [4.07259476143e-10, 3.7325451558e-05, 0.000199728703592, 1.49690740727e-05, 0.000254008860793, 8.27650364954e-06, 1.29692862174e-05, 4.87678164518e-07, 2.17574392991e-06, 2.93794698791e-07, 1.13550662206e-07, 2.11040912745e-07, 2.87409193334e-07, 5.06779436193e-08, 3.99425772457e-08, 8.87165629848e-09, 1.67527929307e-08, 1.28849286796e-08, 2.35646577806e-08, 3.10310710461e-09, 3.89564291936e-09, 3.75437375633e-10, 1.21694168631e-10, 7.36805824686e-11, 7.37604075041e-12, 3.37797953671e-12, 1.59293124481e-13]
    },
    "erbbands": {
        "dmean": [0.00758947851136, 0.317373842001, 2.51858091354, 3.39386868477, 16.0090770721, 19.6487293243, 3.27731704712, 7.38151359558, 21.2387752533, 6.97632360458, 4.16112279892, 9.45513343811, 6.59396028519, 2.90748715401, 6.54601287842, 4.7674369812, 8.04046821594, 2.5715212822, 3.54655718803, 4.935131073, 2.40080022812, 2.03073763847, 1.98360335827, 1.55248534679, 2.02662444115, 0.820004940033, 0.937172412872, 0.395259082317, 0.240110129118, 0.161347255111, 0.0920704230666, 0.0669326335192, 0.0401499085128, 0.0140753276646, 0.0066605322063, 0.00271978462115, 0.00138521345798, 0.000421876116889, 1.29340951389e-05, 1.04631317299e-05],
        "dmean2": [0.0116657828912, 0.44598659873, 2.86056089401, 4.76700401306, 25.309469223, 29.7302455902, 4.76088237762, 11.1214866638, 32.1325492859, 10.0954113007, 5.99298381805, 14.1165561676, 9.10198879242, 4.55079889297, 9.91727828979, 7.20874214172, 11.9636688232, 3.86894536018, 5.52566719055, 7.76543188095, 3.71963715553, 3.08961939812, 3.02746725082, 2.32148551941, 3.18914914131, 1.24087429047, 1.43552696705, 0.593898952007, 0.345794737339, 0.228254616261, 0.133956551552, 0.101387351751, 0.0603095106781, 0.0210335031152, 0.00966206099838, 0.00410326523706, 0.0020405582618, 0.000649878464174, 1.92653078557e-05, 1.48757681018e-05],
        "dvar": [0.00533526577055, 2.95502972603, 26.2725391388, 31.1483039856, 1005.4677124, 1681.98840332, 31.1547164917, 344.078125, 2506.77148438, 410.671691895, 235.442703247, 862.734130859, 256.033935547, 24.7870502472, 154.329315186, 113.882888794, 480.028381348, 27.7309417725, 45.9480323792, 71.9016876221, 14.6346206665, 11.3016195297, 19.2740936279, 11.5405225754, 76.8926010132, 4.62227058411, 4.31431341171, 0.669424295425, 0.185602575541, 0.101750656962, 0.0394556708634, 0.0380340218544, 0.0129826525226, 0.0010167270666, 0.000189475336811, 3.46411616192e-05, 8.26349332783e-06, 1.01175442069e-06, 7.32458926844e-10, 3.44496237092e-10],
        "dvar2": [0.0135941365734, 8.40848827362, 32.6524353027, 63.6834831238, 2428.47143555, 3603.06933594, 65.795715332, 715.777282715, 6238.09570312, 905.851867676, 476.437316895, 1748.71838379, 490.066894531, 61.716217041, 354.093780518, 268.151763916, 1158.16894531, 65.1569519043, 117.32118988, 182.394256592, 35.1475830078, 24.6413879395, 46.5703964233, 25.9658946991, 216.04637146, 12.3296298981, 9.36240768433, 1.3879134655, 0.358508646488, 0.196105912328, 0.080096103251, 0.092503502965, 0.0343292020261, 0.00230683293194, 0.000423050078098, 8.02587746875e-05, 1.75208169821e-05, 2.3597440304e-06, 1.72296610312e-09, 7.24037940714e-10],
        "max": [1.9222035408, 44.5918121338, 130.518615723, 124.4923172, 370.26071167, 788.973083496, 90.9654846191, 350.908843994, 677.329711914, 459.036315918, 284.768127441, 828.040100098, 265.269378662, 65.1248397827, 180.465332031, 162.922592163, 481.965240479, 111.459892273, 108.553794861, 136.813186646, 59.6235809326, 60.0393218994, 68.2797851562, 51.6574745178, 276.251983643, 59.9495544434, 45.9249992371, 25.4921588898, 6.53285121918, 5.68898868561, 3.98967266083, 5.63355445862, 2.67799830437, 0.584443390369, 0.173401817679, 0.0859948173165, 0.0414592027664, 0.0126556260511, 0.000353776558768, 0.000290584517643],
        "mean": [0.0131268827245, 0.709108710289, 7.26869726181, 10.7202749252, 24.3961639404, 35.389995575, 8.43629837036, 15.2515850067, 47.0846710205, 16.2335014343, 7.4955034256, 15.8824071884, 12.7075653076, 5.26631212234, 12.5478115082, 8.69239044189, 13.5886383057, 5.39507055283, 6.91708230972, 10.4860515594, 5.0997467041, 4.36425447464, 3.68667936325, 3.38326478004, 3.58346581459, 1.63395690918, 1.6915255785, 0.852949261665, 0.47853243351, 0.298090070486, 0.168767780066, 0.103563807905, 0.0583060346544, 0.0213643480092, 0.00894414167851, 0.00389833049849, 0.00188473146409, 0.000501653994434, 2.56418807112e-05, 3.25841538142e-05],
        "median": [0.00278876791708, 0.148261189461, 2.29142260551, 8.01401996613, 12.2909631729, 13.1614589691, 5.17187356949, 6.34274530411, 28.949464798, 9.3995923996, 3.08331513405, 6.85920381546, 3.03218841553, 3.16435909271, 7.51402759552, 4.12068843842, 4.25547647476, 2.99890875816, 3.80228567123, 6.2666387558, 3.2796792984, 2.64991140366, 1.74747276306, 1.4837294817, 1.48933303356, 0.82670211792, 0.636881828308, 0.393924564123, 0.224362656474, 0.11402439326, 0.0662395656109, 0.0375143513083, 0.0199248883873, 0.00672557530925, 0.00267115421593, 0.00114262476563, 0.000449303915957, 9.39277088037e-05, 1.50172963913e-05, 2.21153622988e-05],
        "min": [7.59041963004e-22, 4.59782406205e-21, 6.99527822446e-21, 2.53319215833e-20, 2.77017132589e-20, 1.73059703379e-19, 2.25733866853e-19, 4.46838469107e-19, 8.97324908112e-19, 9.40941107836e-19, 1.34245871307e-18, 3.84745442982e-18, 2.10139961343e-18, 4.17043868052e-18, 2.21553068562e-18, 5.74521479094e-18, 5.56783045807e-18, 4.35185510528e-18, 1.4094709306e-17, 1.04936984505e-17, 5.03881826425e-18, 7.46664754243e-18, 8.65162430176e-18, 1.05775439589e-17, 1.33270856976e-17, 1.49471520145e-17, 1.73627642486e-17, 2.29913974448e-17, 2.3694375234e-17, 2.07599983331e-17, 2.17063872524e-17, 1.99075059938e-17, 1.37186498385e-17, 1.54061644625e-17, 1.06709632557e-17, 6.22460524699e-18, 3.24844766013e-18, 1.29213935186e-18, 3.47747737644e-19, 3.15695742603e-20],
        "var": [0.00522398157045, 3.51843190193, 229.179656982, 113.335914612, 1322.74743652, 4012.43237305, 107.142601013, 765.884277344, 3433.59399414, 737.352844238, 378.785400391, 1422.54589844, 667.926391602, 41.1735496521, 255.988937378, 187.309051514, 727.95526123, 58.147102356, 84.0664901733, 162.748779297, 31.7084693909, 26.418636322, 35.6164360046, 31.7758369446, 72.6959075928, 6.78710317612, 9.39746189117, 2.14046502113, 0.525256037712, 0.247776329517, 0.117613047361, 0.0526881664991, 0.0138931013644, 0.00170245510526, 0.000297841150314, 5.08991652168e-05, 1.40340034704e-05, 1.24882592445e-06, 1.04514397137e-09, 1.02126962442e-09]
    },
    "gfcc": {
        "mean": [-66.0715179443, 154.074295044, -116.434967041, 28.2322998047, -48.8789749146, -8.77203273773, -39.5071144104, -14.008348465, -23.851348877, -11.1396141052, -16.0906448364, -11.8586606979, -13.2535791397],
        "cov": [[4128.77539062, -1016.49456787, -408.199188232, 122.918693542, -332.261199951, 200.85508728, 108.73664856, 185.407897949, -263.396087646, 203.423675537, -248.973007202, 102.214378357, -160.395965576], [-1016.49456787, 855.30871582, 126.819335938, -26.9531898499, 232.953796387, -97.6483917236, 47.3608322144, -144.842941284, 166.379013062, -124.98765564, 132.885528564, -109.935279846, 110.701774597], [-408.199188232, 126.819335938, 379.195068359, 19.6965789795, 120.331001282, 73.833946228, 10.2465991974, 29.1689434052, 56.2797470093, -6.82446432114, 7.47197055817, -10.7418985367, 9.56715488434], [122.918693542, -26.9531898499, 19.6965789795, 158.552474976, 46.0007171631, 48.3644790649, 39.2179336548, 1.52135980129, 12.9045677185, -0.394410222769, 5.80616092682, -7.65649938583, 17.6320762634], [-332.261199951, 232.953796387, 120.331001282, 46.0007171631, 222.122009277, 43.7071723938, 50.5042076111, -15.5320110321, 42.4004478455, -9.8740234375, 38.4464950562, -27.7482681274, 29.3557701111], [200.85508728, -97.6483917236, 73.833946228, 48.3644790649, 43.7071723938, 156.412643433, 62.726108551, 56.7485961914, 4.72398805618, 41.5669326782, -19.7004375458, 0.376980632544, -9.77769088745], [108.73664856, 47.3608322144, 10.2465991974, 39.2179336548, 50.5042076111, 62.726108551, 138.96824646, 37.5959587097, 33.4804000854, 34.2688865662, -26.4638214111, -12.5603351593, 6.04640865326], [185.407897949, -144.842941284, 29.1689434052, 1.52135980129, -15.5320110321, 56.7485961914, 37.5959587097, 134.591949463, 6.94131183624, 42.6319961548, -41.7291412354, 15.1697416306, -17.8282108307], [-263.396087646, 166.379013062, 56.2797470093, 12.9045677185, 42.4004478455, 4.72398805618, 33.4804000854, 6.94131183624, 106.43006134, -0.383692622185, 17.8781585693, -23.8546676636, 16.1292972565], [203.423675537, -124.98765564, -6.82446432114, -0.394410222769, -9.8740234375, 41.5669326782, 34.2688865662, 42.6319961548, -0.383692622185, 95.5513153076, -14.2170886993, 20.2243099213, -28.0032119751], [-248.973007202, 132.885528564, 7.47197055817, 5.80616092682, 38.4464950562, -19.7004375458, -26.4638214111, -41.7291412354, 17.8781585693, -14.2170886993, 95.1791610718, -7.52733278275, 9.80485248566], [102.214378357, -109.935279846, -10.7418985367, -7.65649938583, -27.7482681274, 0.376980632544, -12.5603351593, 15.1697416306, -23.8546676636, 20.2243099213, -7.52733278275, 61.8379402161, -12.8028583527], [-160.395965576, 110.701774597, 9.56715488434, 17.6320762634, 29.3557701111, -9.77769088745, 6.04640865326, -17.8282108307, 16.1292972565, -28.0032119751, 9.80485248566, -12.8028583527, 71.2667617798]],
        "icov": [[0.000504253257532, -0.000378587399609, 0.00042893277714, -0.000729018065613, 0.000620194885414, -0.000645003921818, 7.5465606642e-05, -0.000288796523819, 0.00115734699648, -0.000691128720064, 0.000956955249421, -0.000216021362576, 0.000719177362043], [-0.000378587399609, 0.00968621391803, -0.00140971376095, 0.00563385942951, -0.00563703663647, 0.00490841874853, -0.00609697727486, 0.00486394669861, -0.00903306808323, 0.00673562055454, -0.00728907017037, 0.00555656664073, -0.00568115524948], [0.00042893277714, -0.00140971376095, 0.0044191502966, -0.000854812387843, -0.000959358585533, -0.00297669717111, 0.00251676514745, -0.00138507504016, -8.86259076651e-05, -0.000457629997982, 0.00234522367828, -0.00141060829628, 0.00146431487519], [-0.000729018065613, 0.00563385942951, -0.000854812387843, 0.0114797921851, -0.00437498372048, 0.000903042091522, -0.00462232343853, 0.00349033018574, -0.00624701939523, 0.00518727954477, -0.0054951258935, 0.00287788896821, -0.00520108034834], [0.000620194885414, -0.00563703663647, -0.000959358585533, -0.00437498372048, 0.0111199673265, -0.0039310301654, 0.000584309571423, -0.00188869400881, 0.00599866267294, -0.0039499849081, 0.00176869926509, -0.00187602220103, 0.00223135878332], [-0.000645003921818, 0.00490841874853, -0.00297669717111, 0.000903042091522, -0.0039310301654, 0.0140751199797, -0.00599234597757, -0.000205467673368, -0.00300140189938, 0.00110131269321, -0.00432953936979, 0.00380773399957, -0.00250088330358], [7.5465606642e-05, -0.00609697727486, 0.00251676514745, -0.00462232343853, 0.000584309571423, -0.00599234597757, 0.0165330059826, -0.0038742357865, 0.00181023776531, -0.00716896587983, 0.00841632299125, -0.0019530847203, 0.00227617309429], [-0.000288796523819, 0.00486394669861, -0.00138507504016, 0.00349033018574, -0.00188869400881, -0.000205467673368, -0.0038742357865, 0.0137346889824, -0.00629117107019, 0.00108847313095, -0.000325037515722, 0.00101704930421, -0.00228961813264], [0.00115734699648, -0.00903306808323, -8.86259076651e-05, -0.00624701939523, 0.00599866267294, -0.00300140189938, 0.00181023776531, -0.00629117107019, 0.0230190977454, -0.00789394415915, 0.00467567006126, -0.0011951533379, 0.00441405083984], [-0.000691128720064, 0.00673562055454, -0.000457629997982, 0.00518727954477, -0.0039499849081, 0.00110131269321, -0.00716896587983, 0.00108847313095, -0.00789394415915, 0.0211212001741, -0.00662123784423, -0.000514680577908, 0.00032283688779], [0.000956955249421, -0.00728907017037, 0.00234522367828, -0.0054951258935, 0.00176869926509, -0.00432953936979, 0.00841632299125, -0.000325037515722, 0.00467567006126, -0.00662123784423, 0.021176751703, -0.00462197139859, 0.004999241326], [-0.000216021362576, 0.00555656664073, -0.00141060829628, 0.00287788896821, -0.00187602220103, 0.00380773399957, -0.0019530847203, 0.00101704930421, -0.0011951533379, -0.000514680577908, -0.00462197139859, 0.023531826213, -0.0029932258185], [0.000719177362043, -0.00568115524948, 0.00146431487519, -0.00520108034834, 0.00223135878332, -0.00250088330358, 0.00227617309429, -0.00228961813264, 0.00441405083984, 0.00032283688779, 0.004999241326, -0.0029932258185, 0.0214396063238]]
    },
    "melbands": {
        "dmean": [0.000159277478815, 0.000983178848401, 0.000745386874769, 0.00162097346038, 0.000165863908478, 0.000171968960785, 0.000310533738229, 5.73572178837e-05, 4.13816196669e-05, 5.74711993977e-05, 3.18225756928e-05, 1.07385312731e-05, 2.11561000469e-05, 2.13240182347e-05, 1.49572097143e-05, 1.21518742162e-05, 5.17178887094e-06, 7.01254930391e-06, 5.28270902578e-06, 4.69034648631e-06, 3.28612554767e-06, 2.00988097276e-06, 2.80709332401e-06, 2.30895511777e-06, 1.21291543564e-06, 1.68722522176e-06, 9.87185785561e-07, 4.96373559145e-07, 7.04409615082e-07, 5.10267625486e-07, 1.78376453164e-07, 1.46444975258e-07, 1.35034483151e-07, 8.51179606798e-08, 5.96544538212e-08, 4.28760920101e-08, 4.24052970516e-08, 3.27127196442e-08, 1.87512476657e-08, 1.06345643403e-08],
        "dmean2": [0.000241359710344, 0.00115686294157, 0.00106783478986, 0.00252640200779, 0.000248765863944, 0.000260108034126, 0.000465427961899, 8.25978713692e-05, 6.03032349318e-05, 8.54637983139e-05, 4.41980810137e-05, 1.73244934558e-05, 3.17771882692e-05, 3.32983945555e-05, 2.23595034186e-05, 1.84027903742e-05, 7.82368624641e-06, 1.10037090053e-05, 8.169395187e-06, 7.40008044886e-06, 5.11644884682e-06, 3.08636322188e-06, 4.3601089601e-06, 3.64574179912e-06, 1.8398351358e-06, 2.60857154899e-06, 1.57103670517e-06, 7.64544893173e-07, 1.11803285563e-06, 7.78688104219e-07, 2.74127160083e-07, 2.1797968941e-07, 1.96002403641e-07, 1.26043133264e-07, 8.97718237525e-08, 6.68452244668e-08, 6.49694413823e-08, 4.9532776103e-08, 2.96573396952e-08, 1.61427955447e-08],
        "dvar": [1.55028590143e-06, 5.15954570801e-06, 1.48925369103e-06, 1.10939463411e-05, 8.62169855509e-08, 1.93092503764e-07, 5.01475426518e-07, 3.18525188447e-08, 1.88055402361e-08, 2.8504532068e-08, 6.3991953958e-09, 3.53082757476e-10, 1.82229598078e-09, 2.75083511525e-09, 1.76529213469e-09, 1.02860320261e-09, 1.24258311973e-10, 2.10778589027e-10, 7.22057622027e-11, 5.96526647523e-11, 2.72140140284e-11, 1.01340602576e-11, 3.37843988896e-11, 4.04237927853e-11, 6.71660730506e-12, 2.66178606934e-11, 2.83917108573e-11, 9.84068729282e-13, 2.57575449684e-12, 1.81872550874e-12, 1.11375088297e-13, 7.64309066883e-14, 6.77137247098e-14, 3.45191845214e-14, 1.75471125125e-14, 1.71161048795e-14, 1.26514924703e-14, 6.93125070211e-15, 5.35953363463e-15, 5.17190482539e-16],
        "dvar2": [4.3265063141e-06, 9.0333260232e-06, 3.15141278406e-06, 2.52838472079e-05, 1.86504820476e-07, 4.16939997194e-07, 1.22584003748e-06, 6.99594622233e-08, 3.77785234207e-08, 5.82811914285e-08, 1.22123218205e-08, 8.98844054742e-10, 4.24578061597e-09, 6.67486688144e-09, 4.37540359499e-09, 2.46091702572e-09, 3.01677044456e-10, 5.29070232069e-10, 1.82283299566e-10, 1.48373077713e-10, 6.55619655787e-11, 2.31092627673e-11, 7.47262113299e-11, 1.07784961512e-10, 1.48548465195e-11, 6.99651239722e-11, 8.18170045602e-11, 2.49193309217e-12, 6.23330206895e-12, 3.64150983673e-12, 2.76303936328e-13, 1.59105923423e-13, 1.36117232394e-13, 7.31261771514e-14, 3.5055098879e-14, 4.4887850354e-14, 2.94427873195e-14, 1.77957336231e-14, 1.42826593922e-14, 1.12268489098e-15],
        "max": [0.0321258604527, 0.0533824265003, 0.0236807595938, 0.0558986850083, 0.00476276222616, 0.00801693461835, 0.00952324457467, 0.00418161367998, 0.00242212903686, 0.00457251304761, 0.00134419405367, 0.000218442626647, 0.000580016581807, 0.000851758464705, 0.000981443561614, 0.000637426797766, 0.000247151736403, 0.000253137433901, 0.000136408169055, 0.000117630843306, 7.70025872043e-05, 3.76496100216e-05, 0.00013183124247, 0.000117597788631, 4.37143535237e-05, 0.000150537496665, 0.000173725595232, 1.89185684576e-05, 3.24194807035e-05, 4.10836364608e-05, 7.55563814892e-06, 4.06627304983e-06, 3.92820948036e-06, 3.72160752704e-06, 2.9738801004e-06, 3.27833595293e-06, 2.77842991636e-06, 1.42098144806e-06, 2.17736101149e-06, 3.80553956347e-07],
        "mean": [0.000294227502309, 0.00276646343991, 0.00197862763889, 0.00268126674928, 0.000399987649871, 0.000338462472428, 0.000706328137312, 0.000129690990434, 7.09792293492e-05, 9.60904872045e-05, 6.02834334131e-05, 1.7605814719e-05, 4.01308752771e-05, 3.34262476827e-05, 2.6042062018e-05, 2.0135221348e-05, 1.01418427221e-05, 1.22691953948e-05, 1.20957220133e-05, 9.57027350523e-06, 6.09514927419e-06, 4.16867351305e-06, 4.80063727082e-06, 3.37113033311e-06, 2.52261588685e-06, 3.11971552946e-06, 1.64260256952e-06, 9.31473891796e-07, 1.13696887638e-06, 8.79350011473e-07, 3.60105303798e-07, 2.71794704076e-07, 2.36002207998e-07, 1.38965944529e-07, 1.05668206629e-07, 6.47543387799e-08, 6.28200567121e-08, 4.54927153726e-08, 2.57947228022e-08, 1.52890589078e-08],
        "median": [5.42832567589e-05, 0.000858302402776, 0.00143327587284, 0.00121105473954, 0.00022702779097, 0.00012332375627, 0.000438833958469, 7.33581546228e-05, 2.84161469608e-05, 4.31137304986e-05, 1.1402187738e-05, 9.90822172753e-06, 2.35252409766e-05, 1.06237303044e-05, 9.16843418963e-06, 6.76373201713e-06, 5.05853358845e-06, 5.48553634871e-06, 7.9530173025e-06, 5.50749336981e-06, 3.56740679308e-06, 2.45941077992e-06, 2.30354999076e-06, 1.06408492684e-06, 1.04379034838e-06, 1.27922749016e-06, 7.33677950393e-07, 4.51455605344e-07, 4.1133017703e-07, 2.77784664604e-07, 1.74080270199e-07, 1.29681296812e-07, 8.51382964129e-08, 5.07627397894e-08, 4.00994153438e-08, 2.23036682456e-08, 2.0947839019e-08, 1.36071038881e-08, 8.82109585376e-09, 4.10464773282e-09],
        "min": [6.75951401629e-24, 4.53180947413e-24, 4.45090153311e-24, 5.92786529557e-24, 9.66511355558e-24, 1.09681823978e-23, 1.17850281436e-23, 1.08870851302e-23, 1.18016817862e-23, 2.35289045693e-23, 9.73887205021e-24, 1.60857684257e-23, 9.21683466871e-24, 1.13063118476e-23, 1.50043268994e-23, 1.02457128152e-23, 7.17106906143e-24, 2.2767555977e-23, 1.56098202426e-23, 1.22204564864e-23, 4.7042698508e-24, 7.17938523309e-24, 7.35989790745e-24, 9.65796568691e-24, 8.41319366557e-24, 9.06244827868e-24, 1.1387064383e-23, 9.80640485459e-24, 9.08039565313e-24, 1.27598109425e-23, 1.44959943984e-23, 1.41830075233e-23, 1.28838837745e-23, 1.04990113187e-23, 1.20128937716e-23, 1.2466676541e-23, 1.2321772259e-23, 8.50718959787e-24, 1.16907647875e-23, 1.30144102776e-23],
        "var": [1.34595848067e-06, 3.29154390784e-05, 4.05821765526e-06, 2.00558570214e-05, 2.64396220473e-07, 3.99377853455e-07, 7.31504428586e-07, 5.71164839869e-08, 3.14585726358e-08, 4.60724116635e-08, 1.66711924265e-08, 5.30172017399e-10, 2.86723222942e-09, 4.10542710938e-09, 2.4848607616e-09, 1.49848411457e-09, 2.47932091524e-10, 3.72034542062e-10, 1.79145323576e-10, 1.39184302972e-10, 5.32371820239e-11, 2.36631998718e-11, 6.29283014586e-11, 5.68534004597e-11, 1.91485161061e-11, 3.72604481991e-11, 2.21707929793e-11, 1.87881220998e-12, 4.39384162734e-12, 4.00988487206e-12, 3.48549992037e-13, 1.87229992252e-13, 1.63164688466e-13, 6.40246590553e-14, 5.5958811532e-14, 2.13723810649e-14, 1.86864294248e-14, 8.24872024255e-15, 4.8732414317e-15, 9.21100366898e-16]
    },
    "mfcc": {
        "mean": [-709.574645996, 179.021972656, -5.80393505096, 35.5307922363, 5.32425928116, 5.75765037537, -7.86761474609, -5.80938863754, -8.440574646, -6.62837839127, -9.21043109894, -1.71488010883, -1.83693945408],
        "cov": [[3701.72314453, -990.076049805, -351.40625, -19.78814888, -491.242889404, 70.9604187012, 118.173522949, 61.7409515381, 5.6551451683, 190.65423584, 1.55344521999, -168.624969482, -160.299057007], [-990.076049805, 749.089172363, 78.6759109497, 41.9051818848, 178.809890747, 34.1715698242, -12.5057611465, -14.5195360184, 12.686000824, -32.1863250732, 39.4319114685, 32.6141738892, 9.16156578064], [-351.40625, 78.6759109497, 267.750854492, 1.21430826187, 100.866516113, 29.6103534698, 4.57248210907, 32.8798980713, 42.0685882568, 17.5031318665, 8.11107254028, 33.0760803223, 13.7136068344], [-19.78814888, 41.9051818848, 1.21430826187, 127.584503174, 29.4585609436, 38.2179985046, 13.0440139771, 11.2621650696, 15.5807294846, 9.21853542328, -7.86972761154, -5.44998598099, 11.0004892349], [-491.242889404, 178.809890747, 100.866516113, 29.4585609436, 212.570404053, 35.4593582153, 30.2421607971, 11.1594762802, 7.99855470657, -18.8119792938, 8.37992954254, 43.1515274048, 8.29631328583], [70.9604187012, 34.1715698242, 29.6103534698, 38.2179985046, 35.4593582153, 153.308120728, 54.4796485901, 20.7920246124, 24.060092926, 50.9496078491, 30.6044197083, -14.8317861557, -2.90361905098], [118.173522949, -12.5057611465, 4.57248210907, 13.0440139771, 30.2421607971, 54.4796485901, 114.553955078, 28.4226989746, 30.109577179, 45.7278747559, 12.6132936478, -10.1291809082, -3.76777076721], [61.7409515381, -14.5195360184, 32.8798980713, 11.2621650696, 11.1594762802, 20.7920246124, 28.4226989746, 80.4717407227, 48.9279441833, 33.3699607849, 6.08124351501, -1.26366651058, -4.41807746887], [5.6551451683, 12.686000824, 42.0685882568, 15.5807294846, 7.99855470657, 24.060092926, 30.109577179, 48.9279441833, 139.417602539, 64.7417068481, -3.77536725998, -2.13887214661, 5.14284276962], [190.65423584, -32.1863250732, 17.5031318665, 9.21853542328, -18.8119792938, 50.9496078491, 45.7278747559, 33.3699607849, 64.7417068481, 134.923797607, 32.7274551392, -25.1802215576, 2.42325043678], [1.55344521999, 39.4319114685, 8.11107254028, -7.86972761154, 8.37992954254, 30.6044197083, 12.6132936478, 6.08124351501, -3.77536725998, 32.7274551392, 88.4509353638, 15.1899843216, -4.4009346962], [-168.624969482, 32.6141738892, 33.0760803223, -5.44998598099, 43.1515274048, -14.8317861557, -10.1291809082, -1.26366651058, -2.13887214661, -25.1802215576, 15.1899843216, 87.4686584473, 18.5020027161], [-160.299057007, 9.16156578064, 13.7136068344, 11.0004892349, 8.29631328583, -2.90361905098, -3.76777076721, -4.41807746887, 5.14284276962, 2.42325043678, -4.4009346962, 18.5020027161, 95.3903961182]],
