{
"lowlevel": {
    "average_loudness": 0.945064485073,
    "barkbands_crest": {
        "dmean": 2.25645852089,
        "dmean2": 3.641736269,
        "dvar": 4.12539577484,
        "dvar2": 10.9071235657,
        "max": 24.478345871,
        "mean": 10.8026914597,
        "median": 10.3340530396,
        "min": 3.25544333458,
        "var": 11.9207744598
    },
    "barkbands_flatness_db": {
        "dmean": 0.0188473202288,
        "dmean2": 0.028603348881,
        "dvar": 0.000319601182127,
        "dvar2": 0.000750806590077,
        "max": 0.302378624678,
        "mean": 0.175793498755,
        "median": 0.174434185028,
        "min": 0.0518829002976,
        "var": 0.00160884426441
    },
    "barkbands_kurtosis": {
        "dmean": 4.28085184097,
        "dmean2": 6.73746442795,
        "dvar": 29.3597927094,
        "dvar2": 74.601852417,
        "max": 73.0199890137,
        "mean": 11.5510530472,
        "median": 9.35628414154,
        "min": -1.89988470078,
        "var": 80.7949676514
    },
    "barkbands_skewness": {
        "dmean": 0.531985402107,
        "dmean2": 0.810721993446,
        "dvar": 0.30446383357,
        "dvar2": 0.715504109859,
        "max": 7.47189569473,
        "mean": 2.58596897125,
        "median": 2.51985359192,
        "min": -2.42371106148,
        "var": 1.22795295715
    },
    "barkbands_spread": {
        "dmean": 3.29986977577,
        "dmean2": 4.897397995,
        "dvar": 33.324836731,
        "dvar2": 58.8626365662,
        "max": 93.7640151978,
        "mean": 11.7328882217,
        "median": 8.97560310364,
        "min": 1.70809841156,
        "var": 126.830917358
    },
    "dissonance": {
        "dmean": 0.0212460290641,
        "dmean2": 0.0350122414529,
        "dvar": 0.000406398088671,
        "dvar2": 0.000986315077171,
        "max": 0.498576462269,
        "mean": 0.440789163113,
        "median": 0.445630073547,
        "min": 0.169809162617,
        "var": 0.000934847688768
    },
    "dynamic_complexity": 2.31894421577,
    "erbbands_crest": {
        "dmean": 2.47961044312,
        "dmean2": 3.86984109879,
        "dvar": 5.65702152252,
        "dvar2": 12.8703460693,
        "max": 31.0234947205,
        "mean": 10.8466968536,
        "median": 9.93212032318,
        "min": 2.5814883709,
        "var": 21.1204414368
    },
    "erbbands_flatness_db": {
        "dmean": 0.0156176229939,
        "dmean2": 0.0208381917328,
        "dvar": 0.000232248494285,
        "dvar2": 0.000396870018449,
        "max": 0.315798789263,
        "mean": 0.172336563468,
        "median": 0.1767424196,
        "min": 0.0694799497724,
        "var": 0.00160993786994
    },
    "erbbands_kurtosis": {
        "dmean": 1.34904563427,
        "dmean2": 2.0578930378,
        "dvar": 2.94082427025,
        "dvar2": 6.26291704178,
        "max": 36.0738983154,
        "mean": 2.06413698196,
        "median": 1.48752164841,
        "min": -1.79138362408,
        "var": 8.11699962616
    },
    "erbbands_skewness": {
        "dmean": 0.359140753746,
        "dmean2": 0.524531722069,
        "dvar": 0.119040548801,
        "dvar2": 0.230388581753,
        "max": 5.29766130447,
        "mean": 1.30450463295,
        "median": 1.33738303185,
        "min": -4.12279939651,
        "var": 0.644150793552
    },
    "erbbands_spread": {
        "dmean": 7.75235700607,
        "dmean2": 11.1499586105,
        "dvar": 84.5540542603,
        "dvar2": 175.316696167,
        "max": 122.81577301,
        "mean": 36.7957077026,
        "median": 31.5752830505,
        "min": 4.850918293,
        "var": 344.1456604
    },
    "hfc": {
        "dmean": 4.4353017807,
        "dmean2": 6.38680839539,
        "dvar": 83.5151367188,
        "dvar2": 173.39175415,
        "max": 190.0962677,
        "mean": 14.3690061569,
        "median": 10.4768590927,
        "min": 1.15303246683e-16,
        "var": 193.377380371
    },
    "melbands_crest": {
        "dmean": 2.84349441528,
        "dmean2": 4.6233997345,
        "dvar": 7.18008756638,
        "dvar2": 18.7258872986,
        "max": 30.8698387146,
        "mean": 13.6930961609,
        "median": 12.8367624283,
        "min": 2.18207406998,
        "var": 19.1054439545
    },
    "melbands_flatness_db": {
        "dmean": 0.020613770932,
        "dmean2": 0.0306311137974,
        "dvar": 0.00044059928041,
        "dvar2": 0.000964944832958,
        "max": 0.378886431456,
        "mean": 0.243963122368,
        "median": 0.242691963911,
        "min": 0.013803595677,
        "var": 0.00213724002242
    },
    "melbands_kurtosis": {
        "dmean": 8.55886936188,
        "dmean2": 13.4303750992,
        "dvar": 164.916305542,
        "dvar2": 432.988067627,
        "max": 195.108383179,
        "mean": 22.5212936401,
        "median": 17.8241577148,
        "min": -1.87239730358,
        "var": 322.246856689
    },
    "melbands_skewness": {
        "dmean": 0.699694693089,
        "dmean2": 1.06196045876,
        "dvar": 0.578901529312,
        "dvar2": 1.39424932003,
        "max": 11.2070198059,
        "mean": 3.17856264114,
        "median": 3.00677061081,
        "min": -0.375490754843,
        "var": 1.96473395824
    },
    "melbands_spread": {
        "dmean": 3.5472574234,
        "dmean2": 4.85738992691,
        "dvar": 95.4213485718,
        "dvar2": 130.42930603,
        "max": 247.145523071,
        "mean": 11.6370038986,
        "median": 8.6791934967,
        "min": 1.93917536736,
        "var": 290.096282959
    },
    "pitch_salience": {
        "dmean": 0.0617182254791,
        "dmean2": 0.0996088534594,
        "dvar": 0.0031785001047,
        "dvar2": 0.00850510504097,
        "max": 0.872658908367,
        "mean": 0.596720635891,
        "median": 0.602940678596,
        "min": 0.255819261074,
        "var": 0.00981290545315
    },
    "silence_rate_20dB": {
        "dmean": 0,
        "dmean2": 0,
        "dvar": 0,
        "dvar2": 0,
        "max": 1,
        "mean": 1,
        "median": 1,
        "min": 1,
        "var": 0
    },
    "silence_rate_30dB": {
        "dmean": 0.0422898419201,
        "dmean2": 0.0846233218908,
        "dvar": 0.040501087904,
        "dvar2": 0.0877816751599,
        "max": 1,
        "mean": 0.95876288414,
        "median": 1,
        "min": 0,
        "var": 0.0395372696221
    },
    "silence_rate_60dB": {
        "dmean": 0.00206291908398,
        "dmean2": 0.00361197115853,
        "dvar": 0.00205866922624,
        "dvar2": 0.00463086552918,
        "max": 1,
        "mean": 0.00206185574643,
        "median": 0,
        "min": 0,
        "var": 0.00205764453858
    },
    "spectral_centroid": {
        "dmean": 145.602645874,
        "dmean2": 205.613647461,
        "dvar": 104558.367188,
        "dvar2": 122915.59375,
        "max": 10962.9765625,
        "mean": 758.893188477,
        "median": 646.088500977,
        "min": 269.908172607,
        "var": 288386.34375
    },
    "spectral_complexity": {
        "dmean": 2.22279524803,
        "dmean2": 3.37667703629,
        "dvar": 6.39491415024,
        "dvar2": 12.4649028778,
        "max": 37,
        "mean": 13.2005157471,
        "median": 12,
        "min": 0,
        "var": 23.1635055542
    },
    "spectral_decrease": {
        "dmean": 3.65070196295e-09,
        "dmean2": 5.73964653583e-09,
        "dvar": 8.39186841359e-17,
        "dvar2": 2.07800515072e-16,
        "max": -7.83680394412e-29,
        "mean": -8.36386870873e-09,
        "median": -5.80558978669e-09,
        "min": -9.74079696903e-08,
        "var": 9.36011508432e-17
    },
    "spectral_energy": {
        "dmean": 0.0140906060115,
        "dmean2": 0.0221246406436,
        "dvar": 0.00123846961651,
        "dvar2": 0.00306649832055,
        "max": 0.37560865283,
        "mean": 0.0328704491258,
        "median": 0.0229227952659,
        "min": 1.07541089047e-20,
        "var": 0.00139073363971
    },
    "spectral_energyband_high": {
        "dmean": 0.000251858495176,
        "dmean2": 0.000322508480167,
        "dvar": 6.01936505973e-07,
        "dvar2": 6.95536641615e-07,
        "max": 0.0270313471556,
        "mean": 0.000562627858017,
        "median": 0.000185754834092,
        "min": 8.10231003255e-21,
        "var": 2.14752049033e-06
    },
    "spectral_energyband_low": {
        "dmean": 0.00757075380534,
        "dmean2": 0.0123784318566,
        "dvar": 0.000515338033438,
        "dvar2": 0.00133086298592,
        "max": 0.22296255827,
        "mean": 0.0103064663708,
        "median": 0.00358876422979,
        "min": 1.48092321312e-23,
        "var": 0.000480426097056
    },
    "spectral_energyband_middle_high": {
        "dmean": 0.000594707787968,
        "dmean2": 0.000874966208357,
        "dvar": 2.93941047858e-06,
        "dvar2": 8.54803693073e-06,
        "max": 0.0606173314154,
        "mean": 0.00179973104969,
        "median": 0.00112494267523,
        "min": 1.68809286693e-21,
        "var": 7.45690522308e-06
    },
    "spectral_energyband_middle_low": {
        "dmean": 0.00866888649762,
        "dmean2": 0.0134647637606,
        "dvar": 0.000523554335814,
        "dvar2": 0.0012693364406,
        "max": 0.284096628428,
        "mean": 0.022425705567,
        "median": 0.0167820081115,
        "min": 2.34883296664e-22,
        "var": 0.000633892836049
    },
    "spectral_entropy": {
        "dmean": 0.149323314428,
        "dmean2": 0.216106429696,
        "dvar": 0.0219973511994,
        "dvar2": 0.0394665561616,
        "max": 9.79657363892,
        "mean": 7.19569826126,
        "median": 7.17350530624,
        "min": 6.06183242798,
        "var": 0.134527638555
    },
    "spectral_flux": {
        "dmean": 0.0302154254168,
        "dmean2": 0.0479318201542,
        "dvar": 0.00260661984794,
        "dvar2": 0.00605292664841,
        "max": 0.51815778017,
        "mean": 0.0768407061696,
        "median": 0.0581191852689,
        "min": 1.03702019194e-10,
        "var": 0.00433392357081
    },
    "spectral_kurtosis": {
        "dmean": 1.62819206715,
        "dmean2": 2.79404616356,
        "dvar": 2.5115609169,
        "dvar2": 7.24243354797,
        "max": 16.9081192017,
        "mean": 4.06221628189,
        "median": 3.61180567741,
        "min": -1.17329835892,
        "var": 6.17794942856
    },
    "spectral_rms": {
        "dmean": 0.000935014104471,
        "dmean2": 0.0013962687226,
        "dvar": 2.69502106676e-06,
        "dvar2": 6.01751025897e-06,
        "max": 0.0191428177059,
        "mean": 0.0051874993369,
        "median": 0.00472902739421,
        "min": 3.23910689937e-12,
        "var": 5.15862757311e-06
    },
    "spectral_rolloff": {
        "dmean": 220.029129028,
        "dmean2": 353.131225586,
        "dvar": 635065.9375,
        "dvar2": 1022073.9375,
        "max": 18324.7558594,
        "mean": 739.773376465,
        "median": 495.263671875,
        "min": 107.666015625,
        "var": 1403431.25
    },
    "spectral_skewness": {
        "dmean": 0.2217464149,
        "dmean2": 0.355726063251,
        "dvar": 0.0375733114779,
        "dvar2": 0.0884900987148,
        "max": 3.09415531158,
        "mean": 1.54924654961,
        "median": 1.57609248161,
        "min": -0.284333884716,
        "var": 0.195835798979
    },
    "spectral_spread": {
        "dmean": 416902.5,
        "dmean2": 565051.1875,
        "dvar": 648264744960,
        "dvar2": 873667821568,
        "max": 40270216,
        "mean": 4522763,
        "median": 4223349.5,
        "min": 2524766.75,
        "var": 2.41809647206e+12
    },
    "spectral_strongpeak": {
        "dmean": 0.407826215029,
        "dmean2": 0.675766408443,
        "dvar": 0.392873644829,
        "dvar2": 0.883255958557,
        "max": 12.2519950867,
        "mean": 1.07014429569,
        "median": 0.852467119694,
        "min": 0,
        "var": 0.78687620163
    },
    "zerocrossingrate": {
        "dmean": 0.00765435630456,
        "dmean2": 0.00866056699306,
        "dvar": 0.000247184361797,
        "dvar2": 0.000237425017986,
        "max": 0.47314453125,
        "mean": 0.0397488623857,
        "median": 0.03271484375,
        "min": 0,
        "var": 0.00101383938454
    },
    "barkbands": {
        "dmean": [0.000165249890415, 0.00405834149569, 0.00259280693717, 0.00373412738554, 0.00300899543799, 0.00247963448055, 0.00171965837944, 0.000687687483151, 0.000559870095458, 0.000277540326351, 0.000162229698617, 0.000109630585939, 0.000154215711518, 0.000107613661385, 4.77171597595e-05, 3.32839481416e-05, 3.87975269405e-05, 4.11148830608e-05, 3.54103030986e-05, 7.08112493157e-05, 5.4725613154e-05, 6.39697027509e-05, 5.6574564951e-05, 5.8859710407e-05, 1.35991695061e-05, 1.32199593281e-05, 6.25645998298e-06],
        "dmean2": [0.000246333598625, 0.00696367537603, 0.00432724272832, 0.00588714890182, 0.00492273736745, 0.00396526278928, 0.00273426179774, 0.00107235566247, 0.000861933513079, 0.000419002841227, 0.00024788689916, 0.000175711335032, 0.000249080127105, 0.000164718061569, 7.45359357097e-05, 5.2921470342e-05, 6.28114285064e-05, 6.80752709741e-05, 5.58523061045e-05, 0.000109525753942, 7.78041721787e-05, 9.03335312614e-05, 7.7768076153e-05, 7.72430721554e-05, 1.93291616597e-05, 2.02123519557e-05, 1.04471910163e-05],
        "dvar": [2.56649883568e-07, 0.000172955304151, 6.16997931502e-05, 0.000163726625033, 4.45713594672e-05, 2.39196178882e-05, 1.54501849465e-05, 4.16876491727e-06, 2.51150277109e-06, 2.44631405621e-06, 9.4540091311e-08, 2.66437201191e-08, 1.09372535917e-07, 6.40175912281e-08, 9.17526499222e-09, 3.66335051183e-09, 3.66969277188e-09, 5.27190646693e-09, 3.56509244348e-09, 1.26259598332e-08, 2.29646204275e-08, 3.27127764876e-08, 6.74986821991e-08, 1.17034396396e-07, 1.41869715975e-09, 1.96351601645e-09, 9.02443952899e-10],
        "dvar2": [5.67446193145e-07, 0.000461937830551, 0.000166368175996, 0.000370727473637, 0.000120667660667, 6.44162137178e-05, 4.10726388509e-05, 9.56648455031e-06, 6.10421739111e-06, 7.1428157753e-06, 2.00551610874e-07, 6.52138680834e-08, 2.94518031296e-07, 1.54672889607e-07, 2.03488763617e-08, 9.5464232075e-09, 9.3881995511e-09, 1.31396333813e-08, 7.93208076999e-09, 2.80579399714e-08, 3.89859344807e-08, 5.6241695745e-08, 1.25847492427e-07, 1.91939520278e-07, 2.46667641868e-09, 4.15317735758e-09, 2.32466268457e-09],
        "max": [0.00450132088736, 0.144296735525, 0.0971763581038, 0.166479855776, 0.0826543197036, 0.065619058907, 0.0825584903359, 0.0472340770066, 0.0457917489111, 0.0503980368376, 0.00823855306953, 0.00258222408593, 0.0056638517417, 0.00427640648559, 0.00195646169595, 0.00114234047942, 0.000773731560912, 0.000964749313425, 0.00168033060618, 0.00215530302376, 0.00528249004856, 0.00534373475239, 0.00941007491201, 0.0108596673235, 0.000984906335361, 0.00101980066393, 0.000677788513713],
        "mean": [0.000157308590133, 0.00462870113552, 0.00334714865312, 0.00531152542681, 0.0058359359391, 0.00557884201407, 0.00311881396919, 0.00134773377795, 0.00112326757517, 0.000451759638963, 0.000262384186499, 0.000206331169466, 0.000285414338578, 0.000199490619707, 8.86168418219e-05, 6.20444552624e-05, 6.62124075461e-05, 8.10324199847e-05, 8.14180457382e-05, 0.000159455739777, 9.9122953543e-05, 0.000140716947499, 0.000100939942058, 9.15184427868e-05, 2.26042793656e-05, 1.60015351867e-05, 6.14321879766e-06],
        "median": [8.17177897261e-06, 0.00116013479419, 0.000922144623473, 0.00162068312056, 0.00341098080389, 0.00321807898581, 0.00154539151117, 0.000364871957572, 0.000532223901246, 0.000143988232594, 0.00013773428509, 0.000119046933833, 0.000124878599308, 6.8611552706e-05, 4.38446550106e-05, 3.2696640119e-05, 3.73739021597e-05, 4.80350427097e-05, 5.30451434315e-05, 8.79608123796e-05, 3.13288328471e-05, 4.37967937614e-05, 1.97206536541e-05, 1.17079944175e-05, 4.76191780763e-06, 1.41732937209e-06, 6.08350614328e-09],
        "min": [1.1782786201e-23, 4.20012383463e-24, 1.87161963208e-24, 8.85486742008e-24, 8.11515602024e-23, 8.58307012835e-24, 5.87262136638e-23, 4.34195006022e-23, 2.54806316458e-23, 4.53186895424e-23, 4.67133104259e-23, 6.82015375407e-23, 6.43088371396e-23, 8.82298324001e-23, 1.14687463544e-22, 6.28767011869e-23, 2.0768862331e-22, 3.40605677875e-22, 3.01849156172e-22, 4.99264740526e-22, 4.71940365817e-22, 7.92301651432e-22, 5.34887124163e-22, 9.65367131747e-22, 1.37156380448e-21, 1.72040380181e-21, 2.23264731109e-21],
        "var": [2.83092447262e-07, 0.000144595265738, 5.90222334722e-05, 0.000183758907951, 5.8786059526e-05, 4.29688370787e-05, 2.32006168517e-05, 1.65614965226e-05, 4.49331400887e-06, 4.25630105383e-06, 1.83432462109e-07, 7.14652941269e-08, 2.08667941592e-07, 1.55044773464e-07, 2.26237109047e-08, 8.38007441217e-09, 6.64559163255e-09, 1.02240695909e-08, 9.40235178604e-09, 3.6819059801e-08, 6.7368162604e-08, 1.0273972606e-07, 1.75481488895e-07, 2.32952146462e-07, 3.23570237271e-09, 2.61565880066e-09, 8.0934914326e-10]
    },
    "erbbands": {
        "dmean": [0.0802467316389, 1.04300022125, 3.11791872978, 7.04412937164, 12.4586515427, 11.1298837662, 12.4415206909, 21.5056171417, 20.2726802826, 28.2743320465, 12.4861364365, 10.9966878891, 10.4709701538, 8.28652095795, 5.41297292709, 4.34053134918, 6.0050201416, 6.91327571869, 2.79345536232, 1.74770653248, 1.98337733746, 2.29432201385, 2.05118107796, 1.9214682579, 1.91248464584, 3.29600477219, 2.5354950428, 2.20368790627, 2.32196831703, 1.77323794365, 1.70630574226, 1.56836986542, 0.698933899403, 0.176407784224, 0.0957103297114, 0.0556257776916, 0.0222862921655, 0.0134107312188, 0.000476806337247, 2.22521957767e-05],
        "dmean2": [0.148848444223, 1.75849068165, 5.09866952896, 10.8740634918, 20.4996299744, 17.8185462952, 19.7674732208, 34.7436408997, 33.4176597595, 43.0150413513, 18.7814846039, 16.8799648285, 16.0679321289, 12.8468961716, 8.16874694824, 6.91972827911, 9.39675712585, 10.6392889023, 4.27438545227, 2.68937039375, 3.11415576935, 3.73201942444, 3.35188221931, 3.08909225464, 2.92681050301, 5.04705286026, 3.84313678741, 3.14241886139, 3.26450133324, 2.51325345039, 2.31601595879, 1.98814737797, 0.983061373234, 0.243135288358, 0.141112983227, 0.0837288275361, 0.0337869338691, 0.0219557732344, 0.000793907791376, 3.4185792174e-05],
        "dvar": [0.0747885555029, 11.0668697357, 89.9185333252, 511.911865234, 1819.14086914, 313.808624268, 483.471710205, 2201.31762695, 3900.22949219, 3011.1015625, 1468.64099121, 853.305114746, 1393.54663086, 4788.0625, 76.2223434448, 41.6267127991, 132.305221558, 244.028594971, 37.2359046936, 9.55546283722, 13.5482530594, 12.7451953888, 13.8461303711, 9.80336666107, 9.62329483032, 27.0873680115, 35.3984375, 44.2739219666, 39.854927063, 26.3957366943, 74.7632827759, 130.144287109, 8.2560043335, 0.359190285206, 0.064142793417, 0.0277381371707, 0.00610827282071, 0.00350295146927, 5.46725004824e-06, 3.10286307759e-09],
        "dvar2": [0.221544384956, 28.9459590912, 232.97807312, 1160.3684082, 4574.43359375, 905.136230469, 1232.24365234, 6048.89111328, 10572.0859375, 6899.29882812, 3155.04736328, 2138.67016602, 3323.37329102, 14780.2431641, 177.164077759, 104.604095459, 348.159515381, 618.507995605, 81.1075363159, 18.9871940613, 35.0253486633, 33.0049552917, 37.0684013367, 23.227771759, 20.4123535156, 58.8012161255, 78.1222076416, 69.4072952271, 64.3092269897, 54.69921875, 124.971878052, 223.840118408, 14.92507267, 0.520117223263, 0.137050688267, 0.0564176291227, 0.0135742137209, 0.00881572626531, 1.40515248859e-05, 7.62851826153e-09],
        "max": [2.59034800529, 36.966091156, 104.676277161, 304.654876709, 518.010131836, 182.580108643, 281.654327393, 684.267700195, 1344.62609863, 1189.93066406, 962.311157227, 739.714233398, 1240.11621094, 2376.06420898, 198.257141113, 100.776367188, 212.34588623, 236.890274048, 152.558227539, 99.4706039429, 77.2953643799, 40.5541725159, 52.7852210999, 50.8407821655, 92.0211868286, 125.460487366, 172.772354126, 195.735839844, 192.822906494, 124.953094482, 312.933197021, 423.266662598, 95.0401382446, 16.4669418335, 5.09504270554, 3.75959324837, 1.59590709209, 1.30418944359, 0.0534748882055, 0.000868795264978],
        "mean": [0.0687090978026, 1.25003647804, 4.04288625717, 10.690112114, 17.6628093719, 23.7671470642, 30.6014080048, 45.6785774231, 32.7768783569, 57.4276351929, 27.2834892273, 22.3744487762, 21.1885375977, 14.1691455841, 10.03972435, 8.99299812317, 12.5737295151, 13.9438486099, 5.37242698669, 3.49898481369, 4.09329175949, 4.17389631271, 4.14153623581, 4.47204113007, 4.8191576004, 7.42892789841, 4.85309839249, 4.19711875916, 5.01871204376, 3.61051893234, 3.07743620872, 2.45771336555, 1.07839751244, 0.3037340343, 0.144110754132, 0.0779343545437, 0.024377644062, 0.0136980190873, 0.000469656835776, 4.61681411252e-05],
        "median": [0.012524927035, 0.345439106226, 1.22522711754, 3.87925624847, 7.41318798065, 13.3339099884, 16.8177909851, 24.3618888855, 13.339881897, 26.2071418762, 7.8228392601, 11.0308008194, 9.84354019165, 5.08823204041, 5.85083246231, 5.32508563995, 5.87026596069, 5.28759384155, 2.30136108398, 1.95769119263, 2.29830408096, 2.47659516335, 2.43725013733, 2.89080524445, 3.11622571945, 4.0980014801, 1.91835331917, 1.27228271961, 1.55282568932, 0.976897120476, 0.581695079803, 0.334616422653, 0.131346985698, 0.0606917142868, 0.0284168720245, 0.0111920051277, 0.00151195609942, 0.000111712142825, 1.91489798453e-05, 2.85104360955e-05],
        "min": [1.08582235496e-22, 1.10669546305e-21, 2.6483623164e-21, 2.20157383517e-20, 1.34187552489e-19, 3.56023834769e-19, 1.17157105673e-19, 5.51833641631e-20, 3.19854070015e-19, 1.30152857559e-18, 1.14364099316e-18, 5.43619479655e-19, 7.71219362572e-19, 2.10425648847e-18, 2.02556576282e-18, 2.6182539066e-18, 2.31993845652e-18, 3.78535260456e-18, 5.7053326913e-18, 5.86012299932e-18, 5.38873262056e-18, 9.81383705063e-18, 1.56107642783e-17, 2.01609921838e-17, 1.6213783908e-17, 2.25004607881e-17, 1.72601839265e-17, 1.88490605712e-17, 3.29938986767e-17, 1.83404172864e-17, 1.56898923757e-17, 2.48336957594e-17, 1.1303915243e-17, 1.61924227958e-17, 9.27888115052e-18, 5.57067968169e-18, 3.16925442226e-18, 1.25197290888e-18, 3.2118035073e-19, 3.37940826473e-20],
        "var": [0.0484893135726, 9.64539909363, 82.1920700073, 597.781921387, 1741.02185059, 725.850036621, 1370.03613281, 3567.13720703, 3966.80688477, 9516.91992188, 6924.046875, 1366.78613281, 2529.25561523, 6450.43554688, 176.894607544, 122.522109985, 336.297943115, 632.673522949, 100.091125488, 26.2313079834, 34.8355712891, 23.3671627045, 25.9339923859, 25.2672252655, 30.3786048889, 84.0608062744, 85.555305481, 135.289657593, 132.645843506, 75.9359283447, 207.117660522, 247.112075806, 17.2997589111, 0.869702517986, 0.109890125692, 0.0415521599352, 0.00760460691527, 0.00337745761499, 4.78039009977e-06, 3.51238083063e-09]
    },
    "gfcc": {
        "mean": [-16.7979316711, 119.698989868, -104.535888672, 38.4118309021, -77.4482574463, 0.7015016675, -36.1137580872, -3.64091587067, -25.3093013763, -1.08289217949, -11.0128154755, -5.68040132523, -11.404709816],
        "cov": [[3360.04199219, -882.393371582, 457.580169678, -83.5413818359, 48.2300682068, 248.546218872, -69.2032012939, 51.3284721375, -73.9574890137, 189.974365234, -153.205047607, 172.368347168, -268.868652344], [-882.393371582, 1054.55432129, -452.900634766, 33.5742301941, 91.0179138184, -176.547073364, 94.3424224854, -42.9427185059, 39.5778198242, -102.968383789, 145.764022827, -137.922424316, 131.978256226], [457.580169678, -452.900634766, 686.536437988, 80.7360458374, 128.395462036, 89.4323959351, -72.6436233521, 73.2795715332, -39.8795318604, 57.4156455994, -73.9208450317, 130.422576904, -28.8705406189], [-83.5413818359, 33.5742301941, 80.7360458374, 307.994171143, 30.8895759583, -0.997985184193, 16.1715145111, -7.04841184616, 28.1568565369, -54.8433456421, -16.7260036469, -8.81985855103, 79.1559677124], [48.2300682068, 91.0179138184, 128.395462036, 30.8895759583, 226.457611084, 1.29852545261, 6.58599710464, 30.1438407898, -12.9823703766, 4.75150918961, -4.58519554138, 33.5469741821, 26.8366661072], [248.546218872, -176.547073364, 89.4323959351, -0.997985184193, 1.29852545261, 186.480514526, 62.0435447693, 27.1241130829, 0.620220959187, 30.1989421844, -18.8502616882, 17.9133071899, -43.5309486389], [-69.2032012939, 94.3424224854, -72.6436233521, 16.1715145111, 6.58599710464, 62.0435447693, 155.881835938, 19.7389202118, 39.019947052, -4.60483789444, 20.2218055725, -30.8373966217, -26.67345047], [51.3284721375, -42.9427185059, 73.2795715332, -7.04841184616, 30.1438407898, 27.1241130829, 19.7389202118, 83.5746383667, 10.55585289, 25.4055576324, -10.4228391647, 21.593006134, -5.15748977661], [-73.9574890137, 39.5778198242, -39.8795318604, 28.1568565369, -12.9823703766, 0.620220959187, 39.019947052, 10.55585289, 129.808486938, 0.172099038959, 7.57084178925, -24.3352069855, 3.57432126999], [189.974365234, -102.968383789, 57.4156455994, -54.8433456421, 4.75150918961, 30.1989421844, -4.60483789444, 25.4055576324, 0.172099038959, 91.8996276855, 3.40473604202, 21.6404953003, -43.063117981], [-153.205047607, 145.764022827, -73.9208450317, -16.7260036469, -4.58519554138, -18.8502616882, 20.2218055725, -10.4228391647, 7.57084178925, 3.40473604202, 78.5231018066, -3.43006587029, 14.4221477509], [172.368347168, -137.922424316, 130.422576904, -8.81985855103, 33.5469741821, 17.9133071899, -30.8373966217, 21.593006134, -24.3352069855, 21.6404953003, -3.43006587029, 91.9364089966, 12.9618349075], [-268.868652344, 131.978256226, -28.8705406189, 79.1559677124, 26.8366661072, -43.5309486389, -26.67345047, -5.15748977661, 3.57432126999, -43.063117981, 14.4221477509, 12.9618349075, 132.615951538]],
        "icov": [[0.000495969608892, 4.22155899287e-05, 0.000125711449073, -0.00022555195028, -0.000157188551384, -0.000358473480446, 0.000296661921311, 0.000196393812075, 9.04214812181e-06, -0.000459658884211, 0.000614658812992, -0.000890246359631, 0.00097763328813], [4.22155899287e-05, 0.00345393363386, 0.000982124591246, 0.000239445173065, -0.00230179191567, 0.00177383341361, -0.00124021258671, -0.000669079832733, 0.000451777741546, 0.00126909185201, -0.00438982294872, 0.00390844978392, -0.00201294757426], [0.000125711449073, 0.000982124591246, 0.00343752210028, -0.00135702919215, -0.00183734495658, -0.000534728285857, 0.00138761615381, -0.00144937308505, 0.000162687967531, -0.000196803259314, 0.000222186878091, -0.00228626327589, 0.0013858252205], [-0.00022555195028, 0.000239445173065, -0.00135702919215, 0.00511098233983, -1.54271820065e-05, 0.000207065124414, -0.00160463398788, 0.000943128950894, -0.000803323811851, 0.00183964369353, 0.000329192902427, 0.00231954804622, -0.0039001237601], [-0.000157188551384, -0.00230179191567, -0.00183734495658, -1.54271820065e-05, 0.00706363609061, -0.000222784539801, -0.000764952157624, -0.000509178964421, 0.000374122959329, -0.000970275024883, 0.0026900160592, -0.00273389113136, -0.000445443525678], [-0.000358473480446, 0.00177383341361, -0.000534728285857, 0.000207065124414, -0.000222784539801, 0.00924265105277, -0.00517356721684, -0.000465556659037, 0.000887416885234, -0.000716863200068, -0.000788482779171, 0.00128240184858, -0.00100808998104], [0.000296661921311, -0.00124021258671, 0.00138761615381, -0.00160463398788, -0.000764952157624, -0.00517356721684, 0.0122247999534, -0.00325269927271, -0.00218882923946, 0.0017201458104, -0.00175267853774, -0.000100260942418, 0.00470243161544], [0.000196393812075, -0.000669079832733, -0.00144937308505, 0.000943128950894, -0.000509178964421, -0.000465556659037, -0.00325269927271, 0.0166261401027, -0.00149553630035, -0.00434316322207, 0.00381769519299, -0.00298346113414, -0.00136541808024], [9.04214812181e-06, 0.000451777741546, 0.000162687967531, -0.000803323811851, 0.000374122959329, 0.000887416885234, -0.00218882923946, -0.00149553630035, 0.00914109311998, -0.00111593306065, -0.000788279809058, 0.00244904099964, -0.000961573794484], [-0.000459658884211, 0.00126909185201, -0.000196803259314, 0.00183964369353, -0.000970275024883, -0.000716863200068, 0.0017201458104, -0.00434316322207, -0.00111593306065, 0.0176847819239, -0.00552429910749, 0.00020295009017, 0.00315593159758], [0.000614658812992, -0.00438982294872, 0.000222186878091, 0.000329192902427, 0.0026900160592, -0.000788482779171, -0.00175267853774, 0.00381769519299, -0.000788279809058, -0.00552429910749, 0.0230453368276, -0.00852555967867, 0.00101400795393], [-0.000890246359631, 0.00390844978392, -0.00228626327589, 0.00231954804622, -0.00273389113136, 0.00128240184858, -0.000100260942418, -0.00298346113414, 0.00244904099964, 0.00020295009017, -0.00852555967867, 0.0247328616679, -0.00822910480201], [0.00097763328813, -0.00201294757426, 0.0013858252205, -0.0039001237601, -0.000445443525678, -0.00100808998104, 0.00470243161544, -0.00136541808024, -0.000961573794484, 0.00315593159758, 0.00101400795393, -0.00822910480201, 0.0165522191674]]
    },
    "melbands": {
        "dmean": [0.000927689485252, 0.0015603514621, 0.00148225249723, 0.000756786845159, 0.000433604844147, 0.000486555509269, 0.000318125763442, 0.000272125034826, 9.54621937126e-05, 7.30622632545e-05, 5.32386402483e-05, 3.54181538569e-05, 2.35532206716e-05, 1.06353154479e-05, 1.27606344904e-05, 1.67381676874e-05, 1.2382712157e-05, 5.03689079778e-06, 2.46623653766e-06, 2.07655898521e-06, 2.52193672168e-06, 2.74795684163e-06, 1.96378778128e-06, 2.11112183024e-06, 1.71307397068e-06, 1.27151940887e-06, 1.92287370737e-06, 2.41005409407e-06, 1.88841977433e-06, 1.23549557429e-06, 1.41551765864e-06, 1.44853015627e-06, 1.25011388263e-06, 9.3789458333e-07, 1.10395387765e-06, 1.03335651147e-06, 1.0013783367e-06, 6.68714392305e-07, 2.21586503812e-07, 1.3071908711e-07],
        "dmean2": [0.001654556836, 0.00257072178647, 0.00232545356266, 0.001229691552, 0.000691352761351, 0.000782060262281, 0.000520444998983, 0.000417420087615, 0.000143710989505, 0.000112467423605, 8.18430853542e-05, 5.46404808119e-05, 3.59227778972e-05, 1.68496862898e-05, 2.01633065444e-05, 2.64477366727e-05, 1.89792972378e-05, 7.75490661908e-06, 3.84728491554e-06, 3.1952063182e-06, 4.01451370635e-06, 4.47943375548e-06, 3.20612775795e-06, 3.50333766619e-06, 2.77399908555e-06, 1.99185160454e-06, 3.00109149975e-06, 3.72117051484e-06, 2.96456846627e-06, 1.78081518243e-06, 2.07689117815e-06, 2.08108940569e-06, 1.79698417924e-06, 1.37522715704e-06, 1.64036453043e-06, 1.36909966386e-06, 1.33756850573e-06, 9.97576535156e-07, 3.04471512891e-07, 1.88645657317e-07],
        "dvar": [9.48203978623e-06, 2.38612919929e-05, 2.36133037106e-05, 3.5611117255e-06, 4.42175377202e-07, 1.09770348899e-06, 8.22102208531e-07, 3.04074973201e-07, 8.02735584671e-08, 4.20120045419e-08, 3.55877531888e-08, 8.44666203648e-08, 1.62480640054e-09, 2.60895027804e-10, 4.40612490937e-10, 1.27265409322e-09, 8.55676751677e-10, 1.29242949676e-10, 2.36890559252e-11, 1.1829820977e-11, 2.22322611709e-11, 1.65725905221e-11, 1.35280935759e-11, 1.32264043468e-11, 7.46928647405e-12, 7.807744902e-12, 7.83459842141e-12, 1.53603935127e-11, 1.86400877372e-11, 1.17017263934e-11, 1.9580089286e-11, 1.52128309949e-11, 1.10828967531e-11, 7.63903610507e-12, 2.7505518696e-11, 5.73542879856e-11, 4.75663987365e-11, 7.77384753792e-12, 9.53636909024e-13, 1.53614805338e-13],
        "dvar2": [2.65703311015e-05, 6.14913660684e-05, 5.49231190234e-05, 9.26392749534e-06, 1.15097202524e-06, 2.9992729651e-06, 2.22973380914e-06, 6.85735869865e-07, 1.73824361127e-07, 1.04076150365e-07, 8.29743171948e-08, 2.59699191929e-07, 3.59911433989e-09, 6.19142459524e-10, 1.14070541901e-09, 3.3659519616e-09, 2.07463113355e-09, 2.78398165632e-10, 5.00300044448e-11, 2.64795824156e-11, 5.85878359716e-11, 4.31497303166e-11, 3.57116315686e-11, 3.44144920894e-11, 1.82292150125e-11, 1.70968308955e-11, 1.73735071468e-11, 3.42700971767e-11, 4.51974568882e-11, 2.03954683003e-11, 3.3606509936e-11, 2.60107022726e-11, 1.96559955812e-11, 1.79471836698e-11, 6.67461572124e-11, 8.9887625121e-11, 8.20733828122e-11, 1.81300096463e-11, 1.56372408511e-12, 2.57405831676e-13],
        "max": [0.0322986729443, 0.0497700124979, 0.063835605979, 0.0241291057318, 0.00909168180078, 0.0146238328889, 0.0195546280593, 0.0135517269373, 0.00725798401982, 0.00504703028128, 0.00615814654157, 0.00992884486914, 0.000869505805895, 0.000373267685063, 0.00035710359225, 0.00059258606052, 0.000472293701023, 0.000291380449198, 0.000106925945147, 8.16399042378e-05, 8.97990175872e-05, 4.39284485765e-05, 5.19911409356e-05, 5.21540605405e-05, 4.63875512651e-05, 9.81289413176e-05, 5.28768614458e-05, 8.18334956421e-05, 9.5175455499e-05, 0.000120303724543, 0.000116266579425, 0.000105404302303, 0.000100680452306, 6.83685866534e-05, 0.000159602510394, 0.000310358969728, 0.000229787066928, 8.68682182045e-05, 3.08286944346e-05, 1.07594605652e-05],
        "mean": [0.000964804610703, 0.00203053886071, 0.00219599460252, 0.00141297432128, 0.00111854099669, 0.00104270677548, 0.000535300991032, 0.000555224483833, 0.000194168736925, 0.000146434977069, 0.000104681304947, 5.76593229198e-05, 3.96162795369e-05, 1.98769630515e-05, 2.56591447396e-05, 3.16906480293e-05, 2.37587919401e-05, 8.60176442075e-06, 4.63827154817e-06, 3.85865405406e-06, 4.92606477565e-06, 4.56266479887e-06, 3.27812085743e-06, 4.1122489165e-06, 3.59282216778e-06, 2.76478272099e-06, 4.59990042145e-06, 5.01526392327e-06, 3.41154350281e-06, 2.12878444472e-06, 2.56049474956e-06, 2.91614742309e-06, 2.63041602011e-06, 1.67592588696e-06, 1.75739046426e-06, 1.65357982951e-06, 1.50387472786e-06, 9.32921523145e-07, 3.43730107488e-07, 2.11056558896e-07],
        "median": [0.000227989861742, 0.000625154701993, 0.000829962140415, 0.000826003553811, 0.000694978516549, 0.00058495416306, 0.000240440465859, 0.00024359227973, 4.13377674704e-05, 6.87665160513e-05, 4.70262093586e-05, 1.82147778105e-05, 2.16159005504e-05, 1.13028909254e-05, 1.34831952892e-05, 1.3300747014e-05, 8.02562681201e-06, 3.42172052115e-06, 2.36505661633e-06, 2.04684101845e-06, 2.6759598768e-06, 2.57914689428e-06, 1.5273126337e-06, 2.39565588345e-06, 2.2625163183e-06, 1.73859461938e-06, 2.671117727e-06, 2.5523468139e-06, 1.28356964524e-06, 6.16854663349e-07, 7.80392042543e-07, 8.81077198756e-07, 7.3930959843e-07, 3.92076373146e-07, 3.20480893379e-07, 2.48849119089e-07, 1.80460375532e-07, 1.00818937199e-07, 5.12633775429e-08, 4.32466116251e-08],
        "min": [1.55241318045e-24, 1.28435025764e-24, 4.60444463084e-24, 2.10803402729e-23, 5.79316492942e-24, 1.15096502123e-24, 7.02532700919e-24, 1.35688098889e-23, 9.22172245088e-24, 2.75802949911e-24, 3.71481857789e-24, 8.24639928236e-24, 6.58471348374e-24, 8.62007717113e-24, 3.68409520664e-24, 7.13711412149e-24, 6.68749259336e-24, 9.35953171786e-24, 9.06070884038e-24, 5.9406132878e-24, 6.88947017295e-24, 1.04209913975e-23, 9.21130396491e-24, 2.05665804089e-23, 1.61679140895e-23, 1.21254839443e-23, 1.72359528691e-23, 1.27553396788e-23, 1.17771158688e-23, 8.21098179429e-24, 1.22920535021e-23, 1.72342315746e-23, 1.81452144588e-23, 8.46119348507e-24, 7.89476847816e-24, 1.08243273009e-23, 1.7716388093e-23, 6.82401917251e-24, 8.05359063307e-24, 1.65455575821e-23],
        "var": [7.13586905476e-06, 2.15073832806e-05, 2.60244087258e-05, 4.21089180236e-06, 1.38931784477e-06, 1.73914145307e-06, 8.84471432983e-07, 9.71275539996e-07, 3.5182222291e-07, 6.93960586773e-08, 6.49620446325e-08, 1.20938224768e-07, 3.34177174821e-09, 6.81855016893e-10, 1.23299048749e-09, 2.76374922947e-09, 2.16384554719e-09, 3.28295501895e-10, 5.14566583787e-11, 2.8991335374e-11, 5.32628559313e-11, 2.89956877952e-11, 2.38442598999e-11, 2.82092231518e-11, 1.84435938744e-11, 1.51857346142e-11, 2.91897200855e-11, 4.47522886804e-11, 4.0421686831e-11, 3.33884413173e-11, 5.42921471669e-11, 4.62090470055e-11, 3.54442343531e-11, 1.82341208105e-11, 5.49132406213e-11, 1.26546259582e-10, 8.49591161312e-11, 1.2445547197e-11, 1.8662452226e-12, 3.46214268192e-13]
    },
    "mfcc": {
        "mean": [-659.049255371, 141.087677002, 21.4415645599, 33.116153717, -13.7271242142, 3.87924981117, -5.91477632523, -3.23357772827, -12.3798294067, -1.00378215313, -3.29295229912, -1.37989556789, -3.22930717468],
        "cov": [[2225.52197266, -526.374694824, 190.011016846, -165.157562256, 62.286857605, 162.721969604, 4.05027914047, 37.0619277954, -32.4360351562, 59.0480232239, 80.1335449219, 26.2199516296, -39.798210144], [-526.374694824, 829.777160645, -341.812713623, 71.502494812, -15.6379508972, -92.5829696655, 55.5611457825, -22.1534137726, -46.6277236938, -19.4100131989, 59.7313842773, -24.8993549347, 57.3870811462], [190.011016846, -341.812713623, 451.8621521, 31.7550735474, 112.109802246, 47.5786170959, 9.45647525787, 30.4196815491, 56.3414649963, -0.793971776962, -60.0552787781, 41.3220062256, -0.570863246918], [-165.157562256, 71.502494812, 31.7550735474, 291.395568848, 85.5642471313, -11.1288728714, -1.38365197182, 3.52763557434, 52.4070320129, -33.2278404236, -58.2470474243, -0.631976187229, 5.66837835312], [62.286857605, -15.6379508972, 112.109802246, 85.5642471313, 210.391845703, 6.65281867981, 13.1098880768, -0.236271500587, 50.3006858826, -17.5311355591, -68.7602767944, 13.1945734024, 5.47772216797], [162.721969604, -92.5829696655, 47.5786170959, -11.1288728714, 6.65281867981, 124.037895203, 34.8553924561, 38.9885864258, 19.795463562, 30.210603714, 18.05626297, 6.94706439972, -10.9401912689], [4.05027914047, 55.5611457825, 9.45647525787, -1.38365197182, 13.1098880768, 34.8553924561, 133.493988037, 30.9864616394, 3.40278911591, -14.5858039856, 21.5223751068, 0.369945079088, 1.54267978668], [37.0619277954, -22.1534137726, 30.4196815491, 3.52763557434, -0.236271500587, 38.9885864258, 30.9864616394, 97.5716094971, 28.6862106323, 25.4381046295, 8.38607215881, 4.03311872482, 6.12929677963], [-32.4360351562, -46.6277236938, 56.3414649963, 52.4070320129, 50.3006858826, 19.795463562, 3.40278911591, 28.6862106323, 110.949691772, 15.9160556793, -28.2696361542, 3.85773897171, 4.29365444183], [59.0480232239, -19.4100131989, -0.793971776962, -33.2278404236, -17.5311355591, 30.210603714, -14.5858039856, 25.4381046295, 15.9160556793, 113.807975769, 36.118637085, 4.7434053421, 2.5467031002], [80.1335449219, 59.7313842773, -60.0552787781, -58.2470474243, -68.7602767944, 18.05626297, 21.5223751068, 8.38607215881, -28.2696361542, 36.118637085, 129.168243408, 3.9631588459, -1.18902921677], [26.2199516296, -24.8993549347, 41.3220062256, -0.631976187229, 13.1945734024, 6.94706439972, 0.369945079088, 4.03311872482, 3.85773897171, 4.7434053421, 3.9631588459, 65.1898803711, 17.1507472992], [-39.798210144, 57.3870811462, -0.570863246918, 5.66837835312, 5.47772216797, -10.9401912689, 1.54267978668, 6.12929677963, 4.29365444183, 2.5467031002, -1.18902921677, 17.1507472992, 65.2970275879]],
